0,1,2,3,4,5,6,7,8,9,10,11,12,13,14,15,16,17,18,19,20,21,22,23,24,25,26,27,28,29,30,31,32,33,34,35,36,37,38,39,40,41,42,43,44,45,46,47,48,49,50,51,52,53,54,55,56,57,58,59,60,61,62,63,64,65,66,67,68,69,70,71,72,73,74,75,76,77,78,79,80,81,82,83,84,85,86,87,88,89,90,91,92,93,94,95,96,97,98,99,100,101,102,103,104,105,106,107,108,109,110,111,112,113,114,115,116,117,118,119,120,121,122,123,124,125,126,127,128,129,130,131,132,133,134,135,136,137,138,139,140,141,142,143,144,145,146,147,148,149,150,151,152,153,154,155,156,157,158,159,160,161,162,163
0.0,0.8192409282970571,0.7617302748103786,0.8239233434127183,0.7997185742783061,0.8449276552244863,0.8665784662322971,0.7948296087653333,0.8518763715406723,0.7635212972709257,0.8691447080776589,0.7776568527698074,0.9362064376105256,0.8407344264080227,0.8491400950728812,0.8535158465581563,0.8791149882293852,0.9362398591858918,0.7701339417827574,0.9322816939729917,0.855265969055075,0.8429747888489486,0.8276781740708709,0.8714296057605092,0.8810914852176057,0.84012963318197,0.7973758385027694,0.8764475297580293,0.7043491043472964,0.7720849903689001,0.8568866206669415,0.8745420422786437,0.787105970893728,0.8901784598339266,0.9310437593700716,0.7510775947018842,0.9447117340153552,0.8201559097505086,0.7358690539442688,0.8596433554582991,0.7008851426956225,0.8954648520553637,0.8443415027565355,0.8683835590405716,0.8888925483439848,0.8864797007176255,0.7904539891552917,0.8461797402778699,0.897208740936882,0.8225973572942564,0.8711396898054491,0.8656552641063043,0.7941963850271135,0.8137966651816753,0.788315387162024,0.8549748428393246,0.9102268440326576,0.7886042735225227,0.8198158556175836,0.8359994270819645,0.8416396537362468,0.726467798512648,0.833706261376667,0.728604837080477,0.851392449986454,0.8867268263060754,0.9093341174163487,0.8979339573340445,0.7974614200595203,0.8521129607431578,0.9185964491239085,0.8450924898023882,0.8493861106602104,0.8942452538983267,0.8231723538773912,0.9069381821694544,0.8567298448251466,0.8275284807325632,0.7948731508577614,0.7526384178216982,0.7848365360481768,0.8869658928200642,0.8296088677714223,0.7739190624014098,0.8702412063369461,0.8345445364832342,0.8698373956626296,0.8207343290864916,0.8910863677232358,0.8210678355455804,0.8598748372912648,0.8447097039065629,0.7929958380614512,0.8833650404507136,0.8692382787206442,0.8021333214235091,0.7175352127425941,0.8272657926890999,0.7342990851663698,0.8915380792439874,0.8270225876189894,0.7800626017468989,0.7628709992325757,0.6908687335086613,0.8445245955203954,0.8739213380172408,0.7878014262567362,0.8593876034735587,0.8287923588235769,0.8830820363097918,0.8886789501304408,0.8319443330038041,0.9030952432648552,0.8072397836361159,0.8598024703762287,0.8790000822429961,0.8932332382897383,0.7957288691792074,0.7986408092216519,0.8096066918645866,0.8468196841768654,0.7056412050414346,0.8960825226697168,0.9070689383927203,0.8287697185579397,0.7641506476484022,0.748119173466033,0.8256144945653713,0.7609088456550486,0.8165502132490671,0.7799519281607744,0.7967619420098577,0.8094339071897534,0.8231758625476502,0.8195629486956488,0.8194620871493002,0.8248352769971808,0.8523105839240377,0.8121049026564339,0.7696783753058906,0.7845932926486092,0.8285039947637772,0.8974323835478638,0.7416847357174855,0.8657560241672811,0.846230051931162,0.8011997935040506,0.7521122201680478,0.7805462770961678,0.5988695407096198,0.9145163872834066,0.7410029621227476,0.8169555861735864,0.7656552002388421,0.8006318932883736,0.9136025546824725,0.8796741070401581,0.8665686805561205,0.843481076971142,0.853676080494759,0.7686631521740848,0.8882868214726856,0.8437607497036903,0.9288362022431703
0.8192409282970571,0.0,0.8941996816436973,0.8104874565711122,0.781432971558199,0.9031325388010554,0.8115935391267903,0.8600479351540665,0.7937695858783687,0.9202087106463235,0.8852654763601193,0.9181438426942848,0.8694395056843724,0.7772012294911979,0.8817436331035207,0.8841830030779363,0.8740215343132796,0.811198017549578,0.8330198140958697,0.8838814436014207,0.8777016989003349,0.9352185366930378,0.7955240548412648,0.9077997151352194,0.9186735375634355,0.7249342485645344,0.811514443156801,0.8324337508170301,0.8967432397805863,0.7747870949994681,0.893754990926242,0.8275277654665869,0.8694975047800989,0.8193442044938329,0.8517071110601201,0.8130968850773388,0.8473707961008702,0.8479993083511332,0.8506672706431404,0.8265904408516862,0.8527642499409172,0.8467985201004846,0.7653776057432623,0.8504278259525583,0.8836826000776805,0.8163873767006873,0.7641285461715672,0.8460226111413715,0.8230215680817508,0.762377616046052,0.7660610337270656,0.7908822098204894,0.791354081929609,0.8906155927975915,0.8400712251350254,0.8344939824416976,0.7998604075724991,0.8519305343702858,0.75680813581309,0.8104802407238525,0.8503442888039607,0.6482036213784834,0.7492334025044396,0.7408549165093428,0.7054500909028726,0.727054609710791,0.7876575718129655,0.7802995966064682,0.7485275362538847,0.8272362786137634,0.7764212788102565,0.7625297591674426,0.6823931093031308,0.8227012488283676,0.8907855182386819,0.7704210926038944,0.7668191168570037,0.8596297610893373,0.7648788770846658,0.6766197566257883,0.8276165028485682,0.7622527613233946,0.8988150818837893,0.8156851214549227,0.712201771086382,0.910092154976328,0.7615314512854806,0.6814168453379005,0.8328647418145257,0.8350268103946458,0.7409918928499957,0.8076438716318004,0.8354693910211947,0.7580046956069634,0.7350670119556433,0.9253308350763026,0.7457559914303665,0.8679436646083757,0.6461638808337802,0.7916430324825346,0.8195398089699961,0.7377489733714488,0.6491009068118192,0.858361042333665,0.735021650668037,0.8200460342024793,0.7848440214940721,0.9426979734970816,0.8383314270846305,0.9266229513620583,0.8385868498834362,0.6939081165592179,0.7485317437990732,0.8180372719358687,0.7683052007057818,0.8490832314483953,0.8558483000979766,0.8274920484238919,0.8181177469679973,0.7402189621670028,0.7682702397048911,0.66740618258384,0.7727642432295435,0.8708609959346633,0.7139370454629669,0.9174021251075186,0.6519154173255993,0.8719739829213307,0.9018982721563163,0.8022504258527828,0.8551348572139196,0.8095945924974867,0.7082407528994281,0.7713836371177423,0.8775985867609352,0.7758592278690682,0.8880244828993484,0.8223431944761588,0.8939468367318399,0.8187560308070188,0.8312824328247518,0.8297314523717237,0.8231903389486152,0.7590054057883493,0.8913887460079868,0.7085224409574777,0.863955486582909,0.8961721576477865,0.9268770622848731,0.7239169322331737,0.7736943468056474,0.8527933241241852,0.8439513478903695,0.8383207295981913,0.923804730192739,0.850501231264594,0.8301934685293666,0.8996892531360781,0.7906432098450579,0.6892328666142931,0.8360639560204052,0.7850866804470782,0.9301310119142893,0.800517681534016
0.7617302748103786,0.8941996816436973,0.0,0.7768297128231992,0.8271660276620422,0.8743365254529901,0.7739968847549469,0.8464350472917018,0.7138164873793504,0.9207071441676218,0.8653574364264134,0.8553908225156603,0.853444784019949,0.7576248076668911,0.8358364563907339,0.9047805727920931,0.8720118969988613,0.7899256481874775,0.7569162218697342,0.8114022708212166,0.9156755542078732,0.95600711482648,0.726926439412927,0.827966539301452,0.870422439666678,0.7676208980793979,0.7508203506288167,0.744071333688264,0.8617743855153499,0.7144127710933539,0.8060420030991934,0.8369613109445179,0.8156986356065903,0.7446999247554906,0.775069548805965,0.851160763971737,0.8207890205000659,0.8341889214861042,0.805755394239906,0.7888680175589559,0.8151986625507072,0.8344106271496514,0.8380657154939332,0.8368177676342504,0.8643691297843097,0.7880607156291265,0.8046528480448588,0.871213158089889,0.7786799505122219,0.8090863321144831,0.7890637834074087,0.7930923931941072,0.7337819370649453,0.8944359162731234,0.848665418490826,0.7651356562892758,0.7510073430882498,0.868490720587068,0.782256225033677,0.7646489512707411,0.8333096643016698,0.6915002067653966,0.8186867133023361,0.7820370450801865,0.7189271862454296,0.7405392980783219,0.7696649483247243,0.8279004985667675,0.844545510603364,0.8229957155089163,0.8043669135498929,0.717976692780656,0.7041169314105552,0.8519328755087877,0.870465921483558,0.6760837951493736,0.7948618565411539,0.8547716573751241,0.7287013589749186,0.6130452623522149,0.8391771744328866,0.7584206150031702,0.8244198249786607,0.7879952331610789,0.7181844158184925,0.8311024542355829,0.7612985428935157,0.7093414430893031,0.7554945410878705,0.7274564303979271,0.7767774575070162,0.762318642326947,0.8298281422607716,0.6715897442102213,0.7420910434318427,0.8870984980293524,0.7701763139389063,0.8341760052349344,0.640210798632843,0.7576776071829496,0.7296625677313352,0.80597667017876,0.6898211141126797,0.8543001850080069,0.7488222514220233,0.8412576566935259,0.8451622642479938,0.8676117796413604,0.8285299279585724,0.8711647385392541,0.8149299416795805,0.7216568123659529,0.7522703431070104,0.7742770925671145,0.723208561521861,0.7611026056972636,0.7467299912587765,0.8385877034704029,0.8787126664295329,0.6990322111655547,0.7549651752725284,0.6974853776303568,0.7236052401542221,0.7962345995727889,0.641398894040648,0.8718741323033723,0.6902524699807677,0.8590647329836734,0.9078946358065586,0.827438515559977,0.7763617679893916,0.896602045869222,0.6371580779294709,0.675151990503099,0.8653068359108135,0.7672049206943726,0.778804120963817,0.7789875348107889,0.8803885763358275,0.7669954494932731,0.7880877314956303,0.8466878408475813,0.7722315557802001,0.8373822618119272,0.877492255083876,0.7351725799770987,0.8404377061133476,0.8580223927690768,0.9274687968210683,0.7097641073752302,0.7033372321684871,0.7499031175723267,0.8160747756463029,0.8822910538325954,0.8870753960063235,0.8067870273874134,0.730828260321774,0.8532389179911295,0.6973387887758139,0.6699568017953866,0.8627868684777216,0.6681805841218139,0.8951628147904784,0.7256911524606788
0.8239233434127183,0.8104874565711122,0.7768297128231992,0.0,0.7825177931502625,0.7880717845918511,0.8711987869402662,0.8025891715792475,0.697267196588891,0.769442934455909,0.856499192350506,0.7906032147245596,0.8448587137075141,0.8027613783884547,0.8861678409150472,0.8038270009675168,0.8590328104262401,0.8637606270137209,0.7892694178499563,0.7797198856314111,0.8499509833866649,0.8261938378833802,0.8296139006533915,0.8416245439793621,0.8141318459350829,0.8388016704314428,0.828960369570876,0.8595058654494443,0.7508522778656531,0.6851859592547557,0.8016677092834014,0.8009920183010806,0.9448560791939766,0.8457119618234129,0.8459773212495806,0.8255139965996975,0.8225784006658711,0.8039098991662017,0.775366285918114,0.890634826797967,0.8473964159382699,0.7577987956670326,0.8123630334158525,0.8571796022919733,0.8655937797930272,0.8593952721070093,0.7159595775977476,0.7934346518408185,0.8477061418518078,0.8131982565973714,0.888905663643622,0.8639740507409229,0.8258063731145904,0.9130211764296643,0.8531943189802789,0.7016701491694964,0.8441296782925596,0.8110379754982091,0.805948693657904,0.8491320540508128,0.8444886083254672,0.7015743723739352,0.8474214852762364,0.7106151484915614,0.7770488213557727,0.8035670102770087,0.8430572781700002,0.7737731933338571,0.7836363527951872,0.821725416643261,0.8067484048354767,0.789338181091882,0.764449707354282,0.8970301384014662,0.8177296498080504,0.7646362800430644,0.847705672618341,0.8258357378456115,0.8225594015335497,0.642705594970749,0.7292277436163277,0.8390058766550431,0.7454756535117715,0.7633788628053796,0.8241972471072475,0.7888673740338039,0.7646829302494577,0.7827872042558897,0.8331950969196876,0.7070193499995455,0.8612041583917087,0.8204339130716906,0.8372158949233798,0.7912679164661853,0.8492645707434472,0.783450386037624,0.7244654807276775,0.7903055089383041,0.6728026464243353,0.8757887554011751,0.7824016850263034,0.785217176142868,0.8084613352971348,0.7570994603817806,0.8292419195251461,0.8083252739582981,0.8237631896109198,0.7949085190573176,0.865550156120458,0.7804529896916362,0.8860835312300197,0.8071824328774964,0.801833998234555,0.7829764360448336,0.8868402139488769,0.8297078433803753,0.8101293345834543,0.7579382554925808,0.8351452536582727,0.7741010127814626,0.7766635054871146,0.7948762026972562,0.7352862606532998,0.8578299491041114,0.6700324667293533,0.8101570609770528,0.7320590098346343,0.8067100943635886,0.8178101841637491,0.8186810025331057,0.6677861980991822,0.7434223369271518,0.7220001589688666,0.7703685412850723,0.7760705118841863,0.716164984482197,0.7018330821726398,0.8786333321472418,0.8500492043937616,0.7747226916346645,0.8782592311575623,0.7470024089290895,0.8693971936899715,0.7779940585827593,0.8088348325620658,0.7663251109953515,0.7432827280847406,0.788291796064744,0.7409492723504971,0.5933985681970225,0.8397416613588559,0.7810637187904926,0.8315865626550761,0.755422716811712,0.836871447566804,0.8003185648304628,0.7911087848553578,0.827959112109022,0.8926560783934699,0.8015072254427194,0.8048908718201555,0.7436833740977411,0.7886443085348023,0.8159023091694737
0.7997185742783061,0.781432971558199,0.8271660276620422,0.7825177931502625,0.0,0.7597897219752944,0.8652175994694622,0.7250498768262037,0.7165775154765583,0.766569365535472,0.8105602593694626,0.7955663918781338,0.7954446893338217,0.7441362478871041,0.8598381884200759,0.8423828997963987,0.859963041135207,0.8388853767199045,0.7299605016358195,0.7549420042558604,0.8741380919679791,0.8513549591311583,0.8088745092046842,0.8320573352917401,0.7852504985783642,0.8160201665381244,0.7642319409037245,0.7367113605917416,0.737943891817995,0.7881692339884367,0.7683583578866289,0.8030832947699077,0.7968317793819024,0.7641536308895465,0.7835847321468573,0.7960390643632208,0.7943309858537894,0.7791354112109402,0.7565342121794018,0.8322649096299508,0.792535873072978,0.8246304625659109,0.8576053198381762,0.8395752608207901,0.7943657970733081,0.827829064640603,0.8747507544198749,0.7917258586512803,0.8305701666365521,0.8462551198762724,0.8609039876696288,0.8367058653188765,0.7721637218776104,0.816082340284244,0.7934793903816518,0.7322849965300552,0.8083371519781477,0.8365857332807602,0.7727451827270699,0.8030649185086766,0.7014404044980532,0.723470148068778,0.8083598746068843,0.736377752017622,0.7787683060821706,0.7276425780219461,0.7388406065520425,0.8279231695309123,0.7975897010053132,0.7423781160327728,0.8227753145266893,0.7499528585250442,0.6978124698694671,0.8456639003806699,0.7502629895892778,0.7091629014806161,0.8086998119659015,0.920882910895362,0.7191397467618962,0.6433481438913514,0.726719152747077,0.8006345382889754,0.8170122023741088,0.6636794209991961,0.7702405851770322,0.7585526121989933,0.6813278304427036,0.7637659985006902,0.7512999308817542,0.6899546003484445,0.9115515254504785,0.7953605736338277,0.8600622347520301,0.7071405927070833,0.7844867066326773,0.7761292078913745,0.6496456899392484,0.7572374416437556,0.6953315366169371,0.7672492618361156,0.7005109388447912,0.7401674214515767,0.7418488957917413,0.7347315070455906,0.7575528045177315,0.8545742357700531,0.7829644992012055,0.7756672702961309,0.8689282008962158,0.7868900380120867,0.8312530019054133,0.8072514207132571,0.7131873504723544,0.714363632124649,0.7666840565235596,0.8043465854372448,0.7419169640127385,0.8031658243409309,0.7846552948964425,0.707257592613265,0.8862438899293275,0.6831179568492368,0.7036083137417335,0.8474382382536259,0.639785687029178,0.766757530513787,0.7236171768294132,0.8286030708453237,0.7629516136675063,0.8101811656921952,0.7092034101829837,0.7930141355768016,0.6148698282957131,0.6853601008759951,0.7264668959216002,0.7646729263774226,0.7532623255236182,0.844771093696141,0.7886413687297372,0.7807738836344904,0.7068400025520281,0.7846537099880102,0.8199307681687317,0.7644816657133175,0.8053592901123574,0.7890210206197703,0.8264169215341979,0.7962842971088971,0.7656123654987125,0.6186416889085766,0.7169214100911241,0.7175239549864795,0.8168479333034522,0.8448468531277983,0.8003053822501185,0.7406387592094508,0.7174094192960593,0.829938012554509,0.7185303825792623,0.7498351129525074,0.7561164915976225,0.6841804948858652,0.8086915577236026,0.7995250956620041
0.8449276552244863,0.9031325388010554,0.8743365254529901,0.7880717845918511,0.7597897219752944,0.0,0.7559257738088757,0.8687375146840859,0.7983074650647266,0.8509869508387908,0.8920044529340828,0.8920851018207944,0.8778198968472928,0.7359566155426405,0.8008693884395235,0.9024076895106997,0.8625159263710966,0.7673502892857844,0.8337314952894849,0.8721361782307832,0.8991768191159754,0.8838171356861376,0.7141959818855768,0.836252172377545,0.9158951016022298,0.7471082107050642,0.7120545066059386,0.8043176179250259,0.817705556002778,0.7670357027280443,0.8793928888583885,0.8547876516998766,0.8103626431203088,0.8127729901731819,0.8277027818845781,0.7796187574348932,0.8827287143552296,0.8386250019438927,0.8164020566763073,0.7448759477167829,0.7677465902428807,0.8684475240092809,0.7950796572675973,0.8894225904261095,0.8483729583515738,0.7772048865057504,0.7489029174269277,0.8979509310101915,0.7761376277863378,0.746628547256408,0.7793470727819681,0.8425791248292404,0.732971737614766,0.8696286254825264,0.8199590631050397,0.8524750193422681,0.8043728311723403,0.8967924821100608,0.7110035250432785,0.7510890054746785,0.8894268427629541,0.6813234718487237,0.8410931333862555,0.6970567498912142,0.7093408926581225,0.7741317991830777,0.7812845693250343,0.8153302162733724,0.731570982246181,0.8695404018530537,0.8225236141862158,0.713043141815775,0.7309314575684489,0.8171367628561491,0.9122022248303813,0.776787272269408,0.7784076758468329,0.8199336794914915,0.7778084910292854,0.7531373176099271,0.9284012940961878,0.7835925081095962,0.8701753625580535,0.8558701444893103,0.7612878202489267,0.8719203987809976,0.8754759364557653,0.6806783237346072,0.8165681684810362,0.8129632507283737,0.751799820144736,0.7925815837048388,0.7883815500962554,0.7713607936522839,0.7307941501659957,0.9173892387219053,0.7924067873314014,0.8804312474631774,0.6521226564582281,0.7714707240737328,0.7882677155272649,0.7802636105543125,0.6734875068740981,0.814464031670485,0.7668697108617941,0.8207466114437967,0.7985986087806812,0.9038105938390719,0.7541357043426355,0.9178945196585383,0.8581021775125446,0.7074346046528206,0.82327886563087,0.8168535587427731,0.7662820461630218,0.8151296745683436,0.8664287211379067,0.7903220570286297,0.8546668281756558,0.7539886472882839,0.7383023092275774,0.7204919307879526,0.8304960872347115,0.8677358134067341,0.7506691686603975,0.8808963479113894,0.6663786178509893,0.8441108575258239,0.8736363381565568,0.73569722118024,0.8376758183268525,0.9025310405562305,0.7444912717242822,0.8080280646130878,0.8790338810019079,0.7703490221334631,0.859534961491923,0.7404519490879802,0.7828157382873462,0.782855234333419,0.8190100264171543,0.853266192442423,0.7818606877386388,0.7620724260095761,0.9002416792565462,0.7187972327883337,0.8602062706544851,0.830522846852926,0.8890346264409206,0.7202969364915839,0.8205889902249128,0.8118196419483283,0.7818346901592261,0.7484275280435474,0.9218495229403503,0.8665417833121921,0.8060236843741078,0.9149621722126686,0.7442053291026423,0.7214463512821786,0.77970097492416,0.8260363297433506,0.9082701831348713,0.8192160739243367
0.8665784662322971,0.8115935391267903,0.7739968847549469,0.8711987869402662,0.8652175994694622,0.7559257738088757,0.0,0.7347845839048147,0.713250998910458,0.8205104966616069,0.8220538417446455,0.7973068891600589,0.8633082978977203,0.8248978003776682,0.8893821628178444,0.8228942419798662,0.8759001040211848,0.913543491870167,0.7628572757956374,0.7988026777965164,0.8441191036164274,0.8199939014481179,0.9472294684560364,0.8670546955707654,0.8583312025912854,0.8297742606304137,0.8534241138853522,0.8472271269801037,0.746743595691897,0.7588361185815167,0.8081339428935109,0.8767866208579345,0.8281741317064694,0.9069720618250244,0.8568324135700142,0.7987717035356746,0.856046675964186,0.7367822691480711,0.7359037506264652,0.9292747083312619,0.7455549036197656,0.8335001395187537,0.8496474200674456,0.8411829987160212,0.8715977730326762,0.906322105802426,0.845286972318428,0.785764231589234,0.9639890003877575,0.8383764170077019,0.9174774011857691,0.8137116809455073,0.8062571058838207,0.8410301114661656,0.8420030940700332,0.765943478008692,0.8481842035927433,0.7723217757420262,0.8923961823066274,0.8751321513614863,0.7527114117233614,0.7235208413388795,0.7587706066582646,0.7531029908433516,0.8188630732767761,0.7983295497298355,0.8565138975715938,0.8440646815018854,0.815996504760365,0.7572800702770338,0.8161102207218744,0.8336819432239115,0.7682446044853956,0.9153076789481323,0.7382228768186676,0.851838061869153,0.8858364525085409,0.913877424345361,0.7181280347739069,0.6571543893469741,0.6921749671655308,0.8229089022200748,0.7916448627309777,0.6606246504620297,0.822984332188821,0.7385037783613877,0.7166597342350539,0.8676246237226319,0.8777089828966851,0.7159407951858776,0.8932994444099767,0.8844480238271258,0.8696010549054547,0.7981208076203621,0.8490377984654378,0.7817866604592314,0.6362517272712767,0.8074271512692995,0.7153284917602161,0.9091317682567385,0.7756945513941662,0.775376303325513,0.8275175243408183,0.7395138204506033,0.7886524965871858,0.850808860941442,0.8142153619691476,0.8171528332983198,0.9333458388969281,0.8290675346831529,0.918518082879025,0.8199232837102962,0.7940269636656796,0.7436815337675198,0.8096351380127363,0.8216430306418118,0.847208150957713,0.849196693137998,0.8096553575182771,0.7450885257384595,0.8154887404869782,0.6742094850449892,0.7515457481980943,0.8947471089158049,0.6681779482539372,0.7836054434911014,0.767703296634061,0.8267560080735927,0.7847199067937295,0.8327518904676654,0.7032630356615875,0.7067995080918118,0.6707062151206914,0.6752448330319005,0.7357505982163742,0.7363153723660839,0.7492119183184485,0.8991715654539912,0.8431950344701429,0.7792165256369972,0.7655153464106924,0.794126766770832,0.9272224499094858,0.7516301639523445,0.8152677799422889,0.8720294951303054,0.7363934304098543,0.8019786520639288,0.7766209258255947,0.5706855035703239,0.7878199536601554,0.7552387813599422,0.8211050425887737,0.8603516501036977,0.8045817760545498,0.79111942280245,0.797036622607945,0.8424883744348767,0.8335958732264901,0.8636157464792675,0.8161819714143598,0.7489664472526825,0.8133629390322317,0.7988979052048784
0.7948296087653333,0.8600479351540665,0.8464350472917018,0.8025891715792475,0.7250498768262037,0.8687375146840859,0.7347845839048147,0.0,0.8373915157272507,0.8223224369191454,0.8411015381895858,0.8801656711901872,0.8519527553497813,0.7103533420882568,0.8557706265725236,0.8689576124548849,0.8041831916154744,0.7879509757184883,0.80197382977928,0.8329222233338562,0.8267217014237792,0.8685217946211277,0.7386796345413263,0.8024516768939454,0.8597511297669398,0.7401232054980489,0.8130965718071278,0.7945821228601535,0.7559174365336161,0.7861145253814316,0.9141868509758814,0.8025047565643613,0.843310147397898,0.7872071425956441,0.7697696782431274,0.7847788897772201,0.8457056084493144,0.8641184865051482,0.8484374294714784,0.745751158330123,0.7788883690779119,0.7833967799200052,0.8136180817200074,0.7754645191748731,0.9020349582250509,0.8312445451544667,0.7090721315204943,0.7953849753145931,0.7536518188943487,0.7557066595797287,0.7662565551398073,0.7548619322948376,0.7061337761613816,0.8352690121818492,0.8050843101805593,0.7708578129401232,0.7839214895587099,0.9043840315327365,0.6879783628103245,0.7879183038800952,0.8897349280896164,0.6777785878044755,0.8041626964682587,0.672562028183158,0.6808356120000726,0.746680141720054,0.7742799032656273,0.7798064404802207,0.7575747269638976,0.9500658785218377,0.7988243018844576,0.6983828935157158,0.6650514147822213,0.8142240439340036,0.9029290945621902,0.7183112216339473,0.7893318965593829,0.779520202279256,0.8697218446385803,0.6144322341337353,0.7476654834988914,0.7995740556126882,0.8535600470981707,0.8362860467233381,0.7088406325777757,0.9085229113049323,0.8633125294261774,0.6984893503990853,0.8533953028897496,0.8345252280232665,0.748270631986904,0.76975395845023,0.7761848473713235,0.7121495797466012,0.690132085504145,0.8716605408007445,0.8065501896794419,0.8029821885804886,0.6025331530253565,0.7723895852610089,0.754504443633711,0.8535504611450152,0.6704307009818672,0.8087866506506887,0.7747248683589368,0.8426849817850575,0.8080189399444361,0.8466651699138398,0.7726935160874896,0.8045480005515651,0.7775312175114739,0.6958261041154327,0.7299151693662395,0.8760976263409117,0.7743327983760686,0.8086612713687289,0.760126773122654,0.7770469851359498,0.7327488695876988,0.7305272953167493,0.708962995566687,0.8390767101860999,0.6883653420688509,0.8237098311934598,0.6342220242961002,0.861367189088568,0.6487895504700248,0.9134028148767676,0.8044348417897802,0.7757073674364945,0.8303045603853615,0.8389390254995686,0.7511426138004028,0.7498422824580707,0.8372261038955424,0.6800743007547803,0.8209800535290622,0.7550865538672661,0.84068482037241,0.8712834166161273,0.8041859634803787,0.7622343034080005,0.7715294116379052,0.7501424461166338,0.8202829940021695,0.7014221168095042,0.8722426979144698,0.846260283353485,0.8406026351346579,0.6610784377941348,0.817366575245314,0.7405549408146389,0.8081835404231135,0.7766531871071201,0.8931635294150985,0.887826660682297,0.7795875067188672,0.8700834546295974,0.7093683018916164,0.6765014167946828,0.7272434071104961,0.7009922438028323,0.9038320199095199,0.7584883709032466
0.8518763715406723,0.7937695858783687,0.7138164873793504,0.697267196588891,0.7165775154765583,0.7983074650647266,0.713250998910458,0.8373915157272507,0.0,0.7080491573892784,0.7375346549915404,0.7744477181681679,0.7864932362946572,0.6901630839721771,0.7822136337754187,0.7524283846772515,0.7303951752269653,0.7845735512770996,0.7198759336699039,0.8311684817836901,0.7380098669529057,0.7874398975214651,0.7159340719504237,0.7650418871984543,0.7934671955702707,0.681921812295283,0.7485043075793989,0.7409714008772343,0.6367651857808545,0.8200711982526642,0.8577053895298624,0.7269877398841957,0.7235193079875034,0.7411774241041644,0.7868259938945288,0.6669495148996178,0.802912826385313,0.7690093658352578,0.7053359592521768,0.6979756474231373,0.6642053885543526,0.8554587621330965,0.7112848384450178,0.714569234710688,0.795377877872528,0.7658991693716833,0.7284282732008762,0.7013616991548387,0.7188519143952848,0.6982164771703729,0.6971913251009686,0.7374919197368703,0.6797025015679237,0.6955013093402165,0.6574768832104552,0.8730250544599895,0.7557655317184186,0.7821988027067196,0.6456316823577289,0.7216980506755759,0.7377266252122633,0.6385753913621363,0.7079502222800751,0.6305157089131839,0.6913192811018439,0.6973499682586463,0.7372429581849366,0.7736769945649066,0.6821762996556909,0.833983379726597,0.796094720728046,0.6812725214188984,0.674444398168795,0.7250307749099121,0.7826738306474675,0.7342090605193211,0.685763731682525,0.7140168347853356,0.7483516050208272,0.630472578123438,0.6919336293849812,0.8253397273398165,0.8569603438353859,0.7187577273115501,0.6900681566331348,0.881922097007891,0.793821409656018,0.6674153395973895,0.7962830769450158,0.9049996220132563,0.7324573843792078,0.7823026232529962,0.6726331437056273,0.7079464639574858,0.687340979240959,0.7881028513944309,0.6875249457899297,0.7864559226649227,0.6397863414068307,0.7348614592660142,0.6936573882144157,0.6865011140605407,0.6299218071276909,0.6944988206755125,0.7243313828162448,0.7859287529143882,0.6617575677845751,0.8183114237271695,0.6990353705183675,0.7753759201908497,0.7124159550590772,0.6830251022274088,0.7182233520809781,0.778400261196976,0.7123781430398561,0.8340448575584167,0.7573435515076019,0.685435813172435,0.6453274516595706,0.7596208073182161,0.716463862446829,0.7006058906358372,0.7346532975392749,0.7828133566816144,0.7171823476565897,0.7036124244835996,0.6378211445640566,0.79568872259198,0.6669669394138963,0.6971143869758493,0.9065729107093207,0.7448147470665945,0.7156127412640443,0.8065988236277273,0.7359964812353381,0.6784390104384719,0.8278703752435804,0.7167994042078334,0.7196970608074276,0.7635784520341894,0.6885252691905228,0.7074741640968473,0.776958410731324,0.6642622458351504,0.7328861019446601,0.7215109149698968,0.884520897691367,0.7048559723955619,0.7458236417362295,0.6030194590267822,0.7947651138914507,0.6683100145832414,0.7379022886321323,0.7216585937763823,0.7736667416630255,0.8430568172006484,0.7569228546108986,0.8121477825311707,0.6827681023246206,0.6499454105232674,0.639000706143132,0.7700673504642421,0.8591061302413234,0.8141378782803375
0.7635212972709257,0.9202087106463235,0.9207071441676218,0.769442934455909,0.766569365535472,0.8509869508387908,0.8205104966616069,0.8223224369191454,0.7080491573892784,0.0,0.8576932877917336,0.8888415665860834,0.846166052278159,0.7593183544780403,0.8291040714600921,0.8829111809586582,0.8498585228320517,0.7922152422326163,0.794771224280641,0.8135429157802314,0.8447598696667957,0.8968848339625652,0.8032575294308308,0.819530596286197,0.9377033631993961,0.7057006196913059,0.8001706373378856,0.7948057926257323,0.9160823558258838,0.7479400933842545,0.8425012642280322,0.8672777364837336,0.7972209208374316,0.800924277942628,0.7932050316075892,0.8183987863012342,0.8282919409481824,0.7884496832084166,0.7974045634936322,0.7881429804300532,0.7655861158429664,0.8191892745447964,0.8023319452583707,0.813997695949503,0.8616961792249933,0.7795200429571345,0.7747183100075071,0.8415491255393748,0.8401763819251924,0.7527701005357473,0.763827331106296,0.71645996600318,0.71574888247982,0.8569365292826161,0.8725343470890452,0.7729362135966621,0.7346307637000926,0.8322866462413931,0.8016532702888082,0.766275302069661,0.8083187846948544,0.6492254321474408,0.7216802855014904,0.7684013191869374,0.680068378350836,0.7032220999146912,0.7607828993067411,0.7852231929880351,0.8165349238291664,0.8107893263354846,0.7300673143517129,0.7394863707599771,0.6776383386863623,0.8213653073654025,0.8315014040847067,0.7480423952416764,0.7846316031200642,0.8567127576002274,0.6879825100660356,0.6215974408545472,0.782070943457738,0.7040396284676843,0.8274024365403397,0.7523821663047503,0.6895697201946884,0.788425704985458,0.7449885762231075,0.7234540703391233,0.816731363929844,0.7221830570764345,0.733930299313196,0.7888140887784946,0.8455118178605999,0.6866891949776871,0.7055750633386033,0.9107882255236135,0.6917992347125109,0.846762687689482,0.629498941765848,0.768679602514491,0.7704927711771821,0.785286687098223,0.6874282258928364,0.9023304297342503,0.7133227358704434,0.7852542269505629,0.800432583988978,0.9091867207651418,0.8225549362168777,0.8783394644008203,0.8295752474994526,0.6775690474657404,0.7312954990905454,0.8013249761753048,0.6977068580165756,0.7396507462094181,0.8145206832859414,0.901528083474925,0.8420317388704527,0.6940788927594722,0.6958628707143975,0.6548783423176241,0.7102569602133192,0.8068574222577527,0.6422092634661153,0.9091071105964218,0.6528870093427676,0.8332779814978791,0.9115514882781621,0.7916487005614927,0.8017123208058852,0.7747072660379067,0.6495003393862911,0.6375289946932422,0.8291822590201514,0.7216274076691206,0.8106778379634391,0.7724457120160382,0.8904592731034204,0.7901222839934066,0.8086599968374999,0.8423020300309666,0.777291903230147,0.7785319125177642,0.8666384072335944,0.7364865139272105,0.7648467793190704,0.8773860416479679,0.9704985116157266,0.6939647913539563,0.7091647146501657,0.825721810542381,0.7942243661401419,0.8664184302192597,0.8974304782681212,0.7959886467306865,0.7588487118051338,0.8454663598239238,0.731299445883272,0.6959403075444373,0.8690001373478856,0.7096766166236098,0.8961938054804803,0.6998176878893514
0.8691447080776589,0.8852654763601193,0.8653574364264134,0.856499192350506,0.8105602593694626,0.8920044529340828,0.8220538417446455,0.8411015381895858,0.7375346549915404,0.8576932877917336,0.0,0.8738949805861016,0.9187830158549483,0.7902346510087456,0.8748016506562661,0.9509147064210153,0.9267415038410867,0.8651171818342828,0.8654486728621298,0.9015772476170753,0.9106056966406547,0.9187449474342451,0.802869537403717,0.8976842315250949,0.9180964228545466,0.7889545258356878,0.8090310699036712,0.900951125723874,0.8741608921696887,0.7714140482274401,0.8662411202930848,0.8818916517360417,0.8471758671275466,0.8415618973997526,0.8653411489777971,0.8047104265351095,0.9157547047275044,0.897085792186139,0.883886737779248,0.8423099028090778,0.8038865716630561,0.8043562285441077,0.8634581821164872,0.9147991800340692,0.8726952272839458,0.8313380729452597,0.7067130353159192,0.9430657625928595,0.8797163093743499,0.8012338628399451,0.8478220180320503,0.8073116234574272,0.7939705535489296,0.920023062547529,0.9179987963329943,0.7339951278415485,0.8886307204408205,0.8820109249662464,0.7860907163345726,0.8197968370436661,0.9259232194436176,0.6692176808996179,0.8542127714248873,0.7268931698934428,0.756923594197571,0.81458138651855,0.826066273843896,0.8119129687410028,0.798679699889072,0.8974863156338233,0.8193918531342654,0.8004288331188184,0.7410909425301508,0.8868553738948177,0.9209290136313489,0.820424593188576,0.8756046261036705,0.8715038593630401,0.8112516150211009,0.7568350680613258,0.8482981685794152,0.7687333488748314,0.8394749031208966,0.8576553673672054,0.7886443418846049,0.8293377911435971,0.8556216900928898,0.740567589675808,0.8416386778119697,0.7412023883092019,0.8004094937695113,0.7473699780771972,0.8966648856361207,0.8398706010173245,0.7858450694701232,0.8664487942306593,0.762499631452825,0.7722190439821203,0.6448319118219035,0.7928461310357858,0.875351225158218,0.8384995731510392,0.6906897325226841,0.7802953313228937,0.7898764971982166,0.816830472614627,0.8391697529939063,0.8776265668038837,0.8205249884015559,0.9000028991682787,0.9039616114095377,0.7534720939343507,0.8093664531012228,0.8811493042010254,0.8316975943073815,0.8193140866365379,0.8599772771418945,0.8885354755459748,0.8527044855008833,0.7201215878139097,0.8256776722127828,0.7204867572306477,0.7942278701060976,0.911436090808268,0.7499673593843864,0.9207332967192783,0.6580870416565094,0.852463150611011,0.8743806543995888,0.8209006422429835,0.7384137850407188,0.8591910740738181,0.8161681994012382,0.7800166753045701,0.9126462875481941,0.8270518228764162,0.8424610212949434,0.8287731414069213,0.8866662858260643,0.8511671381816233,0.8706539763591111,0.8562232517648172,0.8020570514192518,0.7733040174053518,0.9435514208611119,0.7110102581790527,0.788704550921625,0.8735635993581463,0.8629652272794591,0.6806362085589047,0.8703663064228935,0.8686919118791532,0.8849655344826437,0.753504979205336,0.8877268760149324,0.8873084194351442,0.9005563315589028,0.8799295211673656,0.8414314444467662,0.8033385176821337,0.8106347698378668,0.818180009554626,0.8344754065619648,0.8786888437824654
0.7776568527698074,0.9181438426942848,0.8553908225156603,0.7906032147245596,0.7955663918781338,0.8920851018207944,0.7973068891600589,0.8801656711901872,0.7744477181681679,0.8888415665860834,0.8738949805861016,0.0,0.8051856423875895,0.6734480102920056,0.8664473166357176,0.891735993394521,0.8457798621626865,0.7611207168391229,0.9272002689740021,0.8268779696508121,0.8779760666096723,0.8738301151844322,0.8047461133966576,0.8566709046621004,0.9184973211522097,0.681873217313545,0.7796829824028032,0.8222573963122403,0.8531889926216604,0.8624006783957836,0.9257803108296295,0.83718737668472,0.8306667277270338,0.8323784117982798,0.7756112623927534,0.7861485249161116,0.8162125662576604,0.8062509471722064,0.9155911597046359,0.7498796911662681,0.8169941275281173,0.807964427217308,0.8048538198626737,0.832448318056707,0.8385122991971308,0.8007315174184007,0.7325725389675729,0.821357055998675,0.812653638554785,0.7427839560985271,0.7784622095633716,0.7514863820775548,0.7416248500207273,0.8701639484661464,0.8566200391360266,0.7614084059658935,0.8058929971355656,0.9399768137926023,0.6984936105180729,0.7851305696368812,0.8181197810372716,0.6319317161732818,0.7555190703049405,0.6714356060409005,0.6784480752410177,0.6980973365070975,0.7075490130938387,0.7324068707475982,0.7065458205892317,0.8483976943842327,0.7306245788190411,0.6890443030800493,0.6253539203500464,0.7950856790533862,0.8722750581700947,0.7517436464781606,0.777225029753174,0.849750996850756,0.7729318048920689,0.6636485189965161,0.77450841506698,0.7470337169389051,0.8912071176379424,0.7485492253164787,0.7013527316575803,0.8389756303900042,0.7664779549765847,0.6750304311220267,0.834330810990145,0.7712040959910508,0.7422034920906182,0.7925381194318255,0.8605771548815041,0.7411312685206524,0.6658770233620902,0.9010884578093318,0.7310399148462748,0.8203815853599868,0.5976486000707061,0.7352545080730081,0.7598148551846259,0.7956586141711318,0.6546143743429438,0.882232051521954,0.7157454492394457,0.7912531967081969,0.7983823099612922,0.8857036881879071,0.7842309852543395,0.8614191390131031,0.8555846378804816,0.6738046391956716,0.6846172629203621,0.8284876250221226,0.7254497674530269,0.7910614608774138,0.8444267793358012,0.8666971699702973,0.7666013454648881,0.6687389418113607,0.7237596019297552,0.7032169540441746,0.6930637835838125,0.8788833885141182,0.6363762838556186,0.9307991188906893,0.6164242316781289,0.8746998601480153,0.8539467986416241,0.7189286181988291,0.8209000482312393,0.8070643368630449,0.6816543842811762,0.7219072197960794,0.833804632869114,0.6994992844774038,0.8774796049055001,0.7488253937595167,0.8173797139675024,0.9197926593316489,0.782828608975086,0.7863046055148332,0.7827565542996789,0.7347715623240102,0.8437339418584906,0.6829554526049317,0.8575013571149009,0.9037466412634558,0.9016985336836855,0.6952942481078519,0.7891993967437111,0.8670225563049103,0.8494882024766031,0.7801378718167872,0.9633120050336275,0.8118206198367267,0.7908375582805202,0.8939140181065772,0.7132659743267331,0.6963806140605108,0.727239092361407,0.7398295891217535,0.9025881534322098,0.7703174978602643
