0,1,2,3,4,5,6,7,8,9,10,11,12,13,14,15,16,17,18,19,20,21,22,23,24,25,26,27,28,29,30,31,32,33,34,35,36,37,38,39,40,41,42,43,44,45,46,47,48,49,50,51,52,53,54,55,56,57,58,59,60,61,62,63,64,65,66,67,68,69,70,71,72,73,74,75,76,77,78,79,80,81,82,83,84,85,86,87,88,89,90,91,92,93,94,95,96,97,98,99,100,101,102,103,104,105,106,107,108,109,110,111,112,113,114,115,116,117,118,119,120,121,122,123,124,125,126,127,128,129,130,131,132,133,134,135,136,137,138,139,140,141,142,143,144,145,146,147,148,149,150,151,152,153,154,155,156,157,158,159,160,161,162,163
0.0,0.326062406573912,0.3212908516261258,0.25820613275421167,0.284106697613037,0.2979410908441364,0.24966610198008193,0.30694291713513094,0.32689036803027544,0.33258066557639704,0.34083420712884965,0.27653774290282057,0.4148223060861426,0.2854324872536625,0.30521524407611605,0.341507580789418,0.34753858121837633,0.4525460281572447,0.3001635506956389,0.4446017521894729,0.3350711813412803,0.33021433269483413,0.26145483293472954,0.30447043633926313,0.37619033508325944,0.24759014700830684,0.24058875206829006,0.2936797011173269,0.29138962955103853,0.27456501961237867,0.31733174658461044,0.3552786578309532,0.2730553791525804,0.23757835874437044,0.4025444388356567,0.3043558439170049,0.3694441393058828,0.3364432204783646,0.23697166536073572,0.34647506552495627,0.29104486153092557,0.2933050178757818,0.3822955865236487,0.3483048014432534,0.31705196342488706,0.3397236389632472,0.283339156272594,0.3687042206257383,0.35035708951124184,0.39937129568660523,0.36829317248896254,0.33553854236762715,0.25872361563274976,0.30135356326169316,0.32592530226904787,0.29123072018516544,0.4439135302212627,0.2868902531634918,0.3322849044097628,0.35170001802381873,0.30182037164306097,0.24088961677875895,0.3581653210700851,0.26346574077824064,0.30451768620981307,0.3324541199294442,0.2754006617506461,0.31419937248251073,0.29334604425947786,0.3242488002383684,0.4170697730438679,0.35312665711595814,0.3074448998947232,0.33240134314243713,0.3264299906282872,0.30519771151222047,0.2450754423878146,0.26195532059364784,0.28123882355141494,0.24147068642392072,0.2877299122446652,0.32553300470703095,0.32367139704591535,0.306055744834203,0.33337687290577334,0.33665781978254034,0.2991624393758266,0.3359251645338402,0.32328636533223254,0.25215128888861404,0.3442020389118365,0.27663418765107145,0.41313573352083516,0.33774367273244826,0.33378755729881604,0.2815728245955438,0.24097464848291497,0.26643456824365036,0.2440915922825897,0.31811814786916376,0.2798972593901393,0.27464288353672306,0.25206541140786665,0.26482647576270035,0.4199929753684254,0.31899266195596004,0.3196826071814704,0.29313794183859415,0.33579594842261495,0.32491572816676856,0.29130066378183056,0.34015636716230063,0.3071291219657398,0.24222904329402462,0.32651676463208545,0.3228696717337594,0.3258229618323119,0.3459158847158648,0.27862061719469966,0.23964707772003727,0.30706748414914714,0.231448625549635,0.3006669792865916,0.3590478347326873,0.28858118435233965,0.30499886665951514,0.22717745935787015,0.25859219160391317,0.28749505335255876,0.3594059098977444,0.2684858161417641,0.28984661035490045,0.2509827728335953,0.2715113301460074,0.3017217950377623,0.2886421307468505,0.3309319338420569,0.3289087703821002,0.31292221783888563,0.3180459214752556,0.2731762228154439,0.29622243698960044,0.3227894851873483,0.2853355818972299,0.3137442017432199,0.2538344479613087,0.28812611288064216,0.24327051299451685,0.37332865884976507,0.18567845300608674,0.3764853156624724,0.2913253141356836,0.31355606171207534,0.2537014957206986,0.28543671680489063,0.32906911968196406,0.2844066529484681,0.29543384753618496,0.30773588806526875,0.3008930106550119,0.24923303246209255,0.35961223014612387,0.2143159944499556,0.37226003928163276
0.326062406573912,0.0,0.3240838710045811,0.3209759370940749,0.2517902740450812,0.4028278021948183,0.26294424448974657,0.3755478086339168,0.31832890116506596,0.37260885032816893,0.30650984520055663,0.3082380430971647,0.3179384349065732,0.34457803932833087,0.3164749717872419,0.30097289303838587,0.32468466505321214,0.296466438823676,0.32180527741698967,0.33248355426817444,0.3449911671391214,0.3508041938693376,0.24753938819894558,0.2997908108080924,0.32424113411535954,0.2504801945898991,0.23560423730358554,0.29816134370131986,0.45333914430166034,0.26060303250663985,0.3482644810521882,0.31901564857500486,0.400937524450575,0.23726268682996773,0.3276088828601107,0.3074858435827156,0.30216222864932396,0.3429665136722031,0.28155092583926616,0.33777564498654555,0.38219366569355945,0.29657630570894067,0.25213022521621303,0.30812893083443293,0.3406815738065283,0.28619797794253876,0.26398708362588835,0.2737813635865594,0.2891646664366524,0.319520087364309,0.3686128401190508,0.34755977833305735,0.3320218277315705,0.39955176028689016,0.3395135227212521,0.3639864740880009,0.3787449613248807,0.2919421860340509,0.328684819662105,0.3673745327031206,0.39150591431499526,0.2454357408414219,0.31110170602424125,0.22780405163332712,0.27846875487359973,0.2846532412656564,0.2982190713140172,0.2870854197703332,0.2427944384724793,0.33775960091144125,0.35354712649813125,0.3419987034711186,0.275177957495432,0.34547791818322304,0.35295283942548966,0.28269195255439855,0.2603462676094728,0.32379784420081886,0.2827977132205112,0.2907953670963209,0.30514117521058315,0.33222381005702567,0.42883838747674824,0.30201911541522164,0.3253115960945746,0.4173542652452027,0.2915583830231275,0.2813810666031294,0.28970413418564794,0.33879182784947226,0.285918030993433,0.308423637687608,0.3686322233976025,0.34287645637079067,0.37591131443813697,0.3379211565180207,0.3083020424689899,0.28338136506583667,0.24751852651994152,0.3349423327212307,0.31523674164888105,0.2464011016488864,0.22558472930094275,0.2791369854178047,0.3498385026783799,0.29053301432417356,0.28601422446034624,0.3036202392405165,0.31798397988058397,0.32630660122738914,0.28181923800521397,0.2816084543684649,0.3254662448563165,0.2689300154133062,0.35387062303913136,0.4205684055977892,0.3252514286405793,0.23817764226005525,0.27794195430369284,0.27539165963993617,0.3191987529086977,0.2963807277141893,0.3050561619173964,0.43564962860934436,0.32769688600669467,0.4153943418228356,0.2778987958552189,0.2991471863329686,0.34049392850105303,0.3030503870799021,0.32157622556014465,0.3360472639510918,0.29238181922203116,0.35516214630797616,0.2880814034695275,0.270992274538614,0.27352332040626715,0.31529280413618255,0.27762156734519977,0.2969987465711257,0.30775074333216373,0.31807505939954667,0.419209431262033,0.3036267668094526,0.3261602985044449,0.22512946132312864,0.3460731996598959,0.2818378584937569,0.36215830087902323,0.1977301088585258,0.31730972454028583,0.3435021999783697,0.2685990555629611,0.2750732107546766,0.29755226473677865,0.34253104215459257,0.3153842884627841,0.3440570696708246,0.32843491115316326,0.30417438404190017,0.26778312767443835,0.4276963687887777,0.2581753043391565,0.32343343800936725
0.3212908516261258,0.3240838710045811,0.0,0.32346027132822175,0.2848964784416189,0.3074819405869778,0.2429110276012404,0.37051320546868627,0.29172502622555935,0.3969381544905987,0.3193179269834278,0.25971443844345116,0.36888269856857925,0.3004573049891318,0.26279290970395547,0.3857311459610777,0.4106041723680445,0.33591586613849883,0.2602770323347084,0.2707492874047861,0.391325683514367,0.39197270164796816,0.257373196680537,0.2718346811961248,0.31274500700283714,0.2896728362784088,0.2629478580386947,0.31761538351893276,0.273396823395987,0.2698210558720035,0.25404278419717746,0.33460342575028684,0.2648102123086839,0.23631721149543022,0.27467134688356004,0.29574736950138314,0.3101034583803652,0.3208304149520809,0.22818626581699805,0.36161979613030265,0.2788183167863943,0.3808605869156497,0.2780006494188683,0.2747469645977094,0.32460832578611043,0.2917970371747293,0.25721204301175227,0.2790777609173914,0.29815643600707503,0.3098843137995931,0.3548184887354387,0.3420728493118711,0.22930785267714307,0.3362158264427684,0.2980739399616931,0.31233664100859815,0.3138622264483224,0.3123476092864305,0.31119936765230344,0.30715090792068617,0.32133980106857346,0.24631916976741555,0.34640651886121265,0.23990267888670175,0.2630274286861538,0.3035859779084803,0.29380768812349584,0.30552061236573386,0.31043211866552994,0.36299945668067235,0.352200716240928,0.27140307541236164,0.3340274796903042,0.5061693526178679,0.3607667218917307,0.22256165642822653,0.31399642492827134,0.2846156982227264,0.24544451322722172,0.22814036070205837,0.2880088578041438,0.3343629541765164,0.3127912671452782,0.28907725594267997,0.3389233486211006,0.3594309510939083,0.276943168703989,0.2567772724154533,0.2771645156469063,0.25486850168975966,0.3389102134611492,0.24542206865101282,0.30173261034966664,0.24602511747392056,0.37146743959197015,0.2563118633265946,0.23679030086852546,0.2884205627932424,0.2296253657406079,0.32652043594141617,0.2225435704677286,0.3107186806831863,0.24161201138083088,0.26089307806370066,0.33197959907108454,0.3369891939932147,0.32328985758671397,0.3037489009371338,0.2946646651676788,0.3241515858141047,0.28135948758806584,0.2845369386492474,0.329772320299384,0.26894213099150266,0.26747254033788265,0.393454684209366,0.2555717579680795,0.27983526718691093,0.3307376552590398,0.28822388998111764,0.28851538649683733,0.2708842006646897,0.2707225578662115,0.3156703287494282,0.2313914033060478,0.282255220143774,0.2919823729955293,0.2727970918967136,0.32684452265410985,0.2956257194462692,0.3204324802152158,0.4554124467507119,0.24132148861833663,0.2481373541762078,0.2725410690759447,0.22036261727443787,0.2114436055372693,0.2728660075079616,0.2914683957908664,0.270589158255533,0.23072342206661062,0.2966598075914008,0.3388888769239946,0.3161814558767854,0.27715988647431605,0.21900478796344974,0.30972555155117887,0.2556018032183308,0.3329216472746395,0.20766961914451498,0.2615315054497632,0.22546957102865778,0.28191709294662876,0.3238612566343503,0.30003939887200365,0.29594443980713736,0.3091158287463084,0.3533754400286901,0.23305533100852205,0.3208984507400863,0.2941142912121717,0.25661997617437626,0.26172845857343763,0.3127928335682448
0.25820613275421167,0.3209759370940749,0.32346027132822175,0.0,0.26665030377318855,0.2880708495638827,0.3202242205811378,0.31312851341182657,0.2500991082035834,0.3343371945096646,0.3106228170455116,0.3343360047900615,0.27512825572203164,0.24301701861809002,0.29474711970942874,0.2842211586858208,0.29114715621840653,0.25598494551367035,0.2709269579478184,0.2350736522324085,0.3474724416078678,0.30727420810533884,0.2842261910750106,0.27659281862199686,0.33001019686797595,0.2788021938900455,0.28847301104466105,0.2579858176890741,0.28635231167351205,0.22781662068573166,0.2718933118837864,0.2658356029982595,0.35788158114956786,0.2628239918303193,0.2528224639033708,0.29785004500747775,0.30294433200040216,0.25772804591393056,0.27684684747413535,0.34199828566729884,0.2741270628607922,0.322685959402494,0.23482371157974757,0.30140436249783825,0.29350694661327187,0.275274878802351,0.20132475819587906,0.28047230153767333,0.28823162163643595,0.24857617552855202,0.34003323124999235,0.304038971937157,0.22823706286741693,0.40149675761585274,0.34273749273761467,0.28872578443624036,0.28999857133774803,0.33164955635250354,0.26996593778287586,0.2846665492124185,0.3163472123367982,0.21821732119144877,0.27549259571955176,0.21390166703435762,0.24457715626057175,0.2599458055797449,0.3419863608219775,0.23555481488021535,0.22584645889443583,0.29119795133150084,0.27544919236373994,0.2428610680335231,0.28210113206762044,0.3876584176559754,0.26591305891846767,0.21066970756861872,0.3360220618684259,0.35240488605150805,0.2247786349566017,0.20812798094958682,0.23528444561868536,0.34419455086953,0.2800511099211018,0.22314135601520615,0.3519221077401888,0.27257052620600053,0.3152217717381231,0.2539458467018383,0.26010097894760575,0.2764445261039324,0.3112747903288026,0.2937684359561541,0.2767430379186372,0.23521453898707506,0.34152324125639216,0.2978921318087462,0.21782355777469892,0.3030417419389834,0.2301093468656218,0.28843036835736774,0.24438887819843097,0.309214382280246,0.294679944534597,0.27557594750877473,0.27088104279602276,0.264698426106606,0.2804360928159445,0.2759710991218531,0.26894551033071257,0.31818186745564364,0.33793134648761164,0.2874492242254142,0.3023389530326741,0.28215944847336316,0.25264898976467715,0.2929232209630098,0.24969297012109717,0.24108040188353067,0.3111677060592039,0.2860009017718315,0.26954952642642843,0.29941257760038287,0.2577933561941022,0.30695716298559983,0.22403056980857233,0.28888307285967063,0.26098594093136657,0.3159450522688342,0.3129468324456359,0.26164050366054886,0.2387129132816015,0.2945110872880736,0.265928783319572,0.2718172328989413,0.27662827030204645,0.19674505826269909,0.19083937999614553,0.2717354965654611,0.29936116946043556,0.27415868486836736,0.27742469965789035,0.2703720243381633,0.3646797264656092,0.30472152935700014,0.2812128991978748,0.24034891678205594,0.30007964585635655,0.2427531882151473,0.2726700181296603,0.18551540969312985,0.2937272070324631,0.25052555351512457,0.285565631136526,0.28341530345619825,0.340448517146654,0.2939626009429106,0.27175112160200127,0.33389374515663345,0.3178498819081563,0.2834041218380038,0.23902560009177945,0.24888277155574098,0.2725993932819616,0.29481244250694727
0.284106697613037,0.2517902740450812,0.2848964784416189,0.26665030377318855,0.0,0.20706907630573856,0.3047237832641012,0.23409339658433317,0.2885694031789301,0.2862510960260405,0.3219685912825574,0.26518925218235284,0.22739867073038394,0.2512448458617358,0.2856305707594363,0.26194600387404093,0.25449739186318904,0.2894181756384329,0.21584494372611698,0.22860771728406615,0.2833248127445196,0.3171930746046576,0.30356108906678897,0.2536227478355287,0.2736693343560277,0.25718161299194736,0.26681058036382643,0.20817210322313193,0.24971787269760198,0.2592266179784902,0.28584161778768985,0.22497569626102376,0.22569238515868273,0.21432287312600937,0.33579497000731773,0.31221869377519834,0.2774891318121483,0.2688083648429455,0.2822603691046329,0.2628044707557201,0.24392272269096985,0.35118091426188763,0.2664199919474923,0.318256054990259,0.23546747389734224,0.21895568484709807,0.22819179807159493,0.3209076328929002,0.3028260399908509,0.2778519207021409,0.2864673966625648,0.22544822540394413,0.21104871007117956,0.2664058496397257,0.308194089062242,0.24616711980337755,0.2406321589049766,0.30126560365499866,0.25489640232851957,0.23924242071367333,0.20361259888506894,0.20289591528463913,0.23023842494189875,0.2801252436766066,0.2600545925692539,0.20132245524354805,0.2505134069340592,0.24159617698189653,0.23810803200853656,0.2744042749749786,0.2760386802366476,0.2721846676753903,0.2549449680608403,0.2596204305990212,0.21718231882836156,0.19422327788869323,0.252011527293882,0.3467740959530161,0.20159810151693808,0.18893179188562462,0.21083540829388359,0.3063580639661026,0.26624038576552483,0.1910055536378223,0.27452948316652204,0.23556388691104402,0.2552241797620875,0.254023623038914,0.20574848525125441,0.2437630205567053,0.4158636363990156,0.29113837669252834,0.33385134123844495,0.19531023314797302,0.31531206298156966,0.2575524799117379,0.18090754905292383,0.23257484387893781,0.2905162311593813,0.21079031129373588,0.24087193385034852,0.24822430399971118,0.2707094524952144,0.2377617679533248,0.2647996654501575,0.2273789715322679,0.21439079159661312,0.2658436204601688,0.25134996075572286,0.26221563814181,0.27613980983117087,0.35103948155336845,0.23236070687319407,0.2776323164424213,0.21782412483485114,0.24204058579044593,0.20324866399575572,0.30155986886843605,0.22995209416255633,0.2745811933958797,0.37124474003337066,0.23929814143378822,0.2256695494887761,0.2681263271945771,0.27166466526438154,0.2283928572924477,0.22083246370134635,0.2700392590481811,0.23639118577136517,0.2597998372952598,0.23552200743606108,0.23748352963280064,0.20993790637328769,0.2773314698750984,0.26919664684274563,0.23455823769886766,0.20123729466440454,0.32293958245062515,0.27787468742811816,0.28302141498962213,0.20614142794752238,0.28216361409274826,0.2881542222615193,0.31899864904178593,0.3041638625478255,0.2511153454314684,0.30130541912067216,0.2075542406543393,0.26008233682463355,0.19555870700177855,0.2661542272251297,0.2223212887155331,0.29684837810232106,0.27172482482341304,0.264550790906636,0.2735252143841668,0.2122790055259987,0.26454824940162147,0.2563164581006342,0.2426250462883081,0.20595538977919406,0.24530977172149865,0.2481245141917386,0.36752152294099993
0.2979410908441364,0.4028278021948183,0.3074819405869778,0.2880708495638827,0.20706907630573856,0.0,0.21023962313059263,0.33912313764378393,0.2770091656023297,0.3174922710741785,0.26545181204287205,0.27891380119108616,0.3452586184223878,0.24607167204537903,0.2623129960274341,0.29728591058076564,0.30332522207025125,0.23463785148170954,0.27911172848448407,0.29135910614250726,0.29903267387711074,0.27120778549523666,0.19175574452667052,0.22991003279170902,0.28680796002409,0.22118695383920567,0.2067576838124041,0.27589517467406766,0.30704788983698794,0.2358866080460187,0.2824290276808023,0.33962244444907685,0.33360901991295755,0.21966773657814856,0.2605175707864673,0.24622040830416703,0.2683018301971267,0.2728707180313366,0.23001196557907605,0.24858912825697474,0.28890357486666635,0.282797519856462,0.23551630714619026,0.2846629895301765,0.25603903353106194,0.2512531479973467,0.2295505116062304,0.2531948206665768,0.21462538487601193,0.2823982173287563,0.2990650482894905,0.35509390986844536,0.25706571621322943,0.3119624357231692,0.26756332718412745,0.3631199348830783,0.3151486642679011,0.3052341503780843,0.23693561005959662,0.2796419353434288,0.4113823922358382,0.26014866823155164,0.3239269499702819,0.1873410059014547,0.2429714931387488,0.2708880332081814,0.26433545112201784,0.2705443747548997,0.20987862933713325,0.289371183135319,0.3078742696373095,0.24500375473092523,0.2765317622161566,0.3019360268853817,0.376972145145,0.2464041065979201,0.247237288255445,0.24884888218005713,0.24512443939213807,0.3305121211267942,0.35092714188073576,0.281205716214977,0.3122883431471054,0.32378840533788905,0.2980243523533135,0.30462172670269994,0.3075229515145172,0.24339212956653003,0.3013890549899354,0.2789243692237443,0.2525491882637192,0.274013106777979,0.28736179069713197,0.28467870526626454,0.28159076862090354,0.3032109773718365,0.28497994205775334,0.28210079230051077,0.2116464377960891,0.3073747255151667,0.24594001280946526,0.2366384392744441,0.21538265066147702,0.23598346437850234,0.3236600386398977,0.30176306695920485,0.3160792453877659,0.27820215307242857,0.24799777652140576,0.27460591688777297,0.2512116892478759,0.23497089620800854,0.372683884755368,0.2692559967470342,0.2819878194369862,0.3504026012237429,0.31197813850135736,0.20595195451586437,0.31374534516800684,0.2648572063641327,0.24979382901217229,0.29871594146153896,0.2828477655614813,0.33171660374243767,0.28734199533456584,0.32190416333522515,0.28703629899227046,0.23801651832658735,0.3007546866111199,0.2408512141427507,0.31838793673968735,0.3980156634241471,0.2807405395577161,0.2865054511974114,0.25783744959222316,0.2369528167049866,0.2408302517567127,0.22882105456018473,0.21387106677860104,0.24448176156776408,0.2745584379732723,0.28099731772111347,0.2942980666675111,0.26232091490868903,0.2664424149288683,0.20064632106059843,0.29342933540142146,0.27660707889759095,0.2864070898115477,0.1997806183888074,0.27133282977129713,0.2763841206047093,0.21438738983817884,0.22374784504726822,0.2881917749959321,0.28444723877464495,0.2701886953179649,0.3556567295935468,0.2644540821696611,0.30242394216003377,0.2474577257112053,0.33803055572217405,0.24000819453559102,0.2640733266757328
0.24966610198008193,0.26294424448974657,0.2429110276012404,0.3202242205811378,0.3047237832641012,0.21023962313059263,0.0,0.2208121164263025,0.23958219688068305,0.28342374409461474,0.2816209429809272,0.2969172762248909,0.23522770940397505,0.2684275438739504,0.2958158654918483,0.2288422415634289,0.22337051161014299,0.25502185231170166,0.24498854831531605,0.20468957843486663,0.26675487029873207,0.2781663684585825,0.32128536720406703,0.27622295269886377,0.28630201877320094,0.2785499041010436,0.23833474028881227,0.20785628190930538,0.2760843260255463,0.231235564409187,0.2667887720975259,0.25981056336722147,0.28328350813677905,0.2518970397725693,0.2526161444089713,0.2852306973884492,0.29586518634445735,0.23052997308521667,0.2708323608676112,0.31153789328969006,0.26451347794693686,0.27026314569434085,0.26270334682773844,0.3085956596658204,0.26854524123260276,0.23510535321940002,0.2476327304418898,0.2892634124121353,0.3954747743493137,0.23832865895329441,0.33196643559354855,0.22875767270829653,0.20525639004280527,0.3206935003985975,0.3817179737327992,0.25769382604191293,0.2418391067918311,0.25247992785550255,0.3182027436012575,0.2397400808074903,0.21679046335513333,0.21634890731676895,0.2109489669037596,0.258642027389358,0.2417196355345233,0.2085730192689687,0.32075012331041874,0.28717682218813234,0.2375312863445714,0.23487472386814745,0.28499240585009783,0.24845225643887064,0.2529908554965763,0.2943477304575053,0.18738675043980849,0.22227662809970697,0.34797558515028526,0.3361170256598561,0.20395785275183612,0.20422451205663827,0.21339891235833947,0.30557208782322914,0.2697442406865954,0.17951577482634024,0.2604406514274545,0.22327645731634804,0.24420935322833293,0.2977576109885834,0.220764167234538,0.252273581193668,0.3257763781702917,0.36386407166069634,0.2920134613804617,0.22149167195395786,0.3138763608262679,0.30893644770330736,0.19193992257775475,0.2596965402203716,0.264015845244117,0.26548819150579167,0.26469522110025384,0.2842986094145457,0.33606225738064827,0.2548545137039627,0.2382995603541838,0.22553172020168197,0.21630718824394515,0.2316983297268601,0.2750458352772118,0.27997900407717363,0.3579980813283974,0.2900659216256834,0.25793482327206463,0.22403600924712372,0.2199686847424089,0.22233447327481395,0.21380066360668307,0.29679827539623443,0.2600759245601221,0.2348519991035564,0.2684516324497903,0.24012060973411992,0.22047167210939422,0.30264776613021144,0.2352185924957274,0.2769574490478858,0.23515849430510183,0.29749829479268536,0.2409779763874999,0.2639042211894064,0.20121421795550215,0.20672982019770744,0.2166960917391399,0.2411624152388892,0.24177479395713541,0.2174880857999505,0.20372539965281433,0.29215688205302176,0.2744089273624398,0.28281262362313875,0.25227354718611794,0.2572576315050323,0.3123186924914101,0.2806600337385674,0.29093011935932467,0.2946964140094261,0.2656157630167857,0.23060173840419024,0.24195545372541435,0.16565036208216155,0.2725575229465111,0.2476924136913293,0.25106789794700046,0.3280831383201395,0.2917979600654969,0.2837791283646646,0.23511940308957363,0.28199017679029675,0.31218513069774323,0.29453011949131486,0.2216659158931806,0.24357391464030123,0.2616585176518108,0.28141697864970117
0.30694291713513094,0.3755478086339168,0.37051320546868627,0.31312851341182657,0.23409339658433317,0.33912313764378393,0.2208121164263025,0.0,0.32473245003852874,0.35992421284300563,0.29122446524035167,0.3191406549643422,0.34709029526591223,0.26438480221306315,0.26813285410055054,0.37116995831589467,0.37031226505272496,0.2848503850343079,0.3063129023082773,0.2980339808277361,0.3664239968486363,0.2758140232570167,0.24134659950275056,0.2525998227838121,0.3293990533895069,0.2707333412319191,0.26801030562656075,0.31831269697270126,0.2965687638200055,0.2852137921243301,0.3414872571523857,0.33123076265896956,0.3135549054499391,0.24898277898446305,0.28871699131055717,0.3133584181396838,0.31031958401321774,0.3903022353964288,0.2744163864729908,0.3344439107905299,0.32868772199031093,0.29073768965818814,0.2785871045570186,0.2857249113989698,0.34877762338228063,0.31168226104582236,0.24652848983698483,0.2772907956994331,0.2791738452068267,0.3061152017913058,0.33435969301833884,0.3275423592798504,0.2557741388835326,0.3117893100665644,0.30857014056863086,0.33064075605358306,0.352319826257754,0.39209305851729875,0.290008234022269,0.3166721456733374,0.40499459142997984,0.24567102753383918,0.3404711610008639,0.22785711904863076,0.2430411271237549,0.28448553786569075,0.2869111546131658,0.25704758730878374,0.2660370413033665,0.4434234971895884,0.3130670539448777,0.3002161315874656,0.29374706974851805,0.38951601395785357,0.4197290817150897,0.24673116453905788,0.29945817425521826,0.28283092071668553,0.3414159394256054,0.2621120564404196,0.3073713037116807,0.30712759188475236,0.353830683563267,0.3558961508568981,0.40358994326551273,0.45486388596386285,0.3728180798363582,0.27746909358052313,0.3466164182940845,0.3028759002705462,0.2969693374159344,0.267106779116588,0.31465590004716665,0.2808423703814963,0.3506551354375419,0.2934472150690784,0.2763122377843209,0.3034249003552386,0.22450495563470604,0.34571445619192276,0.25411191340727557,0.3334216276097988,0.2494510207970068,0.3016402360414021,0.37135661760977046,0.35722429340776535,0.33937305207908,0.32964660561723336,0.3004618957433034,0.28926287040402565,0.2548672434142632,0.3023245560505061,0.34273087213996223,0.3222688987863342,0.32510643470988865,0.404066097507237,0.33283900292721236,0.2530696859530697,0.28552121218634813,0.28247702847890044,0.3032537733287886,0.40279641858688064,0.2807398609333171,0.350251982916537,0.26836165961923564,0.339492254060421,0.2744371499875721,0.29935769253062405,0.36074067123437614,0.2869146983799019,0.3698516958582649,0.39116202627932667,0.31692996080773467,0.27641510081813164,0.289117540102726,0.22430332548294793,0.2527753192562064,0.2873490063616356,0.2835214082820071,0.3284457494177233,0.25704584256072643,0.27424656139823905,0.3488839045132465,0.28736363927487707,0.31541701958362145,0.23730086617624466,0.33879358421698647,0.28848409495515454,0.3771216470253565,0.22292778796969012,0.3386644559685233,0.292053698659686,0.2671650629861926,0.27900857072369806,0.3752285386643029,0.3324609330314774,0.28975618739981107,0.37860032807034477,0.25398640296518993,0.313979703676057,0.2639085024919844,0.3448464905242094,0.29005617918174226,0.3052998011041391
0.32689036803027544,0.31832890116506596,0.29172502622555935,0.2500991082035834,0.2885694031789301,0.2770091656023297,0.23958219688068305,0.32473245003852874,0.0,0.27115516823323665,0.29357311015502024,0.27983017239513847,0.25588574803324865,0.3062484653048703,0.27238687826463825,0.3124031345357632,0.2816242532128585,0.2949060535977189,0.26639781076528707,0.3067723384161792,0.2964060551421574,0.4041081099439612,0.21484880331692863,0.24866359063516155,0.28820330325797633,0.2260230441577263,0.2487287612416975,0.2503568661779898,0.2977816532732535,0.33727793114845805,0.3784668238214297,0.2784031294166108,0.2807197511662663,0.20164043262565734,0.31970397482270885,0.28726095666716667,0.27579637115894556,0.42432745456828386,0.3008510485699765,0.2628528096799639,0.2776202576609722,0.30957228873434245,0.26697027661580947,0.31411956294964904,0.27757018160539276,0.23665579903145062,0.21882107831980763,0.28049707989962547,0.27040306190754876,0.2971946895488825,0.27885943024937426,0.2473673482610667,0.26184225364494484,0.29971647484667924,0.297334258320873,0.3181144763371807,0.3052843864967995,0.3303885214462552,0.2588848890004683,0.2466571036977293,0.2687133008661045,0.24289423222906814,0.26661679510771635,0.2632563539564426,0.26864183310160483,0.2313024842526747,0.26909387932388157,0.27013299951442404,0.25353681188846827,0.3456561383376383,0.3460233680220289,0.29907136913792437,0.2887093927910636,0.2710846269029724,0.3293944543932823,0.2313539828674175,0.2374880948877351,0.2533893792842613,0.26205095345176355,0.2429093064326387,0.27049025781029823,0.3896549647708474,0.36284825973769264,0.2594785293333421,0.3215592809441107,0.3545531430100701,0.29931899405273943,0.29012983846787505,0.24510666286293512,0.3309252797910258,0.32803834228292983,0.318402467795407,0.32680969220989425,0.24687380810586382,0.38603714627082325,0.3377842005241042,0.29012153605126373,0.25817144280459453,0.297852609498155,0.22977631422093825,0.3202833390154332,0.25378603016746343,0.23910849829563946,0.26379732940650236,0.3336334526144864,0.24947204379638255,0.23208745557287228,0.2781710168579162,0.24174217826586675,0.24422397032781937,0.23098870394995458,0.3268696990563083,0.2812615247219333,0.3453168319693362,0.25497651360039203,0.289222538740178,0.2574247720540903,0.2876790099828032,0.22482030733376612,0.28543413126533496,0.3398310910115979,0.29983346588181875,0.25755909498844237,0.31175308712150923,0.4209270842950487,0.2861095826822805,0.25521774968637817,0.2617618416948438,0.26104312102985777,0.2978455493421348,0.38377381320362,0.34690907839374935,0.281066971999574,0.38053221099216983,0.2930919251337035,0.26919454040643026,0.25203617013498514,0.2790354672262071,0.285573360248929,0.3586043158587576,0.26441883483219436,0.31731434978805306,0.3279129104832509,0.36520445895635395,0.31754147731407334,0.23387176253216974,0.43375779477403925,0.25228320070832566,0.32217960049666705,0.22441793502526092,0.34331744190355995,0.29452652626404496,0.29933343100691995,0.2517848902125144,0.29549632418218397,0.34534012452424623,0.25826924794524664,0.2890558126221511,0.3063943426376151,0.2748620272026565,0.2139941008571035,0.35148453309170846,0.3053122742926606,0.3580384221013674
0.33258066557639704,0.37260885032816893,0.3969381544905987,0.3343371945096646,0.2862510960260405,0.3174922710741785,0.28342374409461474,0.35992421284300563,0.27115516823323665,0.0,0.2801475917133619,0.24835934469777488,0.3699032992199689,0.3204070858265793,0.2849435274356007,0.33690088637289334,0.3686900144844045,0.3537440879672365,0.26900449452464154,0.26640706443877293,0.3300757700071749,0.29087471086791106,0.3111047045000586,0.25474917434138306,0.39381929769679896,0.2792972982502783,0.27108495670756877,0.3172291156665714,0.3516761101181757,0.2666014240216829,0.304569620411211,0.3552995781653494,0.27161057573054675,0.2478929550310495,0.30656276898920354,0.2798676550082747,0.35492844714667404,0.30040438604656916,0.21898988291316335,0.3671768654912101,0.26407638745252304,0.3411940112591167,0.2965697684841983,0.2853235084958129,0.3143280331131614,0.3017832343916112,0.26628867705230097,0.2880373328947186,0.3620646220947743,0.27202232591834724,0.3649111351108125,0.3058040739733871,0.241912388686005,0.32849100964824873,0.33382096217076423,0.36675958623825955,0.30849340220035104,0.2763934094365583,0.356052181079413,0.30756941064729715,0.34928737429211254,0.25489174408088483,0.2912401021072491,0.2291405989033317,0.26459394821864934,0.2851899682124801,0.29817279342274094,0.3168074976836014,0.29787556496605844,0.3828667508068829,0.3271658265870006,0.3494127419842961,0.27218466033605276,0.415849642454259,0.3068565629840594,0.2804353539897562,0.30426457120988676,0.358799644955333,0.253533547942411,0.2973945365865534,0.327237892851471,0.30806466735992805,0.3859692089735276,0.30197333939646576,0.3401036091050518,0.32279956522075703,0.3131207366368067,0.32009363805500995,0.3550404941105291,0.25623156003404424,0.31441039308325436,0.27994076993834205,0.3407621201825542,0.25323652322071777,0.3727934255118554,0.2949097757389398,0.21726134900031263,0.298737472162357,0.2512135045539898,0.3682164183025499,0.27087187660469797,0.31126851713488685,0.26547779411542316,0.2940960652466892,0.3173914516000836,0.3238363287401344,0.31925367694693785,0.35528301455772604,0.32271401534872585,0.3104465577191656,0.2745719490857492,0.2827410378591684,0.35615271001150883,0.30631672230833334,0.29077618442461955,0.362065068428207,0.3184105702392985,0.29947965802757465,0.3147713033445526,0.3116650686682876,0.27910868877011,0.3069898535333519,0.2638993721887673,0.3825964756323888,0.259914284069772,0.34157916893105983,0.2849101375454053,0.2734347770802602,0.3402128440708545,0.3251003554942901,0.3551375440297753,0.333756669815664,0.28796044716194374,0.23843109875956817,0.24265042640656087,0.23685705646699823,0.24477487264723252,0.31822160038486336,0.3035362519348157,0.3013559726621519,0.278105331914106,0.3207744765853854,0.3685354363756425,0.27144714305243955,0.30158092299962735,0.24810463974101085,0.2574279033051901,0.33275839088421444,0.39401042067133213,0.19959246475721168,0.2729322170794858,0.31153766584279463,0.24605946700808534,0.31381394026044723,0.31302314044681406,0.3189868250023727,0.27000860320847403,0.4132382758387279,0.30061070002170204,0.40229706720166347,0.3744302693106081,0.35642558380059214,0.2971903262913158,0.2841686055715749
0.34083420712884965,0.30650984520055663,0.3193179269834278,0.3106228170455116,0.3219685912825574,0.26545181204287205,0.2816209429809272,0.29122446524035167,0.29357311015502024,0.2801475917133619,0.0,0.3662541317697449,0.3059402287811071,0.24979824923994312,0.26244602643550186,0.33557552155526105,0.30220343936002597,0.2983593130858809,0.27027717394596446,0.28291493306440063,0.31837459857723605,0.34634944586429456,0.3013287216674437,0.32372475387220645,0.3450954233440497,0.2863248412605412,0.318710779011385,0.3023127917281503,0.30225581984656824,0.29568521418763105,0.2768497313992351,0.2666509127574921,0.2577364117941669,0.2543794484964507,0.2905821845266586,0.2902057001350276,0.3749699342659724,0.30745519938873034,0.2883021886373562,0.3082268379975528,0.2546941104724133,0.3605907640554939,0.24395363129062186,0.3175709426330148,0.2863547246198252,0.24762516575355917,0.20080254501172537,0.3604121201953208,0.32719436186841966,0.24635581130728887,0.3073453946917933,0.24926968423721468,0.21257854352925407,0.31286713327320853,0.35085707887998,0.2630807063124871,0.31461865560828883,0.369290981915612,0.2630344108497616,0.26468680789925464,0.28337055401711564,0.1834587261814228,0.2753848681441136,0.23366377544440917,0.2084963550046174,0.23408744364772252,0.3124115235982509,0.2539767466041682,0.248729850987389,0.3314305336121811,0.2856201224857936,0.2431743797488412,0.31154198626568774,0.31808500774803394,0.2816188738683368,0.22992244408129053,0.30797094230688893,0.31646898847310834,0.22358762901980594,0.21795114796369303,0.23453696083741818,0.27569301115139866,0.2888511554766103,0.24477525945533812,0.2906255694199457,0.29514471383747864,0.3362818826369263,0.2353116736289781,0.23991758052264592,0.30306307262623744,0.36958750607355106,0.24154253664987432,0.3046620362875279,0.26588011870878797,0.3000048746583025,0.29696921594423703,0.20468749176733947,0.24156647807295575,0.2252305718619762,0.2458422794879276,0.2722966936219141,0.26881571716437747,0.25055171318621505,0.2389128645168073,0.2789716431549846,0.2359193069845924,0.2276707345011226,0.30986326402086345,0.2416316880890278,0.3482824133100208,0.3562584687029815,0.30379905474780317,0.26913437068113,0.2875037870738055,0.25756852709953065,0.3136233200115755,0.24300016124046253,0.27913651088706637,0.26554773442202295,0.2665245909009376,0.3057882240281614,0.23629512155488824,0.2693473756377778,0.32930572149850634,0.2531539120027031,0.30173435329401527,0.20119658661835643,0.3037644082565644,0.26665373455146496,0.23873300788672627,0.2508951371501537,0.28167071437867797,0.28615364322621434,0.299126557751312,0.3279705726063971,0.21513266717541024,0.23477309143937042,0.2588120734897737,0.3004451377907661,0.2864694437249377,0.2435129721772179,0.27147965910927807,0.2716634568168276,0.2912375978749565,0.37576767383669746,0.2407773054310269,0.2881309030546161,0.2144598829999787,0.2901210409191726,0.20780214911653552,0.36957728135506474,0.2303098967824397,0.3660580537492594,0.24236821510264292,0.2929591999367928,0.3441979009020164,0.3219074280584645,0.32146878139914603,0.28356164422022795,0.2607632769818933,0.20626669812192736,0.2933613751108778,0.226942692935449,0.4735558976844624
0.27653774290282057,0.3082380430971647,0.25971443844345116,0.3343360047900615,0.26518925218235284,0.27891380119108616,0.2969172762248909,0.3191406549643422,0.27983017239513847,0.24835934469777488,0.3662541317697449,0.0,0.24042240481570584,0.20647426219876833,0.25728217324536606,0.2930751428100976,0.28459923616697874,0.24326143238284034,0.3706721896802903,0.27233698866891437,0.36970112766331503,0.25865693629681763,0.2829016994375504,0.3023413871859302,0.3423936792417732,0.28899977956609446,0.26903153525500506,0.25597969597454445,0.2805030621756802,0.2945951697772359,0.3161492283280354,0.2644825758829342,0.2988078594982319,0.2997798608955214,0.26655271036241845,0.3067184098018823,0.31032508505546746,0.32128630399219177,0.36936014153786884,0.30125575178925473,0.33765954086263195,0.2818605453705532,0.2633982729020177,0.33114691504909266,0.29120018911211504,0.2700029818204763,0.2334669451263314,0.3066044832306032,0.30368146197726537,0.2716148219738278,0.34225084599968686,0.3117870286041659,0.22509896727762216,0.34843647859212584,0.3574717184055333,0.2603641462274518,0.35828629605739154,0.41101551053384905,0.23793716192589184,0.28326207090726374,0.2576715431923639,0.20001907646977404,0.2871629895752775,0.2363619782370995,0.22612126760430823,0.25019090125806964,0.26688506915462673,0.21935614602786946,0.21196913435419776,0.276692402547414,0.2640863164408907,0.24079051725616044,0.2640423494537175,0.29222929966592676,0.2772529866012223,0.23049527909012474,0.2896949855142884,0.33286607383917005,0.27095285656408125,0.22805882414474413,0.2399246548063351,0.3047191943027363,0.2916383472460734,0.23234449398317553,0.3476833234765415,0.3297089390126039,0.2916976020732712,0.24742726999449507,0.2725007749850799,0.31631125793146003,0.3225970242483517,0.2954185786254409,0.2922760070524924,0.29003694905016114,0.2865176372515354,0.3181540482290034,0.23148465685113348,0.3026971820834443,0.23300390219199452,0.25641439846947806,0.2516880679642539,0.2799625288288403,0.3117584509457122,0.3075737103999934,0.2830489773698914,0.2633413357720326,0.2804932430909221,0.27387195023189714,0.25945261889433235,0.3265425781718748,0.4505567796558986,0.36243138539406133,0.2529106770758027,0.30739014009363513,0.2720674013339576,0.29653146651493806,0.27440883971792274,0.27410188144828584,0.27978182691215736,0.2486300509864402,0.2875552291954817,0.28881575043748897,0.2711991208818518,0.3249558069371914,0.23815596939211536,0.3434616084611255,0.22202926161640027,0.30864288913592425,0.29854322880510026,0.23902763899443802,0.24592980777369422,0.2760419100855351,0.2591449461090889,0.337039496726673,0.29977049680845064,0.2009362470192264,0.2539579279872937,0.2757666106987024,0.27042519727439235,0.3337419950661956,0.23097838297539525,0.2528075290183319,0.31269127733218127,0.3075022568188309,0.3592158204583741,0.29272502464232736,0.36193202078463593,0.23130534141337833,0.29937328545497743,0.22333144675511923,0.3819609445832717,0.27355221382460015,0.31077047346331715,0.2425206629809167,0.41727060012204087,0.28219381090823487,0.2694066439721084,0.32259665238580953,0.25905339654792814,0.26191424879124314,0.19411144005780667,0.2957391979081121,0.2638021072654816,0.35505636745923697
