0,1,2,3,4,5,6,7,8,9,10,11,12,13,14,15,16,17,18,19,20,21,22,23,24,25,26,27,28,29,30,31,32,33,34,35,36,37,38,39,40,41,42,43,44,45,46,47,48,49,50,51,52,53,54,55,56,57,58,59,60,61,62,63,64,65,66,67,68,69,70,71,72,73,74,75,76,77,78,79,80,81,82,83,84,85,86,87,88,89,90,91,92,93,94,95,96,97,98,99,100,101,102,103,104,105,106,107,108,109,110,111,112,113,114,115,116,117,118,119,120,121,122,123,124,125,126,127,128,129,130,131,132,133,134,135,136,137,138,139,140,141,142,143,144,145,146,147,148,149,150,151,152,153,154,155,156,157,158,159,160,161,162,163
0.0,0.320644547557993,0.2861873247030982,0.2799887539650971,0.26262105332586916,0.3116356671517946,0.2736121566382218,0.2798883279258201,0.3629451825721808,0.3033136409322604,0.3419754802613405,0.29144057534112444,0.3993789734319637,0.2879836779999388,0.31723243145318575,0.3199595223189974,0.3399134509823275,0.4351503841194472,0.32134429903653994,0.45590864758727306,0.3469630297205542,0.3338554394973328,0.28093036736495286,0.3139530152062867,0.4105363268299627,0.28040350171965783,0.2611498838115081,0.34227164027913626,0.25080048167843016,0.28544913777475717,0.34081384567453427,0.3578244081036755,0.27788794058105976,0.3198198250086274,0.3854362493726782,0.2981936309959611,0.39204023117093145,0.3515607860759553,0.2643384308948992,0.3400755250829382,0.2787971462792532,0.3268250245288812,0.31954283066705613,0.357425504321415,0.3222671822770005,0.3807719362045903,0.2648318709682278,0.31407563360716195,0.3740234570696396,0.3629443940128285,0.365888960963105,0.3384695475114154,0.2785954320266952,0.3033547654805605,0.2960580979450722,0.3362921114449363,0.4500356847885533,0.28241497885478145,0.3017571273432106,0.33756009040707247,0.29128534401948447,0.26007203910525084,0.31927781112663867,0.24640931908427297,0.3281068148275835,0.3757082807255804,0.35286847385041037,0.34529903900896797,0.296048255259026,0.3191228086713549,0.4271665536899067,0.3141633907153081,0.3664530280135891,0.3501168486729565,0.350637651293408,0.3630521406905929,0.26073147625777876,0.2700280539617675,0.32369626000863155,0.25489524567087746,0.3256683625803771,0.37001848036097246,0.3334693290082188,0.326150103228986,0.3517233155172802,0.3954655703055321,0.30257413927999355,0.338709694995491,0.35974463140078694,0.3400923191723783,0.36261974519979806,0.30017010303502345,0.33644868400016265,0.39448486712010616,0.34713332124590796,0.317083069596988,0.24166364652775668,0.2895072940485547,0.24830942539870784,0.3724861532744008,0.319973971666598,0.24675961088503265,0.28681534421470595,0.2628054534971819,0.3569338253108786,0.3316068310489789,0.3080564162057611,0.33478373163598263,0.3210331239071675,0.3183860776092841,0.33611897668717583,0.3626351358848171,0.37617469207948584,0.2904716138284948,0.361535870298247,0.34312116025252803,0.3326089796703234,0.32765449493543564,0.28622021816159526,0.27980345466375967,0.3032642945939339,0.2417052093419163,0.3344910883452437,0.3985884684435652,0.3004946200097613,0.2996874084667604,0.2645220836186873,0.2433738789805423,0.29033141294217407,0.35063545149285513,0.2868586450955755,0.29182130569035397,0.2769036946121075,0.34654092041625945,0.3299764537691078,0.3200616849092213,0.35032551844054727,0.3383292127530419,0.31703076872918945,0.34946146390532723,0.279476320113699,0.3066964644965588,0.35371902640159864,0.2961869547632746,0.3729410219461187,0.35046435419955024,0.3207272069290442,0.28304400291719634,0.3642232872509317,0.20208356709553513,0.40469211283934603,0.29480180939112627,0.3402141181542762,0.23900406562511697,0.34476369833772136,0.38013761209479435,0.3112534305678523,0.3331412318982752,0.3045494816641376,0.3536066160822249,0.2730537635163644,0.36723372640796625,0.2516118349071945,0.4440604718438269
0.320644547557993,0.0,0.3029189904572136,0.28458946415856456,0.24954373447706402,0.33248434065331484,0.30720544858564475,0.298965746945024,0.28805765646062326,0.4171718245437637,0.3020542960724935,0.3122053203296891,0.3053143723986583,0.3396969899843986,0.3054026080395949,0.28804211917271433,0.32934366426570977,0.30968870349316674,0.3110295758268245,0.3197980733501236,0.3146014219201363,0.3678913581810481,0.3032246712295382,0.32173268697025553,0.36337946435603274,0.2490028833796055,0.2515878272689801,0.3238142148373445,0.3789818747961252,0.24433212489915856,0.32999176743358394,0.316964656456932,0.3207871168144539,0.2928380479569232,0.34456404554347425,0.3063478608686248,0.2822225448303678,0.31158023098029763,0.28125077959197253,0.33719794435215816,0.343983919546624,0.3463828267183837,0.23215741149184813,0.2973326867864779,0.3403618943491966,0.2874447482616438,0.275970419978539,0.25443015228245186,0.33904268618161676,0.2857001454002494,0.2945433727781196,0.30411993448844366,0.3221042211832681,0.3597483750913499,0.3169645904021102,0.3675009843499974,0.31165034994804924,0.2643791560022464,0.33190542838000403,0.31987561148236754,0.2938899497525282,0.22187830004203732,0.25581919181050816,0.2567824233553443,0.2727212472737864,0.2740272340180583,0.2942103859092197,0.2657732068784495,0.2586973534708334,0.28665934554239164,0.2923111466391249,0.31533536266973494,0.27259904882676794,0.3137965809187779,0.33711673302120493,0.30648119370696797,0.24210952299844032,0.32686592527428937,0.26813940093204225,0.24423793220668372,0.3069725271727295,0.2907988925802849,0.35811522914253047,0.28644332288114926,0.2951569880757685,0.3952574745280693,0.23811638076054978,0.2504100346948295,0.28900533165705067,0.33295645926762557,0.2657279942767841,0.31370586127222616,0.3243484610358125,0.32426754541697017,0.33530493340369355,0.3523602312746996,0.25061379932810535,0.33650313536115917,0.24288379547222405,0.3398639471339063,0.3032802042306145,0.21485301784245625,0.2237048849976932,0.28483785439124887,0.27686934675311303,0.27470834378392434,0.26451914464510085,0.40448816651699915,0.3267687576254628,0.3603153594664247,0.3044568207618294,0.2735779225022404,0.2926219823736957,0.2616642079767393,0.32199674757650437,0.3931307444441123,0.33628673995728686,0.25494232891930535,0.3093763432393076,0.278412990396862,0.28801584056635143,0.2286285197010533,0.3046848645338958,0.3568808430821151,0.2807154350153445,0.36376430035449436,0.2640768870387682,0.26991387420543833,0.38157890546332934,0.29714671054226455,0.33646938122862285,0.27001689995149664,0.23702721785537265,0.33874148808074994,0.29078374694771597,0.2875608048819554,0.30663796916290265,0.3304450097280907,0.30119803148652885,0.2735889440399048,0.28023616772450394,0.32715932586431845,0.3772227878156721,0.2819621761788055,0.3371021407279941,0.2785413741883528,0.3062474567071741,0.3019643080879663,0.39670295652950277,0.23399543268940867,0.2728898408980617,0.34180261475544377,0.2833668605257892,0.2973955194981282,0.3177987855781881,0.2986508899042889,0.27375991858166654,0.3303537518534456,0.2927879651398858,0.2778541415697979,0.32108774705039234,0.34942721832595575,0.2594511718892315,0.3093118275507856
0.2861873247030982,0.3029189904572136,0.0,0.2793477813860459,0.2695048027669361,0.31769683292370654,0.2533561462798546,0.2884972059561095,0.2661092853340008,0.3519226349962516,0.34208592989003705,0.3106938325839434,0.330551854928832,0.23972141590279056,0.2998310801406607,0.3955734826245959,0.3469765988882756,0.30094035589037943,0.2658178234363054,0.254291167578971,0.3705695228328132,0.4307583775993562,0.23824312427170638,0.29441580247849697,0.2991823403971031,0.31118961461464534,0.24816794301306083,0.2832976012518301,0.2566133243931761,0.27401519517941914,0.26525803890015764,0.32492916403378047,0.2658202605398157,0.24909845937797465,0.23549572866995597,0.2737266585271372,0.30091068024471956,0.2927442468560684,0.27824179060119214,0.2976764404940338,0.26607779470181514,0.3058885123239584,0.2812334428196821,0.2790821472945743,0.31046894157377486,0.3013667849261148,0.25974837727174854,0.30291709861632604,0.28846453213516865,0.2780629712263387,0.32478877752645613,0.3122295115421237,0.21691265948625715,0.3464550523842579,0.3045393280620435,0.24811249674498237,0.2857902258757702,0.31360189489664514,0.2636008724866082,0.2662406901421155,0.2667037784823899,0.22993629679015692,0.3119617729985122,0.21380093505006764,0.24090008790280193,0.27910249537728726,0.27642222147219625,0.33472045205729933,0.3039874379528591,0.288970785477404,0.3301628914832089,0.22891820286728964,0.2529851997333832,0.421468655366296,0.340425895979184,0.21665669832335901,0.3080467884160321,0.3007413807713219,0.25675721914967675,0.2113666284245044,0.28136851573872673,0.29742541319630966,0.3392191028974572,0.2742914316394055,0.2612755492396954,0.34600485744110276,0.22620187255286098,0.2404807965987917,0.27361136414238924,0.25652699617926383,0.3004773054894335,0.22320564108623733,0.29009783731344646,0.23199406688943652,0.2738355650503487,0.29181917391359785,0.22760847695706374,0.2557522130523765,0.1945424539755748,0.291767208025786,0.22292131873534438,0.24573624062507712,0.22314214611813638,0.2643758015428734,0.26553002962316963,0.34930369358412533,0.29310686115152246,0.27978490527194383,0.27991371509221247,0.3101929618344403,0.28913165282759457,0.24646934922085986,0.2652473787720634,0.2523434958932284,0.26938124988673023,0.3309957801760308,0.23085405845502305,0.3071792193301465,0.2925725584360736,0.23850446942268289,0.27414229653076205,0.21935723297253756,0.22233920766966786,0.33465833328190725,0.19475550511868872,0.34273013719809386,0.23640051961589859,0.284443264394525,0.30470022843378414,0.2824468360169414,0.2623240592186761,0.3902388534316926,0.2098973834254211,0.23738106107703016,0.28522443408836834,0.22984785288948598,0.24812020686288433,0.2557628534402232,0.29541755716651436,0.2739720877440593,0.2386881273350813,0.2661467730689702,0.26894964450841186,0.2676839146217892,0.2896683747658202,0.23849952996517576,0.34627392221578635,0.3010849956651294,0.32710409029738535,0.20183046958208703,0.24026254835447547,0.22160638799269142,0.27799292709431145,0.2971207695575899,0.31453175604608696,0.28130777334299983,0.2814139699428204,0.3685299293979742,0.19893962244301316,0.2749036354308812,0.2795694359223197,0.21125140262867226,0.2286596238111577,0.29672732322575956
0.2799887539650971,0.28458946415856456,0.2793477813860459,0.0,0.23621931023602255,0.26904086851812414,0.30897256966815906,0.28250656845006794,0.2634807180733767,0.28480697292446694,0.301633786462016,0.3007225807370354,0.2851422022118799,0.26546801981570006,0.35255126146076154,0.2695986547085787,0.2949414357434364,0.3124045069166359,0.3056572993218015,0.2579637473804877,0.313641313569616,0.2883945378473442,0.2869776354312839,0.253392692506705,0.30069059556674976,0.2947438564597788,0.29942782585565114,0.30131167498535105,0.2462581490315001,0.22641264613865417,0.2960713031668996,0.27683308773940724,0.4410054357536443,0.2928774810703986,0.2715454331066873,0.3077596307129554,0.2788505220887127,0.3134104314384635,0.28781237474040605,0.32125397088439234,0.309654401486816,0.26922435719782095,0.2649560800971551,0.292743292394977,0.3086516731614796,0.3247270945056051,0.20256274191779663,0.2488501758617648,0.29527647964412096,0.2887451402746278,0.37512730178857007,0.30150882373943233,0.26559542547825105,0.39636658935623637,0.3233559402491167,0.24190621259396647,0.3212694398503602,0.2971357372583969,0.28784687413288573,0.31614271458271737,0.2926746259810828,0.24579546292155308,0.29889395681033526,0.2188736461609846,0.28247389890752544,0.3133024862416712,0.3487736396050052,0.24896669807507002,0.30008662034076006,0.2886904335357955,0.2872988722274944,0.25868801882168113,0.2735109079380763,0.40414094172560133,0.3252188419462878,0.23814325333250702,0.30875424746170615,0.2852096066996009,0.29683313166994085,0.19340836582787793,0.24837645674318107,0.3645217563275774,0.2610611696512642,0.27232179641903137,0.3257611679229523,0.3089415651052525,0.26241568528184506,0.30707849879587484,0.30582951708576994,0.27078991980626416,0.3159716291867375,0.29118976244122236,0.27730696792253784,0.2625438074320753,0.32312604135606726,0.28322689962087094,0.24246030747300668,0.28184797000625444,0.22284727105382987,0.32954837150705296,0.26169584674515173,0.26172810629559096,0.3313580097026284,0.28325427329508923,0.31000716018240543,0.28744524602635485,0.3097631902214472,0.27046254173880574,0.2964897766202459,0.2418888892702166,0.3253097577309537,0.2922517600765549,0.31309764106426347,0.31518526705968875,0.3171542501921231,0.2859639869544205,0.2703017176252842,0.24493832211470115,0.2821244599979658,0.28067866496076527,0.2601067371254511,0.2916698130945979,0.23489595936438062,0.3082308065741517,0.2141180009068583,0.3014446504165521,0.2699373001548341,0.2591237485288287,0.29692946630709316,0.32702395281802793,0.23948880996323368,0.2899855025219235,0.2551001689855844,0.2916029261537222,0.28117318915096934,0.22203526407233298,0.2048130847862633,0.3087959348089676,0.3120104526346998,0.3112903365082861,0.3577691721208764,0.25277513826716813,0.3369103135365947,0.29643903370712105,0.28136347908890613,0.28210351187468913,0.29185986727089513,0.2755938617305479,0.25812988217543087,0.19298881144492172,0.3104375852240999,0.28400914229233826,0.3092723607828876,0.24204595293750655,0.33811158884500947,0.29643802393429886,0.26586252062952587,0.3019439830242989,0.31667800684561437,0.2823798013185484,0.27738304959785476,0.24917372434629798,0.2671325143098833,0.28250636204049523
0.26262105332586916,0.24954373447706402,0.2695048027669361,0.23621931023602255,0.0,0.21457162164711105,0.3142729980845695,0.20939628119348108,0.23680705239241548,0.26165765108300604,0.2651143522204505,0.2496043139858983,0.2244875313684991,0.23320978967277645,0.2862852681656377,0.2617758265283588,0.2885230206877124,0.28356272413576983,0.23276038079929404,0.23084106535005408,0.3059479872163068,0.2774562894462387,0.2980831273126152,0.2802432495229535,0.25485806360977437,0.2510860318297962,0.23584917388655918,0.22659351925715152,0.22285786222482237,0.28426049301106804,0.2513526706023919,0.22927377184995026,0.23171193068655063,0.23167055225656227,0.287618226524855,0.27425013590504954,0.24923861730933633,0.25588115527249256,0.2577122369301435,0.2747153160949498,0.283579369323354,0.2994424365415576,0.26531298003306525,0.2980308385782886,0.22038798821436464,0.25153889532162454,0.2928778791782236,0.26586913009116125,0.31018542855964754,0.2781443876911489,0.2937524006370288,0.2615912022500263,0.24159166995769704,0.2502728376422273,0.2476391270766704,0.2323070585995596,0.2516796210269493,0.2820566306166265,0.25624455380467037,0.2502923603756198,0.18712325452765272,0.2125252394371753,0.23851309593363604,0.23934236204830325,0.26028391686902463,0.20863208266026695,0.22145286372155176,0.256851283745076,0.24025315830013877,0.23587723885838036,0.2623056987069858,0.25127044274434474,0.219143028126396,0.2677102991927268,0.22734850031774204,0.21786220818482743,0.23827893638826958,0.3915336301806568,0.22349799297786288,0.21318380723873784,0.2545879655864982,0.27389937122354757,0.29967383662269514,0.1986400731924507,0.25443982702069534,0.24717913943356468,0.20120541185123794,0.2427647828121539,0.22452476186413425,0.21990653984010233,0.3646515302410214,0.28196709050014573,0.3237996124979489,0.21319881713783553,0.2796853629697266,0.2363204561661961,0.18004955498431863,0.2354974921216057,0.23246482167888485,0.22914558428321022,0.2229493908990807,0.2034682738158173,0.2474896800583892,0.23868468741914173,0.2349740457862307,0.2595418769101585,0.22986687601447942,0.268603111682981,0.3055397118390142,0.2603977554501571,0.2738499773903865,0.28489218379918646,0.21760557461982896,0.24669121397728663,0.23217182317293172,0.261527162028134,0.22797068041571586,0.2605036241036565,0.2382496873602864,0.2443454988257686,0.34309393900903673,0.2137175361082907,0.21387371667186084,0.3133392335824535,0.22000136234370174,0.23194588130621496,0.22994376658556148,0.2370682750834191,0.23880587473207462,0.25474004150877677,0.23729256013144062,0.24406100972986347,0.1815080678277284,0.24549272427990915,0.22714190760438469,0.2559595657307553,0.23771942586491165,0.3059766613517041,0.2461855620434814,0.28785187428004266,0.2014158665418375,0.2525153531266073,0.2929278908420218,0.2635203956120719,0.2796976505606841,0.25801886445365263,0.296700622905652,0.27234499047246385,0.2530259332200999,0.1935713882532924,0.22650311701663386,0.24427576685030725,0.28441106306140884,0.28259881746740295,0.2808235838906827,0.2406024087457532,0.20814980889089035,0.29201584183403523,0.22250867956934134,0.23708278728396542,0.23731347881477777,0.2301498192795469,0.2515545240703804,0.32222945143981657
0.3116356671517946,0.33248434065331484,0.31769683292370654,0.26904086851812414,0.21457162164711105,0.0,0.23647359669812298,0.27736239993622047,0.27393471297305083,0.2714882649436975,0.3328800790916372,0.3379394553746603,0.3571678876556723,0.22578325802754234,0.2825814102154346,0.3335753955697503,0.3015644674720834,0.2339875347554005,0.2979913131600066,0.2907990482741887,0.3169211519255947,0.32062883056102987,0.20127624404074237,0.2546648584008006,0.32198975505236466,0.25220027206506995,0.21711327493526095,0.267895953268454,0.2610608262192443,0.25477330885193494,0.30608047326777343,0.3678502063299419,0.3041391654308224,0.2608585817467266,0.2628094257085661,0.260337042607274,0.3171341853636066,0.2735125930185675,0.2682726067051838,0.2389621594374341,0.27034126186634444,0.29417250081459817,0.2553039946350896,0.33265933048986085,0.2751143507421367,0.2603061091134498,0.23368103246750532,0.29736900490313994,0.23248757961348346,0.2714245264410298,0.3037684738951426,0.33062163744893336,0.22563299154174807,0.338315207800663,0.28209383522265524,0.31018079372508917,0.2806725236862575,0.3471387800874629,0.21694336821909324,0.24782059124228417,0.31958377304595176,0.24914744561229704,0.3150716257699718,0.19341139554873263,0.23210298740606145,0.27366080244058016,0.28048545069013187,0.30758397914625274,0.23164897560348185,0.2684099779316906,0.31318576456032715,0.2172648187959399,0.27610585983795993,0.30698607867826905,0.35375600828092874,0.2498650183406689,0.259795273799371,0.25652585953837814,0.24566905057820657,0.27534649433409897,0.3376823210729501,0.2814676145846374,0.3027408097725277,0.30546878184382437,0.2650723428779194,0.30400982833581663,0.2827885204382442,0.23830816382925077,0.28750451326519033,0.2859104970623787,0.2785657177331232,0.2742630607422496,0.2831423883583353,0.2662077581802091,0.2416344120911819,0.3532805478031281,0.2563378914335413,0.2952578551340694,0.1981677194165602,0.28179851786853455,0.2463456855828988,0.22154926900000893,0.23154689706339035,0.23777607765942577,0.27914397934592383,0.3153692104519248,0.29532157714858,0.2829947198938287,0.24388570645351287,0.31017045148469397,0.3091858331012365,0.234871838638696,0.3517608837351307,0.2617347434537799,0.2696724316412992,0.3147218395039686,0.2736191418375032,0.23341325878912572,0.3342895022768068,0.24472208223685124,0.2417963427575645,0.24112934980223877,0.2741827597129231,0.32424993778837935,0.24847787149378542,0.3479342989953453,0.24898631906612334,0.253232170035084,0.29152612620009083,0.23713839631000616,0.2828242569197104,0.3687646815780792,0.24845070195245458,0.2842629892074213,0.2956681032136729,0.24367195884747292,0.28630384274974235,0.23622578951045778,0.23348815670938014,0.2575049475605688,0.2724660661852441,0.29371086847821576,0.25831087134146713,0.25811734135501735,0.30170934068274674,0.24970017174396505,0.3281084481180564,0.28302800453528687,0.28655252831463957,0.20613992844413506,0.27199339082248153,0.2527636733831564,0.23214806479676883,0.2305829573530339,0.3270233845858612,0.28911143639545617,0.2753134631420112,0.36086014922573806,0.23619341249681736,0.2873331686753896,0.2317065290412352,0.28426788561677097,0.21849339393603004,0.28921792482970776
0.2736121566382218,0.30720544858564475,0.2533561462798546,0.30897256966815906,0.3142729980845695,0.23647359669812298,0.0,0.2195222709440948,0.23986914349913238,0.3013740585636714,0.2767486867527108,0.31214273594229525,0.2589916326193978,0.27027283374964856,0.3520864299886695,0.2417801560597847,0.286036146047056,0.2998648693909359,0.28444894210764754,0.23150900071239272,0.29627808117803317,0.3009447497651189,0.39812376042767483,0.3171377805488842,0.29701838112661716,0.26354958314030763,0.2574673064900682,0.2574810916482533,0.28802164972122357,0.265552023621643,0.2675376442515267,0.2645186046996576,0.3049644376936785,0.28201754241225707,0.27314008976152865,0.26016539160823343,0.2838046879666575,0.25319182127313056,0.2709114533504473,0.35970144156550005,0.3289657587326216,0.32278533386751435,0.26959474146085777,0.30691272035099965,0.2627902918909629,0.2819600772396478,0.28816150976992977,0.23794875090631737,0.4130866963642853,0.25679029425629346,0.3301971830038216,0.2740468541625539,0.2579367507111887,0.31279782532209555,0.30155253473541666,0.2740357843392228,0.27382867499142,0.26560453809655404,0.3299764997200357,0.26407818312734777,0.20426101759530213,0.2149348169155762,0.23498934653325734,0.2525276198340097,0.2607500775986157,0.2213891255785893,0.26930326535126703,0.276993122391068,0.25430600824077476,0.23627397399743857,0.27784931002279334,0.2614528491401259,0.22807081925099434,0.31412458328619614,0.22251304955895362,0.25664141387644873,0.29158619838878125,0.3572186050480362,0.234533346482921,0.218685780062612,0.26726212667123256,0.28872718354484134,0.3035745235377177,0.2034083480938302,0.26223835128218703,0.2676727417191369,0.20673841941428522,0.26495862831783296,0.25539476590910243,0.24534436437143128,0.32462941602024337,0.34597022233183705,0.31301760910401827,0.24651524380684248,0.30048945936175525,0.2941674113063253,0.1911487103186777,0.2966853712966325,0.2468248387272665,0.27970477330755694,0.25126462375724473,0.2252097186523666,0.2786582693682098,0.2739090498569108,0.23537170700578747,0.2672780414248405,0.23420545399248574,0.29382558954914306,0.3502791781521447,0.2950397744159694,0.3621094044351712,0.27244653212167974,0.23616385638987414,0.23999418069635395,0.2525903479330483,0.29103552868051297,0.26795564549274903,0.28433572005235985,0.2781274860027201,0.24713417283642106,0.287828846297678,0.2173739280105546,0.2335475557330251,0.3452045961677435,0.22757884636426903,0.29440176466820334,0.23299107773050265,0.264035176110336,0.26078535844166567,0.28587704406530895,0.24071451316191034,0.22692739593448427,0.196961172733136,0.24689980006338497,0.22445233679090454,0.26518178551019683,0.25199644467926113,0.3287739491795138,0.2745709129864939,0.28716028556295026,0.2541835055796248,0.2561942696473722,0.3265153234441226,0.2537743006594552,0.29018281577447036,0.31112069412571636,0.2876433277771556,0.3072040683670306,0.2663565347214625,0.19533230418883246,0.24423415334774454,0.30380455967110487,0.2800365506121953,0.3200090066532027,0.3358092434062856,0.26324917038855744,0.2609131298683741,0.31176250883715867,0.29139609110949416,0.28421809733339015,0.28767218871235145,0.25962809428226086,0.27150103520234803,0.30628744433260485
0.2798883279258201,0.298965746945024,0.2884972059561095,0.28250656845006794,0.20939628119348108,0.27736239993622047,0.2195222709440948,0.0,0.3072572439717122,0.29137016757481876,0.26880379657160186,0.28921678946725543,0.30937754368632114,0.23770584652488747,0.2771767255629037,0.30880703227611617,0.2965090014362674,0.27737836950579453,0.27521114634787974,0.28121267588959314,0.294800977796943,0.266184955502133,0.23641084085067632,0.22545456964230945,0.29702247097214224,0.2568347923844527,0.2763033322936691,0.29674912363817535,0.2110972537859162,0.2457609225680097,0.3710552775551567,0.29905573826776893,0.28283404075321755,0.271144383099293,0.2624198788621154,0.29510166209532823,0.2993628735050328,0.33290923643554976,0.29732915087508194,0.2588785882219667,0.25933622837639425,0.2599585115278124,0.28753370171033465,0.24607780449633967,0.38675997244593024,0.29690571751897965,0.22253262772382532,0.2423339671094546,0.2652101934022331,0.2758877396822703,0.29077593952731884,0.25497837909293075,0.24058876914191177,0.28465473825459386,0.290846712341629,0.25766734195008717,0.2852461975505379,0.339773701319644,0.2640063240026469,0.2732068022419233,0.398332261211921,0.2295796261228041,0.3051173290466235,0.22628883396966776,0.23690305753849386,0.27245855829803717,0.2864322522530716,0.2549466693021492,0.30148044076681213,0.4545935658534679,0.2855269442701846,0.254342140379629,0.25926889612130033,0.3295733702866405,0.3772779481630724,0.2408681543657813,0.3045325023542245,0.24612386642954895,0.3418050818573502,0.18869004205972686,0.24598677240875033,0.29780689407194527,0.28490516983404196,0.320750397847959,0.2971669855061427,0.3684776052428642,0.38103749357313227,0.28020453970618614,0.3415661669000531,0.2818290775653595,0.26186058872289836,0.259636079865664,0.2685813401789431,0.24356067177177063,0.28694999880027167,0.2785236057665836,0.300227350601636,0.28315395335913235,0.20690287495602344,0.31996468862594785,0.24363334659226465,0.3419060870042276,0.24597609301614198,0.2635589618012173,0.32292759452189235,0.30969724695797246,0.30891851197644893,0.3032091581407143,0.26124077603013063,0.24326790660265143,0.2452454165535725,0.26538481141369374,0.2833769889457104,0.30437770746823567,0.29070782875926804,0.2919509437539103,0.2746410560630254,0.24172432051478712,0.23366677481079626,0.25888936111730515,0.23937392080855038,0.37767981321293304,0.22426150015887603,0.28402351639228884,0.21444976561826568,0.2809697836159563,0.2412081281606013,0.3239391487762215,0.28404420314757994,0.2744096806699819,0.30702716331018604,0.29723067494910765,0.281949703536095,0.2573363058407828,0.2810165416850346,0.2103968176923687,0.2428095139364447,0.2567154866274779,0.2874434074905137,0.30191255863065625,0.2565414394595886,0.24752024217233556,0.3026602064527721,0.2818771208071176,0.2848768196642588,0.2695840198148829,0.31290158469156787,0.2721045311746074,0.3065260221371789,0.20303104449376558,0.3167777845790376,0.2678655553325524,0.2660915804060593,0.23646790088599487,0.32675751211216,0.32807967784535735,0.2354055478629328,0.298571918225275,0.21314373720007979,0.2563602881747826,0.24954144827800398,0.24961961954969503,0.24568233408738424,0.2527632100309002
0.3629451825721808,0.28805765646062326,0.2661092853340008,0.2634807180733767,0.23680705239241548,0.27393471297305083,0.23986914349913238,0.3072572439717122,0.0,0.2668333848966859,0.25531844143093113,0.2842041497273413,0.2722853370026351,0.29939256170221357,0.28310358915231926,0.28286604442797725,0.27752174006615643,0.33433926665004704,0.2778230153232736,0.3331289958306419,0.287642011026707,0.3249020821662305,0.23553943055223944,0.23598450851952962,0.30056820861269,0.25207249244910357,0.289267077921499,0.28860348911019085,0.2153342122782892,0.3196882768679972,0.39161098417223494,0.31747290729698624,0.26883060699292927,0.2666418521854469,0.31748262043829434,0.2813628837365878,0.27530716996379717,0.38645356918249807,0.27676336248563954,0.26111916314620426,0.24898008926180484,0.32334015759403945,0.2719154842023406,0.2752420262842064,0.31367047612154575,0.299146433089509,0.23757876151979324,0.23536398748011234,0.28182263710537603,0.30875767411375776,0.2932446559203035,0.268700166862403,0.276096274085655,0.28026048094476336,0.26369081020615237,0.32712354488290163,0.32988504629445,0.2831927504589045,0.27658754991264595,0.2703269266333956,0.2548117248098466,0.27616250371419804,0.2746201550213813,0.2568172594689851,0.31315210938368127,0.3011138711948412,0.32588742988722397,0.29026164771000545,0.2883888566322542,0.30749337214018435,0.3606565362520965,0.30814526851421464,0.3339255940005929,0.29408026088061495,0.3522596734316566,0.29089846972384836,0.24265943570072757,0.23715885226502606,0.30928379762286634,0.22209676769678344,0.26841561403766884,0.4137794983297626,0.3342348048649191,0.27503794861816194,0.3448271684889865,0.3904108763038584,0.28321140162828434,0.35303581740407725,0.33328905885714294,0.3867390067125125,0.3127517526485612,0.3399763713896763,0.2744086694563206,0.2845348833803264,0.36225678952427665,0.31061702161535665,0.30626114744867855,0.2998255483893104,0.29637249882640293,0.30315808067133165,0.30341105275241365,0.23093761376674055,0.29775038553383276,0.25638773900047046,0.373123696125301,0.29432288975864207,0.26157759308214773,0.2887488889954847,0.25863158515182205,0.2341336692275685,0.2510835275776292,0.34847859403903136,0.31340223923730015,0.3733713972793577,0.3010196593096124,0.29757621434132625,0.29424184231260453,0.271883588728225,0.2166182917612872,0.31027151421017746,0.28985340868950205,0.27339490706166936,0.26449758701314463,0.30919666460387946,0.34393847836118685,0.261360109120943,0.28213621326171495,0.24761087891566352,0.25186222768981686,0.31592106536409326,0.4019141780993347,0.32166232446129833,0.27302718208091065,0.3744674292744857,0.2830716149905823,0.2661676426083125,0.2744174194623833,0.278705800170729,0.30436449149503547,0.34279090505415727,0.270489549471319,0.29427480116032,0.3395009496402854,0.35732847162275333,0.31065728524252567,0.3215283543611276,0.39349791237137577,0.26331310042803585,0.316325110848622,0.21577847074263679,0.35606424845137946,0.283775820358772,0.2880391946178804,0.24181155510127478,0.299344623451402,0.3355650976079097,0.24898182712541125,0.2907541213424364,0.2680773635082077,0.2958253985124608,0.2410834198973955,0.3263122890032868,0.3173365305661658,0.31656963814303524
0.3033136409322604,0.4171718245437637,0.3519226349962516,0.28480697292446694,0.26165765108300604,0.2714882649436975,0.3013740585636714,0.29137016757481876,0.2668333848966859,0.0,0.27275340029161593,0.27850217762805635,0.2937414543048097,0.29569188303138444,0.28401836222963767,0.28658995977812707,0.3303695770859877,0.34595138835132394,0.2840958513787471,0.27227222159249675,0.300861996142743,0.30222680471915264,0.3332124166162699,0.2744572335919509,0.40172540527445016,0.24437600596670553,0.2633706093365665,0.3206445035905332,0.3378520125007776,0.24546946121411034,0.30784560059538824,0.30840022965291536,0.25159343105751614,0.2876447289906337,0.30424660529365055,0.27585502778451354,0.28721023777932864,0.28462276221415234,0.23793719425426726,0.32564653380298847,0.26662103164729495,0.336148475672995,0.24979026170762872,0.2654872178304993,0.30258521934761334,0.285772267604227,0.2544949879787161,0.2490400385440831,0.3835346199102137,0.2468528975129016,0.2842751237387746,0.27001329072164004,0.2588910652513552,0.30567067014056665,0.30510485089369394,0.31780124733503934,0.27799098512785075,0.25131605815227476,0.3402139689615106,0.2747116354276593,0.2710572858974047,0.2156983430446373,0.24167375023278395,0.24266055880044574,0.2653312453289335,0.26212748524518115,0.27321962065799726,0.2687612331260877,0.29580015754250133,0.3089630117771228,0.2657151528777724,0.3085373064528457,0.2524768799386113,0.32688063023575714,0.30334877220745643,0.2924752752519853,0.25310735848430466,0.32184540409013546,0.25077382158254463,0.22919423801326874,0.3081407092543383,0.28141918516441733,0.33905628221148726,0.27505501115500347,0.2913094638472599,0.3291888946957692,0.24044728000161286,0.26676632382259924,0.31601019615670634,0.2658933348218434,0.2679075027929665,0.2845997195367396,0.2962945132761147,0.2570011712818845,0.32907276823719284,0.3125804954531647,0.20884572944740698,0.322120100436649,0.23241406484728067,0.3340512961669372,0.269084567035853,0.23473135787944785,0.2450839335753161,0.32989409276306153,0.25552029575835744,0.2738257068695143,0.2644807096487518,0.4169397562403072,0.30628971154344925,0.31687165938481376,0.28285410596643085,0.26291522129490774,0.2838960481281781,0.28148159406990086,0.2752031305268495,0.32970575512140565,0.3199017529637437,0.3115152124268561,0.3008356582018141,0.2899427309261092,0.25612555154204514,0.23273142584385775,0.24715883692114402,0.33432395510765023,0.23611747381379344,0.3310789796843032,0.25307664390330303,0.23958588376703133,0.36595318852056824,0.2913079611079526,0.34743890125134413,0.26179632652409773,0.22857065883958622,0.25577832005564666,0.2575893342594258,0.2511685853622439,0.27145892190220566,0.30293104422146966,0.31458567368753826,0.2796053094587535,0.2647009797522228,0.2974825451846213,0.3425553093076165,0.2575456503333394,0.30103105914226624,0.2882197526597172,0.2552476158756692,0.33446866378926726,0.4520382492206393,0.22136369120260654,0.25099660309891586,0.3271917191136069,0.26584709220862074,0.2992765499375865,0.3287248292350334,0.28756239067296896,0.24187943854233235,0.343075140837904,0.26614827681118025,0.2941218336282746,0.37712962766925245,0.2997251858979829,0.28407318034945683,0.2803346392222343
0.3419754802613405,0.3020542960724935,0.34208592989003705,0.301633786462016,0.2651143522204505,0.3328800790916372,0.2767486867527108,0.26880379657160186,0.25531844143093113,0.27275340029161593,0.0,0.3409898217549099,0.3749201339397985,0.2438549014858919,0.3084513647729015,0.38221223320335784,0.32517352578055286,0.2967371186801351,0.29474002034756475,0.28975666220063234,0.3432902722494844,0.3819223723054411,0.2575495100411241,0.324376471061492,0.3417507122630007,0.3298540897386534,0.260413617858265,0.30851150539996486,0.28311460001607697,0.26802701357749215,0.2983314612530708,0.31915390644948743,0.2820940905019571,0.2655566178404948,0.2808308544164357,0.29243108973734216,0.4063957532008989,0.3004242105039817,0.3449870290499589,0.29444488522981505,0.2733413240998319,0.2874237784122269,0.29870344401807053,0.3543653340354279,0.30639665542829764,0.2843279049440927,0.210223601447619,0.4209749485727451,0.3196795553455679,0.2659052061140912,0.3521665440141121,0.2782984930867053,0.21954616013881054,0.37756026057941405,0.3794855657027543,0.24040472282089,0.3121927559004165,0.3523507805137108,0.26401806635256114,0.26904181173267205,0.31820806433689985,0.20887979591161335,0.3221980791031762,0.21443172143539313,0.22570970560683293,0.2770637494491089,0.32903348692810147,0.32448783594023745,0.29465145146838245,0.3053123354444659,0.3407543909725113,0.23319791393855238,0.27848813191036226,0.378027003562983,0.3187872294531295,0.25083734969823285,0.34957210365804503,0.29562953084193727,0.2690747888853626,0.22775773797786408,0.2903516974301496,0.2761985773612974,0.3073380286950242,0.3055213194739359,0.25698779801943705,0.29882338971540046,0.28838730150373004,0.2551412945310464,0.25908684478707983,0.2804907447828787,0.3408358801142214,0.22352688890663627,0.3303552181069315,0.27828677968157506,0.26422555434197387,0.3222436523611587,0.22589770832223285,0.22995088699938365,0.1953805739996895,0.2688676142766367,0.2842017177114792,0.25768725313386304,0.2402001499781755,0.23091697758699836,0.27149305654169853,0.27921453217966835,0.2740284531392677,0.2890938782899019,0.26531763503427874,0.34617723212865503,0.3725878305771483,0.25932284412477996,0.2980284694446745,0.26480546215031203,0.2889444709743253,0.29945469876164466,0.24795914699926644,0.2934833287110737,0.3061263278560736,0.23447611278586078,0.2807174331566644,0.2252407217077642,0.2516680780910457,0.36339006783741296,0.22659242308784583,0.3732783014918904,0.20623708959523937,0.2964574276074121,0.28299809666828657,0.2693118951886834,0.22645346092160706,0.32272232458141753,0.2764325992767957,0.277419811619994,0.3798215166897927,0.25375701328174577,0.2867344840049183,0.27136017831126635,0.3013885432450956,0.3020820590581436,0.2945014533944744,0.27640053552598803,0.2522103063097129,0.26166292827639054,0.3723136686098979,0.2467244408078643,0.30511059693298864,0.27733857543984686,0.2794665883448861,0.19842932354177112,0.3523128051008754,0.24638288243204465,0.3288655573967804,0.24934631355085246,0.3067558451526151,0.3461660877582546,0.31856391483109436,0.3411280554194307,0.2619606568506068,0.278832773282195,0.24182708217467166,0.2670203857674711,0.21374645765143638,0.40337020070911
0.29144057534112444,0.3122053203296891,0.3106938325839434,0.3007225807370354,0.2496043139858983,0.3379394553746603,0.31214273594229525,0.28921678946725543,0.2842041497273413,0.27850217762805635,0.3409898217549099,0.0,0.265132841319715,0.20381817980452469,0.3100978457274361,0.3173160847439004,0.31388455420395356,0.25906354008073074,0.38132386009184516,0.27283263659948415,0.36155134011651546,0.31655004839717554,0.2630730273538177,0.28125097816493244,0.3482604515858506,0.2657719104148787,0.26354518195888116,0.266559662531596,0.26102811696052075,0.3202034180600466,0.3312955626681728,0.3207543210973129,0.3103923021583048,0.30541569802432683,0.25079275769134834,0.3024709717968914,0.29719083403456636,0.30420277890375413,0.37194311066029184,0.27667931321663886,0.3156764718077241,0.286621254118472,0.2937353863672408,0.32880789227831886,0.2851254157783479,0.3049164127027072,0.25997791619489435,0.28656257253673584,0.29173248611087615,0.2935120893494078,0.36443582395108276,0.3177601130983863,0.23220302154488853,0.3750891035833471,0.36100373201490776,0.24873773408849081,0.3360338948950714,0.4024975527847484,0.23452534102801045,0.27655804551630997,0.2369350189967997,0.22091463938099784,0.30064734511508523,0.22165833382613245,0.2387419117541728,0.258914565341206,0.24695934150042506,0.2513263562959041,0.2500634493721254,0.25835702069989325,0.2827517846789455,0.22271583879687495,0.2386847661599636,0.31600507227322483,0.306801424841361,0.2370874169915412,0.2791711504739903,0.30334686973938824,0.27469517973081203,0.20536321416626907,0.2573546110938694,0.3058791456302599,0.31235698629893927,0.23421640232474852,0.2900924383543417,0.32388097629640195,0.2317264787151659,0.2642545851664594,0.29914264010735575,0.27811946784051567,0.3366123163777711,0.28912055095042427,0.3268593488329701,0.2682932672958385,0.2550857915127208,0.37570235119960094,0.22792229590884738,0.2918454609115498,0.2061666719254949,0.2686060838208525,0.23233864552012426,0.24982041304092836,0.28468943379189865,0.31698013292515076,0.27466045808130013,0.30619487523341266,0.3034358475865963,0.27800206024317375,0.27653060233041693,0.30356861100210664,0.4167854465018679,0.29199013823334236,0.256210087500583,0.28785235302172946,0.2792119750393385,0.30633346805368755,0.2621290399438745,0.3220939366084853,0.2955167032336664,0.23691902481172644,0.26274478402141394,0.2431492487655007,0.22885202840333263,0.3363113538513832,0.20085902686090387,0.39068255399943913,0.22749969343039095,0.3008681125566637,0.308030003733433,0.2557027511625775,0.25746275959831944,0.2925569622114707,0.21224421760637435,0.2800622548840784,0.2775687919817458,0.21843948177929048,0.2901442737860987,0.270194217911367,0.27207542956273195,0.32331326265405885,0.23871186862705926,0.2603164332003197,0.2916549743975823,0.28491786471385233,0.3195360844558907,0.3177177653076417,0.3969571600184308,0.28533048530252736,0.3222618933179524,0.21533772891536934,0.2947439373506912,0.27887692861659064,0.3088620411910476,0.26630490493072245,0.4144772290583131,0.25834513588866875,0.25719726781783275,0.34560575091305173,0.22196434580419278,0.27545286571324423,0.2125270621429982,0.24226830548989206,0.22976307300968196,0.30813929711632765
