0,1,2,3,4,5,6,7,8,9,10,11,12,13,14,15,16,17,18,19,20,21,22,23,24,25,26,27,28,29,30,31,32,33,34,35,36,37,38,39,40,41,42,43,44,45,46,47,48,49,50,51,52,53,54,55,56,57,58,59,60,61,62,63,64,65,66,67,68,69,70,71,72,73,74,75,76,77,78,79,80,81,82,83,84,85,86,87,88,89,90,91,92,93,94,95,96,97,98,99,100,101,102,103,104,105,106,107,108,109,110,111,112,113,114,115,116,117,118,119,120,121,122,123,124,125,126,127,128,129,130,131,132,133,134,135,136,137,138,139,140,141,142,143,144,145,146,147,148,149,150,151,152,153,154,155,156,157,158,159,160,161,162,163
0.0,0.6528357094863244,0.6617460857979275,0.5811616180219612,0.5725997568706567,0.6688822857280046,0.5634090442575954,0.6658315935018643,0.5841933502625906,0.6757955121116912,0.6450622599754556,0.5926916897184719,0.8187674597883237,0.5982811223497883,0.585251290802195,0.7208657742952072,0.6656906745394484,0.7432193730126717,0.6095114389922303,0.7150026604338998,0.6239750254232969,0.624379100157967,0.5730010913608252,0.5810193658616789,0.7257928772696253,0.5434800762598373,0.5647779122723071,0.6104643401408263,0.6190571789024318,0.5418364430571881,0.6038295425969415,0.7217580253666871,0.5714314913315154,0.5159958027895073,0.7323012852357563,0.561982489238903,0.6607645377762943,0.6260978308652586,0.5253598331346107,0.6617336954940329,0.5569059892842406,0.6210766670669594,0.5989204354490104,0.5829935657124093,0.632145711870367,0.6057723400760484,0.5680728649095722,0.59189562584469,0.6666588964781717,0.6061742529543529,0.5912592469566,0.6187073713942451,0.5216314362800583,0.5509382950538345,0.5602167954124241,0.5680147958005177,0.6555543802723929,0.6516115761065423,0.6145465282923247,0.6319711157358319,0.598375715145276,0.5190464913841634,0.5960229949472929,0.5511554191761041,0.5542441621962729,0.5623105377855552,0.5762165483028283,0.5829960931590642,0.5743807170704929,0.7209697403620347,0.6222421966906186,0.585407568074921,0.5885605211719559,0.6709258181334791,0.6611351441777514,0.581126213323814,0.5700644351167141,0.5706799560618365,0.5313690962009283,0.5207638674946948,0.5750182907860082,0.5832792682392139,0.5708493196653962,0.6262920873380423,0.5813255722572763,0.6880520049076746,0.6436291657077655,0.5811135761014936,0.6655156113434567,0.5041033548170027,0.6234475253409558,0.5566895453505714,0.5964309407025806,0.5856268470795947,0.5628751538116211,0.5666056470220514,0.4830131757240138,0.5902200916119368,0.5295483342142484,0.64200187319057,0.5313673298375596,0.5633005959227982,0.5145572180009148,0.58277962181223,0.6065582234682976,0.6199382889134388,0.5544208259082966,0.6422725344269404,0.5946509071614253,0.6017055590893067,0.5765419271209055,0.5570068440267163,0.6195616156515305,0.5787056257890607,0.5955596612324898,0.7039046533450379,0.6706820736338833,0.660965556813562,0.5857710395185801,0.5843587946678803,0.6141366735035684,0.5318192701621548,0.6036079530364822,0.6109678768931829,0.5676077410743443,0.603258966339877,0.5495950177336892,0.5656921223294988,0.6002364468114681,0.5847718657150738,0.5763335967276177,0.6240354189271133,0.5907741192554423,0.5731220099778657,0.5846905627713705,0.5347184082754365,0.5779581397960586,0.6166203102321978,0.6068802752432284,0.5909728160880812,0.5499018045933214,0.6221601384514213,0.6038925858024708,0.5175373546913038,0.5838426157166785,0.5801482181971717,0.571526611839195,0.5473750325111154,0.6910286184174474,0.5188531523602052,0.6303208293185341,0.5620152196950179,0.5740000653267077,0.5367534852187379,0.6184786012722314,0.6188854232306598,0.6393155304200986,0.6193712163049878,0.5713479002725274,0.5682544619372971,0.5449448902671283,0.6605504147997886,0.5097765417790076,0.6973337454930632
0.6528357094863244,0.0,0.662481851949966,0.6065878909031365,0.5603539174426613,0.737445552837347,0.6189902268898435,0.7020873891451308,0.6401001790101284,0.6988121091648062,0.5565126325419275,0.634243746374746,0.6580158802660585,0.5590821004989289,0.6906750889183265,0.5792850004012823,0.5490514109608537,0.592601387824487,0.5736748747615062,0.575184352616396,0.6068940929596119,0.692071171393537,0.5118152621082328,0.6085651028186466,0.6336195573731999,0.503224363087794,0.5248730719509951,0.5001647235963828,0.5908278020477665,0.5160891503132388,0.6674082662076589,0.6218198269998384,0.6610219536725008,0.4743583227537662,0.606578962785743,0.5487689745757517,0.6140693859826238,0.5480262258210974,0.5799652034535169,0.6346188052768764,0.5718330135321007,0.6363640994711613,0.5227428168268158,0.5665120078158852,0.6048620379113566,0.5840965361836696,0.5629115525677283,0.5362600080596145,0.5776846675266053,0.5589894851784438,0.5854923845626606,0.5737050348173904,0.5341970363676689,0.594692750017514,0.5371427888583133,0.658155470276368,0.584420115268518,0.6013779470130436,0.572879837265322,0.613043277827166,0.6193036898495383,0.5200581901090021,0.5285299910595185,0.491604415987418,0.5582285604528812,0.5301835439531812,0.6182785346685435,0.6125490573966837,0.4780426992855669,0.6303250067446032,0.6577854770521353,0.5294939360047185,0.5205994911748097,0.6426206338374834,0.5845137343101092,0.5434051438143495,0.5682429053602094,0.5870171696238724,0.4862307067690087,0.5022080279444469,0.5677547241761971,0.6758266461020692,0.6665897946610271,0.5349952613336905,0.5288990718993134,0.6666154278885214,0.5915340329385035,0.5396472168134294,0.6109131403361434,0.6113844762343792,0.5608841135847566,0.6423189702645109,0.5576581970041941,0.5533064781823968,0.5634236678425023,0.6332619268759704,0.518840459048185,0.5734641743114821,0.5102099145786702,0.644449572866402,0.5270373349509373,0.5512306428230345,0.48863865230502646,0.5690375024761322,0.5493343247408523,0.5679732215826389,0.5350394080724434,0.54453561789826,0.5969826198346343,0.6325009555872725,0.5738096206946858,0.5146108955356538,0.5921645665266033,0.5435722191691343,0.5244742240363464,0.6497375738941848,0.5723147596041755,0.5589592866954647,0.5207753982496853,0.5573890809245211,0.5741652279482061,0.5335214807077083,0.5165833101111031,0.6610830872787679,0.5455022398786619,0.618090188886861,0.5593991906102672,0.6395921698492864,0.5384526576701466,0.5652747490517113,0.5786463512152735,0.6073910387752066,0.5410001770607128,0.6057047700021253,0.5888168894810142,0.5286524551083736,0.5305446973404684,0.5856314536568,0.5258078590812209,0.6010941701440211,0.5469219126876251,0.5756479934779529,0.6989250389100934,0.5266295057865773,0.5633430873588269,0.5225792695075752,0.7104593323939459,0.5986637407337905,0.591200349478072,0.4645588675175182,0.5869029692559526,0.5503586285599653,0.5407851594408972,0.609155860888099,0.6155391977250579,0.6709228028336948,0.6103351780808998,0.678652591434326,0.561028731257502,0.5158219851686466,0.5342248301551014,0.5889651484847124,0.5344152110546054,0.6331292427416118
0.6617460857979275,0.662481851949966,0.0,0.5917512933421477,0.6488678098594884,0.6703013111635088,0.5474078700701072,0.6589796650623042,0.5958296787745174,0.6284411616386668,0.6097710711031943,0.5850552791939441,0.6649658362008943,0.574988476592464,0.5846119221348896,0.6607923211123733,0.6322874574576626,0.6390154490084194,0.5568944873407395,0.5948626454096558,0.6464777427700565,0.7327432489146234,0.5151712022885064,0.5643380784396512,0.6042410411719075,0.5346208123150761,0.5412332926905656,0.5281665799638658,0.5836826387253694,0.5261897550886792,0.5602970426168498,0.6143794925541366,0.5905725315815218,0.4643371774688289,0.6182790176179777,0.5745688012469082,0.5791222738714801,0.6012610902596831,0.5297009401996612,0.6326423646359925,0.5767185817713127,0.6731841875556989,0.5504820519409874,0.5586505856730738,0.581754617920278,0.5593190300981717,0.5741605325577289,0.5491470879904468,0.5664044851511891,0.6087941364526241,0.5820484684862642,0.6250715342947513,0.520225057961239,0.572511838687391,0.5311659926726144,0.5695030927885907,0.5987821884767038,0.6913433503705145,0.5723549765743948,0.6013524203088162,0.5738378382603201,0.5235711396382676,0.5892224857029148,0.5404313539793933,0.5419507309190635,0.5208739432161476,0.5567595105253721,0.5779969693758317,0.5537345837428999,0.6551786203987547,0.6311060404328429,0.5297353358582377,0.5674326720320305,0.6644915158166799,0.6513364922746209,0.4894445288565067,0.557145648700137,0.5790804945736798,0.4934600387893184,0.4787913847808334,0.5600278190084665,0.6222463010131675,0.5782172306885185,0.567108004565187,0.5570957366191497,0.6783913901623133,0.578131702693949,0.5367661093577174,0.5614517122616317,0.5118410143066685,0.6503303823998696,0.5566941101963278,0.5733221037997998,0.518655731441831,0.5737819399219136,0.5565726108424721,0.4949480761162789,0.5645871058318936,0.5259592570295989,0.5887756938085975,0.48896561966636815,0.5402904197231603,0.49632808152923813,0.5546711195636769,0.5794456455721896,0.594798745122419,0.5433064183412881,0.5826037916333545,0.5742558105284502,0.5705986626834465,0.5511745846070217,0.5503039452489645,0.5799887407770304,0.5646864899152969,0.5411772332363859,0.7002647345521446,0.5572411234519052,0.5652355207761193,0.5795661642941653,0.5833669557170085,0.6238481016400742,0.5355314174990585,0.5407793766393754,0.5778896684269241,0.5298445680043229,0.558319708676163,0.5825715882729862,0.5788569494176852,0.5678113851293483,0.5640467061143906,0.5763962670026597,0.6973248421328231,0.5205506755702868,0.5934340928488421,0.5654238206936735,0.5133979577930051,0.5091930943802796,0.5812397376339347,0.5585646137267483,0.5627566414031223,0.5117913482465185,0.6025506228377522,0.6177742112293692,0.5488946317814052,0.5561577034722023,0.5420002953388139,0.6525814846823162,0.5379997923779689,0.6101545639514822,0.5221096542493878,0.5556288400773162,0.5214365392622972,0.5905576398937037,0.5800587139662707,0.5966741253600106,0.5792505416588382,0.551138987603338,0.6126154220863957,0.5226565032440454,0.513185426136186,0.5193598833832881,0.5641987265003575,0.5112619274124703,0.6712133722638846
0.5811616180219612,0.6065878909031365,0.5917512933421477,0.0,0.5703571409850873,0.5909836554319743,0.6064797864656913,0.5937644389124414,0.5061526704597754,0.5799225883797442,0.6103244401385671,0.5662570266521801,0.5875027140597368,0.6142067487562901,0.6238268589844312,0.5828933561593954,0.5843890333274592,0.5851834324708912,0.6106398034284335,0.5536775540030661,0.6792502297217545,0.5974837975291724,0.5125117414668525,0.5542849277736784,0.5755936181821133,0.5638034150294119,0.5095465837450495,0.5155417087010081,0.6325248120178877,0.4487058308896984,0.5896936055614823,0.6371549676049512,0.7022155932619943,0.49007808006162534,0.6392448795509007,0.700549469679014,0.5686609438791282,0.6127494197867391,0.6807839390356701,0.6839429661951896,0.6636179874473476,0.531839776273901,0.5743993666530606,0.6532636082716426,0.5780907891499693,0.5746872077646432,0.48936189558711257,0.5864633597122263,0.6128027192704774,0.6608811816258462,0.7332654427809306,0.6052344919023659,0.5802512670567046,0.7570426849525809,0.7104114648784472,0.4984199406760019,0.6637735314688047,0.6066402536128832,0.6855815218613356,0.6905309617023395,0.6836437376086791,0.5896606350301125,0.599475444275323,0.5732277553131772,0.6374263043290155,0.5901529332194547,0.6621848162687552,0.5345814187517492,0.5046415820196708,0.5995324181675343,0.6438050212392566,0.611820227042,0.6145583734028006,0.7466130026123144,0.5976365523225665,0.5325679963831675,0.7068269171410222,0.5940874996874265,0.5174404535559476,0.5296382293522461,0.5840696457971609,0.6927068508803476,0.5071355211436059,0.5665151986128505,0.6587924421835949,0.5781564370652906,0.6115862284389361,0.6244682411384166,0.5732713330387601,0.4827496403099023,0.625152703405627,0.6202739200578036,0.6701663049026504,0.607393688329678,0.7111469882500698,0.5367112673023575,0.5835837512898094,0.5420729552796113,0.6021850137644257,0.6504282750696888,0.6023024408090122,0.666443897624109,0.593040388509582,0.546118035091538,0.6553471828036616,0.5414650986235504,0.637406926111026,0.501997308023543,0.6100352219206903,0.5400694788618524,0.6781329071905735,0.6436202798651182,0.6427537923269402,0.608806375238319,0.5845242222994352,0.5505367526536791,0.5753128718704111,0.5939256313078954,0.6128246576817684,0.5842022849682763,0.6741269979757561,0.619159562956089,0.535167413900917,0.6267925101836614,0.5951254828758036,0.6159564874850727,0.6774635978149298,0.5662114368243771,0.6088610063053531,0.6117160641613354,0.46442025083226063,0.6493574889505521,0.5998517475984161,0.6870469906972605,0.6458818636679435,0.5686534264418749,0.45421031056197353,0.6400989325628554,0.5447614219699045,0.6449787651454815,0.5889554100049839,0.6408077009796825,0.7185682577233053,0.6578775264595552,0.6349125018982995,0.513536812717519,0.5587136280137324,0.5757066507874788,0.5442050336445805,0.5130881532879944,0.6694864877459669,0.6004376610312966,0.596773110785679,0.5032286183408747,0.6115400361212139,0.6060102927460556,0.5491310530009114,0.5647673733579742,0.6567125214288784,0.6229300582158263,0.5521807523144577,0.6142711343350881,0.5939261717428911,0.6519015071429373
0.5725997568706567,0.5603539174426613,0.6488678098594884,0.5703571409850873,0.0,0.5575539715841515,0.572192292237726,0.5565321875358716,0.5491511246577285,0.5820371447980025,0.6037730869485354,0.555216628832571,0.5679324787174567,0.562768686679265,0.5504049328129547,0.6329606384888473,0.5842052887314546,0.587653486524093,0.5160516286512391,0.5115266907111693,0.5802761311596774,0.6209009697082429,0.5272507357884032,0.5053287305281704,0.5561550189906524,0.5247448495046002,0.5647568088316117,0.49428029192043965,0.59765961860815,0.5542274065315875,0.5298466961165749,0.5867229050893684,0.550098745358705,0.44368663912514833,0.5699486288890957,0.5662105873382616,0.5493039876939517,0.591905100149581,0.5323118331860824,0.5894050760545867,0.5429953058522877,0.6089716747555745,0.5365879443685482,0.5468757178727717,0.5153310121046629,0.5101558272228609,0.5380848768166503,0.5272420828634663,0.5746300007191383,0.5755073755578725,0.57362054945221,0.5401851136730557,0.4895369779898629,0.5309108306746805,0.5491116195997396,0.5139443061454181,0.5549212497687296,0.699734433347415,0.5441807586933602,0.5674659288187816,0.5040835183114701,0.5254119686208182,0.5340783540787692,0.5378673574645713,0.504513415494106,0.47102624813925237,0.5183940860616693,0.5435848729436241,0.5453440831748927,0.6027958239859337,0.5672756661685454,0.528044723794531,0.5297148785800889,0.6032004888106631,0.5680714379451117,0.46942343617309684,0.5735626838360705,0.6503814514007655,0.4604624452815094,0.48177225136599167,0.5128441769940663,0.5650842986589694,0.5517028595629534,0.5122415854708997,0.5441997044612978,0.5633271690254695,0.5373531549573112,0.5498976068637129,0.5243249600184293,0.4703386862084632,0.722161589150346,0.5412048519114792,0.6105375471874124,0.4792909456545697,0.567827118803046,0.5321484092705573,0.4501736247501724,0.5044901529638058,0.5509417332223903,0.525518824305657,0.4938973561577069,0.5327868306478862,0.5027894539527833,0.5225011360696054,0.549825709424704,0.5336143088978015,0.5065418289130879,0.5254552752962718,0.5421105779451175,0.5004821602731768,0.5350974330110643,0.5605985334221353,0.5221127610069516,0.5983770018616231,0.5049580881340131,0.5885043227876031,0.5093588005783485,0.5937400021845439,0.5281989391533497,0.593413782003548,0.6559208884627304,0.5470149664948151,0.48445873047576093,0.558796074382112,0.5137788657664025,0.539030846590582,0.5639150773846748,0.5580978099033457,0.5218523149110417,0.5445255682782371,0.5300002409733655,0.6177038565512067,0.5137809828347435,0.5664881376180239,0.5009358611168723,0.4885862546277236,0.4677915061905609,0.5674899574320991,0.5156386215190786,0.5732637329923009,0.48554502185476744,0.6151381366125621,0.5793925352475632,0.5543447485680888,0.554180161380961,0.5194863364259867,0.5841857510312203,0.5262165659451336,0.5453075527109985,0.5245285970373439,0.5218853735901857,0.5202184702494544,0.5635178194377359,0.5412981746734449,0.5564647661682759,0.5263301501541018,0.5034581151731139,0.5658331796126603,0.5159809215294342,0.5435614742472115,0.4885183327104824,0.5429449034160776,0.521892740224679,0.6405855520099808
0.6688822857280046,0.737445552837347,0.6703013111635088,0.5909836554319743,0.5575539715841515,0.0,0.5716550405439387,0.6538003066827248,0.6031668204538516,0.6431532115717052,0.5802044729975783,0.5911676914677694,0.6780522113140001,0.5617951662691241,0.6252352499323324,0.5970882950078189,0.5580604564058522,0.5841774400841556,0.5692634233331644,0.5776508354832993,0.6188536161669207,0.6773562795175704,0.48039829054300864,0.5780197155610387,0.6193080027146128,0.5088412704343844,0.48926346096757045,0.4967900811654634,0.5938459709789123,0.499467297521831,0.6249410687150113,0.6424498045654986,0.6229988777927065,0.4628412328336824,0.6069659650103962,0.5429603386961712,0.6282555813572606,0.5560080987489404,0.568380184033583,0.5974942049395248,0.556910587167759,0.6219813561887959,0.5320563882733074,0.5929709664712374,0.5737001877896195,0.5618842721079695,0.5451053586415284,0.5779796529081611,0.5595631777886422,0.5616495807957487,0.5926356878555836,0.593527405136986,0.5369124744132546,0.5990473171359788,0.5439350699450474,0.6236492557012178,0.5927045577145582,0.6051286540960437,0.5648662625096676,0.5862220224988222,0.6561753997507421,0.532624279378316,0.5641817846398539,0.490131064053162,0.5682589786423116,0.5492236452218988,0.6091245817362902,0.6294016035585007,0.4818869091620728,0.636207686232464,0.6874872483585627,0.5292097541613613,0.5460654303563417,0.6428119138624283,0.603418419031397,0.5479941434611724,0.5748867524163542,0.573460892430499,0.48518861460698903,0.5408304528959368,0.6142801152797336,0.6541797508398238,0.6278227573601444,0.5598865515956333,0.5394188658153003,0.6326130359264683,0.6345851255210437,0.537001014423182,0.586829759547333,0.5629801333782681,0.5626975187453747,0.5972272416687812,0.5588366494676293,0.570251512574344,0.5713911504959547,0.6150936396555287,0.5344959762962264,0.5550797841133773,0.5153474006073058,0.6123329703692626,0.5322827172169395,0.558858325249465,0.4862540532251669,0.5422957903497514,0.5611196479939774,0.5581482827493649,0.540533359964456,0.5306448534361637,0.5678295712924479,0.629130543232802,0.5779811593035055,0.517329875302398,0.6465213789779828,0.5416652834677769,0.5317207435904934,0.6182014907032838,0.5766360833806061,0.5533939628556777,0.5484792217215283,0.5559798287953658,0.581475532724691,0.5352637665769772,0.5371392422462332,0.6531204755655172,0.5752766388486608,0.6123103628202308,0.5614234766504947,0.5953310188092374,0.5419971544211455,0.5572514184023357,0.551324452884855,0.6580519187097879,0.5634153185011634,0.6192108426620336,0.6044743044551748,0.5545234451458001,0.5200597368823586,0.5612954575528096,0.5038441813418865,0.5774854273750397,0.5576006986421868,0.601820507043006,0.6466997932166382,0.5313664125999729,0.5752054351406805,0.5083157258629404,0.6623071670355558,0.5844755742587909,0.5783560074277797,0.4730060955367681,0.5954491625980347,0.5574493930739465,0.5298700630676839,0.5434603878948362,0.596979402494694,0.6612266974523876,0.6106721010265862,0.6559053725131083,0.5598926132476572,0.53372762354668,0.5369732361963268,0.6116100165676269,0.5265676934314161,0.6524052940928776
0.5634090442575954,0.6189902268898435,0.5474078700701072,0.6064797864656913,0.572192292237726,0.5716550405439387,0.0,0.5795055197552134,0.5293154207597149,0.6580591422587182,0.5290103089353491,0.610993398953208,0.5807883955331546,0.5356720721668009,0.6882621997225851,0.5464718718576675,0.5031828457009484,0.540763238664774,0.5304855832131581,0.5009233717217307,0.5605023496078971,0.5588416830042314,0.54442765302708,0.5711695661642862,0.6057118362270424,0.5282319655065996,0.5221958374240717,0.4649955778006578,0.5883110659457779,0.49463407618366684,0.6595544296724865,0.6241827747795021,0.6278647949036632,0.4897540450120479,0.5589252453467887,0.547583301544914,0.6275082136745542,0.5145377257746548,0.6107945269493641,0.6347216289599384,0.5394540785841665,0.5423261728647367,0.5360333895222319,0.5845082025227232,0.5765799314202543,0.5685236771988138,0.5444928222242771,0.541310366888854,0.6389011278678189,0.5309453942162499,0.6131034432586164,0.5139367486917227,0.4870071605079056,0.5685118453383986,0.5908960014292824,0.5709093287007113,0.5462322023916799,0.5571264074874587,0.5807499571163351,0.591151760153162,0.5506143862342351,0.5268535840986656,0.48445543864161056,0.4824956857189558,0.5313463976460671,0.5052338329590871,0.6373542848615515,0.6096560009764908,0.45636880828996956,0.565551879597303,0.6070420999155153,0.5395803848841338,0.49030389899995525,0.6194903942438598,0.49355906447724235,0.5594445902377218,0.6537397611815479,0.6938043970079849,0.4713055883018594,0.5207788014576614,0.5198188262472585,0.6046378669342822,0.6052090525646073,0.48339946146589663,0.5238179318753604,0.5451639212926082,0.5661089070272188,0.5892446980407463,0.5979808843138393,0.5546810228682408,0.5571133041209537,0.6717798576658534,0.5786004968750456,0.5261120700721156,0.5504897304416589,0.6220837937601591,0.47298119979663317,0.5332965105592629,0.5191159006642688,0.6272308467856149,0.5643039394847824,0.6022876024761402,0.5333489874346996,0.5544285740492457,0.5203565119494639,0.5363024977839338,0.5259164619611084,0.4915085592334605,0.6074832542784206,0.5742370297106517,0.611862811328946,0.5237790328122487,0.5552308707029092,0.533951660145455,0.5014973599688629,0.5376977664542694,0.5316382374757758,0.6106508282554531,0.49425323689168893,0.5311531177058156,0.5696504661162869,0.548047662930156,0.4765605409366675,0.6927486960372188,0.5156207590544595,0.6429744963225449,0.5466718317671722,0.6693787073639238,0.5134696084615812,0.5676667484034874,0.4893606504191362,0.5288030061857723,0.5381938330895701,0.5404301926783589,0.5370927316605042,0.5067679368083703,0.4930963373017364,0.6078804976534392,0.5047121865027994,0.6339383917509458,0.5335068430380068,0.5663265183842568,0.6529553484663447,0.5139690023041464,0.5866496348494302,0.5423739984189573,0.5827205216915483,0.6068873115531848,0.5388892996004679,0.43270852577911084,0.5777365492924609,0.5387503008079608,0.49190879041797975,0.5984060833443394,0.5962071617028696,0.633577975402937,0.5592518205656702,0.648759398869454,0.5770751025683099,0.5737430876623576,0.5217901751896012,0.5591524186337301,0.5547289159193639,0.5722402265859488
0.6658315935018643,0.7020873891451308,0.6589796650623042,0.5937644389124414,0.5565321875358716,0.6538003066827248,0.5795055197552134,0.0,0.6211940802569085,0.6909554354212076,0.5537308604131052,0.6716382124474912,0.6637937800766123,0.5412000147740255,0.649840223294957,0.622196115822376,0.5738582864156984,0.622384939637656,0.5913754869244934,0.6185776469641718,0.6209817643664671,0.6160345827052026,0.5585473163381182,0.5972189875070335,0.6899369617366217,0.5419462218478571,0.5556448071617911,0.5264149149923769,0.5620974832816189,0.5337590512883456,0.68942453435395,0.6308440493162157,0.6230341836877226,0.5150580467605842,0.6237199822362632,0.5726738268344078,0.6268757575110269,0.5861115077813648,0.5655491170779042,0.6345816401518444,0.5853169868788786,0.6120792272865733,0.5763066310036807,0.5612990954609656,0.6876146851188734,0.6325433412856101,0.592645574940015,0.5384957967554529,0.6008247526198988,0.5804083661733055,0.5809291579412517,0.5960941909057226,0.5031039243799773,0.5606000175645981,0.5386900409253852,0.6212815547030245,0.6018852039946004,0.6546759666654299,0.5649853819182049,0.6292871122429455,0.5875546128998288,0.5219562135243977,0.5496919174082884,0.5189487904464988,0.541478015411348,0.5404186340921726,0.5899906978834495,0.5876868402021266,0.5111845184369581,0.6962753141265622,0.6361613477279037,0.5448016197241318,0.5228363860089442,0.6425571740145921,0.5951729226239793,0.5417573970399897,0.5594344239455615,0.5818279888496882,0.5415107566236389,0.48309419822005123,0.5517678732906153,0.6398360137572396,0.617539409294463,0.5702822063827833,0.5569696303573662,0.7636744342242539,0.6239395586650214,0.5560361589502338,0.6663619670979403,0.5826307989858686,0.5851245038710208,0.6242954352337091,0.5566022104923182,0.5381327701096278,0.5432557623809428,0.616159320235072,0.502710001070779,0.6379650606961627,0.513591343278493,0.660588742278011,0.5155231737364574,0.5910606144869638,0.5245110902799865,0.6444685692198882,0.576132734557317,0.6428708364979068,0.560054378160952,0.6051059882072723,0.6151810834372672,0.6019609908608727,0.566755154649891,0.5461323670886856,0.5656554273531009,0.5637617468934166,0.5577925601496427,0.6737260942436347,0.6013589077375966,0.5862284708597156,0.5299111508162391,0.5693445619338542,0.577757443785691,0.570579724749799,0.5389794394421011,0.6269857134117922,0.5206696425069083,0.6201543973431365,0.5526868101760054,0.6654699088293449,0.5767717514931109,0.5819694827893446,0.5925419094323378,0.6047096714472211,0.5433274167095015,0.5735286166528143,0.5841549346040869,0.5050568570006795,0.5706258910743935,0.6120162330522434,0.5889415925388409,0.641565517760153,0.5349360744364179,0.5688370206744461,0.6366893250581432,0.5215325546116479,0.5751540740732373,0.5833890366387697,0.6705771696410048,0.5775686779891369,0.6696241351204824,0.4892079440316205,0.6164358317079786,0.5340828910359862,0.5441074793600635,0.6147433570825492,0.6835290266532903,0.6645502139978382,0.5657978745468053,0.6815123246777152,0.5302933896570186,0.5114429719062495,0.5343125516596519,0.5866501952683718,0.5434099748784235,0.6173655576329686
0.5841933502625906,0.6401001790101284,0.5958296787745174,0.5061526704597754,0.5491511246577285,0.6031668204538516,0.5293154207597149,0.6211940802569085,0.0,0.6297388491444247,0.5178657316836117,0.5434747230497037,0.5670786468382949,0.5289561859952733,0.5458542497800223,0.5327865057471461,0.49628875423262225,0.5533689320290588,0.4830848527290749,0.5030477292739226,0.4984885406826582,0.646956925553667,0.4782054053978479,0.47956810932077343,0.5609748242654995,0.4394552045371324,0.5607667384220685,0.4661794372714119,0.5249330288623253,0.5866702097028579,0.5655792642457662,0.5383854632109973,0.523651260278846,0.4134060737946149,0.5385668511925695,0.48041048518598856,0.541443650577885,0.5177224344919841,0.48130128163892477,0.5107186061066172,0.4725884577962725,0.7044869815895973,0.4595899626224625,0.4727312626153513,0.5051787755487467,0.4791803633165007,0.5112927862586386,0.4599861877958553,0.5063451167614871,0.48812813792620546,0.48744589474473965,0.47528068463290474,0.4666287434428987,0.4773434438727478,0.46299562812577644,0.6383957604655918,0.4906998207671858,0.5857587657201644,0.49050978444082954,0.5085285307901081,0.5034843995809454,0.4707918453499825,0.4637004957418623,0.46130739571104806,0.46852457573679845,0.4389888491520845,0.5110618878216522,0.5549127954850049,0.48648230204708276,0.6302256108734061,0.542878893214264,0.4726314457388923,0.4821307324112531,0.5259077227435651,0.5484609971038119,0.4668002337000595,0.4860201647724504,0.5280828941583957,0.4224457965822583,0.4378134596103216,0.4829353019206206,0.5671379602513389,0.6385952477625224,0.4819113316038761,0.465734771390496,0.5810538387401455,0.5421089267816586,0.4942814440195936,0.5297813256309455,0.5651093863379549,0.5445432966920617,0.5549254472179838,0.4954680508299097,0.4509282206104061,0.5052993356027612,0.5793525409846965,0.4412727961038836,0.5004070900099922,0.4838680231138711,0.5104449540456485,0.46268349000197845,0.4769484713324315,0.43761814482663275,0.5103222075024962,0.4935334862212373,0.48811607652828426,0.445689842016378,0.5201820295519269,0.48685165312995804,0.5062984264568321,0.4690843829568096,0.4657469113257752,0.5075148907866472,0.5525155031938362,0.4505856461469527,0.5872979351502866,0.48807742101245283,0.5114171465775622,0.44928412808300355,0.5739979123023032,0.50785044874686,0.5004151594323498,0.4512085521482951,0.5263075537769054,0.5009875371664182,0.5049844771079334,0.4990148021378754,0.5454625819503687,0.45882737304439186,0.49293735824007384,0.7307801668390236,0.5438942648669194,0.49629493025523264,0.5484328355603928,0.4787148489795439,0.453608390273755,0.4788444294794162,0.49357314164748123,0.47084119548485026,0.525217804528604,0.47720281512243773,0.5372080958932092,0.5731932824198391,0.4934379690924555,0.4891535147091355,0.4847294659425298,0.6446064971937817,0.5069527573527862,0.5365075397478349,0.45476053496387947,0.4931347201535567,0.4920128802974891,0.5009611871293738,0.5545404854352847,0.5191142053386694,0.5553570787926647,0.5182906091050277,0.5634019380673815,0.4856348643424017,0.4627125421066224,0.4628103819205222,0.526269830668599,0.48999927456657183,0.5700612482625058
0.6757955121116912,0.6988121091648062,0.6284411616386668,0.5799225883797442,0.5820371447980025,0.6431532115717052,0.6580591422587182,0.6909554354212076,0.6297388491444247,0.0,0.5593448781425955,0.6113041546662329,0.6926968619863546,0.5886256268072967,0.6617032260481648,0.6179621171289019,0.5528696818361668,0.6440827847673363,0.539775065787584,0.5696751564762245,0.5722465975946824,0.6116318645751924,0.5677708903518519,0.5619301571530327,0.7173288002822992,0.5351788557627802,0.5859023763047255,0.5083538951143519,0.6345991926999826,0.5559219058583944,0.6920201016185444,0.6687564124438649,0.6185587095499459,0.48843125693055645,0.6324281488660869,0.5539210655203713,0.6901695548331112,0.5833489294782037,0.544892529146546,0.644180849412475,0.5525927028167129,0.6213514289497168,0.5658902972139805,0.5723006031287994,0.6237533561861842,0.5999175211832217,0.6145870703211672,0.5505089769141905,0.6471278756816712,0.5545973626819775,0.5799069549187582,0.5484769105448594,0.5023944732616298,0.5363082465956517,0.5540631470825539,0.6656702547421934,0.5692792015611441,0.6172363841062946,0.5935199111061388,0.6036306887942551,0.5631303510896557,0.537222243128343,0.5220047209472395,0.5188128393112016,0.5336704175693197,0.519724328663636,0.6118275559474706,0.6698498971733111,0.5250212285604327,0.6988976968810173,0.6408034543155411,0.5745888719467461,0.5212814763351858,0.6265787848553527,0.5639829806241125,0.5907678727075267,0.5744322820876372,0.656555403503316,0.504845474991724,0.5197576664584556,0.5653874626069247,0.6048230732197785,0.681741177659023,0.5597110435544849,0.5403292235267859,0.658170639690602,0.6241686971859366,0.5994254296879208,0.6916466266360798,0.5790773295777977,0.5988535545489471,0.6467382836639928,0.5790188210569495,0.5277472293351326,0.5584054718632675,0.688884819989998,0.4724581071103402,0.5931287259974038,0.5363581916425291,0.6472540975959437,0.5534102670412142,0.5729789648118652,0.5258806962589399,0.6352758613585792,0.5610253151818267,0.5960571459518038,0.5256800816158438,0.5813117316679408,0.6247369312575045,0.5912111984201448,0.5536215379807312,0.5354078289198547,0.5842869118819743,0.5864644743861958,0.542091444696902,0.6286236903009766,0.5972374303016477,0.6317904868418419,0.5170266119774369,0.6082544201883163,0.585056277133705,0.5738616285033866,0.5176569747589763,0.6640424252800514,0.5499016807537618,0.6540930286879761,0.5479310344245256,0.6465753373211809,0.5490782703808162,0.6144535558829146,0.6085967076763293,0.5748091851941991,0.5709092429504571,0.5588645227130609,0.542916559384949,0.5244876923573972,0.564492086217596,0.6302483808944073,0.560302319515442,0.6405239425921414,0.5703032052347232,0.6086118798055786,0.6374699743182127,0.519377882334395,0.5970975092432314,0.5850449230118386,0.6255111411390305,0.6228068141991285,0.6541209661389066,0.4755233899242049,0.5864124207428101,0.5725517175695066,0.5081031538044045,0.6344697427999467,0.6409549463664153,0.6751201107557486,0.5790819391920706,0.7006474325427022,0.5771749294273972,0.5510587540689332,0.5730297268389362,0.6287589076688563,0.5652397810428871,0.6151479837838757
0.6450622599754556,0.5565126325419275,0.6097710711031943,0.6103244401385671,0.6037730869485354,0.5802044729975783,0.5290103089353491,0.5537308604131052,0.5178657316836117,0.5593448781425955,0.0,0.5369332050443005,0.6415410010896939,0.6099486220114019,0.5159404710570729,0.6977751353049719,0.6701035662841776,0.6272687428423087,0.5745405626244251,0.5927517868093388,0.5995051315414701,0.6130631955844335,0.5318934152851021,0.5219778404009748,0.5882654178968472,0.5287943516446446,0.5620144077252615,0.6088292699510033,0.6432017330086106,0.5023819569801169,0.5155778741805376,0.6298478970228577,0.5325829876213111,0.47477716943976983,0.6609354508575539,0.5640670166965335,0.5801086723769597,0.6315929362953477,0.5325944573609321,0.6147362438988518,0.5298321236616831,0.5776758854748815,0.5399607986136314,0.5713670409992977,0.5313668743709951,0.506350024431209,0.4657507981854541,0.5975207037598065,0.618281610167578,0.5838790835391665,0.5768386074189397,0.5589980738058223,0.4989179119441307,0.559607241958859,0.5953794168462361,0.4797666562493474,0.6186526478198693,0.6573899508551474,0.5808992274246467,0.5809674159523922,0.5848953912531255,0.49648213949989956,0.5732921127706979,0.56263716618445,0.515276533568572,0.5080189762347337,0.5499039404827286,0.506206731807382,0.5692350751288141,0.6453676864927926,0.5531149806183612,0.5591594593015176,0.6381835182819384,0.6428399616995356,0.6496159373704652,0.49401529509726,0.605740024712238,0.5589945487620925,0.4756712500930239,0.5143594449153637,0.5249521930797914,0.5431983333241988,0.49464924820403683,0.5818445934133423,0.5848210901585976,0.5646155032988907,0.6113517394446643,0.5475039583106496,0.5343179165876331,0.4472142686807279,0.6554102568062901,0.4990922115770621,0.6152689428933243,0.5424580405130855,0.5889776142177808,0.5001008588105732,0.46648737703297116,0.5008159335958338,0.5435287041184282,0.5431597204480088,0.5309380241185354,0.5475796761543064,0.4972433128404434,0.4961687054361853,0.5841010679639743,0.518083203060993,0.5239670066278946,0.5572915775537953,0.5155916798894479,0.5254507818016796,0.578410038389654,0.5738822208076915,0.5966140230512557,0.6262424931015064,0.5416029156399732,0.5988983483750303,0.5527046760198085,0.633929869989187,0.6041095134363459,0.5874133167857313,0.6471857986957577,0.5208241365657663,0.561304113504209,0.5454363828119253,0.5737390875752106,0.5439810812493665,0.5462936445054418,0.5085693838712639,0.5679494770869545,0.5327160988473665,0.4978402995416113,0.6296392508326341,0.6211709020499868,0.6101550848009335,0.5664008044050646,0.5026287689637249,0.4703347849941333,0.5640464247621441,0.5571408050039819,0.5459351399411619,0.5114833941729844,0.6471187124547522,0.5632371833158532,0.5493076667112513,0.5760832759487509,0.5023294840601683,0.512959770775512,0.4911334442280881,0.5573967484178569,0.5623147645568674,0.5939466006190199,0.5337160395823042,0.6324835770801923,0.46357321973907445,0.5462766230352977,0.5419451608277739,0.6107905110409027,0.532878194014021,0.5851987327268923,0.6036487335425554,0.48375017471256604,0.6053897807741119,0.4920422645278842,0.7741140274751261
0.5926916897184719,0.634243746374746,0.5850552791939441,0.5662570266521801,0.555216628832571,0.5911676914677694,0.610993398953208,0.6716382124474912,0.5434747230497037,0.6113041546662329,0.5369332050443005,0.0,0.5870001486004266,0.47769312643368594,0.6108936008445158,0.5917824391546848,0.5471785002219284,0.5402186549131076,0.6135827119319932,0.5783478140492446,0.616281243141197,0.5580951842137446,0.5984743777404739,0.6779861718256359,0.665200505050916,0.5367272444577806,0.5205797048287223,0.5144740283958157,0.5235529606530623,0.5286348396206259,0.6479536861763997,0.5911804936516918,0.5656122568786357,0.5717630159796959,0.5653801025280641,0.5342231573482389,0.5987195441651302,0.5184540105694564,0.5838360490974435,0.6189303455233204,0.5483289630413837,0.5808353797991572,0.5450260478923583,0.552585523713049,0.657567544758544,0.5981797011282437,0.5607447651380768,0.5302874932333402,0.6130376897567069,0.5317683533757493,0.5588549011708679,0.5665685878637537,0.4554356592822481,0.5458063728155153,0.5260462417377708,0.5788271429392726,0.5746252966320677,0.6214198116594176,0.5186807422178099,0.5870882828011541,0.5330267721695388,0.46974257311721945,0.49575877307739186,0.4808734270906961,0.49766867555915734,0.5018820713627064,0.5576642727752581,0.5312888901067683,0.45306959311301415,0.5771889036048893,0.5645953571672607,0.49646348696095915,0.48193497793114015,0.6034164741444654,0.5194157079944349,0.508403499766567,0.5630792242383887,0.5903494741771228,0.5130598961581119,0.474676371605612,0.4967788958170926,0.5823383207873174,0.5843933987344312,0.49604163589106715,0.5301467132249312,0.641535634849556,0.5617155193104436,0.5054307730551212,0.5954017969768152,0.576125701837595,0.5432239802759304,0.5935384277414715,0.5273579671131227,0.5195114870321417,0.49642156728808684,0.5744841428409727,0.4611304438766343,0.6223216656031,0.4751778714978117,0.6127100851534969,0.48811133437293863,0.566633290723093,0.5067324613911525,0.5975780744435409,0.5099376814735787,0.6119219226791149,0.536155403289105,0.5854921452915046,0.5762829317379166,0.6482129594800998,0.6188994887067795,0.5209763879208943,0.5153098710267493,0.5108033501647937,0.5082540486887354,0.6312772384997553,0.5593326100409617,0.5854381521575353,0.5107592919123057,0.5009722157982257,0.5506200155290024,0.5052809840967729,0.5296239976569759,0.620096381170503,0.47623217805171636,0.5956733677010938,0.5074133397517003,0.6859299295296928,0.5533161281079758,0.5127983970385208,0.5263930488080579,0.5431342197150125,0.4999391460210207,0.531101380873901,0.5690673915690717,0.46121327288368064,0.5718744830222217,0.5776041461359538,0.5627070740602241,0.6109007358067712,0.4718729888238155,0.5219978549796385,0.5946926918263526,0.4788910411435626,0.5550719357976756,0.5812303115543955,0.62786381921325,0.5300749384581639,0.6141087617941346,0.4607884175971546,0.5989743809464207,0.4834445047200124,0.5326608838712688,0.6008435619218088,0.6811204133555598,0.6073985655304925,0.5707755889942275,0.6894042993212913,0.49377892442035604,0.49770139401344893,0.47371575976686403,0.5347994958849563,0.5050295832074567,0.5959548550353326
