0,1,2,3,4,5,6,7,8,9,10,11,12,13,14,15,16,17,18,19,20,21,22,23,24,25,26,27,28,29,30,31,32,33,34,35,36,37,38,39,40,41,42,43,44,45,46,47,48,49,50,51,52,53,54,55,56,57,58,59,60,61,62,63,64,65,66,67,68,69,70,71,72,73,74,75,76,77,78,79,80,81,82,83,84,85,86,87,88,89,90,91,92,93,94,95,96,97,98,99,100,101,102,103,104,105,106,107,108,109,110,111,112,113,114,115,116,117,118,119,120,121,122,123,124,125,126,127,128,129,130,131,132,133,134,135,136,137,138,139,140,141,142,143,144,145,146,147,148,149,150,151,152,153,154,155,156,157,158,159,160,161,162,163
0.0,0.6357319577971969,0.5569671980195323,0.4354626855079884,0.4139714277735192,0.5866593187391519,0.47591182923133524,0.5335824553962224,0.5619979518258638,0.5637286367553991,0.5806940039352712,0.473225550367362,0.6342417127947391,0.5694417791974369,0.5008387017108018,0.5702211457927017,0.541155789654459,0.5836938813597857,0.51591083090179,0.6925571693130327,0.5446827170285407,0.6268131884595131,0.4334634627551022,0.5639910331694751,0.6603424239214812,0.5011103550589026,0.40504177569782324,0.5781854946650316,0.565708098451916,0.4291258703039273,0.5778026157268583,0.602328341181181,0.44698130810373055,0.5334845469559796,0.6558031666703511,0.4392969882060184,0.6445408382198704,0.5271670258907077,0.4713569894233222,0.505161187260372,0.43331837827908887,0.5515046853865129,0.5124538685973095,0.5614488596987062,0.5843655091889361,0.4877843696166893,0.4545462834939974,0.5399595001663607,0.5823932573570442,0.45496631328318593,0.494622877906187,0.5563538007976014,0.43615607864535133,0.5227956839525583,0.5049768228500697,0.5770214357026885,0.5545872370261857,0.45949054702132014,0.5231266762000778,0.45635230157069967,0.5927468304078386,0.42376953847893895,0.5288331990503535,0.45024278894860026,0.5001353249453013,0.5407282603716769,0.5574812095410921,0.6718323157651036,0.4922107411267047,0.6295067582817973,0.6869900838240709,0.5255000648989697,0.5422652334839799,0.5461792735663575,0.5564490859871606,0.6189772365997607,0.4895405744462371,0.46739445154425013,0.5047912753105471,0.4895681000502011,0.5704389013583439,0.5325197093866718,0.5638274698859893,0.5864455660199307,0.48173184236380706,0.6010526978478982,0.5885020113445901,0.46454782807659356,0.5272557503081856,0.5166589754541493,0.4520531886396523,0.46930958791500105,0.4591283073890391,0.5972786651424684,0.5203312572046436,0.5754517788162106,0.49645313007475084,0.5295402785445779,0.4609425129942156,0.5442190464264071,0.5648589671974789,0.47707420229272596,0.40664349527690874,0.4435285495618583,0.50074624536055,0.5095437160785684,0.44255237210398285,0.5763203821378877,0.45965068262380915,0.5689560180043259,0.5325104493031892,0.44690706280086123,0.5639402408915851,0.4493095848329287,0.5249566689846281,0.5504505019057386,0.5818993694003032,0.5452605163431442,0.5065430536216974,0.5062990424217313,0.48794528152085537,0.4243870859222177,0.5887013536136114,0.6086818952354105,0.5669647140442948,0.5790844032587721,0.4237125104125406,0.4810182475700636,0.5452108821891428,0.5084691217745779,0.5069225444242622,0.5225700203632493,0.528157491711703,0.5579821356763066,0.5880300331992238,0.538144465189409,0.6139369560010931,0.5035332983568083,0.5108436127603067,0.4475310975436168,0.5006597269052347,0.5655580262649234,0.5091621141840322,0.43577629406938684,0.5753688428307671,0.4991078005459098,0.5200375127030249,0.4623844515894898,0.6523407474974908,0.42263437834452133,0.6257914179505868,0.5020004523635148,0.4570396897466765,0.405520382874776,0.5100600846590498,0.6675311903884262,0.5186533180716222,0.5415810202117451,0.49765946815102585,0.5279120036044463,0.5039884828149588,0.654879013468941,0.43143157935553617,0.62498027868634
0.6357319577971969,0.0,0.6417791678012644,0.4977747276123398,0.4432131805776941,0.5534941042807237,0.548615277012714,0.6644291118070881,0.5875840716600532,0.6741915125018969,0.551917579164108,0.5570549950986053,0.589681093167523,0.5518487349343344,0.5807990303052428,0.5853812253106321,0.5772615273147437,0.605719353450055,0.5561445117495042,0.5792075247807593,0.5827667870733093,0.6940846724725639,0.5086548284259848,0.6393485170471381,0.6658279319727651,0.5329002691727859,0.4735974631024909,0.6299186489260917,0.6013056938918138,0.47084443638076884,0.6190354722618233,0.5675370415620579,0.5263908820372735,0.5921051165446206,0.5808726364383295,0.47352846937206283,0.567425319780154,0.5431012091042194,0.5122983566793566,0.5959707828185968,0.4965297421715434,0.5776571726015155,0.5104947755616809,0.5258784013327159,0.6939752960874441,0.5467043411312851,0.489779141998061,0.46309404684989663,0.6163407620009791,0.46778823893102184,0.5234119551043932,0.589417921662207,0.44978205933596593,0.577931434537515,0.5241549427977891,0.5969724314899142,0.5599556287093943,0.5128983796328207,0.5219880297464825,0.5048211714762635,0.5610342963305184,0.431366447523102,0.5146161824405442,0.45039839186385616,0.47857134464015993,0.5008109876607025,0.5513021539364836,0.5931650304134354,0.4976662162624954,0.6784242007300608,0.6248545058808287,0.5097032055414842,0.48073234722818026,0.599589618756442,0.5798121607519919,0.5376981668852286,0.5139725750779619,0.5277656134659714,0.5507436647367869,0.4342948593646739,0.5230455530546029,0.5753118843847024,0.6594547031949399,0.552750668678069,0.4889011059713689,0.7578619361688947,0.5096875725062673,0.4668588100109899,0.5819802170816339,0.5778007573400528,0.4879534927912824,0.516310809456786,0.48550831985314374,0.5332314769121598,0.5297862914189805,0.6125096113621037,0.48516214405487523,0.5854990859858654,0.4524585468516436,0.6217093904892107,0.5197120141019248,0.49564057732130407,0.42687711462966754,0.5021423196708927,0.5021511695652456,0.5716645883953946,0.4684629159044117,0.6606272117991833,0.5232961921573202,0.5315512247917766,0.5475872709126561,0.4594366242699845,0.48445949376730124,0.4771417743117154,0.5463188366996066,0.7087089670075757,0.5711457512938813,0.532755927468496,0.49267042555190166,0.5423778189144334,0.49361482878331786,0.4671434528794075,0.4925311735442441,0.6830676620298355,0.46359727155671904,0.6610581331791187,0.4447625510231438,0.5669401204058085,0.5902240555716577,0.5312017367881876,0.559504069505255,0.5225431308330544,0.47962052891895424,0.5551103372034183,0.5225968581578877,0.46324778568009345,0.5920719687419602,0.5560228800001403,0.5898205260881332,0.4908093043714235,0.4997691919668087,0.5226715419846031,0.576835508899685,0.4511191956824875,0.5516847130320679,0.5153998509745265,0.593460123756294,0.52250582027315,0.6828179431571223,0.4344500357004119,0.5773794875918996,0.5124320963263036,0.49677264452119885,0.47175941781305053,0.5955967586364745,0.6246531367970782,0.4866807369291983,0.6410397879172479,0.49512092797827184,0.5086338666275763,0.524880071528559,0.5516830402760274,0.4608013043596611,0.5944616454753945
0.5569671980195323,0.6417791678012644,0.0,0.49205658877203556,0.49440469318997915,0.521330377919039,0.5559390400016547,0.6267342093996626,0.5242956375713158,0.6539243941837648,0.5489742928107012,0.544948747298446,0.5751343364444151,0.55408504372463,0.5280277683839801,0.7209741359725118,0.7073304891078375,0.602700171502885,0.5332187083767604,0.5264487824138876,0.6561366978182049,0.6680197840708936,0.5344830545849384,0.574083076614774,0.5843445829375611,0.5934288938805502,0.4944759791399934,0.6222873858988669,0.5766671234322988,0.5028319094714198,0.5282598175419171,0.6231375938617709,0.4929469549012769,0.5859720047688424,0.5079306125385769,0.49850664271134054,0.525475886800109,0.5629131375635852,0.5131522454983611,0.6354004466577821,0.4997100542837814,0.5994355196474269,0.5447343119983777,0.49925128203890895,0.6431825366011725,0.5762788956931691,0.53729143605234,0.44655723608133713,0.626482583218897,0.5043784912869664,0.5769633211297165,0.6127127805917683,0.4589806130483242,0.576540833504293,0.5450059013585469,0.5437300620870934,0.5860149638293926,0.5644034483957986,0.5406763478086593,0.5437058865166998,0.5260310489056708,0.47688471682957473,0.5453833381374655,0.47627918320199636,0.4802488697077906,0.5070334766090479,0.5306182687503329,0.5852222466410713,0.549781068252269,0.6247859712263563,0.6163365811208515,0.5043750392118909,0.4883126751948222,0.7086624291291473,0.6073561254984451,0.4929565985642995,0.6149382425228944,0.6129867548731006,0.5461710313291966,0.43517994930398834,0.5204970078379751,0.5629025540619222,0.6209407426432488,0.5260688008357,0.527794569333007,0.656142265539778,0.4788924697730523,0.4915737766951302,0.5752228329117047,0.5078079550612062,0.5457553864800248,0.49920114165070234,0.5241297300786452,0.5101406410745591,0.5608804135877247,0.5212247107930426,0.4811362939155831,0.5458780184475199,0.46997472649340266,0.6229272529147042,0.483767555052935,0.5518469299013984,0.43987765564879905,0.4672291111679967,0.5166944331299033,0.6702394256091389,0.5260271696674896,0.6275570324948588,0.5618014825599997,0.4908133982808418,0.5530895201138337,0.49043695388932423,0.4665661868527779,0.5101690951399047,0.545510294203981,0.7437928351184473,0.5401780763911549,0.5602257690508222,0.5075699204524109,0.5532292310212464,0.533722529174827,0.4872818358734894,0.46787508730410005,0.6727149133152078,0.4266823641215434,0.5961199215463826,0.5039567338985259,0.6161227876595226,0.6014502697903451,0.537425454940451,0.5424172618385976,0.6095736338779263,0.45924959767778073,0.5167671112453318,0.47805121046382976,0.44370974738051544,0.5189162808725207,0.5359509563349799,0.5713418594360102,0.5039069625594816,0.44082909159519124,0.568073035758115,0.5962252654229063,0.48047756838571,0.5491589843541538,0.5251212381219943,0.5742692559730422,0.5603353799524513,0.6285227908535485,0.48002688019317236,0.5124121676165492,0.49209967899033763,0.5348588900673936,0.5173264780447939,0.5804186336238438,0.5456076259180843,0.44808585728545264,0.6454458116946125,0.43906153628316696,0.5678126017633575,0.5262508627003541,0.49531385543039996,0.48377943390120687,0.5629576932990832
0.4354626855079884,0.4977747276123398,0.49205658877203556,0.0,0.4480605684630666,0.43414771766395854,0.5773293249994141,0.5010352063021891,0.4188157140750961,0.507257696317554,0.4767691375172158,0.5190099114537997,0.41845921180946405,0.4746829317185439,0.4971584148736449,0.46021869431526896,0.5020903655463561,0.47258987377792033,0.5250518163925827,0.4039935943060443,0.5204522756699677,0.47515770566579596,0.5244082475405981,0.45370253389453036,0.4917207564061713,0.5343007383820961,0.4632340755182605,0.5202705686927289,0.5421498940092283,0.39865881105825896,0.4782176230644944,0.45663953871400453,0.6520637208298358,0.544621932497405,0.4849823274837422,0.5408949237162252,0.42127736784214376,0.4879330259106443,0.47820841466961767,0.5319053173573255,0.5672028449090304,0.45068507896414933,0.46142288939939835,0.5070299337749157,0.5013358431941477,0.45116897817843626,0.4172371668716166,0.3958845387708037,0.5239052750779846,0.44346745051037695,0.5333080095997839,0.5585568605831992,0.41605095316603163,0.6316020283133384,0.5798565662683438,0.416936431460432,0.46755124937331694,0.5310236635249879,0.47457375612976693,0.4660858439411739,0.4423884925615325,0.41984449973294447,0.4870921645436897,0.44133894708402516,0.41823836137922077,0.41179781527774895,0.44597730790341716,0.4184974553999626,0.46224315903136465,0.5113385219815662,0.45662884114904684,0.45313495621143557,0.4465961130946177,0.5268962652431071,0.4753119203212853,0.40878108950287056,0.47636259936076586,0.5144930132898123,0.49194613839486306,0.3669045271717174,0.430836237404207,0.5156892871975864,0.4347013447753125,0.44922945351090543,0.49504156628515367,0.4926323940768153,0.41714569354897707,0.45532679814841676,0.46773484998351017,0.40022380064370616,0.5413899712660009,0.5315751154916348,0.4936521314737226,0.41898235984227744,0.5209766903158162,0.48934668258697833,0.4202075547251471,0.544417259713789,0.460138766775414,0.5322144629854006,0.44079800679511977,0.460948920727818,0.545082687286335,0.5661098435264039,0.48963680637560963,0.45296323269177896,0.4482092261601523,0.4957794631622216,0.4777500879814339,0.3889627552062479,0.5652950757600148,0.48486256300282743,0.41468530999671355,0.46153530196882875,0.5042314239592565,0.49940344295318256,0.47281867135435013,0.44484295294853965,0.534188411494816,0.5599807243508451,0.4400139947370155,0.5499903502200135,0.4003531813209362,0.5075110485694133,0.3873574199547003,0.547392698579944,0.45841166788154136,0.4565836056020066,0.6113579853210352,0.45429388467155274,0.41206096450327334,0.43864827268731144,0.3914886378681783,0.5057298540373166,0.4092566261435972,0.37570984844272454,0.3842489735848303,0.5253456194628658,0.5001214736061281,0.4583216351288148,0.500162330725685,0.44658388995562665,0.5269498363226481,0.48309213172714704,0.4715089403895521,0.4922104565256228,0.45680429367507214,0.4478498891603148,0.48106342426456733,0.42519229184796925,0.48837552732267203,0.49093292533343436,0.46231434060041227,0.40674940939739734,0.5859123351117377,0.42722781351640804,0.3623441698265408,0.49463580288643705,0.5058041182145387,0.4962888771903076,0.4624009693902476,0.4528150270499665,0.45182994856504427,0.47343435821169644
0.4139714277735192,0.4432131805776941,0.49440469318997915,0.4480605684630666,0.0,0.3753395219687162,0.5498698273512733,0.4572512062112604,0.44841778717464914,0.44237336014453343,0.43150375834549254,0.5287663138368719,0.3804522169364454,0.42438926003046595,0.51526323790428,0.4800060934356605,0.483019794208641,0.4666820612874671,0.4746474924258122,0.3998776948052789,0.5210926080463317,0.48733653620494227,0.5398939861289823,0.4418221854510973,0.4324801268747234,0.4908410840363544,0.46070176119512424,0.4204769468360038,0.4485896951656942,0.5118899622495998,0.47931525674144443,0.4478320516557979,0.45498476301738666,0.4637921372435092,0.43619776772288427,0.5394648023967139,0.3929366923175989,0.4920779107608973,0.5472354529923356,0.47666675373212125,0.5131160672564855,0.45469684345816463,0.524477544002955,0.44976025779400813,0.46235539084101734,0.45991217785917354,0.5046875090766931,0.3713093828801725,0.5156323658323416,0.5102140180145307,0.5333839208632432,0.47171709854769683,0.40928973654626155,0.4853373860516771,0.5108934013154072,0.3957190989697773,0.477985740300983,0.56602312119286,0.44376418926742867,0.4897535750636581,0.3669823550422807,0.4496198738803358,0.44738797091020455,0.4752616881227567,0.4371780621679064,0.3866952150782076,0.38947167689564954,0.4204801902858144,0.47287526166024035,0.45273933724683224,0.464016539545643,0.4484381711890596,0.385770643123424,0.486165076361606,0.43199082729105476,0.37635192137131557,0.4801254536144756,0.5940025318780093,0.45968682933378346,0.3408301939414077,0.3833543837261021,0.5206602407262463,0.4640972665730515,0.37953401725441926,0.4708324557719793,0.4697766140631724,0.3708164417828765,0.4741551554009697,0.42759933690449886,0.3922937658571158,0.6264854078303391,0.5020672474286179,0.5606504483126641,0.38871256772774126,0.47736035991700054,0.4294366076071045,0.4026434543515688,0.4451242786969561,0.4876048289176171,0.43403881438014336,0.40539067140306156,0.4762241746109738,0.46867591202173486,0.460050065060427,0.46800876555867066,0.4837305467880198,0.4437086881030641,0.4331598193837695,0.48754716878817156,0.3642941980303751,0.47726792591005673,0.5211339513642689,0.34850030494789785,0.45145592770797,0.4425996716475911,0.463047694672948,0.40963448006842573,0.529872910600237,0.39927038113191654,0.46434720960602777,0.5530194743287363,0.48135150871913945,0.3599887846680334,0.48661349380576774,0.3634328433651763,0.45965862604220475,0.4599682929278281,0.5377310953402014,0.4614808377323634,0.4654243603340021,0.41858679024445267,0.4544253388470246,0.35361322191799677,0.4537055784245851,0.38838189428578335,0.3862895330200601,0.40025266480039107,0.5180791575705359,0.4667719827012516,0.5287108168759699,0.36894183020846916,0.4564817253050605,0.5089312113199781,0.4943549809958558,0.45357616480372326,0.49658582953066266,0.5538806634306793,0.4421765722576899,0.46099709565741065,0.43964605957655306,0.43281918304966116,0.43019947411713527,0.5281427141619613,0.4759982629660334,0.4947299688065468,0.4036268731335851,0.3335297313336102,0.4482893903624719,0.37551570493155956,0.4494816766694268,0.39449837867517973,0.3982319751836908,0.45610805816591043,0.4611755122616316
0.5866593187391519,0.5534941042807237,0.521330377919039,0.43414771766395854,0.3753395219687162,0.0,0.4339793676623052,0.4966311767406712,0.46961290998117855,0.5296466790524025,0.5274856736261795,0.4667172097804529,0.566275261516024,0.45532407876848763,0.42189337242448816,0.5179914158308203,0.49749415125631696,0.46230681550871766,0.49271848769925813,0.5036523444505431,0.5038992554705429,0.5042189803676327,0.39443699914218217,0.4951239353250887,0.6133610155940074,0.46529319699625143,0.36461402087889616,0.5380094107148402,0.5083582308142642,0.4024551890171954,0.4805263821585076,0.5302486401587518,0.429243570059817,0.5088496890993651,0.4960203533070695,0.3911127110614372,0.5695212405915133,0.44561576541450365,0.41144568227868916,0.44297869427283004,0.39972344957002687,0.5378907476417101,0.43365237969248766,0.5199780523042857,0.48807950955151236,0.4290671896532491,0.4148969505676859,0.5045393254644099,0.4757950720240226,0.3869807197388093,0.4436910780269332,0.5588010349448993,0.38696557657754727,0.4864409812816681,0.44557651163463496,0.5872845049063421,0.46710546462425423,0.4532815387265602,0.42768719678345246,0.39656311334013666,0.5685650242683404,0.3834875256356918,0.49663483158202226,0.3773257695992183,0.4127145771138163,0.47046567768319536,0.48746674470257956,0.5550496120125159,0.41226147873568497,0.5578216166109987,0.5283114715675552,0.41791457978495045,0.4937753346209152,0.48719395129976334,0.512149712151146,0.5183876765689671,0.4441274366355057,0.43818242231716276,0.45002479410961754,0.5265519789238888,0.5938645603638661,0.45974332727865175,0.5202072448290032,0.5455095139728133,0.441665592512289,0.516215678550046,0.5743873461843496,0.3939283873754981,0.4790505082373939,0.48220587290032,0.4127097116425121,0.43156029819456454,0.40016736074553855,0.5030279763817427,0.44950196097450473,0.5631249260082567,0.4345008245017229,0.5375854533196074,0.3968988739663479,0.4965673175646341,0.45578458070727623,0.4289772084101549,0.38556503261070496,0.4348270308140546,0.43280496918375144,0.4609638441411806,0.4111577553604054,0.5712397174456377,0.4062621371027,0.5652947704685274,0.520978839097878,0.39445687884208336,0.5778834414318591,0.4135261703942352,0.46068894847228214,0.5276206569590334,0.5503137447918468,0.4336821921487318,0.5525223580628303,0.47330587097379956,0.4041828560232218,0.40624394145039433,0.5630727796255506,0.5526642448749324,0.4705521167315042,0.5433592866045968,0.39200952106120596,0.42848886395892044,0.520428665522384,0.4108703142272978,0.4815311872515548,0.49485975082362693,0.47415275442592714,0.4958934744961164,0.4828521821151787,0.425616521025175,0.5197910943856172,0.4160374934376426,0.4231708979489753,0.3961072959975462,0.47843664635821925,0.4831537488117231,0.44834302042486135,0.3899403922200779,0.4961801877760619,0.4452392773321333,0.4594571763793037,0.43512086556755963,0.5488927136016106,0.3979963118373253,0.5222152489869495,0.45861591380637157,0.39428040453080876,0.3673576491730036,0.510748787490173,0.5359122769076822,0.48229802339032224,0.5879831914305836,0.45353402305815294,0.4889960953143362,0.4665499292589095,0.5689206552779785,0.39994557913020956,0.531176008316917
0.47591182923133524,0.548615277012714,0.5559390400016547,0.5773293249994141,0.5498698273512733,0.4339793676623052,0.0,0.5453448152261894,0.4853766541440818,0.5654186513791779,0.4809462579777624,0.6045929406756945,0.4445788593457808,0.4927448973165776,0.6049983425575454,0.5051054698320805,0.5177502581616047,0.52096487488127,0.5149730177802677,0.4368020028081722,0.555584649240727,0.5482714628947134,0.6393714641051983,0.5187535914206429,0.5349306788610068,0.5836798181189519,0.5138273559817547,0.4976473254515062,0.5324487863173542,0.4701231354483983,0.5616340437650967,0.4994462289206225,0.5827983514044005,0.5970781277653646,0.5134705937586257,0.5624081402116664,0.4612445726290676,0.5065083019158919,0.5278852054324603,0.5881344630595005,0.5475906689702841,0.5114367102100239,0.5239440029632033,0.5152728043169426,0.5899637459222443,0.5040186805541089,0.5181671456574682,0.40879229928980576,0.6311898874125873,0.4861586017373567,0.5723908401609737,0.5468870769224982,0.41653676563153386,0.5855608975489494,0.5797172555994181,0.4695519705088457,0.4937109495904628,0.5638588737908478,0.509674045969928,0.5079842444643883,0.4273026007394537,0.4433540296982091,0.4729347204097188,0.477552857912253,0.4457132007710343,0.42042755181352304,0.4708541468525909,0.48695436742396364,0.5020261463267145,0.5346921202754936,0.5169729328589215,0.4825119752139594,0.43747170093789217,0.5683501504356366,0.46674679723241574,0.4286549610634533,0.5206157826528407,0.6354343834980306,0.5020532508075043,0.36522862354048374,0.4222660753117547,0.5817370029107227,0.5181418448265791,0.43027424581280815,0.4928951006256875,0.5465056131249332,0.4232735063453791,0.5047995035086272,0.49978620567917703,0.45734438869361754,0.6059377263433943,0.6133181356636539,0.531663534698736,0.4239357577853787,0.5240268550469798,0.5429793207622234,0.4208122962909098,0.5732148986224814,0.48947806736031074,0.562351616996026,0.45476226586865703,0.49942795387716243,0.5323835639368723,0.5709354225309243,0.4955275695134694,0.5227205147215988,0.45779242045766794,0.5244499266242225,0.5395050392424622,0.4198325066609265,0.5772850434677071,0.5114084462547879,0.4074174597593407,0.46591383092707045,0.49498534102173763,0.5457842803593773,0.4691137870987336,0.5313518361393167,0.4753520943314068,0.5496364009199665,0.49934846387867116,0.5226754857704751,0.405385424444249,0.5686783508386843,0.39350442818284254,0.5671114423873377,0.47721035538588097,0.5861981723749383,0.5647872043272759,0.5062098378260665,0.46077955577637275,0.45585360447377843,0.39033503651532564,0.4977477487247241,0.42786516019381043,0.397328960637105,0.43811210493624053,0.6162806846874566,0.5593270495380891,0.5098712179788708,0.44897034123616936,0.4792257664191064,0.589158338103666,0.49079717317425664,0.5032232005187595,0.638991864739411,0.5648052438726161,0.47357940279693517,0.5430738483276694,0.421314920732405,0.4991442271052766,0.4681811923610712,0.49773288388305986,0.5142151483797461,0.6055234405584634,0.46896178327841764,0.375958453179342,0.546622762731991,0.4625409428287778,0.49743798926871075,0.45738939708751986,0.4518317663916304,0.46696185934154133,0.5034008854059203
0.5335824553962224,0.6644291118070881,0.6267342093996626,0.5010352063021891,0.4572512062112604,0.4966311767406712,0.5453448152261894,0.0,0.6095988499710369,0.7159059439655243,0.4828121297142575,0.5935927173896396,0.5094304007579226,0.5252780471007727,0.5427586595483493,0.5934193440377654,0.6095404763349576,0.6043973747339699,0.5914806739277066,0.5206017312161395,0.6044272271516907,0.5772883040110609,0.5826737577246479,0.5110187247295586,0.6114611111865418,0.5154151110187246,0.5297675888281258,0.6210556637994911,0.5288045578227571,0.5395324592605133,0.6096636977271466,0.5911759918171068,0.5073747364037688,0.6260529668036933,0.5082816034323162,0.5171167709405451,0.48543757282908023,0.5815956421715945,0.5258317116336312,0.5634271890666009,0.5190618457811159,0.5914497870395982,0.538309936402065,0.4679701490635982,0.6754205146467374,0.6055955188480059,0.5301205559965237,0.40226250635470645,0.6041501236044442,0.5036376317315723,0.5575452029692293,0.5638903805628382,0.4746259526214782,0.5464281434968643,0.5245118096012549,0.568436649315259,0.580368807105341,0.5859721164861051,0.5289720835904486,0.5672126049722476,0.5014041692369663,0.48749269642893317,0.5154815826509772,0.4803142113556402,0.48656105886744105,0.496284621194813,0.5012363377335022,0.516642722776682,0.5357677093944208,0.6893394218237185,0.5678565076944275,0.5124728129567273,0.46362385470473516,0.6163238938202963,0.6210529218466412,0.5063791549891035,0.5371035035765461,0.5521435083261529,0.6007325071772643,0.4026545076865514,0.49835621278888814,0.6186068374996423,0.6183981445643867,0.5143240202861217,0.5434858685570572,0.7528095002774153,0.4755965804519096,0.5128168188116147,0.6840629401201807,0.5368521162005603,0.5356270157168881,0.5752565445846459,0.5181289290399158,0.4969788374064373,0.5562923783419821,0.532623442582531,0.5026141664493876,0.6226461590264534,0.4860839915537911,0.6451804557192721,0.4776759144171207,0.5671365096509343,0.4681429489922849,0.5351574704290861,0.5471060563462212,0.6424428496804112,0.5311901470118814,0.6645033964049207,0.5616200726845019,0.45015580823584006,0.522423654914344,0.5029576606501608,0.43766454400225624,0.5597633392725532,0.5467998803990702,0.675262076272953,0.5863356609408933,0.5473123664327771,0.4593582441371952,0.6039765514012688,0.49427222652088104,0.5481608583168218,0.44156279559244993,0.6334163251268127,0.4210615860746927,0.5867801846934708,0.5115305334415721,0.6049555064873824,0.5919835337062009,0.5286927881042344,0.6450838425429,0.5609933468601375,0.4478849021794211,0.5317772315836037,0.45861034118536304,0.42411568091488877,0.5147388788103441,0.5228050398523936,0.5685416130886147,0.5697790157256456,0.4493888265186888,0.5347694900557661,0.6650189967973714,0.503424130398096,0.5216376832574,0.5375957750596505,0.599534537482883,0.5851301034509767,0.6916250863312584,0.4916959635160895,0.5310619049421818,0.5331898821103814,0.5356509855230285,0.5140420670489352,0.6524380426650405,0.5434411894248337,0.41292556866455077,0.6089867485560545,0.4293601568755357,0.5252307183415859,0.5288927197198019,0.5084171254916948,0.5473620148278793,0.5186060708134383
0.5619979518258638,0.5875840716600532,0.5242956375713158,0.4188157140750961,0.44841778717464914,0.46961290998117855,0.4853766541440818,0.6095988499710369,0.0,0.5556652645178293,0.4710606776132463,0.55223694798928,0.4749803064250174,0.4818221426951517,0.5060049523227331,0.5289427060902676,0.5062562313570749,0.5437527336271815,0.533159207221269,0.5585135128938936,0.5255833395596659,0.5695565790451089,0.4982828384617748,0.4916422456987023,0.5882649696795685,0.45065898759595924,0.46034332366874126,0.5158253296038324,0.46932456441211756,0.5505026748554519,0.6469323943726301,0.5343869875546047,0.4273899080581159,0.5375296502691045,0.5303963194360557,0.45956233267614305,0.49012445239779845,0.530780505339339,0.5054529250044605,0.46739849626722363,0.4390827142304932,0.6080997544555266,0.5007002133985682,0.45615333581557294,0.5717729736710461,0.4942157414424171,0.48617586145747443,0.4082661740087195,0.5544391211490973,0.4681050194941599,0.47843328263781654,0.4799361456736232,0.42321570960776195,0.4682028692355078,0.46544117607097285,0.577317066488027,0.5263608409058632,0.5152067213142796,0.4747279662572356,0.4803915416054362,0.45345668808718387,0.43152941759246155,0.4545446419476864,0.46550322701636165,0.4699552746535302,0.45121612277586953,0.4675833404220307,0.5094359658218964,0.48446502745695047,0.6053388213005853,0.5499714287743975,0.48614605540946937,0.44906811058727625,0.5022830460405229,0.5234550691637719,0.4826893234073487,0.4651968906941423,0.48114212171465787,0.49523583163271184,0.38919480284867614,0.44977655283191886,0.5813597127097653,0.5948504056707288,0.4599232709128666,0.481530738466417,0.6349870257956465,0.48289215028360916,0.4721396553194055,0.5332267579896912,0.5593691810232396,0.4804830365532796,0.5305836951694001,0.46532465924089095,0.46795914520125603,0.4935055511184777,0.5238451417228178,0.46601595759173225,0.5473583871526945,0.47915258213775713,0.4996438348401307,0.469629751870588,0.4923947910568797,0.4193213167868619,0.47405800719922225,0.49307881195959513,0.5206641382029112,0.4418208542545274,0.5782541262466107,0.4600051763015338,0.4568761583087844,0.4815517999845348,0.471090294305325,0.42132210473828374,0.49851654691437525,0.46224242766072976,0.5426398716172391,0.5119529344604804,0.5615735246061158,0.41144553418931473,0.5220365852826703,0.4866874648108614,0.45405090903766837,0.4488354682494601,0.5418510404434342,0.4517602497468713,0.5000261657692656,0.4413905972795542,0.5405639432765,0.4867228534123261,0.47659965486436,0.6535299847492639,0.5030550839526163,0.43823068214088556,0.5341306953813335,0.4773880500175894,0.43242861012608924,0.5497322088884936,0.47921722901919145,0.5036275284423392,0.5195547270863928,0.4078726759086462,0.5191077535570259,0.5542147714977007,0.4655409005737468,0.5051472612673655,0.525220308407004,0.6356055142430772,0.46322450758133354,0.6496059441882055,0.45347926017416695,0.5365452896907825,0.4696247115344132,0.5051917142004851,0.45755528300922216,0.5357145065706671,0.5509443585406276,0.41294331956149005,0.5144706621904167,0.4043696535681718,0.4606024469642593,0.4355749761756404,0.5129958117765101,0.48177604993982504,0.5346987637962355
0.5637286367553991,0.6741915125018969,0.6539243941837648,0.507257696317554,0.44237336014453343,0.5296466790524025,0.5654186513791779,0.7159059439655243,0.5556652645178293,0.0,0.5078515643393178,0.5482092446102114,0.5693481778991707,0.5599716635494502,0.5244770212250637,0.6094613866134325,0.6083077201979399,0.605772296364966,0.5337017468871199,0.5176572223485549,0.5755062964641523,0.5807930795238948,0.5587471478372996,0.5251507916045731,0.6637039356461709,0.5516801615793537,0.5144873208240933,0.6464155913337122,0.5731435457351312,0.49460400947716276,0.5710728815219089,0.6157235815949837,0.5104899675577552,0.632705684343833,0.5232601469297946,0.48967626070710774,0.5330926982885321,0.5512811030848301,0.4796734761160509,0.592130299098411,0.4885228426234728,0.5956421623067416,0.521862411936359,0.4870466905531176,0.6898514133799492,0.5723749817878513,0.5259238845463711,0.4274149720993475,0.6288732787847965,0.47252984560814226,0.5411397621578216,0.5753396673727382,0.44845990965072413,0.5421535882640751,0.5272779752180095,0.6048100714012042,0.5434211253790499,0.5431442707652364,0.5406739775039165,0.523088558793364,0.5256290639454212,0.46734134920440523,0.514028935389506,0.46579700555739867,0.46399463748596437,0.4965514741396835,0.5388484362585143,0.5757592405497856,0.5451905407285902,0.6999482045113503,0.5785439303384923,0.5089965324510414,0.48657052746293694,0.6306232325474189,0.5905139247477378,0.5320852477855756,0.5450335880669902,0.5633845480216846,0.5600950923488857,0.42478880436649114,0.5195246343171878,0.5590889352281584,0.6201175778050957,0.5430536472660861,0.5186667425164234,0.6837603712417527,0.4988599915585678,0.5030648157533437,0.6716343346132696,0.5349086021389886,0.5184574223260896,0.5423200171354868,0.493730004766431,0.49635197164079775,0.5453357381138997,0.5732012767274454,0.4675346610982693,0.6319274396373453,0.4696626395102167,0.69968646483025,0.4905868172697541,0.5360713920407045,0.461704510086036,0.5243102630897571,0.5199746940658114,0.6228222152078897,0.5008414502516091,0.716302285882504,0.5492374971119572,0.479587568974351,0.5338267482360046,0.47659065011620466,0.4761380878063481,0.5221327948207969,0.5471783959083797,0.6920063922881773,0.590210453664967,0.5346964001900518,0.49777490389011514,0.6131178877864633,0.47508412820768736,0.515593702363011,0.4655179820218257,0.6476292217055,0.4297913006859782,0.6212263323602172,0.4901017760093727,0.5742067431024498,0.6147472553092396,0.5287729496157535,0.6059033626825944,0.5368688703185424,0.46456467516083494,0.5103288400674766,0.4600238928933796,0.4259725650881732,0.5253749672248265,0.5275685690327114,0.5734455828780718,0.5042085891980251,0.4775214025344515,0.5418997056742029,0.601528094783531,0.47036837814853627,0.5351633928663663,0.5613023510317765,0.5419804575307798,0.5628709612969678,0.7046345208281172,0.4614509424372306,0.5259334549031597,0.5184956952441121,0.48334682017731945,0.503553971966172,0.6243412066729107,0.5611615747872203,0.43673253135743223,0.6616090137904459,0.45877110453836134,0.5526824490434386,0.5639131320714372,0.524954485942177,0.5014283700389143,0.5242532094889646
0.5806940039352712,0.551917579164108,0.5489742928107012,0.4767691375172158,0.43150375834549254,0.5274856736261795,0.4809462579777624,0.4828121297142575,0.4710606776132463,0.5078515643393178,0.0,0.473412286867199,0.5677372269487865,0.5616027362546591,0.45977481689493044,0.577853818428274,0.540304050036252,0.49789032558925167,0.4782147845971738,0.5416488616459482,0.547665782585238,0.6125021827971969,0.43651458784965536,0.5788022436603887,0.5849413401918563,0.5891770752316309,0.4159966728164529,0.5716486383057136,0.6419966599196497,0.39828426711319537,0.493581541689498,0.517714818106081,0.4484413282112214,0.5354289644042421,0.5994259841837192,0.44630553068446116,0.6266338730430318,0.525236486674463,0.4907183260742494,0.5285201246117889,0.4343693891484194,0.5297136305391532,0.4638211459730747,0.6053889335081297,0.5334408750476025,0.43065007397446076,0.39665121568196204,0.6108208333570228,0.5713720502544244,0.42607687195271854,0.4776527550625934,0.5306957035342345,0.3884108242608453,0.5546531853812482,0.5456696477820425,0.4959410390730064,0.5053721607398611,0.4701556153698941,0.4820787643397202,0.4287555136315356,0.5787106871593795,0.3938168338364603,0.4854805550001675,0.45389673429222877,0.431663545941679,0.46127494557441073,0.5923524548289896,0.5464380872835288,0.46466036311000547,0.5782580822883295,0.5669331105856978,0.4911348699198909,0.572634245441415,0.542007508626792,0.5094636088351872,0.4694613966185201,0.5303598015577156,0.5055234441420667,0.4629598484965993,0.5016023943364138,0.5063920010912226,0.488530578779419,0.49274926849201367,0.558199582320199,0.484432185802179,0.5387026662637523,0.5877757183201944,0.42506011605972494,0.4488114742792723,0.48672598372319065,0.4622658497522433,0.43670388144810157,0.44853874000967814,0.4995730765160184,0.5314892694932775,0.546576090234931,0.44304300240694,0.4962846530063039,0.4619058193748346,0.49430404405186934,0.5847687222866795,0.4658764142150342,0.41051634155538774,0.4214775642742785,0.461983351570831,0.46352691749888547,0.4217644670966484,0.5642620125372322,0.42730702060275133,0.557992823051456,0.589177990704386,0.46219497806626914,0.5595732770755533,0.4669924918967212,0.48010256545172225,0.5294607467367339,0.4798678270842003,0.5073728331317525,0.5747966512035991,0.5263863594790285,0.5044998112606907,0.4267200278824506,0.5921353591840703,0.5555587176239973,0.5462242202805887,0.563793562779667,0.4137210343481968,0.4726438432990602,0.5706938018579152,0.473002699465641,0.4408061512284131,0.5095904079207871,0.5624009358766953,0.6145411064723446,0.5978832785878491,0.4622299355144246,0.48300729612842686,0.5050407869276564,0.5271324778960489,0.42561216880909836,0.47187263732607176,0.5652252995435144,0.4760927160514718,0.4435536396847684,0.6503858828985138,0.4698494283227579,0.4818100969849795,0.4243811088389093,0.5466919551568274,0.4472247075180236,0.6000785028588325,0.4517961605502521,0.46315495784067107,0.38542491464063905,0.5088430528849797,0.5879771763266096,0.5249262884896363,0.5336069031804846,0.5435382305392985,0.5424116654241337,0.4501244436868906,0.5763952376208512,0.4276433936099329,0.7507557143475306
0.473225550367362,0.5570549950986053,0.544948747298446,0.5190099114537997,0.5287663138368719,0.4667172097804529,0.6045929406756945,0.5935927173896396,0.55223694798928,0.5482092446102114,0.473412286867199,0.0,0.4282537826636037,0.4395231929032677,0.5333416990141665,0.5120378332827861,0.5098659461326587,0.4808738719719595,0.5843228246137566,0.44325650524949767,0.576887140064192,0.534631100555157,0.574606722041763,0.5014678373337572,0.5609373475199,0.5071218009871505,0.4717946483301178,0.49368572353984136,0.4883033044338203,0.5430540857801812,0.5996242651043016,0.4939681328058777,0.5105811476639037,0.6064026796947556,0.4859035270542896,0.5118721971263713,0.4536057992019693,0.501560222810659,0.5506858580172365,0.4924013709664879,0.5102033896906485,0.5830612357017397,0.49465248405765483,0.49638918537108195,0.5445146665414893,0.47805310624973035,0.49605914415755165,0.3998792723745026,0.5532320905723197,0.4576416190584947,0.524400823932355,0.5390715339072789,0.4034905944398625,0.541318364895461,0.5135872332765417,0.5153688245171718,0.4940594339801951,0.6647254876560149,0.4462432423235452,0.4755944090465099,0.4249809448023864,0.4267648738493552,0.4634242608162877,0.44240092642158835,0.43001449272931785,0.40998672098838895,0.4419508445577616,0.4631773808089165,0.44903391276481036,0.558225291977619,0.5012658342892485,0.4420942900895601,0.42499258459464073,0.5196004557823825,0.48399721499874204,0.41945755080805175,0.4851938664321522,0.5837635251945982,0.4945808397432144,0.3749446148862383,0.4317552934863867,0.6008034378426498,0.5620660124414106,0.4258312612656801,0.49573601943154844,0.5770572965390818,0.44215385579752076,0.45421310984433755,0.4941664781078545,0.49969159317709366,0.5608079685249003,0.6199766254481839,0.49092330417615987,0.42050996967382875,0.49320069939844713,0.5584750248218314,0.4288572458630062,0.6275748709260307,0.47280733840202255,0.5054579255930847,0.4325380797727342,0.4947901082922161,0.4903997126029868,0.5820272607068875,0.4781645792287991,0.5122775941846673,0.4491754524402807,0.5641246271605834,0.4755100040689527,0.43026311209533113,0.5733385518471905,0.4953692963497518,0.40023289090078584,0.4875343630074508,0.45865444161281754,0.5562933057608707,0.4803700184441212,0.5075367776759249,0.4532227827536663,0.5456922573488167,0.47665321814033185,0.5210267755885336,0.4128382479177563,0.5683935779931686,0.39691756022843705,0.5439904221828687,0.4571282190846317,0.577762707102111,0.5359383342336117,0.44666736879718,0.5255674432596901,0.48488536049060765,0.3915106262800403,0.5356416852611974,0.43171376088011243,0.38297177379201297,0.45890905921427344,0.5007608641274546,0.4888091787435685,0.532216728599753,0.4165099048085899,0.4780460353665718,0.5743569583065877,0.4850069311941674,0.49755824286796557,0.5639321811031406,0.669271610792514,0.4675673999406615,0.5666017584154289,0.44851469208561506,0.5115153021529265,0.4656026129931813,0.5004994347440079,0.4722443435805401,0.6922477732928161,0.4748193809149781,0.3738539098932259,0.5841971468378823,0.41599566414891875,0.46944330667203255,0.4235816479142179,0.46470909165315105,0.4908807051138465,0.5203329568783626
