0,1,2,3,4,5,6,7,8,9,10,11,12,13,14,15,16,17,18,19,20,21,22,23,24,25,26,27,28,29,30,31,32,33,34,35,36,37,38,39,40,41,42,43,44,45,46,47,48,49,50,51,52,53,54,55,56,57,58,59,60,61,62,63,64,65,66,67,68,69,70,71,72,73,74,75,76,77,78,79,80,81,82,83,84,85,86,87,88,89,90,91,92,93,94,95,96,97,98,99,100,101,102,103,104,105,106,107,108,109,110,111,112,113,114,115,116,117,118,119,120,121,122,123,124,125,126,127,128,129,130,131,132,133,134,135,136,137,138,139,140,141,142,143,144,145,146,147,148,149,150,151,152,153,154,155,156,157,158,159,160,161,162,163
0.0,0.8778087788110452,0.817533734985262,0.7941865092187695,0.8416370191913715,0.8151768286747793,0.8378622907745149,0.8538977017306604,0.8667519392133213,0.8134334519079297,0.9171477043939673,0.8351119118646222,0.9013860737664098,0.867657604511494,0.8508265184792809,0.8797141442950934,0.8752231069119792,0.953590563013951,0.8397162595431593,0.9346524705252979,0.8776527406920858,0.8776693747828389,0.8357603002381807,0.8749616931907744,0.9231954530030978,0.8096525542988356,0.7755776608692195,0.8502627710587282,0.8143514349581394,0.80268125858193,0.8780274681640238,0.889918096903117,0.7853796711363137,0.8212719664312934,0.9543250932154932,0.8601484210902477,0.918620103183444,0.9061932760943529,0.7821304944412801,0.8626374497855461,0.793799426531632,0.8686959480825384,0.9011952884804336,0.8862774790857935,0.8935313547821768,0.8613809290780156,0.8203964203387734,0.9021288975972805,0.9162423150970155,0.8933192581278063,0.893652328515238,0.85865216172952,0.8178025833390143,0.8353920086397287,0.8781799841489891,0.8406479769903259,0.9260549260325297,0.8410999141571255,0.8763469610593513,0.8825134644794591,0.8224757988506078,0.7714406082288131,0.8919848389570314,0.832118412047095,0.8649364098824261,0.8625202643470026,0.8311139159648953,0.845009790693187,0.8372963851705899,0.9123418753734396,0.909126266451658,0.9022498289407432,0.8649466581908221,0.880293732661415,0.8424170787879148,0.8683942876642144,0.8070468620907492,0.808669172164836,0.7965018327432429,0.724836543322975,0.7885625355733901,0.8584449526067832,0.8450125776497772,0.8211185143154959,0.897426049261683,0.8821250777816427,0.8959450763841479,0.8508868309998683,0.855024534255987,0.7928170641561659,0.8920563298893203,0.8303947544855569,0.8965660519552385,0.8914142325086968,0.889305325216566,0.8055595439775747,0.7345169202858082,0.8103608994786451,0.8336272036120953,0.8435656753061171,0.8454434646106774,0.8206704570740918,0.7807916098749764,0.7621170628256698,0.9325283073348486,0.8331829262340847,0.7853702196186163,0.8316033257725605,0.846317543078984,0.8832569077572756,0.8709836089982219,0.8904157649951442,0.8526662699163964,0.7865390622957038,0.9015930250492489,0.8632626142559023,0.8887849514301542,0.8847182436671499,0.8197067793996162,0.80252551731532,0.8810352235124522,0.7465067577639866,0.8909104021615856,0.8860538285671467,0.8624379946566857,0.8248760601491156,0.7466293170168039,0.8416922081556587,0.8413628275367062,0.8396383785758547,0.7996792127906843,0.7961632737300394,0.8148795779640048,0.8340625166944288,0.863889419532505,0.8295158911696302,0.8553427581770353,0.8721761736519513,0.8515761181674171,0.8476839608625499,0.7928562879098832,0.904886592758351,0.8717402750421235,0.805194297372375,0.9062115298667204,0.8357731419864418,0.8258078384447155,0.7181176332770688,0.892066409139833,0.6930958758837874,0.9252275770139934,0.8277527037974982,0.8562163934483774,0.7661982792333478,0.8280608371994913,0.9119190546873434,0.8605934504191515,0.8148587020546052,0.8444583555819277,0.8352526777194896,0.7481872531794341,0.9336298167032202,0.9138485140483746,0.9345536235466447
0.8778087788110452,0.0,0.8808564260456935,0.8762841102046834,0.797864128529555,0.8737725635905558,0.8313867744489274,0.9091617695263543,0.8258995110374603,0.8525430915007783,0.9015677008885566,0.8812924439686577,0.8606321570818766,0.8156364885419105,0.8878860734100251,0.8220613081659935,0.8389742283517497,0.8528818812503592,0.8532259421416077,0.8387640866043122,0.8891989966852153,0.9432190321399148,0.7686520224458707,0.9134150324332528,0.8598737986820475,0.748549325669578,0.758878789052047,0.8124062538192751,0.8795104958609524,0.7364451793847331,0.8508435824438264,0.8073492017181139,0.8958207839749781,0.7561366853528606,0.8572916436681954,0.8501136616634892,0.8331784107592042,0.8251432670580772,0.8430958449769759,0.8761659113177053,0.8768577383302558,0.8430855884157759,0.773280430745553,0.8547379977822162,0.8595963252780473,0.8234328922796186,0.7410298665652422,0.8438135732300015,0.82206148181637,0.8238912295942212,0.8639735453835395,0.8510949283127691,0.8577300919800621,0.9353779148074468,0.8720324569538286,0.8359378736017665,0.8669185873729931,0.839023179476246,0.8169862328165853,0.8663093170379045,0.9034087464932989,0.7033549907167524,0.8478773089272429,0.7314097497964793,0.8116075458240264,0.8028218376173611,0.8312806033754294,0.7825102453504422,0.7298422375637631,0.8698006855340971,0.8600135585566759,0.7805100931411441,0.7749422004206691,0.8779939886118696,0.8632098288450075,0.7619665127348466,0.7926116507073129,0.801893311084828,0.7434511020403406,0.6869048513193806,0.8108055215083514,0.8677152003158218,0.8903592601650131,0.7964221684155134,0.7968210014175215,0.8926448041873211,0.8053142217733263,0.7311140744502815,0.7926821873322294,0.8736560038644575,0.8113620793024386,0.8192713400803601,0.8623282879749793,0.8518641870991499,0.866672024568712,0.8377186536134474,0.7955981551621603,0.7803940294325887,0.7133092303569153,0.831905529261999,0.8014856771526622,0.7757333288710477,0.7000929596863558,0.7715284346180854,0.833849487800493,0.7745004980430271,0.7849252368465234,0.789864977106559,0.843497808454651,0.900661415684667,0.8641205775272384,0.7727154606606373,0.8106277035240642,0.7465453117509997,0.8383121690384358,0.8811354306332599,0.8165951533322647,0.7851269806498097,0.8187404349941678,0.7516727103789838,0.807937153761524,0.74494224210841,0.7877686985853704,0.9010646784071424,0.7736849543892648,0.8830212372997622,0.7221065647119329,0.8667015782766524,0.8485579297608794,0.7918647675655662,0.7763286835623919,0.8116300113150975,0.7567748866137493,0.8631072789019727,0.8759421465686557,0.7777294531318512,0.7807293669009453,0.830184784080178,0.8181975898172279,0.8185080330611014,0.8298423540346259,0.8112796173537661,0.8985187704674769,0.805845653262005,0.8468669690339174,0.7121758183849435,0.8734689663158245,0.8053750181189538,0.8292077979149893,0.6657545923234495,0.8520185130168418,0.8415464833125128,0.8619216972046184,0.7916434176340623,0.8541850403804842,0.8931602420304281,0.8721318414621085,0.861458831422389,0.856997608170535,0.7459439094250048,0.761439191668704,0.8238567536832733,0.9071660432918411,0.8899746153294611
0.817533734985262,0.8808564260456935,0.0,0.8073580455006193,0.8008601535970705,0.8563189231833978,0.7603504711317759,0.8811934919812937,0.7376928878831442,0.8612104944589846,0.8570101417517935,0.7948809635243036,0.88126225311555,0.8185553993395289,0.755518041718069,0.8830662775945713,0.8957498486396681,0.8295848387596044,0.7510414465314208,0.7924274583056231,0.8974227482860749,0.9040831259076711,0.7393776455326152,0.8187891337283472,0.8129953415075498,0.8070329710428222,0.748321221544223,0.7902079693665555,0.8128407863228017,0.7102448651480161,0.7087082210853112,0.8235598221224474,0.7860931696543725,0.731501617782403,0.7737812911454099,0.845256381476755,0.7911950325554615,0.8161361969036306,0.7084766434335272,0.8533638982442945,0.7980571216007174,0.8879933283928547,0.7752274964361784,0.7753569992448631,0.8430892647052409,0.8027254537382805,0.8114098338065988,0.8065538383544301,0.770638565279624,0.8281068035077701,0.8330825249124362,0.8690544804865772,0.7767105293278582,0.8568359294568834,0.8035333692746831,0.8287265737905726,0.8076387811922757,0.8542958848149821,0.8151615849589251,0.8258866511974599,0.8429851557890778,0.7708766989158509,0.8796076556329911,0.7799844739408244,0.7479008633085801,0.7905358851061616,0.8015575370722203,0.7994547067953753,0.8209644143403168,0.8350995406260433,0.8313717461473489,0.725823622633857,0.8266386237525198,0.9012348217919138,0.8777226035571066,0.6717788075677841,0.8029461693268083,0.8047541633148128,0.7161831841430707,0.6429741944619404,0.8173062606379966,0.7922132240388727,0.801418872648971,0.8074356454274517,0.8218818835835978,0.8558809157018229,0.7754513382848142,0.7253077735244644,0.7558723996835147,0.7549362116213387,0.8425919432532223,0.740163166990282,0.8014211677471371,0.7468042209020326,0.8491527429022004,0.7529912331459081,0.738661132048512,0.7940382742858489,0.7111090335145576,0.8260672890141256,0.6768050716039622,0.7893559643760867,0.7094864254012082,0.7270717373937947,0.8230971647898291,0.8471036019389113,0.8336196093280829,0.8225006332748563,0.8295136472701636,0.8509829832459443,0.8040333336966365,0.7830122546944418,0.8249742915203898,0.7559411757861649,0.8017316088792651,0.8807050653817201,0.7649899314771145,0.7457483006882604,0.887950360760695,0.782563022164925,0.7739285500668728,0.7389409768538655,0.7951405121040775,0.7925690202694221,0.6757376289448183,0.7790868896384191,0.8092694490903093,0.8368247581082658,0.8758210988493406,0.7683137358418071,0.7985943400076421,0.9093118703625278,0.6775765560401,0.7458573645855672,0.7868080780245404,0.6978304370998282,0.7167109702919114,0.7626485338399956,0.8098562021362316,0.7050886027875595,0.7175342402766123,0.8536282382534972,0.8291069888800118,0.8203094014850669,0.7991439596653233,0.750607613117935,0.8006693219217089,0.7566840024009726,0.8413559107374647,0.7587122399345847,0.7281063511416855,0.7074094395693169,0.8203279615526923,0.8623724604575917,0.8087509649417073,0.7844828789905833,0.7669544889930325,0.844735395969949,0.7230599030126714,0.7333280206474075,0.7834113109687808,0.7143135517154908,0.8426493932145763,0.8005204017658818
0.7941865092187695,0.8762841102046834,0.8073580455006193,0.0,0.7572911274578975,0.8288201021858498,0.8673496286351188,0.8505552806987186,0.7033937873858908,0.8141935262753849,0.8444088042871607,0.8499059527111786,0.799265377691753,0.7739976907623265,0.8179204452682224,0.7582390520814167,0.8071312689222617,0.7855643222760358,0.8160243046869974,0.7192487703119775,0.8401012776852971,0.8193689318003655,0.7940746455752676,0.8294782106380884,0.8212962328816175,0.7851101209152489,0.7620901528640638,0.8070642882920152,0.813339994967623,0.6753055135973564,0.7661972868042293,0.7704422314979887,0.9388653067798549,0.7836279300776747,0.7968991183943009,0.8432415746026168,0.7769865087160496,0.7397910758204557,0.7510983078146896,0.8685709127310461,0.855155060487234,0.7943053069064376,0.7277067290743152,0.8308955864676857,0.8194565570551988,0.7761693610150038,0.7038157476678234,0.7714148318113574,0.802348420499926,0.7582650495581917,0.8690633319638197,0.8589765802011976,0.7696343935274078,0.9244067659561392,0.8649425237935813,0.7621500493867803,0.7884699540282386,0.8367106571641051,0.7885574755579565,0.8151876597742584,0.8417228894723021,0.6861712607858368,0.8225791484422456,0.6838249372686551,0.7255293541474791,0.7396773085871916,0.8107284708790884,0.7207297861524784,0.7052697344875914,0.8213745394759095,0.7696011803692473,0.7131965242809037,0.780708386298263,0.869854540830572,0.7880643687155912,0.7050372321833771,0.7953530058632698,0.8028328259557899,0.7131851914389365,0.6430406509696166,0.7369524557517574,0.8225712775433521,0.7636101550097929,0.7361918613087021,0.8055612588176645,0.7905717008523926,0.7636114089405832,0.7285316930486152,0.7759387789464273,0.7467674265513025,0.835801378564169,0.8406238308537017,0.8101123902608138,0.7683973865538338,0.846942746051425,0.7953574942677767,0.6982599661586532,0.8064868972399164,0.6900865748796295,0.8645501756019016,0.7200065758060156,0.7575360393679317,0.7990990223960003,0.7928100184369039,0.8030081704834668,0.7343917401708114,0.7658319310271444,0.767268082042573,0.8127443658614968,0.8003259692227954,0.8890978382065982,0.765423778255809,0.8123513875168062,0.7187620061505597,0.8166324229876893,0.8465426295631658,0.7862612568810601,0.7107089207518685,0.8676498446982456,0.7951619863973378,0.7136434658126365,0.8489495745594079,0.7388946416292381,0.8478384494552681,0.6719881746980974,0.8365214973988889,0.7503934141765726,0.7935411638404647,0.8502981769811244,0.7159799678530988,0.6846871131372573,0.7253235857874221,0.6875500547392868,0.7974375639068727,0.7492034949891461,0.6500870500554179,0.6655362211270728,0.7963801560844574,0.7698595224887516,0.7364206723020346,0.8388565194381193,0.7311043048344845,0.874086309389656,0.7775030318206091,0.7694702810120524,0.7399735064062065,0.7554695068679301,0.7385308737386411,0.745723471392051,0.6150675545126685,0.8065903099376953,0.7849443258920535,0.7840826454471812,0.7433342722724597,0.8650549143773056,0.7705748588948732,0.7770125885798443,0.8569847042628053,0.8744255172012343,0.780248630675988,0.7411761909469551,0.759054180024333,0.8125243285240592,0.8117900835965013
0.8416370191913715,0.797864128529555,0.8008601535970705,0.7572911274578975,0.0,0.7095449325763918,0.8423583726358228,0.7352869571438985,0.8137620393924179,0.7320426019032154,0.8502521820813235,0.8048730930970835,0.7509092744342327,0.7920364865982215,0.8625255334134465,0.7975343678593304,0.7757284428293868,0.8410161827302859,0.7419498063121468,0.7678216445014096,0.8165528721374957,0.8735382893002039,0.7753996210347304,0.8109163936482668,0.7787605652522949,0.7804110073726126,0.7461823658731046,0.7021995791680422,0.79738299428042,0.8015210834417682,0.8184500979290539,0.7655212922502295,0.7831158862743075,0.6954644704679688,0.8567932182185616,0.8688189113814492,0.8002945376431007,0.8457321387784955,0.8030442638696397,0.8019485459038223,0.8070989393918009,0.8058445476794558,0.8464619913140321,0.8619867068583932,0.7713976405378684,0.7465356233289099,0.8223586150687013,0.8348908264050985,0.8303569422639416,0.8628552175835994,0.8506116451136438,0.7803515618566815,0.7486046963109455,0.8009718619755896,0.8485551241488956,0.7261554374335893,0.8047895251409184,0.8407676482456943,0.7855211126955667,0.8026082732590832,0.677762475026009,0.7497369328325688,0.8020399551442311,0.8064743594576935,0.7945260572668394,0.6951225790386172,0.7201287798773184,0.803872120182772,0.7880047972682624,0.7908331910874917,0.8504396612271482,0.8177086262633109,0.7372829317864691,0.7949926123316174,0.7238812055197951,0.6924856630567778,0.7557722563751932,0.8771457370118882,0.6889545504917567,0.6259687251112865,0.6731787472477676,0.8280632335936897,0.8319142379404331,0.6723684706163238,0.7772529457819887,0.780474513345965,0.7217167109542126,0.7953804475606618,0.6905103335424267,0.7138312273939684,0.9295837313068107,0.8104224050335765,0.9067003959940139,0.7237587563878262,0.8350714929614469,0.7900744379142223,0.6614862365808752,0.7077282655142533,0.8436628625407009,0.7135454350819584,0.7670026739337991,0.7376623749954977,0.7504981807481909,0.7366489869207676,0.8269375740720966,0.7426520246938489,0.6898622806453848,0.7065539335922392,0.800027414070363,0.7589722790071252,0.8004032163747994,0.8691429052317678,0.7022831011315361,0.7152404815845641,0.7745303396298163,0.7708128733636284,0.7032478701856051,0.8388645020760257,0.7387254353509815,0.7533542448697798,0.9239107562422274,0.743265273654215,0.7193156060042651,0.8170224965767544,0.7679084355546932,0.7736738119570552,0.7078466000311647,0.8466513540187273,0.7452518967474372,0.8161448413688133,0.7079213676393243,0.7388120587809137,0.6586990510540126,0.7955228034721278,0.7678760793749543,0.7898179636246448,0.7451814513665773,0.8655236765886773,0.7748355724551912,0.8305806128395794,0.7222853448827999,0.837965628944442,0.8088982351772712,0.8249515424140117,0.8460910179102279,0.7805914235302902,0.8749007453174836,0.6771109293285728,0.7740721186857653,0.6540886890821387,0.7902652326787457,0.750542642415666,0.8183914108010267,0.7897405259915777,0.7610363835003591,0.7749165701328963,0.7220393377272953,0.7494117508581241,0.7801536177508419,0.7395538968625089,0.6557447268987641,0.7705763543028975,0.8458419159151602,0.8755753411047971
0.8151768286747793,0.8737725635905558,0.8563189231833978,0.8288201021858498,0.7095449325763918,0.0,0.7416462309312338,0.8642399763723357,0.7421791672658113,0.8231874865176207,0.8366840236158712,0.8313235976119518,0.8338266441278824,0.718032067894199,0.7211982248098514,0.8100787625481706,0.8232368350434088,0.7476423775194224,0.8208057463394848,0.7505532030976889,0.8581437449983788,0.8164726027856049,0.6872105602257889,0.7820919839895615,0.8416372737713887,0.7129257498568746,0.6536128446579286,0.78847422969491,0.7816719273464858,0.7116072467127332,0.7374880373924789,0.8157062343613345,0.7919784267939876,0.7368391658720543,0.7476978869866051,0.740787588680284,0.7924299850514476,0.7272184270884916,0.7061138484679756,0.7526136001351277,0.7486328988932685,0.8727336953065465,0.709951003734913,0.7997720349671423,0.7614480879405743,0.7383991717890735,0.7123019983193222,0.8006569106218756,0.7305406027272259,0.7190051509940518,0.8046639479503539,0.8635699452165457,0.7604702822496892,0.8523930835131219,0.7762843402549466,0.8864163007409334,0.7861711731398778,0.8550519754426661,0.7220297418313482,0.7418284203758888,0.8897492533341402,0.695422369413786,0.8650873107841688,0.6378719754956005,0.7155754174675278,0.7773535034691808,0.7580059268092264,0.7541134916874545,0.6783417459948005,0.8429976104778338,0.7870266491360438,0.6532345630863539,0.7906471468299421,0.8273918453384953,0.8623797505851839,0.7280437567257052,0.7548173237422439,0.740978867336186,0.6873871586886121,0.7674912795968465,0.9146858210744052,0.7836405865488463,0.8189543797676373,0.7943169080087256,0.7918030833157664,0.7964378170065721,0.8572319692332738,0.6664623017180554,0.7693223808045955,0.7756410802971634,0.7621258341101054,0.7600271406645216,0.7452376589068985,0.7917589096844507,0.7854797036667805,0.7938447448055999,0.7446890315138888,0.8051122273608531,0.6483202554118228,0.7940872614500039,0.6745309371415689,0.7502014264183431,0.6895807036969929,0.7380291490677333,0.77306988985687,0.7439113866991848,0.7728729664063144,0.7922637632837082,0.7253323954685779,0.8627326290143792,0.840449641817095,0.6951314326092793,0.870955884794927,0.7227867271231134,0.7645249796067648,0.8385898644518828,0.8316411612810889,0.6923987290101619,0.8734858682256487,0.7552498448870278,0.6760896062310237,0.7503541399783483,0.798580458737993,0.8381452103330744,0.7048257676463986,0.80782122249416,0.7264503387657285,0.7475878854525754,0.825521503789164,0.6495523012409983,0.7922677122689736,0.8640607895523611,0.7153870950891023,0.7883097151174068,0.7640677045805165,0.6691485230618793,0.7123682688184084,0.6786746475490361,0.6836272184836056,0.6931505752315262,0.7701496340665389,0.7872849837454828,0.8058651306941754,0.7375242841300137,0.7628502467429905,0.6874217144731006,0.77001597711517,0.7595031206332866,0.7850373068800652,0.67840666643704,0.7750868252246987,0.784768409466724,0.7440586923462871,0.6871639636713859,0.8460480542364435,0.7882368618727413,0.78972440915526,0.892374609249876,0.7448799857094728,0.7580465430584131,0.738167296421612,0.7991714680133973,0.8263515367012021,0.8033703429112254
0.8378622907745149,0.8313867744489274,0.7603504711317759,0.8673496286351188,0.8423583726358228,0.7416462309312338,0.0,0.7606403045789234,0.7239534818026625,0.8394874142716091,0.8354056429555706,0.824542795040818,0.8175290169498929,0.8305856725976857,0.8811115519693083,0.7722732855010025,0.7660066813704566,0.828866608197671,0.7598930470611107,0.7329951515468104,0.7941096923089231,0.812094846095335,0.856321813902585,0.8358345404374894,0.8463068550910994,0.8108436543977278,0.7900255696910078,0.7527908739762825,0.8277748935445687,0.7307197557514312,0.8385179133313293,0.8494688676242569,0.8531219461505295,0.7964898833874365,0.8389611207295692,0.8522460987783216,0.8703095890853028,0.73321560318814,0.781534332997383,0.8860663563882466,0.7709557952783362,0.776561021195886,0.8170145482867537,0.8654258871677867,0.8421883482235767,0.8082393291148978,0.7960344343291905,0.8276099428854462,0.9215540794132794,0.8031079248292913,0.919686127383723,0.7693471989431142,0.7453739579881025,0.8550833996697851,0.9363807585126331,0.7718749507623848,0.792584171243703,0.7752302317649016,0.8751173324347401,0.8463442584427462,0.759847261276168,0.7619843955945813,0.7578116849034693,0.743249607083293,0.7779318211977986,0.7454198757385734,0.8569009743563941,0.8375372641603579,0.7476281155807156,0.7872941583775308,0.8274234283443269,0.8190112688182438,0.7667345903239416,0.8720503069784571,0.6916294543350014,0.8081827575726096,0.8744857220404062,0.917109238164415,0.6781916468409817,0.6685920485213158,0.6726364622156301,0.8169078618795651,0.8154690342945303,0.6583752408198055,0.7846658859399782,0.724592614905847,0.7644649741542496,0.8742657853389725,0.8079851623682589,0.7501812830948263,0.8701215381751863,0.9000267207075523,0.8930256850040341,0.78076434413791,0.8525765280627695,0.8270467431529813,0.6490770529844322,0.7486863946428028,0.7798463065175445,0.8627539439754905,0.8278534991070634,0.8286435742788083,0.8364356885131464,0.7545921164839302,0.804942118150765,0.7442717209987827,0.7402646472708565,0.7097944361154764,0.8703135770744722,0.8112006241947739,0.8989498052449612,0.8075727144123692,0.7961435664713088,0.6966427634383374,0.7903045782517555,0.7687362734950111,0.7598948238058663,0.8497654152896847,0.7823362756433785,0.7550953445503947,0.7909465794960003,0.772282017721202,0.7177939295771949,0.8999886408775905,0.715825433166913,0.8488999899134045,0.7530662408935742,0.8828945545213931,0.7790131779987551,0.8042902037568143,0.6571855824778154,0.6657074617030689,0.7070795422914691,0.7302183710621142,0.7476397386718944,0.7222313813054453,0.7119104678126797,0.8716392341218148,0.7787544588438061,0.8043993011170572,0.7995475711835314,0.813075974441623,0.8861799206265379,0.7717595440748326,0.8408402857514408,0.8288003472055433,0.7546898340005767,0.7510278965914277,0.7587871519501046,0.557506857452436,0.819993431011726,0.7783051907678868,0.7623739773588445,0.827985801568229,0.7905434271965637,0.8232287024528282,0.7901225380589689,0.822433343000951,0.8807474285968709,0.8721743724901913,0.7329766014794622,0.7783484826241057,0.8392392135451702,0.8086476818094637
0.8538977017306604,0.9091617695263543,0.8811934919812937,0.8505552806987186,0.7352869571438985,0.8642399763723357,0.7606403045789234,0.0,0.7762574361562085,0.85177344741579,0.8670756742548233,0.8790142954097138,0.8738437136437346,0.7610873942470094,0.7887674952161109,0.8702017760579412,0.8880766222999905,0.848777348750114,0.8600755193275667,0.8454679070146439,0.8844663873003372,0.8490818766610737,0.8035392083553767,0.8547519870562055,0.880274926882635,0.7716378073520588,0.7849489886891227,0.8775583584249536,0.8021192463447542,0.7573447165660641,0.7910962276510634,0.8187614930764611,0.8264061782323313,0.8148241302612891,0.8044764523665715,0.8209728555161943,0.8081957670716823,0.8359689776053094,0.7569044893357452,0.8476102891273108,0.832375694610772,0.8357329231137167,0.7882172382327106,0.7809392243421931,0.8906597989915087,0.8568300481107379,0.7439018844024793,0.78851953232043,0.802324549095243,0.8002040492469481,0.8269943989848907,0.8693035703633308,0.7857892927661737,0.8593592430876335,0.8183287781694543,0.8114370538768702,0.860676701010821,0.8853506751379902,0.7758402541714294,0.8568080666889188,0.8853587332386214,0.6949003343544943,0.8743735802196784,0.721882109736093,0.7422041021104457,0.8131729079781291,0.7822474075085012,0.7293546596344269,0.7630080872644489,0.9160567021707791,0.7920249477141648,0.7360258227821382,0.7768686705205262,0.875081556004055,0.908968351450671,0.7409524333708668,0.7786670758505407,0.7571492360295682,0.8159760189465353,0.657865476709986,0.7940268477356907,0.7977121761762478,0.8171734727808256,0.8570947679747417,0.836401550879278,0.9209883236147784,0.8304966384959901,0.7130774993188406,0.8549263496683522,0.8065945387579916,0.8049993847605356,0.7594598983455024,0.8052454680841247,0.8166159665486277,0.7939066185549017,0.771586852183798,0.7478125178125219,0.8332784266062961,0.6634325026121997,0.8500569925224096,0.7102985151211237,0.8140373697766679,0.7184784819185644,0.7901823234784849,0.8390007161096725,0.8474855916315458,0.8357381237633988,0.8768107394951031,0.8251326959272879,0.8547172665419597,0.8302658550182735,0.7695116451538655,0.790786265631629,0.7935214593626903,0.8653807838275575,0.9188050802005442,0.8597924416845177,0.7596095343215636,0.8357339990708843,0.7637802608434795,0.7401825018133296,0.7985989502887431,0.8083895612505099,0.8382723651630583,0.6807230829758681,0.8400007721185315,0.7255009247464318,0.8414469815126272,0.8900437906838652,0.741753125760681,0.8258831217344671,0.8313951964239621,0.7486452877937729,0.7774727703320039,0.8096656342702111,0.6781426427648999,0.7906887186868359,0.773756239163854,0.8426519641825218,0.7951790432893037,0.7692906937231093,0.7751801504760801,0.8330798954774405,0.7525147885224605,0.7931001566113874,0.7345089644342798,0.7937059639275031,0.7790281216868076,0.8703894563572964,0.7312439964821484,0.8254347303414761,0.7767332634540486,0.8397892962727866,0.7724133391024381,0.8923198623361519,0.8343952197265775,0.827688309519869,0.8736930893359557,0.7646151642164631,0.7410416243979632,0.754958445580512,0.780796140333354,0.8733524507734296,0.8280744699486284
0.8667519392133213,0.8258995110374603,0.7376928878831442,0.7033937873858908,0.8137620393924179,0.7421791672658113,0.7239534818026625,0.7762574361562085,0.0,0.698311502714433,0.8145923059967912,0.7581899120265362,0.732547382783169,0.7750450163228642,0.8047298224536611,0.7302265768338062,0.725407981994276,0.8235546273575559,0.7562998412553756,0.8102522690813091,0.7520478992551436,0.8724376445692441,0.6854255137707109,0.7472500095969495,0.7638988994043598,0.6367265670043438,0.7072738944333674,0.7072550216957184,0.7333139368146723,0.794156765849067,0.8388130190907341,0.7249962182243224,0.727077701509728,0.639815585463311,0.8589973660255089,0.7662849202966108,0.7584950136578051,0.8385491944059098,0.7690147587456981,0.703822889948197,0.7293925067924628,0.8302871648935597,0.7385839192586118,0.7724189975039659,0.7225707678945005,0.6854850639454876,0.6935156703412321,0.7583453759414021,0.7443223963936211,0.7958553018167199,0.7512557935229374,0.7187236668813689,0.7837124320781561,0.7504243857431007,0.7449554493300171,0.7766380831121631,0.7909950863484901,0.7854430030273492,0.7298390076758631,0.7503443975634856,0.7207362418317811,0.680789618394301,0.7615663751871579,0.7411869931800109,0.7969532480355966,0.6911986969686942,0.6972562778707676,0.7395483953194948,0.7340956036814268,0.8390014610791755,0.8183983601142558,0.7746924158684869,0.7415062175270666,0.7248559769668512,0.7828270373645082,0.7013498952983812,0.6679631733795051,0.6927853348485729,0.651371350391958,0.6086423665982408,0.6826703791402315,0.8476126800382605,0.8223333664079665,0.6974118084506087,0.7287417385245799,0.805499410103228,0.780203751766073,0.7289342756810033,0.684153678322005,0.7867554688896582,0.802072707724727,0.7773359658066591,0.8001429241134083,0.7459657917462119,0.811150646768293,0.7630728296896714,0.7281941943761597,0.6790971591368443,0.7981280249981207,0.6704372368940028,0.7578058374567165,0.6765069869484257,0.6483706617980473,0.6873754769840041,0.8198659917159778,0.6604057850746174,0.6350129435994941,0.6971428065838472,0.6858891079475348,0.7363946309420483,0.7242382473144213,0.7723809798207409,0.710917758524863,0.7642527081895195,0.7240778669442852,0.7505731444934947,0.7158052235800112,0.7662149858166524,0.6682939474253877,0.7613392923498712,0.8204882520915028,0.6947409350520128,0.7201750769940664,0.7525304833031699,0.8666593805109217,0.7095904772448568,0.6602963411162615,0.7393629100790591,0.678376443471007,0.7363718624150614,0.8239282204455818,0.7433893548226097,0.7206932355684231,0.8856421447140289,0.7922192742766884,0.7930881915965344,0.7362750698290982,0.7546387211998299,0.7109716210443141,0.7950301596646553,0.7227626421256967,0.8008449295935408,0.7997205358283412,0.8097257758265968,0.7662157329444056,0.6872935291595849,0.8816671173099382,0.6313564538429528,0.7529820595762301,0.6584549019586631,0.812124053411651,0.7797151988600072,0.8168357119903678,0.6724821930065674,0.7067626616597846,0.8118724565431009,0.7463952925791449,0.6848971932225018,0.7576352569739155,0.6712486867554073,0.6116942443879585,0.8350760378424679,0.849626036081493,0.878045428677332
0.8134334519079297,0.8525430915007783,0.8612104944589846,0.8141935262753849,0.7320426019032154,0.8231874865176207,0.8394874142716091,0.85177344741579,0.698311502714433,0.0,0.840768883433547,0.797100690154749,0.9019147741432454,0.8302407920989756,0.7519590574694426,0.859475161607203,0.8339883655373616,0.8316687429174564,0.7392702115011077,0.7436410998364944,0.7787938265327664,0.7975875013225198,0.8261028603129782,0.7733930432848568,0.898367130869144,0.7788663430518933,0.8257497968226595,0.82145018461588,0.8928788586604869,0.744244270027984,0.7443301298801476,0.8783849729589891,0.7882252031931569,0.7805242585325991,0.7729934353753871,0.7849967698091036,0.8585324273890866,0.7622486390736383,0.6734887421744551,0.8496167029629228,0.7260815767768338,0.8146211698431167,0.7679092407254938,0.7662436431861813,0.844492727793627,0.7979282300577517,0.7846348653614375,0.7959198130334512,0.8497255288661172,0.7372997822846459,0.8100523789212092,0.7664992157333342,0.7117525512341824,0.7908743545373247,0.8543474733388712,0.8351327832136262,0.7518802780058703,0.8062221240814028,0.8278125519638044,0.7973891686363196,0.8112272587117019,0.7288864850280612,0.7747842483481797,0.7266612581438092,0.6807621223464967,0.7412193208649436,0.8116713728955639,0.8093468399146616,0.8122427803586963,0.8665291339918656,0.7525309279330521,0.7530160332579457,0.7717982437648987,0.8605220630657803,0.7927393193842378,0.7889894062199688,0.819405938953668,0.853094906519664,0.6944138880124208,0.6898987786321912,0.7644348802910459,0.7059252044023279,0.8170602786118614,0.7895074741084238,0.7621153066036869,0.7706862857738186,0.8036300313013303,0.7809581725564531,0.874362668219208,0.7278162145313827,0.8033845430485684,0.7653081329407424,0.810882424637413,0.7374729394769395,0.7781155692053612,0.8198131903088256,0.625524870959292,0.7892085762280606,0.6810031069664981,0.8592918875726479,0.7412984199941378,0.80609991697776,0.7464989550948584,0.7840391310935917,0.7720970093627353,0.7914661839381895,0.7660614180882976,0.8324168880670736,0.833277142885621,0.8222418706571777,0.8055968347046946,0.7169088209171183,0.8200180104033763,0.7854724388165204,0.790187076875554,0.8228201411346138,0.815044403753904,0.805457006605647,0.8384575144534588,0.8064332559637101,0.6919034322380164,0.7699821028778916,0.7434351462739521,0.8266028551214616,0.6557595983427564,0.8617087215275957,0.729583650107908,0.8206894675091578,0.8561371790136986,0.7599452311725533,0.7955541445333896,0.7314802792253267,0.736416396495278,0.6624611453625359,0.7093436022577198,0.6518429448929046,0.7392684570072976,0.7664003514984074,0.8046351620083172,0.7229548191843491,0.7930820278761148,0.8354541015240234,0.7932715921395518,0.7167591847690173,0.7996379345259873,0.7751220613350668,0.687374142935209,0.8161502193289898,0.8598709009499498,0.6629522009042541,0.7322405939903586,0.7794536796321699,0.726750898197142,0.8304104878449418,0.8172553217522749,0.7878046677024831,0.7941679745745681,0.8720126064817698,0.7911514332753117,0.8242297725581902,0.8429319649033754,0.7609278125812172,0.8356889690370463,0.7436551336074866
0.9171477043939673,0.9015677008885566,0.8570101417517935,0.8444088042871607,0.8502521820813235,0.8366840236158712,0.8354056429555706,0.8670756742548233,0.8145923059967912,0.840768883433547,0.0,0.8791553122069247,0.8959169165501354,0.8387419982302027,0.8247566867951451,0.9187733975591913,0.8960276770877557,0.8900501635829695,0.849217361630268,0.8645270067453393,0.8763204890679466,0.9076110862679845,0.8411708554047388,0.8860981888577417,0.9058463583119857,0.7952975566323682,0.8283128362526843,0.8815914772326175,0.899651692781817,0.8227825414131935,0.8223136926614352,0.8555243261222096,0.8085672939879042,0.7996444316665974,0.8848070104991516,0.8350383346655147,0.8967853934775748,0.8927000501056385,0.8172309530552286,0.8766815039153045,0.8022268178031355,0.8702504575692706,0.8163625101148217,0.8631385982375774,0.8515190270194553,0.7979394668032366,0.7278341559701385,0.8993421040149883,0.8933793945584109,0.8218911524309437,0.86052369588395,0.8241656958401073,0.7724612737423945,0.8647199837432269,0.9080609201764283,0.7899169260959302,0.8852813612080627,0.8986700802584962,0.813284054557309,0.8523975489766283,0.857233244607559,0.6891828009713779,0.8457839479661788,0.7715778551922102,0.7617968550433201,0.7732847751756634,0.8170599187457468,0.7802626153833192,0.7953389508249773,0.9298438836159857,0.8257213491049122,0.8151599563750082,0.8181551348150322,0.8817003176867513,0.8690489095715679,0.7759387177738595,0.8409977370987097,0.857748607890493,0.7424725884816,0.7423018901008717,0.7625134997481677,0.8001004505671917,0.8603671080184192,0.8213936056704179,0.8432915542052468,0.8611941806657349,0.8751113698818758,0.7623184337016158,0.8051117503145746,0.7903914550726714,0.8775271716244526,0.7642826210884602,0.8977714155671458,0.8392291728621032,0.8576105066830452,0.8095037966008887,0.6956415728142876,0.7598164651261474,0.748442471775714,0.8014570587620644,0.8296249758645144,0.8101672513858719,0.7186608780673336,0.744770615875863,0.8421142411197174,0.784549337498998,0.7629662415328801,0.8440602980582242,0.8044996494112443,0.8843058362250299,0.8790498244608733,0.8258178505337864,0.8162788316705818,0.861269149114959,0.8414932737754449,0.8914885641164182,0.8246133547936402,0.8651473088520203,0.8301352492424051,0.8010280399811455,0.8534592763690649,0.7500895393196506,0.8311335211367838,0.8858084836140717,0.793272969855507,0.8663292420823122,0.7058120309683606,0.8563199891900919,0.8505148723165177,0.7783430855318603,0.7913870534777352,0.8138712030401055,0.8500899537592912,0.8433507773192931,0.8474205565173533,0.7457812823336344,0.8067216835058479,0.832481002644538,0.8487754114381537,0.8304315379008685,0.7812418289271734,0.8861490367781883,0.8411960724995875,0.7877995032464158,0.901737187216804,0.7487221089794519,0.8081267732652305,0.7418335969934606,0.8540522988061653,0.7354765579740281,0.8771540027801878,0.815410633527226,0.8822600716134612,0.7488311498088179,0.8430136363616542,0.8733669620047592,0.9091745873660124,0.8530053144350954,0.8544242244320184,0.8330391171545173,0.7073232552372706,0.8677668675628307,0.8434106011619871,0.9508626453944136
0.8351119118646222,0.8812924439686577,0.7948809635243036,0.8499059527111786,0.8048730930970835,0.8313235976119518,0.824542795040818,0.8790142954097138,0.7581899120265362,0.797100690154749,0.8791553122069247,0.0,0.7769465576795309,0.6859374538003152,0.8304828907071414,0.8296445923168256,0.8290136093871697,0.7846957355588622,0.9403246077591885,0.8159563757587174,0.8968166976260442,0.8177448326327091,0.8346373572876834,0.8922483896408779,0.8967440541507752,0.7508726936365874,0.7266664659822083,0.826483837612047,0.8151058370235669,0.7985707676037023,0.8682995714078641,0.8048861330281717,0.8283535329612275,0.8550856068693106,0.8228215318364821,0.831590123261014,0.8069105281123088,0.7871774056416909,0.8661601080398428,0.8071298011674581,0.8480001674854761,0.8051417602783724,0.809054376035262,0.8660884696832536,0.8391902260614204,0.8055199830080494,0.7277067480192791,0.8332640634590599,0.842221445443075,0.7859649665276996,0.8516071390522286,0.8445329028059056,0.742794894743274,0.88119814466666,0.8788065089667282,0.76025687274948,0.8641532516218595,0.9153058760847715,0.7387419306263788,0.8242127922326303,0.7977779027456843,0.6437081546188389,0.8207426725141118,0.6967165140464103,0.7453241542944884,0.7514512614501246,0.7290709645307707,0.6957595975903298,0.6784876391041201,0.8387036075689085,0.7685834917396462,0.7259432490471462,0.7186626717357215,0.8234301247157861,0.79775308425144,0.7451772215968507,0.7745879883692118,0.8087524077837059,0.7815301853060376,0.6882478758802861,0.7340686625171202,0.8100914215262555,0.8269914920723063,0.7313646629544784,0.8265617776137286,0.841724883050429,0.7988170067601595,0.7050092170602122,0.79203470283695,0.7823215601565623,0.8125900412598049,0.8171192903107645,0.854979276110671,0.8207281511769017,0.7573230039308123,0.8104482722898588,0.7094967947924052,0.8249256271038444,0.6824062632808092,0.7812801760636606,0.7435945854472279,0.8041315067009412,0.7502055036265604,0.8298245523146041,0.7966259562319552,0.77428733961856,0.7809155669105062,0.8159755907136772,0.7875355867041959,0.8668565747340989,0.9186968307618655,0.7933584396170386,0.7301959349209125,0.7306680547323362,0.8090966970951178,0.8374516089209945,0.8432379779326191,0.8171609190068954,0.806049428625727,0.6939539700950236,0.7723994509050839,0.7524352794601081,0.788248906580525,0.8888598837210092,0.7029970536803645,0.883308188058179,0.6676473828479618,0.8522028357051955,0.8610312129226662,0.6959369312300913,0.730385452667343,0.7558609122753905,0.7040276986357513,0.8075913231870044,0.8278717364794662,0.6895312575046679,0.8090806848457237,0.789286481563554,0.7915839248475329,0.8792058719709018,0.7515024376752155,0.7593475803365817,0.8271211581737775,0.7433949872851519,0.8355205012177817,0.7395507789947718,0.8286222762093289,0.7338616099969486,0.845545083815781,0.6819078395304217,0.8865590249946591,0.8045503085921801,0.8411138056565949,0.7199647766700934,0.9394064332891565,0.8133340842682503,0.8093366694820365,0.8677105715427481,0.7803316154782972,0.7548800017868179,0.6557975887884325,0.8114875521705874,0.8655355709311497,0.8663319788644662
