0,1,2,3,4,5,6,7,8,9,10,11,12,13,14,15,16,17,18,19,20,21,22,23,24,25,26,27,28,29,30,31,32,33,34,35,36,37,38,39,40,41,42,43,44,45,46,47,48,49,50,51,52,53,54,55,56,57,58,59,60,61,62,63,64,65,66,67,68,69,70,71,72,73,74,75,76,77,78,79,80,81,82,83,84,85,86,87,88,89,90,91,92,93,94,95,96,97,98,99,100,101,102,103,104,105,106,107,108,109,110,111,112,113,114,115,116,117,118,119,120,121,122,123,124,125,126,127,128,129,130,131,132,133,134,135,136,137,138,139,140,141,142,143,144,145,146,147,148,149,150,151,152,153,154,155,156,157,158,159,160,161,162,163
0.0,0.49672011420921053,0.38692110635431515,0.5315740896924571,0.47209455550104085,0.5005961657309269,0.5352521740978612,0.5574634518464431,0.6094912905578538,0.3936176675786294,0.4893944427906986,0.42741061031473626,0.6392557824196163,0.5970040662799916,0.5894845907268569,0.5067817325116839,0.6099639190750196,0.7657493133651565,0.5057922647456911,0.6273780513303893,0.5654404790802318,0.477445138886158,0.5352529243270511,0.5462316385845408,0.5221996449721055,0.5246320101436537,0.5356486352823283,0.5530230021032904,0.35406184719380623,0.5422251254884386,0.5762883068207614,0.5392627262655678,0.5103223333380861,0.5231488042444605,0.6535452773659322,0.49567024630377127,0.6337517462692767,0.5947781889428743,0.46688214880630163,0.6420316389714631,0.5282542051777919,0.5807179587517749,0.6058646855315633,0.5260426924144086,0.5812515252158355,0.6737899155270939,0.5252235291439132,0.4544932412887305,0.574208202498963,0.634479669312409,0.6788608713580421,0.5719185408151947,0.5952612628573358,0.4959133303468167,0.4414299971394273,0.5753038570778582,0.7375551589975604,0.5156535621890398,0.5922907423494979,0.6737335999071572,0.5550559510559,0.5603947856369966,0.5871085435565206,0.4687868124136816,0.6262549405598086,0.6210220783425573,0.5916276536591464,0.5776966295990968,0.5334540283727919,0.6349761472380986,0.6101126670534268,0.6376841385999293,0.58065496871047,0.6537807220677901,0.584496690216893,0.6082463896422297,0.5239934512873787,0.5036063856532895,0.6218190337313766,0.5569759881201544,0.5267580643411112,0.6256672444215394,0.5686817028752912,0.5597286294699256,0.6362756092035294,0.5989671350865399,0.6110802788594983,0.6811745684338006,0.6610454803156403,0.5463713511376955,0.6322683229742619,0.5775210039240899,0.5314130284457145,0.6295120454204798,0.6085571619161545,0.44019215361799,0.49683864348577006,0.505748504177703,0.529861111028112,0.6880486418740656,0.5701849470028411,0.5188617092493791,0.5382345890459547,0.3942203475669236,0.6462196630000525,0.6050864063298267,0.5685592998273353,0.5585855818989138,0.6282807209480481,0.5057137058440869,0.5202048053316327,0.5785013661393805,0.6458596016738549,0.5624031488105374,0.6690372310291032,0.6806597912188591,0.6687977347327991,0.4056316198109696,0.4513698532482179,0.5371246398016951,0.5774260065531092,0.5622890442949956,0.6292969351673312,0.6360547199904997,0.5871732945458342,0.4257247178087283,0.5734588850453125,0.5092202388469466,0.4392613147655891,0.5694941203911981,0.5594023663093455,0.5207588885607475,0.6025731057520897,0.5678725080025876,0.4805597694919327,0.5403572030323848,0.5595958847605583,0.6392766281497014,0.49491898755039593,0.6265361338901073,0.4803164656681008,0.5242875997419794,0.7031066319997261,0.49206294018105334,0.5369934955770475,0.6014310428687738,0.5255823081649533,0.5378202200235892,0.434538451730757,0.42644482948569884,0.6711219052628299,0.5626661048319471,0.569299196213675,0.45864538726877413,0.5228646008539947,0.6332846690843545,0.5254722522526777,0.5599476463640622,0.5524802954947035,0.5767443470089813,0.5149707822782762,0.7114660018674965,0.5240525824149902,0.6537121382021639
0.49672011420921053,0.0,0.5474510483228993,0.49941888531969786,0.45453699297992595,0.650502528554753,0.5014161904903573,0.7040512092627842,0.478220413259575,0.6200964108263806,0.5753438404560481,0.572008792466986,0.6031960756779594,0.5214414990643481,0.6203718489375825,0.5793416175633139,0.5676207556478002,0.5048151886497964,0.5528120026707869,0.5476647346056475,0.5921480579461554,0.6777910986358023,0.4636455593758989,0.547816208822247,0.6830710539990175,0.43645194260977693,0.4994360793486821,0.4722497810876206,0.5180049486461669,0.4774761051218941,0.6518327675138078,0.5955464827687317,0.5607558301783114,0.46331707854163134,0.549785626483722,0.6319825964848536,0.5856517907215851,0.54917124698482,0.5950490710052317,0.5205202276150094,0.5864568772167864,0.532518984026055,0.5661411817278451,0.5604690817717244,0.6351779524368002,0.49295612022462404,0.49226667664739004,0.5806515491550442,0.5183033143784166,0.5373847297510145,0.5238062355547405,0.46153676787489406,0.4769897797440764,0.6862255220539576,0.5913096519576239,0.5145371997888152,0.4874507001495146,0.5961057924644675,0.5772212032038309,0.5246004749019982,0.6753172355132754,0.4577639189977928,0.49862625542967487,0.515829223951347,0.45849178027959275,0.45784246080901764,0.4918042029788163,0.5163747144406314,0.5692280830609924,0.6302380039343334,0.48069375040035905,0.49842909097696,0.4466270064790462,0.5775212001911774,0.6213127245330256,0.45316038656083857,0.48751519370338614,0.5284150968653917,0.4762484712999668,0.4266762583032817,0.5285555145396191,0.47385989173095583,0.5895551913469542,0.5653913342163052,0.4595465537959329,0.5545061309965432,0.5551173282931701,0.49555512585968076,0.5170014736877249,0.4827894505796144,0.47755077017577535,0.5307538953044689,0.6075247284945372,0.44040496088232517,0.46540546923677306,0.6596288477459851,0.5190466555423328,0.543036874861906,0.4360948627777669,0.5026284471625495,0.5552290426746139,0.581189582610181,0.45383942698195356,0.5494243044371546,0.49720088781039723,0.49463758868754765,0.5670862015535632,0.6146241504419466,0.5585368993132874,0.6392936888130988,0.5269692749347188,0.4499980253037387,0.5059780382525769,0.5091303078691023,0.466042774239105,0.4761792812180149,0.5247975103241931,0.5016677087119733,0.5670554329551645,0.4471996103933368,0.454601703456062,0.48340238481751335,0.4776678200379873,0.5256202335345234,0.4588658322220169,0.6358184549598088,0.44707843872043374,0.5943355649651387,0.6426600541281301,0.537080434085455,0.5688519628196972,0.5237043545326086,0.447366217197507,0.452715511191511,0.6360084740807987,0.4904901917893748,0.5698204307673204,0.5322503063127192,0.6123284583604139,0.5828675399226093,0.5484353392978114,0.6011060665677685,0.5179187920767405,0.5363383152909342,0.594018858919176,0.4769259573059664,0.5381073206928947,0.6008385139702476,0.6591251751839143,0.4992532946857562,0.4823524523973664,0.600352985297358,0.5539017221107001,0.5976959708142427,0.6372413271727507,0.5629454646224425,0.45892746387330363,0.5644346067411473,0.4755704138550968,0.4235271162894924,0.545402445937814,0.49451761409444095,0.46450103630307,0.45795402850273864
0.38692110635431515,0.5474510483228993,0.0,0.38784656740141144,0.44815322905764604,0.5408531179596634,0.389837733708078,0.48973001687675266,0.38179566045197477,0.5523216652455613,0.48713876105526227,0.48673997792256857,0.462198794317559,0.40855263857972685,0.45094302230816125,0.5283458232336372,0.47131387913719314,0.3952864232302827,0.41870726150314,0.42505964681247327,0.5102380612122565,0.6239193756011272,0.3633651972351846,0.44965543191988316,0.4824819140397471,0.3929187955970906,0.38397716672544363,0.36637045260876944,0.5311367158871709,0.4020516086695361,0.44288879547505466,0.46033517639139737,0.4322089362015093,0.36324918326373073,0.40910475300631716,0.510390435090622,0.44822868755530676,0.450528079047939,0.4830782906718437,0.4111747760989941,0.48318863812069646,0.4496938671584264,0.46857272074380807,0.46912760210811505,0.4588549055298447,0.3921802836437325,0.46067894866124215,0.5632086743010234,0.39674239316694615,0.44257082362251854,0.41433340906834026,0.4049257103173936,0.3820586670648527,0.5210583554313477,0.4787454900888421,0.4211205791000284,0.3887313928397431,0.517479956290215,0.4295519923781179,0.40121126646007993,0.47130410535446293,0.392874123669761,0.4367713262795984,0.4557844485046431,0.3753036480126282,0.37524705857811863,0.38642665029974277,0.451365630161622,0.4876197384728401,0.4577391132681894,0.41056386941423656,0.389158476968745,0.3709271465415754,0.45018650858588277,0.4832808669481775,0.3488747120644347,0.40519966327044143,0.47348429051483687,0.38976491715189787,0.3687979827999767,0.4714651632329289,0.38279390961447246,0.48343522117267684,0.46161373306720765,0.3787808064246589,0.44847464092027667,0.42627256385026924,0.37985780346351067,0.38283196013570353,0.39177507095504294,0.40546648097670723,0.3992821293373075,0.47699073352507826,0.3488593089697518,0.3818841801070612,0.5480621313594253,0.4335188119210288,0.44115731736940367,0.3689857488757999,0.3798865967591061,0.4104289348218565,0.4604816972148373,0.36895773411070076,0.4877667625266876,0.39551617857983656,0.4301980656977022,0.46237587430514593,0.47959851584813895,0.44083987485257176,0.5291503234701971,0.41977275634193506,0.38046332285087736,0.4020653518181806,0.4059587069208067,0.3763474810912419,0.39324065872436975,0.39434130808612455,0.442817710250827,0.5402333004618849,0.3708294772738577,0.4023960336311849,0.3936410687806276,0.3979227545897785,0.4149379265878229,0.37297208166819684,0.5301915134356475,0.37822734843236966,0.4975882928873639,0.5656614776067458,0.4419611561289611,0.4537635687270507,0.5015296385726014,0.3540484833447191,0.3721463693685884,0.5192082942107796,0.42485876261765554,0.4637778702568007,0.41688203568261284,0.4837612436667245,0.43458734815215544,0.41729025810322024,0.5070400130274757,0.39216234128591837,0.4571621958198058,0.4902630519795584,0.3896148705711002,0.48077230458032066,0.48034039984801463,0.5854349274212334,0.4959026658799866,0.3682331271846719,0.4336085746149405,0.4405537367359862,0.5780987024888827,0.49668033507733356,0.42715718435114275,0.36638843241295205,0.46839477835927157,0.3602494685351025,0.3440669271831024,0.45381228414194713,0.3795457190015329,0.3904319009134259,0.3806330267524591
0.5315740896924571,0.49941888531969786,0.38784656740141144,0.0,0.4504976469296876,0.5061861269984189,0.5873409332333517,0.5256723590366169,0.4820511308336766,0.41054480778669583,0.503319194988546,0.4646229501318025,0.5086414076034793,0.5133085681782034,0.5652494098145988,0.45300522198834864,0.5071485842825403,0.5085722012235611,0.5027048748903694,0.46615220052359657,0.5203551518075318,0.46389064542372566,0.5138797174039706,0.5075023372483217,0.5328243316614253,0.5024439236770439,0.5078239565893011,0.49440293564852894,0.38076595512661615,0.4461758224704453,0.5524718185255876,0.4717115943169987,0.6532674361318375,0.5102360084963412,0.5981363828072735,0.522216459214372,0.5553923447672665,0.5073567567658932,0.46922952898349557,0.5608058854459655,0.5584266192706159,0.5204635700278673,0.4931917187024345,0.5815239273057814,0.5284898274141746,0.4789234043295834,0.4384806611914312,0.4641142696173616,0.5227526189347448,0.48602722096286644,0.5673773601387352,0.5225921310433559,0.45501794112065663,0.5608775778630817,0.47649347544086496,0.5042375715883453,0.49790986812912874,0.5333504765811447,0.5093346415437925,0.5012494609716541,0.5238447150031834,0.4471558124781512,0.49856064348309914,0.43795541615523553,0.45803270754463893,0.4507213388241247,0.5304410038460283,0.4785174049828304,0.466648528036695,0.5785715501205516,0.48278683461248795,0.4981131751017932,0.5136927235303432,0.5524125351696366,0.4964482635276486,0.4604000848917493,0.4736857062400519,0.5039192073071725,0.49560750660812497,0.45833776841216445,0.46920767519552153,0.5369478727507159,0.49163461749853077,0.4980519720750158,0.5220801180488697,0.5116933820772698,0.561576156894833,0.5176373064760166,0.5073267101769171,0.4828491790134137,0.5701610797784558,0.6142076733276102,0.4960179960364648,0.457240514927989,0.5252226690017239,0.49769596680498707,0.4348628890416639,0.5452257806734518,0.47677790984176266,0.5676291217000391,0.5238791616627879,0.47268922499926747,0.6129083178117594,0.4545683508286474,0.5203698497023821,0.46348648581341484,0.47527324688802997,0.5382459021831615,0.5102599511192113,0.4824105937891309,0.5764115948943792,0.5083068857861905,0.5762078753215041,0.5050828882780559,0.5141158147457399,0.5264415146855036,0.5288086387229521,0.388053328204489,0.5180225302404095,0.5293062474453264,0.460199734157253,0.5785244601697426,0.5140230032715416,0.540357430111884,0.49374444917944077,0.4564015610196001,0.4797474604366278,0.47190136894517193,0.4745119101838205,0.47615187362128947,0.47372037389398697,0.44534483830777816,0.48167652073550554,0.5413199813914007,0.4618084299888851,0.4307218127071306,0.44780890143913493,0.5843031222428462,0.48226523151637957,0.5243414620900503,0.5604667300782864,0.47250746785787645,0.5705681115173311,0.48762629670348484,0.5197557819725955,0.561087729075622,0.4818310251552875,0.4691851334106931,0.4303072925896919,0.4061694955262074,0.5831140680205048,0.533728608620719,0.48736791834536286,0.4279457633119932,0.5804356323377969,0.5216119462254859,0.4485171334183621,0.5506785716371723,0.7079750601764325,0.4905068813385385,0.4710696247283619,0.5720875857700362,0.4746113808029802,0.5426339379256663
0.47209455550104085,0.45453699297992595,0.44815322905764604,0.4504976469296876,0.0,0.49894724051024336,0.48895974146140175,0.45001769851636403,0.4352617372733718,0.38497588553085005,0.5232052352327055,0.4551147411342962,0.4949092012591846,0.43507505152548326,0.5022823764281553,0.5385157125534933,0.5305260270995562,0.4513489455583945,0.42680068512852415,0.43748832334076065,0.5756219051790452,0.5190090081612706,0.4274846153982294,0.5526330515239511,0.453706650686324,0.5365788829300464,0.4203383562762812,0.40190585143785834,0.37743438739580326,0.5094696438763778,0.453584327370954,0.45880736355760743,0.4594483788846419,0.41412709452860574,0.45415465605747163,0.46613930896406663,0.5373743755385413,0.4796408316887593,0.48266544980287207,0.5062936649937121,0.4965187036650098,0.5371247430996045,0.5192850666751903,0.56023655649746,0.4551590625567913,0.4479681962972311,0.5266088996981182,0.5387417655270773,0.45926339863472054,0.4911684051662768,0.5258022639812536,0.5101916783811495,0.4083136987369544,0.49322073402403327,0.43872923171834427,0.4720659210855902,0.4722046482453994,0.5759262513024707,0.42949016708542426,0.4523129854360244,0.4421386178875809,0.44244802072212364,0.49999208727170663,0.4181341926864336,0.426465598977241,0.41543178050787327,0.4429701121620713,0.54671814324399,0.4473654123827548,0.47753770497969505,0.5025415515223354,0.4287157287704007,0.42846170174991793,0.5244859985389516,0.4593819226081757,0.3888819861421801,0.49205931584015455,0.6571777924956872,0.4370248711880254,0.5012527404939052,0.47302134362298176,0.4607181926581074,0.5699819674812823,0.44248006954667857,0.4571183282940318,0.47427972540703867,0.46723484277324073,0.4303042119311455,0.4118857904051129,0.4524797305676165,0.5734487651381174,0.4442762486360944,0.4987005830878221,0.40770067563224294,0.45290165819464984,0.4584674516460586,0.40334632236655543,0.43501800534548624,0.4283332428365059,0.43031223711941535,0.44009294011816275,0.4570360976443734,0.42834143669751845,0.38416204688557515,0.436328282414148,0.5060392423670416,0.4636262122758328,0.47234479829212433,0.4885961030440885,0.5220997277261205,0.501342616834718,0.4661131918984495,0.46256489035505355,0.4395290427790619,0.43875118069095476,0.5130084437182972,0.42231359109686323,0.39802033019339494,0.47999666422821025,0.42457484628087117,0.5576042299640336,0.44828615624686896,0.4697883139376978,0.5322647783051292,0.4286983986300134,0.43447746060037207,0.4411522352614462,0.5426110305631305,0.43089349143173666,0.4578248861375668,0.44566793135893923,0.5296178171734103,0.41559824716029725,0.45484765894099577,0.4511103707914085,0.4509586481130119,0.48507144725901247,0.5049403760489913,0.4339194637770171,0.48386234194067895,0.39608225594784524,0.4951733852893715,0.46042888550254035,0.4446357057509942,0.5248090342746693,0.47135370883622424,0.5646748033749796,0.4724943964905248,0.4154357444272155,0.4239206305898138,0.4416282485906646,0.4273813295432012,0.4831274425251678,0.4884869596505395,0.4959404790835128,0.47089316621276667,0.4277717057115793,0.5795806248896845,0.41678869648733907,0.4394126483140733,0.41862306857279885,0.4427923001126185,0.4261368064005537,0.5420828164094222
0.5005961657309269,0.650502528554753,0.5408531179596634,0.5061861269984189,0.49894724051024336,0.0,0.49720530367221144,0.6050035681927556,0.46550386738679506,0.5256161846998637,0.5551283602698572,0.5542283769211886,0.5720163437434901,0.4811308383689643,0.5786660434991276,0.5775311943724526,0.5744469379988529,0.48677128607667725,0.5361976968811067,0.4980437229049961,0.6323194357802093,0.6098759059238364,0.4377140857399042,0.5330288589115973,0.6110022026949344,0.4592217901473676,0.4416193440278198,0.4467021113528783,0.471618778643188,0.4906860250239836,0.579930787557261,0.5681057071101927,0.5732303148459122,0.4471667325362584,0.5196519619609883,0.5775062993031986,0.5761614610656065,0.5269836610561986,0.5350365025098682,0.4987094221934991,0.5989567623590282,0.5553296951556482,0.5762663845120046,0.6264693908681994,0.5468442991414143,0.48271333741882144,0.5442368303788626,0.6014143890661733,0.48516196535327644,0.5241021402767959,0.5457571182535939,0.5201346939503247,0.4704731409293876,0.6590606433522816,0.5347330036294492,0.5307751585277719,0.48504666966465976,0.6705546544965949,0.5074656287909755,0.4905880077707172,0.5845866709918053,0.47113791191681403,0.5610717447874567,0.4653424068965717,0.4559604249725763,0.4560569367123478,0.4614749559611681,0.5494853422919017,0.5218644217226338,0.5942812558098155,0.5000652250821226,0.4649627994686546,0.4470330324256122,0.5659137825588273,0.5929350078210939,0.44308128515072903,0.473282594665624,0.558681342348123,0.4781162122999448,0.46525039743580215,0.5919396705049157,0.48025617115714286,0.61989134570128,0.5523088367612957,0.4673992338962362,0.5380251796769449,0.545155316714588,0.4728085695204575,0.49103145046631147,0.46493433069874357,0.5119402310303088,0.5276748406601014,0.5773419043190481,0.4355813638496941,0.4629597001669503,0.6476683239322031,0.49311015381640033,0.5519334277170189,0.4345569286716835,0.4870503647945692,0.4947474490296287,0.5300251248470879,0.46595085976944106,0.531475215192677,0.4930186691190831,0.508716035174677,0.5491009621667872,0.5808844237625232,0.5415556344396699,0.6124440575971989,0.5408842534250662,0.45127645780517534,0.5225181722633215,0.47652013935103943,0.47462101974630805,0.4939034003899114,0.5267833761067683,0.45049612009979334,0.6320610665542825,0.4506444547098339,0.46087422553585167,0.4978908358406078,0.4889294746554224,0.5512847855880451,0.4526562962746805,0.5879552313236378,0.4531803203732097,0.5570459952431305,0.5925250220859791,0.49986315831520767,0.5449104414761922,0.558148950064901,0.42618395720223534,0.45841915897337987,0.540922382205592,0.48823433880914013,0.5557994076901064,0.510691863924509,0.5003737176805461,0.5430354111440909,0.5369587019960936,0.5715631428895246,0.50169682382097,0.5100056412718359,0.5702715920879212,0.4848787250793321,0.5661902623551578,0.5897324671098099,0.5662448524714403,0.47904766775504953,0.4728291101113821,0.5829785498591107,0.5011514676718575,0.5370962715382895,0.6597555495449786,0.5221982430209204,0.43259110836887965,0.6316593243873329,0.4607553401931215,0.43165681953788,0.5366176113972896,0.4994022685513312,0.45632665715497206,0.4731631707616663
0.5352521740978612,0.5014161904903573,0.389837733708078,0.5873409332333517,0.48895974146140175,0.49720530367221144,0.0,0.4958435518706639,0.4518749469070032,0.42181022363314746,0.5677032480069928,0.5221130962290093,0.5454308906597027,0.46736978374003657,0.5991482244926782,0.5052011989177275,0.5329020916160078,0.49831244162356175,0.5608291670076402,0.4747625243319904,0.5246057741387151,0.47348636561649043,0.6190506888148419,0.6129927514728162,0.5539941952158813,0.47361304556178974,0.5341113966132783,0.5342627237935936,0.3948244859248727,0.5463612067904786,0.5627592512701299,0.5398995709258028,0.5317152702261968,0.57946430430108,0.5269834548113639,0.47360479860772475,0.6288074990128175,0.46443311826686784,0.5368580429766637,0.595935972163972,0.4856497549010045,0.5045362061619921,0.5172130617645636,0.5610505763475794,0.5271555778903705,0.49874440763298045,0.44024077056109145,0.4974525180266577,0.6571089453457839,0.4780775265645196,0.6088807033877432,0.465240489215686,0.4387876775637373,0.5497297872768261,0.5244644654378451,0.4685553706830761,0.5258297734824765,0.5411843969643653,0.5040559975738509,0.529739551304589,0.5192380214427935,0.4239444369433882,0.45751375861216576,0.40706524931166715,0.4433693890099931,0.4432005427762434,0.5112087803692376,0.4833916267797456,0.4368005392969237,0.5360448164375071,0.4627198750422665,0.47335656278986804,0.4465795615068117,0.5879753916905691,0.47197228507142114,0.49244103191077565,0.5912049559268894,0.5825066527429222,0.45465766924149276,0.5001797207925947,0.4346530086176284,0.4791296116408627,0.543154404776704,0.4410927231780904,0.47729014896274197,0.4637686021942549,0.5222277106589713,0.5165344437565609,0.5227346826224907,0.47043329801405975,0.5343017105025462,0.5265859185186601,0.5631865975152671,0.49248911051876537,0.4668245761270787,0.4771547228528309,0.40531481302308137,0.458535594874766,0.42321363394095446,0.5364588516573088,0.5356867452677079,0.5234668460877492,0.4854532771811424,0.4108766252060965,0.46119189428135826,0.4681832045075411,0.48517805453259605,0.5062480510524928,0.5229337243477353,0.5414786980858741,0.6969910641394971,0.4603345400729583,0.5023128583976681,0.47786948941535595,0.4716453548833578,0.5211437838767707,0.5109815540589159,0.4519817454722061,0.46291191621544475,0.43575636678165586,0.47363965212582104,0.4673454684834431,0.4716299095453872,0.6333308878944992,0.4431937850578575,0.4886093669972815,0.4381350703493086,0.5411115322748549,0.4463042030924389,0.45242814076694804,0.4482600884282365,0.4371884819797283,0.4909808293940746,0.46350605675777007,0.46452341408216846,0.4235813730275902,0.5014507833030941,0.5521873416890428,0.4736215931375129,0.564944293056187,0.46279235328085244,0.4788195081646596,0.5478064133896329,0.4354468461036666,0.5168988228815171,0.5096663194619572,0.4676286446143509,0.49729894525943014,0.4263148747301833,0.3849489008993416,0.5622132194321408,0.5065909722216517,0.5319145553640129,0.4494204093994749,0.5355639188460541,0.5235400147549383,0.5641180515771976,0.5850755808349591,0.5634622101359733,0.5652732926337145,0.4266982691926881,0.5122483813703215,0.42865940855017903,0.5471841609136046
0.5574634518464431,0.7040512092627842,0.48973001687675266,0.5256723590366169,0.45001769851636403,0.6050035681927556,0.4958435518706639,0.0,0.5594251461340447,0.5248194571765039,0.5341652472550508,0.5108301475785759,0.6391050740253187,0.5966140783370506,0.6069532382367998,0.5593088491459985,0.599813219052742,0.5714269661452211,0.5343023450296863,0.6279002564516878,0.62440870498499,0.6044386227701507,0.48543844927683844,0.538714686296661,0.6686564908659088,0.4769453110585805,0.5358522488517169,0.49773460459053365,0.4373471869644695,0.48274886890239604,0.6900032197174203,0.5805334724405982,0.5543302469839706,0.4930021657136172,0.6275387081627707,0.6583591163500909,0.6177687786607925,0.6454212911268113,0.5452558875574425,0.55791774203573,0.6085336646957461,0.6018007837495616,0.5982295888803817,0.5522921215372828,0.7366864037943134,0.5487352254671009,0.517548877099272,0.5239596043523941,0.5300237928386932,0.6020206672456282,0.5568247847869295,0.5037265752986995,0.5162499337616787,0.6111172303456034,0.5200552740935527,0.6012624553797707,0.5400027884157919,0.5874305459042694,0.6392598821947637,0.579112177092272,0.7013470814481659,0.5136278279785743,0.5381113387306667,0.5741824785521541,0.5137885375202839,0.5161471837646531,0.5640522812233844,0.5506668008302487,0.6330471323716111,0.7518522056297083,0.536607058981368,0.5726517267789807,0.5212167650030985,0.6234716164072034,0.6948859563010219,0.4857885095896009,0.49382571215098015,0.5154200357928533,0.5522101728529946,0.44887537576474107,0.5658548056046645,0.5476633198525157,0.5870750251021668,0.6544647948642927,0.5369497880149928,0.6690548448242165,0.6589196349126274,0.5601154540313833,0.5790445298196286,0.5543089450518225,0.5232531478593911,0.6037739881814134,0.562201473694598,0.47356389335071214,0.5367335038335953,0.5792721788979206,0.5761462758866862,0.6279951706569351,0.5002823869092292,0.5774293100692485,0.593982634831885,0.5977928095715989,0.5158336840650459,0.5139586845184554,0.5843315204729294,0.5544326223252619,0.6213502128858504,0.7187835490298542,0.5992068465429736,0.6034657982512042,0.5219109717636262,0.520372026447624,0.5864461289550926,0.5960430103878559,0.5218472689649012,0.5275214085293611,0.5877633656674531,0.45632594159848755,0.5488889471336805,0.5189639612999535,0.491765440308118,0.5613122338994887,0.560179050013873,0.5414670429505194,0.5271145693500235,0.5249065610037498,0.5178236888024229,0.5795117157941982,0.596435292711564,0.598377783132105,0.6827311358769024,0.5655217140897537,0.5008509284996684,0.5163810360257549,0.63346475748455,0.5184365845017854,0.5725185679622817,0.5809625503063651,0.6413128463301215,0.6409252704423181,0.5441693660147983,0.6292966059462696,0.5979447879688817,0.6018202618018103,0.6342969340108441,0.5511347976488595,0.5729278234421421,0.5923960052843574,0.6084281752459437,0.5300680168941205,0.5440787401715494,0.6082056253322152,0.5799881430196391,0.5789480465716168,0.6672002542914085,0.6549667099317761,0.46151098211710506,0.5771215617573666,0.49955624228436096,0.4472940935321798,0.5902409304127458,0.5705678256295569,0.5476788716180175,0.5014749624076761
0.6094912905578538,0.478220413259575,0.38179566045197477,0.4820511308336766,0.4352617372733718,0.46550386738679506,0.4518749469070032,0.5594251461340447,0.0,0.38165953640576794,0.4351957876944634,0.3963269240326806,0.5279630019748937,0.6127397037217072,0.5100425141565439,0.44844313091127075,0.5036587786158836,0.5950175333855304,0.4297921510113599,0.5598590909247072,0.5107707902089507,0.4716318711952771,0.4478370225179877,0.45919796416281816,0.4770636168940538,0.4869351752723229,0.5018849694990305,0.4511125447701121,0.33695160982399214,0.46477913310573893,0.5416622855616536,0.46077503867339126,0.4682825777464859,0.4406005876950453,0.6039291668725267,0.49550869941811915,0.5353762204772816,0.6067003031645565,0.43390898616919726,0.5175914759361495,0.4949397879476503,0.6207894536018819,0.502185227799844,0.4686626445672393,0.5370239291748141,0.5281081635561996,0.4868698479589305,0.4136393794251885,0.4676623001824125,0.5705349487399562,0.5238742547660306,0.5053480277836401,0.5214388508006916,0.4532850258829167,0.398645927524797,0.6627551436538429,0.5473017729512395,0.4773575694688,0.5350107604908783,0.5442109968777725,0.5082075686637373,0.5561790365016231,0.5080839064513311,0.5035207086907298,0.5689352430443496,0.5275385473539542,0.5922657574008328,0.5452607389196438,0.5288401242390409,0.6036663299695564,0.5930536879260986,0.5904795139577006,0.616988560815341,0.5368057326894737,0.5468073923041047,0.4785149288216133,0.4482783935827959,0.4515611033411966,0.5427601775029416,0.4585868326655031,0.500090206334236,0.684963198853106,0.5186165065362585,0.5418039631505794,0.5987612056407936,0.6276664795897149,0.6134086362136635,0.5803050474653293,0.531352346271006,0.637660094507625,0.5628587653939607,0.5968801719666912,0.45110627526095465,0.48115327534795715,0.6392052059389324,0.4363044074128317,0.5213537862818001,0.5233623208900854,0.6070521769628274,0.5679535309028914,0.5266048243465241,0.4723786060549944,0.526224080282275,0.38984188940289255,0.624938487409987,0.5310985513740442,0.4991539146202449,0.5325317614131996,0.5181654839912244,0.46101865562171707,0.4447613846025993,0.5956405743635248,0.6156491692768148,0.6040136331821696,0.5324790794079706,0.5611173924019316,0.5254253884542731,0.36883485553620626,0.42431184255149224,0.625995085581981,0.5328623586533047,0.5962512959150685,0.5898360095357273,0.5005082011270903,0.6570399559013673,0.38761502815485627,0.6113519715991671,0.47469447460247055,0.4194712520116218,0.5537643870928339,0.6487080662496846,0.518951530147968,0.5476405190010221,0.6424055415770749,0.4748053102331297,0.5069250552197464,0.47188689923300164,0.5510308226084523,0.47161084945454423,0.5522314665080057,0.4489931364885746,0.5170003223311704,0.6525197562335617,0.549141285600632,0.5194359976426857,0.579738066799457,0.5585895981566418,0.4743383424776659,0.4267354678335243,0.44891437222161934,0.567043431690275,0.4928955905758025,0.5108040640996433,0.4573129438425196,0.49292373689610347,0.6197188430875096,0.4319679165498666,0.49368805527338694,0.48727823760416916,0.4564681580912831,0.49100452490993873,0.6271308327410062,0.6074407225823276,0.5686747677030798
0.3936176675786294,0.6200964108263806,0.5523216652455613,0.41054480778669583,0.38497588553085005,0.5256161846998637,0.42181022363314746,0.5248194571765039,0.38165953640576794,0.0,0.5080064726219984,0.5633454427246821,0.4703916274381775,0.4135255364736593,0.4673199439526551,0.5010644280304288,0.46076113729712953,0.4019291530885522,0.4999701712300327,0.44367599344520914,0.4690747014986268,0.5485025155406157,0.40467672410471933,0.4460046654037467,0.5737229556715092,0.35845690960731796,0.42443314218124795,0.41468752164824574,0.6439811627002312,0.41038539828380693,0.498102285735727,0.5169087140495567,0.44358902640016423,0.4067245024186814,0.4291580496595399,0.5085842005504285,0.45734719791320155,0.4316741031570225,0.5238165937785456,0.4136032209377727,0.4534494846836824,0.4264133034709506,0.4552178909288778,0.451227328360559,0.4917795795592726,0.3968740197890527,0.39976508686274,0.5172790295016693,0.4420272561987033,0.4246174327708318,0.41735727558810265,0.3720412531467228,0.3882470607952732,0.5501162079529016,0.5786034429893181,0.40443797566545936,0.3946265384476066,0.4934870259903537,0.46818672927173577,0.41987055074527635,0.5273931449122665,0.3720101579325271,0.40122816335415623,0.44308578563427586,0.37186853790123847,0.3761634368798698,0.39594812963898063,0.40704846082469626,0.4714640143590837,0.4801546841659244,0.37996527397008356,0.39950044338449536,0.3678918032641976,0.45329987516925535,0.4890862865243092,0.380964983683984,0.4217459478746159,0.43945940816696966,0.383048684161486,0.3561624763584991,0.42634156620480396,0.37586832839190326,0.4560640171687364,0.44595395287501916,0.3744292580127797,0.42664658989703,0.44193350266595594,0.4029688673272724,0.4222635910820761,0.3849451553262824,0.38325627347660635,0.419814707598645,0.5100841909228163,0.3683293480119572,0.37419717303436995,0.5669380535311778,0.427936786186814,0.44464653590766895,0.3581004288028953,0.4008190700704172,0.44642464246707486,0.5050490680858737,0.37650370563768143,0.5463209432791553,0.3967216853037894,0.3974096430480234,0.4648212570786637,0.4951143278935553,0.43477878167752243,0.5278084097556033,0.4529652233957041,0.3675118489489671,0.40125094074142614,0.42097864041812194,0.37375318170649807,0.3790367583579815,0.42709346919853713,0.5363013649487148,0.5025058008829231,0.3643864968040865,0.3687324192623343,0.38723830531081554,0.38607902804601557,0.4189711784137624,0.37044641322070937,0.6378023568612975,0.3645497250286089,0.4812921739144113,0.6031038964263623,0.4216073157393224,0.45164813775298046,0.42938488559193216,0.3712186725117975,0.364253408150466,0.537340006038872,0.39688438108245805,0.46478478896855036,0.4117278240301976,0.5191150375538436,0.46021340245179776,0.4563569057502714,0.49225910420064756,0.40694857510243965,0.44421809265527384,0.47266833532967695,0.3877155646492781,0.4212958943893997,0.4812978909120739,0.6643505813626202,0.45273522235467606,0.3912669450756355,0.48342963377973736,0.4624235336190597,0.5040598040099942,0.5075028752731727,0.43629246739798566,0.3991669899719542,0.4472731854600024,0.38898743803545827,0.3615226143761396,0.44168888162138453,0.39352510133947016,0.3815573188870989,0.36928856305431373
0.4893944427906986,0.5753438404560481,0.48713876105526227,0.503319194988546,0.5232052352327055,0.5551283602698572,0.5677032480069928,0.5341652472550508,0.4351957876944634,0.5080064726219984,0.0,0.6172772657256975,0.5775570727015771,0.4745443333256316,0.5494164532461844,0.6654353479407648,0.6184349644647382,0.48044519928840723,0.5873214034298252,0.5075705394432606,0.5906354221271022,0.5932978176032789,0.5334752791744412,0.6017737261277751,0.6251999840164283,0.4516396665303509,0.5285630217333731,0.5208159331441403,0.49327166428257513,0.5527987298749653,0.5466225735854003,0.6096392923189794,0.4905347030440762,0.5098535569673096,0.5132370866778369,0.5395452875386612,0.6128180198303391,0.5053558607470041,0.6414320870689809,0.5421357916115324,0.5035761878969557,0.5269736024303047,0.5503520740762214,0.5711891828701392,0.5450962915024663,0.4624860000096645,0.44468336596153396,0.6371705532816497,0.6021014181522489,0.5025202836749629,0.545796226565009,0.4442212191962718,0.42625857222317787,0.6245977871709012,0.6500570679592923,0.45100939364495696,0.5001384422468028,0.658761413624447,0.5184664268115755,0.5093745699540616,0.5671283748040423,0.4185461613045972,0.46719807694387605,0.4649655487293697,0.4223221686836746,0.4248195879430068,0.47253122103027706,0.4750025127730891,0.5060931220298035,0.5644877307561796,0.4463318861185177,0.464049185494107,0.4380297565693225,0.5927265405440739,0.5391924076500834,0.4337673850894932,0.5870135455832785,0.6162284616097886,0.4364467498892655,0.45972367251655905,0.45571140589529663,0.4401796979966596,0.5489330404126072,0.4768543691421776,0.4577604213861328,0.47714817212131805,0.528355811477919,0.47614127680167423,0.4770324283101403,0.439808435461289,0.5080951351345424,0.47099071706376294,0.6688706672487538,0.44275192910102656,0.4472188751571283,0.5275054612372583,0.426797522657703,0.46328205654614824,0.4163785675226519,0.4672839359212082,0.5331901713503944,0.5862783648490292,0.43797151960194725,0.44986592252065405,0.45371942561324957,0.4694508638396179,0.521940103615027,0.5698123408508272,0.5050822335979275,0.6313539749176689,0.6360120188896747,0.4496974877140682,0.4754304696106516,0.5042997187729185,0.4390596645242011,0.48222298583749773,0.4828326898669097,0.5576999940086916,0.5413421471424307,0.4206345802047982,0.47863293358992953,0.4427905865907654,0.46942748906812104,0.5444926035867627,0.4319913185806659,0.574892584106968,0.4238239696754645,0.5911796072924496,0.5420126364267668,0.4645693656893625,0.4780833165640907,0.49577516681504746,0.46145056856417566,0.44041118343926366,0.5550288305773861,0.4362811530351658,0.5324857554148891,0.5119605222538279,0.5518348993001974,0.5646546298027791,0.4508180905075585,0.576630339788558,0.4906493443580284,0.47874834303047964,0.5817906531726029,0.4657476195121865,0.4854708594082827,0.5162308825572735,0.5221075431109656,0.4724841975013647,0.4885654439382055,0.5125380319996627,0.6292587349550952,0.5056320924107673,0.5697625070834273,0.5091426226933826,0.5235624334549573,0.5634835992743689,0.4699729639502025,0.4790479832368667,0.4378030316416018,0.47171332896374785,0.4245304458247811,0.5020911925899465
0.42741061031473626,0.572008792466986,0.48673997792256857,0.4646229501318025,0.4551147411342962,0.5542283769211886,0.5221130962290093,0.5108301475785759,0.3963269240326806,0.5633454427246821,0.6172772657256975,0.0,0.48825427220435147,0.40849939158246434,0.5082409942472783,0.5510740680172066,0.500453057614595,0.4136874898624131,0.5881436658382972,0.44902936002677135,0.5205391261080607,0.5313370402833939,0.48016952613431313,0.5350256768788922,0.6370573654487516,0.4014678127615626,0.45232814344373135,0.45427779768346366,0.5326975172759455,0.48750718269285814,0.5406569615378741,0.5475108944317254,0.4736821821536146,0.48896213841874603,0.45799666151156837,0.5060082956353649,0.527706820419487,0.4377729538457127,0.6110238100369653,0.4556487598757769,0.47011363753354163,0.46908658681661397,0.4889103973550492,0.5345753125957156,0.5068376643016986,0.4154051006866906,0.41848135887219623,0.5976999573731112,0.5176662352546396,0.4343626645257336,0.4698110314359688,0.4059292305120373,0.3806134003956623,0.5942926243121374,0.6391105428994184,0.425447328705206,0.42831240845048174,0.5989183017675064,0.4543081337732086,0.44017129518819903,0.5071322822306351,0.3756419543021356,0.41758043500310704,0.4213482993800219,0.37792922861051764,0.3810376385658327,0.4172415327524092,0.4274907600924479,0.43841778852031804,0.4988651369427734,0.39881005532541003,0.40615403015569174,0.38446934764521257,0.4930476112924715,0.47003731009617866,0.39872141498019703,0.48480052294260184,0.5348859655593274,0.39930615829581173,0.40306366314106773,0.42220349832172477,0.39993169693585734,0.503450485504557,0.429359128435004,0.4031365666742663,0.4356504984999091,0.4757370390472207,0.41902281836217964,0.4377042783702769,0.4112201962309376,0.4338460002433715,0.4549315854836089,0.558450579755606,0.3926310075841161,0.39010712282818877,0.5849603040663959,0.39842509494095085,0.4660216892416957,0.37392601244016094,0.42345433393071763,0.4675234863095344,0.529386144120602,0.41245445287491744,0.5108073513161023,0.40459876396566097,0.420567112843272,0.4664865606518811,0.5276359998764952,0.4501195727129815,0.6084459963803943,0.5939358918180451,0.3964766797729819,0.4225998171588446,0.4355437508868868,0.3910193095523826,0.41931871393962233,0.44660513688887776,0.5522769766228448,0.5282092311110255,0.3804039288591071,0.4038832539056746,0.4068888888776194,0.4182910247778854,0.48359203482023144,0.38447143717590276,0.6473978554688713,0.37658536161293316,0.5459169716483788,0.5589245044521576,0.4121500994426334,0.44538825805838816,0.4359965951140617,0.3954583836980583,0.3937213546131349,0.5220891183626217,0.39098366601271756,0.5044704723159958,0.4486867399657311,0.5014745513715073,0.5031363923565246,0.44130288358096137,0.4979914636773833,0.43528112148543796,0.4355323613131746,0.5145859142807564,0.4337120918908489,0.4538200592229578,0.4746109930668112,0.5510901808606076,0.4338173139756516,0.43980306717442236,0.4769476953211777,0.49976991993183206,0.4854210000779115,0.5761067032745459,0.45725676985900854,0.44770695840811414,0.52670204084039,0.42458394718236225,0.41127970884725124,0.4086764113688966,0.4231016018234652,0.38929024714752763,0.4243131713405899
