0,1,2,3,4,5,6,7,8,9,10,11,12,13,14,15,16,17,18,19,20,21,22,23,24,25,26,27,28,29,30,31,32,33,34,35,36,37,38,39,40,41,42,43,44,45,46,47,48,49,50,51,52,53,54,55,56,57,58,59,60,61,62,63,64,65,66,67,68,69,70,71,72,73,74,75,76,77,78,79,80,81,82,83,84,85,86,87,88,89,90,91,92,93,94,95,96,97,98,99,100,101,102,103,104,105,106,107,108,109,110,111,112,113,114,115,116,117,118,119,120,121,122,123,124,125,126,127,128,129,130,131,132,133,134,135,136,137,138,139,140,141,142,143,144,145,146,147,148,149,150,151,152,153,154,155,156,157,158,159,160,161,162,163
0.0,0.7761240037501963,0.7966872561605267,0.8225765714816834,0.895702914214679,0.735004274872274,0.8329760759343356,0.8097819395499781,0.8148771750272406,0.7510295110194594,0.8214142716343774,0.6783713834422352,0.9159725718578426,0.8951495746421673,0.7794676206955267,0.8590510732047335,0.9285178023088902,0.9263035730479254,0.6576901943749301,0.9126959036216205,0.8555506865030187,0.8112478565621211,0.8610585249540758,0.7565150570631312,0.787040682496412,0.8455838055952664,0.8248939341265753,0.9082520071251569,0.7196077968986351,0.7361196018780998,0.760273689355123,0.8174454207877491,0.7762345959567947,0.8312946948405736,0.9280845649731304,0.8390666657815734,0.8886335853106558,0.8636489577521168,0.6741060961419283,0.8108915379271534,0.7604530623074787,0.8206570615176095,0.8612675513653341,0.8341543959969253,0.8644052696158699,0.8820291371684779,0.8939369287302795,0.7889727199873892,0.8927236716741274,0.958595365284035,0.9350806947980264,0.956478283496207,0.8847210222609094,0.8079295678418014,0.7977130886785768,0.8559132655402083,0.9741953448445577,0.7638244584890878,0.8889777126155097,0.8947211195719621,0.8242401971797431,0.78312988591017,0.9352453825336469,0.8631211718724464,0.8772158616545144,0.9012826625073936,0.8437364031059746,0.891969710268364,0.9443968620610959,0.8368733462937439,0.9350151977974634,0.8978381120243918,0.8850938534785846,0.9135202737709811,0.8456458974575104,0.8640273483924132,0.8791559039265511,0.8220235727099764,0.789707585775276,0.6729668054354296,0.7618601320269851,0.9294383054909012,0.7906631285126053,0.8207080128183648,0.8798410298932915,0.8299261298307239,0.7550269224930404,0.9130678129297275,0.9173825224570413,0.7458616632398238,0.9705834107915998,0.7997698245013017,0.8599031975837484,0.905199331501571,0.9381080821470235,0.73376829835299,0.7199024933895518,0.786357784168167,0.7391156034483825,0.8976738695771194,0.7808166413093625,0.7604786822147579,0.8193575110686342,0.6855994822402285,0.9177372518832999,0.9206776743917646,0.8699465197244869,0.8381716635553034,0.8410111116915053,0.7810400808508913,0.8252950745271131,0.9162431344494927,0.9218119914576597,0.820435873437831,0.8718006025687957,0.8507995366528668,0.8212527786232309,0.7530060473996772,0.8496958748465224,0.8503773495884523,0.8896244228003072,0.8304564255719543,0.8435411758446412,0.8408593138360497,0.8074576203100191,0.7194862906983456,0.8440484733256425,0.8019139585257905,0.7851187169762337,0.8436055651994718,0.7680725218457768,0.8061926870158646,0.7961356323764162,0.7610645520919876,0.7463415288642069,0.85817205612227,0.7558275555255322,0.8178359349978421,0.7996696605998775,0.7613114509573539,0.7831925701307281,0.7838113950207674,0.9333994586618597,0.8175237663742861,0.8033806110221245,0.8436042239516293,0.8263698567640685,0.7451811949667748,0.7330593925111085,0.6398161466333179,0.8878484806717838,0.7321471017722646,0.8752530776546537,0.8271661367368028,0.7380975225654818,0.8206822282854436,0.785923621797309,0.8223657661498552,0.7861579275608424,0.9336902527336562,0.8124206618275394,0.8091941997070984,0.8212361344755583,0.863071677283953
0.7761240037501963,0.0,0.9368157751387335,0.8863486956176758,0.8758360809872692,0.7921167789545632,0.8546351390046079,0.9058004740328792,0.6683637437402375,0.9341600580285071,0.9392354971846371,0.8639914217325394,0.9187282004779471,0.8772818932300336,0.9023137273344856,0.9237005429787657,0.9064697060861159,0.8312571742174129,0.7297128461204873,0.8669444916384346,0.8772592869784156,0.9422540889038227,0.8756208933584997,0.8955748032501586,0.8652298259546372,0.8037087112465454,0.8938452294640814,0.8930107798115743,0.9847742032377573,0.690728276097813,0.8787894810772712,0.7554437764699786,0.9236496350483454,0.785340978401199,0.8844758140450629,0.9110005513043273,0.8983065980133089,0.9127985399349714,0.9199634554376602,0.8636286233957567,0.9511392096900779,0.6799448220654816,0.7658980384742471,0.9261104550051229,0.9154303375899291,0.8525822292397975,0.7732532666750197,0.9141779826093435,0.8877792012069877,0.8306717463989765,0.8126402805762836,0.8123069552758793,0.8551867737515638,0.9661577928453979,0.9480358906786754,0.7833327596709035,0.8329242790076644,0.7998771183196627,0.8340668887695297,0.8944867763416336,0.9383256836623055,0.6548495951787999,0.7621863246438931,0.8438997622542385,0.6608051481648866,0.7123066467677558,0.8305368913067073,0.7983360266004702,0.8430204982255136,0.8445409910175022,0.7866298210865269,0.8788536554693469,0.6428330576304538,0.8740771303679173,0.8762251462929885,0.7624756206939632,0.8518722310691673,0.9519380011623032,0.8061778137614578,0.687234322515064,0.8281383077135006,0.7010586959672971,0.9739671427355898,0.9223081061026905,0.6470676764059109,0.9270409561754569,0.6643871805515054,0.7097288462133378,0.8700805625053114,0.8649694509614559,0.7761285712381029,0.7244943504292015,0.9639159764598422,0.7932402711559255,0.7949654337955965,0.9569042739567328,0.7403318616849532,0.768299508586337,0.6212015658021367,0.8275074389697499,0.9330629571017107,0.7382388383464802,0.6347121588381879,0.8745849417836633,0.7359760902015006,0.8567046169065035,0.8464651651926134,0.9157706772546788,0.90126368421949,0.9386683707957355,0.8233495136291481,0.7116224076192663,0.7336432257241299,0.8377697127884511,0.8365361755073724,0.8502466942167599,0.7461274226041197,0.8291764309840503,0.8710563797410349,0.761083475767292,0.8707989321389797,0.7852589143394032,0.6887921835815807,0.9315707481123671,0.6870389719724206,0.9700354224826293,0.655437491808181,0.9257190753023266,0.9450656114026922,0.9078135148686274,0.7612893641684156,0.7564560846891795,0.8183825354526378,0.7392600960709157,0.9176774104549655,0.9014148053843178,0.9180384151653772,0.8819686278827075,0.926536134906234,0.9084709009687121,0.9418358540567822,0.7771286480717238,0.8351158197635296,0.7797673787286712,0.9548929590966416,0.6457777246637397,0.9364513815453968,0.954229493952545,0.8583726098615092,0.7005207974412849,0.7689736358357022,0.9065695881067419,0.9120019612043596,0.9230993671169895,0.9130753512299536,0.8846880598345641,0.8899240860019838,0.9565970315296636,0.8710396966647261,0.7246543693062587,0.9166967021475066,0.7148745987541897,0.9086986569139192,0.8012334803321102
0.7966872561605267,0.9368157751387335,0.0,0.8446658498837732,0.9146748258307638,0.829384770026087,0.8511848217017562,0.9108502332765224,0.682875627252234,0.9861720434292357,0.9636458157943497,0.9071290286280322,0.9020438995582706,0.8133495992118108,0.8673352090591059,0.9513175856459334,0.9142445036070925,0.835349355516502,0.8077876433269243,0.8833253778352721,0.9627336717419568,0.9708363418437561,0.8598440505920139,0.8489656033176591,0.9628663641451171,0.7671845161799582,0.8345227222954725,0.8772851653135169,0.9414095030656892,0.7314960808578184,0.8774768102680374,0.8215037494193911,0.8371957004563291,0.7793496631094298,0.8488180002193942,0.8897423144772144,0.911318742845645,0.8615730918391227,0.8957451208194428,0.8058565412656584,0.8506050480946925,0.7732408504853441,0.8630278911309541,0.9350204715725415,0.8886294647520009,0.8100651584264188,0.785248057617035,0.9718399920381435,0.9099472494102643,0.8492421695446538,0.8468782979812389,0.7844149971260675,0.7898364547357736,0.961313121347927,0.9607532000595463,0.7613599365248385,0.8297605022840934,0.8632455313342956,0.8749153343457177,0.8208824772682561,0.9314086674118793,0.6349002829959246,0.8118719650339259,0.8425312909890572,0.7100504637960665,0.7381842436219921,0.8002917421208581,0.8430103099154426,0.9103972647301332,0.9037172825071595,0.7965338887275295,0.8057734978095492,0.6825879615432967,0.895314605277576,0.8820246970398051,0.7284630000465833,0.883003754214222,0.9022815782662997,0.7402710865013602,0.5942891039832718,0.8456177149739499,0.7473573496592671,0.9224556494748851,0.8414343401898037,0.6709345938425255,0.8450307929437151,0.7382035469053303,0.7552651531410949,0.8284735076213032,0.7545654323540317,0.8001007357211133,0.7293878030307724,0.9563872502568812,0.7398706251858942,0.7851550149807888,0.9580726436657329,0.7499116749834764,0.7921680059845946,0.5996478415947017,0.7843658202838288,0.8257140771360683,0.8429490481316118,0.6911084774479258,0.9384050514073183,0.7394464576801109,0.8243673587962653,0.8862167611193055,0.930168341312208,0.8399738278544775,0.9643283225813161,0.9000576815516684,0.723790346298653,0.7624883747100893,0.8326610137943872,0.7522175840340307,0.7691908555913001,0.748960517851133,0.9473195965643543,0.9401762988977855,0.6994406378349088,0.7996760931470345,0.7603115181254309,0.6864354856254477,0.8764381287312814,0.6561785351225748,0.93203472275383,0.6563126912786412,0.8654453317759737,0.929336432705657,0.8510056267485135,0.7631805705828374,0.8307404768691983,0.733102945894331,0.6619383222308777,0.9699782826139672,0.8699063814645134,0.8562840081583626,0.8059619152516483,0.8956888270744088,0.9182871682295861,0.8924482094155892,0.790818727733703,0.8183819283807837,0.8460190012511549,0.9375824064451193,0.6935501119388885,0.9206374312076159,0.8867947919855582,0.9295011945983147,0.6653213111889564,0.7859708967640702,0.8696021696083484,0.9389473884949793,0.9136584361183069,0.9555486603374872,0.889029020673652,0.8384295629433738,0.9221499498794703,0.7873635549834207,0.7302265012082801,0.8777581595367552,0.6764721454063853,0.9208028335378367,0.7760630103777605
0.8225765714816834,0.8863486956176758,0.8446658498837732,0.0,0.9060124853782402,0.6423627770364706,0.9438412911292048,0.8502268980435966,0.6421484109561175,0.804944712652897,0.9029035147811112,0.7024975091883885,0.9540382907931898,0.9159165607712196,0.972799962582755,0.8290146811062927,0.8683908884201254,0.9276566663632305,0.5908554815142334,0.7950298894480469,0.8111649150590249,0.9160070338772286,0.9572412905783294,0.9650081967051335,0.7551635227910493,0.9483214513914952,0.9786824030147476,0.9056147679908935,0.8361801990872102,0.6004286086539007,0.7543928425092903,0.6675530177780514,0.9732507799829161,0.766360486388797,0.8683366616070973,0.826781240004726,0.9348992690855016,0.8579783267548585,0.794860094981717,0.9842751652311077,0.9349228255369733,0.6483914467337613,0.7503553473914661,0.8553370104962863,0.9353408280862361,0.9323129173656093,0.7475793372192322,0.8269845622206572,0.9274364962888592,0.8202296455139223,0.8631971715188725,0.8524205988040827,0.8202910941149749,0.918186369601291,0.8516121955687654,0.7183343870159327,0.8482282392808067,0.6866590291338424,0.8756380229518609,0.9072134336314209,0.9049007588041633,0.6267308583487476,0.7484736449150388,0.7744651985451118,0.6956602253641655,0.7535743130885894,0.96186896581169,0.8827254371585405,0.8607838725890992,0.8414447922467829,0.8710547834423445,0.898182474328891,0.679047245705032,0.9445543215733079,0.7684050277903927,0.7308352685085248,0.9213870191132543,0.9567185883283449,0.846121604702777,0.6148507302602004,0.6814405748600535,0.7845503277400678,0.9140948904107952,0.8624437420684161,0.6542438284958704,0.9150853801122053,0.6325988009927059,0.7498000806728268,0.8469529092072464,0.9149266181108192,0.8509534522987278,0.6806401657113044,0.8651930077807224,0.794382090519197,0.8913793454539864,0.8217118651366024,0.6360926355120443,0.674515579820622,0.5940133692676941,0.9089707046504354,0.8892073669902878,0.7113006280592538,0.6837822760539124,0.7286215641482304,0.7172323835484646,0.9018936267813129,0.7905059139672045,0.8430546935709843,0.9650236292867956,0.8650699383677662,0.7910079298133912,0.7562393314632758,0.7691584153621265,0.7717230718342889,0.8951595951306317,0.9343423730948618,0.6428937194728966,0.7208517579283429,0.8027997912934327,0.7683666834958469,0.9366489479326818,0.8269468577517194,0.6620784742657758,0.9578936720836784,0.632517553902554,0.8463230670476679,0.6727066862248946,0.9021923687045391,0.8056383169425998,0.983760449293826,0.6384452656783928,0.6589765697057041,0.8729525489815877,0.7275513375570772,0.8232764567493154,0.8476222365337038,0.7904723140547701,0.9800020891642152,0.9704292914174067,0.8090502272328618,0.9439728501913742,0.6645072490184958,0.8814251856351571,0.6985422383057844,0.875534109184011,0.6902849840864042,0.8520811063540102,0.8927210456559873,0.702743544198088,0.5693409862396545,0.812040859624712,0.7289263756451085,0.8879207371793836,0.9492518900820879,0.7996911564009241,0.9510685522101456,0.977087069780683,0.95594173729464,0.979026616084548,0.772209760030857,0.9250162663675994,0.6336374097898487,0.7776254715161831,0.9174505750636335
0.895702914214679,0.8758360809872692,0.9146748258307638,0.9060124853782402,0.0,0.7288081913026438,0.9231265254288983,0.8402579371525476,0.7318986923143714,0.8706400461720973,0.9437580998064935,0.7599148814043998,0.9458908160791353,0.9095735726134795,0.8665325300862714,0.9072305511849332,0.9530513074148704,0.9322148117238572,0.674173566509323,0.8738574189872199,0.9064427604812264,0.9459068709449727,0.9436265119821388,0.8591154702623504,0.8582174356816353,0.8582684710150342,0.9124326351449926,0.9376156008584653,0.843533327048206,0.7141666055856012,0.7707805496097987,0.784365661578323,0.8482320424199737,0.7966353152846843,0.9150907430160055,0.8701545190323373,0.9290519762552929,0.8728494494806165,0.7651322327411543,0.8829378628492793,0.8320446341797494,0.8300534928576435,0.8236147634181274,0.8848405586399815,0.8970001460961161,0.8511650414910854,0.8226307338940076,0.8746410846105149,0.9644777225550901,0.897705510645771,0.9026160547002944,0.8593420508568386,0.8233039456448423,0.9075557244295589,0.884029485205337,0.7974483248778232,0.8829720291819614,0.7899834377115204,0.934924877415327,0.874923414709715,0.8753635536570669,0.6671903803751714,0.8177448909307202,0.8736529914225678,0.757471459412455,0.7661248539029906,0.8847536905098856,0.8969494956878791,0.9731670705335321,0.8743160917876058,0.8647785244989009,0.8747664342608544,0.7916019646246523,0.9551761440856503,0.8450526393002741,0.7385873326001463,0.9291610482745657,0.9261448551116882,0.7381590392096663,0.5912524710737099,0.7342535773425611,0.8369627652611499,0.8746749372318472,0.8202531752813882,0.7428714815528396,0.854146935262065,0.7027254899168079,0.8297853067353755,0.8428029235232747,0.7823363522818291,0.9359761481576113,0.7483031805812795,0.9190258926817915,0.7756624854346913,0.9227131618418215,0.8344062353709943,0.6642863567252814,0.7592407123609367,0.6580909876686282,0.8664140267896169,0.8207469645545077,0.7668377661313471,0.7512834386649343,0.7768960251523889,0.7866073934217293,0.8714286724642177,0.8393354153062419,0.9162167851217572,0.8799116225064432,0.8909918592810676,0.878580959010704,0.8285535194569259,0.8416741077679328,0.8497880952960299,0.8105352567190495,0.861631799801072,0.7209422400078868,0.8378637854141744,0.9143528160954586,0.7965346417006584,0.9001844791626341,0.7776676078051731,0.7430452425196086,0.8763738861946304,0.7121784348374887,0.8128107309335248,0.7415671096709706,0.8472083229656362,0.8483510769477265,0.8922600226380056,0.7465172325504844,0.7769689672969883,0.7805319848392772,0.7232270757182818,0.843921679814036,0.8420196304253897,0.7702891383347098,0.8707258570941987,0.9066235768707426,0.8015840203870437,0.8549236145999668,0.7716867597532339,0.916194581818848,0.8325114343941161,0.8847622603286661,0.7748657340826589,0.8710488984615684,0.8136331931670068,0.7982785174461906,0.6321576229851906,0.8046149479827983,0.7617007148778304,0.9652215223432605,0.9319901529014385,0.8234258445675894,0.8747811786260807,0.8742856196024634,0.8987560905314742,0.8557000071071217,0.8340413477316974,0.8680211770646028,0.6999380114611544,0.8364654543087389,0.8968557453537697
0.735004274872274,0.7921167789545632,0.829384770026087,0.6423627770364706,0.7288081913026438,0.0,0.6510952271965609,0.8357717276835948,0.7733974809194804,0.8351811733395709,0.7762038950895014,0.8999840180780264,0.7474476947984195,0.708036275872094,0.6510280470367217,0.8844412885235581,0.8024944889450869,0.6587987795160971,0.9011060523274532,0.8595055367958839,0.8494825177056141,0.751429871454869,0.6534226036626974,0.6244889723275953,0.8793804255991498,0.6183926906022151,0.6481645182054331,0.7300410098222411,0.7987039488808162,0.8411918961744463,0.9235951809161304,0.9231058209771564,0.6602287186180036,0.7650047610324759,0.7823744035549499,0.8618840336242257,0.7611839171148093,0.8062695982444494,0.8132584324123893,0.6082571925106982,0.6852748986813401,0.7701764910480003,0.8142761637842244,0.8402696419897785,0.7507906415106923,0.6734101522140484,0.7767797387199646,0.8532088575367502,0.7189034647368511,0.8170632002217908,0.7474549107020281,0.7216754990251008,0.74487085639157,0.7864057542329733,0.8566766643846143,0.832951543845796,0.7679908244903195,0.9316749810604963,0.7066621428039358,0.7405532758849485,0.806424751580601,0.7661479952944654,0.8300793191955774,0.8358129034709266,0.6839559097643239,0.7121589918154586,0.6374235148040927,0.6944153301633218,0.7694887345457537,0.782338198088617,0.71091319525123,0.722480192780888,0.6936510421662292,0.7184927386227806,0.8879564309322306,0.7632488468846096,0.7297664925468141,0.7235704294700024,0.6616620176358285,0.7023610893802796,0.9068247501759841,0.6970942783400936,0.7587303372414081,0.7827140303715933,0.7360113962258061,0.7273633525838364,0.8535786855368737,0.7309362236162096,0.802193178024863,0.6504782991183943,0.7069480041060394,0.8061941642013066,0.8618443578449518,0.7340928058621421,0.6677433666334637,0.8526355451130502,0.9308099427478995,0.8672360786790199,0.7099267676602977,0.6782226181457074,0.7488566668389572,0.8312776240096675,0.6704372052554749,0.8364854249737123,0.8203995389929631,0.7264296728953626,0.8661514907032726,0.7836307208392351,0.6655903591152513,0.779443210072024,0.8060236998838045,0.7133516876220165,0.7469558086060544,0.82994342517831,0.6705877891480561,0.6338402693659972,0.8561302271243494,0.8705071963229571,0.8349761897662004,0.7127568556579793,0.6792883169085939,0.7448985583050927,0.7449254533747421,0.7152018894103234,0.7754751732057541,0.8002689251548271,0.7054988186241531,0.7750738958438484,0.8724459892043548,0.6691979774913408,0.8907391036640689,0.9510613249011342,0.6705212116269824,0.6976420834656782,0.8270677796136592,0.7776823223441437,0.8033340373955974,0.6315788193118408,0.6710070963537875,0.8473355869743284,0.703472416644193,0.925061255397106,0.7239219439361075,0.9089037942719903,0.8237009380621145,0.6716276143772043,0.865692080484333,0.7257688159962487,0.9105586364763602,0.8370271375972728,0.7589392838312318,0.8622223318295054,0.7746958369071784,0.7044015422360245,0.8257016530579265,0.7047691252226262,0.6289520135153545,0.7381262001505327,0.60711587923173,0.7193885031688727,0.6848733247886695,0.8113429481912192,0.9345062980252458,0.6197806927086499
0.8329760759343356,0.8546351390046079,0.8511848217017562,0.9438412911292048,0.9231265254288983,0.6510952271965609,0.0,0.7836041666006505,0.6118630189148263,0.8306140187738382,0.8574303698949637,0.696111281181111,0.9341874137931772,0.9123672662286952,0.923170650903696,0.8109843921096074,0.8610238651747013,0.9053258489532946,0.5892846832156617,0.7877198038352613,0.8437251218664289,0.8921062946337591,0.949111488113102,0.9155006039569709,0.7860066352402262,0.9296902292629899,0.8989242810552772,0.8520107986504123,0.8115696588527087,0.5765311667261256,0.7412737577039404,0.7246611162396043,0.8972159697093441,0.8033123044804507,0.8733628661810372,0.8437346594414709,0.9306193324823957,0.7874520699338864,0.745009938556076,0.9475783360129056,0.8553063523178766,0.7030977369228655,0.7905311728666711,0.8834069787586281,0.9213895953747998,0.9084217597327772,0.8310373383546945,0.8431777364874214,0.969048482609188,0.856519507366066,0.9171336668601439,0.8544661045838552,0.8057237751354577,0.9122354608628395,0.8612516618737049,0.7652116815791979,0.8275454035714515,0.665200163746523,0.963435965791414,0.8839612931845507,0.8560025495765194,0.6579197808096326,0.7463712502720659,0.8227477067787239,0.770462229681196,0.7933386095919932,0.9686146465319542,0.9409899160619262,0.8884106407691383,0.7761665465304274,0.8933589296942012,0.8923502708389422,0.7441915702516352,0.9646460986553407,0.7239644223806688,0.7632772743143547,0.948401397574276,0.9471956426984101,0.7575376707921583,0.5888275906589662,0.6893704662580343,0.8270631134295492,0.8470643766834832,0.77593215276196,0.6956045913700802,0.8214884939256962,0.632442074815864,0.8301273920748184,0.8328033739616524,0.8255851707579757,0.8676439545277336,0.7534722102786241,0.8647975980378022,0.7847294952637147,0.9244873655615591,0.8124518958335898,0.635630932521062,0.7274305288462937,0.6318235308914675,0.9305893604465174,0.8458160406415154,0.7378977553306967,0.7746578386329384,0.736964524482864,0.7326505672869544,0.8870246130669358,0.825467044839314,0.8200727803897103,0.9512751941907196,0.8965209848909774,0.8703030380720864,0.7953168277866922,0.8369753434852124,0.7166176224284722,0.8320710207201061,0.8481303355123179,0.6658935300973199,0.7662137960324771,0.8687890456435786,0.7472663163927478,0.8913176992562144,0.752761141791409,0.7020453097686903,0.9191849221496127,0.6472150038928656,0.8075234127016677,0.7350694423581402,0.863222030872523,0.812900574703994,0.9474995640731404,0.6220097144410327,0.6611423887448179,0.7599803399247236,0.6613676086902746,0.8149203426158254,0.8625251728481786,0.7367455673255039,0.9355850079873168,0.9195816748106506,0.7508805563459264,0.882650435579922,0.7002881678575643,0.9279571195989958,0.7476495268240805,0.8704971569777294,0.7835860820405521,0.8005132262392749,0.8372941450506282,0.7258053434753786,0.5581009379508877,0.7744063180787888,0.7041184729294901,0.8515187906441757,0.9804065682896643,0.7818388354903874,0.901746991571599,0.8865913134039314,0.9099771162359608,0.9148121652580136,0.8227649353449099,0.9242973518276494,0.6315064854326848,0.7909999226831379,0.833310374995228
0.8097819395499781,0.9058004740328792,0.9108502332765224,0.8502268980435966,0.8402579371525476,0.8357717276835948,0.7836041666006505,0.0,0.743549329818329,0.8712732899045458,0.9324241426346075,0.8763196124946888,0.9090037227798485,0.8180029853580078,0.8574659216548554,0.9488332660668668,0.888744052993531,0.8173393108190061,0.7826608799876302,0.8983324867806544,0.8950443232608486,0.900837318879319,0.8177553294273161,0.8243488683178285,0.8750682167637629,0.7969109421884936,0.8463023781522787,0.8837706858396512,0.8828231304931529,0.7504985504752358,0.935837580777963,0.786856984303527,0.8653092705622512,0.7973845141310784,0.8559289672335859,0.8925544089752271,0.9220085097546639,0.9326845477924154,0.9276930073277929,0.7928941795433548,0.8758028593368474,0.6904965897520207,0.847235725339557,0.9090105789504127,0.9139905128610752,0.8465193629431678,0.7476273991747182,0.924640652678614,0.8431283568587331,0.8499649786896246,0.8334021746841425,0.8205029951938243,0.8037354365070205,0.926628336950737,0.9293028832340495,0.7597810765026116,0.8741724818272972,0.8861613785223836,0.7847846223620196,0.8644731466343805,0.9786428168972658,0.6822349689293875,0.8625372958308695,0.8076822234131604,0.6822932236876312,0.765301816310811,0.8031681960648931,0.8076369423544922,0.853783662547499,0.9521134217951526,0.8272719212014253,0.8303673664080518,0.6665504958044752,0.8674478298144271,0.9192991414762895,0.7580331417813578,0.8705466985355775,0.8738290419275139,0.8577442909855872,0.6721719035270676,0.830404337764441,0.7620757842116475,0.9280478539898784,0.9393019481007766,0.6918169427073668,0.91790259838961,0.8094691914555865,0.7361794278368639,0.8907182875613598,0.838577908495599,0.7956917482333428,0.7202924601845733,0.9270728589755638,0.8013436952457115,0.7674954289447808,0.9245353870332272,0.8266839346724796,0.7701137977198226,0.6167982205709643,0.8015533787751146,0.8771629631189699,0.8515583476669978,0.6692219912433799,0.8538582365289857,0.7935317153794228,0.8716329027876238,0.889977123027339,0.8827241224576264,0.8335237285460384,0.8733920909001546,0.8237518503638851,0.7424518629107187,0.7587330715813349,0.8846810504887924,0.8315486872102296,0.8132933913066606,0.7484730857971362,0.832132414263616,0.8422243628786749,0.7527082311570165,0.8313704148927431,0.9101570369141069,0.6937639730414077,0.8985042678707446,0.6798271563462109,0.92600597356759,0.6627809852906201,0.9268180757212883,0.8997045034479808,0.857787391785171,0.7777234978576166,0.8432598544180407,0.8608403357586629,0.7581534050558345,0.9318452205853153,0.8498172825912997,0.9022634724575345,0.8172852995763533,0.8725210443790247,0.9818779086072845,0.8997975766275524,0.7776726594265155,0.8003696765849851,0.8029591641055548,0.9280311661822103,0.6628012832282465,0.9786902823165865,0.8894910335192867,0.8476829326119957,0.6951141720341149,0.9006625112535573,0.8498368684460575,0.9054877337628461,0.8446928322005679,0.9225417903232118,0.9233871459152759,0.8467267016000841,0.9314293730147605,0.7955852916370815,0.7426240467143508,0.8308127761966442,0.7182698828492727,0.9169057356236956,0.8024646903112805
0.8148771750272406,0.6683637437402375,0.682875627252234,0.6421484109561175,0.7318986923143714,0.7733974809194804,0.6118630189148263,0.743549329818329,0.0,0.6428309457566009,0.7215008691507597,0.6543531712808555,0.7225513713430689,0.7292962381575606,0.6041067101114269,0.7762836548730809,0.7799419454147417,0.7115369383559771,0.6827560679745305,0.7906142492951355,0.7024829755232405,0.6847583851887594,0.6460662990363915,0.5778783953570066,0.6825542477597945,0.6283612523734025,0.680773098676714,0.7622583326179968,0.6404548177722362,0.906561949588294,0.7082891586955546,0.7545709915148767,0.6255097085503419,0.6641073479341895,0.7693108866998309,0.7253641737571679,0.699731705026334,0.809402488814998,0.6297376789138683,0.6100494736309182,0.6250361263300686,0.7972685229091654,0.6951517863727258,0.6754153413572155,0.6733229765424406,0.6509877544050906,0.6938675364495279,0.6648697862539859,0.6664923970218688,0.783158093620323,0.7111746732300303,0.737017850863295,0.7550677411428554,0.6576666307802065,0.6816664243722974,0.7735161304036685,0.7962070480461504,0.8241220597034974,0.6521039703518955,0.7260227865096569,0.7083676533305922,0.7586856313289689,0.8287268078594828,0.7455685160639363,0.6778775670505804,0.6829380652657973,0.6315176116556955,0.6635342502721845,0.7670479890203202,0.7784668542734917,0.7186964548280892,0.7131408170671938,0.7712258504271655,0.6907293240360157,0.8585475603659729,0.697137046181453,0.6849775182157252,0.6554010228414336,0.6451080511450045,0.6781264244582835,0.7023096821240487,0.7551340486918351,0.6864404408498729,0.7473668769461775,0.7827917783406707,0.7158292463699285,0.7916180078043891,0.7256914788715239,0.755292528323435,0.640387977999527,0.8020995452817387,0.7003942988603109,0.7402175081309925,0.7339794645755652,0.7312208570347933,0.6503931690934287,0.7348413255924425,0.6840942653400649,0.7415675525698331,0.669660716503385,0.6708092838185479,0.6758631647480475,0.637945123087021,0.6050189868727593,0.8493085993876581,0.7019462301311381,0.7075665835682708,0.7150891370666057,0.6251377527283821,0.6160955160238438,0.6547421887327104,0.7630502194196584,0.7473353039918207,0.8858956005693873,0.6998323855339871,0.7033908528992844,0.7469288840572486,0.6661821674337014,0.6862640342076334,0.8213623946293638,0.7245494653449843,0.7812417902519065,0.7333559838513556,0.654544239488737,0.8530212925589177,0.6262631001382383,0.7428459802214293,0.6808888882514826,0.6781693359926664,0.6423821153925036,0.8939613765187711,0.8605416836010601,0.744780965635452,0.8333111178145722,0.6389177060263892,0.6770803490171147,0.6663116500813083,0.6230029010225357,0.623800761306779,0.6995212817670777,0.6338295939915186,0.7871408749359758,0.7296422452754788,0.7907906029153794,0.6739179444122871,0.6587590305795661,0.7786532981850656,0.6201715659864584,0.6695244518375094,0.7479587837825774,0.7598445569914776,0.7037981992571255,0.7694718737527727,0.6239703947311818,0.635610485148728,0.6499808501439003,0.6333101254656774,0.6565036946897684,0.6176580222732703,0.7699874782230813,0.6099404982658649,0.8408208925842766,0.7334390915139798,0.7367933459084312
0.7510295110194594,0.9341600580285071,0.9861720434292357,0.804944712652897,0.8706400461720973,0.8351811733395709,0.8306140187738382,0.8712732899045458,0.6428309457566009,0.0,0.9211374595773365,0.9214973064255214,0.8617607114100537,0.7847155041617999,0.8400640573631637,0.9208585685814086,0.8767767908046218,0.7866742986713756,0.816089622456058,0.8539825986168448,0.9433476747271614,0.9380814276663332,0.824480806300105,0.8266368502257179,0.9608649171980043,0.7314167797978358,0.7912732456825582,0.8285715759002926,0.9523756552306862,0.7033285562767402,0.8755475934307014,0.8208620142099364,0.8120823905279915,0.7693492110069695,0.8203905726395367,0.8811516367655676,0.8725573926721839,0.8212899021413703,0.8966793334824463,0.7757980431034162,0.8337317408241032,0.7484870879557064,0.8373138136648669,0.9291752319474703,0.8607351048692528,0.779740183641143,0.7819991251883052,0.9643769109407712,0.8813130423423158,0.8195851181135846,0.8146215552990317,0.7518107382989037,0.7718181720531156,0.9471140657657675,0.9555784725030905,0.7567929730242905,0.7862176067375308,0.8355639131107215,0.8562105493937989,0.7941454393044838,0.8984335122865778,0.6275043316565867,0.7708356149372546,0.8345570722267023,0.6925452566872332,0.7146056194627769,0.7685822660740627,0.8104349838972423,0.864385457785368,0.8432551024355928,0.7583936881666293,0.7827561950059453,0.6555833733284048,0.8554425116648336,0.846894407595498,0.7244385194758947,0.8448716870246327,0.8823507843282633,0.7097316729731872,0.5961054918640069,0.858720399463891,0.7060395808745554,0.8980720440911746,0.810362827809027,0.6476649710502619,0.8089600483518495,0.70738777241535,0.730832958339582,0.8029195611347729,0.7300311241767456,0.7502474205417978,0.7325014966576562,0.9405752786056406,0.719010407109226,0.747374599285118,0.966143214692188,0.7505971036028293,0.8019441657064279,0.5947626092291669,0.7588107578479326,0.8150580968658035,0.8215385454735425,0.674601060035473,0.9618846825369424,0.711725216423729,0.7909392394287843,0.8736570104029306,0.9022683781058987,0.8189523362296789,0.9692613510836794,0.893785664749857,0.6918461566231162,0.7363723445018556,0.7883958727010074,0.7203281694854512,0.72834963149292,0.7511911522824128,0.9530395079980785,0.9348421852814974,0.6709241065182039,0.7618281518406042,0.713940698031596,0.6748985879538728,0.8511378548679827,0.6442833605650793,0.9369375774652557,0.6414566813139633,0.8444960020207127,0.9372266918197057,0.821548297671358,0.7469907815390519,0.8058712631555873,0.6909744897021899,0.6317686882241685,0.9641665261305611,0.8649691715159239,0.8519929683948859,0.7783171257601784,0.8648958534685878,0.8948766849770686,0.8699722172769072,0.7925969095138485,0.7908498826425925,0.8349815705732682,0.9278249162905382,0.6767198424821642,0.887132514729217,0.8807664937794971,0.9473674811080972,0.6714365138696604,0.7387356004869179,0.8815651420962937,0.8900273942635316,0.8985591880246765,0.9526865054913518,0.8482654429810074,0.7990748826759712,0.8942495227458089,0.7586837335840392,0.7009403195603252,0.868322913113776,0.6663290791206884,0.9205293290547294,0.719452937051092
0.8214142716343774,0.9392354971846371,0.9636458157943497,0.9029035147811112,0.9437580998064935,0.7762038950895014,0.8574303698949637,0.9324241426346075,0.7215008691507597,0.9211374595773365,0.0,0.8569457102817898,0.9324113518212588,0.8565503053952785,0.8934234638465018,0.9533673354455702,0.9376538678906611,0.8789129005798575,0.7467365604122579,0.8841841442345497,0.9162617803629864,0.9824155907121049,0.9050384025764502,0.884846737953549,0.8957183510453368,0.8163854792609501,0.9167640902418736,0.9397036988645844,0.9274223533095168,0.74501289546664,0.8429385616466004,0.7610987883695169,0.8845583654132487,0.772597215077637,0.8766485377955053,0.8792786362903403,0.9257433518898907,0.9211987362950536,0.8852323917923715,0.857283371003656,0.8927453926229892,0.7536362217422965,0.8121586242919311,0.9017182567034503,0.9061995358889823,0.8335584406025889,0.7475130081865321,0.9257758720863026,0.9131528701511129,0.8431586550732081,0.8353841664566304,0.8084927813189909,0.7997542781020895,0.9488880741013951,0.9302578661415368,0.747387388101775,0.8569131050997696,0.8570571716091898,0.8498463390954764,0.8567437003791901,0.9418185019993617,0.6265501778968581,0.8042453545606474,0.8315460585931611,0.6739470160871514,0.7161834764883795,0.8350481940452331,0.8287029870602751,0.9157245641213454,0.940292835275446,0.8054937375288335,0.8378839712153062,0.6851362934790993,0.9089494652202216,0.9017933736679975,0.7044346865741199,0.8915313015796011,0.9285096738004944,0.7848391550655098,0.6056248697147347,0.7777167795897412,0.751944447985949,0.9470605083135235,0.8920937499488555,0.6718570487265954,0.9107925923788883,0.7237810500487454,0.7349723156892416,0.8382211375918195,0.8188491666584494,0.8418737751661203,0.6949534289469923,0.9442600916427285,0.7499241119153714,0.8194691261136182,0.9187550236349225,0.7071657747083286,0.7459125977740488,0.6024340610544908,0.8065274997556424,0.8566062025771862,0.7901649378260573,0.6655194136022096,0.8623370618590465,0.7442748625825952,0.8502369418955376,0.8399912568757273,0.9511151259584554,0.8628891585991049,0.9206001446790588,0.8463158811047471,0.7450719637023998,0.7535412125645213,0.8933068079274145,0.804126560756641,0.8519428562391428,0.7121034408339608,0.8646694902026092,0.8886138262145789,0.7538952097347322,0.8670831856444002,0.8118739702506301,0.6863343493513145,0.8957080523134884,0.6676585210318711,0.9132721879589971,0.6541763759517244,0.8903261698835108,0.8987836146436827,0.8865263008629285,0.7712404421207778,0.8024009563271908,0.8191048594548566,0.7332882963249142,0.9286341018538198,0.8380224961554658,0.8583308204875932,0.8572800733342084,0.9378071471447291,0.9122183284002818,0.910150541785484,0.7605104554146916,0.8313467315441628,0.8067056309117625,0.931170785618627,0.6752325790243268,0.9426298721834542,0.8858757052004244,0.855470076314077,0.6678590211911326,0.8163362135895502,0.8346380886897312,0.9833306968184353,0.9104761178068409,0.9177492056019201,0.9120185591895291,0.9050125837564722,0.9448260180795063,0.8484877567657472,0.7406546347718299,0.868989370451086,0.684370291213559,0.875036636942676,0.8726678483376487
0.6783713834422352,0.8639914217325394,0.9071290286280322,0.7024975091883885,0.7599148814043998,0.8999840180780264,0.696111281181111,0.8763196124946888,0.6543531712808555,0.9214973064255214,0.8569457102817898,0.0,0.7678460798846788,0.6991149709478234,0.725085809834901,0.906730184733884,0.8076198441480933,0.6706609728139553,0.9016351136652965,0.8351670882525414,0.8847120251042349,0.8271561665952192,0.7171388738925984,0.7204690260350763,0.9330895431268305,0.6548117526345867,0.7048446615404361,0.7595607790361527,0.9032153224076253,0.753918992652718,0.9209237608292297,0.819183265767771,0.7241315507186902,0.7669573248929854,0.762120687491454,0.8610285542694717,0.7950586335755127,0.8104096930992772,0.9303524564652568,0.6644708623276518,0.7641258280517924,0.705473474875479,0.7949412152342679,0.8771665857395682,0.7960295378075603,0.6909293634880049,0.7104818742612258,0.9301654837668225,0.7623918714459881,0.7580831057198384,0.7206845728533342,0.6895503857746954,0.6839895131146077,0.8598651018132921,0.9150040967899971,0.7324607556901251,0.7293312494501019,0.9099560307729336,0.7181913738251438,0.7315815582619598,0.8489598384776208,0.6317905340269544,0.7421466381408877,0.8035911564867809,0.6058141323835182,0.650735850002185,0.6687861685319415,0.6904671413069249,0.7646143905441044,0.8117809934029498,0.6750294883932935,0.711129217487389,0.6126354014811463,0.7425542945570945,0.8490560045042788,0.6739959557042068,0.7538203168082106,0.7886693076255544,0.6922505210709763,0.6210907818631596,0.8405952905334481,0.6348998373931726,0.8185097393663174,0.8018725268445253,0.6392355379208822,0.7721907717956374,0.7704884162364788,0.658909883157498,0.759060709819974,0.6951021720604963,0.6741973306283319,0.7126731545178387,0.876205076185182,0.6683024347156548,0.6443697342278545,0.942576936608165,0.8090057662550986,0.8259991145415045,0.6025629371643653,0.6727796032348761,0.779944206381949,0.8266700659896741,0.6283840511730874,0.9559753618528096,0.7020568106236319,0.729486083598904,0.8386738416113654,0.855885903130882,0.7077232550724475,0.8791481226803005,0.8324216533336599,0.6610772138040686,0.6741270884232259,0.8088377475181623,0.6657495908730723,0.6580238767231225,0.7494285671947027,0.9175185855143979,0.859964708757068,0.6531566671947191,0.6904470752904216,0.71736919860578,0.6752804975594311,0.7554947700694954,0.6436730276474927,0.9076180244223095,0.6082834976206549,0.8187901301294391,0.9298328183756143,0.7139410669477413,0.7889432711174807,0.844072224804945,0.6769183314765441,0.6491022457151795,0.9400040432561614,0.756123519058704,0.861528084177294,0.6828371999353915,0.767355134400192,0.9106905183563755,0.7689064269407305,0.8208738521837483,0.6921567310084525,0.8278038881930265,0.8961516546308999,0.6265757206933597,0.8803327666801573,0.7934219722342951,0.9640871900784245,0.7697655532305807,0.7385280057518383,0.8528016264530365,0.8185070288173197,0.7699248069236845,0.9488074027049465,0.7663104572456735,0.7012381648495603,0.8138264219235897,0.6582802015026774,0.6440599106381723,0.733094481038755,0.6835103917099837,0.9129112279939728,0.6467911504640094
