0,1,2,3,4,5,6,7,8,9,10,11,12,13,14,15,16,17,18,19,20,21,22,23,24,25,26,27,28,29,30,31,32,33,34,35,36,37,38,39,40,41,42,43,44,45,46,47,48,49,50,51,52,53,54,55,56,57,58,59,60,61,62,63,64,65,66,67,68,69,70,71,72,73,74,75,76,77,78,79,80,81,82,83,84,85,86,87,88,89,90,91,92,93,94,95,96,97,98,99,100,101,102,103,104,105,106,107,108,109,110,111,112,113,114,115,116,117,118,119,120,121,122,123,124,125,126,127,128,129,130,131,132,133,134,135,136,137,138,139,140,141,142,143,144,145,146,147,148,149,150,151,152,153,154,155,156,157,158,159,160,161,162,163
0.0,0.3215114169841389,0.29419577596224467,0.2639696498137932,0.30265350845721256,0.2913596594470208,0.2674040219488732,0.31580782528993084,0.33337432196489697,0.3097665328989753,0.3533585829853117,0.28421486628440196,0.41642060804273584,0.30481023231835747,0.3056391592243268,0.3485633236867429,0.34414543299440936,0.47122682915050795,0.28336440325767687,0.4295760544696414,0.337641181206067,0.3264890455703027,0.28372273889475724,0.3123784774147508,0.3951776205282417,0.26604248026354316,0.2551879176074558,0.2887237464299549,0.2783949348784531,0.2623346212932482,0.3363719723037405,0.35129635583051877,0.2610568654225504,0.2770731047367139,0.4421577923548978,0.3274225473415973,0.3946939089589808,0.3480327911665237,0.2514539298689437,0.3488515542279072,0.27292295631550506,0.32957961512641676,0.3613288472063689,0.3431486268318232,0.34103508681854416,0.35444780886766264,0.28519045664817555,0.3486148720700822,0.36912057266698317,0.37528366334748425,0.3557980019518484,0.3168120935828605,0.2848251690830554,0.28160826592362637,0.3230284106549421,0.3150259688174345,0.4133958006866054,0.30766579542395295,0.3209881114573162,0.36293608151980394,0.29463346216876046,0.26333746275525327,0.34079089865328754,0.2866604169726083,0.31099158672919897,0.3406173781281137,0.3043247703053385,0.31237856281910725,0.2754197022780359,0.3585931910384142,0.402974769965024,0.3503322096893873,0.33060607369009865,0.33762981852710394,0.3233570545775294,0.33420265035245933,0.255367120623534,0.28198926146113595,0.2886175589031191,0.245407857374832,0.28607657459117974,0.3419294143468765,0.3041340837973399,0.31147180069679364,0.3475339074320109,0.3528537949369678,0.3312578197978537,0.32717781752836034,0.3493689881592833,0.2828522450759831,0.362719638342288,0.3083410273602019,0.37854573631933125,0.3503737852267852,0.3377700608339601,0.2752798787465348,0.23198041511721465,0.2865084435138535,0.2858157325074148,0.3421335926760602,0.30433473350503276,0.29345233935569026,0.2617643765221567,0.2537551531278081,0.4119521689468595,0.3197298923848527,0.29779752803394227,0.3156574063837057,0.33096235761864345,0.3335715319869833,0.30624747876577757,0.3735836176984107,0.32635394719797844,0.2664794209208898,0.35513994413398564,0.3379176430239072,0.34748726256044105,0.3325018106648175,0.2661073720475743,0.2803755135729951,0.32562176535141263,0.24630412178151867,0.3432099375145243,0.35488272715195457,0.30403278478811374,0.2873446905866328,0.25021226457009144,0.291480586998481,0.2952831739708687,0.3190403075592653,0.2720840230919008,0.2748421145598202,0.2765029953990648,0.3143830829116723,0.30710026266834,0.2881796217533827,0.3224150965221913,0.3383778657179259,0.308959841049905,0.33389084658097884,0.2556352246616712,0.32909022442240166,0.3481260486289411,0.2879722307963781,0.3370489467343912,0.28813897838007047,0.2936528560704385,0.2465597626828065,0.3531714597813851,0.2211965586166489,0.4059726865234947,0.292240057090562,0.31606477929625587,0.2365072144395102,0.30849409815024553,0.3656304549308518,0.28476589221767795,0.29737581009591385,0.2988425778072038,0.3101814343603197,0.25733799510238997,0.3776338101562932,0.22700953272710725,0.4372475469968025
0.3215114169841389,0.0,0.3368575668667551,0.33108789670147837,0.2659886275295469,0.3856620390815745,0.2815276007516915,0.39909564969517514,0.3025251802198449,0.388550391665249,0.3395609931640997,0.33690321217377844,0.31675069997268857,0.3235679769040274,0.3444915990325438,0.29313965470878317,0.3054865922972383,0.31296974106206277,0.313487972616299,0.31525842773319,0.35234262127949006,0.4093149236590995,0.2671552668507422,0.32333549521750704,0.35770578082961796,0.25066201792819004,0.2391893614009224,0.2858526704390544,0.3859973793157746,0.24210183922434272,0.34658663127158784,0.2982541919585333,0.3631747010166781,0.2489226091463459,0.31440974542945976,0.3264140177373564,0.3135928921439495,0.31082407406165213,0.3046837297000227,0.324814491759821,0.3422641781995549,0.33163791302852075,0.2563244647243528,0.29829997474812614,0.35406770928761794,0.2945770223032664,0.25362721079130657,0.2856680381358681,0.2994184487419857,0.29415092400760945,0.34049098778550657,0.30778302310232536,0.33813729739323084,0.40228335042371005,0.3308028761023954,0.33376976532939384,0.3425646789387404,0.3055009741084592,0.32514585599146806,0.35250846681151077,0.38309937779509723,0.24252611630894766,0.30806241305183424,0.23198968088355587,0.28483461629107515,0.2931713644421062,0.31306364026450473,0.29151239438241844,0.2430093776798089,0.36890701349735905,0.32946671011379175,0.2975802293067132,0.26236814456014124,0.3551673865679645,0.34818415282730514,0.2702571535870574,0.271046944217846,0.32767386990768443,0.27426410844430094,0.23838929365882058,0.30053684363302535,0.3349103030921747,0.40158293110191,0.2934169189923236,0.2983742078248042,0.3966276153191275,0.3050858677288843,0.2578589027220586,0.28219283443656,0.3393499447762496,0.28134232222239286,0.30072605261146684,0.3264838444065722,0.3152005739265736,0.345633274400779,0.35249982452445916,0.28030883241736526,0.2793449174774727,0.24741285404685803,0.32260672584950084,0.3063654618170947,0.26423908068288376,0.22410053190133541,0.2813750321854521,0.3081660901309663,0.2753065594722598,0.2770101176052422,0.33779739825416205,0.31323820709914735,0.3665386412775884,0.29871801364121153,0.271572218223001,0.3075538691332268,0.2680656389108933,0.34631444279949936,0.38587239103908166,0.31663041098882433,0.24411161678134607,0.28131758898940734,0.27592074628606283,0.28863500767691763,0.27557646606764935,0.2893239023050575,0.39656372770941284,0.282609191662581,0.38048764892153936,0.26759129867323844,0.3370857451304179,0.34408154094686244,0.2870086751322892,0.2926468506049398,0.3095245051584731,0.27037820933783446,0.3510826437938057,0.3195627294582616,0.26889214182871707,0.26975176376433174,0.29710221277286347,0.2998763218043566,0.2977837612795696,0.31330327981274186,0.32219319642324473,0.39310822305345017,0.2947351952050597,0.3308618867193845,0.23871567864131285,0.35109289117492853,0.3000546974772438,0.36361029466580996,0.22331707880354665,0.31304673534353833,0.34057360156973543,0.27768934947876506,0.2794552151887656,0.32531645412361604,0.3702514746382788,0.3136676111604044,0.3572269060117347,0.28772013920249395,0.26223300136792826,0.29200116968267026,0.3489489760624677,0.25040718460284367,0.3399747719878204
0.29419577596224467,0.3368575668667551,0.0,0.28052934853359024,0.279049860979334,0.3171097615095349,0.23341858429408577,0.3504936925374732,0.25949248622582244,0.36328283546375295,0.3168280608539412,0.2712514204184196,0.35470965832399315,0.28782532340897704,0.25529961987496025,0.3749800564792818,0.3763013596648821,0.3119266214007142,0.23279654134686717,0.2585213289112547,0.3518016093135463,0.39397442406998207,0.24148314343394275,0.2652174658890291,0.28421621998847135,0.2889181032384322,0.2495624635585264,0.2792234417144783,0.27276938455993005,0.24205282525937388,0.24381570767476451,0.3181955285790481,0.25367279409621335,0.2395692568975744,0.262476656018256,0.3095289081075762,0.293766906535978,0.29914695812634207,0.24079581723748167,0.3165172618754692,0.276177713361613,0.357152665512009,0.2593477855350811,0.2624924166161792,0.32156417062927944,0.2858160892410923,0.27602678073784104,0.27580653013114276,0.2723791261472129,0.29447847103445957,0.3061356937643291,0.3257892338471054,0.24204968994159423,0.30909334969186303,0.29273237536683816,0.2915553022869501,0.28051158834645307,0.3165808651476547,0.2793595185439866,0.305636753471855,0.3020366880604376,0.253926285464365,0.3339191743807487,0.2533265482522829,0.2460938166294918,0.27727577852625995,0.2766942738660507,0.2922147933860945,0.27845804989668776,0.32252715623770384,0.3214792267354039,0.25328653985189664,0.30104651593443343,0.41684819806458523,0.35357522681607956,0.22098743982611777,0.29834111230262483,0.29745887411866473,0.23960374407166019,0.21321135181675457,0.2867774653740098,0.28659007403716624,0.2930585718248931,0.2957108826070636,0.2929539063715142,0.35016684722878333,0.2612373824152994,0.22851544967160864,0.2732303083446387,0.25417528314134114,0.30795534892386894,0.24095173636513031,0.29096941482448807,0.23678994902122952,0.3169462378392316,0.25557376710565793,0.2347497298894491,0.28678539457183205,0.23835508600616503,0.3134659843450785,0.2208730709645918,0.2795109126946642,0.21498578896692272,0.24708442963701593,0.30336148888834963,0.33186662076521173,0.2965453624948873,0.29339699584594536,0.2935850796683225,0.3199504416584444,0.26800175503383367,0.2678391537196964,0.288048543051072,0.2559469989154659,0.27134501894951796,0.3680190235900874,0.2506258227257043,0.2625478145997447,0.31425020964194833,0.29298554108357183,0.2830786669488195,0.2486393070316583,0.2638183088789003,0.29422968850279396,0.21622244532999624,0.2858241036307595,0.281353501799266,0.3050715923432248,0.33786265329534965,0.2761564790596014,0.29287259033310575,0.3972263780110262,0.22424182421226974,0.2525894440150832,0.26177547033389736,0.2229650024376344,0.2177434492144372,0.25567890797607334,0.27170544334471625,0.2432866142767058,0.21881720719090395,0.3048729304850208,0.3052106123514412,0.3029082457040884,0.27972581520789175,0.21738724203981447,0.3110718510520553,0.2645025591277715,0.3224095208486309,0.2459983410983501,0.23470127312212422,0.22282911268260117,0.26071167601614975,0.30577365295205255,0.28418597626315817,0.27238991378343647,0.26912382265083173,0.3268807279973527,0.20531287846721513,0.2710531682688536,0.29782606639462367,0.23305531661785844,0.23621317597910982,0.2941344199621333
0.2639696498137932,0.33108789670147837,0.28052934853359024,0.0,0.24784715928888554,0.28983821957689637,0.3028486380191845,0.3080175239471326,0.23102547288389202,0.30309018629262896,0.2868423644531916,0.2946397932212661,0.28468007326751543,0.2750399073914421,0.3159024290277719,0.26679428236807107,0.3004229468608761,0.28426924713326723,0.2699437077058003,0.2458316523704725,0.32594109195799276,0.285595726907406,0.26880615266903896,0.26559953104641487,0.30030893254102314,0.27157890724292655,0.2693885529752161,0.26375110726624046,0.28773775796159073,0.20520655090951026,0.2716137490192111,0.26937533839956235,0.4053221860108091,0.2682957832296909,0.27355023348906565,0.31117715287607267,0.278441893506109,0.26666692919802804,0.26992165640399907,0.3393401723468468,0.30454740671695596,0.2908130318083754,0.24568686562450243,0.2944719986991777,0.29912609620023733,0.29871739681288983,0.20882809290252521,0.25318326416138914,0.2736540839266573,0.26988923257545855,0.3501031518359169,0.3211530833019633,0.281958647695965,0.3896265319711677,0.32341874965538037,0.26857397656524834,0.30667567146229235,0.29782803544960224,0.29237649844556135,0.3378702345715338,0.33804895339755187,0.24774119597221156,0.29709107217259323,0.21889367092951123,0.2734574657262367,0.2832004469244971,0.3277733456718237,0.23233092183522974,0.22971996589436985,0.2913697180760085,0.2698543082849791,0.2650677406998815,0.2684686703771549,0.38510413660736664,0.28916449123312987,0.23516596599578957,0.3126116337294497,0.32623378666692365,0.24633103511756246,0.2103839551680453,0.24789816951604826,0.32628294919675643,0.25984364735084126,0.25020810938672106,0.3323301988708177,0.27824751494028577,0.2945380319032612,0.2652944706371488,0.2857894746215297,0.25911191769091585,0.2923008996164913,0.29902559271005413,0.28574024058167324,0.2639428039875701,0.3257013909013329,0.26641210388635816,0.23273029005157286,0.2900008371682519,0.24270076137720878,0.3254933432692525,0.2599211704824083,0.2967001665315841,0.27649126903395405,0.26220176562473996,0.2933629935480058,0.268367095030208,0.2938846388445548,0.25651450457569114,0.30002223234176306,0.28034194685634245,0.31898149990722363,0.2785749393391106,0.31114728028413857,0.2790857170149957,0.29971292601259175,0.2988625549271326,0.28572238975592,0.2214413858980316,0.2952557498822694,0.2933328677448623,0.26555909780870446,0.3011290054917203,0.2614672791215279,0.30530553912800895,0.22386499755797665,0.28704043992046047,0.28079695974987384,0.3044322954775505,0.32552137953433935,0.28134114063866694,0.23075023254583416,0.27856019439908175,0.26603449101571397,0.28585209964107383,0.2592323704653756,0.21285598827049718,0.1951024017692158,0.289395760487678,0.276251011974889,0.26712094091355787,0.31117902010810883,0.27458745903943677,0.37321374369641114,0.2853450537222554,0.27236659030536237,0.23403771982922794,0.27065059168654476,0.25767971438078474,0.25140884527736995,0.2037359588601623,0.28707268684718307,0.28437377319543855,0.2683702968010353,0.24927822334745256,0.31332061286503543,0.28610509347675517,0.2614201668054759,0.300497236338547,0.33606433898058796,0.27495924610793276,0.27383532675948885,0.2646381547213722,0.25270386139714507,0.2816388894371229
0.30265350845721256,0.2659886275295469,0.279049860979334,0.24784715928888554,0.0,0.2291806968154634,0.28715010677569275,0.25198534071066453,0.2766629988976444,0.2724680893180838,0.29840108992902875,0.24589780715574824,0.2539857901243032,0.27372338743386837,0.30507783719362735,0.28578372459302276,0.2751771073701397,0.3165751999263481,0.21207236102669993,0.2443128368606277,0.28319963128439973,0.3072054571949037,0.27654556716013423,0.24749308121310032,0.26136873613803907,0.2570386001410737,0.2510427680541327,0.21489925511416502,0.2496003256000928,0.2605211324585513,0.3011537959185539,0.2450291779949208,0.24430394834785957,0.21891213780849528,0.3585687129716881,0.3289794107763256,0.2856098472941677,0.2868269923052979,0.2726063788432498,0.2629738012730501,0.26138174739493997,0.31484589030058524,0.2888014477262136,0.3218801876441413,0.2510287158230398,0.24786768085622896,0.2702067417319338,0.3150722122096961,0.29160992054234686,0.3047246519143197,0.3012237103701984,0.2454057444546723,0.2472897117841042,0.26172807366647355,0.2977122271734519,0.24809583547382952,0.24935016932182552,0.3144423127462801,0.2580456153381273,0.27135679969960336,0.21500662117706645,0.2390026461974224,0.25843326064963584,0.27820819006291564,0.26865298727715514,0.21480855920329756,0.24306914039189162,0.26269850050248256,0.24382659697106301,0.29447646743252204,0.2938391894721174,0.288046797230647,0.24002544041791485,0.27040729249500284,0.24282458220296205,0.21667503717706116,0.24757978861270852,0.3572041551959436,0.2260975042769826,0.20255339768789138,0.23411031727162587,0.2931884832948813,0.28444323803934496,0.21829555264782385,0.2634878416233442,0.2546743009461188,0.25735803416721575,0.26355324185499895,0.23533754348610644,0.2339798250029217,0.4200318149817852,0.300344344925059,0.3606832402141814,0.20909393141180746,0.29441598411349956,0.25182250043112797,0.19276024694938032,0.2345405318583506,0.2900863349917612,0.23501634946189856,0.2510477481860412,0.24288787404475418,0.24703562444953933,0.22764004251301734,0.2871822890198902,0.26004458125072416,0.22954890925303212,0.2672528135221911,0.2891156447643171,0.2510674669101258,0.25502108660599404,0.3152069514758175,0.24132068506046833,0.2704126457824831,0.25579264803343776,0.2602395531820139,0.22966210027417291,0.2748930331432185,0.22304819566159334,0.28309948885751385,0.37494793091206274,0.2469325807544202,0.22982844060959937,0.29752084540252105,0.262356074214782,0.24360735022408153,0.23301534090088316,0.2943560417058718,0.24728880677107182,0.27402235143535714,0.24326718545731033,0.2476920818420241,0.21281754831019964,0.26943253003548745,0.24844952198991707,0.2587452978398329,0.2220254696761319,0.3369599368133152,0.26206592520510347,0.29145989245330933,0.2164269001798655,0.29866239309590564,0.2952701810447361,0.2897352427470233,0.2969730305284064,0.24683477610396742,0.3045278548398157,0.23850121889441003,0.2572003440835937,0.2125391637268412,0.25735664874770653,0.24582369820270608,0.27693214778170033,0.2603158701413617,0.2636777852309631,0.27917820999671117,0.20860056437714788,0.2803081625477988,0.24260760183142843,0.24413467802872024,0.22736101463676794,0.2566167155307629,0.22930123552407616,0.3395259443004776
0.2913596594470208,0.3856620390815745,0.3171097615095349,0.28983821957689637,0.2291806968154634,0.0,0.23306834824450273,0.3423405183202451,0.2692582657675949,0.3113821685801084,0.29659510669437844,0.3133900452505863,0.3220610817731482,0.23628768664148347,0.272957579448301,0.2976572119436808,0.2979650336262893,0.23707441114196515,0.28901064433002444,0.27882354070676935,0.33126733452126456,0.30796263822192244,0.2032619336661949,0.2502768879405618,0.320399619573293,0.22451384310245523,0.20204263924297997,0.25859143742883633,0.28187304841081223,0.23155056064793547,0.2845868285321212,0.3183513490363805,0.3030447732147966,0.23097883597389027,0.25815085972612345,0.2589623007815152,0.28426411664361684,0.2536103591732847,0.2482908133098778,0.24743058803640638,0.27452399500804214,0.33463129764829214,0.24350035137359163,0.3022084580444753,0.25571067912345385,0.24765415814172226,0.22824034428171952,0.27030159529004766,0.22418100013560807,0.262018706028093,0.29199384247964283,0.3314347055315079,0.26061094831932174,0.3182010980789638,0.2579886613092283,0.3417950834320384,0.2904381671959574,0.3487666525834057,0.23463607139925435,0.258849059971236,0.37866475801313354,0.255754252917975,0.3332139975009297,0.19532804296422257,0.2517467115972915,0.27087246331276116,0.2671402534142785,0.2773292228187816,0.20640278214433858,0.3105969740150424,0.2982993587580117,0.222823476667057,0.2730543548618417,0.3067085858082267,0.35203285205282825,0.23936459178249256,0.25939975512182717,0.260932381861165,0.2319464900251533,0.2858893170468331,0.3646234219591327,0.2909873352711072,0.30667101458436297,0.29262584963264515,0.2881821262675446,0.2917567261828386,0.33155499307136865,0.22468111061759946,0.27629621112371394,0.2711803451939922,0.2646311424110224,0.287922341653981,0.26987674225912694,0.26509727464103233,0.27351593108064287,0.31564281619943946,0.25998183501198036,0.2956937786455555,0.2225278556088067,0.27798266210599404,0.23909352708858445,0.2560917519628078,0.22337146796734428,0.24531431130369996,0.28377069403431476,0.282401958261954,0.2937297448822833,0.3042570745565835,0.24332200635878048,0.3175707564891775,0.28669613624108975,0.23642223298975878,0.3527062765409276,0.2682514312391167,0.2632777017243856,0.3234885438580906,0.30905566675500035,0.21410172854949105,0.33925724314663014,0.2693457848755128,0.2441264554678753,0.2811196469456704,0.28625720438882596,0.32354021781619374,0.27070164469718727,0.30165211403097625,0.2806299530204377,0.2585594441822355,0.3019861766959241,0.22272310977379978,0.29339931478977205,0.3898064685710344,0.2548099855496911,0.29509594412399803,0.2815700106283523,0.24310467657465462,0.24000755388095976,0.22164727153841524,0.22411941465709365,0.24945972069948033,0.2705748242848012,0.30268303326925927,0.2901268370314789,0.2664288218313225,0.282267392137313,0.21864182212803535,0.3099452277090293,0.2877594624676272,0.2953575162043036,0.23193320337117715,0.27447263959475665,0.28131490506554946,0.2216743446633285,0.22973088359008262,0.33403952600681003,0.3024524794694474,0.2702595811451861,0.3708198822450726,0.2425217591231843,0.26819597736494083,0.25703854262076087,0.30988979470558575,0.2446669533474866,0.2916167968180928
0.2674040219488732,0.2815276007516915,0.23341858429408577,0.3028486380191845,0.28715010677569275,0.23306834824450273,0.0,0.2361417460956769,0.2327227332062195,0.2745572548095098,0.27566464226160176,0.2991354928901619,0.26867593126310435,0.286213902995771,0.340095021750525,0.23861129960750233,0.23576737918386068,0.27650251007125914,0.2483309940176486,0.21528433695845353,0.2549362316796455,0.27615343997216385,0.3239315349535573,0.27738661519631697,0.2813917254229074,0.27545689900303527,0.24864145656927017,0.2214224118658965,0.27906995900984866,0.23722399988473464,0.2892652518625612,0.28426412949991037,0.3148720801297792,0.27411541299106074,0.26609024817020227,0.2868359063730279,0.3098005927902043,0.2377724074328455,0.2721829463952923,0.31361438294385646,0.286358520932285,0.2561975884195804,0.27636981431211505,0.3050038924567913,0.29343998838493623,0.26826730121792997,0.2729718217113097,0.2685912687464805,0.3854087510788499,0.2500657528830639,0.3414281424153565,0.24148101287299684,0.23151951411774993,0.3141214185327666,0.3740215391212043,0.25621674715521986,0.25026962117920204,0.25587072821604145,0.30783999859993155,0.274485288992769,0.22709934709664845,0.2453755772138141,0.22699717049175183,0.24739047428656002,0.24458761126778777,0.21759402966034486,0.3065498719637068,0.29997660185409003,0.23304203851922786,0.24663838046450295,0.292143169799367,0.25793859903766747,0.22762118805957987,0.30248975232224634,0.2018141528451226,0.25612123508673695,0.34438684507910566,0.3423948533849739,0.2227558254005847,0.20951508711399058,0.2287080479493407,0.2830254587182328,0.280005625104316,0.1997067733251397,0.2435061902313953,0.24187531670688203,0.2402563554033604,0.29841105230605214,0.2598093883226959,0.25058945781722114,0.31290467802238153,0.3735245148606098,0.3154437923719796,0.24306790119436372,0.28130280270912955,0.3037614783820632,0.19928893887263555,0.2642890055522633,0.2593430926593013,0.2977187603958873,0.27823936029089297,0.274584332483949,0.29137737829911264,0.24566144878748133,0.2493510343484952,0.2518376655632097,0.22605268725893718,0.23135075904217386,0.3185168167815018,0.2646677516807074,0.34693078385495735,0.26786761536812403,0.25546579161584904,0.2228071313744762,0.25482927697967017,0.24418848118653663,0.24027728308105312,0.2798275099230968,0.2426089735726362,0.23963165862157687,0.26246870917116305,0.24216358559447454,0.21718776162112072,0.3344257558263574,0.22367430451086087,0.30683388810987666,0.23571258594122055,0.3300926408404209,0.24720638737344547,0.27825600627409575,0.20696998409025025,0.20622464927440667,0.22094927259678704,0.23823817824411472,0.22130207258407414,0.23378633292686962,0.22650863761037468,0.3085057911300844,0.25805418162387544,0.2875357991897608,0.26899505622752495,0.2615489937470111,0.3099587310493963,0.2529910529017254,0.2840982461514813,0.29029577039274496,0.265270037379388,0.26359743088360826,0.23849150449110146,0.17812245341164074,0.2649736068083657,0.2714534253731974,0.23874684668369792,0.30356551740364535,0.28935937393506395,0.2881193717120528,0.24794760579074554,0.29531106456862344,0.30639523855026574,0.299353086147535,0.24174861983996687,0.2481045136710263,0.23150068671817173,0.2676027988913275
0.31580782528993084,0.39909564969517514,0.3504936925374732,0.3080175239471326,0.25198534071066453,0.3423405183202451,0.2361417460956769,0.0,0.3191739546252006,0.36517048845578637,0.30039027536445395,0.32521314407229635,0.3433704467660047,0.2750601914458916,0.2905219710919866,0.35077490676163964,0.34911721536321527,0.31270686623538807,0.29839910240176243,0.30253829418992906,0.37638198514155985,0.29401885479325357,0.26095352208816763,0.26690553065464645,0.3545089763466131,0.2643269745851005,0.27731332741457293,0.3025289357347117,0.2715585114537206,0.2635657651855682,0.35550738988161745,0.3288040651716811,0.30413106232221077,0.2749762629921347,0.30547302943033894,0.3534696825001291,0.31445370044943266,0.3778451311643393,0.27942458065497194,0.32194428299146644,0.3157410579519611,0.33355073769068017,0.2862573137978253,0.279632451087623,0.3748635882315156,0.3253175918165925,0.2653099442078101,0.2726592414117306,0.29294567078639,0.30571841336252636,0.31730933690894036,0.30640717241572857,0.28644498355890863,0.2947628027058391,0.2977832382957801,0.33409571549084177,0.3322778392464245,0.3879892579182124,0.31107020332974444,0.3320793922983809,0.38032602173268937,0.2619213522666046,0.33567859328410227,0.255861820862842,0.262546292128821,0.29609285820395154,0.297712170295861,0.2700354553420057,0.27550605029756847,0.4601294662008123,0.3059119868695893,0.3011445860264423,0.2922384984913852,0.3772863729708531,0.4306226773592694,0.262915361530348,0.296228991873696,0.29314278648071984,0.33638213670239336,0.2363174814802176,0.31895325728832136,0.3124211268824778,0.35255720722519707,0.36911421122857196,0.3750550788044393,0.45391147537390786,0.3741709332492724,0.26781287670292325,0.3751116655292641,0.3235660009426531,0.29314404360040613,0.2902183014992099,0.3064381042354844,0.2790886536249696,0.34638439283683276,0.2943530983838067,0.2742727826536253,0.3303787808289906,0.24854421366234902,0.36272479293871335,0.2666670540991452,0.33539211162282473,0.25301510967616914,0.3038865003704341,0.3710470911468678,0.3549121190282125,0.3245597193860947,0.3769880560766378,0.30739452826129393,0.3166287477479778,0.2672471243824902,0.3050574351300974,0.32904062594417033,0.3294591266391279,0.3441043366830939,0.38533692306564893,0.3520867649670257,0.25200514239426536,0.2789310989675999,0.30926459413705926,0.29603880897385093,0.3579178969924271,0.29025445299100183,0.33989304751244326,0.26206777734280745,0.309873114709089,0.28152280736023344,0.3364680610415858,0.37199944269432733,0.28021734499263273,0.36875181544522795,0.34525712600163916,0.29992052839779004,0.29514377497267985,0.30588751476769,0.2377167244596193,0.2662816811295957,0.2818929725812236,0.30166517481767524,0.3264950612848105,0.26957463940258836,0.29895604729585046,0.34835313213320723,0.29671156769315843,0.33226476503436225,0.2566277898426524,0.34320354244039,0.3135956684323956,0.37642903896260244,0.2652955163055548,0.3310881319553206,0.31512434397114253,0.2742493021039358,0.27811667132580203,0.4136028772541699,0.35453606633327944,0.27836937653626004,0.38043917360566615,0.23509389432203442,0.2808635887520555,0.3003526091087146,0.3257166628606781,0.29387767043937196,0.3219770775799039
0.33337432196489697,0.3025251802198449,0.25949248622582244,0.23102547288389202,0.2766629988976444,0.2692582657675949,0.2327227332062195,0.3191739546252006,0.0,0.2556637676949107,0.26237335945136075,0.2563237976359988,0.25139595361171335,0.3147252508818009,0.2683220706971869,0.27327912279658356,0.2597193317979877,0.3194092026577305,0.24459572008659392,0.2963065824933627,0.2716910911458636,0.3530450116110775,0.2154513711840906,0.23223149724498174,0.2741320149879635,0.22081496353161925,0.24455863761379873,0.23296124045000632,0.24638695061571378,0.3032495021535343,0.35512187140699725,0.27141498986719,0.2556214192494482,0.20858557814113743,0.31136438244328923,0.27745842752746364,0.25706788990383167,0.3750878700647205,0.26752074697845946,0.24184585011816612,0.2512617165899716,0.3441238559057918,0.26606634581373045,0.26979542000632045,0.27114593773289514,0.2443465003815554,0.23630262025161428,0.24249332211406652,0.2540162102179193,0.28553190470907247,0.2586387561649783,0.24118418164091882,0.2884988656934529,0.24682763693672305,0.2543876798881836,0.3334816568915235,0.28961799764974044,0.3003664538848463,0.25982579925544347,0.2519246844655721,0.2502434996547901,0.27520790348490615,0.2684428393117089,0.26944630481759396,0.2931952774805945,0.2460127802066223,0.2663509640303174,0.2793264788298146,0.24820999588817294,0.34142451239378924,0.3411336796958904,0.2980267494281385,0.2910314358193062,0.2535975418003437,0.3220761645019299,0.25274323469000687,0.22342814662733992,0.23807447118431938,0.26793728571193376,0.23151107885315372,0.2766148111646696,0.3722256096293593,0.3469105147366297,0.2648393001872058,0.30605088369725,0.34553684838873533,0.2995268924963199,0.2822760089942287,0.26385161734363016,0.357823316581712,0.3039976763605318,0.3296046005694085,0.2864000930007072,0.2511322134928526,0.35783226270325086,0.29446583708395496,0.28974581316810183,0.26505271063388686,0.3388034477053627,0.24097093249429824,0.30077681936523665,0.24504204382594816,0.24024868433824506,0.24621986488917408,0.3473103889900323,0.2541048093291891,0.22185453505949984,0.27733517656389206,0.24254523193871003,0.23471444765148924,0.2193855965562905,0.32714235473751363,0.2707032894704904,0.3390567221234342,0.2700695147763132,0.28566896458905416,0.27515956566045213,0.25258570596258473,0.2028914378417641,0.31178904017415543,0.31240657901609037,0.283607028633769,0.26446532315128,0.29189774527700024,0.4025175669409237,0.2473745664136329,0.2633435102305803,0.26928150239066406,0.24214076273369453,0.27797815649121305,0.4085771881905384,0.30794828705463767,0.2699803887487198,0.38978406483799927,0.2688891158913942,0.2768214125915592,0.2568367598449775,0.258134843929166,0.26555690755503425,0.32527402714533843,0.25624449294164936,0.31607138816740277,0.31194335410278223,0.3400075059524463,0.2964259695550599,0.24625426443779205,0.3854588745686141,0.25423131401304844,0.29825775688908773,0.2527627452918915,0.32121558707748693,0.29224397639723343,0.26694972381277626,0.23630792891532776,0.28245447052223044,0.33809284199142237,0.23624044523617446,0.26852278727608503,0.26339678084832585,0.25138394948057374,0.22932223664983212,0.3449846908533538,0.30967766214395154,0.3439446978740371
0.3097665328989753,0.388550391665249,0.36328283546375295,0.30309018629262896,0.2724680893180838,0.3113821685801084,0.2745572548095098,0.36517048845578637,0.2556637676949107,0.0,0.2805009995592857,0.26612391752116427,0.35739652747298006,0.31200179308635456,0.28100173012499935,0.32715553956067955,0.32236693162003194,0.3429007926676958,0.24464181879545907,0.2564770597408033,0.2923368102652814,0.2858043728950455,0.3071115630310208,0.2444299174577289,0.3924935929572501,0.27211876894356984,0.2799897773413741,0.28356787677402795,0.3646789138163123,0.243972391910518,0.3195215136028272,0.3411219841373215,0.25769079811778867,0.262936398554811,0.3039072033246867,0.30037419506542967,0.3505984910674038,0.2922631933479727,0.23069299382515682,0.31562829536788173,0.24624960681525615,0.3248041575326345,0.2786949414420876,0.26804933585670265,0.3306473952740513,0.2966500430364209,0.2674966160258391,0.283072779158669,0.33718653298531814,0.2542145107769056,0.3088234728928012,0.26792001487829514,0.25141209118288055,0.3055398025013654,0.3455952037734543,0.3429504978091975,0.2718579465080181,0.28068945889940594,0.319558998145416,0.3059565748852331,0.3311634555447017,0.2593334275914247,0.2678512633030812,0.24075542030479447,0.24533246950184404,0.2641865447040775,0.29264255888791474,0.29551249995858303,0.2762353511763735,0.3792779973972729,0.2854860821534632,0.32445242672946073,0.251978699543837,0.3572299048746782,0.3015910171545356,0.28426863142852316,0.28804142110395964,0.3654050438870956,0.2495676164967429,0.2561298628157448,0.29588111254608285,0.27486741641486484,0.3470404357879611,0.31218231731160023,0.29851411030209163,0.31689384186838854,0.3136456195731001,0.29189814693869315,0.36754466118191953,0.26518593556106007,0.29025886944164664,0.2807405047942371,0.318922186644298,0.24132480367080172,0.3160878367253229,0.3098412606612752,0.21075755971357021,0.2986264800741521,0.2619733004254671,0.358060197652144,0.28373635732791525,0.2970582979633496,0.2456217593362793,0.289145798718653,0.2940468351915297,0.3043998590459114,0.28865229294234795,0.3635104548726626,0.3094691144708048,0.3015006757593247,0.26120619436612147,0.2694390144496259,0.32006034676617384,0.30813324599273945,0.30001527183570736,0.3320884929946632,0.31672473369072923,0.29570111910363867,0.2828104249607857,0.32468282825281986,0.2613935623817135,0.29158609486557324,0.2536302488889562,0.3380134788927171,0.24182940458789437,0.3507407269809121,0.26943065326266685,0.3112968952453893,0.35458787287098564,0.2992431845496161,0.3334509264869164,0.2806081026906537,0.2834395294379768,0.24336956805804144,0.24051547086887268,0.2274114407268601,0.25310760793204795,0.3019125615912877,0.29483583572132366,0.28289148285892607,0.26948156662194445,0.33391277578004613,0.3350513125317198,0.25949428591847357,0.30815631013984573,0.2599994363162391,0.2505844815468676,0.3348747091924211,0.39411258209302336,0.22959476994877534,0.2579565985042436,0.31561808291222315,0.23391137149014354,0.2870985838345984,0.30608180136428703,0.3118817669718378,0.24307097173628006,0.3814291556109884,0.26682286772215424,0.3370452844466346,0.36892817013775064,0.32243957328739725,0.2664538146545974,0.2709991743726272
0.3533585829853117,0.3395609931640997,0.3168280608539412,0.2868423644531916,0.29840108992902875,0.29659510669437844,0.27566464226160176,0.30039027536445395,0.26237335945136075,0.2805009995592857,0.0,0.3396244882042236,0.34089492344335104,0.27597152166488387,0.28430328625284357,0.36312354393526064,0.3416747083544247,0.32986525795623967,0.2828649700523432,0.2967690230845335,0.32498551681412235,0.35574607557273774,0.27732807067679344,0.32442436131098434,0.34215779406293,0.2755694995859279,0.2862833647750235,0.3171991071094945,0.3306658919621323,0.27706207776050124,0.2826087997080223,0.30718507924588057,0.2720646385853742,0.2572662921346375,0.3133579439780457,0.3192644156191868,0.36294560004818816,0.3131484664033723,0.29982517247420204,0.31348780299529605,0.28002991463329,0.31952630100762464,0.26803312961682785,0.3276064116473722,0.299811839998191,0.27339131973518993,0.21713815690472368,0.36052908419378116,0.32556583426531,0.26651757031810935,0.32676121268579655,0.26717991284045123,0.2487809583111831,0.32958061908894615,0.37347674616578075,0.252027220471919,0.3305011907060217,0.3627759901393461,0.2868324364090745,0.311225346710561,0.31483687418293976,0.2073366810365607,0.3035457433151541,0.24122651168188164,0.22316692154215623,0.24860158400472532,0.29324022740106026,0.2610567995886119,0.2589327696608239,0.33574805893506054,0.28933987438423714,0.25995318423419866,0.2884395169624046,0.33389107400386303,0.31781393500424054,0.263428562386903,0.3109846792917167,0.3119883416136973,0.2410599650945383,0.23201109415604196,0.2619640548575395,0.2584240761943364,0.288201320645972,0.2798100324282079,0.2761733449899453,0.3005356133054979,0.3121991519123517,0.24276969420182024,0.2676251666508073,0.2701550866547261,0.35608140396780147,0.24009084989071128,0.36233740040696466,0.2986861696718125,0.28404592386710037,0.28359688582237436,0.21586121236053768,0.23689821076301731,0.22719937050668496,0.2735945327773866,0.2940345444842387,0.28146144184581007,0.22440641486679735,0.23082668281666657,0.2942791681266572,0.25207892695071166,0.24473282568248883,0.29912230350932734,0.2722300956760116,0.3460869900004512,0.34395215686709324,0.2757283616638331,0.27827051256817037,0.2712402174405453,0.30220436105078,0.3294219888350483,0.2795592016636022,0.28146592624192257,0.2739459477376227,0.26643318539270366,0.30809383304023663,0.2323687622318037,0.2757535543107397,0.35336107643469383,0.2473187316033205,0.33592469198571645,0.21138530850084886,0.3241998465930655,0.2985918230562636,0.2512781581144348,0.24653824834526683,0.28557017408007246,0.2878610709538975,0.2897887176540797,0.3180420609714301,0.23799227333462888,0.2609213313953128,0.27230211707867263,0.2879552623542332,0.2843111246360432,0.26014266210813447,0.29809009873021697,0.2729964909374285,0.2707897940393348,0.36255407011246404,0.22511371254279305,0.27292662456500527,0.24551863428968723,0.28514840503969785,0.235565024796465,0.3516357216131516,0.2625671444331882,0.3493777107920952,0.23872601065407054,0.2878702331780073,0.3272249492434995,0.3145103916452538,0.31244656462973963,0.2793594137869162,0.2674422432195858,0.23657540121531517,0.3070386720126218,0.21115333208949108,0.43463495586020773
0.28421486628440196,0.33690321217377844,0.2712514204184196,0.2946397932212661,0.24589780715574824,0.3133900452505863,0.2991354928901619,0.32521314407229635,0.2563237976359988,0.26612391752116427,0.3396244882042236,0.0,0.24832170845173104,0.20357832117128702,0.28322142753016316,0.29006901406749525,0.2866969351052182,0.25581851351673757,0.3914421528805669,0.27175891696877374,0.36515990356738315,0.2726462219060637,0.2647542801429449,0.3097443432893988,0.3602593542654116,0.2435113665951904,0.23816309245584075,0.24832700030507035,0.2781690332811094,0.282612309303498,0.3221556056479326,0.28372019928311243,0.29322487242253664,0.28995051527561505,0.2605633530035206,0.29939154499461906,0.29774872090300636,0.2872877411223588,0.34621789793463426,0.28634716094797896,0.32871304220054365,0.27900375775882075,0.28381748578263843,0.3074311404171299,0.2899840406559489,0.2817862941153444,0.2574531161737791,0.2894421959609363,0.29244546146193723,0.2704850242067472,0.3436303742202132,0.3099995185410365,0.24395527684216833,0.3331285238765255,0.34913775627025595,0.25348567632009034,0.35083018986115105,0.3833061334046136,0.24319746235919593,0.29787229641412194,0.2565200906359117,0.21305423386099606,0.3033808605889732,0.22394491124482085,0.23865432728132047,0.2606773393926871,0.2331796077444032,0.22998483639227965,0.21096386972567485,0.2833317175953693,0.2621496353757553,0.23187771650918507,0.2297688168445875,0.2941300597029897,0.28545270604128287,0.24617326087172678,0.26957359041737117,0.2956991405534215,0.26265579879874335,0.22018254933171313,0.2545113491344863,0.29002487470114574,0.2990278801571439,0.23482369302712724,0.2935823610286986,0.31498846558945043,0.2632911044629121,0.23806814173979504,0.29319061338972013,0.2726804921784142,0.2908090248522502,0.29038349134617836,0.30383225243478984,0.2975237250533684,0.2535358123205998,0.31376713791433475,0.22973644551913605,0.2947131482860892,0.21849766145728017,0.26377262868192514,0.23959348349339626,0.2864298065768769,0.26622646989205884,0.3193905234252594,0.274520214105845,0.26775130511674905,0.28154547044434725,0.2716195820117436,0.2667139431842409,0.34204339548830187,0.42011980968228047,0.28879025943621794,0.2392621508867343,0.2581017941432632,0.2796579411137583,0.30116898528022124,0.2927159548636462,0.28449976571027646,0.27508966713073907,0.23221243508430697,0.25688248207181263,0.2596562688124715,0.25391048317178966,0.332959213413806,0.21469611181491635,0.3631637257934269,0.2192887694392018,0.3242118663073599,0.31150750256420634,0.22674672054244366,0.24410344862669825,0.26436407131225975,0.2335451549415818,0.28979829179874844,0.28458669166713935,0.21058424437755308,0.2787987410848402,0.2593874932700186,0.2528199659792937,0.3247816447470907,0.23499389150192465,0.2526408415828398,0.2964378068947253,0.2623236070085337,0.30565487080397824,0.26820539658520187,0.3450490680029689,0.25435253769672256,0.3093012951917291,0.23175172759275203,0.3410886245935986,0.2932240362555928,0.2886821673690775,0.2424827150873776,0.4159254541053544,0.2758774558083265,0.2653428638144038,0.3248538809728531,0.23194842825842252,0.24639539158346138,0.2091028053256224,0.27709187088200626,0.2324989927414963,0.32128786624900585
