0,1,2,3,4,5,6,7,8,9,10,11,12,13,14,15,16,17,18,19,20,21,22,23,24,25,26,27,28,29,30,31,32,33,34,35,36,37,38,39,40,41,42,43,44,45,46,47,48,49,50,51,52,53,54,55,56,57,58,59,60,61,62,63,64,65,66,67,68,69,70,71,72,73,74,75,76,77,78,79,80,81,82,83,84,85,86,87,88,89,90,91,92,93,94,95,96,97,98,99,100,101,102,103,104,105,106,107,108,109,110,111,112,113,114,115,116,117,118,119,120,121,122,123,124,125,126,127,128,129,130,131,132,133,134,135,136,137,138,139,140,141,142,143,144,145,146,147,148,149,150,151,152,153,154,155,156,157,158,159,160,161,162,163
0.0,0.8151263075072349,0.8641084790210876,0.8159195667708687,0.8111519391045754,0.8046456177348658,0.7857574666071913,0.8126700716019288,0.7574934829441063,0.8660281379020214,0.9255564842855727,0.9105263381381431,0.9217191710199312,0.7847598436889429,0.8043479651977898,0.924381721411378,0.9191491297237141,0.9584446343614004,0.8742714937105672,0.9299880322283719,0.9443745040030621,0.8023344825871224,0.8850664962779603,0.8777853670246297,0.9682283636876073,0.9104591919145492,0.8207128802639811,0.8883912445568612,0.7571909451439447,0.8243846242621256,0.874483806355796,0.9186441456947819,0.7438016327088834,0.8943209981116892,0.9533673708958518,0.9319154657546629,0.9385839972118024,0.9172977934837677,0.7673889215795928,0.8444051890360926,0.8160254455952727,0.8697254603247546,0.9459402007585852,0.9279924382350974,0.9323418321899812,0.930175083477745,0.8521162126784775,0.9431200587500215,0.945222699550747,0.9566352763550162,0.9109979625503261,0.9105516028648162,0.7674358260020049,0.8604022569761243,0.9074282606693861,0.8314169416794163,0.9669727210384944,0.8683691884785303,0.8446227641082019,0.9298948481332041,0.7827799295728066,0.7597551260399089,0.9132242899008239,0.8766685652797734,0.8919179888341221,0.9480738190291911,0.8158469061684898,0.7997012350551497,0.9247653531632033,0.8352226122658682,0.8652813509514162,0.9234902055628249,0.8904204278712823,0.9144904371233246,0.894586138390421,0.92787226377003,0.8278867824318806,0.8061176015199466,0.8467171700836812,0.6892530113640896,0.816286085358392,0.8262551666033197,0.7388824556252205,0.848402040876783,0.9373124239583059,0.8793684462898558,0.8120200620364649,0.8611147536459842,0.9229549454437596,0.762732964796839,0.9351663491869904,0.7956881402782071,0.9102184543781605,0.9500578676391658,0.8201833051369785,0.8120347304155507,0.7072545991942779,0.8575884422668014,0.7883839941957923,0.8967013365243376,0.8155049913705846,0.809304940681678,0.8983392494222564,0.8693783246887148,0.9409414525424472,0.9036485213236749,0.9122990275187168,0.844978896393495,0.875393371688001,0.9204825774450014,0.9500465387465055,0.9571023419372238,0.8560847074206026,0.8295748233798342,0.9255254149043025,0.8741374468644384,0.8618451559907413,0.9629738817349727,0.8972128880856335,0.8387291185165383,0.8909232331411214,0.7269941372083446,0.8683730744171062,0.8588214500637771,0.7550058845188216,0.8503114062946376,0.76967137434363,0.844109793821606,0.9007143524828265,0.8607976250095181,0.8755900530308299,0.8183607754498706,0.7849804565180828,0.7743013011509684,0.9338176107353958,0.7983885597984333,0.8600483385561181,0.8845131391022337,0.8788104058732416,0.8646642845303412,0.7544727534811315,0.8922415804506101,0.8254456369023458,0.7762774263146472,0.9584311816116823,0.910264197075034,0.780859186340762,0.6979360631248138,0.9155721544729924,0.7394189445350288,0.926945931690887,0.7477988364714863,0.9478974683957746,0.8041604266327284,0.8966694811522177,0.8620204514470707,0.8362691251109188,0.8572722968742107,0.7501369211499429,0.8676419200326455,0.7869823251715653,0.8950249498397242,0.9525000494378655,0.9253153991035644
0.8151263075072349,0.0,0.8328000682880363,0.9037058341980164,0.8132412129328949,0.7216124392618731,0.8776108238511484,0.708655961813166,0.6891668358191257,0.8991510424567812,0.8822695386621636,0.7728971970456975,0.8548364366789223,0.8761449490079463,0.9075891554100683,0.7756407628486943,0.7849421232976123,0.865619932830737,0.6912317915414933,0.7272666113698908,0.7769173899646762,0.8999891980528689,0.7997230445738504,0.8982572923038238,0.7748814520004945,0.8118099743466396,0.887782920044969,0.7649769930200132,0.9744219155245889,0.6986198523832837,0.7628997348844504,0.7317222367969127,0.9112867613543444,0.70547127738071,0.837233341897069,0.8261001837972841,0.8366352369781845,0.7930268049579302,0.7732670728035278,0.9269252506461915,0.8841591766555541,0.7436340227014342,0.7234499259854663,0.8474586355734729,0.7996679399076361,0.8059328206190125,0.7350746772001956,0.8209114681582672,0.8491788387373335,0.7854646895714673,0.814383178566825,0.7684762034331052,0.9010556510917337,0.9078075487448729,0.8663318841371398,0.7886203226387098,0.7835567559690603,0.7158789490944344,0.8068495544575939,0.8689542152128841,0.7604049856033387,0.6675590445361925,0.7257278784071033,0.737936567358119,0.7543283228933303,0.7342668167881361,0.847825710632041,0.7822118327169981,0.7734814571274891,0.7261803692250601,0.7889934651541747,0.8606970362649335,0.7149186749564365,0.8453554856422597,0.7638310722922471,0.7902978326039423,0.7847249682424454,0.8902902848553261,0.6962587824580613,0.6870373046908647,0.7437150375305618,0.7469303944470526,0.8495683493573272,0.7537022656847742,0.7024190274959696,0.7913122603596112,0.648930151605236,0.7330830074579658,0.7735966311157784,0.8632937276714409,0.8225064595730841,0.7375880974182225,0.8883572609575644,0.8102047506731513,0.8526602298757661,0.8660648461104857,0.6250286488987838,0.6769872412388456,0.6904725364562287,0.8317524826431268,0.9030592489177944,0.6623181915226171,0.702058896110657,0.7437754218059339,0.7355724821893992,0.7473190295995096,0.7260768365588833,0.7141609696956537,0.8980037881592041,0.850837079722005,0.8084887019840872,0.7457358241570254,0.7543801629529695,0.7412916159356941,0.8153922955743705,0.8627770286859262,0.6881770425198294,0.7845351319883688,0.7703646043782936,0.8271440660455154,0.8671165113465268,0.6650853969477228,0.6827220254800888,0.8872329541246553,0.7193943898551615,0.8913138105079459,0.6845293276502659,0.8183059953849988,0.7735037738680705,0.8989925926200049,0.7290428304315747,0.67816834309438,0.7586372109851475,0.7969017225263522,0.8002409360075634,0.8146371067065732,0.7313797029188648,0.9244196096084779,0.8184579382492504,0.7517801731893502,0.870871740497362,0.7654437342374343,0.8509457088016014,0.7023981078696521,0.8629634840936006,0.7075844089460201,0.7676326762506662,0.8495136825142493,0.7238462241403968,0.6115105075941084,0.740428474460703,0.8515841835139009,0.84432563869334,0.8592972836570594,0.7560784151440277,0.8045478151747681,0.9028327706992625,0.8424417810706158,0.9505175897405735,0.7763721881158802,0.8797981466825003,0.7575540653070926,0.8210362240436391,0.8802147691145253
0.8641084790210876,0.8328000682880363,0.0,0.8635427795549714,0.8657332037779236,0.8422310264547505,0.7922678221041128,0.8152733847636485,0.6941382825958354,0.8778642173986115,0.9146403962247284,0.8218047208928404,0.9416223875544406,0.8040541837012097,0.8305687515367016,0.9131186104164218,0.871546750386755,0.8855755193924053,0.7145093162507343,0.7719651875511696,0.9076343014387929,0.8927054930516078,0.7805772168510113,0.8590302758434837,0.827079325339405,0.9465639278993502,0.8275340950644882,0.7769822865564268,0.7962814971506654,0.7580421921777404,0.7652183910210067,0.8405206397616657,0.8249149317306533,0.7566250343511791,0.7974093475350814,0.8921932552268884,0.9186453387748762,0.8612025797122835,0.7562585855341915,0.8739700901424639,0.8390611407530872,0.8394825205642357,0.864467097878844,0.8798650611296377,0.8778757783183175,0.8848443512185926,0.85010945113912,0.9188453878693221,0.8322954746327553,0.8875091588597431,0.9045735305147145,0.8862116030085082,0.7546869818966061,0.9083512010520689,0.882156486025817,0.8340972531741502,0.8431984435178256,0.8590802492224174,0.7924238227672722,0.879637045815302,0.8187590454844534,0.8012875699644991,0.9037241553733061,0.7761331980743247,0.7892811270804234,0.8610156475127122,0.853369106831382,0.8927684972930771,0.8945914965510914,0.8240890661592936,0.9075342940001069,0.8089862667986208,0.8098651243591829,0.9445968516464706,0.866705806871613,0.7522147761656005,0.8775146485570119,0.9013561838825612,0.7774104343369145,0.6916509030323311,0.8717164044538512,0.8065710407928784,0.8281402927852742,0.8337623893820718,0.8116648389349778,0.8432023473105297,0.7677114257634994,0.7947328651600434,0.824188471016087,0.817419150272145,0.9376826913800613,0.7230686233673236,0.8747547533305208,0.7932406121449282,0.8350563360840006,0.8514501281392681,0.7069336956053548,0.748618751304919,0.697204879677813,0.8698138200189319,0.7633388288592912,0.8020927521295109,0.8030584760649165,0.7741836714932128,0.8394407247885236,0.8883119151831472,0.8826121130842272,0.7586412639586697,0.8999739580162839,0.8737566132971232,0.8571878634754504,0.8429050481405275,0.8496407142496996,0.7906514929754648,0.8674686916677864,0.8882987397334459,0.705730862981411,0.8222683506080829,0.876378479799639,0.8438843923858024,0.8795146719004228,0.7722285416763628,0.7401829794968268,0.8800707724159876,0.6268050540960939,0.8706472297439353,0.7907361139321554,0.9109317969525697,0.8331058802609594,0.8972250301584109,0.795237029466784,0.8898454543117111,0.7595617406617424,0.7286472607698012,0.8429096135706613,0.7613546893682486,0.7592870367774107,0.8648612846035787,0.8279324365714433,0.7833624041200297,0.7771733268600435,0.8519808929482588,0.8011633031090241,0.7723060689873643,0.913764054219122,0.8089355289891195,0.8331964449048512,0.82102794851105,0.7925749790262556,0.6718768375750184,0.7799501935994342,0.6640551822534718,0.8564900151156386,0.9005258708972943,0.8318616375606933,0.8498838305311253,0.8181695018546822,0.9324196318814045,0.7451592835272913,0.8237904036495176,0.8553040859830018,0.6981267460071147,0.8936792368194348,0.8670596145368777
0.8159195667708687,0.9037058341980164,0.8635427795549714,0.0,0.7562592246652707,0.7828538104967188,0.8518780690619626,0.8247940877477669,0.7203889887808664,0.9116267983999469,0.8934874911206714,0.7937483062130103,0.8997423734469233,0.8505953637734158,0.9087590702538207,0.7971428804531895,0.7730865224379216,0.8620598695186112,0.7059253608292463,0.7109353093366322,0.7828849493417758,0.8851361094670084,0.7767970059944764,0.8245025599630639,0.7964330151560506,0.8464674389576905,0.9134820899379207,0.772880818835715,0.8534445334320732,0.6949430842487639,0.8139113581603356,0.781853580275356,0.955803982669006,0.7199822564909227,0.7983265508855701,0.8648604637213566,0.8864510174983776,0.8055857631605551,0.793434927044728,0.8800723829364437,0.8394455110145971,0.730145687674635,0.7707257283079205,0.8292593991643038,0.8542628439657771,0.83345273596266,0.7070783205276971,0.8271463580757912,0.8260252134651036,0.8018952556293671,0.8739136590939974,0.7705349808071422,0.8168824600702261,0.9572204504347762,0.9246299468332578,0.7575027018538115,0.7815666916566082,0.7814842129346996,0.7986530495364115,0.8777683948427691,0.8763480495495245,0.7366643136725844,0.7938436819229773,0.7090360764105763,0.750576079611545,0.7870858916477873,0.9080222326757975,0.8257027920733921,0.822314858644527,0.8377477623349654,0.8352886153914696,0.811121404150569,0.7552901177265653,0.9069066267629272,0.8202895948366389,0.7749004983532676,0.8695241017965899,0.8457472872819927,0.72627601729389,0.6247090171285297,0.727474415682388,0.8191082505218756,0.811738001216595,0.7932317784568905,0.72740736353293,0.7920595443060913,0.753419807123234,0.8013980476286257,0.8377624717580384,0.8721586255003302,0.8562705719772434,0.7730571284509612,0.868359136724176,0.7849033328837126,0.8527373537726779,0.9010387471304181,0.7102508206600321,0.6881068428035372,0.6593499429402627,0.8859048408398817,0.8639034438700046,0.7818207880196438,0.7777800189721673,0.7692891415539308,0.8031159508726243,0.7686569621801214,0.7940313281772658,0.6980194241494722,0.8710526211902802,0.7896845560619796,0.8280643638772166,0.7599729090361504,0.8252561484495498,0.8241989201080544,0.8314819941931705,0.8330158205474293,0.670855851488116,0.7832290357139315,0.7813424446251235,0.874882593193307,0.7820423921749302,0.8073929055076051,0.6530235977010878,0.8771814819174139,0.6329054688217298,0.914772700580472,0.7359907183356617,0.8828151265659708,0.7728567149298482,0.8915418727838056,0.7255087468197832,0.7284427101913242,0.8192633236393599,0.7775134815535258,0.8104400591199762,0.7131721104880311,0.686941336993362,0.8725842151486978,0.8095840791672922,0.791433540795581,0.9403377801163435,0.7596035699219249,0.859483671869663,0.7636772164435005,0.844615234420731,0.7361051577245673,0.7705982865207208,0.8524552439424898,0.7166009193850476,0.5790606755016942,0.7934202675708885,0.7739846683081301,0.8285441528090687,0.8380992086968096,0.7849276243190176,0.8728382872995912,0.8679721991184476,0.8691557576076456,0.9021043860070814,0.8202871365095258,0.8475081823116548,0.698269237468112,0.859224370763112,0.8248488363997319
0.8111519391045754,0.8132412129328949,0.8657332037779236,0.7562592246652707,0.0,0.7698104945445893,0.8379900664877029,0.658570744852771,0.6905994296022241,0.7829098170162164,0.8409310236239037,0.7914886234269114,0.7887076501101425,0.744786431316887,0.8287352477040634,0.8067584836300346,0.7862317225488468,0.8025925784389376,0.6956270656166414,0.7047098311708759,0.847071068762201,0.8680868104213251,0.7347324215718599,0.8320763730633627,0.7482743044925786,0.8090472127468621,0.7145958374324174,0.6811039845105993,0.8096847508938247,0.7988089928133176,0.7381778919767201,0.7780067754323297,0.7615865363476974,0.6816698548579111,0.7741598480212295,0.8087662903079199,0.8147869597533185,0.7566224093799377,0.7655640474542457,0.8017633772023152,0.7973431346912669,0.8420559370147761,0.7873115318757166,0.9033124737123215,0.7332934007516777,0.7700649368601306,0.8580722938242092,0.8665465003248333,0.8072587373413926,0.8354474338947832,0.8632647579896973,0.8093680683359741,0.823151756680468,0.8455650450353004,0.8254455043296114,0.8084886459826832,0.7933641617715663,0.7827146819477796,0.7528784417125133,0.7979352767492205,0.671606389829124,0.746620612424025,0.7885116740060486,0.729090177106884,0.8227031305787869,0.7391552064498915,0.7328250866937568,0.8441945746080474,0.7613096659613346,0.6868355710834683,0.8478745961822401,0.7743780226641761,0.715260428558117,0.8216360942920303,0.7223767059394764,0.7370219034376077,0.7863123498274642,0.9325981212327358,0.668497499438698,0.7506251288096554,0.8227773660145912,0.7822814346963427,0.8704615198347505,0.6748178236592718,0.7349878748965669,0.7257151639987892,0.6485910502672467,0.7455224766418022,0.701721713133852,0.7305843214589622,0.8997905144526572,0.74805968037733,0.908907930473122,0.7687194263324568,0.8114952582134698,0.8202003418445065,0.6289555564233834,0.6724288467853248,0.7415920966091512,0.7399592470352635,0.7476323357348763,0.6829274948976578,0.7231466858274334,0.7072860699836885,0.7404856310232408,0.7641661756204791,0.7447811372558651,0.6733887201329339,0.8308568218560521,0.8364080194520805,0.8392561333127126,0.786346377897876,0.7358745114314074,0.6666147521494308,0.7539783598862538,0.7893764706027937,0.6693856658862734,0.8215803706128028,0.782119308901368,0.7291093996658551,0.93183105228144,0.6457819468845379,0.6882335243566331,0.8857936060423054,0.7037763435181836,0.8025249319288807,0.7255249051465446,0.8086766519490302,0.7292502997119354,0.80933767795819,0.7088648821870679,0.7884173549523709,0.6481738516449784,0.7441094637050553,0.7620605470486315,0.8710982012970443,0.7296371688443135,0.8244628702739519,0.7153978423943224,0.7552550063720416,0.7001379075188562,0.8381237585478566,0.7997407921572259,0.7417456843934714,0.8563301793147119,0.7426657776192397,0.8612708511836928,0.7810877054827279,0.7162791452254125,0.6238607677451703,0.7110240433028157,0.7441735501695598,0.8141226396157234,0.8368298865481416,0.7449749883849567,0.7399286116250471,0.7555772723555959,0.838622421366888,0.7283156532652152,0.7922085653846014,0.752863439911098,0.7213401489731928,0.8229979273156591,0.8775420543127924
0.8046456177348658,0.7216124392618731,0.8422310264547505,0.7828538104967188,0.7698104945445893,0.0,0.7058713530287367,0.80696967645815,0.7606715498763775,0.7526598839284454,0.8571320133547375,0.8271127790853536,0.8302576600831767,0.6707514739694141,0.7356235731863807,0.8380451423561133,0.7527565037085691,0.734724344565935,0.7446369794221253,0.6936989451142552,0.8195983075879408,0.7850575974001258,0.660470945528105,0.7136898806300349,0.7822974670430414,0.7890167596099341,0.6833951796845028,0.7006636799963197,0.687279752584696,0.8087454075995212,0.7987674878670418,0.841816918207476,0.7391863311413952,0.6951961270395305,0.7063949556064606,0.7693012754018086,0.8752289056743576,0.7631994942946547,0.7786281803532488,0.686307798346064,0.6919493559739576,0.810085501271432,0.800062072486943,0.8421781696157492,0.7566171053362614,0.749501840241836,0.7176490699068971,0.8746177680667484,0.7237251697466702,0.7667753515783766,0.8518935445890419,0.7852762916234702,0.6742768203663906,0.8373097465421235,0.8364807056078575,0.8171709474821993,0.7755432732960511,0.8951899293169531,0.658301831384887,0.7456832417349251,0.8363225000323151,0.7992257128919212,0.8764673698987528,0.6358679107354469,0.7282763115777945,0.7936609752097277,0.7509575736231444,0.835293896719691,0.7415227062691284,0.8399591952151219,0.8562779972620498,0.672553233723705,0.7509558004894655,0.8245600098237733,0.8364731442237054,0.7396680418327298,0.8420233216966364,0.7870540199909504,0.6995121050074029,0.7717255781033455,0.886016186045302,0.8097133383702101,0.8164907523502827,0.7599739108991971,0.7524701167942137,0.7277540314991102,0.8595668054201442,0.7435749330470909,0.7711810382856619,0.781224062865857,0.8384493933004156,0.7240868445818455,0.795472385432039,0.7660848681287123,0.7311167874133873,0.8573366452340009,0.7696817745542126,0.6817981256901314,0.6484409882791912,0.7459816758294667,0.7177633082693124,0.8324824543620756,0.7441190518470151,0.7023331058867262,0.7944871227338066,0.7570191312922382,0.8012868584531302,0.6631577116245366,0.708171485568099,0.7719263297797734,0.8312240570409374,0.7407962578099655,0.8451646365051555,0.7983650447373067,0.7474190685423806,0.7475155460531786,0.6704816682593437,0.7642486614421123,0.7697425589527073,0.774504243651614,0.7384321222449304,0.8131250184418393,0.672213503301556,0.8505295569868094,0.6412311905337031,0.8246290361937546,0.7258137583998345,0.8425465655877881,0.7163216708059891,0.7096403083550274,0.7848436667628634,0.9150441910807867,0.7842334143554557,0.7813943972229908,0.7813051917221253,0.6862273896634422,0.6923774498483467,0.6905336413152521,0.6624103260792551,0.7805168685757952,0.7397484131117946,0.828926107944554,0.7317984823384737,0.7513333324368818,0.8208499009292481,0.7145879144820888,0.8276748870746442,0.7565888435253161,0.7016718984789838,0.6226252929022337,0.7948128317774561,0.6900599310200736,0.7471842925683254,0.6886712852191217,0.7788375162977792,0.8225187082776174,0.7528610875282985,0.8756035499797605,0.6608224618267184,0.8322003759550765,0.6654877778385853,0.7138496506217336,0.8389947178383875,0.80948932760859
0.7857574666071913,0.8776108238511484,0.7922678221041128,0.8518780690619626,0.8379900664877029,0.7058713530287367,0.0,0.635223218772878,0.6546069947693149,0.9071003685897783,0.7983144624298206,0.7129795621603368,0.8103975777490391,0.8895736718679607,0.85389935408391,0.7218438564223567,0.7365473075234383,0.8141318191888426,0.6445407437289118,0.6598319957814466,0.7471267889579881,0.8520587785657098,0.7664928842762639,0.7966750984335995,0.7397753552481334,0.7640399625390811,0.7956605911884147,0.6934162228657463,0.8592318131487863,0.673798625287656,0.7197011562080996,0.7982819582206866,0.817355697232946,0.6802931716460973,0.785639413971107,0.8069432474387414,0.806951271408002,0.6791014718511221,0.7073134971118581,0.8676528086293017,0.7376544776507712,0.8032304583866963,0.7106297743455791,0.8240585048043919,0.7418060081492437,0.7564131610820704,0.7807902582551397,0.7781840018218728,0.8617501786525401,0.7906832465956987,0.8775268683778336,0.719829384378225,0.923388707272598,0.8826628987761349,0.8694997327874886,0.8245803771847585,0.7356660275352692,0.6687525024389828,0.8945620153346336,0.8349862622294865,0.7071947238851526,0.7509685848902846,0.6899268872705986,0.7336832518780559,0.8273698058043172,0.7271346566405029,0.86405448653221,0.8438722232067539,0.7647976029810073,0.6593086456795055,0.799314919918099,0.8195847361606633,0.7639282983395176,0.8589416041870879,0.6701403984676505,0.8105743473640649,0.838929701461501,0.9015325869148562,0.6065479374563026,0.6631033497621225,0.6904811452173916,0.7884501963060244,0.7894367470098993,0.6270155260268913,0.6977308854132462,0.6583254936020794,0.6256606847831667,0.8358703489996192,0.74006054184805,0.7393274257990349,0.8429358275248733,0.8541393076417114,0.8933599491480467,0.7764585234327527,0.9247382067454475,0.8088688573776968,0.6078910407947742,0.6493425262588658,0.7645928174037937,0.8429317409642316,0.8310906286005328,0.6752451433852875,0.7511097311352359,0.6708217753043739,0.724621064829545,0.6970065301361882,0.7197322333643237,0.6382766949633913,0.8625109503159933,0.805214260868337,0.8518247690509986,0.7371760917424232,0.8095492561220472,0.6706238933395067,0.7204396230500191,0.7460369955057505,0.6555675599141711,0.8121611081053666,0.7671239630153518,0.7881551536939985,0.8091624938870471,0.6273048815100485,0.6439699767127394,0.8610245081201464,0.7000268862888797,0.7849709805588909,0.7998355968312707,0.7757858566973624,0.7051873157964426,0.8316077982879975,0.6461071522521449,0.65508478592315,0.6638048395999468,0.6929223016519648,0.714813049981108,0.7945321404782015,0.6365174543838369,0.8408668389744368,0.715386570212092,0.6889175008556717,0.7767772109099251,0.8234772983116168,0.9547347144366427,0.7691672100980375,0.7946697371377676,0.7502644556236513,0.7104007490198946,0.7890422754984477,0.6683394206121951,0.5405370609121001,0.6859884269818457,0.7832247882838754,0.7769735177398858,0.8891444620138855,0.6773261113988459,0.7418933859948403,0.796348847300729,0.7794990545229589,0.8714248989132191,0.873404296374775,0.8313696636428868,0.702908975387143,0.7802593834266549,0.7819014344535967
0.8126700716019288,0.708655961813166,0.8152733847636485,0.8247940877477669,0.658570744852771,0.80696967645815,0.635223218772878,0.0,0.7756324550593962,0.7356859875094941,0.8634721608038015,0.8361494034411326,0.8653992438032426,0.67432465534207,0.7731250824671067,0.8544495133373725,0.7645565276455217,0.8048171812913034,0.7794864911572361,0.780482746995911,0.7968639333691648,0.755888495428444,0.7133125902406199,0.7373343625355919,0.8104342288496587,0.8374424137972172,0.8074373564130886,0.7848610452733453,0.6547949168164269,0.7473852361680678,0.8728528286457029,0.7808946346251807,0.7781419812249749,0.7536068998101083,0.7428424535750275,0.8256600954054176,0.8820321080321152,0.8920979706077676,0.8221261473619771,0.7193490127184783,0.7591484707696217,0.6605063755694028,0.8598870156975188,0.7636728768937161,0.8881590134665469,0.8451862652324095,0.6498786913851246,0.8338701312312339,0.733067566480105,0.8020681898525593,0.8042836963979539,0.7691308969819572,0.6308871041933167,0.8197337283616589,0.8475037848028237,0.6510811589989478,0.8213650619135778,0.8931105686499496,0.6590713908397218,0.8172985655128414,0.9287117286341428,0.7336944043366466,0.8981139725293488,0.6772688989287048,0.7026491111709845,0.857635604962073,0.782396365236465,0.7439479859220016,0.8184522695982659,0.9847995461475765,0.8204468055395175,0.7331358282625895,0.7287022380608118,0.8342966320985674,0.9311232023965114,0.7260318930039392,0.8207248262217591,0.6908821579208378,0.8528433831623761,0.594397334954745,0.721753047008725,0.7900381079582104,0.7160605159437222,0.9113633872841371,0.7747506436854235,0.8573717162422777,0.9327295466460145,0.7501909498747867,0.8703409272276641,0.8299367095579564,0.7956399403410246,0.6564101349273467,0.7652829489957423,0.7744863363285454,0.6840186886721671,0.8002463667679067,0.8451477674790318,0.7081698332156767,0.5940507185162993,0.7900333246025307,0.7561635772439408,0.9231357299282231,0.770632709569945,0.7775038876007924,0.871199247513724,0.8222102363769719,0.8666265946162408,0.7193707730152209,0.7428364331487886,0.72038829623292,0.7599721905486326,0.7834404829883,0.7674400550642726,0.9271534405032442,0.854995392227759,0.7833410499273795,0.6826680840866599,0.7700604318604836,0.7229129453748578,0.7746880189133446,0.7219277878476958,0.9427779878753715,0.6772394355936663,0.7751328301097982,0.5800993209379477,0.8576698439507215,0.6653307786621833,0.895889586102574,0.7688309377738859,0.7936085267654064,0.7827741671210292,0.8409679716971663,0.913648343136955,0.7587283517124817,0.8783907197158172,0.6360701437240717,0.742122377837064,0.7496607166663976,0.7948398338721449,0.8890552681023912,0.8019616573286079,0.7179495040222056,0.6829385397059524,0.7226614142842701,0.8259076672900824,0.7227205812477486,0.7814083045612001,0.729768983823984,0.7575813517844425,0.6497079676658213,0.8998101582320918,0.6358661813240387,0.8184551471251962,0.6849117480284834,0.8327258950648057,0.9193327482551821,0.7868695082094955,0.8201801472673198,0.6776632224570467,0.7389359806955069,0.6764125184254888,0.6757880432468689,0.8597457288472593,0.7840670418366465
0.7574934829441063,0.6891668358191257,0.6941382825958354,0.7203889887808664,0.6905994296022241,0.7606715498763775,0.6546069947693149,0.7756324550593962,0.0,0.648877495908174,0.7727682028079157,0.7108852247622299,0.7152358652066738,0.6867083377558997,0.7794522175692155,0.6863406741290861,0.620227901436553,0.7074753281318633,0.6785449803475176,0.6648940899277291,0.6735268233710775,0.7913206993199153,0.5918098164849362,0.6305451739262665,0.6832613526647747,0.6581383826560332,0.6748699079966948,0.6192612352984609,0.6315469857212899,0.7181233563693028,0.8830449777539222,0.721136126298385,0.72038523997959,0.5982174072992557,0.7250844870788145,0.7470099606041963,0.7796392451615728,0.7474584130358803,0.8334419484957278,0.6129207474778273,0.6421944457105745,0.6776029067341919,0.7273890122947405,0.7458877194359397,0.6979161239403374,0.6581891772699152,0.5937457131412452,0.758825703744706,0.6613789342586859,0.743707729832154,0.760193408709136,0.6310308842983654,0.7216066530971196,0.7735638798254104,0.7937950865798761,0.6601708896783204,0.706008000758371,0.7562184003599383,0.642282585180891,0.7022949167311006,0.8004477310742694,0.7492526886068847,0.7477011051300697,0.6297328514641626,0.7799663773806452,0.7055522878391985,0.7232244785647609,0.7559833253525301,0.7054581648775269,0.8268162608630379,0.820579416322906,0.6941435361616194,0.693060776355142,0.7148041778986909,0.7519793527758298,0.6824026009676373,0.7443057642178724,0.6470822202276857,0.6335640286107248,0.5709881977152762,0.6392693027758476,0.8858115843615827,0.7302530429228344,0.6802272848366674,0.6542256499297311,0.673768844424327,0.8307590757217428,0.7603018388452765,0.6846474140873565,0.78275050472741,0.7468393695984988,0.7447409402979306,0.7599615461938878,0.7011166960906956,0.7353053586328354,0.8124352400188268,0.8766668902639753,0.5835411954124644,0.686864314883886,0.6560382988073227,0.7915947789382723,0.789248280866235,0.6792076441752516,0.6382882389051082,0.7913878001913622,0.6275535555983948,0.6702277260805544,0.5657538384970557,0.6259555722177328,0.6308665299486861,0.6967906704826684,0.7007842002448413,0.7348116245988013,0.8043766986010809,0.6705133695251942,0.6240204677239682,0.5780566117135549,0.7356476871037975,0.6081772586396128,0.7391371196647801,0.7088043162853626,0.8068393360349196,0.578922047454694,0.7211108116389651,0.7713580356855679,0.7302351747781926,0.6552876954238058,0.7721256740846045,0.6061603150538746,0.7154119850134364,0.7095445871455792,0.7422206884897867,0.7974766764830616,0.9149562349606151,0.7959899456221726,0.7517683935314895,0.6140873747301158,0.6713582598898631,0.6263128819080951,0.7999846940943943,0.7715229880344485,0.751137807065177,0.727795968527209,0.8362852624743966,0.7373063235177241,0.6408714336457098,0.8424312534529033,0.6417409808788604,0.6238963526548058,0.5446053259805195,0.803711238289119,0.709376020558923,0.7436163389763913,0.6120568703376196,0.6497147344499464,0.8361808349426444,0.6960666690181221,0.6640286866303396,0.6874198924561359,0.7047763381021332,0.5692784010385379,0.6906792055160005,0.8036132385884575,0.7598483935332117
0.8660281379020214,0.8991510424567812,0.8778642173986115,0.9116267983999469,0.7829098170162164,0.7526598839284454,0.9071003685897783,0.7356859875094941,0.648877495908174,0.0,0.8736358278702597,0.7814104742955035,0.9293349393674105,0.9046585660623373,0.8198861687023613,0.8319189760530441,0.8618528493426642,0.9165859140312127,0.7148401092085047,0.7654682655793463,0.8312569500972663,0.8368034910631886,0.8701857816843733,0.8606344314198302,0.8543597826539278,0.8749282693358837,0.9029644626492269,0.8347459723362235,0.8652917924536644,0.7028219068991703,0.7377386958625699,0.8544368906409192,0.82671063074416,0.7950938733821575,0.8491321155655491,0.873408032215191,0.8785284410678278,0.7864020642579322,0.6900861629192253,0.944727396591269,0.801828108969279,0.8378811527766422,0.7873397532177518,0.8332918204565254,0.8672988552189694,0.8709687497171845,0.8150174858673003,0.8309294327136854,0.9243151969493648,0.8453356179587966,0.8865484159539871,0.8215427190431317,0.8345029608101394,0.8935912292426782,0.8931146526488111,0.8540098707063691,0.8213453247910526,0.7440443341544383,0.9157443285487429,0.9167939366569234,0.7790979732672242,0.7427727010583128,0.7792040267749201,0.810762055316258,0.7905328391955455,0.8295875342542708,0.9058497166213074,0.8212682220162142,0.8823365962367138,0.7488466971397885,0.8048508025069412,0.8777425421297107,0.8481546768488853,0.9396027576432449,0.7988921809059693,0.8577613786224129,0.8604135756574023,0.8790823290672076,0.7192941295329963,0.6623141974340807,0.7554019159336394,0.7619156628873123,0.7550744044308461,0.7642188934654173,0.8011023481972972,0.7795439477253608,0.6956460947445148,0.8408094486950934,0.8695423858196323,0.7694093519770028,0.8860842788507074,0.7911637286801065,0.8810045043966316,0.8390708503052733,0.8950848833773682,0.8061953005930607,0.6227640022111571,0.7608730350069453,0.7345726716666263,0.9551816057380524,0.8178155748767788,0.7307990555540151,0.823704289981098,0.7720292936477271,0.8072357365265528,0.8189170398841221,0.8320628189921644,0.7726170426339815,0.9330551497637263,0.8817146477833596,0.8900252744580084,0.8153512785657456,0.8690808294691292,0.7751543984904335,0.843657256186291,0.8721523471409119,0.7569249713004484,0.8471986227271334,0.8815225874557905,0.8836534869302789,0.8142981293066874,0.682388462258204,0.7470770005009448,0.8579950514894048,0.6567262107047278,0.8403240961861886,0.8138901051094833,0.8183906412525402,0.8396340030149181,0.8818401816593363,0.7707862892978649,0.7187759945273096,0.7390760967190512,0.6852705142021268,0.7843262572107405,0.7242778156379152,0.7223728356594885,0.8927003523041627,0.8448811845836464,0.7270190192228142,0.8039456107432164,0.8388898718682639,0.9033985927011714,0.7468549393179592,0.8617342277034806,0.8305678514243785,0.6915567399030926,0.7907325625977459,0.787031259792103,0.6370066434370845,0.7569558720546717,0.7450838840790283,0.8517062417530132,0.9179788541136674,0.7873560335562791,0.795959674195039,0.8602854773593537,0.8611754863402532,0.857859057249323,0.887764411769168,0.9273143137133482,0.7523353847760913,0.8412217746901443,0.8226469540097318
0.9255564842855727,0.8822695386621636,0.9146403962247284,0.8934874911206714,0.8409310236239037,0.8571320133547375,0.7983144624298206,0.8634721608038015,0.7727682028079157,0.8736358278702597,0.0,0.9188018991036176,0.9491193667824669,0.780163312879862,0.8851593659783242,0.9372654883756598,0.8795052628452389,0.9222086678532263,0.8296087835558712,0.831138031329455,0.9049342284578725,0.8920104966038485,0.8290016877938502,0.9042211560576915,0.890742712513941,0.9028750857525797,0.8799672187655047,0.8515224069011661,0.8413547232814792,0.8594975179142197,0.8763935039040298,0.8564042167276611,0.8503803438158506,0.798034859800275,0.8534289159931039,0.8791659327621467,0.9639425931834665,0.916388919878396,0.8670630851204046,0.8691599497715754,0.8644314573059205,0.802739229963054,0.884582902685323,0.9137526952835349,0.8976816028678601,0.9070895109801388,0.770499960509432,0.9501447534766178,0.884685063651388,0.87999730461977,0.90842766356929,0.8599897821383687,0.7934218382907794,0.9294240106417408,0.9433034950292483,0.7830031063367755,0.9191762621683676,0.9052642022112318,0.7682794616618347,0.9179543753600515,0.8686883778897082,0.7388458084243069,0.8998639350878807,0.7480633174965601,0.8008110924566956,0.8734194178205013,0.8399762262095667,0.8322835918079363,0.8582420440679731,0.8935880162629141,0.8819022653667735,0.8473189424644905,0.7749154006671658,0.9273152630089818,0.9267321283663329,0.8489092852031423,0.8836763434440236,0.8796644253717313,0.819655252639367,0.7417096155776933,0.8392624498500815,0.8159622987411626,0.8736666219209009,0.8727920492312018,0.819758866979682,0.8818680297448551,0.8172302774612286,0.7920855292333229,0.8901834754249701,0.8721130312849494,0.9168117087360635,0.7246584487314395,0.937832553761761,0.9050924361420677,0.8042132053030208,0.8897350519129513,0.7279796640112947,0.7382089444124301,0.673407162424499,0.8561384902123734,0.8633268818428466,0.8275302983174473,0.7824858480085941,0.8077475287730013,0.8590149028761983,0.8671460676709004,0.8719541530033126,0.7803375605538218,0.8797419595009842,0.8919893607963744,0.8968786683853243,0.8423545866743989,0.8157910742493225,0.8844731375184391,0.9060340055665072,0.9109214596839367,0.7574910867570643,0.8976696180773203,0.8223226429499707,0.821989958419954,0.8983687813030063,0.7910191858829566,0.7478261455210563,0.9491187519300966,0.6866942070486423,0.958738665637492,0.707762835079695,0.9279928140485587,0.8334381492804095,0.8844107225150801,0.8388636285615737,0.854111900105632,0.8763028373047606,0.8224059805186716,0.9164112740522181,0.7864137995653191,0.828690402539531,0.8841389742437842,0.8529382629997677,0.9076226239543237,0.8355416648604653,0.8349413273401188,0.8075617281287317,0.740023890332824,0.9533734275950839,0.7754864638295337,0.8506077930203975,0.846693280083077,0.8146981016447299,0.6778372138204637,0.8906008550407462,0.7949939047276593,0.9403210637072377,0.8106379952810374,0.8781673065814893,0.9192704615032162,0.9359252113023788,0.9423392433943808,0.8050341111294194,0.8589201196417563,0.7944412387105347,0.7988721807116508,0.9166156123088754,0.963801607083792
0.9105263381381431,0.7728971970456975,0.8218047208928404,0.7937483062130103,0.7914886234269114,0.8271127790853536,0.7129795621603368,0.8361494034411326,0.7108852247622299,0.7814104742955035,0.9188018991036176,0.0,0.853921011439964,0.6572277624479537,0.7785941869537532,0.9353878138572619,0.8951278118168726,0.8651886407719391,0.9522465057233505,0.8808151561199407,0.9341220412494518,0.7437433139528354,0.8534849756692059,0.875191338383067,0.9307313609211675,0.8739467929077461,0.7787314059948923,0.8804793581551447,0.7415110856080565,0.9098241531670574,0.8702153209186494,0.8387170892742949,0.7430647105892372,0.8792560682517491,0.8422621329786825,0.8441656212829258,0.888268310346969,0.9061436518645293,0.822709207639014,0.7853143165492571,0.8471287219357321,0.7684681950879005,0.9197846404200039,0.9028701125233679,0.8766730636236231,0.9057931419620665,0.780432671678278,0.9155939783126916,0.8638146561461485,0.8577061680925111,0.8490237348139091,0.9030939140003688,0.6915850270660877,0.8254085667333703,0.8648467398462923,0.7294386721731241,0.9538990551039669,0.942583551513868,0.6981686152422747,0.866601948596653,0.7661989922425604,0.6819751727662701,0.9138133738867155,0.7418255646514684,0.7618546392900674,0.8748449023202709,0.7113979269791295,0.7187801001192045,0.8031998663152354,0.8458781650072703,0.7911884712191299,0.8022132493133024,0.7379297840234654,0.8397669736763564,0.9034855773547206,0.8568915651599006,0.7817365902133538,0.7952032217963241,0.8919920471896943,0.7518211181078869,0.8376197222580054,0.7464874233031513,0.7720562707532898,0.866675596302894,0.8784262818135768,0.8915966672043527,0.798486421269168,0.7340826922551185,0.8959874836375386,0.7520469338899631,0.8703176733701073,0.6957340947987175,0.8754427938552483,0.9204132442641763,0.6898066767897268,0.8007133921809396,0.6822746416999398,0.8151571918906098,0.6537671810000462,0.800066155373498,0.7560016237301908,0.7959839219616119,0.8071632649082602,0.8857460957554519,0.8532544889157718,0.8926643239567746,0.8848962114536254,0.8396226364782017,0.819306252944257,0.8743984670279598,0.9056682855434766,0.8683202272420059,0.736082584941555,0.8210312046420324,0.9169770191414346,0.8845204505237728,0.8513518880053201,0.8933965254615671,0.8273006668376602,0.737393268018942,0.8474599020430753,0.7491491332227083,0.8135330518704648,0.8826642338455317,0.6511796339568487,0.9009706910858761,0.6534557306524773,0.8441221250551316,0.8731266861079549,0.7756846854859839,0.8449164970660203,0.8269527443282764,0.7911398706464712,0.7615042291954515,0.887078570213119,0.7175570701934786,0.9095598748195469,0.8215417186666248,0.8358316471455378,0.9308689444399889,0.7318978745447547,0.7752908557468722,0.7156795138871439,0.6674805919800246,0.9160528004258938,0.7967374826547803,0.7948697886755305,0.7401811712088366,0.8774695024004895,0.7548358292525232,0.9229650051125813,0.7720468022014684,0.9088215760792192,0.7170411811766095,0.9573507735149135,0.8253349899986608,0.8316687326073836,0.9042031156260539,0.6956003415446886,0.8043329741898679,0.7142535488279367,0.8502167346515787,0.8934364525067608,0.9216766867336454
