0,1,2,3,4,5,6,7,8,9,10,11,12,13,14,15,16,17,18,19,20,21,22,23,24,25,26,27,28,29,30,31,32,33,34,35,36,37,38,39,40,41,42,43,44,45,46,47,48,49,50,51,52,53,54,55,56,57,58,59,60,61,62,63,64,65,66,67,68,69,70,71,72,73,74,75,76,77,78,79,80,81,82,83,84,85,86,87,88,89,90,91,92,93,94,95,96,97,98,99,100,101,102,103,104,105,106,107,108,109,110,111,112,113,114,115,116,117,118,119,120,121,122,123,124,125,126,127,128,129,130,131,132,133,134,135,136,137,138,139,140,141,142,143,144,145,146,147,148,149,150,151,152,153,154,155,156,157,158,159,160,161,162,163
0.0,0.5975383969495337,0.5883543096249757,0.46345367713436864,0.4213810750692234,0.6001413836683949,0.4394902437737829,0.5388410459335944,0.5132713011672413,0.6175630717453565,0.4658223701745927,0.41269329885436007,0.7226477235608121,0.5444649503623263,0.5847339341528042,0.5778787110708036,0.6142468485220263,0.6492916917487349,0.48899772153949556,0.6882133160420771,0.5405372337385664,0.5615395160670285,0.42225335062567,0.5346494072369046,0.5807486639075314,0.4380976276085485,0.41403740925245397,0.587123026531818,0.5395358641788218,0.4506493398322539,0.5508899395173785,0.6178223985897924,0.5398490205718319,0.4361803164032276,0.6107743972375395,0.4537833724347392,0.5568054401345559,0.5052163597235197,0.401209152442802,0.5776253268278154,0.4764470323777457,0.460532782507368,0.6076167693960371,0.5612754500586262,0.5807765961311966,0.5631082012209964,0.4915779450142154,0.5235997450283638,0.5229022166301639,0.546678492967179,0.5741768190571632,0.6293574901799067,0.4142323457785897,0.5409976122150812,0.514381721114891,0.5522316808901314,0.6228577572202345,0.44094526677012524,0.5105592536299899,0.5348519423251075,0.6179257395338545,0.4636909773139247,0.5888459722254815,0.4219893295986003,0.5513497574755918,0.5749056312111949,0.46892662503681865,0.6038579138384023,0.5155342425631322,0.5539049927558519,0.7070583935756617,0.6090389572428649,0.45681092024990433,0.5714938374419596,0.5572056332336355,0.531274740384755,0.44610283222179054,0.4341062652507711,0.5004218214465974,0.4840207892677843,0.5319894301800752,0.5303405272698998,0.5408230956949824,0.5250096279365187,0.5179847952942477,0.5240905827501212,0.4919108430295345,0.4836895397680962,0.5770865452432133,0.42096935795784823,0.4728254955759938,0.48180630662982676,0.5587251311578074,0.5729944981558517,0.5343468210142305,0.5088616440547523,0.5082672968574828,0.503924941763389,0.41515129518719524,0.5738943596440069,0.5016148899225487,0.5094323456798463,0.41303479286830425,0.48852937635395893,0.6013995533048265,0.6002993198756498,0.5538618794680076,0.498049906746702,0.5611656318969609,0.5282087476650998,0.4456131182476368,0.43210076343864573,0.5528219680716647,0.4001138344220197,0.5524042229311241,0.5761315456690709,0.5792821865112957,0.5313475110319742,0.5075326537263362,0.43339691615595427,0.499455282967971,0.4476720735511325,0.5232045320760493,0.6274634453706625,0.5250400451813694,0.5630934678530474,0.4263819740845683,0.460142283080486,0.5466135800025275,0.6110133798298214,0.50991316938089,0.550869507054403,0.4573726732949009,0.40643413227683145,0.49474079457794806,0.5439496487674312,0.5117903327638103,0.5694171624655162,0.5155986976830456,0.4552678468806647,0.5382698266282224,0.5008354135274555,0.5352096120002509,0.4337799404555682,0.4601712328076381,0.37992578752441886,0.470059950466687,0.4685733631826391,0.6180264532170855,0.35216378128877646,0.538257746186298,0.4699566044899799,0.45363167511786906,0.4567829258388941,0.47038782675255064,0.5691567704205407,0.5192552382760752,0.5426797497734974,0.578880696096036,0.5476888229197816,0.4969749152859327,0.5810443618953236,0.41275244505347214,0.46221402775350967
0.5975383969495337,0.0,0.5898919589779834,0.5204597879931382,0.4435072179141623,0.6887001385361226,0.42046933092822253,0.7014277278004057,0.6402660333865065,0.5798806655034574,0.5014888641414865,0.4895919057821042,0.553502030610365,0.5014917339451388,0.6051452009629315,0.6146639750559179,0.6254065772632905,0.5311921698611851,0.5869540381656391,0.6355756363377132,0.6000053301771122,0.6100324374976607,0.4269281194696246,0.5780975787575325,0.5719346313057224,0.4312577538893267,0.4469254835269885,0.6038280319337134,0.6485816142439422,0.5220592162278916,0.6686200938321872,0.5145712250026087,0.6697998285806658,0.4399433408068131,0.5857744205337806,0.48854669001189605,0.5137207485565335,0.6098862657054641,0.49255414563593314,0.5503234766307984,0.6042855381894646,0.4822191258441475,0.5112217334614207,0.5841913165340994,0.5574917505814779,0.5193279047450241,0.428127957707154,0.4969924766675291,0.4795446309853767,0.5155677475140306,0.533438393385336,0.6291423847120453,0.41359678876207423,0.6206687337603691,0.5353653997865299,0.6038063180665963,0.6651053156146027,0.5282488469067583,0.4256646587174938,0.5576921638716479,0.6877141849922948,0.4511490862726745,0.5412845579582934,0.41847200477982427,0.4854701365676359,0.485262614237512,0.45397945187881433,0.47552595340506326,0.43403447093904807,0.6195386500131969,0.610511725706642,0.5719049184235169,0.4231172074154275,0.5251777449537063,0.6779353205386895,0.4578034795856508,0.4374717962292598,0.4661843963472234,0.5461985549217667,0.5298817410873173,0.5430050098190603,0.5786456531302897,0.6587932018116176,0.5789768930443974,0.5564644333825731,0.6790073563981102,0.5125137395576999,0.4175641095484372,0.5457665016505404,0.5040590698732366,0.4794880616408705,0.5086294895576531,0.586711780440881,0.5416355625521915,0.5554236042241818,0.569771437513822,0.5861759226944974,0.5341567709855701,0.43353824665929935,0.5044729678082146,0.5605139007888386,0.5047986795992082,0.39899006870781,0.5359450403627294,0.5927739073709102,0.5688084858475205,0.5492260312991561,0.5432609072291872,0.516443478147358,0.5259266944540826,0.45337524382613975,0.4565282154193463,0.48038352217775315,0.4658136651154294,0.53703766952497,0.7323682723324848,0.5513559024831144,0.48256427160341087,0.4708428883611626,0.4832964022412682,0.5616434425662562,0.5274378171026366,0.5080229802542392,0.7204845844662308,0.5697623183621452,0.6855285954800096,0.4175263132108958,0.5201145365896028,0.5983664904183418,0.5494614952667594,0.6324576300744368,0.6792440029025255,0.5181492106463712,0.49937070765375074,0.5418008634005752,0.492877603546981,0.5259694848721513,0.562273598194845,0.5178475951217705,0.5429425453052242,0.5186785996988372,0.5177366209771531,0.5706448645039424,0.4753705976403539,0.5028664604942705,0.34653586365231426,0.598514188528639,0.5063741956284601,0.6180312700589363,0.4140835484816664,0.6039080430415446,0.5084260913961436,0.5196834546809863,0.43407020633417814,0.5562983944627646,0.6051307039733316,0.5283893667088275,0.6356081998788531,0.5925040942923265,0.4978831893388194,0.4495722691966989,0.6535454712208704,0.48266463620760053,0.5238704245175501
0.5883543096249757,0.5898919589779834,0.0,0.5696766424355363,0.5055151537654905,0.5420926863324497,0.49916431768493,0.5923015475251253,0.5444253575342503,0.66943753965881,0.5069138960368349,0.46782822708162963,0.5853896531412406,0.5518935840965161,0.5722668585256677,0.6260058004241917,0.6866569298043631,0.5578641314328061,0.4896188526891068,0.5671256140508888,0.6941890338876333,0.684869842165978,0.4799287925458707,0.5704924202058657,0.606878256842874,0.5114693772127016,0.47610102902499973,0.568435165751965,0.5277351067204747,0.46649827317345166,0.5457072056100982,0.5801229807387954,0.5556148359966504,0.47873699920286217,0.5844675335897976,0.5407673877629215,0.5448195767490007,0.5358449177227111,0.44181250374937564,0.6880138595825234,0.5031573467608317,0.5719839778230078,0.579741999577558,0.5848030378440392,0.6516133736932623,0.5125724478894408,0.47589211765812495,0.5162555553087708,0.5635695223726588,0.5824697404218914,0.6440247407505197,0.6271276906383989,0.37796764035233454,0.6573805578457618,0.5783628605450417,0.5981659569723995,0.5895811238862323,0.5158841288069858,0.5295672086913489,0.5453046218790472,0.580024919895132,0.4637826113819557,0.521486709483276,0.48447041126007034,0.5014497749185539,0.48565555088797646,0.5336375586179238,0.5586876627755294,0.5450758441738628,0.5767025885055618,0.6775036594907234,0.5620103416195822,0.5168681154705073,0.7022079606004935,0.5352623089422877,0.4151017027333884,0.5256779469254308,0.5042948846350096,0.46772173744214945,0.4296459152300162,0.4648634742032851,0.6729377074956886,0.5236805525253927,0.46396480923320776,0.6404884603838588,0.5424481404035654,0.5172038344388298,0.4937094701275054,0.5001968622840661,0.46020726547839025,0.5791976322995738,0.5674502382431985,0.5687521725500275,0.4593525319859242,0.6882650502160976,0.5265598877965568,0.49453093186243696,0.5976429655944343,0.46565643286095554,0.5828712013411237,0.4858559708593371,0.6278650859824912,0.48720291488583595,0.5256799593157813,0.6061489156874584,0.6124088079100053,0.6049501727493573,0.5528558767022286,0.541094627899555,0.547012140663702,0.5173753038418217,0.5215668480465944,0.5506827999900309,0.4550681894040642,0.47206229182438336,0.5990609844882776,0.4787155059250045,0.5566233395203974,0.5917370423079729,0.4899049556526974,0.5626804775539531,0.5102965572350606,0.5250125629209211,0.5868779167215531,0.49857851089530447,0.5217437070671489,0.4994415804024653,0.528610018441531,0.615474402731691,0.5729112125508943,0.5306202286930419,0.651869098926065,0.4426860207026048,0.44577929731960375,0.5293280471830677,0.44106193493125684,0.42775572656784255,0.6005123956990917,0.5965444803324967,0.4846859699961093,0.4496167405571344,0.5506568434786906,0.6637353972883012,0.5498422491286907,0.5087770722349351,0.4179712035532844,0.5390478972682914,0.43909347273329025,0.6384859241883112,0.38337059308191024,0.5502054980169543,0.4198079886150621,0.5413489791975362,0.5592176188967336,0.5357000694019531,0.5795941465668446,0.46639107592346823,0.5969984729897686,0.5391377563787272,0.5575324985847375,0.4394140837223092,0.5126803146337097,0.4757461024939273,0.4997885584191543
0.46345367713436864,0.5204597879931382,0.5696766424355363,0.0,0.5901558215266111,0.46750389754247823,0.5513584371105243,0.542775755994584,0.528657703570377,0.5370160420952418,0.5769721729772676,0.5965454649614793,0.4539746218297561,0.4719805052633846,0.5021213174518737,0.5583495559581181,0.5500557374451046,0.43374164068853344,0.48710579094486056,0.45868267962223114,0.6399486635791817,0.5951946674257038,0.5556492753779075,0.5701524073620456,0.5819599694477894,0.5425155336103016,0.5503699434423316,0.5251229048562449,0.5176100825429044,0.47962639137391494,0.5398950567494392,0.4684749075153915,0.5312404148069414,0.5388437287029629,0.5417354908442356,0.5673220058726477,0.5135185591104467,0.5125071659939916,0.5172314055319976,0.5956648493873904,0.48278778574939146,0.6280923461288695,0.46058129214259935,0.6049465061533725,0.5611929876520035,0.41216863980555546,0.38556813240811033,0.5008631879960652,0.5614524637191787,0.4680738253587588,0.5384634671141234,0.4981810691403105,0.32441475670343245,0.6596914606510212,0.6345533709612707,0.5445311534372036,0.48990730081461964,0.6183376278807476,0.43173072391348866,0.46916723374396463,0.48801404606882837,0.39377648348281225,0.41295716521916953,0.47616059857432047,0.3969970720434671,0.3796685349479614,0.5304408582684649,0.43607206271988547,0.4347356476699988,0.538453771482677,0.4967187379495103,0.4737738028942667,0.4906297964594579,0.5615218579760629,0.4508219999263091,0.3499417649522015,0.5527667207531696,0.5912406575990609,0.4114876738223126,0.4033833981218185,0.38582649732405944,0.6272048170420137,0.47755567822249095,0.4026002546556871,0.6317381101921102,0.49800179690012947,0.5286803774272242,0.4245292628922444,0.4181992407694083,0.5043113152849631,0.6179199328816414,0.6098391864725857,0.5116523028740232,0.38557709174131116,0.6285656429373901,0.5459021091082411,0.4124603303308207,0.613771683297598,0.48862382722630304,0.4758297349332795,0.4890774097865124,0.5888115860344149,0.525374685961712,0.5250385558618936,0.48975535166490175,0.4724854046421531,0.47450201372146605,0.5599582592467348,0.43421523425276076,0.5194971381110169,0.6334199973754914,0.5874756090290892,0.4721661202113615,0.517014775312795,0.3956651474659646,0.5371607641033717,0.4014348647662551,0.5210892181334819,0.5473723297915793,0.5367474722928224,0.5653698712990524,0.5427442806674946,0.4888905819731834,0.5209908536991643,0.4756111414153651,0.49134085800459937,0.45844319719565707,0.5713809311797506,0.5770942214853453,0.44859139519042274,0.4874028016099252,0.5347438594231966,0.44588894123760064,0.5151270735636058,0.5224577635537132,0.36060091182123744,0.37816194138974635,0.5564242383217781,0.572596273538143,0.49360915951294176,0.39149210670039064,0.5258475768523782,0.612366847912731,0.6077440708409066,0.554504314515783,0.41427277112997035,0.563571341998522,0.38197846684084,0.5303262490105921,0.4095784814998697,0.5820850830533589,0.37645670893645855,0.5879947773258637,0.4869611352240242,0.5970684672077672,0.5299980874994339,0.4409324844782139,0.5940648495393978,0.5487289307203939,0.5218791495952061,0.35691671692920546,0.4753487849624583,0.5077928704033474,0.5609886553836957
0.4213810750692234,0.4435072179141623,0.5055151537654905,0.5901558215266111,0.0,0.39209205053860324,0.576087500427057,0.4733664081840703,0.502673332626863,0.4882140951379505,0.5192150107545344,0.5411982403422197,0.4081979652005306,0.45714413244065427,0.46817224027731097,0.5115408510381203,0.4827846798893162,0.4111561662665096,0.41976654163124305,0.4185344687875544,0.5461008899593224,0.5301919669727707,0.6134351358695388,0.4908887931676095,0.519937498072776,0.5646262207663383,0.6117290836774708,0.4446851571070465,0.4643313492984245,0.47685715169828646,0.5026779399679477,0.43696450043980994,0.4500973268684814,0.5063419539907947,0.5061895601560706,0.5840497828453863,0.48188799720721615,0.49509086184254036,0.5005468085558528,0.5397071633666769,0.43684953613333366,0.5956568184943686,0.455636107853529,0.535522826528263,0.5193089780425713,0.38469935622448487,0.3817401982929816,0.4647841426108638,0.5710707491460351,0.45920158578624526,0.4992704404431518,0.42787132366411773,0.3026781973785313,0.5177165150985765,0.5973645167466346,0.48797019422163757,0.4410318124266295,0.5714081062332473,0.4252466533558777,0.43996607288647455,0.4079043569596362,0.38528925806841996,0.37329960613521834,0.5377929362006034,0.3760254026203559,0.34874542289744476,0.5040677787089393,0.4214484915243493,0.4477915019686558,0.4863425499636427,0.4611965278660741,0.46863842733509237,0.47081881254112956,0.5068238956840975,0.39676970843068265,0.32623258618609885,0.5515663781574958,0.653636819406357,0.38174629955477646,0.36351933188392405,0.34724967731395073,0.5699167831718114,0.4377707284173236,0.3634125390091503,0.5906762045956719,0.44885591815390247,0.4820130936444226,0.43728555982242284,0.38526776249867356,0.47035688777781626,0.6906819705616714,0.6018834401366503,0.49271110099540655,0.34620389371320853,0.5935330268991873,0.4988506713553161,0.37088272116133303,0.5436791585587546,0.5419279645724157,0.4304641731713379,0.4680196508493646,0.5866076770748582,0.5817530391729814,0.4891791105038653,0.45905394162897284,0.44291773611505975,0.43292158459424307,0.5019225500275657,0.41188567563331624,0.45341707984752,0.5626552534833424,0.7036255244837534,0.42069582460536126,0.52723087119074,0.36343365059414384,0.4568967843692547,0.3616815093993922,0.5610615985769177,0.4716178085367422,0.5314135563414689,0.6020309450182828,0.5254148523006823,0.4398534470565941,0.45806687800501894,0.44659681900483494,0.4339295337953029,0.45574555458035587,0.5756120181801424,0.49866896403877053,0.44183850616659737,0.4518855584106927,0.4730672852871004,0.41191548330815186,0.47383533894771596,0.471657312739366,0.34188708333455137,0.35320491789913583,0.5569556490283136,0.5740300991978863,0.48751373207382465,0.35252179159345626,0.5221920816937965,0.5518750510026625,0.6686640283853155,0.5518685608934989,0.44721475207355255,0.5315470584214904,0.35452293142850827,0.4944095996660548,0.4051197975569255,0.5125544222732267,0.3473618694927862,0.5559767220947862,0.5207444992873301,0.5270317806437161,0.4832685210915614,0.3867851055495605,0.4999051942234867,0.4735882666883764,0.4896856438511592,0.3335380415670746,0.42896746212696907,0.5209884593710618,0.5152511215246698
0.6001413836683949,0.6887001385361226,0.5420926863324497,0.46750389754247823,0.39209205053860324,0.0,0.39041564850011334,0.5827968573628302,0.5379166234108087,0.5446989022337304,0.4668200089512387,0.43184698971025137,0.5791175561549273,0.47985375304681077,0.5165834571590046,0.5495316408793387,0.5602941803322141,0.5041228242586134,0.5178489278377157,0.5972962632977071,0.5233057950925871,0.534927225200144,0.3848487253473067,0.515616048044495,0.5359121755417594,0.40553339970542246,0.39636831990970883,0.5619484609117263,0.5768318614209657,0.4529679424313418,0.551615133658552,0.5034049027833006,0.5717660618613566,0.41156921896914916,0.536228911714895,0.43172912296866744,0.5040145310738267,0.5174908467285191,0.4233434386806269,0.49400339745034544,0.50551165047601,0.44893503989062766,0.4730461611258651,0.537481324782452,0.506521228516554,0.4893186468263967,0.4149778346812964,0.49193160796420643,0.4407954626179934,0.4630716007122765,0.4856423826704598,0.6045264291253388,0.4073585858154436,0.5417542939504241,0.47550982975550665,0.5796312013586526,0.5720618905084605,0.46014362484798305,0.4110917755535084,0.48977306413959665,0.7285610780633663,0.43045949111937604,0.5423309188739444,0.3844444253662441,0.4652780247337942,0.496366945327365,0.4365503607121253,0.4802465401601302,0.4149510871922169,0.5587583988631332,0.5744541738793261,0.512734284633673,0.4162866566411814,0.4888590505832603,0.6256834761382896,0.4772608871695163,0.4077979095653993,0.41947038638560197,0.5037054598386568,0.5618728665381673,0.5838548962908062,0.5006099349953148,0.5794905822014141,0.5987031249139645,0.49132807948684,0.5736136123315613,0.501753689504652,0.39710215543800526,0.5280780548279758,0.4608661535047162,0.4291316846604174,0.4546553643225938,0.499076980194803,0.5520068082798602,0.494502901220708,0.5308102190915465,0.5506720895267092,0.495600948116128,0.39719025362671617,0.4907263792123763,0.5094643076188947,0.45555559150430464,0.3728772306641098,0.4815383312424294,0.5330814122583013,0.5230667715899586,0.5033141560628024,0.5026638243757218,0.47752272331124046,0.5204981693145384,0.4238036531312196,0.4074878656029195,0.5061239992392665,0.41665033654702344,0.5229305594619741,0.6198521856276002,0.5600287554116822,0.4367545684504804,0.47076590114490446,0.44505373026520884,0.47264847719395925,0.46361366541268667,0.5110032276984782,0.6208874329793862,0.5449706822252108,0.609103769542449,0.39414016016470926,0.4533857609183568,0.5443519402100241,0.5007191404061155,0.5607902476474893,0.5927682702127651,0.4992174596982777,0.44967898991003863,0.5002168201165135,0.49363710904405284,0.5174994006904156,0.4878647770698599,0.45845639079010364,0.4582522546094871,0.5406933678295988,0.4798055251589792,0.4973615597068322,0.4216250089705888,0.4592018932694487,0.3343257010417472,0.4981085288962332,0.48253736578563017,0.559190569286089,0.38124980723830004,0.5359528023095984,0.4915255833345094,0.44223874786317047,0.39830919066656256,0.4914318394648428,0.5580011715808663,0.5330989361440721,0.577793599898296,0.5612607904104475,0.4758544176314684,0.4602273702986641,0.6267075817154386,0.42727637897538734,0.4742693817310226
0.4394902437737829,0.42046933092822253,0.49916431768493,0.5513584371105243,0.576087500427057,0.39041564850011334,0.0,0.4232464275623055,0.4269158296183849,0.5087479310355387,0.4753174069958024,0.4421959260847225,0.44447110578968274,0.5013770207038356,0.4485639175685926,0.4799087014115298,0.47434884894975465,0.4206218780589157,0.3850907918417417,0.40696275960689077,0.4941812407145338,0.4944506666008821,0.5739541794091132,0.460357220170348,0.5046582406315857,0.5643905751419575,0.5164518225049461,0.4414522982517215,0.4334875702754706,0.4067285164715854,0.447097438499249,0.49772982238156593,0.42858848943001143,0.522017424807692,0.5015388278945755,0.531883712468889,0.5016332592191916,0.41898388469951114,0.4038678696260067,0.5807214274310832,0.38418966351191086,0.5455614311223597,0.4623775099657905,0.5099963725645282,0.5360014397472386,0.38970553025817234,0.4082860780151186,0.46829316909267366,0.6559220222235481,0.4648084909015306,0.545057831853103,0.42556497749465627,0.3029302492207396,0.5071078275546761,0.6059134858067168,0.4681054391840678,0.42202027298812955,0.4536038076334553,0.5117416482809153,0.43940950179559185,0.4099912638403017,0.39878302397502363,0.3747586967277907,0.522273989203734,0.3869026813141008,0.36418248714049684,0.5646908958324217,0.4704747431731712,0.49242848899903546,0.4376166410695392,0.46921814861724914,0.4621301803217589,0.5442951886279138,0.5709935651900675,0.3743623806905359,0.3403811936398676,0.6596899305476311,0.5576129172632938,0.35245021130205456,0.34895141552513675,0.33876184647614177,0.5214520237121602,0.3996877655340791,0.3448338291550984,0.526879375620243,0.3940625577672963,0.45620317735692983,0.5150267485389977,0.3916947037210222,0.40501809343648065,0.6248442722448039,0.5928188644918121,0.4750076405384029,0.3517016931035088,0.569625665882478,0.4554557795128988,0.35600319000838354,0.5071093608151881,0.5013624433781648,0.49364897995750767,0.4360468416538451,0.5895935880837483,0.6426790897805174,0.43007405448327457,0.4535937942022202,0.4376851192324005,0.4371646587595822,0.4460748244644703,0.4246697276263371,0.4564140140984365,0.5981917054533927,0.5475406443726655,0.48076739421162107,0.42229072924551103,0.3602145579713784,0.42563724661335417,0.3613107643423431,0.5869798193954014,0.5317017913926336,0.4691086707223091,0.4882256921169105,0.438142735222226,0.4379333504230921,0.44082302186599476,0.41239048036010845,0.40811660377694126,0.5074690495798633,0.5099011262772758,0.476814824961506,0.4388061564374423,0.4005757196814748,0.42733746125834593,0.3801088164423989,0.3947236635672626,0.4298239494681849,0.33971158524457423,0.3346790948278938,0.5332338305555367,0.51350487624464,0.40650883968927676,0.35311698175076267,0.5123200406778139,0.5546534878311259,0.5427293357979665,0.4742765105611147,0.5425882834329376,0.42961524954297037,0.34049786135775145,0.461238511677129,0.34529776910497023,0.4613329431291712,0.3320106141173215,0.4683964714067704,0.5773895053039481,0.44079743032176627,0.4510236453341393,0.38605027766861816,0.46123837661787986,0.47959467897609726,0.5799667853059259,0.3405175400344279,0.402089339698904,0.41416716993587416,0.44038776822151016
0.5388410459335944,0.7014277278004057,0.5923015475251253,0.542775755994584,0.4733664081840703,0.5827968573628302,0.4232464275623055,0.0,0.6764909824876472,0.588605308987064,0.5060022020724174,0.5347493894333757,0.5070555169753722,0.4738206318640213,0.587960533245913,0.658327155042736,0.6440993247322679,0.5211644131870462,0.6105046500067982,0.5848876488332965,0.6359061480547669,0.5836797710249002,0.46404588445645806,0.5655953806127797,0.5923291232129376,0.44879014604032974,0.4916917498415004,0.6127424401309199,0.6257644437040517,0.6048134509439651,0.6853501506788634,0.4914063051402771,0.6396852049832531,0.45510436095815643,0.5482420797772022,0.5062102058817732,0.5002326568583451,0.704688863809278,0.5254968732398355,0.5507914302566757,0.6585680527650638,0.49948153749221275,0.5250261992195501,0.5636848825373332,0.559341931164845,0.5162484749177954,0.4232016388771526,0.4749467154159379,0.4884254238295612,0.5102181316301961,0.527158308732474,0.5954892017565255,0.3937906927426917,0.5873434283084169,0.5392741333178067,0.5917508961255972,0.6544796927227842,0.6138992256908025,0.41314246221341333,0.5510406118982705,0.5870068470967532,0.44260464259696564,0.5160774862440496,0.42855083605937416,0.45863796699007653,0.4553532369059895,0.44452660930871263,0.45285636589943684,0.4405343540531205,0.6951650160553042,0.5652231477166718,0.5601994745741997,0.41340367972479014,0.5192449800556119,0.6621633594387356,0.42784463354272784,0.44395587768892886,0.49909527962519823,0.5896654416914509,0.5063471932334275,0.5136373437021736,0.5851163577803125,0.6760393442064841,0.5620668069435695,0.608893022839974,0.7665063586099179,0.5165461841631345,0.41467331021345294,0.5402434417746689,0.5193718943230885,0.5110750170712131,0.5174164862047915,0.5958536780996211,0.48605530830140004,0.5629124387313497,0.5728251225452369,0.5343188974287901,0.5647634683996945,0.44172030126990813,0.48221561702974264,0.541267469319055,0.5400086321824109,0.41863193707980784,0.6109589347530687,0.58445635991538,0.5939043179215139,0.5602049752041599,0.6068311573506903,0.5125109595584728,0.4987778373966076,0.4558599882018086,0.49160950108230317,0.44561532709382373,0.5260809136715373,0.516872926345697,0.766292427294506,0.5289783167853466,0.4965094194882874,0.4595990258787983,0.509784231196744,0.5935358396400275,0.6219842037494151,0.48824896362153025,0.6963828345513148,0.530500999051146,0.6769336273314617,0.4170622945598466,0.5453392781096157,0.6135387495172772,0.5429683631079165,0.7186029287001066,0.7320609182227811,0.5183162997436448,0.5114002133267409,0.5240644400356219,0.44991551550671743,0.5155055384623559,0.5669656051305674,0.559950560345855,0.6398537242276265,0.48240954270091857,0.513956364231582,0.5686838162974217,0.5012749264838449,0.5258927960064333,0.35068834642711066,0.6422760034910148,0.5147445850372999,0.6631799773540594,0.4431837966827268,0.6119370963325798,0.500150110448506,0.5520416433946899,0.44617653542413155,0.6532058367261832,0.5989267604026264,0.4878198434877167,0.6924023991286142,0.5410335889605392,0.4910797029726692,0.437798336451376,0.6203625798522933,0.5609737904244537,0.5384113834698706
0.5132713011672413,0.6402660333865065,0.5444253575342503,0.528657703570377,0.502673332626863,0.5379166234108087,0.4269158296183849,0.6764909824876472,0.0,0.5437785228102756,0.5424624164429009,0.5473572287900954,0.47462130732253893,0.4693643906246493,0.5628694890475463,0.6071566026562443,0.5491403689311825,0.47672786826367797,0.5400536273736307,0.5435770849705751,0.5898134118515193,0.6098229361412251,0.45390487963965187,0.5613562719423646,0.585546355339975,0.45078295759037207,0.4973414079977594,0.5286090406611239,0.6334414135921572,0.6011657415244975,0.7282730390341455,0.45785121262650286,0.5672073167773465,0.4382707484592677,0.5618926853003614,0.49560557761176105,0.5212008520667191,0.7070072317407569,0.5762019096674568,0.5148735921177814,0.571217623907651,0.5249839599128641,0.48242814974405257,0.5932388104862847,0.520668904165947,0.44929462728406433,0.39213370649829193,0.5021824274948055,0.48473053050457265,0.47059454380482935,0.48851401522438914,0.5104460080538805,0.36299188013704825,0.5556350715556773,0.5376575708663284,0.6145588543488772,0.5649393234121711,0.6115423641093305,0.3959513941959184,0.4881430772387683,0.5442365290444381,0.4133866552343733,0.4548673965357592,0.4327546162658906,0.4288848248411511,0.4120816917192233,0.45770254207348576,0.44910337521122673,0.4192060221751679,0.686058089061832,0.5485820200786657,0.5422285117338023,0.41600944547607516,0.4843634115140577,0.5550409381831158,0.39921510019378836,0.443379392634408,0.5224215381118936,0.5029984277526255,0.5118900647235461,0.4713509150643873,0.586628428804691,0.6794256262077734,0.5115545339918174,0.5779082262010291,0.6756723957455054,0.556427173735054,0.3998886035346088,0.47105292713270525,0.5865227899347579,0.5080202207436748,0.5188118216852738,0.5486966990276696,0.4419973898387388,0.569794254187797,0.6330116708397092,0.488317806215923,0.5371434013624455,0.46251246627732184,0.4393330708532316,0.5974167876323562,0.5196955343849952,0.4138483277864214,0.5644904006059626,0.5268008141962264,0.5062511857661346,0.47821538858032636,0.5783231309594807,0.45470121144405556,0.5094688777330328,0.46027561749031604,0.5065319094164811,0.4417095302413046,0.5663138403688762,0.453439356286358,0.6167654614274322,0.4623684887350718,0.49857878214963497,0.4402795830609683,0.5330633047285053,0.6461472646817662,0.6074605549674802,0.48818016638076484,0.6318793089620046,0.6173690194684422,0.6180035063475738,0.4002518229050262,0.5519985442332309,0.5478883563758111,0.5119551088682252,0.6863926802994804,0.6525446633053978,0.5596929671729911,0.5800741498241527,0.5614835756529746,0.4372678738391234,0.48464923962825673,0.5573351135885583,0.5401524894829531,0.63256076153332,0.454695444248963,0.5306155464734543,0.5436465740310211,0.5211054016171448,0.5801757041002245,0.3488510071637215,0.7381355902700297,0.4626992362216962,0.606089043646354,0.44773270369091167,0.6480098721867006,0.4640091233788872,0.5438226939518727,0.4291956410540764,0.6302030767106036,0.6479155513747066,0.4932207328367435,0.6510200136345243,0.565535177358568,0.47460788622142874,0.40002587757308733,0.6378372425964762,0.6008010317925183,0.6065505941473508
0.6175630717453565,0.5798806655034574,0.66943753965881,0.5370160420952418,0.4882140951379505,0.5446989022337304,0.5087479310355387,0.588605308987064,0.5437785228102756,0.0,0.4945067699140497,0.45518888897811277,0.6215175730685623,0.5699814478766453,0.5880550395792161,0.6484840769007463,0.6482954966871983,0.6019326518639301,0.48048652441796763,0.5501463351042417,0.5865335672055264,0.587060713487637,0.4955033420820575,0.5264348444189269,0.6545518155087197,0.4971825095596425,0.49622261245419264,0.5804784320771286,0.5845907303233133,0.5049004758227975,0.5764974726376855,0.6259577994002015,0.5664370926695506,0.4706567558947428,0.5854904141318371,0.5106667432513212,0.583179935434989,0.5489550514848911,0.42882337807363474,0.660454033586961,0.49426066313299105,0.5256083299686711,0.6203817344242066,0.5827553743188336,0.6250344972101638,0.5353337768014682,0.4969584409926743,0.5145927416087148,0.5974722290190173,0.5490453692971775,0.6275127020293308,0.5784008326795935,0.38269682227887303,0.5675035709452649,0.5922309844500561,0.611799794063111,0.5779796373382338,0.5067852999936118,0.5240233799633037,0.5448469525015731,0.5579884081615238,0.47946454753545426,0.5200068739739265,0.46363449430412695,0.49143342407992896,0.48779326757147357,0.5100657956533812,0.6043220724163,0.5664119407319564,0.6191586153437613,0.6555474922337483,0.6194252888694171,0.47857029525122097,0.6350354256167288,0.5311485501850112,0.4609339706785577,0.5108191256630085,0.5244104884043765,0.4854129262059757,0.4651474145197938,0.4856165919521103,0.5785736687652449,0.5691995784283147,0.4880755564967755,0.5983479354299468,0.5325167368249338,0.5221008568124402,0.5220510834895918,0.5661942109062452,0.4505230988630344,0.5678175426929108,0.5605899702433246,0.6086659517969328,0.4703436215815859,0.624136544947947,0.5662772680608456,0.4638729820422505,0.5694466240371483,0.45994666420207164,0.5862621439927279,0.5188716618528763,0.6185221280836785,0.482778518501105,0.5613062897615848,0.6074691947212421,0.6226525093301092,0.5749857755508998,0.5534714078908122,0.5722118810598231,0.5165027999771746,0.48551491800655033,0.49439028976177235,0.5368620152297391,0.4621038747254312,0.4979565606192844,0.5887915154890552,0.5146744083958616,0.6006490564325907,0.5358287101219242,0.5009221924608306,0.5424430496121135,0.5364620224131758,0.49716333729588846,0.6469273161400612,0.503308570432514,0.5807227873218282,0.4686397343328227,0.5229284852065623,0.5919497137718458,0.6246679218342649,0.5597055722793461,0.5856906420592222,0.4655694325046624,0.425648872264699,0.4810926158912165,0.45547650818411434,0.4580582294634143,0.6227183173414474,0.577059816435658,0.5046472109082538,0.4932666275799328,0.5556477095028719,0.6062366223826636,0.5018589221553204,0.5100861306567139,0.41237224099524433,0.5029791710665026,0.4760558546628247,0.6765484373648846,0.37671001671135457,0.5437262434096753,0.45442431076870765,0.4831114572762509,0.5380357981099908,0.535424118803287,0.5857623936929097,0.47406313992061017,0.6282413856428327,0.5834739014184297,0.6259180924023277,0.47592050372188344,0.5562014963030788,0.48315448615344403,0.4820888403329847
0.4658223701745927,0.5014888641414865,0.5069138960368349,0.5769721729772676,0.5192150107545344,0.4668200089512387,0.4753174069958024,0.5060022020724174,0.5424624164429009,0.4945067699140497,0.0,0.589435895269974,0.4596318746785563,0.45118584898095293,0.44952224955927905,0.577616972443145,0.503948143603372,0.40547408746636665,0.45831215124909963,0.48251171694145517,0.5649940983969686,0.5801273766692032,0.5050803992277609,0.6314621826695708,0.6287145195177998,0.5362719690183864,0.5199791616279196,0.5233992867942683,0.5419765858816273,0.46866069122278964,0.5326968943979568,0.43642084845904283,0.4486936413478865,0.5335864294553023,0.5566648143484572,0.4739176495856966,0.610608036631733,0.5157099123154212,0.5356575469265237,0.5254465253604635,0.4270728758003711,0.6374203693306593,0.4216352654968768,0.6310747735642283,0.5237646522895327,0.37576968372716135,0.3452404191376314,0.6391594365437386,0.5418541785021627,0.4081435929638644,0.4501537949186915,0.4429052823251969,0.2997850410688358,0.5379490488700567,0.5670791150040183,0.5678796677980195,0.4604020033525945,0.5607873840485353,0.39000066658153015,0.4126302538865389,0.4997115762427336,0.35163040551865593,0.378725170879987,0.4488548388180435,0.36307794027696566,0.3593799086213146,0.5609757907991577,0.42623505988007654,0.3969860143587238,0.5541468226533308,0.47073158749403726,0.45617885399837943,0.4863801638326058,0.4872557257230238,0.43001068314295654,0.34356474198562725,0.5186073932220581,0.5653393571778108,0.3945227984402248,0.4556548751315889,0.37960701424364285,0.5160535223802182,0.48050533360540015,0.4140870899476195,0.5560306940170715,0.4978321754638375,0.6966557447125102,0.3782465730824613,0.39000790672286134,0.6031753210213899,0.5032021550626835,0.48905089282058956,0.44817225601378186,0.37721455966976514,0.5433811877453926,0.585132328508323,0.38450049308546386,0.5528377258375136,0.46107301443565507,0.42026284345735615,0.5583593582068637,0.5241590432653936,0.4408979573087643,0.466328371049643,0.4336665745053928,0.4325832790818435,0.4135573750303832,0.6177050440390561,0.38423194042366016,0.6490956186233987,0.5995362111067579,0.5351445890411827,0.4829576702160791,0.5423542422244079,0.3709603175372978,0.5120405593610751,0.38313352294734526,0.5154364698051777,0.5062973470450222,0.5198394795139449,0.5668342548667156,0.47587357227321275,0.5772139864525261,0.4999028190390802,0.5710973440402454,0.4883430957615497,0.3910512918509852,0.5411535859764532,0.53174601259057,0.4190735088744797,0.4863133504339041,0.5105981630981958,0.5543129106801941,0.5715045441359143,0.6513137740385557,0.3569930585200566,0.3984218137108795,0.5094189733107455,0.578393097790869,0.46818548899234735,0.3764137777505012,0.5341310427212115,0.49539866682799005,0.5106245725323225,0.684198237344698,0.38608767357016704,0.5398467153488702,0.3591170574065445,0.5311423451332418,0.4226421528443355,0.6697067787833472,0.35913920439377855,0.5333521450457972,0.4177459102955023,0.571316044263218,0.6158068083176387,0.5360732394841308,0.5948036939924745,0.5751090821421303,0.4897186259855448,0.33565728121788196,0.5132217298338505,0.4935066898336996,0.7443627129929412
0.41269329885436007,0.4895919057821042,0.46782822708162963,0.5965454649614793,0.5411982403422197,0.43184698971025137,0.4421959260847225,0.5347493894333757,0.5473572287900954,0.45518888897811277,0.589435895269974,0.0,0.3970534815285855,0.4041602895096262,0.4481532383728285,0.5325283862273242,0.4862352991125427,0.3848207015408654,0.5036146707268438,0.44112891451336206,0.5586700423438175,0.5102978628520327,0.52606491785994,0.5515649057583132,0.5334837686000178,0.47743778674727405,0.5504842623670585,0.49619634232492044,0.5108821934940208,0.5317831250137598,0.5471243754555798,0.4006483767515999,0.4688102863751675,0.5162540884241442,0.4873143552700727,0.4987117066308564,0.46786930908509416,0.5388001225987952,0.6757053520508842,0.4802039720962488,0.47983434506212025,0.545528981902902,0.40757947296072755,0.5393487164752766,0.4840959722252238,0.37468025083435436,0.33779727104792956,0.46888586022087037,0.48021455850972866,0.4067523710769088,0.4366227551824678,0.43398458289916975,0.30296546655516904,0.5254791135647935,0.5373988602432594,0.4986775769400273,0.4591039648179873,0.7189871018777912,0.3573765300076377,0.4240086825789454,0.44428501895554945,0.3514214128784092,0.370554014606107,0.4324521492321025,0.3517312088267334,0.3411864101908918,0.4498938188184358,0.3706193931785779,0.3692602787191499,0.5240226040630984,0.4265528257140959,0.43335659677612,0.4099044735381903,0.44657459265177407,0.43347859122617477,0.3261731279743443,0.4627925343736257,0.5608107385529761,0.4126385487064437,0.4150175046040321,0.3651312304628587,0.513220583030055,0.4758210930226366,0.3997779035145155,0.5581456872030447,0.5180638223814271,0.5197584811466149,0.358875309539888,0.38604823253151144,0.5789246861208851,0.5058088526707597,0.49938284563765545,0.461480458284163,0.36266461174053694,0.5029870919350545,0.528919565669829,0.38777858592424386,0.5428425109891051,0.4555364096335242,0.3947767467560638,0.5005884188396655,0.4994069758150717,0.4340582791957448,0.5040867656997373,0.43083659221223114,0.4267981960656773,0.4167800449319759,0.581115799245074,0.3819622185421927,0.48616516020519807,0.5324308235169659,0.5506985424774871,0.39628498072098983,0.6080015719403464,0.3698728909813025,0.51438018776785,0.37754272984221654,0.4692413408025925,0.43681543364336806,0.5187519694415065,0.5684671579765189,0.5360938949357638,0.4653853184659969,0.4845154104947653,0.4772498677931368,0.4854312848077944,0.383409050438266,0.561999316942294,0.5217652916256554,0.40007886713943897,0.5002815646169823,0.5032269301449795,0.48526103050094765,0.6141080358012957,0.5301865291870821,0.337891360315031,0.38922598949108617,0.4884198784724498,0.5364325719583666,0.5389776222749024,0.3600081866425511,0.4813733509179881,0.49258729197525675,0.5281455241373257,0.5820860863866961,0.3574057489598834,0.6004590207852326,0.36726172752627506,0.4996609325642671,0.4776168016074712,0.5994734066527595,0.3668240977896943,0.5908694685387437,0.40487113706247435,0.6484442153554069,0.5100024581227818,0.438731759707204,0.563800415350755,0.4842448575181854,0.43969122615969564,0.3239558262439646,0.475424383651415,0.5543568379720184,0.6222354137606861
