0,1,2,3,4,5,6,7,8,9,10,11,12,13,14,15,16,17,18,19,20,21,22,23,24,25,26,27,28,29,30,31,32,33,34,35,36,37,38,39,40,41,42,43,44,45,46,47,48,49,50,51,52,53,54,55,56,57,58,59,60,61,62,63,64,65,66,67,68,69,70,71,72,73,74,75,76,77,78,79,80,81,82,83,84,85,86,87,88,89,90,91,92,93,94,95,96,97,98,99,100,101,102,103,104,105,106,107,108,109,110,111,112,113,114,115,116,117,118,119,120,121,122,123,124,125,126,127,128,129,130,131,132,133,134,135,136,137,138,139,140,141,142,143,144,145,146,147,148,149,150,151,152,153,154,155,156,157,158,159,160,161,162,163
0.0,0.39612927461527886,0.3148360572906029,0.2654973591679776,0.3796948678330518,0.2823997105073211,0.38133392073700995,0.37573200644006993,0.5302071184352992,0.2943217851664998,0.4298978144776378,0.3081783139223547,0.38387310977092615,0.39734781142188835,0.3598475030086566,0.3242137006582243,0.3383546285833067,0.523680635155296,0.3426135706745891,0.4364337167037222,0.3807098647377838,0.450349449631428,0.4229393841735556,0.4399677916153181,0.37471839105593047,0.3686031280080139,0.3277014210413037,0.3479521128020134,0.31003838822510904,0.3491996213869338,0.3957870502336036,0.35849768583891045,0.2965785856179114,0.3524487541091119,0.43474514699896794,0.4194860345055804,0.46501099846714056,0.4358796611374024,0.33308923054237294,0.4511587912100468,0.3592708407781126,0.4098794804415865,0.42517065772357654,0.33664919470787935,0.4098320573917858,0.3744789261902945,0.3781958001694641,0.3816859225668454,0.5314784975838102,0.4090089185039526,0.43037101422074686,0.3276542794415313,0.3948464025508852,0.31192117886513426,0.3799532175560249,0.39226594194768166,0.4377467931273244,0.33903018561264364,0.3919848160930489,0.37074172829901986,0.31819086804868274,0.31517984373162494,0.3875821505976362,0.3545736878111879,0.36766665549805605,0.33096112437012304,0.3786671371176628,0.4095010658968089,0.3289254190897023,0.4275801132878926,0.5333793808963687,0.3810943592680545,0.4202504907033314,0.37181416940762796,0.3332541173315872,0.403380301941103,0.302479329594851,0.3489334032942768,0.4217388266161829,0.2881230460130578,0.3502283179495237,0.5165046066609597,0.4016808487422472,0.36530982195711253,0.39606653196280883,0.4887581549053805,0.4327200342400968,0.4327588598630865,0.3501217411935417,0.3881004197807869,0.45078356542433107,0.3924880268459694,0.47336384033319573,0.3984059816025604,0.4486785186891007,0.3074138047515332,0.2947423523407563,0.30600412610183403,0.4342270294561853,0.36913929568835463,0.37577112634220017,0.30452671244457785,0.3061751559111272,0.24983417287317486,0.49789988193794527,0.3307332929835026,0.267959735481602,0.3637470401423961,0.3908189967241748,0.3574642621466461,0.3272326088482202,0.5033991217160704,0.3767633681421479,0.3038134635601166,0.4606265958950029,0.39276070871171054,0.3867264980729673,0.3390929624334863,0.2529362479908172,0.33573316027113764,0.37128357832963516,0.3103455473682391,0.461995472336619,0.434046321416225,0.4283753652552548,0.30710892142644747,0.3061580764313705,0.34172697144738184,0.3018155375542618,0.39340230544519583,0.3172581224079699,0.29742655459264367,0.32151000230243487,0.5232931685532572,0.3381774504757267,0.31531655775683454,0.4063448121710953,0.4278472794554012,0.426499296423299,0.44382490507227684,0.28139139748887176,0.3504229424814251,0.4558171407482549,0.40482144047876806,0.41564936540808106,0.45068263562361377,0.44997220079329614,0.2872593764267453,0.3994553478414102,0.25302164910169267,0.5065135301356423,0.36519282201849856,0.37299175775777604,0.28852021597076705,0.32042604735071106,0.4505603055178076,0.38077191294652013,0.3009118237508333,0.34757686771241786,0.3705725261985768,0.31468884822857934,0.4903329960388564,0.30102966351169885,0.6368767506801091
0.39612927461527886,0.0,0.39148642972639863,0.3122635251976343,0.30319471947885995,0.397713893266855,0.36186499319642823,0.48236605745572014,0.3316543159513196,0.4156737158597417,0.48499039005714756,0.4853271555764989,0.3570283275069372,0.3564878895062779,0.342542071219544,0.3395071334186634,0.3494915193544185,0.35620344345321864,0.48468919057051857,0.3418551358616759,0.4605150333556474,0.4465247358211752,0.45709513251158307,0.39838184778977176,0.5240512799612548,0.35368489118422386,0.3151569554498509,0.3653939467881032,0.41142838903633655,0.33241155286847707,0.3915770788220651,0.40641385956408527,0.34257770868219495,0.4250661167015685,0.33922320008549367,0.4812719058228804,0.4304225702241026,0.36464023603478163,0.35656461851292304,0.4315162269445426,0.39493692909142925,0.4165520967157917,0.3309201031079167,0.3060927790237205,0.4849860237207983,0.3427344692166476,0.3906765801030322,0.38268264200279856,0.4335583374793742,0.33240484308026375,0.46441047665587487,0.3644849600410434,0.38161220847323785,0.4468220653932101,0.4570313797815984,0.3885038872481488,0.3859859944340781,0.3952961995800275,0.392751863324662,0.4016201506147702,0.3917055295354497,0.28859494330843083,0.4343309310941709,0.29138861734765065,0.29138308138680347,0.32671665551644175,0.34391627254776097,0.36803030343730353,0.3257393004738475,0.44799068014704757,0.3548366524216076,0.28712520046324314,0.3547135530355401,0.41451968978748865,0.37564850219485213,0.356604331529014,0.319823391099586,0.4048131747214208,0.3746699001549428,0.2575115973697908,0.3551831087052363,0.40958455119263015,0.44742548732706516,0.3568931423895901,0.36435883911899475,0.5149205899806751,0.40896232108555913,0.328652414622041,0.3377293413161693,0.3743143665327665,0.36174404878566524,0.36420617535256916,0.3926368135263183,0.3725030120035519,0.3996251761046556,0.3776073232626358,0.3283017566300477,0.36985952414731876,0.2988078191326845,0.3813089409807298,0.3030890038625393,0.3347567156005766,0.3018155765214014,0.3078888268807745,0.3957730496469293,0.31193188840568054,0.3054825877642545,0.42641841410694975,0.38477475628233276,0.4917003110199955,0.4296197476134203,0.34957460871748913,0.38985045198347146,0.2800467634926776,0.4372932484920004,0.3925721401581291,0.4255633738879643,0.3020565874351419,0.3382561643148259,0.3151602489116112,0.2637235856459945,0.3184794585665863,0.42344650317844307,0.45232244233570906,0.2908942700994416,0.4289753400621241,0.3098610396475891,0.39880446188832985,0.44337739113256275,0.30654381017423316,0.32242304679966505,0.31520394999815626,0.2834533970695378,0.4258749557643565,0.3433282793208406,0.24837061639163394,0.34490958160823537,0.34428806501375014,0.41927061666973675,0.3555747910139561,0.3005266434793061,0.3714366336522255,0.47837332887571915,0.4176774619206219,0.3912764692093177,0.3961341069647102,0.41082899943203294,0.3091430087372314,0.5183372079479951,0.2739172021744619,0.3795402868279939,0.45287834387188286,0.3130556284492144,0.35191403049517245,0.3927272937414392,0.37652106869678587,0.38649795710502155,0.35434542571353134,0.2801154286292534,0.32679792601336316,0.33107608301038705,0.4126221202936255,0.28021183021770496,0.37200376709480804
0.3148360572906029,0.39148642972639863,0.0,0.2661224229340179,0.2737525079017914,0.37599876740919747,0.2669720119866863,0.4518233557038537,0.2849843185337155,0.42460994601826135,0.3755012158715689,0.3372244548155071,0.42462452056223454,0.3029216236506765,0.25218127621248854,0.48889582554424466,0.4827636871804372,0.3215613203503774,0.30552745591143404,0.28174301533890117,0.4175140821521189,0.41870046845964926,0.3296465517823505,0.32258553809701723,0.3496688586730318,0.3266561715848234,0.3385022611182451,0.3817789324273966,0.3282728196135157,0.3380385402652964,0.2563353007000339,0.43650974133795895,0.2420048757887782,0.34262029824464385,0.2420476638604365,0.3010468531350849,0.3343595685587547,0.3149007560161778,0.2982457375471627,0.39618013215171005,0.2772380696052798,0.4490146026284367,0.2975298461003907,0.23855734307775248,0.3650522320519743,0.32627459722984203,0.3417161668371514,0.2993913612596619,0.33054670293927974,0.2838875434245793,0.3333807175885637,0.31755431537646517,0.3011442429362774,0.2988492340353955,0.3149855212921653,0.3514255547446988,0.3154306259500906,0.3977637714992772,0.31422880424315275,0.31267083863523715,0.4019971786468932,0.28706178409163124,0.3641473832280512,0.2571312655759305,0.2437555602597484,0.29901106676724576,0.3192924602077801,0.3307484972787778,0.31139765521826623,0.3827516542850437,0.30535222583346744,0.23614931840687794,0.3687011854617483,0.4711067307068509,0.45247470930118233,0.28185019195755473,0.3869002653328011,0.3579522008145665,0.31316350096294937,0.29850495304442803,0.37715128563611616,0.28439803120223,0.37603414009248304,0.3829070103705742,0.3484863000653469,0.39084566049725145,0.34484123082745305,0.26730409289672663,0.35513349856268583,0.2944147950198143,0.3006976518541042,0.2474741669535331,0.33018910328013695,0.2836396585710806,0.33316077028304325,0.25997162552571124,0.2625521209504663,0.30873821839439375,0.2501271934406488,0.350959894036767,0.24128565423550558,0.3456829133295891,0.22665091795792344,0.24397491903873939,0.3130041600705098,0.37386359228783345,0.3326823953383748,0.3976248428933376,0.3418446034725979,0.4227377102858885,0.2987284961875867,0.2817510837824176,0.3347122928839145,0.32264940474964376,0.3023065939365316,0.4337784517819857,0.3485277270118124,0.3026027666551543,0.3290260281433666,0.3102889004265884,0.24950619345677089,0.28368357174522496,0.34434951513234224,0.34683560900131655,0.23654300307444723,0.32677802885165214,0.3263037311980307,0.33467534539460236,0.39013875168081585,0.2551783240117131,0.3636266043658095,0.4254714323698185,0.27049046599467064,0.2774643919045506,0.27473587574479386,0.2186547546717734,0.2866955277485878,0.2467760283869726,0.33718722576614457,0.2900608411735657,0.21772945263114452,0.33887036906022866,0.34912254597664233,0.34096909565725736,0.3155292434622903,0.2639305572838437,0.3221169615260101,0.36205526404131144,0.4305619872061356,0.31748503000805267,0.2557688574809857,0.2882425073772035,0.2837223507743473,0.35154635160817765,0.33206042524815355,0.2968477569678564,0.3556661713373314,0.3499960336543748,0.20334245167867895,0.3571415488197371,0.343498852469143,0.26386575872135415,0.29995896525308247,0.31462188265659563
0.2654973591679776,0.3122635251976343,0.2661224229340179,0.0,0.22546583251870633,0.343215219568397,0.33611180744956537,0.3296505149229399,0.23109843381740508,0.27418206224487707,0.27706070046164255,0.32622384154795364,0.27760300794929327,0.264679680658216,0.2573275859102974,0.2534360452149082,0.29750848520705775,0.2671258627220495,0.35389383057735935,0.2360908471972074,0.32848496395147153,0.24046627381091634,0.3234060045559301,0.25055168743546957,0.3285941023069939,0.30275762569728754,0.26616361287787277,0.3136177834635575,0.2679592219140475,0.23087390807912272,0.2523367109802394,0.29395462918283866,0.49175020897308264,0.3711806443857439,0.2661831537550415,0.29688690495982983,0.27103000912093345,0.26852753944825664,0.23300503497427824,0.3385468242535873,0.3480072562774491,0.31675741078538017,0.24994359930297802,0.3005698693016776,0.2883640772391067,0.2884669147755678,0.2555358234091477,0.24000175179267794,0.2842033159412459,0.2533080365852146,0.3468780728118395,0.43004745724957133,0.29434199117330856,0.34803459287235267,0.2854050908207383,0.2995999123842723,0.2938745212862702,0.3452321035641445,0.28324676821271644,0.2981829530769383,0.31836037635320935,0.2706496228236199,0.3719792848459856,0.21412291123640406,0.2449937937410352,0.28991804507613644,0.2972319572400278,0.25059602749321724,0.24765796497427822,0.322859498171066,0.25705789150565056,0.231748458513594,0.3153302544709052,0.36080333942269327,0.3036088403765507,0.26597678234843763,0.29234942443202533,0.28984367570302133,0.3021399289069322,0.23862309895090128,0.3106997265407212,0.3056026958589943,0.2694686659071179,0.30402556871741326,0.34226459229701944,0.310554175077524,0.33213440113471565,0.26671077733967613,0.3008647195492441,0.25821616385309865,0.3026302822065629,0.33891953340527997,0.25457926552358434,0.2784334376325334,0.3107904799708823,0.2926355048306939,0.24448774854629407,0.4136996333406675,0.23908886293068926,0.3364873583630124,0.2272559498599135,0.283978344935905,0.38246564914955794,0.35068772158183253,0.29902795276165844,0.2744648545991841,0.27810056236515623,0.29839506158591533,0.29165316583751866,0.26847361379377604,0.3787480805136552,0.27311138428411247,0.3636302606855643,0.26690127633371624,0.32526889511771845,0.30446964342442684,0.3933414288120552,0.20240891360193136,0.4106975074715247,0.31572001486452295,0.21293221883414298,0.37786796944674705,0.3150247591230855,0.31340194393258963,0.2256268809264427,0.29330623039501663,0.296014079653702,0.23915513393041074,0.36894887099503065,0.24183502835634452,0.2527780672357692,0.2747347172618204,0.25849087815105687,0.30781883622349043,0.22567712176872984,0.19967850982016316,0.21484648988188046,0.26056399340237724,0.25646435341040574,0.25797122248705495,0.4035605620808242,0.25371260181287664,0.3472933897142399,0.28635794895466704,0.2593384282919303,0.3078996347706159,0.26175926293819557,0.2595431396990439,0.26973796311651493,0.22239139092888416,0.29297193083921097,0.3480619891095288,0.23236845710345305,0.2382142852173817,0.39598730065235993,0.25958288985052,0.26862278348679625,0.31353201850681867,0.36439151588099933,0.299198458931893,0.2972646853155663,0.30399353810754126,0.2787729251990279,0.2639403783470884
0.3796948678330518,0.30319471947885995,0.2737525079017914,0.22546583251870633,0.0,0.24127479174617653,0.3464247463213319,0.2738881842550694,0.34049304468226127,0.25097099743717755,0.3655147500440382,0.2724111824161001,0.27276971464277927,0.2879579554004103,0.4200101975433557,0.28427948131207703,0.28129918583821134,0.34935743368674926,0.28643475447996214,0.2975713148497643,0.3099427028074443,0.3512823042491021,0.35429530216267807,0.34457806934168633,0.2955828253189738,0.3016298836616903,0.2711209151367837,0.26910443148364976,0.27287303557509884,0.3265473283134976,0.4049096997906461,0.2720339325225554,0.25957846116678973,0.27730236572937683,0.4426299958759116,0.35350808932847144,0.323034095809978,0.32217836067582156,0.3384888431727192,0.30932956104826037,0.3250966613136765,0.30789231803666095,0.3678037669575859,0.34474165318278405,0.28433989956443173,0.2654273160913518,0.34175918666776467,0.38596947888320776,0.3689425491667716,0.33340893796921256,0.34483005651481513,0.26990504643953134,0.2812120679358662,0.27092022261672,0.3211507939301121,0.26502830287679824,0.28723912539091223,0.33225229165103376,0.2901743776407295,0.274526302296828,0.23232243973774094,0.2449289347877552,0.3257547184088703,0.29475464896659337,0.29999222435241873,0.22592847422405915,0.24515669164877485,0.3088179782786125,0.2752891559698196,0.34313753057741914,0.32745942311200005,0.29448777295378364,0.2627018931409321,0.2869052971063764,0.25893788147669416,0.263235864641581,0.251972924960333,0.3530005140642327,0.287865785491209,0.23185740008682854,0.2806098322590842,0.34995913231691683,0.33303110480217246,0.26478503930669867,0.2643841297323055,0.3127623745229254,0.2952113427062809,0.3060808189451617,0.25684480363333917,0.24558710835654599,0.40351267040112077,0.310571589122671,0.39831970332271033,0.24972183168946227,0.2865462107940099,0.25966135513938093,0.23023765089166937,0.25031296540338943,0.3139712634358756,0.2589401171790711,0.2920681999276279,0.24201330299736537,0.2553989362918049,0.22640157075450143,0.31705729794564896,0.26040144976608026,0.22187039655100088,0.2968064711550548,0.3145087783017262,0.2699124709674451,0.28131044939763516,0.3201730529418219,0.2660251430951166,0.2505783187635457,0.31142632394626585,0.2898460958789896,0.2968721172043339,0.3154636997833154,0.2206714168276139,0.27197141652905604,0.3653080145018999,0.2609101299540508,0.2731363405757608,0.35295065617759586,0.3409044337346117,0.2756672440233225,0.22852782334008723,0.28786722856228414,0.25218977656765823,0.30645330912838653,0.254821676546316,0.2511642060697973,0.22185053816370276,0.3404367961753221,0.2839896652738252,0.30704571229991023,0.30589135343036705,0.45966515003401837,0.31626601857980746,0.34554832706457067,0.24023450783784422,0.27268470819484797,0.3006665908395933,0.30704479215658814,0.3083007847527083,0.32377487405599215,0.4197194168166034,0.2536260289212354,0.28699115634262223,0.21579667172024633,0.3530686651064227,0.3122339216735827,0.2964824848313865,0.2568789370503275,0.27706408422788315,0.2952559558509313,0.26715341622383304,0.2817743004156828,0.27732175872329334,0.26325133242729887,0.25187849497353504,0.3241527425768456,0.23630266183555207,0.41015025146212475
0.2823997105073211,0.397713893266855,0.37599876740919747,0.343215219568397,0.24127479174617653,0.0,0.34157415355623366,0.40103832632294384,0.23539183044859502,0.3831613923410486,0.3540897672795195,0.422601406896986,0.3711084837805433,0.25058533004157296,0.27122995422503926,0.3421203437492852,0.3700584361370681,0.24983763162494846,0.3823172666259444,0.25051504244184886,0.354330158964556,0.30464926586823626,0.3154229118815535,0.28916746247669467,0.4049959741000816,0.30394229805970263,0.2685149479252461,0.3776827787009079,0.323060274020109,0.25921579114627824,0.27235302570402153,0.3678618645923668,0.31102583152803515,0.37115299601699203,0.26466202347317525,0.3044185762968791,0.31599630815560226,0.2564292732949762,0.25390143999026826,0.32579852666162973,0.34974378215452134,0.3661741458711616,0.2538076647696185,0.30926487860955065,0.31158630335359283,0.27622612202297586,0.2817343282297833,0.28993056882165036,0.2857355787663081,0.24603785801052094,0.32167858450573755,0.42891001454195704,0.26169923716179405,0.38151996919232095,0.3111572079710379,0.35908321725667736,0.2719294843927731,0.4587563177444117,0.2636273016224706,0.2710638518984097,0.3931892969015529,0.2543242511439749,0.37897551174045896,0.2175254491031885,0.21549022395461673,0.26168318638296884,0.2880566503930638,0.28262241991634823,0.2430388091377023,0.3417146205000613,0.2658136886763891,0.21197628451980216,0.3076011027162466,0.3700211636188124,0.3623488698241754,0.2578349254182593,0.32237184126703794,0.32674823799386166,0.2692868186027881,0.3008675586094525,0.4032936531733892,0.27441364377948313,0.3144630455201589,0.35116470553423396,0.29845446072446885,0.32655164379182977,0.3393880708187075,0.23569862588966797,0.33131646928471997,0.2705129406158618,0.30747970783971096,0.3258278994925561,0.28832619857865766,0.25911465990461785,0.27860486844887605,0.3299148647156621,0.236184535836711,0.43393240749373757,0.22300582489447568,0.36674164156488503,0.22500223388064872,0.28855479106772675,0.27991436492770755,0.2678855843287174,0.27340473379573454,0.31463537924877666,0.31965605528601587,0.42982897414093346,0.2884881647693696,0.3685828972941975,0.4090881703846223,0.24671677231678824,0.39828967069213717,0.28008221859060684,0.29431930290125496,0.3958943589350911,0.37358031298662336,0.22408656856566767,0.5550613159599584,0.3206663194087564,0.21484391384898158,0.3434414516554353,0.31989819119284446,0.33402174855394223,0.2255352649163372,0.3666174778214657,0.31522497053154935,0.2836683083208961,0.42523703941037305,0.22267803056229712,0.3085983336843499,0.3477328033425877,0.25524004170290776,0.2933373080326463,0.24564376558082351,0.2007479048760485,0.2623978583670082,0.24658533428589355,0.27912327952262933,0.2504353402808654,0.27520691459801183,0.2864490318853678,0.30926434535141645,0.2832392019164778,0.280813380397248,0.30178674641977726,0.2930396260598249,0.3434439373692983,0.32221074172430725,0.28068094283035305,0.2715718663056157,0.3335463057842144,0.22958770975527035,0.28750215830906656,0.45721376280229953,0.26645690836891345,0.3081929577954936,0.47917121667024826,0.26121259464576907,0.3288794623739852,0.33599386997103875,0.2966525010947836,0.2565863131960151,0.2846125701490672
0.38133392073700995,0.36186499319642823,0.2669720119866863,0.33611180744956537,0.3464247463213319,0.34157415355623366,0.0,0.3170399675790427,0.31404969338731326,0.28659266834297387,0.35995893747697566,0.47693448274831046,0.29988608493463265,0.29510930220352455,0.4294039946434915,0.2718232377171544,0.2782984754232004,0.35286159334590356,0.4152642326279159,0.28939695328578885,0.3479993882848165,0.33147063627338663,0.4077759278738453,0.38047243080654164,0.400232036335256,0.3514112741338558,0.27895774593481204,0.27589933498642233,0.3378090989590165,0.31113988003485277,0.409809078028525,0.30454700370971005,0.453428120569325,0.3713456927793709,0.3546650371933811,0.38767608695672834,0.412417133358716,0.3324593305231543,0.3113759879805605,0.3702509668249856,0.5495446420426028,0.3205734141565057,0.3982229185689216,0.4719991148954523,0.3683246400802141,0.3232249977227193,0.3840981569039186,0.3679807370299987,0.44817606316902286,0.30723344590896595,0.4284305788564062,0.39872539634510484,0.3018063799461288,0.4328050566603426,0.4342723518591247,0.3223464396074986,0.32462863808648174,0.38676365188571066,0.33357950904964084,0.3060755284581231,0.265825979239689,0.27638122699790263,0.37018532085422423,0.2738087494739558,0.2863123956631599,0.2660826370792345,0.29741493079309644,0.377643355213067,0.2754261628796909,0.3549396616067853,0.3930470417448986,0.2926295328560429,0.2665764767705196,0.32602586104671577,0.2580292850978106,0.32566300103572915,0.2913027207145889,0.3775877914804221,0.35472655060049035,0.25205727933431366,0.3361368762604041,0.3865180416006621,0.3792534746117742,0.2846484476396362,0.29960210536439413,0.3679434516140608,0.34093879005680494,0.3501603855537351,0.30873153063885117,0.3061100985210671,0.43191822920098233,0.6066905613488989,0.37515501902883996,0.3038477696391903,0.31557331214155354,0.47332096052746053,0.27144590462983725,0.44140635732652567,0.30507964676929944,0.3180179364000984,0.3127261836916169,0.28968164925825785,0.4179354885278835,0.36218093604854407,0.3466230342033871,0.3069134255379846,0.25544129088082307,0.3141019212608892,0.3912874230182555,0.33078863355443683,0.5008715929168734,0.3566831637408985,0.3070046951740561,0.2506283353155602,0.3726300023498118,0.30115096556865795,0.36089558428105484,0.28246408954504815,0.30658792200065443,0.2951604107434471,0.27727703803853804,0.35166852913596774,0.3113781607968994,0.4460301375104829,0.2817016452638543,0.43856432555866964,0.24361673770156253,0.3540004951139844,0.3340028728138994,0.33845638061713695,0.2618571250889911,0.2505377517193915,0.24331835326218063,0.35323192397555664,0.2734469890033134,0.2742587945470549,0.3505711747578875,0.39460634612891765,0.3544556220688273,0.41076113944439696,0.39506945368253726,0.2860893174837334,0.34893637796662597,0.32333758650532435,0.38385474940297776,0.5049575945855191,0.38299597677710395,0.30045325580115667,0.3309336310467345,0.21457921036939095,0.392566584295955,0.4267609603610329,0.27649804969799757,0.2981116746493029,0.4898550767895728,0.38011147787899413,0.3071555445630255,0.3925054235046663,0.3931004070052125,0.2985739817361749,0.30231298935784784,0.3918967012048142,0.27537640109566597,0.3650683742334337
0.37573200644006993,0.48236605745572014,0.4518233557038537,0.3296505149229399,0.2738881842550694,0.40103832632294384,0.3170399675790427,0.0,0.3396155879578347,0.46252831600085587,0.3680452664272693,0.34843764415003275,0.4814557474073373,0.34796361998196473,0.3035339025930991,0.42828266283277466,0.46130854541977256,0.3574673034514426,0.36436278490070345,0.32444600379823935,0.46186979888829804,0.34456104674474497,0.4423012766098059,0.345441656308351,0.45848785679805193,0.36907114645450534,0.4209435844064379,0.4694536764565114,0.30573737325191674,0.33936452923597904,0.3539850909011674,0.509352528378702,0.29567979055282,0.4897921006798567,0.3027493572576466,0.39930943368757627,0.40619333769800153,0.3648296149643972,0.3007263740442001,0.4806332546863252,0.32912478362176945,0.5215854389887877,0.3313390153644776,0.26794035906152186,0.5033457309824199,0.39964115524023325,0.38237599404869793,0.2982112248449852,0.4191610772972292,0.3111242294495378,0.3957906151595942,0.344643003573666,0.35457049964504417,0.3254386608949363,0.34709747963233234,0.5110404421361249,0.3532736370381401,0.42688138957933525,0.4070958237669071,0.37616175831675347,0.5123175684386454,0.3420426259865118,0.39549687249939514,0.2997130092966411,0.27623969611384425,0.34301141608771873,0.41863928070230355,0.3488521892035468,0.3523560958666326,0.4908128822061322,0.3373065890839237,0.29123590504481994,0.4278928359586395,0.5208003155037102,0.49306333836973876,0.36099582952878007,0.4277765684077522,0.4154724115278797,0.4038757849275155,0.3113372498652598,0.46261590544677633,0.3558301764372841,0.4340680423952934,0.49823459874563003,0.46955940552666725,0.5182835550631617,0.5186125588708911,0.34306815618944086,0.5075407297658004,0.38021561744772886,0.32336712434605175,0.3343034925402598,0.36625631490581084,0.32687805761073263,0.42214986910886204,0.2927449322139493,0.3126699434448517,0.44694988208194725,0.3058490284989595,0.5224242818448188,0.2965153300619947,0.4184946571496957,0.2929314844273326,0.2696105212057345,0.4153088602320768,0.4267301192875646,0.38391319216056286,0.5316841073545123,0.4076452169873261,0.4226859415261716,0.3347137265967054,0.35146796972355276,0.47687073438094557,0.3890592111932933,0.4077298996025733,0.47993214691352704,0.5349165872776149,0.2766990034066175,0.33570784603873505,0.3933055368481077,0.2598366121707195,0.39997728968170304,0.4227420176514577,0.4077911026924711,0.2869961492576579,0.3267712413380097,0.38877538983346666,0.3847492098325024,0.45089722703594964,0.30376024587810946,0.4584064788468915,0.38995725566842554,0.33968076181562007,0.33633757536628905,0.2887647344845617,0.23858882846478469,0.32614110829504717,0.3065429883554805,0.40838389172731365,0.3540011649584688,0.27280513569992426,0.37063709325292815,0.46977398978761054,0.42001000551227974,0.3702850668233121,0.35535007345646796,0.37679474954429687,0.41653237229839857,0.47132558015382175,0.3296006314279529,0.33977960275331526,0.40834488909857264,0.2920971908696848,0.3776231357569018,0.43491908416694935,0.3639976034056625,0.3680965520439279,0.41521537247075346,0.25383856724654874,0.43087950953023296,0.45483243606295143,0.35940063550498813,0.3867211155051639,0.33081437738823305
0.5302071184352992,0.3316543159513196,0.2849843185337155,0.23109843381740508,0.34049304468226127,0.23539183044859502,0.31404969338731326,0.3396155879578347,0.0,0.2634186846070161,0.33249433550280594,0.2709531713799759,0.3371263815172869,0.4257727298161319,0.31173530311978354,0.3097978477134697,0.3311073599757644,0.5305427461598636,0.28184761711753165,0.4205442628338964,0.3088930642646086,0.4225450723769547,0.34777495262400415,0.35103658100295565,0.305330142350493,0.30158195161501933,0.37172007232018944,0.310820402968191,0.256113636713895,0.3887563176344889,0.37534272559587867,0.3366955536411772,0.252425647971026,0.2940108138424345,0.3825904035655657,0.3424508020979275,0.34733388874952187,0.43170338069533815,0.3306432093657899,0.36497383027407143,0.2945914426283509,0.37076271489102114,0.4095538012531857,0.28370447941557037,0.3933417747242718,0.3438098297515075,0.3518842004781248,0.3066338639470719,0.40795205713146954,0.4053839840363637,0.3333392649376534,0.2717937586308236,0.3897015348520742,0.26053772281060594,0.3077077101717717,0.3427575862468119,0.3958198410907094,0.290217817131522,0.3951110817843554,0.34879163377729017,0.2875669486971389,0.3081016720534046,0.31043447918335443,0.3925805374183895,0.38162759371696503,0.30867601306415127,0.35785603957561496,0.3723191248280952,0.3463647316733721,0.35742637080835,0.4711198353729962,0.4244547802784419,0.37704403273337594,0.3288374340250373,0.3379209810725984,0.38324816486273566,0.2836782694938793,0.2885919087699303,0.3732404405408709,0.2643358394907794,0.281287666150825,0.4252947095841147,0.37507088479751,0.3133063641088866,0.3694567495964374,0.4338207879825255,0.34484604163673666,0.4510139190034246,0.33854196257568553,0.40575175172350075,0.3764156157762854,0.3477040015275212,0.3943482565157693,0.3577891408397874,0.43064412975243976,0.2673866035765522,0.3077832831888401,0.2762018188785134,0.5052586947164658,0.3142818921971562,0.38982264845839876,0.28497496565276553,0.2758110227719642,0.22819317297195074,0.44605909650028536,0.3170958527056842,0.2534245573918316,0.3133992131057995,0.3665464632948055,0.3057592292902692,0.2630681636006949,0.48382254993580887,0.29940073900826486,0.33343988568855903,0.36337961864691015,0.3418421748548254,0.32732301503108435,0.33500409506237455,0.2099978799210995,0.3179237966414693,0.3765696388792698,0.27752960336946025,0.3664118176036883,0.33951509886698655,0.46419508659141384,0.256398142462879,0.30280806499765966,0.3466953532225073,0.2539559068321299,0.3957719483381445,0.3886883159971422,0.28544425701991166,0.3139077271014892,0.42427389243151364,0.323329421407803,0.3074437520244793,0.4019205487389384,0.36034375181365186,0.4284636692489351,0.4156889183627951,0.2503825398202351,0.3319968469271575,0.3919915629678198,0.4074137023600258,0.37160639510423416,0.3748277651539139,0.4197066140685443,0.2767989330184441,0.3426149032067686,0.25991984899516585,0.41909701475080346,0.31677931511513174,0.3641032889344044,0.30316316816554834,0.26801778477772253,0.4119447976593366,0.33563559856018715,0.2621954389762351,0.3107513197225439,0.3160335299391503,0.27399473089603893,0.3885955626483062,0.3147346655845138,0.4596564780461399
0.2943217851664998,0.4156737158597417,0.42460994601826135,0.27418206224487707,0.25097099743717755,0.3831613923410486,0.28659266834297387,0.46252831600085587,0.2634186846070161,0.0,0.326528889821729,0.32247236408579244,0.37242891896862085,0.2901032623425778,0.2586298574301772,0.3501689026264814,0.34147508310816055,0.297758513229477,0.3087308298148788,0.24606140008145455,0.32312908420995873,0.2888364739927311,0.4146935060219989,0.26710769679780355,0.45736274762791657,0.332173858807715,0.3384911724024518,0.38090430654738955,0.39486148868288756,0.28975457386758285,0.3059313828439891,0.38998902414245534,0.2452552327674376,0.37290439623629984,0.2637439102287766,0.32284922237898844,0.3462887336249791,0.2998615079730562,0.24692367008631325,0.33570452412601065,0.2668400400184931,0.36841758499954763,0.2806227129045282,0.23879593337098898,0.34327366295161477,0.29373836449649415,0.3156688183936155,0.29888854234650186,0.34818195231032534,0.2378851835394648,0.3086383138554968,0.2821949896543887,0.2631856302349061,0.28780225143209603,0.3445716131583198,0.4088488555278052,0.2659129739780331,0.34383309682318086,0.2965063746393983,0.2751157431787931,0.3722114379917951,0.27869618743122715,0.3170377865008985,0.24469276170058726,0.2200392100376643,0.26325519065866876,0.3012411744968703,0.30611150993444103,0.30061082418557916,0.4423488744549754,0.26388194208138255,0.24971591814989774,0.29936072512105827,0.357487825637571,0.35836474298286014,0.30295708039524755,0.31307585610633715,0.370815606666366,0.3078985307209604,0.30171470097356207,0.40226663530796186,0.28161723898288704,0.35764797473034016,0.41473410642031117,0.3198105584021066,0.354991964397069,0.38871827199202486,0.28561834045124435,0.42376301133998284,0.28651830978729814,0.2883702355371781,0.274881355575591,0.2966833244095682,0.25078671658333596,0.30041640711890727,0.3104024417176631,0.23382831684792824,0.35130210499455977,0.25873356773432404,0.3953517088144189,0.2567428724186016,0.31914442954149025,0.26762151046410376,0.29439962274631176,0.2929121400622021,0.31805171869938664,0.3064625118006487,0.5445988118900117,0.30979354939649223,0.32498371915124397,0.2818121719722141,0.27203190943658423,0.39288074073081647,0.3453277412012681,0.3267158133006617,0.37176882749800455,0.4147343612674451,0.29382616364560915,0.3346874581485822,0.36050272687102314,0.2148082533471314,0.3551531950529602,0.30256390813120443,0.3430850144267848,0.24013946514364223,0.37163002745685175,0.31181713994419097,0.2931678575647999,0.42319877467339334,0.2626939789512251,0.38855915038647443,0.3089445795071265,0.28837026335410515,0.2756088813683973,0.243112389243219,0.20512411518478343,0.28176365605865095,0.27969023639902146,0.3330005887404527,0.290467471499772,0.25918109973349057,0.31391721400835637,0.31722831360798875,0.29089953565987814,0.31139097397058063,0.3279206763144319,0.27379757258919973,0.38841710199953583,0.48495733794873574,0.30560055570878036,0.2750075110793196,0.3640481119490479,0.2305262891381273,0.3119312111884218,0.36198487214308317,0.2932762639558574,0.28187745968552447,0.41305812586562457,0.23494501055711228,0.37414639571850455,0.4453540570492692,0.3291818281212988,0.31782827252561197,0.2689285463667063
0.4298978144776378,0.48499039005714756,0.3755012158715689,0.27706070046164255,0.3655147500440382,0.3540897672795195,0.35995893747697566,0.3680452664272693,0.33249433550280594,0.326528889821729,0.0,0.39275520319013063,0.35461768822308704,0.36115784257092465,0.3313159714215501,0.3774354484497289,0.3966782869914763,0.402929702546012,0.43038137676436067,0.33143380294611263,0.4354879464905287,0.4657467821094985,0.39552043945212195,0.37882262578488796,0.42887456219974,0.3641076252312121,0.30799997480320895,0.37290072342445646,0.4092689572618688,0.361849000834522,0.3417693796284667,0.3826572191519711,0.3228991020415455,0.34996370231956464,0.35401966121866546,0.46510764982646663,0.42231030957152516,0.3979663981550981,0.3425514724616986,0.4072839056584529,0.3915962248285519,0.4124502683893143,0.3716044245074,0.3473662733502457,0.3789358187480886,0.31167375704169803,0.3450499676432266,0.4510430557109775,0.43266329141515714,0.32862512902486074,0.47063363973155764,0.3428534480119447,0.35014741049414305,0.4250723257881372,0.45764809598239603,0.31496297852013005,0.3802230225448125,0.4480384091648444,0.3951051082143072,0.3396374960686697,0.3462045221974604,0.27220144019865056,0.45478037963229184,0.30701752330734855,0.27421646432134095,0.28852219810687507,0.3185127409824629,0.3670218304107216,0.36382822585434194,0.43026360975466504,0.3729970133909288,0.281601682806401,0.363937038173454,0.37772989567336124,0.3733450156854536,0.32782241555207375,0.33183206325300924,0.3826255828130173,0.3437221206018187,0.26941532919111383,0.37326824485348814,0.3558945096916609,0.39524292873105654,0.34924251555765873,0.33391763301169375,0.39913265700692063,0.37991692345059375,0.3293523814533705,0.2909135248349628,0.3026857978203284,0.49234068797789576,0.32369810296416546,0.46180848318711437,0.3401728574417001,0.37325209911071683,0.3356628747010793,0.2980923222223297,0.30270871773937597,0.2969464504067863,0.31953922187863787,0.30550392572777274,0.3231760840467613,0.28662830830044006,0.27293834165304287,0.4050071083060734,0.2936347770424768,0.2763003224901614,0.38319455549242093,0.3605172230919931,0.41925121456362896,0.41252887408690975,0.34549942355570457,0.3703016437292577,0.29124941502105406,0.3938553809680969,0.3699674175228057,0.38013395739166106,0.31719307383305595,0.32831891664781154,0.31757645261734035,0.29146598500453025,0.2929980472712376,0.3845930703798385,0.43983907959854746,0.29642963785580617,0.3902806193125171,0.2683750575661718,0.3605296094903346,0.3810002223046593,0.3052928944892508,0.30207664214507113,0.32637811528597377,0.27671357131761776,0.39747211250870323,0.32818045185192507,0.2645602675294457,0.34513618777259936,0.34210475813682595,0.40984293343214795,0.352088289513942,0.30842156284911815,0.3730892596960548,0.36438900861356827,0.4138654400453539,0.41984448458036533,0.3500177554060852,0.36775805886131385,0.3008624389437271,0.3961819089794538,0.28727307887927,0.3923176348941615,0.41608180429339053,0.3532057237622782,0.3170773200762302,0.3518175118814315,0.3595413831875941,0.3581384155366659,0.3243944816552161,0.28916892027333013,0.3222575171723437,0.3091911038235691,0.4217843811143869,0.26344986643061546,0.4638125068196349
0.3081783139223547,0.4853271555764989,0.3372244548155071,0.32622384154795364,0.2724111824161001,0.422601406896986,0.47693448274831046,0.34843764415003275,0.2709531713799759,0.32247236408579244,0.39275520319013063,0.0,0.27953979733562306,0.2604632668142402,0.3400082342220012,0.2817268658848895,0.2945012098946921,0.2859846586011031,0.49880559777410416,0.27063779142843813,0.3821357449599347,0.35266515156528483,0.34247605253585645,0.3486592791978032,0.4156482397082675,0.30362999668767565,0.2538838475421555,0.2766061855119887,0.3843829667328195,0.2963572066582673,0.33557604130346125,0.3125464350539127,0.4034525590098115,0.3487115697426671,0.28587124254005847,0.37417194016719607,0.360151166101839,0.29044873644088215,0.32735052962636224,0.34639252158177314,0.47066966826979323,0.3224700575930455,0.3155168733227773,0.36875285638417526,0.35592799139423786,0.2947045716674995,0.354522510416294,0.3475484532828887,0.3418532614573103,0.28076578037156674,0.42126028510084557,0.4206946315624066,0.2996631896909606,0.5206992561136302,0.45140814272915647,0.3003280960788657,0.31956315385450834,0.42304434892549003,0.30924989444628637,0.30754096383888835,0.294314363825653,0.24897420854022126,0.3813810786176895,0.24360955146067415,0.25334854813072694,0.26284848277447204,0.26960373318941483,0.3197766081176797,0.2611310300366395,0.318957131740028,0.31116510651262475,0.23990975323935365,0.26629833780250933,0.3259920493241603,0.2818767450575044,0.28210186553452055,0.2834710847194802,0.34947681556570437,0.3076857852694838,0.22786569063379392,0.3026825760607851,0.3370234074070722,0.3628729727210664,0.26538893988068835,0.2904574254493206,0.35308582960215207,0.3030834383795977,0.2771967224690167,0.2793280114218434,0.2900969579538055,0.3616753092709333,0.4183019747823927,0.34062698386904483,0.30281545659091674,0.2988025596747712,0.46689096775440386,0.2733692538524475,0.3983392907502451,0.24717479893534555,0.2995965601730913,0.25061353463090047,0.2866938941537168,0.33723781837937333,0.3864444237502007,0.31370860931731465,0.28170083683631564,0.26674696200757325,0.3062025901225486,0.33126285556172635,0.39728445310552823,0.5375737493776537,0.28951193426338495,0.2933837710903857,0.23009849746194633,0.3328521510245912,0.3141733903725652,0.33128270281033567,0.2798552745051086,0.36618983132220567,0.26523944520789716,0.23614600193515184,0.3112778879977811,0.30787579591756997,0.37903992934291725,0.23272673353140413,0.5091753068010288,0.2453860030878444,0.36177241025939083,0.4233673341480685,0.2643417165927923,0.254608015079058,0.2650287976921147,0.22316732590144306,0.31980406512050974,0.28127485430606863,0.22236388610985758,0.3145745397199853,0.2978597711773576,0.32220838876683444,0.3113922207539044,0.3231200799527735,0.2821461452146064,0.35171500947805484,0.32722145257966584,0.32920980837661734,0.388861323776381,0.3692796218941961,0.2791340958321154,0.38379645339171053,0.2257108002977277,0.322855650247146,0.3998371190085139,0.2651706604299676,0.31826452459517335,0.46761234596972845,0.3025403100038522,0.3011172732705594,0.35576845813662406,0.29309448555922085,0.26629612585144263,0.26613547041857943,0.32185847384150446,0.23953547655300805,0.3122657905019136
