0,1,2,3,4,5,6,7,8,9,10,11,12,13,14,15,16,17,18,19,20,21,22,23,24,25,26,27,28,29,30,31,32,33,34,35,36,37,38,39,40,41,42,43,44,45,46,47,48,49,50,51,52,53,54,55,56,57,58,59,60,61,62,63,64,65,66,67,68,69,70,71,72,73,74,75,76,77,78,79,80,81,82,83,84,85,86,87,88,89,90,91,92,93,94,95,96,97,98,99,100,101,102,103,104,105,106,107,108,109,110,111,112,113,114,115,116,117,118,119,120,121,122,123,124,125,126,127,128,129,130,131,132,133,134,135,136,137,138,139,140,141,142,143,144,145,146,147,148,149,150,151,152,153,154,155,156,157,158,159,160,161,162,163
0.0,0.8617059160825701,0.7746700797769166,0.7620357262806527,0.8521271682098726,0.8052670866391661,0.8461459923928701,0.8120964118233194,0.9019661555375225,0.7493985528037767,0.8489765071713897,0.8243305879346404,0.8705131307984151,0.8266295796865645,0.8928184812977414,0.8336312619883638,0.8323048272770803,0.9513895492527894,0.8674707398400329,0.9476885398168149,0.8944269587272967,0.8808577743128049,0.8262375593756328,0.8847032560987208,0.8817616012362148,0.785932699593623,0.792043786572129,0.8162308730181932,0.7333096216737269,0.8597706659126855,0.9076194314295833,0.8508101328294533,0.8222291926208667,0.8036929381033268,0.9170022167455437,0.7900412707996826,0.9177541109500664,0.8809274358872701,0.8010027075513053,0.8358175432462644,0.8158803135648006,0.8187112178443408,0.8781448198094111,0.8529741125480759,0.879305790424376,0.8799029486140613,0.8552755892549377,0.8388057791833323,0.9055243937092745,0.8751094966297388,0.8915149436366306,0.8732496017303226,0.7893791748914495,0.8190246042142567,0.7759996902964115,0.7908491938404045,0.9367462681756581,0.8248696230866863,0.8494924488986615,0.8734455073525876,0.7751003254226909,0.7235649331090779,0.8251135861307207,0.7451998930376136,0.8450593237995283,0.8211071225158376,0.8295309152034986,0.9066769773208208,0.8392128890431663,0.8618262508030894,0.932650685446537,0.8468688130936401,0.8047601867889044,0.8663078688307096,0.8254400832235382,0.8842471481060775,0.75333430069286,0.8199435312279177,0.8385218471454481,0.7162613788582314,0.762244822890152,0.9190285891608075,0.8752301558513581,0.7894408628672479,0.8425956595594511,0.9141273056456163,0.8085531328828272,0.8849408371418784,0.8496017958883165,0.8033682283427079,0.8971793738165934,0.8623384213803889,0.8454833061315028,0.8739224553293062,0.868778225150672,0.843077525409052,0.7573372201561062,0.8005792546096334,0.7342817787745882,0.8374981442330361,0.8143917118146581,0.7220850750583732,0.7635081380332102,0.7892902032813994,0.8663621549469998,0.8475827163787446,0.7363441868868773,0.7990065449326592,0.8560683202730843,0.8511717636000456,0.8389605978240947,0.8204564623301509,0.8277084887829936,0.7619433011734057,0.8499660003543412,0.8539931722028643,0.8492185948173456,0.8369193532284118,0.7074538472232212,0.776186089346889,0.846886399706112,0.7243401834050348,0.8521570074297371,0.9216692005669799,0.8183916063617499,0.8197038723896256,0.7206048070252796,0.8226668668988786,0.7474819717778037,0.8587397873271997,0.7933667804449626,0.7880866402853737,0.7887248422647343,0.8562771075040752,0.8427828089949053,0.8000086483241775,0.916835822175305,0.8708859106815052,0.8367322787470393,0.8926216718670182,0.8101076930258644,0.8082624865574726,0.9279633309134404,0.7604410498461595,0.8568660961235346,0.8843357483074836,0.8845692277088163,0.757325614757543,0.8399022470990075,0.5981288725872755,0.9065123901803533,0.8084047331735651,0.8709237409378617,0.7724280580691593,0.8301050172561871,0.9057380763779153,0.8751087990690339,0.8088732691274092,0.8168763787347642,0.7684523574195784,0.7152158954029604,0.9179402598988968,0.9021252903784496,0.9328442836278255
0.8617059160825701,0.0,0.8898191927672879,0.7763452217822076,0.8116268065636365,0.8696284817640146,0.8780774249021442,0.8306215032577049,0.838710856367929,0.9177336583550243,0.833237275285963,0.9021870418604112,0.872482204375371,0.8181296938013162,0.8676655464615293,0.8496256120606861,0.8338493152290616,0.843691419465296,0.8392967321718814,0.8493556449473217,0.8800374426970968,0.9221931483606325,0.8368356485609437,0.9021789844998653,0.9207835807858494,0.7312775118220374,0.8336659869225205,0.7947361745986518,0.8788524096816798,0.8451425555262728,0.8750139057388966,0.847541212273278,0.8650111330145582,0.7909337535924381,0.8311935316238941,0.7997438431388929,0.874534390192712,0.8098341754155218,0.7963948055994099,0.8616634747935868,0.8453076722536068,0.8498365634637043,0.7620362219417961,0.8074822157349048,0.8831549093396093,0.83083130854745,0.8749104350808511,0.8066903299346316,0.8679093580386735,0.772161086341128,0.8004858845870906,0.8115952724681058,0.7440563848980459,0.856405217154699,0.7901301630494671,0.8595483541457947,0.7972810719358373,0.8322896176385258,0.8223423337951721,0.8418111596380999,0.7791598802366471,0.6724648978489235,0.7204641309533449,0.7302380659781967,0.7083590690494468,0.7020306913656085,0.8155847769777458,0.8626694736688008,0.784492443998593,0.8136088093499396,0.8166618104856445,0.7606608438862811,0.6896767588645194,0.8477316999682573,0.823219661480089,0.8040083803568269,0.7315555897248177,0.9084086456398559,0.744034009206009,0.6824732658218986,0.7788615881194627,0.8058027064605423,0.9359410973586155,0.7741411732549534,0.706684556129587,0.9165212491598067,0.7314568278135463,0.7557449199661668,0.8406491503511756,0.8494093230102574,0.7979965505318976,0.8681785106585281,0.824807777849911,0.7553656057138025,0.7719024694766484,0.9339364854507177,0.7055781422063251,0.8599384764054202,0.6670671816147175,0.842809264887573,0.783169519743287,0.6813666042190776,0.6802740397063114,0.8758572586163851,0.743008391236922,0.8262713688896519,0.7259435616532363,0.8665180837354746,0.8820639426429129,0.9288908952854246,0.8247448580491407,0.6913336145431513,0.7702828419673327,0.7585656415809068,0.7567407894899522,0.8679104734086656,0.8196363473572006,0.8238247442413638,0.7561352779007013,0.7765944374870462,0.748300752684531,0.6781839054047851,0.7716567078233151,0.9087598109975492,0.7097420212580585,0.911881285405467,0.6914884551821275,0.8631149881318275,0.8390855745124528,0.8152611743286857,0.8592092743942196,0.7715154353452974,0.7035385545768201,0.769887751337712,0.8094140648203282,0.7150076793724481,0.9083603824000156,0.8274633186330383,0.8587738155184929,0.8352199097708042,0.8071445489237296,0.823734713345986,0.9136989640026076,0.738984911276112,0.8500101176018372,0.8082888144014568,0.8762823223267259,0.8544201191458278,0.9230387387707383,0.6513029558701946,0.7619113181813961,0.8156204301831638,0.819123686464843,0.9015473406863979,0.8911295648894955,0.851856254181398,0.854587434450215,0.8845903989945059,0.7879631273330675,0.6852687557858511,0.7795977643290711,0.8163732108531309,0.9433048990452909,0.8103102067173096
0.7746700797769166,0.8898191927672879,0.0,0.7621524250304779,0.7539385672582969,0.8794450031193187,0.7599887925455547,0.8785882402487342,0.7507523330578412,0.9311331672750102,0.8486295826497573,0.8595362321919916,0.886316714176828,0.747686437742272,0.7746626144322599,0.9149118248238828,0.8620289124559422,0.7912598333083865,0.7935095357973739,0.7835898207185104,0.8922851640580431,0.9020749070696811,0.7598697001819232,0.8052823941195758,0.8849854470301265,0.7495821446122862,0.8116098206992421,0.7889184294993403,0.8460559210376922,0.7938271281349586,0.7783740633546513,0.854097643873287,0.7987574223786954,0.7392154098579169,0.7199295519716905,0.7751416733892904,0.8425196354803369,0.7979433062362059,0.7530499305319873,0.7946839139810801,0.7761857011770137,0.8158686087011962,0.7712723341952691,0.7383188814389168,0.8625744548486478,0.7901898007437869,0.7955884372011343,0.8042045541136739,0.781526590482409,0.7397035151436259,0.7733993405419063,0.7774129153052745,0.6692830040636002,0.840153192004046,0.7863436799793957,0.7699146776642949,0.743804987143001,0.8794070119930804,0.7704018009024877,0.7723926223538878,0.8368995151815571,0.6649498307759277,0.761361788415239,0.6949988522378908,0.6434817230062132,0.7011568892750492,0.7834721878109748,0.8375989389330011,0.8538670804325741,0.8622673787021314,0.771794080715259,0.6693062447938894,0.6951668304818225,0.8798000826930328,0.8761462209844347,0.6938074273859114,0.7841324611099845,0.8505129678505206,0.7349089776113747,0.6280347047762018,0.7862651068049105,0.735728357346726,0.8504260958478254,0.8125234707164548,0.6945100220334397,0.8604903045763953,0.774169333910561,0.7172143327727912,0.7983978462961837,0.7588670839395996,0.7742653306284635,0.7356711613522524,0.7746615512890065,0.6725893590256236,0.7123549012101731,0.8681185505013637,0.7143006926462577,0.8029103546520514,0.5865714611891321,0.7901448567397287,0.6892434070917882,0.7680680362198146,0.6657557253650954,0.8447166819258425,0.7196518658271394,0.8354103311283483,0.7990321497845092,0.8577846086250356,0.8094171543955525,0.8601507547232977,0.7764878451922717,0.6558841968140091,0.771143004217578,0.805095116373642,0.7143631482866822,0.8135273322631248,0.7404046094113195,0.8025309930391766,0.8100056403797375,0.7275265677826308,0.6744721854403962,0.7236860637103021,0.7055731682440542,0.8142119024792261,0.6086795776387129,0.8846894720601762,0.6922068170686982,0.8422114663717567,0.8548517948100514,0.7654885430391145,0.8158840384926517,0.8842457323570194,0.6945721466393531,0.6761985705315794,0.7867576468748964,0.6409034182436832,0.8083868221774776,0.7257190702455493,0.8478851088805504,0.7816680545913515,0.763738296928799,0.8040923192079511,0.7874065172513455,0.7486020478432163,0.8069161285739577,0.7512466004860539,0.8012182293313378,0.8437366829942743,0.9126655489734707,0.6717056956453449,0.7027176723549055,0.7284445661561599,0.7938932336576265,0.8719048110617722,0.877970188403659,0.8134090647768726,0.7958910032302745,0.8675697064752217,0.6829463949905888,0.6657771175210441,0.7701205848090854,0.6876255708610828,0.8624068190830072,0.7291457260917676
0.7620357262806527,0.7763452217822076,0.7621524250304779,0.0,0.7401864292767619,0.7778572834528897,0.8326125694728,0.7857489410657128,0.6817088103305056,0.7446880754328211,0.8473379698378246,0.7907772086771065,0.7946074717483504,0.7604709922194359,0.7929112388743016,0.7686801367264546,0.7806060863606953,0.7684317696267401,0.7916799345718708,0.697494601145136,0.8151792485681902,0.7792094728348881,0.785114355637851,0.7801355870512247,0.7955685211460365,0.8421803795820806,0.8020482192637433,0.8015482106779632,0.7702442604706069,0.6914455133621665,0.7586843022511276,0.7501317503781484,0.929656666089891,0.775127255088548,0.7619478711352103,0.7926713166650804,0.811421749038305,0.7693729102760793,0.7475209296336595,0.8361972026626651,0.8352750441615722,0.6944723559363064,0.7434295273303612,0.8124104354690493,0.8066869165126678,0.7497242956601294,0.6748031758207952,0.7834001756553497,0.7991403102795684,0.7172046154593699,0.8488893957248768,0.8306297156059292,0.6670933117989252,0.8944649193631786,0.8278321955100774,0.6630502347006513,0.74917993888285,0.8266230756534588,0.7498096880516723,0.7670011693403829,0.809980511077027,0.6505130831631822,0.7813928346233985,0.646234028431619,0.6475921112282869,0.6860164890074651,0.8157447859429772,0.7503880339231328,0.7576078197014391,0.8216816546954612,0.749078547253912,0.698048833702858,0.7546992467919176,0.8625420771213093,0.7675840881349189,0.6968916643402502,0.794543542114685,0.8248548407003559,0.759533152257682,0.6504478928939241,0.6987365002868521,0.768536434096461,0.7318812490998996,0.7758443268613412,0.7671610831290876,0.7734214180459971,0.7650921350813205,0.754645175412956,0.7599443711198051,0.6863092315049603,0.8474799559343293,0.7732324527261812,0.7783395457759551,0.7037301453930982,0.8031845625465533,0.8070271066230067,0.6698051314925992,0.7579938511237322,0.625583436971447,0.8276742579339421,0.736439633341724,0.72609221966338,0.8412148121159798,0.8025178635724504,0.759262262982223,0.7302701944011295,0.7252340007289573,0.7424728436848056,0.7814882744658869,0.7343380860284243,0.8601007137967028,0.727324784508783,0.8137338302825905,0.7568840761622049,0.7894522256547829,0.7825941475262345,0.7219054464749356,0.708278755923164,0.8247602890018285,0.7898553473702971,0.6820413308877105,0.8279467772213139,0.6913263466980506,0.8229975645540843,0.6358686971714982,0.842701042803991,0.6981210896775537,0.7623266258756972,0.8008619571846471,0.7437981760816326,0.6550497358986955,0.7050057312337586,0.7413809963013254,0.7615388223052042,0.7260905501161609,0.6208429908601139,0.692714070819028,0.7911416614527225,0.7932894144049655,0.7548100451289903,0.8737362959676876,0.6990509554982884,0.80432084449988,0.7343352702832928,0.7807224858064348,0.7600510165995494,0.7222017562981575,0.7317370901382979,0.7246406762167634,0.5770942724970638,0.7913635135388025,0.746399678606009,0.7521540060845261,0.6964173146922114,0.8431827891974323,0.7624253132923267,0.7748721957917054,0.8041012566015086,0.8689453190018341,0.7796909704321341,0.7104710781840298,0.7342504981055581,0.7550839044176716,0.7814411916545829
0.8521271682098726,0.8116268065636365,0.7539385672582969,0.7401864292767619,0.0,0.6925393912241433,0.8733494243316975,0.7068111887499451,0.8309653410325335,0.7058012978802228,0.8408070996271729,0.8244347654699808,0.723268822606321,0.7676142584770311,0.8930235066706523,0.755878575112073,0.7413288961120933,0.8327084137528048,0.7968152721949878,0.8206939028011196,0.8528745306421796,0.8935477872744026,0.8046139784739677,0.8662603131751565,0.7973527913278023,0.750342251467834,0.7609796549373202,0.6912503522110979,0.7584671833378382,0.8080861124900178,0.8585837090885193,0.7309784553227676,0.7974451769442966,0.7129992417189344,0.8885906028842787,0.8239184570818301,0.812828306280066,0.830114549038966,0.8493031117032226,0.7942195001384255,0.8316781853704981,0.7771912728442485,0.8160068118061872,0.8712163094515802,0.7800972733398234,0.731020772264072,0.7928201032502067,0.8293668094740924,0.8711740402156227,0.8441253460127711,0.827703569506716,0.7655948187424133,0.6997733830026024,0.8162731043935516,0.7891477256611635,0.6993904158451244,0.8133888696672334,0.8008272720419843,0.7986610906972987,0.7809613111176165,0.6544170446796893,0.6378295850167748,0.7143669511198439,0.7888152625513573,0.7793563048253804,0.6487145901388462,0.733303780677596,0.8062008340002873,0.7819802040907192,0.7538236198861178,0.8348511369788946,0.8022442317499531,0.7051010176318837,0.7709553967164317,0.6990765683629442,0.7001827172166116,0.7015878005574528,0.8635766463892823,0.7057146278059165,0.5984948853291836,0.6349924429621127,0.8728356343995327,0.81062615330286,0.654562457634584,0.7404386534310414,0.8094017927129398,0.6929098545493035,0.8024471106520416,0.6764439280529722,0.7347927896026375,0.9096648841508495,0.8427897368110224,0.8602709866153891,0.7106535401456331,0.8346892144082816,0.8260036540793615,0.6690165520452629,0.7291371932211345,0.767451160019147,0.6902683183886571,0.786151724649305,0.6581833218657339,0.7510408165772907,0.7855347006952991,0.7656589138699832,0.717127789075691,0.6319829061684072,0.7173750622110168,0.7808017482287554,0.7869089881656105,0.8287904660833366,0.8472187843277935,0.6729818270718165,0.7015946383209344,0.7185736224531979,0.7439479905959584,0.6862105792129859,0.8493977226362871,0.6783128890946111,0.7152370796947141,0.9011466572378078,0.6619959956772403,0.7315700567375433,0.8223885734196481,0.79303126486721,0.7788265704912021,0.6435454123350284,0.7879471268466552,0.7121633179310451,0.8181457834087509,0.702653829899435,0.695966289758502,0.6583057700940738,0.851485041404939,0.8256114006050354,0.7748897164707896,0.8066341178646572,0.8859950554931352,0.8173285459231054,0.8597572303233403,0.738715426169992,0.7757820344570565,0.8541861758378839,0.8150802286687253,0.8588181883569006,0.8370880575633518,0.8921143379688551,0.6634025996133707,0.7857260433600084,0.5935806436153296,0.8194476734694952,0.739412550170188,0.886324137297219,0.7687397430843751,0.7846796095318986,0.7969723002944498,0.7570271745166548,0.7255131401202,0.798212112356012,0.6664484785689379,0.6174775580027707,0.7985443729068918,0.8303649191401143,0.9161799003037343
0.8052670866391661,0.8696284817640146,0.8794450031193187,0.7778572834528897,0.6925393912241433,0.0,0.7495089254851278,0.8839363640215376,0.7737342427778645,0.87720440831941,0.7986981486850716,0.8586243055974246,0.8862110819756698,0.7218744098489975,0.735064641509129,0.8731894629214014,0.8331879751903903,0.7552805472502946,0.828016389697055,0.7635018299508396,0.854975960686216,0.8064998247040991,0.7267317218439674,0.7539505587508066,0.895509785335072,0.7233453258248563,0.7445847917297104,0.8031768682932854,0.777363897058059,0.8128672647442428,0.7963415527218665,0.8922057406377484,0.802984258412316,0.7830532195858395,0.7193149478203676,0.7305531883528156,0.8552876933470486,0.7568317751497768,0.7107834226387667,0.7323537055114725,0.7357163043025371,0.8319383493450229,0.7390848852776005,0.7486712803868135,0.8318683022793197,0.7868497493507902,0.7963531805036855,0.7741120951485261,0.7505418106786358,0.696948759393969,0.7821380387107226,0.8344152943376805,0.6812536140504548,0.8112461260744344,0.7499311964799813,0.8442661226771185,0.7484733880949648,0.8894684810710877,0.7038559022426703,0.7575439671016994,0.8573339470195699,0.7120963007109916,0.790323489459358,0.6251251286034865,0.6380885479953949,0.7302168708470153,0.7724113238034839,0.8343004531657904,0.7527760938800767,0.8657040796065754,0.7769216927919388,0.6477554267442219,0.7293966924741639,0.8443400320639435,0.8855613496800583,0.7731996791822802,0.7568474694119132,0.8091075305760337,0.7442754735792703,0.7487647753192961,0.8646238900390113,0.7521050706990118,0.8593634941621628,0.8334570531660845,0.7341584230234128,0.8463790672045031,0.8342580318516208,0.7147107939406129,0.868551896172203,0.7835345884460437,0.7605643492647529,0.7922857194779407,0.7343580373432012,0.7244819515693701,0.7006685615688076,0.8777801085138496,0.7274656199764422,0.8624974582660666,0.5994531463604321,0.8404314398132255,0.685523197751134,0.7471474843742922,0.6942488458459791,0.8284201216793197,0.7428622819689356,0.8256582392529633,0.7866362722820025,0.8474413808150006,0.7644682695330843,0.8463053356854991,0.8009597808759261,0.6348092176210133,0.8738957598797594,0.7943533905442612,0.7394536501693977,0.8332088122298796,0.8292104289616765,0.729489475702032,0.8107222033891521,0.7916419627227953,0.6284163216121202,0.7671145010334036,0.7535632971705511,0.8552053907977413,0.6304126105644672,0.8693033463166532,0.734225970542623,0.8134474501331912,0.8267889668330366,0.6941291541485831,0.8520296110056587,0.8776430513530735,0.7319673614870152,0.7134355279557472,0.7294922972800816,0.6211064226018012,0.811315916300176,0.6801483224859537,0.7278118948677467,0.759023306356942,0.7862803009855222,0.7989872923809699,0.8092599303315176,0.7008298565716482,0.7693920545247789,0.7602751154864504,0.7862004991402803,0.8408199317120423,0.8590961701612705,0.6600710528650423,0.736327790952486,0.7661091989410741,0.7139454484720065,0.7684023613822437,0.8906470676170696,0.8057532613012479,0.7874879199838319,0.9135515334125607,0.6909125832054784,0.7347851361931196,0.7562781794604169,0.7676025094745879,0.8751718246987262,0.7269929940094166
0.8461459923928701,0.8780774249021442,0.7599887925455547,0.8326125694728,0.8733494243316975,0.7495089254851278,0.0,0.7410871948731705,0.7924781098746911,0.7973013725596347,0.825407014946387,0.8704512893958842,0.7866683832263381,0.7708010231688587,0.8963015361303776,0.7612840952208827,0.7615025104536697,0.8249387828963983,0.8223264131880742,0.7816039255336985,0.8388310481421521,0.8579264941669678,0.9045084761391049,0.9184739965772623,0.8668196307659933,0.7661915141263658,0.8235468148672248,0.7631284313397527,0.7926232873929864,0.8094896245351366,0.8572228770226283,0.7772576021909223,0.8651898131387579,0.8109053526354719,0.840653770785565,0.773303990186489,0.8581201526311537,0.7459338999030719,0.8037710916541722,0.8858513589761531,0.8194421531267477,0.7997985133732709,0.760782667628976,0.8425958586400191,0.8286151379131703,0.7878153157984502,0.8064139834722458,0.7937329075322184,0.9319861549554614,0.7542757438201664,0.8427249075078134,0.7807001360497455,0.6921881374318757,0.8446017147748959,0.7957436062000267,0.7700515308164578,0.7888123818867344,0.7865145537707902,0.8277112403171449,0.8040593085654008,0.702925430265637,0.6176412806538083,0.6791620052024783,0.6941024742134013,0.7173794209730076,0.6615480080542945,0.8215397197917744,0.8284737015575047,0.7284239348424176,0.7628838002561813,0.7964148706477293,0.7577402345275628,0.6876619811916836,0.8294532172635886,0.6988317657085553,0.7749178960553228,0.7551952713679374,0.928527536746004,0.7049217477028887,0.6554609795308655,0.6613884071141346,0.8324371539669374,0.8608182285204755,0.6617929502808135,0.7159218639452923,0.8119236495545316,0.697914835322632,0.7906656510352786,0.7686100103747087,0.7934250415425022,0.8490838052512544,0.8897588620208411,0.8227299699149073,0.7404538087353666,0.8013165276621425,0.8726764041488596,0.6290399578162089,0.7924581088349131,0.6779882530284794,0.8116482692503199,0.781157417286595,0.6656953087481338,0.7674791920786207,0.8250879214097058,0.7141091221855849,0.7487385681713501,0.6593879233952095,0.7779031719600304,0.8469386646699567,0.8623747321300608,0.8983779276754182,0.7398861088526444,0.7328782872893297,0.6985848153197871,0.7272316468069743,0.80880092689858,0.7519849545720104,0.8203504553162704,0.716562466822422,0.7315956843749989,0.7751764236118323,0.6663823652439566,0.7307009722685189,0.9089536129059028,0.7115952845189146,0.8428843254149788,0.6571708350646337,0.8148168738644198,0.74599098737487,0.7851663798644569,0.7303046433796794,0.6570398775482263,0.6785220666252544,0.7779798581884294,0.7732689060083251,0.6956805288828531,0.822261739713287,0.8700757661335577,0.8255342790361697,0.832682520696957,0.7855121629458117,0.736117123249627,0.922109739877479,0.7143493479911359,0.8304588315809782,0.8562039999549816,0.8335547554039874,0.7485182290030516,0.7980381121167406,0.5529196851101001,0.8030413855590424,0.7641844128148629,0.8128116545596666,0.8286265713182416,0.8483994347796452,0.8207507394971055,0.8406727249089461,0.8302730721594922,0.8558680164297632,0.7336014996349473,0.6864124304778793,0.8001556630728791,0.8482767553116852,0.8600675130454587
0.8120964118233194,0.8306215032577049,0.8785882402487342,0.7857489410657128,0.7068111887499451,0.8839363640215376,0.7410871948731705,0.0,0.8169320960451938,0.8251915607459963,0.8131756932540428,0.8625526966605898,0.9094635695142954,0.7155374222094278,0.788187910240709,0.8957720156328002,0.8058211902233116,0.7935749567240897,0.8024973761371206,0.7931512778947154,0.8470232219567876,0.8348104982644443,0.7575142086611388,0.7788407203722378,0.8707023522328885,0.7944220584776446,0.8358722722523296,0.7999414118895015,0.7154917042046463,0.831863000936172,0.8407494749683,0.8582797900566743,0.8139424896150865,0.794313570319773,0.7165251686328128,0.7546259343014392,0.8967957640717994,0.8087607674960018,0.7693354302521151,0.7605920294560832,0.7416803507847493,0.7859926105727756,0.8051667150606574,0.7194384029302013,0.927999598699584,0.853107178936873,0.7690598956851448,0.7695851439622273,0.7640391649918927,0.7402356832878775,0.8045590708567243,0.7861193544921541,0.648546584488364,0.8048234548630522,0.7625425560501002,0.7868805049211404,0.7750766297511756,0.9132628694086167,0.7005878801009459,0.8045785554155603,0.896772174397932,0.7167258074615609,0.7954715092383703,0.6360457014630554,0.6485022146207559,0.7515617237336284,0.8364527754257026,0.8621464693121541,0.8104160799827832,0.9596491781280676,0.8241456074150059,0.6639779618650441,0.7004867577662184,0.8904381073892131,0.8776714513808893,0.7306505147800831,0.832961743773076,0.8007272631056247,0.8260252942559598,0.6271414053389789,0.7342202060266037,0.8015463626940795,0.8599447998260594,0.8409314204173755,0.7297405476441526,0.9011740651215425,0.8987465404697514,0.7638734711234768,0.8854542046675805,0.8332395346877426,0.7893436537987564,0.770015056315936,0.7368660272918167,0.7039121415754728,0.6935727299974916,0.8558661604510691,0.7655546718648011,0.8040324071267633,0.5828313954852244,0.8506579955312071,0.6977745306810761,0.8665701681393154,0.7120209626741187,0.8012553035319832,0.7720594897215258,0.8910249435457646,0.822582813342026,0.8176786839729306,0.7894820488344486,0.8042473821341382,0.7682797154416675,0.6758378515225708,0.8045664217000961,0.8516060559081255,0.7596255247623688,0.8394125574540128,0.7381215507140442,0.754450838020048,0.7097482293108643,0.7631569411019672,0.660739579994536,0.8637495837577209,0.6920377057964898,0.8448986801714182,0.5997764410235871,0.8578974517104777,0.7188854530009257,0.9168168692743613,0.7745403652848901,0.7557058909978595,0.8276953495607413,0.8768574445483872,0.7946997376290909,0.7122836302208437,0.7716946295064716,0.6132899622741059,0.8197557164665896,0.7199832736765766,0.8096819312796579,0.8413547724984508,0.7640783724438923,0.7531206872012084,0.8061093516906034,0.715611101895878,0.7803970269753404,0.7887604260262766,0.8304469341976779,0.8230321814277615,0.8364869331549586,0.617506550884684,0.787641865505147,0.6877977404944615,0.7687672566121613,0.8121633250162061,0.8789535672905949,0.8916982725231759,0.8130075035464172,0.8936245798490636,0.6754106137579942,0.7044086355070114,0.6964581636205178,0.6957704144427281,0.8812625438904241,0.7428281891559213
0.9019661555375225,0.838710856367929,0.7507523330578412,0.6817088103305056,0.8309653410325335,0.7737342427778645,0.7924781098746911,0.8169320960451938,0.0,0.7256629992274592,0.760527922030884,0.8229998749247233,0.7856016100750589,0.7359791460977447,0.8434206404772958,0.7612092382125417,0.7162996984953911,0.8316254690515591,0.7707297986166947,0.8478346065501376,0.7908957239808624,0.8660287916855004,0.7605958916974045,0.809968740793665,0.8263969338162717,0.6924094161278496,0.7783543518703389,0.7035428079873473,0.6647611448279283,0.9026228733713486,0.897730817593791,0.761143043432548,0.751386532057961,0.7168136744101166,0.8234962897082719,0.7218457084960052,0.8529673240549364,0.7951849323708108,0.7675449449390186,0.7272561878688187,0.7212120402200649,0.8712162809447588,0.7662697550825588,0.748914336597592,0.8210116186395691,0.774007540803815,0.8287831998679392,0.7362574564838685,0.790866139001743,0.7724088370573348,0.7611978500986671,0.7454741002519181,0.6825502273605658,0.7243372601195015,0.6816033193604406,0.8515816605213155,0.7888416042519245,0.8106717832720004,0.7124461454285708,0.7714887014319245,0.6995076912284023,0.6671057306280426,0.7008362671456597,0.6830880254607284,0.7388324719006159,0.6770213583530991,0.7666838132292063,0.8731892779756039,0.7498736538349788,0.832774995762142,0.8689801076013035,0.7267021653199277,0.6955762868391313,0.7585718432347901,0.7514037987853764,0.7474314474743673,0.6821882227444799,0.7793616042736647,0.7196443435127868,0.6041211697064108,0.6590529910073619,0.9091913797669421,0.9055585905313875,0.6864923871328267,0.6986973221402543,0.8904189060770538,0.7776051159956431,0.7763061698001807,0.7707463320760831,0.8884831761033525,0.8257955582703167,0.8665537217458088,0.7382920148131367,0.7130900770647939,0.7518598447655291,0.8452094765847908,0.7019948791936313,0.7748433252383381,0.6983540091025108,0.7421187341690879,0.7230855695633873,0.6793894662082669,0.6743223569471225,0.75384178782134,0.7577159470879472,0.7787502598632923,0.6337545777140792,0.7617002693913494,0.7460465653215014,0.803997059953651,0.7379248898212769,0.7325131887853747,0.7211011376095525,0.750381257618667,0.7004884436626583,0.811695419920324,0.7178264001554417,0.7644783726643752,0.6043855045456787,0.7653294466774084,0.7722966428790857,0.6989965774562517,0.7309669409720361,0.8304154033921328,0.7511956727111889,0.7430241996936501,0.6702149090747292,0.8342375332836339,0.6540722407719569,0.7612592809187478,0.8663790784803775,0.7467764244118513,0.7095414477354676,0.8350098256438816,0.7753666310677512,0.7056538357451121,0.8654748849933157,0.7748290657053457,0.7520812156819529,0.8485748622791502,0.7025938176592815,0.7505900219936564,0.8805289421874242,0.7287225093448787,0.7733928054312782,0.8423739942314538,0.9483291420326968,0.6973236912261617,0.7951830235563914,0.5781760241160315,0.811936236405081,0.6959875910388863,0.8044957204625021,0.7953144265590185,0.7835025103110258,0.876813092353156,0.7860831783751585,0.7889611931547115,0.7039204652029658,0.63917501191262,0.6128574281313052,0.8008823384240488,0.909623494683937,0.8624982857786153
0.7493985528037767,0.9177336583550243,0.9311331672750102,0.7446880754328211,0.7058012978802228,0.87720440831941,0.7973013725596347,0.8251915607459963,0.7256629992274592,0.0,0.7936472020540254,0.8731700500808041,0.8537626190123917,0.7194857939189762,0.7487540436059538,0.8588627739358826,0.8322457409303847,0.7574322437546414,0.8032005989198048,0.74930333961896,0.8321970485032734,0.8413943220412463,0.8015768304587674,0.7987906484251925,0.9117154396643046,0.6786403326874615,0.805021857636828,0.8017698356278303,0.8701530599796786,0.8005255510672987,0.7640242225257322,0.8539578124207893,0.7782665001770024,0.7688423924910174,0.6987339826455701,0.7219206423863163,0.8096735722673489,0.7189612880911113,0.7113153159870357,0.7884727985107279,0.740526644104357,0.8225765900337932,0.7068998259230043,0.7085473774996063,0.8250482346761475,0.771091141999689,0.7970432163637724,0.7472419192106308,0.7976463965813262,0.6755001842203266,0.7308760193671854,0.735450467614206,0.6601535793308432,0.7990382023633283,0.756536325637296,0.8066597642809791,0.7054997991740751,0.8230453802905333,0.7652937392910978,0.7489405092487537,0.7824492347301841,0.6192768447851865,0.6819784657564275,0.6537961309561309,0.6102804820617174,0.6597998109205141,0.7516338004097327,0.7900443338128281,0.7690669453619836,0.7967236001194883,0.7035240497678025,0.6456007620777022,0.6441818974530221,0.8281450282022105,0.8192651053607757,0.7293902142993388,0.7383649387727138,0.8505747631161003,0.6822287238127649,0.6486585822570667,0.7725081611670765,0.6867127988285985,0.8579976821037155,0.7495011643401326,0.65008676606403,0.8150256489951595,0.7125155875538023,0.6844464403445837,0.8229303609353549,0.7593270324165909,0.714095624759246,0.7536901724173993,0.7479500696206101,0.6697406633536588,0.6650052761200697,0.8704885623312678,0.6451036115126372,0.8291702834214044,0.5634578796933316,0.8015384038062053,0.6730582711759255,0.7022410494529044,0.6409837802250136,0.864902295276239,0.6608824126150212,0.7903867873433339,0.7500541958782907,0.8848111338277793,0.8035325974709817,0.8827366623444208,0.7803270389898503,0.5990970746466573,0.7399519921885506,0.7612707328606113,0.6757088978881566,0.8054971871465576,0.7852269911242341,0.7925979077307869,0.7913902311122032,0.7067391733931744,0.6217897537498616,0.6564140604368172,0.692704533404511,0.8192622943734716,0.5889958623781293,0.8859376832631027,0.6540840959489159,0.7981885944382575,0.8468614129099373,0.7096796644449962,0.8369659743059161,0.7756629870777928,0.6532349765756347,0.6336701357531128,0.728094719599363,0.608687625467133,0.8139638443325736,0.696886455896208,0.8061121719924776,0.7501848334344692,0.7484482648125431,0.7693351441854478,0.7939101523385905,0.6766105241467167,0.7624851706634842,0.7364620592327561,0.7523435584402183,0.8672574843075782,0.9196503440183045,0.6498226049679688,0.6664490212916371,0.7551036685148552,0.7403394963999156,0.8771064673354987,0.8807793986164676,0.7693729240582229,0.7972791980312381,0.8813957736349773,0.6828827728092521,0.6671949359627344,0.7892120939055806,0.69801969168652,0.8528982003317849,0.6882770041963048
0.8489765071713897,0.833237275285963,0.8486295826497573,0.8473379698378246,0.8408070996271729,0.7986981486850716,0.825407014946387,0.8131756932540428,0.760527922030884,0.7936472020540254,0.0,0.8594421401285106,0.8585165021719546,0.8176887775343067,0.8321476405252412,0.903116342721926,0.8613866651502806,0.8391872626600942,0.8684345651241104,0.845549335828528,0.9135417759585078,0.9053206941970678,0.8131168879888327,0.850584181810021,0.8773961195222211,0.8207152710792186,0.834797774673761,0.8427183641305821,0.8550212001871489,0.7832570601797743,0.8344201762289013,0.852094269136878,0.8325536720046205,0.7952591268506782,0.8477489016121181,0.8510456567493068,0.9043558425983005,0.8923859155012195,0.871157538723379,0.8338358215953832,0.8155353312509338,0.7596467504037661,0.8416135751925305,0.8668026734718262,0.8595765292189641,0.7652753346163602,0.7018247358278829,0.9277316283975546,0.8966985612288517,0.8175623283948492,0.8724935938776947,0.787222785945835,0.687351172414487,0.9148729286611943,0.9146108360701878,0.6780897328305471,0.8484520134468849,0.8886141453306554,0.8261693385281218,0.8183545570897066,0.8500441640188697,0.663481161473886,0.7981170997333263,0.766965679655534,0.7125960866064236,0.7247638812189638,0.8411155478000698,0.806295008487653,0.865682878416681,0.8807847630519983,0.8140383244080759,0.7818550328539144,0.8103357661802365,0.9006028458289443,0.8416564232761214,0.7331272736816851,0.8635049555409171,0.8702543345766659,0.7647108417535792,0.6832562041875127,0.7107444221385134,0.8001008533502806,0.7863783770813153,0.8090608005834785,0.8109356867031956,0.8262752418801883,0.8410865003214235,0.8144657304877511,0.7608522947673882,0.7175003427285239,0.87952793478471,0.7620949857837829,0.8825753570507977,0.7629219733588607,0.8394572117066419,0.845170990189158,0.7330976079033482,0.74187073716357,0.6839185369688401,0.7694038633579063,0.836747476233661,0.7993795019705923,0.7615050202110742,0.7971461719419299,0.8063290543502568,0.7613212651187111,0.7605690645573022,0.7874892811729803,0.7820075141346562,0.8307113110052775,0.9020289103247874,0.8044819830498775,0.8144652798921369,0.8633097251002583,0.7751665361172995,0.7781068309567792,0.7358725731708611,0.8894884812914989,0.8098729739869143,0.7570128239562295,0.8022695433621044,0.7554360499512602,0.7738938660672988,0.8489173797704569,0.7359130151451809,0.8891877865435482,0.6787551013089188,0.828834023679448,0.8360244373753823,0.8093821092391486,0.7061948855015973,0.8143190197381585,0.8279496249222777,0.8193634032017685,0.8855590183616682,0.7108222853620483,0.7918769342949602,0.8259875794493581,0.8859922091661974,0.856509161651549,0.8175179443764717,0.8545433691586963,0.8215585229474963,0.8345530060959206,0.9230670720606449,0.7838252055850639,0.7970711492980233,0.7317930589569317,0.8385470194869866,0.6603002012256165,0.8619683981145497,0.7696321910741878,0.9130865085624579,0.7364989527635494,0.8465646134285505,0.8527505479754998,0.8754255129973587,0.7882569999482997,0.8292886914210512,0.7933746573151889,0.6731703094578876,0.7963866842303533,0.8077807629889358,0.8849806619256854
0.8243305879346404,0.9021870418604112,0.8595362321919916,0.7907772086771065,0.8244347654699808,0.8586243055974246,0.8704512893958842,0.8625526966605898,0.8229998749247233,0.8731700500808041,0.8594421401285106,0.0,0.8173839116896936,0.7034733273578484,0.8366604923490544,0.863513026632597,0.799708277868581,0.7719920643026036,0.9000114239135081,0.8153777020544398,0.9050756810088731,0.8734492050012155,0.8602676357346949,0.8720053861403987,0.9549452808912482,0.7534322654056345,0.8116489420338392,0.7854481061584865,0.8129303242385991,0.8783566518797374,0.9022364950190888,0.8508252404883536,0.8215591981879444,0.8659412378633959,0.7972446290196165,0.8032756206347851,0.888759725858636,0.7846056290118273,0.8472582279357257,0.780581271922418,0.7913594097539016,0.8489607771866376,0.7945800928589797,0.8226283809223526,0.8864944703852392,0.7822677727645412,0.8058859186691916,0.8319711837707643,0.8698959849288787,0.7437014971132356,0.8071842178525348,0.7807880183423154,0.635883093057403,0.8524112600058107,0.8198755346473359,0.8096355144635747,0.776724036315455,0.9235964536738347,0.7387611843036236,0.7832134702255148,0.7674890524376644,0.631660332789737,0.7126814498589967,0.696211969864904,0.6598202239390013,0.6614955129529042,0.7800719603336997,0.8151065128029253,0.7490185266419044,0.8493368537153743,0.7812837170518301,0.692968052487711,0.6772413964632019,0.8318053254461191,0.7812655875500825,0.7337941218764329,0.7727475537923043,0.9048073347492264,0.7426922251189179,0.6400960607658467,0.6959571030396617,0.810861659144919,0.8869212967635816,0.7226847008841066,0.7294287975442224,0.8699795174183566,0.7997229096074595,0.7452676192141642,0.8047257418364573,0.8285283076432728,0.8175226618864183,0.8740634022301316,0.8033348089859174,0.6996055289599654,0.7033212306754825,0.9379216025282506,0.6822083847261947,0.8816720298920407,0.6419735265875536,0.7865842445480352,0.7422231125860563,0.7574995688801655,0.7514466873236281,0.9082974977321012,0.7265657694258121,0.8006675744513587,0.7258413565654094,0.8600861213523846,0.7850858373771166,0.9028232218440702,0.9035183836706832,0.7198783131946047,0.738447352548576,0.7854017949470419,0.7023013163056503,0.8069947804394217,0.766112685963412,0.8576696270869197,0.7552599628974476,0.7384200389787327,0.7151199270916319,0.7246774379776262,0.7478170484256552,0.8795140744144626,0.6622715274449393,0.9048039638115434,0.6518958436754337,0.8883227960391114,0.8276829210331218,0.7313975685410763,0.816705173602772,0.7665072560415244,0.6954605221213662,0.7628804117855618,0.8211304614307088,0.6434084192837535,0.8710649678440128,0.7762597581108609,0.8322959111293642,0.8774483075010837,0.7531839985101548,0.794296285130448,0.8535366853874639,0.7479943110379943,0.8617939844241472,0.854202934183797,0.8779468677808661,0.7645891830137009,0.9163659318263284,0.6389403445511496,0.8108895652229537,0.7388530578681018,0.8224474265604025,0.8361819583319388,0.9560399560353084,0.8500305609065347,0.8103833909690272,0.889247738183589,0.729193944254563,0.6908833976643396,0.6543795065417896,0.7686036091802694,0.9173865765685137,0.809929254021815
