0,1,2,3,4,5,6,7,8,9,10,11,12,13,14,15,16,17,18,19,20,21,22,23,24,25,26,27,28,29,30,31,32,33,34,35,36,37,38,39,40,41,42,43,44,45,46,47,48,49,50,51,52,53,54,55,56,57,58,59,60,61,62,63,64,65,66,67,68,69,70,71,72,73,74,75,76,77,78,79,80,81,82,83,84,85,86,87,88,89,90,91,92,93,94,95,96,97,98,99,100,101,102,103,104,105,106,107,108,109,110,111,112,113,114,115,116,117,118,119,120,121,122,123,124,125,126,127,128,129,130,131,132,133,134,135,136,137,138,139,140,141,142,143,144,145,146,147,148,149,150,151,152,153,154,155,156,157,158,159,160,161,162,163
0.0,0.32092342924345546,0.292403702800627,0.28056366384311493,0.3056150052736495,0.3131846550011394,0.26968395690565394,0.31020047631598563,0.3766396045118578,0.3146503083578481,0.3604523619120995,0.3168162446822991,0.37271644309420593,0.30062176678592883,0.2696894991985607,0.36766575604051316,0.3574700761046364,0.41917177740827927,0.3027385795109159,0.5459564337509629,0.352134460940132,0.3338144810995474,0.28252976287499176,0.27164617613210795,0.4230077698708112,0.2559449078389175,0.22003170489429522,0.30068817456037167,0.2752751705539866,0.27088995944688626,0.3412241669046871,0.34818218096046155,0.2541110635258056,0.30530653086491905,0.44036204266309154,0.3203446304848307,0.38792453808737615,0.37846410323736884,0.2706942440742225,0.2755401839928981,0.25901700283855045,0.3396911477418775,0.36756417214493975,0.394088506222678,0.30610049245837206,0.32829931054006356,0.2878143088002158,0.359567520741879,0.36054911092523245,0.4093978606615978,0.3781110916805305,0.3553229731934638,0.3378830169201298,0.3089954510394553,0.33259112748983605,0.3401798915255157,0.4700128580680275,0.31490640916585827,0.32436243858407293,0.3286601315606422,0.3110011484991153,0.2660528125488897,0.3775481270450322,0.3214511280929684,0.3398858154519368,0.3731595041648894,0.30249748905714424,0.33714435594870035,0.2838193174226441,0.37400391924531307,0.44569689863565154,0.351899070728542,0.368033437632129,0.3308376195607158,0.3477646336411648,0.3496223690014315,0.278131128250911,0.272040023672563,0.2999447081159242,0.2533437624369234,0.30523200136597134,0.37168646443714504,0.3378930219875878,0.3171433583488788,0.3472921466744223,0.3442952937134791,0.3300222855503921,0.3655199489514261,0.3296451840802257,0.3105248655061584,0.39225022540415055,0.3102479895768383,0.3827302769540138,0.39910698646717097,0.40032877219621993,0.3298430722253592,0.2614849975868979,0.29647054397082806,0.2886892864307257,0.2929294271244303,0.3154818710526886,0.30088815779690176,0.2819053360692164,0.2887742711173757,0.40011477789121574,0.31623699529636323,0.3174089812943247,0.36121416145584556,0.2761018992560141,0.32249653748105767,0.34948314086233545,0.3932659206106934,0.3599881616768049,0.30813544596136,0.33443224687574913,0.3063647966430063,0.3422346882769039,0.3737499015086705,0.3301338025581708,0.30563588859450525,0.34171812708392746,0.2767870831930122,0.3587407455629815,0.3490665479730449,0.3344956616098189,0.2798125057608503,0.26639860198729864,0.2637116741647989,0.3075025577812737,0.30630947135681197,0.2856172177644019,0.3099112766792416,0.3082177049482759,0.3761662452815598,0.3388165939689964,0.3505839902010338,0.3720558048212472,0.27720430889528214,0.28441277111582836,0.34938027446872433,0.28828255820835813,0.3585760582001074,0.3711380251400391,0.3321536250186457,0.36815798064654714,0.32380523620001944,0.33851963398017665,0.25167605923550374,0.39008072611993566,0.21852598793751038,0.41863908000644884,0.34883938803869946,0.34316356426918126,0.22898290517779368,0.32790672074665783,0.3734357428419662,0.2693672979914339,0.3038137587188356,0.30173321338658116,0.3513841887133422,0.25264556531985183,0.39045901187439963,0.24495720510193633,0.47236731896912976
0.32092342924345546,0.0,0.345699079897083,0.3780568386793891,0.25574727683469534,0.3322569384909851,0.30697080160874185,0.3910699421785118,0.27971043910640014,0.39688204339462657,0.3601203139728234,0.3381600823655426,0.36860103951045564,0.37178871391300056,0.31240611865551404,0.3321021401835478,0.33978857094547177,0.3518252522989902,0.30766878651251345,0.3583794500421522,0.3484884536386385,0.40033565561655277,0.3177362200223958,0.3182918689116532,0.3585158411416158,0.30303771548393205,0.23905923724282346,0.33106694420481886,0.4272188007549066,0.228502284951123,0.31376872249368426,0.30636818308003505,0.37902292477051014,0.28339749951308163,0.3470294185352055,0.34238478565448244,0.3336451749829996,0.3628749514337208,0.306498013465677,0.3285633633695531,0.385777417071826,0.2826461781593252,0.2665480039111238,0.31924719401932855,0.4366313877261388,0.3446060185464736,0.2705231651947693,0.29418928182134396,0.3592176566201018,0.32414962964616223,0.3318227099197121,0.3538342597867257,0.3832128366198675,0.4537948504385703,0.38333372554821754,0.3225730684248991,0.3746429036697738,0.2854720409138215,0.3785963791416468,0.4170183476807735,0.39571653635126514,0.24071902226342828,0.314706424554519,0.27267229256241327,0.2763554472392092,0.3153712489565337,0.345518261624939,0.29684119476306164,0.27514467345289734,0.34357197409301343,0.32796104700943823,0.3695124450906213,0.27020439743716523,0.3947300592777985,0.34208043662721344,0.2926032057781049,0.307362684186664,0.3706473198827103,0.3276074168667695,0.2368497578253865,0.2866957252500192,0.3012503610251134,0.4183308102097997,0.3558915531286283,0.31257950223807085,0.4722771454233717,0.2811569510704887,0.27294927682744863,0.309922361595088,0.3829247444181683,0.2861470993684076,0.28233378041464435,0.3533845666485204,0.35598862125770553,0.37813836540852047,0.3774004195816374,0.28931360107976883,0.2983958498756221,0.24369463304461556,0.36185206969762707,0.3522915166842225,0.2602367950055639,0.2384386708340408,0.31104362277998293,0.31468827884983913,0.32761325675414227,0.2952765868932371,0.3699512808664073,0.34423029447405556,0.354375785320326,0.31379874772220623,0.30227897965944356,0.29737146307227874,0.276560943745247,0.44625757590855053,0.4164916116481563,0.3269403406783151,0.2645939448085504,0.3355444214655765,0.2780649985799779,0.349993884690851,0.2835967710967599,0.3160762039868067,0.38114411149022287,0.284917669018007,0.44236685466064873,0.2647269371089631,0.35767993079332805,0.4209133069861695,0.3351726723084831,0.2800949542953834,0.2928905655115727,0.32140519557724134,0.3494013702934037,0.33086118737991754,0.29329535324810285,0.32283673096724724,0.3172035607673886,0.33711836481187923,0.29126794339277856,0.3780068053822292,0.32281620199008043,0.39049665753201135,0.2969825046832588,0.3710745157552413,0.26334597627405293,0.32505926951322633,0.3249834838206057,0.391871992874473,0.2219637621764132,0.30711870013540243,0.35778043629419043,0.30443080338963147,0.2978184905512609,0.32948812621656215,0.36024251854237,0.3144473239312091,0.3607628579511069,0.32078627934544923,0.29116453482067567,0.3357639358845295,0.34434197972848646,0.24725008913671945,0.33780385188561934
0.292403702800627,0.345699079897083,0.0,0.3309359383631615,0.2982951848325135,0.2907451029993917,0.2651189781964183,0.33892305357857166,0.25951719499827314,0.4046215114138911,0.3622760808585928,0.2786370631497632,0.3691338884099073,0.3027141935186964,0.2584363966318593,0.4163533117560114,0.4104876675599434,0.3619556751740348,0.24171806328085724,0.271185734942669,0.3477086603266433,0.4186744134629082,0.28368274012449074,0.26131759675691524,0.29325216124188896,0.32026673456840693,0.2376359907279601,0.32701311533473304,0.2878793722789013,0.23546429879166952,0.23185627191640776,0.2926694917891276,0.26462894631123773,0.25394398609092944,0.2678905266302538,0.2926470287028428,0.2931375164959368,0.3179368804758571,0.24514062438623668,0.2907101748974283,0.28064793452669545,0.3323521584231259,0.26658804723126023,0.2698502845600578,0.3252418148481308,0.31359255637016864,0.2647017583448494,0.28183483902797263,0.30857363066537785,0.29231549929226075,0.3105452819600749,0.35478447532644364,0.2649642297370409,0.36332681221570834,0.3190624451803386,0.273641499311303,0.29343597631162,0.3111176924542297,0.31168185270117627,0.31026304665739746,0.3139200309561259,0.23807424968330845,0.3480722387763279,0.26461786006090615,0.24502344608704096,0.28546130737511466,0.2878707070712061,0.30946028198851916,0.3217748729990426,0.3361235018063311,0.3147937066740642,0.2697716372296585,0.28524255317522695,0.44974399570346413,0.3403107321205711,0.21572548403243,0.3502656974664474,0.3238364191539574,0.26230332067693185,0.20678039179506347,0.27667318690789144,0.27967345229811014,0.33470122686095405,0.3175553849768045,0.2778587617032074,0.35871507834674965,0.23842578806152087,0.23568683855357653,0.2718206733943272,0.27070587624645787,0.32400848112654146,0.2258963475824676,0.30316657042172507,0.24008502538708104,0.33963091666620415,0.2838816666585868,0.23193722355701463,0.27700488939862616,0.21792393736516102,0.3160551681432715,0.23503715050459692,0.2714828845668636,0.2262426115654425,0.2711496198282002,0.2790151979245442,0.3601484173953194,0.29634777514899807,0.3428533377710713,0.2850429768348308,0.30788856139412313,0.2802524064229589,0.26362547481496884,0.2764177023384287,0.27286765523060363,0.30956633229764163,0.3957385567526519,0.2516958156861212,0.2800813847499887,0.36290197332274504,0.3000288077916205,0.3069996601683487,0.2590475000896642,0.24755827978715852,0.3091925400612668,0.2077967215784932,0.30644420256142296,0.26014067498434973,0.29729683600139545,0.3650113072257698,0.28536376307728395,0.27447028678085145,0.37553724613113476,0.24817129039976496,0.25409915805363775,0.26388740524277177,0.23865385184337629,0.24029697197833605,0.24754219177079084,0.2866311539683488,0.23965606843485962,0.26414144206642476,0.28954098278292045,0.29901409200646867,0.2902155225756146,0.27852777448424937,0.2304651529055336,0.3030019602049908,0.3003778205140236,0.3186132286414037,0.2260017946697296,0.2329599232400915,0.24487327574302625,0.2908673795797013,0.30331161991094424,0.30009636429939957,0.2753388675215913,0.26731585950714604,0.3515881195346255,0.22073398723014842,0.28441621591167565,0.32847087854893897,0.22246044588057068,0.23699295327605932,0.3134790291017829
0.28056366384311493,0.3780568386793891,0.3309359383631615,0.0,0.2518846631138486,0.26002703036998437,0.35252169446557163,0.3595308562399284,0.24199449927107086,0.36430422582465505,0.3051785189622077,0.3074283312848797,0.34767725129986704,0.3076998289461342,0.3740121157088222,0.30224183950788075,0.3323506501243435,0.3416218202368196,0.2736655971322578,0.2800404047009452,0.3425571333167212,0.3285360562453675,0.3661093189161914,0.31776146543981304,0.3258524964059609,0.34018427380301186,0.30993314222193735,0.3086153904196515,0.31607498742283635,0.2141716586517512,0.26915577574377575,0.2754026486275132,0.40582788416615395,0.29887282918766006,0.2740954738788978,0.3144947493913032,0.31255445837738655,0.29657787461292134,0.27956561893143295,0.40559291354136934,0.3417817864547784,0.27447933352750437,0.2706130112368731,0.2728410836610273,0.3809202044348315,0.3882732085925997,0.23611170123534417,0.25993378075785467,0.33638630565746297,0.29040300723094353,0.3557552210858547,0.3337915222613062,0.31226192937458497,0.40754018685546217,0.3454483493478392,0.2757153431644398,0.3377615349378028,0.28150938905288675,0.3466682531959783,0.38789250014194615,0.3602185612435568,0.24644047163259372,0.3065363949244375,0.24188678100868036,0.2770365734159295,0.3141197234322463,0.3901697387843236,0.26748779020899016,0.27495038777691877,0.3073508082721802,0.29014917811875685,0.3079441298941931,0.25835339604804564,0.4648089342770905,0.2937955997395129,0.24674956115011168,0.36657990315736655,0.3771186940933795,0.30101541029586276,0.20317821917123585,0.2473435237963988,0.328872366157802,0.32026016842146043,0.28736439620762533,0.3418003946191056,0.3424604182615539,0.2777648437799938,0.284398661432568,0.33151904252051456,0.3035899967597057,0.29060233852004735,0.26939466280349306,0.30000994827324234,0.27969420781383675,0.3578233471281095,0.281676364267952,0.24120619201218063,0.2877327071062052,0.22704515325196858,0.3717266485545518,0.2779644054492721,0.30393848710417853,0.26867635368604553,0.277836182910239,0.2926888533637654,0.34826789538638075,0.3218910748892176,0.3066761052133183,0.3911926150528609,0.304475117074217,0.30491689942793204,0.2978282422412399,0.29174449366573807,0.28549439558630746,0.3657087863598944,0.3655608600931734,0.2941342703428732,0.2515656255021711,0.2990119328997626,0.2780064557695257,0.29905436501004184,0.2983836007834242,0.26425056086974097,0.3271867336935355,0.21719341602100137,0.31859593664686886,0.269257325669854,0.3491014974823102,0.3540306962184929,0.3782193666561762,0.23921535257343537,0.2759654846524824,0.2916743823969174,0.2669736835676497,0.27727345605358217,0.23485760149592808,0.23903000208810204,0.3383201903322682,0.3749234037158526,0.28630840454047923,0.3466615457978648,0.25857206709690117,0.3927832216353525,0.28302617067605446,0.2882457035564837,0.26409659940340297,0.2941477388064935,0.317476699077914,0.2947378299240186,0.1978843278917704,0.2822827228312931,0.2987663892013671,0.30294783799512065,0.33999932422397766,0.32981104282086005,0.31308795275246204,0.31896445654137257,0.33478848952388285,0.33534038499640634,0.28518905663129085,0.3303249141838901,0.24907391155364914,0.25964439628187624,0.2863004329983042
0.3056150052736495,0.25574727683469534,0.2982951848325135,0.2518846631138486,0.0,0.21537894376754682,0.2856461937339447,0.2593155338979077,0.2789217619158275,0.2732131828141069,0.296469605265637,0.25983387800392116,0.24789523274899028,0.2601832902315615,0.27968249446442756,0.3092570282043291,0.31819446918907723,0.3434949144712716,0.22579064590872644,0.27030607822213637,0.2952518682607784,0.3189321695962165,0.29955458104609667,0.24024726425677034,0.26327357221826414,0.24571333535654025,0.22893349422569134,0.23590363144894239,0.2319510031906099,0.2690247900504126,0.2672672211647836,0.2330178823709628,0.23171499764037776,0.2237473893150376,0.34907949068510147,0.3224024586501985,0.27738999547812343,0.3110238567487688,0.28336446776343444,0.23592012505768856,0.26397409209749306,0.2921539245340587,0.3059647502612297,0.3147737919894733,0.24591656150600608,0.2645143782101512,0.2846539168226267,0.3029594531976698,0.3087521395137003,0.3402900888455598,0.30493297822312454,0.2696005605476282,0.28694370592629287,0.26854454959433305,0.28869566208771896,0.23061716799091989,0.27690051542882077,0.3066108971110313,0.2782491998351646,0.2805707925646134,0.21649567861230276,0.2285435757440451,0.27248437353331195,0.30593606970603765,0.2796775159288262,0.22954316181695528,0.2247975165749332,0.27715104661416057,0.2793262256338231,0.29038672341702143,0.2899344256819449,0.30305487809185216,0.2372199336081976,0.2801294786509772,0.2515271867427554,0.21254664388200945,0.2594426550599149,0.32141704194654036,0.25163416173053915,0.19191110404026873,0.22303993799259111,0.28644314442684676,0.3125003195162371,0.22612478635894903,0.2597291070457017,0.2687681399967126,0.22162883909408232,0.27023440303367746,0.2388254937732522,0.23681213047902427,0.43138909953200333,0.2691736466449304,0.38378992665904976,0.22216870757871815,0.3178729931681916,0.265872753278959,0.19839314402395594,0.2297103937786987,0.2570477035827274,0.2229872482573476,0.2421011922109442,0.24083250871441916,0.2534857375557753,0.261197423240425,0.27767820375221763,0.28786284954513747,0.24744955959496515,0.2960367201060835,0.27155759704054083,0.2612158367243851,0.2603890584766023,0.31652305317211993,0.22181401607142293,0.2737748338143401,0.26120560475678645,0.265683673570354,0.22403047039432358,0.3049684405082552,0.2538397292646933,0.26816979637747207,0.40966987585602394,0.2467026414938102,0.224361799997967,0.28917439808930673,0.24426432249310204,0.23131963625872118,0.2313255799754672,0.26672220684249737,0.26039127859609357,0.26718548403948456,0.23834970090027663,0.2496261897299142,0.21821112342679938,0.25839921790963716,0.2634428611495227,0.27914001951398193,0.25413779320548396,0.2854572065992397,0.25505330865280856,0.29169555130494146,0.2263901679542772,0.27175944069137437,0.299788498110427,0.29218147827777396,0.28836507837757425,0.25433355061727964,0.3122843073674205,0.248205434330516,0.26845291297072915,0.20524885776170176,0.247183486745123,0.2562410090900346,0.3369917577861257,0.2614841188882731,0.2703554564733006,0.2742307982289205,0.20616757466734079,0.2787539802776813,0.2273348829675669,0.2427904427737821,0.22828752829920088,0.2330020976966315,0.22987399597535893,0.3544082086577594
0.3131846550011394,0.3322569384909851,0.2907451029993917,0.26002703036998437,0.21537894376754682,0.0,0.2074742989209686,0.3373617593542125,0.30279225151187905,0.29539813678098437,0.2866382060172732,0.3265516565114184,0.3292135247989553,0.22927235806663834,0.21777168614028072,0.34279589569144053,0.322486145634273,0.23404215066743808,0.3182489810336589,0.3410527580841756,0.35629670330135554,0.2652753604484868,0.2074168660319269,0.22518164582481684,0.3436048603934003,0.23461745267520048,0.18610554651573688,0.26922498642527093,0.2567912992978921,0.26035320908282994,0.2866011713301999,0.40677155646308716,0.24885657426759802,0.2697261460273428,0.2717040966204937,0.26125260630442604,0.29634292058440476,0.28786444090196317,0.2479511839334445,0.2206216566606878,0.243176402332077,0.34986532174145735,0.275774645936942,0.3085898733878866,0.2594662349686341,0.2554108877397618,0.2575498925254227,0.28514612628153385,0.23610485538302864,0.29418216246538065,0.29314093858460843,0.3522450973269119,0.2836619355365982,0.2849653440265731,0.26462799946161497,0.40490153708448123,0.33459326943893886,0.3596478940332138,0.23655966449708363,0.2611331121263341,0.3664569863459272,0.2951428068273236,0.3789187113900334,0.224920038384319,0.27192412350327616,0.3182058466889993,0.25903832570516844,0.27917819618049017,0.21520731957554184,0.300007507064166,0.3050399400854652,0.24393807740719245,0.3318233928328268,0.3013333412040121,0.3690285112299274,0.2800380012185377,0.270762302919927,0.25113604240862136,0.25803576919987264,0.3486081700776173,0.41519112341305814,0.2942524331688828,0.31044291900556054,0.3328058399645248,0.3608822349145255,0.307122932222932,0.3852689358901414,0.25137412661054576,0.3074365648879036,0.28961645228531585,0.26555740314758375,0.28436269927737967,0.27773072408761634,0.3134778462628159,0.2902058239570412,0.30770020351148114,0.3151764332075576,0.3385625000355446,0.25021555465157286,0.26887416924655233,0.24639817662257957,0.28135047990642664,0.24763659551837514,0.2538293257252572,0.3286791840534528,0.3174123858332144,0.3390476867406372,0.33185813578242596,0.22871742212846569,0.3130102360393311,0.2972786279160993,0.28385367007038864,0.3880420174912246,0.30517254463834964,0.2801691994144873,0.3051884888375537,0.37590079638378954,0.24468196792234148,0.3884604225064645,0.27118258315953664,0.2677813901710456,0.2865142175596109,0.3822367549254175,0.29985470376504136,0.3309371046090281,0.27504024072170663,0.31553677780482847,0.24594080246571484,0.3195722342951813,0.21974293933556488,0.3425727099978951,0.4720672214884644,0.29694345692412616,0.32215738513843645,0.29909522772245795,0.2669421328059869,0.2921155739809192,0.20718050547277814,0.21838892400997723,0.2628381251645431,0.25343015721489265,0.35974898196287797,0.2898258245334029,0.3086808007111458,0.311773433038428,0.25220396895030966,0.31632901595387947,0.2764311349078632,0.3410381491427772,0.2666109112947937,0.2991687149248903,0.29677930887351894,0.23044719829164917,0.21862316996596942,0.32403637985907513,0.29191822017938346,0.2473458089777243,0.3432842131571403,0.2216422648302746,0.3260597389950509,0.24806299878026553,0.37192804672653007,0.27577016783794317,0.29171912449827225
0.26968395690565394,0.30697080160874185,0.2651189781964183,0.35252169446557163,0.2856461937339447,0.2074742989209686,0.0,0.2525422499748491,0.22257035928171112,0.2994346555314101,0.2951965007010261,0.3046166012845755,0.29627507885631293,0.30376465248598666,0.3678551896559318,0.25548672795118216,0.2668150614180162,0.3243095537368761,0.2566804166389832,0.24334562655522,0.2884145308039126,0.3058061208126528,0.40301804492667886,0.32912412892538856,0.2822243381213003,0.3443814243830433,0.24302113073727175,0.24935919125204067,0.2899197145775694,0.22652227561259938,0.27144429323081276,0.2696393060152021,0.3367442308625032,0.2920936881909028,0.26552001085306665,0.3008532337846453,0.3241965147876771,0.26268325481081406,0.2962370826103734,0.34418349043494695,0.3527258792942254,0.24055904176547716,0.32179558179985157,0.3048051114946253,0.3518752502605655,0.34075808380908446,0.2974921100171099,0.2850979978571525,0.45545393106558,0.28223409013192635,0.3722447388490557,0.26623104064372394,0.2643415494620014,0.36240550206666705,0.40192979395983325,0.24489781821418938,0.290033723767264,0.23754891958284327,0.38299282262440526,0.31773351320553317,0.24781681860077084,0.2367289087268854,0.245784523062672,0.27479794428120313,0.2761615565187553,0.25540606895852874,0.347939965981949,0.31988381014438066,0.27484771962989835,0.24708968753701158,0.3152758240410198,0.3045332788383428,0.22481388566773594,0.3589256821072193,0.21119294022463483,0.26474108389768536,0.39263657204845615,0.3799582605927486,0.2755166988076049,0.20668858748093255,0.23834981280346237,0.28905671352794116,0.3077266460919979,0.2228174313237847,0.25893495269914346,0.27443497826884505,0.22284747304634797,0.3116263950558509,0.27574008227759106,0.2719480304964307,0.3058017817718389,0.3056063030732342,0.33504640984898787,0.27593529263831473,0.30541183510687525,0.3039593562433258,0.21520823296454786,0.2570906594066407,0.24098255419525708,0.3335433246312699,0.2977331857137962,0.29324811480047225,0.29411631045866976,0.28207111997857914,0.25506268823787137,0.3071086370398824,0.26505004626009615,0.25374957479611604,0.39662180302603384,0.29779824796102633,0.3507240450001912,0.29101855100079294,0.243485887419459,0.22650537414616884,0.3088522071218595,0.2811613329212258,0.24586724912379226,0.30756201327362054,0.2681455955765557,0.2248345200151691,0.3060185357375662,0.24118933338150497,0.22742619372818698,0.34968185779910693,0.21389800284542626,0.3350211152735664,0.23232145537025425,0.36469983232815795,0.2775979974090897,0.3599686015695212,0.20215707556622048,0.21411765156942197,0.23541900308859112,0.23079054948085845,0.2573419152069424,0.26755707837789683,0.2734846179740035,0.3480526165427742,0.3103944390190693,0.3092552266909359,0.3233613934952656,0.2464485827280982,0.318624657562504,0.2529065957615836,0.3146708479337545,0.3034896608780892,0.2722565180875939,0.31145814371635555,0.25853422102596474,0.17649851340548178,0.27247022577110624,0.2773143900033393,0.2790409425979907,0.3755406133024033,0.30349654214809624,0.30799223689773986,0.2720529398157562,0.31116543447865214,0.30235602300412656,0.29497543360748485,0.3046749151811104,0.23726242569215059,0.2431161037541239,0.28199997631940793
0.31020047631598563,0.3910699421785118,0.33892305357857166,0.3595308562399284,0.2593155338979077,0.3373617593542125,0.2525422499748491,0.0,0.318457807285275,0.38415914942258317,0.2946010154633953,0.3536964777299607,0.3397429945227332,0.2793330169743635,0.2714621668682729,0.3960466549155201,0.399364628138594,0.31867912470336357,0.31571975021229826,0.34363010236085517,0.38113813936567553,0.28409936330664803,0.27980523066956736,0.23720492390489376,0.3617875030469135,0.2832927941136094,0.24567192765427656,0.33010592241595116,0.27475117935011245,0.2518534046598791,0.34950419846017383,0.33314402736024706,0.31408920725796297,0.3160285003202058,0.32492983187533037,0.370758076151256,0.32636364608288015,0.4280094392789268,0.3237611653153499,0.2827850968267671,0.3139990440598882,0.29766021235191015,0.3058191340872099,0.30671903043413157,0.37446663186761653,0.3561053920674106,0.27231578516307803,0.2877044344306224,0.3193681192030654,0.33874114853948745,0.35130900869466375,0.36834321834954514,0.36034947135281287,0.34334474032623413,0.3444393056598675,0.3326310562899256,0.3797268677229574,0.37554463888009965,0.34253612387825183,0.3468687705734673,0.43600791495649766,0.27598908450541637,0.3692625424212771,0.29124155762048565,0.28180005672239694,0.32695931184409255,0.3117932946598757,0.2932275148288076,0.3014266065331184,0.4599130956069407,0.3305162432977474,0.3394758465909336,0.2958264710146415,0.40271115287732,0.43221606515445776,0.278282459224727,0.357839463384146,0.3129774839572909,0.41486163923256597,0.23989434201581536,0.3174997497729061,0.3285014149029465,0.39377880393449827,0.4042664232487232,0.39159059383800443,0.46571623457066863,0.35655006126266175,0.3106812028751255,0.41503932748463884,0.3541406327927453,0.31475844104580697,0.2953100233708872,0.33930802107308805,0.3086044421944953,0.4231381154597685,0.3480864791912329,0.31347272525374625,0.3458875324363263,0.2530521518022055,0.3553905086186186,0.28834330970011623,0.3545470952390244,0.2788006010463156,0.35093323080056005,0.3696066827996026,0.4202869948747165,0.37163243193482726,0.4165144580179287,0.2954091505069139,0.30344339023831207,0.2904312439804956,0.335556609957697,0.3465850957466251,0.3760430413317941,0.3824758295711099,0.3500988681460573,0.3704304780426695,0.27676196694532845,0.3451812475936872,0.33956126612818355,0.3333134994838915,0.4409922262904678,0.2956730655313225,0.360376000924184,0.27028198767084105,0.3229953266029373,0.3020507791722241,0.3223331313805668,0.4324328373828958,0.2975493536334978,0.34555913809721145,0.35662071684746055,0.3632434985048883,0.32117781148268004,0.32142796292149045,0.2709370619070643,0.3039715814205166,0.2651373346237901,0.29766260615541146,0.33410503455761914,0.3111685217497389,0.3062148862586632,0.40324562969465677,0.33006248247207914,0.36266992609830884,0.29164513076947485,0.36322740851485563,0.34509488829027657,0.3953358844603064,0.2526267379810609,0.3332125387117509,0.3827812647046794,0.30210040023666745,0.27048803186082454,0.4337593345361207,0.36640242654842037,0.25616325827160125,0.38507954012837026,0.25023920000843064,0.3249913963654692,0.31243576533598105,0.32268063796529983,0.31330058877081873,0.32541080605462047
0.3766396045118578,0.27971043910640014,0.25951719499827314,0.24199449927107086,0.2789217619158275,0.30279225151187905,0.22257035928171112,0.318457807285275,0.0,0.25445929715614013,0.2777507239696202,0.3006882408142588,0.24410106885372865,0.2840774814168913,0.23406152635637142,0.30458091374220636,0.29828608835026155,0.32726948367527386,0.31791719581265604,0.3755421647496449,0.3053483867537897,0.31237978736288446,0.22796602061509805,0.21309682137965333,0.3098028112762507,0.22624715338767,0.21851589765824414,0.27050808439265234,0.23542875036255057,0.3335085755064739,0.36891306478557084,0.314865208886766,0.2395129762248349,0.24759386208943354,0.33941360937385506,0.2867487250222759,0.25646928633811855,0.4133697722866737,0.2663148182558164,0.21756586604302627,0.25122267497493794,0.37681573553995823,0.3038962674530598,0.3031810670983614,0.2627121591102464,0.2513070454498303,0.2484267603452981,0.2567681705729887,0.2703213787400128,0.3290615647372474,0.27984304557524664,0.2913662593627968,0.30848351516973493,0.26336266095760497,0.2678976125135296,0.3244873113783116,0.34747782574554525,0.36956984793827535,0.2662512980791939,0.2517173088611903,0.24693406227516684,0.28488995165606007,0.340648714160019,0.3124501571344074,0.33403900116496904,0.2901035032756759,0.24295846277145514,0.254885041982652,0.27193479088588696,0.3567537717750302,0.334654470443172,0.31417813128017713,0.36045755384473316,0.2566406243741914,0.369020441975112,0.27834937497254697,0.22946820474120685,0.23049345682459657,0.29519343666562825,0.24059866786477607,0.30126311348586554,0.3923653174604805,0.3087919957643814,0.27693745633664124,0.3755984547119056,0.3456398147058321,0.32921700045766233,0.3197011364647668,0.28011756130695725,0.29820705415476007,0.3473032008196201,0.3468049099089724,0.2991069693071932,0.28983532694240555,0.36383600189309706,0.2981421036330678,0.3392310474161057,0.3240769065253509,0.3595039291918885,0.23885598491419802,0.27606287410340585,0.26386388072488903,0.2988104016569354,0.289408021831483,0.4073845239401409,0.2668430615959019,0.2551746463591121,0.31663739409578096,0.22411113192599788,0.2275264722461589,0.2599518346397709,0.38390293164777367,0.28839059682450435,0.39406447201131756,0.2861921886348139,0.280784357094407,0.3496361513399591,0.2939918830338999,0.24663807336272053,0.3318935602785969,0.320806725889475,0.30106946556320313,0.31135599240725975,0.2830813930214205,0.42306157574487296,0.24693368434877888,0.27776716120498834,0.23203887782587798,0.2690354102902854,0.2686052126365759,0.4332759097242496,0.37518321426437523,0.2735006683561528,0.43236591936174656,0.2818735159456186,0.28946245279258415,0.2770617500664809,0.23878874119291554,0.25460692335514207,0.3329941319709358,0.2639821527030597,0.3519555189481269,0.3135348178477994,0.3898985218596407,0.3068479386856456,0.306831033237712,0.3792580411825805,0.23402738325498523,0.35054310800477434,0.2850915421623552,0.3769950986018341,0.3386646495117281,0.30442046164869907,0.20753758631832317,0.3112268841285788,0.300622915196432,0.21487347323008718,0.2605550393051577,0.24940931153011017,0.28318945657952677,0.22625602346016546,0.41324564126452035,0.32644579941937363,0.36176492774444013
0.3146503083578481,0.39688204339462657,0.4046215114138911,0.36430422582465505,0.2732131828141069,0.29539813678098437,0.2994346555314101,0.38415914942258317,0.25445929715614013,0.0,0.3040817162444013,0.28419717636965514,0.37784529766666536,0.31741503632703305,0.27217189563374494,0.3625734098047828,0.3804695542397446,0.39336184468834945,0.2687203472490843,0.2966096621560578,0.3268953967966809,0.30486191858584893,0.35271144332458926,0.2504088554058585,0.4002466672852623,0.29763753437454576,0.25120792037788936,0.3473898338567099,0.34407923879521396,0.22900766799824857,0.28527862256612424,0.33402678154279375,0.2685579669859033,0.29799362793580225,0.31745381520062554,0.31042493380965575,0.35462688457188,0.3218737736380564,0.25067749314635324,0.3132340100504944,0.26722908524027333,0.3035808131814008,0.29490882661562856,0.2847573297759585,0.3608192538059484,0.35374998669419855,0.2673233613339025,0.2904803939513498,0.4193682231499507,0.2841082462498881,0.32302945182448994,0.32046410205242104,0.30112361034407603,0.36038570644652757,0.3763636218097389,0.32335998897649026,0.32094348316884075,0.27381825815189537,0.39599517259891676,0.34629741326997887,0.38165509261803304,0.2521075093189494,0.298324276839342,0.2706170533140497,0.26654494480321905,0.3085071955315802,0.31612959755849823,0.3107139366605232,0.3238780520734813,0.36924526639967997,0.3034053631619197,0.37314294854698976,0.2637403087578116,0.4390044819832593,0.32043165034673293,0.28570565525667063,0.3603841601845278,0.3666841814481865,0.296109612389872,0.24484219341640157,0.30034220020912217,0.28651207756913466,0.3875962427835912,0.3615942789437613,0.32035786190982524,0.3730752552444142,0.28725276379651143,0.3000763476059042,0.37999676274425426,0.29861104817796613,0.2971831268498371,0.265699778166296,0.3332530500113614,0.27359493544944496,0.38061063632519837,0.3296378353755579,0.22938622578375198,0.31213451950672716,0.24727392330716697,0.3804401797932847,0.3028097038010996,0.306504149272708,0.26399202489538753,0.3288959182422587,0.2955796088029071,0.3618005575817989,0.3280172336486727,0.42197123364437483,0.3155109382341393,0.3235138787142175,0.2936453009852039,0.29476942626311864,0.31699324078355906,0.3180315664877684,0.3506088635094024,0.3465395547739467,0.32953044862044506,0.3221401962351915,0.3672850915936134,0.316306947227368,0.3064063208704643,0.3005934238113412,0.27052119780233536,0.35046192559679074,0.24277950363093265,0.3502480053901533,0.281466089933109,0.29766641695828333,0.4292738474251723,0.3171024239103293,0.3055408569783461,0.2945044195413973,0.3194173642960016,0.25760293935265244,0.2732230244658814,0.2587833718709515,0.28447465324794935,0.2854524354373765,0.326702130097739,0.2868179242463956,0.3149690917078116,0.3177339250256773,0.36361685649455977,0.27652131682284825,0.3263435679155717,0.2779113629615152,0.26178233021193187,0.3826938673441538,0.4229339940068414,0.226342420595263,0.2673787148487017,0.34247420366321035,0.2780220234943439,0.2967029078705286,0.3371641718717086,0.3270138142219739,0.25355981238859393,0.4059757254149631,0.2765878414603605,0.35716560199262226,0.41839752368103816,0.297677189279904,0.2792014532290315,0.29299365044848935
0.3604523619120995,0.3601203139728234,0.3622760808585928,0.3051785189622077,0.296469605265637,0.2866382060172732,0.2951965007010261,0.2946010154633953,0.2777507239696202,0.3040817162444013,0.0,0.3229866935762181,0.37851062100407085,0.2933554080579169,0.27663838444299244,0.38198004630061894,0.36304777180253417,0.3751707058439697,0.2658244260375592,0.32605863308823724,0.30505801813544814,0.4258442499673118,0.3019699059652026,0.3154700121942056,0.33110183669667664,0.27903668268430837,0.26553128992661085,0.36182730203051017,0.3226165507536447,0.2720280975327437,0.25864995066790913,0.27499987378921775,0.2737298863077055,0.25017612884383583,0.29962433142000233,0.27736886134292116,0.37633713772573074,0.3199408654061816,0.2857416056049752,0.27920680407556026,0.2701643987072314,0.30894090098427035,0.26230714444384917,0.3119640492107428,0.3137808018935497,0.295528540880213,0.22074158683837267,0.336255629197106,0.34500831113908825,0.2653226580421597,0.3084671269940945,0.2766940874445823,0.2692573195857869,0.36082796426375113,0.357315970701608,0.2507058943648983,0.3269534690793395,0.32434365188604797,0.304625965704801,0.3053150714994625,0.3321843689240234,0.19777900736808973,0.29904360776046807,0.24514246553568197,0.2221289735475323,0.25550975768614614,0.3087583343374149,0.3017392990159494,0.29754294224852434,0.3339605452511236,0.3011878086954143,0.2674552764605025,0.2749211746200699,0.35282800501147416,0.31045724184385676,0.25115135675923633,0.33226324241985716,0.3146655460426849,0.25553442893379247,0.21811291591333826,0.25256050161726956,0.2527017323829079,0.33716843346257086,0.30132411654345065,0.2502447535535804,0.3245437648514905,0.2734709763882644,0.24246080144644402,0.2606759611561277,0.3017272321804936,0.3456681785146552,0.22253514908101402,0.34598163005179705,0.29152174066341074,0.29804935079153116,0.32378885804595403,0.21810224693232133,0.22869118114818132,0.20560248093104358,0.2673518671990314,0.3033310328377043,0.2540550384825316,0.21753974914082663,0.2496554663161036,0.2650819698127814,0.27862189016805566,0.24181979945232965,0.3339262738107602,0.2637145001630212,0.3513055833754132,0.3163942954838734,0.25829693218430283,0.2597828593920697,0.2711418045396634,0.3154356153645366,0.35272220226141243,0.2530411490170082,0.28413419114955,0.30196116329865935,0.25665299929755425,0.3164887449395344,0.22725126760064734,0.2591318756397802,0.34828376469413097,0.2376552264512008,0.3413792395472985,0.20228560628886438,0.3181458062133415,0.2930211840054392,0.2606634704430868,0.2496185651269681,0.2792458094956141,0.3090858438099787,0.27318075647636686,0.3163907689070574,0.25914633667485626,0.30308817910029423,0.2469234590571819,0.2960511066906744,0.2688687509397572,0.30709672307112046,0.2761536253976384,0.273752628285495,0.2605407717495118,0.338983430555257,0.2314961443819086,0.28111588151575,0.2729147202002512,0.2945906567454959,0.2123299131672656,0.30315218905638147,0.2644641883835518,0.38003489945748953,0.25163166028158257,0.28019841581048044,0.3487317344264019,0.32697293246099424,0.32427517950793905,0.28439728092440897,0.2630876460509649,0.24926307997178365,0.2711356396105731,0.20465028625308934,0.42579407071316816
0.3168162446822991,0.3381600823655426,0.2786370631497632,0.3074283312848797,0.25983387800392116,0.3265516565114184,0.3046166012845755,0.3536964777299607,0.3006882408142588,0.28419717636965514,0.3229866935762181,0.0,0.2587704964327656,0.22037307868585337,0.2775353398210472,0.3322123138026685,0.325152053144874,0.27148312662890633,0.41672960764076994,0.3411730748623975,0.44646211424323345,0.2781878968556665,0.2709914040458755,0.2728346574275531,0.39337569200589084,0.26374067346383184,0.21602452347960402,0.26085497536915003,0.27519184753989145,0.3091048823236604,0.376588654055581,0.33654119222929063,0.3016126758779268,0.34209956067758857,0.2716132554361976,0.33144563771731794,0.3336392248858747,0.3463177318810002,0.42274092872123786,0.26513189261008974,0.3250400415373961,0.286251608107437,0.3719968684217899,0.35572213026517085,0.3051944964940452,0.32858712936410167,0.31315821025110213,0.3160606761111625,0.31808698337623187,0.3381195526876535,0.4460446776844794,0.36489436917506873,0.32530858170573673,0.3775558918503372,0.40381088443649954,0.30043536656758196,0.4589111436530665,0.40025283678164475,0.2821686360799881,0.32520569682693984,0.29433512936455336,0.26962917697499317,0.3661647606959095,0.2662723272385438,0.3092437078390068,0.33286573424337285,0.25693665052285347,0.2763681059207477,0.23771170299346703,0.3048531774211223,0.33817461058049253,0.2776418521341459,0.2623585196744555,0.3234492222313232,0.32887067432576306,0.3078659657412154,0.3286609129590347,0.331707846631478,0.3372579557658631,0.26047123309655407,0.3136074902666554,0.3688334417865957,0.36156158837744573,0.2590993265335311,0.36035833216287805,0.3418360811066508,0.29197741460965887,0.32571007628198123,0.3476076262033461,0.31290244374254267,0.3306968946734236,0.3250802116783767,0.3606537580726284,0.3919614611436569,0.32631281066314033,0.35910251468792836,0.3062897580610416,0.32008380307856643,0.25394808087650317,0.27352229696411,0.2738543967479895,0.3571054929281438,0.3067646378052658,0.37579689552585155,0.33759251225012377,0.3357668221242646,0.3720994487034695,0.2941440744441624,0.28340555249848925,0.3333629412384787,0.46746719892216493,0.3682065200770686,0.28950592551911536,0.33227702298067463,0.32232327261272875,0.2821979329360633,0.3394288841430203,0.34815818081023275,0.31000746287941194,0.25945927127965585,0.3086866919457044,0.3253952379931176,0.2940580642660751,0.3830909387474245,0.25525369931331127,0.3677757308674762,0.26639385708450913,0.330641099829461,0.3412553585720009,0.2655290657764542,0.27189335239265816,0.3231201453788117,0.27359254523362014,0.34572743746252693,0.32120599738273803,0.2772877972846294,0.3454932345373651,0.25523655400711764,0.2550463361758867,0.42343232407589976,0.26607179745836596,0.3043018273614148,0.3749785193290292,0.3392955168462209,0.37887551586241996,0.333311571300929,0.4362785159354445,0.30782792513562374,0.3835189219122975,0.242722542326425,0.38464969022294176,0.399635036914231,0.3174352843475917,0.2580418892027332,0.44561397560563654,0.31174655245165417,0.25086136811418563,0.33339304360125294,0.23531014817024226,0.3238520243774243,0.23632343238782832,0.3149146552536615,0.2926710154260767,0.33605043873712337
