0,1,2,3,4,5,6,7,8,9,10,11,12,13,14,15,16,17,18,19,20,21,22,23,24,25,26,27,28,29,30,31,32,33,34,35,36,37,38,39,40,41,42,43,44,45,46,47,48,49,50,51,52,53,54,55,56,57,58,59,60,61,62,63,64,65,66,67,68,69,70,71,72,73,74,75,76,77,78,79,80,81,82,83,84,85,86,87,88,89,90,91,92,93,94,95,96,97,98,99,100,101,102,103,104,105,106,107,108,109,110,111,112,113,114,115,116,117,118,119,120,121,122,123,124,125,126,127,128,129,130,131,132,133,134,135,136,137,138,139,140,141,142,143,144,145,146,147,148,149,150,151,152,153,154,155,156,157,158,159,160,161,162,163
0.0,0.35445688463768615,0.32433539640072867,0.3008265757295381,0.32371323430993576,0.2901397830775693,0.3163740413970142,0.3362285697881782,0.34443630297209554,0.3605588733129316,0.4134475771242139,0.31295683982287564,0.45366755576652473,0.3015139860708091,0.3594907344802046,0.35943190525342905,0.3527177810292304,0.5052338380161601,0.28588072534703485,0.417643026297675,0.3350855615543478,0.37183409117050276,0.3421843065148723,0.3460633492344243,0.4322352953231596,0.2922129182238233,0.30272881912445637,0.3007184202936322,0.32211537510194077,0.26163668751349095,0.36316658490704845,0.3673251946812562,0.30670882949913836,0.3041644732075406,0.44446665434879606,0.3606229523442909,0.44769367423849726,0.3377499560463089,0.2774170981452225,0.4416443871165511,0.2944638851357051,0.37210904170205916,0.3743442244108705,0.36835445037128894,0.40709729917106685,0.41788028104618014,0.27445284920537183,0.3994632002412467,0.4267123663754515,0.36440947101869375,0.3619590464572979,0.2950434529947947,0.2957089374057124,0.30956526256961375,0.3933714901237546,0.3265297930566477,0.3888839649732315,0.339226283061781,0.32399756424392123,0.3719206480941774,0.30457601614063706,0.2566877172732321,0.3394194789468099,0.2881104423275952,0.31842624939898023,0.3480465139761128,0.35017802105028706,0.29921718987075635,0.28129856612275034,0.36307967607688113,0.42816829000568735,0.3374933745825953,0.31229948623922377,0.35434305710499414,0.30986871476126193,0.33983865468485674,0.28172444375558137,0.3117451757776883,0.3000318978157355,0.22681704807217612,0.29257305256033755,0.3675015437421504,0.29805685361647083,0.2901160351273888,0.3757452314315328,0.364939196667814,0.3793359827110015,0.30827899230899825,0.3434041562847841,0.29942410382412726,0.382609016639695,0.3549304889205365,0.41256203182676027,0.336562973896713,0.3609806685000237,0.30258875433101,0.22980030665394732,0.3276000504732321,0.2885369243182805,0.33917117881245873,0.3053678444452321,0.351643051438657,0.2730982906342732,0.27305219985068474,0.40148266670183963,0.33659698186341563,0.3007340148025575,0.3439624867035872,0.3997666326957023,0.37415619553435625,0.3279417526687204,0.42341237408435406,0.32428923139302374,0.26593949466859934,0.37517252800850537,0.3374446031470493,0.3711715817124681,0.36275494176894585,0.2699154570340073,0.2676937123698283,0.33392908772102703,0.24750094294143987,0.3753061998520316,0.37673887308695914,0.306621066378629,0.3215129167348825,0.239752137547296,0.3395217457520032,0.3311274645805742,0.36183491668662787,0.2670562139647731,0.27387412021605156,0.2648834048267792,0.3084448249902963,0.3292992136503115,0.3018289886986363,0.3082868171782707,0.40641849303099303,0.4124390924001319,0.3603787095999297,0.2754867664070258,0.34375204486314936,0.36553615737306355,0.3195896299292982,0.36839841857233463,0.2948558642639385,0.29718264619853857,0.26634820131043596,0.40482105658982087,0.22597939829006625,0.42352077943271943,0.29811209840910224,0.336541597161348,0.2742540385320641,0.3377564875646597,0.41021642257830854,0.31178202269166333,0.3075997133621913,0.33822050644517715,0.29458031609155194,0.28451796678406693,0.35789806463471063,0.23599295005361173,0.442448832536602
0.35445688463768615,0.0,0.3207845982806792,0.3539942654611468,0.25343412634015067,0.4395808623696154,0.2695942073482381,0.43823119050091147,0.3506254346419757,0.3499646257579306,0.3475939133002316,0.40508263914797776,0.3094281856308995,0.2887132591313926,0.3447836447169243,0.2924456886159991,0.3154765787278932,0.3128466939564819,0.33084896322538804,0.3537334667770951,0.36203799556105043,0.3848160759506077,0.27748629764839583,0.3347260745948045,0.36244427221263237,0.2544748342223825,0.2685793115842159,0.30299199149633027,0.37874940398063134,0.2583148187133911,0.38364877914212564,0.30041060627916344,0.41458464575468423,0.28610197345954863,0.31291017617778416,0.3270791345635843,0.3141541048846074,0.32865033895543266,0.3246986355070874,0.34420798812173525,0.35389198541839384,0.38457491508097624,0.25406658505971885,0.2980596850905796,0.3700581091154019,0.3254848254244056,0.2561047647805195,0.2749581428379525,0.28437232664144413,0.31349887994661946,0.3436117847072043,0.32816658885087174,0.40636878687229866,0.36894364871937485,0.3233691678904385,0.3706633476476841,0.3865833178273222,0.35142298407866973,0.2796176973536597,0.3682074386476336,0.38399322420274445,0.2487112537251878,0.34473250996580873,0.22407086752393346,0.31020565709955056,0.33985724626490105,0.32497903198553874,0.2666683310600827,0.22764380437127302,0.3793336796879914,0.33655802089864706,0.27196766776790376,0.2861198348597415,0.33980808265794277,0.4058879613241739,0.2984475079582558,0.26553882637148846,0.3005090689195984,0.3075911844743954,0.23774786543557594,0.31344533484471426,0.3812039494087218,0.3603994803185726,0.28994327546195386,0.34463773925782604,0.4365492165144885,0.35536370965525427,0.2457224099004575,0.2994489438917182,0.39547497010533095,0.29608139164337655,0.3375043678599338,0.3114107778031183,0.38005997571459116,0.35997163168517776,0.35263100761098815,0.31392970546889487,0.3176696834389602,0.25138583300582384,0.3198958093134704,0.2888883435615823,0.2811968802173815,0.23565025979436371,0.2844193971657242,0.33346078365001364,0.28762538185603426,0.2969578622748756,0.36433747569385194,0.32468310948893614,0.3912101941534388,0.31793722668225416,0.3074073089851452,0.32523692541504,0.2878656346019211,0.3798295973663727,0.4390724993644048,0.3660571158793084,0.23627172263957516,0.2699587427327541,0.28108158530207933,0.29173719922311936,0.29826192685110936,0.3515967536724813,0.3961976618605619,0.3093017474511995,0.35827322064651174,0.28090028080600554,0.34124439549561697,0.34598984192205645,0.27974665978984836,0.3150599595574444,0.3384748124175865,0.27544557838225087,0.425477047208045,0.3377798842647627,0.27382098581249426,0.2705913116230172,0.3055829432367962,0.3111954330257245,0.3152553949967206,0.299692825719213,0.3192562594812621,0.4331176800603728,0.3291017061606689,0.34407513192196604,0.25041227548084494,0.3913593270164414,0.2905128736768054,0.37601750388659144,0.2318899286028252,0.3631387004452184,0.34105885972671457,0.29379957645413757,0.26221544537857583,0.34843279874692906,0.3985361624521937,0.347346756149066,0.3513195640463762,0.29004428934643595,0.25971648850135437,0.2763677458166517,0.3741937515379537,0.2648181848321874,0.37738995030551764
0.32433539640072867,0.3207845982806792,0.0,0.3042457240135728,0.29804850031575497,0.35831277535134476,0.25216202315200187,0.340399073418935,0.26010102386018114,0.332888237891988,0.32488811277774876,0.2888488795235475,0.3678392205269147,0.25545268170447544,0.2727418213683129,0.37488486490278244,0.40559168490606123,0.316632195154554,0.2385549656461159,0.2717821109012803,0.39929570966155337,0.3992155326503272,0.2608137534242968,0.30156747481738616,0.2933577089268247,0.3236742787711867,0.2589955471754983,0.2816610471573269,0.25175493021144846,0.25066513450394085,0.23766734634631023,0.325355358396891,0.27000366633812084,0.26775366970590875,0.2515179142434417,0.2939226083393545,0.30810667841400907,0.26854834026968744,0.24438103412586026,0.37381156841913693,0.2801357748870244,0.4629784177845602,0.28328428125710375,0.27635975671167967,0.3205266574685333,0.32331737509536235,0.30308060993011127,0.2910192496119783,0.27272514773192674,0.3096328703911077,0.33900216306176556,0.38014259821734286,0.2647198003794805,0.29392231438638644,0.2746020441089166,0.31305094256719246,0.3050503808919561,0.3481837056084304,0.2636906051436853,0.30814024755189595,0.30079032216067236,0.2646693056628875,0.40361961136644064,0.23266745035605596,0.2840360034759869,0.3364453216540356,0.29801874054749405,0.311802198725738,0.2587516759323289,0.3081407457504255,0.37070872764186313,0.2322083869114581,0.3182665521863999,0.43091655969672843,0.354929904477369,0.23775774299349547,0.32541950032044603,0.30744125208364687,0.2483180681091696,0.22685453423518243,0.3284537740705509,0.325827727329801,0.2912768952462571,0.26888781694759256,0.3310207184827959,0.3298309214730981,0.28922371606196845,0.22142391101630185,0.27764992387342896,0.2583961724952453,0.33415525147651726,0.2617118577113827,0.2821154827452329,0.2607950746900714,0.33970508105097674,0.24337160385453332,0.23816799403834246,0.3172876753812014,0.23836604475640413,0.3134481096056115,0.2010366601268083,0.31466637307268963,0.22790227637558486,0.23536758573184408,0.30913221495483356,0.3760735738457438,0.3306451071858303,0.297033577397359,0.33283493046128276,0.3776288461053662,0.30716833702069224,0.29468328934762444,0.30878753785446283,0.24924027537495763,0.2723209920082734,0.3897650037245397,0.2773924977865357,0.2525891821924781,0.3311588053317898,0.27789171578394173,0.2879554488472185,0.2498441957759191,0.3093410799605593,0.31848027482013375,0.22078570796731542,0.26262811873170594,0.29201476241709257,0.31108849390515547,0.3173520830086435,0.2748899502495545,0.27635595232945864,0.4458432951600766,0.2128871426987981,0.2621322875014908,0.26525970326268955,0.2399199178969047,0.21834406926284636,0.2632953807626893,0.284112274391324,0.24446790107868638,0.2145190774682871,0.30058441810278513,0.3339561911667617,0.32763302996709764,0.28210144109194285,0.2239034573526012,0.3354653065945046,0.27459406927214547,0.311353300308183,0.23269242008961122,0.24949880931618446,0.22230275598941876,0.25813003980987226,0.31716147278673884,0.3024080626516677,0.2847924501189822,0.2971912923419544,0.3435073693885138,0.20831409057182187,0.2756743767557905,0.3091779957371253,0.23318871985751893,0.252880173747832,0.32389730009108636
0.3008265757295381,0.3539942654611468,0.3042457240135728,0.0,0.23456037507668956,0.3337492714498493,0.27288063114693345,0.3274018012779493,0.24095411257354518,0.33176700782693985,0.30867409264066126,0.31549365900500265,0.29183232493872624,0.2561906319803111,0.3052268016297817,0.27738095061874524,0.3438796024525063,0.30831224368376065,0.3119882531980723,0.28347923204046477,0.3622109795288571,0.299175019691989,0.26741919359831157,0.2607215789839101,0.3334605911684857,0.25673915181554763,0.26430178262659165,0.29878158311085334,0.29170061166263345,0.20487077112531937,0.2781864953432501,0.297117634439327,0.4170132308127094,0.29276471960761835,0.27884825433651017,0.3158242791585279,0.27318526903409573,0.2664557855901957,0.2802603297321357,0.350838020228251,0.3099425896156446,0.3280254487178932,0.26388087660859405,0.3084949061493956,0.30249723300928605,0.3371634633274563,0.206602418767959,0.26589683036931505,0.2704459825708155,0.294582461445363,0.3766234165017451,0.3712607728519306,0.3475368585997341,0.41255902551683077,0.32547799147430156,0.2780559707973993,0.3628989443967413,0.31641084415484544,0.29528885221675955,0.3554742982696271,0.3996393077888473,0.258048502335316,0.3602188624021846,0.2149979908344276,0.3331627992368136,0.37212570819502105,0.3246609101254626,0.22239910408463848,0.2398413691478871,0.30666242249805775,0.29152567363922866,0.25667190972876863,0.2951506170647683,0.4005197099998878,0.346661819464302,0.26982191954436996,0.3083821495113694,0.28717150531336105,0.26856784022603447,0.2150438010612504,0.28589460265427075,0.3765169228320091,0.24597920359402983,0.257908478024026,0.3914032972339983,0.2769692414663015,0.33145723039319697,0.26325026223217984,0.2971259179434088,0.2519114855865129,0.29779638861672625,0.3097716180161523,0.30196754571197204,0.3232865254879447,0.3600924331141612,0.2629103846150536,0.2621261864625433,0.32324098375514915,0.2396527262701347,0.3296142892788004,0.24374264705953363,0.3470660195869932,0.2907845074959591,0.28202497566498563,0.3232461651901823,0.27453784480873206,0.35168481492470083,0.27536816677101955,0.30554882331457683,0.31357835283337576,0.36257995997288167,0.3010128794681543,0.3477831968837278,0.27981426334130366,0.31948851267585343,0.2999771881401797,0.3474709671809798,0.23301568280217652,0.33073395771773445,0.28518075419216016,0.2546787720778232,0.3083947431834942,0.30757302148324944,0.30955739945479077,0.2388601145897427,0.2891003504018538,0.29959292468502596,0.27544181791790207,0.37227164307238103,0.27359799905532434,0.23797970181104797,0.3177655358881128,0.25760504672167156,0.30984391453167437,0.2900195933123368,0.23387222977887515,0.1952396714476007,0.2757741640438297,0.2912566434017614,0.2757151251636911,0.3225128547647198,0.2855504550294909,0.4178141961580013,0.3194605383228325,0.2786446162046246,0.22710290556846072,0.26180334698093055,0.26693559639242065,0.28863801095630714,0.21165922807267967,0.319678057747589,0.3156264713978191,0.2867852331652245,0.23587556059867726,0.3301984962706197,0.29505255674020264,0.2663707913817328,0.28771751740929974,0.3337263049330555,0.2765009023415457,0.30347937367304617,0.2867863978069206,0.26523221773735217,0.29266167168241286
0.32371323430993576,0.25343412634015067,0.29804850031575497,0.23456037507668956,0.0,0.2350913860339467,0.28720311568000567,0.23490092465255968,0.263839131216133,0.27838358132926316,0.29609510022180796,0.23621716806256426,0.2648102041208565,0.24537603408350284,0.33406456488063774,0.29050128164527467,0.25900454067223944,0.3304684104255225,0.20885124041234346,0.24120123192376122,0.2778409958814374,0.30931513060384047,0.2646177246323879,0.25902415291428305,0.26763834630870326,0.2688516374441915,0.2337457684074817,0.20341731638323673,0.2607544088071714,0.249271959490622,0.29825073978591504,0.252905612788813,0.2534437786825859,0.20832597593815305,0.32962213398188406,0.28432192731344474,0.28632330230461744,0.25307836671188816,0.253474906025617,0.28368768655387006,0.25138937763398234,0.2990171342182476,0.32129859465695915,0.33361696241057426,0.2495471926332082,0.26599092439850136,0.27723092758224793,0.35665660724379156,0.2835897763940033,0.28494670695263546,0.2940025190275925,0.24855279942718753,0.236641555494123,0.2509172080392861,0.2935227829103022,0.24140293728703502,0.24572295649444378,0.3033222790295982,0.23970584258157795,0.2524004010131228,0.20766172442025732,0.2342805431034691,0.2730721302573334,0.23793444439870431,0.28124559833710217,0.2290305638907839,0.23828633962788381,0.27159485237453923,0.23325976851485966,0.27821946249642443,0.3218332319731402,0.26362770701254595,0.2167081626458784,0.25857508633842746,0.22718093537796782,0.22765050733551667,0.23566764584677807,0.34362731754711234,0.2298142004010765,0.20914346223588687,0.24850119230505469,0.2938368887092705,0.2761847055889233,0.2061137847743612,0.25697834541291403,0.23669005575590732,0.26154693077861435,0.24552588395467465,0.22994316001775367,0.21281563779853316,0.39759689287119526,0.2850078274602918,0.34674221593296517,0.2105365887196681,0.2723350378473737,0.24563710505823774,0.18574796720627249,0.23042045680905007,0.25669369616263393,0.22597583922943348,0.22679191568026452,0.2545124706167582,0.23522889719495207,0.22784703436958054,0.278030649699388,0.271494772087724,0.22610345033607082,0.25009947358336865,0.3166097184886645,0.254915301310069,0.24632285627263303,0.29942122932125004,0.23509809504677598,0.22901917393337032,0.2627920692998715,0.25079964103109936,0.23876910169235968,0.2908927010931789,0.21352730036357803,0.23662369874751962,0.35764512498762485,0.22751984856298207,0.23340025863541164,0.3071258599664397,0.2607388191616608,0.2599905476425836,0.2057708578280014,0.2897928078874208,0.23714111812290814,0.2858024245932891,0.2195276761827747,0.24373678816861002,0.19454042290211548,0.2365299839492341,0.24259014039035084,0.2794043507950963,0.2243538001114937,0.36611633494633117,0.2892537073353366,0.28182346947622133,0.22574771435896454,0.28033801072463993,0.270440525907851,0.2608453648034876,0.2793212260730832,0.2295749993638575,0.2835575218010416,0.24735196526148326,0.2677230726767083,0.18770132765289016,0.2569374595472711,0.2405848364222242,0.24074426579033736,0.2646188332381567,0.26198580117586057,0.2782407358058124,0.21453332467556238,0.27827533756362466,0.2502033413889765,0.2357532884208742,0.23738877953790974,0.2516918412897948,0.2163060458041085,0.3205169843084129
0.2901397830775693,0.4395808623696154,0.35831277535134476,0.3337492714498493,0.2350913860339467,0.0,0.25336033722747214,0.36461305325183546,0.26343253257201177,0.31421239660921724,0.33423489296937836,0.36366049689255625,0.3373597891767589,0.23301228032115998,0.2944558936494517,0.31604985445679307,0.3417853400390596,0.2438865188435271,0.26732599218852526,0.282022517145739,0.3454489404030847,0.3404704012908091,0.2246718565535013,0.2907842797185292,0.30407755529909003,0.2560015234053869,0.23516108500410046,0.29325403214854173,0.3237304294497631,0.23102495539037873,0.2810718308098719,0.2911060001445028,0.36532530563370313,0.2576078936906926,0.2567081591069646,0.25991646971159166,0.2904148030961656,0.25888891924893653,0.2716325824433292,0.29633844891431155,0.3149296075020473,0.3574191873949447,0.23251282468769896,0.3099329414434722,0.28217989552950434,0.282649142538301,0.2299420977004737,0.26975093532966726,0.22717781022406744,0.2652545398266019,0.29954803094490406,0.3684775009209293,0.29264582708368597,0.32674137409409126,0.2710158777587058,0.34624578577003534,0.30302858052317716,0.3872297224452294,0.2192258666598153,0.27740803686738597,0.3843889544314415,0.23834185669878144,0.3560913838610408,0.18928885780236393,0.24581889840315194,0.2816964559560327,0.29013008920881245,0.2588476510869062,0.19692212359716288,0.3066715716794047,0.30296114240388133,0.2158498067469238,0.26877746652705864,0.3269441690160151,0.37487358904890605,0.24192349691773668,0.28386513468923863,0.28280415063934605,0.2494818905603714,0.2774406545178132,0.3626783693741221,0.2929714754446051,0.30086266017320423,0.28752038426127996,0.2983273434662014,0.3178077998467675,0.3257798208833248,0.20288790301549778,0.2867342014040586,0.30353641520710434,0.2871392069709528,0.29286311298190826,0.27416750017571,0.2857650643166923,0.2821201585048887,0.3205825083540251,0.24988374048882633,0.31358134839343804,0.20983141122456248,0.29958930620974195,0.23541545728830887,0.2552101171743933,0.21616627651644815,0.24476520914883107,0.27019068341230545,0.3189888006374571,0.3034249290281935,0.33411431678425074,0.27843710689717044,0.3581400246144387,0.3027829840735561,0.24639272030864465,0.3402130451984314,0.27233921304638475,0.2943950222289986,0.4378244766023332,0.3186303188922807,0.20634854259847893,0.3478706673563412,0.2736392029073684,0.2702001854485017,0.2913991667439514,0.3083533280867664,0.3548714596764837,0.2584720368378114,0.3287741701231478,0.2780267361705452,0.2926965772294671,0.3280931108721446,0.22756152226285248,0.28626108037655446,0.4075827338908336,0.2555039924565882,0.3158158126732604,0.28234410161935947,0.2457928668990911,0.24104518959209817,0.2472025963772314,0.24356101075227157,0.2454829500659065,0.2655316603049856,0.2805665361596597,0.3097199729572571,0.2645839629974092,0.2959152913413311,0.21449537526403425,0.33450022961569575,0.3153976729805916,0.2941581953835569,0.22888670348887374,0.2815455737820443,0.26502838299088044,0.23492599106554207,0.247962981085743,0.3514451554957437,0.3122495118976196,0.3160024124274591,0.4147676467093921,0.2581862343014363,0.26514568262614113,0.2691479094661606,0.2891534730996947,0.24110411814438693,0.3313611158171607
0.3163740413970142,0.2695942073482381,0.25216202315200187,0.27288063114693345,0.28720311568000567,0.25336033722747214,0.0,0.23753466016727504,0.2451851404743923,0.29661893578936377,0.2912690794891776,0.3084946044620788,0.29392113398390357,0.2686568000662435,0.3423573101145579,0.2550505299910318,0.24393172817275735,0.3073154994050298,0.2572033133127266,0.2265350781328495,0.2579360913012374,0.28465858132431227,0.32434608311258406,0.2664730588926785,0.3131555898433131,0.277284102968809,0.24780784563608038,0.22046757057598293,0.2862520859206623,0.2480573205261212,0.29664626653181636,0.336771599821617,0.30514457846202686,0.2758766492549076,0.264793089324186,0.2754684127089538,0.32858766693126196,0.2320756723416556,0.2571152014139371,0.33643033120095733,0.26513771659108204,0.280759863531529,0.3193583076341811,0.31235674518421713,0.29213553808771175,0.28961482195519944,0.29976246737997,0.28888005414189494,0.40431464220817226,0.262664957822139,0.36542946988894287,0.24900183151434882,0.23521303903755741,0.29217029255154026,0.3780211874308026,0.2602785552910156,0.2620200065043677,0.2721340224711089,0.3090006450928795,0.2632269285652572,0.2214070784276899,0.2612986107829679,0.2516349692598632,0.2431023980131276,0.26164117216998795,0.24007382253071904,0.2964014330899822,0.3314130304573259,0.256053285307119,0.2593169977283887,0.33127244779704096,0.24264150744338314,0.23825314127326772,0.3083577262129873,0.20732163301218443,0.27835190509874885,0.3416062390549755,0.30255791229826523,0.23266756590028517,0.20717882716455546,0.2484033949005365,0.2926265127016972,0.2758144340054446,0.19715719642595467,0.25082731555558513,0.23820349873872337,0.2571418673347905,0.31957190512671213,0.2656156202318484,0.23458348893798306,0.35168245276237564,0.37949025449079576,0.33530503415564356,0.2515401774406593,0.27973318394528024,0.3070699655581596,0.19484040886756934,0.270933980903772,0.2522725572283308,0.2930513385060871,0.2422825556991948,0.30463934115853425,0.3158241769601633,0.2585967795481019,0.2610912393313682,0.26851882941531224,0.23204139102451796,0.24023474409734993,0.3389495603441672,0.2747025983456599,0.36216671015082713,0.2819717613308243,0.2745062549546383,0.21373472784535674,0.26275947772766195,0.24148545508197983,0.2605174945457833,0.32405956774631095,0.2568192692101144,0.22434083048541995,0.25360632513814224,0.23458045770831973,0.2296429680825728,0.34548950749193996,0.22709512328506018,0.3174292079934264,0.23477751110665834,0.3071902785591052,0.24597634085073544,0.27390241219751416,0.20831730665852322,0.21382491022434508,0.20900104156783353,0.2272468036703205,0.22004828937961826,0.24940466817358733,0.23473569442226574,0.3056889833941908,0.2801003302855156,0.2941754747412902,0.2649017339813699,0.27085377681492295,0.30058121760678985,0.2522766297468622,0.28294050503180557,0.3106865529036293,0.25559604138876,0.26753854042720604,0.26842757322848493,0.17368428112264997,0.26995553364431607,0.27494162561655505,0.23065600604388095,0.32519491554892915,0.2994680260143902,0.3003300529751613,0.2564916913325302,0.29039539076480064,0.29686210267833707,0.3197156453730295,0.2429005462614618,0.25579470577152014,0.2231308784501514,0.2797891545694791
0.3362285697881782,0.43823119050091147,0.340399073418935,0.3274018012779493,0.23490092465255968,0.36461305325183546,0.23753466016727504,0.0,0.3735824194733219,0.3739018062346049,0.315213818148415,0.3579908128838839,0.3510237307759726,0.26659531755777366,0.30166991730573695,0.3316855655905627,0.338927908564966,0.32069736271758376,0.2941545852078916,0.3266731518724179,0.34119939387807896,0.2932875139576447,0.28174877359875633,0.27541491821651287,0.3612397485664075,0.26913847077020225,0.3265038463230376,0.33161743764278095,0.29369665324841177,0.2691955818529626,0.37001236554145556,0.31834554640484025,0.3401779831847131,0.30127761197406844,0.2960580318387968,0.3247676779347512,0.2993370065892365,0.35994833662943365,0.276951582716029,0.3567534531300457,0.32755811594079326,0.3841122904543259,0.262024025632913,0.2704755363069136,0.3869794106705925,0.3623896136630252,0.2538577446327546,0.25730332048278765,0.2772840403557232,0.2887602919299723,0.2950700384984629,0.3016803816714004,0.3170714782699201,0.2763147173969888,0.28497998350786025,0.3671774805982068,0.3338011029578097,0.42113076755901,0.28555585256411953,0.3254433725400691,0.37791140300917386,0.2557093659827792,0.33528352133243866,0.23713784459341458,0.2697755869221121,0.31873075704087495,0.33991135633031133,0.2455591729342251,0.25366394902240486,0.44011334841213806,0.30481493983739305,0.2763866053490557,0.31121601006284827,0.340747044502994,0.46280533089290526,0.29257856536910154,0.2835805345637352,0.2804554303736024,0.36191219289290244,0.23989368596474814,0.350330947716745,0.3189811437657164,0.3288431331261248,0.3646474503019775,0.42233357049232845,0.4803099076162438,0.4179150478399107,0.2514634265925882,0.38593093339904816,0.37304012191091096,0.2880171692595468,0.31476409016430434,0.28491023021110534,0.3038193218199403,0.3584273695165965,0.2998275564266976,0.27778899830939946,0.37632581085014405,0.24756580808052267,0.37553318545808506,0.2612339989061928,0.3253420944398282,0.25740583842632564,0.3125047991639557,0.37426840556900065,0.35411491485403274,0.31658544572429226,0.41372101095932196,0.33340057828299724,0.3236911854924595,0.260660321382813,0.32342119953625154,0.34647224868295995,0.3600495468253917,0.36472373626005844,0.44221183297042027,0.4330520168254933,0.23737391288654142,0.26330105552550404,0.31230411982899203,0.2847395508276973,0.3661318886249404,0.32892306050311115,0.3411064238777673,0.2877698499498227,0.3224322199563092,0.27397687399656107,0.32115311594042195,0.3745352466394808,0.2807655880822086,0.40281675708818515,0.3433968758663334,0.30341843299417676,0.3256983092748956,0.3010660407188456,0.2454590636426044,0.2626499011531002,0.2876080316888262,0.3353958721131292,0.3238427022867346,0.2828855977466497,0.286356062798623,0.35842770294897086,0.31512871044527296,0.3282807736352882,0.25554390591324316,0.3453063521452171,0.32535384968023123,0.398505746156922,0.2736857709179358,0.36713985470911686,0.32797324899667873,0.2639894497479261,0.27795687962906346,0.4253309805162246,0.3650390967140266,0.308037971149093,0.37449179442621017,0.25797937737847604,0.26697084100855056,0.313896668218257,0.35452646408922217,0.327923398186965,0.34362458478197916
0.34443630297209554,0.3506254346419757,0.26010102386018114,0.24095411257354518,0.263839131216133,0.26343253257201177,0.2451851404743923,0.3735824194733219,0.0,0.28359936308034867,0.2815332396133805,0.2858443114935755,0.27187590513728993,0.3034472048144845,0.3035408866637162,0.2697766741488381,0.2536426133284017,0.33523222758009297,0.24210745875290002,0.3203672278274138,0.25258757959287986,0.35182406322942095,0.23812664832633804,0.25264945183975435,0.28788029789968583,0.22610448276315157,0.2853175482273087,0.2472627555894477,0.2819519133195151,0.2909948554915477,0.39630930510824874,0.26004242806308275,0.2970469910462936,0.21644424302615603,0.3204854016269164,0.28128130195990175,0.2659260950742834,0.3732812716582617,0.28880011477734685,0.26317407391754116,0.28467971704487943,0.32125646590384516,0.2646935259044108,0.27801985821452546,0.3006618503307499,0.2734920126520427,0.23523993538666074,0.2569347311894938,0.2614179011436616,0.27704161617301276,0.24628353295892422,0.2308588174484487,0.3088989356083863,0.24529441432760943,0.2709587004469554,0.32910555111330425,0.28437884662870894,0.30448529778866174,0.2639636024037387,0.25768245607590823,0.2692499236886167,0.24307223328073763,0.25965028503587584,0.26861354684249145,0.2790064343062808,0.24652022269379517,0.29012130282856335,0.26398511197714886,0.24730531728291183,0.3516182128517794,0.3357063479067187,0.2997316738508916,0.2617066992568185,0.24393467840647604,0.328138766854197,0.2702641925596639,0.22058701714501813,0.24194411503354513,0.30523582322542336,0.21555179606235197,0.2900925463147366,0.3355277915793394,0.3653671674486071,0.2835819659850767,0.288699947145915,0.3833380141074769,0.3160709014777666,0.2681512102984663,0.2813470580563807,0.4153713459382402,0.28468597385076266,0.3319686738735765,0.30143440040574515,0.25869067706252374,0.33907841258968774,0.32651406090452006,0.28273887365197314,0.2780632990805475,0.3004322746436093,0.24556029222872894,0.31334529521886945,0.24891543339173994,0.23251800619667462,0.27780985998996904,0.3331126920700171,0.2654307279569998,0.22150520063687254,0.3067185647900136,0.2801045458371921,0.2527103321892671,0.2150201906116514,0.32873069127789584,0.25508611022995914,0.3375169533719227,0.2951800391523957,0.29578222303190865,0.30125312621448624,0.25120385008300383,0.19787884446377957,0.2862001725702387,0.3072499887154453,0.2842184062876761,0.26060435036745594,0.30878789759312797,0.39375166254063704,0.28697995221952927,0.22529693052220684,0.2961744202695139,0.2537377691582226,0.30944649961426335,0.4062602270043562,0.27527996941953564,0.2754928784348554,0.3730276182209453,0.2877032113124359,0.2993723078551856,0.29091267086292477,0.2819540940369204,0.3283309276644954,0.3418187803614319,0.3025186732117224,0.28367287627876137,0.3023415623128009,0.3278765182545045,0.3166849057200041,0.23650813091452647,0.39197633168250334,0.28495104756619916,0.3325045270801342,0.2431909961272411,0.33551686042842066,0.3207136642457048,0.2637823791692361,0.2621803033044337,0.3078623089140113,0.3748837858413531,0.26011088431372587,0.27904636859521315,0.301629091609388,0.22427500230555467,0.2528576386246042,0.34571296881195973,0.3064029541791251,0.3484071517303634
0.3605588733129316,0.3499646257579306,0.332888237891988,0.33176700782693985,0.27838358132926316,0.31421239660921724,0.29661893578936377,0.3739018062346049,0.28359936308034867,0.0,0.2878625018153723,0.26612723942443905,0.39094104889327136,0.31034572360400914,0.2956784692971576,0.3296052776063477,0.31880743021748864,0.39884142642853726,0.24037577454345474,0.26649991910527654,0.2883307848521258,0.2778745884180164,0.3903772756622247,0.2476592574370737,0.4648025114156566,0.3099050344801048,0.3606530609710648,0.29340395656663737,0.34380597642705746,0.26592400460942633,0.3396313583869151,0.35255072599211523,0.27019087145657517,0.2972196833055921,0.3078288372968633,0.29136596178697133,0.40463898634097395,0.30204141467575063,0.22054268632240911,0.3547906085458495,0.23668802461240682,0.39638926566388955,0.3108217224481276,0.2711711590219246,0.3526586852741052,0.33756709676874613,0.2869428011592588,0.289474154794955,0.357567285597498,0.2533873817366462,0.30892476204531866,0.26710051374595545,0.26401873529756714,0.2777685420970287,0.32402496021327787,0.4016250442828562,0.2762566262335494,0.301807982408448,0.2951399342261879,0.301683889339454,0.32049574857999297,0.2810750302405275,0.2861520345125406,0.23872943195250076,0.26675840029605974,0.30729000681443885,0.33271266323168114,0.3150191428358367,0.2944717395891543,0.4345422000186185,0.3082507159082638,0.3169871048093274,0.2702217617120666,0.34533262784608537,0.30840942724347653,0.34272836416510183,0.2906393362770375,0.37450057014839894,0.27462984063718776,0.2661053109994093,0.32435860032651376,0.30497797136282495,0.33592211528028565,0.3190493718858007,0.3430668251677893,0.31051151358968077,0.40263237258723855,0.3088854703056957,0.4358981496785393,0.28193984628004853,0.32398386826675013,0.3140420355492128,0.3005459270726889,0.25397742400051815,0.33719925800387757,0.31916032159835134,0.21003376312368158,0.345996460522091,0.28468847543004067,0.3634963033809013,0.277954564239146,0.34342680181813723,0.29089664337721666,0.30208026885276107,0.31432480898544773,0.32988599363992777,0.30415951830198823,0.42821913479105456,0.34910365084522504,0.3119977488005411,0.27193727226645603,0.31086792308052563,0.35342993343967316,0.35476290278945594,0.31880659553192386,0.33835894758394425,0.3685161449733218,0.30382479308532523,0.27038166665722596,0.3573387125067642,0.2530914294063396,0.33326847336726445,0.2878130762830803,0.3410072348906039,0.26059978635215464,0.3315627179780117,0.271820823736219,0.3163503516082766,0.3300374656330803,0.3348007442531437,0.3677638717086244,0.28194921496015163,0.29706872029418335,0.24896466070345935,0.24055942602231695,0.2390998493892176,0.258355400637539,0.3381442494231294,0.34551393730094265,0.30661854218309226,0.29497352748309863,0.34926370876212387,0.3481071412191628,0.27901283171869395,0.331972264059802,0.2988082445443362,0.24752405999201174,0.3605567031258388,0.42408289628625884,0.23125852534216076,0.28296119585638274,0.33620089171376477,0.2318016566724476,0.29412677378705127,0.33113035125206625,0.35029998886955593,0.25782055573441076,0.39403638019079745,0.29405672802790983,0.3589318377660809,0.441735810011697,0.35208589028354237,0.3150221517672097,0.28384160591334046
0.4134475771242139,0.3475939133002316,0.32488811277774876,0.30867409264066126,0.29609510022180796,0.33423489296937836,0.2912690794891776,0.315213818148415,0.2815332396133805,0.2878625018153723,0.0,0.370396488431779,0.3460076277508823,0.2635162527336482,0.33390592217671106,0.37423292372090283,0.383844763518281,0.36018689506408297,0.31513643875259995,0.3320139865563295,0.3784728376347285,0.3581251343677208,0.2851176902023369,0.35900032423980266,0.35548578078178994,0.29147817749995947,0.28100410274201454,0.33133949619854147,0.3713141819957887,0.29719209466536006,0.2995971429191902,0.3328362109666293,0.32826628900352256,0.271394349250915,0.31477902870321245,0.3164488931358404,0.36845563247785645,0.32082872104556975,0.3130896295071269,0.3908692244661153,0.32112460126100767,0.3468129792747804,0.3177037361527342,0.3721350266260547,0.30404476072130526,0.33173580893137594,0.23699425397394022,0.38192316125398096,0.3335400956033369,0.29603126038573674,0.39704135207129604,0.31903304931469945,0.3049048189108835,0.3340255113326933,0.3792655885492868,0.2702560331441315,0.42109169911241434,0.4045796155986517,0.2934941174641089,0.33397225806771746,0.32792863943938183,0.22873480660640935,0.39716589264987,0.22614504807773086,0.2655650256378114,0.30384590825280994,0.2984973857240263,0.2724207124997427,0.25351650514881763,0.34334589337982085,0.3541272746584638,0.26068668694120484,0.28694893746287975,0.3512618662551481,0.33962816952903063,0.31221710602528846,0.3301218162301614,0.3035281517829092,0.2822059145071488,0.2590774880694892,0.3301149756906613,0.2956642078716384,0.3071798888338348,0.2762865016005845,0.32870638729045976,0.31650414900833507,0.3507572373428325,0.2545136716596338,0.28902454097764674,0.269025245715609,0.4054337059153533,0.26442139016966043,0.40711707228150995,0.3717646402591709,0.320836224341194,0.28643292100528395,0.23869390794061757,0.2563670459156926,0.23040892208274555,0.28079692704287984,0.279132217986118,0.3229062337404338,0.24042431077121598,0.24795427533421602,0.3344679301235556,0.288117430413982,0.27510271497266975,0.3059923051537166,0.32874887918159484,0.375526954434583,0.3797397797286308,0.3069395727791095,0.305421254292308,0.2689067203832784,0.355091074104118,0.36500710451947166,0.3536779306652567,0.29745938145630324,0.2789084399552375,0.2572983151087195,0.34095445209046593,0.25138766082906217,0.3249016825340753,0.44363891374916026,0.27308576832341114,0.366051164044238,0.22060788076764823,0.32540423447634587,0.318558381895492,0.27639709925670586,0.24735366896918085,0.3371395994787342,0.2781672872967597,0.304671238750883,0.3231456274007612,0.2899466983772553,0.27839267467285556,0.3037622929942506,0.31356836414397804,0.32198398634218706,0.28296163053276585,0.30327738558038886,0.30024892262340386,0.29056430418704804,0.38434375241405944,0.22582257381057502,0.2988659501377175,0.279260973648197,0.3169900722150586,0.22623918786713046,0.4209043635622179,0.30069363963516416,0.3526914679064826,0.2505939263207515,0.3164431414622725,0.35526379296676963,0.3521517705091331,0.33271165249490087,0.30727591306182317,0.28638522276657563,0.2640367905731734,0.34932783203315315,0.23372355909106407,0.4974305154962761
0.31295683982287564,0.40508263914797776,0.2888488795235475,0.31549365900500265,0.23621716806256426,0.36366049689255625,0.3084946044620788,0.3579908128838839,0.2858443114935755,0.26612723942443905,0.370396488431779,0.0,0.27740783395848173,0.2055508662137078,0.3242344065087063,0.29366501994300703,0.3225893508247597,0.27751867840365024,0.40053580978510706,0.2975974899224038,0.35679010411280626,0.30541484404190994,0.27365997420741794,0.3634253884555221,0.33329469751443636,0.24916877853163827,0.2551157052153567,0.2807331391210043,0.3141435158023899,0.30837963117548267,0.32246284985572427,0.2791218838354637,0.36314548213834325,0.28121198868537367,0.25663657699768605,0.27374369934485426,0.3068926491163776,0.28978134676568384,0.3553818417416406,0.3416980852375617,0.3999256599446215,0.3024438794356764,0.2764393473174424,0.3096981762772954,0.3032727049535104,0.3282462062119671,0.2590324590480871,0.27577371840117765,0.2849754274652474,0.280259395558088,0.36162624389202086,0.3467758534968548,0.2874199123280988,0.34107054472256215,0.3223146343639895,0.2632811117580206,0.3923457358107191,0.4106546204906759,0.23683927895359416,0.3226313571771715,0.27919685815295825,0.20947866307859658,0.34568417027845333,0.19887343655349354,0.25044990039226417,0.2827611112253387,0.24419355076418253,0.23481786400319388,0.20527650468732,0.2922495683618838,0.2864984120269198,0.22406266887240386,0.2266754351916344,0.31254815043201456,0.31923644666630735,0.26209594650842644,0.27010889572163405,0.28291990422426444,0.29603840808900894,0.23038755243984035,0.28685176493892567,0.2959706251242121,0.329745060310595,0.2449971431501428,0.29725597620425503,0.3584961306450026,0.2700715940117376,0.22225582504640717,0.29195396822428915,0.2961023216834014,0.3013664919499961,0.2869435104747723,0.31712485343763885,0.3413554436964511,0.26169977834251384,0.3183656687277626,0.23923280456479823,0.2909707362748556,0.2013596447489479,0.2741639916329343,0.23202430841119348,0.2731053050744401,0.2400068676841251,0.29793723104452896,0.2741825203180841,0.2905521310509739,0.2862412578034771,0.2847502271851231,0.31243855406759063,0.3819646460526622,0.39413743865185785,0.27424373595473805,0.24000753833290905,0.2446321158192402,0.3125135296933941,0.39665410224689157,0.3262370570012764,0.2539135707197024,0.2717292498851418,0.21834062393889037,0.26773073104524947,0.2577893060182278,0.2725796471307026,0.38415510603306796,0.22352125533399797,0.40824273195883304,0.2136652317021382,0.3373738939351646,0.2966076526010422,0.2398037267156217,0.25594815914678865,0.29101445329538794,0.238385676715522,0.3001485104142732,0.2784645299657801,0.22920810044757817,0.3071327401983696,0.2781624905295403,0.2683364972368105,0.3210239187280928,0.25327426941935804,0.2389484010210801,0.31491952996244954,0.25617799208430775,0.2975478125638112,0.24305609532730071,0.3904215482895688,0.28821187248789415,0.2993386364047183,0.2130903824896034,0.34890807501723664,0.3034887848456767,0.2928986264851709,0.25497036871264517,0.40646443698037926,0.2943610698896955,0.337865959176037,0.3484858192681195,0.2572734527103956,0.2388409039992509,0.22151701832373305,0.2956453306180774,0.22885741478378877,0.3697617142346826
