0,1,2,3,4,5,6,7,8,9,10,11,12,13,14,15,16,17,18,19,20,21,22,23,24,25,26,27,28,29,30,31,32,33,34,35,36,37,38,39,40,41,42,43,44,45,46,47,48,49,50,51,52,53,54,55,56,57,58,59,60,61,62,63,64,65,66,67,68,69,70,71,72,73,74,75,76,77,78,79,80,81,82,83,84,85,86,87,88,89,90,91,92,93,94,95,96,97,98,99,100,101,102,103,104,105,106,107,108,109,110,111,112,113,114,115,116,117,118,119,120,121,122,123,124,125,126,127,128,129,130,131,132,133,134,135,136,137,138,139,140,141,142,143,144,145,146,147,148,149,150,151,152,153,154,155,156,157,158,159,160,161,162,163
0.0,0.3261880143656977,0.2786897770051027,0.25343532616001646,0.27046596417154556,0.29890521517283747,0.2789676382958369,0.3482728022931146,0.37639620005925656,0.2870257606767182,0.3401987633945024,0.2502700201309246,0.44181469419824826,0.3226534554701903,0.2988222747284048,0.32294085240377735,0.33067530799769124,0.4322205839042052,0.27514783125049047,0.396049012870813,0.30394482425226144,0.31060369263069343,0.32305989011354347,0.28274645506519713,0.36415499960263725,0.2790070610620597,0.25170299731818974,0.3342222990536375,0.2534482100527769,0.25122662096930504,0.3176572527717385,0.36033832695924556,0.24975341827230865,0.30793376058347965,0.42436801349536457,0.2901668249987182,0.3702534831144855,0.3617227926268327,0.24638722642281652,0.36151555486550563,0.2584055129362471,0.3727749454167573,0.3041926358109861,0.29228011919663244,0.3328160529842786,0.33658772457623287,0.2701866584955361,0.27597521274283693,0.39013248375675563,0.32862722025837465,0.3264198446919917,0.3010578607551331,0.29236678137964617,0.24332150212945508,0.28307123680758384,0.38725280925096656,0.3773383956567151,0.3049683344076613,0.3123512994857429,0.31477260375987065,0.30449474458826953,0.27348726033915416,0.33606299577262605,0.27407104278931244,0.29429180177579783,0.31593909225977673,0.34096034808862485,0.32113623554706344,0.2646665750786534,0.4119609439146806,0.40651534945391266,0.2967774325984453,0.39063841003309796,0.34167921181068067,0.33863718929240316,0.33224615177943484,0.2759835873318326,0.2553295800667638,0.3267589797003968,0.25046437405891975,0.3382509092855841,0.341486072021921,0.30509153799841865,0.37443928749803373,0.3530268235449946,0.4222084885799165,0.378855323269347,0.31085050023424676,0.3448985352271382,0.327611385623605,0.3462122238250949,0.2918088186866982,0.32363666228389565,0.3461980147106099,0.36718027634489775,0.25512257230043617,0.22081293703614063,0.2931906123756554,0.29427801739571297,0.35493915968743817,0.27913337831779994,0.2853703200563782,0.24682162936045932,0.2179908250296558,0.3822474683208914,0.31850393951066336,0.263639344231877,0.39295520833169084,0.3054457801850517,0.28674334321209716,0.27480748900731683,0.35949303368627256,0.38358762346434294,0.28687394700837826,0.37336173879155876,0.37826315028131885,0.37584701281756233,0.28884271396761246,0.26804630415754505,0.3073398611715659,0.31676642505071645,0.27107636129116836,0.39650251687117793,0.3498129198448177,0.3452090733655667,0.2547495642730966,0.28513752215573085,0.25875888397645264,0.28501956249708765,0.2911726348336608,0.2964219141343945,0.29326628343697914,0.30419228990005437,0.36707345811216435,0.28046144999925693,0.3081534232360168,0.3010106774877221,0.328765439821797,0.302695778213122,0.3197726695612601,0.23720023815084024,0.3233436116145492,0.3525590521430046,0.2871813055217181,0.32079557038651774,0.33509996994960595,0.31302737811299636,0.25634606071236604,0.34269918855612874,0.2415932557197843,0.3980336298698526,0.295671805576385,0.2715537351662865,0.22995734968604323,0.30913423160935294,0.3833209764079614,0.3209703762405913,0.2948620703228787,0.28547349469407374,0.35426110302036384,0.27965355919021767,0.40030772042008383,0.2501529019240643,0.4808367571021781
0.3261880143656977,0.0,0.3414896259362566,0.30765587574102643,0.23253418014917554,0.3896549622009827,0.2926111081044192,0.4492858002925046,0.27748597910788125,0.40157527188006303,0.3321219331869209,0.35987384044043014,0.33003532169153793,0.2799918010537738,0.34579379352714495,0.2892805428595399,0.3042269463105795,0.28735030305031667,0.35945963635790756,0.3210280267868912,0.33585043134666615,0.4150964189825574,0.3042339401777508,0.31820865795835246,0.4025532831573985,0.2486790938038896,0.229618089082315,0.32173365199005827,0.3090609752566501,0.21569549066176866,0.3538618668875664,0.35252470958897225,0.3110567252303749,0.3129730698999224,0.32083911133348786,0.36048152286920027,0.30096430192271934,0.28575647117497666,0.3324592203148621,0.3304726024015277,0.32063665616482195,0.3341000913800949,0.25819714330570087,0.27333830279476523,0.38357882109231745,0.28148749712248333,0.2491390098751993,0.27860157911472655,0.34463674402367794,0.29908383083922724,0.32495233832890996,0.29367190340563143,0.29414841211592185,0.3663685447731587,0.35692354435345486,0.33248694445640736,0.32329187728091124,0.289840332724995,0.32481774399985974,0.3339142841295161,0.3819610902493734,0.22969765147258905,0.30815708064906033,0.24088981988170352,0.2726216689253195,0.2838336046666402,0.2939845070095221,0.2695903476359132,0.23724910368006646,0.3522206896339769,0.30909987805858996,0.2584266662831957,0.268101807017943,0.38416271862736184,0.34842959764813514,0.2524211507454103,0.2916242340641669,0.2809392478009921,0.2690196631739701,0.20060975043651266,0.29272769869633186,0.3348027210864461,0.33429281404206584,0.3089786550222938,0.28870398630358374,0.42316945951766977,0.30199747391973725,0.25318421977010624,0.28925983382951775,0.3060969987384114,0.2488104573897375,0.2805125861480386,0.3158182307897073,0.3011218571228362,0.3102062731904696,0.32410424983535613,0.2556701699979965,0.30513263042083516,0.23634223485260744,0.3452631732971861,0.26516165671476916,0.28359394072152044,0.21146881414142304,0.2517621712903485,0.28984669157019866,0.2700021741202414,0.28091692513123095,0.3809710797555541,0.28383788116175923,0.3521242562543981,0.31622042862870575,0.26952001709019907,0.3220472998365643,0.23783090152057026,0.31883215446012814,0.3517887120991302,0.33227160444922843,0.269575407192997,0.32496764127111294,0.24746124320659874,0.2505836918402037,0.2527913029366757,0.3016737399884897,0.32896085864794944,0.25491347635681577,0.3345313758542536,0.28116203588159966,0.30780397575657387,0.3889420339595544,0.27363487599224673,0.2726625706212733,0.2923919986255052,0.24166013079999568,0.3573738941541589,0.3298405103336959,0.2542034809529205,0.2752915403350239,0.3019697013955511,0.32707548887514687,0.28393133573336504,0.261486351946189,0.3027939274066022,0.36465233489374127,0.29871599313488284,0.3032861480359054,0.28269373191163283,0.3668306760259853,0.27511591370799376,0.38791319466818835,0.23381604224180633,0.3139305169210216,0.3189062509586327,0.26078995270838445,0.2796466054135629,0.32322191786178534,0.3190048566253106,0.3075725777077422,0.325995595751831,0.25214604202409985,0.27456767718331904,0.292352381892219,0.30319119663197114,0.22256742857438702,0.30625990868296454
0.2786897770051027,0.3414896259362566,0.0,0.228076454622316,0.27548193896841044,0.30993198167423147,0.2442417808125619,0.31397627664855554,0.247033436639934,0.32882074083123813,0.34033725274529336,0.3048851718447782,0.30967186390122164,0.24363169162546103,0.26286210849533037,0.39134685340292447,0.3748406470372764,0.28084860272243506,0.25264926438372054,0.2583252681053624,0.3384856265490126,0.44591834835173366,0.2425175990718766,0.2924460404541377,0.2680681466117967,0.25185116262037766,0.2180659203007285,0.281601648015271,0.2794342987207907,0.2535387681767864,0.23815241236019155,0.31149134653526894,0.22608955622412952,0.2370495114302048,0.2396358010452364,0.26160706179691057,0.2609328153908321,0.26741979634392044,0.28488665177620565,0.30158271614591337,0.2551692392022005,0.3237940135159537,0.2560013418430902,0.24267719063838097,0.28781912806408266,0.24830662114220922,0.2621880954295721,0.2727822089605844,0.282919841765908,0.2700425381648959,0.28118138872439935,0.2797890296176086,0.23298753019077667,0.27586556370646576,0.28522872291825,0.2375855459738946,0.27348210298620484,0.32871939239960024,0.26358503569723746,0.26108818897197733,0.27065314749702796,0.205133015957277,0.3093364459484427,0.2295721402695424,0.2228951340624895,0.22698888392916175,0.22718791668794286,0.2667512469694218,0.23962297173576683,0.2982105710309561,0.2767303433376587,0.21151661625555385,0.2529244690230844,0.36694492518470206,0.32867436871831535,0.19903927478486025,0.3001905204750415,0.27916143953251565,0.22272680771049488,0.2014254970600029,0.26335841046183495,0.24858850341132138,0.30930060229230905,0.25653346109338654,0.24331179130190556,0.322547943776625,0.22958139205818445,0.20875469670184896,0.23956386912226355,0.2194726541595212,0.2686577959588164,0.20760807861825836,0.30203810381221,0.22340078571306637,0.26281762385353397,0.23420189149464019,0.20515951162356566,0.23543664353795096,0.20476695105690548,0.2601897158875305,0.20072168923011438,0.2525384218134139,0.17617006949668365,0.21837090653583316,0.24667886776947895,0.2831728664665905,0.25002730208526736,0.2974312363022936,0.2580497514836924,0.314376839167519,0.2610160192876212,0.22770278892538323,0.23126879638840933,0.2277986430384637,0.23818320080305194,0.35352195982279966,0.23852034363226005,0.3007643727037623,0.2875779611296902,0.2241151138615992,0.2738759031030178,0.19941804233056878,0.2373986995745059,0.29023879350846404,0.1997276783870917,0.28515534803287207,0.2370724128018663,0.28997088515982306,0.301620154713126,0.22840195482873696,0.25294321705282724,0.3655602120014551,0.19505035170813234,0.24426043102421008,0.25123451795565593,0.21970929559574578,0.24039635029707918,0.23514695004980105,0.2732716807817944,0.23571773486707204,0.18880190834719707,0.27418987506273645,0.26744667612810924,0.2622999140327166,0.2553066455542118,0.2149141352644744,0.32991317429019745,0.2635991716771423,0.32572095243593796,0.23481318933428671,0.22171410944608855,0.22377905808414233,0.25454765859394224,0.2764083242564997,0.26363464637085626,0.24176579410072246,0.27793630169067085,0.29716828112857613,0.1818299783587638,0.25023466698843944,0.24571811574538666,0.20896437374666704,0.19674787370335864,0.30805616374654216
0.25343532616001646,0.30765587574102643,0.228076454622316,0.0,0.21642753756681138,0.2654627736146246,0.3236497418109253,0.3047806520897217,0.2250742900059565,0.2515466849949625,0.24563216892828588,0.28356374404724405,0.24446853366826163,0.25642176732618305,0.31097445000542034,0.21621433990482788,0.26993257250545655,0.271795476302768,0.31805000006660566,0.24871404526939653,0.3043710771111971,0.24524780853777609,0.28512377025596863,0.24438750681878904,0.27505168586338663,0.2491031341245872,0.2200991589827159,0.27708150343695936,0.23500659959805484,0.18371663451407608,0.26629591614221976,0.25197540484350367,0.44370864960880024,0.2951916048176625,0.28961964454431854,0.31778658795302,0.23722400464880775,0.27126802790227533,0.27046474467207,0.33022157735234375,0.3462521270011095,0.25596781903671784,0.2483146269711791,0.28120511659412184,0.2827065963103087,0.27068071001409116,0.2083100446877681,0.21579911208332528,0.29157806557911475,0.2861934602906656,0.3460367791667706,0.33169866527762143,0.30236665999766965,0.3381918355072966,0.2913839491833177,0.24824922044654463,0.31906070145495646,0.26225269704175613,0.3069820316030068,0.32885544500976077,0.30574126449958344,0.23481021254604126,0.30872192739027965,0.22431903171636028,0.29853360428884834,0.2720478502537353,0.27965730818382867,0.2140094499191544,0.22358491268489078,0.27339656371196064,0.2580661002398973,0.25696484037172745,0.2595644740395523,0.3542218008833352,0.28067953832727327,0.22686613828437635,0.29199575145604184,0.25004015342458674,0.2719583567813893,0.18598834190847444,0.25382176009617574,0.3473586064947044,0.23374451036214575,0.26098519849957486,0.3241525274904699,0.3004525850985508,0.27463795444729877,0.27176593515506586,0.27558328209720706,0.23542790912020503,0.2657154783323559,0.3099594681283465,0.25974051746460347,0.27342181949624633,0.32242400624852435,0.2400197606226572,0.2354192083076449,0.3020553810723567,0.24736837270740564,0.32054857881807663,0.23609253619324921,0.2684074299947713,0.29372122663025607,0.26916784038435165,0.2960750300801459,0.2477916773207065,0.2766984124529945,0.25620095695777567,0.2766184210241994,0.2276264828413292,0.32467107724528355,0.2877243908027632,0.3117921382463841,0.2520700075854035,0.3068913555726515,0.2662030336179025,0.31438891553729975,0.2124492800788677,0.3138502193883292,0.26066652355408304,0.24954366971115474,0.30719528528869966,0.2688032538121398,0.27468391301335904,0.23051310752992563,0.24567695566389264,0.2984224989777316,0.23567067132098227,0.3109748994424317,0.27869927110883524,0.2143626973946583,0.25766351705745477,0.23137928619670223,0.32384687925694694,0.24927442452880813,0.22506008905236835,0.19130088852624272,0.30403149274162583,0.26498696666061416,0.2636065090594687,0.3205022325359052,0.23690360183335313,0.3716070543254656,0.2861458461454741,0.24809096150541607,0.2770468215629268,0.28420974691670053,0.23762237328258615,0.23831538947821929,0.20184074815933759,0.30409497673092867,0.31469943924716987,0.2467430298328504,0.21644188947141638,0.30914992994377855,0.2599814717285352,0.24462244370791375,0.2591969386199513,0.3454858227626715,0.26232947422418323,0.2743954334915768,0.2709571069046502,0.24744105504145442,0.26236647280363457
0.27046596417154556,0.23253418014917554,0.27548193896841044,0.21642753756681138,0.0,0.2243357546813339,0.28871044650351174,0.24900841980032123,0.24647078144919465,0.2323567739083068,0.28964631550460895,0.23036399680211292,0.2567914745389415,0.23914827500287317,0.2730468377271933,0.3099042855369672,0.28892099460860204,0.2915977999986692,0.21607073350161626,0.22029284946787484,0.268140269698142,0.2694274997784788,0.3025990922924284,0.23188623126621852,0.24066654765984466,0.25818674464881103,0.24370376841830654,0.2363392121275561,0.22047580795430805,0.2972092400131845,0.25326552684906417,0.25075831761653933,0.22170910319333412,0.22496718671750615,0.27442642670261674,0.27261621812811715,0.25563912161539354,0.2777476977869039,0.23861561292800293,0.259242475511911,0.25392383237401756,0.28827069385090826,0.27788486789501093,0.25752991805148423,0.22792443660222828,0.2395864355103706,0.29979066104972174,0.26381662364464953,0.287947076153721,0.26776165923071965,0.286688799960173,0.2396452586097286,0.22716508757811196,0.21681441072184207,0.2512662998495439,0.22978766833453737,0.23486871677585108,0.3531960331000125,0.23535862954079897,0.24495155890944814,0.198320328425032,0.22997069202740858,0.2716113093541626,0.23915633668110595,0.2107276341109023,0.1889036146728394,0.20740256995481315,0.2530815235607396,0.23627786631647069,0.302275879908668,0.2567146852548332,0.21944884236287834,0.2176608462194516,0.2713654737058202,0.24268885022665776,0.1972317349350484,0.25803229331544586,0.34889183188153217,0.2324962502794805,0.2063939056457118,0.25047499364030307,0.24652237872707816,0.29031889859089866,0.23025862271435735,0.23248346347198792,0.25884089599118604,0.23841409975168001,0.24160412232103853,0.23515886485833004,0.20222579597766804,0.3971041392451273,0.24327200551737502,0.328318392144282,0.19077011906337812,0.24522492527842227,0.20902130400283242,0.17333835661315788,0.21790450611711545,0.23337923118263285,0.22607289718454324,0.20398434848565936,0.22885337320261792,0.21752225458614538,0.19640976735178697,0.24957276281777907,0.26584062309165457,0.21636425369158963,0.2827210958648754,0.27771857419909385,0.21635084683554726,0.23146243316267182,0.25990212299884347,0.22123246040364142,0.2592217261750594,0.24563452091473897,0.2749641117581783,0.24054320042175892,0.24319358980020064,0.21219686092729514,0.2535306478065144,0.3013853493397285,0.24289769165404076,0.20839658303891018,0.30115293409184357,0.21164478992024077,0.22687565661524697,0.2240900867356543,0.2630225963822805,0.22170865976904666,0.23349877102759053,0.23718458560130037,0.2607849048464652,0.19367152640707405,0.23659907893128856,0.1942188643814631,0.22707487865339135,0.2215102894580057,0.27668685281453487,0.24079986274494283,0.2846057813029108,0.18737618967649408,0.25183373686678895,0.25282707207823957,0.25188388343796136,0.24878560801648805,0.24347614349695493,0.2960090998834784,0.25588516545583334,0.2315460457566284,0.21633667584561714,0.22623830094847963,0.2435159746963606,0.24430140249529805,0.24922533213172354,0.2566416185442461,0.23641658602097232,0.21280099148670972,0.2916785131583657,0.19816199788668276,0.2468659413255757,0.22249746182605473,0.228030816903917,0.21613858579449274,0.305578425348861
0.29890521517283747,0.3896549622009827,0.30993198167423147,0.2654627736146246,0.2243357546813339,0.0,0.28484305031453877,0.315851093845907,0.23335819287547535,0.2761146150376108,0.33908381576788893,0.3684663634584541,0.33090682371362207,0.21602034455097727,0.28919299451111574,0.2926142062240723,0.29836522816938527,0.22333926291932937,0.33098211199871574,0.28418488542954173,0.3316134311022489,0.33344545403561915,0.22801491754700912,0.2846866987858108,0.34161876140876407,0.22960081576457306,0.18509057182449978,0.25625925637009134,0.2724481832257379,0.21681166523290485,0.2790381002240061,0.3407885832562897,0.278360453998632,0.2627040752309264,0.2764550409582093,0.2695980118341409,0.3018735683293899,0.23173644816490754,0.2748890712771922,0.2676516469608626,0.2951839329470832,0.3144946274600183,0.25295316399038226,0.3304215295581617,0.26630726575966096,0.23150505948437253,0.23758662760860097,0.2912258896082269,0.25802021043928164,0.26131097303441425,0.29591802235049014,0.3459543981361491,0.23569648230411147,0.3251655163261597,0.27644918768040116,0.30017317245686786,0.27754191180860505,0.3536043645659064,0.23998477177936756,0.24629259379497326,0.3339313458168213,0.2180270920626884,0.34288315846100204,0.2023021396791764,0.23056765027632378,0.23799802401822892,0.24557513806390247,0.2764093113382657,0.1953760590502201,0.2796084344570503,0.28848398921046753,0.2034912322839381,0.2591242977851529,0.3178634985872207,0.2925460005809663,0.22398106358901967,0.2769404042852134,0.2529052133554593,0.21685074185595035,0.23817348339279143,0.33707236282507463,0.2693525432808577,0.29222044028262073,0.2753703915024724,0.251197140802457,0.29804847544646135,0.300659134602237,0.21216697413723823,0.2432021174275032,0.2412855607177983,0.2594979767011823,0.27448906876677687,0.28794017667313543,0.25237854034863944,0.24830841203704268,0.30589444749423256,0.22206167033561736,0.30649271572485565,0.21004847030442494,0.26168718496367593,0.2180642343857663,0.24785312836125956,0.20809235562140743,0.22536170386141255,0.24997541345197885,0.2662280285033449,0.25602843008030834,0.2962463690078623,0.23860015239420929,0.3613324810812085,0.3487835851515413,0.2259179795611007,0.31852543701684877,0.21255800663419358,0.24238427365256934,0.30563801291945364,0.2911247994102269,0.23369362309517977,0.41934960039364444,0.2243694494823502,0.23809841052114228,0.23514738443231975,0.29708721905777224,0.3048821046460556,0.2514111017838545,0.3024172918616337,0.25100979184710576,0.2603385347890343,0.3074191116057274,0.2105381663188791,0.23841600941349356,0.3282709938547734,0.22485868939236114,0.2935853837334301,0.2804457729844002,0.2436020867467097,0.272752223085725,0.234450085615195,0.24146097089620927,0.23425110359123377,0.24038247735006,0.2810524082285429,0.27252944561719683,0.2561812316694628,0.2711900750151363,0.24917571021206678,0.3383420032700291,0.25800513198186464,0.2896716340639636,0.21409012031009556,0.26912645010967773,0.2748763255405275,0.21274558280529565,0.24085432412521357,0.33331127025234797,0.2684267059510548,0.2945088498703039,0.33216801069073987,0.24029650752391307,0.2632501701785591,0.2309957619341695,0.2840273269285404,0.20068750308991976,0.3058525132786446
0.2789676382958369,0.2926111081044192,0.2442417808125619,0.3236497418109253,0.28871044650351174,0.28484305031453877,0.0,0.29456548610586886,0.2433434275944881,0.2783420199435382,0.26953342503933786,0.35829121286759824,0.2979989674742153,0.2500939945471266,0.4667133230500263,0.2588734885902833,0.2631592949850192,0.28301357665860966,0.280437457027279,0.22686051493103873,0.2951186411232876,0.2739324127722144,0.35378376731434935,0.297882167339528,0.31711310740926735,0.3156705144220465,0.2419231701808936,0.23955762428523206,0.26807874799741793,0.24367006334989533,0.3525626670469478,0.2921341580594359,0.3859659815406093,0.3192190927008508,0.28632975777484315,0.2930969009386954,0.3447093373409469,0.26999027920558405,0.3075999382471209,0.3469220203481682,0.38337717192322907,0.27914587513196637,0.3435373107411446,0.36317476629201356,0.33248679105447876,0.3204148242883667,0.3087903366850094,0.2760468940238011,0.3748817661415579,0.26200909196803607,0.3717204192679161,0.2997859375649031,0.2353164939432455,0.3298937619445411,0.3516448134419645,0.2968138985015873,0.2668008350800179,0.31499262637290276,0.2846928847351974,0.27447976737873586,0.23983184670097685,0.26244344135349695,0.2815282546977026,0.2331227181862861,0.25414226114110217,0.23184858669261202,0.28709497109860005,0.3198482837410696,0.22788590492394906,0.29370668462275573,0.3344759524171545,0.2518922578281422,0.21210935266115402,0.33193388990707995,0.2262399184883527,0.2555720246504234,0.33693364655075175,0.3554958379000291,0.2978846858520872,0.21956383241440314,0.315046443172551,0.303473286134027,0.32632333174165934,0.24594204286375781,0.2665386871596063,0.3098523095081338,0.2758608890132788,0.2747821435959252,0.30543081952159146,0.2713863449859347,0.32786832658658216,0.3976538939168332,0.3190985672820119,0.24302991551852857,0.27140085168837624,0.3405216287222598,0.21100824107631405,0.3537086047937622,0.24784982114097276,0.31708711077596763,0.2660383684105491,0.3012604153542692,0.30383564849124367,0.2844374195256904,0.26309456841009826,0.3326605526301985,0.2596447393273436,0.2857432500360769,0.3870817743259447,0.27251767898355284,0.37263486417926417,0.28054970910814336,0.2623356812069412,0.2400441889088149,0.30753534745712013,0.2845444680829171,0.29537318724516987,0.26344941212215534,0.2673787378061697,0.24952194491144622,0.2774394009397322,0.30104923613517887,0.23581636933501912,0.40221585556962947,0.22710888223513018,0.3606617505948558,0.2339754488499823,0.3598752415765274,0.2853935403117084,0.31044708733094206,0.23102614300502203,0.23873658658290198,0.21699763983754744,0.25234104189664036,0.22990821833756794,0.2817328647357572,0.27336235706858203,0.37949860569079524,0.27976646941526995,0.34478309968947274,0.2903040030916306,0.2569608736394018,0.30163501499396117,0.25063439595846343,0.31930379547872656,0.35439325306207964,0.33658526653764975,0.345244095816462,0.26603730869315967,0.1995599567849784,0.2941296264097235,0.3148338953924332,0.22375429206176992,0.30920980338985676,0.4314107922277916,0.3221012272281213,0.26218533838367913,0.40790318278600424,0.29188561092951315,0.2969072039367447,0.2975865776029983,0.2622066925393373,0.2622463361484098,0.2850180116003026
0.3482728022931146,0.4492858002925046,0.31397627664855554,0.3047806520897217,0.24900841980032123,0.315851093845907,0.29456548610586886,0.0,0.3408742428300275,0.3860486757362048,0.2941271804143161,0.328153680082807,0.34511328702189614,0.2931500022836704,0.34770832125221274,0.3149646430983403,0.34645810925958676,0.33644008411891996,0.34131803054279203,0.34751019204439276,0.3664449666826865,0.3077377340744889,0.33823871350874735,0.2840652084983571,0.3946947515984555,0.25530036409831786,0.28610090181118025,0.34893333877010707,0.2484208170642749,0.24879419225938304,0.42420665184942524,0.3837365260854433,0.3004072594444746,0.3568413113151871,0.35442449927300246,0.413042600370444,0.3161304908981376,0.3586323816494234,0.30783992240626157,0.37291813294972564,0.31496574993977455,0.3495316391023955,0.3074065824350455,0.27149449900471445,0.4627293217724942,0.33221750686944307,0.28891227759329435,0.25446877840681864,0.39190668513790483,0.3266822981395501,0.3396479003266948,0.28444923286128126,0.31265207351019053,0.2925981609783378,0.3296415473917124,0.34636189006280726,0.34252473652087306,0.33737990959896,0.41611705954781864,0.35475909461475824,0.3752023867913845,0.2606474554617573,0.31768668708293707,0.3106960464979907,0.29048250983318014,0.28310206247740966,0.32177824748145323,0.27346930943281045,0.2933523249756112,0.4112054092904818,0.31611358840497106,0.31431085779883167,0.30552744320989467,0.403690220372455,0.38612548225542226,0.2851924336585624,0.3260693089996199,0.2948176253631647,0.3317099146692823,0.20582542961031863,0.31096375134963694,0.3532438911490111,0.3480050121122788,0.3563942453135143,0.382411302685375,0.5093282948721446,0.3655294456508261,0.3203161586271377,0.41468719624153016,0.3140936117290218,0.2764958277555434,0.332627877727829,0.344601135815763,0.283303070768527,0.39310639871647296,0.2784401255031558,0.27601785449124877,0.38362893395544173,0.29005949403660264,0.41933032268913933,0.28049465641868215,0.3442902596971549,0.25567076600370314,0.28219503265218665,0.39703705509457515,0.3342314375967458,0.31464337158243944,0.42186424104981846,0.32073078438754526,0.3113322344502216,0.2876637739742067,0.33343885351236385,0.3417482137682524,0.31073986991290753,0.3457672495908559,0.34743246559740487,0.4048381457947637,0.2888075220363153,0.27995405358501985,0.29672945657835514,0.28554139130360406,0.3092186392795365,0.31206106803576383,0.3300149448099538,0.2819669084205595,0.2776046380317334,0.3101076693085467,0.33640914990994997,0.37300668049394325,0.30334316926004806,0.3555846753782506,0.3073412560204676,0.2725183136348604,0.32294349757741686,0.29631026556612944,0.2567639111541402,0.2883321483727264,0.319763770906591,0.385721978916597,0.34030366907259096,0.2611934651784832,0.30961211839067054,0.421502809427283,0.3706968370036989,0.3233720656706425,0.33144019661120966,0.39522127239240623,0.3132185534475194,0.40989328404065484,0.26323516745420306,0.35341165415271153,0.37951869809033184,0.2758202144061394,0.2956063045338537,0.38962331490261554,0.34322995152743957,0.2829769726844322,0.3320987932795685,0.24972087458717776,0.30383488483835225,0.32750661691405547,0.327170376832283,0.28550517053378605,0.30778485510505443
0.37639620005925656,0.27748597910788125,0.247033436639934,0.2250742900059565,0.24647078144919465,0.23335819287547535,0.2433434275944881,0.3408742428300275,0.0,0.2618356929975346,0.24977932464881952,0.22523851021238872,0.28900072780719077,0.35820956079628286,0.24963181460799583,0.27886896242784476,0.29665246484070185,0.39446364275029006,0.23326664185341286,0.30647068887918616,0.24678077628864034,0.2942749303517124,0.2712058341814066,0.21439468160721087,0.27745743489660923,0.22907259070464325,0.29669014400933064,0.3037314672819652,0.20790115617439603,0.29708159404193096,0.3210693520211766,0.3086415346740266,0.21745821516748343,0.25602082877164795,0.34075926216957647,0.25162214545029954,0.25196450511033197,0.34956354774158094,0.23143614245464178,0.27665533806652337,0.21644693774220272,0.3826493711330317,0.2582860007896546,0.22360579755149826,0.30827913320719835,0.2684673915084402,0.24595392325855603,0.20153757850577364,0.29562811647711934,0.27454817139472454,0.2542111492642835,0.2366048600090015,0.2871236681078267,0.2096495652220242,0.23604695564715208,0.34874487703456597,0.2978992509730391,0.27462447663572476,0.30725962800813983,0.2663828371505883,0.2497954681697415,0.2691994866971512,0.26276291646028427,0.28850076796199386,0.2852443815745132,0.25867156564419697,0.29611043713361623,0.2624430394502998,0.2725801019175052,0.35644334680780326,0.32234861535606213,0.3047097663105378,0.35264796823318034,0.2778084427863066,0.3345056668859119,0.28480123757294973,0.24608082529932454,0.22004393211819231,0.2813765022758214,0.2127853240291942,0.2583229070160041,0.32443246434642886,0.30306029738890555,0.278745242233173,0.3308684959751402,0.3672209570307117,0.30744183962163374,0.32440092813498345,0.3219632487861763,0.3352937691401052,0.3061184948036085,0.30888277876026893,0.2644825984348725,0.26269134462699617,0.37269784646458787,0.22572782506880493,0.24911634871664112,0.28782307010507785,0.3509285544858463,0.29829516726669103,0.2641095513760339,0.25348884066895916,0.24347046746260462,0.20787496457581114,0.36600286540411614,0.27314545131464374,0.22313797275318373,0.3289789282400642,0.2573586733578302,0.21940599026971658,0.21350307340897048,0.3379922838981086,0.2834547489426001,0.3619047283967236,0.2860015881986233,0.3264611892606647,0.32397206058892014,0.25023966941113873,0.19852667682524913,0.3436221729377636,0.289316229866537,0.26790483268112814,0.28301834252415065,0.2747984611830162,0.3675786383350353,0.2091879299518556,0.2913162969145616,0.25491849201899824,0.23403137289225265,0.2643350652116578,0.4551810309940265,0.2827388376130794,0.2796652378564591,0.34010060416100224,0.2275622772746374,0.2543118304616997,0.2527569756660504,0.2629686972376775,0.297931671353143,0.2917754746014701,0.21733244474094046,0.29889751731316955,0.32992665454737125,0.32557450375527014,0.26284442541885256,0.29739273662570104,0.31143337535057186,0.23947574621772064,0.2938187947122413,0.25957336114203394,0.3159804694591478,0.2785233310428719,0.2536408848228067,0.23897094268141425,0.2551984533542568,0.3135150921754986,0.24388258551346864,0.25267134472872405,0.24853495673419856,0.29316057213586205,0.24452646466499625,0.3290118098557825,0.29685182341012517,0.3156800058928838
0.2870257606767182,0.40157527188006303,0.32882074083123813,0.2515466849949625,0.2323567739083068,0.2761146150376108,0.2783420199435382,0.3860486757362048,0.2618356929975346,0.0,0.26958971698329204,0.2851972317995031,0.30182428145641255,0.2746067518832433,0.2853920422719403,0.28540024903579064,0.259372066698813,0.30673738211968615,0.27050887576832544,0.25123068986206487,0.26151804219073466,0.2786178846529495,0.34404149067377393,0.23202560063166072,0.4265396958974976,0.25359016807480594,0.2566225499027806,0.26839418508002083,0.3726752387396437,0.22929621194603345,0.35160193236126935,0.3342523243788506,0.23878533606014016,0.2776793992884246,0.2944870614269195,0.30453620834755796,0.3143420370426117,0.29951650129366175,0.24654318831248972,0.2816244370912087,0.24037024560384176,0.2771750477354716,0.27434299555552805,0.24095643954411242,0.3276794417085154,0.2549878533431962,0.25903591767049794,0.2655591453270033,0.37160890322723744,0.23671241555838562,0.26436695263695476,0.23093399191466982,0.2324627611085192,0.26566747741017976,0.34769017434256505,0.3103887977139404,0.25117852420421594,0.26274851586594533,0.30100981400730414,0.2601748789392254,0.28534298870320796,0.22969916504326673,0.25085983080978025,0.24821853912968872,0.22505101298035662,0.2259764806147576,0.2528785075873178,0.2753307910290693,0.27308199948865547,0.39612870793048643,0.2574940051181556,0.2826456177108526,0.22629558313038972,0.3036191363595693,0.2759268548175707,0.2643467985950338,0.2594843285664754,0.2965287201166504,0.25985822776509654,0.20507895133157414,0.27252801150100686,0.2658923331083918,0.3302315848375951,0.3278407250954624,0.2619590145569295,0.34930508010503325,0.3092467456327813,0.28393066705883835,0.33531528664125887,0.2522240147268773,0.2482326896366193,0.2572583704878238,0.29454209897192396,0.22181078418613717,0.2771789095643101,0.3247239330752524,0.2034968085426451,0.2917290847154933,0.2562169474807501,0.3011706228509508,0.26815647020687733,0.2743686701375138,0.23110062833847453,0.31302317131973395,0.266488748416408,0.2596708596674553,0.23338693836852015,0.387398982022939,0.2633031159651568,0.2580095400406043,0.24149536695891027,0.2562116530994715,0.2792395916034388,0.2721733726019878,0.28600581094799327,0.2755061680637752,0.31712868821169227,0.3519495969989647,0.2546966366471693,0.2797295097392632,0.23231959913877975,0.2796132694571246,0.23736747342763878,0.29614113696223665,0.2431927519829957,0.35670480311487734,0.23666380631221784,0.2720237036799858,0.35317588028377034,0.28602463387996124,0.3059923989579554,0.24065821374783505,0.25692023474910836,0.2538986199742636,0.24602263274657205,0.22676056188442406,0.27118203724996814,0.29959527429167504,0.3324891215504815,0.2874948881970381,0.2635180634166272,0.29660381906745115,0.28255720580278787,0.25248581494552086,0.2980714265126884,0.3112573435632136,0.2670141675362501,0.2976444235369903,0.49778259302270295,0.22839358935694307,0.2619816870320355,0.3421188833906054,0.21426638855358912,0.26461046884633954,0.30641773346734325,0.29515880120375454,0.23409684831676153,0.31035062079331854,0.24273225011878372,0.29844170173944656,0.3430337734662786,0.30989830771168,0.250362701713975,0.24948191762507305
0.3401987633945024,0.3321219331869209,0.34033725274529336,0.24563216892828588,0.28964631550460895,0.33908381576788893,0.26953342503933786,0.2941271804143161,0.24977932464881952,0.26958971698329204,0.0,0.2880320011404425,0.3486574502324253,0.27192974053229435,0.27935778460971505,0.36854841956858364,0.39038198044395345,0.30020189511459894,0.2748623682352003,0.280953439636308,0.32486615119100226,0.3971190598687694,0.26649450169268896,0.2921550082534323,0.31913924241709035,0.27307793168657096,0.2349171931952905,0.3344480021134668,0.30899149189187347,0.2529202733253189,0.2554389331870434,0.3244992043528665,0.24351073889413952,0.25587509761888616,0.3130974702808718,0.3094362193277577,0.31515026873363405,0.287990585984187,0.2930007093980019,0.31012899791295484,0.2776049739546981,0.351996583394156,0.27418003348094394,0.32059045669457203,0.2753945870135819,0.24431468933264044,0.22133504527379308,0.3501297655921766,0.3131706493402547,0.2624493997255512,0.3112774784380283,0.2728201874036598,0.23141808830866678,0.30223262772327436,0.328298492615766,0.25122231346205426,0.28106121792171634,0.37556055788051734,0.282012528166014,0.25943310475052117,0.3075195669052101,0.2044657652371184,0.3296176757052227,0.24397188999941688,0.21536902937726385,0.22807109794015074,0.2699605831482872,0.2657154690108349,0.2670865659557715,0.32629882243570474,0.2905228834255145,0.22455894020007458,0.2974605269501528,0.3332279097605295,0.33676919981093595,0.22916843933732067,0.32538543133403797,0.2761467821989071,0.23343539050472717,0.2214543700764593,0.3163173282883784,0.24125335984906657,0.28282548674723024,0.30204912591705896,0.25564268262285567,0.2951027370679419,0.2893049916258745,0.2234644500813774,0.2321463590895167,0.23671438069267386,0.3460156147174956,0.2178310402626892,0.3541329889724554,0.25153047706826165,0.2724851578098156,0.25749070139580615,0.19827975883978166,0.23459102906186147,0.2158737268111526,0.2593666513045413,0.24718741653171378,0.2683139649853803,0.1992720902446926,0.20044463714777982,0.26303987185651956,0.25299195915953454,0.23615531070682375,0.3323914948513696,0.25901921645900006,0.32936257785211204,0.31596187926349883,0.24734158525134198,0.299984792717351,0.25363105119968987,0.2721459959594348,0.3354857323043537,0.27770299427341594,0.274938486689063,0.3357022731077858,0.25083294177824267,0.28355380354997606,0.2176217622695225,0.28356103754865264,0.31791496812109676,0.24241738956616563,0.29605813777622686,0.21896209647905812,0.27582057400818116,0.31217318965605867,0.23617384702114083,0.24732406626313513,0.3115627023452705,0.241201694254048,0.28821715138563436,0.2918703436781362,0.25545896335645707,0.26943565199435615,0.2686120981527749,0.2829824274511422,0.24917957472898714,0.23449595521801417,0.3056744687795871,0.24896915961479646,0.2651484717282394,0.31833786456328284,0.22899872522332537,0.28718187983698296,0.2574490389763357,0.27643760494699465,0.26192889878346015,0.2995999721392458,0.26435077315315336,0.29144774968870424,0.24951825516804702,0.2801827623123318,0.27397400283908957,0.29416961906641054,0.29551558465896344,0.24269423619070296,0.2706781765572061,0.24791436600956565,0.2814321228351752,0.1996290326324139,0.4232841424549088
0.2502700201309246,0.35987384044043014,0.3048851718447782,0.28356374404724405,0.23036399680211292,0.3684663634584541,0.35829121286759824,0.328153680082807,0.22523851021238872,0.2851972317995031,0.2880320011404425,0.0,0.24502219144336454,0.1899347701528088,0.3254715223200099,0.2644280087721344,0.2857881374322092,0.2240962479298878,0.3598688139702913,0.2421658295480276,0.35343404645800064,0.29656341821510507,0.25876224675195136,0.29151970647508874,0.32876336048462135,0.23984903731307072,0.1995170532619375,0.2344797890177515,0.26165140628156436,0.23214317186725397,0.3057328492495968,0.2888806091359583,0.3049581293265768,0.296859545666761,0.24382758502460866,0.3040857198672047,0.2737984281523069,0.23575512453924732,0.3589548052137818,0.28857985926616525,0.3497736927660118,0.28456136490044354,0.29487786597498633,0.3111168388822326,0.28682164008718253,0.26513534914972736,0.27912726855348813,0.2771009877517986,0.2804227965669925,0.2659800026853582,0.35078226808093876,0.33177930916971354,0.23006120684000603,0.35689219942856026,0.36542776238747493,0.261871091038749,0.2884274445363781,0.35930298181803083,0.24309549085740242,0.2631207871218825,0.25508649406100103,0.21613056970000716,0.30976625216544745,0.21513347158476695,0.24046807074055668,0.23469402659175773,0.22029219882772644,0.23798232677909323,0.20012734193026577,0.25210971892262163,0.27188168894046705,0.20719941358052202,0.21229331397285578,0.30875234824013936,0.2596829192297332,0.21251844283521754,0.2890258405568426,0.28336809358047005,0.24501893049942441,0.19079086696311917,0.27129402843104367,0.2928074599988472,0.2866989300722149,0.2189441266030834,0.2635448712376874,0.2901412946983507,0.23854630316267147,0.22339752325542045,0.2619734724815899,0.23797185417524666,0.26838579397514856,0.2984806596040639,0.29725891641044505,0.2472911053746318,0.23961377883018864,0.33137304896246833,0.21525828863702726,0.32055015878478593,0.20679986489512184,0.2666296691727933,0.20480474140871238,0.283274553036056,0.2416082695157067,0.2998098644028715,0.2454561190693875,0.28223158514018937,0.28124680187493156,0.2706200066592436,0.27077375012825095,0.33231463821748985,0.4116381599133675,0.25252685919946144,0.24089923291890397,0.2126287590774852,0.2552944222586078,0.28939900585680317,0.27473228559180285,0.2805411404581517,0.3348564128606296,0.21097351928667724,0.23720699823512612,0.24973221912264168,0.24007029664072324,0.30340939257459165,0.1943454667480448,0.3545287359305462,0.230408115398765,0.31969000066600795,0.3569973251712622,0.22572791402300466,0.22260993526457648,0.2649350769794808,0.18548773708847766,0.2596232113366341,0.26259628153391684,0.22018904003246345,0.27179013167767047,0.26690135833684403,0.24758475430383736,0.2766722855933915,0.22050399031034373,0.23964831550775698,0.2891221885998564,0.25533668267746157,0.2723581916455772,0.2976605435117035,0.3851831226155928,0.2696631989734236,0.30920066371898564,0.21672207534771956,0.2771546666985959,0.28065795697101126,0.23409827643338665,0.2855140552950036,0.4067179380572832,0.24178181608024557,0.23862813323811374,0.329675266639838,0.2125154752487501,0.24025351832279343,0.22321134445428534,0.23008270014822899,0.21041146813217443,0.27138624753055457
