0,1,2,3,4,5,6,7,8,9,10,11,12,13,14,15,16,17,18,19,20,21,22,23,24,25,26,27,28,29,30,31,32,33,34,35,36,37,38,39,40,41,42,43,44,45,46,47,48,49,50,51,52,53,54,55,56,57,58,59,60,61,62,63,64,65,66,67,68,69,70,71,72,73,74,75,76,77,78,79,80,81,82,83,84,85,86,87,88,89,90,91,92,93,94,95,96,97,98,99,100,101,102,103,104,105,106,107,108,109,110,111,112,113,114,115,116,117,118,119,120,121,122,123,124,125,126,127,128,129,130,131,132,133,134,135,136,137,138,139,140,141,142,143,144,145,146,147,148,149,150,151,152,153,154,155,156,157,158,159,160,161,162,163
0.0,0.615321594219903,0.5766038822288069,0.5157879270248521,0.554410347287787,0.5400467269363987,0.5570484731259459,0.5306433484416444,0.631367148617129,0.5524431251118415,0.6134728210046436,0.5592503200516131,0.6051442558107836,0.5909662978104234,0.6035958299905542,0.590228111765935,0.5859740883210013,0.73518503882535,0.5625868794903175,0.6871243298585049,0.6110774041513527,0.6201745882110057,0.5496585052049084,0.5819129294655456,0.6511034146261987,0.5452070671347528,0.5098536223807781,0.5530738937641172,0.5538280925874667,0.5690129939865067,0.6382207788401622,0.6214691639166281,0.5536401550313128,0.5350023008629516,0.6687977592949894,0.6215279604062303,0.6299324095888177,0.635867176596406,0.5264150008821781,0.5934881380825046,0.5911885572145424,0.5590344273812254,0.6589651635318468,0.6459749034935816,0.630925064600966,0.6329087088909325,0.5794433133330048,0.6425417248604189,0.6588136749179724,0.6737778785581501,0.6716890918969015,0.6046030300813201,0.5353931614078895,0.5669894508053175,0.637103035606582,0.5620837638998912,0.6897546795376992,0.5559635691174388,0.6020989217799172,0.6319655021947822,0.519274869752797,0.5416811491406234,0.6231071204960852,0.5555139676597564,0.6219094598093761,0.6084830408859766,0.5649300071856069,0.6090422548431892,0.5875161165252728,0.5641156210592158,0.7217105962913957,0.6360685022015872,0.5703367622295735,0.5975147517263762,0.5665257887358381,0.6069069535157482,0.5180205705391611,0.5386007743480393,0.5825280802528692,0.4932224047360804,0.5498030221447561,0.6254626442772518,0.6041086323238555,0.5509253781324155,0.6162313380329094,0.6403400451705061,0.5337094824613191,0.6056891485868517,0.5755022085118633,0.5525715980709069,0.6428816983510662,0.6031639101314781,0.6995495490872984,0.6348409997763987,0.629766693980925,0.5747540315107525,0.5135654342827649,0.5615082741245502,0.5403701086031758,0.5703128209500193,0.5856618148076085,0.497948648832345,0.549381081179742,0.5481955600014325,0.7083876011835493,0.5893953380629326,0.542638136646127,0.5323594582141137,0.6307942565985856,0.6068915539569951,0.5728822197306498,0.6245193719780191,0.5785993927458901,0.5024081759777828,0.6513902745157739,0.5722565905107597,0.5868820676756563,0.6376821447850134,0.5204182025793122,0.5188961754349664,0.6105569211238112,0.49525903906721197,0.5940367188058883,0.6662892421846107,0.5897303187296804,0.6029728883029797,0.5038551668468907,0.5524233796284156,0.5807089779373515,0.6366977067853873,0.5437786017199999,0.5465569993727974,0.5216359429525497,0.554875667395818,0.5844881473478369,0.5725473340662591,0.5937773269412174,0.6203002144315423,0.5936283348734793,0.6100679742368561,0.5528445038342356,0.5929926897997295,0.6119785747465323,0.5872816441968242,0.6150037353065203,0.5291726025381367,0.599570733467475,0.5119830704739999,0.6560709434328127,0.44339080652930757,0.6534314288224985,0.5631569543487657,0.5516115531579926,0.544680764245297,0.5748154943836747,0.6423172628312104,0.5891003779264197,0.5497396677742424,0.5707623108580528,0.5756706581946477,0.5104591460766702,0.6283056917410422,0.5046978886100851,0.6313328877443323
0.615321594219903,0.0,0.6054306880336517,0.5714228407766686,0.5149085461809632,0.595076654156784,0.5464561820259392,0.523517095791078,0.5900431499124409,0.5774002405667089,0.5927381431082732,0.5988934341756845,0.5632349389343948,0.5733160182900534,0.5548662711899719,0.560107488051908,0.6127627642318869,0.5900145949931009,0.5977602475183713,0.585911620078453,0.6436610770295038,0.6405386236094278,0.5290004062530935,0.6149751164329459,0.5960397212390615,0.4983800647119011,0.5083669085404315,0.5748239274110228,0.6200311353580187,0.5374912197042158,0.5609384523470657,0.5591167326930411,0.6115243336084368,0.5189786019904611,0.5705949681578008,0.5994941713953553,0.5342357336011029,0.5880134009588928,0.536715020319354,0.6275530808696813,0.6866410938623777,0.5931501547976752,0.5004761450479926,0.5847867783585193,0.5654058538838241,0.5844149979593998,0.5180232678203033,0.5390106446224249,0.5691406406340958,0.5755622909998053,0.6113280494855512,0.6286251870810086,0.584942872608896,0.6380810840868077,0.5886507076070022,0.6064348250845627,0.6489420643676381,0.5573214928529582,0.5500107530221313,0.6414260491103027,0.5425424828939772,0.5120870015402962,0.5591166425892437,0.5093392854815311,0.5530504138154532,0.5536938277111091,0.5591291984845644,0.5127211576228649,0.4856732782670027,0.514659663101115,0.5947683189511417,0.5507343284816066,0.5395855359145939,0.5890735020685254,0.6113986066808601,0.5385004223059624,0.5012544788159592,0.5455772423584708,0.5310293187252351,0.5171959715001859,0.586326448801444,0.606008981569264,0.6271804656595739,0.5421729650493633,0.6035704670155823,0.6649293382878285,0.4820431653990853,0.4938762869008673,0.5490821929393105,0.6120617487932066,0.5716036458339891,0.6003920654993589,0.6338701074222565,0.6348674561342288,0.6564461949029087,0.5567411375631692,0.5291763527466612,0.5744362366085174,0.5125216766838789,0.5770749669474018,0.5540838165174637,0.45236326741882316,0.49026310145833046,0.5311164505665659,0.6003270649840843,0.5497888271363592,0.5483300094756638,0.5511653574294411,0.6173020580331817,0.6545511504630936,0.5826640514702638,0.5624288034722128,0.5617211869843505,0.5179637755475267,0.5930598643941244,0.6555065081021042,0.5927695117572644,0.5138201810164041,0.5423708418907128,0.5342752552037521,0.5628379579622801,0.4773004998200837,0.5773457155564256,0.6834730237302681,0.5543206764644584,0.6099324511459757,0.5195197314338341,0.5318156348805265,0.6207609637003237,0.5462859117630273,0.5757507692561672,0.5733280217578597,0.5049888967609512,0.6154182719429963,0.5587651180842061,0.5104600146229916,0.530130667701249,0.5523052588025342,0.5432364896433343,0.5705653315878167,0.530937380559412,0.5719211674458375,0.6889675438274911,0.5958927788201315,0.5803711768016612,0.4509194349671883,0.6059536824174399,0.5529356467923506,0.597490093772435,0.4833626985166246,0.5646246567837628,0.5932942836403594,0.5765519049882581,0.5463802232700419,0.6009088759553624,0.5768859065010524,0.6164724328732264,0.5886978158983177,0.5754173458931294,0.5412858797933928,0.5192796873302783,0.6050312314849993,0.5319169611833713,0.619183292420286
0.5766038822288069,0.6054306880336517,0.0,0.5813245085336753,0.49567976798346974,0.6183784015503488,0.522556732144414,0.5901018037992741,0.5224929868327381,0.6030899814079137,0.6168293527102172,0.5685269466580722,0.670234270161938,0.5414251424549518,0.4962502827752122,0.6654952116758716,0.6883583170915482,0.5792443015595931,0.5388654558071908,0.5415146622868373,0.6841544816907988,0.6170464659394543,0.5272506507993232,0.5537728772925121,0.5999562725034814,0.5738032754567927,0.5303984966673304,0.6063493828834902,0.5266639599701658,0.5266428493775142,0.4997718628613465,0.632746213634124,0.5437076970658414,0.5421738276114536,0.48914280016878997,0.572107088294349,0.5702258691570017,0.5588219767030133,0.4893430582694179,0.6300182363850817,0.5507947216154909,0.616579614712753,0.5357489235151914,0.5255144034738949,0.6227753006590214,0.6167411227812281,0.521409301091762,0.5473329168614072,0.5571365190630677,0.5660947968638472,0.6577086608789554,0.6292441333799235,0.4970395022081272,0.6121251581495117,0.589839089333047,0.571513922471337,0.6089643026031202,0.6089278355964272,0.5534151561683803,0.6094637893010705,0.6109273824121255,0.5333209154599048,0.6188301423719726,0.48691416505917584,0.5050081319118679,0.5926636040674348,0.6151412839611499,0.5602544343473757,0.5506011651519856,0.5660363290001309,0.6042127382370392,0.49141909685097,0.5911666204172703,0.7530650410081731,0.6407064222224265,0.4919808086820525,0.6240944373887193,0.5513581903491727,0.5329892125665326,0.4886303994659425,0.5650221050576304,0.5725301736598178,0.5725463558776233,0.5518696572983484,0.6231124568070724,0.608450699795193,0.5344891691113185,0.5153264655873404,0.565900250567901,0.55997474681203,0.6022335872185188,0.5301623283276936,0.5699731901026761,0.5526940901605917,0.6169456767565458,0.5165980485153663,0.5148115658244283,0.56016859870245,0.46327208611054516,0.6298764192281373,0.48356722951548353,0.5446013209500101,0.5171861479906192,0.49618838457745656,0.5905661210444215,0.6388247389795183,0.6550806872355072,0.5634694464832979,0.6025674255433068,0.6287139307513592,0.5894167105729029,0.5529172776472701,0.6301105824067056,0.5321685435708556,0.564330939399221,0.6540535834506789,0.5360909350814383,0.515015585871961,0.603555495066521,0.5185043036772562,0.5073512752306776,0.512382159728374,0.5482370311413776,0.6255320353407865,0.4596158462764354,0.5697975235636911,0.5711082758052666,0.573919483590712,0.6180677342128568,0.5254023749404935,0.5502084746709424,0.6749199443004522,0.5096027631282436,0.5101287636290474,0.5272263674000354,0.4427865463118036,0.4803373829101848,0.49534241077286734,0.5529133779487923,0.5333614191922786,0.48425394095049146,0.5662903336484826,0.6166429340350897,0.5844741401032311,0.5552810141870774,0.47982782363173926,0.5417676624690569,0.54561205254483,0.5846428624789815,0.463420177713947,0.5301636851291283,0.49044741407414033,0.551880215558084,0.6055277486268716,0.5948392648885239,0.583686365615152,0.5977740625062085,0.6406911438007038,0.48284329526356534,0.5905593822390516,0.5115121877227053,0.5023646216825038,0.5096560082851448,0.5506309863611007
0.5157879270248521,0.5714228407766686,0.5813245085336753,0.0,0.4749935787658197,0.5722063899689248,0.5486175045493797,0.5453765592608253,0.4940379316604484,0.5331008314912405,0.5920426497878644,0.603005177387216,0.5285317961264324,0.49198015591431976,0.49708921395244626,0.5208944214679982,0.5445727104494502,0.49897654499063315,0.5410579818577594,0.4681360178566493,0.5827441389808335,0.5521674948965186,0.5167475509014471,0.5265474754358561,0.5629192789089984,0.5360592789711348,0.5107132699902139,0.5533835119343367,0.5116763273215046,0.4730093849445215,0.4993073853692786,0.5138029099209049,0.6476445582170829,0.5328295116066785,0.48871434148197174,0.5608994240303584,0.5199425870230021,0.5040445612450359,0.48774433716418175,0.5680375424991534,0.563305039462821,0.5528949534651735,0.4698343443295769,0.5437627269422499,0.5528126637672368,0.5044031095004631,0.44644337091764047,0.5113315105346699,0.5192628495318361,0.4888784510552287,0.5876658923060735,0.5860225114773464,0.44760989065092033,0.6498038200426756,0.5854807392646374,0.5192802651168634,0.5202744488542276,0.5945723060805366,0.4867408361400699,0.5228137284377334,0.5504188560239793,0.4587169301018995,0.5343715879415168,0.44396401416996056,0.45133711076173416,0.4811362889790719,0.5602274041823132,0.4802846087047225,0.466923702714202,0.532686857723097,0.5201261792006072,0.45172206587229485,0.5395304013749129,0.5946205799496095,0.5353224926740477,0.4428292311231004,0.5334739105133129,0.5191659475322794,0.4846386259515849,0.44299866903438806,0.4884228525501442,0.5624450720259087,0.5118753270107205,0.49183893003848245,0.5531638186387282,0.5463009567033216,0.508240029689105,0.4677305681490757,0.4974699736445128,0.5325364014466981,0.5760996720127108,0.5590647817406189,0.5209846558663858,0.484658599310927,0.5650741824738463,0.5367992172501964,0.4649310017934151,0.5639857781768275,0.4474091524232446,0.5671163039252434,0.4669746205570856,0.48103986615003347,0.5469310815062557,0.5307859596630786,0.5324860638844455,0.5004198965157838,0.515064659456462,0.5185542449807347,0.5135153875601757,0.5462385744647679,0.6265345249931267,0.5209188931653403,0.5692065712824451,0.49405251802428396,0.5111437213875634,0.5750067525667579,0.4884824517342399,0.45739385041775343,0.5953503393910843,0.5192837845310877,0.46061467117767013,0.5209825554022068,0.49657603692877483,0.5678638655537838,0.4442522825380833,0.5581356396653961,0.5014297932138482,0.5169865600232395,0.5811979474571662,0.4652631746583251,0.4866026473072075,0.5188476649617869,0.47108018044732963,0.5358166537468775,0.49266807374362864,0.4017969776031944,0.428623439662128,0.4876562471400284,0.5067417475704179,0.49757350073537937,0.5154957903714376,0.4895203706263741,0.5795369875270496,0.5514362046280745,0.5162882769736665,0.46441363080042936,0.5190455657876759,0.4729127870610229,0.5094832349779412,0.4235476809392029,0.5383956465630522,0.47397489238376683,0.5066538523058596,0.4955246615869432,0.6046842284205021,0.5253662993714961,0.5266511476281802,0.5917631103096598,0.5444499919431732,0.5295309826739134,0.45340495815229764,0.4881111055557733,0.47447431683228075,0.5404106903081352
0.554410347287787,0.5149085461809632,0.49567976798346974,0.4749935787658197,0.0,0.4391744368648156,0.5987409123417445,0.4335909292731413,0.5488789640572141,0.4721908260449399,0.5672898913180588,0.5376619437230558,0.4618203271910893,0.5070321377532165,0.5710718065609245,0.49365099569435217,0.47913975811083304,0.5287887947330564,0.4710803393018889,0.5023551957163715,0.5273862979813873,0.5768376755234211,0.5292161311179108,0.5488384365244896,0.5285382280584419,0.5130762726064505,0.4798316249051378,0.43939182915308667,0.524629297913311,0.5302193240622299,0.55556361243735,0.48156877117205643,0.4946653216883305,0.46298068788263846,0.5888957069165318,0.5727157327786911,0.5320519057056073,0.5357788923954915,0.5342469340761166,0.5264608592807068,0.5322846113504591,0.5223491429611221,0.530457702245062,0.6337826319539672,0.49693716369082674,0.47074445246814295,0.5067538979174612,0.5897279146941904,0.5966329789423783,0.5469288353830547,0.5482550025419023,0.48677149192471997,0.43357378782611883,0.5062186681799621,0.5767756802921847,0.48750450391863287,0.517550831358177,0.5099564587924525,0.5061909701466064,0.499472178872699,0.41590670979453853,0.45120423776434415,0.46619106959159423,0.5382375765464603,0.5018929425956871,0.43996429407176013,0.4909597508416271,0.5197395142267596,0.48897925213441,0.46643535514736195,0.5572366338976856,0.5414726369367525,0.48250553206056634,0.4921017751545615,0.44124065319773736,0.45269517373991575,0.46997572547532634,0.5746364380157096,0.4530834290625729,0.43522225221998095,0.44100805105117336,0.550715561837897,0.5366584050096763,0.4295315122720391,0.5132642962219514,0.5087521767313563,0.4502776075074571,0.510143207294431,0.4384089549179991,0.5034931103433772,0.627366286199736,0.5645965817885555,0.6122706702347905,0.4625203039436282,0.5542833851445036,0.5447129454647924,0.41905382057487695,0.4836271577947433,0.5475947858182298,0.4510625444703738,0.5354749944544958,0.4316086889173134,0.5156108595828728,0.5001670143320711,0.5163608154306241,0.4678399794964172,0.4348915181675608,0.4603756006553324,0.5096402690921737,0.5249915040561546,0.5421435696602436,0.6024433894026111,0.46188459682232047,0.45976656296004775,0.47452834467200633,0.47543486100252164,0.4467750693902816,0.5999240566800779,0.45899415919527753,0.47672679788544536,0.6546102403052672,0.441793998244301,0.48954412348176257,0.5461495886009884,0.5478820325921551,0.51093538000404,0.4440737557303388,0.5122471875546262,0.4849314157810986,0.5363445971246658,0.4603985527891697,0.45965253806194795,0.4413535132605213,0.5339636038903817,0.5177116528696297,0.5017276957395008,0.48551034367257,0.6101929085040338,0.5222774224244728,0.5447752589261793,0.4568137615357351,0.5286165467508722,0.5288644671943015,0.5563213841454043,0.5854568401806806,0.5054236713746765,0.5940842290092457,0.4331377196518313,0.5228168579451663,0.41382044878057606,0.5374034179270456,0.4704071597783266,0.5132250975057303,0.5187593708988257,0.5091439837429876,0.5214358264826024,0.4794749166625009,0.48214165718027746,0.5340060263596673,0.4874245537289317,0.4204249466336922,0.5195233327344209,0.47350957601799787,0.6177607818469225
0.5400467269363987,0.595076654156784,0.6183784015503488,0.5722063899689248,0.4391744368648156,0.0,0.4697181494722781,0.5863462942846039,0.5150164264047108,0.5626489628944585,0.5490388759816648,0.5626994088859992,0.5874309056290832,0.49183057528767765,0.4577670408314286,0.5813984978621862,0.5969960104382415,0.5094684231792806,0.5625231391108196,0.4966447358370366,0.5961922271082133,0.5241566797411907,0.46506602519797224,0.48590409373091925,0.5732538447506222,0.49358184897361196,0.46671483275728337,0.5768778465211046,0.5126492959287621,0.5167449871616574,0.49515431734377097,0.5866432160389682,0.5519374409174232,0.5102067505045363,0.46458802678495686,0.5173845590292276,0.5250039957565487,0.5257415315379218,0.4660439730783115,0.5146339234658744,0.5341644361579279,0.5677728880870665,0.478960230887877,0.5106940983013215,0.5347472257917363,0.5487989132502804,0.4773631451863288,0.502783976115947,0.48572110172269123,0.4932077790078139,0.5754606513156278,0.6280982380015088,0.4991085166084265,0.5743448581219882,0.5356688250200516,0.5901966834563936,0.5591904512529058,0.6087664083501491,0.4712895691031751,0.5430170987276901,0.6198519874500474,0.5219700733935955,0.6158335167295504,0.43113191103177256,0.4688124953780783,0.5548063197345697,0.5279620532419829,0.5021899167158848,0.46620945854134493,0.5538207679887197,0.5441726536472852,0.45562190354366106,0.5341896454554312,0.5867639650419878,0.665748083867338,0.5031454179264873,0.5206132943579491,0.5001142314477713,0.521078988739854,0.5337777934814353,0.6281902613206992,0.5347179884688411,0.564813196961899,0.576808423355409,0.5786345623299747,0.5805627732809504,0.5390385027881255,0.4636368120754621,0.572577879286859,0.5476241584015001,0.5299107906100003,0.5249137096967835,0.5196727835551368,0.5546917752387468,0.5511838220868239,0.5243475902640271,0.5215361496703224,0.565593536959319,0.44347099329568823,0.5784455292924684,0.4681472180001598,0.4929963460174557,0.48419144513953083,0.5014360011481859,0.5631759031863596,0.5551839326378303,0.5854585054677318,0.5381801434366368,0.5235854671766882,0.5637041511261621,0.5474770259890479,0.49287071125071524,0.6226267311243856,0.5186591502434823,0.5543204090905954,0.6183120247509396,0.5718421723470879,0.4501638694985243,0.5732542579613145,0.5261356156618471,0.45265364349623993,0.5266564801701423,0.5275907488627507,0.6119641804902788,0.4564848004596601,0.5776947544303955,0.5239322673166721,0.5122805003649633,0.5918183377713886,0.464372842025898,0.5713423440549084,0.6396880520549927,0.5103776082977696,0.5216742871478742,0.48076509575247495,0.42343261097678064,0.4703201100859005,0.4448131631689665,0.46153098418647875,0.5084484175679532,0.5092797076040747,0.5311984913112345,0.5659332484759012,0.530238690465544,0.5128295201437739,0.4306970072443923,0.5157186402946057,0.5518137853254926,0.5412288069649407,0.46835486148429717,0.5182561023802016,0.5253991689952854,0.48175061318491863,0.4777641025503446,0.5976496764078958,0.5371337322540287,0.5441771269501301,0.6473513768119923,0.47472636713374133,0.5631824893159252,0.5020464408750489,0.5266952995626245,0.5011749970109238,0.5143307920931239
0.5570484731259459,0.5464561820259392,0.522556732144414,0.5486175045493797,0.5987409123417445,0.4697181494722781,0.0,0.44299746410458263,0.5057624824988244,0.5523709132032759,0.5516307207245948,0.5242488536584591,0.5064718015681614,0.5735129682317762,0.538790418440408,0.4971763789521458,0.5070132638505571,0.5461405394484159,0.4655866194338343,0.4788284879288952,0.5314423983533059,0.5526358768134612,0.5907102719228872,0.5338663381443405,0.5731432722397504,0.5455468062104769,0.5169630596373659,0.4762863605045378,0.5577894469506666,0.4894785432233998,0.5190921132089877,0.530943005727362,0.5379511963751102,0.5076365581600509,0.570409148227344,0.5834369575817262,0.5530619435359254,0.5052842181229308,0.46996402641170365,0.6093080233632011,0.5220395447923809,0.561518405308986,0.5046049794368129,0.6059982231009724,0.5278636742113241,0.49481948364347345,0.5375349337901044,0.5519729339456031,0.6665548746572695,0.5259707627068908,0.5932259726487796,0.5142236121697966,0.44559680848813366,0.5371144848035996,0.607086661725805,0.5385859096430283,0.5060275518934443,0.4984427627478732,0.5965097769530127,0.5212322905591926,0.44069492683244044,0.47560689185704796,0.4712400378902534,0.5345785092836296,0.4918985625242031,0.4609720398992655,0.5650390968877174,0.5540976984945427,0.5171092018620573,0.4703754818702626,0.5486855526625067,0.5394142218044452,0.5465846436831892,0.5490210120721069,0.45228762534139716,0.48523890676023196,0.510350832762106,0.6090105167443455,0.44556903501296086,0.4476126535885435,0.46269591077604244,0.5466252952376752,0.5277817799523992,0.4400364554732701,0.5391123962474517,0.4986909447420891,0.457243165813601,0.5589849236718746,0.47898809409881077,0.5056743039774607,0.6419070651481602,0.6427376248728129,0.5893460454040894,0.4733100283001135,0.6102296038852353,0.5627257551356135,0.4139024212846739,0.5390939938646363,0.5438897075075753,0.5353578506525699,0.5258907126715533,0.44058749202292835,0.5981224485086463,0.525830364055498,0.5268254343854509,0.4848518987004273,0.4610939492979408,0.4903645725988203,0.56013399964124,0.555964862236997,0.6003616008316469,0.5783137817059327,0.5370775290683426,0.46842519512623476,0.48980883545344117,0.5021667641290606,0.4800819488792666,0.5590407789979787,0.5335019794469688,0.5207344324007122,0.5368789888185317,0.45466100537542753,0.508434359882014,0.5693910337018749,0.5099668974283154,0.5279600513891431,0.5007819866710351,0.5030056933404055,0.5309339429059925,0.5348730692135739,0.4740765047214914,0.4588039919854579,0.44354665731805437,0.5010363643814114,0.47949150234486076,0.4596174581846998,0.4529352732930214,0.5936042740959828,0.528398172531306,0.5018332795102719,0.4938941466667952,0.5442672570494257,0.5915653254831639,0.5636539563627454,0.5663959943836012,0.5686325457482793,0.5136325778893314,0.45666175184337,0.536088504058874,0.40771409157166405,0.5128270761510594,0.484497150021731,0.4820422770429482,0.5893194918867327,0.5291030895551653,0.5171755100346999,0.4934823006072693,0.5226131282529103,0.605099420961523,0.5610609634332332,0.4692539297130931,0.5255007293678368,0.48409871703444524,0.5515780544564391
0.5306433484416444,0.523517095791078,0.5901018037992741,0.5453765592608253,0.4335909292731413,0.5863462942846039,0.44299746410458263,0.0,0.5371802266589744,0.518270143053532,0.5731925228196336,0.5568530985677331,0.5999651052665754,0.4784032977349693,0.47782556120061387,0.6171016128354142,0.5481238888902232,0.5224352694919595,0.5275500847480867,0.5118598318559586,0.5544499896637237,0.522151936054414,0.4710083653493163,0.4750891456158573,0.5588556509598498,0.5326485459097218,0.525629337127052,0.5603895724804302,0.4741734591283149,0.5300887038427731,0.532557535826441,0.5572654416634968,0.534609868546736,0.508453461312796,0.459096527822858,0.5307191218049382,0.5651799369153956,0.5780115518764152,0.5076483970213613,0.5011447892307703,0.5164420705301683,0.4989172268265465,0.5335302846833143,0.4864181440989685,0.6166679834088835,0.5753255078217115,0.44344292785312606,0.5153799284520348,0.48568023479349715,0.5069367640840803,0.5611091306532339,0.5332547684137469,0.45052910058678036,0.5364713189633458,0.5633484173444078,0.5066775525470721,0.5567482716296226,0.6458547223328941,0.4530768183422624,0.5511269758152346,0.6773577441325582,0.5151808212347083,0.6108622040109902,0.4359400660519511,0.4553008885936518,0.5510367441356493,0.5455994501670568,0.506636269711551,0.5046105707108238,0.7076993913864253,0.5591730696801803,0.4646061656116191,0.5000219698668246,0.584224006743618,0.6413317119769573,0.4755689197460681,0.56596203342496,0.4855229720484183,0.6036721888920505,0.4644650868598645,0.518325928110692,0.5331955994261776,0.5425736417802144,0.6207860682469638,0.5566345756778414,0.6144554074599669,0.6479218415943402,0.4842732858050947,0.5817307732595228,0.5666159315067308,0.5320408219268556,0.48752041584169437,0.5174296215117351,0.5114579130488226,0.5169261965900007,0.5163754116074255,0.5375217519870953,0.508949711957175,0.4295267894315837,0.5436975382422757,0.4850314418550654,0.6311073428547386,0.4889551153881979,0.49165139487430054,0.5856741084665718,0.5848192596428915,0.5921197370775237,0.5121245497707215,0.5119827287243206,0.5038304882284522,0.5017882728832842,0.5105169842763654,0.5456319055343082,0.5576669593749408,0.5660466301985797,0.565772731541523,0.49660314890841245,0.47580488328077,0.48233341214119396,0.5067879927799719,0.46220746733808465,0.6391545687929265,0.478231762372873,0.5696094100144223,0.43648533319219557,0.5862535798051636,0.4832082636076468,0.6043401771945557,0.5436447913621132,0.4975164575169903,0.5359359570576765,0.6133946495178522,0.5920357254239341,0.5044007102305417,0.5091307919814024,0.4141880401317395,0.47878768142044104,0.4592732489851919,0.5161783886742626,0.5695033373473655,0.5009217377278893,0.5082746397095559,0.5158847318962904,0.5281251108113352,0.526248933740199,0.4333501904365823,0.5256579286184657,0.5263592943567931,0.5350489326282888,0.4499556743256081,0.5682451613254199,0.4759669317501312,0.4954671136552902,0.4755357800470705,0.5806607059646606,0.6128374038072716,0.5509107901136271,0.5888305935805673,0.4563470979749472,0.5302588267752143,0.46174692877214557,0.48399569882464494,0.4959490577441492,0.5089088486685562
0.631367148617129,0.5900431499124409,0.5224929868327381,0.4940379316604484,0.5488789640572141,0.5150164264047108,0.5057624824988244,0.5371802266589744,0.0,0.5094335012683495,0.594941765877907,0.5704262419124716,0.5176280903820769,0.5413931829960758,0.5777134033202229,0.5439861100052126,0.5111297184967438,0.5828252653827872,0.5386764000756383,0.5849462506787619,0.5577312679590861,0.6097542477386501,0.4951215867425177,0.521671086191232,0.582868330399913,0.4903716737877288,0.5086590589284348,0.4888315824728762,0.5365989195877924,0.6113146862053883,0.696573533996879,0.5339348382579786,0.5279251810096952,0.472034113440159,0.5955235405084132,0.5879438479648804,0.5789856233382618,0.666060350349388,0.6028780575511026,0.5087012069856142,0.5658992251066765,0.5494899879758198,0.5555463066177286,0.5912678538626959,0.5466184337876439,0.5297337719861799,0.48412764330137426,0.5755366880859423,0.5566700931968134,0.5777725313748986,0.5726957478300384,0.5097654304853787,0.4990972956687209,0.5328752271097852,0.5943892615051561,0.5560445960584368,0.6033678551736645,0.5733420278506943,0.5013481461356951,0.5618682200433353,0.5041341634656114,0.5154014201299294,0.533034215545265,0.5197320663597529,0.5526612094621246,0.5133184008643067,0.5335257087289537,0.5420930439899783,0.5055614305790755,0.5778308246460159,0.6427287154437984,0.5829126832181591,0.5110690355940519,0.5218474293993283,0.5461993838513561,0.5244996469481708,0.4929424079916261,0.5288534055577556,0.5327262834021951,0.48819238355133165,0.5164463778890203,0.6362148653660358,0.6327015338297952,0.5238202939474711,0.5733724208357726,0.62621597203482,0.5507670072260534,0.5330949110229392,0.5184118971962436,0.6315108881881004,0.5910406272338694,0.5935673308293714,0.6322807759425185,0.5474686093538159,0.609018295322983,0.5912474155999693,0.5245741426212519,0.5106237133861968,0.5520839280660158,0.4875946127366986,0.6212945123450644,0.49176762428215426,0.5009598610727738,0.5201513049353609,0.62689637875219,0.5094251408313942,0.49063261981692224,0.4931683008075442,0.5253906090490691,0.5393926577711965,0.5209882977072402,0.6101030183999538,0.5143838598453774,0.5561760150651862,0.5425623807024225,0.5222094571036859,0.5100229742076843,0.5772868541105569,0.45136560353925115,0.5344135932709472,0.6142166098689072,0.5255544544662283,0.5160220386037554,0.6172870034900765,0.6383868394157918,0.5770652811072868,0.4716231601182762,0.55972982565585,0.5113270383608477,0.5737381739797214,0.5683744684506539,0.5466015346327013,0.5599254058129481,0.654957721512665,0.5852371655768642,0.5409301588433518,0.5411585493869832,0.551688136496556,0.5236835419293759,0.6939450153447912,0.5178739475306741,0.585193220680052,0.5829189831851934,0.6309989663641818,0.6283487720422976,0.4586545353965227,0.6924990596053261,0.5022603524580118,0.5766302257000904,0.4601773121835981,0.6534055454221934,0.5582600653022671,0.547169973182461,0.4900061777942231,0.5608920874741686,0.6641294675812796,0.548849723714971,0.5249121617324514,0.5372727547828571,0.5198379502651674,0.45888445189732197,0.6201561194097182,0.5563647950535641,0.6547320569869505
0.5524431251118415,0.5774002405667089,0.6030899814079137,0.5331008314912405,0.4721908260449399,0.5626489628944585,0.5523709132032759,0.518270143053532,0.5094335012683495,0.0,0.5387881501109064,0.5135172211499778,0.6258276073162928,0.5918955284505323,0.46549002084966734,0.6077697032350678,0.6060600290958946,0.5895556952317096,0.4777195513735892,0.49243005227010583,0.5452654817246387,0.5087330303151562,0.588135016044965,0.481852210388262,0.6676235791838419,0.5500497276810695,0.5824885120499598,0.5753979692949165,0.6160190478140183,0.5553132973773548,0.49217278266419623,0.6256640992882989,0.5169082153980775,0.5265905968871631,0.4909331346812207,0.5294172900436923,0.5811906618125396,0.5647703266377009,0.43508850340031746,0.6041392365054077,0.5180974913662301,0.5980804078747078,0.5067567649094281,0.5113251294579817,0.5538836471984736,0.5769794860040183,0.5633259345653854,0.5085972940348416,0.5948633002335435,0.4952553737925282,0.5633787774808267,0.5426084770297931,0.4750623080498735,0.49778104864872164,0.5554195514870452,0.6729911472658499,0.5292124821146615,0.5464450045699234,0.5601387082328844,0.5487911753188107,0.5032431701934215,0.5391576530747828,0.5202217578560063,0.4962185262805588,0.4639782891914373,0.5235592095857002,0.57685565385664,0.576545074990759,0.571773088846688,0.5481852865490738,0.537305690985108,0.5332817220533488,0.5509895468279116,0.5877274032432261,0.5583738934883193,0.5732762575348004,0.531481623583369,0.6171579829551618,0.5162336005453135,0.5608298059006807,0.6083972159154631,0.49454053603678405,0.6048263662161838,0.5689780128402002,0.6002064133751064,0.5674901595797331,0.5083243967165898,0.5372847893410203,0.6443371289119025,0.5434822011675042,0.5819787016506898,0.5524461176379599,0.5562173311856188,0.5077863954556756,0.602710777485971,0.5666684615776175,0.4337272864306309,0.5996792101036812,0.493545254902767,0.6140147570303229,0.5172204764254489,0.4782380595150851,0.547616950585376,0.5586171580780674,0.5537970065211708,0.5904210593223584,0.544448336273415,0.6234589913380254,0.6193526970277464,0.5669874982744212,0.5208742682319785,0.5354457080927199,0.6064663526349288,0.5792544227812183,0.5582059383019317,0.5974677121653363,0.5985243643135753,0.5180499092949815,0.5654686436125274,0.610836908638381,0.48106497179104113,0.5234623154528465,0.5369479140361711,0.6245371259892407,0.479417241320116,0.5960011964169981,0.533003402561787,0.5089149732318524,0.6140885731727022,0.5442274306265044,0.6361230274031475,0.5458446025783039,0.5223087609291017,0.475577224251596,0.4503384616562196,0.4384566253702527,0.4996685802837914,0.5009220033893227,0.5352330637575297,0.529165613815937,0.5264075216942891,0.5947229042143803,0.5703485249959146,0.5371514941444241,0.5749970492822487,0.49610676950787486,0.47715530503995585,0.6111888535908874,0.6425117546923363,0.4776162609882658,0.48827195957659425,0.5620354968934805,0.4556408103124263,0.6013840520535862,0.6065430260313257,0.5469257239482764,0.5320627207827232,0.6622612831731647,0.5203612852438914,0.6561691369353216,0.6390283160304132,0.5705304600141063,0.5888742768281787,0.507202150882225
0.6134728210046436,0.5927381431082732,0.6168293527102172,0.5920426497878644,0.5672898913180588,0.5490388759816648,0.5516307207245948,0.5731925228196336,0.594941765877907,0.5387881501109064,0.0,0.6669668032284125,0.5820727919042699,0.5346659658872001,0.5524486041264342,0.6286928693855407,0.5782754209709452,0.566193720807938,0.5569702376323972,0.5683142445601745,0.6327193023363914,0.6577123156701147,0.557985763641059,0.6045459611161002,0.640624084064703,0.5987140069698191,0.5624602163619257,0.5640229726876309,0.5610987800069898,0.5679335186847254,0.5911346007839202,0.5577309068201817,0.564614698980429,0.5524052700279461,0.5678794836073854,0.61227432479945,0.6492040349756819,0.6212967963950393,0.5895957322665849,0.5907362837580002,0.5725564921560101,0.5889288656564882,0.555920857570234,0.6267940237809883,0.624436743653376,0.5382256933228785,0.47283990722346997,0.6817211941529526,0.6078223131833371,0.5552346007876697,0.6141137089909613,0.5610084990777343,0.45011857105911124,0.6079264051692689,0.6856730818302507,0.5427541575837456,0.5981726536085683,0.6585551257695236,0.5097653390438218,0.5626559610560528,0.5552467034887278,0.47979757514714455,0.5539025507545017,0.5097709542584157,0.49083754640475535,0.509123594483292,0.6056335472763371,0.5436133512565723,0.5239893438829192,0.6074426579894814,0.6106467056899187,0.5242168143816203,0.5608167316933307,0.607787858636592,0.5585648597031435,0.4780676748373523,0.5807385517866515,0.5827113350502207,0.5355420654962527,0.4839214637676579,0.5002765973943492,0.5992719861119167,0.589718280563529,0.5357224728276087,0.5992854551887768,0.631920172959373,0.5902811500968356,0.5098035478984396,0.5135053050440437,0.6200902289748427,0.6473137361863575,0.556640741062826,0.6060410173135438,0.5235183985575856,0.6024886748285029,0.5932733348070136,0.48548564814870904,0.5481531231679329,0.49846858518343373,0.5308499077787063,0.5620221742090782,0.531426382875219,0.5360729238934029,0.52927850922403,0.5850351399880005,0.547639958888382,0.5219276067659144,0.5499406402688137,0.536188139010845,0.6286664772285231,0.6304647450784444,0.6176510511597177,0.5661165083614538,0.552652423267673,0.5428338083383619,0.5875020901097945,0.496387512666368,0.5765673480261091,0.5358060108981338,0.5337378915807081,0.5779280336183108,0.5298547514464428,0.5573850789492277,0.631091112921127,0.5250561879470704,0.6157588256764085,0.4848890736816353,0.6167278667313769,0.5842108646424496,0.5384658439385569,0.5274423695060849,0.5686608672397778,0.5632043556523905,0.605260119784575,0.6111975079398309,0.4610271524449666,0.5123545578614657,0.559802058302248,0.604758841045322,0.5994344972423609,0.5057237676983499,0.5719964991343642,0.5777762071079968,0.6031893662798088,0.6570812322057398,0.4923094873406285,0.6204154029415808,0.48516298140385405,0.5906519208826848,0.46082309120066145,0.6593667474591669,0.4909189501558053,0.5807451933276375,0.5249603770652863,0.6246534770205866,0.66047248394378,0.641972817545045,0.5997882007747661,0.5569641295913803,0.5593358999882025,0.45043140711227103,0.5485792607702226,0.5109527931807942,0.7060421840108956
0.5592503200516131,0.5988934341756845,0.5685269466580722,0.603005177387216,0.5376619437230558,0.5626994088859992,0.5242488536584591,0.5568530985677331,0.5704262419124716,0.5135172211499778,0.6669668032284125,0.0,0.511274859877203,0.48009067290824126,0.5241045544392334,0.5695564471101664,0.562888561329946,0.5127476109199115,0.6410533678774867,0.5427672574705453,0.6532187120198953,0.5828552851305011,0.5436262835436657,0.5898154362010705,0.6157339642048142,0.5362851912388517,0.5038211762510165,0.5536467491412659,0.5336850251989886,0.5595351250150747,0.5842624752066531,0.5225369918392301,0.5700455000771629,0.5764797292232549,0.5417559554864226,0.6048553049821973,0.5485551475136237,0.5766523244618666,0.5968916691451588,0.5397788546877109,0.6116633974831526,0.5798826030294744,0.5149651147336879,0.6143931398813012,0.5724127251261132,0.5175448182036205,0.46162651475664684,0.5801174133133261,0.5526123488789901,0.5290287839335001,0.5828568673478793,0.5888032809154136,0.4514985696162981,0.6196994380444146,0.6175168124781342,0.5378150012042134,0.5877442070313319,0.6942139752450751,0.47140530018848653,0.5450257337428319,0.5210248309203968,0.46111744805542026,0.5402895507454729,0.4828391573308394,0.4771770875360346,0.4878477254597201,0.527525443726135,0.4771716585162606,0.46324588481419254,0.550042703434938,0.5489851289609555,0.4869910035460639,0.5203204611758678,0.5557523777237876,0.5513528847694135,0.45941270505427173,0.5146360050016633,0.5444102908927975,0.5345228075344273,0.4733795537712883,0.4984034732444688,0.5959735709612785,0.561121710655733,0.5083388001874285,0.6014832893166496,0.626782524871184,0.5357734843671591,0.4667994882135153,0.49812181111792286,0.5983705590623487,0.5979675116626635,0.5779496313053515,0.573781195984337,0.5179428437889602,0.5633000055685917,0.5705812795321527,0.4878974399562694,0.5922874174371081,0.486364948662733,0.5112655159655768,0.5140649287656321,0.4902995912784532,0.5313036216429099,0.5625834881787437,0.5621391419271791,0.5240561938381776,0.5168062631509791,0.5535808152200994,0.5106575196722207,0.6044326330428302,0.6570392966968552,0.5943876816331812,0.5211663159980823,0.5277905470946644,0.5259549204043383,0.5815636549787897,0.5113856262410181,0.5190578418361649,0.5379926787046293,0.516822436652334,0.5358465526656071,0.5147040407047875,0.5546839874409745,0.6077349019748768,0.502026138962852,0.5951610261533438,0.47498510311806375,0.5640170031927758,0.6036911072524093,0.4826745105496323,0.5251931133566323,0.5534121015909106,0.5017443368820408,0.6315358688826265,0.5775538760598867,0.4380858708514434,0.501555754478772,0.5184038872538325,0.541435440822726,0.5922358718747006,0.48522310156725823,0.531366704300289,0.5759183853407305,0.5866551679860488,0.596926995850096,0.4698943762743858,0.6301119138029163,0.47365772808760115,0.5782760119835909,0.47649432390167734,0.6387090377037699,0.496887229512195,0.5751740796940593,0.487100035169956,0.6855649927161873,0.5737066870843945,0.5527118375851908,0.5926125704906083,0.5193984909953968,0.5154883073132374,0.4336440532207973,0.545127261330718,0.5114053698670227,0.651836051684933
