0,1,2,3,4,5,6,7,8,9,10,11,12,13,14,15,16,17,18,19,20,21,22,23,24,25,26,27,28,29,30,31,32,33,34,35,36,37,38,39,40,41,42,43,44,45,46,47,48,49,50,51,52,53,54,55,56,57,58,59,60,61,62,63,64,65,66,67,68,69,70,71,72,73,74,75,76,77,78,79,80,81,82,83,84,85,86,87,88,89,90,91,92,93,94,95,96,97,98,99,100,101,102,103,104,105,106,107,108,109,110,111,112,113,114,115,116,117,118,119,120,121,122,123,124,125,126,127,128,129,130,131,132,133,134,135,136,137,138,139,140,141,142,143,144,145,146,147,148,149,150,151,152,153,154,155,156,157,158,159,160,161,162,163
0.0,0.7886561960278694,0.6746947732797078,0.7591939983599127,0.703583659909863,0.7928278278062593,0.7654314986681093,0.7864944982418852,0.9127861161114589,0.6573780814843372,0.6841163500660136,0.6421206872039448,0.8767615701193989,0.8235578140848707,0.8745143822718355,0.7414552907226818,0.8239478098351221,0.9455475493384172,0.7944055665251772,0.9333091001219375,0.7784115596691319,0.7449842778552161,0.7032704225573477,0.8090075353799633,0.7307336018759498,0.7149413568831566,0.6635643564607372,0.8377318732513128,0.6560739078769859,0.810410500975625,0.8333549881916706,0.8033832449991741,0.8705146669828355,0.7001479172144734,0.8753712240975741,0.6996996458692777,0.8232900226772282,0.8380347787782092,0.6794025670239014,0.9149352581847563,0.8395881719281786,0.7117983205088095,0.8682465033091239,0.8067230304354893,0.8132060814295261,0.9178126244621257,0.8788500609459013,0.714615029038611,0.8091282173993031,0.89592416811068,0.9157075828200124,0.9140712749366107,0.8899923087880385,0.746556873726544,0.6839445988575198,0.8164321725437892,0.9510489337907637,0.6886956860011487,0.8681616313071666,0.8624926043026447,0.8019548069949185,0.7831785304499872,0.909788169328811,0.6794675692019915,0.9166556417315119,0.91057852139986,0.7872624686716901,0.9092300662419134,0.8003013575822957,0.8276833733298652,0.9764959547635961,0.8808216506929285,0.7797271609569829,0.8470690495677233,0.8351716908472779,0.9146917087299835,0.7015347341950672,0.6592058727469026,0.9179778681043818,0.8280996950945851,0.8507681257491825,0.8768364447043216,0.8676141232088995,0.8366321953382183,0.8554082122744092,0.8971254279200316,0.7690048080714736,0.9183913550819262,0.8692616119723103,0.7274436256076402,0.864050761640659,0.8080998152050765,0.804511813297384,0.941267789418581,0.9073495411122419,0.6982324073171342,0.8523543098741904,0.7440192950906582,0.6658942989901419,0.8724753081768997,0.7694221460171358,0.7019332687530335,0.7764339789595452,0.6741289989825019,0.9028998174706727,0.8913257714211635,0.8008998522820128,0.7177456959836257,0.8971056682416912,0.7364359185038623,0.6929067004740213,0.7272711146746378,0.8651413223968404,0.6418789216155351,0.9025459329542892,0.8815305352130963,0.9067180782855939,0.681930363817,0.6871994564788897,0.6505413373225817,0.8349381283585738,0.7894777087057278,0.8280242257988795,0.9417794004653083,0.8642044884118042,0.7261655863999028,0.726958748290785,0.7033904369298771,0.6875521176021064,0.9038208391023184,0.7931453966279941,0.8005806539799203,0.7924517582071195,0.7268743359672795,0.7252731034276744,0.926550669760938,0.8960881794453281,0.8827866195386093,0.7253167847278723,0.830094972699568,0.8628130880495958,0.7087970909103961,0.8856551844697549,0.6835028364504094,0.6961870633404758,0.7701725422490846,0.8146770884831482,0.8016082298015081,0.7050349600372788,0.5943722128695603,0.8992542621648248,0.8569749799785396,0.7465803671115673,0.708568978677528,0.7114444017782102,0.8868434912206871,0.868399680146996,0.7899152580305475,0.9134718857471374,0.8319899616267298,0.8059714448609407,0.9426808761438599,0.8341315901324438,0.8114373360129438
0.7886561960278694,0.0,0.9309971719960494,0.8761638441428488,0.7792070696005936,0.9669999056518724,0.8547615958689524,0.9752866235422092,0.7860380129582826,0.9059979064707908,0.8852500591989798,0.9004128756965057,0.9210936076601377,0.830323397057365,0.8615111260158924,0.9621116926296152,0.9427337371422377,0.7649709134965076,0.9348296375867122,0.9175510773102198,0.934647005612797,0.9315078342330393,0.7932352439373369,0.8781448025658508,0.932512825319988,0.6833107538747484,0.8066258609097496,0.8802981256452465,0.9179633589113623,0.8675788971988558,0.9329866850929142,0.9634281443329016,0.9479791502502294,0.8177531638910155,0.8489797241499005,0.9053269495280216,0.8867233607639496,0.9067691764554872,0.8901249709888517,0.8965331137688164,0.9359143281955825,0.8394800738829558,0.8618105440234882,0.9145251425680351,0.9653842242700611,0.7907549883757669,0.8385129982230576,0.8983422234708791,0.8910233301593238,0.8742544184627852,0.8709221889289677,0.7952525922792895,0.7711962547578026,0.9563638824474235,0.9268294634154125,0.8444269835520488,0.8167940488157687,0.938491500665473,0.9093027410642975,0.8545549864586443,0.9480040989535217,0.7375394566611291,0.8169656727056985,0.8479572477165571,0.7274196742773031,0.7474120361810779,0.8027373582627639,0.8085151033142381,0.8875610071724028,0.9134091525434024,0.7952794909528903,0.7954347234210928,0.720769626466274,0.9291724234526959,0.9362946769019436,0.7523932192103893,0.8777623603524768,0.8694922605416083,0.7724151844177846,0.7085127780577409,0.8444714201345153,0.7403469853765217,0.9292725021769667,0.8754854424006993,0.7708111615671267,0.9245799609941115,0.8711703507156145,0.8002555308965218,0.8200456561751353,0.7556058605613792,0.79035717194255,0.8741042168461335,0.9447859379298116,0.7648691400951196,0.7763924912267003,0.9244319971445772,0.897045568865721,0.9407572103927682,0.65531192537507,0.8090221563610808,0.8413190097798823,0.9174937954961367,0.7595953372582558,0.8965003742736882,0.8190241791295464,0.843151132844239,0.9097737994921039,0.9217344813682133,0.8663824930752312,0.9266531759967224,0.8644428815794711,0.6899352726712616,0.8143076628644897,0.8339639126267473,0.7421402228301422,0.7776070955689787,0.8373506962964621,0.8775937939889275,0.9265630395790626,0.6551208141820027,0.7518380648328745,0.7941662047014135,0.7829985458640042,0.8925444322683074,0.729590066155636,0.957373914222987,0.710637075607387,0.9005768967634568,0.9489106209714347,0.851052285570833,0.9113681467469028,0.9449091271618026,0.7144516804947727,0.6906374005656506,0.8994177347959137,0.7967519834817052,0.9048907341433114,0.8212017000630252,0.9235615338664769,0.9137260644395435,0.8685795271462899,0.903768812214319,0.8504366703054472,0.8975420596425817,0.8865167388633153,0.740275756863133,0.8959053698196211,0.8644856871601511,0.943783560277161,0.7832511622811537,0.7814841548864061,0.8764938951596164,0.873260387249129,0.945145400618515,0.9463169450087063,0.8819977673031053,0.842492117277421,0.9388571452117331,0.8048162792338762,0.7291943555479536,0.792158262558006,0.7953223625626179,0.9716519841387337,0.6833115850918177
0.6746947732797078,0.9309971719960494,0.0,0.815323496821535,0.7479147328598577,0.9029898145937418,0.7961526875749505,0.923307998655898,0.6632650379684851,0.9704131454413307,0.8979984319386419,0.9156155540955364,0.8310732117802975,0.693972184877615,0.7937015959878131,0.9324373197486745,0.8718722005866436,0.6915776135104356,0.9018234263810944,0.8020425897345003,0.9140791460527367,0.9428271724959082,0.7552150666445593,0.8307819261284742,0.9493298499463774,0.5966959876585469,0.7507332926867476,0.8036950738697046,0.9361218783942357,0.7887531149812221,0.825166278076172,0.8900992745284619,0.8318988432031327,0.7259331004822467,0.7156465113211825,0.8260652484741512,0.8115524126804806,0.7888303505260656,0.8604279267491076,0.7838682496699748,0.835797936148036,0.8270421075960528,0.8141547648761737,0.8323571734485713,0.8627885622963503,0.6928848151175397,0.7352621248275082,0.8944985520433231,0.8312772632179538,0.7568292391933005,0.7672458243375083,0.6841645992754212,0.6748850812928879,0.9239919826527169,0.9084200279286113,0.7233002246490235,0.7047708674929019,0.9304014689083688,0.8568746540602246,0.7154570129426853,0.8934647541035782,0.620351135278235,0.7366965824779479,0.7712661023826054,0.6469589565911276,0.6653619856140804,0.7009591125712349,0.7473981959044209,0.8767192735907398,0.8968925779429908,0.6826072695963202,0.6630584267576851,0.6257054870880492,0.8676512777538654,0.8620246031601773,0.6487866633605565,0.84835784148352,0.8292681828233784,0.6682571687349957,0.6061939690465538,0.788938824607672,0.6468310594997706,0.850105977944192,0.7770216517715729,0.6494025165119797,0.7956911733511022,0.8113248411465458,0.6901554452015526,0.7131913426636223,0.6466986198215735,0.6811281151996836,0.7322000237690667,0.8653186683639805,0.6510607176879405,0.6570609116239847,0.9157032874243182,0.7936102622610323,0.8589217736532909,0.5523275220090578,0.6819458053181588,0.7186826372668175,0.9515610303682005,0.6779821484115841,0.9517434690676653,0.6872156540102685,0.7327922004396225,0.8500253073895931,0.9248271546062781,0.7640456206755863,0.9186670896721676,0.8418381009903474,0.5932003949611843,0.7077114735717299,0.7870173784578078,0.6278552169460706,0.6580289163635124,0.7378255498224261,0.9153669376516136,0.9544401730105563,0.5585583626643846,0.6318233309951665,0.6839565443024338,0.6659612201827462,0.77916888915118,0.6114893910481852,0.943095748510538,0.601860389438171,0.8080596332062172,0.925312302921221,0.751448105912387,0.8187859740398792,0.8985856790818586,0.6009966693711061,0.5832384795089608,0.8915583418549369,0.7047054905865959,0.8038819305733987,0.693626647633651,0.9307555659492632,0.8422688181039837,0.8102168407437204,0.8176842672130279,0.7187296488718355,0.8553244226929956,0.8413672873868308,0.648692417905212,0.7993591459142041,0.821943669076489,0.9681539374896514,0.7269232321062404,0.6699955420749589,0.8029340449235381,0.832108752471583,0.9491010672620768,0.9719120652519387,0.8097849475845819,0.773162817459361,0.8908702384113375,0.6778856239848947,0.6166497491698709,0.7587684190736621,0.6594779821158728,0.8800683585830567,0.6051624394169816
0.7591939983599127,0.8761638441428488,0.815323496821535,0.0,0.7675661529607768,0.8561264012778946,0.8482379886461435,0.8668586914733182,0.757645206991669,0.7514406407708584,0.8585914033027922,0.8451891515323683,0.8204778632163332,0.74968106284693,0.7955599514945457,0.8415150780711628,0.8939510264367276,0.710664807225305,0.9128659599150044,0.8590897272776322,0.9358325516517095,0.8690837341225819,0.7943099764416724,0.9008402489149344,0.8114724401012287,0.7166600371407145,0.7543123152860091,0.8874905934006827,0.7627636040185777,0.7658529500799376,0.819018836017928,0.8374370510961976,0.8644120225967009,0.8505319633785362,0.7989311102536192,0.8267495022519292,0.7918038139507105,0.7935582104687611,0.8571578908790848,0.904475138115579,0.850125512565724,0.8696227364279542,0.7589612550054372,0.8445135034041457,0.8783167913467779,0.7363877564554167,0.707238166058894,0.80483221665816,0.8387163493780967,0.8301103141232498,0.870911616140633,0.8006786233333072,0.7257384297191376,0.9347779419015348,0.8298048002643669,0.7557334909809655,0.8269766216032481,0.8713073061546289,0.8355460089950223,0.8160774266969281,0.8983776807631321,0.6700265143801309,0.7682829568306814,0.7639275321103889,0.7175491601250147,0.7240997602041189,0.86262655085794,0.7019309039219152,0.7454824181773752,0.8077557153295095,0.7621495395674055,0.7093865975113978,0.8110894606513251,0.9311282052935468,0.8512698563401355,0.6679349989236241,0.9278967067152645,0.7683877388569903,0.709895331890462,0.6558923347339256,0.7299272102283961,0.812642991593871,0.7855220404979454,0.7464349645879003,0.8331795731643927,0.8413078870394691,0.826133811620061,0.7281266547441037,0.7216166163943128,0.7556310632386191,0.8128310326992102,0.8257293881567381,0.8291843980598632,0.758130056987265,0.8339669349231067,0.763459618258406,0.8521458555534759,0.8467164929137826,0.6377863338854795,0.7898504384014885,0.7479648580188017,0.8535593181573171,0.7887077103444624,0.7418248075555096,0.7718917065480735,0.7668991285282396,0.8530036998262864,0.8242839415942075,0.7659494058305223,0.874346016916411,0.9310005206629741,0.7458592279033823,0.8134733474651309,0.7805090928626478,0.6923677270435459,0.7889935958875847,0.7506257488487258,0.7678301864157178,0.8689413535909998,0.6261077344681134,0.7545506540291311,0.7146244976425816,0.802140485943188,0.8245719356004068,0.7053766491934288,0.795286600444178,0.7384904696279461,0.8174002591047852,0.8273742336482698,0.7242546670755983,0.764888797715239,0.889176480198966,0.6986505081860451,0.7616885218410377,0.8719845404166879,0.7102076066471648,0.7551451879966616,0.7611552588398468,0.8273243119602224,0.8153908856127687,0.7327741260178754,0.790173453629165,0.8922484989646898,0.8691730543406154,0.7951600898597528,0.7295351196952469,0.8577179243070201,0.7238642610364329,0.7826326160042921,0.7125436107121782,0.831583120179478,0.7398267699820112,0.9424918770842888,0.8052681771409901,0.8486193778360569,0.8274248832187402,0.8617541148186012,0.8427857753788928,0.7779742205478365,0.7342558690578203,0.6641614914566005,0.7285665298635526,0.8142679296268698,0.7738449090811093
0.703583659909863,0.7792070696005936,0.7479147328598577,0.7675661529607768,0.0,0.6895746654515612,0.9047102729598541,0.7352536700509069,0.7821469041286923,0.7143388589865202,0.8418382625321807,0.8299644281630745,0.6794751750588621,0.6841694217432958,0.8363056342744677,0.7538118529769358,0.7132564145111688,0.6720677097393772,0.7865963034563798,0.7790116134549846,0.7982639508255994,0.8547131705143365,0.8297596399041327,0.8487931348860166,0.7878315624611163,0.6857728059731438,0.7640066367911472,0.6779793291196947,0.7554323665058048,0.7947017742778169,0.8575830917809677,0.7222487554005885,0.760839222094613,0.7175054593687794,0.8228380276188076,0.8035176005044458,0.7865791399510812,0.7781981213063693,0.8899878075722997,0.7598665235801725,0.7782534024998207,0.7881639370891234,0.7740956222402944,0.8729513245362684,0.7834702161635323,0.6273462745119496,0.6760952350467833,0.8326311367521291,0.8672191016402923,0.7693515393423573,0.746758333152523,0.6392969169180949,0.616322447220896,0.8040607322711224,0.8148824047449411,0.6604601723336786,0.7013612964460535,0.8170500989426813,0.7632260610412895,0.6898582299431611,0.6907657464665188,0.586430355709351,0.6450417047046533,0.8015682610517977,0.6631408282874678,0.5933312748049764,0.7115639541901722,0.6957199532761962,0.7478508198608035,0.7590952278607412,0.7084935600111013,0.7119992363656998,0.6498943229504015,0.7371648384674743,0.6810463044722025,0.5994342881332966,0.763178277580153,0.8148525486440685,0.6262056128175202,0.5501953499785435,0.6117420209584878,0.7506750042982986,0.7610582132560809,0.6326278524719117,0.6701742671986934,0.7452356243593081,0.7462489323773936,0.7161065188174425,0.6089671944258316,0.7044072288414595,0.8392736837119494,0.8014397731334,0.8125016602530297,0.6223883158473212,0.7158068741845702,0.8047870532343382,0.6944835255143353,0.7433785584048933,0.6616907056793357,0.6118629609403569,0.7586881534344667,0.7696684563726244,0.8317479854587491,0.7746381211161262,0.6819239315643695,0.642790718185011,0.6636067597933084,0.7321988433563595,0.6805682100484653,0.787674023059104,0.8331779595765767,0.7865332529240687,0.6245533056160084,0.7204915526066907,0.6002098277483491,0.6251958696361251,0.6266343155799053,0.8397443889102193,0.7231136508329347,0.5832577126897471,0.8228556934189073,0.6456186669099753,0.6747333770449038,0.7259170152454442,0.7326946857961703,0.7602353439347,0.5830699938940295,0.7878874761638557,0.7352164353587187,0.7334289020520876,0.689816539662434,0.7035752745318427,0.6104856463041296,0.7177685546951207,0.8544338873890048,0.7093093291906819,0.7415681881351225,0.8245458424751284,0.8538200193837069,0.8506578265957877,0.6875202461911702,0.7469314049876443,0.7358388055952033,0.8437719690292695,0.837911347389613,0.8107927350850469,0.890250725228063,0.6307860419862638,0.7727157770424401,0.6515848674719741,0.7992012842196782,0.6806971244059696,0.8630051357361138,0.7922150768125936,0.7947165739048877,0.7960586606206334,0.7229632015556614,0.7085625807530648,0.7618337912152275,0.6030393172946031,0.5882058756507151,0.6832158409318723,0.7851092714281995,0.789556325611403
0.7928278278062593,0.9669999056518724,0.9029898145937418,0.8561264012778946,0.6895746654515612,0.0,0.7791976389526141,0.9707839832659241,0.7545101803709654,0.8814498021180249,0.8330881651397725,0.8318526387730304,0.9613969993105544,0.8335003007289166,0.8012776895151161,0.9502225555803172,0.9594247952613778,0.7681572542979648,0.8975150333557543,0.8965325618728931,0.9013338416926086,0.869498129601493,0.7334969649266792,0.8248795307135478,0.894443706731836,0.6798212718532621,0.7644404212222454,0.9102378495551389,0.8738773871986045,0.8296565520212501,0.8646809367239687,0.9668171179073755,0.924228643512055,0.8011834741847379,0.8022008763585982,0.8452061345218563,0.8672901842235634,0.8764140826613329,0.8034707376173866,0.8851405595254691,0.8949296051559666,0.8152856444947626,0.8274994460497267,0.8524513910831322,0.9353696204832781,0.8143770646424008,0.8408040966897137,0.8463923247781148,0.8292534574176398,0.8426018404797696,0.8581934580840357,0.8274002166848717,0.7912946971114845,0.9109021028999544,0.8653166664592217,0.8720582836709937,0.8184853971004454,0.8900468556831739,0.8825048173394917,0.8531640356599953,0.977300689856375,0.7634867604102653,0.846586400194838,0.7874335252518037,0.7224335501923306,0.7852400142947754,0.8066341997965186,0.815352502314731,0.8661699823281468,0.9040808348455533,0.7950574744736845,0.7759538782250246,0.7421993126843414,0.9337358652299484,0.9655178096060629,0.7826362753389212,0.8593430324172743,0.8133931762216324,0.7931588504090791,0.770947884881553,0.8956636451278484,0.7134073551723024,0.9112382899297725,0.9218904095491683,0.7832105748912724,0.9169590807676992,0.8740348455665353,0.783821524722046,0.8604382003403952,0.741554182677914,0.7487465885271918,0.8230932338961574,0.8904484979611945,0.792323381325066,0.7715378005947193,0.8694405978814982,0.9007450848901368,0.9237102490354877,0.6330913633434833,0.8525544756547254,0.8052684354222338,0.8841519819048625,0.7070954121420515,0.840446481832873,0.8228642019719807,0.8772134985478043,0.9338866311153039,0.9157389145538077,0.8698905171022975,0.896641475751226,0.8124510077151762,0.646246345435532,0.8748922426087846,0.8164091746491157,0.7708093793643377,0.8160240853595631,0.8748704769223178,0.8060210379812357,0.9240607903609728,0.6675343424195485,0.7028267282309857,0.809793692255938,0.8006786628956163,0.8943068657391364,0.7082724658802214,0.9217142128712564,0.7375297987689122,0.853361589096718,0.9248878309483544,0.8279750467268469,0.9244184015848722,0.9700223457742562,0.7448505676696382,0.6675112513648702,0.8352511008228105,0.7811941675873681,0.8897547709869659,0.767029673080952,0.8530683782832071,0.8447402641480304,0.8708146864859385,0.8785242271173138,0.8360887746141575,0.8284119320759907,0.827083416529958,0.6967705942801413,0.8256820949901921,0.8911617631359091,0.9005150047152053,0.7730274599100596,0.7485861441349315,0.8778281099446983,0.8086604094709197,0.8900807169705197,0.9015955608931803,0.8558137291273141,0.8498574367099616,0.9594162439225674,0.7809995131298895,0.7668344286923443,0.8300048818535629,0.8029772805834074,0.9345163739006142,0.653616667359837
0.7654314986681093,0.8547615958689524,0.7961526875749505,0.8482379886461435,0.9047102729598541,0.7791976389526141,0.0,0.8175232928630455,0.7969242372918265,0.7867132190054602,0.8804001912018115,0.8726973977848562,0.7826498412182303,0.7255866064043327,0.875423791743037,0.8293539799168234,0.7961884184696656,0.7277435414459233,0.8673282728198449,0.839336784231367,0.8542162782472634,0.8841146004834213,0.9192194565291749,0.9149173406667912,0.8739800232471853,0.6990768748982977,0.8197041329330192,0.7892512429675546,0.8011326137216328,0.8682415300602034,0.9039732282713432,0.8211012567645635,0.8271251493331513,0.8033353464740922,0.8353395131418602,0.8067883004561134,0.8771587204968696,0.7950567338255983,0.8946014985766361,0.8602546594384113,0.8089685155813032,0.8400296334528403,0.8192444153190462,0.8966309392517804,0.8616260193203007,0.7026962745733195,0.7289875973921179,0.8650538636773532,0.9612214372103781,0.7944296814480545,0.8219480997762031,0.6910356248312841,0.6672571819992021,0.8596499884284883,0.8598668323697822,0.7387022423593331,0.7641118201688306,0.8554252563529324,0.8410377807565532,0.7513863349507257,0.7865965124094549,0.6219949846991805,0.6966384273242152,0.7773422387207269,0.6958782194314178,0.6583030111064815,0.7980555255638853,0.7655152889084904,0.7848965108222166,0.8383763344635593,0.7499949329964145,0.7395015422148153,0.6820916723044745,0.8368292239196294,0.7533909025364589,0.6777507074370877,0.8726965281676885,0.8604393655008794,0.6766979538608839,0.6271163981668249,0.6819378845180092,0.7627470931157566,0.8497191664423758,0.6940558943360838,0.7125978281368399,0.796756266046273,0.8204008487703607,0.7727758704280474,0.699229304458516,0.749832546534486,0.8308867858547768,0.8396036689754266,0.861130707980942,0.6945865593955856,0.7451821317482562,0.8504613388807428,0.7421410887404976,0.8038356667059263,0.636321314846786,0.7003904160962605,0.7945951105149885,0.8523127948497058,0.8355185091039912,0.8114799980545527,0.7176995139751917,0.7154135477020145,0.7444144383170425,0.813116184776144,0.7549181450698997,0.8734399086798836,0.8995727839073466,0.734190119888396,0.7078992761656092,0.7610034979965742,0.6487279236679155,0.6955618070207404,0.710909358864007,0.8805499491114261,0.7834312672916108,0.5951726597829767,0.7858758657459586,0.6822357335836794,0.7202895881565495,0.8314400421769305,0.7295156933637764,0.8330670459325011,0.6176177872915772,0.8332200478483393,0.7869871256506534,0.7695223158373874,0.758816016308734,0.7646097637924073,0.6738906414356466,0.6971204286474195,0.8740866228507089,0.736335098877047,0.8163146419443877,0.8324100006900153,0.8877398113203262,0.9003636162118842,0.7543367488300609,0.7834351364543435,0.8050915933222316,0.8232045616760507,0.8570968374052789,0.8216228293357731,0.8800974766723131,0.7161582460748233,0.8257248887947298,0.6588564847628186,0.8387862036422873,0.749564594255108,0.8776619247667844,0.853873001302513,0.8635328942393055,0.8776365088755667,0.8452839927821901,0.8261692619646774,0.8174705175703976,0.6961261207121348,0.6549910091864137,0.7383773744877985,0.8445237122141313,0.7838290430702348
0.7864944982418852,0.9752866235422092,0.923307998655898,0.8668586914733182,0.7352536700509069,0.9707839832659241,0.8175232928630455,0.0,0.7751329601467487,0.8995129297765138,0.8472719234430325,0.8723701893865098,0.9361286256672265,0.8094406809271893,0.8381746602792556,0.9588523626318433,0.9530832322644017,0.7757274715268649,0.9232443693547706,0.9005222986476309,0.9187645036616708,0.8982651089718338,0.7876967799905877,0.8479425654436262,0.9171430707693518,0.6768019927970088,0.8081666542978114,0.9019872796511886,0.8826080937800218,0.8776031147836972,0.8983236466217872,0.9624116475165383,0.9354783376188319,0.8105317679541325,0.8068598682363937,0.8669542934281319,0.8662476993960759,0.8855721466387132,0.8398703763250125,0.8906480365481891,0.9146985280284885,0.8294794224002043,0.8583540559967827,0.8592184305735796,0.9582888923599086,0.8161504665745766,0.8500245077890887,0.8508176503652904,0.8604158534597566,0.8592557583011287,0.8673640078674595,0.8071740133841394,0.7783954346313685,0.9235872326104101,0.8861177209026195,0.848046488444969,0.8176744585047966,0.929928984302371,0.8919391796638171,0.8550927932000262,0.9513433596847314,0.7447085569663834,0.8338937877930747,0.8026828786711375,0.7228937686061757,0.7647653409042956,0.7836162839192995,0.8111520022001764,0.8922870227415457,0.9299442301012179,0.789372237313955,0.7717940188204423,0.7076567540616561,0.9378881974985055,0.9529001756474277,0.7614038978049947,0.8694051032637014,0.8366762987517066,0.7938113110210824,0.7091009771921941,0.8579670355947795,0.7288345797749557,0.9281273232253701,0.8875107417029119,0.7695348220265921,0.9262626640341655,0.8609051056625214,0.7971517004123031,0.8499337683410726,0.7429052000968276,0.7785970217946538,0.843119666980162,0.9147576157536074,0.7686347070537489,0.7562275740354204,0.8901253970572124,0.8896463085305475,0.9311587152724662,0.6278690228918873,0.8302223204124055,0.7956117495934242,0.9218173092573713,0.7436355693867537,0.8809909331312997,0.8173484187559793,0.8759685754423026,0.931010551746372,0.9293845778543676,0.8767678193259818,0.896292039094538,0.8275181286951184,0.6613398541806801,0.8137692806677905,0.826906307077582,0.7544550670518683,0.8019843771802622,0.8541846713362159,0.8448312886945017,0.9080859873608003,0.6507496930054102,0.7141171105773958,0.8220818783347815,0.7636993008953693,0.8913534273197018,0.6878242508805241,0.9361934609893301,0.7175472326927751,0.8811503439031674,0.9275042602290895,0.8380884056663545,0.9299966234312533,0.9553505027831052,0.7092952052103741,0.6599337098540928,0.85222577363183,0.774011422513554,0.8997046078685307,0.7870357902031333,0.8979352120604365,0.8961442788391661,0.8626884452163706,0.8686743141738063,0.8410951416236195,0.8513949822268633,0.8353721017119868,0.7263556423317014,0.8628468227477762,0.8867985670658984,0.9259695063399835,0.7649676556546912,0.7569820800796052,0.8716249773734277,0.8449913784474231,0.9398522228488314,0.9367683359716195,0.8654973715303789,0.8341762799849259,0.9583898433910173,0.7655620004433971,0.7349917466089986,0.8111146177935934,0.7763013663420115,0.958007015926748,0.6574141635164541
0.9127861161114589,0.7860380129582826,0.6632650379684851,0.757645206991669,0.7821469041286923,0.7545101803709654,0.7969242372918265,0.7751329601467487,0.0,0.6383544020745469,0.6986487247662201,0.6807029331190789,0.7989764162072898,0.8214270693039549,0.8465569951930678,0.7251361779064629,0.7668882201903411,0.8213162755952266,0.7540470129899897,0.8845178787711258,0.7549119336391296,0.7551163885691677,0.7281392123669326,0.8050762744759542,0.7138755843692469,0.748660282555517,0.723013330353689,0.7624374872161508,0.6543378159799904,0.8350458839360991,0.8621405244427576,0.7559586091615531,0.8412464227485069,0.7240991739436523,0.9028371929279927,0.7394598289379197,0.8127389688511982,0.8395599622968762,0.7234911042197484,0.8590128694178217,0.81412300860801,0.7650150925182743,0.7862330483710928,0.8122136553982432,0.8183562995872093,0.800188854124904,0.823256717797987,0.7125112992309256,0.7934964066879233,0.8603005528488311,0.8389529522113442,0.8275616376551139,0.7805144091757014,0.7391150999445111,0.6907567076503537,0.8477803974820515,0.8561393337045062,0.7200756224074998,0.782925294907511,0.8321537092919155,0.7437474942135566,0.7502628448349712,0.785636102299536,0.7299822649411347,0.808308639321887,0.7630917958389265,0.8060839120899664,0.82199464902691,0.7422955165384569,0.7816130953134163,0.9072976008148237,0.8479394254778073,0.7770708999262699,0.7850984534360462,0.7707136602517368,0.782953491097752,0.6976179124835185,0.7044844657226315,0.8040191350459234,0.7241017180139322,0.7286010464986818,0.8898816893883876,0.8455062672604947,0.760510391254445,0.8186772703600017,0.8938753408336074,0.7726336556885055,0.8429687139150956,0.7748250193800893,0.8374876485856657,0.9086390260860991,0.8786899013826093,0.7815166272542711,0.8147833210790844,0.8787234550025482,0.7200960965804574,0.8001079554868806,0.768066422366956,0.7357400606512057,0.8041116891818698,0.7900328006335443,0.6769867424915004,0.7909456480110287,0.6639606600492809,0.8517015201655997,0.814643004751013,0.723265837731866,0.7100595743364417,0.8057371882789901,0.7327639999015656,0.7100957668763953,0.7991734794219575,0.7936206004465791,0.685124166325316,0.7974713013250734,0.8474945135309023,0.7820367934806935,0.6758766206808436,0.6603307503372764,0.7045575019308383,0.8901546465720095,0.7830352977149112,0.8158182363048234,0.857806870574181,0.8772389532681741,0.7046510231632102,0.7318562364553836,0.7653134482945454,0.6825753803494325,0.8351226070965015,0.8097814927362543,0.7570851694361341,0.7710272916228494,0.816089381138866,0.7360143913923942,0.8287714198785116,0.8422239235896739,0.8980273375956117,0.7276776564139307,0.8183339197499663,0.7609862861968196,0.7341240396566824,0.8853543363668077,0.7314011867115693,0.728742112256221,0.8446058526899836,0.9009808754385381,0.7081370700606081,0.6935022876416181,0.6325358587416178,0.8944143130572598,0.7592042579773436,0.7714303330660306,0.7270623722115205,0.7058900595668052,0.8590416226556209,0.8019568515899147,0.7622250758838987,0.8786971070259235,0.7509097360849308,0.6838642518508891,0.8815023295872718,0.8328319774451526,0.8536260445024293
0.6573780814843372,0.9059979064707908,0.9704131454413307,0.7514406407708584,0.7143388589865202,0.8814498021180249,0.7867132190054602,0.8995129297765138,0.6383544020745469,0.0,0.8683748153068215,0.891870824805211,0.8270744592777892,0.6909886575688126,0.7693046985991926,0.9303990018373646,0.8378777859426016,0.6823986989488927,0.857374869156758,0.7693321506307605,0.8427219076373508,0.8887118767292034,0.7644956444235042,0.7775008903320425,0.9579245369387223,0.5779081502459322,0.7711626632621295,0.7828134397770922,0.9597085050387847,0.806133330275066,0.8178841691424628,0.8954984990762579,0.8040943193915976,0.711487124606078,0.6964795562771727,0.8007459209073757,0.8207354170537207,0.7774475514857481,0.8239150729733018,0.7502769331993462,0.79788846317156,0.7712896977827748,0.8078238396608617,0.8060987121715464,0.8419661885854985,0.682728597291402,0.7388701233017011,0.8816584000890522,0.8336682155040485,0.7206700763319083,0.7313233618099422,0.6450693327266643,0.6556910831451433,0.8636386857696318,0.9053207864820892,0.7171119719921641,0.6709280031497235,0.9007457973319807,0.8335555048656039,0.6961306786713672,0.8553075602623406,0.6187656296138764,0.7077576239613286,0.7567459811154501,0.6182301974233534,0.6444900885262426,0.6676796631842813,0.7500276286698877,0.8839043048048679,0.8922085151503787,0.6534334322299309,0.6654146514472389,0.5843356897893626,0.8195173870267949,0.832044978571955,0.6637518269308617,0.81794656326597,0.847950678711082,0.6587323961117773,0.6184199917646885,0.782231920106835,0.595179453184773,0.854311060369996,0.7798754494271007,0.6121939761252817,0.7638882211559812,0.797344254770111,0.6936789190761102,0.7282027061368822,0.624778517014721,0.650210289671203,0.7115684741211347,0.8591999504627533,0.6320512780513157,0.6130896002822455,0.9339516226150386,0.7452503881366356,0.8354950571988494,0.5444750981375476,0.6672469671963116,0.7273360695878485,0.9343120963430465,0.656194536337614,0.9681859745139826,0.6665247678000747,0.7201578053280581,0.8171530694953161,0.9180594666683957,0.758626593453203,0.8820434269607563,0.7911306014939016,0.5608260226370638,0.6812198106943522,0.7914475936347701,0.6210958459941966,0.6325657526903041,0.7371240466678357,0.9291918947465907,0.9110648195428965,0.5596901015010673,0.6043913653192197,0.6861161698756665,0.6346488452621666,0.7686851458629974,0.5945149553121605,0.9621685036636578,0.5751656442376979,0.7993984210301042,0.9143208268019052,0.7519462200858354,0.8256072562336961,0.8410346463306728,0.60556902943158,0.5460548158660766,0.8359856768932953,0.6910635084019788,0.8164621059044725,0.6816359595838886,0.9138561652109191,0.8344997141087721,0.8200799948915741,0.81761160376421,0.6753534261035841,0.8002240303829233,0.8346191316025926,0.6382998790818852,0.746562084744721,0.840070366117096,0.9776663557004938,0.7225810841131128,0.6374908317487287,0.8143486159990885,0.7624164254858977,0.9402587665087042,0.9505255476836619,0.7851265768917736,0.7497755868769764,0.8847427507238736,0.6698857263902789,0.6229635978798447,0.7753573280172881,0.6581396622137505,0.8720177603794227,0.5667367548998224
0.6841163500660136,0.8852500591989798,0.8979984319386419,0.8585914033027922,0.8418382625321807,0.8330881651397725,0.8804001912018115,0.8472719234430325,0.6986487247662201,0.8683748153068215,0.0,0.9483888537531993,0.7893782966247957,0.7122280833698491,0.7795453602731613,0.9064691618061033,0.8244452419842248,0.6511135671095423,0.8728237934414671,0.8107539914806476,0.8907342503402562,0.9334786706387813,0.8359053701639472,0.8829441737688235,0.9336169913919344,0.6856055416902314,0.8119922628248399,0.7961314986098231,0.9037172428916,0.7872729637000356,0.8526061962217502,0.840575756121427,0.7893791006104749,0.8073224863499721,0.78758533584349,0.8468047607888131,0.8797152893447027,0.8008087554289678,0.9363861086046169,0.7940141440729449,0.78732709504809,0.8750574703571908,0.7681067034300468,0.9049926407461408,0.8638167478878289,0.6314032381231716,0.6603361108362458,0.9632034932196174,0.9053150217858671,0.738089412841413,0.7488353973192454,0.650977025258234,0.6131115905380092,0.9131784995605817,0.9361922700496749,0.715077991584603,0.6959380184942676,0.9332975395179279,0.8081292013507806,0.6975133186649516,0.8466366247470886,0.5877903932679578,0.6692050715523874,0.824037112317476,0.616880779585101,0.612294817822404,0.7963128762158748,0.7060120894036914,0.7994675757598021,0.8567218426127223,0.6745709419485904,0.6806800416663213,0.6984891895467333,0.8311804792372149,0.780730071552469,0.6127507832985416,0.9184395403988979,0.8896804867066621,0.6230605614843802,0.6127291073591957,0.6871532060904574,0.6687038781040704,0.7987496866109952,0.7211976119911562,0.679618848062683,0.7732358281664093,0.9007222832275833,0.6771510568385793,0.6519664143996128,0.7147859938258149,0.7366931749670103,0.7640352069569316,0.8455747452779568,0.6334826619347564,0.690330590622231,0.9102002870160715,0.7381366763225566,0.8453826371479013,0.6108940319284616,0.652439677846933,0.792467001211745,0.9148130073168975,0.7457372587679596,0.8647288857357676,0.6716978824604235,0.6717842636924378,0.7541404404687201,0.8984461448394616,0.6909142895126121,0.9466762987719538,0.9461458802843393,0.6878638047007067,0.7224958915790953,0.8508719427303738,0.5964997048381967,0.6466023469442411,0.6732813697658714,0.9237472543260713,0.916772314784557,0.5935520896042356,0.7102414724130189,0.6562786863544476,0.7328135614358762,0.7563542428588894,0.6892410849190268,0.889385747647132,0.5943952006232172,0.843740585374595,0.8866414772618396,0.7127259119580223,0.7609927765457164,0.8207375213877277,0.6715823026987513,0.6761889043307195,0.952121973318698,0.6783832148778526,0.7724427057984453,0.740581721580899,0.9451502937215512,0.8322384504667486,0.7386433645900302,0.8479983498055822,0.7249177204405143,0.8912238056214284,0.9380503136664627,0.7303520137075632,0.8302514394199122,0.6987358465004709,0.9028491634648524,0.7438770012008739,0.7635602297810281,0.7231676795005039,0.8846053869429805,0.8588956624417712,0.9288412015253922,0.8432163914397446,0.8268222926969202,0.8402473571586138,0.7533430206090433,0.6470117132636499,0.642213934936371,0.6874172814606574,0.8267234348190579,0.7200487871614624
0.6421206872039448,0.9004128756965057,0.9156155540955364,0.8451891515323683,0.8299644281630745,0.8318526387730304,0.8726973977848562,0.8723701893865098,0.6807029331190789,0.891870824805211,0.9483888537531993,0.0,0.7611460634475089,0.6956705480430162,0.7625206750389185,0.9081700545870577,0.816035908813973,0.6190337009326334,0.8702626483828484,0.7771533909823264,0.8820426729078845,0.9134285329222586,0.8513292409033313,0.8519151513603572,0.9209009156160912,0.6600900845842578,0.8388372913479085,0.7702275848961811,0.9188332322502072,0.8023573521145013,0.8556252045549867,0.8413850307774646,0.7950592075398613,0.8296056530697069,0.7532291258300288,0.882268147399515,0.8244025566308903,0.7862485911937934,0.9546022231385995,0.7699143795264901,0.8004812458831443,0.8583959525405102,0.7455539245853798,0.8649433368566777,0.8780210364095065,0.6279384079920659,0.6733301963974679,0.9109189641116948,0.8693829932593878,0.7318933404223366,0.7315831418147144,0.6374504953089954,0.6044291347476878,0.9151908387575555,0.9462661164543322,0.7203587350266778,0.6706459433574747,0.9693616611866057,0.7775686996333446,0.7082000775782443,0.8230633435714906,0.5972896392458814,0.6470763368405826,0.8398041024026266,0.5916459438138227,0.5894002848488711,0.7493216879869354,0.6664404188412528,0.7751067962672528,0.8185726892582373,0.6421295376402103,0.6607775568046167,0.6467119583701034,0.8125842922115635,0.774587580987325,0.5926937694660405,0.9035187366608416,0.9190120749614367,0.6143488638355684,0.5762102758645765,0.6663588608634551,0.6489269490036611,0.7956639570626108,0.7045747257793367,0.6606015076520292,0.7732808608093834,0.8353263647506074,0.6588972804862651,0.6540427110497483,0.723904999696181,0.7165667907367442,0.7915482337815374,0.8482697483476092,0.608316662393373,0.6512440685420519,0.9198239165637913,0.7354929570798174,0.8816555469667342,0.6123354797008054,0.6531051724514231,0.7705058513986663,0.9206796014495269,0.7378679387299404,0.8923556648610149,0.6611661702231626,0.67783056388258,0.7667239643820115,0.9012747041620449,0.6947290382794099,0.9211315839383997,0.9299509541227173,0.6723100946808027,0.6728586128790163,0.8596665962644031,0.5840961273081793,0.6405354772021304,0.661080634014238,0.915568553822993,0.9033492163047526,0.5976917342307682,0.6834509105812855,0.6684057070991203,0.690500631838163,0.7362228636562194,0.6335362400782302,0.9021043592775648,0.6079716928386306,0.8929503729079645,0.9154229833932988,0.693701677301608,0.7830913830789353,0.8128106039243347,0.6247460205264526,0.6541788444564587,0.9153678444411181,0.6432478814601427,0.7609183806559585,0.721873709467126,0.9374563675054746,0.8385162535937748,0.7089742147356961,0.8548892822107278,0.7250701320431457,0.9078067801836848,0.9148113061023362,0.7246294884649568,0.8401721834262652,0.7057265142880508,0.9176709849937137,0.7831602395549713,0.7109450951997032,0.7105565415415048,0.8763962157762281,0.9175862824014419,0.9507297186989909,0.7892515416233044,0.7572425593590194,0.846464955024138,0.6922572147555283,0.6172932717699933,0.6311811261743835,0.6477945409474394,0.8433374319905143,0.6553359052186357
