0,1,2,3,4,5,6,7,8,9,10,11,12,13,14,15,16,17,18,19,20,21,22,23,24,25,26,27,28,29,30,31,32,33,34,35,36,37,38,39,40,41,42,43,44,45,46,47,48,49,50,51,52,53,54,55,56,57,58,59,60,61,62,63,64,65,66,67,68,69,70,71,72,73,74,75,76,77,78,79,80,81,82,83,84,85,86,87,88,89,90,91,92,93,94,95,96,97,98,99,100,101,102,103,104,105,106,107,108,109,110,111,112,113,114,115,116,117,118,119,120,121,122,123,124,125,126,127,128,129,130,131,132,133,134,135,136,137,138,139,140,141,142,143,144,145,146,147,148,149,150,151,152,153,154,155,156,157,158,159,160,161,162,163
0.0,0.6176476756488583,0.5420207522252406,0.4953680996743106,0.5752364626088448,0.5062195351475451,0.535609359629747,0.5341063079718664,0.6368618433747755,0.5022372545896334,0.5809026845320182,0.518027515017597,0.576254918442039,0.6365609735326792,0.5578338459351171,0.5557776375552654,0.5566129462353027,0.783078620375217,0.6168836554697371,0.6840701231793926,0.6135285112588942,0.642854941661998,0.5679418955930268,0.5821508128365999,0.5946923894622734,0.5066049774770148,0.5261016663841617,0.5156691120392042,0.5439798708362308,0.5845599754875536,0.5647701984221887,0.5813114777199327,0.5311410664298931,0.47463452595242545,0.6564732770739797,0.617717942210433,0.6143487475079205,0.6636161151925021,0.4872578740204492,0.6247535795595897,0.5924236996722582,0.5312891184458972,0.6494600609808725,0.5513523986336166,0.581592275427925,0.55702437108508,0.6022268856609501,0.5787436574267943,0.6549523292167712,0.7284676215003029,0.6482671028469043,0.595695559725087,0.5646252389582609,0.5790983086517135,0.5786212093155569,0.5253405277381082,0.7184952608473862,0.5442067153297061,0.6166986335170932,0.6672946704475717,0.5145244717411315,0.544733403557332,0.6358882279908626,0.5699493417604756,0.6001775597171995,0.5334900547282002,0.5059019733547955,0.6040499174115525,0.5812095322388946,0.5877521754162472,0.6475649974007219,0.674333406429627,0.5544007397661949,0.5834170237799624,0.5387491941840068,0.5545819140358518,0.48952771419651153,0.5386150537381557,0.5323480880793661,0.46818599348402606,0.49891745579317054,0.6441831359584131,0.6008459912756754,0.5425935685137879,0.5815671116523418,0.6395889091106288,0.536934412717847,0.6485316220564342,0.5363384459409974,0.49197587092079526,0.6522605780602704,0.5521058404797703,0.7278198011929914,0.605287956004692,0.6198191975309398,0.5260884358358364,0.5366981667883365,0.5030411951396627,0.5829800166707553,0.5196054312926119,0.5585193977406707,0.48454172853802935,0.5038213924598393,0.49860979697731267,0.7565850565194921,0.5395566270897041,0.4963709114061173,0.5007886481015529,0.5893634704160291,0.5454679022979708,0.5255678473802583,0.6018243028464247,0.5340038873992856,0.48364426932704957,0.6302331222047406,0.5642695535583702,0.5594896977161001,0.6017278859048277,0.48220211351426334,0.5226030347169672,0.6036956573298604,0.5053913606772986,0.5834938971847659,0.5822780464744357,0.5965098285515701,0.529438973098469,0.5019329206518235,0.5289462565784314,0.5260189038849042,0.6462582316070595,0.5206099669463075,0.530111193079506,0.5253877890555333,0.5633742790898132,0.5471943499381787,0.5108725467299639,0.5826731160715529,0.6195284105970953,0.6148385092231311,0.5937871057787688,0.52148720365477,0.5847435692178182,0.627360801820601,0.587064439944512,0.5526874754655368,0.5262438598833264,0.6007183475768303,0.466690700480981,0.6036514973799125,0.4395273659498023,0.6017413836188945,0.5695695609089763,0.6173209924814388,0.5325930231605076,0.511947030150685,0.5729357262655743,0.6217833986170525,0.4910242271481635,0.5750755202510117,0.5458806822738168,0.47627207239649066,0.6644763894881777,0.47690037619425607,0.6262905973326752
0.6176476756488583,0.0,0.6098373277428448,0.5536818222732632,0.519421913655763,0.6172670346570439,0.5650266527418459,0.5942559197575866,0.5831172848844164,0.6291012876191796,0.5777445555040022,0.6079378709834142,0.5914647035606279,0.6022732530245393,0.5355944757578381,0.581276202682944,0.5646299443635767,0.5947865510434605,0.6837543394441289,0.5701388543789403,0.6878010939475314,0.6242113306738069,0.5671813035883735,0.601390154740483,0.6930919091087391,0.5171496131484346,0.5250962504844123,0.5142224175269161,0.7186617346761919,0.5704362011526822,0.5778167936288032,0.6143189222797782,0.5996747775819691,0.4990975524265008,0.5531107632245507,0.6319880928175037,0.6406411075135967,0.6376018706025106,0.5181078526809495,0.6500539429208892,0.6695024848080814,0.5633480137727749,0.5644893419335069,0.5685791215257056,0.5922011859547013,0.5629398657201706,0.5876703736061492,0.5872779269097107,0.6203369402532763,0.5774943180918608,0.6448929558624583,0.6150876289672976,0.5546899049395221,0.6807611950599903,0.6305223295726577,0.6404945101802579,0.6412451687008011,0.5904046315145861,0.579540755840088,0.6443565990922736,0.5892132936071722,0.5614890303164822,0.5951462022746655,0.520707325723743,0.530440270270594,0.5292349513062984,0.5456329063755193,0.6080757172151372,0.5011453692848288,0.6061792479067446,0.609940953119566,0.5940312612702625,0.5309808731650522,0.6089554720792189,0.5627723571042488,0.5708233145912941,0.5190337052658454,0.636497416279227,0.5385471826464081,0.5555889962280641,0.5935982974467083,0.6209680126534282,0.7637378984664863,0.5901871622845706,0.6065233881785296,0.6826931003555968,0.5734012475473154,0.5633416657643288,0.5832327777857367,0.569627996654831,0.582726437612408,0.6068758249531694,0.6779302685758035,0.5930776488169063,0.6378767162600777,0.6382333548747802,0.5714735518886679,0.5733406986028428,0.5538649591835672,0.5564706503996949,0.592760094934008,0.5109030644750813,0.5162052763957231,0.5751373783042036,0.6450278625161612,0.553647890078719,0.5397698202680944,0.5448368401253799,0.6216477711075502,0.6467256556304133,0.5750199460455965,0.5667822370011393,0.5787038590456485,0.5286916809080247,0.5959939857909545,0.5871854223393355,0.60959857403504,0.5553979521791832,0.5320918105144297,0.5651862520059384,0.5338640451404766,0.5644778848653825,0.5849964178550208,0.689827998993746,0.5637537882951303,0.666055300280034,0.521806999443094,0.5743957146431657,0.6159518835502756,0.5985724342346659,0.5696300443136071,0.5820034923654615,0.5578612655594488,0.5830006156249085,0.5513971091732999,0.4739816336153077,0.5762568370718961,0.5582986807434306,0.5797541706284164,0.6382687622298051,0.5691771946445995,0.6275772514095869,0.68728667193237,0.6193385549630217,0.615529636598711,0.48755381448531243,0.6121345235983561,0.5578211687616208,0.6842304178939382,0.4750811553041475,0.5738574602314828,0.6720569692806623,0.5488120424380212,0.5820480290898424,0.6167083790376067,0.612062285032367,0.6498839302842587,0.5944666237311513,0.5866935083012412,0.5725994770718482,0.5414813018920125,0.7130487871213874,0.5668019112809719,0.578150616760384
0.5420207522252406,0.6098373277428448,0.0,0.5235081293446717,0.467757457729688,0.626185484923094,0.48593255316328765,0.6289290805358785,0.5092588894371892,0.7011975593468799,0.591146482838589,0.5293817898651054,0.6949911650080853,0.5961101682234918,0.4292547472435854,0.7207878415888147,0.6758950078513651,0.5631716312254278,0.5531208991192226,0.5174020772713557,0.6308762131025234,0.5777916163443583,0.5579590150533508,0.48850705276057027,0.6351265620106875,0.5147378130904887,0.6017208801170169,0.5928004848149558,0.6007281421919846,0.5721305478186574,0.4562706153071468,0.6841917633233127,0.4841761550533295,0.4897254974870961,0.46535446368602496,0.5523615199102105,0.5838693566781993,0.5894272829024212,0.43275424828977793,0.6053565729333755,0.5028344582720514,0.6228835207457499,0.5085016644504464,0.4598498425398135,0.5669368450029998,0.5198525006585073,0.5308467025657276,0.5100754329228137,0.5557355953383118,0.522926279395698,0.5683729749506289,0.5579451445838626,0.4786313360353163,0.5602874979528663,0.5531755211903135,0.5879243029256792,0.5582745211392309,0.6306981851480854,0.5530524341342966,0.5830414369912251,0.6182233147775106,0.5472341678653715,0.5787689283826659,0.5064263150937555,0.4464840863229612,0.4995475400308513,0.5335991775941972,0.5537485250541084,0.5920713698312423,0.6426040245294398,0.5178164560085368,0.49485644639135506,0.5920583182502722,0.671509752491051,0.6431350816495601,0.4792844488818421,0.5716631008482037,0.5801949643505055,0.4813216531648839,0.4980820907156934,0.5423607109393409,0.5102655676397679,0.5782840468569799,0.6051027015043613,0.591980240178071,0.592299411806106,0.5866554144046848,0.5287321529229979,0.5738122599349027,0.493460739096073,0.5765732405626854,0.4890510448097992,0.5563174785968374,0.4974375000316308,0.5812753249510592,0.5088766481710129,0.49571675012099353,0.5351078631605228,0.4856892990785168,0.5569616968018603,0.4739635718699805,0.5422260354725468,0.4811116323631994,0.4867805483032637,0.5812259196011759,0.5711661532287097,0.5693263782068478,0.6051501788692157,0.5395201972612769,0.5651790052107951,0.516736427012044,0.5172678017887635,0.6074152391657659,0.5829658687384507,0.5236936997936524,0.618159096777296,0.5455038202481839,0.5156801476860049,0.5829169302306635,0.5851767429402647,0.4631895019790107,0.5471279039610908,0.5523816995106142,0.5396775147831838,0.45355343195487957,0.5347457468671057,0.5737984546400899,0.5335640474822344,0.6129905314663668,0.5063122455147365,0.6247129106360656,0.6774250101062717,0.5478172592428714,0.48569691187218583,0.47255297951473746,0.39461897157992964,0.477188180333293,0.45720887778528946,0.5622430613558616,0.5119638740714323,0.46547675563344965,0.6431432309294643,0.5824613407935998,0.5836943235949561,0.5284692966321639,0.4774274511332336,0.49173495498923186,0.5151949232205526,0.6455547552725736,0.5293020749639863,0.47646575871197855,0.5120855006946397,0.5404203333665815,0.5948349292118764,0.5476975649475629,0.5237640258462567,0.6014780498201764,0.5743695324790775,0.4646531354015103,0.5985842631602749,0.5106651734006451,0.5314220662679168,0.513653784063821,0.5036345400907066
0.4953680996743106,0.5536818222732632,0.5235081293446717,0.0,0.4628734500212837,0.6038658154195591,0.5748231608731885,0.5519752391396766,0.4698509711645566,0.5463999189890044,0.5385202815700263,0.5962031662240292,0.513899490695753,0.49594710440934564,0.4497119354630597,0.5041938707331821,0.5015071660588795,0.4692331562479673,0.5631323280980737,0.4371404355812655,0.5792166198111477,0.48926480292883223,0.5522577541058307,0.49793806440262034,0.6198288995107158,0.5607297175506791,0.4990557010086882,0.49294298951801907,0.5384468655316965,0.4744438713120222,0.4837964726923166,0.5200939775989164,0.6196351150232461,0.5279375254172238,0.47320719185118487,0.552454892138477,0.5739906765334065,0.5032102309834448,0.44423487565803293,0.5619480777762175,0.5451059042745405,0.5411641199939708,0.4698228679893885,0.5370142659250301,0.5271230361274519,0.46507260997217276,0.474049278740819,0.5188092389920338,0.5325605688433517,0.4539254545761997,0.5693854628668173,0.5965909719619388,0.42155740544569026,0.6295996638333976,0.5676693436652598,0.5744510714853768,0.48996252401814183,0.6089373150810795,0.4764498837749973,0.4925338149913855,0.538965656182705,0.47420123426057914,0.5233583681159601,0.43813487316671873,0.41826596137020655,0.4432615822194478,0.5295836207501334,0.5109334790362838,0.44264092583860887,0.5668979862683781,0.4948776930644723,0.4567091836165462,0.537220922075501,0.5614034349903027,0.48092129207025713,0.45360703981709066,0.5109128659076952,0.6020410724387224,0.47098646053398646,0.4965493457211727,0.49948121264498335,0.5393304743650081,0.5336240797514505,0.5084646438877747,0.5638099294245091,0.5319056909934888,0.5878871874553542,0.48486623426887904,0.505891204508695,0.5073890115614644,0.5717566179112898,0.5870174147478141,0.5009886757879646,0.4572080221971959,0.5509915136290835,0.6034967943683432,0.44992935004647233,0.6235407760005847,0.48286529671671213,0.5454487647523922,0.47609444594969874,0.4869664052319958,0.6193334087796067,0.5826220725749864,0.5263845532663127,0.48214280118491265,0.47835288755407473,0.5289538511246116,0.49248504309735064,0.5395068856267937,0.6338439011465669,0.5176706712241547,0.6065791872100814,0.49743697620008676,0.49874294114140655,0.5377046743797043,0.5087350921645079,0.44144116913473386,0.6260741021021571,0.5970086831640284,0.4323204267701492,0.6384379089068916,0.5271073737694009,0.5613861341547027,0.4529422919977081,0.5626668561024599,0.5040378726322232,0.5049801186730573,0.5866143043772218,0.4563473684793013,0.4842272251146763,0.49764812552290577,0.494241306067918,0.5298568025066264,0.4529298003753688,0.3721369123088616,0.43372890070308745,0.47513393658090186,0.48848432325125013,0.49612887434640696,0.5377093297400996,0.5077776005047067,0.568264373372312,0.5390043521737775,0.5299980129848918,0.5083407786766099,0.49392621891807403,0.46168249146166235,0.523357101766761,0.4281668783769,0.5239525503994938,0.5012195570364832,0.4524956916724372,0.4824445882595612,0.6416811466452025,0.5073733193578881,0.5077474234961461,0.6210167730673384,0.5772131762768977,0.5680485122159861,0.4642850065945098,0.5511411518034772,0.5072138007952147,0.5113701116143545
0.5752364626088448,0.519421913655763,0.467757457729688,0.4628734500212837,0.0,0.4233434663688915,0.5447742784565993,0.43947572970985593,0.607441872041072,0.43251543899717293,0.6009007228273026,0.516030420715482,0.44721154802053115,0.5379284390158655,0.5275465195232233,0.46799180566050436,0.4542489338811272,0.521378048630758,0.507604884886601,0.528734658592436,0.5193394489007532,0.6463947374710677,0.5225906009178235,0.5434444006602935,0.5109567272273229,0.465184887678241,0.49292598742743465,0.426996845771739,0.5134933599031771,0.521083698895345,0.5347062402249986,0.4600611454265686,0.4701919543592224,0.4273691168903271,0.6753538594268702,0.5905591528048196,0.5346474673477657,0.5555572300215795,0.516008275007694,0.5120604822113669,0.5069521129378358,0.5112203743496544,0.5078648636186095,0.5588596940173055,0.4814090609968077,0.41966204624649334,0.4622594255563927,0.5812110261780843,0.5880596169010223,0.5596664687741226,0.517226779286611,0.4642964825804365,0.4266813455891401,0.525514369185102,0.5545878644192994,0.45742616429314387,0.5164057167507646,0.5051623198862624,0.5043480927253484,0.4936378639811589,0.4228344774924201,0.4308470547546086,0.45772063675472,0.5848796559551535,0.48385197806899144,0.4047608607190332,0.4618134543572373,0.4928233145344455,0.48497733334592275,0.4893456831015152,0.5233070485752641,0.5532920105413722,0.501726099579536,0.4751424724866496,0.43149582100170664,0.41817299621094167,0.44462341122040416,0.5237605064475267,0.41748230674066505,0.399882141727591,0.39954495675391566,0.5843570476685687,0.503466764879819,0.42301967530403,0.48964625768438075,0.5071401398002684,0.4790600706677563,0.5185689480367538,0.4086051496924604,0.4657922229418944,0.6167001302939256,0.5283185270739148,0.5990087209509861,0.4464375480255089,0.5475071105994258,0.5126000815772574,0.43667254336664973,0.44762817140966565,0.6268622200585314,0.4177276632264538,0.5362846145731389,0.4242807938519092,0.47392726969871884,0.4579247169661284,0.5315617089517342,0.42184579084201923,0.39931388169316284,0.4393828520460868,0.4510158271680289,0.49317336441865545,0.5162253715190729,0.5952055629388007,0.45016252170964977,0.45022673193729296,0.4490174418433122,0.4559113634758437,0.42274880438986784,0.5936303179936743,0.4344121830951664,0.4835621855277486,0.6351819117033135,0.4405458681983542,0.5006810070977235,0.4786851162311294,0.6234646579807653,0.45950873037353446,0.43239830231027804,0.48837399056220976,0.45447852725871013,0.5130461246820417,0.4459763328449129,0.4439462699078073,0.4562291683547632,0.608982615000304,0.5471691179167911,0.45598745575528327,0.4650610259805377,0.5927022922226741,0.5440574744365396,0.5203421562697451,0.4386807726535084,0.5334080318620352,0.5311812738353079,0.5915553340337603,0.5412146078012939,0.5056907450261974,0.6170145485482446,0.3809580714169395,0.5026300881795994,0.41494652949778676,0.5556246340058371,0.45476109256120395,0.6120497665588288,0.46924991152734197,0.4591888866629434,0.5011052040559122,0.5071331057890065,0.4262083655052486,0.5629632491842937,0.45656394235651054,0.3783407941306531,0.5443437672036269,0.4344597946351852,0.6808960355210597
0.5062195351475451,0.6172670346570439,0.626185484923094,0.6038658154195591,0.4233434663688915,0.0,0.48633289190195167,0.652850721969193,0.47410385609188627,0.6793861492581391,0.5130483193656646,0.5349502109194615,0.619788983568154,0.5196279850820482,0.43080119051121907,0.5792589259089712,0.5784832909279968,0.509379318160674,0.5776239797394235,0.4598950033778853,0.5923402558625982,0.4968222583701132,0.5117686131505711,0.4741134299562342,0.6176971178381385,0.5030343801675876,0.5112876425012823,0.5521227021515495,0.5777410310347628,0.5150390496532063,0.45988413411965307,0.6044948087497032,0.5669253347059924,0.4890165205404671,0.4384594281497591,0.5117945707382144,0.5551119799141977,0.5288065603903198,0.4218266998161138,0.5690293958928065,0.5393988609933696,0.5429949472668789,0.4768340820812657,0.46845224746877895,0.5330747790349597,0.5297388480978823,0.5157585881155248,0.4790319642412073,0.5025859217910416,0.46671597869280285,0.5649297342325976,0.6195739519717729,0.4899516816098554,0.5820910124517136,0.5263185823558615,0.627444674802527,0.5263754757461409,0.6056420999350139,0.49113975683886246,0.5438950776190714,0.6613592135585386,0.543741630300545,0.6023708969087408,0.4274968513848951,0.4323046901086996,0.5050464405748888,0.5131521773607578,0.5355430286055378,0.47431789154440496,0.6193195750298142,0.5033786255407784,0.4615387958645059,0.516426832559866,0.608691806130432,0.6032563012035396,0.5118422209219764,0.5203024034418875,0.5632790082050901,0.5084246301601317,0.5687998652461517,0.6425817610622676,0.5029649011732761,0.6032933839460097,0.6425097761310974,0.5663639549693115,0.5784511430366117,0.5751250325386096,0.48625296220920267,0.6324725847661413,0.5029611826733935,0.52376156308322,0.510407303570491,0.5135277644283885,0.509955823598673,0.5440481026106321,0.5454040676229633,0.5012445438805252,0.573675830406192,0.44788281646808115,0.5953550744983829,0.4628000286809881,0.510352492523939,0.4955641906694288,0.5346018786636442,0.5512242494666953,0.55336362376539,0.5651782867317879,0.5687961287465424,0.5466320530322488,0.5421593981977532,0.5196531306532796,0.4731267663369872,0.6282374829792944,0.5322156119797886,0.5557081974751661,0.6211146829460886,0.6074161145574647,0.4405836477239767,0.5940356189252829,0.5825939524110033,0.4209556301984253,0.6339295264765807,0.5173781330139982,0.5927967500369453,0.4340328146936425,0.5955112394296521,0.5368581985203983,0.5061134095301008,0.6141574937636001,0.4767947933599168,0.5790667918966939,0.6032502453987444,0.5327683656088661,0.48073465598312504,0.43811040648545396,0.3839317847841588,0.46896331576874833,0.44139795196921383,0.4841684390495977,0.5048130338943213,0.542835703047665,0.5360840874395203,0.5706054096546951,0.5159837536498425,0.5012954665878404,0.444845470921578,0.4752730641335874,0.589049617315341,0.5689620443097506,0.46797824946952704,0.4759269180472984,0.5755001271269571,0.45587648266738795,0.5160642916971888,0.6083511261615533,0.5122792931444378,0.5566389723018292,0.6866437658880262,0.4920043760251071,0.5968688319990683,0.575540923002167,0.5509440683283098,0.529508779202398,0.4725313778797911
0.535609359629747,0.5650266527418459,0.48593255316328765,0.5748231608731885,0.5447742784565993,0.48633289190195167,0.0,0.4736336750372695,0.4924425806593728,0.5044778578842162,0.517873970305118,0.5711931125214946,0.48559451638395196,0.5330497966890442,0.5383249286542672,0.4682327880271292,0.4599492873577339,0.4885402352533755,0.5310265096480199,0.4755758025821384,0.5795953049591317,0.5306394671311536,0.5634056694393957,0.5906751409000658,0.5894651725497382,0.5599161790684148,0.4631614860805792,0.43028059350437614,0.5329794331826889,0.4529147221613062,0.5585301882670904,0.5211460603260174,0.5710158471023531,0.5191364688079149,0.5583333958224793,0.6341791971483827,0.6146090979619218,0.4972032737596429,0.5026254445512548,0.6003232958912661,0.5524172517320672,0.5099829441795102,0.524971330419926,0.642317025980863,0.5546832877439167,0.47634956345668944,0.5340992998834649,0.605936137632137,0.6435225583296628,0.5204039035387376,0.6292567764750808,0.5386638923194457,0.4365715040106803,0.654384659193598,0.6387894987223511,0.5472798120293717,0.5141874056443421,0.49912145167575916,0.5680746225057832,0.524230959725722,0.4781560285313022,0.4870002161804623,0.48211488967787797,0.5101792927557441,0.49193295716758967,0.4559600057078704,0.5698944926537749,0.5814225330036028,0.44353067894494064,0.4873567282037337,0.5660449416047719,0.5377871390877518,0.5297721338376798,0.5480157569920572,0.4250970942478619,0.4814961038054857,0.5138090245030833,0.6323522838218107,0.4540457725405935,0.46256959756899635,0.45643571287457596,0.6283014811959977,0.5366704863299994,0.4425163283107081,0.5463296056132051,0.5084209697661405,0.5232838710680383,0.5735928200638596,0.46924757068677575,0.5229620011054882,0.5724709785062219,0.7527955124051204,0.5633943155274777,0.4838224719474853,0.5892443771193117,0.6185179492082653,0.46863516704987834,0.5608079717571598,0.5842525871885217,0.5249889364816361,0.5614328252572115,0.48105350015793263,0.6507797172732556,0.5386495761156258,0.5412138218745836,0.4697347836258629,0.45991072595061877,0.45916652231620825,0.5324463179443321,0.5952892538405878,0.7101757937605185,0.5853599961188358,0.5555700336456713,0.4450050251581073,0.4854400473198514,0.46975425886489447,0.47655687202776414,0.5241977314803868,0.5221782172239473,0.5076228721585663,0.5072996174680077,0.5041948540526355,0.5403133567068703,0.5781309391585844,0.5317666343768226,0.5425628139953762,0.500118267638652,0.5443062315537837,0.5294419894762102,0.5269516124452785,0.4360320207038205,0.4552415857662778,0.46344016841149976,0.542135659426908,0.5253845508336856,0.4341178271673834,0.4609577572727787,0.5914769998724686,0.5212970461153599,0.5299524057107587,0.5065191083536006,0.5355511465713524,0.6286550467495934,0.5832300931130835,0.5907237381195128,0.6081913548353051,0.5534482629521223,0.4360681837653067,0.5273778219902423,0.3935155816537003,0.5730904148295679,0.4877614113104564,0.4769688745394504,0.5496657581614307,0.547595405675028,0.5496061364360402,0.5097567620395959,0.5176613215169348,0.6400260110550612,0.5402854194474194,0.4440546703746381,0.5663646824633984,0.49373482622583664,0.5404295601173651
0.5341063079718664,0.5942559197575866,0.6289290805358785,0.5519752391396766,0.43947572970985593,0.652850721969193,0.4736336750372695,0.0,0.5123233662047973,0.5967303588419425,0.5517755271057136,0.5621224425413078,0.660313004610671,0.526495388202245,0.449840455553914,0.6521363299903734,0.5840380700580576,0.532664365865836,0.5936121859719049,0.5155192939870468,0.6380517522197915,0.5243390904215525,0.5331731321861517,0.5101764126491235,0.6371251121682423,0.5516986317856777,0.5488137417745469,0.5551735324658247,0.5386806991074392,0.544256894742353,0.49687904276087197,0.6190176635903519,0.5268023732072217,0.5199837229708656,0.4569321091275625,0.5447213015701742,0.6297094871537344,0.5984103612391283,0.46663111926218137,0.5849017294256618,0.5409511120516876,0.5360259440763159,0.5331556116159124,0.47692147070567387,0.6186169402762196,0.5704946183486466,0.5063421155891493,0.5213636582457136,0.5311570286837366,0.5066479612822788,0.583873590758139,0.585210039434227,0.47370680085345807,0.5799873368123719,0.5567275655866439,0.595601338472169,0.5813580055924116,0.6365932881800948,0.49844344077862196,0.5914065434988854,0.753238730141366,0.5587629034766831,0.6125671950933157,0.45921933947318455,0.4520194864202757,0.538397761510314,0.5569163951194214,0.5602777967485746,0.49822852134593076,0.732626144190867,0.5476606018127086,0.49441839191042375,0.5291470446552164,0.6432627840557581,0.6103890350746418,0.5097525480138771,0.5780148497907255,0.5706007798101304,0.5723547553809819,0.5483276871354795,0.5766581142002615,0.5358750005922062,0.6165843988001801,0.6942270695301542,0.6091470855974749,0.6576278345264787,0.7144395634720779,0.5134250926167735,0.6358461415676794,0.5583779905056213,0.5368106905104786,0.5030860476787435,0.5327048057458994,0.5320095445397683,0.5560641101972605,0.5385099520922638,0.5544820081404711,0.5545998997894326,0.46669648451189205,0.5789803351574989,0.5018029146936425,0.6188836212622585,0.499304008128994,0.5084938220481013,0.594295612837173,0.6157144784694837,0.6086441174536589,0.5705553650677458,0.5546187446637915,0.56986833891708,0.5260034597986424,0.5203291017763134,0.6028444661554145,0.5767539211700158,0.5754793902227513,0.6129798531925732,0.5630703236506693,0.48125443034121557,0.5287741049084311,0.5629779077557548,0.45895808235544866,0.6926399644749193,0.5475310621293915,0.6007319948820591,0.45492175590076606,0.5953398077108045,0.5323503686363673,0.5947684166376036,0.5995930244435371,0.5181975144622238,0.5723280941993806,0.6617127030018797,0.6396643114857509,0.5075844645600781,0.4945893530348507,0.3996281385524998,0.511075957211555,0.46658452431668895,0.5512629334342815,0.5741936143025126,0.501082350731617,0.5674029953821572,0.5727231184820681,0.5478593756258252,0.5530287311363594,0.4623273224594769,0.5158756460625131,0.5608754909019784,0.6038511242816647,0.4870656935416417,0.531422591005247,0.5273583423086007,0.5010004435784208,0.5374471876054366,0.6125289173035193,0.5952854875557388,0.631640044907703,0.6464046634682521,0.47645583668014524,0.588469960994093,0.5180243405901509,0.5518472065548597,0.5559357051653653,0.5068504551935946
0.6368618433747755,0.5831172848844164,0.5092588894371892,0.4698509711645566,0.607441872041072,0.47410385609188627,0.4924425806593728,0.5123233662047973,0.0,0.46520404597049303,0.6069974529085115,0.5084471164927685,0.5068143384246319,0.5922885898415645,0.52088723860206,0.522970695262475,0.5010361581452962,0.6006667353047492,0.5462703729624081,0.5808682897019326,0.5479301836123173,0.7028854991984016,0.509408475744619,0.5271799561872584,0.5313718896165193,0.4599393933389148,0.5471828354132111,0.47129646813361425,0.5296538746447849,0.6354264302846343,0.5453879872463336,0.5015305126522938,0.48793816278732505,0.4223978826479115,0.5919784056048677,0.5619840077771175,0.5621246011575453,0.6683025419598176,0.5147549795309462,0.5340300550880905,0.5322374162646963,0.5447361279587126,0.5215529850545735,0.5071642844042741,0.5036402612061109,0.4672412929020883,0.4797057126614715,0.5341940451788239,0.5587571415998971,0.5879847610016586,0.5408756726027164,0.4911331968604836,0.4985323283470795,0.5300056947420682,0.5347951203338663,0.5077555758300125,0.5929452447023021,0.5487780814795881,0.5101302267442422,0.5602160205164081,0.4870626297297369,0.487499015835097,0.5159518556300468,0.5388357595101074,0.5156337755913574,0.45170022198219145,0.4844019662417532,0.5315401612117732,0.5173727122821223,0.5829642273007781,0.5734986239999664,0.5825133392303448,0.5137221213410279,0.5139118914533688,0.5162393355899986,0.46543642651243444,0.46995865736494097,0.5267890113132442,0.46167257932750255,0.44795558418559217,0.45380685939863313,0.6187489786295783,0.6024994702131713,0.49623316968266074,0.5263496498758923,0.5965440363399148,0.53216561489351,0.535931032071058,0.46619276997115333,0.5190412842638665,0.6100447298810113,0.5136666483175016,0.6278291072062263,0.5071958175630071,0.5978675203206935,0.514002137235424,0.5063747674679973,0.4509989934614298,0.5853152332188966,0.44763294076691196,0.5590848830353844,0.45858626830647475,0.4482026884396949,0.4520588471087943,0.6023969841400577,0.46584872254066195,0.4403512319048305,0.46961408656074505,0.48705258914419525,0.5016260320638978,0.4820513383676413,0.5732531805306313,0.48238155942923056,0.520562457654213,0.5036689670445306,0.5235407500173405,0.4695484634694382,0.5565305092802426,0.4293705788999095,0.5323088474660976,0.6222721657657908,0.4957202345974647,0.5095204774637498,0.5269992179300758,0.6368792980497968,0.48759720973395665,0.464212131187302,0.5185962145800348,0.4648446381677182,0.557645226505361,0.5357254371081253,0.5222910709416576,0.5503213064198293,0.6583040250052232,0.5407349550246817,0.4761073779114053,0.5100494095666182,0.544483346718009,0.543083965240815,0.5879102417190584,0.46725967418176395,0.5779095260886958,0.5798427029243424,0.6142113104777757,0.5450261686917244,0.4543205647630835,0.6624900660529681,0.4373473682955695,0.5285355230417633,0.4539951282723155,0.5648491104591592,0.5204745943185431,0.6593933443908114,0.48495156781646104,0.4788422000857364,0.5597743639169661,0.6042573077841562,0.4625445148706135,0.5388248098521885,0.4927706354778351,0.4191804100564664,0.6074946629344794,0.48396407612734454,0.695450724927516
0.5022372545896334,0.6291012876191796,0.7011975593468799,0.5463999189890044,0.43251543899717293,0.6793861492581391,0.5044778578842162,0.5967303588419425,0.46520404597049303,0.0,0.5206655123532904,0.5364285215816599,0.6394507618841696,0.5475500853902804,0.42528360479565896,0.6114793715832633,0.6054928582392596,0.5133947498220004,0.5541026338539917,0.47713194357148364,0.6160706603774965,0.5133317158755726,0.5478462862171531,0.489235762620207,0.6489426443115424,0.5098445451735346,0.5294222725229939,0.5520479960793734,0.6172505606028504,0.5084061999720717,0.4534522369206838,0.6648681185341068,0.5068891307146977,0.5107787300997869,0.4426868893703644,0.5299016737158612,0.564617622575271,0.5270757738424455,0.42485031363250536,0.6062270606818805,0.5132315034577376,0.5720162006548997,0.48385669251357405,0.4629759542277213,0.555299149956951,0.5310463170917276,0.5398805038550771,0.4919776406236459,0.5401840602888649,0.48187986434901703,0.5641751063754671,0.5695040535276356,0.4774690037634953,0.5735317588361993,0.5446221869847394,0.6372923189462177,0.5282243328618222,0.5696939382036894,0.5427461783807942,0.5603508096249578,0.6200612613558315,0.5431204435998187,0.5459836155054678,0.4654058579695098,0.43750217096153016,0.5059872733088394,0.5407711897934123,0.5452678299574469,0.4998609626278613,0.5698112091110819,0.5001826414748475,0.47712208665950995,0.5422071650940681,0.6421451465593755,0.5743337303427155,0.5059862176301076,0.5544700954680487,0.5932965337501848,0.4842176881171105,0.5436923222747694,0.5941589405279942,0.4944110215065687,0.5815633567906022,0.5836884538973713,0.5799456735517831,0.5612385797236386,0.5526609067468506,0.5058560825734352,0.6082238196302615,0.5023442313511003,0.5198049969812741,0.5099177527083472,0.5249430291839823,0.5034088492023111,0.5589138256376417,0.529351597322016,0.49038161295137556,0.5799347253681861,0.46453838365298367,0.6019710558030305,0.471770485877873,0.524999086090804,0.49616188484399965,0.5175692019049748,0.5399538334685196,0.5656118002866161,0.5887754070918616,0.5926146357560735,0.5635621197174001,0.5940464144686751,0.5352274551634882,0.48861272827682795,0.6262401039340392,0.5393610698194711,0.5202758611620056,0.5856861323461858,0.5854229101676371,0.47879898900436335,0.6160240454484652,0.5611098672795433,0.4322057086765009,0.5471350511839896,0.5425659838741669,0.5698114280759,0.43764068954775337,0.5727753232265343,0.5673946983399771,0.518820889993404,0.6531249238740962,0.4892712166979741,0.5760248326608635,0.6058780452409693,0.5182966023685509,0.46475828625198534,0.45437019981730276,0.38740197943587074,0.47129909527428127,0.4470436440188503,0.5190610740320404,0.5021961903949747,0.48730231103991484,0.5861924367323939,0.5868116845776791,0.5404129027342925,0.5229078409946766,0.46790400674479227,0.46816964482117873,0.5674466192210988,0.6286793177561546,0.49103188696425154,0.46420758161594866,0.5374841019313816,0.4745127792840372,0.5987916729060395,0.585932521852552,0.5149253170965505,0.5672489477387296,0.6363759558863585,0.4714029944340992,0.6057663125404312,0.5705583037574986,0.5334063428831978,0.5402798305024351,0.46762795452853345
0.5809026845320182,0.5777445555040022,0.591146482838589,0.5385202815700263,0.6009007228273026,0.5130483193656646,0.517873970305118,0.5517755271057136,0.6069974529085115,0.5206655123532904,0.0,0.5944967226769505,0.5399432696838419,0.5795707925356243,0.4666322201522498,0.6094858609596849,0.5686209922175393,0.5554987772939681,0.5865816089510248,0.5431578927060341,0.6029316641967817,0.6724665841873625,0.6058468712060576,0.5268981850927444,0.6148044445481663,0.5122233313112627,0.6556700834033667,0.5448791733253788,0.5946925800557188,0.6470487875218501,0.5042381836954404,0.540728357501752,0.4925714245252234,0.4800628748292671,0.5576895124223036,0.6073464891728474,0.5978033287302967,0.6587593644118532,0.49390199726130796,0.5679044405738733,0.521600500071934,0.6264725057204027,0.5124420389175183,0.5154154232856394,0.5366624765766872,0.4548241672723167,0.4666537985228272,0.5738663816189857,0.6055503319468573,0.5403939614962427,0.5486350852865911,0.5161476774988843,0.4382760167497286,0.5698337744788643,0.6002049519248193,0.5171308463998474,0.5584596924237086,0.7071125264426684,0.509230739132319,0.539918073970741,0.5132344045871761,0.46709950055891636,0.520588897654389,0.5580895201663285,0.4461772218647398,0.4342139100918383,0.5041956017177662,0.5052977354729039,0.5577813094253935,0.6454284719909648,0.5157002279640814,0.5206486461106661,0.5816507846608502,0.56275886579025,0.5423866744813608,0.4343330333739574,0.5198388995507505,0.5882881171471331,0.4568084396950353,0.4483826416969129,0.45020281546397967,0.5581401941069422,0.5548508707613125,0.5158530190262904,0.5683918541017691,0.590593642200619,0.5938511154143937,0.5168353752436446,0.4730655421491052,0.5003647073786206,0.6966016740461349,0.5115875706555907,0.6042051980586359,0.4665195730514373,0.5886418250819299,0.5356715129714663,0.46054967642556494,0.5035083571424888,0.5553919450946672,0.4690087613226537,0.5161683882729283,0.49210450485160495,0.49303500513347126,0.49216246253011625,0.5789145105285886,0.4806988332547706,0.4601723568710402,0.5527442467037951,0.47510544951250233,0.5365379889903847,0.5507054007152301,0.5969661467983263,0.5202311572273269,0.5784980933261422,0.48818207296453986,0.5607502135630346,0.4751687492095633,0.5755194956775013,0.5131966416138308,0.5928769915114143,0.542054013144316,0.5275392748140354,0.5528334136151694,0.5148454990090141,0.5269649137391845,0.5114667322147721,0.4867398292842197,0.5340832083847677,0.541828488598271,0.49948401320905345,0.5531098529732631,0.5495579562851972,0.5511541185482786,0.6087479920157336,0.5256078868989158,0.4056863117069742,0.4771223636871148,0.5122832681897468,0.6071959332990214,0.5474146635707549,0.4574420903439187,0.6194860466373797,0.5667904696858727,0.6468965086117896,0.5706773460795156,0.49681963022510717,0.5705028758866627,0.42793696330520103,0.5888654889937919,0.5122366153949545,0.5516728200889865,0.4869775238312072,0.6809406660894416,0.5021298938822804,0.5348032005232256,0.5311322264787618,0.6055075257384201,0.5039407276221157,0.530018252468879,0.5349331763735878,0.4156811940501475,0.5691726448955934,0.48420935923408537,0.6673868649039719
0.518027515017597,0.6079378709834142,0.5293817898651054,0.5962031662240292,0.516030420715482,0.5349502109194615,0.5711931125214946,0.5621224425413078,0.5084471164927685,0.5364285215816599,0.5944967226769505,0.0,0.498842569890129,0.487531250556403,0.5040238523259206,0.5294618062262623,0.49386018864552494,0.47876296678582747,0.6480495101423182,0.5005212065736934,0.6353221140263831,0.5400914685863359,0.5949616169963082,0.6204350710846468,0.6887502688902003,0.5656951561215722,0.5024077077205166,0.4753843502009735,0.6076992453905525,0.5067294552752727,0.5777061501075357,0.5128229857393725,0.5759199133643181,0.5627858035549959,0.5275220769468952,0.6255761625258354,0.6323011179764935,0.5582123251756139,0.5555223808269037,0.5699282585834562,0.6092811942119134,0.5216084676372049,0.5220426527747033,0.6096010514801478,0.5856564560232473,0.47873720917606283,0.4806796514172689,0.6399237370323352,0.5928351894405176,0.49091633708509635,0.5601074140716702,0.5512952376555296,0.41897593979372816,0.6589614982616602,0.6521554724659124,0.5513477788518022,0.529987109027281,0.6157261044506472,0.48105034455993134,0.517703327474531,0.5212553511131093,0.45563097398775065,0.4988466684552762,0.48886250415527077,0.441755224831706,0.44536048407651874,0.5268110320410715,0.5099932921099087,0.4395499745043379,0.5643271198140833,0.5208378848667857,0.5032996451101025,0.4937173243975652,0.536438560624818,0.4691699333022588,0.45927078505949753,0.5050338048955669,0.6436888745999676,0.5077027018361508,0.4886152243611497,0.4775871445480133,0.5641443359515323,0.5783299823918269,0.5058495184183036,0.5622085809885543,0.5951770661893621,0.5983337425381942,0.4842115541683465,0.48742954154113377,0.5702179335189502,0.5516752985751056,0.5917933891554192,0.5536940291332709,0.47623618328277034,0.5357887978732567,0.6894351635892826,0.4771037656723083,0.6111866244214836,0.513581394975767,0.4950614314186158,0.5543028262519885,0.5082285508286202,0.5639247946763118,0.6337345184330585,0.5317454189881884,0.49422359781699177,0.47662068795995033,0.5356950724550231,0.5057396156911335,0.6359857492009517,0.6699938327278806,0.5718014464534027,0.5182146333856041,0.4989490855516097,0.49923558625344633,0.5141739287497105,0.49679253231549086,0.5242486836060493,0.5347368382565669,0.5267702694251153,0.4955343244269871,0.5640313515344634,0.5654670623798902,0.5854945323034959,0.5041716188728639,0.6410312284525996,0.45730010698479306,0.5889087595126556,0.6145355070453493,0.4983205239133937,0.4807329361876036,0.4961636357828107,0.5167622970109508,0.5804545566767064,0.5642203565959819,0.40724654186081993,0.5142244454490613,0.5409211513927891,0.586442734829535,0.5932043236937583,0.506965324803205,0.536793009034862,0.5589050044992535,0.565433046301691,0.6440974325381007,0.5115151955486342,0.5854794695347976,0.4567105804835903,0.6134969068716937,0.45183615223493706,0.6100429151736546,0.5040447150107674,0.5073626553693161,0.5107295402359289,0.6975237371810354,0.5756961506913484,0.5571651814685779,0.582432247874861,0.5687097741304421,0.5082340974445373,0.4386845315741668,0.5828341859375601,0.5250476793794556,0.5721854626892914
