0,1,2,3,4,5,6,7,8,9,10,11,12,13,14,15,16,17,18,19,20,21,22,23,24,25,26,27,28,29,30,31,32,33,34,35,36,37,38,39,40,41,42,43,44,45,46,47,48,49,50,51,52,53,54,55,56,57,58,59,60,61,62,63,64,65,66,67,68,69,70,71,72,73,74,75,76,77,78,79,80,81,82,83,84,85,86,87,88,89,90,91,92,93,94,95,96,97,98,99,100,101,102,103,104,105,106,107,108,109,110,111,112,113,114,115,116,117,118,119,120,121,122,123,124,125,126,127,128,129,130,131,132,133,134,135,136,137,138,139,140,141,142,143,144,145,146,147,148,149,150,151,152,153,154,155,156,157,158,159,160,161,162,163
0.0,0.8236797408714056,0.7793302733869905,0.7727283720288943,0.8684422959226605,0.8244939668687458,0.8085252008291391,0.8418993181334403,0.8870022728106377,0.7590485978698178,0.8086272574585697,0.7358945422042159,0.9073567979236623,0.836736889259023,0.8028416606417076,0.8551647206826245,0.8871106599166669,0.9402008632129291,0.788060825262591,0.9477112246164917,0.855927031131912,0.8420975830862981,0.84248527119391,0.7797048173139812,0.8345373601146095,0.7283968186551447,0.8134959591940694,0.8861973711216675,0.7025162970198804,0.855060662811768,0.810652401266005,0.8437963976341788,0.7618774566484404,0.7721784873821071,0.9178606938505597,0.7409520774770081,0.8814804426655936,0.8515746094483928,0.6779733475604761,0.7877837645788387,0.73588213249933,0.8564659553783226,0.8420068778044365,0.7819877146225725,0.8251802229578478,0.8461410834874354,0.861847026561715,0.7452577116189416,0.8705694755687656,0.8783269657607837,0.8719313048347473,0.9124807628198407,0.8241126983584764,0.752996719139814,0.7123828964213704,0.8266062749972701,0.9402260940385697,0.82000605699087,0.8266091685097521,0.8636224112863136,0.8031044190610797,0.7387938905143209,0.8541902459818215,0.7523344005914353,0.8209330733741391,0.7959699551033934,0.7768607709443378,0.8823926739709007,0.852590807069691,0.8982825303255706,0.9163400758538145,0.8327662689518629,0.8078922245775007,0.8716614795236619,0.8585963075527383,0.8341323456908066,0.7847377635473269,0.7930212510512572,0.7756692192959633,0.7202213421009097,0.7675669171460573,0.9272146920909264,0.8557340987321351,0.8043523178830763,0.8443378418070007,0.8786891768871892,0.841571092215427,0.8632484506803544,0.8927884058658323,0.7474792898277935,0.9024287512488453,0.8148708359224194,0.817935308402502,0.8404280810565238,0.8625616516861188,0.7575927162925483,0.7055943600361069,0.7876706475394504,0.7186615721152928,0.8400041490698905,0.7337809409559596,0.726968588480143,0.7109703569928515,0.7120363765567205,0.8690343489494475,0.8817903452132055,0.7638574911494951,0.8589698950068829,0.7998686623790773,0.7887999227723463,0.7721312589800647,0.8030712097582218,0.869965373596405,0.8016767198731185,0.8203347946108934,0.8925953221937352,0.8769427105227133,0.7725146455703968,0.7446306169598416,0.8193075594635219,0.8579233841361085,0.8107651324098682,0.8746353359132776,0.8621866204320358,0.831517672400578,0.7174578201821151,0.7759935959357692,0.76993861189459,0.7214763013965215,0.7939959512467921,0.8467637439042769,0.8402560847912888,0.8096437294526391,0.8187370078644343,0.7360347714427428,0.7743947736482993,0.8420489025654948,0.7853062712995635,0.7732937269402504,0.8234803452377943,0.7617611736927601,0.7890618976664473,0.9321816918635012,0.744645525596711,0.7598896639564423,0.8215853436380913,0.8429710210721902,0.7551281397839041,0.7791815336387791,0.6482983274806929,0.8850353650991848,0.7854268055551133,0.8530347849327442,0.778410313361542,0.7688683195207456,0.8463892267154792,0.8485670372548357,0.820706573883207,0.7668594425794203,0.8188173700780489,0.7435289841191621,0.9141508407000087,0.8455281354889423,0.9024198268215797
0.8236797408714056,0.0,0.932040010053024,0.8343624282722274,0.84298877431726,0.8928455818665073,0.8521186476566025,0.9534533735582041,0.7742049870491928,0.9432910659729081,0.868985222990755,0.9003652163808067,0.9233619688896675,0.8164955591045076,0.8963610411420708,0.9193285653716688,0.8673639116744462,0.8263830884575378,0.8269792082781531,0.8948931894082056,0.9184312675023952,0.9390987817120553,0.8549837862214014,0.8972751001599086,0.9236793224071962,0.7436324180736317,0.8501621961655124,0.8374827279715648,0.9078275040082754,0.7894754375278595,0.9010795991651062,0.8417926740811891,0.8944807705841487,0.8036241962168353,0.8626756066703547,0.848803906052604,0.9151627129862824,0.8533382765197044,0.8606993986083837,0.8366959199161447,0.8855408812658204,0.7830349019518031,0.8136562038388949,0.8643342493500664,0.9318289097818729,0.8423085549225612,0.8393088635450021,0.8654225655441388,0.875725493604236,0.8109522566335753,0.8132907531928139,0.8247984503043095,0.7571421166043957,0.9070497102011792,0.8479023314804616,0.8212550702305693,0.8139382379817857,0.8594744956365112,0.8165459390164896,0.8676535402535224,0.91340525587602,0.6714087023840747,0.7525150250634149,0.7799413889418249,0.683814552337133,0.7018693075285667,0.8065687355914056,0.8515809604854128,0.802906802070937,0.8901348586905713,0.8255367722659818,0.8005748114691177,0.6552087450965496,0.8785602294081188,0.8499389651426287,0.7576741113406311,0.8157346618914506,0.9286329296172,0.7884215676027254,0.6726159949002647,0.7981833116442936,0.7854850603935372,0.9378727408220016,0.8615650499206037,0.6837248960629277,0.9383478788133587,0.7965567783422778,0.7382597949827941,0.873221401666355,0.8176694153776404,0.7699801326264035,0.8166752651170724,0.8772983950760878,0.7387278107617004,0.7481212051037803,0.9499977927535967,0.7469388712585491,0.8608746365942639,0.6327187675579359,0.8290859746233358,0.830316827615819,0.7926802570007354,0.642600700458105,0.9010032052128933,0.747698098879302,0.8841261722301353,0.8182543571384143,0.9180845982196615,0.8712323908918052,0.9318251482423185,0.824597573449971,0.6871945368866649,0.766676396861256,0.7869738141791058,0.7709285846813049,0.8541028740542717,0.8079802955336773,0.8512390701545999,0.8221467200306617,0.7480680734142737,0.8008559028523224,0.8070167778645503,0.762099083960474,0.9104164870371798,0.6960676138390062,0.9335656766683006,0.6731661426207636,0.9223796872649416,0.8959343136339467,0.8523027117605196,0.8277147066978395,0.8222341737062984,0.7673742251252995,0.7404770945640927,0.8820836799513276,0.7532544563915954,0.9188492538007482,0.837171692539528,0.9035546454937329,0.9062327031128975,0.8615562707506208,0.8141953339173508,0.8700490587794429,0.7598958345919629,0.9043982261414153,0.7290634403754231,0.8980862534431081,0.9040741562497786,0.9227921367232348,0.7017208284808972,0.789038053959935,0.8307283750346554,0.8436137164941743,0.9179434376132848,0.9412945075234614,0.9043374724256672,0.876400979512185,0.9364935977205642,0.7965175424012853,0.6904621839276575,0.8258882798398867,0.7770092412824138,0.9403737095630991,0.783053093500872
0.7793302733869905,0.932040010053024,0.0,0.8077304647633655,0.8535236494238149,0.8758736678402232,0.7979993916531871,0.9133146859063666,0.7314592295421568,0.9692817761067809,0.9004027357289194,0.8680097854902307,0.8889993817428844,0.7957283194207855,0.8168485275554844,0.9381015064332028,0.8871609266450248,0.8112633472454629,0.8165177706500839,0.8554802089523342,0.9416474671026122,0.960035982976331,0.8109705918562748,0.8130531107672859,0.9204883103083082,0.7081646611169672,0.821833311226723,0.826628670699586,0.9161864420275896,0.7628487269995521,0.8078147097845181,0.8521867297846789,0.8148355061835414,0.7354978882488199,0.8162551530160677,0.8537933523419674,0.8578676303565207,0.8468472702235766,0.8100848490375228,0.7847787956693283,0.8198565396407868,0.8037192910632669,0.8255583441610784,0.8268124305717013,0.8663815079761603,0.7581608700500488,0.7898413725967126,0.8802801992186323,0.8457453435171035,0.81179771445673,0.7940157418257646,0.7761722324222547,0.7194286172055424,0.9004331432200314,0.8598755937185923,0.749353791004209,0.7690920450645153,0.8892495420609466,0.8400608677690655,0.7954250219479914,0.8953351554799851,0.6470610906660903,0.7718421973095364,0.8160137854662631,0.665428842586867,0.6734083057244085,0.7563214039745059,0.8185329294208573,0.8780889478198395,0.9016861607477089,0.7715127386921552,0.7471876951196559,0.6920742099053001,0.8780575902908941,0.8708722413720509,0.6742504954634065,0.8163462736682608,0.8746667357896611,0.7024974277590387,0.5909664055185355,0.7861774871710412,0.7451468323296515,0.846091395528201,0.8315499936732144,0.6879648960556899,0.8552116181910877,0.8027880964585052,0.7392346232989836,0.7894608557501067,0.7068613498597999,0.7837923992218863,0.7478930116599112,0.8722959020244255,0.6656758041397218,0.750726122032753,0.9009942685047829,0.7294100454521115,0.8232380413510253,0.6193815103033679,0.758403872191321,0.7478445495728643,0.8324959310717407,0.6584351855870145,0.9098693055973875,0.74063260027391,0.8140763966714593,0.8245851342643001,0.9138592454328812,0.7994438583960034,0.8801666076901946,0.8140243595037727,0.6919376493667405,0.7638759047453815,0.8119246774749681,0.7042492573755362,0.7821952591668874,0.7576818988984447,0.8934354092410506,0.9017467725243047,0.7238275294501973,0.7522882528787607,0.7759814212466655,0.7293161679731118,0.7998108004397199,0.6601591769317312,0.8846806269376877,0.6753592541927168,0.8332986441670979,0.9098310560940644,0.805968684304557,0.8033350188234628,0.8786100822611018,0.70095287786283,0.6850739988127938,0.8804842135498291,0.713555686900932,0.8093345510037401,0.7636014794202982,0.890999634905605,0.834590222362832,0.8216805246506614,0.835753577289234,0.8093205905395939,0.8340925799063429,0.8750622244620424,0.7204671096021166,0.8281317967587225,0.8318615236929455,0.9487824733012528,0.72345744409559,0.7178417002960251,0.7986379491101493,0.8659998980245954,0.8859517005588885,0.9102885928141613,0.8261424733210607,0.8041561169590608,0.8535539936934922,0.7334223576924087,0.6725677712008524,0.8036296805445502,0.711269807188886,0.879873749393993,0.7440842587279364
0.7727283720288943,0.8343624282722274,0.8077304647633655,0.0,0.8311585563260253,0.6969792772161602,0.8939364742846106,0.7995943206677084,0.6545707239809248,0.783015974689064,0.8672589348505378,0.7195839087568308,0.8905475154493628,0.8794027025929494,0.8715276884572237,0.818887271312481,0.8420954990961037,0.846126206127891,0.6853854217370421,0.7725293343751146,0.8186453862229752,0.8579476244874664,0.8917728044595935,0.8848447493289244,0.7617640134493208,0.8967029404954635,0.9114690818958906,0.8533226400585149,0.8150480674862205,0.6604248403182279,0.7210327878867919,0.7278683334348494,0.9305518491860008,0.7661723085755925,0.8348419031205995,0.8141983668446742,0.85586863805692,0.8159421932471453,0.7603526757236395,0.9615359968480218,0.8789033969487183,0.6833756154065,0.7518898085943481,0.8139856060934724,0.8765531826802468,0.8202615213070942,0.7100056556613954,0.7962681936748532,0.891328525083548,0.7959813977061357,0.8528202130423842,0.8133068662823545,0.7301229178265243,0.8903617153726325,0.8278292424990885,0.663758043811989,0.7969792212321374,0.7344655769730676,0.8616689020216606,0.8714968671946066,0.8680026218614437,0.6416089907241009,0.7297607901188876,0.7613003147616906,0.6690982984079366,0.6942566394282865,0.9057850108862102,0.7930142534204601,0.8129631979160269,0.8096310776303789,0.7901142826208276,0.8367690733365862,0.7114119309697335,0.9267425829046507,0.7579242768446577,0.6857375138988925,0.9010653530709488,0.9091986641251699,0.7688686232317341,0.6260681153655533,0.6620981584036626,0.7506880690684808,0.7653072842181358,0.8087110433750201,0.7139825661097239,0.821584272040572,0.7020186436062823,0.766329696982175,0.7808173002365846,0.7118735354351842,0.8237426921087487,0.7068282267504871,0.8360301791116153,0.7225645294954128,0.8561989064685084,0.7637993865464803,0.6399189586267396,0.6972230065299747,0.6305392759585093,0.8643208530596441,0.8301857370775381,0.7397443321016051,0.7118694611090025,0.7212641944000683,0.733589372285273,0.8194453313715746,0.7675220592671163,0.796148706927647,0.8854160316643648,0.7863139807240598,0.8044638192879083,0.7582060882825957,0.7814880688599399,0.7557456514765167,0.8182972074413789,0.8485783520005145,0.6879988707854164,0.7457440266059293,0.807372904237279,0.7563987581016803,0.8565028523215827,0.8341084638788432,0.7108231409926027,0.8404707260006457,0.6545084122394785,0.806721451503158,0.7009599892804687,0.825163985835544,0.7998124525893715,0.8933086927985721,0.6611225084114055,0.7007390639054523,0.8247212584585354,0.7279812555044006,0.7770719118326722,0.6989120818182727,0.7204716578357548,0.9248348607046407,0.9341053070927596,0.7653969149255418,0.8575811063996083,0.7157723248208654,0.8496859442913552,0.7224915616482561,0.8342153289269607,0.7166497186982723,0.7259836105512302,0.7917835440282704,0.7236585925930766,0.6150868700615314,0.7747503777360677,0.7193749519212703,0.8352033579866401,0.8393424887070416,0.7744614107367146,0.8218449005802485,0.896027246929116,0.8182935221295242,0.945175817042373,0.7705040150242588,0.7987822661485771,0.6893633173142841,0.733917648209002,0.8183372121790992
0.8684422959226605,0.84298877431726,0.8535236494238149,0.8311585563260253,0.0,0.7592552431071421,0.8519780236763626,0.8278274623909593,0.8285403687307529,0.8085114090033516,0.9048748705535378,0.7921469322209692,0.8583021637317102,0.8457973113706136,0.8155724421463912,0.8794711044355997,0.883722001749309,0.8806379791175188,0.7620666011813149,0.8696227731144271,0.8728539195617085,0.9298285132463421,0.895949569118038,0.804500349695024,0.8431858576576364,0.7485875044097671,0.894572207344618,0.8630030637832551,0.784124548945409,0.8274601602981804,0.7828190727905138,0.7933503683582267,0.7796848465254363,0.7430140461592586,0.9098574555286152,0.8150973081531836,0.8561399703803324,0.8738813000884524,0.7495671514817027,0.8134366881896544,0.7661892850921923,0.8655630944451054,0.7956149773826177,0.8008578882526699,0.8251251700894822,0.7393721950555242,0.7745724598607888,0.7927458140671129,0.8990787430213789,0.8519825504402231,0.8213290396676015,0.7879181748623265,0.713488227566937,0.8088024116027839,0.7835351018307535,0.7479304665978685,0.8232311517731857,0.8729905504707268,0.835978648561307,0.8178660023609542,0.7755772033210426,0.6466576846035192,0.7462708325517826,0.8363713716069258,0.6979525924721828,0.6424483585809346,0.7780252794621244,0.8099660315099821,0.8976551693886888,0.8920484818538983,0.8050339229872141,0.7981181015134021,0.7802965800958919,0.8712179143576615,0.8238088688754696,0.6617967940455634,0.818761045109422,0.8716996237670458,0.6711420312316547,0.5708354460344901,0.6526778558979677,0.8516235564731394,0.8184408574060003,0.7509240003677478,0.7643294523839319,0.8475798857936881,0.7860244634865505,0.8031693858167261,0.7597695920501067,0.7209480438091658,0.9352884760915576,0.7796066248379719,0.8546755676435256,0.6767980566985039,0.8556365495888844,0.7949609643864219,0.6348657298762328,0.7616662864572183,0.7144041043886229,0.7609096776634353,0.7411279909424159,0.7368912968511449,0.7117821839933349,0.7611997918868958,0.7838393543827845,0.7894354708630784,0.7114083182491949,0.8806507936471146,0.7674014093407853,0.7934480158977981,0.8061103155115925,0.834947196980577,0.7683606162318127,0.8594894437647861,0.7163329360874212,0.841526416707721,0.7184434237905613,0.8396955186422544,0.7925196494786114,0.8147097113384227,0.8888216048487617,0.7804560179569147,0.7714523921656425,0.7827619274013916,0.7563915018319924,0.7443049683562656,0.7246110520693765,0.7972034212708726,0.7681386217151859,0.7933576883237902,0.8070267082173601,0.8056941462287974,0.7485164310783787,0.8142807660579913,0.7881864169936049,0.6950219301947621,0.762578904577702,0.8138388940172534,0.8615066139957608,0.8163781662553388,0.738959394682234,0.8096077344844838,0.882988449372714,0.8363626608509624,0.8217274715682171,0.803642737751053,0.8508346346565906,0.7059178697782893,0.8113608749630404,0.6887653821182873,0.7997981642462066,0.7245654483188052,0.9408691878673637,0.8307438658178768,0.7954917876631177,0.8061304610496374,0.8245182145537118,0.7917233244146601,0.7847465961322125,0.738774147577218,0.6889499638168128,0.7685275237511868,0.8136456180094727,0.9061740724762964
0.8244939668687458,0.8928455818665073,0.8758736678402232,0.6969792772161602,0.7592552431071421,0.0,0.725062756621364,0.9142765491538838,0.8044247591298922,0.8900846476927319,0.7977753633819664,0.8768946067463383,0.8519561322380145,0.7347411013361388,0.7382383746273009,0.9023690347897584,0.8425698988593403,0.759751266033361,0.8833855795295094,0.8916492097406771,0.8951285526920382,0.8371293963638213,0.7363856657867031,0.7291929079519032,0.9228331025038187,0.6285420652589124,0.719370559005278,0.7980617581606175,0.8070344033144865,0.8318710168345443,0.8727213410766455,0.915236947312905,0.7311284240040155,0.775741691898456,0.8067437460948852,0.786573897587163,0.8421689998881383,0.804959859076096,0.7634051890678443,0.6776719639521968,0.7288337445043068,0.8277875554609865,0.8111651004409784,0.8018833567258448,0.8182286708111206,0.7560293105332132,0.8343461417741168,0.814944231825669,0.7798804964776898,0.7865487261579364,0.7725165641991896,0.8050341910066232,0.741412722937499,0.7998347407297196,0.7779875235787493,0.8477688463314311,0.7979787998121848,0.8992986871279824,0.7442669780695247,0.7809069003857133,0.8597657210649469,0.7198994476178255,0.7979773274207834,0.747016131567767,0.6911661827516238,0.7181388483890799,0.6892772136555468,0.8003387172737019,0.7750753671817256,0.8734786535491442,0.7855932424756853,0.7182434700741432,0.6919803378524132,0.7940169662953319,0.8808785522049298,0.7745315737154664,0.7403017108877595,0.7839626237521226,0.715887272803674,0.7166008489194187,0.8653657467471513,0.7722319032446293,0.8649398331542549,0.8221171270593225,0.7311766354833897,0.8445078259271368,0.8941359830017173,0.7360616039968704,0.8614449554595325,0.735823589397225,0.7380401966210959,0.8216351598931774,0.8158923433854353,0.7384762337525551,0.6949588810787029,0.8807299705299226,0.8006285278600667,0.8946034164722109,0.656327912279082,0.7522785621829726,0.7244549622517374,0.8073512550571866,0.6413675770558219,0.8584977962325169,0.7814948742814201,0.8194256844285741,0.8214803965094317,0.8811739668307105,0.7334775635904007,0.8573493870446788,0.7940620721691904,0.6659110576484931,0.8007645784075367,0.7897423696095082,0.7052160230824167,0.7664061743632937,0.8802193621301623,0.8335896432446736,0.8140594713480791,0.7374432167875494,0.6964876231218694,0.7758090363546581,0.8083596225381261,0.8159415456191957,0.7235470788434201,0.8317115020275118,0.7012367157780323,0.808015428947878,0.846486183995263,0.7091933022595538,0.8820070753217232,0.916537432627234,0.7130111838817506,0.7222434817937469,0.8096794951648391,0.7150526209708653,0.8742513066648919,0.6749582420960268,0.735307571145511,0.8439554929539896,0.7557313372209509,0.8640367208290767,0.81186281329519,0.7799704169647977,0.8107650113820215,0.726349982171365,0.850772062679413,0.8082909874225187,0.9280953439750671,0.7514611780317209,0.770059366994462,0.8319747087351009,0.7822817262166463,0.7812270335540075,0.8873723612430312,0.807746847528942,0.7544552181728089,0.8515804690823824,0.6536988156036236,0.7001790091203289,0.7404561982632532,0.8320392940002774,0.9291857442299832,0.7178198000109389
0.8085252008291391,0.8521186476566025,0.7979993916531871,0.8939364742846106,0.8519780236763626,0.725062756621364,0.0,0.8128194729527921,0.7026196258128279,0.8214393972974223,0.8072694794492515,0.7906972848948053,0.8811279487076014,0.8082954324916988,0.907862858425527,0.8027242040713036,0.7919650061135289,0.8205502496084951,0.7155195550293322,0.7962444637321552,0.8427276926807773,0.8460676826911999,0.939599259937445,0.9234102339871908,0.8375353884928688,0.8608259340210342,0.855130582369562,0.7969950371051437,0.77035542871247,0.7074854115930758,0.8160635867461643,0.7824386118481974,0.8650687304137601,0.864381855126287,0.834688191780695,0.787182596839921,0.9246498720447128,0.7353264094637421,0.7781427491882223,0.9116169355023972,0.7958406161740041,0.7409675246659571,0.8000855847601767,0.840721271369429,0.9204583940933547,0.8538111185094618,0.809828094759916,0.8064000032549831,0.9536425606616835,0.785438510088983,0.8776944783545131,0.7901305014268845,0.6869629104919729,0.8554590657244318,0.8077165902682031,0.7595645427925098,0.7870753453639757,0.7333309211372672,0.8762457602376792,0.8499318984207109,0.8140399934854607,0.6420921804673093,0.679816073161045,0.7382908370179615,0.7016155491204837,0.7051805295518848,0.9253843246853386,0.8839616382435925,0.7669135012384051,0.7913426354637171,0.8390167017619382,0.8005441571647126,0.6902733686573581,0.91610023669076,0.699420760545932,0.7444593299772789,0.9142154527665974,0.9421691818581995,0.7331919403229261,0.6256953277704427,0.6503400068219237,0.8238955047239748,0.8322516903326996,0.7086559701607328,0.7025846850965795,0.8100301455069945,0.7369562395654184,0.8154363721075161,0.8213259153107716,0.7909022142397221,0.8005397589520852,0.8313662567454377,0.8090985880677664,0.7252664256011464,0.7968294771175818,0.8270881099386765,0.6296139114971571,0.7844696495785366,0.6332622289194827,0.8928129622157384,0.8023551271332378,0.7898022872688337,0.7767036706504038,0.7665071240669178,0.7050421526869735,0.8541461149231976,0.7664742417643527,0.8082517724619342,0.8876100792939323,0.8785918663369584,0.8894980214304025,0.7447152194476131,0.7915105977421703,0.7002311909196614,0.7445699602920003,0.8158857608320799,0.7154840502028468,0.8021365115008859,0.7712468247947944,0.7089646378954996,0.8111965544128494,0.7560546915070443,0.7348325677976295,0.9018436326088689,0.6517225843995516,0.8090278584145474,0.7054926233520946,0.8828858342037144,0.7708306509855767,0.8502671972896622,0.694593397643091,0.6779904033937969,0.7397682071795026,0.6830893290202174,0.7954427067258582,0.6961153062101125,0.7868639285293623,0.8932196246801943,0.8844219628590694,0.8171884334308505,0.7898380629817158,0.7204281435835337,0.9084825772013477,0.7010601912571539,0.8478015533735943,0.8398051003657458,0.7913141725519578,0.7906177720427287,0.7686133426428793,0.5709699284644516,0.8168005936962657,0.692202262939046,0.7914757431591773,0.9169782830588903,0.826221160603894,0.8925621963127771,0.8785305815110529,0.8808652283046015,0.8505311054348254,0.7669860282499023,0.7646479626221806,0.7016753975366686,0.8112322541674383,0.7924917762404913
0.8418993181334403,0.9534533735582041,0.9133146859063666,0.7995943206677084,0.8278274623909593,0.9142765491538838,0.8128194729527921,0.0,0.8242569623169126,0.9109944553889945,0.8433406772975209,0.8994182502390156,0.91734473970642,0.7764287225690842,0.8549215070547392,0.9217512400554727,0.8608789275272437,0.824462291455494,0.8323081568154848,0.8942955132123719,0.9054062632003733,0.9120726967292476,0.8410693536350414,0.8494000355705974,0.9249321872516643,0.724181853667063,0.8400321157945941,0.8402824085509234,0.8316984907471006,0.8405073734631309,0.900138418618203,0.8460544171941562,0.841939941683195,0.8017638068822789,0.8288125670279675,0.8020031939507785,0.9116396566104091,0.8413716978556476,0.8138569431069976,0.7905708519266195,0.8192274061676826,0.8204414947001003,0.8173238642548908,0.8066464267661826,0.9160672890466389,0.8379565079573682,0.8457265599414866,0.8167926718665636,0.842659656660647,0.7946025051189485,0.7987864357494197,0.8252547832463819,0.7321573901136347,0.845890134801638,0.792917764642022,0.8526769442981023,0.8135390721885745,0.8976177985754834,0.771619176754221,0.8407998135209989,0.895255157546235,0.6742637699138722,0.7673900908197149,0.739349615948784,0.6727465406547942,0.7022339724490841,0.7782896491641927,0.8573296659421905,0.8015644633974245,0.9360990893424638,0.8303210788507099,0.751331591039087,0.660254020685719,0.8636256425277035,0.8645511481363384,0.7479688204991976,0.8017929898538974,0.8825051385150794,0.7905874931120683,0.6563560285704663,0.785520670812966,0.8109175541577471,0.9482994470886256,0.8468962230004032,0.6937070645291364,0.9457630397850127,0.8533020295188689,0.7359051060295249,0.8905183889344295,0.8330038621665227,0.7813496006752945,0.8141080328488137,0.8306541462462946,0.7229039189517645,0.723986368952347,0.9225821374882761,0.7392176756816012,0.8711313809270739,0.6186368797295112,0.8157957988306495,0.7615970329495902,0.8147677375496553,0.6428490443815597,0.8769199787201686,0.7530768602652703,0.9018271713398551,0.8090056340812145,0.9304916204393606,0.8261843729476847,0.8983139737365379,0.7966602348046916,0.6802584693165175,0.7671695633650797,0.8069297987308677,0.7519067717083582,0.8655167620531744,0.8109227373763174,0.8252895619682754,0.7838679191487379,0.7558330874397642,0.7634082095345508,0.8537572502213077,0.7568550980983646,0.8898053499577142,0.671063715227539,0.8787222406721384,0.678468812208296,0.911961916294874,0.8423378540599926,0.8012243592219899,0.8752036096674553,0.855644490639701,0.7650103047239634,0.7372982460754887,0.8350014235798484,0.7041843441592625,0.9185298721288159,0.7811960999558637,0.8552470560385226,0.9077185389941662,0.8084448754269461,0.7950164748866038,0.8597933832179656,0.7426270075561994,0.8471544213336751,0.7454250495198188,0.9196255943715027,0.871775759302649,0.9080176994144866,0.6926334762327636,0.7986319266771157,0.7915134839508507,0.8317203674357936,0.890827316266781,0.9378183998652728,0.9057798721693261,0.8529800647079352,0.9460102174616425,0.7354590320098624,0.6865661541294091,0.7787509167283567,0.7696731343188664,0.9468231517806781,0.7838159220022428
0.8870022728106377,0.7742049870491928,0.7314592295421568,0.6545707239809248,0.8285403687307529,0.8044247591298922,0.7026196258128279,0.8242569623169126,0.0,0.7092130271550381,0.7319384487374854,0.7509741023448306,0.7776843960697493,0.7083179318944769,0.7057642221422098,0.7841296928555795,0.7745671628860877,0.7960499290403515,0.7395140545656167,0.8465038780797299,0.7556484693887953,0.78972768352224,0.7566037834905879,0.6943264904511177,0.7882846883678479,0.6152860434047438,0.758680891345886,0.7752499471584816,0.636929661018751,0.938741172283816,0.7881014452709368,0.7431904802758005,0.6597837344856234,0.6880546999091837,0.7995582663373112,0.6549405954270814,0.7820402390648856,0.7755880341530482,0.6380233359909759,0.6608423366271773,0.6401756581099712,0.9186020859035642,0.6996586199131445,0.6656632614067651,0.7282981793041963,0.7038334562610821,0.7953507790699625,0.648229447418707,0.7339096015486999,0.732990596616957,0.6949911183360964,0.7619611965372695,0.6833658358058997,0.6425028831781674,0.6119329824689791,0.8822150214211791,0.7760362473305119,0.8410048102325066,0.6585430104769076,0.7245538758476188,0.6827036048172105,0.6455898124074351,0.7085823781248586,0.6716281009418653,0.6656209815499157,0.6251010292870379,0.658257024487852,0.7752844729251271,0.7439881951705168,0.8572130755370007,0.7833509243355309,0.6751320134496687,0.701816433204048,0.7200126186054125,0.7970509539638975,0.6881416472800802,0.654779193603219,0.72031098535748,0.6538599040051907,0.6187224084393548,0.6687584478532932,0.8604956443466342,0.8609621919866834,0.7011926561391313,0.7084445676051724,0.8502485114900558,0.8081202647259571,0.6993729898675172,0.7756486399301912,0.793739253118479,0.8144694237874891,0.7803552893884115,0.6966754912788039,0.6713791701292594,0.7106682888137255,0.7422300606042791,0.6246540125671166,0.7749770703817048,0.6733365355694809,0.6958418604948382,0.6247971318133587,0.6370374291588473,0.5962502298858214,0.6866520576979169,0.7373197833699885,0.7730691044989418,0.6273568137862292,0.8431088880780125,0.6618041962476223,0.7332311847241563,0.6692189843381039,0.6979264669285378,0.7184207261765403,0.7982601560337299,0.6621909483494408,0.8383962142015893,0.7563785503058894,0.6983674061285157,0.6344027478191675,0.7982946127166128,0.7456662622839738,0.7343115622352009,0.7719977590678878,0.7459774726189036,0.7566145126384191,0.6455856681679049,0.6809876637836175,0.7328069520383853,0.6394237550354864,0.656128410591267,0.9442049177227012,0.804613928841721,0.7074606015183658,0.8238529415759084,0.6636010977591721,0.6369071620704184,0.8121695389840137,0.6626115991730699,0.6776891924987759,0.770357970852626,0.6313750293330294,0.7312191188179926,0.8179177618670975,0.6899556030011476,0.6761905348358799,0.7532275179422245,0.9041920416223173,0.6636838115079876,0.7484148332128765,0.6620776039543576,0.7666537929866799,0.6810584239591136,0.7850780016783209,0.7261874506495727,0.7392985709843668,0.7703795135361202,0.7422348437996307,0.7820744421655548,0.6328622425091374,0.6585416088620325,0.6101323670211916,0.8226695451789101,0.8305775950142007,0.8481640696820816
0.7590485978698178,0.9432910659729081,0.9692817761067809,0.783015974689064,0.8085114090033516,0.8900846476927319,0.8214393972974223,0.9109944553889945,0.7092130271550381,0.0,0.8616004273460566,0.9135023679598604,0.8739948877190514,0.7525724743593935,0.8270959727301913,0.9173031511107816,0.8456419925208816,0.7732219344407547,0.8439870481173658,0.8379858014691242,0.9276304988819591,0.9171631494759258,0.8175191328558102,0.8293894517435514,0.9525341221342217,0.6893664925237465,0.7902043561654833,0.80080967122912,0.9218100870656847,0.7608171422270136,0.8493215081688837,0.8713233408433161,0.8100963771720632,0.7787872531718127,0.7870335287329064,0.8310326809119659,0.8717983527059658,0.78963734901873,0.8404362556727529,0.7702675984007744,0.8049451179860289,0.7769964153746114,0.8279118220027276,0.8381454624074713,0.8773087123270656,0.7734470255680471,0.802634045809483,0.8867858751101748,0.8571400701232896,0.7739379359637694,0.7897380868757085,0.7488582106605401,0.7005169969616947,0.8974488977421547,0.8711235748381314,0.7658150100169111,0.7526439436837885,0.8629870086014572,0.8233781869192369,0.7868110239406915,0.8898896586510119,0.6367265747219883,0.7311240414892483,0.7707857932593232,0.654975042333931,0.6759755457135956,0.7522520533671724,0.8198265646947863,0.8111496034561776,0.8663242453920793,0.75488018449568,0.7279840285014725,0.6445602175151821,0.8571864599382925,0.8237487451223272,0.710725257858209,0.8193681551065817,0.8871975860059701,0.7045635216621453,0.6201501221742434,0.7913749603233,0.7222558121839824,0.8674965309855104,0.7961403566153635,0.6587564156652418,0.8313279082036079,0.7957249100328908,0.7291707530457094,0.8153773096875546,0.7252304144625651,0.7309281771368887,0.7740175980288505,0.8620931378470222,0.6772736279198754,0.6991415816533587,0.937855153497023,0.7244294503838089,0.8475485827428229,0.5932339546803892,0.765368409486616,0.7591131886494823,0.858207051360356,0.6560496421540153,0.9471261016252025,0.7043293305996525,0.8138980061148186,0.835435150848342,0.8976151880553886,0.8074212057990373,0.92143600013218,0.8458840487382108,0.6496292233479449,0.7438831903108274,0.7653396182233536,0.6870364744287918,0.7553462583632061,0.7780693282104602,0.9149704368140843,0.8729083466277953,0.6797060994287064,0.710506600378193,0.7419523836907339,0.7120910478733506,0.8358527396108713,0.6327616776091787,0.9285543852963384,0.6475331196898113,0.857145737642921,0.9122811953898052,0.7854511171797812,0.7884362883065256,0.8278174721504803,0.6838208153486346,0.6436346771982889,0.8835163503617086,0.7054754664229599,0.8463900040236653,0.7504136453857153,0.8669494514577709,0.8650727786949394,0.8193834864599852,0.8165322026241107,0.8010239694028055,0.7792125065459081,0.8823263577809431,0.7188496275371921,0.8186262946628267,0.8691815802834478,0.9667200852746519,0.6920968648845401,0.7221916746243782,0.8094085397495503,0.8148151361869703,0.8961312987463653,0.9482553258799499,0.8419834813619934,0.8062483325118586,0.8857849094958988,0.7177253565038566,0.671741463537442,0.8074286023816108,0.7071340892784188,0.9004636591351559,0.7044999788340414
0.8086272574585697,0.868985222990755,0.9004027357289194,0.8672589348505378,0.9048748705535378,0.7977753633819664,0.8072694794492515,0.8433406772975209,0.7319384487374854,0.8616004273460566,0.0,0.817730390552954,0.8825885539907421,0.8471591084252545,0.7914301955852275,0.9449034776496074,0.9250283931380983,0.8419583737297454,0.8155288469218623,0.8654143178683285,0.898101676698408,0.9394313545003138,0.8640851982695317,0.8078106568068407,0.8665921594512374,0.734531218841029,0.8899477698862879,0.9164085151526189,0.8961926022064973,0.7775006417882332,0.7618861822155542,0.8199949539318564,0.8016306562203516,0.7471113415873091,0.8764619029418925,0.8431443205241942,0.8595895595846641,0.9068039229401345,0.8163629463002554,0.8150010502200329,0.8012400696274941,0.7902185908029464,0.7888649613719692,0.833458887721239,0.8238765034496796,0.7202212388123145,0.6923153579717448,0.879132904054548,0.8949464504121676,0.8200273079067845,0.8078260921504766,0.7586148224623324,0.7167717271323139,0.8821425052741212,0.8788631092324495,0.6821132441266247,0.8211958574143711,0.8933567297441463,0.8327228906631916,0.8152766571333679,0.8821376386131041,0.6267975680762412,0.7638525586249729,0.8362208031810481,0.653407890551517,0.6484300181147787,0.7725887690403962,0.7524690978140194,0.8914698425642167,0.9117425865522567,0.742038768340645,0.7955397753775665,0.7543713187877208,0.8837196362857209,0.8790160859862289,0.6619701122837258,0.8643669455657718,0.8776020684395582,0.6842901703083469,0.6287918103345336,0.701461323951041,0.7356776593149258,0.7874198395164609,0.834278166242962,0.745594789245051,0.8253759336431853,0.8177143409987035,0.7521698288549248,0.7583482588554146,0.6730147185616548,0.8543899694717108,0.699401703913895,0.9054551793811835,0.696701459416966,0.8202415685553018,0.8116929991434035,0.6701564812409878,0.7283911421046158,0.662130072768714,0.7405856628112562,0.8028980223643434,0.7919965282870518,0.6574100040366825,0.7873135476226453,0.764886511060757,0.7576072380152669,0.763129504521488,0.891159838095732,0.7602028886303736,0.8153807928647666,0.834510184220927,0.7709704751038596,0.7730336823877249,0.9059289509124482,0.7274311249737426,0.8082868135815455,0.731745825823531,0.8868278816294987,0.8710210618842257,0.7764434770056311,0.8446075707562981,0.7848664417755461,0.7611937783493695,0.7843161352033741,0.7346268409452669,0.828013432005979,0.6757193793769569,0.7926435196023636,0.8566894263289415,0.7915800982741764,0.7616117539546159,0.8412581507402795,0.8236359839997397,0.7836108911701261,0.8568924863995809,0.6983393705796612,0.7573643223038075,0.7925517276610516,0.8985566559401087,0.8237518867450382,0.7997529137162901,0.8445188766045713,0.8126333139429955,0.8429242724742656,0.8840771504095102,0.6978543909784636,0.7727861118893413,0.7516331746018992,0.8470585500285195,0.7458890714431726,0.7915653567089099,0.7859748916465537,0.9567296248432825,0.7886864180748921,0.8265751832497807,0.7984130268277053,0.8733038613984841,0.7921847174738532,0.8143672693395665,0.7584780031786206,0.7231575486795075,0.7626646964337411,0.779044668535907,0.8627164501082998
0.7358945422042159,0.9003652163808067,0.8680097854902307,0.7195839087568308,0.7921469322209692,0.8768946067463383,0.7906972848948053,0.8994182502390156,0.7509741023448306,0.9135023679598604,0.817730390552954,0.0,0.7909967057414924,0.674409715345846,0.7849471149719986,0.8663866739517093,0.7705943117168045,0.695208819405589,0.8779105664584055,0.8201944108613919,0.8797711254015951,0.8489970532439058,0.802288304979087,0.8065256249245903,0.9460588664398591,0.6450932970379346,0.7475100008568538,0.7531229327377402,0.8399964336272797,0.8084009819157354,0.9154614665117098,0.8302694820321869,0.7445240078386449,0.8286609878038469,0.7666957410908668,0.7870370489722363,0.8519024214084877,0.7437337079629038,0.8896601481180316,0.6955213390928525,0.7392081587454306,0.7883338315580186,0.7722769152277196,0.8201505446913835,0.8429325184103044,0.7155966534631647,0.7609711288617035,0.8453010110028263,0.8172838244258246,0.71330247597353,0.7285795206989071,0.6946642851659904,0.6253156171375447,0.8247379793294201,0.8185709781980348,0.7958008271067853,0.719631285923225,0.885660276943896,0.7111514904401482,0.7374863224455506,0.807548149556938,0.5995839727553791,0.6556979038258061,0.7204012956886509,0.6051350215666975,0.6106685607127714,0.7028486899451938,0.7520045236297378,0.7079274931729364,0.829500524598609,0.7111517245367456,0.6698641100841942,0.6042119920676433,0.7674584493990356,0.7608001486070285,0.6790676517535658,0.7658440373132129,0.8530799429049708,0.6699501432930209,0.615201621363112,0.7007082411799497,0.7270469790507145,0.8686268872532017,0.7161926248386822,0.6383406202429222,0.8137517882598542,0.8281170678027704,0.6715249246177838,0.7760256622894238,0.7803722130896666,0.6950253683552489,0.8139645259938719,0.7977015345036045,0.6461836587119597,0.6312526657851381,0.9408217681741796,0.6903621051695089,0.8751797517672933,0.5966391044630766,0.7073704173166893,0.7371605134061096,0.8296454170609284,0.6345494761122203,0.9204337867081027,0.6618613343062563,0.7636930157181192,0.7494604501966058,0.8724718678265254,0.7203763161934985,0.9142407803168278,0.859442708706802,0.6412773415035491,0.682648715262918,0.7536462923500575,0.6260525361625884,0.7251785829887716,0.7412560973477833,0.8853497594789171,0.7686032948729768,0.6622193220015236,0.6857630258250559,0.7119516776861213,0.7120854773881299,0.8126771239287611,0.6356552357411851,0.8809102044400022,0.6071791548004888,0.8750681419857179,0.8420848124296424,0.6915096202187696,0.8044513094214174,0.7760202734667709,0.6697601548566248,0.6814053319474709,0.8700562014317675,0.6403535037055754,0.8669839265208427,0.6994383238746484,0.7893358854389019,0.8985944321653447,0.7171999877917821,0.789232616921152,0.7719761497907692,0.7382080340032282,0.8646731048691252,0.7191712986249142,0.8706411052177772,0.7769775205604336,0.9318926453184113,0.6952982935055949,0.7676913755682607,0.7398610941431983,0.78678649407718,0.8298149786718824,0.9601778372069556,0.8322873270593807,0.7706236047542117,0.8744098355463688,0.6591352997379389,0.6350720350782001,0.669727963034036,0.7125024738102115,0.9020949877987271,0.7103500079273407
