0,1,2,3,4,5,6,7,8,9,10,11,12,13,14,15,16,17,18,19,20,21,22,23,24,25,26,27,28,29,30,31,32,33,34,35,36,37,38,39,40,41,42,43,44,45,46,47,48,49,50,51,52,53,54,55,56,57,58,59,60,61,62,63,64,65,66,67,68,69,70,71,72,73,74,75,76,77,78,79,80,81,82,83,84,85,86,87,88,89,90,91,92,93,94,95,96,97,98,99,100,101,102,103,104,105,106,107,108,109,110,111,112,113,114,115,116,117,118,119,120,121,122,123,124,125,126,127,128,129,130,131,132,133,134,135,136,137,138,139,140,141,142,143,144,145,146,147,148,149,150,151,152,153,154,155,156,157,158,159,160,161,162,163
0.0,0.9279110129625816,0.9464099935439315,0.795126052778783,0.8009748358635952,0.938710271906403,0.7744999342503819,0.9069889128337264,0.9291763066189787,0.954706367318302,0.9372740989552465,0.7977851105602347,0.9788237068365585,0.8698410998251057,0.767567591770765,0.9392828943266548,0.9247743127989378,0.9251809125491173,0.9004610771810473,0.964169935614304,0.926065207851601,0.9437996793978481,0.8248394057640651,0.791149379135742,0.9443119562004257,0.7608249727858691,0.8209968825934328,0.9446516220291853,0.9105987526482023,0.8438657510663904,0.7808762651154422,0.9369678809714923,0.7481335831865091,0.7140836958073806,0.9317438160945681,0.7159565289140608,0.8960450516722264,0.8924010683703598,0.6994321741210371,0.9470812940637359,0.7312562027440711,0.9191706725786851,0.8469201322381531,0.7821661079989902,0.8185320590673049,0.7496785380605085,0.7634170826260434,0.8310132180807016,0.9747935995619941,0.8257643315787087,0.8566995440378045,0.8810543729960228,0.8021799891484969,0.8294469044820224,0.8087986695812666,0.8700372759596166,0.9444738681960786,0.863500615011854,0.944051426072355,0.7622156556395768,0.9049191214075152,0.662732751667467,0.9061992878802821,0.7646345422962606,0.807197123636263,0.7639846957381212,0.8023557641059327,0.8671320964927268,0.8556350196438438,0.9514510087455553,0.9076771773684327,0.8165778817872501,0.9231996687588142,0.9652936160606318,0.9281316619281035,0.7828896288523001,0.8804999441734508,0.8059859763061858,0.7239784729149851,0.7589873654302686,0.8660900650887638,0.9042579986573402,0.9015680817287279,0.9160890360054168,0.8819880384044851,0.941129987354935,0.9067839573292016,0.8620782012227959,0.8493725597935868,0.7407102709123871,0.8423995193707122,0.6958020372179085,0.8338516722162044,0.8405338515960391,0.9299854097547102,0.8132313829726933,0.711112667640075,0.7810931849417467,0.7216776360890027,0.8049952741458365,0.7271378539544591,0.7528273819234448,0.6206330576855729,0.7095766363334212,0.8467072227580884,0.8286408207793265,0.7371879747079333,0.9604414320093724,0.7374397664970079,0.8051219452824261,0.7889395060472517,0.8138755609969079,0.9024211173431732,0.8470198495263777,0.821354222018732,0.9460584946083722,0.9129019384454544,0.9351843757495769,0.8912551293923991,0.8346310911430433,0.8602431267566834,0.7444199907449036,0.8848852442351745,0.8268631950671068,0.8979704517725042,0.7856193556240713,0.7435324354124818,0.6901818243892024,0.820278000892002,0.8663377427036814,0.9088128469081587,0.9358772215934045,0.8724778199138445,0.886076447697743,0.8174382127699262,0.8011594193079703,0.8631895114283378,0.8337987451844429,0.9502594046217906,0.8071307298969159,0.7979241810757908,0.846119555276572,0.8898261881126718,0.8096682438600621,0.8286723177671456,0.8427059778982379,0.8755505738472317,0.7440564417677729,0.9752382323101799,0.7343944384119857,0.8765995988395271,0.8704290925102863,0.8338821559484333,0.7297708195227296,0.7961525682505273,0.8213436167330268,0.9289167584984225,0.8408566666059617,0.8577847265447206,0.8984901841994997,0.7836162930901519,0.9305897089425954,0.8641091285190396,0.9533464981312644
0.9279110129625816,0.0,0.8717624035107044,0.8121150612019825,0.7576211133160368,0.9678485804041068,0.8399213908164355,0.9444906547029711,0.8963894357067592,0.9391339887024631,0.8353287963820398,0.8916733767353976,0.9373763822159099,0.8760133848991748,0.8082767815824042,0.8909693450094299,0.8603837246209394,0.8119771353336718,0.87649200700575,0.9122195977333204,0.8898296834730377,0.8484531363337523,0.8191874547646367,0.8088224358050727,0.9100391279905414,0.8231272860780784,0.793836779493387,0.8604690505741077,0.9304746290312824,0.8075976972859955,0.9038716127515478,0.9494883069628388,0.8447084794493575,0.8369997322501914,0.9420381562898595,0.8060894012121251,0.8877291734284644,0.8620784707220958,0.8131625989557956,0.9559943443041221,0.8252246693197433,0.8455176291508654,0.7966180092491043,0.8270707376916794,0.9260103171496268,0.8214302996897989,0.8617914348728362,0.8044379339105531,0.929411973765847,0.8283444021254942,0.8782222445364103,0.9218730683472348,0.8011252046273911,0.8819804501833145,0.8667372963084625,0.9566278009478015,0.8972692568220735,0.8447266041542494,0.8479279566523115,0.8425386210532191,0.8870553803302074,0.7450192388524564,0.8460074517266194,0.7864371979660285,0.7577613182038517,0.750943317143666,0.8369289467673371,0.8339982516696908,0.7494743123680906,0.8477008952126361,0.9142610256078524,0.8580600366608192,0.8501299857765036,0.9149096861739799,0.8625560598703692,0.832956649682466,0.8636676977143799,0.8874728785740171,0.7952451120846147,0.7809061696123837,0.8442244032762017,0.9165942132883049,0.9286783580364429,0.9089254942878061,0.8809357280475832,0.9812690277079535,0.8660627577230189,0.8577582806912054,0.9309392894749331,0.8470691290363065,0.800817844293881,0.8398609561321304,0.8413233718449381,0.8576231777689499,0.8719924320655124,0.8909469375756459,0.7734232994642162,0.9000830874315006,0.7883602413256017,0.9253170947443663,0.8016128902500499,0.7390564818684269,0.6723088063407271,0.750699230570286,0.8639985164675605,0.9035205971901539,0.7901498375638277,0.9066011544382873,0.8346259524027654,0.8168224061277264,0.8283188754258811,0.8269408416338494,0.8841293243841711,0.7954351948425026,0.8742547219081694,0.9457799924290106,0.9325909353673881,0.8186494714261646,0.8583416444759204,0.870176646591255,0.8551546803770794,0.805153385503079,0.8875074210006557,0.8916516359007225,0.8659387665274452,0.8773694583782619,0.8122238704788096,0.8199210298529472,0.9031487673857066,0.8901163101981925,0.8978487071237098,0.861176703020955,0.8483799167748353,0.911777249960929,0.7886907046278364,0.7737298703621854,0.9142013358048208,0.9330023577615728,0.8883630115050112,0.8595330333491837,0.7974369197320678,0.8693253711641186,0.9592282624278287,0.7992319305787785,0.8676119797990051,0.9158024729056111,0.9425983052725263,0.8023489809486353,0.9603599740173316,0.7673148170121945,0.8821893217860577,0.8618899602826696,0.759323067765519,0.8072543947721028,0.8431092702775459,0.80882066632862,0.8443350107777613,0.8999838674850502,0.8660758776563297,0.8895047271400498,0.776055717954584,0.9302954115438018,0.9676262110413983,0.8580496580448674
0.9464099935439315,0.8717624035107044,0.0,0.7926524198522893,0.9152503544132695,0.8647822639811312,0.7841398231946688,0.8910008967847961,0.9407309715663131,0.9303924068445477,0.9400023056537198,0.8072727930102864,0.9086750488340464,0.818029617986718,0.7623433277697956,0.9479104456977154,0.9501617212635769,0.9499766406790445,0.9039559581012306,0.8918821744374602,0.9416406590645897,0.9864899075257527,0.8914323878540176,0.7567121948383829,0.8889838990346454,0.7155572870555554,0.875504154188575,0.9447937764340516,0.8558211177193886,0.9255403317724321,0.714510861316815,0.8838072271721098,0.7173954630553645,0.6540241516443632,0.8559555083001713,0.6995387597528298,0.8099030149814332,0.8817180413113102,0.6776493833262223,0.9315639016643722,0.7208509540796707,0.962042892887846,0.8488862780782398,0.7126637679139642,0.7511497284377663,0.716341759506063,0.7634636777176133,0.748965444016991,0.9570312996146614,0.8425883829134728,0.8583595117357712,0.8413002180273965,0.7871770947074939,0.7915689979228919,0.7640061065878361,0.8003616954735372,0.9255972012112388,0.9268122125335297,0.9063949227069278,0.7469571197552823,0.8039316790383564,0.634505540032711,0.8918397148836401,0.7468340659542998,0.7677492013367204,0.6805115389167209,0.7062605090986444,0.8130964474863209,0.9037271777493586,0.9596019147071679,0.8362188165226238,0.7412734165117469,0.8698881139836976,0.970713091351778,0.9320942230465952,0.6747347217304317,0.8811838308832254,0.8214975121205088,0.6632905972558342,0.6649402299246342,0.7737178063709718,0.9076994900198256,0.894228370706217,0.8242343486714253,0.849597049252939,0.9022961615650053,0.8132791889464883,0.8439451906215694,0.7843463452625421,0.6822587272973837,0.9132918056198988,0.6597257459672828,0.8570075630458126,0.7403063483676112,0.9120937385688349,0.7482556074092772,0.641676078303353,0.7183211047910908,0.6873837470058377,0.7297692594802893,0.6352837938590447,0.7448426081218282,0.6057864827038617,0.6985685890561774,0.8133071628417339,0.8056158402458328,0.7121703699671604,0.952142257143774,0.7148820993110921,0.732380392052563,0.7487008139517285,0.8172051902823728,0.7912911128224795,0.8713621307419571,0.7570493795106396,0.953906204560905,0.8258042442123439,0.9778841837453619,0.8407410665865442,0.8084552508431576,0.870664908323371,0.7378324062420402,0.7793605944678297,0.773016841012418,0.7861725231289569,0.7161482196493637,0.7348075397627678,0.6700828293884767,0.7554598048561604,0.8023313490785158,0.9191699673103674,0.9559700656940686,0.7754279599489576,0.8368422916688892,0.7302865757705596,0.7095377849627696,0.7888180042830872,0.7821790998371831,0.9440102871996205,0.8391697110526672,0.7160220030902293,0.8024636627351778,0.8810719883351172,0.8320832674795269,0.7432153281818933,0.8145455586902132,0.8962803681910811,0.7181943386975811,0.9256708672555578,0.7240049707911365,0.7805626770903709,0.8168685671175034,0.9102271073191393,0.7755010149226398,0.7765577988625018,0.7400844484150877,0.8633620738676706,0.807535436681297,0.7669073099946065,0.8457596167257472,0.707780733310708,0.8222894727366565,0.815945285167716,0.9536816326633644
0.795126052778783,0.8121150612019825,0.7926524198522893,0.0,0.7758438335552094,0.8392428985054292,0.8833390374913276,0.8102777993449675,0.757155411761252,0.8239735328832907,0.809008129847459,0.8610080778791102,0.7537528145709771,0.7322217355308028,0.7935913229295226,0.7550173131155895,0.7762620243452952,0.7481710334319299,0.9093693024538836,0.7154382841383025,0.8500251711291669,0.779500531159516,0.8108203143748023,0.7161850035781965,0.8370708812514852,0.7730576351345197,0.7327439752199291,0.7991233354171154,0.8354248740580421,0.7255481843366698,0.7672726118905183,0.7666547952181031,0.9030293751212316,0.7338844754045175,0.8328483687217223,0.7597830438761397,0.7475772014435853,0.7600074774377693,0.7299318220995766,0.8361615040539757,0.8495107723111106,0.7764717124780455,0.7574131637987234,0.8362867735623258,0.7369858471813308,0.6573495403781487,0.6965174261660542,0.7407546799370597,0.8429913102805063,0.7251912437111623,0.8735127686498798,0.8840678018601692,0.7027050469892788,0.9184000283256136,0.8519954858586891,0.7404878347136041,0.7675401618247223,0.8512358209475299,0.7625648890019042,0.6892915455981091,0.7587991804761083,0.6235000375569765,0.8332395045918646,0.6762973419212535,0.6723963020571241,0.6253002522128288,0.6874361206566129,0.7027907686467809,0.7172747430162699,0.8161400157979299,0.7483018282142255,0.6949529517839096,0.7843136427229299,0.8305543281086349,0.7702804725909684,0.6600957166883777,0.7480350996928505,0.7985319487387855,0.7004206502648141,0.6510965614736788,0.7412338498919718,0.8860461745966572,0.754134356874372,0.7639181429683595,0.8180989275926247,0.795063249911433,0.7699287715668822,0.7684845834361939,0.7392311381724254,0.64965932534242,0.8267315855757656,0.7898783572197929,0.7896445228764081,0.6883818881218013,0.8212705988064914,0.8241422242083919,0.6368026959302878,0.8277888770771087,0.6890563989160445,0.7640761407992306,0.6558036463305493,0.6774980747953565,0.8687828219399781,0.8726062682783615,0.7788329489171194,0.6954985973577331,0.6690289340936818,0.8151437656239064,0.6963664201236427,0.6826608766281408,0.8792916701171529,0.7967747900163178,0.7778272822194647,0.7284677123234015,0.7656702781830197,0.8079540404164458,0.8045774791010015,0.7338493758054038,0.9085734808882654,0.7885294714747174,0.7151587115544563,0.8628577629353025,0.7364650501650428,0.7742033300205836,0.7318834681783298,0.7995886241785345,0.7011931597256846,0.6507454146567428,0.8238560923902762,0.7051117988896308,0.7420671371159193,0.7416034628324071,0.6879959319496447,0.8305380920725716,0.6815412222205326,0.6318471772780883,0.6843344076408374,0.8263766861165234,0.7893447668989313,0.768924659623279,0.8530948584512577,0.7104388955791426,0.8320688331521544,0.7857421188527002,0.7382609585546352,0.8510428403214335,0.7989456083213863,0.6633501261421314,0.8045922701139183,0.6606215897423268,0.8319359114918083,0.832104967562307,0.7217648113508334,0.6427681666527507,0.8898703404859197,0.6725511763847786,0.7050677952830533,0.8041135952804409,0.8881216344541032,0.8001391654771338,0.6983939124914805,0.8073592934812879,0.7984642808520351,0.8117476874410572
0.8009748358635952,0.7576211133160368,0.9152503544132695,0.7758438335552094,0.0,0.7444298154987519,0.7591197200618045,0.785909594428916,0.8556942796856898,0.8134661972312976,0.8598083995263174,0.7790127608391711,0.7567694308302613,0.749295374348425,0.679850783228746,0.8686301578696606,0.8940613379187978,0.8563721651533103,0.8242879472243094,0.7386225526166036,0.8410075794303553,0.8888801176094199,0.9149687111007644,0.6439834245399978,0.761143772408513,0.6578337356530888,0.8892900740545501,0.8639338237729457,0.7853693196279761,0.938761583332339,0.6290631824583863,0.7735341295194299,0.6811246084375556,0.5990192816059069,0.7615655125335261,0.7018313013048982,0.6753895036089264,0.8300768240837557,0.6275836706210259,0.8222003624282406,0.7070132617757521,0.9018932870460113,0.7506168011018459,0.6409975340145397,0.6492068595147293,0.6224807404714836,0.7243106632210337,0.6380525820592852,0.8493687816567425,0.8060552805262854,0.7948143108502688,0.7622306271963823,0.7225810399818585,0.7166438584308693,0.7186738490557867,0.6924932592605207,0.8055464749607435,0.9481380594994607,0.7692506169432635,0.7091353029881513,0.6534832769810248,0.6153509887019164,0.8034792390989498,0.7329101080169377,0.6421951453448804,0.5534831742217599,0.5849742762783279,0.6726164681566213,0.8781650792230413,0.8553253479206243,0.6889495707112294,0.6656033910440879,0.7765759935711316,0.850561959459728,0.8545956532874117,0.5613860663615695,0.7809808858851184,0.8179795178777343,0.5830717514589705,0.5705593121142618,0.6435519946026371,0.8074365147227112,0.7842349731664784,0.7092323517381353,0.791037619901087,0.7911456050106863,0.6792743385857388,0.7806334307293824,0.6860120605829356,0.5926931545934954,0.9570350152090924,0.6361376337889432,0.8522663237508094,0.6102215520032961,0.8354705664121443,0.6650830580782778,0.5501159185748217,0.657536104263561,0.6803237393757813,0.6395792693741851,0.560555036108432,0.640369592468141,0.6187203721229504,0.677302969579796,0.7595395769294273,0.7152168811395411,0.6371558263120801,0.8600150988341558,0.6522688201425154,0.6096053613435325,0.6823843113555084,0.8171554481212365,0.6604059828514813,0.8574718495870801,0.6802185390826202,0.8771051176268362,0.7091263741482945,0.8840925719353002,0.7644658837606202,0.7895321607545763,0.8302793786927656,0.7379938248755781,0.6612019133306258,0.66737900232899,0.6670265781080901,0.6333807223425447,0.7245944759837405,0.6308806528935695,0.696372696748759,0.684149500675005,0.8573337549969394,0.8613108378521092,0.6570120788730531,0.7707147244415955,0.5928238187469853,0.5829185032035771,0.6608823948418457,0.7154314315959286,0.8288541275371714,0.7892727068404766,0.6252728864900055,0.7448610365897099,0.8103712384035243,0.8390343244327281,0.6462214120199103,0.7627743706422386,0.8269884477378622,0.6329036043748061,0.7977718548102488,0.7270355762816293,0.6558586192278641,0.7384977947248591,0.9038849891714994,0.7419572041687132,0.7169651607635964,0.5978606217986993,0.7026693918804163,0.7144427932196179,0.6786858098651254,0.771624455345763,0.5981650916666079,0.7073935722943324,0.7234912955219076,0.8579385831366627
0.938710271906403,0.9678485804041068,0.8647822639811312,0.8392428985054292,0.7444298154987519,0.0,0.8390690439472408,0.9086627733362319,0.8522391562602101,0.9188221851350227,0.8642293330682538,0.8727929719823228,0.948338316409333,0.8543297246703578,0.8114795872866358,0.8829853495378248,0.8456287584204278,0.7991227731596181,0.8868673430344732,0.9047308620525168,0.9176601582099799,0.8445301804195332,0.7702251648367836,0.8357375438087421,0.9338863110894028,0.8706388291733081,0.742362122306805,0.8487395657916768,0.9408858209256878,0.7628691826675468,0.8938445267040197,0.9420650004273573,0.8538013231993203,0.8305471980270508,0.9458884657861039,0.7794474939139552,0.936211125796379,0.8444936392324623,0.8228813617523124,0.9419423268714199,0.815403216848893,0.8289171634210758,0.8269332813613397,0.9028022829451816,0.9007658706124211,0.7907279867299325,0.8115706080209695,0.8896679340241832,0.9309100814474593,0.7947616871889108,0.898239264332137,0.9501659903800895,0.7736386015191401,0.9250907925608345,0.896587146110055,0.93298722368827,0.8941259249260959,0.8292707893894544,0.8471859869615616,0.7879011742432375,0.9366820687784314,0.7168419310130463,0.8805207501764448,0.7511924261659436,0.773733624508811,0.7860821640305424,0.8707867709707529,0.874553724191467,0.7335580194805424,0.8574164203085399,0.9511955891093764,0.8418365790677977,0.8728991975218182,0.9222079267852996,0.8456927696353161,0.8522702082884414,0.8886226981972383,0.8772945761208507,0.8036097108695409,0.8465867869694722,0.9078132395374916,0.9112937578763839,0.9080530810218488,0.928873070905479,0.8872556948234196,0.9439455821357352,0.9256639555191585,0.8327766536764813,0.8903834205525265,0.8231715952995625,0.7856646210688593,0.8093558611488793,0.8202888546664725,0.8843799239123843,0.8777182836387568,0.9197528721769328,0.7810339565206673,0.8931339367959469,0.7628062975860196,0.9034773640670805,0.8208698135580402,0.7712179774079974,0.697442515128239,0.7592120940833744,0.847590806262229,0.8666571029256867,0.7805311446900509,0.8909072916375965,0.7981268778772149,0.8558441549241064,0.8890833997334742,0.8164066572434021,0.9467254751327964,0.7689090936293635,0.8751341759553362,0.9093050885844269,0.9371217188931052,0.8153972305397807,0.9219225869017988,0.8429792004445364,0.8388609304241598,0.8044916889101706,0.926295815126448,0.9224293682536061,0.9078993963885341,0.9123026756761984,0.7701694120920645,0.7813594907693484,0.9099405742363046,0.878397960437214,0.8420954799700835,0.8636510254984079,0.876742695969666,0.9179388606860511,0.8455492223763048,0.818247047623363,0.9053971145600084,0.9224149270442337,0.86571011330789,0.8193242781759165,0.8570036416403212,0.856251218001612,0.9064073066867214,0.7798220304946267,0.9178805218234639,0.8990250955166511,0.9062787713427033,0.789190969809987,0.9459279519301691,0.7342373325883621,0.9445169863290142,0.874498423533252,0.7310335141903191,0.7314854779709404,0.8677735669833246,0.8466628028936849,0.8761832032241612,0.9200301464013324,0.9205372235307885,0.9180521760549988,0.8029299016920538,0.9635151611694172,0.9323486274864513,0.8834448305631579
0.7744999342503819,0.8399213908164355,0.7841398231946688,0.8833390374913276,0.7591197200618045,0.8390690439472408,0.0,0.8194038000482856,0.7542794111365446,0.8671954539728189,0.7373548029866449,0.9393268068737409,0.749386675373332,0.6645051642667402,0.9007648189419631,0.7237802206559335,0.7112356294129959,0.7040616883839991,0.8475839322271065,0.6956306678740253,0.8401215753331488,0.7616453275055372,0.8157563241184344,0.8315716669967222,0.8692964712419353,0.7953772637774376,0.6875242498163402,0.7189102984385561,0.778639532572739,0.7264179518268731,0.8388860263653619,0.7431727884597908,0.8844395764327911,0.769602666877286,0.7662149597262331,0.6874238317928285,0.7916586488268008,0.6804313748168355,0.7603754451659681,0.8451948098108241,0.8079615606747826,0.7729737021034832,0.7574477402578748,0.8305719930715993,0.7809445671333343,0.7183105497072455,0.7909378853006742,0.7414658896228449,0.8404145936171963,0.6606126827927653,0.8260328565688985,0.851626176776581,0.641128071032664,0.8573109997082405,0.762040236944397,0.831019660477622,0.7173096788864299,0.7915253599461202,0.7051406264693478,0.6585337404446804,0.7224742197352825,0.5929992301158444,0.7423835612124963,0.607104211782125,0.6506060309397204,0.6229516414232005,0.7164901392740116,0.791968417819567,0.6428121755101501,0.7693969227958511,0.785944319735511,0.6428391951491441,0.6866931664203423,0.7976345274920341,0.6923956701895823,0.6873596251407683,0.7350267997063,0.8613989967040054,0.7086162397009235,0.6683586798622048,0.742186505940729,0.8828612728649554,0.8665785919670477,0.701439012436274,0.7163952382209583,0.8037156505728603,0.7454498488433912,0.6999856448888482,0.7522536127821805,0.7590675292765634,0.7465832441665284,0.8265074086644013,0.7119004845251579,0.669672026607202,0.7177084750316451,0.9099123842521327,0.6049055038688479,0.872137284771997,0.6264396454569562,0.7794735285618668,0.6372614677722656,0.6826560806918065,0.7996119038055473,0.9169848273217961,0.6836932610666893,0.7517686670078465,0.6481538218558165,0.8046780017056268,0.7519354924171889,0.7704578503562675,0.8871111917236887,0.6955246212008107,0.742329731445772,0.6507835187335026,0.709327873839326,0.7981412391222898,0.7777807474069235,0.7187227621269119,0.8151127636095303,0.7134972300062572,0.6772060219663494,0.7729767405425506,0.7157458658305961,0.8660687968537625,0.6800541934787828,0.844271932427826,0.6437839889720826,0.7169401925842358,0.7669745138399511,0.7036788660408422,0.7400039164058018,0.6966660450393045,0.6450359962203508,0.749648900015573,0.6903325285196723,0.6294172719539378,0.7740841622839565,0.8287695969023042,0.7664094597401316,0.8083440080010461,0.8003847399052221,0.6622037969261308,0.8158848999653796,0.6689617958362054,0.7455449048685714,0.9047876652475116,0.8781218297066609,0.7395124296566885,0.8226655269464408,0.5979811744046386,0.8012852635104519,0.7551045401812682,0.6516929290137295,0.7786260498832064,0.9629979842502929,0.7400486322042285,0.7199438818116602,0.9267334171196923,0.8087066711475738,0.7208512054707977,0.7156217581166111,0.7596356399757127,0.8647896226343087,0.7700030251696002
0.9069889128337264,0.9444906547029711,0.8910008967847961,0.8102777993449675,0.785909594428916,0.9086627733362319,0.8194038000482856,0.0,0.9254513968630957,0.9317916465368615,0.8272212114168832,0.8948077657241073,0.9034927053059507,0.8370503790034767,0.8179159291927619,0.892164696411493,0.863383748639999,0.8403310336046644,0.8894730846609293,0.8840321055446724,0.8773929471638587,0.861851432934142,0.8634758323406653,0.7617692225368571,0.8898001540173986,0.7782710529278506,0.8412349844439586,0.8698112637644703,0.863629560446473,0.8571057025202512,0.8776867728321596,0.921816588037534,0.8206281680552622,0.7887184374679934,0.8906858484080673,0.7926394482647835,0.8385727317053635,0.8658900397997796,0.7905796548184427,0.9191957036528734,0.8037377513891112,0.8558684577561683,0.8361653482137684,0.7550778748370388,0.9040627829612123,0.822882881588329,0.8478901810990935,0.7401410472577102,0.9142111668784125,0.8461341579752253,0.8781988939557678,0.8756399961363874,0.790179944839114,0.8388493813400941,0.8310516209340577,0.89246748015744,0.8908855260180312,0.8859363870208695,0.8328490991384817,0.8366854215813531,0.8439637621884355,0.7263433205613035,0.8499939099499789,0.7697244381540218,0.7452321418059382,0.7162928140196374,0.7717489351587736,0.8046729685239715,0.7899197054010662,0.8914497712900721,0.8735656877402282,0.8074801349115255,0.8183985001353461,0.9211021483726336,0.8759790994734893,0.7633183103466553,0.8643984972866287,0.8529121240318502,0.7862649685497208,0.6879498407836088,0.7741461178465795,0.940122566730298,0.9149244419946018,0.8649993108413899,0.8592372838262008,0.9704137716999702,0.840631422746032,0.8889471393561199,0.9194123312380793,0.800477669822241,0.8349212408502426,0.80888378515854,0.8466785869957979,0.7878503524965177,0.8491796294149812,0.840678544216987,0.7419198285005486,0.8489049458015427,0.7502612557748903,0.8741006456929373,0.7246573520511749,0.8129474193684293,0.6788073277551457,0.7608176785724087,0.8633686269601438,0.8989230361446162,0.7903644733149013,0.9034853541632366,0.8141511404480762,0.7478846099680825,0.7764381164622621,0.8269252140569762,0.8107550597257746,0.8216292465241369,0.8395039184896849,0.9407519248428501,0.879680568923699,0.8502055331537427,0.803903248238203,0.851315157006914,0.8309422180047487,0.8493954611551693,0.8008907544203132,0.8373578034471525,0.7841319292238426,0.821391778200355,0.7998498980891856,0.8080540702596193,0.8427013857706614,0.8651203978965191,0.9149015915588714,0.8663429406021915,0.8013720229609753,0.8648567027100817,0.7383527119458607,0.7068121019649364,0.8638376801089642,0.8817571709923878,0.9104752691468229,0.9324425912988771,0.759466890228658,0.826067268050381,0.9471320348028891,0.8140954088682061,0.7908257873143815,0.9112503834263115,0.951500445658752,0.7855419218843358,0.944425900454041,0.7486343656806793,0.8443128098385907,0.8284947547542268,0.79670516653927,0.834379329901664,0.8347991183884099,0.7786975604006696,0.8042417373816535,0.8636385781917906,0.7956368713061381,0.8453725414853164,0.730394099788919,0.8526530863575488,0.9484564128775865,0.8414085790011272
0.9291763066189787,0.8963894357067592,0.9407309715663131,0.757155411761252,0.8556942796856898,0.8522391562602101,0.7542794111365446,0.9254513968630957,0.0,0.9307736031639197,0.8940221296000795,0.8111174821344387,0.898922595919534,0.86210489119514,0.7151637197399883,0.931814775078981,0.9249362910572054,0.9144242877342702,0.8525364087082862,0.9006881600973723,0.848757622719237,0.9407311139064648,0.9037591667627521,0.7012739397964901,0.8708604486001039,0.6820452731524167,0.9312664446264396,0.9407363728125312,0.8533038071914154,0.94575330915449,0.7452755918581587,0.8927041707962426,0.7031894168396359,0.6786074999592404,0.8801931877419722,0.7305168287751969,0.7927561040032922,0.9024401067081668,0.667850523934491,0.8868074748842139,0.6981827099189138,0.959091071310173,0.7593211512944235,0.6718227704074482,0.7824645086189581,0.7033479275208468,0.7664614781545512,0.697820567228372,0.9258129638666226,0.8399079916887126,0.7913358231642005,0.7923372338594634,0.7774078923083121,0.7430213840310281,0.7512919338537988,0.8440656828778823,0.8840308739714502,0.9152827427694544,0.8640727372590474,0.7842884994988997,0.7847630206871402,0.6667890666179497,0.8184128395076092,0.7986945171472218,0.7060170326328925,0.6418362436690158,0.7119214306313039,0.7630437046783551,0.8925619532547923,0.9370702160981095,0.7958664856808025,0.7744150015722521,0.8710047178694492,0.9087419990323821,0.9328951023615126,0.6778623694296341,0.8307582507499042,0.8051747181487398,0.6484617432788433,0.6394821485335356,0.7180087239065299,0.8832311382341136,0.8830053605719064,0.8301892848302512,0.8415649227412686,0.9312059154989417,0.8101287572582165,0.8610216628643336,0.8229104522702773,0.7263532643952801,0.8913862654615158,0.7004054832164412,0.8423362892477836,0.7201910360334617,0.8942667191864567,0.7499053251211593,0.6462635450305907,0.7448826518510371,0.7405557274222874,0.7544065464862802,0.6613474006606478,0.7005246098686416,0.5915050193344403,0.6809090726262181,0.8351811466293163,0.8025611596194995,0.686084507832543,0.9572349760492966,0.7001040136816895,0.7049710828213176,0.7007945390957238,0.8266633327172961,0.7772240221536112,0.9173091523092847,0.7522002759110504,0.9610378842533468,0.8196068933170139,0.9278624136038559,0.78152807168123,0.8683721909551001,0.8578505233805831,0.7523692525978627,0.7789379763398889,0.7321246140863109,0.7955974074182016,0.6986966138636425,0.7772358500992675,0.7057885308139461,0.7635182830600075,0.7905301635470459,0.9880481478732117,0.913728525455978,0.7971567906545596,0.8641630705069858,0.6977609210441086,0.6658773006656648,0.7912174590515154,0.7801329160599059,0.9323536944894655,0.8316046152805349,0.6822472307300081,0.8398101848149568,0.9113854195027794,0.8545892203575293,0.7333575110243408,0.8380135042123812,0.9026833386828675,0.6874505004855102,0.9333414105622063,0.7763332429107036,0.7625632996481654,0.7939230143719455,0.89880922422471,0.7955063384291872,0.7413219019850633,0.7234425154728229,0.8271555836261859,0.7770178879371575,0.7507313498933808,0.8295976288213774,0.6641321720191241,0.8314164960360185,0.8485271905455416,0.9058239205748616
0.954706367318302,0.9391339887024631,0.9303924068445477,0.8239735328832907,0.8134661972312976,0.9188221851350227,0.8671954539728189,0.9317916465368615,0.9307736031639197,0.0,0.871429089426929,0.8658623082321365,0.9191478033753218,0.8034062175883044,0.848480695452854,0.8803392051982051,0.8685473880997193,0.8952712680515797,0.9125131723613616,0.8864495237044681,0.9065274773618412,0.919843920962941,0.881732646187385,0.815215771928318,0.9628704888738124,0.7480026850133374,0.8198662810944475,0.8921030027581635,0.871943262437454,0.860889626563648,0.8239016352317698,0.8868250612759064,0.795815253559227,0.7264448673573726,0.8849370204034834,0.7026227372811874,0.8701674411028038,0.8296870822981188,0.701396529754138,0.9425334126427919,0.7580946746283727,0.9162063427308986,0.8392460011886681,0.7731944316327326,0.8264084193295405,0.7718048833229086,0.8151918972446343,0.7763371808373922,0.9684502510187647,0.781646926459783,0.852827962248968,0.8735417886321062,0.7663407880611499,0.8240560476020791,0.7754841973490446,0.8974404417934774,0.8782461642786925,0.8684608722269348,0.8873231974503246,0.7413837744362348,0.8340203360718205,0.6379701200073074,0.8546502316049942,0.709930501191954,0.7670770252796322,0.7112732165842206,0.7665662383873203,0.8720925995573204,0.8108257709458327,0.933475509788597,0.8787772661673428,0.7562169414565346,0.8306138847155244,0.9299241771958596,0.8677554540457783,0.762829778589194,0.8201535979595407,0.8343644765728493,0.7244686631565473,0.7048784093807212,0.8234371539518701,0.9379675563066528,0.9539001673258368,0.8397946262750507,0.8165787563578267,0.9369196559621523,0.8483750072677685,0.8360096221206613,0.85783040967723,0.7687578613549864,0.8356658454913389,0.7485190920314028,0.8062798622394137,0.7746936176912055,0.8592381963132852,0.8620181990883338,0.663676478528974,0.8234386969128966,0.6836388484008163,0.8115411773848455,0.6802130520783328,0.7304029245470164,0.6610095957883416,0.7999250120964778,0.7977737856349776,0.832274568028651,0.7053547070038051,0.9555973125777792,0.769218458358344,0.798211121962029,0.7980774383039665,0.7670112299874494,0.8345945793999955,0.7976405658881522,0.7864319647849815,0.9381021987060226,0.8942627157386835,0.8988343327542071,0.8496314950111823,0.806664203637841,0.7949104768397854,0.7630969817422839,0.8118684493737948,0.8540340904067432,0.8076579466472134,0.8063275202264718,0.7123087740676305,0.7075607561733883,0.7951633268023685,0.8320042292849583,0.9104274979163333,0.8600712260925963,0.7789934473125298,0.8349457221475715,0.7588395440409577,0.7336260708266803,0.8699234364818496,0.8430417352539374,0.9293802927085643,0.8591651809421643,0.8055493075361014,0.77853699771064,0.9047971003634712,0.7647380790343954,0.7822599469418001,0.8954021884047306,0.9227313003999834,0.7776585592857927,0.9756455518016272,0.6849057127313045,0.8453384953830309,0.8564116518456167,0.7927093901432658,0.8073375210144077,0.8663144523000211,0.8105457038301398,0.8689816235475316,0.8936544204518633,0.836143748133151,0.8257611456415251,0.7849811342882603,0.8763025254226078,0.913436795400976,0.9031455959771951
0.9372740989552465,0.8353287963820398,0.9400023056537198,0.809008129847459,0.8598083995263174,0.8642293330682538,0.7373548029866449,0.8272212114168832,0.8940221296000795,0.871429089426929,0.0,0.7614080650245307,0.9072282052999373,0.8500879235585455,0.6803247280491841,0.9348645383182629,0.9329704583787315,0.8975447986969473,0.8573363568326674,0.8896152194274016,0.9004618995334188,0.9541922108126302,0.8275280966729582,0.7263819942530513,0.8825168811369694,0.7397204658099519,0.8481206435667562,0.9530098729040594,0.8877570450219462,0.8447625098475341,0.6835735482613643,0.8631763005315166,0.6928829194754257,0.6577279964981279,0.8954046294940537,0.701188425402881,0.8331999839007793,0.8937030767294244,0.6632952302738578,0.891030850949458,0.6812918918520395,0.9395038513950689,0.7705535877406393,0.7467975466705566,0.7249026836436968,0.6297874130788916,0.6657162859106445,0.8092054684404492,0.9410044010311492,0.7933891670721108,0.8045914812072489,0.8180053294616615,0.7295071671790562,0.7950063435701212,0.7963679497279468,0.7746673127917473,0.8842039242662946,0.894338109441815,0.8833887489263647,0.7049421347115797,0.8356157329658748,0.6162833464126535,0.8670053348053076,0.7725855741802402,0.7065318255095607,0.6580975384616906,0.7441063051681885,0.7760579999941739,0.8877677893028597,0.9464547850047366,0.8048752710073205,0.7566420985058966,0.9547841790335428,0.9299530638286104,0.9169082244521495,0.6589128667413666,0.8836355964822556,0.790676802716662,0.6258532601326756,0.7021047309405672,0.768187126459573,0.84331039915046,0.8074275588552559,0.8549997475348946,0.8743539663783986,0.859583242263736,0.876551696352995,0.8009433471729915,0.7297244932283167,0.6636691902977857,0.8884298414086169,0.6346960949578199,0.8209172392492691,0.7343421673167305,0.9451921166671956,0.7433933415988943,0.6298404259226644,0.7100505169486743,0.7164135217948459,0.7050128897043483,0.6773807116249349,0.7045740150763309,0.6117519696100607,0.6606825655032383,0.8088871117175774,0.7265611620597425,0.6574133457595438,0.9420634905825811,0.6340884890780447,0.7382868668394792,0.7743239565458132,0.8457092007098773,0.8539567519995731,0.893986673061388,0.7408723936464182,0.9066422253512639,0.7984487045543791,0.934138020864341,0.9017355668228784,0.8376582026511422,0.8665580767035491,0.7242229619222518,0.8401397363523578,0.7281066931370792,0.8670430137032847,0.7030548294657376,0.7217320729460283,0.6346096059356109,0.7762846817640393,0.7580406975984758,0.8697608972561565,0.9323427842222238,0.8452874193943642,0.8931664699228227,0.7722423275923338,0.7045061759072981,0.739622748144998,0.7650682152325529,0.926132354137444,0.7268254679412645,0.7296061979028811,0.8339522325527196,0.8242720500296415,0.8518273698387131,0.7942852024846644,0.7911943363300309,0.8154832848514816,0.6287739484756372,0.8907543378309748,0.747917108748196,0.8201945753455019,0.7923007811665622,0.8841035505572395,0.6576895578834319,0.7437791390177165,0.7383768226002934,0.8860767623132815,0.7650433350022088,0.8299626983545451,0.8841017599072761,0.6681889587712978,0.8672762806552683,0.756057878314594,0.9909237308946631
0.7977851105602347,0.8916733767353976,0.8072727930102864,0.8610080778791102,0.7790127608391711,0.8727929719823228,0.9393268068737409,0.8948077657241073,0.8111174821344387,0.8658623082321365,0.7614080650245307,0.0,0.788702726385232,0.7295286582650391,0.8358892272621066,0.7885233660679769,0.7603909160441741,0.7098760207833242,0.8549197674892708,0.7497938751499149,0.8555582816128862,0.7747761776667367,0.8505824047021299,0.8026147922914663,0.8636378037098821,0.8362979365117472,0.7479867986761157,0.7586691620890141,0.8184338092706895,0.7770051800568532,0.890653222430052,0.8100234299302055,0.8752292961793435,0.8522205666468814,0.8215189554389514,0.7763583680812622,0.807193973261015,0.7489943270402649,0.8427821309683943,0.8676615323925599,0.8327451455712118,0.7995937571543584,0.7529112202885295,0.817372674605949,0.8636315767934826,0.7477085804551536,0.8338956631042406,0.7395272987706378,0.8582059688956444,0.7276442316012421,0.8417034411008948,0.8726458350755009,0.6679599865334148,0.865731537285832,0.8194218928822904,0.8829858553083144,0.7630509672729521,0.8492564965612123,0.7029876075583127,0.7452259581591637,0.7517336535213122,0.6656416970282032,0.7548004723101865,0.6892557229825056,0.6370806753119638,0.6263861220155801,0.7454535484003856,0.7613139402101269,0.6685421959020761,0.7831530076782376,0.8023076833208127,0.7060415240580805,0.7307264190067176,0.8263889033226941,0.7422629739266301,0.6963774188531708,0.7968084457580881,0.9175788403916665,0.742690796244628,0.6788838510807907,0.72180145466186,0.8996997536201059,0.8795905458587581,0.7539279301581153,0.7870245926471756,0.8791410160572373,0.7791897298847329,0.7473819859475763,0.8129301030316634,0.8195830583739808,0.784324643477916,0.8830647528364433,0.7652730593987818,0.696853763243676,0.7529923053296143,0.9030184474824824,0.6565872767124509,0.9221932310199744,0.7107005320489339,0.8385918056296225,0.6918157131435914,0.7252949852805038,0.7761621087524693,0.8460402928997185,0.7519216640572739,0.8259376500559727,0.7049446575289222,0.8406405126987245,0.7756734632034549,0.7642065914074387,0.8749148456267154,0.7801986656011736,0.7607512740814399,0.7159830022811713,0.7569367106155894,0.8590827500873164,0.7982079212941547,0.7395411044358186,0.8109342716877489,0.7927255874147013,0.7506734176981706,0.829897404407574,0.762596952085327,0.8537923707283003,0.7127801952435013,0.8510898239786282,0.7327349068399025,0.8193334888785614,0.8356634678126166,0.7364538411296074,0.8066962092608448,0.7488365129500244,0.700624541079901,0.8238117246164505,0.7028098407312552,0.6241103183125639,0.8111867057527029,0.8760700786623943,0.806088346971912,0.8638136501321974,0.7430482895004644,0.7437950054279178,0.8823897084747758,0.7373783295103786,0.7912149913617967,0.960816031963156,0.9461919439615243,0.7295136851212795,0.8633277050039948,0.6857716427143844,0.8218316208930507,0.7475530628045567,0.6986946058932751,0.8234230984294714,0.9294890685052172,0.7366667003857376,0.7252967233172657,0.9197153180276431,0.7912858325127753,0.7704930893725614,0.667227519459438,0.7905462146849264,0.9196447221866065,0.7872064053641761
