0,1,2,3,4,5,6,7,8,9,10,11,12,13,14,15,16,17,18,19,20,21,22,23,24,25,26,27,28,29,30,31,32,33,34,35,36,37,38,39,40,41,42,43,44,45,46,47,48,49,50,51,52,53,54,55,56,57,58,59,60,61,62,63,64,65,66,67,68,69,70,71,72,73,74,75,76,77,78,79,80,81,82,83,84,85,86,87,88,89,90,91,92,93,94,95,96,97,98,99,100,101,102,103,104,105,106,107,108,109,110,111,112,113,114,115,116,117,118,119,120,121,122,123,124,125,126,127,128,129,130,131,132,133,134,135,136,137,138,139,140,141,142,143,144,145,146,147,148,149,150,151,152,153,154,155,156,157,158,159,160,161,162,163
0.0,0.40000361875207074,0.3501971644281976,0.29931845335232415,0.328479437414076,0.3760826760458314,0.3271265628165074,0.40779473224073665,0.38601926291021965,0.4040853608960118,0.4029584947805501,0.3534929815460487,0.4965358468822052,0.32625606079944974,0.36579054815887563,0.4186702574751008,0.40519878813929566,0.4660209770163316,0.34245279139536244,0.5080404458351223,0.38065567290395025,0.37700074326711813,0.33999593718506094,0.33140866321799045,0.5013342618183598,0.2992249869093197,0.27935501854969325,0.36254573074632124,0.33507983494105914,0.2959840578788019,0.43210650356625785,0.4341660690990476,0.2990253900670876,0.37761414720692205,0.4594931840270618,0.3469918665951152,0.4653097774525443,0.38833875664914447,0.33505240747771287,0.3672517571116947,0.29985277652849746,0.39390922232379466,0.38893320859025987,0.3807269077419974,0.40409432435024933,0.41825026858545794,0.31993809239542614,0.37259679739561136,0.42723415994644814,0.390268208024452,0.40178102592169956,0.34643290796202814,0.33355381573133847,0.3200867967488865,0.35965019282900834,0.3841743376090366,0.44811158001961,0.3877198951109673,0.3680317146651012,0.3695957213484141,0.37276959374959673,0.2950820761606871,0.36051770793096466,0.3096442616459342,0.33996181831730493,0.3750761987355401,0.3753533084529739,0.3721439040189204,0.32332145848426924,0.4725859779169492,0.4546106491583323,0.3364798834127528,0.3780258587705768,0.4002364694704999,0.41804358923053647,0.38474855466050056,0.3180356092063546,0.32227083184847377,0.3690013321606917,0.2938246630068179,0.3651466548292309,0.39673422376482126,0.3645927254085823,0.3737303437182534,0.3729320141153249,0.43507717096985477,0.4123166436552302,0.37788231584812837,0.42052994843196057,0.34611114074350535,0.39579339271137826,0.3671169932943264,0.3949628662393564,0.39128852957213955,0.3853142735780518,0.3483229700416686,0.2656831877670939,0.3528567619794016,0.29644752638694016,0.4033253502513521,0.3359822477540744,0.3703332114834003,0.2951414166156721,0.3191315124684732,0.3947920322580836,0.38038749760004015,0.34700849172794385,0.45021622598322875,0.358463963942474,0.38622557045925615,0.3594299398341826,0.3828030601105393,0.4133385418063485,0.3401356693337702,0.38623372927954314,0.3840878381467543,0.4276432509626451,0.3921529137634255,0.32843855406940675,0.3282541622283404,0.3423439659171355,0.30715705262274046,0.4054579862427281,0.43651550061811173,0.34764888843129066,0.3589093525377295,0.3084713730850829,0.3232204377756096,0.3616322767020011,0.32656503016717325,0.3285677197774438,0.3278217826643989,0.33183466724581,0.3832008525037832,0.37293158841806534,0.35380054357189156,0.3912989306143384,0.34766992847202416,0.34706872002639044,0.428598876401109,0.29019931042840763,0.3740520836631222,0.4246707520663985,0.3215698563976573,0.39712736650578145,0.38945232594026935,0.36070813106350097,0.33354074406442935,0.4781401637681792,0.26972615888222246,0.45579185642602243,0.3759094806901195,0.35239628710409493,0.2712810777143374,0.421551524039128,0.4650235771767047,0.32696375493597635,0.3644695433180397,0.3064540437883828,0.3624325475075016,0.30957437185926234,0.4191995686963835,0.2847274729413013,0.5071204269259485
0.40000361875207074,0.0,0.3955908328449982,0.3662189649643523,0.29287540718275257,0.3989320191323722,0.34957874400885913,0.48389847269821645,0.339901857818003,0.48458633511645405,0.36265005355819746,0.38027242192011307,0.4090944551224258,0.35251242207845235,0.4076419546289287,0.3319966555880412,0.3638371277790803,0.3793338408845005,0.33020191667804244,0.3793890211328512,0.36379273856430366,0.46106056161753844,0.3539432988235532,0.3743842466704248,0.4045787848335889,0.3147223987210364,0.2849600723136369,0.3667264324130415,0.3786754282106067,0.25545839695626,0.4001164228376176,0.3411841116380842,0.37914194585244887,0.34217342292280134,0.3850011182068992,0.3628334967764709,0.36503110846974246,0.34036034957005257,0.3476137824848922,0.3712260378682162,0.37488935122718764,0.38149357748207796,0.2922076957057333,0.32171481894724885,0.48541415705024077,0.3764959309922949,0.3047085093907721,0.3070311394717091,0.3681788110561076,0.3463106274301831,0.36429740516655795,0.35192541359291424,0.35737278125812594,0.4083690000539786,0.3599762591268908,0.37436233649558426,0.36773185666268793,0.3297902988997744,0.3695195963369332,0.40450995942301565,0.411201260525678,0.2629051518520622,0.32561118144885326,0.26787090006261716,0.31670880539126367,0.3403372535316495,0.390045268871653,0.33659785919869095,0.2943642824624173,0.4057036617312719,0.36751806378192714,0.3281185615757853,0.309944164726771,0.4300409125617271,0.3984572468880994,0.3009842660121824,0.31771072295377345,0.35240345300235865,0.3440599211324826,0.24798672253168882,0.3080637009142521,0.3826802093854252,0.4030814643497835,0.34519518043614966,0.32981097133495757,0.5037521259134874,0.3287851833239167,0.294772793644484,0.3441987959641789,0.398737919252677,0.3212266953966333,0.3462615565566189,0.3379175884579294,0.3437778388141765,0.3677976915216129,0.38641637605711965,0.2789083810906719,0.3465576206242048,0.26261363593687853,0.44698177185263793,0.320196411219022,0.2961115427985341,0.2581102247803376,0.30863226272876054,0.32743483847649774,0.3541683147768525,0.32131409638624747,0.45293094410468515,0.36853419527326226,0.41988911268987705,0.33229669641519505,0.3113074243593646,0.3633608729450962,0.2928110659499282,0.4078871651575573,0.509540961623971,0.35555245847646383,0.2836773645069193,0.32889520059654265,0.30420961667927826,0.323752788612216,0.2977796343783715,0.3493983712949144,0.4008871345580736,0.29375595180605457,0.40795709783764234,0.3181875023495507,0.38765496794938786,0.40894392703954147,0.32946404215504815,0.3230779647288468,0.31149119961039823,0.29879916571223913,0.397136728659523,0.35587570397479956,0.2937031764959115,0.33267279926863863,0.368198219139183,0.3544347672910234,0.32803950420298095,0.3151040809833623,0.32505074747167134,0.44477196823374354,0.30488218088665126,0.35121202688656805,0.3452803323105657,0.3925481457461458,0.3442197074921128,0.41955417329438555,0.2447331792106949,0.35059944597059894,0.3380895445295534,0.31737938549024725,0.3203305619429671,0.37057644973494425,0.4100149177988393,0.3414209708856478,0.4095981030943612,0.30129723126740154,0.2951551898363056,0.3379502734129984,0.35230367640764015,0.26457983129768486,0.3852462321233933
0.3501971644281976,0.3955908328449982,0.0,0.3002614857162963,0.3482281921611207,0.35965233039037586,0.30876816473671215,0.383424239607219,0.3047151341682318,0.3777026901091674,0.3763843804440676,0.32226274813876676,0.3931016895791265,0.3032790149418689,0.33878128996780016,0.420915240411954,0.42374474826479236,0.3678299746312118,0.2699437110991251,0.3126562006535245,0.40503001057332405,0.5138388572339205,0.2931623757753254,0.3513105021949378,0.31636253463650577,0.3621468524973924,0.2606053538905265,0.3292156847224997,0.3026133758462751,0.27768169012608007,0.2916990231121763,0.32303991659485864,0.2956960014885508,0.2856171403578206,0.2977458913551588,0.3164707645669673,0.3437278459280057,0.33146418624041923,0.31771503714648736,0.3524300648107155,0.33465993946429584,0.38146740411415214,0.3083410866861339,0.30713859806106164,0.3766957560603631,0.35147928440276244,0.3427511171907358,0.32246024067540796,0.32987720512679125,0.3297176784232294,0.34764870682112176,0.3904312276471502,0.28419484519218907,0.3444802046410817,0.30573716467716194,0.30708619000407883,0.3275157352740782,0.3664220459483991,0.3215911794933492,0.3305583466298707,0.3297601619416906,0.26402047310023213,0.3708649581340667,0.27342996207004716,0.28387091653526664,0.2988881062720154,0.31905286480552547,0.3846795278703729,0.3196747126205916,0.362611548928786,0.3931422079539898,0.2725350477435798,0.3086264043924667,0.46099630316158424,0.3775688664501511,0.24593998648939847,0.35261351966980686,0.3578749557491388,0.30865924988296894,0.25114112651080966,0.33211747161444427,0.3431123396274792,0.37796918884451125,0.3292920085839817,0.30033667006637443,0.4457844610838066,0.27944613307942545,0.25875865005117565,0.3018056608810598,0.3040612839810435,0.35221370611779956,0.2750341206855206,0.32356026971158985,0.26943016675832515,0.3434874030747416,0.30405496005554505,0.25674147072359854,0.3137533056846173,0.25135745638166956,0.3576084537443283,0.25247521824154434,0.29140920864759395,0.23857042721006214,0.286534575754907,0.3010763311591204,0.41308813019941015,0.30864306904129385,0.359296654719404,0.33862679938353346,0.3863195886256198,0.3058518940508542,0.29124849166882083,0.30571379636749035,0.2776208554243936,0.3202453608065823,0.4550857728346109,0.2801982238916772,0.29434256577367685,0.34413837223009647,0.30212456440396296,0.3554167580650932,0.2735131070310061,0.30005509989938794,0.37894484152961055,0.2494112504778938,0.3352727016737242,0.3043513406565549,0.35769254067812034,0.3492969943847574,0.30711179079374334,0.29948856814981384,0.42420946896306955,0.2514436115293902,0.3099067552472429,0.31013904669205083,0.2825053254121888,0.2884453846110874,0.29968065857160187,0.3147869095655762,0.2921736158676644,0.2509546126868745,0.30219697894951925,0.34686460261180474,0.3079174992296435,0.31906600766315946,0.286908645521073,0.41811009690667833,0.3472618909630884,0.36289317593625453,0.25745241463800916,0.2768771919987788,0.2593291417369405,0.306265954979424,0.33777201858280315,0.3435685332387575,0.33704985490851974,0.31935145413369626,0.3985915650504329,0.22873229336185558,0.28504042894218745,0.3348159103335542,0.25760338246304704,0.26736993490276584,0.38863310802769574
0.29931845335232415,0.3662189649643523,0.3002614857162963,0.0,0.2604321761177348,0.290592066248193,0.3492489774501544,0.3335332992901783,0.2476792390557264,0.33788922191431553,0.33444541345719286,0.3190452222098541,0.31215592350149257,0.3170910809791335,0.3785127237754638,0.28354534614870375,0.34166106439841143,0.34143297035729586,0.325462282848319,0.2947955336247028,0.34242530470766236,0.3187875432458235,0.3154432017519533,0.30030403729623867,0.3199513406405181,0.320146060905485,0.2740798871781888,0.32528285562670495,0.35417902787993183,0.20854303531689117,0.30230250512996026,0.28864520769738217,0.4704148551975882,0.3103504172597538,0.32404855663395726,0.35651281590172057,0.28902922309050805,0.314078184647318,0.341222895162286,0.37596712634210266,0.3967658362410129,0.2740767728946482,0.29258078118603453,0.32864349311551155,0.34680677808250987,0.3387557954246767,0.22355377615815575,0.2872940244764556,0.32566865136538237,0.3198625064498744,0.3843101922056933,0.34731088227980444,0.33611114740509723,0.43782775943952984,0.3637366538097488,0.2522186164542418,0.36098563935824207,0.30763123513251023,0.3696622596439614,0.3755084736032041,0.38887937460327915,0.2568453368342638,0.3178024340484903,0.2598355143110231,0.3230742457867545,0.3259795897089692,0.36590547097526527,0.24666581795085674,0.29567033463841785,0.318714139659553,0.29405403536454433,0.3007508370647355,0.2972454138488825,0.42569746030261635,0.3408547703641201,0.2602336168555959,0.34425302575048156,0.3126186880048418,0.32496318046195305,0.2261383632106603,0.27619636928896907,0.3579544590023463,0.2674370801045794,0.30385874122058154,0.34537617545421767,0.3178595738327708,0.29858998990794694,0.3114099220590842,0.3016850949332742,0.2675788345606642,0.3218909796494306,0.31046732849470676,0.3184732621250105,0.3081484635528379,0.36323928279422785,0.28789360636774197,0.25960945390692014,0.30189538885396033,0.25806322977863133,0.3810529408276956,0.29600032597886916,0.32631123055451744,0.3214542664976783,0.31271472813326784,0.3155390339672209,0.28814502727177677,0.33253992042483926,0.30304386491694885,0.34985160740295373,0.2901566193002277,0.3570484700147895,0.3132109334537857,0.3437873948063811,0.3039358192115653,0.362932277221762,0.3295946060361891,0.32335213836412424,0.26491994727322554,0.35401094051998194,0.29637001678959635,0.3026732485221273,0.32927677514405707,0.2949900731755131,0.31611616928369113,0.25556895114573736,0.3373920474142745,0.31816850438012173,0.2951223997924311,0.3848228435118445,0.34266723312548725,0.2352494374901423,0.288640229369291,0.29171628416592915,0.3441084111833658,0.32121659756661647,0.25554162380529427,0.2283916498392752,0.3553685636854062,0.3410827745585829,0.3099389713814879,0.3908306144705249,0.2828999534957938,0.3988651465857226,0.3054670235244196,0.3058910296042803,0.2904812607851594,0.2825113271901017,0.30500423799266463,0.2909180721957833,0.2329105756968062,0.34199218535391046,0.3467406431766871,0.32233186366374345,0.26649064271853495,0.3472095452476875,0.3076939910602997,0.2856318226850469,0.3017441302232715,0.3893989508604749,0.2870934799645384,0.32804716503235865,0.2992087325179053,0.2787484879550493,0.32567967544920023
0.328479437414076,0.29287540718275257,0.3482281921611207,0.2604321761177348,0.0,0.2735753295865751,0.3225784830477624,0.30049415436767185,0.27994013990724603,0.3155551216030131,0.3372900813053829,0.28879718398440335,0.297125980505215,0.2723322779271456,0.32244774192853115,0.36934268879799587,0.33592763884098775,0.34739513393637095,0.2507467235196491,0.2747557638354612,0.33278936064786757,0.33345466369287624,0.31186269576526887,0.2767232488742139,0.30018616620665134,0.3143599955970877,0.2536010674029124,0.26068340186636507,0.28422915838625357,0.29048857978346826,0.3079552815134899,0.2840201639808575,0.2673764816716697,0.2633283803379198,0.338474511277664,0.32699014834261686,0.31713650133527344,0.3130995780742968,0.31436205085475216,0.28969274109231713,0.29404315419504423,0.31705451502177895,0.33046787368848113,0.3362185198207762,0.2828080362577592,0.30710159068878196,0.3291131597604051,0.3576723909308632,0.32809858893360294,0.3151590520442898,0.3344686098885613,0.2998748591750734,0.274132236814995,0.2823781101796065,0.3062550394576379,0.26220497432877965,0.28304779908901995,0.3880460553161088,0.2848748471129344,0.2876609257779002,0.24913628286209563,0.2591788593938019,0.29723590352872575,0.27734228757098683,0.26909722421906257,0.2438973680011132,0.27019688573206413,0.31995529934268474,0.28938028979794733,0.3469888426323167,0.3293428485850657,0.2777115846244944,0.25547478513340155,0.31692891216296143,0.2890908943933788,0.2412350883384374,0.2923735239436858,0.4117162487557975,0.297483465579021,0.250197331063282,0.28143820704897865,0.3135738258102449,0.34256974040844407,0.2619648345508752,0.2796580727569728,0.30174115609818036,0.278833967409806,0.2834350074317505,0.27735112566954834,0.2550510622032413,0.46124036023589016,0.30183131585949124,0.37060752671750413,0.2336491135318104,0.30555430768022585,0.28683764726160005,0.2070973824969644,0.26112472551851673,0.26270310975052685,0.28129401673212634,0.25074256462962374,0.27654115141593155,0.27138942015826356,0.2736490825585758,0.28418021178540376,0.33682968669471713,0.26590817815128853,0.33857445900321786,0.3292704274644251,0.29465743226855706,0.2840057519366754,0.31110121018547204,0.27136292021053937,0.2949825544757483,0.29781167122310337,0.3131748120402235,0.271436104549033,0.30550005912965145,0.2705819866583325,0.29452023753910495,0.383095420661861,0.28349500008186607,0.25854668928401364,0.36952601212592867,0.25632710306230516,0.3013288003021986,0.2621868990435783,0.31440137943423896,0.2928934740458581,0.27541700083781706,0.2574837108499794,0.2869732759241031,0.23953541460066716,0.28622273170675877,0.2722725177886694,0.2794886310040674,0.27394431022593346,0.3262509720615161,0.2919142016940429,0.335455844834635,0.23743723468195313,0.2969242575188067,0.32254641607427165,0.2783825836147818,0.3223597088050392,0.3017451287470105,0.3270951719820662,0.3222712971791399,0.307631180296506,0.23863066744821776,0.2777567175066054,0.2822103344950583,0.299777991522065,0.28978660566455594,0.335345477747286,0.31333501235140504,0.2343874199814597,0.35101840077757773,0.23568847530779966,0.2705599163770004,0.26367037126358667,0.2727299186975401,0.26176696558843265,0.39013831983589087
0.3760826760458314,0.3989320191323722,0.35965233039037586,0.290592066248193,0.2735753295865751,0.0,0.29412924220526654,0.36282391231224065,0.31877036510122353,0.3290010159095702,0.33375177269619055,0.40086729310504865,0.3660769529332215,0.25446119352464736,0.3145207807741734,0.3388348081262618,0.3493819293725472,0.27470586975742334,0.3398816207472538,0.34827098205402285,0.3889781427953826,0.36026255440606236,0.2476897229022967,0.295657548473074,0.373035312344984,0.2763542039798333,0.2175163892454732,0.28705483726781483,0.30213459171170776,0.27219349504059137,0.3436889134490343,0.38038969402658945,0.3104896009049034,0.3073711210396723,0.32051615156719565,0.2914065683966614,0.34744876395705737,0.28552207420124576,0.305071934426429,0.28061603802270674,0.3096695373129342,0.4031530928742979,0.307051497272756,0.37013055639311404,0.31438175748030756,0.29537187091137035,0.2968103445458763,0.32140315077486825,0.27251184022606695,0.3208156715413016,0.34309536892177134,0.41108727786194865,0.2859643077466309,0.33466009718327494,0.28993311299507235,0.37246299919966486,0.33466658498016505,0.4256286079609686,0.2649504999997982,0.28744272477988336,0.35155815786275757,0.28637735965748,0.39157108110608735,0.23210619650432693,0.3003353293610313,0.31362260950454024,0.29869494172472544,0.3390860437492723,0.24041487469806866,0.33703351943500365,0.3636448576496076,0.2491016958734396,0.3312069699182226,0.34561385095448244,0.37109032909193856,0.2814185524297463,0.29462941571585305,0.289025225042222,0.2826249636292621,0.31446868942797246,0.38992724882463453,0.3530558436712264,0.3325543249008618,0.30795571703288177,0.33327776772442863,0.34928510251242206,0.37125535406757054,0.26511878594692223,0.3069557430718949,0.30034543682189063,0.3335089437621634,0.3683494873531958,0.3010417698813638,0.3039584667933437,0.3010194399852882,0.35508255062352784,0.2797103665855329,0.38132931058888897,0.25810182413106547,0.3209937713702577,0.25138044248852304,0.28921536637059236,0.27308787449305055,0.287332857541606,0.3189950615026001,0.3549646769103328,0.3203524116212012,0.35233085314989243,0.2826838560587209,0.3829006115152192,0.3615820246356804,0.2875976868932555,0.39611842496232524,0.2807961099899477,0.29612060314167293,0.3740977895469157,0.3567307620591999,0.26731041936357725,0.39761260007366545,0.2854269582064905,0.29417917754550127,0.29345429921299715,0.38098482235463094,0.3607842782748388,0.3148640224442644,0.3400922690920461,0.32196024629139963,0.29542405355725204,0.3421580303326543,0.2457001285737901,0.3139349001697557,0.40628700001490664,0.2692198884226278,0.360862894842851,0.32233832709114457,0.28658508267375565,0.3140770761637361,0.26714845500555157,0.25330914764583484,0.29145186843863413,0.2668633878569076,0.33903902376044015,0.33854227681687826,0.29757115240857723,0.32234581955436276,0.3280066899910556,0.382720192740684,0.3073329643047021,0.3647836786524845,0.255115180050993,0.32823027140372973,0.30451522896375205,0.2545666744515113,0.2585183918950457,0.39406652445958684,0.3366951187952895,0.2935685017798522,0.3859779665109126,0.252794727375552,0.30176891942678796,0.2604954647004845,0.35986851865369635,0.2663018310397601,0.3666413196028858
0.3271265628165074,0.34957874400885913,0.30876816473671215,0.3492489774501544,0.3225784830477624,0.29412924220526654,0.0,0.30835097833196573,0.2631042535203942,0.36256891705633204,0.3473065456980555,0.3946540505824584,0.3534394457309683,0.2882650439578978,0.46186221361273816,0.30870286324987595,0.30413615908054803,0.34129794548383313,0.3119081214279847,0.261865685439269,0.3042103131938635,0.3509659578274654,0.44063752011568613,0.3509743297458376,0.3590489304859242,0.3361738206589896,0.2976294861049759,0.2957970213950677,0.3541053129145215,0.2814194344790489,0.34975182301451146,0.3229623743434444,0.3635193945025965,0.343229684311239,0.3042373433900854,0.29805172479293635,0.3774975446588417,0.27852642207263645,0.34648185876119464,0.37154283248073205,0.35925706574337446,0.29488269065802813,0.3285461197587948,0.3440179317310653,0.3676569651405397,0.3591694991753402,0.2970065625904384,0.30869586043593017,0.4424316825096643,0.27481880228196187,0.3685650168098428,0.29814460204335,0.2588341684749188,0.35667161500740885,0.39951522937262496,0.28260724707719476,0.2989226298330515,0.3295879567563449,0.3221128260969061,0.3136921364123874,0.27212051755120165,0.2509820360139787,0.2699228365743083,0.2516541946029963,0.26351503456425635,0.2519928217956052,0.33596589732115034,0.3325897918995427,0.2721640676945167,0.3155732133165376,0.33294637599077453,0.27605123285374006,0.23615112471296926,0.3622738617678408,0.2543821785242712,0.29246885064691663,0.3802946485663227,0.3921679193468294,0.302151912241928,0.24385610575930616,0.2803945306948357,0.3106648390281591,0.33802214231721445,0.2539226252839777,0.27095374775793857,0.3204352935753554,0.272337140275056,0.2969806062310085,0.3277561680001209,0.28716396626764223,0.3558874851308288,0.36018646627351675,0.36125858824050094,0.27907595623417364,0.29296305363250424,0.36224805524204445,0.21254630957868065,0.31748935823109803,0.24646756304942688,0.35172393241225824,0.29075446500117086,0.31533580366925357,0.2953569590567141,0.3195612519474127,0.2639824708248937,0.3420982609517858,0.2685579262992559,0.3231973709667237,0.3974512184854364,0.3283494337399947,0.3864450621417582,0.28491032310737496,0.27324943460691115,0.2607007422059815,0.32017042673124074,0.34868315499012104,0.2953481995840692,0.34120745385334816,0.2869650969971466,0.26684842378827706,0.3079125399770512,0.281961552878157,0.2529776168447142,0.4194159299026591,0.23928418856267217,0.43178669152699434,0.2466258971537706,0.3888442593800671,0.308325175482224,0.31512861745414394,0.24311298852644495,0.24482084925158654,0.2600411637685361,0.2664738680206266,0.2655653375553099,0.27402480246401517,0.3013274331593479,0.36992096000568747,0.3231132544946475,0.3461150444279094,0.3090496611344615,0.2732274732768201,0.3324539775823476,0.25138445039022295,0.32355190095214337,0.35098579689620557,0.31172828524735363,0.3681428490433903,0.3119829069867698,0.2122019358718373,0.30773229703610594,0.3128272863550063,0.28520370129127387,0.3378821614128525,0.39821146653104417,0.3449642923825013,0.32488074609401896,0.3896258970788996,0.31808524958036405,0.3233639161982864,0.3014373904684178,0.27514987140858294,0.2612939394525643,0.3407773641322117
0.40779473224073665,0.48389847269821645,0.383424239607219,0.3335332992901783,0.30049415436767185,0.36282391231224065,0.30835097833196573,0.0,0.4093079254259199,0.4730210507224006,0.3217801104460777,0.37711820060946016,0.38422600788972355,0.3271067935566149,0.3620958887858774,0.367998408069299,0.39197323969724235,0.38605070655887636,0.32234309802938577,0.39096048522010834,0.38618911274736767,0.3588680141105786,0.33636698055485814,0.3023075159480863,0.41601196153092296,0.3054746396737708,0.3105856640054732,0.3671783290782694,0.2948975516489504,0.27967492863221577,0.4539194044581916,0.36214962486069313,0.3349340677228479,0.3691890157187305,0.39730508425598654,0.40720169728482863,0.37027567312800735,0.4044457209084997,0.3486888780562969,0.35195125964950863,0.33177895195799595,0.395548938745407,0.3304354423229275,0.31602503073384786,0.48599471828789126,0.3982824230703031,0.32969713292889974,0.3046417831640742,0.3641312426025508,0.36548571500225513,0.3682761606332802,0.34443278254929627,0.3514436691641139,0.3300426480651065,0.3417597410647123,0.38196351952856744,0.3693843871436735,0.3825166516264678,0.3912513476159256,0.37211729798197035,0.4066605174774048,0.29043811003869335,0.34527724446081254,0.31367502955422183,0.32725667171103845,0.33798235201387505,0.38221046179537344,0.34316934708015195,0.3411856945296136,0.484011684745831,0.3805611707356216,0.34984698670336883,0.34803059163812244,0.4127736364415168,0.43944404071698495,0.3168653710626175,0.3360615933370848,0.3222625433638413,0.41874158880006845,0.24613610445392461,0.32488999642263666,0.40560852031629463,0.3929403578515985,0.38103466654210083,0.405202020785954,0.5467221690289877,0.3981717856439708,0.3463160428767291,0.44600740793881893,0.3926180939644567,0.3490034552718678,0.3878768677123794,0.34558323693868587,0.3139420829678215,0.4359540396571303,0.3704461549217071,0.29922195855191946,0.41075629440759276,0.29647323793595753,0.4602131636136836,0.30611146587609417,0.3576914050303435,0.30616800421294144,0.3661855263110151,0.4114509716781537,0.42569074102754667,0.35089651288773,0.4892807869211683,0.3524397380714335,0.3726253878568969,0.30394138437505824,0.36205577490012947,0.3965231780269271,0.3641212472614561,0.3872261586108401,0.42853808220166467,0.39844408012290505,0.3086538945230866,0.31729581694653947,0.35617363016564507,0.3387355866464795,0.3766974439160322,0.3495850304766158,0.3838863791093293,0.3106979836766515,0.3367868186444555,0.3420512568065379,0.3731430249433252,0.4220730183771488,0.325842754530722,0.396996547534788,0.33417427721649884,0.3266642148992571,0.3668737710023278,0.3567660406021599,0.29079751962522243,0.3306193687568794,0.33619146276337797,0.36722090496224935,0.37030511710719055,0.2969870454687713,0.324969081462806,0.47127479516393705,0.3512865688275831,0.3681552197799694,0.3948039863763141,0.41876053491575554,0.3517686391073643,0.4770524246725862,0.27490399239197894,0.3882465174399499,0.3651238725608984,0.3165014630156409,0.3183389894744717,0.44014234545091213,0.43243784329464724,0.29223850246021954,0.40509175009964504,0.27049211934153805,0.3116526828710766,0.3362420274946621,0.35698428667937665,0.32423305058510166,0.3762797780181281
0.38601926291021965,0.339901857818003,0.3047151341682318,0.2476792390557264,0.27994013990724603,0.31877036510122353,0.2631042535203942,0.4093079254259199,0.0,0.3378008516559662,0.27387458495884875,0.31044539852091796,0.3056920467032965,0.3289472344925456,0.2846621405765369,0.31657044653911875,0.308361364838428,0.35630753576414514,0.28452432191802335,0.3589869709994406,0.3039671287439288,0.3453822727291301,0.26964648306470745,0.24680053194037863,0.35061219580625763,0.25361485598294675,0.28196276258973746,0.291737255617334,0.2545629953801234,0.34532559508597543,0.41453258425751727,0.3509739132652869,0.25640146030232347,0.2856145373236762,0.36041228466668157,0.30286261558440425,0.29577349252254803,0.37287652403326743,0.28484659003524215,0.2660864712598483,0.2564565262702878,0.4460958417879173,0.3074493413095829,0.2841572344503023,0.34787029846171635,0.2963830803926813,0.30388778986265724,0.2600398004936967,0.29886252855727885,0.31420649676590384,0.28336107945084826,0.2754974091628923,0.29943248520754256,0.2595390016543454,0.27350485323134305,0.4226939364247066,0.3151018907411541,0.3419681930906039,0.3142276075591571,0.2787674565985219,0.2860846679845695,0.3013288085719664,0.2990199807586553,0.31453645054542184,0.3230973164945699,0.2944884435080599,0.3130440099102845,0.3119106281426581,0.3083828795852123,0.38544162075808935,0.3600089686158156,0.3138043009367051,0.36513838398235726,0.29370774794224846,0.3712417775199189,0.30498728612263937,0.2568101145619148,0.2554790405449978,0.3194572578631216,0.2467296252301591,0.3094625285541099,0.3895815244680186,0.3645633632217729,0.3009109837209531,0.36155469062948153,0.39957798876932515,0.36429320392067976,0.3400973221911361,0.33974018990350485,0.3910991925260371,0.3244128197114628,0.39620549215159284,0.29086854240946963,0.27761785036456366,0.37264530850880295,0.32752465910180084,0.31004269836594317,0.37553369535185527,0.3535070882503617,0.3067813736949939,0.28931411882967195,0.3011304790973075,0.29961661502426495,0.3029240274691398,0.3882429539177736,0.3174156319761331,0.2716544198676631,0.37829445408480333,0.2798141237097191,0.28306220973233936,0.25723898560045383,0.3665165514234201,0.32599292814306596,0.3779038380589179,0.2948168116799053,0.32402406906266734,0.35877441716665787,0.298915492235807,0.24948312166929715,0.3438297716236429,0.30359311196817784,0.30551381260138705,0.3300133462110125,0.3080769737246928,0.3995559418593369,0.26841266449497686,0.31803582685352294,0.30181836546406304,0.2955164170507654,0.29033222359597666,0.5392594579130033,0.3372175246897902,0.28329008831955416,0.37541787054446707,0.2977667183246009,0.29350546803055183,0.31967510186887266,0.2761290039786452,0.314038493453006,0.3470642586563324,0.26268315623429433,0.3506146715353968,0.35441718714640896,0.36944988849746335,0.3197801394217053,0.3598137503200019,0.393844329901659,0.28167938545167537,0.40811970122769115,0.2948734941110433,0.3502898275898025,0.3195595226999855,0.28242809002287794,0.2923693364857453,0.3357235125155678,0.3667930205821946,0.24581804485111985,0.31054508961136695,0.2535609497282388,0.28169314408268176,0.269427262064913,0.3678716072185238,0.3465703689611293,0.3293059439828315
0.4040853608960118,0.48458633511645405,0.3777026901091674,0.33788922191431553,0.3155551216030131,0.3290010159095702,0.36256891705633204,0.4730210507224006,0.3378008516559662,0.0,0.3338282480630385,0.3289329807822813,0.41288444920790424,0.3501898251001728,0.37422821429853376,0.3636539541349433,0.3577742241894935,0.4555550368434094,0.29825115754095716,0.3360348435385497,0.3260536993275256,0.35023862772619074,0.4281819502403521,0.30681280362198626,0.4992153883676747,0.33006898958541514,0.32981129339357196,0.3565411267471122,0.38488406605777964,0.28594505040410473,0.4357961323850902,0.36306031920714077,0.30249143794414,0.3455670836068477,0.380923087061265,0.3393606378245447,0.4312653420618584,0.3649250373077379,0.29779443074466894,0.3535492348993412,0.29554799985482805,0.3624364096524544,0.3377339388023489,0.30751601491375424,0.4387339928679522,0.38303948069223953,0.3262051928826104,0.31917269697805256,0.450283839732642,0.2988620545233522,0.34493656890611085,0.30539335543880924,0.304569609654611,0.33615487129233684,0.3688137173009297,0.3786209496907195,0.3266509907168868,0.3267665221921308,0.39256572213791124,0.3503335895042543,0.3722745001922237,0.2763724105267356,0.2975906567447701,0.28425658782805213,0.29196202454311593,0.30802523212723915,0.35922959681640076,0.3763312326414622,0.36175772763249314,0.5005208254108481,0.3416465690473089,0.3735757209169326,0.28805127713894674,0.4099901328800109,0.3524666467113961,0.33917706736371706,0.32848563439897216,0.3928436694501187,0.35108652101025983,0.27154130316139,0.31904820402692247,0.34723239824216845,0.43510303951102597,0.38460178338106293,0.32826834098655483,0.45105762322345333,0.36385326507361815,0.35651821283143287,0.4394444488753183,0.3477958983126608,0.3431008220927138,0.3388235219446481,0.34515073954474385,0.2869796502961022,0.36271484592005104,0.39816500820990003,0.23992173422985322,0.3583719971300288,0.28951591116509795,0.43698589914736047,0.3436047012826923,0.3275337025116763,0.29921826707328164,0.3698650735513961,0.3201398336275585,0.3701455725932633,0.30485736861788626,0.5245846035635063,0.3585234675864452,0.3636109759788281,0.30081916451973023,0.316229520985149,0.35689167460071863,0.354089372567804,0.37838594584168106,0.414747332069688,0.3812835670230853,0.35121482772004,0.30218907146819385,0.35952893470584174,0.31331236225957176,0.3438324926597167,0.3017565295455201,0.41039118157902266,0.29103223817716073,0.40982036711868475,0.29706875661865,0.35938031450158625,0.39047294440121816,0.35018727257257415,0.3747070407113351,0.2886475462117653,0.34036861237444466,0.31335038694518563,0.30471857385229895,0.2826848921318644,0.35149578626219014,0.37060778849872333,0.37473434015541096,0.3675091394066249,0.3265627635049024,0.3371508143849512,0.40115180060469124,0.28369677303659885,0.3661027177041747,0.40389662152190076,0.32185649340946554,0.41493005377326003,0.5015232443136344,0.2506387524488388,0.3349008643188982,0.390044840289927,0.29245549262428233,0.3185251430624506,0.3907007430630686,0.4205061248052426,0.2916472840251591,0.44926507181096265,0.30577128204639764,0.34733189493582645,0.41378951243952944,0.38147533217529844,0.315251765722596,0.3571340678716011
0.4029584947805501,0.36265005355819746,0.3763843804440676,0.33444541345719286,0.3372900813053829,0.33375177269619055,0.3473065456980555,0.3217801104460777,0.27387458495884875,0.3338282480630385,0.0,0.34995904751851353,0.412869307871858,0.31956550235164194,0.34117848281318236,0.4099569937501058,0.44475743893248365,0.38564035145282943,0.31015567858846094,0.3332820508088443,0.3764887604137115,0.40339735194166754,0.3254887871247471,0.356016427688838,0.35217875072011234,0.36276578466718684,0.2799952999564767,0.3937337153996201,0.3961289156803707,0.27971529085693575,0.3025609076693017,0.3554979990741452,0.3030219899591548,0.3154891141370797,0.36608654296898135,0.3389672548453273,0.4019378357874299,0.33647147511632075,0.3838561769151831,0.373598977439069,0.3326439811174313,0.3386765426277355,0.3350174150649646,0.38740666042985783,0.34070710298466983,0.3432018175601808,0.25131736871221716,0.4178547899916174,0.39359937995774497,0.31587610860158505,0.41101017514593935,0.33741213237986517,0.29004643359820387,0.3841342459673692,0.42033770836652096,0.27010787538074005,0.37600569966551345,0.38239935641002953,0.3547893361916505,0.3569328780977881,0.37927554527273744,0.24426121366460693,0.35892818421645883,0.2666055093811185,0.2704087286816248,0.29951397254163004,0.36611523351118613,0.3212293618357678,0.3186520193850095,0.3601808349290765,0.36123411119760723,0.2906635341403838,0.3282714486959898,0.4381416808085345,0.36174057846618707,0.29911818568398624,0.4338735605261684,0.3524584125559093,0.314198879680691,0.2883837263124199,0.33473065886459497,0.2995909068916507,0.327647736088422,0.33894659102510355,0.3085840274762808,0.3387761000271428,0.32964353555114206,0.29297988984755835,0.3014037428329631,0.2912116140924239,0.42389121279214564,0.264930386801527,0.41913050810041835,0.33431957519587285,0.33743947513414935,0.30507077532991067,0.23400891804662738,0.2618728423873653,0.24686606505037512,0.34605337199703756,0.3282036552747254,0.33081489640931155,0.2594961217188132,0.25030853381620943,0.3071933480439212,0.32036195725326316,0.2950407742778805,0.3497577815909871,0.3317269792523625,0.3810562812868443,0.40431588278247904,0.3036584972522983,0.3543094016421025,0.30613304387805523,0.36236440653216084,0.3911073781893807,0.3284463999976643,0.33289243296552423,0.35223971350119787,0.29364985928068166,0.3686308872487687,0.27258173083985404,0.3321657163035645,0.4294620631665646,0.2812126512629261,0.40119447364010136,0.26257609442957947,0.3373110205133531,0.36121797533621935,0.2968236191307479,0.2519789528245325,0.3342976377448466,0.3368589846548251,0.3400247070102424,0.3553709084625379,0.3025898693442216,0.31372444851187314,0.329839258820052,0.3167654849875482,0.3246289671908937,0.2970637274941559,0.32410955071506725,0.32060571790299347,0.2868337260366968,0.38817343683914185,0.2778950896762744,0.30934390093926384,0.3324063792335506,0.3116214050386363,0.25361446205394916,0.3984244428602184,0.31027825824531313,0.3792715794612703,0.2707337006158532,0.3278882541322712,0.3527092699792382,0.3417779060218855,0.35844271339402134,0.3133050243975829,0.3311704177443775,0.2981927612888356,0.33542165858284706,0.2493437461276827,0.5264265310063027
0.3534929815460487,0.38027242192011307,0.32226274813876676,0.3190452222098541,0.28879718398440335,0.40086729310504865,0.3946540505824584,0.37711820060946016,0.31044539852091796,0.3289329807822813,0.34995904751851353,0.0,0.30449133697110564,0.22829745570529203,0.35013080754550563,0.33288811980757127,0.3564757349259527,0.28928824666370473,0.39229667419398057,0.3235943226295145,0.4014648201231355,0.3280806366089619,0.3132262153153451,0.33930078387454055,0.4034223425137622,0.2811479569996092,0.25765438348193925,0.29579457098784717,0.2930312259253454,0.3256653748134242,0.38799477667661153,0.3496205381993882,0.3165591099179416,0.37555112306361443,0.29820445389340366,0.3123042082372081,0.3493466381534622,0.2903149843958409,0.40658912443685513,0.3174337732567245,0.3362636294713462,0.36846945748457816,0.34349163265967353,0.3557550217121595,0.3316883536780657,0.33990563107972666,0.33744739983334143,0.30754013744016173,0.33250124753635507,0.32130134305933816,0.42055574389528316,0.3789449229840317,0.28447184707551165,0.359296624675034,0.3615462037068531,0.3190021434056738,0.3880970649907325,0.43266410138725786,0.2792986672336916,0.32384908497832676,0.2923322941249214,0.2536711823961824,0.34945970317114505,0.24495628102101125,0.29067833078347594,0.302013130579283,0.2759780955294552,0.2944461620518948,0.24385548813978453,0.31772495128274586,0.33541580022476614,0.2510190825878072,0.27110158307126087,0.35897334441383344,0.32596428537516325,0.28782696466296576,0.3355930833359755,0.3296628163732189,0.30303332208182165,0.25598884530425475,0.29959011526873014,0.3617248029696014,0.35379474929055965,0.25172128394128773,0.3207223437364443,0.34645177886211653,0.2929597195959295,0.2944478207205423,0.3446727477600967,0.3069160392450762,0.35383903569116193,0.36052275451470384,0.34709349309523274,0.32941941435158384,0.29553374859627846,0.36874991842481397,0.24824209523883264,0.3555917363674538,0.24413492749950136,0.32352574090127467,0.2511967987675556,0.335153146922596,0.2957070777291263,0.32929921862608263,0.2986429055055917,0.344858535475691,0.3341381880400427,0.33752635878207465,0.30928517711173653,0.3981013193827149,0.4866019978429683,0.3135940309851738,0.30247299671700545,0.2867597060809507,0.3005949920115349,0.37578711065534726,0.3371204948763795,0.33002592752777704,0.3337974855724131,0.2671223238383517,0.2944390720184742,0.29492677101170606,0.29877542747779595,0.3951087062141315,0.2429160464454455,0.37707012499922743,0.28014865406032213,0.37063490251432696,0.33428282543432036,0.25278130538509985,0.28526600377883615,0.31005342628471405,0.2517120308871956,0.3307326544724846,0.2999031250887802,0.25903781475514415,0.3489076785481155,0.29037269722447173,0.2671200115561582,0.36008448558076367,0.2448355442052219,0.28467647480374364,0.3713498274996388,0.2891968686102931,0.32355379887947566,0.3768690814151411,0.4529526735371924,0.31370276297515276,0.3547315488994682,0.2396943475656099,0.36632265683130244,0.32856922353574014,0.3112843031909972,0.292272187951332,0.4463321953661722,0.3108343512885919,0.28802609060702217,0.39870313598036256,0.2487064305299857,0.308543385707578,0.24151665220776394,0.2940527511335606,0.2583068547503002,0.3712277486279003
