0,1,2,3,4,5,6,7,8,9,10,11,12,13,14,15,16,17,18,19,20,21,22,23,24,25,26,27,28,29,30,31,32,33,34,35,36,37,38,39,40,41,42,43,44,45,46,47,48,49,50,51,52,53,54,55,56,57,58,59,60,61,62,63,64,65,66,67,68,69,70,71,72,73,74,75,76,77,78,79,80,81,82,83,84,85,86,87,88,89,90,91,92,93,94,95,96,97,98,99,100,101,102,103,104,105,106,107,108,109,110,111,112,113,114,115,116,117,118,119,120,121,122,123,124,125,126,127,128,129,130,131,132,133,134,135,136,137,138,139,140,141,142,143,144,145,146,147,148,149,150,151,152,153,154,155,156,157,158,159,160,161,162,163
0.0,0.5213598695227902,0.438146526141058,0.5644628909382959,0.515937401511987,0.5351797327821552,0.5370860564818625,0.5205458965578824,0.6266271658041921,0.4229787395791666,0.547444024710566,0.4580349075327454,0.6353823959706899,0.6251629920366591,0.5248281197398952,0.5483978888388995,0.5791278416656128,0.6916685082800006,0.5128516888188533,0.7063172174929311,0.5634962138196898,0.5330308487193878,0.5351080172985685,0.5394656382039311,0.5589373809170394,0.5376053907326016,0.502570107721956,0.5717302088774217,0.39292479072775444,0.49572234707401913,0.5334733295208408,0.5554231101281559,0.5246079502446078,0.5338586898293559,0.6991484054631631,0.4876375103597374,0.6217137252202252,0.5938467996168811,0.4535543246201875,0.5883467831638797,0.48718176536995245,0.6138816688510459,0.5409184942012296,0.5490927329811743,0.5550750837518529,0.5464162659079257,0.5063118585474671,0.48513957722039713,0.6069692484581403,0.5573904966251314,0.5638413315105271,0.6020075919670103,0.5465777309146895,0.49880289485220886,0.4603653588731947,0.5755843368552951,0.6427377254370643,0.5195759921703083,0.5532309150469442,0.5646043958989708,0.5253098223898864,0.5069392108573259,0.584577148468668,0.5078698380438643,0.5614261623667326,0.5597696879152573,0.5806687918196161,0.5998068028641472,0.5059693669475546,0.6043596644909187,0.6272393240151576,0.5917014433357737,0.6072169117230619,0.5985375584344226,0.5528800621832142,0.5782517670659425,0.5359554144402502,0.5280417214215173,0.516897265292782,0.4946483825108306,0.5318193368631434,0.595567705326713,0.5661497389701718,0.5676068792511817,0.5691610962288677,0.6203053319121894,0.5889410426794428,0.5522976092558126,0.5782470814954569,0.5329966680481274,0.5790585883081211,0.5340476269833568,0.5069572184197135,0.6005124358899613,0.5994665969413412,0.4830973254663457,0.48484603716457325,0.5355861562371216,0.5484187081705891,0.5671881850706224,0.547180939992749,0.46627788948457816,0.489075330064317,0.43072932997249647,0.5903362092738452,0.5662706538097979,0.48675735632777595,0.5755238746808036,0.5182048136062842,0.5064781022405912,0.5477257210754873,0.557425077046976,0.6033486957385227,0.5509155047689129,0.5921047442036922,0.6237436032923607,0.6046489379495462,0.45470503403143325,0.49629552613929595,0.5892528671794465,0.6013275640718211,0.4914826136434102,0.6297237341076248,0.5791521526828277,0.6021642728535824,0.4423403777738881,0.5113039484124748,0.4950604907067257,0.4672741747776411,0.5546801431358044,0.5319106586271087,0.5585075186516226,0.5944421691373911,0.6353018918639004,0.500051589486295,0.5421298141789612,0.548551986716216,0.5674497747959497,0.5317563630537739,0.5138125739640501,0.5308026008868755,0.5747150781204584,0.5985154441338889,0.5102985191734261,0.5567964914310977,0.5677593234388655,0.5571810282944664,0.48042068077147165,0.47578661626273144,0.45001471258879405,0.6221438416668019,0.5278233103620545,0.5321829626017583,0.4464174939703233,0.5168805163179306,0.5979074362857328,0.576834803654543,0.5463949619768013,0.6008766822730632,0.5738899080612467,0.49865258953337044,0.6591502733580178,0.4864356342754159,0.737440321724928
0.5213598695227902,0.0,0.5898890919500215,0.5439887219377282,0.49126369466945813,0.6324002955120728,0.5434335161095222,0.5916603193338298,0.4990394067856954,0.6146318013739416,0.5681769020531352,0.6431785513800854,0.5832475403543657,0.518951504683235,0.5709932240751173,0.6033569454457706,0.5610363742861152,0.5230616844575197,0.6009375118747929,0.6056684137781808,0.6143310799733415,0.6610855801419261,0.519583519408422,0.601748602771763,0.7050337253500717,0.46379954779510985,0.48454936933680376,0.5098236734840317,0.5374733429069887,0.4727665915464777,0.5892319041887913,0.5975297162448882,0.5908913497372883,0.5270147170600236,0.5523895083327583,0.5542343748616116,0.5608840521862467,0.5415333414213501,0.5518405967342791,0.5512562287427057,0.5539467728387648,0.5507424581158198,0.5271128545369445,0.5605597655322396,0.608990672730121,0.5154965574124775,0.5125611771992145,0.5344374849654805,0.5771598600424778,0.5134975380852538,0.5131090570646775,0.5124667417398786,0.5047179480309975,0.6202047360088283,0.5576972835127935,0.5447616879183387,0.5239088754381845,0.5630521101999866,0.5478862638729302,0.5353158972000513,0.5653709559332539,0.4545115896228077,0.5051474995605597,0.5214748142853404,0.47642922850264324,0.48099932925411654,0.5071245540155982,0.5280129422578976,0.47940792604128235,0.561088220989876,0.5099802484232264,0.5056862726008632,0.4521278613214396,0.570225913095257,0.5578125668724082,0.4966702832686053,0.5170791453509078,0.5795096367936348,0.4790075232697156,0.43388091391722017,0.54757845026476,0.49707125075159436,0.630401443758369,0.5469226136980442,0.4745426850460196,0.6062380919343783,0.5090125930949991,0.4705476125750346,0.544674414377627,0.5159120304629118,0.4728948518410685,0.5294735259320977,0.5579572970133397,0.49036700728161003,0.4862472162479014,0.6566112210491148,0.5086988011359684,0.5954023712290016,0.45422161834252534,0.5105263701876461,0.5349248345438409,0.49797888924386036,0.44459187565007446,0.5983575208776416,0.4926350280801634,0.5323010858786513,0.5223302069948303,0.6350674984881255,0.5424969347412156,0.6148992619717212,0.5764725241218167,0.4661887322098044,0.48532711597131534,0.5096370109071378,0.48843825526356993,0.5121866522532478,0.5636947094207064,0.5548826668825061,0.5658874381089026,0.4754271275705635,0.49294845988908165,0.45374003887846387,0.4968772640522505,0.5619517429081882,0.46683755145331945,0.6095466768157514,0.4455443312363205,0.5761066704401485,0.6305785385320632,0.5393700321095128,0.5363114843531593,0.5541746185951318,0.46307381314764,0.49365777871112937,0.5891783351976352,0.5024938112307963,0.6094430462896157,0.5247081341741765,0.6485148862758269,0.5396199841788145,0.5752103891350387,0.5978542425138091,0.5367686588307838,0.5239044601358954,0.594922513466642,0.47815508551646957,0.5812409115072927,0.5752125931128226,0.6859943863142672,0.49818082481266207,0.4990942860424115,0.5788875408092533,0.5297368833011183,0.5637425646047037,0.6405277484410229,0.560345630822462,0.5160681798817477,0.5957476533361477,0.5063364129907056,0.4551727076895396,0.5484831440708636,0.510560891008928,0.4770093093725227,0.4991144424532666
0.438146526141058,0.5898890919500215,0.0,0.4669130592660089,0.4735645346125276,0.5699745601066428,0.4473516376943721,0.5308143858770895,0.42640913529512686,0.6208624442292079,0.5526845708720528,0.5569123602178336,0.5156888206127679,0.4611695405527124,0.45919351844973305,0.610665708188829,0.5338066575704594,0.4559861074499523,0.5010128816819859,0.48588075979756956,0.5331822959620832,0.6414298676297167,0.44210734211921277,0.4646203356280871,0.5527602918498339,0.4169286254787083,0.45170270915153865,0.4593373740178548,0.561097689463552,0.4446057452842182,0.4620383692186849,0.5470730191409136,0.485796944705839,0.43215693831340074,0.45293427560760163,0.5177204484718253,0.469826717601615,0.4865330080814737,0.4739874762175651,0.4596458455670046,0.47382777230575873,0.49597986978954095,0.47799887351098913,0.4702185035218904,0.5012224779534808,0.4321702170737869,0.4614189462009704,0.4959250542797713,0.4734796044953925,0.4687069987102968,0.45202346585798653,0.4477401150548116,0.43409523850835674,0.542784878941998,0.5289993596449962,0.4430281614277771,0.44248734603418194,0.5684529062666926,0.4760529909009952,0.45782205464292025,0.5005061123129402,0.4195269515107741,0.476249640286751,0.4927000109988871,0.4053783263784137,0.4125449858558536,0.4231142444927748,0.4598410716189423,0.5063701262654576,0.5105998652886523,0.4358139876966177,0.4248345486376198,0.4148101199218577,0.5080363314982017,0.5390164853646076,0.39943151543438066,0.4748650695724962,0.508268597276445,0.4097684071738547,0.37402504719887153,0.47276852066883973,0.4210006983176155,0.5017381500957588,0.4904517471380988,0.41756604330006053,0.49123658970152834,0.45103136028594537,0.42149595180181865,0.4503044741092839,0.4102584058395033,0.4446940285931862,0.43350209371784554,0.5165800660883123,0.401643191433878,0.4246277143334656,0.5406636351425025,0.448728712544056,0.48447668045074366,0.4021154765939748,0.4291172332199396,0.43205502715551747,0.47478136397719356,0.3973330844087753,0.5363580353830758,0.4407725667144964,0.46605420541633497,0.4790026951035423,0.5405438754032315,0.4579479479946542,0.49185726271508445,0.4794991719126362,0.4137063394870916,0.42699872096474734,0.4649865752705536,0.4202403123860186,0.4455755009380592,0.4533755504168004,0.5372926590775969,0.5690714941969791,0.4268091424535223,0.4306185430289832,0.4162463759952743,0.4194674148723062,0.45060031334167855,0.39097672028947816,0.5373065808319809,0.4130747408761431,0.5055022177821507,0.5963970861005246,0.46063742852967937,0.4855450356368063,0.5388806232529733,0.39831198658814554,0.4150396947443498,0.49297256155112995,0.4214666447837851,0.47185465197761844,0.4345415218915466,0.5524207673524886,0.45250408957058047,0.47462926288196483,0.5532035732689567,0.44340502340990323,0.49329802551348145,0.49122328685478683,0.42237872320860476,0.4881547909967214,0.4869087862865632,0.6254000589985592,0.5164748662262195,0.4097187453231395,0.47560575834307695,0.49526673535038046,0.5270994712197216,0.519386274065646,0.4478840826331838,0.4277299205784875,0.4928509948939968,0.4113481814244714,0.4057918725767267,0.4693087071178794,0.4152785392521239,0.4080727704379932,0.42390779409612733
0.5644628909382959,0.5439887219377282,0.4669130592660089,0.0,0.5105895293223027,0.5228562919820658,0.5911934847102142,0.5852000998329133,0.5064482212037404,0.4554466572224405,0.5223654931651207,0.49982043622467826,0.5809347334665593,0.6059202719017912,0.5794903215485896,0.562267310123553,0.607708012214155,0.6204047985677345,0.5681772611121769,0.5802406255026018,0.6576331304504991,0.5212736869199953,0.5821946245190485,0.5476040631216003,0.5547191551482522,0.599611953360794,0.5280292255985929,0.5552764920511999,0.4191544435318685,0.45795638508591585,0.5521985749089233,0.584222235885826,0.6954782583636352,0.5959446904672914,0.5794942738025922,0.6054512355112146,0.5541538822946389,0.6252282456352509,0.5255689171220327,0.6985394054367009,0.6209408401626597,0.5247379688755819,0.6043413132973369,0.5678508989129776,0.6312443763142745,0.659724106332624,0.5186708207444323,0.47345217504637704,0.6235489617057044,0.6348852951052825,0.7020801431203523,0.6435590693606001,0.6356843654430133,0.6197412739187127,0.5418486839251363,0.5143023447803255,0.6825537987073715,0.5609843557018251,0.6262043510324332,0.7287695577667366,0.5807833555455597,0.6007295774745456,0.6406395681226807,0.5468835978999972,0.5929324714257271,0.6208393085062736,0.6106639754454944,0.5463584849425965,0.5071760933726569,0.5919560592096141,0.604801599659669,0.6206805719438453,0.547040936419225,0.7426693240720517,0.5727332018717203,0.5565935317069775,0.6570749470995779,0.5993057133107921,0.6089897862070559,0.47200189753701455,0.5621807868510296,0.6257844482623593,0.5410799971273771,0.588171519459161,0.6470134481225858,0.6239705335357028,0.546329186993142,0.6096025746512028,0.6535870998199241,0.5063671459381894,0.5921497350270458,0.5960876121662988,0.5857991144197279,0.6002400586167562,0.6554530130525129,0.4930450101102992,0.5739125586529027,0.5776960866092838,0.5536381570669974,0.6700914460514128,0.5750048554422347,0.5656867420502977,0.5849705614441344,0.4843009905787229,0.656181201429983,0.6390392227899674,0.6481400766281757,0.5535462651822027,0.652171587877333,0.4856582189742522,0.6192290651754007,0.6211433418272044,0.553551337217257,0.6016687795041397,0.6821819698440054,0.5759721991987944,0.6231863167468622,0.4706748762487489,0.5425865206894094,0.5792482855676303,0.5930550777056568,0.6040827553847867,0.5289125208603375,0.6280050590963724,0.49977126354840185,0.49661880748927034,0.5947331121665311,0.5626536645847772,0.5451123661037749,0.6382050511104744,0.4812850128639488,0.599303010239045,0.5490075564382069,0.5877772771993209,0.5121644552675018,0.5230398795600488,0.49562459079565935,0.6210312134725912,0.5987759564809376,0.6071344761904908,0.5942927248459436,0.5836953638243565,0.6904528805104918,0.6043628889853381,0.5970947601456008,0.5471413680055833,0.548225522978028,0.5923300125451898,0.4920297154412094,0.4809768147828719,0.6010682563835622,0.5967357391388045,0.5617455753621289,0.49727168140289757,0.6058992374293105,0.5804722848080187,0.499135139490742,0.5804901078045137,0.5926291687004615,0.602973432294937,0.5907196457708861,0.5622466726381553,0.5708185739661926,0.5655328021562923
0.515937401511987,0.49126369466945813,0.4735645346125276,0.5105895293223027,0.0,0.45925640682165203,0.53200190971733,0.4741821614231035,0.5088975701001754,0.4265334552193139,0.5027912832948085,0.48054197861877673,0.48084618867029455,0.5129851392030159,0.5265272840539154,0.5418039713930428,0.5604057255898655,0.56937141538868,0.4956363539550588,0.5082441998098962,0.5545075242010893,0.543484172654018,0.5354385112484596,0.48473130399779973,0.48409592273306135,0.4808560116998624,0.5024449117276366,0.4714352941901291,0.41191818834662947,0.5416638499371095,0.48366620524351345,0.5065095847581067,0.5147407711226886,0.4529195670884258,0.5263505560774769,0.53328301106158,0.4703900620092689,0.5593442332134481,0.47342069813336574,0.5319796534812602,0.529323132271279,0.5341746078193078,0.546427457815035,0.5023610391624913,0.4830597320623251,0.4967311633049672,0.5565007144473033,0.4386326361304371,0.5427148738958693,0.5963000719499657,0.5468325073055548,0.5266558423711305,0.5295821741564218,0.494600106217088,0.4748542524166315,0.45834455975035837,0.5446241496572963,0.5764704508634292,0.5073955411828507,0.5516224732332993,0.42741582688854896,0.5005903537079848,0.5356257832258566,0.5314313481221673,0.5016186184885035,0.44979897794882834,0.439545918586742,0.4927874627232183,0.5210286832833849,0.5034654963919023,0.5097377591956876,0.5136359917413598,0.45553849166695015,0.5379866598633414,0.5074259182607437,0.44177219901556936,0.4960018100842143,0.5842996487323145,0.46248066131723686,0.40394167884963333,0.4612386412715101,0.5189342744047428,0.5316556106012025,0.4615426793750407,0.4999784214781297,0.5273045449046789,0.43591757325799807,0.5136030853639446,0.48184147784291825,0.4304366723192913,0.6360459755772491,0.5016737759760169,0.5919937893618972,0.457419157988646,0.5177732131674609,0.4564992404517461,0.4414314047772412,0.473561357228871,0.5153688937204094,0.4634433304617162,0.45698068113462315,0.44827757318960715,0.4655723859554513,0.4512294315384571,0.526591263360181,0.5244388230261762,0.47780256701578183,0.498645736496088,0.524923410571341,0.4313312610068329,0.4956712751273595,0.5326178982248878,0.43027377521736987,0.5080130447812573,0.5026003818791166,0.5235439894440462,0.48796113715232625,0.48395387447655536,0.4651309325620243,0.4999461833472782,0.6202194021264001,0.4689463015871436,0.44546142198177996,0.509232550667038,0.44736875237975415,0.4397035016597649,0.48776540828063714,0.5021181768731042,0.4639470471741426,0.5279513919280893,0.4855829092409429,0.5346676222757881,0.4247354077902984,0.49992845471793806,0.43857058192707676,0.48308415988612086,0.4776460308288388,0.5424335523150741,0.5123809492556806,0.5257759323973822,0.4543866049171856,0.5402707694826749,0.5342593382634676,0.5338996995922913,0.49745263625690617,0.5008839913031797,0.5690872761799783,0.4822012697928469,0.46867302017308,0.4767911925944274,0.4659291966850644,0.5058843820937242,0.572414332082194,0.4966882986127237,0.4980484059163938,0.45754134300757887,0.42608669095673274,0.48862553254756114,0.4615783510548925,0.47920580007887253,0.45884135226211,0.47508799149444947,0.4607690252112902,0.5353936344767123
0.5351797327821552,0.6324002955120728,0.5699745601066428,0.5228562919820658,0.45925640682165203,0.0,0.4847497825382308,0.5897648774691919,0.4877378715245289,0.5416783899233714,0.584971778220704,0.5600697949111527,0.6448137407462293,0.50152612795867,0.4913135547317394,0.6388996437682931,0.5659950861071584,0.5009819943482728,0.5585502059909935,0.5902726853661111,0.6075664744492866,0.5896734577171187,0.4638474647983783,0.5415576264998855,0.668676069677137,0.47787463912854006,0.44423558683556535,0.5128557964821272,0.4806665732771117,0.45917689997830363,0.5324500643295771,0.61948566070107,0.5245640720743031,0.5149522827200114,0.5178209434400834,0.4983567462621019,0.605245782393256,0.5278217601869206,0.4970412345252648,0.5068244060667227,0.4888632283490783,0.5652455541440994,0.5155163516533573,0.5535240324646681,0.5673110390269541,0.49435879954156503,0.4829793209940496,0.5686165511140505,0.5264444919172638,0.48354796482303164,0.5043406668419825,0.5319058366040635,0.4738653433935261,0.5708140861775953,0.516428790709155,0.5613242530345859,0.518442127016304,0.5656092864428445,0.5013871097480812,0.49369101148868055,0.6376160489231385,0.45907549766266453,0.5429528412859201,0.4741665750027024,0.46050196411128325,0.5030083753358104,0.5191813863701544,0.5578066846130176,0.46727394682565776,0.5919401695695774,0.5245968464780236,0.47438484982723705,0.48285593512607905,0.5717402258569144,0.5787260873094352,0.4986579835643162,0.5347535556520828,0.5412072105970037,0.47508542497362466,0.48082959318223456,0.6071695961337217,0.4850711028225127,0.595799795059396,0.5975361016954361,0.4828104720572381,0.5768469419623697,0.5960732357365619,0.45503088343408443,0.5357712250097697,0.5099114171950839,0.4650607837301464,0.4872081024726002,0.5008260671338872,0.4993080034022778,0.48096449034948713,0.6003932363844696,0.5134569330232148,0.5724410076966188,0.4406719072176545,0.5041382707987492,0.5113970034857092,0.5132247930702818,0.43591344623815637,0.5096363253834134,0.48970743207988865,0.535066044377933,0.5223855045562753,0.619341596130737,0.4903560642339573,0.6254586948248152,0.5688583541620381,0.45579008464314813,0.5504852162163062,0.5107209875483878,0.4857780078185083,0.5135578296684068,0.5612142745937537,0.49641855785945666,0.6056799634331016,0.48036793927741783,0.4711528720428361,0.4609941174822074,0.5376164342477995,0.5541878138046584,0.4740293838684091,0.5556643452186254,0.4483620090004657,0.5381326738856335,0.5821436377401712,0.49510216557069103,0.5276866384970788,0.6207385019512124,0.5020409264468834,0.4967621846915785,0.571112038693088,0.4844047196421875,0.5738849915714717,0.4700918666392375,0.5370063274566329,0.49581479193887545,0.550046884881738,0.6071916070132936,0.5031397076369415,0.4982225784152664,0.5859050684886904,0.4671468586818461,0.5405881635669652,0.5412844832013003,0.5978821161455805,0.4924354297107209,0.5062180219414011,0.5323643707473414,0.4861967228821187,0.4819376575865876,0.5995791524132459,0.5732267612082736,0.5376340632774502,0.6220193647358184,0.4812063292140591,0.4772592264928745,0.5274255051567657,0.520515029273576,0.4651741498060776,0.5080485981540429
0.5370860564818625,0.5434335161095222,0.4473516376943721,0.5911934847102142,0.53200190971733,0.4847497825382308,0.0,0.5056407495201857,0.47780918610093126,0.4679977629570816,0.47774176131255697,0.523418831853543,0.5350874969108429,0.5288089706936939,0.629740977094294,0.5173618277037559,0.524494147286276,0.5536888447578486,0.5305520783279113,0.5364262077993621,0.5820949353717104,0.498281122405657,0.6411400438644922,0.5982483689396089,0.5619833411867917,0.5470050170073729,0.49082343911750265,0.4838472584417071,0.4194148592574089,0.4642039419234092,0.5756627431458836,0.5783212033514371,0.6022614900589202,0.6282671230064569,0.5509064511141962,0.5469145176764735,0.5565153419682526,0.5097497233943887,0.5175368298532929,0.6651062489931836,0.5464417809659341,0.5041217898054006,0.5851066422224412,0.5660595612880955,0.6102987123819892,0.627117734469524,0.5952688409012498,0.4707084626187878,0.7096561325546332,0.5638363233268319,0.6339048991162599,0.5468129194820645,0.5330138120364105,0.5568052489950273,0.5274843180164502,0.5226299340846461,0.5753259647699597,0.5003484795406784,0.6132313097385562,0.6293651482119839,0.4838780680822274,0.5240732423691961,0.5053100533292998,0.5083511796596986,0.5499025869442198,0.5322760823705872,0.5606981438583476,0.5669187802535963,0.4573988064531783,0.4984543574506503,0.5599427943585503,0.5708643095121122,0.46716735774681134,0.6189414127134061,0.46753253877555306,0.5728145422551385,0.6019836676059594,0.6598609405808705,0.5167896328102664,0.451146314984559,0.49531989223421763,0.557095489446995,0.5695661398332688,0.471565941994972,0.530307401720336,0.5399740675015517,0.4765049277214777,0.5885891734239919,0.6017790452720344,0.5082864757706459,0.5315108223515514,0.6301549265859123,0.5684996352523181,0.5442261252134938,0.5370120732947771,0.513819569368651,0.4768551403468889,0.561507451515894,0.5094798521050989,0.615568241512036,0.5483844392366977,0.513666790184542,0.5447686486598065,0.4900272162240434,0.5270465256035828,0.5922333096816116,0.547530998782299,0.5139919006503867,0.6717704163204412,0.5139064200431555,0.6364663462064,0.5356664411471023,0.4899293730679883,0.4880073292040591,0.5462620907874779,0.5159701379942878,0.5683023524546131,0.5057013554688776,0.4900130117966758,0.4867504882221069,0.5545520395309208,0.48477519814297576,0.48855539130834474,0.6426171824109981,0.4628692713996365,0.501965976432862,0.5128285800361269,0.5917200643681113,0.5047558096666453,0.5903689176998592,0.45675433456908143,0.4922254106909566,0.46397357072961637,0.49018645802888816,0.48524124473005614,0.5095749940282043,0.5338145021102674,0.6354695584322223,0.560608542602574,0.5755658727819236,0.5215130022653257,0.5379677439345132,0.6309058385113269,0.5087729722928993,0.5661011230085773,0.6014396360443973,0.5399355692628722,0.5647707349411364,0.4937454259751774,0.41921265509600303,0.5376259588796499,0.5376066642966946,0.4978681099042368,0.5672062782111584,0.5702370988054283,0.5489480659078477,0.4843994609459832,0.5774362657666253,0.5427215706668177,0.5511471928493029,0.5383423248422272,0.5151625556772034,0.5067379674992748,0.5112207780941422
0.5205458965578824,0.5916603193338298,0.5308143858770895,0.5852000998329133,0.4741821614231035,0.5897648774691919,0.5056407495201857,0.0,0.5324330891971132,0.5154924737596487,0.5237717414820858,0.5827855760689097,0.5815087342125923,0.5038138410623538,0.5541338215037958,0.6001396825372977,0.5496600741199346,0.5376158082003971,0.5733594567998759,0.5669404463571689,0.5960873490094646,0.5614676473551452,0.5164662411068529,0.5161071997926635,0.613807177158799,0.4988829923383753,0.5162139995254128,0.5132431108554476,0.43929915344193515,0.49214564440159514,0.5989941583871836,0.5854020929333735,0.6031310702327974,0.5364251483938742,0.514129913590759,0.5559958876578472,0.5590098190668956,0.5764651662022862,0.5365471567645906,0.5288141043902019,0.5417253157622456,0.5312480890391544,0.5715191947739293,0.5136748034246243,0.6582824401471636,0.5638679132853366,0.5028149354942191,0.4786985696712162,0.5373239768196948,0.5339151447693298,0.5433827233086268,0.5280128547966807,0.5014981068773732,0.57036370351936,0.5256453903005612,0.5297886088595023,0.5443983701103295,0.627615132763566,0.5101078606287663,0.5660867296587928,0.597248787497265,0.5056590018636433,0.5603372820013444,0.4931236245522028,0.48220206728842113,0.5123874977472419,0.5205420488967923,0.5353474275688015,0.49763505085742876,0.6896425717010892,0.5387002521918015,0.4998344919890382,0.4627351675698426,0.6006280892376324,0.587821966424622,0.4902528315209294,0.5605445893119093,0.5497889223845946,0.5442662322985179,0.42223649490093684,0.527391542073764,0.5396385249043532,0.5971707887255118,0.5820389567737243,0.5074288634110081,0.6457548975276504,0.5794636327635151,0.5072336560110008,0.6122212407072543,0.5315695059905358,0.5062080605972898,0.5396819972502357,0.5313770361537914,0.4871433254487936,0.4981854139844824,0.568856252574924,0.5504780104814981,0.58222569419882,0.45911125123271856,0.5417967853934494,0.506901542848451,0.5989026418086772,0.4836758057421909,0.5485122975401467,0.5433912060155216,0.5939439267610307,0.5715307720917293,0.5876088622483219,0.5416014785650705,0.5009135549542462,0.5381111896090695,0.49541148118608674,0.4906407224781896,0.5673061492002613,0.5269182599756451,0.5300655268041018,0.5472641614797151,0.4937872650543412,0.5054383448431998,0.5103489270531658,0.4880441727390205,0.5629052607475757,0.47058960369645425,0.5584264206719999,0.44294617402398245,0.5423811467905172,0.48039537598234655,0.63572579762864,0.5515819710605331,0.5462385089421852,0.5450777250120507,0.5972005903712369,0.4989552426536537,0.5061403366786469,0.525846493264687,0.4627116187795829,0.5431307912645926,0.5095846261689285,0.5967606950575574,0.5901463887263045,0.5580813846225445,0.557072854269705,0.5483796701121965,0.5413431200665388,0.5575289956779486,0.49820363867048745,0.5930495349700479,0.5811408093139009,0.5661129411953059,0.4830414400800592,0.532101396645863,0.5386715188867409,0.5220278852687107,0.5257420255160087,0.6423921175994147,0.5866974857293762,0.4799375144371444,0.6032492357509579,0.47548662558452437,0.4758356190083442,0.5242213713413697,0.4939293310613939,0.5068322247810253,0.49454489010247216
0.6266271658041921,0.4990394067856954,0.42640913529512686,0.5064482212037404,0.5088975701001754,0.4877378715245289,0.47780918610093126,0.5324330891971132,0.0,0.40942533042131063,0.4796201344066928,0.4514750579148765,0.518340650985944,0.5347880184273096,0.49578255196669707,0.4993666779834425,0.5206234436155507,0.6150617384894024,0.4837209836654782,0.5807002247528681,0.5069530982268021,0.5136006304043954,0.507716593935428,0.4688044544104525,0.5061795621716788,0.4624119183791626,0.5210836450566292,0.5103854976358679,0.3712055832666223,0.5495975540100921,0.5146935540602017,0.4848641655962979,0.4916903641629923,0.4629844920662781,0.5732050715151393,0.46515760808449164,0.5062884149943898,0.5724795277247247,0.43215243512509494,0.5008709440419596,0.4704755821515193,0.6226549419128123,0.4871257612653185,0.4658853475924151,0.5018481447993801,0.4990280432121346,0.491851556387794,0.41406053130222065,0.5090306667761813,0.5193750251866672,0.49386072663758923,0.5229555118295194,0.5149629566463177,0.44931202638478673,0.4162092209383207,0.5601334503909026,0.5509033619180745,0.5310395333488399,0.47672547719383157,0.5220027752085173,0.4585329118754671,0.47905152152864117,0.517056565510462,0.4792453487734796,0.5003854224443981,0.47235807452838,0.48174553055300867,0.5123768976905122,0.49125422703547367,0.5915266233355319,0.5400771853002436,0.5137908985772769,0.5047418171693037,0.5125957193246704,0.540298856735154,0.48077392400238594,0.45942694600828154,0.4841755943027714,0.4830124457840911,0.419002864557702,0.4726018826352826,0.576552224834689,0.5615984657353833,0.5067418465782619,0.5114772433329706,0.6224933307047757,0.5115418284742791,0.4982843834949655,0.5319533428880938,0.5292240436769435,0.561212541884985,0.5197688026289767,0.4721507845494991,0.4859791531685853,0.5333903816347906,0.46097388295174613,0.4569013433880577,0.5084995371377219,0.5162788005381644,0.4929589786841606,0.46661614232758997,0.4328699372113526,0.45348263754773066,0.43042092678972893,0.5463212587154559,0.521888535663748,0.4467020460493516,0.5515305794809832,0.47517843873150445,0.4409544277202565,0.4631234838261627,0.5172324678270249,0.480765218239937,0.559231607596564,0.5141471407714037,0.5984237093283891,0.5273465843824594,0.4232371650414258,0.43042527776111494,0.588606554993166,0.5389090094229532,0.493455774341332,0.4982568783165318,0.5049852331768031,0.5126140296367854,0.41104558377758804,0.482606862996583,0.475637821772419,0.4295643749923355,0.5015346599447258,0.6204786129065174,0.5285539697294347,0.4990205704776812,0.5971950227435893,0.44451108580190996,0.46814894054022066,0.5064705323652031,0.5025176310914534,0.49084614481721334,0.5093220551219688,0.47002381979910307,0.5110252743789712,0.5599443950716642,0.4998943883586829,0.4843582786126438,0.5119225310692934,0.593424205248721,0.457960402573944,0.4585439775287519,0.4535532206849428,0.5260298079720052,0.49445615320592495,0.5239240112938225,0.44428651687853604,0.4942872635326925,0.5230735837701298,0.47138057875938744,0.502365452055601,0.4871670120236675,0.4714200597201862,0.45218155696743917,0.5521765821945566,0.48287923636205377,0.6037844026435002
0.4229787395791666,0.6146318013739416,0.6208624442292079,0.4554466572224405,0.4265334552193139,0.5416783899233714,0.4679977629570816,0.5154924737596487,0.40942533042131063,0.0,0.5021050897664328,0.5899944543919086,0.4972928034258068,0.4466474413201973,0.4606953750126456,0.5509201658936794,0.4890705401523791,0.4372223896799532,0.509317019504643,0.4737474149836541,0.49965084745075755,0.5421386921091672,0.46178726119060065,0.4652741378010682,0.6048297779059181,0.40163923699824333,0.44598348320266623,0.4508556550066884,0.6175992209647243,0.4285569566305292,0.4845259974315287,0.5588545930048238,0.4795768467362497,0.4605318148664253,0.4453386839099897,0.5010507635559719,0.47279857578595724,0.45788031990142486,0.4793252701052436,0.454288892534009,0.46058444216689415,0.4640402976894377,0.46515959729164,0.4646742959871392,0.5119500949585303,0.43546857030845626,0.4528069204948631,0.4835474185605509,0.49368990267422896,0.4391523679548095,0.43931080666382494,0.419706976283332,0.4210609728330354,0.5236787473746732,0.547048498471131,0.44995434655329225,0.4279067968617531,0.5073982745304292,0.48465800796809094,0.4516703994717278,0.490280186890333,0.4067518444159462,0.4314288378187099,0.4762145570032406,0.39657602373464995,0.4084815309876329,0.42730856738455575,0.44774427897690383,0.4603148369071618,0.483898787861112,0.4168787140430991,0.4280867690041422,0.3943948095412208,0.48430765782317237,0.4870548370578142,0.4243329664270711,0.4662786486553106,0.5069822511752637,0.4073240288965067,0.37797816881453705,0.4652714751955631,0.405399116862414,0.4996254827057834,0.46962434737998526,0.40758297151257705,0.47074731821837285,0.44263662154310024,0.4224603484694971,0.47231254598765465,0.41718038030606325,0.41166774734238715,0.44797457917012207,0.5037063463448237,0.40375522406848086,0.4095683699625362,0.5838980815037996,0.4335316692035683,0.5039616978013607,0.3934990334896025,0.43703308118365636,0.4517533741961864,0.4759418841117272,0.4008405312942748,0.60804333373743,0.4223168174374924,0.4514120036246489,0.4733544710767916,0.5400416474358986,0.4641908554846586,0.5110191996168825,0.48752949241526217,0.39981998907360833,0.4181208048023447,0.45388100157005773,0.40975989975881266,0.4202594455767952,0.4705314964873273,0.5772623231699734,0.5316233929245782,0.4125686683688344,0.4055020377869735,0.4055224078931429,0.4121456715626684,0.45693016309780116,0.3864057460233698,0.59693695755231,0.3966655191668976,0.5030103627957453,0.6186621197891056,0.4550777889366612,0.47268870404955265,0.47495658902891713,0.39646303676420414,0.3960569839738747,0.48846467151073486,0.41394818657563365,0.49062394437542634,0.4317584371150045,0.5546019536704743,0.4612558052925134,0.4899667556216903,0.5325836727705439,0.4404795966527256,0.46563191017638,0.4970102533714923,0.42238531022661874,0.4547398565669295,0.5114510169688726,0.7013176754125872,0.47945464440842706,0.4091937635955437,0.49634955455989815,0.4526234385652096,0.5368197146083371,0.5377826163072406,0.45284345611158344,0.4287147382976249,0.495713723016988,0.417173308651394,0.405649675296456,0.489663619094902,0.4197109290937387,0.4170109146560682,0.40036607566343296
0.547444024710566,0.5681769020531352,0.5526845708720528,0.5223654931651207,0.5027912832948085,0.584971778220704,0.47774176131255697,0.5237717414820858,0.4796201344066928,0.5021050897664328,0.0,0.5133684091233228,0.61699618841287,0.5464277480000101,0.48301388465382056,0.6879312732345272,0.6162112991516323,0.5448221942432957,0.5549328766917726,0.6013917009946748,0.5545357736267259,0.6557331924800773,0.4854526785133532,0.5059002407887252,0.5885155116136555,0.45248113462754774,0.4996315233018229,0.5855333246048102,0.5133716397301905,0.48259796240340685,0.48928812502400737,0.5942563859700258,0.5022477771658005,0.4714736400226718,0.5583540751934127,0.5060552696040856,0.5543958980973016,0.5640479275571082,0.49001562737834775,0.5125094745693918,0.4757411888626639,0.5336849136943503,0.5107384390659598,0.5277206075272253,0.5153998536159201,0.4560979646815519,0.436196116593788,0.5604492133246689,0.5576812004928089,0.5062508659564688,0.4972520949324811,0.48749478451238976,0.4796533314366134,0.5515318874933822,0.5527885557958603,0.45629959052932423,0.5254335535806947,0.5810692792202291,0.5154284363385434,0.49974095337976526,0.5695995549095083,0.4362840534930335,0.537776757965209,0.5100861611819683,0.44967453537121255,0.4594825608184746,0.4748178164212671,0.4917424899572019,0.5405108775343471,0.6006208812480843,0.4826691287035585,0.4911469364281835,0.4919589607145077,0.5605045132898686,0.6156596813200843,0.4610652519555497,0.5336234558738364,0.5199763023875394,0.44111925885468023,0.43443717519362907,0.49922160424332107,0.4582853389617925,0.5181796987529207,0.5690388338855377,0.4674917082267472,0.5264819087039684,0.534633104656702,0.46543830522145435,0.4901356899134053,0.4306771248550934,0.4987476369350359,0.4434022078252505,0.5630253894045996,0.48244585521734884,0.4831942971298141,0.5124497386519311,0.46324164877225893,0.47243705039315875,0.4456146493248279,0.4602146172485646,0.5105048262965672,0.4831552188126176,0.4163682744512727,0.46346257646648314,0.49673597534462277,0.4778125597160461,0.47769662050357653,0.5737582287218865,0.4641016453716442,0.5109021908931916,0.5323328159877966,0.45942124484522345,0.4968237258368705,0.5300640499337487,0.48114376890573746,0.5043269596652323,0.5113051068520997,0.5573055950773793,0.5689632233658672,0.4785286916383538,0.5012473093548974,0.4386411765777297,0.4939823668454824,0.4991869273319199,0.4745395907278514,0.5144806861300556,0.4305435393161592,0.4891755807613755,0.5437966078046151,0.4930585075274434,0.49399337029832285,0.5679257228552084,0.5073239189821133,0.49443203022821586,0.5379083657871181,0.47781694535452907,0.5102330749501566,0.4819405815122772,0.5788738266113399,0.4801624190064148,0.5305885646446725,0.6203300050001938,0.4808111505221884,0.5061600805171608,0.5433800933486475,0.4427381335204769,0.4928310726648184,0.4756643837381569,0.5475040706731001,0.5151055230543182,0.492800406882272,0.5280219225122567,0.5752533822662711,0.44235124092386696,0.5099351160582943,0.5037589864863106,0.5590886358421014,0.5033195549855618,0.510797705915507,0.4891367555459795,0.4682752712627921,0.5027253580568126,0.42168490106074247,0.5398457672888443
0.4580349075327454,0.6431785513800854,0.5569123602178336,0.49982043622467826,0.48054197861877673,0.5600697949111527,0.523418831853543,0.5827855760689097,0.4514750579148765,0.5899944543919086,0.5133684091233228,0.0,0.5002379356458665,0.4394295694208331,0.5557452053814502,0.57133676462475,0.5056335364078782,0.4628569662887521,0.6375407659647292,0.518311776783106,0.5773335383778224,0.5601359623487716,0.5065239809946129,0.5482338018552988,0.6294841746642189,0.43585808863282316,0.45255104520315853,0.46208911129878133,0.5125193017011489,0.4783137574193211,0.5943816706425492,0.5766475212189415,0.5468782237268481,0.5259255974050997,0.4755161513004581,0.5408531498613598,0.5071742461496754,0.48929121341296467,0.6156900539388901,0.4867037552171926,0.527619016722469,0.4812415414400875,0.536245320098279,0.5230186479380822,0.5713657907150805,0.4979633526365705,0.4929413639847109,0.5018958163078615,0.5386422088682167,0.4884991380987076,0.49985553335374794,0.4661119938962772,0.45905671503575685,0.590991140347705,0.5785940543321796,0.47463903574232086,0.4891723808209799,0.5765444970327126,0.4857788338377648,0.509378391104876,0.5112447099115449,0.43743464634615786,0.4728145638410845,0.47107994125134456,0.44403723368769404,0.4476207309557107,0.4498465653723186,0.47588550351417874,0.4385184060375334,0.5176472131890598,0.46550197498000506,0.4550791485640331,0.3991906515971167,0.5241559158149038,0.49905203828974604,0.459336956407307,0.5131474507034864,0.5639451879951187,0.4644244727173512,0.40238964206460115,0.4847992239990855,0.4644118793691107,0.5786473911721339,0.4752896569339588,0.4439669484796454,0.5263441317803232,0.4722683927035145,0.4513068347915857,0.5159206772870971,0.46942799149471603,0.4466489054270981,0.5076827491765019,0.5589322071258579,0.4519775677394197,0.43428594365346646,0.6135935280009821,0.48765290231756675,0.5396832276246719,0.41642785330846366,0.4670145381792525,0.48493830165528573,0.5373924629296444,0.43456355989390255,0.6278289453276287,0.45802582476152415,0.5062436387220528,0.5240155167772622,0.5362378457853103,0.5136835040600986,0.5394868899926941,0.5648822550744353,0.43965114055809273,0.42477057364540594,0.47192108160726837,0.44971699615553357,0.4549294567476866,0.5070164323457902,0.5941585922637281,0.49911106168457264,0.4223174214506734,0.4554999973343022,0.44608378729975623,0.43085699779495956,0.5348961373531402,0.4075518148839668,0.6412918149642748,0.41685617729608315,0.6178658416789576,0.5852124914058342,0.48694759206647925,0.4783747294782939,0.5107895446022216,0.41984210515674486,0.4397515861714567,0.5390156674161098,0.4508241475673155,0.5696415561949254,0.47910276177739297,0.5653568899906527,0.5631603772153401,0.5036381450475804,0.5306647586944597,0.49089096924468506,0.4907259638998161,0.5407456952874652,0.451498460381068,0.5519403462749646,0.5656575056376107,0.6352301494960801,0.46359833914055554,0.47068824348122457,0.5306071030297317,0.5017870505798813,0.5502116906443818,0.63339273784212,0.5073985235882117,0.45588781363887076,0.559498644123826,0.4368647501840394,0.43162835745666417,0.4807878696684472,0.4489198039575184,0.45277505701762005,0.444623689795976
