0,1,2,3,4,5,6,7,8,9,10,11,12,13,14,15,16,17,18,19,20,21,22,23,24,25,26,27,28,29,30,31,32,33,34,35,36,37,38,39,40,41,42,43,44,45,46,47,48,49,50,51,52,53,54,55,56,57,58,59,60,61,62,63,64,65,66,67,68,69,70,71,72,73,74,75,76,77,78,79,80,81,82,83,84,85,86,87,88,89,90,91,92,93,94,95,96,97,98,99,100,101,102,103,104,105,106,107,108,109,110,111,112,113,114,115,116,117,118,119,120,121,122,123,124,125,126,127,128,129,130,131,132,133,134,135,136,137,138,139,140,141,142,143,144,145,146,147,148,149,150,151,152,153,154,155,156,157,158,159,160,161,162,163
0.0,0.8200550932742746,0.8323030381572499,0.8067369338600734,0.8357796869425009,0.8420387873489442,0.7863547980619737,0.8381572123915093,0.8819130754245669,0.7517609724263318,0.9073431552436885,0.7821510321197024,0.9162169545308648,0.8426387440491713,0.7665452347276223,0.8764100180667855,0.9201744768248046,0.9343725713001318,0.8030091120555475,0.9035777304810664,0.8476289554893964,0.8684683815050275,0.8574168114797518,0.77765444940663,0.8569235149509035,0.7806319732013387,0.8093427305946664,0.9214247878117949,0.7294599100022565,0.8299579135106471,0.7727862339627655,0.8647579101153048,0.750121038379252,0.7848640407848128,0.9343591143881237,0.812805091205354,0.8629972271131986,0.8971220768778224,0.7015207795234937,0.8113937489676252,0.7627325171834854,0.91903835426635,0.8173829868782853,0.7932380701809213,0.8157302745901726,0.7990455196507724,0.7868684152720928,0.7983521198999294,0.8953620448930156,0.8858791659705247,0.8577388522615889,0.8692870538689216,0.8234198087757023,0.7838220690524974,0.7780892627372182,0.8605445398391868,0.9123043046768964,0.8703435002899146,0.8230284936710978,0.8449076015054371,0.8075368611089615,0.7419593326203993,0.9032586728946678,0.8097806876212801,0.805991399945561,0.7877602618365692,0.7823697520975278,0.8035496023362382,0.8588631651542354,0.8913808901173026,0.8720903941218853,0.8231925443895836,0.9117816937652456,0.8899492448414579,0.8933236771351798,0.7970517190159785,0.8136155609482828,0.7663398406708427,0.7474171960264435,0.6745053589284452,0.8070422256552796,0.8495925143790859,0.8121791620608683,0.8621751336251343,0.9019331527428779,0.9060982627656502,0.845664030580924,0.8309422569026274,0.8709139646141861,0.753633065637337,0.9215071639400735,0.7549546508678054,0.8477607152014782,0.8376215702709849,0.9053123580997191,0.735389679732978,0.6780229913778947,0.7908286739988334,0.7911913092282599,0.822560749217547,0.721241868617471,0.7182173453525474,0.7266902222195836,0.6942119894650802,0.9094425904374571,0.8342226052822929,0.7645035800235673,0.8986638665939383,0.7638354000455648,0.7944258667449406,0.8120130994069326,0.9137038923392136,0.8993395865135888,0.8375809010587864,0.8635263085927796,0.9172946936968345,0.8796384759166407,0.7852945375653452,0.8506341272441718,0.8506182628011248,0.858922375359672,0.7572377196322425,0.8868973985538005,0.8037087094032607,0.86089657634938,0.7127899451132372,0.8126466352381553,0.7502586246463753,0.7929034369212561,0.7657038739146662,0.851166501465837,0.8487975436742093,0.8084522780945554,0.8718269522369229,0.7686595764762602,0.7843494434123196,0.7858329639721912,0.7911666655610228,0.7978848754445446,0.7980796955051533,0.7274024812757954,0.8380313687276861,0.8670816888501083,0.8286613103023484,0.8107699594115552,0.8325210423071967,0.8481547131172091,0.6958130882498406,0.7986842558002977,0.747405136599006,0.8632480066517995,0.7866652065176388,0.8655080999408388,0.7439806680913718,0.78500277357565,0.8116539328061432,0.8612332847308386,0.809091001993623,0.7712981824964311,0.8946191347917651,0.7281749272514851,0.8895369325223146,0.843863747390907,0.9468505329677602
0.8200550932742746,0.0,0.9159552482281901,0.8593571783015275,0.7823564938953407,0.8791844181667343,0.8447881253138653,0.8779531171827684,0.7543192469952428,0.8980779190762757,0.8955206338029675,0.900099657206536,0.8801670026997015,0.8096134510322527,0.8806682243365376,0.8429909300819504,0.8572311944356099,0.8068149157349729,0.8443771620195551,0.8314480220761126,0.8686352117289955,0.9311283290865252,0.8219752184860607,0.8728012148048452,0.878943890388022,0.735808481586328,0.7881480289325715,0.8388052026188179,0.8991998495420185,0.724264771710374,0.855258937075521,0.8364133763510632,0.8728827586807083,0.7782325601052577,0.8645259808429089,0.8968749592962859,0.8260522607671251,0.8244856449729496,0.864394447030437,0.8539450089659163,0.898982413444462,0.8087847259235653,0.7525911930417162,0.8346608439611267,0.8678938563790323,0.8063750874479216,0.7522883746745266,0.8379082334995075,0.8694749898521811,0.829088044278007,0.8349467457460714,0.814553235189834,0.8513545409064367,0.9231844747702076,0.898425445226825,0.8339575549871268,0.8266249820765261,0.8318295693083961,0.8362442660824948,0.8679199815199945,0.8910043206453999,0.6840464314094976,0.8019508561669582,0.7872409832863468,0.7499436642549903,0.7351824024824587,0.8092622093926727,0.757075503689044,0.7518547332593145,0.8125812493880232,0.8059052612277322,0.7832012660914964,0.7414437275625219,0.8840470658808128,0.8536564699297842,0.7480428045132964,0.8190235562558612,0.8166202979603072,0.7254284906553621,0.6406750527814649,0.8407863682581431,0.7981250474095214,0.86607284103838,0.8429004151864711,0.7536688108650647,0.9077038417326387,0.7448655375482196,0.7173686474032133,0.8391584754654668,0.8282037859712171,0.777976162454551,0.7926895319910091,0.8976368867452889,0.8045932304723035,0.8242338238037148,0.8541085636655773,0.7497649078063272,0.8096374385251184,0.6851219277597702,0.8318058737277104,0.8128203470223643,0.7326281621334424,0.6654558398075716,0.797481967801859,0.7889884568030914,0.7886951686955209,0.8092644656642143,0.8574655307764253,0.8444212634489341,0.8940484820614157,0.85398477992873,0.7619606914297473,0.8057057369605364,0.7561215000395046,0.8061811381732266,0.8508555109025585,0.824592128461759,0.8173929768278375,0.8765268409537349,0.7421432778007382,0.7902128242471186,0.7140057397267557,0.7673942341789499,0.8566821154326798,0.7427242422146145,0.8785852317938233,0.7343127431826263,0.841119232254705,0.9086594013787953,0.8071058760895061,0.7781634239689929,0.8000404602976963,0.7266804068528289,0.8156733232280297,0.8742009728778952,0.8144731071269125,0.8005489864875115,0.8285836900133833,0.8545883724987129,0.8566316441352746,0.8147640332588233,0.81385403735496,0.8767683305697405,0.8356814985882302,0.8739282433853721,0.7065419968703676,0.8822930722525253,0.8581492785337158,0.8644518886631474,0.7386352930947718,0.7886979459935025,0.8798862554650159,0.8470541531030561,0.853519429903754,0.866181706720038,0.8398422072750327,0.8763785135221835,0.8601970546192065,0.813051810132885,0.7494052116025267,0.8354871515822297,0.7714493854041065,0.9200037505108561,0.8192001621550223
0.8323030381572499,0.9159552482281901,0.0,0.7931370321940319,0.8736725778723168,0.8832850289868255,0.8118752576006737,0.8715940364189748,0.7487738233693346,0.9049874319498377,0.948279250325851,0.8914815421972806,0.9091137866739403,0.7824166869274848,0.8325915955474602,0.945401234542971,0.9171882339142771,0.8386586791454872,0.8321939210688157,0.8362237881625874,0.9129225431284386,0.9645918104496375,0.8176380797302777,0.8395767072954602,0.8861777746777657,0.7579028908026048,0.7846944795140476,0.8376904026806948,0.8870281584995928,0.8034383040323867,0.7933668372787641,0.9045076120554965,0.7873355461185849,0.7396373116949116,0.8112320934647756,0.8744766382507085,0.8519596079584859,0.8588826816039435,0.8472720967018619,0.8245108015142607,0.8341843965111294,0.8539165743217383,0.849400713464581,0.8233413051585232,0.8345391338546059,0.8010427345842688,0.8054465485962714,0.8886397749193391,0.8847712169079641,0.8748132127171805,0.8633996529833984,0.8103571974238098,0.8093700082762155,0.8808567194257875,0.9048600903112445,0.788044636032623,0.849348775043941,0.9021190078288153,0.8339526941542761,0.8401544148173932,0.8610049441258365,0.7123747274513121,0.8644908595010705,0.803213775107745,0.7522953227175573,0.7441828086048015,0.7574813067818086,0.8158964874473259,0.8309841734484935,0.8549018552374694,0.8318303602395118,0.7515216370657806,0.7520339280848604,0.9169092149119197,0.8852425660579859,0.6980624509356123,0.8854017121655025,0.8595460257465786,0.7112569855326675,0.6581605606737414,0.8687758317148359,0.7701082360954764,0.8867882723495811,0.8376437726320074,0.774265120133179,0.8720148041670657,0.7725540116882776,0.7505033987411116,0.8073146209482397,0.7352534387084376,0.837350303342727,0.713305228819122,0.9452668222155761,0.7624555845214621,0.8107529116520178,0.8203838668660995,0.7207182854666785,0.75551814108261,0.6696159927841974,0.7661439739330864,0.7385287005161477,0.8083298277020377,0.6559505759842357,0.7674014264631056,0.7929180729807735,0.8349056590276926,0.8489006728253073,0.8667690020403319,0.8248637552763691,0.8788679609865063,0.8413523319402415,0.7888786890309518,0.7896067034258394,0.7923072954340392,0.7771302743380697,0.8408364989470248,0.7890415184581495,0.9142914049421095,0.8916658392719021,0.7159988984581529,0.8375131882985974,0.7155004032089686,0.7529345987627534,0.8458688956397505,0.6967338125006166,0.8546261089168912,0.740694730768835,0.8485592409068751,0.8835241207474045,0.8049203562040673,0.7929966010034071,0.8984850743861907,0.7141746463844052,0.7521664955978515,0.8551506949271684,0.822897703378302,0.8121751567792741,0.7827230175863408,0.8443769179769367,0.883934613024237,0.7427296789228844,0.8687801883327635,0.8178129630898668,0.8556943832501509,0.8884691908538809,0.7213643795677342,0.888072960717321,0.8666669592085706,0.8932026700181797,0.7654009806108387,0.7472502064366258,0.8304413256513001,0.8764804703650785,0.8755214901687715,0.8501221288765561,0.818114726500836,0.8570326415146886,0.8652234367754754,0.7194112867252981,0.79238497781159,0.808405641811191,0.7228793980087419,0.886796020822162,0.8334736075490355
0.8067369338600734,0.8593571783015275,0.7931370321940319,0.0,0.7537720242472359,0.8053933049573888,0.8875451224200808,0.8325153857117809,0.7034422089009645,0.7632819445003589,0.8325171633770652,0.811586139154624,0.8162595145861762,0.7736329462325999,0.8965079210069564,0.7404320924920216,0.7917119948785734,0.8004969975685409,0.7993007018284658,0.7284124681143749,0.8167645098241979,0.8269928993411052,0.8246975267803559,0.8304184692094022,0.8024441154504234,0.7996406835886325,0.7676254415755209,0.815414579331833,0.768697344513301,0.6539515298589937,0.8024892597334837,0.7381577686609541,0.9614997056941343,0.7796370026910735,0.8504050306479786,0.8528566789831841,0.7931513368728942,0.7664132774373076,0.7718766883632863,0.8656575295081207,0.9157256791222799,0.7442812192015029,0.738629397981249,0.8488128513913907,0.8298791084165972,0.8014612699226688,0.7019442042446121,0.7719397243931615,0.8359176645888959,0.7843413418970567,0.8767207235026584,0.8668919723019284,0.810786911899108,0.9106905025097626,0.8426091524471829,0.7499805027354279,0.7968534705845843,0.7931930519674365,0.8014207696878123,0.819844558740751,0.8453524921277639,0.6646261950061325,0.8328355499339782,0.6949008638325083,0.7499371095052664,0.7367829738055843,0.8238378551948535,0.7400162067753832,0.7174208096792817,0.8050063722405356,0.8084515133840222,0.7483379769245114,0.7597798667257115,0.873843963007877,0.7770904417672979,0.7218832471965532,0.7947615646240985,0.7737138842525362,0.7668496741743366,0.6120163587842091,0.7747815097147108,0.8515033844881038,0.7685238074778711,0.7984892287012821,0.7795974498866133,0.8457836895359079,0.7386817837092081,0.7437654062885098,0.8142582959608525,0.7588158292138444,0.8179086574269188,0.8264408044512461,0.8202015041236205,0.7799938779675779,0.8566113687690192,0.7992802062697715,0.6975628529982998,0.8017375716079125,0.6680301410818126,0.8788051493985121,0.7471559729120532,0.7035205666811903,0.7967698122474546,0.78542231940015,0.8055578675165626,0.7524442986256789,0.7585111177124134,0.7849722994871536,0.8296066518185787,0.7762674252426429,0.8651557272929457,0.7947249108203388,0.833624468355015,0.6992022153709939,0.8659419023333027,0.8400986579351541,0.7924184517802824,0.689174194507028,0.8685983175207659,0.7643878385549618,0.7407920506070709,0.8278930734984321,0.7307518346089793,0.8467782260521919,0.6989037879126757,0.805903547849033,0.739200554387347,0.7625969824163494,0.827906794568512,0.7801359414731757,0.6747696576641676,0.7140820598605747,0.7057824543817263,0.8286409783968958,0.7676689072576517,0.7188503352835816,0.683656297726222,0.8592340671439396,0.8027542129080746,0.7878800532346144,0.8957469774309816,0.6889899789337917,0.8749872554279,0.7829736581614193,0.7851792739819478,0.748034884323266,0.807405740049572,0.7672984354680158,0.7257330263987665,0.6211612577953134,0.8480477913008395,0.8281045541650106,0.7744892244687442,0.7523395490776157,0.8530952791414356,0.7971672431263277,0.809152633725385,0.8396819831207802,0.9140856645300105,0.7860085021927863,0.8158870933789917,0.7608471477198644,0.8260935151799264,0.8234509974866291
0.8357796869425009,0.7823564938953407,0.8736725778723168,0.7537720242472359,0.0,0.8069234776900097,0.8195783213105288,0.735812397485569,0.7446803425027577,0.7498443857921471,0.8827217250141839,0.7899792165100944,0.8294835339978585,0.7462680654244676,0.7819548674154876,0.8890701616662833,0.8784606865593416,0.8313526676941072,0.7383707362109787,0.7375446835330155,0.8462467148618833,0.8679206904113873,0.8049322409578301,0.7829928205611472,0.7759985180740527,0.7865794772898685,0.750998000456187,0.7733743516570242,0.7737032449690634,0.8683571662157844,0.7021595909834745,0.8118135759883903,0.7451078112083915,0.6756604424981583,0.7750548049940852,0.7754450749041273,0.8100553982724223,0.8206043390302152,0.7319244683584728,0.7954882503265738,0.7846116198845388,0.8544272872257382,0.8199856288133817,0.8131437787582203,0.7169018613656118,0.750111512890497,0.8676266262542768,0.8182401049914733,0.8430451099088132,0.8319271121102337,0.8524431023672057,0.8319931591783815,0.7657405181469503,0.7714934279658697,0.7845314322180948,0.7720517116695177,0.8182360972979649,0.8845540316981529,0.7378032856757791,0.7753439393280284,0.7051092183026718,0.7248783073354738,0.8587268381869436,0.7276513776893171,0.7217513496415774,0.6727002831183787,0.6788041287416626,0.8339946378674267,0.79288752632728,0.7873202197220397,0.8318881566232491,0.7213435698893795,0.7280029060056261,0.8441243939804306,0.7969832986308132,0.6688910709875331,0.818651487546785,0.9037458640241189,0.6735803713373083,0.726415015786649,0.8219678618554168,0.7487257056592957,0.8897518200136926,0.7514648382657249,0.7695573421103649,0.7998538550353403,0.6961032054454672,0.7345337668615564,0.7307471038431709,0.6773769562457882,0.9252100698910344,0.6860154820026989,0.9001038092009193,0.7126811316817031,0.8037777043080002,0.7481287658639147,0.60545225838403,0.6905038922843435,0.7042824140451517,0.7056886033987579,0.6639081236537717,0.6865266053421508,0.659132368614944,0.6849634956054053,0.7575147375562549,0.8157237553410737,0.7297679670502538,0.7966297784307392,0.7862744959598984,0.7719649896314189,0.7851368646674693,0.8106813434534735,0.7409086396724044,0.7446960235004942,0.7719438632446869,0.857939069700439,0.7383679622051902,0.7986844478542473,0.8160776548904852,0.7394721986784609,0.9076437591008738,0.7088494701851545,0.7253575243443561,0.8467982256728344,0.6954973201217928,0.7465153565602289,0.7313763850518258,0.7776531547294024,0.7516498383634884,0.7554065837457202,0.7615687465955925,0.8484076621244337,0.6701921311014486,0.7484788558521825,0.694973754421931,0.7938438712405913,0.7729992180111536,0.7766894595058206,0.7343801553521452,0.8046907178388027,0.6813176813307467,0.809184404949883,0.7718355289927109,0.764379710939233,0.8085961806262322,0.7354228812032818,0.8712763434944699,0.7894822264474963,0.7508552490077446,0.7121122833725558,0.6981505171108539,0.77159156260671,0.8032631108004091,0.7980314266066821,0.771823333913959,0.7141763642908397,0.7815745972833051,0.8486666451333231,0.7032567371557932,0.8449414244301133,0.7307770654896152,0.7325939849969112,0.7892743198567187,0.8836042999730176
0.8420387873489442,0.8791844181667343,0.8832850289868255,0.8053933049573888,0.8069234776900097,0.0,0.7775201544078257,0.8572470154564543,0.7794013354119935,0.8145193233244349,0.8810853688160318,0.9272965560995856,0.831114337017107,0.7122203070976841,0.7768118924754683,0.8576168082060461,0.843968857949561,0.7433190194052516,0.8967610738957399,0.7983051651483667,0.9021793643497275,0.8625721375532899,0.7278223934738854,0.7793899607789408,0.8882477653661806,0.7188150062071627,0.6735860406023169,0.7911381422131801,0.8000745520638048,0.7815151672149895,0.8587193331436768,0.8921724331816739,0.7894195344598056,0.7730357412286801,0.8214019309635412,0.8442368098883225,0.8327851830642193,0.7942979905271631,0.8292043633957379,0.7211292749301096,0.8033926893657743,0.8634334536734309,0.7984606747188326,0.8854512017143406,0.780585678822887,0.7359177016137063,0.7742356010397126,0.8755506945319252,0.7968512840842868,0.8083471042846946,0.8590968946237714,0.8654629654846332,0.7851997419522684,0.8786418520511791,0.857189285376681,0.8763112931420732,0.8296056946663846,0.9195470791094558,0.7292363239609422,0.7717774562237246,0.856002018379737,0.7329464270825823,0.8953432983182319,0.7172172967330139,0.7530132488503448,0.7470488678761597,0.7177216602072966,0.7769182201247279,0.7161363838950753,0.8311677623531486,0.8366003771117972,0.684306509014887,0.7738577142718879,0.841410691976245,0.8557720784653796,0.7471004601152,0.8018924753676826,0.7898827095777056,0.7047724982944619,0.731738670232354,0.945687671229099,0.8290531350318043,0.855996736613068,0.8126026827106402,0.8129106979135127,0.8397544951310536,0.8535372744648924,0.7099467710022582,0.7991645398461185,0.7612201759488143,0.8102712871597266,0.8142519426393783,0.8589374587611667,0.7990180916660443,0.7850988715231095,0.8515423747862898,0.7653600182388728,0.8406280346689667,0.7051571739091473,0.7582076602898502,0.7161319797095197,0.7704511204822331,0.7073134056548717,0.7850878996942054,0.8162999236316223,0.7720764242533407,0.8063296031668211,0.8240805038766841,0.7259018492931196,0.8642286268223718,0.898302830473391,0.7803640513934716,0.8619922225524251,0.7445643386767352,0.7632001475597601,0.8033798532532112,0.8614654611820219,0.7932891752305473,0.9064250644649399,0.740278173599855,0.7552231109888075,0.7600899561927532,0.8088458413308663,0.8574475612127036,0.7717760934343751,0.8285429552172088,0.7495371294023868,0.79371878875529,0.8611782651276363,0.6813233094352809,0.7902061584612928,0.8829546927464439,0.7003989964169509,0.8432031189970135,0.828588121446202,0.7776602695224618,0.7834790699446057,0.7094053400327832,0.7086275447682487,0.8411120887294357,0.7589212356924392,0.84395756962765,0.8234210876479582,0.8428115852627126,0.8533169099671014,0.7325441784426913,0.9133662765219888,0.7771956973798626,0.8384601170556112,0.746953562731553,0.8308587951779752,0.8617086757875049,0.7938546674270405,0.7287340372276189,0.8875110692835335,0.7964970082156926,0.7829734647155456,0.8778617724593477,0.7140643293384804,0.8046203469915234,0.72027526139284,0.8279960744301715,0.9163456527939935,0.832972196741472
0.7863547980619737,0.8447881253138653,0.8118752576006737,0.8875451224200808,0.8195783213105288,0.7775201544078257,0.0,0.7553541981731704,0.6583841839797773,0.810441806196021,0.8025968337965202,0.8027804054959878,0.8290764874773221,0.7697754815270751,0.9218667151533955,0.7566491807075522,0.7679446518048364,0.7828960468867551,0.71886897015168,0.6938274947599415,0.8031739003553481,0.8181245514727632,0.8504302801465202,0.8608376197642279,0.8142566057265034,0.8517195998757439,0.7461431201000395,0.7349274259326428,0.7988022855560183,0.6674406912648809,0.7967941839355425,0.7723027994406712,0.9037188109618444,0.7731660125738534,0.8109107523504488,0.8279629083697003,0.8531389463281847,0.7200033114921567,0.7567671814176152,0.8916839027710705,0.8641220767475887,0.7410924176090385,0.7822239244887528,0.8799420905839413,0.8277523100420636,0.8241394871313366,0.8370388003316407,0.8217016673155212,0.8998052485585882,0.7712079689456685,0.8831261160811885,0.8274592694292157,0.7417001247702113,0.8605453099222715,0.851538971202792,0.8037113313481681,0.74823079612935,0.7547839718142015,0.8347852052657315,0.7956946641920241,0.7618228921107871,0.6890039399598328,0.7719437735167034,0.7045215096892236,0.7346500070766809,0.7118304842083938,0.836285613679021,0.8618321419924121,0.7161390596392035,0.740158967216042,0.8405140385161355,0.7680213030507326,0.7082185739449548,0.868250288151323,0.6967085921129709,0.7847144435454025,0.8310660164325079,0.8918752646942504,0.7170807728146225,0.6641192738032602,0.7831932374524218,0.7839732063333168,0.8380302529844491,0.7306411872062722,0.7257873981254975,0.7888407727927819,0.6894814658181901,0.7816749783919186,0.8025256912544109,0.7706981272162484,0.8117456526566043,0.8331489952935452,0.8387823183842454,0.7316538016521598,0.8094713494040838,0.8465214541056458,0.6262297797067231,0.7869565166628185,0.6734323190329895,0.8670955590368778,0.7683331350861735,0.7023286071964923,0.7911364430713383,0.7820760448686835,0.7314485422812823,0.792813395447577,0.7417530300253417,0.7617265499709129,0.9036631122084822,0.8309886201025131,0.8655830210455008,0.7671888916593539,0.8064740120196803,0.6433058093226672,0.8096792818448686,0.8024556441699502,0.7516941893765541,0.7468766740373527,0.8518096524044587,0.7170391888243037,0.7746506389975819,0.7427271656845759,0.7120569582541659,0.9036670312635402,0.6679567747537647,0.8349062137559888,0.7253067134462062,0.8167221912667746,0.8097302935890744,0.8367960696157707,0.6567153441239179,0.689332856588744,0.6526264191623758,0.7147530430578815,0.7368394921599086,0.7795692420168023,0.7373557492414424,0.9011097991691409,0.7960667517475901,0.7796376257448705,0.839075092400593,0.7168044470330699,0.8378362718580352,0.7303573351951808,0.8400679626757499,0.8135974370614173,0.8064666953295825,0.8346054578849247,0.7463874002241272,0.5918733270784204,0.7560044428864379,0.7841382345087774,0.7126105413858019,0.8715694976158934,0.8342823320896948,0.8005449244676897,0.791977899156191,0.8886067146604365,0.8654550427941469,0.81315491845852,0.8859986497110296,0.7212252798737582,0.8450863968410401,0.7808202489010306
0.8381572123915093,0.8779531171827684,0.8715940364189748,0.8325153857117809,0.735812397485569,0.8572470154564543,0.7553541981731704,0.0,0.7993630362192315,0.8278336368577348,0.8778699142167383,0.8770248935901411,0.8844789753146322,0.7635988511839755,0.8319277479431353,0.8564452800607557,0.835850105492039,0.8161387168940505,0.8448770818859376,0.85082195408289,0.8381968066986998,0.8705608769088381,0.8002407605664774,0.7899277434987888,0.8767281605720433,0.748973228909483,0.7973208326720999,0.8522539937347283,0.7861503377500956,0.7501868135880265,0.8911514454392299,0.8475467641700034,0.819844687566232,0.7971187551674438,0.8357898321770548,0.8738546814411278,0.8489679997738891,0.8618086622761139,0.8410356295942726,0.7808563916724169,0.8222087222656714,0.7830008139583836,0.82437260222397,0.7821116491468132,0.9039036985049206,0.8258225788807217,0.7111393970800742,0.8120876186116736,0.8285000448975078,0.8365361371777134,0.8295468538382889,0.7929023206367164,0.7736337404375364,0.8570621779265225,0.8679857881098796,0.7815017915671146,0.8376745049404819,0.873208581841784,0.774862469543813,0.8501423462819218,0.922204218537056,0.7128677799070006,0.8534510686179216,0.7597376151150586,0.7333208826030896,0.7744151428385326,0.792623709280709,0.7530798996051803,0.7877013021637725,0.9224603723071633,0.8205546592819716,0.7561998150611977,0.7563810682805691,0.874709091467386,0.878302450925512,0.7353535246678767,0.836446984928619,0.7469767498097563,0.8080744808310596,0.5966676623382382,0.7805783579478844,0.816923327851907,0.8131952315899577,0.8895007465404607,0.7858058455936271,0.9211431382912574,0.8792188995903306,0.7661172937100684,0.903235211447472,0.8096759991014102,0.7896798099765786,0.7608672716329107,0.8466069098944818,0.7796869642223181,0.7811257466754737,0.8127507331085015,0.7802674769487082,0.797842621382035,0.6642240351415579,0.8192342922447037,0.764890668172347,0.8555759382076251,0.7049287790955998,0.7811826978600463,0.8527704886547685,0.818959591773491,0.8360151192758299,0.8461701545377679,0.7806216035625286,0.802874356854172,0.8088573415162741,0.7935497276554183,0.8060200860704491,0.8103977784891879,0.8274688390018896,0.8258582559438025,0.8038296988900192,0.8080596440302323,0.817888384314566,0.7504108660477049,0.7481435457790133,0.8431841990536968,0.7464790629942614,0.8048192267442622,0.6969581130569906,0.8309113222404424,0.7305113407480354,0.8548238720098643,0.8565754027429306,0.783311652958494,0.789501752744441,0.819655250541269,0.7967296590038729,0.7989667269792459,0.8563817853171706,0.7246411133233217,0.7882951708094263,0.7753411924656811,0.8427550838563495,0.922130725803972,0.7904932915806353,0.7853994219793404,0.8199812268727,0.8300765247814669,0.834086874804072,0.7355419464548906,0.8640001621365536,0.7893962291582781,0.8469894819047545,0.7244419573651149,0.8669622652011222,0.7967124454239491,0.8339169374410623,0.7794622769699073,0.8587846783462063,0.8847311814996053,0.8345883734807615,0.8281740163562378,0.7446317936557902,0.7560601981241208,0.7467354084720743,0.7460671211683679,0.9098810656480087,0.7996084462704776
0.8819130754245669,0.7543192469952428,0.7487738233693346,0.7034422089009645,0.7446803425027577,0.7794013354119935,0.6583841839797773,0.7993630362192315,0.0,0.6918414280710722,0.8109462182373515,0.7101336167766642,0.783080087636675,0.7765533341809798,0.66388698762681,0.7772430436294406,0.8061500864815391,0.8352147294713511,0.7441899709876548,0.80768611900219,0.7194547823137927,0.8095228135788135,0.7254743430529234,0.6388385316640444,0.7517749559813176,0.61146122906069,0.7798135282700712,0.8353599011353129,0.663647011257201,0.8619658505434465,0.7156078960059741,0.7689688273174712,0.6578253254058865,0.6377367362597702,0.8213862409714455,0.7151180647198461,0.7205471177430337,0.8389867729804559,0.6417388881983802,0.6665625209729935,0.6522674911824496,0.899007200548617,0.6724593340222251,0.6513202201651833,0.6866645118413718,0.6502247932321952,0.6589225982065289,0.657836973306543,0.7319486624029992,0.7772072308988721,0.7134348076152497,0.7126903510099121,0.7817478365409138,0.6808774091656725,0.6734232082789157,0.8024920561592728,0.7878881507543831,0.8265434544020118,0.6988539539482815,0.7428733600933337,0.7313518315474118,0.6879683104369434,0.7761193977428492,0.7349154925335075,0.7049282848876566,0.6479798158208586,0.6599982509361659,0.6799183954318139,0.8018289960477967,0.8629651117190312,0.7354094658637615,0.7057207562016746,0.8236040849640451,0.7472237104089225,0.8797391939697095,0.6561862471858094,0.6901115161995764,0.6504250718329301,0.6146123109577335,0.5757921443909694,0.6857538055017615,0.7913729884874907,0.7514668598155609,0.7642145456471844,0.7664510806837136,0.8119907551776333,0.7905191845919266,0.737047406686065,0.7628836114950598,0.7068418024137035,0.8261719348656802,0.6950351121756492,0.7527029736854031,0.7074539399425612,0.8094016953727221,0.6668177510509985,0.656794773850344,0.6807643299322507,0.7559674225301384,0.6819035199256352,0.635329638184306,0.6462021695047171,0.609964023954638,0.6268063821362777,0.8339957912884973,0.6802365898184463,0.6492394064275813,0.7972964845451465,0.6221186794464256,0.6611352918026833,0.6718329588943156,0.7706060663336616,0.7630639901769487,0.8877820517527246,0.705321116621606,0.8134123436436302,0.7561220165960015,0.7092057563247387,0.7003729309329277,0.8417994579748282,0.7396209479662025,0.7164676101234697,0.7280681762787279,0.6696973409697795,0.8236917366359485,0.6225306926505905,0.745926139222518,0.6627610738530633,0.6721340404018828,0.6459654180272646,0.9277270197786617,0.8017861647989379,0.763103621634694,0.8603574021721484,0.6751573507799237,0.6588799003001908,0.6753969159115647,0.648167589165807,0.6797376521535073,0.7320758040879105,0.6460535333929398,0.7867046055192853,0.79336558665988,0.8128067904040039,0.670415703020539,0.6864807364556745,0.8014733922571264,0.6148553896858,0.7185166283818089,0.7536808849311394,0.7473472358595549,0.7437312592214932,0.8290565468838682,0.6466564438526233,0.6744283132647662,0.7089263564756509,0.7512741822393575,0.6838292279621464,0.6690252225606489,0.7489638157712718,0.5980219016328105,0.8133965719372775,0.7716888559100411,0.8453565792554696
0.7517609724263318,0.8980779190762757,0.9049874319498377,0.7632819445003589,0.7498443857921471,0.8145193233244349,0.810441806196021,0.8278336368577348,0.6918414280710722,0.0,0.8553141444546336,0.8577720364173435,0.8385065456809976,0.7694673844999643,0.8015382357224388,0.8361400187692248,0.7949880007078117,0.7725358841813685,0.7644895332494808,0.7573288862080518,0.7768578628938724,0.8600495603519586,0.8152900217692043,0.7610452691882454,0.9213808886925158,0.6967826811624782,0.7811960737958988,0.7765161930043419,0.944946112177699,0.7248393776704902,0.8199428949237169,0.8498768490677222,0.7802462102077727,0.7280651816240076,0.7994103756333291,0.8464722202186857,0.8259317424793247,0.7906844914331495,0.7762593645478254,0.7687228460698023,0.7847742434585756,0.7621450374744447,0.7751451644427141,0.7870198873008772,0.8182466647874166,0.725582241390836,0.7516864572639252,0.8391924691997397,0.8682155924514061,0.7492838634358897,0.7522255994530834,0.7033659878252029,0.7033564262157171,0.8127374739980145,0.9014963965226954,0.7733524848414137,0.7087927950077456,0.804798087029923,0.8210673300685613,0.7523858302924323,0.7935977621454994,0.6442858912326338,0.7307611596721593,0.7919427388997542,0.6449524976808887,0.648070327143197,0.7296234606910684,0.7636815373264793,0.7996743644537392,0.8142965834872236,0.715929720093794,0.7547741490271741,0.6854588582358003,0.803710606122755,0.7836929732163885,0.7342722070245302,0.7710443536127086,0.8126680238963643,0.6665548984409833,0.6001408510685513,0.7874066070931115,0.6740675885033348,0.821641689650627,0.8048000186873492,0.675573390594583,0.7985744217381591,0.7390519985548155,0.73880190906814,0.8160512182134448,0.7038057210737706,0.7395664024662294,0.7358527734706141,0.8696562121497068,0.6605806291839073,0.7203581634984547,0.8908150494563846,0.6425561613418721,0.7822719050587837,0.6478002913766268,0.7417740806214617,0.7775326150658289,0.7481683776316025,0.6738426861512518,0.8660315398557576,0.7225763095927212,0.7335771443140325,0.7410495796288314,0.8494765543248117,0.7840226062152036,0.8239296318078815,0.7776570071429236,0.6964034390132484,0.7384038125769402,0.7522620297966176,0.7151743120186437,0.7367424516769656,0.7734579839446366,0.9095216326063761,0.8458614667997147,0.7104877030541745,0.7002703986671599,0.6992218607076587,0.6892507810097332,0.7694968431294956,0.6678636791378156,0.8920265524915779,0.6541655862797385,0.7882800018718599,0.8921203992473984,0.7899112557558314,0.7692957790773333,0.7316807002756297,0.6739973846408759,0.6671011373113358,0.7909585930227289,0.7349748878839292,0.786338766114423,0.767773914360254,0.8454748056710821,0.8210412481289877,0.8095052335498728,0.8162903587785298,0.7412513696031809,0.785347578331681,0.8622044752895233,0.721525902067367,0.7645945058259604,0.8363245139767207,0.9360717606938476,0.7182610905025613,0.6963394994211403,0.8668823656316255,0.7479629762666642,0.849553001651395,0.8434615345543371,0.777655004527671,0.7714710485452173,0.8079852503636792,0.7476162535968252,0.7165723567701888,0.8654071771400593,0.7200262971528311,0.894445619283709,0.71113685221735
0.9073431552436885,0.8955206338029675,0.948279250325851,0.8325171633770652,0.8827217250141839,0.8810853688160318,0.8025968337965202,0.8778699142167383,0.8109462182373515,0.8553141444546336,0.0,0.8517406952069088,0.9367248922377781,0.8366164217356908,0.8212945425002786,0.9502195317837019,0.9454175365699081,0.9073796297779778,0.8317968562330447,0.8643987387205212,0.8830728613388308,0.9598821189574379,0.8476977626800483,0.8174274412284964,0.8883918477762017,0.7731364093676788,0.8394441852425908,0.9092771014707156,0.8702764237752194,0.8390975484987182,0.7874526583065569,0.8816094724294383,0.803267997621731,0.7359479993633067,0.8834486327100216,0.8608172903287952,0.8762236385340771,0.9329383219401655,0.8007667375861781,0.8366395364856899,0.8336249423412341,0.8798592474558983,0.8341560572630117,0.8293422864091483,0.8206704087925125,0.7828611660301108,0.762786190325348,0.8778392343408989,0.903157787737956,0.8750480098058298,0.8585077361220997,0.8329633949103108,0.8277459111763799,0.8559888352084992,0.8833184214296903,0.7910153029653928,0.8804354981027315,0.926599076271623,0.8228348993456641,0.8435001576292918,0.8651937347049861,0.70783324058604,0.9020790007071798,0.8106913844515965,0.7468661144268566,0.7365692285134198,0.7645189828595925,0.8057188393950412,0.8743106423126056,0.9238180594378037,0.838775641445696,0.7999267091252151,0.8116960743654598,0.9124222927235079,0.9317049744096663,0.7258148189899242,0.8607964064460097,0.8412101244214123,0.7327108548006912,0.6812542808514244,0.8610780716581572,0.78609119856031,0.8760221593875236,0.9071859597623326,0.8146896618988181,0.9089151355585927,0.8213449482364565,0.7711233053332169,0.8326901615919473,0.7317577560651933,0.8977492668040485,0.7073366939005741,0.9448671127636072,0.7866498298092719,0.8642505897416701,0.8070987937078692,0.6931808697092494,0.7498145542601696,0.7121892175658929,0.772485370657893,0.7654551370003178,0.7642511617062875,0.6708757834103265,0.7511048666974716,0.8472208623919274,0.8178126338274098,0.7935437209852358,0.9036564322054782,0.7964903992017267,0.8325060190323933,0.823531371425052,0.8356946598841986,0.8314492369336414,0.864884491486464,0.835348736166557,0.8959196167976041,0.8236780052857868,0.874155974281524,0.890370589502708,0.7985471787848744,0.8702466921808428,0.7664345626626774,0.7921018364909553,0.8386138304742754,0.7822721847369365,0.824016165968131,0.7422278409897354,0.8046801590170434,0.8618607472237229,0.8100590584290819,0.8319300229854455,0.8910399090691892,0.8041620526368985,0.8296194675742389,0.8249767499174557,0.8188048857489741,0.8070141495498353,0.8072607534841317,0.8533642537284973,0.8699319802273345,0.7829878783082791,0.8721987531796762,0.8243419610064647,0.8574747780945935,0.8816091313991307,0.7307965616740106,0.8739657407108367,0.8104226381362721,0.8613315273923965,0.7840992970235251,0.8030226265833533,0.8710378824487751,0.8972480080878443,0.7979735457343582,0.8355514375052454,0.8231679448678653,0.8991387229822032,0.8524176610290215,0.7857339338097257,0.8490931442845163,0.7927140118518335,0.8124561368133191,0.8645078902097206,0.9195483315556185
0.7821510321197024,0.900099657206536,0.8914815421972806,0.811586139154624,0.7899792165100944,0.9272965560995856,0.8027804054959878,0.8770248935901411,0.7101336167766642,0.8577720364173435,0.8517406952069088,0.0,0.8005075676372158,0.6708492723578915,0.8352452696913475,0.8417402149199632,0.8192180469813479,0.7245795159217431,0.9248513261209776,0.7909799059116085,0.9109685017661042,0.8471307880100138,0.7763791799319064,0.8340253483920669,0.9145815816936155,0.7334529049295544,0.678646499414874,0.7737740424717956,0.8335114887922558,0.7462880792949794,0.9081079923970855,0.8549750911416063,0.8230845702582467,0.82667137468286,0.7965091554149053,0.8744118513022382,0.8157099221039849,0.7722221844247082,0.8967082458799318,0.7453678647553077,0.8698382137081013,0.7878604749809551,0.8359091659057453,0.8935471571328152,0.8312606011130329,0.7843458721553034,0.7873462756393791,0.8790434368626387,0.8218885344233602,0.7985511515604252,0.8471759983930461,0.845035098773343,0.7479520483750536,0.9028529954772417,0.8949449519219753,0.8098263383278117,0.8102134132628006,0.8954470994667686,0.7339537694326197,0.7819180376587074,0.8331391492691946,0.6762934483719103,0.8470159345609521,0.716348534432575,0.7287641154122001,0.7343111306366961,0.7053502033231754,0.744428936664568,0.6959656969028406,0.8016945259708324,0.7930310608273726,0.682807715642472,0.6906752671949173,0.8317074900262995,0.8061648551280759,0.7314165300578961,0.7890069162712038,0.8062139456292015,0.7654886211648698,0.6687164509935276,0.888665896945601,0.7896632348733537,0.8499726997342637,0.791395092118802,0.7703362117735885,0.8527801051465272,0.7855427954069035,0.6866178951794685,0.8097863902041139,0.7606654551203774,0.7662746574411498,0.8134926018369311,0.8700402299944535,0.7683814568676232,0.7232553198075086,0.8825127649398071,0.7499143992114653,0.8739590197861838,0.6445142754994613,0.7622303015020532,0.7197943637270611,0.7941779266231532,0.7235947966942595,0.8754817300442286,0.7691638122980055,0.7976140452604659,0.8364680830234761,0.8353032717661173,0.779684159470057,0.8884645216847739,0.911796735762814,0.7592406068242606,0.7655994978075009,0.6971438919289822,0.7670144883239715,0.7788023724531382,0.851430086509454,0.8318915744347546,0.8942032393396327,0.6751737894558117,0.735566136175841,0.7456433561589805,0.7642356819681205,0.8683878066325654,0.6751286606820078,0.8985761036033818,0.6888871728587417,0.8334785980162684,0.9138707986718029,0.7105439706413454,0.7387183352934601,0.8151981773627466,0.647277374942583,0.7631664064087095,0.8609261981590738,0.7594250816107188,0.8339297905118539,0.7492053646588539,0.7691093839094696,0.9211491403062154,0.7751790523669216,0.7808058463211008,0.7942434434703699,0.7993885484203209,0.8732352431009639,0.7348517996794086,0.9023395301011159,0.8270459224045043,0.8912055040074012,0.71719778061826,0.8208538227275959,0.8565091365371832,0.7835784830278296,0.7825770631544211,0.9628375540185689,0.8021681386323996,0.766118544850264,0.8932386988714298,0.7092432256738419,0.7293251148772373,0.7550348054375254,0.754545278217634,0.9430849812438928,0.7767198589494748
