0,1,2,3,4,5,6,7,8,9,10,11,12,13,14,15,16,17,18,19,20,21,22,23,24,25,26,27,28,29,30,31,32,33,34,35,36,37,38,39,40,41,42,43,44,45,46,47,48,49,50,51,52,53,54,55,56,57,58,59,60,61,62,63,64,65,66,67,68,69,70,71,72,73,74,75,76,77,78,79,80,81,82,83,84,85,86,87,88,89,90,91,92,93,94,95,96,97,98,99,100,101,102,103,104,105,106,107,108,109,110,111,112,113,114,115,116,117,118,119,120,121,122,123,124,125,126,127,128,129,130,131,132,133,134,135,136,137,138,139,140,141,142,143,144,145,146,147,148,149,150,151,152,153,154,155,156,157,158,159,160,161,162,163
0.0,0.8791002547167659,0.8729462722687676,0.824688822525319,0.8475136935406332,0.8951139184948158,0.8667347158216522,0.855259745081671,0.8564204919915537,0.8872854054769072,0.9002269999151453,0.8293283422776897,0.9599975376702586,0.8162307690613433,0.8777347283222307,0.9123318215742421,0.9236526542933742,0.930246427328452,0.7990461532736141,0.9162513122369605,0.8782778279279454,0.8772030526282615,0.8418583893093022,0.8699891353866009,0.9317590367706935,0.8554502201085119,0.803920910100617,0.914186752481012,0.7845722184496139,0.773118684694703,0.8876716811697751,0.91918377417075,0.8151794208809269,0.8936016457502316,0.9179081772833726,0.7938026487191664,0.9334077647942202,0.8111016747441421,0.7637793141676039,0.900409230660284,0.76108045069604,0.8980524442882398,0.8777908293016479,0.8859913141199411,0.9198403504211733,0.9126715377114527,0.8378019090382701,0.9024739358430377,0.9072712975779471,0.8490399712313093,0.9029797050662982,0.8842022642759794,0.7935570088854312,0.8537546884247365,0.8563381666865666,0.8691017012594178,0.8967821478961756,0.8389745980908303,0.8438863749219256,0.8328282379230271,0.8814871067219338,0.7301638507404743,0.874593035267428,0.7395353730146005,0.8381284393003761,0.8789287302562816,0.9059740224674843,0.8754892324058089,0.8163966156740192,0.8648567050231721,0.938626530427071,0.8078571239333407,0.8684195189756998,0.9184170476063572,0.8635533701264645,0.8872995029415313,0.8619545096437075,0.8453190970509219,0.8119054757309138,0.7527428743292257,0.8481185228152636,0.8768574894701618,0.845394650478342,0.7842367370989743,0.8787613671743673,0.8486887441274792,0.8837317796554607,0.8334581514062074,0.9023465268979971,0.8001039441654754,0.8821557626762576,0.8569339983193391,0.8602740837120424,0.8732405210990388,0.8811168588590533,0.8255204499950907,0.7439880522191504,0.8629378343662757,0.7127322517237041,0.9211897515666368,0.7718192998404793,0.815330454695532,0.7892077945906324,0.7388500432838179,0.8564717280979928,0.8991918945377451,0.8424560374529725,0.903399497750176,0.8861715312550587,0.9181387568375305,0.8917388772691349,0.8366710743477562,0.9251564726365396,0.7956650707537238,0.8521095301742144,0.8992133436975617,0.911260486558026,0.8391092045686181,0.8607573100026473,0.7582142032625769,0.8407560562082766,0.7377168379833989,0.8897895668274807,0.9385025067538575,0.8301074569844897,0.8395748647083482,0.7859545624596781,0.8213219845563905,0.843207020226483,0.8377181186041464,0.800146273100475,0.8390220199523859,0.7585236434640552,0.7740148725691787,0.8408503041656736,0.8390959239423137,0.8153109528505791,0.8769346568723181,0.8669249001892426,0.8139100662889238,0.7882045862347892,0.8023026173819805,0.9011995958407301,0.7948482521871243,0.8883425816095519,0.8461217611315737,0.8257421920141143,0.8152390132331739,0.9112504372629184,0.6124876294220767,0.9139195504598737,0.7742071673220567,0.8022823401168936,0.8102075522976202,0.8367525122315257,0.9116227452025333,0.8563223325140842,0.905772070991216,0.8383251671081594,0.8677530025229265,0.8169564675892492,0.8593723679327059,0.8990688250016771,0.9023704372185379
0.8791002547167659,0.0,0.8653457346683654,0.8302677698028994,0.7990598577210768,0.9383196058826794,0.7901867432463946,0.887974765538466,0.8816866329834888,0.8517588797863607,0.8580170854438501,0.9066804413092726,0.8688093688859063,0.7928302861992076,0.8603610860780376,0.8713934700163033,0.8967319732220997,0.7914823990464244,0.829770171185025,0.8816699734465782,0.8623103551214423,0.8773148532392789,0.7742139058662616,0.8789923275072272,0.8488786275265883,0.7701213506780166,0.7931582546119296,0.8770563266443686,0.8628485360642487,0.7716381610435383,0.9119053206820447,0.8256951382370725,0.8851479824650861,0.859928373328987,0.8932417748079804,0.8297999256932035,0.8139303783191573,0.8415234238545384,0.8588009937874015,0.8586486396612626,0.8839208173910829,0.8479817075005873,0.7249419060541575,0.8568784738454852,0.8883721801912866,0.854450859545421,0.7847186301059095,0.8146910381307411,0.7865026721986391,0.8084067064586488,0.8167732518056962,0.8885524383677099,0.8357008374133735,0.8878507210432411,0.8320814453928268,0.8874298899447849,0.8602748703870178,0.8724603458618946,0.7275842314035258,0.8576732222543686,0.8758193200897195,0.7218070863325815,0.8135199228860003,0.7273431812982598,0.7487181904811157,0.7744382192931175,0.8192163545186874,0.7299948476613365,0.683093217265477,0.7874595763043586,0.8421006025707508,0.7691990665146603,0.766378884243353,0.8308839181706301,0.9145417679122992,0.793115395767619,0.7609406364162536,0.8301328773464829,0.8175329477268048,0.7413486336328585,0.8422405070112646,0.8436291109508374,0.8796717999416341,0.817881972399535,0.8176230173472138,0.9421214220591033,0.7829228542914377,0.69949268930219,0.8581878176657425,0.8873434846003047,0.8000445941711786,0.8639582790926594,0.8506359385426931,0.8487943886783849,0.8191140950871292,0.8464965074494464,0.7945236494549124,0.8804548402242429,0.7172084031608187,0.8736441015085649,0.7880386039563025,0.7049792656718514,0.690194094661525,0.7506723879756624,0.8226051539143201,0.8559167741695431,0.8084921493564418,0.8983458894877545,0.856531014009342,0.895165522659622,0.8391916304325189,0.7774726643832729,0.820663740262459,0.8105449536835923,0.849331080560185,0.9590802236771327,0.8864763781626648,0.7183271663187992,0.8141430874988113,0.7850610019027279,0.8415617426893031,0.7316382935222127,0.8528456297166498,0.9144717645615543,0.8122448469555057,0.8881043581087432,0.7623923439720653,0.8615148101558602,0.8942358155123455,0.7730293115818236,0.8644223986025905,0.8432650692899446,0.7390111479861832,0.8775963746872071,0.8377241433055782,0.7831031083104354,0.8353064636798802,0.8572344632769688,0.8251403147599962,0.8243392253969116,0.7690338347304646,0.7931869593460894,0.8964438223494943,0.7946985831164075,0.8612872394772487,0.726372222896153,0.9196905403776873,0.8537160447641244,0.8868641718504197,0.700095785084948,0.853998887835656,0.8124211901331141,0.8235243315437535,0.783518727990208,0.860852899668138,0.8300453292848221,0.8166101388978821,0.9084837855125343,0.8231687817160671,0.7536291990576627,0.7516677785702374,0.8481527774851242,0.9289801248499538,0.8739665353143625
0.8729462722687676,0.8653457346683654,0.0,0.8188828777935574,0.8764018408985675,0.8471748142375124,0.8166144987123939,0.8562059867332636,0.8001332619089214,0.8789020291208633,0.8592723787639645,0.8153237506006057,0.8802158093236413,0.750414283313428,0.8856826625655938,0.8565656860872038,0.8870321144537698,0.86791835227359,0.767599941100086,0.8439918689339226,0.9241407694837173,0.965970601930692,0.7645229641215825,0.8764571897347272,0.8526015056005699,0.8238829428266725,0.7495553989613185,0.8125955108499169,0.7459267622218656,0.6917386832450945,0.8023150797498562,0.8282170300428195,0.8063104727787893,0.788938946117788,0.812578127848088,0.7903357124064928,0.8255469015055474,0.7557602827643075,0.7686940261840836,0.87738493841355,0.7836924827146732,0.8987225167299042,0.8445199278817381,0.8245483352522286,0.8825384956594958,0.859302606277042,0.8097621217549099,0.849927853799425,0.8106240454583418,0.8476360883249613,0.8714708527008459,0.8648905897354361,0.7675808680037532,0.885896003337119,0.8083569036352769,0.800257910071399,0.8336955673436386,0.8278238202701995,0.8327867006452147,0.7826404328910477,0.861791796638984,0.6845908012896869,0.8633007704826409,0.7233333378829057,0.8336407867185779,0.8343908469971734,0.8629837060669486,0.8451834843729277,0.8167499463798136,0.8238695685263419,0.9154929711848269,0.7092862414911133,0.8209076766537358,0.918702813915,0.8433113601309506,0.7089211385907185,0.8320284821498792,0.7931040061598998,0.7515802128711323,0.6148262437279226,0.8060627318927641,0.900146630485532,0.7998388891645412,0.7180777618381404,0.8148934072921321,0.8303682316596697,0.7952486004985773,0.7646935881493894,0.7719206602274561,0.7633365306645112,0.8487495710394942,0.801680256912476,0.8040368116939749,0.7643261199968139,0.8604733954399161,0.7846704493609202,0.769824883013102,0.823507970603068,0.6544788089786022,0.8507246173237019,0.6679517912274473,0.8165061659529933,0.7560322978189279,0.7438196286336066,0.7962051713243754,0.8654413005600531,0.852893482726157,0.8497820886363763,0.8589857538434208,0.8951370053292447,0.8530995433072406,0.8005296964532533,0.8473156031259346,0.7193094822900464,0.7613097281069253,0.8447844604667347,0.7756470625397941,0.7903340266950174,0.8674391974373514,0.6864401134335328,0.7973969545083669,0.7049576397945384,0.7951297915390573,0.8428182407307466,0.7073880432998717,0.7851328682076496,0.7709717031012397,0.7957006393409314,0.8211353559587893,0.8151659696118376,0.7448353782007114,0.8861656817073136,0.6421251742351638,0.7310281984677486,0.8742837120169725,0.7872440780750417,0.7169831276792681,0.8197868219324297,0.8842581094970319,0.7631299368843363,0.7360471268029277,0.7383738063106808,0.8731042274522263,0.8377239353817725,0.817815555123503,0.7973711015241604,0.8669864440782704,0.7811859384343429,0.8861200001598346,0.5885394217328924,0.8069176217138206,0.6847969353308118,0.8359373969488446,0.8721628025082174,0.8290697260171128,0.8647377983322098,0.7760828430101603,0.8592140859841985,0.7441214633108886,0.7339921228463364,0.7920081686102087,0.7023388523324253,0.8645143672976121,0.8345661664116746
0.824688822525319,0.8302677698028994,0.8188828777935574,0.0,0.8488503986652596,0.8450628372450638,0.8654566661221128,0.8070424531452772,0.7244566866959352,0.7982959000425579,0.878068877087325,0.8607522442915037,0.7819668086244614,0.7165623903622995,0.8954586521883334,0.7642728549628824,0.833550216194101,0.7928489350947264,0.8439612726379842,0.7328838894350345,0.8711915644336674,0.8338716759923561,0.8003026175694198,0.8351133199400408,0.8390099512505483,0.8155565345718742,0.7441350102600586,0.8484491045230634,0.7776362095058965,0.6658439994900427,0.8194683187380104,0.7652315173274745,0.9466272898983011,0.8249490329786207,0.8422509756960452,0.8040035856818447,0.7780846533698569,0.7354318362085903,0.7930103293625647,0.8544976804156993,0.878753627064324,0.7987844399544852,0.7739313411647311,0.9187720027171987,0.8106134097707188,0.7798311340856842,0.7069213252547685,0.8223362591072497,0.8069216809606204,0.7700029715656601,0.8843469049256233,0.9020298905496528,0.7538968206811482,0.9401501301423958,0.8644458846707052,0.7261793210697461,0.8049165473009747,0.8762618136183927,0.7572193684082217,0.7543244495544339,0.8292334129318418,0.6506025841886753,0.86518915574721,0.660810753101806,0.7548840833528317,0.7466986046383098,0.7948269254226792,0.7212872377167543,0.7085700573054842,0.8120427697920279,0.8040513606484652,0.6909973658269055,0.7881587902362059,0.8555244942487353,0.799901429841166,0.7068910120418805,0.7806326656984008,0.7968658247642865,0.7679304203979398,0.6434264654505797,0.7721102257748707,0.8790533051557179,0.7339619273982598,0.7123189749893833,0.8279241031177423,0.7761975194998035,0.7754399029748569,0.7305838158211859,0.7593907568901609,0.6958687451985762,0.8842384450295235,0.8498456448650076,0.8282416732059047,0.7614637570079063,0.8490828413182138,0.8113989589420306,0.7122962024683759,0.8421166040475969,0.6576295102922898,0.836368583612436,0.687772947521365,0.741717918632762,0.8435712003812904,0.8276824853381088,0.7965823724487259,0.7455813610906846,0.7750720491290406,0.8117205629317135,0.8028326972636595,0.794643959185622,0.9224936507695828,0.8043144055746102,0.8238528474081088,0.7173777648787404,0.8010763967590154,0.8288724300313314,0.8112048686674836,0.7115817757417962,0.901866921717364,0.7264067046630149,0.7354769819900365,0.8002566196627623,0.7602070455299803,0.8670964800049589,0.7103009623233056,0.8384746811643655,0.7270438047968238,0.7319595911290223,0.8415188566562423,0.721297893325525,0.6652198884682891,0.7477108763848831,0.6464724787064912,0.8021419147627934,0.7809864981615287,0.6875007617580419,0.6527284416083743,0.8426221523659151,0.8001117154203895,0.7716926582921374,0.8647208236450916,0.6829686413981491,0.8580671815123707,0.806543359912271,0.7903579622367232,0.7623198327213944,0.7928833728350192,0.7348919930512419,0.7764567047500212,0.5754957479182067,0.8844856292010577,0.7878080394228902,0.7869303677502519,0.7071195361627423,0.9029427232256843,0.7667321720515966,0.7402026106623558,0.8591296840839262,0.9022865425592798,0.7749299604440497,0.7433327109450014,0.768293045312893,0.8083727339175739,0.8683954811301882
0.8475136935406332,0.7990598577210768,0.8764018408985675,0.8488503986652596,0.0,0.7842382607858401,0.926522087372554,0.7690737677956202,0.752705158604141,0.8673629492462376,0.836625648282173,0.820867093532419,0.8221605278944879,0.7461917314129284,0.8743545650285209,0.8210053828918027,0.8515772676298548,0.8528608409902045,0.7427585540274091,0.7432288304001414,0.849989204126495,0.8556186144849653,0.8751081405297523,0.8232711632741783,0.8565317284240829,0.8507807814992493,0.8046147494728665,0.8028241965533558,0.7503241224530404,0.7470068492667193,0.791987926998745,0.824375264463638,0.8140431045347842,0.8212788399116515,0.8187194749491131,0.7878196665103298,0.8205249651772695,0.7183631926292136,0.7215950782883049,0.8839584790691353,0.7598321587443662,0.8811984663208104,0.8402034465126719,0.8468504741131592,0.8341382289825314,0.8156118577655017,0.8400776220782542,0.8109439245604286,0.8798759783862073,0.8068662990756017,0.8859613991917913,0.8336296444595301,0.7079496913163533,0.8343561725786771,0.8301644420715377,0.7777820485816627,0.7802670784801032,0.8419918210709366,0.8232912503188645,0.764077479219864,0.7416700497085631,0.679959172862386,0.7975222947790116,0.7160438419401173,0.7615115946872112,0.7356153134437813,0.8154632509419523,0.82517665363249,0.813644569785984,0.7812236621846884,0.8372825414683714,0.7165799041646808,0.7950421215544528,0.8817779700791876,0.7424053504274821,0.7183650703922577,0.8301889092031673,0.8902652054162334,0.6985059322976267,0.6157217294673754,0.7113302814494727,0.8470759332878102,0.7823833548709475,0.6511265268457488,0.808326654761258,0.7480645192048518,0.7408753306687763,0.8085571947099293,0.7747912816559238,0.7049909417267183,0.9405306914458834,0.8494407337320244,0.83958959468698,0.7115005213106617,0.8412016089601846,0.7945445099966798,0.6456387103997587,0.8244092194481103,0.6818020276201953,0.8435240415704859,0.6646278220075112,0.7691311866703862,0.840794844317018,0.7753786065850345,0.7722039726568622,0.8172620686657471,0.7743146403551271,0.8308874421481498,0.8572950130607487,0.8153667826087231,0.878672519088391,0.8256545741256431,0.805066601163531,0.7164559367534264,0.7442633085519069,0.8196573529692704,0.7676283372775597,0.8159163509358883,0.8521360269235476,0.7180091994232015,0.7898824846045669,0.7242502863394654,0.747420961200827,0.850424698606278,0.6711971758880227,0.7776897228860028,0.7635236511762985,0.7764789206396204,0.7930020533143666,0.7786189882932867,0.7154709892733757,0.7503612980299366,0.6103775777882742,0.6957654904246118,0.730143974073539,0.6921250920071491,0.6845474947789407,0.857171334200722,0.8354358958853416,0.7614905225839957,0.7341240493849335,0.72749634955136,0.8625249703702393,0.7983893750968041,0.7977477441345965,0.8636546284374942,0.7972338974844279,0.7405889222796634,0.8313429843823803,0.5701740609779541,0.7823810732268492,0.694209044312805,0.7751732193722888,0.857477847463542,0.8284093622526186,0.7688083137678487,0.7216958921681507,0.8589584484105285,0.7858887511657647,0.7973445573721409,0.7529727570712089,0.7116282320877416,0.829622478880428,0.8195043293957113
0.8951139184948158,0.9383196058826794,0.8471748142375124,0.8450628372450638,0.7842382607858401,0.0,0.7674621552060815,0.8965733236793901,0.8776117162846787,0.8223904223308575,0.8719237355456424,0.9023873340247391,0.8589507580134178,0.7676105984648646,0.8290232150480185,0.8646474087753772,0.8704302865743369,0.7682497111424111,0.8428769512106948,0.8569516542260214,0.8659513228523414,0.8434608740948994,0.725619435945664,0.8226038574498232,0.8691401457393119,0.783557689823606,0.7252745230130199,0.8518515845891408,0.8319530190479638,0.7538731920672173,0.9286008534982442,0.8350968848723502,0.8849776770825137,0.8507028001621649,0.8999794673454619,0.8245400767377975,0.8385708390904966,0.8436931687968151,0.8384822103140808,0.7925446683107561,0.8569178668969087,0.8462552702931296,0.7540152616083622,0.914453983458389,0.8624426747969688,0.8125967937762346,0.7669260098374263,0.8681933224921408,0.7623155304285151,0.7911362696179687,0.8271555135959586,0.9195237910175241,0.799441904096286,0.8901362100902253,0.8412491110503856,0.8831437025697418,0.8452609593235664,0.9153663002727341,0.7039550663459737,0.806247568420104,0.8959864299488437,0.7290757042102405,0.878040387850346,0.704221562910706,0.7473931859897699,0.786165628262291,0.8034028768064598,0.7480960335514805,0.6822753443717562,0.8344182262574265,0.8653332756054376,0.7465292596285288,0.7955133505885004,0.8175038674153432,0.9172694901664529,0.7991164620892074,0.7524044825302599,0.8034571140391534,0.8323607602375328,0.782282463956349,0.9084597888638307,0.8591211696151566,0.8508032994727492,0.8474615789614761,0.8424099525804786,0.9105608635461523,0.8706961213908208,0.7054977833386351,0.8454106012910977,0.8456539869713349,0.8168592872644711,0.8739188927807323,0.8295825674696531,0.8390906435086948,0.8152021402378888,0.8802835906087756,0.8092432503966664,0.9053530821380547,0.721769144754397,0.8527375302464494,0.7791617788905533,0.7300588713752759,0.7309458277494368,0.77994399920972,0.8490300070013014,0.8286739083295585,0.7992294036422857,0.8779757905983484,0.7970345915994849,0.8735832630065684,0.8589477756876844,0.7889473888084597,0.8697333136105962,0.8061761363124843,0.8535015119740884,0.9070073405530142,0.9016714024190146,0.7031652507203935,0.8533349166866327,0.8000839949876241,0.7974848543350921,0.7940279558682182,0.8754626385160742,0.9092864138337909,0.8529825233569155,0.8944071293322587,0.7555615000899473,0.8271606436185099,0.8956566276828407,0.7379188153813657,0.8397064767464905,0.8681355353706657,0.7526258506934412,0.9020125324600877,0.8389936482010457,0.7835662159173873,0.8091338024313809,0.8151206435520045,0.7619189287469904,0.8086741937688496,0.815501837218885,0.7961283204639569,0.8607514525152571,0.8067002026907032,0.8766052338279612,0.7391202174351339,0.908603679011845,0.8067360142540253,0.8797550188521984,0.6879432700910338,0.9060408503563415,0.8308085983641353,0.7732790148626052,0.7143326306119259,0.890222222295752,0.8371405522839233,0.7806827807753842,0.9153622165833115,0.8288133124670198,0.7714022013406062,0.7416266411932138,0.8950614529558223,0.9310352787981792,0.8831228423824155
0.8667347158216522,0.7901867432463946,0.8166144987123939,0.8654566661221128,0.926522087372554,0.7674621552060815,0.0,0.7390835464379064,0.7233796822307414,0.9036272600728908,0.8336892754851463,0.8013304608524431,0.8382362995463503,0.763343063511645,0.8835251048898136,0.7947233681210591,0.8299906786377518,0.874296435894157,0.7406143113812818,0.7358087905126588,0.8127114075706604,0.8158999465133152,0.9337820845691088,0.8230357869099187,0.8935699177962222,0.8455027775108502,0.8237932770803924,0.8285895126925752,0.7634405935442412,0.7259640999575017,0.7998244338632641,0.8495047433268775,0.8131675640912654,0.8562019884472818,0.8366410325973842,0.7670615187795251,0.8543808829546462,0.6849772535731948,0.6984541192801832,0.9117024566099851,0.7253722690687999,0.8568430304834691,0.8380998343974203,0.8559135422142997,0.8373654829126141,0.8225856776297722,0.8228016651865746,0.8176715599875545,0.9513653680742803,0.7803124635038691,0.8986536576885059,0.8031485366497848,0.7018152543835997,0.8243641075068402,0.8540406473634615,0.7761654029609314,0.7732910453517394,0.7871933410520096,0.8718717146416921,0.7611830162672606,0.7435366090292057,0.6696563319795678,0.7629467172933441,0.7052665317822046,0.7656218082224114,0.7463205388433818,0.8540449965372203,0.8420285248029128,0.8107457305327125,0.7734151805901647,0.821017067110514,0.7413468541607379,0.8076734848370437,0.8885716979621846,0.7077676971464135,0.7852873994931747,0.8543583803258081,0.8958812868955909,0.679533805836829,0.6380856250754324,0.6992943139638915,0.8255462803020664,0.7674343735227946,0.6374142083106,0.8031556890535375,0.7086996397165797,0.7484705276151519,0.8540718764887602,0.8092779863897173,0.6923390744351492,0.9167641525500105,0.8670756873088321,0.8425181023069988,0.734293319896359,0.8487723447295055,0.8015534269104199,0.6190061246386052,0.8199736309415798,0.6790894202444206,0.8761830599406406,0.6934714480979124,0.7732698949548031,0.8762038112496265,0.7779576629221908,0.7614403552349563,0.7885616210741465,0.7597943818286921,0.8238484841327988,0.8703241540439514,0.825099314912619,0.9071659216342526,0.807422087536916,0.8337958243211837,0.7045689432096638,0.7441907828619354,0.793733629367148,0.7981518604427097,0.8554847379589605,0.8524737801309318,0.713933742050574,0.7519468292934799,0.7067508691461886,0.7501225524504954,0.8736810639336169,0.6864760163168123,0.7906879240314532,0.7541509191028408,0.7542814303760437,0.7832823371873663,0.7846179540046194,0.6884330762436112,0.6882979214263064,0.628413978489744,0.6708821380836366,0.7157672558680499,0.6926578308598714,0.6803009397656682,0.8742967187538667,0.8382708835902803,0.7513151767523024,0.7695348008087144,0.7222733037188747,0.872872927016314,0.765680117464392,0.8019830547723095,0.8906382743371367,0.7311228233047613,0.746156350242604,0.8235034072380648,0.5427573753928111,0.802801815679975,0.7204359879715511,0.7426186643949538,0.8429779616914591,0.8161392135306177,0.7828669446908155,0.7528592142090079,0.8547791032624954,0.8476961092564919,0.8562322566484287,0.7882312691766081,0.7411182965142266,0.8124574379248869,0.8056552261653436
0.855259745081671,0.887974765538466,0.8562059867332636,0.8070424531452772,0.7690737677956202,0.8965733236793901,0.7390835464379064,0.0,0.9066571237994595,0.8076410338730313,0.8460793471385266,0.893480586170879,0.8587531281103788,0.7274229688736886,0.8628845598037206,0.8806075019037234,0.839077085719736,0.7889061145392187,0.8106404604822612,0.8488927087497742,0.8316863712807147,0.8514794617524309,0.7452659116725283,0.8184793271947454,0.8376356131346849,0.7808677817096692,0.8012411733020569,0.8397649262012484,0.7615077339600423,0.8005273765736899,0.9347606175751205,0.8055199750433497,0.85135555050337,0.8229033215816997,0.8188281478890995,0.7936361784811291,0.8324427735274983,0.850693376093396,0.8704396720005392,0.7905083618235482,0.8220133358138203,0.7997162223256054,0.7895922436215069,0.8055166125076986,0.9003640672442231,0.8603625248048922,0.7440529743867984,0.8033938628044518,0.750699082433877,0.7899490568019905,0.8057005485342086,0.834584712340477,0.7528180905433448,0.8401979262073898,0.8122159151111412,0.8189174656392715,0.8348203725761465,0.920815730358487,0.6835083933232242,0.8139458779584594,0.8940738231595946,0.7083476225094733,0.841674592643238,0.6767228308914779,0.721660596021818,0.7748934730844236,0.7959448215370684,0.7473697380185909,0.7074017325955205,0.905810501529859,0.8535176840804972,0.7172223423752381,0.7279117044180943,0.8210562197447002,0.9054396074959044,0.7485940720847742,0.7787247431853046,0.7820407211390472,0.8853397563630763,0.6739670982394567,0.7830136802223866,0.8457365770560975,0.8667138711602039,0.8235570614981863,0.7860071650400886,0.9322746528412855,0.8710677744515062,0.707320395497854,0.858484236286289,0.8695294511047877,0.7977451536074301,0.8089280442729005,0.8067635606359622,0.786986588026561,0.7565120435263697,0.8338488021400524,0.8003021083598735,0.8246419495880051,0.6613383096084562,0.828315175109052,0.7386284067410257,0.8096613697556437,0.6976301660091968,0.7518627475493491,0.81870090451043,0.8690756390400776,0.8123114438741116,0.8504042241081236,0.8061282464976671,0.817603325531175,0.7926764164207012,0.7604933629335707,0.7830221503559192,0.8444819913139467,0.8269788045673797,0.8981415452815437,0.8075749773860607,0.7238172544943587,0.7520010513145582,0.7451466809207262,0.7820502365334643,0.8343317121477891,0.766301951139964,0.8771986350036634,0.7177825474822871,0.8707420975090053,0.7215436873069554,0.8864338957412617,0.8218634771449693,0.7674724133741543,0.8396486986369016,0.8579565234357525,0.7619415889309386,0.8162688299500133,0.8281158212775245,0.7157721142690436,0.8175578120896352,0.804081796609142,0.8233522692298119,0.9020408748571992,0.7608738961313853,0.7409329643730532,0.8251038718933856,0.7693861439759248,0.8247747609500145,0.7195815803690762,0.923966663368264,0.8366536470100486,0.8573691078497395,0.6519296742295435,0.8831245876194213,0.7423402797792802,0.7976541939358172,0.7552873051721523,0.8637735289247745,0.8824292449216145,0.787741678808222,0.896166102063022,0.7505628548869822,0.7265087027735628,0.7002074124116456,0.7663938442907066,0.9128194613687667,0.8350289382591418
0.8564204919915537,0.8816866329834888,0.8001332619089214,0.7244566866959352,0.752705158604141,0.8776117162846787,0.7233796822307414,0.9066571237994595,0.0,0.7913197489079724,0.7767429983111089,0.8489309800778293,0.8265392117236251,0.7169329357294129,0.797038764632212,0.8252829603428682,0.789275372446546,0.7592105641585445,0.7515018853014768,0.8330864757709147,0.7700805059296656,0.8189028442069931,0.7245319852639525,0.7842432198551806,0.8203119343542401,0.7146131326298427,0.7707270913784963,0.7879942369176651,0.7197974039836657,0.8486765402233657,0.9017958014746953,0.777371186232915,0.7687936080244804,0.782224875163679,0.8028899895785064,0.7279336366521235,0.8109298023598931,0.7880777039351329,0.7731403882173743,0.7434218948736591,0.7346441266822871,0.8560194787217685,0.7078466103069053,0.7513433039748737,0.8361221775039589,0.797841504257707,0.7639967870886475,0.7423811498831979,0.7255874633815865,0.7337436341071418,0.7368830237361789,0.782872815093042,0.7185123290810662,0.7523103006115416,0.7206748200231654,0.90896626695284,0.7779548508191625,0.8474633032761855,0.656172304401812,0.7660303665528092,0.7996800978492091,0.6849178664189034,0.7468232581033267,0.6599254956499672,0.688915270132909,0.7160530956717656,0.7639565969465413,0.7487114508814104,0.6678058963059544,0.8303245836748229,0.8200584748387032,0.6941330012091799,0.7091615911792997,0.7569955346493765,0.840272915174526,0.7496613351422382,0.7131440565285352,0.7622420958033473,0.7673785071813418,0.6860224417065848,0.7564721076658312,0.8114102992704079,0.910479972104307,0.7589361414702496,0.7354213305481692,0.9067433056689063,0.8172749881643633,0.6751489989145377,0.8275007986878943,0.9290605218451685,0.7551700193258054,0.8065998231342965,0.7377862350499031,0.7509497074804024,0.7244700313161976,0.822745979372793,0.7310274685750404,0.8176451038744224,0.6676197974273052,0.7897074416013303,0.7108169222957301,0.7061855467782141,0.647775605241039,0.7080029543126215,0.7586407996644651,0.8250234968613358,0.7238532484886823,0.8548203127170625,0.7539484798503429,0.8233682589888744,0.7422307635885824,0.7111411548099988,0.7614541318296077,0.8078529781612312,0.7515985350274975,0.8908007115743911,0.7930467711925949,0.6887154114744015,0.6992984554628254,0.7500575577558266,0.7552254317105742,0.7322986497471163,0.7719838317020563,0.8402255026966965,0.7499682176550501,0.7889255334489964,0.7028073177849764,0.8410813953155236,0.7537143677833847,0.7126472310225491,0.9367735400765493,0.8069796529268469,0.7286608843625103,0.8032279598382988,0.7631397618942706,0.6971295202587948,0.8431277365787291,0.7521582319076952,0.7444549223018683,0.8153621548671923,0.692810107718245,0.7369500030682758,0.8097723203004227,0.7173146008183116,0.7799537618403128,0.715235185047417,0.9298071971955119,0.782036189845063,0.838956299948355,0.6481728286019482,0.8107852060302542,0.7077995478244254,0.7442871895173062,0.7562113872598433,0.8021179698656921,0.8487768570248746,0.7702972937830626,0.8750182042016577,0.7080581863251052,0.6934134768120813,0.6653053871040795,0.7847494796524542,0.9109888917845071,0.8225392021201665
0.8872854054769072,0.8517588797863607,0.8789020291208633,0.7982959000425579,0.8673629492462376,0.8223904223308575,0.9036272600728908,0.8076410338730313,0.7913197489079724,0.0,0.8431490668676902,0.8240112677568134,0.886344105596849,0.7703400101898266,0.8819066275410237,0.8526984974747792,0.8337291638120605,0.8847969791186444,0.7348887857342485,0.7872085395336614,0.7973059865163341,0.8503344634673727,0.8763410358769607,0.8226007487788032,0.9458280650670794,0.8127132836037483,0.8366522857965997,0.8251344201096575,0.8361796311264302,0.7780356507492545,0.8537991216274261,0.8589924946905623,0.8060571172963669,0.8249476265345336,0.8430907207161613,0.7575156386574519,0.8960582765792222,0.7425942154349938,0.709957064158676,0.8699273024961951,0.7340608899947566,0.8639426115328867,0.8395121131795239,0.8401362215436528,0.8657601650498911,0.836047157932182,0.8484989636945921,0.8505536427186946,0.9021758283201936,0.7613903739675768,0.8291807748454624,0.7877739188734697,0.7013152672160913,0.7953367291905297,0.8337914249287345,0.8422853176962176,0.7613221843346769,0.8094380089548331,0.8216223612586533,0.7544656555134849,0.7729996639836552,0.6724907400619575,0.7656520019103612,0.7085773213504514,0.7323051836777532,0.7442373850502896,0.8319764465471494,0.8734327338241047,0.8260524062249391,0.8376361979680474,0.8332852436532806,0.7533042436557364,0.7649773999331023,0.8493674808946463,0.7602520678958141,0.8186291317862989,0.8006228255959467,0.889117286056424,0.7250840830369905,0.6706351629021648,0.7716281913109553,0.7851401857412129,0.8603534973574641,0.7128915415875645,0.7581957040607622,0.7822357839975236,0.7907314309016462,0.8050429720357775,0.8515447534083735,0.7541115850048469,0.8502809984321579,0.836118703056286,0.829188415708107,0.73009934858169,0.7897100828711321,0.8803904144719689,0.6383949060148195,0.8416894796988902,0.6659550556288307,0.8509349235527632,0.7215717628424182,0.7651025117040354,0.7862135999943096,0.8254214613282693,0.756659267713735,0.8276194559855775,0.7511018828076498,0.8993681979539508,0.8694178238480843,0.8654445919713956,0.8333664891748034,0.7517995873476729,0.8213054559013844,0.7467724510749026,0.7588610420650495,0.8210382855545366,0.8287932856174806,0.8667061766741906,0.8245242080714573,0.7278452384729364,0.7443905541715236,0.7158394543249438,0.7640906224457951,0.8825788523154386,0.7144443534330024,0.8604454927874269,0.714994812063769,0.7900662926726478,0.8129602903705396,0.8241178259902782,0.790657908646999,0.7261311532985737,0.6664934329836338,0.6728343356398698,0.747127690693712,0.7386381448324476,0.7872552702566223,0.8602657436360008,0.878808094640985,0.7863807942273525,0.7995726841493288,0.7492295177379458,0.8258750532549025,0.7389210028536207,0.8431514546041203,0.8430232941269198,0.7773711104301617,0.8313806614365868,0.944893453073379,0.5756753004455186,0.7895711857954588,0.7625314265207748,0.7204801960557842,0.866480457288892,0.8471463443796389,0.8401449477646052,0.7764776222881519,0.9000757282620097,0.8167334057693194,0.7935623144582793,0.8516560026776592,0.7753631038788308,0.8899784873881003,0.7922036216372246
0.9002269999151453,0.8580170854438501,0.8592723787639645,0.878068877087325,0.836625648282173,0.8719237355456424,0.8336892754851463,0.8460793471385266,0.7767429983111089,0.8431490668676902,0.0,0.8710290580487956,0.8898213220607966,0.7491399562961415,0.8721190800481191,0.896865435670917,0.896097771635727,0.8420922501845212,0.847227291489153,0.8522145467704383,0.8825699561418671,0.8887636815292905,0.8193420515903653,0.8936775240881545,0.9025326876944865,0.8238428343342241,0.7963177913730712,0.9282704357425582,0.8278910033349653,0.7397945868543284,0.8532120414082012,0.8396033984007728,0.8370773869435006,0.8595583885715645,0.8624812726175289,0.7725644628209257,0.8899319616750051,0.79868247609198,0.8553313847701826,0.8742082124725336,0.78776101464853,0.8301934797848673,0.8174802725095344,0.8985976307706595,0.8603647480792791,0.8180576677267688,0.6992694033728228,0.9349725018498652,0.8695437402102988,0.7821809682562886,0.8661533079186658,0.8406841573237221,0.738771026465001,0.8967361899265365,0.8934680882143698,0.7570350315327423,0.8695602813705406,0.8748397772891484,0.7718618494527151,0.7811273326613284,0.9119102561486714,0.6538122437824516,0.8441681655092609,0.6832677193749301,0.7578699778996664,0.7984063073064418,0.8587452313592324,0.7726909291807074,0.742575321690329,0.8803223468244294,0.8436996467659158,0.7358125413331996,0.8063935984063901,0.8858122910183115,0.8578856310957346,0.7780312728585559,0.8622194364626086,0.8280083085678945,0.7846956691475889,0.7436047615559113,0.7983699983418652,0.8303700439897533,0.8002320696528663,0.772597064521183,0.8296222558705628,0.8122726838251402,0.8795854238892877,0.7411426541403165,0.8070750194421463,0.7573987316571588,0.8391244243473027,0.7806133408736993,0.8538948896928741,0.8335107939935774,0.8326801854536519,0.8139403016452544,0.7286923375009611,0.7934572774274998,0.6530433731750555,0.8324551412497733,0.7652884242002213,0.8172945005008398,0.7458483461685085,0.7405490735256622,0.7893230765321626,0.7965735498108385,0.803744802369504,0.8701003459342759,0.8020479678069226,0.8958410491783649,0.9131832443884151,0.7933291884864999,0.8574778769669658,0.8182342739733439,0.8009418217139009,0.8590380725361842,0.8294236155405326,0.8270279799716553,0.8576733154380141,0.7106803436341786,0.8098528097846396,0.7401476487456836,0.8254626550114401,0.9146231068164924,0.7833173226627625,0.8777495369194246,0.7088646566319287,0.7911505490164367,0.8371112672725742,0.7614849741994272,0.7158782124630012,0.8207567352293219,0.7785277219252889,0.7979452187743454,0.886134697743303,0.7604962267451894,0.7573119675132384,0.8357283517728231,0.8707188401077068,0.8322742284868487,0.8021183206657188,0.7492673101929391,0.8367581585080156,0.776769948450966,0.8931870143848507,0.7451401251688377,0.7994192021043475,0.782093627886701,0.8491858013873053,0.606277849892056,0.9361939595170441,0.7708168815245117,0.8380520182973009,0.7251399005727538,0.8638407675397083,0.8868430658399581,0.8941720768880299,0.8870079618947122,0.8649052427336723,0.826852755998638,0.7304153671184624,0.8108219760477016,0.8128559237407164,0.9473928689166077
0.8293283422776897,0.9066804413092726,0.8153237506006057,0.8607522442915037,0.820867093532419,0.9023873340247391,0.8013304608524431,0.893480586170879,0.8489309800778293,0.8240112677568134,0.8710290580487956,0.0,0.7879258453412041,0.6802449645140274,0.8611565765292708,0.8351830666167309,0.8404020991686642,0.7447661066944959,0.9062126752733987,0.7998908661958609,0.8561292178809566,0.8303973068597763,0.8125811863624872,0.8611851629583027,0.8796597917757514,0.7375724875713724,0.7739908768167805,0.8727790762925696,0.8016264750716118,0.8323383138008632,0.922911303453324,0.7836628704091851,0.870117793802295,0.8686039096202084,0.8220229016519466,0.7747335243758198,0.7920439662622223,0.7698155677808358,0.891795277236069,0.7904412385375491,0.8461328139891423,0.8349655017745036,0.7356378745067821,0.8536249974039343,0.8325490368671956,0.7939535719711368,0.7174144382445715,0.7952639133443128,0.7855722779781845,0.738976666769683,0.8044219608205587,0.8447838370313951,0.730794235068687,0.8690807463954073,0.8251779490240803,0.8079059409396415,0.822011717746153,0.954539878224463,0.6706898616456962,0.7757923945479432,0.8233568051417216,0.6447459563887898,0.7876667516699208,0.6446405285669989,0.6902947298506855,0.7067391341832424,0.74439250861167,0.6852271345985338,0.641889566480647,0.8309058453806242,0.7680654765424348,0.6732628929490615,0.7055494453550869,0.7950303483932634,0.848429138717588,0.7312244799359164,0.7496346675704915,0.8131891371192963,0.7957590629338829,0.691632458125741,0.7590792804074344,0.8298559655927836,0.8583863220297299,0.7338724519372075,0.7824409180379478,0.8669336686569656,0.7942835025780671,0.6681839537665901,0.8117314615336457,0.8227285715019101,0.8035055671089212,0.8400931467218096,0.8198094083775936,0.7786545066062088,0.7407108559895671,0.8509248251291036,0.7210594681568286,0.858708477972033,0.6461694085588287,0.7986914731095834,0.7095789994726327,0.732446995159398,0.7152054030191071,0.8151523383213829,0.7593758877574867,0.7846117616604874,0.7613440508318099,0.8909963951226437,0.7714804598781919,0.8478039076705816,0.8730979892383571,0.7445795883617209,0.7520108985088676,0.7964203878526299,0.7719472173255872,0.8913982938060495,0.8437372859911462,0.7374929139429907,0.7880699654781937,0.7224467189109076,0.747647150474906,0.7596769505425324,0.7696845760917114,0.9037374981707229,0.7087533696426707,0.8887201318626445,0.6873691587595168,0.8170616328386243,0.8358884598271601,0.6729616852778384,0.8070560191241146,0.7840249235007228,0.6914064768499171,0.8309781040830225,0.7995426647721285,0.6576377872849762,0.7962565528402549,0.7863894572219219,0.7819816320456853,0.8921994539593187,0.7579821134442373,0.710005857761502,0.8374542431574457,0.7457874395658651,0.8091763235491386,0.7141396429834685,0.8978759845897009,0.7942507687012027,0.8550746579370022,0.6390329646545859,0.8873581680750773,0.7898615616379677,0.8116874027613491,0.7192749662107882,0.9402736187213071,0.8020139405459082,0.7877872563779409,0.9220748625648486,0.786887380269723,0.7328072407852272,0.6606004412446499,0.7964290490468134,0.8800210118444274,0.8788065982037706
