0,1,2,3,4,5,6,7,8,9,10,11,12,13,14,15,16,17,18,19,20,21,22,23,24,25,26,27,28,29,30,31,32,33,34,35,36,37,38,39,40,41,42,43,44,45,46,47,48,49,50,51,52,53,54,55,56,57,58,59,60,61,62,63,64,65,66,67,68,69,70,71,72,73,74,75,76,77,78,79,80,81,82,83,84,85,86,87,88,89,90,91,92,93,94,95,96,97,98,99,100,101,102,103,104,105,106,107,108,109,110,111,112,113,114,115,116,117,118,119,120,121,122,123,124,125,126,127,128,129,130,131,132,133,134,135,136,137,138,139,140,141,142,143,144,145,146,147,148,149,150,151,152,153,154,155,156,157,158,159,160,161,162,163
0.0,0.3041306897317994,0.29833250516918763,0.23364504363748903,0.27920256044702824,0.29698216661777793,0.24544390554934292,0.30099846853487133,0.3030323419401642,0.31074547454512386,0.2727164424514917,0.23657881827451746,0.43851060270784936,0.2648828671356183,0.33995027919426,0.3215280260604954,0.3350006222805417,0.4453872408278021,0.2727702892819245,0.39356673124966746,0.295376431363579,0.30002519074711226,0.26888827810672195,0.2625125002080932,0.34153386825416415,0.22396856088212913,0.23984575562675664,0.2945692045788752,0.2435956816480948,0.24783165777620383,0.31234217415100096,0.3558586679019313,0.2665274423529147,0.25118621460046264,0.3563773534668447,0.27290129931617785,0.3355276770950433,0.29772684710823943,0.21867190836717557,0.3407372334705595,0.2647876074198948,0.2723464704997972,0.33723298919652067,0.2731047029364653,0.3169548443025921,0.36878137406889616,0.26520227057869167,0.278772711205052,0.320435794749241,0.3535995369912023,0.3410308922203105,0.30395617215390947,0.23258102671642725,0.24558870462271368,0.2635124660441515,0.2642393965494541,0.38690291297481677,0.2869248159512696,0.29831857536381023,0.36363849759962197,0.2691935787713792,0.24978807587670265,0.2872793821306744,0.22234375223200123,0.26883227923857067,0.2735779387630826,0.2628504928723275,0.2939780358596929,0.2636638247011797,0.3245059013867769,0.3834887153466178,0.2887627665990018,0.25777878623576594,0.3229913721191346,0.31765602517606106,0.268082961485261,0.224038583182446,0.2521947053851396,0.2874541240292983,0.22550927939872897,0.26187640694229614,0.3196465535102589,0.29151756057316425,0.27883432256795343,0.29809271967160067,0.34998807848211166,0.2725118055108031,0.31463907788700507,0.3550362035226414,0.22425365913688397,0.32988128468854394,0.2915300820119375,0.369750648924052,0.27509145539618185,0.29447776094703865,0.2343872715747584,0.20108053232631487,0.26122126296058085,0.22008159876660277,0.36129791394405014,0.2371501920038067,0.2497901082506123,0.22322630347209083,0.24099899817103385,0.37844564712281575,0.35937489207969286,0.2908930600836841,0.29455399866786725,0.34518795519416523,0.2790263837387273,0.23986445818020027,0.2890550587689972,0.30521986165025305,0.23486069994133016,0.3121859520043085,0.3358166564661256,0.3207010058748063,0.2918369272536306,0.22187814660374036,0.2375002666821899,0.27603165051201295,0.22326578653105084,0.28943014681266127,0.37434381436461184,0.2544008815088635,0.27686278898109573,0.2368095114562848,0.24397574155852408,0.2622403104036876,0.3095008631893569,0.24903155503771587,0.26513548421565364,0.22681578583269094,0.24674513054884675,0.2422588180844287,0.24118028671737954,0.2763064892390524,0.315618870961161,0.29961263726685117,0.3226439537086888,0.22006495400935983,0.2662890525273641,0.3407792202426361,0.250561290510738,0.25829981725328205,0.2553115675467016,0.2670129399103343,0.2588263532138947,0.34524764190668256,0.18043157188505765,0.3140496735289412,0.25903262957469875,0.2663986454141308,0.22886574754186714,0.2900960375655144,0.31393457264313196,0.2859130184260526,0.2806973836009121,0.25105455679721156,0.2759900634351397,0.22786223649886334,0.3091290237323544,0.2085329302223312,0.3342044186826367
0.3041306897317994,0.0,0.30634089217076393,0.2549406600970518,0.2350523258576168,0.3922629120017552,0.24500066046697047,0.3734023179831693,0.2715950865945389,0.37370001209164305,0.2531331033921281,0.2931884303331503,0.29592315074345665,0.25240938544547104,0.3256278536156057,0.25509297131687736,0.2924592669906325,0.2570275717219847,0.2965542749768294,0.3112372672693573,0.29864485487729664,0.3357418529844613,0.24877330921475205,0.30281366441308877,0.3149119581770102,0.19932960307036202,0.2150789905325156,0.2739760154907359,0.29861813031570433,0.2229527564178633,0.32550032600663087,0.2747832552469406,0.3185259406894926,0.2304915222466686,0.2879671155212677,0.2723694328147556,0.2644373465471995,0.25606271728459323,0.247951836461725,0.29942766706254886,0.32556260007242344,0.28003409692252546,0.22389878681046316,0.2456688593890002,0.31346845990864586,0.25805367160853865,0.2444379590256877,0.24108139498953107,0.25703904118160537,0.2766095073400061,0.29958907371249177,0.28217020633555306,0.24842507651526202,0.2982472377628315,0.25339760105320513,0.3030122185705769,0.30084388934446216,0.26461530878214884,0.27437910710335006,0.3165769905176225,0.3193922964597265,0.20356932105751502,0.23954764051232155,0.19418304138601647,0.23304309235223497,0.2229158881684992,0.24661637744477286,0.25370225307882266,0.2087657521855449,0.28836648287681743,0.279196282254454,0.2541868522886538,0.21958956016437134,0.30552189692374876,0.3025618725589311,0.2160321933425773,0.21004968386176373,0.2616908896693177,0.23732857676141778,0.22318602666662601,0.24714628762938484,0.3008908306114553,0.342979430388134,0.24451666596684615,0.256579318626587,0.37882869337215436,0.24337835660728555,0.2281284007536429,0.2564109526407328,0.25864119580369954,0.2399467646533278,0.283491920675204,0.29776763666717004,0.24939465836539726,0.27397482406977314,0.2899921486882078,0.2169656459160625,0.2710839743937886,0.19766927881540058,0.30999995409846515,0.23303539595082676,0.20960583532058083,0.18610412392780645,0.258100687765584,0.2667802458364337,0.2707243748340932,0.2511863783813386,0.3208453056537001,0.2808335194012318,0.3568896853485981,0.23270112239831675,0.22373421131255558,0.28403350674307426,0.21312407942072326,0.2649784248457304,0.40954270339543825,0.27603517777765196,0.2147563639374326,0.24512124219944117,0.2206266616713832,0.2459949319169828,0.22589218920312598,0.2776330661252558,0.3418337051686829,0.25173399301859734,0.31102130279197443,0.24701884648204284,0.2665442615962645,0.29991247379936764,0.24025337530437227,0.2735200850515138,0.2715091284338435,0.2135353776217007,0.2731060471963359,0.2614609017734344,0.21392220719149344,0.25250576863679247,0.27977774693063007,0.2630938578096278,0.266101554538913,0.22206929683683893,0.24513701288547285,0.36766375214493596,0.2406071872060925,0.24560093996318483,0.21999697381777666,0.3264908936431146,0.251733417340054,0.3434450778589855,0.18173739323773938,0.2597450864559458,0.25818005364030105,0.23375467366317607,0.2607294728446137,0.2820630361829077,0.2961384671127728,0.3038376425770574,0.31471723533307083,0.24362621875841525,0.22148158458604766,0.21925435240656888,0.31374534955003014,0.21200514440051021,0.2736531129315998
0.29833250516918763,0.30634089217076393,0.0,0.23797047051604647,0.2652911900186664,0.3188783950462333,0.21728815577468358,0.3109226680942662,0.2517587937128244,0.31468067785423376,0.2778052929971907,0.2427669611030335,0.33227874857503326,0.24489939679688136,0.2661120569490754,0.33468705199261106,0.33863370541173016,0.2680855124532773,0.2283556845526046,0.2649501128721227,0.3226601899943161,0.42074453883254176,0.2251805778380944,0.26580980446970653,0.2742316582053991,0.23223554617247757,0.2231544633814212,0.27231382704879364,0.23532061985812433,0.22858206332234146,0.2409339212035534,0.2796417426901277,0.2378092018404811,0.21431162311912952,0.24763118172298948,0.2646008816084077,0.2832643994460272,0.2630700553778439,0.222751369580936,0.2966834970147195,0.2525451120628358,0.29593346723549474,0.24020136040418447,0.23478211374750121,0.3017084071642614,0.2516785544391681,0.23361906019663098,0.262063439962348,0.24671508984080232,0.2751615068200511,0.2894031702124194,0.2747991418759981,0.18839450325216225,0.26759194408909653,0.2406441649557348,0.24765012242878812,0.2558002968183936,0.2884085737158491,0.24014179070954608,0.26955754869812976,0.27068388335965354,0.20949990169656213,0.25939051690368264,0.20576815058956519,0.21236506562602359,0.2229278576797941,0.2483151130598373,0.28394687600926133,0.24831657903655216,0.2940779856684576,0.3084596495611501,0.20904773205965435,0.2548157008550278,0.37968560571348003,0.2961401711501239,0.1801813449177784,0.24154820661999937,0.24419458931073662,0.21343986964616599,0.1939583397022708,0.23450892333531176,0.29918938261829653,0.26298343903164845,0.24237086895922325,0.2506318341682967,0.33902350102487483,0.2327123342170747,0.21256648266771366,0.23508903414865798,0.21208054900412637,0.27873115634776613,0.23047723002575898,0.26568596971755787,0.19736047760804268,0.2702920732821887,0.2334053474020326,0.19221125259065025,0.24992177500820853,0.19224455169772456,0.27240921176459376,0.19228236892039394,0.23478428885047195,0.18859501622353728,0.2412268282355316,0.2624031624762545,0.3077160667959059,0.2574298730898338,0.2696361727885444,0.2541786433973225,0.31492086196737656,0.22750681998996927,0.22626702257861062,0.2801103585359493,0.21372654281632014,0.21454426179802055,0.334229673504688,0.20645562246211602,0.25175350684499903,0.2660368257294741,0.2257877244157389,0.24438605118797702,0.21190429096900584,0.2527748843348201,0.2742787653688667,0.2058626684703748,0.2540375675875805,0.25265942876308506,0.25000880276578075,0.2750207746662397,0.2362900979483737,0.2475963022774255,0.3639676308068579,0.19444765785474646,0.22181898094954303,0.2536813786265902,0.18969084262002842,0.19875217214378907,0.24195313263442458,0.26620248078248454,0.2473648747146975,0.18387597862228752,0.24598047898405206,0.29805634383373514,0.26469540587210955,0.2312874849405818,0.20206782324207814,0.31015568037047037,0.22567475159868583,0.32018627888479695,0.1877017188650833,0.22425079097346678,0.18207625714848502,0.24108408124542813,0.27101774611059365,0.26166050133172863,0.2734279619697957,0.3066329276635682,0.2905566040337829,0.1909052405649316,0.228803245299074,0.21258374808949715,0.2130138210319556,0.20532095198096656,0.2758900544817742
0.23364504363748903,0.2549406600970518,0.23797047051604647,0.0,0.23041946038797828,0.25676930415597815,0.2626420161603807,0.2371476571527752,0.20076693235739118,0.23353508284597882,0.2930101066485162,0.26124789491582245,0.23676435504367424,0.22699630885443403,0.25736950710038625,0.2364373462605778,0.26226883877472745,0.22210468167653985,0.24801239069464326,0.22882230608811846,0.3039152298493527,0.2553938061225639,0.2371366583875265,0.24305033581022056,0.26982139299861485,0.25254686795807024,0.22178682906641486,0.2452796796827678,0.2438059098129107,0.17158237593612422,0.23541890258306225,0.22795684872934774,0.3331145696784062,0.25053266214656716,0.2644916069995423,0.2986462409931191,0.25781732538925584,0.23837936461711745,0.265116631406685,0.29061686432920864,0.273012266765561,0.24053012131966264,0.2182232706775931,0.3056605393597865,0.2527887364533302,0.22719768350323613,0.1616210583119247,0.2816767946478028,0.25175416541391754,0.24421386026675349,0.3131502381461313,0.2796889169593489,0.20276314779651528,0.3561433981966407,0.29134808436523996,0.21520473182988017,0.273500668417732,0.27666178104037664,0.24221546718923329,0.271495924858244,0.2985700913015909,0.1973096880596042,0.23999359325096836,0.19780866402485972,0.2216086716476643,0.23079740238078342,0.307816456677932,0.1956769074655327,0.19988063942411932,0.23997042089334927,0.23919787769115314,0.21639568896389377,0.2668928305419764,0.3341452038593129,0.24415782020649388,0.1828501570640813,0.2855209243098096,0.25602861736741545,0.211809033388531,0.18994725571728693,0.2097382482862519,0.30551915957245945,0.20327459161518957,0.21532047790577893,0.29915336408067034,0.2348320423291456,0.28627956946720406,0.2329394217140186,0.21348831688816253,0.21198972711606434,0.28382973149199114,0.26561511965327755,0.24623740968683672,0.2194327098130079,0.28859652433409605,0.23781926219146368,0.18980988840582533,0.2588422374831699,0.20969059556206124,0.2585757995806925,0.23592215301194364,0.2546684647241765,0.2794524457391662,0.22942136413886371,0.2473371193867929,0.21568636808892117,0.2537916923341554,0.23474570983896512,0.2271999561817448,0.26409199108323134,0.3212225110450564,0.2620153228712972,0.3181580569745024,0.2466768830328055,0.23130184821872402,0.23608391566250922,0.22653319773258704,0.20639172103895054,0.305497293516437,0.24576536256622322,0.24619710167126993,0.26647773462313595,0.2752078054124788,0.24914433082072232,0.22294057470810535,0.24142615371072826,0.25472862466266094,0.2348571969648545,0.2961599099701156,0.2278923364156791,0.17792013478238572,0.25582011902418755,0.24411443000829866,0.28741943633130185,0.28416025734235556,0.1805105211658961,0.16231009178001646,0.2579376868080625,0.26467165956753147,0.24826128647048362,0.2579566125925799,0.24497815973568093,0.31402941734019735,0.27519712957015735,0.2609216334348042,0.21698958639185145,0.2424045100377589,0.19660513244839212,0.21960201817705988,0.1746698918322706,0.3044584978757243,0.21694824672583948,0.2587991436761532,0.19621302781845146,0.2829766614637168,0.2541834840566571,0.2442740382741325,0.2548264320316205,0.325087205772273,0.2374899779203483,0.20003680828200854,0.241658229525537,0.23591248004108903,0.2821163118107456
0.27920256044702824,0.2350523258576168,0.2652911900186664,0.23041946038797828,0.0,0.21638865216619207,0.2858374370101396,0.2170048750998817,0.24410167373432778,0.25793804666016673,0.321909776475308,0.2328660516264629,0.24514121210390263,0.2436938394598953,0.2497982328961791,0.285361365458659,0.25926480974646604,0.2692247798630205,0.19465066142139786,0.2291511575931541,0.2691609474290864,0.2859313215868683,0.28998007604368753,0.2454129797889243,0.27239124058042186,0.26659310182751206,0.24512168927278255,0.21769369033056948,0.23302901990040786,0.22099826647887208,0.2546763936456654,0.22640810173487358,0.20831460699801996,0.23764518503605803,0.3292367532563449,0.26426004476736314,0.2868128188280931,0.24897822782430426,0.2391924780626521,0.26570280869621715,0.21540710070839814,0.33226396110768974,0.23431533443780875,0.2932429307158424,0.232402356197677,0.20855673993322316,0.21004238153147853,0.3226893565391089,0.29972258508817556,0.22771098040661017,0.24552593316256133,0.21779990410233194,0.1734190757646103,0.22379614392999803,0.25231995110288913,0.23609753949222206,0.21232871777166337,0.31140373779846403,0.2213917550250949,0.21470357833525552,0.19409129221158178,0.18322015745414885,0.2034715880470249,0.2424830863719203,0.19930184283623464,0.17491831382318998,0.25807164845734876,0.23525522451545858,0.21074362074742836,0.2770025759510161,0.25623333725864794,0.22613050725931796,0.2423905248725341,0.24903974560613543,0.21049967419923105,0.18284849592386618,0.23722621232224106,0.37440543395289283,0.19376153479716082,0.19590540443902846,0.21144954053251722,0.26515903909624666,0.24556287372153346,0.19473158501784413,0.24480103283289384,0.23458962999550426,0.2714169646224711,0.21131599397509113,0.2026530203488359,0.2213860705519153,0.37884731869675875,0.2732274179302394,0.2696763544830476,0.17316258802131246,0.2660411427576194,0.2321463932453959,0.15179026885586672,0.23886178210688544,0.2457820505043298,0.21796103100060288,0.22105877328897006,0.213452477243608,0.22793672989871355,0.20675682443525992,0.22525081376913447,0.23217578789423474,0.18909790494760503,0.2987262658340059,0.2429285589415953,0.2632531078395788,0.2587109702386646,0.28903300176444624,0.24450963797673148,0.26528281813327365,0.20348739789716877,0.24622267731322872,0.2062377180789539,0.25395904820288284,0.22290797423881883,0.2774499860245037,0.3151557928707662,0.2095156181214371,0.247078675431238,0.275383148462812,0.24773707744285686,0.2223017894302047,0.20326624230802123,0.24758039153926975,0.23448561406256652,0.2200635373709001,0.21594993887528072,0.22670891484630137,0.20167388617966803,0.26490678482992885,0.23638358706610418,0.2019847985104589,0.1924328269275874,0.30007889733031673,0.28124386675918606,0.25305722235959177,0.17934742959231678,0.2776554562262707,0.26928298482858787,0.25764201794219693,0.2978578914556511,0.2533308619184631,0.2591508073397674,0.20648788658539827,0.2558398157889631,0.19881742458895166,0.24448890545417123,0.19701680700492924,0.24219309343311485,0.22608555202396835,0.27215349743050926,0.266794722697683,0.21608030362530148,0.27529475146874427,0.22956064881532934,0.22252665657705636,0.18792330275629235,0.23975945419788747,0.2232823837059033,0.36969823805864077
0.29698216661777793,0.3922629120017552,0.3188783950462333,0.25676930415597815,0.21638865216619207,0.0,0.22367911032527776,0.3270796609171631,0.24866959742098016,0.2840163345575817,0.24389150301139076,0.2959885444122072,0.31484021906786824,0.20783714749395965,0.323054837725483,0.2753570418496998,0.28653057121673153,0.22902152468046844,0.29595332597857016,0.29017107690109506,0.2984042284656882,0.30255186396783545,0.19792496144409139,0.23950792756715522,0.28968111660154505,0.19812423084291234,0.19335986187737667,0.25317925838264205,0.24825417867206295,0.21476423332920616,0.2921896477701188,0.3120594473436755,0.3394805536979628,0.22033689247827923,0.24863158354797324,0.2452885697806801,0.25146033433452786,0.2368124141263524,0.2300400984868738,0.24368367691043089,0.30347146205239817,0.2565063585618737,0.2412560549214712,0.265165239092112,0.26544629919728596,0.25116244334838467,0.22452920439062443,0.23635749745394521,0.20988065194494773,0.2843389964764685,0.2929908951793999,0.34439025983001814,0.21683743607866252,0.29253289322289344,0.23383385384165709,0.263913503142471,0.2934570888613822,0.32390289050839316,0.22121529643713286,0.2770407998734166,0.30795684568454995,0.22848164264258272,0.2906458647879578,0.17163500900607803,0.22376190227145412,0.22880452733335713,0.22381379374208812,0.26222734332785574,0.2000274071263634,0.2721015563551254,0.29210960894209087,0.20793731615626734,0.21785261920077495,0.2948078736084776,0.33523744239970305,0.20020069771286195,0.21518015909379315,0.228845561359803,0.23216761211015927,0.22862916743423473,0.2730283456363096,0.28852825500609075,0.28127665203294855,0.2571726035921348,0.24738681013102454,0.31130218946139887,0.24882161540007625,0.22190126195282714,0.2709144335193456,0.21762625998877227,0.25087384729412604,0.28633911683132035,0.2769011751672119,0.2284524069178193,0.23459287180602348,0.27797280361478655,0.22540870948564934,0.28052003284945964,0.1819470020515872,0.29061055995954027,0.19977778626038137,0.2117268007261026,0.19837005814073652,0.24541296907650034,0.28405698541983476,0.3135999101463168,0.2822351761169657,0.2665937830948437,0.2476540051333664,0.2765214984907935,0.24362262813836275,0.20704637663855918,0.2966782231621973,0.21514521801745998,0.24695934826139787,0.3322858357120521,0.27048336522073424,0.20290102711465832,0.27366359601018186,0.21821837088754467,0.22592710042708647,0.24279934443560824,0.24967232081563168,0.3187012598251492,0.22423465536046078,0.30639407710993005,0.24931396820275162,0.23320609196085695,0.2775769087238426,0.22015315083376927,0.24846395218919798,0.3347128735851708,0.20373565632663948,0.25070228849055076,0.23944380757989442,0.20293317065162658,0.2282741789322521,0.22845575062807255,0.22399414928673947,0.24690058812474935,0.2303801182247163,0.23832119635578794,0.28556221849972674,0.23206607050164402,0.22810859536806752,0.21150464459706947,0.30744037024155535,0.2571907032506099,0.29079201944442273,0.17784192436190355,0.2470893460907324,0.23834325962926914,0.2069778846224187,0.21693320924837964,0.3101481284643261,0.2639018233228089,0.27212348195052477,0.32215958839662745,0.21595256892819192,0.2278017192843571,0.20317175972083001,0.2668475537357571,0.1993327831663853,0.2502385987647856
0.24544390554934292,0.24500066046697047,0.21728815577468358,0.2626420161603807,0.2858374370101396,0.22367911032527776,0.0,0.20713209917943035,0.20833589439309796,0.26053158361876994,0.2561972461712328,0.2766626154182148,0.24651238666651507,0.22730800136054136,0.28534750967752937,0.22406163714461969,0.2115825188837212,0.22250894237681007,0.21801084779393204,0.1978667433533811,0.23337125885327553,0.24846453983861935,0.34791114578132715,0.2765169019187322,0.3006617018558576,0.2508184285644992,0.2344788546514178,0.2090375976332378,0.24283845974152535,0.21021417243497634,0.26572961772189496,0.24445679289729247,0.24325786881062866,0.2810591251128827,0.25415100719190653,0.24014380151383727,0.31082808396364675,0.20119782370049452,0.23125463866616056,0.2917353518450137,0.2350136623101604,0.2581270621326361,0.22276214328960686,0.2899502335939975,0.2674196703641713,0.21725804952899258,0.22500950919738813,0.27019938137811245,0.3617910280912509,0.19908994666687085,0.26262893535998677,0.21157238368603176,0.16358077443031682,0.24999502242237823,0.28812899062159875,0.24852981881846095,0.20416655227104322,0.2517428866014078,0.24473590727232175,0.2142251344661102,0.19349467170034426,0.18586650020070308,0.177426049675573,0.21387067239160482,0.18623822316178296,0.17240844798425584,0.289334395171138,0.2612562558850498,0.19078481271909833,0.2253348320800102,0.2448320585956205,0.20472760148262822,0.21584636347207806,0.25677190586555015,0.17134739848372424,0.20355573317213382,0.2875468524304514,0.305961591152699,0.18631662756730044,0.19684721604349395,0.20148982892490955,0.24499126550947228,0.2385678388215943,0.1724778713008494,0.21880834304692381,0.2240548683443878,0.24113764696110512,0.22820994073780812,0.21748907990189179,0.2237798010959056,0.28700716353355493,0.3478938561018477,0.24541400376522463,0.18963658359829352,0.2380019715470835,0.28458764160805117,0.1503887726650129,0.28987206439526486,0.21488839868963827,0.2537710020671836,0.23192236074197134,0.22924904496481285,0.27176037639508227,0.23481861613559685,0.19430086826021453,0.22542131731057838,0.18613703984121097,0.2584764620088281,0.2558934949229121,0.28809502430063144,0.3224038091778775,0.2335791544120072,0.24484411181196647,0.19878107439193693,0.193968540427774,0.2244636911909476,0.21053986571343944,0.25256270561140964,0.23725407428387982,0.2181612986866273,0.23140665498383461,0.2099769571958677,0.22749467346045,0.2932307279255265,0.21429876514255738,0.2621454970713564,0.20266448350020963,0.271301100727662,0.22824263827529495,0.2138667486818429,0.18628707232861327,0.18334198969642523,0.1987685031499912,0.21278317748322564,0.2138011534408156,0.18952811254741378,0.20049371448524794,0.27547314519912997,0.2545076294141824,0.2567838396788716,0.20379986045303844,0.2308117254784404,0.2656672128934979,0.21687064945650913,0.2615409930774839,0.2956637769939968,0.2369358664167075,0.21349218301930364,0.23872585441897715,0.1591534190942765,0.24961923774550296,0.20637204509298424,0.2080613430209167,0.2705927910220667,0.3040086150797336,0.2758013596321382,0.2499006873607007,0.2992278080910375,0.2731929343852181,0.25074989565479944,0.1916235032562717,0.22727102360745402,0.22394736234329016,0.2664391607365868
0.30099846853487133,0.3734023179831693,0.3109226680942662,0.2371476571527752,0.2170048750998817,0.3270796609171631,0.20713209917943035,0.0,0.3072817998393358,0.3215775864903521,0.25220334168881575,0.27031873372290777,0.32233308609504374,0.23150693940145278,0.2826746778634515,0.296133928098764,0.28669350166584157,0.2463919825729744,0.2540196639050545,0.2906943344364074,0.2923411736029755,0.2795369047964455,0.2277395397297664,0.25375597586728077,0.3146412631706607,0.2166676741284036,0.23742006323677944,0.2775708300136241,0.22995390667830323,0.23669823698325637,0.3550761340709972,0.28034823121818475,0.27056263679006504,0.23377941635740968,0.2738800864908003,0.27710752657918486,0.2991622407958345,0.28886732836375273,0.23995454776624375,0.282442405215546,0.26648739118010656,0.2693933872661078,0.24708274754159104,0.24048902671240388,0.3612608939083242,0.264584183185868,0.22418625434055175,0.24884660073446763,0.2470591427692746,0.25908987755143953,0.27230265253260855,0.24796698609254636,0.2003247821909582,0.24443556377623768,0.23965505355700245,0.28744015024710035,0.2667484057241304,0.32016606664811625,0.24679191243758658,0.2701425139872914,0.35120105873718344,0.20702188592409332,0.2496391529948364,0.1953809879310706,0.20403434572035115,0.21964082368271073,0.26224230567499596,0.2564787294554918,0.22683328855217522,0.4025721246599177,0.28621532585640214,0.2336134411218397,0.23462750191594012,0.31204276962641414,0.318286454660273,0.20405787545633855,0.23931498061107914,0.23134793915887178,0.2756570210237961,0.2069115159493345,0.24372532028219887,0.2848750954264869,0.31103702237524683,0.2882095586200112,0.2834824295287779,0.43404499659484735,0.3441158515347782,0.23544678878018432,0.28572876144834736,0.265600719499398,0.24435939966414635,0.2605935962610423,0.2628285889829285,0.21493587643938544,0.26905260941575865,0.27275041467740585,0.21713186044241795,0.27806355745160644,0.19015859780459804,0.3028621301784571,0.2224741526683629,0.27152837470386293,0.2017771407420951,0.26194212534250894,0.29362660844533367,0.30365475459016184,0.25746509838177295,0.3248166537719464,0.2528626625779466,0.2940514426282978,0.21035160809266099,0.23599521052889774,0.3107959415072005,0.24220299619674535,0.24918775561609238,0.35349846106734295,0.263505104138275,0.21791790790687052,0.22455384090944255,0.22362248454094968,0.2375293113894859,0.2971295749081166,0.2629873104650527,0.29832853146259364,0.23905920682596418,0.27297572345748117,0.23355554832332925,0.2924341359020516,0.2875976287915406,0.23178527784500644,0.29969012773933285,0.2923168695629681,0.25345414463486793,0.24020201221481696,0.2657765062907494,0.19321790311684547,0.24115704096060578,0.25271740742706833,0.272798810903273,0.29639196133076384,0.21409695234877724,0.23338488271491473,0.30673510925537306,0.24155794477645964,0.25572788564840915,0.22642333746809457,0.3250227724816881,0.2426315384749838,0.34937494980105777,0.18555998490495348,0.3009225415772359,0.22613878298199383,0.22187877900203778,0.24666721304949113,0.31452092687125344,0.33836252293970553,0.2884723499046212,0.3328000065497302,0.21547388172966553,0.22934697090893838,0.20787774407421228,0.28217516814906085,0.2247485753122706,0.2695374508231687
0.3030323419401642,0.2715950865945389,0.2517587937128244,0.20076693235739118,0.24410167373432778,0.24866959742098016,0.20833589439309796,0.3072817998393358,0.0,0.2432479378278322,0.23191601705205486,0.23747533237615498,0.2546188316739127,0.25901007149532373,0.24164103493210048,0.2711390091658937,0.24269020502681687,0.26223489200620015,0.20960385944365492,0.2674014781037873,0.23973903694750182,0.32148267954829557,0.2126212221613314,0.22254177507555048,0.2692960809165497,0.19617235691399257,0.24946449102603493,0.23095052634512692,0.2132880289319529,0.32170770971918494,0.3180316326517915,0.2436996198790527,0.21975755742002168,0.19443590060225419,0.2835377304331761,0.2360639565408809,0.2538598503959433,0.32264989436862535,0.22095953733218726,0.2346295620174703,0.21624139830075764,0.3046883929815918,0.21959586303322035,0.23249903873411865,0.2702899517505497,0.22161964393692174,0.2128459424851062,0.22244593262095858,0.2299961972113893,0.2380083779426665,0.22352107764111437,0.20412656266538476,0.19481017512992924,0.21027187881380704,0.21331843644888393,0.3333957969368994,0.2384568686803279,0.2771480347394557,0.21479309837396013,0.22109068094488676,0.2221737904147661,0.21281755372175665,0.20230324292333363,0.21419613797418816,0.207364869195648,0.19098647692676626,0.24964750639585698,0.25054293325562127,0.2210587076880416,0.30128496211285066,0.2835844400854345,0.22866425367428775,0.24920802624501484,0.23556521533809224,0.26741148161668854,0.19684288792713092,0.1940792838412965,0.20927226568564444,0.2324357834983223,0.20340623789234372,0.21899941456059177,0.3112494967792029,0.32184601349782077,0.22928546965301308,0.2639342031736752,0.3366152384827526,0.2644312145857482,0.23980568594524487,0.2357948179407475,0.3277930150799162,0.27776579101230714,0.2840099906983311,0.24211432477864717,0.19427480442348963,0.2863081999459534,0.2742454931324885,0.19898777571617532,0.2466390108226529,0.23583283088935642,0.2221844623450034,0.2408517477410235,0.2104241109382841,0.20570560098298485,0.22535135129367373,0.272242498694612,0.24978497913547018,0.1959307003200305,0.2870437468205784,0.2192252823141234,0.23838369713222482,0.1835575374453469,0.2627575094919938,0.2641652581282506,0.2823976974204529,0.21474715041199197,0.2866573027135036,0.22128494643053484,0.2284945301831646,0.18517007965185023,0.24924281598174713,0.2619587991739345,0.24349871551034902,0.24923839814396903,0.2573457718851169,0.3230075765242247,0.22008757600566684,0.23569883661158691,0.24913544968948162,0.21953225359579487,0.2288711695513617,0.3926758456803698,0.264754329987399,0.2388885198279864,0.2748811826526886,0.23492998756641348,0.20375597563660852,0.24296108257399626,0.23943282523054968,0.2626437570807611,0.30005349554985977,0.19470851925890784,0.2519833676525368,0.2803716185671961,0.26510978735867746,0.24479654162053052,0.22845074538938712,0.36121070732785265,0.21486150234551915,0.28637857905441116,0.20008399667776058,0.2723836424482593,0.20901690828541322,0.23158925152147117,0.2582666485084246,0.2625908573169681,0.3221745651265924,0.252218791466655,0.27997837548187626,0.22894665670105538,0.22008648253991195,0.1769040786465774,0.2764281523783368,0.2528520292314055,0.2847710031585943
0.31074547454512386,0.37370001209164305,0.31468067785423376,0.23353508284597882,0.25793804666016673,0.2840163345575817,0.26053158361876994,0.3215775864903521,0.2432479378278322,0.0,0.2340400272324719,0.23256368282858297,0.3243753697842581,0.2683896397254897,0.2828297773174362,0.27675151537851367,0.2804056683380969,0.2968227258389988,0.23293611818332527,0.25247467538426366,0.2537342913253659,0.2659647259789888,0.310893771841648,0.24506904406123364,0.39457804479693986,0.22133014796585776,0.25281835635078737,0.2583170687987364,0.31875328742541637,0.23873842802744835,0.3128593795229143,0.29189741229918886,0.23175546349077952,0.22682059819707878,0.2909762072433604,0.2484619837202832,0.3315640762144923,0.2535502343283121,0.1952602519764877,0.2944948214480227,0.23057934172460637,0.2734867579948487,0.25748215331269614,0.2375130698775747,0.29254645355181913,0.2535510119875635,0.257425008168142,0.261196106026536,0.3138868402338303,0.2281387368218155,0.2722352427123574,0.2301411135809672,0.19109828492577413,0.24233229301777892,0.261355582027849,0.3080742318213138,0.23886050476649381,0.24295986205335882,0.274933682502305,0.260664227661163,0.26492485188545367,0.21154865139816018,0.2087940096087219,0.2022269155114441,0.2053700451093217,0.20339097928623454,0.24257777986245876,0.2936070233777434,0.24950582343487862,0.330293006417446,0.26139497971309683,0.2793491009472992,0.20770016629416588,0.2943229497319567,0.2380749681350155,0.2366701421853235,0.21519340583873506,0.3028076119947869,0.22101275903068784,0.23656154810621408,0.2457476670361179,0.2580103437225671,0.3340252514612943,0.2552283970522354,0.2486124622165195,0.3035428005354788,0.266376803742141,0.2680959835532988,0.3048116635441057,0.21726205531620138,0.2593052807684106,0.2681355753404511,0.2875551635664078,0.19715826732839825,0.26245416832753443,0.29238191473017566,0.16725666808650633,0.2718412758522008,0.21431759684341378,0.29817243736874954,0.2393224366435718,0.23209945041875232,0.21482712410100616,0.2978883124963881,0.24839774566623005,0.27763850143394814,0.23196218928081536,0.35312374503179944,0.27958015272867315,0.29930460166138456,0.2133309513517523,0.2258031857884509,0.2860901423135221,0.23898549683749482,0.2347279387388983,0.3122376221420829,0.26424669163502057,0.2810303307848653,0.23419604473881825,0.2511878993424575,0.22775826420128764,0.24162346261221987,0.23966613442339746,0.31217356472722074,0.2330049649414494,0.3112956213115584,0.22493578360570338,0.2509502962773653,0.2855266036421408,0.26399499605012755,0.29716870508800475,0.23266254597973698,0.2314975345255844,0.20389340497305647,0.21434437257829342,0.1976079759314812,0.25172275691769364,0.29906840721603367,0.28375347890830743,0.27728291734269656,0.22374357381015433,0.2638256077981101,0.3086269011226481,0.21605307678267638,0.2541636746345247,0.2533906387166126,0.23710966805290287,0.27942165438539357,0.4202229493213782,0.17676689682073513,0.23254075528398455,0.2584114733075691,0.2032655001362645,0.2742965294993171,0.2766108502029987,0.28989813256067176,0.2495062407936873,0.3378729333186754,0.2524794358948529,0.2675725381733582,0.2626622262159601,0.31857736061434594,0.2361932963873892,0.24239578126806358
0.2727164424514917,0.2531331033921281,0.2778052929971907,0.2930101066485162,0.321909776475308,0.24389150301139076,0.2561972461712328,0.25220334168881575,0.23191601705205486,0.2340400272324719,0.0,0.3094134201193479,0.2673345582292658,0.22982338702743357,0.2547969394305408,0.33134356562321093,0.31783385648773166,0.2566456381109094,0.25266680611472975,0.24368523890064395,0.30621476718284124,0.30431540805084173,0.2769299131610125,0.2634522156582331,0.28684394034477745,0.2829290228926845,0.28099790500109845,0.2940262653606741,0.2725443630834622,0.23557090642962958,0.25009213583203305,0.26517902970542073,0.23984966017087317,0.26143143579390715,0.2775729726340388,0.30967105980528736,0.2974227106920142,0.2784971576422833,0.32495272799336083,0.29011362283978015,0.24972699332169193,0.2952560073174887,0.24390962993960355,0.29289596538065554,0.25874266363057646,0.22635463128868843,0.17227121028511336,0.3539259145247722,0.2943670062594864,0.2405836899206934,0.3040335585214798,0.23159360086433167,0.18669678986989216,0.2893988502334175,0.34106623055390456,0.20409690512659737,0.27953254249022375,0.3805842904740385,0.24006452758122473,0.2608098509193531,0.2631359853881738,0.1824316010730668,0.24571933682347638,0.22548375557250436,0.18820569307956447,0.19918467592988282,0.28083435997908707,0.20781526646997914,0.23587879140665832,0.2823867855229554,0.2538236879075535,0.21007022844608186,0.26771082137154373,0.3120076355884238,0.2755971215858432,0.19056094413239685,0.32655386312603263,0.2934302199316414,0.21760226404883742,0.2001198082931911,0.21509738179663576,0.2523074806381546,0.22508382362996948,0.22644929426812296,0.26904355835424987,0.25266333548719455,0.2919757994748219,0.22286328877474573,0.21635007370126608,0.2235581701282503,0.37085916814036074,0.22501709129124534,0.31792482161207875,0.21605831114044421,0.267776906768029,0.230901784512093,0.1765347242473609,0.218069533949445,0.2129083399413789,0.23428317996565295,0.24243806646556842,0.2678336775923549,0.22982101793806758,0.20005313618379106,0.25384161693963836,0.2218144582896853,0.2241744802597181,0.27565483263355334,0.2268037360153923,0.28305864213187915,0.33285404274734953,0.2788834314866957,0.2711480120451239,0.28901312250755856,0.23486585327474646,0.27012636528760436,0.22730042244152615,0.264974469918811,0.24885785145557698,0.2577306669149312,0.28982708143348745,0.22787354493294307,0.26365137296085395,0.2897689725326148,0.22441990868429523,0.2697326021543009,0.2076618538809619,0.26872264405632856,0.2756151374627008,0.2160017867085165,0.20112942067574674,0.27876600691200887,0.251942209658509,0.2906872976478665,0.2989138598817756,0.18775575253096477,0.19114875055060582,0.25623426361250096,0.2849082829624654,0.27695411046588375,0.20150117157324615,0.2675928986549361,0.25100866789179044,0.28142579626793846,0.3318163805683789,0.2185433028417235,0.25318502043617813,0.20803881756860396,0.24354342164617224,0.22220080440054849,0.3429573428738089,0.20928309399414685,0.3416973322421468,0.20710823681695492,0.274142845055454,0.26558793466381464,0.2689636071743747,0.2655727566855579,0.2378877155187744,0.24246046136298757,0.18593024749917864,0.24887569641792354,0.21606447692674446,0.41241458610468046
0.23657881827451746,0.2931884303331503,0.2427669611030335,0.26124789491582245,0.2328660516264629,0.2959885444122072,0.2766626154182148,0.27031873372290777,0.23747533237615498,0.23256368282858297,0.3094134201193479,0.0,0.2203054073735866,0.16725087683949463,0.2458907201494609,0.24328744511978867,0.23270386194627948,0.18972675141419232,0.28085458398350344,0.2312155175915982,0.28031646192286025,0.2558383051048792,0.24980119304117007,0.2919000016878951,0.31070292100058783,0.22419842588075933,0.23187138532887303,0.22153212444113884,0.22443204047387913,0.23662218166550286,0.28056755871849215,0.22801139707150095,0.2404820057490801,0.2828569879575228,0.2244352231542102,0.24498037947404058,0.27457820349261075,0.2170578863152478,0.30871345408674683,0.2432440993765799,0.2551075340200745,0.27773100229584624,0.2047112411261228,0.26864168426922025,0.25296027645549046,0.21401759577112467,0.19837445481300606,0.26542286807306886,0.24195833004227524,0.20912914343869832,0.25826650588510075,0.24286602656618375,0.1654003860157629,0.27124360223028904,0.27156147261833047,0.23458579640661054,0.2460317940002127,0.33407894412308936,0.18521231944514568,0.22414710492696252,0.22026562649673628,0.16306854385536226,0.2066877215869202,0.17945938008779966,0.17528150540561288,0.1860071521908243,0.23284623584777245,0.19996934808153444,0.16387290211458344,0.22874854494436045,0.21922605632680622,0.1749992725207463,0.20714422437330932,0.24661341231719314,0.22041128613138627,0.17743644233405106,0.2400857239791472,0.2649273253075806,0.19640651904626164,0.18522379357686297,0.19545285334439091,0.2497537789944149,0.2513538225599093,0.1848411741409306,0.2309135722446548,0.2678053085521493,0.24160670629588818,0.18652900282485332,0.21979607299398288,0.27003086447397523,0.2474370835501438,0.26017711290312256,0.22967611377930428,0.20669006010419178,0.20723001196750213,0.30696029643566036,0.1681184746620257,0.27150252940913977,0.17764378164496056,0.22204492013358168,0.20118652029040188,0.2170129460261687,0.22414665449425883,0.24665204155486578,0.1992841624121392,0.22140325219560417,0.21253048302416716,0.26018806176216325,0.20471481037133715,0.3415522473651471,0.3665855409155582,0.2378754919430841,0.22542595496392376,0.22476049758993133,0.19611322548790638,0.26986136813570205,0.2127189515320384,0.22667652111753414,0.2424350749535407,0.20068312681464548,0.2124931555904432,0.21344562611519818,0.23314942999745475,0.26806134478590515,0.19084940084244453,0.2863669446825332,0.18817444629622934,0.279979392781458,0.25329640926820035,0.17959503427512588,0.2049986833758105,0.22187339883331267,0.20140180598746618,0.26867216046943054,0.2577868977035311,0.16256553034045368,0.22930019244750277,0.21959200534261733,0.22982895460934163,0.2583662554820208,0.1807228705218938,0.20631058084273915,0.25046520909350245,0.2280875882767892,0.26553016517777495,0.25469273579688123,0.33687861727282087,0.1962084692263996,0.2550581905885224,0.18295182744460117,0.28729228467599405,0.1964523445374802,0.2349522124699833,0.2190988813364388,0.3448943214355871,0.24535771439453213,0.2613604482407799,0.3148487041998166,0.2078253578401287,0.20075462917353087,0.15551723229874867,0.21908426590171567,0.1976608085759461,0.29781489470177264
