0,1,2,3,4,5,6,7,8,9,10,11,12,13,14,15,16,17,18,19,20,21,22,23,24,25,26,27,28,29,30,31,32,33,34,35,36,37,38,39,40,41,42,43,44,45,46,47,48,49,50,51,52,53,54,55,56,57,58,59,60,61,62,63,64,65,66,67,68,69,70,71,72,73,74,75,76,77,78,79,80,81,82,83,84,85,86,87,88,89,90,91,92,93,94,95,96,97,98,99,100,101,102,103,104,105,106,107,108,109,110,111,112,113,114,115,116,117,118,119,120,121,122,123,124,125,126,127,128,129,130,131,132,133,134,135,136,137,138,139,140,141,142,143,144,145,146,147,148,149,150,151,152,153,154,155,156,157,158,159,160,161,162,163
0.0,0.8477452550392606,0.8187002684337182,0.7972243667324922,0.8104484236948845,0.8618187310491398,0.7876191614869519,0.8665754873475074,0.9122139911538633,0.7288976246537242,0.8677839214953333,0.760422718972415,0.9283839624541426,0.8794177923420635,0.8146515247666228,0.8509919785516211,0.9088772168033369,0.9507762204085949,0.8280647265762399,0.9108866568204168,0.831358749878223,0.8695273068295057,0.8320909071953871,0.7963374334647658,0.8315784080102409,0.7406527044129952,0.764803072335805,0.9156471377975021,0.7157690539131139,0.8190427427167173,0.7919375381123936,0.8721439548718676,0.7889192504102115,0.759988346218208,0.9375864891909496,0.8013411756431205,0.8316180107432414,0.8990555453159629,0.7052079345088081,0.8792325784923172,0.8059811976208372,0.8940028164517761,0.8311453579951974,0.7889641919066358,0.8285477773152115,0.8213895823179299,0.7987844028972213,0.7709175622039917,0.8917598882140849,0.8851143513718773,0.8644042566172864,0.8730574336791393,0.8421525618493897,0.7801366341191824,0.75684003810135,0.8745703488870762,0.9020552671206166,0.8498229694641062,0.8686721107384726,0.8667788840590553,0.8199884005249958,0.7979380838745597,0.9156740558663778,0.7904756987387268,0.8216927467904886,0.7962947204701588,0.7900936881323719,0.8029876526744633,0.8158626239375399,0.9057815235139995,0.8997617686982855,0.8451549572858258,0.8890462758844349,0.884022452289666,0.9011282362021346,0.7640992002863419,0.7939477873342027,0.7157108780065617,0.7915793842935588,0.7010753498064619,0.8352138937493421,0.8405087922485998,0.8379290217029466,0.8842688297610688,0.8931384342323024,0.9361322266653487,0.8779607300318355,0.8580460362316119,0.8620695565894833,0.7536479307517898,0.8891929310169139,0.776673356022511,0.8549456355958343,0.8413641584124915,0.9078761967589145,0.7039603224028724,0.7281809187703562,0.7912549812148916,0.8214402759633188,0.8478412582214702,0.726457825309456,0.7375854945824099,0.69654860218558,0.683884559418761,0.9336168963342728,0.850128624446242,0.7659498632754509,0.8754685532434469,0.811144962232478,0.7888782321742134,0.7773406329461784,0.8739608068757179,0.8994939397339468,0.7851591958539601,0.8936659023431949,0.9333248750200087,0.9033499460922267,0.7500382943593394,0.8262354767844116,0.8028134871734012,0.864529466201144,0.7703110726224335,0.8955632051397368,0.8364172567040873,0.8988820370320532,0.7115660205623139,0.8209874777538411,0.74041729756543,0.7829859527456463,0.8001296593299428,0.8560466850256113,0.8568180105498611,0.8293123775142696,0.8547752654170634,0.7602075685083315,0.8080211761457264,0.7991209309998617,0.838522688635819,0.8122509328299422,0.826470473254341,0.7472767494056418,0.8295008202699438,0.8601320046143065,0.8119689688145424,0.7683121523176035,0.7998040813579036,0.8545997933365369,0.7242297736050222,0.7832855075889122,0.7495705310437464,0.8705750092080559,0.8201603904999368,0.8347547098536607,0.744212189293334,0.7781488429227289,0.8457900851037876,0.8960961263769939,0.8055874576027037,0.8095334686214029,0.9001420533166793,0.7327752362292443,0.922603076167584,0.8529960900723287,0.9214977080130333
0.8477452550392606,0.0,0.9369583264168903,0.8594596759415162,0.7701627221507404,0.9495439568088039,0.8416917056891288,0.9720236161740728,0.802692255410725,0.8576673926688495,0.8885403000244708,0.9255433893351369,0.8927861549107499,0.7895267195737662,0.9049351221812684,0.855282764493239,0.8842992484239938,0.8011902674516395,0.9336677574788439,0.8846454626521334,0.9187525679814942,0.9483487452785578,0.7899850267218809,0.8935128123553735,0.8948496357846704,0.6987499246678619,0.7071836233402378,0.8600863015727583,0.8363416688361058,0.7296296253832243,0.8966631882065946,0.9129750821830104,0.8848215529361838,0.8226258931619839,0.866937891823718,0.9259807019954857,0.8052899466789156,0.8185267288108673,0.890733083705166,0.889573806186332,0.9142648575485961,0.8537412893512591,0.8124219914880977,0.8489824909436462,0.9264928412475406,0.8232885855711067,0.7589598190142308,0.8441606317180511,0.8728158525391019,0.8763015003275538,0.8922541323785981,0.8553163009053056,0.8389088726633461,0.9356477382411026,0.9067180182902702,0.8572930138777959,0.8690069725930712,0.8772781381992337,0.896676182814289,0.8914215529505012,0.9456084522179175,0.7453791085815011,0.8703395365113743,0.7913171351617939,0.8070793298337668,0.7904852606104799,0.8384343573947145,0.7476115248916193,0.7232249886932802,0.8513359358478996,0.8580923060214128,0.742825049505466,0.7923180800191243,0.9272439138113648,0.8975575614442509,0.6951661206620973,0.8706538194040792,0.7463476933118087,0.7642351008742897,0.6429538916369301,0.860851318073718,0.8545918662127213,0.8574422897588433,0.8382297239091091,0.8283283237591224,0.9343619299223512,0.853686793694822,0.7510304883147524,0.8204144445170732,0.8219643441609011,0.7743339143481827,0.8498113365993016,0.9031915673980733,0.8281005040115231,0.8475243692361817,0.799602379252506,0.8386068760751408,0.8656762062648405,0.7068468514634134,0.867187410188729,0.7708233259752868,0.8845843215904211,0.6845262469553595,0.7834282033915407,0.8562139739108426,0.8208678445326828,0.8695822262563747,0.858346926371158,0.8534461428371952,0.9160410557616844,0.8854761553168078,0.7901134752845909,0.8610619681622353,0.7297754227422235,0.800857679265818,0.8514458131834953,0.865232253801822,0.8172207468448851,0.9081133018439371,0.6859782672604704,0.7824333415015389,0.7347363783883374,0.830229092858998,0.8773369921601029,0.7731522089992948,0.856378498313468,0.8009281343816652,0.8710968984986072,0.9258608778151554,0.7753018609669515,0.7901003386517439,0.881686222493775,0.70654139272277,0.8326636637431226,0.9047006195002331,0.7901679178360939,0.7866640865443799,0.8159120204105268,0.8662965924881867,0.9115216646191481,0.7791221014815004,0.8421855078852734,0.8976607346680034,0.8910961490778732,0.8455049386095239,0.7180214006001397,0.9215319647956983,0.8148704026999192,0.8753025028009424,0.768363264761285,0.858505485031771,0.8422206070289915,0.8654421489872856,0.8606410334074508,0.8965458771282289,0.9012115454328665,0.8954134245375862,0.865977584896613,0.7820449474650172,0.7659361714512259,0.7491800629297891,0.7904457235582312,0.9412431559912281,0.8221366662043288
0.8187002684337182,0.9369583264168903,0.0,0.7892545542230318,0.8426024645702846,0.9174579515401459,0.8063320574088111,0.9239669067887297,0.7740734750649441,0.8851460379693693,0.9351269816421296,0.9036433724412627,0.9060016940095283,0.7885637561366144,0.8269929636029069,0.9472245001747004,0.9249836643421739,0.8062152094201632,0.8761950942155838,0.8548138128422681,0.9071631610883039,0.9620000827038377,0.8064631958532812,0.8452056139458061,0.887948674897969,0.7118419245857683,0.7433091320235397,0.8551230335560897,0.874475553847584,0.7965072774787523,0.804933680381771,0.943003111523658,0.795914982291503,0.7657387751003263,0.8128774288512337,0.8989815029994719,0.8129082116487237,0.8532942130720189,0.8519566315107427,0.8639004726515832,0.8479789632528133,0.8777710978523396,0.8403233674502858,0.8128035545191707,0.8666336496733312,0.7749888833057191,0.7817687206778802,0.8690709633170389,0.8845579430611322,0.8676043451937807,0.8572294147467385,0.8096937968563839,0.7814018134606511,0.8735717953874312,0.9089971817996729,0.8078796535764666,0.8364353029138548,0.9238037900140612,0.8689105436038419,0.8482019310483937,0.8783185056754315,0.7404679242415313,0.8568915924536752,0.8286922826030665,0.7433827413207407,0.7332499359996327,0.7653822910938594,0.763845681332753,0.7894716788727976,0.8652760791791864,0.8147810207508014,0.7214063286307163,0.775705854228131,0.9168307303749544,0.9025458325760587,0.643322929160821,0.9067688116226852,0.8088295439990975,0.7101860608427837,0.6509895016897745,0.8387538186433402,0.7734349088963195,0.867076562830017,0.8325689234110243,0.8035175962344105,0.8876167553704722,0.8315707020615186,0.7432811342461721,0.773620797215198,0.7345395185334116,0.8105474354751494,0.7477992517620176,0.9343425724869753,0.7542303227499042,0.811671552651281,0.7791154978946704,0.7615446972980231,0.7967926764760619,0.6970048309098607,0.7781088497520114,0.7230769412764938,0.9043506918590718,0.6432216313165164,0.756917074067239,0.8141836412837073,0.8314200366738926,0.8481045622951475,0.881338767100033,0.8208418447347664,0.8845774822898858,0.8391045604165148,0.7855161014151549,0.8053145896273465,0.7805412392209617,0.7512143771820371,0.8396189878115,0.8056603592195923,0.8906056873376809,0.9046356688526487,0.6856316143121473,0.8155590326162945,0.7071986761906982,0.7934066689586035,0.8334280976315604,0.7201129322326734,0.8410691193915357,0.7772452046143792,0.8736019372554026,0.9116508399570034,0.7695204672083662,0.8137229157019579,0.9236364324023334,0.6976100691517898,0.7667469096773495,0.8526596063826484,0.7553055728288907,0.7869393312100574,0.7742908751483544,0.8767820431043815,0.8893164355438029,0.7133150967590111,0.9074658391438968,0.8209612780021673,0.8837345644701049,0.8623815801044931,0.7078308961462344,0.8863097464738284,0.8122375081786868,0.9013425245834945,0.8367569096507574,0.7636270408820236,0.8015928980462689,0.8690677703833907,0.8968038456677511,0.8606821013019003,0.8284701391233684,0.8680938498386813,0.8559888885879934,0.7062244105942693,0.7856238269142454,0.7289899995912767,0.7376214001874055,0.8859098431174431,0.8139474210305633
0.7972243667324922,0.8594596759415162,0.7892545542230318,0.0,0.7488310235009843,0.8660934181157744,0.881691657019931,0.8493374648071939,0.7380007873543952,0.709897301219588,0.8207113910393756,0.855719523397144,0.7674201176118838,0.7243070838351988,0.8487789830615579,0.7243018241749551,0.8084106757830697,0.7371900125801156,0.8859500679283142,0.7515396533824426,0.8628101864727736,0.8256671662804801,0.7893966263517346,0.8365601119202535,0.795997228149104,0.7504347869156845,0.67016580806296,0.8250367164811455,0.7108992888289706,0.654152803376309,0.7973745209610336,0.7603438288720875,0.9419742212135725,0.8355316942329473,0.8437191897339158,0.8683192275467841,0.7236308961016356,0.7300971955731119,0.7878111240107974,0.8678053442555433,0.9079850759659276,0.8114363236499496,0.7151085185699848,0.8572828485557223,0.819053676712329,0.7404261993687411,0.6759995027937923,0.7514780177509464,0.8037691493509433,0.7903153314455846,0.8876079257951835,0.897855408535547,0.770887013678862,0.9120305210871038,0.8179024776163395,0.7800819367863845,0.8088513350949126,0.8392547645722552,0.7967245411522605,0.803038745653563,0.8440955604176136,0.6713655882490632,0.8457405699496066,0.6886579114408935,0.7533343395589606,0.7241586945569027,0.8124036541937553,0.664986579106457,0.6494355530631575,0.7822882113071447,0.7947067950505817,0.6612329840469655,0.8184030627921384,0.8708292571904045,0.798475691264565,0.6210242929240183,0.7950196552507788,0.703752902488133,0.7343521994392712,0.6096563840771899,0.764768733652772,0.8830171554161088,0.7316406140688418,0.7399669010324136,0.8560651650750928,0.8410628633136162,0.7943655041627105,0.7021845748699491,0.7264951150904252,0.7500608671232737,0.8109029382480857,0.8962072180115995,0.7932766522763602,0.7697870531810505,0.8668093643344712,0.7352820441741991,0.7519142992561726,0.8772385048512963,0.7126997120331902,0.869195121773487,0.6678784599785843,0.7415874704010108,0.8263959762062284,0.7553607207260492,0.826670120926266,0.7278717381928086,0.771829155824375,0.7899521422992617,0.7668802962237845,0.7987213206000047,0.914306469872901,0.8295122215533949,0.867316606743631,0.6720132080961684,0.7906704872538197,0.8366842024192929,0.8060980323661501,0.6587789340806762,0.9112374727973009,0.7235703899968671,0.7222739903047803,0.8175021186638293,0.8088070500470894,0.8246298514626759,0.7332824675919966,0.7487367447104695,0.8047170521085889,0.7379710426918981,0.8398624163925158,0.6613842183673875,0.6860494776200562,0.7719789971714681,0.6410845687648629,0.8820881644226887,0.7844404604066254,0.6660485883048937,0.6436540223378303,0.8056825696336054,0.7573411792143697,0.7721304344502607,0.7841011130085577,0.7020370064628411,0.8892532041405458,0.8383081362255074,0.7424352802387802,0.7583094633755261,0.8424976844250566,0.6757199480034205,0.7170874205091277,0.6666949436203958,0.8889325079423752,0.7643740272966923,0.7995986821963531,0.7083448597127053,0.8761956061430778,0.7727390943893443,0.7898663724927208,0.82739092751263,0.8692686197977104,0.7792106185599809,0.665626765513671,0.7764551338114691,0.8122271820146791,0.837184544521067
0.8104484236948845,0.7701627221507404,0.8426024645702846,0.7488310235009843,0.0,0.7903053363736927,0.8282269116589117,0.7584071462833354,0.7811607770678584,0.7223052021450109,0.8856015348672043,0.7930602286770565,0.803829167165386,0.7576808918984338,0.7734400800119288,0.8769889842616041,0.8471136395962353,0.7947654020874638,0.7455049196871851,0.735826154712736,0.8017560289615032,0.8530841730133837,0.8286813733473369,0.7648316752270795,0.7759819614631723,0.7889528517002111,0.759522589776103,0.7715603708884546,0.7588116990946521,0.8755929490083073,0.7212075332941108,0.800846544052463,0.743293706346868,0.6840678292447205,0.7929522571238923,0.7899786165249831,0.8013288376074152,0.8367053474311617,0.7354966678975453,0.8154448080511962,0.7719578552701422,0.859687255700952,0.8057873573526192,0.801548903474714,0.724317352467894,0.6894291504272629,0.8021790563375586,0.806399045264623,0.856546183870497,0.7962383884046462,0.8090299640844477,0.7818076315393425,0.6895248308500612,0.7447762135538508,0.7854072072945312,0.7654662953611051,0.7666700790622615,0.9073802650010092,0.7320662392546445,0.7486387003604462,0.6940047900025922,0.71323658088155,0.804896429331694,0.7563002030371648,0.6732431981009102,0.6284226393629548,0.6738274922932949,0.7841325114569382,0.774187779626245,0.8176786204571197,0.7905071348782285,0.705852127348806,0.7408027911180136,0.8105185092601018,0.7806904305029116,0.5963118086631558,0.8171907275996894,0.8879055578513114,0.6573191078096512,0.6826154773358394,0.7314422378091477,0.7326843646197996,0.8546733708009143,0.7345649621680262,0.7691107208157144,0.8007430609463594,0.7558343801915434,0.7360420365864265,0.6806145931610473,0.6781506760811634,0.9281678763668009,0.7092665841112672,0.8733784727945154,0.6639986839156647,0.7861116881184788,0.7301729972474639,0.6185959841659808,0.7085523256890935,0.7699173188834411,0.682976885691063,0.6645832621861536,0.7216548130749888,0.6680875083375049,0.6832415089261322,0.7600265726559352,0.7770980992526729,0.6874614806164487,0.8036438053277225,0.7438113661061545,0.7470400347032904,0.7644461582867144,0.8324027760628809,0.7291341400993111,0.761717568260043,0.7241896486230479,0.8347660594575717,0.7069406061369246,0.7881918593601415,0.7960508847968129,0.7458825841075902,0.9000166154193814,0.7455238612345322,0.7366916637518287,0.799230053818228,0.7227530869667624,0.7257074593167123,0.7246539742899533,0.7966961227069205,0.7480980491432846,0.7287772339420754,0.7738438450173919,0.8195123419793278,0.6778274939144813,0.7622796703990112,0.6941258754724327,0.6988333861371686,0.7377453043180857,0.8030566984210494,0.7605512485055107,0.8112769580371867,0.6583218353313668,0.8298496047549719,0.7440071704573976,0.7817374443309075,0.8041893795919094,0.7598249823177616,0.856701068944755,0.6987096292015827,0.7478992326135698,0.7577444995014408,0.7203977768835568,0.7200457325416073,0.7848744694834316,0.7880909361228442,0.7702184936334557,0.7187847799134552,0.7716387319696074,0.8190280061967569,0.7133964675827055,0.8331680127676855,0.6354348268716521,0.739675389821567,0.7767655394809628,0.8721290872037806
0.8618187310491398,0.9495439568088039,0.9174579515401459,0.8660934181157744,0.7903053363736927,0.0,0.8407413207738814,0.9322849031538349,0.7883704046696237,0.8270360053303685,0.8874130686423087,0.9115579012408261,0.8914410704217259,0.7606252446387033,0.8608642593870118,0.8620748803319099,0.8871027089080902,0.7872942817228741,0.9231266303151947,0.8426506842278241,0.919479702547779,0.9083879079121224,0.7648158273611272,0.8638408448886568,0.8946221002330342,0.7292683388299421,0.670323043644948,0.849234422903802,0.8119685633561792,0.7476038379938014,0.8620234414119251,0.9181538386838222,0.8801513624620654,0.81582667285062,0.8485758001309099,0.8794281019437834,0.826589388489608,0.8027776507021498,0.8366514080477893,0.8549294269512314,0.8916094625555208,0.8713434234654737,0.8176490463119197,0.8846786046051369,0.8665368646111091,0.8013831754278606,0.7843962273615616,0.8634359441953756,0.8493442895937796,0.8423861714732019,0.9039272549365092,0.8991639050693075,0.8175117684502025,0.9131244218153999,0.8773558427541402,0.892212198194324,0.858504764029435,0.9052786750203903,0.8372888845139408,0.8411245944999044,0.9180634459065418,0.7622371936576084,0.9122922473937711,0.7349133930362441,0.7866377297357926,0.7862090632371251,0.8011307537564253,0.7793615614044259,0.708644638938674,0.8569118859768007,0.8716690100170841,0.7061549852943347,0.8050547590579378,0.9136111439056608,0.8881195079968841,0.7096768508387796,0.8575350872053974,0.7687745774638732,0.7637635092532741,0.7217516008732806,0.9219369309083348,0.8437593270287185,0.8728317125016687,0.8484901323800129,0.8477144303208286,0.9063152530869962,0.8910732222982257,0.7354865992089306,0.8164453628849268,0.791086207293569,0.8030219553541383,0.8463673565213431,0.8814734514283062,0.8235554705257595,0.8396170706626837,0.8088147827521904,0.8024360675208141,0.8807036673757684,0.7067084270845908,0.8536893808670727,0.7306682987197126,0.8501055428857778,0.7111435332576157,0.7809813012712307,0.8510536505547881,0.8257652102262261,0.847512714034117,0.8586856605948989,0.8233040342198192,0.9053599496284115,0.8984092952697331,0.7854120885121095,0.9063309262989102,0.7171561244104644,0.8124539651698421,0.8634894060414001,0.8902740814987338,0.7764073513555878,0.9417959943440456,0.7069920182718193,0.7707244575709042,0.7735626103398522,0.8555156940680404,0.9070997839489741,0.7792976981061511,0.8476675261934566,0.8000274015970427,0.8319309970978194,0.9073858510433745,0.7291701586492263,0.7888191997354569,0.8973372723650812,0.7062070825718355,0.8352643581276306,0.8486531560705732,0.7749011100032968,0.784582505921004,0.7820852349744759,0.7883566825504931,0.865273573774492,0.7892772484957561,0.838395259295626,0.8692719710059743,0.8532031320047249,0.8392063136319091,0.7343560596106026,0.909484526103877,0.8113279573458702,0.8458052978778183,0.7553011604897333,0.8574863164329811,0.8513624051668461,0.8196685776337513,0.7992221344812556,0.9119209359227535,0.8657070231399433,0.8706132579251973,0.9137290279920874,0.781961761730458,0.8245660561037784,0.7528637736674477,0.8294227654430825,0.9223836527995369,0.8400548501584302
0.7876191614869519,0.8416917056891288,0.8063320574088111,0.881691657019931,0.8282269116589117,0.8407413207738814,0.0,0.8123339342597246,0.7151139204887936,0.7769021935406896,0.8132858931806922,0.8675357688365505,0.792620898090705,0.721847201600823,0.9083206519512862,0.7615009207494168,0.76403381936148,0.7341692020353334,0.7944118153401681,0.7133129583886141,0.8151598125444471,0.8137796188323559,0.8341905344963789,0.8431571102075653,0.8489997979133278,0.8390913972725805,0.6842076612652853,0.7375630980948865,0.7759130853695696,0.703306065555304,0.8646493265928248,0.7953602679361879,0.914631415655003,0.8108677595738781,0.8265152444637562,0.8478371777914276,0.848635936930731,0.7271078965841491,0.7910433262134405,0.8681892120560155,0.8666179539151915,0.7827760219094929,0.8028741355073528,0.9184397542407307,0.8366228332485065,0.750571184440597,0.8012844523531579,0.8416450299578707,0.8852363516757932,0.7560680415724679,0.8645040198047591,0.8296772836506654,0.6937551690011432,0.8431338669488975,0.8600218333193888,0.837495246529807,0.7430834901240951,0.8302185600924911,0.7848460753250199,0.7565134811228144,0.7637067326380546,0.6911031548808111,0.7911416872564963,0.6935610059779345,0.7038358972253543,0.6766099319546799,0.7995639716866346,0.8105555658003996,0.6703869577913857,0.7838251556229061,0.8239746012684335,0.7034548954041611,0.721091957891556,0.8320794621924422,0.7214503874728844,0.6736584497432963,0.8141602642069198,0.8582172082441227,0.726630958775356,0.6719979147413996,0.7715226314801004,0.7934748690432026,0.8420010699734491,0.7255780635953256,0.7595359933208725,0.8084132991326657,0.7967305582057369,0.7560340543380543,0.748008593566449,0.7782265365741543,0.8159897441931555,0.8976509267256255,0.8284386780541538,0.7032998703021461,0.7775138598294921,0.8540022536945123,0.6680262281984742,0.8608797295023243,0.7136258535043294,0.8199924050478689,0.7454820113268728,0.7708058099030027,0.8360113163596176,0.8133255121720175,0.7564363840248418,0.7684083195250927,0.723509516555173,0.7820721293390095,0.8265710284665502,0.8277648499819247,0.8775161893139124,0.7857067170331604,0.8108768634842703,0.6446824420872175,0.7625043885121703,0.7885083645155121,0.7665536764804104,0.7410992795842735,0.8647142173509315,0.7046531949474543,0.7528384890581626,0.8226731098858525,0.7541525355119566,0.8915494840931563,0.7110871809105689,0.8363004455308728,0.7200502790022901,0.8422083038625093,0.8271970266579091,0.7516844963019734,0.6903246200255396,0.7282806105773392,0.6333331596904277,0.7619925363553094,0.7507132369100457,0.706123211002429,0.7386528624881507,0.8951844705635174,0.7803490829378155,0.829793087547388,0.8053373096929652,0.7388350384036854,0.8028316321624703,0.7634331767404237,0.8427654110594881,0.8495519489937239,0.8541998058135292,0.7470562074390468,0.768749321205139,0.6332611459232704,0.8202989531493756,0.7672609614936915,0.7167971312111863,0.8202719122468847,0.8947860349811955,0.8184412594585292,0.7700599127066294,0.9069814783437427,0.8572669279491175,0.7998111920639545,0.7204301264874918,0.7680372213499684,0.8724686792423588,0.7955532262357724
0.8665754873475074,0.9720236161740728,0.9239669067887297,0.8493374648071939,0.7584071462833354,0.9322849031538349,0.8123339342597246,0.0,0.8294776102736604,0.8558786319775827,0.8809622412147722,0.9076248266997045,0.9028626874910533,0.7977223444379143,0.8649825072688292,0.8670867355236528,0.9039578272205215,0.8328054040161372,0.9284966342926243,0.8997070114430534,0.8982090452039684,0.9250634845262836,0.8309518023292422,0.8564248811704344,0.9064290555403837,0.6943138724186503,0.7452283442469607,0.9024794864604809,0.8114198250548554,0.7610011844932477,0.8753619924946081,0.9149772212012905,0.8577058923276429,0.8362500135479153,0.8725772197509264,0.9076390967112642,0.7962948967732679,0.8441337834416932,0.833000308849576,0.878947173462882,0.8878006962095472,0.8705197243156187,0.8157807375724829,0.8076734957389784,0.9311539221808135,0.830195063572481,0.7636299059030753,0.8033797549730042,0.8774482850805526,0.8739690849087307,0.8701337192176409,0.8524310589724347,0.8294019675056288,0.8915378888111617,0.8691604618358459,0.8622767061856308,0.8704670774908294,0.8931304847811289,0.8878136509405041,0.8929662441032314,0.919582832569012,0.7437617836377961,0.8751529928298472,0.8027480293916505,0.7870158976985491,0.7830996839132954,0.8086073855152092,0.7304460261507838,0.758396343310941,0.8881831587035744,0.8318128442401208,0.7476753514970408,0.8070845436903465,0.9183013164446622,0.9205832775223018,0.697466603949742,0.84185420999404,0.7260510881482233,0.7856297992165563,0.6208403212846604,0.8393836270347267,0.8394821973636216,0.8426042132318625,0.8628848350322322,0.8448202133954409,0.9569055331664635,0.865042497057397,0.7676788726157247,0.8602606540091555,0.8012461166466625,0.7928173436716989,0.8335251471974413,0.8862156753416279,0.8132902260063876,0.83899178145072,0.7771725326435456,0.8078755398187545,0.8808364823989228,0.7102029961915785,0.8729190077666701,0.7308928100560247,0.8692664869705318,0.694183690813459,0.7874208793964995,0.8770196216496905,0.83987879518777,0.8595716928639052,0.9042660831703465,0.8407340586370742,0.8760755140553284,0.8523867595018988,0.8005766837310556,0.8502359875731362,0.7652375719835292,0.8165888673310538,0.8763962928941159,0.8907177687831901,0.810731615361737,0.8950021343720672,0.7161107371402214,0.7657720538608149,0.7599496404742816,0.8367668235764114,0.8442783697026184,0.7552818786923788,0.8248227958156137,0.8050009373807757,0.8419141536389227,0.9179907614046807,0.7644902093177074,0.8356058420790533,0.8768737762020322,0.7172163265582063,0.8197135332673214,0.8613043398305564,0.7486980262034753,0.793247273910359,0.800781611686987,0.8847329956552008,0.9040140949017051,0.7666796370025102,0.8344258453707891,0.8857567795635366,0.8767792446752449,0.8097674933944281,0.74397241840176,0.8944834319004555,0.7931499204192695,0.8885220329308178,0.7905749322745657,0.8516877314085871,0.8355419247241128,0.8679751089000061,0.8468551645102713,0.8926891914253827,0.8735005031548058,0.8794112398297724,0.8536886399484545,0.7643045027079204,0.7704589312141354,0.7454803041755713,0.7999553013435949,0.9374176905835,0.8192926688224276
0.9122139911538633,0.802692255410725,0.7740734750649441,0.7380007873543952,0.7811607770678584,0.7883704046696237,0.7151139204887936,0.8294776102736604,0.0,0.6976635408988164,0.8309932709406925,0.7219183662412171,0.8303262965984968,0.8572978635076157,0.730471128682232,0.7939116183736562,0.8436914963134571,0.8880528251587775,0.7696031461386285,0.8431441014173316,0.7506539574540109,0.8512658286354279,0.7889870918854317,0.7050059547038657,0.7659757662116143,0.6221709330941586,0.814600230487418,0.8738708438925269,0.6783608385185399,0.8553895732986168,0.734706772686611,0.7902591455959587,0.7089058617996339,0.6671382003958992,0.872479493210355,0.7461016906728353,0.7340028719898329,0.868933085178751,0.6656841584500047,0.7711309262706769,0.713994469991474,0.9145884834966204,0.7022283074715906,0.6813330066308123,0.7367730947415098,0.6963868674269019,0.6958875185359231,0.6720177253532803,0.7988112750710488,0.8124195036053069,0.7550217208994351,0.7525573664180677,0.780025195248297,0.712278223987333,0.6893352139252471,0.8329142197330055,0.8113594924036468,0.8289694727161081,0.7832592580102447,0.7953231651237707,0.7500599242816288,0.714988335117555,0.7930796237259468,0.7777441956893947,0.7346326213036181,0.677796892527772,0.7129280265339764,0.7014429534318376,0.8067297077703857,0.8859236889759806,0.7796588256766714,0.7562824825527421,0.8507107478734354,0.7946370983295131,0.8762984323502422,0.6473642425787045,0.7214196246878616,0.658206431484397,0.6525492355270325,0.5916219356783624,0.706076140607316,0.8002365357059857,0.7871177264479772,0.782653192815244,0.8001807405139726,0.8697306715235773,0.8147460581235721,0.7818550233546453,0.7617340284497289,0.737775436987019,0.8555757964446103,0.7313075299226073,0.788384310687499,0.7314699934294636,0.8596747523405653,0.6586310804665853,0.6795709448558026,0.7130681464519787,0.8195589209112898,0.7366982340974022,0.6564862135223442,0.6667808380569208,0.617730590561482,0.6347401326924432,0.8572552325493589,0.7244600008106815,0.6758281010393467,0.8331284794746744,0.6866929756402861,0.7039299372045474,0.6974114267081811,0.8089022721660765,0.7904603072363712,0.8544253791434125,0.7461973507160882,0.8754709266717083,0.7798284097459289,0.7162239023981066,0.7299065749811882,0.8298394324591596,0.801772726039496,0.7191082078033,0.7814408030646295,0.7165002989584031,0.8551626506770154,0.6362360701560191,0.7818929422689501,0.6866544667534406,0.7003757331931082,0.6979089402930605,0.9170443907380459,0.8108435183275591,0.7911374942538211,0.8522836162629139,0.7021556266785391,0.6958504854490095,0.7028953693540597,0.7257781099849554,0.7507567740830408,0.764166941092035,0.6636119824539024,0.8039196367966679,0.8226095461643316,0.8167257550905592,0.6832015359921746,0.719010180089586,0.8263742432890756,0.6396231040818585,0.732760196921911,0.7703328363134134,0.7766089194141687,0.7468230607002613,0.8377626215307825,0.7000549517058536,0.6989509919960396,0.7576722366230092,0.8230233320220519,0.7115971866276936,0.7312091900319558,0.78201238009599,0.6228808569445621,0.834898428087106,0.7901860788114389,0.8804417226368103
0.7288976246537242,0.8576673926688495,0.8851460379693693,0.709897301219588,0.7223052021450109,0.8270360053303685,0.7769021935406896,0.8558786319775827,0.6976635408988164,0.0,0.823761468163337,0.8342136893326334,0.8286493331707829,0.7549679915058104,0.7724005169536784,0.8462896621940585,0.7691037428054701,0.7414517090064489,0.7569318357824537,0.7367085602596563,0.7352649803407805,0.8158381783991748,0.7876525553539667,0.7119915300970352,0.9315958952887107,0.6495315196244735,0.7462519087949363,0.750718102145285,0.9584006852347499,0.748436534943577,0.8296632021039113,0.8816063877504253,0.7597502061515876,0.7053804970067151,0.7689801424069775,0.8217294011503878,0.8274795282519387,0.7927675308426819,0.7422810116708948,0.7399971901469471,0.7563701115857402,0.7448997912378563,0.8017920786257292,0.7688753563442283,0.8124825956336356,0.6892113915219202,0.7559455856358177,0.8364975682913798,0.8527841637888778,0.7132144925074676,0.7168128677859916,0.6768992260615789,0.6644751935135524,0.7507927363644855,0.8945962018286171,0.7762481536427599,0.6754959983730129,0.8193233178489963,0.7953319012209477,0.7106230020421102,0.7635199064684308,0.6682405173635675,0.7253000430582343,0.7821612122624609,0.6237835849704653,0.6286645589914615,0.6786013001065369,0.7589032324441086,0.7874068407129307,0.8527431870170122,0.6905331494298947,0.7300938018210839,0.6577351153924884,0.7556669837431865,0.7742299163282131,0.6895945797173695,0.7405784267322953,0.7934952585733811,0.6695654601913872,0.6185791479525247,0.7814558892886844,0.6386781388664456,0.8298122640200076,0.8252602996783688,0.6584001624069037,0.7796414937996837,0.8082030442075253,0.7451836451274747,0.7992873730470659,0.6643002676001495,0.7096152050883205,0.7276853388364627,0.8542805722446047,0.6349085617178047,0.6702365533082717,0.8885550246628465,0.643682655325442,0.7891194881238178,0.6477320551932552,0.7031766135434987,0.7810987639461852,0.8203130388580475,0.6580107045727878,0.878136853226458,0.7174313739110111,0.7218826638473482,0.7107240011937315,0.8480060055389007,0.7614543584923605,0.782350929257185,0.7249561145463584,0.6544530731243708,0.7169605837044899,0.7434404894594759,0.6888118785377426,0.7013508428053503,0.7715344122058476,0.9130449786316526,0.8158530380665989,0.6850608061771855,0.6588646050852364,0.7374115753026154,0.6783800726719587,0.7517813503259734,0.6659956385110145,0.9118752054128945,0.6300549802050179,0.7960262540896929,0.8856290178144255,0.7803776407440683,0.7957870626028353,0.7328820193110139,0.6662692574674394,0.6358509353288274,0.7380537034777719,0.6916906018822824,0.8009497854211038,0.7464880751374233,0.8561318976301673,0.835174431723848,0.7996225759804918,0.8465266855585437,0.6835740259818099,0.754408475422916,0.8462503947300043,0.7089509272751581,0.7375627262942274,0.8187877140008267,0.9596097954582303,0.7572656007289561,0.6777488697318514,0.8414755960983432,0.6949740701158433,0.8458510034866246,0.8409358143005041,0.7701308944183872,0.7360400569106184,0.8023326502600591,0.7195434355785757,0.7056764376195169,0.8039531160514437,0.7329379482963706,0.890767372311381,0.668200338796821
0.8677839214953333,0.8885403000244708,0.9351269816421296,0.8207113910393756,0.8856015348672043,0.8874130686423087,0.8132858931806922,0.8809622412147722,0.8309932709406925,0.823761468163337,0.0,0.865521319049232,0.901804610480382,0.8465765106059829,0.7903730548836319,0.9399463077517602,0.9319499048066923,0.8393049434520757,0.847558601153184,0.8520607341664606,0.8682221980230387,0.9512812418185831,0.8550925985463393,0.8126755447464638,0.886259805796068,0.7422682635133241,0.808729134585566,0.9021967976317526,0.8519316928105748,0.8329937581812092,0.7792152744993559,0.891805036923307,0.7860975285401963,0.7577027616466812,0.8875212685496089,0.877388791677753,0.8414960011579015,0.9125081266938456,0.7976117190885225,0.8635559513485122,0.8150963392183175,0.9258947767679698,0.7987800966452102,0.8248893822384644,0.8218360968952779,0.7092279698552386,0.7263398218034404,0.8683202846688752,0.9148140099913309,0.8411816149761492,0.8301076193796822,0.8070723633982462,0.7430709471310285,0.8342530178101565,0.8795994322288622,0.8083000801625184,0.8261814613750773,0.9505913740763843,0.8371510297706845,0.8091253570979317,0.8368598852674443,0.6970803493995245,0.8469519159911079,0.8541282189220265,0.708272206698921,0.6832192632156033,0.7691889600648542,0.7461201420969601,0.8269446261850352,0.9180987792675304,0.797188920365161,0.7504406620901385,0.8493418923323007,0.8887574024118171,0.9023330130769277,0.6221258993313425,0.8713861660622718,0.8110432055424233,0.6825318025814407,0.6607674500541664,0.7865611234334449,0.7743264007044978,0.8364436785014395,0.8497413742270373,0.8334123428620155,0.8892373475284212,0.89425060377611,0.7504439985996686,0.7395767300743333,0.7239244663641438,0.8873244452083986,0.7410617623628892,0.9123019512346282,0.7278648433506956,0.8572590830750911,0.7692695347766778,0.6997244682804129,0.7877206217454574,0.7803726057839176,0.7512610993183381,0.7433709628569456,0.8069035830731426,0.6706290498489099,0.7343681542639516,0.8333805528434174,0.7761085607912059,0.7576163281744537,0.9189344402253777,0.7490638194349675,0.8370387590819133,0.8306302901127597,0.8533691218487326,0.8379628678095267,0.8586409259416508,0.7538693174462096,0.8723303771350552,0.7882208820065834,0.8566862475525375,0.9054333898566419,0.7821654160604107,0.8559252672930994,0.7460496992759559,0.8372164874740905,0.7980947747930429,0.8102048715636797,0.7858320601324702,0.766894858431405,0.8045711627683872,0.8714871070978503,0.7423362898706196,0.8412496692423844,0.8905709651094732,0.7833553965519121,0.8394240315248513,0.8151828769448443,0.720327699907814,0.7533935407991545,0.7986172012980047,0.8772169586765551,0.8369809053081597,0.7193029056889074,0.9197554470100661,0.8095628983186574,0.8901679847260536,0.8703444544922604,0.7460226370122058,0.8674782005875786,0.7120558528318701,0.8574433427379774,0.8623535604641677,0.804147835405111,0.7855959989642247,0.8777069787294456,0.7953626071993443,0.8351769529459703,0.8084802012580645,0.8871249095777329,0.8288580463813774,0.7781861129404872,0.8414701022641712,0.673673990465306,0.8104536087589695,0.8393469187847488,0.9063429478859713
0.760422718972415,0.9255433893351369,0.9036433724412627,0.855719523397144,0.7930602286770565,0.9115579012408261,0.8675357688365505,0.9076248266997045,0.7219183662412171,0.8342136893326334,0.865521319049232,0.0,0.7935620128464187,0.6802606904045352,0.8654922147165357,0.8248256489780763,0.8231135249169492,0.7010470406547896,0.9175897138344453,0.7910743288375058,0.9093258300541516,0.8813587551940394,0.7999105146484307,0.886354045966939,0.8974034806260356,0.7345314892889384,0.6616066971433697,0.7856639667385837,0.8252077408557628,0.7109430055632342,0.8898932539639932,0.8502558907615813,0.8637177539265042,0.8689911641995841,0.8058796629440381,0.918215534348121,0.7894484391416317,0.750897755661708,0.9172826055606941,0.8244633871945943,0.8957521245874398,0.820685387211497,0.7984582002301628,0.8901589296822343,0.8848997224473352,0.7469455432589746,0.7402856200338316,0.8707892357134273,0.8498835434252542,0.7966441725362463,0.8533681361938839,0.8297476776261272,0.7170455421405241,0.9192557462343987,0.9190469242878929,0.8125416572128976,0.7895830076608815,0.8982471315607269,0.7875970670949318,0.7927386227797402,0.8507056401639189,0.6615329720431471,0.8065057898810117,0.7447370430291422,0.715485345567874,0.7009448881813425,0.768677475382381,0.7042564641673521,0.6619719754422647,0.7927414379605083,0.783431310992877,0.6531300420619341,0.7268947379940036,0.8614402973898901,0.7989992758192817,0.618678663917956,0.8445065915745874,0.7915875447975995,0.7288562067938528,0.6276141007227585,0.7921167685132773,0.8044679017960626,0.8198668365154783,0.7472187167182136,0.7902945702212648,0.8587504679884652,0.8257597110412872,0.6735737975747655,0.7288599159947514,0.7910459394854703,0.7589498063190208,0.8577297995578558,0.8566351101805758,0.7316009038301279,0.758469924728483,0.8341485842398323,0.7596691550933524,0.9046705342829089,0.6694921322129609,0.7889157996549155,0.715774400640483,0.8781359198258946,0.7363059849547878,0.8347103705316781,0.7649402508170078,0.7770099722954352,0.8163859804623701,0.8393839652800372,0.7861727748706858,0.9123268929429181,0.9311219676828861,0.7812018483122388,0.7863767279147998,0.6814893185550455,0.7200286732920901,0.7854620418758271,0.7885825806910061,0.8084750728113497,0.9187742685201458,0.6487434988841045,0.7401680694480299,0.7330409998044229,0.7943439396190078,0.8513261292381553,0.6905234417542211,0.8714548530788941,0.7310021718626829,0.8846855032275064,0.932588548629305,0.6874971028440158,0.7236965721978502,0.8200347377379382,0.6184548267775085,0.7893525294048059,0.8746861820089686,0.6951044827303423,0.7585670565241914,0.7847011400040625,0.8264757775945657,0.8934577673880685,0.7352010505579696,0.791687469439682,0.8212092947621022,0.8457520040607105,0.8708703564754483,0.7485383517032534,0.9063563526686286,0.7500791285204415,0.864457735765587,0.7431075137858351,0.8334975509027975,0.7658078214753883,0.8070702288643492,0.8357602171050529,0.9594482635206052,0.829916163251615,0.7988838203522445,0.888572688045218,0.7365776155888563,0.7159880462596127,0.6723848400181569,0.7282418516092556,0.9037375037798552,0.7867694960359389
