0,1,2,3,4,5,6,7,8,9,10,11,12,13,14,15,16,17,18,19,20,21,22,23,24,25,26,27,28,29,30,31,32,33,34,35,36,37,38,39,40,41,42,43,44,45,46,47,48,49,50,51,52,53,54,55,56,57,58,59,60,61,62,63,64,65,66,67,68,69,70,71,72,73,74,75,76,77,78,79,80,81,82,83,84,85,86,87,88,89,90,91,92,93,94,95,96,97,98,99,100,101,102,103,104,105,106,107,108,109,110,111,112,113,114,115,116,117,118,119,120,121,122,123,124,125,126,127,128,129,130,131,132,133,134,135,136,137,138,139,140,141,142,143,144,145,146,147,148,149,150,151,152,153,154,155,156,157,158,159,160,161,162,163
0.0,0.6169160423671483,0.5380863007426365,0.4879596687632364,0.44129095134765634,0.5516942989946381,0.4960352850933362,0.5119495720542762,0.5919712238310484,0.5305288638715755,0.5792346269261022,0.49446896375459576,0.5896871260305032,0.5971265611828575,0.515981077983657,0.560392952200328,0.546343934638826,0.6249901884121735,0.5432107046115576,0.7746364039909246,0.5757782608443902,0.6252172779910037,0.4562271352291585,0.564712359579438,0.6410769836496987,0.5059500692845872,0.4203067182115723,0.5449273891267861,0.5489617373968998,0.46737703804876124,0.5837551798227748,0.585742521293386,0.5021369110501536,0.5201346373670077,0.6675138763943255,0.4906142802129424,0.6391029322719773,0.5707868512083902,0.4757057065173847,0.506132278720505,0.4736880753013139,0.5396871021218406,0.5676168822487296,0.6418860364093641,0.583640136046017,0.5192396320160162,0.48750137973421015,0.5778320085322823,0.5975231987875,0.5241703512489205,0.5500602515353368,0.6069396318873553,0.48227392189451734,0.5888502427435177,0.5643019445241401,0.5795737946507333,0.6267832666769438,0.47307630713306736,0.5472927715483807,0.5063854190720526,0.5609057718128106,0.47102707272687155,0.592857776342903,0.502883943257347,0.5752284105325234,0.6087365299174603,0.5402684898878025,0.6644476719533321,0.5287948283596753,0.5812964987744135,0.7249899562448817,0.6220035147412437,0.5558532231115524,0.5513537711411272,0.5418349842139683,0.6301739235819814,0.49357640287015636,0.4814078452328437,0.5219642726835334,0.48486514094373323,0.5435848702433191,0.5733127302072354,0.5844174769540967,0.5576684435117245,0.5305458006762731,0.5841042106209022,0.5499159704877161,0.5067012160183979,0.5241345353893232,0.5386745353003995,0.4961698674275363,0.5096052400033262,0.5205108320557774,0.677779603459962,0.5814647225707602,0.6204058747325844,0.5711563493091819,0.5403525534658514,0.5063753345592329,0.5239377391217042,0.6197798556993066,0.48900249818010993,0.4565514763373356,0.5076137324335417,0.5755521738206879,0.5258026597200116,0.4802083576953629,0.5273796723044574,0.4903251869270634,0.5752084242733027,0.5638407354903344,0.5021000728497343,0.5558881179501961,0.4556673054946033,0.5749253961700918,0.5318867782920015,0.565650275418666,0.5798387195071267,0.5374393856615465,0.5089907483954714,0.5401472436528869,0.44936718453857344,0.5945041271530739,0.6099645769748047,0.6008360084332393,0.5712175628867452,0.4422082568015782,0.5004330068207185,0.5578037345550129,0.5672556545226559,0.5175244928566022,0.5307482358329889,0.5368284997702977,0.5504263359675354,0.6099194910982364,0.5900552008115069,0.6142157995124965,0.5242447599068646,0.516801252923538,0.4769437482471193,0.5903500467051264,0.5993309955628453,0.5410648385003272,0.4889151322303803,0.5939384576433095,0.4842837344056568,0.5418832783722523,0.45765289473945153,0.6308255839507515,0.4271369563561122,0.6385701622730605,0.5283312078626726,0.5105844200872911,0.4392805957899362,0.5166237160486281,0.6529221780507009,0.528033381015265,0.5220684191106802,0.5659372358989907,0.5594565962977448,0.49967692307589606,0.6598236336842569,0.4489669182452604,0.6032065256574449
0.6169160423671483,0.0,0.6149942973556172,0.5896967404919535,0.4570661757111831,0.5525855212276011,0.5315943216602477,0.5941150652957433,0.5833423535174447,0.640807613123913,0.5977775017293376,0.5669611691509582,0.5842486407531946,0.6221601192424019,0.5500975231666119,0.6205343818578472,0.6215699030409879,0.6406968518755743,0.5912106827794238,0.629655305318119,0.6326226070910523,0.6701224568713948,0.5245805319127056,0.623979833386368,0.6622168850529685,0.5407034189339804,0.49802526799079616,0.627807154865714,0.7486515582683668,0.509650325102674,0.5865284728137053,0.5605701855630596,0.6249543427087996,0.5522905154233388,0.581813811566247,0.5346589816421092,0.5823150290116001,0.6627213077913896,0.5254314355919184,0.5997118678490562,0.5809710637758062,0.5505554347416459,0.5398483966458852,0.5959657023251357,0.6354222872221748,0.5790251018548945,0.4919433757646103,0.5093140459646922,0.6190545352766683,0.5236836742930231,0.5681271554307796,0.6438419701574754,0.5153997643649131,0.695481920547943,0.6194875248267085,0.6046951282306164,0.6561077610552147,0.5277604117007862,0.5385732569413062,0.5748867918797709,0.5885802385219533,0.4850446209596828,0.5772360936170687,0.5102752344024409,0.5241737195211799,0.5680655704845776,0.5519131149180302,0.5732218197624325,0.5288631707519895,0.6321740160440245,0.6272708951411963,0.6348694168975357,0.5020024018126201,0.5975603939815014,0.6160023468568815,0.5784028416558258,0.524273889498836,0.5622366892512904,0.5970311795314955,0.4908867111854938,0.5694982270639848,0.572195474893769,0.7123309381300623,0.6248108799352777,0.5622528492934783,0.7379974900268256,0.5089555249563485,0.4868108996259086,0.5849417301996624,0.6167518218475515,0.5229112889219927,0.5294521245428067,0.5702563968812143,0.6296343917395286,0.6296018168962783,0.6828742788410435,0.5750685215179826,0.5820253220020293,0.5013295392381827,0.5666747593526051,0.6471722708007713,0.5051238636459727,0.46606049964131885,0.5960432088173434,0.5749903856297062,0.5861066876037627,0.5276510881382018,0.6157739896078358,0.5648989957660411,0.5598762151393399,0.5687809369577553,0.5212133720790088,0.5021946739562854,0.5250955349953328,0.6407949553108014,0.6615617472705073,0.5916593093538328,0.5579303734146349,0.545693570432065,0.5775503144327161,0.562341583526172,0.5095506078535933,0.5289877588257444,0.7193975482884376,0.5180324703750694,0.7426998653296835,0.4599012342500432,0.5696966605231613,0.6761270218727454,0.6214031375882402,0.5862017208410728,0.570094859947153,0.559515813414137,0.5808136298249663,0.5631650665170433,0.516066324453226,0.6153641607251178,0.566961878160844,0.6059895254559174,0.5363289130016782,0.6411155609601191,0.5975080322614239,0.5987945495132183,0.5182203328065297,0.6332986698018875,0.453396882089921,0.5772308560519803,0.5547079877642792,0.6915447257348529,0.4865602746539346,0.588915067791297,0.6038743523947842,0.5654972432519276,0.49449738172661467,0.6191114810512747,0.6419599110357479,0.5344354909328562,0.6188485933884071,0.6028567935731078,0.5676446320095905,0.5721597592020086,0.6208465997592075,0.5173102953157787,0.601796385849869
0.5380863007426365,0.6149942973556172,0.0,0.6061897546585078,0.47265847838327313,0.5499056826611086,0.5511009321892418,0.5978268549317397,0.4995756252925986,0.695979124547398,0.5722746131376552,0.5518097596189685,0.608971395141252,0.5842635898430404,0.4825181511386095,0.7511118245815116,0.7371937647426077,0.5881544557904734,0.528634225240357,0.5198196285299894,0.6681212444797895,0.6120275632781457,0.5478278901801275,0.539406373075861,0.6115747059497229,0.6135826051715721,0.5183257841927212,0.6273395709099838,0.6013136295222093,0.5190575765586768,0.492393714891944,0.6304431180608522,0.5554915133116505,0.5752392873361346,0.4850275774196361,0.5353414498454949,0.5551190145368209,0.5795839410603386,0.47125244243373915,0.6140014762803746,0.5159262179956415,0.5890900998098932,0.5471778542070967,0.5255426171636915,0.6312222708955112,0.5827367502803843,0.5330713096629454,0.47822168917632407,0.6055914799776309,0.5228770750783793,0.6139288530891631,0.6572183768897486,0.47150739249913604,0.6584746192304707,0.6157730476704035,0.5745905908389832,0.5911447286124479,0.5720333571654002,0.5470974955404639,0.5724717556553786,0.5636112081613412,0.5216501502282479,0.5947979135700472,0.5016461156921068,0.47815475507951877,0.549398063838408,0.5504896553676213,0.5923168189836073,0.5940986798181291,0.6061356408482194,0.584146496189898,0.5308582502550129,0.5222776632442433,0.734132691240802,0.6034607711267252,0.49944716585641247,0.6522242227250162,0.6272169625304717,0.5361644951127292,0.4601266529932919,0.5320770365935098,0.5365420933596378,0.6157312869659831,0.5511799597151197,0.5782257272083094,0.5956921741612086,0.4945719162248543,0.5057258063458254,0.5803883068291611,0.5281570637451732,0.5725981734949126,0.5083829134039395,0.5538646342030781,0.5261291389213781,0.6105727874870093,0.5692356496084859,0.5137920683511855,0.5733045099031545,0.4777786849154336,0.6101645213777601,0.5055916216615151,0.5766901905217083,0.4933117852990012,0.5395559266339838,0.5528123984438708,0.6732103036761679,0.5976141312732589,0.6096816610622524,0.5733077248294839,0.5214900988127589,0.5869326192538818,0.5187299512576868,0.5083101655308312,0.5289678604034321,0.5705315206390144,0.6678440713717371,0.5333615181364938,0.5468972987506189,0.6210004584965505,0.5743059483383285,0.5154841438822797,0.5268855564583157,0.4886139674719007,0.6390639602494881,0.4295199908789431,0.6121883394864555,0.5225415949872102,0.6073036021833365,0.6804645567468494,0.5548585071978743,0.5616821191204755,0.6330071894221785,0.4946990822899799,0.48761102607723733,0.4796521656142354,0.4339316506279854,0.49851563447302205,0.5034245020976594,0.5609142914546027,0.496045435118223,0.5083126255306087,0.6091673826210892,0.5897119976386823,0.5245608021733488,0.5662129113172126,0.4868230572129025,0.5205209178967032,0.5498919865372222,0.6238314139256713,0.4891449151446871,0.4990697578283685,0.5021550993863142,0.5471706727553866,0.5672022977428309,0.5951289735034213,0.5461313901991648,0.47672781679562226,0.6660192483915038,0.48378599128307154,0.6515575361451832,0.5511755918152179,0.49786781371998756,0.49946276321021604,0.5206191106239757
0.4879596687632364,0.5896967404919535,0.6061897546585078,0.0,0.4714018573842073,0.47065766735318715,0.5988545680566294,0.6085343294119092,0.5041087167559094,0.6160346543225071,0.5389241318052365,0.5802341950119535,0.5127058878070763,0.573975029438752,0.502478450073287,0.5828585145027767,0.601039956474557,0.5507973657070783,0.5198924604289631,0.4804187077961641,0.6031316459952317,0.5670859720493673,0.6449181847341249,0.5282954277406452,0.572479553346959,0.6243267808627125,0.6276050121352668,0.5940617946548605,0.5696259075751461,0.49606716078692376,0.508355488301077,0.5246692565297942,0.6332101662600335,0.6043932461063436,0.48897612927960515,0.586047854552158,0.5087532140375739,0.5888865653369806,0.500204781491854,0.6428929002370652,0.5597137424374552,0.5456260591623209,0.5080234805304812,0.5082419787279172,0.646175195388352,0.5499349948001149,0.4757386661250881,0.4375012571342117,0.6095568136124078,0.5082897611725634,0.5862202415689588,0.573465583058049,0.44845869515540926,0.6715177383724554,0.6349198299584863,0.529784094157715,0.5507864634803271,0.5692622127146671,0.5286108750990985,0.5814877941091556,0.5149447366013465,0.4909132722604872,0.5103198888291677,0.520559208184563,0.4549575535876451,0.48356080502583354,0.5569049260738362,0.5019735160100648,0.5498992086860545,0.589983391056456,0.5283743937042399,0.5382859902569114,0.4960034222609116,0.6478871209230144,0.5386713842856177,0.45417768763655836,0.6124656220715696,0.6333679048533313,0.5380349429797245,0.4119122924389262,0.46069774804373864,0.55944481070559,0.5552428144709025,0.5052971059823209,0.580917650078991,0.5987714226807864,0.471523358021123,0.5027074191294988,0.549107102664676,0.5519474241123445,0.5900555392043613,0.5523074267753147,0.5447974852036508,0.4757540275399319,0.6335769847324915,0.5623923452192986,0.4884849303817097,0.5864103971877549,0.49998100244906635,0.5982927096985495,0.517740365899575,0.559268951003286,0.5456481029218243,0.5875099748587304,0.5456089783140531,0.5828566978606026,0.5477932820675828,0.5864002215780715,0.5618484314476578,0.470434633122687,0.5832405154595753,0.5597903948872499,0.4619056581290417,0.56960661146402,0.544736206521218,0.6208183872186012,0.4891555168571939,0.515109061166706,0.542687842398769,0.6358398316045126,0.5148406731301246,0.5922713852696981,0.4520636403894249,0.584456240075461,0.4199988463839382,0.5831754457825891,0.5168332859849778,0.6256146087777719,0.6491515038434624,0.5534606591084286,0.5303109651673309,0.5316699707173411,0.4844734280646323,0.5169051006247486,0.4670932198839082,0.4042026072521079,0.45245574302091696,0.5412078068285805,0.6208403037172016,0.5232933326917104,0.5067096376848654,0.5458073146938506,0.6241533944038556,0.559799090730526,0.5608613593780664,0.49220083022105593,0.523326279902803,0.5124305545967249,0.5663765923490064,0.4857903067335472,0.511284269701685,0.4875878901381371,0.5714638121294416,0.5655136688462563,0.6251041460455179,0.5299789701308923,0.44449606472592496,0.5996293656842974,0.5187988388446144,0.5802103363798288,0.5021344301966092,0.48039576371358245,0.5371439539692475,0.5158661062249915
0.44129095134765634,0.4570661757111831,0.47265847838327313,0.4714018573842073,0.0,0.3791237788312923,0.5587454032913882,0.4310944634024602,0.4817431329576819,0.428475136132204,0.46028181798523027,0.5343233637764156,0.39027514504695426,0.4468850422947564,0.5221949793405402,0.4682417571494358,0.46433009296179606,0.47455711408205103,0.4716098728472163,0.4362451016803296,0.5227100485187394,0.5213574012008475,0.5259106381156887,0.4780322535400257,0.44756140707372977,0.48419151904822116,0.45311401437780263,0.4108014466172597,0.4544729367694355,0.5191656289736117,0.4954447778825131,0.4392101539900422,0.47581652010648523,0.45404584142134263,0.47349033283301917,0.5674012556427287,0.4226538235139292,0.5047799995538954,0.5420967717195998,0.4709590411198657,0.5106383581962607,0.46429368009438887,0.5275008316926123,0.5040383961971322,0.46802304706306974,0.44958137655461256,0.4899643875471497,0.4142641378986663,0.5334377669331598,0.5477196156960927,0.5339129281426472,0.47181763643202407,0.4147595636435011,0.5179392843529027,0.545454435603113,0.4162551669990294,0.49700052225980323,0.5109800003395639,0.45600229659846764,0.4964427930155015,0.3752338691604933,0.4469223834638142,0.44678946064607883,0.5305581071597144,0.46854295007599583,0.4024495016052396,0.4089202020264215,0.4413411719500373,0.47342004048831854,0.43999712855941686,0.4861421214089216,0.49655215285637855,0.40673791810080856,0.47290775056551554,0.4162319684919983,0.38740867721239464,0.4689640665717535,0.5632818809770505,0.44056135166859905,0.35315593438766985,0.3797221022785559,0.5388501623000076,0.4806095968234935,0.37977316773356323,0.4814921684857438,0.46624453198906407,0.3837923189261836,0.4794903002636764,0.40973648724685074,0.4298068368824968,0.6114003420570898,0.5191186300853313,0.5852317837015389,0.4110356922672375,0.5066819843293559,0.4673866496173342,0.42709161751389824,0.4475519058451655,0.5278460893671043,0.4172339211810126,0.44920092406479206,0.4563068631825713,0.4887965853032961,0.4896351641108735,0.48422686228241374,0.4626060381240562,0.4359444076926462,0.4226885282253507,0.47385501534224134,0.3993452748276888,0.5055232739564577,0.5685333790715682,0.36604040349621647,0.43772281207839825,0.4417506648818143,0.44601768306544026,0.4008340614480936,0.5688563836409894,0.41533991935184317,0.45299530354550305,0.637092251921687,0.45118104232515366,0.3882595613083291,0.48317022072664867,0.40457249002223755,0.4559984874960831,0.43868411035773747,0.5385397724469302,0.45764644179370345,0.49403014895561975,0.4235044622975912,0.44489235024548107,0.3755827091932051,0.47245792929263736,0.43266644461415615,0.42144923297700426,0.42280136591425216,0.5366332600541727,0.4789378561374446,0.5170512320231272,0.39742991862013827,0.48047042230991466,0.5113140761343682,0.5324058842855687,0.4869209779552622,0.4761395527286305,0.5808230858930511,0.4082883000357039,0.46650006769483865,0.4221169066696851,0.45923351711782023,0.42587249366973107,0.5860404630938852,0.4974868361305914,0.4767949882347098,0.4316445973523709,0.36365877336649327,0.43645861224123433,0.42011862994866833,0.4511425754617886,0.38317386068192494,0.41969029050318446,0.44642439484217483,0.4911824513555892
0.5516942989946381,0.5525855212276011,0.5499056826611086,0.47065766735318715,0.3791237788312923,0.0,0.42107869682400956,0.53251966470575,0.48876243710614153,0.5565716256549696,0.5281706365997224,0.48019534323845725,0.6009510434689943,0.4852264463026615,0.405199644596987,0.5970330514852126,0.5587995646338718,0.4854530457420658,0.5142506991685083,0.533113547142101,0.5470073967809909,0.4949982161617988,0.4136814974872689,0.4703073112561022,0.613530226951952,0.47464005413997906,0.3943468576585338,0.5702861820384406,0.5157968621043528,0.4564596695499532,0.4666151660848223,0.575265737305202,0.44922260918651163,0.5060665893461217,0.45887473923145233,0.4220725050530286,0.5711615559201096,0.5035422685716678,0.41740435928383735,0.44962280859860204,0.4250927929838314,0.5499992743171642,0.4606112968824244,0.5042145766839612,0.5012054792924037,0.476298737928066,0.4356245819538659,0.5009647473438803,0.4763455484511107,0.42381344668829785,0.47736032597504363,0.5846175498796111,0.4313957092841751,0.5135022959832098,0.4787889840506876,0.6576502603478771,0.5250263139964829,0.4864262141506371,0.4415901507376436,0.4455299472617955,0.6430546600933084,0.44913411197596,0.5600554349355863,0.4105563683505211,0.4391661779210105,0.5594322453251417,0.5012037395939366,0.5512599427945166,0.4477691262372586,0.5794901960678626,0.53649290051301,0.4600083206609034,0.5158287487626958,0.5182667322815859,0.5918136197694941,0.5560612424991015,0.486100968689337,0.4633570837625038,0.4923242112767805,0.6332970064428431,0.6926771934809636,0.46758047886795384,0.5676859322172676,0.635832950595562,0.5116757202769598,0.5398574176919778,0.5923060890096418,0.41885110213366306,0.5352181575839,0.5339023178254168,0.4375197209463364,0.4418579837815065,0.4372802846535347,0.5717996559539215,0.500906960716489,0.5587013958739615,0.5182035971552472,0.5456972285828379,0.42380346682313796,0.5034385631382602,0.49184381271980915,0.48213762820366735,0.4140013230020642,0.4702374448966881,0.4849740892502329,0.5208300318480945,0.4930285611466404,0.5808349782961734,0.4377050618570191,0.5710037405908366,0.5141452965208894,0.43324883846836376,0.5940630305150781,0.47755117371750627,0.5063554247409489,0.5493111013789828,0.5823728347188475,0.45076285563592206,0.5807503538449316,0.5106131324720956,0.42957777920333523,0.4568163276977046,0.5765619420986283,0.5733718844328193,0.4750590386745311,0.5526412641626735,0.4312890231821363,0.46085157006984445,0.561552059703024,0.44458490553111096,0.5670324643817468,0.61243165044907,0.5690616594749224,0.4887937738954732,0.4872381763241088,0.43557864427667264,0.5328053725304298,0.40747746001403307,0.4333166059505056,0.43309201447693446,0.5112416944026625,0.5568197569600787,0.4761133047183915,0.4379162961882737,0.5296574048790599,0.412094676086796,0.4612807274073954,0.4895518356212463,0.5743183628741686,0.4630760056218787,0.507193415301994,0.49910510043448636,0.43288149594060693,0.40180598445326354,0.534617860152052,0.5595623623892205,0.5142838442400133,0.6159674356848717,0.45333998367436107,0.5643432023333932,0.5115543527847234,0.5782840810245965,0.4602870377116112,0.5028273128161019
0.4960352850933362,0.5315943216602477,0.5511009321892418,0.5988545680566294,0.5587454032913882,0.42107869682400956,0.0,0.47921378406659915,0.4835789124860655,0.5341681324210107,0.5038343156859058,0.5301890629293213,0.47113435178722785,0.5844879187839267,0.5421574388148959,0.5161808757729232,0.5321590229693611,0.5475167645043068,0.4759691477679411,0.47708803790558063,0.5749970761843094,0.5769591128183523,0.633557207564293,0.5376250501188665,0.525342911321545,0.6127862237663607,0.5238659071802396,0.48296312377237527,0.5202156673448451,0.46502906161690155,0.5093967123341817,0.5200787174496695,0.5533464180223424,0.5641438379380131,0.5285636116598703,0.6359470426582614,0.4945898506575231,0.5251736518827687,0.49443239693798235,0.6249279592700148,0.5199595451860417,0.5217350413225592,0.5473595383162402,0.544005637596507,0.6019042291301332,0.5175131960411364,0.5363002543677375,0.45035842592747305,0.7064001992247041,0.5698701557392577,0.6292178035488516,0.5380652889460191,0.43921855256902004,0.6356900769934962,0.661740387449098,0.48591558436443544,0.5311567369036487,0.496787974317165,0.6153056625908673,0.5681694886401515,0.439520509224866,0.49294367987773013,0.48053056135675376,0.614624762869033,0.4979701741570785,0.46571026913661817,0.5314092772091683,0.5294918223403384,0.5705916169316062,0.48546813882669704,0.5516034177402208,0.5768794092481083,0.49841611450298995,0.6083630621582087,0.45311355079001014,0.442749883634626,0.5860200052507165,0.6333742803105759,0.4699325413690134,0.3798698303673171,0.41719456128117827,0.5841654201284451,0.505307204874775,0.4255523183822499,0.5430617523061425,0.5082830175496036,0.4277588364841807,0.5737863650904886,0.47787564523465936,0.4831945158077861,0.6355275611166562,0.6006991314503353,0.5832816263146325,0.4583634972300614,0.6292797665318662,0.5282463551545724,0.4581444537242219,0.5357754204344907,0.5645186926687376,0.5512279114816193,0.5098851859696006,0.5150321197889937,0.5882875236731622,0.5328515545065351,0.5371808948805286,0.5320067743836739,0.49823958921606315,0.4867350108430639,0.5654817327048864,0.46106170468890556,0.6139925109688052,0.599599618670992,0.4422000248434539,0.4677659310807663,0.4986007614102402,0.5073491683721412,0.4489805414931927,0.596872171358932,0.516789905400227,0.5305706256947144,0.5764532010520321,0.48221570980495976,0.4426255385439232,0.5411956338156246,0.4279774595988375,0.510589143125034,0.5244809116792097,0.5965675888318753,0.5589764603593608,0.581689287679352,0.45483359894642755,0.4710117392728022,0.4187550081195913,0.4822860572624598,0.46800205745888174,0.43203737285643096,0.4359806708850474,0.6186686729807864,0.5867007062874229,0.4931355733065723,0.4604191355937485,0.5480845363243885,0.6274063207669003,0.572338026336454,0.5447912170748266,0.6013834722636967,0.5278974244776228,0.44514179563838047,0.531645479434305,0.42711135721198623,0.49430325344077786,0.44860196089282134,0.5695922200293434,0.6360598935106462,0.5209778950315385,0.49300564214128445,0.41060772190380374,0.4994009135315945,0.5065944229928357,0.554352935291874,0.4556559926637185,0.45675853436524105,0.4729367482965634,0.5038217377381224
0.5119495720542762,0.5941150652957433,0.5978268549317397,0.6085343294119092,0.4310944634024602,0.53251966470575,0.47921378406659915,0.0,0.5590105696214355,0.6089779259237276,0.5189376332005555,0.5858135782977526,0.5267679822618119,0.5220315564910005,0.48135608333394747,0.6359893101670077,0.6210308747699071,0.5655774626140779,0.6087285872111734,0.5235872276322814,0.620458382804262,0.5382557738628203,0.5272554081815979,0.48488872649319753,0.5982256793916985,0.5262452870116074,0.5255319825169842,0.6288848837462783,0.5359933173855593,0.5534055522425346,0.545257984009519,0.5660008823773628,0.5696044776566994,0.5659826327862424,0.47435182896661837,0.5402283426038387,0.5084590931350813,0.6584261273427625,0.5100693278286048,0.5200680381395532,0.5476117856801507,0.5350514470146823,0.5431741651517885,0.4923273885035665,0.6170804110496836,0.5969300457931747,0.4726446266861432,0.4349143891618133,0.53768255904314,0.5140491156438574,0.5732378102768303,0.5965949983535788,0.49107013730839105,0.6106029049071883,0.5821145552211819,0.5525325420507453,0.6183712591729776,0.6210711788916174,0.4862442836654239,0.5856003086132846,0.5819459720384696,0.5322651498395975,0.5984130591813355,0.4796249782994781,0.48078187707278264,0.5539938613340568,0.5048271143287841,0.5018281394075208,0.5345220502555924,0.7449095252193331,0.5519341573735094,0.5324626388226471,0.4795977596959783,0.6022895213429958,0.6872975914902696,0.5065831712570245,0.5586844106434815,0.5358552029228854,0.6576535267756315,0.44639217531909325,0.5325407945720361,0.5666259757382984,0.6050442116521108,0.6018806628629935,0.6089904330393265,0.6778852098770959,0.52221320392947,0.4936782567408389,0.6525327895593233,0.5608721854577162,0.5375064811029966,0.5255378668625469,0.5412017553501726,0.5366389345683047,0.5882605986438345,0.5607070107192507,0.6061731853501735,0.5853457658687566,0.4783422593423294,0.5654792269294726,0.5162065742546615,0.6335637179896689,0.49873386315341617,0.6011556933066083,0.6019115702244549,0.6313137432298143,0.619814754021469,0.5991425928413461,0.5354794869744932,0.4632855493461828,0.529171747937583,0.5307291806051401,0.46661980371574463,0.6228543688089002,0.6027002207533614,0.6201685818906657,0.5637622050948169,0.5111638410710505,0.5052472387221212,0.6086023704947425,0.49255862292214386,0.6848725817643307,0.46004445370008756,0.6164241334431718,0.43307183705913327,0.6208128220441381,0.49848891912135046,0.5945435446777202,0.6342053096683486,0.536661707076661,0.6290907350852063,0.6396886578839013,0.5343735583020174,0.5292807036706688,0.47905621607168053,0.4251495020760896,0.5031335987043823,0.4779897133414544,0.5368127094485968,0.5791917649231679,0.5306838049879806,0.5600149277373473,0.5882638933796701,0.5476517621722451,0.549886257067702,0.44450185786636437,0.541214160723468,0.5834840080682137,0.617937419872239,0.5275256889418981,0.5436502290265964,0.5572760803161902,0.5568087381985278,0.4837315711907443,0.6660335465837578,0.5643542477682605,0.44833096985841453,0.614843647953432,0.46565401367594594,0.5758634632529317,0.5308794748261034,0.5207673225430565,0.5793548896157488,0.5068407152882993
0.5919712238310484,0.5833423535174447,0.4995756252925986,0.5041087167559094,0.4817431329576819,0.48876243710614153,0.4835789124860655,0.5590105696214355,0.0,0.5011000302808565,0.5403175804255503,0.5917856169342914,0.4669760097830719,0.5196756262087622,0.5221790157647808,0.541039457539348,0.526951628046767,0.5685330635068959,0.6573418837239611,0.6278508767366446,0.5971321827505737,0.583436351398201,0.49185664295570286,0.5043550971542642,0.5990878778374915,0.4727869687893176,0.4537649905934296,0.5181403503804503,0.5181458965487961,0.5738006730976022,0.7000334567621332,0.5230465404963147,0.5054946354476884,0.5173235930914386,0.603809141141653,0.5487656703546382,0.5166711011721906,0.69847314025236,0.5849883020364757,0.4662998710613209,0.5246488745213639,0.5539897103581415,0.5656450361201225,0.5802891478366076,0.542313130149516,0.5022445573741069,0.46132900711020935,0.4757980935463272,0.564574149631946,0.5494147243399393,0.5464168311559808,0.5468636561203416,0.48596773931067944,0.5752228826172311,0.5758483499271015,0.543844274509458,0.6538819505512367,0.5610261880162486,0.48562916211440027,0.5295619828511492,0.4902243547613549,0.4853341011926585,0.545320694434654,0.5366096019989484,0.5566782477245681,0.5124022643045723,0.4746103093801845,0.5008800081253102,0.5014948818348762,0.6178341288460198,0.5996098064817064,0.6132116002830099,0.49142788525529435,0.5085250260671144,0.5575030169984415,0.5145600168748294,0.47684147454954917,0.4992216502511588,0.5555080892361962,0.4395681734001633,0.4912937891374408,0.6697191004908933,0.5930103372753502,0.5105577200663307,0.5887005313111167,0.6328046196750206,0.5224257213565775,0.5021931645488504,0.5136772169548867,0.5644501726683296,0.5433173822476025,0.5760943745867835,0.567303885838592,0.5586366415512073,0.6069447807399633,0.5972785947590863,0.6114957870272871,0.5550546926369803,0.5822285112268596,0.47118167870336025,0.5983471081702589,0.5168879056483864,0.4891331017811746,0.5805019912137246,0.6215819742656469,0.505906717896656,0.48691042895535636,0.527636151193524,0.4726526941289477,0.4748777302838732,0.546998006715284,0.5912561465595816,0.4515851655105931,0.5495239330096195,0.5369833941228304,0.5148607507857018,0.5357625365732016,0.5971159345363384,0.46211063459828766,0.5631966253103163,0.5938791591325775,0.5273564514169419,0.49736398466856,0.581912646536537,0.5691433015403384,0.5505894632386057,0.45157573850308547,0.5279749198920335,0.5396547343498497,0.5351135523335677,0.5835671218854804,0.5534509182759324,0.5153798139708629,0.698206509523024,0.5653627785003285,0.511817526558815,0.5505904371149336,0.5112311222642619,0.5066539679938481,0.6069716666782001,0.5115949925644141,0.5963234381285348,0.5820777541414154,0.5888431224938901,0.6033675346228957,0.4613763663428105,0.668926921292891,0.4656059970363836,0.6234195527297492,0.5017572059074707,0.6833582946067466,0.5695487917565237,0.6141426748810903,0.4323537283764575,0.5823118313472478,0.591232237147572,0.4433487788963038,0.5034896206874889,0.49545072238756743,0.5181179385124928,0.4491584051558388,0.6386005696601773,0.5462489493732077,0.6209178265666624
0.5305288638715755,0.640807613123913,0.695979124547398,0.6160346543225071,0.428475136132204,0.5565716256549696,0.5341681324210107,0.6089779259237276,0.5011000302808565,0.0,0.527132766182269,0.5328448336756149,0.5995569859554861,0.6071989302793099,0.4635666188998635,0.6508517398628819,0.7060436603535918,0.5875134833098307,0.538132881472756,0.5223888949814922,0.6268671759651204,0.5559391822960363,0.5528423908167178,0.5062412937220598,0.6436901891917959,0.5567942307266056,0.51952529253692,0.6844533186089355,0.600645828679158,0.4939826000845424,0.4917729651399673,0.6395412612299562,0.5491101853008287,0.6021592189294593,0.4850035334943306,0.5274213917025214,0.5335478779440005,0.5731021668831285,0.45075756568661873,0.5953855858050421,0.5092590518701962,0.5881363547944681,0.5163944520551171,0.5009044879342022,0.6303953326145536,0.5904588315130578,0.5151015122128269,0.45061239027992295,0.5953580273297228,0.5044700996610045,0.5840243154281896,0.631251105846013,0.488244029809701,0.6264827126825947,0.5849233090889696,0.6182955733397066,0.5819637366946426,0.5376122194633396,0.5712508813534387,0.575078531922259,0.5804146073269841,0.527377085703092,0.5670796552152957,0.5048146455323117,0.47982224446079463,0.5714969788705392,0.5624822601726529,0.5547738259967001,0.5802990041347056,0.6022129962433938,0.5534264879164271,0.5432633731117644,0.5386895489462094,0.6893225676413399,0.6271753291015372,0.5349712007072213,0.594805654714651,0.5683322539010108,0.5441779569521897,0.46365359099990383,0.5571311208422493,0.5312239275758505,0.584756768565847,0.5746823670456022,0.6007376806716352,0.6004064551152823,0.49633209556191366,0.5106825589164425,0.6491854486857815,0.5353275672455658,0.5330758938952721,0.5278812158943142,0.5282987074378279,0.5435724935233004,0.6313822958786209,0.5635228515957652,0.5273702653848182,0.6333119643841066,0.4841884709208786,0.6748301791810787,0.5121764957243429,0.5571687864873047,0.5055276543256455,0.5695687160524312,0.5640693338774609,0.642570607094143,0.6149349408977103,0.6601455195088447,0.5721355289896759,0.5144834685269473,0.5684661410347673,0.5117919308448868,0.5259472090079104,0.5533540670926803,0.5785413531333107,0.6468845018822053,0.5915447268914034,0.5214773477723357,0.6276412060742651,0.6171917496540259,0.47916613613063597,0.533976493676257,0.499776079842065,0.6164979118952363,0.43623028453916135,0.601221150519073,0.5392166748539421,0.5482213137685897,0.7433906573280836,0.5440199248287685,0.605292095477602,0.6040982913097395,0.5036948084877114,0.48730243839071385,0.4698805120226886,0.42766809025319674,0.489306532916246,0.485577123564753,0.5526483796513251,0.4925934406028142,0.5319364356193261,0.6059590113330277,0.616856450687945,0.5293276283052559,0.5531017007336144,0.48260071748089634,0.4891049097111465,0.5701877482477127,0.661260790354312,0.5034184618534184,0.49779389974327165,0.5354197550392346,0.521281512417752,0.5444981797397807,0.6108895780486222,0.5439428694640951,0.4687035696773444,0.6447839567615096,0.49199829210095025,0.6581197878448853,0.6166181859677339,0.5229060716555494,0.5337656688386992,0.494478129011763
0.5792346269261022,0.5977775017293376,0.5722746131376552,0.5389241318052365,0.46028181798523027,0.5281706365997224,0.5038343156859058,0.5189376332005555,0.5403175804255503,0.527132766182269,0.0,0.5502933275685806,0.5672143582288042,0.5519636738054665,0.4776899324547978,0.6066069331889452,0.5413293463894167,0.5119123451130421,0.49964637644371324,0.5746057439451792,0.5740738581731607,0.6756504104489197,0.47940567330208783,0.630399391874674,0.6312598144152631,0.5803076535157942,0.46550534388336046,0.5523743105086097,0.6156340050990692,0.46673860275580653,0.5254145593601556,0.5080477674468882,0.4996231183657387,0.5388946262147923,0.5656246318436239,0.48139991460093146,0.688976621899653,0.5660156056694199,0.5096275361245854,0.5297729573243751,0.4643962930756989,0.5732569702697184,0.4823944098979782,0.6216710880616274,0.5727865141585747,0.4560547550936845,0.420878118032911,0.6251620450541792,0.5809537921787858,0.45517681199766913,0.4964938977191102,0.5363721425275669,0.39988328068997303,0.5999106631945428,0.5827286830324533,0.5646637294313427,0.5317444383562476,0.5093110807548469,0.47045615059525875,0.4639180918924695,0.5631667639159483,0.41447680444150997,0.48997799559186456,0.4818109278902793,0.44061626549166544,0.4701547299037811,0.5870369960588935,0.5630638546662661,0.4805693605836325,0.5970350761957102,0.5719349553512427,0.5191337814765344,0.5324989597724163,0.542835145701985,0.5084033157045103,0.46390807090537706,0.5390648481733374,0.5477854147034488,0.47518110776124944,0.4846747320856284,0.47845819988227206,0.5149220074728532,0.581359777264562,0.5353671298258087,0.5074339211052503,0.5811053746725661,0.5797552341024449,0.4353673078745128,0.46187982336365496,0.6348096756327051,0.49576008244684705,0.4690750496147933,0.48125196343810167,0.5013659081299455,0.5519191529368507,0.6731413119461396,0.47292049404018704,0.5249300334035905,0.4744446128097579,0.48141341276069455,0.6153465797113062,0.4874047105687376,0.43893497837988726,0.48827866691069216,0.48445317723577697,0.49391517074582403,0.4460093353817895,0.577049091591879,0.4484727095102919,0.6291892823930927,0.6035241842278717,0.49871482811640105,0.5249003721596085,0.49530307849635546,0.485859791025417,0.5583308959841137,0.4650915918437873,0.5365676115065001,0.5562598169619799,0.5358378307007778,0.5391614989166637,0.456471748358255,0.5694487027748734,0.5745548261567726,0.5304083313005249,0.5850238800311212,0.4183405769609873,0.5502612224762297,0.5695542245031092,0.5029695087674808,0.5041775829544692,0.5268494801716899,0.5977517756224978,0.5935620299510114,0.6275036162845208,0.45321597182293494,0.5314581588819195,0.5089364116837618,0.5606292165941663,0.4632769164163282,0.5062712446330924,0.5840048516812589,0.5021140028556065,0.48243092158936074,0.6870954909827509,0.45635286654718515,0.5448035563035911,0.43397653078847476,0.5798016178270851,0.45762179103317185,0.5954926896885062,0.4535258309004468,0.5234175094094332,0.4427012808322527,0.5463585380944416,0.6540221711194849,0.5850010717082011,0.5754478627950562,0.574669935646643,0.5317203608281834,0.43865136850553454,0.555154000245973,0.45403095358527124,0.7059836986971676
0.49446896375459576,0.5669611691509582,0.5518097596189685,0.5802341950119535,0.5343233637764156,0.48019534323845725,0.5301890629293213,0.5858135782977526,0.5917856169342914,0.5328448336756149,0.5502933275685806,0.0,0.4535704840355351,0.48560698795844837,0.5028062285458745,0.5917323026489942,0.5604482748024111,0.5083784857092175,0.6411968147063637,0.5108061167754531,0.6783656489217926,0.5633902000096209,0.5692899080713348,0.5220470642956867,0.5944058455735626,0.5402840535396948,0.49823256773989355,0.518505470412217,0.5447082911599767,0.6139865082930367,0.6002221542384304,0.5146503206770859,0.5350528166247973,0.5875314146057391,0.5081385684912197,0.5996924872049759,0.4999065425408265,0.65904938114596,0.6413544329592168,0.4981912391268761,0.5679735150028091,0.575520118608945,0.547469726072832,0.5676674134004916,0.5587172168634981,0.5050472275377778,0.47185372023412436,0.46161095639051386,0.5767424631274185,0.5239151888837736,0.5680559741791243,0.5619530436875796,0.4411050515500241,0.6264996822502156,0.6341593607539392,0.5358664037496014,0.5929942142426805,0.7083767900355087,0.4648942341329439,0.5374488404522391,0.47279483680819273,0.4835893915541506,0.5160660418109627,0.5296840733553609,0.47486684223944614,0.4667350245661178,0.4770807303140193,0.47694255668948915,0.4854815025215043,0.5908281619104601,0.5395763422886267,0.5341413991936786,0.4670219244661043,0.5397745949541356,0.5326959424294107,0.4491722966989499,0.535175462457297,0.6250791573520756,0.552928912062128,0.432614955082445,0.4701625000450656,0.6126290083206879,0.6010508031702244,0.48353720010771384,0.6202946850206327,0.6190846200918594,0.4933930256125812,0.4775653653098703,0.5033725993447618,0.5750490796399137,0.5979233958079302,0.5869772444400029,0.57788477333799,0.48217112788377214,0.5929596913350994,0.605954301841279,0.5256336971238836,0.6022895999508239,0.5527493189234007,0.4805603239072479,0.5362227564937627,0.5637473410087663,0.5327771658726543,0.6513315612752898,0.5575626664364886,0.5430295215964832,0.5208312626899629,0.5664613172863433,0.49207359347650137,0.4745250863967404,0.6157443139210474,0.6314592101851784,0.4308327011055774,0.6018245160427289,0.5079155351528917,0.5445163821372805,0.49509836278152264,0.578079394079876,0.49303521001805295,0.5890488824471963,0.5860078910276937,0.5918996268826503,0.46650581214462955,0.5997088597098083,0.46191193483678555,0.5867147684336569,0.47400583582879263,0.6272486916613036,0.6034810497201132,0.5079408056901602,0.5627694219457331,0.5778573282527221,0.4802272362101655,0.6186882162408889,0.5113832023551288,0.42993862681532463,0.4989147815714211,0.5093235633125026,0.5294286977263796,0.6375457297409505,0.4654909964625552,0.587087956199788,0.588946788330975,0.6157899617682867,0.6309709986399272,0.4737534842693401,0.6723335468095364,0.48822122162056997,0.6141653398160546,0.5595037758792492,0.5780273851667924,0.5146357197224855,0.6300519424679883,0.48157114083358005,0.7288625927929958,0.5402925854509418,0.4219914131535422,0.5741989272266148,0.46415292401990993,0.5336014052223431,0.4420019817991096,0.5267419424604721,0.6051891834007687,0.5795460720819869
