0,1,2,3,4,5,6,7,8,9,10,11,12,13,14,15,16,17,18,19,20,21,22,23,24,25,26,27,28,29,30,31,32,33,34,35,36,37,38,39,40,41,42,43,44,45,46,47,48,49,50,51,52,53,54,55,56,57,58,59,60,61,62,63,64,65,66,67,68,69,70,71,72,73,74,75,76,77,78,79,80,81,82,83,84,85,86,87,88,89,90,91,92,93,94,95,96,97,98,99,100,101,102,103,104,105,106,107,108,109,110,111,112,113,114,115,116,117,118,119,120,121,122,123,124,125,126,127,128,129,130,131,132,133,134,135,136,137,138,139,140,141,142,143,144,145,146,147,148,149,150,151,152,153,154,155,156,157,158,159,160,161,162,163
0.0,0.3624728580216639,0.4433789966118586,0.3491340259581911,0.3745945817467035,0.39719999197504596,0.25857388111582674,0.3489999913563238,0.36493876416919624,0.41736002739487343,0.41536123412147935,0.33331312635237814,0.533121330216367,0.38645575199676646,0.2699415566946314,0.5087940864726944,0.4457044350610447,0.5214524774424018,0.3588524992928556,0.5493118470407793,0.39153427232192173,0.4022786815063953,0.3567974771146124,0.2775156697205143,0.46916665428360566,0.262546098179045,0.29119835964150675,0.34122778679912996,0.3776002887281508,0.2855803898106675,0.28905600995058095,0.42587532796186467,0.26343251701885656,0.26991208175801495,0.5794811459007158,0.35085025167768047,0.38482801916557463,0.4891437527636895,0.24396545241914883,0.3426033372019835,0.2658825461955993,0.4022308408343479,0.32571196721519796,0.3302345306559443,0.3023564549466254,0.3053021465434121,0.2856241430203601,0.3422591686377968,0.39193281049281953,0.45917786871999233,0.34037005947062215,0.37506995154442585,0.36934564317973173,0.32284368819706705,0.33426462703139803,0.3477235675536667,0.47339420371882857,0.3963329942594502,0.3335275481040673,0.39855628218402317,0.3380725863538974,0.28809539282832997,0.45045740301693143,0.41441299362552175,0.32136850668443495,0.3359177153092896,0.2868216272068333,0.30706155860723056,0.29177634410667463,0.46083153236400537,0.3393578075372163,0.38128714249977086,0.471958485278114,0.40130952676744736,0.39394123469662523,0.3102904780973866,0.2968840852957491,0.3105722965285194,0.24529093292684578,0.2463850704431157,0.2997955192114902,0.34107505517011477,0.3279429740484978,0.41295031482256855,0.39488694205635916,0.38674486171153843,0.35289965868774636,0.3404878111080734,0.3764690815366713,0.2675670134831478,0.4305172184886103,0.26843085392786753,0.4299732175891541,0.36166182871498614,0.4099185026937932,0.30320667832534104,0.2467243968503858,0.29651427337784386,0.34222813689247233,0.3141053841065038,0.2934287853104624,0.2792597337698028,0.26556038353878103,0.2881342353715578,0.4528811210098821,0.3216808829543436,0.3265293024303474,0.4589112790443896,0.2819629656298252,0.3160509670522174,0.33408077539713954,0.4041092933582705,0.371441324561068,0.3875916542673418,0.35134419905593245,0.42924494838939015,0.3601166291737428,0.48774581389882243,0.4180283261904097,0.4168374585695301,0.4018991994990916,0.2807729351577291,0.3677818929660113,0.2933684334135182,0.34879129779738877,0.27297412855527314,0.32725838440475347,0.26544409617872433,0.3500853352006229,0.3187815046935507,0.3284236369979507,0.4339166439163134,0.35835569352661406,0.39521654243587073,0.3281305322287189,0.3060982435484472,0.3128678330890779,0.31690491432671153,0.35147052049773225,0.2986263817805911,0.2865020153114355,0.4972910896474673,0.36508143631981066,0.3871328811029142,0.3359329463663865,0.29771913188325594,0.3238156758763988,0.25054945425521885,0.42117850053865935,0.28221716291028875,0.34927833475986897,0.33044312773584117,0.3888567135479897,0.25734892646878305,0.31328980213468577,0.30669353145162653,0.3612300165067204,0.3166516523069906,0.3294446753801636,0.40381286048218906,0.27648493442393834,0.3945785905181555,0.23983800711810566,0.5431091444226537
0.3624728580216639,0.0,0.34834219825825724,0.49380940707616083,0.311282096006893,0.4766945226009838,0.34818921626635324,0.4739144628791113,0.32365418351105657,0.5951158041302501,0.31674063475942915,0.3729694117423001,0.3946102167965307,0.37730866202881913,0.37459318679750386,0.3371463626367182,0.3115550921331223,0.3505174536556833,0.3994023508247385,0.38817343567500057,0.4165413222673966,0.38055567770419507,0.3488211160246401,0.33741127691860584,0.46321085442444454,0.29328236714802475,0.24802584781536624,0.27744828203620314,0.5428239664561908,0.23519191867107034,0.36212270413619696,0.38820163485696096,0.40310952413358614,0.2622026457394538,0.429204043383004,0.3981220414217682,0.3799209681073394,0.378863878493632,0.31784521985340275,0.40934337602993237,0.37986118505623917,0.31816258779234474,0.3087713403202797,0.35920169785186534,0.3521719835961858,0.3260237379786945,0.3033994718973825,0.33107565653883037,0.4453988440660734,0.375089457862385,0.3611555712337902,0.3988904853819934,0.4849622695421953,0.4555578807655328,0.40763960038900776,0.4588322448368636,0.4591514652535707,0.30627796551316583,0.43997179871342196,0.4614160603218713,0.4575748292673049,0.3234282995608566,0.36067365029092496,0.312386175480004,0.37029843599268897,0.32150009669056656,0.3502881472475425,0.3433674263150835,0.22959946665494946,0.3772974595450211,0.3862896116562681,0.4944499763583546,0.29070526901764276,0.4588639894380977,0.31603287830086624,0.3307697346091792,0.3609808680071103,0.45417926217540644,0.2869700393138862,0.2990605414719693,0.38855947338255936,0.3955938488886403,0.5283762086386402,0.4136190431741348,0.4109385240558125,0.4958968477910701,0.38408629083592283,0.358791804496785,0.39094856649557186,0.3708154097925439,0.2965739090249942,0.3217362126004046,0.41619800314398464,0.3943143537515819,0.46668411063605547,0.42764013535154743,0.3175855240114348,0.323631272781886,0.38229465862586054,0.35385758588219174,0.40987625103627695,0.28224290045809713,0.25830999146720945,0.3499628176708741,0.3760037300887163,0.34283620744314647,0.3143590358069861,0.38896035410180807,0.33945110826104435,0.34116618792980025,0.3266775565553151,0.40106019571136026,0.38882570084113705,0.3382933110706881,0.45726657378978625,0.391826614988837,0.43040652565175463,0.352663873154117,0.3912592092757269,0.35531715458442226,0.47989461348600837,0.37466661983888894,0.3659419012647012,0.39526415632514283,0.47035854879335326,0.38924795768441145,0.3684066759216347,0.3409739973412233,0.4326962194321599,0.4034735189830754,0.3040464250865707,0.37028555261538865,0.43852707581379136,0.45096111455399635,0.3682112967879291,0.4083271391556735,0.3476792103354955,0.3831362676542908,0.38688827009394805,0.35067527297977547,0.4423847387692058,0.41447336541812174,0.4747039043360915,0.357880421308752,0.4109166292435262,0.2950009927635784,0.44984864167651545,0.3693243305076183,0.4790996239122255,0.24943309334808259,0.3613395249890587,0.4980107519704483,0.29360771768072036,0.3377971497735845,0.361558032867242,0.3879501631852895,0.3802364034146518,0.42935060510605594,0.4709021435685832,0.412799779127091,0.40168338841991186,0.5188950810408887,0.32588742282787175,0.39599789425240706
0.4433789966118586,0.34834219825825724,0.0,0.34978626482797875,0.4620193522878506,0.342286081013525,0.26545921577618004,0.3348577242356314,0.3660758720875782,0.41290142335879926,0.4292898833099034,0.2901574473869076,0.44177492100378646,0.430824342813045,0.2777242003840271,0.5311362192913456,0.43446286926810224,0.5072818011087142,0.2840680198548925,0.34059334821452336,0.35349389572458,0.5217509944667031,0.32621208885825687,0.2572164413693304,0.32367138767877324,0.29398528543344055,0.3041656729889108,0.3161457273325889,0.36154865391486407,0.29005149105605726,0.25620955311854826,0.3637790321231551,0.27610768475221475,0.22681797993551886,0.3995528477284706,0.35158834669610883,0.32783813381369786,0.4680602072870658,0.23829565007225012,0.3240029693471016,0.27936779364640724,0.4031204713885881,0.29450202940404036,0.2937642881938814,0.29599717881172927,0.2797214264332956,0.2881760031313438,0.3058823871302926,0.3462622281553016,0.3912018157640599,0.3217704647598601,0.3593668250914291,0.3231140932209319,0.3447898999924447,0.34085003915744677,0.29377523218983886,0.3461590221356237,0.41515215983339226,0.32540088737799805,0.3554149508145766,0.29344423009487136,0.2841499611006891,0.4224231927604335,0.3843747745810538,0.2879505274159649,0.27477481611961824,0.2666425494544483,0.3126239676190017,0.32531786807002055,0.4527808464471267,0.33396936517850995,0.3457899433129263,0.39385191430502914,0.4273346224702411,0.38471258055993934,0.24050080853397798,0.31725279140945034,0.33918448926519545,0.23091225635527543,0.21367905471911094,0.2765597287781086,0.32003940668931463,0.33495954580747284,0.3604704001059904,0.3177159709414713,0.3798849790973349,0.2816272910793507,0.29388288891440073,0.3037102545526196,0.2484420497902305,0.4802122181338272,0.2457795500757876,0.40335384997601487,0.2646825965103485,0.3886435627175917,0.28753157734071244,0.24271916886433875,0.26890059542186434,0.3250611230077054,0.2921287798445419,0.2533369191661801,0.25568442834893607,0.23789168207934347,0.26708204907703276,0.39384986410575534,0.32697925939145145,0.2837172184319728,0.3975977168608033,0.2799688781348158,0.26780881609725515,0.28358669387443913,0.33765599021356263,0.30154709774606897,0.3708071938424015,0.32889326286378334,0.4694178002092277,0.27479823128256614,0.3886316402289999,0.36298467852802385,0.44644492159512955,0.4347719875306795,0.27333168688019266,0.27290671388001086,0.28229517546614474,0.2791707397296114,0.2799500315025738,0.30847109024966834,0.2909195560470409,0.32760831106040106,0.3385278655808419,0.3326999149946401,0.4821259766661391,0.2938728424925226,0.33394217278099353,0.2754220753928564,0.27219096976312973,0.25152700276026313,0.30233190678039157,0.33531627492782434,0.2619926917833842,0.2780641825847944,0.42578336011724843,0.3206127300970711,0.37555627884392306,0.29773193670375875,0.2567808200702712,0.34789404116549844,0.25848261495990293,0.3433033744631039,0.2814329027199602,0.2609819768646235,0.2775042814454451,0.3620761365802224,0.29869682994940155,0.2743921828155908,0.26709315990096083,0.32252401866571584,0.3235984835283204,0.2763686671722479,0.3422867790178906,0.3010085941129728,0.2891283918586628,0.23169183034284216,0.4627575645976765
0.3491340259581911,0.49380940707616083,0.34978626482797875,0.0,0.31059620454781856,0.3765512211061066,0.39056468781295406,0.4410896942688107,0.28977192684975706,0.5302798962414458,0.30231278709165404,0.39372506899465815,0.39661245324786076,0.33998790603136947,0.48328112086662267,0.33097187835082537,0.3092087769657842,0.3662632764859501,0.37592010904690115,0.34492751623026396,0.45304217183877715,0.349843514637258,0.3658311103495742,0.33449644032808806,0.4622058148475689,0.3393903075109128,0.2881631093569279,0.25977053346438506,0.411285444826039,0.22722548773392184,0.3741160504689286,0.3884236201929664,0.4705848146665234,0.28527067892444435,0.37612819896448346,0.48432011289858906,0.4258880611331488,0.3548667018525291,0.33686468594387603,0.49144730273821674,0.38070532668659,0.2829900953850046,0.37508351894475944,0.3566156510361874,0.3996056507743733,0.39911611155963084,0.3069265396579923,0.35703686344406854,0.4416691274826256,0.3986991995121576,0.4695045024617015,0.41457082373870296,0.41205520611689433,0.5308093535056752,0.5116896348351094,0.38803207292244457,0.4467489401074771,0.3000885394501847,0.449918089792247,0.5488041249072968,0.46495437747459617,0.3764423020021557,0.3770458655165856,0.3048188477712054,0.42151844857340703,0.3528201280033065,0.3954715481356775,0.3556617569239795,0.248089593303746,0.33793332080740185,0.40654185765199186,0.5145918641576147,0.27849849621763373,0.5299163049805863,0.29087653988104994,0.323301161198823,0.44162834802712253,0.5197390761589318,0.30182867054266815,0.2595545941956078,0.3280151858014466,0.49925580250608603,0.44249181644096386,0.3548384527125786,0.48271674220882155,0.4090286824553613,0.4015132119615286,0.4623243741925475,0.4763948136635401,0.33010341484844863,0.3169391772674577,0.3402543386641566,0.43573259502192335,0.36424130730371046,0.4464804884710157,0.37236393456949385,0.31581577648377274,0.32153952521237444,0.37064168220463284,0.40374110543619524,0.37756705782338323,0.3469183302843557,0.3047970571261749,0.341463165278189,0.42254074559396343,0.4050613709476505,0.3794644710567376,0.30073863864061084,0.40056451542864796,0.3245966302854714,0.34787409746034764,0.4526306742951743,0.41744490191701694,0.3317246093971942,0.4882946444707138,0.3325742841982099,0.3887489778024809,0.3756606731006172,0.3408522892513021,0.339632719448825,0.43757161180390486,0.40289200605817854,0.3414183442664433,0.378176069589034,0.3404729147787555,0.37307432813084224,0.37224144894261507,0.4164368119072877,0.43047633819037384,0.5341700329748897,0.25902243681658965,0.3451418704113445,0.3966116334313513,0.353825391049482,0.35974907809438067,0.3444426590403954,0.302664072920354,0.4602531954500759,0.4407485286784335,0.3892521970747355,0.4378064911293146,0.364110904920442,0.5374660517800778,0.37591806364828234,0.3789678903053911,0.32585480989411164,0.4542491648559195,0.3608253441485776,0.394462493798205,0.2219904725860644,0.3688874325818991,0.4386436626121463,0.3006461219641814,0.3844490787237744,0.3580176465532806,0.38301035681312284,0.36010991583423724,0.3929536395321184,0.5006691525959375,0.4171376071612623,0.40215140099810376,0.37718773249484727,0.31229963106942255,0.333080809264073
0.3745945817467035,0.311282096006893,0.4620193522878506,0.31059620454781856,0.0,0.2960641261769004,0.2624591831604446,0.28779235171924644,0.35045908957122396,0.36223982612277744,0.36313615981934677,0.26685878699205257,0.32503318312405155,0.3926111129253215,0.25398428780788096,0.4154772431365065,0.4475630839045477,0.4692404590052951,0.2642487853653174,0.30264678382495386,0.3180985404157731,0.44179217787736696,0.3299108251409498,0.2314264808704892,0.28595903770209713,0.23308887667759084,0.31097836575602156,0.2926761541647324,0.3201476793320156,0.3212500158215062,0.23649793317594503,0.29967449029703885,0.25019901706443504,0.20887973514040675,0.3708464455650341,0.3307201496103396,0.27731783380215164,0.3798604065791331,0.23301621489691507,0.2852601374561435,0.26386263560332046,0.4333970802563104,0.27076152125602015,0.2679308337932885,0.23935323607961945,0.2536419764577378,0.28521282103933393,0.26511964203082455,0.30923917235416865,0.37843101755978775,0.30916797171051646,0.3026936893068216,0.3619888903831008,0.28958779377326876,0.29440740289084977,0.27033463921158535,0.31423653411626795,0.43741164461838494,0.2974709761101899,0.33783215405183803,0.2538738941332386,0.2756957863723156,0.33310932260787596,0.35565159487405146,0.2883829891284503,0.23719791809205096,0.23102883177243333,0.26593906442766385,0.2957742067704938,0.36742667650630095,0.28042703189283125,0.32019203557542625,0.34569517383579007,0.32903799646548637,0.3494266083529923,0.2277113223712265,0.2772158081780207,0.3507805176363523,0.21146115199566118,0.21359774008437066,0.2521372969850747,0.29648252545539766,0.31038966107035015,0.2745886317616806,0.3063530516105445,0.2917674572902995,0.2511398685732805,0.293961363729357,0.27336448662242435,0.22226962832302283,0.5605009035214727,0.2616100611427611,0.436707498391528,0.24542800210881252,0.37483084902399383,0.2536352510229192,0.21319736479898138,0.23836924668981438,0.3229412442927174,0.24625805429023065,0.23310088325592435,0.2376377604196574,0.23395548123399537,0.25077524932138573,0.3455468363420926,0.28435429768435855,0.26754502043151923,0.36100034404264275,0.27289346086976435,0.24909443304917323,0.2575444424262385,0.328915245504181,0.2667884175415239,0.4135400592168363,0.27533039851886054,0.40804987581371976,0.2573666870237375,0.3378816000676766,0.30983605008206805,0.4492684570125461,0.411129272701341,0.2678293274563255,0.2520235858371607,0.26531346180165066,0.2673421874134403,0.23190479070949538,0.3180921963388763,0.259839582703567,0.28420880633980894,0.28023062133145876,0.336171105833101,0.3707549033845025,0.2628408239027811,0.3059907136849188,0.23874117576378354,0.2577316122177507,0.23324388442980815,0.2762689548914151,0.2788425901108523,0.26547885762922185,0.23615661829507062,0.39468615192342976,0.34184126753703,0.36273185410648595,0.2677150526113492,0.23975508126474623,0.3031464439579085,0.2522409871698648,0.2996865984868245,0.28631692969673117,0.23193888370375323,0.28371919502788234,0.3986827298044022,0.2862735693612035,0.25332904985303467,0.2439039862101403,0.2641027162458729,0.2775233965106546,0.2589558791675031,0.3107949283377247,0.25405953326010916,0.27416936372551537,0.23694624322665372,0.4123108567835032
0.39719999197504596,0.4766945226009838,0.342286081013525,0.3765512211061066,0.2960641261769004,0.0,0.2714045114093399,0.4108247996687359,0.3618561372036186,0.41995986441503014,0.3341971295122334,0.3769113310475672,0.4087990164907829,0.3001243139550948,0.31526628291551584,0.3616883788895558,0.29848771695599247,0.29708207413996585,0.39922172978544296,0.41392442010233044,0.42770501287116874,0.3527654304097933,0.2723574103767767,0.28589609247609066,0.43569788997208814,0.2678861571355346,0.222780223291974,0.24624511378502212,0.40329273371302937,0.2628539526559899,0.3483296620745418,0.469044234814083,0.333941223924879,0.2436301080655037,0.38486442354217715,0.3483122521355901,0.399767441317744,0.3635591655109506,0.29862243380835696,0.30544206252498024,0.29461470853848,0.33853957033493776,0.32962034679203306,0.3669416509957259,0.28695138949646,0.28196915445426285,0.2891042034504262,0.3670639050350706,0.331900440179756,0.39057308118459655,0.3582757711557609,0.3861352397943014,0.40441217184057665,0.37546619280744475,0.34984015610912517,0.45501055613561137,0.4563759990294889,0.36117953316157264,0.3158711647127389,0.35201725143672613,0.4383751381395889,0.3602995996706313,0.44704545549170777,0.2826897365435546,0.35614547867562346,0.3187384310737624,0.3119074782796015,0.3687951491422908,0.21903430680895733,0.36624838874688354,0.3977887483797505,0.35665694287090516,0.3311292154116503,0.3980404109710623,0.3241952678295911,0.3121436179293564,0.33389093819867366,0.3480817447769368,0.26056961753067004,0.33399129764432006,0.42316680505726173,0.40652327164470825,0.44291809266035365,0.41512008267570544,0.4099936634266905,0.4212369634992795,0.4831580966109898,0.3489480506021086,0.3572945694275026,0.32930910299807575,0.31310656975653756,0.3092021306101907,0.39500110641369895,0.3634063879036521,0.4069929209825054,0.4064845642279007,0.3374375905801667,0.3056803593148226,0.39002306900534855,0.2835549745470013,0.34106922406744367,0.286930757737699,0.26360243754646756,0.30424907469105766,0.4257524815600329,0.335386516981094,0.3154357912114668,0.33232522179415724,0.26945657022365477,0.32627842576235794,0.31954114728773925,0.3810152736339529,0.4450200288705767,0.3458604107943461,0.36340667210795413,0.3296745479870243,0.39619122946968544,0.3656428871008976,0.4109419160652234,0.3363873787533123,0.43671137682281286,0.35761281362337405,0.39108812019408945,0.35589168302009694,0.5451481815434862,0.32539743191931725,0.38294610522711553,0.300165727274815,0.34427807863622745,0.31778161391011484,0.3083865981274869,0.4997726314831761,0.4595941168741412,0.4539093562518958,0.38526507852712355,0.3803024356225793,0.3363289834884938,0.29341247858087877,0.32165040830112096,0.3360767994469728,0.3651216214317747,0.45622667120561616,0.37596520641071096,0.3925302732420368,0.3869537211012536,0.2855421416529557,0.4755553106451408,0.3082372654750274,0.4375767353491706,0.25109007772441744,0.3674859557785525,0.40021747829898313,0.27096600331835924,0.2760704178183219,0.33945530076567426,0.37338389224057444,0.3756513993110261,0.3834047829087486,0.36080379580970445,0.42820390345961074,0.29289748772565855,0.5106515582579075,0.30589495262391453,0.40213116694465584
0.25857388111582674,0.34818921626635324,0.26545921577618004,0.39056468781295406,0.2624591831604446,0.2714045114093399,0.0,0.2754923938406291,0.2182371790143779,0.36160973293386384,0.2341032734166249,0.3527472849709066,0.295574917854907,0.2955837406243104,0.45291487682810566,0.2432435817042876,0.24583537133437172,0.2648784554725797,0.28524785746620923,0.244509069393457,0.3384746143484203,0.2707365258768367,0.3254348812844374,0.35880221994898187,0.3086430532195312,0.36509201922141427,0.215303406498179,0.2108842508086983,0.3096070565305633,0.19981791854198236,0.3307887175315,0.3316131243418268,0.4290372575944475,0.3215494381112226,0.2762605712080953,0.3450016865660941,0.3647394913308899,0.2420448125593141,0.3533712907666984,0.39420924339085495,0.3875648967503115,0.24115400376919602,0.36316844879377175,0.3596048024271033,0.3857538234466796,0.3815781230520414,0.3964944684329677,0.33050346250812657,0.4045907775925538,0.3063428578288936,0.45963267390980045,0.31775229980472386,0.312264742301968,0.4644088845444119,0.44110109617205234,0.3412190525718467,0.3080256458503279,0.2267086543011952,0.4022293133925504,0.3600101207778354,0.31853629855945026,0.3638058825595228,0.261967918738136,0.27730476889705524,0.4214629596636007,0.32684961095807985,0.4279468048760897,0.4269960417589145,0.21402139776396276,0.23195165885492894,0.40029703440697284,0.3611406110127873,0.2424352526231061,0.38742239956495855,0.20778522339934824,0.3481024079970876,0.4882395872161216,0.4611867732817976,0.27319159468139437,0.28849055569712617,0.3363595419027597,0.37144284354122725,0.3373727102081482,0.23653286096499027,0.31418539979855453,0.2728857645917631,0.26104797304358124,0.36293410707476337,0.35768234837699714,0.3195914498647205,0.2606112922805012,0.4016195397446322,0.33053711301944944,0.37574351964673214,0.3397435142649485,0.3785767461611355,0.29313328903723446,0.32835116477554227,0.30871147416442724,0.46839894369230795,0.37397575138956185,0.3588974468895635,0.3461271242294877,0.3333663877264067,0.27837342826598765,0.3640468973861594,0.3676903672300395,0.2346211716385202,0.4482443102602402,0.3549697049215245,0.4409152834085203,0.3149241229775075,0.3268870482541007,0.23313564077756221,0.3302672671938055,0.25756933906027163,0.29856045923045876,0.3230674998874832,0.3114574046075585,0.24730040182430085,0.31910078948071924,0.305002135969725,0.2645038251457598,0.4046338106238527,0.2668022937851021,0.3653142041582109,0.32858726539333943,0.40329255274039155,0.3295864468196523,0.4281469535614252,0.20400208618602408,0.24656216157033123,0.26398816057797714,0.2591786894739823,0.31860488303038476,0.3843786818437673,0.30335684147022934,0.43086070047574765,0.2760188130430248,0.3555215834479647,0.3822940390677942,0.2855914847765031,0.40693216561830037,0.28329657097700783,0.37328471266746216,0.33233752331081606,0.32052391758104487,0.4000665613737751,0.2785525110124551,0.18548615870301324,0.3259595201695587,0.3252381288819656,0.23290673323306493,0.4851344678735001,0.34836836250114395,0.3380827549743412,0.2730646000717814,0.3892122340176549,0.35495060925394706,0.3708092004963287,0.4060852394758772,0.2755915843175371,0.32907260016095,0.256359674373085
0.3489999913563238,0.4739144628791113,0.3348577242356314,0.4410896942688107,0.28779235171924644,0.4108247996687359,0.2754923938406291,0.0,0.3300065447240573,0.45000735312968554,0.2967394886413428,0.42318655085836687,0.3648969966148702,0.28895005654939204,0.32702649943529827,0.353147469131113,0.30924436725107834,0.33750107312001065,0.4441707586512582,0.383102912235097,0.4424722664056437,0.3025169325142757,0.311472141656986,0.2803578792407313,0.43735702064829735,0.28997823106340953,0.25311755160750793,0.2638917837531856,0.3477842010503028,0.24681135045431216,0.3878650896632999,0.383119499575007,0.35485864892688695,0.2655949625889945,0.3980659996084843,0.445136373243747,0.3814641977829044,0.4530733593156596,0.3344932000685702,0.3481731733530973,0.36060978703253094,0.2739302146275079,0.36443201527549957,0.331165005167168,0.36126322127063626,0.3317474497067115,0.29923806925510893,0.33914319825250056,0.39473599800136633,0.41735811254283206,0.36807924119688756,0.39814453092736724,0.40718267135019776,0.3772738826842098,0.3950735216792505,0.351004463539719,0.4869981728823702,0.3719434619713962,0.3831081060313651,0.4457324200907091,0.4533405134952183,0.3214211450447641,0.4377549931398947,0.3221323697221444,0.3497993398412624,0.32815999888566333,0.2959034298449077,0.3147577766619204,0.24952208712475646,0.4687879533951997,0.35656420822896173,0.4600113051753821,0.29159152495333335,0.453893928479954,0.3531607916060292,0.30060734724447236,0.35753299556024437,0.35208416273320753,0.34447615353569716,0.25161350928246645,0.33546428695135333,0.40395243014478266,0.4321761867557469,0.45105711209254273,0.44203836243156913,0.523073485840963,0.4691021229795145,0.37890808247114094,0.45477847050911224,0.325757278248885,0.31155432387354676,0.3008292567250534,0.38474231939380776,0.3591206826876923,0.4175107450646198,0.36633341250990414,0.3467069790607476,0.3220017626644095,0.3494068882353422,0.3418172952774965,0.326776349749481,0.3464372277844022,0.2904163310647959,0.3873409056241141,0.45901050965942747,0.37928631432409493,0.35396768982025933,0.35104773885442603,0.30631331406074613,0.29890982590347265,0.3128512091731704,0.4355184079858783,0.35638068245766674,0.35702718394008803,0.44792608586074717,0.3366966749798535,0.4034445768668601,0.3733134050607125,0.3585458966209549,0.3372700019914836,0.44912537479508746,0.48715231981148793,0.32806089866215904,0.3383163677041146,0.3751549453061825,0.34113945440292726,0.34555093806875864,0.35132479494335256,0.4046737459346346,0.37450298898747547,0.3032130638815341,0.38126551540690445,0.45585694749372474,0.39644629559925637,0.3899443556323284,0.3214652963908696,0.3296995449429841,0.3469521635106006,0.37659187420946516,0.3860345713023598,0.36933389442807546,0.34363117836014606,0.4170786250614759,0.3574828119271842,0.38431303611953915,0.3159161074874761,0.46830228296668963,0.3233307222830091,0.45849983340169775,0.25393490500358384,0.4045587922182841,0.4419555462223627,0.3032131094174078,0.2959308667774467,0.4084619007818568,0.3747578573675235,0.33106196196801235,0.385963234118995,0.3353188960263019,0.36923660412878573,0.3235035546952819,0.45077282887193143,0.31271960227602874,0.36937544017743407
0.36493876416919624,0.32365418351105657,0.3660758720875782,0.28977192684975706,0.35045908957122396,0.3618561372036186,0.2182371790143779,0.3300065447240573,0.0,0.310433836145287,0.3648714469782824,0.2853661860070657,0.2907261230916518,0.38289257204102123,0.24251150388331846,0.37078009214456287,0.38037086151535177,0.39917990008626086,0.3158653525179879,0.3356458834996466,0.2920759263022741,0.46349924454450914,0.24783941598511636,0.20573372707311618,0.2975852313910056,0.20816655139438855,0.30034564600629693,0.325270259767466,0.31485127915114963,0.3559717328789854,0.2834366024913549,0.31396792860251915,0.25878394461697374,0.2042035283606925,0.33903511472700804,0.2768950737740189,0.24812309586805512,0.465230543948878,0.2413401725120786,0.23672250111553692,0.24341767706237882,0.4699281704998468,0.2425254611264047,0.24428191659176035,0.23235994731352472,0.22489045715082637,0.22309319562193042,0.22946338349756032,0.2594480525144608,0.3122342160796184,0.259976797420427,0.27626605420532596,0.3582609491848878,0.27235697509663537,0.2587950433556769,0.30659591129201597,0.32381440625373126,0.4558932144877523,0.2613738154359971,0.27125606495322024,0.2774238560250198,0.2837424458337636,0.3424302140592271,0.3114554868298154,0.28260284228264443,0.24392374050496105,0.23314201224627304,0.2517568793338866,0.2887478703460125,0.4467977577796788,0.2763401393838845,0.2897347626052918,0.39429763996544737,0.283357141002346,0.504280016404902,0.23711391008369787,0.24280675876078722,0.25101729126818667,0.22689972600505995,0.2262319938673156,0.28561602195887487,0.3354395143582744,0.3326357283005058,0.3263499335187963,0.3132583913131698,0.34325523464502306,0.30122363861412016,0.2838569886948186,0.28401208889347285,0.2694802516331206,0.4060817848979394,0.2652103500142985,0.3146253330873627,0.26018737760918464,0.3661809938771703,0.2848301971547628,0.2931530118102282,0.25460589575854103,0.33448390573985853,0.23465419435093002,0.2577780556570153,0.22712031826393048,0.22993576397342802,0.2602613378439833,0.36962994562512125,0.24500208384354086,0.2394654577756394,0.3660633260273119,0.21196218693934324,0.2139960585173373,0.23392322834818918,0.3040880523690998,0.2861913950010826,0.6024902285752262,0.275905298425975,0.3874882385424686,0.30037472394717346,0.30238490063215334,0.2660690667301939,0.497099655729068,0.32217182561014146,0.29896897113082094,0.26045576316529334,0.25353573917388234,0.3708565251289065,0.24313638468465262,0.30222831919207443,0.22353371319507,0.26464892110037325,0.25760682985113054,0.5349294441547569,0.45453376276323804,0.3148348915988298,0.44658564730257455,0.2552026744819346,0.2655634227841431,0.236991306997204,0.23296315379142116,0.26769899896767085,0.2763929429866669,0.2817777595215241,0.39414582626062844,0.30932756321582267,0.3983928422058944,0.2649718394034808,0.23677700270241245,0.3576490613419169,0.2505908327122734,0.3193764923726117,0.3592812565451736,0.2786647823334681,0.3396142413287459,0.36933887776572055,0.21673415807407764,0.2718881348688859,0.25830891600997646,0.27416603449257787,0.26264275821290206,0.26813321271575125,0.2980007586042415,0.2395508721833133,0.3530623074992886,0.2832796437371604,0.4072411273507674
0.41736002739487343,0.5951158041302501,0.41290142335879926,0.5302798962414458,0.36223982612277744,0.41995986441503014,0.36160973293386384,0.45000735312968554,0.310433836145287,0.0,0.3145255055312586,0.36008511101876783,0.43441210838382605,0.38386489919462596,0.35643236012584917,0.3611814684409985,0.3579716994439988,0.42929061608992924,0.39068922107579196,0.40399858910175207,0.44190357412534204,0.36556184141449005,0.405165019464996,0.31405486323662307,0.4933125402075814,0.3030122277972167,0.263660851045331,0.2877894222667909,0.44644403127534116,0.2367834089714451,0.35170831556284493,0.4683409559499423,0.3453458960643112,0.2942878030786409,0.49333200166881586,0.4548582683918631,0.42152675205398127,0.37011949629069874,0.29497265066668443,0.4552934971660369,0.3346328995848572,0.3520017151218378,0.35017664019891737,0.3582570102083696,0.3801885631757323,0.35671822933456765,0.3249887189863005,0.349084443578554,0.5480733778552825,0.4405249116104168,0.42193682000067767,0.4270569070970338,0.4684632694137393,0.465312947664992,0.4787174035205525,0.4139009151224291,0.4949246484154854,0.3046280960938974,0.5338558580976605,0.5331139068736754,0.4272058709430213,0.3402069209319294,0.4004120618468689,0.35776159698236504,0.4186088954610218,0.34967519283429904,0.3477864275721612,0.35266240172935387,0.26089161344383377,0.37230628387147807,0.39599972859994864,0.5733891394118372,0.3228116600737766,0.5731148923364565,0.31270561277009445,0.34111441287804045,0.4044641555792476,0.46708162882601234,0.2727793723248956,0.26675172060042357,0.3475483451321729,0.4293566092640885,0.4528795063666508,0.38854272320678135,0.4584535669763436,0.479271351176844,0.37536819023750895,0.41864460429355876,0.4258433083814836,0.31767055425487184,0.34125532622673305,0.34344231123360086,0.48372853759928913,0.37244632012294676,0.565056853277491,0.36427057551141856,0.29085383879806265,0.3514815056067164,0.4326508020251773,0.39789826778720566,0.36064249459924125,0.3217741456379675,0.2872796792204446,0.3423564166851793,0.45061365864964553,0.37461405306853673,0.35402061703553406,0.3703481434053227,0.36180915927046414,0.3528688136467051,0.36395114839680304,0.458884396867607,0.41166523881936284,0.33207276789883994,0.4281773525600847,0.3673590530416202,0.4161251786593143,0.44373569029705007,0.44949042084551644,0.37529939048658006,0.5042902901502212,0.3419042111184494,0.3697821447795181,0.3721411362761389,0.40543236139940425,0.3433885655319425,0.4210370280889245,0.3479804713064915,0.46621169619708974,0.42889550758711814,0.30260157277175614,0.3738100776392394,0.4133122610781317,0.39658465474263366,0.3445627796016986,0.35968532903687417,0.31800424651361164,0.4038345220038473,0.43196764840136487,0.34217274941543835,0.36155412937023573,0.45582178501459775,0.5537180904221232,0.40763894459064437,0.3798784549884356,0.32650979220826903,0.3940718182986036,0.3382947969380189,0.5209464457731086,0.24277381291664515,0.3421883457455493,0.4492576477376537,0.3129156694901075,0.3604349565031372,0.3449505510487975,0.35955715853412573,0.35104545558192385,0.3950672923935709,0.42907141411388716,0.5015071967766742,0.40932352315513276,0.45044443136444284,0.3020109807420962,0.384007913983758
0.41536123412147935,0.31674063475942915,0.4292898833099034,0.30231278709165404,0.36313615981934677,0.3341971295122334,0.2341032734166249,0.2967394886413428,0.3648714469782824,0.3145255055312586,0.0,0.2842493343479195,0.41837277119551075,0.3465572356525705,0.25099862722226923,0.47322652185535063,0.467040312104181,0.44651287542627827,0.27788345394909675,0.34669952203715926,0.29516969849629715,0.4811430350931791,0.2852551946482155,0.26214740212420123,0.3153882494073114,0.23665908614715317,0.3706947945267156,0.42864192678637264,0.3508403966401778,0.34642394133127896,0.24192694057374248,0.3114998999495696,0.24671603782798077,0.20627485088975178,0.3484584885909525,0.2694501132430647,0.3211399998047927,0.3791631137620841,0.23581086492743913,0.27420831061436535,0.24247422760289053,0.41428229378521,0.24987923570445675,0.2699805717389443,0.2504264459348394,0.24606569775769432,0.2160579203961981,0.2898168526803618,0.3006099541677346,0.29865820793602266,0.2705186301522013,0.2770147688699191,0.28854739661865364,0.28767054808659986,0.2984433904838406,0.2580575622028291,0.3324564175303838,0.42149440997514864,0.26547590580381514,0.3057509287329375,0.31074089922663106,0.221424441063287,0.3355277637697038,0.2803647362810974,0.2311254833084673,0.23856768929992908,0.24678569485605958,0.26003379167878177,0.32048362685746523,0.40574308621982036,0.2660159177015788,0.28370541021152285,0.35024430187612693,0.33700374039218944,0.46468543105910676,0.2409047178042842,0.2814001322023788,0.27899066701818725,0.21239481796160414,0.2184058110407734,0.2508867858746741,0.25178510434622897,0.29202044543829647,0.34347632730309385,0.26518149794944035,0.3077480414844182,0.28808066547022265,0.25076363114119193,0.28298013702870656,0.23574029986105188,0.4240563650345664,0.20353387158627143,0.35780378465534035,0.2805090269554145,0.2873151510216768,0.26696213264119384,0.21178483578832885,0.21586632241756715,0.24514387501612644,0.2464956281132229,0.26272845476368956,0.22712723977434363,0.20035312471673605,0.22868253745512301,0.3043671696584399,0.25903812663906184,0.24089836644918297,0.3645446438255754,0.23377593941624877,0.26458325839893443,0.2620212058120429,0.26541305403147847,0.2652069005168889,0.3795828106469841,0.29541506194345024,0.4480639504460234,0.2664072722198514,0.3260429702497778,0.3010610045224971,0.3618676691430017,0.35237770824700826,0.23749580402098283,0.253152796477379,0.2694013022458788,0.2704748070348783,0.27118955331891237,0.23610421512949734,0.2557468638529998,0.2683149085776268,0.2579767503183808,0.35533587506822056,0.36574891994308206,0.33116885654741585,0.29768018271205193,0.2843338119395873,0.25258132926764454,0.260690381122289,0.25050997124961544,0.28222885477705917,0.24907752273534753,0.2674779660384006,0.3282566572079521,0.2605139455276316,0.271505953992194,0.2844364947703828,0.21360145632766442,0.2779115593621373,0.23611362879380485,0.29201556878705764,0.29986418703870965,0.2778427383323763,0.2584655410561016,0.49470444412747716,0.2303747992828177,0.24604971807298207,0.27189197012309885,0.3521573299484261,0.289485954757999,0.28735457234755724,0.29403780017724196,0.23844756837556938,0.29323112060301554,0.20069083348335934,0.47237954597143333
0.33331312635237814,0.3729694117423001,0.2901574473869076,0.39372506899465815,0.26685878699205257,0.3769113310475672,0.3527472849709066,0.42318655085836687,0.2853661860070657,0.36008511101876783,0.2842493343479195,0.0,0.31293544183898864,0.23447596475287355,0.38266431478748114,0.33775290535326213,0.2976427128921006,0.29308172141457195,0.48859803068901536,0.3464523290606538,0.5443338837652715,0.2693199077811808,0.30333096887369326,0.3626214399339045,0.4720723739604129,0.32627555446030726,0.23246196485876583,0.24324706444179164,0.32074481439656555,0.26795549194070867,0.44094431793997724,0.38673093682587534,0.38415772630938383,0.3340739902233593,0.32620857266506337,0.4099272613512835,0.44279120480395345,0.3658994369255842,0.4225468724960428,0.3702236048176328,0.43030012726240024,0.2572712733356036,0.4868181401081366,0.4069091720708938,0.36950260089306713,0.41508761520235793,0.3944596968353513,0.40529057826992076,0.3885973416934721,0.3727852019469722,0.5026434674260777,0.4453818087596783,0.3369103309380311,0.44029068657300535,0.48768253931141275,0.3912088295428768,0.501243179519859,0.3510086395352036,0.3182578274579669,0.41166926807850424,0.3747307195168673,0.37680947293805334,0.3862100505093305,0.2828099168813233,0.40352025766461014,0.3924023094993502,0.30124368608740265,0.3412708149138417,0.2157777696502598,0.31445042771491466,0.4053579290712309,0.3973343277424805,0.2532188336906674,0.3836193258116938,0.2967038138616862,0.3668969949663543,0.4004429623132695,0.442179692436506,0.3699205768910124,0.3290608228771818,0.4279974251909217,0.4437524774501819,0.4347388173261187,0.3423387952539649,0.4498914746450883,0.4168791518580772,0.3570983394595131,0.36633369812148825,0.5763043498369953,0.34911827224818787,0.2933818148060926,0.3389919605829817,0.3814121794493078,0.4802177066986859,0.32480156786620035,0.41238629855584,0.34040854547740756,0.3716090215727897,0.30497294586111323,0.36906832922987204,0.3564803935764018,0.38047305994051017,0.3428779832814822,0.46202588114854226,0.36704150752128617,0.4681044733140933,0.45883453742194547,0.3005044212867273,0.36426571033051586,0.37357153943138394,0.4560987860839146,0.43369846146153207,0.3418732381117321,0.32447393188745194,0.4682101650505626,0.3149662146901424,0.4461419175078576,0.4033937662969806,0.33363288713620526,0.27693108208459016,0.38374859972533787,0.4330463555146975,0.3297688327524276,0.43425919325776335,0.3133655247015987,0.4344077330590214,0.3043398424560752,0.38589457137491295,0.4283986135531946,0.3943857352305007,0.26475226938241003,0.3421957565826246,0.3466055657037892,0.34366602637129806,0.40913685531794375,0.36983757529374073,0.4578222825233613,0.4046855998936446,0.31253957311651626,0.5308774688022498,0.36029756404156227,0.31412792121764,0.38780989801551685,0.31094586760010984,0.44771240294036174,0.3780952163641549,0.49298170359304355,0.40157001016616883,0.4067987748468882,0.24923568530556453,0.49559883652412295,0.4239002034269018,0.29099321599711925,0.3419694997343737,0.5533445221040313,0.3660615937202826,0.31256137136539314,0.4698164883356298,0.32207166928488384,0.3779764530934151,0.33042426203151704,0.385704522083861,0.35894702043534676,0.34241629016705766
