0,1,2,3,4,5,6,7,8,9,10,11,12,13,14,15,16,17,18,19,20,21,22,23,24,25,26,27,28,29,30,31,32,33,34,35,36,37,38,39,40,41,42,43,44,45,46,47,48,49,50,51,52,53,54,55,56,57,58,59,60,61,62,63,64,65,66,67,68,69,70,71,72,73,74,75,76,77,78,79,80,81,82,83,84,85,86,87,88,89,90,91,92,93,94,95,96,97,98,99,100,101,102,103,104,105,106,107,108,109,110,111,112,113,114,115,116,117,118,119,120,121,122,123,124,125,126,127,128,129,130,131,132,133,134,135,136,137,138,139,140,141,142,143,144,145,146,147,148,149,150,151,152,153,154,155,156,157,158,159,160,161,162,163
0.0,0.9247193232400291,0.8191831613434479,0.8298475753382958,0.7225907434176546,0.9126208009953701,0.8536591869663784,0.8640047039036692,0.8390340626879014,0.902436662712376,0.8910113718176442,0.8742612202466077,0.9697255792542802,0.8012225388779114,0.882586477326283,0.8749606252768285,0.8749222779040817,0.9499462332561915,0.8775078738283919,0.9499753444269762,0.8497406022081234,0.8911891165561258,0.818404975316767,0.9114339792322781,0.9605408790289447,0.7931930202597369,0.7928392019862804,0.8719504318379551,0.8522633962009903,0.8373203499719208,0.9081478823006566,0.9226487725180509,0.8418098058809751,0.8590282765799704,0.9082231443979868,0.7212455543850909,0.9606546521926562,0.8654795117538301,0.8162520029311118,0.9068157732111872,0.75760678470638,0.8894873488504329,0.8311380513120071,0.8419869970355118,0.9154213872617852,0.8910699574571547,0.7864009871374781,0.842608204150063,0.9081655875956229,0.7970416186652255,0.8234535676202103,0.8307383402335402,0.737325488480392,0.8539397913603735,0.7908069580703463,0.862122948924603,0.9021610365104812,0.8279555637475586,0.8416611661964479,0.824885244557121,0.8826220626084201,0.6660002958747013,0.7828519741778495,0.6594506964111604,0.8359687086038996,0.8664133084337914,0.9035533718897888,0.8760720751375873,0.8306556539714894,0.9319633338868255,0.8906078256575188,0.7989557270312463,0.7957059387153551,0.9089401551114931,0.92100109607981,0.9017028032197303,0.8139232103768336,0.7881307994256779,0.8257612654826546,0.794764658671529,0.8124197269350181,0.8983369702647775,0.8691615527835286,0.8395234345564565,0.826567904998914,0.9059982564483912,0.8976326849164071,0.800596662500307,0.884444776292259,0.8462912792468634,0.8003402872781274,0.8081193954153513,0.7768705030210645,0.8774089737947499,0.8581706069115,0.8976572120695023,0.7089682859927439,0.8417173520340261,0.6516640176450312,0.9073557860038095,0.8053358193139569,0.8041087363285133,0.7050773220113489,0.8012482236471856,0.7878677338630533,0.8553247054703074,0.7892018045061461,0.9140503646631534,0.8470843258911709,0.9325114292486535,0.8783751068837108,0.7660329919766482,0.8777872406040169,0.8220947156319199,0.8352818772248907,0.9163317258342336,0.9118983816560596,0.8688427688414825,0.7988909829898921,0.7685322648980565,0.7807311161636111,0.711145062108239,0.8815386616411502,0.8950230118905858,0.7849673734795457,0.9042498671763064,0.7143599038882128,0.8395014974285587,0.834843341930274,0.8694327878365351,0.8313659860390695,0.798575322077919,0.8331434034787593,0.8593694533235177,0.9050714325650012,0.7874689552129827,0.9416560960199654,0.8917553431998237,0.8715301814189502,0.8475184666856359,0.7996994717586957,0.847243123358303,0.8949883164792517,0.6681009500867489,0.8900869889869149,0.884192926983848,0.8204156397614777,0.823471378682559,0.9248345778981698,0.641790277576423,0.9144764170489701,0.8166429103142417,0.8532541296706997,0.7828242048477076,0.8992626217163704,0.9458014041459379,0.9381046629532002,0.8822813713331419,0.8164182226545067,0.7964276235966379,0.8206949884032845,0.9160498641335467,0.8881950869458141,0.926611512444073
0.9247193232400291,0.0,0.8346147485748299,0.8000903327283861,0.7191764207178839,0.9147289949253502,0.865041997064182,0.898817649722389,0.9035972464028845,0.9625142164914636,0.8098428025503832,0.9017477869471996,0.9189400483112329,0.7869112798447161,0.8980946041908294,0.82868789555756,0.8112039744913438,0.8731438930802543,0.812331659465754,0.8664109027665675,0.8016812880458214,0.9049526942799682,0.8018947124694791,0.8833372614885059,0.9295951485464854,0.7423362857732048,0.8238419243184318,0.7907333352246328,0.8512156358838541,0.8590913001610224,0.9363038391022935,0.8688648828656239,0.8802390056608547,0.8092493216645811,0.851403980827776,0.7241940562281729,0.9067058289954064,0.8074744392189498,0.798419517358756,0.8731257127076234,0.7636988761353172,0.92305301483906,0.7479307215967304,0.7827265863139694,0.9102245619229423,0.8601724591081085,0.8229531678027301,0.7654198760768078,0.8417403244702667,0.7456985824970612,0.7651707251605971,0.7879608100313693,0.7142538190158308,0.8194441888045539,0.7350450111504164,0.942352436821316,0.8029776045695031,0.823476997717527,0.7650162701463085,0.813080947410956,0.8159260326829224,0.6695184416544462,0.7059225421181354,0.6405943343788053,0.7401899165272983,0.7446724223251361,0.8668280325717097,0.8661956131400903,0.7604061196310078,0.888770807344804,0.856311135395729,0.7340236659720348,0.6998139741166067,0.8498289717863399,0.8721634586572953,0.8319256173256597,0.7560013292200496,0.7974805242707982,0.7535426575061291,0.7312472811502794,0.767325774554154,0.9088830460270488,0.9177794116677696,0.7744863522728027,0.7212484999496637,0.9338791713526484,0.8194887078659442,0.7388466874469866,0.8742606184622044,0.9304857894918833,0.7717764731832761,0.8928634603942237,0.7399567008330432,0.7733890261995283,0.7845585470023888,0.9553586377305049,0.6815280508699706,0.8770408668240807,0.6502845426682841,0.8996623156204584,0.7567042179644612,0.7346207400210637,0.6495848388066943,0.8445576097937273,0.7242963967758815,0.8409218647333284,0.7278250993036086,0.9040259238437172,0.8483489398796983,0.9110518121602478,0.8118523614207886,0.6900205103903612,0.8015038262990761,0.8002510984295095,0.7583052073634869,0.9256926701527597,0.8435419800651481,0.8021460641309898,0.7321704359168039,0.8091784409835845,0.7391312042899584,0.7107421343026341,0.7933761611307688,0.8722271394297949,0.7200742946125088,0.8939606052874878,0.7266767152583752,0.882875290817533,0.8024296843194735,0.8366921466294757,0.9190009401980932,0.7663476182411569,0.7479833884004958,0.8417292585487072,0.8215056412258038,0.7184722625490345,0.9275967886068645,0.8640820741242751,0.8282383399642036,0.8311899733415383,0.7582200554424654,0.8205642165189124,0.9330329366017776,0.6655026374409079,0.8319210547464717,0.8701763931556372,0.8787936015346797,0.8451998893457253,0.9247679993470244,0.6454836896519535,0.807497315624241,0.7774731695895568,0.7993554872518575,0.8661296095587002,0.897427641558226,0.912373709805291,0.8664988812223965,0.8975831452267358,0.7609753884355281,0.714023301131418,0.7982897247552078,0.8399757793184842,0.9611283683878555,0.8526901619978754
0.8191831613434479,0.8346147485748299,0.0,0.7396378784072052,0.8991960558959365,0.9107293245367,0.8093839502920793,0.7777652356356465,0.728819268587507,0.8169563502813209,0.8488214677513413,0.863735763793108,0.8650720534057926,0.6495281158146626,0.8585207352763129,0.9222799240975131,0.8783115307942259,0.7965021378244369,0.7335869113667934,0.739435773316289,0.9423762746856665,0.9505688173453614,0.7033823686221469,0.9035896284957194,0.7972160773185631,0.8942490342320581,0.6701997747752452,0.669575169934868,0.8307102738591644,0.8537836410091924,0.7508669450831417,0.8159262580805801,0.8346025565913288,0.6921759970261446,0.6902009834383489,0.7207754238002813,0.864239597481265,0.809365278687142,0.8148898575386022,0.8643274780333985,0.8520033391222563,0.8915478841810138,0.8590629558797486,0.862286263679615,0.7770841577231693,0.8300821344320851,0.9245037608018595,0.8591566458531432,0.7568942474140006,0.8085893874039902,0.8346723273226958,0.9151949308200165,0.6613243173992474,0.8557000085435578,0.7313302835736365,0.8170635868329936,0.7994346197447938,0.9242851316962571,0.6500185291813725,0.7301356844756498,0.7237667949194846,0.7106574103740956,0.8542010934570509,0.595980387380284,0.7306435731183223,0.7317088883362228,0.7246821608199485,0.9426057988436328,0.7806563610335332,0.8036261674774656,0.9299748027837241,0.6220037304540839,0.6353183865147233,0.8885955145942173,0.8246708951145968,0.670276091157218,0.8045626488660073,0.9148528024533924,0.7621982124980909,0.7953820695955188,0.8727481161803305,0.830876290546411,0.9236437812995012,0.7433996728977817,0.7353082656916663,0.8540057701682597,0.7333040290528732,0.6395980315398956,0.6983028944781071,0.7793432290513893,0.895753374667135,0.6990940197812343,0.782737607328055,0.6906958879217505,0.7521125435433968,0.8795335835610102,0.6378262135249968,0.7543495980798621,0.5908140351562698,0.7285973964233745,0.6300086930034073,0.7578382192150193,0.6256865892060495,0.7608800858532888,0.6626198420939292,0.9234514895918624,0.7977450700188353,0.8097519435006151,0.873572123640036,0.8876611482528927,0.8155471705562031,0.7394710389961553,0.7336688332997433,0.6677965911611081,0.748442299976794,0.9090010344779783,0.7070456632865443,0.7731521404838919,0.8331539476817137,0.6717982852119377,0.867996213877483,0.7185579540615052,0.7478913364206733,0.8920585025311234,0.6170225006184302,0.876458937866658,0.7230701709158688,0.8927404711372375,0.7883125059308277,0.8465399673548563,0.7653967097673439,0.95044095949798,0.6378560461600863,0.7364323444048622,0.7736575467527972,0.7706705447217574,0.8805199186655115,0.837649445850062,0.7446105626230933,0.7908934947779478,0.6516308849842251,0.8151964370661433,0.7573552543653619,0.6660506020926853,0.8655440178810075,0.7995934109879107,0.9308660197724704,0.8908955630483263,0.8301306009157654,0.6571755391278445,0.6861026269873004,0.6745314795522748,0.7795716382407074,0.8916540481665652,0.896703970277966,0.798595009380433,0.7718621194455002,0.9434433249499578,0.6233989823877079,0.7035110928604655,0.7985605022065594,0.6872437987253929,0.841741440321887,0.8788100014854945
0.8298475753382958,0.8000903327283861,0.7396378784072052,0.0,0.7072070104060824,0.8024661001414528,0.860445857988785,0.7808011627035433,0.6952533305869198,0.8042473910322278,0.8580974771798876,0.8318881268105911,0.8295490436395571,0.7443108697458323,0.83835865492912,0.8006893207114556,0.8165351624052426,0.8302825179494949,0.8707244100480346,0.763329492500307,0.7913366262989949,0.7853670281388421,0.8093592842781449,0.809169485459629,0.8355469587930278,0.7667938444391799,0.7874605434386243,0.83610987272254,0.8422706285983483,0.7624300629809826,0.8132521227448313,0.8484298777783502,0.9085748621561401,0.8208254940845979,0.808682227545751,0.77410972105101,0.8321308914844484,0.7935660849115727,0.8315503846859719,0.8654986055068554,0.7882844628016882,0.74638067365368,0.7895787070944051,0.8168248939660754,0.8121897517042509,0.8043215167328678,0.6921955548149368,0.7771880229337476,0.8670656944390331,0.7679229046854935,0.8520233024494864,0.7756133744923746,0.7222943201024135,0.9028239864758641,0.875694998977451,0.7004409080572838,0.8348873723377799,0.8162519644263504,0.7984531662474244,0.8109829573828168,0.8243493653527144,0.6617237310247815,0.7616808895166612,0.6230380983298549,0.7465867608817454,0.7629947596055344,0.8023812527978497,0.7465101176719884,0.7664642425115749,0.8428452551379569,0.7661971886322112,0.7454872647307218,0.7287603169832221,0.8740669021415725,0.8278611959306196,0.7923782818486572,0.8325824044852049,0.7698788757302456,0.7659278136915555,0.7276801689941439,0.7119918359651461,0.8131305891889629,0.7539534204411406,0.747570884007749,0.8093268103456184,0.7562787708393209,0.7916578020419699,0.8154762278700245,0.8070890313925639,0.7015943372067631,0.8122045961477321,0.7753265653550068,0.8174837528976118,0.8031868057840218,0.840064165343312,0.7995709018032452,0.6614145106377697,0.7358183173480183,0.6338254432940138,0.845510868240775,0.771070460346398,0.8214352543421193,0.8196514989304776,0.7736335102018841,0.7760951960267847,0.7506944887843117,0.7835467272488278,0.7729664119070158,0.8018764080387788,0.7768481084220084,0.8855716413717534,0.7707501396403752,0.7764082616040758,0.803056148061016,0.8101595809178364,0.8064941656281086,0.8074643266722739,0.8241983333652934,0.786837042987233,0.7306714049605851,0.7312544391792926,0.8015187167310759,0.7294518307973847,0.8324120099292691,0.6688177289083371,0.8785730518392368,0.7147398527211262,0.7797854077029581,0.810791906048851,0.7804572137451993,0.6852318110179741,0.7178371588538461,0.7670181555598868,0.7915950938361813,0.7734069902298463,0.6810174022518225,0.7668709126329853,0.8539225949720828,0.7925526539404909,0.8247967724522588,0.8208623026286094,0.766433349594089,0.8418022502833858,0.7160284391669799,0.8047767606137928,0.7845981646009702,0.7190055794892607,0.775426847698863,0.768822661094812,0.6113132458830512,0.8558881209295337,0.8241228673125531,0.8335470833700357,0.6965567819315673,0.8398649674755914,0.7870514068494199,0.823591051812876,0.7964085987616594,0.8497830084655208,0.8291623903928438,0.7320777978973393,0.7916477236031357,0.757912760640389,0.8282761041756243
0.7225907434176546,0.7191764207178839,0.8991960558959365,0.7072070104060824,0.0,0.7923915106552541,0.8229542595126559,0.6525061641079989,0.6295074269874209,0.6962195952818836,0.8141053417791808,0.824737183667784,0.7469750752819014,0.57864759029905,0.817385969819629,0.8831788893048202,0.8483905035738494,0.7178418243032115,0.7137490126715716,0.6390098529222121,0.9187031824235815,0.8516635474339461,0.6965284386729294,0.8534966832976292,0.6929084373856589,0.872940615568986,0.6247776013869993,0.6187482434182316,0.7861687914417762,0.8518014052391374,0.6704278375691999,0.7654589681282541,0.7784905833990874,0.6521810750049868,0.6155478831395442,0.7056862566963141,0.7673348882416882,0.7346964660036066,0.8430798130416247,0.8277654495919922,0.8530879459650806,0.7885877204691244,0.8539969372942142,0.8512313053179303,0.6672706075296458,0.7732096138819646,0.8923764203073264,0.8150272362280166,0.7406053751160816,0.8157376247708912,0.8725141336847589,0.8708614950866757,0.6552071777042355,0.8267775201711528,0.7467046106306914,0.6916623906945099,0.7854827347846888,0.9122302782777685,0.5978055988091038,0.7167673436954678,0.6180777922017883,0.7151962145495863,0.8251835443760723,0.5591414076345261,0.7070540720865781,0.659392827627005,0.6209849296872266,0.843145219489254,0.6864411628654925,0.6822892043781864,0.8397869060437929,0.5861427977666045,0.5591672252369435,0.8400313856530112,0.7129444206275167,0.6154457003039413,0.8237792631281157,0.9600828783549736,0.6932828552956725,0.7934383046007654,0.7835320565106543,0.7467276641607227,0.8536596779340297,0.6259067778766676,0.7181031737516176,0.7177485236379806,0.6211568672916631,0.6231141308349616,0.6248942796303095,0.6653320396654097,0.9431917812329124,0.6429701434115027,0.846886783459488,0.6614261448008978,0.709402356238482,0.759727582423841,0.558819405854796,0.6373669716484339,0.5840679470034913,0.6414121662671775,0.5910918462353696,0.725439604808227,0.615274350938188,0.6629265652915357,0.6128178509397522,0.8526662655831758,0.7772766531884638,0.6906162694597326,0.8493187180109883,0.7834579104936373,0.8162398824208748,0.7563930393205834,0.627734634504597,0.6081922479247637,0.7054215330648322,0.8264827476063783,0.6375555657320569,0.7716222129210243,0.769779955355463,0.5900722636649425,0.928469423726604,0.6674972734779258,0.6551668179251435,0.8729707146539859,0.5548068570096374,0.815948205905231,0.7020371056808233,0.8472962456634509,0.7058045218596029,0.7625377658931883,0.6498598500197962,0.8944951470399538,0.5758598115828171,0.668426938572881,0.6685827592170789,0.7386815873344534,0.7882523725533055,0.8068778051066843,0.6501645260079133,0.790647213298224,0.5687602723968855,0.7669986556715345,0.7057868243948493,0.6382860101794362,0.8047852350991193,0.7184929567490111,0.8614336630568109,0.8591419669206131,0.6978015068477743,0.6325477188048273,0.627032449699703,0.6502284067144456,0.7821326044507462,0.8231175389222705,0.8079295744869592,0.6768132009546276,0.704696752114615,0.8691596188342438,0.5796265177834019,0.7326112496193316,0.6785713663938769,0.6155113101868531,0.7198881427600298,0.8429410272369016
0.9126208009953701,0.9147289949253502,0.9107293245367,0.8024661001414528,0.7923915106552541,0.0,0.8331304759408555,0.8258891137573652,0.7906614770828096,0.8719054395453327,0.8898539598893137,0.8768899317579539,0.9475619616768631,0.7498468105228654,0.8592572365942606,0.9092426886664033,0.8705798672581325,0.8272516832433279,0.7915800897940246,0.8209773410615502,0.894762300205585,0.9301619804464142,0.7183549824986997,0.9039955705901791,0.8800698951248966,0.8486747176647016,0.7004687281400173,0.7453855755351148,0.8888027358406669,0.8376209448647058,0.840580317696375,0.8937130796119671,0.8748479169202286,0.7616625422043266,0.7969316169927081,0.7259649330194419,0.9488708976621232,0.8375791713524664,0.8299147917329418,0.8704286283301581,0.7992924987958604,0.9071829442527527,0.8148605468621177,0.8944536347079138,0.8358211151421595,0.8366122000215527,0.8476520734992589,0.8901423170596814,0.80766003578157,0.7755324501381909,0.8329364731527213,0.8921350611721479,0.7048104939766713,0.8911485471657884,0.7789396687044192,0.8882122886073299,0.8357078646817384,0.882669408097181,0.7075630005544893,0.7670062658214029,0.8504736398954278,0.7236337732803214,0.8303374004236418,0.6109372153605035,0.7621718352763655,0.8001901645970096,0.8438080940316748,0.943018392239251,0.7527300906692974,0.8702389614459983,0.9436872260226917,0.6993470074606677,0.7336177242424158,0.9001940177953414,0.8920695523232919,0.7956297389587347,0.8223298699884364,0.866192364834199,0.7714741734439357,0.8623983835653305,0.9066286967662069,0.8708587494657105,0.92396631167391,0.8303604582209645,0.7771335351168273,0.8836676709741771,0.8580970298919365,0.6945495914830833,0.7873136592453286,0.8485389903598973,0.8330931252388284,0.7757793825995518,0.7769712545254349,0.7938627030105486,0.8265865872585826,0.9463198821568889,0.7125473525162589,0.8116683545608242,0.645698633442363,0.826115554740057,0.7510254190097317,0.775797482668237,0.6459930804644779,0.7683129704363806,0.7252771773823914,0.8781617301736765,0.7867637086610261,0.8492204507431255,0.8432744294205979,0.9442101999362597,0.8665069901848025,0.729512465762243,0.8719162587149154,0.7465695774259796,0.7952101643910853,0.9220624035394168,0.8083901169671258,0.7910780001038381,0.85009479000342,0.7645652792148572,0.8187984398884682,0.7399396428429756,0.839852080180458,0.9247779404819694,0.7368477882391423,0.9329653585788176,0.7459847045114871,0.8863672773417682,0.8326847701892733,0.8424377493396753,0.8125569230653654,0.9004842482244592,0.7650678745881361,0.8593652190019423,0.8518419643476027,0.8020357957432062,0.915562362904967,0.8483570687334558,0.7528438693528045,0.7961560628119823,0.7583991855180342,0.8883526521072148,0.8318252613059166,0.6787516794993763,0.9176610930454457,0.8180595138001193,0.8899565265144078,0.8811347807959636,0.8670729400838081,0.6718849329323637,0.7960144535210001,0.7685390587939444,0.7723747527913841,0.8150161464973144,0.9039532556109757,0.8919162290281237,0.8684432809834266,0.9474122441191539,0.7398574686565795,0.7735942874096654,0.8304513136737681,0.8331386722744889,0.88558696927268,0.9178222962102839
0.8536591869663784,0.865041997064182,0.8093839502920793,0.860445857988785,0.8229542595126559,0.8331304759408555,0.0,0.7771297466543255,0.7554537496302668,0.8728967965900635,0.8539576563893911,0.9373865722971216,0.8487292023890713,0.6741885235962488,0.9321117472884918,0.8588772504459113,0.8466888520548947,0.8468208462171687,0.8783076879101517,0.7563220411180994,0.849709304915319,0.8663204883220154,0.8870624563619254,0.914646567845148,0.867068898099247,0.77407312493452,0.8114636078604968,0.7903373059698074,0.8447043911593213,0.9189046935993238,0.8504970928998645,0.8895557728006627,0.8674830387720985,0.822226557342357,0.7459951172876486,0.7052289802880445,0.8700595962044755,0.733552045685997,0.8910189198946288,0.9255790145860208,0.7781000342245228,0.8570109507742912,0.8159969882377031,0.8175823873777701,0.8101718015069711,0.8693370280868147,0.8159549368398831,0.7782746920393403,0.9278913411412799,0.7747847865451679,0.8868538346177413,0.784764689606317,0.7102113378194612,0.8669536282142509,0.8225923062790884,0.785528983103586,0.8540331542494525,0.8745288246852732,0.7615661375706569,0.8311270067229746,0.7357502157805994,0.6551674729819452,0.7211524708834512,0.5703466392756787,0.7520832317245936,0.7178011783461671,0.7751837343480936,0.8341577658554112,0.7112382227598535,0.8100444775045741,0.8131392460247571,0.6804159030758207,0.623409609111281,0.9070170163517174,0.7787393649050202,0.7963021706819738,0.8810901596809239,0.8923774129673583,0.7150330237803327,0.7631758541202467,0.7173844689167153,0.8518929710984806,0.8957714869521102,0.6507046603563754,0.7418739817764807,0.7811434158097429,0.7249122359344388,0.7796624178095385,0.8148504420056192,0.7821322533495856,0.863485302612656,0.8147774977836438,0.8545227782515181,0.7853337236517107,0.7668549518070117,0.8518406233813797,0.5815107335481245,0.7331753279936148,0.5918576289454875,0.8249971239574118,0.709432057204798,0.8064426046645561,0.6955745719142533,0.7664416602166951,0.6671399679323432,0.824215167985148,0.7750972143780184,0.8013778283971164,0.8865781503110032,0.86071527219319,0.9180047106063346,0.7208217612206627,0.7083097643246401,0.7480065662353415,0.7351293810372015,0.8844031091912247,0.7876411150721206,0.9051773773098293,0.7264337387088735,0.6652483379263774,0.7979808612678261,0.6871870040048003,0.6999309770842506,0.9365647447653702,0.6182386317441252,0.9049593148081273,0.7007641156873571,0.881949696523687,0.7397052942671939,0.776773268331064,0.7557631470045298,0.7582613638191333,0.6924446186871726,0.7325205041652492,0.7414283624227305,0.690792405521902,0.8627765853819107,0.8692825813273949,0.7646811331305297,0.910166765090475,0.6802052198924282,0.775904936304909,0.9109851742372116,0.6275870499618525,0.814052390610627,0.8251272501404473,0.8286311693467959,0.8852884335961724,0.7995276593062608,0.5817742682914394,0.7827100395242292,0.7780639324888391,0.8733918364307866,0.8436768435822617,0.8827694458462403,0.8122627133656608,0.8648423310069032,0.8999015975216058,0.7322590941647039,0.8226045433918295,0.7101683198933278,0.7444848296571754,0.8211325537470999,0.8760495067133328
0.8640047039036692,0.898817649722389,0.7777652356356465,0.7808011627035433,0.6525061641079989,0.8258891137573652,0.7771297466543255,0.0,0.9111994659601376,0.9053829249464448,0.7390011636687421,0.8647390568860178,0.858990415383888,0.7208120027586721,0.8469142697314598,0.7749067014728304,0.7528662450926342,0.8511602735022116,0.7931746550844901,0.8455605925210258,0.7407861039232695,0.8211179842020943,0.7959665200397318,0.793790253241734,0.8946538290032199,0.7049380764005182,0.8631844339684528,0.7867917378778634,0.7233332451285429,0.8217503478868912,0.9344906541274024,0.8132400278849073,0.8287239700923259,0.810231924914518,0.7968355534403194,0.7172876826639895,0.8409486876951815,0.7939893822909428,0.7503309445218116,0.7910944929901037,0.7134669293648144,0.8493542726691382,0.7428382728258855,0.6917908107682614,0.9466993465698296,0.8560680397333301,0.761106138442291,0.6871042973327517,0.7847424813654004,0.7254316229986123,0.7176134687627012,0.7271613480218149,0.6521563050909382,0.7468180858780382,0.6900411524906009,0.8688289872790325,0.759582553421635,0.8035968838981232,0.7209130584661372,0.7944907059275746,0.8019939799778995,0.6476674223980693,0.6821262897291378,0.6299232363735264,0.6902120944756511,0.727706253637908,0.8228477272043639,0.7892020083261901,0.7980282521008284,0.9422289154214095,0.7915951735862611,0.6916325747488667,0.6724857808991288,0.8049627522240883,0.8588924472493531,0.7703673315288649,0.717046353489886,0.7108057139298224,0.7976762097685922,0.628928916460509,0.677277736714461,0.9015845597001632,0.8327965966256603,0.7608981673706232,0.7027760463624537,0.9286686444639544,0.8363421796230217,0.757926350166647,0.8949727987069703,0.8953817941839053,0.7315630984721081,0.8692940355408016,0.68022944944117,0.7093092676924462,0.6999571710068677,0.8770777375096886,0.6994059587893138,0.8764665210607085,0.6037400015798394,0.8892958872975568,0.6880654453960493,0.7916909170339975,0.698066581370004,0.8694413596097573,0.7488850700776406,0.8218940504344524,0.7294089857390683,0.8832171851978824,0.79049220324739,0.8054711513560451,0.7388617085538179,0.6806624140831216,0.7369806165519168,0.8348805504117607,0.7380192995906466,0.8632552243818541,0.7971701161191705,0.7595640420130187,0.6633355796067736,0.7903085543969199,0.6607108756975265,0.8099217364235549,0.7243223107734139,0.7816128439829036,0.6369109457742185,0.8172630419699193,0.7048639322183801,0.8547296971348004,0.7598007210749588,0.7922119351806426,0.9107100080400006,0.7164197690549446,0.7253401366571448,0.7656003127484475,0.7762729778161129,0.6235343989269875,0.8607675641104084,0.7943256003532106,0.8546291897465105,0.8381477305751321,0.7269919280368565,0.7282804231765363,0.8745438652216997,0.6631091942632753,0.7453222105866042,0.8801798546009315,0.8271630484916972,0.7712040694873592,0.9020541414951387,0.6170607125457844,0.8083616755613485,0.6961142113217625,0.7784651670749131,0.8262675852776716,0.8725256097201539,0.8880765085137561,0.7881939726541817,0.8253662692667341,0.6859970513770326,0.6564469573455429,0.7217570097459529,0.7521652357213733,0.9375310836833333,0.7621650069828454
0.8390340626879014,0.9035972464028845,0.728819268587507,0.6952533305869198,0.6295074269874209,0.7906614770828096,0.7554537496302668,0.9111994659601376,0.0,0.8787861822059294,0.6835653280918093,0.8068291516833739,0.7989450016976589,0.7130112589033666,0.8125371579765316,0.6999109360246973,0.6769409083026064,0.8007340168373002,0.7166986324689565,0.8013123894196109,0.6749346909527252,0.8136307743858002,0.7409209579470265,0.7527293431996048,0.850774056715951,0.6282379014242455,0.822785199989685,0.7145293974377389,0.6793530738584018,0.8009451560780425,0.9103494281333387,0.7416508024856245,0.7585042992460654,0.7237789946613152,0.7814904112273715,0.6359080154248458,0.7962223674695844,0.7142672009706003,0.6863932625834234,0.7267799833738515,0.6393746802254355,0.8813481837941589,0.6493662566963789,0.6453803776080008,0.8516308416615418,0.7578771785588516,0.7340899399946298,0.6381526399121413,0.7317338067716723,0.6500429990493045,0.6443309997914314,0.6619974332736895,0.624133703848733,0.6722121093358856,0.6109191554268044,0.9221532236324864,0.6847252827533689,0.7292881655356108,0.6831842769891509,0.7137559080980891,0.7284084750706261,0.5947569702638833,0.6028652026459722,0.5976025938803373,0.6587500813056814,0.6448956388441115,0.7969858606625129,0.774512778420329,0.7147022966908437,0.8675038308893243,0.7578167966936777,0.6512051690258205,0.6469871224634623,0.720320713927723,0.7749818619734231,0.7353975353642443,0.6439798908867415,0.6718750676246833,0.670664836020408,0.5996281499228402,0.6408611169102587,0.8995298352601362,0.8329787573068412,0.6803405020011267,0.6182758147310556,0.8853510354876188,0.7807290712709952,0.6938446170412342,0.8183572015557852,0.942546836655509,0.6763671143011344,0.8882492959431807,0.6191112071997376,0.6570228130072656,0.6775279765155041,0.8705621612563569,0.6425724677820378,0.8399767711936348,0.6057242929028462,0.811661934950244,0.6602231216763805,0.6692282632983549,0.6060568142339648,0.8104257413190672,0.667680584213863,0.7368454916885643,0.613372571997072,0.8386698965828706,0.7145650758780304,0.7861553866342764,0.6774945773759149,0.6099362324845298,0.7098731012947709,0.7805546486031748,0.6420324340749769,0.8180295127911624,0.7385177145306121,0.701747666740523,0.6007979432273349,0.7910429590131252,0.6256267640484975,0.6891792705697338,0.6919629885918501,0.735203294729791,0.6683449014759292,0.7374123505833823,0.6545014948873258,0.791584902004657,0.6638241152721442,0.7252009716588337,0.9617867430953444,0.6634803649468083,0.6823638735502178,0.7769495654261177,0.732447017096293,0.6111410069344527,0.8205416047226908,0.7327760598164692,0.7636795061592595,0.760411281893642,0.683144468662503,0.6931105180294492,0.8701633100475409,0.6299597742193179,0.6939035484936412,0.8310563000828456,0.8310138420934516,0.7137707756345968,0.8483954922867027,0.5757694443056386,0.7455195381936233,0.6618173904595737,0.7178046139195838,0.8124198403587991,0.7921416284387132,0.8656057600388191,0.7594907255595676,0.7806212818855631,0.6697361377149433,0.6003796387351928,0.6702789182570114,0.7476793511394179,0.929187832759706,0.7402389138643979
0.902436662712376,0.9625142164914636,0.8169563502813209,0.8042473910322278,0.6962195952818836,0.8719054395453327,0.8728967965900635,0.9053829249464448,0.8787861822059294,0.0,0.7960394250574994,0.9043986227081682,0.8985588954911554,0.733656694489816,0.8845275660826972,0.812110662135117,0.8018242868408489,0.8859258422341898,0.8393180118220309,0.8508542796244485,0.7845547362256173,0.877092135420989,0.8450430429336184,0.8666000309337903,0.9526449246320142,0.710604678529072,0.8539550174045383,0.8211772386939474,0.8192152347115392,0.8625373751633083,0.9157350080317755,0.8658560465136562,0.8402240594726468,0.8241119613516888,0.8094332575209193,0.6838446856537668,0.8831806641117611,0.7603334599094209,0.7722833285662738,0.8620824304590221,0.7222862841474302,0.9115774329646189,0.747393203772231,0.7407958793512451,0.9035156011614428,0.8605160258315055,0.7920940584469238,0.7334274520588144,0.8624661489593903,0.716188090351909,0.7546482251256564,0.748556692539445,0.6855742474832706,0.7921909392387536,0.7256137778648069,0.8999392190437048,0.7907914168418833,0.8120823277109502,0.7890687123452501,0.7919172224907636,0.8012226675727434,0.6196686229902695,0.6812887014688185,0.608358666939874,0.7180516979691457,0.7333806657584145,0.8419480051373809,0.8336515125297,0.7764991408453294,0.9042374467504112,0.8034353227190667,0.6958431543773993,0.6763374234095886,0.8484510080488058,0.8532619782098648,0.8252137712765693,0.7572995020093968,0.7710735307207006,0.7392443629453418,0.6929146285997476,0.727193429304556,0.8750917968734677,0.889463943442325,0.7328302056215599,0.7029326071396874,0.8925040508031836,0.8042229599808065,0.7508149387944677,0.8892262731659086,0.8877291398716617,0.7521318572929622,0.8635703477517496,0.7253600976477135,0.7553078211079112,0.73835995781537,0.9170735910175504,0.6356283383685778,0.8605982756270038,0.588609885339082,0.8915427450596488,0.7103668089054532,0.7591459204849502,0.6642199058803484,0.8720665562838292,0.6926560020170827,0.8190463691188287,0.7278803167556327,0.91731948893953,0.8312462051134786,0.8879147724227106,0.8094615287289169,0.6591547627980743,0.7660184383061017,0.8045837460234078,0.724211543109508,0.8960860232527487,0.8470098773959123,0.8311283658865851,0.713701641636472,0.7497257887037885,0.6910455299214366,0.6917053142589713,0.7536293774267034,0.8493929291409837,0.6648059677478492,0.8734142006449935,0.6814086417766382,0.8458842492561945,0.7771360951551609,0.7903762049111964,0.9044563900403919,0.7321430772058685,0.7230275468199097,0.756422693358118,0.7939445646260307,0.6662500396298052,0.9016067474242918,0.8187397224494465,0.8472706789882979,0.8391646975245799,0.743599418008642,0.7635020248577069,0.9166656746817973,0.629748924475736,0.7864525438994374,0.8701801994898791,0.8293661465584584,0.8338142547536627,0.9319647035285846,0.60180009701387,0.7981476636894029,0.7666705520090248,0.8068954846919603,0.8602555443521284,0.901992120024976,0.8955186823770811,0.8643562768297786,0.8784257146021653,0.735687259713428,0.708408580620588,0.7848384376299826,0.7984345889968805,0.9286017059949051,0.8179901218901842
0.8910113718176442,0.8098428025503832,0.8488214677513413,0.8580974771798876,0.8141053417791808,0.8898539598893137,0.8539576563893911,0.7390011636687421,0.6835653280918093,0.7960394250574994,0.0,0.8514120011912593,0.9193730640870333,0.7391122783169651,0.8347653627196256,0.9407267189745381,0.9259417583887698,0.8468176520702142,0.8566059101302992,0.820756445305879,0.9181637035172208,0.8842595622966786,0.766350775714837,0.9132789553619995,0.8539100924351907,0.8776744689904968,0.7107720892497875,0.8162724556291545,0.925162549020663,0.8115786863597467,0.7763664904921361,0.9151284340491246,0.8227482589630453,0.7977598584880827,0.8002830213833436,0.7377770919388335,0.9347522002805576,0.857602262230002,0.900278716541357,0.9155231635851026,0.7906833622401294,0.8136305070069539,0.8765221128339703,0.9348034713243791,0.7924215739772797,0.8186504014992346,0.7534172221516693,0.9493756081248815,0.8933763997781667,0.8176530491995172,0.9044931499764457,0.861095641856859,0.7057660769781631,0.9403772061226822,0.9009233518934454,0.7311450311615911,0.9169874064837605,0.8761534996176963,0.7713077955015475,0.7873043673074984,0.8556942173794206,0.6824515350994111,0.8547846664405376,0.6300995435156558,0.7946829695985418,0.8316001923714199,0.8263216171226947,0.8586641400842664,0.7854985640102397,0.8415530157017025,0.8769984736753336,0.7440784051353153,0.7658694088329765,0.9467597618294561,0.8705395078042257,0.7972726014229764,0.9279381982666224,0.8721874515010646,0.7742637107065407,0.8971491897131447,0.8430694183931615,0.7908886948557092,0.8270955631086405,0.8015607262818844,0.8595757797739564,0.779033814010004,0.8408963303544491,0.7446112905823029,0.7512397682133468,0.7189522991296764,0.8686428088380379,0.6814295925943812,0.8673325225969453,0.860337420028471,0.8791813326549559,0.8268086033125652,0.666889528105521,0.7052574920956058,0.634034957229194,0.7812741420514147,0.7987207465491991,0.8512574667592898,0.6868934768575052,0.6957501252220066,0.7360429330960843,0.8274010907045607,0.8346062173676989,0.8003977859569036,0.8258458251819467,0.8991632042445963,0.9539157975079454,0.8137249120773131,0.8437677019209998,0.7791739991064799,0.8211158950350649,0.8608385796484167,0.7982053346819791,0.8982804761256891,0.8861996774293645,0.682913162896848,0.8777935630353164,0.7029855672766749,0.8343808429292241,0.9190064327764003,0.7355131775256951,0.9297155622094428,0.7022618528733611,0.829186267981086,0.8364632879548549,0.8301217652843642,0.6843260215800047,0.8719154310686066,0.8194519435097044,0.8241010613371479,0.8823772284616489,0.8156405708111145,0.8554574071581219,0.8734792855485812,0.7864702490809281,0.8244693025274614,0.7427660508381686,0.888575215118157,0.7864578092156157,0.6912641002869189,0.9520880419251474,0.7709314519745815,0.7797689644279254,0.8322277372787489,0.803185454856817,0.6643777944735467,0.8519742730429484,0.7906183573225048,0.8761571193065064,0.7252978045833104,0.8579241853369737,0.8409617833102032,0.9181918556362089,0.875050005076223,0.792771256325063,0.8912521242200503,0.7580484269833674,0.8247429668057219,0.7521300386194227,0.9682198415123663
0.8742612202466077,0.9017477869471996,0.863735763793108,0.8318881268105911,0.824737183667784,0.8768899317579539,0.9373865722971216,0.8647390568860178,0.8068291516833739,0.9043986227081682,0.8514120011912593,0.0,0.8741058369897651,0.666604405500486,0.9228656957519367,0.9005133866821817,0.8739592380124163,0.8497646026469332,0.8885281993485916,0.8054971939307531,0.8846802914117808,0.8884682793387078,0.888839150240462,0.9292124912920937,0.9098570259092238,0.8099960819240841,0.8270472068992909,0.796880039654975,0.8350638922485274,0.9541643257323565,0.8968071343570573,0.895117222788924,0.8707343124318305,0.8611971857721373,0.7654760588131467,0.7471877448764678,0.8916490256019719,0.7932433633408892,0.8934478463853244,0.907685870801454,0.812059589973811,0.9051990211379216,0.844687487994323,0.8191687061374977,0.8804390291345121,0.9028909208227646,0.8664955757528479,0.7882678770345324,0.897697104505585,0.7963181727185029,0.8562272420161439,0.827140329809265,0.6719008100716636,0.8550290313862118,0.7957059401047286,0.8422734362875954,0.8559527959760408,0.939147096939977,0.7133997275605967,0.8397068572439484,0.7449890110870034,0.6710727554808608,0.746284076499766,0.6050955495374073,0.7192181461858025,0.7219411476457881,0.7714405311589598,0.8484785434339333,0.7485240574043496,0.8624873725068825,0.8378618604122464,0.6749289496078903,0.630510914367818,0.9039643921826761,0.8307054807899672,0.7727088346371168,0.8458209492692189,0.8925238630506965,0.7860200854715991,0.7455750250487075,0.7350608320391073,0.8788446164841337,0.9264740622836367,0.7005060453837689,0.7670853566275244,0.8744916380241579,0.7657982414091559,0.7448473403129511,0.8418792902176588,0.8401679075828645,0.8757769799609144,0.8417630216556401,0.8243383342488727,0.7572824589514379,0.7283973942886439,0.9011914881486208,0.6079698087451979,0.8238783241984552,0.6055635902301242,0.8421611470740743,0.6911479751134394,0.824473583935259,0.7104839363594825,0.8444447444080758,0.6955771998150129,0.8972547245011336,0.8023620100595598,0.8815691754399018,0.8943717024104099,0.8907927864353814,0.8983791404222128,0.7535178551969164,0.7117498325361239,0.7812990468744874,0.7579503647156871,0.9373846395844623,0.8068676533498292,0.886578554788479,0.7467139644711202,0.7084233502699051,0.8017923973174359,0.7397878767252747,0.741293777914159,0.9250683825119163,0.6137452065473409,0.9230687761474785,0.7174450287196595,0.940660620868994,0.8004674099996957,0.7913133246536664,0.8306867815407701,0.8027758307087155,0.6902064927452557,0.7587885513818747,0.7728990300718895,0.6741763193237014,0.9282627157130859,0.8781511572148553,0.8193160315664885,0.934259501023334,0.66567868249057,0.7978239693788504,0.8956505043429464,0.6454950348458657,0.8404602923832609,0.89153033276923,0.8936961786594428,0.8796194616702648,0.8868000519022302,0.6409800219400048,0.7957616013041303,0.7382423104262783,0.879568377597288,0.8916586203443727,0.9607347325680058,0.8416407184639846,0.8427533047014584,0.9411313567296817,0.6849887724481807,0.7670673773284294,0.7100916431545973,0.7490103779358861,0.8969306797317315,0.8792515118853136
