0,1,2,3,4,5,6,7,8,9,10,11,12,13,14,15,16,17,18,19,20,21,22,23,24,25,26,27,28,29,30,31,32,33,34,35,36,37,38,39,40,41,42,43,44,45,46,47,48,49,50,51,52,53,54,55,56,57,58,59,60,61,62,63,64,65,66,67,68,69,70,71,72,73,74,75,76,77,78,79,80,81,82,83,84,85,86,87,88,89,90,91,92,93,94,95,96,97,98,99,100,101,102,103,104,105,106,107,108,109,110,111,112,113,114,115,116,117,118,119,120,121,122,123,124,125,126,127,128,129,130,131,132,133,134,135,136,137,138,139,140,141,142,143,144,145,146,147,148,149,150,151,152,153,154,155,156,157,158,159,160,161,162,163
0.0,0.6008565886419457,0.5221756175586961,0.4953169380165864,0.5092445140738717,0.5423349539256421,0.48978475630916185,0.5531906574252854,0.5638416201313904,0.5311560194756522,0.5330974002588312,0.4893409574269724,0.6391562539884338,0.5938237577507758,0.5606508540057562,0.5843572247533613,0.5927284199236453,0.746650137099156,0.5792932351650215,0.6703392501807044,0.5855965375733378,0.5600731581293532,0.47868684081809143,0.5598320300671716,0.5987750282123765,0.471436884233811,0.48640333111795975,0.5132372986129258,0.5321223463313286,0.5487093411310527,0.5702664738265383,0.6143275530431963,0.527269808603266,0.438107912146099,0.6541384498367485,0.5389283215095877,0.5895939349842656,0.6038816285773864,0.46696576140312634,0.6141047276813855,0.553598944831264,0.5005642166598905,0.624222185809017,0.548195780993653,0.5766551815134006,0.5707112995240166,0.5479383332676945,0.5501869812424283,0.5733672282572846,0.6537047174514764,0.626265266456691,0.5769771147888656,0.48906239474096275,0.5453918621911964,0.5374913202337543,0.5088556077545743,0.7073213268221816,0.5301287638349711,0.636061999246906,0.651622303592294,0.5381913209335238,0.5152761064163381,0.5916352488114,0.497010843446844,0.566336214463127,0.5472450781345418,0.4926412957234496,0.5592402996857504,0.5617005318642894,0.5975158223895444,0.5867057556087045,0.6510261308959799,0.5322001395724154,0.6074538716239203,0.5822160468731002,0.5315732205133233,0.47430897644421477,0.49684889013487277,0.5209169355326941,0.5051239000620098,0.5019661371917774,0.551152768349777,0.583556826352425,0.5595644530561112,0.56449866333968,0.5993448827950132,0.5187790782178422,0.6261606199141836,0.5762485191678524,0.462900931658293,0.577538477613471,0.5141651598555702,0.6417692303371085,0.5829622993319103,0.5479193433862801,0.4993359198798873,0.4845196360983553,0.4857335383013389,0.491940938680865,0.57483733039324,0.5359516587729195,0.4892992483527782,0.48094560942206627,0.49461068583700646,0.6687657632780596,0.5538421621632678,0.5314124777475266,0.5062663790429278,0.5868288409095777,0.5392286651477896,0.4927398332534188,0.5147585650995129,0.5497822859724714,0.47517499778763345,0.6114312538828991,0.6109166534052057,0.5875022638351887,0.54389288658962,0.49503800242924745,0.48208205890353795,0.5695899324985796,0.47898987744389027,0.5361738582237802,0.5938350231380881,0.5425414593080223,0.5505672866376604,0.4984541347365132,0.5082172300320157,0.5252093188684388,0.5842086265148556,0.5355318708353195,0.5304126143089741,0.5316048056540686,0.49311386096933574,0.5241344287949496,0.4994492964692686,0.5854086812545914,0.5982469581807018,0.541322668493192,0.5787748275346697,0.5152194171675024,0.5543106028229828,0.5760615483774735,0.47930143319482643,0.5120213890780629,0.49864427035089903,0.5170976870019417,0.48617831635214315,0.5792025894606938,0.43172834065968624,0.5897130247209146,0.553438967329911,0.5506440892257343,0.509979038006467,0.5198175907395994,0.5643004115177458,0.5456264352132878,0.5293461753845553,0.5568591976222903,0.5317110345225193,0.46922748431557254,0.6658492415541352,0.45129556712546837,0.5748135684515516
0.6008565886419457,0.0,0.6042249105823022,0.557145185064614,0.5178408615066625,0.6498988607408043,0.5277742335934973,0.5880615018416684,0.5827263930671377,0.654583496127988,0.5266109296111201,0.5314450749017466,0.5978938270039088,0.6178663462912133,0.5850998617295233,0.5581936129208703,0.5502036376544237,0.5744415212900016,0.5548677409659397,0.5370893751263687,0.6356356333531391,0.6416475811619313,0.4490731436384183,0.5638153228637082,0.6096784353027085,0.47098823166692716,0.47710610699106015,0.45700462898725724,0.6558119653996588,0.5103119111825064,0.5973114225614179,0.5956233653710564,0.621155847632515,0.41784553257809637,0.5743008379545277,0.5869157236856651,0.5836426405641549,0.5866327208567909,0.5138071647259477,0.6197898034965721,0.6196190836790124,0.5480028796342516,0.5324468586875233,0.5810942107172701,0.5585997269895505,0.5289567625602175,0.5385370979420524,0.5554415840748114,0.5298472589684445,0.5834947944515516,0.6359575197591977,0.564119626056997,0.49264673706614653,0.6689849867499791,0.5741389800767019,0.6097610138863697,0.5951668607543635,0.554238338048545,0.6308404039942371,0.6119180257873149,0.6010616605503198,0.5456246540172838,0.5419402219858135,0.4918881683354258,0.5432024824903198,0.5126892497274761,0.5456581204693245,0.5998096572555104,0.49766285386307935,0.5894930341209002,0.6098149032087335,0.5905707186025295,0.5285779608870493,0.6295736854388276,0.5784937052991909,0.4919965645266061,0.49561647391966923,0.5635372217887679,0.4783400078506855,0.5431153946794418,0.5604438957139003,0.6113410820696124,0.7206037535339741,0.546035825637541,0.5650366517944483,0.6080438480398581,0.53218543327151,0.5721802559512066,0.5451012110291376,0.5378780833144735,0.559375315435149,0.6001972689267581,0.6258895188655355,0.5254380354127848,0.6161024574975144,0.6027404350727819,0.5359415633963274,0.5175864370305214,0.5161781911393497,0.5861859383123565,0.573194711429339,0.5035352948428123,0.4929703876776481,0.5408333417250027,0.6111381156001912,0.5226575838077758,0.5472834443940691,0.49840119398434823,0.5935623739474557,0.6000563698610974,0.5194314159625054,0.5125961501515037,0.5980948769718151,0.5098542506971585,0.5307988506401364,0.5834495396403218,0.5428115898153281,0.5045843498103901,0.5305365623375193,0.5227244920672139,0.5496105325445338,0.5232729023665805,0.5049093795562717,0.6541675708435012,0.56102662329665,0.6341219221837099,0.5482322976575136,0.5542822580967617,0.5588457114382404,0.581838216158129,0.5749033422369599,0.5878430125592765,0.5267359001426881,0.5439965520775416,0.5519887105212545,0.49133699070826997,0.5095155546328315,0.5669570809582464,0.5039086463026715,0.6036174445026757,0.5520681827118127,0.6105987458127897,0.6771867817199251,0.5482719432178411,0.5589255092252593,0.46894488011391555,0.5891326021343722,0.5552442142303321,0.5861917109799094,0.45110874801957074,0.5489622478739932,0.5982222131297367,0.5245998320175852,0.5934588450126603,0.5786486410058442,0.609209855485255,0.5168936766876217,0.6130524612231912,0.5840830217310472,0.5168920616455918,0.5044408711619912,0.6530858423215221,0.5258300092161448,0.5570458553682165
0.5221756175586961,0.6042249105823022,0.0,0.5110113477253035,0.4894054057782448,0.6058772512458009,0.43774149939214424,0.6249733513724313,0.5340173618798577,0.6117631745601262,0.5115300384426722,0.48347856831666175,0.5856701476561337,0.5868505433401197,0.4620290623937631,0.5951506815907647,0.5769951682747055,0.5286713249175761,0.47176708202074924,0.506912145701327,0.6147343914126714,0.6077212972443808,0.42203863427424504,0.4768583606254538,0.5545062695986869,0.4926893925463068,0.48111298931723384,0.448221497940186,0.5526052105409899,0.4737145094431484,0.48300007055151833,0.5398653408568481,0.5101133950892289,0.4003816741507146,0.504321121788738,0.5810341221721012,0.5258649294809024,0.6095568906447938,0.44233301085199667,0.5457918515718845,0.5430447683279923,0.576097214991474,0.5018673023001634,0.49368247727900283,0.5466598616876164,0.48016543666072437,0.5164475148734887,0.5123143198722918,0.4629018352178262,0.5496876366969821,0.5313075755753282,0.5550775387685188,0.42978294659548727,0.556033353882426,0.49917189659161687,0.5724460440995119,0.5165017596439239,0.5878985359946535,0.5459114437840097,0.5298069954588136,0.561351041044778,0.5281292131180387,0.547015545945548,0.5260562319690134,0.46097576769995924,0.4726288513649172,0.5100607364251166,0.5440771482446893,0.5803727993686286,0.6064540978422224,0.5449507737111892,0.5097321452901588,0.5727251697159114,0.5983260394826005,0.6189478441209054,0.4112160029086566,0.4694071881611934,0.5136831184919056,0.4664995359804512,0.4600567663549852,0.5260330986268177,0.5335600269531694,0.554081033447963,0.5868967078291152,0.5615414774822752,0.6201361584635936,0.5389987804694325,0.5050261712770231,0.48931950240273847,0.49279252464109735,0.561829969994924,0.501679859031343,0.5134634448527763,0.43595988043782546,0.5684604946833393,0.5252505878819496,0.4976107633801978,0.5313695863670487,0.4971136780670678,0.531660466565651,0.46990837044822664,0.4970896695244384,0.481930547682941,0.5154142484665561,0.5849376294006844,0.5412565819231591,0.5421173971192992,0.5383847089561932,0.5147701967940614,0.5281764001855092,0.4610881902011565,0.5130313800604205,0.5803172570913968,0.5324620489004326,0.49145664673712125,0.5794646504918273,0.4799394921375461,0.4519574981332804,0.5848764375918631,0.5559891223081668,0.5020568872691664,0.5363278671670147,0.5082633755053891,0.5016784338833101,0.4819194442537919,0.5155335323549309,0.5776294974026338,0.5198599504301328,0.5881833264560908,0.5287478977898864,0.6211519215578664,0.687674399957232,0.48746279584344365,0.5009381795754037,0.5070093580300167,0.4228030676120771,0.4544083744356242,0.4906022771799101,0.5193566814537773,0.5058239041932193,0.4678718718916908,0.6062783456944516,0.5469328345931539,0.5632186103696237,0.5229846162377315,0.47526103934511776,0.5395787524011427,0.4813885074788083,0.6034765215208874,0.5271948851406228,0.4749436165693001,0.47557765775771926,0.5049979102754278,0.6010834755558627,0.551643331215153,0.5300027295960953,0.44301344954372435,0.5621714251108408,0.46258661287844105,0.4591410450346458,0.476503753893568,0.5231558153035043,0.5065603621496003,0.5027935465103776
0.4953169380165864,0.557145185064614,0.5110113477253035,0.0,0.512323985976195,0.5550256079641174,0.5768002171383444,0.5525618684901608,0.4965347497388146,0.5384339863058166,0.5554874042532328,0.5876028190321688,0.5102666502249377,0.5182069306520355,0.4908778551433613,0.5184637039240654,0.5035514311396835,0.4649413809728107,0.5199132732165666,0.44523517743547675,0.5853148545691574,0.522266219120885,0.48177285148985494,0.5199121973964739,0.5834048095306821,0.5251846665355634,0.5059698763281921,0.4544721160989583,0.5363282696817836,0.4741142704716109,0.5280706084083819,0.5173876386844619,0.5938100889420408,0.45725488859507635,0.5140724066162095,0.5732710007651536,0.569275262954941,0.5160243669981395,0.5057052059921296,0.5794426048655992,0.5297612705617939,0.5481719952333637,0.4678391226112309,0.5736250269113188,0.5312412411945892,0.4482246717256746,0.4361481937223648,0.5327950311942782,0.5240432883101663,0.4784949677823126,0.5856354212585544,0.5163875996120847,0.38958125412361605,0.6491450301639726,0.5927565673376766,0.5380661949872747,0.49936739336055663,0.6134787151770104,0.5081301344304283,0.5088579273065533,0.5419198457261549,0.46175008219920427,0.46625449844277184,0.4564296437673818,0.4280606374600184,0.4274690331594095,0.5683831164376653,0.4932023469632363,0.44388351349046706,0.5667945409227239,0.5003628410818509,0.482753067694197,0.5504405048328764,0.5949422961167743,0.4837217033313326,0.41054111614921457,0.5409567024555458,0.6051182307863013,0.43492245404518765,0.48946291475103715,0.44941910968614013,0.5619016986131568,0.5327467820542455,0.469297757454582,0.5691075405477477,0.516312368912362,0.5724085903505229,0.5076576270134662,0.47406066620748755,0.5230714671982111,0.5912382328384679,0.6019472436844914,0.5205624959744497,0.4354572458098016,0.5701596549225911,0.5704285459432491,0.4377321671686056,0.5321135566816485,0.4990567820347588,0.5494438310273704,0.5164460770641958,0.5178143010529928,0.5860269449152823,0.5205589584652358,0.520622900673991,0.46476318974989184,0.48630567469603464,0.49399192221759036,0.4795279457354417,0.540206857393928,0.6158419674913409,0.5320589639233657,0.5848634064002267,0.53166591074718,0.4555364634537569,0.5360584714331592,0.45657147798607484,0.4581190146093914,0.5659700150324487,0.5563672340393611,0.4883508879879635,0.5749324198927924,0.48427438048647603,0.5595184517397759,0.47917416671452,0.5511686640463179,0.531733017208711,0.5498660863205288,0.5386502765550162,0.4622195274786677,0.48587012186855155,0.5081316956900903,0.5186865942818598,0.5569305661450843,0.4955928175680725,0.3832279100326698,0.41751143533346474,0.5137375495777559,0.47916985329987644,0.535550972444562,0.4770964280103395,0.5397061972632277,0.5982694376265535,0.5372170696292401,0.5509340961340782,0.5020800275408362,0.51610384844484,0.44794387286406945,0.4944599832726172,0.43798826149982545,0.5591282147529932,0.4643685502094264,0.4939492530546397,0.5020682559090192,0.6099827652530503,0.539481554861759,0.47671634456268425,0.6215010233977688,0.5893004990335622,0.5380221480812462,0.41286421202930096,0.5429228730729488,0.5065008162738724,0.559019255912301
0.5092445140738717,0.5178408615066625,0.4894054057782448,0.512323985976195,0.0,0.44402438653819426,0.5289773893447587,0.47029711254121365,0.5926949425926336,0.468155667643591,0.5725680992508291,0.5248586391596451,0.45593635945132344,0.5512574002112106,0.5027919352869348,0.49657817276069266,0.47333954716746146,0.4802470540999872,0.46176634668926214,0.4752536504015011,0.5366094986411672,0.6023788163441922,0.4701091766178903,0.5077500295996719,0.5193681821982713,0.48324484176510224,0.5186376813267786,0.41233376244833714,0.5184987292248949,0.5081334582800231,0.5331455253762555,0.4646317468936394,0.4779138298434011,0.4058496189983453,0.6117685218163059,0.6049620403821063,0.5277342115042098,0.5679202792917207,0.5270275734433341,0.5247676436688999,0.4991914978171353,0.5663853529083368,0.4727478690399318,0.5595387759927998,0.4875174435488972,0.40956551856975504,0.43719163977264486,0.5408451851504081,0.5263494738421574,0.524781322328551,0.5146567411824703,0.45327922875658666,0.3780846805276513,0.5264878752174549,0.5421475995790607,0.49008827238826924,0.4874184288863399,0.5610296724403669,0.5078191685536967,0.4861192489233955,0.43690354920776037,0.4373153966058864,0.4278232706265484,0.5763391340957091,0.44069617354489554,0.3904468799254059,0.49865761518543666,0.4781728181502408,0.48360685955085075,0.515261337786778,0.5007085702213119,0.5324899080133744,0.5370224825333862,0.5057733493093967,0.44915672532762124,0.3790064689885931,0.46910946549912635,0.5738487537506908,0.40277318694685077,0.4200257181555187,0.39950076143739294,0.5665271290406854,0.5099960214817968,0.426644644158553,0.525815457721179,0.5089410092605134,0.4999075366010298,0.5114959611130228,0.41117723316621246,0.4976041988602235,0.658687999930633,0.5563212288064211,0.5450820401018295,0.40278576322229787,0.5726914125899983,0.5240158431450911,0.4128948844216826,0.46730834554980377,0.628452811143214,0.4440554952551498,0.532515125728507,0.452114697934988,0.5095664383818694,0.4697921685344442,0.5144068579399906,0.43073633134049694,0.42116275180653906,0.463179993299105,0.44439804853135717,0.49392391047085166,0.511586280655198,0.6057653500930145,0.47641349221883655,0.5230264158257708,0.42060414582890193,0.4831733508025661,0.4078322944030331,0.5121038033700062,0.46571629799037273,0.5377345173849318,0.6511508828079221,0.47771133074681854,0.47490423210854,0.48071503513192565,0.5689746460213515,0.4662387422920098,0.48504099222437586,0.5233684844281278,0.4723129621910651,0.48643570464324515,0.48849430246463726,0.47897729910411185,0.4772727488554693,0.6127975949915104,0.5276454068845189,0.4128799469164338,0.42237497610372066,0.5703985731625918,0.5066324765872017,0.5369103302343198,0.4164081400449751,0.5802552281232679,0.5493803853547831,0.5939421372159159,0.5663627489922467,0.5161443205464613,0.5919788034030165,0.3931853284851698,0.4944689474976638,0.46352861502617443,0.5345026388389824,0.43082219046322284,0.5734115749659202,0.5075983659853077,0.5009565951727005,0.5125295588091109,0.44158094968261136,0.47602465709433434,0.5344706339872545,0.45855763449078896,0.3725844904606104,0.5310258128944557,0.4811790456145574,0.6572196399029486
0.5423349539256421,0.6498988607408043,0.6058772512458009,0.5550256079641174,0.44402438653819426,0.0,0.4645169019290613,0.6216347470637612,0.5142077259252527,0.6355221705185,0.4888287657280865,0.4844778524655917,0.6165364737685298,0.5495809081856027,0.4887993055097849,0.5454943017018926,0.5395550477025849,0.5252697709584776,0.5131589570905778,0.4798081653804804,0.5765163170041983,0.5423105762311288,0.41407054687991657,0.4795614749496657,0.5666038123506798,0.45819964766866544,0.4480573776456757,0.4562654854917023,0.5588598027215338,0.474276755652977,0.5086757637743127,0.5816609617867465,0.5880733671831995,0.402947117833752,0.48605970248487,0.5132604729210576,0.5449561842956723,0.532052819850358,0.44380711563880787,0.5417921939722543,0.5419480541959949,0.5216782273153869,0.4914365036450573,0.5098318185133252,0.5209155395337263,0.5088546787826591,0.5039306059850642,0.5016475010137282,0.46670448530784064,0.5064081248069747,0.575996087485081,0.5713779216617179,0.4698039602221202,0.5927450177196446,0.5105599556639594,0.5940576679679329,0.5322651400344908,0.5471921430177846,0.537557845865145,0.5392680808483089,0.6625103466053774,0.5435575069850398,0.5720528407368883,0.4335972314443481,0.4806532129096206,0.5122504298336205,0.5145096501806407,0.5728815777019393,0.48259596366177215,0.6066485434721143,0.5549286373990848,0.49698667997216833,0.5188184305369237,0.6055319812038115,0.6103378973223987,0.47410667410617297,0.47973487033255685,0.506169548403724,0.470898330156393,0.5486461024523218,0.605427714152279,0.5373847324282577,0.6194103461351593,0.5861078919137862,0.534747589006671,0.5631703832034636,0.5471268611227037,0.5159485615283407,0.5557435062504131,0.495045531436806,0.5154114955429974,0.5254979654964338,0.5233861944064861,0.4935526248284485,0.5501880529885415,0.5530136714263728,0.520365133178579,0.5081057808395549,0.4544029352336568,0.5905827168882588,0.48777328914421725,0.5008948607336641,0.47363852361985664,0.5139818698745345,0.5707667312013419,0.5182105684073829,0.5538083186506864,0.49170314954892347,0.5377556877174222,0.5351412714971879,0.4796665559822731,0.46113049361224145,0.6474807722028988,0.4949862501986535,0.5214096765978626,0.5774808289520088,0.5398579597866431,0.43866097160881606,0.5524007506316864,0.5182321241039893,0.4593746170152832,0.5498791097085132,0.479558361516274,0.5881290407725492,0.4794452942901188,0.5861797185007547,0.5431770394950511,0.5032920422879817,0.5425573304865303,0.5080248991340514,0.5710012800831434,0.6090724071678623,0.5143007297348433,0.48828359091923745,0.4779651399404108,0.43486758600316544,0.464479102347284,0.47453620160941645,0.4536665693269215,0.5169267180952509,0.5567854888215057,0.5475280316331467,0.5753003507113854,0.49716822205547156,0.4964671928050544,0.4394386085307058,0.5071263842927338,0.5610483037905463,0.5366967943294071,0.4374191376424912,0.4949150321725796,0.5580447559123879,0.4589383148096666,0.5189046514654929,0.5565331487859415,0.5489206461375097,0.4821518495076087,0.6335606368827535,0.5132005942407379,0.5091802137597997,0.5208617120608651,0.5724773901363756,0.4955264939881594,0.4888681511816716
0.48978475630916185,0.5277742335934973,0.43774149939214424,0.5768002171383444,0.5289773893447587,0.4645169019290613,0.0,0.4606221927570775,0.4749479667078303,0.5081546493310828,0.5243223174206748,0.5694273192176598,0.47354659052983056,0.4985014095612825,0.5257192623254396,0.47546904279230656,0.4542495306371029,0.45293302464338,0.5067501148481045,0.4389105742626318,0.5132926310411178,0.4912362817439904,0.5160142291217708,0.5482938699092345,0.5547164253804897,0.4675757562064586,0.4921767751866024,0.4288986692662588,0.5338349351302962,0.4840338668454187,0.5589656239802098,0.5196068935767741,0.5146976742918935,0.4606065439498735,0.5198620183620206,0.5198448127760409,0.5706804513296406,0.4638522766244203,0.5466201612968812,0.5704392457445268,0.47227188533578085,0.4885340591739258,0.4618629451204307,0.5662806367039384,0.4986349173715394,0.4379139824760609,0.4261075450458658,0.5275510484974063,0.6144963995584982,0.46656003958649445,0.5767541903483733,0.44059651223362595,0.3830466473376344,0.5685863090696963,0.6334574933134908,0.48889352226881205,0.4905386695804192,0.49878112127984353,0.5304179903568317,0.5083474447134212,0.4719872815200665,0.43429897026282877,0.4088556377609091,0.4441184601791549,0.4355939180237088,0.4099737781359179,0.5492102952938803,0.4823850664773018,0.4094648900768633,0.4810047832217071,0.47659462053468465,0.5022794386928032,0.4777481843249708,0.5386147664938298,0.4200648168436498,0.43432272404332833,0.5570232398097206,0.6266341833032729,0.39976149055675664,0.48500492004493995,0.4048279127263849,0.5215233555082275,0.5259884241193001,0.4049742110986048,0.503177488070522,0.45183769745897284,0.4936446787927046,0.5392759087815465,0.45872750180230193,0.4992236421542104,0.5280893557578492,0.6037865391158442,0.5543707748010417,0.4478901631580587,0.5232965655375306,0.5345999154193921,0.40470899481603956,0.4580836515087602,0.49301343378295337,0.5088850143190643,0.5785085594648258,0.4934912914851273,0.5238239130606327,0.4624609430137832,0.47178629563823676,0.4270959347537313,0.4450822587987096,0.4361733303408394,0.47509912182315134,0.5391023494019778,0.6407796712758901,0.4991634486031543,0.5009180965130975,0.47479646025971306,0.423395317876092,0.46634274240832285,0.43674745231878964,0.5326974895182559,0.4582626170298605,0.46749129950762025,0.5037799449586473,0.46354618179796886,0.44657171673113694,0.5758719695297128,0.4861778331563715,0.5374406577833061,0.4716809116990132,0.5482226722606195,0.46505880679312367,0.4571169965160752,0.4341319652255319,0.43450209820638275,0.4981165954055574,0.4993016662119657,0.48683516628591256,0.3952562594801069,0.4246395426813589,0.5355624879441446,0.4574370968953798,0.5507071794164335,0.4411761062670383,0.5200609547847033,0.5886958051820583,0.4837539624658699,0.5380660493375887,0.4914760039671025,0.4829492959050829,0.4330139333360537,0.461479791870786,0.3879625230510197,0.555678032078612,0.45707461976676866,0.48494870503728466,0.49673014761387563,0.5138684354962588,0.527342278032153,0.5082761315694212,0.5313085967468946,0.6130471547409253,0.567821741522452,0.3867871751809058,0.5292971714419051,0.46744499608515233,0.5405379586417555
0.5531906574252854,0.5880615018416684,0.6249733513724313,0.5525618684901608,0.47029711254121365,0.6216347470637612,0.4606221927570775,0.0,0.5347030854715444,0.5856703834556287,0.5209533564255462,0.5284272645033923,0.6349736229053538,0.5405926500227087,0.5001169674184588,0.6262633374014398,0.569587015755305,0.5419481723298539,0.526635513898255,0.5284654036613331,0.6347433282593848,0.5475042006978308,0.4501470350267883,0.5134923240204811,0.6032119669949509,0.5294961726919036,0.4976999559260427,0.47506849355069947,0.5200538443087739,0.5015554063341426,0.5474268986891866,0.5851177795455925,0.5516956870136985,0.4420942847092311,0.5078470570261823,0.5743241403781925,0.5983081150267782,0.6123512859075206,0.48433514573334807,0.5747890339203209,0.5603053540805955,0.5225295411191156,0.5642163587990373,0.5186131581372234,0.635114362605131,0.5458093392638703,0.5058160612178724,0.5377057230998412,0.4963885041280708,0.555095824573057,0.5941230937181485,0.571889891114036,0.43078600230580355,0.583441439709734,0.5424307390334049,0.5599623190440227,0.5715917187183877,0.622347332672957,0.5352299802833647,0.583131532840754,0.6555218323835718,0.5441657179053032,0.5776694426500751,0.4784874987073676,0.474826158491304,0.5192677921929826,0.5459817438289815,0.5626406986731692,0.5268002414968381,0.7241972503254054,0.5757343055977108,0.5272801264048425,0.5372959517088751,0.6546000994675588,0.6070670938151923,0.4511587864993718,0.5213967733163565,0.530928208855386,0.5370502729255946,0.5013996562869553,0.5254263623474982,0.5585014931376577,0.5906806310337851,0.6212452194450265,0.5956703799775257,0.6503016038551619,0.6336424885139287,0.5446411309942724,0.5659147188346245,0.5287984758221459,0.5584317863304024,0.5233781845041459,0.5361109801142686,0.4800254345515963,0.5492048595941177,0.543532247487615,0.5232350570768576,0.5380359411168378,0.4744406189745058,0.5979404778644186,0.5069047658478729,0.6072759762719215,0.5171049443098008,0.5304965589875769,0.6196079749720222,0.5989064563958122,0.608926398985601,0.5321670671140379,0.5513567167142577,0.5455588453703281,0.49673296497379543,0.5226700470396778,0.5937094312908516,0.5413798259420737,0.5428195249098651,0.602781660584679,0.5132162658743514,0.4732589925121573,0.5374677622967898,0.5289063196872874,0.5029560911915796,0.6262174172237994,0.5082997466514667,0.5733298705582236,0.47313248600057844,0.5849118885943828,0.5514769500173081,0.6025831127076235,0.580907330358365,0.5438015962765684,0.5696361362634349,0.6431476040937143,0.5628378522015522,0.5020822603806884,0.5288037934199661,0.42339535610607537,0.4955751755071561,0.5154362607375473,0.5341037039083151,0.5890389937704197,0.49642290416742524,0.5672213468373128,0.5647472478778388,0.5226189181016486,0.5446920529639314,0.48854060815332223,0.5414876856104829,0.5189168491782477,0.5884093040234722,0.47305475807394926,0.5522497844340405,0.4929562886574814,0.5035911840805766,0.5626577630328412,0.6110873216237341,0.6108655335823405,0.48724167297505244,0.6411656545078007,0.48589831408195,0.5060706125845498,0.47436071261622853,0.5494044267563248,0.5183527483495627,0.5179855825804383
0.5638416201313904,0.5827263930671377,0.5340173618798577,0.4965347497388146,0.5926949425926336,0.5142077259252527,0.4749479667078303,0.5347030854715444,0.0,0.4976035846368126,0.5279430843681686,0.4731641858583982,0.5114771361935808,0.6262033787252681,0.5264163816670563,0.5116145969990725,0.4880335785164148,0.5375766555068471,0.4617600497547173,0.49764806649505977,0.538554415435072,0.6836920997618547,0.4182000513184722,0.47836742227950263,0.512217985140959,0.45243985649056834,0.49460349883554483,0.4150337993508861,0.5155103881194676,0.528968002527917,0.5505738374862248,0.4956916493625055,0.510482637792609,0.37500202518921566,0.5728555106664738,0.5554899740881267,0.5402467750214311,0.6179957157665935,0.49564544121551823,0.5154767074131095,0.5153279349992205,0.5788758241291729,0.48429837703022904,0.5202458906476224,0.48942051427097305,0.4439016124745757,0.4685648655359746,0.5090794873030686,0.47906650013906665,0.55688712757726,0.5364703660619258,0.4793270056502877,0.4365426756414809,0.5315820645859259,0.5024520112700258,0.5567449289044549,0.5216100433260427,0.5511598810695065,0.5266560175993767,0.5203702747442127,0.5023598317759111,0.5093920062841375,0.4838294735912636,0.5127239572539763,0.4957546261939278,0.4367365309897545,0.51322144911606,0.5594116483899717,0.5132153744131375,0.5947490577749407,0.5862710288453714,0.5560265224561359,0.5426164387900769,0.5330238190702862,0.5267199083666793,0.4156464253109306,0.4641743807979003,0.5245070990692675,0.4255339490083537,0.45945701430584357,0.4629777712007334,0.6333031831154448,0.6128693376693557,0.4870078787521191,0.526325705712807,0.5643729451816055,0.5375281398226265,0.5419047614140667,0.4535567991420763,0.5380815799643868,0.6083566332472533,0.5497635497774468,0.5499900570395155,0.44108455685665277,0.6255720903054885,0.5393564389389573,0.4864252579355569,0.4555969481671344,0.5805447053447071,0.4731332763725274,0.53933474695752,0.46824983648531593,0.4646560019250637,0.4585559981365253,0.5802265935009207,0.4586037725601229,0.452464013083918,0.4556751882299888,0.47526805209529127,0.48900550277955085,0.4576968137679244,0.5372852308245383,0.5296157990650697,0.5458493683219151,0.4589961974707378,0.5240764739720921,0.44011765992696444,0.47175520618939365,0.4515026445338311,0.5672790259389362,0.6050735107990519,0.5254376009871123,0.4649096266916296,0.5188693417022965,0.6201815619572858,0.4845196490313058,0.5248190777565586,0.5234753303238466,0.46000911411501927,0.5396868345296623,0.5863067494845184,0.5635646573112963,0.5284366988371327,0.6270658166281378,0.5194889277360087,0.4629807280177659,0.4440147006545209,0.5300657853908054,0.4696712771652395,0.5576468216379804,0.4655214947837031,0.6070995036612804,0.5939159758657634,0.5990894906836539,0.5341610771409281,0.45717806835094116,0.6567995641586863,0.44956256007036366,0.49845448185863345,0.45668046900119263,0.5237838253294604,0.48825162950998285,0.5399854311555231,0.5181152052539377,0.491451004088361,0.570747546743987,0.4636108339561842,0.5027571680370407,0.5272958615037516,0.4674014286819567,0.41880447411314276,0.5807764390711428,0.511962007951829,0.6118712556585965
0.5311560194756522,0.654583496127988,0.6117631745601262,0.5384339863058166,0.468155667643591,0.6355221705185,0.5081546493310828,0.5856703834556287,0.4976035846368126,0.0,0.5133541307138249,0.5204126824095842,0.6218142099856762,0.5733879132061442,0.4850933875097208,0.5977441806133571,0.5696670871972801,0.5319989475013867,0.5193575834811075,0.49036034568306003,0.581821620837595,0.5379757635736779,0.46760023761040764,0.5014685543346247,0.6323232721782344,0.4730132212667284,0.5026771183810508,0.47923293199004513,0.6643633374702906,0.5119591159523845,0.5151547752462521,0.6390968023479509,0.5366090785384018,0.43346675615598435,0.4971381390270553,0.5373851699385132,0.571331136659818,0.5439808575892208,0.4589289626613766,0.5948437658821254,0.5265144454735196,0.5372422480251738,0.5045742364781276,0.5096954080359153,0.548877264889626,0.5129433689138579,0.5170063687622188,0.5162911173979311,0.5269412456578492,0.5109655710930646,0.5757241043225899,0.5208518017378772,0.44253890429780834,0.5694505512392695,0.5585398196937955,0.5861074651577244,0.5337543612292067,0.5582001627685585,0.5877598791190126,0.5651273803173494,0.5810471368892953,0.522831249235879,0.5048333598961459,0.47068406659213585,0.46080246215574205,0.48457190420523155,0.5286568804959161,0.5520852009517501,0.5072450306081351,0.5836240599693124,0.5178449081594798,0.5267819986027846,0.5160592352407211,0.6245439896946707,0.5665904106140083,0.47781131175355285,0.5145529050091063,0.5733279832676598,0.46200245307666216,0.5440969361615515,0.5361794017742323,0.5047334405606634,0.6187112014129038,0.544917896281924,0.5495784258939262,0.5494725380161092,0.5290844337005476,0.5454299502263037,0.572155865364535,0.49440874581812544,0.530837905610549,0.5334641930696816,0.564541130869639,0.48027346212935307,0.5475136338895537,0.5584710479930824,0.4654841597866979,0.5199950519762496,0.4722812816955105,0.5959740307508847,0.5162456498976797,0.5198331896083445,0.4899333343845241,0.5329243632426702,0.5471649230414879,0.5287136230037052,0.5579526013379066,0.5302694185860434,0.561772010475411,0.5677130364301911,0.5045717183416623,0.4810152539158292,0.586203137908258,0.5283636877147034,0.4999817676338213,0.5704456258544429,0.5389117414477153,0.49940847658426674,0.5534336099370109,0.5225139670165897,0.478231750847792,0.5193354383511481,0.48749442468847615,0.5909076520512812,0.47263628396116053,0.6184251660458265,0.5412186954512472,0.5353396872806222,0.5813986823400419,0.518519638018392,0.581605721608868,0.5665438775971141,0.5210274431124092,0.46928269093703034,0.4810762276916391,0.42165388565843853,0.48257408620070863,0.49798292096916075,0.4978260096980245,0.5465372645469461,0.5031373152689488,0.5993439998709034,0.5822314747703096,0.5033189278334739,0.5299129554163203,0.4686890115914074,0.48853830099870127,0.5576452991731715,0.5978661218292599,0.4663159753576261,0.4915764707789728,0.543941561034751,0.4803309958585713,0.595818882401811,0.5767897338145778,0.544189803277875,0.49846293893859667,0.640632598273465,0.511545894390077,0.5437261600287209,0.5065806645574312,0.5690490407133497,0.513327271378924,0.49141003247145326
0.5330974002588312,0.5266109296111201,0.5115300384426722,0.5554874042532328,0.5725680992508291,0.4888287657280865,0.5243223174206748,0.5209533564255462,0.5279430843681686,0.5133541307138249,0.0,0.5954543982464358,0.5287375204211842,0.532410943260038,0.46174331611838476,0.6085043383061731,0.5479092677572718,0.4904306536633344,0.5318008069956471,0.504390334150209,0.5574225423913677,0.5713318940612688,0.5340582501313567,0.5326888967853152,0.6031653347505121,0.48894045136228065,0.6190051488590034,0.5145542658885862,0.5609365021459725,0.5716530320475554,0.5096294942452784,0.5328682988055691,0.46470088539150123,0.4636328222337438,0.5611686483297244,0.5419197778875646,0.5959487365501518,0.5561620803102855,0.5179167925895068,0.561046824534671,0.4638258034268418,0.5774585613950797,0.4742531505951479,0.5253758158501121,0.5249954795607533,0.42462213638864355,0.4077734366205509,0.5772237793082966,0.5918377207881349,0.4908734107455692,0.5260426833971203,0.4564896947310762,0.37073946446224276,0.5416890346152637,0.605296035727725,0.47793503167782525,0.5188082142669596,0.6475614625496929,0.5033396143318076,0.5064028284777741,0.5043356674198476,0.41896191874913224,0.43889619898715293,0.5033591598558299,0.41095636021656545,0.40432163843653335,0.5214482743812406,0.45820135531337197,0.4919128259688372,0.5909179678903805,0.4667522434077802,0.4964219018279483,0.5645065531725589,0.5663546868093053,0.4981894062449568,0.39597159556275013,0.552168287297224,0.5716458777066115,0.41283585734845396,0.4558294363970107,0.4031160452072014,0.4995204242332484,0.5056699350743797,0.4581920767139798,0.5405238947081157,0.5079751390421059,0.5773035190963846,0.4984704441396032,0.44933118014643575,0.48309864158287136,0.607816745525386,0.4907093193545066,0.549796002099883,0.42969189263940755,0.5268689066365131,0.5019011520941502,0.4031941238363369,0.4672597402543815,0.4956231641343876,0.47609830801075204,0.525190849339832,0.5086013294392909,0.48318686380075704,0.4567230323542902,0.5021910185514543,0.44847173866971607,0.45108461332362165,0.5249608740138225,0.4405025555534073,0.5425644104348158,0.5734048814267081,0.5381116989354241,0.5136411911174275,0.5756195547632347,0.43168810353483483,0.5377063592192299,0.4354104579388923,0.567498557639552,0.5058842817152647,0.5185301922836283,0.5402303748618632,0.4743827290955475,0.5025995243208204,0.5020015735280648,0.49551530470762745,0.5040386690233832,0.47103016767041594,0.5407436346814876,0.5093763578204932,0.44923936333851605,0.5036984344728813,0.4995552892761925,0.5716115391593466,0.5430316329124425,0.5297429854841763,0.37905987845562894,0.44015508546927007,0.5071567973581753,0.539592934648322,0.5316732520703943,0.41527832927458186,0.5877629232464916,0.5311403501095002,0.5158402100229286,0.5552601358402146,0.4924791513527358,0.49658265314745265,0.40379406943712426,0.5191940288348876,0.4833510720153845,0.5683233544012083,0.43169629623463457,0.633331652643104,0.47594029300792984,0.5253101867817477,0.5252035392005069,0.5543620531966964,0.5203800754309217,0.5307489558607467,0.533055857555972,0.3711638582390487,0.5320855173684906,0.4505120830476447,0.6654249418891269
0.4893409574269724,0.5314450749017466,0.48347856831666175,0.5876028190321688,0.5248586391596451,0.4844778524655917,0.5694273192176598,0.5284272645033923,0.4731641858583982,0.5204126824095842,0.5954543982464358,0.0,0.48659381816106545,0.46350363061913036,0.4858315918034898,0.5455733230637643,0.5013325511662814,0.44942473404872024,0.5776248408721197,0.48287880625186796,0.589559957513904,0.5005359024464667,0.5612786229845312,0.6096681668781432,0.647222612995326,0.5214540975143716,0.5161683106916036,0.4713350829917096,0.5393302745842671,0.5028109216519211,0.561398987945698,0.5134750731243759,0.4958999459959185,0.5394803843899321,0.5289865826803632,0.5644294000180019,0.5868713307985197,0.5073831814895104,0.576217627287732,0.5650911412026337,0.5014554547394076,0.5138244626833333,0.4890256470523615,0.5751992157664719,0.5715566114215007,0.445014232934167,0.42229608415910674,0.5858702155716699,0.5951770853892724,0.4732457690475318,0.5382370600684696,0.47356748333067133,0.3610334917938834,0.5812814262427636,0.6340325244833493,0.4872769022423098,0.5078356439835207,0.6075732033356561,0.48558601996653605,0.5033553759151264,0.48982257398141793,0.4127343921114762,0.427672577283568,0.47470213871356565,0.4095829778245863,0.41019311064708036,0.5242020160307179,0.4494157856957277,0.4276099781220978,0.5289854894706936,0.46265729918103643,0.4813391817583639,0.49246403373258746,0.5486555498702667,0.4500760923738226,0.4030260981737836,0.537584107155907,0.6021582210914455,0.4412270096987992,0.46152212505933915,0.4068079238106774,0.5042270767041235,0.505621464907515,0.4409332825591709,0.5461725760321894,0.5105659068638946,0.5499385104567202,0.4798805994655863,0.4587725111040239,0.5141028224197083,0.5389138878065197,0.5430748612793511,0.525235378858821,0.43118066733360716,0.49233133770561005,0.5433368293884141,0.4079647158262739,0.529978973916678,0.4736008146463548,0.49891013074606483,0.5265392282979209,0.5306237550070777,0.5440766645179297,0.5268979688651864,0.4812694200242282,0.46584625086285575,0.4724737174571192,0.5215866032318285,0.4624644932375158,0.6021528324303096,0.6935270260793559,0.5385407030958035,0.48984516532645705,0.5065335825273309,0.4347747878465695,0.5062799900080338,0.4467412602569869,0.5429674358013329,0.5159615370571379,0.47535401342088857,0.5053798563218901,0.48427775090662456,0.5054705046656476,0.5352774961615455,0.46166211844133814,0.5614616105421522,0.45653199105823694,0.5948374860207302,0.5541028349559005,0.445086240727639,0.4601907965694237,0.4670013936754513,0.5063429789006345,0.5122088144826515,0.5508836626405234,0.37400196640263833,0.4604294958345468,0.5278474178568255,0.5445002399528823,0.5723578819450627,0.4213456825005261,0.5235409315331752,0.53118730979559,0.48968027048554297,0.5831303835809409,0.5253867466394926,0.5043244556662198,0.4161076518218819,0.5392983108725008,0.44802213308337585,0.6049385641559132,0.4304574575873565,0.5338350694093562,0.4988742998277905,0.6290515770567533,0.5375824231386253,0.5032868845851629,0.5732894164161797,0.5185147241775651,0.5028139337004691,0.37719038707923325,0.5180179902256469,0.4713142180067862,0.5695216248965087
