0,1,2,3,4,5,6,7,8,9,10,11,12,13,14,15,16,17,18,19,20,21,22,23,24,25,26,27,28,29,30,31,32,33,34,35,36,37,38,39,40,41,42,43,44,45,46,47,48,49,50,51,52,53,54,55,56,57,58,59,60,61,62,63,64,65,66,67,68,69,70,71,72,73,74,75,76,77,78,79,80,81,82,83,84,85,86,87,88,89,90,91,92,93,94,95,96,97,98,99,100,101,102,103,104,105,106,107,108,109,110,111,112,113,114,115,116,117,118,119,120,121,122,123,124,125,126,127,128,129,130,131,132,133,134,135,136,137,138,139,140,141,142,143,144,145,146,147,148,149,150,151,152,153,154,155,156,157,158,159,160,161,162,163
0.0,0.29383487059831054,0.29908492527132,0.2540212569468517,0.27117613583967254,0.3130295117191879,0.24299867452859406,0.29324821016619357,0.31722244277276634,0.3238003948828594,0.3068895901021426,0.26796610109904806,0.40865674517170214,0.23804742406232246,0.2895495016801767,0.33436307693711886,0.35001208599522665,0.37873417505158924,0.285446777415854,0.436388330167077,0.3255132551598097,0.29832761910079547,0.26328314271535186,0.26286763264862023,0.3897884835838659,0.242939302711475,0.22866826891310768,0.3316229823116574,0.2316399533123149,0.25891009430002393,0.31655096065782695,0.33738435448571014,0.24127531990739642,0.2769963477608933,0.3468990565838835,0.2395183889244105,0.38143272500606074,0.29749991583842683,0.24184970498156824,0.30628638577182593,0.23872777324350206,0.30019784052113524,0.30473031723096006,0.3180270243826062,0.29147840110076445,0.35780312702573597,0.2529027623202278,0.3034540288954492,0.3271154740416549,0.32397753304865073,0.3506779859959642,0.3265366642703751,0.2511190718741546,0.2763839793642835,0.25613448850593745,0.2936620833878038,0.4186602789262576,0.2882722857758035,0.27894038571547286,0.2858542385990705,0.2984702895407802,0.21091812732679854,0.3120138805435007,0.20942900361689107,0.2802969896732287,0.32707009023632455,0.3037102254800495,0.31596472218639154,0.26950835250675664,0.3253251702840413,0.40297557269012874,0.267386045987306,0.30903908370532157,0.33708004708527395,0.34209046179684427,0.3105290022271764,0.2530544013315039,0.26126346812442375,0.28983646136071184,0.2407407972935255,0.3053817506113048,0.33088326743558877,0.31831622381139046,0.28315894210278736,0.30859525082369627,0.3388361325706366,0.29936189504399435,0.3158801790562523,0.3484174073373616,0.25822759353832747,0.34015598719521206,0.26624204470085033,0.31115932859965395,0.3233331043814244,0.32563919664090657,0.27996072388835697,0.21363962130649894,0.2685882122712228,0.19711103428864957,0.32860253306452997,0.24438671805330137,0.24657190198260132,0.24616344936403792,0.24944170245679217,0.31354826942648406,0.33323931696591735,0.30762842538416846,0.3481163307779205,0.2938648530028775,0.3030678703629756,0.297349426343171,0.2960623830066917,0.34413933903756355,0.27347021830088497,0.2868931769990866,0.3181165217001086,0.32483600241661686,0.30232973245387146,0.27939788634967333,0.24113348467139634,0.27240798754493634,0.2345124240210626,0.2932904313837908,0.3883599505091096,0.2665422640221626,0.2770483160057563,0.22795761739874196,0.2140244792585206,0.2577503349741482,0.29430883681175257,0.2585148923077222,0.296535896911505,0.2449645618135715,0.2733563602874063,0.28850460810037915,0.29500504172098585,0.30781124162689255,0.2806171066471028,0.2795325351888469,0.3176859772466227,0.2446683356165919,0.258255010641319,0.3483315962762179,0.26160598703299304,0.3075514775244502,0.29349447846197035,0.2960460202826318,0.2790414427424466,0.3817094107926418,0.16110866354683379,0.359290132796781,0.28521738621013204,0.29414431895318777,0.2216191872318649,0.3184510987845765,0.3347231556623504,0.27059319520192804,0.3260025961728348,0.2562445123260688,0.3092758233698122,0.24836367857550265,0.32012070534130777,0.228714291003705,0.3785270190864136
0.29383487059831054,0.0,0.2891808869226203,0.255404621904771,0.236397356273337,0.34356757741047844,0.2582172221943608,0.33087792401262395,0.2671681962440369,0.38528457898204777,0.26159805557372096,0.28380831177613497,0.3153638420981305,0.2761306852190471,0.2882338902542809,0.28467574034255083,0.307916313769256,0.26250060438746636,0.2553099372647179,0.30963330321015364,0.27099186318683455,0.3201319160847172,0.26232645111237696,0.2849568418753997,0.3024694560189087,0.23637695108406534,0.23301392986296218,0.30125063437140015,0.33535835935324404,0.21498787101285102,0.33216090722013175,0.28677678549871194,0.30523654809199474,0.256964597258062,0.3323897576096788,0.26120568113928233,0.26729612780384066,0.28492589455888495,0.26115744721389617,0.2871615476084677,0.32180292300043045,0.2705643625400537,0.21132244316640372,0.27063511678580826,0.3473293352052412,0.2705115635818151,0.2615706369735447,0.23979878311678174,0.28114645323572923,0.2730820022902685,0.26318043021657306,0.29192895986497175,0.2749138582522545,0.31613363566740205,0.28574526699587427,0.33019251412284384,0.280509602671288,0.2508960553649415,0.2714344401856437,0.291844697155641,0.3005641788522932,0.1861059662831875,0.230050176134571,0.21231249307469038,0.22374988496199202,0.22966513080731965,0.26986998661250305,0.24173142468868675,0.21906183695015483,0.26468174402160843,0.2714386426414471,0.2930438963402297,0.23331623813480312,0.2922599619148309,0.3105539985485387,0.2553396062095795,0.22362397423241293,0.3135590568765006,0.25201521380775954,0.23303047898051785,0.25384329867390887,0.26018838408176603,0.33518998774922076,0.27279905548364497,0.25764605132490526,0.39608450170021847,0.22603576699232666,0.22835983426384293,0.28774509206633214,0.3003358930863341,0.23985743442508392,0.2796467246465534,0.3060313456920661,0.2727878968351106,0.27834730713707106,0.32576776780190736,0.22580098657383185,0.30173028456268547,0.19510913612875552,0.3393866422762027,0.26433886115302496,0.19340764080384817,0.18878966260150234,0.24656664750986268,0.2547082864989839,0.2902239294381575,0.24706304020770456,0.36334666014519057,0.29393665246956135,0.3133909531970133,0.2425792792954857,0.2393973388619059,0.2723402777282028,0.23848837698306616,0.29721306634847616,0.44316009482956537,0.2957326705659419,0.2176469114975401,0.2649038441972528,0.23693517761199856,0.28968494497676056,0.22764992529144756,0.2734967146138576,0.3263640951039026,0.26435684317228586,0.3505334922695282,0.228906898245965,0.26247834202011244,0.3298165689038624,0.26814517448648956,0.2976415724637453,0.2508789643397092,0.23186349872085826,0.2942270491084874,0.2567276229925268,0.24648084872523246,0.2951145646522852,0.3184573857780579,0.26410318948304573,0.243474410007593,0.24527173886831122,0.2539101785400826,0.33999623523994454,0.23831398619572058,0.28863785988346446,0.24431941421477096,0.3037695990230092,0.27646947730084165,0.3451556518411235,0.17219597286749966,0.25343662545448237,0.2733460699231133,0.2433513187156557,0.2580332970779068,0.272523559078918,0.2715346105912417,0.24808605985316232,0.33174209710401104,0.264748648463999,0.25136946589522197,0.2605535669852011,0.3193785044670679,0.21408589383399051,0.2736994305269647
0.29908492527132,0.2891808869226203,0.0,0.2601945288743906,0.3020258088283827,0.26754019856933003,0.2535979104375769,0.2845012965799727,0.2614509426551541,0.3596459431738712,0.3162311152292916,0.2568041580571665,0.31118820128844926,0.2231355148205952,0.3036418857924517,0.3313471444952545,0.320325915287364,0.3169304513375276,0.24537280570035308,0.2571200951911902,0.3435183576424138,0.45997472407787277,0.2474067311439775,0.280770613339277,0.2931931548441182,0.26582055719102893,0.21988344430219436,0.2780412442811264,0.22867167977949296,0.2305931047405826,0.2507838750970758,0.2610148750202986,0.23852993388860194,0.21332608320169827,0.24091948238777758,0.23699131863775091,0.2945889682871598,0.2684246928949025,0.2467621684407587,0.28148758019783016,0.24706678739773152,0.291820374499112,0.2689588170105659,0.25440495908580063,0.29644364192773626,0.2792016064802044,0.2329376999551462,0.27822689329932937,0.29291380664212147,0.2614360940822979,0.29636110946046623,0.28157791680414596,0.20135882752908024,0.3135018413309083,0.2583964118264755,0.22506443255364791,0.26786676402237963,0.2742014056741657,0.2693817825719346,0.2390198852978052,0.25766593144908856,0.18196125525564816,0.276696280691649,0.1976705662466842,0.23497889071535652,0.24734287096766872,0.2584069278003154,0.3232314019560032,0.29884227889360393,0.30260233542759085,0.3290626537052895,0.21879234982930726,0.2324289541814201,0.39959857518576547,0.28907121126846824,0.19244445467015858,0.2700661861412768,0.27061339176687443,0.23540404257541314,0.18253138584708462,0.2471805841609856,0.3149943499295339,0.30747724033216134,0.23823925772290094,0.23612214117073416,0.3355697693063812,0.21754769341830613,0.22556341942659466,0.24101177726499404,0.22321514785454988,0.28858050334743585,0.21271141625738724,0.2643016782367072,0.20509894044408183,0.27727069787786335,0.26601964481786966,0.19972672141412737,0.23616303682912562,0.1730214537738349,0.26352547067456705,0.19828319859123408,0.23470183817908014,0.20650529717269422,0.26571075949522105,0.2393978361012866,0.31045423087954377,0.25369882177619285,0.2878141271492077,0.2575378375956923,0.3023207682950736,0.2552807578150397,0.2302272091026981,0.244525314766001,0.22596139723463693,0.23286821795987653,0.30812066339954475,0.20917964319453008,0.2898533438964878,0.26783035067318656,0.21160719540970377,0.2625620764297179,0.20779723785864598,0.21164308959397735,0.30623718649764026,0.194826831007756,0.2832369442514984,0.2062136622290498,0.23718922676583662,0.25811763195316884,0.2696303066081024,0.23132143385418538,0.3369068428607748,0.19185909882683527,0.21853100877248455,0.2839361917650635,0.22458916921421246,0.2211806706256608,0.24826829855280674,0.295975403886658,0.26145769186366563,0.2261654071195217,0.22116747479016347,0.2736862639145414,0.2495052957402196,0.2545020160899741,0.22412008886211485,0.32306760799993767,0.26982770102264203,0.3238092777031141,0.15633590567550446,0.23539510573858882,0.2036400104357457,0.27525071831780734,0.26790876311668693,0.29154160912231064,0.29154111893914936,0.2742129774817898,0.32583050813356706,0.19543168671831057,0.2303984855187402,0.2666758726438145,0.2016900423346621,0.21743479222400122,0.30706477183421527
0.2540212569468517,0.255404621904771,0.2601945288743906,0.0,0.24848446469207885,0.22693653091237598,0.3003458675117129,0.24989446047080655,0.21911585957148222,0.2697668383161585,0.3043749066711465,0.26563807808858764,0.2536840293507471,0.2263058454691002,0.3310142507552239,0.24530127291756154,0.2734405885370802,0.2713261358769736,0.26342750120947006,0.23708263837090376,0.29926317703392474,0.27513648732519697,0.2723435042993097,0.2545842080246355,0.2718296078071919,0.28186151566260853,0.244292501439542,0.2678856968645376,0.24500306377683656,0.1878305863281431,0.25398299036706967,0.22606738527544895,0.36638486291038763,0.23581022768567286,0.2571510114322881,0.26244398296811944,0.26683659175832014,0.2605775576796254,0.27955650891023726,0.31186461095854107,0.29348599081089266,0.22764739184520133,0.24961723574149527,0.29550292759426,0.26909558490456964,0.2775537698234118,0.1768614175951435,0.2698355937505447,0.28868895418969465,0.2559051662104197,0.3404919332574659,0.2749371591671524,0.2274429404558679,0.38700712747133165,0.2975463164154225,0.20262428776250727,0.29629895674657275,0.2623137510101107,0.2739452254330311,0.26212295726897883,0.2823570147679513,0.18262194311480465,0.26168467301751835,0.19382502334974364,0.24722615414444177,0.2603053734201457,0.31425976829378954,0.21880127815018144,0.25425578248999664,0.251184424652047,0.26475317995445713,0.2357524601554741,0.23479533372305744,0.36966964683183196,0.2574081206990923,0.20048797352246087,0.3002693469078604,0.2791191211030048,0.2530216438437367,0.1786318828734043,0.22330507928067175,0.32127314488246217,0.23794800293672025,0.22353709475687822,0.2823793127257121,0.2555496662403366,0.24627179330460852,0.2662077645902461,0.2428590375629743,0.21675475542685854,0.29585858716238833,0.2441367127382242,0.26060969302525266,0.22679071055152425,0.30087159071523606,0.25460609523358446,0.20035590193969682,0.23646652775639734,0.18616923928554238,0.27116575615805677,0.2312220189596818,0.24789850653409778,0.2915198059096147,0.25275045412163355,0.24938033267378354,0.24615649839256776,0.2685383669350708,0.25347546258992704,0.2722901867668938,0.2417963782463671,0.3106252958742101,0.26452703749373463,0.27169030985273485,0.2640818915103468,0.26129030468592834,0.2525581215128528,0.2324596336258436,0.23249945175789904,0.2784730884019701,0.22491935827542486,0.2635925086052223,0.2594210009084232,0.2200196506245629,0.27926923803435477,0.205638003999078,0.27117741320903443,0.217722573291468,0.22871664987130605,0.26568776001462313,0.3042558926230397,0.18654713853489294,0.25488368505003955,0.2267987532559155,0.2531498131584704,0.2815936529443957,0.21371881572597543,0.18445109513057376,0.30113296780920684,0.31317911837809226,0.27873564918927785,0.32976678753253763,0.2127048554180608,0.3050191191305592,0.2591778934887947,0.2658978267052609,0.24089021593274276,0.2607497478402745,0.249975119569832,0.23855486779901644,0.14999631783048178,0.3009467470271177,0.251245467749122,0.2973965238177297,0.22436051616433098,0.2939300790296286,0.2639880644806505,0.2430424990372182,0.28057488362285693,0.32294286167610886,0.23897623511170998,0.2503409204565646,0.2269481612599523,0.23978535438582974,0.280989576576328
0.27117613583967254,0.236397356273337,0.3020258088283827,0.24848446469207885,0.0,0.21002893071786674,0.3011333998068936,0.22859276017127553,0.23211513008406875,0.294824650220607,0.289121979657586,0.2428510670407076,0.23327420176644834,0.2130839821564462,0.2612703736870389,0.2790937913590108,0.29872774621252335,0.2975419384147636,0.22769051228108242,0.2307951765897222,0.3161336671611936,0.28860546309045676,0.32005818552488197,0.25042353010912194,0.2786140412907164,0.2494104540848559,0.23358554548581764,0.2404942194890676,0.21085752112136352,0.24582453950224936,0.23361477191575022,0.22032917693429024,0.2122422563950859,0.22746955815487008,0.2747033707561752,0.24780476374383614,0.2661454757184634,0.24820973654108,0.24370467626119577,0.26317255329129413,0.24029014477217917,0.32389339760913183,0.2591255550410567,0.2737519884551683,0.22182445459928973,0.24812223345926887,0.2414726098618563,0.27294602856337263,0.318234446884687,0.2516896081876072,0.283206886414449,0.24874053913762312,0.21675642016062138,0.2467885959880686,0.2370772791379506,0.22059400129428336,0.24262772463643545,0.3017793308064851,0.25539220426109516,0.2247405678764406,0.20053385680222818,0.1784781801136182,0.23112266253925798,0.21825109341097737,0.2335842909556599,0.20543025064727463,0.23588595137880333,0.2558638244000276,0.2518425028113452,0.2757824007015021,0.2629158893443159,0.2258000594815835,0.22533704835468837,0.2840598927241135,0.23101018347635896,0.19723237289140375,0.2500974371144151,0.3655258405664258,0.21971663817359707,0.19176924698046238,0.23602544018977406,0.2895404179468547,0.2810694343162312,0.19318995269359004,0.2509323895364808,0.24150668632221056,0.22347869216141666,0.23159686183406392,0.22144247675848128,0.20970872172814528,0.3881229381228436,0.256963480522564,0.28743956863909276,0.19231523969124356,0.2895085462625641,0.234837835190445,0.16464850053841884,0.23104360115148395,0.19863349514815118,0.2246706874347149,0.19648956592567837,0.22348003583639292,0.24961299946902296,0.24469899472398698,0.22092379188289005,0.2594915883367887,0.22645759273746785,0.3140127821908732,0.2718489583084303,0.2720481996167727,0.27426141213558264,0.2766503995508755,0.22525482949922324,0.26644960546663893,0.21168170342793477,0.2547049068790954,0.2196611502977052,0.26310731890780054,0.24646385147459535,0.24172143182424938,0.30115007594058074,0.22195321887517785,0.21361623042153993,0.3031939701994058,0.2064475594234734,0.22225625307265187,0.2092592777011728,0.21552649682424366,0.23336506478839944,0.23200092111682977,0.21971041184117132,0.24422552862216906,0.18560424415264787,0.23306333775931473,0.2396047760256747,0.2250393290283892,0.20831535974670476,0.2652348843077496,0.2638473719516623,0.28220877278810913,0.1970531681879385,0.23044019574874805,0.2996614899320761,0.2574900195529045,0.27581546705274745,0.25337010890233497,0.26653869342037356,0.2629058540870601,0.2665036835618468,0.16623031789021858,0.23109492395207584,0.2266712044388846,0.2937903689377435,0.25313648644779163,0.30362648524607344,0.261262917498922,0.20754826885953773,0.298841917677681,0.2062827520132757,0.22478170692042798,0.23289434160375283,0.21871929302883086,0.2558168115463303,0.35492887472535595
0.3130295117191879,0.34356757741047844,0.26754019856933003,0.22693653091237598,0.21002893071786674,0.0,0.20747160623120176,0.28366663205459897,0.2792387914345774,0.2499636227551287,0.2605985193839546,0.3061985080294755,0.3156748509794733,0.20443362869047124,0.256874505259453,0.29840522553134435,0.2705812554069754,0.2131477643310842,0.2790749029698849,0.3143486359548064,0.28069726402252304,0.269352581433957,0.18636745052568293,0.2208749325049596,0.29389452377709,0.21714702422714907,0.1912153787310744,0.23883212193289513,0.24591402626193912,0.23038847919325936,0.32813729273310094,0.35123960058333137,0.2825760950805787,0.24156272012079338,0.2814070356253392,0.2365478062362287,0.2823002278862091,0.266328428227393,0.2464200924248597,0.2104450648299183,0.2582064326975666,0.2570533890396184,0.23810891152339064,0.30549894959063384,0.2711174982880179,0.2384856064571914,0.23870461495672404,0.2653505208577569,0.21193993751938664,0.27989245120253964,0.26850285879485125,0.32463590471412596,0.2239965297764133,0.28533295235880596,0.2551805110466912,0.30489557887211266,0.27772648305407693,0.3224415837615617,0.2005230495756672,0.23754756855095344,0.2921133438579522,0.2171387884537647,0.28555045740536017,0.1829434558806231,0.2220999043653022,0.24051362043458174,0.23851003709028956,0.26367053265327667,0.20058235219923423,0.2503488423296842,0.29332308226636544,0.2206040498477765,0.25485400262755586,0.25846673390458147,0.32480005364780684,0.2428686440622149,0.21369623927613662,0.23771777955519727,0.2368736447531801,0.2640725024363329,0.28545753053580286,0.2745207656270518,0.2731953585553395,0.2745907003505334,0.2608568835624488,0.30746256263929406,0.2789838504862054,0.23203172523142288,0.28302946858999184,0.25521121254779533,0.25227926706461506,0.2956093635492464,0.2731714730674765,0.2565818956562096,0.2298315792159375,0.32031080714624305,0.259496238982368,0.3089708068392249,0.18896183113462992,0.2652079122718963,0.22312742504132624,0.2024293949599752,0.21089639034919375,0.22996071389345754,0.2902776237974602,0.30274690023894346,0.26484935081341837,0.2630374472730006,0.22502280480600037,0.26684446459912287,0.25881132676601726,0.23132282618981584,0.3183159989722286,0.23866049452824667,0.2531688040555878,0.2963132310986973,0.28351973965986726,0.213013752286474,0.27665236657973263,0.22139229141017938,0.24713798688480382,0.23886899688140997,0.2886886921808388,0.2934725069949448,0.27658891445964395,0.30869550248485933,0.22965501722610232,0.22418834255173953,0.26963631689831746,0.2201301549500824,0.27510461364922734,0.32527795846107804,0.23285694525347184,0.2859536596168885,0.2662419068157203,0.23231886243518735,0.27540250069741934,0.23111576853154653,0.20975729979958416,0.24211665005592128,0.23558484255684192,0.26316408078258935,0.26318265878149344,0.24808612350308817,0.2724017090374976,0.2445106809419933,0.31482603490065936,0.23721326641844503,0.2970527804265434,0.16777645251978301,0.2692497016133487,0.2434252963027243,0.21024106623319058,0.19590006879814398,0.28698759609038865,0.26356789712469136,0.231290628893498,0.3007442487964042,0.22131776675464016,0.2559368098567113,0.19576402057516626,0.3154563263545579,0.20257354801325672,0.25979889483605423
0.24299867452859406,0.2582172221943608,0.2535979104375769,0.3003458675117129,0.3011333998068936,0.20747160623120176,0.0,0.2143043573483841,0.20355444884765372,0.3030472921319584,0.25819229877897365,0.27590009975186836,0.24755863799604536,0.21591826754512033,0.3327605545271017,0.22326378684850276,0.24282327991539931,0.25891021870894476,0.24748629683467396,0.20387245168136586,0.2643285578037436,0.27496903860213473,0.4003042900338008,0.2975408361270461,0.2911945057032046,0.25541421748068593,0.23434857829934677,0.23995649010316228,0.23698949603276961,0.21626572590706583,0.243200046736463,0.2297286232422064,0.2536996153969989,0.2571384080808791,0.2348502077045035,0.21254858244713498,0.27753407967239385,0.2053219357608033,0.24349803686211513,0.3132069720911556,0.2592395932962464,0.2680053257891403,0.24138868723658483,0.26639512793201925,0.25726217963239295,0.2569875639197295,0.23439210907196117,0.23474229791417006,0.3839157634941503,0.21103690454306204,0.28588244132240104,0.23183191843499146,0.1958739989892567,0.278119512486785,0.2643142426823803,0.22639177553761283,0.23008475265556155,0.23823512542602132,0.2899886288442024,0.21791357423975327,0.20048169759785398,0.1670583440925443,0.19872497006670367,0.1999314083322415,0.21920475724648988,0.19794393917143888,0.2756491369777592,0.26229047348456436,0.22937249318698927,0.2281022698587943,0.2461179346873988,0.21309560322479723,0.2024922578290112,0.3004162200610747,0.18962547231597385,0.21355841772461348,0.2982795255099151,0.3246191542614303,0.2068825663146063,0.18784291846737317,0.22022584662230463,0.2639419458629868,0.26097025229106496,0.17568559490891777,0.22327631159236005,0.23236829217937047,0.20235522393456734,0.23180399890795317,0.23095272910800344,0.2119782485624729,0.27688966891058514,0.2782175426022528,0.2498522368196584,0.20523091773901522,0.2551569114027396,0.26245706600344426,0.1594801795534733,0.25952989362346507,0.18406380932235858,0.2629459397770291,0.20919335926575333,0.22990564959519424,0.25943711703333666,0.255597804127715,0.19176494191902238,0.24500430802134518,0.2102185800653073,0.27635466215606314,0.291983591616956,0.2857038999093705,0.3256645543840202,0.22588367765488235,0.21904044474744197,0.20931192701809137,0.20773688166534554,0.25359079788035804,0.22345774887087327,0.26619392708179485,0.2511577479665858,0.2008213304071476,0.2419687016293156,0.2026638440497875,0.20080232014508279,0.3076345798800934,0.1921969941928273,0.2653154371957302,0.19246750036323623,0.23668607965719715,0.2239547377791024,0.24540360482056006,0.19149864163969987,0.1974826482476288,0.18316939798320558,0.19914926422495352,0.2216950678668545,0.21749345860272673,0.21131163435239128,0.28231565074569903,0.26405548184233,0.2578529859356318,0.23158707670362305,0.19914795341364647,0.28142266044649555,0.21009001870025398,0.24707843621294068,0.2780526938605673,0.24378068580329898,0.2699743098724025,0.24467329314114883,0.1435218399615058,0.23430898924489493,0.23436039143005438,0.2454549872513754,0.29128006810186535,0.31681773163266497,0.25827540323822673,0.250288437885092,0.3068504358373487,0.25362215055856163,0.24353185619673232,0.25325306026791894,0.20988143546442578,0.24019764334859622,0.27408201456925496
0.29324821016619357,0.33087792401262395,0.2845012965799727,0.24989446047080655,0.22859276017127553,0.28366663205459897,0.2143043573483841,0.0,0.32150177051506595,0.30465411940242265,0.2510867376690277,0.30167989554974706,0.29960520372350646,0.21420514078739858,0.2733162543729205,0.30794878492983924,0.30303390544140457,0.25510844103579267,0.25630685735588404,0.301029682902757,0.28840994972277306,0.26608260483646284,0.22815885314861378,0.22729903681524502,0.28995082941678124,0.2410428321510964,0.23857515959736783,0.2820814948646737,0.21425133621297562,0.23996037752776553,0.38642080200171747,0.2698175805711287,0.27123427080173373,0.24111266901531206,0.27658195256642554,0.2652237210890593,0.30504409936135024,0.3201153881374974,0.30165095996727836,0.24921301323588796,0.26154309745422055,0.24484109145101832,0.26461124875830977,0.2611034004037398,0.3543814776157722,0.28590217222048886,0.232065266222401,0.2527014357757602,0.259354708662823,0.27773407442543385,0.2839861297046221,0.26689864718644013,0.23508597440753237,0.27844230345422544,0.268050997447532,0.2586405185573861,0.2877553744807835,0.3289113094135237,0.24641784655549803,0.25117323785812323,0.3619740454669205,0.1906208598116733,0.2755605107639112,0.2044151035408678,0.22128968906121,0.2379180610196895,0.26452428157504887,0.255631531211343,0.2553884087115979,0.3882587577614876,0.2954530873847653,0.2493774843996211,0.23493660559730678,0.3061349060666743,0.33971703407728276,0.22377181635130902,0.26576972154209483,0.2534011890545808,0.33191385803007606,0.1913040728744075,0.23460924469823555,0.2942898292829457,0.3132126553718183,0.28036358361931485,0.2839806217749497,0.4025098953836504,0.3299486081888565,0.2676924396178243,0.3133447049439211,0.2714885886614641,0.26448872768110326,0.2554516823414572,0.2754502043305125,0.23332333861445284,0.28653244729960536,0.3099781463626304,0.25330845809311076,0.2693433758400192,0.18348796169870749,0.2884067117525703,0.22385471861427514,0.2759405027492035,0.2181885861549031,0.2638831890647926,0.28960149538164043,0.3205443736416714,0.2850445000758157,0.32080603341302966,0.25684897281833247,0.25746944631226726,0.227615066391002,0.25875630173491254,0.27701250024794194,0.27839042132057384,0.26527145762688475,0.3092420939869008,0.2657726089328519,0.23281735043284355,0.2316202382355705,0.22581660977737164,0.2621807468853008,0.33271864399653145,0.22733219963351808,0.29962931024113515,0.22795619442983267,0.2828072538128744,0.2153218343135041,0.2846039441805483,0.2692881728224987,0.26457644126283114,0.2854106121500263,0.286358545250225,0.25545731058926113,0.2501206539251639,0.2772557069223104,0.21760209957558965,0.26351746898999945,0.26043241665384825,0.26599633009049356,0.2954880565412212,0.23344515631132934,0.22040390472719348,0.3242827338870073,0.2594219411933574,0.2875261480546083,0.2687001483122955,0.3606230528594764,0.2624733949663709,0.3349503338214923,0.16235709367706283,0.3059223582117974,0.2578893681529877,0.253165470119219,0.23062963555415625,0.31086647672519985,0.31944728184999277,0.22729657392209762,0.3190690954980868,0.21415593173803274,0.23795833087152757,0.2222185141728886,0.259721921920591,0.22465750397805362,0.26531665546857824
0.31722244277276634,0.2671681962440369,0.2614509426551541,0.21911585957148222,0.23211513008406875,0.2792387914345774,0.20355444884765372,0.32150177051506595,0.0,0.2593555945933831,0.23162159378545982,0.2790866897759835,0.25470549398325554,0.2313206943438801,0.23046415742349655,0.28798615809627776,0.27596698092458793,0.2652794639055368,0.24697593290507544,0.29758769993960466,0.2668229323106066,0.28532706796165536,0.21226166004707847,0.20549764217507263,0.2817400248962046,0.2187199311237489,0.24207705432334037,0.2666973740550926,0.19906635219011118,0.34128518695323257,0.3423437188899901,0.2835663055880974,0.2210472965403809,0.22474200023537694,0.272045988417669,0.22229789964906718,0.25630769362396455,0.3290722896163931,0.243420172028696,0.22597337147548263,0.21616201917079855,0.33116826834456997,0.23344305829747572,0.24948192185255216,0.2690038844437183,0.25326617360398174,0.22859435780798706,0.21837657190234547,0.23909245380638938,0.2570138313087166,0.2483090847152727,0.2481790467036774,0.22746605666957642,0.24176202286324436,0.219181824998868,0.33411309495526154,0.28358908761296875,0.306395238545042,0.22208521691508729,0.21597390667595093,0.23974189086856149,0.21226794172190802,0.24973632015184827,0.20739910736658382,0.24178009324502536,0.24070255115974679,0.26382361228173357,0.2495263540424206,0.24154657259160714,0.29357315405937434,0.30265892338475714,0.23571262301098608,0.29136497198510003,0.25609487674671105,0.3284528209944164,0.23641071190193577,0.21639825304072796,0.2219941120142146,0.26671886843083886,0.21552851280502716,0.2533142792878808,0.33292837110172374,0.32587510481092563,0.23772821315294113,0.313067278704641,0.3484740857479998,0.28092539986267795,0.27834837132402696,0.27703541036271523,0.3199860017502595,0.289305881504827,0.2855471250759303,0.23712490452146642,0.23272981701227305,0.3082129916240612,0.2931357332142577,0.24711283193024147,0.2845931716234454,0.22224588465716943,0.2431576359020571,0.22377286591754927,0.21799921776396167,0.24172105003539096,0.23579020608059748,0.2934678402877356,0.2745330569686293,0.23933704184470433,0.3065459554720144,0.22414753201781934,0.22835449927469217,0.21795671365273198,0.29013504996134626,0.28204057006541006,0.3407458971485521,0.23249420497392392,0.291276735537957,0.2744537782677456,0.23725636763765043,0.21186276933695342,0.25486745923947207,0.2594580427441106,0.25795879210301026,0.2517095288949769,0.27474033265729586,0.30946974426737034,0.2336028141622463,0.23952820709628708,0.21819712700520108,0.22706259122472805,0.2477358099979306,0.42723070032679294,0.33041982513761503,0.23362142333545916,0.29603109238703573,0.2441411507287545,0.23078712899821907,0.25990379281333814,0.23102162598085038,0.24894422861351792,0.2957821613750032,0.21254367868929347,0.2539469068624239,0.30156630171090204,0.29901541119473485,0.2702516391504411,0.28015194284244577,0.38766402182970094,0.23763093275526426,0.3213159330329191,0.18349210625511375,0.2968064033882457,0.24799996749539455,0.24974666937840048,0.23243569583437407,0.28023809871829347,0.2867624015041843,0.2175617846017547,0.29284214367302347,0.21492978557791143,0.2527305429563052,0.20342845111088395,0.2943461861847447,0.28132491427708956,0.27711560496284326
0.3238003948828594,0.38528457898204777,0.3596459431738712,0.2697668383161585,0.294824650220607,0.2499636227551287,0.3030472921319584,0.30465411940242265,0.2593555945933831,0.0,0.2708191385006405,0.26123326766021704,0.2952466735335048,0.24541195872475116,0.30803446294592146,0.27698190288358937,0.3059513378338061,0.3461583563765913,0.2657507865734816,0.2742867773772706,0.29669313914440526,0.31242464823751415,0.33750403350231234,0.27915562739973016,0.3982766458481776,0.23414599965282315,0.23400609183168133,0.2923092129756295,0.28745210570546453,0.22974535716970187,0.3083807346586654,0.27009751998753534,0.23506645182377717,0.24174292302317676,0.29776548401374314,0.23750428780720084,0.3160617919567949,0.25644715486645386,0.22962016077234151,0.3067242621883586,0.24438774140047848,0.3013125918457198,0.26407688286791486,0.26185904085917017,0.297280006375312,0.2854872963068673,0.2452224034707354,0.26553720012812376,0.39316464709687027,0.23982988225777363,0.290320347124666,0.25881369532653725,0.2275293296177636,0.29658184229199175,0.27776929178953014,0.2737012954031481,0.274619853350069,0.24071015320818503,0.33187903407081665,0.2500768372048876,0.2684631521011766,0.1779205460657223,0.23407971621565152,0.20485803714337905,0.24745239103846797,0.2423146601502065,0.25836634176477064,0.29247883803488556,0.284515107035078,0.31822145549456893,0.28283513893291035,0.28598695368973487,0.21781395962819547,0.3412834293263313,0.25707843251180845,0.2491848705479908,0.2475687355281526,0.31262010511076055,0.23936490296208834,0.20577752592297158,0.2621777419566137,0.2927774411354336,0.3632097820725168,0.2390161100704878,0.2557076612502108,0.323403748662846,0.2380818080905951,0.2619088264642619,0.28435234757933564,0.23532541932007758,0.2692288003764099,0.2564907083023358,0.2859307107995309,0.2256910950055916,0.3060738886082063,0.30768249904526285,0.18444722827102963,0.27432662055371826,0.19136525125421608,0.2951570457840561,0.23573285761203358,0.23286707678903212,0.22800982570045059,0.3147042098930159,0.23455192261372973,0.2765177797880947,0.2416933978905277,0.39101780468182623,0.28588489917973103,0.3333920743511338,0.26342434321247926,0.24060652932209198,0.25805493396502144,0.24151151317740657,0.24704473472233904,0.31324663917262713,0.2761825868686753,0.3059258545207576,0.2656036231481351,0.23113554686176874,0.2572259901026929,0.22142856205482023,0.2259173569492417,0.3448076007285075,0.22469716378149768,0.30851573482168443,0.2057188502895876,0.22944736042266686,0.2929950924892686,0.2802911851385629,0.2717019785405014,0.24232783654616247,0.21463567028912603,0.22319633457540147,0.25869701614714014,0.24314815846797722,0.26658783543764947,0.29434919041299457,0.31564414162543547,0.2841230709591167,0.2556786585154886,0.23816011600008893,0.3322647403159983,0.22841523410064882,0.27432778789625545,0.27194297074961815,0.2637146131258618,0.310983202734399,0.42862007050858286,0.15572502036421962,0.25519574206826984,0.2862129461133352,0.2595521174939538,0.2770008600579091,0.3096326221230377,0.3031118841919917,0.24276711614667928,0.35561251541076616,0.2518523010688607,0.2562682385616492,0.3128712168650789,0.2780461581694777,0.24807502943806423,0.2907507161277441
0.3068895901021426,0.26159805557372096,0.3162311152292916,0.3043749066711465,0.289121979657586,0.2605985193839546,0.25819229877897365,0.2510867376690277,0.23162159378545982,0.2708191385006405,0.0,0.28444814407453106,0.31861122632815947,0.2160509023415525,0.2706459322822973,0.33955230386546376,0.3208170355743282,0.2793225759501889,0.25581730775664946,0.26530963741217556,0.3062661640669216,0.3340172704291122,0.26553200978410096,0.2814653487772398,0.3043873315564508,0.29239879619892106,0.24617102475782987,0.3267911653679881,0.2585460278800994,0.2284060538350366,0.25292142506321696,0.25989357646408484,0.23532358559077945,0.2361415470818209,0.26898968045887095,0.24180677982735077,0.3415062466310782,0.2635605018576858,0.31493459589215944,0.27232081424787175,0.2391684668966108,0.27052457265148344,0.256211888874065,0.3084604338618027,0.2602901753124053,0.25419736757138006,0.17624177009893846,0.3737962471151551,0.31091914180132146,0.23382255633380317,0.3070932169055593,0.24691320471411154,0.1988971292695179,0.32735020361714556,0.3174081301261639,0.20809803413205552,0.2870022999561843,0.3144655728935754,0.25008444650689104,0.2352994466299001,0.30973749840699677,0.16506801004428695,0.2692518943936729,0.1934330311456988,0.2030289614874434,0.23845468941364886,0.3066535375931021,0.25412656478682366,0.27045113884958993,0.2903799702626637,0.2863220245549044,0.21276703662156024,0.2573153762652732,0.35793433632569993,0.28686147986114235,0.21419769933830277,0.340259190433626,0.2832456427798249,0.23751461814903171,0.2066884348545936,0.252385757492106,0.2547599802322995,0.26331186710364374,0.255549611723835,0.23952439800560957,0.2578483511623571,0.2771465347612151,0.229309270702756,0.23039534226003108,0.23297628713962082,0.32188821667573436,0.19720143456965247,0.293403382974362,0.23750116493645262,0.26024590064950964,0.2645897660592147,0.18609655567082348,0.2053666739645567,0.1711442540825608,0.24116075594658992,0.2459769327297995,0.2486166612284021,0.2231501493137123,0.20808468076801687,0.22699755463612414,0.2403054928572848,0.23985702370540105,0.29802129907141833,0.23195479549616022,0.30354765155617913,0.3356373743043978,0.24040216853296775,0.2703913284997793,0.2686233750552341,0.24471622551421315,0.274590322703042,0.23108454660579927,0.2697809960109745,0.28118346021954044,0.2195516138217686,0.27334383114814936,0.21778444026898858,0.23255705590157838,0.32029096834661236,0.21732285468917797,0.30122071144776763,0.18355655413431005,0.23480111737088985,0.2526951704381347,0.23906016757246754,0.19922531444854114,0.28825930387230125,0.25965283193575295,0.2543439409963572,0.3456316509674517,0.23155155684983253,0.22795175900355993,0.2475440705725868,0.28177080218844797,0.27414676625450596,0.25703264468815273,0.22846816804722958,0.24132921897213702,0.23744359315240574,0.324288366658972,0.21713384371926578,0.25765225888376636,0.25429298759214997,0.2562096068989588,0.16508694953547293,0.3395561059358585,0.22421436661722383,0.34807158797486787,0.2117314973237702,0.275287726639308,0.29877838196153655,0.27782302968597733,0.3095135448508414,0.2502588567708705,0.24639094882036716,0.22623411760186343,0.24156132333570873,0.21038026952618424,0.40284379367359724
0.26796610109904806,0.28380831177613497,0.2568041580571665,0.26563807808858764,0.2428510670407076,0.3061985080294755,0.27590009975186836,0.30167989554974706,0.2790866897759835,0.26123326766021704,0.28444814407453106,0.0,0.23882650006806977,0.17014460441644064,0.2619843258139688,0.28468541671078973,0.27706204287435654,0.21177228730050743,0.3100636475373699,0.26365926019338026,0.30699898935832615,0.25314704907727514,0.24664988140848063,0.25079911022007023,0.323663353691087,0.23815778194195492,0.235714442198588,0.24763061462596986,0.22185684856966412,0.28197838932936425,0.3357796363003288,0.27038035658973286,0.25436943110509247,0.2896669538186559,0.23592865081431372,0.24226549583301307,0.2800998269352249,0.2537268781569524,0.3548952971506245,0.2372428618809693,0.26334105635134925,0.26859076496615675,0.2465872286774727,0.3049716492484114,0.2567899268336718,0.26205543246089597,0.23689739126628165,0.26446175370904546,0.25763025246791116,0.24844083081534557,0.3013332976000052,0.28386399894368436,0.20320145769000175,0.30534116737785705,0.29503506650189915,0.2491017454582411,0.2942222248096087,0.3777506200033172,0.20068693093149925,0.22754844034110858,0.23491166234213712,0.17640734450022805,0.2479557630610633,0.190100581202996,0.20751013918323732,0.22157725651100083,0.23510392687607026,0.21677268746857126,0.19723534468720597,0.24049999323661034,0.25295896437963056,0.19817473183275416,0.21995897015856858,0.26771766787597795,0.2693401517694385,0.21636069567697863,0.259523990394659,0.2910311486327375,0.2453527094905308,0.20118652016111604,0.2288497451424295,0.28238712795414017,0.28572946322918896,0.20217215765148946,0.26776386523061485,0.2893863345767014,0.23765335974751017,0.24012709689778752,0.27713421355399837,0.26345252218666293,0.2851187086729129,0.272379317688722,0.2708664441383848,0.24113827990165673,0.2340432289450129,0.34800867053201695,0.19847559658400643,0.28464363450312263,0.17860138197630415,0.23967836636637016,0.20487013223168138,0.2357979985334447,0.24856848575150595,0.2744590614683561,0.2301303689963665,0.27377278128498966,0.2720918563134328,0.2804583926526526,0.2336439331690084,0.28663312745941005,0.3641855643275561,0.2697047341327125,0.24545390373219622,0.2816638752560104,0.22422366990675474,0.2782036317271012,0.2528460370452332,0.2674053991706493,0.2604785677564078,0.21162050106996239,0.24254753683085575,0.2453801303305261,0.22012310571908852,0.30207011078362656,0.2005715910615412,0.31719291503122304,0.19979411812455547,0.25891719655876544,0.25911947047273376,0.21746254212451435,0.23877670690834185,0.25995513016125915,0.20509062826595895,0.26655491874485054,0.25630760126089913,0.19962763829406618,0.2720735039776103,0.2372349592285049,0.2296197904576964,0.2985834414356331,0.20219840035555803,0.21488467350860546,0.2854922443662105,0.25304091235268816,0.2910321220153957,0.3059883829118294,0.4006197907323696,0.2473345050817839,0.2999454491158975,0.17014196626781275,0.29842148617507264,0.2513887653490792,0.26505538443236776,0.22872457139091648,0.36945848287702204,0.2406125770107978,0.22237459491563952,0.33884251815266647,0.20880782244731189,0.24541024586675642,0.18347196479684102,0.23276977444632535,0.22069719315534875,0.28381646075573164
