0,1,2,3,4,5,6,7,8,9,10,11,12,13,14,15,16,17,18,19,20,21,22,23,24,25,26,27,28,29,30,31,32,33,34,35,36,37,38,39,40,41,42,43,44,45,46,47,48,49,50,51,52,53,54,55,56,57,58,59,60,61,62,63,64,65,66,67,68,69,70,71,72,73,74,75,76,77,78,79,80,81,82,83,84,85,86,87,88,89,90,91,92,93,94,95,96,97,98,99,100,101,102,103,104,105,106,107,108,109,110,111,112,113,114,115,116,117,118,119,120,121,122,123,124,125,126,127,128,129,130,131,132,133,134,135,136,137,138,139,140,141,142,143,144,145,146,147,148,149,150,151,152,153,154,155,156,157,158,159,160,161,162,163
0.0,0.6429710652675436,0.5092121509649097,0.4923643879248071,0.35832499412907715,0.5833979695903677,0.5444879104191469,0.5035163452479688,0.5291526315260936,0.6198269985328579,0.5523902110401976,0.5352127651666823,0.6832579244388717,0.5089876690755386,0.5963394937216716,0.5167783831383298,0.5479573420023759,0.6565947747576745,0.6028135944989556,0.6618509996963063,0.5386216055756968,0.6302695038388516,0.5418427383512924,0.5215372433739227,0.730671315443865,0.4780961118995443,0.5071289737548419,0.6002350778442037,0.5366162815785405,0.4323437801970218,0.6083740438289592,0.6540968297184218,0.5278185398240017,0.6252990634323139,0.5866767247293273,0.4827689068837529,0.6470123319346166,0.5441509024970338,0.522416093174544,0.595415486072738,0.490857942344206,0.5787404721755467,0.5009612683711847,0.4935134624227664,0.6154709485676512,0.5943677573779095,0.4283627510201048,0.45441201713722124,0.6621532744569957,0.49716233691942885,0.5069171721564324,0.5126415443515686,0.4592782898372332,0.5279267620808441,0.4818616300612752,0.5170311069291946,0.5668611886822614,0.5059529794719527,0.4883675631918189,0.5396493456849205,0.5164663110509348,0.45412482082219346,0.4593917826761421,0.43672296339398786,0.4979253889286957,0.5104881171928901,0.6080671789332497,0.5458693468172627,0.5281301648895649,0.5725351429889255,0.616902705214371,0.46915280472176635,0.4863879121069759,0.5941387016987906,0.6021177559152312,0.6019114096608638,0.48411296383274516,0.43853121716995774,0.5328266515574221,0.4061225777597198,0.5227397953781288,0.6154123114222823,0.47429935282787467,0.5451913481763238,0.4849869210243093,0.7072005765961711,0.5225338697126106,0.48873002604034876,0.5904295111094895,0.4911985443996764,0.508651216433647,0.5323392636317091,0.4786537595594362,0.545528966629613,0.4903432326008536,0.5979000297791098,0.44407483239426854,0.5697064429905362,0.444387185101764,0.6110478361073136,0.500088613483053,0.4362707263701485,0.44328618899020217,0.5121461250933196,0.4796437546376921,0.5421789774589332,0.4761968811895525,0.6311084977170387,0.5463992822062955,0.5449438554128693,0.5634718383444556,0.47693100231565233,0.5757647486843972,0.5018298295837605,0.5217811788670426,0.579992327307159,0.5674072570663956,0.6110929216895498,0.47040162017869364,0.5378274240264331,0.46311625688051156,0.44259440314370707,0.5737654297369272,0.5692045588095092,0.4778365066998664,0.5976740336254501,0.48283478459214446,0.47124787192577905,0.5489233162012189,0.5524328698813171,0.4905592423977818,0.5023849594113645,0.49066418739900736,0.5871465663265358,0.5974294809937378,0.47387266783372944,0.5280623734874891,0.5903458837274567,0.6062874645392181,0.5546173171499131,0.47217382056851426,0.5577664647419864,0.5808495374778421,0.45254590762209934,0.586360632590715,0.641712718273031,0.5180135077623889,0.5379855701306088,0.699621600316756,0.4433630432197973,0.568756511194352,0.4850378986440944,0.5478922231198233,0.4376954667680361,0.6233382024197913,0.6576766428594097,0.6237746860315111,0.5034637680956896,0.4744797244350368,0.4881718976099556,0.5176826763932587,0.5550332862817049,0.4781873759886218,0.640540921764204
0.6429710652675436,0.0,0.480872988611364,0.45720506249720155,0.3518784926515267,0.5328601191380212,0.6039342917258963,0.47234711945626506,0.5664803948218573,0.7564738795935814,0.4540377156159336,0.5629397938324463,0.5506575586845088,0.4662616680911611,0.5794313135758635,0.45376027111111766,0.4917387833835006,0.5725331122673465,0.5442312886588322,0.5552600217925928,0.48532900991756617,0.5786986362534018,0.610215564226749,0.5252741286270762,0.6948809319287851,0.4200618820300985,0.5226395053007071,0.5334297023273463,0.5026047932412949,0.4526427498091487,0.5817113942041191,0.5406288226084498,0.5063278325676571,0.5959064020330108,0.5270597976089058,0.4407527433112093,0.5274706043097177,0.465275910732037,0.4576677018237927,0.5744798831058009,0.46838636840747694,0.6712138124186404,0.4277045183318327,0.43713158221001547,0.5593399703626466,0.5519128649429594,0.45760993664994226,0.3894332504743722,0.6028434483511366,0.44243575731756596,0.4493085449788651,0.47066974264115624,0.4377500328240704,0.46741358229619406,0.4177462481415081,0.634642905303985,0.48650894473755785,0.46437776655545987,0.46000041680587656,0.5029549797289041,0.43127065606700765,0.4103526870023808,0.39443705155077086,0.40980506718241716,0.44765967093840014,0.4345218938053138,0.5239897293931955,0.4969168772751193,0.45554155641594773,0.4840410787369261,0.5117209284064724,0.42929056307760294,0.42500809477381624,0.5087849773653911,0.5070561821169509,0.5442702767770936,0.4185529934224137,0.43272843689173507,0.45913922954680664,0.3725181507767441,0.46536364062519,0.5634329748222041,0.505697765105119,0.4488059461379887,0.4348523860528225,0.6841456970293753,0.42934869330223097,0.43935664477268527,0.5684181896264874,0.5524011396258443,0.4647380849696925,0.5838999950538935,0.43481671937502286,0.46996517869255106,0.44811168912798166,0.6103102630698392,0.3918988489600488,0.6368860719919133,0.41920846304089193,0.5903367490784244,0.43800452050865496,0.3784424765299743,0.4125974911020754,0.5447391183733677,0.42411158948462835,0.508042507295805,0.4240694806367236,0.7105636918867891,0.5393671395488376,0.5499932687791237,0.5037312796676522,0.42855922913163513,0.4765209896619468,0.45632733225915295,0.4513613488525446,0.6144850435795212,0.5480164919298649,0.5192619052685493,0.42433085482337624,0.5129598311770811,0.42143793878271485,0.39710652025077287,0.5035943956855331,0.5336321822239433,0.43085078019116513,0.5277275044738037,0.4535036403306869,0.4543381663021377,0.4962689961801363,0.48501791822461016,0.5759329508284265,0.43834771901499203,0.40980859271473363,0.5132008289214364,0.48088316357899885,0.41868543371267297,0.541003700479092,0.5416169691283301,0.5486670874441418,0.5060367562729379,0.4261107727849992,0.4830579341215002,0.6019325144651912,0.4150992693316293,0.49377183023557475,0.6496640085444251,0.5307307057269726,0.5229504691563879,0.6996733294413037,0.41456556645787873,0.471362898664731,0.4592182082773448,0.49402495595001433,0.4982189324903207,0.604821910705344,0.5480017257662569,0.5338982583769026,0.5098164419426546,0.4392573208402182,0.42406871078876035,0.49429406761804207,0.506217852543065,0.4647312525216752,0.5371062048663768
0.5092121509649097,0.480872988611364,0.0,0.4143945850600622,0.4922707412241929,0.6025932170107061,0.5296906802104675,0.4211140168980749,0.40328455618767434,0.46458596693453225,0.5589107694702766,0.572749852515532,0.5647952034590873,0.3801877676638664,0.5441288822014069,0.7036931677435494,0.5672173235755406,0.46955813894322607,0.47150811166265244,0.4319464311534205,0.6054910880971763,0.6714933684802281,0.4476098752562856,0.6122652775273085,0.4732798475285015,0.5687082981718041,0.4025913664226274,0.4220630985996704,0.48330678045327397,0.5280664760788063,0.43785194385698023,0.5465352388596728,0.46976303353119736,0.4503675944268919,0.3961193753192951,0.41341926041443355,0.56009179441465,0.44092245652620127,0.5201587833638787,0.5458464435050284,0.47043876356060665,0.526179573434151,0.519350803973133,0.4977020284516299,0.45423185154279033,0.5291974561646585,0.5476172660062857,0.4957826061028759,0.4955147721159713,0.45674316967698864,0.5160919136245059,0.5736608797685546,0.38953975071845837,0.4891888402746304,0.4389430513089546,0.4381140053520003,0.48975923065223864,0.640629185155223,0.3752254190263342,0.45466076057996296,0.4093277536817994,0.42991599182213436,0.4831272691901757,0.35322672158766355,0.40856204598143286,0.4191657243778911,0.42396706866674616,0.6631154249123663,0.42753415862259,0.44745556327815567,0.5936701886440988,0.36604960464831127,0.3691266547424069,0.5669581770218642,0.47147472495586745,0.4124875409650169,0.5351967002840918,0.6174211213135824,0.44775949033551754,0.441150562874979,0.4986351696033132,0.46476155281424536,0.5741485039866,0.42338965664319667,0.40734822344599014,0.5062764769310082,0.4053917042123537,0.3882061044512576,0.4267750009280883,0.4180914148762969,0.5616440296513966,0.40320239316003226,0.48373320034164,0.42779886688264274,0.3976072244294211,0.5099644566546111,0.36829907148740293,0.41780523938391884,0.361124440527827,0.43555689156933375,0.37903175877651574,0.41377894526224,0.36727352891908355,0.4072365231724869,0.38501506765609655,0.6699447717280378,0.4523385434349157,0.46447408696323944,0.5365231462469144,0.535959078253015,0.5303261271670465,0.40787758203005314,0.4226375584711983,0.39164916756685497,0.44137558255210774,0.6307930628745202,0.4123634074205712,0.5257115976341338,0.44784307106534715,0.3967189267123613,0.512735044624199,0.39115460848534106,0.42697801603660585,0.6650569333389604,0.3551891777942975,0.5789751088120619,0.418507955452514,0.5828227273106669,0.44701937338197845,0.45501583983434124,0.40572736044443813,0.5945294815451536,0.37819613687606607,0.4259695442619222,0.4393639825287363,0.4225260779791359,0.5382730246918531,0.4906309531207373,0.4343844283724158,0.4782701112390993,0.3639700372717643,0.4765119611094255,0.438540659800832,0.3768521449420913,0.4999376529074643,0.47565484643370654,0.6195711333568359,0.5849678237465267,0.4741256039465808,0.39412109840295984,0.4080200992099313,0.3881542880590501,0.47518567939795503,0.49533171317008823,0.5319558126931084,0.46381804623531964,0.5080441813304132,0.6570098037055121,0.3585955449821231,0.4525322545920153,0.4209068078534124,0.3924081801288654,0.3869728624836835,0.5871505614174464
0.4923643879248071,0.45720506249720155,0.4143945850600622,0.0,0.3310594486620614,0.45350358225038434,0.4768662130237772,0.4448027266045496,0.39748143725556484,0.46966880940173045,0.488445275129112,0.4398854542490179,0.4568656823525604,0.5006274470527842,0.5039618398121558,0.42475410723044144,0.4853851374235306,0.5320252558107258,0.6249860145550474,0.46100476895904163,0.4895557748186807,0.4494468657561029,0.4703336750021817,0.39567717732413427,0.5011692301196508,0.46201187757793055,0.4510131033950461,0.545064747794405,0.5102595854704438,0.34559058020201844,0.49320036602097833,0.5177527735839182,0.6841639757989434,0.5334860135879769,0.5414414035579777,0.6032697881257039,0.449012406274375,0.5496814994089118,0.5086545884215815,0.5072943317281322,0.5816075463118799,0.4091227481867721,0.48946615825005285,0.49810881085113873,0.48894958090798263,0.49522134535484147,0.35450292482538404,0.4096763689215194,0.52955116964809,0.5101329452909178,0.5478047046072844,0.49988939460977827,0.4985553266406541,0.6304457870917598,0.5873241057256172,0.37404219069826516,0.5256146650958048,0.47547805820410455,0.5003750241610087,0.5242735131409741,0.5063516470658123,0.49022238929248846,0.5042887932769945,0.452790032317813,0.5069408704726979,0.5046796757407791,0.5062470618110294,0.4048379411883951,0.5255594861423891,0.5091884033747167,0.4865428605683934,0.48396167724861594,0.512954995805301,0.5413912939915753,0.5595456028228479,0.4988263764531288,0.4613101428214512,0.3902035763226421,0.5642079022863119,0.3678442967605364,0.48413667996759585,0.5740434539698794,0.36063689163884155,0.5444526654534512,0.5443722077546017,0.4872305101267529,0.47400179855002045,0.5395474946767181,0.5085691987049973,0.3599773683074446,0.5194503857626789,0.5239325177860308,0.5096580322722698,0.5078750725606571,0.5403464597497031,0.4607106362589542,0.48398371912961236,0.4999870993436269,0.4798247874659739,0.5601126448668199,0.5006968417477455,0.4501555385618153,0.6313528226239352,0.5427143500730284,0.564455273777509,0.430704163649163,0.5069870830645632,0.4544005393222134,0.4941257612770816,0.38280987149297957,0.5597092295289944,0.5378529814186139,0.5315678271133745,0.5141332182165222,0.596837835588282,0.428671297855972,0.531059491588442,0.4870138456577533,0.5215408952435523,0.5655731729259664,0.4218482311860814,0.5669676470490498,0.4606204812607785,0.46480185967399545,0.44949433334993744,0.5397206992220474,0.5257424481232507,0.3857534844158816,0.6122299290410198,0.5214754407181148,0.37033603276493515,0.4463887472143675,0.4592492019023871,0.5951003528384986,0.49468950438557235,0.4374972279923137,0.3659774708888104,0.5564666429884371,0.5167609987540689,0.527892315578291,0.6298340797825766,0.49167994131363774,0.5339554176337643,0.5362883985601037,0.5159024713473003,0.5052428881442231,0.400236481786264,0.4727511208563068,0.48436424061444366,0.4443037380845569,0.5767092294259881,0.5619210421703462,0.5076967292462088,0.348871020809243,0.5628571365544143,0.4654535795009006,0.4112182748565715,0.4026055370572996,0.56470465676356,0.5220467487212985,0.5263095000559962,0.516425587905263,0.4934004144932102,0.4885229935793339
0.35832499412907715,0.3518784926515267,0.4922707412241929,0.3310594486620614,0.0,0.40144024522691185,0.42305698360930016,0.3047570826593145,0.3031588923600603,0.3405511215403836,0.41170936095621485,0.412094883434706,0.36834739813927647,0.3044916535123254,0.3961601272071795,0.4682543759297828,0.42956100983352163,0.3499126442470511,0.3593654762120491,0.3205024134498534,0.4555500412094862,0.42635326522166284,0.35298101680058447,0.4542302638652633,0.3407452887197352,0.44802392945457287,0.3070728604079742,0.3176354620445978,0.39745788994014114,0.4325585698760105,0.3242375324899467,0.38351321577604924,0.3656957225157067,0.3354232519193217,0.31315735848824444,0.33970974911360413,0.375612975505896,0.3440697361149376,0.40009602326602534,0.40795935254084625,0.39851873086100514,0.38198248742815855,0.40664899319909625,0.425908701339715,0.3238084234830647,0.37830223062073626,0.5055868345995974,0.41415098971061814,0.3752377957257878,0.3723686509293024,0.4135001022739594,0.45847577202562684,0.3298332415028098,0.3832134556699674,0.3599038104724704,0.3313963899602092,0.37774051880398185,0.45577910644494757,0.3063344081543562,0.35279159515752323,0.30326218347179024,0.35592624639037845,0.39579157270524984,0.29898611011247467,0.33597408978509247,0.3265975946078183,0.31212731148066397,0.43331244031351956,0.3307588953936525,0.3204642113578463,0.40710584547382944,0.3040709056203986,0.29587485902143273,0.3977487580220569,0.3442992702296925,0.31953429110269843,0.4012917729218329,0.6036844104426657,0.3421649020800496,0.4125139594151884,0.39775689512625306,0.3456492828403344,0.43027367542981265,0.32041434911960637,0.33460606595444786,0.35283921361729914,0.299331609946502,0.3117877498379663,0.3163009165780493,0.3104697879903025,0.4567870481345244,0.31955689903745726,0.4192529585500395,0.3381702343289487,0.32676876420797,0.36781672980996316,0.2935794161006235,0.3211896378072036,0.30985884486662885,0.32297394112208516,0.30598947497784285,0.3199450258377398,0.3072588738856969,0.32432582328136167,0.3102735311887567,0.4388096476247614,0.3581385779275756,0.3415064051647283,0.4150390223375821,0.3922255330748811,0.41179425727041985,0.3407155449647144,0.3191438994487705,0.3068447793498104,0.3507357408882647,0.4217549347079076,0.32608392532807157,0.39447980504442615,0.3788314339701182,0.3115246487528659,0.46527978347138654,0.31123543930484543,0.3351377310679914,0.46319997330040336,0.2942700523885176,0.41018597932126905,0.3386302357335932,0.4092347076787432,0.3525599440845989,0.3538774024677491,0.30928946198935164,0.4352409116005429,0.29136706931844497,0.3320970047726996,0.3280505749198804,0.364338827277544,0.39616840672456805,0.3863776594027379,0.3249211062176759,0.3648100611012906,0.2938178349237298,0.3728443943381284,0.338240501348679,0.3124157884890417,0.3831095454555979,0.3527844704433415,0.4356841016661347,0.4297919736165294,0.34572937265491255,0.3354842807367315,0.31174231627572413,0.32579348836628474,0.3677554885828057,0.39571208644245737,0.385270074852172,0.32676117477862066,0.35357531776478723,0.45030679694088066,0.29646277485103106,0.37272534819139963,0.33921794747953204,0.31515913486185815,0.3160883348205304,0.42555284018980855
0.5833979695903677,0.5328601191380212,0.6025932170107061,0.45350358225038434,0.40144024522691185,0.0,0.5369678614926034,0.44932990171300274,0.43366467335412545,0.508011965875888,0.5699173525522381,0.584452507450699,0.6231002381658916,0.4012574816860555,0.5455336786186952,0.5621779621348583,0.5189578315583392,0.47911542655573713,0.5073613418946055,0.46254372552658574,0.5482027597806295,0.6244919936577443,0.4486963188747353,0.5729197920188549,0.5526311071965319,0.5188459052151019,0.4084214084700778,0.4585422773389854,0.5013784006020839,0.45940909769041793,0.48635774393537545,0.5612657185945626,0.5131070970231122,0.49824643624475956,0.4400424724654064,0.41629444906510427,0.6540164290512949,0.44332918186998066,0.49183203262963654,0.5241338838684408,0.4584437165567098,0.5505787643776431,0.47824042959373403,0.5230744114579182,0.4881477246152368,0.5039338791813025,0.4642131957219926,0.506076407226276,0.5104574098279645,0.43001702036810047,0.49023251038128457,0.5634525711059674,0.3886590268577298,0.5093055433992444,0.4454997459253703,0.4861041312195874,0.47829573898305655,0.5677800034314517,0.38800513373706746,0.4418040967123065,0.45409839157290394,0.4121592527777636,0.46898952090576895,0.3559496591961397,0.4104175895053046,0.43126591521655516,0.4698442561607503,0.6357769754507794,0.4243652085091391,0.4899049676500556,0.5871236732390356,0.3768251606575322,0.40033854457903834,0.5467872717743614,0.4895924312910595,0.455878133657715,0.48723040255206096,0.49944123486715014,0.4541732614450786,0.4392034499622996,0.5181849035088488,0.49217556321566597,0.5345369518525473,0.4596210066131004,0.4138090319911882,0.5386342601520162,0.4615818028991374,0.3968972170009956,0.45864261131352174,0.4535963730866879,0.5050584516569032,0.4400998959134361,0.44718242040068645,0.44963527590739283,0.4085682775515789,0.6253465050079977,0.38162480600051,0.47441004401423276,0.37048761250674633,0.477293362961186,0.4056200946928462,0.4082562397021577,0.38749886901375974,0.4510061335136226,0.39873367213297417,0.5493593516269193,0.4320002341976755,0.5100188557682865,0.49185831033310684,0.5886260685564987,0.5705263737991676,0.4053544905253963,0.4937940959213407,0.402862925340747,0.4515807030139294,0.6030353474797973,0.4506174513310725,0.4975886343985285,0.47973036529259055,0.4310249510035108,0.44521952368723844,0.40464105079671037,0.47666375176254533,0.6294600968180815,0.3873935596079374,0.6298266628464944,0.41478081350963236,0.5095294437777258,0.4764396660499594,0.44727508351364986,0.42847459981119235,0.5174933319629822,0.4089900448792769,0.4678598989610702,0.47704344413309135,0.41962354871855934,0.5352720140857397,0.49093241419534894,0.4474069421850517,0.46401929393910535,0.4129597586649762,0.477606310064217,0.4576438921212325,0.38247014416732555,0.5147481328740545,0.5163199511199952,0.5610458628742124,0.5244723953745077,0.514039006624496,0.38592580885043587,0.4552028955862167,0.4097836173401607,0.4489291638416611,0.4376398261672747,0.5804541396185664,0.5171640236947264,0.5692851721830225,0.6413068980348128,0.40318834501922785,0.45556838275868616,0.4382735520476917,0.43869538870238134,0.3938002893499543,0.603619188097053
0.5444879104191469,0.6039342917258963,0.5296906802104675,0.4768662130237772,0.42305698360930016,0.5369678614926034,0.0,0.41950917964379353,0.4461394485603975,0.579379344448608,0.48069079905487433,0.6203800879739746,0.49824636075974194,0.42404153206925815,0.6292181581850136,0.49133704477512175,0.5315638138205279,0.5231617139327349,0.5502512943416,0.45786791629819673,0.5530610777834735,0.5782026665870719,0.5931376347160696,0.575771341154898,0.5612323355762691,0.4758048990634155,0.45342757547391216,0.4677568026501823,0.5526630747699512,0.4817935706834746,0.5035730175915385,0.5333768637306283,0.5599474337485499,0.5350361342580646,0.46900836253810224,0.454835372561039,0.5034014309099493,0.4565080337413151,0.4953680313110617,0.6225433371909711,0.5438441110056109,0.5833815365059016,0.4671255277611545,0.5043839362248455,0.4785469406787581,0.5475766440438355,0.5350805258911826,0.4204279086797099,0.6021892276612173,0.46158318719594665,0.5076184830565442,0.554366807195116,0.43832400641329256,0.509570934221577,0.4474882975573389,0.5025550420951528,0.4967126612764196,0.5322777068431366,0.4309011243459427,0.49389330216848015,0.39633953449357,0.42760194667567186,0.42976046675498575,0.3916696775690543,0.4444658125030471,0.41969543274202986,0.4509592425393391,0.5180712215138694,0.43656364102717554,0.4414944094885345,0.5256240131817551,0.4098906599158135,0.39422790131544116,0.5307667475057809,0.47225033384112464,0.4814159649839788,0.44594250469018193,0.5386056919575665,0.45904989100415433,0.40621066393987487,0.49663401528238615,0.5272191327748612,0.5287841645911947,0.42245203059805986,0.43910757617137963,0.5546540775047304,0.3915508719154609,0.42558831020242943,0.48539157772566827,0.4448105874050488,0.5524015762456459,0.5300535054896571,0.4957783281138071,0.45342111989940714,0.44202532947493794,0.5879311296819313,0.37187012432520344,0.5354606444314108,0.41221826726461974,0.5089795087626161,0.41374609609611446,0.37768927387311285,0.42386110224894463,0.5358835175250738,0.41183648949791507,0.5401041678073033,0.43806700671231014,0.5527533997365915,0.6094969097214329,0.5226401986426347,0.5777010962205821,0.4405927295652774,0.4379777818173393,0.42209387396001885,0.4636554815699778,0.6171070634336719,0.5022862123652843,0.5347601233322502,0.4632027054348746,0.4651865076293071,0.47354539526569006,0.40133050881194926,0.4611785657262698,0.6334007033097028,0.3964988590430072,0.590691648681321,0.4517227697110291,0.4713457888566104,0.5042590629527697,0.4810918699313071,0.45399719688027684,0.46604340645341336,0.3747865299532825,0.4809364539147174,0.43967637922986563,0.43182233414824656,0.5168920905054648,0.5860181759699647,0.48256240179807186,0.5170491743633867,0.413970775021281,0.48202585986060414,0.5420305251261013,0.4099854267522679,0.5096106531462825,0.5898580408660509,0.560422639674113,0.5907384095967527,0.5598431450542575,0.41150941500670984,0.4381721345104675,0.46442175438789307,0.4885630735009624,0.5050986368782835,0.6526316952856998,0.4675176403427065,0.47066441302846057,0.5699982896187525,0.4239980832337022,0.4536667587655084,0.49077278643521044,0.46343093298843163,0.4474705660382477,0.5701579467071834
0.5035163452479688,0.47234711945626506,0.4211140168980749,0.4448027266045496,0.3047570826593145,0.44932990171300274,0.41950917964379353,0.0,0.5474452948864457,0.49371671417816965,0.4153373235787503,0.4782119179167324,0.5068147502739324,0.40779558762373647,0.5098852133196639,0.4175965493218855,0.4064209545810388,0.4892467584753578,0.4785195128039713,0.4822540284976061,0.4103187026778133,0.46781895936676676,0.45409951107785385,0.39264425972018707,0.5219767708880143,0.396992249182494,0.547568891099607,0.4784332744131818,0.3789042905998991,0.3996420820170236,0.6165964239038553,0.4859328511401151,0.4701623660879991,0.5078798175283492,0.43632865231755324,0.42646483828080317,0.4933682464206288,0.4492961563619377,0.4561229833066508,0.4271222521887612,0.39944540097762593,0.43880484941379383,0.43916650140326646,0.3720304940594458,0.6633102430211381,0.5114006518436637,0.35920285192256385,0.356691276611822,0.4533259287449544,0.4197071898525432,0.42065231035523604,0.390957334628407,0.37653612357560895,0.4277806452612134,0.41117085499844835,0.4314776520465868,0.4343176726615157,0.4587675504064431,0.39753005212563175,0.4654556364446358,0.4994297558129688,0.40686639516735223,0.3950280891894121,0.368679542647687,0.4016194807618248,0.4283113912920202,0.5042964386556207,0.4377016054229774,0.4697795572383306,0.6770889600531054,0.4725615791016523,0.38614300006531205,0.3967213506255817,0.4747736950166338,0.49809653060954634,0.4409417039339806,0.4314464438597245,0.35587753033220615,0.4897863258200257,0.3100912234531596,0.3793044750002393,0.5416363173865415,0.4068154428971287,0.4551177587840389,0.3993102903181427,0.5643256965291396,0.539652326504973,0.455391478494643,0.5706049068231498,0.48457849684339055,0.41710143219470996,0.4777134398627981,0.38781723218773023,0.40659443145641494,0.39397044706089057,0.49060762649173767,0.43304558907723745,0.47152705773140974,0.3655779912408504,0.5275934326841518,0.40316610811811027,0.4896045544314005,0.41258785040977086,0.46977860471497707,0.4370518515400005,0.46050004493251073,0.42634759200157174,0.4678267862889454,0.4313919047071666,0.3930473745968439,0.41623679169398325,0.3996607381936887,0.435169894241034,0.4625817150999642,0.42899315438111935,0.449428235566267,0.42199734320315235,0.45764112075908286,0.3577840822736103,0.45567377946719234,0.3588628528107869,0.4902445695412491,0.3865917561694646,0.42732860768814956,0.36229146112855476,0.4668240141910974,0.4178947028415288,0.4812078720196724,0.42027928114364516,0.4485066483601886,0.4657667555960486,0.41112708269944853,0.44160983383550484,0.44496821354111166,0.46247881121112405,0.35304101925058873,0.41661481067047984,0.4374121491323026,0.5131044152054235,0.5079150034289154,0.41975566099438,0.4101680190577504,0.47267357608306787,0.40417093348375144,0.4212139703345728,0.5251533968958665,0.4583174526496475,0.4347064492767183,0.49990171590106686,0.3600026026587141,0.5020811633445995,0.38482878143723603,0.4503318924774874,0.40312769758858663,0.4933035316651245,0.5819866594359594,0.4438128845038455,0.42077980219115035,0.380561498903054,0.3871286181064999,0.39657774165041143,0.4018002493427094,0.4107283278891571,0.4225792517428215
0.5291526315260936,0.5664803948218573,0.40328455618767434,0.39748143725556484,0.3031588923600603,0.43366467335412545,0.4461394485603975,0.5474452948864457,0.0,0.5767161954023946,0.38318664219860393,0.47752813590943854,0.4751287701349125,0.41553469214509087,0.4912608855557545,0.38802469737005074,0.3955175209012707,0.4968694785589979,0.4552008828320978,0.5085368400914015,0.3907255256916994,0.4747356054341937,0.5055934175149482,0.4074485831690045,0.5637002001462095,0.3552453640694235,0.5763800051805035,0.4720477954099229,0.3843148075566078,0.4271284858082565,0.604220168880733,0.4554086872076789,0.424370971082964,0.49681533924347876,0.4579612802268723,0.3918511809093407,0.46030482614274526,0.4178099739377786,0.40366687362319503,0.4303539795807621,0.3807149480805944,0.5258628191238178,0.38288573454362834,0.3541002807229981,0.563538521083107,0.4752336443399112,0.38133090905952177,0.3315349952742508,0.4684315808345486,0.3914346309231461,0.38101026470531923,0.37247137097679045,0.37773415741627286,0.38730651341821876,0.3649767638160353,0.5517571665897062,0.41178164128873523,0.4096943524259564,0.40578197169930635,0.4432008575428653,0.41269311029178923,0.36996778787135076,0.34610656474179413,0.373566798731582,0.39293266481602535,0.3889259089354894,0.4776391910298716,0.4260796673330946,0.4322838913165656,0.5078680068187882,0.4360520353974959,0.3858572938845742,0.3842743706646604,0.42745183019328553,0.4555004707828019,0.45990838747034096,0.37290701204060117,0.35296417914856576,0.4171005728926959,0.3062182560920397,0.37033941639859014,0.5140319223990254,0.4381259037375233,0.40457017123268274,0.3790835134101792,0.5896167940047695,0.4354182896836695,0.42015794867247763,0.5534777549186171,0.6027392006869869,0.3922482461466339,0.5234969647024456,0.36734839826240157,0.3955742702588145,0.38784879460472554,0.5069516242996719,0.3787393912162433,0.5229082872624407,0.37228973013658373,0.5113680517316448,0.39080918572630613,0.37778743579724583,0.3773131077781643,0.4814512941540072,0.39729999778577113,0.4327643412054176,0.37688939368046953,0.544328128756178,0.4264506166515829,0.42512411736281064,0.3960000960037575,0.3788037542161893,0.41141973704559226,0.44044796007515585,0.38896973704717536,0.47517642587797515,0.444151053228505,0.447312007744568,0.3418910741016997,0.46351427955997576,0.3523597021162298,0.39059877802452436,0.4025751042670527,0.41740550731861253,0.37936971967720023,0.42581835770805126,0.40020049691975934,0.43138016898274023,0.40154317759883706,0.42432499819911224,0.6617191781449633,0.3782370971999103,0.3953229230766036,0.44049712762843884,0.4307909729645968,0.35193118732678813,0.4584767783576522,0.4315526241844381,0.5003870289183205,0.4646509135770073,0.3861802552786693,0.40462302189583826,0.5048674005930445,0.38269674316591873,0.4041524827382739,0.5558590669121349,0.4712169144469359,0.4213135027180175,0.5587277270644261,0.3602796305224146,0.44409898759017225,0.38785460604543986,0.437443437111252,0.44795045487995067,0.47546421194903765,0.5358740724412073,0.4521413103184781,0.41754916558132893,0.37811558058333505,0.3599215538885318,0.39938062384943407,0.4235640057318953,0.41607695110172144,0.4232900470204058
0.6198269985328579,0.7564738795935814,0.46458596693453225,0.46966880940173045,0.3405511215403836,0.508011965875888,0.579379344448608,0.49371671417816965,0.5767161954023946,0.0,0.4438559938642701,0.5420489172521089,0.5417367924730869,0.4798657503047129,0.5602910803524644,0.44668613390366235,0.48773997976483097,0.5969401446145792,0.5509750317258634,0.5547111580187061,0.47386213870340954,0.5404824669205273,0.6556036297700448,0.4815022760732079,0.728969989701105,0.41581497359285857,0.5729032896738592,0.5618303564056627,0.4937500070724164,0.4443562040035576,0.5960820964633613,0.548056702618956,0.5075602609986365,0.6214149275930505,0.5306661567944292,0.45173938761478094,0.51457618140887,0.4798277025840445,0.4521123635997551,0.562060937355328,0.4674697162665461,0.6286564881102237,0.43136271914576385,0.4241879254931318,0.5802200547178349,0.5653676239450309,0.4405750219659413,0.37752325256559205,0.6110086963963098,0.446268274272093,0.4497184998083235,0.45663248500028464,0.44409400256313586,0.46172429214386096,0.422500018371046,0.6040533018545647,0.4873006070236203,0.46344868223366853,0.4760878269040095,0.5162295235212279,0.4385676382214349,0.42016449935356864,0.3943875330688035,0.4214965544811933,0.4512001595010389,0.4421818677178261,0.5362719435610341,0.4782143846530252,0.48011869029131615,0.5073640223465258,0.4989922008685395,0.441551584418552,0.4349911791692944,0.5106154650239958,0.5234670497753828,0.5633884966691527,0.4197139082993828,0.42030125669962914,0.4757476667676065,0.36315492707181735,0.4601293759951987,0.5727265331011253,0.4795257965826341,0.4615595322255522,0.4474372972735207,0.6912020040563361,0.44046161859400607,0.4622855450365159,0.6293699368273784,0.5349571869858484,0.46541443384047,0.6137908894210344,0.4352143341685041,0.46826300762101714,0.4584331821887257,0.5882900089987723,0.39925873500279624,0.673796751384489,0.4288290690155939,0.6289623707890597,0.44491203430132076,0.3898059329866117,0.4328717825171011,0.5808259875006119,0.4396376417252091,0.5033884106369477,0.43409685310332596,0.7505759503852122,0.5404854892175209,0.5023463527409431,0.49091531662710647,0.43923545758537486,0.4794524005738863,0.4880772861525454,0.46034503125246534,0.5791969426596728,0.5713308506634517,0.5239312112740354,0.4200262120778392,0.5485631174060056,0.41098411302958404,0.41713394141770915,0.49163896438978866,0.5130609473081896,0.4308397869012778,0.5212094308633025,0.4685270862109329,0.4450795542430593,0.5050743002994884,0.49570758006458315,0.5944775375489565,0.4342273258575528,0.4206024902750144,0.5132348252786265,0.47354746298237393,0.40990961810368054,0.5071986331939569,0.5359365894519242,0.5763248707192334,0.5264873667225827,0.4389410999637432,0.4846801013181767,0.6234537146627759,0.42884339032312185,0.49088669843666016,0.6829118772004221,0.49961749370742753,0.5286125819898513,0.7440296306513632,0.42305198683859124,0.4812550454088637,0.4740715459447707,0.4954770405144959,0.4850772845154091,0.6186626598451044,0.5524219035339574,0.5052306857675687,0.48976507036276345,0.44377079205163483,0.4299725711885571,0.5141328693801,0.5146169420890698,0.4931693875066513,0.5107503266196081
0.5523902110401976,0.4540377156159336,0.5589107694702766,0.488445275129112,0.41170936095621485,0.5699173525522381,0.48069079905487433,0.4153373235787503,0.38318664219860393,0.4438559938642701,0.0,0.46771760300220083,0.5910800856437239,0.44709830293841707,0.5121130391771924,0.631843236130165,0.612095906086017,0.5150845504151631,0.5273461716026155,0.478571325813309,0.6275056647425236,0.5785078611968227,0.4265082105326339,0.5001175483983173,0.4856687272391121,0.6383881720868704,0.3988559737517294,0.48325303793768937,0.5678741691103383,0.39671759244187316,0.44545234032413494,0.6091878182575701,0.5105947130168078,0.47501112722480804,0.4653524571636538,0.48053235968061275,0.5878746340422356,0.5301119918888445,0.5798616433389291,0.5584391439150993,0.5157185767071311,0.44928949783461575,0.5885313323240906,0.6263775652001786,0.4640934108713108,0.5111041392836949,0.4088375812340923,0.6356382066165818,0.5382014276962382,0.518524603254158,0.600158579634631,0.6099289802038221,0.43900967320893136,0.6108184501125655,0.5687687884341228,0.38774179239863005,0.5770868884952773,0.5608756293843693,0.42940627871559417,0.4863613984267716,0.5026517652762499,0.4831060553009956,0.6168097066855364,0.40242374472722325,0.47578151681700714,0.5103912898646251,0.4877949727016645,0.5448498460634992,0.49463397636225737,0.48866591779263036,0.6433231832902875,0.4291460555478022,0.4580563692099319,0.639905719175966,0.5504223059967971,0.46772101540046496,0.6086474802494475,0.49332140628947224,0.51412650374349,0.4933475738373506,0.5935958046368704,0.4949845772710894,0.4266137077618831,0.5409639143001999,0.48502845435228675,0.4887586147631139,0.4816656171445594,0.4452237113112034,0.442051462713035,0.37265374479301416,0.582951533629581,0.41044652059619857,0.5527299192489349,0.5269953991627403,0.47248142486190153,0.47878595527943435,0.4335281917734432,0.4211907445972357,0.41537013456527266,0.46604990067021523,0.46745142528562844,0.46162572400339047,0.4236123861444973,0.4130344194887399,0.4582115487417407,0.5280590147689886,0.511426588910851,0.448973903826321,0.5135597430475144,0.47723399271111605,0.6281669524271882,0.4810722489418135,0.5408759745838582,0.4422936038815506,0.546485094777761,0.4981825642502088,0.45770611139567957,0.5731275712643487,0.5664505056610044,0.44468535180340685,0.5488006700137112,0.44337405296078725,0.5066401443711213,0.5904047128490827,0.42919463523362267,0.628134220443448,0.46243040967424714,0.4569072832627302,0.5337865930280703,0.5212350551735839,0.3654671296814079,0.6263247043260403,0.46994087351140823,0.5164303150646516,0.5448042659852878,0.5136230568038852,0.4413392075399685,0.5465708205266618,0.4728037069697598,0.4963210841785435,0.4437275448542535,0.5695479991081546,0.45491508219454885,0.4384933469088101,0.624528259626374,0.4659445212216085,0.46442761942100247,0.5302966632118821,0.4748213932191814,0.44284756083154214,0.4984229652636265,0.45172487955015694,0.5182584045381396,0.37913144496812046,0.5263594032374029,0.49452073688202575,0.5361458935243736,0.4870000152797834,0.4392634988180517,0.5841771406490335,0.47332207367545887,0.4634958961855173,0.4193770704070078,0.6911465156694521
0.5352127651666823,0.5629397938324463,0.572749852515532,0.4398854542490179,0.412094883434706,0.584452507450699,0.6203800879739746,0.4782119179167324,0.47752813590943854,0.5420489172521089,0.46771760300220083,0.0,0.5218432164740789,0.37863039862416836,0.6347687126058538,0.5066447254361043,0.4821154877312699,0.478780423996719,0.514113662434271,0.44328820007600933,0.5118062441077077,0.5991369108615385,0.5277674075992962,0.5718600395586859,0.552889608998148,0.46569319117433866,0.4527923493827908,0.4412874131688798,0.4513667918480322,0.5618094170464257,0.5297318828832351,0.5153985362952196,0.5216244603487894,0.5191597359771255,0.4219576208784711,0.4152188878142674,0.5388844551618975,0.4234318202955954,0.4863959088341711,0.5175112895280961,0.46359025399888304,0.5886055663318036,0.4646274944836674,0.4531132943676023,0.5108147164189927,0.5374500320752943,0.5344145901003612,0.4114492424748783,0.5132876666896223,0.4267572531638057,0.4693512248379865,0.5070859085679474,0.38091385952910395,0.46732022555674274,0.41462621992985554,0.5171894123057769,0.455053285041766,0.5935017699563799,0.3790565723223006,0.45536593421337973,0.4003305721397116,0.39911275661161855,0.41898707270438534,0.35096143331833934,0.3969906663187099,0.3957801910975385,0.4322391592336451,0.5577300101058054,0.4154002220552341,0.47599126390227015,0.5236114357602893,0.36455930184438223,0.36323910494862194,0.5100522905629172,0.4566828331203739,0.4301994286481839,0.4467085392421804,0.5019069937769539,0.4474370131902954,0.3690752284783675,0.43719590924284185,0.5101763833612308,0.6007543340898871,0.40516378934193353,0.39480000388996445,0.5723910115585614,0.410590241524257,0.39684485403249714,0.477801652929406,0.49436515585887425,0.5092581150706545,0.4840411196695127,0.4385979412080243,0.40828271443902575,0.3876299267823105,0.637909320354753,0.3615388178683557,0.5034338984089135,0.36137049558438916,0.4802002724281518,0.37433421587262,0.39624022235886364,0.38874304776226914,0.5040592095855982,0.38642369993232045,0.5775506227304023,0.417042018149531,0.5294779268223136,0.520370287577349,0.5218373062226318,0.5149459691988377,0.39620338659917487,0.41237697065185425,0.39617374805169914,0.4245068487227281,0.6532934305386916,0.4374517692143487,0.49880437195378063,0.4116626409107315,0.4218558922182564,0.4246613383626953,0.4019138499008568,0.41490472454897187,0.5917079536533907,0.3528867780281301,0.5712631486088958,0.4088567167837198,0.5733519305389694,0.4457561964589093,0.43582990335878347,0.47843314334469517,0.46032260509141615,0.3649941274363007,0.43446517880856944,0.4265937840940936,0.37972763599398207,0.5670158039159681,0.49554474374145263,0.4587820700730487,0.496906341422476,0.3830028279761503,0.432718794229171,0.4796673615583092,0.374359128980101,0.45772055096763536,0.5872498391847607,0.6942114411147785,0.5287162819742209,0.5329726498055192,0.36960385520263495,0.4278155109350592,0.39490180441124817,0.45712937743555704,0.540317814112598,0.6185035975410403,0.48709665391159956,0.4766650376224754,0.6522029246246195,0.37293027017289515,0.40828952387797285,0.414141425895572,0.40522960331732877,0.3954728450789771,0.5202501896731524
