0,1,2,3,4,5,6,7,8,9,10,11,12,13,14,15,16,17,18,19,20,21,22,23,24,25,26,27,28,29,30,31,32,33,34,35,36,37,38,39,40,41,42,43,44,45,46,47,48,49,50,51,52,53,54,55,56,57,58,59,60,61,62,63,64,65,66,67,68,69,70,71,72,73,74,75,76,77,78,79,80,81,82,83,84,85,86,87,88,89,90,91,92,93,94,95,96,97,98,99,100,101,102,103,104,105,106,107,108,109,110,111,112,113,114,115,116,117,118,119,120,121,122,123,124,125,126,127,128,129,130,131,132,133,134,135,136,137,138,139,140,141,142,143,144,145,146,147,148,149,150,151,152,153,154,155,156,157,158,159,160,161,162,163
0.0,0.32747271977889336,0.29433131191877415,0.25379998451929153,0.2791116109873531,0.29906927808732964,0.27816907168804494,0.2907792947145511,0.3323452786400294,0.2994920060959089,0.3281576566480671,0.26936687837837225,0.4157028059453487,0.2881598619528707,0.33277912832974027,0.3150781662520883,0.3220088736039258,0.44975993070755116,0.3052000602341425,0.4253716942081987,0.32922066547675044,0.34987823257125217,0.2890218641634486,0.3397393452024358,0.3838506330712727,0.2698697628042673,0.2727835708576264,0.312965626944033,0.2607170803125783,0.2653179336966403,0.3378562594214958,0.34319711248806717,0.274198225778279,0.29454200295572,0.37573240484009485,0.28831534748832344,0.4042993352269751,0.32282184909717515,0.25321927633168245,0.36771490186107236,0.2742904252925167,0.3099810742761163,0.324412675537898,0.3076298748799259,0.34117021942779313,0.3681339143464442,0.27066977114807106,0.30332342682128716,0.3738945573753471,0.3342937506191533,0.33957689421038745,0.30917295517072924,0.26005810205440305,0.28046679702791716,0.2789203531648567,0.2973552519323361,0.39418892036509384,0.2872157685872146,0.29662610776107184,0.3403908760589679,0.2837513568320248,0.24531932807734078,0.29313594817410876,0.2372884832737269,0.294412341544717,0.31206340411944694,0.32421620821026736,0.34039830133636134,0.2791637958268313,0.3383829933146844,0.4047059640225299,0.30368140790012654,0.3111847422162846,0.3374968827812443,0.319002442623742,0.33725786456404583,0.24256629856436254,0.2853801825879924,0.3020243165349452,0.2408309563343301,0.2863967052220592,0.36569819269237713,0.308048036062217,0.30166563027694376,0.31084168405078866,0.3824608039685089,0.3097617465440435,0.31931140717759576,0.3573579133833186,0.28042694527296974,0.33945414347702013,0.307667056031159,0.3322057718572409,0.3343663365191262,0.3063498569872771,0.2832076310247828,0.22721787289734935,0.27669175124449175,0.2485409990811764,0.3721166286265851,0.2956028087506415,0.24526223990289445,0.2501704801050433,0.2504154213776083,0.3458370069699059,0.32698416107401307,0.2721333116183395,0.3114193133429797,0.33679341634974436,0.3166309963667262,0.29582150692582054,0.3210633339805533,0.32294537548226765,0.2582994423391531,0.33570557790703515,0.3453850989313516,0.3256285123410427,0.30877048218745895,0.24088485289506628,0.266944474255987,0.2861706481249198,0.22997853938363275,0.3228276501055449,0.3897016495395739,0.2818315261454355,0.29885376995563623,0.24356783831012196,0.2594521722544147,0.2693786853558401,0.33344964797839766,0.26045015055869586,0.26764381562403955,0.25744527458759553,0.31592842105198543,0.3003361015279244,0.2646554627763773,0.32541590230393685,0.34988127988611895,0.3319115820393001,0.3397105307232604,0.2519393654623184,0.2893849349590268,0.3559258194191715,0.26670161246036156,0.3287632681411069,0.32331910985565376,0.29893425983258076,0.2686077670486668,0.35789432636884927,0.19449970585314408,0.3781690718107686,0.2720362304763542,0.3190678662188643,0.22955604452615488,0.31455032034779823,0.3767230529313299,0.31449116575799996,0.29982260357739576,0.2879710190377112,0.2954916235680918,0.25713033292541265,0.36019599740779423,0.23132505120836191,0.42902902078380173
0.32747271977889336,0.0,0.31172568949021123,0.26169063163882145,0.2543754492616969,0.35865813141860303,0.2935830760098395,0.3490818786512042,0.29884410942507944,0.42284635531513237,0.2925744858706352,0.32796202686076154,0.3010385127645973,0.3008844039966076,0.3194564210612664,0.27897577434628584,0.2949169314901276,0.29541121042116775,0.31538769913616627,0.30289326167488523,0.3184924476443762,0.37497874804188464,0.29519476757638796,0.33441208054351795,0.38450759300548343,0.2377298323030211,0.25798430545526563,0.2872274701777278,0.34943843758068754,0.2547105431702916,0.35353880923691916,0.30629464059564665,0.3108001051530181,0.2742748017364421,0.3086976086017875,0.28743973341624063,0.303538743150754,0.28393020373088473,0.26547611368537244,0.3289743709900219,0.30611601887146966,0.35653199272712516,0.23714735779946933,0.26907594916949956,0.3448913025299877,0.27628925814888183,0.28598124432053634,0.25441213033218046,0.30910292096327757,0.2616014201944705,0.2964853341052717,0.2863491813352948,0.28083259760649576,0.3308161259586445,0.2832738545697254,0.35019698007113176,0.29496977372047206,0.28434694268666694,0.29651194616653626,0.3010010749638933,0.294759693196823,0.21756549377180523,0.2548688639699823,0.22228060708289737,0.24959020552966177,0.2511628905522645,0.2796611946250464,0.2923272646325109,0.24321752706301378,0.324930487528826,0.2961578084469587,0.2700502783932882,0.24827778887280766,0.30386063889738235,0.31433248993081836,0.28119697717751996,0.2296981374479549,0.319759300878359,0.25725423453299756,0.23077634203546665,0.2841577526940001,0.3083774204199932,0.37733219432503173,0.26360649458309837,0.27087255535194116,0.3980521611217104,0.26514399845505154,0.24501450792703475,0.28438432439847744,0.3054019382435398,0.2653056492602139,0.3168896469311433,0.2940428630513999,0.2819352969570354,0.29838147048281993,0.35736050085469506,0.24049864911730012,0.3184232272422285,0.22903943834660712,0.31918762108788246,0.2660604274099943,0.22334470019697092,0.21412005430887354,0.28362907366762136,0.2708454436215706,0.2714149512776879,0.24461398250392935,0.3886161742004487,0.309212925193357,0.37757056597324656,0.2850242903577751,0.24790659457464936,0.2856141168902039,0.24556245635841933,0.2932167002838577,0.3933664581375293,0.3189129590435697,0.24266698348124685,0.25962601180203365,0.2669101096324988,0.25079976785883773,0.2336062545162941,0.28860267693361796,0.37145770142118645,0.2573191279497561,0.35159714051514823,0.24625613243139577,0.29513629760263843,0.3257210919929728,0.2676915669202368,0.31531389162432755,0.266427511829249,0.22612943246034628,0.31350241463598094,0.2753347793970305,0.23829203976803465,0.2926017356453189,0.3038591932583896,0.2996366006318332,0.27895286351340387,0.2562027108282418,0.30278999355711184,0.37309513937877875,0.2617394459777178,0.3050334461282816,0.2797456098143734,0.32687578530755307,0.28273118014559967,0.40613310050706536,0.21263138976296728,0.2751487237669505,0.31269220183991786,0.25958326852580293,0.28434978890716595,0.3193730062694486,0.32133233249391935,0.2872260551252684,0.3446825006461412,0.2589853496733605,0.2475017625079185,0.2750321127205033,0.34112426560047177,0.2433709314915843,0.30321995295695187
0.29433131191877415,0.31172568949021123,0.0,0.25058227400757493,0.26346463936258163,0.3317825601712036,0.24079941322606577,0.32223255938187617,0.26215893108770766,0.35750919961666977,0.2998351131237846,0.28125858469300535,0.34681267808713184,0.24861386057966545,0.2762361097130778,0.3844093378437806,0.3424810125639161,0.2902643526286967,0.25291870518000065,0.2531931215971707,0.3539364405905751,0.4134040356317929,0.24227767080377238,0.28496794997770764,0.30468124365639815,0.28607551567907913,0.265071043704713,0.27450484405186343,0.2572731645443568,0.26180191617090726,0.26248623523858167,0.3318362260786645,0.24877465221557202,0.250685849501405,0.23509986592912957,0.2646390011868515,0.3088102941085728,0.2816251124883469,0.24937818913100943,0.31415025255300527,0.25125237249520094,0.3264284107625918,0.26326426960501664,0.24660227965603004,0.32386452759775797,0.28655735196007925,0.2722822935542433,0.2703244194503905,0.2747861066661918,0.26055104697335274,0.2932999734835986,0.29698053946920844,0.21028350215540836,0.29359251760420135,0.26435168039644746,0.2657503825559352,0.267008473329972,0.32168782807314483,0.25042406908754866,0.2639082158610806,0.27342317264662014,0.23303798987724728,0.28737805972311364,0.2132481522729512,0.22403433405692322,0.2536426094488891,0.2713340580224156,0.3261470361592554,0.2807075376815406,0.314827037178367,0.31814448685938124,0.22018281030163991,0.2596344619638767,0.3915424603526856,0.33863221190407905,0.22001383465910987,0.2789870542439264,0.2992973993601815,0.24562091179176163,0.21413021319784045,0.2783920786097648,0.29370316381597655,0.30601650367271765,0.27473583947930785,0.26266687299787744,0.35948599529001174,0.25041490494101115,0.23053099603304233,0.2861981656447176,0.23911061019760074,0.2861751462341619,0.23755568043696673,0.2680641978184296,0.2202392254462132,0.2675658075338027,0.26816117860261024,0.22181512651548016,0.2787662054375324,0.20507716414122412,0.2987669990468376,0.20984170047751488,0.25248242079602523,0.20824408327871632,0.25989161394288396,0.266156925199116,0.34893401995936424,0.27359517973061204,0.29174306736245464,0.28379720259737146,0.31377427257795565,0.2615854962436712,0.23849714989302956,0.2708995447021231,0.25023222358184743,0.24701283205619262,0.3423713914051611,0.24147541885183416,0.27827691992648823,0.2677783602851075,0.2586386171778149,0.24866328724063053,0.22802530640938337,0.24227158912446595,0.316582553551022,0.1995527424193674,0.3084367281778786,0.24932739035759097,0.28437304717589135,0.2981981509117873,0.26325577473906564,0.2774004094470186,0.3804796195131719,0.2082134874884079,0.2347756598120548,0.260682951660106,0.20470460675145677,0.23129242631107602,0.2505250643539562,0.29192012507522863,0.26423828699809015,0.20957459420463817,0.2741419357303725,0.2868809405664533,0.2640236401605504,0.27392229333772017,0.2383657864516944,0.3195183038939954,0.28226611701814236,0.3558104915204041,0.21474302619255325,0.2308793252992345,0.21265877979505976,0.2556563936812219,0.28786769999731177,0.3055205331898707,0.28490938747445443,0.28410578874335907,0.33704100923037644,0.19005543855831664,0.25991912570276465,0.2705630111161258,0.221635882876811,0.2354152712393033,0.2814273734727729
0.25379998451929153,0.26169063163882145,0.25058227400757493,0.0,0.2308523129768371,0.26957172626545184,0.2832409100537007,0.2621460541504055,0.2224486090084236,0.2599314029918368,0.28952438609469267,0.27346372274471775,0.2568530277643926,0.2602214439837007,0.2835818930009948,0.25739765955252186,0.28750147588757835,0.27334998427319285,0.29591454825764757,0.23381600298217858,0.31431712277467366,0.2500503635097041,0.2559626561711205,0.2300111869536871,0.28637801056575285,0.28380590410543965,0.26137877461125275,0.2709290827352726,0.26082791235641134,0.2009523726386168,0.2633825513491241,0.2707830044144105,0.40882291257428055,0.2777179697019485,0.2681492189943273,0.3016351370492412,0.2619674960645918,0.28732873496166683,0.26686932970573113,0.3084484992647707,0.2990587561622645,0.25698592607435666,0.25616039395304846,0.30390404396492077,0.27040102421962053,0.27705774189130533,0.19178895299788326,0.25388768902689046,0.27101972502614335,0.2649442921890444,0.35738647887433206,0.3124136617355046,0.2510108035607107,0.3840287287008094,0.30638013454903223,0.2279556712445422,0.3024210194477933,0.30210056709007005,0.27492187527474665,0.29704380389326934,0.2978881290099617,0.24447193826856603,0.29064253912232213,0.21164207230884377,0.2578300318240697,0.2796018876203299,0.3123449271309557,0.22468144983559074,0.2617310201293552,0.2800753089161193,0.2613330257572323,0.24484633036900977,0.27591111704176197,0.36531911733662226,0.2981040910657988,0.23183496767376868,0.2981354849356388,0.2840902450106347,0.27075935068661877,0.2072187564215727,0.2524395964044242,0.3236669942488137,0.22767724499072792,0.2602537691468664,0.32450054255964816,0.2647145342474033,0.2845948480611678,0.28671144348279964,0.27328614575316873,0.22385517552794248,0.31142945016807866,0.2914095820924785,0.2680163538373679,0.2507698328904808,0.30735961950915147,0.25972385142109444,0.22997289374097882,0.2844965069402709,0.2313561944470279,0.3016474815171574,0.2509632478407832,0.2768530297010916,0.3309598679450703,0.2728150970703,0.2947978442632208,0.2520504932944663,0.2853205178826673,0.2477520544824086,0.26895585289937274,0.23268584910825635,0.3319882213067927,0.27751281968786334,0.32501963986651816,0.3024329274445088,0.29236441289017107,0.2551243092250982,0.28125174815202003,0.2241028784734154,0.2960291079757442,0.29514415187571147,0.24764909498327298,0.3142415238760569,0.2535149609961963,0.2873659581327423,0.21877400840078248,0.2831920016858703,0.2743633066667907,0.23987674903213066,0.3139692665873525,0.2773901571013657,0.2123136770839698,0.2802216918120352,0.2571947563422598,0.29462384795727076,0.259164725816133,0.20117546259612654,0.18223589990781217,0.28265474508680805,0.27233690132000565,0.2805840710617403,0.3354285809932322,0.26765472791038564,0.32452310300910997,0.28371615086667046,0.2784214392348206,0.25563878777625554,0.24743325201170308,0.24728492569842903,0.24101827304307302,0.19932526271854395,0.3031955193296496,0.28544656413115704,0.2746169773889862,0.20655346776405442,0.3250895263371487,0.2643478960992486,0.23369116786905486,0.27314202200247845,0.32801080687199624,0.2760563835429973,0.26321625153404987,0.269146557585881,0.27206919765670395,0.27245152857115457
0.2791116109873531,0.2543754492616969,0.26346463936258163,0.2308523129768371,0.0,0.21998728654129804,0.3004478669158559,0.2183760407493346,0.24330020939071273,0.25144697331457283,0.27928211040350137,0.24151876647197368,0.23191846867367039,0.2413210227278017,0.30303920877267587,0.2614015703787807,0.26612667797476275,0.28684588180875575,0.23147293944528613,0.24018405864775408,0.2948127558279839,0.29210267215485475,0.2897312370505169,0.2770913402160346,0.25602431558037514,0.25568550614414504,0.24793710925786122,0.2215278526516233,0.23393646740568344,0.2550671520565455,0.2766811831512604,0.2342540146159458,0.23881793529878362,0.23545742338867542,0.3157666757566559,0.28172177027053036,0.26389901823386386,0.2545151863990402,0.26693175800764646,0.2832270037537553,0.268655168557461,0.2946672071892445,0.26622395108013003,0.29270557267631503,0.2339385408629848,0.2431930079228897,0.2650107871861213,0.27877749350352155,0.30422009748361684,0.2697696167451196,0.2826544090898751,0.2457905845040318,0.22339370849184725,0.24848156183977485,0.24987553473126625,0.22415841219078542,0.24057814957664703,0.30181264587841444,0.2426440491846416,0.24823671182703103,0.1945825367322078,0.20865052477980106,0.23202752418322317,0.23761588292943564,0.24866560837278542,0.19718306002327818,0.2339497688628041,0.25082447708529837,0.2310441857634324,0.26136848909422394,0.27158269849261696,0.24642969928556516,0.2218270016938286,0.26251891102854136,0.22766881685523202,0.21489488900677334,0.23001970891452592,0.3879996728837163,0.2169504874119441,0.20220472804679263,0.23447401763907808,0.29767138344450256,0.26482681552459425,0.1988110360198646,0.24509160901461222,0.24698330598997065,0.23155739134232892,0.24193025906404536,0.22352523536453275,0.2088394815849769,0.3671607204826885,0.29598393577178617,0.30602037915486485,0.20184850844163754,0.2625022710352079,0.23208864162453502,0.18073460812212133,0.23440593281723052,0.24859618050474575,0.2364219845059272,0.228085549602866,0.21000293517676097,0.23671662090321968,0.22488687118222395,0.242230067749821,0.24550876432801272,0.21270228014700274,0.2596548290093737,0.29477998400082767,0.24790962573377134,0.26531701965850796,0.27929145470932965,0.22556806658563208,0.24686283471363363,0.22894654273347942,0.25418300855449666,0.2294438064872535,0.26232130824478583,0.21409370467814975,0.25847117056797003,0.3257940702930002,0.2197078905082339,0.22500746207434294,0.3046882496187865,0.23560044680682565,0.23936752659702362,0.2220351227797809,0.2478133746137303,0.23186991547064895,0.25481631525780335,0.22186291130639982,0.23711347777098846,0.18599550660633252,0.26460184745196613,0.23713041903384366,0.2323865563472709,0.21844357106360213,0.33955499339028306,0.2672122804985382,0.28981073662679163,0.1974041752697089,0.2595434837387187,0.2976667719503107,0.26107343571136676,0.27990959289068323,0.262784845679473,0.293403957253531,0.2476913227336286,0.25382353046363587,0.19364263466813186,0.24633688809163706,0.23241706160153391,0.27473522336275014,0.24649493418058815,0.27306023220991454,0.2514495798507048,0.2112373572952182,0.26640177505212176,0.2270861173087694,0.22308858641999538,0.22008666353922327,0.24579839320163346,0.23599942416050546,0.33736057528004965
0.29906927808732964,0.35865813141860303,0.3317825601712036,0.26957172626545184,0.21998728654129804,0.0,0.2536439403322879,0.30699773879612857,0.24687919815836065,0.30549737309316105,0.29787263066153613,0.31412268022037343,0.3569850422129651,0.22442663229772322,0.29723663959860547,0.3064818696389924,0.287470644856966,0.23528379115496206,0.28760435819760927,0.2654789468240156,0.30142017052944114,0.32281228857925587,0.21487692648777468,0.2621625515057876,0.33147126438005925,0.23877866297329545,0.22662205409961178,0.26643897757228213,0.2707362782302757,0.2291732196285905,0.2920377102600531,0.32262063767227106,0.31229091290448846,0.25006339392175114,0.25041783986838095,0.24244529774601317,0.30899824347905697,0.2442962040194314,0.2383560471772243,0.2546043023225763,0.27120853326796224,0.2908301830315848,0.23549811776630544,0.29089861034759334,0.27941087137949244,0.2549006508202722,0.23064568895772955,0.2646697277170303,0.22913918499750105,0.2402366192829504,0.27780722444124717,0.3241116437473819,0.21445118558685178,0.3193206344323305,0.24980099843870368,0.2938419130599134,0.25656200529416734,0.3449759596982404,0.21606919887558731,0.24317983484934122,0.3240378056674968,0.22693727613196973,0.28425149621141843,0.17896717323270295,0.2115164695668838,0.2392953591829423,0.2696745998595158,0.3034188448028284,0.21880425136541157,0.29267664771731294,0.28898276990890864,0.20428165727371225,0.24340905349826827,0.29951864932797856,0.32903624856795,0.23247247008080676,0.24345533182444556,0.26728425686198665,0.23316326321045427,0.25445862423852594,0.31254385927218525,0.27252714868245287,0.2925039505714141,0.28623875673347887,0.24167373910061313,0.3045363901585858,0.283170658399704,0.21952976993919684,0.2887512419696056,0.2518398517735499,0.26498814981525853,0.2839698632736607,0.25593631574961506,0.23445505739832267,0.23117543597765003,0.33676428601603775,0.22483311752507018,0.30414458027791536,0.1881475923295558,0.2945127893571967,0.22325350141790698,0.2190928411729302,0.2159067814197002,0.24836399760189978,0.25222399104431664,0.3073568170532079,0.26681485032529095,0.3029014578114184,0.2502612204513318,0.30668010108602317,0.2850107525218905,0.2099716848553611,0.32642204472204067,0.24476469382856592,0.2516887842462689,0.33032125295767917,0.27348595710323037,0.21279779227298917,0.3089981228710817,0.2522070528613714,0.21841533332520066,0.24945392960984744,0.255570123540443,0.3262653037747724,0.2232382206317978,0.3422022831113174,0.23966814759540425,0.25287812319757014,0.2876000739224937,0.22527886302397876,0.2650504301160793,0.3244283192245555,0.23068220316698068,0.2596142149258117,0.26031387993502597,0.20959085433278843,0.2522266637611359,0.233733054490479,0.2390384865187157,0.24321241761823975,0.2614255424197188,0.2639667485442775,0.26603059113417904,0.22854860080915568,0.2674726738478056,0.24390193206328314,0.29350045108101386,0.28961291217953217,0.295364083076638,0.19775943114156128,0.251093026894096,0.24801105849857474,0.21596533708075236,0.22867957443465814,0.34361008311279856,0.2909158412476381,0.28180189807187106,0.37818735314938073,0.23371896419342356,0.2516699316873863,0.2405641326568139,0.2718475207526414,0.21355680383892822,0.27285954620230646
0.27816907168804494,0.2935830760098395,0.24079941322606577,0.2832409100537007,0.3004478669158559,0.2536439403322879,0.0,0.22766188938272816,0.23694785935933482,0.27990749701550643,0.26736252080115175,0.3265743118791918,0.25189097801278365,0.24776629538444048,0.3426640812384757,0.2335008778582149,0.24789379800939346,0.27156151249784083,0.28633714455726533,0.22463193124063915,0.2734244411187627,0.29105868327547213,0.3648652537181975,0.3084010339332689,0.3091629397381339,0.24936377367941256,0.2610916960564061,0.23590386559120777,0.2710329162781212,0.253680879734628,0.2904712839208293,0.26443483920518085,0.30094128741031245,0.2919802395222429,0.26544329517021203,0.25621979085598945,0.3030698164604634,0.23379017313641334,0.2612860893088286,0.32681699336610753,0.29267704803309047,0.2949974822898056,0.25727031065574735,0.29638886031023676,0.27466670192140075,0.25879676335467916,0.2738502483919789,0.2413567227433901,0.3825506733413581,0.23422019131211444,0.3088705761608663,0.25840186112541286,0.22296437776723732,0.2982324620717697,0.29552330051981796,0.25700058689011235,0.24995985339184995,0.2799754004671677,0.2797002213364279,0.24968631157018112,0.20375887667075782,0.20816484195089144,0.21931042104937093,0.22665244690629444,0.23066189874783563,0.20159689664680233,0.26310423057696003,0.2838018909854131,0.22576242134933228,0.24733448394908453,0.2733829323829656,0.23307975319010593,0.21746176262891775,0.28453571192695126,0.2076822634279798,0.2495078627447372,0.27652666182326385,0.34252312159864823,0.21820102154631826,0.20662510211418086,0.23441930875014072,0.2935001345500064,0.2769535212658577,0.19104515647399092,0.23840913114337126,0.2604492592198009,0.22678002687547355,0.2596919674096739,0.2542507842466855,0.2304458275872974,0.31266708061846704,0.3976793003194202,0.2832786015169608,0.22939276571563627,0.2629164236997205,0.30919851883836924,0.18644528307309846,0.30882729547151827,0.23855170487813976,0.27331451784659533,0.2411621702419756,0.2291894901746836,0.2738586068568884,0.27076703725176854,0.2282856181018529,0.25142085877630616,0.211218889964112,0.26867780943913006,0.30468270622080146,0.2829547532300829,0.36128479544344166,0.25152474901708427,0.2355213560391763,0.2226719340566097,0.2303926752289438,0.26220512426888615,0.2537677144922758,0.26948441835266507,0.24413535696120447,0.24420683448580066,0.24822905748886764,0.2235246797410094,0.22806546689809473,0.33678957351251637,0.2171271034045029,0.29494603882264747,0.21963822539679825,0.27634361000678254,0.24368560296152839,0.2525759283027005,0.21870206761403788,0.21068687786059198,0.1953262468025054,0.2461967322582746,0.21732487979921444,0.21767241751315808,0.2351787250887604,0.3027585275123568,0.26496643519131236,0.2850460829071853,0.2375731080420157,0.24592458110744794,0.3162188866714367,0.23967788279348848,0.2737609625916992,0.33013256485047016,0.2798093765299315,0.2630677914862918,0.2635404708001047,0.17960281627493585,0.2551391710677784,0.272097000326944,0.2536171915595422,0.27196257465037943,0.3320747954594723,0.27521652561720145,0.2582492633561313,0.3008233405621032,0.2800886449674406,0.260653322509507,0.23524605610368163,0.2584475639143397,0.2425779449218795,0.2898215530052844
0.2907792947145511,0.3490818786512042,0.32223255938187617,0.2621460541504055,0.2183760407493346,0.30699773879612857,0.22766188938272816,0.0,0.3067088480725263,0.33422500605100913,0.2602826059354004,0.29309961258280903,0.3277036966456055,0.24185039874858902,0.28112764123522593,0.3097874303977414,0.2956005510470094,0.2767023659178075,0.2743039182644308,0.27174291891945856,0.3110025756158146,0.28495621378013786,0.2547258280155983,0.25820353417173236,0.324608046618888,0.2511970784423184,0.30082127564635813,0.28951901942239583,0.22523837528208285,0.256804943041331,0.3600116109685875,0.3061978117212545,0.27317131697729896,0.26990763180331423,0.25496084033448047,0.276868331733856,0.3091809834867655,0.3044596274396413,0.2587760140553398,0.2896440419415659,0.2564534293702404,0.30233298759710786,0.26758016588464795,0.23051039210136534,0.38861831774852973,0.2928968632765366,0.2486236945965248,0.2334402857020797,0.26773534844199515,0.2548627306040968,0.2758860033183985,0.25463825542436164,0.22621311124867333,0.26400950359127856,0.2553956135219003,0.28984317420891154,0.2716599846365291,0.34406263187388364,0.25725267149036685,0.27300903683114286,0.3574889679957823,0.22650443859468283,0.27782425297093516,0.21181234454318873,0.22206031152106845,0.24985484631561494,0.2814949596841976,0.27052100343920454,0.27291288655605234,0.4420892022029223,0.2773944700885107,0.2400450402884767,0.25228977427576116,0.3324412089090899,0.3611193033508514,0.239127967710856,0.2732428867239581,0.26630128568871764,0.30457049519188567,0.2004077542381393,0.2566439292798211,0.2961936429191725,0.30632169380207874,0.3080872369749867,0.29059043387420025,0.399595728108593,0.3704671744495643,0.2550465028264239,0.3452645912130585,0.27636124070094875,0.2556188687090721,0.2694547424998279,0.2545578714012766,0.23057572504778875,0.27037911671759873,0.27912532895961767,0.2571530026284276,0.30414373548576573,0.20709742561575736,0.33374051577079755,0.22933673992721337,0.30824803479700497,0.22651764916659192,0.2647526050338697,0.30191567050998186,0.3210767744051567,0.28022140348302416,0.3391409564831417,0.2751687450518383,0.27994245263702416,0.23705595583446687,0.24790621984213349,0.2855341280509952,0.28542150367531527,0.2757538824953793,0.34753968395909896,0.28825844735784756,0.23157446774132975,0.22447327765398867,0.26502524664546967,0.22881792323780342,0.3267740184458441,0.24208846209728685,0.2967327453260199,0.21462431313969965,0.28034812002738396,0.24331363818708407,0.33359680817546106,0.28464163681765225,0.25718700090259555,0.32937066497629347,0.29657209849005883,0.2580793638998822,0.2494484136706942,0.26188406928444813,0.19320259118244115,0.24812388216479894,0.2602983888797769,0.2953679484239249,0.2946136891748816,0.2325381165601093,0.2518216116557061,0.31129877616866314,0.2576270653051405,0.2742299073708192,0.2707513266625192,0.3199353097453584,0.2786217247604328,0.3419024916576523,0.20899956766209432,0.2898239129072632,0.25436100835442965,0.24790723069456533,0.2558935865073943,0.3408946160062199,0.32695349274160546,0.2596150343042606,0.33181753498151884,0.20583084785466116,0.24574362031006305,0.25422979065825757,0.2628210496829662,0.250706239360516,0.25799143346580833
0.3323452786400294,0.29884410942507944,0.26215893108770766,0.2224486090084236,0.24330020939071273,0.24687919815836065,0.23694785935933482,0.3067088480725263,0.0,0.2583899785201118,0.23886310502969074,0.2617722603666288,0.2604688935591449,0.2856258171253495,0.27684725680982464,0.2601582674562418,0.24973199276487465,0.31198575516670146,0.2367238297140508,0.29465240086790623,0.2599778264253136,0.35087071469198633,0.23044443329214673,0.2549369128487484,0.2748631028276114,0.22744850788313203,0.2864939928808319,0.24443707037677664,0.21465759383180302,0.31835399244666895,0.3522324217572768,0.26544311850844493,0.24612800180265504,0.22703830079527584,0.28534152792024076,0.251900479053254,0.26864059502844195,0.3298993437814534,0.2539790186016471,0.25874735434611096,0.23208713779342646,0.32323827927471505,0.24931627575361529,0.23869240397823066,0.3031745044137818,0.26213832146695104,0.24511276827679987,0.22130672965297063,0.26207647972523485,0.26780345919631937,0.25051643544309354,0.23177111830372604,0.24366248171012841,0.24230715816042533,0.22940401765453367,0.32689040018420124,0.2762482468640282,0.259099761997482,0.24904970389510717,0.24868601230193763,0.23487014048049165,0.23590883545921149,0.23042456163364897,0.23346685054330873,0.2612005151921732,0.23624710951526143,0.2863281181774499,0.294501780913997,0.25343758219852897,0.299155517613694,0.32963033271567743,0.27165193972196616,0.2664358851122625,0.2632524928723639,0.294244294358326,0.24981164011359133,0.21657520831202995,0.2341157342019793,0.26386556650901816,0.20302138632548805,0.23087495364487698,0.36429927094974596,0.35475585879551624,0.2423245106163793,0.2731884529043806,0.3671483789174542,0.2611155263672476,0.28547858164250467,0.28119608065532914,0.3775649391343539,0.27835248886505076,0.30657719597196925,0.25107969657341056,0.23746318064566918,0.30775250558781325,0.2965651631592074,0.2507796939577197,0.2606562507510988,0.2714306717627831,0.2637935319029772,0.2750372334815026,0.21375075538271468,0.229829830252409,0.23331577800875414,0.30052206632369055,0.26786434569961953,0.21506889008659374,0.2753388373150731,0.24915643083920166,0.24406236522942423,0.215084205302106,0.28718617523374385,0.25949221816278667,0.29631945163070594,0.2531315397697036,0.29958968722987894,0.2457999912229972,0.24663932858749651,0.1864095242222328,0.2747659487598679,0.2678796334288934,0.24202889823867985,0.24408993772167606,0.28376559838805154,0.3059705044987993,0.23968269779529303,0.24478233477565886,0.2699428337209185,0.2235554556206478,0.2833117546800452,0.3890866183652491,0.2693670590652286,0.2425192444593297,0.3224532311069677,0.2590285083054834,0.22896211677524925,0.2832248129728707,0.26711899478915613,0.2941340567345826,0.30974440894259836,0.2289778302834131,0.26291352147301694,0.3109641831516865,0.2883566172703377,0.27622709727959577,0.2796962427085602,0.39725187929685135,0.24354452591009568,0.2952861401391669,0.19819031534717427,0.29825160542070317,0.23990894527755194,0.263775871674645,0.26041554516621607,0.2647853305232074,0.33140084282717086,0.25180299256644856,0.27713068703124055,0.2430289428830368,0.23758167574299535,0.21604849143979682,0.28535101903257754,0.26875912690079634,0.3044221842424613
0.2994920060959089,0.42284635531513237,0.35750919961666977,0.2599314029918368,0.25144697331457283,0.30549737309316105,0.27990749701550643,0.33422500605100913,0.2583899785201118,0.0,0.25633004203886095,0.276219555706555,0.3123053459392024,0.2704029839995279,0.28041612564202634,0.2889252274816999,0.3070756353256925,0.3071047058765864,0.26705156613120345,0.2538860941546495,0.2862602635979871,0.29402673765784626,0.3185923518433651,0.27413614087345617,0.40235820698930613,0.23915725998735987,0.2817793389638418,0.29505167962733025,0.3226461806938101,0.2452867212952258,0.31786248710942383,0.3133846591158921,0.2426566506702147,0.27804212470974476,0.2759605493929578,0.25728436097514146,0.3015049214515177,0.2566601555867827,0.21998624643182638,0.31854275035438306,0.24067701914418815,0.34033037824310036,0.241518901720971,0.23760557163134016,0.3118502841124227,0.2719735097379508,0.2619263591374955,0.24125609153603197,0.3234408143627143,0.2261993619611203,0.2729993484637591,0.25456504370228217,0.22641914099358523,0.2759034506766545,0.2734382054676886,0.3229481616004475,0.2528271560341257,0.2667165661086658,0.28644984000355767,0.2618621611655178,0.27696563526192874,0.21482074990939837,0.23229919346499914,0.21183763043168377,0.22759873575676437,0.23468462459078585,0.2643977919594152,0.27807803056567126,0.25838961843407365,0.3326287205535042,0.2573129918708195,0.2612591807414542,0.23486282816545467,0.3140141186188238,0.2908084685579793,0.26813051616913053,0.24038894252880263,0.32368675708683226,0.23392962223008262,0.23064633647557017,0.2851886759009014,0.27404057249165253,0.32575596318368716,0.26328809122972274,0.266547907971598,0.3232724932617013,0.263354509295272,0.25156397296840055,0.3277081246929195,0.2451018198406506,0.2574737798179016,0.2816520453256353,0.2690536750860446,0.22739207800703984,0.2778869484328054,0.3011524255365232,0.19676940866187936,0.31721392675846527,0.219305229199843,0.33952224024579497,0.2385174254258266,0.24034923543220263,0.2218635877784079,0.2961095253718644,0.2469594496143208,0.27883978640377455,0.252223449073266,0.4125037286297207,0.29178200586990743,0.3159469801803557,0.25538487965742396,0.23421058915085435,0.28701319631219896,0.2678856535704089,0.25348383020940707,0.3520867578962198,0.30997843649869716,0.2754469549293785,0.26154271380449934,0.2853140281809161,0.22376089408066976,0.2383732574205311,0.24281395432856268,0.32663501696241615,0.217954692404001,0.3215808697934775,0.24685489799754157,0.2619838624291107,0.3245330262787051,0.2591788747707248,0.3348307517694081,0.2597662014380422,0.22314248376676038,0.2372324325295774,0.2311956088618194,0.20553003551130675,0.2552231634514037,0.28390947557475316,0.2955358729051451,0.26714875114645326,0.23136098416969694,0.2812429415795869,0.3276146110623194,0.23383108800699826,0.26993549104975195,0.27958229335493096,0.2541103239047477,0.31257105315997774,0.4285066271737848,0.2117533066394696,0.24146367194238788,0.2848905910040596,0.23273418589185874,0.282211939975496,0.3130248278686687,0.2854072213904317,0.2467886402688047,0.3611865388982252,0.23694420220548496,0.2751490849709329,0.3231538462036247,0.29329927331233085,0.2570750320212535,0.2607336204388926
0.3281576566480671,0.2925744858706352,0.2998351131237846,0.28952438609469267,0.27928211040350137,0.29787263066153613,0.26736252080115175,0.2602826059354004,0.23886310502969074,0.25633004203886095,0.0,0.31705599010188373,0.3223802223487913,0.25983258730180697,0.278703671618946,0.3558320900730561,0.3287982967441527,0.29656093539315065,0.3100763157310164,0.2795685018203394,0.351831233984516,0.3395168278996212,0.262049627606723,0.30861982895363393,0.3310039824266377,0.3214277467667212,0.26796373208383856,0.30298574072397605,0.3154049867205107,0.2527706255308291,0.2829321150263376,0.3203979612902422,0.27215289323364655,0.2681546315009874,0.29743859958689917,0.3120876563722372,0.3685684057462796,0.3088947258319965,0.3372730896702711,0.3114359833006318,0.2785974073741264,0.28315399290586546,0.29586298998214555,0.3369440647913388,0.28668916492739827,0.26005102146571507,0.2054174981916647,0.4059734566893511,0.32347932989290995,0.26321847642800034,0.35321422654121454,0.2751085177504206,0.22505748151331323,0.357569458799472,0.36997621208905507,0.22553953802237395,0.32162927150198956,0.3554223138326737,0.2708947616655363,0.28165468564002316,0.31376490523738104,0.2100671318456079,0.3067838542196061,0.22505561234789614,0.22216187884678942,0.25414232658641683,0.3074614492478032,0.2777649443266644,0.2818443797372175,0.3126163713697646,0.3083730164051644,0.23687211570579073,0.28725614203403743,0.34985062653289917,0.31696598623412037,0.2592711419384892,0.3263511618663425,0.3041615961252265,0.26167561714715115,0.23469932897925758,0.2788776755038745,0.2765851654040835,0.26466594908372215,0.2865433387049425,0.26729972145623965,0.2779512129021719,0.31551243029824577,0.26038016294238053,0.2520225469224259,0.23872012271759674,0.36558686234517696,0.23362274168043928,0.33933469635162883,0.28066108618356644,0.26952114236705804,0.2783842950977783,0.22391564803803782,0.2289079074134662,0.21670549012889576,0.2629020515548729,0.2827918045287871,0.27556344063009414,0.24184240208997546,0.22147790399468464,0.2846147928004686,0.2477545719068405,0.25484622817790914,0.2761582809074306,0.2654342996386525,0.31576957862161636,0.38334452392067253,0.2707259205672691,0.3018692633256088,0.27650486238023714,0.28432797490374234,0.280022380688149,0.26922592718544297,0.28910333656955894,0.27960537078633224,0.25862198475767006,0.2788339644539857,0.23647870243394922,0.2787182490489536,0.3455466919411734,0.2388934085350643,0.34487612171001547,0.21439377725405617,0.28018607986931676,0.2910865321890938,0.2618191158283921,0.21447649736470328,0.3090442692126243,0.2761317538002268,0.3047912678539615,0.35307646676376686,0.22803207982407142,0.2471614498466087,0.2841542024194712,0.303971656308643,0.3014835082031233,0.26588788147479797,0.29819814941468015,0.2643927962498535,0.27423964757131264,0.3838316313746951,0.2432616766502536,0.26866163466644183,0.24968333582867874,0.2758588362829263,0.21612572019647805,0.37322944885978293,0.25800818705874884,0.33975320866198416,0.2204649179858627,0.29181433921910455,0.314295523075684,0.29421253299466826,0.2905734672357219,0.2669335307551047,0.272665799127524,0.23546329035849814,0.30643640422336144,0.22340423442736387,0.4103526157459018
0.26936687837837225,0.32796202686076154,0.28125858469300535,0.27346372274471775,0.24151876647197368,0.31412268022037343,0.3265743118791918,0.29309961258280903,0.2617722603666288,0.276219555706555,0.31705599010188373,0.0,0.24817562250463185,0.19387242036907537,0.29549356352427036,0.2744789551730757,0.2626821040635339,0.2407671587967503,0.3524243909519868,0.24156575890933507,0.3109531309672591,0.29347044252401083,0.27553560833021495,0.3039106715179491,0.34619085478237155,0.2449810946167585,0.26914738834716817,0.2398263948685022,0.2609112398821728,0.293527663069715,0.31254653174725167,0.2733474683446527,0.2905088357728037,0.28686453217117247,0.23717276732677994,0.2662518918297003,0.2954901553725666,0.256306990473999,0.30838827947709796,0.2763172172512849,0.29083484403147325,0.2873919939940344,0.2509019320504239,0.28184616394968776,0.2850183207908931,0.2661790513141422,0.2570674567937793,0.261411821806195,0.27887308604002536,0.23663372723692583,0.30188149309621226,0.2808083283403894,0.20268856716528286,0.32573590713157585,0.3086089238980296,0.24251007762945162,0.27917224267317453,0.3675645608648779,0.21686022876966066,0.25439066012840644,0.2220555835057292,0.19158380252872276,0.25025206995466304,0.19737011663463155,0.2025522446930933,0.21472618339024416,0.2316758506380801,0.24169952346599285,0.2151533361315646,0.2581580924439434,0.24661208029341417,0.20065143177562672,0.2094053135291022,0.2758760156903412,0.25315225827228044,0.2190964291861359,0.24510227054273354,0.29918692023883203,0.238324363114812,0.19033660587624243,0.2219482950751108,0.27397730262220155,0.29836325562106053,0.21034198199473797,0.2457223790727401,0.3064937999009961,0.23297037025746514,0.22442046557907946,0.27102271372660847,0.2623131756287229,0.29134753225309,0.2901907211788347,0.2719140481340405,0.23326403551051358,0.22284617027443282,0.36514017137651855,0.19849246660317615,0.2924643959964656,0.1925590473489179,0.2533486527944347,0.21353502614446365,0.2320943083816183,0.2522898292830834,0.30488337310764463,0.2357516206406455,0.2643005242059507,0.23805722208619456,0.274200120781296,0.25655534352094234,0.3192971347631851,0.3768973117094632,0.2465972370983745,0.22488776422186116,0.2392246189850878,0.2440802788122817,0.30267656157083533,0.246858272048191,0.2696777436282524,0.2500470342076842,0.22382168030501806,0.2251120994732218,0.2276751493351454,0.2206721872028689,0.3131280179972145,0.18627458126507485,0.3651863651252593,0.19878103369107797,0.3194385606192724,0.27865751482096957,0.22186596989758886,0.23834009260168723,0.23928155493413414,0.19986529171027728,0.25422208159055937,0.2478901325652973,0.18155359655402195,0.27376315953707947,0.2553001794925976,0.26399050192022017,0.2850824150913656,0.21956780226890313,0.2308585907102451,0.2717889062142821,0.23832691159629157,0.27843231158618925,0.3017135609258848,0.35034345136301837,0.24613206824017556,0.3011711735878424,0.1962888325446126,0.27551201303805894,0.24757093704160987,0.2674372332317101,0.2550416270910073,0.3870069368353127,0.255486423764145,0.25755658767800305,0.3408099636929747,0.21759234435414665,0.22518662195231212,0.19408791639977638,0.2363009727783168,0.2085230174487367,0.28678884475051275
