1,10,11,14,15,16,17,18,19,20,21,22,23,25,34,36,39,41,44,45,47,48,50,57,60,61,62,69,70,79,81,86,92,93,95,100,101,104,105,110,111,112,122,125,132,140,144,145,150,151,153,158,160,161,163,165,168,170,175,180,185,188,191,193,196,204,208,215,223,224,225,231,233,235,246,247,253,254,255,259,260,261,266,292,294,296,303,315,317,318,327,328,329,330,337,338,344,348,349,350,352,353,355,356,357,364,366,367,370,374,376,377,379,380,382,383,387,393,405,412,420,434,441,454,457,471,476,477,480,482,485,493,494,497,500,508,509,510,515,516,519,521,523,527,532,533,534,541,546,553,555,562,586,587,588,589,590,592,593,594,596,597,599,610
0.0,0.4,0.7891814893221081,0.7763932022500211,0.7,0.7139612232263224,0.7763932022500211,0.7763932022500211,0.7891814893221081,0.7,0.6645898033750315,0.7763932022500211,0.8,0.7763932022500211,0.4737651884157824,0.7891814893221081,0.7763932022500211,0.7891814893221081,0.7609542781331213,0.7891814893221081,0.8174258141649446,0.7891814893221081,0.7,0.7891814893221081,0.7,0.894590744661054,0.7609542781331213,0.894590744661054,0.7763932022500211,0.8881966011250105,0.8,0.9,0.7763932022500211,0.7891814893221081,0.894590744661054,0.7139612232263224,0.8174258141649446,0.8093074821508816,0.7763932022500211,0.7891814893221081,0.7609542781331213,0.8,0.7763932022500211,0.8,0.7609542781331213,0.8,0.7763932022500211,0.683772233983162,0.7763932022500211,0.7609542781331213,0.7891814893221081,0.894590744661054,0.578362978644216,0.7763932022500211,0.894590744661054,0.9046537410754408,0.8,0.7891814893221081,0.7763932022500211,0.7891814893221081,0.683772233983162,0.7763932022500211,0.894590744661054,0.8,0.5232687053772038,0.683772233983162,0.7891814893221081,0.7,0.7763932022500211,0.7763932022500211,0.7763932022500211,0.6645898033750315,0.8,0.6,0.7891814893221081,0.7261387212474169,0.7763932022500211,0.9046537410754408,0.8,0.8093074821508816,0.9,0.9,0.7891814893221081,0.7,0.8,0.8093074821508816,0.7763932022500211,0.7891814893221081,0.7891814893221081,0.894590744661054,0.7891814893221081,0.8093074821508816,0.683772233983162,0.7763932022500211,0.8,0.7763932022500211,0.7891814893221081,0.7891814893221081,0.578362978644216,0.7763932022500211,0.8,0.8,0.8,0.7891814893221081,0.8881966011250105,0.7891814893221081,0.7891814893221081,0.7891814893221081,0.8,0.6645898033750315,0.7763932022500211,0.7891814893221081,0.894590744661054,0.8,0.7891814893221081,1.0,0.578362978644216,0.7891814893221081,0.9,0.7609542781331213,0.7891814893221081,0.7763932022500211,0.7763932022500211,0.8093074821508816,0.7139612232263224,0.7763932022500211,0.8093074821508816,0.7891814893221081,0.7891814893221081,0.7891814893221081,0.5614709903464854,0.7139612232263224,0.894590744661054,0.8881966011250105,0.7763932022500211,0.7763932022500211,0.8,0.7763932022500211,0.8804771390665607,0.8,0.7,0.7891814893221081,0.7891814893221081,0.7763932022500211,0.7891814893221081,0.5232687053772038,0.7763932022500211,0.8,0.7,0.8,0.8,0.7763932022500211,0.7891814893221081,0.7891814893221081,0.7763932022500211,0.7891814893221081,0.7891814893221081,0.7609542781331213,0.683772233983162,0.7763932022500211,0.7763932022500211,0.8,0.7763932022500211,0.7763932022500211
0.4,0.0,0.7891814893221081,0.7763932022500211,0.7,0.7139612232263224,0.7763932022500211,0.7763932022500211,0.7891814893221081,0.7,0.6645898033750315,0.7763932022500211,0.8,0.7763932022500211,0.4737651884157824,0.7891814893221081,0.7763932022500211,0.7891814893221081,0.7609542781331213,0.7891814893221081,0.8174258141649446,0.7891814893221081,0.7,0.7891814893221081,0.7,0.894590744661054,0.7609542781331213,0.894590744661054,0.7763932022500211,0.8881966011250105,0.8,0.9,0.7763932022500211,0.7891814893221081,0.894590744661054,0.7139612232263224,0.8174258141649446,0.8093074821508816,0.7763932022500211,0.7891814893221081,0.7609542781331213,0.8,0.7763932022500211,0.8,0.7609542781331213,0.8,0.7763932022500211,0.683772233983162,0.7763932022500211,0.7609542781331213,0.7891814893221081,0.894590744661054,0.578362978644216,0.7763932022500211,0.894590744661054,0.9046537410754408,0.8,0.7891814893221081,0.7763932022500211,0.7891814893221081,0.683772233983162,0.7763932022500211,0.894590744661054,0.8,0.5232687053772038,0.683772233983162,0.7891814893221081,0.7,0.7763932022500211,0.7763932022500211,0.7763932022500211,0.6645898033750315,0.8,0.6,0.7891814893221081,0.7261387212474169,0.7763932022500211,0.9046537410754408,0.8,0.8093074821508816,0.9,0.9,0.7891814893221081,0.7,0.8,0.8093074821508816,0.7763932022500211,0.7891814893221081,0.7891814893221081,0.894590744661054,0.7891814893221081,0.8093074821508816,0.683772233983162,0.7763932022500211,0.8,0.7763932022500211,0.7891814893221081,0.7891814893221081,0.578362978644216,0.7763932022500211,0.8,0.8,0.8,0.7891814893221081,0.8881966011250105,0.7891814893221081,0.7891814893221081,0.7891814893221081,0.8,0.6645898033750315,0.7763932022500211,0.7891814893221081,0.894590744661054,0.8,0.7891814893221081,1.0,0.578362978644216,0.7891814893221081,0.9,0.7609542781331213,0.7891814893221081,0.7763932022500211,0.7763932022500211,0.8093074821508816,0.7139612232263224,0.7763932022500211,0.8093074821508816,0.7891814893221081,0.7891814893221081,0.7891814893221081,0.5614709903464854,0.7139612232263224,0.894590744661054,0.8881966011250105,0.7763932022500211,0.7763932022500211,0.8,0.7763932022500211,0.8804771390665607,0.8,0.7,0.7891814893221081,0.7891814893221081,0.7763932022500211,0.7891814893221081,0.5232687053772038,0.7763932022500211,0.8,0.7,0.8,0.8,0.7763932022500211,0.7891814893221081,0.7891814893221081,0.7763932022500211,0.7891814893221081,0.7891814893221081,0.7609542781331213,0.683772233983162,0.7763932022500211,0.7763932022500211,0.8,0.7763932022500211,0.7763932022500211
0.7891814893221081,0.7891814893221081,0.0,0.7642977396044841,0.578362978644216,0.7989924369481576,0.7642977396044841,0.5285954792089682,0.5555555555555556,0.7891814893221081,0.7642977396044841,0.7642977396044841,0.7891814893221081,0.6464466094067263,0.7226499018873854,0.7777777777777778,0.7642977396044841,0.5555555555555556,0.7480236846605152,0.7777777777777778,0.6150998205402494,0.6666666666666667,0.578362978644216,0.7777777777777778,0.7891814893221081,0.8888888888888888,0.7480236846605152,0.8888888888888888,0.7642977396044841,0.882148869802242,0.683772233983162,0.7891814893221081,0.7642977396044841,0.7777777777777778,0.8888888888888888,0.7989924369481576,0.6150998205402494,0.6984886554222364,0.7642977396044841,0.7777777777777778,0.7480236846605152,0.683772233983162,0.7642977396044841,0.683772233983162,0.7480236846605152,0.7891814893221081,0.7642977396044841,0.6666666666666667,0.7642977396044841,0.7480236846605152,0.7777777777777778,0.8888888888888888,0.7777777777777778,0.7642977396044841,0.8888888888888888,0.8994962184740788,0.7891814893221081,0.7777777777777778,0.882148869802242,0.7777777777777778,0.7777777777777778,0.7642977396044841,0.8888888888888888,0.683772233983162,0.6984886554222364,0.7777777777777778,0.6666666666666667,0.683772233983162,0.7642977396044841,0.7642977396044841,0.7642977396044841,0.7642977396044841,0.578362978644216,0.7891814893221081,0.7777777777777778,0.6150998205402494,0.7642977396044841,0.7989924369481576,0.578362978644216,0.5979848738963152,0.683772233983162,0.7891814893221081,0.6666666666666667,0.7891814893221081,0.7891814893221081,0.5979848738963152,0.6464466094067263,0.7777777777777778,0.6666666666666667,0.7777777777777778,0.8888888888888888,0.6984886554222364,0.5555555555555556,0.7642977396044841,0.7891814893221081,0.7642977396044841,0.7777777777777778,0.7777777777777778,0.7777777777777778,0.7642977396044841,0.578362978644216,0.7891814893221081,0.683772233983162,0.5555555555555556,0.882148869802242,0.6666666666666667,0.5555555555555556,0.7777777777777778,0.578362978644216,0.7642977396044841,0.7642977396044841,0.7777777777777778,0.6666666666666667,0.7891814893221081,0.7777777777777778,0.882148869802242,0.7777777777777778,0.7777777777777778,0.894590744661054,0.7480236846605152,0.6666666666666667,0.7642977396044841,0.7642977396044841,0.6984886554222364,0.5979848738963152,0.7642977396044841,0.6984886554222364,0.7777777777777778,0.6666666666666667,0.7777777777777778,0.7226499018873854,0.6984886554222364,0.6666666666666667,0.882148869802242,0.6464466094067263,0.7642977396044841,0.7891814893221081,0.7642977396044841,0.8740118423302576,0.683772233983162,0.683772233983162,0.7777777777777778,0.6666666666666667,0.7642977396044841,0.7777777777777778,0.6984886554222364,0.6464466094067263,0.7891814893221081,0.7891814893221081,0.683772233983162,0.578362978644216,0.7642977396044841,0.7777777777777778,0.6666666666666667,0.7642977396044841,0.5555555555555556,0.7777777777777778,0.7480236846605152,0.7777777777777778,0.7642977396044841,0.7642977396044841,0.7891814893221081,0.7642977396044841,0.6464466094067263
0.7763932022500211,0.7763932022500211,0.7642977396044841,0.0,0.7763932022500211,0.8933996418221948,0.75,0.75,0.6464466094067263,0.6645898033750315,0.75,0.75,0.5527864045000421,0.75,0.803883864861816,0.6464466094067263,0.5,0.7642977396044841,0.7327387580875756,0.6464466094067263,0.5917517095361369,0.7642977396044841,0.7763932022500211,0.5285954792089682,0.6645898033750315,0.7642977396044841,0.5991081371313635,0.7642977396044841,0.625,0.75,0.6645898033750315,0.6645898033750315,0.625,0.6464466094067263,0.7642977396044841,0.8933996418221948,0.6938137821521027,0.5735985672887791,0.625,0.6464466094067263,0.7327387580875756,0.6645898033750315,0.625,0.5527864045000421,0.7327387580875756,0.5527864045000421,0.625,0.6464466094067263,0.625,0.7327387580875756,0.6464466094067263,0.7642977396044841,0.7642977396044841,0.625,0.7642977396044841,0.6801989254665843,0.8881966011250105,0.6464466094067263,0.875,0.6464466094067263,0.6464466094067263,0.625,0.6464466094067263,0.6645898033750315,0.6801989254665843,0.6464466094067263,0.6464466094067263,0.6645898033750315,0.625,0.5,0.625,0.75,0.6645898033750315,0.5527864045000421,0.6464466094067263,0.6938137821521027,0.5,0.6801989254665843,0.6645898033750315,0.7867992836443896,0.8881966011250105,0.7763932022500211,0.7642977396044841,0.7763932022500211,0.6645898033750315,0.5735985672887791,0.75,0.6464466094067263,0.6464466094067263,0.7642977396044841,0.7642977396044841,0.5735985672887791,0.7642977396044841,0.625,0.6645898033750315,0.625,0.6464466094067263,0.2928932188134524,0.7642977396044841,0.75,0.7763932022500211,0.5527864045000421,0.6645898033750315,0.7642977396044841,0.625,0.6464466094067263,0.7642977396044841,0.6464466094067263,0.7763932022500211,0.75,0.625,0.6464466094067263,0.882148869802242,0.5527864045000421,0.6464466094067263,1.0,0.6464466094067263,0.5285954792089682,0.7763932022500211,0.5991081371313635,0.6464466094067263,0.625,0.75,0.5735985672887791,0.7867992836443896,0.625,0.5735985672887791,0.6464466094067263,0.6464466094067263,0.6464466094067263,0.705825797292724,0.7867992836443896,0.882148869802242,0.75,0.75,0.625,0.5527864045000421,0.625,0.7327387580875756,0.7763932022500211,0.7763932022500211,0.7642977396044841,0.7642977396044841,0.5,0.5285954792089682,0.7867992836443896,0.75,0.5527864045000421,0.7763932022500211,0.6645898033750315,0.7763932022500211,0.625,0.5285954792089682,0.6464466094067263,0.625,0.7642977396044841,0.5285954792089682,0.7327387580875756,0.6464466094067263,0.75,0.625,0.6645898033750315,0.625,0.625
0.7,0.7,0.578362978644216,0.7763932022500211,0.0,0.6186149643017631,0.5527864045000421,0.5527864045000421,0.683772233983162,0.7,0.7763932022500211,0.7763932022500211,0.8,0.5527864045000421,0.6491767922771883,0.7891814893221081,0.7763932022500211,0.578362978644216,0.7609542781331213,0.7891814893221081,0.5435645354123615,0.578362978644216,0.5,0.7891814893221081,0.8,0.894590744661054,0.7609542781331213,0.894590744661054,0.7763932022500211,0.8881966011250105,0.6,0.8,0.7763932022500211,0.7891814893221081,0.894590744661054,0.6186149643017631,0.7261387212474169,0.7139612232263224,0.7763932022500211,0.7891814893221081,0.7609542781331213,0.7,0.7763932022500211,0.6,0.7609542781331213,0.8,0.7763932022500211,0.578362978644216,0.7763932022500211,0.7609542781331213,0.7891814893221081,0.894590744661054,0.683772233983162,0.7763932022500211,0.894590744661054,0.9046537410754408,0.6,0.7891814893221081,0.7763932022500211,0.7891814893221081,0.683772233983162,0.7763932022500211,0.894590744661054,0.8,0.7139612232263224,0.7891814893221081,0.683772233983162,0.6,0.7763932022500211,0.7763932022500211,0.7763932022500211,0.7763932022500211,0.6,0.7,0.7891814893221081,0.5435645354123615,0.7763932022500211,0.8093074821508816,0.6,0.5232687053772038,0.7,0.7,0.683772233983162,0.7,0.8,0.7139612232263224,0.6645898033750315,0.7891814893221081,0.683772233983162,0.7891814893221081,0.894590744661054,0.7139612232263224,0.4729537233052701,0.7763932022500211,0.8,0.7763932022500211,0.7891814893221081,0.7891814893221081,0.683772233983162,0.7763932022500211,0.5,0.8,0.7,0.578362978644216,0.8881966011250105,0.683772233983162,0.578362978644216,0.7891814893221081,0.6,0.6645898033750315,0.7763932022500211,0.7891814893221081,0.683772233983162,0.8,0.7891814893221081,0.8881966011250105,0.683772233983162,0.7891814893221081,0.9,0.7609542781331213,0.683772233983162,0.7763932022500211,0.7763932022500211,0.7139612232263224,0.4279224464526446,0.7763932022500211,0.7139612232263224,0.7891814893221081,0.683772233983162,0.7891814893221081,0.7368825942078912,0.6186149643017631,0.7891814893221081,0.8881966011250105,0.6645898033750315,0.7763932022500211,0.8,0.7763932022500211,0.8804771390665607,0.6,0.6,0.7891814893221081,0.578362978644216,0.7763932022500211,0.7891814893221081,0.6186149643017631,0.6645898033750315,0.8,0.7,0.6,0.5,0.7763932022500211,0.7891814893221081,0.683772233983162,0.7763932022500211,0.578362978644216,0.7891814893221081,0.7609542781331213,0.683772233983162,0.7763932022500211,0.7763932022500211,0.8,0.7763932022500211,0.6645898033750315
0.7139612232263224,0.7139612232263224,0.7989924369481576,0.8933996418221948,0.6186149643017631,0.0,0.7867992836443896,0.7867992836443896,0.7989924369481576,0.8093074821508816,0.8933996418221948,0.8933996418221948,0.8093074821508816,0.7867992836443896,0.6655031959971637,0.8994962184740788,0.8933996418221948,0.7989924369481576,0.886039423540362,0.8994962184740788,0.8259223440443022,0.6984886554222364,0.7139612232263224,0.8994962184740788,0.9046537410754408,0.8994962184740788,0.886039423540362,0.8994962184740788,0.8933996418221948,0.8933996418221948,0.8093074821508816,0.9046537410754408,0.8933996418221948,0.8994962184740788,0.8994962184740788,0.6363636363636364,0.9129611720221512,0.9090909090909092,0.8933996418221948,0.8994962184740788,0.886039423540362,0.9046537410754408,0.8933996418221948,0.9046537410754408,0.886039423540362,0.9046537410754408,0.8933996418221948,0.7989924369481576,0.8933996418221948,0.886039423540362,0.8994962184740788,0.7989924369481576,0.7989924369481576,0.8933996418221948,0.8994962184740788,0.9090909090909092,0.6186149643017631,0.8994962184740788,0.7867992836443896,0.8994962184740788,0.6984886554222364,0.8933996418221948,0.8994962184740788,0.9046537410754408,0.7272727272727273,0.8994962184740788,0.8994962184740788,0.8093074821508816,0.8933996418221948,0.8933996418221948,0.8933996418221948,0.8933996418221948,0.8093074821508816,0.8093074821508816,0.8994962184740788,0.7388835160664533,0.8933996418221948,0.9090909090909092,0.8093074821508816,0.7272727272727273,0.8093074821508816,0.7139612232263224,0.8994962184740788,0.7139612232263224,0.8093074821508816,0.8181818181818181,0.7867992836443896,0.8994962184740788,0.7989924369481576,0.8994962184740788,0.8994962184740788,0.9090909090909092,0.6984886554222364,0.8933996418221948,0.9046537410754408,0.8933996418221948,0.8994962184740788,0.8994962184740788,0.7989924369481576,0.8933996418221948,0.7139612232263224,0.9046537410754408,0.9046537410754408,0.7989924369481576,0.8933996418221948,0.8994962184740788,0.7989924369481576,0.8994962184740788,0.8093074821508816,0.7867992836443896,0.8933996418221948,0.8994962184740788,0.7989924369481576,0.9046537410754408,0.8994962184740788,1.0,0.7989924369481576,0.8994962184740788,0.9046537410754408,0.886039423540362,0.8994962184740788,0.8933996418221948,0.8933996418221948,0.9090909090909092,0.6363636363636364,0.8933996418221948,0.9090909090909092,0.8994962184740788,0.8994962184740788,0.8994962184740788,0.7491273969978728,0.7272727272727273,0.8994962184740788,0.8933996418221948,0.7867992836443896,0.8933996418221948,0.9046537410754408,0.8933996418221948,0.886039423540362,0.7139612232263224,0.7139612232263224,0.7989924369481576,0.7989924369481576,0.8933996418221948,0.8994962184740788,0.6363636363636364,0.8933996418221948,0.9046537410754408,0.7139612232263224,0.8093074821508816,0.7139612232263224,0.8933996418221948,0.8994962184740788,0.8994962184740788,0.8933996418221948,0.7989924369481576,0.8994962184740788,0.886039423540362,0.6984886554222364,0.8933996418221948,0.8933996418221948,0.8093074821508816,0.8933996418221948,0.7867992836443896
0.7763932022500211,0.7763932022500211,0.7642977396044841,0.75,0.5527864045000421,0.7867992836443896,0.0,0.75,0.7642977396044841,0.6645898033750315,0.75,0.75,0.6645898033750315,0.625,0.803883864861816,0.7642977396044841,0.75,0.6464466094067263,0.7327387580875756,0.6464466094067263,0.5917517095361369,0.5285954792089682,0.7763932022500211,0.6464466094067263,0.7763932022500211,0.882148869802242,0.7327387580875756,0.882148869802242,0.75,0.875,0.5527864045000421,0.7763932022500211,0.75,0.7642977396044841,0.882148869802242,0.7867992836443896,0.7958758547680684,0.6801989254665843,0.75,0.7642977396044841,0.7327387580875756,0.6645898033750315,0.75,0.5527864045000421,0.7327387580875756,0.6645898033750315,0.75,0.7642977396044841,0.625,0.7327387580875756,0.7642977396044841,0.882148869802242,0.7642977396044841,0.75,0.882148869802242,0.7867992836443896,0.7763932022500211,0.7642977396044841,0.875,0.7642977396044841,0.7642977396044841,0.75,0.7642977396044841,0.7763932022500211,0.7867992836443896,0.7642977396044841,0.7642977396044841,0.7763932022500211,0.75,0.75,0.75,0.75,0.6645898033750315,0.7763932022500211,0.6464466094067263,0.6938137821521027,0.75,0.7867992836443896,0.6645898033750315,0.5735985672887791,0.7763932022500211,0.6645898033750315,0.6464466094067263,0.6645898033750315,0.6645898033750315,0.7867992836443896,0.75,0.7642977396044841,0.7642977396044841,0.7642977396044841,0.882148869802242,0.6801989254665843,0.7642977396044841,0.75,0.7763932022500211,0.75,0.7642977396044841,0.7642977396044841,0.7642977396044841,0.75,0.6645898033750315,0.6645898033750315,0.6645898033750315,0.7642977396044841,0.875,0.6464466094067263,0.6464466094067263,0.7642977396044841,0.6645898033750315,0.75,0.75,0.6464466094067263,0.7642977396044841,0.6645898033750315,0.7642977396044841,1.0,0.7642977396044841,0.6464466094067263,0.8881966011250105,0.7327387580875756,0.6464466094067263,0.75,0.75,0.6801989254665843,0.5735985672887791,0.75,0.6801989254665843,0.7642977396044841,0.6464466094067263,0.7642977396044841,0.803883864861816,0.6801989254665843,0.7642977396044841,0.875,0.75,0.75,0.6645898033750315,0.75,0.8663693790437879,0.5527864045000421,0.6645898033750315,0.6464466094067263,0.6464466094067263,0.75,0.7642977396044841,0.7867992836443896,0.625,0.6645898033750315,0.7763932022500211,0.5527864045000421,0.5527864045000421,0.75,0.7642977396044841,0.6464466094067263,0.625,0.6464466094067263,0.6464466094067263,0.7327387580875756,0.7642977396044841,0.75,0.625,0.6645898033750315,0.75,0.625
0.7763932022500211,0.7763932022500211,0.5285954792089682,0.75,0.5527864045000421,0.7867992836443896,0.75,0.0,0.6464466094067263,0.7763932022500211,0.75,0.75,0.7763932022500211,0.625,0.705825797292724,0.7642977396044841,0.75,0.5285954792089682,0.7327387580875756,0.7642977396044841,0.5917517095361369,0.6464466094067263,0.5527864045000421,0.7642977396044841,0.7763932022500211,0.882148869802242,0.7327387580875756,0.882148869802242,0.75,0.875,0.6645898033750315,0.7763932022500211,0.75,0.7642977396044841,0.882148869802242,0.7867992836443896,0.6938137821521027,0.6801989254665843,0.75,0.7642977396044841,0.7327387580875756,0.6645898033750315,0.75,0.6645898033750315,0.7327387580875756,0.7763932022500211,0.75,0.6464466094067263,0.75,0.7327387580875756,0.6464466094067263,0.882148869802242,0.7642977396044841,0.75,0.882148869802242,0.8933996418221948,0.7763932022500211,0.7642977396044841,0.875,0.7642977396044841,0.7642977396044841,0.75,0.882148869802242,0.7763932022500211,0.6801989254665843,0.7642977396044841,0.6464466094067263,0.6645898033750315,0.75,0.75,0.75,0.75,0.5527864045000421,0.7763932022500211,0.7642977396044841,0.5917517095361369,0.75,0.7867992836443896,0.5527864045000421,0.5735985672887791,0.6645898033750315,0.7763932022500211,0.6464466094067263,0.7763932022500211,0.7763932022500211,0.6801989254665843,0.625,0.7642977396044841,0.6464466094067263,0.7642977396044841,0.882148869802242,0.6801989254665843,0.4107443490112104,0.75,0.7763932022500211,0.75,0.7642977396044841,0.7642977396044841,0.7642977396044841,0.75,0.5527864045000421,0.7763932022500211,0.6645898033750315,0.5285954792089682,0.875,0.6464466094067263,0.5285954792089682,0.7642977396044841,0.5527864045000421,0.75,0.75,0.7642977396044841,0.6464466094067263,0.7763932022500211,0.7642977396044841,0.875,0.7642977396044841,0.7642977396044841,0.8881966011250105,0.7327387580875756,0.6464466094067263,0.75,0.75,0.6801989254665843,0.5735985672887791,0.75,0.6801989254665843,0.7642977396044841,0.6464466094067263,0.7642977396044841,0.705825797292724,0.6801989254665843,0.7642977396044841,0.875,0.625,0.75,0.7763932022500211,0.75,0.8663693790437879,0.6645898033750315,0.6645898033750315,0.7642977396044841,0.6464466094067263,0.75,0.7642977396044841,0.6801989254665843,0.625,0.7763932022500211,0.7763932022500211,0.6645898033750315,0.5527864045000421,0.75,0.7642977396044841,0.6464466094067263,0.75,0.5285954792089682,0.7642977396044841,0.7327387580875756,0.7642977396044841,0.75,0.75,0.7763932022500211,0.75,0.625
0.7891814893221081,0.7891814893221081,0.5555555555555556,0.6464466094067263,0.683772233983162,0.7989924369481576,0.7642977396044841,0.6464466094067263,0.0,0.578362978644216,0.6464466094067263,0.6464466094067263,0.683772233983162,0.7642977396044841,0.7226499018873854,0.6666666666666667,0.6464466094067263,0.6666666666666667,0.7480236846605152,0.6666666666666667,0.6150998205402494,0.6666666666666667,0.683772233983162,0.6666666666666667,0.683772233983162,0.7777777777777778,0.6220355269907727,0.7777777777777778,0.6464466094067263,0.7642977396044841,0.7891814893221081,0.7891814893221081,0.6464466094067263,0.6666666666666667,0.7777777777777778,0.7989924369481576,0.6150998205402494,0.6984886554222364,0.6464466094067263,0.6666666666666667,0.7480236846605152,0.7891814893221081,0.7642977396044841,0.683772233983162,0.7480236846605152,0.683772233983162,0.6464466094067263,0.6666666666666667,0.6464466094067263,0.7480236846605152,0.6666666666666667,0.7777777777777778,0.7777777777777778,0.6464466094067263,0.7777777777777778,0.7989924369481576,0.894590744661054,0.6666666666666667,0.882148869802242,0.6666666666666667,0.6666666666666667,0.7642977396044841,0.7777777777777778,0.578362978644216,0.5979848738963152,0.6666666666666667,0.7777777777777778,0.7891814893221081,0.7642977396044841,0.6464466094067263,0.6464466094067263,0.7642977396044841,0.683772233983162,0.683772233983162,0.7777777777777778,0.7113248654051871,0.6464466094067263,0.7989924369481576,0.683772233983162,0.6984886554222364,0.7891814893221081,0.894590744661054,0.7777777777777778,0.7891814893221081,0.683772233983162,0.4974810923703939,0.6464466094067263,0.6666666666666667,0.5555555555555556,0.8888888888888888,0.7777777777777778,0.6984886554222364,0.6666666666666667,0.6464466094067263,0.683772233983162,0.6464466094067263,0.6666666666666667,0.6666666666666667,0.7777777777777778,0.7642977396044841,0.683772233983162,0.683772233983162,0.683772233983162,0.6666666666666667,0.7642977396044841,0.7777777777777778,0.6666666666666667,0.6666666666666667,0.683772233983162,0.7642977396044841,0.6464466094067263,0.7777777777777778,0.7777777777777778,0.683772233983162,0.6666666666666667,1.0,0.6666666666666667,0.6666666666666667,0.7891814893221081,0.6220355269907727,0.7777777777777778,0.6464466094067263,0.7642977396044841,0.6984886554222364,0.6984886554222364,0.6464466094067263,0.6984886554222364,0.6666666666666667,0.6666666666666667,0.6666666666666667,0.6301998691831805,0.7989924369481576,0.7777777777777778,0.7642977396044841,0.6464466094067263,0.6464466094067263,0.683772233983162,0.6464466094067263,0.7480236846605152,0.7891814893221081,0.7891814893221081,0.7777777777777778,0.7777777777777778,0.6464466094067263,0.6666666666666667,0.6984886554222364,0.7642977396044841,0.683772233983162,0.7891814893221081,0.7891814893221081,0.683772233983162,0.6464466094067263,0.6666666666666667,0.7777777777777778,0.6464466094067263,0.6666666666666667,0.6666666666666667,0.7480236846605152,0.7777777777777778,0.7642977396044841,0.6464466094067263,0.683772233983162,0.6464466094067263,0.5285954792089682
0.7,0.7,0.7891814893221081,0.6645898033750315,0.7,0.8093074821508816,0.6645898033750315,0.7763932022500211,0.578362978644216,0.0,0.6645898033750315,0.5527864045000421,0.6,0.7763932022500211,0.6491767922771883,0.578362978644216,0.5527864045000421,0.683772233983162,0.7609542781331213,0.578362978644216,0.6348516283298893,0.683772233983162,0.7,0.578362978644216,0.6,0.683772233983162,0.641431417199682,0.683772233983162,0.5527864045000421,0.6645898033750315,0.7,0.7,0.5527864045000421,0.683772233983162,0.683772233983162,0.8093074821508816,0.6348516283298893,0.5232687053772038,0.5527864045000421,0.683772233983162,0.7609542781331213,0.7,0.7763932022500211,0.6,0.7609542781331213,0.6,0.6645898033750315,0.578362978644216,0.4409830056250526,0.7609542781331213,0.683772233983162,0.683772233983162,0.683772233983162,0.6645898033750315,0.683772233983162,0.6186149643017631,0.7,0.683772233983162,0.7763932022500211,0.578362978644216,0.578362978644216,0.7763932022500211,0.683772233983162,0.6,0.7139612232263224,0.578362978644216,0.7891814893221081,0.7,0.7763932022500211,0.6645898033750315,0.6645898033750315,0.7763932022500211,0.7,0.6,0.683772233983162,0.6348516283298893,0.6645898033750315,0.6186149643017631,0.7,0.7139612232263224,0.8,0.8,0.683772233983162,0.6,0.5,0.7139612232263224,0.7763932022500211,0.578362978644216,0.683772233983162,0.7891814893221081,0.7891814893221081,0.6186149643017631,0.683772233983162,0.5527864045000421,0.7,0.5527864045000421,0.578362978644216,0.683772233983162,0.683772233983162,0.6645898033750315,0.8,0.6,0.6,0.7891814893221081,0.7763932022500211,0.683772233983162,0.683772233983162,0.578362978644216,0.5,0.6645898033750315,0.6645898033750315,0.683772233983162,0.7891814893221081,0.6,0.578362978644216,1.0,0.578362978644216,0.578362978644216,0.7,0.641431417199682,0.683772233983162,0.5527864045000421,0.6645898033750315,0.6186149643017631,0.6186149643017631,0.6645898033750315,0.6186149643017631,0.683772233983162,0.578362978644216,0.578362978644216,0.6491767922771883,0.6186149643017631,0.7891814893221081,0.7763932022500211,0.7763932022500211,0.4409830056250526,0.6,0.5527864045000421,0.7609542781331213,0.7,0.6,0.683772233983162,0.7891814893221081,0.6645898033750315,0.683772233983162,0.7139612232263224,0.6645898033750315,0.6,0.6,0.7,0.7,0.6645898033750315,0.683772233983162,0.683772233983162,0.5527864045000421,0.683772233983162,0.578362978644216,0.7609542781331213,0.683772233983162,0.7763932022500211,0.5527864045000421,0.5,0.5527864045000421,0.6645898033750315
0.6645898033750315,0.6645898033750315,0.7642977396044841,0.75,0.7763932022500211,0.8933996418221948,0.75,0.75,0.6464466094067263,0.6645898033750315,0.0,0.5,0.7763932022500211,0.75,0.6077677297236319,0.6464466094067263,0.75,0.7642977396044841,0.5991081371313635,0.7642977396044841,0.7958758547680684,0.7642977396044841,0.6645898033750315,0.7642977396044841,0.4409830056250526,0.7642977396044841,0.7327387580875756,0.882148869802242,0.75,0.875,0.7763932022500211,0.8881966011250105,0.75,0.7642977396044841,0.882148869802242,0.6801989254665843,0.7958758547680684,0.7867992836443896,0.75,0.7642977396044841,0.5991081371313635,0.6645898033750315,0.625,0.7763932022500211,0.5991081371313635,0.7763932022500211,0.625,0.7642977396044841,0.75,0.5991081371313635,0.6464466094067263,0.882148869802242,0.5285954792089682,0.625,0.7642977396044841,0.8933996418221948,0.8881966011250105,0.7642977396044841,0.75,0.6464466094067263,0.7642977396044841,0.625,0.882148869802242,0.7763932022500211,0.6801989254665843,0.6464466094067263,0.6464466094067263,0.6645898033750315,0.625,0.75,0.625,0.3750000000000001,0.7763932022500211,0.5527864045000421,0.6464466094067263,0.7958758547680684,0.75,0.8933996418221948,0.7763932022500211,0.7867992836443896,0.7763932022500211,0.8881966011250105,0.6464466094067263,0.7763932022500211,0.7763932022500211,0.7867992836443896,0.625,0.6464466094067263,0.7642977396044841,0.882148869802242,0.6464466094067263,0.6801989254665843,0.7642977396044841,0.75,0.7763932022500211,0.75,0.6464466094067263,0.7642977396044841,0.5285954792089682,0.625,0.7763932022500211,0.7763932022500211,0.7763932022500211,0.6464466094067263,0.875,0.7642977396044841,0.7642977396044841,0.6464466094067263,0.7763932022500211,0.625,0.625,0.6464466094067263,0.882148869802242,0.6645898033750315,0.6464466094067263,0.875,0.6464466094067263,0.7642977396044841,0.8881966011250105,0.7327387580875756,0.7642977396044841,0.75,0.625,0.6801989254665843,0.7867992836443896,0.75,0.7867992836443896,0.7642977396044841,0.7642977396044841,0.6464466094067263,0.705825797292724,0.7867992836443896,0.882148869802242,0.875,0.75,0.75,0.7763932022500211,0.75,0.8663693790437879,0.7763932022500211,0.7763932022500211,0.6464466094067263,0.6464466094067263,0.75,0.6464466094067263,0.5735985672887791,0.75,0.7763932022500211,0.6645898033750315,0.7763932022500211,0.7763932022500211,0.625,0.6464466094067263,0.7642977396044841,0.75,0.7642977396044841,0.7642977396044841,0.5991081371313635,0.7642977396044841,0.625,0.75,0.7763932022500211,0.75,0.75
0.7763932022500211,0.7763932022500211,0.7642977396044841,0.75,0.7763932022500211,0.8933996418221948,0.75,0.75,0.6464466094067263,0.5527864045000421,0.5,0.0,0.7763932022500211,0.75,0.6077677297236319,0.5285954792089682,0.625,0.7642977396044841,0.5991081371313635,0.7642977396044841,0.7958758547680684,0.7642977396044841,0.6645898033750315,0.7642977396044841,0.5527864045000421,0.6464466094067263,0.7327387580875756,0.7642977396044841,0.625,0.75,0.7763932022500211,0.8881966011250105,0.625,0.7642977396044841,0.7642977396044841,0.7867992836443896,0.6938137821521027,0.6801989254665843,0.625,0.7642977396044841,0.5991081371313635,0.6645898033750315,0.625,0.7763932022500211,0.5991081371313635,0.7763932022500211,0.625,0.7642977396044841,0.75,0.5991081371313635,0.6464466094067263,0.7642977396044841,0.6464466094067263,0.625,0.6464466094067263,0.7867992836443896,0.7763932022500211,0.7642977396044841,0.75,0.5285954792089682,0.7642977396044841,0.625,0.882148869802242,0.6645898033750315,0.7867992836443896,0.6464466094067263,0.6464466094067263,0.6645898033750315,0.625,0.75,0.625,0.625,0.7763932022500211,0.6645898033750315,0.6464466094067263,0.7958758547680684,0.75,0.7867992836443896,0.7763932022500211,0.7867992836443896,0.7763932022500211,0.8881966011250105,0.6464466094067263,0.7763932022500211,0.6645898033750315,0.7867992836443896,0.625,0.5285954792089682,0.7642977396044841,0.882148869802242,0.7642977396044841,0.6801989254665843,0.7642977396044841,0.625,0.7763932022500211,0.625,0.5285954792089682,0.7642977396044841,0.6464466094067263,0.5,0.7763932022500211,0.7763932022500211,0.7763932022500211,0.6464466094067263,0.875,0.7642977396044841,0.7642977396044841,0.5285954792089682,0.6645898033750315,0.625,0.625,0.6464466094067263,0.882148869802242,0.6645898033750315,0.5285954792089682,0.875,0.7642977396044841,0.7642977396044841,0.7763932022500211,0.7327387580875756,0.7642977396044841,0.625,0.5,0.6801989254665843,0.7867992836443896,0.75,0.7867992836443896,0.7642977396044841,0.7642977396044841,0.5285954792089682,0.705825797292724,0.7867992836443896,0.882148869802242,0.875,0.75,0.625,0.7763932022500211,0.625,0.8663693790437879,0.7763932022500211,0.7763932022500211,0.6464466094067263,0.6464466094067263,0.75,0.6464466094067263,0.6801989254665843,0.75,0.7763932022500211,0.5527864045000421,0.7763932022500211,0.7763932022500211,0.625,0.6464466094067263,0.7642977396044841,0.75,0.7642977396044841,0.7642977396044841,0.5991081371313635,0.7642977396044841,0.625,0.75,0.5527864045000421,0.625,0.75
0.8,0.8,0.7891814893221081,0.5527864045000421,0.8,0.8093074821508816,0.6645898033750315,0.7763932022500211,0.683772233983162,0.6,0.7763932022500211,0.7763932022500211,0.0,0.6645898033750315,0.8245883961385941,0.683772233983162,0.6645898033750315,0.683772233983162,0.7609542781331213,0.578362978644216,0.5435645354123615,0.683772233983162,0.8,0.4729537233052701,0.7,0.7891814893221081,0.5219085562662426,0.7891814893221081,0.6645898033750315,0.6645898033750315,0.6,0.6,0.6645898033750315,0.683772233983162,0.683772233983162,0.9046537410754408,0.7261387212474169,0.5232687053772038,0.6645898033750315,0.683772233983162,0.7609542781331213,0.6,0.6645898033750315,0.5,0.7609542781331213,0.5,0.6645898033750315,0.683772233983162,0.5527864045000421,0.7609542781331213,0.683772233983162,0.7891814893221081,0.7891814893221081,0.6645898033750315,0.7891814893221081,0.6186149643017631,0.9,0.683772233983162,0.8881966011250105,0.683772233983162,0.578362978644216,0.6645898033750315,0.578362978644216,0.6,0.7139612232263224,0.683772233983162,0.683772233983162,0.7,0.6645898033750315,0.5527864045000421,0.6645898033750315,0.7763932022500211,0.6,0.7,0.578362978644216,0.6348516283298893,0.5527864045000421,0.6186149643017631,0.6,0.7139612232263224,0.8,0.7,0.683772233983162,0.6,0.5,0.6186149643017631,0.7763932022500211,0.683772233983162,0.683772233983162,0.683772233983162,0.7891814893221081,0.5232687053772038,0.7891814893221081,0.6645898033750315,0.7,0.6645898033750315,0.683772233983162,0.578362978644216,0.7891814893221081,0.7763932022500211,0.8,0.5,0.6,0.7891814893221081,0.6645898033750315,0.578362978644216,0.683772233983162,0.683772233983162,0.7,0.7763932022500211,0.6645898033750315,0.578362978644216,0.7891814893221081,0.5,0.683772233983162,1.0,0.683772233983162,0.4729537233052701,0.8,0.641431417199682,0.578362978644216,0.6645898033750315,0.7763932022500211,0.5232687053772038,0.7139612232263224,0.6645898033750315,0.5232687053772038,0.578362978644216,0.578362978644216,0.683772233983162,0.7368825942078912,0.6186149643017631,0.7891814893221081,0.7763932022500211,0.7763932022500211,0.6645898033750315,0.5,0.6645898033750315,0.7609542781331213,0.6,0.6,0.578362978644216,0.7891814893221081,0.5527864045000421,0.578362978644216,0.8093074821508816,0.6645898033750315,0.5,0.7,0.6,0.7,0.6645898033750315,0.578362978644216,0.578362978644216,0.5527864045000421,0.683772233983162,0.4729537233052701,0.7609542781331213,0.578362978644216,0.7763932022500211,0.5527864045000421,0.5,0.6645898033750315,0.6645898033750315
0.7763932022500211,0.7763932022500211,0.6464466094067263,0.75,0.5527864045000421,0.7867992836443896,0.625,0.625,0.7642977396044841,0.7763932022500211,0.75,0.75,0.6645898033750315,0.0,0.803883864861816,0.7642977396044841,0.75,0.6464466094067263,0.7327387580875756,0.7642977396044841,0.6938137821521027,0.6464466094067263,0.6645898033750315,0.7642977396044841,0.7763932022500211,0.882148869802242,0.7327387580875756,0.882148869802242,0.75,0.875,0.5527864045000421,0.7763932022500211,0.75,0.7642977396044841,0.882148869802242,0.7867992836443896,0.6938137821521027,0.6801989254665843,0.75,0.7642977396044841,0.7327387580875756,0.6645898033750315,0.75,0.6645898033750315,0.7327387580875756,0.7763932022500211,0.75,0.6464466094067263,0.75,0.7327387580875756,0.7642977396044841,0.882148869802242,0.7642977396044841,0.75,0.882148869802242,0.8933996418221948,0.6645898033750315,0.7642977396044841,0.875,0.7642977396044841,0.7642977396044841,0.75,0.882148869802242,0.7763932022500211,0.7867992836443896,0.7642977396044841,0.6464466094067263,0.6645898033750315,0.75,0.75,0.75,0.75,0.6645898033750315,0.7763932022500211,0.7642977396044841,0.6938137821521027,0.75,0.7867992836443896,0.5527864045000421,0.5735985672887791,0.7763932022500211,0.6645898033750315,0.5285954792089682,0.7763932022500211,0.7763932022500211,0.7867992836443896,0.75,0.7642977396044841,0.7642977396044841,0.7642977396044841,0.882148869802242,0.6801989254665843,0.6464466094067263,0.75,0.7763932022500211,0.75,0.7642977396044841,0.7642977396044841,0.7642977396044841,0.75,0.5527864045000421,0.7763932022500211,0.6645898033750315,0.6464466094067263,0.875,0.6464466094067263,0.6464466094067263,0.7642977396044841,0.6645898033750315,0.75,0.75,0.7642977396044841,0.7642977396044841,0.7763932022500211,0.7642977396044841,0.875,0.7642977396044841,0.7642977396044841,0.8881966011250105,0.7327387580875756,0.6464466094067263,0.75,0.75,0.6801989254665843,0.5735985672887791,0.75,0.6801989254665843,0.7642977396044841,0.6464466094067263,0.7642977396044841,0.803883864861816,0.6801989254665843,0.7642977396044841,0.875,0.75,0.75,0.7763932022500211,0.75,0.8663693790437879,0.5527864045000421,0.6645898033750315,0.7642977396044841,0.5285954792089682,0.75,0.7642977396044841,0.7867992836443896,0.625,0.7763932022500211,0.7763932022500211,0.5527864045000421,0.5527864045000421,0.75,0.7642977396044841,0.6464466094067263,0.75,0.6464466094067263,0.7642977396044841,0.7327387580875756,0.7642977396044841,0.75,0.75,0.7763932022500211,0.75,0.75
