0,1,2,3,4,5,6,7,8,9,10,11,12,13,14,15,16,17,18,19,20,21,22,23,24,25,26,27,28,29,30,31,32,33,34,35,36,37,38,39,40,41,42,43,44,45,46,47,48,49,50,51,52,53,54,55,56,57,58,59,60,61,62,63,64,65,66,67,68,69,70,71,72,73,74,75,76,77,78,79,80,81,82,83,84,85,86,87,88,89,90,91,92,93,94,95,96,97,98,99,100,101,102,103,104,105,106,107,108,109,110,111,112,113,114,115,116,117,118,119,120,121,122,123,124,125,126,127,128,129,130,131,132,133,134,135,136,137,138,139,140,141,142,143,144,145,146,147,148,149,150,151,152,153,154,155,156,157,158,159,160,161,162,163
0.0,0.9283304250331209,0.7899153167885397,0.7745291633744932,0.8752303580270182,0.782101715235535,0.8892627498806296,0.8241064389370798,0.9213348242093863,0.8087768870556654,0.9464032568236067,0.8776615563427391,0.8578973861307777,0.8476527508039695,0.9235201173372999,0.8510996357759262,0.8435206338748356,0.9629713022067254,0.8885947575748645,0.9200439193859774,0.9316463543103763,0.9303777348246662,0.8251427490260131,0.9622151307367366,0.9184447485253556,0.8529832055131793,0.7982797032935783,0.7964280685415777,0.8935911596524696,0.848081086489841,0.9505390548513073,0.8560405157868373,0.819416193806312,0.8339424838497649,0.9453763033293208,0.8254438138571858,0.9595975107020185,0.8900541788956344,0.9004552697439555,0.932505294713606,0.8260038795487803,0.8646758039216828,0.9320162888367466,0.9202800491982545,0.9285379306724721,0.8813696887400326,0.821419286844125,0.960172876855736,0.9209189816145195,0.8650254402023835,0.9308069653659762,0.817535228451699,0.8614598731753252,0.9001018767611803,0.9224617093730686,0.7889719594814111,0.9371913722466461,0.8259590429477542,0.922170528929371,0.8317597440685658,0.8304012871754491,0.6757376347113376,0.8663073185652851,0.7458260089047799,0.8781356983461043,0.8690283567400852,0.8924179852550994,0.9136377591533252,0.8713500419850049,0.8939179928451574,0.9257489532358152,0.8877809101609025,0.857746439119103,0.8866047366016182,0.8269147089683906,0.912411659168327,0.7756095676435689,0.8858983981920634,0.8959663280794915,0.7858049800950725,0.7567931966660035,0.9031614497169955,0.9566733232270884,0.7667325858530301,0.9053855195977297,0.8847556883493041,0.8841380536051135,0.9098082544859611,0.807451040543517,0.8586984955290983,0.8861066725622398,0.8621202707559631,0.9172029638120638,0.9087461181860041,0.9406960886414648,0.8621603885647193,0.7827235729751018,0.7593267173263825,0.7700035071335469,0.820783067234331,0.9061862076290946,0.7889339161856894,0.7921453656867593,0.7606508037027414,0.8945469032256845,0.809401681560183,0.73829477428779,0.7994723250894399,0.9097165244146612,0.928774478943735,0.8978966142032191,0.8802355133362963,0.8219801852530274,0.7706384837140946,0.8995249979807978,0.8395760952461684,0.872982454329609,0.8764440791175487,0.7387051581844573,0.713761536116347,0.8500638236276182,0.7186247480469388,0.8808013809566534,0.9474211474890138,0.8929651472286059,0.9094406522544839,0.6600423751241071,0.8420889063373274,0.8017028704714413,0.8677276277750845,0.7723274874140307,0.7473126584124048,0.8038784900037326,0.8771816609353363,0.9062344182798943,0.8370438584568817,0.946336976068876,0.92706556301505,0.9474777476289925,0.9007357172101597,0.840138881167599,0.821679916182464,0.9241053226483733,0.8173606707110622,0.94995222259264,0.8824724696710167,0.8560809275287765,0.7689704328869191,0.9449507348061906,0.563336655922426,0.9728755386117551,0.8970860386579462,0.8713143483521031,0.7737408946420004,0.8160119707823056,0.9519914786438483,0.8476670046161435,0.7978276690126088,0.9158724722634074,0.8062529240272179,0.7228644674461934,0.9503081903793482,0.904433408164166,0.9663583125372903
0.9283304250331209,0.0,0.8445782270730805,0.8405683879799613,0.8287474165290206,0.8810563803845322,0.8743945258041113,0.8800610410100219,0.8818938152521871,0.8588258363531133,0.9068052224251053,0.9192183850070734,0.8464213528801243,0.870225855827792,0.8640784839304375,0.8441422876308853,0.8722855857981675,0.8590982382673112,0.8847083825038542,0.83226850135872,0.9309288452219886,0.877538788283945,0.8002694361398103,0.8947491370859006,0.9105867426038855,0.8762682293053693,0.7979991637602682,0.8024578587585446,0.9572923606799073,0.8173385871160638,0.9225769936729841,0.8464120853747993,0.8970703915644369,0.8575292244807876,0.9249733318869139,0.8803542406478493,0.9008365298260166,0.8843351295505492,0.8491075678621284,0.9152510874593107,0.8921927846205011,0.8989405815112218,0.8255196938468234,0.9238502918457288,0.9269365709363345,0.8403347370946339,0.8541536148998949,0.9019952183850491,0.8480209476582278,0.814918961285949,0.9054230527988858,0.9003230051023222,0.8610887664185722,0.9447583997461407,0.9174976913522253,0.8840078104217673,0.8651282259771077,0.8939628358772093,0.8316226742933441,0.8339359411729789,0.8473813882541915,0.7224176383709545,0.8910859432778951,0.7379267692471206,0.7786622351127275,0.7946735237160275,0.8583854711783848,0.8342403203023776,0.7957989786659891,0.8719245510602316,0.8633604760957924,0.8345988651359647,0.8740136295080512,0.8694061727877916,0.8928620850629118,0.8638491204541852,0.7314867589199933,0.9178989760150561,0.89587412206783,0.7989922119629493,0.8176028480437393,0.8774244791412675,0.9497145401750574,0.8350435477099504,0.9264890228971887,0.9352455121933604,0.8641200988307738,0.8316642634222373,0.8312004022768728,0.8912899041146892,0.8968499737097363,0.9237554726737863,0.8868972087296018,0.8535150707019985,0.9299010479808366,0.9119654572724161,0.7848666517413441,0.8627079209956157,0.7966713485548862,0.8819969650890209,0.8700938080895475,0.7196511797444108,0.8219549155835596,0.8131446757383245,0.9098519070420122,0.8252488413857085,0.749546907808801,0.8628867506038362,0.9061010646862926,0.8999288457062045,0.9017449930911,0.8516773009747899,0.8611213163234248,0.7966677683984184,0.9335699567939504,0.9224198753499534,0.911720684906966,0.7655176662730275,0.8176827538571008,0.8234488422849249,0.7803202347271186,0.790861336459058,0.8976482539107073,0.9324759818169295,0.8419943943264675,0.9491079086279823,0.7318681413934515,0.8551868202287684,0.9121367669766619,0.7959000348012021,0.8769638796646534,0.7782326093875735,0.7654433224024298,0.9176525286835204,0.8194737171745815,0.750228939793854,0.8849602233776965,0.8938046787903177,0.8698265126243983,0.8295820653883748,0.8752624313740078,0.8423262267511326,0.9434720534236788,0.8408921866966501,0.9148656995885401,0.8765424860731508,0.8560984225467843,0.7972921222648541,0.9526726989266731,0.6360210882436891,0.912078240188433,0.9226499744989537,0.8030569612487087,0.7712154210480197,0.8743559190065826,0.8501090690994426,0.7748779428634606,0.865325451056053,0.9285553883693146,0.7958087272113344,0.7660643780216443,0.9557009699583465,0.9475396903078597,0.9009527417419579
0.7899153167885397,0.8445782270730805,0.0,0.7989532672838842,0.7095899590130987,0.8650983250664421,0.7376682488506555,0.8714983487730177,0.7495712087282477,0.8268483673255386,0.7794498216311186,0.7771206433084045,0.7922345552663062,0.7340285396968266,0.7464220880195443,0.7434808812169978,0.7779381135794703,0.7542531068120609,0.7450043203566569,0.7057588932832519,0.8756683812768107,0.8205457528216826,0.6626147557068784,0.7648832353990348,0.8158996291836587,0.8580155906740583,0.6588809029149653,0.6985264048256721,0.7805665496135276,0.6498950053985422,0.754680056921283,0.729351470107807,0.820575361481102,0.7181521768546889,0.7618895267855288,0.7627684163898635,0.7928186293237992,0.7457752248979548,0.6829991946826215,0.7836790746239822,0.7920430720207561,0.8826289243700686,0.7427068813384288,0.8039791677207183,0.8223967145202677,0.7356569027491413,0.7930406362507226,0.8051998893326806,0.6946647150320407,0.703991803529191,0.78600475606442,0.881764165906368,0.7157580962558329,0.8545624948266254,0.7537059010703804,0.8446507679406388,0.7126958751652014,0.8127239654069955,0.744570361340441,0.6737705729064847,0.824459380615844,0.6517102292003116,0.8945018858513107,0.6438224673350729,0.6933496751136633,0.7554513317681025,0.7983643292891065,0.8417390206290618,0.8055582102047495,0.8444505849155329,0.8093815228628184,0.6685759079010798,0.8552514015312103,0.8186023121465318,0.8350999924968646,0.6958424224982149,0.6579665252973146,0.7535391578586154,0.8039065589255662,0.674197929257906,0.8626263354535182,0.8075962621656129,0.8033374603596897,0.8092279233258918,0.8050356791985351,0.8494844168619319,0.8315488428357355,0.7076346820087505,0.7141574466495464,0.7777277352525895,0.7928240660962018,0.7900910157807355,0.7031936765065862,0.6920060449821492,0.8221476133961884,0.8352034281909266,0.7461666469172358,0.8475673092721233,0.6618338038425428,0.8033754240492883,0.6775466277678253,0.6905606833863532,0.7896376389947559,0.7933792102403024,0.7886969109536852,0.7899500843635218,0.7257656445352572,0.8298286320038409,0.7743147986130724,0.8182441826025151,0.7838559994785983,0.7283844130905907,0.8665892929539869,0.6707350632366043,0.794154108177098,0.817646888811518,0.7769834677407383,0.6379150197499628,0.863064719767093,0.7503151009742373,0.6397176056730453,0.7837684244886118,0.8052050504781729,0.7747185119506882,0.702895934524176,0.8063459364137623,0.705266058248292,0.7167948195781574,0.84356477475013,0.7082174814081009,0.795351363985055,0.8461923810249995,0.6432201070787984,0.7685746871656274,0.7412499987367377,0.6573622237560969,0.7164767134190513,0.73953478593985,0.7727583686389918,0.6720965104486805,0.8244718949685467,0.7022750040097975,0.7871381744197453,0.7746764778664126,0.7703376669322676,0.8155897092898925,0.770957705326836,0.7191255894771019,0.867059800417598,0.5690752954259904,0.7633019232190793,0.7549042727077909,0.6696210831076415,0.764006204612092,0.8340120507567393,0.7735187044017247,0.6647071352919448,0.8324149949922495,0.781455021581948,0.668599817542759,0.8288751710857902,0.7704733873280161,0.84729014894026,0.7555220099288633
0.7745291633744932,0.8405683879799613,0.7989532672838842,0.0,0.7533607657878534,0.8877582262386219,0.8844859084229753,0.8434745062204115,0.700985531379481,0.8759732960356421,0.8346049980557595,0.9145527281196152,0.725827742470093,0.6779863151490596,0.7757352126677678,0.7200145099169014,0.7939420301938557,0.7355286217184989,0.8736139881124284,0.6261424301274491,0.8636615971467423,0.738037911565655,0.8022405352992512,0.77065420939809,0.8933884457601228,0.8504665447204708,0.7477551321346386,0.7919520482723695,0.8559064073603031,0.7360978918515506,0.7852759926720201,0.7398110235109414,0.9516577258854775,0.8238695883682536,0.7720730472782174,0.7714160077512461,0.7838262709605669,0.6985376295959272,0.7085803932977982,0.8249806941073622,0.8534766522616664,0.8724802840115823,0.7220536429740292,0.8665216414227138,0.7723555546786646,0.7068330103954448,0.7207461752332736,0.7776531105749048,0.7683050948326455,0.6474824228863241,0.8560107780590221,0.9139731221337083,0.6928370730748006,0.9254211294424227,0.8415288517828633,0.7803652301937353,0.7111695345673618,0.9539562800408106,0.7078532727618427,0.6731822978524394,0.7716125158019667,0.5963847568566364,0.8671420706382743,0.5738748258523826,0.632755585340035,0.6484373240200101,0.7264054011138256,0.7183217263992743,0.6925913588552393,0.8761149819748946,0.6990305557685988,0.6400637939574417,0.7879196123884282,0.8214634233503024,0.7880475595474914,0.722573291578304,0.6816265326363081,0.8655392437085982,0.7834833140051382,0.7071188351372252,0.7821312749648417,0.7942196007163361,0.806890030933346,0.7295958655161824,0.8372219205296189,0.7642891083075075,0.8012211003693759,0.7193818388717488,0.763318967144069,0.6924405517308687,0.8957082399847067,0.8810589694634029,0.7631556371373116,0.6928528079193206,0.8017179162965731,0.8920567239237951,0.6102901141894872,0.9010581750160773,0.6441971111601849,0.8362198724273099,0.6757416998995442,0.673948020958915,0.9383233658772498,0.918513006393602,0.7669343878649514,0.6814507651409963,0.6741530542927268,0.8810083364880423,0.7679537335630204,0.7627241179376242,0.9166564645447656,0.7275098045797004,0.8218127946460162,0.7181474513076126,0.809785586416788,0.8585214337114369,0.8572541737915387,0.6543073307372355,0.9243335646634623,0.7997001004904675,0.602293676146404,0.8915947112040159,0.7357616595357086,0.8544152328110873,0.6582024733560153,0.9015962867905567,0.6574497992050665,0.688252399929846,0.8800852080573567,0.6210226707864787,0.7378984357557352,0.6498301904768901,0.629913939805337,0.7856506679535066,0.6532449690678659,0.5798497160535439,0.6791894180477864,0.7558983995605322,0.7271386532599697,0.7175618877446139,0.9208061008556433,0.6485532367164778,0.8316692453484139,0.7316600252307242,0.7444179212932054,0.8427976594101897,0.7188394142409545,0.7409315898786362,0.8110868574966452,0.5364303151517019,0.812222216621006,0.8712492219032123,0.6704350115037646,0.6328645259048569,0.9733677570825243,0.6975149075395354,0.6706581721399326,0.9291034739079306,0.9034253870950331,0.7652342729359789,0.7663096002176581,0.8217290623285354,0.8197497023609535,0.7880039106541225
0.8752303580270182,0.8287474165290206,0.7095899590130987,0.7533607657878534,0.0,0.6598430353109843,0.873035273599343,0.7160232759813516,0.909756350000689,0.6916785461980787,0.831943344869607,0.8464543001064652,0.6580030815711458,0.7487841875247429,0.9710803244218829,0.6833066819755039,0.6897755889280018,0.8734476397896612,0.821181485400266,0.7991811753875488,0.8589576419259541,0.9105061879675812,0.7763531481250245,0.8849274652761617,0.8043496307243305,0.7893600883528683,0.7227270990583073,0.6544462121274178,0.8074237225233444,0.778522747107134,0.9399203054565979,0.6987117662314007,0.8240799074924046,0.7215460056289583,0.9288711942426646,0.863876250473937,0.8017154918866002,0.8466261028683211,0.9088310981506945,0.8165786631895771,0.877698228039504,0.772232828035633,0.914758707903855,0.9151960112732442,0.8101886949724929,0.7469746571663024,0.8135974742247642,0.8673689766087529,0.8387334784906423,0.8738990833078395,0.871138151093624,0.7656343975926488,0.7885876917619415,0.862985807944652,0.8649506904939384,0.6746017576070368,0.8225230326548615,0.7951223969090518,0.8421967464677468,0.748039677785809,0.6488204921552169,0.6261424931137566,0.791260538135915,0.7707814669215858,0.8765461916705062,0.6920141143651274,0.7239399796721018,0.8086585045445962,0.8239701846931137,0.7849285902803989,0.8709028266834186,0.8444995410817052,0.730593198180607,0.7484187977409211,0.6676888037131979,0.7400111891613741,0.6539824212913671,0.8318481018251996,0.8088522143340838,0.6037832725987858,0.6283771707861037,0.9456901155148658,0.8443975439173069,0.6278801096155561,0.8034559110513004,0.8118272108793295,0.7284285064876513,0.8668538201906256,0.6603306269135828,0.7456320188688419,0.9193961869476309,0.8900502254490423,0.8938582720620737,0.7431355307758152,0.8904813095759855,0.8424945196629909,0.7216569674900141,0.728188422737928,0.798703493357879,0.6872033621841253,0.8160308909906464,0.6851843943283418,0.8358723096626647,0.8040329968224702,0.8507361926134984,0.6699353152905758,0.6144181381683288,0.6772549145451834,0.829995568220898,0.7612275244700941,0.8310017653871615,0.9317161535180648,0.6671283841766404,0.6491304777366292,0.7952179674902592,0.70222673013203,0.727493770747326,0.8293549668529918,0.6775304630341308,0.6732763070985078,0.8711402819541777,0.7140734946245797,0.7305395507498844,0.8242994031298136,0.8521181496458584,0.8171081115627106,0.6058607618304727,0.7709536679289963,0.7269308597354975,0.8588031545074283,0.6528290193058844,0.6072591435131219,0.6321388750435922,0.8697512425376789,0.850897611709432,0.8291557901395822,0.8137999739155268,0.9588369873782235,0.897025429703106,0.8968953356174616,0.8070001994974311,0.7160479542861958,0.8616426815076703,0.8842574130460817,0.8709167511518541,0.8888507859769144,0.9199110061952194,0.6307688144368354,0.8468008821859767,0.5227745589175659,0.9050787439028278,0.830086600724338,0.8460465821596129,0.7603829309191124,0.7857015377717335,0.8194991018999003,0.6781529036545689,0.6864170986947541,0.8722231750158059,0.6721852265874589,0.6199313812612645,0.8420788457890713,0.8816326123906433,0.9118928937468298
0.782101715235535,0.8810563803845322,0.8650983250664421,0.8877582262386219,0.6598430353109843,0.0,0.7752406716592983,0.8988145075363609,0.7048638319055444,0.8997575753751588,0.8136126649875053,0.8390462521889969,0.8377125541594175,0.7506076110812397,0.6984052534054004,0.7931492183579247,0.844519689533908,0.7090110754438028,0.7989926815274211,0.6641452816913347,0.8337069408750384,0.7203752617601074,0.7166564761504631,0.7380646539393455,0.8701515510423076,0.8589811137851308,0.7203758591818761,0.8034183590795237,0.8700716930373027,0.702059005897152,0.7518594290928432,0.789553403166262,0.8739955981044465,0.819300710418203,0.7554402477067614,0.7499662079196889,0.8179568412777664,0.7281310390769201,0.6674205803744642,0.8026496307040835,0.7890231060452411,0.8855967726222316,0.6761270335913037,0.8147472460303563,0.8108614134093193,0.7276798026617751,0.7383259888496115,0.7865871758473113,0.7175199500650717,0.6363186442625204,0.792365918796128,0.9177802682901957,0.7068999633081886,0.8684107324638535,0.7957484075321606,0.9206066010222539,0.7077479230191694,0.8880732538928119,0.6851104771118243,0.6935916189373684,0.8825336933156132,0.6666405422958147,0.8737470454046977,0.593034028758496,0.611189507820581,0.7125352168696347,0.7978933030376425,0.7518801941660767,0.688810230563108,0.8630176871103323,0.7200448093051817,0.6539202948362861,0.861878347737202,0.8234129887918118,0.902965057294432,0.7627865527354626,0.6876149817022692,0.8258216102047243,0.802122777693135,0.8263753470438373,0.9172447567468285,0.7348195789847473,0.8253140932918357,0.8897169496570565,0.8448727530500488,0.8255495929982118,0.8742672977187284,0.684363002747717,0.8176964764462886,0.7878058984246552,0.7947909445595416,0.8206076300379478,0.7157140684153731,0.7280900985864882,0.7893940748338287,0.8695895120968944,0.672301837038517,0.9129790050843171,0.6597304867818238,0.8952635055550555,0.7067118339440999,0.6694126160474675,0.806765057444515,0.8111084517158188,0.7785560643210594,0.7734159428854718,0.7297533989326387,0.9322810611842772,0.761831595462017,0.8210605427777117,0.8403775021915522,0.6866335192800999,0.9410578780829305,0.7712646826290579,0.8437390900584583,0.928504861417473,0.8916972184473919,0.6164384361596414,0.930821766218182,0.863037293132265,0.5947465218410133,0.8514657426019345,0.8387714964060591,0.8362235434487293,0.6830141090658832,0.8892160708010068,0.724969626498864,0.7242848568075807,0.9303304476833525,0.6284268624342519,0.8821619105459801,0.7888654781500749,0.7149968198007765,0.7876049587651189,0.663587587674179,0.5891509370079391,0.7208113279316628,0.7118644348973174,0.703406544079015,0.6619744659654715,0.8708924333135862,0.7304750008451872,0.8025857929716262,0.7047307741054267,0.7657687043932175,0.7864690447701814,0.6983463947424864,0.7961424166811614,0.8418483696170529,0.624027695537023,0.7735780314561024,0.833506149103199,0.632980055350262,0.6433415982020874,0.8953759091308211,0.7249083485039418,0.7024696185560377,0.9560032482123983,0.8449484320574592,0.7739356497994377,0.8439032191523138,0.8444074399813354,0.8269908929133187,0.7512940649004417
0.8892627498806296,0.8743945258041113,0.7376682488506555,0.8844859084229753,0.873035273599343,0.7752406716592983,0.0,0.7927852071669877,0.7944606582820959,0.870101514995274,0.9232035051774095,0.950231940376267,0.7734883909200263,0.7426774431888025,0.8882196331881604,0.7945027074114196,0.8360206316641684,0.8790526817327463,0.9436642330045516,0.7493035910813125,0.8982336998340181,0.8252175990017239,0.9408424193055527,0.9012882075772798,0.9409487721840041,0.8201087689031582,0.862118105863045,0.8415035000970815,0.893972334941179,0.8849822820400657,0.8877889632459506,0.8350931369491701,0.8687494710729861,0.8857545441319036,0.8587935775497896,0.7935088389840657,0.875529272342112,0.7589639540379944,0.8421992618134695,0.9379924558569676,0.821618890565582,0.8719677781028747,0.8511084822613563,0.8938848321144333,0.8439706651330819,0.8155326581261694,0.7635195411212671,0.8504747077045469,0.9440758063756756,0.7584512630201398,0.9519485001939363,0.809789864340631,0.7780005199140757,0.9168591395712528,0.9399560055523073,0.7337538656450342,0.8504382350539564,0.8959186199656514,0.8658604823091482,0.7812811431121137,0.760708924727687,0.6126254198529232,0.809334551114428,0.6474687477001713,0.7551024267530433,0.7265826014508512,0.7978536368175968,0.7852135137428007,0.7781885813750508,0.8726400526183214,0.7686247239428288,0.7637950827788585,0.7831663569766586,0.8876850554733668,0.761829861463138,0.8473109190213547,0.7889520089738574,0.9484774981701826,0.7966309040336216,0.7337664193892492,0.6870091974864266,0.8480404804386674,0.8949072980577116,0.6660720896770191,0.8749701207287732,0.7636273145310231,0.7996871613056814,0.8749075040359999,0.8118214410339033,0.7331510753793206,0.9339279626941934,0.8932107083509477,0.9066706024466709,0.8162508804868182,0.8693761980549483,0.856986954147826,0.6356960968370793,0.7819236481165489,0.6968186316394582,0.8331001647986774,0.7925550767191741,0.7673560732939794,0.8815265925387203,0.8265797205301642,0.808654104922406,0.7165710871887779,0.7067704986777883,0.8238842197387531,0.8724125311686795,0.8377488864187618,0.9702139643102946,0.8147701054392663,0.7686853785486716,0.7678300186853092,0.8283299516416148,0.8351627647870804,0.8764503712965657,0.8437092257534329,0.7791048069372155,0.7142710355979822,0.7281259493101203,0.7577758025559252,0.7558169578755404,0.9472439943938222,0.7414282041405454,0.9210809911269177,0.6430770582552695,0.7741454890116248,0.8026860151878211,0.72224743786209,0.7171882331995069,0.6280686480253355,0.7043517869358249,0.7994929949517585,0.7497521366621684,0.6791714669037089,0.8018216750021215,0.86158723441668,0.8542539826289631,0.8701215636264135,0.8514716396613261,0.7203304675345216,0.9279341228842016,0.7619752725072999,0.8340177565546071,0.8919727991604836,0.7638180422356948,0.7714126119958354,0.863708871029612,0.5221592936164746,0.9118844026027784,0.9112486026424018,0.8226224209758418,0.7321922965670291,0.8844299339818364,0.8019057336089376,0.7901609540595638,0.8488214463357812,0.9304551195721419,0.8512886693940765,0.6942701416472989,0.8779384232405129,0.8378613025207323,0.8953104604001604
0.8241064389370798,0.8800610410100219,0.8714983487730177,0.8434745062204115,0.7160232759813516,0.8988145075363609,0.7927852071669877,0.0,0.7775555611434355,0.8580177297618135,0.8447244262504178,0.8751140010908599,0.8584674397228399,0.7683153898536591,0.7649203079543252,0.861686609544316,0.8653653635091726,0.7798582533575977,0.8367604141500934,0.7338766233992453,0.8699617403358602,0.7756048726844755,0.7618152063840885,0.7827904610083996,0.865173552561706,0.873352583593297,0.8047179902011083,0.8137964464922508,0.8426959838860855,0.7875903075543751,0.8229210014778632,0.8361272109329746,0.8560805090388071,0.8427117126845666,0.7827333713184305,0.8006898622353478,0.8515258896128922,0.803260083455448,0.7605902113053931,0.8386391377412052,0.8052623161188743,0.8392652001856888,0.7759008448882388,0.8109568847022295,0.9039678434054318,0.8312338969742926,0.7700666785974025,0.8048176292392559,0.7681181476019733,0.727662577389564,0.8566647860921986,0.8643956095752924,0.7582461922537677,0.8800646580259669,0.8523008308995239,0.8304161063829572,0.7900462517091352,0.9211951114388827,0.7328922502405595,0.7831805430256917,0.9006949278168193,0.7158529717358202,0.8955011753426417,0.639950206264871,0.6755007617671395,0.7777144655047565,0.8232778080514376,0.7815354842176863,0.7756525577766117,0.9224083081714615,0.7799928796887935,0.712509959750738,0.821022999608678,0.8793266374519189,0.932211931882273,0.7904146225424081,0.760272390148598,0.8480650417350958,0.8950452902433167,0.7577527651987266,0.8002826259625715,0.792074567280065,0.8680647133806894,0.8590395956109389,0.8770526870171272,0.8721079414801977,0.8982028805589234,0.7718744074997724,0.859723110813396,0.8245387148016367,0.8381311075026705,0.8286434304786638,0.7912029765354781,0.7762939344141395,0.8087529873750081,0.8417778059572667,0.7495312749914866,0.833208922044799,0.6833787491836882,0.8925969258640757,0.7532818515211668,0.7987684657319953,0.7999868500767522,0.7794966068093503,0.8460177018760403,0.8653153976125074,0.813406559001723,0.8614845029778375,0.8344216144696363,0.8054981854659152,0.8415111037042385,0.75196496319975,0.8502558093884192,0.8378810829777852,0.8840043763926017,0.9162458596661032,0.859613502195988,0.694229219313515,0.8091983507185257,0.8022768981826532,0.6634401594482188,0.8749305916971619,0.7911650181923126,0.8674852105516665,0.6912350589795337,0.902472359295853,0.7387989985188823,0.839933625876781,0.8787867846936105,0.7035014319653783,0.8686472406092082,0.835713144896544,0.7587861684492664,0.7962553046206226,0.7214040909857058,0.6311511948908798,0.781519674543536,0.7656250027110126,0.7913270199450603,0.7694662985418054,0.8275423072593081,0.7613926666320284,0.8483711630844665,0.7572769638030569,0.800045285070907,0.8102797097121566,0.7591240855731695,0.8295122494572812,0.8651177825325714,0.6211528816006983,0.8307433015673958,0.8244889458961258,0.7269019293761154,0.7286899058343622,0.8651649552912897,0.794230081293184,0.7355708423510773,0.8974027871241044,0.8177277603317116,0.7893371435212024,0.7558823290312372,0.8205563624342892,0.8615789757301383,0.7834921640439871
0.9213348242093863,0.8818938152521871,0.7495712087282477,0.700985531379481,0.909756350000689,0.7048638319055444,0.7944606582820959,0.7775555611434355,0.0,0.6894177302505439,0.8380085395690176,0.8131679282032561,0.7343158457046867,0.829497462201758,0.9279524593581575,0.7423580063739815,0.7141007499449324,0.8770579404149023,0.7850366387677763,0.893632615781285,0.8530909035012699,0.9406934586388159,0.7144871184551581,0.8869531507758293,0.7966666233933453,0.8031254334314065,0.7155844333059859,0.6589249521739564,0.8167645247983222,0.7760763858281857,0.9589272274386169,0.7342100390636915,0.7906007802222356,0.7184269987169155,0.9473851918643624,0.8633268961219787,0.8569980079993876,0.9299039669930085,0.9154724944703119,0.807164577626899,0.8459792718409583,0.7848756586105289,0.8972321909741896,0.8923808036275073,0.8734172819880637,0.787471812555286,0.8360776241660763,0.9053984036321231,0.8040618853689185,0.9000904714599329,0.836803999080462,0.7694425100007305,0.8276543319985111,0.8396673016211551,0.8431802713604223,0.7568885313252351,0.8538619775473819,0.7720266221775434,0.8228919000797972,0.7896281062704688,0.7221758215104332,0.6932531250849249,0.8119814833658431,0.8150722102607174,0.8905014085895381,0.7681224545273871,0.7968051618280081,0.8728963667941312,0.8317254904611888,0.8083269534820356,0.9534261991627253,0.8991635895529465,0.7767617770545489,0.7561302656794813,0.7409781421316917,0.785833308301031,0.6655034497330883,0.8082031652713076,0.8628067737502998,0.665931615998189,0.6865457700451287,0.9326505837716323,0.9036953234497876,0.7233548001877417,0.8160746332688524,0.9121827017921471,0.802954296392175,0.8502272677812228,0.6954482529666837,0.8889362051987575,0.8520963828857903,0.8585999644879871,0.8683682540839974,0.7975845281940863,0.9011875862158911,0.8459435142827174,0.8389756200067946,0.727444103618461,0.8381612987085445,0.7139875021978853,0.8896671922243194,0.7037478193713322,0.748818384655403,0.7390031945474237,0.8937267786856611,0.7496982558999601,0.6497672808343239,0.6915534840528273,0.8378960469119991,0.8192100742540925,0.7860930701297841,0.9150997160581618,0.7215317324574204,0.6959409689647595,0.8403074590827317,0.7460042703605994,0.7433425335153456,0.8063088966223529,0.6610993426663428,0.706513664217051,0.9127245117776817,0.7079815272109076,0.8126297103211502,0.8328094887663127,0.9310403750582587,0.8236684196393117,0.6415840585266646,0.8478810883853922,0.7425470585114441,0.9188775365972172,0.7498302976233286,0.7129956722309966,0.72287066464981,0.9195200220216273,0.9208618564950747,0.8934988585717807,0.9051300413488692,0.9442441410114838,0.9035515999833951,0.8815702077583745,0.7872719899912307,0.8036000128724707,0.8587684643135595,0.8831885784476088,0.9286079380040589,0.8454182885009895,0.9637739952578283,0.6645395566245931,0.884317939482744,0.581292386364915,0.9141038374989255,0.8140882801073,0.8396834632753448,0.7820693030833265,0.7493350544128884,0.9075352576122842,0.72306215293392,0.6977804408389848,0.8450334117846197,0.6742683495335036,0.6407772001247338,0.8825620986066768,0.9243413474676634,0.9198454065001165
0.8087768870556654,0.8588258363531133,0.8268483673255386,0.8759732960356421,0.6916785461980787,0.8997575753751588,0.870101514995274,0.8580177297618135,0.6894177302505439,0.0,0.8551870242845581,0.8753046174574542,0.864556353525592,0.7199678106153012,0.7335918062303074,0.8408458312184194,0.8932801782692869,0.7824122729651916,0.8622730915299894,0.6808672694089919,0.8423876230503593,0.7294932463095334,0.8467349659480269,0.7899238299280902,0.9353066557287515,0.8103448236607902,0.8209578803849494,0.8904096952480407,0.8810557732963332,0.8020626138166752,0.7611022367148078,0.8621122907513984,0.8293576110473293,0.879670518162528,0.7416334700216896,0.7078645671597497,0.8508125278153505,0.6900305495378354,0.6918026316877592,0.8826656727845342,0.741022526501689,0.8930157918112543,0.7285655927952712,0.7924905934561174,0.8187427743957213,0.7960542824579656,0.735476232017953,0.7812004392408044,0.8255033292609633,0.645943243199852,0.8485165173009921,0.8289039065997281,0.7167988340139498,0.8518953475481554,0.8394831054345677,0.8248494851324477,0.7563473618450605,0.87718458304018,0.7703396693829683,0.7236485489822448,0.8529049006214996,0.6190130393515759,0.8136882040125097,0.5738809869150866,0.6346888336035518,0.7356505629202071,0.805368914526543,0.7656586370523135,0.735233275627772,0.880718682842165,0.6954877116334841,0.6630581239411514,0.8005539270620686,0.8942866392948422,0.854491920227393,0.8317001684107946,0.7788271914673303,0.8832196192343097,0.7709257560633922,0.8197701554727655,0.81077301351399,0.720037685885312,0.8601837842026079,0.7648512061159727,0.8325662861818517,0.749612726798875,0.8326731247225229,0.7534834582336168,0.880107303915947,0.7270805561323453,0.8110461803034459,0.7986713601815526,0.7707540016265109,0.7720556695732852,0.7735694213063352,0.828305638674582,0.6079322301137099,0.8246869214936711,0.614523693147511,0.9053468821406261,0.7070865575317751,0.7464432328148849,0.8064367808848977,0.7969016330655082,0.7408520243908575,0.7743757166775822,0.7637352730300068,0.9416297641825887,0.8193796999023267,0.8461026046321691,0.8922705313828111,0.6757663771618297,0.864075188783865,0.7951852408353101,0.809990049567551,0.9075980995846991,0.9248097194579594,0.7141972534798157,0.8616892274632033,0.7505098666211787,0.6009783708454981,0.7722912271016633,0.7713053278586317,0.8953754357643583,0.6491902735852113,0.9072724178171095,0.674304743874045,0.7268753092027229,0.8568541109279761,0.6344175001839807,0.8213642055091975,0.7087187242590643,0.7197356926428986,0.7085725829643863,0.65908256705399,0.5868005363785266,0.7506963615058896,0.7208563034414452,0.7552067417320957,0.7220512626989262,0.8362541178588403,0.7058869327645175,0.834297855770999,0.6619668229205065,0.7538368706085254,0.8050351057557134,0.6598533113965481,0.8752848068840319,0.8589309502942627,0.5543057480846866,0.7889041144157806,0.859912105654152,0.6861213875800655,0.7069916304081133,0.8872809319356221,0.7440333052046628,0.7789227823664652,0.9565733233132343,0.842855283774928,0.858237553412474,0.8287298558388172,0.8220625121678452,0.7895962735235036,0.7652359741967273
0.9464032568236067,0.9068052224251053,0.7794498216311186,0.8346049980557595,0.831943344869607,0.8136126649875053,0.9232035051774095,0.8447244262504178,0.8380085395690176,0.8551870242845581,0.0,0.9316619142412121,0.8660097165102697,0.7878610450882901,0.8742476691466785,0.877791332922202,0.8716434862960022,0.8951473634429981,0.9339248694189495,0.8429549699907132,0.930223542966469,0.8781536562977257,0.8784401833634903,0.951983358773893,0.9607264778590632,0.8545549536004154,0.8459806624622416,0.8660692168929511,0.9133305488477373,0.8674450798825999,0.9087574016184683,0.872750012110491,0.8279027221569519,0.8938179568295355,0.8859905719249003,0.7859637998064057,0.9672080545278344,0.8199011230295992,0.8859177799040852,0.9421362101128897,0.7926083897450098,0.8850101138622681,0.8687403511178104,0.9039144507962588,0.9042490681984853,0.8372996526122838,0.7255367771008853,0.9437641503530252,0.9399932855314286,0.7754110068582151,0.9300488467300736,0.8042212681661519,0.7785708575517368,0.919134391700101,0.9496966754008339,0.7682644425732003,0.9014747732017658,0.8760687895128961,0.8675138465271027,0.7978284679460187,0.8718117590285601,0.6244079484619205,0.832529931304719,0.6715407842096593,0.7758974203132133,0.807250414589281,0.8994246317743709,0.8400752421202159,0.7928492335449906,0.9271432693530945,0.8290797802056544,0.8004595704740913,0.848450038985327,0.9163493053134775,0.8304899469092293,0.8860248278890785,0.8332159634597014,0.9189837031775555,0.8418725831556779,0.8187152331701432,0.7342713776872549,0.8475911210047122,0.9284270039412618,0.747889717797025,0.8996735395680081,0.8229433620412823,0.9185889334681054,0.8577852949315418,0.8228348792116461,0.8260117597913275,0.8768185999726126,0.8407749646976902,0.8920808829869461,0.8836850075421727,0.8883526158527577,0.8607095562577244,0.706987902978681,0.7638323686769034,0.7048691480659289,0.8360485460953001,0.8658210505405903,0.8260535206616839,0.8057021032164391,0.7688107894220992,0.8287096895410713,0.7630117561638139,0.7411419537190165,0.8472589112801425,0.8500455246755673,0.9385353807940295,0.9596745089577081,0.822825252920486,0.8380499018460718,0.826979504522823,0.8522027717103126,0.8590633966713824,0.8787251819131027,0.8657898117929136,0.7750118789929971,0.7126167535888984,0.7679092146564409,0.737162236132067,0.8504468853080583,0.9635097236168952,0.811661007259491,0.9390495022739049,0.6388000871876018,0.8237153655238267,0.8162218167704414,0.7579374907882751,0.7484250793619501,0.7232597919287169,0.8249309190095339,0.8457840917199811,0.8533976243043797,0.7278288566183304,0.8779655506257149,0.8608731746649106,0.9079766579295918,0.8761897155002426,0.8391665883051045,0.7842366547222555,0.9062599239590337,0.766585110994195,0.9191170951877256,0.8527787166471057,0.7859245484248052,0.7757217284589775,0.9073127762879933,0.5529455889973873,0.9674537060524574,0.8848031693166991,0.8548979368261002,0.7089576000514336,0.8585840082797169,0.9143594595938986,0.8866871590809722,0.8556464428822815,0.926178441727511,0.8608830915818441,0.6887074128643635,0.9213461448148695,0.8448820369675326,0.9536260852647862
0.8776615563427391,0.9192183850070734,0.7771206433084045,0.9145527281196152,0.8464543001064652,0.8390462521889969,0.950231940376267,0.8751140010908599,0.8131679282032561,0.8753046174574542,0.9316619142412121,0.0,0.7854762718454288,0.7501092793824129,0.8675667915456624,0.8241933988415447,0.8600790836237977,0.835018729817223,0.9615793449568266,0.7519708682039664,0.9219476238083183,0.8228428281572624,0.9042319099037608,0.88887966546993,0.9463321007423166,0.8492338271855129,0.8616943209671779,0.8524574745150472,0.9243835169888287,0.8843355569652444,0.9058943398370897,0.8333295796705147,0.9102764315341405,0.9098523959263489,0.8650286001418492,0.8322499431964386,0.8743991737033122,0.7983141446879295,0.857502997247987,0.9130900192250537,0.8668204291732624,0.8842395891348491,0.824895584744528,0.9069974801700708,0.8772751630123421,0.8115075647470469,0.762828029947869,0.8558977259940783,0.893832929277203,0.7530903382984399,0.9333999085401112,0.8581064983970887,0.7754611634441819,0.9494384120619502,0.9471732507049558,0.7783122013415851,0.8438375840500998,0.9672001632537817,0.7965636555033442,0.7937541869944118,0.8037025824441039,0.637237062776303,0.845996623938801,0.6531459745746728,0.7209957985517587,0.7181680733930683,0.7941735750923843,0.7570557926264545,0.746671513277368,0.904584868646005,0.7680875382501636,0.7533212145666673,0.7933651143260897,0.8790449378699233,0.8274960256369382,0.8261209069028989,0.7695281549973404,0.9517869706494336,0.8507211193139074,0.7512789765292854,0.7214777795837214,0.8512365922503661,0.9117888904805863,0.7295535048509032,0.9020801146760196,0.8297454058162916,0.8405152463882197,0.8248546275150487,0.8301368879312024,0.7870825112590613,0.9328516662933453,0.9150966124615322,0.8941991591899571,0.8094663020794466,0.8569137100058544,0.8934857229076172,0.6730867771955209,0.8385223908364872,0.712244480703323,0.854509708658559,0.8000901789695781,0.7633660502234753,0.880638340339443,0.8546991954875468,0.8371536430343397,0.7501927036377444,0.7282775479541788,0.8716067921280569,0.859150568989566,0.844065372349307,0.9687173654362113,0.8195628087504792,0.789741594081688,0.8144997296985107,0.8650630616610033,0.8921784471618107,0.8957977482484522,0.7940320303333438,0.8113156854779736,0.7692128033387544,0.7195081798816032,0.8203276118901989,0.7869904753709002,0.9467748573121257,0.7416840766443434,0.9612022096452959,0.6658858716250278,0.8157774910863888,0.8688967646690974,0.7074878828190232,0.7842567265469659,0.6789027790380946,0.7247542335573379,0.849992008624746,0.7560505242933833,0.6610022169040043,0.8162145059492261,0.8536196251375665,0.8484081381143761,0.8655268978799936,0.8693100138893486,0.7431512907511574,0.9255106390592018,0.7835843320093345,0.8507460426765537,0.8757751317204917,0.796032875151308,0.7834615972064027,0.8934567351110855,0.5712286867196146,0.9207204778851994,0.9182695036040573,0.8138533884190011,0.711941943395879,0.9329847526318245,0.8000393096264355,0.7744733312653528,0.8934944783281848,0.9292170537817379,0.8322938882909621,0.6915485683931636,0.8953172002244122,0.8769347423839287,0.8924275341345265
