0,1,2,3,4,5,6,7,8,9,10,11,12,13,14,15,16,17,18,19,20,21,22,23,24,25,26,27,28,29,30,31,32,33,34,35,36,37,38,39,40,41,42,43,44,45,46,47,48,49,50,51,52,53,54,55,56,57,58,59,60,61,62,63,64,65,66,67,68,69,70,71,72,73,74,75,76,77,78,79,80,81,82,83,84,85,86,87,88,89,90,91,92,93,94,95,96,97,98,99,100,101,102,103,104,105,106,107,108,109,110,111,112,113,114,115,116,117,118,119,120,121,122,123,124,125,126,127,128,129,130,131,132,133,134,135,136,137,138,139,140,141,142,143,144,145,146,147,148,149,150,151,152,153,154,155,156,157,158,159,160,161,162,163
0.0,0.2516080890803273,0.2326296136870016,0.2747673990603747,0.3083626996358233,0.26824834868910186,0.2686885223299609,0.2672600227763616,0.38140285720351863,0.22027705668128642,0.27291826483791753,0.2341495136238237,0.3603572108569882,0.2751192625529932,0.285449300148924,0.29111112076800844,0.31907827206658684,0.44049462610686346,0.27046108486011955,0.4247120878616831,0.31333945507517974,0.2669129492719481,0.2767983086593619,0.27925563832236,0.30650950340541744,0.27741267687175547,0.24890170340590678,0.3105823475778993,0.18279495961449266,0.28944318311845824,0.297268664813075,0.2905284449154044,0.26150982848563653,0.2698453590238088,0.36352995500707747,0.2417180793062407,0.3549909277237112,0.32348536439798536,0.2201943752555376,0.33379927249079977,0.2652784682338788,0.29234009106650793,0.31647413865635976,0.31454038299526466,0.28072746653503705,0.38288920050145525,0.29355200369657186,0.269845386016305,0.32402170671031644,0.36315226442598864,0.3773981281648046,0.3886430966036407,0.28343534108676,0.2508621357954642,0.22412945085203692,0.2932096702866853,0.4781748470379934,0.2744587212251818,0.29576998620437533,0.3261497865505223,0.25740268529464205,0.2534772853157985,0.3397600159930608,0.22892189795915394,0.3258572351765152,0.3610777801235832,0.3232515996437994,0.3446677287556419,0.2691516287885703,0.30846528212080826,0.46982286827736847,0.3244426951171994,0.3386638000849824,0.32599719240834546,0.30196363211250254,0.3425474375158767,0.2544131574188807,0.2672156599412017,0.32498553518210377,0.27371582999480915,0.2859951409328439,0.37282062233147806,0.31772453797425726,0.27776370505123665,0.3359261520016849,0.3542207355526177,0.29074610844476945,0.37898553690805803,0.3532238676446309,0.2865344349586892,0.41606089734324425,0.3035047012206991,0.2973930914918099,0.36459844933985314,0.352292274785993,0.24174880700983803,0.22997479314258834,0.26420263828890767,0.24206099039287216,0.3616774888380404,0.2600767275692495,0.22653064121869745,0.30295781785138326,0.22308188921935057,0.3762480532004935,0.358224847009634,0.2849755511454259,0.2867320027104572,0.31426486209723525,0.26910155806488906,0.28847756694554866,0.34620012669776623,0.35257222264459853,0.28217550569445793,0.3223400974072173,0.34927830437902024,0.3237600324193587,0.24426414552578504,0.2408694907248796,0.2714631077759945,0.34037386552049304,0.2658344535370214,0.316951940227289,0.3997736776323103,0.3070245361015635,0.23039613066051817,0.2557377493696308,0.22247641725854742,0.21444098201019926,0.32456751410676293,0.25889129337911265,0.292915510095951,0.28069250141941604,0.3152518733504172,0.2519853385347806,0.2924963954510345,0.3055110592202773,0.31194780663990807,0.26122090602236847,0.32612201156725484,0.25348970683660466,0.2474539713769202,0.37581655118659135,0.2654226066547954,0.29069648921915614,0.3420596836100749,0.31105218497673576,0.2559943410660454,0.26802879503597377,0.16363199291842506,0.41346333315212264,0.27485181188318153,0.2998466391996002,0.21946518011219152,0.2856453764903891,0.338915837462051,0.297471297101121,0.3120015144913358,0.30831245461824347,0.32837984899355527,0.23584304108730983,0.37872492988957634,0.2585116730376847,0.4227485395999857
0.2516080890803273,0.0,0.30613955691225453,0.2521264666202148,0.25268442410142083,0.38146211142353487,0.26982746352489584,0.33030867068822417,0.23874337356708436,0.3377061351054381,0.30256560969912205,0.322010134645836,0.30472595021582677,0.277334523819187,0.2779559919160918,0.31900642070108015,0.2989496955923546,0.24209975118541913,0.29757079982358214,0.2947845134610635,0.2941200844322393,0.37444498004369714,0.25223569289716086,0.29128743660981093,0.33934705182828834,0.21439207185218812,0.2365782262055459,0.26753097103757,0.3035010918567365,0.23959530388954936,0.31637427024831377,0.3212962090302836,0.31647186563683843,0.23827378558998377,0.28504636559445523,0.29206307207078613,0.2758037685052289,0.2749533176732273,0.29686670666897763,0.27307984289690346,0.32823438806613026,0.2609378329690045,0.22693273734733832,0.28179125046903647,0.33641902456990236,0.2452886084167433,0.27829088072932995,0.2880138013344166,0.28165884181141443,0.26587861693578124,0.2656420388746005,0.26194056074588057,0.2561075130314213,0.37155403666048514,0.3145620745091004,0.28325880031317774,0.25872400064779255,0.28174049338648993,0.3023572158573072,0.2846217655804153,0.31393388728898663,0.19171719045454547,0.23051468304431313,0.2418619328057631,0.20918978643198877,0.21313235883013815,0.24861539806064284,0.2543344855519866,0.2459445702438862,0.26371095455812354,0.25002396862210075,0.26817224946050205,0.21645846978003974,0.2874209194759432,0.29951719365047436,0.2397791282607645,0.23886245802633527,0.3399082103528453,0.22352042403708547,0.22435695537237896,0.2578278056223167,0.2309923880673925,0.3551389677420668,0.26198881977521776,0.22847801934955236,0.33867512675076716,0.22884044579020266,0.23229011832703492,0.26050384687773714,0.2609684607265696,0.23080155985587078,0.2740297756545009,0.34767703930883254,0.24190363831250014,0.25187174995073724,0.3712237693852278,0.24633273732176444,0.29440796693855886,0.19271113803344825,0.2765526634993253,0.265252937218542,0.22241302844614477,0.1939840216472134,0.28281711372623414,0.24481296300003763,0.26306907463910634,0.2545467674617881,0.3184380041223226,0.2895446802482893,0.3705943115989775,0.2676788709959985,0.21687504821462106,0.24726481693731672,0.23551668203010004,0.24562762411128555,0.309351906567621,0.26717752886684026,0.23808552768608082,0.30871716698699814,0.2160302510230088,0.2550247882006686,0.21480650284949437,0.24376799623171783,0.3126533366789138,0.23413153782944263,0.3711464310250732,0.21399414935531463,0.3001914238791448,0.3349639248491917,0.2602709127825237,0.2881414209684875,0.26667857355004976,0.21886139631258683,0.2430929729447107,0.2869009420534487,0.23426532060357355,0.3032804559468979,0.2668415639154496,0.29419536358670645,0.2541600440589325,0.2757823455325119,0.2924491818676075,0.3037972188481499,0.2645820570068541,0.2977405853754494,0.22397381943710312,0.29514323834072426,0.28884273163855734,0.3526312907835429,0.20256471460565342,0.22506639995943953,0.30041847241667097,0.2550730863023623,0.3273281059986787,0.29150420310156266,0.2652333257845157,0.26337082438176956,0.31231703996888854,0.2521708508464301,0.22751314485087595,0.25457999131768383,0.2795729874361068,0.21342821241193635,0.23500037940155533
0.2326296136870016,0.30613955691225453,0.0,0.24589456461310008,0.24356722639162134,0.2827378824318904,0.22272290931539038,0.2938406495103509,0.2159813234156463,0.42214442599042584,0.302927561862613,0.28875593945709216,0.28808627627740957,0.2138647958237379,0.2470918296186101,0.3223854252144027,0.2817504761485895,0.24621624070367495,0.2597363206112441,0.2362703175479385,0.2900838027790897,0.38308945619150647,0.22426954870044566,0.23558021990513892,0.3072444297924209,0.20551674263963002,0.2246355537294178,0.2564448480111729,0.2530623537507509,0.21736266072000604,0.23807692078318915,0.2783623880683403,0.23271025023627098,0.20506608823262024,0.21473043450853235,0.24705426496943547,0.2570380518596358,0.24588033828163347,0.24142673833994566,0.23649304664028722,0.2344859530902069,0.25244258687234516,0.23067282656573537,0.22970657281545995,0.2732175394086525,0.2306997764825248,0.20556493385817884,0.2727043945646687,0.25288638777768946,0.22914017942719575,0.2444820213744592,0.22304898202934936,0.18463348159404588,0.30674410963141374,0.2853293613649336,0.20931908426726462,0.22236918107550815,0.27578166188732106,0.2574346462822328,0.22307339352488909,0.2685743834661442,0.1761398052069122,0.2317127584532023,0.20767218371241028,0.19200275358443528,0.21226478505466984,0.22776575541520164,0.24772639302506555,0.2850104052189665,0.2852707219589973,0.23606234247786678,0.19778424362423358,0.21101666667568508,0.3236743002639849,0.2864281016414028,0.1810761304401663,0.2462986617315969,0.24574557684768658,0.20020131143613099,0.16883755616050145,0.22944519790793821,0.2326430547719526,0.2584548366210045,0.2380171961418971,0.20597006910442808,0.2769191071390517,0.21548535888001483,0.2072369838314201,0.22719395774864423,0.19939513400046482,0.22915529168480303,0.20177117851080675,0.2562937847861815,0.1843504245543866,0.2219776271645749,0.28668812982943803,0.20194509125010457,0.23691666150288662,0.16089003211391292,0.23187601023787044,0.19544762444426875,0.2470712473471277,0.19360600724130667,0.32831654480872985,0.21542868756018047,0.2493659594832259,0.2476470827428654,0.27366997485774974,0.22780522038642492,0.2891460693869408,0.24034370433286475,0.1937478171235233,0.22624341683554328,0.22489874572822857,0.19684241790897844,0.23981370661109283,0.20429452781965604,0.3234891141823363,0.28594250107695196,0.19736553606554727,0.20290948321441188,0.19858379990140523,0.19081645313430018,0.24642845957521217,0.17409878387041272,0.3308772392247061,0.1913063673179465,0.23047593463166505,0.30318019990218137,0.23266914250331064,0.23583613680811188,0.2966784409855302,0.18679201558427522,0.18754753265920318,0.28143741601568695,0.1894349511110765,0.20806036449039264,0.20615093327313783,0.28621356623099975,0.24269820782363036,0.2335816493663334,0.23225398970641542,0.2313603703482485,0.24236006414503763,0.23873338463780633,0.1956923408057869,0.2515283264312263,0.25210865385006703,0.37030511998302174,0.1845920222111498,0.202935770059579,0.21018290522627064,0.25442247445210514,0.2795832055948961,0.28750934048139737,0.25070475990161345,0.25599729089888623,0.2770634753104404,0.18565562556133783,0.20270702391715043,0.24389022873969501,0.18942021663838038,0.2044036976587224,0.22362838748466096
0.2747673990603747,0.2521264666202148,0.24589456461310008,0.0,0.30061427799043233,0.25061456015583117,0.3405825457524984,0.2728228868089424,0.24738562270991976,0.22403790615855693,0.3055774807244977,0.24805133780909983,0.30408476817150487,0.28500382527310153,0.31827781234865593,0.27444541188591803,0.3098875217400964,0.29218646547605764,0.260735111854367,0.26390931078640484,0.3424384039029707,0.26753652498912284,0.31356885817415586,0.28641016113943474,0.2718019949887199,0.3254968326183907,0.30374715912977635,0.3015873164420163,0.20391157895386106,0.23895282793246814,0.26115742767669414,0.25611111472342707,0.3673345697041,0.278034152571566,0.2851765916402581,0.26795508202503543,0.3233116695780259,0.30509817184559107,0.2639762194484515,0.3770296528857169,0.31003122466465827,0.2914952908138582,0.27174503594457167,0.31039469085467014,0.2910425881717064,0.317032773459573,0.2250493102126445,0.2677472107804353,0.3168596321485592,0.297811454383463,0.41483191190212715,0.3150374249495113,0.25787273722381093,0.3490260008879508,0.26727254162617414,0.2552194148882007,0.3318637828485799,0.294115462599043,0.3082670673849876,0.3220842932213108,0.30238599301987823,0.230423424181401,0.3195366796562004,0.2160082490817583,0.259352027609335,0.2945277795113799,0.386530263397413,0.28533222308503686,0.2699346087889052,0.2893247726418699,0.30282414293569976,0.2702290189633431,0.28211241158939643,0.45219466499835687,0.28217448768652326,0.23443200226408245,0.38263182928906037,0.34042762016148287,0.27473802977277584,0.2254884869217595,0.27122957884572796,0.3235664388345781,0.28792007200395947,0.26279704047236707,0.31501267065617644,0.30904718302592865,0.31059212282050574,0.31496867516999716,0.29513279083353994,0.26317556749130794,0.33612328403990205,0.2912407206588857,0.26697271956599244,0.25531157280495037,0.3248802675217057,0.24355027280129254,0.23290860280198228,0.26901135928266834,0.2150494823254272,0.3086207584219606,0.2668339717570174,0.27277845136523987,0.3221431076725494,0.22005359669736074,0.2894026226248342,0.30459753465349143,0.30103016268958827,0.2660105113808636,0.3224003962296907,0.26521070901413935,0.33652282863113203,0.28485261326313344,0.3316840346221533,0.3357413747970617,0.277852090238304,0.28529259771402593,0.2783008531848291,0.21067313070167693,0.2765527094911383,0.2624605876150099,0.29659325720174873,0.3049379114451298,0.26084236248168147,0.3568698698322725,0.231922927328287,0.24643517793677838,0.25621104292704433,0.2636606416015524,0.24678314364772186,0.3367937993934653,0.2246669798073266,0.3191425034994526,0.28370722832614315,0.27263559469090354,0.2660029045432026,0.24067057036593503,0.2082043572410087,0.3180740380114761,0.29169766639248,0.31579244145598473,0.3175446239002586,0.2482364113456604,0.34701470974275495,0.29167177990950316,0.2969103560423127,0.2665327309808233,0.3066734465031161,0.27515600962640396,0.21822271607784427,0.17006814596829561,0.3192702117980144,0.2640962264896136,0.3103652046316071,0.25168462144426446,0.3095870739613311,0.3207315341471282,0.317621400919407,0.3394853764657658,0.3410223674829036,0.28608124462886386,0.2706220651885305,0.2610915435293323,0.29816146893926476,0.30265581328201
0.3083626996358233,0.25268442410142083,0.24356722639162134,0.30061427799043233,0.0,0.22148085182508048,0.37760566494235887,0.2525627654562935,0.28561292176814423,0.24050234333958995,0.3038118074750204,0.23976140602943907,0.27066458382519043,0.27661794791593597,0.32075520539122,0.2741407488175039,0.31603742243975635,0.3354384342393399,0.2527794338865152,0.30510818133044104,0.3338452327554521,0.3007712402486961,0.3643566869059264,0.29726645164074084,0.29131277523479354,0.24895240313112305,0.2969797883510504,0.2809541938151153,0.19147219029536827,0.2923329268692081,0.2982563889170387,0.24102895410157835,0.26350312541570386,0.2674274270697881,0.38138264781899356,0.28222302212336725,0.32377983558335266,0.3194698318091451,0.27070474924339816,0.2962843706385714,0.28689288009187014,0.3750131751611644,0.29580381048033505,0.333838130498369,0.261101605019171,0.26214530068206787,0.26734224161888903,0.2748283428600692,0.3922694787888628,0.31632406985459766,0.3140066153896436,0.25384172247210823,0.2501340982754464,0.26275911647923267,0.2424991565015951,0.2538787316362786,0.2748715790930983,0.3074002066300427,0.32443985763643585,0.2702634072309533,0.225967977149942,0.20251026889599813,0.2532121200546061,0.2816609223061587,0.274806011815961,0.22547636509264132,0.2771402827104622,0.2876683066653632,0.28598379095979454,0.32620968208503526,0.28950947707295693,0.288238938853719,0.2605082571850767,0.32674393125507606,0.2596098341680324,0.23166645819286688,0.2884555643401477,0.37347807739113115,0.23495925037100648,0.2026260101716704,0.2665549154814852,0.31484657647678316,0.31350829831941585,0.2317708961303889,0.26703145945826123,0.29297568940755336,0.2808509834526213,0.28350548704175854,0.25288421695134544,0.24881370747946116,0.385512927291644,0.3267993094330727,0.3120035051833343,0.22155014654027,0.31292298421463993,0.2486983978683532,0.20668743705539716,0.27501498833560184,0.247004155256671,0.24583284704821218,0.26959914015725533,0.2415462861394733,0.28438180929005846,0.24238692779568252,0.26244353983998364,0.2650003283344863,0.24534772364629867,0.32455995956528805,0.3084601783044914,0.28140556929667315,0.3161146682242185,0.3084748219114533,0.2559924046550684,0.3303550875864041,0.2266253988559547,0.2559896840322501,0.2547250469993597,0.25942750506027795,0.24703775104080467,0.27090575944846257,0.34864653211024615,0.2445380387174491,0.24451327150950425,0.33091883480881223,0.2667167112892238,0.21635141275735703,0.22804077878951082,0.2436837041584438,0.22588537543362813,0.29807783465283344,0.2703882565057029,0.2758648744606048,0.22168666159350872,0.2769805133818409,0.27727320171543407,0.2845647427317212,0.24249236355407966,0.32728512230744183,0.2916625891233464,0.35237795992932625,0.24303212227214596,0.27121933074517685,0.3337586744099341,0.3183707491385902,0.32794875236256504,0.2905848811405473,0.339200280225541,0.2658465720197703,0.2498601921391193,0.18895042781484145,0.27960509852805304,0.2660441834966635,0.3583648356554432,0.26098263907308583,0.3157079350725571,0.3303376880046365,0.2655325744943794,0.31607404262883715,0.27179349450890905,0.24004164261914437,0.2573606990741134,0.2642135565398408,0.28947362590544834,0.3772127086056873
0.26824834868910186,0.38146211142353487,0.2827378824318904,0.25061456015583117,0.22148085182508048,0.0,0.2175977654501123,0.34248354337112336,0.2547375132453059,0.2655526464741747,0.2842252967041556,0.29520549255768397,0.34262941380148115,0.22564826975326205,0.2594526994394275,0.35770715668956854,0.2919988812560326,0.21717762091910256,0.326427287873848,0.30769382022714264,0.2963535653849478,0.291633250179852,0.20302015112326738,0.228333645401554,0.3419948346280936,0.20544749907699072,0.22284871116188912,0.264788604906952,0.22128223403677572,0.24645642779351318,0.3284340114823813,0.4309021993874464,0.3029680686743524,0.2483362622952407,0.25873155837114636,0.2798991837956805,0.2806873101689254,0.27376487525797644,0.2618094632542277,0.2200466083130865,0.27023624821336206,0.26308048165010184,0.24629945170817424,0.2854727145566621,0.29792970574861805,0.23995196684355333,0.24722451840335907,0.27385229223920793,0.2298726832795938,0.27804623903586273,0.2661314784216132,0.27635101845082477,0.22724991985993015,0.32374033914611194,0.2678324167990897,0.2943554970245952,0.2617203316441346,0.34887944007681004,0.24004036406988163,0.256176087111104,0.36258639905607837,0.23031696566198573,0.26907463468923953,0.2164493436313557,0.21315836723232942,0.23802683186818713,0.2464533330071958,0.26312526061360325,0.2417559948026102,0.27737773855913583,0.26097251187145104,0.22405686262315327,0.2450724107314251,0.28445527439279666,0.37709385405110374,0.23676718759611293,0.2441064291526332,0.26815543407484216,0.22728279392544404,0.25520913293351005,0.30219102706733103,0.2480155640951366,0.2918349312564573,0.3056565744015939,0.24677573570190586,0.3036440845017595,0.28579769745988887,0.24505342810052272,0.30390798927270113,0.24527164747239547,0.23078629760898572,0.28352020587493587,0.3089778435021973,0.2379516652640419,0.22693725848649765,0.3208696392091466,0.2889771970663755,0.32090993385549943,0.1901552301922279,0.2738232489011508,0.23890966725792953,0.25172625052952186,0.21352042312393335,0.2478171632569906,0.28206785851990096,0.2908715117184196,0.3144014193158056,0.29502458396848524,0.23926644746508888,0.302115050263304,0.26806132840616664,0.21658891028185875,0.31074656971236325,0.2719016755307438,0.2326955090314582,0.26335884216621575,0.2853905555321576,0.2197226715402318,0.3190335776470244,0.2248906377568515,0.2213540409691804,0.24440102106878048,0.2553123757217299,0.2829871641294717,0.2402335446580382,0.29892559041506017,0.24205746316227672,0.25635346417434535,0.28782641954992894,0.23476409613109056,0.3112976110371216,0.3578853382521185,0.23668195241860746,0.24512065123758975,0.2845046401934185,0.2203142418731139,0.2739457501205286,0.21818975552269548,0.2530178839188788,0.26255594407625343,0.2739985444232674,0.3080136669137496,0.26283086452773735,0.2830756177756853,0.2820657516689015,0.22717644086079875,0.29297816865616855,0.28524114422901736,0.2988837232337284,0.21309609081355374,0.24104612630588337,0.27751704708512753,0.23357109813301652,0.24519505316570706,0.318660675489903,0.26745994407532137,0.2516303863061867,0.3183302777791817,0.2196142544401097,0.24983585546790657,0.23306424769086503,0.2766118450868576,0.22118958983302592,0.22063480821413126
0.2686885223299609,0.26982746352489584,0.22272290931539038,0.3405825457524984,0.37760566494235887,0.2175977654501123,0.0,0.23666848837596072,0.2431205313775248,0.2406573108759043,0.268352156486621,0.2538095318425243,0.27443865434873926,0.2733494353397499,0.34639112442319,0.2345913498181808,0.2601749727534745,0.2878637002847835,0.2594210083970508,0.2553086361829326,0.29503905771541467,0.27890993413425436,0.42866424158422173,0.34844102237479224,0.29353700354465534,0.2624545746655372,0.28649569230358995,0.26918867102659894,0.20225939829928358,0.2657383577756429,0.28164121293781047,0.24136395639810038,0.30541094263222845,0.2922285692459914,0.28212359048099983,0.24526515587205833,0.33262999707180385,0.2607373763025895,0.24858808148516237,0.3364321579466507,0.3011921048652786,0.30823063978418996,0.27071482178977424,0.3036664320581293,0.29439520861623225,0.2717409835332222,0.2849476051944916,0.24890625532803273,0.44020265883413984,0.25579974649811194,0.31711819154758136,0.2431952310836408,0.23377131519443767,0.2829255614314306,0.25751093637443234,0.26578739080988695,0.2597399149570768,0.2522213208015512,0.3530928250881482,0.2631057337748561,0.22581581210971066,0.19573676007389204,0.2242075448307819,0.24257831247339204,0.24452159264247697,0.2201932008191003,0.3181752946635727,0.3145014582314424,0.25130117507786087,0.26662422032843097,0.276584706445705,0.26006078137471944,0.22946526601574813,0.3309092578053974,0.2132138013472857,0.2485632612080178,0.3333046924686036,0.3761580552460215,0.22585085699355562,0.2154471664489539,0.25411148864716965,0.2905647045981831,0.3141909730043408,0.2091055730313129,0.2427967498911197,0.28071551666836037,0.25536915366444485,0.2804312037682036,0.26143155474711155,0.25583459644616147,0.2941173050949032,0.35634772575212403,0.26646878200927165,0.23410465016704782,0.2848111269225817,0.26947441128290023,0.20359441708496878,0.2974967368720348,0.22181030441815106,0.2763100630305494,0.27721159864926986,0.2454983439348211,0.2872471194860278,0.2458080517622282,0.22945656691597516,0.26164359187090347,0.23227290657214447,0.2859569967066187,0.331672042864584,0.301245695213821,0.34509420873516666,0.2573571648705944,0.24864080912363848,0.25619330646357075,0.222925620842884,0.25043212594025627,0.2583598728505005,0.23792148504638877,0.2396818059233899,0.22581873479733697,0.2705251328892927,0.2297253482816497,0.23291066394215942,0.353033721854274,0.23267078451991532,0.23978898526131318,0.21357518271268341,0.27157920007426073,0.2156266221145131,0.3039742682821032,0.2311556240034711,0.23142506150780373,0.21711929177174902,0.23454901914476614,0.24207553795298276,0.256681558073071,0.2447743706753638,0.30895916572960314,0.2842410768040749,0.3249836233675342,0.27739902944112976,0.23388890875929197,0.32331974971204597,0.2640443525898849,0.2948851473820699,0.30489106076993777,0.30194712417031055,0.278819601703801,0.2322781814640644,0.162872480458226,0.2703702660933725,0.2732697655788695,0.2859559695953659,0.2952268623015569,0.31718450333995013,0.33236737250935494,0.30730699931986094,0.3382692368692215,0.3087894963377777,0.2502210808248364,0.2763720699796171,0.2537414928111697,0.28679609158501596,0.28804601300648697
0.2672600227763616,0.33030867068822417,0.2938406495103509,0.2728228868089424,0.2525627654562935,0.34248354337112336,0.23666848837596072,0.0,0.267974516506483,0.26889962190802447,0.2869020287499325,0.2982538281008114,0.35968433237953207,0.22808863661624845,0.2775923868915245,0.3791994772526958,0.3448782172323398,0.24531524558025994,0.2881345470536188,0.2979287159225584,0.3379881242063643,0.2787826214634182,0.24142348743593697,0.25867317881491336,0.32090769287076026,0.24365811897172437,0.26469914739255374,0.2893496502638076,0.1987367209042496,0.2761535522646888,0.3668505804630567,0.33198938182855353,0.3009993253663412,0.2542514996269454,0.26232605088076233,0.2921523688263573,0.3362937744535359,0.3173166301241831,0.2888113368012876,0.2657978800106145,0.29423808375734756,0.2664107826639161,0.29052911961144334,0.2944052725751338,0.37726681278454827,0.28026084815292757,0.2612981945569789,0.27740272247462894,0.2790689235271224,0.283658067049461,0.2935375160864439,0.2713980991945289,0.22520374680559094,0.30429344413653464,0.26705798117084917,0.2674938861530611,0.2756969684924634,0.4050862165994841,0.2756767890494652,0.2676933753795459,0.41987634927799194,0.20800373299555075,0.29310322470654243,0.2347668404976192,0.20682769808004345,0.2387615158233818,0.26175171990388824,0.276781802325516,0.293554402835587,0.408953042602425,0.27629503419317997,0.24163476201224166,0.2339319380628466,0.34910770072693653,0.3799534591440833,0.221513206555173,0.31827874337880196,0.30453447542014633,0.28667872734413213,0.2098089572158561,0.26910812046071303,0.2536280344201787,0.3482087806001805,0.31390943585465386,0.26535171144197284,0.37701104826383885,0.34502033277668215,0.26054665863738724,0.30999507637750534,0.2573510598885249,0.2611628406793829,0.2536270948882354,0.30311255312785496,0.22770755986159463,0.25504167870389777,0.30640629200502184,0.273163005319983,0.29958103949028175,0.18126918180129453,0.28004518224182867,0.2357289553038288,0.3360322463612388,0.22291452613629845,0.25620715330019833,0.27489713758347745,0.3297904768351987,0.3329522558904874,0.3451788304558524,0.27769658616004317,0.3040041651062397,0.27234066657511663,0.23717931816642918,0.2832798265701817,0.2852936219128781,0.24460994778694717,0.29409142028088153,0.27180312612923235,0.22688661376137992,0.27599541985082005,0.2229959254651694,0.24779518478949109,0.316039990005811,0.22963488283606173,0.3097285535352955,0.21017891946325815,0.28051201981939294,0.2199501299128446,0.3496698597790676,0.2771083463924015,0.26782892862854496,0.30704785209792307,0.346015616851379,0.25570836863687535,0.2226133677085466,0.28040530350328197,0.21639749584538243,0.29477777808637234,0.2479753990200816,0.27838139307300175,0.3104793402746457,0.26927598630097443,0.26677739489785424,0.29039984356745635,0.2796030280695202,0.318151218829275,0.250347148294597,0.34319291576576844,0.30725913831497065,0.29984576573014854,0.19110218153260547,0.2701292080110544,0.27931976020140215,0.27740582641538986,0.28062395675968266,0.36699637870888496,0.31560850761334386,0.26649984056772774,0.3699082454704558,0.2170259740977309,0.24490393988241996,0.24696530444823095,0.24689371788173956,0.2303795075801744,0.24237494532419313
0.38140285720351863,0.23874337356708436,0.2159813234156463,0.24738562270991976,0.28561292176814423,0.2547375132453059,0.2431205313775248,0.267974516506483,0.0,0.1953083668862433,0.2331805769050496,0.23787165273223979,0.2566996351799692,0.26273816354189583,0.2484454026020397,0.26199421455726407,0.2648068193476718,0.30157808943360953,0.23405478918276806,0.29805640450795995,0.2679421111825431,0.27654759600481144,0.23021049230873572,0.23350115665512436,0.24844419645473365,0.2558307165478662,0.24907165745481843,0.25273435065284355,0.17035974997213005,0.36067823802733645,0.3114598055347292,0.2549544803077045,0.24724492048613986,0.22545651245729295,0.2898378009579059,0.2259496457004921,0.2773522165606452,0.33165362203277404,0.22871654201571837,0.257651217429986,0.2357347430778233,0.33073138281946046,0.24966003280593543,0.27313433147847327,0.2541794667430281,0.276279956986883,0.2584043903263652,0.22268964046340725,0.2547158997356716,0.29079726641546333,0.2897606399532591,0.29291196915961504,0.25492961117811347,0.23702713894432542,0.20729270046393405,0.34389729011557824,0.3208147716611614,0.2857718485758134,0.23133721073308033,0.24496718662968844,0.22211682533224733,0.25641967140924954,0.2723954813417495,0.21599493253455265,0.284279819467026,0.26633429334313097,0.29251391439759683,0.2971221646682419,0.23599917505242188,0.282012975949079,0.37371911167061367,0.2701170086241107,0.3135581370145507,0.2673256306231119,0.27862591311353296,0.2578244696991497,0.2328562875430072,0.242981170575838,0.28254386514320995,0.2541127882162663,0.25003344256352517,0.39726269915582235,0.3345622941813131,0.23211071523349577,0.3264062627507268,0.33972910905789794,0.277713214501909,0.31693006558874287,0.2683400711746131,0.35278569748436184,0.37106140382834246,0.3175174609410047,0.24632801901647855,0.266717966824587,0.3436665888575412,0.2625896032637263,0.24432612433077636,0.2604617697337963,0.2672891124343038,0.2627126483889793,0.2455903608434742,0.21009082681444527,0.27993528207723756,0.20385544963208793,0.32219976797171035,0.2919346457635092,0.22967120865419272,0.2605303736504025,0.2423947132760848,0.22407002383334518,0.2313279244772903,0.3285228108043768,0.3132800978944754,0.3170236744318323,0.2614538007122648,0.32019718666963237,0.26209209121276883,0.2106870438922699,0.2020852997639353,0.28040668904515786,0.3291119194796653,0.2860095883666323,0.27988443480264685,0.30772660449271544,0.35155474205771675,0.20655993901196185,0.2688991182045938,0.22902564743593498,0.19588301841495515,0.2751132340095019,0.34444525359739847,0.313782470408981,0.26731094462401744,0.3454298439916505,0.2271560058080714,0.24873976407030776,0.26008120864851036,0.2671634734027298,0.22859914237205087,0.3067175355322085,0.2218941856648911,0.2498904572645188,0.33797178308697634,0.2895686339300651,0.26632772990651826,0.3200006048027819,0.4104537583312395,0.22860924041273584,0.23581192870767417,0.17589399876551856,0.3405604924206072,0.24161267602480246,0.26268980720129914,0.2289443937362015,0.2571150943404696,0.30751523038005235,0.25174242703443944,0.2945773621259267,0.2698779099279231,0.2900993556999475,0.1996169542499319,0.3338061250410766,0.2940268305645781,0.3439038370944888
0.22027705668128642,0.3377061351054381,0.42214442599042584,0.22403790615855693,0.24050234333958995,0.2655526464741747,0.2406573108759043,0.26889962190802447,0.1953083668862433,0.0,0.25186900547476143,0.27258151844565726,0.258659792376064,0.2099339016957842,0.23299703725402024,0.27426719617578416,0.2641728708353196,0.2309139073261366,0.24618857666356286,0.22118039137652815,0.2565360077789995,0.2813991419351976,0.24393410114283426,0.234455280520467,0.32630590476313953,0.18871401570695834,0.20963443787270103,0.23846637011637353,0.31454903862635314,0.21392646856041853,0.24218582632733532,0.2637646923034302,0.21331958267304416,0.20111535566486088,0.21919269343777373,0.22042997159471933,0.25167868103082425,0.21407149148575835,0.21874441574719147,0.23760654575996193,0.22048500709901359,0.24287916821380467,0.22018095553296016,0.22758611920206123,0.24208358763211238,0.21741871873756113,0.21855458351246693,0.2591939882574587,0.2759975217772979,0.20228341888196436,0.23011931929930096,0.20884374575198664,0.18686937266231515,0.2707019978574016,0.2746325759966372,0.22575616808737575,0.21144392276617177,0.23639743778615774,0.26830487055996893,0.2103006367992484,0.2522245043659676,0.16630682952360254,0.19982757513238003,0.19630014490119235,0.1855617165874609,0.19163598148871672,0.20755231661967097,0.2357074422819321,0.24272239681652077,0.2528780548033988,0.2112253185649447,0.21621603892350336,0.18332163971136642,0.2712146718888533,0.2353715646787412,0.19916281059960567,0.22714620828503368,0.2761961055006885,0.1872012873018116,0.19234019649080134,0.2415453067610405,0.20225386222380973,0.2913454120502995,0.21752798874841103,0.1989414951617041,0.24452189242342898,0.2075203714296843,0.2098204319915495,0.23338949180266974,0.1916540159841136,0.2086762159638331,0.20991333513343538,0.2611037276814489,0.18290041655016154,0.21700641116948877,0.2955946270441918,0.17681891848494558,0.23727211343525303,0.16328276831959576,0.22735145188927267,0.20376930862082254,0.2250422109868495,0.1879255621734988,0.32740530956011804,0.19304703010262772,0.22745948234809577,0.22774061590690176,0.29963826692748863,0.23457673215096053,0.30265740313975636,0.23173583702397005,0.18477977953881394,0.2141030905631516,0.21701047410473573,0.18864302903575286,0.2329090225466849,0.22344350559995885,0.3083253995871825,0.27869126457365617,0.19192073028100037,0.2003611559015072,0.1899014591587298,0.18686919906582494,0.260168660913533,0.1795798622369406,0.3303897782151829,0.18241111082704456,0.22211943077219867,0.2979131905768892,0.22134110521030678,0.24456898315885287,0.23623687012720182,0.1861878584275004,0.17471626150103117,0.23426047350498688,0.19498587913603427,0.23314300598683957,0.21257280396127448,0.2635764841578129,0.23381407514172278,0.23029189329555982,0.23214454973158347,0.23686663895320026,0.20801986735756658,0.237375320339185,0.2013261618896152,0.2187472776800424,0.28168739971530365,0.39352462012868145,0.17567644894681184,0.19117700386297204,0.2447738137057924,0.2203920159793217,0.28497297991499115,0.27223859227146674,0.23206426546258246,0.21985137521154394,0.2975123955127003,0.20242294306613062,0.2100888771024441,0.2585735340405966,0.21343886751133598,0.20915261259070314,0.20586627799187715
0.27291826483791753,0.30256560969912205,0.302927561862613,0.3055774807244977,0.3038118074750204,0.2842252967041556,0.268352156486621,0.2869020287499325,0.2331805769050496,0.25186900547476143,0.0,0.3151506808931805,0.3126087176093455,0.23831014842087053,0.2664202613366537,0.3800264309923888,0.3088073703209803,0.27303843559096247,0.3170902961715188,0.2803260049077274,0.31808664398635045,0.3671685617841672,0.27254860412320225,0.28362832151820744,0.362274842625816,0.2550315811691839,0.27853277463514003,0.30450697034504376,0.23542078043778808,0.2531983349531647,0.27983471020760003,0.30348042393647007,0.2670861062640619,0.24281284018577598,0.26855348663946094,0.30869424385408534,0.33802821227326013,0.293483306396472,0.3428221402709001,0.2630370263192489,0.2674533943271861,0.2707398292243314,0.26733530293261487,0.3132253820572643,0.2954204924602823,0.24058799441186815,0.19575943998402867,0.3977942737559825,0.3257493757608672,0.25036844226455873,0.29178477649295187,0.22725861614940565,0.20684949930782356,0.3880668989751451,0.3452431421644387,0.20722424249591798,0.2726514700135687,0.3607790631848391,0.2928026745893433,0.25324157075762077,0.3256039805675284,0.1760773377152691,0.25583912068630005,0.24713986266401816,0.19956975628430398,0.22785985119321753,0.2862164629675459,0.2502905333120191,0.32089421432308923,0.30797030859617514,0.25714060573648634,0.22454278675633135,0.2511954740982565,0.33710106797820555,0.312726041222437,0.2146948864505473,0.324459172942092,0.3070815268826883,0.22689763068178012,0.19368472583808372,0.2427883310605597,0.2391739840185412,0.2728666445734187,0.2659189785751728,0.23085445116113792,0.2692251257022305,0.28546678909167356,0.2443247558091531,0.23305641210637412,0.23209618682639693,0.297822292644194,0.2201987751777533,0.33436093241382747,0.22832892272704655,0.24773234501747288,0.29922934483158453,0.2203698370843395,0.23214379968708668,0.18446772916925847,0.2313165885130774,0.2655285342623088,0.29147949982991334,0.23707919047666626,0.24399557047627496,0.24421151384647855,0.22747305963629535,0.25690780121294726,0.30191128467999423,0.2406445751135194,0.34104225232742486,0.3578713785442982,0.2400165555186028,0.25254116590034476,0.28471326734494934,0.22688286977478894,0.2355951463498013,0.23092436857578108,0.28016901415889867,0.30904581642681606,0.2186167290884105,0.25043442495276674,0.21857966182372598,0.22700842069167818,0.28786393782363384,0.21152057767746266,0.3028949724649505,0.18736692683323977,0.27817111077330575,0.2717360092833237,0.2530894873254418,0.22406903413590273,0.2929343609461107,0.24909613818727455,0.24123859157409572,0.39341261467696964,0.2184670609174097,0.24204236068065094,0.23856521334707695,0.35014450796086943,0.3003744113654435,0.2995453196011534,0.2769893304427953,0.242440031634748,0.2902193587062148,0.355501981404236,0.22515170326955136,0.26073420472031883,0.25693229531604406,0.273601697537146,0.2094195846514211,0.29980985216009837,0.2558608083997892,0.384502194798696,0.2596272703142826,0.30999035211375237,0.3021952519178811,0.2867397364625655,0.2918436862592102,0.24800893977141172,0.22473843755307332,0.2318962146794546,0.24012082597246956,0.21700805788540292,0.30936496174642636
0.2341495136238237,0.322010134645836,0.28875593945709216,0.24805133780909983,0.23976140602943907,0.29520549255768397,0.2538095318425243,0.2982538281008114,0.23787165273223979,0.27258151844565726,0.3151506808931805,0.0,0.23734990642036957,0.183018588984269,0.23846672472831199,0.2998556461864207,0.2531067649716548,0.20554709472269153,0.32984165604077353,0.2613861074617977,0.3009398226315756,0.27992923015551036,0.24047301633956483,0.25468312674694166,0.3562718216817025,0.21454235835863342,0.24103682932218745,0.23181810372299702,0.22711380613143842,0.2655008060002017,0.3102211012335443,0.28508731865829756,0.2527880126149044,0.26546917412906285,0.22692694180271653,0.277703066743,0.27623105238698775,0.25340909091186264,0.3504017244678963,0.2256774006606526,0.2583887729277362,0.2455100603697456,0.24001688896345336,0.2839740081076516,0.27499251663470803,0.2323201270947413,0.23595864575219702,0.3157048074524407,0.26213618228790986,0.2389453662954786,0.2639465643271481,0.23356420708677728,0.1940676992837768,0.32651350643494587,0.35422559274767196,0.2251289995731744,0.25560220603420375,0.34835642927690813,0.22392170348312157,0.22879448424367763,0.24760031694302387,0.17424628945634232,0.22561126241902163,0.2220995876569278,0.19007607535519133,0.20780738672484464,0.22697459200652692,0.21588020104026875,0.2207773154834674,0.24061982216411065,0.22130818699156424,0.19853248687631844,0.20911995800076266,0.25221498810935605,0.2611625438839221,0.20636879154702858,0.24928653953904734,0.2909900005811869,0.21622144050600106,0.18372720555044933,0.21515917379905491,0.2356154498937499,0.27264143826909487,0.20950451354352317,0.2323501514813985,0.27272578091671595,0.2389958275477336,0.2295688120602474,0.24963377236749404,0.24140956943323114,0.24209787326103868,0.2531407305516112,0.2762452350994465,0.21993431173049496,0.2127830092071907,0.3894883403335664,0.2147115877440762,0.2768581708015601,0.17666854247433736,0.21868491327885176,0.21713765361727363,0.2542159020761638,0.23665307933585014,0.3420159629287746,0.22258692157634896,0.2367363629569124,0.262022173239506,0.2680730281734767,0.22723093748507764,0.3212217552129825,0.3427582027228081,0.24017499144523344,0.22429058877489969,0.2588950450009266,0.20321688091401077,0.2222286866637519,0.2323240058277,0.3066740157152615,0.2782378145233559,0.19429488098850276,0.21337606379200885,0.21597701546098622,0.21071622818154437,0.26223196083969924,0.18860358422089457,0.3501121004245424,0.185857519989108,0.2801187008460538,0.30927404970198874,0.21822262081343044,0.23271740116488215,0.24760455099429984,0.1977372720326139,0.22789177599874774,0.29901890132383374,0.18781073084258898,0.26718720683063985,0.2179475295414888,0.2687921593420208,0.28611996577375487,0.224371251120027,0.24026937230287634,0.25104400317975434,0.27141415698204535,0.29973874841351106,0.2650443061555052,0.31767726066727836,0.23333659489894812,0.35774427934698355,0.20026852561274766,0.2567986150798872,0.2520977283463342,0.270766074807005,0.263971788868463,0.34697338659714116,0.24231874129748976,0.22916745549057357,0.2912157633479126,0.20258183131364732,0.20898939402398825,0.1881540158816729,0.21745847777006644,0.20900883570053372,0.23046803324816828
