0,1,2,3,4,5,6,7,8,9,10,11,12,13,14,15,16,17,18,19,20,21,22,23,24,25,26,27,28,29,30,31,32,33,34,35,36,37,38,39,40,41,42,43,44,45,46,47,48,49,50,51,52,53,54,55,56,57,58,59,60,61,62,63,64,65,66,67,68,69,70,71,72,73,74,75,76,77,78,79,80,81,82,83,84,85,86,87,88,89,90,91,92,93,94,95,96,97,98,99,100,101,102,103,104,105,106,107,108,109,110,111,112,113,114,115,116,117,118,119,120,121,122,123,124,125,126,127,128,129,130,131,132,133,134,135,136,137,138,139,140,141,142,143,144,145,146,147,148,149,150,151,152,153,154,155,156,157,158,159,160,161,162,163
0.0,0.6649921190781981,0.5862428907030187,0.6631060787542793,0.6475750037474063,0.6078764162208675,0.6575777470641186,0.6138024836012782,0.7338710957504471,0.5908978695425379,0.7043013532842779,0.6543595809722684,0.6695880811576375,0.6251469654883968,0.6389327310617826,0.6533668939843824,0.6643824124045,0.7868900521708733,0.6603126825917657,0.8051746119976531,0.6890248837138518,0.6822121235514556,0.6697098642399467,0.6285827841388142,0.7043774035232074,0.6152724171515048,0.611941661046573,0.6118397503745183,0.5764147415799169,0.6471117628719855,0.6652504424997191,0.6585077814964557,0.6411601282148635,0.6028807309771722,0.7128138772597171,0.6337501650306839,0.7231838266321957,0.7046994271424721,0.6143272268874251,0.6572474794523322,0.6376193371121066,0.6695006069517035,0.6992155298176631,0.6799621864133278,0.6590383479643046,0.678529278543284,0.6216789181585212,0.6624975452348967,0.7222183645598115,0.7586889541352818,0.7361934553781171,0.6641655804518799,0.720759812411713,0.6675945987925584,0.6542707305110352,0.6187938224849853,0.7953177312701933,0.669216622916692,0.6795585757340454,0.6728644460448123,0.6080781056587962,0.5593204532568548,0.6889812284097565,0.6061393487310167,0.6946986551741147,0.663629923871867,0.6490846017791122,0.6578410284032349,0.6455466128631194,0.6618092838597146,0.7084303213627117,0.6804478604444478,0.6668517276098562,0.6856374995555419,0.6372855777504546,0.655082740140134,0.6189857361687507,0.6438560201525265,0.6354768646156171,0.5584308576829663,0.5928366347972004,0.7282353157776189,0.6850669819884148,0.5982663754222537,0.6961653216769964,0.6819890973430999,0.6464748064731065,0.7260338730257088,0.6342447394305573,0.6247038662365642,0.7864221921985239,0.664783085549348,0.7324202040340397,0.6920987921082907,0.7332983651937017,0.6450073293778948,0.5919425504152448,0.6109078451634824,0.577887438920481,0.6105591085117918,0.6189552388060768,0.5823007930132079,0.6486193829896579,0.609663815024448,0.7122726840421788,0.642712846844431,0.6119998260687475,0.6391324917784684,0.6597726088502626,0.6491598868780936,0.6777506833522234,0.7461645315896881,0.6522481870709388,0.6397574691512056,0.6809328008095077,0.6465330130734732,0.6650491929218612,0.648551085082896,0.6036959513348799,0.5836149376643641,0.7059685931558709,0.5972939179355409,0.6788991812098618,0.6798482975556664,0.6714200566930408,0.6083255091965597,0.5770259525618472,0.5901768510441093,0.5987930474645305,0.6744502451272691,0.6061332002803997,0.6212948121885246,0.632306671257208,0.6829986928933619,0.6522813500193336,0.6317608671018198,0.6685756824251233,0.6603831366320942,0.6739766116695748,0.7039581286175577,0.6503129560972052,0.63783540029965,0.7437276888929075,0.6899345433468432,0.6918803989402572,0.673130308230382,0.6726539511458478,0.5894400504202469,0.6689527690335347,0.4667258722813683,0.7192102096974209,0.6805853572953126,0.7240055391813639,0.6033136001182356,0.6428325361024366,0.6839469159259441,0.6368114548163244,0.6094906625689953,0.6740519758573007,0.632610865658224,0.5721360345295979,0.7099780896127931,0.5911918498518277,0.7891053397623038
0.6649921190781981,0.0,0.6288532682968025,0.6750281982197478,0.5729566530547288,0.6709840501586825,0.6193944295360018,0.6338847434964694,0.6292885555557706,0.6686220036374502,0.6508540895202964,0.7118971892267691,0.6748591579271392,0.6470626058209833,0.5990747976667108,0.6643299816793083,0.6747546625204671,0.638823835757913,0.637253251064758,0.7152135773568329,0.6844601857168795,0.6542273107010984,0.629966630553442,0.6365670426688809,0.6928372926867051,0.6098755944383898,0.6070455603459,0.598563282200862,0.7097748439405156,0.5830070178739969,0.6447860620583974,0.6494170974057055,0.7193267782340812,0.6254366310055698,0.655335273211963,0.6881325951358573,0.664486857018894,0.6951366634106095,0.6249089372399258,0.680084148567188,0.7354766304962915,0.6277761001181065,0.6003174922913233,0.6604452869943627,0.6947558813158832,0.678696253445516,0.6326347694006769,0.6395630968427585,0.6431236508525385,0.6736881911020949,0.6562836803170704,0.6778160309629349,0.7346331998964796,0.7262564737440442,0.6752507356345144,0.6726422394960286,0.6881394658907052,0.6527762865204095,0.6334620150414573,0.7099185926966768,0.6396357734171331,0.5764808836251,0.6319328098012985,0.6240265614186987,0.5986266712899246,0.6276974140234209,0.6524477022974805,0.5995508232811362,0.5779979706967489,0.6019680688177762,0.6370875969667136,0.6635931749403494,0.6093785061175799,0.659044468180567,0.6575178490849828,0.6359716739134659,0.5909646211549444,0.6828631476324213,0.6436894819434332,0.5824955382024526,0.6344599914242924,0.6306977837578416,0.703823897837872,0.6557853775275282,0.6615620618951417,0.7427593587814404,0.5974530561455376,0.6077476276266813,0.6550294142658548,0.6893971561914686,0.6427633465534399,0.6738887670739556,0.7030094382238656,0.6622990329584533,0.678215905506343,0.7099278554797694,0.6161829361286909,0.6803739925954159,0.5752482001395202,0.6447071715710658,0.6507841256958831,0.5502884541468407,0.594852073744544,0.6558835816846462,0.6609335409220254,0.6677819252950108,0.6432277930529259,0.6835551448495157,0.7129849740958669,0.7094110958683335,0.6527827737416241,0.661361531292846,0.6399864678564575,0.6374715131105693,0.6935898138707166,0.6777606651619279,0.6886158112403611,0.5837382592293754,0.6509888142316982,0.6071207300611646,0.6439726700138402,0.5893598290982561,0.693024629577916,0.6776855625839504,0.6209188109145792,0.7000086840323464,0.5899551773607916,0.6349187391746172,0.740160576465047,0.6654141443727821,0.6354216676311056,0.6261741405026495,0.6186881037378783,0.6694366381646149,0.6436920143495871,0.5936662690703882,0.6950190194892678,0.6490304014096183,0.6930484756018535,0.6584020767808952,0.6659682007218092,0.6737745960531291,0.7258301605180406,0.6757526648573051,0.7218258008132815,0.5963831337883709,0.6557288599022946,0.656231440969633,0.7397357813821214,0.5180742411457472,0.6208834804087731,0.7144877462159801,0.6459799573426356,0.6637285819846823,0.684125627002117,0.6413558757871489,0.6097935481725111,0.6521703601314451,0.662544342431455,0.5898399527511298,0.6230402283082628,0.6810380988491666,0.6073233711720634,0.6427973645812035
0.5862428907030187,0.6288532682968025,0.0,0.6227966100766206,0.5729223677437715,0.65746450537044,0.5468061627923506,0.6229627210764302,0.5573985233368793,0.6665241703625933,0.6442290616382552,0.6049425578945389,0.6608174923464263,0.5470954508062329,0.5346160125355818,0.6794326671684832,0.666100277159604,0.60768541772008,0.5590182434497426,0.5827280013190647,0.6806629607848309,0.6843723358248149,0.5498871372989828,0.5650656427897219,0.6332022813200989,0.5995933616996599,0.5561358454753392,0.5553808666679529,0.5918197626943128,0.5547967764973795,0.5259073008570191,0.5992155546230915,0.5947304480324825,0.5186733291557992,0.5251634457220483,0.568985886334622,0.6130616343801762,0.6052154790396891,0.5287800212148572,0.6031773278604785,0.5934257281318062,0.6563215635542835,0.5902422035394563,0.5698037790485952,0.5943160112714965,0.5953672277734567,0.5934534395472989,0.6099535263776791,0.5594940131860984,0.5920080438383318,0.6076167046737533,0.6358780403430502,0.5808795659749681,0.6395612864054155,0.5775438979946637,0.5906263630975596,0.5903829164128669,0.6732700969374292,0.5831786352312975,0.5586609421768256,0.6177775089193777,0.517794517354238,0.6655254633089818,0.5322598267597557,0.5394864971555485,0.5845328659675185,0.5859085636733465,0.6292142113570751,0.6345212423219814,0.6283585391018609,0.601618766394961,0.5245991639584823,0.5862347784461844,0.6670851514872274,0.6474892464408754,0.5151327285327069,0.5910509201823076,0.6209178975237105,0.5663277806972652,0.5210561819550293,0.6285664238424199,0.5772291815295821,0.6390358011749305,0.6017109598006021,0.5917152852944446,0.625829617537162,0.5873371901721476,0.5500779775337457,0.5599673944201071,0.5620483719849889,0.6325994048472893,0.5389626021855388,0.5861079641630658,0.533770116664286,0.6077576960314528,0.6155760079244759,0.550363009377353,0.5864336772245637,0.48240808297772536,0.5598377699471783,0.5027651918143192,0.5687764102115624,0.5560202926234209,0.6075370740476065,0.5725012562102637,0.6382145265154867,0.6227753519342368,0.6555648039975024,0.6046525151364815,0.6347158075768999,0.5830619245794414,0.5761605159127702,0.612482492568439,0.5940958768255528,0.570775479604461,0.618726614364523,0.5688421512542225,0.5470601300021325,0.7060142314095368,0.5377548770541056,0.551905677102415,0.5720152692830146,0.5774342450556146,0.5888859009078152,0.5097027411970844,0.5952597630511286,0.5490213901957148,0.557416032882768,0.6223637531247829,0.583886557704088,0.5912161798721624,0.6968771093375277,0.5354111326872667,0.5440013889009967,0.575146843320031,0.5172089392907152,0.5607173286973929,0.5331155774610762,0.6233267480080867,0.5672281267003824,0.5855995264921363,0.581746571391711,0.5922737196014677,0.6184259724878225,0.606378347201125,0.5560172789703304,0.5942388467686005,0.6141727220782144,0.6654655094885845,0.46936899083102185,0.5312424255140318,0.5734958509470997,0.5923742478043942,0.6654417477746588,0.6391281837432284,0.5886630667114626,0.5531617133496469,0.6430757616388527,0.527604822676077,0.5377516896982854,0.6069614354917516,0.5410249221996706,0.5595926324499613,0.582065590570202
0.6631060787542793,0.6750281982197478,0.6227966100766206,0.0,0.5453398708759787,0.6446476627511833,0.6414679537005502,0.6786905841040156,0.5891952028923814,0.6483618699516962,0.6621534512615472,0.6455672994836541,0.7325827706420873,0.5971864664571777,0.5994243722571535,0.6555231531317491,0.6780381979448833,0.6796560350260088,0.6345157974574838,0.6469563537753711,0.7004872428012244,0.6315198235423507,0.6589059883402155,0.6325060476390828,0.69831599956386,0.6659006734508287,0.6276928060273465,0.6406855751979174,0.5850727554848314,0.5586770291790957,0.5958268146050597,0.6453147105588478,0.7253908425101268,0.6309336095687901,0.583992411331404,0.6065394527548535,0.7017641399497725,0.640684971665146,0.5839564007318995,0.7365871148720474,0.6565594188335612,0.622666129681018,0.62946640249763,0.619308173812625,0.7027208167706475,0.7449508637386975,0.5785760649777761,0.6180833727301878,0.6579811727061602,0.6354454239819204,0.7232588839076661,0.6844632162053274,0.6727670293018267,0.7329024587894475,0.6501996233970264,0.617707222662767,0.7015442860874543,0.6494413198781795,0.6615316356812337,0.6626677331136068,0.7304416255279385,0.5496542483029546,0.6832498347719639,0.5436730304814466,0.6038529218655516,0.7051945893033027,0.7448757625959699,0.6387268348175509,0.6003505924434147,0.6718299637837359,0.652434022028938,0.6007980316355842,0.6379003020082461,0.782622685991909,0.6533574080195493,0.6275326002940634,0.6855613052311835,0.6502462313920591,0.6734091299574323,0.5728884204690443,0.6327258951054383,0.6543871457981322,0.65949704255505,0.6410268404396487,0.6845057735595412,0.6772583190045585,0.6530962630047958,0.6395973733572068,0.681984350419255,0.6416139928463783,0.6614954966300591,0.6179772103807232,0.6377265136198415,0.6635588421655954,0.7010071791453792,0.63628510617148,0.5996287801996334,0.6309833270232211,0.5136460436973678,0.6942137131946151,0.5843681823419766,0.626214112828504,0.6523511232523027,0.6235275776417792,0.6443219464112258,0.6883780061690716,0.701327206181381,0.669977111480603,0.712538969937122,0.6723808013617523,0.6856155017877186,0.6468662121573194,0.7020685967047993,0.6470062583022002,0.6914735902169433,0.6781454144286998,0.664562439406914,0.5675712984287804,0.6692396110446652,0.5745765706685075,0.5852796572289035,0.6454926048743821,0.635151419216086,0.697936791361822,0.5580407639980528,0.6525720618257393,0.5883321275888775,0.599713821254115,0.6455175418937047,0.648020348299896,0.5777990846601575,0.6361533450787498,0.6488916407150895,0.6075445335646898,0.6181133446109931,0.546584110395824,0.5997226737253204,0.6087138581437084,0.6975685416366524,0.6537054287091695,0.705372310984308,0.5889562869561147,0.720706338732011,0.638733969924948,0.6644272619144123,0.6061196618981955,0.5941509398413769,0.6766770618359944,0.6453641320745358,0.4579034492442739,0.6459334711147491,0.6534658718033324,0.6308681104798469,0.6374403597093531,0.7008204728424502,0.6892746610241895,0.6621801527830353,0.6913579519288763,0.6633837848584287,0.6387679052961507,0.6500336757485884,0.620491295286069,0.6135201614902639,0.6429562344355491
0.6475750037474063,0.5729566530547288,0.5729223677437715,0.5453398708759787,0.0,0.530196794172949,0.594374800594304,0.5061524025375486,0.5869205125264408,0.5212535249009812,0.634854811176068,0.5764044135418996,0.5548820179967294,0.527885394729594,0.6116781786832327,0.5791062563514202,0.5731252838665568,0.6285543110475528,0.5533375669794234,0.6072483470535942,0.615699172733093,0.6737928055853274,0.5568896661363429,0.613559193964188,0.5737623679818079,0.5600262004477475,0.5121493180933485,0.5013023591218676,0.5477869503794607,0.5872287466098476,0.5586329561362214,0.5417464791567828,0.562794553123063,0.4922344156068957,0.594921828757208,0.5502081852709143,0.5985722862738173,0.5852283892449515,0.5655783258066028,0.5788231801954331,0.5871840134656223,0.5867506111019037,0.6259679284978249,0.6441507702215012,0.5362622216742047,0.5554484069197799,0.6019026316362973,0.651406569459583,0.5997084926299129,0.6334970258120075,0.6087931654878803,0.589620397732097,0.5824035647348256,0.5853954030253326,0.5664306527008744,0.5278026591808173,0.6120662342449192,0.5876912652250147,0.5683445664843256,0.5442131711203508,0.500890024404086,0.48594539837716166,0.5984293764387586,0.5368781778976771,0.6018548522550062,0.5382907202619212,0.5266052485163404,0.6153345789056653,0.5695360813747099,0.546215275664444,0.6206992934853379,0.5634619154940828,0.5346220497987064,0.5726662253173646,0.5316273810919803,0.5244992892080615,0.5314562080338403,0.6140028852861199,0.5320349275225265,0.5077887651775769,0.5352977447125411,0.59596279996327,0.6289155093616902,0.5072855932615898,0.55295913615474,0.5701368354855416,0.5199212106031206,0.56443589419336,0.5013666063802091,0.5258594026151724,0.6718375437026032,0.5437419028355507,0.6437086308392271,0.5498434992294761,0.5874832871316674,0.5828002089111529,0.5024219423791557,0.5149595271628515,0.5094636254807873,0.496664764965997,0.5263806957933392,0.49715802099860795,0.5348482222911028,0.5484734670245712,0.5568029953906933,0.5551981040443354,0.5151762907259491,0.5411409284930822,0.5771887985674656,0.5904714873780558,0.581163278778965,0.6011138281558375,0.5276742711909536,0.5159420519790773,0.55524611800045,0.5575849405470009,0.532220215515191,0.6005565087633112,0.5475403862523313,0.49223859476737625,0.6928335806362981,0.4993766114201817,0.5600343763994343,0.5921567795266931,0.5762512066216493,0.5484199805277403,0.4892149999127563,0.5291762791971786,0.5219628435029752,0.5981613017285378,0.5148198470051153,0.5561611854493536,0.503215701996815,0.567533355675948,0.5824305467801826,0.6248930861777028,0.6060872918782668,0.6077064379177822,0.5820230815165751,0.5844760795019047,0.5521782532248107,0.5497822615964773,0.5731004602856831,0.5724548087865713,0.6002515495702536,0.567052456625,0.644947969578439,0.5249598728897916,0.5761174976555345,0.4276000524999149,0.5641526441865455,0.5670674524183128,0.6180931599824242,0.571315485039944,0.5572247765496247,0.5657362696569966,0.5494205529696001,0.5463672054417664,0.5674235077552845,0.5217496069166699,0.5111223324695132,0.565866446518327,0.5078359419838087,0.6885303713444506
0.6078764162208675,0.6709840501586825,0.65746450537044,0.6446476627511833,0.530196794172949,0.0,0.5470066550896472,0.6906040278971648,0.5863350287884602,0.6458189888770073,0.6171745005757994,0.6758770018872063,0.6983428294117661,0.5789070869438674,0.5148058920589897,0.7376734956237964,0.7047392093659862,0.5783811794493278,0.6115477060226661,0.6165402950408926,0.6874969375962663,0.5833520138403645,0.5650580849913133,0.5470662262136177,0.6624848745399942,0.617752255138553,0.5610443679932168,0.5962573976462336,0.5969993344643308,0.5947133151440983,0.5738657612371225,0.6978750449754663,0.6183398604294349,0.6175280085789611,0.5496323915968421,0.6180138925614076,0.6461836929120347,0.6497755868950087,0.5597473679584989,0.5904297525473361,0.6133696809455358,0.6488476066265056,0.5841454462748179,0.5930740415904918,0.6445144507533482,0.6514175585315375,0.615645147928063,0.6004866085480446,0.5692951754836413,0.6090991392676252,0.6417081342358465,0.7032680503419102,0.6337912100723255,0.653574938370776,0.615514658836663,0.6937042618470693,0.6433985309210375,0.7495037512787298,0.560382200643049,0.6392988045765031,0.6885648188303489,0.6144881702336207,0.6940330193844332,0.5515812429740722,0.5429043012615389,0.6392277649056781,0.6192960329257682,0.5957351906212123,0.5647242120702519,0.6286577718079446,0.6128267637385523,0.5630842412277727,0.6232802252236811,0.6687761075944134,0.7186883705911399,0.5942958149122344,0.6242920553348229,0.6533389692041925,0.6342451068216926,0.6273734540247491,0.6930160507813057,0.5925796556055434,0.6661922147228151,0.6942232003103149,0.684795406285946,0.6798968992404417,0.6632134846227902,0.5757639303396862,0.6759528588992303,0.6437894544470308,0.6303510796045002,0.610843170703092,0.6131341137252997,0.6138783590157902,0.6292901841492835,0.6416043837926312,0.618551049618015,0.6822863145151449,0.535635015711791,0.6391544655653751,0.5603758835269476,0.5977615561241741,0.5893414976919326,0.5993708446076293,0.6438009135387666,0.7191200869773883,0.7209517864658065,0.6863851359893164,0.6254967992957358,0.6474162936920184,0.6267906824768938,0.6173731272704602,0.6951808936560591,0.6749518687002978,0.6509783990749209,0.6770136695728578,0.6760602956604983,0.531358485350926,0.6950894527702024,0.6172297901546514,0.5627410633373975,0.6493966270855481,0.6667504710138484,0.6467319739190885,0.5444754974083945,0.6434184377079278,0.6314480858466419,0.6248092464654094,0.7111932717881768,0.5717621588942697,0.6653630064932374,0.7560815762175795,0.6263446296016273,0.6099431329494198,0.5685197922877886,0.5154199628444456,0.6106477259651516,0.5349042233909505,0.5740237000698527,0.6101202220643347,0.5898836831535839,0.6742909690243364,0.6515068366064829,0.645006691804677,0.6527773614929816,0.5726886169322563,0.603914401559199,0.6707591612190463,0.6748718012622957,0.5382386610525021,0.5775214832411956,0.6327797272958696,0.5787031774853731,0.6023905321302169,0.6868078181920522,0.6047419512028139,0.5627155480244408,0.7127738835742414,0.5412360635406341,0.6202066625839678,0.6039238656307394,0.6181206065149647,0.6103439591699148,0.5843075411605566
0.6575777470641186,0.6193944295360018,0.5468061627923506,0.6414679537005502,0.594374800594304,0.5470066550896472,0.0,0.5358909462695962,0.5456992592209768,0.6003486232094717,0.614986324308787,0.6269616465731173,0.6188140422391087,0.5551159271144627,0.6475194356668021,0.5830785696830532,0.5916555906984484,0.647038162233598,0.6076836254304906,0.6204458058134239,0.6330302243470535,0.5975551120206283,0.7239634467020615,0.6989328230653141,0.6639088771791484,0.6035256360248159,0.5605062521456707,0.562748686799937,0.5739299603787084,0.5525118526005715,0.599389164991819,0.6198930454088538,0.6217053530153654,0.6235042498337268,0.5959831626298921,0.5653969943744597,0.6795517120234265,0.5583643259709236,0.5855801332072389,0.7137856669460775,0.5937117926616643,0.5733110295126992,0.6397483344086804,0.6518689397879222,0.622900003816402,0.6705617414293402,0.6042424914634581,0.6385848400537849,0.8001029469757518,0.6169484281709146,0.7058712439674796,0.595414135259092,0.6136314119588256,0.6499774718076232,0.6481564229005842,0.5640723562503074,0.6569708530674422,0.5587070100801766,0.6987908908172727,0.6145057645321362,0.5605074336496344,0.504412190409304,0.5719354514268995,0.5313377472357136,0.6245993612762043,0.6197617564180398,0.6453023857148045,0.6374064344158985,0.5474451726538359,0.5540271777437991,0.6173969422918303,0.6050048721798649,0.5612589438118861,0.6619011793386873,0.5285497995092846,0.6576215069759271,0.6374142652124452,0.6679602254410945,0.5724701218184162,0.5516869985718974,0.5514146828967564,0.607736626004812,0.6344231135563433,0.517464393090831,0.5979424641890052,0.5691924900484691,0.5493039495515942,0.6564416700847006,0.597466154169217,0.5721275094066887,0.6218223402777592,0.6149350274464015,0.6637372739762262,0.6514544087032568,0.6223874167329582,0.6104997866635797,0.5172003360699101,0.566560711600384,0.5053439284076686,0.6095388606321361,0.5848487790207133,0.5584819016862352,0.6202820396610953,0.5865872749007075,0.56935089894038,0.5992281500458165,0.5870776631135473,0.5759281976453742,0.6981207122146607,0.6899765119242859,0.7303250892297878,0.6085969669358824,0.5921165443574253,0.5363561745277148,0.5986218131235549,0.5749435696252646,0.6125724223501315,0.6527653873163992,0.584336545968568,0.5010329792110131,0.604741683327369,0.521040770291063,0.5916603987073938,0.696478825486986,0.556710204941189,0.6189945885807601,0.5251196804230247,0.5669838065510446,0.567924673853508,0.6270483544667081,0.5080637550854388,0.5320524781690696,0.5501476906600808,0.5446473585011457,0.5967927459742514,0.5814450413642245,0.6219448313126273,0.6477122008120969,0.642750843853117,0.628385534269148,0.6141150926060002,0.5557938279327371,0.6666997633639848,0.5661966129733338,0.6374145255406639,0.6397048471735644,0.5665758790389055,0.5970285802630078,0.60492135536862,0.4159740587574236,0.6186510811685314,0.6149335291400777,0.5953397050089958,0.6409495523977649,0.6116443179782985,0.6277827369199543,0.6482632560840764,0.6076349893004952,0.6668394204702535,0.6234539511934504,0.5774107376204693,0.5967250999095234,0.5462356228843841,0.6266699539789871
0.6138024836012782,0.6338847434964694,0.6229627210764302,0.6786905841040156,0.5061524025375486,0.6906040278971648,0.5358909462695962,0.0,0.6117791448219769,0.6176014920705564,0.6214982868283454,0.6428864709632269,0.6992411250794681,0.5658397562005761,0.5482488588848691,0.6687717768501977,0.6246730115943331,0.6020447291037889,0.6000893893326277,0.6264859745011436,0.6407659141262338,0.5951711845439216,0.5600930001675037,0.5473427686896161,0.6582113568196579,0.6199026078245757,0.5936861537713158,0.5882540200669906,0.5569887485294879,0.5631200221366457,0.6073411731351294,0.6345744856705671,0.649992878349071,0.5892166554752384,0.5518443070583396,0.6050257427099661,0.6759522608437527,0.6618156319538182,0.5812562379281928,0.5862504604511399,0.6065180858719876,0.5909316069061656,0.612360200727833,0.5754774095493679,0.7014192147923032,0.6671471519123776,0.5506271493988953,0.5970123296809545,0.5660676162217787,0.6046710889883791,0.6322735603764131,0.6282585684132385,0.6009629760974433,0.650304500535162,0.6188077708616744,0.6155901277134531,0.6344701290967473,0.6988554234598939,0.5614275033031257,0.6223418350209324,0.7940591392134758,0.5716253999526819,0.6879735111934981,0.5323703700301904,0.5503476724362344,0.6535588521153929,0.6562661336978098,0.6058289536436949,0.5864045594172533,0.7404254598148009,0.6297042289960803,0.5646541399568324,0.6000824562491341,0.6678261417963732,0.6912415742708586,0.5803431486660432,0.6313458735690977,0.5921267219629477,0.6895302083133898,0.5470758823177068,0.6186810343490563,0.6183098193049746,0.6392497652451753,0.7103860804736674,0.6417584196453598,0.6977589045256432,0.7729910184330293,0.5955578978306296,0.6749990209242979,0.6620888771204513,0.6105140951795414,0.5903375710892975,0.5909320295902138,0.595339480147771,0.6163448674592432,0.6462049261253793,0.6501491822535067,0.6236543761406279,0.5068974324002377,0.627081838243476,0.5681386955525667,0.6754045372670239,0.6005614291361081,0.6112482844236538,0.6515691271555877,0.6795765552315162,0.6864602916575191,0.6384130371414919,0.6115091664345007,0.602374868873983,0.5941780516865406,0.6104187806072284,0.6620495596843883,0.6782439623640875,0.6543596365012402,0.6279883086497451,0.6141961507203804,0.5361643736294615,0.6048776879359058,0.5857013392510353,0.5475626917548325,0.7456569041812057,0.5969752602911838,0.6239844787358945,0.5362223650777992,0.6439404598796711,0.5736955152920968,0.6347539571904743,0.635333257920965,0.6040803709382957,0.6147277914842256,0.6735939897788964,0.6822985098790317,0.6023693252909771,0.6040179059026433,0.5150985399090773,0.5942200495605159,0.548163633309976,0.6252283733838536,0.6450345804241268,0.6501670192801248,0.5978807435904876,0.6278305362058028,0.6355152360369897,0.6395530303999934,0.5655354554669297,0.6047884142900259,0.641733565712942,0.6477075151527592,0.4826044254928321,0.6243353666995222,0.6062949786746539,0.5832982340478688,0.5829459079904419,0.674383705718708,0.6781441215403136,0.581397040972626,0.6579248757970556,0.5616204932701766,0.5801086013818653,0.588053570490323,0.5895673548106423,0.6002748944546603,0.583492759479745
0.7338710957504471,0.6292885555557706,0.5573985233368793,0.5891952028923814,0.5869205125264408,0.5863350287884602,0.5456992592209768,0.6117791448219769,0.0,0.5484508599139346,0.6209667224658103,0.6002624877318862,0.5947761381594611,0.5955986632619505,0.5800871681406039,0.5957212998367233,0.5985476840821837,0.6780457123904494,0.6015237162330842,0.7360128268990495,0.6174184284294618,0.6396976003899271,0.5668155180147048,0.5507904139356579,0.6291637944807463,0.5540140940681952,0.5724782831987055,0.557282678120995,0.5410968704930493,0.6172379183312822,0.6416857076322765,0.5794910139489177,0.5937355581892351,0.5340999805157055,0.6768879793988154,0.6081179218304541,0.6235355196116749,0.7230411296813759,0.5771901156314794,0.5625929273349553,0.6106911325589732,0.6403535089806045,0.6143326971693664,0.608109435556217,0.6004986190834666,0.5948607507018285,0.5720616525031623,0.5881176727702342,0.5879631180663748,0.6769175639384667,0.6089693222133756,0.6119493661149131,0.6655003389357511,0.5936206584760694,0.5737406785918049,0.6102449402765965,0.670792367708291,0.6446250614765945,0.5816796997101384,0.605016931816588,0.5711173869272138,0.5450683331197114,0.6437395760567848,0.597745307798374,0.629818785625766,0.59464029615807,0.5786905309001482,0.5903027430349977,0.6130963213267095,0.6499505258813367,0.6511507969067952,0.6347004085128305,0.6232273921807234,0.5877163987080858,0.6366342922428947,0.5805114130528128,0.5324689048603245,0.5664072611107472,0.6116239097436422,0.5191069470559091,0.5739742614990788,0.6884357802087155,0.6376272084085183,0.60446900645097,0.6410892940400418,0.6962553534043426,0.6300439895130194,0.6204125452453407,0.5835129965488992,0.6222526361909292,0.680321216526415,0.626432783520012,0.6278709754830819,0.6019549391475809,0.6665715763530168,0.6201322847553239,0.598856718713572,0.5950563025384948,0.5811577184424396,0.5498220235337419,0.5836417622482613,0.535005219736293,0.5867166892671428,0.594637161125235,0.6912637087288571,0.5892998002628406,0.557897940509433,0.6117226166809034,0.5769851236071312,0.5742345677754068,0.569808977565167,0.6890683165543063,0.596128527088067,0.6421827573904153,0.6282879755761953,0.6052574015675382,0.6120359708857119,0.564709290012569,0.5503057079424601,0.5974512251323146,0.6482715820345267,0.5991109788797684,0.6351809367139938,0.5914215868155344,0.6880596446755962,0.5592355748759384,0.5487327934656906,0.5521635919227399,0.5664333949780407,0.6231671405884661,0.6444779440367774,0.6093376861391421,0.6066023973273328,0.7251464417318757,0.6175625941391221,0.6037403291638828,0.6264956315418546,0.5949121557629323,0.6106271263824623,0.654014160370654,0.6134943475723875,0.6107570805405451,0.6521839415502393,0.6860785752184375,0.6350377282605466,0.594418412921854,0.6870765776006389,0.5475050749970255,0.6401392527389949,0.4829570391646026,0.6569153832092346,0.6436199232630893,0.6558178010818956,0.5466012037406692,0.6043449667051152,0.6348817928670962,0.5544040144409821,0.5593966795305803,0.5993547482663664,0.545167445771792,0.5386426079256997,0.6866958602737242,0.587850812446015,0.7004427771207182
0.5908978695425379,0.6686220036374502,0.6665241703625933,0.6483618699516962,0.5212535249009812,0.6458189888770073,0.6003486232094717,0.6176014920705564,0.5484508599139346,0.0,0.6184700349356929,0.6382852450176434,0.6756216840087179,0.5650314326288307,0.5342935193086863,0.6577080853760316,0.6611335757675678,0.6152852387942765,0.5975890889053143,0.5951949922759822,0.6464703033762557,0.6021688789871793,0.6370377809479647,0.5697598787941875,0.7360917139153939,0.5765585008604506,0.5977117477981804,0.6087943977915583,0.6464835413598232,0.5623172407653122,0.5510056812935363,0.6543401789890455,0.5980052112838488,0.5896525148381733,0.538076731901822,0.5676263485554673,0.6369876596667454,0.593525485600036,0.5329592641965096,0.6346333813624921,0.5839172942761912,0.6379386532202125,0.5790257409081595,0.5675826129935311,0.6219503137729058,0.6330699068508456,0.5831304123458325,0.5866489803917603,0.6256513708641129,0.5691287769091122,0.6137029263196528,0.5969203336518091,0.5982641072720435,0.6297894633001263,0.6122809599375983,0.6260906143132304,0.6020970089869193,0.6249900413454312,0.6362580755274373,0.5862849883728012,0.6292022547413963,0.5192683455849939,0.5935425855904227,0.537950439028307,0.539658100750814,0.6038347875132186,0.6252504465609253,0.6015730413163364,0.5998955764444928,0.6172238651565048,0.5697610960219283,0.5556765200476316,0.585913418699817,0.6682080681924742,0.6267111359522196,0.59376138412197,0.6117613557182752,0.6411177153239899,0.5780577511232387,0.5580896026174009,0.6340615061447363,0.5612610834872668,0.6435794169422099,0.6013889434112946,0.6148691581720102,0.6125339751189718,0.5922435444999996,0.584483669556597,0.6435849228294843,0.5825632110212311,0.5943641718987344,0.5776055007196741,0.6022439507436083,0.5747445722302056,0.6157179764571498,0.6406015710560519,0.5355916183446091,0.6325708681304488,0.4914469954986209,0.6140274612065734,0.5415451030666818,0.5786007631887942,0.5894716927487611,0.6635096412428617,0.5726464931305205,0.6297890958172605,0.6456867832666959,0.7256340928832526,0.6425349571877788,0.6734530205827057,0.6222231321271456,0.5758213084828543,0.632091658008225,0.6333449645573511,0.5832577250301497,0.6093362602609625,0.6541241880229547,0.5853107490667725,0.6870157301842512,0.5516496357928706,0.5298631459407904,0.5697194637583876,0.5977096267907478,0.6241921866867999,0.5220338577488006,0.6456297441756835,0.5525931510562395,0.5537366878976968,0.6638686096656238,0.5854055068038592,0.6092357397728559,0.6140370044646281,0.5697421279156366,0.5355793630419639,0.5660627238861423,0.5106800726668943,0.5884708760146019,0.5413941411195494,0.6472555152555586,0.5981168050412303,0.6232445405595198,0.5957066360513423,0.630926366928863,0.602706182282529,0.6291303835333949,0.5746690309486212,0.5460296719343374,0.6804286946505653,0.7352675052510877,0.4711843825118195,0.5504945175000353,0.6457499129735302,0.5732393427638153,0.6670769859755737,0.6834181531182669,0.6052362166322293,0.5905200255745867,0.6670206422458597,0.5677982058865986,0.5899787236326713,0.6729404426659329,0.5856580943524918,0.6045839061906703,0.5634422602664425
0.7043013532842779,0.6508540895202964,0.6442290616382552,0.6621534512615472,0.634854811176068,0.6171745005757994,0.614986324308787,0.6214982868283454,0.6209667224658103,0.6184700349356929,0.0,0.6755195906504243,0.6878331001025434,0.5756452100460113,0.6011926324920697,0.7244883269090505,0.6980254912461953,0.7088812910823697,0.6662004499066456,0.678917295598806,0.6669048267561621,0.7239864692847229,0.6526389846708973,0.619205943937676,0.6804399867312685,0.5809556488662295,0.6435554205386156,0.6510152496403238,0.6253260293185546,0.6761020843085618,0.5922024980611779,0.6463820547403375,0.6248671519767437,0.5653918442331605,0.602205819594209,0.5860188291258827,0.6827630923918431,0.6557657458744353,0.6070272064662633,0.6431676780313481,0.6062206556752516,0.6328011140742842,0.646263332785393,0.617797793723645,0.6174892761610984,0.62443738468844,0.5578838205329785,0.662624471575634,0.6744914553440955,0.6502055708960935,0.6721445575796222,0.6107441725258214,0.6365935938267708,0.6691818082831938,0.6705953587673896,0.5551424878796822,0.6993097318360758,0.722779729958018,0.6116721958570911,0.623285454865444,0.629556194851295,0.5129202470446758,0.6657507694887924,0.5449162813234157,0.580957692476728,0.5957272623434618,0.5927722611533516,0.6059945744530255,0.6433398426273232,0.6826551670503944,0.6134211100287246,0.5825599413760054,0.5896138495251115,0.6855607276823538,0.6653618307748375,0.5782081677837826,0.6429947486694179,0.6426112537401951,0.5858370002448642,0.5393356935491924,0.56937611218464,0.6071596261005249,0.6716341129842133,0.5926357801457808,0.6088617326171759,0.6309564541723747,0.6154925258391486,0.6128777670721772,0.5988672359919114,0.5640770733370611,0.7074032361754987,0.5601764223167484,0.7262106393788145,0.6194295952121146,0.6272841197563417,0.61795900878787,0.5477825245898688,0.5496782423206408,0.5027241213358581,0.5650630982095218,0.5652633679579616,0.58927441301835,0.5602844767337825,0.5868731851513223,0.6140662613788922,0.6088008584195996,0.5987777430213195,0.6368672654063967,0.6153364101686684,0.6300037115223385,0.6449408294167813,0.6129293303824606,0.5941739432461696,0.6287774441811572,0.6182425141505318,0.6454687317261779,0.6051359003832862,0.667155764666984,0.6066022936222663,0.538977325938037,0.6244505598641111,0.5690825163565674,0.5866235258176955,0.6469003364919718,0.5592819766335347,0.6358618916446402,0.5265272478346159,0.5825725509056168,0.5932028941283103,0.6074957187357632,0.5823866957959761,0.6263634247976839,0.6135392733495489,0.5946150385561647,0.6160246079287507,0.5556634255293691,0.6281574031627107,0.5910512550747398,0.6747213271757609,0.6511119013982423,0.622143951882464,0.6001958273710044,0.633500951874803,0.6159157278202205,0.6340599677186858,0.5645779300224536,0.6116095514644165,0.5966836194757834,0.6486723210016874,0.4622716536996306,0.6227384042339297,0.6384795457831663,0.7529009456429013,0.5875302513992628,0.6241137555878911,0.6261164033409784,0.690604263553103,0.6135043936506769,0.615617505308257,0.6090930485737789,0.5488257089163073,0.601340851609584,0.5381222370518467,0.7063940139649368
0.6543595809722684,0.7118971892267691,0.6049425578945389,0.6455672994836541,0.5764044135418996,0.6758770018872063,0.6269616465731173,0.6428864709632269,0.6002624877318862,0.6382852450176434,0.6755195906504243,0.0,0.647544060813708,0.5480089719568484,0.6149859908875128,0.6764795922955122,0.6349870429042037,0.6074037990791444,0.7396382823873083,0.6808203874710502,0.6986538462568153,0.628884461625965,0.624752852074237,0.6526522702339944,0.7266217541760466,0.5887826301902359,0.5588657762144928,0.5867267426223681,0.6379679051735796,0.6207628848878702,0.6806812884213971,0.6742237223141743,0.6588728122147197,0.6449313262125654,0.5973461142326157,0.6171444989259588,0.7021282587992159,0.6284891707016704,0.699768147452038,0.6156734921304662,0.6501527426453134,0.5964013290151894,0.6531766990564775,0.678638654002486,0.6654824458553401,0.6744689785630804,0.5911416375017045,0.6951567974783227,0.6575322520990426,0.6354174069402115,0.6858399102154765,0.6348782207427985,0.641018508525628,0.7238942334287487,0.7138694426605106,0.6056172885642972,0.7013832794222495,0.6893585665948765,0.5891534075420127,0.6466133115341511,0.6508188837831156,0.5396725443781332,0.6390021011775389,0.5410989130692383,0.5936303487938034,0.6336055697060339,0.6116737934586615,0.6038475303684443,0.540803134968938,0.6218319798903631,0.6293633178884076,0.5925273684512773,0.557971367036129,0.653985583120672,0.6178560887796076,0.6436498966822449,0.6331995686177805,0.6692437457339441,0.6397188096278771,0.5934354328836845,0.6114976776554473,0.6221971301385849,0.7178809841622302,0.5966113551911922,0.6287748898188973,0.6519030579080944,0.6325552800560016,0.60021101044619,0.6427543508019418,0.6392525492311377,0.6179545096540282,0.6302942769131441,0.7062436771879143,0.6764989224559227,0.6062742261203149,0.7055461994695121,0.6050477393539961,0.616979285981012,0.5167361434483088,0.5960956005361947,0.613555719236952,0.6138248180046438,0.5874810088356973,0.6500926969027027,0.6152013726945869,0.6418548510117646,0.6501263280655751,0.6252251723330499,0.6501584967452156,0.7231842583091542,0.7214253012931022,0.6174194245798607,0.6038907520259708,0.60059173681567,0.6346058967789275,0.6112298675884807,0.6601962490972347,0.6429429182857171,0.6074539626882862,0.5324611616183977,0.606525331328925,0.5840592042729572,0.6216350092164906,0.7271181880403582,0.5719977104309795,0.7547690270016184,0.5355893863552699,0.6458879961731231,0.6491786251382164,0.604384657594774,0.5754642160120659,0.6175750256016864,0.6112449219142506,0.6090742799392503,0.6644391804363026,0.5748041770293874,0.7260605979944396,0.5949122704692197,0.6284634514544774,0.7208962447583402,0.6371330319923417,0.6152115199562652,0.6588861375063647,0.6143861403290536,0.6979950435078061,0.5752090261962144,0.6468178304939994,0.6549534707682524,0.6977078746673945,0.4711574927960886,0.663467417707577,0.6818345738850529,0.6346785545268486,0.6010644890315876,0.7066822064861837,0.6652053674814712,0.6402302843977051,0.6691671269500534,0.6006085313852693,0.6034798395989835,0.5672766974308591,0.6352715536267023,0.5777949576632605,0.6387001970880116
