0,1,2,3,4,5,6,7,8,9,10,11,12,13,14,15,16,17,18,19,20,21,22,23,24,25,26,27,28,29,30,31,32,33,34,35,36,37,38,39,40,41,42,43,44,45,46,47,48,49,50,51,52,53,54,55,56,57,58,59,60,61,62,63,64,65,66,67,68,69,70,71,72,73,74,75,76,77,78,79,80,81,82,83,84,85,86,87,88,89,90,91,92,93,94,95,96,97,98,99,100,101,102,103,104,105,106,107,108,109,110,111,112,113,114,115,116,117,118,119,120,121,122,123,124,125,126,127,128,129,130,131,132,133,134,135,136,137,138,139,140,141,142,143,144,145,146,147,148,149,150,151,152,153,154,155,156,157,158,159,160,161,162,163
0.0,0.5703550987327899,0.5083924185638364,0.5353180986972227,0.5399668026587041,0.5624316729150446,0.5633354533887056,0.5437599780312347,0.64987600747491,0.48469111857338204,0.6248046544754661,0.5193324370587719,0.6525756837960578,0.6003927102180731,0.5682368133475839,0.5899911643232496,0.6039035095733499,0.6840919077971995,0.5520373193697122,0.6789290849169761,0.6138937311195042,0.5766516995839196,0.5402112160740352,0.6186904002385955,0.6252985812246658,0.6208105067979092,0.5222079344895532,0.6159586665479271,0.4531895666768903,0.5436876107098922,0.611385018210631,0.6032728904303709,0.5227226276941851,0.5773451730532575,0.7022717436676983,0.5218580525864345,0.6778803983988639,0.6283657084401664,0.5205014361961758,0.6154543828330042,0.5336179655802241,0.6405247390092638,0.5826206166668375,0.6364795056567802,0.6142797007344081,0.5959384968142667,0.5486627996708824,0.5734770924141436,0.6635468032583749,0.5694879557609162,0.6059184444188558,0.6306987448224999,0.5400311802659746,0.5458396206703838,0.5311390682151033,0.6251113439292423,0.6623045553405309,0.543548811665658,0.5967645290756055,0.5513625791487007,0.5538295845752224,0.4947112213634828,0.629041216679287,0.5272836523319049,0.5995783319316663,0.6442025014153421,0.6530977384633695,0.6490680484917617,0.5626594427533408,0.6032575749232572,0.7125690562273637,0.6104287630951598,0.6802590243872373,0.6248849679575179,0.59726017356646,0.6785313373722881,0.5666329981729034,0.5626893047530656,0.5798990683586136,0.5549379154733897,0.6189720619667054,0.6094600680120749,0.6151864990868301,0.6126043875020077,0.6151637490042935,0.6781991752834386,0.5989369294108714,0.5746578171408968,0.6047814330343563,0.6290348181380033,0.5871897619382729,0.5575696454186049,0.5431119253454086,0.6833294433731114,0.6235534944796342,0.5431083801882304,0.5264034483690985,0.5841401501797013,0.5338907278161367,0.6164356363336051,0.5967574416146099,0.4925656263870006,0.5345682298184167,0.469471956348485,0.6153070305564776,0.5900257878417082,0.5284536391580759,0.591172807368889,0.5667308826530473,0.591718927777948,0.6209038069895869,0.6013282062251026,0.6426089783340219,0.5598174805113991,0.6301730147820997,0.6327948105497312,0.6323870979208098,0.5180567724734928,0.54110728906205,0.5668309791270245,0.6099232618696024,0.5001749455169454,0.6314504644860728,0.671107209055407,0.629062247636881,0.5245963509366297,0.510603530692574,0.5279851633901116,0.5234488364847234,0.6031364715130413,0.5792579835206406,0.5857166213211662,0.5887100061789718,0.645667643174813,0.5820018113701199,0.6110224955718511,0.6167239473927203,0.6127595829320579,0.5619578772236427,0.5523230580852578,0.5505132043232119,0.5777778566809018,0.5908199344163185,0.5429549499357367,0.6612495527036979,0.6098599506948287,0.6078307610727098,0.525214145952429,0.546787804291558,0.4458444419234127,0.7197163615180745,0.5605192675467918,0.5445827490319384,0.49256886412529816,0.5774204622679758,0.6757212480476772,0.6087408431140605,0.6149155739087578,0.5870847932174246,0.6252695440505444,0.560931371786285,0.6838874909525963,0.5287927879520399,0.7705697159221658
0.5703550987327899,0.0,0.6277045420060428,0.5507708621718188,0.536774609010473,0.6247132475421096,0.5923514249013886,0.551468557429391,0.558718179940281,0.6225867997078193,0.6252919889950217,0.6352291592745161,0.5863738082552749,0.5822705476730531,0.579348706949312,0.5983448654027692,0.6062606390506086,0.5598022672198624,0.6010437588918413,0.5708644476858037,0.6275309480959035,0.6703126814587246,0.5283302659637131,0.6159895592022946,0.6400719008783152,0.5109195228702984,0.5294070100976668,0.5725676803128377,0.5979398572446409,0.5331068464774722,0.6100412846891414,0.6256700172459402,0.5805773662792817,0.5404379901032882,0.5972064524549312,0.5844477796306786,0.5594535594791942,0.5789646937997432,0.5882737107164954,0.600693734923267,0.5992521409490945,0.6177407855722363,0.5156605552136725,0.6104773267773596,0.5926002540719699,0.5440470181322634,0.5458619392067418,0.549938413173829,0.6130013714772862,0.5452295016707708,0.5710962643095414,0.5627327588788337,0.564132886524273,0.657264893683562,0.618213872161862,0.6021472683359701,0.567762569740025,0.5718101249448899,0.5969647447906936,0.5602904669621612,0.5598651480402106,0.48232916241992757,0.5464880639383025,0.5438758934123499,0.5262467933447488,0.5296887061870951,0.564685249441624,0.5435921229139793,0.5255731912620865,0.5400009481549575,0.5620532965333352,0.5476618228282394,0.5361270638163902,0.6028167123355972,0.6230753868264105,0.5623359117553045,0.5468297799473297,0.6101492406250262,0.5008169151008861,0.4923975777965542,0.6102286088815381,0.5446478846868719,0.6469166355681886,0.563397234942845,0.5349796629998916,0.6289507672400628,0.5016494735705075,0.5130320874655651,0.569082128057425,0.5869349488499368,0.5300221267463177,0.5796305057697294,0.60553166315693,0.5682542061659607,0.5653919874721979,0.6215421375547998,0.540114433184584,0.5985437999342995,0.5027131369840963,0.5784484833786612,0.5782941970690302,0.47826751176811444,0.48631543314098535,0.5326867566531437,0.5476171942935733,0.5340106147863034,0.5418139633861088,0.5886899119354423,0.5840651505658213,0.6200615918823559,0.6357437854510847,0.5220557952017224,0.5393312996241766,0.5462382483065462,0.5389142582030215,0.5774520742169421,0.5950243715774074,0.5566546068239256,0.5873040960813191,0.5321211407203141,0.5399364369289504,0.47114534113410145,0.517932142699888,0.6355430909533742,0.5224206358791281,0.6442202581895998,0.5005785685861679,0.5607263668397527,0.62882739233434,0.5632482699511996,0.6035590326978465,0.5796911197347936,0.489229939437372,0.5739311063341097,0.5818957716494602,0.548603431337594,0.5684882797839071,0.566990006403768,0.5664646180746867,0.5469032786877291,0.5598130461942938,0.6132156544549846,0.5976896853941195,0.5811499196343458,0.6349446865544214,0.508694785480108,0.6181314933402082,0.5920342137865976,0.6245534648893968,0.49384234339408345,0.5429608265348231,0.6238425534114573,0.5659971327066868,0.5714684681513978,0.6156967187050535,0.5648522637886801,0.540673254751652,0.6235357925352336,0.548510647965295,0.5364233883645791,0.5865377984841846,0.5664380868686131,0.5171381132095575,0.5643263316309483
0.5083924185638364,0.6277045420060428,0.0,0.5138515124302567,0.514845496668217,0.5796248564999781,0.522147658766132,0.5878360675748322,0.49301736341320446,0.6631650492685802,0.6317977147443548,0.6327185719613939,0.5746869372665588,0.49832803081296895,0.5336880068307589,0.6528790892927201,0.6006423395147632,0.5307621446984799,0.5827458594356972,0.5274803982693038,0.6210561125508818,0.6656442595863745,0.5052116334568977,0.5533051444652064,0.616491355682219,0.49725824174567484,0.5193398845633057,0.5535847132869363,0.5636316611332368,0.5233571931834681,0.5418063520859495,0.6285801309486131,0.5174609039560525,0.5068936199248492,0.4962733670322774,0.5491594793769822,0.5329994884310513,0.5427271238503693,0.5697686263169438,0.5429724847566638,0.5351414096240509,0.5608453963601583,0.543323658365325,0.5324410488728747,0.5823661550026998,0.5271663316355383,0.5086184311925618,0.5429960392501155,0.5644072280480015,0.5252380876340096,0.5491502711317735,0.5111836158197479,0.49372865586507564,0.6186142845877336,0.6231577992118281,0.5027918953825429,0.5288450223856304,0.6029486157800705,0.5587061900975874,0.5163734516611043,0.5670535717302133,0.4548418525065146,0.5516031046631155,0.5027700291554669,0.48294240093750557,0.5114593925234426,0.5144519373573831,0.5242795554229179,0.5682946445368566,0.5642229748432616,0.5192786370484802,0.47964191807134193,0.4906673601624687,0.6117181446144639,0.6207927794533623,0.4857851395629626,0.581611619225563,0.5642275278824275,0.4880721149288388,0.4380783649867828,0.5526145086347157,0.4971997920129667,0.5736317049036448,0.5358068092017197,0.49866748588516074,0.5620989769898296,0.5005550602329866,0.49471643285161726,0.5334003213629144,0.4978929200725885,0.5074234668955218,0.49235948004232444,0.576211129873109,0.4954238134615754,0.5016189392300082,0.5611782028591986,0.5193005447727014,0.5303418770753281,0.4352218819558021,0.5207690506900787,0.49016383578712813,0.5436470955028859,0.4674588842894181,0.5294670602816545,0.5091702691934206,0.532166200652106,0.5721667157906171,0.5627575164738338,0.5430675355010489,0.5614435807777914,0.5820578258858727,0.48541056303561764,0.49125275146580943,0.5283225529429909,0.49190702562968536,0.5174303414973338,0.5206281891120711,0.607366407163318,0.5769495950318834,0.4658388994747188,0.4858118579011981,0.4683083014988434,0.45900914264650966,0.5585747775976669,0.4386417384826135,0.6299393993405035,0.46755028923138536,0.5583390475726648,0.6046393183120439,0.5268884872493659,0.5419340750222255,0.6017654597588566,0.45680838352855646,0.476376497117018,0.5635772762384498,0.4802259075418318,0.5192778709564456,0.496714845261271,0.5800333820873216,0.5335289979146681,0.5075161253457665,0.5548836613115061,0.5180699255656046,0.5511193448707788,0.5708084405766042,0.4817180037653803,0.5525766449847365,0.5757120895166823,0.6370218331134474,0.46586924708158867,0.49627687853231195,0.5333891305661639,0.5618626773591865,0.5841086826372025,0.5967816448593278,0.5346509312387799,0.5031690095080557,0.5862702645599233,0.45786460891392633,0.4984338761051442,0.5442394094761251,0.4720411676842705,0.4810262751155869,0.49757035904278046
0.5353180986972227,0.5507708621718188,0.5138515124302567,0.0,0.5295786618240006,0.5428699009827583,0.6146541002828717,0.5572070877212354,0.5185237612773382,0.4918881228561764,0.548090052787735,0.5605216873816342,0.5168582376291607,0.5111260525291926,0.5821260767147255,0.51401312521902,0.551892246895986,0.5526204664920632,0.5804501520448231,0.4767528224152299,0.5878632907764141,0.535999251734729,0.5367563082843196,0.5295091934846711,0.5482725708062242,0.5598920292704083,0.5283881943486409,0.5573951566587152,0.45662117312233513,0.4985622282720981,0.5533615254915463,0.5304292388946603,0.7352698437455839,0.530349757454377,0.5353934950378776,0.5566411810545566,0.5110011884181654,0.5394144119028249,0.5208457508165995,0.5852089877738444,0.623747715698914,0.5472749662047587,0.5210242053552682,0.5814253063274042,0.5492255242178863,0.5455953913699018,0.5022211885756115,0.47461131176088767,0.5580196857147937,0.5255665845057065,0.6335184859859424,0.6258722170322037,0.5348365507302514,0.6415756573608303,0.5605317968877186,0.5121329522150989,0.5497963009249888,0.5990635976574479,0.5365420170392714,0.5329106377307097,0.5240894667454048,0.4794833693855844,0.6144730817967738,0.46453708308074787,0.5143372988665293,0.5208003115342171,0.5354648846653866,0.5115784110377336,0.5090972991123561,0.5636209240273904,0.549401550831292,0.4961569993779524,0.5331634019369256,0.6102786666717149,0.564430058714916,0.5061137476606212,0.5458161479086983,0.5596624508876415,0.5321708984774368,0.4481945925004369,0.5416644697305626,0.5950504451576797,0.541828109193509,0.5211628363135858,0.5566577341188016,0.5694727348868555,0.4971826578261924,0.5315062879942006,0.5561221709307093,0.5091630161961465,0.6067002109574781,0.5944423600196733,0.5508538554215787,0.5219450556988894,0.5738723065423892,0.5353005885794636,0.503987102124068,0.5721066553589154,0.47482100410900074,0.6017893196532058,0.488830710062732,0.48886448877910266,0.6016218381561793,0.5299108373971283,0.5696732580105033,0.5192505455445342,0.5315509819434499,0.521340715834136,0.5616461107864179,0.4784838454128277,0.6369865576479674,0.5424322749218695,0.524584057023275,0.5266021207234806,0.5733147671342687,0.5734461125276589,0.5508249963172613,0.46196570719038954,0.5649600088647574,0.5453236971717528,0.49641589605501546,0.5682194559654598,0.46283341405208017,0.6068183384801286,0.4595223633131996,0.5433354961635185,0.5139068120312286,0.5084883459142104,0.5338816181509852,0.5218980493480276,0.5041291474797073,0.529790733148032,0.4636281925413864,0.5647858837351435,0.47952721346823,0.46554557255883694,0.4604413490580234,0.5555473917426804,0.508617829369034,0.5363205910976574,0.6066434054279012,0.4898463632902234,0.5924893662370859,0.5581096937743689,0.5322929998533823,0.5332227034590868,0.5609807839694831,0.5380901579142703,0.4898143150521759,0.4188329138726266,0.5661408040239868,0.5682393722947742,0.5215757847303512,0.488433467257189,0.621564724716147,0.5183618800642116,0.46893518904709114,0.6042767259886328,0.5744622307906987,0.5587963432954463,0.5425694915372401,0.5183489108211294,0.5075347385371881,0.5518246327605344
0.5399668026587041,0.536774609010473,0.514845496668217,0.5295786618240006,0.0,0.4668277654281698,0.6442322106530712,0.49719098107056353,0.5647727807104482,0.489890179016827,0.5231272149405761,0.5490890430981112,0.4830872369478194,0.5204605261849291,0.6343507312157951,0.5314871310102971,0.5544103083848421,0.6085578544721247,0.5464871805486716,0.5021893351422334,0.5898187227636906,0.5638599568831,0.5880654078130634,0.5359047538644882,0.5303852255696255,0.5276814157894183,0.5480919092233959,0.49921777620508573,0.46387523064863245,0.6164627240578926,0.574980955432475,0.5363855650587223,0.5475257889973894,0.49116765314805994,0.5523405322231527,0.5793102347589515,0.49355014584895357,0.5840003634007043,0.561109644331474,0.5782522386747652,0.6180027137900388,0.562817667483744,0.5869981819253032,0.562978936079008,0.5227660163175227,0.5629121487477913,0.6187968518998381,0.4678839232585205,0.6206405028816213,0.6155702202987859,0.6285766556693514,0.546054890303661,0.5712133573683149,0.54479404782368,0.5502207230103977,0.5028840425345241,0.5801945385231939,0.5804473345473351,0.5804006096976783,0.564827847573566,0.44482089328526336,0.5036941596856623,0.553908027196009,0.5409119450163193,0.5808392388212384,0.5033606058706692,0.4887731077702107,0.5282377033285964,0.5630045278444356,0.516009495729134,0.5647728940595815,0.5599103126560271,0.4904175798530608,0.5676901975020436,0.527382167058168,0.5131808278615031,0.5268823641314325,0.6372316713351507,0.5177623765555605,0.4382335896031217,0.5125716802650786,0.5904347108322334,0.5893158685096891,0.47388186954042477,0.556954482082031,0.5634507608854831,0.44799549750292444,0.5899125841611945,0.5317180647388998,0.49555788286494734,0.6752612645533606,0.593959259281788,0.6641338018379747,0.5109602412407418,0.5828036030155503,0.5105703421702213,0.481793084705074,0.5207052099488721,0.5330177700204609,0.5202735762714574,0.5031983338617415,0.47603752526274257,0.5575552066562588,0.5110504754318744,0.5711663098554738,0.5370207202146732,0.5200337501278706,0.5052084265891227,0.6151857595209896,0.4675774597481178,0.5622632896040793,0.6060730735378809,0.4544443784438107,0.5392802750789604,0.5424824719100368,0.5360803280955756,0.530813809809838,0.5523046352934732,0.4801912089773828,0.5160125316907088,0.6265472783599808,0.5060143230905717,0.4483767551918106,0.6000641103367345,0.4806079307600021,0.5136128328346232,0.5106932550962857,0.5266216701386419,0.4973473395280761,0.5946622384844331,0.5290012086390778,0.5324331231669057,0.43837439906463027,0.5372018080638447,0.4782474099952306,0.5403370224212791,0.5047292409048796,0.6195305955697512,0.5302839239320655,0.6226148834511229,0.49560785590734263,0.5281466564583153,0.5971909550045568,0.5988324981259517,0.558263781081757,0.5560215671353627,0.6359639853644294,0.5554381690339344,0.5168992223856892,0.44119079110904413,0.5258717159372558,0.5842390867581005,0.5807810080296147,0.5688512566160789,0.5680069769498732,0.5054501232693551,0.44424826179014776,0.5402335683116015,0.4972257135750279,0.5355534905287533,0.5309681842079328,0.5160537309596454,0.5477023339437411,0.5642862026932821
0.5624316729150446,0.6247132475421096,0.5796248564999781,0.5428699009827583,0.4668277654281698,0.0,0.5099337766376026,0.56520003089605,0.5236118403939223,0.5509604877361066,0.6309877669413286,0.576621723290934,0.6156955261007352,0.5200469740996913,0.4977776690610957,0.5859980326423291,0.5590805123652166,0.5038343603543352,0.5607823834606083,0.5277782568262709,0.5772007971729474,0.5720309133270536,0.46050135791494357,0.5338318552180014,0.6228385531419851,0.5114305242807351,0.4671980965226806,0.5579703175113571,0.5160737136097501,0.4918165416560923,0.5582913281844909,0.6153460293661274,0.5377967371713721,0.5256653413410359,0.5374375446492251,0.508006494377181,0.5951442869986915,0.5287221335694419,0.5160971317889925,0.5137115998186482,0.5047661793566507,0.5879742680626593,0.49083384621801374,0.593874688682722,0.5554956006376378,0.496943651959054,0.4814421384351645,0.5810196091604987,0.5301196756905315,0.4802040623339129,0.5348707565937664,0.5617325676288496,0.48426151989052124,0.5990791978397549,0.562181744563681,0.594254080297682,0.5220849833997891,0.569464670093857,0.5048938789630437,0.48803424424861297,0.6334167833604896,0.4621785485052695,0.5714755528905261,0.4619059456978634,0.4735518046388929,0.5256824705239777,0.5606128106094792,0.5507532413483911,0.48585288996540565,0.5709103216776866,0.5498375152135669,0.4793049076581728,0.5560638418327822,0.5720679098130591,0.611198219878064,0.5407179954833818,0.5426759937168262,0.5353326555444535,0.4846792507727885,0.5264515109963834,0.6345054943005871,0.5120228106420351,0.5833952426358093,0.5964231191207109,0.5117060675357992,0.5707679397761974,0.5880208602891743,0.47549963301588916,0.5462779073796916,0.5635756009954294,0.49546311932054105,0.5202532503089419,0.5090654736078093,0.5423891074094813,0.515426398726469,0.6116342715768656,0.5264997795679558,0.5759837462190122,0.4561878637843704,0.553619463631072,0.5287027461752314,0.4889492775735761,0.47237914621968746,0.49215002678768094,0.5199851920431114,0.507192276727578,0.5138868025898633,0.5577940182318605,0.49414526086182003,0.6036188486271112,0.6181325126931381,0.4784218969498774,0.6218354469295502,0.5176525525327957,0.514051592277408,0.5462808992106476,0.563087436166155,0.4860206575731053,0.6199444667162309,0.5188262544753317,0.4708259199303254,0.4810825028359858,0.5277183685414601,0.5938432052974759,0.5008083062334878,0.6024182007634421,0.4734989490854629,0.5226839740369466,0.5761630283195773,0.4885170197751009,0.5599338453362241,0.5854819785973643,0.5177366996039584,0.5512813379632892,0.5523948509715768,0.486484016713247,0.524479055605629,0.4834394114788373,0.4875441127357202,0.48861324079067187,0.5655887345558288,0.5667612937164715,0.522250268138757,0.5161551031798572,0.5857215296085987,0.4869167569159404,0.5489093670637837,0.5288088058162339,0.5545784748063739,0.45737400320086147,0.5507272691198177,0.5444775181114703,0.4849985320332177,0.4694430565506575,0.5853089419438454,0.5661164334574613,0.5464499996030922,0.6440594813147337,0.5196715136785891,0.5432761265028694,0.5297959321304078,0.5521892975563968,0.47393564924729836,0.5423190250411684
0.5633354533887056,0.5923514249013886,0.522147658766132,0.6146541002828717,0.6442322106530712,0.5099337766376026,0.0,0.5069883922195403,0.5572361527327904,0.536651962922938,0.5381364843757928,0.5606764314538342,0.5175261364252369,0.5571348104594712,0.6517698415635168,0.5229178826548885,0.5554138769768058,0.6069872469617535,0.5495047271079206,0.4977720980421554,0.5922472494510383,0.5693984750153389,0.6051178843201978,0.5677860952712764,0.5805253129556519,0.5527517287742911,0.5535760707213082,0.5242610558570863,0.4911421952848066,0.5508247024541095,0.5902162661175058,0.5571666262116963,0.6276940159847533,0.5228350363783641,0.5805829667852321,0.5697189493256596,0.5303087381744215,0.5576670616565425,0.5335618548046125,0.6406051336835049,0.6241076756065602,0.5995674557052508,0.5467385784819145,0.6112487494032165,0.5465658942072616,0.5664541317227482,0.6099437089537629,0.4866845022091839,0.6640939863766119,0.5582124878371337,0.6418579201228248,0.5789403640137534,0.5672650833440414,0.5888870636258481,0.5677412806253759,0.5651151092959428,0.5618369675210438,0.5592884409335651,0.6277225577632859,0.5527916846125481,0.4748405281125865,0.4950617911079273,0.5493548844430612,0.5184463252460892,0.563887190459185,0.5170892631187288,0.5460311325018504,0.5684419424821006,0.5408081375949372,0.5284679624054295,0.5782194310410502,0.5611402137195406,0.5257164476851992,0.5997967343200965,0.5293378195964475,0.5608377950661401,0.5411770748374419,0.6730713590898424,0.5112125495772434,0.4676955686672851,0.555867483421402,0.6008108477012236,0.6210350918609286,0.49405838287541304,0.561081229881308,0.5734627023086891,0.46911020512346335,0.5890131340415906,0.5664375545155104,0.5363015184527503,0.6373211114295115,0.6696971747136462,0.6130719004915249,0.5308938092140408,0.6157404193888381,0.5705035777186213,0.47931721063312555,0.58086212845709,0.5280700642970093,0.5900638378687669,0.5301605098253354,0.4692889369892851,0.599099052545261,0.5467180747249056,0.5623625684490389,0.5324358457273338,0.5172089623779464,0.5366787789691398,0.6398436202926805,0.5092314187169664,0.6296531780326121,0.5762505466900752,0.5079117746015513,0.5362981071690354,0.5548049832954677,0.5632084414099159,0.5735627388711106,0.5239888493192622,0.5342918714393418,0.5528683413290766,0.5618610447517681,0.5135468413719746,0.473405695010044,0.6613629101147788,0.5005899285775334,0.552443413309557,0.5217596920869444,0.5212694930528008,0.5278128892137631,0.5920621732375349,0.5426349529696675,0.5202157182863277,0.45485943556891395,0.5550729178611461,0.48621518405707514,0.5317714736418458,0.5050763540591588,0.6391253522565681,0.5346964277814876,0.5758842720730447,0.5725096341272178,0.5331477397993282,0.643345104420932,0.5828732149675694,0.5823187585094872,0.5912006961848771,0.6034242307986069,0.5831844546808487,0.5302368438233741,0.42721680367748993,0.5446072498142744,0.6275767936066818,0.5306352643730818,0.5797813956840258,0.6138457411655195,0.5336902248168872,0.4737783756525315,0.6074169915709206,0.5851869678201517,0.574391288970217,0.6036080864154526,0.5564595126936801,0.55785660927921,0.5733887649047706
0.5437599780312347,0.551468557429391,0.5878360675748322,0.5572070877212354,0.49719098107056353,0.56520003089605,0.5069883922195403,0.0,0.561323464804867,0.5246880074628599,0.5838313210972045,0.599189259961407,0.594710495121582,0.5090429957927337,0.5546081438250844,0.6396620197054982,0.5765387320277006,0.5598937041302964,0.5756958898548553,0.5373784316464992,0.5952023693602965,0.5656772323925231,0.5139686746036347,0.5153776086084239,0.5830946185734832,0.5643628258376606,0.5729468671473068,0.5725896189607127,0.4603214943625345,0.5623316850009282,0.6163278692494818,0.6214718923291858,0.5559436616592047,0.5487440251862725,0.5110800547966395,0.5703003702041379,0.5690818431182632,0.606507937290606,0.58842752198532,0.5374382757315238,0.5456380264565835,0.536953669024131,0.6017387861144521,0.5266567753388428,0.6784107733781635,0.6004821581707717,0.506102253665022,0.5069523679184976,0.5518067244166681,0.558405821010597,0.5992883123882996,0.5428401524907317,0.5015452774775179,0.5824057414826134,0.5966607710400197,0.5154397626055166,0.5728286338934591,0.6764117871796065,0.520045464671682,0.5668465740148568,0.6165367714039316,0.5151134116179511,0.6371686566601498,0.4903362777070824,0.5025483848983225,0.5660840672564225,0.5552742406225419,0.5447108679058601,0.5766572492105072,0.7097409422105504,0.5793558718568327,0.5054985218617747,0.5158702196947188,0.6405443537322124,0.6614156030114701,0.5166413412990579,0.6410000994453094,0.5484010347624678,0.593698257171111,0.44416174800684727,0.5371735311844504,0.5596155750752604,0.577777778790153,0.6013666361806087,0.5484483370332992,0.63584663055618,0.5961728757216646,0.5531898018052631,0.6301767254746475,0.5582980548848588,0.5560413736646435,0.5289398161997694,0.5606257390094681,0.5252774329511307,0.524410988065795,0.5431726055679812,0.5826418311718482,0.5442377178864873,0.46061537966800126,0.5824804420153066,0.513093100196826,0.6647876360157192,0.5232358443651256,0.5042746220924341,0.5962481361264275,0.6009063647166328,0.6164029591240261,0.5402125622631918,0.5552964372876678,0.4942892842925535,0.5623614916288382,0.535692022614336,0.5144043176157891,0.5945668020662769,0.5693596046552486,0.5577443490368238,0.531088403705937,0.5274982387126084,0.5063718258877279,0.5196691590928435,0.5037988059730978,0.6056919692328544,0.4609510622993166,0.5894186109753731,0.44668004046956195,0.5857817947427696,0.5066953437126681,0.6583942469390377,0.5479094667730997,0.5574189834648703,0.5643698409322095,0.6250171634520694,0.5260645375068969,0.5239108398501765,0.535800776254765,0.4699544054600942,0.5212965171034333,0.5204998443979993,0.5624374244423498,0.6038473996682164,0.527144647926624,0.5403250580945272,0.5440767945208979,0.5667695730743253,0.5706857012782715,0.520518357538635,0.5968206253460754,0.5759401119566392,0.5516232954773185,0.45882727552190644,0.5821075436659304,0.5231113706406535,0.5515797211837186,0.5270140949804908,0.6097797522070147,0.5956624133255533,0.49636680041936126,0.6100308502044598,0.4688935068470088,0.5448010196385021,0.5194850826209918,0.4918077920438749,0.5118626617839334,0.5213830403797091
0.64987600747491,0.558718179940281,0.49301736341320446,0.5185237612773382,0.5647727807104482,0.5236118403939223,0.5572361527327904,0.561323464804867,0.0,0.4758639275151659,0.5460794505935382,0.5174147313118663,0.5559933769679812,0.5794707874632977,0.5857999454360352,0.5489388337674923,0.5489091586044967,0.6354286332807555,0.5323606034466162,0.5697352887736605,0.5712492836379166,0.5716764393450431,0.5197397863521666,0.5292640909374826,0.5546399610586628,0.5356851580510815,0.549664374211663,0.532235684206928,0.43715749489999534,0.6171329399900449,0.6419270855297725,0.5735371938974501,0.5230381217275835,0.5034302497774329,0.596391621594262,0.5324480825217859,0.5716513535390756,0.6302467757823221,0.5514300062972547,0.5549622973243824,0.5336164396384355,0.6277869843638142,0.5556127177895245,0.5527057736076666,0.5629176791045727,0.5791157998415554,0.54677034287889,0.486687234918854,0.5898311472154797,0.5832073452812132,0.6039442366608082,0.5483673632585364,0.5780109774125131,0.5262906987082839,0.5181293362476798,0.6098634952950361,0.622022059990012,0.5612955052362004,0.5601273430158997,0.5710664070868781,0.5176958035642287,0.5359818891614722,0.5760936469888552,0.5176838300855945,0.607075743057028,0.5738205978581763,0.5851241539722015,0.6015329495144842,0.5445624864445655,0.5975351440361277,0.6767397537352587,0.5890370960039644,0.5711814961092029,0.5862434716965955,0.5892066815011487,0.5998806240278876,0.5595723020904527,0.5660055507119677,0.5408756855972934,0.4961526313888131,0.5616845763527096,0.6668257341176141,0.6544442191288719,0.541901531531905,0.588132008967266,0.641326457366553,0.5494162226597302,0.602412106108947,0.5980010178148292,0.654820597396343,0.604071446383088,0.6008039595278509,0.562625162190705,0.5931265783733353,0.6322430710860529,0.5280031955167582,0.5532611121816501,0.5316492639684551,0.5577861016009669,0.5695224574784673,0.5712403620180404,0.5039834350384466,0.5220827243840023,0.4593451235239959,0.6246318174062646,0.5555540833172907,0.5230072925348733,0.5207243936618342,0.5589098463234277,0.5015301951561413,0.548957669727804,0.6000392228566378,0.5397523587930934,0.6125253377492301,0.5709281586022872,0.5831107881322463,0.5621061624406932,0.5069847943419334,0.4654124103989358,0.5845572673910159,0.6114706863524957,0.5402624459553806,0.5002499638004416,0.6410568020775398,0.5736461434383793,0.5030155909875266,0.5363793910831249,0.5542781688348006,0.4781727350645936,0.5971552059473441,0.628778372716067,0.5907483236074405,0.550375280533514,0.6614025652894592,0.521927537027364,0.5749235803569342,0.540422916876324,0.5711769803368564,0.5073641085840299,0.6121910181826123,0.5138505764837947,0.5722604812250468,0.6344152575715848,0.5950163791792211,0.5960044475025272,0.5470656210700197,0.6926621801543266,0.5544566255238695,0.5086782087699157,0.44850743149031586,0.6231185234936845,0.5742048201277251,0.5579783934904613,0.5097174503451499,0.5495329223727005,0.6251154954224535,0.5162847334077112,0.5731703816123186,0.5226748654464937,0.5865480815523344,0.5285489830456033,0.6013565006214204,0.5780794453763416,0.6463305140262187
0.48469111857338204,0.6225867997078193,0.6631650492685802,0.4918881228561764,0.489890179016827,0.5509604877361066,0.536651962922938,0.5246880074628599,0.4758639275151659,0.0,0.5615732642836777,0.5926250731124346,0.5348005263835308,0.5013072257978602,0.5051711371889657,0.5818939250630755,0.5480628372329742,0.5092960746734816,0.5317132824428535,0.4885127288237888,0.5466613537673477,0.5709659868649435,0.514597790942009,0.5075515292062222,0.6389459036332424,0.4709562032182347,0.5166418712329307,0.5196942565140599,0.6414991786104388,0.5133392117316496,0.5295547765656868,0.5964341038095609,0.5034719081777335,0.49190953107770274,0.49140187324870516,0.5237982240681682,0.5175067392225602,0.5205462431461325,0.511621480509857,0.5205300397758521,0.5146910624525352,0.5456219497172353,0.5022755932469165,0.5215919330987185,0.5340244491646454,0.49404724212812245,0.5145972033232429,0.5137766043478366,0.5653077615268484,0.479252205553757,0.5051391187970333,0.47741548895940666,0.47274560393881954,0.5462528594482038,0.5901626900208435,0.5219356496263529,0.48372992333488957,0.548219432086674,0.5504908506323691,0.4836713370386262,0.501856116390837,0.4423613537717584,0.4904198287336166,0.5004084746086651,0.4535683532644274,0.46985748324284615,0.4913794169278225,0.5103955794915619,0.5429616143548827,0.5254587719441752,0.4816235953686108,0.483318001956429,0.46778013222670645,0.540279783618148,0.5508699454065948,0.5024658059120191,0.514017172399071,0.5803423558952606,0.4620259126220738,0.4465712226313965,0.5542786322907214,0.4618640094807076,0.572506742515853,0.5171171133053282,0.4783492329190316,0.5279605557751802,0.4720929277330533,0.4851396106929454,0.5331896290371427,0.4855152050119725,0.4847809042805741,0.5020167204255295,0.5530819163579482,0.4658336199858455,0.486477136993097,0.6037899837140694,0.4608501133541668,0.5464576839575163,0.4407339198928644,0.5034511487604635,0.49770228794484733,0.4831081845893257,0.46828890465808726,0.5801317133389967,0.48109599754732646,0.49542089904044917,0.511252594688587,0.5743900102399236,0.5310287032870817,0.5411977536953702,0.5430395038884186,0.4663745500068396,0.47611937940978066,0.523826715159827,0.470996265357273,0.48851035674768917,0.5323305015411172,0.5934542123281263,0.5607017565092159,0.4782542885411096,0.46002929324073333,0.4548685792052647,0.44921688443957075,0.5415113363807146,0.441722160048744,0.6462535472387667,0.4478499777138521,0.5091950621631607,0.603787593955406,0.5149328778282816,0.5595778062946404,0.5247326038047088,0.44217122990712227,0.4557669585974325,0.5020767116179995,0.46816202820906117,0.5171862056879891,0.4893022699171133,0.5495667712846615,0.5132622233061689,0.5258376418179702,0.5526169711709442,0.49874180733477597,0.5221178880631321,0.566104333441577,0.47990124574576815,0.5056218369191708,0.5867915501727,0.6728101361374795,0.46616674481298814,0.4659284990107616,0.5716326255548957,0.48814443810574,0.5756295832926676,0.5940917837269091,0.5037497416033696,0.4703120190974197,0.5752197860774512,0.46926036046682434,0.49042291141860295,0.5915256181357653,0.4865604295539169,0.49550064770413904,0.4687890106752632
0.6248046544754661,0.6252919889950217,0.6317977147443548,0.548090052787735,0.5231272149405761,0.6309877669413286,0.5381364843757928,0.5838313210972045,0.5460794505935382,0.5615732642836777,0.0,0.5866432472792621,0.6680578602701275,0.5506222567176261,0.5675534599890882,0.6578176553269416,0.6029413100417772,0.5837390167243587,0.585688348504035,0.6047484804330778,0.6235027021857039,0.6833922445391645,0.5035837183993609,0.6147267357497351,0.673269295533919,0.5585115844479742,0.5164201975524608,0.6040427498067972,0.542415062284181,0.5173259817641717,0.5977585771696996,0.6286418038239237,0.5459173440613819,0.5341383198068039,0.5987094488232472,0.5385081807000976,0.6632835561884737,0.595183651113614,0.5747624927328505,0.5728325094469803,0.5381030658413019,0.5838358721027909,0.5685163880414515,0.6447393424989417,0.6132517561752305,0.5332798112807632,0.49315375722808186,0.6873567174651505,0.6139175616425651,0.5316157491198173,0.5714042221397442,0.5601726324292358,0.49802858500301184,0.6269811610601236,0.6297530316066356,0.5399675376514764,0.5746292949258791,0.5885192068028721,0.5662394755606508,0.5147932897491075,0.6358711636451172,0.4572125529483327,0.6123701595500466,0.5067100281934849,0.5150869267698381,0.5582175778422982,0.5901657699511259,0.5947631869739313,0.5708486637253033,0.6378124405179182,0.5967944869989534,0.5289778202975469,0.5697672784898201,0.6257617436473566,0.6346475346756634,0.5522083020477486,0.5897174792738024,0.5647327581360693,0.5245400628516623,0.5019243562375845,0.6040994403289394,0.5338679936869407,0.6010341787829282,0.6260018154765589,0.5303523676489104,0.6146675054754235,0.6031101959031402,0.5156604320395386,0.5506366568777424,0.5499199690325937,0.5344951937951729,0.5069252443433488,0.5668190113184142,0.5659496309250174,0.5426609585928942,0.610758607465387,0.5320108080533156,0.5481593496166545,0.4650653646938261,0.5474282581109978,0.5717556538686844,0.5280094752456507,0.48852174724317415,0.5084240249486113,0.5493744465488409,0.5360227181830115,0.5325205497450746,0.5831933557874956,0.5322974292827912,0.6236529744157837,0.6383866317358003,0.5188280870569872,0.5857536977457954,0.5415460420634086,0.5481096641047541,0.5568720095762939,0.5581134044854807,0.5790628316251464,0.6067629244878245,0.505428977166823,0.5313455904155667,0.4870966938795499,0.5346868818130032,0.6173150476721863,0.5255093362031471,0.6375315875455547,0.4634629731694862,0.548566601092737,0.5862838683480325,0.5631823169173307,0.5423682618582486,0.5995749021390433,0.5453489236142883,0.5564751178771253,0.6553472625867626,0.5486099141026098,0.5772499734136595,0.5514912060009117,0.5948584217357565,0.5354672787523718,0.5928918178556893,0.5802340568205948,0.5285996215081544,0.5431094036221606,0.6623773360393206,0.5149024361765803,0.5803718864567328,0.5378587132034552,0.6054032217579034,0.4523530200117317,0.6089931226043958,0.5577322405178594,0.5521441663722497,0.5004933171008099,0.6017567477635888,0.6334895895839281,0.6131095561383008,0.6184477549893382,0.5549280729821098,0.5522243720087023,0.5481364902355483,0.5588969919589596,0.48333997846943927,0.6118307182607596
0.5193324370587719,0.6352291592745161,0.6327185719613939,0.5605216873816342,0.5490890430981112,0.576621723290934,0.5606764314538342,0.599189259961407,0.5174147313118663,0.5926250731124346,0.5866432472792621,0.0,0.5202817246955147,0.4835922485115682,0.5792099704523734,0.5930836823870942,0.5786613769549862,0.5264486349281828,0.6983523843013462,0.5250536145887211,0.634234305792852,0.5933857270714215,0.5444497371460137,0.5597716709913652,0.6341713773493455,0.5070266428172611,0.515500594151074,0.5499695763155349,0.5390186920738718,0.5582230988865062,0.6253365603289812,0.5962592276618609,0.586322699788127,0.5623641645811608,0.5367712251959319,0.6102189697695956,0.5176851824992917,0.556947091040947,0.6161053753983409,0.5339972887302693,0.6181546656302979,0.5531338359481115,0.5645163577326737,0.5883077737129079,0.5959324055041896,0.5397466589859189,0.5396457806723882,0.5227644113608124,0.578208377328184,0.544089670030449,0.5757050116423408,0.5569913239389748,0.5045974593591661,0.6503048468407986,0.6451860407344115,0.5118841465757221,0.5445359180734609,0.683515874524974,0.5299611272614667,0.5354152419759654,0.5180596214264378,0.4647688951699585,0.5709906020549932,0.5094761243950285,0.49331825760579867,0.4987189722603663,0.4877634032885701,0.4963393963706216,0.5275562480171881,0.5577588506616336,0.5196357795521761,0.49269997584994524,0.48047426100577434,0.5768174779597435,0.5919812586851939,0.49699846307403034,0.5306281873486729,0.5773901629712378,0.5261801520923937,0.4317351044967135,0.5368034898502188,0.5313673473883507,0.5778179357084603,0.5241663132179752,0.5211630092162601,0.5945830157300422,0.4919548461553147,0.5053327308875566,0.5524112716610786,0.5070097599788189,0.5436230914007524,0.5671228442554026,0.6106601785707523,0.5020084554742034,0.5028822226798247,0.6028776464318089,0.5181738897823023,0.6098555403632306,0.4620299181237807,0.5334243766711713,0.49590214680664274,0.5175144778740389,0.5218454986161133,0.6324766805538499,0.5413743705648688,0.5359231764302177,0.5568872274063797,0.5700762927628031,0.5560187290254993,0.5301935410196499,0.6395188990094555,0.5174635839114365,0.47434187862179467,0.5209770846289022,0.5234080881716434,0.5307979330147097,0.5572764133621217,0.5768680136767437,0.5716397977354943,0.4886375839893194,0.49786743775231385,0.5004218488912922,0.4647713646729236,0.5826633731120229,0.446699609707155,0.6605015272482625,0.4722638294379012,0.5711244752214828,0.6388347017706377,0.5193823919201497,0.5492773773192093,0.5547399895951043,0.4412834598886259,0.5117556465211223,0.5404554680395004,0.47688165265819576,0.5407224199313663,0.5338999798003852,0.5650759254136134,0.577785144848401,0.5358250474513238,0.5359097040700189,0.5418771029178023,0.5648794547673391,0.5712851567781043,0.5227826203439824,0.6097468230718482,0.5542845282292334,0.6371915078001139,0.4719889423394481,0.536929980584425,0.5720078329747662,0.5616937705927249,0.548705598493355,0.694541861223378,0.5184950599550497,0.46436455473721194,0.6002758750411022,0.48041248325392094,0.4973714257453528,0.5204943565110847,0.49869879716469206,0.49158341214642864,0.5122944264345147
