0,1,2,3,4,5,6,7,8,9,10,11,12,13,14,15,16,17,18,19,20,21,22,23,24,25,26,27,28,29,30,31,32,33,34,35,36,37,38,39,40,41,42,43,44,45,46,47,48,49,50,51,52,53,54,55,56,57,58,59,60,61,62,63,64,65,66,67,68,69,70,71,72,73,74,75,76,77,78,79,80,81,82,83,84,85,86,87,88,89,90,91,92,93,94,95,96,97,98,99,100,101,102,103,104,105,106,107,108,109,110,111,112,113,114,115,116,117,118,119,120,121,122,123,124,125,126,127,128,129,130,131,132,133,134,135,136,137,138,139,140,141,142,143,144,145,146,147,148,149,150,151,152,153,154,155,156,157,158,159,160,161,162,163
0.0,0.5084989235668939,0.44424738950919085,0.5093663496309647,0.4880346978669674,0.5342909987552246,0.48862716047559446,0.46713696827775275,0.6376602899171755,0.42812145321137346,0.5044034103359467,0.4487783248932966,0.5918148108657106,0.5679807968913427,0.5049969424500611,0.5373602281667684,0.5864745665095286,0.6674951917407181,0.5347571597825418,0.7057118690662494,0.5724770353926949,0.5186239093374271,0.4887398639714195,0.4920973400439519,0.5506141404622082,0.4856297848335822,0.4448356273773472,0.5765110739464281,0.3839456306875449,0.5240161853779035,0.5291171384299684,0.5608349622107924,0.48363269553000876,0.5016766187217178,0.643220856791279,0.49103967229146117,0.5719936642939706,0.6152783240211097,0.4425932978699043,0.49699724911166915,0.4946442708965035,0.5364008089927835,0.5401400514982054,0.5460986808709034,0.5164257472999327,0.5453214133097479,0.5060437868945585,0.4805490339950413,0.5725558831422144,0.6038398987514194,0.5982619680400884,0.6257745074470835,0.5184572887493287,0.5087944685929646,0.4639282032608144,0.5558345875006792,0.6977764904745367,0.4928196079998379,0.5525146228004797,0.5646604352353848,0.4892653002624958,0.509333195525974,0.585634053928614,0.4835913610439255,0.5829044822971713,0.5689287395787155,0.5199220666392825,0.6028322784251391,0.5264414164027416,0.5222375641932395,0.6296021596850362,0.5994404829068758,0.5992247207393848,0.5898237980496712,0.5717751499708349,0.5538164561515884,0.4872959631022542,0.48676956998774157,0.5279525602851673,0.4978536449692285,0.539994938093685,0.6013411268542483,0.5990430500132556,0.5711006499206935,0.5799452201288272,0.6241615230794577,0.47399127473442365,0.5962860590193819,0.5819699759174739,0.5167421374106044,0.5771172784045424,0.5156412817238714,0.5383347278448243,0.6187291832251828,0.6098218611909278,0.4829470345655038,0.49230214354317753,0.5061348241094948,0.48986994165501563,0.5582420543417216,0.5352967180834716,0.40413495099954155,0.4913274144879824,0.4375649271389564,0.6266639045465738,0.5709189673357672,0.512427941092179,0.5376839686441669,0.5025039085744004,0.4899271191700604,0.5159662680925021,0.5467907344881765,0.616526538911601,0.5241660084543955,0.5929406085219098,0.5887015479735475,0.5594646576571026,0.46342192731487314,0.49959391040976014,0.5363955565902819,0.5753862145007026,0.460492737312612,0.5601742748104332,0.5870095254993729,0.5681782499943995,0.4450079483319617,0.5219190948501404,0.44324385304314756,0.4686189259380376,0.5472759117379823,0.548568763638395,0.5646486969905136,0.5433624402526934,0.5770164922545565,0.4934259385214752,0.5454880369080813,0.5707955640287043,0.5159142486030253,0.4746820176520887,0.5297581578851679,0.5130689867703836,0.5404251876097587,0.5935484598489593,0.5190013911292025,0.5296190067591147,0.5444969174945826,0.5659424759569012,0.48576668192165184,0.48352465392727534,0.4050173614937285,0.579924658214469,0.5299248084030271,0.5385538358806059,0.44127105196930066,0.5106260429565292,0.5548643848046819,0.5384133356453867,0.5410070833742993,0.5203903711087353,0.6149483924317739,0.4752622723065951,0.6126602829495623,0.48003803782705595,0.62662841542604
0.5084989235668939,0.0,0.5503686584155048,0.5103471197022552,0.4808120891847401,0.5385654969925833,0.5415486933645562,0.44396754899915225,0.4661957157584937,0.6278959087537688,0.514689206535696,0.5375343911355825,0.5391148922378427,0.5612026906997095,0.5253737725332125,0.5489175687694413,0.5852711543088258,0.5201826134313573,0.548319729864007,0.575028722163276,0.5830842567600206,0.5892187036219748,0.5232701886441713,0.5699125823045667,0.619497419823043,0.4452169141356213,0.4570533080049412,0.5276882011534078,0.5751159310137876,0.4614056781536069,0.516212940659991,0.5483290537390144,0.5399302040829173,0.5047205495561716,0.5726901623160532,0.564440972689828,0.5071314047393549,0.5503527543483522,0.4874476048520514,0.5431350139593678,0.6054606574831265,0.49227517099333873,0.47258210431050257,0.5649772543542423,0.5269500182964383,0.49784088978226515,0.5162354634797995,0.5085335830352741,0.5976475562964971,0.5253149778479534,0.5135660007476788,0.5236732812227703,0.489808865045651,0.615713755797201,0.5519425509694322,0.5325787066150924,0.5259099749545393,0.47440934501681203,0.5994648397025026,0.5484003651918746,0.46954545881625626,0.4433653880685,0.4595030156584797,0.5453595380545776,0.46963846492008476,0.4576332399165068,0.4834649330748976,0.5001619347133407,0.48571280910210135,0.44629844725846324,0.482291389855723,0.5632847584170475,0.459413202040093,0.5471271169639318,0.5253367456770639,0.4856902307556415,0.4575579482264183,0.5713969869813493,0.46250868881497637,0.4541635797488971,0.5355118481261636,0.4687274466191515,0.6271583186795597,0.5322847849120307,0.4807617797886697,0.5867986964221329,0.3994697564173614,0.4784372720607929,0.521847999024664,0.49295417561837135,0.47438245553699,0.5095226749943232,0.6146802239713269,0.49592028830206825,0.5172429759114742,0.6015296457869185,0.452292790344468,0.5510374652435026,0.45014614461589575,0.5205599923569805,0.5712546695697656,0.37974429675559673,0.44212872942730236,0.5718198247449122,0.4862209459655539,0.5148466355775557,0.5077988332521872,0.6095726930052598,0.5590171797883878,0.5943429900442508,0.535232658898967,0.4693658226843091,0.4875462725436274,0.4834207941314299,0.49612642441724525,0.5207059603091899,0.5319431001396497,0.5355277278842255,0.6078366629955454,0.4760296842152369,0.5124311194513435,0.403668365689385,0.4940122464080115,0.5605630986477367,0.4766205960773483,0.5827471348788535,0.45797396845960525,0.4624561704207528,0.6840434363004885,0.5566670223007949,0.5256514249593728,0.4991956427801171,0.43908861915539005,0.47785512989114914,0.5269992511251191,0.51165895106498,0.6088686844238536,0.5419393670901484,0.5778376123262307,0.5090374036672226,0.5432613902761994,0.5702727486166896,0.5467649248698385,0.5164964850596669,0.5763602933704266,0.46901084475698795,0.5270521689865956,0.5651786716574921,0.6501969594693662,0.45530301031353265,0.4553513927252268,0.5920913334753274,0.5253879266224979,0.5791283817272803,0.576585536308871,0.48815126793866676,0.504392993741558,0.5650911932597397,0.5300408883777361,0.48230435413795214,0.5488904202158339,0.5148306949264363,0.47233250909095303,0.48519166710386163
0.44424738950919085,0.5503686584155048,0.0,0.4695557741229027,0.46299229159196587,0.5323201811103764,0.4403336443210759,0.48918124190967466,0.4292230868542781,0.6035303790687837,0.5650356624372471,0.5354647081153632,0.5276140484702198,0.454936272678737,0.46522505635134737,0.6191335012448134,0.5368726418492328,0.46089727966122596,0.49759493944418237,0.4834675135621414,0.5331525552563657,0.6463892888540428,0.4392032899632892,0.46159676976810454,0.5487411064934706,0.4234294428302157,0.44754173029776567,0.4807084680266854,0.5206912447633374,0.45878445322901473,0.4623974382628282,0.5317763143080765,0.4731660855209983,0.42907312643787293,0.44894425162419005,0.5167232504550278,0.4863636916891389,0.5058487725341806,0.47759391748074925,0.44526852772388126,0.478573691585183,0.4551283210192963,0.48013318087681756,0.47625373556020884,0.5005633678118775,0.4353659243194936,0.4343535698496718,0.5186627841722725,0.48268656366112717,0.47978981456374065,0.4718645925074647,0.4478003074917831,0.4016717521574784,0.5711487133734952,0.5624387571067531,0.42881203701334974,0.4535008658816788,0.534067270605529,0.4762270357730895,0.4604982456830745,0.493509645102701,0.4078437197035082,0.4670571795168017,0.46259343880416504,0.4008063786477965,0.4117496785602965,0.4308241973304241,0.47622455756568854,0.5383596990350319,0.4909820014376133,0.4436032403277686,0.43161252017746937,0.42009092397967784,0.5305728645383239,0.5360907221501391,0.3885488143585905,0.48040033439405316,0.49614109085942454,0.4202837195819293,0.37700944222449195,0.4526339374610447,0.4252680606228646,0.5257412317574212,0.5016830331112501,0.4208189298438876,0.5007113292649067,0.4181134031198658,0.4394530040978009,0.4509993293363061,0.42057106624057317,0.45601760168261474,0.41760119544486163,0.5425795064341838,0.4026139283229317,0.43367525291356684,0.548768936056273,0.4369753135121458,0.4497377828246379,0.37767710452420883,0.4352414245896545,0.4452843906948703,0.4240392242031828,0.4040237797702966,0.520284453475575,0.4455055230159831,0.47275998963396515,0.4909965616397197,0.515002800308337,0.45105586094679223,0.48548409597695885,0.4727320369170172,0.41724300458599906,0.4395748285873715,0.46557610489807966,0.42464128253348354,0.44996647551409397,0.4192881234656539,0.5577863426422556,0.5602309951881228,0.4168102790671216,0.43506723341985015,0.41162159223719985,0.4033440104327134,0.4632054232999936,0.3842278861340044,0.5546135745978494,0.41107384144667025,0.47562020362382895,0.5713027671588031,0.4729262207531512,0.4740735722293348,0.525726674145986,0.4122545468550138,0.4103391089296069,0.5037130486764457,0.41203261202871083,0.47740645684420424,0.4347820511317919,0.5364435403027112,0.4676008077791235,0.4734564764717486,0.5090254002717743,0.44178352226077344,0.4906099874599056,0.49318709013951295,0.42197787383591945,0.49209118877147645,0.48310443337726333,0.5881475105606062,0.42344343437506743,0.41589821885410777,0.45203758675746475,0.513167909324399,0.5240386898675798,0.5146084776693601,0.45706038925389103,0.4516829749607705,0.5075348277811031,0.4128211631501227,0.42848701691571545,0.43866482568453496,0.4041941478536739,0.4030525288499754,0.42908464258808393
0.5093663496309647,0.5103471197022552,0.4695557741229027,0.0,0.48701874960205815,0.47517047758878317,0.569129121857656,0.5122224282212536,0.4882062927640428,0.45170706274587424,0.5242839118488009,0.5021540441075879,0.547976575607673,0.524042822462134,0.558183905481556,0.5236086149952733,0.5285908755199886,0.5242515691799333,0.4923826138404325,0.49716440025753406,0.5602387439921331,0.5234711655507698,0.5586932128410695,0.5381052937475521,0.5332035410589306,0.600032798286068,0.5381942881284139,0.5325364157525335,0.40663290206688985,0.453962133036541,0.5209202569181168,0.49083018773825626,0.6336595623167651,0.5476091907531888,0.5237516301651423,0.552630592842387,0.5640308764605511,0.5646429329408453,0.49952212101950044,0.5806552230145987,0.5639364842997963,0.47083695904576794,0.5030989190342602,0.5385556591082421,0.600780165022131,0.5282162444886994,0.4463563840545597,0.4767982692268551,0.5758122776456976,0.5226414219032016,0.589955344010525,0.5432620374267271,0.4264911511896265,0.6065236390786878,0.5341170008026992,0.4840007788536925,0.5349743864441607,0.5155181902651584,0.5163426331704325,0.5564528922297376,0.5092026814574327,0.4572169227923039,0.49152428867538067,0.4661054606419572,0.4528013159023829,0.4683438378802277,0.5948542866906606,0.5315300249867588,0.4895143131413256,0.5248101136531665,0.532801315907327,0.5186826453203667,0.4962418752673215,0.6468497198911127,0.49435643359301534,0.43705444360751633,0.5743149599516428,0.5719544518748012,0.5251020962097488,0.4219467645246876,0.4519189504003715,0.5500657563899101,0.5544546366727108,0.5251470339641122,0.5214861074167572,0.5989116578478386,0.45913094904079277,0.5306346543183263,0.5300233170596759,0.5509069748851575,0.5637451499738513,0.5146767495251466,0.5262477038520704,0.4658971922623158,0.5553612987774483,0.5255400620932367,0.4525360069379432,0.5069466102167268,0.4395229627043886,0.5869371889106257,0.5353707764402293,0.4371360347227654,0.5430455952699548,0.48040134107474014,0.5222631111701052,0.5560468981410706,0.5190769891021928,0.5235533726574811,0.5289699896470526,0.4774094437386434,0.5582098839978918,0.5335710518318807,0.5208359938794647,0.5326078102953943,0.5301395783622057,0.5591719103632362,0.4496514318568346,0.4504384014413308,0.5147532023162864,0.5217771677716032,0.5199748741785231,0.5241275638086583,0.4539490642958999,0.5690844636263452,0.43489407158700016,0.4971310225951097,0.4937983216309209,0.5257577383281323,0.5071069636743161,0.5585340781443868,0.4609442356423189,0.49683813183965825,0.515095127989931,0.5216219978224637,0.4924099916125215,0.42575398047235397,0.47135404370774797,0.5759611844927246,0.5771739705461977,0.543420547159759,0.5322176067364596,0.48122188154682116,0.5638460280996646,0.5224342510256335,0.5523464226007083,0.5339979104090775,0.5463202424030348,0.4959303695935105,0.46482115535489765,0.3887720670513347,0.5379879344158874,0.4595764822392139,0.5248597992131315,0.5106508402966037,0.5750946018380307,0.5529080026563081,0.511943523318556,0.6054291573214242,0.5670069871919143,0.5439003719293061,0.45616552834896984,0.46579221232774976,0.48171709974162186,0.5361683390012291
0.4880346978669674,0.4808120891847401,0.46299229159196587,0.48701874960205815,0.0,0.43347642491795796,0.5367471133843565,0.40376482267378483,0.49739132748298787,0.4281939356412283,0.5008542302106895,0.4864808991345855,0.4462071296294937,0.48430536787660633,0.4741524010335965,0.5067191842183345,0.5423709932041196,0.49930436126283356,0.479649419289625,0.48466902109618354,0.5550725605625181,0.5335804915419614,0.5452125069460463,0.4898987774161547,0.4889890305036664,0.46348413742684796,0.4646785582638062,0.47124150694428113,0.408267547650624,0.5401126151297195,0.45596597146430673,0.4650325485976278,0.45062627022745944,0.45718087044304456,0.5200155333193991,0.5128699213458461,0.45969045292064087,0.5340286668825256,0.458498554801399,0.4890054762649018,0.5025533204939816,0.5407750401830173,0.46505987830648393,0.5118018471813714,0.44648793828143896,0.4393653002648631,0.4857570480938429,0.4453154250296898,0.555845429196356,0.5321484688226229,0.5143376148230343,0.49862507549542007,0.4247045356292872,0.49260727891046374,0.46639744498470587,0.4686446451573495,0.5105056113318659,0.5110322153828262,0.4926950930374076,0.49042486392131535,0.39030046410074726,0.42681027815625866,0.44301378404173336,0.5193676571981116,0.4502476634729853,0.40450678856733835,0.4377533666231018,0.466781891520885,0.48384773559062544,0.43215594909493016,0.47101856405260434,0.4932651421393057,0.47052599859239985,0.5093351866143478,0.4607059863847116,0.39813682787808724,0.4586343596140697,0.5836667202297284,0.4205396846725221,0.4087565382547072,0.42844003830529503,0.49901463939550694,0.5338953487746477,0.4253295863223502,0.4996411402797956,0.5082273024214162,0.38573899429702063,0.47812515299706737,0.43282975323287837,0.4506197231352617,0.6131391140550126,0.4858859793260847,0.5555805466376362,0.42538871801444234,0.532840336987851,0.4620926048683443,0.3939044902609688,0.4680350585346507,0.48144614962061977,0.4412283709405615,0.4580479543683059,0.36967145697107606,0.4654373954873617,0.4457792293936751,0.4730795682140473,0.4763700452783753,0.4432848831012739,0.5114693865781241,0.4649410253148366,0.45574816155598274,0.5123099588404714,0.5407460105531576,0.434395704498472,0.4985799822710421,0.43982739835858065,0.5067445450607859,0.43304540119004603,0.4837557556833595,0.48566608745410206,0.4859211777707077,0.6131744780929177,0.4093736506815226,0.4517863133279742,0.4933376977526783,0.4536091963922828,0.42358631042079314,0.47136422382573806,0.43670112095227553,0.46214373711344764,0.4755888192821273,0.48357500760278954,0.49097039072652154,0.40941323006679775,0.5066618819483562,0.44349162535237563,0.4376420301412367,0.4616307365473522,0.5049955349241079,0.4788133870097579,0.4976199668884226,0.40915662245020856,0.511409110963637,0.5272712174936459,0.5354048220632729,0.5103396293240077,0.5088163476857873,0.562124066845084,0.43476358591260883,0.46673321491004227,0.4294493522565069,0.4473779216626994,0.45204910266597065,0.5871859977436814,0.4952018055455441,0.4983581528286974,0.43907547800769275,0.4311592611363576,0.491946430015095,0.4509789838782765,0.48442184990399767,0.4070742813109063,0.46278612753898196,0.46314648195597025,0.559419482041476
0.5342909987552246,0.5385654969925833,0.5323201811103764,0.47517047758878317,0.43347642491795796,0.0,0.4382322044822301,0.514918988334327,0.4955706742855045,0.507655736480645,0.5171323277118831,0.5314442478450766,0.5757114941908157,0.46851693787414356,0.45542438188433565,0.6088468621643878,0.5485361837736418,0.478457639511578,0.5809750070922169,0.5667555753923106,0.5852874373798801,0.5164842867743497,0.4258796703088881,0.4545220357041742,0.620522585471815,0.44594154978544537,0.3992176347501505,0.504598971958803,0.43443033852545254,0.4861482280031725,0.5374900521177799,0.6539892669427607,0.4700734960510796,0.49711009660626315,0.5002959382388087,0.5070379667479578,0.5629918861499588,0.5417873134720955,0.47521951410815383,0.42761548998431215,0.4730501668650387,0.49365055275191955,0.5251895721968469,0.5485350405111092,0.5199219400951016,0.4815461641890835,0.4724842576365892,0.550936282461296,0.4929696288211039,0.5072424561681426,0.5289458263949366,0.5397846995469009,0.4417357382992298,0.5571001826531689,0.52405428833235,0.528828475220554,0.5300972563701859,0.5482515836855798,0.4754853920698921,0.48861972221042554,0.5558081314919932,0.48344761561087674,0.5606813301852959,0.4517892362760111,0.46049657383479414,0.5045032473679856,0.46868697987278213,0.5454580361768345,0.47801377815241936,0.5257681369405219,0.5240322300577879,0.47302822795853894,0.49054754338693585,0.5465497087927044,0.5894676033363034,0.48392873838625483,0.48991352384420533,0.4825599879324956,0.485524630481787,0.48127233668484,0.5814855021326446,0.48898800762137135,0.5831590893615249,0.5999360808820109,0.49733257612080417,0.55448483312211,0.505087467592403,0.48835265319605997,0.544359505986165,0.4822835870689624,0.4725282090004923,0.48197857463507776,0.5222512627635341,0.499383698302414,0.47700300199500917,0.5792286627597414,0.5269256496842918,0.5330189984346935,0.42374052918827854,0.49439219830756453,0.49995450895797433,0.44269448071875656,0.45303939244963787,0.5043700608015941,0.5265720521056807,0.5303016719671243,0.5518061061705435,0.535155168084188,0.4556284958505174,0.5278730185407394,0.529264625390899,0.4586453598734656,0.5711958817795248,0.4966549334756265,0.4881588985163703,0.47977880775862247,0.518525312582926,0.49541968546234716,0.5833195690684038,0.46754269710759344,0.45347335920487125,0.4572922323400516,0.494786824224205,0.541445268722631,0.4586547624799606,0.5366884537197325,0.4646338862940162,0.4729194743947769,0.5608414437503955,0.47139578670177146,0.5332306409836162,0.6220954681022722,0.48630134275468445,0.47868122180114403,0.5283537284009672,0.4650474357697283,0.5622749294678517,0.43190977445784157,0.450351394324611,0.5080146504197695,0.5140739748899752,0.5753103824385762,0.4900091641550267,0.5093936056719415,0.5410354036705537,0.46940023510597734,0.5352540427983206,0.5110423582264625,0.5739167259413852,0.43622129927921505,0.5021288295853358,0.5147633386644617,0.47327256196636636,0.4415379309262369,0.567596357131098,0.523643893455726,0.4753303787435474,0.5817585049988256,0.43249298023700367,0.5154531533143193,0.46428315775246387,0.5045418213834247,0.45261960498872944,0.47276529644383064
0.48862716047559446,0.5415486933645562,0.4403336443210759,0.569129121857656,0.5367471133843565,0.4382322044822301,0.0,0.40595202233927447,0.44842406954017716,0.470042519750195,0.46705028297229734,0.49684144684942594,0.47389676062697655,0.5162115392235411,0.5420990064322204,0.4722972647040281,0.5151034956014682,0.4997526743873346,0.4878736311277889,0.4908495454296825,0.563925595690201,0.49370969787199126,0.6571731810112271,0.6206430979856253,0.5342653570889545,0.512615555290261,0.46297550733380516,0.4811003717938443,0.43221789562309254,0.44156266405025313,0.49045667870081466,0.47925701575114465,0.5271984313810345,0.5644550650822389,0.5440577646791369,0.526692935706107,0.4984863882255377,0.49501467380267766,0.47473583408299236,0.622358799776473,0.5675232776877851,0.48652878732240495,0.46483660411598626,0.5697483279698821,0.5057316421754415,0.5024143448810626,0.5088540814487391,0.46130894492347196,0.6958302399033494,0.5087769493240003,0.5550690946386823,0.5244594249769001,0.44319426238140125,0.5566659467256255,0.5017219182847359,0.513716227933997,0.5213508416999141,0.4444561813577048,0.5962172316184856,0.5360445326658354,0.4161386708276725,0.43176441579317465,0.4258549030616027,0.5052677399074033,0.476469389478688,0.4440329574168193,0.5292866405260194,0.5004049916118866,0.43739601018047836,0.4157590599283793,0.4893785693287054,0.5556263034805032,0.4681780494604851,0.5535382844352861,0.43160014664069885,0.4620228265828293,0.48885489898469947,0.6577009685138807,0.4556269958956098,0.4494563487822421,0.45774224197673025,0.5074150956649582,0.5565419415937997,0.43730500007060963,0.5134134722036434,0.5214633047742847,0.38597187874213,0.505835852779147,0.4857251226472153,0.5128457643083423,0.517598163714728,0.5585421800624096,0.5447053653568199,0.47760701779327064,0.5629423738551612,0.5078979048889157,0.40617408359424423,0.5324460500729113,0.47312379868976134,0.5452232743507002,0.5421068396726081,0.3756787484644578,0.5206335698119899,0.48792483557013255,0.4665652619989783,0.5086406154773679,0.4784087616627378,0.5265081928507938,0.5691425747663782,0.536889208462782,0.6066759802504302,0.5298845536879351,0.4756686226673493,0.467136147564774,0.47752388826785513,0.5124437332988427,0.47742160786638277,0.4771314112213869,0.5237517459723497,0.47635077947098386,0.5599056838883048,0.41025874798686984,0.4840795978525178,0.5826681333729984,0.46488308306621495,0.4751850249675673,0.4828877607441013,0.4573403538248779,0.5116851030074664,0.5366778115243135,0.4454887774840455,0.4469684437563018,0.42721148698666456,0.48924581876360945,0.4716696048069001,0.4650704524811632,0.49669654099525146,0.6159765099010436,0.5340621298859032,0.5122954655490087,0.4686430290719646,0.4913932714921585,0.6017494399288962,0.5000783636427086,0.5644186583056928,0.5566130146920422,0.513640222502285,0.49528207292613596,0.48210553963119585,0.3903520567257478,0.4749835874333882,0.4880001464572528,0.5015194484479164,0.5757916608987,0.5535888450284981,0.4831107130135829,0.4797872419612649,0.5603212886421078,0.5660090202656024,0.5267884455957671,0.47978005916975397,0.4927740753412863,0.5023346541996203,0.520930474227997
0.46713696827775275,0.44396754899915225,0.48918124190967466,0.5122224282212536,0.40376482267378483,0.514918988334327,0.40595202233927447,0.0,0.4784266963256098,0.42883127785703057,0.4975242784224438,0.4926043929313926,0.5452533617716324,0.4287844546324101,0.4857904697404016,0.5547253304007318,0.4641234553276791,0.4583576800684712,0.49189551890796634,0.4837898017693725,0.4987958053152516,0.4899989185583533,0.408764644678298,0.41943262747925714,0.49625430808646964,0.4789247120991702,0.4436233347231172,0.4644140537959083,0.3733966093623435,0.44822963282029105,0.5493996423458226,0.5215541243388641,0.5015479365367101,0.4604293580405282,0.437708100640927,0.5094686007843222,0.5499249467494911,0.5362782253388396,0.5210460076678494,0.4138881417603141,0.4537048204432158,0.40842001072719303,0.5710613250988783,0.4619466006853748,0.6068691745487125,0.4910866278646965,0.3979940186440677,0.4837871665540629,0.44595843570256793,0.5004867643958155,0.5248777843414025,0.45853045681072374,0.39152128593851326,0.5377743611035707,0.536601575639271,0.41671207159128953,0.487442997070578,0.5656891026894206,0.4246972672990738,0.48967526056935795,0.6620677882833632,0.4716940980208571,0.557329292076544,0.40855376148622535,0.42152863339359004,0.47841266423987255,0.48170538185490264,0.5097162224299874,0.494815616758342,0.69631849223007,0.5167019727460798,0.4342283050777039,0.4349781483887944,0.5578906169282963,0.5378074121450416,0.40769078873886067,0.5725715549798304,0.43865364482506974,0.5372200952990508,0.3757504528117218,0.43086029060224595,0.49647368971894146,0.49404618393974503,0.5731420225394255,0.45196578562530754,0.534241630599284,0.5771073789033402,0.5052073512555719,0.5214330560737487,0.4728473524145986,0.4681577146985704,0.43548068128957557,0.48196140048013975,0.43026098350677705,0.43670493930828486,0.5030923552570667,0.5655485428487617,0.43652672816179394,0.3786396850743267,0.4786915039048646,0.46542640455650414,0.6110265628558912,0.45834140046062366,0.4518317512723462,0.5275407144508898,0.5257582212894647,0.5569433295112426,0.43920398207620853,0.4355407510767726,0.41607166490522496,0.46054657574143015,0.4471964280898642,0.4775625248697633,0.4988161495624817,0.48248114872309944,0.44364557523429443,0.40777007025743994,0.456897382111807,0.44051394145190265,0.43388464056187576,0.42580687326269256,0.6180548266608943,0.3912054003201475,0.48082970932569175,0.3814044788698958,0.504846830204452,0.4357096881172879,0.5816692009396387,0.46364123710377486,0.4852831218838531,0.441379729985337,0.5443856744738718,0.5266635349731527,0.4425877386627536,0.5081765061467989,0.3967617572174779,0.453454431235217,0.43001597213671416,0.4778943102116825,0.5419502008071443,0.5001801288320665,0.4588555454909313,0.4474705862641758,0.4888633997997943,0.4801735467687528,0.44363895381792623,0.5216426952997846,0.4664302476206486,0.45820153778717937,0.37384016326528213,0.52665344726937,0.417832222534287,0.47269849225443417,0.4267402760110417,0.5069127715006427,0.5617787150728004,0.44802645400032914,0.5093600490280629,0.4073081957366669,0.46516516015537673,0.4002193211067781,0.40431806747062954,0.4163912690448428,0.43387501017029645
0.6376602899171755,0.4661957157584937,0.4292230868542781,0.4882062927640428,0.49739132748298787,0.4955706742855045,0.44842406954017716,0.4784266963256098,0.0,0.40575553795628055,0.49037200971500156,0.4560410378721516,0.5022394230974183,0.519152249694174,0.45970438491207516,0.5197511625216055,0.5433816443465784,0.568432982403276,0.5229962646523,0.6079881886946213,0.5462696485876913,0.4973356664527369,0.4729047645838167,0.43428370322349347,0.5179740958000657,0.4596457552745648,0.45330008792493026,0.5297795753657691,0.3636707208419022,0.5765614926985442,0.5241158056177195,0.5189377474787087,0.444558065568284,0.4778029980279562,0.586024317794338,0.5014977561988709,0.5133627173686214,0.6546680318801144,0.44874420020408745,0.44105750904419755,0.46534974048624295,0.5639362465676186,0.5117307375371531,0.4973049387708806,0.4855598247200426,0.4804242764970511,0.45968066424330617,0.44221828373041494,0.5147107739269484,0.5849945716490902,0.5459800629494804,0.5403853829078936,0.46580320651063867,0.4746174678595815,0.4479180169392364,0.5289547539644235,0.6128148258542677,0.5395044530510952,0.48617286024632456,0.5249885643349951,0.4569783271304224,0.5053529379500507,0.5385494035120302,0.49894795894518085,0.5204510280309423,0.48980517369206894,0.4788559031770763,0.5120764654071264,0.5238459746227598,0.5391786483496802,0.561294857829325,0.5408643413183075,0.5980708822744635,0.5321390039034976,0.5675165762022147,0.4624161317807907,0.4704943381164746,0.46577597333773846,0.49407997443548873,0.4406615626205625,0.4759312440989207,0.6257521586022972,0.5403077645017672,0.5213476784492305,0.5957784606176437,0.5996980236847591,0.48776613615124975,0.5693724677512577,0.5214515992721693,0.510193307432612,0.6126198606482611,0.5204247124068945,0.5110357445198119,0.5036976145046109,0.5931181440429961,0.4614324141700477,0.48667945815328284,0.4977116946540993,0.522489914316767,0.488881002214324,0.4943602589471067,0.4108689431885443,0.5018412682827962,0.4297490149182329,0.6372305999223151,0.5181645170601162,0.48596428462166413,0.5206903332803177,0.44425367306329544,0.4377839910997939,0.487689338923323,0.5935512004296907,0.5363360704659784,0.6096449416209453,0.5099170137094323,0.5332432630333552,0.49366916830177787,0.45108193846220607,0.4590854818475941,0.5828478766963698,0.5604124396546779,0.49267167596464706,0.5103801140106691,0.5083119970409753,0.5450660425847849,0.41310295600083635,0.5335559618253571,0.43969681332618776,0.4453110638222084,0.48842256204597806,0.5936744548999997,0.5821568638005835,0.5264873990066519,0.6438931891235669,0.4725983509071512,0.4675260239683548,0.48985054450720933,0.46676390946158164,0.4485139461724049,0.5464160945605895,0.448520802936662,0.5452353832874312,0.5697228524323615,0.5840013135287898,0.5112959793762317,0.5357906535756098,0.5985113359997288,0.4400211766046585,0.46730986812274117,0.4359959699255903,0.56907567038644,0.48389649495497583,0.5695670142114888,0.41750236984870615,0.5019053954106067,0.518265938441868,0.4575464252498896,0.4943729680889579,0.4542494627829898,0.550650900350243,0.41563456792409254,0.5613735431712614,0.5031012880108803,0.6094487075731644
0.42812145321137346,0.6278959087537688,0.6035303790687837,0.45170706274587424,0.4281939356412283,0.507655736480645,0.470042519750195,0.42883127785703057,0.40575553795628055,0.0,0.4843985529075187,0.5373023032729408,0.47867865193259773,0.45574612979111645,0.4516100437601882,0.5208691477329165,0.5147776918902353,0.4442315662796971,0.5172028293832327,0.4782701384577991,0.5181855131005978,0.5393127060935957,0.46486212519026093,0.47249246050863375,0.5851400517200366,0.39377500408204485,0.4202780196738617,0.47306257854838557,0.6128919514710306,0.42838416339314744,0.45780734412569996,0.5255662957291275,0.4596910635941509,0.45268254156682536,0.45604732929527925,0.503852373779292,0.45194573597059884,0.46723694052784454,0.4555693360081979,0.45213433418901955,0.48906649190720153,0.4509391412113531,0.4407166593543155,0.47790932569320393,0.47275336302240467,0.43254340724219664,0.4495746347191229,0.4779272459947376,0.5090762609598396,0.45362741559424696,0.45257338578974143,0.43744809303166043,0.4189078186848058,0.5512855963125887,0.5398515196206877,0.45192161466486946,0.44411045775215385,0.4596436112595777,0.5201908839812588,0.45761995866707494,0.4464143143678231,0.39551462062869436,0.41809211112417477,0.47947876086311275,0.4064948177541526,0.40760648317917353,0.4229572358054979,0.4422004678771852,0.4659551749466674,0.42466719952911264,0.41531007172595025,0.4482132513046761,0.4085094359190457,0.4894414080522771,0.48388920743351854,0.41749387652801195,0.434771080449555,0.4965552091430403,0.4053165143349472,0.3932003497130081,0.47301849365755716,0.40886171786410813,0.5131338677652544,0.46334578557631373,0.42170764798120103,0.47640238484438696,0.3806202868925241,0.42941027810064886,0.459246329031066,0.4171062215858017,0.4194473903943084,0.44243657967050587,0.5350393391726175,0.4162918446685839,0.43521388330228,0.5552206632323377,0.41633510178087435,0.48976709338148894,0.38742454351700567,0.444350087015168,0.46182416269802873,0.3821941417215252,0.4060316736827915,0.5941362362043963,0.42475259676479943,0.4479694507701866,0.4786126745872888,0.5430393901591141,0.46926580934169176,0.5274406011138308,0.4879728936802144,0.4091221550993257,0.4302560881712305,0.44478214815723705,0.4140928863066473,0.43125211993815904,0.46094469681593125,0.5649037450938098,0.5858584248912304,0.41005875618975013,0.4189159045460133,0.3763106228370329,0.4193517403954141,0.4682414752608291,0.3976481950506517,0.5673445591746853,0.4074875465141665,0.42855796609715924,0.6477053962525707,0.4606694952272221,0.47271694951231147,0.46485165436460646,0.3872834334151482,0.4004236787668003,0.48495565999693074,0.4245315313375023,0.4939234560886892,0.4357133598554569,0.5181390881146567,0.45797421346758377,0.4761929754318456,0.5087573472606587,0.45747185296786075,0.47536815838071794,0.49614575804864613,0.4200543114647461,0.4512524897850605,0.5087310337666825,0.6780823551572811,0.43098771393321544,0.4008216573782344,0.5061424958392066,0.47319216851539014,0.5416389859127951,0.5309312185659962,0.43387667790311,0.4374715176237521,0.4966223692198317,0.4270692114529634,0.42490402552604334,0.48576839999166893,0.4271059413287889,0.42446343599728154,0.4087199160457943
0.5044034103359467,0.514689206535696,0.5650356624372471,0.5242839118488009,0.5008542302106895,0.5171323277118831,0.46705028297229734,0.4975242784224438,0.49037200971500156,0.4843985529075187,0.0,0.5356689219866535,0.5694755948467057,0.49151576493476123,0.4727025579909947,0.6469497678858279,0.5504038786948674,0.4872766340993134,0.5036707039361807,0.527916630022205,0.5350728570268365,0.6688164380800875,0.47849597316984077,0.49120629057444903,0.5665764539549251,0.4688324909009406,0.5086274186474106,0.552653981827894,0.4582026343721452,0.49915283066511035,0.48729528488124124,0.5199785402174504,0.47283485346275184,0.4681976749477302,0.5122129554844057,0.5077752785125571,0.5738438051098234,0.5567646772687784,0.5013422226138762,0.46786988544645164,0.45758911940577685,0.4977634085219197,0.47816554361900243,0.5115469184342744,0.5206758193084434,0.42847158754588865,0.40177741093942787,0.5686691087108064,0.5350654481676159,0.4835578707495424,0.49012884585523103,0.45804977374542094,0.38601065018192054,0.5584714612159785,0.5632571206501775,0.44496247866096406,0.4861570483677917,0.5723569012668117,0.467529610644405,0.46826106345189694,0.5176018542779538,0.40175205517832696,0.4675564544369744,0.4697186029183214,0.4038589407248856,0.41254801812243536,0.48574502989130647,0.49214007835498513,0.5374247037720113,0.5546271471088454,0.4713553523670693,0.45567742587046034,0.4828379290041663,0.558433041410834,0.5368230302713923,0.39386516287890067,0.5373317768652331,0.5145483118777666,0.42710700432502474,0.3993867990780119,0.4270909055701412,0.46132382642231806,0.5313389141998764,0.5152753390931334,0.4516418746718097,0.529919953221244,0.4797155138210098,0.4589875592358823,0.4516914103006641,0.468451075254614,0.5117519772809019,0.42952361976693093,0.5283505100597461,0.42134970223370094,0.4709416155345748,0.5378363436370649,0.424857500246866,0.4479866941745252,0.40488925959414956,0.44721143385363576,0.49405265576423435,0.4310599430464531,0.42486392150160285,0.45616328187489175,0.4681104224535129,0.4676307734488958,0.45750604245524185,0.5384234284660868,0.4276488888129104,0.4976626062634221,0.519136245340306,0.4602681046312073,0.4878746505653422,0.5277012423717524,0.4366077517828183,0.49289546291568,0.41431078361599816,0.5419238972655164,0.5327825389002688,0.4640351635540351,0.48481158668948204,0.4349826925309649,0.4434099876334104,0.48155564340598633,0.42938871187293637,0.5010908539626283,0.42059170251031414,0.4919964882494001,0.5085281063028189,0.4696658287561023,0.48396876484684165,0.525475492778393,0.5009346432151226,0.48262934939578667,0.5428294662364035,0.40898176753979154,0.4772459293729078,0.46340255463900365,0.5549790860445846,0.4823605576312078,0.4658406744495286,0.5285285486030351,0.464250611452674,0.5056065925983051,0.5373262477301253,0.45690157768704054,0.5239986968249565,0.43273441444148736,0.5131081172854671,0.4213136981193062,0.4854320255970937,0.4311788190553227,0.5860368178300089,0.4584248162509163,0.5095375199280954,0.5088603243886227,0.5506291655730522,0.5206999583624207,0.46929926327912197,0.4812271775890067,0.39682157932597756,0.43984623552438507,0.4096283286038244,0.532214237524236
0.4487783248932966,0.5375343911355825,0.5354647081153632,0.5021540441075879,0.4864808991345855,0.5314442478450766,0.49684144684942594,0.4926043929313926,0.4560410378721516,0.5373023032729408,0.5356689219866535,0.0,0.4715138988240731,0.43381972417620085,0.48750247418914744,0.567271281520863,0.4982067351539948,0.4319954989178249,0.6029071493487627,0.4945239222184159,0.5957172594798892,0.5318941975142782,0.48296023465490845,0.4891912989072089,0.6286010436345465,0.45276321434915784,0.4268078943671166,0.4597422427972422,0.47379199265569505,0.48115399670655534,0.576251412518716,0.5530877649670619,0.48097583411048817,0.5427508869052803,0.4827903193835338,0.5926607895877822,0.5202463500046167,0.5168817862397428,0.6316724289316346,0.4363465972500697,0.5029541551568709,0.47192232279209295,0.5117624804993446,0.5709814535498163,0.532036916181308,0.44631597501000553,0.44044764898273286,0.5545007600651319,0.5354646128546898,0.4917771654050244,0.5152925204731733,0.4632437367043443,0.3913459315902946,0.6228485876051321,0.6565220233404502,0.4677597087923841,0.4821469400522069,0.5822938869244232,0.4682626170775765,0.47768293963507413,0.4773802278236828,0.4280898485999592,0.45017632308216143,0.48570643111716066,0.42069084980346655,0.42128933549676617,0.4589581297171844,0.46938918144855973,0.44700484083801584,0.48099850439609265,0.4634644163867808,0.4568796977507587,0.4340756097769013,0.521819464238185,0.4796414373189372,0.41148069744130183,0.5152583971371858,0.5567781888371617,0.44906363561169277,0.40957710904915723,0.45244138217495167,0.47681694936848207,0.5439155210630889,0.46742425496025575,0.47425608909903744,0.5126843479193068,0.45468459991881877,0.468452560746023,0.46991070348420766,0.4818663744511863,0.47417728141703297,0.5089688396384011,0.5633433064579758,0.42506044449452834,0.45740861727686916,0.6432580806722281,0.4634433566173506,0.5323118538961634,0.4242708604379986,0.45256899955014784,0.5103083829356106,0.4580976273832549,0.4813158239554144,0.5999205332972071,0.468916242061981,0.47976489196914035,0.5159417692045776,0.5179738520122235,0.45006380829110004,0.5246971156898946,0.6132973407262903,0.47994691717030413,0.45404117057043597,0.5018973673091549,0.426576064728186,0.43489161051234027,0.4412494242882268,0.602712822283928,0.5452264712860495,0.43954795981203737,0.46587526834322296,0.4481942998866113,0.43709982011384135,0.5135944882978077,0.4197930275956737,0.5855496269835448,0.4347456512952642,0.5294290535215903,0.5985900868378187,0.4608366659992674,0.4678821307451676,0.5148815586008254,0.433820602085485,0.466361785426694,0.5673468885406006,0.417908764270469,0.5024530688445862,0.4556566063708029,0.502264793547718,0.5665690843729402,0.4596764957592217,0.5462829313417564,0.48580493800343605,0.5536070318976204,0.5935708772089054,0.4819998132670069,0.562121213072716,0.47683979384163205,0.5986735741267476,0.4390715849976119,0.4885597454051116,0.4682383891421752,0.5142755844915262,0.493980338689181,0.6458628638813816,0.4980581376981743,0.43826566473749096,0.5536254176054146,0.42674419927428,0.4667455284396286,0.4131897715217825,0.44524079932522775,0.46638253300131194,0.45950192647737226
