0,1,2,3,4,5,6,7,8,9,10,11,12,13,14,15,16,17,18,19,20,21,22,23,24,25,26,27,28,29,30,31,32,33,34,35,36,37,38,39,40,41,42,43,44,45,46,47,48,49,50,51,52,53,54,55,56,57,58,59,60,61,62,63,64,65,66,67,68,69,70,71,72,73,74,75,76,77,78,79,80,81,82,83,84,85,86,87,88,89,90,91,92,93,94,95,96,97,98,99,100,101,102,103,104,105,106,107,108,109,110,111,112,113,114,115,116,117,118,119,120,121,122,123,124,125,126,127,128,129,130,131,132,133,134,135,136,137,138,139,140,141,142,143,144,145,146,147,148,149,150,151,152,153,154,155,156,157,158,159,160,161,162,163
0.0,0.8636543797107811,0.8099647023170679,0.7791373985055641,0.7486098947981898,0.8874696357322431,0.796475221715027,0.8745794853265854,0.836206370251984,0.8230897890647041,0.7829099632339757,0.7700200747898177,0.9526840018964225,0.7894059600156685,0.8733916346226638,0.8837047362871469,0.913367269182702,0.9396211348853546,0.8438630455435049,0.9484530685905004,0.860779088061202,0.8145481983564311,0.7871257450537811,0.8411674197835964,0.8865227169479055,0.7468349226533182,0.7463457489856602,0.8994420820739064,0.7291278895475691,0.8254628998222718,0.8936592123783136,0.9092036905383823,0.8286571355826684,0.8059797720871318,0.9011087019405271,0.741098673640865,0.8905949833396264,0.8424186588351914,0.7284971917098161,0.8379319123947524,0.8064405405461342,0.791767486530935,0.8914753260736722,0.8604484977039816,0.8904491048685712,0.9475364602457187,0.8790078631630069,0.8016335338339873,0.8630229733705558,0.8821359785031113,0.901441645335233,0.9030175196426368,0.8123327964308961,0.8034454123524272,0.7614828657509962,0.8242167307813598,0.9317882670376717,0.8101649922300993,0.8575075422588018,0.8829697173904668,0.8630221496537382,0.7537442681646174,0.8662877905700012,0.6899039653216789,0.8527950145116701,0.896295896876309,0.806238784465975,0.8783219956308077,0.8442860616128696,0.8858777655223168,0.9302262007137272,0.8364033199002362,0.7754219538893519,0.9027916751968167,0.9023688870980693,0.9044070949614174,0.7847937312016166,0.7516008629135252,0.8667186631986923,0.8002964639160655,0.8398188075381351,0.8632980127750569,0.8603087280255521,0.8384064566762951,0.8375136658676596,0.8883772972134226,0.8109915409680081,0.8659675359123065,0.9413756892182602,0.7522954927732158,0.865143500354022,0.8283832996309548,0.8467986989592893,0.902938452515801,0.8296117368458042,0.7919903928641684,0.7683593081062473,0.8252195386247874,0.6350316231333746,0.9267421833318977,0.7540224452256372,0.795075518661854,0.7475058568961029,0.7894068747755175,0.8617883498472332,0.93000958517376,0.8756505755872168,0.8469083740322191,0.8984125767147403,0.8585956411022804,0.7909239402787948,0.7445258242251416,0.8877103227644472,0.7502982550929472,0.874206529658933,0.9107688142665716,0.9198931720282676,0.803448756651411,0.7883107613717916,0.70738655393742,0.8278646398197187,0.7585332947171091,0.8311308189522918,0.9387821422925189,0.8006881748802049,0.8375758079483238,0.7588114012603511,0.7939829154190347,0.7932886843801669,0.8435459521538704,0.8304994524072243,0.8492134189014542,0.78590116333695,0.7130765877770116,0.7970959382436162,0.8276719088393002,0.9084151229634477,0.8354123689655792,0.7860709135208811,0.8833632419034678,0.818264566536418,0.7623429639638659,0.8879551942570001,0.6815129842751421,0.7851452276554363,0.7938886398358451,0.8053403228331119,0.8515188994811576,0.8489163711806104,0.6062976524677071,0.8961407268326705,0.814222660248133,0.8057315166590693,0.7994070881215688,0.8524464534817235,0.9027197087746107,0.8666248135570233,0.8896266650197554,0.7838075583084968,0.8239431911470314,0.8123855499031787,0.9040803917819874,0.8961524880760786,0.8468113095592016
0.8636543797107811,0.0,0.8997336567879105,0.8257417464816266,0.7772347465828078,0.9144931369366982,0.8162012785388338,0.901522860235717,0.8388091748905953,0.9095163821194975,0.8181370679398867,0.850201747823524,0.9123547757797428,0.8208923836969676,0.9023314464158302,0.8758178882323211,0.8743825013103468,0.826947428369372,0.8112435408888232,0.8713496862404737,0.8496808275682064,0.9165265154833258,0.7610176115437812,0.8749082536493498,0.8631424205510738,0.7146302159988817,0.7983257818647779,0.8341811615715167,0.867658971115469,0.7956167937950667,0.9150212036459681,0.8494477543417726,0.9162443396353821,0.7619451606001408,0.8778711046198446,0.8121161582853259,0.8472159829114535,0.8432351208046929,0.8358001797507162,0.8538658940754372,0.8829485464414075,0.8036762141110027,0.7600357688767958,0.8596498862890147,0.8957488661384397,0.8563269794947925,0.8268798624225254,0.8030066501472257,0.8117576718064148,0.828842857422528,0.8256946000497798,0.8309560276046569,0.781270512690903,0.8844933469347555,0.8118222580843294,0.854322302194068,0.8280520635586879,0.8385267123243558,0.8082987025992999,0.8780195693068892,0.8822338883758338,0.7221053559214133,0.7619718639892077,0.7239376845235105,0.7458774877136355,0.7628282175001952,0.8222474617647917,0.8122043057714354,0.7730018225133612,0.8355567712114488,0.8535354231333765,0.7950951378772871,0.7015479436310075,0.8697724531942742,0.8943213029433499,0.782833920093884,0.7712999672554863,0.8202275017817847,0.7705840791849773,0.7262987209758226,0.7890856648378162,0.8283901201149362,0.9050018288688406,0.8181644017704736,0.7328622276677698,0.9173766817834489,0.7449082874142686,0.7495330387881932,0.8573917207015088,0.8371402465598844,0.8022474685115203,0.8620350287463805,0.8592380900379424,0.8006469820351182,0.8074680380151227,0.8978942675083357,0.775971857476151,0.8302379863032774,0.6430302980357173,0.882810471089041,0.7998051811945093,0.7430580745310249,0.6501236640227263,0.8347189620531156,0.7839855009852781,0.8569585096790963,0.8222698613232969,0.8439782562467988,0.8814311634208534,0.8995824113128648,0.7833117532059404,0.6910623835539897,0.8113484785814978,0.7916887557498188,0.7934966246626526,0.9081304082319538,0.8110743038366846,0.7832388359915025,0.793109938457521,0.7408849395191615,0.8277946634336603,0.7358401035469566,0.7581754087444074,0.9065505142522301,0.7619456194858505,0.9171791073083384,0.7427515832029109,0.8759535429681636,0.8534624049756058,0.8333879614720358,0.8667215688275918,0.8385990658630778,0.7523069543784593,0.7750134316444521,0.8452534102679009,0.7725716552713198,0.8655444560609715,0.8507050354348573,0.8156196414514683,0.8629815645898045,0.8125617309226103,0.800426551501348,0.9024139838781079,0.7473557436091646,0.8324768592243768,0.7111060372847969,0.8902065747521011,0.8682337268528035,0.8712772120811006,0.6687010887571716,0.7943159196177004,0.7953225562625155,0.8368285036971226,0.8844156812857047,0.8772061004126763,0.8800316939985007,0.8546118348148656,0.9122390814061979,0.8092378995815492,0.7228736775279088,0.779849431064538,0.8127053549978006,0.933699450599669,0.8120978666827451
0.8099647023170679,0.8997336567879105,0.0,0.8091375583225434,0.8391859654503335,0.8641727414735102,0.7841933389179998,0.878502025071546,0.7530796715802084,0.909360275784789,0.8412705314756774,0.8321059027647595,0.8747019559420156,0.7392923942505735,0.879256556653602,0.880949221495582,0.8599321987613896,0.808375948906809,0.7804144570808047,0.8258101582799954,0.9029479131848069,0.9571079428377759,0.7300346694170002,0.8651675043993695,0.8619330090161857,0.7528648828247797,0.7417343413073455,0.7759468105831372,0.8286352776290442,0.7372503758901745,0.8296207563635303,0.8129081449384189,0.8525482372214395,0.717291915209871,0.7967872734637331,0.7942954665702904,0.8333563884045323,0.8057364971043788,0.8097088886381839,0.8227017910516767,0.8470565670977861,0.8082786799889825,0.8172151147642347,0.8677570019963015,0.8669308892611081,0.8120391194736721,0.8100893859618596,0.865818362188081,0.7867634506670121,0.8196424165291766,0.8206595089782417,0.8199922943564818,0.7107035518173762,0.8874453337156273,0.8042541254794018,0.7696744475903716,0.78384241384127,0.8583669818970575,0.8145422080414835,0.7844907219126611,0.8522894506797386,0.6674515842549069,0.7852147911871349,0.715455865495903,0.7340925194144754,0.7487147248685329,0.7913715828251948,0.842051649444856,0.8394240821368042,0.8535611408800997,0.8516321046018394,0.7178494507884547,0.7039386064588105,0.8833679942782524,0.8480445777272455,0.6936360610726185,0.7822473675554494,0.8030897269083398,0.7494028615239519,0.6480336326512437,0.7771791799549996,0.814512012688067,0.8414972375008765,0.7743298106665952,0.7180918058267212,0.8583943474398067,0.7545548862115949,0.7301165562885443,0.7649820496916507,0.7470306883847903,0.8214501850008831,0.7689946133716115,0.8174669105684437,0.7186370362093831,0.7772249873617951,0.8749651365058958,0.74657781002269,0.8059229323667431,0.586728250864567,0.8041943543378692,0.6982813964837501,0.8035449156185911,0.6948739674869455,0.879837212573985,0.7418007122203464,0.8424039793922657,0.8274923378779752,0.8341762173554669,0.838053608003946,0.894563745902536,0.7905121557688295,0.7011892613825895,0.786822645884448,0.7298045433160355,0.7353395372045861,0.8248236362744942,0.7382347176043292,0.8137668264063975,0.865441808811995,0.6568078110019753,0.7917588276842616,0.7260226259337996,0.726345665199175,0.8368292522646129,0.6674702591253806,0.8780028797682127,0.7015866267216516,0.8265575447106283,0.8448633079565676,0.8185295938193615,0.7769011601631258,0.8771688111546452,0.6659634672132932,0.6836059990700263,0.8868604049330714,0.7464345983331458,0.8022319152483084,0.8061124624454483,0.8420761505651531,0.8210180154698726,0.7810039622366063,0.7516907269962861,0.8115723920878661,0.7727826572277271,0.8341280384156128,0.7326251289301795,0.8675479000207154,0.8128133951017387,0.8908182264002379,0.622807196170089,0.7533764657834404,0.7199910147393149,0.8282737681189725,0.8998192991782812,0.9032402062633984,0.8641598013053159,0.7910086728379299,0.885271327884113,0.7272156610852616,0.6697205682953821,0.7684642184307324,0.7009719522470503,0.8791106252029856,0.7845572651549758
0.7791373985055641,0.8257417464816266,0.8091375583225434,0.0,0.7920748422582549,0.7410647336638687,0.8601131357748634,0.8053800831146489,0.6799211712282566,0.7620896050773638,0.8913222330840161,0.7761144976194365,0.8479952910266593,0.793236022559442,0.8660020227756775,0.8130840182310848,0.8431094297065568,0.7856097255167724,0.7607038588420474,0.7771262544810984,0.8360901618636177,0.8656713410272437,0.8018145640360269,0.8869052758315895,0.7660885293247806,0.8172223488751902,0.8404566058050615,0.8495098544078996,0.7741566353794163,0.6684498314774239,0.7691506515861944,0.760150491784534,0.8984971725271926,0.7773156489960646,0.820980386041666,0.8028295200472215,0.8127836122973672,0.7797061683831367,0.8497510802250842,0.9241968144247622,0.8377197360664405,0.714535737255712,0.7355535212916468,0.8446667569133935,0.8621963610910148,0.7919429198577829,0.6734743987593842,0.8050667859824334,0.8431877027537826,0.8006565831382638,0.8604784235357354,0.7818186204549112,0.6969309924146657,0.9249047125286037,0.8550901558555429,0.667792900517342,0.8060453339192406,0.781301246320155,0.8268870075705275,0.8375626049213658,0.8741702730158069,0.6473686906921065,0.7247732794295221,0.7061710119095854,0.705021985783453,0.7270476071251618,0.911908583956446,0.7301798096785449,0.7608188466764764,0.7913578570455871,0.7877640756919764,0.752779240732931,0.7633560818353669,0.9218995634160134,0.7850683349406495,0.6753316758687233,0.8988729028577326,0.8048372690570343,0.7262502233954378,0.6449989381314675,0.6522819059786642,0.8124755373892334,0.7304396445059341,0.7293422119840899,0.7619114597133155,0.7880604186687993,0.7316878627581475,0.7494240465729933,0.7443914362378007,0.7277272286232799,0.8539516625398725,0.7502940188487883,0.8214287075120451,0.7517830377383892,0.8749830391324489,0.7396523585339682,0.7062845631915486,0.7108943387713571,0.6113222384056118,0.8553170611418235,0.7737256231600684,0.7964982975511044,0.7400344789328612,0.7021910554381574,0.7404005924040991,0.774668959244391,0.7995482600849455,0.7529478483436832,0.8215369719380592,0.8143882793999303,0.8578016295136692,0.7727230830339503,0.8001214699558845,0.7835980589461119,0.7525612843560493,0.8365433006020329,0.6889012055516907,0.7554984850023196,0.8127713590047251,0.6870331755185463,0.8467873317223568,0.7429857739669232,0.7143238465498128,0.8263640785731476,0.6713598060093035,0.8113886152588504,0.7337215210642368,0.8186363945506899,0.791003671202177,0.7935346844041905,0.6515787466682628,0.7497485817053633,0.7744061346890826,0.7651784382804747,0.8488709042417535,0.6749253103024838,0.6965577622226746,0.8738029019828837,0.8560429339802977,0.7882283098781394,0.7554107109552771,0.7104798085398353,0.8622341707551978,0.7620209205115899,0.8157687355921457,0.7083069681807027,0.7502878856248725,0.7331734614945181,0.7164916817688072,0.5975964081712116,0.8326718423533953,0.6703567340970353,0.8993495738522433,0.7961297018617071,0.7957417117501198,0.8316833136879292,0.8727641071918452,0.8097246666052428,0.8846626897703416,0.7694560820859648,0.6837029860425115,0.6864588516042665,0.7352586849484586,0.8660023276949552
0.7486098947981898,0.7772347465828078,0.8391859654503335,0.7920748422582549,0.0,0.7391336253828383,0.8730944738841837,0.7492136302230072,0.7056047851350169,0.779544664669312,0.8389190620762389,0.8245401891342862,0.7922311446297647,0.6925874811792629,0.7982801946146656,0.8388142894166702,0.8013069254425195,0.7258045736256351,0.7042159688372194,0.7197949741375873,0.8223085073395717,0.8443020666429633,0.8075918556165448,0.8528536863055249,0.7921232551665118,0.8074048908629639,0.78333794522191,0.7412147141046084,0.7397839848473071,0.7805882499113016,0.7509042829221624,0.7517730836219473,0.7583110414488349,0.7493540617542919,0.7412287043671192,0.7292914717233091,0.8247244986957937,0.7149781259816863,0.7798328111976036,0.8217776201340002,0.7321584590722935,0.8249275136059603,0.7358164536001796,0.8267153153944,0.7937476419752051,0.7303906819072622,0.7584796048322023,0.8101997332257271,0.8245012250410917,0.7313287972453267,0.7850177004161489,0.7401097188907636,0.6074881648807253,0.783863477775457,0.7649146279285076,0.7365439143636147,0.7214600929970191,0.8413418154026941,0.7293783716456509,0.7333179667988069,0.7107755627452399,0.6158612753037968,0.6662745411055774,0.6755226568936092,0.6328443359498366,0.6388255537089993,0.7825427607507097,0.7819032668951192,0.734686237605447,0.7492174119068906,0.759236682717766,0.6645824456778807,0.6796332406991824,0.8303677174721779,0.6992932908367586,0.6310185660123664,0.8318523294031165,0.9124619362971179,0.6546295085671116,0.6504929796949036,0.631805255387905,0.747393623800477,0.7983421063577402,0.6441316315481694,0.696554967794412,0.751145497898584,0.6980879721966999,0.6955711792718576,0.6923370238642343,0.7447388910131324,0.8891981763997898,0.746757409550107,0.7669219186494087,0.649872877138815,0.734289663321096,0.7896234166599984,0.59899174430492,0.7352508763213417,0.6002560683937342,0.7494469958371373,0.6705595366628951,0.74293719358056,0.7094903540556797,0.7286331578007635,0.6517389872009409,0.7789339640310656,0.713763057254099,0.7834415670745509,0.7622622762706953,0.8431917083864543,0.8268716346374748,0.7323288201420846,0.7147942250883135,0.7286648845844595,0.6564104543781697,0.8050872123870274,0.6475264768748346,0.7865670113579537,0.7711289388406422,0.6599569434131967,0.8335641470617007,0.6657691532523247,0.6932016530945931,0.8067399194567846,0.6091034299025482,0.7703945265687772,0.680589941613118,0.8319809266299619,0.7346761856756336,0.7159119993360241,0.7084100565306441,0.7484340475374289,0.6521676533378432,0.671966465965721,0.7506380579430992,0.6244587765442249,0.7326162932458449,0.7906208754819954,0.7775382122027815,0.7644623801347665,0.6388906667823018,0.7183032652959869,0.7763330877169505,0.6917995585114038,0.8150911740097109,0.7750999424930032,0.8121363308269312,0.7023683046404894,0.7513093074538592,0.5963485086347784,0.7195293258935734,0.6104351421283033,0.7961731957699181,0.8642196893272206,0.8187562747170563,0.7771702462768441,0.7771200778804641,0.8662483226756054,0.7042736656842286,0.7132412355830547,0.633147561279377,0.645228317864872,0.755280105741469,0.8401209712009077
0.8874696357322431,0.9144931369366982,0.8641727414735102,0.7410647336638687,0.7391336253828383,0.0,0.729227402581869,0.8947359420426266,0.857054514741711,0.8404131852737845,0.7789135407292583,0.8259165724058384,0.8864825031021525,0.7635745759202051,0.8200277105181869,0.8794102094716103,0.8597448395935833,0.7945066118277399,0.8430357558022579,0.8838554839128842,0.8644641877375723,0.8467783116244452,0.6771889982293648,0.782987683507645,0.8507883644266597,0.6782395736998315,0.6797530541751522,0.7942173733017456,0.7830659364213136,0.8092704998417463,0.9225206172307031,0.9025439828306296,0.8241478488330661,0.7448392182263845,0.849994476162964,0.7880479426115006,0.8357112435432091,0.8344749668815742,0.805802862025164,0.7397191802208498,0.8089454858702503,0.8051761707346752,0.8052113402633839,0.8770714572500076,0.8428874144001974,0.8373447701796737,0.8395291589072619,0.8213745666060441,0.7533798354736546,0.8477912137502568,0.8422899253069973,0.8611538543211822,0.7938235605856379,0.8459711877367622,0.7851417400283743,0.8567554325982916,0.8513256450053517,0.8717637926391784,0.7624268377333364,0.8418339792038205,0.8897848753669448,0.781132583784969,0.8370517649226084,0.6974757671788925,0.7899932140752217,0.8153273450137183,0.7549555441859004,0.8238016459784355,0.7541417417299557,0.84519691418137,0.8942403324563334,0.7649452370747954,0.7357443868237475,0.8375779768349929,0.9262721108190539,0.8136267296842687,0.7509252679131779,0.7479348965960163,0.7797849757424478,0.792198319382889,0.8615876058316624,0.8541561387469919,0.8717000627539327,0.8299450438254713,0.7801509909791786,0.8735753488584258,0.8276520639079978,0.7684338362159149,0.8597877647655396,0.7811804128788972,0.7925062984429597,0.862425101225277,0.8400421904412986,0.8340661914963164,0.783173506724206,0.8612731445930424,0.8496801214868911,0.8338030437754024,0.6617516545643511,0.8425617947648308,0.7608914073615547,0.787200181574424,0.6658607566929177,0.798909575094154,0.8369433241524088,0.8527551331566693,0.8561705892338226,0.7929625992771598,0.8134787382004768,0.8598574369824061,0.778547865753929,0.6985792443202742,0.8640299821554507,0.7687902952185774,0.793594411522303,0.8430937719974456,0.8495376116266458,0.7701747756846887,0.7966717065437809,0.7229150404639207,0.7897305369400078,0.7668507319265198,0.7903235441526513,0.8897228770187577,0.817744099850166,0.8709145350234037,0.7689568537747176,0.8300812241947189,0.825496435083776,0.771330460571771,0.8684882528960474,0.935288180051519,0.7494755969511123,0.7824946061052899,0.8351279121579757,0.8054105695899096,0.8604839017673345,0.7496650695694537,0.7095203449423394,0.8576099086101777,0.7845021867006914,0.8364664088579126,0.8633418268031818,0.7676177037949109,0.8065177651724847,0.7090045772979588,0.8866662174768325,0.839624378527368,0.8594263669741514,0.6814263349207086,0.8262805197839006,0.8098784961037011,0.7887296634482408,0.7785537207384335,0.8532300542621138,0.8588972643798001,0.788624006346777,0.8764141915666371,0.7124135119500602,0.7468351948642561,0.7529755609506823,0.862676664792288,0.9361987709021422,0.7834714152079344
0.796475221715027,0.8162012785388338,0.7841933389179998,0.8601131357748634,0.8730944738841837,0.729227402581869,0.0,0.7581729202757087,0.7248937680162939,0.8343925228425084,0.8447106569453914,0.8063385974664224,0.8425961924894583,0.757097844449748,0.8581082801679101,0.8111706904576108,0.7984336442496425,0.7846783334065077,0.7272527651842177,0.741480890062776,0.7762383416251487,0.8381964158502194,0.8928566774634824,0.8731068096576459,0.8341183520756283,0.7691027283205781,0.8723510142134084,0.8121955499891136,0.7673648490550977,0.7796891199344747,0.7952587904538674,0.7964781668587487,0.8020970576649845,0.7894800085716561,0.7908412319457787,0.7187431542736576,0.8699269504955299,0.6993945826433366,0.7772998996906455,0.8918459279581514,0.7194554331260253,0.8023458614288,0.7285079670176355,0.8077817474916267,0.8292778376663706,0.771719450982487,0.7373989387453334,0.7794216050297512,0.9293306364239592,0.7323272600880611,0.8239726530166228,0.708513161772435,0.6446373790306602,0.8010716122873325,0.8070617317003063,0.7469336348458883,0.748409289127546,0.7695627997215336,0.8245368269112225,0.7832071156043563,0.7566053277928595,0.620696027024494,0.6459406413010512,0.6677802287431647,0.6651061434208854,0.6693479999868488,0.877743153994048,0.7997129277856446,0.7503062128177005,0.7729230139544615,0.760153054705762,0.7223640812324764,0.7029422275287937,0.8740017132176845,0.7041162384960002,0.7080802379016423,0.8915043020516226,0.8993176015697713,0.6523366313764555,0.6636023471513585,0.6227660672653265,0.7649180510235799,0.8092438575951665,0.6454939494874831,0.6950093366241625,0.7382560525768971,0.7085927205378006,0.7799132503301304,0.7622584863424126,0.7624380942053612,0.8604704378140802,0.7994115187490538,0.8012881815685845,0.70576804846561,0.7866063024533564,0.7968125618572166,0.6010903192222978,0.7199012709624979,0.600760436018399,0.8297053937620045,0.7409486483567056,0.7632593718452129,0.7336168949334082,0.7233608236142111,0.668275949472756,0.7615502289876778,0.7209037846980987,0.7796003954311198,0.8076278390475975,0.8524049881437302,0.856402986971018,0.7055587156131018,0.7609648121492018,0.7610777820399163,0.6797808158099803,0.8158341587074881,0.6885071371159867,0.8369789891265563,0.7413558056134183,0.673482918540674,0.7954150029947314,0.6620271740175652,0.6824987611747801,0.8566824704248512,0.6431484122293151,0.7998663263527509,0.6923039132407827,0.8261548102540865,0.7230068082774795,0.7525733636860936,0.710953375131542,0.682406650062486,0.7172036315654476,0.6638468101907712,0.7469346349710502,0.6404656790827306,0.7367240420760364,0.8362515361419678,0.8057163738288785,0.7941216779042928,0.6984844255525843,0.7152450674190544,0.8552012131164624,0.6743213840370923,0.8001186185459287,0.7862366549291515,0.7508433146954904,0.7398363610054364,0.74460859993596,0.5558968364503322,0.7687290154633261,0.6582297549597803,0.8081394424830235,0.8739000228723365,0.7939819573473901,0.8302843189841658,0.8720245597179868,0.8614865045128164,0.8215498950254952,0.7971661585800841,0.66981164215605,0.693172825480621,0.7624158262225744,0.8383449026515953
0.8745794853265854,0.901522860235717,0.878502025071546,0.8053800831146489,0.7492136302230072,0.8947359420426266,0.7581729202757087,0.0,0.8734824800724081,0.855416873494872,0.8106678879823043,0.8601647466546859,0.9085050400592056,0.7519119993346861,0.8792968512434017,0.8946780897466566,0.8524558229824216,0.82828152338885,0.8196429508425256,0.8849990015792686,0.8475437666126998,0.8705112938664624,0.7576046646065411,0.8339046476219982,0.8805059966668239,0.7467033874551787,0.7957477927347391,0.8348784819282092,0.7652604543257915,0.8243055553076114,0.9496018398164888,0.844815271497364,0.866727353709348,0.7835256516513376,0.8437248233839291,0.7921880911499394,0.8776290154283954,0.8666305247603959,0.8297956551822958,0.7977659543124931,0.8303868195424665,0.7904984258497894,0.8277037116398497,0.8270561434076387,0.9315904335840466,0.8695695013662594,0.8062467926884254,0.8034323263383287,0.7909916825631811,0.8266668321498833,0.8223594791531922,0.8251557127990772,0.724748750110912,0.8349126345955128,0.7883218930897581,0.8231850304269086,0.8309664855605002,0.9034046108247576,0.756607375037785,0.8462903412231739,0.892084609841925,0.7150110846349123,0.7967683972384146,0.6945642698211303,0.7305688392285539,0.7777851040465456,0.8046925559192136,0.8210871380362769,0.8051479099884414,0.9462600788054888,0.8711587764279137,0.756773877165034,0.7017310534340779,0.8648702524593446,0.8971477130367216,0.7612516572734545,0.7822883148555344,0.7707277602644629,0.8343232563345966,0.6792423199406644,0.7570474637337523,0.8516903925066922,0.8763683552146017,0.835126462045736,0.7539847844795324,0.936675629937606,0.8582137470070927,0.7662377682945322,0.8715686611937794,0.8338851332240728,0.8233984580596181,0.8301166664215416,0.811835458562471,0.7723626014786938,0.7510763155375092,0.8789817806720263,0.7820737438054665,0.8411612009274502,0.6131995365500974,0.8617289286321991,0.7484676925810634,0.8457687254344706,0.7031011508870848,0.8532978731062292,0.8071918968374044,0.8928022312133411,0.8385375105585997,0.8533067740482903,0.8367616545398892,0.8507204947418259,0.7672152367710323,0.7182089331973485,0.7996804457522753,0.8292604619886649,0.79518751591355,0.8857076063683105,0.7918600854369293,0.7842463164980386,0.7586438911513894,0.7250766214639334,0.7857007517843092,0.8516085538786617,0.7474861435822191,0.8738501358049217,0.6998282819059297,0.8845534267750842,0.7192173037152161,0.894349331276572,0.820738218429981,0.8117555322503978,0.8666757274937125,0.8607486961890476,0.7777040974052187,0.7486164178734176,0.850109462423325,0.7219888523321122,0.8718617087814532,0.8114682527335999,0.8221887318666675,0.9162078549575424,0.7883542201650633,0.758768184439291,0.8427529925394531,0.7310713111399839,0.8163736523869599,0.7504012082369055,0.8995671334193049,0.8230983794189393,0.8748638228121834,0.6458493462423025,0.8622300132040263,0.7387322039443271,0.8219575855460552,0.8409828693595623,0.9123799397902501,0.928470956211455,0.823374360687117,0.9105455215230525,0.7361063115111233,0.7092878676771172,0.73378211989539,0.7763371581081864,0.9352484693918125,0.8050898515105396
0.836206370251984,0.8388091748905953,0.7530796715802084,0.6799211712282566,0.7056047851350169,0.857054514741711,0.7248937680162939,0.8734824800724081,0.0,0.7678927921705216,0.6825534643855027,0.7884592700303489,0.80399158054205,0.6881792970182429,0.7821742495300901,0.7590888549010879,0.7282129343665915,0.7428002390641115,0.7267912962232056,0.7877126542289086,0.7307378562960026,0.784967588413347,0.689121912381042,0.7422572502429705,0.8002858826034852,0.6366766474710025,0.7158807259669742,0.7216572243988297,0.650510188050525,0.8607627938247635,0.8940834834767749,0.7675890022810152,0.74338770003116,0.7042170295254087,0.7635536908766665,0.6663619365719107,0.802005182571744,0.7225635180517921,0.704396076078747,0.692527239304046,0.686563858040666,0.8606278258083256,0.6927070731302472,0.7088081100377541,0.7956644931393647,0.7661513221985012,0.7948662327274115,0.670298687409433,0.7054972408955562,0.7124362548696916,0.7184183881368816,0.7371465472965921,0.6768153166801152,0.6977079125926966,0.6436474745263424,0.934490644479877,0.7325062401513025,0.7979951260526461,0.6642482944768378,0.745230301386343,0.7513242717617262,0.6781516622139256,0.6851667538332593,0.6098944588966773,0.681681531931297,0.6899499063582698,0.734287918792373,0.8017879988017921,0.6756962314510947,0.8244548819433349,0.8152552885851028,0.667372316361913,0.654443862733079,0.7406678590584055,0.7787064948234266,0.7298977827092322,0.6780355097460736,0.7097998704228216,0.6954426917095808,0.6640141762440366,0.6995762565163454,0.8404886463449465,0.8935963069864604,0.7021579254967568,0.6669896202300717,0.847670367814711,0.783144239452599,0.6974642784193238,0.8020780307110462,0.8992839544012501,0.7421841296488504,0.8561547473091963,0.6887273573680448,0.7075880827331144,0.6868638451233539,0.8316061612448552,0.6997115766884082,0.7975897810877342,0.6113214206967518,0.7803672997704877,0.6652932411419964,0.6960948198021238,0.6156388316790808,0.7348670505684658,0.7126817176199609,0.7888258579418602,0.6961988002875709,0.776053542270068,0.7288940746119824,0.7959010248128394,0.6862438725984604,0.6293855592214861,0.7499434736939339,0.7425681639587182,0.685258069637024,0.8323048761306883,0.7361739233683876,0.6787294698625286,0.6349323874653856,0.7214768185854766,0.6965806897291485,0.7251692002585225,0.6996034252239512,0.8096322969728003,0.7100613576572535,0.7391291700263205,0.6912501932997335,0.8114960229965724,0.6730554057904121,0.6908763530425981,0.9425997710362626,0.7697235388657149,0.6974922355182732,0.7430989072106163,0.7109237664925178,0.6616797192426868,0.8179548118957972,0.69618624344534,0.6675735838302357,0.7951568742092294,0.6765650442554353,0.7053083511641843,0.8212949094789308,0.6501776787066162,0.6968170266400232,0.7258076192040318,0.9127026315348524,0.7423577798801229,0.7673221725230872,0.5962729502129416,0.7606312361597161,0.6756263607900708,0.7095236421033677,0.7885195800093049,0.7873263543449018,0.8515258983299215,0.7513627990928137,0.8570178646227178,0.6514001796641526,0.6533410651228011,0.653982568902029,0.7628003584420532,0.8997884271673042,0.7621953338549216
0.8230897890647041,0.9095163821194975,0.909360275784789,0.7620896050773638,0.779544664669312,0.8404131852737845,0.8343925228425084,0.855416873494872,0.7678927921705216,0.0,0.8150846977927921,0.8347266086850811,0.882233059154318,0.7539184904234297,0.877984670976985,0.8692691712018359,0.825323546733409,0.8265255743436785,0.7787744891572207,0.8158953820624153,0.8029125152766957,0.8858232407669456,0.7896870792105041,0.8279383070809532,0.9238218160310931,0.6931043331470628,0.7945507363322004,0.7997210762415115,0.8832126063696026,0.8015484441180545,0.8778883109244588,0.8518927383650168,0.8255425377837087,0.7353823966492726,0.8094777211891895,0.7508532906861354,0.8644945475529242,0.7816957115259792,0.7763734747506136,0.8097858212344845,0.7848084933072246,0.7841814141198746,0.80249970956486,0.8260013528035041,0.8563283220593326,0.8127731703478853,0.8151461062375749,0.8268283060805404,0.8493882042364345,0.7666483067458859,0.7877129611569855,0.7392145295976655,0.7034113258552562,0.8099581153849599,0.8157766597040752,0.7927999613451481,0.7586258444687116,0.8148049283181286,0.8276607172320494,0.7825337177367783,0.8100421703998044,0.6577479940321213,0.7191412513714635,0.6971041750870896,0.7031784256340893,0.7204800681506373,0.7714475150784599,0.8410764276921173,0.8362931777251952,0.8589526256963999,0.7909151197115745,0.750675862355414,0.6546637007785531,0.8365809053177359,0.8124325351056058,0.7672522224313348,0.7654666718154751,0.8231732509511269,0.7253780793624242,0.6751066035852142,0.7529195127093071,0.7388955625343253,0.8779221584509175,0.7585824820749009,0.6736807847590973,0.8204087526725617,0.7419641196855897,0.7694558813606862,0.8277082612954091,0.7458956434263448,0.7762249836782387,0.7919596912232149,0.8381525277740277,0.7239867077998777,0.7231278263105763,0.9222511941268654,0.6801152175506737,0.7925839264817157,0.5835842012393774,0.8087117739906214,0.7440452744607539,0.7804760794686798,0.6778545211016123,0.9219009687746351,0.7164758683937775,0.8101957001045034,0.7766820817804438,0.8489473868153711,0.8427346420873756,0.8759337805915786,0.7641876587855683,0.6453155106812153,0.7548209279350798,0.7607106760132272,0.7251636388733969,0.8014206432874347,0.7770897254844465,0.8888367846050961,0.7842865581211155,0.6648798455265209,0.735988301529241,0.6989356513365231,0.6929236796606767,0.8577115363854866,0.6731678974639151,0.921850475947951,0.6583852504298833,0.8159191322147408,0.8186730753401348,0.8164902602433556,0.8220971182457183,0.7656745986705863,0.6927997698146107,0.6279489400662656,0.804532780439344,0.7333589760191087,0.8493935865541805,0.804090579807987,0.8326383757423753,0.8558977687140648,0.8098506860092416,0.7595532610580423,0.7994640191075155,0.695593461708225,0.82087921775078,0.7363163277585694,0.7948611859486406,0.8510497204380495,0.925543959196196,0.6068053010564785,0.7418602826175063,0.7768529602735873,0.7687584436540664,0.8957733232782129,0.8847071708919888,0.8602027562140088,0.8150732219606998,0.8834607079555485,0.7588160484974765,0.7062989196882253,0.7903657462763012,0.7505674045827426,0.8958176839670176,0.7382530094271194
0.7829099632339757,0.8181370679398867,0.8412705314756774,0.8913222330840161,0.8389190620762389,0.7789135407292583,0.8447106569453914,0.8106678879823043,0.6825534643855027,0.8150846977927921,0.0,0.8691993372056966,0.8547793768995875,0.7389103073934457,0.8129148657642815,0.905825864442514,0.8613174274025018,0.7508663654904849,0.8037564347517839,0.8040843974883687,0.8594603328821233,0.8658463423415648,0.8303395350863985,0.8907340825764735,0.8603530940997747,0.8100941963068355,0.8260118030477609,0.8672111490179838,0.8359855818532483,0.7393950138319951,0.8045168906389498,0.8071001775439294,0.803513290294462,0.8255204070386037,0.8210569313065105,0.7847992244032965,0.8862255076759049,0.7961791858102876,0.9074191262087205,0.8533729467688366,0.7720462367827865,0.7578449668438983,0.7667252337472068,0.9042825260363332,0.8571304793668035,0.7500023442062548,0.6678544569084035,0.9336347192722876,0.8881368139567966,0.7576903160135392,0.8186836463324118,0.7436180791142823,0.6331564318831698,0.8838752736840833,0.9045466636977414,0.6825707494247728,0.7897904863679367,0.8692481731670817,0.7752486828155158,0.7815876791429602,0.856287622197286,0.6135242428245611,0.7030134770704799,0.7130631295377504,0.6507753130328495,0.6902241560712715,0.8570216918654727,0.7317596519337267,0.7600452131363605,0.8328945617655241,0.7512071849559858,0.7250015265677497,0.742885981843487,0.8833924152083272,0.7808709303472683,0.6748763746837254,0.9169256465863629,0.8590504047993446,0.7089225134356945,0.7013134465175558,0.6558459254461061,0.7386559689883061,0.7556335178667241,0.7322709495206391,0.7546681709825355,0.7765969466901015,0.81777732341256,0.7181517503829937,0.7355733168606302,0.7277691231756243,0.8372560012964428,0.7223087585511837,0.8319262691349273,0.7256466557244899,0.7731774583749415,0.8035364749719839,0.6625459218179981,0.7371111958054581,0.6007174782690452,0.7855430096015407,0.7904051993578116,0.8472816921819315,0.7199937257241775,0.7523181204587259,0.7027780379995949,0.7667031346784704,0.777534850768713,0.8202027202256016,0.7628704661107029,0.8866377049606309,0.9125050077880444,0.7633943217690904,0.7857380416934115,0.8541111160725596,0.7064280458510043,0.8038961432000832,0.6948920998987758,0.8707286022569541,0.8440774951080142,0.668079046727822,0.8368506677310815,0.7091400833083552,0.7537798435471892,0.8302069273462932,0.6881065242639982,0.8658425913093089,0.6676501647505514,0.8390971682703454,0.8269706194188611,0.7403331740637527,0.6809720999392365,0.774081588144162,0.8055531516500469,0.7391281887229427,0.9050218022302858,0.653691419704236,0.7515013869692881,0.8177248553495606,0.8619115509527131,0.8272876412262244,0.7164989912188345,0.7655417598656049,0.7847159042121792,0.7386264466715889,0.919951270447162,0.7240319293667787,0.7539689540607367,0.7171969963294035,0.7970824085322893,0.6389728505279674,0.8594593903098565,0.6657355544423269,0.890783459841231,0.7757904659542616,0.8642855521218302,0.851859532839916,0.8975431249501591,0.848684684575367,0.8124543040246807,0.7818292190595592,0.6475869164292407,0.7147903566216964,0.7470439227928417,0.8983537452510133
0.7700200747898177,0.850201747823524,0.8321059027647595,0.7761144976194365,0.8245401891342862,0.8259165724058384,0.8063385974664224,0.8601647466546859,0.7884592700303489,0.8347266086850811,0.8691993372056966,0.0,0.7963427867872576,0.6638124625945301,0.7743964589452964,0.8829712217459409,0.8203485481690629,0.6977698702522258,0.8440841831520587,0.8095890784388174,0.8503294273691152,0.8326052762398856,0.8271865530278787,0.8533006066263739,0.9012163336582237,0.715252548397025,0.7865066544216471,0.8188442642832444,0.7731012921923027,0.8574772762643814,0.8821925743006303,0.8073864787924809,0.7449976714720796,0.8581762929604082,0.7865499280162798,0.7622072809625754,0.8373364391983937,0.7520001790860773,0.8973494471617613,0.7541603343679993,0.7325529156417155,0.8583382732966017,0.7291476822487943,0.8244708048613602,0.852199620152682,0.7343915113192703,0.7160249380212551,0.8179982591659849,0.8273195936549775,0.7244892635222189,0.7541370047799258,0.7284220413518357,0.6092137098372381,0.808568133040628,0.804264844071401,0.7858032915559496,0.7560727688207091,0.9476490836918867,0.689765365953709,0.7590377622561093,0.7764212754398484,0.6084795593055082,0.6596710701979531,0.688183152842428,0.6193178857108785,0.6466713348719423,0.7575378374081776,0.7009560828095796,0.6867662464121451,0.811773180365785,0.7185309605235302,0.6600621651708478,0.6731735847981251,0.8015514017650062,0.770612126517487,0.6598621932173048,0.8040318165408412,0.829969316307929,0.6888467837738942,0.6546003312989525,0.6368279916681127,0.7582174914624492,0.812778592492046,0.6826494248180368,0.724656281189123,0.8146601915297152,0.8006987002645176,0.6687915624872747,0.7474620686600212,0.8158997473362645,0.7900845140413548,0.807586513544051,0.7728155397905495,0.6869815961414525,0.6753762195433809,0.8506550822639309,0.654963630152572,0.837166959965944,0.603235335222452,0.7570675829504434,0.708410479351268,0.7993584256089091,0.6829578205174154,0.8161330463913076,0.6776607436762492,0.7771068814813294,0.7468266991475973,0.8749327542103186,0.7214690378179022,0.9043879146750743,0.8783116617833137,0.7192094483487732,0.7137289352405499,0.8428044338856605,0.6565096884164958,0.8122572842632236,0.7085606314549273,0.8432383719479678,0.7646479876624623,0.6725932017672875,0.7586604706068756,0.6818827334515782,0.7483505406717675,0.8094068957167802,0.6443365130927952,0.8334760179585421,0.6615119922303271,0.8756757448767765,0.8071726867719293,0.6614650172169332,0.8064946286220732,0.7770790957936508,0.7065654804228112,0.7424855454889839,0.8492147803947596,0.6007470629765443,0.8049713003124841,0.7348455695451286,0.7873226424236093,0.8601919256707499,0.6373939215692477,0.7599114995133477,0.7946226451245393,0.7166714448549452,0.8482133039471107,0.7542719511137598,0.8557469656113047,0.7002925965864715,0.8566149710629267,0.6756131879303978,0.820949714582384,0.6439185034063551,0.8589489030671109,0.8069748731493449,0.929460035604721,0.8233271804028776,0.8093732845197158,0.8844845919471334,0.6733689143218526,0.6959062914160462,0.5998615329291932,0.710054565090241,0.8283418824137008,0.8334329217732246
