0,1,2,3,4,5,6,7,8,9,10,11,12,13,14,15,16,17,18,19,20,21,22,23,24,25,26,27,28,29,30,31,32,33,34,35,36,37,38,39,40,41,42,43,44,45,46,47,48,49,50,51,52,53,54,55,56,57,58,59,60,61,62,63,64,65,66,67,68,69,70,71,72,73,74,75,76,77,78,79,80,81,82,83,84,85,86,87,88,89,90,91,92,93,94,95,96,97,98,99,100,101,102,103,104,105,106,107,108,109,110,111,112,113,114,115,116,117,118,119,120,121,122,123,124,125,126,127,128,129,130,131,132,133,134,135,136,137,138,139,140,141,142,143,144,145,146,147,148,149,150,151,152,153,154,155,156,157,158,159,160,161,162,163
0.0,0.35722025496064364,0.30602419376649376,0.29058998427494914,0.24334413256244003,0.3423972337276268,0.24684816076820681,0.29145212790297537,0.3273868756306622,0.3578394774576444,0.34714199650768446,0.2660657160604826,0.4688288358419565,0.3263085687645096,0.2861861560046142,0.35394837499568,0.3536046373549061,0.4332541101813483,0.3037653926825284,0.4941856734401396,0.3058284624685785,0.3576642123804396,0.2884595784555316,0.27193075541333434,0.4214201643993175,0.2369479965861533,0.2402756716237254,0.3124365558062937,0.32694977900089534,0.22974477038306446,0.29412086406823074,0.37346496410663693,0.2645983853144457,0.2794112205501403,0.42883982123665637,0.2858075962205536,0.36467708548858113,0.3549543111755168,0.23434209609460435,0.31945416441570196,0.23731797101828803,0.3429731881793689,0.29329296563192553,0.30003335551987753,0.3049908287785821,0.30603168902616995,0.2245860732695612,0.27668139041872064,0.34873579085660417,0.34163863664978644,0.3052087883152467,0.2990991465371893,0.2923757729442725,0.2929441688860121,0.30136081852226904,0.3412490445184087,0.3928713965191324,0.28558175691987414,0.2917983692129827,0.33437010382701693,0.32159456199047226,0.2578846085818346,0.313915342349973,0.27240251763958934,0.2934432268075037,0.31255421955960333,0.30272090872371843,0.3026006606873698,0.2585755669411884,0.3763884229140525,0.3409840729870695,0.3084316313559282,0.35610225376096405,0.3442759157499652,0.34039340968516274,0.3016035996290977,0.25158466920049777,0.2508394796534285,0.26046803589516576,0.222009746111142,0.2844197338679393,0.32144898694749857,0.2967939163713777,0.35329084898104274,0.3234612420343244,0.35290658868005814,0.3184784963669557,0.2919823909645812,0.3179308877358174,0.2831194730620279,0.3145819364400634,0.2597315128846117,0.3350984928609702,0.33833822920468387,0.34113301010541175,0.29847582536919304,0.22537760454631192,0.27097747799659583,0.26748675444957254,0.3088267622882176,0.30136129963076685,0.25956636043723275,0.22385251395726974,0.2435187061264469,0.344645847979379,0.29185252870476364,0.279018138078093,0.3939067683233095,0.2683467401638795,0.28298130419782624,0.2867366121440343,0.31670369204476156,0.3430598076304407,0.28646054242249974,0.33699316394364215,0.34888219200692516,0.33000637554043966,0.34442319661307635,0.30904615377009526,0.301076344762465,0.2927503302222614,0.23304303107346055,0.352151898690749,0.30037324433298496,0.30369345101190787,0.27469043658715186,0.2653771516952925,0.24085821127320223,0.31854760552178196,0.3032377934183211,0.27902741165691314,0.30211919374334684,0.29767574413777814,0.343776616951429,0.30484186058667995,0.29118302178519184,0.31442586232117375,0.303257784825733,0.33032389955553476,0.28810531571401937,0.26762062585233365,0.3874765187331844,0.3322248569779706,0.29039391169963064,0.31784412125443223,0.28653885531259127,0.2736616170716847,0.2438905052928811,0.3784368409024775,0.2319827573710671,0.3315168996530315,0.29404946895497164,0.31135579150735754,0.2171113965139642,0.2920427699252173,0.33948601738843776,0.30174026040773216,0.27967749386697754,0.3131295120010247,0.33028262977275846,0.2564904968108506,0.3669941461292224,0.21489593966551554,0.44414963802092067
0.35722025496064364,0.0,0.29531125896450217,0.3527596909338418,0.22201354246150068,0.3632582467072335,0.28201939690621297,0.3975014783059585,0.3008458246083177,0.4891482626173665,0.2794656114641024,0.32192291237513565,0.3326529307539604,0.3256442341793308,0.32941922682270186,0.2925656501608824,0.3080133332630989,0.33483627913658004,0.3639206970017331,0.3783865625546247,0.35099907622940335,0.3577190826374249,0.30943195978730764,0.3147944921570654,0.4386404742584555,0.2564442900640669,0.2243954251454193,0.29769718710562765,0.40408672414713337,0.2086238594857774,0.3396120434898269,0.3365966575394799,0.3463704706803332,0.2870559726527767,0.37248375355105035,0.3243284704160659,0.3070452877046589,0.3337999373654676,0.2688373431089509,0.3654100228071362,0.3207030301995229,0.32441641611686267,0.27090713651962717,0.2974564095910807,0.36616046864529916,0.30467934246208916,0.24635241920706888,0.25444624027585017,0.3701362956486736,0.31162077204977345,0.301883483539527,0.3342837186541728,0.3498239210131538,0.36746874357938,0.3207378380970061,0.38471437220409915,0.3860749533952451,0.2675665192554192,0.3448681500575064,0.36515349190831875,0.35141668819890054,0.252986609704711,0.2988706722585772,0.2549086295182067,0.3093125564764362,0.3182811675020777,0.2996726368661937,0.27942071569456656,0.23323643976210398,0.3598509265718937,0.32458671582839105,0.3583724026599263,0.26381657544195003,0.3695827456123066,0.3311748314995068,0.2873062357445597,0.2610430344221086,0.2940724055048355,0.2978329698625203,0.221956194298538,0.3082940679517232,0.34253075265023575,0.39131329820355987,0.3417564948647074,0.35382335556637406,0.4732247335119202,0.3052755561781086,0.26973300098243164,0.3170371722997492,0.33435955763508024,0.255306796291671,0.28831685973564886,0.30567671894103676,0.3477810353579598,0.3674187578846139,0.3616700999877378,0.2653107576949236,0.32642733667585255,0.273878457983059,0.3369031611833438,0.31575751179327516,0.2502152964910355,0.22651301494875548,0.30782821084821926,0.310116292139428,0.30217863972724435,0.2842326899568323,0.4554443674627001,0.30397974566894925,0.3143188607404514,0.29633631760508256,0.3175540897036942,0.3149644660565328,0.2670598050485568,0.40331342169742773,0.39234608435428764,0.3919044173732829,0.2840052414409894,0.32517205394016224,0.28219273714191495,0.3142056601267816,0.2687450548991317,0.34925347985755667,0.3388814859126282,0.3158982635088483,0.3470339545984509,0.2879177466754846,0.2796492155008013,0.4308252174407594,0.3270630002218167,0.29637896678990083,0.2944699959013372,0.28372473835188977,0.3836265396969067,0.3276320419559752,0.30381177066113246,0.3150355203957261,0.34926091946313426,0.3738511372958937,0.2979553049270945,0.31835248573566227,0.35087057173106695,0.3923730159600664,0.28080324189243916,0.34850134359630697,0.29958572371876757,0.3326784956512034,0.29380784499180046,0.48889724823927,0.2424412983352233,0.3258310857173375,0.36700602883885164,0.2721919965612775,0.2690919528957011,0.3480720973438637,0.34976433165634147,0.29004164277890865,0.35307519710062546,0.3228929363932535,0.298660823544601,0.328160813512248,0.4041261633029172,0.2583210254161552,0.3369925780650898
0.30602419376649376,0.29531125896450217,0.0,0.2627851367485409,0.2966796502333452,0.3118203529885883,0.23413269100663212,0.276001592362805,0.2826884848665653,0.31742061300306385,0.3149347027756221,0.2641953447584997,0.324454094793686,0.28467667506071465,0.2586498319465803,0.4536326533624518,0.3850891789396944,0.3246401748988289,0.23562504802221254,0.26418318027302873,0.3464099475463211,0.4520920460860936,0.23958175866226397,0.2627034132513258,0.2644347346253072,0.3083990471849854,0.2216337789246432,0.25819380514658297,0.2833932870033909,0.2502800689670077,0.22857263415841406,0.30135033545942985,0.24915410314888192,0.22412765811794566,0.2636336215485439,0.26740039882979766,0.2671657828354747,0.320920940483749,0.22915445958723749,0.29680222942965045,0.2486336533283374,0.33655943814511236,0.27103937646775716,0.2622630612912939,0.2771884119799429,0.25527153773991984,0.2747131458514342,0.26604445892542194,0.27160183470983185,0.29147916323119155,0.28533281892700973,0.35640684511628,0.23417219296551017,0.302094836620034,0.27232877894307417,0.2579499788068166,0.2841240223970018,0.33720843258619654,0.2418643893146753,0.2634494664786902,0.23860891983180135,0.24469045035996703,0.35778518189972547,0.25366626106247125,0.23616817853396965,0.24119681578815488,0.2290090892281697,0.3099954915039896,0.263834007214866,0.30884164871084663,0.3201643313959323,0.24261636406303289,0.2656793234602721,0.3628344298839976,0.3145618157773659,0.19308070563215154,0.283181831849267,0.296540443309908,0.227170780382919,0.19837933831861265,0.26191374750066726,0.2797141570310417,0.328707132388418,0.2761928080010116,0.2642002058414615,0.3407053477580138,0.21983258739888767,0.21945046568445076,0.24257305024771963,0.22508592982433193,0.3343150809910757,0.21439179238748063,0.29484041877208644,0.21448571882245743,0.2982606807268173,0.2571030586412761,0.21670751200719188,0.2548218611637024,0.23626307718457543,0.2546979484682351,0.2050844606151961,0.2234214014352097,0.19560082390331335,0.2299381959966044,0.27774321173609706,0.34040827162641923,0.2542702591616247,0.31268005499116935,0.25378470666516156,0.2546442339624867,0.2529112863889931,0.2582718693239047,0.24337430259636184,0.25151196261363157,0.2716255142617075,0.4010982977740038,0.23088325097953483,0.286301371219896,0.30769150923548516,0.292184162763741,0.3313869262265005,0.22070479956382238,0.23901953320263294,0.2853712767564105,0.2089771612469621,0.2643670071219832,0.25309769583856423,0.2774274242070775,0.3028944689443682,0.27034774090108504,0.2678791494565112,0.4456859398922102,0.20628698816525712,0.2628769040180695,0.23060619598402138,0.23202152619108754,0.23729998905996308,0.2608927870995653,0.2866332245799176,0.22330262214728797,0.2121230718495437,0.31976459207772373,0.265750249563769,0.27940980600636994,0.25834406236245405,0.23231459058439802,0.34688054790467415,0.24926860475331916,0.30923023855208986,0.23805749961098469,0.21543020340646138,0.2175675334607351,0.2609241297790361,0.2704885522924669,0.26287745278980906,0.23501260119476353,0.24187679202815698,0.3164562987885341,0.2019298847070859,0.2742059225455352,0.2554194808577922,0.21706370803262356,0.20482689880972846,0.32493558007518847
0.29058998427494914,0.3527596909338418,0.2627851367485409,0.0,0.2173652539464826,0.27397163758257975,0.3096558293258614,0.35076279114783776,0.2548027281833671,0.37109484786279223,0.25903027189093253,0.3288889010961708,0.2906580219491448,0.2795248906922075,0.3663736390868079,0.27212313461910503,0.2984930672818583,0.3347767714677091,0.34878939451346624,0.3002448053418245,0.35334068006945735,0.2780094709632406,0.3183206792605357,0.25780014698579773,0.37183766381427713,0.2803529939910905,0.26218444629662563,0.2685398215407277,0.29892794253656874,0.19382780165841798,0.31976408737080325,0.30725150192133477,0.4242981776090656,0.3144183303752495,0.31175081150843525,0.39014543569865295,0.2893550185984596,0.3270413155166933,0.2949681731536534,0.37936154211123096,0.31449172533205527,0.2536238735896561,0.30762700112323316,0.28587859246608127,0.36011204827980536,0.34430601277161077,0.2163059399708905,0.24870223115203374,0.34182897865465794,0.3217315004314106,0.36943487761130106,0.32887206620683224,0.32454851679432967,0.41582334295332135,0.38283130510387675,0.27741053697752477,0.3763818395954692,0.2775132530208116,0.3425715489927909,0.41060295822748594,0.34289588069810994,0.2861465872108099,0.30402195347720046,0.2607972616007701,0.3384114711969338,0.3183819259434633,0.32246765555451773,0.23943845522526425,0.25637353464055446,0.30292470463783083,0.28769005565463374,0.3453383435410024,0.25727202021189194,0.4159971161775337,0.29657381627835927,0.2540877693726385,0.317524406763413,0.31219982599909707,0.31056399935682666,0.19007835101385637,0.2436636134002602,0.42224815531928905,0.27807138515131896,0.29327749798168196,0.43516614229838424,0.33802113704294706,0.3054631960668111,0.3372041609507941,0.3605539651474606,0.26817760467547436,0.28170207957882837,0.31042120586718225,0.3092715319311116,0.2921076821732723,0.376630047144758,0.28481684257594114,0.26295206201362586,0.3154413473826945,0.28829985904086197,0.3595352758867764,0.29315764246022413,0.3119334464466948,0.3005699311603406,0.3126955111974273,0.35379115443142956,0.31753511942156043,0.3354504455291674,0.2962694345264133,0.31188707617898626,0.2479283452301433,0.30973200953155583,0.3683243169512108,0.32106576946380544,0.3001058441436301,0.39873767068193205,0.28779798468846485,0.33833018597119224,0.2878612800604213,0.2932804637885417,0.29724177066733615,0.3031300018492826,0.3269149696959171,0.2919579389801331,0.2856334269325108,0.247724678169923,0.2962724019365673,0.31728591104287585,0.30087939751022186,0.3991632937833932,0.36648977829006557,0.23540241501283155,0.2740816119841517,0.27956570598822394,0.31916604517663755,0.29818861356421283,0.2386967604898349,0.22762369548210423,0.3682891974702484,0.3928522611867347,0.3196147552470431,0.3303162878840519,0.29561527278769295,0.434449513863946,0.3198432186153883,0.2977794594565306,0.3154379408754637,0.30653612478741676,0.2781575576800157,0.3309795066190788,0.2239877837913642,0.32864614820084953,0.3523662460494339,0.29116420139605115,0.254896214424886,0.3455841944291731,0.30109287009215946,0.24482289916883324,0.28516932042355003,0.3549427776238131,0.3012614238965165,0.30433028678514573,0.29564401649420957,0.273242106779496,0.27631487476306676
0.24334413256244003,0.22201354246150068,0.2966796502333452,0.2173652539464826,0.0,0.21277079428513798,0.23200489182448267,0.20662564654437623,0.22652498989961883,0.23548536570093376,0.25286815943434704,0.22643352114419282,0.220317878952438,0.2307635739159202,0.22566145745182273,0.29682922919659444,0.2988516439299151,0.2775956279577886,0.20250818213737326,0.21301289836048742,0.26548617878576075,0.2845661184832173,0.26151100484054146,0.2146850033667285,0.21534180268053954,0.22680345595065166,0.22280983730253937,0.20380552940164073,0.2277321392597095,0.2593113084173725,0.19754318038890134,0.2185483259244852,0.2086630084323901,0.19115303837891254,0.24777141781739637,0.25506306296891335,0.21251469890570288,0.2500959154157921,0.21077210046335318,0.23788315635477908,0.23065101478713348,0.2770555075199633,0.2430008910541371,0.23437498314131203,0.19985314769311843,0.21782175426098352,0.2632574678204761,0.2282368606192242,0.23950217053004208,0.2717424680305617,0.24750816885007365,0.24512190836098477,0.23158723302666498,0.22244194849393287,0.22536198748063416,0.20081672276144996,0.22989395431349738,0.3264724993167681,0.20715661770313004,0.24192375706456773,0.17505143910876228,0.21789252608407478,0.24287096653871537,0.23740369679059062,0.21344005162418692,0.18222318689183772,0.18221525682138612,0.2175192749818639,0.21782263850590475,0.23523646582113797,0.22403629582221038,0.22091053346511344,0.2085098040760271,0.2418007574474784,0.2265780956195556,0.17149065924535337,0.21759629169709027,0.32901776167971625,0.19349718131760657,0.18085887204088008,0.19890680449717846,0.23152115635599455,0.2535315660975507,0.19099276896572384,0.23488207608700687,0.22042308458460638,0.18612026978469526,0.21086483030039083,0.20007892383251577,0.1796553777396971,0.3903656528060135,0.22232766301896234,0.30384691070848435,0.17899775729829842,0.2471756642763762,0.20129607646795833,0.1621670459507549,0.1988477786857544,0.22716299666697318,0.19519527968083158,0.18091579736926203,0.19291248472119135,0.20150573310400838,0.20284474705138003,0.2321954559628622,0.2517569783192816,0.2148984266659511,0.2581423364577662,0.24673823949051824,0.20434555341811997,0.2153572788697251,0.2580251299576748,0.18828244489215906,0.2449107206659988,0.22030203113122718,0.27863868163321354,0.19866757505280785,0.2432842138090069,0.22380733295711347,0.25053733924887656,0.3218064361088401,0.20550555132619025,0.1980564168422412,0.23261234658331567,0.18826414717447543,0.1988345023228851,0.22630558867379505,0.23219447307497026,0.225997073971736,0.21566914558637745,0.21754095471455828,0.2502287982597339,0.17135112315689377,0.21986117271802036,0.18589354909250058,0.20012964786505308,0.20151151695703912,0.24939394507336948,0.23118985178177695,0.22733008334636057,0.17147655453944086,0.2600079072593891,0.2484476195279554,0.24662431730098344,0.22297203087159906,0.21588371184848934,0.2523803951631918,0.22133505591221098,0.23046222606968825,0.21662884906956312,0.18601966579370585,0.2068133483306791,0.26361733474320004,0.2455208125545253,0.2258461530949425,0.19135965875693764,0.17956694574792315,0.23957078585367889,0.18548668950650862,0.2165831291945623,0.19005468740138337,0.19731681103558657,0.1949612529363207,0.28271111377592784
0.3423972337276268,0.3632582467072335,0.3118203529885883,0.27397163758257975,0.21277079428513798,0.0,0.23412801020944551,0.30374038474400217,0.26178138838535714,0.3050879624679584,0.3254717792970784,0.3238488155438127,0.3843213527850897,0.2312090377054559,0.27917589595821185,0.3230862477026832,0.29858424593628535,0.24677652730650937,0.29920672917468816,0.3357702396465549,0.36454382717790473,0.3353184907604993,0.21532439107905624,0.2837623900236731,0.3465888817112035,0.25399466668901877,0.18529829430016367,0.2361590248271571,0.31336792986315,0.2184559715858205,0.2710428687999582,0.3453255016522923,0.28864115678202884,0.23371624388618079,0.28744866167231553,0.25259528888192695,0.3467863542975969,0.2699455826154893,0.24668546954185305,0.27096930248526596,0.26090358934062974,0.2983533336637069,0.2837093651789226,0.33708702746378894,0.2616975927192634,0.25268574651373293,0.2331150741859861,0.30951057297919443,0.2534414956234933,0.2853424934855316,0.29332320574234083,0.36403373356749097,0.25170601964999134,0.3131014550499136,0.26532975005957576,0.32935530443281585,0.32880340663047514,0.31929638162624885,0.230253266209498,0.2583159159978811,0.3390010676315854,0.252220973804398,0.3670307897159287,0.2015535214922592,0.2510583340301146,0.270557412155422,0.2624182930290548,0.3303869889348489,0.20003870924705258,0.2912451414532379,0.3313546262019354,0.24061165175112673,0.26305195025050976,0.32617011240638083,0.29554502428363566,0.2395302453089557,0.2643751257225296,0.2552239706875579,0.24240075689408497,0.2660639605940202,0.3578754595367411,0.2877672783234872,0.340604945932371,0.32919111327315376,0.2897418525580927,0.3295904366357591,0.33227900407225913,0.22826554205557537,0.2658575847678093,0.2698581919000857,0.2715481665940938,0.2423481670054795,0.28388041998332786,0.277222620978735,0.26960455298341385,0.34295587399892996,0.2383680571109482,0.2709207023309413,0.22646357674327952,0.25226725325020116,0.24933600167300132,0.22710695050553176,0.20879700694680745,0.24323518745157852,0.2811258470698834,0.32845963194164884,0.27119211287960393,0.3127275662715564,0.24304978026990384,0.32960282374418387,0.2908117795789086,0.25467840863552543,0.33952840934674805,0.23689898906167037,0.293808074964493,0.33613682602395883,0.2988324492035274,0.25822069338319015,0.38509888909504786,0.2389135086672996,0.29632899063954193,0.24033487020888655,0.3326290906082579,0.31867397516177026,0.3008441967102149,0.3120039443395032,0.2534778469583517,0.2574366311763585,0.308426052057494,0.24391239594193834,0.24766468161690777,0.3796372219805364,0.2794069989873882,0.3043764730360614,0.3186182876158202,0.2820341501871934,0.32327184018040517,0.25174803765703463,0.2664738302903479,0.24685610391215862,0.27250621548678805,0.31831732904126925,0.2662550554012962,0.2462216690403852,0.3152294777282302,0.24836928152640797,0.3441018018459487,0.27111985263135824,0.34120422381787346,0.21207005287380135,0.282697960785192,0.264056236091971,0.22094791378173673,0.23441072423803389,0.31699191709048313,0.30873069813697723,0.30238974340894553,0.3550492637549584,0.2612351037056591,0.2903938876891955,0.23609004186455965,0.3306391486780828,0.2137364387735759,0.3462213058173299
0.24684816076820681,0.28201939690621297,0.23413269100663212,0.3096558293258614,0.23200489182448267,0.23412801020944551,0.0,0.23599943004776044,0.2014725331211708,0.29382655646844047,0.23650447592609453,0.3631415508676006,0.2608385270206683,0.2361823756631076,0.3754495796136395,0.23991201432147125,0.2600423512959951,0.2561322568398216,0.28444575665645777,0.22097500521309651,0.30030046735624066,0.25335621718903345,0.3454848842437527,0.31003364192232447,0.28695938850108205,0.3012542374086518,0.21704735541779793,0.21688693203118073,0.28203366054075907,0.2151497586126095,0.2809570928212712,0.3033446345629733,0.3305033018684391,0.3312617827994867,0.24458417418183476,0.28162464552965993,0.30565569717613006,0.22980410465147966,0.31062903119506263,0.3727421047172438,0.32171581895317364,0.24596378910691655,0.33179445712176486,0.30350618271870794,0.31446445202261103,0.32634516981232636,0.3024484889939885,0.2507804492504908,0.39829672850255393,0.2650375535167709,0.3827029602610046,0.27988953045557724,0.23804618017232687,0.34655790457443597,0.3739135836695313,0.26290765615537726,0.2837069408877792,0.24471185209100677,0.2987596635253076,0.29214002755593915,0.22067163161246064,0.2615529049328936,0.23745462320629515,0.2432805801955795,0.28306620448313996,0.2432538785170037,0.27900615206588375,0.2903267738139576,0.2127117415953592,0.21805838278948686,0.30396520442018377,0.2679402808861616,0.20597149987210983,0.3347495238792116,0.19796824560363802,0.2644479788425524,0.37094841434159553,0.35184127174879276,0.25597910678403035,0.21285676849746163,0.25650336662710893,0.2901601791993194,0.2763506043452247,0.199610398261081,0.2766785636921369,0.2515927541214948,0.21409856446460213,0.2772444427666467,0.28877585040376197,0.24025183371952005,0.27590597501609393,0.3284369717355761,0.3133757407645564,0.27599309310514547,0.2698524697731147,0.29820624904037923,0.20502905742258376,0.29700416862995105,0.2515620238011508,0.33052811464331205,0.2593758527637889,0.29315553218516677,0.28438356772661416,0.2813134414818929,0.23886414500099634,0.32586246771983174,0.2837452678167353,0.2464862779587674,0.37570551810899516,0.28501779943168903,0.4029081078813749,0.27786302435670496,0.23693147953434615,0.21097107714040406,0.28316836296683207,0.263636550935858,0.26445607244785174,0.3168011206061712,0.2758410379632703,0.21941007841393426,0.28166982533849605,0.2340082190817838,0.23382394705339854,0.3429611983321796,0.20312017383624936,0.32544596975247925,0.24924293046572676,0.3389809612934089,0.2914591126574476,0.3036585475276044,0.19579658220471188,0.2169308716614359,0.20306331821049667,0.22142835359237995,0.2352084650323842,0.26234788088018857,0.26997657363800454,0.36840386116972157,0.2701199105788042,0.29913532781288243,0.24394855877404756,0.25733919566790253,0.31560991328222615,0.23172177926692672,0.30423705133191614,0.3302173488090776,0.2745632167643289,0.3156409875721125,0.2625711707551199,0.18974947716119347,0.263719331603676,0.2668479200549901,0.23654430083343125,0.3491161198463878,0.34052769240998015,0.26176701616478415,0.23591777923267343,0.31561352996407654,0.26140297114298455,0.32083024047055125,0.2730039475963848,0.23309376339496804,0.24626181492825666,0.25557538888352316
0.29145212790297537,0.3975014783059585,0.276001592362805,0.35076279114783776,0.20662564654437623,0.30374038474400217,0.23599943004776044,0.0,0.3412742652225978,0.38411065182417314,0.23682617041139556,0.3111163713018694,0.2883979039608745,0.27425277110916974,0.3021832820124849,0.2817187557143528,0.2825595495837014,0.3091763575944207,0.3365087449190641,0.33223891820334406,0.3321534212294814,0.27519426662867125,0.2693714862515415,0.23118579273989945,0.3522233572470671,0.24293348513692045,0.2456195943232384,0.2739404170578639,0.2649591236497947,0.21097031856140042,0.38484290320259784,0.3057661517106877,0.3227961578412074,0.2773183879539634,0.3167280322636267,0.3422476438710168,0.2794878977158411,0.3768063532014822,0.28070856430033325,0.2968245319845188,0.2807657614608695,0.26610317352373686,0.2963603821318463,0.2463042568691065,0.38316251679679153,0.2989714865728223,0.22865041446386158,0.22734650494051256,0.3025235282620801,0.30987937623856104,0.2942528956347577,0.2881604221372267,0.3126081414980585,0.3044280877561048,0.3076458363680138,0.3008796918113743,0.3480122720185386,0.301609466835071,0.32136268228398374,0.32908480528431927,0.37639009519338124,0.26749313774684225,0.3151727494990304,0.2667620876645709,0.29723911435948197,0.28273869232862336,0.28419633774190545,0.2533720383870069,0.2603481457114867,0.4395647225353656,0.2934906864588524,0.3361816705778952,0.2583345265702447,0.3519261923283771,0.34456926909506674,0.25214098457092154,0.27992378648901606,0.25496377783357954,0.348471481864312,0.18868983243434106,0.2608425889967365,0.37157255856237914,0.3211670721358298,0.3517154919134703,0.37395847978819796,0.4487734121571357,0.3758715139290803,0.3083144240039838,0.3844249922352134,0.2989606523751213,0.25402676754919196,0.29915188898772166,0.28187996079779176,0.2647802472279722,0.373584354679198,0.29791513941374353,0.31418256914727727,0.3253414278742552,0.28390636671611913,0.33691218847758153,0.2778593010066771,0.31241034007485646,0.2572934881326617,0.33558946573133625,0.384888236442973,0.3271757211036344,0.29761620208651285,0.3504912657777604,0.2638641322769154,0.23618602563116106,0.2411055478502733,0.3262419293182287,0.2989322022077497,0.3232827900095926,0.3647732657293357,0.30759996924223154,0.34761654915430656,0.2751033583652157,0.25841210087226923,0.3072070430472597,0.2911259195331769,0.39635897794953706,0.27287031277812723,0.2804686008335545,0.27958319071092436,0.27899578318689827,0.2945144693599523,0.29925751429067526,0.35785044177080566,0.30970812809115433,0.31915716130244415,0.2996264333866766,0.3154050739455453,0.33104623083071527,0.29770820326210184,0.24013014676389532,0.256202174412122,0.29953239737807386,0.3757550642485084,0.3172640944417924,0.2959255836709122,0.28752920555717165,0.37993686126263226,0.31643479981762046,0.29364336305600225,0.3039289715197194,0.3513474764439597,0.28020604567726215,0.40815361795203664,0.23831016796886353,0.33828071433495605,0.35503636876147354,0.2578784124249002,0.2438833091282829,0.36622332463748436,0.335914116699368,0.23904473850408736,0.2954257323338692,0.2605802656013822,0.2748626118629324,0.280061410411052,0.33333592146486474,0.28670173158896156,0.2751212502607624
0.3273868756306622,0.3008458246083177,0.2826884848665653,0.2548027281833671,0.22652498989961883,0.26178138838535714,0.2014725331211708,0.3412742652225978,0.0,0.29326543542634753,0.2624829376620597,0.2534992793745914,0.25545762424351665,0.34584988610210005,0.23723056156673059,0.2928476707350841,0.3047995817791158,0.36708325353073973,0.2734789642387176,0.3363279798389506,0.264197187423006,0.34848607138370813,0.2363610262923331,0.20331784570340497,0.29445495120631743,0.20917228602923796,0.2835418295322076,0.30966575648493333,0.24847064631452132,0.2683043155093039,0.31568325811242387,0.279486395535941,0.24174570164914191,0.23253323210156357,0.34064797380170175,0.26740376379325403,0.22763801528986943,0.42031388731640446,0.22221099787918636,0.23941667120118826,0.2275834707006526,0.3609423438638401,0.23708115235843422,0.2237592330199545,0.2819034649961293,0.23404368360501424,0.2027684528478946,0.19705815492937964,0.2568398159699255,0.2767929624758917,0.2311515431140153,0.24712406137713072,0.27381288474641746,0.2449246741832968,0.23753715272236453,0.2922069517488294,0.29307597121937506,0.3060393775298435,0.2665237534362647,0.25183986267701153,0.245567606800407,0.24114970253131685,0.2733619372126877,0.29587700812889617,0.26674425024082316,0.24509105790073524,0.24475190091914334,0.22614255345274223,0.28699334545555516,0.38586573067261226,0.2672549961003939,0.30197035752629364,0.33914469554150184,0.2618405563350614,0.4058429550597442,0.23367036038038372,0.2089093192505866,0.2057742043130499,0.261414994525715,0.17989017951705324,0.2386307356533347,0.3278562857330725,0.28289547389474584,0.2977173843855774,0.3093685078869971,0.37641219301558,0.2743657060317139,0.27486832232353425,0.2935531602581042,0.2879961277499052,0.2962776357019852,0.2779655730240199,0.2511230946945996,0.23782709537410227,0.33907134694984387,0.2655216302587014,0.27400957860638475,0.2918809346493458,0.3078529607638742,0.25906762890385965,0.2590365854533592,0.2180255119291067,0.23936326795337887,0.26721234471022665,0.3598960518470658,0.25029635604127637,0.22425632234474227,0.36274016952776106,0.21378673932224218,0.20090339385001832,0.21159922141980544,0.3010123889526754,0.25716661914978545,0.4236617077722361,0.2802690762695363,0.33024182946003444,0.29781538036780697,0.26387699502073797,0.22342215403250512,0.3865372215403162,0.26959725174589705,0.26404628763552546,0.2564835450303383,0.23752990582313277,0.3255327254721739,0.2292630549974108,0.26422803120659255,0.2189362585039905,0.27581205384542967,0.2632839173700601,0.4902693239338042,0.3176177497941866,0.26741553939078083,0.37185086983005433,0.25133591235364866,0.23130796069282913,0.2375426548400007,0.24665673623908893,0.32492947444964004,0.2694923363802247,0.25768151440916737,0.315881889696742,0.2922469824442548,0.32659381906360335,0.25761773473075106,0.2648407252450746,0.3082819365091246,0.22132058999027465,0.3439468308602194,0.2927270481731594,0.2941538806824181,0.2829625102742251,0.29406221402461824,0.21189815494296513,0.2780847562875,0.27403393935576087,0.22255114326681294,0.24311787157472095,0.24905352557136137,0.2482095220802158,0.23315312532776505,0.32116056307332,0.27263895835829005,0.31149438508318034
0.3578394774576444,0.4891482626173665,0.31742061300306385,0.37109484786279223,0.23548536570093376,0.3050879624679584,0.29382655646844047,0.38411065182417314,0.29326543542634753,0.0,0.2546191060339652,0.2897197892625002,0.343158430933909,0.3328873135957467,0.31071187886759183,0.306478160352585,0.3318114540673695,0.40511433593753254,0.3220455011012975,0.3475610492358452,0.32821672309411537,0.30266342888690656,0.36452412100421006,0.26515889871918497,0.4691726170963185,0.2633143321893598,0.2531094120954138,0.2995801625231463,0.36339873119343247,0.21137737202651738,0.34367324195004995,0.37482956748600027,0.2903048701563838,0.3230573676137517,0.3829294569790166,0.337815370136087,0.32159856230849176,0.32901252673912157,0.2423236534728036,0.3791384633012092,0.26657564584282534,0.31787343310222754,0.29592612731426576,0.271931566325146,0.3875435639225477,0.3172951701257877,0.2538461482583555,0.24946245044442814,0.4316354948637203,0.30587457503245735,0.3098734292275027,0.3153765698831944,0.3215928464716657,0.34372952421515535,0.34766707901536886,0.35301541929161356,0.3580033428906424,0.2577947061093639,0.38417731394047955,0.3687907476103199,0.32841426508010146,0.2672079419730448,0.2898777852955429,0.27957588747966045,0.31466582733623216,0.30393936057027127,0.29624367332982676,0.2787056827850533,0.26799935228602934,0.3644458582265909,0.30145214831907474,0.40846699460687563,0.2658961514531236,0.3995194025606285,0.30955162089564614,0.2975702269029365,0.2828274715128112,0.3171290247554571,0.2786141067077204,0.21244588029462874,0.2770048521691599,0.3478641416324969,0.35355297963974097,0.33281097685582706,0.37523429567859096,0.4195882058856166,0.30121215323127654,0.3166164880394876,0.37843538918273967,0.2820156606563675,0.2721930442385361,0.3061937687601122,0.32050422301371095,0.28976952106484344,0.40960279897097285,0.31484314115348827,0.23933277805245842,0.35563892686824145,0.3083770028178745,0.3827849992511266,0.30292363638648867,0.27541109888443044,0.2527004312421216,0.3212789822530951,0.335761042670714,0.3184557708866373,0.29585359663902705,0.4291029009579513,0.31012538040091264,0.2832698368841169,0.28595361190698665,0.3365381620359469,0.32328331778369024,0.29106555151917957,0.3635274726748923,0.3522697965964494,0.39140974072427187,0.3422517792237629,0.3179161813721808,0.3226334583150505,0.30399815168022765,0.27864304162163706,0.3072352953595613,0.31635533013400424,0.2851488885987233,0.31257496761532044,0.31361359617622137,0.27679473317558895,0.438044906710644,0.3405790133297481,0.31636315383998936,0.2785299277392817,0.28722591318315943,0.31415437809290864,0.2753939278036143,0.26291490941591666,0.28370023715539056,0.3598881078842362,0.4127950570885292,0.29290896524862464,0.286387635786884,0.3619615982269234,0.42729262704130627,0.2964355601980784,0.3120105260064842,0.3332651897003488,0.2827310076250128,0.30117863913543924,0.5400545986802022,0.23639277250866925,0.2948027172922502,0.3727868211885669,0.2628246416717477,0.2760252883358147,0.3277965291224457,0.3176671827626769,0.24913636117539623,0.32704298955386896,0.3159423337028105,0.3538150601834409,0.3636495353365077,0.36683671424725045,0.2680246925403398,0.2939731428589695
0.34714199650768446,0.2794656114641024,0.3149347027756221,0.25903027189093253,0.25286815943434704,0.3254717792970784,0.23650447592609453,0.23682617041139556,0.2624829376620597,0.2546191060339652,0.0,0.2838514670135437,0.3541593455512299,0.26226309973381745,0.24651820252204623,0.39287560081933537,0.38274415231890047,0.3047559972247603,0.25061116032496267,0.2959984809883624,0.29117243537704135,0.3973088684041173,0.2411196903451413,0.2825581287690661,0.29276630642799345,0.2542727916748598,0.2525328665430064,0.3238557746906786,0.3266130399901013,0.2625332299859519,0.22861032308190377,0.28827858834646924,0.2338472017531152,0.22395977413630494,0.2817137615153559,0.23392790502587568,0.3211235278797787,0.2831331441157633,0.256790234098781,0.27000227642787983,0.22115075220525812,0.32847912835132476,0.24985605535237398,0.2876707215324763,0.24022764070450636,0.2300604143719536,0.18688820543019333,0.2967012060676255,0.2745785618527514,0.24161563009156456,0.2730484909774132,0.2618333160353462,0.22238912236449088,0.2831179001989862,0.29607084945995227,0.23542963146818519,0.2948744946807738,0.3420509162260749,0.2238612974331248,0.2490044524553947,0.28276862605168834,0.19679179486464046,0.2970368299966351,0.2127364460062545,0.20221592531074975,0.22175481779089323,0.2516669185950462,0.26370410708806213,0.24511847678389617,0.30195170906799834,0.2703906015639244,0.22104126812733932,0.2739130769588675,0.30557398557044524,0.3159463322606135,0.22068407679987692,0.2942668401094463,0.25497582310946393,0.21157980423850822,0.21603462670182366,0.251842368428897,0.2288870071455927,0.27261856486859964,0.28212891793572625,0.23577165249975296,0.2603761131833204,0.26395785146772816,0.21199024843797143,0.23157811937536787,0.23140067508910778,0.3368383988299293,0.18986782382865713,0.31225687566931576,0.2555579390635903,0.24684527769664477,0.2621605607328232,0.1891751759449814,0.2014283577030136,0.20213613515902337,0.2224253511907623,0.25263794756152164,0.2208237300395837,0.18247441135799028,0.1940343841393423,0.23905371154598798,0.24916259013002592,0.22026421824967415,0.30508088686022583,0.2198206960967642,0.27842262846133287,0.28543477895655744,0.23041180546923343,0.2522217104063604,0.2661071989158974,0.2620601472025206,0.35280967907150285,0.24087499806169577,0.27672265599029444,0.28901390909462293,0.2563516812836994,0.28989590999018816,0.20075688425882313,0.2539016880400773,0.29155453378606144,0.2313283093459544,0.284076086217132,0.1991347227367219,0.2532974857081671,0.2587435880190704,0.22222150618039666,0.24095616301759037,0.3097669872051279,0.27595792455582535,0.2708325183185211,0.2738784820889243,0.2363098569477334,0.27084682353948747,0.2377626331768974,0.26012495430208815,0.22898387502771783,0.23279941986378488,0.2929676020245544,0.22937387479466279,0.2276122848028246,0.293049909090168,0.20700842293855362,0.26002012648352013,0.22820481382245095,0.25752369938509745,0.23391289979285781,0.27663640049838534,0.22488395057018365,0.33210469750902294,0.20716965641680313,0.24028168176928485,0.26897577353972046,0.2931410872643132,0.27614366698080706,0.2590419418272166,0.2699265682088621,0.20545188008251453,0.2622233097352419,0.18089804866151787,0.439265751802026
0.2660657160604826,0.32192291237513565,0.2641953447584997,0.3288889010961708,0.22643352114419282,0.3238488155438127,0.3631415508676006,0.3111163713018694,0.2534992793745914,0.2897197892625002,0.2838514670135437,0.0,0.2548453379901253,0.19878351911584133,0.3572820708133423,0.28925511842455287,0.29134873157969426,0.2465835867217864,0.38291158177419815,0.2611471755815658,0.3929246086605504,0.2816097856040153,0.2711653019397158,0.30945838585092444,0.3391752264165968,0.27003287851915325,0.22067076205532676,0.22550816387796746,0.28880965778270606,0.262380977044855,0.3361513559296321,0.31540101176735147,0.3401704772363849,0.3084459800573193,0.24069198340221054,0.2993776387248896,0.32181712338395985,0.2813272445117589,0.409009932209983,0.31772233636697134,0.33228198853315505,0.2631980639977542,0.35667739797926107,0.3175071325763126,0.29258191737524253,0.32281685839653157,0.27263679180980993,0.2711774962496835,0.3056656541786481,0.2833867189372725,0.4172787602679907,0.33413427882255614,0.2546902792255773,0.3781228586537807,0.39416908832222736,0.281303443130931,0.3653526721609645,0.34307094103247043,0.24243741779955202,0.30696467655883297,0.2588404811025083,0.26484270345800787,0.3001400531863449,0.21609193200057608,0.2784983781874214,0.2626089457786999,0.2402883887721585,0.26683665992157707,0.19803819381380042,0.2592474612156632,0.3113480211037395,0.2515171415786489,0.20426103249956737,0.3320154092792111,0.2578863291381479,0.24611089931661317,0.3357369104107112,0.3450724395969847,0.2932851601123666,0.2276387055701241,0.2916848556688028,0.3417056528478788,0.35183808173614867,0.23356767483363128,0.31252871776255525,0.31447166624024264,0.2479913053176707,0.2623864256176509,0.3368341187315048,0.28263249872753254,0.2861044985782326,0.2890204608308221,0.33788256904460034,0.29835097435834906,0.2642654087971401,0.3466506104014446,0.24084013304350188,0.28878723417852753,0.23305577384118567,0.27770394569739404,0.25521462255735583,0.30033577454314336,0.2551427461050494,0.31553807089295494,0.26767457046729776,0.3575233425865408,0.31478946852637785,0.2686911803930342,0.2945902257675276,0.300147109202264,0.4093783057145042,0.29903838770515934,0.24360734312439394,0.26410326294429526,0.3188501350004068,0.3070817005425566,0.29512146259581395,0.3169660096746101,0.27619223305786217,0.2311659612337484,0.29709487132802975,0.28316340699934756,0.24549200956448064,0.37321881544139407,0.21456667029816243,0.385936537527412,0.2409382142168259,0.35890061314361493,0.3245819474445883,0.2749433149821402,0.23142406675000846,0.28563954748284043,0.2356370250451704,0.28266538003108477,0.2740140442414612,0.25044700690003363,0.3333759954168238,0.30652802893401554,0.2706801959538463,0.3612509022625245,0.24544982643956195,0.26633791262699585,0.3165342154586606,0.2571848295907697,0.326312081017901,0.3124340591465577,0.42490847019827716,0.3372377132542847,0.30636324059572956,0.22083416907514955,0.3163719474131881,0.30716477351904986,0.2697259274582992,0.28364995354979927,0.4288975643553705,0.274115981149932,0.2533259051075464,0.36560377686338696,0.24009118031558124,0.2953952682442023,0.2325287730141117,0.2602166943982574,0.254829282772446,0.31417128341415596
