0,1,2,3,4,5,6,7,8,9,10,11,12,13,14,15,16,17,18,19,20,21,22,23,24,25,26,27,28,29,30,31,32,33,34,35,36,37,38,39,40,41,42,43,44,45,46,47,48,49,50,51,52,53,54,55,56,57,58,59,60,61,62,63,64,65,66,67,68,69,70,71,72,73,74,75,76,77,78,79,80,81,82,83,84,85,86,87,88,89,90,91,92,93,94,95,96,97,98,99,100,101,102,103,104,105,106,107,108,109,110,111,112,113,114,115,116,117,118,119,120,121,122,123,124,125,126,127,128,129,130,131,132,133,134,135,136,137,138,139,140,141,142,143,144,145,146,147,148,149,150,151,152,153,154,155,156,157,158,159,160,161,162,163
0.0,0.2923690456422716,0.26618309523389433,0.2908625485618196,0.3010918948505486,0.29486848640996827,0.2723568582537869,0.28010284874925784,0.33938188376230066,0.2853040745359013,0.32343353566368316,0.2613561182046495,0.407910203565679,0.28447575316017204,0.31201880454141495,0.3287727722464921,0.347865540664332,0.4462368603244,0.2662364908174784,0.43724386811672156,0.328356346555763,0.3128661855230911,0.2931981321384159,0.3049086088047013,0.38479537532583963,0.2825677466636718,0.264586374111581,0.31691571114715894,0.2296103523055158,0.25347538651602464,0.327792782229165,0.32164236061141904,0.2637215602982959,0.32172303665774615,0.40617344147949863,0.27351478152657294,0.4172905038080727,0.30913631435499883,0.24457689183774636,0.3467108735262744,0.2435624910046761,0.3436758715966269,0.3201289888637563,0.34038732301238905,0.32882622300711034,0.39572274529365387,0.2595603961289878,0.306091744375586,0.34653242460996814,0.33103538177096836,0.3550777823579577,0.335077221666501,0.2904230695938234,0.28339473499789725,0.27366091245015467,0.3267280690673953,0.4104220241578554,0.28712109904675687,0.28031054735238853,0.3362347410694629,0.2916617275805955,0.2536757909231255,0.3167971937941687,0.2377039060919401,0.32233683087193665,0.368443877094342,0.35558434517852183,0.33042668293189165,0.2589263979933507,0.3314507969548148,0.42732410654158287,0.3185642686283035,0.328919760229333,0.3420870587710506,0.31038335920025045,0.36254682170414704,0.2635205874305099,0.29626887525548945,0.2990098110678362,0.250478860113621,0.28944107683206727,0.37334409838969457,0.30183067960259635,0.2825407156301057,0.3453591914417093,0.33767372603977114,0.3278947858885344,0.31512262322823953,0.3643605733338861,0.30359691181532994,0.3728479531876019,0.31932198379619553,0.3137871076103835,0.35797898495523767,0.3499853612254369,0.2779525324511087,0.22661990822109218,0.2967377904813372,0.255424894805412,0.3586871814157026,0.2988562674255383,0.2658699840024935,0.2702990189774052,0.23668123860319834,0.35297069249423124,0.34881305354592707,0.2951778408050736,0.3328862860145305,0.32048363297260135,0.31624726434548234,0.3187823681047329,0.3531868016056294,0.353308320325923,0.28507307549831973,0.3393040447348936,0.3400496550056734,0.34291293598719946,0.2836268289230145,0.26011337187486355,0.2898427417793468,0.31664897642714857,0.24920904494251525,0.357719802540106,0.38336214378222444,0.29946320302955853,0.2630116502831107,0.2488269703433985,0.26210060915231403,0.26807854972151374,0.31540958736848795,0.2601327380808774,0.27761246702810266,0.27720136538132806,0.31726931778802125,0.29280908394193855,0.30321011610579823,0.307293615165772,0.333798675037488,0.307719755554242,0.31831691784710814,0.2585631013820439,0.3019819323230881,0.3851230394625695,0.2806884553675125,0.33523402031304567,0.3123018612489756,0.292654836150561,0.26663559468600473,0.3248367167241553,0.19038749556256027,0.40194333085718237,0.2772602670547611,0.3108444451370903,0.21838948160689195,0.31157176860264985,0.380835050296635,0.2825453833601171,0.31982156949033774,0.31120258074976664,0.32094109610924826,0.263354163629459,0.3592114270462005,0.24285817531685872,0.43701680810152255
0.2923690456422716,0.0,0.3025918882278015,0.2796165738461712,0.25460563692188565,0.36919596901185553,0.2618868866394844,0.3585517602363133,0.2778709998158066,0.37263216350751116,0.31735991712863576,0.338114647448975,0.30101551679010835,0.27756212692826665,0.31522363895580685,0.30825152770489084,0.30910497288276334,0.2846542230955801,0.29131651965008487,0.32375491457968564,0.3152755968172932,0.3919236467594935,0.27174424077687154,0.32965833806011635,0.36713162066264277,0.23527295134107135,0.24805529715854432,0.2956368137452341,0.3334017209302698,0.23037660289760092,0.34860985518853754,0.28380382770196205,0.3258129348846536,0.2672931376931369,0.3147519246174889,0.2888358056460051,0.28459366706201883,0.2925327158935514,0.2941970422865311,0.2911944285400981,0.31470238043958426,0.31550989182858546,0.23626660220997417,0.29171536460565595,0.35107107926681347,0.2809178112883526,0.25032991449421066,0.27265364514198565,0.28591907055532456,0.2625984149660793,0.2628005996610593,0.280592715753966,0.3038460736381431,0.35370608501135953,0.29426173420881496,0.31448865918040225,0.29163114074290863,0.29707523734645574,0.27210748452713995,0.29347906224986053,0.3182171332187833,0.20117119555631854,0.25613100150033885,0.22994478339724295,0.24277412459157785,0.25729056311796555,0.2723516907876314,0.25111430343009805,0.23222623974632176,0.3163817215871757,0.2690685644832553,0.27660722352410133,0.22773864778791575,0.29382299183140237,0.33853317219542367,0.26418656865167395,0.2319306678226045,0.3219533974081781,0.26111019827133686,0.21623436908451227,0.2803072937343508,0.2704763377463383,0.3550718850171946,0.27886694720920396,0.262649170651925,0.3746893781696989,0.26036051276695077,0.21630497425352246,0.28175302652330464,0.3093860941454434,0.24640969119566936,0.2833395721343829,0.2996664822823729,0.2811705246735112,0.2773903117042715,0.377799695374781,0.2524752460106763,0.3117500900972979,0.21046783501305757,0.2917060035726912,0.2876753422341022,0.22720049468642609,0.20108065514784643,0.29112230000412304,0.2549306098338553,0.27687391790370675,0.2602798915088465,0.4199033259782158,0.2987494313933027,0.37274066222588104,0.27738598734855335,0.2441746953868567,0.2542998831735028,0.2595248750384787,0.3064265617279682,0.3856204702539371,0.31807384151878076,0.2356968703855534,0.2819446700829,0.24944744767115434,0.2748502360165807,0.23200487365057937,0.27670649292453336,0.33645450278419725,0.2569187080534247,0.35883891918495814,0.21868107238109,0.3074077784191211,0.3578147795383529,0.26828017383811525,0.30198752407706086,0.274711210268504,0.23000785467234863,0.29886045023329894,0.31710615053976404,0.2643143916493586,0.30496745259913,0.2956036528450466,0.31968693193215375,0.26677480390580033,0.292660790093881,0.2977181469035446,0.32434484351239756,0.2588589969548558,0.32996884266335835,0.2369407057325896,0.31522703921877154,0.3052560308873382,0.38663966134647476,0.22545016289459188,0.27373718893889704,0.30775510531415995,0.27608506445226055,0.26972282025242067,0.3313911958392059,0.31698253110645663,0.26745088062768113,0.3581676321631142,0.2615235994043909,0.2254538834615119,0.28984186730938716,0.30719569786770845,0.23242610339032874,0.29766917131140164
0.26618309523389433,0.3025918882278015,0.0,0.2547322462818499,0.2749557914586947,0.295574737479777,0.23135086349517317,0.28323935382422233,0.23553874090543114,0.3651883340409446,0.29969049680468274,0.2757001422387985,0.3066546244850277,0.2328652781135659,0.27335896643818713,0.34144676122457873,0.3156984297196071,0.2841297669181922,0.22828635278914522,0.24855898470968882,0.3248266662657048,0.41900015026658577,0.23280779477717986,0.26232087450377184,0.2860418104398798,0.2700924796511779,0.2281663102839054,0.25121052282983847,0.24514643163376265,0.21380342905670652,0.2422087166281767,0.2787773419342276,0.24683592876539448,0.23467767635388218,0.23707010344518728,0.2719583862316822,0.2776570537959603,0.2574938708636689,0.24451224796896578,0.2688076791354013,0.2452335316896429,0.30187843509262474,0.26165898030695817,0.25425576672738714,0.30611963403816267,0.272234180073302,0.24992196349072612,0.282455868939543,0.25979377504695633,0.25835454224770305,0.2682034290134704,0.2861353684907102,0.21440022042054335,0.31163156332902103,0.2822703810341884,0.23937160068916916,0.24542224877506605,0.2843934411542251,0.2415929106488666,0.25007148248589534,0.25878707868566575,0.21274352255372336,0.2862696354591195,0.22467046909095478,0.2296498576291974,0.25204087378328544,0.25085427367111535,0.29259881668677507,0.2746562517375389,0.27381276327259757,0.301323853467739,0.22061718342045492,0.22827139250154369,0.3393288169364731,0.2962469111256592,0.20087492123579664,0.2629740952960407,0.28478733825263164,0.22649641639841359,0.1789355066244695,0.25682163693809157,0.2733120726777579,0.27583054582721517,0.24992498276599398,0.23737210816609228,0.30544429709582305,0.2240083453054463,0.2062733570986366,0.2483030438524916,0.22496113065120782,0.2664422649207087,0.22703405762855025,0.2629854658153945,0.20458415778121844,0.26123694439420364,0.27867631907263213,0.22176247540738714,0.27248193846603286,0.19653905895041,0.2590848243278804,0.20491189914873023,0.2453877863898409,0.2016027258138966,0.27390494581635444,0.24784794824047945,0.3159108327894943,0.26926267425387745,0.28023490713582694,0.26723698016925423,0.29968031906796266,0.2591043264193956,0.2339045381045222,0.23755193890283022,0.22680806223864225,0.2387398210137253,0.2832846508098637,0.2218784524960633,0.2842492840217514,0.2868122493825915,0.23591575633322848,0.24637768541786834,0.2097671991199816,0.22453843988531808,0.27447143523999884,0.18930439042165423,0.29497314938550134,0.21517427109493073,0.2732910645061146,0.3139056838570277,0.26697188771185,0.23903449220737835,0.3297990145784024,0.18592950465605765,0.2177840455137369,0.26993670444645984,0.2229342616636103,0.2195776945356942,0.24181469992754423,0.2950634292283908,0.22962105127598642,0.22732916727982963,0.26371116438845166,0.2608729348511293,0.272843633226735,0.2636365572682245,0.21305308603333975,0.2987119142645327,0.26553811405825245,0.3414089209244462,0.20415322151711687,0.21401381914714923,0.20788187144691544,0.25136484732217956,0.2744135882628823,0.28365113381024165,0.26007190012312126,0.23297122155490876,0.2994259221085925,0.18922310083993468,0.21952277705703077,0.28270646764846175,0.1956466567962209,0.21257367249953182,0.2537286729313971
0.2908625485618196,0.2796165738461712,0.2547322462818499,0.0,0.25995568337863284,0.2598933428531313,0.2920303325590621,0.27906851536173743,0.2371200967935963,0.2662443315367834,0.2963300995184047,0.2634894479480447,0.29405060521308074,0.27732081577161527,0.35729213686286204,0.27683421525379937,0.3336527773575197,0.3346488717100012,0.27651101498642966,0.2805342306425534,0.33441320295998506,0.28043817873397164,0.2877537839501503,0.26970567592905326,0.2914583916815594,0.29441561064605387,0.2856681920361546,0.30309907421493965,0.24213012734062747,0.20672238869891904,0.2792844294331944,0.26214243252014235,0.4161607930245607,0.28634700760053994,0.3001271931905834,0.29370109339144634,0.2857295737150414,0.2974916477392583,0.27010078348214484,0.35019869637470513,0.31064689508012855,0.26877320182068304,0.28939022411749415,0.3108290636964786,0.30891310948226713,0.35306648178389144,0.20874165304277814,0.25929148221546183,0.290463540033942,0.30254122965956265,0.38336689834545357,0.3311813817601745,0.30539928042368764,0.39113375055487504,0.29822046144368847,0.23944342022442208,0.34953123927909324,0.28260485915967676,0.2951975661473194,0.35292021008671054,0.3199448638048494,0.24215544214586612,0.3296538573952462,0.2181176935989611,0.29841118818868795,0.32670061148372953,0.329994072870286,0.243189438964183,0.2698597605845608,0.28647383344251753,0.2876631508795389,0.2877108156500465,0.25315367659655524,0.40397678275666177,0.30887249592227994,0.25526165121340766,0.3078494679390864,0.3127077907373087,0.29402195321068697,0.20186611075351008,0.2545114193033242,0.3441750108831493,0.2538379787076355,0.2644534689473411,0.3335282639302698,0.2873714172020621,0.27988789692325466,0.2895247968940027,0.3180962522200636,0.2399902289405997,0.3111002320170152,0.2916733410938468,0.29218128197167514,0.278197868847497,0.3242693389788208,0.24916764724798884,0.24406334705537952,0.2789368472238825,0.225177021559596,0.32693758042050136,0.2695915647046643,0.2807194112804023,0.29443503947568095,0.25122462175319027,0.3149680493991688,0.30309847599319606,0.32637713053174205,0.26826382719909847,0.3310601725108008,0.2562828464636039,0.321285864295509,0.29243315445302487,0.30023925632419973,0.30335202814123097,0.33523969353062566,0.29151221163522145,0.3055972254401061,0.2266209393664269,0.2730657436573819,0.2745500378789893,0.28530874374824994,0.28850559041172613,0.26157217449890074,0.31797108630816395,0.22350054695539187,0.27220414396590453,0.25372883761811227,0.27205858642285285,0.30378226685794885,0.34043687506852055,0.21971054197063158,0.2867498234482284,0.2508868484605837,0.2758522263876159,0.2710844993648258,0.24343727024932527,0.20613574990619338,0.33555313129707454,0.31670638199895246,0.2911344620045653,0.34545857654116185,0.25784022865346523,0.35911896855935743,0.2848192463007215,0.2861340939094918,0.24507270525158129,0.2664948994127993,0.2797120161609706,0.24781863878848992,0.1883492956069019,0.313830895840399,0.29156640584376164,0.3075997394225644,0.22322242599732242,0.3069206011577882,0.29395203621340976,0.2552600535089113,0.2963829749027175,0.34548627086063066,0.2645236595171734,0.30290453783963234,0.2632513779157988,0.2568824463201463,0.2859248173406978
0.3010918948505486,0.25460563692188565,0.2749557914586947,0.25995568337863284,0.0,0.23149616680903135,0.2995736893002949,0.2422879734878835,0.24686442502936312,0.26660797258722474,0.27016487986486853,0.23282779401022352,0.26418170734409124,0.2554254044799281,0.31181866580336326,0.29123704885870516,0.3205417928142455,0.33793052916190547,0.22591336921041855,0.2685993455470836,0.32381017660690675,0.2942149365970381,0.3100527544725146,0.2701410823562703,0.27037454501495484,0.2600369666422081,0.2551833451941137,0.245338423450429,0.2126305570383158,0.2598878510455328,0.2695347699347803,0.24346859538486895,0.2579875649448455,0.2485656654688352,0.33628902856234805,0.29172659876648954,0.2878822320350818,0.27633741693041025,0.24533609277570553,0.2882268807689534,0.27399770084869585,0.32005762099450535,0.3109518712624434,0.3133098327374231,0.25919024745755276,0.29099090134463373,0.2952893095583312,0.2807676400265843,0.3148438294899495,0.312091982639909,0.3078812455714114,0.27702492515712324,0.267746797684319,0.26339304612355374,0.2512471798323335,0.240254360998239,0.2641132122661573,0.30485348345539603,0.2639087871550582,0.2832207110588791,0.2137620337015387,0.22966621297355644,0.27017321852085696,0.24942324279998526,0.2777268871427701,0.23653983986506225,0.24297049695743386,0.27643229695304367,0.26013822295543726,0.283099682313549,0.294045192137182,0.27908117023852175,0.22283040403963095,0.29612401452887316,0.2533736344133349,0.23199815464636406,0.24956948536390747,0.38577829158353777,0.24396476672992928,0.20138759144500643,0.2548909855355856,0.3010677293266103,0.2937022434228971,0.21847419969930842,0.26921914009561515,0.26122056032829377,0.24121431238025093,0.25198004865487506,0.25764269241345106,0.21693884148570136,0.39781120261007286,0.30989298721075703,0.32796479861440303,0.2168181484494436,0.2929406097148851,0.23901087058777748,0.19598380278966104,0.2594643666165164,0.23905658761074702,0.24978912871271067,0.23365819802345617,0.23511729917972807,0.2523324825609291,0.23936967414587093,0.27097325256330057,0.30446902141934085,0.2618030729635038,0.29650167264354793,0.3437013149459197,0.26410203322217524,0.2719368583101777,0.29690942590106734,0.23527765204096757,0.26606456423776814,0.25768912873565686,0.2683244285873586,0.25451454171390514,0.2552521144127085,0.2368614429748732,0.2597417918419425,0.34149923573686997,0.23482624595154744,0.23815916925153033,0.32006573422255874,0.22829592856092784,0.2305527170485172,0.22769237130056044,0.26118349155897425,0.25105254378710995,0.2857239588374105,0.2397688769153671,0.2589020830945092,0.19178159023020613,0.23962523480729878,0.2394778717011915,0.26971809220102905,0.23454690278655566,0.3359692727080173,0.28172502260068266,0.29715904361207446,0.2234754021016874,0.27477059476276045,0.3224784624165262,0.2800176318419595,0.2896826686211781,0.2512936530724454,0.2898798810074498,0.28217282165971874,0.2641142249495416,0.19315217095122816,0.2421395335144253,0.2506580899952849,0.2944912658501647,0.2601881394744233,0.29133911487958564,0.2759783464524143,0.21057205471511134,0.3025959514579848,0.2325922500246338,0.23152730522183157,0.2608462629585184,0.24090594939544904,0.2441087719516877,0.3142238123804549
0.29486848640996827,0.36919596901185553,0.295574737479777,0.2598933428531313,0.23149616680903135,0.0,0.22160277787314464,0.3216072588801106,0.27021320062655463,0.268705759527834,0.3252371332271568,0.33066090974419093,0.32585363146283175,0.21739336948606275,0.2803586166222737,0.3379319759013764,0.2965846114914679,0.23108802010815954,0.29310038157449547,0.31379947268000496,0.32902051219631634,0.328309111797518,0.205242178514574,0.2674584649859507,0.34657052216723067,0.22984096469378118,0.2142820881525031,0.2602981334230974,0.25113500656095217,0.23460482178822986,0.3216818991238878,0.32271394253854413,0.3039061006487462,0.25382023231535794,0.27119080159081105,0.2597052668325214,0.3049569937288617,0.2673770608560201,0.2647768977252804,0.2310076948644737,0.2650292096325903,0.3037852926364642,0.2511318448291284,0.32545168682802633,0.2839607930372688,0.25260745278791197,0.227923883239835,0.29448479490079005,0.22485855120744005,0.2578703417662147,0.2629492792590196,0.3071096485832587,0.24270987321068888,0.3181852966575242,0.2554135041559405,0.30545716633530806,0.2739572951402962,0.3713280270725546,0.20901201953329798,0.2404979299676929,0.33730999230296266,0.22359092972585368,0.3027344293004694,0.19872241140032645,0.22948463204764075,0.25791781288757165,0.2572495886296052,0.27193585489805455,0.21411693551303881,0.29501513202441576,0.2813323905141268,0.2178828993297406,0.24690648252956165,0.27792365828187593,0.3524570962538508,0.2431960414111945,0.23523846163795134,0.2656155884790427,0.2408192539237352,0.25013739072130303,0.32402027471788486,0.27193808043130246,0.29484595265600955,0.2904262586096152,0.26294635799264593,0.30379804747218964,0.31602855838273824,0.20972636787292243,0.2806345819779028,0.2696720384776423,0.2558867398980172,0.282704655674726,0.2713021235591386,0.2551662714188243,0.23567834828257134,0.35475675919934635,0.2629072982263127,0.31797592516554923,0.19773699783517537,0.25387175942800827,0.24729360114152166,0.23574824088639704,0.2142454357242508,0.2561454776108019,0.26419841452642107,0.30023937408570744,0.28122033789532835,0.3291673796610627,0.2401630495010324,0.3346289214260597,0.28725024865758086,0.23081391122642214,0.3033195401853274,0.26317301437851615,0.26106479725190834,0.30738898057923736,0.29825855138828444,0.21919977080651612,0.3149280826082625,0.24135738316542776,0.24737909347426423,0.24435591318906508,0.28897838497320194,0.30919491521705117,0.26039165516305174,0.31079257335956734,0.2242557339174747,0.2660152259952139,0.29973161718245717,0.2260872981243668,0.28397176581786526,0.360862039341464,0.2359649122262944,0.2777231374421837,0.3220555798188782,0.24855917814407139,0.28106156648717423,0.2326548610276211,0.25447086334139374,0.2529570900108868,0.2776496369185836,0.2987995370801249,0.2600143784682173,0.2574129945865389,0.313913562454302,0.2300296182089832,0.3166052594577723,0.282119481203925,0.3166142067624657,0.21971120434511296,0.27498094991277294,0.2598905383602018,0.2375829544024794,0.22060222603763333,0.3521874247890123,0.30741270241774804,0.26023875576387806,0.35829109070739,0.23067948351028952,0.23452152673954935,0.23736931954634594,0.29054622060132257,0.22201365471614465,0.2839082196931787
0.2723568582537869,0.2618868866394844,0.23135086349517317,0.2920303325590621,0.2995736893002949,0.22160277787314464,0.0,0.22296154702573912,0.2133514281081175,0.2665825996825655,0.25624636003527873,0.26848951640663676,0.28167009387053676,0.26298764720992257,0.34173262642414337,0.2391716755056634,0.2678998594366752,0.29382070291975876,0.25428031558092024,0.23256994917610443,0.2655189672856586,0.26571055011568695,0.3963593794931616,0.2968581546784751,0.2827146071577263,0.263066966496531,0.26576459395082774,0.2591339595498768,0.22762201722176706,0.24157380824267552,0.2624847324319652,0.27968221560432643,0.28246902127179646,0.3086689427906904,0.264216319362723,0.24235528467848172,0.2972469013048188,0.2274962098943827,0.23766875641678625,0.3384010977350995,0.26643243477640577,0.27595908583105955,0.2798154466563114,0.2754110450142074,0.2903634487751756,0.29158396750119947,0.29287005897837276,0.23021316294903768,0.41703470684050914,0.2537364904488372,0.3267985233897201,0.247916138240831,0.23414654250101827,0.2769003590616993,0.2838974056354773,0.23776105694184274,0.2556004912469861,0.24305617085021708,0.318670890585999,0.27013058557032216,0.20926229854314485,0.21342802633949312,0.22669357327495385,0.23581768919121762,0.24479529201717362,0.22333955058374405,0.280042170402477,0.2900614439257271,0.2549095564934963,0.23765187021504197,0.26467958755262366,0.24703079742219927,0.21689716359310746,0.3255730864395755,0.20791428703448336,0.26097315125095855,0.3293808683872566,0.33354203013168615,0.2226575933443142,0.19510982073192978,0.22950414224993543,0.2629442789684727,0.26486938511623265,0.19402918124495155,0.23525424214890703,0.24457893501210665,0.215322221795125,0.2757813666923913,0.27495401281135934,0.21544636716510218,0.2943298945380412,0.3257308765585968,0.28572904544909417,0.23887942200995313,0.25854657343352566,0.25083245190903314,0.18369274142269928,0.2750271046459515,0.2203478732023436,0.3043688278922299,0.23764699757745636,0.24660598459810434,0.27226313872592756,0.23708737910399716,0.22878863634865634,0.27442359253794596,0.23557052724492208,0.26213294306478996,0.343912014023256,0.2673109313024155,0.3455073998968595,0.24397787064233534,0.23744219728688792,0.2197684835714131,0.24168892708682388,0.2593998830860921,0.25939317958864827,0.2707343717383442,0.24795042378094176,0.21813962658388966,0.25111056231307605,0.20701526824564168,0.2179946985439345,0.32473786508745295,0.19897292842534034,0.2602427037552518,0.2196944489065336,0.27237422000577816,0.2323632561777324,0.27497336741908796,0.20879097155718004,0.20829290495508274,0.19250364030180303,0.20642679688471216,0.2085843726159019,0.23622763311428957,0.23294175432291434,0.30710199442784364,0.2656166098322992,0.2665298878394375,0.2410184813916822,0.23449282996238038,0.3033781340068686,0.227450880068467,0.2567071029112125,0.2941229773623569,0.2474965502039016,0.2740059491260775,0.2393022205109406,0.16740767250095945,0.239783162186238,0.2548721081389785,0.25499271795469985,0.29439431631853014,0.2867828029967879,0.26470962882087856,0.25544337620847507,0.29321743297486524,0.2669863569583705,0.2770796513546906,0.2623499654481192,0.2277478302768176,0.22129477027308594,0.2570170505439485
0.28010284874925784,0.3585517602363133,0.28323935382422233,0.27906851536173743,0.2422879734878835,0.3216072588801106,0.22296154702573912,0.0,0.32212133331273035,0.2958422861641533,0.2763428807875973,0.3152150058070991,0.3035322818235745,0.233952471726698,0.30144126463041504,0.3245725958709446,0.31111261639887355,0.2772195280634452,0.27843771063509903,0.30547012217599895,0.3249227172930773,0.2908436502972579,0.24328211441912911,0.2558636049046359,0.3185394663957366,0.24335567125766605,0.26951536560409595,0.28508235259423714,0.22146261644156617,0.24978727609999504,0.3970941920233734,0.2796152059861551,0.3087064380261306,0.2659551529267247,0.2751098111310567,0.2939602104791834,0.2978482073846832,0.34102794309683526,0.298635535404919,0.25960611151134977,0.28296707982962604,0.2892494585515792,0.28081749489158675,0.2683789004761952,0.3717418545930492,0.3003539737024063,0.23876329517634073,0.2501357327682061,0.26001633659397616,0.2727484345033631,0.27114924182429356,0.2667333339713575,0.2673762374443177,0.2855281574061411,0.2642567864982729,0.27746687314387675,0.28806638257847705,0.38035446446234994,0.2535433998635051,0.27088430127680385,0.37295452644108046,0.21898048272366732,0.29767387929616207,0.23067915336916037,0.23886803591475028,0.2596217404940291,0.26917549161873927,0.25684238390661784,0.2687786163470508,0.4423089568108728,0.279717144861761,0.2558747867118923,0.2327318288823183,0.3062256714632151,0.4011301089472181,0.23978618063548982,0.2704714412585522,0.2784902076152171,0.33668125887991973,0.19780758427858136,0.2750119081801689,0.2903802404323376,0.3332238319926257,0.3207670258058669,0.29038685652527385,0.3991547606288802,0.3533079396781856,0.241468963336964,0.3359014216493575,0.2998715861411716,0.2592676083741052,0.2746505762585128,0.2753726481384968,0.24189046775987957,0.2820742742714466,0.31291268827738,0.2900812391432625,0.3091389901522692,0.20665086073137767,0.28869174521712115,0.2529825171481487,0.30555191429292344,0.2256692200886664,0.2859294478467876,0.2993099682220093,0.3283115233077452,0.2995232295226513,0.3784171967919625,0.2727790087858789,0.28056026753810887,0.2464610260189599,0.26010163986922213,0.2652247590564577,0.31723121072444993,0.29454612550541304,0.32163975388658206,0.30224692661075014,0.22649621442772103,0.23826185948115866,0.260970953892342,0.2624018817636949,0.33703139071448185,0.24283294195175847,0.3066033055559843,0.23232898888400763,0.28577943347937185,0.2218753612704871,0.34068074151645766,0.2983783939633622,0.27010573588795495,0.3296829948843869,0.31098359012830123,0.26190598012216915,0.2680050489506763,0.29724561553132334,0.23375773818690446,0.2795509861150251,0.2609907085133105,0.30391725807215336,0.3081211685319166,0.2813808347899999,0.2636230942712702,0.30463212184417426,0.27935360197033626,0.3174796315810312,0.2506898455118453,0.3565985383224067,0.3151964321973618,0.33214498878759713,0.2201308174789038,0.3022933118511073,0.29707740692886814,0.273831312533063,0.24069408273064075,0.38869859522640443,0.34297932488598715,0.24294674705502767,0.34685613068944515,0.21781385388440164,0.22567856711246018,0.2682529830987995,0.2681910300497916,0.25719791209592324,0.2779646757417604
0.33938188376230066,0.2778709998158066,0.23553874090543114,0.2371200967935963,0.24686442502936312,0.27021320062655463,0.2133514281081175,0.32212133331273035,0.0,0.2337759850286714,0.23520673783953483,0.26637684016908325,0.25100189493162695,0.26166391013197615,0.2615661344633067,0.2642210594549967,0.26263893075210115,0.3123678965567187,0.2460927508538517,0.3116760232637503,0.26946155245555864,0.28906945987907723,0.2228722066823139,0.23112401747370465,0.2707810574335229,0.2395538875241861,0.2561967657963376,0.2563848814614702,0.1970740010391953,0.3094024020126146,0.3501885596124931,0.25565528541773297,0.2526390357837179,0.23619526420910672,0.2910533623415168,0.23999194047441993,0.2538480298252256,0.3566020476720338,0.24301223312541648,0.23915073277653545,0.2432160884908548,0.34013869760538323,0.25204816412816866,0.2545153496997714,0.2757539198249895,0.2802184599695929,0.24155234146286783,0.21544987911019467,0.23999806597502638,0.270083723775862,0.25001424568294317,0.27178869636761743,0.27488760319419486,0.23393400791440275,0.21419300104916628,0.33968291725699834,0.30448163616381113,0.29277424959329806,0.2280640761163649,0.2442224201506591,0.23681271444904087,0.2505160014066736,0.2751744600764438,0.22693422799945173,0.2856121540728466,0.2733051851328833,0.2723012544156771,0.2672040988557238,0.24013035216956527,0.31601091800203435,0.33071016936085207,0.27607536070698974,0.28066302498917517,0.2498841597221433,0.3331575332154508,0.26813277352470727,0.21126511639327472,0.2307277480407323,0.31574050015066535,0.22471072879655232,0.2758977301941001,0.35665423041483885,0.3414644058180333,0.26761182017013196,0.31369903721688297,0.3806853096269668,0.2862351091148309,0.2669873885488969,0.2979818404497377,0.38892561894300476,0.2931751050013402,0.3066300128974103,0.23935785163008705,0.26348280950569714,0.31774208274417637,0.28558626298164613,0.27593575001926735,0.29056181766964995,0.2710508048581429,0.2600816316175733,0.2592219659718783,0.21627502588566483,0.25358095852852425,0.24366495829922022,0.3289901832115877,0.29394450486238877,0.2338204698280563,0.30483232555131234,0.2447282370462036,0.22864178938816113,0.21985345914102922,0.3171719869687946,0.26835693439530045,0.3466905572357817,0.28891499906808676,0.32002080964426743,0.29891669172390645,0.21721914314462373,0.19783774318598554,0.2986116847526637,0.293486569840941,0.2789723709905125,0.2725099940317864,0.2943987904519301,0.3397487113734485,0.23454079392095778,0.2417832800245763,0.24557285925392092,0.22936535747875803,0.27446379163868484,0.42366597108618725,0.30827913143651553,0.2577114302247648,0.3565256178712861,0.25353647023392206,0.2644250518061639,0.281154162850162,0.256784454020973,0.26536583401421826,0.30488041562082446,0.24940603763945166,0.2636275567242871,0.30026902157222346,0.2888009129278168,0.2853609323175329,0.2748300117376902,0.3901487964489402,0.25656216566112006,0.2903994915312501,0.21834614629378457,0.3266046993060587,0.26739156699759276,0.2558920598842851,0.22150069829228317,0.2968691826086227,0.31922363697331985,0.2302533647909452,0.2924750792108949,0.24099997251537023,0.24044929668574277,0.23306928460933013,0.33284224249766553,0.3089881838937452,0.3239352464188411
0.2853040745359013,0.37263216350751116,0.3651883340409446,0.2662443315367834,0.26660797258722474,0.268705759527834,0.2665825996825655,0.2958422861641533,0.2337759850286714,0.0,0.2683502817613577,0.27796697845176704,0.2971407239544589,0.25295147306854177,0.27937424205614764,0.2964137203933921,0.3016587876129688,0.3181825689461168,0.24292410090128605,0.26153546898366603,0.2793643737851235,0.30234680259546776,0.30351418253662893,0.2596702756028558,0.38638905788894634,0.23283686514173052,0.254412333367045,0.26883941500326064,0.31950670490751937,0.21691613032634885,0.2948282611853997,0.28609660065794074,0.23723789700193207,0.2637090040223989,0.28353643928758926,0.26102805579831,0.30135377792536133,0.2470914811594656,0.22928252982992942,0.2852300270864128,0.22678011536866424,0.30390533078278165,0.25844350328407634,0.2544039737134785,0.3119176874017943,0.27734859545571067,0.2408773195873125,0.2686975829003356,0.3241990264154891,0.23054981234489164,0.25686696624853766,0.2431941004171129,0.23378018704676956,0.29566640744320744,0.3035574657015716,0.2725065672323154,0.24630752493738836,0.25343849307123184,0.2820738075387692,0.25913961824201776,0.2702375343204201,0.19946794542743113,0.2318146489948983,0.22285872387495018,0.2323264037924629,0.2424683151164357,0.2527531347380981,0.2592313379138711,0.26050336089816634,0.29923754823713755,0.24935457379160858,0.27461693514123453,0.21104510003121515,0.30093726917239755,0.26647986088608405,0.25403388094761775,0.24281431179959403,0.32299028403536634,0.22491096850815995,0.19723801870042426,0.2512671041505413,0.2524816107692695,0.3045885061244344,0.24435357041532915,0.25046777538342335,0.2814801262134777,0.24573380659347083,0.23420216560579066,0.2977930717096463,0.23062160262006445,0.24960768130306793,0.2616124491085837,0.2781722223335811,0.21895283340739785,0.270240163163784,0.3106680160223838,0.1947152206109616,0.2953437191029858,0.20815850744437936,0.2869706744331959,0.24544747880721837,0.24930296331015903,0.21658814641287735,0.311354527882003,0.237653676586147,0.27334840247922876,0.2566331961859268,0.3717667060914866,0.28533361726463075,0.3182778521731373,0.26065159524986875,0.23618844602343683,0.2446396329796912,0.2515564678539014,0.24969502873500474,0.28583597332900107,0.2821183372541933,0.308725470873751,0.26802324601318683,0.24948869226040113,0.2348694210125405,0.2167806352073572,0.23026186667991794,0.2928183351646545,0.20764563062320499,0.3208472760123316,0.20796908196745806,0.2674614592279669,0.3421334574857367,0.26694473082034115,0.27454518431338326,0.23690786526819538,0.20983420040490458,0.2139026087457537,0.24898263766211443,0.2245291188708895,0.25523710874594424,0.27798063136898693,0.3183575901873664,0.25043948131439747,0.25100694357934855,0.2812448348926627,0.3004660788818825,0.23740930638846366,0.2788462458209965,0.24608380377950376,0.23612153925533616,0.30349842704806207,0.4286039967529101,0.19897021630270276,0.23091754547071042,0.2778520358708726,0.24328356002110105,0.2671725380480296,0.2968387579376544,0.27472964795329263,0.21713309669070435,0.3243029268251755,0.23656214908757797,0.24254603580380263,0.3177738782554082,0.25279401086854625,0.2295084339263175,0.2475677490095749
0.32343353566368316,0.31735991712863576,0.29969049680468274,0.2963300995184047,0.27016487986486853,0.3252371332271568,0.25624636003527873,0.2763428807875973,0.23520673783953483,0.2683502817613577,0.0,0.3116538986304629,0.3463807176581024,0.24353866222944479,0.30576247081884816,0.3955273057703949,0.3496144127922695,0.30215670252528787,0.2978060870167071,0.3118815079689464,0.33172665788659783,0.36330287459608834,0.25499396557759474,0.32502762004719776,0.3520596303986628,0.2707285991093849,0.2584469768501974,0.33498421918330745,0.2909731905229098,0.24495963440064705,0.28889518529283276,0.3115946494498591,0.2826255617788823,0.2566303531569818,0.2908685560834628,0.28079445991532176,0.3539950443582958,0.28624809237301785,0.33146587719455073,0.28579180173305013,0.26734212678258173,0.2689320057016308,0.2891921644834731,0.33963354397579304,0.2922679069515959,0.28137924760188643,0.19756352714232087,0.3851328460053122,0.3078745922055093,0.2542060182979226,0.31666691487276394,0.26575033574331436,0.24434101784518708,0.36833258077113656,0.354756070317427,0.22677547702995918,0.32273589365367816,0.3371561133296037,0.2621480055471113,0.28151751284639265,0.3595251884709646,0.19570931408735925,0.3007477411645853,0.2142127136545844,0.22265735630699704,0.26117992262059264,0.28774430947569085,0.2660589022249302,0.26971806899228234,0.31008638763733604,0.2903863105868903,0.2387154627889329,0.2416433911967995,0.3394235285342465,0.32431846457729824,0.2633254821634923,0.3180108192487168,0.29803421583805834,0.25519786527104155,0.22631095646424376,0.28148252653639194,0.25075632282154314,0.28367806617647406,0.2895518200218369,0.24668324111540002,0.27306622275038217,0.2944446928759121,0.23418049596497661,0.2705932067292366,0.2395755995080257,0.30098808896821666,0.21866764559943763,0.36034229888562613,0.28790898638797424,0.25379684502613553,0.2956555457444216,0.22622820258955778,0.22781988606308787,0.18937185489979122,0.2533940874498106,0.2965170567154955,0.27955799023037337,0.21152792632870507,0.22922455055077376,0.25692838755133457,0.2600222216720026,0.2669954449253088,0.3031784536798379,0.2641535419925219,0.3395198073479952,0.34472265956130177,0.23863121681513338,0.26700378172902856,0.2647800480600053,0.28979458182829365,0.28673759182921943,0.2803896058012207,0.27853949850499776,0.2870808198321816,0.23179806553945792,0.2795287370969168,0.22265382077020232,0.2549667377546315,0.35575723991270053,0.23037804811875992,0.34844623955153736,0.19050044973961508,0.28762394564021115,0.29458515130238827,0.259131772108408,0.21993888814514742,0.30560051474075806,0.27125535080692165,0.25594123285201337,0.3656576075264369,0.2629850371561969,0.274730689047208,0.26309119180194235,0.3111622200623778,0.28701963347151777,0.30363396941411047,0.2795507173681039,0.25220101567917336,0.25089593743224037,0.35760581051805235,0.20561036022183155,0.26207727777892836,0.28429887231100753,0.28193416074405986,0.20638135968423388,0.3418614037285377,0.26685451440433583,0.3552119942126854,0.22316780477971512,0.2940273712922075,0.3241443540527278,0.29485810031975407,0.31441066756366165,0.27690392123198165,0.24960517881302313,0.25605250514854216,0.272825240288872,0.20810199277624722,0.3623908464736775
0.2613561182046495,0.338114647448975,0.2757001422387985,0.2634894479480447,0.23282779401022352,0.33066090974419093,0.26848951640663676,0.3152150058070991,0.26637684016908325,0.27796697845176704,0.3116538986304629,0.0,0.24466066972807524,0.18417039500958587,0.2948349596681836,0.29938450157641155,0.28293846856798377,0.2343702844579646,0.36461214874854403,0.27031504747169416,0.31315632041585156,0.2891203510379993,0.24306503321359565,0.28185078291241245,0.34205695118630125,0.21244136122912416,0.24112572000468044,0.25137227788123306,0.25624862164203616,0.2949815950859647,0.3390440746411816,0.2843213630656385,0.2860168403953958,0.2733054469133061,0.23187609610816007,0.2561938922950302,0.27196828265509887,0.26579384797263317,0.3629426023906943,0.24470115164619696,0.2850909555871854,0.2606748687005996,0.26413611685597443,0.2839539497813193,0.2673405531807342,0.2740887397703693,0.23710397416120604,0.265544144690014,0.2568277958770483,0.245784726847684,0.2947734570507293,0.2672222486289547,0.23315197022614362,0.3201934063477422,0.32453981825388606,0.23619766645125306,0.3027574747340999,0.37249372920776186,0.21200067328504124,0.2562399251652517,0.2480894124544987,0.19233120841078702,0.26060206871114033,0.19666628041636777,0.21781667547030753,0.2307519146138217,0.21399352363299626,0.22105264583522052,0.20748623183687126,0.2646742718235377,0.24210666810532286,0.2069021881339829,0.19397418990954102,0.2673236566023595,0.29446042505317543,0.23332860524967666,0.24526439977834819,0.2820533990105274,0.25404378166333985,0.20333060224207397,0.24792399959460332,0.2622111669140475,0.3110290758522686,0.2216100258757537,0.2439523750333849,0.29415568904937817,0.23065406905951935,0.22220372020703535,0.2905416667428207,0.2530151882917429,0.25736280011498175,0.261334162217137,0.3015728115682438,0.25687874281447065,0.2207245214187392,0.3554693042770589,0.22295196501141432,0.2698441059581771,0.18234100667640493,0.23526805677221926,0.22575459648866092,0.25417659008227633,0.21893981744381352,0.3188736007064449,0.23626052716839135,0.2682909913045066,0.26990695716557556,0.2823134062193226,0.24881880892059197,0.3042328679334593,0.3362592569589357,0.2348605275392294,0.21649401604745339,0.26325248651840305,0.24621568050444365,0.2827904541005745,0.272032230518874,0.28540227719377764,0.24881275329823654,0.2089373792778122,0.23352738091115627,0.23164079044048355,0.21401231936954176,0.31996158985505563,0.19506442274944286,0.38661338272264656,0.1908786594507806,0.29824224938681493,0.2914083325566528,0.22255285247386944,0.2527953491814959,0.2631990238852629,0.20966810367705094,0.24773735120076926,0.26897280959850356,0.2112186036042661,0.3009072063355791,0.23500965708410007,0.2539898004705607,0.3102496782168804,0.2347456771707197,0.23523628540867964,0.26792962389588293,0.24109232959973084,0.27966983576955046,0.2395557318557076,0.3602201701974484,0.28737934345924665,0.3222522307252852,0.2076025124422611,0.28063858310264955,0.28673329883332,0.28171274877276054,0.23504863142208876,0.38310434732185444,0.25397457256232064,0.24522712356734258,0.32794962510586,0.21186452391270527,0.22400942315126215,0.20586586208527746,0.23949425624035708,0.21669209202855777,0.27487850872299974
