0,1,2,3,4,5,6,7,8,9,10,11,12,13,14,15,16,17,18,19,20,21,22,23,24,25,26,27,28,29,30,31,32,33,34,35,36,37,38,39,40,41,42,43,44,45,46,47,48,49,50,51,52,53,54,55,56,57,58,59,60,61,62,63,64,65,66,67,68,69,70,71,72,73,74,75,76,77,78,79,80,81,82,83,84,85,86,87,88,89,90,91,92,93,94,95,96,97,98,99,100,101,102,103,104,105,106,107,108,109,110,111,112,113,114,115,116,117,118,119,120,121,122,123,124,125,126,127,128,129,130,131,132,133,134,135,136,137,138,139,140,141,142,143,144,145,146,147,148,149,150,151,152,153,154,155,156,157,158,159,160,161,162,163
0.0,0.8195722946651725,0.6871748032285168,0.7972972810764463,0.8449169572621608,0.7907843444541227,0.8854612347943853,0.7937507399802137,0.906269042370575,0.6957085488420499,0.8608088590455829,0.8307502945799871,0.8625467100237992,0.7854991445989038,0.8954635956614353,0.7968021037450458,0.8188114940874591,0.9518119247302965,0.8398589672196425,0.9062232450340743,0.8284451695366505,0.8211144713677275,0.8489760797096928,0.8959683038278528,0.840417048883311,0.8127490096660359,0.8306641407651343,0.8296660914593744,0.7020697638271081,0.8703257138466006,0.9056063543267371,0.8154587726393471,0.8197297983111392,0.8541425354577488,0.9039793987256269,0.7457960128511987,0.9231547253356696,0.8262834926226249,0.8286143034216551,0.8881520551124844,0.7784990037825302,0.8435947097801678,0.8432484889765756,0.8509001594654787,0.8637236861005836,0.8944553790949064,0.7808071875558705,0.8161028744625672,0.8908597869808434,0.8333195967611502,0.8923615116554545,0.8137671695751614,0.8208039245426134,0.8016804600290182,0.780241947214869,0.7870239590995142,0.9160371840810256,0.8236022722053985,0.8235704273282746,0.8310381682689896,0.7816422222498218,0.6644974300442688,0.8012112830103462,0.6780046436535713,0.833005677220111,0.8371691861261943,0.8948757416700811,0.8623544664908971,0.7610637552008465,0.844645511448428,0.8989705701437193,0.8085537567342632,0.8227226422010528,0.8635574859263002,0.7927730125893371,0.8797760589366418,0.7966656463522344,0.829113463343868,0.8616783320148641,0.7488891789594733,0.7245233442767227,0.8965446645322638,0.8757781265699441,0.7403983510397355,0.8536702500532612,0.8663266817293844,0.8392341752878476,0.8865008884091495,0.8402611204830706,0.8401550365017924,0.8979435484148561,0.8580110302292694,0.8213987168776183,0.8665781162797599,0.8831541836374777,0.8003272250050698,0.7070426450353114,0.7631030295290474,0.6953680573082082,0.8453594239491561,0.8173331789029974,0.7323796266979884,0.7704464608333281,0.7079821897959485,0.8287092385181662,0.8228351987514931,0.7192576955800297,0.8007503855021755,0.8612963954045868,0.835125699596518,0.8650837118806497,0.8451298756741659,0.839743646609213,0.7910418233339842,0.8478682456890829,0.8673178872305276,0.8582716344713449,0.7740443852556972,0.6936185693976865,0.7235332576032217,0.8347863171748072,0.7196499121363709,0.8553890401937433,0.924355752267356,0.8214295171674497,0.7840833543590916,0.6838342100223409,0.8217575467134934,0.7050452581279307,0.8139452271437052,0.7695167262629222,0.726599722582906,0.8058766069051116,0.8671103147572593,0.800184336776992,0.7706820169750844,0.8897639238808801,0.8881557056264564,0.8145977164786665,0.8795440919807417,0.7780054515246787,0.7515342349748392,0.921408985773284,0.7311029851841876,0.8415754884447786,0.9191551967560263,0.8558916225845795,0.7555801106633063,0.7416623095961021,0.5918108529049577,0.938370536071757,0.8040056567228878,0.8460926650525171,0.724784172199151,0.8013850493852569,0.9058326072403817,0.8788311312873587,0.826021673653555,0.8559306906240765,0.7912432863814362,0.6698971652349907,0.9032141604842667,0.8383701156886691,0.9679728206068628
0.8195722946651725,0.0,0.8806133810963526,0.7840684324582051,0.8016186074911316,0.9151729158227607,0.843089960539103,0.8583532072637622,0.7946436283800254,0.9077451443154992,0.880691554027161,0.9505989038147119,0.8779704501664373,0.807221776605706,0.8468922392366593,0.8826469297527176,0.8905992672838997,0.8043994571955567,0.8676849183516941,0.8742313779585228,0.9009805509308306,0.9140068256867933,0.8066118915528944,0.881488334109276,0.9278635880420817,0.7328373296158927,0.8240868992546411,0.8037401662722554,0.904230412112881,0.8189019495131056,0.8959120253881842,0.8848529919039488,0.8593031877503379,0.8431716655464041,0.845806232906989,0.8652919639450175,0.8597116514937642,0.8413318417177609,0.8697215484588698,0.8606328597095138,0.8738149864663406,0.8751813673755197,0.7913688529554105,0.8504010765755221,0.9165661128446468,0.8259954325636316,0.852917600840702,0.8628096124426082,0.8384003438502408,0.8107737278490829,0.8108415296365507,0.7893163316389799,0.8068077308498921,0.9011770755805247,0.8664695575162961,0.8381558268738075,0.788166794663829,0.8893958097900577,0.8665191206207883,0.8227105806777429,0.8330931666731133,0.6719472190410081,0.7620859934857643,0.7864698560131894,0.6965700418726737,0.7247861635188457,0.8197851842560547,0.7974675670331288,0.8198667094825737,0.8116374191979316,0.7750076490667211,0.755284839971494,0.7341184819137657,0.8619362558340381,0.8907996939279047,0.7722436300955046,0.7614110667816193,0.8921148575141391,0.7772730153994423,0.6807596793825786,0.849882478686325,0.7629601140520128,0.9008214358269677,0.8149745279616322,0.7570646280460088,0.908455053232505,0.7770503308335724,0.760498584010025,0.8272961146258336,0.8189279539028907,0.7849568782012384,0.8711295671044982,0.8658254618503513,0.7391829711891146,0.7740980461616725,0.9262764439038828,0.7578397082904105,0.9002636150028022,0.6743540543630107,0.8283432181721079,0.8048617263939072,0.7387087579989435,0.7098614350336255,0.860777140775344,0.7723897234089819,0.8321438835704971,0.8094427520121908,0.9369754971677152,0.9139186406810305,0.9393595521317745,0.865011626408422,0.7323711382548747,0.794540922225092,0.816360157210395,0.7588788493528745,0.8194210498917,0.8769707653223494,0.8296014919294807,0.8423937319903217,0.7236651948602771,0.7320938307630734,0.6837149081635554,0.8207605188080245,0.8600547325599808,0.7141969189178128,0.9261263204984604,0.6958623198613214,0.8750147724428629,0.9140069339313953,0.8113362654858375,0.8685434981365369,0.8083438662924662,0.6848163665223278,0.7682405978447604,0.8573906653822924,0.7233975254409697,0.9075495419469466,0.8241630415837995,0.9160644643515238,0.8419088191714675,0.8083086656729587,0.863788311883736,0.8739371084451624,0.8331076542217226,0.9062223216188376,0.832535859237327,0.8614587119236531,0.891480894803767,0.9450710867575168,0.7341481541977716,0.7654311136343526,0.8765479181139919,0.8391076400493618,0.8936994432298666,0.9123665426493602,0.8253364914450299,0.7865354505340714,0.8750287545246839,0.7715000175860461,0.6838396236668699,0.8587723379854533,0.8034001921985713,0.9485505262634754,0.7687561443594482
0.6871748032285168,0.8806133810963526,0.0,0.7079395392669386,0.7558387998039203,0.8755860656291438,0.7076263632101756,0.848922030809654,0.684620119298432,0.9134556641623786,0.8420621107275553,0.8714426635860655,0.8146309871335617,0.6709893564229352,0.7610536993222046,0.8732611185111955,0.8260898878674091,0.7091239144884479,0.7780542510071204,0.7536434520117324,0.8870948774570534,0.9210234631306344,0.6732492147758568,0.7835577117248604,0.8534580723851803,0.6906868529525787,0.7147260125348409,0.6965020745142536,0.8683755107648429,0.729116212095105,0.7679012617739994,0.8064451980581607,0.7646053720018393,0.6872803901772726,0.6848294071904683,0.7877906724171653,0.7798269201078919,0.7713258624826481,0.8078805409875407,0.7323087690042885,0.7925611160228142,0.8079864071315431,0.7820992976642818,0.7629628716679228,0.8177394102673838,0.7200639762516181,0.7682378154882619,0.8507978385180874,0.7114881412981108,0.7323803870587139,0.7273494931788871,0.7118174591011927,0.6708536783703111,0.8524631357984241,0.8081173369388557,0.7225642318579854,0.6800478884120174,0.8705833195116701,0.7673989018101663,0.6849261424780747,0.8221246409595891,0.6087139998381438,0.7677273856299183,0.7089315187422445,0.6214176930038605,0.6705829555967081,0.7127013990672831,0.7884669754790936,0.8619838550898271,0.8104318280678053,0.7206839856507598,0.618227763578454,0.6416766071568626,0.8161340634087201,0.8649866939538288,0.6167569416461993,0.7319589938572303,0.8081238688528182,0.7023362772785026,0.5972559219180876,0.8754332054565803,0.6780510013472852,0.8241211381852519,0.7856803520560356,0.6458342728373864,0.8099874660906321,0.7531732215171102,0.6525376077244498,0.6966568729809667,0.7038015268853495,0.7034764227197305,0.7012792847827329,0.7762161613923627,0.6104975280702102,0.6580177339504987,0.8705512282979754,0.7469959543242656,0.7871815952170236,0.5607827269544908,0.6809177031053212,0.6699708896670058,0.7775755639916809,0.634903816161508,0.8462122912356767,0.6731069935953815,0.7783370845056733,0.8135337414296171,0.8584133816047389,0.7874266604804255,0.8677325272973433,0.7632848513261754,0.6311900052986171,0.710992727188196,0.751714634773169,0.6410330185021962,0.70103779070958,0.7100171725651045,0.796185693151886,0.849485025253841,0.6146757021385713,0.6419647611539001,0.6682850568996386,0.6742389683531934,0.7451585319595745,0.5911807289335272,0.8788540733859757,0.6113814954145474,0.8037899823788454,0.8685506356872953,0.7504177984828079,0.7805833144737094,0.8903335260355966,0.6045013741619565,0.6388110556987127,0.8387863721091044,0.6635886566847505,0.7867862760985046,0.6861338846862091,0.8676362929157555,0.7621391134017195,0.7510277992353933,0.7833175296926166,0.7034170441519162,0.8079649135857485,0.8314846820473014,0.6962411767733159,0.8016128818706917,0.8752045461467518,0.9299000192583015,0.6935333940785086,0.6548559658553537,0.7569837625475824,0.7676572279210228,0.8833932894635618,0.8726023649144621,0.7695087403113583,0.6967332360878784,0.8222609144465494,0.6338544643109326,0.5899811886028956,0.8718791682678653,0.6348224961029573,0.8534859845043238,0.6643210509510329
0.7972972810764463,0.7840684324582051,0.7079395392669386,0.0,0.7444583802656588,0.8331059434021677,0.8555234854267605,0.7893488047838496,0.6959907317231707,0.723802358083585,0.8345377810950952,0.832414325097266,0.7774795423596249,0.7028519485960208,0.8126422726263723,0.7425328942159,0.8035339032143739,0.7868153955059427,0.8597551413175608,0.7058784370889125,0.8279593408207007,0.7520405682023917,0.7924175780018006,0.787600586848382,0.8196328406839722,0.8103304888708931,0.7614292992772994,0.8242435672968906,0.734181398000366,0.7214848801039694,0.7961554415111296,0.7635447748057984,0.9458939286061663,0.8272778539115841,0.7891660933534642,0.7679221640356693,0.7974115325883454,0.7423492772380973,0.7639590430072786,0.8361749670850379,0.8541262745516924,0.7519199386380193,0.7635906604820106,0.8560223124709678,0.7920746619866655,0.7767098641745097,0.6801899661704012,0.7763575411427938,0.7907447384701076,0.7233251515199288,0.8824522283516313,0.879060247778756,0.7601327804263479,0.885423029570262,0.8102024991020592,0.6895695613297695,0.7778923222522222,0.8610901441632641,0.761304170786027,0.7401097555468532,0.8065210477837764,0.6253166989119158,0.8629507561334728,0.6122668356008663,0.6844497449380048,0.7402552846450746,0.7875922344468446,0.7228275037092283,0.719205874892417,0.8261772321668652,0.7417206370244044,0.6724894245637629,0.7931060153048957,0.8539083748923009,0.7979116846274348,0.7402397360275207,0.7568478847565355,0.7902578768633463,0.8286310634314554,0.6848716462881109,0.7808308038340965,0.8036218791403362,0.748299300336625,0.759074229715609,0.8334023290600642,0.7698715450911904,0.7918148442867601,0.7699801874192418,0.786012707851229,0.681803343882127,0.8694271124505125,0.8354494081831081,0.7839571335339807,0.742679156136498,0.8258032978695625,0.8051170649297685,0.6809065389747984,0.8163180138350397,0.6177240454488582,0.8440051440523573,0.7116920884260881,0.7203884963413737,0.9169688783797237,0.8035500702638546,0.787521309157953,0.7232015852205492,0.7457193629929514,0.7929592772777386,0.803021452523981,0.749788804742922,0.8993944503802581,0.7536133789137062,0.8503382611746724,0.7457825767771484,0.8300010274969272,0.7963095387385046,0.8501307566244202,0.6919150371106426,0.8477711577659749,0.7295158870744467,0.6542339496016425,0.8196254377184539,0.7408050543973633,0.8469878496230534,0.6585500586495607,0.8189136086089944,0.6769564914367114,0.7274652942093108,0.7845754413071386,0.6934557787714137,0.6734266505225619,0.6983511642633842,0.6898250594715217,0.7863262482910669,0.7178432973039504,0.621764459078484,0.7062113993137376,0.7869641101044272,0.759360288755746,0.7716656139861904,0.9067352723112193,0.6783855525081857,0.8358274508901156,0.7414687774949342,0.7634652487911475,0.819283660893608,0.7328402123606629,0.7588495405411636,0.7176000657826561,0.584133055944683,0.8384870425906886,0.8464086860441856,0.7481790355654181,0.654393544766292,0.881177053030458,0.7486468052341229,0.7420440846057962,0.834954141225203,0.8882992715777404,0.7645085256220253,0.7666033691784202,0.7966874800079841,0.7747979361000756,0.8013665574285895
0.8449169572621608,0.8016186074911316,0.7558387998039203,0.7444583802656588,0.0,0.7514375127876249,0.8541852615941842,0.7196149674313965,0.7866123586760351,0.7125776235524061,0.8373436817796742,0.8298629706263427,0.7511471783020026,0.7032781602273824,0.9048092622485688,0.7826798979135954,0.7891108957607015,0.8602896697135398,0.7982326709223276,0.7976502009765617,0.8654220270332258,0.8645852478090581,0.7755001407581535,0.8801688494039446,0.7953835867945628,0.7837466820639863,0.729430399744148,0.6993580262510259,0.7489551150533397,0.8234575159247729,0.8377549368914332,0.751321602330285,0.8094176764111957,0.7235285321744883,0.8265292979405363,0.7691929839980026,0.8167106948828524,0.801356021227904,0.83812442753732,0.8285147585745408,0.8487002495299595,0.8023240484899806,0.8698257788853745,0.8800322512724588,0.7710298367881984,0.7889693060825084,0.8504609151807574,0.8421052330479979,0.8226479979907403,0.8399187633473064,0.8517913440131902,0.8003039051157766,0.780020424008992,0.813449459774123,0.782260998204449,0.707234123557272,0.8152144122703789,0.8319928232586226,0.7937669640017522,0.745215217826709,0.6862043282210403,0.6290004826825693,0.7993478098033563,0.699705248525781,0.8068639628826972,0.7054031009387276,0.7173501320366598,0.8442663150841488,0.7810214021968123,0.7617684666585861,0.8480235294391645,0.7448793530961225,0.6776210676115886,0.7993630950204473,0.7347359371066576,0.7201078096487138,0.7239435826484584,0.8747356544731226,0.7740285120434448,0.6730320120411861,0.7506646876228512,0.8236723314303863,0.8606968188153682,0.6770989138168153,0.7480802994139523,0.8028157623844798,0.7066016626902364,0.7833146929003756,0.6963093342277324,0.7187035665689898,0.9006751203157182,0.7975990658499704,0.850547310037666,0.7209400389356435,0.8028076503623051,0.8140933506320389,0.6705626403157977,0.7307462738507997,0.6667947350520148,0.6960785497795874,0.7365196914501928,0.6878637530635666,0.7405786299280059,0.7620700364807798,0.74732521501293,0.7721067515873705,0.6926568039203458,0.7535741155567778,0.860902250770881,0.8067935913595846,0.8239578449419152,0.8134261129754088,0.692032525967876,0.6891778916829041,0.7523801431990284,0.7637868834304575,0.7496266724240158,0.792019660160899,0.7259313578257583,0.6438372622785962,0.8603385326890338,0.6689624667781885,0.7341207854341736,0.8594299851490765,0.7407423955619775,0.7957097383971248,0.6194179769109666,0.7818883839071198,0.722111679731718,0.829763611560522,0.7047902304364592,0.7389076893679104,0.6343134278638183,0.7701757435439718,0.7885279586696794,0.8165329776736808,0.8450553474235835,0.8776907348745497,0.8082532227247577,0.8528757387437081,0.7575692501934355,0.7336467855978638,0.8066217640610049,0.7615169628207454,0.8412238052089539,0.8377810370532844,0.8813098917766006,0.7664589255590374,0.7670794339163352,0.5965800972678061,0.7891016095065959,0.8012199300825535,0.8206474518834236,0.7760585799618855,0.8117963416385787,0.7875388803428968,0.7399055499924123,0.7905178001484363,0.7694474946763478,0.6778878772267886,0.7086369542935579,0.7742899226252956,0.8236529253196051,0.8792000607475134
0.7907843444541227,0.9151729158227607,0.8755860656291438,0.8331059434021677,0.7514375127876249,0.0,0.7907814165793433,0.8952614739534174,0.7476571130272459,0.8642377121964008,0.8721012747299923,0.92129076988529,0.8963149908676474,0.7547583901228962,0.7726879734292804,0.8931675605803765,0.8936202067554798,0.7441890289941693,0.8448743540193797,0.7866445992991415,0.89798510475374,0.8451961779639389,0.7469546573799857,0.8055795562326832,0.9027049116441409,0.7946641005656427,0.7734702105160516,0.8050726477821191,0.8437096005155926,0.7902560726967351,0.8374769891992614,0.8820101375289935,0.8696967416874436,0.8389362724678198,0.775882825524466,0.8261243064855724,0.8656180979676819,0.811663073298213,0.8062128744491293,0.8017561170614438,0.8336351540903025,0.8672789854290652,0.7739441430045756,0.8417503814618974,0.8845734673865759,0.797480599857451,0.8086399751975424,0.8555499517995817,0.7704172611557942,0.7483267842296714,0.8174484093158434,0.8539580815081699,0.7352522406775798,0.8929449936038667,0.8401088551998414,0.8381935173395861,0.7550916689923994,0.941798159177534,0.756311890436413,0.7698061527409149,0.8830375973419775,0.6951145082022296,0.8448914387540365,0.6970387786259489,0.634642824356559,0.740677407694666,0.8152839379826529,0.8049374635632904,0.7875449442391624,0.855165086174125,0.7723860816318062,0.6754831005550661,0.7802930597894842,0.8763500098753472,0.9219207702337737,0.739195571273683,0.7811131224236673,0.8706508865815874,0.804302618013503,0.7316372824072058,0.9356055992086841,0.7471461255310806,0.8640970037523812,0.8767102171150756,0.7901686800684791,0.8789330671571512,0.8545020569308414,0.7237284316758286,0.8335794523609781,0.7902848984598435,0.8000018483907828,0.8349001081307497,0.8031075072893967,0.7133965847389668,0.7502936059544979,0.9105007091445431,0.7555788657469651,0.9177939105261717,0.6388986214015326,0.8467710099920187,0.7439796497909749,0.7690432965913429,0.7509786777954809,0.8412421760181282,0.776591907870781,0.8509291382019564,0.8363619235400662,0.926007286157054,0.8366703490936007,0.8884046349812221,0.8661983303103491,0.7068186639356957,0.8897856147947893,0.8289357299703657,0.7753920366931191,0.8343178989330526,0.8685519519244415,0.7490236286798003,0.9057355096753812,0.7597864469331869,0.6659621061873906,0.7727176595503628,0.8209096519658811,0.8525677070066346,0.6603106544063517,0.907842764552967,0.7269189567322324,0.8533670872219483,0.9085453645284658,0.7271259591524903,0.8458453718998411,0.870975658171647,0.7061934350445379,0.760239362983855,0.7922258519528038,0.6429543345079537,0.8296720792204684,0.7436871723279433,0.8120733804896252,0.7834015023439281,0.8244010052369442,0.8326946772072324,0.8192352291251861,0.7988928872795806,0.8637431783712286,0.8178236288610589,0.8184100785757624,0.8797745197440349,0.8781527324551489,0.7245572933928205,0.7598898856930204,0.8307986831885583,0.760309282639024,0.8004605868634824,0.9327755622876214,0.801132121291826,0.7556988582708146,0.9298044755674194,0.7462486751303907,0.7150861552335579,0.8513569161874609,0.7804300469412397,0.9012831826865477,0.7467413783478399
0.8854612347943853,0.843089960539103,0.7076263632101756,0.8555234854267605,0.8541852615941842,0.7907814165793433,0.0,0.7517227066514874,0.764825545750792,0.776012509978584,0.8671602907110961,0.8960839801201324,0.8122603846381685,0.7107476344625023,0.902581525477854,0.7910187350766476,0.8331717788700875,0.8927030466506294,0.9061188831671443,0.7983439394060072,0.8407046944612514,0.8027475853971785,0.9553793665751881,0.9200504195999724,0.8947234845783711,0.7530972754038803,0.8393738797893203,0.8588400000889207,0.7739470952614418,0.8749400553681864,0.8696527810981731,0.8262238240136723,0.8580462664500657,0.8887737983618544,0.8336785889812113,0.734134054900516,0.869749813598762,0.7371900632937171,0.8269669868080312,0.9271836410546577,0.8101756956322727,0.8200809352676014,0.8175750230736029,0.862123173573027,0.8171401807115444,0.8613212906398846,0.7761267093405732,0.8056432480660819,0.9525340516734543,0.7548386249746899,0.8970580061210797,0.7852651736608659,0.7888515362998082,0.8376015549291125,0.8249780896952144,0.7402943486034835,0.8510947295509371,0.8376744022409115,0.8560895918037816,0.7915578945956429,0.7424311478635202,0.5952088093723132,0.7433199559994281,0.6347605858340599,0.7443079821554266,0.7331678031358277,0.7968347890693116,0.7892217465542068,0.7221666614868452,0.7976175049014343,0.759148150543615,0.7377921253304307,0.6968979117575069,0.8612863539886095,0.7523339418921695,0.8695957031673551,0.7957821817082668,0.8971281650390943,0.7789619562269378,0.7395077698046278,0.7283171371722819,0.7923363240942806,0.8736368296690792,0.6762013781275281,0.7809894989909556,0.7790318860198626,0.7401966981157707,0.8325955376377695,0.8376487521765996,0.7432752202048909,0.865329124917996,0.8554255611729535,0.8601550906423182,0.8137686763701402,0.7902710955949208,0.82881851393954,0.6233666132024683,0.7794089174797815,0.6217586364453995,0.8261710983218773,0.7689243176007338,0.7147536330057009,0.7986564310735789,0.7912700474783511,0.7287271134408254,0.76106214626105,0.7201412419715267,0.8392243794283889,0.9019452197920328,0.8530299127777311,0.934364388756803,0.7452668118926165,0.7540007631249099,0.7455087454343673,0.7801168641103016,0.8253976587807388,0.9058017616712173,0.8213307461662378,0.7478320419080791,0.6630337639386014,0.7406121411643077,0.676697126581538,0.75382612050443,0.9535004698226177,0.6998248875003582,0.8494281139718466,0.6183707832027568,0.779312638819201,0.7463232217896493,0.7462203445181305,0.7276928217839992,0.6658802154584603,0.6982527552397871,0.7451325270737085,0.7505899180975104,0.6954227094993892,0.861472184641438,0.8588192167231147,0.8236072937793942,0.8790695236349572,0.8153384472006939,0.712076833015039,0.8943646272338025,0.6904742072303774,0.8159793512065596,0.872158876635074,0.7791707601156203,0.833350812883587,0.7751046532002918,0.5706486811850411,0.8528039297252517,0.8890097412050428,0.8198711898494567,0.7527803680621882,0.8732608118568741,0.8095912063154649,0.8580401455924112,0.8668041675848603,0.8742112886831274,0.8002615245065661,0.746916943502226,0.8471124630940167,0.8163201848003824,0.8749129495440586
0.7937507399802137,0.8583532072637622,0.848922030809654,0.7893488047838496,0.7196149674313965,0.8952614739534174,0.7517227066514874,0.0,0.8097016682993493,0.8220280521350126,0.8436916867780344,0.884968079925818,0.906943510303631,0.7309911515335061,0.8060259012572071,0.878804486901533,0.8253584718717546,0.7846264416267532,0.8090922083249694,0.8103243646376099,0.8429956442277509,0.8514586246203677,0.7402642397874464,0.783241461043076,0.867453152643082,0.7869149969375183,0.8376582033016736,0.783498742421598,0.7623528658105606,0.805480443846981,0.8716380501423802,0.8576859634398923,0.8302154879883094,0.8050725141836814,0.7461431241798353,0.8022201671425829,0.8819576619489271,0.8311111174735195,0.8305946069090826,0.7771657146174046,0.7765071460543428,0.8119425542975067,0.8255997109037512,0.7643636679768105,0.9475496749223867,0.8556808115629199,0.7580909523292146,0.8098577167197664,0.7577002586589835,0.7740882794100539,0.8090258547335728,0.7568240047482611,0.7013492080281144,0.8416937800827057,0.8160933399559188,0.784040988933939,0.7625833254093861,0.9184698371096944,0.7469877665898812,0.7873339731778777,0.9147542993199386,0.6970228507083015,0.82503655029348,0.6801761753340281,0.6543728869577002,0.7787537991696953,0.8590735179796208,0.8335945130111361,0.8487255018826038,0.9424942775150935,0.8095410972736778,0.6755461872934432,0.7317738573988294,0.8864149895465184,0.9105946257117882,0.7178849892761039,0.8194902251292862,0.8036972708491417,0.8673419359250352,0.6287187940798457,0.7818081570031244,0.7850894992657025,0.8565501168263635,0.8571181811895678,0.7473837092920341,0.899924737904683,0.9183108826755896,0.7810692943038422,0.8566272463816866,0.8303816351655326,0.7818954167316711,0.79604190622187,0.7780023486430546,0.6953090875240121,0.7182108868417955,0.8656051278155086,0.8014097152487926,0.821210043892542,0.6059618332514095,0.8334708643399434,0.7349501625632997,0.8747285701624373,0.7288568657410748,0.792418115750124,0.7937064122085123,0.8829875281879638,0.8519354049820513,0.8533880350519898,0.8254349517031551,0.8207284253659852,0.7956518262657699,0.7081113405363207,0.8169552121536067,0.8720944646885322,0.7618609784667515,0.8010106457475594,0.770634787860189,0.7622084759579608,0.7600634101626567,0.7157495216640561,0.663698223135454,0.834808459058763,0.7148234054727455,0.8186141688830274,0.6230804350793222,0.8646561463101045,0.7017302305883213,0.9098078978807478,0.8117119110673509,0.7786983982409165,0.8385211897848508,0.8586730757154203,0.7503449209263069,0.7290248591574298,0.8115922354955488,0.6314061512267182,0.8215105024893234,0.7401555380895609,0.8578902431861185,0.845520656443136,0.786050025525382,0.78021984769556,0.8039571842813226,0.7927945648796288,0.8254460890778773,0.8127225641869263,0.8385184503007689,0.859412746706835,0.8429114728321963,0.6645914580748055,0.788688715923704,0.7483313796460603,0.7853760872000201,0.8217041679395419,0.8745982911957658,0.8839795295324022,0.7656537035116194,0.8732189008641339,0.6975407139374863,0.6837485267599425,0.7545643884070762,0.7056945739003416,0.8969255767594216,0.7283398738665634
0.906269042370575,0.7946436283800254,0.684620119298432,0.6959907317231707,0.7866123586760351,0.7476571130272459,0.764825545750792,0.8097016682993493,0.0,0.6705504586705853,0.7404450847160069,0.7762224983313541,0.7901473236093528,0.7455754406074843,0.8348994728549447,0.7307855434343913,0.7216967826635923,0.8592677494476523,0.7286850914488573,0.8577877391214133,0.7507054195077703,0.799583795859119,0.7439707825322591,0.79927194490071,0.7727007415645606,0.7433618144009887,0.7873977142202837,0.7065370287931297,0.6438643341286439,0.8321777600571679,0.8752594783870924,0.7290146329569931,0.7560950884368928,0.745988287710069,0.836480832615162,0.7204233738514154,0.8328307333167129,0.8002217903253103,0.7537811385178461,0.7653179815520945,0.7310680348460525,0.8507384054164795,0.7663270136274066,0.7464829787651666,0.8419257987255242,0.8233862150051848,0.8217980362556101,0.7211453889031663,0.7544373732718909,0.7898229232685384,0.756634700098525,0.7504828430575671,0.7320828012349951,0.7140666469076455,0.6820689075574454,0.8459094034728921,0.7844330929231006,0.7758757865236529,0.7189209824843458,0.7652892192868342,0.7087274867343479,0.6651474243459174,0.7255692406167513,0.6833538561068007,0.761476218700566,0.728448738096945,0.8137107200904741,0.8477712619968597,0.7474414348296344,0.8080198047344448,0.8795465227427238,0.744076095729268,0.740878190794554,0.7569640892497306,0.749395839984356,0.7476296609681224,0.682989511333788,0.7461452110027751,0.8095348175637391,0.6175490047611536,0.6660469049498956,0.8871303445239958,0.8636263420537832,0.7091734194662349,0.7401469922876679,0.9092775944457279,0.788570567285563,0.7905902658400821,0.7747993729056681,0.9127838874927872,0.8171011353178108,0.8436830083802569,0.7186743274386076,0.7186700990934893,0.7797694136423211,0.7836941015191446,0.7045079583017015,0.7736101728645407,0.6943369108762814,0.7746185715778724,0.7288818524376575,0.6770831758802611,0.6994965238358767,0.694808465875706,0.7850102740048075,0.8201863591644203,0.6554035096605763,0.7741508420835952,0.7873290912985677,0.7705988672019235,0.7259949069117123,0.7847256766945979,0.7458681920777945,0.745817109802724,0.7541968385429845,0.8275839474287792,0.7434651500135412,0.6955225051151711,0.6236623442598971,0.7332448709087037,0.774874463710573,0.7087036804445,0.7780408778435091,0.7962935639767493,0.765566928259808,0.711284895403453,0.6789023473731153,0.8157756497022209,0.6610170391648292,0.7930498494187844,0.8482867399333494,0.7110241492800112,0.7112626181859025,0.8278275957440823,0.751521129262695,0.7184615567959868,0.8587677187813588,0.8161910360226189,0.7738333160580029,0.8099874224141377,0.6995907300898231,0.7130877694438702,0.8515476288639675,0.7199858397728313,0.7645073499920436,0.9095874240532251,0.9099594639031305,0.6936845908349984,0.733224324915122,0.5973190403453635,0.8191503975461707,0.6949359748993762,0.7674946633579836,0.7678426413646844,0.7514227507105627,0.8671744876632976,0.7459468201259735,0.7728516987031581,0.7235165087321822,0.6440922399446115,0.6249400890981887,0.7933402528763491,0.8683462156691018,0.8440589444369392
0.6957085488420499,0.9077451443154992,0.9134556641623786,0.723802358083585,0.7125776235524061,0.8642377121964008,0.776012509978584,0.8220280521350126,0.6705504586705853,0.0,0.8462673424348319,0.9119665209336123,0.8208380249459224,0.6798294622607494,0.7556178836557188,0.8649050300186272,0.8292730929281357,0.7200141527543659,0.8270099523484574,0.7503288632951419,0.8271099277746248,0.8564774273089766,0.769173595594894,0.7849196013169971,0.9298303099949737,0.6380884695676712,0.7812734037122986,0.7681054914805404,0.9266027252431901,0.7730330564322722,0.7907043468674162,0.8567010054203972,0.7619028259381665,0.7614368415228389,0.7001247452770544,0.7619794843479396,0.7957616743565238,0.7311710484519771,0.7962056516762567,0.756290206034186,0.7557973305863482,0.8017443587535442,0.7500434935261727,0.7531807781774674,0.8188078598215631,0.725551087460944,0.742488851122428,0.8218583601067604,0.7883515196051337,0.6814714781501625,0.7206198731545668,0.662088032769234,0.664135742208212,0.8292456718858128,0.8401419379775413,0.7343469950322056,0.6767454129080103,0.8489380160540951,0.8118004286432535,0.6978517373959549,0.800840485405534,0.5781559328872664,0.6849411142638759,0.6905995317902353,0.5878966010680458,0.6367130233170728,0.7117844490168469,0.7376873623596957,0.8203159007709594,0.7989779159712009,0.6488989131249248,0.6358090194376644,0.6176492984197431,0.8012937596494769,0.833188943838008,0.6945777965514526,0.7407025187118883,0.8330747860183847,0.6686268347624538,0.6251319506198412,0.8158333182232527,0.6332546855173359,0.8306573422130221,0.7501719845230074,0.6342421868935594,0.7653287043566972,0.734956912346098,0.6801677444682124,0.7681522669500873,0.694465216125652,0.6794826746567308,0.7310850515727522,0.8004466719172925,0.635321486492922,0.6298805182199351,0.8891839716522296,0.6641849488289874,0.8079159386620023,0.5542275416141452,0.7151500740561517,0.7027129991105223,0.7591327809077686,0.6479297971562222,0.8852224899536076,0.64685693806518,0.7323929335085939,0.7800240086792145,0.9188753500846389,0.799686208137874,0.8834387314633144,0.7995141910081551,0.5985788744382398,0.6992805937446626,0.7842420754909064,0.632882357475805,0.6994650567226555,0.7941440505139328,0.852823642017243,0.8326398295541694,0.6199827739615129,0.6029164954440978,0.6376578143272347,0.6691588990649708,0.7727016740510869,0.586926349463724,0.9223357536010403,0.5812061390678261,0.7833695400317822,0.8828960344869446,0.7094180320839298,0.8033497401810922,0.7620247659558317,0.6216442180167427,0.6104923756951101,0.7903388699085288,0.6226538318111455,0.8169382198308084,0.6865603567808499,0.8775498120858009,0.7813001553376439,0.7742948761836544,0.7829034082084517,0.722796718614201,0.7435838327418929,0.8219441241436136,0.711467060634729,0.7293617469984858,0.9136977910695153,0.9645698001189551,0.681624071972897,0.663512771133296,0.8342172537528835,0.7527822111509561,0.8647830215436128,0.8937239149603989,0.7523650145119419,0.7382434426575353,0.835376326051873,0.675552925804936,0.637266042852591,0.8990320317793177,0.6782702549954943,0.8481946133941665,0.6500855333159781
0.8608088590455829,0.880691554027161,0.8420621107275553,0.8345377810950952,0.8373436817796742,0.8721012747299923,0.8671602907110961,0.8436916867780344,0.7404450847160069,0.8462673424348319,0.0,0.9213598517522368,0.9085049972498042,0.7673700948156204,0.8753596134990249,0.929822837055376,0.9270881431462116,0.883925886307592,0.9309873482664822,0.8752846691888252,0.9337766061230143,0.9078967324558566,0.8335832935536387,0.8909428168958615,0.9275180075673304,0.7813826678576955,0.8311646653592717,0.8737979782196299,0.8737959155398048,0.8317948834752431,0.8777253692795468,0.924185232486467,0.8457641176430506,0.8461311999426671,0.8309992933059392,0.824396539703466,0.920837730976779,0.8580225227916454,0.9240113687994949,0.8822706992122972,0.8331105112025476,0.8028034489618575,0.9139734059955614,0.8914808301273652,0.8829192604911542,0.8486724078273069,0.73148152007146,0.946912868659884,0.912085698182128,0.8405662776698563,0.9198623464031171,0.7757765009372858,0.8103582589711171,0.9326702058871398,0.9419535681397223,0.695296207664897,0.8798385558074536,0.9191200770902669,0.9155658631653695,0.8169308688399182,0.9023865836033202,0.6492924569508447,0.8607214106746129,0.7210937299992768,0.7571841050161374,0.8285420159334727,0.8446445887133466,0.8214841185426275,0.8844510513594255,0.8940802808091176,0.8035200735147497,0.7619318859577577,0.7735717586213002,0.9476397290953995,0.9047824408099885,0.8118304111040404,0.8913376528612602,0.8896162772455366,0.8230626946674898,0.738089750854976,0.8363755099490957,0.7719503500205525,0.8498321221294834,0.8151981738460127,0.8166640701484165,0.8135613686012854,0.8604210683690008,0.853359573692759,0.824976180691671,0.7123765105843959,0.8466007422321259,0.7814558879724635,0.9321713889619463,0.8131619337752591,0.8169388845103301,0.8628473314640118,0.7588460539265396,0.7617980176477226,0.6272671209115149,0.7957537782895846,0.8271166357839032,0.8586560564324103,0.7544821370086002,0.8050308581631542,0.7997282270316924,0.7981406596854512,0.8613456661267201,0.8528576635665115,0.8824169325992818,0.8926593221450475,0.934605309320861,0.7715896776054,0.826462057595856,0.8596876909949498,0.7960347035061268,0.776076749395592,0.8629108168607923,0.9082571065948792,0.8419779972810381,0.6606759090492813,0.7635280105366293,0.7258885684860475,0.7773386017059143,0.908766863337796,0.7147123433784702,0.9350474363842524,0.649530021186883,0.8400505787848823,0.8508911585091525,0.821907102549413,0.7316708322981331,0.8321271131700481,0.7729746181495101,0.7520743322152194,0.8911257227889996,0.7539482819495291,0.8580745960291931,0.8229296889241806,0.917423128751792,0.9096978627445503,0.8502640914754777,0.8311193786424812,0.8364214738749545,0.8213448813900021,0.9266725577846289,0.7907557173530734,0.793131622240462,0.8896477460858356,0.8677511721428541,0.656014521207105,0.8570828086979085,0.9058352101080556,0.9017479363101396,0.7679759850402749,0.8898931276882084,0.8691649573824927,0.874542116996598,0.8502851666484247,0.8169786974466534,0.7929012440278578,0.8052175534353536,0.8052734387053397,0.8401995811927017,0.8429238324278534
0.8307502945799871,0.9505989038147119,0.8714426635860655,0.832414325097266,0.8298629706263427,0.92129076988529,0.8960839801201324,0.884968079925818,0.7762224983313541,0.9119665209336123,0.9213598517522368,0.0,0.8786501594414252,0.735100534009054,0.8823192226797655,0.9054320514974062,0.8982902930946949,0.82649106906908,0.9408058936766687,0.8440883252996347,0.9325706296168885,0.9037078686526464,0.8563741779322748,0.8929732162176871,0.9694072272637814,0.7463099650128661,0.8339789433900836,0.8386263949350073,0.885158691676325,0.8699339475586895,0.9192244296600344,0.9205015733131988,0.8770391534611465,0.8783761273433254,0.8160379089931539,0.8402581291342075,0.89254882848911,0.8143953633860566,0.9067278439399784,0.8577539647064637,0.8595942128021841,0.8639431298480401,0.8624726057300898,0.8741328893611908,0.9115456782866189,0.8556026251742126,0.820475915976486,0.8861317646784951,0.8858857447588143,0.8032773563282984,0.8784253135943225,0.789443214415702,0.7814994226171261,0.9269210912259058,0.9080973521845181,0.783983177198514,0.8185584724948708,0.9501478491766749,0.8640433147493437,0.8114397056980746,0.8546207767042877,0.6494410648241284,0.8035004615147701,0.7142047056587432,0.7060282938793913,0.7488168241029213,0.8051699542074334,0.8147116678102444,0.8223666295621069,0.870494628865601,0.7758260562340674,0.719002269986172,0.7076697173176875,0.9072312245711115,0.8852810469379581,0.7943711710757806,0.8247440718585046,0.9167910878212359,0.80406451324735,0.691463123275108,0.836347141630847,0.7802660694278694,0.911513215605513,0.781372585892237,0.7724723138648425,0.8588881078778583,0.8187711752171561,0.8052191762372071,0.8554330742390593,0.7756245035527419,0.8251890684661062,0.8667168922731313,0.8988807614976979,0.7550308517398386,0.7528098900727358,0.9310985729770064,0.7394539161239386,0.8679387439601225,0.6265568688017302,0.8239735807156453,0.7820110805996512,0.8153422452994536,0.7667787530401228,0.8879972845372527,0.768866470674994,0.8272723148290761,0.84325075592679,0.9193332741646323,0.9089474344075509,0.9246294478941505,0.9303306984559921,0.7301340114745704,0.7862730286661693,0.8275229735845866,0.7579205484193869,0.8025447161840331,0.8926102712886744,0.8787895236754949,0.8448067020283611,0.6815724522633698,0.7114638968165043,0.7258778014545779,0.7602502205790842,0.9125032185239309,0.6697713558010953,0.9596815784765527,0.6612362991748344,0.8770469616204734,0.8859212164109077,0.7799049661082275,0.8187666997894195,0.8078602164862368,0.6922867324270663,0.7376329915755178,0.8499361781588369,0.6956128046844247,0.8966698515319569,0.8073543562155053,0.8997856977280528,0.9084636043210643,0.8362940683859442,0.8204978620429838,0.8700258139272539,0.8111597981190307,0.8964886087157115,0.8457640533566768,0.8460560320279112,0.9279954577149384,0.9278475071661987,0.671356340217983,0.810390015368034,0.9042600332192713,0.854809964893112,0.8555850062398661,0.9629048346329422,0.8458149398845047,0.8118749256574732,0.9116670449497016,0.7764490586881875,0.7320497098854618,0.826009450475924,0.7894666090941946,0.9279742937725264,0.7862312445354543
