0,1,2,3,4,5,6,7,8,9,10,11,12,13,14,15,16,17,18,19,20,21,22,23,24,25,26,27,28,29,30,31,32,33,34,35,36,37,38,39,40,41,42,43,44,45,46,47,48,49,50,51,52,53,54,55,56,57,58,59,60,61,62,63,64,65,66,67,68,69,70,71,72,73,74,75,76,77,78,79,80,81,82,83,84,85,86,87,88,89,90,91,92,93,94,95,96,97,98,99,100,101,102,103,104,105,106,107,108,109,110,111,112,113,114,115,116,117,118,119,120,121,122,123,124,125,126,127,128,129,130,131,132,133,134,135,136,137,138,139,140,141,142,143,144,145,146,147,148,149,150,151,152,153,154,155,156,157,158,159,160,161,162,163
0.0,0.9115819747190237,0.7814290191438289,0.859330458193155,0.7764450000410513,0.8629066995679299,0.94412277623381,0.8710914021736961,0.8352331588057021,0.9237560774171136,0.8964245861965231,0.8489841836564918,0.96997660766091,0.8299958318564831,0.9343734374568792,0.8718278041323648,0.931782298337098,0.9710781758849172,0.8418109729397364,0.928161904552745,0.8710611891972195,0.865415399922867,0.899831331430595,0.8851320080725091,0.9500634094895363,0.8249717160534066,0.8368417104973869,0.8739039670014744,0.8554970967436871,0.8218228945147326,0.9075630853911653,0.9599883607545514,0.8296386585060999,0.913780474358314,0.909421772960822,0.8419043339943639,0.9628082476918923,0.8809919821851531,0.8028691286164014,0.9472932153251927,0.7562193530530193,0.8954693615903225,0.9258743492468657,0.8708063396029301,0.9345857787906046,0.9558345851689299,0.8135935545527005,0.8634725679361586,0.9454011800845873,0.9006128108922645,0.9509303022915925,0.8296546708515941,0.8787460725705234,0.9190553658627739,0.9301435597668303,0.8573706366768393,0.9435314103424175,0.8248930072235716,0.8473544783004553,0.9349632377867877,0.9334906025586015,0.8144681589637079,0.8459341508449448,0.7081386192081116,0.9103176358713763,0.9290445157071565,0.8839998462442074,0.8575572625612611,0.8287999282497326,0.920388626004475,0.864722100358268,0.8864796571169496,0.8017686454497062,0.9532570958377978,0.9160465062678533,0.9146040902870022,0.9118519192492103,0.8385304062209998,0.8412028553787867,0.7823167518893093,0.7574597764872765,0.9128374281713875,0.8131469174542435,0.7763158202272553,0.9463304426001417,0.8077203510846847,0.9245164468576585,0.8702624061661699,0.9146712104570343,0.7946264444087072,0.8916639041262387,0.8544995938059285,0.9243976779761268,0.9128491629744403,0.8951661630815309,0.8300516021380987,0.7346280089793885,0.7908818267596371,0.7514900848832939,0.9233534058389598,0.8784540112324838,0.9163463367176838,0.8025524986826411,0.7262454839904252,0.8840458277592275,0.8664412186743552,0.9244064640428212,0.9166570360344415,0.9332312432357918,0.9114095358113515,0.9382233153278411,0.874869502839529,0.9015188569701811,0.8183692671835323,0.9292937635503581,0.8925732361967768,0.919989043122387,0.9115596345788693,0.8455242072191064,0.7562390276952766,0.80904069809116,0.7759883068648336,0.9198159727909658,0.9028209503239147,0.8446467088531842,0.8694438663814742,0.7977136111704509,0.8690986707250655,0.8796325759950898,0.8633726491211996,0.8149211697211458,0.7561448801035355,0.7857862054916944,0.774542090990634,0.9060542716056078,0.8200987521724631,0.8264551860532954,0.9357868644093872,0.881777101409701,0.8539942662381586,0.7658469582434718,0.8954600157250562,0.9477782030204411,0.7596621061046273,0.8910673021759011,0.8457894612802236,0.7348916070350832,0.8313335597166794,0.9091821187199771,0.6106726572234934,0.9035875468250798,0.8119859849275106,0.9091282132611922,0.8213368702654648,0.8422559757136399,0.9571359572753857,0.8667292315852846,0.8517115727420906,0.8459768456125242,0.9385791670361787,0.8263602984236239,0.892976247866563,0.889422448931569,0.8733362628316399
0.9115819747190237,0.0,0.8015078532216089,0.8665018394157783,0.7719525639223154,0.9111751101661781,0.88138322375033,0.9294939534673822,0.8562919210792472,0.9368303572779767,0.892292469571242,0.9036979519007939,0.9012054523078342,0.7546696001292419,0.9486139675211768,0.8537138945416891,0.8861139641130461,0.8754117524030635,0.8520450732112385,0.850570208946741,0.8540626628257746,0.8840926859798185,0.8382096865780199,0.8899375019372426,0.9313176374239783,0.7852384306884583,0.806090189879996,0.8248930082726806,0.9448903651400621,0.8293053821517057,0.9320978589182883,0.8639320589002009,0.9056335828863977,0.8381913188041877,0.8602912051799517,0.8209141905971769,0.9096027842438109,0.9127755956007433,0.8431724142819745,0.8892503023871166,0.8485245498344915,0.8592712125995847,0.8492607387555875,0.878087674799798,0.8735033841822195,0.8801319730576633,0.782139607130473,0.8540769849644194,0.8565173402405765,0.8085603833786079,0.8675364670382674,0.8285859528290972,0.8368374135926858,0.9270256514123302,0.8951448214399006,0.869100753508829,0.869035143058554,0.864880588747204,0.7381555562715569,0.8567495391416814,0.9079199505463518,0.7389029289440827,0.8248811601474427,0.6470738531315356,0.7861449839943344,0.802460756384341,0.7838596996587868,0.8057235977161809,0.7409817396525171,0.9350537036460951,0.8125073853883353,0.7930878673260068,0.69604369433628,0.866111242104262,0.9433741835949727,0.8334520709413221,0.8185547764167166,0.8378538892934676,0.8645851721442284,0.7836632899910139,0.7923275214463747,0.8460394257050448,0.8624966904590025,0.8473200321897068,0.830847736511699,0.8990296107795946,0.8661653532921845,0.7454315955877189,0.8544290575945811,0.8640482149962625,0.8414207184889796,0.8180316745362471,0.8925146320720491,0.8345673710046101,0.7962166485158361,0.9219810594790437,0.719066138421375,0.8015734901454156,0.6823160061253603,0.8302849769644604,0.849553220843794,0.8153386104552649,0.7293093090208882,0.8133191494021081,0.798431693884213,0.8264935173504481,0.8379011222994935,0.9497708915077583,0.8860528271986535,0.9016627161939081,0.882830778605931,0.7774042530717693,0.8074365464045948,0.8017954329991911,0.8996570945974285,0.9113513538113448,0.8843944442362154,0.8380535388270152,0.825692492918326,0.7547344317214972,0.780055341080694,0.8106866615560069,0.8429627806630631,0.8973765348764238,0.797640266760698,0.942200691133802,0.7019621348958236,0.8672448611046799,0.9093903216101493,0.8155993680251687,0.8955887394254723,0.7531530451485088,0.752216827058782,0.840964310016713,0.8953411592927107,0.7899044666764904,0.8653092192706845,0.9066465415523276,0.8573385143044128,0.8636143777321099,0.8194712513635314,0.8336244396351293,0.8612261595264072,0.7123172749565424,0.8852273092929731,0.7506975518715485,0.7901118606587983,0.8704948330805604,0.9347247983433159,0.6680768533367062,0.8529285316457703,0.8616758276487755,0.8555142424285941,0.7904191912305134,0.9132700595178423,0.916578589032002,0.8367674997919815,0.8848228006012575,0.8457914710898268,0.8309044987627194,0.8242033172957962,0.8833319485878605,0.9317107301265021,0.8665736799306617
0.7814290191438289,0.8015078532216089,0.0,0.7068904799643312,0.9329742472175939,0.8882596186599503,0.781260357248744,0.7249305648208723,0.6583375450804042,0.7797316947999585,0.821914286156061,0.7743692422391404,0.842275614527566,0.6839097944342425,0.8358044743701947,0.8900065054293876,0.8739348470599136,0.7563448803774324,0.6432395355405812,0.6932507064535884,0.9459667489800407,0.9644703484731524,0.6640338485440836,0.8601388773423125,0.7386363859599384,0.9394915045829092,0.6102543830648658,0.6089564653357926,0.817062309666938,0.7535555365484085,0.683968198179655,0.7794622031515174,0.7768007247262781,0.6623376860833028,0.6842032070711939,0.8095203288716518,0.848359397633445,0.861935609863774,0.7469370703667415,0.8321467427833265,0.8433961617286758,0.9036537710741993,0.8942414901119292,0.89613535617877,0.7533589722679038,0.8010950461880415,0.9548134967376131,0.9287231704688502,0.7173821609923066,0.8554526206929675,0.8450207215390957,0.9273708834315388,0.7034717892021494,0.8608303519688516,0.7706853839897182,0.8643026086870855,0.7641863655077009,0.8684018950579862,0.673061133866803,0.7274189058464564,0.7175733123666679,0.826625207322494,0.923573071953479,0.6713532330508879,0.766683180834293,0.7577541948578594,0.711134081805852,0.9525603781532749,0.7707017759151368,0.7384040340403973,0.9458883858267313,0.6653359695236182,0.678166273624767,0.8500270604845375,0.7873672560060453,0.6322011706272809,0.7939706681624349,0.9125522784582502,0.7640656438237742,0.7866937194936753,0.8980195049999391,0.8100249277736432,0.870750932384538,0.756723672161618,0.7876758804512374,0.8376143976482666,0.7253682128145544,0.6695734631271918,0.6391524343166538,0.7582708393447052,0.9033440317440709,0.6904830192973251,0.8141870572056515,0.6646670355184641,0.7780953358788975,0.8516089822779721,0.6887757673963485,0.7323095315834383,0.6914075455201361,0.7035038891239586,0.640671320975319,0.7615991863426128,0.684463208403326,0.688790211230895,0.7120614936751206,0.9368843200027372,0.8394372760606075,0.7862337850016925,0.8762771960670427,0.8960046195972033,0.7941215644220522,0.815904392558355,0.7725485618795817,0.5924526147900584,0.786098568343479,0.860951974932457,0.6608041503240719,0.7339041169022119,0.891523954689971,0.6688668181525148,0.9061455557051471,0.7358789260005134,0.8220980980592294,0.8320877214342743,0.6515321649058623,0.8051758678342587,0.7526976044142127,0.8943467007358938,0.839652502805609,0.8609110669296086,0.7307258793639653,0.952517966630022,0.5685317611871497,0.697208248283557,0.8190201142028956,0.8817269204724444,0.7904378996705919,0.8498337813463495,0.7298413127067127,0.7037237072319024,0.6355907733844994,0.8631640370593708,0.7249085672354291,0.7449803886862845,0.9090417214400455,0.7563968361717736,0.9264165815752778,0.8280957193307826,0.8291096987169553,0.7185009111991905,0.6355602413825865,0.6332265836710859,0.7369849518900636,0.9219470608981493,0.820279913483423,0.7792987313376274,0.6757374437867655,0.897236999320994,0.6275751017523432,0.7285591426415509,0.8232604807009605,0.6455994651995935,0.8526488834972732,0.8247171812881642
0.859330458193155,0.8665018394157783,0.7068904799643312,0.0,0.7127164681087942,0.8154808034913417,0.9039378515047676,0.8466745676306671,0.7610632005596438,0.8739022268264289,0.8343653751165727,0.84101296695679,0.8112066385160435,0.7633279160583739,0.8873450696647949,0.7420042210183512,0.802529152015586,0.8328058272533542,0.8275896139434269,0.74519148707011,0.7812508242454836,0.7758253648697936,0.8558693930391602,0.7902420658489816,0.908451333953344,0.7664556019373496,0.8125079779319848,0.8236774149586702,0.8435616353249329,0.7228826793940626,0.8865954618884719,0.8118443452451061,0.9375826536991047,0.8619285757091292,0.9032429328611957,0.84664735498666,0.8418998575694592,0.7953141750268774,0.750443139371322,0.851673178464393,0.7987756227801927,0.8068990118403545,0.790217005237274,0.8563954542332836,0.8434484697679775,0.7884832928492043,0.7061963172756419,0.7816060142708562,0.8508897068386095,0.7602353738875031,0.8530198463649024,0.7922283788679781,0.7560716042908254,0.9187462694465827,0.8912659987345343,0.7757415495001716,0.7897337221797037,0.8050676347959081,0.7640074739656213,0.7979063988985606,0.8492531441463566,0.69517470489021,0.7744109221095388,0.6558122002080493,0.7508694916612889,0.7448258640210476,0.7992423707315343,0.7354886877500004,0.7421686885851417,0.8994061335106189,0.7407116023999796,0.7780667027500524,0.7595577026341975,0.8345706350742013,0.8104385293929735,0.7876164052270616,0.7835574994845601,0.76730218004307,0.774852321663392,0.6857039958695798,0.6889412848712253,0.8743101766210668,0.7230638793448615,0.7374150150832627,0.8541446954008673,0.7565413936657462,0.8668458426205421,0.7822758554028117,0.8176597056397327,0.7184576897311745,0.8428721474371631,0.8983298894359248,0.8288918288716047,0.767488339790634,0.8347312098543065,0.869682310581102,0.6390644997870932,0.8509474798353367,0.720894071648965,0.8558904462671878,0.8075444671286363,0.7847947716529223,0.86665257442317,0.8650580405304458,0.8254922417064082,0.7209369077721657,0.7685810299992274,0.8829057702131733,0.8077335355929895,0.7879859956653694,0.9001206809011782,0.8154270839508974,0.8373338335196735,0.7813229988333851,0.850177010242989,0.8054516780512968,0.8516035808960348,0.7807639388856727,0.8516110991921032,0.8312234106423263,0.6893035732773487,0.8949946258960739,0.804963671619857,0.8083391776119063,0.7802148053580872,0.8480148222844807,0.7200407916672454,0.7543478173421485,0.8887775318035539,0.7421766285951332,0.7306407783396391,0.6471817021376901,0.700992528032202,0.8511221655508964,0.7880101853549596,0.6677102848165049,0.6993032579716891,0.8853188488993914,0.8267939325621817,0.7740306782320983,0.8884921105223067,0.7569134371472486,0.8750952229521494,0.7577992309468433,0.8038522546551835,0.8042039866257747,0.6851711022636503,0.7253142938987472,0.8298817993600018,0.5664858084218383,0.8881810543490716,0.8221421962675948,0.7912859177856758,0.71081801426537,0.8832502629481881,0.815177021589361,0.7515007486383428,0.7955151552429554,0.9509832246106931,0.8299362396129999,0.7651811544281106,0.8745918148485816,0.8441443820675275,0.8047917827949953
0.7764450000410513,0.7719525639223154,0.9329742472175939,0.7127164681087942,0.0,0.8820368498772385,0.8091807936679967,0.6813098726527784,0.6308502287013964,0.729039195323618,0.8735177578128338,0.8307089306009392,0.8183874217387377,0.6271196024525618,0.8440056258719054,0.929056402012382,0.8971046277547869,0.7335869011506175,0.6883276983055233,0.6698788142973012,0.9639456857949286,0.926980339454467,0.6987150455049322,0.9118463951699377,0.7331865387978374,0.9332193933876997,0.6184725908577297,0.6313426858683748,0.8228075217409045,0.8419264421841159,0.6854716396596333,0.7790675020702017,0.7662637211072993,0.6847344259802829,0.6547634270747935,0.7491832923013845,0.8576577883350089,0.8300093830136127,0.8211954209836075,0.8389042359991294,0.841053569906532,0.886634165762246,0.8910114950536245,0.920195446743117,0.7067095137998847,0.797712320289327,0.9116212063697174,0.944605844740426,0.7421119173099652,0.8169201314608215,0.8643946496821796,0.9176343524273451,0.6860100174641275,0.8555432978856482,0.7884993017352177,0.8023597208725664,0.8044753681028993,0.9268848683793274,0.6298030301611562,0.7311294796913963,0.6902146567980882,0.7727475950870041,0.9008891793011643,0.600387098212854,0.7271979987686251,0.7213549293745305,0.6721207179274845,0.9045734312833031,0.688547363437997,0.7247686800316205,0.898941036983949,0.6347189685620176,0.6272498744956688,0.8420671905937218,0.7629280638672096,0.6406122537243079,0.8297010616135881,0.9768832519038071,0.7572445710055169,0.8769253299063856,0.8666143682570182,0.7683943423825851,0.9181322233499888,0.6939693531095695,0.7839688046612401,0.7848073260777615,0.7028994859802259,0.6433076760910525,0.6359978595043465,0.7449146304106766,0.9238723080542196,0.6597948316688079,0.8551154420224512,0.6943222772424413,0.7359414174204945,0.8221514275000185,0.599040158257398,0.6683696276324598,0.6450596001895971,0.6711812494697327,0.6483735771338506,0.7620650013732773,0.652306556041138,0.6469901168114177,0.6627294646746933,0.9199347715200459,0.8193028222093538,0.7669933884645035,0.8573142329714997,0.9037268303148521,0.833749578140903,0.7969047204476984,0.7181104700185362,0.608163963498307,0.7757067835241647,0.8982505361093988,0.662847172065453,0.7578582173459225,0.8407925972866808,0.6210993019074655,0.9622879752554606,0.7092133698297829,0.7874186695113023,0.8946133919442422,0.6198646643020904,0.8313698397749484,0.6986910091692888,0.918314304660657,0.7832827670027992,0.7782736591064189,0.6824026256536992,0.9458369744756844,0.5957319288370221,0.717107315595033,0.774739320738751,0.8398418159382051,0.8291380483459618,0.8361191183017743,0.6818742431067116,0.760626774791684,0.6013353578986623,0.8362710975051576,0.7119405347518574,0.6691764717878907,0.918257796562048,0.7107340731991646,0.9308559917720007,0.858587097114394,0.7558525957985804,0.701234841158482,0.6575656709262953,0.6477590433332103,0.7747966996854411,0.8552862581328898,0.8356623527573602,0.7577729384186221,0.7231019874191436,0.9409162378714359,0.6281994974217082,0.7720038741626876,0.7247136188716243,0.6557409254820554,0.7813012553526402,0.9039005185974534
0.8629066995679299,0.9111751101661781,0.8882596186599503,0.8154808034913417,0.8820368498772385,0.0,0.8354268418770509,0.8307898943084191,0.7632798473112861,0.8319166757679821,0.901742084711612,0.9020318055914349,0.8641350181413959,0.6728985092656056,0.9111255894000715,0.9005043874024703,0.900599469075927,0.7934438847355775,0.7922789799566172,0.7491069873841412,0.9380558107720017,0.9216266973511643,0.7381723520046923,0.9052641566128212,0.8494934902738781,0.86478528761131,0.6662674719796523,0.7128371223600137,0.9132668480020034,0.8465299892771228,0.8262699100001704,0.8200064789606903,0.8922179920560258,0.748782242803815,0.7636128513290728,0.7949708036652036,0.9017078396434646,0.9131444898353608,0.8406470724761324,0.8421529731295063,0.9089445260678316,0.8990558765885008,0.8828196238981832,0.9626244217707501,0.7745501788573853,0.8311071583463681,0.8594440759965415,0.9385074371360483,0.7768467107685608,0.804143795839496,0.8739576337111936,0.9402183511834715,0.7713471750409501,0.9285813686691103,0.8434128113085526,0.8906106695270959,0.8399933682820242,0.9529259381195976,0.6585516049925216,0.7683691203198814,0.8140422315720444,0.7646204247040475,0.9325712044120663,0.6036783200141912,0.7578502834979223,0.7683165333439248,0.706421891860523,0.8720146642647895,0.7017775819388327,0.8686013981898895,0.8830681452887392,0.6911456889343732,0.6630126186798103,0.8475017133010495,0.9017015625289628,0.7342345608485074,0.8003255530999365,0.9093569565587178,0.8651919372198741,0.8732216399157738,0.9236370777610591,0.8351044470155599,0.928966856569379,0.8489136724977389,0.8212819174992153,0.9011352324397517,0.8283776061020995,0.6749107768071663,0.7347999492070999,0.824357443721115,0.8985634998165851,0.7531787802443621,0.8756708161278669,0.765525571712985,0.7652201490585557,0.9531267779040664,0.6938969696879197,0.7809846432390617,0.6650435148000883,0.7396944306434161,0.7339347650487723,0.7750675208100403,0.7027543409906145,0.787316853843543,0.7458812573446908,0.8793598540507127,0.8265326137435327,0.8871355421470839,0.8640399299217532,0.9250160272816729,0.8738103294356625,0.7839754550839471,0.7904397182774384,0.6856272071111076,0.8749267182939109,0.9351668616222643,0.7976331192615082,0.7733805676865573,0.8829097036556888,0.7160351924074004,0.8540000618047766,0.8312893591634342,0.8546579069117347,0.925390986417434,0.7469290639251921,0.9343313906985108,0.6919433066071266,0.8866892177968192,0.8885008560628773,0.7854722582923768,0.8268945778506873,0.8778969867222706,0.6664896732826177,0.8579573817996958,0.8493329363743012,0.8449030050265214,0.8806286013747502,0.8677600678796982,0.7314420001477522,0.8158205249624135,0.7564646944633922,0.8402438398845663,0.7736773551414158,0.6955859335539525,0.9271103256595052,0.7281887146717612,0.9072800702699478,0.8915101080266686,0.8715434766081336,0.7098475219862201,0.7689957191181569,0.7933138327157948,0.7849857152445678,0.7935079154680308,0.9482057404177427,0.8450567136020088,0.7678438805441838,0.963320690645924,0.7442223942815328,0.7957247397056215,0.8096848315307947,0.8130848249660713,0.9107906998355956,0.9164761031370133
0.94412277623381,0.88138322375033,0.781260357248744,0.9039378515047676,0.8091807936679967,0.8354268418770509,0.0,0.8177588097570327,0.7637838509905795,0.9209326608217245,0.9163699527919459,0.8777374062424368,0.9289591960658402,0.8081995578591497,0.9336695327592729,0.8664296403044478,0.9235265674614141,0.9206430441696217,0.8365357793100086,0.8371524853556851,0.8757998394087764,0.8643318665726761,0.9380953426178512,0.8907110667922653,0.9402792066001148,0.8438969799697781,0.8607532391574678,0.859866595853291,0.8680386775834551,0.8251159693327215,0.8778443818764154,0.9464206796938716,0.840392816200292,0.927624332027044,0.8819824717177726,0.8597147329092735,0.9498140075555379,0.8250595833464679,0.82091522120579,0.9636930490586288,0.7544084710103037,0.9065073619370424,0.9077746149892312,0.8850732861843831,0.9077232229385964,0.9066905163012609,0.8021232820411731,0.864886542760497,0.966720933787684,0.8788223156186753,0.9652647632414275,0.8161443981753984,0.8054370589787766,0.9418160755216645,0.9632401446834497,0.8194876848817527,0.9070628914360139,0.8459168608583629,0.8416371262278571,0.9125097006272168,0.8760247152874101,0.7849972232421536,0.8116397071056924,0.7040430908232784,0.8509124006667459,0.8466634791365018,0.8792468688108986,0.8399769469409853,0.811137183917461,0.8793884389384442,0.8316101305409895,0.841103512815497,0.7931459126651397,0.9600663373323495,0.8393372669560691,0.8521834992521523,0.9415017583991957,0.8753248592092756,0.7639364342453341,0.7643660289932287,0.710567747386476,0.9010592909681738,0.7995229548739217,0.690341716540187,0.937194502754432,0.7454706856555152,0.8790183891868588,0.8655050905988755,0.864260737098777,0.7580777777821928,0.9252812884318877,0.8696210568562804,0.9380201261748351,0.8556213980256404,0.895583344168068,0.8318315194359389,0.6460855865070649,0.7812850713129613,0.7526574389066285,0.9051263211488535,0.8520762783307265,0.9186784959370832,0.8340549580087967,0.7305276290039514,0.8369125351094191,0.8358500264230652,0.8970294237570394,0.8932571422350573,0.9174249827677893,0.9004170936175697,0.9814830095188458,0.894387674366598,0.8741111916708583,0.8155143431943044,0.8651898085152676,0.8735845183460959,0.8576509416745824,0.9244923871653045,0.8621566292230508,0.7525298859331615,0.811331507484216,0.7746858896818423,0.8675367730367273,0.8990333539185698,0.7642935307814356,0.8667892891054084,0.7997284922243337,0.87765131772398,0.8749338519460148,0.821460531002014,0.7461053090054472,0.7347359189640308,0.742845406572195,0.7607032659630643,0.859729728546218,0.7512040359203401,0.7751902853592695,0.9414230528678363,0.8710493910529581,0.8450455585528771,0.7384031219744353,0.8856608763192821,0.9514949632399416,0.7754376932580533,0.8943039997832776,0.8617662863455048,0.7283213922656047,0.8031487976141678,0.8674935780484685,0.5942178238537449,0.879418474320874,0.7751293448625904,0.9208879202332353,0.8335170623733013,0.8519111243437767,0.8971506658862736,0.8473180250961841,0.8565017080758108,0.8535067052829047,0.9541274613198393,0.7686995916354049,0.8352752248259084,0.8479817898576022,0.8776449176960079
0.8710914021736961,0.9294939534673822,0.7249305648208723,0.8466745676306671,0.6813098726527784,0.8307898943084191,0.8177588097570327,0.0,0.904102477651227,0.9009430683105184,0.810415290602294,0.842074056896493,0.8460639161731179,0.742803471541738,0.8830535313916718,0.7714068838973298,0.8036959820562581,0.8508822206687319,0.8305052440769493,0.8459154187771105,0.7669301974462726,0.7960950295468918,0.8159599187815518,0.7946854290042328,0.907194921607169,0.7174237043302397,0.822212422846962,0.8258727415029599,0.8392913891337095,0.7653321988930855,0.9427564704464844,0.8191193862935642,0.8606321926306668,0.8294220074003141,0.8543165996121617,0.7930069937380618,0.8452926725098987,0.8635695642823877,0.7773769693892237,0.8154068037698069,0.7743369394402141,0.7893086634464422,0.7942058536076505,0.7864035268377249,0.8805325868279796,0.8401290548529264,0.7106519253886716,0.7617354528712169,0.814938023014208,0.7628441784661981,0.803489925982165,0.7525508543177067,0.7964454352900989,0.8525422151532107,0.8404328564729662,0.8147647868172222,0.8133611607839359,0.7944090022443949,0.7304699955343195,0.8258586567417648,0.9080045541428563,0.702511082799125,0.7631190183281388,0.6425025188584887,0.7551270921307752,0.7821443469827132,0.7739255298349063,0.7372818048797624,0.7360064643261545,0.9608172118188704,0.748907259841276,0.7822807791895948,0.6948415510901675,0.8098110102677757,0.912665789754229,0.820596146738432,0.7631190034319234,0.7386615916019662,0.858166143182684,0.689982007961691,0.7107639897627103,0.8304699688257784,0.7720286293783027,0.8333829772094872,0.7949929237283263,0.869217073600792,0.8899943632876005,0.749199897548272,0.8721062498915967,0.8361608826080678,0.7711075588276526,0.8200108069585546,0.8127819022738192,0.79780484931287,0.7582559331564722,0.8590258154673827,0.745963631682099,0.8044419618528406,0.6640108799113511,0.8286017145903143,0.8217060600440413,0.8069536231923207,0.7367295831938071,0.820233212641446,0.8111269220700941,0.7617210165437142,0.794308538390861,0.9131796597741157,0.8140704731257051,0.8057605086678793,0.816675881316946,0.7419136556195655,0.781810313757463,0.8280194955658996,0.8589409555867109,0.8283203398265849,0.8695284358506876,0.7928879403252405,0.759616135525432,0.7625120062443095,0.6891232016365827,0.8418939592889206,0.785582990304601,0.808451041362658,0.7654412691566961,0.864390293623057,0.6822784370502503,0.7978118415690839,0.8566034081023491,0.7715488168942475,0.9005355308891843,0.680556713107112,0.7565852252837963,0.8021284726098404,0.8515664866833436,0.7061718719961263,0.7932709198851368,0.8380212466356151,0.85688322599088,0.8307052669955973,0.8306272130250553,0.763156270411943,0.8375639533496564,0.7043974396855157,0.793980467522251,0.73983783789709,0.7187651989676497,0.7860467592970781,0.9040921481040373,0.6210350390753874,0.8657492643577932,0.828734480831693,0.8095252630497125,0.7306792363186901,0.8579665668594842,0.8978977144042642,0.7875730113342617,0.7958419426032378,0.8298919826129818,0.7794523390739532,0.7774865447623635,0.8570155905900301,0.9033224267789798,0.7784350633828697
0.8352331588057021,0.8562919210792472,0.6583375450804042,0.7610632005596438,0.6308502287013964,0.7632798473112861,0.7637838509905795,0.904102477651227,0.0,0.8214062412849081,0.7230159298108894,0.7603370860416664,0.7833491237359728,0.7237018990688543,0.800417895109254,0.6954167245285977,0.722896642541984,0.7982464096799139,0.7558511714304146,0.8136278428407255,0.6932492347469559,0.72984294906523,0.7621145648202364,0.7254416727207228,0.840891069861088,0.6569834602844696,0.7736887137226509,0.766869096240469,0.7277684083193868,0.7204703527084649,0.8930626491472584,0.7628198580432994,0.7650166881575682,0.7776090182750769,0.8235094527376517,0.71803091999129,0.7855161189473719,0.759765995444704,0.6937088198867736,0.7429801888182234,0.6776135487062188,0.7707670222113544,0.716986660989237,0.7116977873816456,0.8200973384037532,0.7724680558925275,0.6766690610086071,0.6869815068166855,0.7604350258050994,0.7069089956944267,0.733373781351214,0.689827236967432,0.7445180906082667,0.750591327142969,0.7419769984094233,0.8336278684749245,0.7468387133422288,0.7102234312789962,0.7049388989190744,0.764283129556582,0.8155599695575363,0.6693865799999287,0.6855703119553356,0.6258640083710468,0.7279462939017595,0.7353419607069502,0.7528854805479495,0.70305332469437,0.6921642003677181,0.8672803850116041,0.7107878159094039,0.747791912451381,0.6874203116044175,0.7407322131647576,0.8079327269008209,0.7931554853038425,0.7010819650982911,0.6744183545204374,0.7500158562661061,0.6429864929906525,0.6545327461353019,0.8092036435511896,0.7244133613897766,0.73588591364036,0.7378890972108894,0.8078804226732211,0.8411412643337224,0.7257724964838661,0.8276483531260213,0.8649690704984734,0.7092751020190031,0.8101615538060465,0.7249543579785985,0.7512733869618166,0.7244131896407436,0.7907005794984281,0.7047836696078791,0.7782012149292554,0.6651280105937993,0.7921630279013163,0.768480173563828,0.7304809108522476,0.7011553656417335,0.7465067300783714,0.7651484023409325,0.702703145230436,0.711784539036829,0.8390736529280011,0.7397328634265143,0.7512665222587408,0.7467417345435176,0.6951884717926105,0.7556176656186145,0.7729822973025682,0.7670610789313751,0.7644178187952472,0.8164194398070072,0.7291454010948228,0.6872941308578944,0.7541399271679252,0.6395846715924725,0.7498768495986913,0.7561893863830755,0.7400984604151875,0.7923712910438144,0.7546336949760549,0.6663836777295676,0.7310705889806485,0.7481490903641136,0.7116343333963427,0.9329133562295355,0.6281008232353753,0.7220674999281604,0.7760682099014113,0.7724513903534912,0.6651178732761517,0.7408147689278696,0.7619727254020481,0.7670556676321967,0.752436603128829,0.7579529744981817,0.7149235627866071,0.8101684896657332,0.6691997383398508,0.7184028689629054,0.7251742815695131,0.683901996899345,0.7050868164349555,0.8229493528523582,0.5712856280936003,0.8154187659569315,0.7544959946687176,0.7368955038530041,0.6927085415741893,0.7637840206679306,0.8542619200462296,0.739109502012978,0.7281543916520966,0.7744719244876848,0.7254421131504255,0.7118871180069223,0.8316657304364882,0.8576905858727409,0.7245856978512064
0.9237560774171136,0.9368303572779767,0.7797316947999585,0.8739022268264289,0.729039195323618,0.8319166757679821,0.9209326608217245,0.9009430683105184,0.8214062412849081,0.0,0.8537222079530559,0.8404892806180563,0.9166783180713447,0.8376342213985568,0.9092384907923278,0.8149098885865117,0.8710065959627833,0.9225486031908783,0.8184466203001234,0.8777911208442779,0.8231621033241934,0.8546404901334489,0.8823077521911137,0.8298290530698389,0.9589567561700761,0.7756906740796551,0.8544032791816184,0.8476424530800495,0.8808113483966564,0.7621784047484622,0.9089912026951453,0.9190038693645809,0.8411620957644663,0.8871216486176342,0.9088268037906024,0.8736530906465474,0.9041879753476443,0.8411437129984867,0.771532562453518,0.9045944156935022,0.7488875070232998,0.8698035731075636,0.864761385302664,0.8301482400541073,0.9412016125381031,0.8855601960533006,0.7749601234593951,0.8170159028875108,0.9107195129063193,0.8547818469937476,0.8914150872018609,0.7774097605470003,0.8283874952600513,0.9150647672274445,0.9234001754907991,0.8411819907540089,0.8523386439341177,0.7933600270955631,0.8596006490464665,0.8879385899305371,0.9199949255619383,0.7702377098717349,0.7862515179370028,0.7371382901908416,0.8476089482185751,0.8512528275573383,0.8737660708218998,0.8094367112984644,0.8436733976119314,0.9123677591940289,0.8018976876575877,0.8606182937833667,0.7948543082528475,0.9097302607707862,0.8853625721002172,0.8557666663952664,0.8561906077939493,0.7931036577602615,0.7766766062872938,0.6979126077311094,0.7141573438848385,0.886708464171827,0.7653110939876555,0.7546439339652066,0.8822645524984335,0.7895454041457677,0.8938137029043008,0.8574046002859819,0.8877132488190439,0.7718447368403529,0.8424830819347744,0.883760703796367,0.8801504803321114,0.8258201260632003,0.8695031224729346,0.8546880691867611,0.7299483162023124,0.8319770109176827,0.7451548006913515,0.9119667454298707,0.8522982913545942,0.8859660325761597,0.8198823901981199,0.7974582946558265,0.8635589455067718,0.8017811816114006,0.8770429606866162,0.9258553241508831,0.8903110196584549,0.8692023931791758,0.901367609718739,0.8344155562509618,0.8751425993532622,0.8207341605232766,0.8564067102404624,0.8245406050185361,0.8820659069541424,0.8901376113669572,0.8476674440683549,0.7761025530626254,0.7343865565186072,0.7799182932797328,0.8538811345173188,0.8325195018170857,0.7946901976037417,0.8602568062448426,0.7824447220741998,0.827976824863409,0.9155477692188749,0.8419120763544092,0.8316117253087336,0.7059507769986318,0.7277592589726334,0.7392479236573735,0.8986413232717722,0.7508071547644664,0.7646506220683549,0.9030975553723861,0.9221988787474718,0.8111144465684884,0.7992717444883868,0.863247725367475,0.932003284649448,0.800809992810866,0.8514625811631104,0.8439828789839037,0.7051318212092071,0.7877200464886239,0.9619712674323084,0.6106920458830162,0.8567941535583201,0.8032003715989251,0.8699190954234793,0.8249748865640927,0.8431986819202464,0.9118165694600823,0.8046027383318018,0.8063926149998469,0.8511247578928987,0.8651110346940643,0.8336208870856773,0.8444754818326723,0.9094621215418913,0.7924954460916975
0.8964245861965231,0.892292469571242,0.821914286156061,0.8343653751165727,0.8735177578128338,0.901742084711612,0.9163699527919459,0.810415290602294,0.7230159298108894,0.8537222079530559,0.0,0.9511778435265289,0.9103294523224289,0.6917862118024978,0.9318706574961856,0.9531352558590108,0.9535161260055851,0.840994279951632,0.8724710923803388,0.8154860365237626,0.9281790633347939,0.9029806047889674,0.8664763210527322,0.9723429831838025,0.9004465610328574,0.8494935913366987,0.7820260312038281,0.8269379355013468,0.9448471737667474,0.9172976586864485,0.8544554685586532,0.8921078499824061,0.8297415549795211,0.8561020056827637,0.7802205596077498,0.7739932777079082,0.9600247507649804,0.8859424183332004,0.9458786493517705,0.9209547308274523,0.8142136477644114,0.8733855317158749,0.9050895162826181,0.9280683144956227,0.8163992076910996,0.878715907987765,0.7862302501929548,0.9463122091069902,0.8990989575405384,0.8167705990679103,0.9216633124086273,0.8398179145955683,0.7669657444451952,0.9358246159918129,0.9408466759363651,0.7859651187005728,0.9307711933210032,0.9355530026329514,0.7056493512143431,0.8513990792356474,0.8698388667762784,0.7244757054931694,0.8437581311290344,0.6087378325011912,0.7642668296798736,0.7921586771892369,0.7655312225004711,0.8281152168793633,0.704573899400799,0.8856251150784283,0.8268623954796342,0.7426510144302532,0.6709777877038108,0.9063528160653032,0.8858641852666438,0.8026812164399879,0.9229508588239432,0.9389463638862116,0.8238767784004462,0.8993965147986314,0.7881579238441112,0.7957313628534111,0.9032038454297748,0.7536166984897639,0.8565083881640372,0.7986800471664612,0.8559525082050109,0.7247757742849805,0.7947401735565542,0.7983841371244871,0.8953298105155795,0.7314972779399149,0.9562893079485446,0.8586049994600362,0.7764550859760865,0.8597451248310104,0.6275703462924503,0.6984818616122769,0.645578898357616,0.7726116631941504,0.8378511622253895,0.879546214285035,0.6959036881451068,0.7011470266289113,0.730221082096362,0.859833916678009,0.869804241014296,0.8927433472678612,0.8815483600102149,0.9570201765116223,0.9550131439797817,0.804944626107691,0.7763709161479945,0.8007635387206284,0.8577572750250705,0.933888107756382,0.8194032763739443,0.9065730807432467,0.826636479281489,0.6594278970957195,0.8845814369439222,0.7448217676376103,0.8410288851532175,0.969838476442482,0.7279845274091037,0.9546016054604098,0.6832886453444805,0.9283901280898401,0.851642365044393,0.773351158764684,0.7425507118802147,0.818922528047057,0.784052834350606,0.8019287308057438,0.9063676177743611,0.7945283811638051,0.89303109944325,0.8929545680547533,0.8068878308340636,0.9133102218590089,0.701728975799678,0.8647792081429957,0.8199275628587825,0.6713662024424643,0.9581230631418576,0.7275686845867452,0.8049540098541533,0.8948565334669856,0.8449614361142873,0.6696133726556515,0.8516480820521175,0.7949299306917711,0.9276742881050772,0.7853258330935738,0.9030676875352115,0.900932723523583,0.908069950215371,0.938479844845277,0.7844168036774675,0.909130047937734,0.7243170337487992,0.8212638310889692,0.8112111742159491,0.972517382685554
0.8489841836564918,0.9036979519007939,0.7743692422391404,0.84101296695679,0.8307089306009392,0.9020318055914349,0.8777374062424368,0.842074056896493,0.7603370860416664,0.8404892806180563,0.9511778435265289,0.0,0.8337548768877384,0.6356407302398186,0.9133000464115045,0.893385788872216,0.8898995106636378,0.7857154448379592,0.9155607525776366,0.7696704216323553,0.8771424206190502,0.8477981513056022,0.8543785667910229,0.9284868224051909,0.9007706159395666,0.7790681939987896,0.7705275692749906,0.8189688082430134,0.9351118166301012,0.9350596957418656,0.891759047997922,0.8327634899946884,0.8516966117296542,0.8412589754229233,0.7586927862597571,0.7405219358405892,0.8954236160252238,0.8490517192405013,0.947133166745912,0.8475717275002626,0.8316076964095684,0.8403301237803186,0.8382080724464404,0.896655348759341,0.7750558062191276,0.8248257774668829,0.7420289966528837,0.877595988952498,0.8509625776554288,0.7448761739002937,0.8579561048045855,0.8106276895541655,0.7341958766374904,0.9014660842185857,0.8962760615409757,0.7786075120911592,0.8770843471945776,0.9523342793625562,0.6490969645413003,0.8009830539758673,0.8228836610068809,0.6658084041715435,0.7990129441101234,0.5639819620230657,0.6975978017815696,0.7174380504184413,0.6960821693113787,0.7572991942160369,0.6450752945374163,0.8948396460193754,0.7575082759918721,0.6867993000998951,0.6177862695367756,0.8294886301566955,0.8724509544348018,0.777063171966952,0.8382058136379394,0.8922777710824674,0.824644545603632,0.8610811385066881,0.7624438869505348,0.7666865778998841,0.9009044414450589,0.7397444954295588,0.7966451618125494,0.8141090679101036,0.8241819168348473,0.6741937601696583,0.786236227644775,0.8140044957938819,0.8466282178096276,0.7366768347885553,0.9101236128118174,0.8157922706812609,0.7083181372913921,0.8869072725440628,0.5960686096993738,0.7145146910181713,0.6071749248815091,0.7315176780664843,0.7956733829868151,0.8120106086772582,0.6763355068645485,0.7611506704801586,0.6939888492400998,0.7998985943742498,0.7972281738229611,0.9083704382049754,0.8198625427804064,0.9017285543506484,0.91766909863304,0.7420865306942126,0.7147247540361659,0.8016827129790326,0.8211362464978833,0.9152121008094358,0.8269570298112694,0.8540882401723696,0.7821921323754334,0.6575170688984119,0.8088552726402715,0.7682405623358911,0.778806276140336,0.9412835724463059,0.6880392850987171,0.9656529738596039,0.6288666178687733,0.8826157039555385,0.8331752010169432,0.6993264524892558,0.7931946009007305,0.7653454516189544,0.7519370882061158,0.832506593198543,0.8380268415098723,0.7197646647494015,0.8947846370857927,0.8378246113953302,0.7614287434173325,0.9314010087197798,0.720858997264415,0.7893087602717306,0.7850381529906408,0.6333138810965879,0.8915738722498289,0.6877607592803147,0.8068588194700341,0.8758351492012248,0.8388589724872143,0.6685267397175485,0.8503062714949432,0.8313225691915546,0.8802726810498503,0.7292878815299932,0.948170196872544,0.848754023413639,0.8666288605779472,0.9284214329263282,0.779007385533995,0.8447670669717358,0.6839179069788109,0.8335872244978103,0.8216816761705897,0.937305339531706
