0,1,2,3,4,5,6,7,8,9,10,11,12,13,14,15,16,17,18,19,20,21,22,23,24,25,26,27,28,29,30,31,32,33,34,35,36,37,38,39,40,41,42,43,44,45,46,47,48,49,50,51,52,53,54,55,56,57,58,59,60,61,62,63,64,65,66,67,68,69,70,71,72,73,74,75,76,77,78,79,80,81,82,83,84,85,86,87,88,89,90,91,92,93,94,95,96,97,98,99,100,101,102,103,104,105,106,107,108,109,110,111,112,113,114,115,116,117,118,119,120,121,122,123,124,125,126,127,128,129,130,131,132,133,134,135,136,137,138,139,140,141,142,143,144,145,146,147,148,149,150,151,152,153,154,155,156,157,158,159,160,161,162,163
0.0,0.6231095097018903,0.5898733886365001,0.5507609772023548,0.5437356392907305,0.6365266978482343,0.5845886470419188,0.6368779522909389,0.5640994465075135,0.6087308259627188,0.5889273221568135,0.5664355995987315,0.7397396218942704,0.5599721504003108,0.6416467248779696,0.6465526461949793,0.6563158598786312,0.7473966998503434,0.6134695085604537,0.6951754339353055,0.6507230626340563,0.61415739886503,0.606807941464816,0.6059270243802776,0.7072510317677205,0.5574933017457709,0.5745808720659925,0.6346205235157247,0.5171273973264333,0.535537373781439,0.6705139212768971,0.6773077923704437,0.5623538379256929,0.5889266665581906,0.6833491237467597,0.5573293968588102,0.7260590997358302,0.5918875058610185,0.5464138740467235,0.6189839279676725,0.5599328006692796,0.6160536742733087,0.6258651016472705,0.5815857215794109,0.6815209709573904,0.7244785155644118,0.5864707872195265,0.5627937627172496,0.681379278878759,0.603318608331509,0.6139210492019676,0.635309161193847,0.5246358093225447,0.5719133854472727,0.5242646938863645,0.5647962466398085,0.6518696571379061,0.6219612983979173,0.5581985749266234,0.6658539909842698,0.6013520569096956,0.5291974821462164,0.5582011821958313,0.5096055533573595,0.5721626987212247,0.5837468366363358,0.6109687621007395,0.628777958261352,0.5930555968434136,0.6858981595880753,0.6848675231976398,0.5656882313123588,0.5340445506279939,0.6704340103112997,0.6495468878876822,0.6706643533835728,0.5594070555506296,0.5808816500371092,0.576781002732752,0.5154038857166423,0.5702760634365036,0.6661833019555157,0.5446842266684163,0.5728865738285136,0.5609568281382131,0.669015874505998,0.6344759757268003,0.5747540234645506,0.7518458100671264,0.5047019403531529,0.6392257048088333,0.6320032301352301,0.574543240734848,0.5990128326728844,0.5476476196276805,0.578493437542706,0.5108648532338952,0.6344015762805072,0.5120287073623574,0.7050525596036091,0.5403632608539372,0.5761597755299164,0.5298312767014338,0.5735933923243353,0.5804759997071617,0.6797148209763377,0.5846396876737915,0.629328284916478,0.6659104220167098,0.6417187098707761,0.6099158188674718,0.5458707022178966,0.6179329250939705,0.562840353778644,0.5809882103741763,0.6608891248174782,0.6650375732306932,0.6098610439586628,0.5244940211854339,0.599996357547343,0.5732626087181607,0.5550931605507224,0.6183067514855646,0.6823304838046383,0.5393615767517581,0.5971937048341893,0.5471755977611856,0.5859677614430806,0.5702153642237646,0.6018322844950234,0.5478075091715248,0.5938566546808386,0.5469859793352189,0.5551862349071316,0.6085751601168022,0.5277963829822466,0.563136568654829,0.6307739488072173,0.5707936592034905,0.6377669560863372,0.5209788364503268,0.5839251027953707,0.6780881557635844,0.5090980543014143,0.6010455087648171,0.5747530489147216,0.5766864395588308,0.5935212342770635,0.6501039695145395,0.4792448630702713,0.6451654459432826,0.5321544138502055,0.6309199445798394,0.509877410577155,0.6491393152001986,0.691157285658977,0.6151778535467322,0.6240853955136634,0.5193413616429824,0.5443351010991468,0.5774125480615977,0.6252208615345131,0.5434520271369897,0.6537261507979457
0.6231095097018903,0.0,0.6244618975442676,0.5261576162424855,0.5228649274496731,0.6584581492768997,0.5851109730118634,0.6690028667812706,0.6102674226886615,0.7368986364898911,0.5494674247401796,0.6219111879156696,0.6355795448241645,0.5117752564216745,0.7098330855406481,0.5695372589837582,0.5422714934964401,0.5876418663382235,0.5515450760351962,0.5608865260505611,0.5594367003470553,0.7082535175218105,0.5509248229596538,0.619438060766589,0.6597714936235752,0.47877467051652767,0.6010766808638941,0.5326021876001185,0.5628795480497429,0.5582301469062678,0.7025031852771105,0.5572529110534614,0.5987520749935251,0.4963742976366379,0.5701318100936461,0.5051815639022799,0.6425021343652177,0.5263068245007202,0.5567052854579227,0.570144330953323,0.5437919556878467,0.6222706952950633,0.5005828252942269,0.5226162280378461,0.6090087487239768,0.5831334243058407,0.543304653226919,0.5074802884741156,0.5694644243882035,0.4997080119456158,0.5159218441507563,0.5245014199806928,0.4821930253722657,0.5489479142944528,0.48715698137620655,0.6221322675422064,0.5257073397895198,0.5919798767925789,0.4857140653574219,0.5651753288918977,0.5639533514872914,0.4620904515778426,0.4687545493926361,0.45058139697498206,0.4827168423258846,0.47387619900045713,0.5602483888218697,0.5947674909193744,0.49716043905192703,0.6391299846567527,0.5829168076676057,0.48889876355058687,0.44778944083731465,0.5644770415620748,0.5805589891110975,0.548934764594259,0.49819055945736446,0.5857253722634843,0.4900548353959786,0.46850863154328415,0.5212994270773872,0.5950898479463532,0.647535009554877,0.5138306649716429,0.46620250222733645,0.6652235841224494,0.5485626245314825,0.4790751852697596,0.6208180568375822,0.5861957751246177,0.5362543483938756,0.6107496655474031,0.5210069997455558,0.49754471508917764,0.4880462460094496,0.7172906209737593,0.47265543735220183,0.5785363650553552,0.45337481689382453,0.5820832521625656,0.5089886008574923,0.49996302699931283,0.4491152133827004,0.5999261766917179,0.4850102070538091,0.5636894619560643,0.4920321310277267,0.595897990719539,0.5929198768094027,0.6638068282568615,0.5315462973980017,0.4625934949845459,0.5179148657270907,0.5273685039492741,0.48744076005529774,0.6456745302675887,0.5433511420188104,0.5452248108318863,0.46403986942108755,0.5540020716649507,0.5067355089436428,0.5101724872942821,0.4965831896585233,0.648621854167122,0.4872827997814675,0.6442102047517914,0.4711372399069776,0.6323326594754713,0.5183390666279097,0.5444447125335442,0.613746827398934,0.532742812917113,0.49723456889192874,0.5293982420844289,0.5630045213468806,0.4772156794118333,0.5640975814441047,0.5683923578630484,0.5349167304200311,0.5962584870423493,0.5119925747375703,0.5233989230891534,0.6208312561844187,0.4711685745045108,0.5484921355579041,0.4842050001198971,0.6537813857770219,0.6245765258284433,0.6236261078212709,0.4476076908483835,0.5356170285376471,0.5102734908764442,0.5616234865807053,0.5606892509858865,0.6295691695089308,0.6701066256820934,0.6173369188896888,0.6718160791340513,0.5011616705201002,0.45925806430563254,0.5355457562083975,0.5421066046481795,0.514616052121516,0.5810762177114617
0.5898733886365001,0.6244618975442676,0.0,0.5123249319778082,0.6150531237288827,0.6309833451791186,0.5644624519716163,0.5854461087479585,0.5006127195936427,0.6455894314180133,0.5940903348139431,0.5798515835857465,0.6562783511846444,0.5067865294829536,0.6252980880864384,0.6606421689597253,0.595526250719242,0.5745840482444013,0.5229185524519142,0.5469684644872258,0.6271944244667258,0.7280322657219047,0.5238030390085363,0.6184127200384048,0.6066056516369192,0.5469250135251613,0.5306587023861948,0.5098674226948872,0.5682215921746439,0.5134096481369489,0.5732394682511043,0.590641230198297,0.553254021112563,0.4934258353205381,0.5443029578387185,0.5358668600874239,0.6494999799258773,0.5325014381785004,0.551546288285028,0.5846668076230094,0.5464963254411781,0.585971775531099,0.5641392238821135,0.5622026358725942,0.5992098106879031,0.5807380504976425,0.5925882688222416,0.5912262007037182,0.5723580050500283,0.5416985040938925,0.5540849378592522,0.5693438855848996,0.4659402050737844,0.5759128188326652,0.517888361034799,0.5295046528823393,0.5343958448407924,0.6253383904381254,0.5005982623884033,0.5585939818228546,0.5517887948276731,0.48479819621548004,0.5137519691335642,0.4770172704383719,0.4898349514894163,0.49078712139491376,0.5469238190164436,0.6418058157219679,0.5487968186136919,0.5907841833924319,0.6140701084929733,0.4863585064724644,0.46612091012939866,0.6174510618323423,0.5693046249911329,0.5029683876283015,0.5472465507255856,0.6461833700560905,0.4940211088445475,0.47632488105434984,0.5346530357216761,0.5614663410968262,0.563667424042657,0.515274802122436,0.4823888388342756,0.5926656745639989,0.5410114835759766,0.490466672285368,0.5497768544111387,0.4879928096235587,0.5859068373254988,0.5412281108553149,0.5510657349177297,0.48507666166862456,0.4917736847447139,0.6126964554167235,0.47115455523295824,0.5499232612809611,0.45796357393053144,0.5579350195832256,0.4883160245006015,0.5412594508520954,0.46609964885487737,0.5554921202997596,0.49269183465857963,0.6159713622734679,0.5332731297428318,0.562210566312237,0.6126565801007955,0.6607171392809182,0.5619506994102681,0.4852940328374583,0.5304827223090017,0.5011835222464839,0.4951013463509425,0.5941387943784107,0.511269540279361,0.5865306852860728,0.5224889666342801,0.5181503356000364,0.5476270763578612,0.5026453045427945,0.5126937709849384,0.6181774043524829,0.4659806341162288,0.6260240994553186,0.49333686749132666,0.6417489826896665,0.5531995702889028,0.5625878011567915,0.5092962941271214,0.5897639849089157,0.4723844138090032,0.4934106003550435,0.5783230707977226,0.49076826197547163,0.527502301079513,0.5764169830605291,0.5451541069016391,0.558278405693604,0.48100321295343607,0.5551150817700325,0.5636867087319481,0.4843511173045417,0.5754213049581108,0.507879769065176,0.6023418260190517,0.5856404885975627,0.6167873542953464,0.46257543195960366,0.5116232350087325,0.47601396608127755,0.5717723620489547,0.5742638366368985,0.6042050214108912,0.5974386156330964,0.5531649454062223,0.6405369299434792,0.4677206547133456,0.4761466762330864,0.53395607477026,0.4999383931810253,0.4893442064715828,0.5713408110543106
0.5507609772023548,0.5261576162424855,0.5123249319778082,0.0,0.5124529431205763,0.5282651480437608,0.5660297262019749,0.5141938040850802,0.44839848337586474,0.5176145445629406,0.6269453649530906,0.4882328354566773,0.5483051360502891,0.5937411940986881,0.5832390383066652,0.5319954433346019,0.566467982445544,0.5751547312281943,0.5515394290112884,0.505332030053041,0.5850582997960233,0.5451997537969423,0.5165392470926633,0.5091468569353155,0.5428337452212383,0.5688555031422641,0.5307354672154873,0.5538913487011672,0.5811359303321548,0.41794517556345484,0.5410190650798855,0.5425642640972405,0.6935283897992374,0.49966165528954604,0.6365186552940786,0.6337483962862397,0.564413321950863,0.5859747273437009,0.5748716874495691,0.6014258538730252,0.6337789452560691,0.4808876289634693,0.5425834812930985,0.6479701717610252,0.5364535637302161,0.5317956351599167,0.44057151884419604,0.5729892651756838,0.5895643866852532,0.562061242341683,0.6256976204259592,0.5765141951315619,0.5197507803059941,0.7106914835232682,0.6320257952730401,0.44163896519675755,0.5666994049476878,0.5596272287950663,0.5568135833660414,0.5862522861237994,0.6188099270344843,0.5164014971958234,0.5506166501262078,0.5162588123690278,0.5351425666286844,0.5229456122583628,0.6032878535551548,0.5026782566332535,0.5477208616517693,0.5826908864154827,0.5685810014005779,0.5737158647800308,0.5536784115515838,0.6202575317323963,0.5739086763860884,0.5297475601048373,0.5692551943098969,0.5572321486129531,0.5212526410996456,0.5019131822239075,0.5385326735321055,0.5965591856685046,0.44406831002983355,0.5616414701341965,0.5659263513952995,0.5213432766280275,0.5740593467339545,0.5555424815666318,0.539314035383765,0.42212634432121515,0.6339077495386484,0.5728660833057118,0.607049339807708,0.5399713692196133,0.610313907706725,0.5245995644950161,0.5142222848741298,0.5210205794113912,0.5399358221482398,0.5903778114173976,0.6029083414380884,0.5527623033681506,0.5962644176329642,0.5398033386395414,0.5810583214344146,0.49615220899727297,0.5500997070460221,0.4940687234106068,0.573364961530823,0.4959932315006738,0.6329203295917866,0.5732143926424228,0.6134975534388021,0.5717489215330352,0.5708714474065893,0.5086570155540426,0.5386446746193275,0.5264990297826789,0.5847583247455411,0.6257383024866776,0.5577698971903617,0.6370667752821011,0.5253941055864966,0.5769620528628994,0.5510752246069361,0.5946520632012566,0.5424338686557678,0.4891282683121673,0.5890363663611113,0.5869883134787647,0.4240981347694973,0.5316205745797008,0.5585552316549589,0.6008511824513804,0.5799109603004088,0.5129143023398849,0.42069570717356747,0.6450596215639625,0.5302642062781739,0.5681193100871811,0.6402750312507587,0.5580977344505285,0.6045802577507235,0.5698853944537694,0.610405514181708,0.476715692102187,0.4765061888704788,0.5344722610430511,0.5041380439876785,0.4752060792893866,0.6192172380722143,0.561500761839847,0.5866814424547322,0.4235694739075972,0.5786185705445334,0.5542722523717809,0.5166689761345176,0.5108246315418152,0.725615962392672,0.5737773447700981,0.5676179422224532,0.5849470120185352,0.5451641847445049,0.6022565424931319
0.5437356392907305,0.5228649274496731,0.6150531237288827,0.5124529431205763,0.0,0.5635473195899959,0.5774734527065637,0.4905184068872631,0.46205033720387223,0.5125524414737926,0.5951238289086815,0.5354976840309001,0.5563473049383366,0.48280663043107697,0.5627995059255213,0.614614025184038,0.5726288434600224,0.523846913033113,0.49852330161936365,0.4864487174383793,0.6189931537579824,0.6037248040848666,0.5036546716395152,0.5771718667055468,0.5291963933541949,0.5737897725994173,0.48429133151117604,0.47607161617989346,0.5209883950729591,0.503860507531226,0.5130095054203166,0.5462935241749831,0.521654397619625,0.4726837019080833,0.5132927382224696,0.5145554478040535,0.5943304384871675,0.5119968238300225,0.5499663393402063,0.5605673890830718,0.5288942919909417,0.5557698899384655,0.5416041208455847,0.5933166672799212,0.5069772230510063,0.523392506644602,0.5471502670451177,0.5939346378734677,0.5557896199992532,0.5251286053711425,0.5715466577517138,0.571181177870942,0.451327281525585,0.5566208208033974,0.5122703175442656,0.4852988000011928,0.5278724131647153,0.6173180423266603,0.4713805995856094,0.5253336126963011,0.4960363669835158,0.48448193333228134,0.5078227007437872,0.4572893335068207,0.4803016682585476,0.46755279782316006,0.5161744412196405,0.5913180100587961,0.4944449318235751,0.5237542600978607,0.5900243219274294,0.47254801408856667,0.4642068365682281,0.5853604421896184,0.5132443416864126,0.4746224799347671,0.5669912593547559,0.7520106677870001,0.4656920553439478,0.5233709211166486,0.5179842292461297,0.5447882843117052,0.524930532562728,0.4729100714146412,0.49181928118635854,0.5170660349263011,0.5083515897365937,0.4774386484673405,0.49031707787368445,0.45105214292735596,0.6392807763448549,0.516868926865564,0.556112289336839,0.47663305360577396,0.5002070126428643,0.5369224338633835,0.4429225038853141,0.4951656933178381,0.47148665217565405,0.5075899330007383,0.48048328294226983,0.511234177686924,0.47134518096892225,0.48335976824545096,0.47697383137149285,0.5552635820090082,0.5062238933127557,0.4981333411706219,0.558736509333074,0.5765264481339772,0.5886957082311741,0.5016626259450868,0.5145565817199115,0.49130259861386066,0.4785720025250767,0.5535115722072755,0.47895049675809864,0.5418590684072186,0.5145478131646058,0.5093585055909491,0.5985898836386969,0.4955286579413468,0.500102787982673,0.6198194769813691,0.4686716025919215,0.5543539084755138,0.49521369383956776,0.5739574244915383,0.5040183173409482,0.518142826757328,0.45298966385611866,0.5791941605331004,0.4653492041772031,0.5051600022177205,0.5215579889193901,0.4833379341416992,0.4726835222758164,0.5558320155349772,0.4766004098929423,0.5377255901503142,0.44914301333644224,0.5470031520002144,0.5417124228754139,0.4804313876582317,0.5729992318534347,0.4853307989970656,0.563981028907597,0.5403083319427057,0.5073006588804826,0.4542916286365108,0.5011718721154474,0.46239331691008373,0.550449924781854,0.49589071440618937,0.5569901444746144,0.5328920637912931,0.5177569249323776,0.6003850714052523,0.4653881436428711,0.5088256698887808,0.4855946768183835,0.4940120750657932,0.4873602453771906,0.612347420087161
0.6365266978482343,0.6584581492768997,0.6309833451791186,0.5282651480437608,0.5635473195899959,0.0,0.5545987360493224,0.6229933622522026,0.5694337547830409,0.621922997952727,0.5728867065710295,0.6192885783974375,0.6121510476412942,0.49386458363036684,0.6294970164774585,0.6043771859879368,0.5632704112799112,0.5659807624901811,0.5916131644456477,0.548255834682102,0.612613558194408,0.6493648305316816,0.5023736766558092,0.5638079213287326,0.6449339718100925,0.4958746965269076,0.5012620659867123,0.5151311741851335,0.5448991880637598,0.5593917109182854,0.673824904859086,0.6015715936593883,0.5787416023173484,0.4919591970515078,0.5647288178257025,0.5189868001876122,0.6516500994264185,0.538952767614989,0.572426552197055,0.5233342190440293,0.5470014065311917,0.6209594768099257,0.5440181909635102,0.5843523564526969,0.5583717756277681,0.5667401153732677,0.5567513655663275,0.5612008221235364,0.5511824944523736,0.5217136759840477,0.5580449907579506,0.5814872748550908,0.49331687104389865,0.5746870928063457,0.5076721375618448,0.5847394107501842,0.5513147752264237,0.6812540023590706,0.4762351913735874,0.5487390080903736,0.5767691317902486,0.49776637994412537,0.5274618803150647,0.4490841804206255,0.507672394852819,0.4995193896256749,0.5307598027189371,0.6204226868144843,0.4977522369454558,0.6493205219070785,0.6301725600689133,0.48540966194880236,0.4681634118082689,0.5752684240865882,0.6070616812047268,0.5597833836099911,0.5158679540983285,0.5977431389500864,0.5016878367518873,0.523361407390676,0.5872020765827329,0.6215747623892269,0.6088703577393042,0.5288685428254944,0.49504919605391673,0.6093471401043169,0.601342163418749,0.4917062909765092,0.5952917939937069,0.5168586196001091,0.5788257119283086,0.6122435215892246,0.5468887164524592,0.5189913483912802,0.5006925561552731,0.6899747792611265,0.5008350629096658,0.5797829993818954,0.4715956631237544,0.5548630304641935,0.5049450014268915,0.5334276324030738,0.47400714539148925,0.5910475219167992,0.5122686382542047,0.5675653279468366,0.5198909841929481,0.5575949039898174,0.5631247387937113,0.6307241251571762,0.5744292197159558,0.48337403084520714,0.5563683931058916,0.5286867407381538,0.5023497403027853,0.5942430307352167,0.5665555138314727,0.5502668872153686,0.5006608077399657,0.5569360142816152,0.5244709338656249,0.5454010124764395,0.5197347124866744,0.6860753463940764,0.5078763794056607,0.6488704962769052,0.49165211505842005,0.5926374745108854,0.5301879907922055,0.5249968996723703,0.5593501153065147,0.602890208045186,0.5000876839637154,0.551457326106753,0.568122254596272,0.5021676601499014,0.5397368177568848,0.5360065199967569,0.48209172176559356,0.6063394963235563,0.5187116863529626,0.5578056389616447,0.600485386414616,0.49195652631148695,0.5709583626433468,0.48711581259751624,0.6541730630447916,0.6187217946605054,0.6007241481677402,0.4634649593238451,0.5615746695380145,0.5325118958941907,0.550602801787529,0.4925877944676274,0.6535073048565218,0.6323658714246015,0.5555062423593068,0.678580324198933,0.4853948039307771,0.49138127785318575,0.5320361357527504,0.5722012508113614,0.5244504562292958,0.6060147078581483
0.5845886470419188,0.5851109730118634,0.5644624519716163,0.5660297262019749,0.5774734527065637,0.5545987360493224,0.0,0.5227502452079507,0.49629520941863897,0.6009607265706187,0.5565553590846348,0.5452288778636273,0.6036489459205849,0.5265268441643538,0.6363267109226928,0.5414679240868923,0.5330766985842219,0.5580865438455651,0.4996150381849126,0.49375615890293134,0.5473415898725649,0.612902445526374,0.5811578966283693,0.5819023840251492,0.5840875616860866,0.5242378118027963,0.5734941629107442,0.5103901983158757,0.5196794111700312,0.4924648345263654,0.5655034205297099,0.575191182186466,0.5706464313252109,0.5119842773666662,0.556193417540308,0.5129660216152188,0.637770761936746,0.48179561573425983,0.514271266766617,0.6146747495139435,0.4984754020757035,0.5835401912649334,0.5050719301141593,0.5447221445219413,0.5674537649427437,0.5414510433395779,0.5360129801844681,0.5221984254179043,0.6359971471148653,0.505555793768668,0.567011756709661,0.5195201440100058,0.4534337130700166,0.5616732743600948,0.5167031707066401,0.5281895955986573,0.5062434706842681,0.5472592566693012,0.5254293868949865,0.5510757677545586,0.5185646193382852,0.4688352966713659,0.4613411530675541,0.45684839465126986,0.4797041467017264,0.4635532212264933,0.5998187157487612,0.6114904759440979,0.5075763932218816,0.5445515840722494,0.5697393346143838,0.4836520710287969,0.47926616497405683,0.6117336302704994,0.4988814517953448,0.5162432794761518,0.573106158491353,0.6425781795753022,0.44529261534292147,0.45702707149238114,0.4719461386966595,0.578106497717028,0.5277131940414743,0.4542075192191687,0.47262839996825523,0.5174033540708332,0.5176932529126895,0.5245945265177817,0.5478812203664062,0.48628352551565285,0.5945578191263219,0.6138484987265652,0.5321670617332548,0.4791882448816252,0.5055874652997504,0.5828781592442221,0.4334790284447404,0.5290692792399729,0.46812940312429624,0.6091568372661466,0.4945541800064869,0.5105395666820856,0.4948349237887239,0.5129725135974806,0.47768053249508896,0.526101997537322,0.4858513275775527,0.5137919314053807,0.5831782641874704,0.5943760609293532,0.607647067080925,0.47863340334672744,0.5487189949172194,0.48855485079104966,0.46878910177631233,0.5601399239770415,0.49365215061809853,0.5579261883259767,0.49477780475877275,0.5348043089608469,0.511180294921704,0.4892840899180042,0.4847263006925582,0.6118740013349988,0.4645185230072683,0.5580459538992898,0.5083345415186352,0.5848718149560245,0.4965583140524458,0.5240214448619145,0.4782798729833586,0.4935479953816538,0.46736048797951574,0.49230073129706636,0.510903700504997,0.45317256080411794,0.46282857210093914,0.5845859501777763,0.5030122182021061,0.5245430379216909,0.4815301373557379,0.5227801838972925,0.6254962209792145,0.47436664527458033,0.5340091913479745,0.5459112002090538,0.5360139236652756,0.5271390497333697,0.5206274039093112,0.4109672312554486,0.5164372269685111,0.46421406126018666,0.5388668935677463,0.5482429668191744,0.5493440182984195,0.5697969940123478,0.5635483762585612,0.5941555749948568,0.5221522733428038,0.5151843675611153,0.4961671632676428,0.5000837697353643,0.4741657246737261,0.5636953406596404
0.6368779522909389,0.6690028667812706,0.5854461087479585,0.5141938040850802,0.4905184068872631,0.6229933622522026,0.5227502452079507,0.0,0.6288259953772469,0.6333375658924838,0.5402107611929216,0.6229156388323424,0.6300093060546276,0.49055437059538554,0.6352415518324064,0.5805863807101217,0.5430623885865175,0.5914709329277243,0.5710444332081394,0.6028363084894727,0.5603585367782804,0.6189491667329459,0.5543874271831288,0.5777537514733588,0.6778625695389031,0.4897855954123458,0.6021582221626812,0.5560165483969897,0.5007451422979604,0.5590828931006184,0.7465149323453012,0.5557900575836261,0.5547868155206271,0.5280645084697234,0.5699080465349663,0.5069862669848068,0.6484228509884661,0.5465757440568936,0.5517077460631845,0.5360459981304727,0.5273019589897514,0.5955005753723179,0.5277793723874311,0.5068322429068126,0.6661905862810702,0.6053997777803445,0.5200328198817489,0.5010185029518871,0.5562792331550547,0.5066902175870556,0.5098588520389498,0.5269049588956294,0.46282288722557513,0.5241134271244973,0.47847731434830837,0.5877792164212002,0.5390570112188126,0.62044530816439,0.47161200268405834,0.5643335061045985,0.577364356407856,0.46292482007075403,0.4827374006445252,0.45438393611512673,0.4801239030824429,0.48926850478048667,0.552082389651942,0.5635847975759618,0.5121979867186249,0.7456081946004213,0.5805275117553207,0.48757640814932884,0.45526544980540123,0.5587207297285948,0.6014927077816989,0.5418220842170154,0.4954980769399412,0.5345570197672577,0.5350141104654335,0.45207706996829194,0.5066424440247345,0.6020214587815548,0.5840846991431127,0.5385717704675297,0.48127269582433907,0.7242955123889389,0.6142119680324731,0.48451129265156617,0.6577921878688401,0.5784212048021936,0.5345818465967729,0.5882491054557427,0.5014868984447333,0.4972474696986562,0.4778990862518772,0.6409968995630911,0.485566050371422,0.6062570618948807,0.4506728691827149,0.5812777046014554,0.4972224500639323,0.5408319719891941,0.4638723056057866,0.6082367863559793,0.5035460036479639,0.5960999874081291,0.5079634668613031,0.625635514360431,0.5625855292353402,0.6092195777582218,0.5213576438484568,0.4765941359751409,0.5153987983162523,0.5468986849582392,0.5002651524072093,0.6311985598350215,0.5509839454710732,0.5409222503737074,0.45640797357909635,0.5547272243845383,0.4963132910893522,0.5450178156267665,0.5117275729810029,0.6018046921755903,0.4794725114326664,0.601459823043602,0.46910659415139877,0.6345055834380505,0.5205209221856024,0.5347884521827936,0.6178464101270691,0.540952023315526,0.5171590978964283,0.5286319258251936,0.5794158155037934,0.460030887470112,0.5761608823707773,0.5486204655644655,0.5551033986954889,0.6245193824655572,0.4960086294876916,0.5119247079811999,0.5871325780514874,0.47089874320946246,0.5448744084168103,0.5023316303369498,0.6321230548083073,0.5724284477873746,0.6456915709162666,0.4565685259104629,0.5768814854671203,0.48894834611332916,0.5679602161091779,0.5192000328394311,0.6530015624373611,0.7082109312044337,0.5846340050721412,0.6339570623910236,0.4732588405815563,0.4542663195993313,0.5084665987018907,0.5392829667156216,0.5184676801242355,0.5734517730191186
0.5640994465075135,0.6102674226886615,0.5006127195936427,0.44839848337586474,0.46205033720387223,0.5694337547830409,0.49629520941863897,0.6288259953772469,0.0,0.5559777331578695,0.459929256742563,0.5489082317018573,0.5262915176277551,0.4497457167138388,0.5529068704391829,0.4849424873810963,0.4609189595220059,0.5092769565243157,0.4860383597450579,0.5087641149966923,0.48204096601515356,0.5604898106806127,0.48458865278775026,0.5004006410728122,0.5675293816139717,0.42199205780784177,0.5280890476992246,0.4633108808389552,0.4352813015441684,0.5864561329560961,0.6510885824935473,0.4901709264561828,0.47895079343929775,0.45154504805565543,0.4975993988384111,0.43826579747872363,0.5552632100952553,0.4713202567792367,0.4830576940834456,0.46284456133463237,0.44863508379991424,0.6459835308923966,0.44491644641538924,0.4461287881213481,0.5255941571804281,0.5045788787780241,0.4973599855251939,0.4304865640720793,0.483935866366186,0.4446820191864723,0.45191508360290855,0.4564709099723787,0.4309375605877847,0.45146678168173215,0.41327692302201846,0.7069217391315658,0.4691036248487085,0.5290738400100156,0.4263828752065144,0.4847882817905706,0.48566568325606524,0.4309062062907208,0.41871706199038966,0.4079161436310575,0.44460204335960585,0.4313805784277751,0.5021832455740638,0.5420289052362365,0.440517969668487,0.5871401411196907,0.5292901409579631,0.43570943314833527,0.4198924408982233,0.47949210976335455,0.5075020498246532,0.4934335691184781,0.44131853012146177,0.48952333769472156,0.44214930938734254,0.4256457878358584,0.46043831031945254,0.5763082815563123,0.6181164297516705,0.44989495618899605,0.4324474192766665,0.5930783891479637,0.5334832390149512,0.4429893596147146,0.5541544705206997,0.6796959477167387,0.47907947113724225,0.5831644295359845,0.4395154120823691,0.444942981244338,0.446093161448702,0.5961396734926676,0.44158850826364415,0.5348487793592571,0.4299286611496516,0.5041067558360912,0.4481759259533121,0.45956791494196725,0.4162164133479735,0.5079626165222735,0.44621382642150753,0.5009144038147165,0.43453585638278436,0.5326441908340955,0.4806438408014551,0.5495659250599755,0.4596510197032396,0.4295485533829063,0.4710968886052978,0.5019879000626832,0.4263716990944507,0.5593247128497258,0.4838517881324162,0.46710247039321495,0.39758819590037114,0.5221505996120642,0.450124727214213,0.4790570166186429,0.45472391318349237,0.5401370857876833,0.46174344412524937,0.491607588338077,0.44175714027715646,0.5582632277689366,0.43185377349622406,0.46317530135672585,0.7375815508872694,0.4873748376185575,0.46417382128916224,0.5048964163723462,0.4873102203275531,0.4248978917082706,0.519066202976789,0.46736504987507094,0.44970975179982586,0.5408185200667797,0.4349645482237517,0.46953804513467906,0.5604572196348185,0.4376181680584826,0.4770117436016344,0.464072813697284,0.6562980514839007,0.5140485586289476,0.5309505458381469,0.41179578433077996,0.4966899375837253,0.4479829704447003,0.4887621775019874,0.5034466950310174,0.5384195762278101,0.6164671832742921,0.5184696892741155,0.5744883832512255,0.4269242051348324,0.4156769064596608,0.44930322783160975,0.5000965564071751,0.4975384783757273,0.5229009815916705
0.6087308259627188,0.7368986364898911,0.6455894314180133,0.5176145445629406,0.5125524414737926,0.621922997952727,0.6009607265706187,0.6333375658924838,0.5559777331578695,0.0,0.5476114365647832,0.6088063666177721,0.6398293728199796,0.5144839647735537,0.6477569518172105,0.5729992889674004,0.5456598761298369,0.5835463731752619,0.5444260458460478,0.5582809769153042,0.5566289458168029,0.672032300529633,0.5670463204067298,0.5844719666649141,0.6912635856426214,0.48020262680969067,0.5916537555393719,0.5359530861234715,0.5650393576307563,0.5283911228674506,0.6565735824855069,0.592604830434835,0.5592282930795752,0.513963069929986,0.569267401916156,0.5163121057581417,0.6397182384920637,0.5113292585005178,0.5317490931416743,0.563558364591519,0.5154086570569478,0.6105589997254037,0.5150072379144336,0.5184099512694996,0.627209524583924,0.5722181674762749,0.5498727175045421,0.5155871005833073,0.5962375946229492,0.5062412725877052,0.5212646110802279,0.5116036688534792,0.4666489911829324,0.5473164704895419,0.5024900764558646,0.5811720175808793,0.5146472874419732,0.576228294368169,0.5122816833403238,0.5581103822259501,0.553761608885496,0.4619651179975748,0.46565328135728457,0.46701805277522385,0.4804332874168562,0.474867815916261,0.5617742759854542,0.5917581569440371,0.5275908414623588,0.6154299063906925,0.5631272066428021,0.4880860115589468,0.4594721579196339,0.5775633094263227,0.5605143902419908,0.54198803429758,0.5111047881111008,0.5716830686471677,0.475840136471638,0.44652901100790515,0.5018027187374043,0.571206443681227,0.5751684053874098,0.4971131900320673,0.466995555132991,0.6001528737705443,0.5465261036326263,0.5001181939934611,0.6131473019327833,0.5277215072685301,0.5360251526912428,0.6086532189030001,0.523842217408579,0.4850672390499926,0.48342536788619844,0.6738287963374473,0.46243183498983975,0.5884717053409945,0.45383794631278657,0.5931559492539277,0.4973159029172672,0.5198573206890643,0.4653135453376493,0.6139407554587002,0.4859824535246664,0.5564475642994575,0.5008405180028881,0.5930570083306977,0.586402922773122,0.653207757950806,0.5467267586797624,0.4643676043308882,0.5255005091792817,0.5138032565984775,0.4762057303296359,0.5818364141409995,0.5379960283947144,0.5934391235824473,0.48272075442276097,0.5354689482473308,0.4895128077982133,0.49488128541833776,0.4969437583907704,0.5994902341773065,0.4715639852173539,0.6240629468038046,0.47961117448760204,0.6069223233426846,0.5345509934748754,0.5379276875929577,0.5714831675313118,0.5185991447990168,0.47637121645176006,0.4935404304760478,0.5599082622777513,0.46477393733329925,0.5333606431158623,0.5564427609848119,0.5478634656122229,0.5671149527872973,0.500022793251969,0.5320692387545433,0.605263117558615,0.47592622602178986,0.5422688939485222,0.516388296330221,0.5806127387359916,0.5768790214643532,0.6615548021153765,0.44265874322848126,0.5233596680483872,0.4931714888581623,0.5554893673798399,0.5762131151099907,0.6100639308436148,0.6267867108448923,0.5743298468858588,0.6175822338615198,0.48710568148822825,0.46522118349763764,0.5308558372106151,0.5206095461780825,0.4960709838492021,0.5413368416398845
0.5889273221568135,0.5494674247401796,0.5940903348139431,0.6269453649530906,0.5951238289086815,0.5728867065710295,0.5565553590846348,0.5402107611929216,0.459929256742563,0.5476114365647832,0.0,0.5457820477502358,0.6134402207153774,0.5614637747019499,0.5860321158602557,0.6931618361888009,0.6772046809515767,0.5964844822854666,0.6067578579525539,0.5680094388826964,0.6974745523125286,0.6073495063104938,0.5473912985195458,0.5800842127051774,0.5927923087666603,0.613625519749389,0.5419607781914112,0.5982726276542553,0.6449354109289434,0.4671927345126951,0.5611259471583485,0.6108291879774714,0.5847793874667154,0.5354468376610877,0.6244400182688921,0.6249061095842082,0.6448249488080672,0.6375760877529388,0.6803804989873768,0.623177005458267,0.6225337896493235,0.5152937961445784,0.6151823814841557,0.6953679939053949,0.5684541212954882,0.5688220789486377,0.47038171532928846,0.7346000405321064,0.6509900244367965,0.5977677209591252,0.6440349754338645,0.6002782693396789,0.5050082016388101,0.6984676067369341,0.671586752334439,0.45563381774817613,0.6334439573276115,0.6561011363210437,0.5403144680985685,0.6166989221878897,0.6426473601723065,0.5166497026419883,0.5761508756612064,0.5312434941557419,0.5333800336769763,0.5412338968367211,0.5906621637405651,0.5344173840294424,0.5701003078641631,0.6194029575487308,0.6017590542855545,0.5706581501565903,0.5361402222520669,0.6738043226284659,0.6293503258706741,0.5407766683550275,0.6489833270340345,0.6470889214861132,0.548267593564539,0.5673529185066102,0.5701489970892908,0.5753315801675004,0.47980953477609195,0.5915475437525053,0.58075597705022,0.5577729454887497,0.6162051238542954,0.536279546692173,0.5540963398834325,0.43762068092043793,0.6640995904434688,0.5332630772455712,0.6775231601614947,0.5690484776400958,0.5753808092467187,0.5405705360729997,0.5153234250529691,0.5242010049446315,0.5229092548607372,0.5639233124687572,0.610893954269487,0.6199788436422571,0.5343153190790948,0.5321925819037572,0.5661394084320731,0.55781077607404,0.6007348287644162,0.5398047213394629,0.5968066368169278,0.5721994747801968,0.6934186404832925,0.5846489028343083,0.5921416709391222,0.6018955740705942,0.56981520437173,0.5490554059591117,0.5546349927060944,0.6449397876882774,0.596149302545257,0.5759677212070001,0.6509972724743569,0.5837666496672311,0.5740019258775131,0.6394574510346717,0.5480015248365911,0.6685226754153132,0.5253195041607108,0.5502064304072919,0.6307497048374243,0.5968670391257288,0.4456413185577287,0.6231734112669299,0.5951252971853449,0.5868159951835901,0.6808520875351106,0.5374467466809706,0.4735406549392067,0.6415387463017037,0.5697679442599279,0.6315889740708138,0.540033836107761,0.6289383368869561,0.5837498301287202,0.5547950984917572,0.720775893033092,0.4804442258197059,0.5133580506748587,0.5743436673408817,0.5632365587029673,0.5319764124414109,0.634805916079559,0.5459606998917504,0.6992413160739979,0.44798633181782366,0.624340726554046,0.5966066966182423,0.5941437844365505,0.5609792389079983,0.5706958695338171,0.592967140292677,0.5483164481754993,0.5868770263589115,0.5478216936253699,0.6955947699435905
0.5664355995987315,0.6219111879156696,0.5798515835857465,0.4882328354566773,0.5354976840309001,0.6192885783974375,0.5452288778636273,0.6229156388323424,0.5489082317018573,0.6088063666177721,0.5457820477502358,0.0,0.5552092156417723,0.4353536617996729,0.5758554927940225,0.5792857089052202,0.5253823509564478,0.5092044492641753,0.5761476983131265,0.5316639332027647,0.5531815471107694,0.5843242536254731,0.5756090280734099,0.6173993620053143,0.6758407972894394,0.4764641773564151,0.5405145105806715,0.5228782922562428,0.50338972851021,0.6233666065519731,0.6429708997974071,0.5268786586706734,0.5131912066138453,0.5429889768795982,0.518470709634063,0.47233140780177485,0.6121596982828613,0.48744994185948526,0.5418852793597245,0.5064712155122664,0.4957002468761338,0.6141976640813256,0.4938385575775422,0.5116029091077496,0.5735185006917,0.5257316514100799,0.5203379510802962,0.5083448878236654,0.5488376474022255,0.46055628877326205,0.48224066688318,0.509965824760615,0.4134251042141274,0.5021732391157975,0.4653023502033692,0.5690307106849978,0.49549258950163316,0.662926285644775,0.42983684390111465,0.4992679844740122,0.4936372663705646,0.41690920224423006,0.446754463160298,0.42182875705843903,0.4296068351065073,0.43274100653260933,0.4867107855451647,0.521536398180132,0.4547063263989813,0.5925150267549057,0.5127942283580484,0.43661539027570323,0.4201267019684338,0.5156922357356992,0.5197120933563767,0.48236095857018235,0.47654035056078525,0.5740447221735817,0.4758129012058455,0.44968356564757017,0.4698161214116273,0.5267366427574115,0.5949022466333601,0.46901895595720544,0.4497257215463688,0.6032713809569931,0.536188911748447,0.43540172659900944,0.5480707623086192,0.5456884097736237,0.519077118712301,0.548382227233998,0.48319099653640984,0.4534443883677574,0.4358247918239789,0.6566201608338664,0.4218048608103355,0.5920614005255633,0.4202214556444989,0.50902426999443,0.4533357439632262,0.4882747856800471,0.44008349114483,0.610035013969923,0.446092833238357,0.5495445158934078,0.4633908701551988,0.6289663003850979,0.510435287081602,0.6660954777419922,0.5479067117760907,0.4473154053457387,0.4678153405836861,0.49015366061819127,0.448799923941626,0.6070607723686501,0.5081323897884248,0.5432429314689902,0.4564535998806773,0.49475232222110505,0.4761273493835684,0.47649091974887864,0.4925734152578224,0.588406708768244,0.4388659634558154,0.5956160624698773,0.4286204399379705,0.6223023037057394,0.5046478819321095,0.46366947603570385,0.5728954104404157,0.5030906697702366,0.4558496282858294,0.48819047833842444,0.5276861235494166,0.4194837442898141,0.5889000575552915,0.5076536747410471,0.5081193529559045,0.5643496565843961,0.4441217260572294,0.48393693540835564,0.5263033589316424,0.43363548746755204,0.5224271410702451,0.4946234546214225,0.6246115819790649,0.5184351878628748,0.6197392040386804,0.44131214500701577,0.5226744572913238,0.4520156826108312,0.5328997388022575,0.512735458491042,0.6671562891717685,0.5780462269698202,0.557759430886139,0.6868385166725217,0.4409528354877084,0.43694042330361327,0.44932701569528033,0.4970491984344467,0.4692037682176301,0.5638665494432934
