0,1,2,3,4,5,6,7,8,9,10,11,12,13,14,15,16,17,18,19,20,21,22,23,24,25,26,27,28,29,30,31,32,33,34,35,36,37,38,39,40,41,42,43,44,45,46,47,48,49,50,51,52,53,54,55,56,57,58,59,60,61,62,63,64,65,66,67,68,69,70,71,72,73,74,75,76,77,78,79,80,81,82,83,84,85,86,87,88,89,90,91,92,93,94,95,96,97,98,99,100,101,102,103,104,105,106,107,108,109,110,111,112,113,114,115,116,117,118,119,120,121,122,123,124,125,126,127,128,129,130,131,132,133,134,135,136,137,138,139,140,141,142,143,144,145,146,147,148,149,150,151,152,153,154,155,156,157,158,159,160,161,162,163
0.0,0.6294888043020105,0.5414496164696321,0.6186431808456301,0.46074105489973666,0.58628438665633,0.6028345875225462,0.5618635564997735,0.6050098665798421,0.5836839837523212,0.6143552150769224,0.606390340338141,0.6873349943412345,0.5780345271156639,0.6432572582571782,0.58477704366565,0.6235978826844707,0.7879657249951315,0.6434835070095857,0.7023546652821145,0.6189061876097225,0.6072310040462001,0.6169943073483233,0.5743381688716807,0.7003944728436545,0.5468238980672042,0.6001526496117211,0.5945122240201425,0.5399284637349149,0.5582692366249399,0.6472766121529635,0.6744301202935371,0.6362522519230009,0.5647606438896003,0.6651491289172923,0.617831967560847,0.665310900821839,0.6667494891576738,0.5645788924395558,0.6737281800998444,0.6298410728966742,0.6144857637988865,0.6166142688029037,0.600863818373685,0.6476356121973843,0.7100561373926747,0.5321984396843105,0.548482014677834,0.7037800338370659,0.6891960454834815,0.6455700240526357,0.5982171523460519,0.5642430250884589,0.5911057212684204,0.5859739162698686,0.5737536664655816,0.7169328391271357,0.6025749629326583,0.6007749888331516,0.7024534652606373,0.5479882972356819,0.5570818076698341,0.580695554998342,0.548875656705806,0.6196818097246579,0.625741160571795,0.6157942660564582,0.5712276069895484,0.6226223232904737,0.6041155839308332,0.6521543033000188,0.5986236577353798,0.587111333349033,0.6657554610215828,0.6436392361946994,0.6284812485340159,0.5507796302326515,0.5170403200194227,0.5949953302049792,0.48375795459926646,0.5689267411551024,0.6482906433244108,0.5540452568447881,0.595951768379427,0.6308975535810949,0.7130017283193552,0.5649426849757389,0.625600107188706,0.6451398421832033,0.5648888593308206,0.6683215798358103,0.6152824708388349,0.6319362727789757,0.6434068375901696,0.5972347842764059,0.598477768316604,0.510742322300803,0.6022168668644444,0.5359843304805652,0.6448390971685705,0.5690689904713756,0.5125149464885609,0.5921842216386299,0.6060900466283501,0.633046371883076,0.6137446865798972,0.5970499425123208,0.5991988193037565,0.676743655454365,0.5992371680903638,0.6236108295167819,0.6393212924755707,0.6293390716435314,0.5794060888528294,0.6487185823579179,0.6388582401734196,0.6274187449088077,0.6376209603680637,0.5561553245176609,0.565452297535996,0.5913319104355755,0.5312785504413782,0.6097761830363791,0.6253300618908845,0.5602738293716442,0.604538978601164,0.5727332448696743,0.5463789436260552,0.5888813010617844,0.661268509555616,0.57732120572021,0.5721237412230797,0.5668372714604264,0.6036113563926906,0.6203327771391199,0.5633652560751801,0.5842713653388083,0.6857222082382155,0.6221509482163962,0.6982037687252556,0.5690567847655151,0.6144515534423464,0.6448222821983108,0.5650097847297113,0.6417122854806468,0.6440937770112433,0.5842860096677517,0.5705365639368084,0.6435063318551713,0.49316087455651875,0.6514226472679399,0.5757825544231169,0.6512456081014476,0.5619091392069763,0.667204078185811,0.6585092054395572,0.6590522032953512,0.5683476665707097,0.5845688392403638,0.5837482135580132,0.5571943679541354,0.6326906118756463,0.5503889619450004,0.6849914318457204
0.6294888043020105,0.0,0.5485205802909952,0.591289725825854,0.4416713674935976,0.6179083405181234,0.6159526195723847,0.5233654613193075,0.6004943079038081,0.668888330917396,0.546962907345601,0.6117569352787977,0.5992963712032524,0.5719013717599681,0.6068187028548706,0.5242420074573636,0.5628688996473267,0.6014705838665181,0.5931822978391912,0.5825887792347519,0.5780413680339251,0.6287643411454903,0.5503248339150767,0.558944388137906,0.640263807205082,0.4740194274973823,0.5566425695202364,0.5266365077112133,0.5982166798849501,0.5241344486588998,0.6064371141962005,0.6068825809809012,0.6449574747257548,0.5055845153924566,0.5879486215849036,0.5811714000670598,0.5687517308456232,0.5698866924527158,0.5504246386153402,0.6275163604676662,0.615608475783466,0.6531193028090025,0.4953722502395378,0.5523926119708974,0.5666154119351088,0.590677854784813,0.5177128790617965,0.4950850324932285,0.599018132591451,0.5756381355805846,0.56700703473242,0.5418791905569748,0.582358806897856,0.5975914515133033,0.5441455211436251,0.6574913805129194,0.5880034928180429,0.5455469673052673,0.5757545117540973,0.6325679785962222,0.5278141382121352,0.5266118486093772,0.496296383381256,0.5191609723659477,0.5644516048818535,0.5382473306791603,0.5941044921427369,0.5335070282722536,0.5155819675939914,0.5241499059927057,0.5769519827283397,0.5426303081667013,0.5319581068210006,0.5926794972203834,0.5991321680836796,0.575881370600083,0.5045970560598646,0.5142987655872819,0.49507425489489826,0.4756490190946912,0.5716411633050968,0.612110409966541,0.5809363749429698,0.5303469544198416,0.5527583171575462,0.6469172313517921,0.4966987814067706,0.5346652564070067,0.5828524032021484,0.6227404084404198,0.5591846493889342,0.6587247953758141,0.5799713968466378,0.5790878371651001,0.5815735244381712,0.6341636221546298,0.5044727485069134,0.5975294495563905,0.5225931868024859,0.6082398564158938,0.5510695319944087,0.45694924894520356,0.5123147544581909,0.5958483611114227,0.5448188576616855,0.5342002910408649,0.5435307672394033,0.5694078667615292,0.6308884353780374,0.6324794165963125,0.5851303858822398,0.5443550387804318,0.588277742602078,0.5522341927201528,0.5369725402410996,0.6036207167959039,0.5884693137696921,0.5566932244076103,0.5349618458357546,0.5571636803459921,0.5332215789869672,0.4812984681624668,0.550821263924616,0.60203006503574,0.5485386275181998,0.598297597602341,0.566270772881317,0.5247643976353188,0.5726653076291484,0.5806186478271392,0.6229882285586339,0.5452472298551594,0.5070531420969638,0.6014256746771552,0.5780798762812179,0.5356771058850608,0.5346366047412792,0.58926501762295,0.5402013800149227,0.6065105327293782,0.5446134783126644,0.6055472022684543,0.691902787794635,0.5619035200653669,0.5933156242168411,0.5349229296697666,0.5925066197896174,0.5991318804339525,0.6168536876488797,0.4979363625619099,0.5392714426997808,0.5907487533758591,0.5920628454479979,0.6101721604313278,0.6280371293806347,0.5956079873290822,0.6093445875856903,0.5658468300065405,0.5670448240676602,0.5208269258513216,0.5650200475288152,0.5977456616281813,0.5616781621476262,0.5919269296692569
0.5414496164696321,0.5485205802909952,0.0,0.5213687899591057,0.5331285259096901,0.6778115747894414,0.5297697850224042,0.49879721308896663,0.46665273125310486,0.5362818118482431,0.6243679573494957,0.6092028344662774,0.617014714075243,0.45440430107522717,0.5419809698916895,0.6672328335870655,0.6018831703355763,0.5186074696534894,0.5185189401100823,0.4901625050919061,0.6509026388354842,0.6587205159828287,0.4714804233112427,0.5771961345854234,0.5382206219307148,0.5592921628833876,0.46498664266523143,0.4654519503432769,0.5389861459416859,0.552968226734979,0.48620133422516265,0.5826369698830725,0.5580523850538166,0.45376847676017795,0.45980842721369236,0.5125880030992255,0.5847658917538399,0.5186852680774354,0.5359954269136035,0.5697377761801061,0.5603378462046423,0.5800007690372477,0.5514436776299826,0.5721236366445713,0.5100232786598395,0.5504943188601987,0.5594315106567144,0.6023946783926228,0.5151805665054918,0.5451227402426404,0.581417643026929,0.5989940578211745,0.4641945345719056,0.5793642974604495,0.5307073256014535,0.5100637973324459,0.5425914888412989,0.6769879455563584,0.46202218231851105,0.5209001791739771,0.5003693992806437,0.4980210455621513,0.5805574782075524,0.4382152258345856,0.4784319783651715,0.5013384065432841,0.49426977929869315,0.6009146401061932,0.5053139637788232,0.5113278239540638,0.5890886680546648,0.4401816520426383,0.463958103247501,0.6191354204854157,0.5545230104797496,0.4534591027666366,0.5672719913016371,0.5865735995491489,0.4814540536705706,0.4971405117711534,0.5723834581861216,0.510627497975567,0.592028398900573,0.5048735717222985,0.49617248132092795,0.5517687522306963,0.48363268728692876,0.4605596540133111,0.47871496720781337,0.4925388082245801,0.6047950679271316,0.46945013880509256,0.5622934134552738,0.48597565216310207,0.48275763400975913,0.5654738857132561,0.45216680119112385,0.4860447848510296,0.4271448437826664,0.49277954664812057,0.4457606692651392,0.4879363713746216,0.45810080605878134,0.5000547039971631,0.4756366473284514,0.601585412199689,0.5543444226201938,0.5060473451390886,0.5736245540891947,0.6191431049521321,0.57346452133314,0.4917728959333674,0.5221666406599723,0.4694695373447838,0.5008220888720384,0.5971391820353175,0.47153616396179643,0.5360865477276707,0.581756337227251,0.45432245506728286,0.5469958004573601,0.4668906108064289,0.48869670012454824,0.6015364346444312,0.43001074749556945,0.5997065017625058,0.49450238034692295,0.5818833335582864,0.528719638455359,0.5172925594369906,0.48921035392669543,0.6753817375151371,0.45275827249979106,0.480263787940361,0.5231799813233327,0.4838875324705378,0.5241189299365818,0.5143610349445905,0.4861157572256752,0.5315267111792136,0.4593119746301002,0.5462288679329208,0.49814830846800845,0.4795243614998825,0.5593939703562194,0.489438809739121,0.6043134125480355,0.577197823071728,0.5318834968716567,0.4577111770108687,0.4698839630284261,0.4641814100002524,0.5363339257116791,0.6085856324894231,0.5879954414736348,0.5236502480922962,0.5584745175432391,0.6509256638693486,0.4416346227556284,0.5032887976932955,0.48854211804374315,0.4595919319722524,0.45780007229618686,0.5737528138884278
0.6186431808456301,0.591289725825854,0.5213687899591057,0.0,0.4201430249796033,0.5836356227508691,0.5604228995036079,0.5723374612804072,0.5401175849745429,0.5623313240568981,0.6036102568604363,0.550019812723273,0.6281357810308793,0.5957933106695222,0.5833254352831783,0.5355779225232437,0.5743339032174039,0.6232632083839312,0.61938588658141,0.5755396906685842,0.5982714657682574,0.5767869925899078,0.5265697351387458,0.5085606327993807,0.6056723716795361,0.526424922027894,0.5693233596747993,0.5682412429184546,0.5340164727021959,0.46610387489865795,0.589099305412118,0.6363995547153248,0.7043336468388011,0.5233759319353805,0.5835685787118138,0.6523379432525721,0.5952682978739628,0.6359778537522521,0.590892730124499,0.6245553906515424,0.6198669786150408,0.5509320296846678,0.5490271107424444,0.5709771295816285,0.6021756981029934,0.6151453454828074,0.44871098973865897,0.5232353046830122,0.5978193929516828,0.6355596998486498,0.6657141481863952,0.5552221316641991,0.583706208270693,0.6917125691807783,0.6433036979228838,0.5192242833669356,0.6531509515831151,0.5705318947504731,0.6131242532013489,0.6760673034791453,0.6760546436406033,0.5842375764380634,0.5778622511811435,0.5291363034767426,0.6112443585020036,0.6519802174821313,0.7288770814370514,0.5234351770007297,0.5735038863103995,0.6068309815063835,0.6148728879931172,0.5701884698973966,0.647594260031881,0.7025697755369895,0.6698706524286693,0.5690637729874415,0.607007899070223,0.48620897780019157,0.5562523278407617,0.47535545071635793,0.5726099627350354,0.6775056580927613,0.4929759171302835,0.6065035055279269,0.6581829123976592,0.6071685983913112,0.6071892162961281,0.6274779822550863,0.6036493916243909,0.5339607702453142,0.6027318927560039,0.6065901998885951,0.6002832147139234,0.6332114368815547,0.6707143850224428,0.5573497632420562,0.5941920143751427,0.553360966995677,0.5330115305917059,0.6631403039921815,0.5954134571602493,0.5640390252605276,0.6271332820538745,0.553456415962873,0.6566239238990156,0.5340647515157146,0.6546407993868686,0.5239381312048406,0.6019124949134366,0.5370435826575922,0.6356952480568433,0.6339033531605498,0.742884490929631,0.638113837196595,0.6093494110030627,0.5499701551373697,0.5696940764780318,0.5539566943246216,0.5764113493090772,0.5819056405246494,0.5323494619783634,0.5987152400238596,0.548936095065509,0.5822476946061975,0.5530636741964118,0.5909499415546474,0.6414218887288957,0.5174971201510888,0.5872242887016615,0.6180252001107185,0.5080624360740139,0.5878937846296788,0.6283072254164445,0.652421626931214,0.6423909728570842,0.527018178141032,0.4637667185666289,0.5869246376845766,0.5604103512967804,0.6546801934885796,0.6247754747466265,0.6084362843628349,0.6748039260382909,0.6582509904048587,0.626768874220623,0.5347625158964244,0.5253931910002537,0.5716854555372513,0.5500749300457767,0.48895132065262314,0.6547251510395039,0.5838147401798361,0.6327889323527145,0.4980121590490768,0.6251945426104287,0.6517472795079158,0.6131039953645013,0.5298854576243244,0.626116543421784,0.6144306461373817,0.560971270834383,0.5903407293096605,0.5903557863152386,0.6037967326894563
0.46074105489973666,0.4416713674935976,0.5331285259096901,0.4201430249796033,0.0,0.48541965714177887,0.5052456128951021,0.37861032256149924,0.3988302777797701,0.4167734205063426,0.5220545571982047,0.4861167477540064,0.46205713083034866,0.3948413218651203,0.4808057097053765,0.5255992128440581,0.486709108077038,0.43751662373426903,0.4253739519838133,0.4090012013850431,0.5218647749492341,0.522135649364247,0.41806016425582915,0.5372741722278951,0.4308840449277603,0.5014979596591764,0.3865652238958351,0.38225624730221225,0.47422036251286787,0.5221109584552283,0.4123357409475318,0.4598034619888114,0.45277558690643505,0.3857102761914391,0.4093147070177331,0.42680746564826155,0.4857924955248756,0.4348083026322212,0.4727502073234027,0.48752099641851343,0.4783020818855496,0.48058736293022764,0.4769335786058522,0.5511182335542318,0.40096016586812167,0.4434418146148307,0.5466632159816184,0.5637181481859119,0.4597989620138354,0.46441579374510705,0.4962281216780124,0.5078556755060224,0.4072349869309336,0.46427941042781007,0.45090582106467186,0.4309046448023393,0.461840638730789,0.515005110127839,0.39659197454284334,0.431404824288624,0.3847549959990538,0.4277020551810008,0.4719070101816494,0.3871770464952705,0.4265740358898022,0.40967506278557975,0.4046899371626467,0.5314882242148715,0.41141402227670854,0.40182695144921005,0.5007288220089081,0.39728246312401294,0.3901532709341894,0.4742391155615318,0.41948659850814146,0.400118485227252,0.47153347443749866,0.62464904638483,0.40062293265119653,0.5160685188586009,0.47749541982887034,0.4291455684851145,0.5362645275968675,0.400786010949278,0.42213398038588545,0.4348013555633002,0.38870004601910607,0.3983917884633485,0.38765492626060516,0.41255382225376686,0.5440797757034952,0.40520485214421553,0.5125505654524076,0.4237644761750446,0.4216815755814513,0.46884901650940275,0.3693411755007358,0.3964039153433388,0.3975199353406578,0.39608623575754437,0.401850699223733,0.39109637934286223,0.39325197888903934,0.4057685247793943,0.39773448565266706,0.47990719924899056,0.4275478376202379,0.41120960272044743,0.48392636952871393,0.5152165728681101,0.49455185459789064,0.4359368593898631,0.42002500843436236,0.3891565636089097,0.4251421287856545,0.48721596736923417,0.39961769154758847,0.4744313462947931,0.4671547968935223,0.3888009765243201,0.5828588665222925,0.38413629778825437,0.4264229904743427,0.5368470472548978,0.4005703004314584,0.48182300542777007,0.41139073287555517,0.4811531454219311,0.4214024558073275,0.44637503503414694,0.39923144526212045,0.5053357955647535,0.3843666934801228,0.4229153516979576,0.4280422258109936,0.4745944366013122,0.4773187989495165,0.47505086411167896,0.3994329401539353,0.4496768409690371,0.38634580701590404,0.4683755220579224,0.4208703874186524,0.40411806757112156,0.4876584867314917,0.42436374405003047,0.5290855916596937,0.47473305242960756,0.4230857334500173,0.39526751269810423,0.4018298426368049,0.41004059649790964,0.44830896142777243,0.49619573054404315,0.4597442688030735,0.42507322456923124,0.4683225789495052,0.5245149356390835,0.39998591314193543,0.45464189398489874,0.41048095638672316,0.4119097175016683,0.39616853582070766,0.5402607475175244
0.58628438665633,0.6179083405181234,0.6778115747894414,0.5836356227508691,0.48541965714177887,0.0,0.5625773006581687,0.5515262698784884,0.5219602336201865,0.5753772927235792,0.6125243544046991,0.6392181429619926,0.6752897847149142,0.49854955669726847,0.5732440520456566,0.6385452121076013,0.6029063895046116,0.5470075885005714,0.563061872350566,0.5160711224394087,0.6435094384852887,0.645798622900047,0.48780989283246634,0.5554357872709482,0.5767470942127819,0.5418595429449512,0.500924257057141,0.4952218942824626,0.554248883287006,0.570152490237257,0.5453741491927014,0.6588452158858693,0.6387062527441257,0.4808181151141621,0.4919331277376703,0.5506744942583757,0.6251448150196753,0.556017234214385,0.5761157574437397,0.5890671248086635,0.5894525147767673,0.6133569220154714,0.5445207130170988,0.5819319374033664,0.5473928687423572,0.6004169072311109,0.5428779723958026,0.565710565444531,0.5394874286878161,0.5714876557079229,0.6307204948823356,0.6046680058680438,0.5182963642871494,0.6266358889355039,0.5656799112244316,0.5766172815948323,0.5862578143636652,0.6912699523458241,0.49003156586537566,0.5887414964912129,0.5667603559366061,0.5695141447753139,0.5907662007620309,0.45445824077157465,0.5159902213113247,0.548888587859841,0.5556928982093335,0.6120748065078563,0.5077058233397626,0.5545916765991795,0.6380739863676915,0.4744419982654828,0.5005240404804141,0.6652128381038318,0.6216831304602812,0.5121025421924157,0.6043085425477689,0.5768466546089921,0.5070860978628101,0.5299808069706957,0.6230590381035186,0.5725573927090102,0.6300851170091193,0.5488295188508385,0.5382554925429244,0.6003640737880598,0.5339520740602817,0.5040788394907479,0.5472198461139364,0.5625716501595863,0.6150644415023965,0.5356271527793175,0.5917871717060467,0.5458479426730435,0.5298226931303784,0.6180408879852923,0.5059384222800356,0.5225170796976178,0.4640681102886557,0.5599300759306761,0.49499554168652604,0.5183421044262871,0.48991485179318983,0.5211294179302135,0.5247153925278492,0.6065003599189688,0.6018432649893085,0.5191795990116959,0.6098983051722666,0.620258876917598,0.6053286016589994,0.5197605296663561,0.5959880859204778,0.5244788853829574,0.5415790158541004,0.6334413170160103,0.5185978476757147,0.5363852273001876,0.5672394146822448,0.5091081685175295,0.5463855683997503,0.5200173179191091,0.5095334920442636,0.6710308636484356,0.4683459921307271,0.6510071481443281,0.559173207949079,0.619655492134412,0.5490691813803061,0.5464991971752287,0.5434574153650084,0.7072654023500528,0.5113870774575031,0.5421341051399832,0.5460021864284789,0.5038390932472239,0.5274562880280433,0.5325708678026692,0.4871919807788116,0.5916390498623697,0.5061685558478672,0.6021160989114333,0.5703236365032579,0.5229794071394808,0.5919084298335558,0.5024774625554075,0.6332881439723972,0.659786913301861,0.545602106546264,0.48210343462452326,0.5155588302482104,0.5173893344563405,0.5556029967559526,0.5924465120869866,0.628389086036763,0.5831286218171079,0.6082046695522383,0.6868729257173005,0.483519398889491,0.5596681216615114,0.5234077511895181,0.5107868460692272,0.5074670743122687,0.5953756752622296
0.6028345875225462,0.6159526195723847,0.5297697850224042,0.5604228995036079,0.5052456128951021,0.5625773006581687,0.0,0.461247180104609,0.5170098075678498,0.5833200010936881,0.5673573191430694,0.5841887216827223,0.5770579485493291,0.5244250104255976,0.6231184315373833,0.534701642926995,0.5476262529119161,0.573064533254185,0.53784650387092,0.5127935013762385,0.5767314042769877,0.5975373717998321,0.5641728416195299,0.5948345395534075,0.5913156390183796,0.5101122888110075,0.5156144388192068,0.48319842243588734,0.5803563221686053,0.5484704446544209,0.5515191607896999,0.6015696452128375,0.592544815321211,0.4890882048986895,0.5378092877939783,0.5301458812681908,0.6050541553085547,0.5230945529686792,0.5493753038506547,0.6602355242964159,0.5668079483502855,0.612850042630903,0.5173873351081486,0.6051505262846484,0.5133634418949727,0.5670006454414833,0.5498168146612472,0.5389221898929516,0.6585402837587772,0.5519919522844879,0.6073591855617224,0.5346794941594302,0.5202056200342726,0.5690248493987163,0.5558834076478554,0.5801595625964932,0.5690638153350116,0.5377154552726459,0.5526167892870609,0.5719759972985827,0.47703670401468173,0.509384699152979,0.4884635347066503,0.4774879223821606,0.5454729104854126,0.5103667580048116,0.5672438178270425,0.5934058442905505,0.49162673683776126,0.48881423844546523,0.5879298084225371,0.5183354774921867,0.4971682729160443,0.5958830963394509,0.5087175138360724,0.5627603069887318,0.5505704496020837,0.6053206393535723,0.466182752581194,0.5277325070250575,0.551299962794294,0.5632088252817479,0.6053624903628598,0.4743716489401362,0.5293528011428964,0.5407043401826325,0.47216980371407874,0.5358782240799848,0.5261690847754911,0.5465838721218608,0.6033963922152797,0.5869079615053888,0.6111912152202275,0.5528206177099345,0.5568863183578211,0.6075744224453304,0.44450823290090985,0.5166791537610806,0.49930385668367505,0.5501952362906601,0.5345365879485823,0.4550583135205117,0.5109748232482206,0.5271063120307269,0.49699972173174745,0.5277424804580266,0.5141718974228,0.5108377875747576,0.6386663631053728,0.6403311168705549,0.6369290210125647,0.5359900288214288,0.556762934953207,0.5028660045720778,0.5093649835552574,0.5667045617843561,0.5291630968232561,0.5989373982239691,0.5261313086839587,0.5017851763297139,0.5798566491003991,0.45909586182812745,0.5168415948429307,0.6744554003404983,0.5166080333210153,0.5925421311660406,0.5267782294299498,0.5293226153905882,0.5129707614639545,0.5678842716291177,0.5114629867157849,0.5248181594185592,0.484505963191732,0.5349331694127683,0.5266893822473018,0.5451000980442228,0.5267120247748445,0.6082662555413698,0.4982921322006793,0.5881535213807125,0.5048582919639106,0.5832659725011193,0.6102148185708348,0.5110459644252581,0.6075150910416547,0.5440782498302805,0.5683273341652353,0.5976456310991591,0.5380536952632486,0.44182383835046934,0.5146504893793227,0.5458678592196093,0.5426876098414237,0.61519190950118,0.5855305981829766,0.5627465268899042,0.6239784240398702,0.5921688332636139,0.5568785108962023,0.5778238385852728,0.5330895324944325,0.554732365261079,0.5253909388939889,0.6259656186432576
0.5618635564997735,0.5233654613193075,0.49879721308896663,0.5723374612804072,0.37861032256149924,0.5515262698784884,0.461247180104609,0.0,0.5626197090996007,0.5258728836396861,0.5209680866340516,0.5431287385692815,0.6128377679402247,0.4845031461497152,0.5311249233705989,0.512323117889022,0.4898283380254791,0.542560685693862,0.5353192104892444,0.5451522721653033,0.49976724344750934,0.5179286719531263,0.4769437492832903,0.456830965077436,0.5765507291323702,0.4829816200007894,0.568838196839228,0.5182016988126417,0.4485166549262118,0.4712656436289082,0.6089261285982738,0.5614743281198298,0.5726527569196382,0.4996446631809282,0.5003349667789279,0.5341130043318761,0.587597927975566,0.5566200203269707,0.5224871362205006,0.4959955843786397,0.4976566539579778,0.4938587348541893,0.5266583787912567,0.47138166026968903,0.6669091625620838,0.5731243115370939,0.4237690287534141,0.47215780193962725,0.4991271013178096,0.5224804724596586,0.5206478243922898,0.47771279213624435,0.454956371246398,0.5250316848216765,0.5237764406769148,0.4967750117621093,0.5271018106124675,0.5590195214004927,0.4763726713615329,0.5525783987662283,0.6517419792307391,0.502998834907092,0.5196475315240491,0.45186844789461333,0.4801503542443603,0.5455677654900314,0.5849894173220203,0.5002790691926813,0.5417766767786723,0.7304307217702782,0.5461846474247802,0.473817085175903,0.5048327511121252,0.5661119601035164,0.600422093393324,0.4959842968873293,0.5263569648703924,0.42980156288739974,0.5569237420653097,0.40262325405789817,0.47484142761251025,0.5643244110577527,0.4791338522640629,0.5863973350971181,0.508961473105658,0.6093397615301946,0.7029993858342477,0.5342908714723771,0.6011009751455393,0.5598905214191401,0.5048882723223883,0.5192676154498469,0.48392993014857977,0.49741105350394427,0.4850337020524459,0.5498811727207908,0.5387524026653748,0.5210785839308839,0.43743041843603203,0.5730932271422389,0.4926250622776015,0.6121185077326378,0.5194476644488489,0.5394204266261523,0.5579243863651027,0.5287862952101848,0.5532355455547735,0.5043462724350387,0.5056988231481955,0.48256002217078703,0.49762325077748387,0.5019283119144466,0.5624265160855728,0.5545995690320713,0.5297840039499121,0.512390196335377,0.48921044616254866,0.500454550308866,0.46437050579291006,0.5080133588741468,0.44376410070757855,0.6122356063016183,0.46917565047606125,0.5009728299250576,0.44746343974586367,0.547857077802436,0.4987665726566741,0.5562762841771182,0.5074253712882717,0.5301960565378322,0.5278482051112847,0.5198450523659619,0.5825526390395468,0.5126926065543757,0.563718084873106,0.4344098474466556,0.47392653435099136,0.49506692901324845,0.5417525864239132,0.5874231322107022,0.5390679097852402,0.4994972262084205,0.5194053370165421,0.5083886313143953,0.5169727689978808,0.5139080930298405,0.5133479641205008,0.5004266203525517,0.5370681879220881,0.4350754104003524,0.5927070138882514,0.46705289870517896,0.5184288462714897,0.47985167269423,0.5684892089532348,0.65670759441175,0.5436726399117762,0.506809585978674,0.4769088344265678,0.4802149062907843,0.468163415308031,0.48359063884265446,0.48500594212909165,0.49656225905670753
0.6050098665798421,0.6004943079038081,0.46665273125310486,0.5401175849745429,0.3988302777797701,0.5219602336201865,0.5170098075678498,0.5626197090996007,0.0,0.5488626046691579,0.4916705804883408,0.5172066465885382,0.5425899018871616,0.5442700907785974,0.5698771197328675,0.46279956805327893,0.46985653254539145,0.5777753365643299,0.5104538838935532,0.5437748778714886,0.4803560255928794,0.5545382135781789,0.49334661445126876,0.4612852681220518,0.573633813184932,0.43532072993116294,0.5858315865535918,0.4838926866928499,0.4709770285695283,0.50085044919211,0.6455356255216445,0.5262375896151085,0.5656043912848664,0.45492057514275835,0.566082775768474,0.5214747343399218,0.5469708858877461,0.5506347129300228,0.5027793041085867,0.506271668367475,0.5022161343970931,0.5739981309198311,0.4694628663035217,0.4767001755522786,0.5475107709380285,0.5227226085748257,0.4448612623559467,0.44180686532424124,0.5223578277223714,0.5190351192085174,0.5009863829370078,0.45911949991326567,0.5039389292938286,0.5001226619679686,0.4850210987069815,0.5945075348209116,0.5169911211507796,0.5034882552337382,0.5142499667658362,0.5456694446726875,0.5151555525204609,0.4951847847377328,0.45896647668510776,0.4810653471869545,0.5222718051960069,0.4947682475274592,0.5793674965863851,0.5095900518879817,0.5170769213375456,0.5798033232750063,0.5489860955923278,0.515342611309942,0.5148093867146197,0.5175482953817939,0.5501620355821989,0.5288492710966162,0.46522957478897065,0.44173506304749155,0.47379460975845417,0.4105747300331832,0.4787827771722034,0.6279947878166549,0.5223434423027775,0.5060519231202133,0.5020237692330508,0.6019452567748947,0.5428045086253914,0.547788817743605,0.5613120306686666,0.6502716201687816,0.5168705543497364,0.6281219836590091,0.4945250371482747,0.5008801079167193,0.5378863468147272,0.587090661816327,0.4969804453886363,0.5283221356814315,0.5014078484338407,0.5464062929531429,0.526594161512852,0.46338562326913413,0.5018289614662959,0.5408110462388558,0.5414281147812482,0.47444882410904904,0.4737691741814657,0.5038486403309891,0.5095549229549574,0.4933970156073575,0.48517395049012985,0.5129866958062925,0.5484648099719915,0.567718399595574,0.4913933576932928,0.5161751386481326,0.5052670785767625,0.5006287302029269,0.4399161214529793,0.5671714865924886,0.4722919806025642,0.5166105172874921,0.47690680623765885,0.5095482512779286,0.5380596652700812,0.5056733463482966,0.5121525456560181,0.4950158081746827,0.471494089674135,0.5455792141092028,0.6368277867214975,0.48507009735949924,0.533251234391417,0.5917510238714522,0.5327245023167567,0.4798153648662544,0.4759480011759512,0.5251811951946973,0.5040101197458826,0.5838346946852483,0.5399560775725959,0.5252644982088092,0.6038231596227217,0.5416010773097851,0.5207913716279609,0.5190307138506903,0.5594442117182368,0.5008947982783456,0.534091879627393,0.4372785212110106,0.5555839348626127,0.5193180292888756,0.5275119064721848,0.5067223082332284,0.5371758422237932,0.6259955068906823,0.5362492986610041,0.4881638134483345,0.5369396658059569,0.47155739737072105,0.4849468955489069,0.5552911784500586,0.5357193157347896,0.5385971870315233
0.5836839837523212,0.668888330917396,0.5362818118482431,0.5623313240568981,0.4167734205063426,0.5753772927235792,0.5833200010936881,0.5258728836396861,0.5488626046691579,0.0,0.5288690039601116,0.5686665515576206,0.6049336709183932,0.5561975641241363,0.5418612620099396,0.5254065045744113,0.5462969622415667,0.5955823822650439,0.5472280488455907,0.5457008513795899,0.5338450026407957,0.5557494548179223,0.5733155960232401,0.5021115955224016,0.6951015156473075,0.47071781030185195,0.5930880645105397,0.5349354685063153,0.6028582670776945,0.5145774071834321,0.5671953285586664,0.6175206679751394,0.5728459665019188,0.5069782976922321,0.5441367610900201,0.5441843992513807,0.5751081231403032,0.557165119032608,0.4964192281004598,0.5888488165186214,0.54458485273712,0.6103599525226565,0.49571242381978803,0.5129124303437457,0.5613833283265554,0.5713032687968012,0.4999287521333552,0.4818813852141161,0.6048133111123645,0.5252812603095607,0.5315450890412908,0.4983579366004232,0.515329474625838,0.532927272117265,0.5351479450154253,0.6221989085011247,0.5381413354911448,0.530890551274328,0.5755779274219399,0.5706098866453552,0.5147486317475832,0.5058451320072102,0.4767943631349252,0.5091445480941516,0.5092095403273786,0.5194209246027282,0.5802482273344777,0.5288980979857639,0.5521995559792265,0.5439207152685345,0.5298835099157345,0.5293569001978762,0.521403078653288,0.5708851925312376,0.5754367286450289,0.5823150908092279,0.500464679320575,0.5044183031982952,0.4914172215762505,0.46529914266167655,0.5569687904565569,0.537731727022185,0.5469934922952425,0.5392723944788337,0.537292691826589,0.5951040412873498,0.5084021501237997,0.5445128213658175,0.6135325510665095,0.5617712891835275,0.5351230518609844,0.5963041483996798,0.5448115207628366,0.5246728906009488,0.5455310386462304,0.6293089059877367,0.463374114030796,0.5970965840007955,0.4936639812191458,0.5949919970079087,0.5315615359391245,0.46861214163961223,0.5272257104603796,0.6468009825695439,0.5233217810118536,0.5255052322118055,0.5328775257314244,0.6006016904762926,0.598621190007312,0.580375560423951,0.5443830906520615,0.5213266404424955,0.5779413384761255,0.5762260619506102,0.517093458180702,0.5541004832061023,0.5874231986809654,0.574988628077879,0.5315852823144311,0.5579559061732942,0.483453966308886,0.49093651420241474,0.5242659679711357,0.560044803972193,0.5074529855326969,0.5965136158479212,0.532722806033924,0.4983655980822251,0.572659926455598,0.5673610028542236,0.6280618292061941,0.5170473455346831,0.5112236183149521,0.51952953970213,0.5274963756284872,0.48741410096600934,0.5188199771257022,0.5460213034383855,0.5540791425298183,0.58493713621405,0.5518025320126224,0.5858683686168099,0.5977880418432693,0.5322469895603968,0.5783616402331563,0.5465380950068494,0.5119741352848747,0.6009357477776388,0.6613418761973268,0.48691838504411294,0.512925557235489,0.579325755014813,0.5254188813695271,0.5958286813390197,0.6298067755756394,0.5785856841409925,0.568935501852842,0.5563709302555634,0.5400831800392847,0.5247896436375585,0.6021528134258454,0.574070218870836,0.5718945707430507,0.5294868096495408
0.6143552150769224,0.546962907345601,0.6243679573494957,0.6036102568604363,0.5220545571982047,0.6125243544046991,0.5673573191430694,0.5209680866340516,0.4916705804883408,0.5288690039601116,0.0,0.6249443316247373,0.6527646552781557,0.5040835814186271,0.588626796854964,0.7016153327118225,0.6472511620248196,0.5884580443877302,0.601173153077057,0.5487373091804144,0.6691581473831343,0.6457758474977141,0.5254907516206632,0.5757225432736166,0.582061912581944,0.5909391219561024,0.5240106901965295,0.5312966824717998,0.5739616240098522,0.5606685282682987,0.5396263472084375,0.6541259922300507,0.605752153059624,0.4999788499317454,0.5279405133842815,0.5849819673333059,0.652377944736527,0.6081240859951976,0.6347318175003293,0.6192714386771695,0.6049310188097398,0.5556082814637199,0.6318673872938022,0.6482488438859706,0.550507812596151,0.5868905117487689,0.497634402679214,0.6751282170278954,0.6068514803993875,0.632471455079004,0.6811009686742189,0.5931652085390082,0.5007610826263544,0.6439132437186382,0.6650176246534645,0.4837354705116458,0.6451911258861773,0.7325430938348937,0.5106124134321265,0.5964944669406226,0.551203414372619,0.5333993395537456,0.6319920770584037,0.4854508512897548,0.5310394107726416,0.5534187140098898,0.5441919013874064,0.5683387850576571,0.5656517153207413,0.571998906154813,0.6198807575794844,0.5040116703797444,0.5217508701462572,0.6909087636372233,0.6101347834757616,0.503334698176954,0.6602927158638614,0.5760989472038507,0.530969025623564,0.5152165899858784,0.5605454199103105,0.555470705343669,0.5450103095882625,0.5559585102045052,0.5674064551970399,0.57249405181656,0.5465208743381724,0.5330598754198924,0.5207140185472341,0.4864642689470395,0.7104030036580482,0.5004016169432333,0.6930829451648705,0.5602412386209076,0.5397290220378009,0.5639581450380068,0.4863642723816447,0.4929469171792123,0.4741545394053324,0.5265399544132524,0.520347966414061,0.5482627397654823,0.5186886541211276,0.5169800158541642,0.5474181814356766,0.5832211487080261,0.600177359718536,0.516213814034258,0.5943633288336021,0.5801351466975158,0.6637305414994438,0.5761700638999585,0.5698469365314073,0.5361702149172599,0.5704233194713692,0.5861498624640236,0.5092098175113378,0.651430968396881,0.5918463319851177,0.49317403982076513,0.6221132738171395,0.5185575805292933,0.5250663796208156,0.6326954327017305,0.48355511915717786,0.6493407686147057,0.5236208249322202,0.5805010020793578,0.5633288820525085,0.5750730042942123,0.48100921289442133,0.6545295609476861,0.5386971883332524,0.5459799306050019,0.5960945312027862,0.5264140475312515,0.5229017540111387,0.5871384869588736,0.5400341403464314,0.628129661680713,0.5114766679821595,0.6088123542455626,0.5381394144684809,0.5358745508429686,0.6422205424016624,0.5184487733014704,0.5726757673234425,0.5673287945759544,0.5469661566494157,0.4860437749042621,0.5638182324572099,0.5148181857002169,0.6453492319328324,0.5240881235123378,0.6139828753528067,0.574661528796834,0.6502254089295154,0.5869149354316138,0.5136539021418088,0.6044276406808246,0.49420664204642456,0.5177188635807715,0.48911062299357444,0.685990047440783
0.606390340338141,0.6117569352787977,0.6092028344662774,0.550019812723273,0.4861167477540064,0.6392181429619926,0.5841887216827223,0.5431287385692815,0.5172066465885382,0.5686665515576206,0.6249443316247373,0.0,0.6282836104252866,0.466357893514797,0.5992687165351789,0.6261726221190236,0.588189507300755,0.5472837686660615,0.6188830776122581,0.5637309257962257,0.6338559992573142,0.6174710274348123,0.5567063446141016,0.6538285952832382,0.6363935333919688,0.5394245683031972,0.5166464650595831,0.5190975076295645,0.5409182936228956,0.5969381659351467,0.5813230517514835,0.6165012541512442,0.5847687859523399,0.5469337421827324,0.5155352516888723,0.5395292288792952,0.6415990254016531,0.5387169687494671,0.6000790525873514,0.598994353651582,0.5761365309519028,0.5928401927487359,0.5631390578308069,0.5862231647260279,0.5904517597035944,0.6045556320288205,0.5345013965441049,0.581107852080485,0.5943110043546154,0.5560195751134617,0.5823653748210875,0.5725820127007646,0.4682761588849916,0.586208864051565,0.5600507859665602,0.5485595681159983,0.5874662322351153,0.6613816606216912,0.4830153951750595,0.5731125099913041,0.5156345332810957,0.4829390608095906,0.5300492155744247,0.45954021559969094,0.4946259567180447,0.5169283606444567,0.5304669101538895,0.553365764118168,0.4947761183321576,0.5388513900190908,0.5768885665325769,0.47216229376161595,0.47454903936678017,0.6122742962944971,0.556594900658847,0.5048082905155147,0.5589377845478332,0.5567684201615848,0.5210200391223803,0.4813015376161884,0.5274055534531126,0.5448034174892497,0.5997533252758585,0.5123578673857333,0.5199062683305169,0.6168418237984507,0.5160064322353183,0.4870572992162608,0.5373920087549298,0.5667108319599699,0.5805306671850664,0.527274378011038,0.5733790896357038,0.5328646862757739,0.4876938499424297,0.6178449408457517,0.46181820458735495,0.548010092015073,0.4461299683971691,0.5401798734613192,0.48766607596859596,0.5021983326314925,0.48931379095721045,0.5629136455191194,0.4978779535795912,0.6070632239805803,0.5556149563664373,0.5609621236784033,0.5929959903544955,0.7023471967914712,0.6452851622552487,0.5183890508561984,0.5274699339294253,0.494231842497073,0.5235646135645674,0.6243515401691541,0.5193759436813054,0.6047689423065319,0.540757001720111,0.4716691083650931,0.5424717323355811,0.4744847443523727,0.5303028111078745,0.6336471355429021,0.4569648617630426,0.6523382904176545,0.4890177103418839,0.6271997020060471,0.5585907706297829,0.5277339134787795,0.5281559108702395,0.5706721722726162,0.48700300303730937,0.5151547743664444,0.5830525097881367,0.48195191794841385,0.6118814287572018,0.5629492141120167,0.5437044322595519,0.608009347940177,0.4776989983490308,0.5480401047574774,0.5404897590770943,0.48454876003775044,0.5924699073260323,0.5459613785577192,0.6245369620509,0.5584003903316793,0.5971003311727706,0.4638163018353012,0.5421392458419099,0.48563744532853054,0.582527152633676,0.6030398986724443,0.6711568511110055,0.584993422846192,0.6531821908590159,0.6505468838465859,0.4777570422508321,0.5144616355736238,0.47758671587074747,0.5036207898623382,0.4768402178514426,0.6109541770120305
