0,1,2,3,4,5,6,7,8,9,10,11,12,13,14,15,16,17,18,19,20,21,22,23,24,25,26,27,28,29,30,31,32,33,34,35,36,37,38,39,40,41,42,43,44,45,46,47,48,49,50,51,52,53,54,55,56,57,58,59,60,61,62,63,64,65,66,67,68,69,70,71,72,73,74,75,76,77,78,79,80,81,82,83,84,85,86,87,88,89,90,91,92,93,94,95,96,97,98,99,100,101,102,103,104,105,106,107,108,109,110,111,112,113,114,115,116,117,118,119,120,121,122,123,124,125,126,127,128,129,130,131,132,133,134,135,136,137,138,139,140,141,142,143,144,145,146,147,148,149,150,151,152,153,154,155,156,157,158,159,160,161,162,163
0.0,0.9126430649596138,0.8042326048929513,0.7891646877973774,0.8846110821020748,0.7869533677846234,0.9179928153880283,0.8450772439609501,0.9294204803335732,0.7595543403559633,0.8838514974352246,0.8749476586833774,0.8615403316655429,0.8159167500348753,0.9571718906611275,0.8487329731205572,0.8061083748812972,0.9669269970455208,0.8684234429608891,0.9687033050248196,0.840598095906764,0.9108016151041729,0.8425385574134238,0.9207542709643712,0.9067081670001658,0.8226831021099774,0.7696032614577836,0.777035202810324,0.8176132727270145,0.8453687030840945,0.953433658911489,0.8630705941667625,0.9367560748889986,0.803280681208649,0.9190158723737777,0.8275309867680374,0.9098469722179263,0.8864651222924925,0.8777473146539021,0.9307192189155366,0.9000579718474245,0.8057981637246261,0.924719236552745,0.9055645038192565,0.9266826124151483,0.9228847125698767,0.8806817014785979,0.8916668363475473,0.9280789296968738,0.9083091129332859,0.9084154290451876,0.8450988913343841,0.8347698065725776,0.824226919068944,0.8425565021211655,0.7750927098249338,0.9126512487380158,0.8705533800653605,0.9152958607304599,0.8836275154088473,0.7676889127128033,0.7194844515912953,0.8336991237973097,0.7794780299135821,0.8881195673660459,0.8297541755020859,0.8707424311130223,0.883893690230603,0.8659219824380443,0.9198353760310736,0.9692620725602669,0.8332642856750868,0.7669206975075902,0.8421359903806039,0.7958760031752269,0.8564821659578304,0.7710335673499268,0.81044129490624,0.9063458265495555,0.6796004141738765,0.7583877638494614,0.9066220172868689,0.8823233262524136,0.7426200673719109,0.8134042591313069,0.9238315519785402,0.9065668761714399,0.8997800098554143,0.7981732620256182,0.8203945386453987,0.9503859249997746,0.9279968129907736,0.9072657023562077,0.8750432114876359,0.8594884212430868,0.8590648630054271,0.7942142804639671,0.8288895316770717,0.7375077527203159,0.8149454561136934,0.7979867650661956,0.8484397938938015,0.8543575231624871,0.8754949804972213,0.8774102665321277,0.8544248924172521,0.7389040174658158,0.7701657008500224,0.9459597401132159,0.8843803290861697,0.8373269751128983,0.8360351452068285,0.7992074233142202,0.7266409160744705,0.8570387136473822,0.8293188386129481,0.8640402823007941,0.8836884386649386,0.7010333166035265,0.6682332835141799,0.8834815143212522,0.7741920216466462,0.8603139026078782,0.9649861662256232,0.8514203190831054,0.9144093967338932,0.7011617684222063,0.8641063548573822,0.7787587611924134,0.8934701591112351,0.7578265568292958,0.7618030413277261,0.77121865801401,0.8398575212378702,0.8735866385232309,0.8628748853585658,0.9199208320474448,0.9153055760202498,0.9389232841642896,0.9652240897263551,0.8611926238261872,0.7934187400735558,0.8964126661549637,0.7978890849406318,0.8773558797574308,0.8784379946236317,0.920561980206331,0.765788003939284,0.9129647360483348,0.5925492610124207,0.9356764487441915,0.8608277130537454,0.847968316972823,0.8402331812860023,0.8906297710370106,0.9663970605596757,0.8919103925031674,0.7821830210823603,0.8921941688420545,0.7225247372475525,0.6801358383635694,0.9259332785995574,0.9408149149184125,0.9214261214529795
0.9126430649596138,0.0,0.9191107230570039,0.8670903046536295,0.7916055878059876,0.9251381622586936,0.8601188405936427,0.9520520713395901,0.9052774066066683,0.8160245644915138,0.8694214326681026,0.9430819649952956,0.9149173594271859,0.8012140009787263,0.8555321929163402,0.9061015461199883,0.8902127225362756,0.8431231438517842,0.8959669950758861,0.9297407769874617,0.8973666491244549,0.9251453889373109,0.800442883160881,0.9178919728472187,0.8877348989491872,0.7954259542552786,0.7783329524584857,0.8431118285817434,0.806482462214808,0.8209469330559206,0.8780303261345718,0.8992700994351075,0.9557016937633653,0.8644216197270915,0.8280062473178195,0.8359950640085958,0.8361877233171389,0.8209988561812068,0.8556282438992878,0.9466567373252546,0.8947980035834837,0.9013568620328218,0.7748052294102457,0.8174860043076987,0.9629815589737318,0.9161662935472672,0.8499806050825297,0.7979999067875472,0.8237574850554599,0.8640271779746685,0.8875989592683493,0.904275558587477,0.8363107337794111,0.8810370601155307,0.8053956185308275,0.8601456367329481,0.892107141466738,0.9549704362024193,0.8475539330827129,0.9181130375353401,0.8722990228614822,0.7401190399043659,0.8263749558185457,0.742913009300067,0.8109419359666192,0.8248971365849626,0.9375300096654502,0.7951774127964709,0.7453389293918281,0.8829170693380468,0.9059948752672187,0.724449674598272,0.8187023916958599,0.9087004676931663,0.8972142682460613,0.7647678390544226,0.8294663774482784,0.7958756269536889,0.8435033551144696,0.6755202712229544,0.7921946707600672,0.9040167106619721,0.8783537482288774,0.7675242195493988,0.840616467959477,0.9706982001014484,0.9117009069669458,0.7662943606624644,0.8170625692140455,0.8992840943117596,0.8780321221035483,0.9343232939947491,0.8298512995966422,0.8633736150659218,0.8562216901761536,0.825272786715027,0.8468417451382009,0.926652189030447,0.7007241124406515,0.9058706648275314,0.7216485597080055,0.8623213333562257,0.7529053628661,0.8141742994555407,0.8462896230158606,0.905561645005887,0.8196050620661671,0.8483038642798412,0.9165186096008554,0.9516989083705274,0.8711896634376701,0.7760726016758849,0.8859854900297366,0.7998837463076225,0.8131715266317632,0.93477457397761,0.8685498573939658,0.760713580124123,0.791645762076892,0.7120532693268203,0.7937961070069428,0.772099988211165,0.8986041624471315,0.9406431138651468,0.7511384296822079,0.8912501955516444,0.8076592322300907,0.9171988923789172,0.8662585196540775,0.7635933793178331,0.834657740539484,0.8776259093670457,0.748007954721792,0.8623537513386504,0.8568060491528203,0.7396297081507573,0.8450771996571333,0.7975287003258309,0.8695490853320244,0.8620867493709624,0.7499342463924918,0.8163253442164724,0.9599570136954223,0.8232745534393786,0.8105880856340626,0.8102529026939881,0.9283021607784512,0.7927970511409059,0.901388672171527,0.671090997563742,0.8558123005646348,0.7790965037224062,0.8735381427199682,0.8976654213908208,0.9400000940995992,0.911971124711462,0.9044562131449213,0.8692694308563084,0.7797561123829562,0.7084968173018166,0.657049821494424,0.8278338057299186,0.9380926239931258,0.8639546794648462
0.8042326048929513,0.9191107230570039,0.0,0.8575062771569538,0.7077436244444515,0.9285329711632477,0.7650608977104932,0.9314008704412076,0.7901543044674494,0.8213529161825651,0.8013704746692784,0.8799401347083919,0.8747258506266483,0.6712045307986444,0.7639309062526596,0.8587297108599885,0.8916829274750243,0.7704930841522133,0.8636973598364721,0.8309786384394289,0.9101123303556485,0.8886450411307452,0.726270579374711,0.8724686619604415,0.8315984997794104,0.7282779896431224,0.6868593289586283,0.8312936003219306,0.6986183589637751,0.7353926604280066,0.742397771445049,0.8257376982263309,0.8547946476284606,0.7946715298328926,0.6953592148192292,0.7284338872684583,0.7353339581370677,0.6956834591399335,0.7556219627156825,0.8855523087640875,0.8114465904488813,0.9134978452466396,0.7051831161843477,0.713617477835511,0.8696722721808603,0.8629368215380435,0.7768627854739881,0.7132390208389459,0.7226008830652257,0.7741381674407296,0.8264528346660431,0.8910869868640545,0.7803275790001203,0.8543446411898812,0.7022641565385728,0.8099643850450261,0.8239565766410228,0.9060827388045336,0.7921475940708117,0.809349305510249,0.8840011819315179,0.653189771455121,0.8148911732209402,0.6373656290540726,0.7526110935068424,0.8136641861480897,0.8670050943595932,0.7439662902287616,0.693856475714193,0.8357217048044041,0.8183741089624782,0.6041501661546901,0.7828108971878645,0.9179667173048119,0.8933850856405733,0.6633225141982623,0.81300106018494,0.6997163789660913,0.7670711690964904,0.6118891145381157,0.8143663752690026,0.8431080048810761,0.8068788969358909,0.7091575874936392,0.785919087021102,0.885682499960694,0.8203018275800856,0.6564141504671469,0.7483404494934008,0.8181891125496613,0.7721029429388842,0.7940063807050762,0.714737559641319,0.7893654616593431,0.7839482595149295,0.7276662120610621,0.8110128267219354,0.8784893937342896,0.5842323485697858,0.8592534083380027,0.5916856433566345,0.8560763917070899,0.6743977256331821,0.7630723343733675,0.7403064719834042,0.8764706148049346,0.8473480545365122,0.8577917290120135,0.8345584920504519,0.9352204101184091,0.8336546775473769,0.6781682814597302,0.8627605703972611,0.7052636869055132,0.7200050904866067,0.9045804056836695,0.8089509868685504,0.6779872858395112,0.8512949093855471,0.6142325172485279,0.6791613276778967,0.6775110670049357,0.8218376218396795,0.8486844965276402,0.6309871854068351,0.7852546135933622,0.7765618844247091,0.8011399206527281,0.8195181512594713,0.6623794295726375,0.7853884099821212,0.9263604092118379,0.6245392355166344,0.7510370248493226,0.8018076506198162,0.6543748448681826,0.7422759265702399,0.6743794469133595,0.7944415753345145,0.7466943827633001,0.67118015243111,0.6960817916713812,0.8847884750047686,0.7550968168337733,0.693510835735747,0.7208102087021074,0.8407901808022215,0.7819464926961293,0.8383247253747681,0.6159269968801181,0.7476884675389804,0.6867880519862514,0.8306253033543346,0.8783628415843893,0.9261729216770074,0.8285437655043284,0.8544108246833837,0.8763922232162227,0.6521494301662332,0.6363940013496839,0.6664169933901158,0.6842813193770948,0.8320605717787455,0.7750329735668334
0.7891646877973774,0.8670903046536295,0.8575062771569538,0.0,0.7129818566329251,0.852716370631882,0.7762688740963204,0.8253761823850065,0.729703452278676,0.6682074520086462,0.8852947368177504,0.8664977909240867,0.7918339167027583,0.6984032650573916,0.7564962223758244,0.8053211791129095,0.9156445130483171,0.7360987856920495,0.9489379040146209,0.8461201211849605,0.9569455920703672,0.8648366385087689,0.7191256976450217,0.8835473262862669,0.7487849854665011,0.7366290946117611,0.6480081885359033,0.8868558357050347,0.6842592000616,0.6551907811011022,0.7274321660200631,0.8136980145479161,0.8741606261149186,0.8522007172489221,0.7360140209124089,0.7995420369627875,0.6835429669321199,0.7087797479857536,0.8429401767068256,0.9117773142875152,0.8534802681599866,0.8209129805462276,0.6966071910425056,0.7669921626604417,0.8340092122549243,0.8144149230583853,0.6550054710120949,0.7434261444701411,0.7488147667845428,0.8358441123735495,0.9150899635426402,0.911822153849052,0.8301533213643234,0.96374549529139,0.7999778486195533,0.6788640212003894,0.9053815799476521,0.8789374402454943,0.8411911589132587,0.8682268529306351,0.9385844340328602,0.6641366416602746,0.8430325443832397,0.6824904960902833,0.8067872750617324,0.8503776816016436,0.912163148423107,0.6315612360815495,0.6318523032760442,0.7398801341777811,0.7995249952482254,0.6351512502069042,0.9186650371319403,0.9583351839813643,0.8899324539470402,0.6429035972661089,0.9220927743765874,0.6577045508717158,0.7488847216554622,0.6183272005232647,0.7325185112629995,0.8867449296677226,0.6843181211253742,0.6707960727821173,0.9149196685200173,0.8091122566314632,0.8061709692475889,0.6816275584155221,0.6858847730391721,0.7333654376286858,0.8048271993549498,0.7987227790397228,0.7736160159169893,0.8790304362484558,0.9002358605422038,0.6402966537144456,0.8863747862538358,0.7960300502704774,0.6350016613890949,0.8550220903100708,0.6387802931944463,0.9009281496954441,0.7475191790459214,0.6570100753774458,0.8013413807214212,0.7709465718987634,0.894411267005423,0.7342743625825741,0.7876437941810304,0.880336582817134,0.9610012415340252,0.7731685257819684,0.9041344542368693,0.7230675427923491,0.7449619577340171,0.8404383012088151,0.7866988584551229,0.6856342589159764,0.9108415945423131,0.6027709885115384,0.7336328355597438,0.656748571620082,0.8746547189672345,0.8248898477969389,0.6821749441588559,0.7414073801392232,0.8430353703258799,0.7603184125844964,0.8406836218996588,0.6397781163164636,0.6473771726151549,0.9095791831710358,0.6797772218939527,0.8530100680001921,0.8687323488286579,0.6721100017455768,0.6572897337315967,0.6935927436677257,0.7713788119117417,0.7505902420996047,0.6552412013236257,0.7192735982173379,0.939458526088616,0.8587160961515352,0.7156158930889183,0.6806714439022243,0.7974545573000063,0.6717980895628862,0.7211315052469126,0.6426480083036712,0.8342456376407463,0.6905352327119431,0.9428104556056817,0.7215488985591934,0.8429643756378659,0.7814004908119002,0.8796650094202729,0.7448577908767476,0.7266545759145236,0.7275980667048113,0.5717104940544366,0.7052884438474298,0.7382380652694716,0.8377767374378375
0.8846110821020748,0.7916055878059876,0.7077436244444515,0.7129818566329251,0.0,0.6465479550333655,0.9094289947710792,0.7036526827203059,0.8829638751850748,0.6457774955874078,0.8773428071942287,0.8301273188258461,0.6891378151960662,0.7360831188163132,0.9438994452572528,0.7227612269739209,0.668065554150738,0.8357849902415612,0.768605048103719,0.8618432581910935,0.7663212808861191,0.8806922648982348,0.7906779984463067,0.8765697448417952,0.8107081360655416,0.8104857405020693,0.70951270428436,0.6329961358195322,0.7705895889677771,0.7765757609995714,0.9273519724341329,0.7065037902927156,0.8268460255946107,0.7075668053692734,0.914825933320768,0.8080764664800114,0.8592302223164004,0.8371650213399248,0.9087849313742623,0.8086241397765985,0.8277482830872112,0.7421042639494343,0.8827782722645762,0.9382391276569892,0.8073340760228012,0.7341323637172122,0.7666857050004061,0.938873174155595,0.8938163516096514,0.8423978458346981,0.8100171162385524,0.7166032533183548,0.6959711850566476,0.7635996942888612,0.8276141610437479,0.678563486294638,0.795930772871174,0.7937375856597354,0.8156709458464589,0.7497131633784904,0.6390337208316169,0.6194639225976063,0.702045756696835,0.8007191811887577,0.8195621727032614,0.6743356811212439,0.7817976198623707,0.8184468213138552,0.7813640303428503,0.7969684912102616,0.8924843622963622,0.806008419562476,0.6952721689628898,0.7183993916337053,0.6427969407042412,0.6992493634094069,0.6968214950928987,0.8133632718844133,0.7483306898016557,0.5715568732937184,0.6022471086544133,0.8637636088570749,0.7941528160824971,0.6008320906636961,0.7197096114740746,0.8018393443420582,0.8152322592238358,0.8309961396736008,0.62442329401441,0.7634109421311639,0.9365158473368934,0.8738006858050653,0.8585812937366021,0.7288210091100261,0.8004674089043465,0.8485737366532393,0.7007160176438488,0.7231307363131759,0.7626037649298898,0.6518569205912721,0.8027991216866415,0.7498755654966074,0.8675135307042922,0.8323704339085968,0.7726233917714973,0.6924187145487332,0.6101603957301144,0.6596239199212667,0.7788684670788175,0.8030478453131892,0.8024162613912483,0.8738802022749265,0.6604877459409485,0.6497336319951978,0.707750079859122,0.6857050875378794,0.6694796004898859,0.908137623085293,0.6221379772905683,0.6159309357376278,0.9300339620071435,0.6770056242589435,0.7647215248842334,0.8294525663600335,0.8845216298402249,0.808829321277137,0.6059714970604934,0.807164027730382,0.6771958021726607,0.8517036382376482,0.649865341195002,0.6510611903563973,0.6793993219237726,0.8372989687230762,0.8757607212031794,0.8460678567157958,0.8219328338414332,0.9314389112606477,0.9035831812030336,0.9271166038754896,0.7598376364469761,0.7416695983402749,0.7890899801747061,0.8006824998496511,0.9205594666398786,0.8722602729799855,0.9097930035920045,0.6053552710827657,0.8126462233690857,0.5516007919230281,0.9103804375898144,0.7297969318816127,0.8096300774111733,0.7634596166611771,0.7964427274553827,0.9007534229202849,0.7750234115606165,0.6696039311925028,0.8807554851988922,0.6208009314690028,0.5455038103631761,0.8376962311226985,0.8422975559415478,0.9382477651932017
0.7869533677846234,0.9251381622586936,0.9285329711632477,0.852716370631882,0.6465479550333655,0.0,0.7321004863765682,0.9520044105434369,0.7646241187140275,0.8253448989550426,0.7619817986542621,0.8493356967010737,0.9357248897838653,0.7338791950423691,0.7066757506282525,0.9052939060539343,0.9312587893065019,0.7383691595907931,0.8358009897555101,0.8082189172057003,0.8518521214821603,0.8025555390646392,0.7164297636883391,0.8016687481290831,0.7999573916062634,0.7298851555785545,0.7235536215401993,0.8875401288766048,0.7289143044048648,0.7442408496673201,0.7261989540718397,0.8973171862062417,0.8633784949732788,0.8450367466878734,0.6858312742883131,0.7403962072909417,0.7292934480432886,0.711313754370499,0.7203154020206737,0.8765522258678179,0.7960938977486435,0.863044088622057,0.6617164357694049,0.6836631917525039,0.87963950385756,0.8874130866738255,0.7854566850255812,0.6706233869516083,0.7007264681857593,0.757572781110294,0.8139683228871937,0.9011993463466248,0.8067802503115173,0.8261205855349008,0.7093090238273908,0.8486825304178968,0.8165257741778067,0.9042175903795523,0.7528165800020493,0.868505036661445,0.9234279268422939,0.7470513369309987,0.8141228290919698,0.6415638355541388,0.7107428686011191,0.823262118237082,0.876077356279599,0.7057766391257334,0.6642137254218351,0.8052980915976045,0.7821835447831784,0.6215560721430217,0.8001047406171234,0.9075231692118674,0.9514286738694672,0.7176856667318479,0.8325242029177765,0.715412854256857,0.7877648539947455,0.7209612053045674,0.855102343781641,0.7858077966474976,0.7965017243989662,0.8033874652537393,0.8124847095870071,0.88645775699157,0.832675023376439,0.6620436739269687,0.8460861538376785,0.8256546298531875,0.7485473659268241,0.8031808385791495,0.7187347958020387,0.8232125289231959,0.7724484750846232,0.7106217721436705,0.8160431667292455,0.9002267127843993,0.6126006150187912,0.9531003168869872,0.6197290597958418,0.8290727037816825,0.6475839367692674,0.7051674573224417,0.7708258142221542,0.9212593756185095,0.8862466400804985,0.861940900314985,0.8543626660264837,0.8816237138690972,0.7997253164941509,0.6596131804346362,0.9317303877959711,0.7974111926316153,0.7779131285814926,0.9605716849884327,0.8774337615507766,0.634023577520714,0.8463368855776139,0.7031347306142325,0.6586721881961367,0.7545025495486168,0.8439867672149194,0.8572399189199893,0.6220998826677993,0.8073884330515391,0.8623883945243818,0.8327732578215297,0.8730900508738704,0.64855444067123,0.833094667670524,0.9330593958149587,0.7127737774782223,0.7506935415317857,0.7332175851239957,0.6275569048539926,0.7420670309969057,0.6572078665198395,0.7333167639459479,0.7183759013473761,0.6709505401493948,0.7575727108022553,0.8881615190411024,0.7307326569501903,0.6790764486663491,0.6941595786441693,0.7873110235513605,0.8428128198242377,0.8058178459825004,0.7012351094469036,0.7205754710006186,0.7156685720838373,0.7832253044558827,0.8372100186441419,0.875714798517056,0.7769211150923925,0.8449375265931823,0.8990791919445139,0.6552060076389031,0.724325865881594,0.6950973865457833,0.7151250886323297,0.8239345911352818,0.7247833370540507
0.9179928153880283,0.8601188405936427,0.7650608977104932,0.7762688740963204,0.9094289947710792,0.7321004863765682,0.0,0.7987091871256579,0.9051519676396371,0.7689986278756522,0.9033188169441235,0.9093073955877485,0.8025486311565,0.7410886058844229,0.9153099182979751,0.8173566243292896,0.74410938357227,0.8667228869139849,0.8243601899078311,0.8709915583973429,0.7914414745337172,0.884732324007221,0.9230818636331263,0.9091129497708869,0.9243355441565168,0.8013705227707598,0.8341994906044969,0.7475297124614644,0.7929147699006206,0.884058523229447,0.9226045327720616,0.8145434291341533,0.8510604455925612,0.8119951054522457,0.8576426212373952,0.7657413679780536,0.9285294960581665,0.7875184217501864,0.8683342880235911,0.8929806087319387,0.7910118289666186,0.8350339862161317,0.8406148446345656,0.8603647038329388,0.8766204837819842,0.8124141742536648,0.8024954673031707,0.8667771985824584,0.9634802052449889,0.8042545010429745,0.8411427508729028,0.7407208050579722,0.7099287592764393,0.7767601841540192,0.8245172915581696,0.7670723086240548,0.820099973314412,0.8685997257633822,0.8394595174968643,0.7970524356584073,0.7067448431401476,0.6287343488449175,0.7033674838433032,0.7255925897985755,0.780292849150557,0.7063746892044036,0.8682095804782122,0.8492107297211952,0.7766590617654142,0.8908646400235339,0.8670221099657559,0.7525293750741388,0.7131166765495394,0.8000101241623406,0.7040562897481674,0.7650269819162538,0.8030852377342629,0.8762947798895279,0.7541093827763836,0.6316080414800205,0.6369462682003636,0.8527645589661772,0.8762095143858039,0.6263284011812532,0.7373338048772786,0.8369484034910007,0.8936656110777887,0.8358046669230571,0.7333597621073373,0.8345389135513891,0.9233943807477871,0.9004969090831625,0.8442002377912704,0.7696490850359572,0.7860923293593745,0.8706301110847503,0.6920898765354533,0.7876653078360203,0.6950414701238138,0.7513926407258686,0.7626796173510035,0.8387162572227974,0.8325970374933139,0.8468416325885791,0.7559468218334239,0.7674499130393321,0.662967343914113,0.7674988621026778,0.8343691309844009,0.8843481151173435,0.8536264646623699,0.7905923874045354,0.7309281260906552,0.7468063067916739,0.7177834791524574,0.7830767935439935,0.7512087416399577,0.9125190840224132,0.6561141818748472,0.6434460694499522,0.8314065521650745,0.7016078947215512,0.7816795229846409,0.9190475051480869,0.7845857435158037,0.8696074135676913,0.6451031437334999,0.8656201513312778,0.7103761904697506,0.7904138735404898,0.7402960852777027,0.6900354638936984,0.7383141599034252,0.7949787863537053,0.8300463687519138,0.7538991517278959,0.8608966588422079,0.8615768809570972,0.906966808330291,0.9300739188916337,0.7496341883410796,0.7510222214413044,0.8519260125282722,0.7494424064324215,0.865175675378293,0.8947125497743627,0.888284445435268,0.6941532211344762,0.8650271920919137,0.5576283780185348,0.892167006792347,0.7477769680442349,0.8197977129969142,0.8485108853455947,0.8780912026228415,0.9405220576227494,0.8961549691910847,0.7896646205928478,0.8512222772654251,0.7112997653457142,0.5836409967722885,0.8352895772318224,0.8780123510941681,0.9129398811518014
0.8450772439609501,0.9520520713395901,0.9314008704412076,0.8253761823850065,0.7036526827203059,0.9520044105434369,0.7987091871256579,0.0,0.854503543011932,0.8740184489983862,0.7896906459789272,0.9100814122491561,0.9464279906925644,0.7294873526310864,0.7688230427166353,0.9168902483789592,0.8856404204887667,0.7922450940776381,0.8389046329759908,0.8504447790284898,0.8445381237052401,0.8478339663131784,0.7991112500466077,0.8530711712437447,0.8882532263407755,0.7647906235274551,0.8032550272677988,0.8654121888055932,0.7378869131961568,0.832554885380726,0.7994423378021727,0.8860103696400015,0.8735045295500583,0.8652666618759065,0.7280711399214327,0.7411905978766493,0.8095476357311411,0.7404808443919589,0.7501699266022119,0.898473112163826,0.7977657707070072,0.9200238235651234,0.7094095290092352,0.7122698736079717,0.9379683178862068,0.9072166844838844,0.8413456674102918,0.7055856764431004,0.7631002573658775,0.7648722835073763,0.8075945361640956,0.8650875944175924,0.7651884804551533,0.8011486153789101,0.7131320670288587,0.9069531738021052,0.8158393960170061,0.941415746221196,0.7645919916291823,0.8535524287707861,0.8606302614747842,0.7035464204454097,0.7770064109903561,0.6575322294140269,0.7191415875570777,0.7867609948491953,0.8964684847343773,0.7773418844874865,0.7131549434180983,0.8973172355738468,0.8209869925569903,0.6445384664240872,0.7603080613072953,0.8867605358575074,0.892998178113909,0.7365096783041429,0.8103358418344474,0.7690293595178437,0.8113801697877613,0.670613057272459,0.7913933153695648,0.8181815625447421,0.8792435662116269,0.7685146781807889,0.7798920267569648,0.9441628021019615,0.8965009593689451,0.6956781894689416,0.8585849761636831,0.9058387141582013,0.7944551551299209,0.8532631240317318,0.7313983745574628,0.7948527774911752,0.7565799363530624,0.7917664723467092,0.773640889643263,0.9428744866003738,0.6215278667686192,0.9220542821174005,0.6399875553166346,0.8459824697214415,0.6850331255761196,0.7926538894231875,0.7629557059126093,0.9435368809222945,0.8138712914552596,0.9254013239457318,0.873907007423686,0.9274211622466161,0.8042555451362993,0.6816491519065443,0.8678946821747386,0.8129538321125492,0.7618728402089354,0.9702919655261836,0.861030728242791,0.6927963660578006,0.7739888778407147,0.7056583688588488,0.6892373159974182,0.7706189272763899,0.8405818840926749,0.8939989942972542,0.6477878259267573,0.8438903484908796,0.7856301745522577,0.8891563816880745,0.8332675911921837,0.6892722514075702,0.8972387735238387,0.8697538540143539,0.7170133281007544,0.7595045031044362,0.7609548651637266,0.6461804563681027,0.8223120737926719,0.706780262351193,0.8141058475659771,0.784969772858456,0.6895617093819374,0.7492999988724051,0.8926780915583251,0.7222150174015226,0.7227114182520632,0.780112784472919,0.8537294076252596,0.8278987758438723,0.8866852651426709,0.6567756300812543,0.7635522455511352,0.7132548952591707,0.7930465995894125,0.9209437875138446,0.9434239431650707,0.8605857908832419,0.8786522424154638,0.9416987812217349,0.6811195980564863,0.6868166983037363,0.6754314242684761,0.745602696847064,0.8981933571446007,0.7727473700628917
0.9294204803335732,0.9052774066066683,0.7901543044674494,0.729703452278676,0.8829638751850748,0.7646241187140275,0.9051519676396371,0.854503543011932,0.0,0.767902598716303,0.817751045577056,0.8911356801447179,0.8092317187823016,0.7662662990362331,0.9187909940746062,0.7945321095957485,0.7212080448435234,0.8618344078436705,0.7807306933508594,0.8889087204459247,0.7751961506917603,0.8981278646990261,0.8263784475553101,0.8860537307719671,0.8958359913723241,0.7881396776161503,0.8093935257254238,0.6962615493571435,0.7673045635883656,0.8854706790909109,0.9557227767338934,0.7792146392778435,0.8769121600529403,0.7639622195513724,0.8703100632346293,0.7785584537486027,0.9104966668964852,0.8250327958244813,0.8387149504120797,0.8505980500434108,0.8194983680107865,0.8580243756490753,0.813567115757691,0.8366249556276845,0.904672134247978,0.8263229670990795,0.8786909569603667,0.8211797198110384,0.8573274845339157,0.8100161624171698,0.7933992675774995,0.7645530193423584,0.7239146556616245,0.7543879096738123,0.7524869410854681,0.8567995704466923,0.7968986450632186,0.8628607279918603,0.7878010747811816,0.8003667126938142,0.6998517889118593,0.6656702660205914,0.7119424517752726,0.7434567632416434,0.7797257867783873,0.7040571603041561,0.8513136494671831,0.8903725437975311,0.7749706752250655,0.9030469050053495,0.9127060340586691,0.759621975480207,0.6973439712794723,0.7624295394664424,0.723552878221666,0.7573425962974841,0.7047898785041513,0.8380932324569753,0.7920828201304176,0.6070963073876271,0.6701442681271483,0.8755729236874431,0.9335827233021261,0.6728987629496511,0.7154829784698041,0.9280265343903338,0.8931854410783555,0.7978630653752706,0.7463219142311286,0.9262336031644324,0.8943401329087158,0.9424345623630264,0.7999905625877711,0.7481868890483038,0.7739907513840302,0.9262126740329923,0.7215465165056372,0.8504508421016651,0.7221401651357621,0.759592934985567,0.7543574024805298,0.7578148479235542,0.7722670651272145,0.8818513908456186,0.7772495523473931,0.812707527529683,0.6506626834205971,0.7860952751447131,0.8484780030134791,0.8787259244731008,0.7753195692898539,0.7773246266344498,0.7301948933180794,0.7294037526502137,0.7377545885913379,0.818510331247438,0.7531581993634059,0.8181013645016958,0.630590123078244,0.696951284674786,0.8312783035258914,0.7517469278549804,0.7971279735168083,0.8966270782360252,0.8059222972685004,0.8557639251034371,0.6611779658142564,0.9038350703971162,0.7154494347387962,0.82412673430357,0.829158963002976,0.7110725897441834,0.7155366557968464,0.8247431711906648,0.8221354949453427,0.7722628546060104,0.9107914887899774,0.8683207330192656,0.8919726105795336,0.9107641277788453,0.7597504836039592,0.7605428748999109,0.8536785555745358,0.7540628517444347,0.8501140746945908,0.9018994142816419,0.9653849607733991,0.7089438158332535,0.9010154763409352,0.584396107282784,0.860897963440352,0.7416726141516717,0.7865806037288708,0.9022192688834554,0.8803952494984693,0.9627999133566442,0.8314642918502979,0.8063512229537351,0.8103035252888792,0.6245616846086116,0.6075523150385809,0.8499599463731673,0.9652255682729476,0.8853575856221455
0.7595543403559633,0.8160245644915138,0.8213529161825651,0.6682074520086462,0.6457774955874078,0.8253448989550426,0.7689986278756522,0.8740184489983862,0.767902598716303,0.0,0.6888021231255277,0.7947682294263531,0.8925136356310642,0.6575811559765236,0.6998919252231209,0.8531574847265575,0.7484825411307566,0.7537985882084054,0.7019082979898671,0.7189101607672261,0.6847439236266455,0.7244736908955612,0.8107240295574663,0.7277221261582157,0.8979456010194213,0.6748948208640938,0.8386842607741317,0.7647442240950076,0.7447283513316459,0.8725210685198737,0.7343726850639248,0.8322807442269301,0.7347024672957343,0.7531977553921054,0.6426281652194361,0.6177716659943339,0.8185149392810711,0.6556815230551655,0.6321089307406964,0.7736599249506435,0.6558183340746226,0.8163732251959106,0.6764649296552285,0.6288904758490134,0.8116348523708468,0.8129044145379292,0.8381865630691129,0.6467565366359526,0.7443512441363006,0.6366516534806542,0.68133477993744,0.6925710115909116,0.6466393303729265,0.6459035782201366,0.6399043828593995,0.8754546620349295,0.6755437353969174,0.8086403152352226,0.6855074029827449,0.7095960425550467,0.7070573612699852,0.628978859823029,0.6525126039018685,0.577232832581301,0.6144048401616671,0.667755715725217,0.7461336772441997,0.8139002908584954,0.7344668140248539,0.884295708142157,0.705141495887536,0.6030427429648489,0.6043875148961919,0.7437559762571243,0.7411680143984648,0.7580261178825969,0.709291181920787,0.7903463501332063,0.7127815616089301,0.6812005974438394,0.7334828770555121,0.6643276854987872,0.8882162507125254,0.7074101275285687,0.6246551961780672,0.7968755422913953,0.8009895548736882,0.6714681422086881,0.8690844343685339,0.8072797173337641,0.6958642581287254,0.7385906845160994,0.6620569867948686,0.6689579421597253,0.6130345372337568,0.8111283931589213,0.6123403988824271,0.8188415363835118,0.5508081699835359,0.7938533285797846,0.5995424345172017,0.7535581020392211,0.6176517125021493,0.8236097757752541,0.6386376175836511,0.849253255142363,0.6784288674767833,0.9031573272369974,0.800618815714019,0.8101415706620049,0.6712118597873113,0.5702881679780832,0.7212988640850385,0.759564711564299,0.6695790522108894,0.8301080881636624,0.7963012593965251,0.6993625822183098,0.6493421927769794,0.659283611470593,0.597001181361677,0.7136059756227827,0.6789322210938292,0.8203024015481968,0.5738729658291943,0.8316536059236246,0.6333424370702412,0.7939355078431736,0.7093021729830083,0.659484209768607,0.9017663916961955,0.701538426108825,0.6687182395907323,0.6016218000722456,0.6294836931244,0.589855895642063,0.8253904286182973,0.6458930444701214,0.7452025197329003,0.7254632416922271,0.6831836460571751,0.6741103735675728,0.7259022546063411,0.5835137706340618,0.6600787749630552,0.7477932092047224,0.7230141138341875,0.8726310749153711,0.8780352965642213,0.5753094672863368,0.6482244423770094,0.6949620148191044,0.6409168397447234,0.9006773624097596,0.8526258819712245,0.7818098552469384,0.7893655330675917,0.9245041610989924,0.6239494534953212,0.6624173666815344,0.7361370161000581,0.688462814719102,0.8288769054618719,0.6547187040590348
0.8838514974352246,0.8694214326681026,0.8013704746692784,0.8852947368177504,0.8773428071942287,0.7619817986542621,0.9033188169441235,0.7896906459789272,0.817751045577056,0.6888021231255277,0.0,0.9199845030264932,0.7817071309318973,0.7540146977662009,0.8803859204720618,0.8364755158998184,0.8277316388775693,0.8205042507089794,0.9231976111302079,0.9184081335579992,0.9004472121529185,0.9146078512181723,0.8255578889931068,0.9416849084438806,0.8431063283350138,0.8241185422038759,0.7252384100677183,0.8055087063072046,0.8027699264918546,0.7492749435469467,0.8672642923605693,0.8238280625083098,0.8891128763711127,0.8518923255574758,0.8711449628195403,0.8569392034039539,0.8229419593652891,0.8201651493804049,0.9591082591742739,0.9227283189948879,0.8800348783637688,0.798101064050061,0.8322737668225255,0.9119701574420833,0.8771711689886601,0.8078098521839342,0.7125768861949643,0.9204820809461775,0.9071893217697609,0.8862993394549007,0.9219504006626612,0.825414394780235,0.7791794624239105,0.907943504612304,0.9174948087122858,0.6819187138502586,0.9103431149018488,0.8995948013656702,0.8860410169358942,0.858895649782453,0.8069832399634504,0.6546228234621566,0.7930808847264202,0.7815901070655206,0.8414962818565869,0.7830743335260267,0.9015174111065924,0.7240718200568742,0.7328725838608505,0.8145808771380594,0.8706945727292152,0.753519346361273,0.8353371258099126,0.8744775960377438,0.7811042593322224,0.7086446002291892,0.8828551345391347,0.7819161807842899,0.7867816557302649,0.6357708334489655,0.6703714678095658,0.9001405570044186,0.7562457088048015,0.6608737478099762,0.8628613537660403,0.8330985515835982,0.8914952635098016,0.7974847859900887,0.684280923704825,0.7638125015295796,0.921162182123419,0.8697787425469836,0.8914883646702495,0.8537537472364085,0.8881988206965062,0.7615137069425235,0.8075568701736636,0.7821191553096125,0.7202338694274326,0.7710520454078608,0.7712933860340829,0.9145099684167419,0.85603197095919,0.7650235457021611,0.8273800263224302,0.7541218085861574,0.7619397742615058,0.7287353978966118,0.8199708353449746,0.8973599299783458,0.9626341297431257,0.876020938633049,0.8004481809790996,0.7510250961457956,0.7611759160540658,0.7800590219733453,0.764148112421838,0.8709920086226833,0.7805051877174219,0.6212690719988112,0.8734185380069645,0.6866199505668071,0.8740519927758309,0.8861030112413132,0.8114977939008097,0.8485558328819686,0.7186964938616014,0.8322840677249823,0.8086126391494285,0.7593169236227496,0.6553063995375875,0.7831887366635307,0.7535614239771704,0.8878453511752762,0.9395058262972263,0.7768114037019784,0.770335365908935,0.8428080738525815,0.9088919627835389,0.8992311512952016,0.7327766027033767,0.7873562171897901,0.8980497312181954,0.8707443581280875,0.885758322380125,0.7976733032081218,0.8724091703440409,0.6550747589059851,0.815927557048736,0.6196306133973015,0.9500843368455751,0.7505572007604597,0.9382482295314074,0.754904141268137,0.8722932347729453,0.887793294200956,0.906686323741386,0.7296949684657733,0.8611308044542807,0.7381182046772494,0.5585857046004878,0.8198096973604808,0.8125373789407951,0.9512278587140004
0.8749476586833774,0.9430819649952956,0.8799401347083919,0.8664977909240867,0.8301273188258461,0.8493356967010737,0.9093073955877485,0.9100814122491561,0.8911356801447179,0.7947682294263531,0.9199845030264932,0.0,0.8517433514679942,0.7297395246780589,0.8434417623967702,0.89032008422289,0.8455588697065363,0.7941228761429334,0.8890867609622612,0.8925955032147194,0.8835301441156993,0.9180522054131132,0.8780643601963759,0.9438671153588678,0.9155766038838935,0.8168644117988938,0.8207095662605581,0.8325820215859788,0.7761223971861136,0.8462322870824202,0.8705898317207832,0.8444444275435945,0.8841330309872789,0.9022749661583824,0.809732192697367,0.8013531552863995,0.855405384353788,0.7751759731007128,0.8777235914167433,0.928716678562624,0.8310587143419264,0.9293768399412027,0.7544013478589859,0.8135960471076581,0.939706408770667,0.8361501434965354,0.7821306816009266,0.8135176045840439,0.8641660056115888,0.808480161182601,0.8481608043084795,0.8287076341100049,0.7314441362147595,0.8530786170870476,0.8046497265969078,0.8278271752827703,0.8476117511267617,0.9778121915349061,0.8004775918003618,0.8475019754716533,0.8103914561146905,0.6475846638165142,0.7389239997921372,0.7211803721059983,0.7529315155678026,0.7372425593416188,0.9326326944437291,0.7608137396310091,0.7010852540490744,0.875853069358604,0.8454598359842023,0.6834490684297183,0.7852532791897078,0.8772807087082203,0.8079960166489079,0.6962413076415845,0.8583142201252488,0.833706116840102,0.7689452404218272,0.6263728144147752,0.6779287136394565,0.8798739997174737,0.8584898421428281,0.6716392156350279,0.8043146543545685,0.9158726442521555,0.9259021536708996,0.7273631303650848,0.7479438723476733,0.9064816491801702,0.8814117000049627,0.9066397131548841,0.7967313284210761,0.7917384609664213,0.8062940466721839,0.8262177727255762,0.762858558511827,0.9008203937555975,0.6742072558312956,0.8313881904621492,0.70237970183267,0.8747107183278485,0.7686099590490747,0.8117342819389829,0.767324816776252,0.8378853195978617,0.7530429344523613,0.8652158957406474,0.8300109695382191,0.9701643984161512,0.9129033593052303,0.7802704659090679,0.8098704323785944,0.8152473705648245,0.7218393169055627,0.8913795104347169,0.7796451870224291,0.796711060355624,0.7612723076638055,0.6748332102830304,0.7858069501688985,0.7110295506738963,0.8679037895625245,0.9052797347452016,0.7241692172188007,0.856082005431048,0.7363707199638668,0.9172828677920633,0.815129430351825,0.7089329937928595,0.7982326075246504,0.8099820061867864,0.7269052834041457,0.8470499080746361,0.8618026198917205,0.6851175547309094,0.8206280706901323,0.7844240377607039,0.8957117699342824,0.8640340194425181,0.6776719802934636,0.7737422368336576,0.9172278645461409,0.7955760183095979,0.8281096500774168,0.8407685600434452,0.9194251417321694,0.7053742142024096,0.8830413374664544,0.6395858542396156,0.8659822753029255,0.6970953714314571,0.8829088742867621,0.8875203019307494,0.9617250747297876,0.9118619400004334,0.9210153163643842,0.8656638512373047,0.7616750692882431,0.6886439593306052,0.5690958396732951,0.7790868926549833,0.8871808401758513,0.8965941127978081
