0,1,2,3,4,5,6,7,8,9,10,11,12,13,14,15,16,17,18,19,20,21,22,23,24,25,26,27,28,29,30,31,32,33,34,35,36,37,38,39,40,41,42,43,44,45,46,47,48,49,50,51,52,53,54,55,56,57,58,59,60,61,62,63,64,65,66,67,68,69,70,71,72,73,74,75,76,77,78,79,80,81,82,83,84,85,86,87,88,89,90,91,92,93,94,95,96,97,98,99,100,101,102,103,104,105,106,107,108,109,110,111,112,113,114,115,116,117,118,119,120,121,122,123,124,125,126,127,128,129,130,131,132,133,134,135,136,137,138,139,140,141,142,143,144,145,146,147,148,149,150,151,152,153,154,155,156,157,158,159,160,161,162,163
0.0,0.9177993402090021,0.9091704642931345,0.7673605628453566,0.7444649050978136,0.9363908093676876,0.7851567870865558,0.911558750920198,0.8596866465360754,0.9116976967271433,0.7555294208558705,0.7367726435120474,0.9838190008133918,0.8599109911605674,0.9442719759557942,0.9164361782438367,0.934218046589363,0.970776452779916,0.8744413691338319,0.9521385845573122,0.8610480268406191,0.8680411109906134,0.7685009476611003,0.8409553881717231,0.9053881318417665,0.7080284200234052,0.7393127968044056,0.9221851849225989,0.8239978354843723,0.8380991659337018,0.9102475362504029,0.9566968600482709,0.9011571319199331,0.7505636031864085,0.9302223759219529,0.7925669584811286,0.872929763537881,0.9010791170273321,0.6962799991420592,0.9332762978189098,0.8854734894248283,0.7688228361868319,0.9237999748890479,0.849789943632681,0.9087027772869615,0.9594479334041902,0.9317033715597594,0.8145984502920696,0.8818727653144703,0.9193936321717494,0.9165654282706077,0.927445584659376,0.8598583443348604,0.8102923748008101,0.7888385613522451,0.8404390854286156,0.9323298843072059,0.8155146190577864,0.8927565652992314,0.9355620220310596,0.882450226031629,0.8454694123724856,0.9076557510600234,0.7037965617982602,0.8870136567955538,0.897878375482425,0.7784535230912433,0.9040669468794823,0.8829788610627674,0.9138586343589649,0.9572349192425842,0.8729441274484688,0.7548522505077445,0.9196480400661066,0.9326310383076265,0.8915580517073567,0.7495574994411115,0.7202292470274303,0.8895110450706469,0.8147231425162113,0.886615566766045,0.8725036307093934,0.8803405396363159,0.8881398613562631,0.8463445870718107,0.9334982974549083,0.8030510646341191,0.8834544045223265,0.9543805915332501,0.7028308870262997,0.8631525918349685,0.8475668246084616,0.9183617393604514,0.8997813365827352,0.8465987296663852,0.7986017877056382,0.8179350992498275,0.8396442535293189,0.66253904292673,0.9528570932721566,0.7803857033449036,0.8108852451310695,0.7137432876027724,0.8489267059721592,0.9161677671098278,0.959677482306122,0.8952972208386271,0.8432187034414049,0.9543873108698999,0.8375241280598446,0.7253277923710443,0.7165907078983726,0.899807559998477,0.7039249094842782,0.9052530076801442,0.9430166894925747,0.9392499352036616,0.8691058202542686,0.7974801603986142,0.7313724645928458,0.8615674121118884,0.8037564081051924,0.8362564898344726,0.9552110488625282,0.8799514934033447,0.900413099484576,0.8141866635937934,0.7838185242462703,0.8523294404314834,0.9125885146169501,0.8650194392676561,0.8954298565307248,0.7887155591740463,0.6867899595629813,0.778091356992283,0.8515163131888365,0.9011473476020456,0.9342229757846104,0.8508332961469097,0.9329585509808966,0.8502390190453386,0.8123453683360604,0.8962037946145748,0.7126281865080385,0.764432321011748,0.7486934871870853,0.8276099637551433,0.8853497224464348,0.9237264553757891,0.612279865930687,0.8743333832040591,0.8466235260310534,0.7781365240292218,0.8472748999554816,0.8543950149732712,0.9118802809249533,0.9083089170599554,0.8876646292606337,0.8497281972350856,0.848909357054961,0.8573946196074185,0.9326454276703044,0.9454297591557008,0.8007782323189898
0.9177993402090021,0.0,0.9283005994984634,0.7999931565746693,0.7543444931754117,0.9728535423908863,0.7975207553440578,0.9249197867770359,0.9044455309437718,0.9016210115848805,0.7681136191306265,0.8265588615253967,0.9094558839355602,0.7967265776571462,0.9391469437102187,0.8664171417927155,0.8854489682072185,0.8523780227170932,0.8992697699107021,0.9053564984486241,0.8799711577276301,0.9279683746506996,0.7400893136483883,0.8955735190821175,0.8816103899069703,0.6573960778047315,0.7271486498538682,0.8717916261958576,0.8374775243552116,0.8331045333984674,0.9332551780184103,0.8837390014005413,0.9213818958361729,0.74966824164883,0.884927751338506,0.7979133308507257,0.8210646523310476,0.8255177034517064,0.7919761876858682,0.8995524684459746,0.8944495513394722,0.8234448958742406,0.793199825103286,0.8367576858522457,0.8874659308757369,0.8782547758810524,0.8589857865734604,0.7789123921049489,0.8140900640947795,0.85400931095311,0.8619662566809349,0.8919400325408464,0.820391940808842,0.8606959523463622,0.7721470998579366,0.8916438347039766,0.880310349914234,0.8453076688741462,0.8086768267485087,0.9014288085736529,0.8893966156194716,0.7737283913535399,0.8226899092833994,0.6691322687675297,0.82381307189764,0.8136199592008153,0.7891954657875704,0.8249087904543515,0.7453461271141031,0.8539872448513133,0.9014515353163461,0.7642844993310046,0.7175510085498348,0.8840453250398563,0.9054742117211728,0.7947525607236764,0.7370590500230899,0.7318587916968566,0.7980198586635864,0.7561386521056088,0.8286487553439832,0.907549883414946,0.9060465634046876,0.8054385051078006,0.7899137221202985,0.9451815843915291,0.7726029365492592,0.7601300537052391,0.8680826860290881,0.7976698356494564,0.8022091866084292,0.8937652269155524,0.858776050557458,0.8482571287395555,0.8196941861223922,0.8363745091326166,0.8280823194447856,0.8589867836135215,0.6457681568575329,0.9054831953061817,0.752986504844033,0.7599827558062234,0.6488912453502468,0.8309586117408313,0.8322908086462074,0.8830551488501477,0.8450710743779111,0.835509422446075,0.8787020026627692,0.9019622121721935,0.7614039594692982,0.6800305014020569,0.851270967954537,0.7044899560932848,0.8078506106645071,0.9507530219344932,0.8618273272285976,0.7960519409056085,0.7782444434844391,0.7216596466758725,0.8304107057273885,0.7434834456135245,0.8110948683736118,0.9364292637339193,0.8494250242156518,0.8918232346128554,0.7977909862996493,0.8321935133800018,0.8432246688570947,0.8032669051848906,0.888514291305326,0.8949810952452447,0.7332799811485772,0.7750836633472916,0.830286504080045,0.7800055281513946,0.8570096379400942,0.8626440598823066,0.8020963685206275,0.9072255628107572,0.781275831095289,0.7937258500097297,0.9348213514228445,0.7406889141389424,0.7637243774644142,0.6981263532293804,0.9247646090816648,0.8420069757537681,0.8881653288811542,0.6385426472682011,0.8536616284961772,0.7917759655496973,0.8178493205444184,0.8643505739548083,0.8819874263016154,0.9082042148290066,0.9218052638501568,0.914912116070431,0.811807812229859,0.7479191090744866,0.7668432371056076,0.8641364290376866,0.9512725635942803,0.8309159530786542
0.9091704642931345,0.9283005994984634,0.0,0.8235586509078705,0.8408989810601468,0.9329711845512636,0.8178069742131373,0.9140392171900626,0.8553115727893605,0.8943675511459307,0.848131005627223,0.8271674428924122,0.9223841407659118,0.7961683358865315,0.9124589581905923,0.9235489583788348,0.9214580539187511,0.8566483544193275,0.8773283690857868,0.9007551621232697,0.9310139712399904,0.9694715321957662,0.7673589464264612,0.9038946354147609,0.8957846995107048,0.7372939610225019,0.7463701090748491,0.8783022161453907,0.8156027066498603,0.8116462395616815,0.876843583271335,0.9001463139196378,0.873750397125213,0.7672582377775962,0.8789670348851508,0.8341121600811489,0.8560792556577668,0.8395689258854514,0.7960806296264432,0.9267280144128559,0.8588806943169571,0.856193295713892,0.8422593145497379,0.8679165061982466,0.9069024542519035,0.85654937013419,0.8482016901049358,0.8696385558721365,0.8576723370525893,0.8824804016855305,0.894231609209169,0.8934647908920698,0.7737357418929602,0.8795999658769144,0.8205082572900805,0.8362812791209587,0.8767385890679262,0.8911547775591611,0.8454400670103766,0.8757953336555,0.8886212511006659,0.7590765578342297,0.8383935867006281,0.7211191441895968,0.8154362874326563,0.8089132562840833,0.832010750533508,0.8489402757959895,0.817209135473824,0.880620907604275,0.9140270084727169,0.7502205920110439,0.7853435648762125,0.9411633269828046,0.8905100797703753,0.7431516739213148,0.8202198300435716,0.7661927527761296,0.7810885345381601,0.7068770214553244,0.7954573316578645,0.9147186071191483,0.8514266938702224,0.7842990292072494,0.8339433462884973,0.9084225980193182,0.8265558016933977,0.7892206817621449,0.8209354740858086,0.7498750524088941,0.8810781635016431,0.8541770866171051,0.8651054440740559,0.806676723335085,0.8538823157687889,0.8100734190435298,0.8041179503939219,0.8525017080894428,0.6536406144890589,0.8887145246673943,0.7135007929914213,0.8454741769359468,0.7094031880241701,0.8187632203439813,0.8351171782387278,0.8924607578209638,0.8655072051988238,0.8493505739120778,0.8590899542073507,0.913186521235261,0.8090570429124461,0.7522005510437437,0.8833646496930275,0.7324681319621605,0.7829281592779754,0.9200539210047887,0.8126179937026872,0.86820809742466,0.8497422421064588,0.7110941288383582,0.8779310538113584,0.7554441785763653,0.8331045120421511,0.8947439432965298,0.803766590658809,0.8559386410183583,0.8242165942851908,0.8388985331997124,0.8624159635913424,0.805747401225029,0.8330482204613285,0.9359705671687669,0.7181923593781052,0.7517405728707334,0.8747025125188554,0.7549772804976039,0.8082643821761523,0.8695118285218552,0.8648759252577035,0.8815726951651626,0.745912029979235,0.8225540131674696,0.9119007753043017,0.8005504812979314,0.8212242453638996,0.7547115163083707,0.9051411735729549,0.7891273862793714,0.8990741323082694,0.6386035929242798,0.8628672482421249,0.7342432953297009,0.8597938210795676,0.8895183253500613,0.8877256341068155,0.9103025550530723,0.9054532089273502,0.8998234630623241,0.7774292204165751,0.7737120720933567,0.7406902292099989,0.7990258774796406,0.9059975518768152,0.8656570241286838
0.7673605628453566,0.7999931565746693,0.8235586509078705,0.0,0.784379226974424,0.8227870291571102,0.8160224808725758,0.7895939753077227,0.7184824367647481,0.7196644636466313,0.8763863280726689,0.8230877438845898,0.758553498025537,0.7190921780694932,0.7910446641938848,0.7674655135076411,0.8157106506267618,0.7050695163146723,0.8541132066541881,0.7591357893819402,0.886956235081578,0.8470019174022831,0.7310085520472785,0.8356602647616165,0.7788657549746169,0.7524065986623177,0.6838414355641698,0.8215501494905821,0.7190065340162375,0.6582240394587158,0.7699042261707411,0.7674619823476129,0.85541077518272,0.7977710716621443,0.8332294746873948,0.8643985650690449,0.7411909305344392,0.7266986448060642,0.8414258656411243,0.8451083255032596,0.8109143323967567,0.7853054391187492,0.7112095859032153,0.8977397736562108,0.8049819290178953,0.7120478037427294,0.6700183235182414,0.8306664282709599,0.7865056341001601,0.7849316878127741,0.8512120757873174,0.83443003244946,0.6833820256251993,0.9335298139456247,0.8632671612897017,0.7010157687338452,0.7868662377825804,0.8567353083388283,0.7580832506394792,0.7791499173138494,0.8404257944805097,0.6680987956648335,0.7536400187252653,0.6953434019963113,0.7223387733018297,0.7091519966092912,0.8390116405717176,0.6787186212833828,0.6796021199594273,0.757188914191433,0.7744593523534433,0.6574492577402402,0.8450128602681942,0.8709597492991095,0.7731139059725407,0.6276077006077974,0.8351874679524071,0.7067894755008599,0.6811901552209838,0.6219488140082672,0.6723871942803771,0.8928067043411719,0.6768961639158175,0.6747201324853199,0.850454524934355,0.7635199027980786,0.8046675066775466,0.7033542174667562,0.6846178145678528,0.6805615434743134,0.8548034309797032,0.8441252056568278,0.7735330004318705,0.7271739033063076,0.8630276340522892,0.7165262067582673,0.7514890071708612,0.8112980557567019,0.6801668219794719,0.8105004563378048,0.6830844322413991,0.794145942336851,0.8008637000022627,0.7330075036892216,0.769325007059422,0.7236755733714458,0.7792270838521193,0.7410376490163336,0.7156260790695994,0.81358794993066,0.9275897636383167,0.8204513211556081,0.8625451550751756,0.709690366254334,0.6958307829170388,0.7952476240703574,0.7021548095570201,0.7255221439924878,0.8993698924097818,0.709768095792704,0.7876525296968604,0.7461468792485015,0.8056095485404798,0.7711748463209287,0.7599781334077083,0.7453297082497017,0.8122633784401811,0.7477883295509431,0.8318593645434309,0.6588459852015257,0.6642185876625167,0.8069120514851333,0.6757042042339249,0.8653611135898602,0.8637481026000813,0.6366390268747361,0.6357848992700948,0.7856221044408812,0.7630796479831513,0.7464620829333511,0.6851223822069015,0.7393005308747994,0.8696359349231881,0.8698764282642251,0.7906693976199338,0.7237523522636697,0.7953969639937033,0.6400765174645912,0.7234181197803309,0.6274064021946114,0.8992070645669316,0.6461803392657411,0.8571843554311739,0.7114068914662934,0.8352608519404799,0.7715623598780699,0.797824333782142,0.7778386072377546,0.8396306577546564,0.7607303183570086,0.6174760129433324,0.7178214596591782,0.7454984605969115,0.8766371927049957
0.7444649050978136,0.7543444931754117,0.8408989810601468,0.784379226974424,0.0,0.7553402140279872,0.876623651523784,0.7434351494533723,0.7628235556733137,0.7633740147628711,0.8753249247064898,0.8360065383021607,0.7571317615597052,0.696091037192432,0.7332336294857533,0.8258309412395365,0.7763880507451179,0.6841673283474123,0.7091692210801783,0.7085652553121026,0.7947366899029363,0.8398257499044885,0.8331310802325913,0.8141216290618329,0.8139169136025444,0.8068473720600544,0.80947673416092,0.7487705616209109,0.718704046649444,0.7912285407204285,0.7380787359919175,0.7467393359668846,0.7137978191506568,0.7736619393815141,0.7702022500348331,0.7527653838764756,0.8223981250268774,0.7004910430180497,0.7313471124032197,0.818277233120847,0.6777664206162042,0.900721960979341,0.6846743194468126,0.8003783223143465,0.7788851879384834,0.6640492917061327,0.7214107386720504,0.8254935085102626,0.8357207902875083,0.7008109426612755,0.7417134299381534,0.7279423825958777,0.5882330763347641,0.7415453173378986,0.7519864813314137,0.7836134038769509,0.6882769987234427,0.8805842208924843,0.6929621448644104,0.6975289785096364,0.6837372309749268,0.6186249154462318,0.651062612711622,0.704087619440102,0.6206264959137883,0.6115436554117781,0.7992430724367096,0.735869644030378,0.7067494390783092,0.7491856778484145,0.728924451951529,0.6202974768703888,0.7554478076410932,0.7952980339758571,0.6849252357643246,0.591059322178495,0.8177043555807832,0.9048900949694142,0.6100587849925379,0.6111507071425657,0.6088092666808532,0.7687107595031365,0.7450539420052582,0.6132842255320022,0.7320199511647565,0.7426255318674628,0.7747253353489438,0.6729186723567039,0.6539371870489198,0.7452550594940377,0.9006699209937696,0.7934705094789476,0.7134784034499418,0.6183655298569879,0.7395583106591374,0.7740797026976887,0.599685639993686,0.794348171466521,0.6775546146829845,0.7302565233875111,0.6300504832656646,0.726938121086277,0.7280155945025225,0.7142055651525518,0.6615290037813049,0.7310264530920108,0.6671364776914009,0.8107619279175283,0.6803107961186461,0.8385163337112366,0.8265351390859463,0.7720443154321412,0.7570671652754385,0.7646624185782642,0.6151189967435766,0.7994659801478001,0.6351443958443932,0.7939001140904943,0.7841467411349855,0.7488214233599698,0.8172956849093154,0.6679741995783461,0.7594954950124175,0.7387273929186613,0.6716089646418014,0.7027604905560525,0.7308202735776078,0.8163793899350612,0.7385371499189913,0.6386164739634104,0.7443561924560874,0.7473988001242842,0.6367222681818467,0.7310049358140613,0.7325401382378935,0.5778310086590557,0.6721011585784583,0.7680158981594474,0.7800348479505336,0.7127197823508002,0.5908276074546972,0.7735512891073564,0.7750689218164293,0.7427502744813282,0.8431006617064231,0.812964412431094,0.8189058200301126,0.6133710561581825,0.7569792567213888,0.636670959829618,0.7422369258868682,0.575722007108712,0.7697919187111907,0.8290612598304081,0.8050317890622496,0.7566015767498177,0.7722426216793536,0.8312589373585422,0.6966966782700069,0.7196519052884545,0.5790600253213295,0.6624001842751344,0.7452559333782851,0.8776973550902013
0.9363908093676876,0.9728535423908863,0.9329711845512636,0.8227870291571102,0.7553402140279872,0.0,0.7811902534124363,0.9347626290874416,0.8766894967640898,0.8869723366900593,0.7817019994937237,0.7998447670178894,0.9291094216554867,0.8129393029872526,0.9546779807801357,0.885470969192425,0.9000937388544714,0.8754450956724292,0.9106450045883698,0.904373819467523,0.890596423596718,0.9161319185831278,0.7113474821878223,0.8670464039475535,0.873135756239393,0.6783654269981296,0.701238602411151,0.8746953439958028,0.8517005987681097,0.8170021119260541,0.9366899407175353,0.909580460081744,0.961066791491504,0.7339994575818954,0.8963113614791233,0.8193535942790737,0.8353627735738263,0.8638895162609974,0.7937596397180541,0.8931024718497571,0.92699278427426,0.7857959636009321,0.8414116582096526,0.8854639347896639,0.8833821086684613,0.8988784248983532,0.8663698018094231,0.8232151776403551,0.8078996912161542,0.885204703762141,0.9047109884213397,0.9281470531626492,0.848918469505824,0.8834191121790435,0.8113978207166301,0.8533468918033645,0.9063668675989208,0.8623022871244448,0.8209789159515721,0.9149789248102633,0.9266095853325454,0.818101450999073,0.8838865358919801,0.6666329578167577,0.8552143979085474,0.851578870023627,0.7810548874489542,0.8499795904909517,0.7740774176664718,0.8884032958810419,0.9400346975640632,0.7917236664342897,0.7324991139386796,0.9039351718416268,0.9353761869648252,0.8218836654975553,0.752537591788869,0.727201335212013,0.8374518095456245,0.8032316279118272,0.87432705841511,0.9158310695302961,0.8944745882274447,0.8536716014833374,0.818028500790694,0.9376472890642422,0.8095024443378185,0.7945757159994455,0.8881742183987844,0.7510212439232664,0.8313005501503354,0.882499521347429,0.9001814421371632,0.8773755597232484,0.8433004201264293,0.8374008946068462,0.86288524913818,0.8417812828645315,0.653812207118762,0.9160368204165368,0.7801816534193889,0.7995198443340856,0.6765120607899539,0.8415072228317192,0.8799776925410356,0.8976523554116634,0.8784823261692529,0.8072982718300991,0.8978125459626177,0.8660803873962264,0.7618809797663727,0.6951703758770928,0.8883855438624202,0.704045178888059,0.8534891106231063,0.9381375093775247,0.8852146301508895,0.8000576284939722,0.8053388298678151,0.7285422204408052,0.8470080422784155,0.8129650931007694,0.8088337986291975,0.9603594326791712,0.8781233016989877,0.9265426057047687,0.8114434472940556,0.8203059369046611,0.8599742851961648,0.8368825862461388,0.8554707882309973,0.9286674397245298,0.7697829396127922,0.7743577195907502,0.8290439558182024,0.8181290335720962,0.8537342334853013,0.8793956738189267,0.7882516764572096,0.9286901126435798,0.8349786719993596,0.8080795121274614,0.9218714753122833,0.7556959117938576,0.7761066399046985,0.6921685900609469,0.9045255483935044,0.8689234397272417,0.8785941470389832,0.6333909273012931,0.8840066251731366,0.8293148118698118,0.8044846407611378,0.824778137672556,0.8836227236218717,0.9117056172247275,0.9074278683613618,0.9117391068041334,0.849089644939407,0.7914427249221258,0.7981207637425481,0.8942472511888818,0.9494933598297604,0.8282772331401257
0.7851567870865558,0.7975207553440578,0.8178069742131373,0.8160224808725758,0.876623651523784,0.7811902534124363,0.0,0.7633504200760258,0.7768905443824352,0.8377647251797584,0.7901788265013445,0.8203706090164359,0.796174758898007,0.7414983513133234,0.8029671968198191,0.7816203184377917,0.7558928958695945,0.7197477119916478,0.7228493244237849,0.7219718617057939,0.7786437548650061,0.823340265023846,0.8597870201553877,0.824817738923917,0.8653092608757259,0.7829955034963673,0.799198171988186,0.7515818034232011,0.7344594540905968,0.7650736955297852,0.8093253501498194,0.8017625586580518,0.772234841042885,0.8058750105117316,0.8115256227285833,0.7631087243884448,0.8700138047567331,0.67123764352087,0.7114327376319576,0.8639758267065397,0.6912931326121862,0.870237663834441,0.7133674773154837,0.8271267540991136,0.8295884180086813,0.7142006516272154,0.7731609957449532,0.8062807793141542,0.9033084994004484,0.7190094376047445,0.7896302927273675,0.7406031358123192,0.6228362745409363,0.7643475080857054,0.7830227637810657,0.8404548827006553,0.7028655916272557,0.8028664729440383,0.7697202254288957,0.7355532049641348,0.7146056233143356,0.6580510545638135,0.661788044172367,0.6921713567222305,0.6663110904647814,0.6533819761094942,0.8816717382520151,0.8023574371467087,0.7152085814299616,0.7551068242369924,0.7728446276307407,0.6666145284601037,0.7609091229220983,0.8278369948494554,0.6810175400258112,0.6581894126365496,0.8318975687937417,0.887462072581152,0.6297205533729225,0.6276947681435714,0.63657162029211,0.8110593765393264,0.7750132515980055,0.6201826417680264,0.7325394939788701,0.7436973753510754,0.7821021183664136,0.7532437673691726,0.7174368296239325,0.7688051315693742,0.8651827426929319,0.9100497630427399,0.736048532191113,0.6585835330771181,0.7689000461351219,0.8324351107859178,0.6247108872017608,0.8409870464613618,0.6874549667699004,0.817185970802026,0.686798396722405,0.7557700582871578,0.7990256936765544,0.7677189368535086,0.6907977028107847,0.7515844691577773,0.6945293504563557,0.7909352763226317,0.7396675335835534,0.863991220270792,0.8472642246460446,0.7388306350013486,0.8216384272560039,0.6949264914091741,0.6447235053542836,0.7925662229283077,0.6817699539194875,0.8236406382238004,0.7833752098465275,0.7470930089505488,0.7553324442101,0.687929329935182,0.753267570637403,0.7948233865933669,0.7009210386402372,0.7498104691487203,0.7665580144418802,0.826878116280954,0.7483871691703018,0.6858622433586442,0.7511500087115238,0.7102855204691436,0.6376882564147341,0.6920060663558805,0.7273697624347296,0.6116758967814837,0.6947067375904662,0.8234797109829415,0.7786638188314362,0.7393246946525442,0.6496465300894232,0.7676265258479423,0.8410379002680595,0.7298430251850315,0.8225873063280545,0.8721252372099366,0.8029151157607044,0.6576272675681367,0.7813862448336163,0.5636118789593503,0.7745533235058719,0.6160701398333432,0.7243339036776854,0.8850214202480322,0.818485288702906,0.8123693691543645,0.7929905740020136,0.8590172508375976,0.7840908956829319,0.7721695854465527,0.6307756496111326,0.706600629618378,0.8027995246589477,0.8041372136460551
0.911558750920198,0.9249197867770359,0.9140392171900626,0.7895939753077227,0.7434351494533723,0.9347626290874416,0.7633504200760258,0.0,0.9165127824573569,0.8767104481622101,0.7919519317125834,0.8390434784249476,0.9199522548761212,0.7596043455878896,0.9221532860993137,0.9021174665457627,0.8615976336891321,0.8467047906046489,0.8727562316186023,0.9030819716366831,0.8553583101806795,0.895831023428842,0.7599386951595003,0.8683829647377147,0.9065134793851626,0.7100121520792018,0.776092961424858,0.8728345405407238,0.7794370695334986,0.8582903188470375,0.96350656299719,0.8714763953038133,0.8883572692516747,0.7733658919457457,0.8646711055293831,0.7884604818830405,0.881292723604458,0.8623612385263898,0.8007037079611357,0.8639073272343284,0.8494626176468788,0.8020979582988756,0.8339350956000764,0.8178787742734328,0.9335267126290011,0.874221723328246,0.8307953361942421,0.8096427103461334,0.8152944217666692,0.8322799108896564,0.8396738752538084,0.8586034918939152,0.7577483235758465,0.8173092133276034,0.7757235172724254,0.8623765825590916,0.8577424953809144,0.8937668210078842,0.7650247578239953,0.8687582296734124,0.8925125158355145,0.7541034497473201,0.8198547299632669,0.6600083123247474,0.778897863943947,0.7973654020039131,0.7984510273397221,0.8350317762484861,0.7744828414038399,0.9490024641219127,0.8970028061445893,0.7480548995314921,0.7074691157843781,0.8742287801146728,0.8886685519391514,0.7712494586226856,0.7613628083732348,0.7306443118403527,0.8366287984103276,0.716395193399165,0.7864477793805795,0.8848398737066565,0.8918242115142838,0.8276490849919365,0.7849764319030518,0.9616969091369485,0.8895655126288182,0.7659217449477328,0.8727426263849686,0.8112291843284801,0.816617469345944,0.8518051703597538,0.8237443595680107,0.8037111385885647,0.7673360616415849,0.8520189577098461,0.8004366025615078,0.8569714351306604,0.620128957293859,0.8818687005043375,0.745965807989871,0.848359974917902,0.6770999178065378,0.8485475516749784,0.829276594031366,0.9047991411627493,0.833331695518888,0.8555580326235452,0.8455884263399625,0.8677960855271146,0.7439349803471742,0.6986832461330859,0.8314950303699592,0.761742909704977,0.8022103093058722,0.9318837739523216,0.8245541915479162,0.8171602920448887,0.7483821509778861,0.7283473124318243,0.8080932816814526,0.8391319430682787,0.7927183518884988,0.9066316937688896,0.7803037045736949,0.8933656776696532,0.7568105795030122,0.8801095205133806,0.8257700099809528,0.8040484043057109,0.8855460193930972,0.8831864043541161,0.8068905106376608,0.7491870552080353,0.8352521786879578,0.7355833832547156,0.8683710921477447,0.8576862725037019,0.852739524871167,0.9524624775368966,0.7700872597803111,0.7700003161447653,0.8669516648670783,0.7183477074169753,0.7941599914050766,0.7271927179848368,0.9190347355178576,0.8112155882503641,0.8998350986050611,0.6284472288948274,0.9049607681425429,0.7454685659028556,0.7976453808353999,0.8468175993427526,0.9088421661818792,0.9649847003153619,0.9120435436924117,0.9245161858201144,0.7705958493638744,0.7380347739617872,0.7348230230736792,0.826073909072332,0.9444846485627116,0.8300536255693427
0.8596866465360754,0.9044455309437718,0.8553115727893605,0.7184824367647481,0.7628235556733137,0.8766894967640898,0.7768905443824352,0.9165127824573569,0.0,0.8631255655362151,0.7376091271775501,0.8139602210503848,0.8535058348247875,0.7334608254882136,0.8578291314051972,0.8224108279639997,0.7793261396683245,0.7910269649332152,0.7728848107879099,0.8143668966368568,0.7627692073868519,0.8810881241959552,0.7543054762924923,0.8146296397782496,0.8638826184178438,0.6394420767049344,0.8178022974577857,0.7924844882026207,0.7322810641080039,0.9197757849886411,0.9085838886720549,0.7965971596594025,0.8036216983717931,0.705319053400238,0.8026143373224971,0.6954988149173904,0.8436965892240004,0.7704445682644747,0.7191131427847557,0.8001234454992788,0.7417294468245255,0.8711387202757174,0.71847257972334,0.719013141545691,0.8391591990524482,0.7825583932975224,0.80654201332638,0.7005158113762106,0.7714072091272871,0.7363798429415298,0.7432208589128163,0.7609495481568185,0.6990161984121783,0.7234411674545127,0.6692824995519364,0.9391967864726851,0.7581782895492261,0.8427864971271168,0.7029631588874544,0.7824527638013788,0.7774965951827636,0.6901964191318007,0.7112303958509884,0.6168895530153081,0.7030799191605075,0.6973873278934051,0.7627921685950446,0.8189503472782962,0.7192102863218639,0.8833268437659924,0.8230436850509548,0.6803368627806363,0.6611034556088089,0.7870808067587339,0.8051052474686994,0.7172240464675101,0.6969486956527745,0.7474050205738834,0.7115827884946694,0.6672425400839943,0.7144690114109832,0.8363873937292722,0.9291176050148691,0.7256810840660648,0.6866224015268158,0.9031220200039364,0.8051978533540137,0.7052756472223063,0.8065479507390648,0.8826480274559879,0.7810699444633946,0.8455227507156893,0.7371327676461087,0.7161095669789959,0.7177348936145229,0.8607735344764075,0.7018688564853272,0.8107913525661199,0.610932372318182,0.8051655592039496,0.6790459798173262,0.719020316220679,0.6078011244344862,0.7841556701557906,0.729829981086182,0.8165040412858463,0.7118411334756926,0.8386260390915002,0.7686264814131527,0.8401439769611615,0.6844579990453948,0.6307380345198066,0.7615890090574254,0.7679961412876413,0.70305378623472,0.9084035687455162,0.7498354345278354,0.7542557295735718,0.6626711570425635,0.7548222157523883,0.7490857196622733,0.7393525652907863,0.7224322206718753,0.8443767158137616,0.7500780652007369,0.7951290231953996,0.7105646144053862,0.851188953156558,0.7132389176395215,0.7285452609950398,0.9620443296378673,0.7992909940266961,0.7350870773021017,0.7350835849987121,0.7319970501547198,0.6708250041266113,0.8272030137498065,0.7774915422347344,0.7634966817480456,0.8532726473824984,0.6950039165567713,0.736823725463903,0.8394461985496451,0.6686730548924008,0.7203503124784132,0.7118278343539944,0.9321406225912946,0.758510743926912,0.8372955905063757,0.6021389884164396,0.7816229378750518,0.6910305480066682,0.7451184360897014,0.8679987954199021,0.828723174245792,0.9054245046476689,0.8710762730953886,0.9043962792831524,0.7155224143265139,0.6750829873384226,0.6786380708379512,0.7785846415492723,0.9138585878117529,0.8160090925080647
0.9116976967271433,0.9016210115848805,0.8943675511459307,0.7196644636466313,0.7633740147628711,0.8869723366900593,0.8377647251797584,0.8767104481622101,0.8631255655362151,0.0,0.7314179228291227,0.7637833800519,0.9241325913143966,0.8091586608083691,0.9116830112623423,0.8720249467087949,0.8281782619742247,0.8825550450277952,0.7846853783812787,0.844005155308112,0.777394952719298,0.8485008859696247,0.7962352411239475,0.8044067347324495,0.9426097818466311,0.6848582751948257,0.7867463828938553,0.8205486954610755,0.8746135136737035,0.8713364598346245,0.9188954488830781,0.9029326768602317,0.8482422640274282,0.7250327438531742,0.8640441853105192,0.7431951922210629,0.9028351195929122,0.81163241259039,0.671188763118438,0.8674398853963088,0.791781011659672,0.7907704087347492,0.8445977801294443,0.8077872501798984,0.8742367852865066,0.8613239548932945,0.9180106851278915,0.7973521840032572,0.8811929149702071,0.7985209446182672,0.8154551198369104,0.8061936512810671,0.7518533873325122,0.7418810528138213,0.7624642109871727,0.8900466667474136,0.794153630750939,0.8005496792173246,0.8255608525215284,0.8250636190274971,0.7860668816967925,0.7620697110686376,0.7795802557058347,0.6759599273643533,0.7684445242928025,0.7707340352898838,0.7596057338441069,0.9160681133483571,0.8408879619937134,0.8897884460544536,0.8683106105387219,0.7948633646582992,0.6802479862743973,0.8348013253578559,0.819231360470241,0.829206155584242,0.7157826758830479,0.7932098052121218,0.7792270311470336,0.7452723616687903,0.8018628360095599,0.7945460900281356,0.9168492329757807,0.7937403968717329,0.7254506332099372,0.8726051735650415,0.7829021624479111,0.8293086486362209,0.8947224370515032,0.7416786568041351,0.8163017301082465,0.8603649100897667,0.842944561828044,0.7688716393244255,0.747954816081052,0.9041518586716596,0.7085255384133661,0.841576849276497,0.6358476594147465,0.8725812198986374,0.7567110068874371,0.764650384796481,0.6952372342963259,0.9066978318853216,0.7925873280587787,0.879350230115956,0.7773202704274197,0.8506750784283343,0.8821794879598107,0.8402389980351158,0.697926795515581,0.6501578306394299,0.8179345882045707,0.7011229725831626,0.7856043455740475,0.8703525572571891,0.8446317673034267,0.8974653487773085,0.7426961988286742,0.736209116965896,0.7629871626662831,0.7635207411915741,0.7484222296850124,0.903295002130136,0.7813495059952108,0.9083249397321166,0.7312858210694921,0.8074947325676273,0.8020981549208014,0.8528837810389233,0.8976515914107717,0.7889220878906307,0.7162406247235408,0.6303503408192188,0.7186765502578194,0.7611864402644712,0.8850243856865467,0.8864586774028533,0.8327450640484391,0.8859937914635285,0.8070818398837692,0.7926297321613409,0.8295129825905453,0.6666284675023914,0.7780640219531292,0.7721828650576267,0.821983513777251,0.8466395384493466,0.9458261992849544,0.5833273926958458,0.7777084640170514,0.786628533058223,0.7000949367761978,0.9089910805643577,0.8575368655137555,0.892778807943915,0.8464946491385051,0.9088350935602572,0.8066451154732186,0.7715484905039574,0.8088358252667496,0.855105675809085,0.9517082371552881,0.7407459645656966
0.7555294208558705,0.7681136191306265,0.848131005627223,0.8763863280726689,0.8753249247064898,0.7817019994937237,0.7901788265013445,0.7919519317125834,0.7376091271775501,0.7314179228291227,0.0,0.863943878951997,0.7690372143866818,0.7061551107365795,0.7338676149284072,0.8615958907979084,0.8362156621380713,0.6937887668839415,0.809052856190681,0.7694877056447703,0.8607566313763119,0.8588575570085272,0.8034995358459693,0.8338824796700187,0.811839229807249,0.7920054409166924,0.7905559431292459,0.8463826677009579,0.744168957661049,0.7372717862446831,0.7500381408463023,0.7659016684487677,0.747555821515756,0.8234142848408603,0.8140327833658716,0.828347562779289,0.792157986368641,0.768205973768153,0.8483877394394059,0.8265495121118385,0.7329891395865554,0.8362104056555234,0.7063506063625299,0.8379646675784558,0.8100768266918223,0.6791288805402511,0.6565008192828456,0.8843677108602872,0.8277133497167367,0.7492001388812841,0.7814451661509656,0.7644793677779169,0.6203396071686643,0.8338301164956128,0.8528231463373469,0.7024641342166026,0.7555677208814991,0.9318115223822369,0.7101323402193465,0.7447036578144094,0.7849805204203788,0.6272237954097433,0.7021438365888191,0.7377446609496091,0.6518308809005517,0.6540806998862257,0.8168827910693492,0.6699875196116697,0.712048579828942,0.7904591932259051,0.729300280569127,0.6421505923427686,0.8225952570390938,0.8404975901627824,0.7582678010513226,0.5950771104201498,0.8710584383029497,0.7808324631721474,0.6560755813150568,0.6152058742456056,0.6251087072776144,0.8014827752761143,0.6885375165094793,0.6669468996997606,0.8182080885117654,0.7682572000311051,0.8558100135692984,0.673216275330438,0.6639069122964716,0.7011125388036753,0.8814921347280327,0.7611705727461228,0.7575233605018974,0.6718248122116472,0.7872012288169041,0.7195494542297994,0.6732663710050283,0.7863081459923834,0.6755286199137582,0.747111879641657,0.6812992927423263,0.8105618519804888,0.7361127934322786,0.7067928058992554,0.7193909749592864,0.7282099435122056,0.7325626147004038,0.8109909651360527,0.6759894091634441,0.8315796263124388,0.8909892907074538,0.8391259181620883,0.7944431457518595,0.851612261817773,0.6536601916341603,0.80460397076234,0.661885014940782,0.8110169823016461,0.8488409719129777,0.7303836667814853,0.8415701064615643,0.7110857495997037,0.8153204656236952,0.7352807910689243,0.7222445267431138,0.7297014722003107,0.7515175472727745,0.7962834862197438,0.816049894746175,0.6386794382526999,0.7026562185267219,0.8092063653356955,0.7362347624535424,0.8282957481979057,0.856670417516152,0.5939743457580519,0.6588869846443857,0.7639740393080324,0.83233467639402,0.7542556183893846,0.6163344971592855,0.7908762735068714,0.7944641146295057,0.828668296659065,0.876094584820843,0.7424716938450301,0.795608034628969,0.6109613940202583,0.7605123240086277,0.7065246843619539,0.8602325031843178,0.5996047162945558,0.8858247376833861,0.7323989949711001,0.8295012618325729,0.7737918345371028,0.8315296260176641,0.7857989420619625,0.7417073879156196,0.7491574855955003,0.5756253098653306,0.6881946963480078,0.7245560319372598,0.9342276507890068
0.7367726435120474,0.8265588615253967,0.8271674428924122,0.8230877438845898,0.8360065383021607,0.7998447670178894,0.8203706090164359,0.8390434784249476,0.8139602210503848,0.7637833800519,0.863943878951997,0.0,0.7408199470955239,0.6300839259026616,0.7616953144137185,0.8056977054843332,0.7625274567496806,0.6531856784021192,0.8045617799185912,0.7542062047633665,0.8294354452232048,0.8459493765819481,0.8380433624299659,0.9055077331513102,0.8584170749056774,0.744299520984919,0.7927092199113707,0.785734820705491,0.7069496717024331,0.7957021245227066,0.8317012795825514,0.7192987152816216,0.753779999750207,0.8661457907668408,0.7722817253693547,0.7570505695365227,0.8039946109888726,0.6952468151342572,0.8727003847387762,0.7962975594479366,0.7246885430001799,0.8917779437075471,0.6565695390384509,0.7930649445713825,0.8397789996851784,0.6790973123266472,0.6804009463537684,0.7930880455391264,0.7919629506743412,0.6793551773506449,0.7144639104830302,0.7396384692434628,0.5879285853901224,0.786431146249206,0.739899287897774,0.8201213149554984,0.7078664727717504,0.9253116007117329,0.6408201756627654,0.7127352883052056,0.7367632352630892,0.5826652867645801,0.6390838411987567,0.6491628932021368,0.6113974091580157,0.6147658857826623,0.798701879892324,0.6712818703927192,0.6191767049127335,0.7706606137458859,0.7096961661826882,0.5888430311050724,0.6942551273756821,0.774579049947265,0.708342924344364,0.5878605716304153,0.7697498252551838,0.8100302056767892,0.6493249557973735,0.5935973631216701,0.6059970461551532,0.804449732865276,0.7686843268957297,0.6279963428853632,0.724005752809883,0.8233156298553735,0.819444265445787,0.6079865400760727,0.6698334592671503,0.8727909354420684,0.7810485327660043,0.8282671531033049,0.6803032668609471,0.6393131409815522,0.6839771887270745,0.815374939298497,0.6419609525779698,0.8768028594058908,0.6121051610053048,0.7404715050751627,0.6383277868104563,0.738268081789955,0.6785254140058764,0.7707427153725134,0.6510027663476449,0.7381717045349203,0.6821467502763494,0.8695343513315801,0.6688085749330263,0.9202303365475737,0.8659968820971184,0.7289603060654993,0.7221031872277793,0.7664537643182707,0.6165590117737113,0.8380761384375861,0.6532761818518439,0.7478774161657537,0.7523629181884317,0.7049359839134136,0.7510829007259138,0.6737107545344204,0.78893723400251,0.758233184864798,0.6560068513595809,0.7488099798006461,0.6842100045223148,0.8801410869122879,0.7791766867656774,0.604757670667194,0.7800597373848688,0.74851406866365,0.6631727651088476,0.8181698976274153,0.8366972127692534,0.5602871883150473,0.716738414188253,0.7447251673838904,0.8140570025835827,0.7790197746298164,0.591445507334515,0.7089914162243699,0.7950871723714621,0.7157482114639141,0.8450628024055699,0.754049690371421,0.9030064342598056,0.6186781860488132,0.7932798692558264,0.6611304200878718,0.8357050893286622,0.5775833620950609,0.8133113914150454,0.8048165265823392,0.9180205877326107,0.8213399541209281,0.8318396783427982,0.8811513118938825,0.6823051543076807,0.6408717635560118,0.5585615268523356,0.6719197813310133,0.7884762036495502,0.8992213037012541
