0,1,2,3,4,5,6,7,8,9,10,11,12,13,14,15,16,17,18,19,20,21,22,23,24,25,26,27,28,29,30,31,32,33,34,35,36,37,38,39,40,41,42,43,44,45,46,47,48,49,50,51,52,53,54,55,56,57,58,59,60,61,62,63,64,65,66,67,68,69,70,71,72,73,74,75,76,77,78,79,80,81,82,83,84,85,86,87,88,89,90,91,92,93,94,95,96,97,98,99,100,101,102,103,104,105,106,107,108,109,110,111,112,113,114,115,116,117,118,119,120,121,122,123,124,125,126,127,128,129,130,131,132,133,134,135,136,137,138,139,140,141,142,143,144,145,146,147,148,149,150,151,152,153,154,155,156,157,158,159,160,161,162,163
0.0,0.38043835293405126,0.3542311244815671,0.304082444432951,0.3226626894915414,0.3450266242320163,0.3104550879260309,0.36783086246348756,0.36508775743141636,0.37078362306901136,0.3866549855847402,0.29986624456188377,0.4952874617661698,0.3193642793660953,0.3700869222307009,0.3692977907134091,0.3868246665632423,0.48927508120355445,0.3410564501361271,0.4753215900389632,0.3768812790475505,0.38705715187937856,0.32880544239783177,0.400239929229281,0.42099455165963734,0.3150012349395766,0.3086221384143593,0.36090647668052284,0.3185810893469534,0.3046320495487574,0.3718859688986605,0.3786362615528958,0.3172909015529785,0.2944334746029144,0.4253072107979046,0.2996180105170259,0.48735132855925006,0.3492718910712895,0.28526860768287127,0.4531365488708892,0.3174633375652264,0.3586889878610158,0.40017296542969527,0.3608585043777216,0.38612156760873406,0.40875888043707453,0.32021864431009694,0.38089965731515973,0.4170883345296393,0.37751930150863605,0.3987310368872753,0.3736908711864276,0.3002883732377027,0.34544937558225586,0.3247302623696759,0.34793641817236554,0.458204525499162,0.3274812692348038,0.35386088058639836,0.3624180462250362,0.3783498268335611,0.2568142126676051,0.3807766388110752,0.26407265582844974,0.33961811593584806,0.37643651135480516,0.3605887923744625,0.3919579207909463,0.33036792007330334,0.4031576978373567,0.47807506558667046,0.36587521737490253,0.3482747549113451,0.39471239866248925,0.36381999006583327,0.3858023287767457,0.2960340879104606,0.3306426083305004,0.3399354246449315,0.292722798187458,0.3400808721730253,0.39839478704975984,0.3604990881190413,0.34458430417782043,0.3598219448887881,0.3896308192828919,0.39796902027659753,0.36422791305300917,0.3849351742389745,0.29514057399746685,0.37242112433401775,0.3232342294698715,0.3779551685414924,0.38428641939321756,0.36561184989415646,0.32340997681670275,0.28210096387844485,0.3130486738221759,0.26875019278315754,0.3890503735968412,0.3164911159749849,0.31874232257390306,0.2826340335929843,0.2842944551447312,0.39688887577946663,0.3698622106060285,0.33858172223828314,0.3594152196410137,0.3960210457699215,0.38359179175873614,0.33823895312519237,0.35002469921485174,0.35329914294839804,0.2817814365568623,0.35567063342155175,0.3910198095834717,0.38785228197398103,0.34151166721833615,0.3014220179010812,0.2791688944761951,0.3286316556806484,0.27965389850621014,0.3653113150013554,0.4326055504562763,0.33461919997707645,0.3471802267323048,0.25575515254969,0.29621140504498705,0.3016194270073046,0.40110654229798787,0.30058621052574924,0.32786922281549097,0.29851653636185566,0.3171792190891208,0.35162603302457773,0.3235591518027047,0.37186329944114516,0.40265158991673883,0.3725509548957099,0.3598557470732624,0.3092321074132404,0.31105028840522975,0.3996520663421314,0.29758557671577257,0.3599634479826769,0.32137651000660655,0.33015651584357436,0.301833522601111,0.41723633576884817,0.20117460309964696,0.44937282032463893,0.32477024785884495,0.3587792159596279,0.28008463103289055,0.3262385363469654,0.4170667243184394,0.3459749923217566,0.3464327855423836,0.36049401409337944,0.3279903437191414,0.3146164120504313,0.42992026605790384,0.2643511158279325,0.44187477041651496
0.38043835293405126,0.0,0.3617961186715356,0.31705344526306056,0.2874180650281035,0.4808263591852448,0.3008538931556798,0.49480821708863215,0.3827266222188478,0.4459960314824574,0.3499005892428759,0.3762528614411578,0.3742372341840798,0.34806436233681726,0.3698614765892761,0.3695255067119576,0.35020294185483425,0.325029213772505,0.36682043419126464,0.3675165304329837,0.36799853767501906,0.41013691880376396,0.29711933944551655,0.3530623994760582,0.41579229903061593,0.2988940444515093,0.31492411825329725,0.33857385574813376,0.4545533130258555,0.318247718716614,0.4784012552807269,0.39069438607380225,0.4150631228540828,0.30031789304193834,0.3696202580322809,0.3291750079957684,0.3756711026211009,0.3770014994809836,0.333201291686565,0.3636770581639248,0.3677534042911739,0.3641230461658286,0.2977073610994012,0.3390803203826698,0.42865692369555713,0.32149744961111687,0.32799105034733017,0.31907305274382225,0.3283114420016885,0.3258684928517438,0.3639829626342259,0.35414145019729815,0.3281519433028836,0.417675887251378,0.37116765882501923,0.42699712579805693,0.3636823419142155,0.36681341633848213,0.31891266817398445,0.34693704051057167,0.42166596183180344,0.26012454450096745,0.332424870980174,0.25054969355455803,0.28381242923129474,0.30309331590764854,0.33088139013195583,0.3450663307184035,0.2888541557574521,0.4353814698986984,0.38261267903414936,0.33992673617072616,0.29617539862341236,0.3557787225639589,0.4053151671902581,0.33721729258546,0.28807738710935044,0.3777425184090904,0.3270589123792056,0.30854541554571363,0.3359573501171928,0.3635143463388882,0.4656645165227248,0.3440337106228016,0.33240889756584235,0.4788247818194296,0.3711511592637881,0.3091139705696024,0.3588635044852474,0.3757539397952529,0.3172997088246189,0.36202456704249936,0.3772625369085121,0.3445251320662452,0.34733696064479286,0.4464465279713547,0.3496829711760533,0.35862510375903883,0.26355498806014616,0.3722641477691722,0.334871596291151,0.29982615390828876,0.2535246654101491,0.3228805339973527,0.3597517806562196,0.3403809392881443,0.30970095643476164,0.4022001830755626,0.3491867627665385,0.37097997762250545,0.3187276485206807,0.2990117419355039,0.35013964458401253,0.3154741299121242,0.3644239832898279,0.472718852648257,0.38114942152664577,0.2798637322460093,0.29297849306376267,0.3132667696422397,0.31888321530823616,0.34254897331659917,0.3316514847869627,0.46172961363241705,0.33837710898001855,0.47784199659839016,0.27955271624361094,0.36842421980158996,0.371145089034597,0.33579874749516486,0.39556804914810545,0.3567479501785857,0.31161660788424006,0.37646049668923787,0.33063580003850584,0.2853207710353288,0.3465405606626698,0.3713648367604357,0.3411776432312205,0.33917528214711656,0.3300156282635463,0.3564332807533083,0.41459086199602324,0.31923276826627106,0.3790437139094642,0.29749362573135696,0.40148758373149773,0.32700565380545704,0.4531078935679802,0.22565417595874393,0.3605336306602633,0.36812397237714045,0.303014896308438,0.3091229240484724,0.35707181752388095,0.3955174692044898,0.32689219549952453,0.42046277777087515,0.32856787589697584,0.3240745379081802,0.30711160699859263,0.45144424542002887,0.2833878228788127,0.34471892777483676
0.3542311244815671,0.3617961186715356,0.0,0.3087033072018564,0.3344159445414722,0.3418404326102372,0.2986324464899876,0.4135032139158305,0.3197186000745397,0.486400911580489,0.34087366759341636,0.3029176173529366,0.3861863190747663,0.30093315132953846,0.3185749951169612,0.41822278586867584,0.4102108257882627,0.3623954898787429,0.3104329761556227,0.2973695793322594,0.44032718214708677,0.45934307211795317,0.30698254011814186,0.3394566100532526,0.38232622830943747,0.3273381735541912,0.3075259539541222,0.3263794370676439,0.31594353730593366,0.3107311357174843,0.3105815431084943,0.3715512522622483,0.28534222328877373,0.27560097362874103,0.2929777713027392,0.29440522015167153,0.368021817164837,0.3286802595631171,0.2759515615115831,0.4099819812661533,0.29423138925354375,0.43191675234278776,0.3353568629633588,0.3015626579518199,0.3711920041091462,0.32067872685284887,0.3202732876307617,0.3175606207642027,0.3529264775010224,0.3046599201955272,0.3497831822585316,0.35345324295501984,0.25267366307445366,0.3528413564531929,0.3126464206728231,0.3396731875438358,0.3243842002952155,0.3587995167327824,0.33075408039089066,0.29278684631056845,0.34114953922195146,0.2515125125728551,0.3540820001429714,0.25795517389021444,0.2888230813037417,0.3107257120324528,0.310605805698464,0.3748528666379962,0.3496250353163438,0.4234428868890191,0.3874732450579029,0.2838369186186327,0.3155781582792392,0.464851022410202,0.3731395037406824,0.268339985707818,0.3341207909315417,0.3483226032900778,0.28244533861787424,0.2601734116608595,0.3403002383449777,0.36703828154375473,0.3629736475319087,0.3028885243985938,0.33609837036526846,0.3912420344425403,0.32999845962606567,0.279996436050858,0.3192875431987297,0.26755249945552034,0.3446566447796305,0.28603658659563724,0.31696578455551394,0.26323820987839314,0.35851030497296754,0.31001158603548307,0.2738134480822297,0.3432800052341444,0.25033359728127236,0.33410403938704436,0.24346964223380999,0.36480828318406516,0.2615194038610734,0.32732605571035434,0.32024539459069573,0.3714841651817111,0.3273819812690887,0.36330996519840036,0.34021791338307783,0.37730293222065525,0.3189119135768707,0.29683434404338005,0.3183301972441009,0.2934746270263728,0.2741359778022245,0.38766281533389735,0.30215769803233317,0.34468851758329594,0.33284657954912433,0.3012865170482959,0.3012193231333513,0.29581756336487613,0.29486903852551904,0.3688404793573039,0.25802244779241335,0.3370357909296862,0.2825576020551697,0.31161851506204297,0.3444617181271498,0.33098173935909,0.3500484138994843,0.450238507550942,0.2480864032987714,0.2657964923171774,0.3148476092828115,0.25789207368629513,0.26144327348204005,0.315610570862992,0.36139006932245876,0.31441041480425835,0.25773306566219606,0.3205429704441952,0.3598852248478375,0.32208436004028734,0.32308635315897827,0.27319334640650156,0.34810976755134565,0.31696842295878347,0.4442743171959103,0.23017125424773222,0.2882915604666189,0.2672716050636319,0.31325637359263236,0.3595751358526285,0.36199974642023314,0.34777381981829625,0.32222284995114087,0.3908977705360554,0.24839019221398292,0.31890064542546603,0.3625713274943724,0.2873467488864017,0.31008649578107356,0.3366476740630024
0.304082444432951,0.31705344526306056,0.3087033072018564,0.0,0.3150611864076844,0.3039750035154561,0.3722498431182097,0.33958048002798313,0.2779647013091654,0.34907100216913745,0.34651335124682137,0.3359150102951018,0.29373251108246196,0.2872202998752147,0.32791971208713727,0.31108447173534043,0.34679802257891357,0.3164498590787673,0.34254650472789594,0.27174298511238465,0.3937246211716883,0.30450086514830116,0.33289657867024064,0.29054955641598346,0.3640066282907166,0.32833051006449515,0.3200748611302203,0.3093152897491781,0.32002718739124025,0.2610890975594484,0.31742799000416216,0.30505794734244845,0.42083062800882465,0.3070077914543543,0.3144860587555594,0.322407887652862,0.3328497300390485,0.31940690643605624,0.31522654387728377,0.39357141625397335,0.32888339313245235,0.3519989237073888,0.3087120833564407,0.3749765622811633,0.31250731325503495,0.3163344252644149,0.24084047195344316,0.31584168520313277,0.34660269050562004,0.29363921576258806,0.40623180258142616,0.36175737891624965,0.28600432865775777,0.4478250451193876,0.36172855217612776,0.3030402789450116,0.34965965062394255,0.37977724197407975,0.32819329522071716,0.31148635905796446,0.35286963213061767,0.25118791914502525,0.3439080991713645,0.25227543249167783,0.3024783716612693,0.3085399352234098,0.3517341894132919,0.26857368821835875,0.2953973313310907,0.35479771490850276,0.31609225105595423,0.2950875508655158,0.31982473541968154,0.413498296893879,0.3156303758518658,0.2731181687026674,0.3729929915211492,0.3884546075123757,0.29387028655018427,0.2568481141650708,0.30467991836234737,0.38792315251979614,0.2968784813422722,0.26979245716014477,0.4063054169986332,0.2991528559727111,0.38420285157617157,0.3217571286682504,0.309206073698581,0.26732115551289404,0.382226391044225,0.3558571475645265,0.32101654997543316,0.28115330522237847,0.3935312146523759,0.3240076818584889,0.26841303068532785,0.35726997864698173,0.27778490003902384,0.32278362757074075,0.28384750464614344,0.3853785291662235,0.3928142170229459,0.33665661675528824,0.3232576797657455,0.29435183956665417,0.3220419344321794,0.3237463160246583,0.3171654491300353,0.30942140338034985,0.40666644594987233,0.3390966164741202,0.34781181828262187,0.3562047698769191,0.30226521249028315,0.3046437492708069,0.3339826165023849,0.27932906363147486,0.3571408647457793,0.3428360036246697,0.3143558822338077,0.3930591662397519,0.3036258636829307,0.35747594781860853,0.2754766360858846,0.32058244879110365,0.2934115559985108,0.30443337830620093,0.350801400172106,0.3223530805580082,0.26936745992468974,0.33506519961410763,0.29669219075985714,0.3208510350154975,0.3054040106215408,0.24863815797893105,0.22048470280685176,0.33971250343476317,0.3373105372244792,0.33144974099785984,0.35888525391705156,0.3131760786731205,0.40106156693894823,0.3428463105804456,0.3384610704725453,0.3016838230639186,0.3083270882942569,0.2970174865084351,0.3099334119195934,0.21867655325995594,0.36367004095872646,0.34346482673517853,0.3423506711530608,0.2726611649438815,0.39783006900885953,0.32280268735957796,0.2685269439768651,0.3531114463405901,0.39709582353228906,0.3275361736199765,0.31930560067823544,0.3274263413405147,0.3555168974952491,0.33638153083242606
0.3226626894915414,0.2874180650281035,0.3344159445414722,0.3150611864076844,0.0,0.2528308046992735,0.3594863296883171,0.2894214614481857,0.3035539484143588,0.3112294044793886,0.35484113608980333,0.2998472589558124,0.27182122867720443,0.26347125048079306,0.3678226082953985,0.3016156390637174,0.30034843350884116,0.3333282221918968,0.2826344045317791,0.27227635694839486,0.36286710938995975,0.364938200320792,0.3665727420358068,0.3188774123365123,0.31352526811704445,0.31306729395732663,0.3262159942420171,0.2584161759326248,0.2679717118560402,0.3061301587988394,0.3319867996831554,0.2679164318923994,0.28564333029167877,0.26536007995386135,0.3397195536627239,0.3282755630105685,0.32959698493729744,0.29605501665663164,0.33278570380941935,0.33415395062214165,0.29803390350826736,0.3877760691343626,0.3383905042311679,0.337922960837991,0.2868895576021887,0.28204773308485714,0.28353326509500887,0.33858375321808226,0.350747957299036,0.32015574059898,0.3506615869151862,0.2763913512096395,0.2548129885974701,0.3200562559040001,0.31527177623176716,0.2655128595575997,0.28671011131975344,0.37636442532419256,0.2908133970495678,0.28049028204209836,0.2527651888807617,0.23232211909814215,0.2897172458287625,0.27257866593415514,0.3026980071742527,0.24583133147192066,0.29275396362671935,0.29564310962060864,0.29020983685320434,0.34708185022695265,0.33059466733306847,0.2818154417777611,0.2709373703864186,0.32931860543739205,0.2681814341344543,0.23584388243151116,0.30344028360973824,0.423951726579058,0.25135474757529985,0.2228578006996551,0.25823659723277254,0.3955156450538317,0.30106965608424074,0.22489377990256296,0.30416634020738587,0.27857760473547766,0.31785420313843327,0.2973974925077917,0.2551225202029531,0.2523206822940454,0.44848185410899855,0.33541228190793465,0.3471212951840449,0.22925995643027688,0.3250372871142799,0.2805110181315607,0.2285354156937816,0.27298786078567333,0.288101310983275,0.2639998700507521,0.25708401127463637,0.3127620317776313,0.31169329949573943,0.2726749838144535,0.2958593907368047,0.2794988942661027,0.26862546575880847,0.3030542866052412,0.32054511856527546,0.29507329110919367,0.33084310375783393,0.35314169296368736,0.2673291350728228,0.31124297079692514,0.2535852245728755,0.2830880271864149,0.25665879455069573,0.32424777489448,0.25356443581947674,0.2909374272978304,0.35909890973725056,0.2975576965122124,0.2586985788152283,0.3333074585836699,0.2769165143919431,0.2738667892600268,0.25283399412491697,0.30553270603699667,0.2585876038967128,0.30993760702016715,0.2568380646967715,0.2945955235074996,0.22878958469572583,0.3027314846346865,0.30892455148806386,0.26078293999097224,0.23263403910208055,0.3808381805772347,0.3371560212159595,0.35559211849056954,0.24352704786672125,0.2894456436159998,0.348485048488444,0.3420858372414261,0.3295548174925268,0.3010424691630908,0.3529092039893673,0.27196004900869697,0.2939580037722424,0.20808993644836513,0.31625769413618876,0.2645094883577411,0.35540183182266055,0.29880412965686626,0.32622287330176136,0.3191614368475963,0.25388831663120703,0.31189931640361024,0.27097480744541225,0.2648118734086956,0.26297205955309433,0.27977423547692865,0.2983512878993326,0.3960548494801014
0.3450266242320163,0.4808263591852448,0.3418404326102372,0.3039750035154561,0.2528308046992735,0.0,0.27801449896994007,0.3937622882516434,0.293453829446658,0.36798503669344423,0.32609948557508683,0.32407499293310854,0.41937817566833546,0.28285580807462923,0.32254921534266073,0.35183239117935683,0.33663009392332865,0.2704512944733126,0.31356793385558396,0.32312831270290165,0.32640436897982356,0.33529002649265643,0.2450804297283678,0.2992081196355774,0.35844332200157486,0.273913553663227,0.2682028223394714,0.31361459286160154,0.3764696905409887,0.2657506244924814,0.3501556547233117,0.36689321616751086,0.38359692963646763,0.2716436241159176,0.31801166236836276,0.27132055102207137,0.350987023405562,0.302425680696201,0.2716738782291572,0.3035436816685627,0.33341926448296244,0.32036702077171686,0.26719391558842276,0.3432382021681973,0.32897250022432617,0.28531992401480966,0.2824964442006793,0.303689568900239,0.26367838905931024,0.2851158632310956,0.3034562923864417,0.3833114039770928,0.27373016997851957,0.36351353303802314,0.3022667988438084,0.39629199874192494,0.30688501744236846,0.3664338336000121,0.2599401625632877,0.28725993736123745,0.44386771702750805,0.2504938144206629,0.3256367453585318,0.2161545320349468,0.24681686746086778,0.27013635793649254,0.3072423696737257,0.3288155334277115,0.24892780935634035,0.3507621852626011,0.3319507699738326,0.2726403292436714,0.2870712141653187,0.3187989146598524,0.3842322702314037,0.29652240690653586,0.275306589944151,0.32419067846085253,0.2792379274904846,0.3514948395082166,0.3725819934847947,0.29542732747980577,0.3509392609573457,0.359006605007867,0.29213784686960237,0.35523128182633945,0.36298820075451743,0.2582242480011776,0.34477361256085376,0.3092597585267982,0.28999189447607426,0.332287970772083,0.31656533497631967,0.296219255025776,0.2853247115944397,0.3959612345986322,0.29816306408377474,0.359262618973582,0.22789301193084718,0.345641638398441,0.2852622339385395,0.26753624207628085,0.23885411946127486,0.2843723736252791,0.309946850631827,0.3445461547186671,0.30811423453052345,0.3547723821607266,0.3011791055030115,0.3409130771077947,0.3002987077353754,0.2501993256251098,0.37492859481728624,0.29090647462705327,0.3047874688191108,0.40497168566576736,0.3490344473148618,0.2362033567310435,0.3478653239047067,0.30092207694412343,0.2780984072085563,0.3304959352257648,0.31968941351637226,0.38131719021537963,0.3105584069842991,0.4047398271451883,0.2711954358540414,0.2946196469569672,0.3431783023897347,0.28095060226589846,0.3463371270791437,0.36551159414734496,0.30425900834829334,0.30841789739620357,0.2995170854318502,0.2665396872428932,0.30716827538079255,0.29420889160783403,0.27191106582412894,0.27131557063864487,0.3209994324503451,0.3092712166729319,0.31994948774346843,0.2677302011776324,0.3227279507823798,0.2581300457111967,0.3206315335559595,0.32893678484585764,0.3481860168232933,0.2181082505562387,0.2989701729174538,0.3138996916502474,0.24967016824293,0.2660216842430051,0.3533429249711387,0.33789445692113146,0.30849256877836984,0.4181339258813264,0.3187842194875258,0.30673666999600513,0.2981601228362682,0.37804769009143413,0.25803046046449696,0.3046742842635632
0.3104550879260309,0.3008538931556798,0.2986324464899876,0.3722498431182097,0.3594863296883171,0.27801449896994007,0.0,0.28948334438179596,0.2850993186070298,0.3240166665129808,0.32639551143666723,0.37471966347494456,0.28472808938462246,0.2702922460915291,0.3885542587432791,0.2735913544338798,0.27748878647462843,0.30492391720974876,0.34028799094250567,0.2522913854331951,0.3347114630369838,0.3418889171051548,0.39170026566546995,0.3400615081051718,0.3568265248718278,0.3074443115541977,0.30959302313682313,0.26794617562159184,0.28396720941158854,0.2962894683537166,0.334761155373983,0.30906345007957475,0.3414520784265212,0.3174419348180599,0.2863937222253224,0.2947190999857729,0.36325122146591726,0.26749797852962565,0.323057048075777,0.3677592531048585,0.30172225878321535,0.34127950383871475,0.3271240901133315,0.33963066921421176,0.32202680363122327,0.2905905303365272,0.2941147347461295,0.30142837028051683,0.4405369391975805,0.27791696393204024,0.39136126231055524,0.2865918277518418,0.2422818874604582,0.37239648431603484,0.3684868506484691,0.28142133327243973,0.2929972271829346,0.33862063138861254,0.3324482731554177,0.27182798669169594,0.2619742860732426,0.23414385056205064,0.2706640033618751,0.25712211370349014,0.2812424376819678,0.2493701578755229,0.3317948304245828,0.34708489605099835,0.29235083553963875,0.31541258887556645,0.33122564793695536,0.2604254133014282,0.27508777557408165,0.36214117210934565,0.24073173399834077,0.2658692497558926,0.3909043289254575,0.38151003116715715,0.24948528566961684,0.2274690130144938,0.25427241421182606,0.38744807584354346,0.31229213673671646,0.21278570180720524,0.2904182868928504,0.2782311863315174,0.3046114660340505,0.33322590100443616,0.2807513304171607,0.264772676427227,0.37635646078589324,0.4239475938050009,0.3149465438644475,0.2560238944735578,0.32309041639999353,0.352639260514752,0.23528979867014907,0.32375043819453014,0.2668503540119881,0.3088794424237141,0.26880635622414795,0.3479960979178008,0.3698857298773936,0.3073487693646558,0.27316193839378183,0.2797266001046944,0.26192310033172406,0.28792410064736207,0.31703239052206655,0.3171998973718265,0.44245544370456674,0.3032716702768422,0.28769565581586903,0.26997522967464693,0.2488711660960053,0.27411446227239145,0.2673246580794622,0.33650544799134174,0.2913851760689129,0.26862232571163663,0.28225478893321154,0.29292537021019305,0.24927505885153586,0.36633232343614713,0.24746002399405198,0.31967260560471944,0.2578040134197009,0.32762973558544456,0.2643007705754503,0.2964936068731472,0.24255958580136974,0.2608926317372394,0.2373432749161018,0.2758290357395863,0.2791092899404672,0.24095852397762352,0.24321539102307224,0.33139548148812975,0.31980140545368424,0.33867797520495674,0.2825681657371086,0.27331480031383243,0.3663430069678833,0.30425072737129283,0.31247251533015646,0.37301681293849537,0.3320493935189685,0.2838970993926606,0.2916733901047334,0.18461396452405818,0.32466776897502736,0.29114714975355244,0.3167271738149738,0.3243857811686815,0.37469219151273364,0.3362273087404785,0.2902320913877845,0.3417900891347961,0.3185920894592645,0.31630406141145434,0.2623526278834127,0.2770312398335946,0.2940706069207324,0.33315195028726624
0.36783086246348756,0.49480821708863215,0.4135032139158305,0.33958048002798313,0.2894214614481857,0.3937622882516434,0.28948334438179596,0.0,0.4116150890695629,0.4518761403244562,0.3231251148731606,0.3895420086942085,0.40050838983536013,0.3091092881389845,0.34298936535612395,0.4098514681765865,0.4264319729675395,0.34555659458430715,0.37262612102978776,0.35825172725012483,0.429226121208208,0.35267122162513176,0.3238500163275246,0.34234504879301575,0.4084206140408418,0.3185732453521125,0.3801755531754706,0.38496790429284294,0.33482232346481267,0.36233351801275,0.4565520474375872,0.3847055585777557,0.36705544998721484,0.3125486773389733,0.33631638219470017,0.3302790695239541,0.3732582348813579,0.42361632737030613,0.32652976686729546,0.41310422984737305,0.37312837468713506,0.38711025010913325,0.3223235195770431,0.320960917817278,0.4347299933883938,0.3670918790295447,0.33190031471171794,0.2967569100247441,0.34946273095623115,0.3344654134596675,0.35735394820476607,0.3604266030070896,0.306616825294087,0.3631998004630045,0.325403490784263,0.4059670469432411,0.38131574668500184,0.45068160785594263,0.33329517338653336,0.34004785999440756,0.42387929316831185,0.26253010510161956,0.3522759990683982,0.26802575244663374,0.2863512626702387,0.3097985362020255,0.33586039513161936,0.31505739556169865,0.3301875143701703,0.48401850533303964,0.3471930941885241,0.33620738439429476,0.32379638790177717,0.42070058965184987,0.4843268983351117,0.31397805662758116,0.3191540246884067,0.3758316867868921,0.3868192193571782,0.29220452607764624,0.3555850882393522,0.3710447489566684,0.4277713349174972,0.3745499605277155,0.41922052117623443,0.5334452144006325,0.411231926053025,0.32250371418722334,0.42734051462138883,0.3440464261298064,0.33699331789797976,0.34218469552629455,0.3487137987621364,0.31403529083112214,0.3731630536018166,0.37109092652560904,0.32390380427323534,0.3982716901180595,0.2636511920266274,0.4048196046994949,0.2933295677995845,0.3552139925252983,0.28416515009079896,0.35469644172504183,0.38388567425030284,0.41225239705619954,0.37085376212171517,0.452629503870558,0.381090330475348,0.36153477058355765,0.305397376200771,0.3345099735848755,0.3555729139923271,0.384058351557974,0.35161422896693456,0.4992481571248945,0.4142624136620407,0.29536322168268064,0.30428346430886144,0.3316937769158209,0.3306415211279728,0.39956725682961314,0.3225728886922514,0.4075096679165729,0.3083287972010502,0.3859275864255182,0.2977388850727123,0.36030685511278426,0.3737282410052287,0.35606439690193303,0.48012954521810514,0.41862696128401716,0.3122685776771702,0.32003157461795295,0.32650016448548697,0.2620863076366407,0.3290639985532108,0.3711575150862323,0.3736036854386034,0.3798097410375433,0.2975877760100701,0.3202550737297706,0.4307637417015749,0.33408624257512815,0.37682221353848727,0.32733289081502337,0.4306338568001594,0.36924013640945197,0.48070825139398227,0.25323898611586587,0.3623573302428989,0.3622038495781669,0.3303112626515307,0.345043376845885,0.4488437127041531,0.37614006086666407,0.3264886328472157,0.4496264196364746,0.2931062866131982,0.3303153587311197,0.3425693153341502,0.39765154825469057,0.34771224058008027,0.33866770844882227
0.36508775743141636,0.3827266222188478,0.3197186000745397,0.2779647013091654,0.3035539484143588,0.293453829446658,0.2850993186070298,0.4116150890695629,0.0,0.3189312797555586,0.29614299378599934,0.3139345561290881,0.3023819204570352,0.33108583581216666,0.31957377438820384,0.3260433075176761,0.31961749656531796,0.3418542897800032,0.28705369864364616,0.3421510233585759,0.3253579274860367,0.42159064950903646,0.2712144216123186,0.31688662673579865,0.3175935529575638,0.2779415016368113,0.324965093054549,0.2989055124968468,0.2967785101591137,0.38488481328731156,0.41801061893036795,0.29444688450322765,0.3106522980697899,0.2488087066149264,0.3365398237906827,0.28162997953973257,0.3261765313738244,0.40427044502190373,0.3293590353475587,0.3340536759283243,0.30222882002314483,0.3749954469249509,0.2921150975388286,0.30673853580888855,0.3490417988598442,0.29463081695516746,0.28297462148498137,0.2757617487576605,0.314921460218798,0.30939183275028814,0.2996961285008803,0.29127761591438983,0.30434415336981935,0.3211928989043324,0.2851180296948433,0.3935899048895353,0.3391390958766015,0.3325143576712334,0.29337908553058284,0.27833653647320683,0.3156446238977093,0.24876914539358416,0.2898127168504064,0.2686382183965301,0.30033058983606675,0.2698677971246763,0.32795117025159753,0.3272622260159816,0.28912567197481415,0.385087087738255,0.38780780196283704,0.3299133421400336,0.30692405908739245,0.3153104809971853,0.36050857982750406,0.28762081528615685,0.27407519220490595,0.3027664687718767,0.31662605738306815,0.2663842352127489,0.2900596099858285,0.41947448437577434,0.4408153845905196,0.2860357404065019,0.3378890248155466,0.42483175172569887,0.33787353684446364,0.3203485148031544,0.30305710937774044,0.4119860399524215,0.3332876093357336,0.3458151338131695,0.3098044304963653,0.2870373628765098,0.4011029302607704,0.3691782717345517,0.3208731109894237,0.3055559665030063,0.30423414912373575,0.29052282541215807,0.3269111766005987,0.28054604963217655,0.2585533075462171,0.2818642596054537,0.33450323076405303,0.3035820435047781,0.2629532627729479,0.3392409689522399,0.3004229328928716,0.29690305425349806,0.2605499281593626,0.3359008838278935,0.29818038943915887,0.357816191773344,0.2847641428673508,0.3724650308231787,0.30092645458231937,0.28729116752704414,0.23976056198580153,0.3135078333196379,0.3482302497612478,0.33112768608685084,0.29236899432820296,0.3526229386512883,0.40067365638850744,0.30546121193359005,0.2753975135158585,0.31527431548174056,0.27483165755001315,0.3481083337109086,0.4607358529549196,0.3522167362261926,0.30256198935557094,0.3843564728425625,0.3150878456755854,0.2895475351539914,0.32448661060247735,0.3352090977306501,0.34047998378895483,0.36576965795076893,0.28092746973612504,0.30674140992798843,0.390381000072594,0.34505529599202023,0.3436730959976968,0.29742145477260773,0.4937676303877382,0.3012963536454632,0.361521434523959,0.22305795057284697,0.3655951263303034,0.31244713548247305,0.3283802677822001,0.31461420644555455,0.3176555485934788,0.3883848589439022,0.2955877862986987,0.34163401025204493,0.3239074904843882,0.28932246549856117,0.2689202728216869,0.36747817414954925,0.33848187686257375,0.37215592852616314
0.37078362306901136,0.4459960314824574,0.486400911580489,0.34907100216913745,0.3112294044793886,0.36798503669344423,0.3240166665129808,0.4518761403244562,0.3189312797555586,0.0,0.32710382788640896,0.3216986355262746,0.38645466432444825,0.29653104263991503,0.3554082105901036,0.36339931179032453,0.37858918683894366,0.36778708048121506,0.33763214930204855,0.3052135655180794,0.37679519417731583,0.3719228242605936,0.3516973200973607,0.32612217995465387,0.4604244762978834,0.2983891088692899,0.3239618288880466,0.3529909307028847,0.3623091228313572,0.29761271851815563,0.38352903361078494,0.3806916043591302,0.3055501891200925,0.29899540912094646,0.3158824853028201,0.2922843956336176,0.384049025240002,0.3027972802631152,0.27284617041501963,0.39720734362723537,0.28270792600825057,0.41101710129010466,0.3272684645314286,0.299342791253674,0.38005017826952514,0.33024005076435964,0.2920830317827005,0.3144253073244479,0.37559180736572484,0.2842660048883611,0.3736320735013336,0.3209928613704948,0.2633325402931793,0.3753374592000375,0.3462615234743755,0.3645258334073191,0.32654879555082356,0.3349230187696146,0.35018272569339154,0.30307074972462933,0.38578963199267335,0.2452519364054333,0.3224923683927947,0.23487819539808655,0.28868989995418665,0.31186630575086766,0.32279649254622966,0.34786641996196005,0.3250259351778941,0.4503823968967953,0.3511592991855783,0.30636406564690083,0.2829552827633686,0.43095467190383263,0.35582819842256713,0.29698678128363126,0.3246449382711342,0.3677215615877664,0.2820939966656453,0.2759422895237433,0.3363566904170177,0.3671868519377389,0.39573036726205385,0.2989030272701817,0.33130661072507933,0.3642845278592309,0.3597815409533978,0.31539272696954407,0.3682755860069077,0.27643442399053375,0.32251693678358273,0.31267294864626277,0.3298708903802778,0.2720961213000298,0.3464295555435424,0.3470129657666693,0.260569450612184,0.3467363763507015,0.24408277472278567,0.38439913900181744,0.26753458779926015,0.3641691754378623,0.2752030322524704,0.33572484935963504,0.315067065739129,0.340030947750409,0.33590241254606373,0.4275370332192826,0.3385790830026818,0.3703654436162629,0.3231175616219906,0.28373697257852903,0.34944649533813943,0.31308392794666134,0.2931202104059891,0.4001878416431,0.35489642829924584,0.3376693014208593,0.31700918213273926,0.30260447767651694,0.2705860921346611,0.31421601088556494,0.280870518764557,0.40818901575605465,0.2613311679127707,0.38408634774894856,0.276867368685243,0.3174805168246656,0.3538100447154976,0.328343558453644,0.3637498011258204,0.35968118748458,0.27168332926305244,0.26851158633277555,0.29769817952975625,0.2509819782054091,0.2781855793552961,0.33814281630839355,0.3686910854033222,0.3336534683064077,0.2931552160532167,0.3140795130840931,0.3873523869414562,0.2901188527328709,0.3146744132625778,0.29711038205186385,0.3144768303952871,0.3520662080644792,0.4668701225990623,0.21341375621267486,0.31829685362043875,0.32557608205557215,0.2955050055313892,0.33109669916322537,0.36726457235310606,0.3634112752029431,0.3041447752625486,0.44256892006147713,0.2891623735260213,0.34328162047461885,0.3815899379979334,0.342951020446281,0.3025246311036405,0.3165160873867725
0.3866549855847402,0.3499005892428759,0.34087366759341636,0.34651335124682137,0.35484113608980333,0.32609948557508683,0.32639551143666723,0.3231251148731606,0.29614299378599934,0.32710382788640896,0.0,0.3773257823682201,0.3449649563498874,0.286142344219474,0.3070090922536541,0.3832375013929214,0.36811870943946345,0.33338191727039074,0.3581886742565518,0.3321775127583833,0.40930038340552505,0.385087963129264,0.33887019914581995,0.39616951505637554,0.4184980789223141,0.3453187268281927,0.3341240599167772,0.35620287771929293,0.37452514504772505,0.31264484610334603,0.32298465271321686,0.3335282053807546,0.2955554171104269,0.2995818820149719,0.3466637429901993,0.31614901700065917,0.432424858704626,0.33968369367352125,0.36173725273050056,0.37778945291104327,0.30598197784496906,0.38259327175172747,0.31694629872564056,0.39418644591132623,0.3128425409989247,0.28311706485660315,0.23983369969039492,0.4473634359680894,0.39438522139344045,0.28269874561116015,0.3688935900147784,0.30893373088738313,0.2598691157319472,0.3918077375942465,0.38143687464869064,0.29497460933979586,0.37197458422258917,0.4002509016530558,0.31277457343926907,0.2905271708644802,0.37427182544747173,0.2118446809389791,0.3355998678619489,0.26112422249199463,0.2584380951776727,0.28694428246424214,0.3521218294271177,0.3037169589964491,0.30328928739718486,0.38949296746030004,0.333633735124272,0.2803282162194814,0.34588890652270593,0.3749462169658447,0.33747573559052096,0.3045462464615384,0.36266161965381666,0.37388927371731545,0.2758088737395458,0.2852927389839533,0.32611417069047227,0.3235019387177399,0.3228513229790816,0.29606530132783243,0.32456515537585684,0.3111825990131983,0.4300774409170243,0.2830969196037492,0.282391756440876,0.2910218967497806,0.4014511754035992,0.27524923143617963,0.35918537940864387,0.32662122782400344,0.33130305425087453,0.3381473006140794,0.2575156489244079,0.282937210632578,0.254708569025087,0.28226892456692937,0.3203446198816089,0.3488740199414142,0.2906558954277234,0.27342331011469506,0.30223432313360465,0.26816633013723157,0.277564130838398,0.3660851458479381,0.29628227490545256,0.4091575778657649,0.4629162465413629,0.32602812725990016,0.32670101813964275,0.329546388572017,0.29270057362591234,0.3284586895472617,0.3238617769558372,0.33332566539277764,0.334793515521876,0.29921682985878234,0.33183605541522976,0.2868015887095209,0.33364649794152973,0.3971054679667427,0.30859711407495616,0.3620504277964013,0.2327969657819933,0.310560910889907,0.31644529308943253,0.2961109168178764,0.27084801632290184,0.3457057741855614,0.3201922292264601,0.34685880648865197,0.41519105045274035,0.27660431511251216,0.28616247987255045,0.32685195024222546,0.36538781271915616,0.33952459882989544,0.30408579531753155,0.32610269590311686,0.31707932085579627,0.3211015449731447,0.46242473331607026,0.2826124719590326,0.31167690615235877,0.2780376849051375,0.34800907968889677,0.23497536529499258,0.4438328079942912,0.30461153331180413,0.42363429064366104,0.2681287581087842,0.34690361613178716,0.3788831409057017,0.3449963342630487,0.3587860404202598,0.34303323836948196,0.30735735736593306,0.2814020280760634,0.38425217324690575,0.2859413358447112,0.5047111849895078
0.29986624456188377,0.3762528614411578,0.3029176173529366,0.3359150102951018,0.2998472589558124,0.32407499293310854,0.37471966347494456,0.3895420086942085,0.3139345561290881,0.3216986355262746,0.3773257823682201,0.0,0.28249760936569906,0.22845841253819138,0.31807163783856585,0.32740455364505716,0.31466246436784406,0.27387785893518213,0.4022583999685948,0.28229909434242495,0.35714655867672523,0.3070129452246413,0.3434656492269503,0.35267111706417786,0.3849265135426838,0.30888883856317473,0.33986523769838334,0.2881731340360595,0.3321126661587088,0.35313220988893895,0.37080211982588174,0.2965581854169076,0.3398978462563916,0.31991029311840286,0.28737410355899573,0.29656857610012116,0.34744283265140974,0.31763967585262676,0.39031008736178946,0.34346287165112593,0.3567485012591477,0.3312156331967886,0.2892449379692721,0.34192699835323975,0.33218670561448044,0.299625408234165,0.2901513598438869,0.3138509608322858,0.3377676290015843,0.2691230637407631,0.3333415617628538,0.32514015142526786,0.24544031562328975,0.3800958736763718,0.370260027414982,0.29470338995007156,0.33158729192777686,0.46445376185084253,0.25720445864601443,0.28249242600804647,0.2834166184302217,0.2070172441586599,0.2934339506582512,0.2439723236079878,0.23353519548277035,0.24462702719447846,0.27835105574290203,0.25705331903923795,0.25010934839598836,0.3227974198106199,0.27846253100832913,0.2528507538458294,0.25352093055360353,0.3084549216411455,0.29708811559436094,0.2608290826395124,0.3029476312715597,0.39350930083230745,0.2953979483204325,0.2426251180900344,0.2631869409124017,0.3098061604052772,0.3436676991936887,0.25089692192726215,0.31946592286428255,0.35444732450438277,0.31410833931693793,0.2643991565200212,0.30809923223704666,0.31356514341351144,0.3389485051960484,0.3347775829051675,0.3184067521046214,0.2781317530962101,0.2810712006648861,0.4071645958163218,0.24726531254191686,0.3507680378049098,0.23737908041958616,0.28259828202666376,0.2591065263566941,0.30632002595108726,0.3032642348552267,0.35723691057446216,0.27692710699426465,0.2973410669911144,0.28371492324074193,0.3380045547835304,0.30647491040165015,0.35772362159707355,0.42673272783439464,0.3195604645289935,0.2539955527670562,0.31303060218366846,0.2782188381040028,0.35063805615960447,0.31087296224107697,0.3035183095969965,0.29470268263855054,0.2690182251786215,0.29034235889062004,0.3115397991458005,0.26905245453626503,0.3591710149430815,0.24395019983278798,0.4196547552539595,0.2238686748982064,0.3678498613203096,0.32209416599557683,0.2716939205594109,0.29436029458791435,0.2859169168490947,0.25799408286940057,0.30810121817346997,0.2967635567370744,0.21936380512903922,0.310191695694685,0.3207652456513505,0.3162489145598669,0.3379617150548356,0.26066369262134864,0.26612722020524626,0.33068583296830084,0.29311165735420747,0.3534562196546907,0.3409081680695603,0.39565388795369016,0.28506890455171513,0.3555860798541859,0.23180756214263695,0.35048910822550433,0.31160914529123673,0.3301088068644011,0.2973926767301097,0.4445299192991544,0.3001668700687715,0.2833598504706309,0.3842056276358034,0.28530672089682524,0.2665357223739862,0.23598301386794016,0.30919844029963434,0.2750693857615208,0.3425172096712675
