0,1,2,3,4,5,6,7,8,9,10,11,12,13,14,15,16,17,18,19,20,21,22,23,24,25,26,27,28,29,30,31,32,33,34,35,36,37,38,39,40,41,42,43,44,45,46,47,48,49,50,51,52,53,54,55,56,57,58,59,60,61,62,63,64,65,66,67,68,69,70,71,72,73,74,75,76,77,78,79,80,81,82,83,84,85,86,87,88,89,90,91,92,93,94,95,96,97,98,99,100,101,102,103,104,105,106,107,108,109,110,111,112,113,114,115,116,117,118,119,120,121,122,123,124,125,126,127,128,129,130,131,132,133,134,135,136,137,138,139,140,141,142,143,144,145,146,147,148,149,150,151,152,153,154,155,156,157,158,159,160,161,162,163
0.0,0.2916269462998012,0.30634790699892184,0.3018233591943513,0.3531103289777878,0.2936844444878127,0.26428282389874624,0.2820514148796086,0.34585328131426857,0.32429646925214006,0.35608784978996566,0.3278254503201509,0.3937825150234078,0.2670948452742723,0.3074310640178787,0.3781978806980279,0.3800412257266967,0.4693524988893192,0.29176199029396505,0.45152883827159007,0.37082574758718406,0.31866935073876046,0.2803035117517849,0.28992777169774764,0.42332884552627364,0.2677882967550056,0.2680920396792775,0.30158163999710536,0.2527461510838463,0.2982698398724164,0.33963526027526975,0.3495278544350189,0.26634660481086164,0.28522514080551076,0.4154912304890497,0.32568514605157484,0.3941238021809185,0.3435831130417199,0.2610960675025932,0.33792345873498464,0.27304565461504277,0.32055517321715676,0.35644112929542754,0.39875039065368423,0.31719171200879437,0.4096551301330289,0.2795961528213513,0.39641809164908554,0.34982999433659867,0.4116862469253116,0.4081288326390586,0.340815450893842,0.2935469187003509,0.31147796053912363,0.327248050914635,0.28602074281768025,0.4776076961679592,0.32899905456129513,0.311513810908612,0.3682615926869514,0.2733867165396169,0.2475871404612616,0.3501123833967755,0.2666546085137147,0.3282534099922417,0.3796529767878274,0.3137970494671919,0.29423194287269333,0.2829221503409983,0.3050672707061132,0.40458871643318217,0.3365237851600691,0.33205526869671526,0.3568753916315742,0.330372029742987,0.3239921609275875,0.26486967860317945,0.30674727405188024,0.283397060932057,0.24406674045093713,0.2830814953727512,0.3518299695490295,0.3293377328541351,0.26999399667981516,0.38032232646794334,0.33629757193956344,0.2922764389852358,0.35740019057409517,0.3666921175105206,0.28461383429546155,0.4439085490894344,0.3166000378652332,0.4118719372690777,0.34995444689604815,0.36265052476010207,0.29285712466643193,0.22196484077661738,0.28856600237877117,0.2439323964632558,0.34346305462249893,0.2906618974461949,0.26886000104738533,0.30940009521624,0.2789105771954838,0.400505113840363,0.3462778083945084,0.34412917284636385,0.31770245416145093,0.3428926282258126,0.34813196085445974,0.349463647013286,0.41661142404406104,0.344823744640042,0.3052309674995922,0.3425787000520827,0.3285616488026137,0.3351368794290025,0.35835753300360723,0.28847172463647514,0.26777245861070553,0.34612684363849994,0.23859865861833615,0.3086758120041252,0.3914539737267437,0.28105377065739134,0.2924777258202619,0.2475335409202185,0.26706893778383817,0.2910907846859983,0.332517214489357,0.26775505183060755,0.2950648422878474,0.25895909235149933,0.2987385383090707,0.31081462041880253,0.3033937603661226,0.320618105140352,0.32691883791098997,0.3222056127694973,0.36134485796658733,0.269395812671515,0.30989758843750276,0.3660970043382997,0.3254674426496681,0.35651357675094447,0.2990166436900846,0.30955985931784324,0.2754808802568593,0.3653957840001784,0.18923358589412023,0.4016630047232047,0.30304242923358454,0.35993341460753936,0.25486916237328455,0.3446495497689779,0.3337415645364534,0.2750445120558003,0.34645895044589525,0.2986020562465618,0.32638855701354286,0.2473232219904261,0.3273935386919936,0.2364830903597607,0.4300252123128111
0.2916269462998012,0.0,0.2974451562952344,0.31790980867969704,0.2932431133839686,0.3692428413004611,0.2726286052446145,0.3018663766218742,0.28103103572445837,0.3560145027055574,0.3051012894048105,0.31600216631897327,0.29713420713936894,0.31534652111882744,0.29906567357524405,0.2853824182099179,0.3241783953337827,0.29064751784289705,0.26305452534995316,0.3200965641465293,0.32324278708570514,0.3436636310176905,0.2584702525653819,0.3075632713408232,0.30096890110785485,0.23955566356497687,0.23889546589243546,0.27518547737054516,0.39252009512176167,0.23516678093905588,0.30853127004540865,0.26693305997266875,0.35979787375661954,0.23627120892305764,0.33407015986390753,0.3014308070195551,0.2737001083416222,0.3075506508271432,0.2863320434135103,0.31277880238624917,0.38012972265454437,0.30413324266250963,0.22249266792263453,0.31312585660957115,0.31442480136155193,0.2929336355526026,0.2661009482580065,0.2755706926912864,0.2762030947404063,0.30376743745065193,0.30000082492374874,0.3163679972814821,0.4015223995442557,0.370909886185454,0.30422400767851987,0.33548226214418575,0.3263562459923749,0.283887326108279,0.311607165624145,0.3449868146604063,0.3170592699967923,0.2179019193100517,0.2656283349619273,0.2407017758042987,0.27690451269088256,0.26975921348995785,0.30250244012698124,0.24489962434630508,0.22132498405614698,0.2661372966895933,0.2817046083896159,0.3288559538652231,0.2613584943988531,0.3090415167749557,0.3320578360418946,0.2780723471288709,0.23816877934206787,0.36889180104000563,0.25646973401137574,0.267563121707434,0.2967081254936826,0.28414320749021676,0.3709370058180514,0.2701906544897851,0.30369335687732524,0.3612861268358141,0.24390672309127726,0.23935572888825352,0.2766130582324007,0.34277569738387925,0.28023623210201387,0.3143928987367145,0.3434452536609591,0.3207010314121778,0.34906565534459566,0.33089413322750794,0.2555330141521442,0.29157261637129017,0.2340762966835584,0.31341856475119517,0.30887009614837874,0.20340160577247532,0.21818998249138571,0.2746716104759068,0.2874885824203272,0.28046896274234046,0.27374766037225595,0.3337943808373192,0.3394165915263701,0.38072614605399474,0.27453594083972693,0.28055643111858264,0.29097862422210713,0.2808546969930022,0.3412842199075212,0.4193557646164069,0.3140133375665458,0.21910784373142553,0.2929999412119371,0.26758167021929724,0.350080448057622,0.2432382567240151,0.30353487375490357,0.36086378666805946,0.31295349872703493,0.35047483363384935,0.2605763881998384,0.2871246143048055,0.34317682149697964,0.28011294195885866,0.3041031421617979,0.28629549978385144,0.25740929344471486,0.33774203842200917,0.29300425186585166,0.2972368337552477,0.28195612089094185,0.31054089818630815,0.2754017574004622,0.26941391751154053,0.30241132296099127,0.30079878915395336,0.40223700989958466,0.2929132267333168,0.33456500131172423,0.22271648165217028,0.32052080320124415,0.31546976128814486,0.33170289648938356,0.20551716369810952,0.26924567739871985,0.33790152009156155,0.27793515728631574,0.2892155943671638,0.3008106240972962,0.3046064217101725,0.28079598464809685,0.3395004681167118,0.31409506351376626,0.2505371261486397,0.2866504250706379,0.3569787537724958,0.25886309141712904,0.3283906022644066
0.30634790699892184,0.2974451562952344,0.0,0.32881539479082417,0.3039971633128411,0.3082236660651762,0.2289567959760674,0.2975054445998344,0.2679432188478241,0.34668274224543516,0.33642199856835775,0.27042993758617173,0.3505379082854452,0.2548648445209476,0.2800622608451414,0.33226044133706817,0.3323319533499776,0.3298587341681705,0.2314492178080391,0.2681468052111439,0.34739448454157446,0.4106612181930232,0.23672518897915368,0.25207198383655166,0.29051391509209545,0.2896985978549122,0.2491636713750757,0.2723719871315617,0.23013979696623763,0.22546089383869472,0.24005931817489135,0.2820494393139542,0.27189072791680685,0.22157702628256254,0.25856252522018025,0.31262232149356195,0.2998628361122498,0.2979522837759591,0.2361287985033463,0.2809855407457344,0.2799616636545889,0.3293623648933046,0.2644062680191282,0.2761718562610683,0.302928397063231,0.3131386609322298,0.24535682035283668,0.3026253107299671,0.2609418235737771,0.3143501203571469,0.3266531192570702,0.3177542409693203,0.23844884790927284,0.33812802177999823,0.28860517690785237,0.26229983378648913,0.28180093164568415,0.29291568983920935,0.2773822896983009,0.29536109972772134,0.2873844599169321,0.2396365530090257,0.3342789523814505,0.23575751168224432,0.26812652249501595,0.3191207922151296,0.3094594410460683,0.3088423975920012,0.31592512849429866,0.29060242472842246,0.34788704460952186,0.24400896115399331,0.30065987897289814,0.42798551149135866,0.33844207401972176,0.21088731536404975,0.27938919075679297,0.2742910826022076,0.24483071016688546,0.19079444308868795,0.280668916326716,0.33079413786698464,0.2799978736462476,0.28529530371809125,0.2856290840443148,0.3358774758071317,0.2428071122078714,0.2405142856270003,0.2647479676762819,0.26705571953812,0.3288620915629464,0.23624367114916855,0.27946657794527274,0.23170838030149443,0.3217055734797512,0.2760765454992349,0.23153499731777602,0.2683214159033744,0.20763641065421196,0.2969926854975097,0.21645298527261206,0.24900839599320587,0.2487453713002675,0.2696117426090082,0.3066404080400221,0.33661749500002736,0.31661403753164175,0.27679727830094175,0.28568018000309847,0.31782598085084934,0.2727169612847368,0.281565351979518,0.30927208568813486,0.2620716736911582,0.27601501911952536,0.31429307968143544,0.2250414025209317,0.26111077148107364,0.3209554301714644,0.2633731034384939,0.2741531271552513,0.23926030547145702,0.2439224442802385,0.2821670723326689,0.2116332617586286,0.2795904969072713,0.25690499450265025,0.25794609458321793,0.3014578057767139,0.30315970621649546,0.2570304890267874,0.3804392491312264,0.2182997153649937,0.246277418509385,0.3046131864531999,0.2393528027020833,0.2089300326235096,0.24960241825263835,0.2873644665807527,0.2574680778739098,0.26375114639367137,0.2607442826563635,0.2922267850594698,0.32779789542715215,0.28012157529378895,0.21709786173706644,0.32407124063825804,0.26702673757342216,0.2986770790824936,0.19233916866958597,0.244612083296697,0.21326312389533542,0.27996729121108466,0.2993544221001877,0.2960977822155809,0.29138031983121077,0.27768086658483754,0.3280891342404656,0.21425734482307773,0.2445128930062134,0.30072740998081315,0.21484091259399793,0.24213611183674644,0.3031456974585608
0.3018233591943513,0.31790980867969704,0.32881539479082417,0.0,0.27524210995308773,0.30553121203614103,0.28133791491383836,0.2800878090896164,0.24800488080659,0.312887394058616,0.34309239691582366,0.302459270957745,0.33651770688779564,0.25156056897409707,0.37621428531050227,0.3011274787896933,0.3133617053002598,0.3053659036555959,0.2555501043817114,0.2748945663034856,0.3355284172641597,0.33730214551566107,0.26031287769859424,0.29470682663803244,0.30880196636047,0.28857119726034003,0.2921631439755115,0.2757229315004854,0.26641277996253826,0.2185970104560474,0.28028122478647083,0.2683400885979177,0.39748854124729766,0.24437926917705438,0.2646581940822289,0.2842802204262111,0.3208495522687116,0.2625126062916527,0.2813338678680133,0.33793715715373984,0.29296021423755914,0.27821389831489507,0.2564127561776745,0.30773541676433985,0.3083892557683621,0.35382318855932704,0.2014277961511859,0.3071479738369859,0.269488138249481,0.2866276962588179,0.3875839916981226,0.3109489051526094,0.2741303590590976,0.4303107233838248,0.32147512024987684,0.24691294266327837,0.3279593007758761,0.29473628656086265,0.28292343756510796,0.329933704272226,0.34659600319467737,0.22770036261804738,0.3072609089068917,0.195268737963413,0.27703419219987657,0.3342333899691101,0.38576182861163855,0.2608379116754227,0.24665161379543013,0.2728035750027085,0.30577946667890943,0.2545996914152892,0.2613539122487436,0.44642475851174995,0.30395071075989927,0.23356163769181604,0.31769978945033855,0.3319410817527192,0.24902599115701132,0.20850005086909462,0.24869923207741182,0.3411658390641218,0.29138528482918835,0.2457876643377813,0.3074957820885684,0.28010113539246195,0.27306697697169185,0.27968443416310124,0.2922942548821424,0.2747960770007591,0.3092002349596611,0.2621728073599665,0.29832256467067264,0.2692779983619428,0.31142903304589153,0.28085076449128116,0.22459457131532445,0.2484389112495516,0.19571805130180775,0.32018818739427346,0.25811773812372507,0.2586647711863521,0.2728806261848329,0.24599459939370394,0.2877019209394318,0.2968801164506818,0.32814268837698596,0.25601434442843635,0.32051947388703866,0.3211096434163216,0.3209371630521832,0.27184291629940444,0.31828783170218244,0.28273790647753316,0.30227113308299475,0.3124100477310834,0.25675285020846916,0.23134549795232892,0.28250251457919073,0.24424070085903585,0.2720585284522265,0.2546546190176359,0.2411265789741769,0.33371144632449345,0.21468323588526855,0.31342614615369035,0.2423052456838222,0.2938334904373398,0.28578264617999266,0.3094288475508304,0.21799501918160402,0.30159190530894875,0.2641568828218033,0.25962947147454235,0.3004976407571173,0.23276988120875314,0.21225885031827307,0.28824430540035767,0.31149239894370734,0.2955545883300147,0.3490719068805654,0.2459300372669543,0.35047936691396503,0.279784741392034,0.28222687843274685,0.22091902221789947,0.2894096877473489,0.28642035550763817,0.2547228672363381,0.163195540466464,0.3012901603120671,0.2577640542158064,0.3005461911663042,0.27049930299272085,0.3015604308150007,0.3148736375058456,0.3105600887985546,0.3434006311418894,0.32833063731979173,0.263092355934652,0.26463069300693,0.2395699340489962,0.2331455687311838,0.30776842496235673
0.3531103289777878,0.2932431133839686,0.3039971633128411,0.27524210995308773,0.0,0.24198158985456425,0.30796599690878745,0.2389415256195357,0.2929286763726334,0.3535295655155634,0.3061129493250107,0.24726397241599055,0.2736968569001742,0.2921591440627617,0.3093287382668151,0.28971064551335096,0.3175538456972326,0.38385227710548636,0.22350558925792618,0.28276424049805854,0.3229693039103026,0.3323311210606099,0.29037970131304347,0.27444491618572636,0.3147160707188125,0.24959902421018362,0.24286534029192974,0.23740936506198293,0.2531966179248812,0.2518682374290044,0.2903645717600838,0.24766584862460914,0.24873663654567776,0.22230517422554727,0.4168216377987055,0.3029646861383019,0.3060687161671755,0.2906276580685515,0.2517989049748889,0.28678316693967215,0.2699791989545705,0.37283758788993726,0.2909595839776214,0.3726901266959384,0.2513703426248059,0.27509981016281077,0.266754695736985,0.34464682691915527,0.33533806824050927,0.3139149976946407,0.31106552655787617,0.2732726787849796,0.2793808982476947,0.2822488875224776,0.2863919818384032,0.27525231899618674,0.27671005888670924,0.28250955373308,0.31084551968911983,0.2707973223614043,0.22298369291968895,0.218968667141415,0.2606679586843495,0.2767011807561883,0.32994173423646644,0.25698149476802956,0.2733855292801346,0.28890377697881825,0.26910598700072846,0.2848119891724551,0.31612361084153645,0.33263302313116316,0.2694320531994566,0.29136296506834936,0.25748395469875784,0.2514879278964394,0.24118932150255043,0.36315739451271883,0.23410124344506006,0.21756811806490858,0.27772612932765056,0.31270058452868454,0.3268095585626929,0.2221958438535833,0.2995268508247562,0.26534136154719046,0.24838326424405616,0.27033222722844796,0.24984482083115858,0.2561694046380281,0.42804467668626467,0.3240217700744533,0.3639381339342633,0.23875282538179962,0.36751152357872957,0.28291654542273204,0.19070480937025336,0.2612957062947416,0.2604483734681944,0.24812171613167772,0.26190746018458355,0.22690007408163784,0.27182694110089367,0.27288640479945736,0.2865537270527093,0.27942604120519055,0.24919599323911146,0.3242915202880491,0.32623327620469517,0.32161241066253254,0.2838354333061577,0.3399541722390893,0.2732785863777257,0.2869598248397354,0.2655335573412123,0.278716361032961,0.2520890584309374,0.2933917114766643,0.27338217215734295,0.2823952629168406,0.4109414231149315,0.2230011397985405,0.25584946186096635,0.32774733394059496,0.29073989736800543,0.2476514835793532,0.2318268121390574,0.2476226887525277,0.2749275111508796,0.2994665053809459,0.27051411180709956,0.25466044778055125,0.2172182849434981,0.26964409790351884,0.28681362614466194,0.32601303346856647,0.2496489551551972,0.3477793587822199,0.2932686306656986,0.2938429041410402,0.2576526811931145,0.31064380458793994,0.33913458765788856,0.3003100263677691,0.3344270944111645,0.257019598260776,0.2903517328000923,0.27359275210318507,0.31002331874134653,0.1889601352918058,0.2626212983441559,0.2743772929770416,0.3011185217400848,0.28996020110955023,0.30422409651788057,0.31672093430080056,0.2289694493881225,0.319228384647709,0.2883816371893387,0.25247617179385073,0.27379192841052363,0.2787622951791499,0.2619033249465446,0.393224579619289
0.2936844444878127,0.3692428413004611,0.3082236660651762,0.30553121203614103,0.24198158985456425,0.0,0.20331797350537373,0.32573132471163146,0.32840962598775947,0.2782543625527316,0.28571027873569826,0.33846786922594263,0.30663414805251754,0.23131687326260686,0.2690401037041347,0.32641391833874644,0.2993203582888888,0.23631794840372367,0.2820086281342461,0.31162450250222584,0.33274813238026807,0.2943355134906731,0.19038032800710777,0.223955214701884,0.2997584502501275,0.23272698995947072,0.22194003151776626,0.25643733785676776,0.25481116220779193,0.25392821334991894,0.3285996329959989,0.3468006858297755,0.33796174169783516,0.23918322728470734,0.2716050930638319,0.2881100802948145,0.27177589294433707,0.3056731680923429,0.2730735377992229,0.2249546911156844,0.2795114378077164,0.30841621737865543,0.24608071609496238,0.3127924873974498,0.27328993826349146,0.2734802935689393,0.23288608109802347,0.2823592328577852,0.21036068343892506,0.31913497300901056,0.3102802643124971,0.32765000435252173,0.2920673245331452,0.32995852830657896,0.2808723307968767,0.3370001904567718,0.31720019234248237,0.3732791246820978,0.2205228335476919,0.2803917317207485,0.33984078515619415,0.2800983427230065,0.3371464444559726,0.20373578398950765,0.27259347806975137,0.30869209305044676,0.2828780376634072,0.25703961511003176,0.21749822977707903,0.27771849151839884,0.3077681882346227,0.24084423210570183,0.29697742320437404,0.30389277269399717,0.4218780512805829,0.2491338662420574,0.24593801689846367,0.2647264051056746,0.2569370414628168,0.28387676901675485,0.32890915260070924,0.32571359039631403,0.30110082328674304,0.29883801668633997,0.3346439681297981,0.31639156718239364,0.31039048912439626,0.25402012934213847,0.31480155701458096,0.31385604657498084,0.2868393506220341,0.3171720933143665,0.2939083390246383,0.2858988599314267,0.28406866974266043,0.33065418548694003,0.30836283339175263,0.303828021707086,0.22204547125571053,0.28607272880922663,0.25378941423882617,0.23281857383616136,0.25110553505662175,0.25045798576005124,0.34998578552562076,0.3178780329733997,0.3427398159140548,0.2848198085214341,0.24589961639959282,0.2832957592853485,0.27190982138890685,0.2788222146280842,0.3771636833764279,0.3301097955756006,0.3004243042767418,0.3217390518156194,0.3064100532897742,0.21661350541228477,0.29964552041777703,0.2705699894090863,0.2785073585611657,0.28791854223395374,0.2932636972086082,0.3123739977443083,0.2928114403105434,0.3057727819222887,0.29793557072565785,0.25470732332339613,0.3017859542169644,0.23975688288899885,0.32615898684425726,0.443037599215571,0.2662315525313022,0.3319550460612147,0.30402174404505905,0.2526091535908633,0.2440125730755689,0.23080594981367022,0.22935330238054952,0.2807990995181579,0.2843602732754427,0.3146085220626491,0.3031906660727969,0.3229784717927346,0.30981228011524864,0.227929220945271,0.35177367329876974,0.28447966317522805,0.29816112523825383,0.213711766153754,0.2933552741508207,0.27405752386527266,0.24366013871312767,0.22260599260316144,0.32754168465250094,0.29747349429131187,0.24988752581037568,0.35535165150953946,0.23477514691616855,0.2777814896580088,0.23171517304729056,0.3125869671036163,0.25618408112445246,0.2829552160198996
0.26428282389874624,0.2726286052446145,0.2289567959760674,0.28133791491383836,0.30796599690878745,0.20331797350537373,0.0,0.1929045585560201,0.21245806780622978,0.298114230356076,0.26628918444041483,0.24762834184178537,0.2606359041054358,0.27961052572514294,0.2953004454496097,0.22341222597672436,0.23765881833118477,0.28506851476305867,0.23078058507268728,0.21700563078382182,0.2430350151024088,0.26070759523503684,0.3607498344071017,0.2849808600389685,0.2771842062972983,0.24658641277048468,0.23653642469551123,0.23167502797165937,0.2639319330689232,0.22671730957216804,0.23869589899094637,0.2615614615999417,0.2561764175106056,0.24883020640620096,0.25772230920012706,0.23653484266026617,0.2758980379378576,0.2098707564769993,0.22682323194294457,0.31746499001537704,0.2540782562545208,0.26062241735097713,0.2403395218092044,0.27823940892579935,0.250224601403078,0.2593408462817823,0.263511776902366,0.2577063743940568,0.4151437035713479,0.23366621877331897,0.30400832784639464,0.2221657238207521,0.23922203196282138,0.2728356539566308,0.304341113147359,0.24507884753357476,0.24247803889851463,0.20950412537719715,0.36012085180143705,0.25237824062688463,0.2071793151571684,0.20251319421620484,0.20019238122832542,0.23597396015157648,0.2499989414715161,0.2206999728305804,0.3066745279177777,0.2790385565836139,0.23371390279334472,0.2093248908604876,0.25712191643550275,0.25570426084220854,0.22836718984461707,0.290087981073356,0.18867829621803714,0.26934327484947884,0.31174901616692424,0.3240690873474515,0.1970806469425562,0.21842006658473995,0.22923704840981113,0.24939366066825064,0.2705053883783616,0.180944024052945,0.2306522312668886,0.2147634087866608,0.20087314685408592,0.2797214451999322,0.2401895680747681,0.22882292860703624,0.28103080283788046,0.30357743780903046,0.29494595625581993,0.249798432724286,0.285287315694892,0.2575394795955349,0.1714596170268682,0.23661304701802213,0.22011017481565728,0.2813315334383399,0.2546543302847022,0.2226760779648089,0.2718167555295062,0.2335813953215528,0.21514082079647798,0.22821155087119152,0.21385578394600652,0.2415955965805111,0.31770559596975256,0.29277794515896016,0.32432198126597284,0.24695962149951503,0.24887767416365728,0.20901569809749995,0.22812596517402534,0.23576655438013977,0.2410412901266403,0.2793356277491359,0.24988077163702604,0.20741856091256383,0.25536649970817543,0.1910688448889846,0.21568306192333098,0.3149312104960069,0.22569859496750605,0.26286973056636936,0.215789213562526,0.24012306568006803,0.22608351612034666,0.26342634824652356,0.19818228607987448,0.19036904078997216,0.20382601615624368,0.20814058071982003,0.21746921827389198,0.2533189677679715,0.22270010248282418,0.2813443601384935,0.25343289717510703,0.2578446609031332,0.2647774142683754,0.23229819968571477,0.29969256751837486,0.23024081512066774,0.26002265551130016,0.25154298568443834,0.22163412722942366,0.2626108881794955,0.23507712942199313,0.15366323670232077,0.23599794352470455,0.2665348231558978,0.23935990129463108,0.32403429622729224,0.2558558506608499,0.26129769009041226,0.25722882699306227,0.27613032290782663,0.316910800905337,0.2841448573152784,0.2634872630498204,0.24002548338850768,0.23360956258942883,0.26485540015382875
0.2820514148796086,0.3018663766218742,0.2975054445998344,0.2800878090896164,0.2389415256195357,0.32573132471163146,0.1929045585560201,0.0,0.2938647494557058,0.2706246315283986,0.2960416799976418,0.3053012033500344,0.3226160379193775,0.21709517244756465,0.25612156868245295,0.3367127345022071,0.2975418607584725,0.2550042199226184,0.2423927546574162,0.28338843080821735,0.3054155684135566,0.2590183311750708,0.20415659429317434,0.2215432592108378,0.282359237547758,0.26044529244890186,0.23811095276576985,0.2541716517287833,0.22394408945976077,0.23976087880089283,0.32469790496841977,0.26917090015146244,0.29156491582693134,0.22380328798829652,0.26241004582268157,0.2929470482339229,0.3107192000125743,0.33425429122456635,0.2918791436309676,0.2434016110666773,0.28050669861068195,0.2539233993410775,0.2726302463405219,0.28356052710896895,0.3267106600034375,0.2989828535543575,0.21942984236560262,0.29837464253681234,0.22866243998584357,0.2890397922515124,0.2856772884799118,0.2807244417631116,0.2527784670600684,0.2789758314774569,0.27565249405777625,0.25885521752044993,0.29186984428421636,0.40014034332211734,0.2340415936249294,0.26949843761858516,0.4121731522066695,0.22128396916998033,0.3384940677409601,0.2059147320181084,0.22774298206987986,0.28098296631419867,0.27914252969689995,0.2503570284905134,0.24556141959651226,0.43527516790585624,0.29663238381565105,0.2475368387353566,0.25662075610494806,0.31114314030295104,0.38856344561990225,0.2248659572131292,0.2870999296963973,0.2534418188927006,0.3401499407624936,0.21428056412722032,0.27127211237677856,0.2697583063263273,0.3071001794976522,0.3323492870652191,0.3096304390601445,0.3651374919398143,0.40535831427767527,0.24445527961672636,0.3026079536147522,0.3039492943389777,0.2813495204663616,0.24116766058931416,0.27330656942765513,0.25211292568517535,0.28256861355747437,0.29754725619151634,0.27254341224949974,0.2554075315587217,0.1880147520907646,0.27718841223229734,0.23376278322985214,0.31115602925750857,0.2354552393829446,0.2610986400594484,0.3161391872112117,0.32739552756922685,0.3160069220671859,0.29552339634663777,0.26270859016249903,0.2706312578957694,0.23677783602750818,0.2744724329746464,0.3049674981727991,0.3056557230512415,0.2999414502581555,0.30739039806381024,0.26978254257621065,0.2152203656450804,0.25379278920429593,0.23896090360097327,0.2769383122798343,0.39528846021346115,0.2420784145837891,0.2976169261463347,0.23237351709073165,0.296788027565545,0.2238000300292526,0.31378037760658223,0.2929870159559967,0.25415662341421275,0.2802003656513017,0.32301599060371045,0.30594297428502143,0.2595028165836546,0.31038440595428596,0.2300482330809549,0.24949600008809739,0.23823574431859249,0.24990057328089776,0.2973922791740217,0.2720808504682767,0.24130144351384655,0.2781159097639992,0.2640061534275275,0.3157204663454507,0.22272675357513685,0.3195342883532058,0.27650106422597137,0.2967932513618835,0.19101644404910367,0.32374040666983106,0.2546813461507168,0.2513315640741357,0.23266215106536264,0.3382730926492664,0.3430541352136031,0.24616885899613594,0.34231199051600275,0.21711369317722437,0.23673487729401135,0.2318105580455131,0.26323375898542706,0.2378630854401009,0.2937673812260479
0.34585328131426857,0.28103103572445837,0.2679432188478241,0.24800488080659,0.2929286763726334,0.32840962598775947,0.21245806780622978,0.2938647494557058,0.0,0.2431077367577625,0.27732709950435225,0.29776873491538913,0.2600373245261185,0.2583473065785844,0.2676667160998034,0.29180365332180547,0.263984792542647,0.2892760384125088,0.25504499102757805,0.3132353448645521,0.28478714689007345,0.3358750979822648,0.19831969214736497,0.21701598991350388,0.2782026945364996,0.23293540075142094,0.2367177879170714,0.23269828634269712,0.23055633516371662,0.3290701797759679,0.35756334686976404,0.2806059609316695,0.27893230518016404,0.2031093801649744,0.2906882823836776,0.27841625475171317,0.26651573948370294,0.396812410408875,0.2779073636915451,0.22075922964351738,0.2681077570233688,0.32126159459421166,0.263090022160541,0.3152406430190945,0.24817448271211084,0.268676519037117,0.23203316233195323,0.27960746117521645,0.2284965170640549,0.30962576610890796,0.27834516117369557,0.26522241445937,0.28616306344139325,0.2692740788922749,0.25489270234312295,0.31624201175069555,0.30560009327278503,0.35074644837765007,0.2274469252984147,0.2423836638706533,0.24828645649941844,0.2749520923189338,0.2953890484468176,0.2351844638690187,0.291993260358259,0.2707606929280006,0.27788727716608125,0.27941425141911663,0.2482530216505738,0.2988270765751554,0.35424791328350447,0.26507959766450256,0.30314414727450845,0.25264455713547906,0.35112354917443567,0.2476501636203984,0.2175054385899795,0.24471724175359627,0.29083058210056456,0.24811893298622745,0.312033381851847,0.38044413582518666,0.35505298960512016,0.2721653056244116,0.32805433737547074,0.3485479623015628,0.295587299573736,0.2881089414433299,0.2690474180008993,0.37519911162742997,0.3433548671986863,0.32008461721700304,0.2946171989675415,0.25818351101590836,0.3418132304660294,0.3462717999925348,0.2896996400173803,0.2638914863910036,0.2672303716666651,0.23062068586726997,0.27635658756296955,0.21916216126578508,0.2733433937558675,0.2642025901277092,0.35536216164587714,0.28244342379076925,0.25254459172686394,0.27342769620058105,0.2440951232583617,0.23734881893197532,0.23028456230764016,0.3513213717161644,0.31108070358564494,0.38573505606956565,0.28299358449296547,0.27724476474973103,0.2754447231764437,0.24379351060426854,0.2233094101676952,0.28041336593037536,0.31983036884231403,0.2853673667445999,0.2643694789371139,0.30679572071556055,0.38776251229320374,0.27079709966569476,0.25199947998806776,0.23872642554523707,0.2406228689160824,0.2886259991017709,0.38133680581059,0.3606182420041923,0.26275831892519574,0.38759323645315374,0.28783726611223254,0.3009585396757515,0.26398526073748163,0.2467067526190246,0.2512449297745244,0.3462726766526808,0.287191600837107,0.2970936769026059,0.29649766846366016,0.36603671371785046,0.3228807740817513,0.25124277652796506,0.4370639569974928,0.27544468917557635,0.30404929250509,0.21859555638532477,0.3256473419578073,0.296239463573541,0.2707832852032921,0.23155303327862764,0.3133543374344241,0.3235205054947216,0.23711515472189196,0.3002584340680162,0.2575280205982823,0.2507432785240165,0.2188797811652483,0.33711338779648786,0.3136241496627498,0.34716805385183247
0.32429646925214006,0.3560145027055574,0.34668274224543516,0.312887394058616,0.3535295655155634,0.2782543625527316,0.298114230356076,0.2706246315283986,0.2431077367577625,0.0,0.28944490685527285,0.25735315204559034,0.3351884585031826,0.296733369928095,0.28042000341978396,0.3089518718372657,0.341433920958504,0.3729781791188928,0.23369010537433688,0.26924838068262225,0.3048295483573202,0.28703783865463406,0.3260535999010475,0.26448335493510494,0.38782647626560757,0.258631335355735,0.2643335102923636,0.2749988831725239,0.3346678299686949,0.24631533462522867,0.2772319280830709,0.2913363879893513,0.24717541179129035,0.23792474114554107,0.3184889365638586,0.2702505589443603,0.34675828373064327,0.2707168739447241,0.22230043474232777,0.32806657364840475,0.2551657027080801,0.33481096244237046,0.27429719971455396,0.298693764010437,0.2811571009612853,0.3143180969903052,0.2703446793177275,0.30917782332405486,0.36795270951912457,0.25997908238394946,0.310613519319398,0.2738056170576306,0.270563778979481,0.30600331076376064,0.311116285106098,0.3167594782848398,0.2803253796697119,0.2601403134724806,0.3499047514261581,0.29366325754183953,0.28392011784977683,0.22410688473350499,0.2506459732665446,0.23696307723426063,0.2700108707876824,0.2755398078742561,0.29452732191276954,0.2924247907087896,0.2791847898004614,0.2963270501553386,0.28211318034695815,0.3459734065527996,0.25123141336634747,0.3497254117210858,0.268211345242543,0.29657772650220476,0.2682663281867835,0.411573097303288,0.23402608507281397,0.2654131865494605,0.3125199455736004,0.268008976103633,0.36523935483830916,0.26317843376412003,0.30148328567963906,0.2798946894304931,0.2600591531852608,0.28509525410616043,0.32453217031810766,0.2569224411546362,0.3134875675903667,0.2836560651117663,0.33263844015771465,0.24939045746168498,0.3471331060933693,0.30568756805058006,0.18801863891289217,0.2841058550260126,0.23495113555821914,0.3159316460498076,0.2779061970089094,0.24627971726378997,0.2621053831652461,0.30681999006496075,0.26641500121523504,0.29868494026418335,0.2858728212420573,0.3644017447595771,0.3442689107286694,0.3663859412479395,0.2788491058938321,0.2820441558805597,0.3001668293801268,0.30086196830030315,0.27956043845159406,0.3154243736765409,0.2987864241882017,0.2974431613147478,0.31215372725743346,0.28586659677008963,0.29808020834754273,0.24069459295988274,0.25515190457891207,0.34549369273121916,0.2499410956795544,0.31738071809047214,0.2434129151111473,0.2595493336473267,0.32443140191607817,0.30511013272007154,0.3046675032148618,0.26096547360448946,0.25508857380719147,0.22840442298384392,0.2500387602276071,0.2681027290149211,0.26864465922501685,0.30701619731945246,0.299069264077419,0.2848584580969452,0.2882983736712733,0.30679940955589485,0.35750690955977016,0.26031734056047323,0.32100892451031365,0.25006659820839827,0.23978163596237417,0.37137075856722435,0.381041552351387,0.190978834655215,0.2451351663508319,0.3212224846126831,0.2572049620645416,0.3181926597084275,0.30865358611041993,0.29880952740743233,0.2445641127006688,0.3889366218796155,0.2992111386012438,0.30383303629311054,0.3743136224161879,0.3106068210146486,0.2852318029616631,0.3027845724696584
0.35608784978996566,0.3051012894048105,0.33642199856835775,0.34309239691582366,0.3061129493250107,0.28571027873569826,0.26628918444041483,0.2960416799976418,0.27732709950435225,0.28944490685527285,0.0,0.3597819275419754,0.364466795787099,0.23705261936027583,0.32259077453661383,0.3865047173414606,0.32847561712230305,0.3461875771132252,0.2853263958565073,0.3055949851865752,0.3130650874285096,0.34964548599434797,0.2748862570862988,0.3059581589289559,0.34144778965122513,0.27193096347469636,0.31198046958198633,0.3330175257256955,0.27038879228170787,0.28942479718962016,0.3051009377385515,0.29776743925931504,0.2964259382248019,0.24392556272304383,0.2811956094870192,0.29162133495324427,0.3754738995734799,0.3065970163511453,0.31757940498013953,0.2937748375981273,0.27075035605116127,0.2791100984554825,0.2772599959665335,0.3144582770057004,0.31090881424271505,0.32549646192186976,0.2014920859175637,0.3804565690620652,0.31540816095701285,0.27705890508966774,0.3532724294482603,0.2568555002506935,0.2510645525383023,0.3507190435554904,0.3884522142377364,0.22413176756998598,0.3558502667104128,0.3651908230341834,0.27897548159562696,0.3166438070574255,0.3158209817544689,0.19812627285070772,0.3076351172771319,0.2102417486853692,0.23155620413405248,0.2849118264380852,0.30817855136727756,0.2638558822395538,0.28311182951959785,0.3174276327131397,0.30738232780479857,0.2500333053753505,0.2594500258713788,0.3760467323895802,0.33071821530249956,0.25452745209509625,0.3229818752397044,0.30020685708913153,0.26105141377985025,0.21471964504352486,0.24378550229282403,0.27564880772590045,0.3007494656043989,0.2705842728552875,0.2722611856642672,0.3002195733906687,0.2816130413682598,0.26497662441531294,0.29749853079487726,0.272279443731976,0.35080781973128383,0.2296992699507324,0.3651977773475406,0.2965647180270649,0.2788226667114124,0.2904983709969437,0.21651892293200195,0.2208454286408571,0.18750829817738154,0.2770007384836366,0.27779604402457303,0.2660466364845706,0.24315309239509872,0.2459283205192156,0.29672459505038457,0.272026697785109,0.279379434480731,0.2872593192407391,0.273985899565845,0.3280436497819761,0.33361323657947084,0.2703803082939434,0.2711815343922435,0.2860981532100255,0.31120850853734855,0.3137868892442165,0.26163028765414115,0.28689676989700347,0.2527175937122827,0.23196202658683215,0.3000049692468393,0.22927791549157708,0.23315476076437572,0.3708615509096024,0.2223807477723809,0.35410262720978875,0.19693962197116746,0.3000337807651497,0.2686346728345054,0.2644858705087182,0.2333844418701099,0.29706379091439356,0.2914568700420817,0.2537033548897785,0.3469052817164683,0.2417065756282575,0.253131765749822,0.2571614445245966,0.3028246468712458,0.330542315035195,0.3029761838374031,0.24762821605484556,0.2704308076711788,0.2661517865784203,0.33190092781044683,0.2160542300534462,0.27967767052579184,0.27213944903902026,0.27898890987171443,0.18233989690045374,0.37609553184953326,0.25364512510361875,0.40049384156990797,0.2397029633708417,0.2976036995843454,0.3485779476304148,0.3307779813093867,0.3408291072707743,0.27493332568795376,0.2569827627165551,0.23248627468099922,0.25733494868506324,0.21072607500659607,0.3945050231786424
0.3278254503201509,0.31600216631897327,0.27042993758617173,0.302459270957745,0.24726397241599055,0.33846786922594263,0.24762834184178537,0.3053012033500344,0.29776873491538913,0.25735315204559034,0.3597819275419754,0.0,0.2725484418761569,0.19570800362348628,0.27299536282909204,0.3254531528908138,0.30711652608861983,0.2605033127358366,0.38661127417439545,0.33542277895902356,0.35913225201450233,0.2692987170068229,0.24054145917160308,0.2898284050662623,0.36907186086294813,0.23953585762696233,0.25380454682407877,0.2809587431472549,0.25214305076298366,0.31528655717474935,0.3503117757396652,0.3110276322953521,0.29218923607947095,0.2892019931618757,0.26718022154853976,0.28752479010803367,0.309725389223385,0.31550407566547817,0.36641854458438455,0.2633123572502151,0.31177168997043303,0.25581725690508905,0.27267322926445564,0.33361904005726667,0.28115343357396505,0.31988734233535104,0.2365569474355784,0.320314378440651,0.27591327921609177,0.3040630325483135,0.3592635819346192,0.3117446988378404,0.26184711296632346,0.3380618239465863,0.3416216519641125,0.24679138685544696,0.4131216065167259,0.3852686745960198,0.23265402592818693,0.3074439414696883,0.27630848825525783,0.20884136304301476,0.3062924997581383,0.2078793176767201,0.24945787909785078,0.30696544841814094,0.2589055489052491,0.22794896501887993,0.21513857932957292,0.26585347781652535,0.2750247029951038,0.23535391934279132,0.25223539291346286,0.30129785650027957,0.33914465739093624,0.27475888059824055,0.26450993115262456,0.2819482577785788,0.281799657946191,0.2442744151031003,0.26549504677702784,0.2962850644170273,0.3113978889963677,0.24907473082858647,0.3121891495297924,0.33218926980662666,0.2608403691994345,0.26899726732245344,0.3373401973592266,0.29912576303803706,0.30165842723284425,0.27058682703949094,0.3260320677854786,0.3548896013800671,0.2596041683627342,0.33015064194153315,0.23941322149852426,0.27097618925254213,0.19248006762669323,0.2704634480188252,0.255711019706847,0.25247967908214947,0.2748363936850771,0.30453534864893395,0.28888843023981065,0.28423465118026403,0.3288903319110659,0.27070465949452716,0.26503237180425515,0.3347325991452298,0.4024245651871797,0.3055130552735931,0.2794585859785436,0.30937621540741717,0.2954480032953362,0.29954457806731344,0.3065556959990318,0.29072674320028186,0.2712714820317506,0.21961910220447198,0.2665638178831636,0.24991656160363943,0.2549279956833567,0.35711317268938453,0.23086524905396955,0.375692111474478,0.21676775392239583,0.26791117332586545,0.2875395358015658,0.24098461213285985,0.25225902087405955,0.29301350588669545,0.2621384689819108,0.3026065574566481,0.3179842880174373,0.23150802433471884,0.3050629874214102,0.2480801731341038,0.2536437114632536,0.36763450454429936,0.25690869295356894,0.2443121632423167,0.3039300385709789,0.2820925100625138,0.3289210428938238,0.25760514018430813,0.3657548167226839,0.26939130309461884,0.31547900367925413,0.19575551520549808,0.3852520554695979,0.29977135760617707,0.32103759771772666,0.22510457199409875,0.39463671230689495,0.2854329989901305,0.2911522753692135,0.3405845909596821,0.2459359972745886,0.26658659885478003,0.20194870876838075,0.2866390112539309,0.23506946252589153,0.33622682984338265
