0,1,2,3,4,5,6,7,8,9,10,11,12,13,14,15,16,17,18,19,20,21,22,23,24,25,26,27,28,29,30,31,32,33,34,35,36,37,38,39,40,41,42,43,44,45,46,47,48,49,50,51,52,53,54,55,56,57,58,59,60,61,62,63,64,65,66,67,68,69,70,71,72,73,74,75,76,77,78,79,80,81,82,83,84,85,86,87,88,89,90,91,92,93,94,95,96,97,98,99,100,101,102,103,104,105,106,107,108,109,110,111,112,113,114,115,116,117,118,119,120,121,122,123,124,125,126,127,128,129,130,131,132,133,134,135,136,137,138,139,140,141,142,143,144,145,146,147,148,149,150,151,152,153,154,155,156,157,158,159,160,161,162,163
0.0,0.8491024922211418,0.7471034286925733,0.78959222360646,0.8303737168023205,0.8120045091909601,0.8801685050115015,0.8061902034983585,0.9159120404866917,0.7156384114969196,0.859931291439588,0.8384685419764597,0.8730545055653864,0.7922647974814236,0.9094675510421688,0.8060809406838793,0.818005729185098,0.9588134468716187,0.8370329932235988,0.9225943254018367,0.8371110157873507,0.8703464191908901,0.8475306629748715,0.8925253450221798,0.8566675920503477,0.81039388463121,0.8191693062820473,0.8191491657551286,0.7087711425820475,0.8529859714486235,0.9069233560023223,0.8315006557340018,0.8449596721088475,0.8391837029493499,0.900036748657647,0.7713719004484147,0.9145802016841986,0.8471441144683585,0.824528231195473,0.915206962685881,0.8099534987620167,0.8513289204095839,0.8502110837477105,0.8532093875191034,0.8800466379716553,0.8979478461355239,0.8130734659024402,0.8255975144119543,0.9044084505279381,0.8504395843103147,0.8788622598750698,0.8346807204146368,0.7943563074516443,0.8105850374741181,0.7772779084989768,0.8080861876473221,0.9072750165771052,0.8304677479011418,0.8207899544374416,0.836576387388111,0.7764840401314845,0.6932535582061529,0.8116959070062286,0.7077096445804696,0.8314786475464303,0.8170944692189748,0.8865573039308233,0.8761847705641571,0.7938829570579394,0.8425529887500884,0.9266156608329896,0.7962471364222397,0.8011494254677061,0.8616290287651489,0.8045366058229432,0.8707314192613009,0.7833793099452919,0.8055224812321707,0.8561672910568265,0.6997664220569016,0.7553161621755049,0.9106987260046842,0.8697452243501292,0.7567772674893878,0.8342333317124391,0.9043555357398491,0.828115996509786,0.8598214144672309,0.8283172243182397,0.8425564246074171,0.8925066219938939,0.8676179088089347,0.8260881787245445,0.8559667698545913,0.8696571380717321,0.829584346637188,0.7364545710353331,0.7992175169264288,0.7104054048217529,0.8355849646611975,0.7916473985840814,0.7292691500405963,0.7647189021844691,0.7377425154006702,0.8335524912670741,0.8369398613458191,0.7246855263703188,0.8067884466346693,0.8818170967274577,0.8483282473440944,0.8525911894757146,0.8398859179607413,0.8357643971734341,0.766108039190401,0.8435340876762554,0.8635192359709177,0.8510861878186069,0.7919282576539074,0.711492028037855,0.7342029929267508,0.8351146688474316,0.7211767152840348,0.8594482291837976,0.9136492732309864,0.8194356698567359,0.7963249980167284,0.7044402601083125,0.8314589040032029,0.7270509674794394,0.8601340737189968,0.7846492287883332,0.7629813637377393,0.772373282871521,0.8647809453210665,0.8261068518790428,0.7920597868493633,0.8854187656237344,0.9015156027983894,0.8617286017323647,0.8813628942716676,0.7834029284700746,0.7707293218451179,0.9077668950070134,0.7672871821552132,0.8531268493515343,0.9010606769065215,0.8968382732173868,0.7583648369397374,0.7899181841459276,0.6010368890879214,0.915546271405393,0.7913695879618242,0.8415651782291574,0.7733547100320813,0.8207474179897013,0.9114185014329146,0.8894812140973192,0.8162501196773544,0.8408491602735257,0.7707018565009807,0.7002155259382439,0.8878275971631504,0.8833378190491902,0.9459886700321684
0.8491024922211418,0.0,0.8723947323826213,0.7810131758446391,0.7729808602707596,0.9115057991897201,0.8497293206163445,0.8409114275192809,0.8316831701903636,0.8839011124423777,0.851587331967672,0.9464911939346256,0.8665439890778136,0.7850816795993897,0.8412312679789739,0.8527778771755458,0.8703905510805672,0.8099567956703566,0.8801867449153767,0.8839632006765682,0.8726876859141031,0.9043402883537887,0.8321807075575922,0.8817586145705244,0.9203033575541403,0.7217415571910467,0.8152179060155039,0.8257309636912524,0.862509913489207,0.8283662527545433,0.8859064990411609,0.8816913811901831,0.8637006661891421,0.8685109587645655,0.8370391899529387,0.8354413123935323,0.8405239148323019,0.8174128654717359,0.8422382236427125,0.8863371643487489,0.8646367580557421,0.8818069592194939,0.7602904833782723,0.8244275691374041,0.9010627061939063,0.8413371304362197,0.8383064771867,0.8159379884458626,0.8520217142816954,0.798783505232112,0.8028831884667286,0.8118774751076294,0.7861712210939429,0.8710139185703006,0.8227187168398287,0.8631633293016387,0.8108698389431762,0.8690977675642407,0.8136133693103098,0.8370055912640393,0.8034015256138428,0.6841614542825825,0.7492224192250913,0.7562143548604934,0.7133393864099932,0.7262062242344035,0.8183157199816629,0.7829115274717146,0.7620099794945906,0.78786546521232,0.796210708903225,0.7315132193364229,0.7285799576102465,0.8437427949235577,0.8686328647662438,0.7917396683818937,0.747286007946372,0.8376589960614436,0.771838504303229,0.6691453480877371,0.821269468812757,0.8000875592656796,0.883417770767142,0.7846711940156471,0.7655890339763611,0.9244714834018701,0.7595320070755162,0.7351479574340061,0.8339058233823872,0.8456492166798141,0.7844072360406967,0.8848663823035636,0.8383273139307282,0.7727443408911779,0.7737720250767486,0.9044651691118851,0.7534398711538713,0.9171784793194697,0.6842461366947367,0.8384244177803116,0.7678618991318318,0.7078367649233379,0.6951146447492199,0.8449254607878149,0.7676517543295541,0.8290643742822729,0.7781726197369838,0.9200700734708788,0.89897095921486,0.9292808682812636,0.8610541624268943,0.7336434862454184,0.7913299724022271,0.78400814323991,0.7621318222502177,0.8524572265297317,0.8947468030651973,0.8110115601333716,0.8073301166101731,0.735009080525171,0.7375241262814579,0.671861118215758,0.8415590265131381,0.8694767720602415,0.7236073845787181,0.8957584003535923,0.7152045224843809,0.8596668384397532,0.887819583679512,0.7888153053621132,0.868723646573246,0.7987751088879481,0.6778733085275118,0.797470606728528,0.8373156813828789,0.7151267976649645,0.8925389264243904,0.8174083120383228,0.900337018250373,0.8357552870965673,0.7715733947396505,0.8387938823108473,0.894127401822669,0.807338098706781,0.8656894066121058,0.8180228098508499,0.8820443769598922,0.8528610702249437,0.9391399372581303,0.7152283235706071,0.7763025072442481,0.8420634305057028,0.8332086435662783,0.878396095917134,0.9047653323211602,0.8246330183158198,0.8225487782902111,0.85761165576791,0.7615831409269906,0.6888729973503677,0.7950200107095404,0.8168665045340919,0.9485413271092215,0.7939353240836962
0.7471034286925733,0.8723947323826213,0.0,0.7407802986574672,0.7806833355717926,0.8987287944083571,0.7585810825037299,0.8397987717694142,0.7172320660964269,0.889964471538642,0.8717079033946402,0.8920716164203899,0.8583414914133105,0.6692590881953809,0.7781710415776574,0.9075645353326335,0.8742369007738074,0.754270531038,0.8164319193343645,0.7732228428326676,0.9048427705375027,0.9204890987293658,0.7267350269485077,0.825190178874669,0.8675502709327094,0.742190612441889,0.7363572936146029,0.7540394565262992,0.832859264768564,0.7857645670901047,0.7668684174749282,0.8561093150330862,0.7851836974915427,0.7389000954858537,0.6880278857668753,0.7651214722934581,0.813604066411034,0.764623535448121,0.8064530113379744,0.8092616012090028,0.79167678442792,0.8422956251072572,0.7965548271030792,0.7735976969126127,0.8259401237832997,0.7859887953291428,0.7891141417054088,0.8438718249655781,0.7643922131118093,0.7518916987135945,0.7871178582203239,0.774284062020089,0.6853781337485652,0.8531997126519025,0.8041576460053937,0.7503572068172678,0.747458779446426,0.8990809249868597,0.7524465953288819,0.7277585497951704,0.8212465705927712,0.6428526909237519,0.7959104315534781,0.6723695831954023,0.6592406044932924,0.716286854442747,0.7512986194840854,0.8138560327912198,0.8167033220708336,0.815067576326042,0.7736979919101377,0.6152465002469084,0.673129580796234,0.8707711218305332,0.8658113958039534,0.654111254261022,0.8004926051761683,0.8290012814390679,0.7288273055198469,0.6437486251342084,0.8645529823329359,0.7295901847538092,0.8436672211745041,0.7661801228049727,0.702263830854685,0.8247788201567745,0.7654743390795855,0.6746302194890761,0.7336030724475581,0.7327072824745136,0.7628828032006759,0.7189019824382071,0.7934466413531308,0.6702763587626178,0.6969247512164043,0.8489779521106166,0.730997711813057,0.7900803499498332,0.5741450012832487,0.727542463281352,0.6539484758736729,0.7897248157510842,0.6513076985714938,0.8102696843824023,0.6917314220264147,0.8281942136759641,0.8277214833997527,0.8586173768495325,0.8255996297012068,0.8871790685819457,0.8142104129993787,0.6654533544823444,0.7496369245415029,0.7520940208199737,0.680203133302081,0.7742737680561758,0.7452825399261488,0.811546232031021,0.8435971268711238,0.6311664402340957,0.6836946240865693,0.6791708180340054,0.7157065149290729,0.8140996918928526,0.601093191167467,0.875943567328531,0.6606766908014445,0.8250726100648842,0.8450217274559225,0.7443246324405847,0.775232913152494,0.904257511746327,0.6293291562427954,0.6718606657172371,0.815873154493891,0.6644018424133514,0.7979863522845554,0.7048326079672739,0.8587265764593041,0.787193518111397,0.7226366636339956,0.7819935431514219,0.7520440859898471,0.7771243464834542,0.8242066672160786,0.7262576481105308,0.8259487483595134,0.8879035333648978,0.9049964433931881,0.666937559320732,0.6905504479154494,0.738641746332381,0.794333904545094,0.8765708421122987,0.8871008177878511,0.7912978260451311,0.7733025876970129,0.8602295567367063,0.6393115887612524,0.6529080288587507,0.8109615972600203,0.656095078701275,0.8459969117957583,0.7293941756724156
0.78959222360646,0.7810131758446391,0.7407802986574672,0.0,0.7159948226764037,0.8430137677591766,0.8208695882848089,0.7920630227463638,0.7045727765228152,0.7129649114340094,0.8318702271114828,0.831925942898369,0.7706678270726754,0.6908301965335926,0.7896421662810308,0.7418654063212513,0.7994673082363164,0.7618151947103294,0.8784203996298037,0.7209417022072138,0.8340088787589405,0.7694412408443473,0.7668081584539912,0.7702116573509137,0.8084450459822156,0.7841369120263126,0.7256665082034839,0.8318509857778035,0.715087467525118,0.6976695414495611,0.7809653793643953,0.776527290024961,0.9356202312124781,0.8319302048211052,0.7700838254982765,0.7830673405131929,0.7734639081386547,0.7421022520201482,0.7672787786440636,0.8242717209764069,0.8473589185415284,0.7514238173100118,0.7544448625920062,0.8354368599164622,0.7922434793149945,0.7664859501867755,0.6723900180764849,0.7699330062692672,0.778010432853866,0.7414630819635126,0.8730732042781462,0.8731747841736772,0.7370436231984712,0.8959817698456903,0.8099082303639479,0.6874484380193326,0.7897351763573879,0.8589773648790866,0.7421426541117271,0.7474184817547727,0.8191674464571924,0.6514274499640083,0.8560527613470061,0.6262058862396509,0.7008252942211941,0.7494066306631343,0.7882639523715729,0.7090796853723799,0.7118382758637176,0.8084677209303367,0.7595636514763559,0.650582035237969,0.7998820054582672,0.8528972372768137,0.8097746493257071,0.7113911476515453,0.767438172934134,0.7377723744521901,0.8039399821224041,0.6466267541133142,0.7724521453207275,0.8243114028992733,0.7165802865317459,0.7534983617368648,0.8442415563802945,0.7750126052937215,0.796043749705921,0.7461279080592005,0.7611796416148041,0.6831109744909679,0.842318787922598,0.8242653530336407,0.7734351063154697,0.7541960011047274,0.818778369664251,0.787301233769179,0.7281908084625909,0.8233276000628356,0.6295686473008738,0.8270684246159827,0.6836563824490026,0.7355790755350544,0.8907919338574263,0.7958349571518625,0.795400227699375,0.722957828860362,0.765470687115099,0.7669125810455243,0.7739776854048606,0.7472252949857621,0.9057463586414715,0.7616009766465961,0.8520705296567287,0.7330461417547077,0.8056187003177003,0.777402207790096,0.8266392885043675,0.687943652754755,0.8601715154085172,0.7216324742057966,0.6590291035414838,0.8060272260794268,0.7539677356941039,0.8187977744052882,0.6596619569351062,0.8046441667903902,0.7106235556714467,0.727579615601189,0.7994120559823893,0.6862482674541922,0.6668867457119461,0.7390458707246265,0.6784301893815309,0.8005283552564234,0.7433130652086946,0.6282749590554759,0.6798730183530578,0.7573899145305496,0.7577938618063699,0.761941937611734,0.8655054992457403,0.6893256447472246,0.830314404708765,0.7814750132066695,0.7548915088265032,0.7838462462243403,0.7510399273192293,0.7228908164586698,0.7258739048416668,0.5951798629693336,0.8380459000237335,0.8009006975945356,0.7636065800626539,0.6581800025644035,0.8743456582692016,0.7476668572586331,0.7443975623970559,0.7948668925397941,0.845226289629735,0.7666185648598514,0.7157485668516307,0.7688004261314572,0.7756339743739713,0.7908881031255667
0.8303737168023205,0.7729808602707596,0.7806833355717926,0.7159948226764037,0.0,0.7435129775912988,0.8618634479344257,0.6841513536071429,0.758076868420793,0.6887626001737848,0.8376790229573096,0.8161561294683232,0.743462042127574,0.6781816874251023,0.874645759915325,0.7957616585885497,0.7877611370165173,0.8290529749076394,0.7713426625733979,0.7698544461985198,0.8543660076588788,0.8618113898662124,0.7784411065848403,0.8764916285129583,0.7709346849599154,0.8089328438862546,0.6975171762620928,0.6733241381367411,0.7357364254241175,0.8297381975134267,0.7930458077929959,0.750569411134418,0.7872157238515222,0.7074004531473296,0.7836306411014391,0.7480823038323837,0.8090837307088927,0.7811427234892295,0.8201097308496903,0.8512086052079754,0.8326623408274143,0.7936711103596432,0.8556633260816727,0.8755506673867377,0.7396913111040063,0.7763036163299545,0.8524205144153132,0.8482448575718942,0.8373328827925348,0.818065398350106,0.8445677947310001,0.8082111375857847,0.7191472869249933,0.7866751969652431,0.7646380814614823,0.7047737826249711,0.8113120388171623,0.8271990110745352,0.7406814081617024,0.7328045149396201,0.6517417753172347,0.6454124515241128,0.7837246346908884,0.6851244015753252,0.7710719907059351,0.6834502162916286,0.6984089239349595,0.8435023961908369,0.7493960263495718,0.7242687143693767,0.8510988285254758,0.7114569654767068,0.6578561326337216,0.78862511029752,0.703910424496103,0.6993625855511018,0.7373600812320825,0.8887302723070465,0.7407927973961935,0.6945080606301597,0.7499377103835431,0.7984352222134385,0.8454584376393837,0.652592440366204,0.738795167001338,0.7809099492132269,0.6814156930630137,0.741965997786524,0.6627180169774787,0.7070737666736134,0.9061744997096778,0.762486154434245,0.8505199845789275,0.7148792009970293,0.7741304812982867,0.7964241143849484,0.648245189635042,0.7102006964352648,0.6683220495097094,0.6697491444454733,0.7018825330105103,0.6722281287480772,0.7111280505049894,0.7334892009955424,0.7149048086040127,0.7799868935602979,0.6789702007047677,0.7252148878188767,0.8515459154856115,0.8049417990040084,0.8212902676215792,0.8028901175376912,0.6790461142042978,0.6527390950666335,0.7331278666410269,0.766501855936915,0.7134713286570393,0.8016328939271321,0.7208485852896784,0.6328627565770091,0.883777480980415,0.6477822171374613,0.7350310802551789,0.8690595276132943,0.7211862310398163,0.7814100260965683,0.6311132403837563,0.7811526109615861,0.7038422571410279,0.8169838942340336,0.681738888134046,0.7582384889221343,0.6143622161659975,0.7529314471143191,0.7654260677384164,0.802463965194371,0.8265837460892135,0.8659572416385461,0.7875910375535811,0.8344903768507164,0.704057155908998,0.7376913929862566,0.7720027293242272,0.7382010207761059,0.841653051540603,0.8035382660697725,0.878436707526763,0.7536442803330696,0.7552296393215568,0.5924812599383698,0.7581777039262779,0.7492185690511474,0.7964821945160647,0.7851951314452067,0.79574537059437,0.7633262310438974,0.7507948046626463,0.7859762539648145,0.733222360839378,0.6955263999899403,0.6753697551764748,0.7462961261549219,0.7977859163003356,0.8891027149210655
0.8120045091909601,0.9115057991897201,0.8987287944083571,0.8430137677591766,0.7435129775912988,0.0,0.7994455236646877,0.8836594253039557,0.7592209708721334,0.8502219008241817,0.8705435567794709,0.9153251492205745,0.9205694771321612,0.7429549776308417,0.7728890748663023,0.9046446239521363,0.9085074792047685,0.7604710348145582,0.8489734274100206,0.7916477579664953,0.8872258045582997,0.8511577330259539,0.7680380550562572,0.8235376168529241,0.8898951183396919,0.8113804468021324,0.7825531379810183,0.8448681509427185,0.819322318124145,0.8047357972625168,0.8130677662030509,0.8988003078237019,0.8827868368882912,0.8641036968461994,0.7513976266500189,0.7996024839265797,0.8638623216154844,0.7997545739917786,0.7919264790096394,0.8608292738140942,0.8338885380634886,0.8610020339393903,0.7610295268523307,0.8174502226357699,0.8816368123251915,0.8396531376546816,0.8055035686588377,0.8295382887596761,0.7847599627244863,0.7503423258602698,0.8284816930857535,0.8783097308734459,0.7288289469784827,0.8776013226175391,0.81679877258231,0.8423873223318453,0.7879913050668692,0.9331954694797536,0.725135537909052,0.7972953043634916,0.8760625308067646,0.7155591204480073,0.8376458036603451,0.6702081813280792,0.6520872484860004,0.7564463298730412,0.8327505383949044,0.8064777825385934,0.7542103944655617,0.8386873151923407,0.8006055950877973,0.6576808957139029,0.7592375937442758,0.8937251981776724,0.915169279473714,0.7536957142792128,0.8119863226607178,0.8529630364378905,0.8123112396205624,0.7434079537457936,0.9158612683237357,0.7676130530830981,0.861363791427876,0.8651776921061433,0.7979902990422906,0.8932652590846961,0.8339977991828902,0.7047093364690215,0.8505525444687552,0.8084436882575595,0.8078169049226905,0.8154701573969387,0.7940976507846897,0.7510221971265367,0.7535005279969392,0.8829706644168166,0.7507208908762373,0.9009379232695507,0.6344550597989742,0.8669188082396468,0.7144698572873599,0.762326542946584,0.7208238354161678,0.8088023586855708,0.7658977603849699,0.8775603857141664,0.836824191522165,0.9091083737153676,0.8594328133789078,0.8900695468885401,0.8683107601710487,0.7061094806178221,0.8825412102847606,0.8104553091134474,0.7940443275415453,0.8844963239462621,0.8724844770351118,0.7364862079033766,0.8816130714896662,0.7595868800799754,0.6873147876261048,0.7634032570454,0.8270512021950033,0.8836963552172181,0.6505863339184106,0.9008909452374518,0.7463699214220155,0.8626251765844158,0.8938482973152476,0.731286292765,0.8303353457049263,0.8826065287520977,0.7196463968165051,0.7685803683244999,0.7776408289395279,0.644743408174551,0.8237670849416617,0.7455017548946389,0.8136659105177916,0.7831137488740006,0.7876834687609002,0.8185615069143136,0.830276281272027,0.7690217238372785,0.8410228149027188,0.7874462970935461,0.8326876094969264,0.8921997525665372,0.8649913763944389,0.709327518766598,0.7608398386077778,0.7926906486216687,0.7656405797049487,0.8130192129610416,0.9264750252439664,0.8078503979427226,0.8127774682286668,0.9323699142312706,0.7327647303633791,0.7515735884349304,0.8216865787133462,0.7686531470155459,0.8865480015577939,0.7729128201680077
0.8801685050115015,0.8497293206163445,0.7585810825037299,0.8208695882848089,0.8618634479344257,0.7994455236646877,0.0,0.7394504109151462,0.7889753864737743,0.7823887719335532,0.840414647313525,0.8929284512455555,0.7980953351420637,0.7047938233050038,0.8965391705551682,0.7813881489601122,0.8027351555622021,0.8622636504754372,0.8607460561890588,0.7921277576665092,0.8378251420988061,0.8364657349782112,0.9421537535006338,0.9055363114724589,0.8931399959644416,0.7728720609966355,0.7925025746959204,0.7950187869074444,0.7644329678731676,0.8512754610255004,0.8575164941262613,0.8172130497243771,0.8583044237163465,0.8579813936911347,0.8244651309714682,0.7472082111598637,0.8586580597589675,0.7364950194444119,0.8016889862881807,0.9274916555855538,0.818611140308641,0.8470167214492328,0.8093489179521982,0.8668589836813189,0.8126083420636752,0.8312119537402001,0.8314365795456227,0.8105093885173444,0.9486454479756807,0.7629205552948827,0.8633827573183326,0.8081616944231181,0.7256445332345528,0.8199389364222427,0.7953379056739063,0.7829831054800226,0.8142547118484851,0.8323302835713534,0.8161846690153994,0.7671898683803652,0.7025110564729857,0.6225161546012097,0.7395315323003661,0.6600089893948333,0.7413756520715405,0.701020638061167,0.7855823314570567,0.8253251772108674,0.7294354935183406,0.7689196976139502,0.803528139376098,0.7135973993821662,0.6964091106773347,0.832521580941995,0.7254202695812432,0.8212316744271417,0.7629504636026694,0.8783721365056687,0.7484143458105237,0.6918359712245845,0.7410023261479035,0.8176357739679792,0.8672126561955491,0.6623178771304213,0.7601810982817658,0.8038307992261274,0.7245146746956833,0.79216483297795,0.7852710713728195,0.7654843908828217,0.8700572313395382,0.8734005564627223,0.8349882754565511,0.7656715281725478,0.7800829701449923,0.8587066635567576,0.6351348409840417,0.8225512217843798,0.6509738348259898,0.7950993540209136,0.7265373534290137,0.6887376391780835,0.796796161480753,0.8187853588117443,0.721427379915086,0.7759769210414303,0.694353471615568,0.8285546137429216,0.8905467539181833,0.864939103060246,0.9123741954848262,0.7580662023410698,0.7523496334522739,0.6936278115408095,0.7482704386800906,0.8149350208479746,0.8523731606016702,0.8201375345685407,0.7597584582673157,0.6767639243461315,0.7575501697619538,0.6670300562889382,0.7728863530119173,0.9248045905184381,0.7091469770187512,0.8362908787621458,0.6477513035876237,0.7870264963259989,0.751319839801983,0.7686452952299353,0.7411235271889544,0.6955827639377791,0.6449296001886397,0.7527826435839713,0.7573594523787024,0.7129151512632981,0.8479826069420504,0.8646629490634422,0.8320062906245469,0.8487648294741242,0.7824261338583883,0.7254487208863021,0.868787750659266,0.7161159797694178,0.8244549830740938,0.8943869409449625,0.8349004026104033,0.7920724528783825,0.809881227119423,0.573463509648512,0.8156894187740559,0.8224318835110241,0.786236249724126,0.8072631556784363,0.8817715719808639,0.8053957284334344,0.8282525303292539,0.85209589393554,0.8323958767301612,0.7609168659008775,0.7377588584720374,0.8210162826334676,0.853889525345199,0.8645081540823261
0.8061902034983585,0.8409114275192809,0.8397987717694142,0.7920630227463638,0.6841513536071429,0.8836594253039557,0.7394504109151462,0.0,0.8299223009325599,0.8037267057049312,0.8202836184515236,0.873989520948235,0.9027871037382951,0.7085302961964453,0.7942023039835946,0.854860803357002,0.7984753591255381,0.7847938790106309,0.8099090885010408,0.8079622609573212,0.8045946251694066,0.8336394475003991,0.7501666727580338,0.7671820429166007,0.861295851927897,0.7681558419654323,0.8531977575220826,0.8095946358363195,0.717988131552729,0.8060753439853888,0.8610154084116237,0.8568173685709909,0.83136949596542,0.8230588397878889,0.726971435936699,0.7725879777952019,0.8690477939798665,0.8101586148233968,0.8050781970785938,0.7819054169607064,0.7548312725296996,0.7979415859676744,0.7951788522883151,0.7309861733794348,0.9415275963064121,0.8659021594075592,0.7321359018352145,0.7676345914540815,0.7557832309647464,0.7523600194132504,0.7932158664124681,0.7554453566934471,0.6765959351841312,0.8099374768806994,0.783914540493646,0.7874187718613442,0.7699823854445035,0.8994855857648442,0.7033154819699076,0.7921251283011966,0.9033195319461818,0.7018374699034512,0.7980382746590781,0.6507156007586242,0.6565029149042755,0.7678176662670462,0.8623429845518491,0.805532998876609,0.8017692675218675,0.9405482066762964,0.8110600137442583,0.6515230067258041,0.7162189596937342,0.8673534491450863,0.8911245316627192,0.7252595464793199,0.8220601451656638,0.7514538561128319,0.8632500176021719,0.6083414762607442,0.7470304635029474,0.8012872258017693,0.8295708980836415,0.8409490835244491,0.7424461184905554,0.903105225678233,0.9187088077509347,0.7593141960808084,0.8785287956236983,0.8428417114712023,0.7683969685475066,0.7902304800930483,0.7466435322799686,0.7096510324733544,0.7050190754892792,0.8450982245725166,0.7895940385372545,0.819669666374766,0.6019257456728092,0.84030485224312,0.7030368756923105,0.8704356100744783,0.7157706247624037,0.7774307701932348,0.7835105252727443,0.8634648095679653,0.8219335182097169,0.8336686809443453,0.8025346442227895,0.7970642992977495,0.7788521751809624,0.6980063389271572,0.807558694070939,0.8652723863018433,0.7610262994510021,0.8142348429624082,0.7650784742775735,0.7446048769294941,0.7230930382302514,0.7221925346527857,0.6547910357105367,0.8418947806282662,0.7110172349492815,0.8146385855828029,0.6169625742636085,0.8438665802829446,0.704787792736138,0.8960678453300431,0.7838659965983005,0.7591515918850535,0.8296037230010533,0.832868327321077,0.7692405663214426,0.7370970998219704,0.7914619049870625,0.6169332148288211,0.7991853274644116,0.723833057423767,0.8539258796307232,0.8453913001848934,0.7625412112307551,0.7514620923413526,0.8015120647742088,0.7646431425272062,0.7873802100080487,0.7872433284153565,0.8358686785954234,0.8287719929538258,0.8317597542303504,0.6420499236873664,0.8013457720888573,0.7089559769352042,0.7709061540634932,0.8008953115680035,0.8659348465049642,0.8886493879775733,0.7984156466452282,0.8502406416367058,0.6800897395434093,0.6913935397870574,0.7065568986468016,0.6975000703811137,0.8871026059250937,0.7331951062258656
0.9159120404866917,0.8316831701903636,0.7172320660964269,0.7045727765228152,0.758076868420793,0.7592209708721334,0.7889753864737743,0.8299223009325599,0.0,0.7018642092672431,0.7526294234151857,0.8061032063678568,0.8073029329730176,0.7435587508388264,0.8553711231124829,0.7407396047913505,0.7248656388255006,0.8771163030264437,0.7521352598252302,0.8764557184068098,0.74575851220585,0.8305721720091517,0.7959995260978546,0.8140782426712911,0.8106869372185336,0.7204780388242712,0.8394088643381362,0.7379834717654974,0.6526392582794994,0.85354225060715,0.8957735817429444,0.749014963104447,0.7785810335273964,0.7702326955089873,0.835011811400551,0.7245582752743089,0.8415956550268666,0.8032559020129137,0.764039156667758,0.8012094188154604,0.7416124177633294,0.8497178644821037,0.7583363658703124,0.7375591312713691,0.8646617184544886,0.8359535747609464,0.7969302880396862,0.7173195566059026,0.7944832233911658,0.7752474383304588,0.7489743027718087,0.7388702279189324,0.7095335275088629,0.7184120238863746,0.6850243722859228,0.851069322494842,0.790537869882427,0.7843355784789102,0.719841944498453,0.7809386725104023,0.7145584214343087,0.6589052067869087,0.7058497114278561,0.6851472222370582,0.7404642801294912,0.708201228436515,0.8219271717766375,0.8243481605194173,0.7514062863946647,0.8232734654291256,0.8559556326867828,0.7331192369847297,0.7095174937956685,0.7612004327631045,0.7588286426149796,0.7698838378701506,0.6886329951886937,0.7347854270287653,0.7969535436194335,0.5944393733791565,0.662364387773711,0.875295423400669,0.8658087910306872,0.7109012636515051,0.7206993837756336,0.9284060327829607,0.7866619383335104,0.775661670012574,0.8008514882313739,0.9178312375713166,0.8006480328575948,0.8529019286128198,0.7256681302019097,0.7291730577637381,0.756754335894268,0.8119204706528268,0.7026549681449804,0.796779233490659,0.6833579879776117,0.7814387175263013,0.724100634350608,0.6821442761358142,0.6873086813886181,0.72469533216034,0.7685596583111699,0.8068122689634647,0.6540172523618983,0.8000925921191784,0.7999052654961714,0.7886450294489727,0.7309923157776327,0.7580527446269202,0.733233568774745,0.7579121479890069,0.7448665810760726,0.8365212600983796,0.7576589039429671,0.7243489090301549,0.6202579690991449,0.7363630711656288,0.7568144213359878,0.7036962574665434,0.7668706342400461,0.8086191920644398,0.7527041001777621,0.7311800872449982,0.6678575948692693,0.8267183138126128,0.6708742964008477,0.8045144890777544,0.8635254857132348,0.710366328243492,0.7163724805917293,0.819437133800281,0.7673655275298116,0.7065120640998812,0.8684639574801318,0.8243466636812308,0.8298056554704121,0.8392941514413419,0.7057152212233179,0.7162001107328002,0.8555435289212563,0.7230580972439978,0.7678070186393677,0.8697846984222428,0.9112710840207703,0.7067545950005583,0.7778555738689567,0.5956683560020336,0.8270213612683919,0.6976736489563962,0.7806551239698398,0.7996514922656263,0.7767086101708244,0.8856733281329547,0.7964154247015001,0.7756915483520777,0.7315356918073798,0.6418214962290032,0.630813084170115,0.7967940216913404,0.8982487204131828,0.8428958942253799
0.7156384114969196,0.8839011124423777,0.889964471538642,0.7129649114340094,0.6887626001737848,0.8502219008241817,0.7823887719335532,0.8037267057049312,0.7018642092672431,0.0,0.8031455803410843,0.8854622245018695,0.8179497149808773,0.67101742904746,0.7388165258204947,0.8305999769540947,0.7942056070070399,0.725667647341808,0.795952157517633,0.7356326773581756,0.7740379462275773,0.8234902901061044,0.7980571177846891,0.7626798056835608,0.928342010703383,0.6469848752218144,0.7928207821137027,0.7751451237735625,0.8832029639907822,0.7834955425658049,0.773613782594736,0.8476476955439318,0.7556066225145306,0.7703246518226387,0.6880947056999196,0.7232976936583961,0.7909316269931772,0.7070584457991537,0.7383169317993402,0.7662186063706089,0.7247197891724821,0.8086067443791405,0.7165697501937591,0.7213389585803116,0.8050889711906767,0.7328297387801643,0.7529350106125157,0.7686156941031017,0.7947134131406498,0.6608138315136687,0.7012279050849072,0.6749932851017509,0.6339952739225262,0.7722928247226378,0.7847207795433212,0.7727724870460897,0.6682471680681785,0.8212097708651569,0.7549558010318994,0.6903652788545411,0.7553583150364173,0.5926868463577423,0.6671548873601783,0.6600461000506515,0.5892619839582492,0.6285546874904729,0.7153646730951427,0.7453043350948647,0.7782760375420673,0.7832781216295348,0.6683112538614734,0.6177704390192157,0.6214048966865504,0.7743338388307672,0.7916679676887253,0.708453171896823,0.719975720776252,0.7962552740189907,0.6634522246193061,0.6159876350863405,0.7776640835320403,0.6525331253306622,0.8205084431121974,0.7271802924031837,0.6318745898535121,0.773696756167565,0.7242994463308137,0.6682944659127094,0.7836705915867882,0.722457254306416,0.6855189008421325,0.7401565233525982,0.7554645990395565,0.6315441793542872,0.6274916437238051,0.8787915084596442,0.6363352402610258,0.8252704072838217,0.563187950525581,0.7286887055421643,0.6656711193212573,0.7200220793450154,0.6459892480261008,0.8792025935978985,0.6405330900463172,0.7400462099246328,0.7265813297218391,0.9128402117315092,0.7856274397977719,0.8553763735881958,0.7724042140262847,0.5983097137203034,0.7041614211464997,0.758250661822681,0.6338332373835209,0.72672856401594,0.7949345883133084,0.8252095879496558,0.7900778999737637,0.6444882188188075,0.6011326067736096,0.6389732768021145,0.6783990154781089,0.7707629790134535,0.5871390698554358,0.8886856454650471,0.602476322229826,0.7697064049893524,0.8444960998822526,0.695411346936248,0.8174170016239106,0.7322192516145973,0.6146148102286051,0.6171084058219048,0.7389173784489972,0.605524789547012,0.8028759248545063,0.6799242720380249,0.8562346035588948,0.7563693118474465,0.7458951415383709,0.7546276558237331,0.7241900415009984,0.7016593011365415,0.7794621116759555,0.7301429299023621,0.7361155575411592,0.8716911486266515,0.9562673863993139,0.6536692072502411,0.6570483290692809,0.7863378840832351,0.7112411107000156,0.8572101083181504,0.8794753657186973,0.7481255304355489,0.7507258112978082,0.8282948325414534,0.6624510688874694,0.6402827378429684,0.8536477266894684,0.6812971861587289,0.8467426889524113,0.6571926981784753
0.859931291439588,0.851587331967672,0.8717079033946402,0.8318702271114828,0.8376790229573096,0.8705435567794709,0.840414647313525,0.8202836184515236,0.7526294234151857,0.8031455803410843,0.0,0.9014939818287537,0.882284197152944,0.7460859941117874,0.8581622423429587,0.9168111251701139,0.8997120316928995,0.8547033546612298,0.9075755471539002,0.8549741743276505,0.9193669778697048,0.9176000691256535,0.8023689111031675,0.870389210873516,0.892510529546001,0.8106825466096566,0.7861043325396895,0.8469358010476236,0.8460687514663227,0.8097317705697337,0.847373204825448,0.9015262733597293,0.8525302184914036,0.8189110123581449,0.8134558665025957,0.8243909288406865,0.8985813257408874,0.8633572314859986,0.9060339763025554,0.8811158507490372,0.8436922428592928,0.7995744530198343,0.8928655521265765,0.8947614200074432,0.8538142787171685,0.8200349471049863,0.7364026943613795,0.9453214079338852,0.8940062439960005,0.837553093412859,0.9048738522071823,0.8116427186872186,0.7539519486313168,0.9167526844175617,0.9196280700665588,0.7005444466035557,0.8751962230843652,0.9227506701204774,0.8277401303625199,0.7995651217462282,0.8653429620795574,0.6739623808888122,0.8707194354221375,0.7169955652317207,0.7528407508952005,0.792273340686164,0.8246184585778507,0.8191218035331064,0.8497193794711911,0.86889681680917,0.8396444358338497,0.7298225243185341,0.7710538088554578,0.9177371972098273,0.8777421645033614,0.7652687705899317,0.8809892109471187,0.8526897511086269,0.8132002420694395,0.7187549650467049,0.8307191645635424,0.8005019443108754,0.8203786050097731,0.8075463464075553,0.8216557799451076,0.8246458633429783,0.8515055816842578,0.800980738300946,0.7723025047395183,0.7167575911003456,0.8671286703747825,0.7697555517626632,0.9110333033460906,0.8009776384335753,0.8162468715874472,0.8523126806141585,0.7641761364441624,0.7624167470902071,0.6474046434671545,0.7631933076881999,0.7846523482172254,0.8336926301300658,0.7497541229501896,0.7904856799961585,0.7984313102301794,0.7966364309291559,0.8231186573232654,0.8125431441864954,0.8458789876001015,0.8669568075056188,0.9220921441620552,0.794545054903175,0.8229184104474148,0.8197465749508561,0.7924262006464563,0.7812492970491083,0.811523840061344,0.8897024466869373,0.8438227437924394,0.673564892560129,0.788765679051576,0.7366702631124877,0.7912205546841123,0.8917789603964706,0.7238548490843248,0.9113642562641971,0.6726356175811715,0.8315932583609199,0.8409642736158903,0.8181128908798658,0.7138112399395912,0.857812771092316,0.7580195263939341,0.7851081264301127,0.8859844706027216,0.7554818650962692,0.818911271504597,0.8194285109416125,0.9025872510413102,0.8859087368701398,0.8186697732068724,0.8269751493080867,0.8106267360807878,0.8343275159824254,0.9204129830137591,0.7757552984753319,0.8282266594215001,0.827953888773462,0.8549625677414997,0.6556100800748456,0.8531927384418059,0.8405998609782401,0.879469616980787,0.7563536930833819,0.8810298182403298,0.8534291691382025,0.8755793921733789,0.8261289075832301,0.7954798245800512,0.7946258603552517,0.7444918933817644,0.7886442697639537,0.8327779956403129,0.8682267222475628
0.8384685419764597,0.9464911939346256,0.8920716164203899,0.831925942898369,0.8161561294683232,0.9153251492205745,0.8929284512455555,0.873989520948235,0.8061032063678568,0.8854622245018695,0.9014939818287537,0.0,0.8657320812069408,0.7133114792939327,0.8801491297068401,0.8843857709311049,0.866721512545816,0.8104059832540176,0.9222758667568187,0.8349003875826724,0.9048662138723959,0.9131134076607815,0.8672340716480281,0.9009913395908649,0.9496953285659339,0.766157210089788,0.8256269084933748,0.8286382249506222,0.8518824288823023,0.8667195582151768,0.9013250877438768,0.8907218880505681,0.8940579781343776,0.8795536784934777,0.797024846793777,0.8209453086356748,0.8792866870240904,0.803797071892692,0.887554306236161,0.8855626238244312,0.8672828757956511,0.8669793553311991,0.822795560948731,0.8552817303184508,0.9015350946815393,0.85248953651361,0.816388773290963,0.8565547797603975,0.881104101585199,0.7857910078247896,0.8519422606474245,0.8137855070648918,0.7295366725603952,0.8990852385182743,0.8640472383978168,0.8098818951722279,0.8155631934890927,0.9400625140808893,0.7820221904809378,0.8065262062299762,0.8202100103498694,0.6587838602327978,0.7843636088485149,0.6936307335060841,0.6990381727727284,0.7215009885519891,0.8071880599680957,0.8123224423035135,0.7685940799761799,0.8472914995814278,0.8056545048468331,0.6872581131711437,0.6920201323128942,0.8805350081538148,0.8518811332587155,0.7658305331351295,0.8098458606038591,0.8823639408959094,0.7995132211685227,0.6709995083804347,0.8082229539813142,0.8098585105987361,0.9025438607827962,0.7636594891931003,0.7601726981717448,0.8909519218856108,0.8014854002923539,0.7485316006479884,0.8282932168365322,0.816280478049926,0.8268936964489995,0.862785359951254,0.8606350991894895,0.7493905961690887,0.7438078617783921,0.9293679143752989,0.7324308575210521,0.8810608979940998,0.6336678348653575,0.8119644327732854,0.7420890882113919,0.7803432297786715,0.7416008936834113,0.8809566876023227,0.7506652235502468,0.8349286962952265,0.7965712230686937,0.9003942847182291,0.8911507117563975,0.918815840607911,0.9133912703006918,0.7330559621265034,0.772810692600114,0.7896461261292455,0.7516675153978012,0.8352562542279994,0.8519007365637147,0.8509483722335595,0.8159842945687745,0.6942484957379793,0.7285829505884406,0.7244866527784793,0.7707461301173797,0.9140705422865939,0.6699429039842695,0.9409588792126011,0.6738595977694546,0.8838515619645868,0.8656275826660114,0.7751986976552604,0.8161707232892014,0.8109373471102382,0.6803963012458218,0.766737579908412,0.83867266583381,0.6872263626522571,0.8801292154084404,0.8114365849202455,0.9035844438775377,0.8954892675672,0.7964685006477928,0.7965829246340066,0.8609085545935403,0.7911725886621047,0.8771273441412591,0.8247962025986134,0.8891397079927441,0.8841658607372606,0.9221663443157155,0.6595956552959289,0.8074546959917885,0.8322877600435046,0.8363055613862366,0.8659017621464754,0.9666202437351088,0.8500534472354827,0.8375113929334783,0.9050153978177957,0.758454570946225,0.7170076717656076,0.7624909948453578,0.7732061433754556,0.9314069014040894,0.812395459039275
