0,1,2,3,4,5,6,7,8,9,10,11,12,13,14,15,16,17,18,19,20,21,22,23,24,25,26,27,28,29,30,31,32,33,34,35,36,37,38,39,40,41,42,43,44,45,46,47,48,49,50,51,52,53,54,55,56,57,58,59,60,61,62,63,64,65,66,67,68,69,70,71,72,73,74,75,76,77,78,79,80,81,82,83,84,85,86,87,88,89,90,91,92,93,94,95,96,97,98,99,100,101,102,103,104,105,106,107,108,109,110,111,112,113,114,115,116,117,118,119,120,121,122,123,124,125,126,127,128,129,130,131,132,133,134,135,136,137,138,139,140,141,142,143,144,145,146,147,148,149,150,151,152,153,154,155,156,157,158,159,160,161,162,163
0.0,0.5771862720621072,0.5144617318587741,0.49437131284538716,0.5051306423830518,0.5477798597413562,0.5258750061081346,0.49162479091361816,0.5887003651850979,0.5126567565697348,0.576585727119026,0.5391705711616891,0.5774051275991043,0.5365542477770072,0.5358430842279707,0.5723652811269112,0.5603357669664899,0.6511063360451839,0.5662535155701784,0.7466974138675126,0.6043116519851313,0.5966061192451713,0.49348704433369717,0.5485093087973315,0.6526833346800801,0.5139864965701869,0.447993144811805,0.5396296107947547,0.47642605861479037,0.5013773525660365,0.6236195828593181,0.5860235636831173,0.49582888502544914,0.5614792238671633,0.6405683960628834,0.5092999769068408,0.6555880033474698,0.5727829276377694,0.5197517357931882,0.49006919677207056,0.4937422930741419,0.5489233224576304,0.5716689483439673,0.6111981744138337,0.5828181159259785,0.5795631960541457,0.5135065129968018,0.5661012347328055,0.6093403370253379,0.5544057531059827,0.5823797860697484,0.592846021189195,0.5060384342798548,0.5659508416782626,0.520846540377167,0.5238344059589866,0.6380689384369191,0.5236223211896475,0.5403735367816723,0.5483924082497789,0.5098502157793818,0.4739048594801863,0.5350736310658831,0.48460436663839646,0.5657542217256566,0.5780989202524445,0.5646943583101567,0.641785063314473,0.5423309262607562,0.5515394996957259,0.6764689089645138,0.5606350698759885,0.5364577602469731,0.5715779848591505,0.5572139594094075,0.6358459035996115,0.4968570673984581,0.5302804323657355,0.5477724520277569,0.48258553881517324,0.5192264149911813,0.6244869367460232,0.57595268897635,0.5197548141515247,0.5275953855385728,0.6035645658047056,0.512863105375106,0.5531639396117698,0.5676646317265778,0.5279619890879217,0.5656919571355238,0.5702906058076869,0.5393088860955686,0.6156891352493531,0.5524021751286469,0.5969705511944978,0.5056095461894494,0.5454061651920351,0.47882470377301695,0.5541043064946504,0.5670556255304173,0.4497316832164201,0.4977826885131546,0.5243316400836714,0.5565285796832318,0.5618575832795809,0.497877504142023,0.5410424276814515,0.5244760006010734,0.5888642418870685,0.6020137268000224,0.5270038196990058,0.5619129038780255,0.5046000619766446,0.557517747730414,0.5408550928473906,0.5615666152232226,0.5653584854518443,0.49547159917018196,0.5232379649894573,0.5495286597296767,0.4550781134878772,0.5715023927367813,0.6566567698582182,0.536804839442606,0.5598061467514026,0.4702485485417355,0.5026274462086919,0.5253876141921612,0.5422036225434782,0.5022327893190348,0.5232038178683959,0.5199858599202052,0.5800928030405376,0.5995426908108169,0.5273376030420546,0.6088612161979122,0.5204314930710795,0.504273507597535,0.5571197195970085,0.5306697762145938,0.5650073235631811,0.601696451943321,0.4987156373937001,0.6133380144410576,0.567612714076199,0.5649807996615702,0.5033048675406944,0.6051628322289367,0.4136349541518145,0.6352001332104116,0.5279246882010808,0.5699733546383962,0.44557776769964874,0.570800361511084,0.653453096892098,0.5155373545281968,0.5452781253439047,0.4971156324629292,0.5204125716997292,0.4824360929644342,0.6061961750525895,0.4809721230110093,0.6671362455926119
0.5771862720621072,0.0,0.5774838043952886,0.5152834960356384,0.495493639192517,0.5250880562775583,0.5634610996902889,0.4824610146937173,0.5262156692308272,0.6491379066100474,0.535471863521253,0.5648270672221951,0.5609215029099305,0.5512306128273765,0.5369230603817041,0.5539182519131504,0.5703502111878831,0.5933103554751193,0.509622902994793,0.5746722732077261,0.5621696053327553,0.6338595378481782,0.5450840774250785,0.6123827996419835,0.6207562205084016,0.49351370456028076,0.5141443136709737,0.543419320766946,0.5929578271492549,0.4931524678813947,0.5406167532539933,0.5126811839942226,0.5531886557029211,0.531692837114389,0.5508307832853332,0.5005060470647239,0.5525834664812285,0.5373331167566577,0.48914596338486577,0.56094046978695,0.5488601337960262,0.5491460433950318,0.4678980233095185,0.5265770131684094,0.574691518372656,0.5679120219207653,0.5328928215006113,0.48295701199234065,0.5794530041931354,0.4890794065850663,0.5069402836052922,0.5540913290114853,0.4969639207576605,0.562474046491898,0.4924273640185194,0.5588868698506685,0.5339961504862831,0.5005447951697858,0.5212813467327143,0.5514911078718172,0.4739737129578004,0.435858446340472,0.45635616109754273,0.47445611381322134,0.4674309863622423,0.47757936594801675,0.5412464032340071,0.5501520968653618,0.5051754414781204,0.4949419296177993,0.5338936297788448,0.5209557815761896,0.45883843848948663,0.5460233389104937,0.5393019567067682,0.5366830846584405,0.4600200827856562,0.6045029379698469,0.504629409517359,0.4529338424907502,0.5014031893786612,0.519543777984394,0.6551436329717875,0.506638725793649,0.4723588388964792,0.6545753403102217,0.4282483887429683,0.4666528211201026,0.5559449900196615,0.5765691469150847,0.5172680170557763,0.5450636914732825,0.5191442634700394,0.5108742766865106,0.5169253732405092,0.6462499308791066,0.4418170087218715,0.5639080043848297,0.4430708024089725,0.5659942902322621,0.5282165950799472,0.39898728559378865,0.44532527483257356,0.5809253197590798,0.4762320138078437,0.5609075448455894,0.47119881776932754,0.6261220728107832,0.5886451331035689,0.6221172556616299,0.5331266015678039,0.46957995610230047,0.4838137010175125,0.49682127762687817,0.5214678577750065,0.6369085163644188,0.5341247568378809,0.5034032988115509,0.4936524559507393,0.5341619997447297,0.5103678261173696,0.4275176830864891,0.5046293872466032,0.6338132586297768,0.4604551437483045,0.6179620578492239,0.45028164856822045,0.5152742691260912,0.5738731319995259,0.5422103549813128,0.5495127457287343,0.48316200107818735,0.46362991250827856,0.5197634546490478,0.5126947982256118,0.4620030323349326,0.6121850156036477,0.5404522266838558,0.563422534717611,0.5162019758917632,0.5222747664367635,0.5224310200278578,0.5969147774828508,0.4652288372468148,0.568483864508361,0.49655816070754427,0.5477468861398083,0.572781010590675,0.6448649706749322,0.4329903952951866,0.4862213496772043,0.5278223742831119,0.5442657091448552,0.5402671227139951,0.596611490934886,0.5555751512538244,0.5125301816303293,0.6033997752899936,0.5081636905405151,0.46033795928202376,0.5342893798733502,0.5274399912297641,0.4820866168467219,0.5640648133105984
0.5144617318587741,0.5774838043952886,0.0,0.5293025821115683,0.4837045982451547,0.5510766995833243,0.49138573699794413,0.5456255612652542,0.47323872903958114,0.6232007427021008,0.5473332500133042,0.5346005619605662,0.598674942530028,0.504369156955397,0.48817835547980265,0.6384714876511265,0.5887444203143395,0.54916426530063,0.47728722644889454,0.5074915814536964,0.597958128909285,0.6224183850248859,0.47831417093953693,0.5131580309968549,0.5728695216280243,0.5621829037597894,0.4925614256657789,0.5110884661919582,0.5146336935258538,0.465265583378752,0.4892678340993923,0.5363196571096112,0.5295057657134917,0.4981624205063872,0.4650826638597521,0.5089921315023349,0.55942214450072,0.5369178165592665,0.47749428844749064,0.5173329743194832,0.511565648802663,0.5244886297511964,0.5085441432171655,0.4981146613349661,0.5967440099140197,0.5700257833006569,0.5133564696394883,0.49849957926022365,0.510248738326116,0.4953388477989659,0.5330818547166489,0.5659945293430114,0.45413045120523876,0.5817113524945082,0.5071162622815064,0.4973669650953926,0.5109591937475255,0.5603795069293904,0.49594846773323825,0.5219975202323314,0.5269667453017981,0.46422859628767427,0.5144290155548334,0.4539648922853914,0.44684227522584935,0.5005658520411388,0.549229456254388,0.6006198933482754,0.5785108835647088,0.5527772689905022,0.5549439911804706,0.4645269127123133,0.4715410468360571,0.6182341901401847,0.5773701830809093,0.46429399230814816,0.5253790129643783,0.5889665919913903,0.5236624324531818,0.43018465338098766,0.5099622046632659,0.512790709313001,0.5694754011076912,0.5359186794807484,0.4798452126090253,0.5981406891756038,0.4671164606232902,0.47573779618931605,0.5377608694085424,0.5069577399082075,0.5401912428958858,0.48794101650290805,0.49782682180475546,0.46161329271183765,0.5032440165139411,0.5851499209623555,0.46866428828936235,0.528437818546095,0.4141082519294583,0.5573299535132338,0.4661407108801708,0.4658994660699315,0.4665319452403605,0.5473800822219572,0.486478238229535,0.6295214350680687,0.5358735349632853,0.5678567013446365,0.5554611750408573,0.5416123280025845,0.5200267738786886,0.46987697784404275,0.5048349884997367,0.5119383914547287,0.5108017181893593,0.5728674284741284,0.47620057374351654,0.4861636359942738,0.5352207294649503,0.5139192568064311,0.4742094488821283,0.48190685484262924,0.4631857629633214,0.5751602957954369,0.4066669747036362,0.5981971911804365,0.47686415430129675,0.5532898974591254,0.5789141189376424,0.5290278833960039,0.5009932552504165,0.5622173787459779,0.46271692710922685,0.47079705333491495,0.5011611263937436,0.4222971704659249,0.4977582149697492,0.47748990426875265,0.540190450163584,0.5027794112360816,0.4995291307148231,0.5185291490839337,0.5338416991256955,0.4839684314584852,0.5501102688543938,0.49559947210619226,0.5223633171209541,0.5789609403927936,0.597187931336843,0.42780525188897406,0.46666781041576516,0.46624388320979243,0.5197424767321418,0.542511549267332,0.5987466518586789,0.5529948915016987,0.46273063824401456,0.6254996015215991,0.43664287332549007,0.4662798594489239,0.525719653482573,0.45264420523294063,0.47560728971984706,0.5035134821385069
0.49437131284538716,0.5152834960356384,0.5293025821115683,0.0,0.4665056606880853,0.46738680324478243,0.5331756351295522,0.49869040676583243,0.43195025539113346,0.5132486464266346,0.5720187821628615,0.49078806158143384,0.5370232997132223,0.5482020635616731,0.5048885657630338,0.5458029860211113,0.5688733078907307,0.5633327406009797,0.4890986059952084,0.47536944289428096,0.5530582931563787,0.529743194291072,0.5253305226565858,0.4980623609393167,0.5188436145061265,0.6141574760273275,0.5519562043757575,0.5690249409058296,0.5156228041615329,0.42058641798242963,0.47594651197399956,0.49578302882942693,0.65372897642316,0.5274271442939745,0.49045534115319944,0.5492761151039366,0.5214343877431871,0.5557444924862391,0.4972318765651926,0.5796288081337544,0.5710151524098895,0.45059504806818573,0.49750891346814036,0.5184154211679352,0.5703369143697,0.5615462444366198,0.43264987542600425,0.47710653796266794,0.5490119851440664,0.5036253545336719,0.5831122190633502,0.5574033616185358,0.47577030881852894,0.6626456239628346,0.5818304966722945,0.42500785910461125,0.532519300976808,0.5238292061364201,0.5240675676014309,0.5663561116656479,0.531842980370467,0.46238046681547695,0.5131557097390482,0.4610876132139115,0.45374041713849883,0.5001367438548183,0.5823117706765628,0.49611025150025434,0.560364502809067,0.5344042634466855,0.5149918458099089,0.5081167910486188,0.4905311715336408,0.6360878649868352,0.543917272941812,0.4707416693467014,0.5610831010059258,0.572384345031589,0.554434725276497,0.425817223118004,0.46678167362135264,0.5149080147778805,0.47440322128588946,0.5345854918211791,0.5097165362963932,0.5380549847918451,0.45291515168415647,0.5111698486348255,0.535261429288935,0.44904722543477965,0.5800386342963025,0.49223741927248643,0.5377497396034541,0.48777221378643354,0.5556689503492441,0.5102962989610789,0.45974024098454036,0.4856784774284217,0.43196940846669196,0.5965764057401982,0.5182136566478506,0.46368860721141336,0.5318336609658287,0.5186821119741851,0.5171160336466373,0.5366384899411009,0.5303301235121888,0.5055820977338413,0.569485610840979,0.46226938491556047,0.5570118378176525,0.5091324172321763,0.5002904823009158,0.5373683888494848,0.5826360950411624,0.5427444033442561,0.47389451526900644,0.4689383534679224,0.5322815471264777,0.5467795878685717,0.4892559278648672,0.5309886680550197,0.44708712645914755,0.568445592004335,0.41436570223140823,0.5879985042890213,0.4843115268527644,0.5004597162375439,0.5755427655583095,0.5506450956022746,0.4240084240656366,0.4869356061210673,0.5044766791205489,0.5026038235307061,0.48137494144750276,0.4166323222097811,0.43211065734279785,0.5345580476736979,0.5692483351656653,0.5145984727203816,0.5859853921513796,0.488204010718054,0.5550468827725908,0.4996529924684814,0.5468789126469731,0.47664206649019214,0.4562535624897911,0.5389584069777499,0.4924602966378674,0.4132697953441408,0.5074284239262774,0.494312080931551,0.5479093061259726,0.45264539394177405,0.5661528026069585,0.5180697267769,0.46735380879165256,0.5342398817685419,0.5459272296164199,0.5266341601039912,0.5155002915290215,0.4653188548130468,0.4774912804448618,0.5228213559242259
0.5051306423830518,0.495493639192517,0.4837045982451547,0.4665056606880853,0.0,0.41970817918025133,0.5555579743812814,0.41303459775432905,0.4786698902299398,0.44995468213348483,0.4914496869662219,0.5159603724277373,0.43205816392395413,0.4672534167845557,0.5462864044182474,0.4859391481619076,0.4935214797811145,0.5285925455156385,0.4842741732638817,0.4919779693005982,0.5529000565595563,0.5538706455937586,0.5005523672510924,0.5187103483404462,0.4856999009436083,0.4874884415829372,0.4369686102928885,0.4304530739519167,0.4637677374146889,0.4805303751921211,0.5110922529771049,0.45991034610550796,0.48363703911866474,0.4621907905533042,0.5236751991689724,0.5300031935676973,0.46859692225652966,0.5130367516766182,0.532186275119744,0.47923341410429515,0.5364323800204729,0.47816192319212864,0.5200710116788668,0.5546316670119652,0.47496833821036405,0.4937431374688085,0.5237693489198929,0.4705524325131634,0.5455709745376436,0.5517908465089197,0.5400074997596144,0.5132671417737287,0.4674858728038293,0.5273289223448326,0.4963100156243006,0.43002984508067843,0.5242364821669402,0.49796550627446684,0.4908470828938182,0.5101473411637576,0.39473930007684943,0.43929301128469694,0.4562889280632781,0.49568667525274174,0.5064561797279965,0.4398004381209811,0.44807977023431206,0.49428144417376707,0.49054662705749397,0.4380774810519937,0.5256460634927193,0.5070509882448817,0.43186982670608287,0.49351697570049474,0.44833404938925187,0.4439517077153156,0.4478283168201628,0.5838461126739984,0.4669275530840632,0.3991047509894432,0.42837450017785217,0.5480365983091305,0.5050931556930699,0.41189847441275684,0.4735101630637014,0.5000606178562829,0.3920903132614059,0.49325677111379923,0.4411700770388683,0.43889218073272196,0.6043859526939764,0.5335350349940022,0.5703342754620594,0.4553274880430128,0.5084611389190685,0.5011708355784568,0.4252048352644952,0.4661930618717209,0.47753503297014294,0.4505339642757251,0.47585017499749743,0.3995332630322246,0.48288358986740265,0.5058175899518961,0.4789887633078224,0.4886902074158623,0.44550322641838436,0.454283009136877,0.519047338423289,0.46376115738163176,0.5297299692964893,0.5317398151971783,0.41359253001803314,0.4502748128084186,0.47252745588046474,0.4712976749206207,0.4432180544156147,0.5349964102848072,0.44149355263599305,0.4614740797078506,0.6199856034119356,0.4203699102486276,0.43828976107232864,0.5379541554931488,0.44514042103489543,0.48832411749810456,0.4430856028402646,0.4777222097811616,0.4728558092272748,0.5169097867829204,0.4258304035771159,0.45553275217127853,0.3985203351129099,0.5039400520733276,0.4805766624900378,0.4788671233114317,0.47733251127511556,0.5471130924741032,0.4811860577277494,0.5372924004483813,0.4383930253185819,0.4886569919299031,0.5403077187866849,0.49746728789077294,0.5317385051627518,0.5129122189049036,0.56174373351481,0.46008224263120906,0.4986483032532263,0.4012368025708561,0.47753122053204117,0.4699833049325771,0.5788015704458508,0.4725676375299012,0.5106576896708873,0.4700752346540012,0.40437366723257173,0.46754253049802413,0.44472819695143645,0.44245344088576233,0.4281586644091406,0.46454686923824695,0.45987193435195045,0.5573822317621931
0.5477798597413562,0.5250880562775583,0.5510766995833243,0.46738680324478243,0.41970817918025133,0.0,0.43353731365804854,0.5263598827859988,0.5022084045631964,0.5416638979692837,0.5122462535667548,0.5330258426287708,0.5658335953259558,0.45588003486961987,0.41810925892718326,0.5997970047434332,0.5484022482559089,0.48708564597801396,0.5233544890926625,0.5242006010795655,0.5645425009441755,0.49550423618867934,0.4259975213525586,0.44478435298589386,0.6185196894913302,0.47468917497595653,0.4090793115742931,0.5156382930769569,0.45248998023112863,0.4856716930077613,0.5004538783240301,0.589876914466709,0.4481132153779178,0.5242481750241996,0.46019884500565894,0.45199640895229326,0.5694714814868839,0.5048636724088511,0.44567985887310024,0.42360417130649497,0.4374699495142216,0.5600184840874028,0.47790145170780063,0.49782179629315554,0.512890731165496,0.504567839071919,0.4713503973952524,0.49772502042137945,0.470052141784613,0.44998179793953247,0.49790438019985983,0.5664437309047788,0.4402930588846172,0.5064790349820159,0.4632088015865831,0.5633579907390862,0.5116444370503519,0.5656446315122831,0.4396152510107389,0.4676380486284338,0.5423082739048763,0.4675627932932369,0.5245844229510754,0.4142580922224141,0.43932173452007217,0.5215996428883704,0.5011386281296326,0.5540410672244721,0.4736438079961392,0.5557804987299153,0.5342617011179372,0.4374127794694711,0.501251403856782,0.5263956310343044,0.6031637173468786,0.5249473027631463,0.4782850737630498,0.49353803018412346,0.5011460634588597,0.5183039210405354,0.5825773764764066,0.5022510980715269,0.5468824678608538,0.5511352059771959,0.4982975984333671,0.5496856148249258,0.5489132476991554,0.45250806220354345,0.5631630165807916,0.5098897929403667,0.4860949216146741,0.4951045924062141,0.45122095682019947,0.502138531299601,0.47638910828058617,0.5725529947340827,0.48700333912929367,0.5710057222567616,0.41828656035689477,0.5193309570501214,0.45888757423885995,0.455212544739903,0.454331401510749,0.5076215289520651,0.4896646286183858,0.5499230687666152,0.5099423776672337,0.5675154870414248,0.45344309411854894,0.5513315695389683,0.5306289206976659,0.45027346450403893,0.5841607361015588,0.5179385494550797,0.48514489318986265,0.5235874597398987,0.5445168840693052,0.45403310268601343,0.52694158559327,0.525143087688036,0.42970049593694504,0.4720679266656219,0.5281642214137707,0.5662999405325498,0.44002040304961576,0.5400989377779559,0.46613348554696643,0.4763946899729625,0.5358470303854413,0.43691457080268886,0.5509759481945471,0.5951837802401689,0.4995890824767374,0.49870349942434233,0.48617933851414047,0.4136221641584096,0.5151342174046886,0.40616247269588773,0.42469730043232157,0.4815444052201234,0.47495101431677156,0.5428782746630286,0.5067247599912414,0.46063218578304044,0.5309411945691408,0.4754109432614551,0.4930920419902763,0.5195352896159957,0.5812558991043143,0.4448582080344527,0.4998353157208731,0.4838871759400431,0.4593329144175341,0.41531738559818315,0.5905277225944439,0.5467269534961818,0.4559341937011879,0.6151086868892307,0.4086692084166964,0.4946995261493546,0.4747536668251576,0.5203179511543997,0.4786407470911646,0.5025259460849529
0.5258750061081346,0.5634610996902889,0.49138573699794413,0.5331756351295522,0.5555579743812814,0.43353731365804854,0.0,0.4234439821338584,0.45674282483733564,0.5330635099120928,0.5113818945768135,0.5217417356969775,0.49054180370323225,0.5183825991586172,0.5478341578509078,0.49569563067643047,0.5273042006009605,0.5698774327848352,0.48362558470762373,0.4926039103381193,0.5244072458188573,0.5527892484269553,0.6647666352685191,0.589600731259516,0.5367783904107002,0.4980851569986633,0.5250848413320135,0.5128818219884631,0.5113659449063046,0.46870214892748335,0.4917539340475947,0.49012267744766613,0.5259856777003818,0.5421071969873892,0.52474869761339,0.49486847302395676,0.5044230503371128,0.4765635425885656,0.4755231984308577,0.5951958352821531,0.5083634641460584,0.4954868019039938,0.46962515285825596,0.5129534754500908,0.5242398962907548,0.5331075152003044,0.5082601848634559,0.4539836844854596,0.6843909810513578,0.4933049196234086,0.5389866793121656,0.5039289592815086,0.46497435080326494,0.5454436431278797,0.5084379743891175,0.45804028640893396,0.5124266482149794,0.4670364727604645,0.5595919884994208,0.544580809852585,0.42047090150998107,0.4176800983163702,0.42718887036808995,0.46741365432508636,0.46461441199486,0.44490838970231505,0.5161045220219503,0.5055520192332389,0.49672890512865636,0.4441449106462194,0.4920555008533054,0.5061221462207608,0.44638397334351715,0.5479008052959742,0.45418281594018806,0.48979110951758814,0.4855653513058929,0.6272889263220832,0.4520940862071532,0.40730891967328,0.4232323664424401,0.5051255852954506,0.5217380645399918,0.41934397449781585,0.4603719285739164,0.5014568686522193,0.3917145084993787,0.5015708147376237,0.49633412609392186,0.465555247998554,0.554833072871511,0.5389766485161647,0.5417108952795952,0.4778196931805137,0.5101034200050237,0.5164883281124769,0.39622589148566884,0.48709714201344595,0.43842313940213634,0.5439535240784306,0.4894683098354432,0.39540222262597824,0.47644018858655823,0.5078081646272219,0.4547158240635311,0.5012385650409592,0.44946423603063357,0.506693944310954,0.5824246215248856,0.516798307773722,0.5741425870456246,0.47828828078788616,0.44407536617751947,0.45401097157505405,0.4816105892824572,0.5345188922238693,0.47280656804063587,0.5340057241538412,0.4678927093353311,0.47719689202864557,0.5144633833726057,0.4058038372688391,0.4485547791427142,0.5791504694551983,0.4216976671345853,0.5232932065935696,0.4490049881069512,0.48466259773389747,0.49888614041624857,0.5140901454338628,0.44059825424270055,0.4274121605950627,0.41767073842137487,0.46639330363786347,0.45924276534964825,0.4305806421623628,0.482588359769115,0.5681555446105642,0.53811347126581,0.49395582600300797,0.46766988520480723,0.4763528821675148,0.5937880176573089,0.4533175980826871,0.5134333991619678,0.5390807651434819,0.4814689462842841,0.48998715069755366,0.5113008082081548,0.38221537890445173,0.4677184174655879,0.4731851505532019,0.5551438640061312,0.5322746714913595,0.5183688461414154,0.4845032727440519,0.47257772835443956,0.5134767448976961,0.5127805572283448,0.4838976618096757,0.4655182108266847,0.466916791213122,0.4419328193647452,0.5353569528251847
0.49162479091361816,0.4824610146937173,0.5456255612652542,0.49869040676583243,0.41303459775432905,0.5263598827859988,0.4234439821338584,0.0,0.508967840641304,0.49140523425292726,0.49675506446725065,0.5313917930764991,0.5464445631171996,0.4355165834937231,0.46423393221645287,0.5688298206027425,0.4890257964028517,0.4939914823667044,0.48188244702631844,0.4837661934027095,0.5059450679160787,0.5081895584965773,0.4352819155552615,0.4363959822711912,0.525198933763419,0.49789718923874476,0.48422974233929206,0.49072657283386345,0.4124959670214113,0.48163387077436487,0.5310768095939287,0.5081334544687679,0.49396977731990144,0.4896449085742976,0.4293434214292335,0.4690433891863461,0.5455708620203391,0.5149735067392257,0.48859272631833733,0.4302999250777169,0.44870043333237536,0.4599074046019846,0.5085216524432296,0.44192298960108667,0.6133845683173348,0.5457534989145293,0.42937812483903837,0.44719701875508167,0.4510086857388412,0.4616398998737002,0.49804747850903053,0.48563259052868296,0.41316338780110523,0.5067156465099486,0.47635191031793717,0.45313823312781093,0.4879842180802266,0.5949191859249359,0.41859740095990416,0.4944340490541419,0.5744572068873918,0.457115371542639,0.5092795043790233,0.3983459469024121,0.4175678860045145,0.4870313176374513,0.5053685270029784,0.5225923082886278,0.5090172733931663,0.7196746404032021,0.5252905381993893,0.42317567760422936,0.43342908733089847,0.54185409434316,0.570592055163749,0.4442791822497537,0.5184852044257499,0.4701690005540848,0.5603388109294467,0.39048577570955634,0.44351369173637123,0.5151402820646964,0.5174469344021527,0.5290726906320484,0.4527222909154746,0.5723481382413775,0.5515658464232163,0.46783860408567535,0.5647328586076421,0.5176405423719278,0.49186660417016154,0.4653536847618905,0.4500199300545348,0.44164580675827253,0.4438881295893301,0.5323760805423631,0.5010253076730375,0.47675851077333986,0.3834316929057334,0.5144585653444113,0.4404752335947139,0.5579373157986536,0.45182516576169535,0.494839866191769,0.490955544756389,0.5719534855591575,0.5151754206955609,0.4870713861787183,0.4645609430855251,0.44715293615995055,0.46672388303750567,0.4416829711905895,0.4672234776389512,0.5211010621252465,0.48980702033822093,0.5075507879773363,0.4398692959132463,0.44891147794817093,0.4279329316465267,0.4834929853750233,0.4209367485122623,0.5798451458956729,0.4113834060132718,0.5181913558501575,0.3783401871827454,0.5412130756922356,0.4400459048928219,0.6025785051528993,0.4766841683718358,0.46686602635297203,0.48986739144652475,0.5271808718557057,0.5032844635146291,0.45983789912489886,0.47579261898235464,0.37936271185417153,0.4687314956806637,0.4234688122893881,0.47350464511595064,0.5281201736408015,0.47400046151351993,0.45876701615459103,0.4832042168846989,0.4526380025233034,0.48257720954980093,0.45823847325701506,0.5121713676156894,0.5074931437474856,0.5055946303651204,0.3937723673189704,0.5041467174003381,0.42659676647569583,0.4845324878419548,0.4398661254642651,0.5492033312823663,0.580863749010128,0.44024537604307545,0.5515350894075438,0.396416446888791,0.4436321850042554,0.4288693678620333,0.4232852573310869,0.4450272247537245,0.4632219713785591
0.5887003651850979,0.5262156692308272,0.47323872903958114,0.43195025539113346,0.4786698902299398,0.5022084045631964,0.45674282483733564,0.508967840641304,0.0,0.47089630916665026,0.46551498315651957,0.5589328034515353,0.4684851246961733,0.4436582883217271,0.49071639162677205,0.49352274000813534,0.4682056931804492,0.5183987858143964,0.5158643161170999,0.574194965261319,0.5212456659463427,0.5313441033567362,0.4500611021521064,0.4657432314325938,0.5643990547887774,0.4385745522205065,0.4265650487611315,0.44775104038982066,0.40906756659277344,0.5611079429904401,0.6503140342353428,0.49168586255047525,0.4442273652273019,0.48449257541177854,0.5173440199354958,0.46644862198172987,0.5236585209296347,0.5171705484252903,0.4958006064860414,0.4145456980204121,0.45014555082780233,0.5593330917317925,0.49743567462759164,0.4888180163910207,0.5178816647869817,0.5016892875489708,0.49779205676536203,0.44982532875716064,0.48465527312784773,0.48828178835042574,0.48335544080871407,0.4943192447293849,0.442956315172255,0.4701256731847465,0.4376018154871466,0.5482540499668345,0.5176871941207194,0.5294774462991799,0.43863094004516734,0.479450848097381,0.4391459950754108,0.44305101460514834,0.4601475971614317,0.4398496535446721,0.485040449638852,0.4671243704915119,0.46749235728826316,0.5356069452824533,0.4672998095482847,0.5282478785849181,0.5634798388916792,0.46573204474761176,0.4481988544169944,0.47223763181993295,0.5010275203778524,0.49086117804166485,0.42746787021963845,0.47389730011407627,0.493440806573128,0.4091295368401981,0.45356540833247544,0.6143290903906097,0.5864167864254775,0.4502932279009944,0.47039770800202924,0.5915161171615957,0.4807312485596695,0.47708051679616875,0.5081453914171711,0.5876961388353846,0.5088371605177263,0.5776035444325883,0.46219419697552616,0.4705602713943163,0.4730870863624496,0.5755174863079352,0.4765980341049298,0.5356601806612293,0.4510597859209599,0.46738098058329347,0.4646367637439812,0.4261806040626622,0.45550619442862067,0.524217251432328,0.49547340496247033,0.5101505211490125,0.44362924041919427,0.5044657006847639,0.45313734684230667,0.4948949446663078,0.48691613782884174,0.48169614104186953,0.45432122776418116,0.49044247608373503,0.4584691015524676,0.49228627773727146,0.4816410190302937,0.48539270896249087,0.4113266140717521,0.49697768262679076,0.48037257962064056,0.4523304487366827,0.4701874036086891,0.5350298625420213,0.46900994720551925,0.47977342038547643,0.43641379256232626,0.4999478063525517,0.45104794630541173,0.4635871811354718,0.5761535743488425,0.4915155729436579,0.44651397576937735,0.5469493647716586,0.5068399220999361,0.4439254625923222,0.5647053727385304,0.44683594817329825,0.44229023331114103,0.5556980344117585,0.44037588901196056,0.4928291001836219,0.5416652095949963,0.4762633088639687,0.512535336855742,0.5224227561077,0.6730617433249925,0.4600095814933685,0.5601963383616173,0.40487916039760524,0.5389733732615306,0.46313913426844583,0.5105032561202605,0.4395573155674172,0.5458737495182013,0.5735849248448008,0.4245729237012738,0.5074167601675962,0.40612428842840903,0.42529238567722605,0.41570815894540075,0.5116135954710258,0.4820904643059102,0.5445666813918983
0.5126567565697348,0.6491379066100474,0.6232007427021008,0.5132486464266346,0.44995468213348483,0.5416638979692837,0.5330635099120928,0.49140523425292726,0.47089630916665026,0.0,0.5065541777535221,0.548736853069648,0.5643301053318289,0.506864233022234,0.46253479373228196,0.5731198690116944,0.5956355453889454,0.5450822715995537,0.5020729048896517,0.5078577046502807,0.5580548066754629,0.5514368234010291,0.5441558453565467,0.5127900709311175,0.6313621955028315,0.480041400482279,0.5077403946651003,0.569225239408753,0.5467696203890864,0.48324800390521755,0.47932784462626526,0.5484996993547054,0.49719047163692326,0.5470294804412625,0.4688068354926704,0.4760363254008659,0.5208626774631534,0.49570889252804,0.44479405299723707,0.5255815145858945,0.4867086480790019,0.5627078000145983,0.45657956528778976,0.4714940390832093,0.5506608438605792,0.5544868695806717,0.5153254413141317,0.4499165923460584,0.5504356460539878,0.46135867382671547,0.5019762756291261,0.5285766432658134,0.4669581015435399,0.5348246990577192,0.48124414731597187,0.5432947908135299,0.5023357761455037,0.510646374200888,0.5195962442838536,0.5212267970967173,0.48226568249983504,0.43718820292073024,0.4531233425225753,0.448832190601996,0.43661008102905385,0.4773956761759819,0.5273871155077228,0.5252470076274165,0.5184554384337885,0.4964889605298479,0.48874242745768454,0.4655671500718396,0.4639042386741213,0.5694842770141326,0.5513559681904872,0.508347731064735,0.4844892349431156,0.5773267728783297,0.47864764625893075,0.44240673275434306,0.5039976865547267,0.4832361264447168,0.573091342173188,0.4913283730244133,0.47566579500658257,0.5628982834811083,0.43041782516647464,0.46506329508417493,0.5801112607627572,0.508850308673703,0.5004944616714789,0.513029377744049,0.4876817896930906,0.4772283131185622,0.49718279659982967,0.5666700267889363,0.4280607293883015,0.5706687522689875,0.4147474703613685,0.5849246139922444,0.46310762230317204,0.419185942272191,0.4545724230359088,0.5705090270139859,0.460308344966298,0.5651841307312804,0.5045831673968034,0.6606358840054268,0.5548380279937167,0.5753806384331085,0.5310423638884937,0.4494527718599572,0.4926006844490376,0.5124484894069804,0.48398241398870745,0.5878071525410761,0.5347322509298723,0.4926622387486614,0.5259879873500166,0.5190377490385415,0.44548011969344237,0.4325475722521569,0.4770595095370349,0.5775035835609265,0.4104652649969189,0.5743256037532535,0.4700112456293895,0.4882431382487322,0.5842033654348159,0.4844847697794193,0.5498451505811622,0.49942379892448174,0.4442918919932381,0.457521569480151,0.46346698196807234,0.4074214598934675,0.5115135923475252,0.46025496491799145,0.5180001030612595,0.48772716621979306,0.4812207551091344,0.51298180702107,0.5694294100685939,0.46019307785600366,0.5208082202706241,0.493562239215092,0.4768182539772808,0.592128126664358,0.6423842983639311,0.4332759496059618,0.4488677932145832,0.49953461610526156,0.5073527617254523,0.5445553768948896,0.6017517318262281,0.5112885638269274,0.4755077906750571,0.6196623032173457,0.4454040628937461,0.476841084350573,0.5484143866378285,0.47892890232561336,0.48646177298013155,0.4872709002759378
0.576585727119026,0.535471863521253,0.5473332500133042,0.5720187821628615,0.4914496869662219,0.5122462535667548,0.5113818945768135,0.49675506446725065,0.46551498315651957,0.5065541777535221,0.0,0.5326038424066353,0.59375535691578,0.530051582868465,0.5197890446928091,0.6267224889609209,0.5665573765954808,0.5640696073588466,0.5291389046657549,0.5696809270137045,0.5864667164361572,0.6109033277309165,0.4868151587551824,0.5594900893178778,0.5821893400564183,0.582440568416992,0.4837317545934916,0.5644581972705596,0.5454258119627321,0.4461821726173321,0.5321182731100064,0.5404531206359554,0.5359230311334213,0.5395957858379876,0.5461195477756078,0.5209405654950481,0.6642075782991216,0.5752979231090461,0.5775736345628945,0.5221558514762488,0.5079240265182875,0.4713213248492324,0.5408849782432231,0.6088911695836956,0.5829988973890826,0.528873722892745,0.42594909786878044,0.6625689784621579,0.5891494780891652,0.5098321757913813,0.5708616771543268,0.5374021638158462,0.45283198533154273,0.6624533192952365,0.6332074068390728,0.43790821069768116,0.5726929738154772,0.5372505153158915,0.5078418544730633,0.5283402007390874,0.5826935829286913,0.4407300901269997,0.5223374136773496,0.4637281766138252,0.4725858860536864,0.5198688901152037,0.6007205079198564,0.5538992519894341,0.5392103085365478,0.5704381983302749,0.5708038873753397,0.5193205838749416,0.50654075478221,0.6090394212003154,0.5508754169189333,0.5049707638942162,0.5836975057113826,0.5648865396592178,0.5340045875562395,0.4725036321816464,0.48167814505978385,0.5223522275573858,0.5102122113090407,0.5497189944104971,0.49799136338409644,0.5471564303764633,0.520708290408576,0.500397995069245,0.5101932601966286,0.47624321065374153,0.5462126768229516,0.47521788846177077,0.551700905775682,0.5373055165154467,0.5278365120425313,0.5679617259633274,0.4816596034271843,0.47298263453602735,0.43313645082520313,0.523203178482149,0.5991507405296317,0.484458234205445,0.47660108439915716,0.4929593258982678,0.5096665186325164,0.5220866419426259,0.5031353132952723,0.5085949237118017,0.5069114433981765,0.5495374124315552,0.620222283714707,0.5035444906679314,0.5368383424557782,0.5204432431391093,0.5430768165565361,0.5168985855610115,0.4763033995515254,0.5603560472819833,0.5256092642898383,0.4969470518904365,0.5326796155266295,0.4745271101763873,0.4999604487622815,0.6109764909504283,0.46839276629999566,0.6528227541985402,0.4405494435926769,0.5264185402865624,0.5579182119216988,0.5392389616187561,0.43004433331235814,0.5144902107358218,0.5850312730717694,0.5412671605565297,0.6280945013017192,0.46632122640275236,0.5016457252449029,0.5238937496526856,0.5593849854528883,0.5322198373120492,0.5594097911807612,0.5379203851763084,0.5224526639948306,0.48861639556559006,0.6498949097852229,0.4761363119342309,0.4935350079432827,0.5010873061203313,0.5365934143089575,0.41416952929869555,0.5952073784077652,0.488784913643179,0.5850107508351983,0.42781380288610116,0.5578326638682802,0.6182716984785527,0.5648108750275466,0.539485309728103,0.5365087753930267,0.5322182063190958,0.46472470289754086,0.5069538556456554,0.45307566201573424,0.6310003076264464
0.5391705711616891,0.5648270672221951,0.5346005619605662,0.49078806158143384,0.5159603724277373,0.5330258426287708,0.5217417356969775,0.5313917930764991,0.5589328034515353,0.548736853069648,0.5326038424066353,0.0,0.4940295301054198,0.44268336622141824,0.5029611188797531,0.5754813356513362,0.5258498649581973,0.5115295354076194,0.6007063259699711,0.5301430341428474,0.5734895897916499,0.5522798172885296,0.5291091362891268,0.5091262283324132,0.6389479926003384,0.470775120357785,0.47521807730864857,0.5089562591767571,0.47340891284171105,0.6218818699254568,0.6127491638317795,0.5401142626866834,0.48735779354623765,0.5757069722146312,0.4923915064636305,0.4964912708433237,0.5446557524813772,0.5164452735726053,0.5522945452334409,0.45195254492452713,0.48311517382352737,0.5509996716452347,0.5111928568808828,0.5155789339814574,0.5517932034187958,0.5250713881549343,0.4930711841291253,0.47750172457774787,0.5457206278752234,0.48393322120874294,0.5229708431450304,0.5123152530351298,0.4356044927879964,0.534699630928114,0.5076457224988803,0.5068895482438488,0.5287805545434505,0.6393725637927418,0.4495507232131903,0.510438022166313,0.46176191082745893,0.4357404649355182,0.4661211457298123,0.43642789459606257,0.44665956527445416,0.45543773055746994,0.47527255797478996,0.5095594661453081,0.4760556346048637,0.5418286660793507,0.5140097448816826,0.45477891439036566,0.4368970526679346,0.5215820104527867,0.5234648404864812,0.48323390907428954,0.48515043378440137,0.5666680487421145,0.49991783256099326,0.42331361917004584,0.45368926012748795,0.5451556029242969,0.6069557200219039,0.4570212279902961,0.4778026460548953,0.5709985438273825,0.47085404709568224,0.47463062417837865,0.5389424269599964,0.534749073906721,0.5418561376680946,0.5626436010966285,0.5158123796034337,0.4711545139665513,0.4681240084814854,0.6231891859782887,0.4483779593028358,0.548718145540589,0.4272137729259404,0.4946606355454591,0.47097448725585905,0.45694974346627265,0.4731780784004523,0.5984614892992143,0.47966980382996754,0.5365202372423494,0.47986891671254417,0.5535735644951186,0.48615156148372074,0.5275660499583466,0.5757627902791765,0.4781631545492207,0.44973240276333426,0.5153962555002378,0.46841612790849485,0.5275655315097467,0.49371931378221157,0.552341074002967,0.4543072372363718,0.4924499136109586,0.4766227794192047,0.46537571700232305,0.45588283612010827,0.5964378807448484,0.4215379610801119,0.5819070799896682,0.4388142958785462,0.5589109117804409,0.5137405265639026,0.45898079953406506,0.5363119257226273,0.5010024867163242,0.44958767280977474,0.5072935599029627,0.49977784376731943,0.410576245167549,0.558163778316396,0.45982537049439437,0.4782423368070084,0.58879867345139,0.45430709129174,0.5067209038090271,0.5499924151540598,0.4750668267178619,0.5388327644658244,0.5155525156228584,0.591265617869498,0.506901790546269,0.6060759645871214,0.42322476767174244,0.5250380089640719,0.4803613517340797,0.5567883231290909,0.47025417901575434,0.6463923862051433,0.5429844297506333,0.452150371957308,0.5865604405987608,0.42158643341305496,0.4641359393174182,0.4269383894905862,0.48537144160177464,0.4751268349338007,0.5401532512149798
