0,1,2,3,4,5,6,7,8,9,10,11,12,13,14,15,16,17,18,19,20,21,22,23,24,25,26,27,28,29,30,31,32,33,34,35,36,37,38,39,40,41,42,43,44,45,46,47,48,49,50,51,52,53,54,55,56,57,58,59,60,61,62,63,64,65,66,67,68,69,70,71,72,73,74,75,76,77,78,79,80,81,82,83,84,85,86,87,88,89,90,91,92,93,94,95,96,97,98,99,100,101,102,103,104,105,106,107,108,109,110,111,112,113,114,115,116,117,118,119,120,121,122,123,124,125,126,127,128,129,130,131,132,133,134,135,136,137,138,139,140,141,142,143,144,145,146,147,148,149,150,151,152,153,154,155,156,157,158,159,160,161,162,163
0.0,0.5786166076214412,0.5734390543551017,0.47889998637007175,0.5419683132509342,0.5807736769276931,0.4620144903485176,0.5754458416339231,0.5598434826001799,0.5470305903531112,0.5066045138650965,0.4620819678063818,0.6540129597801625,0.5542157858097256,0.4674145981227917,0.6187123056579362,0.5853883256710136,0.692015461108427,0.5524386474956355,0.7313365874786447,0.5292418635695711,0.5811870185203639,0.5187606952959452,0.43796377982916984,0.5729013111006491,0.41087965489225353,0.44179593393876704,0.5233835603198469,0.5158697618363375,0.4743023980042876,0.46792505060751194,0.6136876225195982,0.4709699635995505,0.41197163977861456,0.6372338468291026,0.4869680348325651,0.5244126275737114,0.5737758109045296,0.4065525317616767,0.5114483952884602,0.46855048330919374,0.500794249161575,0.5179764879103164,0.448068428208456,0.4892071098620784,0.4702089739331504,0.5045349474497421,0.4689951575459356,0.561555704734734,0.5908468214133369,0.5187012088808358,0.5471698835237323,0.4760091694073029,0.46241484445552644,0.45946668385029643,0.47459167256413043,0.6028521153038122,0.5638548810772401,0.5471237093334985,0.5869091804072655,0.5061129912660709,0.4710098283266877,0.5372148270647389,0.48542626077726464,0.46950389064672093,0.42924563782038255,0.432010969786992,0.512801288328665,0.48072127578502294,0.6540323227029662,0.5290354182314814,0.5136022622321695,0.49113791865782114,0.5716412697310091,0.5542577578947877,0.43893874547441736,0.4622600935947871,0.472469606571487,0.4345493394554301,0.41554681862566517,0.46003939197669885,0.5357543818361713,0.5306257604572905,0.539122529459367,0.4889013886131822,0.610004210814225,0.5148862748986278,0.5494920780649492,0.5386476459312419,0.38943871231168936,0.5777030497842696,0.46012141047486355,0.5846551305466837,0.472443139374932,0.5229919709211673,0.4567526247127086,0.4090588084131355,0.45915372401640697,0.4657360155028322,0.48587640079135425,0.42646561885751694,0.4421203661670662,0.4047575769060443,0.47320776134729886,0.5733762201517726,0.5264443369570423,0.4458212463277487,0.558498614475901,0.46708011086719436,0.4516067602290693,0.4336812235687634,0.4678606253809189,0.5230648591413565,0.48510601755817945,0.5035418439664309,0.5956011779004355,0.5519885312729547,0.5755787632725329,0.48293042608637704,0.5089785497878703,0.5438484654529898,0.47157027918904976,0.5283392143878417,0.48408291850827234,0.5141466610462109,0.450721098076036,0.5005183509188984,0.4374276553315883,0.4907738126145489,0.48657409425619946,0.48754573226903775,0.5641185450648468,0.5077874026579118,0.5022776199584249,0.4467051563627851,0.4331674201067718,0.4939708169026993,0.4797318729466383,0.5208579986855385,0.5038718935897417,0.4568521432726299,0.5460658242848246,0.5764087030590471,0.47763277944788324,0.44170447172779986,0.4775959078333598,0.5204989198918407,0.4390862858139201,0.5992833436889352,0.4148971909757855,0.4893710980681682,0.5128815561052248,0.5026866495677027,0.445726992911045,0.4689285578704949,0.4759637745340212,0.5616868551786183,0.47126694915114387,0.48133949480510346,0.49540340377317704,0.41849996091770775,0.5822127614526458,0.41448363320426906,0.5751092063855634
0.5786166076214412,0.0,0.5902952347613104,0.5233075230557915,0.4809212906949008,0.632872390634214,0.5316678511433652,0.7137964031473031,0.5007159854549256,0.6398215306135492,0.45331863038898484,0.5577977350145973,0.6264369405081094,0.47821529830788156,0.5570585979646825,0.5375410172124803,0.4888482520027523,0.5098234883632242,0.5447085301797032,0.5950348050885765,0.5661055122713884,0.5635756870946068,0.5181304878800402,0.5509462771824475,0.6153005071666809,0.44510926217469565,0.41397125831359755,0.44298186802445494,0.5284183399390493,0.4138738720815656,0.5395022695192853,0.5526772821376551,0.5740061003415232,0.45776224656387454,0.5383794954441788,0.4972572696876124,0.5762530878754347,0.48946657457458365,0.4628189217459857,0.5775001666474698,0.52702984045378,0.4661045671534821,0.49495797619000403,0.47635154007674635,0.59781154324839,0.5229877029847988,0.5366364131995465,0.4905759443886964,0.548648185841569,0.5115375316677933,0.523153416606726,0.5577462011424016,0.43634747904759325,0.5255275647517574,0.47252600871595213,0.5561026712696939,0.54154687059814,0.5084140316665082,0.5163320490555054,0.5912244196476244,0.565171475736765,0.45170588313248633,0.46675538272865275,0.4358225224030184,0.4533894899492534,0.43577917045809833,0.4978330962325969,0.5632142011925774,0.38922253603675777,0.5569559633761585,0.5650857291436153,0.4774984855392323,0.4263137487494667,0.5902293539417535,0.4624450233267027,0.4417916222166201,0.4898821022589063,0.5284039014753823,0.4617556949832026,0.4282229423520949,0.4708607498740718,0.5747278845859849,0.6477822719570546,0.500661441910745,0.4633649402163226,0.7027309119513414,0.5138817890212924,0.4848939988543046,0.557686346871892,0.4802845699955877,0.47334883281052725,0.5229390817614237,0.5115339229081455,0.4677346224860998,0.4879889818461603,0.5540810869048669,0.43341446583082716,0.5279002227011367,0.42610522398692535,0.5579962811534569,0.44900631111448774,0.4733465936905028,0.4140050774633055,0.5480391148914848,0.48840526351547003,0.5915395130991609,0.4716997074278985,0.539466711084506,0.5286890937183787,0.5717526371268624,0.4750354282391998,0.44499640806833046,0.5193365085271047,0.43776749050929176,0.4814909266930578,0.5762179274346295,0.5178623741411884,0.5115025467043454,0.47649581416729625,0.4572144196352234,0.5005432290456892,0.48185866321769105,0.5130594489532003,0.5644478858361544,0.4642494106077396,0.5358538006899322,0.4799411066035862,0.5485149173877886,0.5281407878051694,0.5041694089256967,0.4489192752052688,0.5156797543962109,0.48497053219153635,0.48878538482569867,0.5017926511573841,0.42395113789739347,0.5473229704383344,0.5177687710699623,0.5539185274093128,0.5423781913879403,0.47375018738067026,0.4872732237335384,0.6315911741646039,0.4509452672101757,0.47431281111647666,0.48512951666276194,0.6218176891122884,0.498660942654617,0.6234327687770161,0.37525800349061483,0.5046006436268922,0.47741917992395033,0.4425511669200535,0.5658214266604782,0.5512492186726179,0.5652055333156609,0.6060456426588693,0.5916875013913119,0.4913003188014861,0.4494260113922917,0.4390308589452061,0.518869127293025,0.4429841694820095,0.5127281045056697
0.5734390543551017,0.5902952347613104,0.0,0.5002204790604837,0.5327229455217563,0.5786908627345857,0.4413159125291901,0.5948515113907242,0.519958147607715,0.5870473639280364,0.532625931916319,0.4661566438469096,0.6304066837219183,0.5422386091011492,0.426209811971087,0.6400201905505076,0.6040346461939609,0.5589223978686475,0.4895511291589887,0.5674262588776068,0.524737173039902,0.6701485735082459,0.5015161778712219,0.4289281500900072,0.5390970705228377,0.4114695478580989,0.474468784866129,0.5205659126830698,0.5375625380352288,0.44937432821695694,0.4203363623265158,0.5352697748164119,0.4595675459603282,0.3960457903025379,0.5303464658398735,0.48178675958745976,0.487304628908987,0.5426780984302967,0.3922911576340958,0.5143618169434956,0.45232461363215826,0.5478210349170402,0.4448819472157864,0.4165735455111861,0.47703482832163663,0.4252036158109883,0.4538690332407576,0.4460001261203943,0.5008718232393593,0.5130000905893044,0.46876756961724353,0.5105133337872201,0.420723753150153,0.46482096265773765,0.4419794934139806,0.4716178864272764,0.5057488175515983,0.6006860709682234,0.5011576729820771,0.5208597216395578,0.5073282823269643,0.4282841843584649,0.48101480003780717,0.48311873059006927,0.40598579427827985,0.3883317114622979,0.43384527429920716,0.4701774015645758,0.48313387488919113,0.6311360572552072,0.47331918623558766,0.44662603830584025,0.49522457031498057,0.5718778367286862,0.5632496345421666,0.37464923954683427,0.46276945381051254,0.4753784598256719,0.3972121850542506,0.38153976334148293,0.42984064758213725,0.4942933147352082,0.5003651779417423,0.5154241384088389,0.4621638004270835,0.598792817641754,0.49229271734745594,0.4635253605510958,0.46949773306727866,0.3922188349364723,0.5595416898210328,0.4304002317710199,0.5081078631342266,0.4066304811704743,0.506232244508277,0.44765060980560645,0.3875444695362414,0.4563073013301796,0.43607641950957937,0.46301721206855845,0.3946824503775029,0.4261994119450333,0.386304631967509,0.45795985993616317,0.49834818301113504,0.49603252808591763,0.4292022663930152,0.6168823260073208,0.4346617896065999,0.45162148096601296,0.4224069653155156,0.44685312068432137,0.5053127993223977,0.5043831851306679,0.44152143644937114,0.6308921112153664,0.46499798271593057,0.501220182603198,0.5193412689845858,0.5273811979544203,0.4938883889028481,0.4572564943099948,0.49613579449819,0.44043844495040124,0.44979588197402054,0.43071859246727023,0.5019149159997472,0.43698571444793105,0.5047537311189546,0.4458976677807522,0.5036340177198535,0.5906288238821096,0.4727405546080488,0.490829160180889,0.43512962750856143,0.3780712364632056,0.43037983441431565,0.4428790071305369,0.5424622927979982,0.4509763971356439,0.41750890898624854,0.5316955955193075,0.5406775800206484,0.4867639135495247,0.42944142870761576,0.4511171807752282,0.5089824487932852,0.41512696880007594,0.580192497317733,0.44452934826252594,0.43511144859714723,0.44215652976517233,0.516919612066714,0.473499247144191,0.4642879319126226,0.4484020478153343,0.5305406009566097,0.47356369728631803,0.44679664076317677,0.44704022711872593,0.3970999325781539,0.48220164122106085,0.404578367447353,0.5419727635910425
0.47889998637007175,0.5233075230557915,0.5002204790604837,0.0,0.4841110152684067,0.4961910053241655,0.5435633068051654,0.5233489915274533,0.40225440328337353,0.49811528366443597,0.5006828686942786,0.4940898667293597,0.5260065070979371,0.5173208232021871,0.47988038401097877,0.5214416036202978,0.4957655488645209,0.4580770579307588,0.5191742090187239,0.5061088016773658,0.6312327458259228,0.48487551034646814,0.5198471676842232,0.5075856093142775,0.5316849727235178,0.5602949933003043,0.405509912064818,0.4412341988533536,0.5505296052792805,0.35225069030218764,0.46649980276395864,0.5203084415912788,0.5717057667210934,0.4954533129895577,0.5425012079091807,0.6249711720376688,0.5466295482014458,0.5252999309041703,0.5176897035928351,0.6525525851753825,0.5702300717311747,0.41985487434466556,0.4993828804379381,0.5489139814035149,0.5466038492774437,0.4690303140124755,0.4172935373191944,0.5744716223488776,0.5876490343123371,0.5329291145519999,0.6021245004066045,0.5602119193939088,0.41369713817164955,0.6512073010168421,0.6146128617675264,0.43559654431026495,0.5569353445989416,0.49618302382143553,0.5770002249580186,0.5877826346839985,0.6203344415953445,0.47407990169827985,0.474533975097489,0.5082641886474475,0.45321425892735656,0.44375760638991874,0.599741207574309,0.4755598243909435,0.38718445814763863,0.5056086781105272,0.5316716752300384,0.5296026599242872,0.5099311738648458,0.6747754888667534,0.4368292737953361,0.40753939144765533,0.6665392978589463,0.5783930118105786,0.4668817994618877,0.46921699397615674,0.4599432355999139,0.5649930038349841,0.44697379303568424,0.5081484251274404,0.5828611678314772,0.5314110579912149,0.559926847497679,0.5193025035297557,0.47458785438505374,0.4134922318203952,0.5089477273880939,0.5040875418814835,0.5481094505116941,0.4681181283310515,0.624932155064349,0.4726737833960958,0.4467880905166292,0.4989038177880789,0.5015241721328053,0.5491235462929632,0.5255166545751425,0.5506336373109788,0.5086393785427874,0.4851183395756262,0.5253037901547344,0.5112109928983412,0.5206230353032011,0.4804841019268698,0.4974213756127299,0.5046750455172588,0.5832509232268094,0.5709183143153684,0.608551066081093,0.4892998757371487,0.4925624265783903,0.47428241663103393,0.4707339052273241,0.5042916178223497,0.6149465032247431,0.49263248082090033,0.5775668587756241,0.5676093635159078,0.574075956040282,0.524472927782488,0.5121709042833101,0.5107818103366716,0.5679241608542134,0.4934168126589343,0.6242816208635171,0.5114287633825142,0.36570110413502527,0.5250350689410556,0.5867779295658144,0.5676772571508777,0.5555735343717965,0.4175276406763984,0.40771103231510447,0.5547781296641746,0.5807648289627267,0.5395999935475974,0.47528993744060266,0.5359121148816187,0.6240791962528246,0.5536106793668759,0.5663724152220742,0.4816426214768703,0.47771448815611317,0.45120543805259516,0.5042700418387218,0.407538443822986,0.568385283966964,0.4652011660441334,0.45850216493937207,0.44618812582920336,0.5497080141070677,0.5273624510844502,0.537310841562359,0.5071735755790563,0.611877332843945,0.5524858334508497,0.4273150809492096,0.5277035984310926,0.5029074998802944,0.5454875103610431
0.5419683132509342,0.4809212906949008,0.5327229455217563,0.4841110152684067,0.0,0.4531377225572712,0.4563477356436638,0.47867767224031404,0.5398824356541178,0.47004565349567606,0.6235433538745223,0.4605215824577594,0.4950393117345235,0.5446455413050771,0.41109822806030416,0.5732268375240626,0.5224488092987872,0.509051650152175,0.455950261965555,0.5241660738512754,0.4845582324245004,0.6115373549627934,0.5402622337225954,0.40975203300023866,0.5075185002953405,0.41717046401061186,0.5045468953212228,0.4775355589242251,0.5106179354458834,0.46243481195805025,0.4196250670887787,0.4770207796471687,0.4168008298064515,0.3911570822031425,0.6126423131268112,0.4958891298978179,0.4861924673442485,0.5722074429395387,0.4097053019246847,0.47471242670311725,0.4208071578133329,0.5482525839026126,0.43326631503859225,0.43225401367181027,0.4364733676260702,0.37526399767751784,0.3996230043702571,0.46588089702756824,0.5372325271501508,0.4968497387034951,0.4484729682910083,0.4418046716831615,0.3714362828628461,0.4345117777590839,0.4577828451489186,0.4271540375317857,0.4754887734137829,0.6151257210357757,0.4704382128329499,0.46850963207483687,0.429891557895835,0.3982248694797464,0.42369344360820804,0.5583106504332611,0.3858337717998241,0.3502108068980975,0.42406136047788023,0.4322683299993258,0.4779120366142784,0.580855876014927,0.4455377814637282,0.4612678664508965,0.5229216162063954,0.49901990283310543,0.46922013289314307,0.34828091034077047,0.46127364680795724,0.49616290498150445,0.3676485965693637,0.3687214247472613,0.37550192143667693,0.48734049196924456,0.4488294074253825,0.44433482296720983,0.4665730331407917,0.5108395506727458,0.5010872304727616,0.4690487844344191,0.40656190493571404,0.37866266847019225,0.6779225142163038,0.4296968009451332,0.5174181553920931,0.37479962901932706,0.5213245898995351,0.43397240655656444,0.3539756145848816,0.42402905111128725,0.5110377408504192,0.4048763788112505,0.4145141980462852,0.41158964943365633,0.4009602283591659,0.4264173888047475,0.48120036434394464,0.4242742478297901,0.38047982525547536,0.540222313312211,0.38806639534890935,0.4175110676641067,0.4316092336881349,0.5056444049623429,0.46384554052457144,0.5561046724323649,0.4008253329493502,0.5075522514781274,0.40741210387447874,0.5601748994196236,0.47011203007889796,0.5723136277314183,0.5864744107965402,0.4495378052800851,0.48998907025509914,0.4113843279165808,0.5096063696245823,0.3983449259433093,0.46633690498640673,0.42159159493697274,0.45470190715752024,0.4256138609077759,0.45342954830454024,0.502762734486571,0.4921113763555965,0.5670802089386513,0.43647343719466675,0.3675859466723389,0.3953038996231813,0.45718657236722254,0.5305544881813151,0.45434335737206727,0.3838839722912224,0.5641387061669516,0.5046383310665681,0.5286129574876675,0.4520547582274815,0.4752960733093443,0.501062001917695,0.36145704031447135,0.5079915510444124,0.46181823003376055,0.45678224765465125,0.40933565167400526,0.5574271170842054,0.41648887742190577,0.4376080155711983,0.4321493539576336,0.4891429297568964,0.42221983385145595,0.46892183355142136,0.45454800392048195,0.3465992434842203,0.49276194222902403,0.4045947395126309,0.6963061547029974
0.5807736769276931,0.632872390634214,0.5786908627345857,0.4961910053241655,0.4531377225572712,0.0,0.46482713986305924,0.6820625233956348,0.4933560002330193,0.6057398723598113,0.4443138755049345,0.5124721327316778,0.6097792176506875,0.4717924787097377,0.46504528287684765,0.5616221925753205,0.5188500390172596,0.5057310471226595,0.5829893758739543,0.5899182615400732,0.58503031457348,0.5072598891001159,0.4704404993697053,0.45684906386226226,0.6055253177859952,0.42538571163533423,0.38793716046424814,0.4556362045375471,0.49179598093363863,0.4191716822973693,0.49628799258328876,0.6309855450979291,0.498269752041103,0.4468057859444616,0.5103915045502061,0.48808836298752034,0.5334134085405006,0.5017848217022284,0.43062344729875124,0.4944479799426206,0.4890495481170291,0.48064744932670506,0.5039140229882301,0.46250672825947203,0.5249442427165392,0.5059681837904889,0.5279822844440308,0.47382527803082203,0.5077235125437243,0.5219700993540802,0.533215217489543,0.5962150966645837,0.45960355609005366,0.5011995140790656,0.4602656234030812,0.5504805395890155,0.5667984344599749,0.5384612912366193,0.5095757222648776,0.5687425854680824,0.585882806380937,0.4983515591467498,0.5213437569619495,0.4368209814953462,0.46699135695457483,0.46173649696408336,0.46470083464788003,0.5353283117452321,0.39939353545479217,0.5763925612461103,0.553894919475494,0.4685718341307401,0.4590153967852064,0.5845333594731597,0.5074832910363599,0.45508591025956907,0.4837833174907582,0.48653856819435987,0.4627901626379537,0.45944139548277735,0.5285203870346946,0.5655877489420322,0.565690179433339,0.5359482212039444,0.503601793080371,0.6243225662283562,0.5548160104843682,0.5008230110642051,0.5851204673259516,0.4327772295995712,0.48162778412625495,0.5085148102529751,0.5084219734757393,0.4871082169407963,0.5038693409004228,0.49991349022538845,0.4575526837864734,0.5360755347361204,0.440640151690427,0.5414809512145565,0.4292029644469493,0.49042505332702635,0.4233788927284911,0.5223873267642275,0.530598122940291,0.5845790361024906,0.5066961313630072,0.5421465718101327,0.48855721337230584,0.5140594237763326,0.4675718334645409,0.4534235884559042,0.5740628455389736,0.4619695057571098,0.4898421304212029,0.5448754915635826,0.5886128161152304,0.4945912199189014,0.5104866436170988,0.47722312015977164,0.4755350728043133,0.5074225182435492,0.5453828066716495,0.5351562146064874,0.47657302605830737,0.49533644379633535,0.531482632923528,0.47686811243749394,0.5364904023413115,0.46713128665053344,0.465160643048927,0.6070923398581279,0.4937092437509001,0.4910096858187335,0.47131564712443247,0.42153259629581136,0.5003410698286553,0.44949406455181573,0.47322771789888374,0.5268310270742405,0.4623151808219258,0.523016399334925,0.6137494830761911,0.47300451995080134,0.4614113144373932,0.4711993291831065,0.5455838028267374,0.4988702756719219,0.6227491336092024,0.40227951307822174,0.49665487181512286,0.5099015393533838,0.4357194855639027,0.47285194112013973,0.5414134022440711,0.5179968851634011,0.5207264649818493,0.5561233279784826,0.44608686107623347,0.4823238376260896,0.44839341096716245,0.55722435710061,0.46079122393023475,0.4936660639152249
0.4620144903485176,0.5316678511433652,0.4413159125291901,0.5435633068051654,0.4563477356436638,0.46482713986305924,0.0,0.5164986518570013,0.406485499200162,0.5258254064642837,0.41766255496314,0.5683033893322603,0.4922650754752551,0.4317349349040024,0.5655185178820068,0.4543996790460417,0.40668925636813597,0.41642722436351465,0.4667599123277774,0.46847691079892667,0.5230665848091933,0.44020167016683737,0.5571598682448761,0.6007821528796069,0.5806041816558267,0.5444649829606576,0.382916155014275,0.37824125249427976,0.4769647295043641,0.355666132543573,0.575483919472775,0.496086492938265,0.544074105271088,0.5641970081322056,0.4950914692101553,0.5074833999504094,0.6623146567938717,0.4319301595705093,0.5326342192627933,0.5857583729084184,0.4906297109632037,0.4030329838177716,0.4962434612591255,0.5432461577173568,0.632521417777621,0.49149253749464383,0.4733811025740399,0.5532377030235648,0.6285954268929181,0.45212115820271226,0.5330011545053006,0.47427352000529427,0.3640831125396852,0.5224771115694162,0.5291386277613831,0.5012830464163386,0.47236776007039194,0.4361873684512391,0.5051771883812635,0.5141024430049738,0.4946364921062623,0.4296678191199198,0.3953660277635023,0.4274077347402204,0.4249935428291145,0.41511229153118795,0.6305075956902174,0.5569097284998135,0.3429233937540776,0.4572981984453552,0.5371312444744328,0.48108864134459933,0.4060695640859152,0.5424137630962611,0.36563779533087526,0.43421002960309235,0.5821913765521363,0.6533994812753572,0.45135326074987586,0.45009032874658284,0.4179360818794164,0.5415891162808921,0.5168187601762535,0.4192976484547562,0.466042660006516,0.5062197194748556,0.5249705270361456,0.49962127919381466,0.4913591619655868,0.5057761737144022,0.4357446782218152,0.6001244065450629,0.4697176342321348,0.4334970110842294,0.4723374965563575,0.586693469248958,0.39994756748320265,0.5381480584579768,0.44068909350868474,0.5597145932508202,0.5213206441432697,0.5396649720548795,0.4974033238107547,0.5379140273701741,0.43645091401035224,0.523672815495252,0.45583092610348197,0.45085993759365034,0.5167667679555752,0.6101787088247076,0.5791189853091454,0.47557323140991703,0.5076088909226862,0.41006362734306906,0.43361498511449625,0.43546462425441423,0.44311922492180345,0.5173604514431541,0.4544006702256212,0.42257105303836373,0.4925859905590142,0.4918758891488535,0.49674586847179963,0.5883162549290173,0.4537536056943831,0.555263144240513,0.45733019611337095,0.6426193003742982,0.504289486212195,0.4977433257182757,0.3616631869231981,0.42346090266743824,0.4864925738225823,0.4600364405822117,0.5259618907393958,0.40260024115265447,0.4728036692036112,0.5799840984430196,0.5333815707162904,0.5649310723179772,0.44608148320725244,0.45912370296345895,0.5756496290835367,0.43726298604361286,0.5546261112235901,0.5777409392759701,0.5180263807391585,0.4594429689394552,0.5131480013783543,0.3383043255239108,0.5548137971301712,0.41993230499747786,0.38447364154668934,0.5503367316187961,0.5749479920597449,0.6202300753134711,0.5226074690852421,0.5851205877009324,0.5283694058522506,0.4738435570415729,0.4094981743688545,0.4831336878637537,0.4820525759176885,0.4708251105273568
0.5754458416339231,0.7137964031473031,0.5948515113907242,0.5233489915274533,0.47867767224031404,0.6820625233956348,0.5164986518570013,0.0,0.5124572436648777,0.6686629296424992,0.4552669828819591,0.5759582861443232,0.6397363066995511,0.47374919478926814,0.5091175684423112,0.572064523119761,0.5011548265962277,0.504014171682918,0.5452991325494312,0.5897414056052255,0.5832234751365706,0.5315123578655297,0.5355256431962591,0.5158671221786095,0.6782535030003233,0.4631138444965975,0.41943401223044924,0.450710003646908,0.5096326753942948,0.42762892783840806,0.537963551366513,0.5790468715786992,0.5349943913350808,0.47902987717653367,0.526035537320593,0.4989107421471129,0.6065353059311942,0.5070106336337616,0.4544059795982087,0.5520537376538043,0.5077577948424824,0.4897906675100911,0.5059401467207529,0.474469274370567,0.6077798181333429,0.5217693374090877,0.5447854552553182,0.4926024368278733,0.5511452577139638,0.5027271580204464,0.5221123287320243,0.5678906965615039,0.41952359068234274,0.5041345645626408,0.4689932116167854,0.6066532792805204,0.5409248998433047,0.5468371267160576,0.503167848496866,0.5725573324280979,0.5671599492642424,0.4652112184549397,0.47322503719104214,0.4423184243904896,0.441148603066169,0.437556078992972,0.5054338406738282,0.5741463599698935,0.3955054577383114,0.6053557725122622,0.56487243568787,0.47493494213083004,0.44189639487677496,0.5969298122490455,0.4714022296493263,0.442212344981988,0.5041090367804071,0.5481702950152084,0.475318199293558,0.4463895882879783,0.48525270340928955,0.5752204541658352,0.6533053615739384,0.5227695678287657,0.4897838833438303,0.7524075212345622,0.5722812704979036,0.49258100813138084,0.5877926557481434,0.4924019292958911,0.48804809249045983,0.5334544572185999,0.4984408744683801,0.45751314352826006,0.49538119655626184,0.5649522033162012,0.42912954079106347,0.5764352213550735,0.4380207263461088,0.5641952127886325,0.44647692883039203,0.5006047683613134,0.43285020215650405,0.5731382733803293,0.49903052337877984,0.638564582095481,0.48459382894417363,0.5951336978611002,0.5129990442882735,0.570598790009693,0.4808862884168161,0.46236206597293095,0.5459482440384326,0.4678960316197963,0.4801494197369999,0.5865016612182515,0.5347967184066594,0.5109576599174025,0.49177651746632683,0.4867789699424973,0.4952104696284535,0.5235076884773756,0.5439230918007614,0.5635640237629518,0.467310181483193,0.5285888794444695,0.5009074954043049,0.5551353364994314,0.5448368150047989,0.4920248381185949,0.47259802177516635,0.5500852141091133,0.5103539841707126,0.49686378159283157,0.4916926170449634,0.4087382266965906,0.5478701823329138,0.49538361996505514,0.5468416648575545,0.5607690639238889,0.4612575115939644,0.5083496119353582,0.6248802647187238,0.46224039510524717,0.4900088976006818,0.514851904957225,0.6150470210290593,0.5016049711083763,0.6795128219079992,0.39252112533428557,0.5147662490287845,0.47444519505846666,0.4354270370634154,0.55488799316984,0.5964036809436079,0.5788787469652098,0.5713689685542891,0.6438889440326361,0.4697247694647157,0.4662298778880663,0.44074775419698675,0.5387584330995294,0.47314753500053186,0.5171670562397637
0.5598434826001799,0.5007159854549256,0.519958147607715,0.40225440328337353,0.5398824356541178,0.4933560002330193,0.406485499200162,0.5124572436648777,0.0,0.47692781900015957,0.466862902774054,0.45029158228932276,0.4897977325978266,0.44811377069949654,0.39354462514879407,0.5139697992456375,0.4725268391140767,0.49332383906338856,0.4385807504905075,0.5093907561857536,0.4321896133523215,0.5675371837371364,0.4677124285571968,0.38546042089346416,0.49302273279705405,0.35664063663056433,0.4604729592954215,0.45124320981609,0.4259346482186187,0.5831894316372418,0.41538401104858474,0.4560638662845199,0.3860612622109235,0.36154035976669074,0.49222909947805754,0.4029744238153436,0.4494881411983044,0.4731476398643321,0.3617890031821663,0.4109944629103848,0.37862718937512385,0.618469461919465,0.39514534403324875,0.3742270342738619,0.4131110697231791,0.37239912907315803,0.4273583193887917,0.38930702594316374,0.44735746836097073,0.4329516179361817,0.3978563994427526,0.41846882460164386,0.3671275627852095,0.37959464862486375,0.3741645450207136,0.48564320453133686,0.4353944311523891,0.562130066020637,0.40448726501490334,0.4295733679216512,0.40111691162726804,0.37474246812535633,0.40032124223895743,0.4191264813337904,0.36513074748561425,0.33767071932192194,0.37657271711499185,0.4329154685028792,0.4315017044584992,0.5719723549438818,0.42387042961348087,0.39502165739966244,0.4257149036154564,0.439258881833166,0.47237035139094846,0.3489072436673145,0.3888913931239471,0.42595779386332716,0.3512567786870687,0.3470771460184408,0.3700135233743544,0.45714154769988496,0.512774893773178,0.41731859802061594,0.40032219428293503,0.5260074918041602,0.45472967754021154,0.41259023572733095,0.4187817138395505,0.3980166862489531,0.5104362031560752,0.41124903064222446,0.43236078949927137,0.36036148177888927,0.42576741162839293,0.4288154438565217,0.3398762689452851,0.4157134349283421,0.4107956015718346,0.3887355907077619,0.3581801938305781,0.3708025006828261,0.3476751023748263,0.4137874087453267,0.42906562131697434,0.4230230306974432,0.3552010281043558,0.5486489773129569,0.36980087737530914,0.4076368844025873,0.37504571692195715,0.40176748054717876,0.41838542333635154,0.4678418108254031,0.37508173769040704,0.550891948850222,0.4107505055044109,0.4626034226132456,0.39438705602597857,0.49123266442776403,0.44726589570656755,0.4031000948393685,0.43374469795733456,0.39806802889449044,0.43155013338982084,0.37509887702711403,0.41414929642452963,0.4063157730902226,0.39635609401686117,0.3833776182698132,0.6259856715891486,0.476059946936516,0.42235764165454803,0.46666808820200195,0.384016411791827,0.34528727376288765,0.4304529810584462,0.391363140135724,0.4364684799419585,0.4211060873410783,0.3597752463688557,0.4650219734607965,0.4681928852236463,0.4218345611226182,0.3852758046503617,0.43299250674264755,0.5331791429072394,0.3621587671009849,0.5029123857978802,0.4049983527233702,0.40522606576399667,0.39232164712719253,0.46772996086475244,0.4241830155398391,0.41382298118520455,0.4150264358990433,0.46645890458708666,0.42807808399810354,0.38676635172584317,0.3904077516155203,0.337273566879997,0.4537868048217996,0.37124932163207586,0.5284478674588585
0.5470305903531112,0.6398215306135492,0.5870473639280364,0.49811528366443597,0.47004565349567606,0.6057398723598113,0.5258254064642837,0.6686629296424992,0.47692781900015957,0.0,0.45224233877740777,0.5242563655387832,0.6547968889419586,0.485479078990161,0.487410681247271,0.5725498680460038,0.49125229076381327,0.5066275909754445,0.4930797442743369,0.5344785878805046,0.5226145581096252,0.5098148275683884,0.5487407435410393,0.47793119576714177,0.670591043674565,0.4518829058367177,0.4331166272157659,0.4472115036998597,0.5548146411368627,0.4270538763496204,0.5025170033570374,0.5904295161459978,0.5101989939709554,0.456593498100585,0.5056459234973101,0.479059466637367,0.6053362040094863,0.49216174068111995,0.42572470552334,0.5469547987184501,0.4747203560932098,0.4706102595931609,0.49526516328465475,0.45677026795825004,0.5663391497127455,0.4987166023613273,0.5427240763629647,0.48470783036023624,0.565904962461255,0.47706270267206335,0.4994712618399645,0.508640816961394,0.4066884402208682,0.47213067413232185,0.47173862985544723,0.5627460958918998,0.49851776939343356,0.5173092749306969,0.5125092583140505,0.5390407930848549,0.5260190010449727,0.4557160822748859,0.4510168944112953,0.4393577902147097,0.4188338135261767,0.4187744393970776,0.4883794952248264,0.5819379762641457,0.40886548997356814,0.587538486159054,0.5204169780968106,0.47428459942383255,0.429442388151085,0.5704877279690755,0.45541770995296493,0.44530519523966966,0.4988552335652332,0.5627993064393362,0.44777241999371525,0.4402455112906329,0.4702096098006416,0.5024064243382217,0.6224763706459316,0.511205833601214,0.46237790416255975,0.6105386695779662,0.5350922958629108,0.5020988156341748,0.587085235166336,0.45332630570217525,0.48026234730227035,0.5002256777814617,0.5008850499027357,0.43427336929430593,0.4761888943101873,0.5622179192882265,0.3968378239780331,0.5283952203765728,0.42691909905398695,0.5422280811790249,0.4436494636867361,0.48446231842212856,0.4243028354955581,0.5671956157144052,0.47591051723340977,0.5863015474221805,0.4611144902273928,0.5788918276361121,0.5091630020144301,0.5297220891500279,0.45659997602626085,0.44065834393285586,0.5245958995619961,0.46309444474652145,0.46498860432643907,0.5441417704444051,0.5172720333790958,0.5358820897613626,0.48346000318319077,0.4822306509347029,0.4713157771448939,0.5016795312839701,0.4982954415431469,0.5369365898913179,0.44672670047913604,0.5331306653794088,0.4768798647548016,0.5237588830062548,0.5302230689453731,0.4941270522731609,0.4649786472539431,0.506165475864192,0.4986839534537768,0.4499304241382332,0.4520869733401051,0.3991343299282604,0.5266847477038441,0.487357287495114,0.5454348314702788,0.5252114242119065,0.4670429565740546,0.508215232851106,0.5616622287141958,0.44312292409505877,0.4773228297531438,0.507068688920367,0.5232836827837871,0.5047387736663196,0.6768610111720684,0.3845438422047052,0.47217317246627355,0.47573127930318176,0.41425475954970403,0.5643413040975884,0.5492870049827404,0.5354626895310823,0.5516743511118595,0.603061094596556,0.4721721706211089,0.474308971779725,0.4525536151471675,0.5172928126312736,0.45490855464117613,0.4810684780899253
0.5066045138650965,0.45331863038898484,0.532625931916319,0.5006828686942786,0.6235433538745223,0.4443138755049345,0.41766255496314,0.4552669828819591,0.466862902774054,0.45224233877740777,0.0,0.42689075272479904,0.4977955641483044,0.5671781326554405,0.37657194632361596,0.6178588146715485,0.6020150638327265,0.508102443215479,0.4634250584356499,0.5046065565005601,0.47285419893630937,0.5791168649454287,0.520101782439315,0.38546593714810207,0.47190093757331714,0.3983463567813978,0.5339237742416855,0.5764238937060726,0.5390150946628838,0.44317575492812344,0.3786057811143629,0.4753795534352416,0.40137595296526607,0.3793731953919305,0.5525925839341959,0.4784417328673829,0.4458735564820244,0.5817396813372018,0.39036636341503084,0.47017087362112603,0.40851320770126687,0.5104097473047825,0.409650541260592,0.40629571072876786,0.40913436157157734,0.36149724189671195,0.3609825363136275,0.44490246793631716,0.5113337811909179,0.48442065673351925,0.43849608687933567,0.4318446069810726,0.377715813437819,0.4339778009589828,0.4636464975673603,0.38358537183978664,0.47897866911014797,0.6229676699922411,0.4656166830346884,0.4665142507378639,0.44566459536843,0.3874971252242639,0.43317961984580544,0.5452442050185716,0.3708057177613482,0.3467137660727707,0.4055829538451872,0.3897707174996437,0.5077691216204842,0.5725191102269591,0.4089420889182156,0.4444269649495209,0.5623859730422214,0.5056393768276947,0.521863619583389,0.3373566045654379,0.4702680147149795,0.4580377395078485,0.35678776109452565,0.3661187441056376,0.3703738642074061,0.44064417095305325,0.4049182725981597,0.46148651727456136,0.4682213769411124,0.47171176158512473,0.4781884276257654,0.4464400215151259,0.39617191808074803,0.343774662132253,0.659172752659858,0.3865555548719814,0.5273024007223777,0.3764834214886038,0.5219868873636975,0.38923168783900775,0.34852453211721357,0.39130889801898694,0.4748207304188347,0.3936955198424159,0.39986541750053195,0.4033543691229994,0.38021077144894627,0.3915448607220066,0.4789277398279716,0.40263761819282134,0.38323780880615965,0.5336878122259795,0.3725015446026203,0.3906060215144756,0.41996802187541027,0.48307082963582026,0.46040967033903246,0.6127225507866727,0.4012407785463103,0.5091143764212454,0.4046197449428064,0.534306775391898,0.49840683175776795,0.5656637993899882,0.5403523926505268,0.43400785509323325,0.4755761939304806,0.3902013651327752,0.47550452370691315,0.3848288285100627,0.46470984517330866,0.38646215604252687,0.4603170353535215,0.4022678361146956,0.429852250199032,0.5191907717121269,0.5168668166651758,0.5406121731721197,0.41619825705072416,0.3510453750963163,0.3647157286451243,0.42238881770439957,0.517319420461178,0.4240230858314884,0.3768744219208641,0.5623478212076383,0.47518501236015376,0.5236802657864614,0.4267537389394314,0.4151511046495903,0.42865298730670653,0.35295641126276456,0.47047704542937435,0.5193150304404378,0.4330366720168781,0.41006274418354804,0.6516991708682176,0.37675936554580025,0.41205119867233375,0.3983971069035662,0.5080176432812784,0.39672687128215417,0.46555002514092286,0.4783098990293021,0.34102439178978156,0.4712278635068568,0.383884561965731,0.6565266212678773
0.4620819678063818,0.5577977350145973,0.4661566438469096,0.4940898667293597,0.4605215824577594,0.5124721327316778,0.5683033893322603,0.5759582861443232,0.45029158228932276,0.5242563655387832,0.42689075272479904,0.0,0.47169214747938826,0.39838379890773395,0.48653802931521545,0.47274077467857684,0.41626033884678837,0.4005357016184467,0.5152215055413708,0.48925878583794685,0.54290404319805,0.45863869512953753,0.5366992527889561,0.5635839355217183,0.6234732001021638,0.4664423023912973,0.38130955759579244,0.3892475633947342,0.4491014173346853,0.3884726939063025,0.5697382268514802,0.4848108539938119,0.47236635159596946,0.5619014235279363,0.4762767412958995,0.47744425089879816,0.5825053792897459,0.43061534992135453,0.5233756531029732,0.4874328877788908,0.45575506599523613,0.45214071874388184,0.45466737239437544,0.4893447623808068,0.5774647416830403,0.44676152840286976,0.452117054865837,0.5044044647586247,0.5393507420461674,0.43191743142480166,0.47504155790825997,0.46748655349241014,0.34915114917161166,0.48977643848444996,0.46821354394903625,0.5540943326908642,0.46324678528465907,0.489292038673238,0.43736889746419283,0.4749014754356686,0.47827766291560414,0.3976742306884718,0.3873595458175057,0.41382426745644124,0.3953167360935811,0.3866733749083153,0.5145140479013011,0.4855636825969546,0.3367409486960316,0.4759638912134551,0.4901871210464887,0.42329135200339785,0.40224430151745977,0.5015032252569054,0.381465469770993,0.39346105097335,0.506437209789612,0.5618239354889705,0.42507424072261457,0.4202888982043775,0.40524221071867367,0.5417618246450112,0.5401482443888951,0.4098296866307934,0.45632234465029947,0.543285957310986,0.5469523696994386,0.43388269136511476,0.4643395552986166,0.550404330061227,0.4314492329076232,0.5679018967432043,0.4383994973652634,0.40762727900045004,0.44161641219360115,0.5781313141574097,0.393727501839288,0.5864561375410418,0.4219744039082552,0.48692102427756173,0.4463641047110695,0.5018969830397702,0.4441191807652362,0.5443860152761139,0.4212410292450886,0.5043649509620728,0.43406466112814135,0.5019411017880826,0.44231298868194,0.650729738524118,0.5557401115622832,0.4563950898595568,0.4741387232232432,0.4245905378944449,0.3980933293876485,0.456998165475481,0.4371648296933203,0.4985607225989156,0.44561157480977515,0.42464110290773593,0.463201408900717,0.46431787569068844,0.5123537770415204,0.5249592863933548,0.4388572234650551,0.500786090476917,0.4387157512120195,0.614544188638182,0.49438813782080016,0.42354116849164863,0.3998627318774576,0.44913975884130786,0.45876359093618385,0.48460099569560855,0.5269883373466767,0.36843910273661123,0.4873665326907687,0.46958144427879056,0.49463382809118084,0.5462945165087489,0.39457244084483395,0.4576746512316671,0.5516063177873254,0.43680690090602076,0.5116574496902024,0.5370261883033086,0.6030405668904624,0.42300008374183506,0.5558461860358388,0.36146739819156404,0.534150972618537,0.39894914364009165,0.40457811124351645,0.5157354793948586,0.6125040307133732,0.5724698403538373,0.5075003398023301,0.5981529976870321,0.4358721056329721,0.42691322026848505,0.36886864717038337,0.47206043098439,0.46617642479414345,0.48843590894225253
