0,1,2,3,4,5,6,7,8,9,10,11,12,13,14,15,16,17,18,19,20,21,22,23,24,25,26,27,28,29,30,31,32,33,34,35,36,37,38,39,40,41,42,43,44,45,46,47,48,49,50,51,52,53,54,55,56,57,58,59,60,61,62,63,64,65,66,67,68,69,70,71,72,73,74,75,76,77,78,79,80,81,82,83,84,85,86,87,88,89,90,91,92,93,94,95,96,97,98,99,100,101,102,103,104,105,106,107,108,109,110,111,112,113,114,115,116,117,118,119,120,121,122,123,124,125,126,127,128,129,130,131,132,133,134,135,136,137,138,139,140,141,142,143,144,145,146,147,148,149,150,151,152,153,154,155,156,157,158,159,160,161,162,163
0.0,0.3048747523985209,0.2560518149692209,0.2552831250854881,0.26492261436825404,0.26709408914587585,0.2806110414189686,0.3387064734201004,0.35055373875543894,0.2787447422806885,0.3241472458829271,0.25613654706160366,0.40644934785642767,0.2639427184039207,0.3112835090273169,0.2981077153903786,0.3233263272756674,0.4220577725749662,0.2744181300685147,0.3739318123909792,0.30852413710333143,0.2856850875738377,0.3009156953569561,0.2974279716010366,0.351005161391503,0.2780860703568303,0.2547779403759067,0.3121423414978902,0.23091946757902512,0.2653093482806771,0.334003492616013,0.32544813143226986,0.2566901538014967,0.27546474662084686,0.3629305920603007,0.26468927836648054,0.4006447038995182,0.32092704920322573,0.25656467521455395,0.39190524963578227,0.2732690595461604,0.33142365425147585,0.3279711453624919,0.3035162593492333,0.3321726550187332,0.38562661924826946,0.27514736441186893,0.3006617421475503,0.38199920024302664,0.3303390176729303,0.36224917540340645,0.2994112782851751,0.2773002656777926,0.25865214950934096,0.27477300573675634,0.3311297761601566,0.4087840206034612,0.29558230317246587,0.3128228382139391,0.30220759271211045,0.30200115914223336,0.232695698183616,0.33155882922308944,0.22977335227490633,0.29854021222910065,0.3411652208585838,0.3375554636670251,0.30867160165069624,0.27714327263121785,0.36293852040476604,0.4295838556784641,0.2905984761938989,0.32996547863161796,0.3443002031192859,0.32385818096864105,0.3359740606615376,0.26926316431420405,0.2601671564604351,0.3437955642744958,0.2518878282654243,0.3173214798265527,0.34720046285201417,0.3059038423979402,0.30319624828833,0.34742779729418,0.3773985416529154,0.3698840333655943,0.33329643144569043,0.33747608819666897,0.2979095879554307,0.35441174735873043,0.2920421870214864,0.3171969406752597,0.3458219205138126,0.3482173291451833,0.25438333183171297,0.2212245841210149,0.2753303461687391,0.23883002887974833,0.35390610915845255,0.2595310703546794,0.2956336785942619,0.2673793174038486,0.22305091416158912,0.3532608634701859,0.31684732475206967,0.2863196227479535,0.3377415696153527,0.3454499592959767,0.310359194621913,0.2863189658142967,0.35260765090744745,0.34921120489540525,0.26324925924221054,0.34272806206130646,0.34386487400871196,0.3660819678508267,0.2692185575949402,0.24853679854218416,0.2438367865911328,0.2961801876161451,0.26447035138174113,0.34615702025583955,0.38692388532517175,0.30614609282165034,0.26763946061854926,0.24149478121016285,0.24903490020560004,0.25283878318974884,0.31381480037205206,0.2703790283051936,0.27075923435113497,0.2683711092197263,0.3016800055222816,0.2869646357074967,0.2996237534279134,0.30426677649617606,0.34295601532846526,0.2928781267241109,0.35613398273375124,0.23921639230754368,0.260088278592218,0.3602616450102291,0.26333050773737865,0.32061412676671763,0.32959544537800084,0.3015990922344237,0.26844023601434847,0.33626138614416956,0.18367659058129224,0.43838510533510483,0.2986222232463836,0.29350971385876684,0.23993284912738513,0.3096357900641487,0.3818730349640691,0.2923863561021767,0.3015886587867196,0.2828207738558574,0.3082421050107945,0.2735089213599447,0.37735903163643847,0.24946765245270883,0.4230858554700621
0.3048747523985209,0.0,0.3036737348976226,0.27465549710164283,0.22656363182629208,0.39101141795066985,0.26127213254991766,0.41422453628237893,0.27983583316155547,0.3477747936999521,0.3161354925343061,0.33036412236250856,0.31928335881425435,0.2710040505925996,0.31192800182110353,0.28688859513732234,0.2972573527081799,0.26302518078781423,0.29950827338472114,0.29672983574290884,0.2962285585607283,0.36397120069566014,0.2576290470076724,0.27822414312226373,0.33456277172441706,0.23929896420690314,0.24658673458995528,0.2908871091620527,0.31228029063047363,0.23105255817894269,0.37237958135655297,0.3300926608285581,0.33043447890451344,0.2727994436284574,0.3016997716886046,0.32007028760194395,0.29443024811314905,0.29380614251053555,0.325603477841673,0.29486817793878284,0.32403734482410007,0.3060981017418341,0.23631173065478264,0.2707487099921215,0.3832462570077923,0.27216613906563075,0.25428850994569785,0.2720513499040708,0.2808495844653686,0.29217751856811003,0.3103379344304283,0.2717023941705262,0.2874343318798423,0.363873547842133,0.3457445698580084,0.3273558614594634,0.28845687335824904,0.2994821957161541,0.28122062753618077,0.3045488313575502,0.37091452883834053,0.20930260440989545,0.27654575019703276,0.21737349303079223,0.24193553422865768,0.2600099066146447,0.2913205938402246,0.25256436275658317,0.24294989088752908,0.32720279283522874,0.29077976254692534,0.25058431171125145,0.2607695225951646,0.3232753379258025,0.3644561015083069,0.25399210172068837,0.257632923985974,0.28632113446028057,0.2666049834318791,0.21569903201406987,0.26731627940266545,0.29799999507010827,0.31906244846345133,0.28318966831654635,0.2704014258263421,0.38895353817859285,0.29187161289652275,0.2475620675474728,0.27809355425593524,0.3155394976308619,0.25644013057721904,0.29475617709315455,0.3213297590626575,0.2827263319865292,0.28657403521478014,0.33232527787152766,0.26608054211237875,0.29204561977920745,0.20766221159155135,0.33092316947559464,0.2575292757331786,0.26417453549089276,0.20800044663961173,0.2375344204294221,0.28594742822885366,0.2633816820627594,0.27545239685265555,0.3305128680403265,0.29260776608941225,0.3338977523143974,0.27990569146827543,0.2518955303804755,0.31306468746047594,0.24682069752152047,0.29924640435421823,0.35764639091599804,0.2986150102142376,0.22725033008364978,0.2745787308308916,0.23424930314795928,0.24457127969318382,0.25955079137354137,0.2819307305820631,0.32750294698145316,0.2508025114724634,0.356735394805968,0.25158856405718477,0.3050905487868244,0.3373404605701366,0.26585361367357657,0.2955294949913629,0.2753956230303711,0.23681634316842723,0.32173892599061366,0.29894963374719974,0.23311136840074162,0.26511104910896965,0.2999857153558748,0.2811661181933826,0.2758663252640332,0.250974024042728,0.28438252517778606,0.3521876580045765,0.2876802957367807,0.3021233115420213,0.2589349527213498,0.33011332908886204,0.2692620332527301,0.34194035008835205,0.19621159041050662,0.28485241261221494,0.30026250140569527,0.25711078390430797,0.27069566798233946,0.2946139140603099,0.30725412347396885,0.2691474893055645,0.30661309994642577,0.2440530385449411,0.25476209348338447,0.2600386636075653,0.3068410907874088,0.21501046681223127,0.27569592223747613
0.2560518149692209,0.3036737348976226,0.0,0.22667692190481675,0.2614360671609988,0.28381561556794316,0.23996968982902098,0.3109212940891854,0.22582124914281648,0.33930631791593713,0.31128214558534617,0.2772774777585504,0.2904580555153686,0.2073760469313164,0.258330932838768,0.3260886405457871,0.3240632924029424,0.2584457416751712,0.24154599959008305,0.2298585300154582,0.34908045528463943,0.39452252829441115,0.2265616440283487,0.2909802384088313,0.27427663404234853,0.2496934974604539,0.21058295220883658,0.24924642820062237,0.24441145108558163,0.24509815871400872,0.23028633019324743,0.27620211386935273,0.21933453780931392,0.20894332387872216,0.2106727360076903,0.23495126197418656,0.270575368973627,0.2390412679143578,0.26294492999789315,0.2945412188725226,0.25319329865638235,0.32075854810151494,0.2571009697939722,0.24321205955819158,0.27138735019455973,0.249520356814264,0.2570110462767521,0.28067562707855154,0.26447301657344124,0.24447699306152898,0.27886795238632467,0.26559869258227387,0.20790170599685426,0.27277470791682323,0.25565921993773727,0.2383424955237153,0.2514865593149736,0.29713159586997956,0.2608576796723799,0.2274380707094952,0.2717388317730183,0.18439771628755544,0.2881330117778633,0.1960964046059763,0.22089707772341577,0.23514527304168276,0.23393374635041508,0.28201026440358057,0.25432576259372397,0.28941998588211554,0.2845626810485776,0.19521069018925089,0.23545690931971852,0.36370699669135126,0.29796237172223494,0.19497486190963112,0.2805651082933081,0.26695612503279437,0.2220312041169919,0.20328058198655294,0.2819733617707131,0.2563952501842846,0.29823374590354634,0.2345754772135315,0.2376134657153794,0.29625512582331565,0.23808760010132546,0.20296840819993273,0.2239071782813283,0.2154273677543642,0.25629123096406325,0.2029522519192539,0.26250493254110485,0.20837350961687762,0.25362115505029426,0.23864359285206768,0.2024808342779737,0.2344260155414817,0.17686449720234326,0.24507916747784905,0.18431186853254605,0.2746642923635515,0.1883112532598256,0.23743289126713918,0.22537611932753154,0.27423757770849816,0.2545724169258838,0.2718142985477998,0.26393803378106095,0.34827453945983067,0.257956709356428,0.2184836220872692,0.23518880122708224,0.21204584198745025,0.21190471583092776,0.2952588601833492,0.22360736943742338,0.26920706933380273,0.28076563120962533,0.1965046853742492,0.24107312996034816,0.206470300658498,0.22427933471405792,0.2915498942493356,0.1904610558623438,0.2811383571124902,0.21355911581911596,0.25844399542975827,0.26946596225388486,0.23244408937869016,0.24223295504380007,0.34519181988656544,0.18264158806394412,0.2101965988068988,0.26700342401612875,0.2162203151868161,0.22138624151851138,0.22473458912982924,0.2603957762022035,0.24576213619471401,0.19392546809300704,0.23024407419404033,0.2569193259486749,0.24632720161163515,0.2557529722039844,0.20560571128931246,0.3048306240863148,0.27158933486968045,0.32086274390062963,0.1856555954541339,0.21834948709364418,0.21195060773785568,0.24416672717608556,0.29916262427773926,0.28225612700133534,0.26050727477131375,0.26706539896547915,0.3112133272462695,0.17576363117452617,0.22434184300428156,0.2694053524245102,0.20183477652530746,0.21954506298848,0.2799593730589532
0.2552831250854881,0.27465549710164283,0.22667692190481675,0.0,0.2251164540558562,0.24829116762388617,0.30995662758931664,0.27911139733578333,0.2232541263843685,0.25122283684242125,0.26844891213822497,0.2602386013109753,0.24310178313771624,0.23272767333891967,0.28511973752200426,0.2172113852093915,0.2703893595854345,0.2640064966466942,0.2794826871624581,0.23149021129727693,0.2877036391217032,0.24231287817734118,0.27072819321688135,0.238028441747886,0.26941071745863754,0.24151559959052904,0.23395350650514013,0.2716560534161007,0.2251580736351019,0.19546129475213173,0.2545038836186426,0.23204167589951935,0.3849466078410789,0.25477389164601716,0.25943268436552647,0.256386564798609,0.24799594444958376,0.24972615004190157,0.2560986811512377,0.31569710048209093,0.3016644831640773,0.2766594545096984,0.2312446580922116,0.2828049243861275,0.25723047528660536,0.2621069079311231,0.19008267844456403,0.22515192914932686,0.27115445243882313,0.25184344692424754,0.3363469230620154,0.2890038503532002,0.26437719755211586,0.33353372207012366,0.2626198798420725,0.2353354516077993,0.29074302853613754,0.2740878119325636,0.2832965047566166,0.26723775414489825,0.3017896277386233,0.19469232333284264,0.2873479220786565,0.19268171847061105,0.2639519068962132,0.2691803804148414,0.2935463587045205,0.20965771890310678,0.2341644162812528,0.28151560140192305,0.2509602272108517,0.22321837836483124,0.2625964382227124,0.3462186072987199,0.27580781861692444,0.2182890301431008,0.28503362252157394,0.24970782618762033,0.2485079929421082,0.19152594799525985,0.25188556657394134,0.3134530213750348,0.2299937104244481,0.22911902708053863,0.2957560131676953,0.26066970378154936,0.2864622051706285,0.25610371383354197,0.243000202545623,0.22731994273860776,0.28197513035190386,0.2862438719819157,0.24218347512099542,0.24676638888926417,0.30890095430083175,0.23979182967850313,0.21387718633621383,0.27460929957495256,0.20342749263360582,0.28461087324484785,0.21847389799031386,0.2756042002417353,0.3064982031609794,0.2530279770393154,0.25602987974779945,0.2242850575029027,0.2624106614290776,0.25915475339219096,0.2668048915900121,0.24391892892626402,0.328042234582725,0.2575003927930636,0.302279603974365,0.26037833078852535,0.2519546630821546,0.25532589464978195,0.28226045601877453,0.19659771298536502,0.2973825330533103,0.23763089105307225,0.22817049265417993,0.2939421261583092,0.24339106761872914,0.2843343105015941,0.21692620342730054,0.2425012969198439,0.24739580567195818,0.21771259680249308,0.26120994859029323,0.2558428551712715,0.21347013656754946,0.2542312150250986,0.2261605706036934,0.2783005562455936,0.2477452469208246,0.21307256107169364,0.1789941438674771,0.26997457849948026,0.2498235516096623,0.26538789097976095,0.31428687911171505,0.2190372438373688,0.3368359691219877,0.2652130456743264,0.24667367041515684,0.24972626982978915,0.2503086352228108,0.23900613593368658,0.22657132196447743,0.16750947881325493,0.2998138405024647,0.2891537787458566,0.26329646157513564,0.21427602432987958,0.30462262472531937,0.26772724770612377,0.2394154652872352,0.26962693425513234,0.32900505927138435,0.2423628466985715,0.26230006054003435,0.2573718103705099,0.2550229585784947,0.2716749322733158
0.26492261436825404,0.22656363182629208,0.2614360671609988,0.2251164540558562,0.0,0.21368849893669414,0.30493239203086575,0.23968374039502655,0.23574887430050495,0.2343550518931088,0.29177690177149407,0.22825455146414447,0.2398617230763454,0.20595986144193235,0.30075891578645153,0.26343207627252524,0.25075797824914003,0.2694987017749348,0.21399899891142818,0.21381382287896722,0.285742874490818,0.2700339456222765,0.2747957686186109,0.25646776449100983,0.24988648008677547,0.26112596686825723,0.2254756924065078,0.21105271174193801,0.20382113362351226,0.2678524537920991,0.26966507945501633,0.22476691528333534,0.2228812261046074,0.2081640558253838,0.2625115828799706,0.24335057051029063,0.2782800194810663,0.2451155412415629,0.25647230863515974,0.2599384081922432,0.24533540803296414,0.2963666002636919,0.28769228749422104,0.28739032116398355,0.22531920472558706,0.23567295242975628,0.2648745454677615,0.3004477427590472,0.2863393935970856,0.24915287325841978,0.29359189102614297,0.22678068923730324,0.20701584392200925,0.23138019053959152,0.24356587214143208,0.22276234845430484,0.2280759095412676,0.30715040649744735,0.24119143526539985,0.21374857471205008,0.2034401335167005,0.18976639719565852,0.25500654889386454,0.2035682987296122,0.2269911509494416,0.19907213314495883,0.22672244918850654,0.2696561259391941,0.23415619001378254,0.295756563023642,0.2746708400023209,0.2114147324789725,0.20753667025199685,0.2731963884068713,0.2222187238014339,0.19525164844712872,0.25635112746977695,0.34472073280687576,0.22483996719046054,0.20614655325532605,0.25165406856509975,0.2704519056242548,0.29057789768321673,0.2017801960701201,0.22706529834072844,0.23829443476230117,0.25811287186892157,0.23616868295542864,0.21238615416857098,0.20885179651518843,0.3591178871584195,0.24458853353240778,0.28759144819982047,0.18698315406924546,0.24351761478307604,0.22171167889589416,0.17340832889234747,0.2106044316723134,0.2032912887544862,0.2141233884027303,0.2027036783372576,0.24466348728045514,0.231829860032411,0.2014919232041449,0.2263731078074719,0.2436302550472887,0.21259984145858063,0.2593428962555952,0.27293741408056826,0.24550224351346753,0.2513800345401713,0.2539308319639642,0.22596065158421083,0.23698933319523618,0.2196717440722437,0.2359932325194382,0.22290021218416123,0.236343734878102,0.2067125968140717,0.21016086241675283,0.28905854435733297,0.23224105400937436,0.20366764489783423,0.3163662631541238,0.21672624214893801,0.22944363088135167,0.1932590926486019,0.2479813997690945,0.20181073141910635,0.24030482656867727,0.21317402837114532,0.24462759419973892,0.1861088540235693,0.22617474262679724,0.22729025431102234,0.23876349011520487,0.21367184932647998,0.28589112833252456,0.24374512888040592,0.2984895144822318,0.19924610683070426,0.22251372785617152,0.25026524806482703,0.23816510594712065,0.2679309785282507,0.24260777017914692,0.2977376575710364,0.25225884366348234,0.22676726256636712,0.16417530918074696,0.24626070749570464,0.23251849176589648,0.2443266481841629,0.24628923399457342,0.27391492616569135,0.2731618631735494,0.21526882483119508,0.3026539822299385,0.20500845038461535,0.2219138943996319,0.22843494795018204,0.22662761919875585,0.2276813707247884,0.32199270208984376
0.26709408914587585,0.39101141795066985,0.28381561556794316,0.24829116762388617,0.21368849893669414,0.0,0.2534650346340077,0.31384061302923105,0.23060535515977337,0.26191941957369713,0.295612565161377,0.3250999415031793,0.3136897836614688,0.2123433208104538,0.26560762347031924,0.29035972998183274,0.2972626544754001,0.20756479201242484,0.2751495450435612,0.2535442681104482,0.29258736740930485,0.29323263542260936,0.20093325182814606,0.24403068770085332,0.28890657403927766,0.2243139357110779,0.19838103189052597,0.24641993386655875,0.26844544126568975,0.2230130525725404,0.2859160622138118,0.3247206240042862,0.2988607869304712,0.24156901593802477,0.25565567376938364,0.2499637035784823,0.27492016799331276,0.23617255211238275,0.2647998612069606,0.24599072729830057,0.30110762791110013,0.2933586010643796,0.2284630633907008,0.31165604997865887,0.26946193199601315,0.22990173272611247,0.2421559049576557,0.2629482536476627,0.22029820484986753,0.2542569991435597,0.27687865868934297,0.3250398072316167,0.23049835020594794,0.31937207545942853,0.2690359909380511,0.306226012315118,0.24840747650605022,0.3568010876413837,0.2170540266522021,0.23420378118542473,0.3277167901520635,0.20597488094895638,0.30047835656168387,0.18580744083557604,0.21060612995015723,0.22523829506236315,0.24134002152695225,0.2500252414213588,0.19962954696291274,0.2627716617720147,0.2702521522071062,0.20037806132767993,0.24788131213180095,0.28082019763096244,0.320491318574352,0.22269639542805195,0.2516432841037528,0.25786875323343583,0.2193800822994981,0.2577224167441458,0.31414332339858425,0.24534773776337082,0.27484905264510423,0.2617285420971257,0.2432091226648217,0.2795786982199145,0.27938335656102536,0.20735636009886863,0.25037719340684567,0.24736119773319795,0.2588687963008074,0.2922478463824934,0.28301571627098115,0.23697315038411648,0.23265435184403468,0.3050583067827358,0.23333402798240968,0.30978425133658893,0.18651767875556338,0.2721113942671494,0.21007005096252468,0.2364856679896085,0.2051129252757806,0.2146631538941173,0.2475985304845703,0.27153593830530703,0.2658308022331485,0.2777562747308607,0.24767596167352443,0.3186385312558277,0.2981890264561428,0.2138138146440997,0.3111210129614733,0.22487957165561354,0.23570065797167228,0.31662648765772705,0.27589569990359797,0.19611802308940443,0.34478274677491566,0.2215059019928625,0.22824631886281516,0.25093646372480977,0.2707549464446392,0.2992436666115882,0.2348861543555444,0.31523218048222107,0.23921102316806564,0.25541473407445714,0.29114457621523065,0.20963912945813828,0.26740432400368724,0.31360727527089,0.21495851698381105,0.2677979217677234,0.24730778077268678,0.2220646651433552,0.2519765832283123,0.23343033155969187,0.21289767077170563,0.22594292908738076,0.23186810324456852,0.2642938411789774,0.26669230300464786,0.24447550748563418,0.26615905911107984,0.2309062655523591,0.30023635344448707,0.267649527042776,0.2640863468011788,0.18940970536597013,0.24117527137209796,0.2623214453172756,0.20696495049013328,0.2378694351373384,0.3121225398678434,0.2498734641846084,0.24319595767074387,0.32696508882669906,0.22621246512490517,0.24972081520351497,0.2267284904750648,0.2744112267866873,0.20104763452628743,0.25906098225430535
0.2806110414189686,0.26127213254991766,0.23996968982902098,0.30995662758931664,0.30493239203086575,0.2534650346340077,0.0,0.257024259773624,0.24339912565894511,0.26436382792793733,0.30213033972287234,0.3144064663671625,0.2763583106606057,0.22471593322905997,0.3894582508627862,0.24143292542455697,0.2486198669871786,0.2789147087613726,0.2787460161792827,0.21469837320548849,0.2758015101121002,0.2889120268186484,0.3477972171397536,0.2866328707817667,0.30844175938783874,0.2622895744355702,0.25324762736668255,0.2408385373788913,0.24356854094949984,0.26607826453790395,0.29994766116182336,0.26177414402928306,0.3117497400019357,0.26083500236471235,0.2533036993833286,0.2381871653257044,0.3335979400084708,0.2410750923136027,0.27893528146323465,0.31651993724833855,0.2978114886989959,0.2961732027347318,0.2939778640043418,0.31883689335934723,0.27019070606857526,0.26753936040327575,0.24619392589381175,0.26348387965446834,0.3776842657930081,0.23505623575624437,0.339067231890282,0.2492323141519672,0.2132721309877463,0.3021332867898282,0.3077166496354184,0.2508799153279083,0.25084419834047417,0.30392051841279405,0.2747149145612389,0.23082558731321096,0.22665119410273218,0.19835902803128258,0.2528532607623779,0.19802161191157272,0.2276813817299291,0.2125925260920225,0.2720540699496873,0.2967462068821419,0.23879138634182145,0.2952237193974423,0.2964359683187618,0.2139318069964628,0.2106934068830017,0.31665226735747126,0.21563988818170812,0.2320775567032699,0.3255032360272382,0.30951408464081454,0.23789292617184615,0.2022036408979919,0.2616730555687125,0.29142456187751964,0.30268055767916197,0.20477341028272159,0.23401652381137264,0.2595656388037398,0.2684695628056442,0.2620423438219164,0.24831919102957728,0.2386714300068057,0.33327584101968893,0.3317843479848347,0.29226073955255644,0.21967080275806483,0.2598463476851368,0.3060997049291273,0.18685816248439363,0.27156692752326433,0.20177643526607136,0.2543394035569447,0.22997143294500969,0.2835554723324878,0.28379474885225237,0.24731236680314334,0.22719374282522412,0.2530950540423102,0.22184518505187203,0.26658416324898987,0.3096346333094067,0.27061334875707577,0.36357950025297775,0.2476527112376894,0.2449642404622101,0.23064446301499805,0.2360171391550236,0.25519349918196105,0.2497019455557301,0.26054102753689445,0.24511491711711736,0.21505217795875034,0.2432019340959027,0.25715138384190267,0.20926847151966269,0.36330421907947774,0.21262554629484187,0.3068220310235139,0.19873278245818807,0.27837268896291606,0.22355141556076066,0.2614208347372058,0.21585079032968954,0.2246021425675918,0.20580401828952077,0.2306137958228013,0.22494706190906513,0.24008483444553133,0.2308725797357435,0.2961653610735895,0.2634814125592718,0.3178110186823185,0.2667023755347535,0.22461092277480998,0.2804476335012434,0.23731961429200255,0.2788443756560535,0.29881431349843673,0.2952749115761396,0.28903505628720494,0.24033019884357007,0.15736914601382615,0.27589198606385057,0.2813555531918265,0.24658761457043418,0.27061079842856006,0.35930930681869044,0.3113030814375694,0.2777459952389024,0.3426522978527753,0.28124219338063483,0.27002372067051095,0.25091223189813866,0.2419422205662592,0.2427467854685727,0.30444829145899527
0.3387064734201004,0.41422453628237893,0.3109212940891854,0.27911139733578333,0.23968374039502655,0.31384061302923105,0.257024259773624,0.0,0.34173032174005025,0.35402044964730917,0.2944646948839502,0.311289882284146,0.360760873307837,0.2692949166171969,0.2996204346607671,0.32595769725291257,0.36765357164178253,0.30557489568710766,0.29182768540458764,0.3315503066365831,0.34305679111078535,0.2908881734750689,0.2897318089460093,0.26993176017201814,0.35450556283092666,0.2581819247538087,0.31004119144934544,0.3512045080059773,0.23845128615185013,0.27069548340258853,0.40814428361115146,0.34759278942862193,0.29549168036657547,0.3020732993074092,0.3189595142462598,0.3362344073356342,0.32183224275503564,0.3483503747759152,0.2925182148642055,0.34657994396726727,0.31767452709240024,0.3498398198070402,0.2745686863412064,0.2804419592360617,0.42966591264402565,0.32768295813306353,0.27950450912372876,0.25869062206944643,0.3222738303835105,0.3083409010731117,0.31668779532709296,0.2782457924260773,0.2835570270350264,0.29075499464575916,0.28951440685263746,0.3402890451051514,0.31011592834918017,0.3658996992678789,0.341250428389135,0.30135386039730755,0.38718304622743843,0.22109279262618872,0.29807592833792507,0.2588167038942658,0.2542667143179559,0.2782254202002651,0.32936876720122316,0.25819071649885517,0.3066226847628209,0.3982245480667183,0.29998070407488775,0.28140841129791083,0.3170808450152956,0.3655588148670863,0.4349756243572679,0.2795864524044052,0.29044658444504284,0.28927878198324847,0.3345321985035939,0.21813024987360385,0.30594692591052314,0.30995590317216254,0.329037337891729,0.331463206533066,0.36874626334627375,0.4629115299829163,0.36948151320358213,0.2962536163075706,0.3706479575258364,0.3105372238313562,0.28721600723425816,0.31316763466496217,0.31587729939172327,0.2722958020479637,0.3505802375208,0.29014720907790087,0.2637568090281434,0.36416777076552426,0.22888825700854804,0.3893885493493556,0.25405810968968595,0.321511072348452,0.2544960809030544,0.2686592602863099,0.3532709202300177,0.3290168266841892,0.32850472921822754,0.4151626721974779,0.33689541755296337,0.3244793630074276,0.27253554218076864,0.3060709662780713,0.3496388495115027,0.3212635698356874,0.3015436836515872,0.36401327540977296,0.37844700677553084,0.24220207368395474,0.2719715406375184,0.26569666296834016,0.2653612404506629,0.31056838965102934,0.2950149075320807,0.32693868686148736,0.26527306375492793,0.28768408402517104,0.26639779428313454,0.3006042150988333,0.330226268209722,0.2946656915584635,0.38736025601120544,0.31262544189086733,0.2568219389939556,0.28272217728873483,0.2921197751749481,0.23861084651127254,0.27887661636254485,0.30415243159700966,0.32917636281992313,0.3252645663051867,0.25216679830717753,0.2773023420366125,0.3927969330430833,0.3349930373710402,0.33723173575446896,0.3068179118761717,0.35174416051774815,0.30919315265432334,0.3881131462379278,0.21689736209207253,0.3299864773287404,0.33480734174257404,0.2787097159787606,0.29735790377431276,0.374805374037584,0.33268847161602483,0.2657294719667668,0.3435542028489751,0.2411439462958571,0.27367784740828155,0.3080628481022308,0.3189331399523629,0.280200660784482,0.2898725499362761
0.35055373875543894,0.27983583316155547,0.22582124914281648,0.2232541263843685,0.23574887430050495,0.23060535515977337,0.24339912565894511,0.34173032174005025,0.0,0.24570501964399286,0.23066269300065376,0.22858010600988235,0.2713161046703263,0.2996799239519045,0.254152253317119,0.24989476359197899,0.26047497105099326,0.317104661365903,0.21833250306049115,0.29455407949732854,0.245792537984084,0.28157384793217705,0.23875444969660703,0.2219961517491045,0.26095726887436804,0.2353156130771021,0.27237802317482784,0.2574345433132299,0.2006516297451807,0.29277940364805716,0.3460926425532074,0.2702794414156357,0.23401352539105594,0.22583322945339243,0.3082114229743869,0.24037564494176863,0.26912871747662676,0.32459794128725716,0.25372966801293856,0.27324521649291356,0.23299825524260037,0.3310978717717077,0.2527537399098527,0.24649822047090958,0.30214297807001944,0.27400945302912366,0.24771576655179697,0.2177785808818478,0.270354269410899,0.27357096699643063,0.2610614636799533,0.23487406124300833,0.2827970236661091,0.22675032175071236,0.23073033563211817,0.3580385060564159,0.288301957355527,0.2598034257035037,0.28339631639223783,0.24317798636666157,0.2632468423463811,0.2396795526159371,0.2493942424183607,0.24438409732286773,0.2843720949570813,0.25774654917240714,0.32744835393381644,0.2748606638917733,0.255702857831954,0.31220667725520446,0.3534831071697275,0.2909623197784177,0.31985855864337764,0.26436076474882203,0.2978661381187349,0.2821630201279946,0.2373773245884661,0.22745074570205348,0.2942936008785085,0.22558066044342678,0.2596006836372871,0.3539583238134898,0.31780275770509686,0.24919459645749062,0.3273606184347223,0.34921813162742105,0.3217144386337088,0.33218636134642227,0.28774733016792875,0.3743760120063719,0.29349467130802603,0.33232843683254903,0.2564496835729464,0.25942129500224065,0.38350304749266534,0.2572151779748068,0.26409995930081664,0.27529371912134454,0.2952839025717337,0.2776857789571977,0.26773004986414456,0.2509187644783305,0.2549181624563503,0.2104420089017849,0.33384287418426123,0.2671802411424122,0.22894751427610138,0.28453668949280836,0.2721654799711226,0.23382935917303907,0.21285841643530484,0.34076613027700176,0.296108691779195,0.32239021105994714,0.25968152696073643,0.28600739564624,0.29394442801913534,0.2232157968828368,0.19472117420005283,0.27401784355064285,0.28650962113029843,0.28675904599905383,0.2764921883759842,0.2884140957029571,0.39651348351442833,0.21899365853627228,0.2646285757862006,0.24923904300822744,0.21696226813931196,0.2886521106156627,0.39447562379849904,0.2719269565707441,0.2673798420402499,0.33025316502608976,0.2444849733396909,0.26663830244854847,0.2559184338277394,0.2728340979990625,0.2743842386035581,0.31193559614490096,0.22753048393934372,0.25952386264150634,0.3526412852670733,0.3266473313938603,0.2845659919954694,0.29601313471411855,0.34890948817393114,0.2499367652064526,0.28592651320804097,0.19104209294509822,0.331672712225581,0.2781590972248545,0.24413717987071576,0.2554481187995025,0.25447475171730366,0.33916195717553405,0.23157130131860837,0.2608153976657517,0.2667183345973487,0.26343188566196873,0.2367359895537168,0.3328562600815325,0.3162553286645905,0.2974441927575598
0.2787447422806885,0.3477747936999521,0.33930631791593713,0.25122283684242125,0.2343550518931088,0.26191941957369713,0.26436382792793733,0.35402044964730917,0.24570501964399286,0.0,0.2771833983130956,0.2630846181279732,0.2934941607995304,0.23336739448953822,0.27797261462468137,0.27136081148616054,0.261341448498202,0.29371355499560076,0.25288201119655634,0.23105776589096935,0.25781588456753496,0.27522563304122627,0.30428088976721224,0.23037719843498078,0.39445239008499006,0.23230021015330765,0.25687714930791095,0.26443377324670736,0.31648859105712507,0.23667372432360542,0.322902240227609,0.2891176619893459,0.22777819448725495,0.23441800791046133,0.2490562639426639,0.2478829831188707,0.3106471362633792,0.2589958089725586,0.23414441014716322,0.27076648352076493,0.22580612828707614,0.28965030283965504,0.2606897854085799,0.23339548485774236,0.29282311159348845,0.25291045143011043,0.23146125484794403,0.2660599135241333,0.31841044522813367,0.21585891510884372,0.2685629247113597,0.21274064118146307,0.21069077303475914,0.26564658965952076,0.2999268831625932,0.27900601555590804,0.2333345249364695,0.2632503613353617,0.2846999654238857,0.22574870439034614,0.29288089219781044,0.19144731735839607,0.23528694894415725,0.1998829786336737,0.21541251603312947,0.2298975668386014,0.2540526363997516,0.26642316080490847,0.2875037192308209,0.3888229301543308,0.24992878046213637,0.2369919790958511,0.21761867288565845,0.3019262793016219,0.2759442312639805,0.24296969679337868,0.24837216998811504,0.27800178607174514,0.24041469682667965,0.2077006491811805,0.2711547779293476,0.2578038141688092,0.31161221975811326,0.26794286506521026,0.2419734079760392,0.2874468881108013,0.3006586395184345,0.2627902369446087,0.2922752260013739,0.23237583732701728,0.2493578071089479,0.23779108959619336,0.26695454125051477,0.20589143999953458,0.25597501342490375,0.30250588242445225,0.190853563653841,0.2575897792590057,0.19624546759635803,0.27986308525765446,0.22966415831306847,0.2869861814539707,0.23023110001018846,0.2963546274753332,0.2335948132792288,0.24138848509638397,0.23977581972312445,0.3655340183067087,0.26029921274662426,0.281384751102144,0.2389210293430384,0.22526594757124704,0.27236170596022974,0.26431439906960097,0.2383350355966162,0.26550119629633606,0.2799861427362987,0.2975859791593143,0.24151430442985145,0.23359183450616888,0.2048230500986489,0.2607854738279422,0.21239187569137774,0.29979066821538464,0.21227330001367192,0.3405799885124234,0.20627959857825903,0.24446382556792964,0.28649511059582905,0.2616745302183836,0.29327079837396874,0.24032337995878328,0.22764665391076672,0.2138564168639627,0.24704061256478782,0.21031953039424547,0.2395216922250938,0.2636425546361588,0.2959270139489915,0.28999454582421696,0.2544851221894722,0.24622688498464615,0.26997874167966973,0.22846531265682954,0.27329292533865696,0.2638350865420993,0.23885467118266063,0.30694134835003856,0.41219379613611284,0.18127420746364004,0.2510390065982469,0.30141756302971406,0.22341524320509043,0.26430461140729183,0.302580511848518,0.3009100919668549,0.23014851689290028,0.3235863399691606,0.2239779424813063,0.25624329818764774,0.33099221747612306,0.27529989932419063,0.25051135676762215,0.2462161464411563
0.3241472458829271,0.3161354925343061,0.31128214558534617,0.26844891213822497,0.29177690177149407,0.295612565161377,0.30213033972287234,0.2944646948839502,0.23066269300065376,0.2771833983130956,0.0,0.327278800235728,0.3175540767084276,0.2274988936170693,0.29151892741063606,0.3345595184723706,0.3415306701131049,0.2829974326379053,0.2972405583151741,0.26285751272248836,0.35199226305471204,0.34686418571757266,0.28299555385092384,0.3239884254530593,0.3428852545149546,0.2834499207677284,0.2418990573481061,0.2964860041365252,0.28722362973128923,0.2620292973806009,0.27170243353838264,0.3095298826899305,0.2509289529985689,0.2521884492610671,0.27874026673427416,0.2908319590781439,0.35323761194204756,0.2692407222787352,0.333155093111697,0.3365538155745732,0.2892745361194034,0.3203025001461699,0.28868539211477223,0.34356612650692236,0.2778194301628255,0.2618538479701088,0.21913217710360441,0.3970528536554297,0.34313557967490765,0.25368376264224435,0.3523109009039388,0.26240411242813816,0.22297500438093767,0.33659511834876793,0.34519167180173366,0.236932701624234,0.29990040004765306,0.3654477397891529,0.29410306612432385,0.25139829341729125,0.30873250509981814,0.18066036936499696,0.3147410546336663,0.21470316178913892,0.21872154668329494,0.24358694667484884,0.28373667235205996,0.26200133879893606,0.26463341319822486,0.3148843819347985,0.295936566687481,0.21875275174667685,0.26877263373157795,0.3549553693450431,0.29508184594699677,0.2391626322962582,0.34810375657572856,0.30113192044429066,0.24059406410424447,0.22822270742133316,0.3095309523793197,0.254082856555039,0.29277892897097474,0.25257774799158794,0.2611577787700634,0.27557149731677083,0.308711028601982,0.23602341348661246,0.2328987203276137,0.2368791559105469,0.3471502676277356,0.22538641413901664,0.35321546798873227,0.2594110748615959,0.27282396583383145,0.26935374887186203,0.1997313307055261,0.23179208595274003,0.19182531318185503,0.25485603911873805,0.24090783662924198,0.3115951391529786,0.22890015082950937,0.21527564111616146,0.24892411972932724,0.24426126854360863,0.24864054763619114,0.31009709665455604,0.28016390810389835,0.38716827636405626,0.3895037939325873,0.2560870220743613,0.2861646837677319,0.24418701519843553,0.2535017932100076,0.2909536813199769,0.27566306736722906,0.2759172731946676,0.3130436961247716,0.2135593406852192,0.27333449440212715,0.22394201605999645,0.26483539636641806,0.3661109494650479,0.22876904611288607,0.32214032048196484,0.19734413490681751,0.2775582288098714,0.2812004790688917,0.24495594923903644,0.22094855387019208,0.29173701691915643,0.23406506796401425,0.2611729556996797,0.32280490413310736,0.24879036259732457,0.2617138312902716,0.2747890227180441,0.2945258202529099,0.2922083950544579,0.24494066562406677,0.2632935383112596,0.25954619287300573,0.26177484829590425,0.35311097040874584,0.23694210637138,0.2817595544786204,0.2747291032465183,0.2799610175909143,0.19524954981568413,0.3377690367946362,0.2722824709472586,0.3171914277969028,0.2677103841355898,0.3086405765675796,0.2964240482069609,0.29358571535040073,0.3208988763351629,0.24653565373325742,0.2574681738998598,0.2520906125487193,0.278899957787722,0.21800645562564633,0.4113834707413504
0.25613654706160366,0.33036412236250856,0.2772774777585504,0.2602386013109753,0.22825455146414447,0.3250999415031793,0.3144064663671625,0.311289882284146,0.22858010600988235,0.2630846181279732,0.327278800235728,0.0,0.24811128021576892,0.178682166433605,0.2689586329427538,0.27316809344225046,0.29057358073534206,0.21753062742386775,0.33034456012848273,0.2404936206327225,0.3092349806137594,0.27540775154944425,0.25357442841345923,0.2783303764668399,0.3167963203213438,0.2333985636987048,0.2245256696409638,0.24276573292917844,0.25703194303756066,0.2619737565728188,0.29068636014392835,0.27090058107904597,0.272429604400793,0.26556591863914375,0.2347939981162365,0.2555837542523584,0.27740111400513656,0.23360408540828484,0.3436661525434822,0.2756769793272098,0.3128940526700534,0.2802621945453622,0.25138622875112426,0.30502905614134074,0.2679367968176437,0.24952772539919088,0.24728504121094325,0.2782325539182473,0.2689988573303204,0.24507941827321508,0.3074260265698752,0.29098003581522575,0.2114793321432401,0.3316485970112844,0.33053840750037816,0.23539307997341502,0.27793416860108894,0.39098965454164436,0.22099712053647777,0.23473689976441844,0.24503240349592934,0.17254342753518262,0.27964139574415103,0.19518650341135935,0.20098082851247495,0.216648240832494,0.21926088135832994,0.21148325734254528,0.2051951171841245,0.24731864890730446,0.24070310928758576,0.1900208658578378,0.21574311173491612,0.2786375935608251,0.2618515189332507,0.20922441639040337,0.26161515209702685,0.2724504867836706,0.23031471992588268,0.1902574116624727,0.2355393751422329,0.24634018743021868,0.2657590729697264,0.20334197551143374,0.2494914396511439,0.2732634000608426,0.241542685036797,0.215652195900366,0.23844078057595086,0.22979430587086008,0.28056780751215643,0.26837673258133327,0.2873484318271029,0.23613759421612776,0.22490206248262382,0.32585883934248333,0.19578177787379816,0.28566592488022724,0.17722144755027333,0.2382089678631057,0.1920176228823488,0.2605089118807358,0.23621816378462127,0.27047762071895465,0.22460290361961607,0.2449357967029019,0.25982191195552534,0.2686244010874563,0.25977550289753704,0.33319717944130667,0.39981025088527294,0.24363040778874842,0.22777549205958544,0.2191428206639073,0.22308709746552785,0.2864465962234884,0.25953402690045596,0.25770890855438583,0.307083114203558,0.19353794008647984,0.22308200738306605,0.22986430481132614,0.22676653149102002,0.2918489735491543,0.18778770389695615,0.3554762248481411,0.19422510560790693,0.2813057778769,0.2931215333577546,0.2089980820765419,0.2238822897264614,0.24688001008729635,0.1864584525639407,0.23983182364389596,0.2499392563423693,0.19460017921842426,0.2579855104748446,0.24591235206856077,0.23559041381711657,0.26167182473425676,0.2047758718902781,0.21893584525068585,0.269387324832554,0.2422849618469836,0.2730930880157937,0.27637193643683633,0.32964006736768553,0.2399534280661567,0.296845767014084,0.18403040125496872,0.27268011311583384,0.26096882045913966,0.25331819335525846,0.25813550204311053,0.3588539319909986,0.23066760278287865,0.23382611824100888,0.30563259804099974,0.21232995267973423,0.22298976292351552,0.1959746925658191,0.2295699635212432,0.19521799747589177,0.27274387320104515
