0,1,2,3,4,5,6,7,8,9,10,11,12,13,14,15,16,17,18,19,20,21,22,23,24,25,26,27,28,29,30,31,32,33,34,35,36,37,38,39,40,41,42,43,44,45,46,47,48,49,50,51,52,53,54,55,56,57,58,59,60,61,62,63,64,65,66,67,68,69,70,71,72,73,74,75,76,77,78,79,80,81,82,83,84,85,86,87,88,89,90,91,92,93,94,95,96,97,98,99,100,101,102,103,104,105,106,107,108,109,110,111,112,113,114,115,116,117,118,119,120,121,122,123,124,125,126,127,128,129,130,131,132,133,134,135,136,137,138,139,140,141,142,143,144,145,146,147,148,149,150,151,152,153,154,155,156,157,158,159,160,161,162,163
0.0,0.5812796455255748,0.4825469638314965,0.5358962462259551,0.44608937511436314,0.5643400417325892,0.5097728739732493,0.5881638897574294,0.5565253241045575,0.5514420233186423,0.5248490459723792,0.4857819682734086,0.7297157619469163,0.5089176884985627,0.6045240643405784,0.569628014030243,0.64725598825436,0.7192588121312845,0.5436192318678058,0.6593402878844346,0.5660104285720942,0.5396716048912098,0.5135116994995652,0.524803118236459,0.6098055049668876,0.474394718394043,0.520547755433176,0.5553435686047345,0.47732213435604276,0.5097803917126495,0.5789868387687881,0.6161936419835905,0.5449307809873041,0.4682754776444052,0.6046675387244441,0.48554977052772486,0.6114934502147967,0.5577378886534221,0.4797443182917771,0.6683030339217316,0.5295870522946221,0.5390470938991859,0.6001997100371779,0.527350585625705,0.5862957479171624,0.6445422112894236,0.4906505418397386,0.5023602344354784,0.573563533364845,0.6189874537268175,0.6302142668889223,0.5486174203238162,0.5122098432340975,0.5381641977217301,0.5067858925839809,0.5254339016932589,0.6853411432537606,0.5451558347987359,0.5752292121971004,0.5916412253467154,0.5860631253945311,0.45243447927514424,0.5556924315566393,0.439156444750915,0.5603659274239609,0.5635075560483772,0.5365924064410953,0.5306539792195165,0.5443122230497871,0.6170330540994745,0.580885090585569,0.5522019065809067,0.5166339896098451,0.66121794345254,0.6170803211953668,0.5361957566549194,0.5025622781723917,0.4815262540146298,0.5457149295242195,0.48297413300055686,0.5140512983882247,0.5735597735480716,0.5480327510843621,0.5263231451247069,0.582246565557911,0.5749313048693857,0.5622977055648812,0.5983579860389353,0.6228145400779302,0.46808002616728855,0.5920865408113067,0.5264433865440599,0.5933794885042476,0.5610052089931926,0.5594660535303331,0.49639894159689424,0.4588410954774913,0.5005225759069133,0.42584054487273126,0.6108819288640106,0.48655811926912435,0.5284147623739814,0.4891927106772866,0.4740448160268083,0.578893672718243,0.5903719797312332,0.5864726464931912,0.5838079298900806,0.6314236008555054,0.5394854451479619,0.5037449934838815,0.5189165263126658,0.5989878128945193,0.5142037804749667,0.5743710763734133,0.6466578317398972,0.6375835119163058,0.5047288080999606,0.49879287860806265,0.4566418240491153,0.5367156902631632,0.5075617737002962,0.5541907484393385,0.5983942659738604,0.525144259834058,0.524777480013228,0.49106577474118995,0.4753373590261256,0.5040202566522584,0.5708674222095851,0.5327815135816392,0.5343622406908771,0.5197899061406732,0.4845823810317336,0.5171885396461425,0.5108394464270417,0.5423196049680795,0.6169993062495471,0.5646981510126501,0.6018444166096721,0.5010566857348255,0.5039038977176161,0.6346008090166765,0.47921960301692085,0.5181890215020992,0.5088827557460767,0.5012543540930855,0.5479105512329514,0.5651217069564701,0.3620233115448566,0.5907607042060444,0.5512995724806459,0.557032341522882,0.5017581666433212,0.5463199824022593,0.5834769024764251,0.5292636833894295,0.5549122228509351,0.5488121456732243,0.531396319067818,0.5003321742596826,0.6120205122452691,0.47429227845504973,0.5753527387280294
0.5812796455255748,0.0,0.5160160316261585,0.5233937368653111,0.4283112564930683,0.6738580605467063,0.47665396447392683,0.635756837981675,0.5641016081336199,0.6118319676039528,0.49784774151243855,0.5416072122395184,0.6054329797386259,0.5110882951277725,0.5802741438765538,0.5383199862726713,0.5573965534754205,0.5166097096304111,0.5165890498298141,0.5821038831266127,0.5500748821232334,0.5640053556308214,0.44938296642600106,0.5093155201434821,0.5809785500573768,0.4491761158184015,0.4839015713823617,0.47011004511467885,0.5651802318605348,0.46761694035104096,0.647420012139367,0.5619192729442394,0.6103228728485317,0.4496284373710809,0.5901004704607598,0.5423681252368212,0.5564402230782219,0.552890249342879,0.5320796613258263,0.5673785338278494,0.5866320514639579,0.5269918708912263,0.4985356967524718,0.5389266541759115,0.5954242161459167,0.5401100191973144,0.4808057136452811,0.5034149925372666,0.4896081574991357,0.561003010356139,0.5381706701335518,0.5224438958397046,0.48774403744402794,0.5911517721892517,0.5224387441150836,0.5931461498495431,0.5494103920617891,0.5538239342507779,0.49994708667839505,0.5684692326482859,0.6045162214626545,0.46086074295480267,0.49430633413864783,0.45695626724857685,0.48903372908015,0.4838994836276443,0.5231208753702825,0.4880000042618045,0.4670388354411468,0.5470877530038845,0.5432392707341432,0.5218777862156917,0.4753088619854448,0.5606048301449649,0.6010516677867562,0.47294054356481247,0.45951135271679344,0.4880744019912206,0.5020470004192817,0.46247604622851757,0.5152899885302367,0.5532327464328815,0.5694375054979921,0.5357018751533302,0.525480555433628,0.6178865607880554,0.5389013021466985,0.4955576379916461,0.5512688442270479,0.5334582825364351,0.5135378117082214,0.5840136167786811,0.5624781765786826,0.4908668864027808,0.5239679332388388,0.5905099272244653,0.4986406590665653,0.5504276854334619,0.44347171164608024,0.5667271710695134,0.5142048732141855,0.487234826851574,0.45482323676809194,0.5125868517893232,0.5426384650433452,0.5398064825192385,0.550004886631649,0.5628735603303173,0.5764596456911611,0.568996774378352,0.48751059217743326,0.49089226946664716,0.5600174891868505,0.5064955113162742,0.5150389180172431,0.5882936675622294,0.5561439041930364,0.462028893312377,0.5038766868087323,0.4762765494611698,0.5106703709904726,0.5070364307839242,0.533739294918124,0.5572052229402226,0.5288550091166454,0.5919767916661343,0.4916597758822709,0.5279127354561596,0.5736773226825214,0.5400654094210271,0.5797741623392934,0.5356303543329196,0.4883454570634068,0.5229010562082566,0.5525457997243393,0.4907080410405491,0.5310337532651057,0.583989964985342,0.5327664578246489,0.5708693524330785,0.49882444880420107,0.5410149087637969,0.6188448289351777,0.5084466966823218,0.5418151990430428,0.4644513294430137,0.5658852137832832,0.5485072656531024,0.61153528657701,0.39754809533954,0.5305973697182848,0.5410197466823469,0.5164126640409744,0.5326751991713015,0.569305357410942,0.5602168332080558,0.46814924542833264,0.5630704436331336,0.524033811497043,0.4542335502192422,0.48070641673103887,0.5777858738932778,0.4821107955161464,0.5128357355754392
0.4825469638314965,0.5160160316261585,0.0,0.4467996377108544,0.5209657836622039,0.5562627398917506,0.4227778602925109,0.4982944939858193,0.45708123569282694,0.5179106835648222,0.4943873679232754,0.4660123005285952,0.5163274879661764,0.41723427191650614,0.5050202971437298,0.5393296817998618,0.5258674888689229,0.4702874605793004,0.42388990815514976,0.4675378696240467,0.5902434473362991,0.673334698197221,0.3879248313718771,0.4912093756767966,0.4880050793781515,0.473299662373882,0.400189059560928,0.38898422467950666,0.47847160070391265,0.42868373423059425,0.45190819350012235,0.4623084460878407,0.47671820074343585,0.367792019936195,0.44811398135912944,0.46162650637349156,0.4969753799037822,0.4851794612158209,0.4546259297230412,0.49629209453540607,0.5108691885721202,0.5403669430407247,0.513938431097494,0.5122952369024997,0.4684498541607642,0.45341291065708195,0.49954303583722415,0.550490498823249,0.42348347924998603,0.5098328543718875,0.48906291062898016,0.5178007901424515,0.4045488297939829,0.5202447305341136,0.4442225871515534,0.48139527793980047,0.46463110955061543,0.553387817186371,0.44594294871378387,0.42723227270684627,0.4748796312743832,0.4013702464396367,0.5159964376400867,0.4157181118172204,0.44695210541531477,0.4320799195791743,0.4427162978226592,0.540939253201076,0.49303371610929386,0.49804535746466505,0.5384314798961943,0.41557324203006435,0.4367584662077188,0.5267867461174975,0.5023657310330292,0.36957432367626614,0.43425272530912895,0.4866833674682343,0.4369372910450495,0.41405089936416356,0.5083329269975351,0.4920380665732863,0.5248051785163658,0.45609209177070104,0.4602687984114169,0.5103477191203406,0.46894185218868795,0.42150662294852603,0.40639655767593347,0.4307396569594743,0.5248079258105063,0.433993447804403,0.47783339565156213,0.39052329257678686,0.4691168979451439,0.5127943404436808,0.4264232019022518,0.4600156901186808,0.38237190143022687,0.4266334667918443,0.39311388887607523,0.45998640851104505,0.4189341392460141,0.4710995357339145,0.4457642597724736,0.5168700681468699,0.4893986165687529,0.5006400756558166,0.4912596570249275,0.5395796881118468,0.4425172912863444,0.4553249905773721,0.4805114396807978,0.42953625194715667,0.4255239789510277,0.4982927178859749,0.4231816101987214,0.4351153446064442,0.5478565022416217,0.4008124766932559,0.5014463871361198,0.44573609755890536,0.46361217592995874,0.475809634977581,0.4324197877651068,0.48060540822274384,0.4305839552776706,0.45847298492294963,0.4851221043363665,0.49248191672670394,0.4662018612912267,0.613601110303908,0.38948270585838674,0.4319581835582847,0.512694249776869,0.46576903957338506,0.45334920705220877,0.4851878336401747,0.48838490411206303,0.4675789031641867,0.42043685711143897,0.46694863276490806,0.46356954351059554,0.4730383933197787,0.49700795525772573,0.43964713416277157,0.5731762089030991,0.4758158703983315,0.5416493690255886,0.36011773864750657,0.42656869689417465,0.42382593958290515,0.47096331341316217,0.5725346496232446,0.5181856542994311,0.4842519697975635,0.40289549595468427,0.5333519213367446,0.40594572107723315,0.389677791559355,0.44984827400688593,0.4322107961198474,0.43529437837598484,0.48986469612218364
0.5358962462259551,0.5233937368653111,0.4467996377108544,0.0,0.4363420486131588,0.5155735413377364,0.54000528647388,0.5282020292874998,0.48324963163160056,0.5011595071664061,0.5440300969304875,0.5210414736970749,0.5093548650115776,0.4623631942623482,0.5542402842107441,0.4776444855820769,0.5123823596905823,0.49191798804907305,0.5305818083876814,0.49078150882363414,0.5534922759028171,0.5076001037213393,0.48705209355899415,0.5012880461130166,0.5735873919455702,0.48631090692834417,0.4796351089495387,0.47973799126038424,0.4742283997837505,0.4194461201853518,0.5544127204326567,0.495557467027362,0.5982638598125922,0.47133384206394396,0.5692678149099728,0.5118498028307944,0.5507194645095851,0.5029230792429059,0.5274501936484944,0.576121696496042,0.5315071174518865,0.5139507335768535,0.49432129641408024,0.5889609294065121,0.5254702055509045,0.4717582300173827,0.3992524214370141,0.5172329444784973,0.5275951368885812,0.5042574703375519,0.5789215889911914,0.5013149303627594,0.4205881354128366,0.6335956693118104,0.5513297795885486,0.47543853255611823,0.5266469507933541,0.5469951313040341,0.5098067602777293,0.4831546836746215,0.564218752184867,0.4029715339407083,0.475340048181928,0.42811419489652675,0.47189269976921466,0.45643705706100063,0.5637672918838403,0.45519559637002366,0.4515945822559322,0.555690027427127,0.5035049752695271,0.48016530844220146,0.5310724279927236,0.5797048490466253,0.4963639757293801,0.4265519919650031,0.5009727406594551,0.47856364440530635,0.46791053859982146,0.440072432328129,0.4533981829144513,0.5901008042031953,0.46184851344216166,0.4584561077564546,0.5731223715551411,0.4975347825179102,0.5894689723921072,0.5089888103345831,0.47233407671132216,0.45895782168375093,0.565582596321295,0.5684081019400248,0.5190070691734817,0.45670832325145844,0.5695182234924155,0.5210248808605034,0.43779276986731863,0.5177807826943733,0.429930947226224,0.5273482938825391,0.4857920278212735,0.52152002807778,0.5827700209502006,0.5037240717624751,0.51155401826504,0.45831113855293565,0.5039570978040234,0.5216634648590822,0.49026215531733713,0.5146112678571405,0.599070921047329,0.5446032722734047,0.5948025361764744,0.5144900517362433,0.46753749668052536,0.5005502322483442,0.4912516978562815,0.4576403882498221,0.5541014671944348,0.4618309752093703,0.48614777774378093,0.5427164008467211,0.5177597242182891,0.5250647807517257,0.5186889749044975,0.5103635340421294,0.46847546779504773,0.449121875503121,0.5117817021341422,0.4784394002762199,0.4406060323158517,0.4776187636604446,0.4879520009030708,0.5411658871568458,0.5476845904085869,0.4311252186983948,0.4181702134944806,0.5668186549676719,0.5220422542736641,0.5487361603876737,0.503755463022333,0.4715840811902155,0.5990121298821245,0.5252786230731319,0.5429140524637878,0.49772028817888275,0.4818478802322014,0.4524523892348712,0.4963668493234755,0.3534625169370257,0.6338508744643526,0.48712958838516157,0.5224538196084719,0.4391243557966783,0.5903879324918098,0.5448574415547297,0.4633189997610431,0.5212808519453127,0.6505351414825248,0.49278984394155023,0.4305514563507095,0.551897680342764,0.48890033396136595,0.5737317187584804
0.44608937511436314,0.4283112564930683,0.5209657836622039,0.4363420486131588,0.0,0.470426226922445,0.4642478407323725,0.409659042015871,0.40863873946023943,0.42470294517725665,0.5291865135336573,0.46388260792307945,0.46190018512980513,0.38147896188031466,0.45341103206132755,0.5337635141116764,0.49576827084452535,0.41979154819671083,0.3993825681267933,0.403486443604768,0.5318090095755551,0.5232406717844221,0.4097770409326243,0.5012107668610291,0.44496401016212705,0.5081087556521008,0.39836702917378775,0.3788786224635969,0.43471229472873435,0.47014422687123314,0.40786356341881047,0.4329077691810582,0.42504673564362866,0.37279123733641617,0.4102248461626715,0.4087725884002697,0.49964152411694807,0.43242737542292253,0.44841818357189916,0.49172647642303713,0.4386942238244373,0.5220034003145265,0.4635829259869177,0.5159473389196158,0.40975914286850346,0.40682385296458884,0.4479150161716547,0.5556786744544185,0.43866963583281765,0.43943458680803377,0.4789131605108038,0.46919072193262,0.3533327263720559,0.46044804414166535,0.4328042272902489,0.434927973497901,0.4384998652771928,0.5560096616106525,0.39382601814854884,0.3959865227485325,0.4049637307153136,0.367753804701228,0.4397274780569229,0.37235737172912947,0.38910088346973015,0.37754667646163625,0.419620648330344,0.49456044207102173,0.4138364730368918,0.4391121438436697,0.4721444976180604,0.3829963130943034,0.40707112688104846,0.49051535528749635,0.4167870596343956,0.34894412535045083,0.47104994869732836,0.6027150719061837,0.3868564273491512,0.4606879300367148,0.4267697597481871,0.4374846290125181,0.5056447672022749,0.38733179234978155,0.43864642872174364,0.4282826946468458,0.4337129259273614,0.39309388796914524,0.37173458711845997,0.4065702787649025,0.5658330929066808,0.40114242072054024,0.46367883611245353,0.37020751359690385,0.43650230139551177,0.45430649743886276,0.350741192870751,0.40160035625376256,0.36896117916445575,0.38987899647235813,0.38000888708116454,0.4273463731819682,0.4023993399426353,0.39296409169748014,0.3915127118464229,0.46227425122901866,0.4220463929113183,0.4501101505724736,0.4375285576519338,0.5082851681024045,0.47175781795404914,0.44397652713863256,0.4362252141477857,0.41329287459292274,0.38616795468429305,0.48578971830705303,0.38121303046280447,0.4278578323246622,0.48197538445719634,0.382363871400723,0.5346509869745766,0.40970699572067093,0.4347200288206533,0.48539689354155663,0.4024446753175813,0.43853301242004405,0.3976453856861261,0.4523623528737476,0.41461248229117903,0.4191712853062641,0.40421005439466057,0.5101878660557071,0.38672684069120256,0.4164403516044811,0.4317092965888292,0.4011040797924854,0.41977537698339656,0.4612550595869794,0.4223951325725908,0.4418780956410764,0.3637802973613613,0.4400333703958805,0.42886790893482063,0.4144837672534081,0.48384030013728213,0.42672866215010036,0.5039191749210061,0.42454791868885267,0.428941960726476,0.339898623960656,0.4116658410824432,0.3801888420390639,0.4474337848357116,0.47962348979227454,0.47017495317935226,0.4356527906444758,0.41634424610794546,0.5430368334536173,0.39757183829229986,0.4225716993936915,0.3751082773010077,0.40853207676393155,0.4030534008097889,0.5441352105994177
0.5643400417325892,0.6738580605467063,0.5562627398917506,0.5155735413377364,0.470426226922445,0.0,0.46589898846696853,0.5811465310385957,0.5085409957084885,0.5397727897839963,0.5053352034517083,0.5292737126054023,0.5994950423350158,0.4763545429880505,0.5757997550375658,0.5678842828385369,0.5685772388521061,0.4959421105404204,0.4938732565724961,0.5211613613286976,0.5753556113128496,0.5677524664235241,0.41852997620840077,0.5091953377488524,0.5299506165160308,0.47606776660715344,0.4366033292594026,0.4388513626709078,0.5509760938688999,0.471977223886331,0.5724115556052771,0.5487139408548458,0.6495335861200892,0.4229499366712478,0.5359844867181025,0.5269425755071108,0.5541052324377038,0.5351035347490583,0.5181676318505958,0.5470088036645079,0.6177938805280072,0.5094508264492974,0.5217095579512887,0.5907673889977112,0.5392795582349925,0.5289797948701899,0.5231877391957068,0.5475298116954566,0.46115438645059437,0.5629152878565912,0.5626944321057351,0.5954048678568605,0.4788547045179881,0.6067767317089312,0.5153008229947644,0.5525125587709041,0.5382767630352291,0.6035815102825088,0.4595662352653565,0.5326771389200203,0.567660265418629,0.4738868060851025,0.5603833544450088,0.42770676383409667,0.47864480802489345,0.47804500498785685,0.47979504308664134,0.5190780971568101,0.4566455225866281,0.5273815909430221,0.5745082010134295,0.48255383473555025,0.45464141707126365,0.5608297314000095,0.5833326794038683,0.4494564124841573,0.4597039942596323,0.5174569058399745,0.5016443674294347,0.4938989420383605,0.5531264654682189,0.5331034404537119,0.5952983036668607,0.5347058378259031,0.5075331689483958,0.5817560850162241,0.517098857110793,0.4699072585636897,0.5062128459895503,0.48680870115332736,0.5461714225920445,0.5315703536542234,0.5746986126971416,0.4751325475271341,0.4998757655544573,0.5895784687209844,0.484255005997812,0.5146401828094458,0.4269091751104371,0.5244029426631311,0.47400786586958554,0.47688952729573836,0.4445063274376703,0.4925180992579489,0.5261825880769043,0.5655413349664814,0.5465055717093779,0.5155868981316518,0.5763753740695203,0.5518810161192856,0.48601336533418454,0.4767672273067745,0.5494322978734246,0.46300158949440556,0.5274252765969248,0.6033957171375667,0.5215871049550587,0.4402851694455549,0.5345540814747246,0.4562445341945188,0.530221240640967,0.5113418587678118,0.5127452475760654,0.5818968366831035,0.4899300167073158,0.6066465946626246,0.4815311989766344,0.5368913291519442,0.5564436753989027,0.5258834709057456,0.5208492743038464,0.5795051256447156,0.4566588968316534,0.5009715474792253,0.5122400959389188,0.5012076942934602,0.5288973009884342,0.5697082162224566,0.4809906253628933,0.5346791379432649,0.4946347959798918,0.5270177959394746,0.5508950551197807,0.48251642633740516,0.5289410712570877,0.45165010474850187,0.5978917972745246,0.5579754804088312,0.5502952780402796,0.38854491938822505,0.4982638235933216,0.518778490499692,0.48460668142547997,0.5164013432837526,0.558626106541295,0.5189643104471745,0.44606096645620963,0.6067440864194801,0.49308697133743434,0.45433801141554286,0.4754111195079988,0.534068210494142,0.44982663428190667,0.5166027901086839
0.5097728739732493,0.47665396447392683,0.4227778602925109,0.54000528647388,0.4642478407323725,0.46589898846696853,0.0,0.44757340450192473,0.4285867420988148,0.5054841442639387,0.5290060161206059,0.5367110834106498,0.5110277046471192,0.41188444080460973,0.5427638048672823,0.4867488091992667,0.48461549907306894,0.46251944907025117,0.49489528180313547,0.4455724003994542,0.49817286444868636,0.47146993564252154,0.5693701957383753,0.5503841927910805,0.5626702297607159,0.4586928063018682,0.47586921791517994,0.46354239671342357,0.4575859270538975,0.47155630220887534,0.506102178124095,0.5290855199188029,0.4763325443072562,0.49198739573145095,0.4715254397715052,0.42583004468669067,0.5931361302254651,0.4195407064087939,0.5003735168432936,0.5894650142617692,0.43060799619529444,0.4907207417327762,0.48330396925920044,0.5254610581108009,0.4843314817867565,0.4657322848983323,0.4114441052913786,0.5118453384909626,0.6394051888060881,0.4477471514782577,0.5642980350981037,0.4333653228058761,0.38003693488054624,0.5137766360351178,0.5334290690580139,0.4504092614041292,0.488872974536322,0.4923709463580021,0.4853985649139262,0.45733689700777036,0.46936097616346295,0.3712062421010335,0.4098426606425346,0.37683508438898766,0.4264044186954513,0.41877802183962304,0.5154889368717949,0.47235499686749705,0.40935576854068983,0.4734886278920517,0.45920167983291066,0.4307462975925734,0.43461116223817564,0.5610697617730119,0.41865733951937417,0.43860390165205176,0.5839181426885884,0.5410728223589252,0.40509960307231446,0.4563396585807733,0.40339097557127057,0.4760019776808398,0.4892307155465392,0.3841096664539253,0.4696202534799904,0.42271649341222023,0.48646703799038615,0.4933680795516628,0.46150435132164797,0.43462483985134404,0.513370770450739,0.4918171298173708,0.516498554280494,0.4436363486521294,0.4631725144284397,0.48373838522684015,0.3656422052737597,0.43538396942749563,0.377426354202921,0.4911609701452377,0.4483227714593112,0.512242073249974,0.47558782150836226,0.43064068317303655,0.4200617894013665,0.44602015148808705,0.4589332109007605,0.47094680588435245,0.4855750979503909,0.5563265771586959,0.6434040479913428,0.4517038712112304,0.4917167819732238,0.44002293201871256,0.4110682491582946,0.4731909286588216,0.4510457356933665,0.5369181492781321,0.46202183388037854,0.3897460872154038,0.46115495599202383,0.42544623018855154,0.44701864046072676,0.5672727516756519,0.4266574682924863,0.5023763840404913,0.4138303558682469,0.4674086475836098,0.43400165815548664,0.4334813569927024,0.4059331082757531,0.423320148971423,0.4436734067599222,0.4204864739935007,0.4631766306362856,0.3978688341382945,0.4360845359060551,0.5140752869251448,0.4677895182184763,0.5142204435144474,0.41619083595319345,0.43999537711717857,0.5281150495758294,0.41885283002287677,0.4921275184223605,0.49145309590268826,0.43840473336248637,0.4516795431857156,0.45556389594035,0.3166502154716185,0.5179735380497695,0.4330145555414967,0.47596978131036927,0.4721419658661991,0.5056110434217195,0.5025234258562722,0.5292155813216372,0.5424069128472521,0.5167128549037436,0.5441308553718341,0.39298289719126056,0.4675348586354639,0.41922970263899434,0.5222172767924711
0.5881638897574294,0.635756837981675,0.4982944939858193,0.5282020292874998,0.409659042015871,0.5811465310385957,0.44757340450192473,0.0,0.6127422824170786,0.5684413452211505,0.4905792524006267,0.5133151410208383,0.5963646710082422,0.49298270436436414,0.5716456771325681,0.5218332311659206,0.5287254843778453,0.5368257346179807,0.500728572022989,0.6086633857204576,0.5397901050844865,0.5450185637593618,0.44894432742291995,0.4869866289956872,0.5969256954480117,0.4654874301892145,0.5014429203109583,0.4705621456388573,0.48497365656241914,0.4516783783052692,0.6725563313288649,0.5235194177418598,0.5707472269626773,0.4482303610892985,0.5839896223138675,0.5282743163179956,0.5745262213511741,0.5872282708350488,0.516863439482271,0.5408483014200824,0.555723525495904,0.5213603698311144,0.5259416302437616,0.5120623508863064,0.6478772768325463,0.5453244662214636,0.4501278830126328,0.4930702743377463,0.479844345399557,0.5530746843265837,0.5208724878448812,0.5048380465846851,0.454122719636154,0.5466791417818697,0.49574759978877264,0.5682489614828836,0.5443540319273317,0.5536416506367451,0.49532298207201936,0.5326581301721581,0.6359100738906305,0.44538970369213227,0.5021861929702459,0.4571400698598157,0.4904089774851829,0.49797930854914196,0.549035404458033,0.49303650826613143,0.4984205489949688,0.6556916557729758,0.5579989485816167,0.5200293857041018,0.49307693078783565,0.5567606612859274,0.601433184544703,0.45659864993176913,0.4558923406062529,0.4557486821473594,0.5532194705863712,0.4314539684548933,0.4980644176302878,0.5875150139210348,0.5312072027835136,0.565818253792888,0.5455888216698911,0.6722220258227631,0.6466260779495249,0.5092813697843678,0.5527621711647356,0.5496953370560492,0.5142513474941034,0.5597963935694297,0.5092787393047257,0.4683608223044363,0.5290085464902282,0.5711978174724462,0.5092937926188756,0.5629362057013321,0.43504368696039303,0.5548378629710982,0.49982613164912365,0.5369225013720417,0.48488309755156767,0.5318968288022724,0.5644142130684575,0.5485422269131722,0.5504412309498986,0.5883388977193461,0.5408688885879556,0.5300837082547075,0.46783951741179736,0.5158473783974464,0.5675926210278446,0.5419779670911528,0.5153011153305849,0.5585617147660322,0.5323363881479731,0.45377709794480114,0.4838869486884503,0.4822604677922095,0.4936991771658921,0.5772400299637342,0.534110289177762,0.5209640593968612,0.5300915640081942,0.5428340543523756,0.47788689341566865,0.5112015793919444,0.5423017508997746,0.5584300274117374,0.5802034283493127,0.5360903106665079,0.5186101768037383,0.5269236972157839,0.5869673810667178,0.47317839733094025,0.5127266692938347,0.5729331482642358,0.5884788238930058,0.6027074005954631,0.5070820303801569,0.5054900425622784,0.5835909378346303,0.5199941698266677,0.5456657028666516,0.4851853269313328,0.5590734864515651,0.5137756502860236,0.6221468011148745,0.3849417209268377,0.5824214293394162,0.5059557210620137,0.5117428429871869,0.5066616171465771,0.5924108202506602,0.6348504982800569,0.45783647021221463,0.5415876303215625,0.509467624306122,0.4377309638545667,0.47563335243822163,0.5668316230181027,0.5114865024318375,0.5171897014690903
0.5565253241045575,0.5641016081336199,0.45708123569282694,0.48324963163160056,0.40863873946023943,0.5085409957084885,0.4285867420988148,0.6127422824170786,0.0,0.5041960537745244,0.45692602895062057,0.45014973615441467,0.5256829761524187,0.5001409881348474,0.500959935818477,0.46939106110103723,0.48550484498370794,0.5211546127004145,0.4365809574229904,0.5329945071010256,0.4801115413285799,0.5289371774274202,0.4295413549493566,0.43826735369095243,0.520555492962785,0.4293939777462308,0.517549050459516,0.44075177847922387,0.43516024667456477,0.4585156607925053,0.5529833221465964,0.46310735291780397,0.49263076485951773,0.399864808232488,0.5476954630172143,0.47074315890318696,0.512814191437593,0.556335360294631,0.4494810924008802,0.4969553107921561,0.48225802718274735,0.5769400025910858,0.4500292472154362,0.4527334840118488,0.5188039045239946,0.47134100932571615,0.42759956950258377,0.4294294483098053,0.4464535071217559,0.49748156073730054,0.4650857701481536,0.4570034159098431,0.43454564961220515,0.4656414255577908,0.42792744164875085,0.6098043487746942,0.4894862336714429,0.5066215707283876,0.46539051438993345,0.47953352067423494,0.5136248273738178,0.4248782123433667,0.44654993290986594,0.4456197558727971,0.4602273754703369,0.4408860105939544,0.5209312303704869,0.47447195666929104,0.48715060905852,0.595676400028956,0.5199602291476731,0.49095921796380687,0.4973221122377873,0.4966223778306256,0.5500721262831191,0.42058857729647847,0.4198450140458123,0.4357098320414527,0.46449252248098766,0.4097189450206498,0.45888181641219034,0.5764546217082609,0.5182264528231386,0.4986469605507645,0.5107871889003402,0.6088080033927654,0.5648120733247196,0.47847713208175274,0.4902101726363915,0.569170377903693,0.5113139281686935,0.5342867853414218,0.45656430061206843,0.42491561222495833,0.5396206253398225,0.5114659301048112,0.45232038891587517,0.507657933823357,0.4456964226054812,0.49383590195530275,0.4623112156905993,0.45236102158364955,0.4492334857497031,0.46185561071105247,0.5169576179122316,0.4825292343735953,0.4603566407821801,0.5538641470847737,0.4752476076347953,0.47330387173254573,0.4216134150395516,0.49915105938389076,0.5307739903137568,0.5683335047719223,0.45587329263941956,0.5476821379287344,0.4758670714030259,0.41245635948314335,0.4327808012636208,0.5166882043258839,0.4825735615719811,0.5312893854856929,0.49744812486292456,0.47076263176639255,0.5533007713642362,0.4478452517524606,0.4737936567509847,0.4558358107707961,0.4557217189395652,0.5082214322551153,0.6877931325263461,0.5061193855788046,0.49816753789910423,0.5489489424679992,0.49402484857683204,0.4424891160746647,0.454202301103706,0.5121847325503458,0.5067582368590988,0.5274637002807854,0.4516223177180185,0.4858687836951085,0.571725330411219,0.5134940287508406,0.4954153103282954,0.4628693378532819,0.5495286202467219,0.46258277842405787,0.5230185032256853,0.38030175067866706,0.5096126302426448,0.4681039487703773,0.49030065172204096,0.482481335744483,0.5077408610187908,0.5659317125931081,0.43281164346243334,0.49188324992156723,0.4839169716373924,0.415690079728698,0.4412703901292768,0.5504627992293343,0.5203191952388946,0.5233703886580215
0.5514420233186423,0.6118319676039528,0.5179106835648222,0.5011595071664061,0.42470294517725665,0.5397727897839963,0.5054841442639387,0.5684413452211505,0.5041960537745244,0.0,0.5070558721237013,0.5213624022738589,0.5749899929633127,0.46155515260262786,0.5828201291479904,0.5189660574975253,0.5183959059427791,0.5361031301971393,0.5047892814660694,0.5324731592052954,0.5203475588427857,0.5574763559951161,0.4807920706169155,0.4961104070608505,0.6728279209488895,0.43215110615723173,0.4919941171375915,0.46646531234440247,0.5612905431341622,0.46229027002986406,0.5843461791067944,0.5539679674165199,0.5197341265903808,0.4344616435684142,0.5278988397981442,0.4776678224525919,0.572432327562955,0.4983322453201229,0.4910398960670408,0.546861492360963,0.49523240370284216,0.5172837207183323,0.5279333510059177,0.5095058929170999,0.549900421789197,0.5061158780021868,0.45207105542304726,0.5125786662706026,0.53229027767742,0.5024823086909294,0.5176856935287713,0.4547715656580713,0.4326889760581391,0.5322620343452841,0.5228770985405755,0.5107084355541202,0.502838031336095,0.5180689958368687,0.5402439363025866,0.4822271848118435,0.5419110874837901,0.40283437383698006,0.45836785864901497,0.4303500024784225,0.4699036134946094,0.4604353890491297,0.5043351409101772,0.5044142743098198,0.50648437194184,0.575825101965041,0.4986465218933877,0.4834109211879244,0.4524564621388477,0.5517045953294435,0.5190168123184756,0.46160442072141805,0.4661137111573962,0.4769948184636137,0.4615567011974296,0.42513935910238954,0.47801827248479384,0.5043080615041919,0.5340898812060283,0.4717671877582235,0.48479195647189754,0.5144307346554564,0.5316493410313547,0.5136209700822686,0.5182225654008232,0.4607328756852297,0.49551122658118985,0.5154568693908675,0.5364377673440004,0.44593519100146034,0.4897129555077962,0.5840909860434285,0.4288366266196581,0.5021380102402089,0.3975881166648027,0.5059208801027206,0.46949498664607153,0.52004970459125,0.4673733270379263,0.5640858526429966,0.4803346891600112,0.4890040861392801,0.5082971774773891,0.5663148070697834,0.5361194832249616,0.5583793484665855,0.4870587515001595,0.4619578160071152,0.5164918880273338,0.48853247810508565,0.45360635178603076,0.4914935578168596,0.5181288272414654,0.5431911961405216,0.49606733321449237,0.4250607335353347,0.45901688886236525,0.47242272196542234,0.4732142434351026,0.5242517435648382,0.4752660921416778,0.5780646104791389,0.43020212347103143,0.4657757494363886,0.5167106858207043,0.5221730268393122,0.5124200228759523,0.48122778010898654,0.45345361468047485,0.43958473289142375,0.534996619720491,0.46153676078508726,0.4987040593608515,0.536091276200143,0.5727224340571283,0.5629486679711766,0.5032338487438572,0.4849843490707228,0.5391084936935112,0.4758235988043187,0.5210762910887254,0.4772290068403817,0.48530104078869557,0.5261755731010355,0.6672412884793684,0.3524773067898996,0.5066027439526317,0.5199319251247285,0.49058666952465363,0.5403076560542317,0.5688223194638707,0.5608360907740266,0.4701249731927925,0.5331578389119233,0.5042978440234204,0.44699701320522395,0.4869457849553773,0.5184930351671044,0.4708381005153399,0.4845141795541393
0.5248490459723792,0.49784774151243855,0.4943873679232754,0.5440300969304875,0.5291865135336573,0.5053352034517083,0.5290060161206059,0.4905792524006267,0.45692602895062057,0.5070558721237013,0.0,0.5763765541285705,0.5422830997283669,0.433512892779853,0.5039367435955451,0.6283239502934544,0.6037826883715192,0.48641489364323826,0.5349414175080852,0.4943780314719308,0.5694773855858415,0.5575927065680717,0.528055180201376,0.5391057520001008,0.566683381513325,0.47725048141719595,0.5226088267044743,0.5170258951059074,0.5257089259302955,0.5286365648969362,0.49117452670295214,0.5350878359967964,0.47254156530877156,0.46118754552064267,0.49850751956109335,0.465651785003103,0.581186258558362,0.49875604269560603,0.5627976119591253,0.575558111177848,0.4690275968774119,0.5392629573728552,0.5075455315236213,0.5439874054310796,0.48689024518649016,0.45200329213214796,0.4000400267668899,0.5890278596428966,0.5737240776844985,0.49269936454916924,0.5511985833880301,0.4600023638884464,0.39120887319595554,0.5512166843339416,0.5769987066680737,0.4378478676640061,0.5345614884636782,0.6642723628613579,0.4646331966503051,0.47318456851322127,0.5116202398890952,0.3811312781893047,0.4560770774241059,0.41458201293330577,0.4231671438511001,0.41876623930581647,0.4856165892908526,0.44984107041991495,0.46488163530860216,0.5441660924237302,0.46711996774128867,0.44442457812808894,0.4681432943276693,0.5872517137772283,0.5040670650501774,0.4023813812130685,0.5820722005759275,0.553361232114518,0.4277656129081872,0.4658500949191719,0.4258450372399356,0.478172499355716,0.4932603125494265,0.4344796340920111,0.5120761894298208,0.4675718729054914,0.5358503809361519,0.4644143917281341,0.4446182602699499,0.426728863105179,0.594500853330236,0.4497447445024991,0.5829878695152113,0.43896275947345875,0.4899360603607978,0.48105285474656023,0.38833204107329,0.4365057424053392,0.39544338142760216,0.4520553409558677,0.45682405417095223,0.5357990208092815,0.4492498321387017,0.4360365646641072,0.4523553245900454,0.4666017259406306,0.487126672010694,0.5364743158309458,0.4675492122841396,0.5467057433794952,0.5888423733330699,0.49659006172086606,0.4918311800489601,0.5208630018180792,0.43027356006920825,0.5256087053157776,0.45106469527650733,0.5678751855517926,0.513854302281561,0.41799575695042757,0.5357278435670372,0.45537078288851185,0.484072273238976,0.5304551825746833,0.4554116958917113,0.5183216919939407,0.424282242675059,0.47988978805346744,0.48294556361079116,0.4471018963375468,0.44319506896815547,0.5101996710432569,0.48873043430393154,0.47144086249717826,0.5211615517906217,0.4110085081342007,0.4493806977655805,0.5139234938049305,0.525427705353216,0.5467879044639586,0.41244240809963284,0.4963278911933348,0.5076295266641723,0.46862400090119066,0.5418811619589863,0.45042005604887425,0.47555955768473307,0.451281061414256,0.5006235447578028,0.36818216567993917,0.529408255904064,0.4463797953272303,0.6235206072952825,0.4537042972170364,0.5337285465117528,0.5010892828072239,0.5373587447596831,0.536451250772114,0.49080721803806526,0.5187844467231115,0.38975589402580785,0.4847014744592847,0.4339751344638338,0.63410086339269
0.4857819682734086,0.5416072122395184,0.4660123005285952,0.5210414736970749,0.46388260792307945,0.5292737126054023,0.5367110834106498,0.5133151410208383,0.45014973615441467,0.5213624022738589,0.5763765541285705,0.0,0.5055984177609668,0.4011917890951133,0.5165915063015445,0.5446715898879708,0.5091241406412679,0.4308408862138459,0.5415205114432435,0.4757248294512474,0.532489516661636,0.5015009866488471,0.5179923881808618,0.5869305378649626,0.5874767934714525,0.45952097871868997,0.47811444184980295,0.4681218510482856,0.516667107163229,0.5019584794567463,0.5512534777703952,0.5046575609920179,0.49546144481845095,0.5120399125739623,0.48021345334071086,0.4587953722272824,0.5717955121396243,0.4529132840196801,0.6002929909199702,0.532808651059389,0.47392771638562936,0.5018121398935557,0.46677869800075117,0.5407306898492601,0.5200085756424018,0.45260910719976727,0.40742471395213925,0.5486686269916378,0.5296065490986966,0.44680972804760644,0.4997695123892235,0.4510076758474975,0.3697277598473439,0.5437199597844334,0.5423652618974613,0.47206170167518646,0.4844714310221209,0.6010441955342408,0.4220296434606541,0.4612289068682573,0.49256923518803536,0.3686782095831298,0.41560283975045487,0.390708096845199,0.394955495490695,0.39907473293552814,0.4746913564217232,0.4321480076608943,0.39659410916000387,0.4937082579341627,0.44665303017117547,0.4192133912685413,0.4149177041819854,0.5183054720275674,0.4548635210579905,0.4024508741738716,0.5084169807544159,0.5430436043357348,0.4299905652797324,0.4492120138860315,0.41120087056244015,0.4629495761239519,0.5174998598000395,0.41736255555337515,0.46607335566977354,0.4785126059910949,0.5101361022108719,0.423453578015396,0.45140569764466193,0.48195213170126167,0.4915136495913879,0.4823871376229484,0.5107162520464922,0.42421185250698185,0.43552207466542486,0.5415202481661235,0.3838691947748586,0.47762985937942243,0.379746518347677,0.46132041155543935,0.45316246726795606,0.4980123344914122,0.43551034308953807,0.47101949099142676,0.4220877733370982,0.4672864627592505,0.4649758658491149,0.535833574274719,0.46430946739491114,0.6192289264063726,0.5969165959753489,0.45211084846493144,0.46025888432566037,0.46106676448381223,0.4152839327900266,0.5144228833493658,0.4483569486290158,0.505276509141902,0.47797005418408184,0.40245639977538716,0.4719781418864876,0.43908754239035697,0.47411377506746316,0.5402353770180497,0.4255647495140473,0.5725538449257999,0.4012218521337897,0.5369825928786853,0.4967009061176015,0.42275759393862006,0.44754516670886485,0.45631216832421334,0.4510841284509259,0.4553352439889944,0.5166574731143057,0.3872958827709509,0.489819962602148,0.5043934979982726,0.5025502735752614,0.5371139222578564,0.40626668050432974,0.4606771076856099,0.4945127288245779,0.4285000364358173,0.5261080130889351,0.45290962897158277,0.4981725386324108,0.44991764436629433,0.5153672773783329,0.3587659881043477,0.5205882033144142,0.4275442396499675,0.5074806800781054,0.47399105384302975,0.5792652229028629,0.5034689574466749,0.5060464077444145,0.5904379680313032,0.46861890544784096,0.4558448118294292,0.37778606084440725,0.46753662689374953,0.421099125412198,0.5322538193003942
