0,1,2,3,4,5,6,7,8,9,10,11,12,13,14,15,16,17,18,19,20,21,22,23,24,25,26,27,28,29,30,31,32,33,34,35,36,37,38,39,40,41,42,43,44,45,46,47,48,49,50,51,52,53,54,55,56,57,58,59,60,61,62,63,64,65,66,67,68,69,70,71,72,73,74,75,76,77,78,79,80,81,82,83,84,85,86,87,88,89,90,91,92,93,94,95,96,97,98,99,100,101,102,103,104,105,106,107,108,109,110,111,112,113,114,115,116,117,118,119,120,121,122,123,124,125,126,127,128,129,130,131,132,133,134,135,136,137,138,139,140,141,142,143,144,145,146,147,148,149,150,151,152,153,154,155,156,157,158,159,160,161,162,163
0.0,0.33375191436517426,0.28577033864243473,0.29161706619070693,0.27427345103276807,0.30762035136710164,0.27252041240606145,0.3040157051934532,0.34190854020474115,0.33689967016895417,0.3336465770878929,0.272256055912979,0.4371611469202047,0.29544251238957153,0.3355373881802592,0.33480928922736236,0.3649697413018041,0.45938145642018896,0.2894696865104973,0.4321589775659882,0.32816827233905166,0.3335905995790038,0.3103115673443506,0.29561833526243164,0.4080816595525667,0.2681964289780909,0.26876342690996285,0.32689290246208247,0.269818580378753,0.2557755223234713,0.33831713062081614,0.3591696624733752,0.2767361797461603,0.3192107940382818,0.40199382414171037,0.30282657192049967,0.4070843060677591,0.331176514113479,0.2589323835408286,0.3631802115144159,0.25905581627645347,0.35373679878998865,0.3326645789763345,0.32142600058658916,0.3435218708357642,0.39542939902035956,0.25275548696138556,0.3051910492853824,0.3681813260405759,0.3544327331801257,0.36317304201555717,0.3124604343418341,0.3002301016855652,0.29797262122576196,0.3098448027654262,0.3445308781460496,0.41694206804123296,0.29508551278036754,0.2975224932344577,0.3599076399396369,0.31363932987865967,0.2704750429248397,0.31763262877034326,0.24832187378535697,0.3233252412651803,0.35146342874629666,0.33880905493600794,0.3129649860419679,0.2741335585235872,0.35140823640973984,0.40002512733867795,0.3158217141041575,0.3275699949424056,0.3614091987967974,0.3388387755575253,0.33619848413776726,0.2642223089988202,0.28153284554867747,0.31308050234962215,0.24228959237291892,0.29804762872087887,0.37035796034114754,0.3100701135551863,0.3080328692524913,0.3613073161422329,0.3605986382395372,0.3345934357590561,0.3222407437084127,0.3602261914811337,0.30452709380829784,0.36032598924289694,0.3098109043775031,0.3555125693185237,0.3493156965455155,0.3620476354371983,0.2866320738003375,0.2294851985113166,0.2934856553619365,0.26263504691601697,0.36180622171385163,0.30246225486660683,0.28726409246074947,0.2594075354263035,0.24452158810862787,0.3700784035616199,0.338923462987256,0.31352151678955364,0.3650583748319111,0.3338397556242742,0.3178549244043853,0.3047129300691322,0.36180047863421644,0.3648276214805599,0.2872959673966491,0.36814117747740294,0.35112778238445413,0.3549621673251165,0.31302665309177163,0.26896118529688523,0.28612616054135,0.3031327541819184,0.253058473404688,0.37056060755851855,0.3688958733472033,0.3014877099560225,0.28402762510526863,0.2661699351508671,0.2668018454352173,0.30560927428804113,0.3301662078556149,0.27828475434473604,0.2818974152350695,0.2761017796592451,0.3200328907094805,0.303292921381419,0.3023591675324207,0.31101578814814396,0.34975680298390754,0.3357230638044722,0.3416134234188999,0.256290617832869,0.3292765608400755,0.38741112837335023,0.29969957618037835,0.33754196186828994,0.3102517160118479,0.2944824929764663,0.27920619924540563,0.36960572733777375,0.21148055255208073,0.37726645012362386,0.2984718359663767,0.3232123294731874,0.23438522477296742,0.3215724541313078,0.37226948783443914,0.2940767260774056,0.30840325372089505,0.3019366811986539,0.33315634755513684,0.27784825026332793,0.3544934327999858,0.2417238458613045,0.422123591334273
0.33375191436517426,0.0,0.2950224572676003,0.3007807655417197,0.23996132958937044,0.3696997775914479,0.26565461184442224,0.3779019088299785,0.29521698604480495,0.4075706070690042,0.30637740799682633,0.3305221466128218,0.3146423898555704,0.28792753638681834,0.3350340864310946,0.28925010484156155,0.32164288999227375,0.3090620958392648,0.3216341625212908,0.34698033696516084,0.32932758565040143,0.3666805657016307,0.2961163307752559,0.32199586879010667,0.38200018286651044,0.2431368996601308,0.2459509889469326,0.31190702111114155,0.3517809151210451,0.22756247000610902,0.35804151774779497,0.2982679773140907,0.3383738511882526,0.2885974865492142,0.3419748500407476,0.3210135432405988,0.2933191318597763,0.3147225836625535,0.2910881524275667,0.323813782631152,0.338868990440368,0.32941998716639065,0.25193790033489116,0.2897272990504757,0.3616838929109554,0.30150428418736713,0.24803468023797834,0.2692469657900371,0.30857314633739635,0.2961723733409725,0.29309350777255033,0.300032323579808,0.3340847575376399,0.35358255963085616,0.30874962473274814,0.3504548066663436,0.33147369520249564,0.29257027474097275,0.29108824828336116,0.3314752433989862,0.3400672784711178,0.2249409550041517,0.27813090332142304,0.2359276758442158,0.2756264142395316,0.2852863515348611,0.28746955274489244,0.25325643028726225,0.23932131571431248,0.3357573106603793,0.28775979703221394,0.29758335820742987,0.2531901639521598,0.32208038747598644,0.361238526749304,0.272753152185039,0.2352465110458761,0.29484821386835947,0.2944078349032801,0.22402297972349533,0.2935782541545003,0.3152048435785539,0.34803401602044637,0.30336872991952035,0.3107754063319011,0.41524198493066405,0.2847893107130529,0.23808220270460842,0.2955698706388017,0.3278592315966706,0.26323226151121176,0.2987958945010046,0.31179885528868234,0.31289309045756303,0.3171896355643938,0.34881298328862365,0.25698203860961344,0.3198971756328659,0.23352006074230688,0.32473055815200247,0.29306260059083045,0.23947040013861942,0.2173824017994016,0.2881598605337659,0.2880166050744985,0.2870236358135587,0.28377581409222946,0.44462472465057473,0.3145736975207927,0.3603884727087305,0.2806488638155918,0.282006810570337,0.2988397753591032,0.2640770108561645,0.3568926301236103,0.41250100660108935,0.3520358088075207,0.24550300887052579,0.2910368791915521,0.2636276841282856,0.28271795232212893,0.25479118706528586,0.32929510965359765,0.33930745387323885,0.2864186324875089,0.3451129631922746,0.2560225315216673,0.2876267646087528,0.3934226783180717,0.2879093365300066,0.3110699653378215,0.2795821705059774,0.24520690207123821,0.341282350836594,0.3280240335746757,0.2747844931241624,0.2991805677824036,0.33350208203880616,0.33229521123506994,0.29141072960773035,0.2816816372896239,0.30517366635497184,0.3701082022663046,0.27833746343701105,0.33080087910083134,0.2653306303956303,0.3243585283531646,0.2991434712729208,0.41452716687550256,0.2361674685097145,0.3048962477953482,0.32748165061384416,0.2846564883372941,0.26708749827664147,0.34134480018922375,0.33348382791965536,0.2833105982984438,0.34117934000919464,0.2774589697942016,0.2499960511286674,0.3011809566899212,0.3500903337018145,0.2467527511629799,0.32199666531236554
0.28577033864243473,0.2950224572676003,0.0,0.24733400685746065,0.2850718691833107,0.31083860217372394,0.23284154064352763,0.2770447103746907,0.24982886055434694,0.31950099027009365,0.3107831228622359,0.2700399497703571,0.31690699776855186,0.24012628234251973,0.27685876202336396,0.3693187291917601,0.3475831193158879,0.28851380918663816,0.22676196988649058,0.25297540070426444,0.3528046808308441,0.4390447257808137,0.23295479786496887,0.28526369976903987,0.27017355087565587,0.3003219853870123,0.22153749601575515,0.25124450944719257,0.2504478699862618,0.23888390436104298,0.23505386344623116,0.2819445587238291,0.2447092415083741,0.22998136627765733,0.24065329866697371,0.2741004616326968,0.28539008409274014,0.27114529246746655,0.24939989915417843,0.29137682939456483,0.2577858621306141,0.3226547880345651,0.27876642098709575,0.2654124297522629,0.293116987099469,0.2744531045450876,0.27674123230028946,0.3001404175373005,0.2597381735196239,0.28046447097045246,0.2933374016641625,0.3183323759012814,0.22265963631085228,0.30096565501879036,0.27229779375183183,0.2555582074255673,0.2644090213366018,0.3035867459008366,0.23664758895186086,0.25797274803456716,0.25703860449248056,0.2310844559119439,0.3197594452353751,0.2244884609900607,0.23923733323382607,0.25447170830664406,0.2491167148936748,0.3213402223676714,0.26642355038438115,0.27287876331153293,0.3312907370363352,0.22114650445680925,0.24593567619547546,0.35842832033547384,0.2992702289363536,0.1981307306529285,0.2731072074629881,0.2902328194639437,0.23750519541035214,0.20186629559851507,0.2749562688892136,0.28832981527462637,0.30594593275437093,0.2587283432997046,0.2568918609419465,0.31890555256970676,0.22812505366937602,0.21187230809048552,0.24063495137812738,0.2338516287722324,0.29791813671148853,0.22292339449382706,0.28185581841316326,0.2127792668730553,0.2798328983522332,0.2621426203609464,0.21796094610516936,0.25752555097783514,0.21008984668227307,0.2571812438902507,0.20449673040905725,0.24006132502895464,0.20086981487622804,0.2397383961774687,0.2614716914160674,0.3393954981534038,0.2745270267513813,0.28154245724874155,0.2765316293494271,0.31407362628367785,0.2583768928740442,0.2518167834819682,0.25375144958111556,0.22602879981100382,0.25163313704333473,0.3249704720995026,0.2216999013221552,0.271221579108901,0.2946996775917073,0.23968895541235502,0.28007675363346124,0.21558599153672475,0.24862876842201306,0.2912844540596816,0.20363973499923524,0.2757576175937323,0.23766092594920013,0.28304673265100705,0.29825836264191447,0.2665044306725744,0.2454068179081737,0.3759055951072682,0.1916019150699218,0.2344721411793007,0.2622948432071751,0.23470731911171705,0.2332341740306674,0.25485396755644774,0.2836920190062385,0.23599550638828456,0.20962503888558157,0.27270983510997204,0.2707248542906802,0.28199015588184323,0.26781093324945016,0.2190668726541779,0.3411984687201563,0.26658205542964697,0.3171374853594975,0.21103220329207326,0.21947205539840522,0.20567475615661357,0.2526925189926145,0.2869492481804611,0.27396054043942664,0.2582064196156696,0.24964328164250296,0.31663909036143767,0.1905108443541864,0.24046153769238643,0.26760827563488193,0.20418269927834015,0.21468983954104712,0.2878267922255065
0.29161706619070693,0.3007807655417197,0.24733400685746065,0.0,0.2253190152305315,0.2709420854811087,0.28510246716245646,0.2875181178594206,0.2395735697026548,0.2934400673154627,0.2842769533180183,0.2854332091875359,0.28055190429038207,0.25684033287232255,0.3405267996788864,0.25591753227730335,0.3019696352267413,0.31228050311011807,0.29488717527745034,0.28031473039176286,0.3142447589017323,0.2747892824479894,0.2880007823858457,0.2579231000394914,0.3198467844904576,0.26657812666557085,0.26415803088218465,0.2898897275590234,0.25704408876133805,0.1950051535190674,0.289327266849115,0.2608299981407125,0.4187703046805627,0.2960553739465319,0.299531145411468,0.31565093070344097,0.2782830468021185,0.28379772788299673,0.2696889891337313,0.3287076121975375,0.3031113442316013,0.2625897279009365,0.269240903619124,0.3016818242192244,0.31252956561413553,0.3179013944421004,0.19459352869981747,0.25591495572886225,0.2866091353283553,0.2876979505330666,0.34691339022468987,0.31275247712098975,0.28940362568703254,0.3858729901555968,0.31173541276731587,0.2474927794016493,0.32796520669376533,0.2781658724808594,0.2826551247232623,0.3351387364000347,0.325070983612573,0.23510899501242655,0.29799611100372586,0.2168399961074494,0.29048550876597984,0.308253619714301,0.31733836131860965,0.22479375113203548,0.2520292843214312,0.28649131258677324,0.26950535861415115,0.27090588997191734,0.2579866776537437,0.36885010291575476,0.2995523457899769,0.24171787168107484,0.2773317336387993,0.27231482590327594,0.28239242498124206,0.1908328831562838,0.23905467249028176,0.35747672042775547,0.2419046731510297,0.26303842189713533,0.3423660194107411,0.2871369832560123,0.2881535300336698,0.2773876195132901,0.2964760487118109,0.24784173292724726,0.2911506450509378,0.2972037675799581,0.2793028725291793,0.2717752098822829,0.3224863445325099,0.2672109505960636,0.23328397752076074,0.29501229284254726,0.22893624197707177,0.3215544919133168,0.2636774956844663,0.27366435335676975,0.3024140391753258,0.2799647486537047,0.3043926703108193,0.2717537637632483,0.3079074409773965,0.2823421630432747,0.2935000315900811,0.26010609681418495,0.31838851015695613,0.2993148298099341,0.31464041381191393,0.27631151995004977,0.3244009141348485,0.2798848056621832,0.3013370006231545,0.23146288438020252,0.2918038216086028,0.26753535890484026,0.25711173417058236,0.2900267459692041,0.2766641156600451,0.28385570641268154,0.2296645626888994,0.2761921177911222,0.2633384956415873,0.25711309332168125,0.32964346678607703,0.3011764471656726,0.22051089782021407,0.2597860200824902,0.247134146057678,0.2919778267165318,0.28609785785490927,0.22623807731507228,0.2042328470698952,0.3181324843388605,0.3216472218161252,0.28646855415938005,0.3393647417736872,0.2535980901860437,0.36192691370811336,0.2873362078283228,0.27539285840049077,0.2610633144998441,0.2611682516490173,0.2539777092964565,0.2702214674338142,0.19352294550150342,0.3219292441395969,0.29244589238715624,0.2901733327057402,0.21941312695064993,0.3174544611402483,0.2901945939869803,0.24768368937297852,0.27931254193701394,0.3538704124567221,0.2570016103411412,0.27772731896833447,0.2694228083644006,0.2464663323148018,0.2813218080018548
0.27427345103276807,0.23996132958937044,0.2850718691833107,0.2253190152305315,0.0,0.22895003425096871,0.26654368010419505,0.21939535625649448,0.2283666708854718,0.25546209549859633,0.27512979404935933,0.23019813115108223,0.24609915091203982,0.23003795485953116,0.2697795345552361,0.29107129848741875,0.2960414215940539,0.28779334677022245,0.20669584431647978,0.23042877478573526,0.29768371565856927,0.2851128381530434,0.273806392921814,0.25874594408109286,0.2502306570344222,0.26456349482397373,0.2234168008752891,0.21858671445830646,0.22409163758463063,0.2511949358356245,0.23568971827157642,0.22937008850863888,0.2239987953356162,0.22310938392991495,0.2849848552190485,0.2624009240075997,0.2634153165690341,0.24716833380952005,0.2293639594810039,0.2668083424383647,0.24457384314710295,0.30155909721354096,0.277049424443425,0.2893177454270923,0.22948056684632015,0.24715307886446072,0.27780784456008506,0.29424866506743574,0.27381643200699596,0.26640062908697854,0.27601036002708285,0.26087146347637485,0.2270029313896082,0.2412278835058925,0.24281107525640028,0.22983031883926727,0.23755654919569358,0.30116560585016544,0.22486043549292845,0.24006177200182657,0.19596000666696117,0.21240187119572324,0.2554684025458009,0.22332008463036337,0.23486865047943178,0.2078114036575933,0.21838801346173758,0.25848510681732556,0.22729061558777186,0.2539801813776826,0.2647369888320236,0.2361274954172638,0.21359026365083147,0.26349714269074137,0.22923639855075903,0.20083910072278233,0.2323724896713144,0.3736425110091399,0.22045537279813074,0.20901612931920588,0.23871071342121974,0.26016865020780255,0.28399488642284787,0.2040058864285892,0.24945623938933298,0.23591337324560308,0.22274845818106667,0.2180546942957265,0.21963717622030343,0.20548419013060815,0.37478122912174494,0.25550946605471,0.3004851978523628,0.1957359690721958,0.2619537628263524,0.2258558179994614,0.17164828401860513,0.2278573643581964,0.22167930657451448,0.2211340177397227,0.2070865215866245,0.21272171183034216,0.22138225479721757,0.21167780816028586,0.2391212661794291,0.27643284960885905,0.229121444400701,0.28102946243596244,0.289623117397865,0.25656213490043683,0.2483894188681839,0.27102393233655914,0.22337414628896954,0.23511185300548754,0.2396298644590332,0.26961809827383093,0.2259683617974413,0.24176046305835866,0.23312389427132357,0.23883895479961378,0.3213438347211522,0.21181186599763288,0.22964742317824982,0.28965206657062736,0.21316352957535928,0.22411043327402286,0.21174533246880717,0.25019444301627325,0.24122183524692914,0.24076161958593806,0.2207315219698022,0.24567453643561935,0.18044778437432757,0.22807796602946798,0.21767666244297082,0.23682759763029015,0.22518368217241563,0.2980685379685726,0.2553521478785549,0.25188963217062954,0.19318009125807903,0.26020138725802167,0.26924169782459134,0.24635670978361576,0.2667138819455275,0.23519621431079663,0.27073520863397627,0.2506237667991112,0.2512306055333519,0.19225332297352912,0.21943305153859044,0.22236123382657752,0.2513316932975655,0.25045397431148053,0.2629713645940207,0.2385134028841196,0.20004767590583933,0.29064109379171094,0.20868403964776722,0.2249733630430001,0.22398430900947122,0.22302699350275507,0.21389987502874006,0.3075003192276392
0.30762035136710164,0.3696997775914479,0.31083860217372394,0.2709420854811087,0.22895003425096871,0.0,0.238764422505992,0.31171691249767897,0.26475085305885143,0.27733617343849676,0.32877314342998615,0.3583186930458281,0.3296631898437837,0.21713704216697577,0.3033476917630513,0.3243557861311663,0.315482041949581,0.238730169834908,0.29883432312905783,0.302641626516018,0.35369278720857567,0.33846956486571295,0.21288677812938314,0.2785538870001544,0.32773501845505565,0.24842283201181684,0.20521106078905046,0.255370462663469,0.28102675143492106,0.23731272364841155,0.30246723469194275,0.31798076029431593,0.32083196965193905,0.2517513921507694,0.27403665247811265,0.26677258380075936,0.3066900263288474,0.26770885988827997,0.26951411019082455,0.255006484555207,0.29794822792689335,0.3067172203219433,0.2716705691994663,0.34555000254591045,0.2759512132199066,0.26316859937986864,0.23661928853130265,0.2999924795178413,0.23166178849179286,0.28061856772108174,0.29590437412434784,0.36070585968334784,0.24884604481271316,0.3343073235358751,0.2693332949494139,0.30471983460562624,0.29732169961510896,0.38155243207880984,0.21270968677967533,0.25419298291146003,0.3167957713004304,0.2373501536043389,0.3477627897435644,0.19418574688166032,0.2398234135851729,0.26151156792211455,0.2503684337118794,0.28304887925532407,0.2111012234636062,0.2869121310688182,0.3043084043685705,0.22080343945953543,0.2476492786236803,0.3016535043773175,0.33760628497523176,0.23160274746672924,0.24574287958484362,0.26084753306873765,0.25404905334642236,0.25239487090019674,0.33264194308771217,0.2863941618307215,0.31016951601146003,0.2894050506744067,0.27798157298144227,0.31207929231938947,0.29834630785219435,0.2152480305821598,0.2691102250325523,0.26642660255467226,0.28925672515888845,0.28081153117603097,0.2907532606018674,0.25905239748042524,0.2489676962409639,0.34697090378618206,0.24523481450324727,0.3032190082017291,0.2036455216860868,0.26190541678589185,0.23606571321137193,0.2303116047444495,0.22140935202600562,0.2513820654613896,0.2751707946167033,0.3252390703289717,0.288268758464212,0.3177529975915731,0.2570757832776558,0.3361716941720467,0.30247092866546554,0.24401572638701324,0.3129911780783877,0.2443836609687614,0.28510694458101393,0.3484802332088877,0.2949944689424025,0.22669422287997845,0.34230416764552485,0.23889439186437977,0.2679818963785363,0.2524554830237678,0.30112330222264855,0.3281167680048468,0.25834123990563357,0.3328782850414057,0.2392119356848023,0.2687367584191425,0.31589641429402576,0.2325273620039512,0.26674715574980284,0.3649085588733398,0.23087565506030897,0.2888670589572127,0.3015059926831074,0.25464364802639955,0.28942071325212293,0.253130775195576,0.2522727070572824,0.2553287532738367,0.2636688491204412,0.289227995144635,0.268633933307246,0.2536144650225553,0.3066141425895609,0.2419181256302291,0.3427145059389787,0.2856424126956677,0.3139189321874026,0.21333143246258923,0.2772830067306498,0.26083308433025787,0.23448037186113507,0.2342905598761465,0.3571403582881858,0.2917898969024365,0.27055228718429253,0.36889789314689914,0.23630686981182497,0.2525597652138096,0.2340299421842799,0.29179320785513546,0.21594993191373874,0.3125672387175049
0.27252041240606145,0.26565461184442224,0.23284154064352763,0.28510246716245646,0.26654368010419505,0.238764422505992,0.0,0.2205762855098238,0.20857420476732333,0.2799578427303625,0.26956868113173793,0.3069210908831017,0.2800824710560716,0.2429427664781008,0.3402253836140583,0.24236925866450698,0.26746315180552727,0.2729003148590098,0.2650194268335646,0.22222260717255163,0.27058616320479134,0.26393743577272666,0.37733129907330376,0.2967362443048287,0.29620761812914675,0.2742419058016042,0.24266635811664342,0.24538727302313643,0.2627577147983629,0.23734243177319364,0.2641703666260104,0.2905054609289544,0.2806247893633721,0.31378744845559065,0.26052302693001156,0.25190686698719006,0.3101173854184847,0.2225595559196605,0.25524894794619984,0.34672018827276485,0.2810767138879817,0.2759296324227452,0.2875980071683857,0.2996413549064808,0.2814591788676069,0.2843848818641858,0.27608428850823347,0.2522179806695561,0.40471164124177805,0.24772751004027524,0.33687472576917016,0.25970963783032736,0.22080549245294798,0.29568517104117753,0.3184541629298667,0.24997621295038044,0.2567621578732747,0.2557910861528576,0.2879042234794827,0.25961945182418117,0.21053125856179306,0.22021439167645082,0.23157376073646072,0.22679859897571708,0.2386756010954672,0.22070496787878607,0.27146100443591287,0.2805548572705263,0.23302667821885772,0.2324887270478277,0.2733928492080461,0.23668002766251983,0.21777727691956672,0.3185516572651223,0.20323972554101594,0.2538071300139912,0.32747482466532357,0.3139802578998967,0.22763425181762845,0.20587675539211026,0.24183820918440543,0.25962888699078013,0.26407857021144887,0.19612753790526077,0.24462256845392513,0.23987550527597515,0.22084499692671225,0.26124323845672376,0.2611859424914083,0.22159590476602806,0.30550563050936486,0.31706891898053824,0.3015248721650805,0.24230575136746432,0.2556327863254458,0.2748447500362005,0.17693203815162356,0.28153369758252905,0.2221702314836241,0.294514421937976,0.2357943768836197,0.25279805331951877,0.2794979144640674,0.24400681470064314,0.2243173969936005,0.2739708531588283,0.23813453385915254,0.2672584654478664,0.3370285435734481,0.2852462582489838,0.38043795396396723,0.25221288017138477,0.24681014650930985,0.20901043577236347,0.2501216151971721,0.26612238617539574,0.2585794437970106,0.288336239916533,0.27506984864326395,0.2169042368173685,0.2522167225814813,0.21493865382902297,0.23283158183087166,0.32755520599803417,0.2043765156132088,0.29420375684743305,0.22232723864566786,0.2765343114993485,0.2557422665207734,0.259975005974126,0.20362408198677462,0.20695098840393594,0.19594027359044633,0.21252362319583865,0.21647742010259513,0.23924601150552496,0.24354881567193512,0.31803182113635026,0.2632186700411214,0.2691621118548566,0.23301757651899271,0.24271562021686396,0.28793306751098774,0.22301070586581553,0.2721450338136426,0.3036453888324884,0.24833340454140618,0.2739928132712974,0.2503156337211842,0.1747163200747109,0.24941956423695286,0.2536381106105636,0.24179961429176156,0.3020295412888668,0.3124060002462743,0.25891238885270423,0.25644261342465696,0.30402095716069844,0.2693794054348424,0.2996173347188129,0.2513151124171428,0.23406524171828352,0.21987124754692483,0.27252135189080834
0.3040157051934532,0.3779019088299785,0.2770447103746907,0.2875181178594206,0.21939535625649448,0.31171691249767897,0.2205762855098238,0.0,0.35269884190056433,0.327171747867074,0.2681906906081696,0.2972304769114913,0.30478846489976713,0.25677093377628607,0.303744225729223,0.29452138088050267,0.29890929544095785,0.29299282785465347,0.2847868923992275,0.3271299673380303,0.31429956706222384,0.2886582209810321,0.2544920300535874,0.24710347565632013,0.33068790788079055,0.24336117645079208,0.26870508273448007,0.3010033386711107,0.24024317641022058,0.2341093324030829,0.404929584266331,0.28414689257276443,0.30494449698075715,0.27703255572712865,0.3015915879404957,0.31900190844671833,0.29691120748202593,0.35127137460679586,0.29091891424073807,0.2767206546996735,0.2839587360119998,0.2902582588080621,0.28079423855727476,0.2566645912866102,0.39229327756739896,0.3026660370477593,0.22731526877108363,0.24747280432290084,0.26985498295754184,0.287490087799159,0.2810933074431163,0.26326812100342256,0.2845050096901068,0.2832342865908623,0.2775146532488938,0.2990477721917639,0.301197606051518,0.3357828764649676,0.2741870488470722,0.2898541217201229,0.39914303542710267,0.2361851737558307,0.2964022887943649,0.23901555959301513,0.2604309527737562,0.27386353410924585,0.29687610298052847,0.2528466649016295,0.2715282418989945,0.45331122053464246,0.2909503519645103,0.27791936408729373,0.261829136992785,0.3140135830492683,0.39049137226789393,0.2525333630508026,0.26179340716053107,0.2511233545840119,0.3582624937134606,0.19998860096847568,0.27503432309141684,0.3267397296644275,0.31524796167261643,0.3441898167028281,0.3309672142350319,0.4242273666602152,0.3958802283967577,0.2676238871681733,0.34621335289386235,0.3181560168937021,0.2602806150351956,0.2920605140865582,0.27907406397701184,0.25488801233726416,0.32347781794682906,0.30004934387825954,0.2952796293355399,0.3154884389532568,0.2334605414397282,0.3204182852390106,0.2713743606683666,0.3048788679313637,0.2419891987539615,0.29321974474122986,0.34306117030069383,0.3149186779543048,0.29741317007587503,0.3767254089044393,0.27408885706893704,0.2710393531568259,0.23648497480546837,0.2902600190795142,0.3058596449262444,0.319969752921187,0.3218625412497504,0.3235049688364443,0.32613787655310295,0.23467162636413164,0.24007981786862298,0.27566579239498173,0.2608595342417402,0.3655736161902002,0.2755642038083762,0.29483653404390514,0.26810747379929833,0.2823801794530048,0.2515251930088346,0.30651146323965384,0.3226179269073759,0.2791480079161835,0.3397152206680367,0.29500685537526045,0.2879293776384412,0.3018440074278723,0.31059355713384085,0.2383456347628361,0.2650843671485001,0.27877222339720276,0.33384515760957745,0.3181040064839264,0.2799191592844467,0.2677628128873939,0.34178467469753643,0.3048545263631827,0.3092293040638096,0.2668035348968372,0.3418713822302102,0.2918280749583907,0.3693228388007294,0.22648850138436316,0.33977357498691424,0.3087757917567451,0.2649820152355484,0.2395654540561579,0.3611196418903277,0.35960143278482226,0.25043295912610714,0.31204532235144655,0.23809159187689202,0.2420088033402795,0.2733019997156209,0.3056579363251302,0.27427319658981364,0.28682658963172797
0.34190854020474115,0.29521698604480495,0.24982886055434694,0.2395735697026548,0.2283666708854718,0.26475085305885143,0.20857420476732333,0.35269884190056433,0.0,0.2647337221699186,0.2468460118656105,0.2593086735189971,0.2670169456886665,0.2991338009724793,0.2597739255340973,0.27251923649656934,0.27629102500434105,0.33345082072370213,0.25243704424330027,0.33374259993452576,0.2673840234052358,0.3071388646285776,0.2356807361266727,0.22419017006083916,0.291130243327651,0.22971681331161997,0.2841674909921073,0.28261707685685195,0.22020827659520284,0.2891214672045387,0.3563723135978355,0.27082358968379194,0.24848331269483284,0.24213438144026728,0.3242014418491463,0.26806586298582813,0.25567202580174203,0.393320268774425,0.24719447408654255,0.24785360073573082,0.2466047510150243,0.3341995971636039,0.25517993272454065,0.24528831872713425,0.3028721775721564,0.27507967647095277,0.2256283603187912,0.22004665545359323,0.25133721363043926,0.2815296836695959,0.2465878206793,0.24895663871142068,0.2791902745753378,0.23790932198801196,0.23196486164269028,0.33347163619897435,0.29943868284582237,0.2897873344920662,0.25500201150955953,0.25728862567708594,0.2602023362764059,0.25352791367553434,0.26470893445489685,0.2593372345884639,0.28240406592752776,0.2685692374920654,0.28812127780031604,0.25393658857936363,0.2695930596803211,0.342682921660318,0.3120873356216761,0.2963608118479599,0.3153506644025903,0.2592049719662142,0.3626458545944181,0.2665236228527083,0.21107400558606518,0.21758291245920333,0.31916272038594656,0.21227086006353915,0.2692797394243362,0.3525118519326138,0.3103130126016892,0.29663002391228793,0.33240352207415685,0.39496705883891253,0.3059842852714309,0.2878253149238084,0.31221634117981883,0.374343446829343,0.28864399045827993,0.3108270910794402,0.25326362382760054,0.2582606970472727,0.34291499243682333,0.28172600049820923,0.28090242535763105,0.2993417262675408,0.2946101393077893,0.27173845811460434,0.28096719684770105,0.22924964868754977,0.26009885261343246,0.25934244587046196,0.3612049243654102,0.2835360710444868,0.24156408537866703,0.3353808871829303,0.24968682553655738,0.23228800393880777,0.21340062112838473,0.3355828726539576,0.28578649802459666,0.38096178063876823,0.29455501536382617,0.3109231892639466,0.3066209732256892,0.23697713214726984,0.20787998249046002,0.3179089248873075,0.280344818310704,0.2856471295670808,0.28867080948259627,0.2717677651278465,0.3736337389429092,0.23955840039973658,0.2612320972675559,0.24266091713266352,0.2566681061334317,0.28236109896297246,0.45863899917234147,0.2988075629497336,0.2764885841949164,0.35862343033614547,0.2751497229445969,0.2597085919086691,0.2697782038578907,0.2644970170868259,0.31299198336153733,0.31664055062194446,0.2563929119795562,0.282393516432431,0.31077616948992537,0.3250711768696546,0.291684336754914,0.2736656929308256,0.3478929762903225,0.25297590771172607,0.33136495779227965,0.24635836311017548,0.33128284794493307,0.2778952058264933,0.26940273568584217,0.23162352679296733,0.2979259464079021,0.3313949782892426,0.23857493431916396,0.27138381123465705,0.25235787839489743,0.2431733580187707,0.2414179370015256,0.3414343999626298,0.31758731816469826,0.3127346164758085
0.33689967016895417,0.4075706070690042,0.31950099027009365,0.2934400673154627,0.25546209549859633,0.27733617343849676,0.2799578427303625,0.327171747867074,0.2647337221699186,0.0,0.271879089087493,0.2721498308658782,0.32343038874712277,0.28801841393246674,0.30518752527110277,0.29090296617339667,0.3143530207186096,0.3704070440691872,0.26739977022197964,0.29385185721756246,0.2902964153710562,0.2968315315801931,0.3562588160105667,0.26308115988066055,0.4409869041031348,0.25101060952960824,0.27174392838214045,0.2939584482648939,0.3378920859392902,0.226054344990595,0.3313138369446388,0.3099797063571854,0.2547993028769366,0.2947155457709583,0.3320570416882222,0.3004620780690516,0.3295676158207816,0.28549864381547413,0.23441733695043862,0.32266731312960995,0.24818483724689014,0.31933983252608045,0.283816149285008,0.26358595360084763,0.3440513658778966,0.30198211973293704,0.24951924357403849,0.2739974025296679,0.3658435482628418,0.2592693789551355,0.28636406710076623,0.25834248487549094,0.26474735295355506,0.30149740392072133,0.3198336501562625,0.3189183236286468,0.27913293735582445,0.25879174889880513,0.3128565670468201,0.2968647522009171,0.2982019253147725,0.22914594082357187,0.25078977120316026,0.24191944853390115,0.265300887617785,0.2694503073975457,0.28141819426213766,0.27253928980221026,0.282816587602823,0.3456793446335119,0.2724004130934398,0.31906162669477917,0.2411130764621336,0.32659240052379007,0.28790443125565074,0.28516766593247717,0.24653169115788057,0.31519760724929213,0.26153847192850954,0.21440834860784488,0.2698569860362438,0.2987892800628423,0.32046811431138444,0.28626248149948347,0.3035992227451172,0.3229603222001345,0.286971085423252,0.275763837199469,0.33550259751039324,0.25913334345998384,0.2746383601916687,0.2916294406475869,0.30134630595689516,0.24606257520848607,0.32222365501931605,0.3122234189941404,0.20624015975124257,0.31815594017114396,0.24692405060752143,0.33068092713258096,0.277524825289882,0.2645569178149558,0.2460768786800954,0.31503358331723325,0.2798064263198902,0.28770052600064505,0.2746532597044777,0.42296393867939525,0.3103743098445471,0.31453140830015086,0.26496802323063706,0.28246561908644285,0.29777060939577604,0.2751773291771609,0.29792871884190403,0.31422713972956784,0.32998875537083666,0.31406725354345755,0.2749900362817338,0.2833663551904539,0.25145532310568985,0.2540054660326625,0.27455584996085525,0.30868177127493024,0.24805365988114686,0.31872841452438877,0.24598051713769845,0.2656815274147308,0.3675696880719787,0.30079758436931225,0.3069200137835051,0.24181174302649736,0.2423529560432308,0.2515116336666288,0.26507810658677367,0.2424416238882909,0.27103476457963677,0.33103173281289483,0.3555631897209184,0.2852460125694933,0.2656248832504085,0.3054239398321981,0.3540055294817313,0.26460165361534693,0.30074661714237977,0.291598414955283,0.24938957748474258,0.31033845102415697,0.4768975235486476,0.21397299782762325,0.2689903123113152,0.3221449359507922,0.25347762470566504,0.27161930303504117,0.31389406619899823,0.30920684272088156,0.23554116258684799,0.323936320494772,0.2733676321835434,0.281282132659234,0.34720670743461707,0.31481452352089295,0.25852508532903473,0.27509949692164354
0.3336465770878929,0.30637740799682633,0.3107831228622359,0.2842769533180183,0.27512979404935933,0.32877314342998615,0.26956868113173793,0.2681906906081696,0.2468460118656105,0.271879089087493,0.0,0.33240274802653186,0.34265693033283684,0.23830321508848246,0.31035616739544614,0.3892569471583676,0.37188636182311496,0.2980862892447032,0.283521619035844,0.2903130837101604,0.33855747687084714,0.37402922399470245,0.2688485032678024,0.32713829088088303,0.3295483913499356,0.28696931461099356,0.2613740138179313,0.32585904184634534,0.3106645314238641,0.26724957222571594,0.2775450734306313,0.3074561950489679,0.2693652970395173,0.2630175399835695,0.2825978663241347,0.2781521785566399,0.3539952481611952,0.2816004937022722,0.3297062122397025,0.3046431631617668,0.26532411447204857,0.30217279003985936,0.29290401066618604,0.3311673112238393,0.27891350387055935,0.277695862789774,0.20295909653585664,0.3709294757137139,0.3051283870190869,0.2584790040385654,0.3364136610171245,0.27540450044000053,0.23766645952012003,0.33812860637412173,0.35746436891395966,0.23792118081160188,0.32330635818542114,0.36707873031465976,0.2456012209427374,0.27591604280866905,0.315546281799809,0.20431178835840183,0.31905937838415055,0.20909177505247087,0.22060289236506428,0.24806235424155132,0.276483578456536,0.26874190947419074,0.25380271181142566,0.3053898844877318,0.2990906846914271,0.2276813636697879,0.24912735356614568,0.3427434500107709,0.3118747634316128,0.24303038961979592,0.33166584282072825,0.2962179270521281,0.25186304944406607,0.2326319837224064,0.2805331615137137,0.25876324150458546,0.29316547287169603,0.27377875570471816,0.2594731719488992,0.2748972714186799,0.28716397965850754,0.23116710158142484,0.25930938900670797,0.24552237576957817,0.34369479912372713,0.21878325903392742,0.3695680307799981,0.27412644672306485,0.2615420311405957,0.2815705744520716,0.20765981931150335,0.22329856923701352,0.1982796519623373,0.252056201657957,0.27162237888069646,0.2679278481471019,0.21072672942468768,0.21501572861245205,0.25690195617096656,0.2731534308095666,0.25978048585953667,0.30951100152798944,0.2651975758676534,0.3386037769335745,0.3411281013340487,0.25162525727504165,0.2743533688669686,0.2615998302506195,0.2919481994364537,0.3290623716571577,0.27252598557560487,0.2825718895662312,0.28524861143445707,0.2385333314247426,0.2942640553482966,0.22469935898386054,0.2656218238476681,0.3677788003165198,0.23105975307659338,0.33868168833675427,0.20189470000762588,0.29386713521540647,0.2902956490513967,0.2450485624476234,0.2260319620464022,0.3110713670181174,0.2634669246181181,0.2684538767684226,0.31792655228324784,0.2535905276375019,0.2775430548396881,0.2719818857747086,0.2920635328734246,0.2824329872409074,0.25392048960386165,0.27901944479671514,0.2559652336212785,0.2508858486250705,0.338862110108291,0.21779635775894532,0.2853010093371943,0.2768963079258141,0.27712728884437327,0.21340905196528048,0.33237834681251033,0.25282603906114454,0.3426345213549987,0.23255687686103121,0.28866255393553675,0.3016443904180121,0.30152705862991475,0.3196721000080853,0.26087774958771703,0.2702940013438989,0.23565871494307586,0.2669895885060173,0.20557135115310635,0.4138704841550158
0.272256055912979,0.3305221466128218,0.2700399497703571,0.2854332091875359,0.23019813115108223,0.3583186930458281,0.3069210908831017,0.2972304769114913,0.2593086735189971,0.2721498308658782,0.33240274802653186,0.0,0.25563644625335136,0.1873359863399765,0.31771244338430565,0.2904915318080736,0.29693172759994996,0.23408077656365778,0.3598216353143078,0.2624793819570493,0.3310815360917115,0.29668841858256945,0.25462182100179376,0.3016359771374418,0.3338974730590638,0.23677849582585936,0.23380981004705498,0.2507759607832265,0.27968313743976625,0.2848806622763318,0.32495084779633576,0.2880075764141962,0.3010938981699614,0.2899196244568673,0.2385741961426504,0.2661178315776888,0.29630095715350985,0.260759821360452,0.3789262292431698,0.27340078743603247,0.31300767621080455,0.27575643855651044,0.2789909102004382,0.31296382036682396,0.2670276600069286,0.2807557728675175,0.2339382837350059,0.27746522276508756,0.26763577895874807,0.2553119816256004,0.33570746271103175,0.2996028642677858,0.23335804781399805,0.3452770374664471,0.3413277544158832,0.2519679236419823,0.31676414392680846,0.37960617897462956,0.21249715768654417,0.2654368897956448,0.2535388983117963,0.20652446790109374,0.28056633736031766,0.19241797739661998,0.22699374460396296,0.23617080984858882,0.22739033701169678,0.23290015133967573,0.19806640859920024,0.260465684584113,0.26547102131476763,0.20878652538789788,0.2052587328550283,0.2915077092952122,0.2802482111303321,0.23026058780649378,0.2708219697522445,0.2874780416571367,0.2599173038647507,0.2185963378438543,0.26634675325893997,0.28027251880155646,0.31540609782522283,0.22409286216977506,0.2611967163291947,0.29380622855192245,0.2411604079881902,0.22464716121153447,0.280813153839706,0.2673134802838266,0.2843523723911039,0.27100556576437373,0.3179603502541563,0.26733424121465027,0.23424602412115308,0.3510878126343158,0.2145108237378183,0.27384611363080885,0.19254914072461454,0.2470995014792686,0.23127689771639579,0.2559278800109568,0.23209131852650236,0.28621757817751925,0.23872013399352915,0.2814759011457397,0.27448294746555396,0.28096154253142896,0.2616069059609837,0.3209643060286693,0.3884646247518809,0.25189248650214985,0.23757074197454903,0.25224278777973064,0.26396561494345694,0.3111312052040956,0.2742790645627855,0.2766889158530871,0.274594998884023,0.21517943654457838,0.2487966697857212,0.24602422365960183,0.2360526303294241,0.34427588490366073,0.20547480239188592,0.3962566288971099,0.2063695195800861,0.3022033516616652,0.2982800554348119,0.22610464491477636,0.238900736047333,0.26942141070757686,0.21864961753561296,0.2703025561246399,0.26867122470486543,0.22159047422457676,0.30297100185034753,0.25665882642076354,0.2507997175534775,0.31231803853964357,0.23093709589005243,0.24054777914598294,0.2788112653961499,0.2438646361495302,0.2943463332165105,0.25807225308796766,0.37679853636996696,0.2923837151194003,0.29689429998593553,0.20567559269205826,0.29846861694241367,0.2804375766118026,0.27477680667261667,0.2433177197406203,0.3963618880977881,0.25889168096027804,0.26501109052926236,0.3466856276748312,0.2288164147326249,0.2493908649204016,0.20692760444929506,0.24921803395867803,0.2195957063320648,0.31694766588905515
