0,1,2,3,4,5,6,7,8,9,10,11,12,13,14,15,16,17,18,19,20,21,22,23,24,25,26,27,28,29,30,31,32,33,34,35,36,37,38,39,40,41,42,43,44,45,46,47,48,49,50,51,52,53,54,55,56,57,58,59,60,61,62,63,64,65,66,67,68,69,70,71,72,73,74,75,76,77,78,79,80,81,82,83,84,85,86,87,88,89,90,91,92,93,94,95,96,97,98,99,100,101,102,103,104,105,106,107,108,109,110,111,112,113,114,115,116,117,118,119,120,121,122,123,124,125,126,127,128,129,130,131,132,133,134,135,136,137,138,139,140,141,142,143,144,145,146,147,148,149,150,151,152,153,154,155,156,157,158,159,160,161,162,163
0.0,0.8876178316819157,0.856586387951952,0.801243185324854,0.7470325875415699,0.883618813509183,0.7847767398067211,0.7942173425186441,0.8901157272567929,0.8482291408555643,0.8600062687346361,0.7776653555113008,0.9344953722385013,0.8915201542257829,0.882198202209226,0.883043420336598,0.8942008094015224,0.9514384616780331,0.8442912932932253,0.9565424176329893,0.882401733883216,0.8917792820799703,0.7445903217653639,0.8583115117797121,0.9309908579563254,0.7961669587778702,0.7326337595912912,0.8779816274295393,0.8006452108672067,0.790214686864007,0.8825059781552108,0.9209179119393797,0.8407215819496089,0.8044361022525741,0.9377068590985072,0.832851161860154,0.8950092177365181,0.9046480812943665,0.7505605927668386,0.8593843949435845,0.8074137581712594,0.8179081389910325,0.8917630569356184,0.9015283218743131,0.8871715588107804,0.8869612159859892,0.8062520432722958,0.8838206433489436,0.8845188540557061,0.8935399785953729,0.8996545508656003,0.9009796978509463,0.796568955378649,0.861102282791521,0.8628178984765292,0.8749944482990858,0.9385182993465667,0.7828546241772655,0.8603092688712778,0.8864097893641255,0.8519041878885424,0.8254163107019138,0.9025548241997758,0.7730388617701699,0.8935105293764359,0.9136232539249795,0.8390791840511017,0.9036253341632395,0.8628657545864495,0.8324858383438103,0.9362815398915455,0.9177445620968808,0.8538435782044772,0.8941534680414995,0.8804602493265103,0.8857240971909305,0.7943910263960889,0.7576861277403765,0.8363947801046764,0.7669010033129422,0.845293818293961,0.8726067377876071,0.8856913296242095,0.8693294772540701,0.905790766212194,0.9071802873906344,0.7985947066433889,0.8573940310257838,0.8859438949873352,0.8030067679197731,0.8460437536802322,0.8308315558178155,0.888937839347583,0.9201878207756449,0.8998395480344089,0.8481593917653478,0.8177582472420983,0.8304785737961139,0.7694808816357132,0.8903475713903366,0.8844815501579565,0.7584310272788424,0.7639114104338887,0.7940261548298665,0.9216287372036807,0.8809372208454584,0.839868817970936,0.826227693576031,0.8581697116285306,0.857987584861829,0.8305188368249254,0.8271577552247051,0.8974164377073841,0.7495871929465138,0.9152077807027048,0.8872976644568964,0.8653178755839835,0.8752377391478922,0.8360934348352987,0.8222544100950542,0.8603896059732185,0.7115918402936217,0.8539393252957,0.9250254850549434,0.8448642515454858,0.867312424626727,0.7729608364148589,0.7901833934893413,0.8710115874312455,0.8932866577134464,0.8654236086735885,0.8482458673280514,0.8067619359835133,0.802503883683227,0.8627482278940992,0.8758881713814213,0.879238646424653,0.8783490437761939,0.8488697880787636,0.8176694745546342,0.8715958958428552,0.9068918408981389,0.8678798808239296,0.7905688469898025,0.8685139345815645,0.7897304955812282,0.832121709613462,0.7833271471520121,0.9123236219921074,0.6495585836985495,0.8909463380172589,0.805424063122896,0.8134914694209481,0.7658595931333058,0.8468869652793224,0.8909905967913031,0.8837934260312454,0.8602829922131369,0.8661054870380811,0.8826125014926669,0.7901949884300831,0.9075993127239079,0.9410423378736457,0.8779609489837144
0.8876178316819157,0.0,0.8614789488290582,0.8126668860253303,0.7251222738922574,0.8725617078888612,0.7809259504537344,0.7307873166827047,0.8048152250178219,0.8717709086658524,0.8165968769880017,0.7906300200342716,0.8471253215126423,0.8360240582578842,0.8671313560375269,0.8018516714027384,0.8763576197980866,0.8669012571934349,0.8634864792942082,0.8825608986532077,0.8798524872148901,0.9092763140396922,0.7175566106525699,0.9062717420515342,0.8586895948965766,0.7022767000278048,0.6894893672429738,0.849123058532955,0.8881987873592823,0.7232870856098643,0.8031225493399364,0.821283087402359,0.8720733763915846,0.7429548701215372,0.8682647867564587,0.7931912272542403,0.7763781903690038,0.8071136708050394,0.7479662975883701,0.8759414449340212,0.8805306225342032,0.8067595199241074,0.7613148680087658,0.8560147195945957,0.8007627212785461,0.826253508716537,0.7609753493712418,0.8040710491822413,0.816464875818673,0.8235216817154262,0.8326286292335247,0.8851634864996618,0.8390324303396695,0.8966391004103067,0.8094648663606732,0.8552428849750541,0.8859349748063065,0.7314599192453374,0.827278502990558,0.8551556770154704,0.8113130655122581,0.7272452895239863,0.8214424010908777,0.7189182798311156,0.8507122632458921,0.8337080788815971,0.7739211910427888,0.7898419956316882,0.7451094873313857,0.7326739763037265,0.8341039668503888,0.8252249218562595,0.7645755318515192,0.8403459102740277,0.8578922071100724,0.8117978867793937,0.7211092823055696,0.7394209870589878,0.7554388767985432,0.745445195396526,0.8494605922823214,0.8225580227526816,0.8798972393079164,0.7987413688604422,0.810205519629122,0.877385834996969,0.6845334542735938,0.7305937081997381,0.7998705305445509,0.7870971393726517,0.7577420093721838,0.7981788409832268,0.8587029063422782,0.8955044711839962,0.8679189402794236,0.8141131996345214,0.7931997426238849,0.8051100619998783,0.6932925816015679,0.8386057218809057,0.8147662308441098,0.6639264587247312,0.6671011961956713,0.7935938021019737,0.8098757633159853,0.7949120362169765,0.7946403321070921,0.8156515903076317,0.8499297327150647,0.8816312925032914,0.8139469851327416,0.7268694411227126,0.8118018554429285,0.6747736970333441,0.8430610445192037,0.8977637899448954,0.8513217473155674,0.7880365219683316,0.8374175153257872,0.7359632572411378,0.8110084342403122,0.6290956050135684,0.8065919936937374,0.8996216661368784,0.7994080820311957,0.8593492686987849,0.7261788513271223,0.7258072599935126,0.8828011188338888,0.8167561631938971,0.833552664273084,0.8049472438355416,0.7084616970703794,0.8032519026393771,0.835898458313006,0.8491171150993831,0.8289359546694915,0.8361385685595586,0.8085201236542146,0.7548545777921022,0.8438008431823204,0.8178433269007359,0.8805739488063846,0.7553812681745777,0.7971259410726602,0.6802361244559982,0.8187389254577246,0.8060119043943473,0.8688186649799499,0.6699243498650894,0.7891167640930081,0.8388651426528841,0.8259894325142448,0.7723246797053249,0.837093842540151,0.7991003354413663,0.8703322261857565,0.8408861452105425,0.868929134711442,0.7714632663835692,0.7994310397671516,0.8541389089520748,0.8853676211087073,0.84116289784579
0.856586387951952,0.8614789488290582,0.0,0.851383082667155,0.7799648240294919,0.8946289625195475,0.7621701003688992,0.8398145682888715,0.7961668740604034,0.8675318695113616,0.8725378150026304,0.8249204949190424,0.912398233669678,0.8239807496910181,0.8337996589600373,0.9307568029629092,0.9147568705408577,0.8469930612201749,0.8016070888004031,0.8349182030664976,0.9306380653712107,0.9330011857510121,0.7136373923420668,0.8339859228435635,0.8613605839079572,0.8429757596884654,0.7585666301154547,0.8302494808204172,0.7927873321889439,0.7637754348792312,0.7979072158766695,0.89233078412247,0.8541682711010611,0.774934257696939,0.7928549676114998,0.8775147411864066,0.8449719553197657,0.8646805758059801,0.771669577238213,0.8569892848793259,0.8157875526248961,0.8365285723962651,0.8547976532928037,0.8405955292878825,0.8909350544864112,0.8471950259559843,0.7816080640133942,0.8554937472289046,0.8029830378563745,0.8717285333950785,0.8978929386460409,0.8925800244108033,0.7316446782081428,0.912517895979314,0.8794951036728825,0.8123981640739195,0.862298689525131,0.8650281387088822,0.8024234074822199,0.8646380006565088,0.8709009314992797,0.8255194183043312,0.8959583633582765,0.7494550263308561,0.7916949272267819,0.8436936132491484,0.8341561759027455,0.8682309650079959,0.8594520651080263,0.8308849689478556,0.8921400762058195,0.7666851301300824,0.8227208899433,0.9389500014004554,0.8897852613594273,0.7207075891063115,0.8594376963929795,0.8116263841802942,0.7902851101863536,0.6796067664802211,0.7940202552564098,0.852217550545513,0.8532252873463547,0.8317440412898239,0.8722690539012826,0.8825531982239282,0.7846269838408424,0.7947855453103466,0.810599515401898,0.79061526333681,0.868403194075668,0.7794626672151184,0.8582021926096037,0.791679533297736,0.8620154807775615,0.8246202586448489,0.8183750151184387,0.8091275745749562,0.6916291070177029,0.8670404408338861,0.7578445488832277,0.8086419264870527,0.7552609952617192,0.7745140158276281,0.8643555635908569,0.9008393344876036,0.8912831615288396,0.8069874499864088,0.835418745733798,0.8294189062435257,0.8343080351503379,0.80715087521731,0.8555756129978952,0.7785274604898176,0.8342892911150785,0.8891906863903695,0.74277116786647,0.8205218693923463,0.8812073588138966,0.8017520276686511,0.8119708264552019,0.7502280441637332,0.7605619132350316,0.8672897051313309,0.6777889073185713,0.8585122494147025,0.8229410131425388,0.8625281767305437,0.9044827178567506,0.8335177294991124,0.8225054033546293,0.9331647678671028,0.7440804747795653,0.7553829032306895,0.8354753694592918,0.7426483983273787,0.7595286139126598,0.8061030751123461,0.8441890022991597,0.7820454438596983,0.7873410798148911,0.887845714493526,0.8420630842120365,0.8452919527036221,0.8359556857117522,0.7605224163174916,0.8555639693572312,0.7816571023671578,0.8671839776438217,0.7122495895889269,0.7985598649127357,0.6982250184077718,0.8362269907073268,0.8525534738967125,0.8713728073433127,0.8386646674603083,0.8132772060344693,0.9036300579773656,0.7503260218991965,0.8262071935386675,0.7389520365250317,0.7155129586305524,0.8912217654430427,0.8089763484555267
0.801243185324854,0.8126668860253303,0.851383082667155,0.0,0.7420586844825053,0.819832965405272,0.815284309057212,0.8337794631303067,0.7764102013915951,0.7819374909980156,0.8683368593658833,0.8708489503147052,0.8270912953741519,0.7741272765382163,0.8413424135397248,0.8194533648820478,0.8172085219148014,0.7770336554414755,0.8165980799229703,0.7597684550325782,0.8651295432968816,0.8649194798909545,0.7620455945434935,0.8203322177507607,0.8353218985138552,0.8369991984944344,0.8097013818122467,0.829797967575921,0.7354768073240391,0.7102144358867973,0.8169567735117804,0.8065498854538543,0.9157283565607579,0.8254755725458238,0.7933152456052059,0.8822988487319159,0.8156672740868237,0.8004210835200608,0.8067679888586767,0.8443906486415722,0.8092599168895627,0.7836067316135616,0.7860989459816702,0.8374411881142775,0.8781452164659267,0.7793330941641627,0.6667111702356946,0.8042019816385529,0.8049627293896976,0.7994075575682148,0.8788267803419159,0.8328902094930487,0.6699739763104988,0.9360186475586647,0.9005648853161574,0.7351615360219635,0.808018018481636,0.8600887827539568,0.7551640460612472,0.8255661665140207,0.8519759574444565,0.7337222540547668,0.8146063434563735,0.6959228659476699,0.7284105795210226,0.7613361475368244,0.8523778550588293,0.7718975519615021,0.7689618689066142,0.8227650939116111,0.817252111953337,0.7196688731315827,0.8059521335556018,0.8993684466393952,0.8050124026871303,0.6676537684500131,0.8595547114439165,0.7823055652580018,0.7532715120908355,0.6137510093979284,0.6786375076970769,0.8739002456772256,0.7650137727936798,0.7552049755983771,0.8486425577327901,0.8250568237286713,0.7879176046281132,0.7710012535905311,0.7665067528617001,0.8066190740085439,0.8625930194013536,0.8373258058902107,0.8104415483833878,0.7425340106525704,0.8465647897458982,0.8176725013477839,0.7691565721757653,0.8059405229261437,0.6795443181515275,0.8576842361798525,0.761165735332944,0.8009460366451743,0.8240973231366261,0.7857927928119695,0.8254808584763653,0.788884746204494,0.8119006164340614,0.75873556738201,0.7648301344631148,0.7695405617223094,0.8880235250254408,0.8193459918828564,0.8215717851723824,0.7907600780613269,0.7836073236648221,0.8392539926933972,0.6870649922512692,0.7653336671855818,0.8379931334549285,0.8290626606523332,0.7498026817492379,0.7888381931241281,0.7103196829718961,0.8292378336592628,0.6519358773942395,0.8304231449527203,0.781766496250539,0.8468694417561092,0.8514747614471522,0.7572475749214325,0.7120393608754125,0.7970590758253324,0.7460121581478096,0.8136570734837033,0.8124485110378932,0.6526957142775194,0.6710784830498897,0.8088264065921277,0.827924466703926,0.7795974510569549,0.7922674101207163,0.7752699976548345,0.8543212810746423,0.8415691800834075,0.8023555278517938,0.7619458133144678,0.8195782395616431,0.6925844603761726,0.7606781580295412,0.6133346662480785,0.8494331589442016,0.6587662035501236,0.8319480289429317,0.7590950005587388,0.8873286335709241,0.8196203022846906,0.796421761323788,0.8617596634405329,0.8248667823602155,0.8161126580370194,0.6497782261638188,0.6913919549625631,0.8258499054121675,0.8183812504802809
0.7470325875415699,0.7251222738922574,0.7799648240294919,0.7420586844825053,0.0,0.6738518923451107,0.8430034167475202,0.6412908225954188,0.7250144225289139,0.6970830298610737,0.7881470645642129,0.7868884977941913,0.7012354627076147,0.7331812514664804,0.7930245294946555,0.7651001565696299,0.7607814386912256,0.7370367680232206,0.7009095891926248,0.706654653545048,0.8024240576623289,0.8212606052949689,0.7738923723317097,0.7941839853643063,0.7349052679732633,0.7768653262640476,0.7198551977666862,0.67659354939859,0.7378479264661562,0.7790645708135632,0.7314239424144464,0.7309984209615348,0.738096953019762,0.7102257304312823,0.7812983911497424,0.8261965774093062,0.7310598518584145,0.7491889007235,0.7517193906211084,0.7887727930963709,0.7534488364928577,0.7877095636836338,0.7602770459753759,0.8307442353114838,0.7248509060308002,0.6900375684021577,0.7564957557452573,0.7744023094809984,0.8147741551238733,0.7948494374319035,0.7987185871103697,0.7499447857498515,0.6339897577005047,0.7753805660275952,0.8026427058827514,0.687556000614295,0.7428473554330374,0.7714813799509084,0.7302556014333338,0.7460758948492807,0.6365680400838599,0.6908974533758369,0.7077593313004156,0.7808726078575176,0.7127001575849584,0.6507442004701794,0.6974882672111173,0.7448904468145137,0.7404716025220944,0.6648318928147577,0.7579481333932209,0.7385893104434056,0.7098802472533631,0.7654579769202573,0.6616080516607575,0.6198111024778326,0.7438351405511939,0.8960629385089806,0.6417933744827713,0.6061820339148726,0.6176255636829383,0.7693856832191504,0.7572325492786861,0.6167071763806823,0.7625675659867693,0.7108045853748054,0.6365282033254974,0.7345769464043121,0.6361424200809992,0.6770016354283095,0.8931781465114446,0.7857138488471258,0.8397317706582049,0.66014471378416,0.7886681530281506,0.7435524633123477,0.6295858305656127,0.7035537696140183,0.8010658540851427,0.6920887062957456,0.7123945018723989,0.6636991612907609,0.7439732118073292,0.7076217577330749,0.7234148905734042,0.7234401372363543,0.6808448567442471,0.6854971264542725,0.737713281318947,0.7267985433084458,0.8030650841339806,0.8472280371060951,0.6749057389070174,0.6635523731456756,0.6845719731462201,0.7401065124616396,0.6234685999889955,0.8193316227509917,0.7414541346533127,0.7233621456554536,0.9114883315718766,0.6314555108974456,0.6793807183228142,0.7624893287602709,0.675185193262975,0.7181435003405022,0.715112352769137,0.7647128076437454,0.7356231808833956,0.7403078872943639,0.6599846012571737,0.7100297061641645,0.6084673361995333,0.729801799808805,0.7181453228020196,0.6944684745997639,0.6810062663167376,0.8335868505344238,0.7529986726803652,0.7328691607144321,0.6471783590820721,0.7993999946523741,0.7686450924420728,0.7893678193209176,0.7923188574024063,0.7715857598559918,0.8197985421456081,0.6266118738693233,0.7280333940235458,0.6490605456995977,0.7117899064635455,0.623499493978655,0.7936827816118279,0.802713840138665,0.7452565715469165,0.688012734176544,0.682330229682959,0.7392830575670399,0.7217821232401294,0.7409186344951779,0.5984582491673593,0.6649168200107899,0.752361584298757,0.8135249874554603
0.883618813509183,0.8725617078888612,0.8946289625195475,0.819832965405272,0.6738518923451107,0.0,0.6970769799508022,0.8370166511065853,0.8226650112668341,0.8332874523217011,0.8489342147034041,0.8033687054194225,0.9075246041887522,0.7637382432083125,0.8001916586843582,0.87834329790154,0.8587461210131828,0.8156874330848118,0.8491045979301571,0.8436312972781489,0.8819002476165508,0.8659489559852555,0.6369256458772958,0.8041330318896747,0.8812566834368019,0.7546708917637224,0.6607133251566984,0.8366517999193496,0.7752792357501369,0.7515178212288776,0.8196285997213246,0.8746443827810664,0.8428874325435975,0.7457177203472761,0.7819828480691512,0.760811681379478,0.8525014649001909,0.8261218673967161,0.7487133008446791,0.7681113828308311,0.7779596770968319,0.8020535761485988,0.8072527587350693,0.8467699477629179,0.8277801355706058,0.8196148218693211,0.718081539897078,0.8565359804182755,0.745829285065654,0.7852157260892647,0.8455192456214871,0.8922882431757161,0.7497273274521937,0.8778248761004207,0.8192988504404931,0.8686668159702503,0.8617636560080262,0.827075635878165,0.7340104691090625,0.7966519137633113,0.9161472792353345,0.7793830683499796,0.9067516142497457,0.6343026960499303,0.7873863188816688,0.8707001731132057,0.7984491880330694,0.8505607991199617,0.755825509050961,0.8468866473749347,0.8799368788836864,0.7305893290959471,0.7914427472580784,0.8656366805280168,0.9154414488585021,0.7922463126328244,0.7880628208428324,0.7185042564734674,0.8015791772543245,0.7989501965943843,0.8954848168697314,0.8272972233139708,0.8873506126003831,0.8868193120573943,0.8317323469645584,0.8778700130213315,0.8260403574074185,0.7347274769171038,0.8370968506607441,0.8207582834929523,0.7652033879254632,0.7486710241083421,0.7934027609748696,0.8586677915289536,0.8056796461685601,0.8515322617901613,0.8469738825618254,0.7989403164003035,0.6288759192191613,0.8339584029928356,0.7763782408857307,0.7706924007562931,0.6919713601420705,0.7678422528301799,0.8383229724597178,0.8377804977614973,0.8443350843974688,0.7949918611586634,0.7682926319053371,0.8469775519770318,0.8092904713733334,0.7097890449206227,0.8942439035852398,0.7489377444401039,0.8426615634267863,0.8719687086177914,0.8114822887979412,0.7534601121743567,0.8471935416203167,0.7686391880284296,0.7280391109036376,0.7401997969786955,0.7882925661834042,0.9035103031884875,0.7369688964872866,0.8832181635774305,0.7328781702256447,0.7823570123907773,0.8542982886580865,0.7670916600467508,0.8573014883520947,0.9219193675038629,0.8032903257428936,0.7913942189419483,0.835768999432449,0.7683839315512816,0.8038694565865714,0.7296472019735795,0.7404759631974899,0.7671318992905671,0.8528860579505133,0.8327022479705388,0.7971237779629133,0.7483550651088667,0.8091993279897024,0.6809800299295381,0.8241196597295763,0.8087803684712879,0.8403190585120198,0.6551280838291421,0.837012674673873,0.7692191281701501,0.7563675457488674,0.6966437074587886,0.8787455426581453,0.8659428484665035,0.8625781545048995,0.9264201755538176,0.7743145944662015,0.820966878584246,0.7557297406940234,0.8126557795862668,0.8875579392121011,0.8172493193290947
0.7847767398067211,0.7809259504537344,0.7621701003688992,0.815284309057212,0.8430034167475202,0.6970769799508022,0.0,0.6346290930749314,0.6852226438362558,0.8118457498245807,0.7719106852156274,0.7575111372357253,0.7597293494769168,0.840842036706381,0.8013144647239374,0.7405354966752136,0.7800892704648619,0.7755786164110454,0.7070349093383163,0.7209862940151465,0.7885610472599283,0.7959737787931171,0.8693471657776116,0.8168051481275954,0.8057008245461789,0.7855742801223666,0.7582114122008656,0.7416072893007413,0.7859092934651689,0.6907881720805138,0.7340354777522446,0.8048923324600372,0.7762168030383164,0.8073303762546653,0.8301014411028408,0.8321643301120358,0.7685160601047821,0.6949933422231854,0.6925825483222529,0.8927447622701377,0.7282660304741604,0.8076685048083628,0.7435264997470403,0.8386883152818349,0.7743980543245695,0.7321888693998546,0.7795319125275053,0.7696710560429798,0.9284800259776776,0.7861607888044557,0.8425013735716269,0.7618508469454693,0.6659378604137502,0.8116966834259026,0.8454125410812899,0.7679795413370623,0.749642284601412,0.6957159089741064,0.8681661306058922,0.7927795580305576,0.6729280631323599,0.7142691978870443,0.6933206410031892,0.8079688821608425,0.7442128721848479,0.6990691056370643,0.8039347453252067,0.7816340792692137,0.7600579360048465,0.65392846415847,0.7610882012035952,0.8020415448564596,0.792666852713378,0.8263597338284835,0.6571639209106704,0.7072196413713572,0.7891054302794175,0.8930050665330944,0.6303600288264058,0.6325830292619148,0.638789301615225,0.7745075730041908,0.7352827449980285,0.6218589235741686,0.7988049597304632,0.6869657255612929,0.6431176571583175,0.8149125699755723,0.7090892984481427,0.6900562255207868,0.8554534986264425,0.8950535403809131,0.8374933335504884,0.7164922444877582,0.8661632602149183,0.7639591020339559,0.6281927248336638,0.78292714159696,0.8310049486268969,0.8245311321921878,0.7717179648936384,0.6677691873211232,0.824941231748342,0.7317797581658196,0.7402146525575362,0.7287808185986875,0.712772548599917,0.7227413130302129,0.8049399463837984,0.7873327293453112,0.8797893154512995,0.8231081345811105,0.7695067652411864,0.646636919868976,0.7102520064696227,0.7520499468439699,0.6913739538715394,0.8411038958161133,0.8195061202393895,0.7740000285001212,0.8110979852027432,0.6133878881588756,0.7297498484887767,0.7998754746941816,0.6971882524515198,0.7422354059858598,0.7923544756876859,0.7403750415940251,0.7943222848024,0.7656098988074774,0.6552634073111857,0.6638386215552581,0.6256760373219228,0.6914139123539846,0.7138305144884144,0.6961952926551188,0.6678515889591841,0.8698370844065828,0.7827986185773106,0.6880124151029936,0.7041877434702584,0.8280253874263209,0.8680403116993288,0.7802096729208425,0.792777108001723,0.8542410450431692,0.7184052050444171,0.6534185741285758,0.7566310188373067,0.5735743635961911,0.7239892808043691,0.6596977768822805,0.7554045969321681,0.8651460481852464,0.74858134721585,0.708822087989744,0.7337704315896865,0.7647182785470473,0.8363998977416633,0.8514023392408627,0.6728104638507462,0.7150521540371905,0.7692826542234941,0.7699963359253279
0.7942173425186441,0.7307873166827047,0.8398145682888715,0.8337794631303067,0.6412908225954188,0.8370166511065853,0.6346290930749314,0.0,0.8377650551133441,0.7275606373804689,0.8257940872902426,0.8103447479832417,0.8543775548715968,0.6961456965156921,0.8147010359870144,0.8711166907212808,0.7663742434318963,0.7793808245549672,0.8000789086020254,0.7857238252355668,0.8023634640098527,0.8115704014857634,0.6350878683277045,0.7145723026775286,0.8004652557293217,0.7942094219778487,0.7683381727108779,0.7894612547086546,0.6532358054638223,0.7601310054607363,0.8729675622124743,0.8133713022114061,0.8428810353725744,0.7357713684718202,0.7123818461998458,0.809431884855282,0.8372614864745034,0.8887422095484201,0.8304263547747978,0.7067922535799678,0.7504626597812976,0.6641437661809222,0.8680227965916303,0.7491806896278876,0.9023869054384815,0.8251480367917211,0.6323721174227793,0.7940039351671164,0.6976954746603544,0.79484147447663,0.8308952386594645,0.7720702592533011,0.6622209517459519,0.8345489396754338,0.8535439443154242,0.6683336557365457,0.8165459670941914,0.9021521159429444,0.6640580839380626,0.8068891062777247,0.9374810096683233,0.7936064562986842,0.8925466817582078,0.6202833901611289,0.7208109925061599,0.8224493602329357,0.7870259053208933,0.7917478036149068,0.7954609425489456,0.9700594816668126,0.8511599957248485,0.6952446180456126,0.7180754722029365,0.8509786220062904,0.8872971105040716,0.6880348346774107,0.8452656074276611,0.6680816288276503,0.8855247429064105,0.6114425158104546,0.7090581546682821,0.8349691171927804,0.786305835922609,0.8823685146437381,0.7920563598017406,0.8795935194633067,0.9055329898933205,0.7675284098392995,0.8356295810203683,0.8097894135737006,0.7787838375605709,0.7021723379333469,0.7721979734697616,0.7458341701687567,0.7232176992959305,0.797566425573089,0.8785918996643259,0.7023392012098861,0.5825146635311148,0.790482515170857,0.7500695685514813,0.9359512876436835,0.7334574244141232,0.7503005003263608,0.8713767224250221,0.8452417273514921,0.8647004394489721,0.6991000642148472,0.7245057818051599,0.6843503799027234,0.7333619155195081,0.7441437434572246,0.776427651060937,0.8704537957237303,0.8282826959776971,0.7821943018180549,0.6740596681066882,0.7534149854421722,0.7032663681580132,0.7441017353877504,0.6960998715637448,0.9342306558252486,0.6422209275974904,0.8034606452330127,0.6113516855195935,0.857544035393118,0.7025511998560221,0.905856072586123,0.7708698772159286,0.7831617239131722,0.7580014723957258,0.8813728669855783,0.8596316709681016,0.7456415118432552,0.8208970743793323,0.6637215537618655,0.7253100527132875,0.7199721340058214,0.7936296711881738,0.8820624050536783,0.8095907274274051,0.7394860909542955,0.725381337452158,0.776122581543611,0.7680665523102045,0.6750509754350071,0.8283569471542934,0.7503592878470032,0.7623925815611341,0.6067736385234569,0.880472406216513,0.6587873146649182,0.7722095776492398,0.6744659212493501,0.8515772189478378,0.8980803429130007,0.77759274299287,0.8328181941666061,0.6914261557507763,0.7593162490086518,0.6471663601718619,0.6580831176485216,0.8484444724847929,0.7422612209814127
0.8901157272567929,0.8048152250178219,0.7961668740604034,0.7764102013915951,0.7250144225289139,0.8226650112668341,0.6852226438362558,0.8377650551133441,0.0,0.7205807613506114,0.8452471044761465,0.7820742342937184,0.8216264713757179,0.7769815042585921,0.8632707309636916,0.8113083166052584,0.7640606425451394,0.8378590356556423,0.8136255771247308,0.8634040273032197,0.8030739390033056,0.886890079715767,0.64379917725602,0.7605298651375847,0.818549187434433,0.7206390253536479,0.723357417688336,0.7714057859927784,0.7081507898607562,0.799177952418746,0.912112979015597,0.8001031207938163,0.8148452396088652,0.6911797082758129,0.8527924758824496,0.8062297019554517,0.8302584036374282,0.9084618895403939,0.8235271734295702,0.7192478001735717,0.762461655969628,0.7524700105392611,0.8315316718589197,0.8232603044430606,0.8224134396262462,0.7722379672096151,0.6669189896121044,0.8219081133468595,0.750005293674044,0.832332491428361,0.8195454696201653,0.7772006550355562,0.7242601653149879,0.8247831664784006,0.8249693003596389,0.7482299207296629,0.8521819854487669,0.8211912591536681,0.7197675258585744,0.7993940044322438,0.8425385864847759,0.7622893918692343,0.8479851939284597,0.696063505982051,0.8113295249320184,0.7999612604380095,0.770713275070011,0.8109279160095298,0.7905813275160404,0.8757404283867728,0.8839079175282012,0.7940954015631219,0.7648627760087796,0.8032545883560221,0.8547664560097358,0.7370483317280672,0.757045456367007,0.6753328814036578,0.7863884363346042,0.6505304732561046,0.7295297554900447,0.89192567407454,0.8375328833499156,0.8162513742973693,0.7971720855362681,0.8755780310212312,0.8300666568628925,0.7820001668889383,0.7751633271340321,0.8277595130956271,0.8058828386986583,0.775679570566816,0.8218738610058249,0.7977060983900757,0.8138784793862796,0.8265085027740123,0.8464356572024758,0.7075976733843368,0.7138876854695226,0.7501623483802706,0.8350253345534585,0.7792246206857167,0.702395604494625,0.7391299655029885,0.8792768112251674,0.7630916445527717,0.75714279035807,0.7040026506563503,0.7185920196949035,0.7338251695822945,0.7491701587463362,0.788478844253546,0.7892286308473655,0.8103982875725385,0.8063956421322489,0.7830999121969435,0.7130667019220464,0.8039484865390909,0.7023541934774145,0.7862633514208974,0.8131717316764533,0.7714895695501258,0.7119183446324717,0.8196087682180005,0.7987503792961331,0.8098134087051597,0.694195454178302,0.8015179387158677,0.7399477389925317,0.8082796069371856,0.8290956164024753,0.8322724148799742,0.8197509463435463,0.8769617979632227,0.8630992131996462,0.7905583611596239,0.7733854304100074,0.783375147828422,0.7713816018284925,0.855666754969033,0.8190264705087961,0.8130462919712071,0.7898823876472165,0.8221629028492643,0.8075591271881032,0.691608617654344,0.8999910740230246,0.7031088844909783,0.7889409741083416,0.6247306039726818,0.899505601018839,0.730455946326637,0.8221432958535191,0.6655868752360836,0.790173616094952,0.8862485457370975,0.8087843212487134,0.7680006678473915,0.7830974040336867,0.7535415323986068,0.6508372844637667,0.7954087497150469,0.8870973280955704,0.8616918119482738
0.8482291408555643,0.8717709086658524,0.8675318695113616,0.7819374909980156,0.6970830298610737,0.8332874523217011,0.8118457498245807,0.7275606373804689,0.7205807613506114,0.0,0.784528813306632,0.735746186690892,0.8849675176023197,0.8776476678150574,0.7875437895702219,0.8363009391281314,0.866640909208751,0.8653266410215971,0.7541326244640391,0.8013827094350072,0.8006368550492899,0.8167467277899609,0.7723905030265621,0.7801435330359958,0.8963188599313447,0.7463426848088546,0.7553343993408663,0.8401988382263909,0.892738880052609,0.7283722792744325,0.7547646751841568,0.8952084073036727,0.8068807524069599,0.7698656309649429,0.810615164840527,0.7882849963280539,0.8102133892687714,0.7790728533793002,0.655979693668997,0.862454501204366,0.7568378540503464,0.7866788829272733,0.7884214720835974,0.7993501517780734,0.8196776970725335,0.8223076378392837,0.8134740891157692,0.7900839118617002,0.8591411725663567,0.7893463963820934,0.825105763759259,0.8150692655124068,0.7483683792448544,0.8073071751093613,0.8309263528734119,0.8515390970312611,0.7968951309392424,0.725440909995856,0.865819234097451,0.8237117679288192,0.77741663706496,0.7778915814953193,0.7942713797240426,0.7495952553263656,0.7670828034422731,0.8056326502260506,0.7880021404593622,0.8386343543389012,0.8445189766860712,0.7471920448443177,0.795804392942495,0.8264766597386451,0.7837839796734699,0.8528058886948253,0.8071445245478138,0.8280204412865868,0.7621500965253344,0.7935617760211137,0.7288174813268185,0.7188711610509303,0.8057590054631124,0.7352564673919441,0.8250963931223815,0.7930707937687707,0.7972074902160222,0.7880189675890611,0.7007005032758886,0.8078461484820687,0.8575345566123798,0.7002720624921648,0.7823903922242077,0.7890699092042033,0.841454120853037,0.7974521981170611,0.821626501979017,0.8210059887035718,0.7035977192148929,0.8215281282241985,0.6997573700717424,0.8790484634400385,0.7842533064835112,0.7015861223351935,0.7375931947686123,0.8190047851830361,0.8002311098660623,0.8214458242065936,0.7996203607867639,0.8352476759728712,0.8600176030855028,0.8137250054116012,0.7819678852189423,0.7158728378149937,0.8339860481850023,0.7082323974382083,0.8185306540217839,0.8300142048189131,0.829760754470959,0.8344936124999348,0.8609362083236434,0.8033183834784314,0.7249051061028469,0.6591894465953541,0.7598996607986305,0.8464389176597236,0.7000784196170975,0.8527560059901438,0.7636033250646522,0.7340311204372323,0.8966520878917743,0.8265611255444023,0.839720631507756,0.7611436796979889,0.7010483422915214,0.6536658501421455,0.7314718450368484,0.7533864433541297,0.7805193106025503,0.8057034014721515,0.8155743516760436,0.7125525946493227,0.829410692935023,0.8661495016035612,0.8158669288608348,0.7305645305141573,0.784034771027185,0.7619405313088822,0.7011689234275117,0.8067396414649828,0.9051970329569947,0.6537868228397756,0.7260816751179405,0.785759147805393,0.7217802079430129,0.8378813048901986,0.8085781818955908,0.7635758523938153,0.7949276089097307,0.8446545675376076,0.815963812971835,0.8519714167561233,0.8441492554335838,0.7888421631991654,0.861388420866176,0.7254569025605673
0.8600062687346361,0.8165968769880017,0.8725378150026304,0.8683368593658833,0.7881470645642129,0.8489342147034041,0.7719106852156274,0.8257940872902426,0.8452471044761465,0.784528813306632,0.0,0.897453540458724,0.879876300254408,0.7864672809721754,0.8185761880539549,0.9214837340940758,0.8391930880494447,0.7866836987399912,0.8095661740741903,0.8400051297908615,0.8730332602609558,0.9181367506072985,0.7500808827659974,0.8681325490627573,0.9056878538027803,0.8591668668521079,0.8117157230649771,0.8489460954645065,0.7994017900286002,0.7952827053325905,0.8504188300831337,0.831478632782282,0.8122991075361723,0.8244053198683653,0.8425250858756411,0.829536247647642,0.9227950611462538,0.880125671352138,0.8562035333758413,0.8167963910714036,0.7451267681194544,0.8371146623869798,0.8087750585437737,0.891331641138724,0.8763343618089766,0.7459764845942315,0.6491812251782427,0.938349776318738,0.8428074105680036,0.7801370133840596,0.8307477944495941,0.7946595101365242,0.6279684951871118,0.8795662330692372,0.9148142418959871,0.7792276980807863,0.8261071111037361,0.8877947296081964,0.7240628059681097,0.7801443346230582,0.8668532680151618,0.6934295284708192,0.8010301964095145,0.7205703804693986,0.7073726284667908,0.7507017459654878,0.8696502110157983,0.8170539060001464,0.7820523482670707,0.8687757616860754,0.843335731605388,0.7507063533739013,0.822417601214022,0.8713356324507734,0.8183134482182137,0.6855877595647454,0.8748918656059679,0.8304917222736283,0.7491897976160425,0.7087798277770966,0.698962286860354,0.8244236845618819,0.8348254842353979,0.8055227415579927,0.8371643072629119,0.8596078473444482,0.869138031269449,0.7419832901373491,0.7445203616194178,0.8907689347633369,0.8470812143470223,0.7493551957102862,0.8141546692490166,0.7557449685703317,0.8170839656895682,0.8757332582289591,0.7455036782161437,0.7685747306790814,0.6952537770995634,0.7812653077188144,0.8630881740899929,0.8077847677392755,0.7383490263696848,0.7409709544303137,0.7982429997187754,0.7903515467545632,0.7654940718001253,0.8194393209229368,0.7157831667770871,0.8597385035704765,0.8853389870459107,0.8288314914760851,0.8444410098544802,0.8747417815506737,0.762598088393333,0.8455540973438596,0.6807759924309028,0.8559278534263653,0.82220064890237,0.827215099199975,0.8372256240242318,0.7472613652073864,0.7892217075797411,0.8511565744101562,0.7500181625102291,0.8640001368292716,0.7011242559558123,0.8772555771550111,0.8422278006062873,0.7660122042387301,0.7740981640227564,0.8438803213982874,0.8654213657373354,0.8697881677853797,0.9055156465426245,0.6966674359509069,0.7649361559338275,0.8098648020215095,0.8632327893856288,0.8039217535605763,0.7650297225289496,0.878475589527223,0.7791775327088911,0.8064833350877534,0.9393519441246163,0.7472687719127884,0.8589893977567163,0.675486520855854,0.826657301199095,0.7040316252324124,0.9026417023692438,0.6507534295385935,0.8490705343546218,0.722349958804624,0.8826176818457181,0.9003622129940552,0.9079256310723688,0.8900523327568086,0.8234520199650306,0.8334959321945371,0.622417907331804,0.7610081121390716,0.8271604537288952,0.9407811049563993
0.7776653555113008,0.7906300200342716,0.8249204949190424,0.8708489503147052,0.7868884977941913,0.8033687054194225,0.7575111372357253,0.8103447479832417,0.7820742342937184,0.735746186690892,0.897453540458724,0.0,0.767305766904462,0.670723231670909,0.8157216046704531,0.8474707756241345,0.8016163196068299,0.723696457276486,0.887706901066534,0.7842950212474307,0.8872848420178856,0.8484179552871569,0.7593284234405128,0.8519740369727822,0.8504417623695364,0.7898113630312983,0.7447841908737786,0.8048927954904838,0.7429990898069134,0.7974921280696977,0.8493547386354636,0.7783094746826701,0.8196029263136559,0.8442270466498518,0.7764491683454353,0.8437876100427799,0.8020497894346842,0.8079530833915931,0.9040727244547991,0.7628015424801414,0.7949165294781985,0.7732654483409591,0.7920160948846175,0.8575578664701273,0.8343882708405159,0.7376473413672289,0.6409393186167016,0.8399747299729866,0.7930331212443839,0.7719237918506588,0.8232137365613686,0.7937160965005435,0.6275408273821693,0.8908751187569064,0.8905689798626142,0.6967645964040744,0.8142895803740234,0.9149794445238512,0.6760950697530965,0.7757697197989887,0.7991391809874356,0.6643713996443074,0.7792462611227234,0.6761350929708249,0.6951728993160019,0.7152786496209769,0.7553846313657598,0.7161618098052639,0.7024326080073712,0.801386282436335,0.7742080546586242,0.6825485459931699,0.7242990190517433,0.8219451014091734,0.7797036499951425,0.6410273677698041,0.8155490731050433,0.7878971078679308,0.7534676223877476,0.6349782312464656,0.6581520653704589,0.8232630602182526,0.7832075633232772,0.7249078606752817,0.8190636599777936,0.8244255032427779,0.7806815820317035,0.6985415578732623,0.7146825753902118,0.8081667044597233,0.8177326072807423,0.7736201133832245,0.813048244912763,0.728516517762759,0.7448397484765233,0.8190681550753371,0.7439020666243624,0.7827898673541069,0.6485154301495034,0.74146626254399,0.7543198754388797,0.7883869690476242,0.7482031436620568,0.7959845072009932,0.7690007473022966,0.7643043557744561,0.7745296749962811,0.7732748642554013,0.7041248879573883,0.7953621042276702,0.8971318215640752,0.8114100871600137,0.7334562908863638,0.7853597519870659,0.7339288566814104,0.7994718043354616,0.6729781739825759,0.8206237116107825,0.782712309927923,0.7136843980333276,0.7858781732147686,0.7361892320914519,0.7182070488742065,0.8223171360952669,0.6577580449427985,0.844463210711751,0.6779148443046902,0.8544731396532989,0.8364577053657521,0.6996819668494807,0.7099038030129095,0.80029009380061,0.7343114224154703,0.8296659487278727,0.8563035848880477,0.6501301843329723,0.7326600911704391,0.7682833035045507,0.8087821987805474,0.8417030727950919,0.7171109910126721,0.7689862749042692,0.7728261842157034,0.7936453433131783,0.8415361012409072,0.7154884625511289,0.8695060617398238,0.6636502987417359,0.7953616709729487,0.6913920420965554,0.869790874531037,0.6461999814725495,0.8640172052332094,0.7008345387305289,0.9331538611284567,0.8068151566983778,0.7954479663943035,0.8501324213213669,0.7390820633597137,0.7554169824160291,0.5844055847320266,0.694643991592239,0.8103718785774379,0.858617951655885
