0,1,2,3,4,5,6,7,8,9,10,11,12,13,14,15,16,17,18,19,20,21,22,23,24,25,26,27,28,29,30,31,32,33,34,35,36,37,38,39,40,41,42,43,44,45,46,47,48,49,50,51,52,53,54,55,56,57,58,59,60,61,62,63,64,65,66,67,68,69,70,71,72,73,74,75,76,77,78,79,80,81,82,83,84,85,86,87,88,89,90,91,92,93,94,95,96,97,98,99,100,101,102,103,104,105,106,107,108,109,110,111,112,113,114,115,116,117,118,119,120,121,122,123,124,125,126,127,128,129,130,131,132,133,134,135,136,137,138,139,140,141,142,143,144,145,146,147,148,149,150,151,152,153,154,155,156,157,158,159,160,161,162,163
0.0,0.598430327065124,0.5807267217102214,0.5382384054624892,0.5717479179314771,0.571071752658833,0.5859648518128154,0.5820081104666247,0.6511199510703732,0.5625310366014443,0.6510806340499717,0.5974407956021435,0.6240478467713743,0.48552679461555837,0.5540397523468048,0.6164233484030013,0.6047118327648264,0.642501191198007,0.6059565527206985,0.7365126592789377,0.6337386152488557,0.611081856539621,0.5611835882780198,0.5729147208098084,0.6785598189752046,0.5776094523349684,0.4921954440318296,0.6070666234557947,0.5013856049878276,0.5598941708745286,0.6418036306117232,0.6024096072581591,0.5259637446627526,0.5499410298048143,0.6130713168567646,0.47873719738517556,0.7100978363615501,0.5972809914034237,0.5770284015591559,0.5473762568054531,0.5415749414996225,0.6111517651860779,0.6001919785830714,0.6522049976396836,0.5969117097071948,0.6145457848549827,0.5641949047055733,0.6306665839044069,0.6822831835658065,0.5750369465347069,0.6209528494338659,0.6342427544380304,0.5468469507134939,0.5888421390206151,0.5477722029181411,0.5681206656933743,0.6707697356556762,0.5911288826402847,0.596329954432652,0.5008577734415318,0.5754522084364638,0.4098277442588657,0.608880857422989,0.4708504870299669,0.5801440361227789,0.6160407919151204,0.6211478093146046,0.6501146132476968,0.5909492540721082,0.6211221968731387,0.7509525140106467,0.53722987178976,0.6013233690725217,0.6196313240235217,0.6001845013383474,0.6521597834704816,0.5756819153635592,0.576713407496977,0.5993721394884796,0.5267189796901939,0.6010994813227598,0.647541461124008,0.6311451055545138,0.5369357758996299,0.5754585177534541,0.660268858565509,0.6175825628448216,0.5997651986841696,0.5761272311699028,0.5611926162865943,0.6168744273024442,0.5602534014119895,0.562283105602615,0.639525071221234,0.6116394563241191,0.6307312422033218,0.5294695001413282,0.5836742627314043,0.4243135356841503,0.5545653485083402,0.49911905995149763,0.530830957549567,0.5487125424060282,0.5536414039900175,0.5550896037628505,0.5926324219489274,0.5373082366241602,0.6128001156259344,0.5647866322270795,0.637123973853872,0.6525760675470741,0.5779560237097034,0.6097610342692789,0.5599173148447891,0.5442973039770861,0.5757743268834491,0.6237245061024727,0.598634137666288,0.5614254792662311,0.4734429940924432,0.5854546696386458,0.5212045973813038,0.5905072950713516,0.697863282016762,0.5888121009450803,0.5927430887076213,0.46101456233188864,0.48114349590634176,0.5151354860739887,0.586952112369406,0.5395186626550124,0.5945510803715057,0.5456577523983933,0.5889254390655936,0.6371506696593892,0.5924390382385237,0.640753407393505,0.5517076888726152,0.5523712543682512,0.604142771120804,0.5721018432308934,0.4974386272988135,0.6280890441905264,0.5516720278946023,0.6597373880825086,0.650811042660265,0.6440162989609398,0.5533706904157274,0.6646471080992149,0.34082023365607733,0.7108601975470302,0.5941563511425013,0.5915053592435008,0.5043110596098641,0.6175376516924985,0.6802188987850643,0.5769342631145955,0.606514473243384,0.5403503208995221,0.5626655340637037,0.543206704908586,0.6419431074735797,0.5430841336107962,0.7299042514144326
0.598430327065124,0.0,0.5832511290603933,0.5435347217619436,0.5147029826982626,0.5944150394748486,0.5777755292788577,0.5945430437003527,0.5724455251936477,0.5940877162874082,0.5697770681623856,0.6314958034414884,0.6370700511137213,0.552769130125385,0.5146924364527752,0.6191263875486337,0.6040799785967049,0.5293599720833835,0.5227688344659362,0.6036494857652225,0.5459198198847227,0.5614739141001348,0.5556702438554055,0.5436439156096331,0.5677448469856093,0.5637055232084506,0.5648054230161546,0.5941186441635377,0.61504761167463,0.5330705533588753,0.61105998362522,0.5943982755861129,0.6104213538479167,0.5907301195072935,0.5967697202260372,0.5320043651337041,0.5951585238823575,0.5842600413354768,0.5694699160563443,0.5853999604316449,0.5955275676373487,0.5364881799490221,0.4821953993350723,0.5690997536742781,0.6702633962345542,0.5995695551995367,0.5996508115411902,0.5285014727376295,0.5879449265649467,0.5487361850517056,0.5516930946943938,0.6043487425315155,0.5530168250028122,0.6025919998435775,0.5718299234651157,0.6100068524578546,0.564340373925245,0.5688345066914559,0.5297444451787511,0.576701921757354,0.5626610965204509,0.43890068785162933,0.5142284561098549,0.5022000103676441,0.472169366573959,0.5105198224148088,0.6083885916889077,0.5270121255743078,0.5163016905372428,0.5152582081828649,0.5809386789319952,0.546356353537172,0.5277184763394582,0.5764960064576942,0.599493907301286,0.5888188748093555,0.5462246002465792,0.6470484103440531,0.5517400594644909,0.49925644881192915,0.5280349809869122,0.5336025652098627,0.6253442102886683,0.5613484034006482,0.5186777150321469,0.7204514214951792,0.5068771013063518,0.528325506658614,0.6155362094534306,0.6431593176229564,0.5559471871164265,0.5958725597216359,0.5748379721296992,0.5739928149890071,0.5508062171295891,0.6546554523165817,0.5142215960860909,0.6124246198760416,0.4446395786669696,0.6426255757232711,0.5343584207773765,0.4657003518207685,0.48121847882768376,0.5172442170700203,0.5360143042433984,0.6121505804605192,0.5250643557027411,0.5922736460764084,0.6195591785036303,0.5869543358788516,0.5678929806183362,0.5217294694091402,0.550188334971613,0.5444071448696863,0.5653813161468836,0.6785340651866534,0.5769227748015733,0.5015364547145204,0.5372215410604642,0.5263916973308764,0.5612407035443852,0.5054889333743774,0.5458267195625517,0.6355145729533221,0.5094220306418595,0.6734624832393132,0.496638460455672,0.5766948056452905,0.5938219558463107,0.5733477057875586,0.5849882290325813,0.536093891465704,0.530802880222398,0.5819722413077438,0.5267376500537182,0.4966437337879468,0.6232633518542227,0.5835196929116194,0.5483316703715431,0.5326832562434256,0.5307973282579774,0.5316849994490731,0.6415783268274343,0.5267150384806794,0.6054483878984593,0.5681616578375025,0.6177482736047726,0.5719408900049981,0.6175619272568257,0.3752005364409758,0.5387591590122955,0.555489468666144,0.5478294834506343,0.5763992576189305,0.5581644170060693,0.5451679105902336,0.5301890750636618,0.6105720300440449,0.5471415905331836,0.5346295987084375,0.5212156174653766,0.5656145481680278,0.4903570566872833,0.5518958948612458
0.5807267217102214,0.5832511290603933,0.0,0.590538476083438,0.5528365196311003,0.5376128920844282,0.6025831356685211,0.6200169790080647,0.5254864827108494,0.7092506414090965,0.6452395430740363,0.6039942152471597,0.6149592132388324,0.442816485118066,0.5498826283940379,0.6267522855458821,0.6265849384239076,0.6220033119334747,0.5847125596063075,0.5522711418780063,0.6556813755801673,0.6727126542608628,0.6004101006088742,0.5900788455634314,0.6537051119662527,0.5593950285997126,0.5331807772211594,0.628615559397,0.5091769720629283,0.5377049373240954,0.522345840744736,0.5547739771913706,0.5359270516505396,0.5017945768801816,0.4779153999492389,0.4479703785379392,0.5997031188927682,0.5286352901305863,0.5396584902518686,0.5940292650806404,0.5370764518724577,0.6021958081883503,0.5614189610781918,0.5322193569726394,0.568984422130886,0.6190028083994668,0.5215718349164433,0.5424610190117886,0.6341856637725712,0.5150093303276091,0.5988753255250195,0.5722697707371707,0.5087100452099664,0.6104075170036538,0.5281834588258711,0.5082279084735482,0.5830551971816932,0.6032254353783394,0.5973593911998267,0.47421341005518225,0.5897384407513186,0.38083595364110373,0.5691373382529182,0.42416066852537004,0.5092024848314896,0.5617728821274486,0.5916604390892228,0.6132048293493777,0.6164047005965496,0.644921034944979,0.5952768923410978,0.45914080338837504,0.5128694626444259,0.7062705509110734,0.5980870400802977,0.516211974853487,0.6392680088043887,0.591152350548237,0.5510744614552479,0.4627801795988328,0.572688890486633,0.5700087977974573,0.627012744941909,0.497829859758435,0.5196426896228855,0.5955284639380007,0.5342646432618782,0.530867266410427,0.5457268213671436,0.5103488769502117,0.5791096769609476,0.48745095322776993,0.5300362692783238,0.5237405867060682,0.5607094211952186,0.5773089593848099,0.48111446621015147,0.5271040402588278,0.3719871385445257,0.5362694070774907,0.43260091087434466,0.5700658793207338,0.5144906033997008,0.5822664133668646,0.4827579647762661,0.5886018821668587,0.5663308872511741,0.6402123522288364,0.5862157415365642,0.6128518815098536,0.6131424349696702,0.5037773075645884,0.5303373064595897,0.5507734557151386,0.4895729050013635,0.5763389680683564,0.5439255198279834,0.5863446831489283,0.5786581430469612,0.4320555581144135,0.49909930255505813,0.5127336155306665,0.47706783121155066,0.6521361979450971,0.4476279189626064,0.6027534756958415,0.43826375483684343,0.4682010164665161,0.5031651942699946,0.5517923270713883,0.5091829238899205,0.6026218632290609,0.4799630334551137,0.4801821909734288,0.5619996903887977,0.4810080302163901,0.5301326983898335,0.49961276064429705,0.598077241874195,0.5774512539506053,0.5489285067117056,0.4461044252382786,0.5839718240568651,0.5170454629306732,0.5650437303967488,0.5414387695574392,0.5645379756900634,0.6433435383441678,0.6393891969315408,0.32482223283744355,0.5413861339230337,0.5450097842524828,0.5996983925084227,0.5904288852126582,0.6598146880809106,0.6152939240826645,0.5789254646129239,0.671592104077086,0.4868749565222322,0.5149444189690695,0.5922682790213958,0.4921006807304611,0.5362899799307347,0.5854742182933161
0.5382384054624892,0.5435347217619436,0.590538476083438,0.0,0.5321900498028146,0.49575275378775924,0.616180627739721,0.557943739891389,0.47587656909279674,0.5570687402755776,0.6100008992419947,0.5393056482325042,0.5532679779453845,0.46874638754364994,0.548588536637074,0.5508790457127821,0.5920392443757958,0.5845022094572514,0.5523068239045373,0.5044323743113645,0.5993506688676944,0.5641724877615837,0.5828412388803523,0.5411108676209766,0.551624115813115,0.6159421478831522,0.538814723371284,0.6095625440564578,0.5149941440321998,0.4636363220954924,0.505580990052452,0.5133601685955456,0.6561004378365678,0.5044503564549027,0.498233821270652,0.48165001627401105,0.5438649274992851,0.5442667267827047,0.5437700368960666,0.6343915359008316,0.6237911201481957,0.5037636586920806,0.5330904310430795,0.5636543528981172,0.5516161342427176,0.5942765412702079,0.4810764367268667,0.5191294872334759,0.6048157020609842,0.5284593104002727,0.6367660446577836,0.6079745565449425,0.5389928660001957,0.6875815805217411,0.5721798790470536,0.46091784651097867,0.576253632178093,0.5660666907308478,0.5952148789066262,0.49534220390339667,0.5773639332213448,0.3948968126110279,0.5872108744709417,0.4375490002387106,0.5076272053038493,0.5496835798374309,0.5993074193882098,0.5287016670681294,0.5771842378685004,0.5738364234349841,0.5691420877602502,0.4872836170439205,0.5306135386642182,0.6740760664107859,0.5669633860736726,0.5072601627624838,0.620611450197766,0.584594222856149,0.578975457106225,0.4598951658854458,0.542537418506255,0.5674473577693393,0.5231873137635624,0.5114339337817759,0.5433723722631236,0.5635462365958053,0.5040433767287485,0.5492901986051612,0.531562667419879,0.47039444395870955,0.6134109729393021,0.5038558060598431,0.5555466264039434,0.5327012713527961,0.6109736948174487,0.5375157616272688,0.4890647036063805,0.5150438015993885,0.39077485327935385,0.5640375442839797,0.4566460199793242,0.5300098651570638,0.5784791323544106,0.5574714095368142,0.5125325061451445,0.5453152230852694,0.5596672736677251,0.5475355931198509,0.605968409633134,0.5105681657824792,0.6204681487188485,0.5391580466267208,0.533309106324644,0.5462861326147761,0.5409483371326886,0.5560488165175252,0.5319890971339853,0.5071293121425825,0.602259131502402,0.4571420550888633,0.5148302132892705,0.5688681976061915,0.46936321206373494,0.6197392407694,0.45608467948607917,0.5956167942665797,0.45839485114046236,0.4559451379552342,0.5213637206243432,0.575065307677554,0.4506431347769663,0.5395676207762696,0.491107258305173,0.5124853330734286,0.522082622214353,0.4794013937170784,0.46547299681112136,0.5489978515783928,0.5808343066343817,0.5554829132686356,0.6388541051970469,0.4422667160927356,0.5952107118166194,0.5408840990830973,0.5609251582637479,0.5256173399197412,0.5148461918716157,0.5921525093800776,0.5320414817490757,0.3286218931271028,0.5563794879477703,0.570378792962747,0.5737083349878516,0.5065601583775812,0.6094811939997639,0.546451499391513,0.5170666315325388,0.5811986516928628,0.5811032013175556,0.5469772507141674,0.5918738676958021,0.5006778437302609,0.5296472051140269,0.5715973329104292
0.5717479179314771,0.5147029826982626,0.5528365196311003,0.5321900498028146,0.0,0.4496441009494413,0.6511531300436604,0.5007228150601916,0.5486959520173645,0.520815412544494,0.5611618946804744,0.5642047446499721,0.4824209295451175,0.43167848390890234,0.6240788765231651,0.5209393419407277,0.532323410333804,0.6207433270353176,0.5687594017168194,0.5316875784506949,0.5989301932850355,0.606388239434483,0.5995893120129072,0.5518759884784207,0.5555834194281037,0.5212627737067559,0.49002230177405465,0.5028991616152951,0.4697289052006431,0.551363416710617,0.5552004495347244,0.4956563408652514,0.517805025245956,0.4637986259349546,0.5139048166668801,0.46336427050907797,0.5253923785643428,0.5337386444681117,0.5868546380982607,0.5368425514183934,0.5648041785913448,0.5392682037257109,0.6087965468516999,0.571466813354415,0.5032933737812342,0.560297700409625,0.5386335138184998,0.5148447905081807,0.6489727540529282,0.5662416658800574,0.6126860345558557,0.53688910537257,0.5243330421118136,0.5600120228365018,0.5216029133157476,0.4593732763417423,0.5877057808241957,0.5619130616702849,0.5874653945495415,0.4689771728104202,0.4611146412526346,0.38169032443240714,0.5371437618036675,0.4458332261326597,0.5796190128724582,0.5099270825092898,0.5024213632736932,0.5563449112167898,0.5818294412688484,0.5420718725268734,0.5970272505046819,0.489285833847133,0.4796213678063276,0.5669137254699377,0.5021463960363698,0.49773386150537435,0.5322793541877187,0.5778514845724069,0.5294659102577141,0.4287882483023134,0.4980909157082098,0.6268515825558303,0.5680167976653284,0.43845277952338285,0.5177102163654564,0.5406182644900018,0.46988693066952586,0.5774672298614609,0.48390234788147374,0.4639360260079511,0.6572774844443552,0.5203548296326272,0.582768154647792,0.5039168365792501,0.572422341929986,0.5371941401432555,0.4627973796984292,0.488827382367155,0.39770158479280826,0.4717574992506771,0.438089458431017,0.5038549949868966,0.5557826697442109,0.5756838194511389,0.49524421906222427,0.516802545672116,0.4971998123078652,0.5144266898054488,0.5633603141715053,0.5038492832791319,0.583162607123444,0.5627662032088074,0.45858659515821865,0.5097842692215829,0.4794098686479236,0.496711307142101,0.5053427744125316,0.6350905219443829,0.4880492181294806,0.4216403048795796,0.582795935627554,0.49566052064288213,0.4494537084290911,0.6020531028940392,0.4794693688460946,0.5283511287369023,0.4264042792999229,0.4448053680799613,0.45623705025939837,0.5736420500447058,0.46123440448130454,0.5169405203941432,0.4358668155192886,0.5011853050082986,0.5355845745722491,0.5450361054619799,0.508465918311711,0.5517154239954567,0.5455895864787379,0.6435912329001482,0.51735343420473,0.43592515371033896,0.5817465220205376,0.5451613445716872,0.55411050684416,0.5702972456112706,0.6133636435271074,0.5355908654239009,0.5575902611044767,0.3179500176425126,0.5596796435583072,0.5586224028249649,0.6270202656319565,0.5285936486002134,0.5807991945055242,0.5460700417090298,0.47391186232555477,0.5244776711214979,0.49229279067371123,0.4881904909462285,0.5080967949089651,0.5011073912108764,0.5378728900457674,0.620463363749401
0.571071752658833,0.5944150394748486,0.5376128920844282,0.49575275378775924,0.4496441009494413,0.0,0.4775017436797331,0.5898945973066446,0.5421191905324556,0.5400820243045216,0.5358030307135649,0.5851624691562006,0.6085815534033286,0.49127533147875174,0.42989445434672785,0.6240899369124006,0.5819322342403321,0.47247713995387636,0.5292857751061603,0.5611682902761288,0.5359390997176003,0.48203292015541965,0.46734509188308515,0.45308793012389825,0.5654209068245436,0.5208216148810623,0.45703177868312383,0.570077515193749,0.5101237759726704,0.5172644039832454,0.5540585674625962,0.6660520263115969,0.49618664478614777,0.5902317501920418,0.5238932566592204,0.48716594976601296,0.5820747456471104,0.5443148726609333,0.502141163729338,0.46830865055838583,0.4885126056555951,0.5476476550410647,0.469511701267024,0.542969895427181,0.5657820736490948,0.5282599233094784,0.5346490805614283,0.5268813203295479,0.50819212480375,0.49863627729694837,0.526784725432112,0.6067223010193762,0.501650774487189,0.5396845175871724,0.5257516964552403,0.6366460975111066,0.5381937602929937,0.5961690292520124,0.471866526276681,0.503332992510747,0.5981181397328581,0.4518378056471042,0.5468741852440746,0.45908578561269314,0.44997021323482667,0.5277362512632444,0.553065762909059,0.5079702526426924,0.4795179487438036,0.522282072177362,0.5540467371948723,0.4834310566116011,0.5788743430676471,0.5386570326825114,0.6318707772870535,0.5928919466741998,0.5345867576171285,0.5427708174473606,0.5256800164968475,0.5760253489269728,0.5859758223218476,0.5082940021242889,0.5488106101859103,0.5831133188501852,0.541674217045074,0.5972386834727718,0.6029516987491522,0.502904959970708,0.6085968388983636,0.5655698316771636,0.5175856369008117,0.5582477675364785,0.5041013567545516,0.5698332048661205,0.5188907978158176,0.5911363515575689,0.5378282517321511,0.6406900902077431,0.43742981916047774,0.5849675827663307,0.48932139847139494,0.48748191199187246,0.48327951688423937,0.48305028550123047,0.5381446445149762,0.5715542145899118,0.5376173393557704,0.5702803547843901,0.49718411139963453,0.5537075388803037,0.5649216994871281,0.5007144424969737,0.6493866146923302,0.5555817012199206,0.5241568060285832,0.5720302925315717,0.6113452155577106,0.46323837927866446,0.5716648261782977,0.5295002248389746,0.4821280951631133,0.523243360958949,0.5929840997613728,0.5779060021921293,0.5070263756159802,0.5804032921806166,0.5095308422829923,0.5085218521212028,0.571767601801413,0.47358618675755815,0.5938514677516944,0.5976122699517963,0.5524929859831758,0.567737174168868,0.4964631640451782,0.45614465182165204,0.5492397506041303,0.45747414922552754,0.44721802424894586,0.49376406954740504,0.49075908490389236,0.5513792290611153,0.5633242948015654,0.5165724506827781,0.570326965381549,0.5412347527788788,0.5399645571735333,0.5245554244442489,0.583169337520513,0.385390948902078,0.5375250854096262,0.5322534088741658,0.48028315143008016,0.4573559677962459,0.5467409806333784,0.5188311334071352,0.4817331366885717,0.5966447207908417,0.46457115108025887,0.5720539170090237,0.4860071475508444,0.5872021756545963,0.4897026464313933,0.5116723876828646
0.5859648518128154,0.5777755292788577,0.6025831356685211,0.616180627739721,0.6511531300436604,0.4775017436797331,0.0,0.5354457118293652,0.5398975703180664,0.6092933301785549,0.581938834279707,0.5827054782957947,0.5368064414204143,0.45072592947575063,0.6621089528039658,0.5331257297113742,0.5510867589701,0.6441675463568892,0.5511472485442576,0.5277278880560518,0.5988085674670857,0.6418195084766506,0.6787354787244424,0.6270508868190353,0.6066889628117831,0.5643098279142217,0.5414395709224106,0.5469190907045276,0.5046931348838498,0.5257672344274633,0.5543289193682226,0.5049568559043097,0.5903396731187075,0.4902224470496255,0.5142147794580514,0.45767134556132183,0.5741600572349654,0.5219795711399062,0.5534806523685076,0.6359291680371133,0.5857970672105416,0.5642269196908835,0.557417878296714,0.5721438271260556,0.5476448634202863,0.6038524594907493,0.5488651686723625,0.5219313421085291,0.7066956424734953,0.5247878499889748,0.6086926443586138,0.560806938480758,0.5188185026594894,0.5982682956493928,0.5261326925937638,0.500386964735208,0.567887629259224,0.5486571983123425,0.6259442069042181,0.4762819215451304,0.49953427086810037,0.3777289141511292,0.5234206999854171,0.43362225357330697,0.5362995038682833,0.5190228690426176,0.5764499081142963,0.6091024785694102,0.5757266959876458,0.566961233433107,0.6036980765175359,0.4869079633923416,0.48982191183868207,0.6216055569015716,0.5132472182103159,0.5236278525487809,0.5628080066938033,0.631178166705146,0.5392091012265026,0.44514700737764135,0.5223594612099347,0.6085859110235551,0.6305848464718592,0.45988902509493784,0.5088711089003769,0.578187242128959,0.482098260084978,0.5588035299155983,0.5197717997478656,0.5123179396790504,0.6196505454079747,0.5324649892119392,0.5516928446780623,0.5118667906492052,0.582949700563929,0.6005289877101384,0.45341823101441503,0.5230847392382458,0.38717196902615847,0.5267518877619669,0.44752853117639835,0.49928913836314653,0.5547631466376186,0.6209995910516746,0.48151536648287113,0.545214249602863,0.5042072993282117,0.5712731378580612,0.6277166792351725,0.5654825567269474,0.6125595641528133,0.5278426065089289,0.4936580650553737,0.5146422961396543,0.4932833046185035,0.5520578900250562,0.5263625057657548,0.5796750987865241,0.5255893647241074,0.4358411467533639,0.5388322358178407,0.5035668517453337,0.46233979997392166,0.6720312627479558,0.46917611753224736,0.5837511329213109,0.43045066087923556,0.460984147663066,0.47896178716299,0.5991029508420261,0.48112474824389523,0.5102955737546203,0.4542270098775502,0.49646638421326317,0.5360278258267082,0.5138597649092495,0.5266298584976038,0.5807306860260465,0.6045994814926338,0.598988646199871,0.5838328896150775,0.4333657491652831,0.6167019762698821,0.5169844623644568,0.5675010746938592,0.5889057808761095,0.5947252989780502,0.596897062318618,0.5826425621717845,0.31515242022935125,0.5535449053837211,0.5654830991793568,0.5790346697988624,0.60706759022382,0.6325810245531921,0.5915040888135177,0.5327234256935591,0.6097477762109715,0.5534279117162131,0.5014203239666324,0.580036161018823,0.5075819616865079,0.5421325457059526,0.6173944494801531
0.5820081104666247,0.5945430437003527,0.6200169790080647,0.557943739891389,0.5007228150601916,0.5898945973066446,0.5354457118293652,0.0,0.5843819028555683,0.5907388529736833,0.5661113692216412,0.6471088205584881,0.633273591690836,0.474472994099662,0.5052410981907242,0.6625106010144777,0.6017730174081877,0.5466495846667195,0.5566000676457135,0.5685434244513426,0.5758936800022305,0.545874490756174,0.5556809341645589,0.5016113294029871,0.596638116957081,0.5799846863279963,0.5605406347670722,0.6099185107173198,0.4927097036100933,0.5795300883513035,0.599786521221984,0.6136751536955398,0.5551436108839468,0.5760513217878985,0.5060721855846423,0.49549698863544883,0.6094444816123539,0.5774377823309367,0.5622072848083868,0.5316099051139649,0.5385437300817852,0.5515233019900899,0.5404843712808776,0.5237751084853186,0.6736115339390204,0.6484896343656544,0.5558417545565344,0.5101934183918364,0.5673948649132065,0.5413314979475208,0.5859553450859958,0.5880447367111581,0.5110528422878383,0.5752252125411523,0.5489994021379319,0.5579567133374489,0.5785326237295685,0.6755229437152876,0.5143510754346665,0.5328685291967868,0.6138692712590681,0.4322235062588204,0.5736742795534973,0.4524681488403187,0.47785775711126915,0.5517200881405544,0.5926219000040197,0.5561691126904719,0.564189555465442,0.6353469954971953,0.6014511780806259,0.48779364208912235,0.5243583949155315,0.6273642601204804,0.6439797328329179,0.5509446804604088,0.6237821988832601,0.5877463790169191,0.6143716986538217,0.47110957859373875,0.5353851247488994,0.5681878840907779,0.6114048247584747,0.5547310447372498,0.5409883260345666,0.6800721657513308,0.5931706737238795,0.5601120274702223,0.656684168160452,0.5866553620378373,0.5834328455213719,0.5511938086045047,0.5393926736554866,0.5392999752159376,0.5382866097558215,0.6010816118731052,0.5337428195205033,0.5863804346942292,0.4078113176941133,0.6070819735908985,0.4682161908102827,0.589804952596954,0.5240840404197663,0.5401296340087473,0.5436404464767127,0.668116112593508,0.5884251085583253,0.5978948593331858,0.5758193552024568,0.5356960556121321,0.5673513123081517,0.5271605500490417,0.5461501076514891,0.5976104174099722,0.5410170986347638,0.6149201357764044,0.5604191937212991,0.5176296967373345,0.5222726813185975,0.49238967609053,0.5067262536438673,0.6089653483379857,0.4945832528304926,0.6275733462985773,0.4563288939657532,0.6203148577464468,0.48859475980952444,0.5610784820833417,0.5353563002979832,0.5436298344289238,0.5784611783713911,0.6031569348786162,0.5349809921886062,0.5263118629454502,0.5195808305565883,0.4568402093829099,0.5610175521391668,0.5051408111209266,0.535968046091933,0.5891815860177175,0.5197437062481159,0.4892090745576449,0.6039525678934154,0.5347000227577559,0.5700793721172664,0.583290550433739,0.6052515695111232,0.6002065380570443,0.6124113277877471,0.3544321410000356,0.5676178300339145,0.5288081148440937,0.551785844528929,0.5504595902260591,0.61252238078938,0.5881180986644615,0.508730023927948,0.6510187308223597,0.47174580130434246,0.5435266381304836,0.5164174199371955,0.5152402249240104,0.5235561872363996,0.5362686080311293
0.6511199510703732,0.5724455251936477,0.5254864827108494,0.47587656909279674,0.5486959520173645,0.5421191905324556,0.5398975703180664,0.5843819028555683,0.0,0.527178769820714,0.5248114575427006,0.6173142494511799,0.533095567314119,0.45437520781942375,0.5141957874760208,0.5534782928509889,0.5268155431797215,0.5445115718109554,0.553682601131502,0.6029717494382159,0.5466890827972626,0.5483937557828616,0.5255745961741268,0.49472301238153854,0.5898378548042441,0.49235277251575293,0.48431768720077945,0.5169717709882937,0.4552268928514049,0.6654752956647261,0.6696569843113196,0.5638461558825285,0.48449111296806435,0.5151011577595064,0.5455683459536281,0.4649822993986827,0.5816645673184827,0.5453619185071538,0.5509066974838045,0.4759590627179349,0.49305938136342664,0.610834285968602,0.5280448998963988,0.5361263784746857,0.5531207754507984,0.5545905149821184,0.581466039788963,0.5009455037053467,0.5665174046714093,0.5355687824992,0.5453765584544525,0.5387708798254613,0.5064631125350639,0.5103150271767688,0.4916224916792438,0.6012410667486386,0.5688078053792244,0.5906835865662398,0.5035133380340018,0.4879787608805193,0.4968256972978341,0.4130090715231943,0.5166211336427347,0.45239064534527046,0.5151199393447763,0.5124677610193477,0.5270539271983046,0.5656005385550086,0.5173032928950585,0.5629347921033099,0.6188960334547174,0.49077505878278926,0.5116492066633548,0.5309319171206645,0.5482189784844829,0.5647025362561096,0.5114824564655743,0.5426394563132915,0.5248502307879093,0.4641237462228146,0.5107573641350475,0.6177221814280176,0.6466034793301969,0.4759191773853767,0.5189503823009551,0.6179953189100427,0.5510247519087036,0.5557008833723858,0.5568078116373923,0.6010893185110664,0.5713782966900751,0.5931810486483748,0.521557391861155,0.5332405177301363,0.5319965405308972,0.6023203557459977,0.5028994293394485,0.5648271843553618,0.42467082376370885,0.5122960205884562,0.46245926410581667,0.4971881152713263,0.5013838695705428,0.5224084757834506,0.5222518584684038,0.552672743540684,0.4918547343787371,0.5507989812509584,0.5124514972314862,0.538986007247158,0.5474660064805772,0.5299082313549768,0.5110889664121763,0.5422593835134512,0.48433817945528296,0.5417565909789464,0.5503213865369856,0.5404860078484747,0.46624423187408043,0.47127958141132287,0.532257426669823,0.5075523403400549,0.5040830040574658,0.5987110096729238,0.5194390001724678,0.5282206561003137,0.45760560108988646,0.49806207871217406,0.4685676464899618,0.5133769158725733,0.6103222432524967,0.5471921292768516,0.4872168821168673,0.5583390306729711,0.5250821478797827,0.5016853838804279,0.6027146582631276,0.4937975505586685,0.4794587876965586,0.5900555369713179,0.4791640509058428,0.483907002985734,0.6057140996355639,0.5287217532118703,0.5562129914569679,0.614180579770227,0.7258748755969565,0.5162962228466325,0.598946733168609,0.34271600002640046,0.5841994306973524,0.530690718483232,0.544382511389293,0.5094860568216232,0.559962157212605,0.5813230813057709,0.4841921286207655,0.5614360458181137,0.4580741820075373,0.5002359338836624,0.46786996797146185,0.5614048106972901,0.5216208575840975,0.5817846586758968
0.5625310366014443,0.5940877162874082,0.7092506414090965,0.5570687402755776,0.520815412544494,0.5400820243045216,0.6092933301785549,0.5907388529736833,0.527178769820714,0.0,0.5768926900638341,0.5955113302290084,0.5958421545779726,0.4465112246379579,0.5193621185175625,0.5962517019215015,0.5920420547958483,0.588922951131253,0.5494756565285053,0.5294846965243226,0.5910556608262787,0.5912888387537985,0.6163366588842398,0.5468346094375391,0.6810679881387692,0.5345576957174134,0.5377609733495555,0.6019329711155963,0.5238563458719512,0.5479721311317762,0.5229937593628368,0.5544031588225673,0.5221478232537368,0.5073106789409226,0.4758110569639237,0.44147654426316735,0.590484821478376,0.5171838464623991,0.5028435028331604,0.5690132646822776,0.5183920461564319,0.6095211760332466,0.5243023401818759,0.5170831482223303,0.5544091649967697,0.5933802835144729,0.5431253207676285,0.5128521283305081,0.625200738671349,0.48690416411397724,0.5547940454153665,0.546162951479011,0.4937731750962011,0.5540006880362394,0.5086073987370395,0.5480341714595963,0.5419884012431024,0.5751077539145057,0.5762072067936694,0.465426429615452,0.5431019380962437,0.3819387942545707,0.5212638478382996,0.42438523624164776,0.48139575703368953,0.5265176005537001,0.5731881415057863,0.5993157195237216,0.5826721777023853,0.603975057251634,0.5576750463405385,0.4607864279111274,0.49921776904968546,0.6219604210528014,0.5671616455934563,0.5386076544093287,0.5736114050094437,0.6045942244553452,0.5307231145237681,0.4734421430840521,0.5757215283548944,0.5347983162186674,0.648759208114146,0.4946284101505282,0.5084733706118577,0.5865749099194101,0.5182029972052407,0.5225122335817821,0.5673475347923405,0.5247921064464115,0.5527945264062439,0.5031293901719249,0.5123801251109976,0.504308366525251,0.5419463691141995,0.611023339465287,0.4549480065023948,0.5567481319473804,0.3766689589856034,0.5402816511083509,0.4353092113073647,0.521822403316472,0.5125166680698845,0.6173420118689563,0.47164588138657076,0.5746447848289896,0.5331455750705605,0.6839014396076939,0.5789236877224281,0.6040110987853011,0.5771832818070667,0.48959012831764265,0.5247359464678808,0.5546410261736966,0.4799379507897009,0.5691549509292666,0.564612043681803,0.5613579333964819,0.560652373677958,0.445687316890155,0.47822152696887743,0.5051138782982613,0.4778480545977496,0.6373526932424803,0.44872671417025434,0.6051702092121939,0.43645134980251765,0.4617463049901536,0.5061980168606122,0.5360792625172615,0.5449458279770178,0.5578267245633521,0.47355509631390486,0.47030125499038566,0.514192407589067,0.46540293116930587,0.5436601180724896,0.49051933581681506,0.5659239621955583,0.5587404626650724,0.5465374217584641,0.45031235656354585,0.5749769064717203,0.5002530354996954,0.5592719519472057,0.553085804183826,0.5411789964771935,0.6612603701698495,0.6734660533994985,0.32859505275240236,0.5143206645211887,0.560366927210423,0.5312267280447193,0.6016061878442462,0.662447084348119,0.5847753783054569,0.5421682589644363,0.6916871365711317,0.48538275488298843,0.5118808773157757,0.6225032529867268,0.5063549930427454,0.5529385638295475,0.5461309354331343
0.6510806340499717,0.5697770681623856,0.6452395430740363,0.6100008992419947,0.5611618946804744,0.5358030307135649,0.581938834279707,0.5661113692216412,0.5248114575427006,0.5768926900638341,0.0,0.5604920158568396,0.6304797852427229,0.4804715534395303,0.5573128521585228,0.624327361640589,0.6160954235109252,0.6302062131046033,0.5790989473319273,0.6129197551738546,0.6402099949426712,0.6597560523465159,0.5516695172439176,0.5918147254974553,0.6312556680864714,0.6141688853765186,0.5086305837954388,0.6306317464409281,0.5440646484839002,0.49059856498821863,0.5501651623190285,0.5579367816036592,0.5558373240327513,0.509587507754687,0.5539355035607566,0.4738188358776654,0.6742820257706594,0.5843058351568726,0.5880130438533744,0.5925706057687945,0.5600042503612851,0.5471000694116821,0.5848498770166499,0.6427913395996161,0.5736510590557117,0.578129526775297,0.4867966261010976,0.6961419035537082,0.669196976844276,0.5461458154307237,0.6210715856637241,0.5978939236508576,0.5225825704115581,0.6628657265827888,0.593145803148335,0.4869265419455844,0.6247084524422218,0.5770931314009292,0.6174516875627103,0.48251929105674246,0.6368420955686607,0.39059482820229535,0.6147287454271694,0.455394935173612,0.5401472604179155,0.591316380309911,0.6476957658343064,0.6101536762290761,0.62588251578158,0.6380985303786803,0.6550053648366507,0.5117978809631746,0.5825046845720898,0.6718729075460255,0.598184769986498,0.5525450898944675,0.6396979179454058,0.5814210854290486,0.5770065128050069,0.5055031228324721,0.5869276769955099,0.5821285374633285,0.5657816799592532,0.5448948772584034,0.5487980918001916,0.5964248167814613,0.5935998662977593,0.5597303996107856,0.5266384285948029,0.4985231962970665,0.6000140536074948,0.4931871125501028,0.5658115239830734,0.5828835608722293,0.613751332606958,0.592830071636081,0.5110597044155104,0.5182430065562059,0.39824077069582664,0.5314754504002067,0.49058679756547807,0.5551446690336844,0.5353308577288035,0.544917994190058,0.5214018630039176,0.5516240582981351,0.5434237321287219,0.5846316854419812,0.5615940860740605,0.610119512591751,0.6608582402753437,0.5511214042898486,0.5941541499909831,0.557546789277266,0.5315078725564307,0.5488067135062353,0.5509556384426777,0.6004088335925433,0.6211030387640548,0.45141145417547424,0.5612761524210772,0.5235934987339462,0.5324923788390478,0.6532214217055939,0.5285548368501586,0.6291397416514567,0.44065652795822385,0.46398812488333385,0.5243767047837997,0.6001412291833039,0.47265280494727513,0.5881287824289986,0.5504587577957222,0.5454077181183502,0.6687494452460345,0.5578851113887467,0.5365480397467953,0.5519898736086738,0.6113004539000233,0.5721870365666167,0.6334071581478833,0.47432721987799187,0.5737672394066619,0.5468948929549172,0.6582613110242472,0.547721630797847,0.5564738242715563,0.5621828613530394,0.6089906110806078,0.3331103089665698,0.6429494793238972,0.5761959177638812,0.6104208480064416,0.49383275378274016,0.6088079354566862,0.6524102422425744,0.6215850851098264,0.5897729695935521,0.5829031302698522,0.5564577261765432,0.5670943334956533,0.5568008320672366,0.5227692759784236,0.6985245145499147
0.5974407956021435,0.6314958034414884,0.6039942152471597,0.5393056482325042,0.5642047446499721,0.5851624691562006,0.5827054782957947,0.6471088205584881,0.6173142494511799,0.5955113302290084,0.5604920158568396,0.0,0.5533522405807133,0.45773819922608966,0.5271463651226523,0.6110956739776626,0.5845795650173279,0.5359220779285481,0.6218049390140937,0.5849608688655292,0.6067629222535631,0.5622755724577325,0.5806039598368653,0.5275285549656814,0.6333582013793515,0.5391212149772211,0.5104382167127706,0.5658039694507259,0.5074534989442031,0.6243731316060607,0.6604988943673096,0.5973980830934444,0.5476335413445225,0.5896273983747891,0.5401605132477739,0.5060875926616101,0.579976482361724,0.5596982843501432,0.5988868372660946,0.5147654709749637,0.5613102401829414,0.5934546948252669,0.545054464214042,0.5741523272652328,0.6131171956313834,0.5962444714734022,0.6095752776886257,0.5241923426321368,0.59642115709305,0.5522802640946374,0.5866074885389124,0.6052138656150553,0.5140163342899882,0.5890570843590996,0.5510610798047009,0.5781554748303015,0.5823210641534886,0.6958450528494966,0.5184585154027286,0.5160180366989123,0.5281386430840301,0.4183615409723207,0.5489089548022754,0.4651978939872588,0.4961105715209686,0.5190342952558058,0.5376297059700282,0.5398146141857948,0.5295381918187319,0.5683703425841508,0.591635488877573,0.4890590209135996,0.5114981015815968,0.5794778797435032,0.5851382447187258,0.5463144473199969,0.5505550141451525,0.6066782521276773,0.568793868770825,0.4653009456401476,0.5301661791762223,0.5972043273309133,0.6349743959639391,0.5004133482406958,0.5410487775593043,0.6586278833116441,0.540228361672237,0.5479911043728247,0.5871336827150372,0.5749572082623409,0.600681645957854,0.6165097351848068,0.5624208185925662,0.5345530186771148,0.5360645008157378,0.6568254249029244,0.5129275269187142,0.64857461479651,0.4202935955872375,0.5562801250695725,0.4642210290453617,0.5251271052812143,0.5405072486279996,0.611344418407257,0.5322226956622842,0.6049565649303916,0.5452109856232468,0.6088877919436902,0.5621345630414406,0.567846804917069,0.6261194497360247,0.54345169370092,0.5162990892574938,0.552545495284733,0.5123849922319047,0.5814538517338659,0.5803929960666178,0.5551741829331803,0.534024350462823,0.47886913544827786,0.5277580907056282,0.539273523468902,0.5106837710998942,0.6375275805129476,0.4790900939588963,0.6194745679066268,0.473843924452007,0.5325975549847832,0.5422808941077077,0.5228330291191068,0.5831641091487968,0.570314186829721,0.47708420408562774,0.5477979018985893,0.5364281443941555,0.4770249734051446,0.5990746876940317,0.5171609555559221,0.5213074143213424,0.6072592677343354,0.507028700639856,0.4914490494023319,0.6276137487747254,0.5490016023803116,0.5834835493219035,0.6380629161848073,0.6975087470090279,0.5588276875829368,0.6769226957977661,0.35452128115758885,0.5780689794117396,0.5521471613885868,0.5727029970022578,0.5537599998982882,0.6570217414149625,0.5601528593139807,0.48327320924961353,0.6312486555578588,0.47308491328052044,0.5161113185273721,0.49519072748375254,0.5411283642544376,0.52580281047635,0.562297927542803
