0,1,2,3,4,5,6,7,8,9,10,11,12,13,14,15,16,17,18,19,20,21,22,23,24,25,26,27,28,29,30,31,32,33,34,35,36,37,38,39,40,41,42,43,44,45,46,47,48,49,50,51,52,53,54,55,56,57,58,59,60,61,62,63,64,65,66,67,68,69,70,71,72,73,74,75,76,77,78,79,80,81,82,83,84,85,86,87,88,89,90,91,92,93,94,95,96,97,98,99,100,101,102,103,104,105,106,107,108,109,110,111,112,113,114,115,116,117,118,119,120,121,122,123,124,125,126,127,128,129,130,131,132,133,134,135,136,137,138,139,140,141,142,143,144,145,146,147,148,149,150,151,152,153,154,155,156,157,158,159,160,161,162,163
0.0,0.567727744645114,0.6155232050145331,0.44232923437399185,0.5764074819534742,0.541797421473859,0.47710065433161764,0.4461972446782758,0.6396000520400639,0.5616979187860784,0.5625053492234884,0.511238399267833,0.5904167309542292,0.5093274889143314,0.5250873491960846,0.5826239387805391,0.6067304635569211,0.6787815657447709,0.5907211765892025,0.6302969107727586,0.6205058213413256,0.6372877768527717,0.5350726255135424,0.5051868821002448,0.6153267269304591,0.4832914560775024,0.49534703778248823,0.5925346984716879,0.4850182382795746,0.5707348285068167,0.5303713412609987,0.6097714363182081,0.439583113872495,0.4864675229941804,0.5935288451106006,0.5272488274271174,0.5667034177340508,0.6109127097461272,0.46974046531202396,0.5310709733511411,0.5177450912748642,0.5261864700592255,0.5396882486897173,0.5036112656530655,0.5155645934203126,0.541160876583266,0.5197940888281384,0.5473353742657829,0.6107067605026686,0.6273832110321488,0.6201113416279503,0.5732434730540632,0.5096947753384315,0.5383951885295298,0.5275038706407655,0.5086345254263537,0.6622399021314728,0.5286257190244245,0.5349391423916355,0.5485083886438075,0.464917930287546,0.4493973363366387,0.5542537868789557,0.45682453622890856,0.5398275062112506,0.49875481043256065,0.5011655612234094,0.5779611622202899,0.5475352074707818,0.48179625023389516,0.6029356539795021,0.5270527436097464,0.5690473580352946,0.6069655867211035,0.5825095952644056,0.5158131011769109,0.46369922133120484,0.5311789839259544,0.5056321922290072,0.45449065949228007,0.525143442388373,0.6344046047979156,0.6219220945372856,0.5323614431154169,0.5754792660587356,0.6464620216267027,0.43422850360203186,0.6102003212473268,0.5744112536064016,0.4747965464766158,0.6422598997221344,0.49622936018342007,0.6734483907520944,0.5503865785787578,0.5988035892724941,0.497530221581464,0.45036980641628005,0.47647581447532744,0.43642542208578383,0.5329125147295789,0.4818435671063663,0.36753069737978994,0.46391347702071833,0.44012199293054416,0.6158819548757871,0.5556241565861317,0.5013957239343526,0.5449665372116793,0.532903211441007,0.5165672061502353,0.5031827634517175,0.5681853924018443,0.5856337039273788,0.5216336193397084,0.5626799799804099,0.5881291972493049,0.5251066291526464,0.5986430305233402,0.4783472933403816,0.49358899034094195,0.5396503020731449,0.4300757575155895,0.519854133514148,0.5824787839606135,0.5210540218887858,0.5064265238036179,0.49549329076788395,0.4237171015661623,0.5132408896635963,0.5555857017966586,0.5268192647770881,0.5588335215569536,0.46506359176640655,0.5503987873873784,0.5163650327231015,0.4842586068018545,0.5563503239485161,0.5385293238297814,0.5655729808424113,0.5670675933327027,0.44595379732498736,0.5094727029546744,0.6185927754979201,0.5916271659705977,0.5381320552655984,0.5304171175258297,0.6155201712844027,0.5049580588903233,0.6474423037220551,0.35392535028206773,0.537028916081658,0.5190172854263005,0.5709343405442598,0.4865713196464685,0.5126189127933268,0.5105920496460189,0.5727950642360066,0.5297030964442764,0.46272469659693266,0.5813186801011289,0.4647516649572507,0.5469827433984806,0.4700892010796152,0.6244525636160079
0.567727744645114,0.0,0.5146802759410944,0.44070398328094174,0.5237080693488834,0.5221571401747093,0.5343790281467475,0.38548197779351384,0.49986132434951136,0.6303494599738978,0.46700347429011907,0.5250328330428335,0.49589253760301466,0.5291782507547139,0.4825231765250156,0.48789587733588735,0.5659502450344353,0.5150167826676898,0.536046217766908,0.5291521641308115,0.5640250985318755,0.511001504300244,0.5987037140837986,0.5603858176695824,0.5793596235232146,0.45853619623926983,0.46378032365888266,0.5351314848265486,0.6385534258659465,0.48097420304731364,0.4872940867234238,0.5152554200750447,0.4597136808777414,0.5375429938329969,0.6042195157498663,0.5277616802336177,0.4808703414959933,0.5190809638546163,0.4380772681991666,0.6059208151285282,0.6164644183359578,0.5090744030941494,0.4229349925689564,0.5151594876891561,0.4735427914713049,0.5028409877536364,0.5868520049693825,0.47674996954672,0.5990313784505693,0.5046024674020884,0.5151375347553514,0.5969304813092953,0.5196290483097287,0.5251300223833585,0.4862466340847195,0.6258287152019689,0.5431882633663045,0.45010359293819946,0.5145930752013435,0.5441513981755812,0.40358697787570846,0.42686301740222654,0.43561494052683836,0.4714223685028014,0.4686945649771501,0.43471764291497095,0.4778719681057524,0.4717906092087751,0.42008252401552326,0.3880827617235271,0.4857522814363002,0.543586639163996,0.4929695430302964,0.5045226200282737,0.48175774617273043,0.5361967320475068,0.40186714741350926,0.6240941786874069,0.46018065475392134,0.5202261499063661,0.5457525381865101,0.5094792936316663,0.6264917168077587,0.48429137547551204,0.5408833572663151,0.6200720265581913,0.36604442328638775,0.4737158597634759,0.5432786754726978,0.508733861420653,0.516952924858084,0.5593919978697698,0.5982227208743363,0.5355171732660251,0.5721646613167308,0.5183816507585132,0.39807401606916354,0.567242781101357,0.469758448073352,0.5641319681519501,0.50975897400194,0.3169765317438835,0.4410985760214727,0.46439325752736427,0.49842119757147796,0.5132625222838816,0.45275184233697174,0.605976913154309,0.5931123509751112,0.5965939627572999,0.5112136918527976,0.5200138527585295,0.5240976693874068,0.46708561842179896,0.5356008397854831,0.642540276716501,0.5958224803127103,0.4777049355639677,0.5068403133377539,0.525097625366981,0.5200286429823698,0.3796142500095125,0.5939541278674156,0.5976990243865434,0.5401831287835257,0.5250720877262255,0.49104776418347634,0.4028517642549891,0.6175949121174334,0.5090237171988731,0.529431332580823,0.4599628193667847,0.41249185959506357,0.5543910231285972,0.45464398790165056,0.4659696010875213,0.5908001697189705,0.5906068382612457,0.5282045150605155,0.49065318594052576,0.43340598654298074,0.5054091971332922,0.6675031189797606,0.5143797858089292,0.5432454584228671,0.4987730521537452,0.5426263497880063,0.5289609222237419,0.6575824465370879,0.38077131665468056,0.4549429474221162,0.5731418263291514,0.4758998548263943,0.5280146127375303,0.5294402583463212,0.44041260222325657,0.5121378400717728,0.5577811314335864,0.5155104515850599,0.5246307564221917,0.512670078245575,0.6163661428317369,0.4918356405448059,0.5437735284899883
0.6155232050145331,0.5146802759410944,0.0,0.4519895546293386,0.5174991754015441,0.525572858739759,0.4492203085136407,0.4853759094519987,0.5557756394781758,0.5805503796483261,0.6193868572226523,0.5002708447241587,0.66147838661164,0.47114040550352754,0.48566195117853356,0.6508588699204348,0.608805739438512,0.609800074838,0.5306843497851129,0.5451158029232759,0.6008407146510908,0.6827138741315457,0.5207446808287269,0.48876249879726036,0.5881324133787897,0.5019700292420382,0.5556908709743194,0.63014697407699,0.45822277777897097,0.5433287288341484,0.4743190783277901,0.5814753167505705,0.4238109151520084,0.46719362193006625,0.47929884015425844,0.48351782587441855,0.580000164752624,0.5664296028097309,0.4586511429367658,0.5304297677628259,0.46653926216666186,0.5177399364556875,0.5174482424603823,0.4485958215851839,0.5285193810855808,0.5203281817300562,0.4495674469147467,0.5297011028186891,0.5572967390223907,0.5401071100764551,0.5758767770378256,0.5084171287922079,0.439781908855427,0.5273509485300485,0.516104912333857,0.46783758293369127,0.5749075924440824,0.5525926588142925,0.4982989134924301,0.5056858784042074,0.5109838256232581,0.41826081001190596,0.5325859600675867,0.41893600793117897,0.46192376055821927,0.477754183389879,0.5277774974807082,0.5722126751497029,0.5821589338983227,0.5295643905083783,0.5529953659459725,0.4542995768168475,0.544640810651729,0.690545223287981,0.6009137577205146,0.442854486259575,0.5239138907266278,0.5169888189558339,0.4840567744083906,0.41989829113941485,0.4814697891932806,0.5625995429590929,0.5774291164997546,0.529942055907173,0.5277489270437837,0.5999301566565025,0.45731277720127117,0.5451046248547748,0.5421726638401431,0.46931698758935003,0.5937272589079405,0.4350171870450188,0.5593227286123322,0.4766212429450223,0.5431182293673672,0.4701015800451385,0.43481064846953776,0.43938976810894337,0.38551424620011826,0.515207657758014,0.4383064531015258,0.39495220107098744,0.4398748202262775,0.4158366492110873,0.5339674981659822,0.5575659042893706,0.5159875075518038,0.5453412747553387,0.4946672703306185,0.5010558556304519,0.48255115164643075,0.5114809017673458,0.5702041508067299,0.5518523750006412,0.4987071146243688,0.5802649278416974,0.4553979892146163,0.570833711638785,0.4712217844416066,0.46331619525810697,0.4778991752858506,0.4436164206687491,0.46151924499166946,0.5341928880008656,0.43369464723621537,0.4926232838426062,0.4724490811340154,0.43587714843309044,0.48686578386823176,0.5151939211458801,0.5014922066259265,0.5982989987914202,0.48201969329311956,0.48481207537699184,0.5078571929096645,0.4132413563353531,0.48206109466789737,0.4756215910228402,0.6081963841001168,0.5336828743807176,0.42148781325967544,0.4732819817177509,0.5442686069049449,0.5516917287876507,0.5088531909216881,0.48529547391572775,0.5492992789461874,0.49860616241181455,0.5847008310190213,0.3423076032382084,0.49946890369940844,0.44634733320887215,0.5750269362652927,0.5010864872618606,0.5023913722376346,0.5237934070119157,0.6393595928003752,0.5461466510225029,0.4241917075942816,0.5531850944541374,0.44133503775313443,0.45494635301830183,0.4516353016724942,0.5653568707758507
0.44232923437399185,0.44070398328094174,0.4519895546293386,0.0,0.43633633190312415,0.5058146113397145,0.49020445774671007,0.4122297747666309,0.39573656214591174,0.4535563867712364,0.48539430911752324,0.536027082204871,0.4228135649097933,0.37635413262753437,0.4733406428170885,0.40846186368297177,0.4141970716063195,0.40591020416584145,0.5038339383438869,0.3723973571632028,0.46810360540609197,0.4358316544717722,0.4499960905637118,0.4355447038987756,0.507529090152806,0.4943006610861447,0.40435951563933065,0.4461242255993456,0.4367082514160023,0.379060145913966,0.4533436882615195,0.4116870757637897,0.6217631186273895,0.466033033827902,0.44838262431278425,0.4592282016249774,0.46903542199670195,0.4138206717342144,0.4142325985580846,0.4408092549825352,0.5078361018924036,0.39980256307308665,0.41376489773137387,0.5415370307536879,0.43586810529059944,0.3962340172860722,0.37583480494611865,0.4953873622275232,0.4469814442754656,0.39102228520965204,0.4932643168354086,0.5339670939296839,0.3551106028436394,0.5966173763777436,0.5109303103704986,0.4011743087089779,0.408066073379408,0.5015341207490638,0.384721953094964,0.3861779110281287,0.4230554077412087,0.34815043867910134,0.4617263517481402,0.3402866263828058,0.366026756641404,0.3695525572088943,0.4280097039502417,0.4270936396246708,0.3802722999372379,0.43540793118026466,0.42634007087175413,0.37161177913465476,0.4299889936362199,0.46465742133360766,0.4064371750689835,0.3768117586314257,0.39945464413219284,0.46485082658154625,0.4279356544823872,0.37538908801065846,0.4148623708612437,0.4795605487874807,0.43422220240645404,0.4286620666168747,0.4303962799073262,0.4472818395727103,0.4090386939583104,0.4141016936443505,0.42241084087080044,0.3947368944260497,0.5046024994822588,0.4703874842311009,0.44261124186023276,0.38096291990363523,0.43016057243592076,0.5611113083301301,0.35906329017142785,0.47873555805770474,0.3489685939139269,0.45887643815190443,0.39025458525824214,0.3392934499664084,0.5549056653474063,0.546133875636546,0.4319680686770494,0.3995996534847614,0.3901423538842338,0.43928704220630643,0.4090270454566509,0.4191041754238607,0.5513087647858785,0.42746768760373616,0.496692926494325,0.39341243356072425,0.4451575687377309,0.4443894309982683,0.40660827065772265,0.38808737779185787,0.5544935754725829,0.4335647184176174,0.36924253089693443,0.46436266943380367,0.39867233757656634,0.4752483270968275,0.37567819159397015,0.5278995860390585,0.3804118037634873,0.3749411798033351,0.48762003018092565,0.39371295990151356,0.36753823613798126,0.389236883955009,0.37527766693801595,0.45821525137142616,0.4068733935907413,0.34005406002516186,0.3779991474226569,0.4555589423686892,0.43677131756874293,0.42058998939365816,0.563713718101642,0.367198015915908,0.441238244111583,0.4332800423553767,0.43540470855557506,0.47055082738615933,0.44807858405267603,0.39568201633740113,0.43595127750945667,0.29399952066578583,0.4836200468005938,0.4205498988055428,0.3837196370982803,0.3708252244759205,0.5555564814744589,0.4115461853933469,0.41172136139509596,0.5261511145423148,0.5537717458558689,0.4490789341460348,0.38828892614426996,0.42139580402079335,0.37863323383644426,0.45949946233615624
0.5764074819534742,0.5237080693488834,0.5174991754015441,0.43633633190312415,0.0,0.4425567399743536,0.5278215298979001,0.3702227079809342,0.5327567573211455,0.5203529628656748,0.5531385586100166,0.4952365391189916,0.4531065149950345,0.47197369582967297,0.4710593695393694,0.47690143981526684,0.5324240416568964,0.541159431492811,0.5146551416051593,0.5021105140649491,0.5535971287319051,0.597439073940197,0.6170488983356769,0.5141810841212858,0.5634278959907577,0.44491342561163355,0.48111813762090716,0.5199277748977307,0.5033624868469876,0.5115275154348711,0.4497727232032392,0.4655064294520785,0.4069301534630949,0.4527060528321892,0.5893385320595171,0.4784004401370896,0.4754894688758426,0.5091568014395348,0.43006644013015866,0.5240664920710867,0.4853157233840309,0.5794608261983772,0.4342568354118539,0.498038343087757,0.42676648156005237,0.42249241494852446,0.457706527265034,0.4966840775767179,0.6305998966626642,0.4923428763367484,0.498344664943073,0.4930429204680832,0.4273094635230773,0.48702023391498067,0.4709479472839012,0.47789668116142137,0.5098779902702478,0.4732745130262726,0.5083928070925541,0.4464525289468048,0.3797919844420388,0.3700212917097735,0.4249695042047207,0.4619283956202695,0.45497137219602196,0.39367004147425466,0.45008558434719087,0.4655498010549362,0.4732790048331724,0.40905472133619253,0.468288993052661,0.47574310533192554,0.5340813634484537,0.4939926324736569,0.45444172977568476,0.4201931697238551,0.4070364029659736,0.5507388162055755,0.40376933641633694,0.4187952404427384,0.44335055512759003,0.5303475690444004,0.521222664647972,0.4184593925163555,0.5147672819985212,0.512366695507549,0.3752533278124829,0.4776284052155211,0.4312301018300745,0.43294610938724654,0.6212596675943922,0.47769240621980164,0.5594430142156239,0.4391247101253742,0.5785645392294227,0.4695864021714753,0.3634972319056368,0.46448317299577224,0.44045667223145823,0.44074336624747434,0.44055906649904386,0.3215720086635229,0.4506100408528849,0.4381611605909598,0.46789066928282774,0.4354402420481621,0.40352877222298095,0.5579811302780847,0.45640066956458814,0.5109816028537154,0.5129445864372468,0.5538003404305529,0.48334877000558013,0.4809364040831837,0.4361473168345288,0.5172309238903271,0.45740020492077205,0.553178672372617,0.4865848921227089,0.47632054221172976,0.5322921278546091,0.3712211216055811,0.5107055935772465,0.4927322062521776,0.5321924926030918,0.4389158426512202,0.43511808636030247,0.3698743778175734,0.4762321167797226,0.46285107494206934,0.4741484547313514,0.4519553583571666,0.3958890658840541,0.546553055845311,0.46564224581994795,0.4312163380489374,0.4608916660436159,0.5242560334270072,0.5371839990245635,0.47578335513218345,0.3997312210862092,0.4662875730136019,0.5586787646017548,0.5522907728883146,0.5147509541825789,0.5198435438717935,0.533052225784862,0.41768946619170577,0.5663036736843848,0.34790882725195293,0.4639520172227706,0.46934449055161864,0.5553046734799354,0.46213810986100773,0.48810238825095764,0.4334801982945067,0.4979122961347776,0.47267454239205897,0.48311964421191095,0.4905217851733516,0.4140057745271203,0.5225066478175747,0.4560780563254704,0.7060530214019622
0.541797421473859,0.5221571401747093,0.525572858739759,0.5058146113397145,0.4425567399743536,0.0,0.4435101122970375,0.4811343061791924,0.4937082092396004,0.5202659597921503,0.49380392368413445,0.5840832345475758,0.5211295696755499,0.43352017593923975,0.45843800490235914,0.5128015969158415,0.5018619829254413,0.4584978887762654,0.5948712990872863,0.4579861457436153,0.5326972371920571,0.46773058580844173,0.4555418567078316,0.4327113949188933,0.5762099582155075,0.48494071299121133,0.43215209939190696,0.5236947481859314,0.46483550024708775,0.47750253787773067,0.5296057561057944,0.5533781649371177,0.507279547730886,0.5315015553048295,0.49468056497491686,0.5233723551143208,0.5271263297376523,0.5033430228391895,0.44551516507438416,0.4468154856854781,0.5163725593235255,0.451727968054747,0.4651023323722572,0.5134813691443176,0.5033997851061424,0.4768223139500915,0.45737007498742777,0.5100932031867338,0.47257220348604406,0.4699017291182654,0.5540957175622526,0.6282628369325813,0.4269394004105328,0.567083875840577,0.534531229421129,0.49852614771659703,0.4970829680917569,0.5921732443165353,0.41380935973230515,0.4777128565845247,0.48684339079712574,0.4449814997598059,0.5590187368980596,0.38577759912808396,0.41639195552164016,0.44140080472078513,0.45696628866829386,0.4815226367353664,0.42503252415736376,0.4759986783928133,0.5002165311820282,0.42880836080734397,0.4903400388900631,0.5218927054392896,0.5318752553889738,0.4663927067361673,0.43422405223330723,0.4956048956650984,0.5068022519444725,0.44927609077109715,0.51049976580593,0.5340446551382014,0.5327601974534133,0.5566088983590013,0.5126664319498072,0.5678514822369567,0.45726609462445006,0.48334978251619365,0.5791720349757591,0.46193438492940236,0.5391111740284974,0.5225231409474941,0.5217348625899509,0.4694690290451265,0.4752064924478193,0.5656922905934196,0.43828295620800023,0.5388384138081477,0.40003959154701996,0.5494035588105066,0.4422423305535394,0.3658757325881996,0.4946869723164544,0.48730130845805075,0.554348863962149,0.5045029422934546,0.4777166646796477,0.501306512632156,0.4621296688126463,0.4609850070881073,0.5174709970094531,0.475085819306501,0.6039999400028788,0.4680049141084686,0.5495281103072857,0.539164293660575,0.5046156558896301,0.4342511261162012,0.5196886776573597,0.5139235548823996,0.4146000939435731,0.49628586861484564,0.4692751740702315,0.5487777389519065,0.4265631991330549,0.5756835702343212,0.4685430459794302,0.43100232277967426,0.5673194284154404,0.4389331226156179,0.47841955250213847,0.4946254004779006,0.44110530391233155,0.5214168152766526,0.43993808550529334,0.3841093705839587,0.47335636224640165,0.4572993840113069,0.44709770313313874,0.48988633466917963,0.490464096153539,0.45497873672241224,0.5161657392966893,0.49972124652583544,0.4823426866801602,0.493655139363482,0.5333025316435086,0.47530137244090015,0.5384570998925682,0.34852222221556217,0.5185160520718518,0.48600048445282673,0.42815387120879006,0.4101504405562708,0.5647287090520994,0.45569217850973737,0.4542758527872092,0.5968229661082711,0.45578594635446784,0.5433874591189627,0.42828881603554436,0.498538086543137,0.42608773439361064,0.481953340667296
0.47710065433161764,0.5343790281467475,0.4492203085136407,0.49020445774671007,0.5278215298979001,0.4435101122970375,0.0,0.34907414835408185,0.4124900505820195,0.5524784182861479,0.4337526410210218,0.5094240456774968,0.415185951623191,0.4211202281617626,0.49609695470653853,0.4014171554909918,0.44478311672158716,0.4457102747724115,0.48753946307713303,0.41651517357057716,0.5208973396945282,0.45750913752594724,0.6124216497795164,0.5739566090231204,0.5665585195801891,0.46832277605163886,0.3999549267675872,0.43585146039738315,0.5053676546300475,0.3931897732738975,0.4487837461078805,0.4295193321188385,0.46962433761537287,0.5130289260182515,0.5194386958015549,0.4619571953035834,0.45596864905212414,0.4147837564895527,0.4057425488599644,0.5587301747621203,0.5416839168196994,0.47205877946291563,0.4056546628302283,0.5708821792390187,0.4255335118173719,0.4284624458462817,0.4937594255072955,0.476778280895384,0.5949979425813471,0.4219716156877397,0.4955979665115332,0.5392945360680143,0.4034457073531901,0.5244975834916371,0.4622251498861841,0.5065259445549296,0.44307021635196125,0.4107616701424924,0.49669467507347076,0.4167963321317138,0.36371153169747883,0.3555746875216193,0.3948721405585401,0.401112159814421,0.4298042176585998,0.3873209339822269,0.4594865585555742,0.46079012460877933,0.37905775805902475,0.36371398554816614,0.44307613821735164,0.44043625436117695,0.45442003484057725,0.46509853573526394,0.38160335200442747,0.4427967651927442,0.38257891143334893,0.5848259477525187,0.40488811437912087,0.43559312654719434,0.46165326239170057,0.49608257635026193,0.49619220375033557,0.3875981981775882,0.47581279991791753,0.4628439106340241,0.3490535527690961,0.440852314848567,0.4313660291893126,0.43675277024042797,0.49213087158520696,0.5720315897673993,0.47962864433374514,0.4269500490433861,0.5112088439383733,0.5353007728040275,0.3457068583699068,0.569984273566966,0.4075445749824927,0.49135625448473813,0.4298335780155941,0.3069191860669775,0.531085096339666,0.5357122919435815,0.41834387338252665,0.42361448679623787,0.39526490240660805,0.5100519262159433,0.4995294905574662,0.5686568086684879,0.6093478718402007,0.4810991105471102,0.4894455670600439,0.39311146628209515,0.4326889668723866,0.46753041194363043,0.47827752022627795,0.4439103844997251,0.5583147463028436,0.43653402872828384,0.43417235254989694,0.36307987470620867,0.4956018452273497,0.5355002173808281,0.46066037285136563,0.4808816239438951,0.4158560989935335,0.3599737673849481,0.514786796875992,0.4411740980723527,0.40020404074098864,0.3855600222121702,0.35299283653754954,0.46675656578075414,0.4265095286340957,0.407813529394676,0.4423436187995913,0.5580085978737408,0.4800870661262137,0.43631346371990015,0.4471934231723848,0.4057055309872762,0.5508557515240265,0.4586958797297236,0.4965146461548754,0.5771593493907426,0.469722290856713,0.4356024818764709,0.5232846565182878,0.3103656342075403,0.4418015425830382,0.47665371724939287,0.4054585658561829,0.4797454341534617,0.5533977597357259,0.41480231355127634,0.4359122598307615,0.5303753781600886,0.5722619672482038,0.4652373741438523,0.4667465309764641,0.5037119335349771,0.4537633074965703,0.5009560503089151
0.4461972446782758,0.38548197779351384,0.4853759094519987,0.4122297747666309,0.3702227079809342,0.4811343061791924,0.34907414835408185,0.0,0.4560927259966736,0.39426441933683376,0.47554959203392355,0.45477265291629704,0.5290778363026993,0.36457740505049613,0.43737009600118143,0.507233459444855,0.40169949908082203,0.40891235712121987,0.43365348023842876,0.420545667181955,0.43514663331806364,0.44367267661626336,0.3642823454746156,0.3794510552250777,0.43663262277372655,0.4844690167348871,0.4268532352054639,0.4217360569978892,0.3488117688612676,0.4195226475111396,0.497413991388214,0.469370205943512,0.411708225540981,0.41607140907249873,0.3797991603144393,0.43158431322428004,0.5609366841020388,0.462587494798252,0.4854401231338961,0.3775416382245057,0.3894430490135626,0.35949787831679525,0.5136940250476414,0.3942185831511109,0.5556236684287619,0.4554040142401179,0.35090548676824024,0.49059426730109906,0.3894677952841944,0.4334310911692712,0.47744511688311836,0.4112408966731402,0.3436309000220408,0.4592936942510443,0.4879520102047943,0.3692261567962837,0.43795810688656517,0.5311462709896786,0.35216909106084976,0.4244932581769465,0.6802700966415464,0.40912605609126,0.5281348696706486,0.33283438659420084,0.3718605582536352,0.43572179227934843,0.46194130186812205,0.4843282504881128,0.4235616188596182,0.6409090850073823,0.5036295058042269,0.36652532509659763,0.40220917114951776,0.49874540294050046,0.47499310461666644,0.3735307346676879,0.5291936526764165,0.3944107478823215,0.5210033443995337,0.35064892023452005,0.38254878344613197,0.47689671721217175,0.4418393583671381,0.5209546935475946,0.41021115141956427,0.4833798293515881,0.6593848708642713,0.456266715446113,0.480951966255252,0.4433290560356764,0.43501160835800445,0.37594590300926023,0.42164018751825755,0.3945440152908445,0.38589850976129303,0.4375299083346034,0.4904235755299091,0.36849067600499585,0.3242277147006695,0.43658658908387543,0.3982166854518364,0.5263020293674329,0.39984969231936685,0.3647530458690384,0.48035492244860917,0.4839877575571723,0.47396158966402596,0.3773300418586333,0.38767635126110367,0.3782381470523534,0.4003985872284838,0.4082559853381451,0.4660171246367305,0.44097810353290856,0.451710457376403,0.41529662543324875,0.35528389924557263,0.4175062814660745,0.3640529838945312,0.3848783375926631,0.3739457777773895,0.620122167325403,0.35579204044851886,0.43941806849951826,0.3436056522078075,0.47678930723634005,0.3868932554077005,0.53216310430596,0.3968348041496939,0.4256573700512974,0.38169215545335644,0.48717573181962665,0.528262582322301,0.41107491137204094,0.4653470385995733,0.3410870463025045,0.4049686922889646,0.38804566062653495,0.43801586029647654,0.4887514422037298,0.40362961449378204,0.38360725018829334,0.3964918714553875,0.42738759230917867,0.42311817900714394,0.3990390234811022,0.4861969680137399,0.41143980644541417,0.41285839657323237,0.29875595994896964,0.5218236305660969,0.35207027271612773,0.40661622921540413,0.37207063753993075,0.4280218104764942,0.5312671363020393,0.45869789917048653,0.46090302073512385,0.3538845642537956,0.43578232025849284,0.3431367493833084,0.35924436543722305,0.36403193572476666,0.4099408183099377
0.6396000520400639,0.49986132434951136,0.5557756394781758,0.39573656214591174,0.5327567573211455,0.4937082092396004,0.4124900505820195,0.4560927259966736,0.0,0.482845866929831,0.5514411663629037,0.49714856948409153,0.5353496181397351,0.46339880793139027,0.454730618225836,0.5860725137377063,0.5379510544785268,0.5483971919552041,0.5162185300904841,0.5966398738809721,0.5292499882619183,0.5958279284146221,0.48010355397328364,0.44918007267176935,0.5353866080529335,0.4405592866782517,0.5116406892626061,0.5397862637556612,0.431338928454367,0.6991101625129509,0.5039369724912001,0.5376132752161789,0.38818114023522926,0.44739804931133403,0.513956118966684,0.47705494679006,0.5298320584197214,0.5986946116021826,0.4667397302438986,0.4509478752656268,0.43985382006496043,0.5215553218298871,0.4814074723582643,0.435879518931624,0.4842175950512717,0.46824086793152736,0.4443571982315929,0.49007046675855587,0.5109122685374266,0.5407712458442004,0.500461023034408,0.4666481176920392,0.43184593915350444,0.458325527680336,0.4695152350617832,0.48141912712275564,0.5621567590190266,0.5413896467383144,0.44163293238880263,0.49541799740191905,0.4446663188579956,0.42183516648325586,0.4778254558147132,0.4374516004284434,0.4537347537318475,0.43597227453765003,0.46167204366007125,0.49938632662875415,0.5098697491237105,0.48894597078082425,0.5262710187977689,0.4664794995617799,0.5102423255098514,0.5171279311954373,0.564580930661089,0.43684592492761815,0.4480894966494241,0.48023626845414435,0.45750343602101207,0.4144729602976716,0.4441186810084113,0.5525106872642783,0.5757150977503918,0.49544378892802377,0.5092051257371536,0.6098632149648057,0.44475545822969687,0.5092727455070843,0.5033124400116106,0.491013556647567,0.5623407750327699,0.44208906378029883,0.544041352018811,0.4675877558108901,0.5073069763712601,0.45572724454128893,0.43028676429144685,0.4293879722210731,0.4178226051926628,0.4523397450065976,0.450426451709106,0.36761189644912157,0.40647588496072823,0.39258762394277713,0.5379157987271802,0.5054014194663526,0.45191903477364037,0.5106440926483317,0.44239967800648744,0.4661216304802108,0.44223609672678393,0.5207297970818417,0.4944877142848606,0.5582789848208178,0.46962305900964507,0.5422635387887337,0.44437556723549027,0.5536128015647889,0.4086520007576435,0.477723054161603,0.5130078689113055,0.4188762999497708,0.47057374586114836,0.492133974701757,0.4808668258088156,0.44831224877874193,0.45380793640544337,0.43232385102627024,0.44812227719657266,0.4774371722287288,0.5687616189908081,0.5570630854334603,0.4815591324425112,0.5421406285518491,0.49424121565157053,0.4224514790598475,0.521036219812983,0.45836373992647533,0.5114347976662748,0.5412408420886857,0.3832234236061396,0.49740404277319306,0.5211259496129006,0.5479440350226279,0.4985592736663711,0.46725586677393516,0.6283243505460145,0.44239657374024643,0.5615598438396286,0.3653892959853381,0.5026204101989007,0.43720657781728034,0.5831228229626058,0.44708796070892304,0.4613413751887821,0.49394776389170797,0.5423195641166039,0.4787286283231344,0.39822206732056425,0.4969216622767607,0.3891751428658662,0.48148923018938,0.4433391178991174,0.5914781576926277
0.5616979187860784,0.6303494599738978,0.5805503796483261,0.4535563867712364,0.5203529628656748,0.5202659597921503,0.5524784182861479,0.39426441933683376,0.482845866929831,0.0,0.48166388834530094,0.5120421957979139,0.5156135474100433,0.4766641336035869,0.47573035836387706,0.5009012374600947,0.5805112805210876,0.548921013681955,0.5402754435689088,0.4990579149889266,0.6041248370436227,0.5306306241583869,0.644541456237405,0.5471666394232444,0.6639046174113198,0.46833343347962747,0.467454125311286,0.5585890276478062,0.5491808744259478,0.4849492391434984,0.4580975408846097,0.5286742524843774,0.43754693977185277,0.5127574968933198,0.5107587768009038,0.4730545077425908,0.49975026124740424,0.49147713370596663,0.41676668701802194,0.6051653735889365,0.5295737719719531,0.5581628684012984,0.4434413762694293,0.4892835070464869,0.4656310476468807,0.5066135510630735,0.5537262617585943,0.48116012342120873,0.6340134327749255,0.47980792939746675,0.533824864243045,0.5693620406965493,0.47597033356369717,0.5155247007084353,0.4732926661756584,0.5920894736468373,0.5311175200038964,0.46119399431945096,0.5525807511048042,0.48499485906038636,0.41396814597453185,0.40108836878670046,0.4482467116569752,0.4311422402560978,0.469272723618311,0.4485367483119731,0.49310620424966883,0.5189198528064155,0.4521492154757037,0.4121961904189667,0.48974584570472773,0.48120643591109563,0.5100244740188006,0.5510042229396696,0.4837195424954215,0.5096112250918284,0.4252176442110712,0.6086029860964136,0.45232011699900987,0.49715253905017504,0.5716632470828134,0.5173124351784831,0.6244270717396574,0.4668840949995374,0.5456098799493057,0.5635513346282338,0.37972846443689434,0.48967295470706357,0.5392864590421474,0.47577667520466754,0.5316684674531496,0.5095490443350891,0.5450472226924987,0.49650347400650624,0.5779830507859187,0.5083754834697481,0.38577024612212096,0.5458488105691981,0.41520391842494914,0.5502171434040646,0.4486458094355932,0.332356395970163,0.4660504058658837,0.48300693809979167,0.4751032244287163,0.516908695610707,0.46901762507990186,0.670306236157723,0.5679386626752955,0.6153331337655998,0.528219463369916,0.5050313710810999,0.5536593512760244,0.4797239144660143,0.4893480092507581,0.5924509387697056,0.5726540720630556,0.507993100205604,0.5438451966871907,0.4821150533089549,0.46975917478112184,0.3873611819225102,0.5403231049747804,0.5950917241287133,0.47953472143617415,0.506537452963005,0.4740234732865565,0.38600785122919334,0.5572633984451212,0.49405136917916836,0.5153257922982291,0.48104674385736257,0.40566328434055077,0.4836193073405245,0.4519883569250372,0.43689980364633485,0.5238843289449775,0.5143876050761147,0.5413284167203776,0.49234272391222517,0.43619462703846373,0.46960429985561997,0.6269172856754601,0.5098001744215722,0.5262271170481654,0.5200076298244124,0.5055266921339434,0.5512943387713407,0.6959107381532758,0.3483599913831227,0.450556660040205,0.5413729015310444,0.47101788979710285,0.5528290823849388,0.5656857969905815,0.4574235452530836,0.5301271918736947,0.6049049719546575,0.4777768398956071,0.5417207515760748,0.5532000070916331,0.5454049318722665,0.5158029143254529,0.5367552662715606
0.5625053492234884,0.46700347429011907,0.6193868572226523,0.48539430911752324,0.5531385586100166,0.49380392368413445,0.4337526410210218,0.47554959203392355,0.5514411663629037,0.48166388834530094,0.0,0.5143943634098539,0.5397205826010959,0.45266593111698006,0.46992805973587076,0.5853786972197639,0.5354890771327423,0.5263649670562874,0.5206196859024953,0.4901159989633063,0.5401902112395432,0.6425277654364361,0.49233259583746003,0.45022375191467406,0.5399245176886149,0.502781974744045,0.5694900454933899,0.5846343488897193,0.4508370869354908,0.5241524875098127,0.47448989286639015,0.5005231849317969,0.4345902508716375,0.4481131961369346,0.49943271677512296,0.5014213605691011,0.5541168553559146,0.5803517124610161,0.4763696490386636,0.4743491457639469,0.46042172590691904,0.4853811592075085,0.4869176603842903,0.46612912577755716,0.49009450691366174,0.4378111533124684,0.3921886425722112,0.5544150271418126,0.5150787864064682,0.5021817884814957,0.5333471129302703,0.4810125586527367,0.39395132814187866,0.5308816906003034,0.5467817206465408,0.4201555912122627,0.5134243626767587,0.6350904520572693,0.4367024627395554,0.4589332364971069,0.4848360572990438,0.39205541990215714,0.5149714517333761,0.413185168096912,0.4155804234293856,0.41389362148552333,0.4832925049508039,0.4864610674401547,0.5499285433104698,0.5536785204137484,0.502002595929844,0.4324006203060725,0.541810967368061,0.5716905305519938,0.5527936601528151,0.39166240331226143,0.4932433791691106,0.4943952645775697,0.45305181107596104,0.388765572722702,0.42329687198726146,0.5463074742153723,0.4975576254025079,0.5069525087324925,0.5008045772633024,0.5489041681975648,0.4772784945328526,0.5002193008914985,0.46287326527947553,0.4374761852473543,0.6680914255996782,0.42681511371363123,0.5448520055447909,0.42408720861502563,0.5130461426083542,0.47457330877747644,0.40990635869244396,0.4217479672426834,0.38985994921854394,0.45274586713032183,0.43585631454005835,0.38674826713412763,0.4502760934663145,0.4150960270603195,0.5255646055504442,0.46662465127436925,0.4455443082407801,0.49948154596778543,0.42690142750212745,0.44263525246738405,0.48456657118847063,0.5235018150860093,0.5254268019021541,0.5585204329256391,0.46854125191692464,0.5222755178994397,0.41017771986240975,0.5272243909632751,0.46510719338750994,0.4823798420588843,0.47241769057140726,0.4696103969446446,0.4375928422776753,0.4794822733387627,0.43387230746561073,0.47685271721885586,0.43523309447108827,0.4254938090864826,0.4703786823142858,0.464684363003887,0.457202705816813,0.5283404464720186,0.4857203191672389,0.5373948780269057,0.49728070927926166,0.38293527532549104,0.4286066609301664,0.47061000161303335,0.5651032222220168,0.5077034979920079,0.42500475762776163,0.45653233790270886,0.49017579077880025,0.568011108047126,0.49989901405036336,0.4710352025672721,0.5453430060895963,0.4195487170222026,0.5102041038255838,0.34335340383039537,0.528750084780232,0.4204870289659445,0.581129064637692,0.4191261392511795,0.487936475464199,0.4855639421707168,0.5446795318998103,0.4916926336099221,0.44565472490912905,0.5174233010215735,0.3823521465855897,0.44425989073476835,0.4179037398445901,0.6180341356564281
0.511238399267833,0.5250328330428335,0.5002708447241587,0.536027082204871,0.4952365391189916,0.5840832345475758,0.5094240456774968,0.45477265291629704,0.49714856948409153,0.5120421957979139,0.5143943634098539,0.0,0.4662212951597747,0.40782557995906094,0.5132983893744405,0.47349926393074737,0.45522623422100617,0.43469907460240853,0.5967895469892603,0.44690495916874096,0.5583955430703719,0.48948225798716877,0.49996399395953584,0.5026883785312546,0.6314074067892345,0.5247519100559335,0.431249706566604,0.46660137324507567,0.46705549149593284,0.458412540084621,0.5955514466872928,0.48183228624860464,0.51596307906437,0.5769006982813524,0.5125415801197749,0.5267102264283892,0.5604976539718969,0.4811306533447565,0.5130223622600527,0.4632847924721495,0.5369967627819475,0.46403514010936164,0.4609371100165669,0.5957166818042303,0.5093346562847363,0.4492945943522348,0.43556641520161404,0.5763512005741104,0.511038199904883,0.446782137279513,0.538966283966086,0.5579791379668865,0.383444514850267,0.6069976646718979,0.5556500187252535,0.5039555534330846,0.47486736107293315,0.5676649059758452,0.4120465225453423,0.44276809115005605,0.4489903213428463,0.39164659837643945,0.4669378096548819,0.3868466441407431,0.40986338474324613,0.40787242592173456,0.4851897596457292,0.48461285360045286,0.39407895003111015,0.457868177724494,0.49911337237822095,0.4230042794898081,0.4654326274815619,0.5022393135640122,0.4458317272206389,0.4288081882694571,0.4367817625742761,0.5537469564493506,0.48138350460227747,0.4331452532750152,0.4604647007307815,0.5808199180382166,0.552316507516091,0.46624487406115406,0.501192404154707,0.5576771363010157,0.45346930306951094,0.45890236201780693,0.4868773291704929,0.5224239177463604,0.5344465974632059,0.5721335982307928,0.5010770839041754,0.4339543977920494,0.47736435624226164,0.7046305506959438,0.40901127615049476,0.5701130374363654,0.40044394244235937,0.49946359901254656,0.4597100392536854,0.36372820484023005,0.5419581403351059,0.5420729484188925,0.48541972381716253,0.46896952585953644,0.43840712786554015,0.5042913633579401,0.4505236919588993,0.5173757634876575,0.6207234278935987,0.5057253907992824,0.5406359387220936,0.45629502036294367,0.4721623710116084,0.4950881984358677,0.4528097848498545,0.45795596961137836,0.5053378573700809,0.47871014526331773,0.432847505823367,0.4732357077914148,0.4717158673599242,0.5687336402165876,0.44274988830652884,0.594381129379128,0.4264006864019187,0.44316264190039745,0.5414451157030297,0.4383464860994299,0.44033966540974306,0.4519142689499429,0.4252444855370418,0.5649419730566463,0.49188998378106774,0.38308711153205494,0.47506308441942924,0.4993108543523844,0.4817207386901454,0.5235901772042695,0.4720390358039584,0.43355365242357824,0.521565531294099,0.5086924915953975,0.5414577632165913,0.5414348917503555,0.620880074081307,0.44476967178956517,0.5457189227309583,0.33062878121602435,0.5747090538799975,0.4520227898911306,0.43423829946269754,0.42885656197155053,0.6700359895294234,0.4892971535999093,0.4653845896726829,0.635381383393188,0.48798041498458544,0.49053564002237704,0.40178975732558025,0.4914109553358345,0.4499418254773044,0.5352943677284
