0,1,2,3,4,5,6,7,8,9,10,11,12,13,14,15,16,17,18,19,20,21,22,23,24,25,26,27,28,29,30,31,32,33,34,35,36,37,38,39,40,41,42,43,44,45,46,47,48,49,50,51,52,53,54,55,56,57,58,59,60,61,62,63,64,65,66,67,68,69,70,71,72,73,74,75,76,77,78,79,80,81,82,83,84,85,86,87,88,89,90,91,92,93,94,95,96,97,98,99,100,101,102,103,104,105,106,107,108,109,110,111,112,113,114,115,116,117,118,119,120,121,122,123,124,125,126,127,128,129,130,131,132,133,134,135,136,137,138,139,140,141,142,143,144,145,146,147,148,149,150,151,152,153,154,155,156,157,158,159,160,161,162,163
0.0,0.530035417563804,0.42116687962438354,0.5957407353490548,0.39598660291416676,0.5305551362873164,0.5587600381057402,0.5753333807808065,0.5970117627663002,0.43623511900666606,0.5058425713854231,0.4629011066688543,0.6642043193828536,0.5762012156611207,0.5641228779243022,0.5032609287752823,0.5970201451017754,0.7575125409636836,0.5657843810799599,0.6598178144199657,0.5550502593266932,0.508382565124915,0.6238405171575561,0.49126878403710794,0.5632668791644948,0.49530444680350044,0.5286321488284519,0.602354489085558,0.3898740468334009,0.5063728372395758,0.5559616402775825,0.5856318506850186,0.5606687814098096,0.5422159002871777,0.641195807693027,0.5364096954730226,0.614526323443856,0.6566212696336854,0.4715438259020182,0.6030831639701986,0.5593330840964535,0.615007666300908,0.5687547796147956,0.5139284972825788,0.5719621215933455,0.6344498137366266,0.4922241117757084,0.4415206605169571,0.6513417195979766,0.6684830806736065,0.6053243392749252,0.5814954079137296,0.5822918428485794,0.510320578527867,0.4683615859681195,0.6110756512920996,0.7149111202881955,0.5283816208298437,0.5586542101875119,0.6846683766111814,0.5493209318481842,0.587637015645524,0.5819603550782925,0.5155181396954727,0.6060074650316805,0.590306541732233,0.5639033209551153,0.543262773718458,0.5611603309856317,0.6503833771507614,0.6287061318411724,0.586170769215358,0.5769367147639843,0.6434561448571401,0.6154712246541689,0.5883924487312757,0.5360484761095234,0.45058892548781,0.577726797504114,0.45735366881689804,0.5550397599274479,0.6530701292851478,0.5097101046257662,0.6161010274065304,0.622737770998911,0.7064108386311053,0.605221058963155,0.6058469320416555,0.6342063591409397,0.5339328354742472,0.6196744505397246,0.5631730053051145,0.5396046127560117,0.6287584577661791,0.6122720655900474,0.4850979484598241,0.5040127157556363,0.5635443876772938,0.5576055480492841,0.6178273688286562,0.5264802221657723,0.5216921238137469,0.5367565636288932,0.4585642731119304,0.6257228267131097,0.5893186478788929,0.5651006884785404,0.598091587563449,0.5856682772963995,0.49677116933905174,0.5393972383552597,0.6091662874315653,0.6545211938433528,0.5665391690192702,0.6330437707165759,0.6368851086817435,0.6372247826704747,0.47003059762482896,0.5018718195701769,0.5905395592779155,0.5538870155481329,0.5904256057507816,0.6487604199931467,0.555018347657492,0.573415685966074,0.4474676762105051,0.6196116182504028,0.487196116751374,0.4819709580265085,0.6078220976474632,0.5762105396223169,0.5560336200247907,0.5916279125136253,0.6079637811201917,0.5103610019222953,0.5538823947276716,0.5244834795537607,0.610441773069637,0.511815824926616,0.6141609530865203,0.5072820025201902,0.5672675199849042,0.6563561770288595,0.532888701733239,0.5505472572508228,0.6202415610159088,0.5521672419664575,0.5192327790773275,0.48428051026011926,0.4824579000210757,0.6104102035275094,0.5512220118680276,0.6014942176454607,0.4753850555752531,0.5614707247489786,0.6117846938050479,0.6350944134467642,0.5142786602011964,0.5442076692180857,0.6124509900763897,0.5490758642176025,0.6448698478324721,0.5424323572067977,0.6377072100294632
0.530035417563804,0.0,0.5113915616168404,0.5528918578465841,0.3781503828247139,0.6026993490875714,0.5664509845229593,0.6497188862424089,0.49617042252880705,0.6515582687637986,0.5361865042698503,0.593315917600459,0.6182044286583199,0.5131643512624332,0.6206268181258213,0.5155941149279767,0.5293437574203287,0.5273796035771788,0.6185456928191693,0.5690446091486543,0.5407962417767007,0.6187093828477507,0.5494787825511069,0.5103583884469511,0.6851115820221079,0.42573492770512295,0.5091555348261074,0.5126192356654534,0.5266925113205231,0.46397582899828865,0.6272626672695932,0.6248537596060961,0.6192733101699948,0.5023379470074499,0.545858576427885,0.5977071561564353,0.5845734358801732,0.5531573654158954,0.5737031839459804,0.5381656722883326,0.5816678499583007,0.5383702452604627,0.5177339190385595,0.5153375599039006,0.6088585790189444,0.5239643109354427,0.4593032077949971,0.4833087994344359,0.605007785820173,0.5439836131366446,0.5161584194448009,0.4650868308664949,0.49822551415448024,0.6168854870657675,0.5766734394784381,0.5581235148253711,0.516852281052075,0.532055155599375,0.5493882256748925,0.5719295327627367,0.6208948386101172,0.479057989887635,0.4757008157074041,0.5149290075972168,0.4816309454320728,0.47529179292972,0.5148733817045099,0.5001981230920214,0.5167024627263872,0.597593671668398,0.5058870879744675,0.4992928601574618,0.44823371065207085,0.5777382434888214,0.5805331255619153,0.4982968552813627,0.517026064145449,0.4597641330269141,0.4746459208506735,0.4033580640739423,0.5267093705660981,0.5101119752162754,0.5312878042294489,0.5612285936474124,0.46988450042474855,0.6070294013093057,0.5402566447622837,0.4975423435731543,0.5516512067680095,0.5184413293274348,0.473277339423224,0.5408683002263995,0.5762132987718839,0.4891328564155592,0.4846057248952547,0.6833348473971664,0.512404458166675,0.5660229498294431,0.45470185621572995,0.5227287463630245,0.5391884459733771,0.557963014024562,0.45629568085644406,0.6147751752380539,0.49293807381826926,0.4968674064760467,0.5493444745887307,0.5920770077704685,0.5571481554175598,0.5820782774646471,0.5472049485492041,0.46856212635909616,0.5198531590551689,0.5084604656402786,0.4782482450813794,0.4901203851557236,0.5345945397010728,0.5935359361889609,0.53888732203007,0.4729322612164219,0.45833945773221973,0.4963529681926488,0.49014430005304765,0.518833208302953,0.47096282460723793,0.6004189584286406,0.4765665343015087,0.5456974893170775,0.5963001694048154,0.5680994153610045,0.5564604516372235,0.513396150521511,0.48013810448385136,0.4847000160960578,0.6220238325495939,0.5074773514989053,0.5365297996176046,0.5412976827260007,0.5740435780718364,0.6002912863823582,0.5545517942651879,0.587668581873898,0.5498705228349504,0.5324405506432712,0.5737925149287524,0.49051778179533884,0.5482008713155739,0.5784130034115651,0.6397834975359076,0.4983286472096127,0.4971087955208292,0.5728277965914848,0.5663006609475033,0.583039339761445,0.6284868813326653,0.5872074548552821,0.5917504429139925,0.5177162367974225,0.5000253687258212,0.4682293419870494,0.5631523655318853,0.504018027698894,0.489494507859693,0.4776652598956521
0.42116687962438354,0.5113915616168404,0.0,0.4174678600271537,0.4699346113462629,0.587338203577943,0.47336160677777406,0.44173645543553264,0.3712350416468251,0.5063055594203476,0.5976757879554035,0.5838788844192384,0.511293081787611,0.3845350105371869,0.47597067029029694,0.6356740980025789,0.525941859878057,0.4128728084720887,0.4774892995322212,0.42102934888064103,0.5364341053743015,0.6401116439537832,0.4260168925927687,0.5063768743839638,0.48063891136606773,0.4189840371760367,0.38963880692238284,0.4048592804811963,0.5677426866226044,0.4902543776449773,0.42132445404755575,0.5257377276406766,0.45935340157425475,0.3949809413266672,0.3965959430950185,0.4592047069211508,0.4938946448944084,0.4368765216963039,0.511938751144841,0.45307185552956625,0.4803754661221297,0.4690058638089337,0.48998365317867704,0.5024016828479294,0.43100031032842606,0.41848670323629267,0.4810331875170963,0.5864709241842715,0.4671652862162546,0.4555426511042711,0.45931157945794826,0.44525160577824313,0.38781070352418173,0.5261812632096667,0.5188103981597366,0.4173046930279657,0.4293938550936145,0.58954770719209,0.4002012165425027,0.42765074066185305,0.44273309808603084,0.40098013637313357,0.4635014665873259,0.4009079132267786,0.3801621958552818,0.3813289533420014,0.379912061513866,0.4783022346193646,0.4395887362958058,0.44402035313016225,0.436000358740713,0.3740427727147233,0.35994861264727757,0.4941507276865213,0.46411568432908706,0.37094480020621806,0.4975391310179523,0.5270735627239543,0.383999836175684,0.40427591324344514,0.4724858921195735,0.3875327503200047,0.5205936640211811,0.43254030326056947,0.38276066002962333,0.4416971814856256,0.40983247492823155,0.37774316744355013,0.39094784293079293,0.38465930251233865,0.45328940484851926,0.38130458737896356,0.5536620045484413,0.38713030713334284,0.38044320125223985,0.5316209391159421,0.3845721990211218,0.40802881285266435,0.35904721101232834,0.3816470107888139,0.3927174970252903,0.4630288500472326,0.3591804245465911,0.45243407943382824,0.3804808922478924,0.4627872127861934,0.4603463210104728,0.45969303097784486,0.460283271512376,0.5556618083983316,0.49333477416622395,0.38514873440600617,0.40185170472107057,0.38752966506938324,0.391692448561236,0.4427120574385385,0.39774121696706555,0.5784685769149421,0.5544483255886492,0.36319439284011623,0.449512263556617,0.384399913164467,0.4018374629323107,0.47262478150895354,0.3592947001300961,0.5689137659178354,0.38272568953645464,0.5324886967100022,0.49861605937279735,0.43238534255570715,0.4171552090276203,0.5324182877814693,0.36837408825310886,0.376754854558363,0.46842158061895306,0.4324115033412729,0.49965174130610196,0.43200439878551156,0.4363529109321264,0.44694594565195583,0.3955002443292218,0.5026699758859485,0.3965879571445124,0.40942773633118557,0.4826854516691659,0.3951447051251252,0.5070555720577307,0.49846924603996606,0.498319879854276,0.45081207175333615,0.3758164616570059,0.41921896731444136,0.4781473089566765,0.5583644572607097,0.4930491304331993,0.41921145770053175,0.4809520335198174,0.5150543054792732,0.3694164599838796,0.41127484062487546,0.42312885920851645,0.3776363572440313,0.36778270785188416,0.43315241130495985
0.5957407353490548,0.5528918578465841,0.4174678600271537,0.0,0.3732992132373267,0.49873758658639206,0.5893457822820418,0.5869529238089193,0.5155263653510771,0.4598813173009872,0.5135560481659033,0.46739709926022777,0.6014414288682333,0.6360273190172404,0.5971005289024938,0.47248761884221396,0.5365293325250857,0.6119762848903769,0.5625530079052782,0.587097383520086,0.5429422485080261,0.5065899434847353,0.6026358137512796,0.48690596332477176,0.5657564512173712,0.4969951611545868,0.546822046217232,0.5624761340910057,0.4207945359122088,0.4239516508992846,0.5836352832748181,0.5607769015030062,0.6729916940340032,0.552937391392577,0.6516971874996965,0.6381999739931958,0.5955059026189733,0.6609775224785491,0.5329266624850036,0.6373502084678434,0.6232031667664567,0.5208962719203423,0.5374165453597152,0.5341480871022026,0.6132839733734967,0.5844572050826053,0.4300905863462468,0.45333061607196873,0.6667303018278056,0.6330726880594345,0.6059684283575982,0.5161832950070198,0.5666636590820732,0.5959125067138871,0.5419620487882048,0.5377100221978607,0.6242610776844792,0.4944316808222679,0.6378389435823989,0.6993096755244183,0.6554055076293103,0.5730305239247953,0.5238690927315118,0.5676938853123821,0.5896956870685011,0.5765935516443518,0.6999141915988837,0.5001333654119126,0.5360767508596548,0.6273659761628664,0.5793934919618371,0.6434797225585501,0.5851267843945137,0.6571313226837847,0.5739695823767369,0.5571882148423549,0.5791941300083452,0.4482197261256732,0.5648152396926936,0.4366671358283361,0.5340581234826749,0.6475616839048264,0.46584520346033775,0.6307613533961485,0.6241377425678469,0.6320331788962574,0.6347185908694063,0.6312730666363318,0.5992951625526953,0.5296192623555424,0.5473229772261646,0.6033525588559959,0.5547763908349385,0.5946477649396766,0.6801601622261774,0.5102810342847762,0.5639466801295547,0.5672764017139867,0.5841983966369,0.6505874647806874,0.6585896837882681,0.5857062580597588,0.602507824869391,0.4893560699235829,0.6259305872135341,0.5164936059587876,0.5979215215932546,0.548259927493505,0.5899431799851491,0.49275340291604974,0.5786255160011678,0.6382183274725254,0.6881915512267391,0.6094772982202675,0.5981783278174759,0.5202394804079492,0.5757924071743382,0.48151027897357773,0.528344978706176,0.596496674882379,0.5232531523733642,0.6743635799488571,0.5840678467630454,0.5341435178709807,0.5938783411270426,0.48129719454164066,0.6263384129742186,0.492809177666273,0.5289155595052734,0.6822619900714116,0.49161470454763817,0.5160127628056094,0.656092443569057,0.6415363375352243,0.5873067021788562,0.5503866469827392,0.46015607399397057,0.6692702517682935,0.565735367366839,0.648169452846378,0.5965567056707113,0.5803381109162948,0.6902307672765494,0.6237165856084907,0.6155050816261325,0.5612793717345556,0.5077692125243869,0.5292120628522398,0.487136590224272,0.48724319301106794,0.6496867119514947,0.5841580446774768,0.5951613201276441,0.47135326807394556,0.5851589530444785,0.6586809889409274,0.6099607205666592,0.48816893309950393,0.6950543404914055,0.598553528341724,0.5901025389530035,0.6160928932174555,0.6093489367417019,0.5633682510678519
0.39598660291416676,0.3781503828247139,0.4699346113462629,0.3732992132373267,0.0,0.4567832033329209,0.4446500186582001,0.3517192072886846,0.3407937354853435,0.34456978156662593,0.48019551944267513,0.42324494709547245,0.4299084154040504,0.34069100852988493,0.4113930508663399,0.523179225360898,0.4680400567957456,0.374778545542185,0.37783113037487226,0.3560376593459878,0.4848714478526837,0.46044454000106544,0.37899381896756373,0.48112605136160413,0.37137397283839685,0.47086770270293155,0.33682153623924155,0.3476689316466483,0.37205781718975256,0.5044147114949833,0.350579529802611,0.414130872332758,0.3927702494659267,0.35025137468395645,0.3478320404904866,0.3711347610550384,0.4439213550401406,0.38478158260900497,0.41493315376449685,0.42792254750750996,0.41639962354068893,0.4376204011048515,0.44029163009346445,0.4742782938675507,0.35447514264432806,0.3872718526794472,0.5090096223673986,0.49454696652785196,0.4051374528121462,0.4109778018434946,0.44675948704038715,0.4740038927788872,0.35173945733640055,0.4127027766040136,0.3901113084896116,0.385034594703145,0.4087530041984682,0.5056636631190152,0.33727003101969827,0.38035162959635216,0.3546503723913531,0.3879115455480918,0.45219485869549436,0.33555037360316253,0.35810977402173066,0.3540487599496178,0.3465741909150174,0.4885025207172626,0.36224755832576955,0.37153011050590634,0.4387599969923184,0.33761656664446915,0.33696157728250115,0.4402832880041639,0.3788152827526779,0.3368715344983067,0.47308543597985264,0.6025003358794822,0.35663969411950097,0.48276072814924703,0.4309683733152721,0.36770715801376136,0.49829698105875037,0.36507537507303006,0.3679841396211651,0.3852505330303246,0.35869419685756265,0.3413737076447652,0.33967092332244525,0.3586460870480543,0.4903561022972365,0.3398686516695748,0.45214928848614877,0.36527258555292025,0.3624602345293457,0.39741671678162543,0.3275896361324681,0.34569381249000497,0.3430826489214437,0.3439711621801825,0.34292781309835507,0.3793048719163853,0.3340375296436862,0.3349708953854923,0.34442179076934604,0.4563008371863629,0.39268182690243725,0.3765884991044792,0.4167771703062317,0.4514789133497983,0.4425519073318593,0.3747978922611401,0.37029690933633186,0.3427909462267608,0.3724846283709348,0.4556632567003981,0.34797376680416736,0.39710756574072237,0.4358056603340445,0.33983755683456923,0.5180840444660857,0.35562662037711934,0.38078992385738364,0.4735220558265122,0.3370401318138398,0.40147795731904284,0.3681190497914503,0.46621023076633894,0.3677143672297352,0.3812028926153702,0.35471713443703135,0.5022685340331174,0.34317685339007953,0.36308269154371825,0.3661065268588737,0.4041935964323385,0.4341600951710164,0.40311926996910274,0.34506460810216055,0.3894619414302005,0.3267010843539712,0.41842458651751757,0.3621951086431402,0.3503647933655285,0.42180464055467065,0.37123098921185943,0.48885905718872474,0.4255193398978155,0.355660129390883,0.3711141490473175,0.3458101989328263,0.35122844047520146,0.40405227520483095,0.4399021956433036,0.40409675955442026,0.3690683179363625,0.4309290970386376,0.5040455784706215,0.33525995056182917,0.421091637921854,0.3581973842608875,0.3491076179647772,0.33961463269561504,0.4693284178069989
0.5305551362873164,0.6026993490875714,0.587338203577943,0.49873758658639206,0.4567832033329209,0.0,0.5688151901924557,0.5368711039014701,0.45471836882023303,0.5173684574504275,0.5940690660740651,0.6265672803473354,0.6285503569354671,0.44844617902727224,0.5821734250713644,0.6429965326610675,0.5945086181875575,0.49368771443272336,0.5912305032860941,0.5077164569798488,0.6587889149012873,0.6462043885373293,0.48885075116461696,0.5528604153521404,0.5772707290664508,0.47262600848040454,0.42728674866678756,0.46028466917846533,0.4945177927102516,0.5500947802128291,0.5310768990111343,0.6809798412396678,0.5560540084172664,0.46751368712079466,0.4756414506030927,0.5345516263631122,0.6295280399443502,0.526949609902794,0.5936118105506609,0.521004956643592,0.5742902870790508,0.5727052955144467,0.595394355252641,0.6063390796000211,0.5101344322801683,0.5214232402410859,0.5565815488696385,0.5839079022147033,0.5612489037001576,0.5619091803569285,0.5813324574217426,0.5435803320903382,0.4771546514415027,0.6133509567030633,0.5572693776901141,0.54186243147779,0.5418131986726659,0.6722324988628451,0.46688859803352245,0.529600904433589,0.5390894115353797,0.5118708188757849,0.5666877687104123,0.44975276263841607,0.47659259678144,0.47527147632573613,0.45890106274032927,0.5953649776755566,0.4772933759972612,0.5422413952582946,0.5644758640333825,0.4479069143941365,0.42667593649366536,0.6097540540158982,0.5543627508156964,0.4674710859289387,0.5882991099775363,0.5532293431472686,0.4659487567383369,0.48454891445972403,0.6235551846615676,0.49328047312589746,0.6362879765123707,0.5218395749051064,0.4709834149701407,0.5503103560158623,0.5162023147615729,0.46029669625304226,0.4872074145627591,0.47575246741768645,0.5349764894029353,0.4789931664915501,0.6380652820980229,0.4890456468868756,0.46339468175892234,0.6280138436586725,0.4752932950614673,0.49852624152000435,0.434585661251893,0.46757621450025494,0.47274016904874655,0.5626056485672789,0.431930933513973,0.5005298130581595,0.46589610826408884,0.5617716266049052,0.571558514127382,0.5273133637156463,0.5572658723585299,0.6419845008170789,0.6038573374241023,0.4656949235187815,0.5085735703409485,0.4597756389894263,0.4760976645835378,0.5222843850143972,0.49836236204319934,0.5786680895082736,0.591428423419996,0.43587170224741173,0.5245427601616383,0.47827477597680584,0.49280663003828845,0.6062891063707633,0.4414870647644905,0.5992199878611173,0.4740454239384367,0.6105168048274612,0.5377070850150458,0.51972615657774,0.5001105469585139,0.6717509722674941,0.44806639786383706,0.466489412334755,0.5466760791426739,0.5400863240066921,0.5900850138842617,0.5095422033244037,0.46441713421769776,0.5764269034735432,0.46668193795260804,0.6186357993541833,0.49882368358131696,0.48662658603986636,0.590437782200526,0.4750873806177043,0.6536347359978459,0.6300143439253866,0.540893143849047,0.491196362597977,0.4658567578188134,0.5179045675594485,0.539661525311266,0.5753615770225615,0.6165977388748707,0.5312578388207699,0.5770252329860095,0.625196798719493,0.4332332671776357,0.5095326919240228,0.5113867980278258,0.4742773273428429,0.45589860197185594,0.5232826712894645
0.5587600381057402,0.5664509845229593,0.47336160677777406,0.5893457822820418,0.4446500186582001,0.5688151901924557,0.0,0.5215824674546352,0.47044774239320303,0.46776181397165445,0.5339013443731634,0.5391083801187354,0.6263115418520042,0.4895970250393685,0.6928983744987863,0.53139560285664,0.5439537882156682,0.5235838081956211,0.5222122125668159,0.5045480701524158,0.6132466134489603,0.5619370976208761,0.5686934752822499,0.6204140738823478,0.5536343001605175,0.5571169111016889,0.46528885039826495,0.4631481228665295,0.4361505987703004,0.4859041774328853,0.5533869279999278,0.5805344009664167,0.6409028871304077,0.51870197288138,0.5122158363125162,0.5426407230717065,0.7128481311994723,0.530652601373179,0.5750165191520097,0.6665401615485949,0.6076664167870022,0.5620218123422348,0.5728679920925173,0.6205209495324868,0.5579562052135081,0.5848126577257915,0.5441476019040968,0.5245621525635491,0.6528305331983544,0.5709629610404711,0.6410379148482608,0.5596581217795593,0.48171898441083594,0.599846607431431,0.5296243870163782,0.593959351549464,0.5663603993901765,0.5432152774686999,0.5093044227633002,0.5823174771603359,0.5305933398091592,0.5339339671813698,0.5195650843932913,0.4627619085796301,0.5141591750155656,0.5043169646850171,0.5658639420784045,0.6524524831198965,0.46240059562432684,0.5304356261811839,0.6377092267687527,0.4965414375022024,0.4585668588056261,0.6702985400320091,0.49236202018085834,0.5027631376248014,0.6628748405740285,0.5778839252041625,0.4998930806227837,0.49567105392656774,0.5621582404769699,0.5623592100386893,0.6025362154351627,0.506726280680921,0.512725616976491,0.5769837939316746,0.5283262332141482,0.5083075842255772,0.5152672954928834,0.5611775884419622,0.5685109976624021,0.5428951376049195,0.5757523456492376,0.5214018083697514,0.5247372966767685,0.5859243718040341,0.4674382973664469,0.5240082789491138,0.4784098009935691,0.5454874471615379,0.5279395979164342,0.5537890634789642,0.4939321346096363,0.4733178626443836,0.4841776784827421,0.5902826093680574,0.5610887444484869,0.5181990770605162,0.6513904687361183,0.6244750868037868,0.6570957370651832,0.524917418596482,0.5620853524054801,0.4750048944573369,0.5134122997296989,0.556984497103402,0.49960540549868193,0.5044780107385042,0.5379187948660429,0.4748107788769783,0.5755540937763239,0.522583095279604,0.5276575977511345,0.6736801474965994,0.477132751128159,0.53171879338049,0.5268515662755486,0.6329387444421595,0.49865362649301326,0.5975479529754253,0.47304356303482825,0.5537457062995201,0.4925006654552208,0.5122761819662158,0.5390539621729118,0.5502840482953301,0.5411956852285673,0.6452586852734044,0.49290435849630476,0.6067647848359677,0.48453477622951,0.5648704213475636,0.5750512211573685,0.4953529910316369,0.6369340753647691,0.5561676612431584,0.6352745527362754,0.6062402976327991,0.48083397072659567,0.43863337097787775,0.51659971534432,0.49982262551505624,0.5237542922365045,0.6117388591752633,0.613403606963076,0.6094479339255879,0.6452166756604886,0.6396874256745415,0.509628961862036,0.5685485197669149,0.5371901598783683,0.5052043226817221,0.5085927668827397,0.5780830705302592
0.5753333807808065,0.6497188862424089,0.44173645543553264,0.5869529238089193,0.3517192072886846,0.5368711039014701,0.5215824674546352,0.0,0.5614185810777187,0.5501857055080482,0.49330498881291623,0.5269663373444617,0.6067820861000331,0.5430260917493682,0.5757142457204669,0.4771343748169864,0.5099404410605435,0.5719524885076284,0.6279203303611762,0.6515428885277518,0.5106184228861402,0.5238015941161706,0.5883727237157282,0.4672604335069788,0.7003094695399867,0.4278345808142895,0.5548681452141121,0.5698815420717881,0.4400190885165293,0.4469232413166135,0.7019884018037681,0.5955003295244891,0.5861182057355133,0.55986481841841,0.6096811900935258,0.5989771085073958,0.5806115287383448,0.5991772062433408,0.5228677827659117,0.5223284992128572,0.546799253661709,0.532785589643815,0.5206658310012481,0.48125823556175384,0.703172874157717,0.5544147609935901,0.43036165939816035,0.4393226169963192,0.6088455912381101,0.558280331332169,0.5119322318571227,0.4625813882561873,0.50661463265487,0.5496511738844849,0.5248841100319839,0.5747304158832549,0.5444184911728218,0.5061765000281736,0.5755616530934439,0.6081064226251861,0.6679254028688218,0.4978568730757715,0.4789798700988278,0.5438668226578783,0.5104278017405759,0.5167543830344457,0.565935252024576,0.4767770318893542,0.5446811525108275,0.7216001272005186,0.5128781757737039,0.5453973919647062,0.4988259989420787,0.5702097435263971,0.6061450127529496,0.5403761254869693,0.500213930472311,0.41796575301812133,0.5304540852094597,0.3895751030326592,0.501093407267171,0.5647635826350351,0.48037982351430225,0.6178088532985856,0.5164630981614259,0.6796825030185148,0.6541888604251834,0.5583131837386575,0.6509416721793664,0.5524753083594474,0.4755250081101153,0.5943048924194206,0.5185569399962896,0.5184589019028666,0.51682731414576,0.5787981135746256,0.554225269621426,0.6382878186082324,0.4904918239519624,0.5871959574128319,0.5628035699669618,0.5982967497244296,0.5138400676363061,0.5965616513961608,0.5595554457510928,0.5009341791705395,0.5606554870297181,0.6289676761485414,0.5341118071518915,0.5119807074539817,0.5230164574681836,0.5113632911326059,0.5665264398215787,0.5741271882881072,0.5138894731551804,0.49220876503631394,0.5873177659641876,0.5282935065239338,0.4970011385425904,0.528375799815703,0.44541460072445554,0.5740982375123446,0.5285904498686095,0.49215422202788894,0.5099196195678604,0.512350012177278,0.5120358323110076,0.5057791217239999,0.5585764907886739,0.5787997715824508,0.5962682930605555,0.49226389308638435,0.5483010389478261,0.527462221303935,0.6144567341188556,0.48713819518842577,0.5085021317562083,0.5434966000684905,0.6029090311466592,0.6399044241248053,0.5765984811324432,0.5567995456439083,0.5938421990843062,0.5613298339387902,0.5543629714259287,0.5459550129436885,0.5155360283903865,0.5195048038116803,0.602366879089969,0.4939762313340567,0.5804386785554612,0.5679993581336223,0.56844772083581,0.5012755764518573,0.6213292792205097,0.6586520902049523,0.5713358962173549,0.48303290328443826,0.5259870759680354,0.4811525908972434,0.5521563833638344,0.5559943551193822,0.5365687973036487,0.4833615683979436
0.5970117627663002,0.49617042252880705,0.3712350416468251,0.5155263653510771,0.3407937354853435,0.45471836882023303,0.47044774239320303,0.5614185810777187,0.0,0.42080958317798545,0.42795384297083383,0.4184805666027962,0.5076255764880598,0.5440416364531193,0.47616534595679244,0.4117457268767651,0.4565453476757168,0.5733276936992304,0.48596221719649485,0.5509044584624132,0.4375668513213517,0.4524207811210292,0.5264063335589321,0.4028211158619927,0.5101137107505584,0.39330525348207834,0.5514649949837869,0.5287567534536444,0.35761445904741734,0.45415090681400705,0.5371763200686606,0.4806090906055798,0.4761870068830393,0.46403393174140856,0.5753307789178765,0.4685159082764423,0.49211716438207226,0.5396497347260168,0.41735182114485386,0.46575304592175365,0.44715347216839296,0.5693644307677044,0.4344121628508895,0.4143087441561996,0.5026168630613034,0.480939490600824,0.3994872713461943,0.368661002832192,0.5117805938515961,0.4968521974955379,0.46130331586270895,0.43247988130497494,0.4975789152619646,0.4331919705461522,0.4085188615279143,0.5969044978657831,0.5082661449920609,0.4477559045412039,0.499166096311822,0.5306032959647088,0.49581063364625116,0.4795553119487142,0.43557959487809494,0.4768179398177483,0.4977005336551302,0.46817521869654183,0.522722173488428,0.4440056034645601,0.4945536971083449,0.6046562560422375,0.4872252404027008,0.5122670513775104,0.5336397136723275,0.4879650620980576,0.5342718183117993,0.5047250859039915,0.43576212313518276,0.3801858635800808,0.45826689540777,0.37558572083588193,0.44157318340079754,0.5953803657739396,0.4455169972949284,0.5031058291460374,0.5062971556762341,0.5794849634471291,0.5659059299420693,0.5392877608313015,0.5641015139056411,0.5524183821710741,0.48066846610119507,0.5669715078735401,0.43814621173440416,0.4883826702562721,0.5392889585201576,0.4505714163238647,0.46998681303785883,0.5185150201808532,0.5252630743141711,0.5311417869317159,0.4828991766292198,0.4534087530143944,0.47907715488891484,0.4342121650680386,0.5413623145086343,0.4443444195068603,0.44806374133481813,0.527440414630939,0.45216689311946096,0.4219603749429437,0.4406339344990181,0.5036310742498183,0.5442652571115031,0.5864460120179992,0.47320210003800056,0.4972985591203561,0.5253766820265773,0.4160744843944559,0.408525062877823,0.6147677697980845,0.43265849212883867,0.5378377479347771,0.5005522934482942,0.44389129168825286,0.5524072816258544,0.39241148957434224,0.5313783566137441,0.4216003606112858,0.41750528341100535,0.4884180812269217,0.6688839066079503,0.4489557213212245,0.5500534403590912,0.5855849892126506,0.4550563787155377,0.4416225538845064,0.43107254369621856,0.4764376060919301,0.4566910836414412,0.5226721856540979,0.46905416998717336,0.48582137279405246,0.6058184044132745,0.5126412740781027,0.45800457991298854,0.5205404543624299,0.4811081991899737,0.43456704504210675,0.4459897526556379,0.44046066553449775,0.5403635147470539,0.49383234979086865,0.5159080530595959,0.420459370258268,0.47612978845688153,0.5508465806606443,0.5076858048886397,0.428033773632613,0.5015484462958268,0.4730190407063357,0.4587245981658405,0.5754660034099429,0.5241637222105741,0.5019647319366759
0.43623511900666606,0.6515582687637986,0.5063055594203476,0.4598813173009872,0.34456978156662593,0.5173684574504275,0.46776181397165445,0.5501857055080482,0.42080958317798545,0.0,0.48625566168735795,0.5579770139629444,0.5031094686937435,0.44475750642051776,0.49414771162288673,0.46785379202237803,0.4592551050393228,0.4430232230813079,0.5437989184015577,0.4868889010103317,0.46427216128923166,0.5382509357414993,0.47081261562936244,0.4354889140237977,0.6113018312358172,0.37127154682381464,0.453666516879109,0.45500547219656506,0.5877013350713759,0.4101147243590076,0.5272248805902551,0.5489569643259755,0.4934146970754934,0.4460343725166758,0.46575062818527463,0.5334489408749153,0.48319623111588544,0.47019118661882997,0.5100385593672812,0.4424606529207975,0.48013312935567926,0.4553566164027857,0.4564651203494232,0.4483830855588842,0.5196321322690304,0.4346239629873638,0.40241718591245634,0.4531851538864485,0.5059271842955443,0.45808869101871325,0.4340786884602243,0.39408576101302445,0.42218848275189186,0.5325875190699599,0.5585406915453743,0.4543793741876705,0.4297879545873859,0.4727430294242986,0.49091290812857213,0.4656163980303977,0.532330664067074,0.40904313298729306,0.4122034286357695,0.48280337921970234,0.40942346991566725,0.4088939866867694,0.43505372017748756,0.42410248319159344,0.4826992799187587,0.5078598725886708,0.4174466317838434,0.4328102017000686,0.39660546727252305,0.4767726689158285,0.5020755976024704,0.42739400932973,0.44661598919441764,0.4089060708137962,0.40891575168569266,0.353330639252866,0.4504169708994748,0.4209784922087004,0.4468597716029923,0.48229036253557217,0.4054097753002955,0.48333600614586963,0.4695326004816528,0.435632335006465,0.46762781321424146,0.42632279979165777,0.4038736841552783,0.45903606902111166,0.5055829166881732,0.4107604387009236,0.411575124707696,0.6100512789188732,0.4533437647850179,0.4965554292027583,0.3973166752126656,0.438250081787687,0.4682028063574403,0.5093189136096421,0.40714486775982317,0.6587251791719102,0.4272628302080572,0.420619760074795,0.47803752308578734,0.5200992857720412,0.4597784329299262,0.506193920690475,0.4734378281688373,0.40441480642592265,0.4385503938484507,0.45050263781347827,0.40491574589870744,0.4046378604052648,0.4600893000206979,0.6276147646776588,0.5019208485390547,0.4084192359474344,0.3894872861897178,0.4252491464006034,0.41970894547749926,0.4309290398707313,0.4064236485140433,0.5791119132739276,0.4060091589935271,0.46953427356898964,0.5878021410935732,0.4720409188191581,0.48254221979106116,0.4437375400067543,0.41105262652651736,0.4055801980214152,0.5586642493953616,0.4314904931407317,0.46453053993320764,0.44573579259146956,0.5334671336742184,0.49569000932876695,0.49594896012017853,0.5162944316144732,0.4491674491230946,0.47865503069344956,0.49273906845095755,0.4269591097550383,0.4495462382859578,0.4871047290961554,0.6841408915650198,0.47383673268668636,0.4244720174195192,0.5006133527818749,0.48610969570202156,0.51485083269057,0.5339412591241046,0.47928507233610995,0.47178710606497243,0.44000693286335163,0.42718587625115223,0.4011736209114609,0.4871150030858848,0.4282932515726541,0.42463166944284203,0.3981977540512425
0.5058425713854231,0.5361865042698503,0.5976757879554035,0.5135560481659033,0.48019551944267513,0.5940690660740651,0.5339013443731634,0.49330498881291623,0.42795384297083383,0.48625566168735795,0.0,0.5595146717228027,0.6021395064184442,0.4646758254793475,0.5183550763991369,0.7081350425242964,0.6685983481263056,0.4983909515264113,0.5464658648683978,0.49536225129761347,0.6192010958991241,0.6847978122135182,0.5103317809074118,0.5257996547625565,0.5344280929915763,0.48235717440018033,0.4646082443598041,0.494178389638184,0.5216875290751528,0.5278028245230977,0.46561146338802906,0.5948782032048271,0.5198882209426496,0.4505403387751164,0.4799986597846833,0.5437810556670387,0.5750567502788523,0.5549529043719665,0.5563914450056391,0.5394781852475673,0.5537784689329455,0.5515466379340976,0.5544801532783878,0.5695079435139986,0.4829257264220089,0.4688837004552127,0.47261727988015984,0.5913670425691946,0.5709975693770322,0.5570149475593215,0.5449361871843321,0.5105278576724976,0.44611423602222067,0.591563347883621,0.5812960609234288,0.45922646268623785,0.5242306570366206,0.7070013864723536,0.4648250082691268,0.5107161497391215,0.510445847233059,0.46552176013962854,0.5446523115639618,0.47898367622516275,0.4397042027328976,0.4361259108802896,0.444791675699011,0.5082525236444129,0.5323765039515548,0.5372482067131776,0.5020206682059164,0.4460584098897411,0.4409333811210448,0.603589820916923,0.5640457721538065,0.4173547644801544,0.5991229641701176,0.5461399888715027,0.44039629234876615,0.44690236397887523,0.5207831107646291,0.45620232682036743,0.521056170665388,0.5195714090383385,0.4673999775292448,0.5175840777381837,0.4910748331569604,0.44584056626780666,0.4439924345689532,0.4232430008110628,0.5764636160017027,0.43152567265029007,0.6686767501668449,0.4518494872258374,0.46601708523339247,0.5290180006682144,0.4306157743149209,0.4553934901554664,0.4342691788718284,0.43789126316385873,0.4621870516393213,0.5243163525280605,0.4217035198742534,0.46315993402410355,0.45716465372131765,0.5104785983808696,0.523168964718742,0.5347462890830279,0.508629961693852,0.5502681702069551,0.5751340030199529,0.4769079534925863,0.48297528627991937,0.4782897760591789,0.46276431364076914,0.5189083524184093,0.45622419930710567,0.5993590566049903,0.6414426595577319,0.4413521440914107,0.5510661607855605,0.4603765083692049,0.4843550157864561,0.5201926548062487,0.4322485098836612,0.5386787498265022,0.45848449034254884,0.5381322367415514,0.5421424697986472,0.5041161439064765,0.4653842153079731,0.6314737453585278,0.4522736181664734,0.46455641450435553,0.5281378503399613,0.4883676289662947,0.5013995711011107,0.5133810523744695,0.4994054405839853,0.5232849297485788,0.4438767347073066,0.6218018978423465,0.4675969393523934,0.49406989853545474,0.5761580922787937,0.45618258934723027,0.545963612573477,0.5154065869531175,0.5121730011476111,0.5465158610019711,0.449084541288652,0.4796050183814704,0.6283342495546301,0.5161596379189262,0.5501705225122253,0.48105948065970117,0.582009118793793,0.5329154256047948,0.44254972454227437,0.5094516365967835,0.4650915220663089,0.45204841534497797,0.42884899952740146,0.5498304634968514
0.4629011066688543,0.593315917600459,0.5838788844192384,0.46739709926022777,0.42324494709547245,0.6265672803473354,0.5391083801187354,0.5269663373444617,0.4184805666027962,0.5579770139629444,0.5595146717228027,0.0,0.5415278604370192,0.40977768047229185,0.5413180973481561,0.5821300536277386,0.5191047996801897,0.4385879436495477,0.5720031677112603,0.4827463382603476,0.5849515800006263,0.588685177915514,0.49666437159979265,0.560359408284276,0.6003883973612036,0.4467282769102499,0.4210243256288854,0.437957449247927,0.5209458102539514,0.491616003502433,0.5269765453961182,0.5823262323506804,0.5096134815157404,0.4886169016117227,0.44925994621381204,0.5220811139234305,0.5760365800841851,0.47745403804130493,0.6185011073894123,0.485211667236312,0.5294951236343962,0.5132270936341892,0.5342362906253909,0.553069090552032,0.5214616084617756,0.472717574991283,0.4911230692656849,0.5751272202084572,0.5407795302031685,0.48724165750555,0.4945273816358594,0.46796629165917464,0.4065451518456055,0.5772637536934954,0.5614133229686256,0.4966453122172953,0.47161057097834763,0.6009721513144447,0.4394112175614457,0.47642323505782985,0.49778372801546233,0.43081869461548633,0.4639537554443628,0.4422652169332758,0.41726293041313467,0.4222096562475421,0.43739660454811735,0.5002307979887584,0.4414157672032056,0.49830415821535246,0.47650906358663353,0.41609543889635303,0.3918742284985761,0.5311686386768326,0.4831529294910601,0.42130623767638564,0.5291530601842558,0.5210293765454828,0.43857208799236747,0.4194808509345034,0.5004808923054008,0.44318347300325034,0.5525081091497971,0.47106664174092766,0.42976091252106924,0.5146955801104605,0.48330314876652775,0.4191271435969814,0.4510482247680398,0.4662331758003761,0.4624660140791155,0.45676434764698703,0.5503399686390493,0.42883036969358657,0.4147452997455405,0.6731962407528362,0.43306106325173743,0.5075815108906729,0.39968564629471426,0.43653245488576403,0.4512366859160301,0.5450049730834952,0.4152798365993964,0.5548871348118871,0.41956610666501004,0.5067564206011016,0.515723896636448,0.535250688721405,0.5027334130051165,0.6891868028667588,0.5886853337109624,0.4328253147103115,0.4485512611015841,0.4317568464437358,0.42354627095008723,0.4634738443388486,0.45341602245675056,0.6230629883991997,0.5611992787696541,0.4009998693548285,0.46068142608377,0.4357948232396673,0.4607834860808511,0.5218166092152646,0.40194169058749873,0.6350618628643673,0.41835155631114296,0.621219699859369,0.5670191776330581,0.4726108093101202,0.4667016967081607,0.5289331680263735,0.4117990248601605,0.4240390257803652,0.5684371172953506,0.45596920723444245,0.5786958819174653,0.4812745246438655,0.4921746481453423,0.5384436684734007,0.43481923706330733,0.5421876870686526,0.4524457248271396,0.4538768695190772,0.5699749327328769,0.46460412090158293,0.5743013582829511,0.5335611539956346,0.5925275551474477,0.47568894556684344,0.44147361456389334,0.45884910986868804,0.5035177906642976,0.6036559151159704,0.6362156961435811,0.5026629257189407,0.5240973137550863,0.5732670689759558,0.40667663617178484,0.4386537180926301,0.4579784957807314,0.42942919343570046,0.4284197386073441,0.46251134486548945
