0,1,2,3,4,5,6,7,8,9,10,11,12,13,14,15,16,17,18,19,20,21,22,23,24,25,26,27,28,29,30,31,32,33,34,35,36,37,38,39,40,41,42,43,44,45,46,47,48,49,50,51,52,53,54,55,56,57,58,59,60,61,62,63,64,65,66,67,68,69,70,71,72,73,74,75,76,77,78,79,80,81,82,83,84,85,86,87,88,89,90,91,92,93,94,95,96,97,98,99,100,101,102,103,104,105,106,107,108,109,110,111,112,113,114,115,116,117,118,119,120,121,122,123,124,125,126,127,128,129,130,131,132,133,134,135,136,137,138,139,140,141,142,143,144,145,146,147,148,149,150,151,152,153,154,155,156,157,158,159,160,161,162,163
0.0,0.29847594583820464,0.2868535190042963,0.24023173682543092,0.2770742345457666,0.2922027080945712,0.25112752435106506,0.28129034177120077,0.3064922443510218,0.27945862391991977,0.291549307449796,0.23358499852592238,0.40137982716862786,0.269601181530508,0.28353259396806146,0.3084832827077781,0.3066866360948845,0.4086889751769936,0.2742249864519427,0.44667470866379194,0.2940240005142252,0.3254703828899244,0.27086451386754723,0.2874017686410705,0.3375780477928289,0.23372309454629633,0.23051031173338507,0.28521915299192724,0.242725539534716,0.23246453010748844,0.2892558431122592,0.30632687208685305,0.25324384650409254,0.24666676379449218,0.35944011288311223,0.23902281562986463,0.37032430244108117,0.2912674837117469,0.21453391615390824,0.31563108935976447,0.23994649345388563,0.2813644046533171,0.3118302176404615,0.2793785823908479,0.2956421559664133,0.31200101498994504,0.25610341054384117,0.27712673174216806,0.32671415717282665,0.3141771844514393,0.3067778411359355,0.31545557895926196,0.24666672132491738,0.2593577051700362,0.24262838535270256,0.26830772624780463,0.37229001367060005,0.27009888293480916,0.2752654261281991,0.30069803106687,0.27987183335214055,0.21602742925983695,0.29641509164128427,0.22541200117675667,0.2679565671901794,0.27796165805256856,0.27338749926338174,0.3285140565141612,0.25072500930597924,0.3419321969903639,0.39943610057733675,0.29131272759645416,0.27472952194731187,0.3029335338760759,0.2872726882444439,0.2973495593533025,0.22940546046323443,0.2607916417920205,0.2601831111610723,0.2208452343198776,0.25441725050157643,0.3377450855678609,0.2833188842867194,0.27284266995380113,0.2704300733823071,0.3226736612093974,0.2977348110978414,0.2958478563636681,0.3130052250702582,0.22552937215730148,0.313144726339275,0.27418421775671825,0.3040485543094559,0.2978149782099262,0.29549574283366525,0.25815340734260794,0.21926126081139252,0.25507880957818196,0.2256530360070656,0.2979000882050497,0.2460443203250599,0.2355811380841252,0.2162361661560359,0.2366991528742178,0.3251698584796305,0.31188057390899165,0.25146827300263136,0.29649977987104653,0.28606376740280154,0.2770055461025845,0.26116771296575964,0.27374168110562913,0.2836603004441591,0.23286770557237138,0.2748095880459999,0.31101948740533203,0.3000080140738987,0.28392883342689257,0.236266613424949,0.2468587923939915,0.27359157211446133,0.22470800777136463,0.29805890343003894,0.3379314047938165,0.2702594671019605,0.2577378919439024,0.21423563914957972,0.22960949387453375,0.2362308211402152,0.3026049536685479,0.23289759038656446,0.2717839488450464,0.2448219873159283,0.2764293044304211,0.2624129250725304,0.24839427841351974,0.2944828648251695,0.28961683642134073,0.29265743311268483,0.2843794668173714,0.24250333662436135,0.2658549409146186,0.3355586830091335,0.2437401032685161,0.2718235364015596,0.26795636064479245,0.27220998084759923,0.23086968805751495,0.3331794486754682,0.16426548819404158,0.3349902767783464,0.2558829547960822,0.2818618749897213,0.2053218498884112,0.2622027743149482,0.3334702647976036,0.28648470696479533,0.2633046755605572,0.280327865382633,0.2631665088903961,0.2267010909898934,0.34414115770068493,0.2065764788385831,0.3780950846566241
0.29847594583820464,0.0,0.30736269943660083,0.2579920002367342,0.22639191172558168,0.37731794990368883,0.25641786632343444,0.42226645382777594,0.2793970413465033,0.38588988349786474,0.27151900712157967,0.322187475289377,0.3142396108720099,0.27012342328454686,0.293514280036907,0.29963009088862624,0.2746806779392381,0.26470787956881064,0.30985823490917536,0.3132068126237499,0.3010662827314877,0.34843631507287043,0.2664387158422108,0.3046103801164533,0.36853772731575923,0.22927928506186507,0.23767405523243998,0.2688580888124623,0.34062347372950247,0.23641856879682546,0.3473266848950592,0.3058080441897322,0.3247984299947536,0.24471253847073285,0.28471371840351745,0.2582661405766013,0.3088879855835756,0.2839304877475485,0.24871736560624616,0.2938221286671843,0.2904894098636116,0.27370223548173794,0.23637338962698087,0.25558617638364534,0.3641134214018951,0.26365962091219586,0.2715353845241502,0.24798003446085046,0.28556372376491884,0.25233171995028514,0.27511780613783854,0.2884780469649136,0.24823750840791406,0.32490133168127694,0.27648787107318373,0.31295907850505206,0.29420316993195333,0.2796926469472202,0.26828612060640883,0.2964264110281715,0.32143474348628936,0.1998837348086796,0.24952207567794873,0.20288771179238518,0.2126000659742937,0.22673466657670996,0.2538829835354155,0.29101344843698645,0.2229455858921961,0.3341900723797868,0.29243008041305724,0.2671235140191053,0.2118028080442618,0.29654965271224093,0.28798790917098976,0.2511375058379529,0.22998323882908334,0.30914898973476,0.2520423218433922,0.21765853314098407,0.24861226051352261,0.27721560746046237,0.39812648062845996,0.2712092971979102,0.24635203637160383,0.4258115753500063,0.2732701102239999,0.23605103523769136,0.2868934617893674,0.2799738992505386,0.2368129715109291,0.2735754112862248,0.2889771596920861,0.25970968383994086,0.264405889702112,0.3745919839464354,0.2484471735646739,0.29370936575621126,0.1992582848927666,0.29100289353882897,0.25394956187588386,0.2277540306677219,0.19172050121893577,0.28993610634963013,0.2638756235753216,0.2895154682637051,0.23519060861585808,0.3449704730065364,0.27701367513260333,0.32657032441607087,0.2527047380194604,0.22589054264454805,0.25442555210713624,0.2288015207958777,0.2821401822720552,0.38180162799076417,0.29420448716396636,0.23510478893782658,0.24303013569268675,0.23409124744610996,0.2508798234729391,0.2462490687360501,0.26364505126191784,0.3580529662075551,0.24472756300949924,0.37657818411666166,0.21343375398967918,0.3127860072911293,0.3054940899339744,0.26242175450154837,0.2796065405555514,0.2714695724578806,0.2418346706024186,0.27196807797332906,0.2625167226702773,0.21404345270343,0.29853746444071827,0.27507577613895484,0.29885267134012794,0.26503274096683677,0.2656393897471958,0.27264213192455344,0.33011310906818164,0.23755110553370526,0.28597818429831806,0.24258740695174075,0.3250773895430865,0.26163111317551124,0.4048581839146555,0.1785868179152691,0.2658911158503454,0.28169558339632284,0.23740732789703306,0.26154935657686973,0.2962913657409825,0.31701430597306207,0.2899025346768722,0.3483473498822152,0.25347859627618896,0.23767833047446285,0.2385547243595271,0.32722330295109286,0.21349246470747818,0.2660122262226292
0.2868535190042963,0.30736269943660083,0.0,0.25147903485774753,0.2663190269821747,0.2902782650970152,0.23847244737611342,0.3319765344129491,0.2458658363613335,0.41100069993137467,0.2762293088636223,0.24498774390987646,0.3368644907555675,0.2544182236110231,0.24447510138576914,0.37517688097387125,0.341584837563854,0.2964802233002981,0.2461370181236634,0.25248790409119615,0.3180405745714026,0.3966410724462536,0.2636924964364123,0.2502368151681955,0.31173320365842727,0.2410716043955982,0.24618408679102735,0.28278991738684567,0.26222363952093564,0.22722547409472207,0.23695657827772368,0.29795399556466984,0.23091677902257812,0.23082595956481428,0.2393680288288671,0.23306234285983524,0.2865603717772682,0.2656173067209482,0.2077039974228279,0.2982694458597565,0.22373752222249008,0.3169358968313099,0.24261752752304597,0.22182791430509147,0.3068568124551478,0.2525609232286339,0.2364358601640518,0.23662833216543158,0.28042144476585684,0.2367961949004047,0.2572721226617224,0.27565530071734584,0.1966969012694071,0.27893782921617394,0.2467347869766404,0.24963197833509324,0.24804267615003664,0.2994435970312103,0.2522994652885789,0.24471453078391758,0.2690706243077237,0.19665716176734233,0.26020728746725774,0.21177502446358254,0.20375830919604548,0.22176709659108568,0.2400404755776401,0.28383739586407075,0.2696493154805094,0.3511831478577436,0.2796696458026322,0.21846102039556112,0.23838997337339868,0.36265945345744655,0.2954313605522383,0.19794409769046523,0.2628348572572225,0.2793328788274286,0.2124774254453545,0.1865223467932917,0.23711578414471798,0.2708060141776854,0.2754935481734523,0.24695544302301295,0.24161969504305614,0.3247160290412762,0.24313021819204592,0.21255153865444548,0.2591020765572519,0.20105537559948017,0.2692029795456286,0.2255725460856284,0.25138210087679236,0.19623279312954392,0.2670956003934132,0.25210191606225146,0.20036243519904673,0.2765702015008996,0.18994834245581702,0.268334772212862,0.1907312845253871,0.25879580003086733,0.1911282213378116,0.2757258471982886,0.24166189495300586,0.30935089157710627,0.24378843331459263,0.3200716256064261,0.25204506355580464,0.2797499298266057,0.23927099512186095,0.2158620631214488,0.24470581232080196,0.23749353931242284,0.2164900992782627,0.3304781379524808,0.23410575684207002,0.2833379328184612,0.2684802926941295,0.2552757454730469,0.23098971808902685,0.22483767542008434,0.228147426472095,0.27830266233895884,0.19079295789972944,0.27243936732650254,0.22171137788135808,0.2471042388288661,0.2923453547053385,0.24327064806186985,0.2632204748112486,0.34528234965864507,0.201953695570918,0.20960213530959046,0.23265269689993848,0.18455974256138188,0.20536793814937576,0.23322535299682048,0.2942161697151441,0.23336189826214226,0.2041906427347208,0.2626978455267001,0.28455137584262447,0.2449133380116033,0.2353625420523798,0.21621967784239418,0.2615023085393748,0.24550433527560386,0.37281670252404797,0.190111720786531,0.21243721490079637,0.20590153803245348,0.24958183877075013,0.26351139254560146,0.2831396516390836,0.26505617888748,0.26805396724552893,0.29613947570177157,0.19456885018380735,0.24179761987076528,0.2543467484817454,0.2159033729788201,0.21911486827994445,0.2607909983301348
0.24023173682543092,0.2579920002367342,0.25147903485774753,0.0,0.24838424790650168,0.23828877577951216,0.2992631439050885,0.2766863529388626,0.20614191352828043,0.2663591627376595,0.2829493671657516,0.2570150520209496,0.25519371454008405,0.2609570145887786,0.2628052618367137,0.26861741557710317,0.2984987609576648,0.26357110522294697,0.27762049985669845,0.23510207075203368,0.3514342474909928,0.24581389867074813,0.2908239322461246,0.2430353592851068,0.2927004219660441,0.30744106695897727,0.2550849952830119,0.26214546288059193,0.2673535460867918,0.18993195746608235,0.23813223965787497,0.25981626680817466,0.3415831927883586,0.2705021860248559,0.26653610863711946,0.2910133349478089,0.27851205307984794,0.2817994285805562,0.2570902397435962,0.3552173867220807,0.2901976539781344,0.25337003274499204,0.2674531802426344,0.2989628504688954,0.2737237982118219,0.2747543728196956,0.19723136869509206,0.26667237926770676,0.3063310867002964,0.259833926845686,0.3504702330946799,0.3239565977141654,0.242014516452939,0.37786646397920925,0.30513351979120873,0.23535438656736513,0.3146536294103212,0.2899781697732417,0.29141175202771513,0.300692456304701,0.31004181251811885,0.22590188704046146,0.2872326653872126,0.2224912671232709,0.24541130638857256,0.2597028599909488,0.3129595433337012,0.22510735184573488,0.24227619930614827,0.27837056117017106,0.26343580250735116,0.26684584857036364,0.2612211894376163,0.38289091043882784,0.25550002788127363,0.2229052860574984,0.3507443938400385,0.33792452230606357,0.25981274970521767,0.20903847003743545,0.2484365398253821,0.3152214674721343,0.23789370123170828,0.2457916413241594,0.35629943795472613,0.26187315888373114,0.3173685589056649,0.2774576360478359,0.2679892206718114,0.21137168003356563,0.3052942213698124,0.27325822975443853,0.27138509205810923,0.2413941636635017,0.3360526007105081,0.24285080638902468,0.22280394703056158,0.2856333839500371,0.23547460206053195,0.27988513413729643,0.2488372748285536,0.320432411326069,0.30271786493532893,0.25290512475794047,0.27806608720015996,0.2682310234775465,0.2803941719223012,0.2585175991643882,0.27997363700863775,0.246298593227772,0.3268389183083771,0.29468840014998277,0.30272856623824534,0.2977720608035979,0.2784916036831683,0.2514988472965627,0.2840793297772545,0.2336215065148404,0.2964945351298033,0.288275426030735,0.28474216111345907,0.33302258783117805,0.27863452158230056,0.28834990876370425,0.2274448259658335,0.25748596224902615,0.26041080354080104,0.2570141996140535,0.3247829974665351,0.2978884374283915,0.19691439974982286,0.2850495276843285,0.2716944995467832,0.27157209786878855,0.25751010469368213,0.20297674463227852,0.1810882425392979,0.2984552184567927,0.305974590590412,0.2719433233135257,0.2916163253251323,0.2729482147248349,0.3451037276911526,0.2875000843174119,0.2934391540135338,0.2453107327191312,0.24927070728668674,0.2452223438502323,0.2517671670405673,0.1867210705065375,0.29831430512752294,0.2762590880494428,0.27976457488496675,0.22248267615127648,0.3156199356713421,0.2630768054418555,0.2378449537897595,0.2769230422245039,0.33254886079811796,0.2812787764213232,0.27082716989877764,0.27022005690123757,0.2978798981837895,0.2705151997863303
0.2770742345457666,0.22639191172558168,0.2663190269821747,0.24838424790650168,0.0,0.19993941232420906,0.2833549705680613,0.2283931648647494,0.24880274014327014,0.23445784057628416,0.28888455745611535,0.23340612431449104,0.22803674853459485,0.231297848549392,0.27305218509173496,0.26803474674629973,0.2651514004828812,0.29562385677354025,0.22687447049935594,0.2500900060514439,0.2814395519416239,0.3059415530368622,0.3155454024464595,0.24133536830161276,0.249885611124722,0.23634436260653785,0.2632399652995818,0.22548588911839124,0.21020922911909523,0.23499177361006374,0.25336527010385707,0.21926107050285173,0.2268247834293144,0.2269495423293185,0.3110947129126745,0.26968896531879377,0.2646210041006711,0.2600814525864921,0.2577863039801393,0.25844664644247556,0.23290237651552384,0.29795300792789103,0.263279925496652,0.2633889011571297,0.23290928544025494,0.22720139815201687,0.22284256544292425,0.256851462427944,0.3022706103150804,0.27090900081220404,0.26289027601971965,0.22673601515458264,0.20800257449101534,0.24198419779104174,0.24030286453535776,0.20186852940692998,0.23565536998608985,0.3193248450111851,0.2332464020679103,0.24150970197203217,0.1970797066748843,0.18724807066492552,0.22330234071936625,0.2490036823547366,0.2290202015228701,0.18617966105192893,0.22802334533336888,0.2323164301086221,0.237186288042986,0.2884230535060767,0.26039907951592084,0.23662215530331543,0.22107909554955915,0.262867655802621,0.2213572515770583,0.1867979281056393,0.24008756095475092,0.3338547811987114,0.20032243730024826,0.16649046253875371,0.19244828195524635,0.30611468349807874,0.23240736165166184,0.18801407457678582,0.234661141543805,0.23677098078182113,0.2442150702983506,0.23565908439984373,0.21100522979420636,0.19296159303955196,0.38137159764026873,0.2702456354048661,0.2862959767770953,0.18248250176192568,0.26207934696773655,0.22096375738677382,0.17639976904017418,0.2244111966869388,0.23988335349581738,0.21158141599774372,0.21007994317329345,0.22928512458400882,0.23357414926199663,0.2227634087398035,0.2390865490615975,0.23387265001441893,0.2064944900975145,0.2616716942419403,0.24883091561407078,0.22622211248006652,0.25821331699548594,0.2817805582787766,0.20715666009025646,0.26559741076533394,0.20258894416937162,0.23457026362377786,0.2061980850447208,0.27729607083436103,0.2064612839591053,0.259713501663542,0.31071618405735263,0.2278249553526108,0.21642065436411412,0.2577299510758637,0.224641931195468,0.20936949687851097,0.20582103550373126,0.23651618991480172,0.21383645037475082,0.2434667497321861,0.2038410177094535,0.23655966658333336,0.18981445050708082,0.2531373866092457,0.24259220776930113,0.20399901138971246,0.19050238691272084,0.29626288257596645,0.2819229919153517,0.2789037142531059,0.19022305446922488,0.24638178398042718,0.29155602710330175,0.27793746770235633,0.26014725540822803,0.24628990501255948,0.2780145028439146,0.20982704243141906,0.24083375117166586,0.18065389810132565,0.2449057913428846,0.207347506788996,0.31321487285387417,0.21865273227689214,0.25623593825554,0.2501611755559228,0.2083519581403575,0.23426939006152092,0.2172770996915921,0.20764619105870502,0.1946442858312575,0.2220427818642332,0.2243175445088427,0.33925314967586506
0.2922027080945712,0.37731794990368883,0.2902782650970152,0.23828877577951216,0.19993941232420906,0.0,0.21630984608476547,0.34224492467904394,0.2357326779165347,0.3105483812419314,0.250478327506532,0.26634284918031337,0.3610654017593818,0.21565247203751553,0.2478154831287193,0.3055191190806307,0.27513759094256834,0.22087228811958515,0.2827560892191634,0.2956339195731618,0.27947791824546797,0.2721155825555955,0.21083413057137285,0.23768492907639566,0.3308044028714757,0.20720810401742773,0.20448148023039528,0.2593246311760773,0.2641945213116768,0.21088881255577113,0.2779366643613336,0.33560644221034625,0.2798358133778929,0.23306689214780024,0.2491235416654501,0.21788469966320173,0.2909563485423996,0.2407338203829393,0.20802948447676303,0.23650100190155995,0.24325600105281509,0.2595158466372644,0.22534526045963915,0.2526919166930443,0.272346853460041,0.23590055713444685,0.23109949351475934,0.23763937065789686,0.22323309981305497,0.23401625939038112,0.2400742350660931,0.3068821234412033,0.21504439655299268,0.26760650105537565,0.22484587044333199,0.3094944827200982,0.2644222450500717,0.3032170655586567,0.2136681915423897,0.24144001929687164,0.35332060701354456,0.2106530396854144,0.2633906130155525,0.17858888065308723,0.1977962399727273,0.2200661603971502,0.23614441590347474,0.2755704819676533,0.19734501898533574,0.29509687527769046,0.2657656970205341,0.2138181436774155,0.22511811711700427,0.26888674955049907,0.30854995863664697,0.23553788104234877,0.22290552695421575,0.25397743447792626,0.22294363197078162,0.26462572851317817,0.30037614425263576,0.24561004290809352,0.28412463203084337,0.29760508889226134,0.24001682075632536,0.3112517439533281,0.30504354477357243,0.21142535245631905,0.3000671228505767,0.22837596954103906,0.2212252230101441,0.2591466873146662,0.24814414387487657,0.23645356075758725,0.22562799275504603,0.3021158254379503,0.23612450437461108,0.30714484652920987,0.18485842640507713,0.27429350840970185,0.215989197173675,0.22279270130827156,0.18746209596681657,0.2475017395847569,0.2528549582619374,0.3030349263831461,0.25690637701087904,0.3134557761116016,0.23160654515078505,0.2820467593227528,0.23824510376410998,0.2013591579432035,0.2984874604529404,0.2351100624741328,0.23669924634021522,0.31169805019632163,0.3014927470607028,0.2063560008910583,0.28818286628232415,0.23614081194460954,0.21742983741581728,0.24998130139726066,0.2728852911131101,0.2988373370017904,0.2439856372788098,0.29483117171343454,0.22760416517570292,0.23298388650973761,0.2767157861622606,0.21703226076293347,0.27059324068147955,0.3224499532262545,0.24604071713522915,0.2412543901520886,0.2444466426741371,0.20308584522120343,0.25643524915810645,0.2151754487323512,0.2331944903607949,0.2271131390591006,0.24340102130105254,0.2597889379336754,0.26287662818725804,0.21898592273645082,0.2505448722310481,0.21713112897830372,0.2621987139602969,0.26473088028747155,0.32352457877617347,0.18722078154030278,0.23995503891453232,0.2479430901555711,0.2008951164470031,0.20871557406863261,0.2975492161891844,0.27897709261638975,0.26886318957356387,0.33354470827644667,0.2279955593872417,0.24491657773679873,0.230209233824213,0.30233464716205644,0.21115312256170668,0.24045407987750642
0.25112752435106506,0.25641786632343444,0.23847244737611342,0.2992631439050885,0.2833549705680613,0.21630984608476547,0.0,0.2393553557377515,0.21528173436159517,0.25753460726846833,0.24397069678599187,0.2986034886734906,0.2441105679383246,0.2273820735259892,0.32823404683135854,0.2234096168869569,0.2208314977114835,0.24882368356149956,0.25717775449399793,0.21979917319005743,0.27387155526428564,0.2750002395972942,0.3584292310764063,0.30907517572425447,0.29446531356050265,0.27123308613660907,0.2433839319143363,0.2134746952571449,0.2202240583194471,0.21296259551317637,0.280204831707453,0.24619953361718072,0.2919517164730202,0.29194584782578226,0.2382650006929809,0.25063010597985214,0.3213657078733873,0.21936039565604654,0.2559263868254167,0.3107451326055107,0.2620373735614416,0.2502945375229619,0.27208022405300286,0.2726358193784775,0.3152524383507982,0.25927874611742996,0.26485300371130804,0.24774244865364267,0.38680470286497187,0.22883638464035297,0.30867762694868717,0.23626190863620197,0.1923483794017583,0.2964111083282334,0.29082785618010604,0.22917292975149,0.23780182220948387,0.2529724538815661,0.27885268404112507,0.24118000132861406,0.21093021248873448,0.19440106706263696,0.20478112936610818,0.22154763729910848,0.22465626127377183,0.20147091386829474,0.29381476042582433,0.30620547477802357,0.22264209293490073,0.24493682065902442,0.27996790671742944,0.22516644707047775,0.2089290387533106,0.29736128111619153,0.18438153385230943,0.22020232699282113,0.3195123504050316,0.3433544583480066,0.21364907249260506,0.17995201389405588,0.20251019400607947,0.3072890752977912,0.2537312540793676,0.17704785358450434,0.2302915022853732,0.24950780063310982,0.24118833251375815,0.2665045552646619,0.24447446082155336,0.2215982014540576,0.28054320826682316,0.3635931418807425,0.24589152000557066,0.21203921021411792,0.25121196193066514,0.2920674831929366,0.18971213357871514,0.29178089414707,0.21775165569849994,0.27816799688775645,0.232311478568204,0.2713610861412863,0.28653175027680605,0.27095778773166684,0.21747955078771902,0.2608667524191385,0.21600388618263655,0.24067597384958997,0.28615468043666137,0.2764186757962898,0.3469256305013306,0.2472138339075907,0.22769027626380686,0.20815871028756477,0.21145843666708103,0.22758426417897681,0.21904153682190095,0.26597882775419374,0.2272156640422439,0.21394201811493976,0.23746469443298837,0.2282618189088149,0.2146100403188358,0.30888049079523716,0.19484683412331424,0.2624468197723307,0.2083399846721124,0.3044098608566797,0.22472864739342174,0.26341863246980235,0.184680212215377,0.20226840706402252,0.19438456612263322,0.2174633624123181,0.23355982519094984,0.19566235640783103,0.21632632105512467,0.2921302498606895,0.2819109568891901,0.28724396831008203,0.23287933536608535,0.22108842224414652,0.30627449683358543,0.23497394379521658,0.2692210315637454,0.33710510084523704,0.27186815488080907,0.2359556164008492,0.2487815280398091,0.15035130993057916,0.264387879964042,0.22151612156177658,0.24546755993540395,0.28219465097249297,0.31364285051415136,0.2982822389588363,0.24775882151064885,0.2900062211520574,0.25304218424224395,0.23907570598702763,0.21785215202909397,0.2215196742244599,0.2359573565604372,0.25762075680930374
0.28129034177120077,0.42226645382777594,0.3319765344129491,0.2766863529388626,0.2283931648647494,0.34224492467904394,0.2393553557377515,0.0,0.3024688279124166,0.3786925001378032,0.24242708080959044,0.3223736485322921,0.32586424684226967,0.23506962828730532,0.2713641428943925,0.3391412934418775,0.32543661555128445,0.26180748503689016,0.30586311090244445,0.2930807586248884,0.3375974989093963,0.2819411075083542,0.2713380681032135,0.26830172018867704,0.35239623803930276,0.2367827142928882,0.2707845095657411,0.29186073703848286,0.2503799169081704,0.2623902837395938,0.35453329825770785,0.31099124308215903,0.2905825317214425,0.26176713029657234,0.2598823638207367,0.2600991170273807,0.3051157869898471,0.3157804929870879,0.24896311398181595,0.3019104683488593,0.2747166364330849,0.2914264389809284,0.25445098166480795,0.24290650390102714,0.3550276100051574,0.2874496734540916,0.26684214312130156,0.22898893693738898,0.28400304253587144,0.25535652068976933,0.27581073822996127,0.29160260771669494,0.2340268027500781,0.2801766521813854,0.2486150074250865,0.31667851133426556,0.29722015166333027,0.3495726694018837,0.26185124660320075,0.27776520898382834,0.34233568511056284,0.2118776385500137,0.2668632832075602,0.21108797030075271,0.2124942488690858,0.22963200441007678,0.25491419935048176,0.2714948166296381,0.24214369619293222,0.3991088865596031,0.27473950769343664,0.2531690239344362,0.2264001816906187,0.34254446963491286,0.34265793987927107,0.23147583697540033,0.26608277531969227,0.3019834277796676,0.29088671088818935,0.21595099292902,0.26587729000674065,0.2907493056286084,0.367792265119408,0.29818774618504473,0.29604540899007176,0.4559332359169762,0.31708314499399465,0.2472490807608895,0.348598602059533,0.26633496525192407,0.25046971279057045,0.2690056013006554,0.26882293540012936,0.2329564929519834,0.28139456726869155,0.31451378506874167,0.24420124335872953,0.3284584684247311,0.20078847822816814,0.3071282170688196,0.22546853099031142,0.2803770485949192,0.21003790011044202,0.3022607526422296,0.2787966083544287,0.35567327076446975,0.2793302370729729,0.38750044874690387,0.2751904321981427,0.2962895771470996,0.23918491466276373,0.24375213666405404,0.2747232392847233,0.2845202291889234,0.2664330385987852,0.3848619706868146,0.31397926443756136,0.23824384160924064,0.24698797510234818,0.2616214440821278,0.25279823007220514,0.31671626539031156,0.2525453975187198,0.3251016790464026,0.227483324496298,0.29484070586435557,0.23658679286794365,0.3082084808461103,0.3040103423320769,0.2604489846905087,0.338426710822404,0.32732652505712184,0.2572387866017648,0.24544666011647762,0.24980609050163413,0.19727803328599663,0.2760248818696837,0.261400045581132,0.2959159519525515,0.29695486783730346,0.2366719051312679,0.2544060384468686,0.3420106853134959,0.25059068216488023,0.27954440004343795,0.2616222629046936,0.35819508422197016,0.29500024203015246,0.3922810557093999,0.19718720204198112,0.26876111601163977,0.27987048548098414,0.24824239933781506,0.2686183983555152,0.3735940646724249,0.3108550704759702,0.2748674605824898,0.381258331752809,0.2219098325644544,0.25554154918898464,0.25082688613970466,0.2927906273511979,0.25998410395026644,0.2592536178766156
0.3064922443510218,0.2793970413465033,0.2458658363613335,0.20614191352828043,0.24880274014327014,0.2357326779165347,0.21528173436159517,0.3024688279124166,0.0,0.23376522225789131,0.23087719052753486,0.2549189854453077,0.23015256033125553,0.2438757590584858,0.2296484950918163,0.26188485886396895,0.2506284125249776,0.2742762147345517,0.23397516027402607,0.2835035327669983,0.24635676210814503,0.3247000219059408,0.22166324304359875,0.23724580158094372,0.25683805009076305,0.1997523734412831,0.2417897357736157,0.2375820492787516,0.2098698980394033,0.33428377446742086,0.3081124164323042,0.2291625803590117,0.22125008568238325,0.19994988998450808,0.26575588521066934,0.2103982783579952,0.24431972037937674,0.30785872360413735,0.22078693231276758,0.2336499205416036,0.2150350914905696,0.3230493648710359,0.22255954751873103,0.22496232834684834,0.2547191063358542,0.21680924895302775,0.2257784768671943,0.20278731178478118,0.24166704986215704,0.23650142183146883,0.2201064903115086,0.22885658465694575,0.21488420404222808,0.2225344717173893,0.20245761020942163,0.3065111862946958,0.2599259343990742,0.279465073252747,0.21010322231797413,0.21331769609595416,0.21279492613405604,0.19063532686765045,0.2218919291200242,0.211838231934144,0.2188649259001523,0.1967445366043986,0.22087348032703819,0.24304517127668404,0.21602616143630482,0.30722484910319353,0.27773895241115026,0.23812297587183073,0.23498290493012022,0.23063006815040762,0.2710514996686613,0.2093088216599018,0.19651680440609928,0.22033813964584817,0.22745484318015288,0.19103355718284384,0.20837880676906384,0.31400282846910865,0.3337984353226761,0.2137738634949826,0.24758439833950924,0.3308948526623302,0.24876317206732615,0.23307229421302628,0.23077991432716402,0.28966597414977324,0.2736678666404936,0.26362508835669934,0.22994712521007915,0.21096192481988643,0.27230484145829303,0.27365739003530876,0.219452990403578,0.24580082148457646,0.23307907252138035,0.21322452161523603,0.224418962471272,0.20126822395392382,0.19557416622130167,0.2248845061749067,0.2543987209200248,0.23601250769685456,0.1890026319700583,0.2843907521024311,0.20763622372407384,0.2227800094953486,0.19889660144249635,0.2469810204058793,0.22000011948246992,0.2727764370672585,0.2125277117905144,0.3089602138502221,0.23258855171080328,0.22958445460554122,0.1828120503636402,0.25372809587390444,0.2621832079371701,0.235946475522892,0.2320800333724274,0.2548030428098864,0.28338361478791013,0.21581939240468034,0.20851592160733132,0.23589795349711606,0.20562253214441278,0.23571324905907395,0.38097457315179895,0.27156819541499727,0.2241005213540762,0.2924800343874362,0.22404274933470555,0.19988337684957316,0.2655718590712376,0.2351455369547123,0.25020702456041605,0.26869140675426006,0.1991355629783197,0.2395779942062245,0.27980003201307974,0.2457467795213249,0.23748057357110683,0.24438601924303574,0.38613248175090276,0.2047457587126572,0.27932830154023736,0.1839918179644077,0.2751757776324674,0.22221409307897594,0.25828193017011186,0.2278263664762946,0.2459195372246226,0.2787238922183978,0.23244183570684354,0.2611668557274189,0.22740342457413873,0.21570181813266348,0.18309067757989617,0.2822650825460873,0.23590403974172042,0.3032846879728577
0.27945862391991977,0.38588988349786474,0.41100069993137467,0.2663591627376595,0.23445784057628416,0.3105483812419314,0.25753460726846833,0.3786925001378032,0.23376522225789131,0.0,0.23970629471418453,0.2659566806403532,0.32236776479247586,0.23356146388365762,0.26139015621904516,0.30139986672472324,0.2983471032909599,0.27800251565481365,0.26396039100520674,0.2520627518464089,0.28861450421215495,0.2930994174330409,0.29521430846997626,0.2550186551585544,0.3794553121944816,0.22526460674985446,0.24273152037783957,0.277799459307569,0.2884389994987009,0.21657913488659938,0.28090468203554286,0.30779937087465903,0.23812670255686808,0.24657256419189832,0.24810051698553984,0.23053667382069343,0.30274994341095124,0.2342561931838948,0.20441631616729855,0.29725538666475954,0.2182282237764643,0.29254782410944025,0.24483513137062762,0.2235206595713103,0.3129660032895082,0.26162120879294776,0.24118274220677619,0.2364946240628085,0.30683988660932376,0.2217765756985253,0.2662080418912868,0.2597752135073631,0.2022308876057572,0.2815873004813558,0.2630414712499132,0.2827777918606987,0.2532868610233201,0.25574669776321746,0.27168958956926753,0.2536255328714637,0.29740762975555934,0.1945299181178836,0.23567502401178494,0.19153221388752179,0.20588219014389236,0.22314183758995013,0.24273410989023786,0.28155042494632754,0.23853290038494535,0.32793271558357906,0.2619690522729135,0.24266065630811287,0.20478637745856887,0.3378860310525713,0.26153639626274316,0.22233349365965474,0.25608601440863327,0.2967638180947041,0.21604245262543761,0.20439334699147552,0.2451242803131009,0.26515560999570753,0.3202561948700972,0.24520246633473736,0.24412673941590743,0.3183631360192003,0.26018818334403954,0.2347429088628111,0.3039406726262601,0.21359574917035262,0.23541379784286065,0.24265287281695935,0.2549911149069069,0.20501781047356443,0.25921849774971356,0.28933689488944353,0.19262536329233088,0.28998196489362965,0.18871008576213688,0.3018976642256603,0.207446323911208,0.25996768213988386,0.19932781639006705,0.2902506938038917,0.23562927455207697,0.29554327953017206,0.25410281457356376,0.3634764825180974,0.25858222491507193,0.29873028944895974,0.24178578580014817,0.21301173778812613,0.2598769370112962,0.2341368494354686,0.22823811525032145,0.3234196547553078,0.27219262500513525,0.2777594407515209,0.26381930395899866,0.23757973420133255,0.21562399838861723,0.23430298123782073,0.22543400627461263,0.3040186379116151,0.19685171381111508,0.3011627758356492,0.2210148009381266,0.2601362189543703,0.30388105149578076,0.24620976508346357,0.2690164503040168,0.27207383658949313,0.2176713636884397,0.20366437844538005,0.22358013685915584,0.18581553816584204,0.23335328592971283,0.24810318533643713,0.29757563505962165,0.24608509328725298,0.2237777003151196,0.24999088908036096,0.303597231517205,0.218514575192754,0.23822553861664728,0.2384027629161084,0.24921185589904152,0.27770684001817153,0.41419384691973493,0.17379309450554448,0.22626247226984528,0.24411279503041766,0.2206444117399869,0.2647012991760049,0.29012903032548,0.27481651543292956,0.24812328127832725,0.35627252817792726,0.21906132919699894,0.2605811522841544,0.27729510845362465,0.2541398521362857,0.2220527443243736,0.23225877963005978
0.291549307449796,0.27151900712157967,0.2762293088636223,0.2829493671657516,0.28888455745611535,0.250478327506532,0.24397069678599187,0.24242708080959044,0.23087719052753486,0.23970629471418453,0.0,0.2701633145492469,0.27553386080666226,0.2566613639123222,0.22421479058111818,0.3319714262295026,0.3199763041379275,0.2828492427508747,0.2765921914586602,0.2774478176790689,0.30965456894232485,0.3308586576716628,0.26589664824949877,0.27167837380396065,0.30615355749304884,0.2647083054305029,0.2601161646950279,0.3091636210729776,0.30193618544468737,0.2273450402324638,0.2311429136337268,0.2600791493502716,0.23844079653037648,0.23195724282981622,0.2838472706436264,0.25950488522060083,0.3119151991445773,0.2943743073214258,0.27721749828305153,0.27166195872958754,0.23966816060008106,0.28526506068479546,0.24394539243378816,0.29177600548207255,0.24629763164798874,0.2160344818839659,0.17838752388849777,0.33170904811026075,0.3076231879936102,0.23006855221884548,0.27324900750162734,0.24413576275365714,0.2102172439391444,0.3165986033705245,0.2973925352736167,0.20869633930351147,0.2910703750030836,0.32140061074964027,0.2529418336996569,0.24491558541640684,0.30012951847599,0.1722178986660222,0.2535416633183445,0.2293298631241836,0.19434891155051967,0.2110533427942836,0.27187220324872086,0.2310791358206014,0.26283250664470426,0.30620582807075103,0.2528504606772879,0.2245554251409035,0.2718140889399384,0.2951595786062308,0.286341969298882,0.22128147848287438,0.2904788637793412,0.2882243411320326,0.2169991224838962,0.20436453383271452,0.23469713179581753,0.24252833005137492,0.23652912634472312,0.25005559023175444,0.24196400216754646,0.24901157289653778,0.3096295450997096,0.22252461643193716,0.21382265926409708,0.21230197347491736,0.3331105662505487,0.20858638680144576,0.2921726665608779,0.24283570137555227,0.2637782131994558,0.25688453293873353,0.20145025730469346,0.21484400394813313,0.20617378330876385,0.2142726645859582,0.25880447507186144,0.25795353585271386,0.2151076971324134,0.2149099253124029,0.24085260911530043,0.21101507379813525,0.21217332035171946,0.28889408546000345,0.2209616046751699,0.2827670431220204,0.3316114908938577,0.2505756578057054,0.25077294455057175,0.284581305950467,0.23490363295776823,0.2551057109416254,0.24053025566191796,0.26762846610737684,0.26943482390821916,0.260436677239745,0.2715814977230223,0.22347696408149187,0.26703347805108507,0.27862213184679513,0.23812105281845122,0.2714018233404704,0.18921941438528528,0.23965670921954987,0.2630257614361758,0.23386730745616893,0.207035978230776,0.2831382954420465,0.26612967228777873,0.2853668590369076,0.3207575376240561,0.20679335163898968,0.21311162898009714,0.24200290348826298,0.3010710198233917,0.2537531613750395,0.24814399867332732,0.2820332094997725,0.24664335729659387,0.2654003992455913,0.35213959730905964,0.2130514151928234,0.23139663517266545,0.21191072655625226,0.26573552853369453,0.2100940890974616,0.3145965891004394,0.23549805962473347,0.3709636542489151,0.19568086777878288,0.2578888454846739,0.2821876495093656,0.2689485861740465,0.2501328259545915,0.26754432093210523,0.23375469755629286,0.2121358784822641,0.28729387205202667,0.21554256618948564,0.38872923137564946
0.23358499852592238,0.322187475289377,0.24498774390987646,0.2570150520209496,0.23340612431449104,0.26634284918031337,0.2986034886734906,0.3223736485322921,0.2549189854453077,0.2659566806403532,0.2701633145492469,0.0,0.2194444550302231,0.17892871659708257,0.2522522409011741,0.256415754369842,0.2308726307649729,0.2082527576987792,0.3169553722433542,0.2362677511062338,0.29510527524188723,0.2510139571452566,0.27356242282521986,0.279724941765433,0.33160059529054575,0.2311410106340472,0.24136394036040282,0.21188248536032392,0.24356766544275812,0.2625280922739347,0.3125262072302444,0.24037337017633706,0.266558905113755,0.2729910648401719,0.21857659821805495,0.24289608543698052,0.290337278070666,0.2450409872818206,0.31011754339693764,0.2504472474073724,0.262024066625819,0.26446823648460543,0.23683386793221375,0.25830214045911803,0.27789316266985015,0.23743734150665607,0.2518902624354083,0.24936545242738156,0.2668581505544073,0.21183553364432292,0.2655965705411111,0.2507427999208184,0.19280337352376753,0.29391449596867925,0.28973715745607553,0.2521706139221942,0.2598687148057006,0.3376823425634693,0.20565063457576835,0.22981251258950425,0.22688861301609564,0.17548251460104022,0.2176192342057628,0.1969380469512199,0.18958062607258575,0.19307822923304357,0.2231753156295398,0.22605593636063986,0.18575637577634518,0.25484052553317305,0.23299830971373278,0.19987125416041737,0.18994002925151351,0.24167650479083705,0.22358970726322977,0.20754185177159087,0.24556368497716943,0.3225884931467994,0.23071943401568187,0.18704891288197042,0.20974209363244606,0.2656320393632477,0.2991126630988978,0.19526950935591442,0.24110876156697109,0.2944113645209072,0.25096072299167227,0.212646986278887,0.2543573696648999,0.26582849169126616,0.2464911994231722,0.2781119230438166,0.24158364532369156,0.22105449676487213,0.2205131842344386,0.36266849154829334,0.20309303665607428,0.2930463313768789,0.19151002121864258,0.22176402711685816,0.20984883347402747,0.24846492485794036,0.22894620892611267,0.3206913111426479,0.21657781264192658,0.252069333176541,0.22336327499646377,0.27337933984129187,0.2315574629635527,0.30523797743643377,0.330874645593252,0.24677376037549725,0.20472189692065013,0.24462989678460317,0.21525318890103778,0.25845678096381497,0.24004185132038866,0.25295996076690375,0.2236817471098748,0.2123156693474124,0.22417172092085502,0.2456713093855072,0.2204707142622482,0.2876130409780255,0.19241590144052473,0.31970114670183297,0.1831918392020625,0.32681302908302423,0.2633624276574048,0.21356302745801242,0.22909144963087238,0.22720256489197835,0.2055644492808659,0.24866820076183296,0.2472799488151272,0.17504508823275994,0.2708007049402635,0.2348106183095604,0.2548079681330625,0.2874308147238756,0.20777620552604723,0.22029552594290663,0.2745380925345997,0.2365822428901769,0.2855021890585015,0.2888385251339598,0.3590501871389558,0.23008917412070173,0.31221235348040194,0.18584756044163261,0.27239360608711694,0.24437939160829286,0.244352651815562,0.24774195931627702,0.364906321709425,0.25853451487453577,0.230760074659618,0.31783744164452504,0.21012528366141753,0.2062979052442909,0.18282299564792012,0.23855344409763315,0.22575104516349923,0.2589631841107251
