0,1,2,3,4,5,6,7,8,9,10,11,12,13,14,15,16,17,18,19,20,21,22,23,24,25,26,27,28,29,30,31,32,33,34,35,36,37,38,39,40,41,42,43,44,45,46,47,48,49,50,51,52,53,54,55,56,57,58,59,60,61,62,63,64,65,66,67,68,69,70,71,72,73,74,75,76,77,78,79,80,81,82,83,84,85,86,87,88,89,90,91,92,93,94,95,96,97,98,99,100,101,102,103,104,105,106,107,108,109,110,111,112,113,114,115,116,117,118,119,120,121,122,123,124,125,126,127,128,129,130,131,132,133,134,135,136,137,138,139,140,141,142,143,144,145,146,147,148,149,150,151,152,153,154,155,156,157,158,159,160,161,162,163
0.0,0.29964852656712837,0.2968461425168824,0.26146152599471945,0.30401114019313996,0.28472715144549327,0.27262978739521787,0.285011913732316,0.3395644961519532,0.3133487148863798,0.3358358776510186,0.3201784525813538,0.35448252299620325,0.25044302970018006,0.3010602807127982,0.32966781314824534,0.33830683458132454,0.4222977146088487,0.301100056745562,0.4474542517579809,0.36394972622588984,0.32724799377239505,0.2844453278378982,0.2864044066352418,0.4206008212321918,0.2615798538146734,0.24330906202812635,0.3068528673152356,0.23873245758815842,0.28211653634540074,0.357563087188217,0.33818968307170183,0.2574395366891311,0.32160580523017734,0.37557045601022576,0.32259010418791806,0.4052196815746442,0.3326273968168768,0.2734617987976736,0.2992651230665846,0.27100454313747785,0.3155427722286834,0.35767838404681634,0.3813144509529007,0.32187537128791627,0.39251277169859994,0.28481457071041516,0.3698435743718702,0.37356774522400926,0.387063863291959,0.38952826055976003,0.33362926840502044,0.2830203077222057,0.3054820757227252,0.320109100390812,0.29957615910291835,0.4478273962253532,0.30197699131583133,0.2889632997435091,0.33371403588842535,0.2719802031269545,0.24285862699591204,0.32574929423620713,0.255243474109938,0.32431568098807356,0.3653328661608234,0.30850991874613315,0.31875160451783424,0.2886899868779379,0.3116943213847866,0.45712606662916155,0.3098224773234816,0.30806068382104057,0.3266830825531586,0.3306841518230628,0.35037293613176584,0.2565094386327011,0.2826299392269285,0.3074683627612313,0.23206578555999524,0.29321789103617485,0.392149645070784,0.31508682389672815,0.268945458055841,0.3428226846621254,0.35243676834383364,0.29649474781121704,0.3409612278681355,0.35681892534731297,0.29191895964476233,0.39851888803798,0.32965366480167013,0.37622411010973034,0.36511225076909487,0.3519389624823964,0.3166603367158562,0.23475809012554116,0.2990499661620971,0.2402489547095866,0.32283572542025474,0.2862792868598764,0.27192416094323024,0.29161162941512475,0.2932180756202279,0.3677571208076193,0.3379981509289157,0.32405982272689066,0.3146567259131458,0.3242649152448573,0.3434840622734038,0.35407463562903924,0.3944494531905759,0.340510688339993,0.2777735912538639,0.3268558108587832,0.29275582528177585,0.3189924102646216,0.36667660264740626,0.2713987600057892,0.26440161481713836,0.3018970757179707,0.24566391422857425,0.3203400236912024,0.3999420789146049,0.2769910308755909,0.2946312899178663,0.24048508589225379,0.25585489944663464,0.2901375855888684,0.33218998762619806,0.26059168500487595,0.27483009755084786,0.24460016394334938,0.312122535097577,0.3308867399149325,0.308104128383904,0.3272569016779193,0.30755117964948264,0.2993649985990252,0.3782744884019002,0.25821539170837615,0.2930394558787024,0.3724471898098221,0.3143624286188177,0.37306330847261426,0.32181918062203174,0.3305632843507662,0.27159345981866956,0.40016269970383955,0.185715088001949,0.4020500544858497,0.2964959198355514,0.35475504849765455,0.23548208547846966,0.3581665849065601,0.36789873153061603,0.2720796998558122,0.315659365251462,0.263171273981569,0.31826370944958343,0.2554938841190086,0.32235977820170025,0.24242564540210268,0.40664827919103563
0.29964852656712837,0.0,0.30064673301542977,0.2833511347822969,0.25339124664230694,0.3111874727594728,0.28686301399755537,0.30513633299510534,0.2733127400253408,0.3597879577005611,0.3141408923888243,0.311967256846255,0.30245290933396496,0.3055426956777082,0.29191723142616943,0.27445219068111937,0.3116413457028762,0.3019253845459958,0.2633475877828929,0.30049548507613244,0.2919844593112339,0.34752369085965773,0.29984093990385263,0.308481781306012,0.306714836864222,0.24685616708589814,0.25221310167464367,0.31230688659778894,0.36998471077028283,0.23978287698666326,0.30905328484670425,0.25891655154364046,0.3284530818314387,0.26587759999544575,0.3056155264383048,0.2854860872203371,0.28467791053933583,0.30527973979588463,0.2721352996255687,0.2961390858663728,0.3574202283059902,0.29732997616486423,0.21243655905565353,0.2745380077736856,0.3449046277770324,0.3036435384907561,0.2652235272835874,0.2489411983981655,0.296400791346247,0.2715560218599561,0.28554375193558756,0.2965002768241385,0.33743042863812706,0.3467178952752333,0.30015809949176536,0.3231275591363748,0.3029304013159536,0.2653628857399183,0.2855801851701314,0.33491307694602335,0.2982190996326061,0.20275777638292025,0.24739602103489675,0.22541021804344233,0.24258999319067315,0.2532030859983766,0.29565811340265086,0.2517876653879174,0.23864395020623613,0.2756120572787749,0.2765332117838976,0.2890681272045895,0.24374220128877935,0.29595110589808654,0.31985090872505334,0.2873668555021332,0.23294793204564374,0.34202018061534395,0.27415429395386404,0.2348315007486771,0.26931437335857855,0.27550179748027714,0.3445361938716758,0.2709081585910996,0.26859428236439087,0.39835331740514573,0.23052009391774228,0.22561257545155636,0.27872881439899877,0.3512465317691069,0.2696083046173318,0.29449962252864836,0.313970270044326,0.31540974757855983,0.31748800655202786,0.3384184596106287,0.24154164190709362,0.29423105722709414,0.21184834005396114,0.3241083597234571,0.2919702025935952,0.2017177389244492,0.20879013566785806,0.27394942756500784,0.2641175222946792,0.2777979814899177,0.2484248007630729,0.3520475822027987,0.32949724459072693,0.37079754755397365,0.2721174952954294,0.2576074263669303,0.2687443126473956,0.25243353340667796,0.3380276419998124,0.43416030301409037,0.2963885141017167,0.22007344317291894,0.25849288329541126,0.26391974281346653,0.29119440535308255,0.23669214448221323,0.2882044915926538,0.3671252943246098,0.26286202126004365,0.37187412513190354,0.23421707515852155,0.29418892276493747,0.3325118093857469,0.27573694710217184,0.2963155868705125,0.2524438806460224,0.24486143776709887,0.31411013648608593,0.2739209053185461,0.25678330985025294,0.28274582697809536,0.29558508542239015,0.26442416042279726,0.2628749354030742,0.2770719109375472,0.2694262327203587,0.3723059277029075,0.2641311168642625,0.3163704565639529,0.23436744356737785,0.30262023639767627,0.2977905936013388,0.3363708961432825,0.19648699248840915,0.26295334021452416,0.30277188544361633,0.28253195662476693,0.27005126327760876,0.29402220833586723,0.307219056114394,0.29294805702083454,0.32460155599495,0.2725587022919651,0.24369596764261822,0.2902313866317464,0.3156691583207198,0.2399440636406874,0.31165592059080893
0.2968461425168824,0.30064673301542977,0.0,0.3015127004630489,0.2816774357399504,0.2959827767106466,0.25886016505745346,0.29934733302667277,0.2380233565724535,0.3607917487472371,0.34647191293322094,0.276425660338049,0.37099580880610034,0.23544126207891536,0.28549216988370885,0.3586673832019605,0.35227082544426275,0.32441046512449045,0.23396712784267032,0.25100911947323185,0.35487378397939656,0.40442442198759637,0.26540316056549834,0.28289849151362695,0.2960054769699689,0.3150874795646602,0.25040520152628487,0.3023776083541452,0.23222605086406795,0.2404434857582186,0.23923240007977245,0.2890798026893418,0.2550939367613053,0.2536741600312864,0.23388951323100124,0.27195279255485416,0.3291892542637667,0.2671988347580159,0.2488523616220943,0.29354101861463144,0.26281266303957823,0.31330428036290725,0.26774431268979715,0.26576514522522143,0.3264377878438879,0.34758356492454345,0.25348788563391594,0.3000176176882414,0.2915894233437561,0.2749830500349972,0.33124535934385035,0.31632659412758485,0.22525970047963903,0.33839885659979574,0.2890239639424708,0.25210189201654865,0.2785715252452987,0.2885838060468341,0.26796961002794556,0.2928678285880047,0.2939705993738668,0.2216073003526761,0.30272508260042164,0.20280513751949905,0.24134115541397286,0.3009528251376842,0.3140612781650206,0.3377946661457804,0.3031253563591449,0.28663657876712595,0.34120771719852344,0.22839119148521758,0.25547196225457514,0.46117024802351697,0.31875865539250287,0.22250968215106331,0.32147412711904044,0.3112545933284548,0.2578592970779681,0.20554501631160133,0.2721172569079702,0.30429677321302556,0.30666384231074123,0.2702313045667401,0.26439137551170033,0.33416447687680684,0.23407689241986418,0.22970288430491176,0.2817258287619995,0.2635928157224568,0.3097982430945607,0.22731893823498145,0.2773982733264497,0.2356882887013194,0.2936464270759302,0.27238427605840365,0.21110342422776546,0.25839419125042073,0.18420267860097786,0.3179456334127951,0.21682476645138507,0.25800554373603457,0.22638708033424168,0.25448995807932184,0.26178244828806224,0.37771197673016144,0.3058131888785993,0.27969057310297896,0.30353507642566635,0.35315537759247717,0.286257124646621,0.2505762990994999,0.2853027832093199,0.24196912295152564,0.2759961173949305,0.3348923716863972,0.2279277922463185,0.26558251218616935,0.2915342680033202,0.24050301038931968,0.2628825313518138,0.22952844976268905,0.23615893779826616,0.3332021765508683,0.1892791005103343,0.3073103044244919,0.23431366451549027,0.2838171897008626,0.2953573121265718,0.27848408888926535,0.23873644316415069,0.33977097678677337,0.2179578041516282,0.22273753713997882,0.2811970399559403,0.2208208708057019,0.22457705258646082,0.24318406408605828,0.27362519351518977,0.2599954407976857,0.2386679509901346,0.24148548019934588,0.2952341007723714,0.26611620448358636,0.27886011242538683,0.21947232656084728,0.3044073428933675,0.30588668208510017,0.298741598379882,0.17693361053937226,0.23708936504739248,0.20820930171662183,0.2769220572796202,0.2906869999570078,0.3059631794564507,0.30299075227699707,0.30059143592177845,0.36740113909702893,0.19799999916491023,0.2629706493004107,0.30093821638217855,0.2037309073389397,0.23234943842438255,0.29702679753338834
0.26146152599471945,0.2833511347822969,0.3015127004630489,0.0,0.22954651407372462,0.2524884326866746,0.2775443939107197,0.2587670234910586,0.2169782712575887,0.28585154531109336,0.3253151204770997,0.26360985046761126,0.2929397890116775,0.2508133767576524,0.318373866450858,0.2654785910807409,0.2930985085565626,0.29032588929192954,0.24739314467308504,0.237862145439252,0.2919032624045289,0.2991009658352034,0.2745487518142396,0.2575279780901515,0.2771369519979142,0.29358690030625667,0.2845463857424684,0.2960392601324416,0.26578939277840247,0.19665981202641195,0.24190830638509864,0.2423280526726251,0.39083999427169225,0.2546875257921193,0.24275825881407692,0.26976939923725773,0.27334037675569056,0.26027394750443206,0.25420573581131517,0.3025186798725479,0.29880849983488744,0.24813846462766065,0.23126917982792797,0.2766265448086785,0.28864933316753816,0.31627945959001647,0.18293967486788837,0.26155150652163134,0.2646474243361797,0.2520289547281036,0.3286403881410514,0.2927323746192093,0.24973597563678138,0.3933398861387186,0.2994302339456122,0.2190820306226983,0.28725110377325275,0.26770894640183784,0.25895683172981965,0.294089637587898,0.3109199893754818,0.20927885004737806,0.2777144346586567,0.1910736717287212,0.24133989658745705,0.29568407824542603,0.35338215700309594,0.22950585910172483,0.26753333535277907,0.2637894232989694,0.2670146172170428,0.23015828972038224,0.2480835301886039,0.3799036446571556,0.29278965535674256,0.2240653636943801,0.29448993096866843,0.2829637340128342,0.25896491368633634,0.18676270072428186,0.2335980419499482,0.3001953500865495,0.23840560697084542,0.2493740383023386,0.27899403529804034,0.26591214325868995,0.2453243918676751,0.24638791427851073,0.26331129240622314,0.24474980210322933,0.2898627845713339,0.2411883632229542,0.26637868258565567,0.24904244856503718,0.2955970757708614,0.2626109684636875,0.21147537812747227,0.24807845316535415,0.18457279282928288,0.29807168526874545,0.23800134924531177,0.2483122050160275,0.2717383420322539,0.25340842062096786,0.2597753296750995,0.26460640548610437,0.2859601094892914,0.25145089236362855,0.3026711379655568,0.2665451559638055,0.30184414411093013,0.24965550263210626,0.28942184157946815,0.2634523020434652,0.28918471482626495,0.2856922634500692,0.24068556308677844,0.21830291541447505,0.2768470137018353,0.24989233719895348,0.23748721655331081,0.2605970305134332,0.22686299796134624,0.29146721949006926,0.19386241858985823,0.29913925608613123,0.22810650807663999,0.2502582766169711,0.29342244344653007,0.30211280224806203,0.20327436547918534,0.2627132909836606,0.2454704640796398,0.24740085244665674,0.27001796258521543,0.20583665710437665,0.1861602226784633,0.27195541546351987,0.2931652051681916,0.25964419233697456,0.35515006404987487,0.22601801797636506,0.30291104581665945,0.25860820284302555,0.262961557995048,0.2137704918638938,0.2396546836501169,0.2622416937972578,0.24154658019617986,0.1653279433756363,0.2711457189388824,0.24333435969942346,0.2882639596287592,0.23966937186806112,0.2924805260493121,0.2766314816704212,0.2841976753257892,0.2860669990801034,0.30688247458240075,0.24754969568465796,0.27871073465311097,0.22038260635346704,0.2316560375609595,0.26821225910875696
0.30401114019313996,0.25339124664230694,0.2816774357399504,0.22954651407372462,0.0,0.21091773307288417,0.30324950090078306,0.21538073970915694,0.23716230512758443,0.28921935079465777,0.2860705278395561,0.24229813666363684,0.23604642607932483,0.227348304260349,0.2951713329170389,0.2658459473891454,0.2786260466687785,0.31044779702989717,0.21804136420744172,0.24816219831942987,0.2984462887278225,0.2937771899390581,0.28159000910488996,0.27260607195594555,0.2765462439361447,0.2480517739415915,0.20930132041180716,0.22351082738678027,0.22597579029091686,0.23696682586219725,0.2717124345871167,0.22447573361139345,0.22036389355586142,0.2287483094676669,0.3374961968025515,0.27785082801474803,0.2890193944937983,0.25044219427913317,0.26791264286437305,0.2529494615257302,0.25436753934893774,0.28777864602932257,0.27861911512842996,0.33728135098286,0.2312370456406333,0.2622308653790186,0.2634429014965102,0.33560490590534653,0.32696991982234985,0.2738041075464398,0.2952102456109022,0.2611508354870909,0.2381924580491846,0.2602781519026604,0.2706803626113545,0.23102499533746912,0.2526818863388665,0.25591300583873033,0.25870959217193734,0.2440140388749584,0.20107424650153102,0.19504307830338227,0.23671916655838082,0.23634680837395647,0.27768282776429964,0.2234077052299802,0.2372425044294551,0.2809636724483988,0.2423563687458428,0.24845518392382895,0.3024681447664487,0.27121790485903075,0.21564411937844763,0.2636780631883193,0.21956355044896933,0.23340912205563463,0.2345689825708581,0.35703206646982266,0.2297185515693012,0.2048120031807329,0.24554287991619825,0.2939866907130424,0.2934031549136915,0.19799559052425086,0.24496200376024135,0.2439969536901423,0.215004885175171,0.23844590471741142,0.22746601606047145,0.2262063443871087,0.3617882238512134,0.2790510869704503,0.3336376806990011,0.22183776917897235,0.2958185729111082,0.2627496298657657,0.17715881022420943,0.2328226339425997,0.2228969306091804,0.2274485656945719,0.23517881847267103,0.21393449449438565,0.2388721187420136,0.25065870759828257,0.23815340157093254,0.2640035465729373,0.2225526822817497,0.26868376900669144,0.2912697506125539,0.30083558759101126,0.27922599731840125,0.2875979350716161,0.2302654399677775,0.22664841114530915,0.23649704086328038,0.23943979528911652,0.22345124596733107,0.28946084741978173,0.23786672467343203,0.23677204780908215,0.35754825244015026,0.20806423870303378,0.22603633010406018,0.3321536905425066,0.24111075116987513,0.24385958546408773,0.20152926680821354,0.23676920555169287,0.24716143211625036,0.26201603585096456,0.21343788796221266,0.22350150322737047,0.19190253314570574,0.24188351392853424,0.2680684158877501,0.28432182772567804,0.2408749920251907,0.3098682134522244,0.249617603097025,0.27911799334668536,0.2162247344002009,0.24632528691655023,0.3001076118460212,0.2527422137466261,0.3004884079574854,0.24153225189000158,0.28528708906061984,0.2565109599372481,0.27084506085777343,0.16669627674592968,0.24887380847709342,0.23808199227914534,0.28181169184108895,0.24841420872118056,0.2796176070000296,0.28258049255237383,0.21279366949861103,0.28890590537905775,0.23254385783878112,0.23083362498391638,0.24115525371599222,0.23554138737414793,0.2319872063406808,0.3567797704810697
0.28472715144549327,0.3111874727594728,0.2959827767106466,0.2524884326866746,0.21091773307288417,0.0,0.2082829262838962,0.28925312437528633,0.2863036118655838,0.26246365407716177,0.2770445772480615,0.3405915720556221,0.29451552417512594,0.20099691359019137,0.23990035451468386,0.3153885499747727,0.29770916873444986,0.2179337331754942,0.2838334419917459,0.2759997392804277,0.3058146725364492,0.2672531784194089,0.19380831670451812,0.2156041175246843,0.29766061027994983,0.2253912428587147,0.20749857214498968,0.2684186607093085,0.23633810230958824,0.26414295758650175,0.30190002263869775,0.342065694310744,0.2739763778038804,0.26296623318109796,0.2382731057411625,0.2431129887791933,0.2707336687243644,0.26580726368511076,0.24907239592353264,0.20713487241423165,0.2512333483955589,0.3083331146732391,0.23506219037117124,0.2887937993180614,0.2539592159844572,0.2589599986916836,0.2318388382936254,0.2551287379866405,0.20707478280266453,0.261191688881834,0.28544998871902627,0.32746457846457666,0.24117961871987323,0.28873624631249917,0.2542176672770016,0.32646902842904263,0.28248000942018364,0.3773250100128133,0.19302553773094028,0.24315864481556765,0.29837030150700894,0.25426016991550376,0.3132052433122454,0.18186043399279547,0.23082461776169394,0.27444469679409406,0.2484272969647686,0.25323956501988315,0.20687334401377028,0.26467767804223363,0.2871909972049881,0.20390000694922536,0.26970273175277243,0.27343631178175193,0.373714380928752,0.2527072604522295,0.2384198833080165,0.2452260840365099,0.24458155629915398,0.2903054978811098,0.3349332670083441,0.28782484755436605,0.2712379104149759,0.27226097349970046,0.29057350076209426,0.2885177908838537,0.29006691741578317,0.22422265944165065,0.3046469907231874,0.27390625376077243,0.2727169731235377,0.2982472625980053,0.26132421831310154,0.27014192098574824,0.2412229735022118,0.31142499044818167,0.2723132070448999,0.32228135511618594,0.197818219679796,0.27096399905678475,0.22050026737691406,0.22712030197407826,0.234353121279161,0.2411052570425067,0.28776776392982806,0.3105766884603423,0.3078869314430122,0.28396853472038314,0.22817943223795895,0.2801489976056946,0.282801125259707,0.24206536876182694,0.3358508260283449,0.28592141812071253,0.2605469397614986,0.31368357137463554,0.30324595240682534,0.21131182701063522,0.28760283412903354,0.25750449863434766,0.23120022380386493,0.2687974257582526,0.28306695038378965,0.31268522252026276,0.2485110356132184,0.3031724836527926,0.26342355644357374,0.2366672440330866,0.27996200388650205,0.20751001112950043,0.3118688491636357,0.40329350143071835,0.23580472460066013,0.28637649062321735,0.2580333545062884,0.22074953209922815,0.2432342733568109,0.20424081002836086,0.1965824960326425,0.2563347513559587,0.2342277638238744,0.27851819686751095,0.2696300109894345,0.2696991308977217,0.2776086168639655,0.22951223651567348,0.31248485233632056,0.2738999898466233,0.28433737755115696,0.21006224458063638,0.2709701125929829,0.24786787855385337,0.22555591377271958,0.20088416184909752,0.32313812561015265,0.2701108240037245,0.2409486777119247,0.34782402201252244,0.200795933639248,0.2767055020815106,0.22072829264103863,0.28775466564149776,0.242303772046014,0.2669139937047127
0.27262978739521787,0.28686301399755537,0.25886016505745346,0.2775443939107197,0.30324950090078306,0.2082829262838962,0.0,0.20129797359603888,0.21401473979664334,0.29754149342117775,0.2855569917172457,0.25824066693984477,0.2676319751903165,0.27365156899641085,0.3093848199828273,0.22597491006189407,0.2468890928458068,0.30147477133037115,0.2287435048878071,0.21582275283418614,0.2488608088204486,0.3088160873675631,0.38371605060919567,0.2902283999092198,0.2769435059354261,0.2624540101421005,0.23652954770712933,0.2367725523509821,0.2765877533098257,0.22091439477435248,0.23418546316714686,0.2405270027534215,0.2632539395176569,0.243235588976472,0.25250612328375516,0.24097085072145888,0.2836508015336164,0.2198211931571769,0.22741445946865993,0.310313240707282,0.2803798749863738,0.2700028114121826,0.24062479485250204,0.2739866826359698,0.2612105873041772,0.26175504955585055,0.2622357316991991,0.24776920012396575,0.3993094622243543,0.23297524887706897,0.29401202687965855,0.23726556412412417,0.2277035924879934,0.2867047306924021,0.29181989411355724,0.2320688735830054,0.2377550412780547,0.2266080267132495,0.322766989794812,0.24373431164607456,0.19949810438744903,0.1896201621453179,0.2082454211987664,0.23177914301994626,0.2274044381637458,0.20627139942838338,0.2893495247040495,0.2852037442395552,0.25843132209268366,0.22221594342026457,0.26621146461121004,0.2375041018998165,0.2187117788994103,0.29320277854432625,0.19511440122423698,0.23567627283061326,0.27840552408032454,0.3177686895350433,0.20714095374100674,0.18997506869633027,0.22010210206027392,0.25608416000686945,0.26610233219059254,0.18549845219487396,0.21818557497004543,0.2366835955165313,0.19461056403587318,0.2542278147955496,0.22441998721867676,0.2240226599872571,0.30854254757672234,0.2978182276099166,0.2861583596931302,0.22161371646137207,0.27430257245818124,0.27759492008866055,0.16731291335831053,0.24412650965190258,0.20915994918677236,0.26851724534399635,0.23068335013689076,0.21009780377141307,0.26020711764936755,0.2483158200661084,0.21105812132955407,0.23732944374358889,0.20214869152292006,0.25657067408748396,0.32144560378726567,0.2903075921855978,0.3129933997953346,0.24256377825032335,0.23202153394543495,0.20147765977075813,0.231796050156613,0.26225428710710186,0.22322447975331325,0.26967447534269057,0.2563109060258189,0.21482267295178054,0.25146471250044433,0.1939131445693352,0.21283141936351616,0.30637289543153756,0.20561828785774203,0.2811044321512774,0.2042018628650939,0.24818525180492604,0.23265194286857768,0.26581512588288236,0.19773540535300538,0.1915461053443346,0.18925832773729034,0.21291690967494903,0.21508937406489725,0.2304322081792303,0.22169332566954877,0.2822134663117798,0.26439697629819203,0.2474097527243413,0.25711728791171407,0.2233454666765196,0.2883577674297902,0.2251580553956996,0.2589558430136863,0.27009129518436975,0.23546950821067517,0.25869603574146,0.24764772726936005,0.15554581532497752,0.2233531881069824,0.24831892825940194,0.253064183049344,0.3130425483800286,0.27218860787467275,0.26165991855067106,0.261206248290662,0.2716223826128956,0.2791548817799204,0.2522792616624717,0.26041138798504476,0.22719279179084007,0.21829225009008607,0.2837118705626998
0.285011913732316,0.30513633299510534,0.29934733302667277,0.2587670234910586,0.21538073970915694,0.28925312437528633,0.20129797359603888,0.0,0.2951758458426419,0.2934606724491379,0.28081159608320405,0.3012241590085654,0.3137101680484519,0.21464641874412152,0.24302693756038526,0.32859467210368065,0.308570234878183,0.2610765685274708,0.24355743328968085,0.2778417820657048,0.2813338505786984,0.25343240298328973,0.2285379793921463,0.2180124089188761,0.29163372755836237,0.2472645621914211,0.25687482797312317,0.30175408009626103,0.2156742649047003,0.24722554183478135,0.3322732469035103,0.26792522480687847,0.25713243087294707,0.26131019997962635,0.2515059434849428,0.27199177777582123,0.3084315315345262,0.3224400024817508,0.28495466279056647,0.23262269434846838,0.25346942850007387,0.2622816750035531,0.25001125146555353,0.2471609066565678,0.338631662999291,0.30583652796768995,0.2199851326842465,0.2568524744792049,0.2417143914091535,0.2561412226638949,0.2755965772015107,0.2654867477724596,0.24669039229073708,0.26259961350939115,0.26533349563870123,0.26710588236897664,0.27784152748062835,0.3560432670438243,0.229153080483307,0.26124913181616544,0.3967472918747946,0.21011451883278778,0.2914062763595335,0.2016133285306099,0.21242394257620303,0.2671699924304542,0.2813172604118282,0.2512080323192616,0.26028388452415996,0.4417968946755066,0.2828832498629978,0.23314580985929134,0.2500100413911653,0.30134410635516834,0.38769791846068363,0.24295768787322572,0.28287872156544314,0.244696112949265,0.3498255650656944,0.20498731835743514,0.25859714978235765,0.2687763655909538,0.29571239983247516,0.3226814378204287,0.284680453002783,0.3763736518591795,0.3635597038475878,0.24118487150581744,0.3336585948613347,0.30682713273120366,0.26657197345000183,0.242226523790358,0.2611800032124608,0.2522144346934586,0.2797469545712652,0.2969510642539798,0.261398994096414,0.2728725693270463,0.1827292397202888,0.296825272540035,0.2307600304737802,0.30206039232551335,0.22510287186036276,0.2666193513048594,0.2887801746912465,0.32394811876564894,0.2953659098200164,0.3262464356927512,0.25390930531063727,0.2751463346518626,0.2343136787003431,0.25172027715541756,0.28943217429658996,0.30461808482118996,0.28242173336676485,0.31721860474058106,0.27723488053510903,0.21818610733650323,0.23404717648535217,0.25639822725127,0.2376476960603675,0.3811740014963076,0.23359472963694766,0.30675073176688317,0.213736067367505,0.2905279631082333,0.21996722511233938,0.29701880887640675,0.2876465922022872,0.238633019083033,0.29908643344862557,0.2904586314510947,0.29662747122036026,0.2512694849019025,0.28139913799693056,0.20869016888108252,0.24875885182768326,0.22132474600789057,0.2398097784041775,0.2896620372162394,0.2422041852221352,0.2261232275254442,0.2961401976843255,0.25421283039141596,0.29167642176613356,0.23041264252925514,0.3044954295862556,0.27733450727869763,0.3055297658894504,0.19005657515162286,0.3081794800621343,0.25145366412112935,0.2577733678062568,0.2198059627316646,0.32932446296133083,0.3422593133364068,0.24710395467991805,0.3302816489965056,0.19973443212449787,0.24357829476821974,0.23932013084303702,0.25035738412250885,0.24584614117028494,0.279715053417353
0.3395644961519532,0.2733127400253408,0.2380233565724535,0.2169782712575887,0.23716230512758443,0.2863036118655838,0.21401473979664334,0.2951758458426419,0.0,0.24163744968960266,0.24564228560957663,0.31032789510534303,0.23974577824637142,0.2300027840905233,0.25074451433161904,0.2616181418399122,0.24122033473603893,0.2720289231457603,0.27272250206637205,0.3236678230815934,0.26790353724067656,0.28990471217438113,0.20911054323503048,0.2196138966878142,0.29016368453285646,0.21194704734832512,0.22951358387602142,0.23826828047064785,0.20841408165400288,0.34296078242073064,0.397560666042481,0.28491363366600686,0.2378078316961133,0.23017411432843143,0.2780283014633615,0.2577753661795557,0.26486048458402417,0.34217234022029486,0.28071190748121116,0.20770172332809322,0.23963975570969576,0.3034267478141311,0.2660701532389958,0.2812879127190246,0.26182664375788767,0.26544317651898053,0.23357522256292546,0.25353438884383417,0.24263650277669713,0.283146517945793,0.26286741565985,0.24047009546998072,0.26166120054048114,0.24800872825661713,0.24528770759822785,0.31980182905701604,0.30008442218322345,0.3011125904552592,0.22579505838541383,0.2344643438994737,0.2383482565591505,0.2471490505832042,0.25714389193512355,0.22894937486761896,0.28426232053295003,0.26414009616480494,0.26477689845084407,0.2626410268070495,0.23597995227558108,0.2837135092600736,0.3337686186696861,0.25911050466734664,0.27420316346029383,0.2379088191859907,0.3119875171788665,0.27562059708140385,0.20966291758510283,0.2228739922037848,0.28588291244658787,0.23055415673876747,0.2790193525017957,0.3741478376086153,0.3303816090149392,0.24443864463207976,0.31045366004702635,0.3382351357601477,0.29306792637975004,0.29483708608767367,0.2819008945470687,0.36106942786453994,0.2833276170183622,0.33230470097038345,0.2712108416980358,0.26760107568206115,0.30246164604270925,0.32415810399774175,0.29630419253710494,0.28066587308297497,0.264795598691401,0.23129266519646816,0.27444064953759106,0.22669989477005092,0.2639767482422676,0.2648217747943085,0.326985194505709,0.26150967018335514,0.24017790581716889,0.26497601860781916,0.23205429324067503,0.24186251304923373,0.23431479244475745,0.3262234636823547,0.27680197758485753,0.3296695337640239,0.2561231943306085,0.24872248597137664,0.28537709160289965,0.25886919861194746,0.19777672675940103,0.2534813892668462,0.2674599668990316,0.26250285331958273,0.2610682692698122,0.2952552202317508,0.35820482668869885,0.25822256533325255,0.23366599648466804,0.23675984620350668,0.22646748216563478,0.26596871006210143,0.3779188133266346,0.30400722249861084,0.24717402010109985,0.3488387127703034,0.2847936886434466,0.26373983506727045,0.28725585452105706,0.22985982259132096,0.24404968743736175,0.35592332346929473,0.24807207591272973,0.27064739257148224,0.2965668213887365,0.3384315049554168,0.3048813212836945,0.26734282327418796,0.41937303564806505,0.2511818458456084,0.3155507774722097,0.20243117153559656,0.34827728758339715,0.28122873214398053,0.2639711615119381,0.2172694328198815,0.2975740851946613,0.32600238499446726,0.2302500333895899,0.27361355800071796,0.230873313645975,0.2437488388544213,0.20810657223287676,0.33391760874654147,0.3101182189245011,0.30885370609725404
0.3133487148863798,0.3597879577005611,0.3607917487472371,0.28585154531109336,0.28921935079465777,0.26246365407716177,0.29754149342117775,0.2934606724491379,0.24163744968960266,0.0,0.28372946771698704,0.2519379473023414,0.32764195690035725,0.276929359781833,0.26558060009788387,0.29405352623421266,0.3382658133976896,0.3656255575493127,0.23408918734295028,0.2533504257590614,0.2856117156246819,0.28761991630815337,0.3639409785997565,0.2572446034291356,0.38287818709375754,0.2582417825736957,0.27175473430527813,0.3307534776025297,0.291300429316632,0.24028512405127128,0.2738988816024563,0.2764254897831707,0.23311254265515102,0.2735717220443655,0.28666563039051424,0.25933848160633044,0.3331478868573888,0.26645619860907654,0.21601203022067622,0.29801787023769116,0.24504650774395412,0.33645835182445816,0.24832266075688575,0.2588243657094054,0.29821592143419884,0.3203599956994628,0.2596988918291836,0.26486951261957326,0.374181969202363,0.23586833652273262,0.2877992542542339,0.26747855356486183,0.24962298448629522,0.2884690217698303,0.290881300922836,0.31640973216135865,0.2604605499930037,0.24873796298072878,0.31140323001463305,0.27989497413912123,0.2876986467935331,0.2100639988274893,0.23801465389091966,0.22037718007941223,0.24352908308732993,0.2651068197851485,0.29169756954111054,0.2917552780558236,0.301011640486661,0.3133276209406974,0.27472291929861176,0.2961155360844149,0.24181717633691688,0.33654064136060313,0.28215520284961293,0.29231797513343105,0.26841773062055235,0.351739660086327,0.25047636080583474,0.23746707708880505,0.2982008725075896,0.27095805865599415,0.33298324353422337,0.27366656006826356,0.2771221236386422,0.30638478279739656,0.2487995419090982,0.25510075390360415,0.3349295475919656,0.26787927840345743,0.29097463799540685,0.2711707673786729,0.2901369056115637,0.24380074348234398,0.32441380093579475,0.3039928863926343,0.18720936062935067,0.3006223886653707,0.2109854093481005,0.33704237134593684,0.25671809345478386,0.24240740377276257,0.2457922753962609,0.30353400959562715,0.2461279050600059,0.304813863703999,0.27228847322608457,0.41899142221821706,0.3181561918239607,0.35167252531928,0.26980059814935337,0.2566855459675652,0.29409997833806767,0.2828682781708443,0.2741373026620917,0.3323763254003435,0.2915908698123524,0.27597458081120124,0.28826429685291727,0.29285599977534443,0.25194319915030877,0.24549020102258978,0.24621325459259766,0.34470267328080595,0.21914572905855104,0.3073653388768879,0.23674719896571209,0.24966234426446862,0.3259233160003242,0.282377403734791,0.31184715295910415,0.24840187300045632,0.2415251012922038,0.22478990074001381,0.24188061869398,0.23530449682774496,0.254713613664388,0.2772038485427897,0.27860939196004486,0.2687963156517274,0.2607966218310046,0.268156406312458,0.3403111152173548,0.24238122229824874,0.2950767518850805,0.2577625495008055,0.23597992235525425,0.35999086495411764,0.37933148307872105,0.1907650104884301,0.239129722702469,0.2873112846683341,0.25878651563916216,0.2876534681301071,0.3127136310755256,0.3046300940535516,0.24781131744801008,0.38434674407126523,0.24997301794333557,0.289683339238317,0.3938931935743715,0.2736606301753899,0.27850154085114676,0.2817750185081802
0.3358358776510186,0.3141408923888243,0.34647191293322094,0.3253151204770997,0.2860705278395561,0.2770445772480615,0.2855569917172457,0.28081159608320405,0.24564228560957663,0.28372946771698704,0.0,0.3375807046209798,0.3459125385701886,0.23960298080733514,0.31845410905771465,0.3551030125526164,0.32369002038249767,0.33502210363245966,0.2802618389426736,0.2871349752787874,0.344249673415395,0.36045912051335527,0.2833912186579642,0.31592144074059775,0.3223909869166122,0.32754179148234464,0.2582226968738383,0.32401975449074977,0.28959012522212385,0.25486027434515185,0.2895442725613477,0.2769248582424016,0.29987259621054246,0.25836145373587305,0.2765446385287489,0.30237793119865036,0.3977193609095931,0.3110410454421795,0.33720592170414987,0.29318266625819206,0.3016065508207265,0.26182238731034646,0.2948657864810058,0.34244339031361504,0.3181436750207564,0.33361125120308216,0.21120048927184223,0.4138381222441372,0.33813083917486797,0.27264668100106904,0.3766179522732728,0.2876103079635551,0.2503259818840348,0.3996486653730899,0.39550798228718814,0.22542097669995345,0.3482674806797092,0.3332617051301112,0.2811155387490778,0.30812406803765097,0.3257186198180094,0.20069815676146652,0.32310265351442385,0.2086602505018448,0.23090087359793818,0.28497165761476845,0.3269107363415127,0.2980864580385016,0.29378667198185887,0.30552644559685194,0.3468982881926928,0.24770761411508896,0.24977872388592137,0.38767321959338225,0.3038766082764894,0.26001531679943585,0.347137187837106,0.31716989031008924,0.2961416855240126,0.21789950595807,0.27065176148415726,0.2879939392641554,0.30570781480650233,0.28405508332022356,0.26472702189852454,0.31292443956689875,0.2805642316051746,0.2557953013572345,0.269194364894518,0.2797448675514675,0.36644124663385735,0.23037201638126248,0.35243772854784733,0.29838578787769154,0.2891252110587847,0.312189964398182,0.22525204234220644,0.22460612679056532,0.18898804963267335,0.2789164420536195,0.28680587641586514,0.2640168041386277,0.2475356007160475,0.24967765076974027,0.28301279011651026,0.2877541621826009,0.2734344429616718,0.28073181508445144,0.29203652863458296,0.350994801399286,0.36030272587432005,0.274069444738258,0.2808486915671617,0.26006987924027597,0.3345524138713285,0.30398383059692186,0.25438441473700846,0.2818087352066397,0.2676872344027114,0.23470929292001302,0.3059934012067455,0.2417715038857119,0.2505686407363055,0.4047764505028438,0.22192970535799755,0.3892142513887844,0.19765894512120594,0.3091678793834222,0.28931623168149323,0.2825155938208665,0.20907564629751915,0.2964760175494717,0.27762873374704833,0.26940312353369,0.3652899938459787,0.25384568722124684,0.2603401314501155,0.2708609981458996,0.29580849802140996,0.32240789804672665,0.31028134799219104,0.24746365048978447,0.27420541280904137,0.2656682166533004,0.37976635354644717,0.22733211532154357,0.29174783336971893,0.29289850398841966,0.282900335528456,0.17646083747006305,0.36832962659073276,0.2542892118714062,0.3642779281918715,0.23954500541328924,0.3072382014934329,0.3661991785607096,0.3220575730922939,0.3413012953097285,0.2615031035912071,0.2604242661770534,0.2582585761185802,0.263413843709557,0.22150222715130957,0.40935860719832556
0.3201784525813538,0.311967256846255,0.276425660338049,0.26360985046761126,0.24229813666363684,0.3405915720556221,0.25824066693984477,0.3012241590085654,0.31032789510534303,0.2519379473023414,0.3375807046209798,0.0,0.25359317531094894,0.18968555747874571,0.2584372785327006,0.30524742548467915,0.29970948546024356,0.2510927149939108,0.36153445949158713,0.30379062427036596,0.34922214623064574,0.28183089337929484,0.2459091791224458,0.2637113430255089,0.3538597254886726,0.2372701624861339,0.23555740337122594,0.2692334853612589,0.24434330858308487,0.33427111940216314,0.33913926704694175,0.2841318487147152,0.27233741282128143,0.2929158792540738,0.24880479958191784,0.2684729138011042,0.3000894856690491,0.30719837593678617,0.33322871099633117,0.23673531230017147,0.29708266292390245,0.28659721335563026,0.266276876390259,0.3214285138714815,0.2657522050019028,0.2926238119097145,0.25650325969001364,0.2835217651806713,0.26513385184002813,0.28145420919595676,0.336422337173973,0.3218480440870002,0.247119903458531,0.32137601202221533,0.2974447137387146,0.2557739316222208,0.36109746074140203,0.41244425769827825,0.21264409326365957,0.26546093872609644,0.24221462783327224,0.20126805491986444,0.3073070729961863,0.20211993408343043,0.22903817017841846,0.2707303298298602,0.2364208488744566,0.24034680538730027,0.2222908424297081,0.2717893093625387,0.2833662481345582,0.21078957354140845,0.2412391311518179,0.27681711505788564,0.3254622820916147,0.2581457030798477,0.2438007750202692,0.268346627500401,0.2797288909964022,0.22001567493318,0.26268508983674727,0.299372654425876,0.3146953396156707,0.23301383565344205,0.2820297789893439,0.3350698342428151,0.24784105905297607,0.24922284049058774,0.28894560024007804,0.29496955659862,0.3286239327120875,0.28252620123922323,0.29682596680402207,0.3051759524176485,0.25489857955813233,0.36108883950187465,0.23035174954361262,0.2856044148798056,0.1906070690716469,0.24351517796038877,0.22359834270176226,0.23735599809209568,0.2669024956994714,0.30995625286243716,0.2731868539990608,0.2800667358373563,0.28805098024995424,0.2818122392431989,0.2509526465738777,0.3249459976396607,0.39655568513955897,0.28921369127901325,0.2634237649286611,0.29113259215959975,0.2677046954172247,0.3039858674922302,0.275613287746613,0.2785643433217972,0.26648600170549874,0.23099079687300306,0.2487701497872175,0.2518123468653148,0.24884442748780572,0.34298874879000263,0.2153325050900817,0.3562185771132425,0.21078871811750163,0.2705982686005504,0.2709885540042804,0.2233006846745879,0.2637947035816688,0.2861524175502011,0.22633475812760467,0.30443995638897253,0.27938193633391106,0.21738124313210336,0.2978443838048529,0.22718013911503335,0.2309914025588779,0.33444657788351595,0.2306693381048817,0.24133722937752908,0.29602418346666304,0.27671820236285727,0.3166048664139481,0.2788472828470175,0.40795431201935717,0.25887944517666134,0.32454031680920836,0.19462492798818082,0.3278597955621146,0.28725460234155775,0.2989278362403412,0.2202490236902765,0.40430121011728365,0.27558182254677077,0.2675092699199018,0.3335304864933128,0.21095022979928596,0.25724084427782223,0.1955982066818849,0.2693133922274413,0.23040325738141879,0.3345871632292728
