0,1,2,3,4,5,6,7,8,9,10,11,12,13,14,15,16,17,18,19,20,21,22,23,24,25,26,27,28,29,30,31,32,33,34,35,36,37,38,39,40,41,42,43,44,45,46,47,48,49,50,51,52,53,54,55,56,57,58,59,60,61,62,63,64,65,66,67,68,69,70,71,72,73,74,75,76,77,78,79,80,81,82,83,84,85,86,87,88,89,90,91,92,93,94,95,96,97,98,99,100,101,102,103,104,105,106,107,108,109,110,111,112,113,114,115,116,117,118,119,120,121,122,123,124,125,126,127,128,129,130,131,132,133,134,135,136,137,138,139,140,141,142,143,144,145,146,147,148,149,150,151,152,153,154,155,156,157,158,159,160,161,162,163
0.0,0.35875864155354736,0.3216805656466493,0.3016836847306237,0.2974652868830864,0.33001397496210694,0.30496672767480315,0.2861077432771477,0.42432787935725885,0.31283640657122935,0.3466378543324403,0.3048376278671892,0.40426690668720056,0.350815680092929,0.3451718745306798,0.3384813742717064,0.34602841620511493,0.5040588820982869,0.37162974219448613,0.5461427627068187,0.34498928686209185,0.39915930839887054,0.3073414854409197,0.31897058508543863,0.3894345842875785,0.2690675097170909,0.2704586106078558,0.3300579240270489,0.30160488520104944,0.3157575128179713,0.3399438152817397,0.3865183588488168,0.3489029117573606,0.29545646371465073,0.4097347563932073,0.36154588585491293,0.35795268675006775,0.41188713127677656,0.26318981078933384,0.3485103571851753,0.3428614252729368,0.309094147409805,0.3779567079213823,0.3659530736171211,0.33047948499393615,0.3682493299631708,0.2951488419313843,0.33204520701657964,0.3899147945992868,0.4689644947593052,0.3899745897865302,0.3704384889165781,0.30623958185240713,0.3290968997598941,0.3423132409732282,0.31427128008466443,0.4974549080467769,0.3025841135396115,0.35772573158499743,0.4163179257433958,0.28488936713268753,0.3133068282309546,0.34761899272982066,0.31395632888990654,0.35490263540273853,0.3411596776414838,0.31387806425605846,0.3629467910385773,0.3261561227275531,0.3286708872179102,0.4625656346896251,0.37595795662332476,0.34879916670273,0.3473828691394227,0.3459715183039564,0.326125525713567,0.2616420510494214,0.27443619900454197,0.329816646205707,0.25084447595747617,0.3025920550774644,0.40205486802075463,0.36594165960377223,0.33778326454736984,0.3527315172184352,0.42098441167002465,0.2839172550077812,0.3973428680120776,0.33776927731833356,0.31585797488200545,0.402471765968281,0.3376598433473005,0.45296136050995434,0.3782618055067225,0.376737845255784,0.33788886787117195,0.27403004916101775,0.2941955373896803,0.2992063896244061,0.3459562321403301,0.3370897360000946,0.2519131172954354,0.2957016080743484,0.31113166667251746,0.44947802199400133,0.35320777436700745,0.31045859005465953,0.31881834086456073,0.3427947208022804,0.30218449241871803,0.31655629710578786,0.39191760683502797,0.3530433259424683,0.28708890949114296,0.3855536943642097,0.35038296378655026,0.32601405575706205,0.38833109455676745,0.2912718194306183,0.2935477834138232,0.3482132507212819,0.2525873555794265,0.3378087776651177,0.38991631028258766,0.3272050035862092,0.32254877919119224,0.2886643228494444,0.2678186551244477,0.3131198988233225,0.427586527130853,0.2971538830783426,0.3201370102876415,0.28852550450282677,0.3755503464889232,0.3176180608314925,0.3111431543820075,0.38281404262664853,0.3534748450271395,0.38046526116965007,0.3772793047268112,0.32549471776811584,0.35381275970277204,0.3634564886078581,0.3539867982124448,0.34825423924808724,0.34426345007111137,0.3467776113732519,0.27480603106255275,0.38165653459881255,0.22545355825711355,0.3754867268144932,0.3225502632940144,0.3715019636408046,0.276659073026522,0.3290593013286398,0.36384058161152105,0.3623713692651404,0.306285978229427,0.36311777820031227,0.3508968518604647,0.25533049913939554,0.38754161021554334,0.2518196176532696,0.440805965712841
0.35875864155354736,0.0,0.33618634022606875,0.3412675499767409,0.2582304514360582,0.3735219129502441,0.33784759472625986,0.3321266899696644,0.31117766517634277,0.42061404520136836,0.31299036169926764,0.36042241383047025,0.33492319698397705,0.39162429362624374,0.30899955131226214,0.3123675549383809,0.36345103568954534,0.3446122974215537,0.4255288386931057,0.3963490420525168,0.38948129255121144,0.36931014466982587,0.3513427786447802,0.35240381969879064,0.41308172509446356,0.2631166002001946,0.25750150086567825,0.3365717500254219,0.43864462564135803,0.28523850505610837,0.3174579478023983,0.36607901661331504,0.39723468637924264,0.3098442066466169,0.3475195658511675,0.35157105043437087,0.31928801500220977,0.35894032707926227,0.2761909688734562,0.4199759756150191,0.42328450123268774,0.3388883454571444,0.27520498184147346,0.31439116118465055,0.3681975634478953,0.32453077718849843,0.3264440388899476,0.2786794248630012,0.3910888349734468,0.35085301955368386,0.37442605335601414,0.38735288389445166,0.3650749623737048,0.3950626487007646,0.3407339623941059,0.3845980642875584,0.42252173991096476,0.29003479895351103,0.42947189537988056,0.4388431141451738,0.32700253114199884,0.27994821151412064,0.3073830261411345,0.2974811639018817,0.30815410978958574,0.3090451748068584,0.30660853626584433,0.3145749620690873,0.2870190215946867,0.30545843022028163,0.3376959615364705,0.37112145772983274,0.30375741316027094,0.37058215342935785,0.337723702174533,0.32665693262604434,0.26883881805811277,0.3383564581884568,0.3090062790607852,0.2830575639210389,0.3272065878558866,0.33884028267555877,0.4362769300803977,0.31564417473212775,0.36401047136553233,0.47703593787619764,0.2695104702275833,0.309120824739401,0.30799556995751254,0.34206608873060385,0.30085301569608935,0.34859259360331246,0.38059093792680104,0.3861984504553836,0.4201244011201497,0.3604817001297167,0.29217269178386607,0.36659595400715916,0.2864448122591821,0.35239312552713864,0.3179267649537254,0.2454373379915278,0.26818575561401226,0.3663479631617838,0.350247721463071,0.32145703947075477,0.3042770109753935,0.3775840475125637,0.3719917723255588,0.4142121035767568,0.3430761268376677,0.32418223848961014,0.33135463969862894,0.2677970879266913,0.36874774585244263,0.4045024485476955,0.3724194264192208,0.2966025845338944,0.3610390546126656,0.2895740248262826,0.3223541816626651,0.2595021033038016,0.3934381291959931,0.40830041566048997,0.3238865574799594,0.3940061689306977,0.32338383322393793,0.29542523680012284,0.4248731468898778,0.33199930484893264,0.338185536301569,0.32265430218496394,0.28185107034451823,0.3561927201748453,0.3074063058510188,0.28873207655302574,0.3390586552598749,0.33307346210719735,0.3581631248464288,0.3230970453477991,0.3173092682411024,0.37214175779443076,0.4734269246844665,0.34048988394710084,0.34613608765737564,0.3020944048277654,0.3380244750778905,0.30185730793318194,0.4796203571080326,0.26076957478303797,0.3003627810332837,0.39805041459228424,0.30654281999257244,0.3586021730941724,0.3512221176183023,0.3331714195615574,0.37529877917566884,0.3307292988753459,0.3531404564022228,0.3193535235365884,0.30164776977860336,0.43199225548142256,0.2966348700237283,0.3281707940363828
0.3216805656466493,0.33618634022606875,0.0,0.3566934743055445,0.2700025059029272,0.4001662526663764,0.2620903386808551,0.3425476046454709,0.30046150267290245,0.3792131484185496,0.3585469521673035,0.3268404097972024,0.41068657673334763,0.30384950269087185,0.2757153817876831,0.5048567954124851,0.43998989116452236,0.3210300287689083,0.309450113191068,0.30068642261326983,0.38825387245486437,0.4202131579630343,0.28038776937011484,0.2848729668856576,0.33936258957295395,0.3114998860925303,0.2948885793929143,0.36205680288697045,0.3021346641018312,0.31383336152529756,0.2619174581309363,0.39465567046443517,0.30879603591416166,0.2900285045141507,0.26166062962112274,0.30437822993905883,0.3140150324793178,0.342794227738463,0.2535515086253048,0.3406320781944014,0.2871743756493469,0.3502940316596335,0.28045569986416724,0.2784343169502904,0.3310184181294324,0.3165861757758343,0.2632426003678741,0.2986483803531026,0.2980912618650416,0.31521573368807193,0.3626226352976036,0.3602133024677105,0.23692443580754624,0.36047787452098806,0.3199828319417585,0.2984142310064929,0.3257448080414397,0.3791617058146005,0.28689485400596954,0.325101660803629,0.316164254674243,0.28881180408519097,0.34599706943317055,0.2457929862063359,0.24226267394978976,0.30119291389786346,0.3077757935327593,0.32888334185776197,0.32233864829218295,0.34404432679847347,0.32710636888905653,0.24889533416243806,0.32567873913700324,0.490681072908869,0.3946665100856158,0.22545072760353876,0.34653347166802395,0.3046320444098256,0.2686110961309433,0.24755221494655322,0.2921771124533176,0.316565329799563,0.3486130953517057,0.3262977750021891,0.32067090931579667,0.3787729739208648,0.2629554425375738,0.2722588929369945,0.3052728625021454,0.2744894619878573,0.34584759115543734,0.2509368468294825,0.319946198705648,0.25492493442668634,0.3217372486975037,0.2980082880595844,0.24220661357266626,0.2985295271367132,0.22135834640335134,0.3324226856797871,0.23750488206909023,0.27666987542887755,0.252946180850175,0.2919524632829298,0.31628337312309274,0.40003295649339266,0.3400590954724501,0.33579407759071833,0.2893509133477782,0.3214589704780477,0.30058980655838674,0.26960829624555516,0.3481828807900478,0.3055681920742618,0.2928682297771204,0.42682633454007934,0.26804035927564335,0.315653496815558,0.3649574310511474,0.30178290512338246,0.28052231882973655,0.267077439553601,0.27534404605667356,0.3365298659053594,0.21934912404128903,0.3390275978686742,0.3128325325027205,0.29045883602196704,0.36791788219579186,0.27971772214153423,0.31893124101517056,0.4989191701666744,0.26833853912410705,0.26585633461267516,0.27351424494553994,0.2133079220354144,0.25167083301198845,0.2588912913430199,0.3210720748577847,0.28950565048121324,0.2561323559236885,0.3257764629887982,0.3181656648768099,0.31303775221999075,0.2799965163164855,0.2523201804823552,0.3323256999530082,0.29229606772137573,0.35486842004951497,0.25003190165359507,0.2573542934508497,0.24171804916689255,0.2978680120216287,0.3308361696595238,0.33770449779674644,0.2910063117189858,0.3697193455076971,0.3817751373163798,0.239057696284602,0.3491329833695489,0.2605813400646678,0.249032532999082,0.2574906790821302,0.3122604969472358
0.3016836847306237,0.3412675499767409,0.3566934743055445,0.0,0.25073697671343964,0.3378362149856615,0.32967923506323066,0.3495661088185029,0.2948619488266491,0.3300603508876405,0.34189022351216053,0.37404635548510223,0.3490174778446275,0.3014975909671008,0.31093822023395856,0.3475518645118036,0.33981865469825917,0.306382826747362,0.34830679273685733,0.3055932516268008,0.40870898286786184,0.32731268471789504,0.3503092793610223,0.29681586937842613,0.3902808662708658,0.35856130532503794,0.351840793042205,0.33475187832558434,0.2840270402069862,0.2624173585231405,0.29958299112406245,0.3575339155692304,0.4076493775371399,0.3891532316303934,0.2850547870413768,0.3848815587774519,0.34938534824694345,0.3500854704604216,0.30593162105545535,0.39460773831695184,0.32200978649203293,0.33330425782649015,0.28449880663247007,0.3083238936695778,0.37712109906896996,0.35643240135328297,0.23622327634588436,0.3031629920954951,0.34555935388847125,0.3217111995224816,0.40981602083335544,0.36800283342525747,0.2714715004287372,0.42304095125926383,0.3782892978037487,0.3236810555800076,0.36940565986786983,0.366672984878536,0.3185469084654551,0.3887236176031353,0.35824880440031454,0.32143090163419674,0.33018446375558985,0.26583233892368296,0.28195648747998847,0.3524493250677192,0.451657767460027,0.2944920513977866,0.2989298692391681,0.3279964286872193,0.32395434146566643,0.285723072920469,0.3643977744689918,0.5061525989900899,0.34755651410811744,0.2543123125987727,0.40581713798986946,0.3440994402284903,0.3159213340447642,0.23546587141478761,0.2776193281472605,0.41077765481025524,0.31533639505704775,0.32324899199419554,0.450832864650079,0.37995994877363964,0.35660247941590706,0.33376285289917684,0.3432361771432582,0.351019928360975,0.3459077686342008,0.32431640077630636,0.3022266132624506,0.29839413389000463,0.39044606985380126,0.3215373675460955,0.27409575727190394,0.36508555990448127,0.2691247323785405,0.3690331835843,0.29632154087555096,0.32722347801195023,0.3657629071020709,0.306897242782837,0.35354813787102496,0.3625933632938184,0.3674859110174815,0.3259833975378634,0.31415685042396246,0.32566794004287913,0.37649944840501337,0.35947702571797296,0.41064933973588297,0.3562023862241352,0.34431515317581357,0.33450363447798576,0.31010456832756866,0.2858197637785395,0.3550757308255305,0.3366250249971587,0.29422925929016164,0.3475451471036633,0.33764551184549346,0.3372136419965152,0.25284472995826396,0.3260009160328421,0.35846533731885655,0.3275718791903816,0.39489643350212195,0.32337922637804106,0.2766917405807033,0.3695142299227994,0.35094994156603027,0.3400632131261252,0.3332605908280345,0.22022575126429103,0.23698424829951237,0.30501425287728423,0.38346004279494855,0.345064853909308,0.31977688687465405,0.3308084099046311,0.41342318867507966,0.3783622501752863,0.3331029681468295,0.32526418898870046,0.3487171308517692,0.28334325253945053,0.32527047230784206,0.2459937895608735,0.34469539543715266,0.285576085863492,0.3295827376133324,0.3172620147111336,0.4096398157584866,0.34771014909265047,0.3630685648048974,0.3559430412187109,0.3276885436908373,0.3583605045687788,0.2705174633167909,0.28681631557502146,0.33460381287576796,0.317049441520048
0.2974652868830864,0.2582304514360582,0.2700025059029272,0.25073697671343964,0.0,0.21597743699385216,0.32948518686578393,0.20770198206537252,0.29500592151862814,0.25111550533489974,0.3123886883463146,0.27402634108764334,0.23463494387643757,0.280883534241375,0.28328959123806846,0.2799450917315325,0.28499268488934465,0.30221662822678336,0.24230985079962827,0.2739274449893868,0.2877885521190633,0.3226219698701733,0.3234621420956865,0.29714590691086934,0.2718749644016356,0.2576838628248946,0.26142215795518736,0.2338192716624957,0.256759411733783,0.28904925532828185,0.2711469246799904,0.23839435148241744,0.23980002366040007,0.2456319843285187,0.3671465585708561,0.2998190760922832,0.26384189227532695,0.29034681747609853,0.28158323866498913,0.2813313862232212,0.2766478803150091,0.31974080851525216,0.2657422569124909,0.331331677191908,0.23299464920391283,0.22814649431401482,0.2625870586554337,0.3044680435303598,0.3375354875523709,0.2970960771220926,0.27067744180359427,0.2530189792488619,0.22830312114825763,0.2523105539416443,0.27510181479149914,0.2447376327445598,0.2626919968357806,0.295908469492374,0.26388756886880654,0.25706609941055236,0.18905332112162646,0.21774697907475415,0.2298235274182488,0.32250181515766996,0.2652257577960086,0.2007654976163331,0.2374401249548258,0.2505747750155491,0.2430423727769739,0.24288670058864972,0.26745548114400236,0.28798898797685796,0.2602625632130838,0.25419929884748677,0.22241694813868565,0.21310896981309344,0.24235117155544958,0.35722661476852297,0.21407631221220194,0.21015770125114094,0.22643195911615874,0.28115288348646855,0.286869287529526,0.2071650300914555,0.269071759627851,0.26051463731370045,0.22119741118196118,0.25222305670650313,0.2118332233657288,0.2446757002659506,0.38276596447566824,0.2971942665728913,0.34000031095368133,0.21908180622948464,0.3027921965134671,0.25925770230317957,0.18639459029558866,0.25074852494230143,0.30187920977203203,0.21586098917164598,0.26267600534712154,0.2053460558647942,0.25820214535761615,0.2531713460872062,0.2549348588527389,0.2433856793674464,0.21030917973000837,0.28186250858677153,0.26853796554908826,0.2694064286846394,0.28631197905570444,0.3362829256131587,0.22569571294796567,0.2689709098147792,0.2304546408726263,0.2678427446822735,0.22027402620244738,0.32268593538009005,0.25311420526530404,0.27907444126132686,0.4270583842512007,0.21062401794379784,0.2515910177082568,0.2761036767727991,0.29107398079978364,0.23149522360202357,0.23521371977719585,0.25222527113958115,0.25148923630447145,0.26675968106551745,0.2492196858034607,0.24521504408835781,0.2108340818069168,0.30031659489690227,0.26259233809107324,0.2628756298427044,0.25396140867351336,0.3416041488722258,0.29371321041415804,0.28186907500489694,0.21231166338894705,0.30057713813273695,0.2873545843959673,0.30662215504353024,0.3039070340199452,0.2853346259988984,0.3212065432151202,0.2219029525645825,0.27364066606410176,0.23374435672115568,0.25547887062548363,0.23705028534329542,0.31507266620109653,0.28122986442852355,0.26845645523415024,0.25092614692928117,0.2415985219618449,0.2598998533912318,0.28174143027398324,0.24708122793264645,0.20289278237780414,0.2562548615470228,0.24672309171294388,0.3834256254926865
0.33001397496210694,0.3735219129502441,0.4001662526663764,0.3378362149856615,0.21597743699385216,0.0,0.2436494567737465,0.3475911417078,0.2828979015549602,0.34913798674553914,0.3148343068811089,0.33800409926426483,0.44685498423093134,0.2612484368278551,0.2864645726497509,0.3908275172218574,0.37566257961692096,0.2716517053509021,0.3491228749601337,0.3375352289907318,0.3620490529911514,0.32154927841814634,0.24244733325908258,0.266341060747006,0.34858475359029856,0.27156220609708315,0.24950392840436592,0.3441243250072303,0.28843848626733365,0.27721780409466906,0.2829011330232132,0.45760837192161413,0.353198573915877,0.28998282857673263,0.25873546912568396,0.2895031000023345,0.3167004546813666,0.30734195466428604,0.25470029258770926,0.2964164500181825,0.305356747652549,0.3027524539248843,0.286408489270748,0.29188922983193616,0.3064138223515858,0.31717420568156224,0.2611875542640004,0.2851229583670123,0.2632552504936895,0.326811674863544,0.3571749219380407,0.3948819561540894,0.2577771710185666,0.3431366018269108,0.29628688182449214,0.3413401922052877,0.36334381420643924,0.3522624154417888,0.2703200249267759,0.3353440779094095,0.3938234883848777,0.32552255026889815,0.3662379579685664,0.21797560042791123,0.2526233666211004,0.32196262702449335,0.3034792979757636,0.33173457835400433,0.2646847844672018,0.3015460958084655,0.33661501833574065,0.2503159768841253,0.30223563197832254,0.40283025391177396,0.42496236251554514,0.25853697743646153,0.31288040980499415,0.2731180810886,0.2896519134748424,0.3174352944818681,0.37789693718030604,0.3062273990866118,0.34888040752618527,0.3893687645562236,0.3247808613305017,0.36835301837951273,0.2988155447367555,0.2845558292327371,0.3638397089260527,0.2941872200351729,0.288637643876854,0.26797786286733566,0.32025888317796103,0.3009172852501893,0.29079051051340093,0.31967570148009655,0.28358939613802314,0.3125207050153303,0.22029897842009424,0.36028568258586413,0.2525491183007006,0.26030565446038945,0.2502187117052139,0.27341729913561397,0.34354921921738624,0.4179813966223758,0.40698984385153747,0.3304332296352453,0.2863468130694731,0.32112741320859517,0.29925562359653884,0.26140606547770084,0.41011634656298007,0.3018856983696092,0.31957916498618383,0.3904893002585109,0.3228632299072747,0.2619546935205525,0.4011915607530898,0.2751786035485634,0.2598188382022508,0.28239819129778393,0.307882272473331,0.35440854162427565,0.2522889075741567,0.35488956216362655,0.3413873098144568,0.2722757997597776,0.34684087810024194,0.27277269731208575,0.3209202825098344,0.48594044606158304,0.30109405873723194,0.2853731826386139,0.2842414025560417,0.23475599775061964,0.2948856355818875,0.24432619051748383,0.28072674976699247,0.28886932525391246,0.291275797665538,0.3176645418219783,0.30661084033013897,0.2925826270736178,0.2899678382789445,0.25183509615978544,0.3300761148433483,0.33883701793721716,0.3326984866544465,0.252333239925645,0.27734592755925425,0.27794954824152607,0.2516595669680802,0.2829990988758084,0.34418620159978025,0.3006208586543167,0.3598542281939208,0.4085516406933119,0.25536375136230566,0.36169791070256413,0.27121154160277783,0.3008104280862491,0.25778004037971936,0.2846072537152058
0.30496672767480315,0.33784759472625986,0.2620903386808551,0.32967923506323066,0.32948518686578393,0.2436494567737465,0.0,0.2358514714904288,0.27592816565164074,0.3050925074774062,0.3031503997217846,0.3560392837888991,0.27215820369592025,0.3186716919392417,0.3265658386766776,0.26687111713994216,0.2808663031007262,0.30930960570990135,0.29903942904505404,0.28009091007214726,0.3374097296718697,0.3166307214831008,0.4264156069290429,0.3816040061597536,0.34288032798348955,0.3220744820832371,0.26306327665141493,0.24713080543764146,0.32880257975145855,0.2725194682818606,0.3036698900647475,0.2922694720360263,0.34104660645053436,0.3338088399064116,0.311919890602925,0.34879073206907624,0.34789316639366513,0.29765894790645614,0.3003733329278829,0.4035679365574157,0.3805608959941298,0.32788736097600857,0.314581460523713,0.3731576379017675,0.32387960850660774,0.2975537103561585,0.34031292445407174,0.3231438941736345,0.4948231578485698,0.2971607246530238,0.36328945665541995,0.29541734321576546,0.26319155984339065,0.3484535396035869,0.382867700787878,0.3322418463584656,0.3102272534848339,0.27873860588761956,0.3831423463020787,0.30586551435201226,0.2249039740805584,0.2632646020239834,0.24341641578677545,0.34833464240084,0.29100936864941723,0.2484271830180041,0.3353411400693606,0.3285973809593283,0.2580447372529562,0.24708082144606383,0.34140333905305364,0.32407996322917687,0.27876665500635434,0.32009666307239115,0.21931834492554533,0.2822519147944392,0.3234415610261277,0.39720982832679447,0.2659105955315276,0.25671458648955003,0.2836410622939111,0.3342091349889096,0.3340430087967121,0.22515217944583946,0.32058255510967043,0.3059164466738777,0.2556187478595154,0.31960216815487463,0.2628552859880088,0.3122052758927925,0.35869810545609954,0.44134803879926104,0.3453389080212704,0.28729589475230133,0.3575039484550872,0.3658690428821917,0.22678808147533752,0.36193288452574224,0.33548076789631953,0.30130425467382066,0.32828368165240757,0.26285593662027135,0.355326017600887,0.33885524593113286,0.2790135513701328,0.2988728172457199,0.25680197130069077,0.3105048391058339,0.3745156479678156,0.37752968095913814,0.4116225485761372,0.3705932101174326,0.2794116814572436,0.25381312964306996,0.28221976913456415,0.28166008750337956,0.2822558182618862,0.3316208927949489,0.31155599952831176,0.2739013452022673,0.3457919795813261,0.24586089828077426,0.31965716903008695,0.36761728389329323,0.2928191224980588,0.32015264039385466,0.27389910467063444,0.3344233665929912,0.31243171700842187,0.3360257798329317,0.25009012613752857,0.24435474773947247,0.24225913005120325,0.300754149697426,0.2868900303003204,0.2859683387563742,0.3084952537623181,0.3787992553918601,0.35710737724707936,0.35742857084660706,0.28638118839416815,0.3253307083885168,0.3661004353267597,0.32279464948721975,0.3934868778122037,0.40189699192931827,0.32614025584366885,0.2845792044903389,0.32054735640858634,0.23246600315186644,0.3062624986594146,0.30741736125157876,0.2989145024371071,0.40657276832399764,0.3702964836716767,0.3328244091776177,0.29777038210371504,0.32941386923083077,0.3575164882992755,0.31209456706768024,0.274587922465733,0.3236431780091574,0.33063099892738873,0.3457630762382607
0.2861077432771477,0.3321266899696644,0.3425476046454709,0.3495661088185029,0.20770198206537252,0.3475911417078,0.2358514714904288,0.0,0.30091971520349425,0.333680778397785,0.2809083149103463,0.3036023223163409,0.3690631751438572,0.26952862007538175,0.26788962768867125,0.36050755217917885,0.3266212309901695,0.2746453906675448,0.31784004756959294,0.30224733439106233,0.32248310373188516,0.2731968992111552,0.26272990967909654,0.2382048956007137,0.33970416273625836,0.27697239319995826,0.28101266176447487,0.32481148446614383,0.25470362154891846,0.262107152396378,0.3276514459894599,0.3590908422273787,0.32426799314283994,0.29805527128075554,0.2615473118462452,0.31083889940215437,0.32007749696354487,0.33794521453990356,0.26950890085705387,0.3040783167578036,0.28294283401549675,0.2728796025185666,0.29623630522923944,0.25419225079779184,0.39563316160032413,0.31261189211611545,0.23390446397573994,0.26108419021269297,0.28020155681300846,0.2888134454995833,0.3227550482606603,0.3012308024457297,0.2431218434750102,0.30630154115513675,0.31041268485136975,0.3050206778276453,0.3171342694638674,0.364308151436346,0.2899494739918802,0.32025080944711043,0.4759506520221249,0.28681180561907754,0.3346891944719819,0.23517380395727755,0.2351860416802403,0.29176263345452735,0.3152294689939777,0.28221798852907437,0.2899205075946881,0.47821969960579974,0.30630217883291877,0.2658144385197472,0.28578963742144664,0.3953781345447254,0.36890237629937495,0.2427833040833955,0.36340146891569425,0.26185701228533176,0.340239745220584,0.23216332946527568,0.27764875821514307,0.30751725079799047,0.32005850163070715,0.37647260379942804,0.34498189823844494,0.4075875034936382,0.4345013448302939,0.29994321123699275,0.35244439239044284,0.29900527926050774,0.2710485239204729,0.2701527080994657,0.2854702867345577,0.2612670370967253,0.31701300202827076,0.29143932960873875,0.3086162474656004,0.31714090731350797,0.22440235095411815,0.34601758338208016,0.2561930428139733,0.3910189483111124,0.2652758521237954,0.29999937723871883,0.3454349633801097,0.3599860775869545,0.3406747652940038,0.31703627724656286,0.2728572416952607,0.26739501327037807,0.2595660857782786,0.2773390425949574,0.3577335682601179,0.3131124994421643,0.30924225564781704,0.33349321454969966,0.30625395375304004,0.2578868892977821,0.2883267848629969,0.28505572595820805,0.24827308257241087,0.45997159479969657,0.2724423798071445,0.3090208925683446,0.23696216577679732,0.3115286620320946,0.29994302408672296,0.3354776997927938,0.34661541259618306,0.2753708734526845,0.3226179329169856,0.3660787271883509,0.36443889940807755,0.26805628791069713,0.2763247465961299,0.20681015771630318,0.2520199323012254,0.2531643845711477,0.31163867146201196,0.3187766419774359,0.2804202534617895,0.2823408121278566,0.3266746928817897,0.2996708018367678,0.27891879574048617,0.2638215147629367,0.3072759567796667,0.2834281632067804,0.34128856766020343,0.2329507252921478,0.3231042916040922,0.27835776589145395,0.2561973097637224,0.27792874741072243,0.3528246025789893,0.34648988634992345,0.31029316314276423,0.33458960872752724,0.2518730893299262,0.32003698739458386,0.25025315239216184,0.28712817096831933,0.2806388777518456,0.2593763677949478
0.42432787935725885,0.31117766517634277,0.30046150267290245,0.2948619488266491,0.29500592151862814,0.2828979015549602,0.27592816565164074,0.30091971520349425,0.0,0.2714156354874769,0.32839019191750884,0.31422703612370595,0.29206633317916564,0.3498654556384209,0.3003580013688425,0.33088300174728896,0.30430406869829074,0.37568123501832623,0.3217094869605147,0.4017697801754701,0.30883982095370976,0.4219302399788581,0.27537234014358075,0.28104737990066825,0.33590209001759846,0.25664798164930647,0.31226046569670113,0.31320712583607513,0.27347158143199285,0.3645728567694215,0.39107463523969116,0.3205503827906972,0.31132602974646756,0.26699977645545064,0.3835663600727665,0.34534151904508126,0.303996636731913,0.4659301081411381,0.28407711741499647,0.29092854403416496,0.2949545807959971,0.31922906433719855,0.30422104204776923,0.32634105574266015,0.32473945136952,0.28351796572419236,0.24214547818899504,0.2964351769530314,0.326730577450597,0.3641300293358084,0.31600702954756704,0.2796561592944541,0.26602296610549153,0.31255002744154026,0.31988888065929294,0.3070528879159943,0.35173801214786243,0.3329270587492099,0.29851008981074656,0.3044593392431153,0.25291065507240534,0.280107677763663,0.2831646517991345,0.3283160993276156,0.2991000944064472,0.27029183671658763,0.30389237111382433,0.2928028510120377,0.31402095061720514,0.3423830093918827,0.3618084883400173,0.34358312094232923,0.34481724869156627,0.30430895712297706,0.3364806918399519,0.26100749367709636,0.24859936654059764,0.2522689538609134,0.29653660384347685,0.22432342025139554,0.2519513530095464,0.4327810517940785,0.3381777133465405,0.28849561468317675,0.3403896411559149,0.4060581332302253,0.28734980900713936,0.3626373801778564,0.29437886185490836,0.34188573220737817,0.39388748481455327,0.3539067517435743,0.3522021735130346,0.2801121991727922,0.36857045150039836,0.3439433076186916,0.2815305752947027,0.29659769218286836,0.33518199981721,0.2794944960560522,0.34615262621477216,0.24091622960634315,0.30668659286296407,0.30506566767687915,0.39698580028749375,0.2910180208608347,0.2511409262532109,0.3093040704616307,0.2612666773778817,0.2553973822114567,0.26776031962813285,0.37149513080732804,0.31798826886632203,0.3627592169485439,0.3115113269706378,0.32151094259234186,0.27728878772535365,0.3493075984415497,0.24645288749442165,0.3260519710685798,0.34581946407301456,0.28078577596516935,0.292676225084109,0.3132760392623212,0.37557828889331196,0.2897411716518872,0.28734145936449873,0.26988016492653316,0.2843173477998439,0.338504510659773,0.3679070056480354,0.3264635410334369,0.3050151066900309,0.40666780022851123,0.3133759308540867,0.2571720590200786,0.29841759574986537,0.3166585515707304,0.37139982610437094,0.38490833712650885,0.29660714418777484,0.33209552598790704,0.3399840216597256,0.3786851320827465,0.3177497561131843,0.3242900163587824,0.4186361864840967,0.23923898845982683,0.33998920984503156,0.25048452328327775,0.3946704940634943,0.28629596685710856,0.3609290901457462,0.2689559910009413,0.3159270119480351,0.35627097427568505,0.3172286007076506,0.2925311473701752,0.3515154201049947,0.306968670831821,0.21628059710530714,0.3579517849653641,0.2876222542303136,0.39940967021670387
0.31283640657122935,0.42061404520136836,0.3792131484185496,0.3300603508876405,0.25111550533489974,0.34913798674553914,0.3050925074774062,0.333680778397785,0.2714156354874769,0.0,0.2642692555388492,0.28179633239738994,0.3640404224451111,0.3521481349214313,0.2603470589725805,0.33943362595987514,0.39033357839877064,0.33799862025195926,0.31543264494751405,0.30144800692425205,0.3290927208470038,0.28689296418412175,0.36976252704045115,0.2716334445402219,0.43336950081757664,0.2701359927366965,0.2870635309941404,0.365226467055622,0.3804361229610105,0.27373062249514746,0.2799274524622775,0.3828122913519077,0.28609141196690785,0.31200262316920446,0.30677180061235854,0.29717168609107697,0.31177297995129355,0.31802051737727427,0.2202435321127515,0.37849113729015,0.2943774028250234,0.33670502223257004,0.27031531026764477,0.27134138795662993,0.31693984250056334,0.3074252002851187,0.29244515589131564,0.2594813898543393,0.3902131745107871,0.2777565526171709,0.3110760033938059,0.3243593039122316,0.26788699718025216,0.3050104325623122,0.3073343587951986,0.3984666004944774,0.3163302516449118,0.2754217128971511,0.3658456507614731,0.3318328972050224,0.31746021848360056,0.28562992049002084,0.2684282265305072,0.2734288925667766,0.26135563161750824,0.2794598266532617,0.29664113903234895,0.30146950828794894,0.3037737564536968,0.3238801768124601,0.285585323447512,0.3467268336986531,0.28999652473475407,0.3751568738878555,0.32210652023040615,0.3048097748678601,0.2889198537301054,0.3440802568368523,0.27343632443531507,0.3081387176143854,0.3582668429295167,0.286310451211397,0.37719146986480984,0.3461948126515031,0.35776856156653675,0.3690231642521407,0.27690347484194633,0.30643437895128117,0.37913577676927485,0.27991454395584453,0.2864220547285264,0.3036702423804333,0.3238568862358094,0.27706877323595197,0.37399958011206486,0.31744610081240554,0.22501692220283076,0.3733513600970223,0.2716065402302804,0.38090296825477643,0.2830470969106003,0.2633311624104281,0.2761557532645646,0.37048724772097563,0.3007411185353209,0.34452426054513846,0.3224239486669013,0.45096166924427056,0.33425916625442353,0.32756986929017484,0.28374930298377476,0.2930958137986011,0.36097349209305907,0.32351584679757095,0.3022784443535846,0.3825489117685887,0.36049907329380926,0.323296525487663,0.3942706306036871,0.34104661960209676,0.276089566192036,0.2851072376942845,0.3102577156677223,0.3435099582187097,0.26975990610814155,0.3394025730851624,0.3481614861569411,0.25518161478694984,0.42987984091720943,0.3108919217569127,0.4072733598177212,0.3271989413705554,0.2924380801333827,0.2626148051428076,0.24684167490710812,0.24150675168684552,0.29108775485004196,0.3041593396515787,0.3405268925401578,0.2959879904157324,0.28408908271703337,0.3547669815319246,0.37808571498136145,0.2890544822756962,0.30608166445188884,0.2986020614013485,0.2594273235675053,0.3635850686689569,0.4969011583839566,0.276434137966606,0.2525900340599042,0.34204190121549205,0.25516013841374396,0.35984489754076704,0.3508386934814392,0.29421633437800004,0.2999017185344519,0.38617433472835766,0.31281698628069804,0.3939553627340605,0.38191547277787996,0.3566278593346877,0.33748883353497633,0.27066086956046537
0.3466378543324403,0.31299036169926764,0.3585469521673035,0.34189022351216053,0.3123886883463146,0.3148343068811089,0.3031503997217846,0.2809083149103463,0.32839019191750884,0.2642692555388492,0.0,0.39585098042436884,0.34612863924966414,0.29553573414858025,0.2821099188575013,0.40517666757652065,0.34020560789155757,0.3269197659593841,0.3165265904412027,0.3180579357942886,0.34776187311026885,0.42672091892423103,0.3084549583866951,0.3091061821488917,0.34482988091741723,0.3354793028050686,0.3279654921095196,0.319173452035749,0.30912491431552835,0.3267705800877082,0.2897403152102304,0.31505153124728197,0.3207978596534641,0.29027942035221105,0.28996603883927025,0.34127117290425496,0.38975955433889453,0.37049116203545956,0.3286591480224096,0.31040802432006587,0.2870945392413043,0.35305679961850434,0.2935374426708329,0.3306543098299676,0.32708074344405974,0.27458756980637666,0.2261059385812054,0.3851932501578777,0.33740776726931265,0.2954386457502827,0.3501278377436983,0.28441217655441103,0.23528489574001057,0.36931156588426584,0.39568429087028795,0.2574097690842652,0.33686022048130754,0.4292782443365959,0.2839107019126259,0.30071918056893815,0.28553941410161615,0.2398891747351303,0.3174832568450124,0.27686668776122614,0.22777066083689665,0.2598190604400903,0.33651353657517996,0.31717913326030356,0.3219799504935807,0.3269871265045827,0.3388748637570075,0.25067030647230315,0.32867031701088095,0.3542101674290115,0.3257638357756539,0.2327265740229641,0.3518670416115365,0.3157797017939568,0.2695776658792594,0.2201022116818238,0.250530600945985,0.30529822808471585,0.31633198810439234,0.2936162040558574,0.29740772356972506,0.33686092119147615,0.30892471919072173,0.2805409736318522,0.24969347645303766,0.31993633553571615,0.43332689183888357,0.2641820186367278,0.34224070506368637,0.2712696984582239,0.3147787652795577,0.3398348443880133,0.24502909741212,0.258958990035146,0.2493371598561958,0.255930300292208,0.2892266091521701,0.265590575417582,0.28086926889891944,0.26932939819405993,0.32332922508111595,0.2846728465027842,0.26456684199828695,0.30819010107802475,0.2614620223541155,0.33318385187477334,0.3702809986825567,0.3244914960074432,0.29844126583335906,0.3215317985095981,0.2906954019212317,0.3198020776694769,0.24042971814416952,0.31913597480639666,0.30489513660605383,0.28968817941355607,0.31326852827485124,0.249366796218035,0.2914442096299696,0.32812127198019925,0.2519892797507071,0.3364386398938019,0.24078123887690264,0.33826366475764114,0.2989219698888594,0.27276033452736687,0.2643710140822423,0.3437887831743651,0.30635237487258143,0.33406091531040566,0.3500913510690016,0.22578851445273537,0.27293605904241436,0.26765246276124616,0.3603597270788816,0.32131270784053645,0.28856536801100585,0.3340249706864484,0.2849312444831593,0.35379972275552096,0.38541952895020853,0.29037147147816117,0.335111214995176,0.24108579355511384,0.3059958119499816,0.259626303045327,0.34381309018893796,0.24971270694870795,0.3884539589656567,0.2767802567538654,0.3170943238727835,0.35506873965740327,0.3606155141576971,0.3081472158891364,0.2835548809772165,0.2889242610445892,0.21071054015744517,0.2832812547672022,0.23859833262863414,0.4379664355035077
0.3048376278671892,0.36042241383047025,0.3268404097972024,0.37404635548510223,0.27402634108764334,0.33800409926426483,0.3560392837888991,0.3036023223163409,0.31422703612370595,0.28179633239738994,0.39585098042436884,0.0,0.2826381884501449,0.2498026064347819,0.30688775853061984,0.32653454198507736,0.3045671572121659,0.27403733504501193,0.40481694983688365,0.31458281936980725,0.42235449689144,0.351190941444562,0.31439727723879174,0.3350333009570871,0.3827634201594564,0.33122558743690966,0.2880172712835196,0.2698616011654155,0.3020381091127335,0.31961632447515237,0.3329713646006264,0.3311568167641998,0.373725469368323,0.36255083674702343,0.2687417609843331,0.3833679863460731,0.37336266449902566,0.3537108088314687,0.3988469082289166,0.33055931192882043,0.3592521033877536,0.31291209873869213,0.3131090612898047,0.35501089570294503,0.34604733954766365,0.32000885883818064,0.27876794666580096,0.34826354067059406,0.3400030895672682,0.32362376385433755,0.4252414668060811,0.34062175022778524,0.2521342775061332,0.4346923142635165,0.423958666504418,0.2941900899885086,0.3808524183555514,0.38888950658974564,0.2811410817859122,0.33912726537841437,0.27459567694753007,0.27205133952652566,0.30611961890472267,0.2700786475070685,0.2645515518458778,0.28699301537440963,0.32593198085491676,0.3068850356903712,0.2546363586509232,0.27835125201932326,0.33574959194088966,0.261192845749345,0.28908828174899603,0.3518514940752349,0.2917541181601991,0.2529980693157211,0.3432305055610499,0.366416905493275,0.302127509093709,0.2354719207410815,0.2731843522255852,0.3694934046775227,0.36017310789652,0.25939680563313516,0.3477277921690289,0.381904320135653,0.29023445374409723,0.2979109163092558,0.2972432081283664,0.38436222381514923,0.3634511507951597,0.3341467199296231,0.33672445015841485,0.31415491023594333,0.319891808576429,0.4216632699123722,0.2730276279216353,0.3270186655969174,0.2620779283713827,0.28952708682944817,0.29232563340108914,0.28427998407811084,0.34630942624276406,0.36456020752524176,0.31780689900296727,0.3327002352133922,0.31365514366444913,0.2892175983946769,0.29924248638224876,0.3768814640626022,0.49260645241605566,0.37601815207836825,0.30575353231198715,0.31716113007604413,0.3171233291833775,0.30697187481595484,0.2691066361603892,0.3368650831463992,0.32022320626369893,0.26919064961797917,0.3033748978955892,0.28146199487341095,0.3054837560963888,0.3691878341289539,0.2470962768522916,0.3989075260675314,0.27321045413087713,0.3746059787821372,0.35108265699500674,0.2943357014881253,0.25875864115773967,0.32177729475783723,0.2732826924964137,0.36322801963579193,0.34389974093872155,0.2308474678432358,0.3126058459207073,0.29500565330160616,0.3473908225179773,0.3801490117779028,0.28073987146032947,0.3193903543114248,0.34971330835653647,0.3787501679718973,0.41447550757148083,0.3724001339052036,0.43961019928758144,0.277746672019467,0.35345515502785574,0.2519730926918193,0.3484155840863863,0.2881868079716516,0.3288342076564343,0.3233152039439281,0.4334148977268179,0.33311478253944965,0.3445557407291533,0.35597832144067204,0.27458496532955184,0.3039822643394003,0.21800112700129876,0.2889067646461798,0.28420538441120646,0.3630757396238221
