0,1,2,3,4,5,6,7,8,9,10,11,12,13,14,15,16,17,18,19,20,21,22,23,24,25,26,27,28,29,30,31,32,33,34,35,36,37,38,39,40,41,42,43,44,45,46,47,48,49,50,51,52,53,54,55,56,57,58,59,60,61,62,63,64,65,66,67,68,69,70,71,72,73,74,75,76,77,78,79,80,81,82,83,84,85,86,87,88,89,90,91,92,93,94,95,96,97,98,99,100,101,102,103,104,105,106,107,108,109,110,111,112,113,114,115,116,117,118,119,120,121,122,123,124,125,126,127,128,129,130,131,132,133,134,135,136,137,138,139,140,141,142,143,144,145,146,147,148,149,150,151,152,153,154,155,156,157,158,159,160,161,162,163
0.0,0.841670209450728,0.7637935985557933,0.7640414671182155,0.7995199048030359,0.7826880179529424,0.8222829699205287,0.7874527760157971,0.8846565924472706,0.711602498205286,0.886379954099744,0.7774814026080078,0.867996361335484,0.8722458753095161,0.8458401746437035,0.7996836939498392,0.8290093442156471,0.953573500729505,0.8356402540855937,0.9076229453870587,0.8549147767317915,0.8695794653776515,0.8279188830202506,0.8608343386424192,0.8633574298079068,0.814357973906541,0.7607452061910628,0.8131634589496224,0.755159381457722,0.7947118069019654,0.8444354843848995,0.8400077824773016,0.7843605969136812,0.7829153553704722,0.9346262031835557,0.8323812604221146,0.9110852963532594,0.9171000218026255,0.7584999583232552,0.8829616283960477,0.8109559850141612,0.8613224600520895,0.8754332049771186,0.8698797384816062,0.8593791850536657,0.8305555969648794,0.8049931498771734,0.8657269965705953,0.9275629643290371,0.8848413683507869,0.8746422898184969,0.8570058495915938,0.8303792521279557,0.8288726055029898,0.8236005782163985,0.8576137950968923,0.9423014920267188,0.792630625745355,0.8405101205280372,0.8627862338009064,0.7845720123064368,0.7588417799433937,0.8940062302105586,0.8117460238425902,0.8710714593865829,0.8504328845725331,0.820522536442379,0.8593077385753762,0.8439946146552169,0.8711012316038662,0.9156718717074254,0.8941260262688701,0.8702994067730284,0.8605677076637824,0.8149659938837779,0.8870491758064852,0.7611864726516893,0.760223273045903,0.8064516175612829,0.7078311086728717,0.7864751453256065,0.8959623541865305,0.8169629081338763,0.8362260283653488,0.9112173613925632,0.9226451222633197,0.8571994764328303,0.8443955539474929,0.8157171498566362,0.8311351615509217,0.8723852700632102,0.7952544983722218,0.853680620461752,0.925387233108188,0.9269315593424352,0.8027912270807859,0.7714042647128061,0.7870215539054348,0.8520124386002353,0.8033567402031486,0.844344714382648,0.7318677988563581,0.7650258220782442,0.7323312825937205,0.9242048306698019,0.7890804510134942,0.7306350554999279,0.798346315597941,0.8265915582061932,0.8308777274276069,0.8466047875771646,0.9041190996205201,0.8448106420769242,0.7356302136279256,0.9087714114906388,0.8439950026956737,0.8549229474689863,0.8231785610795256,0.7968326010016981,0.8016740312147599,0.8508653818148694,0.735595381150984,0.8982735764299312,0.8435366818300982,0.8801775847488068,0.7718232606388622,0.7302141339422566,0.7757638501532619,0.7817670087959395,0.8841767629321644,0.7925578973669078,0.7718677724751636,0.8031011666056777,0.8819066037771415,0.8457047093426665,0.8479017501998984,0.8542673212967044,0.8990187089015138,0.8397285819371941,0.819122051562047,0.7927688431154084,0.8498549251016421,0.8890702254690309,0.8205092501222749,0.8773868778704017,0.8544650183213142,0.8528571131754363,0.674635856523252,0.815339224071014,0.6719091603308197,0.9120349755863846,0.8095684271858683,0.8527900304600211,0.7316769196525901,0.7829010771012432,0.8905844061339345,0.8756953215477711,0.7582241055942124,0.8492206865906927,0.851280608403593,0.759199152943975,0.9293815183109079,0.8864635827925357,0.9335079060204087
0.841670209450728,0.0,0.8720042222326171,0.8091201425484376,0.7691432507951607,0.8803099402399664,0.8371108470716214,0.8514899653035922,0.7825220610925367,0.8932563392726446,0.911488144202316,0.9025113076631824,0.8390105175879548,0.8114976891652013,0.8526727729936695,0.8169476257767675,0.8128543376261375,0.8153444527528788,0.9054827353768964,0.8037621254844769,0.8678664741455654,0.9223894977493698,0.7847626305795352,0.8523060563167034,0.9250842828065305,0.7335249121119533,0.749138595167695,0.7790017214910275,0.9563226925308242,0.7724243294954419,0.865068666248381,0.8654671702072512,0.8649718090387621,0.7504560448661346,0.8482366653092668,0.8833562058639884,0.8648733222758325,0.8579833635180935,0.8365801877809865,0.8394231624547722,0.8765428810341721,0.8337580867322232,0.8065043620834481,0.8789121712225081,0.8423790216182543,0.7554585495129824,0.7678495741606404,0.885713974919305,0.8731878781855367,0.7973889387411738,0.8316537440509527,0.8039128786625106,0.8074292013363202,0.940715317150272,0.9332814502035572,0.8568894653511334,0.8176815488320708,0.8431392139626418,0.8028784168398426,0.8111635187287315,0.8568098203097716,0.7058894736114919,0.8355865077566544,0.7704558444401056,0.749794875427676,0.7346504156699253,0.760756749000867,0.8011549362936811,0.7829315131534462,0.8622328476563593,0.8066844216526222,0.7835183214971135,0.742800788399233,0.8395807508769564,0.8459624948822293,0.802069105185234,0.7548218181867203,0.8024019203284181,0.7287406959004268,0.6904288580198273,0.8396646371047035,0.8004086028082457,0.8643793671302792,0.8406364570947437,0.7755016850044594,0.8840534261805711,0.8118041633451858,0.7411956991587053,0.7957972772645832,0.813656121702234,0.7894115013553473,0.8077841528298916,0.8934665360976051,0.8056682345840193,0.8172632455039831,0.9300004390073813,0.8001777971936369,0.8177704308277531,0.7425785229260716,0.7618742523781664,0.8425365142824639,0.7531598704874269,0.7172256293923374,0.8524589871175993,0.8147735466148611,0.7261730060150267,0.7527497449104523,0.8143731961276992,0.8192913628645508,0.8756797029069929,0.873688994995536,0.7591869536520628,0.7892694799669744,0.7418117048266747,0.8028668976013448,0.7833481278153954,0.8360583407657797,0.8605416422840315,0.8595829571785039,0.7562729104119364,0.74815708037306,0.73825162206249,0.7796862505867769,0.8508579285593286,0.7724511741185749,0.9310515792485052,0.6686470226851142,0.8142241439816347,0.8978698695952039,0.8220963591958185,0.8166292053723128,0.7799966674948247,0.7135104930624993,0.8122987749540728,0.8634795633808617,0.7832273901816621,0.8272046345093482,0.8284688104375484,0.8333259205955029,0.8290815024754777,0.8645399108329426,0.8723697962824075,0.8492508366264893,0.8511539125696648,0.8935407244988997,0.7427416846101209,0.8491285996634683,0.7931109633198038,0.90877792158374,0.7275695957382796,0.8059123359892121,0.916436333588137,0.8189350746466391,0.7873250201378925,0.8710420832082618,0.8391911032300746,0.8331083828577956,0.8105141271541724,0.8356329730011556,0.7661988448613767,0.8348202229562441,0.8453113173812393,0.9485273833929291,0.8136997527456873
0.7637935985557933,0.8720042222326171,0.0,0.7314026284467419,0.8162853924934569,0.8862125566620775,0.785754097152264,0.828962705286073,0.6699636613084712,0.8917300870951197,0.9133888742775575,0.8724082334505349,0.8876755062010049,0.7319352548641301,0.7420822405577104,0.9546152137754359,0.9151696268341857,0.771645230453403,0.8153236287277214,0.7340298264749965,0.9226063488374994,0.9022138905702597,0.7747664181188814,0.8246733438974887,0.8548857078307048,0.7913599565398499,0.7454152968298695,0.7730945504342189,0.8997250394392512,0.8491823740470621,0.7102849909922346,0.9269007891130112,0.7478891468648438,0.7282904967662523,0.6981088225647903,0.8061630994668265,0.8434997940468596,0.8089331286025679,0.7705638508240358,0.8485766131283122,0.786512860856212,0.8739553872598621,0.8214987083236448,0.7963069797350385,0.7974373904787934,0.7807640418081745,0.8338667952367462,0.8671821475553396,0.8292034478712262,0.7829548707946038,0.8398586084749877,0.8085997255098184,0.7198277038021633,0.8675604672115995,0.8775990750301172,0.8100078060288685,0.7998417179372097,0.9037807332481382,0.7465371934227397,0.7940949904338732,0.8202214640519295,0.7493449560504867,0.8611264215825882,0.7199695297176687,0.6710007088653639,0.7287109953625618,0.7131268370663523,0.8307313796439758,0.8133026654022212,0.8241080715027851,0.7801545462750255,0.6729461869265358,0.7088433196526619,0.9129004032631042,0.8652079796779949,0.690938168431396,0.8885477639550318,0.8886392605855931,0.6954597128513748,0.7321794442504991,0.8568423595628949,0.6993031482407921,0.8802612842972881,0.8047167079269545,0.7725434591931202,0.8139814336885379,0.762141097716394,0.6952263071265476,0.7630527013294098,0.715050085736823,0.8124427312338715,0.6731063658528443,0.8720235019361754,0.7268750057504949,0.7472330898934701,0.8172648634929689,0.7063720280354746,0.7400679294344708,0.6488633421186246,0.729381905342371,0.6899331744411126,0.837893266028094,0.6573839512276919,0.7449766060539115,0.7324268177857777,0.8322800950246818,0.8657406937683275,0.8220131834790183,0.8339313043251282,0.8718846663844206,0.8402158982439825,0.7200869135284218,0.7516091992479758,0.7549695415704307,0.7465471696525786,0.8261979185127297,0.7543161232874271,0.856226330464502,0.8773063903211685,0.6880718627150322,0.7473661089711828,0.7032305118637588,0.7353233442412733,0.8427492727653476,0.6261644543807364,0.8740295416052347,0.71811385151402,0.8708858049591977,0.8683534710409667,0.7610159647671481,0.8064832280087247,0.9294315118995206,0.6643319512293825,0.6711612825442627,0.7647441051718796,0.6956166603467022,0.7971325230725997,0.7317252364601574,0.7858416522598315,0.7696517895246638,0.699051328101949,0.8957507040572318,0.7580650746433535,0.7816225018534109,0.8481061915942485,0.7154240055136237,0.8033929025644547,0.8731925543646181,0.8685336179264448,0.7842406906291087,0.675763292528097,0.7566179426899482,0.8107764060531374,0.8934897477954193,0.8326552773520465,0.752750562512952,0.8100726365024628,0.8742272473065174,0.6637518980782031,0.820599332896515,0.8108637510075334,0.68840931851596,0.8319964772078161,0.7632607837503518
0.7640414671182155,0.8091201425484376,0.7314026284467419,0.0,0.7077062853537468,0.8256706368960852,0.8641466696018878,0.8055004322775926,0.69720973443092,0.7603596034141942,0.7886515802916544,0.8274475036796848,0.7336196252908838,0.7171483727987262,0.7736165164337977,0.6903751685276465,0.7325276343737833,0.735381294095001,0.8335419275170117,0.6438564541449657,0.7770245183823807,0.7449357922209847,0.8028163072735071,0.7360456235861478,0.8368770279345702,0.7635751120761164,0.7302556550371053,0.762629484682141,0.7622937787626396,0.6867901307047937,0.7660045287972528,0.7384727643777583,0.9443310706224715,0.7762029082258485,0.7748635896215398,0.8075226627665547,0.7702805538524523,0.725756490783659,0.68250704249023,0.7956353871188905,0.8401088711455089,0.7850428032557535,0.7164634171698429,0.8285523837941966,0.7633188939542898,0.6934794896425789,0.7058633894307559,0.7456838484853884,0.7846390199922865,0.6869729834716659,0.8181401826378256,0.844395484503618,0.6895568594978287,0.8791694742693541,0.8154286946035283,0.8049845301901478,0.7097005281911027,0.825382836458408,0.7070103015967242,0.70737007597654,0.7567274462606325,0.6582538789275298,0.815360074806829,0.6413298687094687,0.6518513313460377,0.6541667027840314,0.7229840685963521,0.7199077877194907,0.7031430979352289,0.8275056464251662,0.722550073814925,0.6641945751262701,0.7530767613780633,0.792537590471929,0.7379875880953878,0.7047731654844074,0.6947654344120838,0.7466560330303954,0.7108673537973544,0.6308672913580877,0.7449972573941799,0.8034314984916776,0.7339858762923611,0.7486997061574947,0.7876607299740357,0.7787042387266008,0.774866367930822,0.7133722863466492,0.774382088792418,0.7101212768883057,0.8205036124195266,0.8646444289747509,0.7537516511147965,0.6858429099745694,0.792933891375192,0.8546280180690786,0.6468273363553234,0.8744025881952007,0.6940281708247406,0.8202350286224717,0.6812953688916347,0.677112944941294,0.8756512552390723,0.8650312452179187,0.7820943861306296,0.6708269836961794,0.6746653836349774,0.7728138175966561,0.7420267965398419,0.7219164832743676,0.8731572603963456,0.739841257825458,0.8002900513443424,0.6806754726467141,0.7919610335951089,0.7796253191439682,0.8004588407644978,0.6671911175112439,0.871422837842693,0.8459974794827173,0.634157173179244,0.9030992148933484,0.7147358514274219,0.7875918405001036,0.6612009005147026,0.8073809349224965,0.6964944410284186,0.6982506602938571,0.8177414765406279,0.6817645224291352,0.7127444838975486,0.6644112063648647,0.6264022127793067,0.7848889183469671,0.6743283096064663,0.6164735580755515,0.6600184581333189,0.7683348220375861,0.713924730751863,0.7050008768361505,0.8934344203276681,0.689798211968071,0.8321501904720491,0.7615476365369813,0.7388191034517414,0.791765310974475,0.7392969972161367,0.6771233418447304,0.73676187235522,0.6001025964798401,0.783550612321875,0.8150298533019631,0.6826799256932563,0.6692321208732667,0.8803227693342082,0.7082638278546678,0.6844153074189133,0.8093655044179766,0.8765768633849456,0.7850209670855931,0.7655286239154961,0.7870170518485071,0.8293905408898641,0.7540668281932759
0.7995199048030359,0.7691432507951607,0.8162853924934569,0.7077062853537468,0.0,0.7422927445627923,0.8584568865755994,0.6740182133001577,0.7376741569410379,0.6699094810831194,0.8539594824787191,0.8212006825621768,0.7395063134687976,0.6972576015287487,0.8445871956974448,0.8241921163462701,0.8014670694163331,0.786570725210224,0.7670247501212158,0.7089968267129261,0.8883841175908521,0.8754245980106699,0.7722764742894611,0.8669244346955364,0.7364271027176801,0.82389303470658,0.6794588387310034,0.6498275045496982,0.7634347381661937,0.9018977538317238,0.7506631038144258,0.7717412243097885,0.7618475366799659,0.6662759738182898,0.7489289373117304,0.8002693918916661,0.8062070074673892,0.8083070202452616,0.8264965652928893,0.8393883946952452,0.8382225535447843,0.8228156068670142,0.8606649183148436,0.8642231330670045,0.7122571741247672,0.7575559757926625,0.8881560612309142,0.8472571108014791,0.8373261648593853,0.8490985041619412,0.8902760578459281,0.828375518316268,0.7444729465968916,0.8191469590749137,0.8156970285472946,0.7397365641379775,0.8424641255859727,0.859341388248718,0.6986313678460984,0.7895685401097141,0.638496171335338,0.7558585204989483,0.8445064846913314,0.7113015035569726,0.7669212077331745,0.676729519301152,0.6531400692800049,0.8473277592636682,0.734378674382372,0.7288245756098629,0.861196833773296,0.7251276061464078,0.6625645516505777,0.8178620272039658,0.7065393617398065,0.6686157678206804,0.8004655872630627,0.9284015273956496,0.694686978355,0.7221354512388576,0.745713386240636,0.8055515696528148,0.9001294200069188,0.6636465767341557,0.774787968598206,0.7816873399652317,0.6710701500400559,0.7238511944909316,0.6391154434113797,0.7191868013279102,0.9186308614554346,0.7237040099066514,0.9126271399264593,0.7328201446907617,0.7942055455604137,0.7763219090677793,0.6538586644191928,0.6684836519997276,0.7547651335205517,0.6474172167000585,0.7086378192471467,0.7075475785485057,0.686257401605732,0.6885039697560099,0.745864585311489,0.782935365279841,0.7085990342347721,0.6840348756180616,0.833451105867131,0.7810197997107748,0.8310048717813503,0.8322609361617462,0.6636755222183139,0.642314791763082,0.7606573647948308,0.7994447057136922,0.6736749819918592,0.815665005079488,0.7455367335784554,0.6668496537012886,0.9229714757690036,0.6894303225061336,0.7033941491534189,0.8810463268192104,0.6963880816845512,0.7753680910280147,0.6842974502689402,0.857361625589726,0.713307649603828,0.8032963425550547,0.6833327335554747,0.8132776832759093,0.6084901607203562,0.7638806260279974,0.7336209534640855,0.7922185742946264,0.7976466295019982,0.8437737050187866,0.7160514907816099,0.8403099685395998,0.6658251941685005,0.8089926317221242,0.7870128227235691,0.7721272023266057,0.8406603195453928,0.7481376019453299,0.9322980164534435,0.7449907911305349,0.7227602632473554,0.6569536128130818,0.7256654369366227,0.7285879226163976,0.8252219094943288,0.8196790490409948,0.7633244704767,0.7305811518651474,0.739488478087654,0.799052972062716,0.6997560770348005,0.7942293134387598,0.6636727642728296,0.716094386004307,0.8016511668772215,0.8818776880935375
0.7826880179529424,0.8803099402399664,0.8862125566620775,0.8256706368960852,0.7422927445627923,0.0,0.7889234266551105,0.8382844315267702,0.6801069442889938,0.8507896167734719,0.8843004052564402,0.8642010356556918,0.8724669676456156,0.7122609093019417,0.730016586262158,0.8535275987863994,0.8412297394264142,0.728488720282992,0.8365363305053777,0.6923220190358342,0.8716497364971607,0.826548249816305,0.7202944598872858,0.7959083359150807,0.8789261497888051,0.7839892964897991,0.6754754618296778,0.7780505832751644,0.8657047306892566,0.776222752322242,0.7305106607548767,0.8661589834554712,0.8281416098634682,0.7436196315209983,0.7152176167154229,0.7560864723847819,0.8647610937998744,0.7601651133983274,0.7209895881804309,0.8004932021235475,0.7930909571205627,0.8649229254155896,0.7496626005519458,0.8387999125654404,0.7632105512698244,0.7304459585996581,0.7683279878310357,0.8589922234845203,0.7762670551505365,0.6930829421790601,0.8175279168768748,0.8647629816659448,0.7035733101652628,0.883692045526977,0.836285412779573,0.9204963836688018,0.7572934267484265,0.8856808293745893,0.6838025489836193,0.7141904953719262,0.8760958082959491,0.7079484284624766,0.8788045742649474,0.6303138381632831,0.6426084872549913,0.7222384775258952,0.7344951265668885,0.82095445822983,0.7132638651026907,0.8530667132448551,0.7754541508606335,0.6411564826138682,0.7345461645884113,0.855807834951662,0.846930526396819,0.7486200473031561,0.7975344240721843,0.8356527379415543,0.7056280411728324,0.8158436563566296,0.9477708498476898,0.7200611952716398,0.875836446009654,0.8589910795530136,0.77164944985111,0.8158436596333504,0.8405243194921789,0.6539052373170251,0.7939301234339603,0.7787469051363951,0.7829897990823975,0.7227272229974958,0.7873132059673666,0.7532158576981576,0.7483163848011073,0.8825360022230454,0.7002968697901104,0.8103613171286537,0.6372115464930309,0.7705915416645578,0.7007784507166135,0.7495640074404359,0.6952930333946525,0.7838936365778001,0.7299624072653972,0.7642056689927512,0.7737476312493778,0.8258069869491949,0.7656200201272062,0.8708045773446579,0.8715087639909675,0.6801434750983402,0.8528814018016175,0.7184124312935058,0.7761859413777782,0.8431363084670827,0.8246685230494198,0.7293133100206606,0.9219315877843771,0.7607390503987297,0.6751239424038751,0.7807857909034326,0.775114815502146,0.8771918649968764,0.66440612531797,0.8935496339049425,0.6855533905926579,0.7864001662108032,0.8629373562394645,0.693114176378499,0.8051378737835815,0.8550924195197785,0.7103664097100096,0.7381482525451816,0.7333663483014589,0.6697869196758158,0.7707801578321065,0.7095261866440277,0.7030934871520178,0.7126603257734465,0.8058255976946894,0.8182109271619994,0.7603529973248844,0.7250234228291408,0.8248927743856544,0.7066296950344706,0.7806957409757262,0.8428984331709642,0.8118231736220146,0.7063726937965841,0.7260880406137873,0.8189813042032732,0.701247156333229,0.7349853826634294,0.8837152005667864,0.7684948711568058,0.8177643946364932,0.9355584437411255,0.7511981647237657,0.8449284226473542,0.8436318169492282,0.7796996793137201,0.842833977448655,0.7794100476341616
0.8222829699205287,0.8371108470716214,0.785754097152264,0.8641466696018878,0.8584568865755994,0.7889234266551105,0.0,0.7221788874822932,0.7231691243679456,0.7556163898844451,0.8267470547288239,0.8464681972422385,0.7626898254916876,0.7676083390930487,0.8927399053745458,0.7416579045616383,0.7537387553001721,0.7885785449817712,0.8032428905932585,0.6967451531339388,0.8594477238885425,0.8408136300982086,0.8245848293303492,0.8526559419689375,0.8291907514749344,0.8406948051419566,0.6942568240945111,0.6791008022192647,0.7984527229319659,0.7399265759907551,0.8250191217816192,0.8072810249948799,0.898173774286236,0.7611886958436875,0.8245136324105852,0.8779324148744018,0.8486472324185731,0.7571610509529878,0.7859605665607021,0.8869913514997984,0.8716416972626811,0.8162487189431464,0.8356821681516161,0.9255475794968788,0.7979937148650768,0.7664248799622329,0.8581013691160635,0.8515794686667519,0.8989610548067173,0.8124773439192098,0.9351108104896597,0.8578810474875672,0.7480173438592931,0.9200107316450369,0.8919114701940176,0.8274607812932809,0.788529655874649,0.8120356838509248,0.8065646284208241,0.7900700744080073,0.7095769089378661,0.756580942699699,0.8345611761386005,0.7301920194817745,0.7827638142940492,0.7119221730018472,0.7753498293566363,0.8632281516717066,0.740009395528268,0.7597267703898339,0.8583933208796126,0.7620063643321756,0.7487202922279813,0.8570553972269528,0.6866262936547594,0.7585203700005049,0.792372102365774,0.8745681118043132,0.7026048870520796,0.676320178225245,0.7589476778457347,0.8803911478380779,0.8285839434347808,0.6848621567992002,0.8101184713459769,0.7760097783592137,0.7363566903159054,0.8147456866270949,0.7247338894423795,0.7579462779797052,0.8908780366849036,0.9036599818002639,0.8751434972510552,0.749333873321679,0.8680773698970128,0.8806198943300246,0.6861488571964648,0.8082160422221274,0.7988961868374671,0.7977956382989477,0.7674541726956141,0.7280336743287996,0.8597807931528815,0.8077459513204471,0.8027785187960848,0.7356840323737942,0.7161525059320296,0.713208206105352,0.8661179642173026,0.8088785690264981,0.9380948124746322,0.8378898099730316,0.7846752572854385,0.6219007592357347,0.7964827882391794,0.7619268198829009,0.7524865740485451,0.7909354063134261,0.8467668537935098,0.7496771665307891,0.7834832384144161,0.774380021812462,0.7406637745260678,0.8846971236015191,0.7265996353944361,0.8337151594080193,0.7441368161964429,0.815404728546639,0.7962597743383163,0.8168555419955673,0.6668861493352665,0.7095322623474779,0.6081653235226904,0.7853936016721984,0.7537340280924236,0.7576225842864948,0.7382095236925112,0.8928821779924375,0.7491013620323748,0.7903614481560578,0.8165642789668341,0.7887926472726231,0.9041477490220551,0.8260548267806659,0.8506170020532464,0.8694299264878546,0.8559691430035129,0.7226984568389841,0.7626748698320803,0.5909810096070965,0.7969641743943909,0.7968848986147822,0.7457389122986109,0.8174816371003252,0.8380031087918223,0.7755174626328749,0.7237011282157486,0.8182121731528855,0.8510814262368352,0.8396616194945986,0.7707155063919555,0.7850250063965896,0.8843673207968793,0.8215530372283645
0.7874527760157971,0.8514899653035922,0.828962705286073,0.8055004322775926,0.6740182133001577,0.8382844315267702,0.7221788874822932,0.0,0.7343445263198707,0.8412895984421077,0.8468648567151096,0.8447108758907125,0.8428842555953956,0.7459444063144682,0.7449998004000881,0.8164038848835284,0.8130163084946506,0.7905091108826788,0.8734741394280829,0.775597321419241,0.8117179065402588,0.8045865885938395,0.7827508438664852,0.7450963568608843,0.8877944880683871,0.735204555832931,0.8038687036754182,0.8483900987599159,0.8124693444080293,0.7446349733511333,0.7913099350429271,0.8468292225090123,0.801668448011459,0.7920456171686302,0.7617166813336119,0.8298268004256701,0.8157146835521687,0.8447864511783355,0.7428521649941513,0.7755462439230907,0.7915566109378817,0.7717917590359448,0.7924219277810072,0.7619151689759397,0.878846098948605,0.7784319581275398,0.6994683090506961,0.7872279405251743,0.7956475923700498,0.753039897701303,0.7832217490245794,0.7757017635159899,0.7157701203875649,0.84641027932916,0.8552617693532425,0.7674744089193651,0.7857155186943456,0.8520503265550274,0.7368487171325012,0.7961475889420577,0.9022577493411095,0.7030526083852927,0.846306097011739,0.7197339952913347,0.6701229877713041,0.7533721402823796,0.7386625734411442,0.7268271221844665,0.8112255145491081,0.9438009535864319,0.7377472843939537,0.710737610870877,0.7459134070448792,0.8359833864992254,0.8935239176642799,0.7408107306392485,0.7603758053624856,0.7126305052118658,0.7969395231052061,0.6246472680651948,0.7696357071837302,0.7421307091447884,0.7534432046620354,0.9020153410502274,0.7957896569594927,0.8792897510794008,0.8763664485757774,0.7288108605722458,0.8844035131405215,0.7429740209199923,0.756991951404865,0.7293421241338736,0.7913546040120809,0.7464406071049388,0.7388717462706088,0.8181883275642047,0.7869464133998567,0.8155854970060807,0.6596231051070944,0.7936779471030777,0.7286108455162731,0.8502113905661294,0.7320434328553278,0.8179700404704819,0.8280804725372862,0.7587272698713374,0.8130807992822587,0.840229276456229,0.7610539593201404,0.7663582852713939,0.7964774935316264,0.7325259224015114,0.7728830725487126,0.8178413158748595,0.8155552046494233,0.7824169686098033,0.8216854466297552,0.7802138249487381,0.8234675886414075,0.7643569968574997,0.658424585824646,0.8507012720196988,0.7413879352353927,0.7587879640415358,0.6565721582360781,0.849140813782049,0.6812557731582487,0.787493592958671,0.8770991638434165,0.749541322025106,0.8228137313655728,0.7779607778408693,0.7497667094192515,0.7279218847421145,0.7804886602904244,0.653614895284796,0.7600524915508141,0.7360593538892855,0.83453323814952,0.79013384900826,0.8075446947868993,0.7856246855744339,0.7670256166837814,0.7904673038392749,0.7895994232746728,0.7349627480822066,0.7458973390737569,0.7443916675223508,0.8682254559534447,0.7355716953513578,0.7867389251048392,0.7957223437252517,0.779660769730116,0.7228348133363272,0.8536477708434173,0.7978688611813989,0.7723969763710187,0.7797992543859876,0.7371541936052528,0.7523403543357967,0.7819811256786311,0.751817921724395,0.8652335802936817,0.730032335227635
0.8846565924472706,0.7825220610925367,0.6699636613084712,0.69720973443092,0.7376741569410379,0.6801069442889938,0.7231691243679456,0.7343445263198707,0.0,0.6430781920054641,0.8030179565613976,0.7029621289289154,0.7183116645438999,0.8381422182290398,0.8060705530830502,0.6826554277116827,0.696184812802872,0.8675765106943483,0.7660448602151331,0.8236721421575396,0.7111450053155849,0.8327209540084932,0.7116716343162356,0.7186876183362195,0.7446168350220408,0.6437042084941557,0.7643994633548351,0.716597885826162,0.7035739175239029,0.7641340500850768,0.8312112994745029,0.7116296972170006,0.7269599221224506,0.6296469485001785,0.8944483500559935,0.7785433137220423,0.7634031372253428,0.8790220152468771,0.750048249773986,0.7173299674159113,0.7344595687010317,0.7738079748130071,0.7466052938378201,0.7574205529391375,0.7274772677182986,0.6690152784200293,0.6594990382731252,0.7382804890018281,0.790787083194594,0.8144290723695506,0.7461894021931046,0.6919709950871856,0.8183544286636601,0.7422741867531375,0.7512039857580693,0.7238739150696019,0.816508912567956,0.7247910409073647,0.7531676532454757,0.773636619208609,0.7061828338356806,0.682208415898631,0.7525468881273882,0.7797485452724965,0.8206514224931855,0.6877898078183476,0.706474470152084,0.7233470925437641,0.7841331923078408,0.8284413841759708,0.7976703506473681,0.8480435550153455,0.7718533426431734,0.71242007916399,0.7653489606028189,0.7462757711991435,0.647417949046996,0.6520619979025036,0.673364098569619,0.5876689441953782,0.6489616910294876,0.8732243684131504,0.7357027721205951,0.7259416104659058,0.7524730165190641,0.8183173482162301,0.774991918448248,0.7914157019789334,0.6893266033385873,0.7663586881127977,0.788928793206453,0.7606493589546093,0.798242189448486,0.782937551307069,0.865788183483452,0.7382497599291113,0.7681008280578083,0.6619611886101806,0.8531315680888688,0.6560736137627015,0.8219200918375206,0.6514942508029172,0.672275908699236,0.6749808383921758,0.8678440010983499,0.6257544882338308,0.6003893079562637,0.6768587245028094,0.677368755094924,0.6790907153726404,0.7089026605531962,0.8168976459209754,0.7081609011229176,0.7710115889211159,0.7572975942794172,0.7124788050587083,0.71110749041397,0.7674617055722265,0.6531165149714665,0.7806790558919079,0.7904670587742885,0.704700621292289,0.7220689947793157,0.7092158769534109,0.8970388581026331,0.6846195811601282,0.6483184599224893,0.6871556518692443,0.6622914158954877,0.8006563369314093,0.7825619298071446,0.6791995411823317,0.7696806281121963,0.9192893509706084,0.787386248513541,0.8025138304257698,0.7260090901081698,0.8041776757499985,0.7454770209958295,0.7987179924531788,0.7501343354099599,0.7745689481114223,0.8311466898597509,0.8472410199497316,0.7590739828665573,0.7143162642182954,0.8206136110991903,0.588524990757424,0.7185179002787975,0.6439122761707884,0.8480543422155359,0.7896076934843257,0.8505466918085636,0.6296608231812926,0.6706988777875822,0.8040958344372174,0.7635558304761809,0.6241987123613638,0.8098135621791004,0.7006126787738922,0.6203095747276739,0.8600351178709472,0.8100016838646248,0.8600862540938824
0.711602498205286,0.8932563392726446,0.8917300870951197,0.7603596034141942,0.6699094810831194,0.8507896167734719,0.7556163898844451,0.8412895984421077,0.6430781920054641,0.0,0.8217948366464813,0.8380367900643539,0.8166571576633872,0.7422752164431043,0.7030315219488021,0.8046511898185468,0.7986762129801483,0.7222830146659199,0.8120551646022,0.7019214279320083,0.7944555281559269,0.8109809034433028,0.7577287003941112,0.7249082635171255,0.896047344651158,0.6824517371776323,0.7468131563267166,0.7785685618279531,0.9276467913884772,0.7030656913804432,0.7227427371213032,0.8757369746782262,0.7608643579949388,0.7390940027705168,0.7079979596103974,0.805285654179057,0.7757159351614947,0.7437142018600819,0.7039011529782603,0.764782022504672,0.7473884557748313,0.789891850798631,0.7284174546353714,0.7457153085503291,0.7983301236669788,0.6998604232438778,0.718502727111298,0.7849259349873074,0.7916205991259158,0.6978167312292335,0.7447328596712164,0.7214052295838458,0.6857328399469368,0.845279434352397,0.8691702510017935,0.7894581011598406,0.694263054482175,0.8001600784020502,0.7753404660237648,0.7265071421378602,0.8368642849616714,0.6675547161806328,0.7549435647685364,0.721686349954732,0.6251408546860319,0.6769588492175297,0.7121736344628142,0.7252077966491252,0.7872040697914093,0.8095543272681717,0.6785102994683885,0.6658139003908978,0.7091940045101838,0.8136497114472664,0.8234745057446928,0.7071301519289825,0.7519891438416825,0.7487101897762257,0.6536845108605498,0.6295196355791056,0.7909602325549177,0.6605060044314452,0.751809065623834,0.7978036423647578,0.7113147908774581,0.7602625436501628,0.7586783270331271,0.6917727602806683,0.7989128778770073,0.6699785872441507,0.7079712797939327,0.7157223923359675,0.7879338867546828,0.6719514978989076,0.7077615562041737,0.8409151224240571,0.6971442896958324,0.8042410314732459,0.6333393135186174,0.7552179167345827,0.6984024181381782,0.7769696598411562,0.6903548020020835,0.8329237114443596,0.7179054185155251,0.7017663314394683,0.7844373615918567,0.8288775420333158,0.7556062972240751,0.8059378201110472,0.7985191387195504,0.6569009560356478,0.7569456226442305,0.7470889516241583,0.6991207788474288,0.7149850621887942,0.7885397114123086,0.8104541367931417,0.8756284446175524,0.7114601051613061,0.6184287568569524,0.7013739447797269,0.7020518518625838,0.7360926561966925,0.6210410168155618,0.8718872089823576,0.67332000023781,0.7443068926443204,0.9123076058798374,0.7095900637582592,0.8012357147740425,0.7529617258718818,0.6350926145336322,0.6405982834007683,0.7423183512455518,0.6358512570944992,0.7155965374561635,0.6888605372944814,0.7890985785593558,0.7042454711785537,0.7767416974710316,0.8226438358375895,0.7419526502958766,0.7806812569597733,0.780633395563003,0.7054693131192994,0.6926379174372401,0.7876397979090134,0.9070708069547373,0.742670092638169,0.6664639147008469,0.8040187517023288,0.72170962096375,0.7989565380138004,0.8303465243477562,0.7179606732139729,0.7294892677894815,0.7792277187527062,0.7047267122043265,0.7328622886790445,0.8597046643458796,0.7007681875270876,0.83721621293622,0.6619477437053348
0.886379954099744,0.911488144202316,0.9133888742775575,0.7886515802916544,0.8539594824787191,0.8843004052564402,0.8267470547288239,0.8468648567151096,0.8030179565613976,0.8217948366464813,0.0,0.894191894122092,0.8964000699327997,0.8015449531208818,0.818701429655775,0.9165687474662089,0.8945485292257968,0.8527567096288553,0.8739271443058715,0.8227288216104823,0.9257163863552321,0.9555477695158878,0.8169848548153417,0.8853203734508811,0.908716752699464,0.8204777460718702,0.7882056630354706,0.8177577340619464,0.893396146473007,0.8756760063601529,0.8070229510272623,0.884038680728522,0.8043638362081225,0.7575600658337232,0.8294084485627174,0.8444816529061279,0.925399937173996,0.9120518521751466,0.8238397987506566,0.8767760864916874,0.835680101333266,0.9221123725072256,0.8502728697004603,0.8838407833860211,0.8322465185344369,0.7670356277247405,0.7963429213013753,0.931550199222642,0.8978339266563087,0.8215468682867063,0.8610723162652659,0.8465270854067675,0.7454715808463485,0.8979749665755599,0.9016042697909199,0.8599824943702893,0.8715654146238203,0.919187416343006,0.7649915418988001,0.8073507400217275,0.8381790098901734,0.7148574880637185,0.8930829306613951,0.7650867647661952,0.7326444284799573,0.7409767556946875,0.768545107275947,0.8543737017300497,0.8307298444344343,0.9125719664255251,0.851213242489918,0.762129785193573,0.7859698573322341,0.8944168284493688,0.8775971807315998,0.7485675648590397,0.8362159770502168,0.8672118690962874,0.7425142140605067,0.7477587671259157,0.8404089693200498,0.7996172486938056,0.9044637049283136,0.8573169070177977,0.8346160005746476,0.9094965362707671,0.8619638546003153,0.7340978397325448,0.7626768874065792,0.8210162672377894,0.8745128616141382,0.7367607096526284,0.8972080782838268,0.7990428945555329,0.8384598406294687,0.8776436690838814,0.7334650934944787,0.7777192007594708,0.7420869302136606,0.7355238762480651,0.7957357695021325,0.7886500654845492,0.7039908236471398,0.7743778820791476,0.8128226534983443,0.7931202963705053,0.7647590922331929,0.8514984481209298,0.8060737698683131,0.8961314749338929,0.8872649612676929,0.8143062843091787,0.8069745191910032,0.8029787164500497,0.8123647654774707,0.8673070628387625,0.7940284197497199,0.8716681936997681,0.8710601025936484,0.7742855129307928,0.823454344469461,0.7492978434263985,0.8260585076694589,0.8760253000291478,0.764242677035017,0.877568179685625,0.688465758457504,0.8546658724513179,0.8565501503291888,0.8133611447568224,0.8405971011776813,0.8788130581628525,0.7712774829263483,0.8292350836578881,0.8503676100342844,0.7687492803746204,0.853116910101743,0.8259807673111537,0.8381953398854896,0.8286116573712388,0.7755639640681684,0.9098400424750456,0.8165327376226936,0.831806732868399,0.9261586673665488,0.7678929786496774,0.8852257997706884,0.7663960677761068,0.8757301081474997,0.7641469732000606,0.8119817342273835,0.8130761890723266,0.874039559000672,0.7953937225339784,0.8598557791719408,0.8525481645638414,0.8989904914384358,0.8571232910037645,0.7861391235630001,0.839013667778656,0.7601698978218051,0.8274496183805372,0.8893690668745442,0.9109816369059615
0.7774814026080078,0.9025113076631824,0.8724082334505349,0.8274475036796848,0.8212006825621768,0.8642010356556918,0.8464681972422385,0.8447108758907125,0.7029621289289154,0.8380367900643539,0.894191894122092,0.0,0.7705269603588506,0.680415835074909,0.8418930106458972,0.8333432947924697,0.8102275572757438,0.7446438309292714,0.9415909471968645,0.7375393894069417,0.9163554341641043,0.8602449130050147,0.8214394670702043,0.8712423073002352,0.9095457167639491,0.7949187932448412,0.7030546291509063,0.7405152132602139,0.9065729301084297,0.8068452114668201,0.8472328038286054,0.8233188578773544,0.8742405153306618,0.8010541050739417,0.7834232843318437,0.8863817408741725,0.8377665691840529,0.8207253199053635,0.8678878713238034,0.8142620680233305,0.9235264822076827,0.8022591802586176,0.8457427582006769,0.9091997812569733,0.8246909628520145,0.7567026525086193,0.7982743969864342,0.8922606991922091,0.8513569344549432,0.7740168895384885,0.8486841346675875,0.8480703074862331,0.6981987662184693,0.940352821644575,0.934176181471082,0.7897202587618569,0.7967761054384964,0.926197428179113,0.7077301498282929,0.7665066003112055,0.7687692773852483,0.6747129751682058,0.8544163648862046,0.7155300768453458,0.6896176636074319,0.6835364295863,0.6784274864322652,0.7685368866209782,0.7285242405370193,0.8317159215916007,0.7750993858268275,0.7023734037267186,0.6722282911376126,0.8217864284629955,0.781785151234943,0.708676478356019,0.7590123111725452,0.8615397486911952,0.7744908408051091,0.6891935988318556,0.8108860365070166,0.7725307514160067,0.8592923072081687,0.7840134154643008,0.7848559552298746,0.861583311183814,0.7766486063986969,0.6891626750389155,0.7456731461100697,0.7559772382734985,0.8211944864519453,0.794657022774811,0.887250546669718,0.7281713224571629,0.7315768157644031,0.9286544150340522,0.7179700607167833,0.8487811012151906,0.6910179278273637,0.7175336066191887,0.7480666664768013,0.7787001093399119,0.7625941449872032,0.9047239919476221,0.7659324498751096,0.7623937614907715,0.7694060313709828,0.8161760701791454,0.8148010098705372,0.8547935378325046,0.922677278009518,0.7756988873987101,0.715108600911466,0.6893387774910218,0.7892239658208358,0.7818520697357397,0.7958015577668507,0.8403606647457802,0.8770815910488735,0.7041764817072497,0.7459255695053638,0.7862853616313292,0.7483757401532946,0.869422324283529,0.6766324055149429,0.9517948289745914,0.6345845395425727,0.8539784636837068,0.9134191607841238,0.7584496035770837,0.7409786183690786,0.779039769062715,0.6307496030049482,0.7648810299881861,0.8135866224671654,0.7138766808076444,0.831372469494279,0.8171537430960696,0.8091211877024531,0.8658608067552366,0.807586249367327,0.802487709192789,0.775526259032608,0.7966191626121288,0.8894661014352627,0.7621846947404604,0.8701923673846155,0.7845216795583894,0.8891550240627741,0.717939989612945,0.7922615324066272,0.8404173426814275,0.788011279790129,0.7848735885644149,0.9616709352353363,0.7745318931106864,0.7473963725122044,0.8668404012663268,0.7649476027363223,0.7450248467872154,0.7569729491418692,0.7701023909849142,0.9188475984525195,0.8010459041182222
