0,1,2,3,4,5,6,7,8,9,10,11,12,13,14,15,16,17,18,19,20,21,22,23,24,25,26,27,28,29,30,31,32,33,34,35,36,37,38,39,40,41,42,43,44,45,46,47,48,49,50,51,52,53,54,55,56,57,58,59,60,61,62,63,64,65,66,67,68,69,70,71,72,73,74,75,76,77,78,79,80,81,82,83,84,85,86,87,88,89,90,91,92,93,94,95,96,97,98,99,100,101,102,103,104,105,106,107,108,109,110,111,112,113,114,115,116,117,118,119,120,121,122,123,124,125,126,127,128,129,130,131,132,133,134,135,136,137,138,139,140,141,142,143,144,145,146,147,148,149,150,151,152,153,154,155,156,157,158,159,160,161,162,163
0.0,0.5990777945825864,0.5345972044584444,0.5430277649649251,0.46797840757634523,0.5958670775798703,0.5477339148956284,0.49531017143081824,0.6460492470929673,0.5468164198878288,0.6149013882637903,0.5543455017369847,0.6519444146230534,0.5755865521270539,0.5843974082530611,0.586279239380647,0.6169341463108742,0.6808311297797734,0.5932824007004083,0.711448499157679,0.6202312987486741,0.611710546794123,0.5247492029195493,0.5796279407237951,0.6800288849135117,0.5649564289752819,0.5086028939091769,0.6328432447975885,0.4937331117262426,0.5360339226499347,0.6268153179786407,0.6425645702270297,0.5334953661729195,0.6045989150161525,0.6620749720669543,0.5368255729849429,0.653733436142505,0.6321655025249765,0.5413156212430007,0.5733564671580446,0.5384749543016601,0.6078090617022028,0.5677095027031015,0.6315844718508851,0.6008498065903486,0.6139429420779549,0.5043183561077167,0.5623470089085241,0.6468261826080588,0.584500087556232,0.6137028631834731,0.6137262801591574,0.53374137425604,0.5913383076773008,0.5635707514746933,0.601890494274675,0.6812550983426197,0.533566474604317,0.5763814541821413,0.562618498618025,0.5329183290160232,0.5031259655821557,0.5801088518846259,0.5069117564945049,0.6122850383626607,0.6559726178213093,0.6418009049002674,0.6287652571216472,0.5823711698399793,0.5441924478491219,0.683860339512874,0.5898400522197896,0.6463000908055324,0.6354807744211729,0.631512860097245,0.6586076241927389,0.5352274920103153,0.5228833774779642,0.5888990509894683,0.5186349444694016,0.6117449541407886,0.6287229291044529,0.6131555813643735,0.6076946931227332,0.6145326330240739,0.6768219078512984,0.5124269319288308,0.5823042405056917,0.617060515688181,0.6337532073580397,0.5803088037075484,0.5600972811601854,0.5649858358200315,0.6877601796298215,0.6173293680525276,0.6009764219414119,0.5235750174507189,0.5767486805691558,0.5002418910775775,0.6273991346840005,0.6096241743154426,0.4386059269453823,0.5378109342485401,0.5100018807883684,0.5995912014057849,0.5932252782740527,0.5556556484357966,0.6052104183150243,0.5641694390292903,0.5922560421094942,0.6300189941788469,0.5913874025455279,0.6648287312134337,0.566037531696002,0.6308952017674001,0.619596884048569,0.5976532812193538,0.5720006115672425,0.5628812946625721,0.5556122880768823,0.5727762721181694,0.4692975579805338,0.5970702660789007,0.6641104176637953,0.5801322475530756,0.5768199607939927,0.5243743610084338,0.4945379119194127,0.5673277533792371,0.6070968379636154,0.58547201478826,0.5794305908286256,0.5590213047673986,0.6406784390780496,0.6209480022350559,0.605074711352934,0.6371676740814168,0.5958986484464119,0.570622483085556,0.5726155705301917,0.562511786091672,0.5938469648044462,0.6013038804909479,0.5512923908571661,0.6739666341773884,0.6233832317675029,0.5968283353706506,0.5576056312754497,0.6097951016939439,0.44141423834238414,0.6572660710550433,0.5621036579685055,0.5759949741508389,0.49569222378005257,0.6109413817566767,0.6510603782942423,0.5908747098935991,0.6049063398052649,0.5614976029913161,0.6320502970221963,0.5493894993342656,0.6259516280532971,0.5267142821535807,0.7094484037377097
0.5990777945825864,0.0,0.5540412036088258,0.5381192253680241,0.4719443876964235,0.5608952200153374,0.5991805678617577,0.44807119575717314,0.5562292841275583,0.6728642928518949,0.5478585336619558,0.5787666233793118,0.5546052855153327,0.6116285027094499,0.5590298490528062,0.5396215604579899,0.6285927026276007,0.595329962085629,0.5756886805993677,0.5982887205460035,0.5960327043316179,0.6100603145421282,0.5639205101882236,0.5961711408600745,0.6386601975239773,0.49659768407472876,0.523416519867683,0.6008841140644517,0.6385587543591024,0.5121901506708936,0.5583365269027791,0.5814030120130237,0.5568239015385024,0.5792299928381313,0.6351246825345335,0.5650899267690601,0.5226819092579755,0.5798815555509531,0.5191142744776447,0.625776077302379,0.6115880899046433,0.6147964363510404,0.47834176334383743,0.5870439481316128,0.5443205738140358,0.5616051306248827,0.5335565520188327,0.493011408365758,0.6371012691934386,0.5485824893864524,0.5489151196895695,0.5805259362002727,0.5775581513638188,0.6056233699826886,0.5535194861124343,0.6347013176934683,0.5860120923625821,0.4993664928700753,0.6049436580055076,0.5753635564721159,0.46930789155534236,0.4808457710167441,0.4880521693552281,0.5523355210932652,0.5471726143170688,0.5270741835384509,0.5587324002922781,0.5175249206403555,0.5268236202905556,0.4601265251832604,0.5396294879696136,0.589412234869435,0.5510670239840377,0.571424240814435,0.5869930226002922,0.5908536746023179,0.47442214088905366,0.5591882763752097,0.5077535968584405,0.4929821593323265,0.5959271813027031,0.5448664461348456,0.6107009787038429,0.5393245943124187,0.5634126150848261,0.6409413670788311,0.42264373957680723,0.5126463422496004,0.5711154054447296,0.5971740720179013,0.5372772316492863,0.5928255598537717,0.5893294819186594,0.5934057104494463,0.6053631235928874,0.607878412080505,0.4746173044323007,0.6238670364332801,0.5184057891968894,0.6103754599299736,0.5909309636388324,0.38747934370163534,0.49661132787306494,0.5558145428446871,0.5310493059400639,0.5419272243259338,0.5230089163292285,0.6579955142608314,0.6132919553259394,0.6079151235718511,0.6009553735138754,0.5469293700573347,0.5451426646486972,0.5400449897347979,0.5656871527861068,0.6298694507028839,0.6168756487547196,0.5485904152021321,0.5940169625210266,0.5653761881130221,0.5550335930942459,0.4234124162353461,0.5623173049271846,0.6163023647540185,0.5452882820980581,0.5965155027922767,0.5273637638861041,0.4700532062444973,0.6686583682220629,0.5792391664525655,0.6250924352233697,0.5222974876925073,0.46659340820367434,0.5960561897883133,0.5432794540463562,0.5672390402503924,0.6005750997967245,0.6139216694368983,0.5803228556197061,0.5309254716606943,0.5342866551552696,0.6051989654675258,0.6371872155846908,0.5531001154077839,0.6284716851496365,0.5523455741190989,0.5630591031333365,0.5952726324341024,0.6684518089368917,0.493611815888912,0.5101906983303931,0.6251886246012566,0.5730952043293379,0.5691329645583848,0.6125065999540121,0.5214591634328484,0.5222922903058467,0.5837373273878512,0.5738112305601749,0.5479723375645007,0.6085961939010183,0.5992324825371514,0.5374458597093126,0.5869662570340661
0.5345972044584444,0.5540412036088258,0.0,0.5163929101071021,0.5214603350821747,0.5842221951218037,0.514590189059681,0.4996040381152113,0.4950555857972611,0.568906734113365,0.6236383103556402,0.6068774728938678,0.5878371727881393,0.4725007680119337,0.5668781212026995,0.6730203172582566,0.608796987283022,0.5403772737651199,0.5372135099722983,0.5149277673163527,0.6493162250443586,0.694315911968056,0.47874219267501833,0.5687038569588792,0.5661203320142424,0.5714465975762023,0.48475800659156415,0.5147515399964768,0.5206679628283118,0.5408599474334028,0.5223199535528477,0.5879328156880655,0.5315702993297491,0.5000056998611291,0.47793374173461994,0.5259223409860325,0.5616167667859562,0.5502589023763633,0.5718412584641396,0.5421137955743137,0.5443132544301981,0.5404667830830138,0.5696405304492822,0.5658255619561555,0.5510052421526607,0.56213049160864,0.5128930767498634,0.5652676448159996,0.5376313834715466,0.5459279828105875,0.5893724414595334,0.5674498510753483,0.4684878796846204,0.6250634201537141,0.5831748727337113,0.49473191723237175,0.5539830778477783,0.6029338753200167,0.49182677938663627,0.5140073022268067,0.5064890912389598,0.4745134497178708,0.5769824303942418,0.45356865783300093,0.49398929945514686,0.5261735984964943,0.517220953168508,0.5988785796388993,0.5598873206102071,0.5152005736980251,0.5838271725078055,0.4663562120682461,0.4813243554486435,0.6393185548425989,0.586001302396316,0.46790469713392324,0.573251684633003,0.5779337559333617,0.5239322749617032,0.45568737049712854,0.5532410118093439,0.5248969023880695,0.6227907062941159,0.5293219951485898,0.5074519508757972,0.575539959350785,0.4572994434427942,0.49063786776943935,0.5102928076506248,0.5203169922847434,0.5639457442566408,0.47287162714197095,0.5724220496132568,0.49643012395486114,0.5048033514596104,0.5807847201241839,0.4852741376044415,0.49280731975711456,0.42043372395925976,0.5163794642832532,0.4798153417735655,0.4595530658477773,0.47246761126541237,0.5039078339953639,0.49922446970255663,0.6038270010712148,0.5755891697060188,0.5312040697095661,0.5549206988737185,0.5478766757345613,0.5756362379135157,0.5033160533029808,0.5040093547461595,0.50239899741171,0.5230359946023702,0.5654792694249768,0.4732620384782581,0.5727445467305371,0.563773135596382,0.46246996067696167,0.5298051624319624,0.45881187609671176,0.45796546276451044,0.6061348147279633,0.4270210673440944,0.6311621697705266,0.47891497514033654,0.5486537622692849,0.5595068790892375,0.549339963993019,0.506264770630814,0.6330452420651201,0.4555841607361486,0.4896365390715723,0.5486277305905527,0.4952546225709222,0.5484470574410694,0.5217884311227158,0.5447705908206782,0.5408360104458951,0.48696348618417146,0.5339715292687864,0.5065152928093513,0.5136406462486692,0.5850986079114214,0.5084976053644776,0.6084785091782093,0.5980670724272212,0.5712316621113673,0.4281438665539275,0.49272006747756947,0.4821039275118094,0.5572821531834239,0.5738928676544025,0.598209475819231,0.5381996313427159,0.5035895177920365,0.6437272115357762,0.44693549570350355,0.5218002527574851,0.5052415135047716,0.4536882324644714,0.46860121419896766,0.5471694880622514
0.5430277649649251,0.5381192253680241,0.5163929101071021,0.0,0.4500375809219166,0.5215115062358439,0.5602946596161538,0.5183096098716089,0.5211878989516926,0.52354588730028,0.5559241245254098,0.5694685440504389,0.5284552593755375,0.5067010833870734,0.6005910534778933,0.5114047367939671,0.5416254975734205,0.5638822327910683,0.574247884388388,0.4945322970419097,0.5579129798422748,0.5499697980509947,0.5288721126357149,0.5064026799936737,0.5656962513357291,0.5541163005725558,0.5539642599020633,0.5781594936986417,0.47674784323974806,0.47913225249773467,0.5671804796624339,0.5296338133695727,0.7217550984696601,0.5569459773220841,0.5353198273178934,0.5698349308955626,0.5231779138288455,0.5595778100075317,0.5385156837235962,0.5565225650033092,0.5941038222210939,0.5040946887414801,0.5207719456752281,0.5586407303135057,0.573101097530181,0.5565546095399003,0.44758671614222884,0.474797310569978,0.5548543168562022,0.5323445611194864,0.6080340999242332,0.5677891831228785,0.4894484825824582,0.6648961133140746,0.5962175045780471,0.48111589058111964,0.5499592207362053,0.5624133200844953,0.5154740527866974,0.5379637278010582,0.5133467071144412,0.47349608460351134,0.5536055857611418,0.4579259417802996,0.503778909236329,0.520792040547119,0.5564833958563539,0.5040101020170865,0.5470951345987566,0.5413793436229987,0.5421476783708261,0.49825923262658683,0.5276458536439789,0.6115071877463241,0.5707725965046698,0.48944286418670097,0.5260774786564409,0.5038857013868119,0.5626022327653782,0.4173432008238279,0.4974311661855998,0.5953077158822482,0.5164523290097717,0.5348601796791114,0.5471493640426872,0.5800415294124224,0.46856869562617276,0.5453370366277093,0.5592910963035035,0.518871546570693,0.5920258015729635,0.5570661418828746,0.5486945407778213,0.5087524976874803,0.5568277513409118,0.5684748609040496,0.4900286549568135,0.5401521978096085,0.4496226738876176,0.6049399050804162,0.5085481086163635,0.446177243765626,0.6070573970362453,0.5644454667021742,0.5613751095641119,0.5232624533233442,0.5383423842127523,0.5257094594617923,0.5431449322786067,0.4667318918744564,0.5994564882903627,0.5463793179929585,0.5293252029755741,0.5399777864256367,0.5844227601079576,0.5572793402193439,0.5015728951737655,0.49359079199918704,0.5475420265686045,0.5377783464887558,0.4840892536587232,0.53346561099472,0.4527318907417579,0.5689416802193837,0.44501169210713487,0.5804053793635389,0.5059076421520049,0.4890404671474092,0.5577824831442294,0.5439934133658594,0.4919031628051873,0.5049305530746115,0.4774792219595399,0.5587979242484852,0.5073222022212587,0.4557282654954124,0.4668704322019038,0.5693975940177266,0.5576522072902126,0.5520562321487386,0.6170510454871523,0.4870512089789312,0.5661236657428741,0.5491856301154666,0.5427484323756223,0.5565397730571793,0.5369086718592503,0.5301479533407333,0.5155439911085496,0.407908680187271,0.5707602701049242,0.5216644774218486,0.5461614732794573,0.48005727745743676,0.625221160494515,0.5313024111612006,0.4747437978037841,0.5633787310054136,0.5661530564916583,0.550695114388872,0.505423249102098,0.4899269401485606,0.49142092428410905,0.5458558646547973
0.46797840757634523,0.4719443876964235,0.5214603350821747,0.4500375809219166,0.0,0.4506591057875645,0.5527006729211337,0.38723134097540823,0.4413917324888198,0.4541695414429884,0.48444815350663367,0.5184593076088628,0.4399234120694174,0.425669524036228,0.514153954815309,0.5113536644988412,0.5311791182700765,0.48316325800781007,0.4723246296841488,0.43494654199540733,0.5629387479467561,0.5219235455367632,0.48745445854041,0.5315737487584185,0.46256692331230054,0.5060560412931775,0.4282015800497057,0.4314819271429725,0.4626598467537456,0.5627360507392654,0.4470293885616115,0.47346144133211204,0.4663176479511983,0.4450777139608915,0.4438981225214719,0.4718709005376241,0.448150923465951,0.4750696914415313,0.4905304709977946,0.5111771228822491,0.5323675542993486,0.5077132711388118,0.4921606216151447,0.5355038042902188,0.42976788337297545,0.48709393847264115,0.5830782813193752,0.46091607828726955,0.5111156037896669,0.5074309850265063,0.5365853618721349,0.5368970979165649,0.4567996515031249,0.4966994099516776,0.4758789112466545,0.45388977551135884,0.5032118150706476,0.5116525395533528,0.44930531387121214,0.46995639966010877,0.3785235906735167,0.44191718915238015,0.47528795165245724,0.43343315709066627,0.4742310983577943,0.43568182578898884,0.4207391257968809,0.4959607895038719,0.45635425486444603,0.4045383798674533,0.4952838746403993,0.4441594965000213,0.41905583127272034,0.5004838821197064,0.45020773591209606,0.4283961258515838,0.4627329360177455,0.6465001131491818,0.4459097459115948,0.4507210670787251,0.4821408425819594,0.4754770239685592,0.5630206429056048,0.4120232881430768,0.47630276425428075,0.47500393822874415,0.3672074414149759,0.44630348810731824,0.4315671947781877,0.4408441010258775,0.5853996314266909,0.4604327796405755,0.5606648799247553,0.4481437463321068,0.47806688037659806,0.47364484982818256,0.3937100910922477,0.445787045129537,0.4318492151436126,0.43969206413563733,0.4263585677249689,0.37410941982783125,0.44909988555640795,0.45029697491556253,0.43961490249762136,0.5125622963703214,0.46539964803537903,0.4614561903256007,0.5318722514596105,0.468927723974748,0.5230532811689197,0.4957135589063363,0.4131271224450863,0.4357790015242891,0.46415972458379656,0.5151866685932553,0.44109847490922877,0.49953497963939075,0.47786592686899465,0.42917429528364576,0.590407145870083,0.39693130482882666,0.42301558065303696,0.5576080944563315,0.40957466851875646,0.48340316921925036,0.45147041584968445,0.4559488269141527,0.46328009176827617,0.48251019080523255,0.4464840202537136,0.49864938857172103,0.3779057766327064,0.45557747385423686,0.42799882104615317,0.48228402099768575,0.49272015987917334,0.5158618811226461,0.44626960246165054,0.492876280427621,0.40671691096401613,0.47536234050456183,0.4806940317834205,0.4619201084980908,0.5046339376236479,0.483225000600693,0.5572495799735769,0.5181111323605089,0.4662238684852208,0.4069644538811597,0.4231961002822003,0.4609756180387915,0.5016558139287525,0.5371088671678691,0.5090273350757195,0.4262600482816483,0.41609696844000443,0.5340601823995884,0.41602982655659204,0.48522623089554,0.4525727450559077,0.4327698990864835,0.4523658964319968,0.5279030430028019
0.5958670775798703,0.5608952200153374,0.5842221951218037,0.5215115062358439,0.4506591057875645,0.0,0.48705817615197255,0.49966249918928596,0.5283194507467266,0.5321995489467093,0.6139103353534625,0.5881021828757396,0.6165663349600844,0.4875312624019517,0.5077492104677171,0.6073940652493027,0.5690867751188924,0.5105846122903442,0.5575444299793845,0.5396057629252492,0.5892138997456867,0.5738902322313648,0.44670460541985746,0.5181338473816803,0.6038693981195777,0.53878334451594,0.4460354464505393,0.5372593510239109,0.5004565878782832,0.5115346488331094,0.5569015815668246,0.6227272209270539,0.5258994427943607,0.5394229661736869,0.5207823153965634,0.5062964066183268,0.6137918606128073,0.5419851035520469,0.5260831294514419,0.48990584431798767,0.5011931314904566,0.5534095845010601,0.5174879002270782,0.6148122386491089,0.5422346994932329,0.5204634729465605,0.4767835295824183,0.5956333087208076,0.5159205225422142,0.5030278023808912,0.5572571030836555,0.5982651305104899,0.46302951106749674,0.5983038530485616,0.5593741519651005,0.5575478128541766,0.5474418368915213,0.5762261847992984,0.466841480621749,0.49248190822246746,0.5483073223885606,0.48373523799814966,0.5862166905404198,0.44046084455651696,0.48453682625439654,0.5435811331249734,0.5389849955226763,0.5842709956842623,0.4978234774369044,0.5248317559938956,0.5896558717822689,0.47115507232046744,0.5390249953217991,0.5776109711763334,0.6049154885625259,0.5231227889697468,0.524843282714553,0.5156510608097495,0.5187688952345876,0.5191833266979358,0.6063975345480663,0.5304409888368142,0.591708842123376,0.5887136779043607,0.5226147724926492,0.5783429564826765,0.5167646705209914,0.48274731847846125,0.5375854363907057,0.5635113105221327,0.5257990003876888,0.5014189729127513,0.5185468794768046,0.5445840490269965,0.5055087648411293,0.6366974069876239,0.5050831398249337,0.5397564653614404,0.4410818451572021,0.5418372420485965,0.5172318314354881,0.4394103931038953,0.479620945644394,0.49424556960555416,0.5210990171571704,0.5495622751748904,0.5306264187546084,0.5402033940830154,0.49287572306730926,0.5710910618071372,0.6045720755231141,0.4937912192346804,0.6221332403732199,0.503675286708345,0.5407918391474692,0.563015623520446,0.5174166302524426,0.5047642127825485,0.5989439436316175,0.5052260932623662,0.4893270978848474,0.4646592036242235,0.5224441789940207,0.60738197968802,0.47789487597971864,0.6191006110334804,0.48308901953779176,0.5084832975969146,0.5696137058883424,0.4970097618845858,0.5359063935601828,0.6013234813690007,0.5067179952856867,0.5525173900134167,0.5548706861645356,0.49473375036240275,0.5630248040632269,0.4900142252923837,0.4789778146592418,0.5034301114707797,0.5278495282008674,0.5630120009043538,0.5071288778778178,0.49921077661794505,0.59353634619792,0.5183628592911099,0.5734627037649143,0.5333161362949899,0.5582038304226647,0.4391420631999931,0.5475706210374461,0.5007890958762405,0.4949378438626829,0.4611224003628319,0.5914165358638986,0.5577468584206436,0.5243274139587856,0.6468404481328908,0.4809368806150036,0.5628855409167328,0.4883356521071682,0.5197058393457422,0.4606585904401193,0.5680921698100092
0.5477339148956284,0.5991805678617577,0.514590189059681,0.5602946596161538,0.5527006729211337,0.48705817615197255,0.0,0.41569348297720293,0.5017687571056433,0.5765962396842453,0.5196021888577136,0.5642993506372139,0.49252829173264734,0.5225616827330903,0.5860206362460357,0.5062398025098749,0.5876540142179795,0.5836025195741957,0.5482934164792244,0.4982026711612008,0.5853427658919789,0.5604173576409305,0.6542372870604937,0.5967529144585582,0.5740216944628296,0.5127353041831719,0.5177545970814993,0.5408045658089106,0.5463752607043396,0.5368147909672979,0.5120503539917208,0.528944392545289,0.5560910653270115,0.5475079482792967,0.5528899467482182,0.5267347111739652,0.49165543700477116,0.5215692690159806,0.4986458897744418,0.6551296499423394,0.606076276845177,0.5897218907735602,0.48661022881543353,0.5853435638777265,0.4912158280898864,0.5457596235603144,0.5606525796807613,0.4655305848873965,0.6843002236972521,0.5311883416170651,0.5803358076738452,0.5729153143364669,0.531925361926799,0.5704059453170229,0.5319668070148835,0.5429757620599062,0.5577226657063056,0.5004793181654548,0.5812621657710052,0.5358974436359045,0.4178667539596764,0.4552433771297483,0.4743246081754392,0.4948366519747292,0.5328065676197629,0.4833567792992798,0.5060020238213315,0.5125559377443445,0.5074645691359319,0.43816679823006727,0.5159820980313952,0.5336675885571863,0.4974355190715266,0.5625101220562019,0.5006869497265113,0.5290520018712088,0.47849059466813365,0.6290028928383212,0.4810243557457444,0.4690419540660649,0.5281663141439158,0.5377617548758283,0.5917609819671595,0.4578458431906907,0.5447715370165835,0.542910197119535,0.39320604463898096,0.5168502237019813,0.5187661991259294,0.5103021809167195,0.6020124658170783,0.5802934897215105,0.6025584248529793,0.5253255703069335,0.5842129565561015,0.5505960169856198,0.4189246680900564,0.5531795409074881,0.4882250931904863,0.5559034238210117,0.5066603689894625,0.38019306402725433,0.5330837656312263,0.547953699461806,0.4924137598385145,0.5215443556248067,0.4938702788979922,0.5727399180543365,0.6277207134786097,0.5334241932206327,0.6284758853905121,0.5502897035073687,0.48368519179283936,0.49927866346399263,0.5267208992384227,0.5919186580374817,0.5487218615991339,0.5453188486134752,0.5565822382165523,0.5142053963034178,0.5639115804509707,0.41919374485303584,0.487406283707625,0.628595104275694,0.47852619340028557,0.5438593905489116,0.5042702804593472,0.45119488706991145,0.5511006313389141,0.546736241860763,0.5214665204376158,0.483477556529664,0.4200269078112948,0.5272957559597939,0.4709701891957456,0.5162482811237253,0.5266955802495655,0.630442885621378,0.5347950802731306,0.5307143589233279,0.4976351436654912,0.520222030646422,0.6132634178096994,0.5187203179100534,0.5668294251541931,0.5814201710671807,0.5413829334437648,0.5732454103200698,0.5514918472900205,0.42699166424598356,0.48230962321997306,0.5759923586222501,0.5508012862382697,0.582944637137374,0.6000332405446148,0.4773100074120625,0.4766746447954745,0.5802642569852173,0.5523898193943146,0.5615688812394084,0.5604417476548812,0.5298232021231507,0.5230274487672663,0.5851407691479047
0.49531017143081824,0.44807119575717314,0.4996040381152113,0.5183096098716089,0.38723134097540823,0.49966249918928596,0.41569348297720293,0.0,0.5306526914674454,0.453717968662912,0.5150692553611412,0.5130757743501667,0.5441395895256066,0.43971886711497277,0.5144939692611431,0.5277624827518526,0.46562399992677317,0.4913304416966565,0.49678824977475866,0.4863311489027367,0.4825394538581631,0.5009403139655874,0.42131689935242234,0.4228188138717308,0.49837201163757505,0.5097147545928736,0.5107037984148715,0.494271402423635,0.397370644609228,0.4667785277243069,0.5893072207353696,0.5288918919999805,0.5130310195282813,0.4871690954285613,0.44818345230497175,0.509630136004401,0.5395945999501924,0.5423057657983648,0.5581156389536587,0.434463846490583,0.4550111943665555,0.43066926158941027,0.5648939642905293,0.45465369268736006,0.642759509168264,0.533540379221421,0.39506608771636426,0.462820459513505,0.4526686150457657,0.5048669078273765,0.526792606420244,0.45767479099237285,0.4162583539880325,0.5266022628571299,0.550626649693292,0.4246417132806964,0.499653937221094,0.569629234978258,0.42861886430858875,0.4966181916013287,0.6309214917157928,0.4856676993437678,0.5660550917069185,0.4122648026134218,0.4507468446183709,0.5283100226568369,0.5247629464801401,0.49859333246819787,0.5508067226575207,0.7256294377708105,0.5413466739891347,0.43894252239864867,0.46707066157521016,0.5552596206980902,0.5802405353021935,0.4401594397388929,0.5701712526964631,0.42317125100542274,0.5955870676878052,0.37228096721778414,0.4354069549541189,0.5379574224199017,0.4706504827952948,0.5655103006752128,0.47502063642480374,0.5451972940950929,0.605228211724648,0.5288582241351732,0.5506124306534386,0.5122312446431216,0.4904230511321787,0.45506230996141583,0.47299266508468546,0.456618673314162,0.45212428775197877,0.5048341346592572,0.5877683726257679,0.44664341560353693,0.39434247404202266,0.5140999615301168,0.46862012075004345,0.6336976955107968,0.4914659924329263,0.4577529964481287,0.5531286268947142,0.5245285501910324,0.5556465627020997,0.443758527137577,0.45305576119685387,0.41207434475053367,0.4695691238625615,0.4765251231126354,0.48674274365218967,0.5305859573021505,0.5204434475029797,0.46591781341771493,0.42191071105646977,0.47831462799832547,0.42839052120698323,0.46073704615831046,0.42821144211116763,0.6467028762495701,0.39726787430361554,0.4824253715427927,0.39191867147013637,0.5294696732397268,0.45679426042346716,0.5814870187622355,0.4668017966133777,0.5028019720863617,0.4652144245602115,0.525777077712438,0.5390474333293793,0.47611939213506965,0.5206472478587147,0.4099220810205909,0.4473597002194175,0.45434188034702194,0.5043093133586529,0.5515477051507303,0.5025208461980022,0.45766241326826906,0.46067007994567744,0.4984445685676593,0.48680802414152546,0.4796377294951993,0.5178503894729987,0.47623688692489974,0.4725184426799267,0.3847381122079715,0.575970700338151,0.4233147299370993,0.49453556340037036,0.4304008423402873,0.5104312031359797,0.5860031864728602,0.4497664681658205,0.4913786772811328,0.4184189263882424,0.47933830860186816,0.41716506878704235,0.4145155518212512,0.43356598308158395,0.45786606813722347
0.6460492470929673,0.5562292841275583,0.4950555857972611,0.5211878989516926,0.4413917324888198,0.5283194507467266,0.5017687571056433,0.5306526914674454,0.0,0.5210572550303246,0.5229344966343871,0.5418263695499592,0.5481074587131717,0.5486176784909831,0.5604228613223456,0.5275316344978551,0.5398269421238724,0.617680607426939,0.5668315553736226,0.6213146900001842,0.5563889975600024,0.5593777251790155,0.5045698250445093,0.4864066034293683,0.6012851232808972,0.5026714165213191,0.5331980918482947,0.5579824117574347,0.44877443944374606,0.544707496392249,0.6797447056564581,0.5858656585270836,0.5128883360484747,0.552319513315421,0.5959089664216398,0.5555459229987226,0.5547512876183307,0.643626215815154,0.5491809540456324,0.5042309389323034,0.5183412902071068,0.5743865619076958,0.5428714054513459,0.5280142653241445,0.5902596476368099,0.5841429416178251,0.47562468626954746,0.4714905958114533,0.5631668698907013,0.5863702491456113,0.5723475742177879,0.5270357842820789,0.5261508399017413,0.5425055184906372,0.5322495021161777,0.574273466366811,0.6142553378658322,0.536187236807539,0.5394356190404894,0.5669632819134985,0.5096516146879404,0.5281717959259105,0.5336477070107029,0.5150246687731038,0.5931641571226217,0.589248201891961,0.5881510292528477,0.5462580053173829,0.5790415731076832,0.5587257611533376,0.6180922653039757,0.5708015581336862,0.5879470351815644,0.5736558813584594,0.6207773344477869,0.5715236767617269,0.5073436935021538,0.4809102411892986,0.5782494191372214,0.4423656360218913,0.5280157678690947,0.6878240709501973,0.5646637134286279,0.5594798659755299,0.6021968683686084,0.6651256170497662,0.5101446934301259,0.6135262385879098,0.6215720506107324,0.6556445023157902,0.563313929404845,0.6023319450550076,0.5390730000405768,0.5728601110062306,0.6011312494583009,0.5612731231778509,0.5619705068071864,0.5613175385791966,0.517797116081613,0.5881417978344189,0.5709955408218367,0.4534826251350398,0.5534312368840784,0.5108373581278258,0.6349988947294701,0.5531672054649478,0.5483570737502573,0.5488103837376309,0.526083228199491,0.48978241634189107,0.5404643327946346,0.6054769576124446,0.5594903270245284,0.6335236268804214,0.5721644714121606,0.5484935369127556,0.543529285278032,0.5379512244410153,0.4775799285887131,0.5821711733514522,0.5301491914191493,0.5104907416214943,0.503946954746916,0.5678101328005949,0.5374508447265365,0.5224866833703441,0.5463721866437883,0.4992306986760428,0.5195285023259862,0.5812423368893851,0.6370408154035915,0.557219627150691,0.537066575720406,0.6494664530017337,0.5640988855267007,0.5289472354945866,0.5391571504233214,0.5425168917914457,0.5372333901777577,0.6216115900632807,0.5208020907396033,0.5661858095934569,0.6152670395976013,0.6099985676182171,0.5917513640342251,0.595383574585355,0.6132582180766807,0.5337833404904551,0.5737474781078628,0.4481808090086069,0.6297090948431197,0.540359622318625,0.5771440958050504,0.48757615367207324,0.5812676452562257,0.6190764618830814,0.4883150603934133,0.5335514938821156,0.49632190282514,0.5535815091000749,0.5023058885187887,0.5655019770610074,0.5688275282974051,0.5828195612620788
0.5468164198878288,0.6728642928518949,0.568906734113365,0.52354588730028,0.4541695414429884,0.5321995489467093,0.5765962396842453,0.453717968662912,0.5210572550303246,0.0,0.5316039770030372,0.5713269256036574,0.5356000175616994,0.5451303115786085,0.5322428041029456,0.5359204700645048,0.5947683776958568,0.5812710290195049,0.5641833136837661,0.5452068443187542,0.5703949296197429,0.5773681958349364,0.5716933789179562,0.5340715019551194,0.671611535458724,0.4786152438777865,0.5292833010650535,0.584006252281964,0.6187051509851474,0.5112448702315503,0.5347745317321286,0.5821871954524802,0.5202990173219506,0.5514166143136285,0.549608951976773,0.5342467440370131,0.510748046247199,0.5514532610525471,0.49680655177080013,0.5713628177231734,0.5531791251353521,0.5901309007341907,0.4866855146998329,0.5371798925165782,0.5291592137603706,0.5432073302822373,0.5100420805368507,0.4772959169661491,0.6246120879350701,0.5166746679329066,0.5313620342583149,0.5232181242858558,0.5219370734436249,0.5646869686965185,0.5501063448098696,0.5729099341110958,0.5422904864254093,0.5020193203661492,0.60155483563225,0.5277875650023027,0.46197978265159395,0.45916136388035445,0.47622103796648346,0.5201426283693728,0.513349408287409,0.5086284180752124,0.5294680939336437,0.5110004776386625,0.5574667124918636,0.47279862292065816,0.5065925965524745,0.5378853447248897,0.5187240104637554,0.561512933774203,0.5676021292416644,0.5550331057743423,0.4766222230473062,0.5400955191415483,0.4945951693197392,0.45934416594976196,0.5697304861087087,0.5140539657589515,0.5766324765864798,0.5171435057301035,0.5387012982671255,0.578434036311905,0.4239723218864598,0.5167398306175206,0.5675657657286457,0.5324893643945188,0.5210631608414447,0.5523012210129543,0.5646190721369615,0.5254927023934607,0.5599909934344279,0.5974765268767757,0.45331515677464623,0.5942557148070353,0.47287319774830694,0.5673454072722462,0.5312976832438134,0.40096721361300436,0.5066590321652265,0.6044432393104485,0.5066933288603293,0.5236235926194497,0.5243898161330915,0.6582507951405433,0.5785759318815079,0.5589184343056183,0.5702232726050722,0.5196517174642111,0.5152275644371213,0.5483704027910224,0.5194506785129672,0.5530520268420365,0.5837537617157109,0.5859982978308542,0.5793540956986596,0.5262677623925525,0.49702779896267346,0.42866988341059714,0.5022506674845525,0.5724954683885404,0.4866457517288311,0.5934581930014088,0.4972786117382436,0.45417557533693603,0.6340197027622896,0.5533188143834773,0.6028892130572405,0.5107636324359035,0.4491485476497196,0.5131378657437701,0.5150682565669245,0.5090706311743162,0.5510165074755541,0.5459142703010383,0.5818635161284168,0.5332956375125216,0.5291533757602755,0.5625493589334234,0.5776274413265416,0.5411354374474587,0.5898101866585723,0.5448027482550213,0.5161440182326552,0.6043472815080202,0.7161157596026804,0.4635645494766203,0.48705507218900157,0.6046856585961544,0.5401582481563304,0.5722680645975119,0.6262163426257755,0.510279567290014,0.49006724541909036,0.5687769039538942,0.5170374752335496,0.530679045406932,0.622347663788117,0.540809159623303,0.5437105921127457,0.5258372111547356
0.6149013882637903,0.5478585336619558,0.6236383103556402,0.5559241245254098,0.48444815350663367,0.6139103353534625,0.5196021888577136,0.5150692553611412,0.5229344966343871,0.5316039770030372,0.0,0.597988151524566,0.6679508018500876,0.4975650856965596,0.5831701146521373,0.6662119526573076,0.5859423692689842,0.5584811538323349,0.5600128708888298,0.5641672566194087,0.6129244579484864,0.6773769968847839,0.48058675810541807,0.591078952316941,0.612993591502389,0.609975052022638,0.4967291840532403,0.5688327439609218,0.5159189028340541,0.517746027125998,0.5722550519424553,0.6055906291508661,0.548003675100702,0.5425074792073595,0.5336736954025277,0.5197481081273062,0.7020460577427468,0.5757467832295027,0.6058183757837278,0.5442633512510133,0.518569309436413,0.5294943078685936,0.5763678563965855,0.6391378095770983,0.5887635474810379,0.546825739316508,0.4563811303766054,0.6962175903595459,0.574899810146174,0.5313648434286434,0.5962347409200097,0.5618134614537182,0.4542818145756152,0.6499892878143952,0.6406433272350588,0.49588754016903763,0.5794585696487367,0.5869006543325858,0.493668816889703,0.5092849369467382,0.5758386078136513,0.4611360662399808,0.5895387343008996,0.4506777125912407,0.49831590762167305,0.5525360575633828,0.5899965501684561,0.6225255354640657,0.5526581151060963,0.5690783425906415,0.6223918718700746,0.49005996397125967,0.5323358051890942,0.6490292912141779,0.5943665488118909,0.5046567205971172,0.6122825731317557,0.5443053543099323,0.543804455318806,0.48620071946264676,0.5434047493320918,0.5432680669733484,0.5940194955989859,0.5840494494506818,0.5206353109606131,0.5873536870344397,0.5290986731661789,0.5082550266149745,0.526253428016873,0.5557071994342168,0.5584789460983696,0.4771096506111867,0.5588645317431653,0.5435052311267866,0.519057769599153,0.6220442291041571,0.4973475961028365,0.4931029073402241,0.4291504137246005,0.5357622536449487,0.5478747317036781,0.4747078703145479,0.4869192750615274,0.48878133056878054,0.521090402478571,0.5625522951541502,0.5417341137126997,0.5341520015857774,0.5168335621330765,0.5761888420114664,0.6355730941349763,0.5167773321413337,0.5811281846202679,0.5203048068723554,0.5522570759773283,0.5648739649926426,0.4830366534402751,0.5855226530307812,0.5703080657513401,0.48148252432035704,0.5341551718408526,0.47383276324265305,0.49660094380686076,0.6303831555355475,0.47079008237849074,0.6665672961790041,0.4632557409880347,0.5455338006031492,0.5533646511056889,0.5530006746105122,0.49201533368415923,0.590727356809115,0.5434350429413518,0.5440918657187657,0.6398968850056553,0.5125516450153588,0.5674740405122116,0.546076081247868,0.5638482382874965,0.542689016806068,0.5428271115805875,0.5447347065694188,0.5060252789686739,0.5076761834236704,0.6471753013040973,0.5245251189998176,0.5840392634253233,0.5374613277490794,0.555108136835497,0.4160029361592155,0.5924917922950658,0.48619325660329327,0.5573551837094093,0.4847720911363672,0.5923223674835867,0.6235235188197544,0.6122000099748656,0.6326540395300188,0.5125482298745964,0.5777916441790759,0.48219154635118516,0.49477879194610475,0.4581496393812919,0.6368313934243912
0.5543455017369847,0.5787666233793118,0.6068774728938678,0.5694685440504389,0.5184593076088628,0.5881021828757396,0.5642993506372139,0.5130757743501667,0.5418263695499592,0.5713269256036574,0.597988151524566,0.0,0.5351453689923626,0.47566304357976424,0.5908682706922964,0.6088658561040237,0.5946884667963798,0.5390029900523456,0.6628236462812417,0.5278449595013158,0.6435663273558667,0.6040603871846709,0.5359155849257926,0.5485297955579849,0.6230241130965734,0.5407635537871842,0.5089394898077966,0.5516358662049554,0.5199148096297364,0.6052664099301907,0.6134035541542635,0.6091343934428337,0.5751963422217932,0.5920614237146775,0.5256375946593757,0.583651218310478,0.5464227849907742,0.5697369108335398,0.6289307074924699,0.5259814562006464,0.5829296233737487,0.5589620082252023,0.5682060184524541,0.6068463120136229,0.5693816590921879,0.5631077580596985,0.5111034313553847,0.526241840800528,0.5805545670041781,0.5611638089045584,0.6177428284803169,0.5817021718940925,0.48095638300283483,0.6549928217335272,0.6352612652404819,0.515506250157822,0.5780609701519158,0.6803316758529843,0.4935303862165031,0.5443107563276397,0.48734800922428784,0.4860342928002071,0.5579568726822948,0.47311605779306726,0.5034500417164337,0.5104231178244242,0.505436823487403,0.5285542051009939,0.5317878998026986,0.5212831235925633,0.5557313690527701,0.48766080843451143,0.49255688410266735,0.6035503478030452,0.5864865919075404,0.49414086426759346,0.541724097959942,0.5743710953342375,0.5452127675076315,0.44647650223135804,0.5244678091903299,0.5699075864814633,0.6073394257137839,0.515160626816812,0.5456519826680426,0.5974099987521267,0.46364232542200645,0.5212576637159628,0.5512140118706951,0.5400335261147826,0.6053910440173823,0.5574047120706429,0.616805140534478,0.5144085691987241,0.5184740445148842,0.6310172545520031,0.48900571610849297,0.5606721239439536,0.4554350364958328,0.5429813642614406,0.5039280005001353,0.45481151615251914,0.5372706580097334,0.5848926750022697,0.5377088202044001,0.5722466744241274,0.5654282974261353,0.5585156826984842,0.5480521265517212,0.5240621408732022,0.6637851147859404,0.5459274836896887,0.4986822576881379,0.5340158094751378,0.5418568188351587,0.5686011753047387,0.5143174580800172,0.596009216307553,0.5573937695413428,0.5018432964546564,0.5261688188049427,0.48540336932223666,0.4695860557020727,0.6232209710102221,0.44513724545954275,0.65816605405463,0.49738621967948243,0.5483344002805993,0.5976471089984458,0.5243931808609889,0.5418993067770771,0.5686835843661963,0.4560497587625449,0.5418566787631933,0.537309155237349,0.47744962472882574,0.5566412856169368,0.5437411104490679,0.5371144621708177,0.6021950875507244,0.506852896278822,0.545418409331137,0.5524335361736394,0.5495701112729235,0.5928351290861047,0.5675803998526644,0.6420374275123754,0.5654711329803895,0.6009451357367188,0.4485639097244148,0.5458679545839358,0.5233718111162767,0.5868290130188151,0.5306270222213301,0.6954135328765495,0.5284063106136967,0.47782961020910286,0.6328137734513057,0.4736111872440556,0.5484999888114822,0.48220038320503983,0.49173901100323986,0.49226383487574854,0.5640067275387204
