0,1,2,3,4,5,6,7,8,9,10,11,12,13,14,15,16,17,18,19,20,21,22,23,24,25,26,27,28,29,30,31,32,33,34,35,36,37,38,39,40,41,42,43,44,45,46,47,48,49,50,51,52,53,54,55,56,57,58,59,60,61,62,63,64,65,66,67,68,69,70,71,72,73,74,75,76,77,78,79,80,81,82,83,84,85,86,87,88,89,90,91,92,93,94,95,96,97,98,99,100,101,102,103,104,105,106,107,108,109,110,111,112,113,114,115,116,117,118,119,120,121,122,123,124,125,126,127,128,129,130,131,132,133,134,135,136,137,138,139,140,141,142,143,144,145,146,147,148,149,150,151,152,153,154,155,156,157,158,159,160,161,162,163
0.0,0.32324883427708645,0.2827137925937301,0.2523207893633444,0.2802483977691741,0.27433001564596077,0.27493471636728073,0.3129868539139479,0.3396159506462252,0.3089053351723418,0.3248666812375015,0.2469433073804953,0.426083587759351,0.2938952187714504,0.36807309683374206,0.30021778647094693,0.34392291441238787,0.4842013555350032,0.2708935182376898,0.34725462040240124,0.3319974872661962,0.32627069029846145,0.3319210410820009,0.331442612341901,0.36931609206002947,0.29894342652211364,0.3051564225313858,0.34191159473698796,0.24208122024766007,0.26432237247061025,0.34111105622402427,0.35126634030260195,0.26025925426271324,0.3314367168619361,0.38958760554555605,0.3224295818796803,0.4166721402050801,0.31893758910206244,0.25319286716201983,0.4385035011184099,0.2716123560652449,0.3668973458914845,0.3328791469936496,0.2912876296066011,0.3756710422724065,0.42411710550135323,0.27012499526019984,0.3001597568699954,0.40033518293024295,0.3332097746085279,0.3662317221678523,0.2944260973850874,0.275262335385998,0.26816550338333606,0.3030819187808036,0.35877807351169305,0.38027232801134575,0.27977044283087965,0.2868857713031026,0.36874570246567834,0.2921690280237853,0.27855279569315716,0.30640715728618767,0.23116009481945607,0.3132400915381045,0.33219989106722964,0.35195780429808343,0.31350607133899366,0.2725095072463899,0.3348222219946562,0.41570328171498405,0.3071651081500814,0.32282080353184045,0.35911310495836074,0.3231669446333071,0.350151673756366,0.25258152148082624,0.29051084319726855,0.3404862682346043,0.243846171599742,0.3115916591461486,0.3866968753792676,0.30003406927984794,0.31108902147852485,0.38146947761302435,0.39499691228120226,0.3454721350065524,0.30623080292331356,0.38645600653233186,0.31210057600754193,0.35736188761675247,0.31808592050220275,0.3591601965068202,0.33379679233374804,0.34917698094206506,0.2478516492507408,0.2169152704515465,0.29122100517284616,0.27559581652728016,0.4239654560391529,0.2945870271612845,0.273649390838223,0.2536417839574303,0.21190074243266627,0.40021642865507256,0.348021543455554,0.29265862686347077,0.3322067496490874,0.3947275457282853,0.3249051434315095,0.28099944269154137,0.38436935603128275,0.36488696463925085,0.26102505341075183,0.41010034556175756,0.3761739137779068,0.3583605391344161,0.28166148181581924,0.22471768580763307,0.2820308479372789,0.2911093803858536,0.2460755357146093,0.3862705321562212,0.39946806486446246,0.29846851235982497,0.27231829367196325,0.2644629080851079,0.27992773392610776,0.2907839625525152,0.3421458103029949,0.2775132641569697,0.2568791239524191,0.24963759686329795,0.3062079835735921,0.28141361890058725,0.27647585065796604,0.28200779132959963,0.42338472874650485,0.345955586813255,0.3405027724824548,0.22232514361406558,0.29644614637880934,0.3912069543213818,0.293952432861225,0.33453915597431005,0.3047893418976096,0.29947574388217435,0.27886753895406113,0.3472039133255524,0.2109570263020134,0.3854880424299771,0.2648863356174282,0.296254836848261,0.2378817021608229,0.3081569616514104,0.3740923638640093,0.30892899994831435,0.3040437594775064,0.2739473340864066,0.33617287771257043,0.3026249546164711,0.3457739721090988,0.24581287138601177,0.4098596804615567
0.32324883427708645,0.0,0.2952460973012841,0.24990935777943896,0.24852502224457781,0.3765035429619085,0.2555218207032951,0.3616687137120422,0.29233805938649643,0.38416740462093474,0.3236718290061637,0.3320413784007027,0.2760441263629541,0.2542217321413081,0.34982000415967107,0.2607887806014895,0.3020580951517562,0.2770350376271895,0.32934024761620656,0.29213542539761256,0.3231090724343297,0.37447777578323066,0.29060417375420194,0.33405466209487483,0.37709247982615557,0.22143382864034208,0.2499365942788062,0.31530970296046684,0.31496042129806073,0.24234984147905955,0.37916464825761204,0.2857318501199916,0.2910397020143183,0.2904530646584272,0.309006879888402,0.3263818642566091,0.27699626381187215,0.27654998510949713,0.29784189387379517,0.3109042241673263,0.32024885971635303,0.37023502722105295,0.2350276842629138,0.2627073054831762,0.31442885830954553,0.264438527176866,0.2402336175901601,0.2701987088125418,0.2866236771809995,0.26198058314788386,0.29743333900654395,0.2660233536756248,0.2937216986219806,0.32151477576108467,0.29698100233684305,0.3484877584093437,0.2932363839048582,0.2996875868344424,0.25614785873675494,0.2868311644075077,0.3180331801084956,0.21100959557353213,0.2724418065226928,0.21130991099723692,0.25787178187690823,0.25090930499263636,0.2567754646015666,0.23916712644906243,0.2234712834655124,0.3341682931057511,0.27048360434340357,0.23981263418543877,0.24612004963231313,0.2925031103425451,0.3586377350071118,0.26013242032845224,0.21553839412023537,0.2779818306469619,0.26219016896686653,0.2171254828324186,0.30625386709877306,0.3260411503391568,0.31869365840226943,0.2681196325567053,0.2819938640738529,0.3654416776719109,0.2797867775928326,0.2174667138161843,0.27209525366822274,0.2942436837429159,0.25604982243960506,0.297114110944479,0.3048978779944427,0.2843200025744028,0.28729223513471824,0.3129483242321307,0.24015359499490996,0.3022097246965047,0.22505391326858196,0.3027987766597376,0.26042936944748457,0.23013598956810832,0.2008297797026703,0.24916302545486385,0.27228201234200833,0.24345311290775962,0.25721682444944344,0.42301734059783047,0.2901675339357327,0.3823229122441533,0.2771126822341148,0.25323506681755736,0.29802479514065855,0.24143325623276476,0.30173687459434984,0.3843193473141146,0.34209209056607554,0.22951709049430866,0.25616736849223565,0.2591544786620426,0.23209492631944895,0.23908302913969248,0.30275721699050506,0.3496805946620758,0.26557250832064716,0.31469370499096966,0.24284639232776023,0.26794947104382877,0.349920917200143,0.2471219546707556,0.3136468012692462,0.2697666499629543,0.2065029754348691,0.3362646198686706,0.30855515784944754,0.2448957555567007,0.2608476170467711,0.31119492385160735,0.2929850675531172,0.28256048610552903,0.23277217299920375,0.27989969389150865,0.3545460366936721,0.2798455198676786,0.2994328698385326,0.24277273923719628,0.33891698378375673,0.2764097863703737,0.3787688882096714,0.23639683012825777,0.30403320012538354,0.3101276322747553,0.2665996990838729,0.25012822485381825,0.3254621483000104,0.3077913353824382,0.2846981199403324,0.3225216657739012,0.23710333258539074,0.23361344587261207,0.28291109525834246,0.327212878845776,0.238460504150599,0.31626129254427254
0.2827137925937301,0.2952460973012841,0.0,0.21063507887689262,0.26391540598940755,0.3138051204330444,0.21860726544609008,0.281099499496649,0.23758460999367154,0.30795738445116416,0.30561220817683543,0.2758176234662458,0.31370378297320783,0.2210937238290391,0.27825271813397673,0.34619259935569946,0.3389672036029495,0.26172011453505123,0.22658895507929913,0.23930710353828288,0.3600515027159062,0.4277213056037469,0.22392835456472998,0.3094935168953467,0.2677129917667205,0.27594714016283406,0.23565496607955422,0.2502926299267418,0.23792538067630165,0.2557297756600871,0.2449079109117941,0.3099389740373485,0.21887113132399388,0.24022675392152412,0.22597119798482146,0.28002523957826847,0.2968076197689989,0.24707514995663465,0.27235794449861767,0.31321640723010874,0.24421371377616105,0.32421066735246823,0.2799911980485806,0.2478515395842382,0.30383473139339046,0.2687526026984827,0.2787976323520247,0.31004730492852917,0.2582313394377185,0.27113894834181673,0.30047127958141573,0.27318778556627493,0.21155188759008137,0.2726739168384111,0.27579997171809445,0.25388180710096503,0.2577997547096063,0.2921616263754771,0.22518893372220417,0.25806094355823206,0.26566220316506356,0.22715397330042136,0.2928051267719414,0.20352848034750898,0.23265533083540957,0.24833740700511284,0.24857289206332264,0.30573446441934105,0.24215605218952738,0.2546776445351223,0.32224127846679046,0.20480324970774866,0.2441031467663042,0.35987564185703935,0.3085894125191799,0.21061910284094684,0.26425707400488435,0.2820212953041375,0.23180532333919932,0.21133612219258807,0.27665078201814086,0.2807592678922114,0.28929554797209306,0.24610554507837917,0.2602935005120308,0.3058483360040505,0.23920243025515064,0.20897550378910026,0.25246707431415355,0.22706171994590907,0.2693906147650285,0.22079098819057988,0.29027843047639657,0.2183489857339121,0.2600606981735752,0.23427954401971932,0.21057392682212905,0.2415274688890414,0.2068713382105028,0.26163455182573153,0.20267511003487632,0.24832142246708794,0.1845857827248519,0.20790751933372856,0.2658483780045891,0.314123271047736,0.278348983450502,0.25297407945681166,0.2905833797862726,0.3598774340647226,0.25646018843058643,0.2462766074261216,0.2545909055358353,0.2117780584469153,0.23417871079215133,0.3007856948438724,0.22175095926217817,0.27527046769749675,0.25211588099853716,0.2139508046684567,0.24694589717814847,0.1974038657929975,0.258335783869579,0.29522525115508025,0.200594428008145,0.2750375051066974,0.23524828957686397,0.29587930797235557,0.2833775281187274,0.2468145644605379,0.24377728295092388,0.34680277965742357,0.17910202970964736,0.2212200392463527,0.26814952144434756,0.21657022224687195,0.22738996777947174,0.2525071133711686,0.27641483995742067,0.24604732563435938,0.17823952711458096,0.26543039765914245,0.2769235950951953,0.28240508053865937,0.2736931057321839,0.2034398469511274,0.33724919916098606,0.26120161705269485,0.3255527648661102,0.2093063848430053,0.22241296143476638,0.19423763498209562,0.23950362981013756,0.2806777300321729,0.2577767203988847,0.2585564196317737,0.26796509121537676,0.2992541554808622,0.17201402095167845,0.24440883164008995,0.252131445243236,0.2010922955353111,0.20643873465378185,0.27037094224610325
0.2523207893633444,0.24990935777943896,0.21063507887689262,0.0,0.2076245365285765,0.27491106822301087,0.25734975066811655,0.2357632317059933,0.21266460638455575,0.22710607247902495,0.25649070637939414,0.25906667522828675,0.22435500977733158,0.21758817046321507,0.2817029642893721,0.2082768240278819,0.2528418703540402,0.24691894701506392,0.2749140744659143,0.22149424344316818,0.2669607726324546,0.23224821023099715,0.2357806798588207,0.2172176434729907,0.26790529054038226,0.224033567874957,0.22587730569968772,0.2633259305804119,0.2145592888052903,0.18048180003640804,0.2579290280405928,0.22490572630802014,0.4397486241999753,0.27113858822625336,0.2736107923564852,0.27931171083294626,0.23132596948040896,0.2373901316026541,0.2305256607620851,0.2597702962750135,0.27972780181377455,0.2518579915709568,0.2209177410298239,0.30341745454609437,0.24245001956201395,0.2410925305304232,0.17203447977313835,0.22640093973443606,0.23237354856124692,0.23957666846211828,0.30423260860914125,0.29895495134571853,0.23952230238960817,0.33572201340906954,0.2645079261035249,0.22395398043680873,0.2622454437881405,0.2671935823774345,0.22006183496183818,0.2619557402631265,0.26682384035085255,0.20765565701957325,0.27973256604410224,0.18152062519198184,0.2446248382858068,0.25013619151394084,0.25358883111182307,0.19337093341922318,0.20996590251292663,0.2512421400297779,0.23286159083772284,0.2105461641767974,0.24311316006088612,0.28686554339458803,0.26929040400778265,0.2153879019721487,0.22368450189370417,0.22231847852636838,0.2325440957596423,0.17682096766657157,0.22602046217916705,0.3135542135374597,0.19634018604543543,0.22676549915162822,0.2806129423056969,0.23811561055633393,0.25893292462137474,0.22721023267500703,0.2423483589697107,0.20902990759703557,0.27251024163090054,0.3019162621239245,0.2394041929320009,0.23479717433766234,0.2653188622639231,0.24892122778776854,0.20425261881029677,0.29245624846861856,0.20899229056069757,0.2686024314658779,0.21927329424499753,0.22371520199719372,0.3043497458343341,0.26848069488467147,0.27050482558857286,0.21157697104049805,0.2478558856958317,0.23505048574264087,0.23147029931996813,0.22221855226598639,0.31604087606313663,0.2480653974945053,0.2984405923436291,0.2335795308904262,0.26076395957186693,0.23467624438745222,0.2671768266874916,0.18669056396775435,0.2876055713769131,0.25766333440084793,0.20399443166523631,0.27163223130135944,0.2458183164152071,0.25235953331712246,0.20800261129420788,0.2411050472471479,0.23541934476628204,0.20584964968711889,0.28318126298595053,0.22583659482936366,0.19961697957122335,0.2307874398934125,0.20095096266223803,0.2810503642944782,0.23605775758993974,0.19155952020760447,0.1655962951453851,0.25948625434950745,0.23223163402939054,0.2362254850749542,0.32987648940091385,0.2201127819526432,0.29512894724826366,0.25870802382936187,0.23319285395600595,0.22621238402574162,0.23035706743408949,0.20238396480207135,0.21594172797465666,0.17675385486824033,0.29210183073259094,0.25281874767108187,0.2349030417274301,0.17131358743555833,0.29025063036693377,0.2405598172720764,0.21212627309681345,0.24594858183350307,0.34276133017281035,0.2285207543257583,0.23349480095620023,0.24803683628734338,0.2147543873921811,0.249121469992864
0.2802483977691741,0.24852502224457781,0.26391540598940755,0.2076245365285765,0.0,0.23176618188065978,0.28477783099777804,0.2153570353054413,0.22211343789444168,0.2541163181201419,0.28623429967640457,0.22172960508991188,0.2498005803222379,0.22828760524351083,0.30038536694368945,0.2664331430646708,0.2695319398374892,0.27045471879309285,0.20484249672773192,0.21295299592590397,0.2920064126719931,0.2673926061049215,0.2870283889933025,0.28410202579937605,0.2585196494093115,0.28646320609998005,0.23396573483230199,0.22372339191101842,0.22598693553368074,0.25540747460588253,0.2672754127718868,0.23901327404560002,0.21803202794433554,0.24599659017221998,0.2981661136733507,0.2722488809817946,0.28259726598469304,0.23367425904249148,0.22850735479280332,0.29368085844716324,0.2499485534191065,0.3126609497278675,0.2730087907540942,0.2944815706934649,0.235285285868191,0.2404021800354489,0.2852946947389229,0.32033912471429665,0.2903784332535026,0.24182839173382123,0.28919294789093236,0.24831355845091627,0.2067732594901808,0.23311323057955655,0.25588937795102135,0.2519814235475522,0.22308713990250587,0.28762616365617805,0.21638003764618594,0.23125750449790927,0.1954527641207267,0.21226690420967242,0.25474912037520014,0.20599182731575646,0.22453207166554257,0.19697499982347463,0.226723915086133,0.2601311352347007,0.20947411018994938,0.25639775013635524,0.27208421741895084,0.22467987534043046,0.2112387027360999,0.25992717346473593,0.21870255121877344,0.21757833764451354,0.22772268031747084,0.4212002683301567,0.21728328668885763,0.2257602610111092,0.2697583493728397,0.2681210880173316,0.2795229164695856,0.20654416674281373,0.24599107496171216,0.23641379660891848,0.2455697047491294,0.21472442434703362,0.2270111117796757,0.20705510459424334,0.3530010580501537,0.27268478099427407,0.30016672330492206,0.19534308329823968,0.24887576098605765,0.2154895835527705,0.16798937762463995,0.23662287784124245,0.2314375564398485,0.23834501240455674,0.21701310413861682,0.20836480697279702,0.21420742320637498,0.18737070811925824,0.2419303181269427,0.2570671902218507,0.2133671165024935,0.27032894149136427,0.311112718158414,0.26098820839971626,0.25488892428286825,0.2663257754238314,0.24445969122516537,0.2185709158372424,0.24478125224002115,0.26373569918325995,0.24588132975867485,0.22673853248955844,0.2098149688778152,0.24273116732518815,0.28643057176852726,0.21148083426441525,0.23759399739933493,0.3298826113248906,0.2235821322507739,0.23535416573479662,0.20443716812983406,0.2584246129910603,0.23531361580635932,0.24272302903031773,0.22228589886534306,0.2329524032937918,0.17396874270134952,0.2360369525649316,0.20757595651489702,0.23330905809728092,0.2175093826713017,0.3479739268638506,0.2519711137267072,0.25627217058754087,0.1832624622683226,0.25573324288964544,0.26797395373009764,0.24332925469368716,0.2753034984401528,0.23549439307156783,0.2809226032847041,0.249531757860226,0.24467496331829172,0.1867288676568943,0.23738763381515257,0.22522561751615683,0.21965594391830914,0.2408282742019138,0.2597722534777179,0.2430353051165098,0.2098387723161849,0.30643387462199556,0.21308531649694853,0.23721218441221914,0.2382686859955524,0.24274520696084628,0.21377603758646035,0.3029257571483649
0.27433001564596077,0.3765035429619085,0.3138051204330444,0.27491106822301087,0.23176618188065978,0.0,0.2734599417056245,0.2922812795854717,0.23171058745219913,0.26450933456589054,0.3489290337287413,0.38657078739012224,0.2918990341971791,0.20095616283473589,0.3605564099199975,0.28191421789945226,0.2911566408227403,0.22352899700151016,0.3049193137941286,0.240825881137656,0.3170877993293416,0.3514534469884391,0.2156515871306602,0.29263016336192327,0.3159174448015509,0.23440158334309671,0.21470784105033114,0.26395500084646945,0.27825051975342024,0.22554500346320525,0.30054815122583384,0.2711893216112797,0.34368938495745754,0.24855159018306006,0.25378655055601895,0.2658546403730633,0.2801796954972721,0.23150168037836513,0.26857959764084177,0.25775572236603833,0.33925409791616146,0.28930069821006005,0.23724415204538685,0.3403258791992083,0.2602694574106174,0.24179377822470302,0.2135646437260827,0.28286182021436124,0.22223630675178876,0.23689585489162887,0.2909444902404202,0.35004933332731725,0.21853324100767627,0.3716771975438316,0.27128206263671445,0.26419996505455423,0.25118763668544547,0.3979361500269569,0.196592913221997,0.2335888465466956,0.29570148473776425,0.20367584415041162,0.3162727326477951,0.17066017816633353,0.20825151510512838,0.220640371933283,0.23309645633975967,0.2552397513491733,0.19906408506498247,0.27655967148566607,0.27189226236288727,0.18819337555904309,0.2156326243196945,0.28590566402208123,0.3133835164666681,0.20739665206043154,0.22993812436752278,0.2581065200303298,0.22789721885566397,0.21672931777906704,0.30176034855187367,0.2703366843776264,0.28193545404020426,0.2524836175302332,0.23015566374590857,0.28131388279950503,0.25543140580320584,0.19060732365866365,0.24493075901860958,0.23784975582325976,0.28424450606851664,0.28846592525306397,0.28062613031274064,0.22533006509481895,0.22156844566413356,0.3447476493762261,0.20936991533184185,0.29641262276874986,0.17960268193918172,0.2592165238090323,0.216084625651385,0.2096746574797745,0.21102472844069908,0.23581746173786625,0.2378009823417303,0.27011505380489087,0.24998613049293697,0.29303746421827975,0.25106272086203374,0.3290774880680669,0.3268296510319448,0.2075248262116125,0.2814215826974134,0.2133087380788443,0.2573437908265335,0.339036208399287,0.263358515453388,0.2006013673838131,0.3173994530870987,0.23356092708534468,0.21928484168551318,0.24703839527618718,0.2416493761887743,0.3365542189184028,0.2105781700973455,0.3658155728745236,0.2097446445477005,0.26016579167006904,0.3052206876427615,0.21207213282983753,0.23667319814526505,0.30119876086212327,0.19160002334592052,0.2635476155240249,0.26416721392239156,0.21636852731591397,0.23951855542601017,0.25004051743552175,0.23737629763478216,0.23650915836562647,0.2562725417960997,0.23842601613360626,0.2523772561079857,0.23038527976720655,0.26735488658269024,0.2195848877635061,0.32723433861649515,0.2749274031319357,0.2658580008018866,0.1928855770162767,0.26021683815116203,0.2513468300142055,0.2204589780322583,0.22411770689052637,0.3810035469363392,0.265141302362221,0.27368177787689046,0.38476316371631314,0.2351087642170555,0.22428227231114328,0.23094293608092956,0.24763291454230174,0.1925681436751085,0.2924879744954194
0.27493471636728073,0.2555218207032951,0.21860726544609008,0.25734975066811655,0.28477783099777804,0.2734599417056245,0.0,0.21098897482040405,0.21623748396053152,0.258561848188771,0.2631525182535025,0.2960645979818653,0.25985994863169004,0.2376940429658577,0.3276563385875033,0.2236794428495777,0.24751018884882167,0.25272512686571735,0.25374411713910466,0.20025387710482925,0.24872663324317867,0.25174469656038706,0.33633867014031094,0.26124465654964907,0.29738921574735394,0.24877321057125126,0.23993407124634245,0.2342135030684074,0.2548104679725,0.23902185755005867,0.27128831247295143,0.27492486060666393,0.2697698401916445,0.29425187899820104,0.2776575880410032,0.25007543279094874,0.2928142297744514,0.21452747976990783,0.22314809445354244,0.313832671412053,0.2752941531177486,0.30498381206797426,0.2537645617688148,0.32027151020769,0.24716276925183275,0.23599659370301887,0.27016017543532717,0.2433165572573489,0.3483299702968478,0.2257664028763438,0.3082227362598892,0.26509226530415547,0.2029582962119663,0.2754900455941966,0.28821489350554047,0.26396177550968075,0.22261219654364642,0.28262662025877244,0.24938817227289772,0.22501542632805557,0.1930408163277141,0.21424491195300596,0.2337138668433687,0.211885073863361,0.21024526382645256,0.19132015084017354,0.2414531915089493,0.26754969731080613,0.21883085203475894,0.2390397930310143,0.2567974292987358,0.20906373361080902,0.22265933032146978,0.2781180833950962,0.20054040261162867,0.2339659553679214,0.2626994473655095,0.2894040498293968,0.2055320116357135,0.19891184147609345,0.24759188778753216,0.25318853337133057,0.25099597533876944,0.19217145765361596,0.2289940171495742,0.23171555670484065,0.22943288488594904,0.24035428729238564,0.23922132373787977,0.208635537176858,0.33409126829639413,0.38414559519871405,0.2818719555825289,0.20697255219169916,0.24269331422562734,0.2830389255543352,0.16391592371182714,0.3173623840007846,0.22873155026652503,0.26795642435348166,0.21612695560364048,0.21615054440143558,0.29099733165737823,0.22459338503112955,0.22299981521743506,0.23492037779285763,0.20290388007473345,0.2676475149240862,0.2952028988896292,0.2579339195976229,0.37313373993617033,0.23852744117445587,0.2598716601779841,0.20160689922156866,0.22993275056198131,0.25156071895298093,0.25973144078907784,0.2406574832438905,0.2743645150371463,0.23816034010105813,0.22156025185119163,0.22215600177917477,0.22923937025602645,0.3126107646470676,0.2104824883858653,0.28029296411869975,0.2155517016188592,0.2421067800287378,0.24634112213822149,0.22397211050219884,0.21390980658873207,0.19855461942424202,0.17599361088675278,0.22270120165325527,0.1897684640039627,0.21777399648279927,0.21219148251576897,0.2983546442749936,0.233462113540499,0.24388291533286383,0.21814800817385502,0.24003830742005067,0.27195317551523346,0.22517655661185315,0.25172101641176287,0.30645029234499405,0.2503693415814464,0.23974427063814463,0.23747500938478386,0.17504718704677358,0.2388491066853582,0.2590226965072843,0.210865714607178,0.25546983722907995,0.3226898572979989,0.2411111961937271,0.2333642554420538,0.30503164720400744,0.2743432450105137,0.28030022569901875,0.23086935821261448,0.24660032839372478,0.2079868628749667,0.26769890754256354
0.3129868539139479,0.3616687137120422,0.281099499496649,0.2357632317059933,0.2153570353054413,0.2922812795854717,0.21098897482040405,0.0,0.341481020581365,0.29848347073706505,0.29025612652309096,0.2736865221649964,0.3074522361087402,0.24362135766283174,0.3138040333550609,0.2783230539682877,0.2866775384833977,0.28364211153294594,0.27006167077151844,0.28691481969967475,0.304864593298524,0.2934713045082231,0.25677900316542224,0.27462299036513865,0.31906740060377986,0.2348285280356255,0.3043458099842493,0.32164403607539027,0.2224646727933641,0.2535640206865309,0.41257629636398546,0.2861823154999728,0.26182884933133227,0.2782287802542155,0.278717537199176,0.3107008680438079,0.30047382444339427,0.31547463784723934,0.2779194799957571,0.2926842361253271,0.272514388862475,0.31577614197756376,0.2685405307839705,0.23208913059149763,0.3996844305297021,0.2842595772958893,0.2244499162192548,0.24253298939529105,0.2685047898001778,0.25525059330582434,0.27029766584187376,0.22649310002528472,0.2443944318712434,0.2484841554565392,0.26025450952888013,0.298449759732767,0.2687193531565322,0.33610435806030775,0.2522583604490676,0.27125779573564485,0.38246603165568205,0.21961345149705494,0.27685603151965893,0.21695349593644778,0.23269719500442454,0.2483437865830834,0.2856353992984701,0.23996863677146568,0.26154499231120343,0.4552432311017911,0.2740282599418971,0.23955441058893376,0.26069364482861085,0.30018993321102716,0.3954706680954167,0.2523354733474643,0.24531312379717926,0.2433230438834693,0.3215987502720334,0.1986860074288871,0.2845915487972323,0.3039174361645802,0.29516588302487917,0.33395739542802844,0.3042891835968107,0.40959707063119505,0.41609718787250305,0.24080628950536154,0.33264958534682315,0.29905418156856445,0.24360726758949705,0.27011765232169005,0.27534155867608917,0.24156508942678614,0.28157331574180566,0.2523367779517727,0.26616586390426406,0.2932379951916738,0.2214090987832561,0.32587848457083285,0.2582252357890422,0.2966426538212557,0.21442124103692728,0.23593375731691796,0.33212969688389776,0.274347833061334,0.2697254967186262,0.35745665517590763,0.27683756172368035,0.28605684892281363,0.22723736644832593,0.2636560972236233,0.2922488044123607,0.28722595415633234,0.295169577296189,0.3341429116549493,0.31399111005257574,0.21904799419636806,0.20446554528808977,0.25533126866923866,0.22363473995982666,0.31305121482732423,0.2673081388181561,0.29467797766093135,0.2504449503190683,0.2669825587833328,0.23046047284084745,0.3141899899093028,0.28430759261789074,0.2530990669824114,0.34913190330693683,0.27734346289328304,0.2503354874447103,0.27698898888351764,0.28901442722705734,0.2138045963413292,0.24709411936661843,0.2751841972612466,0.3205112753138841,0.3120020512966375,0.23302417657582575,0.25093963103302064,0.3094579763220098,0.2932310112102538,0.2915608798581647,0.23489563984650233,0.33421971448348076,0.27843514909829953,0.3387998366602888,0.22724276675577348,0.3406159344682408,0.2708900467469569,0.2511967053426283,0.23167568311552633,0.3279315558996421,0.3438925166711498,0.2720543953154527,0.3002280956810588,0.21011123951468696,0.23244404902515772,0.27391485691307116,0.28605754863309385,0.2558921531291639,0.285452813347106
0.3396159506462252,0.29233805938649643,0.23758460999367154,0.21266460638455575,0.22211343789444168,0.23171058745219913,0.21623748396053152,0.341481020581365,0.0,0.24933264774388925,0.2375560574747645,0.23150801553721892,0.28362297271165615,0.30956820038473715,0.28489543883694013,0.25508269398364924,0.25858794906396065,0.3430940758791532,0.2203028290091089,0.29376089169147573,0.2502376039908817,0.30563282996800123,0.24209579760424205,0.24697776645800498,0.2677043495128052,0.23265105022946683,0.33164607309863986,0.2715332975262825,0.20679798451603737,0.29916748733772236,0.35632440593618114,0.2666780569441066,0.23149904354209686,0.23778906340729158,0.3004053329792415,0.2590448458046124,0.26907327093585304,0.3669626103313498,0.26358114396096377,0.2772396409589404,0.2377694989681052,0.3056556422969861,0.25368060748499766,0.22345677249365006,0.3270694586262812,0.2964820889524702,0.22920929723654812,0.2157256430223741,0.26053486861821773,0.26401434116890904,0.24739564269812656,0.2176849849059862,0.27774740011722565,0.21668475239219623,0.22711791227366268,0.34561405977098636,0.28853590424815645,0.2450475179674251,0.2582716598377014,0.26975091399502177,0.26766030525026685,0.25750602364106134,0.2305512995364043,0.2349853744177159,0.2739049644545162,0.25739835901147234,0.3325962480841496,0.27989664731155706,0.253279750858764,0.3156148243062639,0.34071927725505113,0.2926943426780684,0.28195416957823,0.2668326583693879,0.33016957337512165,0.2908718357224635,0.21781623668691483,0.22319513849126277,0.3265206300796311,0.22656772733767844,0.26622166932047187,0.34273799490918744,0.3352055196730115,0.29176696919403433,0.31434806679324856,0.4063521389155032,0.29680425941016947,0.29217292480841744,0.3331451032790575,0.4667331579447615,0.2621536097217946,0.29493630423390577,0.25706647201295124,0.2639321942609328,0.34448664952111996,0.25054476562239175,0.2594646047350174,0.2561662322307043,0.2999340906592555,0.2887800525620413,0.3159939888448614,0.2262329122694051,0.22683065227691795,0.20914533107056343,0.34121540644906817,0.2850179061566718,0.22825529982840065,0.29406087826623417,0.28527404680930385,0.2471679704085614,0.19706593826231789,0.3305866833237185,0.27931379504109394,0.34151379440430796,0.29698276629197773,0.30742206937354444,0.27901760095001427,0.22447751343062647,0.1729304521611906,0.28900912072026574,0.2745031977891113,0.26742086638690027,0.27546167377448105,0.29496951188785364,0.3826377398139963,0.232683855290581,0.2569609548553879,0.27518354938731515,0.22619603756651774,0.2916969524244033,0.4306082705410572,0.2611721795071672,0.2823986412762594,0.3292674598930501,0.269083486838482,0.2583231999199867,0.2756689443543466,0.28126924432107037,0.32569303335539235,0.3427104324261922,0.2262684857429526,0.2591461621997427,0.32137299161364946,0.311812635015722,0.2994028852666843,0.24391681827536973,0.3550693327593719,0.279706488043682,0.2907023534462163,0.22233385897484995,0.3244135462713898,0.25294086269754895,0.2500991709289454,0.24673555029412708,0.2679996252160257,0.38157917144997106,0.2765382341886926,0.27230553563545107,0.24530155569854886,0.24879303789242574,0.2480189647852252,0.31400457248583463,0.3244807313706207,0.3085178858053812
0.3089053351723418,0.38416740462093474,0.30795738445116416,0.22710607247902495,0.2541163181201419,0.26450933456589054,0.258561848188771,0.29848347073706505,0.24933264774388925,0.0,0.2679703400839629,0.25392769232677553,0.28719571985639825,0.26651457047279226,0.2928190627391531,0.25880445461997054,0.27258500872856795,0.310974355619778,0.24274151704553468,0.2370255369254426,0.2587449389434073,0.27777535732934916,0.34550678127505285,0.25201544112052776,0.4177015798303813,0.2391110213236788,0.2881116375452499,0.2751028646554928,0.3399093171621843,0.23694797688322178,0.3405869215667144,0.2923811588689109,0.2204206367732889,0.28254513079889826,0.30204896008569304,0.29581996719208364,0.3121472756908855,0.25790787915209973,0.21846818785538868,0.2956091332061537,0.23125148386577427,0.3252744889916697,0.256868676667835,0.23832128899048471,0.30260630102909747,0.25259834567868766,0.2492186844913251,0.27208326403683125,0.3226360709200247,0.2214174738880424,0.26486364575290416,0.21994868893132585,0.22064322640369688,0.25537251837288094,0.307029682094148,0.3232757338207117,0.22834205600767007,0.25154869177484496,0.2539566271095059,0.2483520713650083,0.25736143255722554,0.21632366782985576,0.22815055480020596,0.21763230804461614,0.22695451378255155,0.22285571448906347,0.2491209732153869,0.2549178941067711,0.2582257377569785,0.33669527171115216,0.2457585625678103,0.26252748102122575,0.22660208266442888,0.26805223148887464,0.26641948436682716,0.27922103185017483,0.2104446417099058,0.3068076832445955,0.23350034331217107,0.2116939575800629,0.2730944435883015,0.27354880421669403,0.2858617387038583,0.2633978088367787,0.26617077892077784,0.28080897067767463,0.28400577751306755,0.2479601676333355,0.3129139106913023,0.23321539879582387,0.2609338870094843,0.2823140574780203,0.28663494734594225,0.2153241339659544,0.26951332727187477,0.2886247711473325,0.1851295939985268,0.29769514830748073,0.24097604847934478,0.3008366112836899,0.2530417672033887,0.2390838670704518,0.22358408533171886,0.2737507969677688,0.25942423165420275,0.24337352372128843,0.23416605029298918,0.392146957086797,0.2895365259429923,0.2940262182681203,0.23880480651512245,0.2508401295540379,0.28812062968173763,0.25198233213035526,0.26146933766380503,0.2869091290719648,0.3085387354876895,0.29198183821425855,0.22930623321295682,0.2835890707784174,0.2081740250552373,0.2404124918608568,0.25095589118104933,0.2962862969188737,0.2320251338513213,0.3149510255269042,0.22089043429936697,0.25034001362692243,0.3284415506726514,0.26806991111610745,0.3171924825764955,0.21789933967716757,0.20744729558346792,0.2335032558981671,0.23277898760491522,0.21242302713261849,0.24294833965616994,0.328366912794838,0.3062110214504828,0.26488566592523316,0.22425620379345598,0.2855988926216426,0.3022844422579535,0.24870820826937245,0.28293888389701477,0.2691944491664694,0.23695799996400965,0.27944076885201213,0.44934123772454515,0.21308021505448682,0.2507813721600868,0.2933951453985948,0.2164150175700318,0.2541467173642122,0.28430405101803863,0.2759387426361525,0.2217149336601619,0.2980006919872239,0.23682846881630967,0.26304145447903726,0.3335465292250153,0.304875856808346,0.24422807986261297,0.2487284440704338
0.3248666812375015,0.3236718290061637,0.30561220817683543,0.25649070637939414,0.28623429967640457,0.3489290337287413,0.2631525182535025,0.29025612652309096,0.2375560574747645,0.2679703400839629,0.0,0.3406526894361654,0.3166481481221235,0.22668156376969528,0.3482315998721585,0.3614781465150312,0.34682370281844005,0.27258034594670705,0.3038017379593886,0.2620894010992327,0.3790305016333109,0.3519783489660187,0.2698404954640623,0.3427334917445461,0.3481688806382675,0.31164774528250366,0.2592699367677219,0.3108475415016421,0.3029492251690024,0.26542068838410976,0.3198295710651927,0.32801243518812073,0.2681075308734007,0.29059997778260277,0.29331381886640717,0.3481306824462149,0.35445273674397126,0.28045879241331173,0.35782396329929494,0.32949930996019794,0.2977668312187873,0.3087083655748042,0.31241586965752033,0.3494013384183114,0.28989823506621454,0.2717028295847911,0.21560388938381278,0.43896740088299646,0.30487394957455854,0.26045231637808386,0.3758381998212,0.27897590413731677,0.22919095913931387,0.3412708909051318,0.3915852271750551,0.25066534511548416,0.31028963519301805,0.4016713320324225,0.24048118825578346,0.27116664165350035,0.3137315379110957,0.21465295527835332,0.3521178188053015,0.2069760043681326,0.22217655035001854,0.24385946209470202,0.2712676248610227,0.2615809773837988,0.24236080611466404,0.3145580169728202,0.31086082517840574,0.21932738200239632,0.2530836407664694,0.33761585943123235,0.31811044745332795,0.2507396993121765,0.3129264925060046,0.3087414619300528,0.26480964785381284,0.23696196846061945,0.32177995771616164,0.2815086443511886,0.2827263849652373,0.2781703563235558,0.27930748453236964,0.28311463220626515,0.3169968270287781,0.2302861648950758,0.26314364676781327,0.24041524713578652,0.35203596417433275,0.23805214963039084,0.39314959922308557,0.26980298451800583,0.2606072530108125,0.26971495692880976,0.21441078791785123,0.23979994950833228,0.21080741263461036,0.26874479591758343,0.26479047565541,0.28096197013012564,0.21836897010213657,0.20540501110159548,0.2851843311656759,0.2642384164457973,0.26704073283031576,0.30388140816629666,0.28560244824206926,0.3584660818900188,0.36028492027558096,0.2669029489449241,0.3083072197751455,0.2479259095884429,0.30572952080372234,0.31601769621936654,0.3003401840102257,0.27088246218426687,0.27174568349723666,0.24555589689633123,0.27511903527975584,0.23826592310082279,0.2829809596404534,0.3988254440676169,0.2357839544558519,0.34934865192890824,0.20850662766693212,0.3058367843975906,0.3178099806467248,0.245982583604586,0.22455193550632566,0.3145772029858118,0.23167557569293293,0.28835097346396443,0.32912437383532,0.24536119558171945,0.25739852695698917,0.30903577815479566,0.2960551871366909,0.29919634589757516,0.23275264420149352,0.2835834684042489,0.2610955137374674,0.2739878311873432,0.3698658378959393,0.22250145182798645,0.3105683395588928,0.2743096126315786,0.2852259074979709,0.22315969942253638,0.3777002862721764,0.26209420419279894,0.2982973852288119,0.23557488104472168,0.3122819769045588,0.2971705290956947,0.29239123332619027,0.32998720054559316,0.23912748157077893,0.27359034813028793,0.2507728111587336,0.28777566642372726,0.2150033968659643,0.4060644634616193
0.2469433073804953,0.3320413784007027,0.2758176234662458,0.25906667522828675,0.22172960508991188,0.38657078739012224,0.2960645979818653,0.2736865221649964,0.23150801553721892,0.25392769232677553,0.3406526894361654,0.0,0.2337903442555407,0.17347027455871908,0.313689377996287,0.2514561963535821,0.2649631622881546,0.21420403150152936,0.3511427465971605,0.2181727987758471,0.2880076996525837,0.29937811565790684,0.24155364189361653,0.2991981562878349,0.31197857400594975,0.21872602710286493,0.23006703286569938,0.24673778191645016,0.27506059867635035,0.25930030833005735,0.289615635887276,0.24449658125608903,0.28616723077886197,0.26155729529256416,0.2313148646714166,0.25551270693635103,0.2566548835062686,0.22874492621999598,0.3100465329334106,0.2573023055532945,0.3321409721048465,0.271770499616911,0.22765759303235328,0.29627670421163566,0.2439451416329308,0.23399211969019768,0.20775006154929693,0.2639415764493655,0.23903473608171433,0.21740265559956265,0.2779886311002109,0.28692850483492904,0.19513108411435573,0.33079838110542814,0.30463740371172177,0.2242631919786283,0.25062244172246984,0.38759648475344616,0.1858364350549871,0.22734110101592236,0.22416583359509973,0.17342711141841655,0.26317285929494555,0.1705097586173861,0.1871669011616647,0.19643241516580004,0.20131885793515192,0.20413188217154446,0.1854290087548972,0.24605816826047844,0.2237873211279671,0.17532252713200278,0.19102613815959363,0.25742337935807186,0.2603469354021846,0.1940925635769888,0.21767258159070077,0.24911865368820468,0.22119159573818417,0.18519918942365593,0.23981485844889514,0.24175943804240993,0.26888336843795047,0.2109351753610019,0.220608832225256,0.27415051752220626,0.21804036869486657,0.18137564836068376,0.2311526174052348,0.23432069838234992,0.26839363443725617,0.26183972414049106,0.2734074939425146,0.21543305559199802,0.2004299725232957,0.34090518138569553,0.18133059375934252,0.27416001686234365,0.17107327620893542,0.22879797216238212,0.1984689005005599,0.20712114594326014,0.21682746290536034,0.26207178116784086,0.21175334703223903,0.2279624608818194,0.22189124786980763,0.26765691791041135,0.23583124416354928,0.3115477794007307,0.3681036983890875,0.21241240148713877,0.21550267899238254,0.20744853015071488,0.23404739164945407,0.30931405619741464,0.24235561493182448,0.23170671998563108,0.2720127011198776,0.20463124787240147,0.20402872652025125,0.21888994575094642,0.2122710622579977,0.2966184094237952,0.1809544079202576,0.4006728373461393,0.17969205765754492,0.26656417622356243,0.2954808125915515,0.19355648409479997,0.22250347249953534,0.23339067912252692,0.17916367176075193,0.24778973281264557,0.24006621997100283,0.182826353340531,0.2460098256528876,0.2425613998477962,0.23512646998712802,0.24882736408300743,0.21368966390724153,0.20749457030806687,0.23432927927977049,0.21739101476745143,0.24987201423003905,0.22686470956684154,0.33037335527251876,0.24318600957604639,0.2653419627514474,0.19467445706866135,0.26280538038771656,0.24151164955724694,0.23843648084842176,0.21928668855411093,0.3967528726072496,0.22594571818822082,0.25870578844008923,0.3335226958576397,0.2144672442148094,0.2057585953876983,0.19173160059664002,0.22515715211670437,0.1849979629875866,0.2925831532200836
