0,1,2,3,4,5,6,7,8,9,10,11,12,13,14,15,16,17,18,19,20,21,22,23,24,25,26,27,28,29,30,31,32,33,34,35,36,37,38,39,40,41,42,43,44,45,46,47,48,49,50,51,52,53,54,55,56,57,58,59,60,61,62,63,64,65,66,67,68,69,70,71,72,73,74,75,76,77,78,79,80,81,82,83,84,85,86,87,88,89,90,91,92,93,94,95,96,97,98,99,100,101,102,103,104,105,106,107,108,109,110,111,112,113,114,115,116,117,118,119,120,121,122,123,124,125,126,127,128,129,130,131,132,133,134,135,136,137,138,139,140,141,142,143,144,145,146,147,148,149,150,151,152,153,154,155,156,157,158,159,160,161,162,163
0.0,0.8329572685061915,0.8011339820007181,0.7845624839107986,0.7756866367482317,0.8737367033489586,0.7791553841738484,0.8109323012955226,0.8684661867050634,0.7832013646748535,0.8881941238726404,0.7751158733050972,0.9341280725878406,0.843757487772688,0.7988515800389051,0.8834100300102897,0.8934787077616312,0.919901030295912,0.8133784994752672,0.9351683130744242,0.8824492263323042,0.8495162158264441,0.7754009701711836,0.8295046306082302,0.8978722809484756,0.8042511211316731,0.7616185661736736,0.9016382690186096,0.7414305034403079,0.7879090919714604,0.8423722705664008,0.8829662036521679,0.7558328245163287,0.8212098434466066,0.939895290461291,0.7555608089845224,0.9189960672242099,0.8705432729659744,0.7285659168742543,0.7975357778455815,0.7238096630355673,0.8658205979878981,0.8322313526970685,0.8547452522372891,0.8527281755052606,0.8285353238235352,0.7704001882485348,0.8597069084694872,0.8775270853333661,0.8296274195965654,0.8574556795831727,0.8826400735867593,0.7677583580843979,0.8101739685132611,0.7906734725768166,0.8532292247251378,0.9280174929936992,0.8023914785474903,0.8252368406506138,0.814926698603864,0.853316820960256,0.7187342125861141,0.8687000308796655,0.7400212343022009,0.8439780449393833,0.86397986024441,0.8417272143049518,0.884975676400683,0.8283149831678575,0.8719097131316962,0.9031370950901678,0.8638569983612938,0.8885980127094217,0.8872220552437697,0.8810541022049988,0.877593567127646,0.8081437138686516,0.787495184258643,0.7888322819077294,0.7881579242002337,0.8358068377974798,0.8650100123163526,0.859193426785481,0.87071802335689,0.887071233745601,0.8848033065505166,0.8426569057449325,0.8234759399027077,0.8908244574806489,0.8034156441486744,0.8391653287208457,0.7711161284644933,0.8035725832097778,0.895872871793414,0.8828407397736651,0.8056669957366211,0.7325379299730982,0.800932305807828,0.7369722903848935,0.8700037246538507,0.8258779631325259,0.7290911936319437,0.7248183510098171,0.7143599631716295,0.8709624236654191,0.8497919854445648,0.781891582621194,0.8716454423583782,0.7709587492507745,0.8544325371357022,0.8452771449003664,0.830521117979124,0.9084304910869624,0.8136268586890452,0.864675340303151,0.8896455303290597,0.8779232560019045,0.8008755593124132,0.8289375822945731,0.8321409626748555,0.847513581043461,0.7108865468276346,0.8702846487995335,0.8858861567100299,0.8412615730665204,0.7898228137657465,0.747955143937375,0.7701282358560516,0.7959372391382578,0.7951499597754227,0.8295375570735912,0.8411374491173578,0.8490118030783058,0.8613266830735417,0.8344516646186276,0.8214396590195989,0.8700557642027448,0.8009531195163225,0.7926043473689725,0.7768592269980488,0.8065294130194042,0.8465215061459761,0.8694961015072326,0.744449011645685,0.8621082487277826,0.8258670596217655,0.8235888059995443,0.7499358856668676,0.8239581514628502,0.656923485180125,0.8992580487289961,0.789262895784517,0.8161758590851008,0.7077149092701008,0.8105727618852882,0.8759276169821593,0.8825756237915385,0.8688235023295078,0.813384939433141,0.8757690375382243,0.7671022231880025,0.9061672570309053,0.8611202273109034,0.9358660179014614
0.8329572685061915,0.0,0.8990724288061177,0.8237253075217722,0.7931017046834969,0.8578146097607267,0.8414474192858573,0.7982800932856413,0.7652451047648101,0.9404276089327371,0.876284342937181,0.8534668458128682,0.8800932528669243,0.847000514486356,0.8765729318116259,0.8524781807350278,0.8573819034561667,0.8373154337445793,0.7971255928672828,0.8285912176821505,0.868267934286854,0.9272160331730245,0.7923703474749144,0.8995197807819475,0.8921102978615203,0.7537044270854671,0.8025346480513987,0.8353097678550822,0.9328080346375558,0.7349816410045812,0.8418704811051279,0.8152272403226191,0.8580148043346537,0.7659955133761471,0.8789859429109401,0.8198637591173215,0.8442453313919861,0.8264027745360635,0.8053607378170077,0.8556690154241196,0.8528606623371923,0.8045924333990453,0.7395893740896232,0.8528630951234086,0.8511347493823705,0.7940232009856135,0.7741900610904812,0.8402195682030678,0.8593853789780224,0.7698045690440702,0.7946226432212461,0.8107007301355996,0.7786188820754386,0.899783192117367,0.8511655500592944,0.8348810003742958,0.8018687959173614,0.7808037032599774,0.832174849832054,0.8182648477542109,0.8297516251472569,0.6494625825524394,0.7507462579613647,0.7565069104206162,0.7260163292485894,0.7251515299108412,0.81027761884149,0.8158593621529636,0.7740134820263219,0.7941955000339074,0.7934073116038506,0.8281974547988806,0.7230874174940533,0.8542962283970342,0.838911382076626,0.7797799160760376,0.7646611588419985,0.8854698229510597,0.7250812986143804,0.7094031823956474,0.8166047641175485,0.7657249904100514,0.9230415409814557,0.8315011898500548,0.7197701516092166,0.8890181698978822,0.7132083265576408,0.7166903481412179,0.8291897134273096,0.8249976991881851,0.7596392631378271,0.7849807553387304,0.8537077737585512,0.7789181138964925,0.8136740685021141,0.9054990214051624,0.7005752888692485,0.8060605797483145,0.6664798473729778,0.8394693846547139,0.8513841502661654,0.673232890463169,0.6556638608671568,0.8224089295924787,0.7458371639145726,0.7934650355360744,0.753719368368794,0.8767955072196199,0.8438218441549904,0.8941760602135255,0.8263709174705162,0.708249050501923,0.781354246116187,0.7629833292061816,0.7967877998684324,0.8682133091505567,0.807074923797912,0.8145488809645701,0.8461120643270289,0.7799932941028132,0.8051159211880043,0.6644442729504499,0.7479949114002227,0.887634069716877,0.7343368368674422,0.9135375947733912,0.6745100340165237,0.8137081027149827,0.8921562085944863,0.8325391567458196,0.81525412230104,0.7658443285672921,0.7405815768134725,0.7879718357466734,0.8402537108851025,0.794542898625179,0.8610184870798339,0.8522965698160024,0.8595949489219163,0.7777076205953343,0.8581363353040716,0.8211507294461449,0.8647166094405991,0.7484667121061636,0.8784749581708098,0.721335460724543,0.8479495464967353,0.873254223925477,0.8870533904803252,0.6866475877144388,0.7597777728632892,0.8555937911505507,0.8100349172249796,0.8371358334941528,0.8645708843432272,0.8201935718077397,0.854091709069667,0.9021617667896815,0.8511438498882854,0.7402026162632768,0.8574717594899799,0.7939170495875263,0.9058739837852764,0.8247797116794815
0.8011339820007181,0.8990724288061177,0.0,0.7922566747854055,0.8344343098804093,0.845756181081396,0.7654006043324132,0.8583669276001035,0.7593569787436693,0.9235520447275838,0.8920243163283628,0.8433165174418751,0.8794428593140384,0.8112711491156436,0.8336534519014345,0.9172045430706725,0.8795449714164519,0.8339677971273483,0.7746265536418208,0.8169048028971378,0.912214182501928,0.9568512456518593,0.7469458533556562,0.8197753807961248,0.8676755627901357,0.782512097300842,0.7976581345136253,0.8042252151784408,0.8744659391269868,0.7466093705513284,0.8102921767626539,0.8423714163817104,0.8046342626798044,0.7276793659408414,0.8142683248115279,0.8689113108272272,0.833886615396895,0.8748091385717794,0.8128961197993251,0.7994097747830128,0.8127419495074556,0.8086483592334404,0.8206292332625522,0.8141243521587335,0.8650885103971873,0.7848523487177541,0.7789699986868116,0.8539722908231128,0.8121255213891767,0.8356654302578373,0.8160709225440002,0.7976643362846432,0.7256177589954168,0.8914632328779063,0.8686677550559397,0.7580379888057351,0.7941963839556878,0.8552098876972543,0.8198296493908367,0.8021240860864447,0.8457404714028379,0.6985316278025802,0.8190963875122843,0.8015473728908342,0.7232975729718768,0.7377324296023453,0.7830115582949976,0.8355980913051438,0.8788741715266137,0.852230000927034,0.8169099827399489,0.7770775305680707,0.7448385745153739,0.8882552492175398,0.8843917616929575,0.6884776657320941,0.8111428848734422,0.8575767071539453,0.7384178815610806,0.6327772275606095,0.7889375648037154,0.780863793968048,0.863080123832465,0.8426268666193747,0.7454737367341585,0.8751167897971737,0.7549445804746096,0.753608171922069,0.7936319306379641,0.7522057574462517,0.8087230804122378,0.7301920019155685,0.8607642502042686,0.7063904759752064,0.7999481260792853,0.8650412575876197,0.7490702515544345,0.7750127121177148,0.6548281234703467,0.7931311218821948,0.768956288423258,0.764997953339042,0.6833033507399721,0.8137455878875973,0.7902494920672477,0.8320566316482457,0.8255484140464823,0.8510321645229723,0.8069524666739698,0.8268696546277507,0.7953112229703363,0.7573841858889031,0.7677263276204841,0.8124481840703385,0.7722579134241864,0.8177925626808852,0.7313257802739436,0.8518811641969074,0.8590136549316217,0.7610028662967587,0.8036492530035099,0.7239518012623596,0.7065338669674471,0.8122331903186074,0.6648084874106518,0.8760785086599212,0.7166573367970076,0.8447218964697701,0.8903648149144047,0.8371687866227808,0.8047845387336253,0.8755019054628764,0.7206365220588989,0.736722633689679,0.8523329566566789,0.7492279728105478,0.7976647664091021,0.7966450756561922,0.8680602772792153,0.7964085783130695,0.8015804866101565,0.8510069960595432,0.8049689057524831,0.844471657059471,0.8671919604476733,0.7426246617298785,0.8674809905321266,0.831376830750269,0.9055032217219753,0.7202020368690918,0.740416189781152,0.7630244442833407,0.8470012176853885,0.8542512544328339,0.8538888114555937,0.8115041623461677,0.7822978587801118,0.8613230431624038,0.7418712040789293,0.7200602513852964,0.804178210522524,0.6994989069074303,0.8935498363385443,0.7834721997862502
0.7845624839107986,0.8237253075217722,0.7922566747854055,0.0,0.7990879963247628,0.7699215036764119,0.8790412270203789,0.8097775737998066,0.7008875191866759,0.7842328969337646,0.8478565608742714,0.8063758862571919,0.8159385504389521,0.7959379688607164,0.8976645434607025,0.7777971337320001,0.7965798809970368,0.8144760349343317,0.768299529672164,0.7104819668956954,0.8249937247245529,0.8263123197729524,0.8118052940188528,0.8292221316172499,0.8032114656103808,0.8526437948401551,0.8282207151276662,0.8169636132720681,0.7887106403328434,0.6787535875019244,0.8072017723375763,0.7427577985086031,0.9575675307000386,0.778104038785286,0.8333169057314334,0.8450980691113203,0.8118219752412977,0.7983700160422615,0.7878249343635867,0.8615796284809366,0.8832604951280717,0.712156230480843,0.7626010660232916,0.8562275094139853,0.8417650510030655,0.7899894394398154,0.6910985792697194,0.7833103628128136,0.8324587560875205,0.7650990998286882,0.8738043208758698,0.8447824674824066,0.7144206866695679,0.9229698301781923,0.8649917312324932,0.6960170632280047,0.7794834144982584,0.8066199391383615,0.7820893898901681,0.8079260023536252,0.8136177252423016,0.662092720629724,0.7973095747300494,0.6815982994861995,0.6977953990251925,0.708165975625171,0.8174862113936707,0.7737966935089993,0.7645781551259139,0.8217381782386204,0.7863595770600349,0.7762159252355756,0.7336767958114786,0.8782082094854126,0.7744107744163026,0.7021145160899542,0.8101221147253979,0.8615983387999638,0.7710005500426672,0.633341281864344,0.7025327560858631,0.8323641759863909,0.7900884080961975,0.7883464573697189,0.7642305621136252,0.8201300312390349,0.7274740505022909,0.7684219362265239,0.8025818507534382,0.7394130716265819,0.8567990258742334,0.808905951100136,0.8276993016156554,0.7233528536625956,0.8442119048806451,0.8324902491699735,0.6722068102887806,0.7644784259997575,0.6516757016436651,0.869855545915822,0.7868127525015082,0.7175420225955027,0.8127768728645122,0.8031578378614441,0.7885926711558103,0.767834622795278,0.749887169198777,0.7742854969876262,0.8231577250722661,0.7416891897218912,0.8534362641753346,0.7877400093255272,0.7710409805336716,0.753207884913785,0.8423754903147697,0.8401498370682309,0.722950977770999,0.7222386702167665,0.8283775100681946,0.8128343658319748,0.7674894711919273,0.8133483692814978,0.6704385505776523,0.8586995238513693,0.6450540929823501,0.8522945223184728,0.7080272741446929,0.8012202972697555,0.8197308730525275,0.8082208125911796,0.6721099111440625,0.7005651017376652,0.7344950077883534,0.7990932033676303,0.7492123529897203,0.6682613964863768,0.7044032555247586,0.8817912644674022,0.8272935950780195,0.7798295927170452,0.9002893277081677,0.7010559665615194,0.8573523352159887,0.7563424682966623,0.802788488448348,0.7628454140513647,0.7865890738699985,0.7794873529831022,0.7300736356448103,0.5842472761205322,0.8122346341764611,0.7696060941961798,0.7776911970618807,0.7469033370633583,0.857940341635947,0.7809829109832992,0.7798939828120408,0.867077326905918,0.9067928755394943,0.7889295546295213,0.7704679029985498,0.7190970748730474,0.8044308764351343,0.8178007175497827
0.7756866367482317,0.7931017046834969,0.8344343098804093,0.7990879963247628,0.0,0.7278743611079039,0.8378269718770723,0.7310267732503611,0.7470432709343326,0.7821204522295078,0.825655719551157,0.7974538905109894,0.768131779226108,0.7740638474066311,0.8065868860556691,0.8224193553750492,0.8501954978550791,0.8255656987450571,0.7451201222925535,0.7238106737158537,0.8396464606299203,0.8541288555039561,0.8263757507800675,0.7782425448734623,0.7739485952117242,0.760558140998919,0.8182532614477013,0.7851063034444508,0.772289189788896,0.8143842940675636,0.7374010333380412,0.7637916617449588,0.778196223733507,0.7162783048998496,0.7978532194768021,0.8184324799630569,0.7457069771954914,0.804566848324565,0.7387811990586513,0.8008369546530332,0.7914136023418463,0.8149431090092568,0.7628031937658539,0.775980613421051,0.7580090589143763,0.7388926531006674,0.7978207126571962,0.7361900070727019,0.8302729808127853,0.8223755932258188,0.8259201839669761,0.7886700166084806,0.7189702748449367,0.804988518682179,0.7938091082267477,0.7035067292798386,0.7800915010445689,0.8384094507729969,0.7785139555548861,0.7945808794269661,0.6905788373748108,0.6752868777539199,0.7546707179454866,0.7642538291498494,0.702942844896319,0.6466667818657416,0.7018131729265672,0.7510052209134537,0.8226468287630552,0.7570924674163867,0.7451353406744289,0.7536337655041451,0.7153212172072048,0.8297606290709617,0.7767065386858536,0.6480130838102768,0.7657557387596586,0.8926359441516708,0.6722970034444125,0.6016393590380941,0.6644130234533776,0.7817437341787017,0.8087362313924004,0.6997327234328317,0.7568074785844368,0.7812064467193984,0.6526492306477427,0.7620936680118411,0.7348354024660078,0.6770436349188742,0.9203675412121025,0.7606979413224619,0.8688361425712933,0.6688291851770426,0.8163469033291563,0.7570687318881768,0.6099238930119439,0.7200119735808734,0.7162432073493887,0.7527427513955595,0.6916425993075783,0.6684716717127053,0.7192797118567615,0.742736868649373,0.7570642584214988,0.7681355233791145,0.7185489016689267,0.7882437227140333,0.784737628226116,0.719631216669502,0.7872109312369808,0.8146482392386165,0.6851850086112676,0.7732430321885708,0.7411337078891018,0.8282463076785874,0.6978731280632604,0.7920406322827807,0.7775434880171341,0.781150811626554,0.8627192415675242,0.6895565727020228,0.658628377512064,0.7864666145987897,0.6328458873468256,0.755508487747915,0.7382476019884976,0.7682400122484321,0.7680596325448585,0.7594049972116823,0.7552810535397362,0.7529126184752944,0.645828490185248,0.7383563810971902,0.6939371202415298,0.6706844488787682,0.717116209552787,0.8074013899344384,0.7831366624933876,0.767378093139813,0.7143674318094538,0.7685724380420355,0.8377619182548492,0.7949213727988647,0.7596937653364231,0.7723360987505913,0.8254509152832809,0.7327971895163617,0.7605205256341432,0.6710456079860134,0.7005225229191999,0.7268764198037122,0.8550348412797925,0.8049692920636983,0.7806511254700399,0.6932428737725809,0.7184770429073943,0.7966601746633882,0.7389962039917994,0.752363252729187,0.6956940654658333,0.68279013981005,0.7885841832746103,0.8126065011790138
0.8737367033489586,0.8578146097607267,0.845756181081396,0.7699215036764119,0.7278743611079039,0.0,0.7269213484480092,0.8357087460625986,0.8235216939068812,0.8345356015003741,0.8657188255959996,0.8523990495161214,0.8614486953731724,0.7439969830403166,0.7649075313309186,0.8580596502945935,0.811089694070074,0.7656983810667746,0.8458041099974716,0.8313461373505149,0.8852908325019715,0.842303115218629,0.6702195671914268,0.7679655072142927,0.9152191576850087,0.7315337681270472,0.6692441897424831,0.7909434503138844,0.7901259532547474,0.7513673261020485,0.8814002703794138,0.8757717645487099,0.7661116500575308,0.762956253808197,0.8483369576217302,0.7675528862041117,0.8824287812524001,0.810510118042148,0.7790163534279738,0.6938806629197656,0.7234280666027666,0.8415286735911939,0.789728205689443,0.8930266175457338,0.8027618975161444,0.7301836917988986,0.728484749982197,0.8956648041435538,0.7700234856409872,0.7434004976517578,0.8038649558910804,0.8441404733851657,0.7041887210175198,0.8522776408738114,0.8181246317773773,0.8693118642248432,0.8054391264344014,0.8515408634283045,0.7249156161990987,0.7191551459389608,0.8768407925497474,0.7005199794792979,0.8559126363783583,0.6783210835361199,0.742988554857494,0.7821984586439646,0.7690105028752929,0.8484166973395446,0.740355841790401,0.863955496243443,0.8492430446779649,0.7304883629182062,0.7979773812455713,0.8147728841689741,0.8690256306077021,0.7977394977082546,0.7599687013522543,0.7699207165830676,0.7318728483501008,0.7879739906211518,0.9119855071208651,0.825606937227384,0.8696500384143446,0.857706423627945,0.7904586510190713,0.8368970854633433,0.8720968772009006,0.7261808739631885,0.8190675942037853,0.7936410310252218,0.7567564440344711,0.7966871093905192,0.775568662783049,0.7940068055581097,0.7717802311310709,0.9089772792210458,0.791529353762653,0.8403245245253814,0.678941941117635,0.7803709490639548,0.7924755631572515,0.74463057212472,0.7033168734668672,0.7966284880703205,0.8073828337083085,0.7658914920871124,0.7666659823321539,0.8268887799102711,0.6956577063686467,0.8612056449159292,0.853928025500155,0.7229430552673116,0.8850062517310411,0.7753765570070648,0.7658665848955023,0.7826036086316069,0.8338960348516964,0.7795037096803737,0.8663122102012513,0.7850129923671177,0.7171878878838853,0.7345144277193326,0.8027156136178549,0.8587687605625591,0.7943625320302407,0.8578603208486025,0.6874551860583085,0.7710799160118329,0.8379369154547978,0.7119912938648794,0.8260953261202365,0.8764326198768136,0.780758539464309,0.8472240756361411,0.8555853675549666,0.7716238924923877,0.8299425867786253,0.7066665388119328,0.7146956059927543,0.7660022474865914,0.8350509398820667,0.8568734296930466,0.7895209928696764,0.7738844659095736,0.8699330388698642,0.7433342078805222,0.8620033074954719,0.7667538787356692,0.861841465126423,0.6812322949599181,0.8505881932505347,0.8205874736511537,0.7342685774602672,0.6731440066958243,0.8749148312019215,0.8471477790712088,0.7937628941172904,0.8926751586582433,0.7541179175904024,0.7796820754965875,0.7446236443708205,0.8623997699096392,0.9116725187614741,0.8280396428339294
0.7791553841738484,0.8414474192858573,0.7654006043324132,0.8790412270203789,0.8378269718770723,0.7269213484480092,0.0,0.7108873139690867,0.6750489798126531,0.8280332458992617,0.7982893566863587,0.8014565737711947,0.7969538841526005,0.7979444565234706,0.8817802384880012,0.7572633555776555,0.7887373459147538,0.8060137272011811,0.74588440734482,0.7088847298380209,0.8035553986970919,0.8050449268412687,0.8879009226818593,0.8653399486839142,0.8141346112627504,0.7931054617664145,0.8112653285409893,0.7930081752938022,0.8027176738530633,0.7032369585123911,0.7819796479842945,0.7746561654732695,0.8558504160054589,0.8082338971413262,0.821708511259874,0.7930772804371761,0.7972829218835196,0.7127210720576027,0.75090393660002,0.890067994732549,0.8040789319487279,0.7444067417902754,0.7330892755635127,0.8274497114950816,0.8093374720273377,0.7929030446134538,0.7758219212484205,0.7570473017307068,0.9180607273409682,0.7512682046996108,0.8601612638972977,0.7808599724260012,0.7191468948223958,0.8588826755274845,0.8378349172830145,0.7396516466386658,0.7656204017073726,0.7289978346879262,0.8580426808261935,0.8157758935563653,0.7285195790438818,0.6433847268800565,0.6955073474123696,0.7037081370929561,0.7179495682631879,0.6856040739773474,0.809068081649018,0.7844208936439862,0.7308937362150875,0.719130445026442,0.7504642776096236,0.7970053380963447,0.7055758575914447,0.8585031098433865,0.6981478991107837,0.7553926196329259,0.807797552919788,0.9275081227437357,0.6801185548262335,0.6532621370644502,0.6726833254820959,0.775696615955832,0.8155536486228403,0.6846397595414945,0.7291572560245686,0.7505223342847713,0.6523378155555657,0.7902644442693494,0.7993525293067469,0.7360856302192977,0.8144095266186864,0.8461049918247693,0.84144885490529,0.737491906430537,0.8241504302625365,0.8063682237406564,0.5997892177999635,0.756415909493429,0.6733615575453674,0.8742380123143774,0.7839570803166978,0.6678106514847242,0.7693038073588927,0.7649919863749407,0.7127370370339903,0.754776059927487,0.721790959571427,0.7699992343031345,0.8633081146752324,0.7918170841458227,0.8769667360157707,0.7491283644537071,0.7385868892129264,0.6890025171673199,0.7646125515768395,0.8121918799615047,0.7422425659127813,0.7835114200520921,0.7942536736914658,0.7420506596388675,0.7824361576710488,0.664979114935151,0.6761740526310414,0.8789741876346281,0.6448818582932604,0.8203320718412077,0.7147584086481725,0.7826905454937744,0.7871404123800615,0.7900060960868118,0.673878487969675,0.6452787856164464,0.6723836606875244,0.7070355735273879,0.7145808896731257,0.687258450058724,0.731633953946298,0.8805497549100476,0.8032806889949347,0.752061765998385,0.7971795844847537,0.7213852679910469,0.907349806181906,0.7047159867606152,0.7914510001915291,0.8033290940925017,0.7474707832740413,0.7897836462502342,0.7431168338719512,0.5641649158494546,0.7422322678606451,0.7614611934230836,0.7619044565780307,0.8310810741344744,0.8054845128523263,0.7447484952018909,0.7875166367311839,0.8517775942908565,0.86530846364773,0.8156994200676103,0.7761229193050253,0.7169560706696958,0.7928270154711675,0.7839174287580958
0.8109323012955226,0.7982800932856413,0.8583669276001035,0.8097775737998066,0.7310267732503611,0.8357087460625986,0.7108873139690867,0.0,0.8200360807557792,0.7911155052497723,0.8481837551121817,0.8478944448173183,0.8669831217188437,0.7316961970844978,0.8440333083368078,0.883459552383481,0.7980155288285771,0.8062820462803965,0.8012822897273052,0.8063614826827288,0.850535993911289,0.8474896999726019,0.717570612991033,0.7647411150621817,0.8367191256194932,0.8031883878387767,0.7914587805143314,0.7978407936811495,0.7294457432631272,0.7683296985610817,0.9092765895989903,0.8266058025361637,0.8150477502286225,0.7648896630193615,0.7766499732257429,0.8309816729050284,0.8633831428847343,0.8816316672165141,0.8651814878855526,0.7346096302591715,0.7707111689449295,0.724587298597755,0.8792480852698443,0.7810013690841358,0.9132761555883032,0.8351415151324427,0.6974309092509503,0.8139995078848009,0.764230873875715,0.8177616480413117,0.8402954726688169,0.7828186344272611,0.6806237004782425,0.8516421769028779,0.8484726647838727,0.7195705439812589,0.8226001590869686,0.8954940255528733,0.7127324905390814,0.8130373655797497,0.9089021968890085,0.7422424847292545,0.8699765388496715,0.6831571504120235,0.7175556468811839,0.789898416020662,0.7919601835787128,0.8222378938331075,0.8142846981070522,0.9598832934590196,0.8563662873706033,0.739246747012158,0.7155991729862856,0.8719919777170073,0.8804093451422207,0.710649235013206,0.8474831585670463,0.77000802908675,0.8574122639604392,0.619662744913444,0.7299145121775586,0.855227248568791,0.838591217896159,0.872087823243233,0.7664677636782099,0.8950072173789216,0.871383172829771,0.7876904427410755,0.8715559451908387,0.8053213892412832,0.796622874755828,0.7407268717831437,0.8027895213542985,0.7320270106463775,0.7382746877324006,0.8377014610950961,0.8367390345304707,0.7473634897301961,0.6110442022580498,0.811098415206305,0.7689353854861796,0.8920865533715395,0.7263091967196537,0.7754074785339942,0.85389759296286,0.8603298501477622,0.8575490710585616,0.777718060716522,0.7583998410796857,0.7442181915787779,0.7747541131024109,0.7681246783806885,0.7639822681792092,0.8482198720154513,0.820115559620158,0.7997335913617958,0.7132113218073277,0.7880815191851418,0.7440099237610647,0.7548038814970714,0.74372060411183,0.8930265336055598,0.665611144737323,0.8263069872227687,0.629911964181242,0.8581546679661469,0.6974113466079741,0.9143862765855915,0.7969704149654612,0.8027581291553937,0.7728472677937157,0.8607568149636755,0.8102136473939096,0.7671323886347869,0.8372155603958951,0.682340855962082,0.7915263961522602,0.7612545050431524,0.8132991412473075,0.9049721673189836,0.8098852276905986,0.7621389860335658,0.7781904862354299,0.788855688339282,0.820953009207447,0.7391323317438152,0.8890703205464424,0.80445077549257,0.8077971129085528,0.6423002670804527,0.859266708458057,0.715121387946802,0.803498640513886,0.7413615388455034,0.8577460233664511,0.8844563840933631,0.776707583567972,0.8616252443874114,0.7158869711289545,0.7406951229848983,0.7055292252402878,0.6879460186346027,0.8910037594090316,0.7737989238656614
0.8684661867050634,0.7652451047648101,0.7593569787436693,0.7008875191866759,0.7470432709343326,0.8235216939068812,0.6750489798126531,0.8200360807557792,0.0,0.717192749544318,0.7954980195994835,0.7469429870554102,0.8043224533492775,0.7408042041703387,0.7260240221930644,0.8002591595313105,0.7711211603889574,0.8033341557049059,0.744687502398491,0.8072979928378379,0.764154179023454,0.8155814802384466,0.6752670747294557,0.6922577581655133,0.7902673998669926,0.6737268494015454,0.7338104423951118,0.7746069265488227,0.6623699685871792,0.8491815023229724,0.8104965245797382,0.7807455497985365,0.6889508052422265,0.6782566793073052,0.802090444427269,0.6965935378055017,0.7977772862127896,0.8195037541837519,0.6992093611375313,0.6645933504351359,0.6473745957891068,0.8688970612605393,0.7315774416759151,0.7171005743460835,0.749451521060588,0.7038870289366609,0.6944191682648632,0.7279161954734924,0.7231156187231441,0.7490722651026228,0.7388451476094451,0.7411503669606357,0.693072860271964,0.713512052696448,0.6956934178428974,0.8233445854192788,0.7866195256422972,0.821306313443762,0.6770256321136389,0.7215910756764403,0.7705231285666191,0.6917207744614929,0.779029974997461,0.6662555374076844,0.7210551634436545,0.7066446813453886,0.718673283494225,0.7895071689650481,0.7701652643600367,0.8637663323792933,0.8103212979163819,0.7088402092183348,0.7712018853123249,0.762545775210209,0.8507987567709229,0.7098884330303777,0.7162424288838122,0.6988948754238392,0.6837008093802234,0.6510401049546269,0.7163291444511701,0.8505345450810335,0.8373617483251011,0.7703432063372723,0.7470447949485354,0.8292589330989342,0.8079180915709859,0.7346218475394375,0.7810258567238222,0.7980994403435789,0.7940357789380407,0.7368943041352106,0.7214298700217439,0.720052512488484,0.7665980013465475,0.7616397679584622,0.7168057921349015,0.7143530150332227,0.6945707158054486,0.7229650939285409,0.7013659112977149,0.6991142677440497,0.6392530292786677,0.6694147124131288,0.8010444719772687,0.7387034043736802,0.6795412494003563,0.7735761683494028,0.6503025998521335,0.7199090702220442,0.7078844200087159,0.7323399862277025,0.7696267259337898,0.84316998867352,0.7178991905660524,0.8031244183634778,0.7260754974352648,0.7198600953775819,0.6875425683938022,0.8184367540576523,0.743794861752343,0.7266883637829934,0.7095707954328324,0.7555733039775833,0.7473826475481516,0.7013435574442703,0.6999699928372418,0.7423248800597119,0.6783631384541469,0.688796071054377,0.910874795961627,0.8305566268778385,0.7679452684893959,0.8502575564721138,0.7362200558030747,0.6876761820070121,0.760453286758892,0.675824277339749,0.6863405134738432,0.7555934974754922,0.7064044589788568,0.7806619909411934,0.7905471699644502,0.7531547290599081,0.7330318087103593,0.7214831286517893,0.8771089047508125,0.6777064259235102,0.7457994766772632,0.659180618191208,0.7909071260738584,0.7047279601309799,0.77947072897826,0.6621357771716528,0.7329683280589567,0.7950764636885979,0.7542904222584499,0.7755778921119307,0.6836062126560513,0.7258406701800415,0.6323135336820166,0.7765532757267914,0.8326889384079489,0.8369946208521646
0.7832013646748535,0.9404276089327371,0.9235520447275838,0.7842328969337646,0.7821204522295078,0.8345356015003741,0.8280332458992617,0.7911155052497723,0.717192749544318,0.0,0.8559005995061187,0.8703796026807125,0.8456296734125512,0.7958190063106817,0.829346950491463,0.860268149390143,0.843874334457994,0.8042685062119445,0.8030474326323639,0.7927809555517304,0.8594872491558027,0.8961535700878404,0.7945412122218859,0.8309872538738086,0.9108002050178731,0.7215479703839266,0.7841107507097396,0.8109218797698833,0.9370926497157342,0.7394651677915307,0.8221130707956845,0.8501755059111935,0.8006003100992101,0.7643029412374511,0.8212430725558159,0.8287225425810926,0.816962498062074,0.7925897548112828,0.7923117077280669,0.8012847371220922,0.7959650134577578,0.7922292264890768,0.7658783932870574,0.8192957608063067,0.8340036972736258,0.765135444321246,0.7768098675863208,0.8299058232564009,0.8598511665183182,0.7636509626569864,0.7870185972194397,0.7546195418385548,0.7253993944173344,0.874597540252713,0.8758827290434154,0.7807420506672209,0.7612419774805235,0.7948954776048959,0.8442975522121248,0.7833602607129987,0.7999013620817853,0.6456184476000659,0.7342709096818099,0.7724158238039289,0.696611815883803,0.7015046993929193,0.7632099457817997,0.7929602509271698,0.8038384626990032,0.7870651826694974,0.7451520695797607,0.7811205384734213,0.7036956005573322,0.8415069809148079,0.8171994496172829,0.7475492809553932,0.7721789891229897,0.8700667950072543,0.6918382790761339,0.6565385744531074,0.7801464084293224,0.7222930836148701,0.86590369190096,0.7843494675748992,0.7056555094411097,0.8166048138175834,0.7063617829975816,0.738982086890981,0.8144890938854548,0.7394577645213377,0.7485904286978979,0.7724666354271578,0.8631485788223404,0.7207654603048659,0.7600982406872867,0.8923998929885538,0.6793656373323705,0.8022935406878487,0.6420897948399062,0.7997601090178033,0.7932945314987905,0.709138972579645,0.6780875940541501,0.8613904664727551,0.7292747832691623,0.7709257122263892,0.7746751728803657,0.8636882373000042,0.8124213099056347,0.8578405049127846,0.8250388059607372,0.6942799637229665,0.7471305480114525,0.7620170023715838,0.7389000906544435,0.7862025164784816,0.785706332759397,0.882771770529093,0.8542991500601963,0.730969120982013,0.7379241478475176,0.6581090240691879,0.704226812626541,0.8317033716623204,0.6693788922877159,0.9086857757522794,0.6684188256993937,0.7965539334226222,0.9039479755898782,0.7944449770113629,0.7951140754769196,0.7593288095543892,0.6896381242504813,0.6939885713562395,0.8150130177495679,0.7358752374998955,0.817850795785745,0.7913942051781487,0.8453056366477583,0.7804869956310881,0.8174815529128135,0.8306247554969044,0.8160951514923293,0.770897722145276,0.8537543952712007,0.7366501621150209,0.7908571756910462,0.8532248507871334,0.9315967476350572,0.689094570649052,0.7212209990758607,0.8330785803346059,0.7939580681150482,0.8483636158661795,0.8664086279591092,0.7781835119391299,0.789362070458896,0.8612353714641693,0.7742953240874151,0.7312772033911571,0.8349801504183296,0.734923170137169,0.8912421868455832,0.7472555820712802
0.8881941238726404,0.876284342937181,0.8920243163283628,0.8478565608742714,0.825655719551157,0.8657188255959996,0.7982893566863587,0.8481837551121817,0.7954980195994835,0.8559005995061187,0.0,0.8499675711847097,0.9276259335676594,0.8436144170539649,0.8307081991652329,0.9441113594625732,0.9079995126681476,0.868303778008767,0.8294276761803506,0.8712276243294205,0.9061061296586351,0.933018097817253,0.7940860701015929,0.8586277041959679,0.9093259414124961,0.817472946118287,0.8326246312696559,0.9084437494971586,0.8623047167213228,0.7797345122962219,0.8402938154848496,0.8650061383757338,0.8064557419866857,0.7963810791039534,0.8967910425997133,0.8218413068067393,0.9182780890792102,0.9106164757036629,0.8430307862843174,0.8246908107785972,0.7764607903192645,0.8254665734830753,0.8158200652725206,0.8746015803223126,0.8662324153693046,0.7750119604118586,0.6853136944028868,0.9177957309429456,0.8877569684036565,0.8058140308192081,0.8454912530959631,0.8111259765504687,0.7094769414759802,0.8967777229424867,0.9025057268037503,0.7577070226444922,0.8680491766219343,0.8687781840022151,0.8096874740572558,0.8081762497875002,0.9012818494196959,0.6624546283898829,0.8298488937598048,0.7614649573317024,0.7245548674398877,0.7623405701948222,0.8448001234616279,0.8326405562446645,0.8470475085732524,0.9065582652563343,0.8323885109882706,0.8243859397116137,0.8203137047576106,0.910067445155233,0.9015966512451873,0.7556694064571472,0.8705101592228071,0.8658999223250353,0.7542404239482954,0.7333934408425499,0.7819860186255276,0.7991727564773063,0.860549525767083,0.8823689318794059,0.8113611775096274,0.8737644042196885,0.8386159462902395,0.7704149540838426,0.8249660029237156,0.7815888373776657,0.8392922095365373,0.7222402385738788,0.8694323549951697,0.7968378672738194,0.853059991277915,0.8582071196434999,0.7228687561942294,0.7545427014739542,0.6787395552953411,0.8147158565478001,0.867222803181,0.774008153628273,0.6972950916046368,0.7571791195940998,0.8131910985433178,0.8007170247196077,0.7867648123183625,0.8749322726303473,0.764933738053172,0.8585096787336721,0.872090957396469,0.8039684739223427,0.8428578445188294,0.8920822970686103,0.8119472088299218,0.8617776723893316,0.7731750175103212,0.8684931398476231,0.8634045792904256,0.811645025107841,0.8546101915455209,0.7380160695871105,0.7792766821011341,0.8713561210203631,0.7625611587159913,0.8800539370304759,0.6898609692474623,0.8277849560458451,0.8609879277169096,0.8080190777325452,0.7853544361150173,0.8543867164309515,0.8614802678360204,0.8515477641330157,0.8913707292738822,0.7574522374485356,0.8214036494827062,0.8183443158251102,0.8644242781447062,0.8163613729949003,0.8336391902196997,0.868936183452682,0.8237089135651288,0.8025888862442511,0.9272478207148256,0.7466993244173741,0.8295715143954231,0.7815249456802229,0.8531817648319594,0.7041988283549494,0.8640055048804085,0.7881818577847207,0.8840673543106918,0.7384837496176988,0.8533354970266697,0.8711856648580963,0.9035050002295816,0.8834921299010796,0.8387295583507811,0.8396279722565291,0.7465510286470799,0.8067579307562041,0.8387544184845512,0.9237900178494487
0.7751158733050972,0.8534668458128682,0.8433165174418751,0.8063758862571919,0.7974538905109894,0.8523990495161214,0.8014565737711947,0.8478944448173183,0.7469429870554102,0.8703796026807125,0.8499675711847097,0.0,0.7860371570625451,0.681220267368529,0.8196225611498701,0.8572005514397243,0.8097013836210482,0.7415577474294307,0.9172942235294838,0.7767673978834879,0.894049998771597,0.8221121114447818,0.7986570604818091,0.8086640116804362,0.9160042762353623,0.733605329943581,0.7446604811389753,0.8045732933598669,0.8186705737489179,0.8092945828647656,0.9093235959543288,0.8398414395306754,0.7966325285010466,0.8461162572761656,0.7969446880325085,0.8343658939693253,0.8149593924531435,0.7857737063007725,0.8843538236109386,0.7277953758259856,0.7899576960120704,0.7765096656952617,0.8128204200441855,0.8513535473494774,0.8363530975083528,0.7583348613728689,0.7319730607386347,0.8255382704180532,0.8309408155916267,0.7546153963765488,0.816864804457846,0.7819568769044734,0.655845377774349,0.8745214197032485,0.8825971097046571,0.7483880855803466,0.7890905014056158,0.9063928368502923,0.7179806534254095,0.7657511099666988,0.7907147359174055,0.6413377891030684,0.7675230901463175,0.6937373924241019,0.669865528574535,0.6892939819511348,0.714096797986111,0.739325810119459,0.7274029614325281,0.8245929682105205,0.7392734206310952,0.7051799696297913,0.6761338936856214,0.8134025222236755,0.801690486702717,0.7162088537328808,0.7825349929260086,0.8442805054546278,0.7468168478739496,0.6506113387431166,0.7266047484758359,0.7786414252320037,0.8460375689255937,0.7551895569130467,0.7545416931577626,0.8179373769637708,0.7631513526590291,0.7221591650294246,0.8162626423280078,0.7511472953674633,0.7779437100115932,0.8216108218219369,0.8458205347041481,0.7171585494029488,0.6976128239390814,0.8885177340268703,0.7007555287749111,0.8388165662719297,0.6277683191119007,0.7663958524741394,0.7505763001937638,0.7718085638971796,0.7427249169012575,0.8888997391723998,0.7519990618146842,0.7750603490267021,0.7885551147580528,0.8377929792094286,0.7417654566299285,0.8129633554561599,0.892590942816461,0.7424164552544495,0.7159935944772029,0.7748751708658617,0.7354102352589765,0.7710397586411943,0.778487274507672,0.8621370516454714,0.8125182375949037,0.7136101188813444,0.7192097019217101,0.7356190879579471,0.6942164854016523,0.8480224527427125,0.6355837248903002,0.9009398741728577,0.6469825420043167,0.8372146205590637,0.8694581854398853,0.7052841365162439,0.7711310886275814,0.7695367426213595,0.6934534895326664,0.7443558304823888,0.8119497232119355,0.6542839676221855,0.8204896964930062,0.7478218239381914,0.7828798444612382,0.8819529567283911,0.7755533688650462,0.7776938324547956,0.7932435987533982,0.7631962210544693,0.8401327550413296,0.759273813008883,0.8560115630998644,0.7813260498481184,0.8840229446885226,0.6792711460494585,0.8126621434143256,0.7842636226366952,0.801019857092106,0.7459150480424559,0.9501932094911844,0.7801496576209207,0.7518934062030943,0.8854032731579979,0.7236266652793036,0.7396444088175486,0.686537450978496,0.7311318846253047,0.8966573579232759,0.771010515303014
