0,1,2,3,4,5,6,7,8,9,10,11,12,13,14,15,16,17,18,19,20,21,22,23,24,25,26,27,28,29,30,31,32,33,34,35,36,37,38,39,40,41,42,43,44,45,46,47,48,49,50,51,52,53,54,55,56,57,58,59,60,61,62,63,64,65,66,67,68,69,70,71,72,73,74,75,76,77,78,79,80,81,82,83,84,85,86,87,88,89,90,91,92,93,94,95,96,97,98,99,100,101,102,103,104,105,106,107,108,109,110,111,112,113,114,115,116,117,118,119,120,121,122,123,124,125,126,127,128,129,130,131,132,133,134,135,136,137,138,139,140,141,142,143,144,145,146,147,148,149,150,151,152,153,154,155,156,157,158,159,160,161,162,163
0.0,0.793538698238866,0.8185904357283038,0.8276852848337694,0.692510191418066,0.8827718501487518,0.7426205434214784,0.8241818646997922,0.8452166166050943,0.7353939491394426,0.8371390842537296,0.7816830342501135,0.9549251740632118,0.8091479628486439,0.8641221123841184,0.8747525548928327,0.8836520948399851,0.9508652107473732,0.8533830786049982,0.9366517541437115,0.864969789382575,0.8230541322228089,0.7377009290080225,0.8426365161246613,0.878368857722837,0.8359079486037895,0.7709307115993276,0.8996907380131358,0.6635066772607674,0.8123237093384136,0.8594384889469856,0.903720138349351,0.8469945412434342,0.8170354455993806,0.9062326257043508,0.7885057747934645,0.8970369610361603,0.8934213033962669,0.7508845553441983,0.8625151942373345,0.8235103369118706,0.7933297730302789,0.8809343226680735,0.8682560723047933,0.8903317692301511,0.9280561340267346,0.784583613401801,0.8443926547367329,0.8786793452455306,0.8913757973279648,0.8818097024385273,0.9104482887953198,0.7247826141012683,0.818777020172514,0.7854371539994202,0.8117078058319919,0.9429108226200399,0.8114522516963419,0.8004923328499742,0.8815667529858341,0.8390183502967825,0.7957419811645932,0.9054200343214008,0.7050020739039707,0.863796519530629,0.9323324407468732,0.8469830675090301,0.8775107408837695,0.8702247842781236,0.8333595936735443,0.9178517180510041,0.8578229045429748,0.8595625114602626,0.9063421372098643,0.9054785655319443,0.8759905050688905,0.8019628581979115,0.7168569048809269,0.8804487705886067,0.7423104042891553,0.8551389814487645,0.8513673432577837,0.8237348835531475,0.9088742745014281,0.8895588251054797,0.937940864071229,0.8084934661251109,0.843452670300303,0.9163467780355138,0.810944067233947,0.8485836345364011,0.7960391818797352,0.8156371858689712,0.9192418112501224,0.8586660953383343,0.8015785833149898,0.8006447150709615,0.8203382222364646,0.6544365859746757,0.9284256264953067,0.8072833186456129,0.7695170014431393,0.7955623668368407,0.7631659092313702,0.8858921710801895,0.9185891053920265,0.874094598412064,0.8059311310774274,0.8640600177874584,0.8221511817712382,0.8317588828161434,0.827798556284655,0.9114398811596005,0.7737186103093191,0.9157440839897346,0.9110384805042756,0.8323731260420665,0.7988231726854464,0.8167000984394923,0.78568992195883,0.825514051560178,0.7407386979383773,0.8117175842619297,0.898775937373617,0.7559480212245877,0.8235151732677582,0.7860566319598532,0.8051554432327993,0.7980382748698387,0.9041712439189863,0.8371219955859557,0.8687579314961068,0.8165576778301289,0.7964525414565721,0.8481546790585563,0.8273998978877009,0.887561895515884,0.8921161565595607,0.8261016714812711,0.8358779781723782,0.8356417674860724,0.8067694356835237,0.8347533541763474,0.7321746932384913,0.8420711355577908,0.8350773608970035,0.8314674956747229,0.7976318574283335,0.8090667196220764,0.6468556664575295,0.882698926408238,0.7301620563042396,0.8231480622340986,0.7595239903617248,0.8586615369372381,0.8800244092947229,0.9206431260296918,0.8766644133446629,0.822638566328288,0.8903794031443024,0.7742562926790078,0.8581371350235037,0.897343541709309,0.8813990798530149
0.793538698238866,0.0,0.868692447953437,0.7449327337046521,0.6959706861971756,0.8764353310515586,0.8157521675393141,0.7126728858271244,0.7438795510741502,0.9115361527186432,0.7848156380815678,0.8277875347700109,0.8157130494818616,0.8057014992250812,0.8179848185196876,0.7943840466459967,0.8260330033813238,0.7758610187636482,0.8353441713215343,0.8106665009831244,0.8187721811590075,0.8788206607300025,0.7012118591872983,0.8393698148500203,0.8496543583003551,0.6577077282000529,0.7096779886829324,0.7788637843470443,0.8787912864156635,0.7591060616591053,0.7876002327514845,0.8436269670087528,0.8245006263579251,0.7105909039755426,0.8249287310611447,0.7880137680111677,0.7498057579998113,0.7583578425333986,0.7571477428186266,0.8227421897132349,0.8518824322614245,0.8278055389901177,0.7094962602989123,0.8192419313719234,0.7631898526494938,0.7617470712584683,0.7715857235523368,0.7790212167450214,0.8223738690409792,0.7769985916386508,0.7551010444127192,0.7723359163263258,0.7579612970445017,0.8473136691143246,0.7872281794887868,0.8518341528271105,0.7785889705855018,0.7387337706743496,0.8209972847934279,0.8063350883880172,0.7479527464571877,0.6941841427236956,0.7263552594189879,0.7394738268512454,0.7524723790272019,0.7341860100469629,0.7266996954612469,0.7499693466693901,0.7347405819951024,0.6872973583899681,0.7461230306134743,0.7668021971255427,0.6955593865773415,0.7893052959159138,0.8270109333708963,0.7695414540889374,0.6987692919048547,0.7532699948542247,0.6793957311741827,0.698160308509881,0.8370797373633652,0.7202557134381352,0.843623565049487,0.7593722730868135,0.7030874954315913,0.8182966952404053,0.6542169595237907,0.6849080563789899,0.7705820839077152,0.7657131332452067,0.7024006558475654,0.8349928042442699,0.8441300402828114,0.790550220074331,0.7781031435570628,0.8533075247007893,0.7323296908757304,0.8002545043570601,0.6482838515362525,0.7895673915061059,0.7880816325579406,0.6514591363696521,0.6211113028470048,0.8218467513204456,0.7153194077962426,0.7508922255505213,0.7683081834705618,0.7851083099112378,0.8283240015010794,0.8806899961385053,0.8044968039564843,0.6600740640832549,0.7568503313501348,0.6920432398094478,0.7253749347559029,0.8020081204932187,0.7886718782924236,0.8209836025422043,0.8303072478943173,0.6977623301504533,0.7448919945121969,0.6040774426059966,0.7213711907731162,0.8291168748856564,0.7300214246030142,0.8599977816581261,0.7117538558877636,0.7411542304292643,0.847514864698111,0.7900609411942948,0.8760104803708734,0.782700853002579,0.651577037385468,0.7280938509883763,0.8070546644824306,0.8096318377816929,0.8221972058818082,0.7976397513548679,0.7630215456578718,0.742130228708571,0.7761778489942284,0.8505126941404363,0.8529228384320984,0.7505968825380166,0.8016557258714117,0.6748814027706226,0.8015578108858767,0.8366201114665817,0.8586827243952498,0.7274578648622373,0.6855757148481835,0.8291135007481995,0.8056860850452858,0.8600713615756558,0.8187544554016686,0.7372281711852768,0.8270583961780174,0.8172743558625387,0.7912899485098617,0.7141446536249333,0.8005926889944767,0.7866077620030635,0.887951625899951,0.741284694423133
0.8185904357283038,0.868692447953437,0.0,0.8505804794792978,0.821607477692405,0.9272827782606672,0.8365289459252425,0.8212346037531087,0.7533949837521755,0.8782469218190395,0.9329654834797152,0.9396891502726329,0.893901457154407,0.7266790487731158,0.9035952343306194,0.945550188541696,0.8855073198948212,0.8056887998001573,0.8877157338531705,0.8084507720446883,0.9365460341021978,0.9637554722710828,0.7232476183835969,0.8727461109064564,0.8993437566996436,0.8025335468516354,0.7755442633393089,0.7953317361675621,0.8277817869704581,0.8683073597539738,0.8548539830167177,0.9291653504755876,0.8838402107852517,0.7516911131754546,0.7736111237248715,0.8691131899810922,0.8688283422985946,0.8535664698360634,0.8970553314698283,0.8354430136408403,0.8776196938417782,0.8280727923735279,0.8669691315849357,0.924351319641871,0.8484324109934179,0.8206971899250842,0.7743770053598725,0.9214596834418968,0.8718810160833879,0.8623990625099931,0.8875564641708144,0.824147864110985,0.6665268746557926,0.9397063057805825,0.9225347447056786,0.7473428197195199,0.8395041757917249,0.9161781087959917,0.7667148872342977,0.8256916170874268,0.8322137096917023,0.7491250677348764,0.8496862928622749,0.712519034021152,0.7473837137010189,0.7828362896748892,0.7804852664696476,0.8583672324664161,0.8466620718644504,0.8129911978142371,0.8481969895022192,0.7191720840714318,0.7214106047199339,0.9183529221221922,0.8836702435498549,0.7008653420643266,0.8690434205953669,0.8602503027759478,0.762356464348147,0.695237321216672,0.8259616990428905,0.7930824476581646,0.8873586354783379,0.8160398636350188,0.7729992231320196,0.8546804097690669,0.7680180877705632,0.7636660288110811,0.7878829564863372,0.7669279005973049,0.8565699417808111,0.7786209770449256,0.9354132037646145,0.7547281273202425,0.7744615694169168,0.9168596538326594,0.7820497962822706,0.7692259413825586,0.5936031908634888,0.7885082488781855,0.7773529647180133,0.8078636438204598,0.7343155041833521,0.8568343286882131,0.7769391496938922,0.8496040678059391,0.8812326168999217,0.7755661313154846,0.839557789219544,0.8689182912063057,0.9140691761904303,0.7626182960673361,0.7918350817021209,0.7901432589076052,0.7635354106281702,0.816253532227036,0.7062673325907598,0.946219049322419,0.8830219676037149,0.6834972779827759,0.8272772393984134,0.7241948512768123,0.685818428930781,0.9045501741552577,0.6215783867322663,0.9517166895609915,0.7319207485725839,0.8794223896151017,0.8621755106041507,0.8510591719325307,0.7972726257120125,0.927450074118449,0.7200310941767292,0.7299175652672297,0.8894377790174686,0.7643435336019415,0.8272176265030048,0.8323880436481788,0.8250441554325909,0.878685469023192,0.7930855663569134,0.8817790323765461,0.7926890824890147,0.8327694469261537,0.909588909421749,0.7444458776015238,0.9038103095212886,0.8655559021146225,0.8658405808444287,0.6979977193209042,0.7751339382209921,0.7265713270457209,0.8891249027904697,0.8912307665700647,0.9310316512875147,0.8306567184749102,0.8602042049152637,0.9274807592431749,0.7182619200344413,0.8144516374788459,0.7290783897312734,0.6826005820127535,0.9095140167544521,0.8198888294525521
0.8276852848337694,0.7449327337046521,0.8505804794792978,0.0,0.6887942172698107,0.8453325101838097,0.7309399440132783,0.915398746013543,0.8244294272656455,0.7052561559378302,0.8982256946825453,0.8331715470394988,0.8970637891614937,0.7529790008960342,0.8985059871994263,0.8601918011776769,0.792898351469062,0.803243892104914,0.8311498988628939,0.8001991579641095,0.8496229794597554,0.8803903363384088,0.6698400514064177,0.7780752560359175,0.8015667948968365,0.8480562085519587,0.8520893560567625,0.8106050497258098,0.6468992192949194,0.7487111290432665,0.8876866853052401,0.8602647781304832,0.9267317677437904,0.7632122712427392,0.7785999158740385,0.8805245495483004,0.8798655558148109,0.8799780074871103,0.9042966173437735,0.7955052027007418,0.8041877972817371,0.7190994134737603,0.8604590119296509,0.8285864786799042,0.9154580308144245,0.8324952809232304,0.6378843214777846,0.8432201900295245,0.7865018165010366,0.8770502752587606,0.9132088913752511,0.7883389658385819,0.6391564825234181,0.9311829915547805,0.8978664005539423,0.6646286478193593,0.8518104467660195,0.8864883320614256,0.7264297138362805,0.8621467848731098,0.9349561435956427,0.791734807857788,0.8754562050160563,0.6726668916888872,0.7620275975937202,0.8368286446990011,0.9215401409290793,0.8235673745228809,0.848833231452316,0.8991592138778588,0.8937033125196199,0.7227924400757484,0.8250330816457437,0.9504895879705638,0.890458885847517,0.6659488932381209,0.9414720434321868,0.7120286031972459,0.8167920547701207,0.6022275281937641,0.7019145244954313,0.9248678656969855,0.7565512291247981,0.8469288053158397,0.8243583177534021,0.8643916715996085,0.8794198543635962,0.8475847030186106,0.8122514858691275,0.8209273264520907,0.862248010710852,0.7898199004863266,0.8194529695241598,0.7641391015997132,0.8497375900964401,0.8091049030531868,0.8836991060430044,0.711340591470681,0.6035310932414232,0.8633935133614944,0.8062489696710584,0.9044716119441409,0.8350291997608743,0.7257114827368428,0.8760986301074922,0.8271966081935459,0.8959317678537819,0.6857051414529266,0.7626743834471512,0.7324643123902895,0.8622858287093821,0.8387320174202064,0.8633985269025307,0.8822586732926019,0.80368006950503,0.7896759244848846,0.6369967519920584,0.7977673971474948,0.7671090510690303,0.7606058661245045,0.7706487489669126,0.857842509447401,0.6534329484530663,0.8252490112981209,0.6156858302969223,0.838417201480891,0.8098931474888684,0.9061141575172681,0.762051049681168,0.8533044294872107,0.7089548822760744,0.891850727394609,0.8521616575517492,0.8481557019875533,0.906376014764217,0.679427986382699,0.707521760568711,0.8192603481017456,0.8169118418171073,0.8875731281209391,0.8143451420447727,0.7820134703053839,0.8268738891735031,0.8917770452681434,0.8375764145791885,0.7574660279768366,0.8701684061170346,0.7430446767005546,0.7241589219647612,0.6176305153290641,0.9080521150451478,0.6211976013494162,0.9022180360268596,0.7437080453170671,0.8392048083516798,0.912302928149219,0.8641969767597074,0.8305241945986579,0.7724197898826576,0.844866891661439,0.6297798338793057,0.6407688329223457,0.8411849502916204,0.8247271003334348
0.692510191418066,0.6959706861971756,0.821607477692405,0.6887942172698107,0.0,0.7455726901219263,0.8575087290037949,0.6317719607828447,0.6226472283640958,0.6728996670600994,0.779393928580683,0.7844738766809881,0.7184184109192391,0.6097668236531855,0.745452191052862,0.8121163454374697,0.7910920131232323,0.6734381806988521,0.6908065519310547,0.645615481858155,0.830097286273618,0.7915620249981258,0.6949147921754699,0.8232747136519122,0.6955033582807404,0.7784574821802206,0.644344508009851,0.6400972857845552,0.6995710498339072,0.8486309657932642,0.6549246680358902,0.735203728061756,0.7114315165758954,0.6560749908166641,0.6371296191118758,0.6998515459022245,0.7279345920740053,0.6911426412238001,0.7358403422512159,0.7877943083294763,0.7639682358543107,0.8027419449061651,0.7303058529421248,0.8329173810379964,0.6645517965394321,0.696189946883863,0.8102499500622914,0.7859680464472895,0.765444982227313,0.7323304764742404,0.7770159221389057,0.7802908932050296,0.5887191489365713,0.744767607840113,0.7222568638225034,0.6944875196113215,0.7211332182349199,0.791305677052425,0.6234339691073197,0.6919065899002869,0.6254758889653156,0.6648404094114923,0.7166980438589308,0.6204388921176464,0.6405492575992401,0.6355798826603776,0.6376164108631498,0.7704786566248666,0.6718896091717789,0.636768546728852,0.7385915384846613,0.6084964763387279,0.6117262814269703,0.7629159537825181,0.6727697483707186,0.5889372540330806,0.7523892276797057,0.9500058431636478,0.6388730328232658,0.741661613196389,0.7165395634714822,0.6701168923829617,0.8245897050405889,0.6344758555348023,0.6877628668024135,0.6966627044571571,0.6134884327457483,0.6247655004330926,0.6199004628617168,0.6672862595805126,0.8516581584112759,0.6542151619816783,0.8034179186506183,0.6391142104992112,0.6858153776893259,0.7308792593096901,0.5972783835465537,0.6497583752347288,0.5956609516432859,0.644280185628703,0.6197180159198612,0.6468675138889475,0.6338034472189333,0.6567210590467379,0.6236281251789704,0.7644648703833853,0.7056028192785864,0.6738727939200794,0.7566594657713948,0.7745341084190305,0.8094222402654659,0.7120646655930042,0.646310454743276,0.6222597795896903,0.6534966519031251,0.7777496318166183,0.603057335730482,0.7526171808959231,0.7622029705806931,0.6054013798861311,0.8978620095252718,0.6062607858278385,0.6410916587688817,0.8264873098224507,0.556917903540492,0.7404488370147289,0.6718906159810296,0.7594081731903299,0.6918756339599783,0.6976280340460108,0.659830067352325,0.7926520454131035,0.5883219184850513,0.6454981225167337,0.6744770124783124,0.681611994851151,0.732946657934809,0.760151325376488,0.6606061599800201,0.7102562992601973,0.5912913769984427,0.7520504948454191,0.6825721028473165,0.6575742513132627,0.7778861067286422,0.6909288941110364,0.8183395938429598,0.737739778423676,0.6781946126735497,0.6428609760683884,0.6241367424356203,0.5972525876880574,0.741092365078034,0.8321303922387647,0.7587082498538764,0.6554387956512687,0.7135652778028845,0.8466945579623387,0.5979075496958917,0.7515030740314195,0.6186089238071939,0.5957075373851962,0.7079702656077044,0.8054973053962708
0.8827718501487518,0.8764353310515586,0.9272827782606672,0.8453325101838097,0.7455726901219263,0.0,0.7731953032954858,0.8441627609236982,0.8399648924822806,0.8167749673594698,0.9057508422251109,0.8724766130265185,0.9363565889946609,0.7782532975990897,0.8993138646884268,0.9139322379378627,0.8484764622921696,0.81686265751827,0.8687214569482576,0.833257406401349,0.8916545865631605,0.9357892469805948,0.6466233266432126,0.8311760475078276,0.8726239627566985,0.7836254161364065,0.7353787289364985,0.7910068752376058,0.7724250603661789,0.847385443166018,0.8967592606364766,0.9442845482555968,0.9043611629557052,0.7293239321901239,0.8075363689409566,0.831221534872884,0.9034150989033604,0.8667153699682231,0.8771291076402549,0.7934497529168862,0.8377655950927069,0.8165603506007302,0.8456990311118594,0.9215052366416441,0.8481237904222961,0.8337723990167027,0.7508068965578647,0.9116985156112744,0.8119017783321839,0.855732746699125,0.8918233231676994,0.8394860382407224,0.7129998794181361,0.923628431253923,0.8833325683953394,0.8169938970966519,0.8653158571396891,0.881885034059537,0.7413369389162809,0.841785195735063,0.8928663745981931,0.8128465392038104,0.8819577014242216,0.6694932200797968,0.7970341438520687,0.8422731844436339,0.8324373374498885,0.900851488370295,0.8078534802546298,0.8394912014545874,0.9134748216583412,0.7506025600389477,0.7689657758613413,0.908829526595682,0.923237356383868,0.7798975570601152,0.8612930957024636,0.795286560906465,0.7780408732226236,0.7642248134592812,0.88718943634205,0.8466915741554977,0.9127979829565939,0.8717032967769949,0.7844574811154236,0.8792161829752223,0.8210338986979161,0.785230747371139,0.836093350590511,0.8422178431020227,0.824017153724647,0.8158461899343238,0.8884756383717949,0.8360488668017853,0.8228150052821107,0.921703308562496,0.8550341553543999,0.7540064494638558,0.625079858977021,0.8306031746847475,0.8484926669290656,0.8080785873273387,0.7083884911123776,0.7794183641756723,0.8251359431165465,0.8437645756034166,0.8733571154247759,0.73545830868534,0.8144482131955395,0.8556291033298026,0.8723138828025038,0.7430651379152733,0.8870633125976718,0.8049362371409284,0.8043530322641276,0.8338537942380234,0.7350235738697084,0.8527678543559916,0.8312861675323883,0.7464540166988904,0.8129431716674882,0.7536430105055881,0.7094689784091402,0.9390733027309199,0.7176075758630495,0.9316944802526901,0.767765022029065,0.8774426991091804,0.8119348508416778,0.8585605754284557,0.839109833995094,0.9502817823901062,0.8029802895751275,0.8245937258489269,0.8953989171654456,0.8237874909302288,0.8347125080109697,0.8070107388651978,0.7584472590815116,0.8666772495736838,0.8492877209385302,0.9001619838988513,0.8305278533343732,0.8205393235236152,0.8950031296055886,0.7167155540665145,0.9219966528811625,0.8781349516192198,0.811659944013581,0.677269463592762,0.8256653200521749,0.7607513258422623,0.8358850417590715,0.7983254736471838,0.8764938073758312,0.8862963142681436,0.9130377252657619,0.9265139697975442,0.7759590331054534,0.8650526618252907,0.7388771737034591,0.7677485677368006,0.9334610630845823,0.8470491906676054
0.7426205434214784,0.8157521675393141,0.8365289459252425,0.7309399440132783,0.8575087290037949,0.7731953032954858,0.0,0.6466514740305245,0.6753606452470301,0.7857797477933898,0.766976908739886,0.7784155952573297,0.767637997675172,0.734395301139396,0.7941647696655738,0.7760028840081988,0.7879039030130118,0.7279017965075165,0.7012043265029609,0.6934812480518125,0.807840928052418,0.8432046119543997,0.7375154862519673,0.8513624755094119,0.7610727522057031,0.7336833584453735,0.69939321546169,0.6814458814550023,0.7603137491326818,0.7759028183754844,0.6974804055070544,0.7806184317875626,0.7601188434399091,0.6836368743210042,0.7257757151277208,0.7312047950101854,0.7500371169184049,0.684068349463364,0.7125026394559519,0.8680045136208885,0.765700749460056,0.873245769992977,0.7036433471194877,0.8224643749706838,0.7108313529346989,0.7197161500322942,0.8252172516123065,0.7712216372054248,0.8441824683026918,0.7442408652974927,0.7759186323702457,0.7616978733042011,0.641998066566283,0.7832237820001239,0.7407545408562005,0.8118841795721032,0.7206462959911578,0.7295797554174025,0.7700501764737387,0.7357653063693236,0.6602839062225628,0.671620399777304,0.6885880661037449,0.687888208260282,0.6934591286059976,0.6652318481100175,0.7266377768919299,0.8007722638465208,0.709195780354701,0.6422683424221475,0.7512495934020145,0.6831075927450485,0.6793752233755718,0.7935162875686433,0.6929016929135045,0.6603330961152254,0.7425868780193126,0.8870640566912723,0.6235568605290643,0.6975623127690193,0.7324352595064528,0.7088391266540456,0.8363201536408339,0.648247311574683,0.6850601215820694,0.723922781527033,0.6196954660686445,0.6812337759820012,0.6725726089219647,0.7334311819362966,0.7943186265525907,0.7886742101688078,0.8010514204157095,0.6806304906160837,0.7795468777456133,0.7886941355080621,0.6235144243113381,0.7205179825262791,0.6488831021533531,0.7387271245044366,0.6864338185958344,0.6374390379048335,0.6566329497141687,0.7076301420628881,0.6468014466317266,0.7486052801899175,0.7099122907321839,0.7160283909376421,0.811328342153595,0.8447270449129212,0.8300333377497379,0.6933354792213287,0.7188164330994852,0.631132388365657,0.6610433709162278,0.7878037269466677,0.6561966277548925,0.782448221602135,0.8004392710171485,0.6627888905312561,0.820267615165247,0.5888551016408362,0.6766756946756635,0.8279004982920499,0.6311918464880061,0.7626734165096638,0.730055930351434,0.7487915258924374,0.734016447845814,0.7518848100360427,0.735577973703709,0.7498509875132408,0.5992501276494446,0.6642615343912204,0.7132955155493312,0.7241477330280307,0.7410558354281483,0.8143310825150866,0.7095492298749677,0.6909962136050867,0.6549683517469524,0.7932876545546926,0.8098394099111925,0.7012124204509357,0.7848616105864851,0.7435581943371761,0.8005783196688199,0.7580929648764074,0.7358778107280911,0.6280057399886836,0.6367122895564868,0.6513923113763125,0.751187331015076,0.9382903660695139,0.7608248635909068,0.6939398343642327,0.767906062124089,0.836024792866981,0.7179739337615251,0.7544425126506938,0.7007385745939751,0.6583477922819997,0.7785223701850131,0.7750989626290354
0.8241818646997922,0.7126728858271244,0.8212346037531087,0.915398746013543,0.6317719607828447,0.8441627609236982,0.6466514740305245,0.0,0.8841181350145039,0.7135556262107168,0.8575694487277744,0.8357506021500888,0.8938255042641253,0.7029486005729044,0.8834971077910109,0.8605421869453992,0.7471072953618852,0.8027648629775075,0.8331961307741036,0.8049465711896985,0.7909136745739619,0.8242945317624559,0.6479118961366233,0.706729176495627,0.8262418036256571,0.8112938286946779,0.8708250522870602,0.798531190822321,0.6249559320897776,0.7895927363176453,0.9651429219120733,0.868273839509644,0.8957338969756987,0.7541989510755422,0.752859093462537,0.8555978482724336,0.8953098498304238,0.9144431775385344,0.8967806700445047,0.7029016554172745,0.7598994062465556,0.6674472139875065,0.8983639369797563,0.7779203502935401,0.9410071798595075,0.843643287093242,0.6237522318273111,0.8195663901577631,0.7444157249700581,0.846224370482101,0.8643860106480533,0.7390681476762616,0.6125331820329895,0.8550439946222803,0.8829733821078638,0.6549315938496855,0.8236653587724503,0.909621820064903,0.6674225124653967,0.8347259714992378,0.9490853697704792,0.804298144851457,0.8822456801185187,0.6413724825557139,0.7266370788249148,0.8373554145510725,0.8638097298009528,0.8198138113800442,0.8752351642677333,0.9822397433813073,0.8784735059224519,0.7130727326417572,0.7568867452671519,0.8932876651732495,0.9098161620126575,0.6905120175293121,0.9007898048721044,0.6651281555610511,0.8705929860390185,0.5767959132492465,0.6917127339340581,0.8914734730964691,0.7600458347056913,0.8968180925437869,0.7862461708512819,0.8855271258088147,0.9452681300806538,0.8719896005110436,0.877783880426025,0.8267349219044559,0.8168047997061458,0.7718484246714079,0.7912908069599285,0.7360694671348222,0.7323917501632028,0.8388526142857827,0.9028536103080542,0.7114902804338803,0.5663045185955526,0.8336497938226132,0.8028814629147168,0.9619870513830724,0.8378250366282647,0.7744842828671188,0.9016241982770498,0.8327527603531246,0.8898339316148521,0.6843893967811416,0.7297087037062467,0.6822268419488435,0.7775745635128879,0.793379351231665,0.8216648524373428,0.9430906349234791,0.8130171868059731,0.7488773462617915,0.6431059317402358,0.8086957900320675,0.6991034340023939,0.7614234576672461,0.6982233917522075,0.9398333238270538,0.6176179012443784,0.7973916914725491,0.5853286026499315,0.860728878626571,0.7372290472395612,0.9229444856435001,0.7434054942685657,0.8533695973086977,0.7593341248429466,0.8734921182854823,0.8960497229077831,0.7872219193234318,0.8828943506137457,0.6533078564508357,0.7356890790757645,0.7673008511141557,0.8119335437624199,0.9575209179692478,0.8515717541357718,0.7560057145636403,0.7454545604541173,0.8462375241462043,0.8126552412611558,0.7478644365845267,0.8579806513611072,0.7551348104596615,0.7490548613935015,0.6096051118506389,0.9374121287844805,0.6322145096139062,0.8293032731518069,0.7036007087508657,0.8541440378532321,0.946762069897762,0.8180249068203719,0.8165981853657489,0.7030809352868795,0.7994305390094738,0.6249412457683944,0.6393841191544931,0.8842849976537546,0.7548860208359981
0.8452166166050943,0.7438795510741502,0.7533949837521755,0.8244294272656455,0.6226472283640958,0.8399648924822806,0.6753606452470301,0.8841181350145039,0.0,0.6872625249030146,0.776355088460074,0.7585595823716164,0.8536854650389043,0.7373084002341234,0.8495707793122588,0.7698534912329921,0.6980914629927476,0.7860312106668194,0.7553675119455128,0.7701913609320358,0.7277634872689631,0.810714767894391,0.6113379374078901,0.6935674112503049,0.7733168488233231,0.7208337310777619,0.8016026789522908,0.7400038768563209,0.5995271276053048,0.7930482178476023,0.9090427402445916,0.8098295187328055,0.8421920632155787,0.6826853974054462,0.75788103574599,0.743746151856688,0.847023157617617,0.8110429215828839,0.789445201726868,0.6868201323787376,0.6955925171308279,0.7362703874290639,0.7724162937330562,0.7319471937892973,0.8348192565339736,0.7840850244858311,0.6378037991975312,0.7424734047278604,0.7064789452477782,0.7728297344990713,0.7969974724678827,0.7133182606858374,0.6453134729533234,0.7793297152724995,0.7560442631684992,0.7709010360652884,0.7765742888332297,0.8018792150043056,0.6578762675853257,0.7865693434941275,0.8643278988598065,0.7742572849689029,0.7933378480647016,0.5974293573789523,0.7382131025566128,0.7848319002670143,0.8499802477719457,0.8287053604018904,0.7695579650333696,0.8773738776987344,0.865354498030785,0.6969196181623432,0.7499212907043028,0.8178656393642366,0.842598999392999,0.7214636161459009,0.8015359584631977,0.6474403803822729,0.7557648594341347,0.6066459014514638,0.6959724697354889,0.9004709522721469,0.8052508394434488,0.8060218339279255,0.7197797641234577,0.8439526675895043,0.8555873851582302,0.8105678529903592,0.8341921845169112,0.910607923092646,0.7653417758794433,0.8295845250250506,0.7234264994330424,0.743981593131036,0.766396383022487,0.8159910060307218,0.8358811064899025,0.6864964562193463,0.5986067584714838,0.8147243483801634,0.778628027530352,0.8097884134271545,0.7181072692152308,0.6879825119492585,0.8238743421003487,0.7643360538003459,0.7685869437311755,0.657060199863826,0.7002967561516911,0.6903966570575788,0.7223412612138831,0.7096643966761945,0.8308079630734497,0.8454957361029348,0.7514927252755768,0.7653831373053583,0.6464693858560239,0.7158115148949682,0.6439116585906607,0.7989093593768472,0.6848270709810658,0.8177396921559148,0.6213654128747991,0.7962884391907342,0.6665786444329749,0.771834777165924,0.7401405644037176,0.8384837825285902,0.6610137778740198,0.7909710884407501,0.8390043897777114,0.8105139422900332,0.8438983399846245,0.8380685252930092,0.7973647279755134,0.6772134922485255,0.7217274160833358,0.7277671529565132,0.7059754326791977,0.8380733326075139,0.8035210972485699,0.7359071509024581,0.8094318231983342,0.7726899798238284,0.7435188960077715,0.7105005294411556,0.8658881128640681,0.7356767033083303,0.690777252121627,0.5717238541426027,0.85390835365111,0.6432986588090994,0.7607271158899019,0.6963152100795619,0.7593228501572444,0.902124321323848,0.8275018951393525,0.795377912525237,0.7360222694584299,0.7683317180605985,0.6232714046323178,0.6944963598181306,0.8700248068034768,0.7722016387074894
0.7353939491394426,0.9115361527186432,0.8782469218190395,0.7052561559378302,0.6728996670600994,0.8167749673594698,0.7857797477933898,0.7135556262107168,0.6872625249030146,0.0,0.7777689051935575,0.827655641642237,0.78747342086667,0.7467941247874993,0.7836708196584758,0.7933211599837856,0.7821029138008676,0.7503968215483152,0.7997130919994356,0.7672856848786822,0.773613695114894,0.8418615162051929,0.7173385335943554,0.7687946970255062,0.8863684542610138,0.6455441294357827,0.7293374157458782,0.7483051793374405,0.91562030688778,0.7444596516378998,0.7776153862700221,0.8413252466290484,0.7680589770248878,0.6975906401045349,0.7698500476885703,0.7821018544226934,0.7460540016419046,0.7445318335301182,0.7390257039136244,0.7576640298730132,0.7832636232417167,0.7670347746721008,0.7274712508515764,0.7824904127709108,0.7585727641109231,0.7239306429400572,0.7410204819089019,0.7826955301705312,0.8306776607172174,0.7360044213367299,0.7161146093525834,0.6944930494482736,0.6658665533927727,0.7982275469534773,0.8117116892853821,0.7614437581783022,0.7106232088610535,0.7380933259126105,0.8172728210424681,0.7374737117151713,0.7224112546473613,0.6538965919592368,0.6955168781598107,0.7518176089114768,0.6807965326064238,0.6887758079022348,0.6891765756095295,0.7353587980309186,0.7848685616250858,0.7003333703597969,0.6959885022404472,0.732266132995211,0.6521118085113743,0.7575539595906654,0.7834399852413868,0.7254454185868275,0.6911637143418583,0.742048206140741,0.6641698982691792,0.6301180340858199,0.7761830712571981,0.6566657957460734,0.7922204054825378,0.7404486957750818,0.6589324457489858,0.7637810322555749,0.6581360902418847,0.695879441758114,0.7524061852919536,0.6898950884586607,0.6788953957493096,0.7698799032310035,0.8296313229527106,0.6915466464652636,0.6834689719422535,0.8762068519393663,0.6840716647143592,0.784597781598635,0.5945601501307621,0.7306601514384533,0.7541723913806125,0.6735243025049219,0.645072839907751,0.9139635933459871,0.684293068179126,0.7218571589299934,0.7474344408091469,0.788101337934061,0.7839662000349846,0.8277722910354144,0.7675987002187544,0.6362392820544924,0.7052451159556666,0.702392377960904,0.6786737799069581,0.7088454393354037,0.7414346465102429,0.9040522211166855,0.8191562730320242,0.651741561047151,0.6729773518499785,0.6093349920587016,0.6641725492247785,0.7617432558697345,0.6418763194068292,0.8780749030549605,0.6414656926466594,0.7262006522118252,0.8553918342245564,0.7798439158010969,0.8334557513621226,0.7391328901784352,0.6278405355699286,0.6188135466953223,0.7863342937405958,0.7373721779107028,0.7947637662637395,0.7553594207556886,0.7940365706747373,0.7446227564121493,0.7765374898648607,0.8275801044216369,0.7348631423798629,0.739263108194475,0.7985079521978222,0.6873972551409628,0.7363688246220883,0.8092102743393922,0.9151926056292184,0.7047845504819185,0.6586125784636928,0.7963455273884136,0.7521451044019041,0.864733371873325,0.8279675401716807,0.7197020124834281,0.7567608341430526,0.7797920592807591,0.7206147273466318,0.6768512463069135,0.7941718809364051,0.7091324897995063,0.8670621353908633,0.6637232045940408
0.8371390842537296,0.7848156380815678,0.9329654834797152,0.8982256946825453,0.779393928580683,0.9057508422251109,0.766976908739886,0.8575694487277744,0.776355088460074,0.7777689051935575,0.0,0.914319705737709,0.9177447603834931,0.7286804028761422,0.8639513451104498,0.9532709581696299,0.851517022012353,0.7816537054913081,0.849949498653008,0.8219535462529314,0.9090497121548882,0.9273637820274978,0.7022491490067257,0.8521715288098692,0.8898567150444664,0.8786238070384866,0.8065359423612922,0.8135197506231766,0.7522425021927567,0.8222203666940493,0.8705940586385564,0.8963574760505117,0.8611055006594264,0.7840026422467122,0.7993616444800188,0.8619923144660167,0.9387722315102606,0.8967969704012982,0.9204623300401182,0.8074868746676448,0.8101655394455956,0.7976429737696311,0.8734360870821043,0.9403714436659416,0.8832800524134417,0.7907889152210343,0.683509861133568,0.9749719362298354,0.8533920463282163,0.834248741224636,0.8734136602257571,0.8075185920684439,0.5952758781391551,0.9202595348846341,0.9312948164954687,0.7155787326857093,0.8353629475257588,0.9342534821957675,0.7059572587478958,0.7935381985536994,0.8824060019125802,0.7316875562250793,0.8568545816448767,0.7020821408530014,0.7025512670698969,0.7837697013591438,0.8615443554653818,0.8577182135792679,0.8451080822128119,0.8717360313717113,0.8708710253443439,0.7160954085695425,0.7954857887225543,0.9223271666078836,0.8740019776737324,0.6688627715434075,0.9216024918183161,0.8217190576517502,0.7890618298476549,0.6990465307306584,0.7666368904931357,0.8127309071541174,0.8263769644780128,0.8584069819256699,0.8086943013656739,0.8674034745155974,0.8656437775701418,0.764493908643294,0.7701088135958928,0.8134277770866236,0.8700782987694031,0.733880833912906,0.8580522810325495,0.7404971121107977,0.782785136301838,0.9013353462292673,0.7902615915042707,0.7528706017668422,0.6043638521513391,0.7843779398934626,0.8323232883478909,0.8577653773233233,0.7769134731759353,0.7877240871776284,0.7979979292808969,0.8398313475028412,0.8572617731092957,0.7650894174563512,0.7574638123779112,0.8468298576723806,0.9293066677921602,0.8234563186740067,0.854789339264158,0.8660122240694037,0.7687740373671479,0.806609195256554,0.6580748026495636,0.8979247386839353,0.8632948626122964,0.73616299287933,0.8344024684105456,0.7802119799201,0.7165359402892004,0.8695321701051738,0.6579415278445417,0.9150975872588824,0.7173408871563544,0.90589176345868,0.8316451570039914,0.8327085400287294,0.7478290096177921,0.9277073036242375,0.82838437604333,0.815940106951136,0.9444178498017111,0.7137231168980473,0.7955764867009297,0.8302396624599284,0.8421404866708668,0.8734570874769434,0.7882115853856114,0.8723439582770512,0.7428769529667208,0.8368984661105708,0.9646646657036552,0.767817206924368,0.8914731403795202,0.7643277810445946,0.8135648571207144,0.6891629400855678,0.8656269172719478,0.642762791347613,0.8814551912764184,0.7799013715478863,0.9158453919249474,0.896081207985118,0.9107399186011144,0.9123335936612007,0.7579399743527508,0.8502351682109228,0.6484493413184423,0.6905683186694456,0.8582524781368739,0.8928913248141623
0.7816830342501135,0.8277875347700109,0.9396891502726329,0.8331715470394988,0.7844738766809881,0.8724766130265185,0.7784155952573297,0.8357506021500888,0.7585595823716164,0.827655641642237,0.914319705737709,0.0,0.8442596381646968,0.6730591117145974,0.8398246518934134,0.9274825791206593,0.856493365396888,0.745493732782072,0.8957162150400367,0.8158734883274686,0.9135768205791688,0.8968592646955776,0.7648577627061206,0.8607011950246379,0.9047251300973052,0.8091257517560121,0.8055805973803271,0.8059421349712614,0.7742035233014335,0.8673676885037499,0.8660850498635383,0.8752649137901016,0.8274608022476218,0.8207155411734834,0.7734007786105958,0.880584873628222,0.8480287636048679,0.851943619853957,0.9084912926135147,0.7904041505092735,0.8431721697112763,0.8209726499876449,0.8381626450827327,0.8801410612612997,0.872237550399263,0.7870147860998259,0.7260754352910409,0.8868329234924788,0.852767788279206,0.8228398333182287,0.8238367920884022,0.7923167859928164,0.5939354011947271,0.8907788638093562,0.893354128759098,0.7349442694297855,0.8086532114003089,0.9338753308619357,0.6938294571714456,0.8019931365796287,0.8013739063253835,0.6990597503290575,0.7959269493036468,0.7336695101401914,0.6715181225203491,0.7306650044503016,0.7627922732699703,0.7751597493295265,0.8035403531808805,0.8061869847369062,0.7896114458505072,0.6858016107980756,0.7102927461521069,0.8674075335755512,0.8464864067993547,0.6434287835170206,0.8390142500619691,0.8235641275909206,0.7704398919561966,0.6396150962923256,0.7297665025368243,0.7713945116345675,0.8254244477391282,0.7943909292817783,0.7814576686253754,0.8735401049377596,0.777064654793322,0.7162131468344141,0.7648543248291053,0.800796000567573,0.8291644223342086,0.780879593784742,0.8592400911523885,0.7023252185117906,0.703546155183734,0.890417448369443,0.7501120293329742,0.8211087461687868,0.599262374395293,0.7641991244309677,0.7525580524971492,0.8045990934261333,0.7530978736936219,0.8700644586383711,0.7567246709729064,0.8399688448196848,0.8489126433712209,0.8132616584714396,0.7726588251374914,0.8521426946741923,0.9152862538311196,0.7951616230194039,0.744470259561114,0.8194587831715423,0.731839290233219,0.8062307170901067,0.6780200758446682,0.9163336983840015,0.8470483975423382,0.6960042700814556,0.7961234445106012,0.7249241163673853,0.7020460026307307,0.8327448708471458,0.5927593174822625,0.9064262733619168,0.7022074674288055,0.8935261693388332,0.8729214099376923,0.7795793706050048,0.8059092922052383,0.8780707935950062,0.716535434518626,0.7491945544618139,0.8944256164066311,0.6661589503555073,0.8225057802223931,0.8077145956052214,0.8534134724617957,0.87861563718491,0.7181817006345343,0.8459041645776151,0.7520810569115722,0.8166564656261597,0.9067756170122977,0.7758493106789408,0.8983896317979723,0.7633478274410036,0.874533190845354,0.7467427956728624,0.7946843418027283,0.6456417164464741,0.9003045112573168,0.8532622738988587,0.9601158089250812,0.8156098931473394,0.8194112108018213,0.8983463136342268,0.6626071533485202,0.7498193296064567,0.6378839708428302,0.6570584066203234,0.8906895803815525,0.8102115904106819
