0,1,2,3,4,5,6,7,8,9,10,11,12,13,14,15,16,17,18,19,20,21,22,23,24,25,26,27,28,29,30,31,32,33,34,35,36,37,38,39,40,41,42,43,44,45,46,47,48,49,50,51,52,53,54,55,56,57,58,59,60,61,62,63,64,65,66,67,68,69,70,71,72,73,74,75,76,77,78,79,80,81,82,83,84,85,86,87,88,89,90,91,92,93,94,95,96,97,98,99,100,101,102,103,104,105,106,107,108,109,110,111,112,113,114,115,116,117,118,119,120,121,122,123,124,125,126,127,128,129,130,131,132,133,134,135,136,137,138,139,140,141,142,143,144,145,146,147,148,149,150,151,152,153,154,155,156,157,158,159,160,161,162,163
0.0,0.30302657936245647,0.2426597249929314,0.289129595579051,0.271776732522598,0.3093878355696227,0.3244327135773966,0.2979118565822542,0.4302879163969112,0.23587743501463215,0.32522862589528073,0.25811042638929166,0.40135024558512683,0.35011788915143216,0.3239104684602511,0.3040552008070647,0.3118029527397464,0.45433382365264535,0.2890218611229157,0.48872260994815137,0.3100492889670809,0.30106762604557846,0.2842683363101475,0.32592978964677566,0.3536929998066645,0.3168061040163838,0.24684825105594038,0.3348903521837153,0.2208002095469969,0.27811376299569773,0.3526234057484807,0.3410151192273311,0.3179825505591398,0.34532158941086655,0.4377666350548621,0.28862743502170723,0.3728169119839632,0.36446691945031306,0.2516710881736966,0.3455509739166644,0.3008297422069759,0.33479383656851924,0.3398515371165681,0.39491224561105387,0.34476306044262556,0.39122709720767596,0.3036367049605993,0.289482088085817,0.37270375681545914,0.3625821820316876,0.3582774273421926,0.3944163620926758,0.2897950494138758,0.26391560172525297,0.2749374842923481,0.3895108358519853,0.4452816574780766,0.28168308261686403,0.3384949556748211,0.3475495253905757,0.2894846800574518,0.3206560312208301,0.34508132294130806,0.28440610100797065,0.36073519212577293,0.4160669353709782,0.41118240027439645,0.4183157871983199,0.29278072079507295,0.35384916437198827,0.5712588702094316,0.36555397274680923,0.39727762712945647,0.3252215618167021,0.32904754012353954,0.4233165312587013,0.2868211092173171,0.25730994431668563,0.38745154469653537,0.2996213873677838,0.3574692316018851,0.3817196206647621,0.3297938753670558,0.36314751218597935,0.3532217751209656,0.42853727677788767,0.3383349720521145,0.3575565865275106,0.35742514171528295,0.42269253986577354,0.37068415363033674,0.36542111466383254,0.3028303688294527,0.4555984377637135,0.36934795599801373,0.3036850736068103,0.27143790600398,0.3365225153443963,0.31165962513407386,0.3969682398072879,0.34979215709075184,0.27930741775921347,0.3189913513600508,0.25960488969010986,0.404928906693811,0.3764678685472094,0.28501071732629635,0.3180994393734304,0.3293590127680349,0.29530626177308134,0.3249913488746626,0.37675824213818965,0.4015933062699059,0.2822757577977785,0.39399022084539004,0.35771605029355563,0.3708204003704715,0.2761556584550475,0.2817995174822734,0.3135978859585305,0.36901507581932735,0.28585730117951447,0.3957689265063684,0.4294827725211501,0.3768104978760015,0.2779277275975195,0.2895481425000199,0.2784455151497675,0.27116201467974166,0.3552648290781282,0.2997617772106807,0.29642629203056614,0.3431555464611219,0.4011088048055869,0.30655346369595915,0.3793185101423284,0.3760376806042329,0.3463605001116807,0.2879854791583567,0.3451705191733295,0.31609378354045875,0.31329688583873105,0.35408521628748024,0.2760032179093267,0.35734837956548315,0.3924249556372877,0.3314007094460648,0.26582344820952997,0.295637115158795,0.23646805060851644,0.4972787390856006,0.29932983640658506,0.2894414334695052,0.23742481866462206,0.3401276998748943,0.4845590383725804,0.3364195434948078,0.33263441827680307,0.38423426855635706,0.3650131726560043,0.27214185371026334,0.4778345693298088,0.284067164860986,0.4810904982064668
0.30302657936245647,0.0,0.3958325895945283,0.32243508754346684,0.2432584710964772,0.38117199202949736,0.33109466218989586,0.37420271137446076,0.28323671180563603,0.3607262866635001,0.38109919455078956,0.3854741850444314,0.33663732135129454,0.3470064814209946,0.3323821824471941,0.35358216611500815,0.3537910058034557,0.30892002740990765,0.377745312151712,0.35310633766190663,0.3486627295281326,0.539707186907128,0.2860157417615004,0.3581186797397464,0.40894446211819085,0.24861672769635781,0.2509288672695659,0.36590511021762595,0.32206195701393314,0.2599165885675416,0.34008302343502145,0.3783551616478518,0.3722262494213309,0.3156499921007527,0.30258864401365615,0.33264861930508244,0.2974484055200156,0.3060832207917147,0.35804299637010467,0.32626964550423326,0.34959695544391106,0.350456532220511,0.26511397994008445,0.31491204351834085,0.41378422901424455,0.2946433003255844,0.2688209836914718,0.2854784610935511,0.3469711594474196,0.29585042403263095,0.3188544855897348,0.3040723585089712,0.2769419260156916,0.4338569046119105,0.361400563076488,0.3028381600953963,0.3214347149862852,0.3051516328167134,0.37975789056633075,0.3406982172451529,0.3617013904576129,0.23273785516471437,0.2886821354603038,0.28492472861252277,0.2679964154059699,0.3036466140366625,0.30419344777321516,0.30016185416027236,0.31239119267223103,0.3369280790822074,0.3206336681265158,0.27619154823858494,0.2662582270644013,0.3692830992898608,0.38107085139314534,0.2729067731539629,0.31295910066600946,0.2995731964681041,0.26824865248069557,0.2143799119126968,0.2958952598906699,0.2843271907245348,0.3704838298687026,0.2961644885247087,0.2607877178846675,0.4009312492585345,0.2561705039851959,0.25145760983520815,0.27468211811037696,0.3188346459734311,0.2526024471427689,0.295457423162751,0.3339121913463004,0.3120892247481869,0.3039842535326409,0.39788611994589335,0.29554076571893306,0.3396844081484433,0.22652092697194487,0.3281737631440179,0.2979117639852884,0.3051690146581369,0.2276975122610523,0.3263196638280198,0.27572187484312183,0.2840634329336313,0.2987743884883197,0.3677804235129084,0.30815383956943837,0.416803384343537,0.3746933617322891,0.24141997378182964,0.2696497385742193,0.2495250038173514,0.2809154219640953,0.33781029820073427,0.3004457990509745,0.2970068287059659,0.38278837522059866,0.2461698827364713,0.25874783799351714,0.2261417560286002,0.26980234415673987,0.3652041548456664,0.23255689907936364,0.42148472732723047,0.2579201826079897,0.3589659573984525,0.4030939613256047,0.2941213761668989,0.3131703836338908,0.32887920826771805,0.23877571455475888,0.30306955837465854,0.3556879341775453,0.2722688041040856,0.31121162079926107,0.27329421574022567,0.3470065617442133,0.28723646452615276,0.32585232741948594,0.362217947106023,0.33772966362789253,0.30177044964139954,0.331345062370294,0.2623670965898779,0.3302857050476649,0.30346094079020036,0.3960626216901596,0.28907153456710494,0.28072925630289935,0.32198727756081863,0.3084245575972873,0.3474755652984626,0.35441819886797266,0.33672768778911855,0.32710346550584285,0.3429334320948815,0.27034152602684103,0.26006449081795974,0.301154385219172,0.27721335686569937,0.2376536193407273,0.2862859467733329
0.2426597249929314,0.3958325895945283,0.0,0.2972554871945385,0.23622623814108606,0.3528501624396723,0.2753839169107247,0.3538199537278251,0.23525407786910355,0.4256888044661294,0.33987250458842694,0.3987699689380845,0.31366001529036475,0.24961871205988995,0.2827118319771934,0.41131238269221493,0.36922897224530793,0.2605421095925559,0.3022619259274183,0.2662600254164115,0.343003556844482,0.3999512235289193,0.24132746434982266,0.2926398355474705,0.31986219065148075,0.2583818702966058,0.23719687300301984,0.32234184583957187,0.3133835642876069,0.25368121480867956,0.28214747574121846,0.3605907288582151,0.2988165064872661,0.2978907723553562,0.23596790682194127,0.28719583459200027,0.26341235372119925,0.26765218579330324,0.3160408699006895,0.2937200995725497,0.2869951628961581,0.29503987936121323,0.2539095561149279,0.27909566272039577,0.3434345666203545,0.2777013971692133,0.2422791010696997,0.28211826661162664,0.2907863090292996,0.26027294019488867,0.2940660051851887,0.2962857053988413,0.21633396594759852,0.3667747454326593,0.3636143823753058,0.24462243036751866,0.2729885902091019,0.33321528321626687,0.29270390940476143,0.2818739295450964,0.30233389804899075,0.22037736858900514,0.288418440473287,0.23768210368704742,0.2199074415779859,0.2581980101036344,0.2581253930319226,0.26237673602108946,0.27737067079961975,0.30051955171084527,0.2674935726921309,0.22681314664244484,0.23445905050054064,0.3942372083116942,0.3608259861255205,0.21320401921924512,0.34627162934915195,0.2921445923531759,0.2390570139083737,0.20446224964697887,0.2668744997990464,0.24492853522110797,0.3109249968858055,0.2660468940398815,0.2426820924740669,0.32838291446139706,0.228934758340929,0.2188184699633967,0.26610312329184255,0.24441489339890898,0.2464930413937148,0.23994421590023582,0.2911268539052627,0.23444105337864382,0.24986936566699577,0.3130903461413941,0.2423600756609518,0.30151445623683903,0.19109443638533652,0.3078344885464358,0.23081959696522297,0.3051213748884399,0.20884320253035732,0.3320573240273204,0.24052184937791846,0.3113831266185188,0.2989700989354566,0.2977643371958031,0.2685599504156141,0.3258786388391232,0.3151154793888402,0.21327453676479838,0.24440379480533914,0.24193821622321082,0.24585130860030716,0.32167606580529967,0.2581359534603163,0.34637980678322927,0.35224478962382666,0.23003562023452293,0.24762750526894806,0.21940992466850537,0.21942924722803647,0.32274643980880635,0.18386579123219232,0.43658911723452504,0.238456149304288,0.3289141751552891,0.42709717210785475,0.24695428007866496,0.2758417181753178,0.37033364872969987,0.21271275665878786,0.2296014772110496,0.28200249893964074,0.21445708587617265,0.25006002020025536,0.23679770693045576,0.29511721266336394,0.25664358327733294,0.2465956102317759,0.29129975446854867,0.2669735732674325,0.2541312473021129,0.2726697629916421,0.2273394054457958,0.30043328278780185,0.30003520849817145,0.38081865165154016,0.2684988925040531,0.23441972561657118,0.24667919163183122,0.2673460891533544,0.3172742282776457,0.3441251182466472,0.2675658629049879,0.28069913387169043,0.3500733665234153,0.20706390700149982,0.25934864046368983,0.2672759797650681,0.2125490824645301,0.21853174215756366,0.24918783670761332
0.289129595579051,0.32243508754346684,0.2972554871945385,0.0,0.28310397607299925,0.2735076830256808,0.39354034631318846,0.3635545637219959,0.30164245400075934,0.2505852113517389,0.31241188795093494,0.30097779247863204,0.32026053076172817,0.3846537984042246,0.3566250720101189,0.3093022316708732,0.4006310845105446,0.3623734366058487,0.3267646450274208,0.3097997882425062,0.3943185195969638,0.31729568001259734,0.36421661983052767,0.3115346501350692,0.2857408394458637,0.35362448001810276,0.359772275364728,0.408662703455021,0.2325381745827233,0.2739217758100628,0.3018068385140049,0.31878872600224095,0.445105517819562,0.41468221201593364,0.3152935626990698,0.3529493213505377,0.2874781237630051,0.4019563018533022,0.33925703832475135,0.4366280654603573,0.38624922627230684,0.3715834701444986,0.3000010826242478,0.2996899559721708,0.37778768474261976,0.3904773500705361,0.2633889900470094,0.23332459364123612,0.3579001588517186,0.37655603682520217,0.4593154499992317,0.37239511816455484,0.34708926841612486,0.37091103698822253,0.32067745375230444,0.300225126790101,0.4179380187556981,0.3413271343590738,0.3872432514508551,0.4579571000650568,0.33734741728723294,0.32221426859894275,0.37923796337919385,0.30595849031080485,0.3498325186967843,0.3724387831809379,0.42381539391979983,0.28382267094350605,0.3463173732809672,0.34497954093305394,0.3285427503044414,0.3193697309469057,0.35429111292719473,0.5308038883885766,0.40769277449523844,0.2712504810078643,0.4690262702248738,0.33698686522284715,0.365090906193127,0.22895291973727758,0.2969102977538295,0.39926434658590687,0.2917211001767151,0.3214900306543794,0.41128655514737156,0.4095772509375769,0.31046740888153496,0.33777804936811795,0.361500848877051,0.33538995835240076,0.35434577052548166,0.36574508780128007,0.301584083756393,0.32834033735552925,0.4182839686746634,0.2479467101240274,0.3168808944342066,0.35188350339988445,0.3004742764302691,0.4216708976626218,0.30451362501045715,0.3679246338606562,0.3385904488586946,0.25129839624333994,0.3792270123821419,0.376361707814379,0.3876320056830865,0.3086668765534235,0.38324357429497463,0.27216464539021773,0.3751585807040558,0.34278454297916744,0.34434135552992257,0.40914091967523813,0.35560472393106185,0.36786014137762374,0.3399092777529937,0.24897165680582384,0.307412780726151,0.3536831092792574,0.3464210726862175,0.3501924166911322,0.29843405612678336,0.3779426923610969,0.2472247751826191,0.27142951432005274,0.3929086337961656,0.34634699328134316,0.326054299889293,0.38607253051232276,0.30673450269051294,0.39972660082224537,0.31066589151791985,0.36523716141383306,0.28780492309781947,0.2622952526531555,0.22524938121724972,0.360167505687185,0.3264461929686552,0.3376573763065779,0.2973016248152376,0.32201033825983894,0.45331505472578754,0.37463086633718523,0.3153555283119348,0.3207115938884321,0.364091748933695,0.31153096653467327,0.2519504036970021,0.29212084484523865,0.3382751043200594,0.311362236407788,0.37151956289314675,0.29518061075460794,0.37084091223457405,0.3487453342868895,0.33814527657482374,0.32921940628110635,0.3118940881607042,0.34035260701035414,0.3222698294668283,0.280690105262796,0.36182413942373454,0.31853866013541643
0.271776732522598,0.2432584710964772,0.23622623814108606,0.28310397607299925,0.0,0.2159946298640139,0.42650932574735223,0.2607619774700368,0.27991090202420116,0.21970485911799192,0.27361729982444627,0.2712057945160026,0.25610482259795797,0.2763619560053016,0.35160716274997383,0.2947692434228411,0.2947778994036206,0.3064374704354369,0.247346296310637,0.27305675535620366,0.2978894064348235,0.2671718174940938,0.364203179216891,0.28292165643885364,0.2593738444445757,0.27968839649922805,0.3060124971537021,0.2543629424527641,0.20710121197486417,0.355132790168067,0.33618966521624044,0.265338127048427,0.30229123691957105,0.29338949901338024,0.33976104045870936,0.3419128005778833,0.2850809190000612,0.33490315587548714,0.3280536056509886,0.2901522175530151,0.34167497856217005,0.2954465665784169,0.33429912675816426,0.34757793962375017,0.27838198561365973,0.2952872145714217,0.34973790351662654,0.2656249382726986,0.36852307583909355,0.35143470183418046,0.33025947367259234,0.2609237548815756,0.2596917744343855,0.25243502958995334,0.2825513793635628,0.2525267556177805,0.2763753143995139,0.33338618670773934,0.3026992607366998,0.3197642525552872,0.20721020995385808,0.2812314111316652,0.25954693657199795,0.3384608398711646,0.27203090459398394,0.22254938008326033,0.25509370151054467,0.2819017186260308,0.28298454514804305,0.287987416100395,0.2982074472624847,0.29854576152251167,0.22642951076728984,0.30118103036045785,0.24878030864831738,0.23665314073326066,0.31720712567419884,0.39780017293494896,0.2795602697287206,0.21470920581445205,0.2622650679133745,0.28768792445599134,0.31953827396509643,0.23904749160238145,0.26678646307079756,0.30275897696563947,0.2501633733333592,0.30884234414271317,0.27056882263089804,0.26285694794064157,0.4004726553216368,0.36354297637853505,0.37761343887488025,0.2270778001966122,0.28563800432569947,0.25409610756909595,0.22298942919966644,0.2851523048318587,0.30273100613747833,0.2555221964303807,0.28859925579356555,0.2752956228900365,0.31018367219671683,0.2627566217393043,0.2830010259322002,0.30805202394629383,0.2631381634165773,0.273205746491951,0.35525497148147805,0.2411994855533016,0.29858572680293777,0.3343409058209356,0.22360515911893544,0.3054731624621825,0.25959972386501096,0.2510237249801226,0.2561391012868449,0.2835603248240041,0.2295623390578131,0.2696107534249037,0.40922807696724994,0.28142692883560494,0.22491259851352635,0.3498643982596116,0.2524081077045644,0.24854020037109337,0.2635183246636648,0.3355216277997645,0.24111037630293405,0.3151131237065319,0.26961587179682894,0.27371750473897516,0.22205265817192107,0.2695357451790084,0.24196711321951314,0.29764522414664163,0.26498950461523163,0.3523254351892944,0.2778228931785018,0.4125396014381021,0.23587422580652329,0.28926856155183717,0.3075401400722172,0.3205067901836225,0.32002400987802126,0.3057653910083383,0.3740831400536569,0.29573767317539024,0.24059112880632708,0.2582683976203583,0.27059807641627814,0.2766660840210467,0.3225290902638341,0.3136883091797023,0.316618237849497,0.3030128287992605,0.23384655917425146,0.3187190094562212,0.2583667776049329,0.26226673387555455,0.24575843928055224,0.24915666338285203,0.2957401355039548,0.31003208547613953
0.3093878355696227,0.38117199202949736,0.3528501624396723,0.2735076830256808,0.2159946298640139,0.0,0.2549508428108047,0.3371252581291606,0.2577803775874427,0.2815244895448164,0.38090311385675363,0.31985988519359226,0.4173832925982646,0.25021169117874303,0.27581311442335954,0.3840346319267867,0.35736551084040397,0.24449516137591537,0.3376810516841173,0.34387856221640906,0.3390127478557072,0.36465825643516486,0.21860794991287621,0.29743009014353866,0.37112933809025195,0.23131700913042122,0.2172130424713922,0.33425089497031685,0.23720991998942595,0.2586478413657016,0.2969055947710299,0.43619964456896354,0.29279215784007817,0.2957933557121874,0.25723522756946315,0.27147865116119424,0.32210077161814205,0.2582322505001207,0.2905500710699534,0.2598973182446747,0.26923391524673,0.34540568520957304,0.2684891091546324,0.316038634327452,0.30684846936820814,0.26355251952470704,0.24354527572905393,0.2995389757525814,0.261499358051578,0.269226146552872,0.29612591135627064,0.30315928840626627,0.2277353209317066,0.3239311664615634,0.2723849426734925,0.3227528132386923,0.28910321357054697,0.34394892554512546,0.2741617349501002,0.26793891065108794,0.44085911371949393,0.25117040733577856,0.31172838971190325,0.23130816628577466,0.24259863060220327,0.2972077876193227,0.2978771019630057,0.3189102951234293,0.26052415690724456,0.3058166691352655,0.3064791096037269,0.21834976331665248,0.29553830946834386,0.340665761304054,0.40420067847078883,0.2602090294366531,0.3199292914921069,0.255145909673017,0.23824296582058963,0.28745785859462614,0.39428298256586153,0.25886391920213964,0.3090296318142118,0.3272949393194564,0.2560234832781839,0.30417678702211925,0.31813008088770856,0.2312932336513325,0.2837223669712987,0.27918816251551715,0.23815157469351483,0.26052824423533966,0.2884873388104791,0.2847137602551317,0.24687223525833918,0.316845709722929,0.2847200766591288,0.3234717669196478,0.2043699672167246,0.2981014702399938,0.2569914114597049,0.31200781761152935,0.21482599171842784,0.24892796675915396,0.26105951652394543,0.3046355078472875,0.3392364550263321,0.33042295006653793,0.25308890921820315,0.4256157322480397,0.3379841882003137,0.2168159592080761,0.3450040653695423,0.26010862243154625,0.2357465284844807,0.30202157862582696,0.30008350820862767,0.2501394280088983,0.4305106400586537,0.23373832954842355,0.22511311640237366,0.22532922593393973,0.2950237264069105,0.32517146997770635,0.24471962549273163,0.30998619630094804,0.2675111755980477,0.2904202146660641,0.30909050724077536,0.23494564014155933,0.3109099886856201,0.4282764384309193,0.2584545739854077,0.26274220502722784,0.3413932442928763,0.25998823518040276,0.3085536544702552,0.21617521779659024,0.2606522578632697,0.25887173872060526,0.27979667311779133,0.33997410645161297,0.26878671293941303,0.274103851313182,0.2993292203325518,0.23276318411242228,0.3082206329815608,0.31246288146225165,0.2990930623016879,0.2919615363129875,0.2698927546298779,0.2703492955748952,0.2501554167129635,0.27334240050584424,0.3385558165190528,0.3225614221768082,0.3339805656575636,0.35662681366369675,0.23558260137170095,0.2763083965104073,0.2671172688813548,0.27523982005069436,0.23474247406204143,0.2767740823760577
0.3244327135773966,0.33109466218989586,0.2753839169107247,0.39354034631318846,0.42650932574735223,0.2549508428108047,0.0,0.3235272572349384,0.34436516378608995,0.2719862203613833,0.3240500260681597,0.3247417763108886,0.33848216253661745,0.3903353342922175,0.4467354580529236,0.3255619936158854,0.3485719298152892,0.401792046215979,0.29056326850919745,0.3081513762717652,0.3448266343192589,0.3557865440581517,0.4673537158445075,0.34894977720219533,0.32135372460102346,0.33747835443606744,0.36716021381668623,0.3154941224950551,0.26396424024287435,0.3600770168940344,0.37458594398267675,0.3168876729656377,0.43990119429771196,0.3555979469301409,0.34926907839614396,0.3523770003607406,0.3614565547742117,0.42061614825185567,0.3400320759731287,0.40908624518101455,0.40823011505227735,0.3796036250717727,0.3751724843839043,0.36025008015300986,0.3876468569380746,0.3652733227682148,0.36922988088004843,0.26723514942414395,0.5021043062665586,0.35105085275010267,0.39588364964374956,0.29619438350881,0.2974056619790439,0.32064392668419983,0.35335257390837266,0.3289760496831212,0.3341042661017178,0.3597677742168949,0.4057066579297713,0.3633337866997747,0.24584202881011566,0.30109458457443833,0.29978351523149227,0.38355352055641473,0.29176309253784577,0.25897859217581226,0.34165932491169726,0.34980154230974253,0.3497283888159415,0.3512290781995053,0.3635180678230167,0.34608655306026814,0.2650567129256432,0.3933264216394838,0.2906256923039377,0.2789285049905723,0.3970716055249826,0.4535226188204392,0.3383663293235502,0.2317400508255152,0.3086927573969873,0.3456471099055306,0.3977050697627665,0.2844671480492414,0.32005076803696586,0.41091024614401234,0.29534324560280883,0.34827458658629235,0.333907125746119,0.3380025020333707,0.41994816189216744,0.4666813916357145,0.37978181877080286,0.2652966469030228,0.36142801053073587,0.3243657590358131,0.26367763463491745,0.3706329839795027,0.3456717968240069,0.3282911639896142,0.3472237474748234,0.32727002089740326,0.3260878527177709,0.3063714574018681,0.3376703955243167,0.3840560728851813,0.2883043411034992,0.34940988178675714,0.46131909963546774,0.28960684260654473,0.35013705084045643,0.3646944706713501,0.26368451666207915,0.3584572148470769,0.32802433234146816,0.33995617058309274,0.31287092236642033,0.30411201835032264,0.26641143836238584,0.32259723780844823,0.40518369805972615,0.2972310580945754,0.26716778674726666,0.4321331199949834,0.27199423227544606,0.31392727940810755,0.2826797450689387,0.4651225940238848,0.28433992201016217,0.41894107898334754,0.33598312758942345,0.30854079414711727,0.26185729758481785,0.30965891456655126,0.25409714060753724,0.3178864431991106,0.30647838903530705,0.41671115254751656,0.3721494247074139,0.4207227786118231,0.31149704000142525,0.3515453071733495,0.38122725475735636,0.35260064072251796,0.3802080460643888,0.395518086829517,0.42961814408340443,0.37021863214620726,0.2914686161429317,0.29451546504285225,0.3019560593011282,0.351049837195422,0.34957127751929756,0.37523407845728246,0.40022898335129986,0.39426831381344507,0.31555081679153085,0.3875925355683267,0.3296266174067604,0.31630353039998893,0.31852019861000197,0.30155632869175775,0.342736378965176,0.3455972276603431
0.2979118565822542,0.37420271137446076,0.3538199537278251,0.3635545637219959,0.2607619774700368,0.3371252581291606,0.3235272572349384,0.0,0.31703261455558795,0.32888399111891015,0.3244078642093153,0.3466718675002142,0.3712648905548726,0.3033070452481573,0.3487885718754756,0.4171357113589187,0.43336452678197246,0.3308652091876163,0.3577656988519883,0.33304579518617566,0.37908976023837515,0.31879576790685166,0.309974390632897,0.28481163717798363,0.3784058462870669,0.2697357463554881,0.3222215995372894,0.39608810050041615,0.2301817875296599,0.305122931235061,0.4229068670317248,0.42280313670689457,0.3759823194438271,0.3937666926183554,0.305642031452059,0.3796676446349209,0.3097088713314499,0.3825730219536277,0.32319183856702455,0.3412915338789329,0.3352999442973737,0.35417394435756905,0.3299180300192396,0.3087252159226004,0.49284386321504003,0.3572914420244096,0.28935981490856305,0.25392228974435116,0.3553227397930508,0.31786206670772416,0.350479134313675,0.30647569500118343,0.2675199513273359,0.33357438541754975,0.33803255670689825,0.310678122775754,0.32978485076105035,0.4322498306826527,0.40252256653471563,0.34859253403524676,0.39251660529193205,0.2783337751564691,0.33404759208829143,0.33289949828914767,0.2664060436905537,0.3036468166602227,0.31702796136697353,0.29024798767013016,0.3945140266976886,0.46560020063447705,0.31299602290188316,0.29447167553637177,0.28491765727005897,0.43132164026681713,0.4706565533215768,0.2679481982171929,0.419985636061921,0.316503733728493,0.3379218033187941,0.21567745009000008,0.3059950991552366,0.30486634651574873,0.35291214987907865,0.3499105862144346,0.3332398339139824,0.4475114290259691,0.32549876267932587,0.2989554680138698,0.4012416216786609,0.31054011101632933,0.29343888406897256,0.33580980564863067,0.337210417365382,0.27090310892624625,0.338151592384795,0.30737327540478315,0.32217569585735895,0.43716514280058505,0.24688377561243757,0.403534149779608,0.28115635234912106,0.4708991505048537,0.2792609476213096,0.3298443162177391,0.34759005732982584,0.38948570283820827,0.38353204537492336,0.4166808358490705,0.32562668420695884,0.31489620818595665,0.3384637142185951,0.278078501456295,0.30595489812499627,0.34246229911660353,0.306665598872102,0.3523081737373312,0.3487181443295227,0.29140709529377706,0.31876712909732274,0.30934944360680877,0.2794626547987852,0.3316075862750293,0.25792781388743086,0.36077535977184844,0.22278402246080445,0.3127207099161419,0.2946680420167742,0.4373986762721342,0.3812939399609189,0.3097737248835115,0.40985665177715,0.38914604176763884,0.2761228416381575,0.26847978548770846,0.28801441816913054,0.2442814350402452,0.29598052443253986,0.2875725165492617,0.34826453799854135,0.34856027341344464,0.30423803941884553,0.34384709162231797,0.3496728059332833,0.34373773833470433,0.3257174518300651,0.30786596559626,0.3566096944420667,0.3601999687715949,0.33659480324499924,0.31979110776200376,0.3149332853979042,0.35129013345795873,0.32584523405708765,0.332529473325924,0.49335476479333346,0.35472262826765266,0.28922592809257813,0.3921256805804489,0.24398147437510928,0.30208340941976475,0.31735750003974167,0.2687397789917966,0.29503532404461513,0.27427793684295315
0.4302879163969112,0.28323671180563603,0.23525407786910355,0.30164245400075934,0.27991090202420116,0.2577803775874427,0.34436516378608995,0.31703261455558795,0.0,0.24130307203970897,0.25538631661312544,0.27155922476007327,0.27815728357518343,0.3507154597264818,0.3178901200027546,0.2851852820807717,0.2808833196537399,0.3877297748851371,0.2807363413816243,0.3422832300594216,0.29455340985339407,0.2938128405039107,0.2858620961083827,0.27356394369048953,0.3101661258419222,0.30020537595814933,0.27358114504373304,0.2998046472981832,0.2047282233480681,0.3348534686708859,0.43287570620416815,0.32610427325780006,0.30530837458388466,0.335281279443281,0.3852186629672303,0.2871131708833924,0.2922536879445471,0.3677905775639893,0.26645210165407024,0.31807760660921897,0.26920315920585486,0.3686468261617615,0.31179069302108536,0.32724316908073714,0.34865427812289107,0.3283575555201434,0.28840459584265177,0.23777756637979794,0.35218486532214127,0.31951012126179745,0.33410550903757086,0.32580942673625196,0.28311958084498745,0.2674492700614626,0.27916421964184873,0.39549978591459956,0.3655595373957684,0.28936523733146763,0.32913668071952434,0.30382598329204474,0.23936166698155203,0.33440979175924473,0.30578801549360773,0.3041066763748847,0.36609016329060107,0.3334441930707692,0.3469628806562131,0.3238227420335149,0.2785271803211102,0.34546625736048686,0.4418971195512923,0.3746912568499375,0.34295161347668446,0.3096100562279758,0.2989592043774292,0.33280251496006164,0.2915882883610774,0.261064880266097,0.3437754794090845,0.2540301803414422,0.2841216229382721,0.45658221839014507,0.35861589519073056,0.2669267037263686,0.3759517646576015,0.4056444563295859,0.30953291008999745,0.38069512016639717,0.3398117214975058,0.4187919675709527,0.36553803463327605,0.4597151551293992,0.2886149335097961,0.32297334121313237,0.4071422677648901,0.2906973923267215,0.30228272186758887,0.37534335277693054,0.39803652330856365,0.3636243874016886,0.32776805345396204,0.28618021299205004,0.35852304636032145,0.26129720576409304,0.4073270353534453,0.3311262929484267,0.25223774717993847,0.2991357279972141,0.28650543451831717,0.24045745374635882,0.29104215432281816,0.38907480045360754,0.324428943712779,0.32794475122344285,0.3435314771564319,0.3401173380659474,0.3508684895426288,0.27394587468907033,0.22578702367042605,0.3577465933521994,0.3760898918654676,0.3170386942894556,0.30670874799294623,0.3844620243215178,0.38469848677788065,0.25287869249020073,0.3179616058036756,0.3050052326740484,0.25614745176578574,0.32627228583392215,0.3858831393658029,0.31257116808933944,0.30760645317813856,0.41663870807807274,0.25289120541941457,0.2978590051593867,0.292590869856045,0.33512606040570686,0.2957292131922375,0.3557017058688476,0.279684923088661,0.3198532863633529,0.38252790216998467,0.32493424127648485,0.3030650275984899,0.41651471678526475,0.40274790655310866,0.2554362159683237,0.28124429813341834,0.24753811150499858,0.4520755844292401,0.303477277995889,0.27477298822898755,0.259994188886326,0.3262357016336338,0.38802228417312995,0.26416817301132894,0.326308472056012,0.346447296495285,0.3654315070033847,0.2542070277323627,0.39758069683651803,0.34813492542446495,0.37202552959858615
0.23587743501463215,0.3607262866635001,0.4256888044661294,0.2505852113517389,0.21970485911799192,0.2815244895448164,0.2719862203613833,0.32888399111891015,0.24130307203970897,0.0,0.2646962640830497,0.2972036363393271,0.2898328002047467,0.2851974557309572,0.24887711272372978,0.3343276111509615,0.29724186850985207,0.2763442670276404,0.25882276212489747,0.23996919336728387,0.2563280464728447,0.2896993765185947,0.27400186477269073,0.23023873424491728,0.3634377986503398,0.23740777097348043,0.2612775501528448,0.29506118854939833,0.38810797980072775,0.25140819793901326,0.3003015553289625,0.3364304805895676,0.2561876190725137,0.2721666040515048,0.24623067117110686,0.26189809435416683,0.2676718312532272,0.2871332909289213,0.2464828593140856,0.25808372696997034,0.24232160624026966,0.2725195550762382,0.248723262000396,0.24804764961259676,0.3110313912571975,0.2505734618658393,0.25182411894642953,0.24475706851212828,0.3195453092532386,0.2193753925347364,0.23866897619878147,0.23316907513025997,0.20479025988096428,0.2771533313729379,0.333357880765009,0.27963073463807153,0.23057412026285776,0.26657208409430805,0.2937120154116147,0.24455026663376345,0.2709499583882396,0.2251825090578778,0.22497509442725383,0.2588637547498855,0.20440752844574947,0.2240052318799583,0.2417368470540254,0.2637614616378258,0.3122567037861224,0.32882382513198805,0.23836466019164715,0.2670409266925401,0.21371545255470364,0.2856209008201272,0.3033943538272973,0.24923449595271316,0.2740124946305795,0.2891338144152263,0.24202520201286537,0.21779188087445683,0.27429498942678326,0.21489877054378329,0.3193258363558755,0.2985816433235392,0.23138896258048536,0.30810823522509156,0.2414460839049855,0.24477115295329918,0.3090454576526459,0.2451960042438376,0.22855998305150685,0.24696825703212247,0.2762483195061526,0.21239535191096195,0.24503641378689214,0.35498625147470736,0.21566807552128262,0.312261069861936,0.21768687819668325,0.28703161169411484,0.2630020878869802,0.27999706613481395,0.22427972931364543,0.40198988880980707,0.2299629782211177,0.27180494271535377,0.25382326965714874,0.36042764850731757,0.25955033640015823,0.2651485401016483,0.2496502677826953,0.2134946027870248,0.23612889120954886,0.2823027824931684,0.23895770244770304,0.27290669579083715,0.2732256530807886,0.3676262735006466,0.292698925665444,0.2682273185784919,0.22288910944495077,0.24205040119131513,0.20626711574130024,0.2922255461338608,0.2006740407021114,0.4274570638767022,0.22473866296176154,0.28231919660485644,0.39228206564013607,0.2709382589853642,0.3537667949675913,0.27346276991818547,0.2348549145056076,0.20965301642996997,0.23804906781768012,0.21762748678141472,0.26976792440073816,0.24666946821943572,0.2968420968242973,0.26129928399573155,0.2770398333886218,0.3143915050662358,0.2455380226946322,0.2322596760836713,0.2877260899552459,0.2561847108039184,0.23574378428037665,0.329900158662777,0.4615261057279464,0.2888055339537216,0.21621680721231973,0.2945499884638573,0.22670955932018672,0.30157273903531273,0.32223256160391783,0.2703007342234531,0.2252784450446722,0.3286759359677819,0.2281411458150144,0.27405121854802766,0.3382333499972154,0.24862498794081486,0.2555984827322351,0.21430441966232694
0.32522862589528073,0.38109919455078956,0.33987250458842694,0.31241188795093494,0.27361729982444627,0.38090311385675363,0.3240500260681597,0.3244078642093153,0.25538631661312544,0.2646962640830497,0.0,0.3579908712481833,0.38654803825797573,0.3065744803763074,0.30405907020986805,0.4146444892442286,0.3411238029810092,0.2944068508098897,0.32199407118507933,0.34245739810149495,0.35858991215817454,0.4242905945678665,0.2680998010893902,0.35490999982280874,0.39616959616197417,0.31721865635641605,0.2500872666916824,0.3151638894027888,0.29656908597247134,0.2543591428990943,0.31201991614931174,0.3694535549401762,0.3346723166529938,0.315275415391207,0.32404707133549426,0.3759152999230617,0.39080038850002086,0.32886499270358116,0.3826293861232438,0.3151867556510152,0.3241083989662268,0.3177738647076506,0.30414038901911367,0.43420913333372385,0.37770861571853087,0.2802039910690276,0.23948240955911662,0.4377518975950919,0.357758316643704,0.28301502449361543,0.3230313728431849,0.2859064605517534,0.2305401939252513,0.41801984097827594,0.40205719399780054,0.273469419419114,0.30041473674336255,0.36946998292606703,0.34924889279017884,0.2958975379113163,0.37188014855956847,0.22838803314969194,0.30337735932294385,0.30747134983429314,0.23389458075071995,0.2761573418077641,0.38065414688539384,0.3332306914614342,0.31716464062148036,0.32403160110783696,0.3390777459148501,0.2627573614665376,0.3106729542685527,0.3608933236502878,0.3309488285432831,0.26484226739256117,0.39883366414699833,0.31872369699333725,0.27001686479337034,0.23645886415839587,0.32397672648883913,0.2564335854607502,0.31834963213568707,0.342012564048092,0.2682733298177742,0.3404197227766102,0.32663499785597555,0.2513654349767634,0.24906937732124215,0.3297334310221145,0.30675919401291185,0.26858636735441976,0.3511632045739463,0.28915185178475833,0.289081590288095,0.3814603290489099,0.26560114441505556,0.30074440097976024,0.2341127491742076,0.28334121942126156,0.34428347697519623,0.3412982013405943,0.25219721118969046,0.27487083496971976,0.28382425534894595,0.28315906865817403,0.2814236449721054,0.32136009109531344,0.28700260797252936,0.4374818673050908,0.42450514267295625,0.2724426541940928,0.3117930460742802,0.27136345737575046,0.2775909914284646,0.28014707845567555,0.2688034577552909,0.30656024418443384,0.4216061031634509,0.24848812763969425,0.30048705625677613,0.232351602023639,0.3045556269601306,0.34624198333590034,0.257447960286232,0.37968366681618043,0.22817738157064002,0.38779130280047003,0.36607737598323453,0.28797532734485304,0.25278127615896157,0.33406952355152697,0.29073214101999767,0.3005717185608812,0.44733258208032967,0.28695669853939615,0.3271783818625976,0.27598383437592555,0.3641349738365139,0.29786378310444267,0.3484464494895286,0.376870442448005,0.26541648665266915,0.31606570107027737,0.45638400283788627,0.266137105523354,0.3111257014271194,0.28634114909843905,0.30871392621270666,0.2998947525871484,0.3397002221808342,0.2817408616384214,0.3140799145572171,0.31251047136150895,0.3618731106660621,0.39682717456994904,0.3364094884678751,0.3393573882764465,0.3001757156883818,0.26916073623744,0.26790028516538783,0.29711609710930836,0.23578612928816434,0.37560732380721584
0.25811042638929166,0.3854741850444314,0.3987699689380845,0.30097779247863204,0.2712057945160026,0.31985988519359226,0.3247417763108886,0.3466718675002142,0.27155922476007327,0.2972036363393271,0.3579908712481833,0.0,0.2570371788701304,0.23286288535752644,0.2990094520778561,0.3417289740735769,0.3331964400420829,0.26265055710847435,0.3861957398555234,0.29061920469958513,0.38891414992232437,0.3855811496023156,0.2789445262055912,0.2928788066878239,0.35242477139100226,0.24745031999900413,0.2581579004021007,0.2726685376232855,0.26018121567819047,0.3033202245690158,0.32094328834455704,0.3339771030503508,0.3204152555919056,0.3249908192903498,0.24857457469797725,0.35752576070939956,0.2693393426090195,0.30729203119681026,0.4339277481466506,0.2805049331219985,0.31637885685945794,0.33267952154984515,0.3076366286801334,0.297150669759249,0.3289210122689138,0.2830180863770003,0.2875842019914881,0.28913704359469644,0.30948958335759497,0.3106802165411299,0.3398379587869971,0.2818597210912284,0.24350095867780927,0.3628656394385161,0.4081854732545865,0.24941732080502177,0.31905096549366446,0.40922030672066134,0.29169441540418506,0.29848875360835875,0.25359819262618843,0.2325243547489799,0.3002395971848978,0.3082619566766356,0.25033090788731754,0.2584583137353743,0.24480493674894838,0.24981410474435356,0.29372408972303893,0.2816987025786249,0.27257237023384734,0.23034160385102811,0.24581049765803686,0.32778387364166817,0.3276934709393198,0.21989279598742564,0.31637561669872355,0.30786934524878523,0.2615970650291575,0.18550670647524306,0.24847974774069434,0.2963932390698023,0.3012681696867903,0.2335033409261428,0.2819776931871196,0.32554870816982884,0.2404290536761845,0.2524905552420421,0.2642286925400755,0.2726958328180014,0.29773436715702295,0.3021785755314451,0.3282942719256181,0.2516145634402936,0.2700793468872668,0.35771554671267436,0.2653760944808074,0.3212887950740988,0.23778479084731038,0.2613642460983925,0.23294270043332202,0.34214263562070685,0.2649848695854566,0.39168800492099043,0.28470507228907654,0.29551322451355533,0.3178746847854713,0.29598135421493105,0.2777029610315145,0.3510207122264204,0.4020118746158297,0.28564220836937265,0.23110917927356012,0.2830728320942342,0.24713113975542228,0.28114086349276407,0.2521981576028643,0.38421298053916003,0.3358653879911095,0.23885562822384387,0.26777136459745554,0.2312851210402519,0.23865543518760324,0.29771372231813065,0.19815735850392907,0.36002623388628496,0.2526989142008378,0.4024020754507106,0.38012416767817964,0.25147491991801096,0.28019389274724343,0.3230558299276281,0.20277413831934993,0.2757850123947088,0.31367979244758376,0.2201196071248609,0.27465601024450126,0.2514048944382163,0.31424205021921864,0.3106815745099213,0.23424921587423633,0.3161678948695411,0.3051699632872962,0.3413626335040338,0.3159556971990027,0.3002431795382021,0.3981923845502778,0.2776666481710733,0.38447642081012534,0.33123438993906124,0.26595014135349215,0.2824911682582622,0.32968769517725194,0.3351727098218106,0.40126972272266037,0.27132686376005216,0.2568230305829036,0.3000633301379913,0.2030192629455533,0.24419591873897728,0.22287311188376485,0.2253879842575246,0.2423108060545554,0.2755513989250221
