0,1,2,3,4,5,6,7,8,9,10,11,12,13,14,15,16,17,18,19,20,21,22,23,24,25,26,27,28,29,30,31,32,33,34,35,36,37,38,39,40,41,42,43,44,45,46,47,48,49,50,51,52,53,54,55,56,57,58,59,60,61,62,63,64,65,66,67,68,69,70,71,72,73,74,75,76,77,78,79,80,81,82,83,84,85,86,87,88,89,90,91,92,93,94,95,96,97,98,99,100,101,102,103,104,105,106,107,108,109,110,111,112,113,114,115,116,117,118,119,120,121,122,123,124,125,126,127,128,129,130,131,132,133,134,135,136,137,138,139,140,141,142,143,144,145,146,147,148,149,150,151,152,153,154,155,156,157,158,159,160,161,162,163
0.0,0.3118196067028804,0.2518487469050867,0.2656551717721695,0.2644980764180194,0.2797213202080058,0.28606740534347397,0.2719933744675473,0.36418664906737114,0.26976693130972323,0.3044178055877367,0.29645265751121247,0.3485296502692639,0.27107643989785646,0.30859494622291894,0.29974096859025356,0.30795366540924385,0.432648315437663,0.33081353850975603,0.5056371383387839,0.31858343053668886,0.3215199900233534,0.26332532486716054,0.29113110084552657,0.36859551983893796,0.239928366754783,0.23029382630438172,0.27582139878407347,0.24753701283822244,0.2840919875312867,0.3512480137579317,0.3247137364549069,0.2966044658888108,0.27327445212222584,0.34491929861424564,0.29570821855384927,0.36266021907706075,0.34711203710614064,0.26751722928610877,0.30164393759431907,0.29938101045537713,0.2704987828841344,0.3609145334085878,0.34150274167095934,0.30551693612324177,0.36732467188490825,0.2768383891583242,0.30959748983861995,0.3513578795092389,0.4074714422694282,0.3815030723520715,0.32376910433522804,0.2865422333460759,0.2979569408170329,0.288768992344463,0.2689603853039353,0.48351204749988647,0.28688105908880907,0.32864082719542653,0.34694646061651857,0.2658693401113191,0.25160425569394235,0.30109887339114105,0.25595724929942343,0.322493214570528,0.33205244776576115,0.2925954925373118,0.32943038618004594,0.2973360800434044,0.316808449911703,0.43335443326194056,0.32158398710980834,0.2942346027335609,0.31893032076039857,0.32003813958922783,0.31791473685528626,0.23920185678793604,0.2552582211360159,0.3244579620896707,0.23871381136325232,0.2651343263837442,0.37720130610334085,0.32823162168244013,0.2733640155180985,0.3041766636466931,0.3618519699873224,0.2743359219155935,0.40147267160132055,0.31766386922682077,0.28348808958082977,0.3729819165487953,0.3243641696397012,0.3628422177355694,0.36037877414399544,0.32347669357711806,0.3123480962575862,0.2461942991331123,0.261241941317855,0.24152728246256294,0.3209845294756143,0.29889419806251444,0.25107290540701144,0.2875156565815527,0.29481883441166656,0.35538461778685854,0.3127235797413367,0.291939756233487,0.2872004669080398,0.3126715831566862,0.2965820562286256,0.31022525598538464,0.3427298676458655,0.3158365421161759,0.26498223901568685,0.325827933443085,0.2969852295525998,0.3083344236909794,0.32356953875402505,0.2501481840084157,0.2436818833275258,0.2990923578985043,0.2421982360198383,0.29897875135650875,0.38607990349622295,0.28119265846863656,0.30190314080900726,0.2451923825850321,0.24446998056701696,0.25772609782451184,0.34535123452681427,0.25490591154636055,0.26420832874936184,0.2643254417172679,0.3329813289493596,0.3077998224957962,0.2813260122399126,0.37873105757977443,0.3002176779578745,0.2971913563659041,0.41589066511293116,0.2814163133998017,0.28103087645835406,0.3587419341711354,0.27865030724634254,0.3303833854759899,0.3628334195418438,0.31476931175172784,0.2644935870306762,0.3466772163814118,0.18297794123374658,0.39605454483508945,0.3203607036711277,0.364666751919649,0.23404661112784397,0.32857591089935434,0.3684789506497501,0.2854249052057538,0.2833700024392485,0.29766107874439734,0.2877324031677542,0.2243034958166514,0.36451939597023464,0.2362878514173242,0.4189917223783001
0.3118196067028804,0.0,0.3001531716051509,0.29328420540675326,0.23292710059748584,0.3153151728183812,0.3058298396780359,0.3180725437821419,0.26867688192657585,0.37582829825634084,0.2897709155316064,0.3118263121455982,0.32825432120712084,0.3539977979895295,0.2783374657359041,0.2847179352675292,0.31239202919275444,0.3164787593148347,0.30178510717854157,0.32434210175758516,0.31072959156026453,0.34971006589923975,0.297418603523778,0.2931811237385084,0.34376365713800056,0.24681685886084545,0.24569080773187077,0.2766810789039661,0.36419528841426463,0.24756129421165166,0.2964253815587814,0.3047729363251559,0.3587534492952974,0.2618920348464344,0.29973931863994047,0.30080887629641445,0.3096936336045174,0.3165528202272724,0.2574696862147989,0.3273637705984279,0.35535492479702785,0.29174282337240204,0.23989279758218823,0.27543874906745486,0.396332375834786,0.30734784529098447,0.3000968019130676,0.2543892259708461,0.31702080202169985,0.3005172926716566,0.3155631168554357,0.3023694480817577,0.30980870205940986,0.377596900925088,0.30519904200749115,0.3122455429811987,0.31416557621445335,0.2682179035425558,0.36614632546903103,0.3695474061712588,0.30186247756926804,0.22733635350105832,0.2495374244108104,0.24821239423419753,0.24666070924752906,0.26650773937013517,0.30824534894791594,0.29591543962018535,0.2901534788882777,0.2892658174874859,0.2904555415826459,0.3116351821549537,0.2591589080119028,0.32535663611863874,0.30982782596948755,0.27752903220651814,0.24096279887420408,0.3246106147594051,0.2849219471191821,0.23260326627161612,0.25189752450191943,0.2779941968451918,0.3799344987397933,0.2741425731056773,0.28002669724131357,0.42024829418040477,0.24288122834278958,0.27293761022232776,0.271259548999916,0.3267386840093694,0.28140919491903305,0.31683210941398854,0.3189419800438065,0.2961791753204685,0.33077967816169657,0.355519247416478,0.248339997376852,0.306944181747605,0.21976189210339478,0.3355870686358225,0.2782568986826104,0.22666986551502907,0.23890805717736738,0.31224498370285214,0.28647253272348294,0.2945859283649749,0.2669346395514699,0.3332040534741221,0.3540557983792763,0.38051501623216044,0.28582927174211054,0.26223007882954147,0.28743856429008363,0.2451517154954684,0.32571035462320647,0.3710661415819071,0.28495211357411865,0.23738563833858448,0.28858867772188296,0.2456095040457406,0.2713868503538935,0.23258183799568108,0.3074094931998663,0.3490539040254209,0.24631926157623282,0.387489490015963,0.2591278805278131,0.30924622320881934,0.3500050257756444,0.2956239941506624,0.2951924014874879,0.25229449919688807,0.2502129810533458,0.2856873423813607,0.27321414039945086,0.23225302524504432,0.3046102227180439,0.29488324594135107,0.305191493299736,0.2836250914280396,0.28688108064524676,0.31231997661341143,0.3995698324185082,0.2732575349874595,0.3125876750122403,0.29063097866853427,0.28005793776279175,0.28549007443699215,0.3897682973592461,0.20492131697366517,0.24650410095039824,0.3238065162938931,0.27843241629776766,0.3287247582769337,0.3088984239981179,0.32001852158508726,0.2890537445500932,0.30162495079943463,0.2778074154087429,0.24852884511276704,0.2661740943952631,0.33091375318954697,0.23776994798315984,0.27639338936001306
0.2518487469050867,0.3001531716051509,0.0,0.28677431130053604,0.23477530798501586,0.32324196433991625,0.23772544555941427,0.31742559221712463,0.23324041766013429,0.3488246002298248,0.30068739471668104,0.2734366689563958,0.341623942697074,0.23833111754016692,0.24180416667450375,0.3807018746671501,0.335812024551771,0.26702410532790655,0.24233314448595258,0.23693695035894985,0.33344946462105063,0.36189060437275683,0.23141461849589706,0.2529772674689316,0.29013586187131174,0.2872479973366918,0.23318719496251888,0.27187726516252675,0.2524695367743658,0.2465341091145191,0.22494072414573005,0.2881055213531425,0.26132880025233757,0.22781819314348187,0.20883267919086768,0.2478187940539286,0.2834424612296796,0.27635276121695,0.22669723519081456,0.270540551364381,0.2666588766750878,0.29150628546748547,0.2379859366590409,0.24331594927216138,0.28997122942178766,0.2849874676816969,0.25100555599505797,0.26487508035699175,0.24828423953689308,0.24575285782758574,0.28598716736547586,0.3088411808666432,0.20135100828962652,0.31121877674727877,0.2526375135710988,0.258020110317974,0.25165611040391295,0.314604851747471,0.25612711667661,0.2535312550089014,0.2816748881914015,0.22549787011971137,0.28087142458660513,0.20425770823933162,0.2016065882547189,0.24996582415743193,0.27435737806513283,0.3189950908128657,0.30365627965854064,0.30326212123410623,0.2866963704367075,0.20577259076287924,0.25113555731951054,0.4014788562765571,0.3194907446760549,0.19247693266005186,0.29140955946524943,0.2823196542632991,0.24891590616585374,0.21562667717843245,0.2782020564789461,0.2627415321447132,0.31317915377792815,0.28808160692620755,0.24685267352728396,0.3426952910268578,0.2304721125689112,0.22063230038458456,0.25109392398374797,0.24941849724951548,0.28046763593262775,0.21538640744867607,0.2474753088569251,0.2051603246416221,0.2598188973148273,0.2848944218572756,0.21238104700122717,0.26762191847599953,0.17655949446788174,0.28556781886283056,0.20060212850554074,0.24674274452170672,0.22192742198975413,0.2925041212641736,0.23568674702400078,0.3556516360285835,0.27741532487339554,0.2927064480019124,0.262324157797871,0.3079517969696716,0.25041931855794375,0.21793210439826802,0.28267930295622,0.24837578611512573,0.24401224280869901,0.33659161670328763,0.2234342039252094,0.24187597687131498,0.31818793286881153,0.24655658715743395,0.2360442046289134,0.24679049011080562,0.2257456715917254,0.30265761453014134,0.18226446955572875,0.31794376063189694,0.24706174467086975,0.26049133899593074,0.31065127549355764,0.2469137156846796,0.2647278727646944,0.38284724611560494,0.223098439107679,0.21724349463252282,0.25053541574630156,0.19339234288473428,0.2253169596383289,0.21543319108535464,0.25894817786426266,0.25301942362406393,0.23430815006577024,0.24520294684222244,0.26075004147337105,0.24374899730718078,0.2545567367383993,0.2286866063606788,0.2886460640168679,0.295463005683007,0.31604113216417073,0.20365198989474276,0.211486999808783,0.21186504184473026,0.2490510037704435,0.31351067755286177,0.32532249517347056,0.275815841880264,0.28035349496506395,0.3607365971642241,0.19110982492125458,0.24522698457811876,0.2664833318871508,0.20686293602051756,0.2460462446006769,0.2611109653258353
0.2656551717721695,0.29328420540675326,0.28677431130053604,0.0,0.22274440456515268,0.25734150108579384,0.3003816690661141,0.297482980153949,0.23570927274154915,0.29177316508675527,0.32203624336267545,0.2767062265834056,0.32589562279874557,0.2912801575692555,0.28031671803690283,0.2986181026058599,0.31547818675943484,0.29764468902734664,0.2718538455108287,0.26000255685844187,0.32320978274937506,0.2778102020027588,0.30551588369172505,0.2619443592460477,0.3112668647137073,0.32985476607836356,0.3182155695636764,0.29964282157066235,0.27284690283408924,0.22110865706146055,0.253194227007448,0.2854056828714396,0.35629550577402613,0.29871393096571763,0.24764051261836958,0.29137012066977086,0.3085327113713088,0.3056115643714181,0.2701280279019361,0.35809963705154024,0.298237936844696,0.2782198872085534,0.24849897450238642,0.2664320902382342,0.3282020525013573,0.33082065029836355,0.1995381180795914,0.2621091880265768,0.2971385287214109,0.2703183614566893,0.36094250882866336,0.29050156352571666,0.2527913590754632,0.3758585018929358,0.3035207824603688,0.2466893263671484,0.3145065938509732,0.30964092614146876,0.31655372314096825,0.32873352966186686,0.34298317693158326,0.24604216070679366,0.2735931746192402,0.22004217028409603,0.24033617477436137,0.3154452551275045,0.4448738434203138,0.25344356114873867,0.30476532615353125,0.30976523230079345,0.2688524755529474,0.2497381785405306,0.31101228297347433,0.4663411300048574,0.3181851410803642,0.2286860397066133,0.3623777322840303,0.3106422675334165,0.29472246073857733,0.21759920891086407,0.2470142051389454,0.3049562192884761,0.26890651399052024,0.28694046200725376,0.33816035735680006,0.3076809058971676,0.3054267137331101,0.30165425448381294,0.2834019142299867,0.28561031967784384,0.31365557268619937,0.2642048482913732,0.2592854919170975,0.25692907878884313,0.3332736598685218,0.26419379656595265,0.22768484388566235,0.27539934777732683,0.20898050934278203,0.341407043523835,0.26775551723178626,0.3050540959278282,0.3194765053529409,0.25339581707638464,0.27699527724302375,0.2922929148635595,0.31332001324078557,0.2895510409322515,0.3153795024284867,0.2837181927483226,0.31752634784892136,0.2794190150807286,0.3488215831288974,0.33378858358777314,0.2990491790066391,0.30468049249298207,0.2739095016720886,0.22676420721692786,0.2959508596695121,0.27642444659794835,0.2525309162105722,0.30780674023496984,0.2686913139438616,0.3089862538217255,0.21162636645721788,0.3009390187319534,0.28488364479712797,0.2743430021342482,0.3137275577337536,0.3029727345894321,0.23262017629370038,0.2921816471806337,0.3255465938280745,0.27704417084153715,0.2843035259052761,0.19720924644973167,0.2067841303769649,0.2749095553418471,0.32124629450774045,0.30885455386780036,0.31282021684157335,0.27131457619926236,0.3497339685338502,0.2840691461773475,0.29476363322323446,0.27380095689181966,0.2511572925119414,0.2822756179288009,0.26180309782459366,0.19784147921117926,0.2950854958696828,0.2719850802725035,0.31202086466298024,0.27629111059538736,0.3428451558140751,0.31412257215067096,0.3057003396354283,0.30771471202994755,0.29983562046431206,0.2847177451413344,0.2658139686272003,0.25565364654056955,0.29668356819498837,0.2900905703295364
0.2644980764180194,0.23292710059748584,0.23477530798501586,0.22274440456515268,0.0,0.19660435722754407,0.29420738559594434,0.20105159396913716,0.24557669047137093,0.21870941601682092,0.2732047083164717,0.24169446480795245,0.21084689116064867,0.22410715489921962,0.27700933513571757,0.24512807739458234,0.24481330187961547,0.26458986023756226,0.21449757762137642,0.2512320140692389,0.2761359583406975,0.28721792597892964,0.24889653763978167,0.2730247599521885,0.2407886033587305,0.23467529622003536,0.2041833118104739,0.195440329546791,0.2121042879190297,0.2381934501727087,0.26302426819573554,0.20308070507515671,0.22388173214342166,0.2076417857320651,0.31719658197556627,0.25507289841466,0.25822567285465026,0.25428654168915077,0.2892683934887981,0.23579040518004732,0.2522757410384753,0.26280137082005267,0.25858334111975906,0.3276618899467234,0.21669343099317517,0.21986040573828147,0.24053730352859667,0.3015060842039699,0.2896255390968922,0.26988417709311957,0.2570173846085745,0.2301502375468401,0.21102745487023564,0.24051814342782576,0.2347338604241837,0.2044041576069566,0.23675714043893276,0.2628445443605815,0.2487170663202093,0.22079922058354337,0.18281663797357933,0.18159523188946444,0.20966842008058834,0.24833533102896868,0.24981013820265577,0.1921698605865398,0.22560560547063524,0.255483393174621,0.2301372054812337,0.23667448766322202,0.26200929919738136,0.25237652331098914,0.21399509202744546,0.24055845443825938,0.2059527948529261,0.1923854518994038,0.22274721013970705,0.3220700227658742,0.2121816766611459,0.19337313455160154,0.2079895996413801,0.26711515249706336,0.2765360549853627,0.1863739377814505,0.22384639033764897,0.23745285970830246,0.2102355744250186,0.23247704569796193,0.19041655172680413,0.22393080244986613,0.3345680763502057,0.26392534105171206,0.28541114816476154,0.19614015008124866,0.25741417122880084,0.25101702345130067,0.1736527275551092,0.21174949326462034,0.2263154549851384,0.19896600771949471,0.2361347862619958,0.19644956148007783,0.23585075432008878,0.23579472061912438,0.21509689461947004,0.2283276874438648,0.19532426066732217,0.2450152210979425,0.2472150688046661,0.26278777650192864,0.26107926216010185,0.27088966019539973,0.20667246496354713,0.23037970089293383,0.20773448750976048,0.2234586203081925,0.194984540893808,0.2659714603000952,0.22115540961650676,0.21721575777046875,0.37879910813365497,0.19598089210973804,0.21551676628867014,0.2764327396795172,0.2480563455861582,0.22171483883030096,0.1958273142485949,0.23065771346723024,0.21517118024704765,0.24133870299418766,0.20339337254981554,0.21618708039306583,0.19128721766404425,0.25853258793649675,0.2738011394433655,0.25283002184436515,0.24088437519084058,0.2973844299942167,0.24690291712569826,0.2795162490933455,0.20450113521609167,0.239338970465567,0.26184595787045295,0.2407116807653253,0.2914496636334353,0.26663222537163944,0.29923112936549123,0.22071809549306481,0.23858359405220547,0.17482691107910311,0.24196123084626367,0.21883196240340377,0.28836277689042294,0.23783136606708324,0.26447282899916835,0.2648472374967526,0.2066026293590717,0.2519443943654291,0.23057009524437463,0.19967220222855858,0.18983283458032696,0.22785554606896827,0.22144233557603824,0.3629614074155388
0.2797213202080058,0.3153151728183812,0.32324196433991625,0.25734150108579384,0.19660435722754407,0.0,0.2130200964727724,0.31604462398226263,0.25426339165306067,0.29816310890214637,0.2561537981431265,0.28967937781164715,0.3660200160314054,0.22502746058752135,0.22869544028685543,0.34581355484150744,0.33021213991228504,0.2275398999638177,0.27837427958442984,0.2773279632510799,0.3169395246986473,0.27092598117012306,0.1986178791622888,0.21262936265182938,0.30174993662162913,0.23624833215636815,0.21134730139499722,0.2667360901867511,0.23432988233715676,0.2542818019322034,0.2617383427456223,0.40835683210572277,0.27986777030737764,0.2539346498495721,0.2235275472205407,0.2432015800924582,0.2806023409444194,0.26405868418572714,0.22725762172983044,0.23212339023231998,0.25033550024878026,0.30154723953725243,0.2527515155156805,0.2615813710974971,0.2766196427377815,0.27159096991473386,0.25574522055639853,0.24542705815660484,0.21514609008264518,0.27795229508440505,0.29421642232519196,0.3269633893147678,0.22480378689525748,0.2866090930494034,0.24236775376089023,0.31994766224491916,0.27819685397964516,0.34989350950621784,0.22865122516109,0.26146407392852217,0.32572213367770814,0.2826261479832975,0.3034871379184631,0.19220314914919498,0.22216546826580186,0.2788132775143538,0.2645205277805091,0.29378179625220446,0.24324516272946944,0.27390687759963844,0.2884036162192482,0.21213880805133425,0.2785420735639039,0.3169356609851546,0.39412994358651887,0.23418913799025123,0.2637720227307997,0.2493186257494474,0.2540763122274614,0.3063708958641391,0.3409655523397302,0.2621734280510881,0.29312330818803994,0.30745897129127486,0.2883277993088796,0.3001619217097434,0.282577937103316,0.24900334592041054,0.3147410455792008,0.25821958839611675,0.26796310803395684,0.2729806460340931,0.26197065405325864,0.2441608544109317,0.2442503234526914,0.2877880790800057,0.25735414878549245,0.3096331297550543,0.19236225719901082,0.3133700241715316,0.20849385381450866,0.24814256160378217,0.23522202346240478,0.24312283082542532,0.2880704832106499,0.3724982123665572,0.3618244939111818,0.3025531798169162,0.2532347312407564,0.28977628059647403,0.2627597196250967,0.22864838774685214,0.3697875472424872,0.2860284991385151,0.254597784807022,0.3257363594622593,0.2886147750303467,0.21184680448877707,0.3407314097479567,0.24483219484244917,0.22152768258395683,0.25827358428513014,0.28197181951396816,0.2987830497980281,0.21981948708342125,0.29878560102268864,0.30652384788515474,0.24570141002515694,0.2936348910435312,0.2224105844096038,0.3217664064200241,0.41262609001858225,0.24569844986103956,0.24685645734466735,0.24077621042038289,0.20164977949974477,0.26048357458639454,0.2056154441098857,0.21711252099485562,0.2542795264072514,0.2344504039760314,0.3023262723988776,0.272822646972399,0.2535798827933379,0.2646760486971999,0.2525616284947235,0.2745316913488381,0.31335626579254783,0.2984578047996872,0.22807756975708285,0.2305567634418517,0.2479389292503125,0.21692774550136498,0.24774490314007025,0.3221682399144736,0.26348581922908,0.24555915252904156,0.35378595197139856,0.1957282340571656,0.29023593459570407,0.2371750516884623,0.2713716165499193,0.24205703875875956,0.23860350849648096
0.28606740534347397,0.3058298396780359,0.23772544555941427,0.3003816690661141,0.29420738559594434,0.2130200964727724,0.0,0.2191588432795398,0.2406675808731493,0.26669458686948844,0.3200999875020758,0.315492940678248,0.2640513355380779,0.26297492567061415,0.313843688858388,0.24405178265102082,0.25654771242840085,0.2995706530588249,0.2825299709853251,0.25208573441393234,0.2820620942474695,0.32323053286778436,0.4166021938231919,0.36150039111295545,0.30184352127693265,0.26011763088766215,0.2626920015603006,0.24629487292470775,0.28686323573937866,0.2729863951704575,0.2662290592153675,0.24607577170628206,0.2970166689305047,0.27515485402752665,0.25568173773473407,0.2581507922240015,0.333102700203591,0.25700996436857704,0.2839660204153233,0.33406331938475475,0.31849656390017783,0.2782589148375988,0.2642041941634277,0.2945262448497597,0.2849292353505567,0.2727011119768565,0.2501692878195559,0.2678517535708217,0.4601407410951933,0.24627728566107907,0.3109858022595604,0.23740070150351159,0.23282092526505954,0.3084583181102898,0.3219604708502191,0.24222255098838683,0.27963026284916104,0.25594018650061384,0.3201079162725041,0.2699454263979716,0.21161703224923473,0.19206612434763135,0.21064784561221453,0.23958134706078052,0.23004532244633366,0.21121261151750484,0.29111811534055726,0.28367401485657057,0.23895500494379832,0.24455107367648574,0.28350283468277737,0.25495714542648956,0.21617055926878537,0.2963160721204904,0.20479391496734417,0.2512548792126893,0.3026999895938219,0.3441556347566552,0.23109206748403208,0.21468527232074852,0.22439052640265114,0.2779657800060532,0.3052269613916923,0.19661176779210995,0.2374846851364452,0.27248387994993856,0.2236642953102515,0.2683672797368272,0.2340560714340128,0.2606749398185133,0.3122889344098928,0.319354413768708,0.30895690650802415,0.25389854313404997,0.27853005443914963,0.3117520283690484,0.18902029454208347,0.2549615773027273,0.22239913899276903,0.25059543975602855,0.276284633782537,0.23432228026602883,0.2569756535844702,0.2738444154667714,0.22187100759942213,0.2492350170877917,0.2130476414969758,0.27075893639504156,0.32158307446124723,0.3300283652890985,0.3532962956470095,0.2684882856344561,0.22210349003573718,0.22616999143904004,0.2377763268569531,0.2703353931431448,0.23481272825310445,0.29260081778550556,0.23725599222396934,0.216903193339339,0.280209888478345,0.20816207698807396,0.23859384325394556,0.34833104209476146,0.22412575484527753,0.3052808295118008,0.2025778628846075,0.2953163519837666,0.23541012662534827,0.28043044061737615,0.21119473663536578,0.2085239490849308,0.22662928383587913,0.24861710466660766,0.2504210662125313,0.22958195989173188,0.27495154747943046,0.2958949292285853,0.30226141632949016,0.32609708794150105,0.26326925483616,0.24628193353651512,0.3064372712661895,0.24327554291204298,0.3128418735337678,0.3085337225763482,0.2751814566962973,0.2679074455256079,0.2624424464108805,0.1741482966932716,0.2661160718980943,0.268069584620725,0.3108030144750912,0.2985799491214971,0.3084895741707891,0.31432982654604924,0.318385693012681,0.28722792248692547,0.3001926550827732,0.25522899760130635,0.23263200557100785,0.2617349893804289,0.25028266336111593,0.33600319876830104
0.2719933744675473,0.3180725437821419,0.31742559221712463,0.297482980153949,0.20105159396913716,0.31604462398226263,0.2191588432795398,0.0,0.275833986803574,0.327908814207874,0.2515932378824512,0.2740733294183143,0.3566030083671735,0.25237126952857647,0.23266508375569334,0.34298402066877703,0.3269353204000727,0.2612185410839925,0.25474797717491304,0.28284397878033946,0.2988690974343689,0.25644041784261185,0.23783772677792264,0.2139778898389159,0.3171131675016317,0.2563348494992574,0.26508329876366754,0.2942241391670287,0.21762395195189277,0.23818567699427382,0.3050387085154033,0.3137827293664692,0.28229810976990327,0.2728620250177311,0.24848056502125768,0.2798471351368869,0.31101929916157883,0.31015475136071513,0.24476538946589757,0.2595817257001977,0.2536855370314362,0.2781633244104735,0.2579705740314343,0.24266769716272427,0.38174141476615564,0.3027680650328386,0.23718188158991504,0.2414204542554818,0.25038933537100666,0.26982949632039677,0.2884301777454582,0.27954290009125504,0.23196090844700737,0.28259033849425685,0.25887797226163345,0.28877061162061246,0.27045129132032136,0.3396001727363686,0.2750271860648938,0.27796551265337166,0.4217803876123448,0.24026447784467558,0.28388056540071144,0.21992684547867825,0.21354116880073498,0.27477547321495777,0.3127942518292305,0.2784533621929361,0.3072299673251064,0.43850750691220225,0.2789969819562932,0.24342767117815917,0.27954788909872064,0.35547989396430757,0.37522973087993444,0.23020698984118343,0.30750599402575685,0.2513428478925495,0.32441477158517784,0.20946795887481967,0.24971939610726354,0.2731093368017988,0.29828887368249296,0.3308769681652229,0.30373346048362265,0.3749278902847572,0.3709369869033313,0.27627983643658205,0.33141010184453773,0.2880282434697758,0.26953605189779395,0.26701186740764576,0.25088132153145676,0.23163699845853483,0.29384479066040947,0.2977584280162224,0.26154673065791306,0.31497831219043004,0.19190810888023166,0.3388912399445383,0.22620452964082607,0.3373434072532681,0.25707802956290027,0.2866308734067232,0.2967897637145091,0.35868448498903605,0.32510840914103006,0.3403610680158235,0.2672837770527899,0.2781123827586835,0.24205025820225595,0.2482104856189223,0.3449591399294247,0.3026161719730978,0.26899682586037477,0.3178277685749254,0.28129591848973745,0.2171088644648106,0.27789966234469016,0.26745656456210365,0.22438264986235223,0.38405588326290885,0.2512271785019034,0.2872385312190848,0.20616951115248897,0.2795690171857385,0.26859840866121065,0.3008952373184536,0.3197138841325215,0.24938840078205612,0.3205276384053756,0.31033938187831556,0.30300688872741166,0.23738929880927495,0.262382899501057,0.18957668134303304,0.24404533272740314,0.2261584351474269,0.266066752790572,0.2843639682277788,0.2538320022518162,0.25902781858252,0.32149888547678485,0.2636008286281324,0.2787000971225835,0.27894141803534905,0.26972737820195614,0.27658609512849786,0.3289636259180651,0.2011692693499876,0.27101390389472607,0.25756156137366126,0.24749651949905827,0.2681196711488995,0.3475579973292464,0.3328545334221592,0.2449040758723208,0.3305658943606677,0.2120354541702096,0.26204810432371856,0.24264969275212542,0.2547529268511012,0.258626300846876,0.2378226076908554
0.36418664906737114,0.26867688192657585,0.23324041766013429,0.23570927274154915,0.24557669047137093,0.25426339165306067,0.2406675808731493,0.275833986803574,0.0,0.23123927456749174,0.23902023937725528,0.2710206392228026,0.23901103134842305,0.27441390063864585,0.2495750383276108,0.24902596837118138,0.2372828057411133,0.29157472332811163,0.2595703376783664,0.3449667629226055,0.2693314099276728,0.32218576289581824,0.2194225837300314,0.23305281031694003,0.2863560308179452,0.226017521918065,0.23245760535640322,0.22851179923692727,0.2046371948707061,0.30386988643938034,0.36618615132833493,0.26680929436845163,0.256577355652992,0.2275885003910276,0.3160380934596095,0.2848808644455746,0.2726327188530725,0.34334378004182214,0.24855885116227985,0.22940305893261506,0.24766292549926452,0.30477702753381436,0.27491063709870384,0.29153347009510755,0.2835791632582732,0.25150340788310865,0.24526404612394123,0.2547923952025966,0.26092547623810197,0.3198564735136741,0.27434943015351926,0.2510942196853011,0.24167257536549616,0.2634109193718687,0.2457915353518066,0.30769479579374853,0.291449933470665,0.27542157007000906,0.2612085242513428,0.2445549667471332,0.22214781614449658,0.25041300357473184,0.25009274705792267,0.27124954269159085,0.2917164660582601,0.2535777603113203,0.2782311738991301,0.2825963461636198,0.2708273247508069,0.28308725577261423,0.3456733801483411,0.2923558843439448,0.31383870781409834,0.24973156149085482,0.2700955156792065,0.24385942433855026,0.20805300694794732,0.21825157909020693,0.2696477737211089,0.2028212900962516,0.226373774537538,0.431517165021954,0.2995773522907518,0.22918984355038918,0.3054637514664434,0.3315405655540459,0.27814870781423,0.34100082794721637,0.2510098396877766,0.3265751373133552,0.3241997498578501,0.37779554141828414,0.26760029557185,0.2434224182528973,0.32752304296361284,0.3273063906423385,0.2723037356860369,0.2872385166607487,0.2987981033718059,0.24579026110426233,0.27752584700402577,0.2223693569617019,0.30857118069600437,0.2746851421183696,0.34585170481755984,0.25776098527057467,0.22614203662067667,0.2578716453824277,0.23141238837071607,0.23628878213957,0.23745156285732769,0.33944326792409535,0.2964362393185006,0.28934299977363476,0.24919651164879425,0.25063640717831975,0.25105259493519316,0.2620932450675785,0.2142893765680927,0.26377838800315606,0.281380898331778,0.25848071204183315,0.2769793167552438,0.2671300233335628,0.3521740897399179,0.2338086890912685,0.26156293284425003,0.23589920105711132,0.23214043610176704,0.2916321999376916,0.33425192799382336,0.2737934737493235,0.24393461616531545,0.3593175000197311,0.2799959376983225,0.23590214627931622,0.2745902853919279,0.2603531074957931,0.2705824047879299,0.3323254069241867,0.2520692571854472,0.2782200422776438,0.32020978877959516,0.332545628803115,0.2849306016037464,0.3541001860955732,0.3855550334528713,0.20969596886094888,0.3047470599693247,0.19285009121331198,0.350575799596205,0.25555995594121106,0.28027403580697774,0.24468421022785916,0.27523775362339536,0.3245525921203045,0.22369616592331504,0.25232909564938716,0.2718577350834311,0.2398776921279164,0.19292286838336165,0.32863135597266513,0.27545554570904857,0.3123220848874608
0.26976693130972323,0.37582829825634084,0.3488246002298248,0.29177316508675527,0.21870941601682092,0.29816310890214637,0.26669458686948844,0.327908814207874,0.23123927456749174,0.0,0.25001570163061476,0.2588351256290192,0.3320949324110097,0.26830248291186365,0.23694097361520905,0.302286914914898,0.3391511549048301,0.30282241479273075,0.25836865800192815,0.258011836941592,0.27727124704745054,0.2647295086267778,0.2971690241467769,0.24028940052993553,0.3725441462757661,0.22753775919652594,0.25327643128581706,0.3183692970048765,0.3059162258720743,0.23599176711260925,0.25778042968658477,0.2968746985751025,0.24520204435721965,0.25510157337587225,0.2428953496618606,0.2373362030211095,0.2875624549897217,0.2619764261889027,0.2098394489954327,0.290660748541579,0.24506796814946538,0.2933272016009478,0.2303961761273138,0.23010509486622066,0.293786408001851,0.2896563639638912,0.23977052373638147,0.23089254325549366,0.3099699103248636,0.22650175358793972,0.2683005404525144,0.25443320356536053,0.23088853304573534,0.2797588092509341,0.2589283278991231,0.3000718072228543,0.2573327450951713,0.25768339441727545,0.3235748977613479,0.26979131237057025,0.3161585848664769,0.21250109313533383,0.22145889233395907,0.2102533182667635,0.2145002125306827,0.24779018405942801,0.2772632632329184,0.26932252488931735,0.2928928388073714,0.3168411673672327,0.24015127698144081,0.2605000212919189,0.2386190851955587,0.342408152856806,0.30478004737827713,0.24734545145311154,0.2622975215943991,0.2947852939469148,0.2479553168470823,0.25175200800206904,0.28807132645983957,0.24074572612129674,0.3321689692353269,0.2888648975338979,0.26653040481948215,0.315920761296548,0.24673154524911298,0.25600578323497414,0.31836490167502696,0.2554437971785224,0.249487169439638,0.2501095559615216,0.25925609754045875,0.227292888769085,0.2847840658273155,0.2948015780840358,0.19239764983257512,0.2914783617055721,0.19138631836504297,0.3439550450561532,0.23749531728413356,0.24849284670605687,0.23477897591521052,0.32644012342862794,0.2294894640569197,0.2953290746955766,0.2850116689557335,0.4241915705715392,0.28604061560948035,0.32309139225533395,0.24600438987438034,0.2232647412451537,0.29917973483288934,0.290307086676514,0.2496352182988626,0.34200392913648464,0.28939073624166695,0.2540575558297971,0.31420991503440876,0.261536076439989,0.22116503682651734,0.24721021621438855,0.23775349077134547,0.30998827949963237,0.20346530759656964,0.31995738638955307,0.26297596717203436,0.23916332150473416,0.334804917385609,0.24690492484313403,0.3322537549988007,0.2682664563494302,0.253050476027809,0.21439692396465632,0.23218960860703156,0.19879354854473835,0.25619845584017004,0.23513813618428908,0.2737037179892426,0.27139580753807346,0.25140600844103134,0.2633743389513224,0.31820451142325806,0.22251395942266364,0.2620268355073119,0.2609446701205558,0.22088302604760804,0.364564264529981,0.3927449331779458,0.21311578591399394,0.22145271252333953,0.28835792298870294,0.24358897573724164,0.30074376666418745,0.3254826632422346,0.2881418832071929,0.25093778886838597,0.37831433678536286,0.2356583235858774,0.2744403125346987,0.3271612674037262,0.27312511375163673,0.2758450649921183,0.24668356361434926
0.3044178055877367,0.2897709155316064,0.30068739471668104,0.32203624336267545,0.2732047083164717,0.2561537981431265,0.3200999875020758,0.2515932378824512,0.23902023937725528,0.25001570163061476,0.0,0.36734753318648994,0.31934518496209346,0.25601949240628263,0.261491531132019,0.34931898770657793,0.3110990367851855,0.30807501701269574,0.29973976449996165,0.27454521855119135,0.3282064005734663,0.35176486403057217,0.28716722093236835,0.2994839099467682,0.3169175688516884,0.31473404290192797,0.26833315167079813,0.2760106571590708,0.2893979296103115,0.27166956383735197,0.26048440265451817,0.2928015068065437,0.2890766441936878,0.2599123280280799,0.25564109614262853,0.29726291115491205,0.392218567736875,0.31124898271322815,0.3494366581128537,0.29666026963535486,0.28011673222278644,0.2680046259474461,0.2873014589039847,0.3190330182475092,0.3080271022062068,0.27883795148467194,0.2095498469979078,0.3783803777848588,0.3510496217940601,0.26721658240467094,0.36390511511671064,0.2580103711371821,0.22243797350708433,0.39538365943177844,0.3932377814120149,0.20802350205554945,0.3239379238658476,0.3453289382702656,0.3048250313668344,0.2968960855269652,0.28182051368745287,0.19963410303580795,0.27429859550028113,0.2326063795944704,0.21100227393339366,0.249157304313768,0.32189983334029576,0.29393434135351004,0.3098517142703697,0.2877793622532738,0.3039432380803357,0.2349360392540592,0.2640454616131161,0.36801086450663134,0.27608841279090707,0.2307955013418009,0.370410042806244,0.3163970944484031,0.2612660736783573,0.2133886787190461,0.2299516989152621,0.26244053714789994,0.2929759423300618,0.25225134944352656,0.25101679102908936,0.28568586386584405,0.27030798949632906,0.2766094714242053,0.23365781191016002,0.26672429929628855,0.38552291584720716,0.235321586301997,0.34080577777162646,0.26294307977977965,0.27758719934808346,0.30585991035815824,0.2160608788813212,0.21889308186110182,0.19958607693340616,0.25084836965353646,0.2761758947946882,0.278116252214628,0.2652501718624481,0.24776338916992072,0.2644222776394955,0.2572861157897615,0.2513435246063149,0.26203747836734653,0.2677564470093331,0.3410114927106226,0.4037393529426222,0.27365112662749014,0.26371576755536136,0.2679164851471104,0.26742475592257703,0.2674314666112514,0.22544332365659267,0.29203210345430614,0.2807182829360719,0.22529108439255538,0.2807248763489764,0.22413146030287262,0.25091612514977285,0.34376107528416444,0.2101259539037544,0.35773253119050197,0.205617709827259,0.3172511120153123,0.26767197988219144,0.2594160584932088,0.20494670587151878,0.2757198000816827,0.2869320803077181,0.27099607908100176,0.33279111210780826,0.20899494338307228,0.2628535231131023,0.24946632703347058,0.3123425110347675,0.323151207486831,0.2808963292552595,0.27778271981246117,0.2699298323051976,0.27890172669745195,0.37072431549384244,0.2679615545141541,0.2691036237355441,0.2544765775040659,0.2662223779105987,0.19460236330099506,0.3211556691425024,0.2495594640185003,0.3811574746745833,0.25812432397408747,0.2967209744453236,0.33024534673538464,0.3073927543871674,0.2874765807568956,0.25860362284175703,0.25609324705507863,0.20941542792218462,0.25792219529373067,0.21722458348283544,0.38568056123680367
0.29645265751121247,0.3118263121455982,0.2734366689563958,0.2767062265834056,0.24169446480795245,0.28967937781164715,0.315492940678248,0.2740733294183143,0.2710206392228026,0.2588351256290192,0.36734753318648994,0.0,0.26320001011039107,0.21013155182938942,0.2457276258632026,0.3092703076724363,0.2862300682747324,0.24816206797116436,0.34098385117259017,0.28777001254236495,0.3482011581284289,0.2958018008123907,0.2760943875852635,0.2814064893239947,0.3655485153276277,0.260487494946985,0.2573796803626365,0.2392494721989771,0.25480266401280227,0.32143613961293,0.30335899319592824,0.3141213603525648,0.27422025667385186,0.3121354583838277,0.23488734439036327,0.2857295235843197,0.3487298356278811,0.2857443496411967,0.3455822074135087,0.2680782512660829,0.2669872298310946,0.29319584452747566,0.2781094997903881,0.3032612128471074,0.2982711703885126,0.2816744228978126,0.2690807647462807,0.2999298930286587,0.3042710127585122,0.2770089751887218,0.36290994966258866,0.278350868572109,0.22309650668733233,0.345254879175149,0.34957823618761374,0.24887440783933573,0.33700793631613973,0.3649369411757835,0.24999300760677462,0.2811480654261013,0.23741880746577382,0.21029732527062736,0.2627231191245185,0.22614193415126047,0.21759616286911423,0.2500601381465696,0.2672560390490393,0.2692947088054131,0.24064931854752686,0.25653320243656424,0.27938056961477614,0.21629319189808377,0.25057298670113876,0.2988770515607671,0.26314490497649745,0.24304856341946243,0.29162829031162407,0.3087389193476346,0.25144931394335857,0.2109881810395494,0.22291618569367894,0.2867523398404689,0.3107069808943759,0.21037442622150132,0.2756223991761372,0.30388893593158567,0.2556795000093547,0.2806467287203577,0.2675266195976567,0.29391611590418026,0.33479377219930373,0.2894785725798009,0.30637795122676703,0.2784331878126206,0.26055286036099223,0.36960509163962857,0.22151760723607528,0.2754529249060288,0.20444789135061966,0.24704511445859134,0.23434458192045463,0.27064644456050074,0.2889753465649584,0.3097196648808128,0.2611024176336891,0.27667245315750083,0.27479147694805556,0.2657071793146798,0.26158940179812673,0.35825634022116576,0.45617917150564724,0.2971630626196773,0.26043586648463435,0.27269791404253974,0.245501452223074,0.26946511128304373,0.24448557042859717,0.30999854814588623,0.27434303848177805,0.22025781324758256,0.24563915405987816,0.22966542905190804,0.25629547746646614,0.33094218559084826,0.20201011860597548,0.34889663275160343,0.2221521895674827,0.32639117515898175,0.2756583670796255,0.23075777756308286,0.23494059820790908,0.26026458747756565,0.2343026819303886,0.27746630181497206,0.2796824326215645,0.1944978812929081,0.2982175405847795,0.232511392913799,0.265331058693742,0.3320591962430055,0.22185479359204777,0.27392810783632876,0.3084466481778476,0.2909839937316075,0.3405203391614018,0.35068014618560717,0.34339991513613005,0.24039373064385697,0.3309489002280719,0.19908346285706,0.2970907190085508,0.263616841506068,0.31088183925577517,0.27154060869873037,0.35367196233714476,0.28483582486032155,0.2689794189372625,0.3032065518653257,0.21822509258969175,0.2627040072267728,0.18313019849731255,0.2499376195320562,0.22413271985258382,0.30830530654873034
