0,1,2,3,4,5,6,7,8,9,10,11,12,13,14,15,16,17,18,19,20,21,22,23,24,25,26,27,28,29,30,31,32,33,34,35,36,37,38,39,40,41,42,43,44,45,46,47,48,49,50,51,52,53,54,55,56,57,58,59,60,61,62,63,64,65,66,67,68,69,70,71,72,73,74,75,76,77,78,79,80,81,82,83,84,85,86,87,88,89,90,91,92,93,94,95,96,97,98,99,100,101,102,103,104,105,106,107,108,109,110,111,112,113,114,115,116,117,118,119,120,121,122,123,124,125,126,127,128,129,130,131,132,133,134,135,136,137,138,139,140,141,142,143,144,145,146,147,148,149,150,151,152,153,154,155,156,157,158,159,160,161,162,163
0.0,0.298466496523513,0.2758836160415899,0.2618412815501035,0.3161744753584607,0.2630736105281425,0.29335397029192506,0.2683174227753155,0.3627759789207456,0.25383965154337895,0.32938294286303194,0.3014734888339436,0.32140853734192054,0.2979470557150751,0.26846039953606315,0.3037867545049625,0.2932200058257521,0.4667315331780115,0.31891848282993246,0.507210476883868,0.3425797316785898,0.3607119984704292,0.2995331758380233,0.30395775193441066,0.36325124400133835,0.2548261109070249,0.23941906686599457,0.2632703806267401,0.24551151872010143,0.27370040334477125,0.31889601963329167,0.30380937056813084,0.2749920972905104,0.2817031752473247,0.4048698777425748,0.3526929687272516,0.3792479186583867,0.38092686731148173,0.2475634312286756,0.2853114923799602,0.29278740138541964,0.2974465262996639,0.3755665827700318,0.3577122922467335,0.3053081519644359,0.32375833547424854,0.30831785875168516,0.3430053710042193,0.3934105871275909,0.4373302378221467,0.350542138437733,0.3499761996036096,0.314447020466585,0.2998147942886431,0.3114508741456125,0.280093702851461,0.4510288489001649,0.2907452576598732,0.298763646434037,0.36091884154804516,0.24839048192323396,0.2644005449036283,0.3428037572168807,0.33542529731914267,0.33810471039119866,0.3322667261021218,0.2737722953734862,0.33717704694974515,0.2845399150123583,0.32867485570030125,0.47272246625157693,0.3755386831184217,0.30695735851274863,0.2927355771278988,0.28761744953680957,0.3506253317954909,0.24152644828149758,0.2734085546770777,0.27978549814026693,0.21648881858553332,0.2500554867972306,0.4273238954690306,0.2908993806254472,0.27082151347381767,0.313198802723255,0.35121514189161196,0.28985442392836275,0.3548136227827709,0.3105111016271923,0.27218545533948746,0.40681170443410253,0.3455182092520299,0.3817504704844568,0.38245583524905025,0.34646610041251735,0.3156047262326271,0.2655223248875751,0.2839437557519356,0.31953271300689445,0.27539643366728206,0.3045005273378671,0.2558328064464752,0.28717529543417625,0.3044592402109414,0.41189233564940336,0.302328741424974,0.2692107871629985,0.27194980982492867,0.2950283624633602,0.3048185489498212,0.33988890466381677,0.4173426132355817,0.2918545179860241,0.25690636378418896,0.32138667045840674,0.2805660067193207,0.28918747400500466,0.38030957360246487,0.2542456938825155,0.29407882994477935,0.33588252947567787,0.25353247943952695,0.3322336412419668,0.3310992402383237,0.302531783648123,0.26525551191792807,0.242568200576759,0.26973399742492254,0.2642334348327535,0.3600055372146877,0.24589295056468413,0.27038791350477864,0.2671494629755844,0.37589308817014133,0.32198616544334796,0.2783926042135316,0.33692666868425303,0.30492795014199997,0.29994724908489134,0.35506330857576657,0.2795350236230946,0.32411754848886853,0.3576994551489357,0.32470697229928486,0.35117317592254055,0.3304261050388852,0.3334451283869777,0.2194148090768847,0.3421497451168272,0.20179329488289882,0.4001348768133696,0.28708495639678333,0.39274371380090817,0.22308539610391004,0.300147562578071,0.3636387798113009,0.29936305656057494,0.2550219879927791,0.3028468272811739,0.2927558542336041,0.23084970981548447,0.370339298617826,0.23200366723347038,0.45103180086666883
0.298466496523513,0.0,0.3250536977796927,0.32618220177617435,0.24385597937412437,0.31972287143952677,0.32751176494526796,0.355426353632216,0.274401859352042,0.364403453094514,0.35522118165062744,0.3698909246122804,0.31902022155060417,0.3498111001983107,0.2818500375031142,0.29980441551642517,0.28053662296624926,0.32686193259739443,0.3398781747940087,0.30467203394418785,0.3358513486950887,0.38546332337667216,0.33902734355535685,0.31783301546484194,0.38461609731599167,0.25661049469336406,0.2630531583333217,0.27570194038818874,0.42486125414620945,0.2745830536627587,0.29920684923587304,0.2945627439377046,0.3755657545474696,0.2563206371325674,0.2682486757302915,0.3107279229049292,0.3574743268361937,0.3371394609730537,0.27057347590949493,0.31556645066782724,0.34762028470176126,0.28957691293421844,0.24397486726336687,0.27349783467207367,0.3752642811915625,0.3114329507011585,0.29690358407608236,0.26979583179770544,0.3500838692781797,0.26843033053981774,0.3173473127886658,0.30573279154576766,0.3419030633712719,0.4153972514467296,0.33674911936310786,0.31293203487196114,0.33743467060384913,0.2905441573234163,0.3365034428021202,0.3914697460948054,0.3294833590253861,0.2400688638226373,0.2802843462615711,0.24876430582832518,0.240854555954112,0.26355875430832515,0.3021432305156435,0.32726381904708063,0.270804682997681,0.33621883216949594,0.30812674474803825,0.2972387723587783,0.23436397642234208,0.32340884383759655,0.28896562754437477,0.3152580454276236,0.2749231313875717,0.3854703638625983,0.28254103665618746,0.22880416545596813,0.2745445852128748,0.2878460057585971,0.43599447429689686,0.2924837984519872,0.2679287045654482,0.44531317547666655,0.27761056585076727,0.26099073487143976,0.28653374088928624,0.35475148803059026,0.2789084605951728,0.29250609304511455,0.32975103170675335,0.3322937634651612,0.33939110146356744,0.4264458734740959,0.29135285833949814,0.28995890892573617,0.2384842168189128,0.2849411006415942,0.3154092559804973,0.2524138766302545,0.23468365338398284,0.3606572712253498,0.28833259080577767,0.281541648397585,0.24521462632156377,0.31342410463658943,0.3329517843412884,0.39078265589151856,0.3170561148891891,0.26568127159637794,0.259918287271389,0.25660977677037716,0.34679869845113315,0.3392958405023253,0.29491764446888447,0.26248485191204035,0.2665810741473744,0.2761926041489459,0.27470894922819916,0.27099195022935946,0.28462454481887256,0.4102157488689308,0.253059709510969,0.44335819115147945,0.23416158354877753,0.38270629741502316,0.3303484938256135,0.3053041656577512,0.27725738747434303,0.27546095624370365,0.295216060132978,0.2969643824876779,0.29097697375411513,0.24049288322852988,0.30064997264139603,0.25870983203911146,0.30991745715478003,0.30158549701665804,0.36320658074721895,0.32800761274657864,0.3794021597934035,0.29374580007618367,0.34858434707884434,0.24536305372782882,0.3155875709250589,0.30010809110707437,0.3979560596152054,0.2182325556387879,0.26856626926340754,0.3639695505491485,0.2976596849383177,0.31349151864204156,0.32540371064791196,0.3701690061626515,0.3810970400164323,0.32652888676287706,0.29203781982438665,0.25924527958158267,0.29708676055072025,0.3317558669242584,0.25776349899928336,0.3002507584170368
0.2758836160415899,0.3250536977796927,0.0,0.3315049254082831,0.24839738960300725,0.3264192213941997,0.2561383764282155,0.35474363549992355,0.2192646489644901,0.447560610627665,0.33896429010994006,0.28502231264818834,0.43755525667608197,0.2807164407984797,0.22217317442043866,0.46149330166345465,0.38984763639035536,0.31573125082091963,0.2502529652106847,0.24285376336576525,0.3233200482663777,0.33982156697430144,0.3038658145836979,0.24198373856322744,0.32561163226523626,0.2867096930612915,0.2995174946262965,0.3269361342234375,0.29090020623794677,0.25443940842843216,0.21851564519890218,0.3554377826434876,0.25420308705531197,0.2781188409834929,0.22822644119503538,0.2700943402215779,0.3218460026203776,0.280312353168353,0.2119532081191002,0.2959040972098834,0.24214353252453083,0.33249183831983037,0.23740883900393692,0.2365919140587425,0.3203739876502168,0.31551399065959523,0.2524258747725759,0.26045776080251914,0.29338243518091783,0.2484125933821049,0.28893058948902245,0.3112440783440915,0.2325324143345177,0.3259344580932658,0.3032215530425183,0.27801952606319813,0.26367674691910237,0.33914871728231333,0.2696284720532023,0.31455649456997764,0.32343868106354806,0.2488233041722483,0.29354027281491923,0.22610697800419924,0.20365275019038556,0.2719111466197897,0.29320347267654584,0.2898548849555022,0.29388868267786916,0.3458612709380248,0.267675133812412,0.23516541738626692,0.2710141735872339,0.44000898125538734,0.3428322571163793,0.23835043320546023,0.3564689191547003,0.34379484102475033,0.231559402039254,0.218824099026429,0.2650600724257831,0.24251854833770428,0.2914931915385764,0.307404940685676,0.26848233276519917,0.3142688708321418,0.26151196289359513,0.22656089157367018,0.3172644851544401,0.2431704975245649,0.3012412869549387,0.22807816055704652,0.27866337638200983,0.23559989179019405,0.27973176487954354,0.2753896522924734,0.2129049915059684,0.291799735039513,0.19769921194877996,0.3284101957973455,0.21750486352611695,0.29511777540895096,0.21974400696276405,0.27813808434482934,0.260652589970088,0.37088248711925725,0.30155833748788946,0.32234239382061686,0.2917622048380063,0.3160336092471521,0.2833130181354554,0.2312882187097478,0.2894025577805045,0.2833314880445984,0.27010971482775104,0.3702048238640981,0.2652079786916633,0.27812256886741327,0.32472837871294236,0.3135556609915267,0.23741976349818242,0.26307595457322125,0.24005866713512966,0.3046685916267212,0.1795597848266949,0.3283107723457488,0.25389167310689353,0.3027542305086737,0.3605363996409915,0.2526367727934654,0.2800850511532785,0.352949533481257,0.26248821211066836,0.21298631059869477,0.23191629761814087,0.18264627792355004,0.21781103852694472,0.21737386938222736,0.26428640654514357,0.23651152604174466,0.241410108403796,0.3019681173758689,0.2903342253251605,0.25565768438016623,0.26407020026352235,0.21377461452695626,0.23762243987397114,0.2977123900160653,0.3265489676688648,0.2318351432259792,0.2117216872264164,0.22998160885005633,0.26983656407077145,0.3013897349933428,0.30969205338910416,0.2678320328318176,0.31305644685718953,0.35489060363912267,0.2058712803306554,0.3061880882476513,0.3011065967831682,0.22022636182277625,0.23805652465741514,0.2602384698565518
0.2618412815501035,0.32618220177617435,0.3315049254082831,0.0,0.23327031403011037,0.2782148282229869,0.3086373127179059,0.3340612891059856,0.22299179962144758,0.3197084247720083,0.3102642253860611,0.2665379769120794,0.3582255603527935,0.3431736522311073,0.2721640496028623,0.3219073884475474,0.33177632223884074,0.31516933507526895,0.26892564227021104,0.2505274100292888,0.3572852222094308,0.28600890542745394,0.34741901941084874,0.2645358919596799,0.3229303948179873,0.36656535761768366,0.35697745508962314,0.30928275968263064,0.3071467225261214,0.2250957993556859,0.23617286116157374,0.3189908042194475,0.3743218265349839,0.3137580067479338,0.2491862991484216,0.3140794229228084,0.3263465227645394,0.31590580443163074,0.23880908413361127,0.3884801248417512,0.3170501483209591,0.30193488345717173,0.2562349348892837,0.2659564905841252,0.3355367182539337,0.3721121339596828,0.2386330822986712,0.2576517975669087,0.3167792156349163,0.27542118493271134,0.36335926776844957,0.36149811599912396,0.301866530348399,0.3935246606797018,0.3249067477581802,0.30135001161519953,0.32469996568103165,0.300080460092737,0.3146664590500779,0.4020638235958139,0.3798246179196178,0.3156942701245471,0.32951118910979293,0.2367688780771092,0.2531978735789248,0.3344522670178981,0.43117162984825996,0.2852703949827234,0.2890950349993706,0.3274234557202523,0.29607381704581376,0.29088023881921043,0.29680263479614616,0.4691154238392931,0.3124269436692353,0.286121228498593,0.4125423910209215,0.39814362213979293,0.29461006080183083,0.2377641539309978,0.2909826684843875,0.30605967720767857,0.28884791069322263,0.32913570776917883,0.3729295945620784,0.328266294824673,0.33629032149816135,0.2914565790055544,0.3495463102008302,0.2922184764619823,0.3049229443707433,0.2710984497439344,0.29332317434699007,0.29567928903500534,0.36264426801685107,0.27045518506115646,0.26327957916429257,0.31098821006470234,0.24389164022664944,0.35126425464345656,0.2802114660413892,0.3408727265675522,0.28597134741387614,0.2606288525996125,0.31222219046942973,0.34844232193779884,0.3257064594594228,0.27488003747945866,0.37517203475100636,0.29106997347103725,0.3144586698631878,0.2940689589339705,0.3557357520836519,0.3314809858063908,0.35456394711165024,0.3230503590390653,0.31791651885358996,0.23500348318168682,0.2942430693404751,0.3550537442910559,0.26941377874194816,0.36841396580688107,0.2934215619545982,0.34208353962057175,0.21910096542992047,0.3096044698449268,0.3028056103691992,0.3239931680723716,0.37164106147589476,0.36182775905191567,0.2475066357811479,0.3232638488005357,0.36585978794875396,0.26784961927276996,0.25529469299197444,0.21330473561764943,0.20782447892537856,0.2830983072063849,0.3108744352922139,0.279939451242651,0.3414509245780825,0.3142724840478228,0.37104380463697345,0.30318903977300593,0.3111402591829239,0.23686729788638886,0.2555999091656182,0.30410154153499896,0.2771964719319892,0.22084881889097907,0.2663241628679797,0.29081770043801575,0.28590042711123076,0.30645987559552257,0.3324558684703632,0.3169036380516722,0.3539224727216148,0.31858509340853036,0.31684428386984625,0.3414271265649395,0.3652944141439891,0.2688338538700563,0.3190967550597287,0.26358327487052485
0.3161744753584607,0.24385597937412437,0.24839738960300725,0.23327031403011037,0.0,0.19741795732264295,0.29207973209389876,0.21198865190378144,0.26893235831618556,0.22191611748372075,0.2860422288359013,0.2378406409471216,0.22741384175794113,0.2573846480203171,0.30710514371453146,0.2526233399847766,0.25471412426039886,0.3186791965457983,0.22822162141430466,0.2869515613486321,0.26426187900087095,0.3227375919537107,0.27056719847210087,0.26394581497432495,0.24030262072125044,0.21760100371903712,0.22363256092696043,0.21197862767218004,0.22179699161021307,0.24542807658114657,0.29560438235014436,0.2213910917973309,0.23693393914787522,0.2138597269417926,0.4041268744077644,0.3058253481226736,0.2819353103209125,0.282078766300487,0.3005353766845539,0.23425182655088006,0.25836833577961554,0.2600646071933908,0.28311434279337966,0.33190719693838455,0.2308297686631684,0.23572398673973358,0.2531156812227,0.30148762138501317,0.3187579752979652,0.3279035797502386,0.27996303010743595,0.24224334040428713,0.2557255430593428,0.2610647478050316,0.2763548484841036,0.20823353219904747,0.26278551887064516,0.2570302573488161,0.2556147173195638,0.2745880126382531,0.19793007136845664,0.20817562318055713,0.23592334558613368,0.29868798126158974,0.29840737853517624,0.20699839188775923,0.21782200674810717,0.2625365506543353,0.2401060356958435,0.25197818621203466,0.300152775551735,0.3121484692166407,0.21605993623336178,0.24727217388574868,0.21498476636537225,0.2269384300464801,0.23128911262255686,0.30496380172538917,0.20761560535036958,0.178513557938396,0.20160366440122077,0.30046357243790195,0.25705560248899756,0.198233326587146,0.22287530600282307,0.24676483304041472,0.21571653528862816,0.2591132011784097,0.2145438228936488,0.21351961415671272,0.348658014782538,0.2795528623249436,0.3634758711569635,0.22830651117840184,0.27575942682112964,0.2552633060215215,0.20412809017369898,0.2151748863800725,0.28076532984498803,0.2044061004417926,0.2702769948631095,0.21184079865113398,0.2221734182920151,0.2360319776191059,0.2613667483353218,0.23135902981212092,0.20437815487842162,0.22058504623087352,0.2544540253292472,0.2466240921544378,0.26619120122077816,0.28976953281556195,0.2052231743722275,0.22857041534831232,0.22490955844684712,0.22082420524205146,0.20486713185957411,0.32896054903540134,0.20808745280716218,0.24940042295367648,0.41654863473675086,0.20992601580318723,0.21868041622169018,0.27600586319814424,0.2784576199009026,0.2236294785981207,0.20183032367916562,0.25358016234529074,0.2183361734080656,0.2891801229394363,0.2061290297982206,0.22369279365761222,0.20700470276698146,0.26962200848570345,0.2853450559338925,0.2852370967201393,0.23867611784370127,0.32784369178187817,0.24332982137066156,0.281962645161494,0.22216332818208037,0.2632976073647436,0.2872326639783487,0.2781538861571152,0.2801927775054473,0.23199948448968769,0.32452205317878124,0.20547568179472078,0.23542134892620342,0.1813917258839432,0.2617503214996542,0.23057902846224498,0.34005621570791583,0.22091975425581462,0.22927980663744696,0.2688879795451457,0.22774575374437617,0.22348948607878677,0.25659827822567993,0.21943972326760688,0.20260098891120468,0.2388212577974787,0.20496203863628473,0.3551640260775133
0.2630736105281425,0.31972287143952677,0.3264192213941997,0.2782148282229869,0.19741795732264295,0.0,0.2164061256143367,0.35276782725493416,0.25049372539789433,0.343727354421593,0.27184602760164905,0.29831814542048657,0.3500624461299489,0.22178320329501128,0.20888092837979289,0.3593720039675832,0.31734952904439157,0.2266264702156573,0.3061617201498053,0.26337755870487023,0.3191841891929538,0.25719376585375553,0.22688453893476984,0.21615705776315516,0.3480601786501354,0.22215385258415415,0.22746636802389664,0.29862290990701723,0.24920265207178657,0.26826991109901055,0.25269735176841895,0.4029095263527518,0.2530856919970023,0.2637698281841334,0.20987215445277735,0.2359605305887228,0.2898451672970717,0.25927576885208864,0.21704974822924286,0.22787209845383485,0.22591004141481044,0.33366173971283825,0.23301163379164955,0.2399474394681358,0.25093073691699846,0.2612290282964204,0.24063150761707278,0.23589918401272966,0.23144689678850705,0.2327927996457822,0.2684087165822296,0.3033466310018493,0.24929547660273751,0.2745840385159888,0.24034335510456994,0.37836646095036564,0.2837746477536471,0.3610940597354676,0.21979475238894508,0.2582118889672859,0.3861557979569335,0.2914950139519276,0.3061367284054518,0.19635749646681586,0.21537077737882204,0.27339598282782723,0.2589031191413608,0.27519460085393294,0.2168042112190938,0.31510169537549554,0.2672872516585087,0.2081075959191399,0.2664294605520945,0.3066660982979463,0.3712478058583538,0.26964913483635666,0.2935857580444692,0.2761686683397904,0.2315260773524357,0.3436109471135182,0.4142905156735469,0.2581703218058924,0.29728852419056073,0.3263492401063431,0.2953037498922705,0.29339148038041063,0.345568446461543,0.22989023191609018,0.35673856202879956,0.26128504582105616,0.2422741031448728,0.2557529295698713,0.25424234942023727,0.2696789062230415,0.2550602962205652,0.294205614341633,0.27859410296660364,0.32398665274474925,0.2147711829482853,0.28355241224308614,0.22465767931950395,0.28763045578725144,0.22274507553116257,0.26024376495125445,0.2697923169002609,0.3200495784488879,0.34027516854867573,0.3426901016061307,0.2338116731838311,0.29750512613693947,0.2727747085859802,0.22944714755728554,0.3521654158819728,0.3343025806793193,0.24716116387621692,0.31128420360386144,0.34406829451617055,0.2253480079147522,0.33667366819983807,0.2995812786866546,0.21203409537218307,0.3050842365093572,0.28107236900139926,0.31348759960001144,0.2347188854241468,0.28115218623259025,0.3107175713186532,0.25349245420349514,0.29157840820149133,0.21119298932357344,0.3492843205699056,0.4842442588175285,0.2909779309080423,0.2504167033353473,0.24092674544164353,0.20275104132987598,0.23922798919170568,0.18314916959567668,0.21338143934566686,0.2557296268870206,0.2471309206220394,0.32323800218376353,0.27621226640849633,0.2691263291266097,0.2722197894991284,0.21399781523277267,0.2671068952749261,0.33835398039740316,0.31166544532661056,0.2846098121295734,0.24141083278204867,0.27443895144494385,0.22508482062971127,0.2315496368260181,0.3297353579936738,0.2830200369404482,0.2878597533121581,0.39491251706610525,0.20309594526325486,0.3269722529558664,0.28864788947322456,0.2897541330168529,0.29535047030051054,0.24335474912920188
0.29335397029192506,0.32751176494526796,0.2561383764282155,0.3086373127179059,0.29207973209389876,0.2164061256143367,0.0,0.23367395623060075,0.24310549501166542,0.2595199725434589,0.2828095945190977,0.28236216558842847,0.27754186991733154,0.34234900579564675,0.32896002989459244,0.23079044526892883,0.23606719039377674,0.3227800170287525,0.2467791956381637,0.25908807748891155,0.2861483233297029,0.34937108808903566,0.3510518088289052,0.3386264170744518,0.27585844305641627,0.30477544858039873,0.24274767830258623,0.21379709778498487,0.2747032396500623,0.22475702902652295,0.27392837120699914,0.2574900512432068,0.36166246563324367,0.2625063264900084,0.2645792553666505,0.32799266648832026,0.35347028444004913,0.2713133265690999,0.2643321135443069,0.3284389507272347,0.356396074721368,0.25724081415276745,0.2990078688787075,0.3008990727606219,0.34520352574849156,0.2981839209641477,0.3416510442383083,0.2808488024180811,0.4330686476536073,0.29499354378813464,0.3571314230337918,0.2619661151553604,0.2775769763354328,0.3602873164125593,0.3536967214963435,0.25491519455209616,0.28136056292735573,0.23236917242739738,0.37557153152356,0.31770159768203554,0.23241806828748188,0.253011293879455,0.23725849965723209,0.29574853611901036,0.27672184730708793,0.24154778654367776,0.3488170536488905,0.3920099133681438,0.2717376104632197,0.24412571124466922,0.3613104126115212,0.30345481746242103,0.2351691637709798,0.3187796528675647,0.2024231500611262,0.27011605832916374,0.3184705580821165,0.3738205275480496,0.2391151597783117,0.198137279462501,0.2294260394429543,0.32931171342722565,0.30244294676193073,0.20875918021571524,0.24101828071901016,0.2863915105410816,0.23340125778724538,0.3341588346883082,0.24684291652525236,0.2776196984359434,0.3183011009406709,0.400743259492384,0.31287708894113914,0.2691479991623592,0.31168387803725484,0.3476538737123715,0.2444658746095166,0.2679676294606924,0.2795521412386362,0.29807286835550967,0.31078255618410594,0.25348364827037095,0.29445323457829453,0.28761875458572944,0.26793970568368014,0.272773402361715,0.23116876873115247,0.22515961264221276,0.37132437911543176,0.3097114705691966,0.34276542581226455,0.30062165660236084,0.25136517230287736,0.2143043378978716,0.27085021248124624,0.24884763803147394,0.22876668627861327,0.27663565407495744,0.2421128611785347,0.2378628444155244,0.28285947164974223,0.23225879439823593,0.24188617230622853,0.33829981341811655,0.23005326454122738,0.2996091900571265,0.23912007719165762,0.35987256359891556,0.24612364002389922,0.370607768409901,0.20220268123310992,0.2143754428607348,0.22363002993166373,0.26161686834180437,0.2582842020823211,0.24928389705414414,0.26382647514791896,0.3187950071674102,0.29965793955815334,0.313634387037398,0.32692134498215647,0.27083155221483884,0.34918289387944607,0.288394416748897,0.333239642448008,0.32827576658706475,0.298292080578247,0.2614461816598696,0.2595035214278384,0.17273844484541995,0.2640141829234666,0.26885144754073886,0.2855956096239377,0.3556662381569632,0.2752694508465595,0.3442027977574273,0.2891495847101601,0.26926680492176486,0.310323236930721,0.25614948297986373,0.2676090507496381,0.2625828281229978,0.24386831759303068,0.28680227702348626
0.2683174227753155,0.355426353632216,0.35474363549992355,0.3340612891059856,0.21198865190378144,0.35276782725493416,0.23367395623060075,0.0,0.2570919536524534,0.3621031133670075,0.281738354686145,0.33463018484985907,0.37149238181629546,0.243148630605631,0.22467789488055423,0.4014837198581359,0.35084992562475853,0.27390608042077436,0.3098483372317935,0.27521004981874964,0.3390202627127203,0.2527110304083014,0.28535880127910906,0.23764568701032673,0.37005306020282136,0.256784375964852,0.2958517706417973,0.32146772998103257,0.25117046789769204,0.27274977586703303,0.28942420961366205,0.34528918157380095,0.27746260702993997,0.3034914193363622,0.23927742959961873,0.28789171719081735,0.3278820378661701,0.3390694090751275,0.24493494888845965,0.27184801358024324,0.2719794714716559,0.3010689432837187,0.25139029528622886,0.24176398782471897,0.33734885543084236,0.3230258892054468,0.25853280796575456,0.2445424332349764,0.28392733612490917,0.25264316263446945,0.2875460336599516,0.3168621321934482,0.26927478496781315,0.2875888662328236,0.27167262130229697,0.33024406057962186,0.30701274184730254,0.39086579178626374,0.2666790139661115,0.3175733441789903,0.4256908553713242,0.26038787032955607,0.3118853374443652,0.23001108639283996,0.21043052915701257,0.2864052304428909,0.28471692030120693,0.27637728537200684,0.269784386286333,0.4718819643023055,0.26680383967441385,0.25345344532511505,0.26009598387337096,0.37644326643812764,0.4087446420283661,0.2730108971139029,0.3419658370273655,0.30451199234883536,0.31316916113747323,0.24262584531448986,0.31000822302479586,0.260517966976411,0.3441452805126631,0.39329127058258084,0.31104697006864246,0.40706417578338483,0.3677544872247929,0.2486412130690052,0.41339598257694776,0.3065989766058836,0.2639601110901635,0.24947761068078758,0.27009995050505164,0.2784885524602686,0.29106826645919887,0.3103022125322643,0.2763871764190016,0.34289928880586246,0.20764983938193657,0.3291171335920325,0.24308562766396757,0.35099769366969413,0.24015302201502975,0.32168840580399233,0.28974694502479054,0.3777296333947626,0.3286384085983095,0.38114732927975464,0.275508938966187,0.31715253328563026,0.2777439009290842,0.252156776622425,0.30803390954193893,0.34113558154215445,0.2983996446306739,0.35841610629816767,0.3458634564357105,0.23853106896249843,0.2930317040819376,0.32893659217350973,0.23572118711206969,0.42068488384968433,0.259550321489061,0.3330607428515517,0.21018159993042218,0.310488023753211,0.26486526472958405,0.32677853517692096,0.3507503830215835,0.2465232275983037,0.3482711189815337,0.35336384196455206,0.3577534250810831,0.24933301250352094,0.26179143194369575,0.19622225959711403,0.26631609931871536,0.21343396752990124,0.2568636090644003,0.2977360140002407,0.2718986605912988,0.28010860542798566,0.3180995118343368,0.26335762718763034,0.30110852253917103,0.23500895257014354,0.2878511905444768,0.3283334629028636,0.3378596835018186,0.25165395672375274,0.2717126359317293,0.30072827129003304,0.27160120596695203,0.2658025232064305,0.41361861687219986,0.3316814468527119,0.3126935945926818,0.39897656195738873,0.21475626258105507,0.30358504085808186,0.2950882187239587,0.28111339716057543,0.30609570548786313,0.2673232569269289
0.3627759789207456,0.274401859352042,0.2192646489644901,0.22299179962144758,0.26893235831618556,0.25049372539789433,0.24310549501166542,0.2570919536524534,0.0,0.21096801025047143,0.26305157031106613,0.29108756015146076,0.21544220969707925,0.2554060911986152,0.24450931131920245,0.23969399426596205,0.2264764690037796,0.29931779685594323,0.2945901586355248,0.3369208111119613,0.2550649664270352,0.3308716279541256,0.22416345892600914,0.24466208513466453,0.2679204684677763,0.19562131146858186,0.22348907599436857,0.22176785343575936,0.21981711322284153,0.34657926237576164,0.3517485233751772,0.24649441679009465,0.2478690546712525,0.21113904211156465,0.28720944515791597,0.2596571311539855,0.2562358238959009,0.334254491699544,0.2591212578660903,0.20747721410154038,0.24578030483151803,0.30178540588697905,0.2695613526236534,0.27247940128888654,0.2342060265535366,0.22737146930361987,0.23388783375187344,0.24522794809218634,0.26081963533033,0.2941812256270901,0.25653012863181085,0.23940139562019253,0.2814963287070225,0.24692521222236274,0.24333925266184198,0.2817610265543762,0.30496689377460384,0.2898576002225496,0.22960279478953302,0.2451481003715568,0.21322856968992393,0.24360484603608507,0.2543559058257872,0.26436103815376727,0.29350006303862625,0.23394585208505303,0.2240081650335922,0.2597226548190065,0.22418087988014773,0.2959528491884658,0.31926298138832,0.2878465893429572,0.253400885575439,0.22160962321103134,0.2663606481437284,0.26292450699861647,0.20253023139964202,0.2239367711761181,0.23771793177602552,0.2110320012969132,0.2324986193716007,0.3934160766904518,0.31827526093236763,0.22118620158555066,0.26234967375667173,0.30397664060252755,0.2662276449726769,0.28550503360945784,0.2382343557908434,0.2999804013120072,0.30346698594061927,0.33008394175578665,0.2890871092344248,0.27174468301584576,0.2875492977176657,0.30404203326496965,0.29625901320856785,0.24514206028076063,0.3262602579712025,0.20619814259127736,0.29274012861728443,0.21451494380265365,0.2406131992074639,0.2596198503879926,0.3128482461832632,0.2187131231559913,0.19892298535268688,0.23486503746839796,0.20934543995717694,0.22509720266741576,0.23955501059172776,0.30054614006112884,0.23177969735075182,0.28732878297386805,0.24272251015489532,0.24855383626144392,0.2542118496274273,0.27577763996761545,0.18448391405722947,0.27408605229435,0.28480263834523534,0.2516802013668729,0.24695457190374773,0.2736996553787703,0.3521916554295137,0.23557884733330609,0.22020431505094978,0.23944457875974162,0.20377867816900935,0.2649800117858197,0.32050194517671554,0.26949421649772676,0.25350891152849364,0.4053004832955977,0.2655635951873897,0.23964138480705086,0.28576946593477565,0.23088562959499642,0.23154000247529088,0.32973434638998506,0.25554492400037154,0.2769729536169034,0.2920600289216464,0.3146637932844495,0.27028525595188846,0.25803464509754565,0.4149939749511451,0.20931457760102784,0.2651051459454596,0.21021379006199922,0.354645842856796,0.2817127148059612,0.3101729868127747,0.19918431637690462,0.2543223605263286,0.3023302669664037,0.24908918219140938,0.231044811620551,0.27134808826074913,0.23369163093339068,0.1885347070787175,0.35638337942209036,0.2666082680870799,0.3754091244578233
0.25383965154337895,0.364403453094514,0.447560610627665,0.3197084247720083,0.22191611748372075,0.343727354421593,0.2595199725434589,0.3621031133670075,0.21096801025047143,0.0,0.25894170642260944,0.26893933684744264,0.3669139428648255,0.2697804054112044,0.21311314667545908,0.3304864392836728,0.343483578953416,0.2853119639968156,0.24771917285305325,0.2349438092816112,0.290243899749189,0.26894507714888566,0.31193747562880775,0.22756815273525904,0.35152213345463673,0.24637458211785676,0.2696418810277318,0.33012200034990874,0.30018212395060573,0.22322172281001199,0.229922243119691,0.3295461905589543,0.24338904673863757,0.2793332112734642,0.23131366166816703,0.2626169360377758,0.3039221918690703,0.25352747585156,0.2012440014363652,0.2829810022153731,0.23250757171580927,0.3174354776925874,0.22198006366803338,0.22440316911089267,0.2994863302609079,0.297177566431617,0.2519052630800578,0.23322152498542104,0.30830052084211224,0.22831163823025424,0.26868676740561115,0.28539445593670876,0.24485127879670096,0.29725017490891964,0.2940950921643939,0.33059716024648367,0.2544958795688623,0.26465213251565645,0.2856550671786359,0.3044530920011371,0.3558391775265075,0.24566283739252315,0.25168171424614044,0.22129850376404223,0.21054592109399575,0.2589186424129222,0.28328960015079035,0.2742869015870654,0.2610552298033336,0.3076628960530624,0.251764596659129,0.2574339197732525,0.24177744502969248,0.3637583997150783,0.30799623514994073,0.2617873593676699,0.3236969102961442,0.332127435856706,0.22862296040803468,0.24543120127319185,0.3045993382348005,0.24020459875867967,0.2991876897165957,0.31317384637076745,0.2745348043026996,0.3119117882090907,0.26578380789860495,0.2346221261725894,0.36571769008094657,0.2574601835170664,0.2486961527951117,0.24536631718256494,0.26807715362744994,0.23955243866669831,0.29375960538604035,0.2911075196089942,0.21165553481686775,0.31761385337538034,0.21088674622009387,0.35107449187677975,0.23057470389074866,0.2806558394557508,0.22096097113187874,0.2963235534691454,0.24890608061005137,0.33115138547535455,0.31536178295033884,0.37901361922706367,0.2827759983891863,0.3150532641475041,0.2646355312129603,0.23335526724905267,0.3112464175451928,0.2942454145366174,0.25961763937426724,0.33039195109922254,0.2899835617440301,0.2604253978854998,0.3500382196013105,0.3138872418540702,0.2220655283441409,0.27363707944237314,0.24656986956908564,0.29880127250602345,0.19357853108078973,0.3054151038221298,0.2904421635295249,0.277968000191308,0.3737848238915978,0.2515906164777211,0.3135794282675306,0.30823300711281126,0.27288991725924183,0.2129813393584002,0.2219367479287153,0.18979884057382315,0.22404720589270025,0.21720374473986154,0.25586798276584827,0.2353847064597497,0.24678596766458152,0.2942690908227252,0.31262964790283343,0.24704317606338785,0.26249650047238526,0.22239525271306337,0.22464593064603455,0.3433021809390464,0.3584486337444626,0.24204795070666907,0.20851421452450053,0.2611344570444106,0.2360986925616184,0.2966946816960433,0.3031149844067346,0.2728470198537604,0.27005259779152074,0.38909426637476535,0.22125607771086347,0.32340091422693057,0.38300467229392055,0.2431762849027701,0.26450176687403754,0.22687188375206685
0.32938294286303194,0.35522118165062744,0.33896429010994006,0.3102642253860611,0.2860422288359013,0.27184602760164905,0.2828095945190977,0.281738354686145,0.26305157031106613,0.25894170642260944,0.0,0.33112506745345766,0.323962676638162,0.3181914831927207,0.2514037731582373,0.3644558029659813,0.3259015014861152,0.3867470561571462,0.3165430892833586,0.31438454987103887,0.3468800776036216,0.4084527844662262,0.2929806760068757,0.29765237435478537,0.3287435588175629,0.2891690581331204,0.28126439004810244,0.3052849674638512,0.3378504318123026,0.2823453154500377,0.257380563846465,0.28208817574978856,0.3239943666154452,0.23750172944063735,0.2844994022946591,0.33985304968074165,0.38424097317536093,0.3992286822504364,0.2817800084855628,0.28113075242409247,0.3201560056599362,0.2820777011781311,0.28298920225675345,0.31813366934283893,0.31422956432381377,0.28496289086134874,0.2388631588488981,0.35488810138004606,0.3525922662196598,0.2886397896339378,0.3282900014069448,0.29213470776503114,0.29319369494008024,0.42241196057300373,0.3712646405131736,0.23143733196129496,0.3599643305037149,0.3483876438968888,0.3147656735761368,0.34524283495073227,0.3116826887282201,0.22161156984514113,0.3178606187789161,0.2755411490907826,0.22593913533896878,0.25947761106518663,0.28797504562105836,0.30387381495478855,0.33631490784809426,0.33674263063384197,0.3129760481016655,0.28226828919941344,0.27128805140357265,0.331719873409477,0.32021551307383833,0.2744165791500363,0.29974354750755294,0.3266798575351943,0.26919689894387566,0.2070819584732186,0.2494050240321109,0.2708186807317172,0.30341531849988596,0.2995994075175743,0.2586358422057891,0.3325676933461994,0.2929071486499148,0.2631866110153234,0.24968097947120504,0.27184203827501774,0.4042517494136501,0.24490148741815043,0.3597046282521639,0.3164407482738502,0.3007215083200301,0.3410510881596433,0.2687896823996918,0.2363807934376001,0.232834243568412,0.24489606978219827,0.3062128135012429,0.26481754231417076,0.24568552649803732,0.29184033507410706,0.31917082630005317,0.2613876788437162,0.2450763070663784,0.27399796559272066,0.2854733466431314,0.3376673984785182,0.34910100781513953,0.28917581344764526,0.2512504972906139,0.27854623351031804,0.32858029408622763,0.2909092330687024,0.24962085114489718,0.2934198661875191,0.274510567843996,0.28085765726646994,0.3106380291150286,0.24786385401131616,0.27216556237327527,0.3328751038054886,0.23560306143200654,0.3571467330162575,0.20813134205547565,0.34268108792303176,0.2956963330727397,0.29893470942337436,0.23772759176902764,0.2992130499130033,0.2950667278335533,0.29294322551135166,0.34168891218352576,0.23176825562043055,0.26724247815976404,0.25264602590249136,0.3223957343065786,0.3009484303815305,0.34298571497059666,0.32145263995871437,0.2828012856042552,0.3135002879470796,0.4162872927062912,0.23546813311695072,0.27446399933943194,0.2497998685804357,0.3050450184394361,0.23425793037063602,0.30300024462309616,0.2808508337140789,0.4242698930277218,0.25095529045452114,0.28999215057632327,0.3600550727849615,0.3419859280702189,0.2778561927713161,0.2766909631408854,0.2491277441031961,0.2509901340947917,0.305542563354865,0.22360287429452344,0.3823525012277882
0.3014734888339436,0.3698909246122804,0.28502231264818834,0.2665379769120794,0.2378406409471216,0.29831814542048657,0.28236216558842847,0.33463018484985907,0.29108756015146076,0.26893933684744264,0.33112506745345766,0.0,0.2517372375894771,0.22506065527948294,0.24509001055893345,0.3054928597130517,0.2648065972100966,0.27643104363510873,0.418935787247173,0.3066829761704048,0.40682722700234863,0.29190588690587055,0.27959957553370807,0.2889215315801376,0.4073415583144518,0.25303375559091124,0.23465040282218175,0.23007334879064953,0.2825443483883241,0.3294287597298036,0.32984005584168624,0.29226118979169846,0.3046369105078583,0.28712103676020284,0.24390720170526656,0.3195676838441812,0.35861017392280486,0.35996312432651406,0.3102600214675191,0.2596822287284027,0.3221649990448071,0.280533396465212,0.31133343811025777,0.3005424937390075,0.31669778905271795,0.29921383275765273,0.33922639637606716,0.30895303311683747,0.3124035872715686,0.28420492837367206,0.3489131833698975,0.31613605011813983,0.27683814589164346,0.3534238963653969,0.33998180274294537,0.2824940318285674,0.3760424593217927,0.3728378096586579,0.2587580943665637,0.3085903321667466,0.2548169840433673,0.2437117287122831,0.31388963213542054,0.25293372570875705,0.24301990098221035,0.28282861571480666,0.24313174207658544,0.2996701885755809,0.24591680485722364,0.30745240166337073,0.3066831188904501,0.25059017443558645,0.2325715492718578,0.274803482000389,0.28660225667248834,0.29489974437079775,0.2591397650716255,0.31792124029738766,0.30044526027816076,0.2226594677768006,0.2759377271786897,0.3126545669176812,0.3680816562754908,0.2567439785964605,0.29270973396487243,0.38379838743399236,0.28551472428555635,0.26992205175439093,0.29732761998935797,0.32195906515572775,0.31086858883942664,0.3033489412040642,0.2983826145472227,0.339487079598336,0.27568624948050907,0.41979618084302983,0.29510700526168576,0.31094526723317,0.23310984572993862,0.2398580980731834,0.2565924623827681,0.2867691045620031,0.2884202829485646,0.46208806188347995,0.30825048718184217,0.2950672888633446,0.2815850981422866,0.2742373728345117,0.2808868201359594,0.3738785368569669,0.4007789396669435,0.3184020976760912,0.24631617007979692,0.27879971210740817,0.29881235037938014,0.2697772943444237,0.2857656379615708,0.31891694794066655,0.2586216967963542,0.24731225557445452,0.25621071633506964,0.28028596501680236,0.27848166156667997,0.34983997867256,0.2259054725963645,0.388395513952709,0.21840589169778465,0.3669942519824794,0.3105891152636772,0.25978905661237833,0.2670570258153555,0.28049790305750943,0.2525610314046051,0.3003617371342138,0.3100033232809069,0.22022419447884792,0.34142716286862607,0.23683614748054374,0.2733674818242959,0.38055169550275536,0.2766243052345375,0.29597539720582655,0.3141412826630724,0.3072459212588509,0.3783755402689973,0.30452292660659835,0.3872507336482435,0.26418859823657725,0.4085142642705735,0.2379879155316738,0.3195514008596869,0.3316860188862672,0.30101448913601914,0.2715156993755556,0.42755838598994905,0.33436321449060113,0.2937526853173104,0.313406814354451,0.2193301893498132,0.24981029420188042,0.22139218615252318,0.3086070461434017,0.2674902002106703,0.30630657150549145
