0,1,2,3,4,5,6,7,8,9,10,11,12,13,14,15,16,17,18,19,20,21,22,23,24,25,26,27,28,29,30,31,32,33,34,35,36,37,38,39,40,41,42,43,44,45,46,47,48,49,50,51,52,53,54,55,56,57,58,59,60,61,62,63,64,65,66,67,68,69,70,71,72,73,74,75,76,77,78,79,80,81,82,83,84,85,86,87,88,89,90,91,92,93,94,95,96,97,98,99,100,101,102,103,104,105,106,107,108,109,110,111,112,113,114,115,116,117,118,119,120,121,122,123,124,125,126,127,128,129,130,131,132,133,134,135,136,137,138,139,140,141,142,143,144,145,146,147,148,149,150,151,152,153,154,155,156,157,158,159,160,161,162,163
0.0,0.2703240760770789,0.25479649538166144,0.2308086709034821,0.242728488156262,0.2734358540406901,0.22478135893773746,0.2552794788411134,0.2930345735443469,0.2708571043248869,0.29075781136880485,0.24535495129847287,0.38894921049738446,0.23050078898188275,0.2776102623287199,0.29768753813963905,0.3072854024458307,0.37779319345824813,0.266709137760661,0.38078804083575307,0.29736557297608457,0.2737955557447565,0.23194205499480527,0.2725475570814708,0.35439786510526655,0.23172982733044267,0.22985294280406243,0.28819526795364037,0.2150489678401845,0.24520714389986212,0.2934900385870833,0.310067738593313,0.22404260218593502,0.24241252349199008,0.32419225302022897,0.22580453751830276,0.350124902040671,0.2823540724643686,0.22218301008712724,0.3206056648596184,0.22840926768319267,0.26740866139098507,0.2668105952201511,0.2805209873280573,0.27523795457408917,0.3349820080246202,0.22741803286686868,0.2689943144606241,0.3053630869174254,0.2913914622764615,0.3150739208351542,0.2765950135866674,0.2223998219088368,0.24325476147171257,0.22878146987786238,0.2555880543926367,0.38188521205910486,0.2625327349642409,0.2662635854757751,0.2772466786102046,0.25516091893763765,0.19534769302815416,0.2655630522896383,0.18994058197042837,0.25117568595598616,0.29297513443788664,0.2939650541747812,0.2832557571650877,0.24515760012064636,0.28952817488307775,0.33391538656677233,0.24884793518554432,0.3010566952401126,0.3202900754133444,0.30582674840292573,0.2849752376320319,0.2189903044120775,0.24536910315816218,0.26286589461887877,0.22522427685323998,0.2682483752311281,0.2894342524002286,0.2914341057071007,0.26812411088899113,0.28495401101661777,0.3326881607153842,0.2654561832301388,0.29596231583636734,0.3274978685280536,0.2488609092128057,0.31058661772477886,0.241664987803419,0.27960121432650165,0.2970950541805228,0.27226503260997087,0.24217793558639406,0.18482403306441414,0.22986732440488208,0.1859871946229818,0.3477768140776099,0.24287708255536608,0.20550365150404434,0.2302048221899895,0.2120477570931873,0.2866733932900421,0.28707753675090003,0.2578501519054574,0.2942359420816715,0.2847278286117979,0.27890617871938744,0.26668216698645314,0.27380311983843847,0.3091081002442897,0.25080376240105196,0.2846683113093026,0.3215770588435869,0.29802056708076047,0.26090921447734283,0.23188552812295407,0.21945602742500098,0.2526744761946027,0.19750622986393393,0.259901590390741,0.3622340354938497,0.2397440780040643,0.26105264974241016,0.21239291508417923,0.20221015951355495,0.2261587294844493,0.2704873895344404,0.23620053446726058,0.25144059600165203,0.22974080464094684,0.2633395723303953,0.26148175176680744,0.2437926264777932,0.29224786785567886,0.28509008471989034,0.2686517027296847,0.30179797307263456,0.21921372646200207,0.23616165992455357,0.30576768940046134,0.22515442429669827,0.28874182059241355,0.29110525744934673,0.2602177277672998,0.2549347975465239,0.3136521804096409,0.15410236469613298,0.34566438255628307,0.25131920163213634,0.27715990317552486,0.20339031389519224,0.29215452113887147,0.3099655690233462,0.2605458041544298,0.3027650614336789,0.24461042318146475,0.27490871527202454,0.2197866301040643,0.3114966705941485,0.20404629960533435,0.3921468111458696
0.2703240760770789,0.0,0.2606172796544051,0.2272910266972285,0.23306069308169391,0.3216250969111146,0.2505032496227225,0.274800442944675,0.24699270411593482,0.3795146075116899,0.23491697867368588,0.25817263830236953,0.26747741674998793,0.270464690272071,0.2684081779141952,0.24323429702101454,0.2685718206543466,0.24139074108332173,0.23734609996144904,0.26138106629123586,0.26105865410482443,0.30760791282357247,0.22865885557545837,0.2662412071369552,0.29423616616567655,0.20546739444073095,0.21012175752903753,0.23951089048316954,0.3046152568422931,0.20002228777939587,0.30022635555180743,0.2714108803972577,0.2650540477429811,0.22209951452851115,0.302821542392106,0.24692491461181235,0.24161803582286587,0.24206726350906405,0.23588309763268034,0.2817095226161298,0.2755791999335913,0.29284730490079874,0.19354521529191715,0.24982869383614958,0.2910495738802124,0.2306288857559362,0.24939665944692208,0.22175750673877329,0.25705574854037083,0.24272164797571893,0.24975253923108695,0.25036441351846966,0.25357011871422586,0.29323007985755944,0.25171188357547963,0.3140484709197283,0.24357540133471522,0.23120316932096224,0.2746458736216611,0.2527951174029478,0.25274763524747496,0.17812704411737146,0.20738469582290092,0.19852801659389335,0.220519321277622,0.21292200705745293,0.251965944046107,0.2321329881813685,0.2017869868010824,0.2414353362244444,0.24806280393257857,0.25953147338240423,0.22795942250381637,0.26731911132678615,0.2770506485312836,0.2350170571890243,0.19863176189557857,0.2954311223705187,0.20772212907869075,0.21401328660314542,0.24643605367735538,0.24803987840839825,0.31763269929306925,0.2266687894602457,0.23887459430871183,0.3233339649690671,0.20746974134492455,0.2182426445367836,0.24546084021953066,0.2634341937556483,0.22715735248232868,0.28093314499417976,0.2704722728438419,0.2368305299107521,0.2644160989813158,0.29365203893731046,0.19681079302955823,0.2752203599907504,0.1940974563313864,0.30263785655903386,0.234006073824128,0.1745940272372619,0.1804980127870203,0.21942186695026594,0.23149579393302147,0.237451206362467,0.21909319814380546,0.32721989826211506,0.2744676881934894,0.3084734742098276,0.23464142797767115,0.21787917911159457,0.26290655212924663,0.22037604937178867,0.24940120460233878,0.3556773572861441,0.2709208974918191,0.19860033280952188,0.2476278137547607,0.22397778816898833,0.2452189752363442,0.1917014048412563,0.24502560442453922,0.2979464814292039,0.23755396794535363,0.2961899993593497,0.2255364763147734,0.23275892732282574,0.2913979912416896,0.23579428933654856,0.28122348017294313,0.22556488770559716,0.19354003623913196,0.2778211569009653,0.23128447507638564,0.2251016645339361,0.2556192744350543,0.29026297520074357,0.2433597128650961,0.22477592540980398,0.2163685989699753,0.2618863686716737,0.33170862782139127,0.22582081927939596,0.26630795010187325,0.24340107951056744,0.2747496931529158,0.2537436194750796,0.32238403843683605,0.16812065013060737,0.22212786995212044,0.2715700353112766,0.21469607970877425,0.25659182410038794,0.2560976336565837,0.24736404237737164,0.21287076995123186,0.29861897236818863,0.23750930332405737,0.22430745168850827,0.2412315181345553,0.3019098501659836,0.20496755073033723,0.25452969131796216
0.25479649538166144,0.2606172796544051,0.0,0.2199665204258968,0.2468176204222554,0.26554068294573485,0.20337997872529512,0.2620261180402958,0.24638173526888113,0.3013166582334316,0.2704300372902508,0.24197129833019237,0.2724706512050446,0.2026812673721211,0.26093542594211544,0.29871747462722076,0.26998343900940236,0.25881226278906827,0.22024102730662853,0.2210540657780149,0.3094977922399667,0.3974158383859662,0.19022418704228974,0.24056404007205112,0.25631605638876687,0.2377876372562551,0.20675356034669237,0.2211846368133032,0.20687009674199786,0.21647459201647595,0.23416615061896262,0.25503959530605214,0.2171854641108656,0.18304799473489006,0.20669140297431152,0.2271685862907556,0.2533640052579037,0.25771517225208357,0.22743961632082033,0.24837056855084372,0.2293374416951416,0.2647509730985569,0.23007606337635073,0.2241202654541069,0.25888724038424454,0.23745855982035155,0.22021358136652905,0.24355607663823484,0.23266144731379335,0.23582845595417792,0.2575200506655074,0.24672668680371393,0.1782150689279226,0.2665958928423201,0.22497579033691675,0.2099765604061923,0.23288470067686587,0.26387822381044623,0.2322708582090617,0.21006056957289154,0.2236241474486111,0.18002520566464159,0.2525729303402795,0.1837833741031102,0.20546108685890938,0.22022102376570055,0.23072964158361284,0.2867364239842163,0.26697659749150704,0.2691427098413791,0.2876003296839707,0.19003620925390602,0.22555804201814886,0.34300201731521823,0.2923633035345353,0.17402131740920382,0.22457393182387256,0.23523869766248698,0.21266678421659543,0.168217469516464,0.24188668886050807,0.27460861128612196,0.2723242830388329,0.23338796967155293,0.2162473742030823,0.32417238177144514,0.20094267691259107,0.20695972178369582,0.2229422525438668,0.2094691134176407,0.2522481701609879,0.19240916181898826,0.22934439193871703,0.18229477438418942,0.23363890781680136,0.24235608952643814,0.19206232550520594,0.21774878224076072,0.1655079359189305,0.23936739783457306,0.1780068418909593,0.1998488185865764,0.18793112108674223,0.23692259427402462,0.22782216423723956,0.27207802984583174,0.2277731976265698,0.2436218833694833,0.22824574130175407,0.25795426660552245,0.2200085288313984,0.2082951854948509,0.22729812092088691,0.21609992969342615,0.20942538075937006,0.2715141183094492,0.18951147794111153,0.24481461020793735,0.23433549996387615,0.2021477664029415,0.2262203146772759,0.18844860978908237,0.18783378391452082,0.26379355074058347,0.17624294209063654,0.26606785232338004,0.2011699736931617,0.21698685172999035,0.23540112320018056,0.24278026322362878,0.23046605334757797,0.33705305473798475,0.17104160932277754,0.20897914801077142,0.25656929305471077,0.1954405250074558,0.19820298611575105,0.21768916125678023,0.2581553853862146,0.24255665067042567,0.19790074373142122,0.21171016212591826,0.23156838000916144,0.23365369714482617,0.24068325248514813,0.20982642665487586,0.31409725246728415,0.24160784609139785,0.2978940953436278,0.1615682835237245,0.20717282721021818,0.18452199255500001,0.23227064978178444,0.2505916789425825,0.268697042416541,0.2534410570330233,0.2335764306270778,0.29167182499163835,0.16495913608234777,0.20216603767373237,0.2381280211868812,0.18598268945836563,0.2037771737553436,0.26482880343862353
0.2308086709034821,0.2272910266972285,0.2199665204258968,0.0,0.219419941483292,0.22878260049281907,0.260576897625196,0.222071286468799,0.2058002950911026,0.23028946410957327,0.26192874548381406,0.248373495145973,0.22772302935969765,0.20952287408346035,0.29494467088571147,0.21953416994851635,0.23939950225333356,0.24187370417104664,0.2518382436384284,0.20727170228245087,0.26770257864440933,0.23021682479285593,0.2121096938141112,0.21090689598754508,0.2426717570515832,0.24011570064770862,0.2186111794787316,0.22243779027702396,0.21408930941697288,0.17833058129872506,0.24890984451141865,0.22240372773845807,0.3659544676102143,0.2093413765228518,0.23255251026954768,0.24426712704674952,0.23616267216110318,0.24322092128407982,0.25718731652810023,0.27179799605526755,0.260560683238741,0.21249047797739962,0.22634296841892174,0.2717243428138642,0.23324414301342514,0.24494385146650047,0.16228981375071197,0.23191201116085755,0.23857940982463982,0.2373562496770571,0.33911593771690385,0.2469833907720808,0.21107512377926357,0.3514464866357382,0.26728347048895346,0.18441393651089255,0.2687347847024258,0.2565765389824863,0.2538467189815925,0.24264940605986754,0.25143471408229817,0.18514503000292334,0.2427885830297679,0.17141769971107726,0.23273205257571725,0.2432042350854792,0.2836345730892721,0.2023391111280491,0.22881157087669166,0.23342766100649104,0.23775462942208023,0.20937098729533188,0.2270368177295156,0.3458914940968676,0.2532014787995457,0.1856135777545704,0.2624637915983348,0.24892254129193378,0.22753089489320402,0.17215712802495867,0.21124211842516222,0.2943757790719678,0.2166848965619855,0.20852000055509834,0.2581366219286405,0.23030416408035784,0.22696265923708234,0.27236811164305513,0.22934866237982382,0.19828161279462275,0.2772972151417686,0.24084118186750253,0.23380213012611606,0.2075960000389449,0.26106442415686715,0.2317249645165355,0.1877450621563367,0.21345456802251098,0.17809518783062323,0.26163024260340156,0.2143221619575415,0.2189015928151088,0.288312210211596,0.22697543905486342,0.24326438699489483,0.21526360967595207,0.24773490469018775,0.21128504994106645,0.23560650311880058,0.20338109024068426,0.2872500299216475,0.23503485919601244,0.27133012252200733,0.2631927088980548,0.24181474402168326,0.22295117449789953,0.22089398236362728,0.19764559535294254,0.2466687715373557,0.21508698601472442,0.22536443948808993,0.24215943453325292,0.19153669267501516,0.26203996166701926,0.18569768249675273,0.254048539921889,0.2172022217405104,0.2036156677283044,0.23084826313607856,0.25351266075286655,0.17789108669718598,0.2411490738892394,0.21161062212925652,0.2468220507902002,0.2400495619372528,0.18588033683940472,0.1651552694823115,0.2580118444092518,0.24432672067398503,0.2693596935605797,0.30980938387993434,0.2058411421572071,0.2808970063514025,0.23557734752824463,0.23860929224652747,0.2315300538369341,0.23894650829562442,0.22876424179215077,0.20158178936501445,0.14361461366100292,0.277308020327739,0.24756803562933116,0.251656662247999,0.18935280956472317,0.27670920404890803,0.23906759735063854,0.20516793057934377,0.2578661582230473,0.28965067308924036,0.22662170055667238,0.21408148474562924,0.22065182221988766,0.22013068356323737,0.25618949085213333
0.242728488156262,0.23306069308169391,0.2468176204222554,0.219419941483292,0.0,0.1997857920611665,0.27462197343578526,0.2007265465295037,0.22055849701760383,0.2560076870072049,0.2470049663748754,0.21473339343867204,0.20787723709104877,0.21327383243742162,0.2557522569722667,0.23493090692708213,0.25637209615781004,0.26600056169920117,0.20767107599875545,0.20732367995259665,0.2844189454473194,0.25796876095211785,0.25972780378814075,0.23738350128225638,0.24142195454961202,0.21932549899460152,0.21884123567801597,0.2022799061759937,0.20137127087949158,0.23479844088062285,0.22992221611057062,0.20489432634200153,0.20720188157132985,0.1943263224271266,0.2634724836696955,0.23369325227466659,0.22795336881392264,0.2312953116173535,0.22264767750020112,0.2554467393576497,0.24248292305624358,0.29747759841707466,0.2270925312854503,0.25536971766093663,0.19823770183976283,0.2187217692954806,0.23308395671995533,0.2339128676759805,0.2744103596079433,0.23644102941333495,0.25989553928798087,0.21986654426860627,0.20723389955567012,0.22222270376288303,0.20882533583302287,0.20661607718375127,0.21767401378913168,0.2776692998938559,0.24322215181830784,0.20985280626051026,0.1751223711081979,0.17384410765285724,0.2067674688818544,0.20097188914071432,0.22461886415602303,0.18182520783503814,0.2152324683831013,0.22625099095456525,0.22022181398874185,0.24464569558150387,0.23205575461035735,0.21419422450916184,0.21166631637826838,0.25219646061385176,0.2178719914527643,0.18596584868621033,0.20845445544983127,0.35351211114682335,0.19507775128492325,0.18450403322292883,0.23173363450989545,0.26064310783422645,0.2637286631127087,0.17848391543108685,0.23158830892528628,0.22438030997494102,0.20199564212095367,0.22271223885022023,0.20102153420397378,0.1928209235845848,0.3528344533456552,0.25855915120469264,0.2661212573599237,0.1769405527417234,0.25557520428950087,0.20808603749114793,0.15275408738631846,0.20788362940721705,0.19687865060317775,0.21484977374167363,0.1896232170475281,0.18390949304924634,0.22699120514424678,0.21151678649378391,0.20808330880593617,0.2211342951540435,0.19858205459510245,0.2677173675927915,0.27002136615627503,0.23224751318165482,0.23766896181035518,0.24895340238196126,0.21147547726032448,0.25060601510456026,0.200383977532842,0.24136730080818095,0.20891432364942597,0.21847265241984282,0.21011931557966282,0.22909777210833127,0.28530658729117103,0.19701580032382232,0.1911834617570708,0.2828349257863075,0.19932987753937254,0.2078678503913165,0.20585027726570423,0.19857788692787723,0.2073988989509121,0.2192693947931627,0.21847918805628438,0.22329589780191808,0.16527944416516965,0.22995019575989453,0.2088603100366974,0.21097649535725635,0.19333137502916609,0.27174208253362503,0.23509973542090737,0.2703074738460251,0.18177493520585933,0.22548722845756972,0.27797989776721976,0.23300165776199164,0.25564480452930527,0.2437692224411178,0.2528951269110581,0.2510055729643508,0.23621927530001116,0.16198424941884518,0.20894866775747553,0.22295862838509184,0.2516916324181782,0.24337503722224468,0.27408032309900954,0.23182279718448912,0.18461305445234327,0.2706075531166589,0.19742389044677172,0.20118726219659402,0.21462465562830924,0.21936280910833808,0.2380670964429818,0.32136367823726814
0.2734358540406901,0.3216250969111146,0.26554068294573485,0.22878260049281907,0.1997857920611665,0.0,0.20582195082767227,0.2535676674626465,0.24004901948111007,0.24066088364250418,0.2516363103954439,0.2739812126763953,0.3048672159222971,0.20040909780692795,0.26145053069011265,0.2631382921298709,0.23650483631365327,0.1988537576571772,0.24183004189098817,0.24930450522984635,0.2577544314618931,0.27753850269085506,0.16562652191919242,0.20874726235422464,0.27085473897852413,0.20659175838690821,0.1849370535633871,0.20498269043616535,0.22686365008673245,0.19722395813245547,0.2867176386296898,0.3052542364351717,0.282465879203865,0.20421062348478294,0.2470813038846032,0.22615655874329196,0.26695488822810287,0.23088397678318742,0.2260687175227805,0.2056740020763461,0.24029370037637318,0.24032008849726783,0.20863497996332625,0.28305424232457027,0.25032799934938244,0.2151260505008834,0.2062889505294304,0.24919348457525137,0.1917764230324456,0.2429143968016975,0.25407367449067925,0.2778420833756145,0.1932263488731309,0.2947089673328295,0.2351223346891353,0.2582024605962437,0.22765790289835564,0.2932100568653892,0.19349524017181308,0.21245401625907095,0.27115620546022356,0.19921972853700315,0.2493336776060768,0.1622913407479935,0.19937666348347546,0.21627311411350958,0.24603033038739178,0.26406348252383205,0.1933388388728044,0.23294466632168465,0.2681969726590884,0.19187593108424783,0.23488780806636333,0.25731568177684383,0.2967611990283623,0.2027506128413162,0.20259383736146733,0.2279342072138409,0.20335213778655145,0.22086772002442392,0.2553340457762594,0.25226496339708,0.25664903144805373,0.24875073679234078,0.22051747252418386,0.27140761205899505,0.24297512312354613,0.21467927667144404,0.2448654620333143,0.23623793286121125,0.23991824397880304,0.27056911579528076,0.2393619157279565,0.20815037750148374,0.20848371393617604,0.30801660851517815,0.2106912944618027,0.2581133605415378,0.16798111601368454,0.2556842281672437,0.20346465226957605,0.17837500803159356,0.198340258380169,0.2031963466914889,0.24840094573655466,0.2628641420789091,0.23483797347675908,0.23280780565818393,0.2122792127961474,0.24946492514250604,0.24366189505837554,0.19791208244546532,0.3139210690996807,0.2189456857854761,0.22528385893061342,0.2645544279781547,0.2267936558075519,0.1854881972552887,0.26426686492377055,0.20659006432719476,0.21012632561843017,0.20957738282386051,0.2285145347791137,0.26720020095232216,0.21997903572312466,0.2977143200308712,0.21457424589867446,0.21209951220820794,0.24382235962611917,0.20602944028064804,0.23494213837217093,0.2789753186297,0.20517984968518788,0.2535674328333451,0.24515637139512816,0.1993610062235796,0.22971256258505518,0.2171292050800794,0.20293001851158118,0.21869509845785656,0.23549028580989181,0.24304277875855013,0.23754932624058595,0.21835428149023242,0.24786011057858212,0.23131874554020349,0.2821560426844264,0.22993108955934707,0.251708513984603,0.15218650179566795,0.22826622982031106,0.22034165578160664,0.18706718071759318,0.1953198039563962,0.278236499175677,0.2486177872246318,0.21571729293907732,0.29559731677847023,0.20999456034130276,0.22258093038239138,0.18708587156997558,0.2553799252097392,0.17815567954783226,0.23810231168539345
0.22478135893773746,0.2505032496227225,0.20337997872529512,0.260576897625196,0.27462197343578526,0.20582195082767227,0.0,0.18810939698419102,0.1971425562902761,0.26246360950248815,0.2292166823289628,0.27223641155806527,0.21080828852214634,0.19819340401537325,0.3092966454122815,0.1973168623069048,0.2178726826811253,0.23008848147587643,0.2544029855479826,0.18487791829993774,0.23590336060578607,0.23774298222838955,0.3348647724985548,0.2710300934553651,0.26721316656917005,0.20056682806296763,0.22264061194119186,0.2148239823402182,0.22930093057647177,0.22534671379473642,0.2398697043692393,0.21624282032260733,0.24514617353320042,0.2342365903580826,0.2207623367797123,0.19290837403000463,0.24275909532661086,0.19069657826606898,0.23174236409559712,0.28538093234546097,0.24471975350328848,0.2564192633275623,0.20776091017215376,0.24978146300828197,0.21338290803916252,0.22264078649388802,0.21183849895136722,0.20032654072969786,0.3396578308826971,0.18821088656857451,0.2597553930309101,0.2099409499302508,0.19451200231901697,0.2501119102891698,0.2405758947946225,0.2191294869687627,0.21500666076509597,0.2268963628836153,0.2554951919170585,0.20327048379893384,0.1762427403096017,0.15829694079931975,0.1787933981562513,0.17602664179694388,0.2022982241322964,0.1736217850108116,0.22563473327506645,0.22387678160137478,0.1851181545337034,0.20536544074919472,0.2159685978372623,0.19683071276434802,0.17825714931111006,0.24969659864398072,0.17804491745949552,0.21699558390488372,0.2480118774262314,0.30539576955238545,0.18171503041743756,0.19121543716261066,0.2131763324784569,0.24057962669215732,0.2532424898054923,0.15923739898023853,0.2040929059606073,0.21153636214258068,0.18227572705440345,0.21274424871956904,0.22063381108686173,0.19706227977131957,0.24819754145168088,0.29195852564659436,0.24126776304383998,0.2011838667901528,0.23014145667771946,0.24603059985704945,0.14917448547567294,0.24276332835368658,0.17981593756239928,0.22923580686019115,0.2038193099737006,0.19159985103602764,0.2221900320886041,0.2259612804626482,0.17910745732683797,0.2064997856134211,0.18342280589308338,0.24342281309346125,0.26089169988509464,0.24975105653817067,0.30927690148607445,0.20245498865470157,0.19485608177267938,0.20080862804619806,0.1889402665865611,0.22867440314013426,0.2247682987449545,0.231999550783843,0.2085464171478113,0.19397913972758823,0.2173620416849353,0.18326136512732097,0.18145524658026965,0.30526373287469133,0.18725301415633241,0.2492037033987691,0.17736222322436873,0.2098674132051546,0.1989206345603455,0.2117111919315472,0.18964643344075682,0.1801794192779798,0.16905359528651215,0.19947171236712974,0.18785379132772642,0.20228316444892427,0.20007073661517857,0.2550066822576188,0.21843837554119871,0.25011587231444615,0.20986699431692357,0.1923343905794351,0.27081756083196107,0.19348930458056252,0.2264742975664328,0.2500408592518359,0.2313082080082923,0.2568454194159125,0.21673283946517255,0.14110703566961316,0.2166747956617379,0.2537944928391101,0.22118174298924217,0.23475312621230998,0.293996699758339,0.22903412241332513,0.22720443048144665,0.28103141209400284,0.2508786741078722,0.22790559367505342,0.2215829770846871,0.2162578545057861,0.2284072488617312,0.254864297442268
0.2552794788411134,0.274800442944675,0.2620261180402958,0.222071286468799,0.2007265465295037,0.2535676674626465,0.18810939698419102,0.0,0.2675864862345907,0.2606101213749319,0.22498990809508332,0.24921221863884202,0.28120831082924197,0.19901064741608934,0.24793666760490973,0.2649296791764034,0.2507460107370127,0.23179176450861266,0.21956759998026576,0.240377164035533,0.26556331825695034,0.24145331235140816,0.19244650702939492,0.20499821395884602,0.2549327125912013,0.2251950471469716,0.2294262144936861,0.22429826771712583,0.17885168341979124,0.20900116051423492,0.3277530669742711,0.2556503779755807,0.23962513880491626,0.20487706360080854,0.23370223738329043,0.2471106628436166,0.27511766487392475,0.26963297903588435,0.24897673988098032,0.23537910012694413,0.22476812590008263,0.2314486525760108,0.24865134937696576,0.22064403611268932,0.3397575521091629,0.24901470623539465,0.21100836738431947,0.22267288110694536,0.2236892379728082,0.2482573512205579,0.25190475867322215,0.22097721853602567,0.19317524949271514,0.2407531811553207,0.23324483678403116,0.22264521486462618,0.23747946335175893,0.30116272109433634,0.22793623839930707,0.22550639340604453,0.31969683246519204,0.1818547949719587,0.255938914655707,0.18299794469591957,0.19936319301761507,0.21843891443934652,0.24440239040536257,0.23406153320336293,0.24451196233430325,0.3679981421326793,0.255740605814457,0.21488992860471057,0.22355082874564824,0.2898986124366263,0.3069547341612117,0.19233076227831145,0.24247277599206632,0.22438767498655446,0.27267787586469194,0.1621227814860559,0.20502264441528645,0.2591690770060794,0.2582310108540467,0.25216651710143567,0.25267000543159374,0.33103009336171585,0.32917928178135203,0.24286154552383202,0.27510445806564504,0.22964725508856643,0.23595086300805754,0.22801923528116605,0.22946241779058174,0.1939566555618724,0.2376223515914333,0.24619209112021645,0.22474159383483652,0.23427151455885414,0.16816748347220886,0.27528607999665544,0.1914572629018899,0.26673890229905256,0.20390426979498646,0.21343963125500126,0.2734327058326918,0.27522653734837815,0.25596975253727133,0.2602548044565795,0.23649454537500839,0.2244974484529908,0.2036077898063631,0.22731498789683707,0.2525082220815224,0.240711406450255,0.2353394639143359,0.26654093803723033,0.22376487985468912,0.1998487018089071,0.19939789698505808,0.2007371500137473,0.2169106355703353,0.28551011630665224,0.19517307070774687,0.24506137298358668,0.18567216888223384,0.2380872012165609,0.2017593976649754,0.28352239992434203,0.23086497191771538,0.23682989445745237,0.252043342322429,0.2528109173994218,0.2161765067392098,0.21273791590934726,0.24286367584961008,0.17787921332376994,0.21417152371071022,0.23801078926731722,0.24582740316136123,0.25618963537391354,0.20374329296400998,0.20699671717722506,0.2654547267640465,0.2278675716089712,0.24988376758440278,0.25372215490460104,0.2923185935902792,0.22679986727636206,0.27901599270931304,0.15176179840583406,0.26194173356840966,0.21413863458830718,0.21504767157165722,0.21889831732624862,0.2746118429910777,0.27970569076494944,0.19512465499161907,0.27491120211873943,0.1783918165756891,0.20488578904359847,0.20092409451866655,0.21604701153499903,0.19270979056671925,0.22140036467660726
0.2930345735443469,0.24699270411593482,0.24638173526888113,0.2058002950911026,0.22055849701760383,0.24004901948111007,0.1971425562902761,0.2675864862345907,0.0,0.2323971760503376,0.20687754918103518,0.22497547941518065,0.24178988900823414,0.2483324899378511,0.23297883167199795,0.24447522705337457,0.23645358930228635,0.26440369505557376,0.19866184371378254,0.25005041517620175,0.23847015296240728,0.2996907070590328,0.18454978274669315,0.19386479050252955,0.23778910075573098,0.21330820398104494,0.24038904615337162,0.216124437863063,0.1770204654606419,0.27665014361501383,0.2976135025762485,0.2550155374180208,0.21640262265312402,0.1908743842843681,0.24780995355843927,0.21733066315747065,0.2354848622493037,0.2990297068703499,0.21949144659679606,0.22357227742627134,0.19778821790422887,0.30351788330688456,0.21242514603102594,0.22030880876141473,0.25614518687892085,0.2382698114331115,0.215544379464411,0.1954819709262823,0.21675022030797425,0.24691518435501014,0.2357388660727236,0.21904989879342587,0.21516501164542912,0.22488879000664175,0.19970002986171018,0.2986013896464307,0.24718946946148,0.24386365676210417,0.22110709205872295,0.2084534912790919,0.2122577627878619,0.21633865873909203,0.2204700884390616,0.1938776900296627,0.23583117277089252,0.2240710228029394,0.27712741058030227,0.26864247915138734,0.23737333105710115,0.2535128937772426,0.3067593222111263,0.22722392179926687,0.27815871134057096,0.2502036615038833,0.28640288097964917,0.21158790645991687,0.20064046555348683,0.20960350123185478,0.23489284443914865,0.18577427391053053,0.21769276565217804,0.33341608426894537,0.31230851975971397,0.21619583142236448,0.2698368236819279,0.3208074380243498,0.2348060399071868,0.276194280074582,0.2531519791364556,0.3319421632920738,0.2729662346710688,0.2703472228470171,0.21630566502143292,0.2042745916263437,0.3034618735517011,0.26717681662151616,0.22116792494826087,0.23389724351428426,0.2198242569113158,0.24391737266471178,0.21856144643531605,0.18514004522782143,0.22420390298175427,0.19548367865506577,0.2809832013351829,0.2550087971859773,0.2098844011930792,0.2456758343517393,0.21999523802092974,0.20410759133561798,0.191911428178201,0.2699706156760615,0.27140008628076445,0.2977643495838974,0.2229808102315052,0.2663366754405959,0.2197875657424299,0.20550012611319593,0.18212363907152362,0.24436011618621656,0.24250929848454064,0.22056912022382832,0.21438241648766673,0.2516696517462744,0.2730446760442724,0.20637793560358372,0.2394336530433524,0.2129103575990332,0.1988359533915686,0.25296175407008614,0.3613759500569514,0.27788295076047925,0.20871533172660361,0.2837324051859854,0.22100739473742378,0.212962719174045,0.22496775691267593,0.22916546365706245,0.24063118665646574,0.2633122488441654,0.20242281066093618,0.23843859375270182,0.2864811377967512,0.27959032701142983,0.24978959631921577,0.2698697934033879,0.35422538240327023,0.2243778376305379,0.2628679894211367,0.16195045361436705,0.25127750591350456,0.2150605808111844,0.2219220264364282,0.23494915412816977,0.2369154677824889,0.27369212864870524,0.19914119934242772,0.2615550675083206,0.20440552188575184,0.2280276850253035,0.1932947544714316,0.24464242748836684,0.2461131932778729,0.25384901127464116
0.2708571043248869,0.3795146075116899,0.3013166582334316,0.23028946410957327,0.2560076870072049,0.24066088364250418,0.26246360950248815,0.2606101213749319,0.2323971760503376,0.0,0.23406757253756308,0.24346955793169883,0.25347581135396396,0.23030816410060187,0.26992366791947453,0.24174559018244893,0.2633167759740084,0.2847279407645836,0.23887237888531532,0.23110384408237708,0.2597122085969123,0.26755608095394195,0.26479004121208904,0.2521471489066005,0.3544012053445593,0.19948698405772916,0.218293427082253,0.23600249988909203,0.2902088036376483,0.21453501041362188,0.29077388885794897,0.25456242574483623,0.2099073414592728,0.20842312598215204,0.2589321547040838,0.21500228342923045,0.26035964531662964,0.22582786494494425,0.207256763020338,0.28383807209807643,0.2211760783719523,0.2847064599796499,0.21790174767719483,0.22841041023113504,0.2509714262178976,0.2338713365318877,0.22297004345738405,0.2262287148312459,0.3110582641111613,0.20478817032530927,0.25118311151628764,0.21689405204079706,0.2050395232265304,0.2549162059977488,0.24217227957030857,0.25464423558628135,0.23265704456456487,0.2250650197046847,0.29761488713980694,0.21644323838881452,0.2275026263177648,0.16535598266223558,0.19889816354913967,0.18384586670574213,0.21634212258775148,0.20496033543591036,0.2274451907608555,0.24318067458132714,0.2330723512683182,0.27727454910271065,0.2282260363064153,0.24512998427768096,0.20273905538228956,0.28521451604047077,0.24063167346452094,0.22833034269365993,0.2048535218904461,0.2940806297114578,0.19966185723689692,0.19797822067539267,0.2518169896569361,0.24226477663130214,0.324095317708283,0.21147289350239631,0.22773563175783496,0.2758139194106842,0.21174063443524505,0.23608901450468497,0.2543159649757003,0.2104856617545929,0.2328777021446127,0.23972311530202767,0.2512876384538688,0.199493701106689,0.2558386170599246,0.2702430129388107,0.16337409594976238,0.24508213152109942,0.1806198927926966,0.2733392981599977,0.21432110208792501,0.19471029930241776,0.19963232281404567,0.2696759512241006,0.20601922474172807,0.22367310507781848,0.2084404853970597,0.3429035226262911,0.2583092004262705,0.29174027147274995,0.23064327419235345,0.20695262485237195,0.23559439834390705,0.23030999340857986,0.2157487307799765,0.28951397865842166,0.2600747659777092,0.2559881455809635,0.23205195828370137,0.21821446805363018,0.21897257758611988,0.18988035914818016,0.1964162301650741,0.3041247548279076,0.20128278514312123,0.2908698383492237,0.19626920223896552,0.2084492810825938,0.2635908209555619,0.23489543183739378,0.27398346113331556,0.21784568038086535,0.18795275950955403,0.20979349850977871,0.2186350746271297,0.20670129375582227,0.2395248231567827,0.2626262601156346,0.26590593693188863,0.2547212907078337,0.2176567245860934,0.23165524719202954,0.2941458214186679,0.20064531246518247,0.24860008759285024,0.2519274918741198,0.2314909792278008,0.28849937497101186,0.38206242278332775,0.15654643413557623,0.21921127988692174,0.27716647456869636,0.21739722977346032,0.2588507555797676,0.28006297399300495,0.2543105806188206,0.20737633802015704,0.32007164833971485,0.22329191531556128,0.22738066441986046,0.2770674978890288,0.2684319162550073,0.22724122335885322,0.25892642850379677
0.29075781136880485,0.23491697867368588,0.2704300372902508,0.26192874548381406,0.2470049663748754,0.2516363103954439,0.2292166823289628,0.22498990809508332,0.20687754918103518,0.23406757253756308,0.0,0.2737840541265593,0.3064861891444647,0.2014380703541048,0.24794491894587123,0.31629267337995465,0.2812508786907552,0.25138205242564077,0.25411451574464994,0.23474270176335624,0.28009831740540697,0.2873780281031161,0.21939427739616552,0.2567165177699702,0.28874268922982793,0.26294392790072074,0.23534807503781216,0.26786982081408167,0.23490634000196403,0.21977851250019784,0.24751645980152112,0.2802467385597593,0.21556762551988692,0.21535098693158397,0.24799843044472678,0.23853261926823002,0.3260753083051988,0.24308120756953167,0.30009463520003726,0.2602950249483533,0.21778760395818555,0.23965331136992565,0.24397634571314075,0.281298609827609,0.242232734616201,0.22669465142336778,0.16410123899884452,0.3587830160564933,0.27751872864665966,0.2204939222668278,0.30407102969787053,0.21613237106258393,0.17627822894909928,0.29686490826272965,0.3150483309359992,0.18323851009372372,0.2632697896057202,0.3030672309867449,0.23646032579283802,0.2249487308725843,0.27084649266490485,0.16073916690125922,0.250167275489183,0.17612260395728344,0.1865989208913615,0.2239751993915554,0.2777936156139577,0.2354779854812355,0.25013952648040044,0.2651044251714815,0.25778756393233787,0.19313304092713288,0.24979184251371386,0.33697473176287474,0.2782322198487311,0.20690154209435307,0.3013305109768759,0.2504799998182577,0.212095982583713,0.19511523590569368,0.22954905925930189,0.22845857273393236,0.2320080579691643,0.23943149074941217,0.21845811646842028,0.2295558331814843,0.25338680105744343,0.23024807070367304,0.22174538598354826,0.20291585343283586,0.2971990289192983,0.18366466205897647,0.28181348288784464,0.224486310277397,0.22090180552573582,0.23056671172667745,0.17196525905285873,0.18240770490585,0.1597763748198957,0.23326980419663748,0.22636255497568386,0.2305326519436012,0.20764298286335373,0.179891342209803,0.2243500325922466,0.20963778356143276,0.22599197177242072,0.24254015204620577,0.21605589257447738,0.26864309550210774,0.3270041793762623,0.21619829614082184,0.261278789594708,0.24220543989796847,0.22258282177023525,0.2395012026725198,0.21706488262750592,0.2506535937319495,0.24662521742855187,0.19560471295261297,0.22962226603297028,0.18851887070440032,0.20638008937389357,0.29295449380602206,0.19039074745128096,0.29185581764611074,0.17394688300381697,0.21897291892490678,0.2256557081925508,0.215955226352221,0.1825630683066292,0.26031757894120827,0.23928458401458405,0.23342310362435192,0.31390410028006566,0.19511607838627867,0.21108674378976483,0.23165748957865456,0.25216495432971175,0.2649722254841614,0.22814529226371333,0.22268938140314776,0.21616087216844934,0.2144320804751203,0.29396551271592164,0.20750969139947484,0.22732254212365496,0.22263232622734533,0.2242060781872899,0.15719297706213395,0.3275741335945667,0.21084860197290578,0.3007815218096532,0.19294241908985982,0.24890377075093956,0.26507707166976957,0.2506475074954189,0.27112518310020217,0.22349126258979493,0.2333375851004496,0.1954444449803152,0.23253886699473464,0.18139268031682976,0.35395412313426866
0.24535495129847287,0.25817263830236953,0.24197129833019237,0.248373495145973,0.21473339343867204,0.2739812126763953,0.27223641155806527,0.24921221863884202,0.22497547941518065,0.24346955793169883,0.2737840541265593,0.0,0.22706705279121678,0.15963295863628763,0.2559006302456468,0.2562428164736286,0.24599330079352902,0.2048653132735209,0.300249752557897,0.22135687780290111,0.2741120170996494,0.23761381128373935,0.224761778396932,0.24645316231641523,0.3057037879715341,0.21542292935466578,0.23588941455458073,0.21818887304725973,0.2056447471167786,0.251618268225578,0.2852899375556949,0.2656527221775314,0.23947257079112222,0.2536806949471124,0.2152550196171373,0.2310129796022885,0.2552625668389681,0.2194991523059873,0.29671364198166655,0.2390589858638626,0.24083651839140352,0.2337294741762297,0.2230808812715757,0.2648227356784591,0.24414646671750062,0.2449387808324465,0.21496833875864277,0.24124341617818265,0.24573306605874864,0.2244641112319285,0.28348968136808955,0.2465838808606069,0.17361907364888324,0.2910737645302244,0.2895547603841681,0.2027202804026753,0.25917680022690737,0.3238989290871289,0.19398360536788983,0.22102708785513747,0.19953452678446246,0.16084023521351243,0.21968418048252863,0.17028664572855912,0.1828066281553455,0.19943066427854905,0.21199547817153755,0.19768761363584614,0.18992846776453298,0.20848090580364884,0.21389497625851253,0.1777934439886676,0.19607911738823153,0.2590337868392477,0.23174772598040527,0.19253970711679977,0.2299001518363866,0.26265322737374397,0.20475621933212806,0.16922297263948421,0.1892485089431659,0.2392293889107408,0.2450092949707022,0.1795269823605763,0.2300265881735029,0.2529631158538239,0.19771391462786297,0.2205283223855688,0.2618214588310197,0.21672463210073772,0.25950306326728767,0.2442504123863713,0.2530691335462803,0.20963520663157298,0.19568723434313579,0.3015856215291016,0.16580193106304394,0.24596488259402435,0.15751171772742295,0.23796722836189904,0.18379243297181194,0.2043572646885932,0.23410068694725134,0.24400382926028683,0.20824530598321406,0.238851852920523,0.23790236502483517,0.2333870060041275,0.22399138386220996,0.26368766774434477,0.35072221012261584,0.22744858578986812,0.21397760116630346,0.22502497423991422,0.20981224141130608,0.2544136679293966,0.22183012072656658,0.2512884977903884,0.23461659940239926,0.18329834742367695,0.20343959938744402,0.1930169462812774,0.18411444113351647,0.2714968584957848,0.1611492842975631,0.309154206139043,0.17829372322316556,0.24407243046433602,0.24033533607319735,0.19820131815278622,0.20098198118429145,0.21444192618946667,0.17455530450987902,0.21471720211413287,0.22240528182987662,0.16355638580888038,0.23618117775293143,0.22894486585379883,0.22196267029100716,0.25646445403944085,0.18498783399437252,0.19381095378767438,0.24329108015032375,0.21165599705731183,0.24540801176693752,0.28577894860889597,0.3012087229935246,0.21649808828520667,0.2583867375207371,0.1530467768120049,0.2558364858968619,0.2158216174307394,0.24348814845261207,0.21940000556407196,0.3279259452559958,0.20834021136688036,0.20549995857807019,0.3041048759722265,0.19168620818231416,0.2142268171529045,0.16485187111888575,0.19766219410863578,0.1761632290069145,0.2423579527188533
