0,1,2,3,4,5,6,7,8,9,10,11,12,13,14,15,16,17,18,19,20,21,22,23,24,25,26,27,28,29,30,31,32,33,34,35,36,37,38,39,40,41,42,43,44,45,46,47,48,49,50,51,52,53,54,55,56,57,58,59,60,61,62,63,64,65,66,67,68,69,70,71,72,73,74,75,76,77,78,79,80,81,82,83,84,85,86,87,88,89,90,91,92,93,94,95,96,97,98,99,100,101,102,103,104,105,106,107,108,109,110,111,112,113,114,115,116,117,118,119,120,121,122,123,124,125,126,127,128,129,130,131,132,133,134,135,136,137,138,139,140,141,142,143,144,145,146,147,148,149,150,151,152,153,154,155,156,157,158,159,160,161,162,163
0.0,0.31923295294572607,0.2856501217782013,0.34038484647939904,0.3185247536525247,0.32786907151299505,0.30403783172495125,0.3136234017651841,0.382954657423299,0.30427957389985333,0.3473301745569455,0.32949722979025653,0.43670995090982173,0.3256976119257409,0.33977742328482274,0.37134260200401187,0.3846523829055606,0.5269434652439934,0.3334819537546817,0.4861405184460625,0.3774972670457625,0.3192717317464076,0.3122355738682476,0.30967877434231544,0.4356272757241408,0.29836165874444415,0.2926395789788625,0.33265780916306614,0.25431737030127616,0.3130398148000002,0.37248995999364154,0.3866436070290197,0.31169409909081724,0.34160567918479234,0.4655381229772325,0.3563360201068812,0.40466984732760986,0.4117982150447249,0.28052668454919855,0.36297384439559743,0.3121382866397454,0.35492307411483937,0.3660823108759822,0.3992487588570906,0.350250314531351,0.4530772552584609,0.3094630111463155,0.33709706586687105,0.3898874753455042,0.4569914336151314,0.41242937331423296,0.3888261570836571,0.3328117637843519,0.31157414650781035,0.32002981257423513,0.3495539145804407,0.5274254899727371,0.3435848076472856,0.3433259179100902,0.44110238194833545,0.29855955820557106,0.33195276110856814,0.36708849755065676,0.3112911540490714,0.38225296645056683,0.44507004725482163,0.36305246508067945,0.33893559367659004,0.3177596135135848,0.3624324781819632,0.4393877671027551,0.38588004530417297,0.390060560877675,0.3859370318101032,0.38293891123760465,0.38819909738983954,0.29111218651672954,0.2998630997589792,0.34397583800826925,0.2851219602746343,0.3195601250884869,0.3906399009199435,0.3321000540095126,0.3404900522162974,0.41760759595804553,0.41408499984162284,0.32641307134044645,0.39564336254729526,0.4289178827320518,0.356968486848747,0.4549993417795811,0.3625505657740903,0.37759874127932935,0.4357295822324264,0.3813922542134237,0.31362475949633367,0.2577046810638031,0.33224139801279234,0.3076193233323385,0.42630723624544575,0.34227707233867705,0.3010599509423202,0.35941968913897737,0.3046425853782887,0.4379388867328563,0.3856450814660059,0.36988265195032927,0.34853081273124153,0.36519891505925606,0.34310498855799,0.37252095711371747,0.4499705605911338,0.4115167240953379,0.3469761405496468,0.4159846293962162,0.3849700139132133,0.37986852835310275,0.3569252072334925,0.3099645874431423,0.3400128259328263,0.38738198933835105,0.2924198305723255,0.37404638202628626,0.40555166705003903,0.32853473531621274,0.30267171044195673,0.3247414354949052,0.2955565877285905,0.3164446815356486,0.3625440049920201,0.31644900825146993,0.3187051873619117,0.33059144693975695,0.3735290687061789,0.3393640954660077,0.3422855063856925,0.3505071315593493,0.37093763459938256,0.31273195023234657,0.40729195027396564,0.29532057449666727,0.36044966134382245,0.39927796868297566,0.32286484597943144,0.382902969305388,0.3836719229231565,0.3312053791701993,0.2989685069060705,0.3468582197893035,0.2571705042650159,0.4530079285018583,0.3268416309793119,0.38849054351802775,0.2623412004346585,0.39780108778543466,0.40011916914044937,0.3289831980546335,0.36104549270986447,0.33322993505345744,0.3840895134275015,0.2824351130402294,0.4010749649549097,0.2841244871357691,0.48279532640622896
0.31923295294572607,0.0,0.3414253143504955,0.3645174344720288,0.2917908254120584,0.38887091968725235,0.3395581881414443,0.34432138819484615,0.2940964320967103,0.42873687525243853,0.34357425274871667,0.3485565615809538,0.34243904417575527,0.35983239896850755,0.36279585295160816,0.310900981539962,0.3380381811713197,0.3371349534435436,0.32335171801720963,0.3401663966719759,0.34570269447381924,0.4433813109717324,0.29991739404566387,0.33835886518506286,0.376929905905727,0.24564652552629662,0.263203992857784,0.29991799520727175,0.37518570070824947,0.25330780322702,0.34184632875017124,0.3209552195098654,0.38761664345901314,0.26583999329538877,0.3440010080819877,0.35507585807123365,0.31048902107668946,0.32365000926999565,0.3393517986048325,0.3352233318093687,0.3826301999483873,0.3522615326370923,0.2596636717006201,0.33274355953657314,0.3548104656119591,0.3168415758922152,0.27586511861121354,0.2997605490398134,0.3382022075923045,0.324361793730289,0.32037167579602327,0.30257034572545594,0.3710851689943221,0.4331145015521603,0.34471298116042753,0.34793195731109383,0.33208216055994116,0.3026639503115791,0.38405041841150567,0.37855494980247845,0.3618491196633628,0.2585103716201448,0.2741750047241525,0.28976907331023466,0.31529220755333776,0.30014359218832404,0.33695767674256893,0.2919282676818142,0.28066214452893024,0.31767332676756643,0.3106849963067959,0.33804920112130055,0.2730623467384385,0.36089935168246173,0.36341755392257075,0.29040114501033787,0.28693757223423794,0.35714233555384045,0.2686984531003014,0.25365061659143645,0.32001558727065055,0.3106833692995271,0.38492626010752595,0.30229714414585473,0.3000783989671159,0.38277698260430804,0.26961918655111644,0.27274622934335657,0.2945109654913509,0.3525079375103543,0.28772115263261205,0.333077225389477,0.3624400147499672,0.322637479175166,0.3531293667248614,0.4001216119524991,0.2756401310757525,0.3180196025041464,0.26579858675738244,0.33728967354833944,0.34385512930285944,0.2623317076855856,0.24482232570819357,0.3343236325486527,0.2905587793590621,0.28943293108838014,0.3077384850425327,0.3759314271065781,0.354341802085727,0.42543953115058464,0.32116044771448904,0.28556243748394294,0.3126116241254095,0.2974709680944301,0.3263622048987465,0.3694553163460305,0.31502127763075227,0.2802454701006314,0.35115201607528235,0.2884562301586681,0.3240641804966497,0.2570341513124455,0.29859921423608055,0.3626534469183876,0.2948784807633071,0.3818179907282257,0.2981975087120116,0.33689557633281425,0.38912622309026484,0.3259858082061239,0.32895675956414755,0.30760796195416285,0.2736122006987921,0.3316193686323503,0.36332069407500633,0.32848504919547244,0.30560356082814133,0.3205978702271986,0.32374298455764444,0.3164504829760419,0.3504298122708614,0.3669516798509311,0.39810527814724705,0.31332732646957506,0.3574387068990462,0.26399729789890003,0.3366907023146004,0.36097844792920053,0.37705176088175213,0.27881966742730796,0.2803076452123394,0.369269488277739,0.32740609186758507,0.35733269164608955,0.35688601748676674,0.3585555002630107,0.32349980586841814,0.35817831313726656,0.32204327814391853,0.2681796856303027,0.34824204912171897,0.3305249153217245,0.2839397984133077,0.32903706542159916
0.2856501217782013,0.3414253143504955,0.0,0.30836113737332815,0.2945327987848234,0.36058761107319803,0.256183973567818,0.30885518887833685,0.25437348047745406,0.3643898177212692,0.36825578219571864,0.33641467322765034,0.3534253265412845,0.2667986006519346,0.2998756816473841,0.38871554020035154,0.3388902557024113,0.29989635633416073,0.25736134318413895,0.2710731252936546,0.3454876858505491,0.4300411674884389,0.23655983354514068,0.28263381774521495,0.29923980300440434,0.2944898453859805,0.2503550650104351,0.2681351241065888,0.2867047833990233,0.25938623176968184,0.26847823892296463,0.31896650703974755,0.3000541747510182,0.23761931913153445,0.26542229890910546,0.337809067075641,0.30804378708578667,0.3086577406553183,0.28695501200267703,0.27779656355199184,0.31156209565892107,0.3041680300143634,0.2712529526848011,0.3128663821980722,0.3113368965546201,0.2992255111353327,0.275388900707872,0.34033810903959333,0.27158522332628204,0.31197940328796303,0.3154099118467988,0.32043525745042967,0.238241628065015,0.36493438285374996,0.3359188904432736,0.26069232441481277,0.27783472004414406,0.34070220362992887,0.27729791792284164,0.30746672279560067,0.2893688412503849,0.25877451342511265,0.3202484315621594,0.26154398189478056,0.24836265964638363,0.2782705185049074,0.28260271636517803,0.315769456226272,0.3059812535407687,0.29565918847491995,0.31868521821829693,0.2513687889672965,0.2677079960263119,0.39257661903798646,0.3461254223173143,0.21931055539512856,0.3029088687931464,0.30971645698205347,0.24482782631026775,0.21441022085393766,0.28836934075471077,0.2821117577613084,0.3105259899090598,0.299875471723903,0.25845027512260615,0.3406077047763545,0.241182718466584,0.2401601670559578,0.2681920074884807,0.26914773759700245,0.31837751596388125,0.24570106979633363,0.3140351942030869,0.2379574032750561,0.27454249422128035,0.3276247980116778,0.24341505720818774,0.27620824419661766,0.22007000405419025,0.29620365355132144,0.24289106685734205,0.2607958574802466,0.23633294934841714,0.3106149154518873,0.2819597991510831,0.3384253200303541,0.3094044118135746,0.2815503193416395,0.2909993851729222,0.33211656203619144,0.2939460095914926,0.2579022519192419,0.28366440550959987,0.26212391548705644,0.27676693291731413,0.3231773533967538,0.23269470012870994,0.3097732285619367,0.3479839027284458,0.26554815647942603,0.3027745752019474,0.2401480472831831,0.23707984441548974,0.30621306886984373,0.21107159054245936,0.3673521511965703,0.2620460495622127,0.3240795153701184,0.34771317270383795,0.29767138005026683,0.27082984771898666,0.38718187611922655,0.22991027950855394,0.2528399174175916,0.31269382551460545,0.25134733714233626,0.24923922743569046,0.2615452738312297,0.27960294235257305,0.27082123294190524,0.2692506334502011,0.299177859251515,0.27141498410751497,0.29276719623198505,0.30272302050847477,0.2338329204158419,0.3447325817552589,0.2976704825567435,0.32482529078495914,0.25268827580042835,0.24026336014416755,0.2335563710555829,0.2903568278234998,0.3331244887437627,0.3171338749352775,0.2855381502559522,0.2888275630101644,0.3624164381075302,0.21925991260828714,0.25220608597547184,0.28827753150097335,0.22449270463521342,0.23043692418953626,0.29781453523225293
0.34038484647939904,0.3645174344720288,0.30836113737332815,0.0,0.2866640380133664,0.31877372054334446,0.3404234862771719,0.33264681418154357,0.29710834361885324,0.31654075469277293,0.34864628345038357,0.3033490535183699,0.3887597886996925,0.36780226939356425,0.43805934641998134,0.31829421812697284,0.3506863724776896,0.3865177506275819,0.2980306009363041,0.33134485953578074,0.3578738050899945,0.35264194326715886,0.3144663367462259,0.3193137059959818,0.3283610498671329,0.3266211520356968,0.3529635492647004,0.3296339380368297,0.28640200183888764,0.251366199923647,0.34280413376098384,0.3232267639159868,0.4602583226229484,0.30848680439360465,0.3391186149337396,0.37297430655392755,0.35368920561260425,0.3634765254363643,0.3364323974017244,0.3948967979842417,0.3630354561362482,0.3187966148210155,0.30113328053918964,0.3300358665472849,0.37869198302132223,0.40610813824675895,0.24040553539733847,0.2959949831790153,0.3315436408157916,0.37421563552617537,0.448667769656391,0.32986273799033483,0.35616032252719454,0.4392379487079929,0.3607350311843913,0.29830772781116033,0.3913699140108724,0.31293329288363986,0.3706917216517391,0.4718573393288715,0.40363669466424923,0.32025481044814386,0.33710232400432977,0.2653974011304542,0.35791472386381457,0.3902048151425483,0.47962502114456806,0.3081343886620612,0.31673297745385826,0.33749248802195314,0.3502372345649502,0.3431457717078143,0.3200262931301963,0.5101006495282411,0.382552390060094,0.2922775295364356,0.38762972909212184,0.3514249472570446,0.3165062278651221,0.24501386150610122,0.2921136804431972,0.39860915750321113,0.31297668484173397,0.3332434294001955,0.36471650539330747,0.3664843666364074,0.3254455958170835,0.3715660431024371,0.37004484971402823,0.3481363396638234,0.34707193738326764,0.33187427052476287,0.341494440230189,0.3367622609703933,0.37809177124388876,0.29636615782379144,0.29149862991467673,0.2898013376701433,0.27486282372695353,0.4176203288245953,0.3581297586219075,0.3140720037281071,0.31726809049184457,0.26368975007875584,0.3690254785663215,0.3422628170876879,0.38422674204122037,0.2904796991277056,0.3905334475756702,0.31091129938551293,0.3446046410312579,0.3357957303589057,0.40099516133640173,0.3778620326926955,0.379808175022455,0.35143988877395815,0.31436139143513786,0.26480434562520677,0.29503218518088875,0.3218747808424717,0.3356910088042603,0.32632307838558217,0.29014306537896767,0.37548404287690523,0.26923402482891134,0.3296789670859033,0.34564546110255917,0.3507501824825311,0.32331260273683227,0.41899591149310195,0.27793564671462984,0.3460216152429458,0.35354734232208623,0.3437287455887215,0.3462183369649537,0.29000003739307334,0.24614178303764042,0.37156509499849893,0.34014746712600885,0.36942206914842207,0.37878610268139906,0.3232707413930603,0.428426511972606,0.3398237231479332,0.339205531032133,0.28274848681919157,0.3355732048760861,0.33205951680040824,0.2723177031568715,0.23362918950079042,0.3538425170651301,0.3191514710681205,0.362332730458622,0.3003918520457078,0.3345894820785296,0.3999873177658258,0.3718074749301035,0.3501066494248677,0.3789737901559799,0.32702883108960146,0.3338253694092303,0.3015392882874312,0.3006797935467597,0.3451115524241775
0.3185247536525247,0.2917908254120584,0.2945327987848234,0.2866640380133664,0.0,0.2719615700504127,0.3347604873266429,0.2544168542567658,0.27903244192674165,0.2870336520149772,0.30387993725318574,0.2638337235126591,0.29616814583546724,0.31125506350774,0.314785514716557,0.3252450769682733,0.34102342116300366,0.3424142414157266,0.2358592789173883,0.28784440708120135,0.3306298645904412,0.3171793891777014,0.2859830804248497,0.2928243231039866,0.2843125246201822,0.27170012318175285,0.2601011834487745,0.2494883228509949,0.25133056208563254,0.3032190265532075,0.29623994173640894,0.2749157773141805,0.2833329745792663,0.2461799669465327,0.37218589195850704,0.3182123182995892,0.3170193969415409,0.3215597268558985,0.28095132740889806,0.2942827388902183,0.3066343033768656,0.35091223171830604,0.2984755429250009,0.3805474416823489,0.26327189593723155,0.28930090090935073,0.3268473751523924,0.3224422022670911,0.332317389207266,0.3381798411557953,0.32768973226504383,0.2974225430942367,0.29041356822944836,0.28598279547306177,0.28353255958856755,0.28386545817472175,0.28744957910715213,0.3220324086059878,0.30590470522383256,0.3085575014762053,0.23551228859895795,0.26638599368067123,0.27705403163076503,0.2975381544357425,0.3021480558112676,0.2524859901320926,0.27451958338517574,0.31547400559832367,0.27364088209947535,0.2923637534434854,0.3178612522823526,0.3239875072725003,0.26350063239650906,0.3155617822511236,0.28159015275757815,0.25945104234927757,0.28598003916119524,0.42648007680749556,0.25001205670184334,0.2606741777499181,0.3024644912943499,0.28771285770248317,0.3554621857465284,0.25371918693101625,0.28547517640286585,0.292762784616141,0.2561734748316219,0.28256396606992984,0.27022285271072,0.27299763597076954,0.41564330945907696,0.32902030635507756,0.3742271605439609,0.25229275537244994,0.3240283689138679,0.28632650324873044,0.2146875228855136,0.27132318931958876,0.28264809790583245,0.26763880429507636,0.2884315145190251,0.24084056734359624,0.2685113425256623,0.26191313177055797,0.28535921632763717,0.31223877252528176,0.2713109188949803,0.30491348301770366,0.3465929146324838,0.30807347654939643,0.29997581424884934,0.31598656277028114,0.2748584142110575,0.30825678012554464,0.27495643866621156,0.2989211703147969,0.26087698732280146,0.2781284811466449,0.2819079585574422,0.3003599493545142,0.4356618920096231,0.24702221508119981,0.2569127397427965,0.3598954380685909,0.2739424486161382,0.26515249526545565,0.27008828873590773,0.30168190260392536,0.274424779008312,0.3071928451987215,0.2926682958691797,0.2986601701520914,0.24105078447093373,0.28132784907757596,0.2700633621417507,0.3305676396072911,0.2790154853998995,0.3343366500818391,0.2632356370268942,0.3205438162013878,0.2543457867932707,0.3403133502147141,0.32868432562322764,0.29414452985383127,0.3443925436554627,0.27252668685818215,0.33089375986168296,0.30990297505765607,0.27386506107170516,0.24146482783830173,0.25545139759053814,0.282314174925735,0.31402922000729433,0.30851160970958025,0.3105449122342696,0.3149840900891115,0.2524142478197697,0.35638887809565983,0.27416031591241286,0.275642212860531,0.2753759273399242,0.27743901467826326,0.2690258911224226,0.3673374279744032
0.32786907151299505,0.38887091968725235,0.36058761107319803,0.31877372054334446,0.2719615700504127,0.0,0.2599635242683925,0.3444072730335382,0.32818849264856287,0.3062776669782122,0.35914725712992823,0.3737066058018463,0.3635152662551211,0.26230809251387904,0.32930819755491475,0.3800776119067759,0.33911889862276356,0.2713263510905578,0.33932948933744433,0.3351497313582353,0.4000216352174994,0.39329355336480254,0.22026586136919726,0.2766061375286383,0.3614301915405672,0.25212792534756023,0.23474277561568213,0.2681469563398258,0.2672989201039702,0.2982864978872567,0.3536803588795999,0.42354335220334616,0.34592080385466634,0.2597995759481832,0.28394048574586805,0.3275333459901153,0.3351371667732383,0.3131603005681675,0.33632867404072075,0.25951844482584174,0.29955302641833764,0.37230516942039815,0.3106757528826559,0.36341941177165793,0.2977611647309397,0.29637882768490925,0.2676828811373154,0.33392810489321,0.25906675875643376,0.34374707576548746,0.357009936995459,0.32961417058472264,0.2897265646210434,0.37952155406900645,0.3074093079447998,0.3453534373448764,0.3351444720151652,0.4196936544399476,0.26942933216813075,0.30378926598192435,0.37257934345612426,0.3289885409507945,0.365574741596816,0.24369072140702425,0.3105335124976706,0.32959434754127576,0.30814285188545226,0.33884957690791234,0.26606793652926525,0.32179004307008685,0.36196372309830194,0.2555024106243744,0.30332576475680256,0.3618635732613073,0.42291484192047424,0.2679887779627296,0.31471032842073043,0.2962866803684728,0.26270319499411265,0.29877461469234234,0.39387656435268914,0.3435739637644315,0.3556988785874702,0.31679722699530755,0.3194883317456947,0.32963376248795856,0.336215396498826,0.28381901687202254,0.31083511815232356,0.31518585559963314,0.3176327314692765,0.3217018998333096,0.3441632365120815,0.29563106769045233,0.2938969235353388,0.37505557612439366,0.3202579757198562,0.3109970515593028,0.25349177144897206,0.2927393991918078,0.28376479336234994,0.2982534165997842,0.2659761521742577,0.28386993495111706,0.3312543509669626,0.3429221647413041,0.3728761870362169,0.3105788967433996,0.27981632616407276,0.37100938187048843,0.33541836922030094,0.28201146200693766,0.38203258973210275,0.32903797713018884,0.28659573158772533,0.3188418108763828,0.30620611408786014,0.2781029271564006,0.36431909571869664,0.27708328741576765,0.29723892230405746,0.2800954769309272,0.2986721776417935,0.35801216266318514,0.2923789428681507,0.3368907481467682,0.32317599906300537,0.31798581857802405,0.3126633464655749,0.27268355419407264,0.33514925402482143,0.4996183714923121,0.27781467636839696,0.3232674311241745,0.3655006376623404,0.30521690158690745,0.2993406789747531,0.2509985795274288,0.26406900006116996,0.32893789420438796,0.3112617077086758,0.3984107543520239,0.31405652339297835,0.33774255006555304,0.35247574070059096,0.2626314830627664,0.40535443574222113,0.3485566525515656,0.3256629906518196,0.2809737827711815,0.2999673305122453,0.30518492534963565,0.2868885368139447,0.2891312637935854,0.37839991458892136,0.3480716557072568,0.3073424816803312,0.38661393298832836,0.24525566306031005,0.3022686102166238,0.26958931049378804,0.30935862979361994,0.2803829335582512,0.3242946710591969
0.30403783172495125,0.3395581881414443,0.256183973567818,0.3404234862771719,0.3347604873266429,0.2599635242683925,0.0,0.24493920364537547,0.2588762713422399,0.3054629983914066,0.30710286521023217,0.2933824592746516,0.3357825707868109,0.3543109773058931,0.388978844862645,0.27621701262275067,0.3042708487422363,0.3305331810053521,0.26618099873796147,0.26676977199069923,0.29481324739967407,0.324026943242383,0.40072983670218915,0.34279277726800583,0.3021093229186171,0.2863380656501549,0.2964553758080536,0.27849280607715865,0.3021431320882491,0.2895494973518286,0.30051027017601467,0.3150960759560861,0.34542088752111727,0.30234173123728525,0.3091507012917359,0.2921974642893532,0.3489005098675118,0.28105851790342556,0.30234379732349903,0.37956086346274265,0.3357772613464191,0.32237412324297043,0.28974440534604834,0.3296826502644021,0.30975252517251084,0.32406326346728775,0.31585681303029844,0.27464127463282395,0.4506520273981794,0.297073459962126,0.3627635896522853,0.2666761433675449,0.29871210010160115,0.3237542415473412,0.34137722632471346,0.3114177558859573,0.2976818682241146,0.26419524671482875,0.379641462652912,0.33760087780647013,0.2542068643305337,0.27522471049491704,0.2456168256728583,0.2861934154216456,0.2883826922426289,0.25494736789418165,0.35099235102519916,0.33521234791332666,0.2654242129891232,0.26209967104769516,0.31840153252667497,0.3143952516072715,0.250513354996748,0.35985336371404436,0.2449070649630473,0.31357335190491964,0.3861271461795333,0.3994302314908358,0.24654448144217578,0.26757303106418545,0.2949338943742382,0.2885427490513872,0.3443754930415748,0.24043845579537484,0.26986399986961446,0.28995284505888075,0.24534001266721306,0.3112197724622774,0.30328003228166067,0.3002213281997121,0.3270621974677111,0.36238988477746625,0.3641229467487985,0.29807200004710965,0.32232253285290613,0.3108398521415141,0.22173288680028072,0.2849764463301863,0.27929957781558085,0.3321341753494043,0.34027070114989777,0.26478852482563303,0.27719737240446357,0.2610039022367318,0.26074582767656196,0.2993906431833673,0.26940722401805856,0.2874976463739699,0.4134870576103728,0.32986959973526814,0.36336741840196907,0.28608744603642106,0.2833222205658011,0.27206777080702765,0.284367437178763,0.30982795788837725,0.28763655956501577,0.3030547449948994,0.2769501004133781,0.266311241652876,0.3302275860082538,0.23983634430752065,0.2566003088594966,0.3977977775311399,0.26745282888115385,0.31802545538551963,0.27257588543185046,0.3372770874046814,0.26654378041188215,0.33821754679096766,0.2609453144947383,0.25024502615303396,0.2591302284058391,0.26491909016208054,0.25237786507817245,0.3293420937529302,0.28609677487878055,0.3541089732834407,0.27800335191034264,0.32820707278207645,0.30255789359740315,0.3091217079148387,0.3566676040719791,0.27481889072150545,0.3313213285857944,0.29269038212362136,0.3035552139647858,0.3575447022921772,0.2610926851389009,0.2201737055357456,0.2690438727974651,0.3210104034216509,0.2972704775234986,0.36719109157984475,0.3093343286789632,0.32586151152243154,0.33447847944433673,0.34407356507929787,0.3487216258487653,0.33731718697739677,0.31834524564963407,0.2835434257959481,0.28492010000232104,0.3175678059812569
0.3136234017651841,0.34432138819484615,0.30885518887833685,0.33264681418154357,0.2544168542567658,0.3444072730335382,0.24493920364537547,0.0,0.3139656256305041,0.31207834217630653,0.3185766111744328,0.3235272436956719,0.3619362550515891,0.27421776796871494,0.31291758707934975,0.35051007928117606,0.322623407679797,0.3122945891920092,0.2993657844543027,0.33222280933336734,0.34013533398683593,0.2993153338387431,0.2518515731600541,0.25561382224524426,0.3500410625934612,0.2633206456909893,0.2842484355651324,0.29419188732215645,0.23294947695543275,0.2599602778700016,0.3996193174183772,0.329468399599852,0.33395625367590426,0.2780934547970268,0.3230199823108927,0.37964944601383266,0.34441810504877657,0.3787456092124962,0.31751594888664386,0.2743465377212904,0.3137803554706346,0.2946008188109764,0.3190969817613274,0.3117551385457607,0.41058883278507907,0.32660252287055763,0.25243009082052953,0.30169961371134146,0.2887247738000681,0.33492256046664354,0.31545992708419157,0.28787504759285293,0.2798958819401979,0.3154997559332616,0.31189879580538055,0.28644881228412317,0.31535144572765184,0.39782105781249055,0.31379805455466725,0.3344950551367138,0.44217870622243344,0.2702707824917025,0.3393562135909832,0.2831959290015308,0.2731305229742681,0.31608723298052005,0.3170020509780819,0.2896753679308178,0.32793038798447993,0.5090104888111224,0.3151959988992556,0.303694826555836,0.2877347859096411,0.36194928141389393,0.4291138149400515,0.2648547832693869,0.3276149870079561,0.2720543654480067,0.33932842133931296,0.21606101156533308,0.28628037902312764,0.308653538429439,0.3201680620716535,0.3771080613653915,0.3195290285406894,0.4031739747278431,0.4183739549009906,0.29517965661874884,0.36203354445640895,0.3251072062269291,0.2993364890694487,0.29977627918166627,0.307401738615685,0.2775467709703418,0.3111475464540444,0.3274003999121266,0.31932026544034386,0.3232918719678362,0.23874288466318316,0.34084378260957027,0.2898034300118529,0.386267302699877,0.2846515518891383,0.3246446637858989,0.3603603860627604,0.3398924445797957,0.35478988927418736,0.34819896957258384,0.2928310261899039,0.3072824209262811,0.2898002285814443,0.2971995471455535,0.3298699124879214,0.33528196540295896,0.3180826016811444,0.30930584420153157,0.30304669467493844,0.2649391023230488,0.2921830849491578,0.2880558063011388,0.2898853483895393,0.3932060438318466,0.26342011728228154,0.3112220227527971,0.25135451956836113,0.30712424563095614,0.27496087684740195,0.3811081791261718,0.3343211916343075,0.29874547434477255,0.3341223207680885,0.3338556697955483,0.33269511863731993,0.28846823454018666,0.3625379384011043,0.25944903793032975,0.2819813638489317,0.2748315159030316,0.30422056408405923,0.34762058695147324,0.326660744070624,0.304947689911854,0.3170246543106665,0.3096509775499417,0.3457423093341476,0.2770823368049447,0.3316382414980879,0.3096067684402723,0.32651272267518605,0.257506185960257,0.3509633504697108,0.3059607108533523,0.3097017498518064,0.2761530039251748,0.4029541397087301,0.3991398486770397,0.2808204287762233,0.35756935184316635,0.24695444530492625,0.26166571414726547,0.2827693673891953,0.2896860257671035,0.27211897317507483,0.30115839968880903
0.382954657423299,0.2940964320967103,0.25437348047745406,0.29710834361885324,0.27903244192674165,0.32818849264856287,0.2588762713422399,0.3139656256305041,0.0,0.2588108438541095,0.26616705072732083,0.28095276983720585,0.2792415194377318,0.3328675524707835,0.2985295540984376,0.2771942723582637,0.2692232853140418,0.3413015724549897,0.27683315673771564,0.33030743426218523,0.29073694694458824,0.32565129181185504,0.23530893996431335,0.2303097622594937,0.30463954864686743,0.2512934143409313,0.27233341294793406,0.26439837680585454,0.2212650189340384,0.3210977283932469,0.3864083097612548,0.30823272119142525,0.3037425397439644,0.2503151365178048,0.34740127846429947,0.3072885435330365,0.28323576476575313,0.3892207540962524,0.2685108171233173,0.24846539756564795,0.2694066494234273,0.37464930474854613,0.27629102076635775,0.3047632399557061,0.2838750525291524,0.2948637722978678,0.2566204838863131,0.25132931174912837,0.26421989861551426,0.3282823631005357,0.30603014472197654,0.28979445322690023,0.31912995972173996,0.27508544408087776,0.2607255980546793,0.379382232022669,0.3254685065057179,0.3205842613623903,0.27996861650052174,0.29029184762659443,0.26574974845363414,0.3630790241887253,0.30352629923498,0.2817033274341773,0.35632236565207454,0.31880656123352075,0.33132107669286637,0.31686005651091564,0.2823705713923329,0.33901937971510293,0.3784993092747848,0.3213113065017809,0.36936557935187736,0.28381835065070454,0.34881212482713847,0.2981695046817815,0.24704181218565194,0.24860790451200618,0.30375575383810094,0.2594140601008821,0.30990217803985215,0.45366117203725453,0.3455490567535096,0.2941477407338863,0.3577469445160112,0.36532167404356586,0.32558525181516423,0.35260889362924613,0.32526982169579877,0.42358386057108327,0.36012189218720597,0.4168204389632172,0.28517345926689264,0.2934578506664509,0.38855998223628563,0.33255845108465104,0.33072753918384556,0.31815988559342795,0.35954457160735204,0.3015420284355922,0.3188505237194571,0.2511588112986714,0.3466759877077258,0.2827178714688931,0.4153976337843729,0.2983745584746692,0.2682898617706245,0.2916212197930413,0.25961511248922625,0.24382286999158315,0.25903404602585073,0.3715202710580639,0.3680923899589021,0.41211288862755946,0.3142882550828,0.30316664597054366,0.31235199848161765,0.2554380952266181,0.23687890928156027,0.37682101626204473,0.32516302533607633,0.3313912493069452,0.29778538650524994,0.3171804303828222,0.42554054684527876,0.2567138864099726,0.3348681854737896,0.2632769345704528,0.254861002161594,0.3052691946528414,0.42591268635836316,0.3441468647147554,0.3153851598857596,0.44636743231838666,0.2869002308439614,0.31051460899620564,0.263984125751846,0.2753875392546888,0.26262958798594155,0.351664882327863,0.3162566473271182,0.33582701782795077,0.3572092421202454,0.38559513971090964,0.30979539614939566,0.3198747895285075,0.3984759184365338,0.27863860231174725,0.2925518720412025,0.2641288405874312,0.36874132942965493,0.3175819546770891,0.28524422910874203,0.24719442492886562,0.3221901588802862,0.3614494758748071,0.25928894552505494,0.3064659461208814,0.3030576695880893,0.298876895902378,0.25231014394779705,0.38509972206622817,0.37105510515164253,0.3523248163985441
0.30427957389985333,0.42873687525243853,0.3643898177212692,0.31654075469277293,0.2870336520149772,0.3062776669782122,0.3054629983914066,0.31207834217630653,0.2588108438541095,0.0,0.29397639738734066,0.30319168554749326,0.3358308477262211,0.3272266346439133,0.29766141148918435,0.31646331207674694,0.3231858235779543,0.35218162566418004,0.268736445355774,0.29066585430439534,0.29200124635249175,0.31424545953073,0.3094730173822221,0.26695060234611,0.3995484460980727,0.24228047329326485,0.27831725101685173,0.28294145285646,0.3964740936305974,0.25274858834831865,0.3246730427469428,0.3284133935345389,0.281376297436603,0.26344499181394404,0.3265862164489411,0.32039137672329726,0.3269976924024477,0.3052937175447785,0.2664266916159324,0.30272011004602706,0.2814987033325838,0.3149551415729393,0.26870478088437133,0.29836760505043686,0.3172250073408527,0.30258945206691734,0.2702307558332321,0.2940737718665369,0.3595485778455275,0.2764590914806278,0.2911783996506653,0.26103284070546506,0.2822446406391168,0.3281662340246088,0.35770939334463825,0.3175773530054432,0.2787175857346902,0.2756487564109737,0.36221310081569696,0.3236141671583886,0.31118341156501117,0.2534481908025017,0.2424864686665507,0.2840535531381025,0.2730565296466495,0.2683613355675273,0.2962517591872027,0.2854909905850839,0.3038011085134671,0.3203744245335366,0.27218953764931564,0.3495313562768536,0.2536567467085796,0.3336857473389855,0.30717895990656746,0.3001739779462812,0.2777599031920431,0.35424331477016957,0.24789599572580562,0.24918430567928915,0.299764931407289,0.26514112230479453,0.34241361485719124,0.3035057729018098,0.2850870499766871,0.3193590854569009,0.26889509115622084,0.29353083506598665,0.3321200976897697,0.28566326469307673,0.28328883863850035,0.3024179917630907,0.34366870257866833,0.26257827330292366,0.31710565471870356,0.36219599437548017,0.22176408231645353,0.308882208168242,0.2627560081001605,0.3278106414272099,0.32131328921420976,0.2699190763850744,0.2575418593907041,0.3764100392167661,0.2732996158965612,0.2874990081257727,0.2897663124099272,0.3651624025827924,0.32439267150960716,0.3443959700869142,0.283016285540794,0.2741553714216186,0.29820233346428976,0.31210537577781833,0.28430129414792826,0.30362805730047737,0.3008417276750685,0.34865803286954017,0.320308662098201,0.30248166095668955,0.2902245236043222,0.25608719999265867,0.25498002094423977,0.32199702275321124,0.2561841785587407,0.3809038322458001,0.27266017520698543,0.3000700379051934,0.3840438609370459,0.3152223710235949,0.3418925630409417,0.26976426882724314,0.27755003024794656,0.25410782487376443,0.2881579162310575,0.2747299263366239,0.2903509095509845,0.30173925037102695,0.306684269441791,0.3044622035321595,0.30595201843663805,0.35178991595948533,0.3398459698209277,0.2736680296439667,0.3327698212982206,0.27352704792441046,0.2587860470986191,0.3622189731544218,0.4312249346360733,0.26205324800645674,0.2508132397867317,0.34214650825407195,0.27979864874385246,0.33260186010282744,0.32833464626511266,0.31967295018765446,0.26054750777035107,0.3517952791891494,0.2939779706960186,0.2930113213232914,0.36547615791804117,0.30988194302249933,0.2819521685885308,0.2817468305089343
0.3473301745569455,0.34357425274871667,0.36825578219571864,0.34864628345038357,0.30387993725318574,0.35914725712992823,0.30710286521023217,0.3185766111744328,0.26616705072732083,0.29397639738734066,0.0,0.38980568486034406,0.4265548398456383,0.2833371878709369,0.34347184896010224,0.45970348226931756,0.38133303074402164,0.3485880191083591,0.3195067874830536,0.3212905272243938,0.35768900396791226,0.40984620802308697,0.27843375137450743,0.33569496578405666,0.3637510234262607,0.30454018435752994,0.3099347160416061,0.329624760418683,0.3054603185728394,0.30669075198302886,0.3228199338202147,0.37640371853245486,0.3316811997688805,0.27224764012003316,0.31312990449682854,0.3608574436851866,0.40797572744901384,0.34303544045439605,0.38835721338520907,0.3161658218107258,0.3223467974061325,0.30066681668543943,0.32210604044626334,0.3813251667476202,0.34504684991996243,0.33169916202357685,0.23740373861590586,0.4219817705596999,0.3452241062206718,0.32054460977303867,0.3700758880970769,0.2903231311439312,0.2611165446620496,0.41198734785722735,0.43495922372851237,0.24690879633790064,0.35014006027707717,0.4163017392444313,0.31631870982318505,0.36266226347520214,0.3508439523275411,0.245875423134103,0.330225004560504,0.26615748731591354,0.24986033688934542,0.2934977698374261,0.32648188295364544,0.3071608625410446,0.3272439530506564,0.3331380919352379,0.32895725009887056,0.28130315597383027,0.2813814303670606,0.4175423760286577,0.3756311199476746,0.2724402296397546,0.3933083345993323,0.3318857395054086,0.2750068257013664,0.24478898172181293,0.2855654426766926,0.27017289878723816,0.32069033175049144,0.3270030892215346,0.27696558012914546,0.32556178242211625,0.2934067715505444,0.2826063618805308,0.3067478935853359,0.2898100897725991,0.37113349966479425,0.25117692857349605,0.42908296079438446,0.3088738929074009,0.2792045874577966,0.33421335277296965,0.24552205461771048,0.25074125015967635,0.22236434778645003,0.30581050844855723,0.32484962222110464,0.314447764852024,0.25431227150344865,0.26883626672048727,0.3075205633174899,0.3105322850112424,0.32175085350725746,0.30004966578874465,0.3113920926294511,0.38231494708206404,0.3876629132026756,0.2805419437034975,0.2970144570171167,0.3034544597392578,0.3208155411745478,0.3318977715724665,0.2720689713281903,0.33276222330049554,0.3300334747951636,0.2589646566133126,0.3396669380963449,0.2463152445575762,0.2597299618558877,0.37583413874741034,0.23754973487564413,0.40947484995834815,0.2366906304151938,0.3825732447975083,0.32149491303344446,0.29957978648743533,0.26010701625618793,0.345967714107945,0.3164690756226369,0.27561600687791055,0.39564139289349576,0.27583769088425186,0.3068722736601824,0.28959685874302415,0.31633454944627554,0.3429026974732641,0.32279949116679574,0.3274226431870416,0.2771701971918816,0.28533769861798075,0.3871457066644661,0.24411786042248293,0.3104812822913046,0.3191406619524094,0.28939707806657594,0.25943622172988823,0.34423256745449476,0.27783874681831555,0.40792420256780526,0.29878576327312456,0.33696260508267745,0.3535141114982323,0.357432164103073,0.36297063379203903,0.2843119308267338,0.2913943854946403,0.26631362436198025,0.274242683462892,0.2266327574792326,0.39698388889814135
0.32949722979025653,0.3485565615809538,0.33641467322765034,0.3033490535183699,0.2638337235126591,0.3737066058018463,0.2933824592746516,0.3235272436956719,0.28095276983720585,0.30319168554749326,0.38980568486034406,0.0,0.308986102839903,0.22335406783240377,0.31221485004926947,0.37339928859119337,0.3432892270679255,0.28597429863077717,0.404698414453111,0.33338109374240316,0.4122038578626602,0.3386288936456671,0.2662792566391606,0.32405226748228194,0.412460108128622,0.2549639642188791,0.26604443302575337,0.2791169495264166,0.2749386941126842,0.3307229008582094,0.35637591844508065,0.37777320894562494,0.3021688416698547,0.3126721512543451,0.281650454967529,0.3412009706837236,0.33788856999527167,0.3249971835407793,0.41163394382178276,0.2889714052550323,0.3204660273037977,0.3016968888242962,0.3345761448616491,0.3454362577516199,0.3144316538210413,0.33168986162177366,0.28472001671416897,0.3533264950819164,0.31792521687934827,0.3389132240051128,0.37793208597662564,0.31110492925975414,0.26031374538370256,0.3613471024195791,0.39689342935607586,0.2685617527353973,0.3919859078574114,0.40195347363681,0.2695313271195157,0.33592741547609484,0.2834922667151439,0.2533853890217741,0.3238329444054277,0.2596489892496101,0.27179400705661133,0.31547148024710575,0.26337845245230784,0.27028683029698886,0.2620458934400356,0.290200777886062,0.30012342291493177,0.25485504614399396,0.2573846880742131,0.3450291664986138,0.34918355030533227,0.2753759547307727,0.3112869878670364,0.30202717160503817,0.2749363347410838,0.24305666741341841,0.29059879827486046,0.3009192475556864,0.3279476026342833,0.27059320764303396,0.3041546178589378,0.3386596850069922,0.26680520691716075,0.28176982300123704,0.34270384411448646,0.29504314368698187,0.3166809050157525,0.28363104428148284,0.36899365358519826,0.3277671412933065,0.26073922344854567,0.36952943240916775,0.25515586233472365,0.29537065353092173,0.22398560917638632,0.2899726176693798,0.2725076750897579,0.31046415224337376,0.2823888449699279,0.36027574268087054,0.2955954380125689,0.32060658302531736,0.36454310795411143,0.29606357552909857,0.2950942949907816,0.3974543130402147,0.4394499676634714,0.30615045073940006,0.2824027752513997,0.30254123777898545,0.293774086458203,0.3139104907516243,0.29660163882273727,0.3937968009697308,0.3292548192530564,0.23897684088787327,0.28717897970809503,0.24780132580916375,0.2647505659417624,0.3542077573221172,0.22720855393011427,0.40646299343666253,0.252372763864591,0.34310304047553114,0.3463377608049382,0.26393796085083165,0.2768885867091964,0.3237501553088547,0.2565089501283474,0.2876898596207682,0.3585978412638874,0.2581810873417619,0.34177928212432973,0.2720730249986322,0.281896299449135,0.3774246103622465,0.25986852716322784,0.3066800185369592,0.29996639935271124,0.2922592746078762,0.35152131204563103,0.28941457382333446,0.38148631121971605,0.3092980983919396,0.36522443309540986,0.2705044650479121,0.33809692953712744,0.2977491814153302,0.3529581731629407,0.2921560248677139,0.4252222600904366,0.3025217086665719,0.31035816588136556,0.357108280196259,0.23252515624781425,0.2876819729435924,0.23266672539310068,0.26852483852202563,0.2457244630998127,0.3344703737151197
