0,1,2,3,4,5,6,7,8,9,10,11,12,13,14,15,16,17,18,19,20,21,22,23,24,25,26,27,28,29,30,31,32,33,34,35,36,37,38,39,40,41,42,43,44,45,46,47,48,49,50,51,52,53,54,55,56,57,58,59,60,61,62,63,64,65,66,67,68,69,70,71,72,73,74,75,76,77,78,79,80,81,82,83,84,85,86,87,88,89,90,91,92,93,94,95,96,97,98,99,100,101,102,103,104,105,106,107,108,109,110,111,112,113,114,115,116,117,118,119,120,121,122,123,124,125,126,127,128,129,130,131,132,133,134,135,136,137,138,139,140,141,142,143,144,145,146,147,148,149,150,151,152,153,154,155,156,157,158,159,160,161,162,163
0.0,0.8962308823036519,0.8756982779244905,0.8735939475316515,0.8958111437451395,0.8375579035509347,0.8069140089315393,0.84952220143597,0.8901554092870511,0.8875288839059078,0.9595590316128494,0.8599380080626448,0.9340487759190259,0.879924447261467,0.7947420102100173,0.9209358744228598,0.923662231306457,0.9750378297406466,0.8622122303461277,0.9490482695184511,0.8764030788370717,0.9098913774180711,0.8966819544081062,0.7963379044674136,0.942440973351665,0.7690248417533085,0.891707098135145,0.8990277775135382,0.8815683489326676,0.8787397416626218,0.790956923641099,0.9110011004746408,0.8066665694993627,0.7540445194092542,0.9527159777301525,0.8776682767053281,0.8904444570690099,0.9234917780489932,0.729667226975883,0.9264507120566944,0.8085589954616849,0.902940699858811,0.8657659063400535,0.8209837578499863,0.8386594908792788,0.8143439774904736,0.7936350576651977,0.8613471052122795,0.9240466560943598,0.9475209286056897,0.8815270448032916,0.8511060482288747,0.8705338457931108,0.8173389546808936,0.8855728617910124,0.8437089056515498,0.9448216699164845,0.9132765597388699,0.8823851422118597,0.9055177600403334,0.801304506749793,0.75230044549838,0.9177037499542676,0.8851958445685429,0.8373409844803519,0.795618999551177,0.7833247518858637,0.7800017505236897,0.8969186650229612,0.8975518918085829,0.8487899189954555,0.8912034508279653,0.9112707656995702,0.9063958868063534,0.8829126153141243,0.7688976208048383,0.8210055753026929,0.8182500346809584,0.7177361458411584,0.6455674882852354,0.7876190156625479,0.8476872916204119,0.8509565488676577,0.8374194228441343,0.9299803498837639,0.8999335838912287,0.8702157105506917,0.8742266847676305,0.845891112430188,0.7242917443480621,0.9560350027392913,0.7731577129277842,0.9516078314876701,0.843621681670117,0.9189380733201874,0.7862172341496563,0.6842945440126567,0.7720359194514221,0.8261588278912676,0.7950289754142537,0.7535723397024245,0.7572299474527207,0.7625311656338555,0.7787246333806085,0.9432086079695549,0.8197446906130855,0.7798630387239741,0.8719608453092709,0.829196978721528,0.8069343517132045,0.8262510216619111,0.9443435294605377,0.8545412390614001,0.8484263276461488,0.8952852344559322,0.9091541875886671,0.8853309483773955,0.9317205239265852,0.8571021121204095,0.817306774332907,0.9245497644652628,0.7543496343960675,0.8722139665786465,0.7999322481383251,0.8667431160848896,0.7695828180123285,0.7987632179675942,0.7713007235778324,0.8405856936674826,0.8685172380299243,0.8362292236117229,0.8536376332078957,0.8359319856916955,0.8557557310042943,0.8108764393165765,0.7777569606069142,0.8030252526560725,0.8725807994554508,0.91947750675428,0.8482563236501981,0.8112333553535738,0.9004129378910282,0.8798236330165745,0.8806601062313149,0.8698567969066894,0.8277271059084911,0.8337574884153334,0.6953156429260638,0.9220251025714827,0.7720606895750388,0.8664460683451645,0.8756165120093424,0.9359058768378709,0.8137035869932155,0.8189073222866389,0.824363422208968,0.890319585210426,0.789615268180603,0.88829356858458,0.8602961813967194,0.7483532913598928,0.9299509256619001,0.9087612735456787,0.9563553745483345
0.8962308823036519,0.0,0.8497206202784706,0.9016194651594649,0.8298762135504115,0.9123712683293731,0.7776386061213779,0.8249482456914162,0.8551091441611941,0.8170308538683185,0.8910723652661742,0.8883794436024351,0.8558447375184913,0.8410863696293366,0.7863388361489175,0.8419653536761295,0.8713000132640173,0.8351545618791946,0.8827851885004973,0.8818548835717671,0.8847474155381714,0.9007405956366681,0.7775350655243658,0.8069678611697443,0.829069241688991,0.6966835893636183,0.7873126742636467,0.832009267610712,0.8803728501098853,0.7982929088176974,0.7870013273162202,0.8590251818114175,0.8852415620214426,0.7266215680580607,0.8876132006091045,0.8884600022089344,0.7859591175925209,0.8418742993610873,0.7943311880611619,0.8781458305550202,0.8708883685546533,0.8622445575773582,0.7437554390143682,0.8143500791520386,0.7930755791146357,0.7739907752834232,0.7368871409438346,0.8020041024346692,0.8132417769784828,0.9081526837652201,0.8671272245721751,0.8615788204559646,0.9639748633897435,0.9065144954287532,0.8689156095730075,0.8780531139954064,0.9186800278067985,0.8685621127013898,0.8117102295028115,0.9226616855456641,0.8542046694158532,0.7736486338480272,0.870921818731084,0.8189914308924937,0.8386588358068165,0.7824245796772147,0.7803412100871517,0.7007170495204992,0.754455373411614,0.7865563977320714,0.8270521739590576,0.8122564529458961,0.8558723889053407,0.872426319249293,0.871519470727478,0.7226295301481951,0.7959108807719127,0.779774325751469,0.6695651670463945,0.668953489586792,0.8306734548929826,0.8800975956860185,0.8449064746541018,0.7862713416416622,0.883345760023936,0.8754013196281734,0.789045723115419,0.769736713725065,0.7849259711308676,0.8231010506936525,0.8575637819818566,0.8176698706726221,0.9141507371943541,0.8840760550693693,0.9112043643618477,0.7707072457093089,0.791364992265876,0.7577236576636749,0.8151576918199128,0.7961058190055046,0.7598911270474419,0.7079516817088122,0.6835230085133754,0.701444919975376,0.8964079166108319,0.7607685846862375,0.7942853123227431,0.7808667447218666,0.8006983223189912,0.8281027606521482,0.8419143700490511,0.8633433909608773,0.8430582500498212,0.787747525120869,0.844502247983967,0.8875204674084646,0.8457535530663935,0.8054095762166645,0.8352394148187361,0.7835379257813194,0.8830129924087644,0.7078528421399328,0.836070517316556,0.8153098285444252,0.856719795500308,0.7774667062731339,0.8303367834439076,0.7890482766303631,0.8377054014586597,0.7724611509410283,0.7952646728526848,0.8655988097387527,0.7874043289791018,0.9365954305113855,0.8320112832612551,0.7741494525784088,0.7367524600592499,0.806242461149276,0.7909376192187804,0.8035511339910125,0.7719187210405268,0.8795962832211601,0.93746517379428,0.8975242870334496,0.822347269097476,0.7177340597418137,0.8818257235949358,0.734172538506045,0.8153889507662897,0.7846818459824043,0.8283016758952859,0.8830466905419622,0.9221777100987569,0.7749444635661362,0.7891068155884713,0.7818756045972047,0.8647040851306825,0.7851673416864192,0.8631532210253186,0.8046782372396752,0.6798941174237223,0.8816211327329039,0.895429252951178,0.9056160670620458
0.8756982779244905,0.8497206202784706,0.0,0.8505223183766659,0.8761240622785063,0.9059273041089709,0.7116077613404891,0.841153330677446,0.820733593375921,0.8592133236144152,0.9077555838694865,0.7886504119454558,0.9059296169416293,0.8141620804528106,0.6935617435804576,0.912166359589335,0.9248242378608833,0.8770213112590219,0.7763629788868283,0.8254799327080155,0.8952047237769649,0.9262876903701102,0.7583731476401129,0.7326378695597578,0.8212708860295853,0.7542042917881929,0.8084533743206674,0.8299082340622529,0.8050116469771711,0.8200650712825697,0.6506207086362477,0.8467210472200746,0.762806106937265,0.6625900416980088,0.7914185328957434,0.8117806038380941,0.7858168982203795,0.8514600614096165,0.6547531230828506,0.8567492150027486,0.7685462309108736,0.942904235696634,0.7736119638249265,0.7353574720086952,0.7551257053240229,0.7423427681401785,0.7843411904246,0.7900977842120476,0.7695770987450823,0.8784703884943281,0.830884664372962,0.8774894053667291,0.8291080452262515,0.8087763166051275,0.7749824724586706,0.8524363683332203,0.8512170633090738,0.9255066482702847,0.7970637185185359,0.8134589050739435,0.8077824741362185,0.7477892042214509,0.9479857227744062,0.800525437664047,0.7572191536094274,0.7535387298680096,0.7345740775594284,0.7772357092428126,0.8712369466213468,0.8579052434253043,0.8221601957563158,0.7206876216990536,0.895385728507744,0.9053042913312856,0.9046669892980117,0.6146281743973901,0.8000235872731536,0.7874665984645688,0.6519116082652144,0.618838439785776,0.8889280710114356,0.8125586411870654,0.8249435510415816,0.8168159163017559,0.8720256248171734,0.8587460106642917,0.8106327412291465,0.7553412098718872,0.7360241849108499,0.6792767092315348,0.9255191601159956,0.6833073891351445,0.8393140717176285,0.73201789275774,0.8892604810896096,0.7131878557839273,0.6903692112917738,0.7344980522412539,0.7371897416526466,0.74617627709273,0.6091117104003364,0.727193259566201,0.6877138600993147,0.6937685453822433,0.8597618712500005,0.8142635765530412,0.7918966261468395,0.840382210152338,0.7621544635785177,0.7738687162487247,0.762745536038889,0.8442371729696592,0.8570434404520885,0.8146073692019852,0.7957722544379925,0.9125004819905939,0.7731398596675201,0.7810051115112262,0.9098281663465095,0.7941556047091033,0.8348752709043629,0.744666066953345,0.8061913514582076,0.7310526685585246,0.7275964368302539,0.6880198300765602,0.833630730303632,0.729828738344935,0.808302501627522,0.7585605212770005,0.8354679957490303,0.9710777022658278,0.7254168307967587,0.8011908355177211,0.7399365305175867,0.6825220711636135,0.6864423215615972,0.7288168753288851,0.8060079457570819,0.7103325884754511,0.6958733394326805,0.8562861318920602,0.8254230781649882,0.8768382277296723,0.7639688492424365,0.7463340992863353,0.8291747161066829,0.7058377400041431,0.8367305190027968,0.7779960443859708,0.7182268121809008,0.7408214448276748,0.8869670008734244,0.8375494789061472,0.7782484287065161,0.7286487152793125,0.794263517980768,0.8156780056633957,0.7165021397393757,0.7785520193345447,0.7599842357267509,0.7574528256822063,0.8250619289996161,0.8768720268788448
0.8735939475316515,0.9016194651594649,0.8505223183766659,0.0,0.778005374576857,0.9076885686464862,0.8180540972252751,0.876584872193234,0.7830999913735688,0.8473344612241798,0.8720933472403828,0.8852824711613981,0.8820702102724802,0.7823830590612306,0.7892786561114072,0.8293858594115272,0.8543482098543984,0.8281390834438308,0.888762758019864,0.8321348280635668,0.8973885510350017,0.8584783628501615,0.7985615954867652,0.8027179405867421,0.86308856654695,0.7408939811077295,0.77685488269559,0.8400557184374944,0.7828695618587893,0.7555690866784657,0.7669408266684822,0.8863294252976652,0.9014540841003569,0.7655463009892517,0.8174900848910263,0.8469301520930123,0.8204822674047625,0.774475228404458,0.76264399045581,0.8955778592556672,0.8081621391732601,0.8389598543581629,0.7833719195545124,0.7970648896507841,0.8318515394505308,0.820386774463653,0.7185036678994234,0.8006155225003043,0.831228296508253,0.8732343282577827,0.9233554843999477,0.8642291898819835,0.8768641582893195,0.9308380612239332,0.884562744081137,0.8206233198819765,0.8997891777713191,0.8602411567235342,0.8421566440559205,0.8888656919085328,0.9222578903785549,0.7498111372952543,0.8968049298102734,0.7491469068061963,0.8307786975760973,0.8465053103791135,0.8494292064183635,0.7400906438206306,0.7579116781532798,0.8224739175302186,0.8332975113630149,0.7460272729530505,0.8666073404840637,0.9402873116767243,0.8394649398273457,0.7278909258420939,0.88047558267088,0.7621350885187775,0.6870217635023487,0.6369135510781301,0.8103749932074799,0.8936451384284214,0.7908886733231917,0.755605978205019,0.8925606442115693,0.8164871947111091,0.8553808636287046,0.8096161673392355,0.8242185064622344,0.7699748489952261,0.8482934539561191,0.8116151361952892,0.8630818101216586,0.868207104738544,0.8877109920041137,0.7544736643966387,0.7808622746275012,0.7695656067613128,0.7236642742643684,0.8600784397735948,0.697101405132639,0.8200001743135988,0.7677006116662006,0.7282622446818148,0.8750977304257532,0.7820517211296837,0.8604809092111042,0.7702706525903615,0.8147093789878701,0.8295348232507285,0.8985690589729227,0.8383774540474128,0.9014331151720497,0.7598700909650654,0.8293556337783574,0.8514592918184098,0.8350404536688997,0.805291880007801,0.8742647270226649,0.733449386064913,0.7854544998739252,0.7697678125340589,0.7975817720034154,0.8308725452098729,0.7357198268495792,0.7814803651684802,0.8361221629672261,0.7868241965624868,0.8223575748145553,0.7475403094034807,0.7321674251853182,0.8471443873537022,0.7705189456927298,0.8262355969944263,0.8161359682704284,0.6921624625449533,0.685459120990649,0.7686718355264639,0.7925272605229979,0.7936666493854023,0.8114075690846405,0.8047722419046581,0.9296619898723144,0.8590128828078494,0.785184621332497,0.7585661491754008,0.8057918508395612,0.7534427931832417,0.791725038346938,0.6867387046599378,0.8497871691966015,0.8027738567164976,0.8781231360605923,0.7890539073005896,0.8333639769412171,0.8239668359224033,0.8672439097822346,0.8345146161223403,0.8375403779328964,0.8453295172335777,0.7226204271151317,0.7930897960724187,0.8548695381387789,0.84987611156654
0.8958111437451395,0.8298762135504115,0.8761240622785063,0.778005374576857,0.0,0.7971596655967352,0.7899060346769609,0.7288450357208518,0.8460694568449548,0.8054025683333614,0.903275048100692,0.7907011689471338,0.829388176588516,0.8072197419724769,0.7914901641167847,0.8619305982993386,0.8417797983694121,0.8852334675323005,0.7563170156131813,0.807854610845202,0.8304235030530003,0.9157459820943487,0.7791834324268886,0.7601947291040443,0.8115900769925318,0.7325142364160683,0.7933365651781485,0.7605369728889179,0.8694785534236308,0.8687010843040325,0.722276706368858,0.8113713844298474,0.7714907646244181,0.6345233112226386,0.8456500756944075,0.7984379990736407,0.82166494760137,0.8505374828067267,0.7119486377262527,0.8413895590944821,0.7835119031675254,0.8756030685047885,0.8105574753034932,0.8184850446248153,0.7089025465622286,0.7150565807190868,0.8163411882361864,0.8476684276233097,0.8245505465321687,0.8749356717662913,0.8299181697818542,0.800843404908742,0.8189744569791292,0.7692227589696952,0.8092499516929746,0.8028503059473892,0.8390333642631275,0.875817443112023,0.7871750896442116,0.7905983292091484,0.6947395031592668,0.7226101427604326,0.861855580828038,0.7989074351388192,0.7926234685823859,0.6900294245280538,0.6889423528731916,0.8230110263784901,0.831346815192037,0.8092250888507704,0.8430299302590677,0.7946654552608383,0.7991425627007865,0.8224826384519478,0.7982713216030566,0.6698347646236952,0.7626983644887115,0.8758028890790468,0.6305652012272343,0.6652097061730272,0.8024568599269954,0.8027999105164135,0.9208873511458808,0.7337717963840299,0.8029927827502452,0.8035482804127718,0.7493077700010818,0.7866228833857737,0.6992996240025854,0.6749472829183543,0.9372852582298228,0.7151731252430555,0.9171337392967606,0.7330193717634294,0.8627415771265688,0.7965200604147175,0.6307090868099446,0.6681496997156131,0.7842702978561622,0.6758152618792596,0.6917071685082944,0.6774458917768609,0.6799532202948292,0.7115088584428044,0.8229528826505036,0.7484393185524536,0.6881357112354338,0.7634776755513398,0.7751052577847584,0.7563328296245656,0.7567159889032434,0.8535414916688525,0.757092078279557,0.7678925937677553,0.7772602277887786,0.8367484823712,0.7420437165680418,0.8627765278552638,0.7890368573209955,0.7573598519401847,0.9423718855669618,0.6968850466412664,0.7548275525712532,0.7880639489140621,0.8249264382011313,0.7321549800208872,0.7356207424067002,0.7379777102676501,0.7317134369936902,0.8319021065358556,0.7829140813896414,0.8401069477832825,0.7196775702195374,0.8092328812397892,0.7357825417136693,0.8115650024600907,0.7498922274341663,0.8226862270798078,0.7849111291591752,0.7892191051833448,0.7439694690909809,0.853154180457372,0.7997945705242833,0.8330917754923326,0.8274046357890985,0.7447584715793406,0.8739346289398372,0.7149189790769391,0.8086146174300254,0.7168409578577405,0.7434318317700407,0.828540516032159,0.8549988818152301,0.8142478764210777,0.7434462522673817,0.7439999722697509,0.7955724923049591,0.7753773264086088,0.8046698534005052,0.7835691654212725,0.7098737533932119,0.82611006888838,0.8408494483146152,0.9260517201423022
0.8375579035509347,0.9123712683293731,0.9059273041089709,0.9076885686464862,0.7971596655967352,0.0,0.7260726273015156,0.8762532050421699,0.791412739331484,0.829968730138536,0.8832276709606511,0.8550248779886201,0.8977496598953811,0.796401194048427,0.7040396386645261,0.8859829320322747,0.8834608206546372,0.7906904712908457,0.8205077875239282,0.7987678495399363,0.8754938819440469,0.8629561949836636,0.7345186927148027,0.7491400501791308,0.8035733894692086,0.7352707649070408,0.7779981462973607,0.8234642762456709,0.8362859965927166,0.7963591025290693,0.7032251880874548,0.8665543784493949,0.8554681039188748,0.7057250119286997,0.7746350985343992,0.8248930869288786,0.7954043150437812,0.8125776209212353,0.726776775562694,0.8440692965575218,0.8015511998081623,0.8618168795223478,0.7257402998268153,0.7600510862675411,0.7743787747100286,0.7625613246303834,0.7309695327162633,0.7879438260081397,0.7529453421444395,0.8368147237307003,0.8475324757378415,0.8736110937860377,0.8595053766888427,0.8699787002765567,0.8281969995113145,0.8906960218457955,0.8577095957109422,0.9109071093674838,0.7418209184907955,0.8627173510092953,0.9014904239361567,0.7915507100011425,0.9077038061734235,0.7416463526028729,0.7331120909903305,0.769838645965101,0.7727597273988892,0.7267308622941915,0.7528144069614042,0.819195773344318,0.806232282421719,0.7133991254075451,0.8405178347346078,0.8920883665300942,0.8901556994185023,0.6698697445581578,0.8375924403419344,0.8023060504351764,0.6659954824416008,0.7141780504351668,0.916627530326771,0.8088721621348083,0.8530077105027467,0.8288148305863288,0.8587111874725477,0.8487102623206937,0.8368754039869222,0.7266066365820633,0.791517516801576,0.7953131721461989,0.8503893015142967,0.7326566346018563,0.8459485024526718,0.8074908375997739,0.8525613218047693,0.7543536831921027,0.7573693348737448,0.7396219729138156,0.7323008755835465,0.7958392008209527,0.6781298237295957,0.750254785975805,0.6652370608631535,0.6651899929611351,0.8490320577285175,0.7981089426049933,0.8252246682198765,0.7855595547853809,0.7694319798750004,0.8001439738402097,0.8073576009522665,0.7969524185438999,0.8770990216405882,0.8011991994025088,0.8221044500076328,0.9083166194351444,0.8004112645295219,0.7418156153196538,0.8680968874489359,0.7893485874590807,0.802206072197369,0.782830476485181,0.7944422263530747,0.8057561615792072,0.7252786372710386,0.7758371684364915,0.839870033338478,0.805512130086749,0.8287946928173904,0.714852106755811,0.8004149491172975,0.9363180194163407,0.799637833571043,0.8485451353494332,0.7512646000354681,0.6666437494031908,0.6961420684464409,0.718659825605007,0.7419507785825459,0.7409745484154798,0.7347855540155847,0.8593339932873849,0.8581445740917122,0.8402358380971828,0.7809311194256099,0.6924169879309098,0.8299613254556174,0.8061999940367901,0.7782373124335589,0.7843027176782502,0.7568588150227816,0.7895445950454558,0.8531807582901434,0.7720858997713889,0.7967981760518875,0.7538838828366481,0.8392115787289154,0.877210160144277,0.759454350409193,0.8214650184669448,0.7101292963251766,0.7844061115209974,0.8370023174465626,0.8475912792152291
0.8069140089315393,0.7776386061213779,0.7116077613404891,0.8180540972252751,0.7899060346769609,0.7260726273015156,0.0,0.6683338987845534,0.6715305429102718,0.812967686848619,0.7606058629644966,0.7958657855968433,0.7885744833475763,0.739736699260778,0.848793780123291,0.731441693409985,0.7234951258569604,0.760667519076451,0.7530018628562773,0.734001253005766,0.7803662658813157,0.7455356585770636,0.8071755719802916,0.8071424444262689,0.8189134728287457,0.754277829122006,0.6941153231276689,0.7008473814864117,0.767044421043928,0.6951445827956667,0.7889356890063752,0.8619801092775259,0.806045579710531,0.7570431812514771,0.7832012167989686,0.7800504920102618,0.8598728366142068,0.6640466978238581,0.7493339774218654,0.880744109051761,0.7124049824400456,0.7203910391154915,0.8110491603942872,0.8542664403728015,0.7780697106634513,0.8044573460777987,0.7952776864547619,0.8367280688457341,0.904240005800639,0.8063770499419703,0.91643552653841,0.738948564140948,0.7602385507582184,0.8205709174625628,0.9010601575234034,0.7641883154995097,0.796871727074732,0.704039509397975,0.8815460214145877,0.8134409308405843,0.7244433264238501,0.7341915967284204,0.7350454060014975,0.7179259653816523,0.8391874784919598,0.7887619559770439,0.8562164642263872,0.8390501398746053,0.6884672105511378,0.6764888404454926,0.8244193377496694,0.78963241574146,0.749237363979668,0.8451379145360631,0.6478520508973141,0.8554021179360348,0.8773595976977911,0.8592091168683285,0.6243689082622189,0.6935859636116903,0.6968272906092323,0.7964929676995045,0.7810669171204638,0.6067895067381597,0.7779293283729705,0.6596807961650676,0.7265198344054485,0.8814279689526215,0.7739145677196554,0.7055310525968117,0.7788394837861322,0.8605259864865588,0.856544704610549,0.8235723278912984,0.8018955643057374,0.7949778840029723,0.6484812937544197,0.6970762571545688,0.7287063637094537,0.8194001713870016,0.7752285689285061,0.7801746604064355,0.815232691287167,0.6983736164693506,0.7559621649534427,0.7252629425346238,0.7568510492504144,0.653210681210361,0.8773928042550428,0.8302460732828792,0.9027462517674156,0.789598116113674,0.8103609587477114,0.6322412111232656,0.7435932048758287,0.6985356448665975,0.7569763304872731,0.8712212709028065,0.7605607462835677,0.6375749553742481,0.7836534498051632,0.643108035592413,0.7213657238544059,0.8857296412530511,0.7255756070604582,0.7996159294828117,0.7518480121383732,0.785381336465857,0.7197990144520429,0.8041409356651968,0.6095586802068929,0.6707803486862806,0.6810727508371999,0.6799616176227407,0.7454103856808596,0.7708110021023896,0.6964211504901678,0.837148230290353,0.7281676551160992,0.7815923990722301,0.7777540579558121,0.7635688370313927,0.854674520184015,0.7390456475707499,0.8234197690526825,0.814485128839914,0.7190316215874222,0.7690628283290603,0.7262016414412287,0.5721954061445117,0.7920047855419136,0.7624237620787833,0.7325464052085421,0.8505534916722228,0.7365627604442344,0.8035964663447446,0.7963283407658158,0.7818737066043816,0.8641772701317212,0.8762869361860741,0.7653134902211688,0.7576421476795439,0.797760570069539,0.7570466137761159
0.84952220143597,0.8249482456914162,0.841153330677446,0.876584872193234,0.7288450357208518,0.8762532050421699,0.6683338987845534,0.0,0.8025359794645068,0.7888996269586973,0.8649804845860564,0.8492738124578225,0.8872370562302877,0.7597940402824719,0.7133420237460752,0.8730496683054021,0.8495564210044028,0.8182042119147741,0.8386805133757398,0.8565703143787808,0.8365774419627375,0.810404342206036,0.7612797285158762,0.7277449715758957,0.8414160815684855,0.7526167582532679,0.8087701160482923,0.8469596961830934,0.7528394344353324,0.7779588986673152,0.7589951882937633,0.838458200321853,0.8159443666270574,0.745299282382205,0.7942107481619972,0.8300767745394947,0.8170432525926352,0.8572098822644636,0.7348549753126435,0.8030487727485368,0.7852075674358009,0.7872164485280057,0.7954521025483345,0.7289475958075244,0.8526328514277307,0.8060686935113627,0.6798257341037822,0.7809517172759451,0.7598207217179512,0.8432987861819414,0.8133787833688704,0.8263077919968851,0.7814005524838737,0.8132723104421882,0.8252138775994813,0.7671330848330639,0.8678200086919124,0.9010434269827122,0.7306125261410249,0.8555169897689633,0.9181633262706449,0.7471049366043352,0.9160395402700742,0.7552519862337743,0.7283318714820609,0.8064601071827553,0.7659307013418275,0.6924408593446231,0.7873066790664266,0.9063022961810827,0.790237004394605,0.7408261690075348,0.8226002500114192,0.8624276841056392,0.8840210857481214,0.6806984432953935,0.808228285069217,0.7079350643911241,0.7749122482550995,0.6130930573752954,0.7831208450402298,0.8001690167612441,0.7633985891381667,0.894541006348018,0.8698280132391373,0.8975545733894509,0.9457421881894792,0.7541646267775814,0.8443117869028773,0.7736085844282725,0.8224430293737168,0.7027599819160008,0.8112700852299018,0.7935544387151858,0.7931232984809854,0.7335152859732277,0.7712516085189619,0.7586122094211879,0.7024781686092519,0.788749835673913,0.6868864168010894,0.838154781740832,0.711626113905421,0.7334049906477608,0.8905581863259057,0.8232128999972077,0.8374540073320071,0.8085540738646007,0.7483500629538563,0.7419496919787741,0.7674822557707496,0.8277859412214652,0.8233493055399168,0.8218413631361928,0.871214593739276,0.8608185221689606,0.8059282449427614,0.7680547090753324,0.8044308377264073,0.7641723151775254,0.7687093153916637,0.8867584464580635,0.7908876191603267,0.7461413017322968,0.7052192981126735,0.7727646405976516,0.7695393240615864,0.8063418658167731,0.830668646178208,0.7520633090538246,0.7811793159747271,0.8713904816123857,0.8608410845439146,0.8110570348264292,0.7936073603109138,0.6461003273772655,0.732746254407899,0.7359977755151998,0.8330518743146441,0.8106070493519119,0.7749346303352218,0.7971791874768467,0.7924793841607362,0.8134297416657738,0.782154311111951,0.7217908612380268,0.7911390891899859,0.7159133254012795,0.8264199115120585,0.758787211315831,0.8406867867844963,0.7478260213059882,0.8488306120026676,0.716963663201679,0.8313259752182025,0.8229165860769075,0.8207436603374988,0.80146688293982,0.7398369573757199,0.7728369425425795,0.6686198761618358,0.7751953609768386,0.8480548244377738,0.8203438009135159
0.8901554092870511,0.8551091441611941,0.820733593375921,0.7830999913735688,0.8460694568449548,0.791412739331484,0.6715305429102718,0.8025359794645068,0.0,0.7735033357269899,0.9036314323180745,0.7331757914849315,0.807500599591423,0.8724518505791462,0.7165849368204706,0.8159277852785182,0.8202213290728353,0.8934137931165578,0.7560508964618761,0.8260201807604459,0.7397708708090939,0.9239412574612029,0.7253600669051136,0.6492772847677497,0.7681053829315023,0.6120696778217102,0.875053283843195,0.8050504512869926,0.8435732393352816,0.8721815027190915,0.7172779550097588,0.7672470816335204,0.7485651763961617,0.5879514113795957,0.8713963742010433,0.7892137879982511,0.7385427931947379,0.9175824492014638,0.6812531482452465,0.7451545156914121,0.7285747425507642,0.8822958144065138,0.6993595661167127,0.6929304660709035,0.6803692623137073,0.6383012018112775,0.6520775991766822,0.7154461107918668,0.744839846726149,0.8421179624615551,0.737675765134118,0.7153706989558025,0.8705384597556606,0.7302617259159169,0.7582630895432686,0.7720116782971828,0.8113155604895773,0.8757144540669125,0.7455944077326385,0.7876906357014445,0.7465647541529316,0.7066267677954309,0.8198973901812837,0.8129045024535504,0.7442877545512445,0.6413853913711993,0.664842376730538,0.6846562040012082,0.8573398983205791,0.8913650795826721,0.7572872883345635,0.7915733345660952,0.8360144683588684,0.7655027091912271,0.8957734875645295,0.625093525974506,0.6940600808651289,0.6997490342171823,0.5959959352201561,0.5630689349525834,0.6978674925210429,0.8069084744915989,0.8194960206765067,0.7964837467226945,0.7758671864719835,0.83741443167535,0.7975014020875141,0.7593642096450917,0.7029742638460383,0.6873309966985884,0.8922523468286385,0.6917162990480951,0.8632960843022844,0.7091957211035678,0.8838720922504332,0.7271484437683441,0.6761630439544997,0.6302575655762627,0.8084162116423762,0.6477057790984461,0.6979580303197306,0.6435342115822738,0.6133430229759078,0.6562729112960143,0.8735274993151247,0.6563996973259574,0.637247521180471,0.7634960053023687,0.6528009906545404,0.644490665732087,0.6649599630693932,0.8139381301925268,0.7472026765517159,0.8987407775252587,0.7511281754595306,0.8346127187988824,0.7237995179006559,0.7894063320711677,0.7131262705002056,0.8571059657142258,0.8534023998050142,0.7505327855083729,0.7147252947331455,0.6687425304915556,0.8934835573636696,0.6560486882779201,0.7350105806685299,0.6736560685985581,0.6958276948558036,0.7613937046797951,0.8941584152859522,0.8347829723798884,0.8173889000470834,0.9215502571152808,0.7184089582615298,0.7295517178404604,0.6696326440503496,0.7342761696821293,0.7635314906078372,0.7579844653340437,0.7720249644295415,0.8565714097408861,0.8058865430785135,0.9018891726177514,0.7279253384665954,0.6618077344060993,0.8390299103407957,0.6135738110071485,0.7736342665822526,0.7863583222155878,0.7458942564200823,0.872145932788777,0.902436544368217,0.6748614773805167,0.6658741603508888,0.7208925557358207,0.7887164336949194,0.6526173152565042,0.8235021715038944,0.7307315125611453,0.5995135006161746,0.8623699766921679,0.8170642431753521,0.9119729010099847
0.8875288839059078,0.8170308538683185,0.8592133236144152,0.8473344612241798,0.8054025683333614,0.829968730138536,0.812967686848619,0.7888996269586973,0.7735033357269899,0.0,0.8881714329295508,0.7796864194405311,0.936730520664122,0.8627346562229703,0.6777816088008315,0.8966204935374792,0.8979268898960333,0.8958084816988895,0.7697903302641569,0.808302536491598,0.79394005863633,0.8177737496771474,0.8859793603570595,0.6988278108034207,0.9110614300367307,0.7377809601224345,0.8937961806989986,0.8834321611143829,0.8692590529371752,0.8392505357556822,0.6748057063923736,0.9375991720257202,0.7285077534117472,0.7372086552489406,0.8170981178784645,0.7897981143173924,0.8482606573552215,0.8095251168737391,0.6224989872294493,0.8897550709775522,0.6795430387426301,0.8874111615707784,0.7744417368895465,0.7195858895016807,0.7783785995774276,0.7593671918325315,0.7748768606933578,0.7701598355671351,0.89069744929363,0.8262717286529725,0.8320085539234567,0.7755674236746312,0.7801486763151004,0.7485545031646481,0.8391399128165736,0.8487147310164118,0.8236303690604804,0.857034159370198,0.8720727438210084,0.8343287889953119,0.7710502796174947,0.7461360826642737,0.8273835625129763,0.810162540639002,0.7142223703119924,0.7348266028428276,0.777001700105712,0.7685142645999782,0.8829468606743041,0.8429668993521647,0.7432607465869812,0.7880188917062226,0.8917887806442151,0.8940809318279913,0.8360672349623939,0.7518036021808078,0.8452988727535394,0.8266538021785259,0.6303000002504858,0.6526118135964164,0.7590123585917664,0.7312288313159279,0.7873602005933289,0.7784553171241783,0.8602017346476899,0.7687465451690708,0.8166021393017299,0.8589304340153713,0.8620848379553477,0.6363367134128971,0.898771287580418,0.7258640581701573,0.8685887087810855,0.755223560747378,0.8568318491746886,0.7321899272686544,0.6010804023541979,0.7417467731173865,0.7560983152946736,0.8135313380645629,0.6776762403716285,0.745396390160682,0.7493642064964524,0.7196083055908271,0.8417702708880196,0.7803793157216397,0.7635494957573085,0.8532745724217697,0.7904321366041691,0.7560031712350321,0.7884661389629242,0.8201477104906018,0.8738918389838789,0.8379221929329596,0.7954434011434212,0.8596706143315007,0.8483755076072071,0.8735053312874718,0.870297256678288,0.8152001651427204,0.7735762682378646,0.7229880309063433,0.7923462953766138,0.7501250733876353,0.7207039171671128,0.7284269034814048,0.8168635968773141,0.7196440517399999,0.8093159753141338,0.7604841632461611,0.8205319491834241,0.80605352132417,0.7838102492564465,0.7179052894780767,0.6753579210770508,0.6380738679929188,0.699523837723389,0.7502262343150448,0.8230076717129027,0.7208639119218035,0.7431134197531784,0.8781491832088081,0.8296691412809346,0.8058974839508734,0.7703299500200269,0.8100758549996107,0.6914151920701991,0.7247323748212777,0.859754621709387,0.741055336681599,0.7300120697284888,0.8046942025037368,0.8276403953984908,0.8288254227225967,0.7559946896665356,0.7188390681710995,0.8325502995924903,0.7984228952071145,0.8045111451268687,0.9124407736860288,0.8256996682254044,0.8179188624975046,0.8011795339325982,0.8166864201666881
0.9595590316128494,0.8910723652661742,0.9077555838694865,0.8720933472403828,0.903275048100692,0.8832276709606511,0.7606058629644966,0.8649804845860564,0.9036314323180745,0.8881714329295508,0.0,0.8587168163484388,0.92931794681219,0.8418720490859815,0.7510390768033013,0.951108032053297,0.9402034177756666,0.9521236545569076,0.8671273116379611,0.8918907988256359,0.8619694965964442,0.9348319648699139,0.8564293427974388,0.7609769434336987,0.9042277125173008,0.7149505881836555,0.9109978818531917,0.91606070196594,0.9023853889998926,0.9429138099710945,0.7355792564810323,0.8876051964071913,0.7864345378086043,0.6972656585255627,0.8712610712463875,0.8084932516391465,0.8523468854310005,0.9188177661676974,0.7207359765209761,0.8779467118973658,0.7757578343244825,0.9297992374908292,0.8043250313721475,0.7659259895505944,0.7659783486119773,0.7582480675260503,0.7305538230896929,0.8213861248159732,0.8658657360751462,0.8855112551551558,0.8446616281529361,0.8200423758442853,0.866007287047892,0.7998696022841477,0.8492838675830187,0.8137632544031318,0.9206407569667295,0.9692517071371185,0.8031186888258918,0.8608571082652824,0.8185602175569034,0.7157881938784529,0.9165826523630629,0.8026917561806373,0.7677561798949251,0.7384111613481159,0.7246281581889576,0.7467050795818394,0.8800023823414869,0.9385322637332374,0.7989295750022973,0.7975804246821375,0.8678915501897153,0.8898044203531091,0.9329645468733104,0.7086630076891465,0.820049637113642,0.8180801000456244,0.6739298547237615,0.6697295443549205,0.811442674490863,0.8070547639893886,0.9019270415882434,0.8436098023370721,0.8763212703230766,0.880275559359352,0.8634752557538259,0.7986912290571906,0.8128729362080679,0.7003379448579011,0.9516330919948118,0.6978896360996203,0.9379572773752094,0.8075787165645699,0.8862133600391087,0.7588344121776358,0.6642768544321309,0.7000149737213932,0.7559078426132213,0.7346302310919484,0.7003269320364787,0.7416729555677382,0.6759761661986791,0.7219916476507025,0.8873227298796673,0.7798218618999948,0.7524030028621128,0.8689920445601272,0.7608879898244532,0.7704413131151614,0.7869255433943277,0.8607999239126146,0.8160678336135597,0.8995331077127819,0.8395905366675978,0.9376897720244317,0.8442507054088229,0.8950559101188811,0.8284840772138523,0.8142995248627907,0.8884661252614766,0.7622892814712072,0.803232585197409,0.7933253368033639,0.8107196386689246,0.7617032819726324,0.7623890201715064,0.7467703173265264,0.7918800969117898,0.7821963425377803,0.8762407838134861,0.9065462551780119,0.8596011265065471,0.8566018368915773,0.7624543867776185,0.7178043168033384,0.7682052288692419,0.7807098355856561,0.8517628467647036,0.8322521821225614,0.7765617169662793,0.8818395429121058,0.8430529623696061,0.8543874712914182,0.810855436939833,0.7313855558441189,0.8308670387663524,0.7409321707430151,0.8688785251760542,0.7864735363558001,0.8109939394791847,0.8938738334148667,0.9496901376439736,0.7595908550469154,0.7985969404387027,0.7836431322431671,0.9214723293930432,0.8117568286278075,0.8338460897486151,0.8533072312639217,0.6954888427310221,0.8854642489135827,0.8463202411539705,0.9713114775091561
0.8599380080626448,0.8883794436024351,0.7886504119454558,0.8852824711613981,0.7907011689471338,0.8550248779886201,0.7958657855968433,0.8492738124578225,0.7331757914849315,0.7796864194405311,0.8587168163484388,0.0,0.8375068871311504,0.7023709812177584,0.8369621066536063,0.8488204412442579,0.8362305520668429,0.791583368840091,0.9535360056611631,0.8801550637356654,0.9177697237394256,0.7950644686829739,0.8351451495087521,0.9203075984163324,0.8880941829863104,0.78399731556892,0.7326242804379834,0.821379810825143,0.8126844641021407,0.774928168418834,0.8490532826181391,0.8488461995349211,0.8874322432915852,0.8439000029189618,0.8232261077746418,0.835298394954226,0.8511139616066821,0.7872240656560716,0.8718982956752921,0.8934169466736053,0.905199533906171,0.7499376662714431,0.8490703202610087,0.8770602994596124,0.8642199064398153,0.8960429067778557,0.7452680832749127,0.8820405035805586,0.8563408117133575,0.8578307145985459,0.8923551437666906,0.8825737987354423,0.8172568430955337,0.8972443523400878,0.9037679370014529,0.7663533220671629,0.9432268613753784,0.8536322871427896,0.7562388687110657,0.8961986962912736,0.8457156865264973,0.7033747440139871,0.8726312040328182,0.7289195087315303,0.8093184458908053,0.8533872002855153,0.7679077650909379,0.703000916484087,0.6914940628490008,0.7763068543756503,0.8167111776469438,0.7747935642871653,0.7468643475349849,0.8662050034280043,0.7850955942982344,0.7951434606777643,0.8329492700943468,0.8101861966653767,0.8123082252906463,0.7415273315090768,0.830028096513817,0.8166296529104724,0.8419748117462079,0.7756425279224307,0.8773179546904927,0.8623561355223653,0.8163235247404487,0.742995140627527,0.8394075589375127,0.8213252052946287,0.796744960316801,0.7702075962194551,0.8851111236850417,0.9334874802838735,0.7719953276145426,0.7931472366197891,0.752585605377286,0.7895107272182778,0.6944019008472412,0.8065509466636762,0.7597190073971035,0.8046197202639496,0.733751185680542,0.795255190554385,0.8272392106452412,0.8448998358786515,0.863077848704562,0.7827135311526376,0.8677077252602692,0.9040547675866205,0.9178723840187084,0.8410831943371517,0.7730165231013864,0.7084358892512487,0.8959437795499102,0.8468872775806456,0.884887842418217,0.8436254652091886,0.8136196410490487,0.6646282578835014,0.8443063426833516,0.7246646455381605,0.8382906605879896,0.921862330704031,0.7348936026096737,0.9114341373504063,0.718588032587349,0.854646729954745,0.8608300355598753,0.7706584439736229,0.6893687567986125,0.7980153418247296,0.7848773396012688,0.8028501218774281,0.8736214220713029,0.7498874389446238,0.8599911933663844,0.8381118502314538,0.8373972526404907,0.9180929980614335,0.7805744812178206,0.7698548883470467,0.8333715662848898,0.749814712659574,0.8802057380685124,0.7389902920135201,0.832951632309155,0.8264084582685033,0.8385085084583014,0.6966219362710213,0.916976853174649,0.827553764606685,0.8506146047853097,0.7585012681128711,0.9369021054634152,0.8562796843120333,0.8970735245308231,0.8932840398649546,0.8131214086093318,0.8066300270829667,0.6907878186577413,0.8303213425885255,0.872116549780301,0.8648505724985336
