0,1,2,3,4,5,6,7,8,9,10,11,12,13,14,15,16,17,18,19,20,21,22,23,24,25,26,27,28,29,30,31,32,33,34,35,36,37,38,39,40,41,42,43,44,45,46,47,48,49,50,51,52,53,54,55,56,57,58,59,60,61,62,63,64,65,66,67,68,69,70,71,72,73,74,75,76,77,78,79,80,81,82,83,84,85,86,87,88,89,90,91,92,93,94,95,96,97,98,99,100,101,102,103,104,105,106,107,108,109,110,111,112,113,114,115,116,117,118,119,120,121,122,123,124,125,126,127,128,129,130,131,132,133,134,135,136,137,138,139,140,141,142,143,144,145,146,147,148,149,150,151,152,153,154,155,156,157,158,159,160,161,162,163
0.0,0.848590062378505,0.8402744891236789,0.8038824203266868,0.8607312437719611,0.8020478243519155,0.8614137498726042,0.8050537432470997,0.8688840497892624,0.8129352476505426,0.8943879238733876,0.8818522407103506,0.868293512550296,0.8020923165809656,0.8820936682422599,0.8628201939914796,0.855065220866332,0.9136687936473418,0.8203819250304394,0.9424099060779887,0.8977270081052388,0.8864923628299827,0.8280473032754228,0.845240669911066,0.9382355958173056,0.8428466454279487,0.7612781119881862,0.8229266592532598,0.7624653411080401,0.7998133725947246,0.9175517540122127,0.8700120996127536,0.8167652490311725,0.8682081811355932,0.921286904682807,0.8711027697693037,0.9271551530208665,0.8682090961695631,0.8517837850250929,0.7908013452542617,0.8060882819339454,0.8316938881608439,0.907010584793473,0.9238667192102018,0.901619430428317,0.8984543896002071,0.8430735737749423,0.925960313389862,0.9145697104148973,0.922169782791911,0.9274659255028106,0.8786049875880729,0.8195843651875695,0.8795831660095835,0.8968250762955348,0.797687348025668,0.9362927172124842,0.8348480231007233,0.836930018320774,0.8643156160755361,0.8065035367187738,0.747863646202863,0.8641322676148245,0.8000840835620839,0.8797653425070686,0.8846866855332517,0.8531727024038127,0.891127592671896,0.8591595034395544,0.8209005761748457,0.9489387702179204,0.8484889555006099,0.8306214629338919,0.8751464087788761,0.8293917292227857,0.8985967582409493,0.8324472636681066,0.8200855720539886,0.8397416225242864,0.6682735122629635,0.7865636593380785,0.9209246940236245,0.8464865851482398,0.7702432363910428,0.8657712694564313,0.8678954994770114,0.7924232321648638,0.8819714213345009,0.8509198140148564,0.828432901636957,0.9285849717430672,0.876896644530512,0.9102090700801985,0.8978559075956667,0.886662182025014,0.8842028051319683,0.7769360021389128,0.8254615266503699,0.7378975951861683,0.846310674058687,0.8261688096887407,0.777506531082755,0.8373076580266707,0.8252804566952773,0.8851892675782532,0.8650276569330787,0.8183173107819454,0.8069677067258034,0.8409664238671523,0.8937588084392248,0.9122610362019434,0.9060860458577521,0.8582327160533606,0.7794233045524976,0.8627250294715958,0.8128559650042358,0.8276038495285217,0.9166016329943623,0.803322295431052,0.7570290864342103,0.868854801578701,0.7482019784424536,0.8425297700086293,0.9132506578486932,0.8021435215472292,0.8521351755830356,0.7532815679403189,0.8571700585342601,0.8288378779466173,0.8446617114070967,0.752372476664559,0.780970718862243,0.766635460554854,0.8305328346062081,0.903693843237242,0.8460674894240768,0.8610855009802633,0.8543755126362711,0.8129668852050235,0.8837149340824666,0.8096962831501588,0.8128172442783245,0.9053001152332916,0.8526282433426051,0.9233461716069384,0.8773325783241953,0.888566649931754,0.7524346674967892,0.9346915563202396,0.5900682897695141,0.9178847691987669,0.801240433779091,0.8824321559630507,0.8029910545779374,0.8673560772752241,0.9036324448659705,0.8192809302625166,0.8219778223382022,0.7997019203422793,0.8297005089999194,0.7266938643606726,0.8423992731777049,0.9408847516336034,0.9175932686688844
0.848590062378505,0.0,0.8545205764349879,0.8646818451324924,0.7978958048805571,0.7706689655922675,0.8657513349317997,0.7707114416144363,0.7659005738323416,0.8732290472608506,0.8645998056639377,0.8478664118471033,0.8634680082482286,0.8616660026440969,0.8746181505634236,0.8180387586498654,0.8732926901200424,0.8570759593582354,0.7334801659531781,0.8355139727719013,0.8209509644234373,0.8961042319670575,0.8581630545157058,0.9113819123183952,0.8246176488419557,0.8205532678664799,0.8574303582052843,0.8625031974951586,0.9120631733531921,0.7176437117188175,0.8050045156559209,0.7385708469102182,0.9173636433195534,0.8141722223941149,0.8629782925183779,0.8475347504875761,0.82533970737112,0.843068241407371,0.8154316297090924,0.8938631289435185,0.9237240124180343,0.7607059551486188,0.7043280158045324,0.8315092649911907,0.8770046351908819,0.8804935462849381,0.785764093274618,0.8010367121964105,0.8522218561579793,0.8081472439724282,0.8115018883076873,0.8581088668361964,0.8726360522873056,0.8968550383845265,0.8445140062256029,0.8150803028148241,0.8379689356709124,0.7529013087734899,0.7895813082573314,0.8998864679043007,0.7943981265950028,0.6864591969463619,0.7335184188175387,0.7665383280943379,0.7238876112619711,0.7454111810627781,0.8575941793309789,0.7727269708941867,0.7539535994828495,0.7272006903770682,0.8131263561429585,0.8316249131247022,0.7155373049005928,0.8402774112624657,0.8325461134265957,0.8014666024307651,0.7668181478707677,0.8735161070821752,0.7984605747809512,0.6795896374121385,0.7685415293334167,0.7848020343561677,0.8848123524565392,0.8072274100538746,0.7381587777166072,0.9286636199333419,0.6463283154179608,0.7162891735265414,0.8279631271775146,0.9088029491580999,0.822284886662875,0.802742643763632,0.8702659066068108,0.842238526541503,0.8595291359931154,0.8705627119216187,0.7015774324397693,0.7917227323670065,0.6879197048181142,0.8732907675582446,0.8462100587058486,0.639384906482719,0.6819445196993741,0.791826849376179,0.7617926508921659,0.8400266497409984,0.7529545223906862,0.865770557856846,0.9118008099675267,0.9068677270314134,0.8131229571412453,0.768253803237122,0.7666992776154745,0.7697611843003462,0.8767948550030767,0.9419859831641959,0.7859026434387455,0.7420107883115139,0.7854638431909249,0.8017912241318612,0.8472884243286383,0.6879863909857236,0.7786283610995673,0.9093308209830909,0.7211200795414517,0.8999042144920608,0.7172223778940784,0.8579230387429478,0.8848406234849222,0.8543887110772288,0.7795691574308652,0.7031423504674332,0.757850352686218,0.8322584037557204,0.8125950840699947,0.7655949986609067,0.8433147508161737,0.8984950806234109,0.8644013746626972,0.780246512750991,0.8314386887431151,0.7525628544917796,0.9048585579088124,0.7484358332374909,0.8693320755410426,0.7233644597309861,0.8394909407088631,0.8615783644591368,0.8545513376886422,0.6400322255782571,0.7621695827113267,0.8345962727015872,0.8613575618574076,0.8680166770245958,0.841792361866289,0.8158368576208749,0.8784422852672018,0.8635061625566429,0.8842518699623777,0.7401562190487636,0.8160167767639469,0.7771088092921853,0.8756696740550828,0.8708439774892542
0.8402744891236789,0.8545205764349879,0.0,0.8773213084225964,0.8239469544657055,0.801515551380277,0.8467740518126645,0.8374525867747035,0.7105486751344477,0.8866493083627036,0.9086125494144417,0.8239362247639545,0.9332647832235857,0.7817427744314529,0.8531271234975917,0.9086560201273456,0.9132393945051865,0.8783721452070636,0.7129736901268908,0.7868342064818235,0.9073252717658186,0.9270653892418603,0.8181447295623528,0.8817894448172625,0.847230121058265,0.9163614282815441,0.8231311493701987,0.8443278826251156,0.7906371183895973,0.7134497084108309,0.749029324921128,0.7951871488486587,0.863979125727631,0.7909287997246148,0.7499062613473143,0.8037757451183525,0.8903569921848624,0.8024907228645908,0.7837123223714941,0.8756304801404704,0.8285150479013823,0.8009580298039922,0.8110973756118952,0.8109097423447444,0.898682588590706,0.922532902729653,0.7989390459063453,0.8634408863612789,0.8400284502325324,0.8213756307373186,0.8907371025526605,0.8843241279131316,0.7612913485140033,0.9077088568807946,0.8508494958643917,0.7530956448749949,0.8386527775333877,0.8239417159435893,0.806192701517285,0.8375065590474268,0.8669472320136251,0.6947233909966535,0.8467773160804783,0.7008525642768542,0.7341310216571449,0.8389459921639139,0.898212213622786,0.8988456419033283,0.8597631103145152,0.8227555929886974,0.8858242176240675,0.7308223423456153,0.7597723817955129,0.952662577209831,0.8552149594752798,0.7234215934528627,0.9017654144258227,0.8762651788630074,0.8178125118967152,0.6478811917221996,0.8162909217740105,0.8127965982607848,0.8627407934411814,0.7981310828920828,0.7668239785357289,0.8658068226271869,0.7306096160213059,0.7626107487534327,0.8152373116828163,0.8252638475033622,0.8835409855213799,0.727108784221085,0.8295601425664051,0.7778938148239093,0.8480985649375032,0.8337375288624325,0.7173617207015498,0.7483375285607372,0.6068189047114385,0.873122063814939,0.7284634616242175,0.7800277764193045,0.7431349776248533,0.7664988092493185,0.7602786325450452,0.9238472903020727,0.8662934689942651,0.8399231437625203,0.89422587648713,0.904651359529749,0.8482757512332996,0.7703698041945294,0.8352082395835447,0.7688776023856712,0.8369803647747506,0.8969166108230557,0.7038223767665157,0.7801735636973655,0.855514936378874,0.7191555046294775,0.7927839656490466,0.7557400612692029,0.7263835801013615,0.9077455638976777,0.607666981040086,0.8695775970076302,0.7404250451156407,0.8761121206886227,0.8366977330597791,0.843741243608279,0.7042038686608653,0.8315759153206704,0.7451349150466627,0.7133596428218711,0.8221139471345569,0.7087420652463152,0.7642567184229788,0.8239485771203537,0.8558639176093132,0.775591513951807,0.7994671567693752,0.722364097398997,0.8475110566070158,0.7596191332545384,0.8504125567726433,0.7688699697860479,0.8193608202928253,0.8783399667408521,0.8381009538454431,0.563607247140219,0.7588728196722009,0.6874226734777225,0.8462424432444257,0.9031484952586316,0.8710771758270962,0.8698470695815812,0.8670242284695091,0.9264755971241538,0.7764771594350395,0.7854468868717154,0.8241758116544806,0.6442744002527275,0.8310070781250488,0.8394540294498134
0.8038824203266868,0.8646818451324924,0.8773213084225964,0.0,0.7583449388803363,0.7514531325949957,0.8667755995710302,0.8179016050581648,0.6768762217906401,0.8599891235143727,0.9095534717459438,0.8050930038805226,0.8778900129758069,0.8079644592923634,0.8724532159234094,0.8107713874361456,0.8545753505148107,0.864493151096282,0.7270205104913073,0.7422261609083285,0.8261916539809274,0.877018464926271,0.8466441927520433,0.8626547585562971,0.8224811666235402,0.8859314596060933,0.8693566304086998,0.8889131091490895,0.8394980952322364,0.6413492470257869,0.7535512304105269,0.7276716983173502,0.9604311444344794,0.7935578807791186,0.7853177106950517,0.8232463208717155,0.8431474831370193,0.805694286260487,0.7871248717661833,0.8947933945003163,0.8909208508028732,0.7035733425694094,0.746519556518428,0.8210241985002591,0.8798998886233994,0.8717445326984418,0.6947207758585725,0.8173217641765257,0.8402340902878797,0.7771514613349471,0.8629853283336545,0.8546541130145971,0.7779878489471391,0.943034846918227,0.8854443810444605,0.685070162445611,0.8043958590323772,0.7831691246333861,0.800070499039434,0.8361510862776139,0.8710891465890102,0.656707855212302,0.802083278466095,0.6904438476533746,0.699332890925326,0.7758497984365968,0.8958333822120677,0.7920663331146808,0.8148628948267345,0.8145504334265948,0.8092833025035293,0.7549809022816395,0.7440166073391657,0.9074180538493963,0.8306387632389197,0.7225459723619708,0.8471292549952746,0.8363073483470816,0.8224382699615971,0.6129069659006957,0.7411137407790181,0.7918006054182634,0.7885454673541754,0.8156215527257923,0.7456669083115938,0.8484184322501798,0.7049709044534286,0.7464001145119737,0.8110765680190227,0.787685345203916,0.8578462250268534,0.7430033711691519,0.833290836679799,0.7742598091324961,0.8645764359906354,0.8393607178726409,0.6949894052541964,0.7409983733454253,0.6100611573577106,0.8830204465118645,0.7738611128480377,0.7277381417344456,0.772571045851111,0.8179662085066608,0.7623744874538535,0.8169809737277739,0.7960970007140517,0.8147318526602192,0.8794545341542788,0.8192448215746315,0.8450916482156987,0.7596547997832458,0.8120165938340387,0.7846127013031908,0.8715689053157869,0.878561647048873,0.7108563600711045,0.7277790228901232,0.85021191842575,0.7599314293905256,0.7565586004892161,0.7889013850933011,0.6918328984845785,0.8789807018679764,0.6217195813157981,0.8992569400243005,0.7036668395565128,0.8223464215451549,0.8578548411536744,0.8399395381003579,0.6458853838911673,0.7077666708343784,0.7709917307244598,0.7552547084997613,0.7958618745145534,0.6807538783906929,0.7049121159525162,0.8603765960296844,0.8766927839731057,0.7637290583784354,0.9183261317369021,0.6755042259495078,0.8486149382393194,0.7521180556882081,0.8264918839430013,0.7273827710655644,0.7559208265361161,0.8421865964331067,0.7747069309331428,0.5527591029664363,0.785569807084777,0.7659467820475051,0.8300960401659753,0.815458473143363,0.8739305491494085,0.8321270701937512,0.8652819956230777,0.8685517459381643,0.9014887842009117,0.7796295353604282,0.833626871616425,0.6764693058714085,0.7916422280712628,0.8334945107906843
0.8607312437719611,0.7978958048805571,0.8239469544657055,0.7583449388803363,0.0,0.6985256361318609,0.8793927913920847,0.6765066864127242,0.743446967468272,0.7551780120619939,0.8541271841122856,0.8148063701319445,0.7668643974593269,0.7390160268923923,0.879146555260047,0.7943902991388578,0.7942221594325473,0.8455308165765156,0.7202937919027483,0.7875703636580604,0.8579642278899541,0.8805626874716378,0.8010480410337002,0.8665201560834613,0.8062026735920093,0.8203172081196205,0.717264232781824,0.703501478143613,0.7818465895941756,0.7661862628128203,0.7938227503011959,0.736019849928992,0.791886105161147,0.7292102886393299,0.8279153043252854,0.7942120631814108,0.8305536482730438,0.7826927338649712,0.81713386393694,0.7941902278474127,0.8182360800421851,0.7775620277348447,0.831774649431445,0.9136440593955467,0.7752254107723746,0.8025679443645404,0.845449207150144,0.8928482548765868,0.8687765001885565,0.8411895480632615,0.8588046386626409,0.8259145159296686,0.7600816815423043,0.8299469891950978,0.8273532445758245,0.7127063994035552,0.8298241528652244,0.7668519044628997,0.7822454104233411,0.7734457769405534,0.6805755685174273,0.663006165270843,0.7704348381503671,0.7408166130222414,0.8103361423743061,0.7330917184508213,0.7596047922864129,0.8574475507762024,0.7781919661066757,0.7056455804879086,0.8693293300097245,0.7825240447011773,0.6997113459662144,0.8024721382726172,0.6953733656471293,0.745514987673939,0.7656228501662435,0.8821611571199278,0.733843439229626,0.6687878284986671,0.7383969385848825,0.8188223222416702,0.8510197161591274,0.667142781893241,0.7401293070288624,0.7777569867623609,0.648447142164289,0.7669862687344424,0.6938149014893457,0.7441423839801462,0.9066827687562614,0.7750186900940228,0.8905870183752979,0.7655352067648773,0.8270891429011977,0.8356248889602244,0.6524955291344342,0.7094982068384889,0.6865805830177738,0.7319554009808142,0.7577903691908904,0.6699363444445137,0.7457459724248083,0.7777470656204135,0.7377554937052339,0.7868794925061917,0.7075183408357715,0.727868996732067,0.828307943372992,0.8557380508569495,0.8481752043810722,0.8294642116029497,0.7175913765756591,0.653080556476794,0.7715849364394654,0.7718858377048374,0.6917173092641995,0.8654067992492464,0.7604929551610315,0.6705773465394667,0.9091133790111326,0.6565779564604474,0.7319127015718112,0.8866261347845619,0.7379864634005617,0.8100540096858305,0.6678655448362124,0.7909087607913307,0.7488375187082053,0.8220422195636015,0.6451332425234056,0.7104431160577744,0.6527719228804895,0.7529477592731836,0.810600448492387,0.854992714700191,0.8093985627771105,0.8558282951181696,0.7766667867884509,0.8114514131029913,0.7512497631363086,0.7315724233674865,0.8118403180245151,0.7610047704193069,0.8787746911858966,0.7856073423009888,0.8648145009531206,0.7460477384132269,0.8128512339575478,0.5497453949935263,0.7717934382485003,0.7556404743850701,0.8257516681938972,0.8138842202587299,0.8037512776875413,0.7908088625339892,0.7679448020330161,0.7940149198847835,0.779468317271,0.7415191843346142,0.7146492950456594,0.736162490876959,0.8222777407929284,0.9093280925485397
0.8020478243519155,0.7706689655922675,0.801515551380277,0.7514531325949957,0.6985256361318609,0.0,0.6923842081605474,0.8286423724633971,0.7743297883452103,0.7408487057534602,0.7804644515488417,0.8795376928610673,0.7968030163901885,0.682746593797611,0.6871419663151171,0.8486163045904346,0.8147656909409746,0.687627260713113,0.8065815906881344,0.7558312731446688,0.8353782667028827,0.7343337751911125,0.6627566505777177,0.6896677767385132,0.821920272780858,0.7468997491740346,0.6549094124428487,0.767570195882022,0.6817657180988237,0.7929257710966539,0.7892086951620902,0.8539369786701899,0.7432266737710259,0.821631551726033,0.7209239254649213,0.775285258890296,0.7993811742864911,0.7591992085420822,0.7498221478101674,0.6586813039069681,0.7115889430119807,0.8156075914692501,0.7404715946084665,0.7872846959900102,0.7851672082575745,0.7700432360311155,0.7493162807938588,0.7864545596660216,0.6951654228227901,0.7527432124969606,0.8089148610830889,0.8719036073306211,0.7189761826909244,0.8031419767224068,0.7805161298567372,0.8383749292944824,0.7957801412604396,0.9162474105411996,0.6393924243438797,0.7638413380965766,0.8205534406695794,0.7766178628431704,0.8600368613178208,0.6524051587692041,0.6771606572545357,0.7894941491225941,0.7315356208408372,0.7498097497224205,0.6847404204898928,0.7802143288947601,0.8009542845447348,0.6556026877204691,0.766004693228969,0.7820218140964632,0.8924279930515425,0.7584393482859999,0.7710204129752071,0.737576279927963,0.7651060477637991,0.7610587376005102,0.8951594137263852,0.7908799252781535,0.7838685517120898,0.7848703267502166,0.8243286711991594,0.7955460738355,0.8187470731527705,0.7064343475612327,0.8259803996699362,0.7920951995156957,0.7955985811455573,0.7979309063576758,0.7520429250652623,0.7910215893636827,0.7300678732793415,0.8099543409587137,0.7917543593153025,0.8411451062204757,0.6662072156027385,0.7846160817591231,0.6898483469620134,0.7559291263574701,0.7322566438841007,0.734847364265594,0.8063678188112754,0.8147993508834475,0.8272178327780825,0.7673859247070817,0.6989662951021955,0.7873073223569672,0.827766305769595,0.739888870556311,0.853262679072673,0.8012310797037865,0.7714256715209581,0.7859179042247425,0.8120895945517992,0.683792122077266,0.8005728269181539,0.7753639593599669,0.6842052500594213,0.7881499807045339,0.7850198357860089,0.8202933555756114,0.6522081325515489,0.7915052861636032,0.7695855562230209,0.8103603997373803,0.8107526806610396,0.6541703708967064,0.8262430170158199,0.891758687574987,0.7360856308505479,0.7922238804498793,0.7365274089168754,0.63440231307722,0.7413461807579239,0.6620510372849262,0.6411791049676757,0.746296479327847,0.7036342822078409,0.7914253421773719,0.7875455351665378,0.7691153740466724,0.7731343114630461,0.7300728723950534,0.8082592714527964,0.7361924103520143,0.8010459070700433,0.6753613720840869,0.7830911050209932,0.7192751766703982,0.7278215614636085,0.6779838032719797,0.8501233153898501,0.757298082969177,0.7023911685979898,0.849854408530304,0.652911070087617,0.7942241827701675,0.6390539060919913,0.7518625228454813,0.8518897277341126,0.749358732781963
0.8614137498726042,0.8657513349317997,0.8467740518126645,0.8667755995710302,0.8793927913920847,0.6923842081605474,0.0,0.6946643258290971,0.6983102164860865,0.9056185085860198,0.8608478618182165,0.7832666499318008,0.8460755231820859,0.8396136394378328,0.8874407178078898,0.784551201545136,0.8426685944352338,0.9142368343944776,0.688767958675572,0.7675603892337954,0.8182611802549432,0.8849618132835898,0.9351888211245202,0.8914371905618504,0.8597622796751515,0.8554205796913931,0.8371547874685131,0.8154628405124889,0.8507979590764495,0.6930701773355522,0.7556777517157677,0.7633114733161662,0.8604958019435613,0.7975187664919895,0.8434321393895335,0.8075206622513987,0.8521311430110323,0.7555938906776812,0.74287266174075,0.9108770384651952,0.8268783349409157,0.7940015179631259,0.7672127845471136,0.854609368814462,0.8378784242895138,0.8556420809544804,0.8319599772037576,0.8294234087051351,0.961250700798737,0.8102329635917981,0.872067971581224,0.8194976606678411,0.7866439884694867,0.8657548231919654,0.8568002566592394,0.751516600192807,0.8006206108806025,0.7139699604348968,0.9073430384605451,0.8255866814551664,0.7256522905172393,0.6569908170514691,0.7242913805016037,0.7625569870944144,0.7664726487058708,0.7453316840128865,0.8735280998170356,0.8627273107990082,0.8442511832588031,0.7139333073858745,0.8252899632446925,0.8173806953768166,0.7593759730161926,0.8786317398660767,0.7111212616340705,0.8014160550603677,0.8158885202119542,0.9092365590181354,0.7183766126755239,0.6300838497210755,0.7064931436239286,0.7916505073429605,0.8260350201157479,0.6900392027282632,0.7413460326866078,0.7842566469600945,0.6343251995543844,0.8144782453616047,0.7776588410858559,0.7663498557129925,0.8993320173691453,0.8069692556755861,0.8764278730542941,0.7741320792364593,0.8998186357603013,0.8427085333528558,0.6169896008669774,0.7555021353682897,0.6737363650409975,0.8609743835562533,0.7805674984526254,0.6635096457704321,0.7926100270914435,0.8071555409998128,0.7333982309752711,0.8021841399314997,0.7302064370258498,0.813923884470891,0.915619150011477,0.8871860558804152,0.8731925123598265,0.7964927222858335,0.7900945789571322,0.6915555968102094,0.8035670096811367,0.8357568696805563,0.7380273725072616,0.8412849090228554,0.8320108812132814,0.7341138298971319,0.8265355414889236,0.6600724292112987,0.7359111099445765,0.8928523405183278,0.6874933202379518,0.8355841245442802,0.7176276107029206,0.7893761208688831,0.8095322051133881,0.861957643898548,0.6634818298105044,0.6506670320594693,0.6768892660656441,0.709962100889822,0.7673124984798982,0.7629565890729197,0.7529522131176093,0.9020641083900584,0.8584183175682282,0.7454745025726651,0.8236909329577682,0.7221041110707552,0.8956696571445658,0.7489545753949408,0.8504777120483261,0.8314159825576515,0.7632237726287895,0.7967516473752491,0.8304793877636611,0.5350864231759594,0.7421554692248337,0.773156940834755,0.8183252213055762,0.906620353286199,0.8106273831417093,0.7964284149813733,0.8357974838449819,0.8306566883542786,0.8867891769651768,0.8073752504933702,0.843361953719846,0.7249648276279232,0.8145046503839666,0.8536521136532526
0.8050537432470997,0.7707114416144363,0.8374525867747035,0.8179016050581648,0.6765066864127242,0.8286423724633971,0.6946643258290971,0.0,0.8009528388964567,0.7614717404157417,0.8496101565631049,0.8423555461072201,0.8718442673269892,0.7107073665285214,0.7851717606199943,0.8738671958291725,0.7837986386034608,0.7788300976919335,0.7496489111417561,0.786025512311339,0.7885703008909107,0.8027333672530387,0.7100745931665098,0.7369482817125939,0.8187578946208083,0.8190731504992954,0.7927701352744443,0.8164545709990901,0.691644180325141,0.7517288969627316,0.8389323280021348,0.7812047878668522,0.8174074340928353,0.785034127520427,0.7202265862123284,0.7854957790886402,0.87491431702545,0.8501530399261124,0.8272997521829168,0.7209413382703421,0.7539414277564566,0.6899065272000636,0.805585151024462,0.7420904593212918,0.9003212535595044,0.8610467956791888,0.6651300492069333,0.8011695735604967,0.7247245664739207,0.7690468660207503,0.8100450519379285,0.7801063088458284,0.6865620656635725,0.8251644651421334,0.8285974895235694,0.7086211932552813,0.8058060239333639,0.8943191158842951,0.6631638350491722,0.8029463801047813,0.9406837530189076,0.7208388860969707,0.856550773994494,0.6451868102144588,0.6695958341421739,0.8185247862420242,0.824045659550888,0.7909785751592046,0.7844241987321334,0.9563159578198079,0.8396179102303134,0.6922188505378413,0.7091158628291694,0.838091538067695,0.9214279761913676,0.7191946850987995,0.8472218138491037,0.7317122014276253,0.9042186136711308,0.6074420431754295,0.7282858464383528,0.8048884860728984,0.8008838642338864,0.8799886374649095,0.7471447801640573,0.8810631091260418,0.893885434199454,0.7421587210494697,0.8749296987592237,0.8578556301821482,0.7931455645161053,0.7153581015186514,0.7616597426563817,0.7551368712165768,0.7285731420890507,0.8274598155056464,0.8166652404820851,0.7249408616310765,0.5954594368945715,0.8073061712705996,0.7411897740346975,0.8830424481751805,0.7211359451213498,0.7509719034072515,0.8134151481286971,0.8600647103778934,0.84508360797775,0.7598702095078773,0.7513689711724217,0.7450115594636407,0.754518407007284,0.7377903738021887,0.7922268367177115,0.9194997732313094,0.8305210591833712,0.8071009883768104,0.6817732002243998,0.7232246336500847,0.7056534191572879,0.7432963866113345,0.7020391581295441,0.9238715853227896,0.6652187415646788,0.8225685882067392,0.6002331906225449,0.8575904317434915,0.6915110749158005,0.9013707106147367,0.7750485278106175,0.7637907762716623,0.7555859446986193,0.8321798962315756,0.8773480222252792,0.7577743792233789,0.8140270558388232,0.6360767503312956,0.7551627568143126,0.7312026713339465,0.7733344273448884,0.8563094019384391,0.7953095801682357,0.7027376288090302,0.7585742761316087,0.749475801719972,0.7997236742874022,0.7031379633152884,0.8157238398843626,0.7977155273690276,0.7901747974531739,0.5912445415110876,0.848936836887792,0.6710761317862649,0.7846892273576039,0.7262420574486496,0.8535097863203678,0.906278736877674,0.7974834200756394,0.8457417628160508,0.707910512902326,0.7416953489465399,0.6716628127718325,0.6549532571001354,0.844841273463144,0.7680517071079899
0.8688840497892624,0.7659005738323416,0.7105486751344477,0.6768762217906401,0.743446967468272,0.7743297883452103,0.6983102164860865,0.8009528388964567,0.0,0.6800978534107102,0.7547581784005335,0.8555775260750457,0.7244534652102929,0.6769906379501194,0.7848517341653475,0.741116684770653,0.683434747225419,0.742700151903077,0.7875710651681271,0.8528456659081937,0.7571885044284367,0.7793573257416526,0.6695796498884543,0.7124200123628104,0.8139319005815971,0.6844297665318698,0.6646514330612162,0.6764555456056054,0.6490588146403228,0.836066558970199,0.9475815514243193,0.753350159518992,0.7172850931070721,0.735823401984542,0.8147096934237527,0.7688611800628549,0.8047258499555154,0.7992343392507514,0.839255441787603,0.6362578693207085,0.7058817607405166,0.7633955203265057,0.7888066262929861,0.7936830533482511,0.7848511825069889,0.7483740216648899,0.7232946412293193,0.7841222546640181,0.7244548616763691,0.7940183311006532,0.7623192883959885,0.7321850555584388,0.7145623760765575,0.7467746566015003,0.7563264852814673,0.7835112451637388,0.8035497484768566,0.8098365385162082,0.6547693830267662,0.7454920735176271,0.7326421981551375,0.7023670287304844,0.7567713789080112,0.6940213132665425,0.7746518917237953,0.7406522735900845,0.7122732447474012,0.7629515476269292,0.696083730712219,0.7909905163879984,0.8444445898108464,0.7269264178173228,0.6928393900086779,0.7075965532039665,0.7659124498376542,0.7722900062805641,0.6942616113830061,0.68493107488407,0.7605027629322256,0.6010972577746839,0.6824728945502916,0.8765647706657539,0.8104356855139251,0.7019882488082552,0.7330354074315723,0.8168910938918552,0.7970055585848315,0.7489392301823296,0.7560396277550336,0.8514536858873205,0.7724230156233934,0.8338535426450017,0.7673586576305633,0.7697082582432012,0.7205834379592365,0.8396012907451795,0.7957057818502419,0.7520252263114879,0.7011392084470822,0.6988429602018059,0.7513366745647914,0.7289836997731343,0.7061786617088812,0.7571956193015619,0.8073714910663325,0.7348827070707318,0.6935618006498916,0.6882076343432069,0.6800960633697762,0.7507208468647371,0.7518795246535295,0.7800335978928321,0.7192555083168628,0.7545828639378269,0.7290992458347451,0.7041477232159962,0.715008074304618,0.7805465532140927,0.6296696676638979,0.7057765808912212,0.7574727290636369,0.73729241263539,0.7187848233431873,0.7831868527263385,0.7856498512626834,0.7543025786917776,0.6606533167604038,0.8031973800639697,0.6907642060594649,0.7130925688081922,0.8125907743562459,0.7369008986557974,0.7274416356252176,0.8478655919129695,0.8323723614590858,0.7580858543092538,0.8202135109100835,0.717383299092059,0.6779698286659825,0.8754362219527765,0.7082443543065855,0.7395857810886001,0.7820335731717935,0.7871882297946198,0.7955025833592775,0.7424355829995198,0.9210274795794665,0.6585697122760231,0.8199898437795112,0.591673691706825,0.8744662151538944,0.725318841512764,0.775888403180648,0.6767288017765312,0.7798146801977371,0.8434229133279209,0.702014561224121,0.7234605701392194,0.6736371902964474,0.6706715624999096,0.5795618462157908,0.7956936053354141,0.9156131729397802,0.811616891046874
0.8129352476505426,0.8732290472608506,0.8866493083627036,0.8599891235143727,0.7551780120619939,0.7408487057534602,0.9056185085860198,0.7614717404157417,0.6800978534107102,0.0,0.8302958712828199,0.7758916774637743,0.9056533255598439,0.8239928243440272,0.8150506886067945,0.8233921275207267,0.8613406524165804,0.8745135045891629,0.6595651271631702,0.7398308893528468,0.7784904202498627,0.8403694651110933,0.9114217672983119,0.8414077520924915,0.8771646691728296,0.852199578401688,0.8810377552529937,0.8681085354566794,0.844681205512162,0.6954480723906067,0.7217016912506599,0.7742185071394296,0.8492708079270698,0.8120585289287945,0.7632223874999297,0.7654547769876405,0.8565115024402986,0.7455047623462547,0.6884636419835304,0.8944321878241318,0.7872113206615325,0.7871245191912357,0.7221110557124314,0.7603830204301208,0.867350209941056,0.8762580388068233,0.8065801494379854,0.7741554812142154,0.8848130966447596,0.7407962193818777,0.8087561275547493,0.8003437320476243,0.7312596665244375,0.8223941140260372,0.8110215466276602,0.8020573257875381,0.7495980190769221,0.7270758877051373,0.8374093729566474,0.813214379441196,0.7744622785810266,0.6576990032367208,0.7143140395318166,0.7088328151318619,0.667108110707129,0.7403413237847684,0.8830245918460231,0.8460145439832742,0.8422270243183357,0.7545760925819801,0.778612737278996,0.7547280418003017,0.733705689520303,0.8795867910517026,0.765473215441987,0.7890379291232057,0.8177105509830253,0.8800081190819538,0.7421827276026272,0.6359326597581858,0.7401530393625773,0.7242459230793352,0.8390759646692911,0.7562844826728464,0.708628971682878,0.8163901382778045,0.6605124938758418,0.7602661780339224,0.855303210239883,0.8080157685420645,0.8257851194632178,0.7520850053075904,0.7941308537247673,0.733061231367213,0.8153881832555426,0.8437350056703652,0.609787684774861,0.7817833591289124,0.6162678810338587,0.900376033652668,0.7398707844163125,0.6806419759486484,0.7403396335003143,0.8070537092932828,0.7069793621320898,0.851008887992055,0.7580149934646687,0.9019697879100242,0.9023951484808039,0.8771903096854076,0.8013629849843807,0.7129172954641588,0.8058454525349441,0.7487347080952169,0.8043054683191259,0.8840445544872763,0.7519099852128958,0.7626532802544114,0.8286851087332268,0.7629012050364941,0.7270515039681649,0.6926900566047078,0.7153709863954217,0.86528474696082,0.6043909503457985,0.8532878206087842,0.7145744734479149,0.8092030070809493,0.8363280282770517,0.8255242838932514,0.745519673373523,0.6731093226046478,0.7117532015166939,0.6582529098199021,0.7177292642914178,0.659982893019507,0.7584577412667927,0.8318212881419144,0.8592900980847079,0.7089817154962506,0.8161850702255887,0.7058686816187971,0.8418476184030139,0.6888931572785003,0.803315737001331,0.7900078267398843,0.7209137152081899,0.8647544021777702,0.8582677048055405,0.5565952788090586,0.6966860393167915,0.7290809574156148,0.7544209007614836,0.9224592205134834,0.83224648733092,0.7976316676597064,0.8457263859925028,0.8946482437357793,0.8278911677241174,0.7879905362189384,0.8964505093280154,0.6774167750519785,0.8152737551370999,0.7668227694536108
0.8943879238733876,0.8645998056639377,0.9086125494144417,0.9095534717459438,0.8541271841122856,0.7804644515488417,0.8608478618182165,0.8496101565631049,0.7547581784005335,0.8302958712828199,0.0,0.8749668495198243,0.9137942547510324,0.7968366601235204,0.9231006575216925,0.9102332045508534,0.8835717991297104,0.9076359211110095,0.7821167726105582,0.8458869698748185,0.894923501107988,0.9374949404286685,0.8428946099610517,0.912042219801337,0.877084932140027,0.917002475696558,0.8462052249910301,0.8743853368872309,0.8405818030373589,0.7447316016476712,0.8424737961859667,0.787337666556933,0.911272993774171,0.8162974000629453,0.8335607052964066,0.8459254936507329,0.9396559004457039,0.8885986151359578,0.9028039484718818,0.8701161662335004,0.8825383291974807,0.7333323282661363,0.8595740896309929,0.8993607821710387,0.9138677263817759,0.9149311068572179,0.7363203506187772,0.9482985608972332,0.8907175728870514,0.8515727576531787,0.9134249636084905,0.8655351449240353,0.7825926097213346,0.9452579781926295,0.9405924537676364,0.6992940106394536,0.9025476329452083,0.8542096168604701,0.7927453094715106,0.8631553454650834,0.8900491290051612,0.6866443257738571,0.8634253334567833,0.7208669283944752,0.7665781125638227,0.8368961243052015,0.8949466592512098,0.8675519140629538,0.8443852495530652,0.8717237397919596,0.9054422532918969,0.8010031389509664,0.7470227396990998,0.9225100533051047,0.861739916648491,0.7817277433245713,0.900294245749731,0.8804331150952843,0.8845795500231288,0.6817039945884947,0.7787674752160648,0.8412434336672155,0.8693120167092974,0.8390249887961841,0.784391126632071,0.8923108251555573,0.7764979405167979,0.7874363709804865,0.8239679073229491,0.8338192894260964,0.907168583244697,0.7473906173229209,0.9116136618601706,0.8470898776737701,0.8621968251532268,0.8841325572867058,0.7462342284938961,0.7244769190095653,0.6371770957336935,0.8419061902758984,0.8354078629709744,0.7980616555213486,0.7608659173952756,0.8022579194113368,0.8060407780659811,0.8737196763773899,0.8284030534118534,0.8085712701225846,0.8797197377165542,0.8852276230124018,0.8842205265512132,0.8254066621276904,0.8134191868946007,0.8246699249156034,0.893957220986269,0.8740718121365645,0.7215687506373905,0.8516126983789544,0.8105706694203695,0.7318317468940875,0.8641786456614932,0.7983344543640128,0.7377752497382164,0.9540847027427128,0.6896444708320028,0.9454334906173077,0.6904201815641263,0.8976200321444616,0.8431575522332827,0.8820794252376082,0.6710343545080907,0.7871863816754991,0.8412020855370002,0.8031716118817951,0.9057118902257472,0.7800563056677887,0.8198246683584361,0.8866420369239414,0.8887088560464147,0.8846681726968775,0.8806037764827283,0.7373189592972471,0.843297830702336,0.7827992409896902,0.9357701409430543,0.7519623869362217,0.8522692197456377,0.8551861458320976,0.8421041784886426,0.5703062674069986,0.8777318676599091,0.7791942404587628,0.9020747886351677,0.8176116219287977,0.8973451129976717,0.9287209694538463,0.924104149903838,0.8909199752702458,0.8632595016991269,0.814325108142506,0.7724381027632704,0.7278296206475173,0.8474586273359332,0.9397753249820266
0.8818522407103506,0.8478664118471033,0.8239362247639545,0.8050930038805226,0.8148063701319445,0.8795376928610673,0.7832666499318008,0.8423555461072201,0.8555775260750457,0.7758916774637743,0.8749668495198243,0.0,0.8028453399358039,0.6980801565365045,0.8209187369019629,0.8601711089809981,0.8318712879674726,0.7835728124687803,0.8992531710568625,0.8471331629208617,0.8901162304247199,0.8361370903537361,0.7780142989558131,0.8168859142710582,0.904300765413697,0.7810382322630214,0.7287895295666454,0.8173284947440846,0.7481306950230387,0.8781941115037402,0.897195940595404,0.8031311331225205,0.8162184348925137,0.8541306128454813,0.8129576238620292,0.8127568566227109,0.8524587137716175,0.8265446893007525,0.8779804151623298,0.7292873384181122,0.811329114766249,0.8216922577860837,0.8080726845921712,0.8731526735902112,0.8391192835798024,0.8286435880428225,0.7616397977633635,0.855331097447794,0.8004388879681413,0.8068532476997339,0.8471842679051521,0.8738052849203726,0.751188929431722,0.863702332064386,0.8418727539907387,0.7970522422633272,0.8776536888343549,0.9361155274818502,0.6852230060621224,0.8062147506005033,0.8010632291229264,0.6932607077437815,0.8369938451861992,0.6848911640598914,0.7383237996706954,0.7740558519715037,0.7565716320434474,0.7750202361385914,0.718694054928494,0.8221571365754428,0.8419170469701157,0.7195355763933716,0.7169520643475104,0.8071387999868991,0.8618293596696566,0.7796135363360142,0.7785001896226366,0.8000454882964462,0.8317495533160376,0.6969067978294439,0.7951572303186573,0.8576078018539408,0.8745110010984474,0.7679495112934419,0.8039101097119877,0.8782860990657968,0.7830721023127123,0.7277449654479344,0.8175111707279268,0.85418833082528,0.8573984156452784,0.8260547834772539,0.8429218373365278,0.8296349108863705,0.7636562737803092,0.8882028932612778,0.7606691880110944,0.8280185561168157,0.6623326692172479,0.7775477818717362,0.7520077886523263,0.7482039257479761,0.7471493824142403,0.8455365491949484,0.8025657033412245,0.8270257955966055,0.7862771592145207,0.8255751837312449,0.7634877388266218,0.8613826721184473,0.886321743230431,0.7991221028909654,0.7698418172460767,0.8004565496285392,0.8090162789729531,0.8338741700157509,0.8075330011702512,0.7988736804324426,0.7681693401440893,0.7365592909222063,0.7858875138707935,0.7684857234547969,0.7773335181579982,0.9044947384868498,0.704454087432074,0.8710308210353943,0.6897125344209942,0.8537971937882098,0.8184285511151226,0.7294896846967399,0.8034486848985953,0.8089795541752677,0.7469595577845652,0.8517667977556286,0.8417337340689489,0.7147193396362612,0.8579771192799418,0.7659888802740568,0.7432852263290043,0.8880653993792231,0.7657443088261336,0.7495886555357887,0.8336886499326353,0.7760413036768233,0.8544285976743663,0.755645864049315,0.9146225726989142,0.7647672715503531,0.8826590601867466,0.6237152679164077,0.8791011557856273,0.7906797505067445,0.8495462844816577,0.7341516971830435,0.9452767032857977,0.8405108771472719,0.7915956394750026,0.8754084690176737,0.7363290901983393,0.757534458469848,0.6510974201075866,0.7948092230434549,0.9131592924595686,0.8892818566858148
