0,1,2,3,4,5,6,7,8,9,10,11,12,13,14,15,16,17,18,19,20,21,22,23,24,25,26,27,28,29,30,31,32,33,34,35,36,37,38,39,40,41,42,43,44,45,46,47,48,49,50,51,52,53,54,55,56,57,58,59,60,61,62,63,64,65,66,67,68,69,70,71,72,73,74,75,76,77,78,79,80,81,82,83,84,85,86,87,88,89,90,91,92,93,94,95,96,97,98,99,100,101,102,103,104,105,106,107,108,109,110,111,112,113,114,115,116,117,118,119,120,121,122,123,124,125,126,127,128,129,130,131,132,133,134,135,136,137,138,139,140,141,142,143,144,145,146,147,148,149,150,151,152,153,154,155,156,157,158,159,160,161,162,163
0.0,0.8604705498822174,0.7840807734340222,0.7838242742058849,0.8226061312394014,0.8100344777648106,0.8786534111923242,0.8237116031482355,0.8712395583829565,0.7564328638146912,0.8553777078012984,0.8492665442653111,0.885332528688419,0.8250881239860643,0.9102752478056731,0.8259769362267305,0.8372182997256771,0.9609273177755043,0.8441904671618647,0.9264278518346412,0.8547673391026992,0.8744876283270147,0.8610209463675277,0.8992152671782351,0.8879249280579484,0.8005118096477457,0.7951916647122164,0.8211444244358911,0.722359819562288,0.8395544601708406,0.9063963483125833,0.8608364232324685,0.8300482506832655,0.8495860181746286,0.9156055629383973,0.8200944655386041,0.9167332087377076,0.8804024874758516,0.8094622010947505,0.8656997464090468,0.8175155598474848,0.8548531395710469,0.8817453375900713,0.8542927454245336,0.9030872862795101,0.9107587535415853,0.8481671066474055,0.8307243601544324,0.9159769544619007,0.8766210921434108,0.8811619361511913,0.8485473953914414,0.7846753099952223,0.811899156770944,0.7889984804220097,0.8109854666107152,0.910083691230154,0.8347541154291158,0.8244139063114996,0.9019465321430006,0.7764090052584983,0.7695522647579386,0.8190770712260481,0.7524008592910875,0.8442141744085194,0.8319383145951467,0.850588941417728,0.8708029957946042,0.8178101194189484,0.8673968270838222,0.9230096680017227,0.8315056411125132,0.7833096284191241,0.8684747372196153,0.8221548702744258,0.8859117532268902,0.7860074497008197,0.7946727544207932,0.8394936647222755,0.6823100790983521,0.7585599508604337,0.900801846612872,0.8445571550930162,0.7792466425117676,0.8381291991863848,0.9059474125014899,0.8348710345262969,0.8457924281983961,0.8607842847169934,0.8167272183047775,0.8945369276284398,0.8821624258228881,0.8443507571160432,0.8634563843996386,0.8410616304564453,0.8274946895669519,0.7220694416349218,0.82887514213374,0.771262912099511,0.8605381982056823,0.8065908554349123,0.7680495076902291,0.7757899171366217,0.7806808835463539,0.8711375222154014,0.8585092088701896,0.7621529312056239,0.8189751449164059,0.8845792395270443,0.8759829034523964,0.8611656264073456,0.8462113005822923,0.8353999698369386,0.7756462516277374,0.8672392977863935,0.8665277678256645,0.8662060062748826,0.8385031751497899,0.7380510372012913,0.8082405935050652,0.8380278426979982,0.7301664864650086,0.873392504661947,0.9021128503505912,0.8003974616449976,0.8123473309872334,0.7428569518331848,0.8588460945250964,0.7714457718395921,0.8494046438969842,0.7840163479781082,0.7658116987722663,0.7710167376150143,0.8405579456855462,0.8412620331539784,0.7920433512188367,0.884198177881716,0.8889700777716213,0.8411786125110864,0.8956594030263048,0.767643653387241,0.8347133535186019,0.9011491083318648,0.7555541276401881,0.8652654096084011,0.8814999679119215,0.874573983771366,0.7599408309980731,0.8338531681818064,0.6292478072909177,0.9100795560339132,0.7811460099148845,0.8533588760789936,0.8081415534711468,0.8491298443021116,0.9234367914792921,0.8791154439818584,0.8204288804653116,0.7968141071369838,0.7725333737226336,0.7287094959677985,0.9113558790720585,0.9038164215373173,0.9245780910249912
0.8604705498822174,0.0,0.8876780530006965,0.8056569581040671,0.7756150992973967,0.8845266779970631,0.865331464813684,0.8676960298189278,0.8346013785493205,0.896419047570472,0.8522732686380766,0.9252059541485228,0.868458739490598,0.777474774379234,0.8944137646140833,0.822991164106038,0.8277381035785921,0.8444803900813296,0.8585522766999181,0.8463467203132871,0.858037068077032,0.9435422476666548,0.8216481756222133,0.9115363987434734,0.9107426742854371,0.7114604917363175,0.8073607990684681,0.8011875289440124,0.8399206716338108,0.8156598097389043,0.8785710917512619,0.8345758885648512,0.8764458934130291,0.7953244944340195,0.8148333025068493,0.8142721227789722,0.8493219773111522,0.8027063748808697,0.8328853196459522,0.8548913928964967,0.8501596454010427,0.8836477256823975,0.7611180842973728,0.8022134724555493,0.8842771170418314,0.8413184920859808,0.8081314073718063,0.7952592294649788,0.8420752144157301,0.780992827637177,0.8022091887830959,0.7955428957172381,0.7685684978652392,0.8661307206576262,0.7944805438065835,0.8513251916844959,0.8061866227565208,0.8489740308585976,0.7857741058376115,0.8522391936312824,0.820639584139172,0.6735546207959543,0.7399892595651391,0.7047707799351645,0.7358415307387655,0.7291648379059871,0.8202135092294698,0.8115466210017356,0.7475361706785033,0.8405686375829134,0.8199666363634392,0.7110944965241416,0.6843963224348001,0.8489444685556281,0.8605653284405178,0.7695519724100843,0.7555634471748723,0.8051591453418019,0.7385447985701137,0.6374645739345597,0.7846000384133051,0.833488184018892,0.8876618352244399,0.7636738874059518,0.7139895153459616,0.9135848683941251,0.7618620321584892,0.7083637320657098,0.8220426931337731,0.859725211115578,0.7850852309782225,0.8633762700858633,0.8154393449753048,0.7676747559420726,0.7650471715474564,0.8969647129681243,0.7272824580854862,0.8521778884622708,0.6495969611418747,0.829722130976093,0.7517293658908483,0.7334263961138969,0.6712620292503839,0.8519515274814426,0.7446067193792053,0.8056636209203693,0.7566408095930166,0.8607275957552639,0.8669187884304059,0.9354319029885999,0.8428050012319898,0.7008531359693551,0.7741774671056515,0.7792536081920654,0.7491489124301317,0.8642251856148668,0.8219658712867288,0.8150244382345347,0.7666337978043559,0.7596648631013586,0.7367023892714437,0.6795981356209286,0.7732186591584073,0.8789793896758972,0.6937756398478175,0.8887607158021331,0.6949921572462219,0.8740273984931202,0.8365372468745365,0.7825763613642024,0.8439880579222829,0.7794718466144038,0.6810155851208345,0.7911367117387701,0.8481383454484827,0.714622258566455,0.8538736749893558,0.8087129008825096,0.8440452812924475,0.8509897578230744,0.7758190679448939,0.8168365592816969,0.8929153873016467,0.7567679750730739,0.8342283168722561,0.7614296341342022,0.8860440013904815,0.8452699476016722,0.8944435944770669,0.6831716104368918,0.7823269567080362,0.8034011169138723,0.8456449862993382,0.8834566728911093,0.9023569360128998,0.8843503662554664,0.8739087010134662,0.8643597729573855,0.7585827246954641,0.6687179380262215,0.7732364155861695,0.7927855753882638,0.9364457012238087,0.8268346197408937
0.7840807734340222,0.8876780530006965,0.0,0.7662237697523456,0.8146623282323556,0.9136169657621772,0.7965965824913689,0.8428713831549826,0.7128953634445142,0.877080670867291,0.878358824331507,0.8834656716870183,0.8937858419276695,0.7326166490566768,0.8011710730623853,0.9273748615380185,0.8924404556781245,0.7829499984426559,0.7902215595172714,0.7743099903452229,0.9090746023752762,0.9209482674112602,0.7512158503930326,0.8597461207286582,0.8523507954012075,0.7962906707577392,0.7423879164572907,0.7563199665528418,0.8432072123040231,0.7910719303626055,0.7640622871204822,0.8716462547711963,0.8118451577174083,0.7565244516509131,0.7131598635863544,0.8183916397208159,0.8446278086014725,0.8056816460874987,0.7995702135321439,0.8310630297879433,0.8206313444693121,0.8553293251730638,0.8042765279398004,0.8003792645491662,0.846666929967826,0.8238374123109652,0.840603400157153,0.8524972365958629,0.7864710641644647,0.7873886094228627,0.822101115430545,0.830520732554966,0.7054640329038785,0.8604414547266866,0.8114881564239621,0.7851717288268288,0.7800899111282826,0.906750993468379,0.7442502984314927,0.8099851573243112,0.8262900362264023,0.7514381057797986,0.8141512143699587,0.7015109375299728,0.6866203022509718,0.7406241847444169,0.78047293539234,0.8437737349517288,0.796167684034768,0.8221152531734878,0.8226847193206426,0.6532054014879138,0.6907071878437129,0.8904966396386563,0.8779269269788423,0.6821676403677852,0.8292017049228949,0.8631144452921055,0.7373827014386296,0.6890402138115714,0.8609961467329557,0.7552923473459463,0.8507280923876988,0.8047448428902686,0.735304066177907,0.8495002790726474,0.7695070278066146,0.6839514629131315,0.7634529809757002,0.7597679578826132,0.8160173271194865,0.7451079103454298,0.8182395983960095,0.709045044814111,0.7344212656885079,0.8454993570549122,0.7158317709284902,0.8012745186380397,0.6153593920578773,0.7850806405991544,0.6802580412167184,0.8035417822058877,0.6651116105386996,0.7937845662001085,0.7255556354987739,0.869713710494027,0.8408272935638028,0.832513068089167,0.859067059959747,0.9114039368667441,0.8322759213035277,0.70366885128309,0.7888273346367995,0.770312928058591,0.7405490886225797,0.8402241415175457,0.7503372715294947,0.8041220677903953,0.8497361811865352,0.7162435925417001,0.7445966060862038,0.7074359931186813,0.7585285449251236,0.8546988387195315,0.606673900862878,0.8844981957510568,0.7398346268154601,0.894809603298289,0.8760337646560277,0.7669039266058454,0.7742862764736954,0.9107035372176749,0.6550687696238866,0.6990129708933456,0.8076808237664334,0.6850168438350318,0.8046397781252994,0.750885164320417,0.8061308081193054,0.7908089077555127,0.7083047082996203,0.8806290360797262,0.7887499370185942,0.7603064047020891,0.8542612726748163,0.7418114427137105,0.8411726863866105,0.8752385351899792,0.8727754204137845,0.7764133940852053,0.7020297637738951,0.717962860815211,0.804508797099467,0.8933840250221512,0.8844373201809206,0.8138410743794925,0.8050457975216153,0.8892145687830666,0.6580380049192248,0.6996781770848863,0.7914202347132661,0.6811490768180494,0.8568582590984575,0.7768271102729837
0.7838242742058849,0.8056569581040671,0.7662237697523456,0.0,0.7170675929438713,0.8040252402146822,0.8342099786550539,0.7861673706200014,0.6771637012270019,0.7359483262067121,0.8421510498691372,0.8026744035870867,0.7965330043971273,0.7747062206418273,0.8093840037056953,0.7450880411649601,0.802287708187703,0.7841303503037874,0.8240315259081562,0.7242749231924988,0.8187139674863679,0.799035899738254,0.7757990622876879,0.8033338558767935,0.7891816037340034,0.7804620451671578,0.7555615758221483,0.8202968396613782,0.748240193098962,0.6683513734474453,0.7566618268560708,0.7683372805739681,0.9369444899372621,0.79849397770434,0.7820054149617448,0.8347175179506688,0.7761302237117013,0.7638483754994695,0.7659012445607253,0.8471362728285775,0.8555588947584102,0.7397749362193873,0.7383755997512633,0.8161044036360278,0.8106971885956905,0.7780127449005766,0.6790135879933722,0.7657624017075636,0.7941386377891199,0.7603382021259558,0.8580247742420513,0.838531100292833,0.7468441702408466,0.9059962663948197,0.8290577210823962,0.679425560402229,0.7882630517614817,0.8125539686032346,0.7717048233925838,0.8183383002489103,0.8440044277401173,0.6968935363866509,0.8080498861135986,0.6644518975155197,0.7133532574373161,0.7476286425021209,0.8282762045279372,0.7166726740392085,0.7269983898569521,0.8027662267299928,0.765981804541538,0.6919291150009952,0.7843030649513443,0.8652537091087446,0.8124034381545873,0.7046214257333494,0.7922981351068269,0.7424397678471307,0.7530071288580054,0.629955692691463,0.733515947822862,0.8116257598749904,0.7065650231890961,0.7708274401524995,0.8049176624496573,0.7762630151924861,0.7697857439488134,0.7331150507471484,0.7595253189626581,0.6892609160285551,0.8273774135224712,0.8085558807351265,0.7887820943632816,0.7648412187187449,0.8403067610222964,0.7667963483555212,0.7159585025147499,0.7842065935265147,0.6602267229693954,0.8562225867217714,0.7255682004539276,0.7485781549562499,0.8161566743012901,0.7738910809094743,0.8024218725227027,0.7299419387862348,0.7729862321517676,0.7456628323143539,0.8012371519521951,0.7699459774327772,0.8813102216859692,0.759023914986455,0.8517855394146783,0.7537593366189689,0.8180542565662045,0.7944722800314046,0.7735853931250493,0.7047653047503606,0.844224396985285,0.8103033580275032,0.6925197777354943,0.8056332363673967,0.7461065730673064,0.8094068114478766,0.6538906034786903,0.8096562634869416,0.7578995548024474,0.7569975310091104,0.8257124069501981,0.7262306966083293,0.6477014623955789,0.7241688104011355,0.7102508030478899,0.8057274151379005,0.7635082726871539,0.6454671776061912,0.6714996999481505,0.7895265451778725,0.7741185151162152,0.7508034601569445,0.8429047372777291,0.7265258273800693,0.8452890663103498,0.7764050022969393,0.7691971070950525,0.7410068132149832,0.7347055882591979,0.7267399664600515,0.7200456431166613,0.6158550588938264,0.8132618551675806,0.7657983948178672,0.7929946515410171,0.7070372849119319,0.8371477170888433,0.7682245375716301,0.7874370530932747,0.7788793080559299,0.8578009851730314,0.7681757909631266,0.7313199188697623,0.7541316177347392,0.7609026803643234,0.797413455293841
0.8226061312394014,0.7756150992973967,0.8146623282323556,0.7170675929438713,0.0,0.7658732216015649,0.8584597210102818,0.6854190545970228,0.7260053144051315,0.6968941575651415,0.8588428142545007,0.8174773715493427,0.7719604416124469,0.7153969914015224,0.8591019566828557,0.8357092546368555,0.798632333296524,0.7953886892956944,0.7404334944893133,0.7453537227325921,0.8579492055687046,0.8658244979385172,0.7540494742894588,0.8729803735509319,0.7621502319965382,0.8363643599677644,0.6839808603340988,0.660784519057382,0.7638999596705591,0.8233012628818557,0.7796992263881956,0.774357173824811,0.7863573681382416,0.7041400131130897,0.7771233603309537,0.7924679353920286,0.8402395468826382,0.8133537027456846,0.8290828525419458,0.8145799512407335,0.8282237528142414,0.7949279086947432,0.8506313242678403,0.90121799692368,0.7455111470179504,0.7735917799397705,0.8679925333390884,0.885638781031595,0.8233329967055034,0.8243290868290484,0.8539381175442274,0.8243245862497343,0.6984110371197684,0.7943401268013588,0.7889700509279952,0.7207081560122481,0.8041385859628628,0.8484558653821251,0.7086870072595882,0.7770679410516993,0.6608169682412887,0.7489500288407153,0.7917063644558,0.7051787407735082,0.7509766724008521,0.6878468218102748,0.7123040183737986,0.8650879095445871,0.7318902772843985,0.7301724818735178,0.8765492660873285,0.7281622099879094,0.656272174816802,0.8011896466338776,0.7081137793687436,0.6976342348644113,0.7787574334622895,0.9244445760372434,0.7159103885390872,0.7553850071182298,0.7646824351522686,0.7860325823265794,0.8452908322977661,0.6729727918592606,0.7399017206710374,0.7762709807976156,0.6942202391348271,0.720060150154915,0.6672976607524412,0.7163342734411318,0.923093241164064,0.7611634660629175,0.8738543366675994,0.7206498780338016,0.7689757510402369,0.8052992301191289,0.6367271280774925,0.7037030781438448,0.742021381763604,0.6883134752547835,0.739368625496563,0.7025355564568674,0.6943522061210387,0.7187810048463282,0.7250711582594017,0.8006804513079404,0.7009500324904147,0.7077043773130435,0.8360309590136036,0.8303003280673903,0.8309757160592159,0.8066802490298517,0.704115560984568,0.6602727653086796,0.7516049918681136,0.7877012724186917,0.6897399281004495,0.810523966323263,0.7393068478578334,0.689954454533333,0.9268236148802709,0.6689478060259051,0.747506358493865,0.8875095955570578,0.7173173518958269,0.8058697360807985,0.6778924038450089,0.8487296653041243,0.7276251484948261,0.8025061215923707,0.6724833740935539,0.7909880176704747,0.6366752756566886,0.7679139992943558,0.7660791446281734,0.79958478652034,0.8127432648457673,0.8524001620222196,0.7358839388279648,0.8283329362167472,0.6800747276469167,0.842254754297206,0.7658182876822466,0.7280726182360038,0.8892266703184387,0.7688142416298135,0.877736420235471,0.7635215042413347,0.7455151244871586,0.648314484629695,0.7462747209671777,0.7166522034340115,0.7856429370865645,0.8001272596533738,0.7951648337022751,0.7772492004938758,0.7661012159949261,0.8137497555532588,0.7134478208339327,0.7358520605609108,0.6723596270571907,0.7517019689870074,0.7963439643227054,0.9000166487416779
0.8100344777648106,0.8845266779970631,0.9136169657621772,0.8040252402146822,0.7658732216015649,0.0,0.7976908761749061,0.8658184272797285,0.7509580747181251,0.847574017035866,0.8475960235563238,0.9058286652823511,0.8748455870761767,0.6793783975326148,0.7847885471111221,0.8740980409138549,0.8583834356757202,0.7606564226141466,0.8446488113970348,0.75545336839663,0.8874958227280549,0.866358269031579,0.7399784224378272,0.8316079354602122,0.8744066419203058,0.7464874547777489,0.7076058772584771,0.7813827778002982,0.7785615022564518,0.8185120522212472,0.7874281701842166,0.8699768989847816,0.8292422300156209,0.7794130515932794,0.7077523742160653,0.7559767123365237,0.8428894377043629,0.7516245630363978,0.7723917816861313,0.7787205771848039,0.7884411794441278,0.8879808771315519,0.7637357308677285,0.7977840116674116,0.8147959962687199,0.8083588979948746,0.8066688147250956,0.808357464129603,0.7637677035323033,0.7331580809018398,0.8202829840098843,0.8552555000179174,0.7114356467117158,0.8489866961288317,0.7703607204013738,0.8372328635604022,0.7814951798314221,0.927313877208694,0.6932911883057307,0.7771169158801576,0.846638325025031,0.7262175843699683,0.8231542640889827,0.6141885909228958,0.6791523782598867,0.7446299968435076,0.7628446968197478,0.8236348479350178,0.7118053370907048,0.8517110927364063,0.8112843131380708,0.6111787877278344,0.6958167647435981,0.8622304012714677,0.891013813894749,0.7266085545480809,0.7959626802440425,0.8161297216652127,0.732982750018977,0.7339357905065451,0.8975197624700676,0.7857828659221829,0.8657259937361488,0.7921092388472383,0.743641980988254,0.8431297161510223,0.8207144467976183,0.6664451516804935,0.8049698714499683,0.7876579763302288,0.8004838493274461,0.7894127922197001,0.771971484428505,0.7412298827632983,0.7192544094427953,0.8582771621779335,0.7176658871564371,0.8384032022101658,0.5917382801902049,0.8040108999136245,0.653703003620493,0.7811095885364162,0.6791266380134088,0.8032988519094645,0.7254777618507533,0.8319156257164956,0.8075375940733668,0.8362016147497203,0.8006248443713088,0.9007379322968905,0.8563049548005816,0.669077442740955,0.8376682044322122,0.7685404514762416,0.7376646703160846,0.8593531101045343,0.814897098556914,0.7474903116410218,0.834169340470204,0.7483661147194066,0.6849796444252928,0.7437118838167244,0.7682526422988948,0.88424081912264,0.616230944347836,0.8689022175014812,0.7276240448238953,0.8499035989125238,0.8290081060423499,0.6867046233963343,0.8102073349349526,0.8883291884401517,0.6732012001568755,0.7389311363062127,0.7685458703520401,0.6492636051426125,0.7976831290027218,0.7016004618479973,0.7230489123610686,0.7854332382699258,0.7352683314872861,0.8153647620840171,0.812503711176443,0.7184946523299864,0.7973647487335729,0.7332419440473322,0.8404931536537198,0.8635465819353044,0.8320129238158566,0.7013599591047589,0.7403567149463136,0.7554033554783091,0.7662409200669981,0.8066321598233532,0.9155599293894633,0.8185152266328906,0.815502120535806,0.9249009899308743,0.6712041047668418,0.7248941948015116,0.7560218225436857,0.740733829404642,0.8675852785584988,0.7902466165025711
0.8786534111923242,0.865331464813684,0.7965965824913689,0.8342099786550539,0.8584597210102818,0.7976908761749061,0.0,0.7562781706212837,0.7720934910852653,0.8100169375834967,0.8556953128282786,0.8615393026987402,0.8488185319723288,0.8198027303411415,0.901668921573835,0.805294710436126,0.8060633850897405,0.862775658314761,0.7905011806808591,0.7741924017653821,0.8231131711309823,0.8648695394517968,0.891914628314845,0.891407905879363,0.8692380979129483,0.8042525088756829,0.8187818947580822,0.7708806023262492,0.7955185623970883,0.8178787199765081,0.8464517633382495,0.8467508325222887,0.8698405464306024,0.8214401669371924,0.8385513040253091,0.8118272524169452,0.8943887776507875,0.7727157832629731,0.7982630807186658,0.9032380531814175,0.8099708627416358,0.8435476796973287,0.8051996582256431,0.8615644550649572,0.8436731786902972,0.8335256684247498,0.8429765796555968,0.8223752003176369,0.9351860502371938,0.7934699942870963,0.8768830613446028,0.7996382993813607,0.7240301125661992,0.8316379847574399,0.8287876654571886,0.7988053733334091,0.8031674687801977,0.8223617017790892,0.821889504478124,0.8489630220942262,0.7319287398978426,0.7260892624326106,0.7370022772133378,0.7108962939477105,0.7456070580461585,0.7137813591913623,0.8491071341604126,0.8645964370079727,0.7639925024216636,0.7911723279483492,0.8427724720014967,0.7661543035242716,0.7209338179144157,0.8648596341526672,0.7356568920544145,0.8150250067413921,0.8215350093225018,0.8951603692469198,0.7125414698878385,0.6917561258844663,0.7221782449280807,0.8250256118426964,0.8519774438528577,0.6851157158916521,0.7539518018234956,0.8037100442314704,0.744049819020698,0.8117434219881265,0.8037821369190231,0.7846102735755378,0.8942713367311386,0.8940573948886471,0.8592653881401932,0.7648210558562705,0.818341863060717,0.861911493798012,0.6338813467605338,0.7974345558398135,0.7346217022609095,0.8466148182997416,0.7929241708149234,0.732919453501955,0.7791447326719745,0.7906967227359128,0.7540659170681642,0.794530253641448,0.7187442712193235,0.783510197785276,0.8933855658209988,0.872594897056956,0.8945625025412228,0.7750395619153099,0.8005953516433676,0.7344226680359551,0.7717011162476091,0.8320875036698709,0.7848100246113837,0.835757214120162,0.7643308336529477,0.7999079372956014,0.7967707019313656,0.7012058838945592,0.7642087702417389,0.9159905955969928,0.7097376208745099,0.848985310881428,0.7321393346543579,0.8625737170398386,0.7729600291598843,0.8079134472146002,0.7352621152307686,0.7110935454944859,0.690299193351349,0.7649580684842238,0.7644004009500567,0.7208523314325725,0.8055302282672543,0.881080641964395,0.8024007196147042,0.8351682446628931,0.7689137930230857,0.8268244295076606,0.8912112848038491,0.7340697033849236,0.8578983100124006,0.8559813585255246,0.828481535665276,0.7926038362136686,0.7943394852696434,0.5919184283225373,0.7992379086589031,0.7728807725786647,0.7936897208027464,0.855192486800043,0.8450361539235476,0.840714943794306,0.8494364336955497,0.8507455171685246,0.8321434383691559,0.8048760280775654,0.742237105655706,0.8152679330265052,0.8581820149133087,0.8633074724532489
0.8237116031482355,0.8676960298189278,0.8428713831549826,0.7861673706200014,0.6854190545970228,0.8658184272797285,0.7562781706212837,0.0,0.8269846765675427,0.8366347132974774,0.8047803714157741,0.8767771083870372,0.8857080800681051,0.7086053759860095,0.8097650286099295,0.8273436987433428,0.7907353602236162,0.8086750471143387,0.8136092265445213,0.8141506938365546,0.7994546622122285,0.8421415981225729,0.7810559203931161,0.8045043875412792,0.8842355164692929,0.7288492317673234,0.8298258093398408,0.8138485502544232,0.7172868345997195,0.8019087028410846,0.8544094666499163,0.8259271589088718,0.816802417690587,0.8095027622500724,0.7364315491179966,0.7645054134833854,0.8551125681321754,0.8032077345224986,0.7742304123674228,0.773146868061133,0.7557286139273401,0.8225625475883109,0.7719778155829644,0.7178379540623173,0.9230445925720648,0.8519961690914618,0.7441156883951697,0.7428717026135022,0.7702719395819764,0.7367713974461035,0.7657617526277839,0.7578173650196801,0.6733099311260807,0.7897313260483201,0.7489034370766989,0.8113710579138057,0.7699405939109675,0.8694456580221923,0.7042118950788008,0.8141187689524514,0.877093022926464,0.6935570655938593,0.7585580581155986,0.6447656394047625,0.669592328882199,0.7479802946844405,0.8213341487261201,0.7895262375011296,0.7688250066806647,0.9562785930126099,0.7951213986495324,0.6524023679404586,0.6836612159150077,0.8369157909626901,0.8861276564974884,0.7328981913995062,0.7739105600382032,0.7300405890839855,0.807550762490012,0.5934685203491826,0.7299028548286496,0.8012276746289821,0.8256644880476184,0.8334912798498562,0.7154814546260656,0.9121303773212062,0.8956386882045868,0.7111067064091873,0.8831476724159337,0.8533392748464061,0.7543950474726283,0.7929924849836464,0.7288536946347064,0.7172565702091356,0.6908252516639054,0.8399338999499272,0.7383194857331697,0.8350711231485067,0.5842876940715387,0.8392495045121792,0.6873654784575552,0.8447791661956546,0.6890116781860702,0.812768524227984,0.7626668407697914,0.8371534934609329,0.7858909539657425,0.850140213708566,0.792831542948228,0.8324705227477918,0.7736522312124694,0.678965553455686,0.7812788673155668,0.873725587280246,0.7536175751807812,0.8397844484653106,0.7774968883548776,0.7543575503140202,0.7157866662492142,0.77745094411909,0.6569607160430014,0.8197018592628499,0.7249547854265794,0.811566749870503,0.6063376535683067,0.8357730761426965,0.6910471489478128,0.8880056201594179,0.7894420441179265,0.7366449518527082,0.8486063271029627,0.789289505477673,0.7614857812721767,0.729132589588644,0.7942557861435434,0.6193657952254177,0.8098266513189448,0.7278860974112268,0.8212705162681454,0.8402757177636446,0.7445512917978541,0.7497097927222514,0.8070936117765716,0.7119843940230103,0.7697883514942616,0.7607542469477233,0.8262735926307981,0.801366800899948,0.8503676974298722,0.6581150656901131,0.7952356170472376,0.698990826248211,0.7814078949363774,0.8152454249450678,0.8835526949650565,0.9047601974948225,0.8265132536815455,0.8495844783981554,0.6762424318217138,0.6632821343588453,0.7122981402254469,0.7136860298347627,0.8952885333936911,0.7545133288713929
0.8712395583829565,0.8346013785493205,0.7128953634445142,0.6771637012270019,0.7260053144051315,0.7509580747181251,0.7720934910852653,0.8269846765675427,0.0,0.7227469886933183,0.7182434841047501,0.8041478918977292,0.7603257816250606,0.7057319092673109,0.8437436797247552,0.6991380272792725,0.674261503175632,0.8113783400300429,0.7407304115255308,0.8149932005302178,0.7163705981450037,0.8240443016422436,0.7473610407551929,0.7849945380562046,0.8093486367737808,0.645237581566155,0.7645828075408484,0.6875701702112776,0.639051325227742,0.8343541826170542,0.9024737525409096,0.7220404993997459,0.7450656683837745,0.710714896748726,0.801628759297308,0.6986959621154696,0.8089346800653062,0.7546436174551524,0.7462478676732491,0.7110337225260909,0.7002620781326525,0.8482048964306489,0.718384884651574,0.7080013994653463,0.8095309151379185,0.764888172390527,0.7613920134928955,0.6862573590935526,0.7548439665498201,0.7249383464739959,0.7083693484907138,0.6920284931810352,0.6764710014487315,0.6948712180910879,0.6542646040867597,0.8623808222532776,0.7383959901452709,0.7578433208025271,0.6795484671168366,0.7524849114374452,0.6936448929175203,0.6449323318621791,0.6593829237713756,0.6476051095539931,0.7227162610685081,0.6652868792016249,0.7569248332983877,0.7958845411452947,0.691471688825419,0.82947959149902,0.8158658248857529,0.6906581263122072,0.6472030146414823,0.7156778292297766,0.7293740273329534,0.743773161970035,0.6551748243149356,0.694287757011253,0.6980444398782719,0.5648525725730507,0.6403308522970664,0.8635871115921734,0.8485713005899219,0.6597234332459095,0.6531095765197191,0.8699307573593824,0.7796139331971736,0.7141982433034283,0.7713313564297617,0.9143912322016161,0.7456471298386338,0.8639343999602926,0.6940034074108822,0.6952296610991989,0.7003398867836533,0.8199401900653485,0.6764273188870911,0.7727573564560393,0.6805531494223104,0.734708815639054,0.7022976531541902,0.6768351089039483,0.6461834405497523,0.7436585093624452,0.7254006187368162,0.7341954908745739,0.6224755571306667,0.7528228409744009,0.7295997446677726,0.7868545203095284,0.7092632730896556,0.689150454601825,0.6960071856543545,0.7421906550341971,0.6765785912352794,0.782888581831398,0.7177235417864793,0.7271524070225759,0.5955082877611388,0.7692163205037171,0.7082686470732507,0.6842944485290012,0.7054586057973582,0.779510170082483,0.7369175318874001,0.7184460946571049,0.6373393215975864,0.8131193441359498,0.6405735320392048,0.7291868760610245,0.871479072194395,0.6785947374645109,0.6848988881559166,0.8065295970774327,0.757891199111983,0.6850596226822947,0.8211505816658063,0.7516907729998276,0.73234788889216,0.8287036420211474,0.6831083330311771,0.708405201907514,0.8280742278073322,0.6879355867855003,0.7303055466583126,0.7761559877675396,0.8944778036688589,0.6878805832896393,0.7702870828081634,0.5610007671544381,0.7973459687699368,0.6810029929478209,0.7521269978158106,0.7799557553146037,0.7683502845477861,0.8891685600980459,0.7747449507616692,0.756817778130746,0.6863412232695687,0.6013763092958735,0.6127127034376145,0.7889234598289242,0.901904549495347,0.8075235642497538
0.7564328638146912,0.896419047570472,0.877080670867291,0.7359483262067121,0.6968941575651415,0.847574017035866,0.8100169375834967,0.8366347132974774,0.7227469886933183,0.0,0.7948959245847163,0.8638834530107162,0.8573142004782471,0.7420019084642738,0.7660444086000515,0.8277650621131033,0.7896512659292062,0.7680658297575539,0.7627522201801812,0.7424353674837638,0.761331883546153,0.8253985327327068,0.8117303385148132,0.7792156682106467,0.9189566526400406,0.6844897809571762,0.821353219390069,0.7775180129002811,0.8731609377568996,0.7855421687679582,0.7875143099358043,0.8578691537066724,0.7775846601638071,0.7765894795816543,0.7147745632799429,0.7537240784135056,0.8253843082174115,0.7352693706650022,0.7204739609520011,0.7799420125662624,0.7287513717258103,0.8192995870932955,0.7248419986325519,0.7201854203803465,0.8403193172032837,0.772965195362435,0.7820751768462773,0.7541547756739616,0.8093214196700409,0.6840509106281368,0.7226870763037359,0.7000716735586622,0.6475448254913839,0.7639620592498453,0.7793147042043844,0.8138264380939685,0.6895278445348774,0.8124188553278324,0.7519775003083496,0.7557720033210729,0.7703310211683836,0.6524818607852667,0.6745153014478449,0.6803013890129698,0.6163630772749377,0.6578097471766212,0.7606592867826034,0.7800751250521726,0.7823123198007649,0.8222023700494551,0.7085830596832072,0.6562044581930959,0.6412453503636937,0.7937629403437504,0.8012404095696539,0.7458207063734026,0.7411264394392849,0.7958380615170022,0.6779060791102423,0.6202855724954297,0.7499224065099795,0.6835817713743675,0.82341149985069,0.7592912891440262,0.6492604019427084,0.8014144565115103,0.7488084238484698,0.6946322196107881,0.8392072685444706,0.7626069081820677,0.719836925576129,0.7769643109316879,0.7578597956772949,0.6575315684291367,0.6588414058105833,0.8812681777168421,0.624846737242054,0.8322149241178822,0.5885824177409046,0.7932184316057876,0.6958697607437291,0.7435289129020471,0.6629724180480687,0.8687002285858818,0.6705735489759962,0.7721499883623151,0.7305566731768955,0.8724433486007686,0.8069412742338921,0.8573658065598863,0.7678873413340285,0.6220505998959649,0.7405017646377535,0.8071103984461453,0.6785459021982303,0.7760007220072953,0.7868557974114766,0.8162333036609323,0.7664319642645306,0.7527292273878439,0.6303135390372698,0.675337140905396,0.6965180643985324,0.7916075023537296,0.5892323504931365,0.8851505662139414,0.6546732884816152,0.8234831230158234,0.8477201293790562,0.7249404985918115,0.838061583371074,0.721983548979777,0.6516722761551186,0.6278654979360413,0.7308761204972485,0.6147877078383217,0.7986123535220305,0.7167367225960647,0.8118495250611112,0.764637955140927,0.7455182968054685,0.8152107107081674,0.7620770009403567,0.6852836713652635,0.7847552375682779,0.74910184591026,0.7457760642452093,0.8473849151868307,0.9211111018942856,0.7044743684771948,0.6746886279925098,0.7580083175136673,0.7169753843014323,0.8721847514524402,0.8652144473488373,0.7905227177662317,0.782209123630906,0.8403138544052887,0.6832842132192847,0.67170543825561,0.8170679137915021,0.7068161223976382,0.8691908390459392,0.6861497787960548
0.8553777078012984,0.8522732686380766,0.878358824331507,0.8421510498691372,0.8588428142545007,0.8475960235563238,0.8556953128282786,0.8047803714157741,0.7182434841047501,0.7948959245847163,0.0,0.8927372733572877,0.8795936256261881,0.7888792795048017,0.8670885736879149,0.9206528320660687,0.8974433908213175,0.8457985645225707,0.8702280832949159,0.8312369286664077,0.9137304835806045,0.9119471688722268,0.8138186786956895,0.8992769467775856,0.8666205566599482,0.8351599463903331,0.7767603621321253,0.8239405872040775,0.86900113694766,0.7938743309650786,0.8256594831052296,0.8816154201772239,0.8594770390738815,0.8138576172397755,0.8238165921005862,0.879905666806017,0.8978679878499539,0.9006474708781147,0.9047421286513763,0.8711596548013231,0.8692743686324246,0.7908643157089104,0.8773201362357544,0.908325256709243,0.853677399139845,0.8265561534576499,0.7611545559107242,0.9446815086689617,0.8918302366930994,0.8499494313615708,0.9022635169663666,0.8349867130394482,0.7416583047992201,0.9144113856340701,0.9320066507571675,0.6998003260452679,0.8762779646550342,0.9148703825093742,0.788971999879425,0.8658052134682068,0.8486229963388229,0.7406295200200461,0.8524860385773665,0.7461750313663373,0.7518084920966572,0.7754549647975362,0.8142180704743558,0.8124885531584172,0.8097423587079143,0.8572252223683472,0.8477003505822976,0.7620259262484839,0.7445768586231983,0.9062394728704345,0.8641903512681746,0.7540399943722912,0.884896192093312,0.8699803801646354,0.7909981318341603,0.7375952134657828,0.8005369253662554,0.7953487626939233,0.8075883616004134,0.823945560395899,0.8174265169899106,0.8279583856209914,0.8295646337546259,0.7622006235274513,0.7673692538818035,0.718732274144114,0.8886054568643057,0.7669163130650489,0.9294773498960729,0.8096575807071256,0.8136712478887331,0.8347260784554854,0.7285781629216159,0.7556109711403779,0.6954512249558451,0.7816974209668229,0.8286998051237585,0.8408412047281132,0.735814879116244,0.7830641837788173,0.8084451111447655,0.8136915944428681,0.8210383919721277,0.7907234988014411,0.8547187461780553,0.8820132592864538,0.922264310539573,0.8142660788223722,0.8110261733705443,0.8323042370694773,0.8254875159835039,0.8163011739887958,0.7812700397850159,0.8888090003153997,0.8417230557060084,0.7353994728296641,0.8412168298021294,0.7488426640867714,0.8037431807882742,0.8995033363749652,0.7156196284645184,0.9185555611118704,0.7073469823824414,0.8770194441637272,0.8706186918847982,0.8151820019398646,0.6905827829550045,0.8416475143189167,0.7882429020222277,0.8030245080431386,0.8801209449153307,0.757659017861363,0.8100868647162147,0.8469132020225542,0.8493099429548752,0.8818441011480207,0.7828957121659512,0.9074113996506379,0.8124643219621582,0.8025719730651953,0.9458799334799078,0.7562402366676716,0.8232464107259518,0.8084669129949553,0.8314200650853846,0.7407465742205364,0.8445325397099234,0.7990022168511113,0.8861733946445791,0.7793852309832016,0.8774690728372364,0.8535008416561324,0.8867843724354393,0.8341993450648604,0.7912808790538395,0.8109645267838446,0.7268994560490094,0.7967456998561689,0.8188502884301911,0.8971660408368463
0.8492665442653111,0.9252059541485228,0.8834656716870183,0.8026744035870867,0.8174773715493427,0.9058286652823511,0.8615393026987402,0.8767771083870372,0.8041478918977292,0.8638834530107162,0.8927372733572877,0.0,0.8485265841285827,0.6909832148445434,0.8646397722866832,0.8790848135427888,0.8471777457379734,0.8014941126645164,0.9082814456233672,0.8289095368633861,0.8944316075675298,0.9007086313324655,0.8465275961103823,0.9060161747729889,0.9408215745853549,0.7525534235393477,0.780306498917285,0.8076708319393167,0.8218761325419718,0.87669742160052,0.8896725265852207,0.8626856751473773,0.8446288255179859,0.8547987587184783,0.7905285885535812,0.8165320589286097,0.8781757731454466,0.8111948906711332,0.8704352223904478,0.8130667275612361,0.834731336913894,0.8830779409501435,0.8124546111306958,0.8420706930894357,0.8762168841587193,0.8287816580130155,0.8102203533683252,0.843342212270489,0.8565612377768649,0.7726164147498902,0.8238458087915577,0.8158238525210075,0.6926325591551085,0.8589291792622729,0.8255906628145706,0.820880722634621,0.8174003770853242,0.9448403457896042,0.7220710706153973,0.8212286877233409,0.798253605588458,0.667758636285898,0.768870462818007,0.6801124581500682,0.6988718847979429,0.7117692314598209,0.7679548593180742,0.8012334200654884,0.7295063164542187,0.8673660663002816,0.8078027858797668,0.6745421713983759,0.6686153066920388,0.8454910142397044,0.845076127110267,0.7470899564183195,0.7894518040220029,0.8470614917584303,0.769048642382513,0.6770240149653802,0.7773588284629327,0.8121859577575571,0.8854269930063552,0.7556925156250216,0.7488190727109283,0.8904587438607732,0.8145661388878488,0.6985192288698447,0.8129813281278672,0.8264144293862417,0.8249924000757929,0.8465020978904145,0.8322469624387475,0.749984158416424,0.7148076544183101,0.9057909444533822,0.6962687651430944,0.8682401931817118,0.6371642326837675,0.7886349666155944,0.7282070793478526,0.7894722476377009,0.7087981684247107,0.874590522951364,0.738987116641856,0.8277108577839026,0.7731828790765727,0.875562541820149,0.8270690056207405,0.9333133835286369,0.8978401573362144,0.7300058644354898,0.7535345461402273,0.8032820222121042,0.7429498845681025,0.8529608921202776,0.8191002857349531,0.8498571973365932,0.7869039793721707,0.7354727412709322,0.7451202890352038,0.7219593243610232,0.7853204389103783,0.9002679826817754,0.6601949508056764,0.9141261853392796,0.6703658849658521,0.9043028360443952,0.8516369041973011,0.7317829107264526,0.8184007135525645,0.8074035894485085,0.6862187289754362,0.7797077387137098,0.8395460984642793,0.6776507972008486,0.8755205502100515,0.7844492505736059,0.8188058842630704,0.8973532313017714,0.7376348436999522,0.8279202733048873,0.8368023565619592,0.7404034843070315,0.8698558177840755,0.7856663899088917,0.891085570046662,0.8216197744491414,0.9031216063820149,0.7160453972744015,0.8149195431432951,0.7736909297259941,0.8401978985785854,0.8396116000809144,0.965393096997308,0.8674241878412541,0.8511600516869593,0.9012967622894559,0.7137732975276952,0.7037211250701,0.6975331314830483,0.7862872249548711,0.9184948666370848,0.8478527100427792
