0,1,2,3,4,5,6,7,8,9,10,11,12,13,14,15,16,17,18,19,20,21,22,23,24,25,26,27,28,29,30,31,32,33,34,35,36,37,38,39,40,41,42,43,44,45,46,47,48,49,50,51,52,53,54,55,56,57,58,59,60,61,62,63,64,65,66,67,68,69,70,71,72,73,74,75,76,77,78,79,80,81,82,83,84,85,86,87,88,89,90,91,92,93,94,95,96,97,98,99,100,101,102,103,104,105,106,107,108,109,110,111,112,113,114,115,116,117,118,119,120,121,122,123,124,125,126,127,128,129,130,131,132,133,134,135,136,137,138,139,140,141,142,143,144,145,146,147,148,149,150,151,152,153,154,155,156,157,158,159,160,161,162,163
0.0,0.5727037004144837,0.4957855596288622,0.540140164494212,0.511722882004754,0.5686893748725835,0.5587428760324618,0.593295913529698,0.6047591576616286,0.4885542857995982,0.5778077999419743,0.5008542034879159,0.6840024635723057,0.5776023506258687,0.5814579769034932,0.5845697579661596,0.6120226919861801,0.6960536646063289,0.5566663934341031,0.6788746430213819,0.6021159870211703,0.5614938940359225,0.5410411546061877,0.6044943744497022,0.6141977798503145,0.5708673944383411,0.526495909359296,0.6055198080385288,0.44949667153810896,0.5286951056243414,0.6099590076791103,0.6038957975058695,0.5380911422666093,0.5445832344844919,0.6791053172561916,0.5041513221128698,0.6798839619776679,0.6001360242533345,0.5073764710038154,0.6378178548180398,0.5331289175283951,0.6113137910770882,0.5924661931111537,0.5920064555569566,0.6219919804309929,0.6141757582470508,0.5479873655233753,0.539034439926028,0.6419338996859256,0.570574695887936,0.6005255890688691,0.619778032398333,0.5269299547445402,0.5405079851099984,0.5044974358404629,0.5954157916306311,0.6588470874731034,0.5481679157614279,0.5889827433409468,0.5670335519408791,0.5868649474654173,0.48772244849041546,0.6016863826310908,0.49937590235673984,0.581487395180388,0.6124600357841951,0.6162375484028555,0.6272642323537104,0.5604145076848642,0.6601048876094977,0.6814763549820334,0.5918253737665787,0.5960905858228753,0.6355284228108178,0.6049220932730031,0.6491434644956607,0.5568298888424704,0.5423832772645983,0.5753475795739036,0.5438030150760537,0.5866338826531969,0.6071911074638467,0.5802473497421051,0.592134862796485,0.5837849048438963,0.6551292088375767,0.645578393404348,0.5740958543485601,0.6240756216532322,0.5505718972916767,0.5817296640460543,0.557780714326351,0.5357689733011857,0.6387010574351583,0.5842256875876539,0.5277111603175626,0.5187057640179685,0.5740855801912957,0.5050121546234488,0.6322904866301794,0.5558676943968494,0.5429042321092988,0.5167126813058502,0.47415672515069063,0.5920157489914829,0.6013727766104469,0.5383181254237893,0.593377695734674,0.5868177706901885,0.57984151107717,0.581339359678632,0.5538907724886063,0.624658424083206,0.5431225438743551,0.6006297264774363,0.6470022634378362,0.65590609193556,0.505735673551356,0.5221163676217916,0.5445587977122066,0.5837406127448505,0.5254181619753806,0.6218163252383617,0.6565777036889189,0.5936358555788863,0.5195764993649455,0.5092389147255638,0.5304644211742409,0.5098950204139259,0.5968245038609397,0.5616770282717993,0.5773509471968321,0.5816644828527309,0.5804073560255025,0.5622676681041964,0.5692469839843873,0.5897470692131384,0.6195736642259495,0.5530650536344017,0.5639615229161294,0.5372921261342631,0.5535566068359175,0.6074823800503214,0.5062244568699926,0.5975103792874032,0.5820682224719831,0.5711034772392594,0.5330505322313518,0.5404418763407782,0.43047023703641396,0.685062683550384,0.5523912504712517,0.5538403149536093,0.4880860286952236,0.5719578892884574,0.6723992187786352,0.5982652582731995,0.6014178960993528,0.574504571830653,0.5792913040034897,0.5567402028829845,0.6851348692146177,0.5197065640202224,0.6837649199036334
0.5727037004144837,0.0,0.6196027277740952,0.542985840818388,0.5049032452587473,0.669243222446631,0.5655658141144675,0.6983924864780636,0.5678948624596573,0.6416993097011493,0.5912083969521442,0.6213539700872446,0.6248493847168807,0.5480044865559937,0.6121634393704959,0.6051360963486611,0.5743125658441481,0.5491757973576086,0.5819538307073545,0.5694364027050446,0.5950011923979867,0.675598519122957,0.5073435614667572,0.5890990305939255,0.6478275451304719,0.4922295383639652,0.5387169966976707,0.5354037804491767,0.5742899046832669,0.5308660933223778,0.675856359713165,0.6250381204266982,0.6053924455004892,0.5050440913287334,0.5803001388324537,0.5542645036326126,0.6024717636861225,0.5644025641813426,0.5942666842765257,0.5783969486402307,0.570276566688593,0.592617093352998,0.5307751953459213,0.5742433577696044,0.634469398595549,0.544259433653596,0.5346480486077575,0.5425535144674279,0.5757572828762378,0.5328875863066144,0.5517586906335624,0.5329534611680596,0.5068698950314356,0.6300342768573853,0.5748840294641938,0.5955041427362483,0.5436868858854106,0.601975047645383,0.5509460178657476,0.5536292579165306,0.6292858842157665,0.47343842673591047,0.5270785167754239,0.5007485707367278,0.4976074702617714,0.5037254487687916,0.5560985862423798,0.5624725681309304,0.5255332288617557,0.6292664845046406,0.5688257132316578,0.5215149409536488,0.49195870139752335,0.5989968251848913,0.6237053842173192,0.532787222611269,0.5451679836826017,0.5792763501336359,0.49926946439346076,0.473730012530743,0.5619924717404361,0.5493095896006107,0.6406465326768173,0.5599085393462238,0.4999202534614433,0.6329693172952343,0.5726038649600751,0.509841426333942,0.5797449344506871,0.5651282074545191,0.5198419087442507,0.5798075792587368,0.5710476971133154,0.5189479440676932,0.5189416102300826,0.6682400831165576,0.5419924813822976,0.5840239106090909,0.47094007763625884,0.570977719307512,0.5492474305640184,0.5587136460068084,0.469361090568955,0.5500514959258861,0.5286153241392055,0.5414805785027247,0.5370072735725995,0.5803133422913357,0.5742178039095109,0.6106455805953455,0.5740565784825128,0.48643779504296386,0.5327105598277916,0.5357984216000614,0.5086611099314949,0.5693054795598737,0.5659156820836869,0.5454764359612568,0.5350213136607256,0.5150700308443154,0.5141270924435681,0.5119589408683924,0.4999700162134344,0.6175796039000354,0.5017174632623634,0.6666103352742617,0.4833989585946423,0.6247096310207465,0.5805196976372845,0.5607303059878576,0.6060593234312316,0.5769529374968297,0.5012599736909576,0.5340784911886162,0.5879485705265528,0.5109194478665361,0.5649826606966684,0.5619109875218509,0.5588307658805229,0.5690879841667454,0.5520257896531113,0.5832405430014266,0.5862105376773185,0.5311434130661568,0.5943042270595045,0.499365336887023,0.6247406506354878,0.5914577707705889,0.6273774041989043,0.4616687483208497,0.5465909933567441,0.5718663937432611,0.5551888860794926,0.5692139180904142,0.6157412304105149,0.6089406359803314,0.5363111963576636,0.6289175591551786,0.5245004180605216,0.49448272094867207,0.5490856787915066,0.5520568985987464,0.5030492425384224,0.5380730883357338
0.4957855596288622,0.6196027277740952,0.0,0.49045486952176653,0.5219461243239244,0.5821636255202876,0.5076027692428106,0.5901044460740058,0.4736569749769593,0.6532337859741283,0.5806945482048008,0.5825499959767738,0.5597497553413635,0.4776094675293682,0.5329333831175936,0.6247926567525616,0.5730140238697559,0.5078298170792642,0.5356751123757747,0.5105291108602543,0.60279229433916,0.6700748553300409,0.47738669716012966,0.5469080905234275,0.5895656820914872,0.4797911115641425,0.4873030251992794,0.4915968065656034,0.571434059685072,0.4968617388365713,0.5276901325192258,0.5773624072116522,0.5138341635154324,0.45990797479328016,0.489335887842321,0.5205866641855235,0.5326469663715491,0.5198059570735223,0.5413537216457057,0.5313488540068676,0.5284455004605849,0.5552657510972682,0.5351378064897659,0.5283155060901124,0.5525166883230165,0.4986172516160949,0.5209419825405194,0.54407410733826,0.5282720503850963,0.5086234702576078,0.5172750168806975,0.5019138457522992,0.45675759255907117,0.5853178445002744,0.5497469748986205,0.4984941979263812,0.49809617510154847,0.5972345563547599,0.5239401373073982,0.48967749247596376,0.5477509025877716,0.4370180167812667,0.5166793128424457,0.4837343158690244,0.46102910142597986,0.46975782532783183,0.48598663743400916,0.5292041265521371,0.547381920934291,0.566185911163255,0.5123920304419439,0.462498078412523,0.45756001587968187,0.5731942481062273,0.5736700389476252,0.45266152719878877,0.5291365648213397,0.5603957834101461,0.4645777175772573,0.4346564606377085,0.5341188776712003,0.48556801706499636,0.5555689902164256,0.5080618946427181,0.4697328665405018,0.5433351393174063,0.5071035622630885,0.4686768946821182,0.4940843778612324,0.46534521819807545,0.5000549454267424,0.4840890349246841,0.5435241294808445,0.4537407569317299,0.4755857336048454,0.5721620550236148,0.4874829993453836,0.5233864634606363,0.42447439619414085,0.489458668240167,0.46447702261263935,0.5590912403211808,0.4465414293397704,0.5419571738418565,0.4769666802969838,0.5211899173949258,0.5330759522175339,0.5554037694185024,0.531993898200469,0.5710749784728777,0.536648607176871,0.46048839084430465,0.47694991369352324,0.4932413376775482,0.45874248018023445,0.5046796604664405,0.49761932782725304,0.566124408332378,0.5625801145403219,0.45103186913985704,0.4834873527767347,0.4681647230629048,0.4596573084403044,0.5349994501222077,0.43660490420902365,0.6040724489601254,0.4503730433739664,0.5508111062318108,0.5720980883835273,0.5170765916377534,0.5215881265951463,0.587003023146928,0.43648109504283805,0.4556635849618225,0.552193520451388,0.4716625000760861,0.5080006629721334,0.49802034148331253,0.5519778268909461,0.5182935884275566,0.4838886585828204,0.5386118410870449,0.5015129185627332,0.5081701156858619,0.5495701285272085,0.47047240079027625,0.5495913358205389,0.5514550545982615,0.6333178578600505,0.45019344603855327,0.4714181142762258,0.5037416646097164,0.5369657895238975,0.5847725414650783,0.5827961683129658,0.5231012164323665,0.4751719949865273,0.57217276942264,0.44482339111195973,0.45349399733892226,0.5249038665317756,0.4672293746316835,0.46983343363201013,0.48608159406620133
0.540140164494212,0.542985840818388,0.49045486952176653,0.0,0.5215278961953159,0.5280464783340497,0.6189599439333764,0.5641428389945123,0.5009717340990711,0.49075122243068553,0.5569513435846808,0.5243073396339077,0.5237622385388201,0.5364616827476477,0.5760472159016784,0.5191810557350288,0.5617508950875976,0.55455722990871,0.5716040129206592,0.49168574278587873,0.596981532717055,0.5305828822284149,0.5405534867605314,0.5267438930165153,0.5524923256512568,0.5568581705807105,0.5325138007098469,0.5444707279761041,0.4712842129863189,0.4713924150730226,0.5583719845492603,0.5372113650939467,0.6860105527380819,0.515380343861944,0.5710689479776745,0.5648731620114454,0.5332250436461863,0.5606482376583597,0.5396880542488742,0.6152610465404345,0.6168183046547071,0.5429833620544845,0.5343244887242274,0.6014604526963507,0.5486641054180585,0.5314930762108148,0.48023075671410714,0.49078180054214376,0.5825361856554343,0.5408166934310309,0.635434202010655,0.5907535412665416,0.5132337223085714,0.6457592151401514,0.5647147531545507,0.49962725239013717,0.5628254856981143,0.5905101435651289,0.566168010645718,0.5440464453793278,0.5559778374607532,0.4810483129510005,0.5704963826211017,0.48815541568374615,0.5217145297185409,0.5129996509458481,0.5611697911299002,0.5076364919116199,0.5191445932599343,0.5954525296534573,0.5542336148578643,0.5298633482692605,0.5499587580984602,0.6222059064320533,0.5598840049018118,0.5036425522896659,0.5664636935511012,0.566323785376419,0.5227576471970736,0.4725493417927817,0.5338780145319024,0.6053203584928973,0.5054712006324837,0.5217409838578719,0.5820061961432302,0.5521130061443061,0.5495054345090498,0.5538183247487297,0.5427151253236585,0.4772087107656328,0.6193309439526179,0.6072659335048674,0.5622459632585144,0.5185576016741889,0.6066097083464546,0.5252020207979646,0.5077482262231656,0.5654111621784885,0.504015761937125,0.592425891127536,0.5204046060722999,0.5513171473290216,0.6157722142243185,0.5220994588217752,0.572605793231797,0.5098317412170997,0.5409651406396947,0.5257701829651533,0.563113422684782,0.48788218952486273,0.6412174066554386,0.5662463939820807,0.5494353245619944,0.5579950182205228,0.546820425018722,0.5475925318792401,0.5576621033350767,0.4750317464435646,0.5687548417340199,0.5602283794861961,0.5266633096780257,0.6180811537525827,0.49325084244652584,0.5957114878247467,0.5019000059566154,0.5353373063202951,0.5295026263221929,0.5046415304494836,0.5355926687684652,0.5413162868150271,0.48221928221450694,0.5377622667957719,0.49699219830353947,0.5814190590943004,0.5060254388052983,0.4781900179830977,0.4470151119512928,0.5912952251601082,0.5188428509635298,0.5630647016990213,0.5811123249743069,0.5174417963996856,0.6229272235450872,0.5702546777555569,0.5639917243702929,0.52935751339299,0.5295388895860037,0.5284752982129126,0.4931858593675827,0.42985253076130386,0.5967386840580062,0.5734396016711113,0.5490289322040705,0.47001126556015466,0.6135472360277455,0.5395519373525663,0.47541409411977775,0.5669969478601414,0.6193261794192173,0.5661490742754196,0.5384574779849692,0.564027380461919,0.5452907944215742,0.5739539414760114
0.511722882004754,0.5049032452587473,0.5219461243239244,0.5215278961953159,0.0,0.4794629764443773,0.5899387043050659,0.5132023870095803,0.5056629980893594,0.4679002702669296,0.536450668235622,0.5291455151400601,0.4912729064718365,0.47905811436965934,0.5790488695701191,0.5504205372739771,0.5442741247771906,0.532915304766918,0.5075635068746409,0.4755573582324788,0.5894179465421868,0.5628617528847427,0.524988275912598,0.5357115538813625,0.507811556558185,0.5394631642106416,0.5106187092515109,0.4661802736754134,0.45256027466053605,0.5598380065355069,0.5304072260145547,0.5164548068121342,0.5269446139165096,0.45980986280937647,0.5068743818111004,0.5250978557579558,0.5141378265055476,0.5389862179909771,0.5544646771924956,0.5608987890255316,0.554215452425528,0.5539303782297968,0.5664102669018674,0.5539942382236847,0.5066394930735024,0.5128610856537992,0.5519381941072316,0.4885072191110106,0.5587354896546322,0.5541209202762578,0.5876537411488447,0.5298140069087036,0.47000816714069255,0.5377806446411942,0.516761933584108,0.4812404513531216,0.5352707595110495,0.6150050920351264,0.5073710035533148,0.5157590663672932,0.46142325932091827,0.46868775523698797,0.5253977208329453,0.4818209276153384,0.49978483323157247,0.46316512273317506,0.4826248162936328,0.5323185283634907,0.520174627812672,0.5360739999077234,0.5525956472280924,0.4925798799734062,0.46610436815092093,0.5669942070394501,0.5051207937291426,0.45214090455105116,0.5515685969104631,0.6512569790516415,0.4804716077708205,0.44760011905429953,0.4857845654486044,0.5536205675842789,0.5512672077279409,0.45739050082526816,0.5151460291542479,0.5257926752937256,0.48120428379830715,0.5185315645114763,0.4818507492419058,0.4657456471990749,0.6499318964779828,0.5295923897833852,0.5781880706814226,0.46177632210689257,0.5262824158702892,0.5013451993214489,0.45676365565044263,0.48977294748832545,0.48012406706752314,0.4873117776031976,0.46937500417112626,0.5307245073946998,0.5063593505840295,0.4761936130633702,0.5066942346193337,0.5265420949716165,0.5035151323997394,0.49071257395535245,0.5511950210218026,0.4788585894335609,0.5511210336709356,0.5407336092026462,0.45679561229625143,0.5111171123519032,0.482485825736398,0.5258410765474407,0.47786256995876353,0.5139298673977242,0.4813105811875708,0.48423848828396293,0.600945831668539,0.5195634292726303,0.44834196399143766,0.5729375614418437,0.4573336164679014,0.5003085754230296,0.4862933814417884,0.5503995073679757,0.4743966860886118,0.5346107517943306,0.48325684882247916,0.550098879627863,0.44118067997731764,0.5053441736312027,0.4796445538141491,0.48213211848944604,0.4717130979940861,0.5683501929693464,0.49753467973467386,0.574155324158532,0.45384265641012017,0.5131380710915159,0.5464067550599171,0.5276351105237563,0.5439785549138353,0.5166174215434179,0.603130755845788,0.516411022144201,0.486387455598148,0.4241575313771713,0.5056208564798149,0.49394262893535623,0.5605850603861746,0.5322081906992193,0.5493336247220818,0.5059330534158722,0.44696338438809224,0.5501154668139608,0.4675582677309142,0.5020997046555015,0.4739605680799017,0.4850933401866366,0.5065860277056875,0.5623810524407005
0.5686893748725835,0.669243222446631,0.5821636255202876,0.5280464783340497,0.4794629764443773,0.0,0.5199745047704057,0.6036872807217251,0.5206848464346429,0.5697208287201879,0.5870655159958237,0.5588418415264526,0.6289494204483835,0.518368995550339,0.5282304667101128,0.5910200953530227,0.5620697667933102,0.5125096794100863,0.5497846612584887,0.5348032695733798,0.5787967911560372,0.5915526087729897,0.4612149275533947,0.5473427845361337,0.6143205873113727,0.4943150123933668,0.4698352351753535,0.5199772344519409,0.5363946510230667,0.49552201320348727,0.5788555484942061,0.6088547557382027,0.5606904892541997,0.4883910619266863,0.546796984404734,0.5036222377292027,0.6097213750029057,0.5288655940707215,0.5223506426802833,0.5316452201070095,0.5219921303278326,0.5833001687500805,0.5052611036208821,0.5892255658337863,0.5591826300841636,0.5062670541546443,0.5101622193800049,0.5697429727794131,0.5289366381491848,0.49180094200527086,0.532430343172471,0.5565077705327248,0.48090708218287487,0.592140626780364,0.5340957820706138,0.5966690326070592,0.5216703025674957,0.5789124900505301,0.5057887816050043,0.500055939030713,0.6372113687929932,0.4631844708123414,0.5468881515451338,0.4596386296912005,0.4755106667015585,0.5036197626295996,0.5380468085937719,0.5688615727702081,0.48964343237887054,0.5979581244628557,0.560885831156414,0.4862994063104899,0.5058468012862305,0.5707215426377162,0.6024205950966086,0.5299145616242429,0.5256645380104622,0.5502316981201082,0.4816592859585727,0.5282865556359432,0.6164134518785593,0.5175557596129337,0.5970963602073339,0.5728083966171832,0.4940657692574768,0.5763322316309986,0.602817588988207,0.47711772238445005,0.5446596174388557,0.5284869538801547,0.5020345620655505,0.5324745259746865,0.5197232257748393,0.5183658934051167,0.5029005498556826,0.6316069706900092,0.5176860479858248,0.5693190452756112,0.45423116345569303,0.5459981428257309,0.5197639881392994,0.5229169273334594,0.4579323150728828,0.50846603334863,0.5075570920051452,0.5202955820473251,0.5137741880010551,0.5593780579396753,0.5197657186081941,0.6175482170448832,0.5726384878546293,0.4658576587125165,0.5840889435241288,0.5045760794980712,0.4998993114947313,0.5550934388396539,0.5665341144306536,0.49023881521099766,0.5764816639204631,0.5071314748306796,0.48595073672045364,0.49657724535011355,0.5258349733804075,0.604050940864432,0.5057661909294249,0.6153310910042963,0.47098340585729986,0.5457547408602654,0.5591045819118515,0.5073067726270398,0.5603894922828703,0.5865305124437125,0.5051369740968822,0.5259470380193549,0.5512573012142842,0.49780973372281223,0.5380378203047218,0.5075250293011117,0.4903701835136182,0.5076558246932766,0.5494612320168557,0.5676022003925775,0.5359201445704057,0.4948964206617185,0.5738603421861647,0.4808636975578752,0.5628305536592741,0.5525387498325963,0.5677611441531851,0.4492742780056032,0.5335604069083056,0.5486075436128197,0.4943165114929098,0.4892999932208979,0.5859233090792104,0.5753810662378314,0.5328548164713979,0.641992569947762,0.5152582583831146,0.5055641216044854,0.5379678756004799,0.5638601327034396,0.4785909510137527,0.5363276857278068
0.5587428760324618,0.5655658141144675,0.5076027692428106,0.6189599439333764,0.5899387043050659,0.5199745047704057,0.0,0.564526279658135,0.5343194684139934,0.5239081840697467,0.5535209095724031,0.565787354706783,0.5439219239099585,0.5162552927883675,0.6571591405063734,0.5381790158585917,0.5406109761834658,0.5627414737875811,0.5476210823134002,0.49410810872385624,0.579151893487545,0.5684680265902227,0.5909455602630316,0.5762037168641424,0.5816404063844476,0.5407447532263269,0.5636814865257634,0.5137699605439998,0.4727466004027601,0.5420063350848056,0.6087684752620085,0.5694468910157323,0.6070041107623797,0.5171200811354822,0.5515189510662446,0.5284201173486158,0.5820429666135561,0.5244627445442984,0.5608012247047411,0.6305048147629361,0.5480648239825386,0.5819372682580979,0.5534171925396816,0.5814705097254305,0.5686939532126652,0.547421505727781,0.5355259751319988,0.49880805398403544,0.6561619483165442,0.5324040001844865,0.6302486898214982,0.5318448625461333,0.48348992217059866,0.5877169281078813,0.557295443287001,0.534665782838909,0.5461906611440382,0.5853989741352233,0.5693653682621793,0.5420282553515979,0.5183325597613768,0.4681600636694577,0.5127491991109804,0.4721517680531989,0.5126854470859662,0.48977570259267744,0.5644926547274262,0.5727092384300784,0.5145140509963059,0.5871254201751949,0.5709199273344281,0.5152538533520894,0.4966118893309043,0.6243405525354562,0.515191069773491,0.5172980927436943,0.6083719623618797,0.650007696188299,0.4871964631906042,0.46401962413202336,0.49846338300545334,0.594973004833734,0.5837199077422104,0.4724894594015952,0.524140648249278,0.54131093317621,0.5325871980582849,0.5720421036347161,0.5514058214657225,0.5156345661451373,0.6107879847678441,0.623804372062073,0.5738706003961559,0.5007673763520372,0.5519204194102766,0.5630823018415559,0.46964098310115493,0.5385215332528366,0.4801652980934373,0.577294050576096,0.513520896835731,0.5698135569568917,0.5524918555028191,0.5121376320885371,0.5210052620978037,0.5248899323183557,0.5151795754898875,0.5201362594995754,0.5866180880902574,0.5239998246621925,0.6390944915929614,0.5272505183598644,0.5129408415927934,0.5268518832678618,0.4993862305311176,0.5483301008255776,0.5258669858957344,0.5318429246957932,0.5035188365042543,0.5115545158887136,0.5371977529214724,0.5433114995472643,0.4670315878142078,0.6490387694862425,0.4783146188976083,0.5500081330529948,0.5003871524346428,0.5736430888339847,0.4943503009073422,0.5482691872219342,0.505983726707315,0.5179267810488171,0.4773579162838579,0.521474364094546,0.5012124705541741,0.4785253218768708,0.4848056340038872,0.6029864372996544,0.5207776704610796,0.5885651425072349,0.5186820259648303,0.5186045519495694,0.6264921171719581,0.5250906407446767,0.5627027554940537,0.5672604901827989,0.5776275660663212,0.5476832236625782,0.5075776067746239,0.40304946875988,0.5648127530571398,0.5328543364012462,0.5439377770917736,0.5499353377152213,0.5934292050582173,0.5699861901905777,0.5023513521382059,0.6110970079388521,0.5528820004797514,0.5571415398359045,0.5110444718255477,0.5292530858206927,0.5196231779052886,0.5693946947861153
0.593295913529698,0.6983924864780636,0.5901044460740058,0.5641428389945123,0.5132023870095803,0.6036872807217251,0.564526279658135,0.0,0.6030089209988023,0.6082542653271833,0.5620206989680953,0.6161372246118887,0.6219329362889879,0.5477226594036277,0.6001895889601871,0.6290771173043292,0.6240085093323354,0.6039702737771584,0.6074798513101598,0.5982978809966352,0.6346475929437491,0.6076177577771252,0.5717234717082428,0.5770377662851751,0.6719424184698563,0.5303725730513145,0.6001339515081605,0.5834836075026855,0.506928344907278,0.5734312764276732,0.6777851189818116,0.631199134111262,0.5897091362746294,0.5519980422635663,0.581895287693435,0.5707159072024645,0.5940539198420974,0.6180093352324603,0.5714021263298789,0.6129974744064381,0.5963165114841449,0.6299921279932821,0.5781143125782298,0.5507504073377332,0.7020044875878613,0.6172585307608703,0.5720872246742492,0.5036953352475091,0.607036641970789,0.569930710453351,0.5819896962057004,0.5692016836427698,0.5195120063932385,0.5906755136621602,0.5488667907356263,0.6132821127550487,0.5909055845243634,0.6554683550054702,0.5722774740178309,0.5972184744247754,0.6002132198591732,0.4974993728260196,0.5589772506725359,0.5247012503973246,0.5202437624857794,0.5388757515697613,0.5673762360084474,0.5590063849619671,0.5746217166797114,0.7086598623969603,0.5862251152853504,0.547155747691634,0.5156447644635944,0.6399539936790974,0.6702330564139158,0.5483587838063892,0.5617508672782361,0.5866261326172686,0.5692968637864991,0.4710795096654066,0.5689615094018515,0.5887505022847513,0.6266167863788484,0.5855644248965676,0.5581949696028445,0.7301997300359804,0.5941936880314977,0.5494793650333049,0.6625817366053627,0.5764621760265122,0.567241576980262,0.6099351834345781,0.5710741831140257,0.531540377275474,0.5490092520377371,0.5973961019401898,0.5459256139844112,0.6554058284369266,0.49096701944528526,0.6240642914729653,0.530835697215479,0.6100237561550497,0.5191216758516599,0.5724702217772974,0.5752668886844982,0.6201323431366577,0.5923616592257892,0.6595537433577205,0.6237385122143175,0.568900414145248,0.5745654262759536,0.5363518892507595,0.531738363699305,0.6008008992287827,0.5490227172227254,0.6254969018945038,0.6214428881196163,0.5397049761304011,0.5304205700977742,0.5536667465552279,0.5340016180332732,0.5753508749035093,0.5193938046722084,0.6281555348539165,0.4963524534465049,0.6014980012767795,0.5206162887827704,0.626971301408642,0.5858182474828423,0.5887876693667777,0.6721800514841874,0.6122188614053995,0.5142622196397185,0.5447688389054965,0.5595028444617265,0.4966920183552153,0.574952487942887,0.5834683537214064,0.6053613351745011,0.6367667425170406,0.5311776192147258,0.5751066999284122,0.6289486784339483,0.5551614793708024,0.5996566426378815,0.5522738738990518,0.6299629725917317,0.6150679927367533,0.6485151517287709,0.4795569436624309,0.5785987075024538,0.5762447755115672,0.5879430364857748,0.5914587855337652,0.6896278239364533,0.6248852730066768,0.5143116768097592,0.6559158182354795,0.5065271262448949,0.5156685566463824,0.5765419931540658,0.5695675623093346,0.564889429879944,0.5540231681518445
0.6047591576616286,0.5678948624596573,0.4736569749769593,0.5009717340990711,0.5056629980893594,0.5206848464346429,0.5343194684139934,0.6030089209988023,0.0,0.4776729323036292,0.4950774229709721,0.4955123735131303,0.5427044622080079,0.5344041236364898,0.5642714709092123,0.5089023402125393,0.5110724708951503,0.5748519836318581,0.49587341152818487,0.5395755647205207,0.526451253374101,0.5541500193800107,0.5002890433667976,0.512639508126222,0.5402031883787297,0.4839816577448759,0.5464068463216775,0.4936431438076641,0.42305978026721236,0.569666908029109,0.617382967850291,0.5221377595087932,0.515089940984094,0.46608073414720486,0.5619682284015213,0.48448992398429713,0.5570379811548686,0.5549588312174065,0.5025978135981665,0.5358192318270195,0.4996111037436406,0.6442994027364646,0.49922638319982243,0.499379198799548,0.5478944103866863,0.5328981753594461,0.5226092964741216,0.44972884533249147,0.5348658327654198,0.5184506421091177,0.5267838332291517,0.5078917556261011,0.4978001673354228,0.49198212634312494,0.4580576775231614,0.6511385554168522,0.5421430398936536,0.5375553739742106,0.5111141652274328,0.5279402971715282,0.5115487889027076,0.4793217131501139,0.4946395843965928,0.4722512917415636,0.5207790918034159,0.49487782741784087,0.5551143912266585,0.5683767150099993,0.5027630746914136,0.613918012087971,0.5996556654034522,0.5230362583364497,0.5078875610035792,0.5423849181960232,0.5484566586678679,0.5237903242543667,0.5019077269932319,0.5242169211332725,0.4917122590241745,0.46212223373476774,0.506798962531409,0.6292577068762029,0.6180542441189362,0.49962982773843817,0.5168383479150394,0.6206390084263567,0.5623665100057685,0.5296260926772509,0.5593786459311635,0.6401095090209763,0.5489496436960246,0.5957039874539579,0.4944448601032119,0.5043934969506735,0.5516740706974117,0.5275059881737778,0.5005982084418734,0.53309973099159,0.5035784341458642,0.5459575899166912,0.5077405692053734,0.5034782554988152,0.4777361072613403,0.4601791054480883,0.5352399428948807,0.5263708913985111,0.48027249267745725,0.5279353353566097,0.5256178220379779,0.5018142335909589,0.49785858814393424,0.5155698970081413,0.5155397408166896,0.5624687673095242,0.49451436090244755,0.5817139489428075,0.5274604778752283,0.4628567030244985,0.43941268702873654,0.5601226811159191,0.5358432019826876,0.5345820570048884,0.48832107575739125,0.5753136974363307,0.5373185418094809,0.47598799378251544,0.5026088784921408,0.5423005850139941,0.45148562067781023,0.5401259156979232,0.6616496388809514,0.5408879271521628,0.5158726924918925,0.5858542451433824,0.4958374897473195,0.495051137032552,0.512058631338796,0.5394665679380963,0.4871178361550138,0.5664469279939448,0.4783130291957107,0.5209320067548383,0.6186855478114653,0.5165607719306442,0.5319163805739765,0.5218848117395576,0.6521511668407072,0.5190807235725574,0.4971688421579672,0.42296762666519094,0.5601435894974646,0.5130288707254912,0.5262601554175558,0.5105182172226836,0.5327718887845955,0.6125994118142303,0.49746316336900176,0.5593860661477109,0.49715133046818905,0.4921070612586762,0.49245766241765976,0.5713498008994043,0.5479740081320499,0.5842663672265176
0.4885542857995982,0.6416993097011493,0.6532337859741283,0.49075122243068553,0.4679002702669296,0.5697208287201879,0.5239081840697467,0.6082542653271833,0.4776729323036292,0.0,0.5495789493735218,0.5950835586703231,0.5512943369629473,0.47851753287542237,0.5316063545901711,0.5740694010007731,0.5278405105766103,0.4998967788216387,0.5396064103503023,0.49756134392457935,0.5377534613880434,0.5953859335283999,0.49447194865292077,0.5124950247657372,0.6409388370494522,0.44973188232555633,0.5116048391598643,0.49854608581734394,0.607640951111623,0.497231080908612,0.5614171399724469,0.5896809770277632,0.5168235254334608,0.47036930078920397,0.49108906740784986,0.5068490128867857,0.537523727885613,0.5020597754938749,0.5282870890507376,0.5116968335019285,0.501260356074987,0.5310558786963446,0.5106785278198369,0.5072324397163949,0.5588138562895404,0.48944603228260936,0.492799658304028,0.513442593313635,0.5431933651779624,0.47673473493855745,0.49612673074439284,0.4626177955670991,0.4461172670485344,0.5547724143288024,0.5609715546951404,0.5060311264440084,0.47603067588327735,0.5612068865811953,0.5266484195024089,0.48171639965835755,0.547597440995881,0.4266337344208357,0.4752964960279678,0.4703437932029362,0.4438822322743208,0.45454363183494423,0.4871813256612157,0.5111082717379289,0.5298884712283448,0.5793676128199624,0.48347935639581885,0.46430279291240656,0.4434509573819832,0.5416250214188044,0.5484060866297824,0.47649674389243823,0.5121974589905364,0.5380841496699891,0.4534929639046527,0.42528979318917376,0.5095529005495089,0.46985361952352106,0.5519797819281133,0.49964956349954726,0.4536078381245702,0.5243881831947611,0.5143894858379863,0.4776652624247196,0.5238042509112714,0.4705058635133684,0.4728904622464778,0.5017957894657028,0.5316253531379639,0.44795522038465746,0.46066106458003314,0.6202276224931282,0.4686665947034177,0.5315173126689695,0.41845099672616026,0.49693354284490665,0.47936434841656006,0.5581452183719181,0.4491031572950354,0.5911208863723588,0.46742922201717924,0.49000021099479274,0.5066003410711477,0.5574773444802491,0.5187148374405859,0.5510186015357433,0.5247344750336274,0.4420608769728449,0.47117096734427966,0.5000181628913749,0.4479325543190059,0.4807544369935505,0.5101915789162348,0.5905507178622945,0.5235259977349365,0.45425507652301755,0.4473776020337732,0.47039785438559606,0.44225088381784083,0.5278564140785229,0.4332367409869965,0.6513971612547202,0.43433730212506794,0.5383510060622778,0.5640969826776441,0.5051611214701305,0.5386123980836958,0.517705933745917,0.44287426123090445,0.44247663086295813,0.526703409099552,0.45107108508677035,0.5079455336202822,0.4875989881933346,0.5474630140012481,0.5233247956137573,0.512625879635489,0.5261000418355893,0.4990771182332489,0.4911046629338531,0.5355839971679981,0.4690924847486074,0.5106603729708143,0.5583539199199197,0.6664492351427254,0.4338586411181211,0.47295647416446723,0.5272851219055499,0.5001358261847297,0.5642506929914586,0.5845634815490973,0.527172047262528,0.47626760374958693,0.5599562083572435,0.4593108142722854,0.45459860258554924,0.5314525399189569,0.47553695247337635,0.4710151120473904,0.4606805076279537
0.5778077999419743,0.5912083969521442,0.5806945482048008,0.5569513435846808,0.536450668235622,0.5870655159958237,0.5535209095724031,0.5620206989680953,0.4950774229709721,0.5495789493735218,0.0,0.5669600439384138,0.6179414166604038,0.5349494088617026,0.5449610121397576,0.657995430435924,0.6192737741616762,0.5503912837566716,0.5853837489044171,0.5733299798948823,0.6294255420215709,0.6349767405783069,0.5190561358314157,0.6045918290800015,0.6407071625625748,0.5395355927114527,0.5173924364607574,0.5807230181994675,0.5676567347713922,0.49803545750255546,0.561793479097288,0.6088625584537851,0.5327890738680371,0.5175565519801064,0.5910525550772155,0.5317129372680705,0.6410266950349498,0.5768483919900962,0.5866591275979771,0.5915514088507957,0.5338039108268571,0.5718735881200854,0.5567259755288045,0.6411007828887858,0.5706535772739701,0.5037641860688872,0.4708823565321622,0.672959955957295,0.6309467685108932,0.52514058031967,0.5639846412785997,0.5354914686200785,0.4663839655501217,0.62551703815731,0.6189877483353698,0.502425289669675,0.5635345130397026,0.6032319166087139,0.5587656224534876,0.5117951612075304,0.6198625331378996,0.4421562818645394,0.547265945100603,0.50758785349375,0.48936986258208365,0.5051252407746017,0.5619667043160343,0.5408320065560263,0.5485532430765788,0.6260009084220675,0.5508813073773619,0.5229049001186353,0.5414561161606641,0.6186319468837642,0.5936871656005457,0.506607245230616,0.6033894920249291,0.5875010679920767,0.49192017450134495,0.5154138775154029,0.5513873153969413,0.5167589153297212,0.5381724851978946,0.5599086388848522,0.5287921383980898,0.5575663833208253,0.6186266978762922,0.5043548098003532,0.515042299298876,0.48245944543140284,0.5455381748625932,0.5018742857326198,0.5767994401709677,0.524754934372042,0.5349971379544965,0.5675517603430884,0.4933239248000186,0.5298759147931946,0.4679179514899309,0.5213597221761042,0.5585758067247413,0.578096359163282,0.4845701052006643,0.501098020645865,0.5182678941649058,0.5126963435626136,0.5267170901825079,0.579972817928686,0.5231150534393111,0.6153760500533366,0.6552530516733337,0.5162092254098897,0.5606307768221149,0.5473714545713525,0.5029719511472968,0.5364120929343776,0.5419278306583235,0.5903208443225464,0.6117088898983354,0.49619081209701404,0.5478672165429394,0.49402386359831685,0.5453522633489042,0.5913840675727992,0.5281132163730242,0.6066408851552778,0.4630701576798873,0.5341247348276958,0.5772599619303203,0.537056490360465,0.4985657296786339,0.5846716966259471,0.5400574089230248,0.5381210813283086,0.6361897727012545,0.512372042894656,0.5202661113571259,0.558034801564067,0.5780523272315966,0.5427206132649164,0.5295831242007875,0.5895432893047289,0.5324906699359415,0.5278244100760511,0.6575156166277866,0.49800659082479165,0.5324777122455511,0.5173740232215535,0.5797866192694694,0.4600412208415276,0.5858732646571078,0.5389274108150403,0.5854342634462271,0.4805327531633146,0.5936370259507264,0.5888328981736126,0.5858555909752087,0.5813100369424834,0.5540410232492783,0.5445940437210641,0.5116635718054546,0.5649427687436852,0.48952929887048185,0.6143760271127701
0.5008542034879159,0.6213539700872446,0.5825499959767738,0.5243073396339077,0.5291455151400601,0.5588418415264526,0.565787354706783,0.6161372246118887,0.4955123735131303,0.5950835586703231,0.5669600439384138,0.0,0.5179590470580419,0.45524650193491023,0.5573325298756396,0.5844117175668996,0.5466690980614287,0.48985210678459207,0.6192668722985504,0.5090676837370393,0.5846624834571251,0.5734947669933425,0.5541864551312757,0.576285859747922,0.6350234518602438,0.4819999281454339,0.5210882580409804,0.516406087290164,0.5342809829441194,0.554939984619772,0.6093027009743844,0.5619419333957334,0.5424674626643088,0.5402891766755673,0.5143772377664517,0.5332554455338934,0.5363273990687738,0.510851766069994,0.5961444347802306,0.5289442313170346,0.5425882847557083,0.5549954765282065,0.5250076296455011,0.5475228511623549,0.5824376838727885,0.5016652110375737,0.5094652202968512,0.5141372652629554,0.5694764529956196,0.49347295254297946,0.5202580906550376,0.5020262867882499,0.4358465351811452,0.57866612405065,0.5635105500299722,0.5107053583072781,0.5031609256549507,0.6622166038444994,0.48827968078241035,0.5026289690471446,0.508945803117904,0.42429288645444957,0.48299100902138803,0.4709920034515568,0.4433068848571499,0.4453913820658679,0.4773448596363214,0.4837691636640559,0.48552808377688567,0.5629965184349345,0.4883648941929502,0.46138502898070033,0.4425941600379803,0.5448511227948082,0.5313642295437824,0.4604509575968649,0.5193114209691081,0.5824543454869089,0.4779268312857908,0.4280963692569295,0.47985568752572977,0.49821178655140036,0.5620262948818899,0.47855925592402343,0.4771202294072083,0.5564982365460186,0.5100335873432411,0.4678154073652223,0.5162815457914534,0.495738205771493,0.5125129656572655,0.5405210412476097,0.5464132316453771,0.45583467558261437,0.4615436438994207,0.6047205795119784,0.45896335499480656,0.5798998841806497,0.4337486623130572,0.5023684412522944,0.47386317288148044,0.546717584755082,0.474807174071965,0.5990285375790383,0.4759492587662147,0.5140637833217907,0.5065737913241747,0.5814300183708522,0.5213167453629334,0.5613163152366539,0.5995477266675711,0.4733549448188589,0.45570330002977927,0.4986469011494462,0.4602930177337504,0.5216399471771251,0.5134907344934618,0.5675124275252578,0.5208957825989824,0.46309248187399177,0.4803879598271899,0.4832757131636952,0.4624119080602383,0.5566021664698501,0.433138418084197,0.6240146472701018,0.4410726795671842,0.5977262696946314,0.5694282414603435,0.48353233402033796,0.5326491185220226,0.5161831959748616,0.4377121654125497,0.4768585425634373,0.5297366544364619,0.4354587804458804,0.5347443527362421,0.5190327248126878,0.5496893960255453,0.559961571093203,0.4740799505115368,0.5128586163336013,0.5197580452075512,0.4916791516820276,0.5478940232099923,0.5061435659947147,0.5750317320350422,0.5164410437684231,0.617266959065998,0.447362339085471,0.5123323348959586,0.5008758080234336,0.5453209092278961,0.5485138633214038,0.6566285038433463,0.5195843832380054,0.4743888261099033,0.5997730504912469,0.46099422121176337,0.461583554249708,0.4674921976369494,0.4838799590833641,0.4704964125958954,0.5026366846877081
