0,1,2,3,4,5,6,7,8,9,10,11,12,13,14,15,16,17,18,19,20,21,22,23,24,25,26,27,28,29,30,31,32,33,34,35,36,37,38,39,40,41,42,43,44,45,46,47,48,49,50,51,52,53,54,55,56,57,58,59,60,61,62,63,64,65,66,67,68,69,70,71,72,73,74,75,76,77,78,79,80,81,82,83,84,85,86,87,88,89,90,91,92,93,94,95,96,97,98,99,100,101,102,103,104,105,106,107,108,109,110,111,112,113,114,115,116,117,118,119,120,121,122,123,124,125,126,127,128,129,130,131,132,133,134,135,136,137,138,139,140,141,142,143,144,145,146,147,148,149,150,151,152,153,154,155,156,157,158,159,160,161,162,163
0.0,0.6542939110864752,0.5799925745743064,0.6493012419921197,0.4525791844389673,0.633813853343777,0.5319681708032358,0.5854226304160539,0.6568869278308382,0.6361373748632906,0.6213326875432753,0.5514727177626574,0.7585246351512475,0.6702235217397053,0.5162670449561102,0.6079112500227302,0.6624628867114983,0.7917881916542029,0.6538848709001471,0.7572255217848102,0.5851721447368817,0.68136004239746,0.7342628074235324,0.47516361450200045,0.6592584583700704,0.4745903458390346,0.5742247164485841,0.6162826315758311,0.6117228458908065,0.5143379937541088,0.4965638050300747,0.696211780197484,0.5452539225268976,0.4905370557938167,0.7070443483121932,0.6184937742684135,0.5849559554096566,0.7451924754628242,0.4653498591078592,0.6347226910360665,0.5325515245341691,0.6711656259412715,0.5448039451971886,0.49065317733652575,0.5327593165195927,0.5131795214539224,0.48620055737729745,0.4913999103359051,0.6835361468507036,0.7285210777805134,0.5705775193335596,0.577489574103945,0.6761033115133647,0.5563605460997476,0.5693453037986339,0.5929289578407403,0.7049380649478025,0.6154927640317732,0.5831003326373306,0.6776496744235999,0.567772894819114,0.5828248162623182,0.6363010720326521,0.6328177878761168,0.5582411037899302,0.5009764888243068,0.5074642396242273,0.5218864306999379,0.5427826613439611,0.6672733890174849,0.5559683801896477,0.5949399138262306,0.6519973843294158,0.6717355097802742,0.6410613753771209,0.4933108189058433,0.5497362696241618,0.4914169757863364,0.4762177207957562,0.4306370952569464,0.5285474671745324,0.6189640975360843,0.5516965769694541,0.6727385767286066,0.6418428585830714,0.6958675320585449,0.5826183695128404,0.598318981136297,0.585178379518068,0.48270862761256483,0.6682464817968787,0.49977524312135296,0.6774436866431606,0.5584301898517686,0.6958221743779106,0.5257446539066823,0.4770417845191948,0.522558836206532,0.6382554138236993,0.528562378701799,0.5015757011040844,0.4730575873840136,0.4783590379952984,0.51400834712911,0.6804882228671403,0.5488719203098155,0.5205616711417774,0.7337341042296356,0.5110839565686814,0.4903289209456201,0.5198975566585656,0.6566427693636223,0.6331584670072746,0.6425038445602966,0.6182814720896693,0.6868761632418079,0.6049487381960038,0.6974608865403853,0.6246644468692809,0.68373694151329,0.6092687021886002,0.5439361751472256,0.6448989166303685,0.4910826473932825,0.614791317537536,0.4799931971554641,0.6523969634791708,0.4748325562179078,0.5937001333701806,0.5779857845450395,0.5975651998709266,0.6407030389017748,0.6138063890676622,0.698436158440836,0.5234769181871268,0.5196962648972244,0.5235895435759201,0.5710887261967715,0.6888696459928318,0.5435785280999044,0.526299086617422,0.7620694879654194,0.64394590801716,0.6820416941597912,0.5354942782757682,0.5664249660483337,0.5851713423754817,0.485285147310802,0.6627536402515343,0.5708083786917366,0.5389676904532259,0.594698591712411,0.6516950887217109,0.5247706332220691,0.528636570137108,0.5140452940915204,0.73186072027394,0.49861114101627335,0.5968490908665087,0.6629251116216885,0.5078721564953296,0.627381153600037,0.4869107572100465,0.7118202509248783
0.6542939110864752,0.0,0.530506002879666,0.6838701216160447,0.4208559000090261,0.6553813511844774,0.6043229961899627,0.5956250922268777,0.5577418144827201,0.7899246522731224,0.5154368582354757,0.6603946571963133,0.6430853958125259,0.5660950431975545,0.6036984454121059,0.5365047549189328,0.5478962236228937,0.5948154987017941,0.7747872522072247,0.7147679158906549,0.6355470999970007,0.5689808617288605,0.7387782083954662,0.5481249850588975,0.8225634698266693,0.5020469730494711,0.4798917967092807,0.5090630127781206,0.6756852550745419,0.4488281174810611,0.5886436814049522,0.6719805869776679,0.6425799265076383,0.5779771642644472,0.6613059857763671,0.6739037097276758,0.6275739465297833,0.6298307316485242,0.5390675515738876,0.6916697306342366,0.6430752285674781,0.5520448883162411,0.5739175080765764,0.5536707664220856,0.6017416948356858,0.5939614720744023,0.5217957607112033,0.5227130495360413,0.7368511183193182,0.6516181777537057,0.5987960270195787,0.6041269378633795,0.6925158356893155,0.6360385344225223,0.6240260946977917,0.741175005169541,0.7071101513437638,0.5339234043733312,0.6015073993481188,0.7197763945870368,0.599121561273587,0.6072316903996446,0.5706718765472991,0.5868034485455773,0.6261137737693317,0.5613107837156754,0.5662860330468267,0.5488060877468466,0.44158929041535105,0.5653284562406481,0.5964869881546744,0.6492941944989581,0.5365073211816749,0.6444845534043436,0.5260053748014065,0.5867249842132877,0.5516065265330584,0.5234109406403072,0.5462895495206801,0.47840791579228353,0.6220688895462471,0.6711091305273764,0.6057485963826761,0.6554473059273707,0.6762183225370988,0.7703115397229119,0.5802724177311385,0.5831154419315981,0.6691725756351175,0.5802314480944618,0.5305470421409924,0.589937671091839,0.6435301148918894,0.6497833281904984,0.6637759966628279,0.6479244775763456,0.5357002274458166,0.6454696583957811,0.6308747092098974,0.5926297996231349,0.5905244668399908,0.49969394283004637,0.5268136162579962,0.6597268295059522,0.6222960365183475,0.5971922503691299,0.5868611046799964,0.6785098132123956,0.5985668013513017,0.5832581652858356,0.5932439860304508,0.6678318901390935,0.6396380121094359,0.5591972104339288,0.6649562742945486,0.5821326191720283,0.7368039270619924,0.6819139613427627,0.6247644240172024,0.5764154679799917,0.5857638907964673,0.5652142371424401,0.7228286909560728,0.5631927705898866,0.6537646386812537,0.5717714999572445,0.6133266721677563,0.5202735558954742,0.7294507441937853,0.6588563290514824,0.5230238815396783,0.5750607636303641,0.5999557141830748,0.6779225138204942,0.6172888906438189,0.6035221385264077,0.624973959332524,0.6597742083737276,0.7266126281162277,0.6459512891090818,0.6062467517738865,0.6705924055952273,0.717984034065804,0.6408912694972834,0.6348033987875845,0.5856517556461105,0.6288615035779958,0.5820540863341499,0.8556505706383701,0.507919049096745,0.5968311140907265,0.7156995877428083,0.5233953689067276,0.5911980265651662,0.6563325870275836,0.592476837384071,0.6988651193582154,0.5616524817429185,0.6590687793840622,0.6204098363162457,0.6210693922290682,0.7075258421779381,0.587284823382653,0.5997258011420282
0.5799925745743064,0.530506002879666,0.0,0.502744647816104,0.5928960640149745,0.6556056315384655,0.4937137744486436,0.47863519603737625,0.4821836932543483,0.5279892915686919,0.6938920583050963,0.5469513107785605,0.6413259263930793,0.4812778574678198,0.4695283162329181,0.8273023140742826,0.6777815078086623,0.546117161091609,0.5292940108926443,0.5150005519278571,0.5867192669589236,0.7340119765300164,0.5348396306006045,0.48027535758980977,0.5187172646879628,0.47891272668786844,0.46449927402162094,0.48900263565709645,0.6093372052436485,0.5825528202679209,0.42136647246660414,0.6021839987114437,0.47844953816449887,0.4208718949006004,0.48520092295893075,0.5014649659257829,0.5382401133581035,0.5483149209538251,0.4461741726231054,0.551542215451245,0.48446552528202735,0.6042967417202785,0.5247039038891963,0.4841960717644902,0.44683674728161726,0.4551213012410602,0.5220473242425022,0.5350265453228552,0.5416243546100822,0.5784150346262379,0.5321092423267847,0.5732814444776351,0.5006025450859591,0.5127053208537437,0.5203713727469207,0.49116164817215613,0.5596152634827071,0.7292621359891055,0.4506163109296729,0.5189322192710429,0.47079596447186944,0.5010366374835914,0.6393186692671853,0.4720823251278117,0.4537493851587628,0.42934022105913766,0.42023887908515073,0.5300328119559151,0.48010851740816424,0.5249474504385625,0.5109117998102342,0.4485164911222153,0.47463623058295656,0.5948215704422589,0.5383176586355334,0.4103817155613738,0.5507805821260329,0.5605498044389092,0.4173261216015452,0.44307113386165664,0.5001001355017977,0.4802036745082771,0.5860714992531226,0.5180144886140651,0.49379174734321385,0.5295758009232642,0.471798885447881,0.45853428974536775,0.4548490812854034,0.4181897957249279,0.6742492548964405,0.4112648944557877,0.6529496398590946,0.46078975733943,0.49910765868193036,0.4853289795160705,0.40463677490571687,0.43096236086075157,0.4665039420127849,0.43102083318888695,0.4161498613708757,0.4368533475400816,0.4008150923611818,0.43789788245084166,0.48708159255088096,0.538001434704941,0.47156209609957334,0.5511548446304928,0.47037996929138576,0.4831590837387998,0.49114819727310954,0.5016004635617926,0.4923369721647437,0.4804170325328044,0.49937503485342166,0.6532424531109672,0.4669292100807894,0.6306160225033887,0.6101557824112983,0.48117204173315303,0.6240792837068266,0.4510339927536803,0.5039165282983239,0.48219259591866986,0.45021477951607597,0.46873157415550126,0.5020235761651898,0.48430981545792096,0.5094585858634856,0.4808493728742506,0.4908064452813595,0.7215529790232716,0.4653398972624187,0.4981192579003858,0.4520055494851399,0.4678919033721616,0.5124438754998952,0.487774158312246,0.5064705511769158,0.4682610602620593,0.42636001994328976,0.6177144077955932,0.4818773083612871,0.4979898200855486,0.4856733203712818,0.46881653359024705,0.586919993671639,0.4675958205056209,0.5302261335833113,0.5111092331699622,0.43367866064535854,0.4711662289495833,0.5594337217964669,0.5274401094621058,0.4761744668937466,0.43789300560435185,0.609480167552818,0.5178731020019887,0.4468763026622442,0.5676116358529677,0.43644206371100674,0.46488654516804645,0.4049740250405004,0.6370212027474385
0.6493012419921197,0.6838701216160447,0.502744647816104,0.0,0.4016300501851255,0.6205602839696234,0.5949441976841913,0.6670332145607295,0.5383754439771357,0.6706200636842479,0.5036524557683274,0.6090701917549464,0.6630620430487616,0.583128412226511,0.626812701698087,0.5208572760646248,0.52485514491001,0.5942575436323165,0.7478674927610975,0.7127994578651848,0.6306100955298448,0.5336054507579199,0.6753218052986729,0.5232288497122561,0.7663758702431342,0.5395905783611357,0.47475757877282504,0.5018747997956635,0.5813207356081627,0.4192531740814522,0.6292842716249962,0.7144652340698865,0.7057943027946209,0.6249930439183725,0.6733865781403429,0.8219859100837918,0.671527985168763,0.6485783059417053,0.5629827542515851,0.6875685349809298,0.6451667474533431,0.5060648077747304,0.6418193209575281,0.5654394188714319,0.6910050404818566,0.6493300372305346,0.49639316514789533,0.5328925617378067,0.7382071888289244,0.7271704992751173,0.6701825749186568,0.6081304029180504,0.7009297884949427,0.6954155599496858,0.7153056870037394,0.6453542186280298,0.7632559397260498,0.5209665048955952,0.651213496489014,0.8659103442833898,0.7371858983763884,0.7472445087387378,0.6204879696731868,0.6032517031186236,0.7218845155709289,0.6602327451318254,0.6562770274065888,0.5650240681155332,0.44778670886186817,0.6025155113252996,0.6544665180365945,0.7311091158685831,0.5787505604364328,0.7160004485866281,0.5210571481564933,0.6256756017626582,0.6192794093853219,0.5018266498427024,0.6131141366161381,0.4697502581078654,0.613535194384151,0.8205442849598233,0.5468890050453298,0.7307857513905376,0.8247102867232022,0.7347121887837379,0.7081172598310388,0.7139918544532818,0.7735000486237641,0.5757075528190092,0.5300737344595157,0.6260703172718685,0.6371508128919748,0.723511702412509,0.7387131623179024,0.6262302920017184,0.6291605390977817,0.6519062418974674,0.6748271535929766,0.6784150764067143,0.6550702496865902,0.5890941376626857,0.6160868065946592,0.6454680349790323,0.7596883410563701,0.6166979212090866,0.6802360608297675,0.5963249388771208,0.615530520537068,0.5464592443816462,0.6192504322655846,0.817352421463134,0.7863811074788222,0.5717001261298708,0.8262743738241026,0.5389772891754112,0.7177352856614301,0.6609864215546412,0.625558679539135,0.5862244611123023,0.5711292940668175,0.7103687230083173,0.7114652113774795,0.5626009245927621,0.6632311320281858,0.5754123450557492,0.7110090870973186,0.5396898793197556,0.7447571279783408,0.7709233652677238,0.4811839569406887,0.5727675150519017,0.7107048906089021,0.6983761773932305,0.6780840142314332,0.6162037008514094,0.5621189733428974,0.7000218144927736,0.769679703603094,0.6988931726720209,0.7002494787476585,0.661485979874769,0.7676490840109623,0.7262556762302341,0.6628494769857456,0.638267945011745,0.5916887869182356,0.5769859103453436,0.711384538029567,0.4801369812871369,0.714749528039281,0.6862746342189568,0.5105564019776961,0.5551008552480003,0.655363955540894,0.6592621897880757,0.6580561801435952,0.543375181219191,0.7285711128822091,0.7027223943159264,0.6405513553927242,0.6957604193176882,0.6187310196369169,0.5712214775672899
0.4525791844389673,0.4208559000090261,0.5928960640149745,0.4016300501851255,0.0,0.49538807635864485,0.42811173968509636,0.3751058240032231,0.39043964768201983,0.4075077959276104,0.5303212928359256,0.4451460082540411,0.47173192371233263,0.39050766291533207,0.3996411516648214,0.5861001417477189,0.533595871766551,0.43347560134377155,0.41899856579475764,0.4059788897454988,0.48770371577420996,0.5305929987311248,0.4283056963985499,0.43654871202365647,0.40690074679628485,0.4316721459129622,0.3796622775513999,0.3968545997628379,0.4755849709186835,0.5355734712849254,0.35266124989734987,0.4558339811275961,0.39756719887568,0.35683682670181327,0.3923049845396217,0.40189245421933,0.4358156265525941,0.4309576035471144,0.38614457132270874,0.4564010726751324,0.4157373292770358,0.4894074292615456,0.4376223069570685,0.4307187432110904,0.3651519806942339,0.3876978102589073,0.4931406243314768,0.46986404713460256,0.4349761638985149,0.4565822667263383,0.4460832717894686,0.4968493601001653,0.41258243055927774,0.42082527076008125,0.417436443571247,0.40831442370398563,0.45077878778276526,0.5437745412785728,0.3713785552954521,0.4162124465139934,0.37380217913730784,0.41542341907936997,0.5038689671940352,0.38488495337997425,0.38477429145981845,0.3649567620878014,0.35220286881091006,0.45858693697520364,0.39794068762481144,0.40422049356393,0.4323254878462838,0.3728447063562724,0.38650951822219126,0.4627891996130442,0.42581210828609845,0.3512219074883199,0.4523817704242175,0.5318942838016337,0.35807002108588165,0.42861860478812513,0.4323116751577928,0.39344700817462874,0.5040700875813766,0.40605782459053763,0.4061866015420777,0.4197974277844649,0.37478723773454226,0.37385337310515215,0.36913404521751203,0.3576088435350318,0.5467860012483096,0.348910524839582,0.5079472730960868,0.39000164960506895,0.4081134127630282,0.40159517686441937,0.33932800274802155,0.36067709483673754,0.38966660481014015,0.35962763177769375,0.35199064381002554,0.36228804881606536,0.3419071603938354,0.3614656305531032,0.3898333930540425,0.4562941393741071,0.39382419815833275,0.4320020191828227,0.4079039446094931,0.4233498267930582,0.42084652002358724,0.41279791633284907,0.39696416526853673,0.38569809463309224,0.41154876773867943,0.5277317925145796,0.3859940310507681,0.4687152985043125,0.484152358154853,0.3903942810946123,0.5550204629383612,0.3685912269094503,0.41853483612825654,0.4288650413557317,0.3773942024152273,0.39843673457300166,0.40977632019416244,0.4175563150227623,0.4084292318697175,0.39812860138499767,0.4018927934224397,0.5456614674542783,0.3753353471741627,0.40680845461032294,0.3735971306568649,0.4114020128360335,0.44402253136181197,0.4133930870604548,0.39599928012431224,0.3900770186752961,0.35148811936382246,0.4719595428410926,0.3943650365956054,0.3958458114636561,0.41064756698445204,0.3907535430634716,0.48892785679005657,0.4071941123646911,0.4119816255284558,0.4279387285779849,0.3602812098187247,0.39002594474146457,0.450850146591681,0.449120283304326,0.39857995481341585,0.36493458238449045,0.4698876210996297,0.45592741891780963,0.3706528088449038,0.46190295848907403,0.3719842940878496,0.38639834078578317,0.3475799685727575,0.5233274201243494
0.633813853343777,0.6553813511844774,0.6556056315384655,0.6205602839696234,0.49538807635864485,0.0,0.5883728017181399,0.5736607029167835,0.50759985836214,0.6171018454601626,0.5903638378780202,0.7195137639508831,0.7296090116403453,0.5015506352461723,0.594675438868111,0.6750004884361297,0.5977256439640851,0.559322283931264,0.6668775666488975,0.5965085549502699,0.7505841570919418,0.6367528389352751,0.6050523149985438,0.5881694746669583,0.6487283625937715,0.5705964860681227,0.4529474779160698,0.4814591969592983,0.6600640896725386,0.4946973687211711,0.5247730083044813,0.7049654882657423,0.6168116040682926,0.5177293287989222,0.5447612221978426,0.6013010604281781,0.704482177013725,0.6015852482003684,0.5572410414887894,0.6766966282589638,0.6168216812165557,0.5569833094254163,0.6476488007367865,0.595935447628071,0.5507843147936758,0.5749655778746159,0.5755878508124234,0.6308266927498415,0.6470000726964091,0.654239648724102,0.6542850941484402,0.7108200444926769,0.5774966295020494,0.6519869439087013,0.6382812824517965,0.6166497706126156,0.7000678631049588,0.6455042774751889,0.5056587164291149,0.6336997943262885,0.5810393094309138,0.6109715217879116,0.7152050483338618,0.5006361552268067,0.5533969674753132,0.5309620899728343,0.51193136336993,0.6384490172380068,0.43906721030175916,0.5686926865505063,0.6506613066182861,0.5303084537675327,0.4933626583410539,0.7154235402186144,0.5248618718353656,0.5053182953636514,0.6544881595074061,0.6246376417435814,0.5239731823651017,0.5242844719813043,0.6436649752033267,0.5972757943671609,0.7317522863133206,0.6235888347097437,0.5998298295979907,0.668399167529885,0.5733137773980704,0.5228786988256899,0.5612523385845942,0.5271295640319342,0.5939833337330309,0.49673660387464585,0.7125520115558157,0.5823996190503595,0.5735039250109794,0.6281960095106754,0.4944171169245951,0.529100170247051,0.5265182412143616,0.5212623585743302,0.5127476784701172,0.522616094871811,0.4758040282924567,0.5407806794039948,0.5575709774931953,0.6881459979430514,0.5887751484790515,0.593946848246958,0.582282049013321,0.5995207919488614,0.60965595310157,0.6008514886746803,0.5942544276414404,0.5098528201392039,0.6326051659877154,0.6407203140326239,0.5691027983482497,0.6924598999568806,0.6730716190037865,0.5112198677103373,0.6837480431010591,0.552549164877371,0.6164666919441316,0.6086148816685968,0.5275277797245601,0.5936803273016877,0.5650025540626963,0.5916696471811549,0.6317564176936126,0.6014018055604083,0.48625430482323984,0.737645019760513,0.559863206302027,0.5890181143814088,0.5698200161319308,0.5795678857511742,0.6618360072733108,0.6090818062330292,0.5950591842509123,0.6014189463634254,0.5235242895623063,0.6675308801170967,0.5782616997965575,0.558117177731108,0.6242706382501055,0.5400300247506076,0.7603935236331708,0.5952240465068329,0.6389115460007446,0.4901268983905622,0.5390816765948216,0.5679767786803639,0.5225681347112925,0.609212748329422,0.6194617826763246,0.5549247475640566,0.7783882459751912,0.6527946808557821,0.5348965893862337,0.6636507633544113,0.5374165384258311,0.5583609712836656,0.49777415548189774,0.6650016142344314
0.5319681708032358,0.6043229961899627,0.4937137744486436,0.5949441976841913,0.42811173968509636,0.5883728017181399,0.0,0.49352642209634656,0.432393105181792,0.5882392784509292,0.4455252450931315,0.6312646387655062,0.5651892032017269,0.4689247255841182,0.677279659939519,0.48939867437020784,0.47455390365514866,0.4802678918188692,0.5690948641318908,0.5300419869271825,0.6780900397000104,0.4834712972110475,0.5831258462617059,0.6708414048059052,0.6156287689507093,0.6417609872417219,0.390640356810466,0.40856648656233074,0.5446383683350081,0.39237489857320207,0.5665437938992921,0.6283836965518819,0.6513311470123282,0.6432365652103159,0.519893441967023,0.6191474390225588,0.6670430400144628,0.48811232260642323,0.56948875505592,0.7393782841683593,0.6465556317903371,0.4636134202064851,0.6528786126508884,0.6821113682026152,0.6032548106481401,0.687919490170065,0.6830309352932747,0.6014343056976607,0.6783724938212182,0.5974551802320768,0.7104416682438714,0.6753871871703161,0.5499135333663021,0.6825224660729915,0.6336817769026218,0.6699933367679276,0.6080301457413168,0.46525099331884845,0.5640795262387464,0.627207988188534,0.5304140283525248,0.6685397428080723,0.5441734451422657,0.4924059425742072,0.6576585314874336,0.6184369876930874,0.6022680679923207,0.694328961918162,0.3818813864684509,0.4528260492907494,0.6980191692359743,0.5672100064864366,0.4632317599342299,0.6441401757008466,0.42013665064886174,0.6059280927877402,0.6304892936667638,0.6144191394924217,0.5578732809113159,0.5468778880759751,0.6541824741144477,0.6239077018616024,0.5957520816702075,0.5082952664037703,0.6088328907822433,0.562563066383015,0.5115121085159746,0.5602651073945549,0.5770384222895786,0.5766001801378821,0.48334357373652065,0.6105551129142557,0.5799489576011774,0.6416373804399443,0.5641224334503901,0.6587755198213028,0.5199396402045997,0.6281941499858257,0.5486520658113138,0.6250603104176048,0.57025346343849,0.5275311215970693,0.578543249814544,0.5872757180392272,0.5204349914677979,0.7040568008895987,0.6578732737121726,0.4989387988622928,0.788929101395026,0.7169575167892605,0.7735182196110293,0.6128853835401445,0.6167467878669898,0.4334692020842537,0.6179438904840745,0.493478080214085,0.5881606683469935,0.5892879640870654,0.6311169861758108,0.4560758907504633,0.5824152127227431,0.5165165080942367,0.6462350867015508,0.6736283961765313,0.5236376465311878,0.6126515850586661,0.5972957334171494,0.6011457351466186,0.6485041689574895,0.6750977995960675,0.4094298005224193,0.5190358065501602,0.48778439421816516,0.5147271202279704,0.5969874062090502,0.6764199917828013,0.6249276691304453,0.7431328382044863,0.5552360017103493,0.5972616739869111,0.5396091422983325,0.5636291885767687,0.621771301229568,0.5229240954137577,0.6882625061684672,0.6754270379509184,0.6065129955881126,0.6398122960506828,0.5897031252598747,0.40795184050871236,0.5519260084729963,0.5457579627574097,0.42846999220979604,0.7722475746180291,0.6519171111402228,0.5875866577926887,0.5622417150684751,0.6406220935485841,0.5575103682523591,0.6289747182670511,0.6520197174821444,0.5467989586759174,0.5569302695501928,0.5097813905696932
0.5854226304160539,0.5956250922268777,0.47863519603737625,0.6670332145607295,0.3751058240032231,0.5736607029167835,0.49352642209634656,0.0,0.5596015693666256,0.5921549270917722,0.4870994072638621,0.5707942956584352,0.6066152422585634,0.5188756400368498,0.5594669658172793,0.4945695373535792,0.4807778822340127,0.5473448266969484,0.6488385263233205,0.6342638112912998,0.5320779010975211,0.5120888903064613,0.5664788768650774,0.4657265978191251,0.6499602816387964,0.4748997013336674,0.48345618713799204,0.4922315695035456,0.510584024360437,0.41841221807648254,0.6039153073472937,0.5955851158860767,0.6045602453923602,0.5377351839674532,0.5779024905939176,0.6171651519088638,0.5997139501294113,0.6006783899293058,0.5263404412072306,0.5414221374685888,0.5382150870528739,0.47592798337840403,0.5606803151759366,0.4847725979035232,0.6374387162862876,0.5559521199190031,0.43521469040150335,0.4799593909151623,0.5722507765014887,0.5837158636125119,0.5470093019681955,0.5103003395804534,0.5567627862037869,0.5742932375421886,0.5923266642084875,0.5581160434833994,0.6027421220363011,0.5145888791756593,0.5255325071116659,0.6292493023784604,0.7432071008029558,0.5757279313340747,0.5574291508259123,0.5158668248273544,0.5533298824816291,0.5514739136127145,0.5646852885569547,0.5042046958475594,0.4400350373352134,0.6734141518950179,0.5597578423837126,0.5678173223172049,0.515641006723423,0.5903216327093608,0.520080127861197,0.5274177188953457,0.5462478217040369,0.4450103269139046,0.5612147846225508,0.41472192282947007,0.5130444693340172,0.650369250990841,0.5100882252244224,0.683764216614695,0.5898801846537223,0.6741110556604374,0.7856728976812556,0.5878351133798275,0.6668586627616224,0.5535582282689006,0.485853259922524,0.5361234745684497,0.5406112853072906,0.5651654875961167,0.5677740136515979,0.5751649562773608,0.5888900247513128,0.55341606476002,0.5322010881362046,0.5653239989019075,0.5556188711497673,0.5871454271280232,0.5202944476655279,0.5820894515131531,0.6399578866873613,0.5388445778539876,0.5651946731594144,0.5526854045138189,0.5092653038627685,0.48080610748578634,0.5145040391040244,0.5893602763395913,0.6034632561599927,0.562837505833931,0.6179395791429478,0.5053115803138052,0.5707238366208363,0.5765364180464159,0.5100491725724403,0.5439583503847475,0.4893161568112292,0.7157532250536481,0.5472316094897962,0.49511857026425166,0.5468085442047199,0.5283308351343361,0.552573910286185,0.5190088565226911,0.5827396446308225,0.5952592479686584,0.4858601949942014,0.5291003915280824,0.7045819628900901,0.6108451701137648,0.6032477845489974,0.5014607487490292,0.517714710441043,0.5525895608190858,0.6638187938011144,0.6229809146749683,0.6214969248824898,0.5544792968923156,0.5924471712662845,0.6033541624743716,0.5485141009847488,0.5343178241203173,0.5547657579306611,0.509292581673144,0.6181236756594712,0.453312214832006,0.6467685340648803,0.5652989200242733,0.4924565618576196,0.48973468811691573,0.5735483769817593,0.6198550452559255,0.6052822661045764,0.49608625341050716,0.5782695116222477,0.5501331572785363,0.5168740265401349,0.5689869740066992,0.5282115357595651,0.519107078296111
0.6568869278308382,0.5577418144827201,0.4821836932543483,0.5383754439771357,0.39043964768201983,0.50759985836214,0.432393105181792,0.5596015693666256,0.0,0.5479082424466322,0.5423766168002837,0.46646471381310184,0.5679804407423947,0.6279257393758084,0.43801128366834774,0.5020125089791712,0.5542105450576387,0.70154146872011,0.5612193899712008,0.6585246028318766,0.4636347015629782,0.5730535199002545,0.6006268005592844,0.39850263356707405,0.5535720406364022,0.3905659000707666,0.6977525578670074,0.695102788773019,0.5110418565355412,0.501387929005186,0.4493059643760428,0.5284464794693959,0.46206090507148334,0.42655310562268195,0.6304791305129585,0.510187895693861,0.4722747879291628,0.6641468297291945,0.405185152666266,0.49221473421426926,0.44963633154994465,0.6057250591586012,0.4425599098465201,0.4045335856302333,0.4658628137362057,0.43466538929351967,0.3984421317155045,0.40229770675574955,0.5292625323980717,0.5473433289153035,0.45279565748255707,0.4555098331191875,0.5737098651463628,0.45476922740179715,0.46518962564659055,0.5038191806302111,0.5471635332922402,0.5354848870916789,0.5024368023644082,0.5453715780703302,0.5030133544641291,0.4691840104819292,0.5009785427208234,0.5739096723342543,0.4671938257155789,0.42849127409677384,0.4416048684082823,0.4220328349138623,0.5598469054918886,0.6760096968080271,0.44994197519262896,0.5194623778549128,0.5956756022952826,0.5107310840631254,0.6770790228180288,0.43452305598777285,0.44069108709782606,0.402712391684884,0.4224679241495981,0.36601334243900396,0.43780397125090104,0.5209273442884014,0.46175144272549845,0.5973569306804782,0.5240019187918795,0.6018050583090804,0.5237672898650573,0.5121262055660225,0.5228640996418031,0.436873396420184,0.5435458657321328,0.44437519130747666,0.5224898043298574,0.4698949540183976,0.5675925247681431,0.44955866122928023,0.4322193517845412,0.4614742427353183,0.5470258173497647,0.4576055305899885,0.4447182045616729,0.4144024391988325,0.41923338720362,0.463838199043106,0.5942869396324034,0.4449873128001689,0.4350449705851695,0.6790793945065589,0.42384309521344005,0.4096921705318915,0.42418223380203063,0.5282164565351415,0.5105795447707231,0.7221303614474226,0.5069341819469716,0.5810425048342163,0.5280747945472536,0.5418877918792264,0.4794311266948541,0.7125452192421217,0.4789095082233288,0.49134357050187144,0.5161169123566532,0.4105358868485303,0.5553132947300616,0.4118708249665541,0.5221877290872209,0.40381693024198584,0.4908809376470747,0.4780640630243684,0.7280105542668281,0.515273644262283,0.5746000452530062,0.6282538935845691,0.4539916259882957,0.4307754173084535,0.4460247571097724,0.46617918409867104,0.5984207662517211,0.4748526237531855,0.47662351891187066,0.5688566803001617,0.5414132076622681,0.5923983060186965,0.4441861572971276,0.46760258279713074,0.48442716027813576,0.4143882322983235,0.5653754613054656,0.5811721021399411,0.4816650644886042,0.5322399011277241,0.6472592136038491,0.43147987104021585,0.45300177028345234,0.45293828587376117,0.5756179180282681,0.4168806301791355,0.5262152580133933,0.5014914283063465,0.43608413108025684,0.5591318202970595,0.4410004644330031,0.5721107005046826
0.6361373748632906,0.7899246522731224,0.5279892915686919,0.6706200636842479,0.4075077959276104,0.6171018454601626,0.5882392784509292,0.5921549270917722,0.5479082424466322,0.0,0.5078715263169233,0.6099526063467968,0.6417850398407332,0.5889998201849116,0.5668501902961001,0.5236200879114966,0.540883824010801,0.5955471269217809,0.6975480797698718,0.6960689670596301,0.595024823356636,0.5606244500782639,0.7303456439326665,0.5103390429773773,0.7968012529313782,0.4842858822469516,0.49059338119492124,0.5164664532091862,0.6541587698600982,0.4362816795578488,0.5646771589799947,0.691346760900172,0.6034829368742463,0.570101971460373,0.6618408898981448,0.6842206543530673,0.6001873658964104,0.608332449485725,0.5074963654939655,0.6557327292887059,0.5845965057291227,0.5476942183281263,0.5561151271622021,0.5225493969741823,0.6042127869267688,0.5668886728486695,0.5030631694383004,0.5022064101592179,0.725408699553295,0.6454922212699481,0.5802585225950339,0.563361334150731,0.6575176676442891,0.6140099095826707,0.6226614673401645,0.6746248137459879,0.6495457877808342,0.5180565575217171,0.6427496310344724,0.6988405069512339,0.5981379480341779,0.5985484831875817,0.5507925014793276,0.619910989159285,0.6033061510465914,0.5478855144416808,0.5672508689106326,0.5303862101120496,0.4577106136572336,0.5635750061571319,0.5653623185016128,0.6394247076777845,0.5599697030551745,0.6412950775719817,0.5256385704343939,0.5650422816065765,0.5466300308983814,0.49637642926499553,0.5165424352447704,0.4450827306454517,0.5703343890450812,0.6418351008591555,0.5512091123531099,0.6282638167138037,0.6508121743531355,0.6835736235812915,0.5763980455580489,0.6111881018660769,0.6603747607599229,0.5412488402769065,0.5228035641602591,0.5839283502414576,0.6198058745039455,0.6037088115358334,0.655919093888102,0.6085480846971951,0.5261340837892731,0.6338376048706074,0.6304853586114749,0.5999310324812053,0.5680724049576327,0.501378036370492,0.5321899593905196,0.6416889953730677,0.6285681980242331,0.5649522831345294,0.5762719122327654,0.6642056603056207,0.5718436850433627,0.5501792193523344,0.5723434181459874,0.6449610098139272,0.6498382104361469,0.5589415926316046,0.621590856866956,0.5517311390852921,0.6895131308864224,0.6966418963536908,0.6307416761489145,0.5806134943749265,0.5435898282422681,0.5512591748009119,0.6735882595563496,0.5233992321646376,0.6172684980841375,0.5423048549995544,0.636281230872375,0.5009863844848029,0.7247168046667196,0.633217180118624,0.5204512945439619,0.5509321059196324,0.5771131617605927,0.6221789833635338,0.593391184071857,0.5580422762258759,0.5594884200233988,0.6183522459398365,0.747325515652547,0.5948473203282691,0.5935103113046797,0.6704109529114212,0.7046640290491011,0.6615433482095548,0.5931376519508488,0.6064207984081634,0.5707763300994797,0.5410076254358176,0.8637585642236886,0.5037506463827579,0.5719643439705442,0.656762711553675,0.5224188349455412,0.5856392312795881,0.6060701543238736,0.5666831320237748,0.6381638772264732,0.5243096010355989,0.6376501220707737,0.6088939095280818,0.6000967930223877,0.6505488767974483,0.556307094599041,0.5569834894177034
0.6213326875432753,0.5154368582354757,0.6938920583050963,0.5036524557683274,0.5303212928359256,0.5903638378780202,0.4455252450931315,0.4870994072638621,0.5423766168002837,0.5078715263169233,0.0,0.4924438096729264,0.6273562378644905,0.5274511399808676,0.4369744707790373,0.752592622309877,0.7612150618409452,0.6169098226366988,0.5322697734300624,0.5457798135441841,0.5272756160048524,0.7932667526961842,0.5349138535379165,0.42874683452716356,0.5060550828556556,0.43187493045017267,0.5347417403262974,0.5744697330470481,0.5860981326476119,0.6354251974335055,0.40813626591025537,0.5677415699815394,0.4545215563435038,0.39970493474538626,0.5158307946850405,0.4930424551356471,0.49665444718021323,0.621127444818244,0.4183330536561836,0.5134390882703187,0.45899457917243025,0.6525113066556494,0.48276272792046254,0.44092891417915775,0.42955785794721424,0.4265763937524633,0.44739315288131926,0.47366850634933755,0.521063498590673,0.5785767449370184,0.4905908417510388,0.518768958846229,0.5222337275169324,0.4778802999171965,0.4925114631560502,0.4640846659965363,0.5599126526710595,0.7782858918863158,0.45114022602076537,0.5138714073964428,0.4722519186893185,0.47903455792385496,0.6269517785189715,0.5008260306050327,0.4431300240527175,0.413713537299356,0.4070036243520527,0.46694384102765,0.5584965934913385,0.5880183468901652,0.47336808510066164,0.45658311573564264,0.5204447514542635,0.5577380947460793,0.6571845355191986,0.3980088630371576,0.49853527915846696,0.47829631181862137,0.40426145184876416,0.4064795136941534,0.4660066564012167,0.47387423060645645,0.516363510664594,0.5541616641494501,0.4963417208213698,0.5367021269635702,0.48061889346207914,0.46136447749020953,0.45142132212523006,0.3984795523725186,0.736943841115659,0.39733773619605467,0.6301220530742347,0.4503422606053709,0.5179301528788735,0.4479243558097031,0.4000541349873915,0.4146335478236575,0.48311785618629777,0.41647751187636683,0.41016840734753834,0.41705510868071655,0.38936239281343543,0.4216963246108169,0.5165979796398548,0.48184070142837565,0.4431440513087411,0.5864397161092997,0.43191246399981964,0.43173057169547435,0.4476637443283507,0.5050293698252906,0.4867163656085479,0.5499852566251237,0.4953281083578021,0.6832683681617914,0.4672740728814154,0.6014696346847579,0.5607453731987858,0.5379284537681557,0.58659201361678,0.4549191356991784,0.4965709503255785,0.4373011015346886,0.47275442880873003,0.43027252771277347,0.49945353601143877,0.43309216343347007,0.48804640968607543,0.4637156261985562,0.5519790987165545,0.7000603129461122,0.49704107699483024,0.5371157223374531,0.43727173814300657,0.4443612393941861,0.4663919855101777,0.46241384922237405,0.5176525152024576,0.4539458309219003,0.4270192894216256,0.6291339939766138,0.4780442508580941,0.5266007000194384,0.45593108117222597,0.44373854550353725,0.5314888720754432,0.4295974007491801,0.5199068447216082,0.6005788323219032,0.43377330392379404,0.4812591258679062,0.685686575907496,0.45615830019428893,0.44690307620444714,0.4227568272829349,0.610019575006301,0.45690670173609477,0.45743371651977544,0.5503727187650829,0.41724356607372826,0.4805633218142588,0.3981986133963601,0.6920029552780596
0.5514727177626574,0.6603946571963133,0.5469513107785605,0.6090701917549464,0.4451460082540411,0.7195137639508831,0.6312646387655062,0.5707942956584352,0.46646471381310184,0.6099526063467968,0.4924438096729264,0.0,0.6039891130658251,0.45812893935705745,0.7080322363914351,0.5490133874899374,0.5002221698478866,0.49389591653023296,0.6628172534673389,0.5573026707448522,0.7284963016766816,0.5328722471557501,0.5692943268287224,0.6748570374957292,0.6536010062879836,0.5993462170573487,0.4102443644726935,0.4289805490131918,0.6042030906221897,0.43302054412317675,0.5997473293628542,0.6292678969060881,0.7031696548956924,0.5763665114198707,0.5154342960140389,0.607110643520147,0.722137046439309,0.5352242478743825,0.6623372667416905,0.6550785168981343,0.7008054203896805,0.48062257975679984,0.676987484396561,0.6614735383285945,0.5986540374095419,0.651399511621635,0.5902886359196039,0.6458393092316755,0.6235736827150818,0.5921560846189547,0.6596286248193773,0.6730759211802547,0.5484489306713048,0.7083097543981959,0.6594392235212319,0.6489415750349695,0.6442642950659674,0.5372464613610026,0.4975323035737645,0.6203504539957558,0.5851737942124503,0.6128015051749525,0.5996536016390008,0.47097124643556176,0.582415138575561,0.573412014131778,0.5459512384702712,0.6559999695469098,0.3904937619756781,0.5110851452649586,0.6869426780333684,0.5341810035287126,0.4471509115145367,0.6403309893727984,0.45899808925969143,0.5543092267957196,0.6317258769684487,0.6238435522337357,0.590264875200915,0.5538388580513912,0.6912239383732227,0.6161560666678146,0.735884162433963,0.5745314938751847,0.5844038866260522,0.6459888118759358,0.5638596183956889,0.513569057033098,0.5836780812382935,0.6087058137099097,0.49997414902637166,0.5450365798563462,0.6191925756752045,0.6173042030228254,0.538376460801102,0.7721443556259233,0.5378943644103955,0.5799621746649312,0.5070078778637808,0.5502316972647852,0.5596428908171251,0.5570324500351769,0.5077553059062168,0.6166116543753511,0.5263457424114856,0.7258965215522991,0.6398943156288592,0.5324338574286739,0.654800090996138,0.6856099128800724,0.669592126814308,0.5836680676297837,0.570956278397884,0.46498331582712854,0.633062049069304,0.5368971768341022,0.5775676741194665,0.6244795564053867,0.5964066981105208,0.4657773602311225,0.604827534645736,0.5668158374257344,0.5969369824648925,0.69789763542407,0.516737894000319,0.7197750475874792,0.5314855516095965,0.674638161565504,0.6534332150140852,0.6408190497868551,0.43982987643765414,0.5902224303017803,0.5359887585130861,0.5538377254877547,0.6370532420700394,0.63229927344398,0.7837730402501787,0.6586113617656543,0.5778541774843062,0.6848117837059975,0.557702245801128,0.5758227952975932,0.579145112738142,0.5257879930814904,0.7012321043296129,0.5459699379109383,0.7741963918526612,0.7052139443695012,0.6336167115953937,0.43627474034002917,0.5736737041739047,0.5739422602660047,0.4572431763268122,0.6516247997458708,0.7364023889063939,0.6206801625385187,0.6491764870624671,0.7271573732205827,0.5381598398514617,0.5922425648556902,0.5863371654075175,0.5511879765795836,0.5460692035120092,0.5571213613804756
