0,1,2,3,4,5,6,7,8,9,10,11,12,13,14,15,16,17,18,19,20,21,22,23,24,25,26,27,28,29,30,31,32,33,34,35,36,37,38,39,40,41,42,43,44,45,46,47,48,49,50,51,52,53,54,55,56,57,58,59,60,61,62,63,64,65,66,67,68,69,70,71,72,73,74,75,76,77,78,79,80,81,82,83,84,85,86,87,88,89,90,91,92,93,94,95,96,97,98,99,100,101,102,103,104,105,106,107,108,109,110,111,112,113,114,115,116,117,118,119,120,121,122,123,124,125,126,127,128,129,130,131,132,133,134,135,136,137,138,139,140,141,142,143,144,145,146,147,148,149,150,151,152,153,154,155,156,157,158,159,160,161,162,163
0.0,0.8803576180966552,0.8265581937351215,0.8178494950518329,0.769085084267699,0.9062581633470203,0.8391221456771093,0.8451954300600648,0.8785172400069666,0.8241263928870094,0.878980713114438,0.7914672585891913,0.9657370802124939,0.8399036074428126,0.8503946400467299,0.8821612361473216,0.8877166828480734,0.9389650053939431,0.8053175103995437,0.9549029948374402,0.8611464487511629,0.895584360942984,0.8166208254805563,0.875374361077463,0.9119690334046266,0.8158965271742806,0.8074411522974421,0.903662071087964,0.7579838803234684,0.7974532011694337,0.854927891382972,0.8918620066148296,0.8127403184094978,0.8465749481203169,0.9269262479253778,0.7083855949406037,0.9388304698166591,0.8374897370470358,0.7229615159118297,0.9153597409257138,0.7158657236672207,0.9121139934951896,0.8218081673024441,0.8361528325390306,0.8862282263034456,0.8579263501474745,0.7971588348809339,0.8285803254436971,0.9017967417319485,0.7879360545732441,0.8257561675936987,0.873577496443147,0.754218987420938,0.804549387391431,0.7488495944875442,0.8821094772230221,0.90566289156154,0.8122596765443167,0.8046929529349389,0.7994583830350588,0.8674438287457797,0.6833426245636587,0.8235574499173673,0.7070061424908463,0.8105383415550165,0.8333652594457255,0.8937015175118785,0.9062808119020554,0.800058108111124,0.9086483340098007,0.9289720292725677,0.8082798254382485,0.8341454397142751,0.8979888009351749,0.8627810544354358,0.8823596973012418,0.8237938604449715,0.8119137980954186,0.8055216759614952,0.7605236278779768,0.8281554892203694,0.8935327898208802,0.8573666591869789,0.8253043178880627,0.8324774310275839,0.8918857679644138,0.9020782037262238,0.780572405563183,0.8847173926703018,0.8208653398603992,0.8245687509258769,0.8085662836771783,0.7659497890795662,0.8579540488270246,0.8560005807837819,0.8426992926302076,0.7167799661475281,0.8484252275711863,0.7006637068262997,0.8768597513843082,0.7820333584119245,0.7581217010265302,0.686885858560242,0.7239555902722581,0.8073816883820037,0.870821736070078,0.749671115130141,0.9114050327034013,0.8199815612362154,0.8874529386657772,0.847516587539085,0.7740598885918766,0.8946394413521934,0.8041147030555807,0.8287367228583024,0.9151684550803997,0.9161722161886536,0.805658472198352,0.8042093802918842,0.8092291270023718,0.827129091906323,0.7181966052848155,0.8978065154639073,0.8952763309415566,0.8368423801366444,0.794421180783572,0.7252055580616312,0.8004756913197651,0.7795778106975811,0.8584210922779197,0.8388120255922119,0.850366593080927,0.8210222225119704,0.8432382924366557,0.8285137519851664,0.8022289417052371,0.8632036557126826,0.8800551098644404,0.8805493681125584,0.7743754855348105,0.8009078758709114,0.8296960538670768,0.8885238572749478,0.7214609439334786,0.8569116262035699,0.835961544999104,0.8330379258513845,0.7793622944479891,0.8537263457952117,0.6340681195480266,0.9071214804122012,0.7731805606207224,0.803789598982587,0.7698226116270153,0.8261234465549575,0.9121990517529351,0.9171557641840583,0.8723169854865847,0.8556105749113307,0.8188428461620598,0.8065330821167351,0.9059232830719567,0.8672233301996471,0.9326521898465905
0.8803576180966552,0.0,0.892096705724819,0.7955015212783032,0.7555663645392591,0.9465817767202168,0.8216038105752866,0.9252079289452997,0.8751911878662421,0.9267611495563465,0.8395385481048036,0.9274269554850657,0.9002852266547351,0.7718753909890671,0.8852887842083058,0.8869222313925337,0.855060357205798,0.8228110813588728,0.8668571022229591,0.9149986526691486,0.8705094226091883,0.9176963786867859,0.815189384681712,0.8970063737963684,0.9394692525841364,0.7382802857779188,0.8136448331835383,0.8456194954772028,0.8590147847158751,0.8259626138652999,0.9364347609475959,0.8704499672621016,0.8789966035733893,0.8585020551006185,0.8672487592825976,0.7602787205422863,0.8762527054385312,0.8250980185086206,0.8290443147962946,0.8634559313798855,0.8178624110076687,0.8882882108665132,0.7716084871234545,0.8168202195135997,0.9191186763779166,0.8467410450424947,0.8179871693906039,0.7988869891943279,0.8446889347571592,0.7537701054686045,0.7641727445706981,0.8286807425070803,0.7336541504233857,0.8458620414496838,0.7762220573527164,0.9090524323349004,0.8279362167929507,0.8666344858658379,0.7338933293132536,0.8099031436352631,0.8490739130986477,0.6643126020327937,0.7487080915075799,0.7069982047177493,0.7107502107369801,0.7305796787314559,0.8081725516777626,0.8267996463856658,0.7291684443107155,0.8734033918919226,0.8384162286025507,0.7449306303562575,0.70461006642805,0.836082995406688,0.8680502946762317,0.8107628972530331,0.761823141144697,0.8430120025150694,0.8097797239436341,0.7012900104174147,0.8122799205427811,0.8391024247995499,0.9137381569073151,0.81204900396616,0.7358436559848716,0.9528328285317321,0.8263552254248168,0.693095069713764,0.8868786674623335,0.8748781506872567,0.7516834263167506,0.8524644814252886,0.7838065970139316,0.7751744647271478,0.7369233231568507,0.936133567509172,0.7451283249801968,0.9236261358903187,0.6653633315365101,0.8376036998303931,0.7702472489649043,0.7451127326765369,0.6344009534616496,0.8542974487514092,0.7468761411636593,0.8711974425037056,0.7608413410206493,0.9493704713455594,0.8392874022018164,0.9101621580888332,0.8283381625118985,0.6958612432678406,0.7785767554218687,0.7939984815502207,0.7677367031813933,0.9013874474127251,0.8972147933292413,0.8191172696620106,0.7808445132521142,0.7765349227318398,0.7666209708334794,0.7138310898079357,0.8135898330967833,0.8903229024125193,0.7402253374802688,0.9035379802703387,0.6824223242558068,0.8829569559186109,0.8670271646980823,0.8189971893810994,0.8980215501727292,0.8379382854319649,0.7337193037857439,0.8120793399310785,0.8447362012239844,0.7371105596816807,0.9219723683741533,0.8538859976383144,0.914371961676492,0.8493389121405225,0.787557348969384,0.8247277649529174,0.870337926467685,0.725548201463526,0.8599397355597684,0.7751590540009712,0.9085347594182707,0.8692302830775899,0.9568081686532941,0.6969460212469275,0.8228317824458443,0.8084269764242125,0.8024032835545976,0.8404526312993265,0.9293685477791624,0.8770840919009079,0.850086995524427,0.9129235974878043,0.7732086194440783,0.7020247816716247,0.7967500974121244,0.8304112982371713,0.9607345385261339,0.8269425572292295
0.8265581937351215,0.892096705724819,0.0,0.7856648916639695,0.8549932977145346,0.8923003780329707,0.8104149463824989,0.8597621337508864,0.7829390041044121,0.9177628328856717,0.8720322930504474,0.8699123636419911,0.8743017016015037,0.7433812269060086,0.854523419614365,0.9264402364794467,0.8947368563560909,0.8347245290473166,0.8163699855765945,0.8370649936533751,0.9345283231618641,0.9660608876546317,0.779589590101795,0.8526351907301294,0.8865382811277652,0.7767477424634284,0.7765039813833108,0.7948524789469145,0.8501880549799558,0.7994100995618231,0.8094923703424051,0.870938659768798,0.8190995123880499,0.7599640742474955,0.7878003224215021,0.7719079342810652,0.8373735009735002,0.8147348585208225,0.7983986936925429,0.8563341883222649,0.7983076906222885,0.8847391461117378,0.8572660692522679,0.8142866569766702,0.850067956889491,0.8047542255161141,0.8302399277056538,0.8277406585246438,0.8308325370810499,0.803271651653658,0.8103422459022193,0.8300739041504431,0.711583790756903,0.8655327558020904,0.8004273255433004,0.8017616572932291,0.8091259931304972,0.9014637472105376,0.7727625996494788,0.7626495815456975,0.8118510704497223,0.6663844771555156,0.8175950621651766,0.7255681535663332,0.7321911162355096,0.7271088908312415,0.7642704702433342,0.8535227924484353,0.8255338982447706,0.863840092626365,0.8431454154625264,0.6967005459964941,0.7173674515386943,0.8858496162011328,0.8591677767696473,0.7046198917526347,0.8154081311016584,0.8683490982936376,0.737092246517392,0.6569770954719142,0.8111390749377294,0.8183949673270736,0.8535841212922917,0.7606014765529596,0.7444647229685336,0.8501824193936901,0.7870262602186487,0.7167437802001154,0.7787827907448611,0.7435457547080426,0.819239738490236,0.7643037635951577,0.8216758146322996,0.7011318438745062,0.7601893272856463,0.866623584539607,0.7189036652672582,0.8274157509860135,0.6384349175862704,0.7688743538801732,0.6820024770069985,0.8104993281081604,0.6620563783098947,0.8287972887885292,0.7376966523680443,0.8626830071383152,0.8083230431064632,0.8870929019055666,0.8320365248057825,0.8591522279026078,0.8278948666212813,0.727467212734259,0.7576787407127771,0.7703940910005804,0.7195136742136482,0.8330417309944105,0.7891527933981755,0.8713157631099849,0.843857236848157,0.7146049563212762,0.7931905037727235,0.7108466718185238,0.7512120117837269,0.8354486263444756,0.6713028535051881,0.8552807258508964,0.6981053467077377,0.8349436854498062,0.8508979252610619,0.8346753193195132,0.8103629026964717,0.9199275556176523,0.6590362411504452,0.7199437532307473,0.8238803005952469,0.7375076336838317,0.8133457936592874,0.8123547296214592,0.9124111546102819,0.8072589987488885,0.7423765365189435,0.8231929106058233,0.8143863994412699,0.7874359474142736,0.8410231086344523,0.7751626440180124,0.868040020869119,0.8450047146376588,0.9296219951309076,0.6741436561325174,0.7385663938408861,0.7484351030984777,0.8353211230772486,0.8635286998290693,0.8883638860022461,0.8098028446476437,0.782034794765047,0.8675464776496118,0.6989893565422255,0.7040257340500183,0.8074040553139356,0.7194932112582068,0.8764189317192453,0.8022854645728559
0.8178494950518329,0.7955015212783032,0.7856648916639695,0.0,0.7570877341754995,0.8192494994106289,0.8484248423693105,0.7849620726850671,0.7135757942240499,0.7738787200225344,0.8349764282745379,0.7962262577420827,0.8102555554225264,0.7676032736690284,0.8235362813229267,0.7959826911656412,0.8398152647866083,0.8085340611787732,0.848884753260324,0.7777785758592869,0.8592102990432707,0.8093417068171269,0.8015194079661225,0.7869101520766388,0.8190264500836933,0.8013367201217729,0.75746870929927,0.8446712458591318,0.7599861759548583,0.6984026180018316,0.7855502108752048,0.8305905914158139,0.9118251418285849,0.8398848732719857,0.8422293335384692,0.801194315194013,0.791494887243456,0.7715844785507961,0.7624198258147646,0.8686946036066984,0.8170241759899661,0.7788879731048195,0.8087149997420919,0.8479097868793242,0.8194498790804081,0.7824490022600578,0.7173397546554937,0.7746690475392836,0.8481849105114627,0.7986362113900144,0.8824735642456809,0.8657957635675498,0.7484527085879265,0.9093865139027292,0.8397784213099477,0.7175460536106325,0.8385005077931393,0.8263287889184582,0.794571161647849,0.7923861541499718,0.8187318045317491,0.6842063242006899,0.8373873287127301,0.7063280815993608,0.7690041523058198,0.7610072272108848,0.7949378628015239,0.752804418772342,0.7596057871612572,0.8106810714613264,0.7975259624477244,0.7435400993988042,0.7893840293103653,0.8818959024370618,0.8002946042067123,0.741897271214346,0.8274553614108031,0.7832799859007138,0.7704417101269782,0.6545226644682955,0.7352610102457758,0.8603560987228462,0.7185268107167891,0.7370041802706035,0.8548574875903633,0.7618175903994862,0.7883289489241841,0.7815844425548478,0.789304788440904,0.6762399562699754,0.8431159777503243,0.821142402776905,0.815632136115914,0.7713599037103368,0.8447817605235971,0.7767443319938202,0.723853885741137,0.814252227184662,0.6921659221295394,0.8396161738928172,0.7223208964717367,0.788954457270788,0.8211614814421736,0.7711196122370295,0.818616697539842,0.7650790435096367,0.7976529883942689,0.787513564109406,0.7962716839776594,0.7595214772526755,0.9043065162386048,0.8164235876643801,0.805642684684198,0.7488910857225213,0.8078217142068886,0.7893433053602479,0.8255148602380648,0.7719071168398294,0.8610868326223726,0.7592304459039727,0.750325317982088,0.8075604546788845,0.7620723963560843,0.8120426094052084,0.7004080229423563,0.7925048748452519,0.7472107469673591,0.7476758661350122,0.8282002409858008,0.7739156371573938,0.692581575283219,0.7734901533874602,0.694036052517934,0.7887885569524655,0.7632031341670411,0.6895816450144359,0.6940334652376656,0.8518954378118352,0.8258235754317585,0.7585351922849692,0.8258628704525045,0.7633693261518285,0.8612919459983204,0.8000883654949154,0.7860614422778073,0.7934707143667915,0.7424976088039302,0.722822476154383,0.769792670972975,0.624561797286374,0.85066043314222,0.7770805544209702,0.8052887271673996,0.7094195512356629,0.8315938340380838,0.753248350043798,0.7560121473120169,0.7828561288987446,0.8558635965875965,0.8093753919348221,0.7452670365248181,0.7704511604426795,0.7770904290804984,0.8037902437069022
0.769085084267699,0.7555663645392591,0.8549932977145346,0.7570877341754995,0.0,0.760341432119561,0.8342227949080311,0.7313624756295657,0.7324365797411728,0.7550044518985332,0.7954724286293396,0.7999701683642101,0.7646464123408716,0.6880518363977756,0.8113474143885576,0.855676742154082,0.8542889250956266,0.8007667134115436,0.7443537136147517,0.718110023909922,0.865276513454824,0.8467541966786937,0.8139281705397057,0.7911508228035936,0.7572105549768379,0.7918638133643984,0.7687095508907333,0.7342165450308193,0.7266812508380135,0.8401649117419631,0.7203497649603608,0.7868245009097106,0.7661497577483983,0.7171468185371926,0.7213278389408356,0.7284192501754084,0.7504203893321302,0.7555545682742735,0.7374880632388554,0.8377759361898655,0.7720239431817163,0.8316521253171821,0.8331837221572802,0.7657598813637247,0.739618448860489,0.7711854286001978,0.8463181308513338,0.7295986712852492,0.8087664235794136,0.801967177839553,0.8281569892394773,0.8160553877193386,0.6867881918184697,0.7670716268871838,0.7341191475181226,0.7229955336937866,0.7898794659347204,0.887249122822829,0.7061705024726259,0.7524265633583404,0.6587331937389189,0.6736849383897497,0.7804001527766572,0.6791879799302121,0.7032195136815547,0.6498376222062942,0.6739946725296423,0.7895035542191048,0.7735362521743987,0.7553819556922045,0.7870520766832765,0.6627135138173501,0.6653563623103137,0.829851427611918,0.748690166005472,0.6450406996548445,0.7958715488478776,0.9103933439887133,0.6824510899666076,0.6358618269806228,0.6938309749546987,0.7875813163517854,0.8043303443427056,0.6424741459601525,0.7426915846558202,0.753129209339273,0.6692584140997043,0.7160179246704333,0.7112564182028213,0.6719508301017506,0.9176041029154086,0.7347247463103325,0.8297728889601997,0.6533584745168998,0.7414989786913926,0.7446250221930314,0.5995271694988229,0.7237447728324862,0.651661929942816,0.7115731930391717,0.6126939233293206,0.7245740414885362,0.6788336604586103,0.7149848661003618,0.7039145494298074,0.8314331799540114,0.735365078509153,0.775262781222054,0.8153053968706372,0.7372592634886524,0.7870514884109487,0.7711492239754336,0.6668738556812576,0.7184863178456897,0.6997229615435692,0.8196299875670943,0.7058438380283301,0.7983494984462371,0.7450792082155651,0.6943840665061496,0.866699337534574,0.6995576043342152,0.6717518016103634,0.8082874476027523,0.6075466143122993,0.7357637498854737,0.705424665336257,0.7921700380309674,0.7194046116764228,0.7626653784084774,0.7359788884456804,0.8300102584468918,0.5958015920605944,0.6833800803171494,0.667564117589888,0.6691069160630939,0.7359618350456637,0.8112967807017416,0.7754001053536139,0.7883235785802449,0.6314983155471051,0.7500224066635116,0.7870176965571062,0.7293777681616219,0.7433633632002361,0.7697753260926006,0.8286381015980125,0.7678798899837113,0.7582155116385625,0.6344385917113003,0.6759070626978715,0.6763628464672596,0.8153553810650837,0.8173311429354942,0.7876174998979709,0.6917292969188296,0.7010376520428471,0.8085900697959132,0.6510832419886364,0.728198056322707,0.6793637597462923,0.6581911129144347,0.7679020604431733,0.8000114923321108
0.9062581633470203,0.9465817767202168,0.8923003780329707,0.8192494994106289,0.760341432119561,0.0,0.7942592307032481,0.8892588837659202,0.8284674016158067,0.8729757901757402,0.8922373705151636,0.8787043226820365,0.9364436158609232,0.7822375201754898,0.8475092247533524,0.9173139449960339,0.8769139093784485,0.8162745722683216,0.8496677431027945,0.9138809383942583,0.9035754025795478,0.9081612025316499,0.7521141986671686,0.8953562247728253,0.9268755814136665,0.8058667381978506,0.74883172824126,0.8452836608621372,0.8583588979895174,0.7836339027493852,0.890920680441856,0.8819650472755393,0.8780130024741014,0.8417730200194328,0.8768923174560742,0.7472889826325886,0.9230906295191381,0.8472095829155305,0.8163223597902716,0.8586273187681771,0.8084615455411864,0.8729147288271769,0.7999819841796464,0.8914598949417887,0.8893166318193166,0.8243521125703464,0.79252004389136,0.8825243837627045,0.8298071810205627,0.7508922479914216,0.7915018558018824,0.8947783252642472,0.7263380055887654,0.8718875638572804,0.7944752635006185,0.8881803702609852,0.8531593064431887,0.8704049156785274,0.7243690139035639,0.7768152400429241,0.9069065341052593,0.6793362985937107,0.8298593564763683,0.6908167621781135,0.7266061225662703,0.7833790233774193,0.8367058189318004,0.8662305788849409,0.7287849122168744,0.8911281530911083,0.8907293169807705,0.7507820239312142,0.7534061677947369,0.85763989601856,0.8837512804857852,0.8291276994472826,0.7938038307162298,0.849770949247531,0.8434980059702368,0.7965053948795425,0.9086870347931161,0.8316700718665886,0.8906457757880869,0.8819456946743081,0.7810905707959516,0.9262151436107143,0.89975263268765,0.6882619671687519,0.8551011377859606,0.841228868547816,0.7666433751450847,0.8029586735285927,0.7790022166349897,0.8175248253691956,0.769998344326253,0.9302046598344432,0.7707913154697871,0.8966044306800524,0.6715816953428957,0.8296583961164503,0.7999903386063553,0.7637283828418767,0.6466441411929832,0.8045749474574002,0.7669325872624331,0.8722828496442797,0.7754511179796206,0.9228655427807383,0.8103147412649864,0.9289373741904184,0.8608618273818038,0.7176650050790254,0.8545813627681801,0.7844773232737634,0.8128674108134235,0.895371491951525,0.9055103612348775,0.7936191055273952,0.8474169411616223,0.7848973704951794,0.7966001297450417,0.7438974148464772,0.8798663806827255,0.9163899425345785,0.7966234117275695,0.9117026977594395,0.6854717965196488,0.8532664779209789,0.8787134429817496,0.8217282249983086,0.8400799270767161,0.8993738016285664,0.7949391623320855,0.8520937646277807,0.8772349301542022,0.792267287926568,0.9053559647929287,0.8458243077703267,0.865943960964042,0.7998492882480858,0.8350033626372935,0.8503559640760505,0.8292056427400414,0.723265021114426,0.9153990144563815,0.7630792204203801,0.879013417912627,0.8540236158046817,0.914490015915945,0.6957454190160701,0.8685713611626393,0.8148122448260613,0.771428076361908,0.7721909423946541,0.919056783132388,0.8974380807491931,0.8804239210080088,0.9290442001330603,0.8159540348945491,0.7525658380779195,0.8224544358997596,0.8796758166690761,0.9103949940231411,0.878576204961711
0.8391221456771093,0.8216038105752866,0.8104149463824989,0.8484248423693105,0.8342227949080311,0.7942592307032481,0.0,0.7841850253991828,0.7536252872774932,0.8467913166545663,0.77716070180369,0.8461771713227186,0.8365741621681558,0.7355747170122793,0.9028106445494715,0.8138514847315923,0.8154673584758615,0.8338629582194418,0.7914205361340813,0.7787412288529312,0.8547764650881187,0.8253225752707076,0.9321021489367539,0.86648670838898,0.8724264274384071,0.8275451605872741,0.8008353944520533,0.7891321953784857,0.7324163385898695,0.7830429373270166,0.8352603590350742,0.8730562957443952,0.8358233344437784,0.89974783515831,0.8011964985668842,0.7455227289086146,0.8465712466463347,0.696608846733893,0.7467512503575595,0.9360777140039706,0.7364967395035683,0.845776382079536,0.8570710005061112,0.8109951096883933,0.8751350320808109,0.8775268140757924,0.8676499416488574,0.7566229900932281,0.9479415256968656,0.7848938824637032,0.8864145454130049,0.8145036977949194,0.684306188995644,0.8196070422335142,0.7872938229277257,0.8067223522830734,0.8085904915227111,0.8029173154297738,0.8272046811814249,0.8028465942408203,0.7318526981339353,0.6763883806307421,0.7305839697834634,0.6884871678012404,0.7646740933771327,0.7369492633294146,0.8231371332701549,0.859081871344588,0.753084079318531,0.779191793757053,0.8341524665357938,0.7274014682654003,0.7194144260500761,0.8992985431048804,0.7122068128588491,0.7890078379427976,0.8671255287223633,0.8969311160241977,0.724061770001542,0.647042102220523,0.6946214201175904,0.8654632884896626,0.8174352650258324,0.6447125306057901,0.7757747159480761,0.7693117513321109,0.7434118187946009,0.8246683238975543,0.8430443289863067,0.751373391455882,0.844277609001688,0.886853106755684,0.8001325302789389,0.7342030225976228,0.7750787618840649,0.8218077187651638,0.6279720961552708,0.8492966766231718,0.664982804715676,0.8781702976794252,0.6900992306180751,0.8027006102491356,0.8057886360980047,0.788681775765777,0.7283801337511489,0.8599279907283923,0.7793746317701029,0.8211631761995334,0.9017637212631865,0.8285634931128936,0.9080127254117399,0.7696284752091139,0.7614679623675255,0.6923526059265703,0.7294306395472654,0.815816217022999,0.8098531547518097,0.8517313761136904,0.7789465134795954,0.7086460112578498,0.7657192203134274,0.7026096350043387,0.7358856949825658,0.8834943862459269,0.644795948625843,0.7949730520991368,0.7394014076228143,0.8369975901378074,0.7658984514636908,0.8137100054693592,0.7423061970058445,0.7345975606635681,0.6373615249317677,0.6792307344886797,0.7275390583437396,0.6772610658188589,0.7777352673672174,0.8970813490279197,0.8550362949895147,0.8104569898503475,0.7165852634232046,0.7539816086910142,0.9043565573043181,0.7134388592793395,0.7892945381517461,0.9143488782119694,0.8005013107697985,0.7910735013083277,0.8184438753956802,0.5696351393925079,0.7859265410921773,0.7014830789156983,0.7651836035744228,0.8763512752298657,0.8527327613994466,0.7968091921710659,0.7729852372118478,0.8623078362368127,0.7585932655778085,0.7979665878233658,0.7596469640706347,0.7231219766208479,0.8444692734786851,0.7796439167760584
0.8451954300600648,0.9252079289452997,0.8597621337508864,0.7849620726850671,0.7313624756295657,0.8892588837659202,0.7841850253991828,0.0,0.9044008855642242,0.8799362420949745,0.7919017702520857,0.9080149370526067,0.8641914575487349,0.7229095894086056,0.8799268244546493,0.8538772599058644,0.8055872824725098,0.8145374520801097,0.8362278277350809,0.861181303129303,0.8194636388708819,0.8811321378178973,0.8073799620980441,0.8305280227466346,0.8961768809687175,0.7185559820874007,0.8476689446649823,0.8180362891338613,0.7643393009838213,0.8474600762712153,0.9360964173199994,0.8306243492450639,0.8590055451587474,0.8216689232540358,0.8005481781232686,0.7342785667435804,0.843131573928923,0.80801114391581,0.8072972054871553,0.8079982968925472,0.7722193082886581,0.860100754542333,0.7770430339902685,0.7405603416427253,0.9180481159892284,0.8519402617188209,0.7909053100970098,0.7320899158164988,0.7975460370689706,0.7385993572459695,0.7472258882555562,0.778494906403774,0.6930691786538213,0.7924244178065005,0.7351827936675511,0.8706726064302165,0.7941025448828241,0.8835215706516086,0.6913364476638458,0.7943053207139004,0.827252647617304,0.6593261758939455,0.7380420683203718,0.6637514965092289,0.680732958647042,0.7058581914098204,0.7767630632931203,0.8064660968360593,0.7347756945740866,0.9238712809511296,0.8181123829409046,0.6927252695109054,0.669781414981991,0.8166450755640141,0.8536118287363849,0.756201973771138,0.7546320600636242,0.7947993226227769,0.8346331798124216,0.6307213389663417,0.7351019413822606,0.8549676479027061,0.8948883779288532,0.7786061138354088,0.704796169186331,0.9444180257130736,0.8334518469788107,0.6987082008265876,0.8931899997154236,0.8710797037103278,0.7530942453682087,0.8337618632349751,0.7447993609763013,0.7166708542807018,0.6960944809363087,0.8938415575465342,0.7369400034973068,0.8764198391247088,0.6270125832332516,0.8157434644641537,0.7058876815907678,0.794241128717172,0.6396477473158771,0.839634958861308,0.7432489025568967,0.8695555120439808,0.7507810732849725,0.9040500228214869,0.8051214349730865,0.8263499720716313,0.7690260564700402,0.6785763758228738,0.7302923168625317,0.812691102250557,0.7418120942281089,0.8798866402551596,0.8225332350874318,0.7848257999106855,0.7079833218338973,0.7609180456904447,0.7151793070138329,0.8029024026683936,0.7284117018953158,0.8442035783362457,0.6657364419438815,0.8495927054401301,0.6709789841775377,0.894846456919184,0.7886382653917721,0.7904758168318153,0.9018073884383331,0.8162331996213579,0.7172776745955026,0.76922561294131,0.7869567341348047,0.6605597009953095,0.8734234165299979,0.801563704691592,0.887711685144145,0.8859814479095063,0.7515205624976674,0.7605452513075289,0.8441898503315888,0.7099558494521195,0.7839208895499857,0.7681227161747962,0.9105202831575646,0.8432946539637819,0.900592145179375,0.6555405780027938,0.8095905933132713,0.741006377994052,0.7900525303229181,0.8327329884466073,0.9051601053335784,0.8696577862321639,0.8013398483271947,0.885551080139904,0.7077520962055922,0.6699685206156786,0.7308385481612402,0.7524105936930982,0.9461500342485306,0.782781163333891
0.8785172400069666,0.8751911878662421,0.7829390041044121,0.7135757942240499,0.7324365797411728,0.8284674016158067,0.7536252872774932,0.9044008855642242,0.0,0.7984409036153084,0.7527874736649279,0.8180348729179774,0.833605670352929,0.7237163445726557,0.8120615379657092,0.7966155410394492,0.7777756284492785,0.8416036209579493,0.754668308439149,0.8597103414861647,0.7494881679766465,0.850539584218791,0.8070457709097768,0.7972630809740545,0.8479458366580498,0.677162052924621,0.8641260322892377,0.8124241819595718,0.6824381688791152,0.8848780958922681,0.8626682037693679,0.7604746326988506,0.7585739524903758,0.7606466417241458,0.8060052161896749,0.6502824380729239,0.812630376649725,0.7846130075232147,0.6870064733121566,0.7809337770289012,0.68145102870578,0.9169598313026512,0.6932841704109592,0.6793612756362505,0.8346352597502402,0.7889340840528324,0.7787938807650736,0.6699116376417333,0.7696647919343782,0.6925801148881822,0.6809487094340504,0.7473346928010542,0.6672905278138554,0.683480681882493,0.6292914057725355,0.9112099245154353,0.7657198245509387,0.8214733299524675,0.6587400517589734,0.7412937805318272,0.7337248340877686,0.6166701116090154,0.6793539197124845,0.6408160266136091,0.6585414308814312,0.6545296012776822,0.7481008882567132,0.7922255162955568,0.7219168761850221,0.8878908355241303,0.7943487749027844,0.6773599407879674,0.678520137595202,0.7547884020038907,0.8158028996152277,0.7347009574392436,0.6797635942796154,0.7487233015187753,0.7405652129113482,0.622766942507757,0.6888007816489125,0.8454206206991222,0.8941126484128626,0.7312172558148003,0.6804568405883817,0.9427708625347145,0.7885978366469982,0.6657186747820086,0.8427048599780934,0.8956610647679448,0.7557870941666671,0.7972375963017966,0.6728245263165669,0.6888467983185359,0.6978592043966693,0.8252816309870717,0.6398886299861871,0.8350812492045762,0.6356047271635531,0.771232364739916,0.6597994447401528,0.6633173599924956,0.5929743910345223,0.7447678513058633,0.7047063192371001,0.8243459124880562,0.6395008095899047,0.9176406994181461,0.7375449209841132,0.7936960511802337,0.6996095194652647,0.6642508132988766,0.7126051494101666,0.8120867777389797,0.6982965249993871,0.9206358529335977,0.7960516272042499,0.7151224946018949,0.6479383248557399,0.794183228212422,0.721372795015591,0.7084554348045587,0.7423999676884532,0.7936242479016001,0.7003130347884838,0.7255567080152839,0.6511194143271671,0.8081600066444646,0.6868982146975146,0.7345616459567079,0.9656952044656086,0.767658404499905,0.7109257784827122,0.7959033487847935,0.7149315685663411,0.6382128318895081,0.8638400191643038,0.7668377069785421,0.822003258209361,0.7933352091584509,0.6774186204869496,0.7224685612033355,0.8305160975400288,0.6554960557791922,0.7218953803047791,0.7664637152820952,0.9019470031301833,0.7429343025539723,0.8307228856038058,0.635563978436251,0.7729426951804247,0.685192904575156,0.7704147457053546,0.7954649248997584,0.8123086554100251,0.8369746362903359,0.8014307583830993,0.8424352409972108,0.6934851903162582,0.6439619927425805,0.6703984934433033,0.7776153670326843,0.8953995237238469,0.8300574638505377
0.8241263928870094,0.9267611495563465,0.9177628328856717,0.7738787200225344,0.7550044518985332,0.8729757901757402,0.8467913166545663,0.8799362420949745,0.7984409036153084,0.0,0.8235218551054698,0.8972178210074805,0.867852721636136,0.7406494658752365,0.8665418206564355,0.8687502232239247,0.8270557327391849,0.822415318016131,0.8299278233742987,0.841303266808823,0.8426568735240377,0.9035407734745137,0.8405519009462311,0.8401801644548951,0.9528787250627965,0.7156115037446007,0.8160284123058644,0.812078324513373,0.8700693153408113,0.7985447315157548,0.8769783526412548,0.880324989523516,0.818718585961982,0.8188071281467847,0.8048943611249855,0.7473657608721846,0.8511482316659321,0.7656163354577105,0.7799443781774058,0.8397485772503501,0.748152534311837,0.8619279239355452,0.8101391810772899,0.7810082080878623,0.8867231927584963,0.8099975519550487,0.8098743739164183,0.7889247864513995,0.8718116003352739,0.7370231565750275,0.7623239098858096,0.750790765231631,0.6788836195188321,0.8210362319290683,0.7987814732468232,0.8354362949226916,0.7623319120650162,0.8407055152984767,0.7850051808946628,0.7557258328961789,0.8018889688565951,0.6338424301621429,0.7176549521785873,0.709340862700098,0.6916285187662055,0.700378315242878,0.7792670098874775,0.8298641007020243,0.78811711562845,0.8640365865560398,0.7862180095345406,0.7106777607171764,0.6868203823088785,0.8389293790176435,0.8104083643809247,0.7698769335877177,0.7786715638008933,0.8364682855583393,0.7229484525722217,0.6375913296676051,0.7621116190893796,0.7826437100644669,0.8589358693009613,0.7402815978004579,0.6962663940949825,0.8419407072202734,0.790965749850843,0.730093543035512,0.8488299160773697,0.7773749837723147,0.7470845841373348,0.815905069744477,0.7887612662660877,0.6988526096896334,0.7096584713741279,0.915546320092218,0.6771482669927236,0.8766320069037759,0.6245793319315114,0.7999879912333727,0.7140288156201747,0.7950945930377445,0.6707184208343214,0.9055942511238254,0.7078616131497517,0.8226748255220765,0.7598130609348906,0.9184206059534757,0.8283422895691074,0.8685836418389618,0.8193287676535642,0.67138496725681,0.7453552665026155,0.767920537669019,0.6946657412935272,0.8035944628188361,0.8368951182501276,0.9001982659325708,0.7919693681191694,0.7144730188503882,0.701139462629044,0.6889702245730509,0.7363790456686409,0.8324217053950352,0.6677957100342112,0.8903664681786898,0.6607401082932636,0.8316544634712152,0.8507899613493195,0.8146143242027365,0.8399045995433194,0.7893419760789608,0.66668228251774,0.6842804439807172,0.806256513229472,0.6942073649586399,0.8461491235795401,0.8096409935187266,0.9410969399471035,0.8272862996341381,0.7793487286553771,0.7966285225335688,0.8213151809379655,0.7308434855253035,0.8253908438377753,0.7956485731563864,0.822626422521019,0.853827573162718,0.9821971410742454,0.6432155681730398,0.7533634879661986,0.7825834034638034,0.7751809222295691,0.8709918886135601,0.9104013243853694,0.8325496577211816,0.7940057544957986,0.865068373084272,0.7293300879817208,0.6942643442736876,0.8261265313543252,0.7461174854901934,0.91508795255141,0.7493390322252251
0.878980713114438,0.8395385481048036,0.8720322930504474,0.8349764282745379,0.7954724286293396,0.8922373705151636,0.77716070180369,0.7919017702520857,0.7527874736649279,0.8235218551054698,0.0,0.8080132157908644,0.9021567742905849,0.7943883014066667,0.787297304062855,0.9361791680126671,0.9200902085861273,0.8454864917867908,0.8532341324264647,0.8856747638494107,0.8963402900687357,0.9116518603351791,0.7616146420411588,0.8392091211297003,0.8802236497827742,0.7872365101020468,0.7670356276997723,0.9015108106319849,0.8757721893684961,0.7591879623753932,0.7813560875099965,0.874792203476581,0.7912970032536548,0.7838537247606976,0.8656362784996986,0.7391136257118763,0.8827166892013497,0.8740932851347173,0.8100687131859896,0.8540306950275155,0.7477151787285636,0.8351615956596233,0.8207559646144023,0.8781243209935746,0.8016035985163635,0.7402269551814075,0.6943327334326842,0.9102951207815064,0.8680498267029121,0.7707230427486028,0.8107210826583099,0.8216504079117525,0.7161042390532845,0.8718507301386463,0.8517750686134801,0.7445927824936377,0.8770178860548729,0.8649332531501318,0.766469546943152,0.7476783226624497,0.8910155926874184,0.6414422155398787,0.8457702491130876,0.7184217121306058,0.7321998213766988,0.7611368944140571,0.8039314482248424,0.8041963051441626,0.8002467214657062,0.8893918749480955,0.8243429223603546,0.7611442451566598,0.8006029818626487,0.8754852890444558,0.8917609754438142,0.7644922219898048,0.8517984944733429,0.8225665007287748,0.7395760765755613,0.7732952406251843,0.8328148621073396,0.7745766002084857,0.7852543903939369,0.8423081424337833,0.8134732923625693,0.8043214659977711,0.8807489878331071,0.7137717570822621,0.7654916561784493,0.7043977809403816,0.8089439708250078,0.7022393682046797,0.8350350869734443,0.8047356335810705,0.8205249515299895,0.8176264339331544,0.7170503718130716,0.7565452718421296,0.6666930980811331,0.7518426326898087,0.7929105624436604,0.793068437119855,0.6497113028411775,0.7263268735694793,0.7687414430125117,0.7719885057528223,0.7629450006159094,0.8650456201158151,0.7424312066701416,0.852339071378699,0.8736172338897941,0.7639503825043287,0.8363293850511702,0.8452843781285626,0.7738725609407978,0.8204027951227774,0.8315349077919201,0.8693976097418579,0.8748972751320903,0.746927965827979,0.8368398166029504,0.7043373157025363,0.8413994578933636,0.8405131709857018,0.803566105816854,0.8482089737005566,0.6681279587720415,0.7589743514506307,0.8421447156887932,0.7962506659649572,0.7473314125933016,0.898337011543275,0.8191582367003809,0.8251052509706366,0.8758868484118367,0.787998666182455,0.7895460987580576,0.8125139627899008,0.8813145172032053,0.7707551058632698,0.8052781936222845,0.8591915380320175,0.7796273553024406,0.7696053272810033,0.9047438478462909,0.7196972171485612,0.7691599595803915,0.7612110120313427,0.8505281214650007,0.6952533087536776,0.8605417886460708,0.8093261091214995,0.8559987289845583,0.6979455074290308,0.8258872708681356,0.8274505880733245,0.8917719353418417,0.8173366508161582,0.8387444759088453,0.8159560862132829,0.7544609872358158,0.8438245597983995,0.7766673812779712,0.9177678626359242
0.7914672585891913,0.9274269554850657,0.8699123636419911,0.7962262577420827,0.7999701683642101,0.8787043226820365,0.8461771713227186,0.9080149370526067,0.8180348729179774,0.8972178210074805,0.8080132157908644,0.0,0.8109912589901006,0.6678951930587937,0.9030928877701129,0.8601966427698369,0.8051379497562353,0.7538389061193816,0.8932659333896964,0.801991695200106,0.8622414327568998,0.8754818288431258,0.8484299974044344,0.8860990684046985,0.9022100873418666,0.7181395445998182,0.8032939277388574,0.7874586539387973,0.8203089297655057,0.8637683552226028,0.923089323555515,0.8233371419709772,0.8710356302546275,0.8472457977574059,0.7642784612071806,0.7380930379898928,0.8220820965731542,0.7514821982064469,0.8917074774793058,0.8179713390365615,0.8195994160825827,0.8441647425800559,0.778266240359364,0.7890991443012657,0.8675957496541459,0.8189674205850319,0.799731785589934,0.7586573620463942,0.8275310625484862,0.7159739779808475,0.7634826448585793,0.7766805344864753,0.6628086374964556,0.8320805850733681,0.7779247883699102,0.8333610403909573,0.7797488886474648,0.9120765340052418,0.6736188452043417,0.7707483971975322,0.7709364377141692,0.6226829733286137,0.705638146556764,0.6417404113063157,0.6517000689455047,0.6560244380234821,0.7292148039359214,0.7767892834224327,0.677474797141473,0.8397553919084297,0.7715444753281087,0.6551007276280241,0.6219031910289138,0.8042694163221211,0.789683757811602,0.7266559829039375,0.7683901277668023,0.8772480810265957,0.7719278539831138,0.6519251921513376,0.7260766633935904,0.8065780315209051,0.907837957631726,0.7059811581174277,0.6836418079269827,0.8755960984637299,0.7621588770842308,0.6616271007665941,0.8301150439606929,0.8302153501490409,0.7525287301436925,0.8318522806827481,0.7883143394080554,0.6985059901298166,0.6617811745684257,0.9134319993043949,0.676751322779709,0.8648783088691467,0.6046791300935719,0.7690514971496188,0.6943199892783197,0.775047324817373,0.6390693735970504,0.8849768215607715,0.6791138332606669,0.8382335694646862,0.7446078193384879,0.8855392492334516,0.8144276151419991,0.8548949892573386,0.8365662825086292,0.6652733708546441,0.6841255897052376,0.7533585657885521,0.6944279537315758,0.8481797154660332,0.8026638228852592,0.8325080439234384,0.7285790523264495,0.6970610155321698,0.7311636114456872,0.7273008128256515,0.7037684389161428,0.8849078089774167,0.6309408387222815,0.9061838981448491,0.636536725339394,0.9020661036618726,0.8109322250920484,0.7395647549950828,0.8371315503374661,0.7904861158338868,0.6580473905162941,0.7338694959524418,0.781525387265338,0.6483795759760622,0.8772406076742437,0.8057153015399547,0.860377691277154,0.9211456411364424,0.7214623621875237,0.7492254809065421,0.8234650436191931,0.689487091625492,0.8070774207588021,0.7480610043126845,0.9109699721879643,0.872683641832468,0.901954340853517,0.6488699642713851,0.7770593721421811,0.7554730864965739,0.7936178721734929,0.8455130481989924,0.9640020322898029,0.8168952260898671,0.7895179132768096,0.9161184284449664,0.6973176097554582,0.6728461689503867,0.7026014829724714,0.7240315130927932,0.9161476692667101,0.781397827180021
