0,1,2,3,4,5,6,7,8,9,10,11,12,13,14,15,16,17,18,19,20,21,22,23,24,25,26,27,28,29,30,31,32,33,34,35,36,37,38,39,40,41,42,43,44,45,46,47,48,49,50,51,52,53,54,55,56,57,58,59,60,61,62,63,64,65,66,67,68,69,70,71,72,73,74,75,76,77,78,79,80,81,82,83,84,85,86,87,88,89,90,91,92,93,94,95,96,97,98,99,100,101,102,103,104,105,106,107,108,109,110,111,112,113,114,115,116,117,118,119,120,121,122,123,124,125,126,127,128,129,130,131,132,133,134,135,136,137,138,139,140,141,142,143,144,145,146,147,148,149,150,151,152,153,154,155,156,157,158,159,160,161,162,163
0.0,0.5329806046454975,0.485720266344113,0.49219866202177914,0.4771153740906247,0.5674375239928541,0.4883441210339912,0.5599010578559507,0.5374110239102191,0.49931284598408865,0.48863024725825105,0.4604870835691891,0.6580201341457991,0.48602809664534824,0.5535350838418588,0.5778672277973764,0.6172051006448066,0.6579844435107544,0.5201853971959062,0.6716244828144122,0.5608285868575359,0.5036176108890721,0.47003477233727564,0.4992520655583138,0.5860769205227029,0.4653744588483761,0.43737776655285665,0.5667999848038693,0.42041226120695424,0.5026236505765039,0.5951714872152123,0.5984899765958568,0.5069050799659662,0.4698416903909916,0.6043741821198603,0.46240962981338785,0.5899907982222763,0.5414878662079994,0.457730236108207,0.5118871396420895,0.5064949655475878,0.5040523426499554,0.5893404485815901,0.5581113365629753,0.5666280882761005,0.6434456263674125,0.5275621364737478,0.5041821962277832,0.5563448783994447,0.5788318170677461,0.6049530835321345,0.5992043407225057,0.45584363197497285,0.4980948293671019,0.46738553624353396,0.5195358892442764,0.6495139590195737,0.5183081015674472,0.5491584748252745,0.5564145922824343,0.5434445906690415,0.4468992614595604,0.5457403155317629,0.43179812080749425,0.5425533283035484,0.5718919711443627,0.5126087916342071,0.569871572373026,0.5376586849283832,0.5860193999389229,0.6427165265887508,0.537709088323222,0.49530692910207946,0.6039972868184338,0.6011557686148551,0.5580525829600702,0.48624655838229475,0.47393201686655695,0.5522791733739905,0.5089688856499613,0.5370452545710068,0.5599576935862312,0.5430916739236775,0.5239764066217607,0.5330473313861952,0.5864779516468906,0.5203212362211358,0.5640628556392318,0.6389790737735674,0.4550822653243097,0.5577935653240443,0.5332204265700263,0.5404344757030753,0.5645554742617395,0.5240165914521066,0.4956656740752517,0.4588535022882569,0.5266323383115075,0.4115339396885399,0.6177868055734703,0.4746577842472683,0.5010453464815866,0.48167057446465755,0.49545853097478476,0.5610302244822448,0.6304831789242351,0.5670132280274218,0.5411805448572471,0.5739571812549608,0.5380848588306825,0.49705057047921963,0.47952635118481296,0.5882581785348591,0.47932492793380665,0.5376656173481079,0.5913254255020878,0.6129912425286983,0.49111961430848766,0.4919234480309348,0.4553800461162815,0.5316624996708945,0.4875088017810958,0.5296862458089272,0.6619931435777705,0.5074888877740873,0.5139772876472655,0.4731612825750369,0.46477102863133807,0.48443962620692527,0.5375366575986931,0.5186537249820837,0.5499324764925935,0.4990826528991776,0.46325017699188387,0.504066360558189,0.5166815768972324,0.5439993864440474,0.5271634373927999,0.4657611854897437,0.5723515542799981,0.4991125884705413,0.4828630794102343,0.5882414889883929,0.44967336689262843,0.5023941524012044,0.488464435842854,0.5100037340030238,0.5322090987321112,0.5381202815800715,0.35635153404049086,0.5922232078890798,0.5109132045696905,0.5043232809905273,0.45656361139947166,0.5518286955438714,0.6036906050195018,0.5073957613428771,0.5883949290869491,0.48660859986610805,0.5229900072592003,0.4882028569536657,0.593012675704556,0.47110038889505423,0.5454108165225936
0.5329806046454975,0.0,0.5670132676230139,0.5012673570461116,0.46840643429419004,0.5919461091462858,0.48762905740568036,0.5755087281518947,0.5114031676470571,0.5826189665500681,0.4941022807367696,0.51294015823692,0.5840462922752331,0.4931247810993033,0.5751415154527322,0.5460240756231806,0.5445039760973478,0.49813023261441486,0.4788725919601573,0.5388920193790881,0.5185679284001891,0.596922569346712,0.4393087363399625,0.5275302125451242,0.5330488839557274,0.4259404482555551,0.46257716320821424,0.49140198174629307,0.5198198849279788,0.4658097808638256,0.5872686149459272,0.514818727115948,0.5942270973226317,0.4302381011681866,0.5446888555101961,0.49021126646248603,0.5187330141272501,0.5045079333443169,0.5091855131635519,0.5154852417233245,0.5535911292703066,0.4853260086127164,0.4521583222038981,0.5195939027437508,0.5635331339185027,0.5136714582704185,0.47574997969804267,0.48306534320645794,0.48847928145039904,0.5027967291934922,0.5012151453372238,0.5020311619901628,0.43017879053155383,0.5552677811665285,0.4864569723049059,0.5247134590116308,0.5025199918978698,0.5099027817885862,0.48505257700198673,0.5409684773391802,0.5500426663105187,0.4143469496305539,0.44437538985251057,0.4320385946164998,0.44025804850149036,0.44044092541862284,0.4986160958476397,0.48726769315014834,0.46022156549562165,0.5078484594918226,0.522253387634203,0.4792334569251254,0.42676570659537016,0.5398703889668754,0.5669906648312892,0.44259891607588553,0.4579024502289545,0.49710436383226303,0.4538229858357177,0.4368232895813024,0.4733631739540912,0.4981820766196768,0.5798772562804959,0.4895187193106879,0.4438488374126794,0.5949963601340418,0.45015304366675235,0.4485907772009725,0.5176406345465607,0.5046606273382791,0.480170833652237,0.525684985156143,0.5294603633574332,0.4600238753865991,0.47500500312260535,0.5703999387815814,0.45112357305881506,0.504749296581665,0.3953149003393417,0.547499190240503,0.48221403765327575,0.4439477913752051,0.4081087538842596,0.5080756538032718,0.47167539685283766,0.5219876593550339,0.4954974077443206,0.5155202716834613,0.544438346603261,0.5714677120631316,0.46948929990474764,0.4256299281214267,0.49060482254518256,0.46001571494535826,0.45766934256479536,0.5798954092899493,0.48023498867084036,0.46063534332304273,0.47489370078702065,0.4480329238096343,0.4961914019354885,0.4452022650469295,0.4529479849293677,0.5786716723836256,0.4544677434035823,0.5953470058308908,0.4425523398427541,0.5308367302209449,0.5202356850506369,0.5062128103943596,0.5352574907121902,0.5073437312386151,0.4524157049614671,0.46463710894560006,0.5169959715564787,0.4564029445889724,0.5025031815139827,0.5207448648137504,0.47764230806469693,0.5158296055441649,0.4807555481843524,0.4830841957472166,0.56499310428701,0.4494971700672723,0.49278742576147344,0.4169419593192714,0.5594543087257853,0.5344445518199297,0.5407519643254816,0.37615718038146206,0.4783486376546236,0.47585239566772647,0.5089770304101413,0.5298222886510906,0.5330423846996433,0.5419770492539467,0.49561766365931237,0.587716166635733,0.4860502101442849,0.4310558832224699,0.45176083204610806,0.4870271168333145,0.4379811724285583,0.48685508693914914
0.485720266344113,0.5670132676230139,0.0,0.48946129854573855,0.5101384304955814,0.5288199752712296,0.4633180447485244,0.5476682687026453,0.4525661912884833,0.582703869895282,0.5137786182596802,0.4963412805141058,0.5351218596895846,0.435004617772892,0.5465320380189173,0.5521209595166987,0.5303226704860922,0.48331201519891526,0.4555789888490526,0.49544855698570817,0.5662053678877842,0.674704643805015,0.4195672258401796,0.5170680906895907,0.5325140060188037,0.44938957013849457,0.42329354934815666,0.44526733841550925,0.48230711694562167,0.42572459141644936,0.5048032770171063,0.48274208546657293,0.5163538508750504,0.40240139705076944,0.4810076807323039,0.4775769296858267,0.5074124611507332,0.4832335586539919,0.48970006886826734,0.48699934697239766,0.5188742790798414,0.48903535219810096,0.4935657434561433,0.5260964749426514,0.5296023742456484,0.4737606230247347,0.4620681526363776,0.5364544211100636,0.47031026912546,0.4958341585993008,0.4978964192571997,0.49319555793838127,0.38650344883462096,0.559204277146781,0.4809319858176695,0.45833371996644784,0.46989731849188704,0.5259841024417956,0.4903863047847213,0.4562722420521694,0.5182814679374317,0.3836688451125203,0.461076554998165,0.4275239666133249,0.43324046915147923,0.4313197552554667,0.47708988533657865,0.5129384516433638,0.5117125109930483,0.5223792888313353,0.5213603726396049,0.4320839538898096,0.4284617064844593,0.554720552973846,0.5189038092660064,0.3869083232709576,0.46591549573734115,0.4852180122237153,0.43998298225204296,0.395909942202463,0.4656135550230164,0.4902525559162973,0.5092005627529193,0.4565866960603598,0.43783455873707755,0.5293651703591359,0.4559918441728047,0.4373433039051473,0.4415002287962833,0.43670968344026895,0.49159366440011504,0.4640931853879836,0.4935383513010725,0.40498786777409884,0.46229555366559855,0.5456875122832392,0.4314759809288309,0.4868831354933967,0.36940810142686364,0.4722353795015658,0.4203646421683834,0.4846540604027603,0.42765786236881864,0.5504119502276343,0.4457135640929778,0.5081988217869705,0.5002924280610576,0.5075145706789665,0.49957103110661805,0.5652670998519249,0.4749591063285315,0.4302071536631862,0.47467931603346225,0.4387258148786218,0.4180854949693794,0.4882154325500679,0.428700725028355,0.4844712518444618,0.5360892151111505,0.4062316877965574,0.4759768910837523,0.4413688923246057,0.4338788870498706,0.510535418405822,0.4168625117606657,0.5430940270386121,0.41879882467406154,0.48222074355535727,0.5123538897959253,0.4944622683879546,0.4594866725865136,0.5365532559887811,0.4055854257775397,0.4222932737239087,0.5563150749257763,0.4393407283301541,0.4475522114901072,0.48335761730056226,0.5012367855348743,0.49136334108490776,0.4568422872536808,0.45252562252781375,0.4912396156431068,0.46132816277551597,0.49438699194718294,0.430212298960848,0.5375015430587798,0.4832085551246061,0.563255234290331,0.35319258075194837,0.4553917972744605,0.42688103374472314,0.5021868709518279,0.5489600368250117,0.5544688273776632,0.5295197863125399,0.44261434706976954,0.5564352685205657,0.43075362193308,0.4020427971270449,0.4439862035387998,0.429356526881548,0.4328417820396476,0.47196073260854127
0.49219866202177914,0.5012673570461116,0.48946129854573855,0.0,0.5283913806525472,0.4523422614045708,0.5507329374183526,0.504194619072926,0.4479174014277928,0.46112860343403567,0.6026038822333949,0.47199067478683365,0.5172614034771275,0.49954317360997447,0.5488466281406147,0.5210395552435904,0.5468007349720939,0.4937610364700356,0.4631010468610816,0.4824005610593046,0.5619031673045235,0.557587926423029,0.48628764603978475,0.5360846563125986,0.4962635604616602,0.5319782617987315,0.5080344909564087,0.5132359636066611,0.45263912616836277,0.40888883750959276,0.5007872443534573,0.46696669730828283,0.5775611990376567,0.45292493756569946,0.5449070230445502,0.5215248607078412,0.5285630326814784,0.5272440101444825,0.5670555721551439,0.602919774073019,0.5468526813819746,0.47252479593325364,0.4695618166305498,0.5750230827534004,0.5365194900493824,0.47278874012154404,0.3915748637252049,0.5218170622877347,0.5493677410152621,0.5164256671750518,0.5779257191240381,0.49241753871030836,0.3912026228679188,0.6358632352934218,0.5532253307910872,0.42828103785875343,0.5229232857232632,0.5183174993164443,0.5323312467513972,0.5136908931310032,0.5583117043257285,0.3955896332198697,0.44461480842741263,0.45641773466143926,0.444993129505606,0.4383188329032768,0.6412841510952041,0.46035684443634695,0.4846949584445678,0.5252367737695739,0.5213166205853819,0.49306869702212636,0.5097644330078438,0.6427322799191937,0.4990265835841151,0.39401479225913255,0.6048983625466988,0.5302661637815064,0.4520632287743258,0.4300299450930491,0.42531687689256825,0.549038440165314,0.45179625896270836,0.45354809549741143,0.5184219480028491,0.507400137290532,0.49092917919743034,0.4865213132041755,0.44742779222398343,0.4497660695601582,0.5833336002560405,0.5005693020906588,0.5307613142236615,0.4405274462624543,0.5920841114018431,0.4736708338050772,0.42897542614795536,0.4630365705639073,0.4165211486801682,0.5308268274576471,0.5055482022160209,0.5182843413300512,0.5054436010533648,0.4531581818508433,0.4843723980167527,0.475963826582353,0.5079915011660653,0.4810370520179822,0.4999743964320442,0.504902838271712,0.5701981981555796,0.5251669341696398,0.5308401410413159,0.5281086271460846,0.44573732993982407,0.5126355412180756,0.4234574856980807,0.4660520502472114,0.5246359781910231,0.4648348507097462,0.5774047939905183,0.5072232027944596,0.4613741608908913,0.5427289445199047,0.47194885094806666,0.49748745365882513,0.47160602811601127,0.4847966963207227,0.491660298896339,0.5089586538280542,0.4118680985174561,0.5019149715138999,0.5103484408950708,0.5193960142840927,0.565580263260499,0.4249364944407623,0.39341989715670195,0.5753083322868385,0.5234669054203585,0.5333965297593903,0.46125641902455644,0.46849809053900765,0.5865922214912632,0.5190331870773884,0.553122057150567,0.4429791213485967,0.48709848446410453,0.4511478396636081,0.45095953264627336,0.36132521865855083,0.5640008722359511,0.4294075636085257,0.6093357665052798,0.4549168736082779,0.5356098037324759,0.5598197316018545,0.5048492541423104,0.5250388319412754,0.5899009699066373,0.49642382640742994,0.41339384895109854,0.47000025202558715,0.4814026693852968,0.5944445355022213
0.4771153740906247,0.46840643429419004,0.5101384304955814,0.5283913806525472,0.0,0.4549337696872129,0.5615085527440947,0.46974633182611353,0.47241277702874424,0.4742222169467628,0.5525528268632306,0.5063636761644469,0.4760232050303984,0.44141083205713644,0.49454470352218444,0.5459213585409755,0.5165622775068842,0.4600274775737345,0.4339244241693165,0.4510010516616685,0.5609496659206591,0.5380906588873985,0.4905536265367966,0.5019038946285228,0.522561701364397,0.5302683924821898,0.46761799779534774,0.44157546186518326,0.43400909020519585,0.47661094250023406,0.49685869664853316,0.46531526487119257,0.46493815650697157,0.43742983231988114,0.4959233460250576,0.4780444875015185,0.5443355312190531,0.5015059265837607,0.5173961032794008,0.5017276446045458,0.47553695124597734,0.5615356821121625,0.4766968957277727,0.5754066413965985,0.48342079050188835,0.43748240607289807,0.4368707331419577,0.5320079560401616,0.5372878365909286,0.4755123788896012,0.5214882386339561,0.4700246889827128,0.3545689369566368,0.4989005724880447,0.4864957759988889,0.475364012261365,0.47198839318643376,0.5780578824251653,0.468685736583453,0.44569815080042047,0.4425092268901954,0.38596111007720696,0.41771948798995817,0.4471461996889559,0.41296690057070057,0.3967755984101543,0.5221790900218799,0.4994956755127984,0.4743337894139078,0.5063649636789214,0.5114360599382011,0.44930396133851164,0.46992835581066095,0.5437625834012638,0.45058303877317324,0.3771495908150883,0.5390107987107896,0.6481892456426483,0.41838591401246245,0.44279557987257445,0.4230424048600332,0.5178307354360085,0.49942962248968964,0.41267060703531244,0.49757453618376535,0.48859938687086724,0.48310048755554763,0.4618326286752628,0.4221531038390566,0.4645561070011802,0.6379438954267787,0.5103916232756216,0.4957000909478353,0.390884581928255,0.52240082306641,0.5143932740390391,0.3804186729869861,0.48692753473415806,0.42121818654426874,0.4566873278434099,0.4502776871781131,0.48855996637215104,0.5046859706063996,0.4770774476886763,0.44168391331414136,0.4815010752310875,0.45703819262445317,0.5082895396275756,0.4612742167830614,0.5274944664206613,0.5476452390304991,0.5219543743924485,0.482980439356047,0.5223177116124269,0.39817175199279076,0.48897048540934607,0.4075274693543997,0.4896939147248104,0.4996513421706503,0.4618869316330589,0.5838871550454574,0.4806156623148134,0.45716673032116306,0.5335740777469257,0.4576124924689089,0.4712718903976706,0.44798854840649605,0.491509888637906,0.459087348690601,0.46402423327303927,0.44911387547971243,0.5138181711650164,0.44525247856566663,0.4807567429726397,0.49660194063757634,0.4056094164370029,0.4121881535826913,0.5070744307624064,0.46646235547419246,0.5337265213947343,0.402086342063387,0.48336302343174264,0.5251813520821851,0.4974419293511092,0.5725708753361957,0.48944635553028926,0.5399864758243446,0.4382697692090271,0.47811894360873725,0.36591548427076,0.49698253305152623,0.40598668879389294,0.5153553104774742,0.4949290257704089,0.5681418056664698,0.5288010636753234,0.43940124027331734,0.5801603886938846,0.4548303012011756,0.4678957478055487,0.39316898949591883,0.46103524933855233,0.5093151674705456,0.5895957108135428
0.5674375239928541,0.5919461091462858,0.5288199752712296,0.4523422614045708,0.4549337696872129,0.0,0.43207145493797017,0.5740749468918758,0.5373377004971951,0.5076038166805614,0.47267219763238166,0.4957112573944228,0.5526848833127376,0.45670223049533654,0.4938272079899011,0.5588639551427028,0.5380631589406254,0.4788128958705744,0.5119502437341564,0.5599818089713163,0.5425090510482906,0.5217528565653532,0.39338894716241524,0.44928233310079635,0.5316233003951445,0.41223677401739867,0.3909949682019034,0.4624984743165303,0.4495992369701904,0.48160975355904884,0.6107739183180232,0.581893279051765,0.4951598413508888,0.42275673735039615,0.531008966889435,0.48068059522551176,0.5177582211557317,0.5117188859477336,0.4952552597475854,0.4308249593746973,0.49486311311678965,0.4961105682964962,0.4915739170051169,0.5460396089620612,0.5100214915199711,0.4993947225802056,0.48926030937736287,0.5055926443921004,0.45420926979641135,0.5279286458381048,0.5244130698812256,0.5377740512091798,0.4410381264594776,0.5231087521102864,0.47293987043189206,0.535658090500624,0.5316793497544253,0.54883524796961,0.45899857957950574,0.5081196128604081,0.5655283580401662,0.458060274863072,0.5087136163610192,0.42375675138861235,0.4771040276446188,0.4845134373212147,0.46123297944047337,0.5040051590363503,0.4545951198839747,0.5263515036487147,0.5717002191467754,0.4679150522574593,0.45368210825458444,0.5183025532141388,0.6216492207141759,0.468981025751797,0.4509854299689715,0.456886465274366,0.4664202486349019,0.48648120362803643,0.5415583526839444,0.5278972717691955,0.5457708375177188,0.5060611213879381,0.47703166550470394,0.5534231455026055,0.511115220783084,0.46851972941848524,0.5246036245418859,0.46547677218757394,0.4861037754934367,0.5385453584996077,0.5202286183208711,0.491111410225997,0.4759642063209986,0.540822270836522,0.5171796262783349,0.5171769245260749,0.4117114784807827,0.5099533386673729,0.4645156695343696,0.4807086114803698,0.423650705772165,0.4884303835113387,0.5200433778970937,0.5236347518826545,0.5336953483000026,0.48238851608975164,0.4826266283972735,0.5310556611703678,0.4740763791112182,0.4385516531886745,0.5426542997932166,0.4635760254307341,0.4617982752168228,0.5091729196585173,0.5200007271739933,0.45702424021374544,0.48510401825553656,0.44736435392973456,0.4851738511180031,0.47045103863763976,0.4825132750476913,0.5709126212905518,0.4911878122308557,0.5400325893778241,0.46679788519561266,0.4885238401907272,0.5007961168803787,0.4666039373532099,0.5445633979932212,0.605795481110821,0.4590690063285997,0.4795773016224704,0.5182523808284029,0.4871632638808205,0.4980620538501274,0.4498810365729007,0.4090530492432303,0.525957731733975,0.4643796935145358,0.519647910768922,0.5415747524690531,0.46963039901175146,0.4913728269021876,0.4214669210381579,0.5672088640448165,0.5120334659031117,0.5364262271680833,0.38693899172538215,0.5098822623694228,0.49444241267523015,0.47854353305926717,0.4384325445525673,0.528440679691781,0.5367479014666804,0.4432805700112452,0.5565102118411709,0.42795787543027664,0.4527740482822606,0.4379069529659167,0.5312661972506053,0.4506457196757669,0.481536477467246
0.4883441210339912,0.48762905740568036,0.4633180447485244,0.5507329374183526,0.5615085527440947,0.43207145493797017,0.0,0.4562909729078764,0.4508823839138046,0.5062421485381963,0.5332833192186652,0.4839415824973449,0.5094100089899989,0.45829026994247735,0.5341533545572538,0.5017976739107524,0.49177269546089436,0.4775841058597451,0.429788054134864,0.4443947073763964,0.4860187186201101,0.519770049003214,0.5665530089900932,0.5291249850632265,0.5259323989126574,0.47440906420217743,0.5368272975505998,0.47988644746026715,0.44191095093402655,0.4636285460199276,0.49582892648034044,0.48017896999947457,0.48173196382033556,0.45595366945516386,0.49445602410127276,0.44269824938589464,0.5591895522178185,0.4466100672073314,0.48321018534282945,0.5663331616980027,0.4408118864979922,0.503793604166348,0.4457519616660511,0.5084495008170232,0.5018358705790229,0.4512468210362044,0.4176875870981799,0.48147135453465034,0.6366896546232115,0.4489889480960353,0.5184944312071598,0.4283555327454101,0.3581442836784203,0.4912528533894026,0.4961101336267118,0.45648497701921303,0.46055673489751153,0.48174306865403943,0.5128811395299934,0.4641985840655998,0.4520878459138456,0.3686110723693203,0.38654935472473795,0.41400942637707244,0.40508146025955966,0.3935764538359352,0.5683633855432031,0.49117435244278973,0.4587556900244419,0.48374204530864384,0.47486121396191927,0.44956919986813226,0.4441894903521296,0.5623267620020737,0.4284456164663907,0.4019343286230603,0.58103605160954,0.5924093106794712,0.39440406690442836,0.4173447811992611,0.3901533172441379,0.48149852850820013,0.4927368173198267,0.3905559622864887,0.44656548938873036,0.45303187119373184,0.44830580871818365,0.48437597313639774,0.4483270748051409,0.4576823485494077,0.5419950099092921,0.5028119091733063,0.4954701917555272,0.4049985738124801,0.4899850491029779,0.49334044884261163,0.360770710055245,0.4460635601017967,0.3886982307927571,0.502490470008044,0.4597457198710977,0.47195127869699516,0.46514360537993893,0.4451913696102274,0.41878512166857473,0.4545207625334765,0.4373745940228443,0.47986468673389043,0.4819961138886744,0.5285413909343212,0.5458504164383825,0.4520517495668764,0.4754506656199234,0.472946547735627,0.3939086733801918,0.4892333015830282,0.4089492747621945,0.5155637964266017,0.45389153323770837,0.42998422750384274,0.49995174114576635,0.43129877456482263,0.4221007903018442,0.5465735633699201,0.42523798768416765,0.47933159488963695,0.42639701327986995,0.4878580779776219,0.432474782667073,0.4608022481868775,0.4283892361606387,0.4339893887104419,0.4479022643440276,0.43081362316963134,0.4626389324739174,0.389867111944039,0.4086724754427958,0.5225058361513754,0.4777483856319538,0.4986957650273263,0.4137286845639966,0.44676324090429026,0.5461485398037965,0.4378256083544704,0.5003191681587821,0.4780535081033721,0.4647518715867985,0.4413440919776442,0.45140114342801385,0.3300414631902914,0.4833575461965608,0.4042916890190485,0.5005316751105762,0.5187557913282987,0.49941805499009395,0.5253142425891048,0.5136924297678261,0.550184718756865,0.5107995056430485,0.4950629656937199,0.39313427445374083,0.4431055307549622,0.44135184600062494,0.5280348534232016
0.5599010578559507,0.5755087281518947,0.5476682687026453,0.504194619072926,0.46974633182611353,0.5740749468918758,0.4562909729078764,0.0,0.5638078368884407,0.5260338485786409,0.5038372867014954,0.5322458526054502,0.5836469453015621,0.45474661671617717,0.5570962951380325,0.5852597083943372,0.5384250779609433,0.5125028337086183,0.49562445658734744,0.5670459068421791,0.5393482911049376,0.5520923236395391,0.4461454860293567,0.4918576505314561,0.5710243960037331,0.45936252751788215,0.46844468734324723,0.4988586524003023,0.4404672554103416,0.4985239789754424,0.6695535842771929,0.5212779626174044,0.5403432690824598,0.4516870522412374,0.5359089214252838,0.4914211783603128,0.5673596854478001,0.5472294430535862,0.5231240412742607,0.4756690043697641,0.5202292510637848,0.4952140177833251,0.5174332508177772,0.5215439022334525,0.6257630519342597,0.5339033372163821,0.4639010692801966,0.49922863034410464,0.48730902681796956,0.5172223963850964,0.5170630678996244,0.510602059802598,0.39961160653088984,0.5195780494437174,0.48154811866210145,0.5127587078100605,0.5219225971426135,0.5937921227730555,0.46153224411040816,0.516185051990674,0.5734076459616492,0.41924896436084474,0.47998359893979314,0.4287651584483621,0.4429410542960865,0.4599306177137544,0.5039053257295227,0.5084321940159341,0.4980594817290905,0.651678202324686,0.5609837216545565,0.4708209581983301,0.4434207621492324,0.5524969493870406,0.5881974373705485,0.43402744847168856,0.4790498139298028,0.4797197559179002,0.516114734263459,0.425630791694669,0.46665138323829475,0.5391292507614165,0.5565820352239119,0.5165665856823395,0.47519256841893787,0.6492848705684939,0.5463143992694853,0.47483608462825694,0.5404155392490979,0.5134107281190411,0.5166898177667597,0.524900736273969,0.5037394193495079,0.4463024036360319,0.47274269778542244,0.5682560825590486,0.46502306689854733,0.5328005329954424,0.3946145146354094,0.5328531395717993,0.4644034357123043,0.5361447104165056,0.450208536858923,0.5425049664381267,0.5058921931117415,0.5733011393725831,0.523953490256925,0.5409588488141747,0.5065845491342189,0.526827742995762,0.47376819665102626,0.45749732004839216,0.5017045289976414,0.5005781564524658,0.4664556092489214,0.5578222479745928,0.4756336470635931,0.47239550468068203,0.4651539728722484,0.45751942568916404,0.49386324159627343,0.5294582907637461,0.46081282086683906,0.5638221476000482,0.44939979868416013,0.5597134530813638,0.4420505052276348,0.5562790718371771,0.5022227534663138,0.5038283474735756,0.5490755954884727,0.5487243307046266,0.48580336221745263,0.4726809466781204,0.5408340186421996,0.4354225902328353,0.5084083458078459,0.5011763776814648,0.4910566290115813,0.5860412285691697,0.4720376523792667,0.47326573019642143,0.5353060734241556,0.4636380609072442,0.5094316141308279,0.45291241353677464,0.5932847503793511,0.5024964925105341,0.5598987261568314,0.37222868598153075,0.5491672294991183,0.45092353616281833,0.5117824387744134,0.4880929965026153,0.5936769405896517,0.6220688598026293,0.47088394069579076,0.6078643841110114,0.44868475018056864,0.43676485366711015,0.42992371237196414,0.48824420404393465,0.4637795579298541,0.5058391871526794
0.5374110239102191,0.5114031676470571,0.4525661912884833,0.4479174014277928,0.47241277702874424,0.5373377004971951,0.4508823839138046,0.5638078368884407,0.0,0.4651763917264407,0.43981437812969293,0.4806251764011413,0.48378523999869366,0.43336557468120646,0.4817045194092132,0.4822136169908578,0.4624317165602609,0.4655713439798028,0.44282468847422596,0.4902449170748606,0.48504900391249234,0.49102305600555135,0.4178689055550469,0.43362373672369486,0.5223212846081591,0.41717894038091474,0.42686753081514467,0.42855772047725554,0.3863203250052046,0.5367830019790586,0.6156564100140288,0.47226789940953195,0.45309205526740304,0.41181574281884553,0.5023370617535932,0.4341386388150131,0.5207943654810373,0.49295630280214847,0.4605672854540845,0.42069637323298104,0.4419481530904946,0.5854067484955657,0.4445578413965387,0.48088060113747905,0.48389881924193956,0.45632513764367544,0.45838451481309744,0.43497389555011257,0.4508291839606223,0.4574786527857572,0.4693343173750799,0.46330744079837405,0.3819425447939731,0.44029360615391727,0.4110287601892514,0.6607915116771285,0.4719926407290638,0.5320762052001626,0.4253567804107772,0.4498924400600327,0.46253808445648636,0.41191376733915447,0.4227874150318161,0.40482904028002975,0.4324670454673463,0.41816276070016667,0.4812491715308797,0.5099966976042665,0.43358725183635477,0.5529322866909328,0.544021399171572,0.44228041141140634,0.4455918263300574,0.4736388320011024,0.4951261947237716,0.4225078051766078,0.43226636583333067,0.46613915039632475,0.4347551119290519,0.44145585144691407,0.45279580209911513,0.5735559271815351,0.582782745084193,0.43818602536623236,0.46760481325173536,0.557703298189023,0.526696473145306,0.4551337275579906,0.4850988839922629,0.588703834910093,0.5054225650551374,0.5850697913739271,0.4414834755433571,0.416208266860674,0.48088143661091476,0.54274231975931,0.42586321526885057,0.5228680619224135,0.41765110405723066,0.47385860921249134,0.43909858140743924,0.45256905705509215,0.44161056659388565,0.47410409027548356,0.46804436976513375,0.48605224025191923,0.4411277041604867,0.49770232750152005,0.43932405039301325,0.4914783573199301,0.4455197636559176,0.45359219305625925,0.49611088903603984,0.5104108487176102,0.40876224000473715,0.5092211140820736,0.45114749492950207,0.42159275926287754,0.4131084096774919,0.4864772748479539,0.47683037654470856,0.4989000069348299,0.4535245475580362,0.5296784193689222,0.4933275422439127,0.4496490296633874,0.4468574274375251,0.47970459267994553,0.4198236396027651,0.4429770134792261,0.659230412909617,0.5167729871270594,0.46188817033498764,0.5076842060187987,0.46386322288042037,0.4185493027068182,0.4600758876954064,0.44202226278357726,0.4030703071384747,0.5400762237764223,0.4162518275846013,0.4665290283044316,0.5503452215582223,0.46134701837153963,0.48252704529300733,0.45404961902518964,0.6396885759204993,0.45730243481166827,0.48400891256281575,0.36130705985475986,0.5117462965719475,0.4331696225830537,0.4530193695841018,0.4501538955368632,0.5311295831890295,0.5792856330955067,0.4259236539480809,0.5677338320852385,0.4192090607247519,0.42670969448848883,0.39864592866701826,0.5173198447801955,0.5124242426871098,0.5167205781854969
0.49931284598408865,0.5826189665500681,0.582703869895282,0.46112860343403567,0.4742222169467628,0.5076038166805614,0.5062421485381963,0.5260338485786409,0.4651763917264407,0.0,0.4954642554733472,0.5008429668557467,0.5456046218442224,0.4469029483346162,0.547616299886361,0.5432432602865775,0.5023442557726149,0.501023447247493,0.45651597431454,0.4896644176732,0.4893205097630614,0.5596042698468251,0.4619507466175952,0.4828013752469032,0.6069913314508638,0.41688262311684693,0.46169628403513074,0.4645752151204549,0.5385991906705998,0.47279468453550777,0.5517915697135884,0.5200319625947754,0.4935853177054834,0.4148755324491566,0.4936965357122329,0.4515436930176679,0.5391395906664993,0.47438257912723814,0.469915594709696,0.47828410517922226,0.47276556307402723,0.476713704083709,0.48536814076942686,0.5025815565627932,0.5205985812337944,0.47609970825355225,0.46730143903459354,0.5054837518864514,0.5241666964316127,0.46042933917747375,0.47768286007834737,0.4379925078053348,0.3836515548498304,0.4881564906686052,0.49291992230795956,0.4775484004606573,0.45606095941433666,0.49756073341986806,0.5042543513540486,0.45682414997392334,0.4831592228258312,0.3804178533321245,0.41953940295341263,0.4199138512367374,0.4173225135118967,0.4155685342560317,0.4673386745355945,0.5151879752724724,0.5123322989632874,0.5314816996805397,0.48111864670914994,0.45449326941304985,0.40702170034949087,0.5129567892169649,0.4915707454692017,0.43331251680255434,0.45708572647917284,0.5037823344161145,0.4272415659192832,0.41243472400585257,0.452759097650781,0.4516200934307576,0.5492655309820021,0.4482369084276995,0.42222722007593705,0.49993397531446804,0.45276265777672153,0.46489139021324855,0.49182069432518727,0.43826769951029515,0.47117393462935836,0.48205361564187804,0.5141215662625065,0.40980850543797087,0.4434712981724653,0.6077385277982325,0.3939696718555215,0.480893951316748,0.3705381955331004,0.4779058703064983,0.4496802049299732,0.47167821575679475,0.4239813646010582,0.6058368478374779,0.43413164433679735,0.48256727740695526,0.46411923856721865,0.5240476052373301,0.5058897575513289,0.5453408039372193,0.4602381634854857,0.41184807424892933,0.4582415343900533,0.4542377982197627,0.4135553588518334,0.47096977758513925,0.45696668917692784,0.5616478150193743,0.4720480737033047,0.4132303096242455,0.45032288392823877,0.43325052361604693,0.4176227827215984,0.5327021451082402,0.42288528709189976,0.6055732061952606,0.3981282665534927,0.47472959095463413,0.49173477116716496,0.49606066455625775,0.49689393811526744,0.46611883304731827,0.42245613236819646,0.40139028705454805,0.4894137134765515,0.4335397644087508,0.4873497177938227,0.4847332501881209,0.4943725059405129,0.5175274596296835,0.4811039657122452,0.46072017836794726,0.48697575882719757,0.4319578153513113,0.49239335476717755,0.43492183292105957,0.4822645674697819,0.5197578955381046,0.6152789732952533,0.34714952716909414,0.45283897763837105,0.4660093449171417,0.46062937873452936,0.5439213255302998,0.5452807188737508,0.531266482392232,0.46191425650577395,0.5587041465412863,0.45336090448633276,0.4246714057763433,0.46170483117342,0.4578769012263776,0.43948003004465774,0.4514912438663471
0.48863024725825105,0.4941022807367696,0.5137786182596802,0.6026038822333949,0.5525528268632306,0.47267219763238166,0.5332833192186652,0.5038372867014954,0.43981437812969293,0.4954642554733472,0.0,0.5457003193452041,0.5238259308934158,0.456289343010861,0.5002975974510324,0.6116390400365749,0.5588485199101675,0.4638718607311629,0.4894362656575223,0.4974294578754365,0.5704733064168002,0.5552056901169223,0.5064080299242111,0.5455714200584719,0.5657017801307095,0.5180171150569948,0.4963967379988459,0.5307244879832209,0.49563385128838483,0.44400231655523503,0.5176028054031627,0.496025765758509,0.4896072019090384,0.4856120081842348,0.5339936224781223,0.4993136166849575,0.592321625523158,0.5221139923015018,0.6227214198193977,0.5279682537900635,0.4870925329182152,0.4892432835812114,0.4825643395054749,0.614542331632777,0.5320183000829307,0.44287813349952143,0.3849590227057182,0.6608843595119641,0.5907007488879065,0.47747011136475315,0.5296760933792136,0.46022180256417805,0.35816450945137535,0.5797011732802037,0.6060156825285817,0.4287462394258547,0.5021631059682404,0.5802422106852758,0.48560986908835,0.46946062303701275,0.5395162062588666,0.3732379083987785,0.42640486984432757,0.4519315727007001,0.40763243958099976,0.4127265769857037,0.5655442197504996,0.45442213984392144,0.4767534016339104,0.5462571648290596,0.4846513493039375,0.46514282708832777,0.4838461153145646,0.5860479019802637,0.48925418818552274,0.3899133058593189,0.6270109616587681,0.5676100687273936,0.4354568415785528,0.4517274786543384,0.41878574423637993,0.48458289808064375,0.4622121285874452,0.44930967578886766,0.49729707501571024,0.4911039881347542,0.536476849652011,0.4574313391075963,0.43802894258179365,0.4440704549189703,0.5508646283630545,0.470891060827583,0.532976655633453,0.4223522653491511,0.5069644134416625,0.5111343768558856,0.39990350214346637,0.4700317881101045,0.40141023735646136,0.47380871076927605,0.5078823122728595,0.5527007708047657,0.478481072269789,0.4761093816087148,0.45131411085603945,0.46609444092280644,0.4853951437792719,0.5236604453980349,0.4558954351758735,0.5706684608559182,0.6276799017166805,0.5014612610699289,0.5085272482175239,0.5409313045348286,0.4154093208902749,0.48547918072214663,0.4210948200227658,0.5556324723139415,0.5448633560855418,0.44259385153532105,0.5512349711463523,0.4728748179318576,0.4778825448235801,0.5372051262761265,0.4643925023821702,0.543006491124013,0.42430081809903986,0.5009525941327216,0.5156480059392051,0.4643827048099011,0.42090146213479634,0.5049030698012565,0.5224816728885576,0.48800885649544773,0.6191924962132056,0.40657979903922553,0.4205034808917786,0.5173254602080274,0.530005667350806,0.5435710587142318,0.4325182416411924,0.49330436146403295,0.508613339908845,0.488857290806274,0.6138152426292236,0.4459236864983056,0.48033693696009505,0.43601298789554044,0.4987446691254435,0.3757248841452008,0.5710512527596164,0.41914409967935773,0.5937752807442688,0.4418713224541239,0.5751436778705046,0.5639178360072855,0.5338298955619758,0.5514195759287495,0.5147380478417889,0.4968420522174616,0.3893729245183836,0.472341185354573,0.46321976710506074,0.6046207086663473
0.4604870835691891,0.51294015823692,0.4963412805141058,0.47199067478683365,0.5063636761644469,0.4957112573944228,0.4839415824973449,0.5322458526054502,0.4806251764011413,0.5008429668557467,0.5457003193452041,0.0,0.46558199374844056,0.39509125837099685,0.4567655258628404,0.5600070186018867,0.49980799225808464,0.41367289560979265,0.5112835671453008,0.48580198925575657,0.526738342253087,0.5065538567440588,0.49321308622456195,0.5067317746169516,0.580464158934099,0.4308830753510509,0.45656536707336104,0.48078281358978103,0.4414199487768784,0.5236219341590869,0.5585476587528493,0.48180566979317274,0.4347889189624751,0.5105359141074861,0.4795968233792061,0.4604289166684061,0.5162611242494487,0.4606998600422485,0.5747440342991074,0.4386488881056651,0.43990410567577387,0.5338209007489813,0.4373412043180909,0.5040427461206815,0.5174840950482216,0.42140718228427987,0.4006994848869129,0.5001276521164647,0.5063951826461547,0.43523257513816266,0.45730328431476025,0.4325520064308695,0.33723993180980705,0.48849886069907816,0.4851948346722046,0.4739917608294739,0.45595057344539064,0.6281979205582477,0.41247205541193327,0.4413677973514594,0.45882743227689865,0.3566734325368558,0.387160561401109,0.41638572126324297,0.3740565631991648,0.37564262861885594,0.46018163870218964,0.41744135136984595,0.41199423633262033,0.4975730388803614,0.4387716013280195,0.4055562976762814,0.4177483493269964,0.4862568839093607,0.46212130986242606,0.37120029081766065,0.48641480922297564,0.5111292213268752,0.40707248231523396,0.40337044875858336,0.38907309352844593,0.4641085560509393,0.4881211186470143,0.403383709271742,0.44689030541515634,0.4970710642043446,0.4895164473026059,0.4076129103980014,0.4327008815313956,0.4904671466411256,0.48102242262694717,0.49437756392009835,0.4651584114270064,0.38938942244831587,0.42565144999531285,0.5277241963962725,0.38151079619266526,0.5168271942743706,0.3809571475480532,0.4410846822265897,0.4304069806525591,0.4867787306919213,0.4281465038613518,0.4989116779108099,0.4144168368563079,0.45855755533195114,0.4454193007639706,0.5515911351741799,0.4168271338695665,0.5824358997198211,0.5551829724134818,0.4437508869886567,0.43615269563622644,0.4875444718958571,0.3760512508442475,0.48063783667038595,0.4138430434335286,0.5140420596985754,0.460025654355138,0.41866329691589427,0.46430323980742594,0.42770737166324807,0.45173232967441657,0.49432006588976857,0.4133051408878782,0.5011651693845472,0.40106986453893384,0.5325066912792468,0.48360942112690053,0.39884232402215725,0.48555054353239363,0.4749336166739376,0.4315173910271805,0.4556043449455224,0.5271262314354935,0.3630564304371759,0.4508926602386124,0.4383417680516997,0.45850493480641236,0.5231468717232963,0.3743752403278323,0.4627340614220531,0.48574737469218937,0.44309066569004996,0.5101997489497059,0.44774842818626326,0.5329770267831152,0.4104654538375641,0.5311310339941747,0.3825183020703849,0.5024857125050011,0.38898650925262185,0.535038619785658,0.4583087338818953,0.5883031084711585,0.5055841796613171,0.45790334381344683,0.5619897741800667,0.403932697231287,0.4202234486748886,0.3519619668812088,0.43929764329113635,0.4341058629843806,0.5077817364197166
