0,1,2,3,4,5,6,7,8,9,10,11,12,13,14,15,16,17,18,19,20,21,22,23,24,25,26,27,28,29,30,31,32,33,34,35,36,37,38,39,40,41,42,43,44,45,46,47,48,49,50,51,52,53,54,55,56,57,58,59,60,61,62,63,64,65,66,67,68,69,70,71,72,73,74,75,76,77,78,79,80,81,82,83,84,85,86,87,88,89,90,91,92,93,94,95,96,97,98,99,100,101,102,103,104,105,106,107,108,109,110,111,112,113,114,115,116,117,118,119,120,121,122,123,124,125,126,127,128,129,130,131,132,133,134,135,136,137,138,139,140,141,142,143,144,145,146,147,148,149,150,151,152,153,154,155,156,157,158,159,160,161,162,163
0.0,0.5717875147553012,0.5484742150866021,0.48961097113280017,0.5522628223946436,0.5880570782320372,0.5124262378362282,0.5345662334079464,0.5857328125708176,0.5417711277700116,0.5295688491208481,0.5038694315045332,0.6613426442174009,0.5247718391474375,0.5857763024747652,0.6102866813763087,0.6450984085132236,0.7050396443969763,0.5908997891755842,0.6660538582696879,0.6188085422800699,0.5602090918830747,0.5161463511524826,0.544452509498509,0.6190684784510708,0.5005918244850136,0.49445272562898973,0.6039962787609056,0.4621661842481232,0.5756410407405428,0.6113091110476456,0.6378455146581334,0.5042810208467673,0.4988155785538744,0.6263098392644706,0.5155546100954526,0.6098107663043691,0.5955900698257,0.49663363499845475,0.5560299167948247,0.5576065349554185,0.5292352140404099,0.6028392906524668,0.5562958449809866,0.5798976974753854,0.6487168658255834,0.5777233644263631,0.5434980256989435,0.5998120951653663,0.6301567943307141,0.6486065661355718,0.6217988729013901,0.4917128029961934,0.5376626617371232,0.5032358500645808,0.5323096009903503,0.685641579792118,0.5573433472156087,0.5832097922123799,0.6055771323291116,0.5321293594478357,0.48578400950219447,0.5651976585820817,0.46518257692970644,0.5663740459327559,0.5635329514838195,0.5348531557360403,0.6096121200854852,0.5860205209146842,0.5651430029267579,0.6487915713905584,0.562049498356791,0.5402765271684432,0.6436855687133768,0.6404666128367701,0.5752926849878283,0.49909764051487676,0.5281860586310038,0.575165273887676,0.5343717125213544,0.5630075744307913,0.6122095495137823,0.5976994730329238,0.5644856203174199,0.5672939035844939,0.6549929130820815,0.5002578886800854,0.6339892942102711,0.6719803907501722,0.484281685027652,0.618453500900923,0.5530756414222648,0.6045524702609483,0.5850951735249869,0.5547159092169441,0.5164244716092954,0.48310079496015434,0.5313710388417195,0.4476202054824192,0.6459490333566373,0.5075574206342884,0.45375084550611816,0.5073305216965163,0.4991324513284,0.6069717365500636,0.641183607356569,0.576766029522603,0.5608523663581969,0.6117106425364017,0.5622098183394257,0.5233219293649974,0.5239009433312115,0.6143314067005332,0.5230785003955702,0.5763941368104474,0.6381248486182031,0.6035077692702207,0.5425350826853956,0.5020417121922979,0.5005464083012212,0.5587159880009261,0.49203452229806305,0.5437087688558947,0.6823509642998843,0.5284247395933029,0.5490826425420063,0.5247552273703944,0.48119953637015933,0.517728667292652,0.57621579392562,0.5545037232298303,0.5814794549559917,0.5133494290999805,0.5136122638019289,0.5361381817709866,0.5175036817307629,0.58924538253998,0.5717717957617003,0.5172735813465389,0.6372457190001989,0.4940283594742871,0.5156402912960667,0.6307583637720507,0.500262390185055,0.5369962808242527,0.5496942120867665,0.5697252972160325,0.5701106442973194,0.5878482511384454,0.3895459199689572,0.5976660155202809,0.5407933164302436,0.5642932422202146,0.5013249756953675,0.5751435458439986,0.5916049667167133,0.5640713439486622,0.6072576940660906,0.4941967230312594,0.5602296000089758,0.5074600236398731,0.6064856641829389,0.5059105122243603,0.5949666237904381
0.5717875147553012,0.0,0.5862110845705136,0.4875672587482419,0.543409495780857,0.5931161195153499,0.5520245770490864,0.4855595847801596,0.5357903188875949,0.6537055982590154,0.503657453005034,0.5354606324668337,0.573063861514918,0.5401715257310427,0.5737810323958935,0.5410761551580062,0.5656006141674781,0.5342529045954575,0.5198475370401346,0.5380130731281857,0.5570964216525518,0.5989530303268306,0.49948987387528554,0.5726263559717325,0.5791210859775358,0.4571841364987068,0.4997883892048414,0.5160957975135576,0.5732987007840346,0.5159202604002765,0.5724662303846858,0.5496225072910689,0.5404913796261446,0.46790764688840414,0.585670728014925,0.5244256395055793,0.5365412118982128,0.5235209504945508,0.49857347089379944,0.5712672977637897,0.5877516640614303,0.5306446771968673,0.46395795271705165,0.5375976281738569,0.5391802908108221,0.5265736092191314,0.5636352236778829,0.5078476396740382,0.5497970872415028,0.5231544874215359,0.5334610097417257,0.539776587287948,0.4661991442883054,0.5591566093767866,0.49899559841065894,0.5828338069099137,0.5247681731435003,0.5102946799037734,0.542057050089935,0.5613070795144074,0.48851528928467763,0.44725470927015837,0.4535209989397236,0.4671300977815703,0.47247368425518393,0.4526314076048377,0.5190870939360233,0.5322175435762364,0.4846444259057376,0.47365792647951865,0.5324504826564163,0.5168816163305905,0.4744877143960563,0.5558389256168236,0.5483879148487611,0.4941846632178261,0.4560258770965632,0.5769759782412968,0.46420256765551726,0.495777135234143,0.518244202532594,0.5303528429296218,0.6391984757422644,0.49995699396751825,0.48324762669424104,0.6118306453396568,0.43145993251718207,0.49920148944131654,0.5512759203640695,0.5224738902647855,0.5262300311446686,0.5801770801728701,0.5704604570020572,0.49113179537355295,0.5169001192586068,0.5814814123769901,0.44308750032923705,0.5418496063307173,0.4439631337002208,0.5942101002396112,0.5124512495548248,0.396978243119337,0.4482183887822978,0.5166448020807235,0.4966206941646414,0.5323544900622262,0.49338259302563386,0.5519942508239645,0.594019435287285,0.6229846198820123,0.506892604921968,0.4662246786764131,0.5358342980935362,0.4856546475749033,0.4862254555542617,0.6159596545978947,0.525151764711717,0.49728774319684743,0.5027663454450112,0.5017900190741452,0.5186800424469614,0.43590680583561925,0.4984890369616801,0.6196754411812463,0.49934483503429583,0.5917784576007226,0.4963051859218581,0.49192912343029627,0.5487649884716971,0.5309332404594962,0.5725853417523754,0.5079585389758509,0.4523986684050196,0.5051206310158335,0.5091837333136904,0.4747057030556695,0.5460712379379704,0.5693793816336906,0.5049255051873052,0.5382017511524719,0.477479736287166,0.5168136004775541,0.6265617838814036,0.48652708300737446,0.5266572817995533,0.4876619925502998,0.5807256200853761,0.5681347893703361,0.5905879236268996,0.4040656223116054,0.4849315469292989,0.5232619344078306,0.5204202746050238,0.5890074966508517,0.5568589660590532,0.5209237362230736,0.5299584110867813,0.6152155651318161,0.5112357465611883,0.47876577732056347,0.4971189329405057,0.5450878381657263,0.48412831902390785,0.5275992396059589
0.5484742150866021,0.5862110845705136,0.0,0.4889897523193648,0.543825421486405,0.5654645225397543,0.4816156902415656,0.5621116541235752,0.5193141067506001,0.6242504267631441,0.5641263875532683,0.527918559531686,0.6028312273592298,0.4856640659876406,0.5614410417076541,0.6054123572269522,0.5669537702168163,0.5427739069035216,0.5134805941654517,0.5412047148655352,0.6020094544395412,0.7032549249551155,0.4670507193137067,0.5387097186231335,0.589466786624628,0.4899730592699517,0.49874194037462277,0.5076728960306535,0.5058005899036976,0.4927877021192326,0.5485871161211741,0.5451944557686619,0.49982480513291255,0.44473184488310674,0.5199226522586464,0.5211638508083882,0.5721775969042465,0.5491209334768888,0.521988916177397,0.5253470374779018,0.5363685295243318,0.5190720604115572,0.5285679149775206,0.5191641999981217,0.5721762089686521,0.5159649674213338,0.4899344334261012,0.5732711582726487,0.5207910696443472,0.5375742949364486,0.5429320029821817,0.5146861736286803,0.4211967336972256,0.5718227341433001,0.5165588837673463,0.4912074572216653,0.5201597212053515,0.5678706144987509,0.5298613518210729,0.5076131085819969,0.5506287097443248,0.42944627607516017,0.4950098172031384,0.45797836340888054,0.4666426797203417,0.46801180617183424,0.5313321345479701,0.5711575555038247,0.5811154672198499,0.5650346125773459,0.5604608228712799,0.47406588981548553,0.4894601449225907,0.611371742604894,0.5852414483762188,0.43504645684854376,0.5009832279247377,0.5278511686378572,0.486046664682126,0.44018845144756774,0.500897878640638,0.5442903123893967,0.5625991582718343,0.5228296386182452,0.4857362329949072,0.6020098142541794,0.49145832376787435,0.5086269192876807,0.5084045022954754,0.4821960678638494,0.5428088033999185,0.492280166100601,0.5391188082949755,0.4496007562119476,0.5034730527178266,0.5552204730538013,0.46704972577048015,0.4999531613805277,0.4074558876847505,0.5284581340691525,0.46901854745719823,0.46673329088117654,0.46364933083213683,0.5202118781873606,0.5031135440111905,0.5472531128846831,0.5319517358374146,0.5420920457561036,0.5301655119519426,0.5771155744130381,0.4990468851492644,0.47695000186333036,0.5400498441182419,0.5092089632125928,0.46580030306210635,0.5389584041675136,0.4641546702809599,0.5387346282649095,0.5186475791957171,0.4629537683998921,0.49952061898092887,0.47609794867165206,0.46891116109296116,0.5514528517446611,0.456513548756783,0.572676230265035,0.47231479480973243,0.5019005539259006,0.5320537682858358,0.5387315685690659,0.5154474621425555,0.5805907597428048,0.46568926050354054,0.4757601122229062,0.5885762231724407,0.4522557900279631,0.4951065264311402,0.51724943913753,0.558510993936395,0.5602057483778593,0.46999345600690384,0.49491650024937395,0.5380496007822576,0.5130969698610996,0.5360769618827232,0.48883638158021375,0.5798575016325762,0.5270948307217312,0.6119635996382057,0.38688736050526645,0.5052123017460177,0.46346850366737086,0.555508481196299,0.5632217324679858,0.5743138458498664,0.5758708513210316,0.5189613177135963,0.5873477258532807,0.45377025369747226,0.4579349073773609,0.4705019960654845,0.47498494747695036,0.47943302044111646,0.5243069717915763
0.48961097113280017,0.4875672587482419,0.4889897523193648,0.0,0.5328725420581367,0.5001529083397633,0.553302930965838,0.47250784027557075,0.4427412349797965,0.4721226689280098,0.5800944904751866,0.5091227918653888,0.48894086289607175,0.46643080078865196,0.5351294678250675,0.4836798063382852,0.4925280633040196,0.46728832399404036,0.5020698500168969,0.4371969238160612,0.5348344774281072,0.5129581929905105,0.47877028907035174,0.5040952181714052,0.5186189443581182,0.5412599816197469,0.4825723123569761,0.494840499058108,0.47355672545729494,0.42156962770894535,0.5075213933980459,0.4650361999837705,0.6178682283524536,0.4663658239544358,0.5312470317381459,0.5250946848964363,0.5316060202636076,0.4947931728277065,0.5151305031585691,0.5278265842798204,0.5580613394804855,0.4579864907874638,0.46324475833101664,0.609577023495218,0.4966565158067329,0.445221439827928,0.40540823686644756,0.5558627983126274,0.5169711799876737,0.4682046827282621,0.5609081961110068,0.5237347151148216,0.3880817512336447,0.6427402113089972,0.5588053486567659,0.43226478988874917,0.4769025137404138,0.5464324588064359,0.47594529048010303,0.4646871499823079,0.5064795648656576,0.40121045798862537,0.46702196319218725,0.41906974608665654,0.42331159352000935,0.41843451617453514,0.5370080791029335,0.4723467370309641,0.46163005651032835,0.5080381665176145,0.49334532076935317,0.45240046815284857,0.5063982404828521,0.558171818612853,0.47678824353348015,0.4067477239515292,0.5012320898145535,0.5361922886572335,0.45471348763694525,0.4452889225996984,0.4438205480787534,0.5362177057436588,0.4606112171543237,0.46875333519735707,0.49304911745960256,0.49389948539298717,0.48137178748489606,0.4844237688443507,0.4535276462911676,0.436924714348424,0.5871878901884068,0.5197827369445969,0.5117564895311709,0.42821124750412853,0.518042458237864,0.5292965610275863,0.41452391913488484,0.4860067317150283,0.4165621362999074,0.5204303627268734,0.4810842574874558,0.4314208663681939,0.5674396014331632,0.5037853859542539,0.48317061916532,0.44860623960666524,0.45992135374579557,0.4720358539555249,0.4705121009209617,0.48349262371767926,0.5932572225806331,0.4957240660411284,0.5576393540489057,0.4852599732582744,0.46007489119924844,0.49526143274751167,0.4331644550540961,0.4477519094208569,0.5620092223194627,0.49182417693201524,0.47385825878901316,0.5222468395195273,0.45243495729801186,0.5356518883549464,0.4549993704647668,0.5397059575907422,0.45798975368035777,0.44960908469979977,0.5065225741604352,0.46702367579950543,0.41162422526070186,0.46459727941799467,0.4684292192992314,0.5282244428698014,0.5005743556856925,0.4009361479629393,0.4022293222140355,0.541291118227754,0.48420036672217315,0.5038057609099442,0.5186705805181298,0.44567341764870205,0.5244734035467031,0.4977943839496939,0.5201663243005754,0.48759411049621804,0.48797461650276786,0.4450889627445309,0.45680311897286985,0.3595954992382341,0.5550881118693861,0.44967353067403854,0.49211150264616393,0.42567332994612916,0.567076639248854,0.49926633479457544,0.48038399495352213,0.5476495615300201,0.6198878791080144,0.5023665302793584,0.419687662142315,0.48172612912315604,0.45576771004645567,0.5569314068634337
0.5522628223946436,0.543409495780857,0.543825421486405,0.5328725420581367,0.0,0.498241275380053,0.6045617933524321,0.46064399568199377,0.5462240399757206,0.5388268028010555,0.6064728203019165,0.5456483645729914,0.5113724622021588,0.51347386477191,0.5275788950815553,0.5477993081103236,0.5566269043644132,0.5190004396934385,0.5066480837850799,0.5089734879165748,0.6108716910987715,0.6054056633693752,0.5593757562729447,0.5609452455565929,0.6044781796845924,0.5300299243383445,0.5329742159902364,0.5094123260148395,0.4980465922807103,0.5201867651324694,0.5400694526209605,0.5080532600524325,0.478081066668894,0.48357603696287527,0.6044386565675782,0.5338442565432732,0.5775746814433023,0.5579648962487365,0.5335299523479509,0.5598384303560355,0.5271544822117599,0.6300185697462836,0.48165912648413894,0.5959753641144172,0.5070265650526571,0.4615678984700869,0.4697387941195104,0.5736418605915337,0.6216755873861451,0.5134623303882414,0.5508801154969457,0.5097400921597018,0.40002477281913984,0.5464162457773105,0.5185020710044744,0.5294037096269947,0.5197638285778944,0.5700137368791064,0.5424461972707977,0.48900152104694233,0.4611765045813483,0.4153825474310119,0.4404938491934854,0.5018461151071422,0.458306301280189,0.4254991052485062,0.5729130177289679,0.5274753255575199,0.5163072631559898,0.5051902231755057,0.5331127939262915,0.507435844540228,0.5674912689699597,0.5723114326679644,0.4980162522881126,0.4281045819644335,0.5070283552227479,0.66484240112671,0.44476202846816254,0.4909815353891006,0.46847038608452385,0.5853374370601546,0.542545505218127,0.4594691011441586,0.5518961713537966,0.5542500537825975,0.4800253307263135,0.5200613887824203,0.4678730983747559,0.50726441873904,0.6755463269383699,0.5741549488219537,0.5455185476523058,0.4409369547276368,0.5969446402317269,0.5510437284149359,0.4107072730020318,0.5363240626006515,0.4821953160957553,0.5108950450577344,0.5131132847042955,0.4230628209937815,0.5411745603740167,0.5028849414850048,0.49265912588050936,0.48835774836467905,0.468229631189845,0.574071477629782,0.4950197264309343,0.5973280262569117,0.595976305981519,0.5798193734957331,0.5626415517926843,0.5829290681493288,0.44002866096538573,0.5418375556186257,0.4610179278492863,0.5395827383125293,0.5364003075402505,0.5418141234671441,0.594188905498652,0.4681336130294668,0.5312217096669793,0.5673274277522973,0.5548522531638131,0.5052054780786006,0.5009439401926081,0.46764088430185613,0.510566178881475,0.5016505845063021,0.5084338812236312,0.5243918361211694,0.4810420427461582,0.5860674318911543,0.5536397856903102,0.44072765153042825,0.45850260309576396,0.5678841785781965,0.5276141107636654,0.5715565883351048,0.43707462343787357,0.5307490078042202,0.6117873786544941,0.5694569156621083,0.6245589139400239,0.570454996216335,0.582531773675297,0.46648882126548546,0.5487643080852783,0.40501874351838,0.5469028283950079,0.46380465317375835,0.5854797576126858,0.514573590039456,0.6002964293229779,0.5481700522127642,0.5143709752718748,0.5849462243871847,0.522669665033866,0.5149934904233715,0.43330193378122805,0.5520896000855247,0.5619780817201222,0.7218284141499554
0.5880570782320372,0.5931161195153499,0.5654645225397543,0.5001529083397633,0.498241275380053,0.0,0.47976541896678154,0.5611605883568711,0.5540932768601645,0.5553981507837538,0.5035679928848411,0.5450848935048002,0.5686928841943991,0.48463269146044596,0.534217269083606,0.554165770173101,0.5386233639160977,0.5083123354558907,0.5715782899969176,0.5199196055367709,0.5642077473983416,0.5386928839326329,0.4391647671261576,0.4728693281839312,0.5800389309140364,0.45846784410069386,0.4439922977385845,0.4997992904905647,0.48200286868496756,0.5210679246672912,0.6350404869962701,0.6065470995815071,0.5415298656527112,0.46388476021598146,0.5519278757876365,0.5333992128657525,0.5558880875880127,0.533184593622815,0.506210633103599,0.4685245652508928,0.541935979573072,0.5048714195651538,0.5133342006209063,0.5604316460464854,0.5371985863292059,0.5172396696841747,0.5207245282339384,0.5338313342833632,0.492844378774725,0.5342076706797385,0.5767576137292029,0.5770503201615517,0.454562686401673,0.5733959013635365,0.5175762270374508,0.5381494867886795,0.5324018356826564,0.5999785533963334,0.48500827184542805,0.5285273666194674,0.5515471185276803,0.4885705660711281,0.5379967156302208,0.43387595626503467,0.4800640210145152,0.48314908356047015,0.49209680066197586,0.5468155634522212,0.49184456243254493,0.5448647564841544,0.5718449540944257,0.4793582585399968,0.49551878989838116,0.5578136527641496,0.6096712950992584,0.4949735610249683,0.4690744344044835,0.5063640001708505,0.4972787165597006,0.4942037259567443,0.5479795746108643,0.5758125658458372,0.5739706771616812,0.5414068008534811,0.5035498121937684,0.5829913681393288,0.5103728828223212,0.5324328876200574,0.5793647894157897,0.4822483726486759,0.5479679584708916,0.5925059599950822,0.5549262973238934,0.49400661699402604,0.49845382257013343,0.5929868062840992,0.5030107226037951,0.5466172219441283,0.4361288139321874,0.5744857086162554,0.48464318103736675,0.44776744790588974,0.48899884127734367,0.5318680754254895,0.5610231967780986,0.5312692272539515,0.5303546097145283,0.5024015684725511,0.5133139037941081,0.5238172720099313,0.5152625862471658,0.4707892282838078,0.6008535521369995,0.49376406612597923,0.5042512592487688,0.5413748494686116,0.5300714341595624,0.4796285897747492,0.5145632522961252,0.505374862897161,0.4734874310505154,0.5161872626345824,0.4823999019549265,0.6003565791249951,0.4842469150435076,0.5963790281385444,0.5105901398728341,0.4936754549211171,0.5342133346189919,0.49021383016306064,0.5477817542408755,0.5652281207353068,0.47160952816107865,0.5155268967869225,0.5079499853255793,0.4566895773629798,0.5033444955485689,0.49043339001112163,0.4460247308656396,0.559679121283327,0.5100678182176459,0.5139880439451887,0.572610220756592,0.5060521077243738,0.5086122556082973,0.4937788554199453,0.5875594802827868,0.5362785728033678,0.5578388159663972,0.39538679174719754,0.5393652899498685,0.5225533343831312,0.4886817714495047,0.4662510686849062,0.5770565876699548,0.5335391153681726,0.47283638039173465,0.6055879308544564,0.4687006131391579,0.5008938908425631,0.46485097132985537,0.5449359551337281,0.4731018663150361,0.5061996305637317
0.5124262378362282,0.5520245770490864,0.4816156902415656,0.553302930965838,0.6045617933524321,0.47976541896678154,0.0,0.43087826060954987,0.47741376961228,0.5495587566273384,0.5277641331754664,0.536707474069936,0.48911154885196756,0.47530845082569506,0.5501076791142703,0.4799295810456125,0.49636650442530583,0.4849480150859561,0.49348732731569556,0.45437041172073417,0.5247313255341285,0.5298410582451968,0.5878715448689155,0.5856834914213378,0.5748627251461483,0.48096004514279694,0.513406079993828,0.49432799601692384,0.502140152513643,0.4827214035080401,0.5195708439873975,0.48146903413609554,0.5094820682639115,0.4856554100944107,0.5421680397359785,0.4753995472688326,0.5415795205367602,0.465487622940647,0.4908516849280723,0.5791492356978158,0.5070266569078702,0.5320434061980476,0.43918579844440986,0.5584999775208718,0.48317681326449136,0.4545648539746808,0.45648305827640157,0.5084287332566534,0.6257410349926297,0.45309374225999854,0.523983370904023,0.4795559879304192,0.3923747065864318,0.5330924293707345,0.4992694769784707,0.5078825475116181,0.47552993515882364,0.4919997269019694,0.51887052168721,0.4695766260912226,0.439254576626643,0.38668599999618813,0.40585868288600935,0.42834079397124014,0.42904058401051637,0.4041165052343234,0.5401925886812688,0.4982505405782955,0.44287902296317344,0.4564108673083933,0.47977982137686886,0.4672712398539226,0.47468972207140014,0.5328184168400459,0.4447771043474043,0.43942656262508684,0.47970650218233357,0.6381276115797972,0.41695946548756607,0.47518018446587856,0.4406242716455664,0.5169017934080359,0.5382216214337907,0.4198654484190248,0.47518202107037827,0.4930482766426233,0.42887692638609337,0.4839919648129144,0.4683024903410071,0.4878441482921568,0.5497826949572622,0.5679967620249754,0.5132036618924695,0.4354217396061619,0.5149855842665668,0.5514851201532512,0.37850727834198944,0.5049023145800937,0.42569423091815706,0.5240854898774769,0.4873339225358946,0.39304995427936534,0.5006071525106495,0.5005740503584154,0.4405746711526869,0.4532117169676968,0.434485591556087,0.5192716471963107,0.5011802691073465,0.5860884778002932,0.5935982755785617,0.4765931919694467,0.5135917220804674,0.4795575414544184,0.4246988452784619,0.5220570527622878,0.4561643462588198,0.49819179404684805,0.49775162508898263,0.4784481022763919,0.49357790521333506,0.4282949797387284,0.46879510473911284,0.5851447409338636,0.477237745959578,0.5209090069873806,0.4498994737924402,0.44877411028333347,0.47803421904617993,0.4665841646703589,0.4608240065136018,0.44126145766162306,0.4396592506817956,0.4950891929449673,0.47912623590625053,0.4129685454423451,0.44813614095654936,0.5555637927959026,0.48716097732777874,0.5141022568248375,0.4508252985734989,0.45994892911002583,0.5831299912247085,0.46734897043238544,0.5282495728744698,0.522378284500747,0.5061704082448037,0.4707960132535682,0.49447935101118873,0.3580538690459181,0.5001535537336835,0.46160368956029313,0.4944353969626681,0.5092579578120916,0.5603974815851963,0.503479984481346,0.5302439364732975,0.5919305032356628,0.5736437098344185,0.5021109592913523,0.4324676971123313,0.5110204310969803,0.48396468289319206,0.5741760182742213
0.5345662334079464,0.4855595847801596,0.5621116541235752,0.47250784027557075,0.46064399568199377,0.5611605883568711,0.43087826060954987,0.0,0.5325629529653848,0.4812498678263519,0.5197372146743792,0.5162289633762936,0.6072550541123899,0.43832618781125354,0.5321010889847223,0.5812797476262298,0.48806036390845214,0.48785733852075946,0.4883429480866214,0.5072564221347241,0.5137555424628573,0.5339367959454867,0.42667537002595685,0.46814479943391796,0.5272365912229581,0.49955073054835186,0.484229951802885,0.4801072072213433,0.4138773222808132,0.49790310565855117,0.6100534779295561,0.5334207954340073,0.4901245445045112,0.453189782408475,0.4761857540012944,0.4891393979348293,0.6197258519185093,0.52264403862199,0.5305244573964257,0.45400082864980496,0.47015659929481235,0.44912134454719826,0.5487997870410467,0.4791943192412527,0.6346231570175404,0.5187213650772233,0.4411929775250665,0.5374502380507374,0.46518780246330893,0.5023785373125217,0.5274189825077035,0.48199793879624114,0.38547869201388046,0.513194652163234,0.4989280268993624,0.4559769591691299,0.49661402490432477,0.5973975256905225,0.43647097626963643,0.4960424020312559,0.6233246030881879,0.4426152306300265,0.5096446251938646,0.40371622778286476,0.42963519062426997,0.4665982487149116,0.5186109538262585,0.5542640436100301,0.5108373276061892,0.688125308488492,0.5667502187126408,0.43770758821180716,0.4541100429518004,0.5651634181074136,0.5532810814619517,0.4266393499108176,0.5250964261013502,0.4691025961944278,0.525764614784067,0.4159314320640228,0.44399719272786486,0.5356818735832141,0.5239610813403457,0.5351798507841949,0.4582241214948102,0.5782561454877954,0.611761010630621,0.5073346538610018,0.5354346699978757,0.4989296216473936,0.5099268988987706,0.47005058828760027,0.48369332085599587,0.4375893191354483,0.44421074364749624,0.526162082830018,0.48818817377356577,0.46091428793451483,0.38356585770201335,0.5235938094668188,0.45540866280344316,0.5589726940483253,0.45532111403988507,0.460343667385521,0.5117517196082909,0.5559337778013257,0.5201004457365638,0.46646594577130146,0.472061651574218,0.48016698931130797,0.46451222520794344,0.4505512261388118,0.5225762265108448,0.48942599452579916,0.471982192751098,0.5072056505039131,0.4280277222107021,0.47638633085204357,0.4363308872134059,0.4475635305715627,0.4523341974903463,0.5679735719570623,0.42783034421572347,0.5261115738518347,0.41391874089412833,0.5468800597822816,0.44916065115062903,0.5955399196420881,0.4650822985150215,0.49119765733967735,0.480294008005408,0.5424471029270967,0.5186521091701062,0.459995030777737,0.536157812856832,0.4052646177718166,0.48193591597517627,0.47191342948107734,0.4874496827130447,0.5650284381518097,0.4539067773634482,0.4541512862371499,0.4824615193217978,0.46075710368731965,0.4881994523083939,0.4773045555726464,0.5688099126010789,0.47857471401348983,0.5007812301253176,0.3613936510137775,0.5570879685209287,0.4142137160947623,0.4868444594994804,0.4654169590133933,0.523931867715295,0.6162261083900762,0.4989534321592388,0.5638853144359935,0.4189402958920907,0.455299734673881,0.40577245245032767,0.4392367589878196,0.43134233986445003,0.48339912965086457
0.5857328125708176,0.5357903188875949,0.5193141067506001,0.4427412349797965,0.5462240399757206,0.5540932768601645,0.47741376961228,0.5325629529653848,0.0,0.5004376620247165,0.48711117995889225,0.506642712072338,0.5376943888540029,0.4745210752879434,0.5109854984324166,0.5305578109420178,0.49778651549927916,0.5084334366617793,0.47761311231044434,0.5198930448145728,0.5245699758114757,0.5616070617535825,0.4538420005689805,0.4773058774614728,0.545172007742158,0.4541580100583857,0.48459726290088584,0.46476261153555143,0.41869719827485946,0.6198336433658368,0.5972731284752527,0.5247703860437715,0.4473007290293689,0.43813100711342273,0.5204097757777505,0.470711051379371,0.5698337406224293,0.5244109569240554,0.4901352063402015,0.4628972986423828,0.46052423530995873,0.5968464078555216,0.47582454333824686,0.4828083246506543,0.5138359363174555,0.48520450119943426,0.5012513252440954,0.48110678144872154,0.4938930385318107,0.5011954622727601,0.5100633022971073,0.4816793181434331,0.4096506953228087,0.47182418738680293,0.4453720744637156,0.6101744517641836,0.5060449472383244,0.5521129776137926,0.4650545225219226,0.4913739213361578,0.47934855318403186,0.44790945349002953,0.44936843627048945,0.4335229721193678,0.46029889277896097,0.4417527870214693,0.5199755464136284,0.5804831995977997,0.4851373461606019,0.5416712023095512,0.5771043054319608,0.465863468498505,0.4913275301209068,0.5247264328955529,0.526510552867302,0.4486914557140224,0.47072624609934416,0.5154554904287024,0.4508731126777397,0.4638614289961432,0.4685910635869139,0.6045213780012775,0.6358486175534076,0.46748436493109635,0.4876040565535811,0.5886521021670957,0.5095228703913435,0.5125110722680208,0.5147505782222885,0.5936132296567413,0.5506288477115641,0.5553292397568216,0.48549965165238007,0.4464210204999638,0.5031804883498564,0.534914716390425,0.44729117038535415,0.49650846242798985,0.4413375091728583,0.5090970160033587,0.46696462969616226,0.435376821146945,0.45242195822239023,0.4504215971012592,0.49892470044855003,0.5175690023878781,0.46584790257593284,0.504835195740701,0.47274216187376655,0.5268481311163362,0.47068830106690385,0.482356703065169,0.5368021935079652,0.5350684571747957,0.4376681801503155,0.5473344453561044,0.45648311737894887,0.47548454613596447,0.4285028939011845,0.509116956778592,0.5060164343551239,0.47980104249035804,0.47081858008112903,0.5532960509140129,0.4990633108036537,0.4750541713144876,0.49403648283797796,0.5061531983349311,0.4411669987604503,0.48002024020902745,0.6449829399188982,0.550757283647854,0.4860702439783239,0.5309444747218388,0.49862921677968763,0.4346902765783027,0.4971461678497497,0.4758313546066618,0.4465425081233218,0.5666659000092246,0.41677783655117395,0.5011367135944754,0.5759925131948074,0.49785327462574436,0.5079631208395026,0.5105430922045452,0.6965108893949781,0.4835063881215462,0.5147292421696462,0.3839966110506481,0.5194683083509626,0.4436396328124726,0.5065378644781103,0.5062887895884989,0.5200883564029002,0.5831752110653927,0.49247308753591434,0.57655797254754,0.4282232675163148,0.46870836895633605,0.41630418246574913,0.5124969725571512,0.506119660699338,0.5573594512919979
0.5417711277700116,0.6537055982590154,0.6242504267631441,0.4721226689280098,0.5388268028010555,0.5553981507837538,0.5495587566273384,0.4812498678263519,0.5004376620247165,0.0,0.5159014552996173,0.5401203378912891,0.5563630977080203,0.4842800694603582,0.5534656099327661,0.5488887410586437,0.5458131686109514,0.5322623651799662,0.5201515288482511,0.511453437433226,0.5504218443763692,0.5917263021135991,0.5129392006890524,0.5475360302011518,0.6417380639729643,0.4487903819181972,0.49344615496606853,0.5086588786886245,0.5763288177454059,0.5215448672663068,0.5464397161487776,0.5495834134584898,0.4933982995945454,0.4560801015330779,0.5276885285805191,0.4867892184808217,0.5473318595241258,0.5010590824036549,0.48374505989013766,0.5349614692640862,0.5251061486927631,0.5290222231794852,0.4827680442348745,0.521676309613233,0.5173921098062119,0.502473389066069,0.5287364132433229,0.5262438479305804,0.5680080996905044,0.48890335947750496,0.5163897863778769,0.4931227846594887,0.42739221516227144,0.5275046077633372,0.5004527153474343,0.5323393058273621,0.49713954500093355,0.5146059705589984,0.5448854610607123,0.4947940126843428,0.475561247030976,0.4131305244331957,0.4437324470888446,0.4452591449875759,0.45330715143453787,0.440412930117687,0.4969111331682684,0.5448792304372186,0.5101252896434104,0.4932442026338241,0.5044602667271174,0.480815872099129,0.45655375453230673,0.5470908174189572,0.5204521092476034,0.4758334152520041,0.46043575719333363,0.5684086213328438,0.45068342353460994,0.47322532986335586,0.5078405933978646,0.49776910137430164,0.6122933850716291,0.4771387348184351,0.466845767612468,0.549871244239462,0.4386017053801822,0.49660779434128843,0.5273193470974058,0.4766344666531983,0.5127657658428888,0.5242083376815152,0.5479276115373684,0.4547715368250105,0.48804295395733316,0.5923750581891597,0.41529346478882895,0.5201928383280692,0.4098653180849805,0.5296192513561194,0.47643575985016473,0.41259617286437944,0.4543437409783361,0.564533351867122,0.46578166785883246,0.5083871791809986,0.48342148109884475,0.5681838219846793,0.5494196690781039,0.6192695225805254,0.5059231345371561,0.45095784863785593,0.5104591256513422,0.4843680273014628,0.450471465327058,0.5344704720337641,0.5050513427824003,0.5578796941027134,0.5077225425831421,0.46106491567334823,0.47860445276248836,0.43091088073341427,0.4685588058683038,0.5855506514058016,0.464468953683154,0.600978177997143,0.4505014572389188,0.4641284033603491,0.5291386041387536,0.5104209283214662,0.5404887082168095,0.4965664630701134,0.436970302410723,0.4539035652714955,0.5062612785349048,0.45217426296519136,0.5303169570939749,0.5202103535354339,0.5173351349348316,0.5421999601087958,0.47543110667067545,0.49042635423199793,0.5501171832599292,0.47146461998828687,0.5228316767247279,0.48925297464360024,0.5285085520136927,0.5615278697113945,0.6473055861810122,0.3806569231664729,0.47328916370335183,0.5102577466096782,0.4995818660511301,0.5828589418380935,0.5798967836884871,0.52258929543795,0.5192307306271806,0.6103246646639932,0.47844064628922217,0.46871296371220417,0.4996171284715384,0.5101606106285433,0.484593510464854,0.5046920860076901
0.5295688491208481,0.503657453005034,0.5641263875532683,0.5800944904751866,0.6064728203019165,0.5035679928848411,0.5277641331754664,0.5197372146743792,0.48711117995889225,0.5159014552996173,0.0,0.5651385909651194,0.5528953284142069,0.4940590211061904,0.5224523355926006,0.6254046407430652,0.5708785529807747,0.5051200688197227,0.5405413771174243,0.5115087402573979,0.5982704973353951,0.5922548218319272,0.530547212161073,0.5328556468412885,0.5865337754783885,0.558253388462072,0.5704120083992619,0.5681320640687219,0.5031976189783972,0.4928814792920413,0.544705463150788,0.5377532215167558,0.49442042203934894,0.5058470820213303,0.5593032834456465,0.5613061129097326,0.6181610655109083,0.5774172747412228,0.6169601907765048,0.5403029749134496,0.5156475526325438,0.5041870605952362,0.5194618954182386,0.5784287450549084,0.5567809596146936,0.46815615543714056,0.4150012424477855,0.6697568942303974,0.6001992799768053,0.5222715975558072,0.5781822856703382,0.49063584954583633,0.38764808362533504,0.6072661674496578,0.6374626160239735,0.44335616688734203,0.5307705704515233,0.6427892464245851,0.5113448197244292,0.5056050968451099,0.5486865920876238,0.4160763349555877,0.47056237380420224,0.4765581771573914,0.43641264104023,0.43746632559525456,0.5817275838735729,0.4947860130261624,0.5462079713014633,0.577525787605395,0.5169061324581437,0.48735784730048476,0.5502858410883568,0.629730500480132,0.5363751796706543,0.4164572779045012,0.6112607862874918,0.5841674374308774,0.4707961333387993,0.4598192540426143,0.44289861817535475,0.5406654408985188,0.48768354068427044,0.4972061256173015,0.534357659105114,0.5343755933081591,0.5477232457851527,0.529418946111818,0.47886209293123283,0.46147279183092565,0.6334938151910355,0.49714367455361613,0.5751181414233438,0.44576063240807823,0.5356874710416868,0.5222813822059059,0.43385322560969203,0.4812078246114382,0.43592145108701574,0.5129558465760212,0.5247011916134217,0.5007387054771791,0.5287776483003609,0.48036076630018254,0.5104395284090193,0.49044778055182486,0.5074123094850118,0.5259793629493238,0.47744549028080024,0.5354626156876651,0.6106031006889792,0.5493969293460588,0.5606212839341664,0.5982478297286655,0.4565478164995017,0.513825517986075,0.43982045566485306,0.5833651583315247,0.5384297141358743,0.4978419827980673,0.5429612990540423,0.5147669510528243,0.4859609751697336,0.544797763160159,0.4799779660063036,0.5558913332568706,0.47731976066938114,0.506635790543165,0.5322310926106878,0.49620314313213726,0.45242626373309175,0.5371789098753714,0.5468074559150554,0.5393638641357655,0.609893452925783,0.41555106867193337,0.44088980552055634,0.5412838425783236,0.5683660656563855,0.589158183643972,0.45217637808161754,0.5165674007525196,0.5385331846012125,0.5526781904224368,0.6058090275536049,0.5115712751534391,0.5218348881521461,0.4577673747700736,0.5252672919714468,0.40086406650520795,0.6032871881315226,0.44393209762872515,0.6386241869050368,0.46212056422526754,0.5787144594609059,0.5637064810895593,0.5582137731121096,0.5542900785389538,0.5126283048268919,0.5419869054961457,0.41001212301350104,0.49245764558298916,0.4856898762796786,0.6286771704339644
0.5038694315045332,0.5354606324668337,0.527918559531686,0.5091227918653888,0.5456483645729914,0.5450848935048002,0.536707474069936,0.5162289633762936,0.506642712072338,0.5401203378912891,0.5651385909651194,0.0,0.49728236787015895,0.42826459850400667,0.49831547695780815,0.5427834700964331,0.5002825698252436,0.4443289892752205,0.5541198542462791,0.48489654818763384,0.5509672710335831,0.526942625848288,0.5304809745741955,0.5388446076930252,0.645757469980681,0.48544774430020093,0.49318020824149167,0.502611321347089,0.4716325708169293,0.5320288378206066,0.5976535264964792,0.5111143155339735,0.47423377117049964,0.5576961453079239,0.5236540367766747,0.5051320394466444,0.5756025670430529,0.4823279241612116,0.5520286820084832,0.47518322447051864,0.4795637074588503,0.5378610575449622,0.4640087403172765,0.5474140985129619,0.5473362392666864,0.4453768572873394,0.44098944232123666,0.5585517299638205,0.5437219353693158,0.4546040137016782,0.49870154103667486,0.4788185201670562,0.3602818030116848,0.5338889789772069,0.5200646822993119,0.5055681577599586,0.4700121500067547,0.6299942142154186,0.4435457725592562,0.4602341793507185,0.4711378334272152,0.38726496469729144,0.4205015764438195,0.4297217461056972,0.3984192247253198,0.39820910834838696,0.500946598298127,0.4702232907264694,0.4425373269207584,0.5088989213946797,0.4724848347792348,0.4296083259550951,0.4663401166426049,0.5187492818249557,0.47375952136277527,0.407170733222713,0.48617456786131547,0.5586989810336238,0.4390400524319179,0.4334790998155575,0.4219654921889821,0.5115789472391856,0.5222520180135517,0.44101353817965955,0.4738439658300578,0.5331240539339275,0.5006704533054581,0.45645777942328136,0.4719779274730989,0.5159986290144245,0.5292286244284361,0.5506032418683734,0.4889413356546915,0.4134710546250137,0.45298883325159134,0.6017046776802928,0.39958772646581736,0.5645154717410129,0.41114541213394057,0.4953364689836919,0.46072509161242314,0.4405161378819635,0.49426177693323686,0.5417770302756993,0.4513126252862474,0.4772519919966107,0.4534390647803426,0.5599306878328842,0.44807647617237245,0.5983767954891832,0.6075276605764942,0.474984780405831,0.49985953015614776,0.4948729983370025,0.4148214947412509,0.5098526430400293,0.44117412783978405,0.5195875687908096,0.5012217471091699,0.469184455653563,0.46152704166218694,0.4577314581341427,0.48004739221058285,0.5307154980720048,0.43948882775181547,0.5500714847932539,0.43795247613796534,0.5183610544436176,0.5195233686932287,0.4296340956770611,0.495782764628629,0.47474768007099194,0.44809907446999603,0.49756667585203,0.5327843974494119,0.3792075832763569,0.47756574115241335,0.48474010242163235,0.493150823312545,0.5372177433160319,0.4176472068782977,0.47327201773308225,0.5156176942801074,0.47322354090730806,0.5355756443625739,0.5496335389170143,0.5655779740301677,0.43443529503489825,0.5605253424887201,0.3869346265928308,0.5420763726164299,0.4188857581907478,0.5111583467214912,0.4816801608074713,0.6354496048948461,0.521769233230946,0.4920042371608281,0.6149394316753545,0.4508004966111066,0.4601487570478738,0.3841806297556417,0.4758910658428004,0.4537239216207138,0.5384029329292768
