0,1,2,3,4,5,6,7,8,9,10,11,12,13,14,15,16,17,18,19,20,21,22,23,24,25,26,27,28,29,30,31,32,33,34,35,36,37,38,39,40,41,42,43,44,45,46,47,48,49,50,51,52,53,54,55,56,57,58,59,60,61,62,63,64,65,66,67,68,69,70,71,72,73,74,75,76,77,78,79,80,81,82,83,84,85,86,87,88,89,90,91,92,93,94,95,96,97,98,99,100,101,102,103,104,105,106,107,108,109,110,111,112,113,114,115,116,117,118,119,120,121,122,123,124,125,126,127,128,129,130,131,132,133,134,135,136,137,138,139,140,141,142,143,144,145,146,147,148,149,150,151,152,153,154,155,156,157,158,159,160,161,162,163
0.0,0.8937473348700833,0.783998512901103,0.7965050810778752,0.8394418389289585,0.7803369209623162,0.9098248395294048,0.8134113991566916,0.889632999503134,0.7394089925110371,0.8651665478377717,0.8804526619983013,0.8541388101027657,0.8201903114214449,0.9247887115744796,0.7923974563774754,0.7926687313018563,0.9781298384394951,0.9069216987452272,0.9294503873902954,0.8364089920308606,0.9194945769174842,0.9160885098385932,0.8999301440810537,0.8884070614005561,0.7787378600198414,0.8070538836491179,0.7578225436906321,0.7790154581065295,0.8855137019268972,0.8987292721372218,0.845353414670226,0.8757571269955774,0.8106102659883058,0.8828117284239498,0.8379805146073207,0.9236901442473555,0.9142043493803617,0.8497351946861357,0.9077403887806691,0.8681467803486744,0.8700861199012384,0.8767334687484594,0.8445020530587245,0.8928946046458826,0.8923859794541453,0.8548420943364387,0.8206879332018902,0.9648205202969029,0.894880733802027,0.8517591259513705,0.8188820582942585,0.8490226204573261,0.830820422311761,0.7922585079987174,0.8125338561100901,0.9254925968935374,0.8421779109430224,0.8306963887302657,0.935026389183913,0.761174584669619,0.7536213546653259,0.796270626684093,0.7640647415337836,0.8456551695043333,0.8354866827627804,0.8923088777430238,0.8642848976849647,0.8478005810990732,0.9052098358925365,0.9147470002871924,0.8041075657698386,0.7619708675705652,0.84852550394575,0.8057723953773147,0.917919395225284,0.7498553798464429,0.7882318968812452,0.856952105773788,0.6653453997666614,0.7282112178678157,0.9471844352012514,0.8605642950254413,0.7862941299209452,0.8374220539538119,0.949170633401804,0.9043401741181667,0.8689300023558556,0.7895657465197341,0.8273595404602304,0.8892048522659237,0.8642412461594837,0.8509312070500885,0.898445049985919,0.8783513136707221,0.8819830629877465,0.7407719696468087,0.8092828529709489,0.7893394503759021,0.7998174496679471,0.7900826102841226,0.7863986455613186,0.7669970684944359,0.81248186727052,0.8510312686357058,0.8114758842059948,0.7052991263486741,0.8043143522016194,0.8830934279333906,0.8595818079166794,0.8558315893584639,0.8683324777871716,0.8271432517754213,0.7285579547160796,0.8684336561155035,0.8452690289226784,0.861403674575459,0.8859560486058478,0.7068080881345927,0.770478149600145,0.8539668580747899,0.8043215066441061,0.9006848681527697,0.8505180674759943,0.8007967484911237,0.8244798362737533,0.7472116407313488,0.8580430212369378,0.7567113893929954,0.9124362901152795,0.7865697116068324,0.7482529549803258,0.8288639791783768,0.9066551583659568,0.8673392423270821,0.8132390647957471,0.921108680328417,0.9273672797991593,0.8847971655288979,0.9384456549383885,0.756289138608494,0.8408192748203004,0.9473444494413084,0.7870636294644083,0.8759777840721451,0.9435339042767822,0.9294756867147792,0.7313695265300529,0.8631873432433623,0.6602964362220315,0.8948457597788859,0.8283286533198451,0.9225513797857485,0.8326253008922638,0.8531563081623954,0.9340990545577215,0.9210962191709271,0.7742794451530173,0.7993918644526311,0.7338062824000695,0.7366708983412925,0.9243746703169188,0.922656143705561,0.9404394252226943
0.8937473348700833,0.0,0.8450004040869513,0.800851150103005,0.7770361632090679,0.8633661552914904,0.9048489875722752,0.9189686436033669,0.8708156158314996,0.9073169337004212,0.8290948623675786,0.9515410908982681,0.8852065880086714,0.7641451811749953,0.8769702668284441,0.7995792258247674,0.7764191272763433,0.8603361067375279,0.9041676374059645,0.8478251631441116,0.8140181787349117,0.9210702210070267,0.8997533516581232,0.8705873948241543,0.9611990720109514,0.721340174859983,0.8395691260105937,0.7567571970647186,0.8501934563191008,0.8883317897379336,0.8955913845482057,0.8907700832951096,0.887704503778307,0.824186416925397,0.784796270676863,0.8036725499905338,0.9117369805150443,0.8160065808043259,0.8243082249137249,0.8652823931843334,0.8213656092043341,0.906877505153896,0.7902467642138856,0.7836461590116025,0.9255119259799736,0.863577335525602,0.8491082865998297,0.7814275110028885,0.9021730129456788,0.7809180117625389,0.7865150439049216,0.7675220246587312,0.7608178193102363,0.8371304262735624,0.7851896516245556,0.9000758030244294,0.8056544424158913,0.8550099781486795,0.7776871461956645,0.8772245013260733,0.8592039798791457,0.713033059675516,0.7262924020436012,0.6976041970567122,0.7167095786295969,0.7348457471566341,0.9088034431605111,0.8508449695390493,0.7864064258011848,0.924458818349503,0.834803784204665,0.6943662006447548,0.6664252886744627,0.8411184024844973,0.8322916019921702,0.8701511073437082,0.7494008876091139,0.7919484119313357,0.7665272133561062,0.6470424114760114,0.7439577959320849,0.8617188179137628,0.8986429200493841,0.7829109717548304,0.7191856476489287,0.9464305341932354,0.9115390980118443,0.7622040066256709,0.8596659883340078,0.8942135989147463,0.7986128369278831,0.8832127634246855,0.7968321677975243,0.7764189812377529,0.7515520322049509,0.9649356296835317,0.7232970221754575,0.8822895622079606,0.6819703553372757,0.849322198866975,0.7331180576000687,0.8181392654111342,0.6926529178464064,0.8939920105178859,0.7378507990923788,0.8034267619452135,0.7221559634622993,0.8631868583427352,0.86481997705227,0.9058959733540487,0.8380019855459742,0.719813582336481,0.8237278703439155,0.754120878147966,0.7498270791321033,0.842521022519033,0.8630139881160173,0.8642564916478628,0.7222145044029523,0.7657769384315258,0.742003572072795,0.7947960718920634,0.8072744157668557,0.8410493936222396,0.6893982419355812,0.8921001947948828,0.7276119562250545,0.8949646654750526,0.8120551331666424,0.8178152718382248,0.8738102551255079,0.7495167442928271,0.7459808823247384,0.7975369192254897,0.8268544973433734,0.7114685290075663,0.9101967121570532,0.8178736715747693,0.858300895758052,0.8928196799424499,0.7551895142726657,0.8359716291857917,0.9372221127659739,0.747551808695028,0.8372909118593636,0.8817518942418588,0.9106194480269844,0.8039503341876497,0.9426976049917247,0.6793978143455907,0.7817934654270242,0.8198884071373632,0.8390665143872507,0.9117473264137511,0.9107452451452496,0.9270017117356218,0.9081276293944925,0.8254726810492624,0.7230064003395463,0.6806595558226425,0.8116740805720095,0.8221037056725263,0.9805869692588483,0.8224291093191624
0.783998512901103,0.8450004040869513,0.0,0.7648106289629621,0.8833511489784521,0.9580826886423076,0.8576012988900795,0.7775589750221994,0.6662734715840173,0.8386400615386312,0.9196048010118596,0.9155909351386539,0.94526421658991,0.6384616295860219,0.7655616438298972,0.9746540352151636,0.9406907093685617,0.7656084923929609,0.8272422231449661,0.7052018950910756,0.944043605901978,0.9054786593693456,0.7976591619308734,0.8865163395734184,0.8344581028110897,0.8659603506592644,0.6960608602245401,0.7222245241779585,0.8924017397309743,0.9187088026775856,0.6896626014136618,0.9607486566159081,0.8085259684712636,0.7443909584761882,0.6261876106851731,0.7324728868715904,0.9039729700929454,0.7773148894879142,0.7942750433403796,0.9173434230864272,0.8253542577427873,0.8950559104798433,0.8360204513099091,0.8159422426409433,0.7655811697686905,0.863357264439168,0.9194775092899347,0.8731910301997514,0.8306780559780854,0.7666718671613403,0.8706002447445862,0.8883826916025552,0.7045154729893979,0.8651673069818279,0.8038499969184544,0.7990018128946506,0.8239629879179469,0.9681376343716624,0.6486171105772167,0.8079684662209449,0.8368986729083695,0.800376652104307,0.8691825653369277,0.6041582836577253,0.6445722867865773,0.7680261032931558,0.7423042990660002,0.9080442779038208,0.7615659318918353,0.8186480211011259,0.8403673186196867,0.5842247983696173,0.6172990699126809,0.9638345718294578,0.8666640480378629,0.7022030338472652,0.9388148933576763,0.9403227124498661,0.7475970618358901,0.8343745008571304,0.9329042501152954,0.7115324698707169,0.9179630379719784,0.8154709484025258,0.7653285618558027,0.822769230959843,0.7953767849451344,0.6319570381415516,0.7243773867221989,0.7344932142554218,0.8737277730766303,0.6609565601920764,0.840799859852597,0.7471231054450673,0.7074641166545576,0.8541666623074256,0.6221921860430449,0.7345419833212475,0.5856648857573696,0.7314476556359573,0.6142366453654494,0.9005854574368267,0.6078930376028405,0.7372894361575973,0.6414251151392095,0.9161429255349631,0.8981193656816819,0.8215080034387092,0.9062185744223132,0.9336210414394532,0.8903162428751737,0.6917873906583983,0.8324428708141622,0.6920206247975689,0.7593641513048833,0.8986858278577088,0.7671272821442561,0.827758903407793,0.8827147841740478,0.6500667130396585,0.7923535820103939,0.7598155944974844,0.7910157533538505,0.914075066614906,0.5703172912419279,0.9181766424643052,0.7907461486537569,0.9131451139854845,0.842196047586798,0.7486929064742985,0.748193397642016,0.9567062784977238,0.6709500675267999,0.6719364209079577,0.7253381204115484,0.6886531834100116,0.8693580992784303,0.7367662332293804,0.7281938851208132,0.8015677640044033,0.6213811179104225,0.8912905349367503,0.7560044873786705,0.6657954273564303,0.8618676389099664,0.7526897998293934,0.8607518987228768,0.9540156235512877,0.8303929962461065,0.7602667101693882,0.6382823561265553,0.7282558801686349,0.7977674624398094,0.9145705503391239,0.904300585986419,0.7710755216159747,0.9024281938048051,0.9351549013429066,0.5891503887515208,0.8412291715110829,0.8989281584923158,0.6698969116731475,0.8045156645682108,0.8299022640654231
0.7965050810778752,0.800851150103005,0.7648106289629621,0.0,0.7507160996935512,0.8165681747171131,0.8352383240037449,0.7571290919961239,0.6961867493476589,0.7462923599551453,0.8211581424050153,0.8294255733713121,0.7769251165375733,0.7128590325792151,0.7741717002028337,0.7473421076736745,0.7698014329014785,0.7762466561662209,0.8728671385313971,0.7083901733914304,0.7927698368171618,0.7915424807672704,0.797148668287708,0.7701835172563278,0.8224867216805082,0.7505810422468236,0.7080853190311079,0.7532159920027259,0.800748993266405,0.7571688628501867,0.7468332261479289,0.7981034098489089,0.9205715778615793,0.7701024171100835,0.7400049443354125,0.7958157605152928,0.8007694039014295,0.7759180037458311,0.7441902336782655,0.8114613546749626,0.8394442695408998,0.7781715424709152,0.7609902604720625,0.8074782861480845,0.7595436821957848,0.7499333907294999,0.7485927309552626,0.7694971564890962,0.8118760310629554,0.7413407495094669,0.8102253540954326,0.8177036223359863,0.7441921052686402,0.8611422453209072,0.8015360555564256,0.7222901852877824,0.7719755050937819,0.8350508745091295,0.7153681862651478,0.7715817800766095,0.8095835014445711,0.7081948153155646,0.8005128758229749,0.6478050756941138,0.6808139248418735,0.7208226649336958,0.7582538666717245,0.7510712827154749,0.7468620502903415,0.8306935710060932,0.7619339550568617,0.6549064283195379,0.7467342443715932,0.8122606620379177,0.7923484035648326,0.7507445110836376,0.7294793981315895,0.7528418334992404,0.758124370805501,0.6697096258384672,0.7609993590956502,0.7832694711104009,0.7528715488797135,0.7986587347899211,0.8009405905706886,0.78647074224556,0.8385681741793183,0.7230886385585045,0.7298451125863344,0.6824952838286739,0.8239105580389419,0.7838374140405826,0.7811293424712605,0.7507416742692146,0.7913781997652362,0.8315883890191879,0.6653977726837329,0.8034747969659859,0.6753497040644403,0.781196016353751,0.6766963421705346,0.7499222030117969,0.833893713495311,0.8352011251395072,0.7607576545790578,0.7242711072143663,0.7165557818888513,0.7630900695498268,0.7792597569793407,0.7663438746085127,0.859713675923256,0.7444291563296477,0.8859424811614077,0.6963516323301506,0.8053001571079484,0.7732237771443535,0.835525402121194,0.7440252136865304,0.8300851756404194,0.7765986872475922,0.7074205028426462,0.9293462751843579,0.7848294895530861,0.7837111591819245,0.6596373705426217,0.8260408627868432,0.7480861374393669,0.7454536550107098,0.823656323230923,0.7263480413398836,0.6920087296173367,0.7225259091630938,0.6959942908137289,0.7864328428657122,0.7227108097208627,0.6691198078970408,0.7440437601111141,0.7695444585946892,0.7378858905967002,0.7680938838756275,0.8336080131303574,0.7613085184414868,0.8084691020533195,0.7436025342100464,0.7791810266998405,0.7995764429645889,0.7718262142576667,0.7212307452830411,0.7731163412816541,0.6607097239202804,0.7605956548512315,0.8418051710335485,0.76041003460758,0.7177717132381715,0.8597248124834135,0.7420103584518137,0.7666300577742481,0.7635505329564701,0.7900312330101351,0.7627026963505437,0.8001878851073277,0.8024464359565178,0.7914164334215115,0.793129300015601
0.8394418389289585,0.7770361632090679,0.8833511489784521,0.7507160996935512,0.0,0.8349630630456661,0.9074185702639578,0.6626778353409655,0.6770361015588081,0.6715449810165438,0.9377700006337062,0.8576954677403389,0.8387732253585108,0.6630218573307162,0.8583159801511677,0.9051385740225284,0.8726351275833771,0.807072824859372,0.8132254190893997,0.7279597271023367,0.9570820653062546,0.9151748051858261,0.7600420403147727,0.9341004281428197,0.7491112405398103,0.925987154448276,0.6247818602739134,0.6261456784759556,0.8353652159698076,0.8878175501842537,0.7254736774143197,0.8644643291258866,0.8424593945653718,0.6861610612435896,0.6967408879825729,0.7846448514531724,0.9080523743778751,0.8336689548806161,0.8892507950707228,0.934169122935942,0.9117157126970957,0.8165081510906311,0.9327374162924614,0.9364596269085502,0.7170275015347808,0.8541631449951198,0.928003359461688,0.9502680881764651,0.8715374772031768,0.8825329265756886,0.9701093162436422,0.9267025069742258,0.7995335938512296,0.8965189945444464,0.8455782950356728,0.7181703671256936,0.9203228232586028,0.9169435485839288,0.6742196894829633,0.839755169748534,0.7007291723293658,0.8657143566006122,0.9298849033422778,0.6467548274401191,0.783869121654792,0.8224894264944033,0.7207207667361486,0.940349939359173,0.7362656406704184,0.7479267026249476,0.9526259716564377,0.6735369471665916,0.6294584702843997,0.9201914061091346,0.7494179131334684,0.732699749723071,0.9178038837259205,0.9572643316431203,0.787376941573855,0.8682952668674169,0.8899541557655146,0.7997194119813722,0.8940342636011869,0.7309083001930197,0.8282185971470866,0.7911696048744841,0.7435055520560434,0.70732695409675,0.6263173058582677,0.6981489616849916,0.9644590708500616,0.6849272681780482,0.934060107584838,0.8522912475328763,0.8206622489632981,0.8238357580347743,0.6642971113237932,0.6563323832266765,0.6913678795513171,0.6517626806457477,0.69945318981275,0.8321791612247699,0.6628303847413041,0.6840492577357398,0.707262593538153,0.8698369684628787,0.810928799000813,0.6921191949136112,0.9291602183511307,0.881054657465622,0.9271306117207399,0.826040968285118,0.7758265350938057,0.60698549892855,0.841566480199538,0.8381478640312973,0.7059065018258428,0.8563875490948323,0.8109931620629484,0.6181941445883135,0.9571714828183782,0.748984647248086,0.812337204457024,0.9519719120265514,0.6743682484349799,0.8751733335259646,0.7614120856560869,0.8954270048132681,0.747510174103712,0.8555153415476275,0.6452108223047929,0.9055637400480626,0.6829724800649387,0.7769306818184576,0.7805006300336887,0.8449739848398274,0.8711879203383042,0.8613741869580479,0.7078041289919281,0.8691504759475048,0.6444645611574227,0.8906936028018021,0.7726945949336155,0.7152358726701621,0.9328790463502653,0.7728398287058976,0.917309634216101,0.8580539829848338,0.7369828995190152,0.6784532533891467,0.7211332673866104,0.7624885105651229,0.8446119721763813,0.8325326423734072,0.830609028071572,0.7853035721736952,0.8761581116577722,0.8534275923232058,0.6679175847872343,0.8816971350689385,0.7683843597666705,0.738064385487227,0.7767674437110456,0.9512487934278016
0.7803369209623162,0.8633661552914904,0.9580826886423076,0.8165681747171131,0.8349630630456661,0.0,0.8663116492019461,0.8152950190745188,0.6821087325474564,0.8549848488410999,0.8695978207875671,0.9191342891133281,0.9510404964924176,0.6345262336621996,0.7512825710194739,0.9288539626621486,0.9022306701544632,0.742238930314035,0.814284103315909,0.6807476207261163,0.900105707695961,0.8661966183532925,0.8031523908973289,0.862443535001478,0.8485894149963915,0.8467820910306915,0.7120673219016808,0.735331029601321,0.8526570821760566,0.9109133371169321,0.6961672369491678,0.9398808953874362,0.8420366896949347,0.773150236743732,0.6193564158701907,0.70505614857668,0.90197020173708,0.7380088451606076,0.7521582711527758,0.9011549303416387,0.8028160048043541,0.9137556877596591,0.7800992910176351,0.7903507331941739,0.7766466705752256,0.8584723579051882,0.908538605510641,0.8223631419953217,0.8038561305640548,0.7152578216394695,0.839878633728476,0.8881368713540926,0.6800634525003388,0.8428383106569222,0.7613246747977215,0.8609246565157787,0.7822664178438228,0.9541866943390123,0.61857313104924,0.7894246727924472,0.8603792663941947,0.7865902639132005,0.8331975829299804,0.5694698418716726,0.6122530123705244,0.7368578257045252,0.7766707885472399,0.8972716873646611,0.713001478645436,0.8325347340970577,0.8191837023703353,0.5630071967720199,0.618321079227743,0.9392156619652927,0.8567285437349972,0.7235732164334437,0.8975958728633266,0.9177778973454206,0.737947950596435,0.8264152983454601,0.9232225611025162,0.7157104058662688,0.9260596954080009,0.8189281870217109,0.7435902641114389,0.8357236789948631,0.822570723165417,0.6152751291823725,0.7764863943944527,0.7794131095022852,0.8470989115213727,0.695114985637989,0.7857497442309371,0.7282875333668073,0.6889830072642491,0.8768193297865978,0.603055827273393,0.7852893320277181,0.574023726229793,0.7998721868882683,0.5998429228369889,0.8487861347282484,0.6210478890247627,0.7542773717298284,0.6295150143281744,0.9056611714296666,0.8535416351957279,0.8449996562420965,0.885461806940147,0.9265097913275977,0.8781492645553569,0.6578290426205133,0.8920635076227774,0.6950484683491297,0.7512514910078898,0.9269391176803239,0.7983601597774416,0.7616554334779181,0.8690495067571465,0.7013427816077235,0.7400155570533893,0.8144454870984947,0.7862882685145106,0.9127609374423894,0.5584182668153231,0.9076881916177841,0.8115528305978671,0.907141622467384,0.8295608139598456,0.7083436339112699,0.7865980374367649,0.9111274129638812,0.6793633938861183,0.6769669958076319,0.6858148427769098,0.6447946819732714,0.855575204099741,0.7151997246529084,0.6984226275435068,0.7715967034577318,0.6410304889800646,0.8451374712642299,0.7795377912026509,0.6344984967450714,0.8202074415359566,0.7656453507068817,0.8511025354566775,0.9523494081563223,0.8142109128669619,0.7281937058568855,0.6367003695344358,0.7217965151607467,0.7430909090766971,0.9063282646804677,0.9236526083718142,0.7739628723317302,0.8941651385485178,0.966185150143933,0.6020220647680166,0.8321161070478412,0.9124558069774042,0.6814586383122465,0.8228232891908447,0.8052644737921644
0.9098248395294048,0.9048489875722752,0.8576012988900795,0.8352383240037449,0.9074185702639578,0.8663116492019461,0.0,0.7832028773005753,0.7924094136787804,0.7744704164718282,0.8842312582698836,0.9473772153847894,0.8659849445262165,0.7031104193184127,0.9427455478568374,0.8371417550843651,0.8047707223365447,0.8539557373906127,0.8880452584192736,0.7902639862585015,0.9017553921735432,0.9392927226174989,0.8634813125900436,0.9575002346375822,0.8768319466675584,0.845834562458746,0.7135638047657791,0.669347790482627,0.8369747952360734,0.9069046325128899,0.8599482323523103,0.8786811625973957,0.9447771984844212,0.7841860874221402,0.7697609196489298,0.8099565187546849,0.9619246768740785,0.816381088781711,0.892677204456239,0.9402040904766292,0.908732766453167,0.8807387273444051,0.8888152944899383,0.9085541096243217,0.8408924878397608,0.8995071705669555,0.9296106388475891,0.8846911967939206,0.9348181449139141,0.8419734814320264,0.9153477794964601,0.8758004888420672,0.785621231009578,0.9048683559377633,0.8311865057225193,0.8389429953016512,0.8790113952345372,0.8979509737494646,0.7368673775626237,0.8710547737766386,0.7637423106018604,0.7821857839638978,0.8266690779743113,0.6589205003230413,0.7857775111613249,0.7943315968934868,0.8599602567440093,0.9480412379917207,0.7365833540039676,0.8431009805759648,0.9458666385427507,0.6971995541565486,0.6420325395117089,0.8975886444059165,0.7532899684466153,0.8527046595997618,0.8345493663028575,0.8984134231090481,0.8075650424301312,0.7531760779217677,0.8192551691933511,0.9009335886458208,0.9403249071307532,0.7297505814049832,0.7794533016531155,0.8887082435784333,0.8464645226339891,0.7671623257603655,0.7422243423152586,0.8323808963566114,0.9061204353098623,0.8457841100774904,0.8747566485572953,0.8420075361730053,0.8082335391454766,0.953276122416111,0.6942643793685473,0.793555359133981,0.701765371159938,0.7770850998187163,0.7390006297884945,0.833121713843807,0.7407453150111846,0.8217926131026184,0.7321291969263481,0.8515997602743547,0.7507351720233513,0.76971508040911,0.9416288574078325,0.9328631006137484,0.940805953767844,0.7940110253227186,0.8296698871685488,0.6392112910298465,0.8172884867094133,0.8582336736730503,0.7979279761837595,0.8718675001183401,0.7678834990271137,0.6895277908638416,0.8573050411518812,0.8147726786059648,0.8271258440496468,0.9508255507153355,0.704241433999839,0.9195071862409532,0.738650355312076,0.9317805569793509,0.773472906104233,0.8683740598848106,0.7425398808951841,0.8031635042176439,0.6993721121973024,0.8243019994559229,0.8258168035848661,0.7994868036123166,0.9270522884398168,0.8967113122573599,0.7837061159874763,0.9274806758169986,0.7419505376824116,0.8445538126377456,0.9043148294494266,0.7294048074403718,0.9139725119568274,0.8920252029067688,0.9692752144951619,0.8451449994325841,0.8333502207683381,0.6255697513175144,0.8023739227786191,0.813928655738676,0.8353915475397684,0.9003993632073537,0.9188904522160545,0.9069465568747678,0.916570360843008,0.8763921433105175,0.7461448203675789,0.780680513726736,0.804382184397767,0.8181623399431724,0.9177136987129146,0.9241746627896226
0.8134113991566916,0.9189686436033669,0.7775589750221994,0.7571290919961239,0.6626778353409655,0.8152950190745188,0.7832028773005753,0.0,0.8458082848088159,0.9178161191446762,0.7261043400096688,0.8699245240046276,0.8597334085577312,0.7034703826715094,0.7491489269496856,0.7407278899495277,0.7318523107378586,0.7981284841974657,0.8230169448901593,0.7963168875305787,0.7203130983652212,0.7976843201534569,0.8946414964476461,0.7627173535183693,0.9386758105887377,0.6566719905215478,0.9075534067959329,0.8272575808177786,0.7309537545951604,0.8296224331480279,0.8108490979492674,0.8240753943292528,0.7787626024502278,0.8551365393042223,0.7046012782271872,0.6981303641932565,0.8228943771486149,0.7308448285953514,0.6881625664899004,0.7786880307536873,0.6999506770393572,0.8764130412086816,0.6896097195669733,0.6576158976458264,0.9251102208065616,0.8212007485037672,0.7648550458194338,0.6640599906696559,0.799902132179402,0.6716795677591733,0.6777973800895442,0.6960898198051596,0.6471622455972365,0.7123547254506141,0.6684642156402382,0.9070876616920884,0.7099720149226406,0.7877891790490177,0.7031673852159916,0.7939943014533014,0.8576210383132221,0.6317317635141914,0.649855878694256,0.6345379727342724,0.6110787251115626,0.6768888082237401,0.8797735214423803,0.7534273344621737,0.7584632569614048,0.935251984493817,0.7189489672971602,0.6165681783813457,0.6560034095985543,0.7737443282400682,0.8298876763509696,0.8026313943663124,0.6802845851163593,0.6972263521108358,0.7363358793747883,0.5817405755461256,0.6700662757984315,0.7639562609602295,0.814355145246101,0.7815131338934932,0.6658949294582588,0.9173313773291483,0.9112993939080558,0.6895326384214586,0.9556413278952671,0.8900722973920868,0.7047862434185498,0.8156637628156185,0.6693379374548206,0.6777410341138748,0.6489683318426372,0.8616001548961583,0.6424998226312083,0.9207983907854436,0.5961342791338337,0.912831559254327,0.6289334842350253,0.7720863868309005,0.6562609576181119,0.8602573828407444,0.6785359820553534,0.7721707324841776,0.6887508118670782,0.9226033124567904,0.7678220730521504,0.8202962441467324,0.7293471888513571,0.632050058458725,0.7919277315652431,0.804367460102173,0.6840364091981043,0.8256649549255356,0.8656070713759016,0.7460865480998328,0.6691177263214851,0.7917302523742397,0.6266264087239785,0.7887041195071348,0.754537781210034,0.7389700872061901,0.5987193532941895,0.7834451097144144,0.7015999371348269,0.8110852282799296,0.7665191341548782,0.6993571219697056,0.938775561044575,0.6885235126100516,0.7336317285511191,0.6949791208341685,0.7157956028979288,0.5888711325757411,0.8307088372206575,0.7000908687972874,0.8303633117688386,0.7797388523613898,0.6874277572585176,0.7246498628936794,0.8578030411552446,0.6529120218182483,0.7112761959288821,0.8465281565683465,0.7938471238289084,0.7408590821705545,0.9104595446352053,0.6607162820888681,0.71154655457227,0.702641857747497,0.7455351050900916,0.8569303349344011,0.8614007803777809,0.8558959770146781,0.8368290059181304,0.7850509948379735,0.6396040042204834,0.6182523946771841,0.7688564074205961,0.7355693409855087,0.9119092932508309,0.7125769803887724
0.889632999503134,0.8708156158314996,0.6662734715840173,0.6961867493476589,0.6770361015588081,0.6821087325474564,0.7924094136787804,0.8458082848088159,0.0,0.7394783846345867,0.6976452510988687,0.7789365575874103,0.7424114834329623,0.8045824314541005,0.8308069530963208,0.6471526437545192,0.6402637031067456,0.8764679785111208,0.7781198505753903,0.8633173301991054,0.6628896789222803,0.8092161346287159,0.8423586182466485,0.7466192961425936,0.8354654538241587,0.6065449474989735,0.8815604631273823,0.7112266317239248,0.6645001180798659,0.7940791376563311,0.8993823377312853,0.7140600507944181,0.7651805312767107,0.7246396463346599,0.8373383309483353,0.7183911002605129,0.7866889703947276,0.7711423516867125,0.7226895020127413,0.7369515382939471,0.6977200457396816,0.8180784183766188,0.6909653423739935,0.6707594513560166,0.8536398981339804,0.7544185906427183,0.718023530711641,0.6462156637663085,0.8172342051221374,0.7318616707247305,0.670140708380696,0.6414648964201677,0.7394183698703172,0.679610170301216,0.6498526830210953,0.8308765049318605,0.735568853970499,0.7014407934620744,0.7784116273307004,0.8049653563593231,0.7001092901653003,0.6194967923279667,0.6131852749330795,0.7092571335736708,0.7363215188426694,0.6547538892610424,0.878671608999857,0.7368064190031952,0.7578802919835844,0.8734643469486304,0.7597026602594714,0.7391614247977527,0.6902808204676371,0.6903358062401684,0.722285190385549,0.8461888187420555,0.6085463383349875,0.6457904648424346,0.6932636741819186,0.5346208881866621,0.5848162390717739,0.8976715379899433,0.7739507618105841,0.6621062617793573,0.6505521764044174,0.8856333604669943,0.8435550072597564,0.8136368214238375,0.8072314081061811,0.8856980941452997,0.7149414318548167,0.8997577921746925,0.6858811415092816,0.7207965811919366,0.750488667721149,0.8188489198730329,0.6957928196301606,0.7895008184243164,0.7282132075685037,0.777900313163163,0.7294333133201435,0.6614484466542061,0.6713281666331785,0.781870909153714,0.7567839105559259,0.6738542290043826,0.565779562063477,0.7606478110201115,0.7217732399481185,0.7389293726978026,0.6833136089667716,0.7065745900052334,0.7072386386616152,0.7537720813359388,0.6796715457976614,0.7414609485248368,0.7653842616335252,0.7603586333709859,0.563142846713487,0.7972122477832116,0.684132663794744,0.7187290022361692,0.7266543410194329,0.7026634551919587,0.7624476702876662,0.6955335824914294,0.6500173317849886,0.7521209105462748,0.6326559499295769,0.7777178402289592,0.8613083950376061,0.6129506062931305,0.7711199386458935,0.8369872651257158,0.7675039123941306,0.6814694348950777,0.8000298722236686,0.7822694768099346,0.8174427154882736,0.8248992433063568,0.7177658622088807,0.7015545821830605,0.9341706207977076,0.7268264514356655,0.7059482709126614,0.856707031906985,0.8282116293242014,0.63077226994865,0.8057195314002804,0.5778974242516237,0.8171606423023285,0.7335745641596378,0.8003395426561151,0.7707265010209206,0.7360257953532782,0.898191839879505,0.8054565324884554,0.6707740093145232,0.7511978205165497,0.5769745413414804,0.6215345449241861,0.8437806364222172,0.9003686041286177,0.7722175919500374
0.7394089925110371,0.9073169337004212,0.8386400615386312,0.7462923599551453,0.6715449810165438,0.8549848488410999,0.7744704164718282,0.9178161191446762,0.7394783846345867,0.0,0.7483671733136487,0.8743328253451567,0.8530603050440791,0.6622267128610881,0.7136361747797084,0.7722111916073728,0.7545497737815652,0.7323060693591289,0.8087405056900201,0.7206334620892467,0.7392461968726779,0.8025746740650369,0.8296316452780816,0.7495037100266274,0.9192096598634694,0.6538001194208545,0.8228238151886592,0.7843963816876401,0.8163323659573921,0.8085586680415117,0.7424178900938982,0.8552132117356444,0.7631890515451243,0.7885066949580816,0.6446491879116806,0.689631414843253,0.7997767328680582,0.6962290166849586,0.6880122916464431,0.7650765784048162,0.6978783095732028,0.8553197678884528,0.6800549032717593,0.6640429146796212,0.8389870279939413,0.768267260491641,0.7606124226328549,0.6885380715834801,0.7723333523552207,0.64635766196999,0.6790659223708156,0.6914690912417635,0.6276502879066084,0.7407058147811272,0.7028330325538307,0.8539751797473665,0.6759589587080939,0.8040971882094928,0.6850656012970175,0.7390786599389274,0.8742236327726292,0.6265139816263989,0.6564994289265162,0.6105865788867436,0.5758621941273415,0.6408677219079213,0.7917712186686022,0.7493228417287419,0.7422509316731477,0.8705005293191975,0.6885028912954307,0.5733020524557234,0.6103182292629583,0.7846587608364572,0.8317723964048052,0.7307214008454728,0.7112800114335246,0.7271351679319055,0.6716304201556516,0.611092242005129,0.7196932825972134,0.6881572045933724,0.8092161200166282,0.7696232276920687,0.6341828961347745,0.8307813415943985,0.8334014762182107,0.6341898171422,0.8615095249638112,0.7991392821736255,0.6913248920893972,0.7419311038150826,0.6859095084373289,0.6371255686815752,0.6196902511404447,0.8634656261411745,0.6146734746921717,0.8592495004710402,0.5561850964850452,0.8212736951602959,0.6033629256344207,0.7896509864689202,0.6134861337441149,0.8581713880329447,0.621115703781947,0.755216486231634,0.723395459404853,0.8945988548028122,0.7606561073675906,0.8332407748943476,0.7436861117674223,0.5928644997698809,0.7745173471143479,0.7709871956094773,0.6409548115400838,0.7895304771589066,0.8187362106970486,0.7615439191417633,0.7307557352714062,0.7176122960663469,0.6137254319384483,0.7308160441873922,0.7075599348455285,0.7409715818723072,0.5576805952428128,0.8291653327608257,0.6790214136195039,0.7964688019578551,0.8156310535978886,0.6686262518935714,0.8738972468685078,0.721355812561825,0.6535839369787314,0.6336385260427931,0.6961346380984956,0.579562185529371,0.7944142577779348,0.6595829572028489,0.7801678863926312,0.7410124703751542,0.676787221316795,0.7510734039693321,0.7816274412103229,0.6478569446355144,0.7186454987435924,0.7610996776160357,0.7594000594424907,0.795420651753487,0.9138630792843591,0.6922098084527623,0.6367292862454734,0.7196553149557884,0.7174465890285486,0.862336769899552,0.8662247109929874,0.7827169054830383,0.8087758752143382,0.8020144288577802,0.603697868923319,0.6338578217199056,0.8482624153038886,0.6744929409880994,0.8576763383378466,0.6796893669187545
0.8651665478377717,0.8290948623675786,0.9196048010118596,0.8211581424050153,0.9377700006337062,0.8695978207875671,0.8842312582698836,0.7261043400096688,0.6976452510988687,0.7483671733136487,0.0,0.8899141851638507,0.8862781592430611,0.7372079516225329,0.8405785696619862,0.932429377028004,0.9247320382479651,0.8564702440403394,0.8975435123167353,0.7849366995540101,0.9568374190578675,0.9434694498632626,0.8077624775942275,0.9031577003863768,0.8227314054642589,0.8793717277832264,0.6930436004704179,0.7280616178043915,0.9235645548358689,0.8840567907774475,0.7467068802284613,0.9313525896999709,0.8657160837289544,0.7347847730389006,0.7414336627563909,0.8501690209471005,0.9139173091762565,0.9077436664183692,0.8839943307187148,0.934439427778712,0.9207453388414785,0.8412842155930851,0.9267392066802126,0.9186125749895014,0.7678901016312925,0.8435190319487513,0.8777245084035722,0.9490450228372691,0.9105786853679065,0.89699451063753,0.9461295895801773,0.9074344243975433,0.8306747564929773,0.9393681266534442,0.910702775979407,0.7205440965938754,0.9318576287225607,0.9521192472206955,0.7470252066277343,0.8773615413515916,0.8153910292729019,0.8431952443515115,0.9414339703180695,0.7117239250217517,0.7689167150850912,0.8387119481579073,0.7533840958740686,0.88800739806935,0.8454709565911971,0.834162529566164,0.9024721161388312,0.704184901994895,0.7196044562915785,0.9485553099840475,0.865881974611849,0.7568281104988193,0.9063886160758012,0.9087938039533059,0.8065340378004291,0.8083252480426164,0.8877281097255594,0.7949519902298664,0.8622543652544821,0.8474714527946047,0.8787932511238313,0.8294501733699625,0.8319591634823481,0.7461611912471338,0.6793149747724898,0.6884037700210819,0.9565287970097685,0.702738349723223,0.9554461900424407,0.8630298828261727,0.856716183833574,0.8501043986050447,0.7090466752044142,0.7090358919444368,0.710211359547534,0.6941424383527157,0.7285386398858563,0.8883107284948512,0.700502081697429,0.7513711776181546,0.7719531519245822,0.8501420387414947,0.8500494713285488,0.7636087682102457,0.9061597714206828,0.8827755990168876,0.9401904584161157,0.8398627774343108,0.851146232287373,0.7086368168254413,0.8686793586977998,0.8436049509901314,0.7864615346041978,0.9112017028801243,0.8822527557588811,0.6829934316796649,0.9031925254456175,0.8057284245306214,0.8609026129521258,0.9045385803926894,0.6937318845150678,0.9143726164323435,0.7906800627980156,0.8720959664142528,0.8528488897940842,0.8582676940605625,0.6884716301344416,0.910107219291762,0.7618844812567432,0.8008924949903224,0.8248068695965418,0.8132589989183198,0.8654913026261244,0.8520747168250075,0.787064770734366,0.8767204942146221,0.708973602878958,0.9523412569757097,0.7980610323095025,0.7914227176652663,0.943594785426656,0.790994460694062,0.8840914412445083,0.8395620389291778,0.8218384485427709,0.7710254117567604,0.7518494680573472,0.8412470007187791,0.910907119314514,0.8207767185647026,0.871196471282879,0.7975213170044502,0.9018513911883028,0.8342454721797218,0.7082154459876877,0.8838693591651873,0.8261154961486439,0.7875604334876002,0.8063613662900327,0.9338276487986581
0.8804526619983013,0.9515410908982681,0.9155909351386539,0.8294255733713121,0.8576954677403389,0.9191342891133281,0.9473772153847894,0.8699245240046276,0.7789365575874103,0.8743328253451567,0.8899141851638507,0.0,0.9210317098124898,0.6896388818263225,0.8846858430951189,0.8834472847619101,0.8497483237842806,0.8374678388740325,0.9263838554592531,0.8080056561641226,0.9118697195425078,0.9341970715242325,0.9045857039548724,0.9444414121947697,0.9463534241207862,0.8311230107899894,0.7618453883489464,0.7381552710599043,0.8819435865082719,0.9231887971903568,0.8450153061426634,0.9354106341620855,0.9148949740631416,0.8545746459106257,0.7381167938117219,0.8085284680644677,0.9618554864956779,0.8192358036318109,0.8639882271127707,0.9361533065995133,0.8867390563067616,0.9088780652849734,0.867059614423653,0.8574477263424104,0.9002081220489303,0.9234186770064785,0.9260750474598394,0.8662797684142721,0.9250888993986083,0.8066935135605782,0.869059042448741,0.8660669868228599,0.737606271776965,0.8964543316119582,0.8304460585834467,0.8724113237264886,0.8551880686001576,0.9329802453567387,0.7260572529028592,0.8779711401807642,0.8440836505542688,0.7571348483623346,0.8135653683078422,0.6618682227985392,0.7144558887512167,0.788280005707935,0.8585106555152227,0.9136054945235953,0.7652763871985219,0.891117608641424,0.8846028980661466,0.6630698763005727,0.6368024283741045,0.9184460302821598,0.8247773114315623,0.8352731573603913,0.8412236825007482,0.8887802629703532,0.8305010649969028,0.737779123988437,0.8365349680409653,0.833753439655815,0.9420323765446742,0.8035974546695805,0.7742681675696299,0.9309789021777372,0.8886836924176944,0.7217869406371878,0.8136134726000761,0.8485220413905974,0.8640078198232963,0.8178353728871928,0.8473002965461119,0.8041095490185709,0.7418976300508627,0.9694830253368317,0.6880709471765278,0.8637233232897275,0.652018612052125,0.8249657134394711,0.7033058775436652,0.889627376066237,0.7112780198413035,0.8770166969080014,0.7123540039677041,0.89066648179273,0.8125872491193168,0.862685048116187,0.9407170810536483,0.9688606234080767,0.9283396779832719,0.7481017301364564,0.8376234040930963,0.6936211189375349,0.8017923262294547,0.8887682151075595,0.8565766962701021,0.8820826927407439,0.8082661477963987,0.7025478159094715,0.7980238453545253,0.8208575826329657,0.8462090306766128,0.9262055131673518,0.6483095166650518,0.9597383601531893,0.7416414293261502,0.9521581605673748,0.8600231142935988,0.8263180962162928,0.8026487769239757,0.8295055307677386,0.7073801442384242,0.7653416614032607,0.8219178135969536,0.7316991772304533,0.95200131647055,0.8397905292557887,0.8346669024732308,0.9114129754380613,0.7224625901782146,0.8608241429114615,0.876934758887591,0.7123904220692806,0.9019256298974753,0.8858564616987299,0.938009130526898,0.8829273016627864,0.9233990342789642,0.6931295964869598,0.7646209747416546,0.7994547695152026,0.8353190850349405,0.9430744570372783,0.9804243908721367,0.9006311255273085,0.9313252901375121,0.9095591223587446,0.6890852897584495,0.7569678931723307,0.8646049249791176,0.782861638917421,0.9424983067322775,0.8670454119725305
