0,1,2,3,4,5,6,7,8,9,10,11,12,13,14,15,16,17,18,19,20,21,22,23,24,25,26,27,28,29,30,31,32,33,34,35,36,37,38,39,40,41,42,43,44,45,46,47,48,49,50,51,52,53,54,55,56,57,58,59,60,61,62,63,64,65,66,67,68,69,70,71,72,73,74,75,76,77,78,79,80,81,82,83,84,85,86,87,88,89,90,91,92,93,94,95,96,97,98,99,100,101,102,103,104,105,106,107,108,109,110,111,112,113,114,115,116,117,118,119,120,121,122,123,124,125,126,127,128,129,130,131,132,133,134,135,136,137,138,139,140,141,142,143,144,145,146,147,148,149,150,151,152,153,154,155,156,157,158,159,160,161,162,163
0.0,0.7707068733466991,0.7595473485152464,0.8297049766518211,0.782680674864429,0.7971092924081644,0.8025785460552648,0.8073318306708889,0.8264075660378682,0.7075365710097449,0.8798639789296352,0.8162269293439127,0.9096688096113132,0.7860086263922204,0.8309844032782819,0.8715477963129733,0.8904563181397952,0.9391509911799142,0.8311007773038617,0.9268238320564484,0.8585943342779648,0.8042773834477764,0.8335862195359678,0.8470434603416697,0.8581813474865886,0.8248066291496515,0.7950402883156408,0.8883418202926288,0.6781949807641457,0.8304328185024937,0.8459944206044009,0.8634270148858327,0.7795105858828366,0.862706800326212,0.9180136637646548,0.8110395488866673,0.8989400559286949,0.8786763656939467,0.7901671186731732,0.8121065191590151,0.7767961776031534,0.827801301791564,0.8777249946706885,0.8602562805166543,0.8772622955155598,0.9107778618876087,0.7655459004869356,0.8346717113273427,0.887571501599194,0.9103940664995699,0.9032773997189026,0.8614924862786268,0.777837423400469,0.8064049773562842,0.8086111865208252,0.788810059875252,0.9482599221952046,0.8374378266900894,0.816227098664373,0.9065856594247219,0.8087462335217003,0.7792251712850461,0.8646958807699782,0.7530506469312331,0.8615226616225389,0.9031117227281295,0.8314885119951961,0.8146139437883289,0.834562340704647,0.8370286263943238,0.8686347245556373,0.8583975048649238,0.8604056008215489,0.9007840702175767,0.8618022615823459,0.8573347325633107,0.8520203124615432,0.769766689282644,0.8361970334536039,0.7140904546765611,0.7568515274778237,0.8374567414907491,0.8030793962243088,0.8238917487602757,0.9018335015289368,0.8741890096738597,0.7955657661021749,0.8647838853445672,0.8961455826545408,0.8068856030532332,0.9092812107743419,0.8227679212367255,0.844064007062557,0.9027829599019649,0.8466543557298094,0.7454671712654148,0.7146201327811331,0.780048170055239,0.7378472461640317,0.8813439245586938,0.8041473196801491,0.7848865266030911,0.8301082972885512,0.7130880659365131,0.8956296655349006,0.8812732774856173,0.8491039503880133,0.8208005239124305,0.826358452931466,0.8309747596173924,0.8761469225999743,0.9045162729039744,0.8832304955186101,0.8245361224723594,0.8984168959831781,0.8798698663017168,0.8418724163265384,0.8130797082026773,0.7908660063449233,0.8057638595459471,0.8642509211957665,0.7215995540407326,0.830899128475444,0.8737383586412156,0.7696637839336304,0.7744605395555909,0.7875415197175746,0.8302231185297235,0.7725810474944639,0.7999650464042674,0.7869677193080852,0.7957529687300252,0.829681145239806,0.8284336411594796,0.828666542063984,0.7942641267253723,0.8571392255539896,0.8238479413899317,0.8090956722504831,0.8627831570170004,0.7580166060676516,0.8136553691240325,0.8537711254043288,0.7373048471146418,0.849614889534768,0.8617591316498725,0.8034817304171802,0.7496706546389181,0.7623770678648392,0.6727244587133149,0.9094051764364001,0.7470908968852709,0.8822596615334866,0.7491370265316659,0.838975567460816,0.8713126720700147,0.8814658213209484,0.8449237142081224,0.7639069379395221,0.860218009948946,0.6997429633205867,0.8872601326186763,0.8375347250613996,0.931642849971098
0.7707068733466991,0.0,0.8955192785277414,0.845029178111486,0.7652116829414265,0.8252130383576395,0.8442258953702124,0.7625760733330275,0.6999524151829225,0.9121479268708046,0.8786212093323559,0.8707392144327898,0.8480160591189818,0.8248334046197515,0.8780709777852821,0.8249246938906721,0.8427970347281177,0.8081839642398383,0.7981051457186698,0.8034781010786463,0.8407144534975803,0.9384789115525048,0.7748463244480611,0.8895473542362837,0.8535990065566269,0.7015848723517609,0.795120848685038,0.7915492159279542,0.9118356446245445,0.7174172956079155,0.8017249474219396,0.8003394772743507,0.8761141408341805,0.7290119382648476,0.8288664353910998,0.8683381286146706,0.7896908902001005,0.7960270152693192,0.8491874919766329,0.8412914030601052,0.8906582420990535,0.7983825370678186,0.7250456645616451,0.8409194093202097,0.8228856476932916,0.7876335555667079,0.729121066056692,0.8269879486512294,0.8291665675687296,0.8051842979856533,0.7915133586941075,0.7449595666941223,0.8295545577785588,0.9177614894754799,0.8691097586530061,0.794016037170439,0.7773728816867796,0.7760227922695749,0.8664778621112408,0.8503668071172267,0.8106442592828529,0.651328498393393,0.7157387402028873,0.7877869096858428,0.7353110159488334,0.7198030997954786,0.7952471300269331,0.7460886653726678,0.7705573769160169,0.7352677836077899,0.7388147467482825,0.784962167499616,0.6809517754112613,0.8496288429158309,0.8396600808991042,0.7121909538785232,0.7810867757904686,0.8210472954968684,0.6811447577612557,0.6347412957146613,0.7972098055402395,0.7208388930863605,0.8554009018707462,0.7711130001672918,0.6820640531749104,0.8331872288573068,0.6523138102579127,0.6973184084520141,0.7646320411012427,0.806320018409572,0.7434608888827796,0.8078019826712395,0.8824349957039337,0.7553772185965671,0.7951268224662654,0.8714980744452598,0.7096463237598415,0.758708047024097,0.6261833349413589,0.7988672149898225,0.8325096111380497,0.6978258327226072,0.6423871330047284,0.8319051180757484,0.7120519855054522,0.7508112646913893,0.793894100792772,0.8120741263771116,0.8602780544775065,0.9159670219436303,0.8360710368982689,0.6936518426296221,0.7484481806154132,0.7559706062373244,0.7412130583341036,0.8033180382714361,0.7466215300409651,0.8325817279049967,0.851530912320896,0.7026991159123843,0.7772550039428824,0.6173474359504098,0.6905200065467763,0.8325887192127163,0.6809673239715105,0.8958860238324012,0.6866797663630749,0.8196143633297639,0.8772132851510037,0.8146315849513145,0.7915962331229307,0.7524068080661334,0.6844212889830661,0.7417124712951139,0.8704650196608181,0.8113970514021618,0.7973691475832932,0.8153466818479626,0.8463865331402425,0.7920188961272022,0.8362116295606152,0.8363458901672488,0.8465111102280438,0.7871965712508711,0.8630311681279907,0.6677996945137888,0.8055612264728206,0.8792748274485215,0.8406145166215422,0.732429199336935,0.7049682156923373,0.8755926117608905,0.8711738068616179,0.8999978356399607,0.8580461103197933,0.7942933083162601,0.8512436889230921,0.8399847235276775,0.8031502859341071,0.6862358472992021,0.8424916418379166,0.7248962306406964,0.8790672554300184,0.777790915087487
0.7595473485152464,0.8955192785277414,0.0,0.8080660051895295,0.8243027096169299,0.9033336205746552,0.7581609778810435,0.8247961968472745,0.6948722754967811,0.8831338517926592,0.901683938407783,0.8865608304785471,0.8700471550428374,0.7566996023645475,0.8354970351766514,0.9101411882517999,0.8628034147608385,0.7788118857974673,0.772638361675349,0.7836073394734194,0.9010118361107519,0.9471039416512314,0.7054827759145521,0.830972354730567,0.851705143137025,0.7755104083756487,0.7405916899496198,0.7382810570406131,0.863305211692993,0.7438329286821401,0.7977053262209048,0.8356127305510428,0.8427976811567155,0.7062799591951634,0.7649898240657423,0.9124020629486432,0.8298673661004297,0.8559734549691049,0.855573831474247,0.7743305119733801,0.8738658863529112,0.816350177640578,0.8178856255456614,0.8839325472730606,0.8377373257056058,0.7871209691044225,0.7937233311554742,0.9098238363828743,0.766715541671136,0.8471428295759368,0.81998010128641,0.8010134011887495,0.7296033314077742,0.9115938346212867,0.8808129839959812,0.7814254854127523,0.7673617181977535,0.8869870674416703,0.7821004066751521,0.8028374332034653,0.8317184847200174,0.7482382144075862,0.8279598841290687,0.7899875259717634,0.7127091884035485,0.7457512413886853,0.7615123151143087,0.8271720178717067,0.8419955005378764,0.8006372051054716,0.8079828076978463,0.7215494673212963,0.7000638298211423,0.8710156400958139,0.8823393653280375,0.644042704691388,0.8146709831579819,0.8465899175824951,0.7273832040041655,0.6431982561698766,0.8886254013153669,0.7330573905158011,0.8650032808851782,0.8369531689512217,0.7157528058780808,0.8537173295206295,0.7263223407499696,0.7067164044469846,0.7425612433997106,0.769453767728143,0.8101064381067481,0.7534925012873057,0.8741425250096607,0.6911483994419721,0.7543638730605696,0.9088143690722938,0.7529266798254761,0.7815934930865317,0.6215721155260492,0.7552770065164857,0.7575438774506199,0.7791785274360852,0.6940480956104612,0.8601377475536718,0.7577247628729712,0.8236932659457153,0.8585800017747804,0.8053715443966482,0.8260110627186034,0.8854288641637872,0.8241587644857205,0.7388864491987712,0.780492830016935,0.7774815763255484,0.7511069684708083,0.78336114554767,0.6973683853359961,0.8316544429053221,0.9158988419847498,0.7151158884284468,0.7903334753041366,0.7017203637973016,0.6902208562278702,0.8179968998053001,0.6160226088399712,0.9064205353706493,0.7214092491622665,0.8791039326208855,0.9017448596726452,0.8171934299386099,0.7993191791844637,0.8862899327995122,0.6801996547119692,0.7145914046386462,0.8807441524421884,0.7919852816144947,0.7994309744778108,0.7705720303557043,0.8211934948696643,0.8080962891314449,0.8069909480429129,0.8952571883392187,0.7548541411200604,0.8420916764915707,0.9079620053781812,0.7071308076420756,0.8726407452909068,0.8741402344307373,0.8688425236423134,0.7888927525518253,0.7045016632853864,0.7755992433625275,0.8334865465108505,0.8985735212446395,0.908126640867658,0.8086682318786496,0.7709809039967243,0.8881639821723424,0.6904182135103413,0.6804673521512995,0.8147369978433742,0.6578504571220485,0.9169605970627988,0.7625993971476178
0.8297049766518211,0.845029178111486,0.8080660051895295,0.0,0.7352744357396438,0.7606655467345984,0.842853050759034,0.8464868590195779,0.7262771372292794,0.7507230220472344,0.8913585837737249,0.7886499430993054,0.9206939043505497,0.8685669705680961,0.9250478784842243,0.8216027953240146,0.8347402646951143,0.8871067855829567,0.7580403385254847,0.7972396713112367,0.8164234726304681,0.8799200386029182,0.7935183128496868,0.8775265816270359,0.7782449134920675,0.8292300915962045,0.8893900527700511,0.843855603708354,0.7450850348244027,0.6938529701226552,0.8054618555448289,0.7808487230522124,0.9548534547439692,0.7659050133983573,0.8234772460790949,0.8600977104217545,0.8554776916641027,0.844960546572831,0.8487029168627965,0.9059879082414821,0.8738072559548234,0.7134405156181601,0.7793521761367377,0.8090557109097202,0.9038775575283737,0.8951251736797946,0.6630446313882261,0.7998617158015419,0.8343561091905326,0.8592842700973414,0.891568148284244,0.7864886614412628,0.8156888975228,0.9175010600003902,0.8653909146742496,0.6869016189045724,0.8491859594072051,0.7841183828542606,0.8497710004680452,0.9441943140440828,0.9067813735022159,0.7420398570476149,0.7988236905160637,0.717651916135412,0.7808290737112364,0.833051600460333,0.9512973284067389,0.7920843380566503,0.8095467675225995,0.8308435994324546,0.8359131565254612,0.8243479244841249,0.7657687291228835,0.9502284797108871,0.8534014579054398,0.7263690825714362,0.9075818596634284,0.7907421674211313,0.7872835189479128,0.620827532663663,0.7024101759572575,0.8225191497931605,0.7962435046695562,0.8319707970014498,0.7592850552459138,0.8635121903263456,0.7417604607899633,0.8062762328604677,0.8415661735009944,0.8563639570877873,0.833820164195945,0.7745773920024887,0.8483366066347828,0.8179090752476542,0.8929069291801138,0.7702479769307486,0.7563033723909354,0.6841899747026385,0.6141440845247863,0.9278252539289614,0.8600918838640854,0.7956146449295315,0.7468136713539671,0.7027028583576166,0.8185142143765383,0.8192179312067016,0.8528679803728165,0.7424982031569376,0.8903476452597583,0.8014835594501337,0.8332773505614786,0.7867609683598593,0.8422136709555604,0.8237115807366948,0.8723222587675519,0.868894336837826,0.6928237247029853,0.7570909289929991,0.7774309987924396,0.7870067183579252,0.8150082554138552,0.7616960797916644,0.6704142957374668,0.8630000370636709,0.6346503993513449,0.833407972644683,0.7795222510155694,0.8868530302846139,0.78251563729838,0.8819263114174131,0.6820101882047669,0.7579755349334187,0.8425729264378108,0.8105998452537244,0.8463362706600186,0.7444153247586592,0.7318461837581146,0.876567925242984,0.8664323555868004,0.8308946203471621,0.8742087207586854,0.7471867631560157,0.8880583623488669,0.7709525553844544,0.8298630425679883,0.7111162505234315,0.7871047480616202,0.8386698411951341,0.7051697060658499,0.6170986953044468,0.8218776025124094,0.7355276793246974,0.8897487806079046,0.8271612926330142,0.8068894516490603,0.8913608992405184,0.9192034744770156,0.8434781119183526,0.8778349621134773,0.7880621401052703,0.7713882689782929,0.6815132675420084,0.7987046010620535,0.8449592507345928
0.782680674864429,0.7652116829414265,0.8243027096169299,0.7352744357396438,0.0,0.7752910240143437,0.8225863590817148,0.6702804760109959,0.6738801956146799,0.7105634723915659,0.837010589799214,0.7888415496275448,0.7898155215174589,0.710837170049252,0.8079990421864865,0.8464829971080768,0.8311517771159204,0.7766341474616041,0.7068971463514464,0.7166345517950815,0.8461309655826564,0.8383906417529118,0.7291083132061232,0.8384656622684505,0.7389165523521126,0.7939332469080951,0.696885490481578,0.6925038112305265,0.7478992563289203,0.8223504901278368,0.7123625448864955,0.7647793318629483,0.7613209753724903,0.6784718294982938,0.7394709332078677,0.7655818222596517,0.7950630066895069,0.7719849547182656,0.7769820113146372,0.7840952743140839,0.8056766228490789,0.8174079462920808,0.7848619040523269,0.8887153526260874,0.718622568571152,0.7652334613958748,0.8751394027019431,0.842496273574727,0.7852600798620514,0.8158118684894183,0.8328216054442763,0.819650062051742,0.7240270920996512,0.7869118691099122,0.7725134802693916,0.7607190333368585,0.7835833912017446,0.8157621716749599,0.7179610961747472,0.7728185352837643,0.6782081715635089,0.735486899477727,0.7782350748993768,0.6969898316738146,0.7332162595176643,0.6961145500260674,0.696574470578084,0.838732800943896,0.7361724057041249,0.6908683430616946,0.8113060200661667,0.7205169375416286,0.6582380828715428,0.8110041597065156,0.7359741492462183,0.6677928364123248,0.787149300419774,0.9252348530412173,0.6774730961087888,0.7749860292622773,0.808217809256562,0.7133318996653774,0.8880542162462346,0.6944527299679106,0.7173440825129832,0.755602492245301,0.6344322929462921,0.6934579483657564,0.681160448056897,0.7195889004307089,0.8957124816241403,0.7139090015216347,0.8604965139553131,0.7133145372993439,0.76326800803714,0.7712901762947229,0.6181646258323513,0.6669457425912355,0.6853197958038195,0.7008235430758787,0.7131476366319784,0.6746631469140066,0.6612518795787963,0.6851155453828965,0.6915927095458315,0.8037012436149131,0.7425786694608311,0.719714970348613,0.8173157453291172,0.8227873624830385,0.8075447882715358,0.7648039156185762,0.70745048449977,0.6794347189233578,0.7393172788162564,0.8116009480731107,0.6719916075951659,0.7711759045376935,0.7870204082968588,0.6792736714605656,0.9342534205719272,0.627374572762163,0.6887735965100711,0.8692770736096127,0.6542208765006337,0.7784336968113876,0.7030515973811378,0.8104353952098403,0.7317520875326539,0.7666360737842202,0.7030262397908394,0.8015361568453356,0.6460258515350568,0.7148377708545277,0.7303118118845779,0.8341607142902798,0.7967774931919189,0.7903843014095339,0.7156102362103292,0.7666101317423659,0.6772352858485944,0.8165697127700363,0.745440730532932,0.6999650897258116,0.8394033281425707,0.7143707816744641,0.8508150070259037,0.8098323161702813,0.7114477065163711,0.677785669597849,0.6753895737671547,0.7206098190990872,0.7846054402026603,0.8264483537419394,0.7827071477720313,0.7232246090021037,0.7633729227029359,0.8659863016702928,0.6866554174667518,0.7506369678689357,0.7118694160580599,0.6937337673385183,0.7728034443264807,0.8596779852210451
0.7971092924081644,0.8252130383576395,0.9033336205746552,0.7606655467345984,0.7752910240143437,0.0,0.7173837970356114,0.8385931022459922,0.7661804011206309,0.8011107653927007,0.8818757631379456,0.9076894675972035,0.8461328156026218,0.6716384529934117,0.778047308871979,0.8985163972782123,0.8310158916457735,0.7328056626175095,0.8465427288848174,0.7936591134962447,0.9022558522603848,0.8768260075005766,0.6605820399380182,0.7724261424382048,0.8534060818038574,0.7132449037859344,0.666774527571743,0.7374814259227024,0.7565552124789695,0.8076681830750254,0.8408321443434797,0.9003499908331485,0.7584697684473675,0.723123669380096,0.7308415441272078,0.8275727360119732,0.8395955223009822,0.8005395801407101,0.8736079139702663,0.6849408686625408,0.7542833934477454,0.8554089360747429,0.8261170481154444,0.8690196070500623,0.7940112400736188,0.7649761213020326,0.7373567007724438,0.894814899652512,0.73999674192259,0.8266822114162266,0.8475395721914978,0.7886886374979671,0.7294851286930353,0.8779549629980877,0.8532058779981687,0.8110118685288128,0.8076755776373152,0.9251978229712928,0.7148663395178907,0.7766407301186529,0.8648213656205501,0.7927639224296514,0.8625717416722465,0.6862460451680438,0.7558264047155868,0.7982281121976881,0.7346221883779245,0.8152309928972791,0.7544671803315759,0.8243235937232941,0.8285619370206071,0.6586430856471028,0.7281788661796865,0.8509028279829733,0.9014890800967797,0.6943399219643756,0.840368061770501,0.7752498678953841,0.7081949282971512,0.7089324587592487,0.9091108136751321,0.7881563031095296,0.8562652867984378,0.790397207445537,0.7547208578855479,0.7953792102087016,0.8116115993628565,0.7228529592328631,0.7649562653059694,0.7749100757216767,0.7877487230725366,0.7861759328145885,0.8405698819808807,0.7571182514968807,0.7267527460767425,0.8577205448688837,0.8204110007134586,0.7533077598623554,0.6107612548070533,0.7316542784096377,0.7290151711302367,0.8359643890283005,0.6894319880181995,0.7717216664502842,0.7849009935567771,0.7887282288271651,0.8761576373996041,0.7477812384312854,0.728807237634414,0.8649209462551913,0.8649384710291402,0.7245051420016215,0.8384193563785588,0.7938764985819851,0.7163150884266029,0.7436377079596111,0.7305593922996487,0.8268677974502328,0.8465998710726091,0.6707931373720307,0.7414025078816459,0.7162586557857614,0.7008893781397676,0.8372700253627993,0.6535599287289067,0.8533388667856179,0.7396449270317698,0.8568668718203928,0.8107748600787654,0.7053379393890803,0.8150320073775166,0.9466380170664999,0.7191229146820923,0.763761365803423,0.8768138865830509,0.7633847403396525,0.7847007413529219,0.6711369987547606,0.707294082926236,0.8377829381079811,0.7408149815535477,0.9044213010817045,0.7669858869277505,0.8323045630342508,0.8576733793191297,0.6893239525350332,0.8819109302594812,0.8236269707341916,0.8108276491174828,0.7448205091798288,0.7699889166597217,0.7710908653395646,0.8242582321719402,0.7595474937390587,0.8786866322689008,0.8294825663868123,0.7766906507692884,0.8742046939886977,0.6298009747914358,0.7382411652212273,0.6838532082454566,0.710534402482554,0.8961818894240097,0.7785064434498133
0.8025785460552648,0.8442258953702124,0.7581609778810435,0.842853050759034,0.8225863590817148,0.7173837970356114,0.0,0.6797027529728293,0.6573240911802042,0.7887969227292349,0.8405960402783275,0.7851331247811696,0.8416445895074783,0.8361024471193498,0.8807901859431644,0.7919680579765647,0.8129674957803957,0.8406101542368911,0.7309037170709293,0.736525125697954,0.7743180503559892,0.8236228430343333,0.8632944048343237,0.8889411594293949,0.7877763361485466,0.7549875853194676,0.8292978029501309,0.788922588338347,0.8020548685768278,0.757536033446156,0.7542265597276987,0.7963329797405286,0.8361786059484748,0.7582377559907875,0.8062353842647099,0.7706363089460725,0.8222499110207602,0.7285469337779887,0.7871747811376504,0.9023693137891518,0.7976596099755607,0.7518751851922533,0.730406826520851,0.8300836307522472,0.7818865164196898,0.8221597022074028,0.7579854308185225,0.785743199850014,0.9218353725586078,0.7828027094924258,0.8503201730354978,0.727464596660202,0.792390144285455,0.8246484402696039,0.8357590872585835,0.7480743273269818,0.7937125667167775,0.7201373043148381,0.8763580834166339,0.872577247690037,0.7305670319111662,0.6777927115413551,0.6802431472416709,0.7077716305500291,0.7441763096153886,0.7179693055697001,0.8301904936554938,0.7905714008091806,0.7323692686500962,0.6906929815034333,0.7496650167656621,0.8306924964898156,0.6768838986004864,0.8598966184843767,0.7179319929369806,0.8105040546453909,0.8469713530134636,0.9008745766796836,0.6622680490811023,0.721502275289261,0.6941538214422471,0.705549272564442,0.8498042528468822,0.680182477383715,0.6957826400311216,0.7353552759503837,0.6243093741937157,0.7827347397287014,0.7909938524018342,0.7707386687314841,0.8105738894742983,0.8065429084792979,0.887242185297268,0.7994525124702125,0.8245416770400413,0.7725144670340326,0.6051330664601294,0.6623361925644925,0.659117317648969,0.8412786787110533,0.8533145346699641,0.6825352362992166,0.6873663543025818,0.6904136306148099,0.6854164945179114,0.7557385842478164,0.7453008633192051,0.7323387365677508,0.9000316848769375,0.8466827670634067,0.8547689098519408,0.7198886109217854,0.7455954159360516,0.7140816080190302,0.7609434011922683,0.8186220708444407,0.7258123735817299,0.8171685215395956,0.7541279818124714,0.6996371929673264,0.8395103542749629,0.607664575018653,0.6662153729889794,0.9040403219660941,0.6625909957190477,0.819495323301713,0.7094606111136077,0.8117133258521525,0.7438354574105758,0.8144811627190741,0.6753360322632328,0.6712652269814963,0.715627259213318,0.689272078428802,0.7404163396706356,0.7830259097257978,0.7712103589076679,0.8663941347626117,0.7870899717809409,0.781640456643434,0.7679849800454753,0.7791452332276844,0.8705240871088887,0.6764341973465271,0.8228839149361887,0.7225980101889642,0.7300473957787073,0.8560837214290699,0.7077236742223868,0.5987843408272431,0.7131613806062324,0.802812925535691,0.8113563084956977,0.86739493457294,0.7627236583902995,0.7697244259700156,0.8929754343769701,0.8405652918539496,0.8621587692485788,0.8375314727151555,0.7832197899026655,0.7380327355847536,0.7609152358878565,0.8219097499041617
0.8073318306708889,0.7625760733330275,0.8247961968472745,0.8464868590195779,0.6702804760109959,0.8385931022459922,0.6797027529728293,0.0,0.8113742628862146,0.7494564872639423,0.858623395684932,0.8358694506909409,0.885386159453802,0.715780088038949,0.8271020409960979,0.8560143518296682,0.7754289418134244,0.7986274774650626,0.7871257404838367,0.8152137320720977,0.8036137774640643,0.824513489638769,0.6914421329739177,0.7423244702738402,0.8298654143900446,0.7821676898731402,0.7850761393524966,0.7785544752415211,0.6900828729957026,0.7344056113522522,0.9072724991127052,0.824785217440126,0.8300531689588669,0.7528322728362264,0.7630355010630543,0.8640575129878505,0.8786982215088941,0.8942473899972446,0.8634243952715184,0.7107346873920685,0.7690259501337622,0.7012420653873955,0.8695972028732654,0.7827021977299501,0.9215134313264266,0.8386938970344526,0.6441786826984864,0.8300495912302731,0.736484972093502,0.8367082180712175,0.8296479073292657,0.7418484437804957,0.6720505816664055,0.8442425196220306,0.8543184411090625,0.6878899322676867,0.7999930717369639,0.8890648634107886,0.7144535640908964,0.8256592782535764,0.9456418202573016,0.7972655908888141,0.8711415224925504,0.6954289389611483,0.722137433114188,0.8407019935652501,0.8275715972768104,0.7947866795238356,0.8426264068227055,0.9727922953579482,0.8418810681163434,0.7226616433406792,0.7398665828307435,0.8675188339369836,0.9085737973944403,0.6884660085067256,0.8591310663118482,0.7018863993838549,0.8473168790011992,0.5766724839827386,0.7261623414935772,0.8191439575531455,0.7702229202592864,0.9085590639471823,0.7574488872879581,0.8778090772978021,0.9210312206646464,0.8063390496727899,0.8606529246206319,0.8325912811299658,0.7870628118486844,0.7589784898770979,0.7870907608857024,0.729274861800115,0.7228140706432662,0.8273698980203447,0.8539433045099435,0.7370267779893597,0.5791498768573721,0.8087324574500594,0.7816398219989108,0.9372161871139563,0.7913716693036954,0.7833788986569129,0.8851524337471419,0.825460400831809,0.8842448328009364,0.7417218075997398,0.7477851041962685,0.7454762822459992,0.7768983924505916,0.7730770336913934,0.8286078638563306,0.8965290399450287,0.8143922871830461,0.7518493517011383,0.6809816517718948,0.7789134324129527,0.7477334632351705,0.7601888920473937,0.7047687903226717,0.906224679142489,0.6512979409578906,0.7798113110530511,0.5960347415952439,0.8410910777226581,0.7166983957471104,0.9117119877397069,0.7862789918252415,0.7972478986501462,0.7665457202274957,0.8368002995964022,0.8547222388857147,0.7640001442886575,0.8818853894790429,0.6790146095427243,0.7553851330243676,0.7326112082397648,0.8061661273614953,0.8971684294206981,0.8452538127427657,0.7736628109248009,0.7415382893562359,0.811732254570706,0.8293751941144826,0.7291348578303952,0.8249189921690222,0.7789528560483167,0.7735125980155236,0.664246416358492,0.8729556565728004,0.6922141389930033,0.8133054359801711,0.7374251008377906,0.8644891096421958,0.9368086272645321,0.78636110149313,0.8196905487448415,0.6867719727039531,0.7138625331456776,0.6800637013711988,0.6592741762956335,0.8875119298058798,0.7494532698097073
0.8264075660378682,0.6999524151829225,0.6948722754967811,0.7262771372292794,0.6738801956146799,0.7661804011206309,0.6573240911802042,0.8113742628862146,0.0,0.6398524492805465,0.7551064987343694,0.7273955532771325,0.7593537294754193,0.6891351215887455,0.7500939631549811,0.7252879017351883,0.691409682288678,0.7590235032907631,0.7246682034391523,0.7593161210202308,0.7130998197186585,0.7653693075082669,0.6329962591421159,0.6677417491024263,0.7246113556606586,0.6546258125562017,0.6984590094498474,0.7003085618573518,0.5988445367370446,0.7621621908990263,0.8303591413407245,0.7412652048581694,0.7085705853690933,0.6544571481021485,0.7585475734812668,0.7214538461947573,0.770989939715072,0.7759727553859914,0.749283728028442,0.6346198475609411,0.6531511573624743,0.771313763652401,0.7373545057618719,0.7074026774624447,0.7453444403548328,0.7131658414645624,0.6212351338920481,0.7072937420490049,0.6795470445178485,0.7719345379237955,0.7565799996103695,0.6817682694614604,0.6981466394401478,0.7231497382290044,0.7074655444410477,0.7489610493182606,0.7569665852185479,0.7817550947276565,0.6626321488689584,0.7377681568972227,0.7804066080732073,0.7510954756924102,0.7638567346286678,0.636476212881773,0.7646776023625992,0.7420155362660952,0.734692576944989,0.7477345932319117,0.7314604609629012,0.8345380707648486,0.8071120013970611,0.6785059294751817,0.7516080178166001,0.7491094936453937,0.8017623721028759,0.6750419729467124,0.7388482361382938,0.6342667482868788,0.6849408380715245,0.5737277737102231,0.6543460298048515,0.8664040943667756,0.7444856140674615,0.7214126178200916,0.7123614401031746,0.7665121553425241,0.8138471922037408,0.7691855266181865,0.7438756510844671,0.8115368368878849,0.7681994603728921,0.7984349659935408,0.7107422296791719,0.7141541934491276,0.7464690806978229,0.7211544830465,0.7709355256199518,0.6525176690167115,0.6754996942383892,0.7082356971534592,0.7028453658249126,0.7600751120014061,0.6914503956233035,0.6428591371038151,0.8205085946594897,0.6950282981158421,0.7102218849126631,0.6539832356738103,0.644387645293879,0.6740698684694584,0.7061769682944408,0.7333318536043546,0.7824142448871587,0.811435973392942,0.6997301414468898,0.708043119066534,0.6474691918287829,0.6958892510490002,0.6341362712619691,0.7759333378071754,0.6981913403162543,0.7586129708152588,0.6334842423406298,0.7197295179021813,0.7355139949851136,0.6802395765034954,0.7171279136034944,0.7597824869938736,0.6325640087565197,0.6844187808465025,0.8082837993074894,0.7605655300936215,0.7696836345400045,0.8586271162403865,0.7576976847040354,0.6894579076114365,0.6817099314320316,0.6580394471735203,0.6594860301042411,0.7868712122010654,0.7082609203172532,0.7284136392461701,0.7675193440323578,0.7728170716569015,0.7058219366740862,0.6901570132805661,0.8225716171570059,0.6565082062108827,0.6604275544271868,0.5994905543763308,0.8136653135032568,0.6633662196723544,0.7700645596882442,0.6459994213885967,0.7065088180658545,0.8242382682048746,0.7280731910204576,0.7088402459225225,0.6516277100143009,0.6882440326764474,0.5725297511364928,0.7243343493284456,0.8003982344026548,0.7792813906823801
0.7075365710097449,0.9121479268708046,0.8831338517926592,0.7507230220472344,0.7105634723915659,0.8011107653927007,0.7887969227292349,0.7494564872639423,0.6398524492805465,0.0,0.8414728040926333,0.8612395859539652,0.8131497763037414,0.7694708050422349,0.7853466945196527,0.8288926845757829,0.7946956788209609,0.7496618935644593,0.763208152155157,0.7526341330046314,0.771307221504322,0.8509129060869371,0.7599998876314681,0.776910354074334,0.8949581888336969,0.663456028923299,0.7746232884079425,0.7550384621999189,0.9514747508100789,0.7200648901326803,0.786906430056948,0.8321132373282741,0.7784289434571999,0.718279931686373,0.7653840601255045,0.8428173594131224,0.7808466458616689,0.7693357100991025,0.7956434737951322,0.7506905778422684,0.7823751027727055,0.7443257087078936,0.7323852938616902,0.7918410452366254,0.7942794002458933,0.7276475549127422,0.7161014737038184,0.8238190001243767,0.8136665841055931,0.7377511139625721,0.7285144997410089,0.6587200825514116,0.6949612906368875,0.8270964845355837,0.8816379680632754,0.7430145112277973,0.6964218128657558,0.77128161432658,0.8288573883595646,0.7653361325701408,0.7646676421660074,0.6359340209515894,0.6730093725529999,0.797861486928142,0.6372725971577126,0.6619039539697876,0.7230272711697356,0.7225950888901703,0.8019939635862078,0.7364245540572726,0.6659672172704482,0.7481533482479946,0.6358299536738863,0.7838380391915898,0.7943422279584089,0.7084288124019505,0.7513247387578538,0.80136295742767,0.650428949741952,0.6095568402203129,0.7636854565093991,0.6233116252397755,0.8016180241188972,0.7588403504868486,0.6382397474783537,0.7541755720812474,0.6618479879948175,0.7044500385806064,0.7669637195551747,0.7025252720479208,0.6946085294504905,0.7562769992005357,0.8583117906007824,0.6676673183783906,0.6802727870008868,0.9020108387357848,0.6515182459348057,0.7613932965100826,0.5963833964498787,0.7330687130476631,0.8047213599798675,0.7156661139588179,0.6519296778369834,0.9083863415752153,0.6753023435406149,0.7135202482392815,0.764322375461188,0.8139982449836166,0.7911583751540936,0.8529290766495454,0.7839360766466404,0.6451187540699771,0.7008915124075427,0.7712387361287685,0.6796704246987367,0.7023777703573231,0.7332731293038596,0.8916258249401662,0.8370638395879374,0.6751883368053502,0.6824157861443296,0.6163713153026003,0.6453337618003457,0.7608620406726976,0.6087128783941875,0.9133789711480438,0.6254783270332896,0.7875065643636702,0.8929970390629125,0.7692358630101795,0.800733059591015,0.7113659500637995,0.6577026647426674,0.6125403533296953,0.8089510179716579,0.720491424756378,0.7851966323144447,0.7403219813189023,0.8222078337626112,0.7737604647102511,0.8154603887776682,0.8667473959861058,0.7252446141983679,0.7559865970008993,0.8520991312103242,0.673668386356355,0.7130709426977137,0.8550624449350858,0.9073599143371626,0.7628354338365267,0.6570336369383858,0.8720562913742249,0.7730963053609538,0.8662821026183095,0.8510794079686903,0.745166270963635,0.7649872209242669,0.7967268813268447,0.7209327434719313,0.6721388630862054,0.839521239659104,0.6870364216831547,0.8661565765940302,0.6702315195371008
0.8798639789296352,0.8786212093323559,0.901683938407783,0.8913585837737249,0.837010589799214,0.8818757631379456,0.8405960402783275,0.858623395684932,0.7551064987343694,0.8414728040926333,0.0,0.9165488596468947,0.9495345744714144,0.8083942641634319,0.8966417955271759,0.9606944889069691,0.9159240580985591,0.883157670542766,0.8518789790369273,0.8608316546545854,0.9021619253582509,0.9283193897650682,0.8115880694321629,0.8857439701527515,0.9062476927466925,0.8187664861787686,0.8404371943838653,0.8635212352814347,0.8401846094057459,0.8369191568385106,0.8747586334983258,0.9038859923616739,0.8733747315427282,0.8019013518601531,0.8569907942580702,0.8983146302825556,0.9313986136987299,0.9176531438973234,0.9181063406030484,0.8376157666040649,0.8598190633293933,0.8103577636630986,0.8765296651236786,0.9255845636729719,0.8926491275935298,0.8674995173336766,0.7404459721813602,0.9412866281338325,0.8899472351523156,0.8900223002879337,0.9098473445651422,0.8092772444981802,0.7696837408044704,0.9242387790753965,0.9489699269220802,0.7470597502857804,0.8834688033153811,0.9197408485840427,0.82499855804145,0.9017745235885545,0.8905362177829883,0.7589743742105642,0.8561255648395438,0.7679110104869667,0.7658685353996141,0.8181402760909423,0.8398282002410236,0.8386299151959755,0.862685330963925,0.8784069224970942,0.8425389118451697,0.818454879458712,0.7564443260963011,0.9412712500240557,0.9202910474478002,0.770367784116569,0.9218234553034506,0.8756214287721612,0.7878643876580955,0.7169543873736764,0.8198453251244323,0.7764856461397004,0.8883745391331288,0.871217872340038,0.7926424192589918,0.8736402470709682,0.79724142957506,0.8077278335097791,0.8560758004968955,0.8078131641945422,0.8861721255898739,0.7812820497381207,0.9522179907704436,0.8193667841956946,0.8159480198585372,0.8781935426452621,0.7437524363477076,0.7444007899537756,0.6469734531744494,0.8317772662190895,0.8777004392604102,0.8399380015990411,0.7477475299184171,0.8026331774041627,0.827340817084982,0.8513032601891097,0.8850801629887254,0.8250262448706579,0.8583792611013402,0.8921404669754377,0.9078734028161933,0.8103094243015262,0.8402216364091576,0.8888591279599025,0.8412606450242612,0.8505917154104635,0.7662415405493741,0.9033967699126356,0.8643839668469004,0.7655123963923242,0.860659635787134,0.7455636329913292,0.726818184513111,0.9153898120718372,0.6854982660424809,0.9309729338591901,0.7262873206892634,0.921215171382307,0.8658067345173228,0.8457389102626615,0.786794532599289,0.8566403788766713,0.8305458976347384,0.790952379755051,0.9038214341669607,0.8071691843501094,0.8538090999382405,0.8345085159656719,0.8596828998441302,0.9150408074439208,0.8514247803330932,0.9036423291999155,0.8224736270453374,0.8072334621794944,0.9507199702395254,0.744612367107565,0.8469956681856136,0.8849262046169433,0.8320299047527085,0.7376679503851028,0.8370566473331158,0.8352562172047872,0.9178000752831716,0.8338824133611386,0.9144198235935653,0.8936580634969478,0.9155334266313885,0.9181315610403585,0.7910372797195849,0.8280561676202683,0.7667339063797021,0.7740442431518892,0.8875052598568414,0.8868272430754083
0.8162269293439127,0.8707392144327898,0.8865608304785471,0.7886499430993054,0.7888415496275448,0.9076894675972035,0.7851331247811696,0.8358694506909409,0.7273955532771325,0.8612395859539652,0.9165488596468947,0.0,0.8519990162778103,0.6844747061705106,0.825513408449019,0.9280364218527432,0.8793530225957606,0.7808583243245111,0.9308808407002482,0.8627871105257962,0.9192887624200979,0.8665496186321091,0.7827322449597086,0.8473758315963873,0.9414711525651095,0.7297856549698275,0.7363291405598861,0.8197393101144824,0.8206033704165232,0.8476598668594307,0.8951367429625114,0.920802386216027,0.7813344551860595,0.8324871829075787,0.800443288529866,0.8783427705677069,0.8535526092352786,0.8330945332563691,0.9245855011009491,0.7435152350967779,0.8142234210840447,0.8188526875325323,0.8637849768423221,0.8977067199266586,0.8544190532258688,0.8227588889325018,0.7520701884241656,0.907323164998625,0.8475586171831742,0.8514280011215903,0.8554857547543246,0.7811071079973171,0.7277748694566123,0.8922722782699399,0.9167583694755191,0.7609435483242013,0.853408191058796,0.9246485097708285,0.7722373193492533,0.8415682666698574,0.8327079288481025,0.7123066390149202,0.8121438527815404,0.7524289037973132,0.7462486555819348,0.7883926350821893,0.7354049607192029,0.7568639720577106,0.7773964002855732,0.8137568452603664,0.7693045316415157,0.7312891332878758,0.6936492158339279,0.8632747221836244,0.8837329189718772,0.752534267199232,0.8452703612219172,0.8153450639404246,0.7587052981106277,0.68734221143404,0.8211793870594915,0.7447882059425353,0.8515301622420264,0.7917490124243082,0.7784291900930678,0.8297437224035702,0.7670354243054468,0.7461392608830817,0.8273858939881295,0.7644464250329881,0.7925389017371649,0.8158691601710228,0.9122676678182493,0.7943619878960692,0.7072032406350423,0.8722320202763654,0.7527518055951025,0.8131903163635632,0.6140412158817317,0.767218697888679,0.7881135010209513,0.828587003971926,0.7308612981024398,0.8680166592177082,0.7796145414655167,0.8182115904494496,0.8946256712833083,0.8332925589447657,0.7929850088427117,0.9121275565606524,0.9256702784741349,0.7642141737112759,0.7604459441749861,0.813473856478644,0.755795365610689,0.7714081638862424,0.8073208861302887,0.9308427621354587,0.8594037240920674,0.6507992793407313,0.7724680788956542,0.6837742777322163,0.7318150045899812,0.8654279119238586,0.6391775299006691,0.9170346283446611,0.6855705254368397,0.8771814684018509,0.8891936457904711,0.7397041556253033,0.8084517171346756,0.847379711592605,0.7203790883574395,0.7264552751836931,0.9075509140581088,0.7561353362264126,0.876358607499876,0.7405777206886665,0.8009403249869536,0.9189814476239905,0.7568864831980028,0.891713230303197,0.7842769950914046,0.7948777512590802,0.9082387262041005,0.7361239154234381,0.8402764135081093,0.8433620478872924,0.8949191232941788,0.7814429243510456,0.8067006633440319,0.8327337874003299,0.88701466878407,0.8040693485491025,0.9599496078327082,0.8283460798772475,0.8227023853517336,0.883620898626195,0.6741532011735678,0.7544411399744849,0.7067176657667503,0.7525311750034406,0.9166674239737321,0.7944998034327322
