0,1,2,3,4,5,6,7,8,9,10,11,12,13,14,15,16,17,18,19,20,21,22,23,24,25,26,27,28,29,30,31,32,33,34,35,36,37,38,39,40,41,42,43,44,45,46,47,48,49,50,51,52,53,54,55,56,57,58,59,60,61,62,63,64,65,66,67,68,69,70,71,72,73,74,75,76,77,78,79,80,81,82,83,84,85,86,87,88,89,90,91,92,93,94,95,96,97,98,99,100,101,102,103,104,105,106,107,108,109,110,111,112,113,114,115,116,117,118,119,120,121,122,123,124,125,126,127,128,129,130,131,132,133,134,135,136,137,138,139,140,141,142,143,144,145,146,147,148,149,150,151,152,153,154,155,156,157,158,159,160,161,162,163
0.0,0.31095065824562695,0.275141755829387,0.3080984086914641,0.3165487407810179,0.34307661505357584,0.30643788697951135,0.3013892747321028,0.4046335308636533,0.2745574651804391,0.32799183971006424,0.27466766755595845,0.45648323626011433,0.3361215048049728,0.35626782589841133,0.3521145877862527,0.36331422113679096,0.47953695202676827,0.30170815868361783,0.4850835169798494,0.33946296617431176,0.31731099082913305,0.2933604982098807,0.3300003663789935,0.38684721401900635,0.3117548985975944,0.28214166604134905,0.35938426858970357,0.23550767249197768,0.2985056445961354,0.36156265132524407,0.3682176265572469,0.30915908401016645,0.3463885835821603,0.4331914573146783,0.2859516208725418,0.3928959408324664,0.35445823830671747,0.2615185842379507,0.3766539281043254,0.28829509872821524,0.3388542852459081,0.33331169842716013,0.36745324610605684,0.34808922355257305,0.4312158367288698,0.2986626950025022,0.29868368750521196,0.35605015401322293,0.3647009044674466,0.38314825695357707,0.3875838557064633,0.2924303758188224,0.2780403519073266,0.269660344619333,0.3489078242431057,0.4590224925250928,0.3137760087196593,0.33668772653852513,0.376066391823418,0.30000384698975313,0.3074764817857326,0.3313473735572777,0.2607796874209225,0.34434533290722136,0.38904400112964227,0.40526724864144403,0.39144041176028027,0.2939856231513148,0.3552670335242164,0.4689352429366218,0.3443705067287762,0.3884537557816785,0.37109530363335524,0.35611596092978276,0.38307265227419107,0.28542768880394953,0.30011663889349544,0.3602554886356659,0.31211318117003894,0.34074370634093376,0.3758381899749212,0.354667430553769,0.3460355747233326,0.3623649483510136,0.4195923344367732,0.32463353005216516,0.3748147532831521,0.4146635524401336,0.36404753044480975,0.4006595680880896,0.3540775460754531,0.3255295256700801,0.39458050444155857,0.35700986969429077,0.29189375042663424,0.24684089438975068,0.32026812700988366,0.2774589237957158,0.4638768621834091,0.3346355874159127,0.2614848707267093,0.31282886648353864,0.260729120866714,0.39061710720382314,0.4082644400180218,0.30978802075961226,0.3474724399429223,0.3512196268003694,0.3130029636287726,0.3229216782633979,0.3550408517477386,0.41454412207321206,0.3219553135227253,0.386819505276972,0.40991644455961035,0.38145433683904295,0.2866745000988203,0.28100184705084114,0.32118421476512343,0.3633964109200373,0.2722264007677672,0.3638072990361891,0.46041019921730053,0.338079125026737,0.29431702571278484,0.30325246806504247,0.2759351821628176,0.27763642511418324,0.33853585358808175,0.3040991109862792,0.3151925461469974,0.3281213084774823,0.3662858519798223,0.2969223155724972,0.33346725199532345,0.3633278426898807,0.35696014581549973,0.31598822791535874,0.35902995110323016,0.2932411472755971,0.315040327235229,0.38958251681218364,0.28297301487811705,0.343755388546071,0.38519334903635055,0.327625135266541,0.30928911758787947,0.31842991163667944,0.2243029711659497,0.44024826477829854,0.30455838764452947,0.30859668769865123,0.2465638216435913,0.358606618242518,0.42162937465543626,0.3377980544307314,0.3773430719367586,0.35169220135354284,0.3680674875730953,0.2709232417651002,0.4222436558016753,0.2804072218880037,0.4869322682257773
0.31095065824562695,0.0,0.36639594045347706,0.29766319721547696,0.29247598750777054,0.4073632218883678,0.32179099345234635,0.3508257244322042,0.28731801680449587,0.4159762366202651,0.32631537496949375,0.35741908853451476,0.3323210689737138,0.3270445876756283,0.34829800645600856,0.33526826971465257,0.35598847601541495,0.30239925648715194,0.3323701058898044,0.35343883428212913,0.3486668957863041,0.4693393040522217,0.28768074422901674,0.37390160882204726,0.39811314390807784,0.2434274683526435,0.25432792841557533,0.3251086523411981,0.32331312304843945,0.2525288434895238,0.3490300950357908,0.3444870403071274,0.33945435662561346,0.2935674944781904,0.34280500247286666,0.31991417749171186,0.290693898921033,0.28729887520446074,0.3237296014896384,0.3367659844070325,0.3454665484920548,0.36121520161989257,0.2603158181343041,0.32106494641189426,0.3712357135442984,0.2889519323535456,0.29262558851124615,0.2959512521587817,0.32640768645956025,0.29843574328343103,0.3010370806612864,0.3056975819742824,0.2879363720873538,0.3814419476530951,0.3116511008424352,0.3237545883030667,0.3046215421333241,0.3037459004974669,0.3642905804407637,0.32022763103112034,0.32428898303211945,0.22599355430652815,0.26392463778408576,0.27639436331478023,0.2734680978854329,0.27441210176046604,0.29650511894820325,0.292039233009593,0.27430489928246765,0.30575210024215194,0.29719109275740446,0.2981930451813113,0.26332488932401354,0.34608729764790713,0.3534378137399665,0.2655185219899655,0.26664500723586326,0.334924700735874,0.2538021107613617,0.23760350411775727,0.3025504985120691,0.28736517420489577,0.3843485324287726,0.28101163925222294,0.2715102323459354,0.37740183609616706,0.2486514594391795,0.252163563160855,0.2855185692086291,0.29868238580318834,0.2628124469742178,0.32054715888427343,0.3322315341836458,0.28144590495869204,0.29927372786533873,0.3775356141277949,0.2526676641482945,0.349807507439512,0.23283724508315357,0.3391386331927733,0.2899637260543173,0.24702248480851108,0.22433785301016562,0.3160392019918328,0.26926761479479183,0.29733255294559474,0.29124802082636647,0.41791237419359883,0.3254630825393345,0.4435201487653846,0.3217138032902957,0.24819673468157855,0.2844078542752554,0.2605812969577035,0.2795066174953512,0.382069081245712,0.31620475725419,0.27610572889630386,0.3669466990772365,0.2553981850552222,0.2858863715882397,0.21896549850879482,0.28626336780615785,0.3513874214480505,0.2583350350878489,0.3673430373972257,0.2663030876579494,0.32048945488816627,0.3902427733362158,0.2841419849068594,0.3259985118340804,0.30556190659010407,0.22788675851245555,0.3019200099815674,0.33271618585169843,0.28341410504989706,0.33058778974878256,0.3101895911184298,0.34675457091969564,0.28216559207376873,0.29335494713078547,0.3400892614780858,0.3586644511570332,0.2833338927818165,0.3219417822202618,0.27861431130097525,0.337388799993168,0.32452276513934963,0.4071415934876436,0.2648228747262625,0.2691372028038407,0.32124885738900655,0.28904608685909094,0.35390760446000125,0.3521006466783394,0.31410977758314873,0.29262335617658586,0.3725700511896831,0.2796038158423793,0.24891101898974388,0.2984389884888445,0.3050976847772064,0.248066493279987,0.29980454323685546
0.275141755829387,0.36639594045347706,0.0,0.28129650778529497,0.27357201675735765,0.35956991076265055,0.25279447859108284,0.3279336008546418,0.2744852786867034,0.3883652907081049,0.3276741118371952,0.3494491938746567,0.31938031146547513,0.2599807229141067,0.31568056454170335,0.3733105323653315,0.3323187124972743,0.28128330373602634,0.284419772906381,0.28951818676381347,0.3396823672260543,0.4635509984704858,0.23246314591842743,0.2857365858663072,0.3190450039371156,0.26187808024322046,0.24737800345378474,0.28971704896455874,0.28307169385928954,0.24415910048984793,0.30057953263647524,0.3268340175867477,0.29909645673059376,0.26017277749914075,0.261811801239583,0.31066493406857737,0.27969355264848805,0.29862751717717795,0.3055665830408286,0.28036686009015116,0.2929733322599958,0.29186817157254474,0.26568047119591337,0.28008746581332444,0.3409519137014654,0.279225096171455,0.2522327047940108,0.2982311654347565,0.2743067997709432,0.28663741069094595,0.29217669496146903,0.2904982655313514,0.21939134683681194,0.34904846232942754,0.32019467300505655,0.2474192204698365,0.2709671952776917,0.3249839230298568,0.28117015287300057,0.2767551967628613,0.2853429633198839,0.23187960941482316,0.2863500426230481,0.253927482141666,0.23666178326722445,0.2566159744418657,0.27105244541156936,0.29500256479272635,0.30404310011826696,0.30300821965898367,0.3011723222724347,0.23530392528629576,0.25268085482705344,0.37009975568803194,0.3566117850417561,0.20819964223308104,0.28003951050818754,0.2803330980756818,0.24999230235635123,0.19609284433360422,0.27020004366281847,0.2896720043528055,0.3032440427594906,0.28397569105735876,0.24667661939960553,0.367211087640848,0.23445288591583974,0.23765010875728676,0.26930239124642946,0.25321079809285946,0.26875183129643193,0.25353587531346833,0.28912886587084674,0.2223993610613743,0.2611566908120771,0.32761336693855236,0.24998104335876037,0.2964759637226144,0.2074484623077488,0.2957809293755691,0.23624566774378306,0.2553235597247728,0.22245573288874518,0.3429547829526694,0.2669376367322963,0.3193318985093416,0.2881824686535722,0.30117368317784743,0.2676842701146325,0.31172101168990507,0.27894129144303376,0.23517574288841844,0.2637987814916787,0.25639624949054296,0.25222253070953465,0.308327452641197,0.23915151090990194,0.33098702092618737,0.32054887951473826,0.246296824267742,0.2594219520160413,0.22363352646087675,0.23085437274091175,0.30001265243538955,0.20787531881799548,0.37850747519974703,0.24905836129980277,0.2949087019559414,0.3656208727713204,0.2757130753396301,0.2773822089127818,0.37540258002175336,0.21075821852708643,0.2529471062302089,0.31580229976441365,0.23291528815135623,0.25062901483463335,0.25714930004891423,0.3253376611110727,0.2758213737595409,0.2579985939955207,0.2855830254570875,0.27454763818358835,0.2879953862245785,0.28205207341668403,0.24768671980936222,0.34997536094355247,0.28829952471406917,0.39477879073200767,0.2506972135237666,0.24490868806360733,0.23545155350474326,0.2773726571348837,0.3058552468981498,0.3328352960329094,0.28866523359244456,0.2756643633138311,0.32752032752487664,0.21188934841484106,0.23471508650846049,0.2660877844868853,0.22031195162407724,0.22885659645443956,0.2707727601833625
0.3080984086914641,0.29766319721547696,0.28129650778529497,0.0,0.3098113728128658,0.2943963902348146,0.3485748708913272,0.3038364816883335,0.2864053942730111,0.2517932904307411,0.3347472971889876,0.304159903505793,0.32267291021471534,0.3356587309046576,0.3954568484379513,0.3128292140581493,0.3677421911221484,0.34511121150393326,0.31924274095013655,0.317466825605556,0.38280052830635347,0.31442781525567953,0.30315386618070533,0.31107122528250203,0.29426819696670314,0.34576985690969625,0.3158321702266312,0.3437366370584093,0.2442557174160408,0.2502588661840419,0.322042897661479,0.30630164611667515,0.45731225471721854,0.3378317035959425,0.3403617552396171,0.35023713609662066,0.30941218526642367,0.3666034793591034,0.35108377616486075,0.39479385487000807,0.36731564638833214,0.3038470556507534,0.32038712816251397,0.34664620755520864,0.34643997827388834,0.3638260618987922,0.23906240669752438,0.2849355421145352,0.3289428177975062,0.3742847971385294,0.47524270817986924,0.3550045924799972,0.31196104698199306,0.40845724387040333,0.32988024928575665,0.25907716212359194,0.4047676699126584,0.3361097901150825,0.3598615967701398,0.40984087968142985,0.33457742254780487,0.29372880136187457,0.35230110550730803,0.2688607191248594,0.3343721043938424,0.351957900242409,0.4046960879459688,0.28592568133744356,0.3152002156104153,0.3103859028274899,0.32881496721748416,0.3142073505511345,0.32361009646131783,0.5009382572665065,0.36830342654338216,0.25706667069950173,0.39422009104697175,0.33656089263129446,0.33594999518547397,0.2373628205130539,0.28319431980682247,0.39280377218195295,0.2883835684352173,0.30499867499732825,0.3661123542548886,0.350357075986993,0.30149249888698876,0.3637296194642151,0.33814871568806176,0.28917197193952604,0.36806961102867974,0.34387646275721323,0.31461555414030634,0.30470555600019505,0.36104562920105615,0.26447670554329333,0.2798870029908433,0.30124774557940526,0.26983025344948364,0.38873465107540045,0.3174182133056408,0.3046495379288455,0.351328525589922,0.2555269197995273,0.3643264683598488,0.34193457851172226,0.3727680232117379,0.285929180930635,0.34863854380398196,0.2737921269029339,0.37432813571355156,0.33147938476857064,0.36081248988459064,0.3828782149214167,0.35178651257642174,0.32928067966120095,0.31392684923197933,0.25378958841923926,0.3102427626289631,0.30899743471531854,0.34830053577758796,0.31584959687585495,0.2887510526150013,0.36359362886963253,0.2571419195006443,0.2934936414313739,0.3369648448796481,0.3110685566443085,0.31135301217327094,0.3661520759966964,0.25342062293007345,0.3631970345451159,0.30080643878765156,0.35500169233717627,0.3160476729098938,0.266758117646692,0.2328103176332259,0.3729699669381659,0.3336039869425352,0.3568919026315348,0.3395074882469082,0.3036161244129985,0.4047464472478136,0.34025646975523566,0.32489795321861725,0.3120375404818196,0.34747649713067946,0.3046116797329895,0.2482672997151425,0.23618809123849271,0.3700046987396168,0.3062052221255289,0.35745835381579577,0.25719286010523446,0.350519220471129,0.33618660808559947,0.30787003579836486,0.337393137403594,0.35444350877143765,0.3127259852093129,0.2848058982132824,0.2915639653482767,0.30843789618813205,0.3441221366835379
0.3165487407810179,0.29247598750777054,0.27357201675735765,0.3098113728128658,0.0,0.2609034046265802,0.39901790941396803,0.27789173801264716,0.30230766494016165,0.2803137226302684,0.3014853871096263,0.27656738079051274,0.2978487374032488,0.3296170504836635,0.3453862443277202,0.3299282291666407,0.36053545658903896,0.3609953770399149,0.26563150664637364,0.31355194986733476,0.3521471562359383,0.3061186626305899,0.37856720306685543,0.30777571184113134,0.3097337985038051,0.296404004918648,0.3292620988260307,0.2959695721956346,0.23829596331480227,0.32873165426062434,0.32731561658387975,0.2896490739812198,0.31200372449646124,0.3149441378422409,0.39829361433975885,0.34366402528331236,0.31155739021850837,0.35351485055406373,0.29584862021368963,0.3412270905241485,0.34622671562546503,0.37025689786692006,0.32040477946894963,0.3581161413155777,0.2984957558013083,0.3162719917821622,0.33842236526378083,0.2860812268298676,0.3905283781441977,0.3504066025898259,0.3372967789844695,0.2954012440443643,0.2853180023029438,0.27697952439087414,0.2754425370856829,0.2890120864283135,0.2960612227468375,0.3685790829942747,0.3375218085010179,0.3292603317386992,0.23309589034374467,0.2766047101791546,0.27255170161020587,0.3328399053755694,0.2901488808288736,0.24577363290712542,0.2997119495396589,0.3001489666511287,0.3041947174793655,0.32668471277678324,0.3077529683308153,0.3227048453803818,0.2780719277613471,0.3392187260025652,0.29763138180979376,0.26104949164101804,0.30117050333275003,0.457815692184077,0.28723244891399297,0.24201437464212405,0.30633802480992317,0.3185969974369744,0.3481742440172958,0.2671229176821019,0.3138470311868913,0.331607888122772,0.2805902920199591,0.312252017974147,0.3023210515438637,0.27829180962655914,0.4494567965374971,0.4046872903749934,0.36333791862216525,0.24251229256851017,0.3346713238001555,0.2732663487477987,0.2206649059908061,0.32631906647299497,0.3025648265777446,0.3050439042221671,0.2960568651891205,0.25652262827218475,0.32304961229035695,0.285123233098335,0.3013986617901074,0.33514846010582283,0.28426799943515235,0.36663730696234925,0.3977022538973145,0.2865885006036062,0.31738854299064917,0.3515863530054231,0.2772014499731259,0.36875875107741113,0.28540804637369305,0.3120430816666642,0.3005294874798,0.27939568425080336,0.2757427653395846,0.3306800666577177,0.4068046422537444,0.2778210441490802,0.2720329645648859,0.37597866534716884,0.27675320804792497,0.26524453704673995,0.2977237141526573,0.302620918170819,0.28732677491256425,0.3181673819875336,0.317583361502058,0.3020690205041377,0.23772055667262662,0.30723217083253207,0.2636370025080548,0.3013936298980271,0.277840233290204,0.38152711279241713,0.32785157497334333,0.3908680526816421,0.2549164903400864,0.33751664766611456,0.37283051927385613,0.33560927144643243,0.35633127719122876,0.3438251163503418,0.3476181518410022,0.3412105539560848,0.2960121389935136,0.2722867409637663,0.2806901293426342,0.3042014313764132,0.33742412146532813,0.3254053015848841,0.3711747165552188,0.326081829220536,0.25205040704907383,0.3661100875572427,0.2845849480281286,0.27484288711395044,0.28309468776767366,0.29418025633903483,0.3287866835917417,0.36851223252194926
0.34307661505357584,0.4073632218883678,0.35956991076265055,0.2943963902348146,0.2609034046265802,0.0,0.26134570387698725,0.3467009514633553,0.2985324723691245,0.2937271423942798,0.35776011131577834,0.34622171753045705,0.40154194030737617,0.26148611783872105,0.3437238854784922,0.3748492651560643,0.32953667722376495,0.267390413834703,0.3488696929716688,0.3732342412535674,0.35735502473617003,0.40315362852596637,0.22442105318914493,0.3021977601420134,0.3890123761764958,0.2468369000059605,0.23661707186760256,0.2971065011247493,0.24776338383015464,0.2578037279235233,0.35941118562136326,0.4138646941988963,0.34678997007923756,0.28597863906580934,0.3038992329204157,0.3101628645769135,0.3361206942467225,0.28874291508243327,0.30812346358371295,0.2662090136193024,0.29865429759597417,0.32349951650550945,0.29113287261058474,0.3489307480793879,0.33966733882803063,0.2841769533265031,0.25741448482396534,0.33093773626833367,0.2630345361738842,0.3145542850243362,0.31713909705042803,0.3217431655952669,0.2433132507977086,0.36305917924448083,0.2865009962137594,0.30279960053140365,0.3035261211007395,0.3733528794517192,0.27775913630593435,0.28757523833219867,0.3798566596789709,0.26232851344700575,0.316013398037813,0.2374642945883862,0.26691072988925935,0.29807511005502,0.31117346880501523,0.3392960177438796,0.27494610966399474,0.31556261556105275,0.3293596316417707,0.24323123168589916,0.2931476781977039,0.3473193005743892,0.408497990973497,0.2540928000135818,0.2777816046542259,0.2773717347305,0.2614165301561389,0.2593556988281725,0.33581006721642387,0.3099084617556483,0.3281150798189283,0.32508214407905905,0.273237569408508,0.3442359483905145,0.3132879937191745,0.2641231764420904,0.30392606052839555,0.28735004408552406,0.274223337420658,0.3121539274731515,0.30904921213959613,0.270964621368984,0.2599108103893185,0.3623028306333002,0.2846117555902139,0.3340285483343998,0.21664105157466076,0.3131521889689139,0.2707195195430864,0.26818996979489196,0.24424514351691953,0.28003924988346257,0.30245878962550965,0.33404948469136025,0.33196279497376174,0.3297998256655035,0.27103988514631977,0.3810388506645885,0.3252727994266832,0.24279461335543184,0.35951867658539544,0.27677613977467125,0.2681166779349851,0.3105315391929541,0.29571907254099195,0.2601384238915234,0.37122906621549323,0.24685528845038424,0.2561571258813575,0.2387460637973387,0.2957036001509984,0.33135235900279575,0.26529103340960336,0.3382943955943931,0.270748907479018,0.2941053196306714,0.3205683665131284,0.2638151523227465,0.300880257508904,0.3915298907475885,0.253925396809612,0.2949186429060639,0.3718292909907004,0.26822173817112577,0.3143818562479765,0.25692588075726824,0.3033058137565039,0.2931336388074908,0.31374018212642596,0.33781885726203337,0.29412437582309575,0.2935355569165433,0.3187133112596167,0.2761893794168452,0.35410110153891705,0.30795096844258213,0.335540497176363,0.24816440837057177,0.2941468421759733,0.2811717552008019,0.2650502312589819,0.2719415795521623,0.37620852663685217,0.34249107400727913,0.31272093442753757,0.3653493476950512,0.25413700666423505,0.2592927739873471,0.250989701119848,0.2942214775446319,0.23437284026317712,0.2960453751480922
0.30643788697951135,0.32179099345234635,0.25279447859108284,0.3485748708913272,0.39901790941396803,0.26134570387698725,0.0,0.2699444058379007,0.2811018755302234,0.29478382306084816,0.29339769045943503,0.3164910056839904,0.31475601582932894,0.3209077828047921,0.40189108834221693,0.29315790757694693,0.32147051195053605,0.33433765286561384,0.29913222479577956,0.28548978572681355,0.31219781999777557,0.30121196609714385,0.48758293561288085,0.361836397127532,0.33649942015501294,0.28731486238850884,0.34409653575459764,0.32127077312651064,0.2630731620840559,0.3233175044802186,0.3399355101957428,0.30606527438994247,0.34468854419898737,0.374069494336088,0.3370367725535819,0.28575504120731116,0.33433441089666294,0.3034886724946128,0.2966464951704209,0.39196045086496245,0.33443022173029413,0.34783322343743683,0.2985477945665224,0.33305463797822554,0.3326493458776616,0.3254606862537904,0.32481066709918155,0.25880621784638086,0.4758224473360148,0.28441628285640186,0.3396588431457323,0.27845946168874913,0.26880015790735623,0.29275832098763954,0.3066566708153804,0.31107444284368196,0.29724713880028014,0.30838441637827907,0.365563457865064,0.31989008197613533,0.23501290412431616,0.2468850076049953,0.2459848935978425,0.29655864370911367,0.2680794818808914,0.23895897484130665,0.3188641019782927,0.3059197206517541,0.2705465174434282,0.2906715059357568,0.29184464063057197,0.30413721668660276,0.24883969555921454,0.3463097552661551,0.2565517269985926,0.2974258587005366,0.3515347775127943,0.43053482253771524,0.2725794742991249,0.25489713809725134,0.28930716266964546,0.29881762934627976,0.3459943278240369,0.24527572867746228,0.2877516228163778,0.3290069504641298,0.2609703171772619,0.3002380287536635,0.333978328509245,0.2856114563555172,0.33708867721014885,0.41684436798186286,0.330264305985932,0.26984934206672767,0.3096783918319775,0.29488053548551774,0.21449915231585429,0.36332118415577247,0.280613976423063,0.3320048328048179,0.31352802159156357,0.2660240059332608,0.2957600961300281,0.28741078386803914,0.2688640130780406,0.32640063912369177,0.2632527990850919,0.3551677238337923,0.3945137719116856,0.31191496625168286,0.36268192316293746,0.2935927310641009,0.26305675223440295,0.306239251377015,0.2785062274440836,0.3210571225454859,0.32469784870842217,0.29268848992706675,0.26561739647545185,0.2862428258747008,0.33138934658274954,0.24918662730562807,0.26572222267742895,0.4072036661875105,0.2620077744500364,0.2979768819923306,0.2587753721275787,0.3350001709684799,0.2738798940671303,0.3192737913900257,0.29062224434670886,0.2594194847662551,0.24486707891000176,0.27132024149282596,0.24276343484134774,0.2881511465060005,0.2921799937903799,0.37256890993180986,0.32029477281211344,0.35352285673039613,0.27559556182188166,0.2959242855200167,0.3620389726704438,0.279185026680179,0.32163682774939706,0.35321961693144854,0.32732385089664545,0.3449034941379749,0.284360393212787,0.2404381351775115,0.28814249267497194,0.3277779988681789,0.30432368133333176,0.32661899548994516,0.3745117919823077,0.33087965860740226,0.31356598180462975,0.38373498358402625,0.33208163261610973,0.3066433351699048,0.2998173525097349,0.2952164520208807,0.3117928734145291,0.3196346346501873
0.3013892747321028,0.3508257244322042,0.3279336008546418,0.3038364816883335,0.27789173801264716,0.3467009514633553,0.2699444058379007,0.0,0.3211369419301378,0.3017299916540969,0.3039755060313343,0.32051569324079954,0.3544924460417881,0.26934704407293397,0.3573466203628523,0.36566374056559275,0.3407868033270814,0.29681743972983465,0.30080606288308426,0.3201064381265818,0.35174156604075707,0.3295847248098659,0.2580883654744118,0.28256897876924963,0.3388020288065647,0.2702028640712798,0.28477731729524236,0.3005940752793183,0.21784046385917946,0.273608245516195,0.4252606872246609,0.3443280247989327,0.3458491672833971,0.29659186346787286,0.3004210670803971,0.34238453849158024,0.3299167073352131,0.34027731047632354,0.3233913539631309,0.29692907272632707,0.30223462164203,0.3079428334441788,0.3381057913692146,0.3021469842172825,0.45551352349984064,0.31765562063436303,0.2740522679247069,0.28102658851349993,0.2962602886158287,0.3150577136906053,0.3204826839905514,0.28119607904556354,0.24301115057678443,0.31253143199414124,0.30064210526640756,0.277364146505862,0.29680123755978793,0.4064294405211396,0.3161935623761205,0.30326718121610663,0.3916383383793538,0.25338695249078935,0.3218330223544534,0.27084209017761346,0.25571554906632027,0.2744191041477869,0.29858164226997225,0.3079089026616606,0.33144260128255904,0.4628617326233556,0.31944301591196017,0.27077889074161077,0.2598977669061726,0.3718755022904385,0.3931398356196998,0.23491845681951737,0.3418439637081566,0.29612226790396584,0.3261393236096947,0.2057340228741321,0.27092916159687497,0.3103034874257836,0.3451170582075766,0.32303047795169443,0.29445873638487036,0.40981438888251576,0.36392977945237537,0.2867202289635836,0.3378263045329023,0.29256412322909264,0.28813041509073267,0.3083570013266147,0.30672761347135147,0.23914064949897113,0.2912924193326847,0.31522840719824885,0.2994799096882035,0.3329526537340524,0.22299496441163025,0.33566295700738036,0.26201997324721465,0.3816668056879562,0.25691617267939815,0.29127345134541555,0.3272827340141983,0.36134093628438835,0.33552198932360866,0.35869552596702564,0.29597866238169324,0.3019956766027453,0.2836022661131255,0.26699353584214286,0.29933062470156724,0.3015390114021101,0.28870865520730443,0.3247646909057313,0.2826908411706324,0.2631819101614839,0.27480538448534675,0.2610399204904326,0.27844837497185365,0.3286591911982984,0.24829926393611845,0.3229562532363866,0.22697875991139638,0.2968302721196974,0.2612373627875722,0.4326230166068396,0.3150229686877394,0.29400431938725163,0.3277646375767411,0.3451989706898315,0.2666565495862256,0.2628843040777588,0.3078775487241804,0.24024522534349957,0.29363535772051325,0.289303482384211,0.3322459178126307,0.33410622679616253,0.28895968327865174,0.30007398925371254,0.3140820979701616,0.3016128205436633,0.31553028732020394,0.3029392259357708,0.3747235837838067,0.3166695689000315,0.32655781647401644,0.24005999808208378,0.3143007745216367,0.28664601433165837,0.28899459499715946,0.2965562763808053,0.4016448100344254,0.365316217486369,0.2671401926365799,0.36998935811705747,0.2313773946065339,0.25305091817299036,0.2622526460792037,0.25620520519434686,0.24837179695379755,0.27547669608185876
0.4046335308636533,0.28731801680449587,0.2744852786867034,0.2864053942730111,0.30230766494016165,0.2985324723691245,0.2811018755302234,0.3211369419301378,0.0,0.25634688455834537,0.2586462337003041,0.27673095703480466,0.3052282614986175,0.32929731207062535,0.3126482215806094,0.3098885182176155,0.2988223593764303,0.3645482538311077,0.2583791546058746,0.3263079692189505,0.3063715354348737,0.3281715608123492,0.2604284837697936,0.2642141345920746,0.306699564644299,0.303635022291503,0.29347129048598464,0.2880096848015116,0.2042776661377454,0.351316577870012,0.3775652640952559,0.31968879906244857,0.2928070801015182,0.2889579118793661,0.3462142858066348,0.2818174881207455,0.29786010044503697,0.37594239146583996,0.2546008958896636,0.3014835932330449,0.2609288350634403,0.39605673767701777,0.2877326384816034,0.3010237483234996,0.3333216446618612,0.32893822708071657,0.2957670891271509,0.24374478003912325,0.29331321379154895,0.3168524050814697,0.31445379135891643,0.3214683496361342,0.2658498055057958,0.2646994361247683,0.24854640881450224,0.40171910239049713,0.33362690141322987,0.3115499650077051,0.2846404995217474,0.2901226363225473,0.24444487450276575,0.3242068494412188,0.29960436252011174,0.26460699734077164,0.3208431036326923,0.31200432517529475,0.3472711592100768,0.34797829143949033,0.28951208255261546,0.33149741296351676,0.41010533525788384,0.31141218520962977,0.3506514023404874,0.317644539638595,0.3306555193548227,0.28376842765461047,0.2655815227778509,0.2689905532326459,0.33212111908889264,0.2546078525137856,0.2862178179186455,0.42609441694225464,0.38384898924909444,0.28292889096828533,0.3597406226816296,0.42017250594890204,0.29705499346148,0.34022716492400806,0.3376246180662423,0.438232961111568,0.37758147116693025,0.3812427642911131,0.269971773689164,0.27832187871592645,0.3741343307056916,0.30883829603533913,0.2682872845947209,0.3395481966237693,0.3164440765165023,0.34599591089911735,0.2851458644523078,0.24613131296813037,0.3262762208938043,0.2555890847819257,0.38015154697046283,0.3686949581499378,0.26428295732043244,0.3235280106876298,0.28588728443457556,0.25540344500892287,0.2606628743579066,0.36078206659929196,0.35158536135795226,0.35468689458159675,0.32626630084234154,0.3746809036554456,0.3064584360211507,0.2524709963720889,0.23581544215445419,0.34727220773394485,0.35172355823545226,0.296895066873319,0.30539696331205746,0.34986074925084065,0.3478724255803719,0.2507986942805522,0.32560870445888995,0.2938141501715656,0.258257442532402,0.31171611467617594,0.42907087211448375,0.34284523753510543,0.2853727993211521,0.37406228281691795,0.25988349630337476,0.280663516443831,0.2965871268768497,0.3145385573058505,0.29942531866368405,0.3349168478386318,0.26281235341996306,0.3112558746880538,0.35530953062630394,0.31517115763106524,0.3022676057142591,0.387564324862802,0.4236210552214002,0.27305000529251633,0.29674320759915546,0.23962318704413377,0.35558985573732904,0.26674620922910347,0.2709059948379853,0.28623549995612363,0.32799516216183405,0.36428843595711663,0.26736294651304565,0.3609026408046004,0.28364175130614067,0.31777367948639434,0.24715867382911172,0.33786953021786303,0.32380438302527637,0.3521963934146535
0.2745574651804391,0.4159762366202651,0.3883652907081049,0.2517932904307411,0.2803137226302684,0.2937271423942798,0.29478382306084816,0.3017299916540969,0.25634688455834537,0.0,0.2734086921381713,0.31191648417843637,0.2966289371931224,0.28925560843532566,0.29441052814419033,0.32104489508121165,0.3073029508755448,0.3007893068685399,0.27025551216872873,0.27438548805353996,0.281073368519087,0.3171939274622871,0.29133550348453585,0.27974329272814785,0.39423674708288725,0.2347642912085991,0.26209342959373744,0.2745220471772845,0.3960268428705384,0.2573538715156976,0.32922308593897287,0.3179799107059117,0.2594973072286925,0.2621434495699095,0.29418137771609704,0.26989145655305324,0.290412086278839,0.2759894920569135,0.2572511332886094,0.2910439039920032,0.26052520753066477,0.2909636017676259,0.26328704940551906,0.27473156215519695,0.3086957986689185,0.26324138213154835,0.2749468189341363,0.27763332997126927,0.33725899637987466,0.2395469412062089,0.25837806796606344,0.24544344408400837,0.22473955303260146,0.2897894208340093,0.3128119561042981,0.2826395752243257,0.25029164447736646,0.273060227851342,0.31893244060832143,0.2590109455494528,0.2592952122849747,0.2159652403518184,0.22373463035918079,0.2567352466520871,0.22762643261305532,0.22460183460328784,0.24940856149740723,0.27974806624804766,0.28464049255197227,0.30501302086002796,0.24901951572558792,0.29209911291786,0.22061270516594012,0.29479402890585354,0.2805698656577935,0.25835418111134256,0.24582382317627113,0.3358533680142519,0.23596285894186111,0.22966007164199612,0.27434959257744873,0.2381036638683879,0.356140136784607,0.26709584308737083,0.24298237231884612,0.312066523989829,0.2377134612156243,0.2598876486848303,0.29920564350157397,0.24388402843510182,0.25128857413439937,0.278390354661088,0.30181375127659454,0.22143730197643954,0.26064493218636364,0.3580721417637117,0.20294804047930426,0.30771205274079233,0.225185310674142,0.2928356145762832,0.27437330593710196,0.24123760749158601,0.22824318631486823,0.38822588065795705,0.23699009658197573,0.2747524569896143,0.24822653052605534,0.37802086718755434,0.28992152467920995,0.32099378988235006,0.26085779888296085,0.22929776011594027,0.2457180365572836,0.27102703642111725,0.24650640832651993,0.30096044560603763,0.2850687983356041,0.3591748061520346,0.28956736751550155,0.25974444482239634,0.25518830659890995,0.22058624340496608,0.22738106850700004,0.3149404886364775,0.22705721155332276,0.3977619791980404,0.22563982029675347,0.2806042811552397,0.3660125464368651,0.274840716122291,0.32690223181479955,0.2562377833235939,0.22550955950128682,0.22744788604688648,0.25609408707503695,0.24143619522649656,0.30842075295116433,0.28898847110657716,0.3224320419211648,0.2803759116822278,0.2704988459652934,0.3106568406126332,0.2880776552924527,0.23779191014433235,0.2980072531692181,0.28089861360673823,0.2604870166374165,0.3357581422509205,0.4860941796499106,0.24369488375053497,0.23267886175706848,0.30988355776725235,0.24447234887116973,0.3179969024552112,0.3263404061438079,0.2789935426344701,0.23613981487379798,0.3454973751455173,0.25624346336672893,0.2553709284059073,0.3038328900827434,0.28158493929554423,0.25252341473596085,0.25389975446356877
0.32799183971006424,0.32631537496949375,0.3276741118371952,0.3347472971889876,0.3014853871096263,0.35776011131577834,0.29339769045943503,0.3039755060313343,0.2586462337003041,0.2734086921381713,0.0,0.34636323296252025,0.39021521776882856,0.28630447541376164,0.3211259746823209,0.4400906544458641,0.35953983785459964,0.30191835467800193,0.32728564855895675,0.3295812017459651,0.34295249368334085,0.38497384062415924,0.26912121328661887,0.32508545823791685,0.38058071169450364,0.31182086483946575,0.2883157848926566,0.343786260641814,0.28504784626168866,0.26048375484266456,0.3266333071035907,0.383213443130124,0.31019385610010997,0.3084608281008441,0.32885689448413913,0.3528215698035279,0.3737781944106519,0.31826181002341364,0.4077526842437557,0.30960000452029096,0.2924300700279747,0.29452733314509105,0.3094418292604849,0.37735087544252377,0.34816525452179586,0.28555719863381485,0.214602447169674,0.44020243678898174,0.33886442574653386,0.28779244417013616,0.34056003358432063,0.2698933556466479,0.22796948676263323,0.3934150106725585,0.41015673665497915,0.23989307392121448,0.3110269832593583,0.385487546244975,0.31931943106299787,0.30616010052909437,0.36976624355159954,0.2273064754584331,0.2938982255217905,0.2722733289751374,0.23541670869333853,0.2751604647619621,0.3621403911361564,0.29483660769924647,0.32336190505465895,0.3240522760458675,0.3128065854111506,0.2569030140600395,0.3030264728802474,0.3874938412072282,0.36085649629902256,0.2573704294753838,0.39080294407928357,0.31788926278856866,0.2716711955190189,0.2412586658340793,0.28913822989685994,0.26757228426416774,0.2903339661249487,0.33136698891423194,0.27034775310600073,0.3055575127029417,0.3142146351368064,0.27759718561374236,0.27976840644948797,0.27646794025101545,0.32125074370780604,0.2542020906436072,0.3711530210997268,0.27683519410266255,0.275240311476614,0.31843682319561717,0.24305980884184322,0.264605481863429,0.22119453838104533,0.29632793875624247,0.3295490510655252,0.3201215545020529,0.255424424301724,0.2492200675658313,0.28783169211247706,0.27663604176977374,0.29980484385716194,0.3162376838597334,0.2744278497317572,0.35511121132062956,0.3962397077017086,0.2676287351354799,0.32253591917591234,0.3099716633478745,0.28036730754926037,0.2831601002012886,0.27584566084428774,0.31564298620495956,0.35195336625335544,0.2563723682128222,0.29317331807221403,0.23720613179144995,0.27804501340372556,0.3390904960231251,0.24823630704029354,0.3661802029938375,0.23353515873322944,0.32630423836318323,0.33502732945831726,0.27829233103780854,0.2433285771772692,0.33627578677296294,0.30783746399866807,0.2954131531897186,0.42790600560204906,0.26032526344994744,0.2868999570071749,0.2839192512657112,0.3569286276455214,0.32174468334181294,0.3210907801558669,0.3373600860230538,0.269163178763082,0.2988209203427454,0.38719745104325853,0.257048572413236,0.2893819162736289,0.2896688251548859,0.2891517663170395,0.2658076094599071,0.3708227946582206,0.2752513191217971,0.3555376244628969,0.2647417223543841,0.33658073936827115,0.3472425804289985,0.31654190463043413,0.32954831294058007,0.2949492898951273,0.2783551400135886,0.2521589488314499,0.28289755947722095,0.2327807557368597,0.37225767952583017
0.27466766755595845,0.35741908853451476,0.3494491938746567,0.304159903505793,0.27656738079051274,0.34622171753045705,0.3164910056839904,0.32051569324079954,0.27673095703480466,0.31191648417843637,0.34636323296252025,0.0,0.2735419890354728,0.21631843996557348,0.3222208303277911,0.3349307164418579,0.308544728087233,0.2529377857819425,0.3699286031388487,0.2927917600460239,0.34440830755755225,0.3482170224778877,0.2737404923099532,0.30934556892290554,0.37655054230625434,0.24227430939430938,0.28254331153341916,0.2773219306571235,0.25133640661665124,0.2984464306068803,0.34798084128001866,0.34131598720732015,0.30282002521099416,0.33033444747681634,0.2598352858732851,0.32025322549613044,0.2868200846429461,0.2754721529430673,0.4059538240993554,0.2754646925785664,0.2871728207630479,0.30352237150249434,0.2822139757944499,0.30176845496282934,0.3171409271643903,0.28699306063146235,0.2619861033815803,0.30235411925813643,0.29613776366942257,0.28574295703123964,0.32476342002718667,0.27085474429452727,0.222779946610604,0.3483428806333186,0.3817831179063951,0.24832177113279846,0.3038317005766803,0.3785062569180038,0.2620415617577605,0.2897781051226061,0.2591829309238039,0.21880676356476367,0.26132697821685474,0.24993496196617807,0.23757117716930543,0.24816230580094584,0.2583129858179098,0.2482703239748351,0.2531726214850601,0.2672857160890184,0.2585226042455673,0.2244887767283421,0.23758495222435536,0.32058898161904914,0.3065813774836841,0.2263585818932697,0.2968254891210003,0.312277326033577,0.24586660682606912,0.20050627687555267,0.2369552148214843,0.2905140869727335,0.3039445132442774,0.22998328302235457,0.26554432590817656,0.3083737750910639,0.2405192096833377,0.2583402333809638,0.30113933313207925,0.27277401276271174,0.2825140669373194,0.29812186295991056,0.3188168837614221,0.24832818084142672,0.24338180443174054,0.37008968366289335,0.22950751621737578,0.3063847637169967,0.21186486710057803,0.280707177257208,0.24377335680504794,0.2868178639280504,0.26141539610714704,0.3429025370018332,0.2601029730593728,0.291139462103684,0.30191367954110865,0.29978111132426355,0.26400426321200504,0.3459377622443065,0.38931869667433955,0.2632737198175044,0.2502539950257195,0.28458296600098626,0.24523386413360934,0.2871107730948747,0.259151483004091,0.35267071551181206,0.30251365941680375,0.2312727893834936,0.25191931115008603,0.2250027835330767,0.2311185693445331,0.30994348217164097,0.20101140416637758,0.36789666274849137,0.2373307881880515,0.34701355594928723,0.34165633096652853,0.24275344304165614,0.26441067711847976,0.28806617003530344,0.21566375813080346,0.26619587730391886,0.3097257845534204,0.21284746541739666,0.290653743269341,0.2583662551731136,0.3063414948480079,0.3166677607341822,0.23784147360713814,0.27689739687683107,0.2942902229779787,0.28972983590754664,0.29815464447769735,0.303820362049531,0.37518434087562463,0.2787069179397943,0.350683053660492,0.2525287237954015,0.2860363429007473,0.26602519413148235,0.313551759688378,0.29770616029444374,0.3899869709401786,0.2699428567810646,0.26597032315634156,0.34108230983006854,0.22221694791830865,0.24627090926330544,0.21188123048894497,0.22859124890435698,0.22770858652676165,0.2785542458034703
