0,1,2,3,4,5,6,7,8,9,10,11,12,13,14,15,16,17,18,19,20,21,22,23,24,25,26,27,28,29,30,31,32,33,34,35,36,37,38,39,40,41,42,43,44,45,46,47,48,49,50,51,52,53,54,55,56,57,58,59,60,61,62,63,64,65,66,67,68,69,70,71,72,73,74,75,76,77,78,79,80,81,82,83,84,85,86,87,88,89,90,91,92,93,94,95,96,97,98,99,100,101,102,103,104,105,106,107,108,109,110,111,112,113,114,115,116,117,118,119,120,121,122,123,124,125,126,127,128,129,130,131,132,133,134,135,136,137,138,139,140,141,142,143,144,145,146,147,148,149,150,151,152,153,154,155,156,157,158,159,160,161,162,163
0.0,0.6040786159267512,0.5746056747895396,0.5007203851137044,0.5750674194850408,0.5301316872809234,0.5500344436235861,0.5198684495917728,0.5984256234911128,0.5620305546071764,0.6535952568389705,0.5815203729820534,0.6049531036839878,0.5401892177817984,0.5771113796910256,0.5881609115201386,0.5876188499787899,0.7232684191631888,0.5800791160904566,0.6523722178275481,0.6409513038997225,0.6424150498241034,0.5929369959737961,0.5921535972786277,0.6702803169208484,0.556053765565186,0.559557282103988,0.5501434697377829,0.5368152397915862,0.5501837676954296,0.6051061314296051,0.6031544725870102,0.501823459183536,0.5349404076534543,0.6439114268026115,0.5777223988311229,0.6749759954085184,0.6063030508659615,0.5324014262273453,0.6057181583040244,0.5476733321977041,0.5924636991308307,0.6121410778995711,0.5794676175614346,0.6097073321188043,0.6119129382899019,0.5513511885922147,0.6186499488051295,0.6853192228969002,0.6270837069142151,0.6343214532945017,0.5799316091417367,0.5592084959608563,0.5830740808433067,0.5869232104690878,0.5352830085509572,0.6657179334607553,0.5756025551036587,0.554457607051488,0.5932523506160554,0.5172573503991109,0.4767259313416008,0.5819183359521016,0.5116690001542842,0.5827907858994081,0.5647382954609462,0.5744407498765024,0.5871623782479931,0.5677919725889866,0.5622745969943538,0.6513150792353283,0.5748819760501807,0.5627362702031572,0.6104435493457004,0.5626703114110841,0.6103640084802945,0.5174557270545771,0.5833537759758489,0.5382272306199999,0.46703372928083203,0.5218441278872528,0.6524482016171608,0.5664597040952378,0.5209458544612672,0.5938753413608819,0.6195217594442667,0.5454343324977835,0.5826450999002383,0.5794234570213236,0.523363250789902,0.6721428991549369,0.5723378406040591,0.6412261962327501,0.6031564395194776,0.5970077305158505,0.555802790438063,0.49385789569489047,0.5390402819738833,0.5010504930760897,0.5547210413270137,0.538582766266435,0.47296893945694096,0.5243966792842265,0.5000370801344894,0.6189004543627815,0.5656987933393652,0.5226160836428433,0.5500048446940746,0.6093291562874416,0.6127974328809658,0.6041505747591663,0.6332546733789827,0.5657859852552052,0.5293934466048612,0.5960695827926611,0.5757346501758137,0.5767003518140085,0.6301599291196092,0.4956937756465696,0.5237341907909183,0.5811331829403492,0.48662663161233455,0.5863990974661528,0.6227348405342834,0.5528080989269467,0.5642261730011449,0.48551922397602704,0.5239338066251298,0.5454479837795966,0.6033040728789136,0.5172153124873331,0.5353163211788557,0.5047932474614406,0.5717802491930732,0.6009152971631131,0.520658696968538,0.5582594116766263,0.6159464639910159,0.614123683800287,0.5989978335221027,0.49722879476901477,0.5601778949591605,0.6384093138723624,0.5796082836936406,0.6398264766563584,0.5469142863187891,0.5911060787696902,0.5073545056932287,0.660720869060761,0.4021474460989365,0.6341121677225963,0.53593101383683,0.6260259498859511,0.5143760074122412,0.5651403612048312,0.609847460745432,0.5791764046631244,0.5399442964968122,0.5208494395644404,0.544564871156872,0.5112381553615182,0.5999688767401727,0.49964269477036943,0.6924803377817815
0.6040786159267512,0.0,0.5575699486947857,0.5109798090394766,0.5123058853621308,0.5839887910649338,0.5373947196926004,0.5058781247020948,0.5793455249319855,0.616216509320492,0.5573045208377029,0.6114567363516957,0.5522649254759553,0.5317716153776774,0.5363145777657842,0.5370225683391922,0.5548274007020361,0.5637705903641634,0.5554222952085197,0.5418943526948382,0.5875286697802856,0.5903696801785322,0.5485793681374981,0.5781608842006435,0.6149390450234603,0.49661863792459454,0.5474580743644792,0.5196453992390011,0.6331532241799672,0.5355156450052017,0.5721786412890297,0.5372953371910222,0.5447028837765087,0.505214141890007,0.5630549295827832,0.5471376996322361,0.5665812203419134,0.5615905567603667,0.5171703524809831,0.5946898676269076,0.5998738644495271,0.5941083543854172,0.47613020164965014,0.5406010095562516,0.5453249315885321,0.5619987234282638,0.5366055769008686,0.5177366488985805,0.5629906668538012,0.5178805483767769,0.54412861168881,0.56923890114258,0.5868810489877739,0.579895908544574,0.5314551535671863,0.6360970968019051,0.5686100456069517,0.5508358361272849,0.4901985524453664,0.5735893535115939,0.5032499726923058,0.46724064803576754,0.5039671592949224,0.47038946934279613,0.5003288045285391,0.49679602584333366,0.5421867141598953,0.5168138144927047,0.4621317755345344,0.5035949324260333,0.554694349047984,0.5281336500119396,0.4927250491219365,0.5412886038732804,0.5587069440980756,0.5872612715791908,0.46555655752365455,0.6182767115677269,0.5018445375010241,0.5046434200981715,0.56110567299689,0.5766504360886441,0.6396022710988619,0.5231042041810905,0.5428773072815186,0.6484391903651999,0.4820044675591786,0.47921705248094,0.5780074174718919,0.6086210815505084,0.5573727793073209,0.5999801011028653,0.5762338593840857,0.5664018891544634,0.5675191722000746,0.6028603125201117,0.47984569244313613,0.569898762817255,0.49016601125271947,0.5525024693843525,0.5381217110182206,0.416803784078131,0.46759473432067533,0.5131584957651354,0.5372357971814395,0.5302390104106957,0.492255187488856,0.565897002103957,0.6061088327730394,0.6325229313676618,0.5541059424114864,0.5365139894724487,0.5310542252940244,0.5317662295171063,0.5591442835637944,0.6341797857534983,0.5953354861127393,0.49530706870445435,0.48403982404447415,0.5647774153002154,0.5245851384428356,0.4739942883089532,0.5519391746899222,0.6465909375895497,0.5334636088339605,0.6057269575671675,0.4776386744597456,0.516817999126129,0.5664297467773227,0.5401046305054413,0.5801796340194484,0.5178420365370211,0.48707960168900577,0.6058395195675077,0.5238172968895777,0.4815668801896061,0.5510146952249037,0.5619849189373388,0.5319628932684763,0.5592470379479043,0.5025620249705142,0.5453806127764329,0.6589945132782757,0.5415165623585125,0.6025085589639629,0.463199535735382,0.5985285434328246,0.5712663111646842,0.6215741015790675,0.4280944291651124,0.5312819284030013,0.5881189247667143,0.540081547177449,0.5220114844315479,0.5876391432795439,0.5507731725915793,0.5537585390905347,0.5922289834100154,0.5315875462781933,0.5013597343735894,0.5450628480476721,0.6156125993622187,0.5304726515353668,0.6033329102269351
0.5746056747895396,0.5575699486947857,0.0,0.4979264474545507,0.51619780929079,0.5750590261740318,0.4909524238061462,0.5465930628367659,0.504019372556443,0.6097047879557483,0.5972839335339988,0.5310346477317446,0.655027629308113,0.4929477443220032,0.48542146884068127,0.6401514685499531,0.6184144676960885,0.5897615584791838,0.5004058005542856,0.5126579558144528,0.644728873951824,0.621488693968596,0.5145358997517226,0.5274093407283991,0.5872546679695155,0.5713249936180226,0.5431856549207017,0.5271090699112811,0.5066741584127274,0.5148139419361052,0.47968926948898405,0.5831437832066045,0.47804081146927535,0.47907137931134036,0.4699173295157408,0.5074855672017947,0.6001563412392716,0.5383421289257604,0.466655961975935,0.5880634513050164,0.5018093751898312,0.614806354107409,0.5339985582062565,0.48825014763173974,0.5609740140659325,0.5871375141951721,0.5356473148523018,0.5398391536013415,0.538018885996303,0.5298989842543257,0.5822086164540753,0.5716371366990661,0.5047518231636023,0.5567459237942228,0.5173947352737789,0.5358103949198035,0.55791881852545,0.593586275487692,0.5032286113310948,0.5312835660970308,0.5511517391833745,0.47147146184354305,0.5867584463671566,0.44777577033429683,0.48700245172408374,0.5438130416927349,0.5670359370290665,0.6012982035609407,0.5589965644801015,0.5637648825425325,0.5864961536690162,0.46686278372752105,0.5310550359684189,0.6647532244389889,0.5926852769497459,0.4990623874066123,0.5560107734989355,0.5910908318743795,0.5005715083526417,0.46517030271610044,0.5551715712969812,0.5529626406126462,0.562933247491122,0.525594407200722,0.5493908926862443,0.5751682658867917,0.529710122746229,0.5005064800192082,0.5526838831382871,0.5056838219677767,0.6016474238747381,0.4855032107900444,0.5316932911805041,0.5064314408975169,0.5507156299920736,0.5120540559131462,0.47524316364661756,0.5077322549726249,0.43005206657584527,0.5487781300683482,0.4507479233264142,0.49157049972200534,0.4772445624103533,0.4638847187150022,0.5288201894707726,0.6057689084606733,0.5635238308741096,0.5538930677616865,0.5829952191639368,0.5891214494805795,0.5380440108525699,0.5268404871620656,0.5718195109147779,0.5317070166744742,0.528352037229521,0.6021964567671546,0.5142712428023101,0.5086499410911035,0.522351033148843,0.502362041338895,0.4901424414437058,0.49581580666682407,0.5112917687489569,0.5786917504675662,0.4426837569732523,0.5341008236208831,0.4999981116664076,0.5197328302811379,0.5314722994994863,0.5317793555832604,0.5208232027384769,0.6253526834576315,0.4774704528426049,0.4854270893558218,0.5094941509681041,0.4391232369059899,0.4802567420915266,0.4898805227158734,0.5448820077312623,0.5175538674774693,0.45685288542847413,0.5237956190487199,0.5669120194850431,0.5362561247246644,0.556909568621736,0.48139437504607,0.5324642669443985,0.5554786143796958,0.5884617858829896,0.39958345146979557,0.49338824014821003,0.47677690567496894,0.5417262790149345,0.5623244546970462,0.5543497046108344,0.5558286063104722,0.5416094296630983,0.6025320184875624,0.44163043821581055,0.5214587963649341,0.5417807414696817,0.4842757538091328,0.49595174756969035,0.5499982257935159
0.5007203851137044,0.5109798090394766,0.4979264474545507,0.0,0.44795537487044756,0.5557953044133751,0.5233666626199704,0.4860991466301137,0.43482187134938594,0.5187009763629409,0.5411288243740887,0.5347069081873955,0.4884282955099126,0.44770965043753774,0.4910130799708366,0.46408515554429985,0.4857584403930355,0.48759248446650266,0.5360482014864668,0.42400903044126886,0.5260307286410532,0.48343477316444383,0.4858789053956222,0.4683286641053576,0.547291572799997,0.5130982023598446,0.47003253288234115,0.4954863611918227,0.5137239204616298,0.42107927575039283,0.48230356489966875,0.4799269060373535,0.6739329034652262,0.47737311147073463,0.4807203628816483,0.507260334737253,0.5108264330414707,0.4702609551407418,0.4490374579329734,0.514326683319302,0.5507438420611945,0.47394907611234116,0.46462403529381213,0.5488864090829879,0.48551032326989596,0.47734214674035647,0.4305362058607039,0.5024558269190822,0.49377978655473337,0.44976514895298614,0.5561737459229347,0.5796100793111666,0.46925523235026567,0.6414120564350818,0.5525943503473527,0.45519928109564495,0.4783350805648773,0.5510376035475387,0.4499874780733456,0.4625554184447873,0.51152652456548,0.4193496980387605,0.553429080607108,0.395402060270915,0.4386248625537718,0.4603099630846493,0.49173657830437284,0.4671947882156487,0.44528378943122254,0.5151755059320025,0.48432192668351876,0.4337502553667086,0.48549592770681327,0.5291697642139904,0.49329347149631764,0.47518263005459743,0.4609957812700574,0.5089049266075986,0.4738119153842208,0.43315307273719167,0.5007388321021686,0.5246666367598727,0.46306015334501366,0.48486542931992876,0.5004864682108332,0.48567965671632674,0.49326597614867157,0.46183387010122295,0.49922078916787493,0.43159712627829083,0.5559423115863376,0.5295922384810205,0.5012253919019366,0.4688420238517808,0.5061602960365991,0.5500563424120407,0.43448235190009815,0.5234709815255116,0.41264111173677626,0.5242182311397983,0.44328501677239324,0.42963944654403574,0.5676581856558625,0.5564372033304926,0.503616509824915,0.45068961726463164,0.465092034684518,0.4782464818342848,0.49697249594916587,0.4747532523269891,0.596247980561439,0.48193229932195747,0.5462005559267289,0.4597851561511509,0.5264542128993097,0.49856761999000565,0.5084603127038988,0.42936211816040376,0.5706238853776741,0.5027604976818069,0.4170419021873768,0.5397058851308174,0.45709308358080775,0.5387217840485348,0.4282212237148203,0.5728270713734563,0.43924772757087616,0.43428794109786756,0.5372655459240409,0.4553280638179136,0.42397797833642253,0.4541315483187315,0.43491475252315004,0.4987735540492529,0.45049494481058727,0.3981405978227468,0.40791993185457953,0.485802314905166,0.4655061284903095,0.4703360904297978,0.6468958801054743,0.43892025459893275,0.5209811298382644,0.49180221675788743,0.49382192737899394,0.4541420350286612,0.45815656563294155,0.4749557351687223,0.4847145315466638,0.3575448135186057,0.5190727545461165,0.5189228365329536,0.44955151314380853,0.413981000339466,0.5798508467105014,0.4721989147994651,0.4558236144406749,0.5387833514209954,0.582162202547067,0.5017774781293611,0.49980448073230743,0.49681160662627155,0.4459989877196562,0.5024229243973765
0.5750674194850408,0.5123058853621308,0.51619780929079,0.44795537487044756,0.0,0.4557010830512369,0.5378231871091578,0.4173950270857451,0.49479597933683056,0.47187868250196024,0.553856875692046,0.5034425688269167,0.4707970132032814,0.4612776212472083,0.5607215721056961,0.48785529650351556,0.4900264502406812,0.5533295536226369,0.4851787792703897,0.48919416782320146,0.547387044386818,0.5997012759323391,0.4918500306482733,0.5510740678673767,0.5078261572222224,0.48499661985584747,0.45228378099911326,0.4329211417332537,0.5072108662936702,0.49878918924943605,0.49909108823954973,0.4776097524741537,0.4685461919667256,0.4245179448929317,0.5341930552864559,0.4965338625531014,0.519465992392943,0.49617807805361575,0.49134887313688025,0.5225283694309903,0.515860999757806,0.5135003563846516,0.5233923858308791,0.5645647152170499,0.4606419622496121,0.4817557711677849,0.5283633411795996,0.5633186345929952,0.5508958553651203,0.5348246699179172,0.5445554016770103,0.5121404979931098,0.4977374857385836,0.5196498322121321,0.5076093327359548,0.45637592606351896,0.5244977863383441,0.4997510981625041,0.4806970473944638,0.4788049281995884,0.4182399260955115,0.4205055656359783,0.499372281664715,0.4513021744885108,0.5236970052392845,0.4527683617913773,0.45757985478693775,0.5315000396262836,0.47675583417054546,0.45346357547698735,0.5510594029317709,0.4874872974317911,0.4556123733391013,0.498026922203726,0.453947987289789,0.47704799651985635,0.44586065409716275,0.5684437509136192,0.4400778989895018,0.4321212243157198,0.46659259726786284,0.543283682221101,0.5245011784471009,0.424916760251517,0.47943071057541026,0.4890356846842256,0.43001537555452496,0.482784808484429,0.44167442122314077,0.4402577434830334,0.6043969150986267,0.49472938542113765,0.5869871282285353,0.4824011258954203,0.5134026327927412,0.5035522034722351,0.42012771063758164,0.44678015041092983,0.45598132227204713,0.44091660127035576,0.4628713061825115,0.40101971971482875,0.4561874160988528,0.45519916292711604,0.4865934116503708,0.46465760019269897,0.4337355490976777,0.44982146538533363,0.523310133818329,0.5187143543235689,0.5252798857977494,0.524971741574146,0.45563085686776134,0.43486616779694226,0.48130382967445645,0.48278001996619924,0.46383256695123865,0.5462540452992988,0.45058971965645794,0.44200991155751274,0.5740607926836327,0.4175355799759136,0.47083716646436363,0.5434690725667138,0.49548839424396507,0.49386578733245834,0.42176065527226764,0.45380271219244134,0.45689092243013857,0.5218521008524716,0.43390843683118263,0.4654497472822845,0.40991553510257067,0.49752606179408043,0.49845391700970537,0.518444334801647,0.4820500811285468,0.5637602559961651,0.48763190250936184,0.5051821342650804,0.44938276461969673,0.47932467879544977,0.5193733555842996,0.49962811897417503,0.5339960387283653,0.46847911050078467,0.5595004158084284,0.45478135243902357,0.5076313503666605,0.36268150308237035,0.49218414052105197,0.48467766715373234,0.5284177091183031,0.47610172898450775,0.48291569275610313,0.4832034469933551,0.4740741290064386,0.47509282384114787,0.47993150501823595,0.4620888654685255,0.45247967302443487,0.49810067251367296,0.4389486487133369,0.6088999368279671
0.5301316872809234,0.5839887910649338,0.5750590261740318,0.5557953044133751,0.4557010830512369,0.0,0.4762420520139577,0.5608753697832792,0.49868965035830576,0.5744238191458935,0.5501929044390678,0.602822561770524,0.5607656710193052,0.4653806484985409,0.4590078702702552,0.5555378669151123,0.5429590530637803,0.4885791826494217,0.5407240910217698,0.4614126822607789,0.5675719201065257,0.5085134981430081,0.47622171379192924,0.47480699249850516,0.5861169013968968,0.5147756442123321,0.4915432843737374,0.515592893249337,0.5311018635691801,0.5075444355778241,0.5077949331600595,0.5495224198318137,0.5442332680650778,0.49913097226655717,0.46888270890419104,0.5065106805938439,0.5607937604385199,0.5136018476150039,0.46750941376764693,0.5021627707176174,0.523332746635925,0.557813245963991,0.4653744349999516,0.51265319868094,0.5178154507696853,0.5171767416766201,0.48279591570046815,0.5084807246255282,0.4832211690118778,0.4631674648903976,0.5391090457597104,0.6005039427667632,0.48933821513409803,0.5723917912801008,0.5202732750420628,0.5777350346631391,0.5096931965572654,0.6575233185638583,0.43112056965924384,0.5012480630861337,0.5585593603021431,0.47194358340024145,0.5646259108347055,0.40888383449090066,0.43574965817503597,0.48557410380260746,0.5104057510345734,0.5037935120066664,0.44632042307225206,0.5494775508018602,0.5195617698728472,0.441606008866281,0.4927365040783373,0.5455828882449794,0.5850584822008312,0.513065747206771,0.4856624248035763,0.5664641161474304,0.49645094914356536,0.5115195781887222,0.5827093389123618,0.5274318452329555,0.5603125197411866,0.5526240157863315,0.5301700888720743,0.5654974306811705,0.5499008706045404,0.4522438636478736,0.5761144324701567,0.5259904822809526,0.548531651809407,0.535285319222291,0.5051123705443515,0.5005964469357977,0.5073170188952104,0.5848028964311633,0.4727240450904407,0.5663271707068653,0.4335469382339805,0.5460611340731754,0.4610936725417134,0.4494586885982353,0.48283728230025075,0.5049128241091945,0.520739194451924,0.5239676423887899,0.5092672715280042,0.5392501838703023,0.5126979529458736,0.5399432837666424,0.5533032979155931,0.487402014438548,0.5814334913876696,0.5262622562607175,0.5364363133758303,0.5965423646690088,0.5534587323294188,0.43764993621591824,0.5290749736585024,0.5652713586809365,0.44014925974563307,0.5517830198648392,0.5040202252202549,0.5951003193145957,0.4451643438277196,0.6012005697160981,0.47858600954705377,0.50537860653314,0.5629732824232543,0.45986819284816327,0.5388150742976383,0.554356560169859,0.48639478551408494,0.5350719829486176,0.46383167845204953,0.40609521193614284,0.4688775589089838,0.4589418788053298,0.4562696036197075,0.5024696513856608,0.506885588584161,0.5078798649830741,0.5485346713551175,0.5056392324885416,0.5340541186509871,0.4464421289675059,0.5223649317746221,0.5488483478554262,0.5435937671250162,0.41548073355844184,0.507275030337083,0.5217481192306315,0.4661536203207058,0.45258174299922,0.6084595462898403,0.5111558326242915,0.4930698875391239,0.6668892685118679,0.4711571768413737,0.5224088396758113,0.5086933877725626,0.5294389229529268,0.48947182532696987,0.521029192392108
0.5500344436235861,0.5373947196926004,0.4909524238061462,0.5233666626199704,0.5378231871091578,0.4762420520139577,0.0,0.4197550214704216,0.4529074541549973,0.5500684817442614,0.5036745678252528,0.5142720178607203,0.48876345645548946,0.4759827658170665,0.548005719027144,0.454051580742354,0.4758348852335216,0.5268180188955682,0.48454800581088414,0.4486466890763508,0.5212588105074705,0.5205168442489234,0.5603180535230804,0.5396747563775015,0.5579123277965108,0.4954523265038057,0.46849063517858486,0.4528714205120201,0.5148889949944883,0.4446425531215094,0.49537434769636873,0.5077654701004009,0.5198622091170103,0.48178357807503014,0.5214141218613556,0.4945765931426645,0.5343683025520102,0.4435547880172259,0.4445370320548402,0.5804687037288014,0.4954188938198649,0.5190261691943705,0.48049408401424953,0.5560929895719995,0.48711027269128976,0.4955053611335426,0.5349067209809898,0.5125942755830434,0.6148857781746597,0.4818527932391062,0.5735565897209438,0.5181906956525621,0.48144100891469477,0.5553907670753291,0.5286461950221396,0.49376263161312955,0.4858580614816948,0.4677484245709778,0.5368867539468575,0.4807418070119293,0.4327387986455926,0.4193028588298088,0.46609091738069824,0.43040552140872795,0.49139043270547533,0.4570579479122474,0.514163910123162,0.539555440766541,0.45580903362175373,0.44248997557564623,0.5144408423041033,0.47193247302012403,0.48035704460605094,0.5306303653629688,0.43223613008465067,0.5253516220622797,0.46668272808279126,0.5794752061969721,0.42416821663533066,0.4273244033528693,0.4626052649460777,0.5380460961800445,0.49970142024191977,0.4117066381082588,0.4806082150820028,0.46173489775736004,0.4309848898257018,0.5168236398472464,0.48276997918478387,0.4478364920516139,0.5634301442371816,0.5889898148084842,0.5355324039827183,0.4822280692626222,0.5212656908737149,0.5393260901151598,0.40225043804541394,0.5033619957565553,0.4438778451509286,0.5268932763890358,0.45835055030295635,0.40362445001136366,0.5328949026202404,0.4971450968212514,0.4738875859406746,0.45721103408972996,0.4419506210662233,0.463602392823324,0.5605372598304755,0.5481209588805188,0.6222481744158679,0.4934838157054179,0.5130540308310151,0.4230279784842888,0.4758666171814518,0.48098120669992905,0.4971214415225576,0.5076597289616254,0.5015500860542838,0.4591413935835018,0.4623734661521032,0.42319894800772956,0.47146136590901794,0.5644568132487796,0.4561898998299642,0.5155717316097922,0.4485731578097174,0.4454640642990257,0.4836976514101113,0.4928701455362051,0.4262819773018281,0.42574147226851705,0.39981673660446626,0.4614639653374315,0.45749837640649904,0.4452416146696999,0.4409308038362054,0.5528748766439545,0.4795325376228572,0.4686173525179761,0.49457725643646777,0.461238072061018,0.5790398322804099,0.48189232728152,0.5081576656054704,0.5387132632704621,0.47930475769050507,0.4648795816805256,0.5058714758592828,0.341168752117876,0.4850372702234437,0.48997938933756374,0.4626719294498192,0.5090803662898915,0.5073554841298878,0.477829628327002,0.47418507743678445,0.509981784591181,0.5506325276390677,0.5070387549403438,0.49582102430750324,0.49750748402653633,0.4389775988664111,0.515670927092972
0.5198684495917728,0.5058781247020948,0.5465930628367659,0.4860991466301137,0.4173950270857451,0.5608753697832792,0.4197550214704216,0.0,0.5234156019340411,0.5067760781683343,0.536007702154401,0.545786987285688,0.5806642800086319,0.43897358325722224,0.4697683896461816,0.5643191211388219,0.4973656531697237,0.50158300691179,0.5059030960398461,0.491344970493281,0.5217358805462815,0.5054190955123223,0.45651426425773506,0.4606546097170025,0.5440212566703858,0.5120246957433998,0.5348709339489787,0.5032440241099265,0.4473687977738866,0.49868451888548926,0.5332582790330523,0.5192115930242707,0.4847061340419634,0.47845249605453005,0.44363767457573905,0.48349538828140604,0.58496895479085,0.5354613917057441,0.497180716366904,0.4734624487431999,0.4756973419764195,0.4789969640356802,0.5077635180990098,0.4504352148258722,0.5932963038425387,0.5559350069263185,0.43205337274624783,0.4913333623500143,0.4633100449455658,0.47237752766275876,0.5087444757533982,0.493658313961061,0.4493688559273907,0.510787955696013,0.5015031662689274,0.48510470237257974,0.5144883317508245,0.6081967615589992,0.4165006141239644,0.5053111226848678,0.6420463576028528,0.4556595280417529,0.5528101211263929,0.40053668886469107,0.43409773309730554,0.5110881148116901,0.5241807750829833,0.5008570530512805,0.47184489359561055,0.6933336163201157,0.5321100957014722,0.4371746345765758,0.4570472192844031,0.5403639178351929,0.5857748026818526,0.4816903547165007,0.512406872491855,0.4821893160664144,0.5630965100905491,0.4307227862861161,0.4870594812574317,0.523713661552433,0.5217921630188085,0.576656507872196,0.4965536064922429,0.5926513343205417,0.6729064883244192,0.46177569673846103,0.587214818861786,0.5449873750869882,0.4994340023999695,0.46386227620197074,0.4752596320866147,0.4828906180526725,0.46685718214163413,0.5139340628316812,0.5156808633880787,0.4792876200236079,0.398356353199748,0.5110193627947068,0.4565454903227505,0.552637841814567,0.4504178773943849,0.45773131756765373,0.5242964533365301,0.5505049309599643,0.527680436113806,0.4950036558244696,0.4904896391334399,0.48539513879842416,0.475204061520866,0.4778389434996215,0.5081276024077079,0.5424022157037672,0.5288366607765268,0.533735112552334,0.477529714850592,0.45357439027829527,0.43148470447841797,0.4868685213946477,0.43350298360137185,0.6111998909566276,0.4517704525315487,0.5309201343971622,0.415735078760876,0.5537039144542867,0.43954185816249003,0.5701430050187646,0.4885563728446139,0.4845302830659437,0.5054294580774302,0.5479473752585245,0.5506047107111952,0.488914273477703,0.5025920940511922,0.3985836500925288,0.47766239551552186,0.44947446768391397,0.5032695295472414,0.5484613740106025,0.4694961239409972,0.46649180498817117,0.49412401537576756,0.4841706403341865,0.5132292258822643,0.4284692711040505,0.5198051094864526,0.5178645469227673,0.5239459456741736,0.3883534393442803,0.5426041249188839,0.45326079004769243,0.4841498612770953,0.4464684378856678,0.5429841422428401,0.5927297117813998,0.5154456870865204,0.5556554362541882,0.42252392927456495,0.47013942098779243,0.45760549349803775,0.46271449525286595,0.46967701768663955,0.4928633079862411
0.5984256234911128,0.5793455249319855,0.504019372556443,0.43482187134938594,0.49479597933683056,0.49868965035830576,0.4529074541549973,0.5234156019340411,0.0,0.5003111125806653,0.5254910484193678,0.5302684083841291,0.5048715063043545,0.4759414145955938,0.5273799078480925,0.5017923723041768,0.47703302399270797,0.5540966115813872,0.5034112783561568,0.5475554572652702,0.511685292490783,0.596914636937068,0.4682980739185153,0.4919241044981354,0.5389775129397454,0.4415891838764834,0.5188683931353866,0.4591154319457432,0.4780212907603062,0.5795417529257566,0.5975678845183682,0.4903109549378981,0.4587544683197091,0.42956229584820277,0.5222642102043348,0.48607784535891946,0.54519357793887,0.5569855649488645,0.522538542908365,0.4744535524018691,0.48707756018638865,0.5477513280780124,0.4842200386235198,0.4735674196030582,0.5060982853863749,0.505536956003199,0.46829661879525897,0.4846965670453727,0.49643513400399325,0.507718285981867,0.49165603454635237,0.46666734799869175,0.5136395710059668,0.48593693391579873,0.4749812410992792,0.5367186445337644,0.5350057270348496,0.5285345609673592,0.4453214000445003,0.507071583275852,0.4804190713085126,0.4420265898631836,0.48015235353041413,0.4426893112082889,0.49941272499529593,0.47058508074048305,0.491542834098548,0.5129275076213923,0.46804384576787295,0.5438272008745875,0.5597587481390235,0.49199524654592475,0.45606555431350765,0.48548063910046235,0.5304976780416986,0.5108378958450595,0.44271116536153304,0.49651809298559746,0.474824827773863,0.43156945400718894,0.4776593984038712,0.589401851872017,0.6008848607024573,0.48220497932373074,0.4855658179662219,0.596766645419338,0.5104308149362751,0.47491397587131867,0.5113939068514359,0.5918382721225532,0.5201584073779405,0.5150158406626318,0.5186871116779654,0.5019099836990885,0.5090584628776955,0.5348595195143934,0.48974905436461963,0.46558658764874106,0.4572942997195451,0.45888581701897274,0.49797289967848396,0.4324451125323865,0.4252841791802427,0.45278600595514934,0.5201016347006605,0.48163467312238356,0.44799433687835005,0.482127910871971,0.4913922705063153,0.5099245331907056,0.463871641246989,0.5063418173700552,0.4690616548074749,0.5268525280980878,0.4868951953480163,0.517194261338395,0.4848615396751766,0.5028548218844276,0.40099639722456415,0.4958335609135492,0.5114788952562075,0.47074812681148437,0.4690166512382082,0.5371031940799652,0.5247336053680035,0.5029902460369915,0.4302301793332763,0.504091631022229,0.4492812582582089,0.5179095182745229,0.5736770135231061,0.505754348192087,0.49345525975959587,0.575390265539684,0.5318990103396043,0.48024844046928344,0.5261994487642813,0.49463647978116565,0.4912535803297226,0.5797575860304812,0.4519834675666458,0.49997305636357553,0.5504163725301154,0.5234058518497327,0.5361495146592992,0.43261161041949087,0.6529833480182669,0.49066850358242947,0.5457241155167941,0.39340986711934406,0.5373784356429281,0.5020430442334302,0.5433993049229295,0.46638077021735785,0.49913666496947734,0.5815814528609452,0.517457775763393,0.49197069734661086,0.45072109286408113,0.4447573761303849,0.44925787762504604,0.5352616495155231,0.49441379284155174,0.5847624426104421
0.5620305546071764,0.616216509320492,0.6097047879557483,0.5187009763629409,0.47187868250196024,0.5744238191458935,0.5500684817442614,0.5067760781683343,0.5003111125806653,0.0,0.535414765384003,0.5448680175346132,0.6002782197570355,0.5074753588497196,0.4761577921155354,0.5545705899788232,0.5823980817997766,0.575495010357699,0.5130623519897336,0.4922244078001051,0.5811051530474963,0.5399358192565077,0.5931532539097796,0.5169290622330145,0.6723306703031889,0.51671045632359,0.5692241084993398,0.5525658354486453,0.5567140620062051,0.5110441855332637,0.4885650279793897,0.5814298703727583,0.49069381283036134,0.5164478789945808,0.4831117439175912,0.4938783506387528,0.5754325058419314,0.5093144294517316,0.44227665453868964,0.6085377254151485,0.5025286179184889,0.6463776504458981,0.4810520042641604,0.48595265339820254,0.5389396584920728,0.5715193163312507,0.5417208660417495,0.4906865804472576,0.5813263296165821,0.48258858041396385,0.5491602958800498,0.5463092538193045,0.5150284318067405,0.5338076446984099,0.50717382054934,0.6240753916089001,0.5280782037438855,0.5387204284221566,0.5255829453445332,0.5230751772267387,0.5089828731743821,0.45548646382555114,0.5031793001737777,0.44495921997407967,0.47108118760474343,0.511874399795696,0.5705965085070682,0.5523173433351993,0.5072971178061843,0.5220384465780864,0.5237264747658299,0.47976230406128684,0.5222582710177319,0.5964322522630091,0.5480800760008901,0.5718388350816989,0.5043754005589991,0.6109792784126903,0.48014308299119457,0.49063388517262135,0.5712481641045949,0.5282588659467333,0.5744687337165347,0.5052606282807554,0.5501479191764534,0.557057758595177,0.49388937726127574,0.5002158288058814,0.6165985450582676,0.5244711388685329,0.5568526916170341,0.5421419728677773,0.5191084904559145,0.5137666786468109,0.5583955216418104,0.5474641495347219,0.43863460681346195,0.5754642808897673,0.44248427522497535,0.5966210578392905,0.46642035071491467,0.4432579635443158,0.5004373754300748,0.5123462572473296,0.5068155888257707,0.5505220485577562,0.5224805357635586,0.6184057011433025,0.6018961525002001,0.6148875876236907,0.5559383682245451,0.5096931021647195,0.5796473196607763,0.5419110416546528,0.5172729497664641,0.59956705376815,0.5964940484367383,0.49833718816506967,0.5294810951153459,0.5422521240928618,0.4568803442519673,0.4783420168406163,0.5264920062227704,0.6004767456761306,0.4573564730726373,0.5534830539717305,0.4954503642641382,0.4773386585470467,0.5550003106361592,0.50966220982516,0.5642276671850833,0.524797039194684,0.4676842347263951,0.48373854745005374,0.47086287848411074,0.4266975710026592,0.4851336631023861,0.4919896243665563,0.5285863765107501,0.5116548281667249,0.4839111418991258,0.5186119626062361,0.6151283653769586,0.5164049267647687,0.5527586386025225,0.4943985285448562,0.49107896763852443,0.5904797810655303,0.6312863827522694,0.3995591798486212,0.4847170834191778,0.5334054040420233,0.4927174761825438,0.5615521194429154,0.5929799684115222,0.5321058480671301,0.5345207122100253,0.632320494839925,0.480884694057003,0.5423166245057914,0.6239580369211617,0.536539373025725,0.538129908572345,0.5240582703393066
0.6535952568389705,0.5573045208377029,0.5972839335339988,0.5411288243740887,0.553856875692046,0.5501929044390678,0.5036745678252528,0.536007702154401,0.5254910484193678,0.535414765384003,0.0,0.5734790788787683,0.5962497146152984,0.5008156812822776,0.5448265810369423,0.6212560507346154,0.5970314372907787,0.6352855129005304,0.5966740117385403,0.5542025810563376,0.630482311763415,0.6322794194133631,0.5350434104526496,0.550978326506577,0.6053096759833716,0.5523307513007384,0.5565823315455996,0.5707119961805805,0.5609114992129313,0.5361850976076364,0.5425770434328985,0.5660093869983701,0.5252114201773393,0.49064304302644346,0.5462085497790101,0.5454022576253155,0.6327731083149272,0.6060570661799566,0.5471644391539612,0.5736820291516146,0.5561643255664089,0.5335056313002557,0.5825843631796545,0.5661279934840628,0.5504801290016008,0.5608471554900076,0.47016592067435736,0.6380181233626895,0.5892089890769792,0.5625854867199078,0.6230220665456048,0.5704721467047499,0.5355935734394967,0.6192619291672078,0.6215788655372405,0.47277172438855075,0.6307192638826092,0.6444810746076163,0.49427961608326454,0.550073959959432,0.565119414626972,0.4567461324328778,0.6421326169622839,0.45582250227129417,0.5160725509891227,0.5368219622959779,0.5344881488790354,0.5373981880997408,0.5448414182738229,0.6120140252046563,0.5878831963791504,0.5111920398539908,0.5237036091897651,0.6114610200207129,0.6067959946635193,0.5354938369581885,0.5394637380291399,0.5737456155942623,0.5365951075912749,0.4784287041784852,0.5301227167932184,0.5790686225872734,0.5422201886410194,0.5524868116708939,0.5627100469847797,0.5778473998375457,0.5639647812651208,0.5196411117710232,0.5447843977679945,0.476631933607977,0.6571147928940141,0.495574146673163,0.6413124755688142,0.5685031823999417,0.5619146444993012,0.5348324751588578,0.4910918046193819,0.4834278459858784,0.4495096378302323,0.5113841885152632,0.5129800501352388,0.49120238075662237,0.49291417977358515,0.48443796951796403,0.5811541259847237,0.5301690239590837,0.5240745266640383,0.5217942638724204,0.5538366842743354,0.5465322095474646,0.5857568545120974,0.568389258370612,0.5452200841281206,0.5456888204040525,0.5927720270222292,0.5678922691440415,0.5341921215415362,0.5718931507470296,0.5046624581069998,0.5049538186359891,0.5401094960495447,0.5210060952596958,0.5163130851520537,0.6123929804841669,0.4974333127686224,0.6018393912150368,0.4558547597480856,0.5075012522174915,0.5374048386389462,0.5514815563531003,0.4789787361056385,0.5615652681348461,0.5314790379143953,0.5586857021023763,0.5690108837105671,0.4798740901117949,0.5023547517403496,0.5485495195194758,0.5705316122068869,0.5848866273324708,0.5228653252558249,0.5251168411547759,0.5589529506791985,0.5534572582438434,0.6034870907589527,0.46211022001707025,0.544454614674443,0.5209778957549512,0.5721516741047934,0.3995707370193577,0.6076629768618987,0.5402832322869637,0.6191315978978207,0.45766472390139695,0.564769719452389,0.5736440103360536,0.6009063728786348,0.5463292625465627,0.5214033988641151,0.5522335818590308,0.4974374695894888,0.5482156141124508,0.47981179993153555,0.6805934567796131
0.5815203729820534,0.6114567363516957,0.5310346477317446,0.5347069081873955,0.5034425688269167,0.602822561770524,0.5142720178607203,0.545786987285688,0.5302684083841291,0.5448680175346132,0.5734790788787683,0.0,0.5186722803123555,0.43625265904295746,0.5485087020959433,0.5315628279132719,0.5163722722159705,0.5182444493194664,0.6541236492536253,0.5073305190248664,0.5829193488975613,0.5360727564734076,0.5399409471425016,0.5753452634524842,0.6473489485196091,0.5056167959281943,0.4955188670851955,0.5143603934053333,0.5331211149149649,0.5541947557124591,0.6084581841702409,0.5118795284288563,0.5661335409686167,0.5351334521595082,0.5179727035492486,0.5092499393501049,0.5807704341987553,0.5170481781884994,0.5331424938177082,0.5179436106815418,0.5772412429186065,0.527661526514623,0.5093968138473985,0.5665096135551914,0.5451294426268748,0.5417548640406195,0.49281764348887114,0.5470498395033979,0.5346843179864609,0.4802510437550429,0.5414344895439621,0.5844462444305388,0.48056771453825053,0.5795113101113933,0.5356108172256095,0.5296588931659947,0.542520405010436,0.6412020621883789,0.43268971822060354,0.5045575554237253,0.4991883619170265,0.4233438754497507,0.535920147609584,0.4107206936698891,0.45899721456707687,0.47485514336449114,0.4815626822535596,0.49463759305805016,0.43615468069049734,0.544402507973395,0.5262519337862277,0.4573687426509571,0.44695766524509417,0.517984506151981,0.5239001820106659,0.528987036634776,0.45766906634523785,0.5635656138341263,0.535242174707136,0.4680124133355849,0.5146567007799588,0.5536411114273572,0.596877816461789,0.5032754393728397,0.5066840712094618,0.602632088269754,0.5145313627678076,0.4517110851979305,0.5516229596788307,0.5376851152561644,0.5494442799495903,0.5505338027121747,0.53801535463802,0.5183313004480842,0.480464678655231,0.6362208077016702,0.4541488742406506,0.5644704621506287,0.42306936070242324,0.5063036601337872,0.4741376028149702,0.43881916100491797,0.48385868751113714,0.5782375071232119,0.5070231793098335,0.5182978748568734,0.4767412255562414,0.5455990197610341,0.5309886160318774,0.5807041255475998,0.5909819918483976,0.4990178802361384,0.49105967689844876,0.480827608156506,0.5429852685589317,0.5799431795172242,0.5570815947609874,0.49035181250071297,0.47999425814263,0.48700079149832937,0.47000340200956936,0.5002213335699642,0.502446508772647,0.6372487762043966,0.4583204001576537,0.6640738090033093,0.42112731208217247,0.518132951269858,0.5415450930805662,0.4787457163945976,0.5061412064529703,0.489611833306594,0.4610073662083939,0.5391412935069992,0.5129195671322482,0.43258898985845734,0.5619097517957712,0.5190674132750169,0.5089653797423299,0.5688263848066061,0.5170113906441459,0.4683994718804339,0.5393758988897938,0.4788674509856564,0.5517771154033261,0.46474585649911027,0.5906590428361232,0.5167204757991933,0.5910206798186816,0.38546215368222003,0.5799182238546936,0.5302979025133977,0.5032126762343021,0.45851397121119913,0.6702502001122017,0.5406225121393032,0.525261104200417,0.6265565443824725,0.49654064848623786,0.4760561236627878,0.47321495007932385,0.5445428396296198,0.4685466102424121,0.5822876097089085
