0,1,2,3,4,5,6,7,8,9,10,11,12,13,14,15,16,17,18,19,20,21,22,23,24,25,26,27,28,29,30,31,32,33,34,35,36,37,38,39,40,41,42,43,44,45,46,47,48,49,50,51,52,53,54,55,56,57,58,59,60,61,62,63,64,65,66,67,68,69,70,71,72,73,74,75,76,77,78,79,80,81,82,83,84,85,86,87,88,89,90,91,92,93,94,95,96,97,98,99,100,101,102,103,104,105,106,107,108,109,110,111,112,113,114,115,116,117,118,119,120,121,122,123,124,125,126,127,128,129,130,131,132,133,134,135,136,137,138,139,140,141,142,143,144,145,146,147,148,149,150,151,152,153,154,155,156,157,158,159,160,161,162,163
0.0,0.526016308867286,0.46775151436839696,0.502480241594059,0.6399098016505546,0.5369334856575114,0.535758329057843,0.597836217719391,0.6171312872684624,0.47602283570758286,0.584591080515645,0.5091642097433153,0.6559307293798547,0.5284249090529186,0.5602166440279256,0.6120109548981805,0.6502384963577099,0.6933608201519744,0.4804256454291779,0.6188275609371897,0.5701755065343062,0.4993051287174894,0.530683415701226,0.5097879160642166,0.6001376135298271,0.5501923363281293,0.4886197314377871,0.559041554782475,0.41601318493293216,0.5608447771003292,0.6178313669419585,0.6010331673259502,0.47453994490722917,0.5228062764087941,0.6814318306395861,0.5305564713284362,0.614883654008767,0.5968092757941593,0.5145196121243335,0.5534867196447792,0.5251480559359368,0.6178677837220592,0.6214077450881428,0.6008720628611589,0.5966938287170152,0.6625198914949124,0.5557183337729809,0.5722477089729943,0.5979665557657098,0.6210167929486538,0.6817919184775402,0.5560995544847005,0.5445053741019242,0.4729619341140196,0.5236856286333242,0.5769148239493032,0.6627532187880065,0.6071135606358753,0.6269169088130162,0.5813372105278672,0.5328473227066544,0.48694260465832034,0.6204285928270927,0.4968574845570579,0.5745005086234486,0.613500067728855,0.5991907540332649,0.5427076203015416,0.5269148583945277,0.6192938989125886,0.6221449429106377,0.5721314279646363,0.632271012448642,0.6369321709692995,0.60375280405545,0.5705630155168697,0.5656074893860195,0.5466291674894062,0.5915093197069319,0.5585804984490008,0.5720280214971676,0.5556566091931548,0.603171500134111,0.5544445309309751,0.6826023198435842,0.6076284247577568,0.6136758100202093,0.6279583105240208,0.6469180277951094,0.5681974890354935,0.69518981043949,0.5731760673610122,0.6062185171109825,0.581750075513027,0.6262834942317508,0.4716351151384977,0.4334666044338482,0.537161559507823,0.48456979436923897,0.6400391113246728,0.5197610868264965,0.54868729617366,0.5614267499705974,0.43850142423279187,0.6564439753359813,0.621576818574704,0.5725482078078901,0.606381323436246,0.602217921496573,0.570819838724115,0.5456509718791249,0.647644743206054,0.6627779592220524,0.5926697357810372,0.6349794042736386,0.6350052764877548,0.6888354144959328,0.47705274299691186,0.5068757400547581,0.4967741534693706,0.631893521139009,0.5212062704287395,0.5989874453332278,0.6783597048761683,0.5867978876223694,0.4914404525147034,0.5248692592855945,0.5274438051464763,0.5024087424934011,0.5208998659327497,0.5710873474599591,0.5461886007349003,0.5574483711688474,0.5516164833121029,0.506455309638043,0.5722868345765052,0.5645194717014713,0.5597182658073832,0.4990833469307223,0.6400029225450036,0.4787553184867904,0.5320857910115558,0.6109426798059583,0.5327884631992322,0.5911761064897919,0.5790791139319148,0.5524071920700613,0.5544677014057877,0.5179147844288914,0.408860399124814,0.7135573428623075,0.5813226954548174,0.48890938531298456,0.49678208446717115,0.5860718069134886,0.6328968077067919,0.5024348353011068,0.6495399546887741,0.5040612980596705,0.589586347657091,0.5065157779660262,0.6382085209850602,0.5165783517210788,0.7195036267058581
0.526016308867286,0.0,0.5959880915935382,0.540720465737987,0.5523492846388457,0.6174825554371726,0.5025119524939573,0.6023759951019233,0.5001942537120776,0.5267351190136504,0.5969813061210772,0.5804154219069152,0.5733000526041583,0.5103577671553702,0.5898534043085255,0.5483642859268638,0.5910692453953076,0.49930962584694144,0.48725919051734284,0.5321769312736394,0.5868848821228336,0.6375466953221713,0.43790970843961297,0.5544817378621067,0.5210411699022452,0.46120812325048544,0.4450653374433437,0.48757785979167617,0.5009385430909936,0.4369425537282662,0.5613858229531105,0.5298470653250056,0.5638971585986335,0.4560352173052632,0.5719347357661277,0.6227319050988335,0.49179077420356626,0.5102846082973113,0.6244525175821741,0.5445218784858636,0.636656123161038,0.5387023429931636,0.4743718990779573,0.5783173160155277,0.5816036187226226,0.5265801541242346,0.4776788978421215,0.5672049334220222,0.48439394459423935,0.5748323765687557,0.5795274140023826,0.5259647826544188,0.5710453286152446,0.6351758561373158,0.5886286766289766,0.5097182371154307,0.5331524052894607,0.5675363021670767,0.5761228992247843,0.5703069606343788,0.6331434171022619,0.4445144278357994,0.5376393190971712,0.48845025321436036,0.5014120249511405,0.5021987669784941,0.5533973404709476,0.45803457010051396,0.4507890533268157,0.49905113135857443,0.5256619369940203,0.47589628055323147,0.5124687194406417,0.6097715275189057,0.6241947936507616,0.4374810666988964,0.519032679197569,0.5062520875711848,0.4701651651751292,0.43922557033191584,0.5276075999571058,0.5181968837524802,0.5498511660789577,0.5088324386005806,0.5048835177091092,0.5734439266147843,0.48136859500266527,0.4660659220046705,0.49325257529480515,0.5479633113201208,0.5132493736907683,0.5416486639819263,0.6038896119368197,0.5026657623248031,0.5449808027164299,0.4923104522679304,0.4857712056260472,0.5085394209202635,0.43268429182692114,0.5742117052062637,0.488579795697772,0.48751878799408704,0.4465547752315675,0.4450429535387131,0.5332545369205165,0.5052915128814536,0.5655874614107793,0.518682777708011,0.5674947123884858,0.6414431955477141,0.5471971471725965,0.4951241846467153,0.5550899354838438,0.4839381037933103,0.5120579465424976,0.5624483906775154,0.5167134122077485,0.44339576421027665,0.5723828074754755,0.4400173301631894,0.5272214266408403,0.44657622591507073,0.4933912303094533,0.5640729049443378,0.4840028966115199,0.5517187467349712,0.49908078640407666,0.5635258643574721,0.5964570013354175,0.4791747353584354,0.4991589495691909,0.5373118717354963,0.44694769669892337,0.5372857979699531,0.5879570946740887,0.5216121959040456,0.4721034899854834,0.5168123907987451,0.4967679885474461,0.516672032223644,0.48117021584438197,0.5113135192426896,0.5962888491083591,0.5631832427083201,0.5338468226039936,0.44025930019193443,0.590666328545268,0.5388200980994073,0.5133424168155304,0.42410223229134336,0.5181679921159708,0.5332042291540273,0.5216736413765002,0.5548171904059238,0.5515823119355409,0.5312432394264456,0.47684096819292593,0.5791674992858719,0.4889843153278435,0.4468503274635076,0.47532102505896906,0.4801538145777186,0.4405907039000736,0.5358781637562063
0.46775151436839696,0.5959880915935382,0.0,0.4597597626698205,0.5193805695425057,0.5314587570950946,0.4246113511513116,0.5795535977679197,0.46451321409136814,0.5291840580430581,0.5355985798624486,0.5042544262873585,0.5121021429067363,0.44784981183869127,0.5166249792195903,0.5187747500349001,0.5283049434845477,0.47461946637857744,0.4357973455515525,0.49813889136471384,0.5653706840035594,0.6743731554070179,0.39442315818519497,0.48948820280713956,0.4955663136580591,0.4412841792720083,0.40601846057746543,0.42620067982551274,0.4634037240264586,0.400355188750131,0.48503102414045685,0.46869416279666154,0.4711351555587599,0.39621429980741946,0.48464096228797116,0.5468088402879095,0.4545669496998882,0.4893249414422343,0.5200925721868598,0.47024323064873624,0.5483432250312115,0.518967740119433,0.4785111643665179,0.5039002439389554,0.5250617417523615,0.4713819970925379,0.4601855700370697,0.551641802748298,0.430845599547025,0.5286657596556409,0.49241834333230644,0.47786227588873453,0.4734081809927192,0.5379251154616245,0.4981769548987905,0.4627860475460266,0.46749807531909754,0.5302471476177194,0.5335118148944746,0.4617330074861907,0.54801892607084,0.4046183484792542,0.5234952647800853,0.48006793370131823,0.47034235599988344,0.46970882404315273,0.48510134840972396,0.4565129491398424,0.4853954059584676,0.49712124668223456,0.4986005789821719,0.428516412485749,0.4763520762995966,0.5390546760074577,0.5706940558146048,0.3831700627456333,0.45709352665728975,0.4510105064876238,0.4491417157983674,0.3843206643249481,0.5140705339379056,0.47903067156688967,0.4932496746494459,0.48731021599219804,0.46197460751423197,0.5380600061808221,0.4646782538685067,0.4290993274125836,0.42976407488691276,0.47468278386336055,0.4720334081377216,0.4568243922839592,0.5003626642903656,0.41874232025053726,0.48958169249001443,0.4705659603397416,0.4665614642379956,0.4816788222881344,0.3935975714052349,0.46676949625382774,0.4188794048228719,0.48452031201166124,0.42573490229598226,0.4592142039333693,0.48125569763002163,0.48200791495604833,0.5272140872109291,0.5080099508897284,0.49643735909343206,0.5706076768798617,0.4643325033082655,0.46481592906344754,0.4908995728956385,0.453897835661823,0.446938153508631,0.4733647295914482,0.44981047279641545,0.43385747907012684,0.5664530682775375,0.4017775565803061,0.4728447231217705,0.4268441010252242,0.4533294183065028,0.4683064506887052,0.43770030459303455,0.4903033593365502,0.4445042373871396,0.4847546465041173,0.5529914392527178,0.4675590774468299,0.47454793706770015,0.5497667695612953,0.39772918387705897,0.45785588604720207,0.600026239421824,0.4952064964807117,0.4398799206938314,0.4570308685125406,0.5081350600111192,0.47395056135994984,0.447394123903095,0.46648939967741004,0.48445321661652063,0.5509324154126287,0.5002956043537178,0.4239287471868053,0.5562960754561544,0.48734844408389644,0.5430576897243249,0.40416014230299824,0.45362117187557893,0.46312219536051275,0.4811849366173985,0.5686832450085572,0.5287650358073336,0.503989643354437,0.4137604377827117,0.5092011608730088,0.41086432785614957,0.38429344477063604,0.47254445360882213,0.42272559091599676,0.43172624212426075,0.47228431321807846
0.502480241594059,0.540720465737987,0.4597597626698205,0.0,0.5184664307623807,0.5159055081560736,0.5480487335491894,0.5144064879377479,0.44976125431060093,0.43312526257735534,0.5388046117415151,0.5155290256933973,0.4896531901405807,0.435153649044988,0.5987801347595332,0.4473148545710126,0.49845395925667724,0.47545341299100463,0.47323317832929057,0.4412954759548856,0.5159260379259644,0.5117593731437308,0.4445015940364226,0.5396901417481748,0.47508785725388375,0.4649053050590103,0.4249176668994396,0.4797340262346307,0.4099539034783502,0.40265292837243677,0.4925752439636336,0.44047363148044416,0.6733652235231935,0.4454812657137642,0.5165676774551998,0.49001708171835745,0.45979202699203436,0.43719671710254593,0.4965225982421115,0.5365277029185336,0.5801520072482783,0.4859260196907184,0.43830835077147634,0.5614737625637984,0.4970658598196644,0.47877021948728826,0.41821153903573605,0.4856757268021443,0.4641496856301222,0.4733254075293446,0.5670055659289357,0.5399478517644911,0.48037889259129196,0.5892822293977549,0.4980374064432976,0.44600042390068667,0.48462376614260566,0.5177243071581799,0.4936543958114856,0.4753569694569517,0.5275518678949733,0.3838746407806933,0.5153946565489163,0.3925626218365616,0.4575543745609536,0.45356335075301873,0.50918392920474,0.42882431435865154,0.40450312304710656,0.48007045557448147,0.4796045619323825,0.4162807823217219,0.47970841259346103,0.557064743150267,0.49192519131028645,0.4063260639973732,0.47669532147846994,0.46066688851646315,0.4472728332344203,0.4051325891677129,0.45529191242166006,0.5162912601437221,0.47796291900090826,0.4385721158363244,0.46819176408454727,0.49031137716017675,0.45037100680693465,0.43473829327499947,0.44853867099435313,0.47386011771689684,0.5204165043744214,0.511255233891648,0.49368308256071075,0.46136001132345505,0.5033824953506518,0.45135269644718334,0.4087994712246844,0.47176613134982953,0.3839891125730569,0.546482800055276,0.4200438994533289,0.4358962587624777,0.4773166572409371,0.43309268267109735,0.47391863747849494,0.44510378030528097,0.4656551356361752,0.4675486988338561,0.4979797239208071,0.5111848603676055,0.56789814415509,0.4585098994658863,0.5217396006854697,0.4242234229921477,0.4880776140605476,0.545343912388029,0.4719719575586609,0.3860120920713656,0.5415644539041748,0.41409558221828785,0.4535660415492789,0.4464472289315805,0.4437920384166619,0.5367229524881942,0.4289332786977947,0.4765313441819676,0.4383666925010169,0.45679454620201193,0.47536675294158587,0.42321189158933586,0.41700168184452685,0.44064691462419736,0.4104129905789825,0.504443054792273,0.47099567019135025,0.4312892878949627,0.40753780965104175,0.4978309280193444,0.44649524622723297,0.45972178786738266,0.5084257341280145,0.4048680698279456,0.5419075377534788,0.4626324778164156,0.45266616086472344,0.4388763418236159,0.5019526342372863,0.4543353897930659,0.41903523303291534,0.3423778703396922,0.5294700815108603,0.47438615348583246,0.46130229258914923,0.4440933838358609,0.5282467187145989,0.4796088663070093,0.45965146090247494,0.5543772640560922,0.5622985824018377,0.437931541841746,0.4289025826078343,0.4482379898539296,0.3992578434171064,0.5463944659098585
0.6399098016505546,0.5523492846388457,0.5193805695425057,0.5184664307623807,0.0,0.5300943823425952,0.5638519149876815,0.5897806327917279,0.6130387683248546,0.5423135842391381,0.5988899710184236,0.507885539633286,0.605740703046951,0.546804066315244,0.6059704945043927,0.5868214311620273,0.5787486930899524,0.654190860847979,0.44186063083522076,0.5237315478530318,0.549759914508271,0.5506137443708976,0.5062054900447464,0.49198785774582227,0.6145193592415357,0.5525063944205325,0.5074716930308062,0.48308217205798676,0.462108866138343,0.5332487383730732,0.6108223298178685,0.5456068911664471,0.5072103490816161,0.45087551716155444,0.6399954899381702,0.5529240359794122,0.6114548292251603,0.6130961806486783,0.5151929415978175,0.5495662902569504,0.556410013024992,0.6444345546835234,0.5894232870006613,0.6330788899301449,0.559122599643791,0.5608911801277923,0.5673604093359754,0.6050179406220094,0.5671563114566192,0.5677013234920439,0.6109266660895032,0.5143994883293519,0.5057798638921547,0.47988334251791953,0.5413742318969166,0.5956958362146357,0.539772795588437,0.6234407218963365,0.6369373329254583,0.5147602147205318,0.507516132480314,0.46929764566872806,0.5667871409761679,0.5124817279334746,0.5248825480231273,0.5140572210310312,0.5902543091801479,0.5948367312548178,0.5741810935800216,0.6541626169429745,0.608736599951434,0.5577187060276775,0.5723580244306576,0.5971716250658602,0.5659843716242279,0.5012358490634891,0.5301216659870853,0.6189583967811889,0.5287473355122377,0.5131865407658984,0.5924465876392976,0.5400422483282568,0.6761183982881692,0.5486354342209641,0.5853491353617974,0.5964866404471029,0.5828100264423994,0.5966022900632335,0.5589846219040903,0.5697578013686425,0.733248840227639,0.584997190839759,0.611336341091522,0.474961815406796,0.6403336453724922,0.5420104183341278,0.41647507098877934,0.5374061924072278,0.4849870125755501,0.558797387602736,0.5215813068955325,0.5249395471880445,0.574219833126496,0.48977401442191665,0.5875016599644541,0.5567243179328605,0.5167649594121487,0.6062953860829707,0.5995827814836803,0.5579267191786375,0.5123871436700456,0.6146177888917277,0.6110868333824331,0.6177017081013343,0.5520085452120175,0.5668300021157753,0.5672688701847276,0.4821571092586965,0.5274241437787593,0.5184828761032402,0.6108968324732891,0.5529021566074444,0.5166085111203919,0.6345735300852284,0.5793112308924696,0.5263886653023292,0.4955861738938601,0.5242564222311735,0.5134409385862747,0.5608683779353636,0.5925973672273411,0.5363917914697693,0.5105051583690231,0.5364521176105042,0.5003342615803127,0.578761701086094,0.521399900661718,0.5829643080739888,0.5191644000432054,0.6291172877276923,0.5313905625973174,0.5388421936281721,0.5753737940295566,0.5767205483137264,0.6387880180205885,0.5598374560258994,0.5842304697084085,0.594885832407526,0.5496822032666967,0.4059595967922638,0.5794074101922142,0.6146769184538927,0.46174997641479665,0.5619776903807325,0.6260777622482919,0.6300549555671705,0.4607047326977355,0.684528668896826,0.5308318772081729,0.5179351019530707,0.5635773648127924,0.5922389736510307,0.5580688410025699,0.6487839244131302
0.5369334856575114,0.6174825554371726,0.5314587570950946,0.5159055081560736,0.5300943823425952,0.0,0.4632242535906797,0.6064059666464579,0.5373637845535182,0.4835547600042274,0.5404921695715706,0.5965690437000586,0.5137264227220825,0.4623343763138755,0.5114303319000153,0.5195842929878657,0.545609684524664,0.4677750388926923,0.5146921906991344,0.5118658081325046,0.5896820188298708,0.5374660422617018,0.40658164125006463,0.4653759664818676,0.5316320824098798,0.44237610082555556,0.3945631623518733,0.45749176929742946,0.4405013690740895,0.4485760731263375,0.5937626374717717,0.5451523671849466,0.5128514188706941,0.45436702217388014,0.5668470984259062,0.6000155930325588,0.4819641775316858,0.5007783427517979,0.565328744383028,0.4484119867501936,0.5562270386092635,0.5799696794529334,0.48538121409694285,0.6179568990111817,0.5222479414653994,0.4853882993811405,0.4810124612910772,0.5587857612363678,0.45136044630369865,0.5546729386167358,0.57993846482843,0.558351049738495,0.5359916246108938,0.5781354633704742,0.5421815890144536,0.5406529057097109,0.5217187887651041,0.6516165923112042,0.5064478701350632,0.5051554503462895,0.5855793991645938,0.46457060477262224,0.6052144974775946,0.46536120898625305,0.5085827375221278,0.5047356605100031,0.4955223531706614,0.45480480757339475,0.4342579682890988,0.5147832855578839,0.5342773249437555,0.4497193022772457,0.5510533178179676,0.5470317942846783,0.6252885539858188,0.4390913818163015,0.47821234924440864,0.4687329432307767,0.4676307077199059,0.4518536260900154,0.5684382352562717,0.5554196754707987,0.5229686283589804,0.4998095751761245,0.5382496906575508,0.5435361133224481,0.5414817717370565,0.4705298024434798,0.4870026376842951,0.5182546331778732,0.5283420843569671,0.6105550519035396,0.5495641708268497,0.49093773002677255,0.5334903042220736,0.5014914782879907,0.5081524471329698,0.5648044242559187,0.4526295824894775,0.5306352688394832,0.4566611562655351,0.4970268100557613,0.4878869968680413,0.46277885750768283,0.5758812668751424,0.48341975115591596,0.5496412565340217,0.5044135976592836,0.4848074299809033,0.5658091439613211,0.5632596756018025,0.5108162698547061,0.6085667541310006,0.4848584525312205,0.4942125848898198,0.5084435840154696,0.5477588555323034,0.42399576652095256,0.5991629138843917,0.45477809800072233,0.48610694119594106,0.47830164536679876,0.516163349147114,0.5399573316562774,0.5101630419728022,0.508402078173764,0.5163491250676073,0.5050015291701863,0.5655502595310301,0.4334814747277103,0.5217261712968932,0.5698147110885877,0.43355709964129463,0.5788302817403297,0.5460401454279019,0.500624990804907,0.45420149188903036,0.454957632943818,0.42478410668952776,0.5126091330268272,0.47506336924704456,0.5186829602627938,0.5736339397823959,0.5999867524750668,0.5174326428823248,0.46204861981727335,0.6151135935638027,0.4892729713283935,0.508416452167282,0.42875865890918197,0.5535767223809617,0.5433983324938849,0.4751296477659621,0.45784794903338927,0.5784530374027718,0.511253203074589,0.4190757334778467,0.5660267894690912,0.4481825763796249,0.45049332627005145,0.44613188859803693,0.5142428952323331,0.45124781067542263,0.5268087339807114
0.535758329057843,0.5025119524939573,0.4246113511513116,0.5480487335491894,0.5638519149876815,0.4632242535906797,0.0,0.48072689691004744,0.4577588377746749,0.5025870787680412,0.5640792693510621,0.5010496725552042,0.5372660226583501,0.469535715019,0.6075028031361593,0.49201739928077226,0.49147285434191523,0.5317810524445027,0.44334936971325833,0.44239232054241673,0.4607683156041342,0.4639280600103614,0.567112517258335,0.5004723131747858,0.549870316919478,0.47280751101762164,0.5103392688472602,0.4982097547934079,0.45914119964584593,0.48930556437498074,0.5433345498014731,0.5089907068507432,0.5170378184898137,0.4709945170973751,0.5297804711519647,0.459766910836209,0.5587471125475966,0.45636439384966015,0.49398343241662684,0.5583663780787541,0.4796085744316014,0.4768294351974161,0.48586409330192015,0.556666803047271,0.49828407819491105,0.5072290668406744,0.449138334355628,0.5233655903023038,0.6255185707761446,0.456317416999086,0.568369046425195,0.4400224394702775,0.45081485386468856,0.4661722977923673,0.5645539737780193,0.46432568030176713,0.48194372287433396,0.4994784306946962,0.5542182608919909,0.4830500681235728,0.4725254893860301,0.39782326799053885,0.45141848423323355,0.40613213863721587,0.4442530026894804,0.445821612929804,0.532941948268839,0.4834523840043243,0.4409962335341742,0.5129673509081681,0.47136765650030416,0.4770313351651127,0.45204080934990876,0.5396238224671236,0.45422325644068895,0.511277650844791,0.5481244580504487,0.5783356218564737,0.445134577622296,0.48287460447815583,0.45366029933228796,0.45171194333770714,0.5550101834987293,0.43899609611321855,0.4661806694740207,0.4572767197676476,0.4747419889753492,0.5275373213980749,0.5325415850709644,0.4746806964713254,0.5380906582496927,0.5129782354478134,0.5782220427657462,0.47099497014752467,0.49416297996241143,0.4877380703245318,0.3628228212083598,0.4432183768485391,0.4011820989310616,0.5403500423851376,0.49912182852274845,0.4751926563940542,0.49427234537050985,0.43953109227773146,0.46211337574663325,0.4545650418494616,0.4491797229380645,0.485599425692808,0.5436570243646989,0.5095667098796494,0.5389493899180143,0.4642074351081353,0.5029419177704576,0.477453945211936,0.48555910213983344,0.4999994261945843,0.5092306748408755,0.4788064336044161,0.458302148481387,0.42791749512780164,0.47874374130421377,0.45427495380173766,0.4287338007655642,0.6358125209405326,0.45332148150380236,0.538244476387231,0.41581959678170183,0.48389321314796196,0.45012515991610924,0.4642838279932374,0.4421516386247453,0.4139660730871328,0.47498554840564494,0.44344711580782,0.4334033360333701,0.4560939050472464,0.46637304265559976,0.5388773360749205,0.46555852266075753,0.5330020464197478,0.5204317076805433,0.44223977824526733,0.5159438609805217,0.4375403517420691,0.5051290746661722,0.47408966063283414,0.4491325012057084,0.5339553520658744,0.44832694109485305,0.3415597277119753,0.5323889635375876,0.5521519787179581,0.4252219836590304,0.47463393223772776,0.5200012376409582,0.5188457047277647,0.5138380177595114,0.5935136160423342,0.6189788141438359,0.5561061009970297,0.469588590732815,0.5001879222197212,0.4335072273776105,0.5367167313676632
0.597836217719391,0.6023759951019233,0.5795535977679197,0.5144064879377479,0.5897806327917279,0.6064059666464579,0.48072689691004744,0.0,0.5704257077502509,0.5156295644300757,0.6058914830840295,0.5616738625082432,0.6393716624708949,0.511751078667548,0.5860323829464886,0.6318229990325117,0.6112833537943678,0.5608679842612325,0.4764458547292399,0.5853954086296044,0.606374767574168,0.5772673160579969,0.45453354929647843,0.5132623479522214,0.575984730658292,0.5350105617707364,0.4642043168007933,0.4937158182176963,0.4529225305553313,0.48178696167313595,0.6428076708326916,0.5683147105730447,0.5199673721264614,0.47664055893811735,0.6037772360418073,0.6286499757181351,0.5695606127705776,0.6034638813585864,0.5991036908820804,0.5224290615179809,0.5964722777754549,0.5677341321309587,0.5904149899287833,0.6075299456496529,0.672000786412434,0.5961031009412608,0.5253131754839012,0.6367139767247602,0.5046235918550687,0.6310695465512854,0.618361937350053,0.5494380177974525,0.5240749622388564,0.5386563380401825,0.5739324793200105,0.5464218504661673,0.5720549225481179,0.67415352231679,0.5727993336187049,0.5642879286671392,0.6346097966049397,0.48436158823274966,0.6488554510532438,0.5145906680178652,0.5279992305531078,0.5662096327578731,0.5856468049410022,0.5218429459148385,0.5212863388479241,0.6326773226491673,0.6134925416771365,0.5152477896956374,0.5613101685197108,0.6365223800212938,0.6736942860252056,0.4686965945878175,0.548814119435862,0.5258394353101867,0.5763361834552998,0.4688877075462022,0.5789188028355094,0.5510925660676935,0.5897999933883211,0.599929348109462,0.578181481415481,0.6657153695659561,0.6186860733075584,0.5308790424381765,0.5554924591355952,0.5892024671836998,0.5874356683238399,0.5543026465390896,0.5973355363043927,0.5029392449154879,0.5696826833317058,0.5140198083282081,0.4904824129355178,0.5508198849818776,0.4570871323306168,0.5881263819134244,0.5053612563042131,0.6020693364685883,0.5127522767295741,0.4703039500451639,0.6279400429206508,0.6039285149667779,0.6203478325893038,0.5746686205705319,0.5833934453533324,0.5960870115227674,0.5268041730558073,0.5769839547305772,0.6109783131083213,0.5565495057734151,0.5766011617178459,0.5743793361545577,0.5529763128356115,0.4646635768749214,0.5516023300601092,0.4743721700624711,0.5712378186200803,0.5384965534772065,0.5327731174323945,0.5927832582172766,0.5171785384374105,0.5486079566787626,0.5137960811051615,0.61261569130017,0.5802818664444374,0.5273962535723471,0.5545138306424797,0.6040124022301447,0.5041237356270549,0.546844424555192,0.5937719246577642,0.5524599991699938,0.5272058993049735,0.5372903987317551,0.5279994791953532,0.6069670656494526,0.49670840879657435,0.538645184906629,0.5683321338506437,0.5923952100637695,0.6031108466187733,0.5063231399184757,0.6364345437875302,0.5640020415686181,0.561407486713663,0.4320916285901513,0.605591927985493,0.5405913838408891,0.4969903154623655,0.5474525405828854,0.6219400465480114,0.6351690768319548,0.46398837064208115,0.6439729172696412,0.4701713634080006,0.47504212466536583,0.5026351155511893,0.5216396704666736,0.49273312753292875,0.5771734447341618
0.6171312872684624,0.5001942537120776,0.46451321409136814,0.44976125431060093,0.6130387683248546,0.5373637845535182,0.4577588377746749,0.5704257077502509,0.0,0.45069628490982366,0.4967633944139124,0.45288446018782386,0.5427609931066117,0.5331506579002572,0.5012203371259045,0.5313266381803237,0.5260218079127016,0.5620328515546951,0.4192765970338028,0.5221918632869544,0.5222243929020471,0.4963056938760909,0.42257427315196006,0.42954543280819174,0.5110913528073978,0.49447545141649707,0.4371973617936925,0.43543993034072837,0.3969317559342437,0.5175064972930966,0.5818516685654832,0.5265318314493534,0.44513577495198253,0.4178907155610529,0.5789746357495696,0.5228373078216649,0.5392831358783303,0.6118817649117405,0.48914634373282645,0.46105324728110936,0.49314819539528243,0.6536603346834733,0.5337532245863202,0.5425727537707438,0.5042815275721003,0.5281611734635746,0.5466162296519282,0.5116446464549742,0.4719105776575983,0.581813440041113,0.5677523925895909,0.5046626680820024,0.537259601366398,0.4423898620629997,0.46589602002681446,0.6678277632513875,0.542716376736794,0.5720240212296587,0.5361245010343668,0.5083194378968244,0.49967260533475855,0.5471451046620307,0.5777294987814259,0.5048619488575106,0.5666350900083843,0.5439077841486686,0.5592071970456179,0.5660894385382792,0.5052865370087732,0.587688079965598,0.6726647019455188,0.5416932208459909,0.6225517347145206,0.534808939831163,0.5801873441068226,0.4933450394774998,0.49269199425236637,0.51301548843611,0.5116214332866097,0.5379077463807728,0.6194585932179485,0.5864417029734283,0.6102722008450695,0.5400599193533487,0.626584364716867,0.5844664102651344,0.623194472734566,0.5771374439206249,0.5349402893858649,0.6231281504579854,0.6337476936198593,0.5900424580186076,0.5290982916947963,0.487795770976616,0.6734868743659115,0.47659107465602957,0.46352613573232077,0.5092205631087031,0.5443855740071473,0.524498434745903,0.5044243543844682,0.5109075398469338,0.5205594283210655,0.4184439922630049,0.6547073616821769,0.5416152613602429,0.5170441969355201,0.5111163884912419,0.5150334500823887,0.49557874313431144,0.4612524092209707,0.6392983529719298,0.6464666961401377,0.644817043048623,0.5303646837679111,0.5292686803258828,0.5430536412713862,0.42414554945128347,0.4605928260966929,0.5446977099882399,0.6165288893998068,0.5671327359528227,0.5291811209089217,0.5664166915797002,0.6973640904745794,0.4478924351431575,0.5661194764480205,0.5036196204017108,0.457048181390602,0.5128720422273695,0.6555487156187771,0.6076038875774361,0.5311153467026936,0.6156718358809261,0.4815541882220798,0.6114954332251705,0.4825904776234737,0.48955553310788047,0.43057544498302747,0.5920847911032144,0.45630426447988187,0.5679827630529789,0.5829671440476836,0.6259266129014339,0.5778507750654492,0.5090330914658199,0.6299558502755884,0.5401696403717536,0.48343127053849566,0.4289164301252093,0.5677413581577143,0.5580721732559784,0.44518488415577284,0.4803816305812264,0.5269020043046037,0.6073279442862076,0.4216813811329666,0.5678548705092227,0.44937298982608187,0.5011453408389317,0.49829280646984536,0.6108452476343927,0.6032495528992489,0.6084108918751832
0.47602283570758286,0.5267351190136504,0.5291840580430581,0.43312526257735534,0.5423135842391381,0.4835547600042274,0.5025870787680412,0.5156295644300757,0.45069628490982366,0.0,0.5532564363759004,0.5092627459650753,0.5334782332724098,0.469836317106671,0.5202894505930781,0.5606745521433409,0.48326187705807194,0.4972642715865332,0.4109995192563627,0.45047323260951244,0.4556649666726461,0.49370832764676614,0.4673575872561362,0.43873992873361545,0.6168870033337542,0.44863413733877894,0.47641127665332117,0.4321604266342821,0.6317524917169944,0.48132576759028617,0.550085494806109,0.5288608841416721,0.4547740204544325,0.4152528557981298,0.5022749135546057,0.4971864669935074,0.5517993368036034,0.5023759364343792,0.4894423388950791,0.4638256184305024,0.4743800899222305,0.4715483229432419,0.5219285579263284,0.53526026985259,0.5038833493841413,0.46510575621599815,0.4893256922248118,0.6288490073907937,0.5232738833345637,0.45411274246943484,0.4746774830775853,0.4082429581009965,0.4163212117771572,0.43890323191984665,0.5933378928405005,0.4748746355705832,0.4325171016724957,0.5266955059183798,0.5307475532498422,0.4401611737030019,0.45967152910977294,0.4062163287502898,0.4470059515612912,0.4669770652655723,0.41336408558017324,0.42083196181795196,0.46819388996540995,0.5036035502257933,0.5252755272258426,0.5430212729401654,0.45640759007446524,0.48049671327970284,0.42472662960897084,0.4822996372925737,0.47616302203549965,0.4626449581510118,0.4704264470539795,0.5767265546478308,0.4441177313998263,0.4478261945094519,0.4982946505160542,0.40837556315308604,0.5743770945511991,0.49397138625714493,0.43860491394928147,0.4749624811565063,0.48983296520543496,0.4924821867019625,0.4998849826990051,0.45327183837516005,0.4850989241097077,0.4705879549700869,0.5790220816739208,0.40316207819180633,0.4511296554785797,0.5979629910106301,0.36961320441086026,0.4661887711298296,0.40514208494581816,0.4550245838455112,0.4991714994086749,0.495668507773493,0.45683645541864604,0.5402410734317679,0.45458511506052834,0.462113901150379,0.4519796295174111,0.5333587987313247,0.5141913055913783,0.5159976089142857,0.4508599362474811,0.44839118374685655,0.46451490173533644,0.5028681695164494,0.4491342546827533,0.4377579755696001,0.48387253470813973,0.5605609805306886,0.4821413264776754,0.42754536361487133,0.45969652810964723,0.45553247908459776,0.42016842053010073,0.5166961263080478,0.44829638947044825,0.6598899526729355,0.39482676476121986,0.4983869579300365,0.5254301662601678,0.4998999404392241,0.5013745932301483,0.4421218852566933,0.4434620993355393,0.4075219455229908,0.45947014469645575,0.4828351157328612,0.5180070746124138,0.4922070248189315,0.511302479655188,0.5342067930230422,0.5225983863200521,0.5022913293620377,0.4417068462639288,0.4662329716181617,0.56654535385647,0.45703351474267806,0.4578615208587755,0.5790309412718423,0.6223310726054202,0.39021643510077253,0.45342979830382213,0.5714567378021504,0.4004314634096204,0.5478068005469753,0.550133447734596,0.5100807872028832,0.42407183054553077,0.5576680974481266,0.4637873151918906,0.44450918239536086,0.5337870818441868,0.47507559966571444,0.4560867928504507,0.4517753657467281
0.584591080515645,0.5969813061210772,0.5355985798624486,0.5388046117415151,0.5988899710184236,0.5404921695715706,0.5640792693510621,0.6058914830840295,0.4967633944139124,0.5532564363759004,0.0,0.6098521471012358,0.6366485740155234,0.4838444726585878,0.5999615883854457,0.6336256584973564,0.6292759223880964,0.5674273833878073,0.5158683389692872,0.547581894446548,0.5556021303527849,0.5776201997116105,0.5340221059708804,0.5618603360530542,0.6149842516093403,0.47869200065996703,0.5147420378774357,0.5914969979830339,0.49530591217068753,0.5155436148942178,0.5774215589567613,0.5817379222965161,0.5048430927200191,0.5008016363215704,0.5742004396535603,0.5288401616198367,0.5682053174288539,0.5169241371185628,0.5987903129882363,0.5644762255063557,0.5262648984683219,0.539904469269901,0.5374892756533693,0.573863904558339,0.5884924336317658,0.5444402471297564,0.45704514050727385,0.6307978808093866,0.5999472542240833,0.5364478974857982,0.6024225646952427,0.4803262878250177,0.4884780402761078,0.5373016134129459,0.6503253425611402,0.47287271138217823,0.5558813700042209,0.6209577569964565,0.5973462168490109,0.5393389162584445,0.5883992377418434,0.41119182832532375,0.5243628060901803,0.45824226042191607,0.4760800975223595,0.49490016177747426,0.5469300377311644,0.47411748527495956,0.49633438059765855,0.5869794238079838,0.5017053271192724,0.4818629088770647,0.5023251322163766,0.6400368111183967,0.5881817942688006,0.4725562637245517,0.6028321029700662,0.5401716634090005,0.4834378340975693,0.4578534999002614,0.487968537204343,0.4818461316445828,0.564314165398162,0.49902286494416037,0.5078540100832203,0.5314382357805064,0.5307280355690724,0.5100644337902719,0.5379978778993704,0.49717117721084053,0.5554381688905607,0.4959815388768155,0.660661712536422,0.5060496924052645,0.5147775983132717,0.4888396829399475,0.41467599468035193,0.4765525889357729,0.40715609468693603,0.5503518967288994,0.493391128449095,0.5578122948485823,0.4689654393737726,0.45416072677296404,0.5129896440352891,0.5075517328479747,0.5366230064024076,0.5712663546070774,0.5515304979776516,0.6180597364003376,0.5824928900131029,0.49787741295425547,0.5341090176881794,0.5226165185287762,0.5098080810032363,0.5572091625927319,0.5392147663793215,0.5370309602045343,0.5314751046878424,0.4277985469203305,0.5205396507171013,0.4552298004931895,0.480327284023409,0.6042751426563857,0.4668977041012419,0.5760390686395929,0.443320380234732,0.5432017066974171,0.5365815988336394,0.4760204434304649,0.4923128088667936,0.4974427935578204,0.49175730858105365,0.48004893906383195,0.5453959774025405,0.4841814801654352,0.5112068314300139,0.5228399746933314,0.5441882605266176,0.5736422634558457,0.48653843121237644,0.4924742078466985,0.5414897507918847,0.4984656607402669,0.5469557708151443,0.46937957263038294,0.5098514626690835,0.5369518710724861,0.5315502048217405,0.3908779798094134,0.5769765327422739,0.5424364566714216,0.5281460445637286,0.5146940166408135,0.5745517213714375,0.5643996810525991,0.5596124691096777,0.6101330595155579,0.5089724757512342,0.5091486343287753,0.46265750337703637,0.49508016455087,0.4359400210372424,0.5881074310774369
0.5091642097433153,0.5804154219069152,0.5042544262873585,0.5155290256933973,0.507885539633286,0.5965690437000586,0.5010496725552042,0.5616738625082432,0.45288446018782386,0.5092627459650753,0.6098521471012358,0.0,0.5070158900900708,0.41811550802075165,0.5177093132642593,0.5404622493505509,0.5591813760317071,0.46023786221965135,0.6129942207834215,0.5124977143861923,0.5658914740845783,0.5069125532666675,0.46797638868812536,0.5190138512887436,0.5797113890268203,0.42726181086641857,0.41490139975516666,0.5270867758672707,0.46435163197273976,0.46446409235229763,0.5688975428684478,0.5562635377076917,0.4848493368820929,0.5308957722252667,0.5258373652774981,0.5314912452755082,0.48252060865241275,0.4572359864537771,0.6121157216191674,0.46673108949735115,0.5148741503002493,0.505916994822567,0.49103605903603614,0.5758461866444436,0.5349778320026699,0.4866155522896407,0.4353120838661686,0.5748608175266812,0.5074581017166371,0.5016041621417914,0.5590893900283568,0.48970989469368276,0.46539158123798746,0.5692621929633126,0.6161162425739223,0.4520664814540435,0.5185409497440071,0.6234542743320102,0.5029824476712004,0.49648643844667995,0.5504390998885936,0.39529356539968885,0.5099603418035844,0.43010579582642694,0.45395888219051234,0.4684956107470206,0.4657050182758628,0.41471175996958687,0.4187309512875343,0.49471383671890906,0.45585243714151397,0.42625941077095003,0.46857652960723023,0.5464169420989554,0.5459656314039277,0.43716180919499154,0.5079736220375015,0.4701149136908691,0.45492100739955976,0.4262535059289013,0.470432760291335,0.47031561353276846,0.48957445361341667,0.4516234080708764,0.48820017589317616,0.48884298841127777,0.49158365054853714,0.4497577125121917,0.4873069731544991,0.45694019811875386,0.4864077154152573,0.511358878904391,0.5756593732416078,0.48964825120344807,0.45986840201809087,0.4735333586410201,0.4286237181774964,0.509176809488992,0.39203649358019216,0.5076854900309619,0.44180337363471317,0.5153404609328004,0.4606679805123176,0.47054745611457593,0.48692036839561115,0.4639148189560973,0.5329106645510477,0.5232950343054351,0.4796708200773134,0.6042567130424713,0.65748866957591,0.46391453518703624,0.49715656817543574,0.4539689234459759,0.46485538454467845,0.48900735588141425,0.5393307792743859,0.48753329184926414,0.566972504819457,0.3970622100540531,0.45229833223783306,0.4239273360942931,0.47666015780074256,0.5380750473205824,0.4335731559678989,0.552418316029848,0.4310226086397333,0.49850576274585284,0.5710406979655736,0.409284617334186,0.4556655540925557,0.4776078974703875,0.4200370434219143,0.4685178534034287,0.541924013458295,0.43915601791450065,0.4744493355666391,0.4513183028701047,0.45942330836686895,0.5181539318517722,0.4489176150136143,0.4639031112242832,0.5133273816777221,0.48434963021774413,0.4937193997724484,0.4479321478133827,0.49778723820816767,0.4716048592587846,0.5212047396997875,0.39341097366826727,0.5518579231909826,0.5095662328622418,0.49971702222236825,0.4504788416781731,0.5867181916478067,0.48526084742943904,0.4634469144481823,0.5521977832237678,0.44461721889697814,0.45612796726687244,0.4145757132207498,0.46705143791556225,0.406967077404865,0.5042034470253529
