0,1,2,3,4,5,6,7,8,9,10,11,12,13,14,15,16,17,18,19,20,21,22,23,24,25,26,27,28,29,30,31,32,33,34,35,36,37,38,39,40,41,42,43,44,45,46,47,48,49,50,51,52,53,54,55,56,57,58,59,60,61,62,63,64,65,66,67,68,69,70,71,72,73,74,75,76,77,78,79,80,81,82,83,84,85,86,87,88,89,90,91,92,93,94,95,96,97,98,99,100,101,102,103,104,105,106,107,108,109,110,111,112,113,114,115,116,117,118,119,120,121,122,123,124,125,126,127,128,129,130,131,132,133,134,135,136,137,138,139,140,141,142,143,144,145,146,147,148,149,150,151,152,153,154,155,156,157,158,159,160,161,162,163
0.0,0.5992285336741615,0.5979939891892772,0.5678788084314655,0.5711130624785871,0.5848501795843025,0.5559738346489522,0.644297339665056,0.5857107020053295,0.6364657546242366,0.7411277119588199,0.6198759174137668,0.7583284547253945,0.4843753920660783,0.5825516221389209,0.6776192562188392,0.6759481980338022,0.6705413776188595,0.5808934816470065,0.644620709735021,0.6518473924462752,0.5662654860941853,0.5366901463944763,0.6480176714379053,0.7250565859190595,0.627460983252764,0.5774249736416109,0.600262494793748,0.5418482614553156,0.5820099253841071,0.6441643021223585,0.6421253387825411,0.5284940315282632,0.4886720505894748,0.6374954266884484,0.48479848683669075,0.7422058150470969,0.5986093191499912,0.5744533565682662,0.7388131056486431,0.561956657202506,0.6451813779047672,0.6150223932875472,0.6860147723295617,0.6310471786394396,0.6621146977688038,0.5508301621323718,0.7107862150986811,0.6663465754244594,0.5866202071454645,0.6450757327695119,0.606931641820028,0.5295178321343234,0.5880433640663177,0.5923054116051513,0.5793579631375253,0.6995835512986595,0.6253837222391246,0.6418474633054793,0.510259361677813,0.6231968794393368,0.4016710842215872,0.6620477837552763,0.46702281496503206,0.5845488153211185,0.7085507744073817,0.6595845389076791,0.5639620038516019,0.5992830062373358,0.6461192724204722,0.6365613382417914,0.563138941720968,0.678162409819441,0.7017561687140804,0.6626725189592001,0.6502980859915619,0.6005181031559631,0.5919565217042013,0.5674505422762762,0.5799808049524958,0.6297606056951509,0.5619610748330242,0.6010652148547703,0.5649750452215916,0.6693490750751067,0.6300824062255941,0.6883202766859494,0.5989276738880699,0.6258523424780537,0.5674351263662482,0.6231564192439027,0.5223258665929473,0.5814176661979841,0.6620827360781678,0.5923850375908454,0.5656990803263391,0.4916339067692805,0.5639977336100094,0.4185849239536071,0.6250758631223615,0.49948442788803415,0.5888454051131792,0.5765107120074183,0.5180061342117949,0.577317398887754,0.5925795328669498,0.6151510818030255,0.6238981543602375,0.6409806251912171,0.7087486850683644,0.665655703963307,0.6150015937015567,0.6443418748693112,0.5911398018735666,0.5811187476770848,0.6709187965291711,0.7019700907433676,0.5791134690160299,0.615890450853189,0.457980661261878,0.6096051633492666,0.5190373144163278,0.5661033217790883,0.68753448635704,0.5749550542046482,0.6366359288819224,0.4632153547381305,0.49782567823331303,0.5328206874749001,0.6110393494197333,0.585250437779021,0.60517079246324,0.5622717573624108,0.5339220809079863,0.655847343802457,0.6037216366896166,0.6076681908792647,0.6517004569685747,0.5883065405106341,0.6027989718582365,0.5533528000926086,0.49463775848481634,0.5791914288074735,0.5194396018371548,0.6946153631308194,0.5949836806801962,0.5635785789750825,0.569717118924895,0.6499789217840056,0.3440159300701402,0.7984901956470246,0.5866884452343847,0.5840311395628683,0.5645727539625265,0.64112962784858,0.6580870006784334,0.5760604812587093,0.7300292957958382,0.5856813226635349,0.5915207099087595,0.5948968736832594,0.6671958404309125,0.5279203292051782,0.7402801761971513
0.5992285336741615,0.0,0.5708878439424275,0.5768975268544289,0.5484987287199258,0.7325080809113161,0.5357824733682534,0.6260785934870923,0.6559882536107482,0.5952536276146567,0.5875587894554253,0.6001983180144985,0.6220710249649718,0.5858502143293253,0.5506318751788712,0.5824576967584281,0.5729279615719961,0.5148449358851017,0.5052944734375285,0.523097993324522,0.5579514806602999,0.5645192709122004,0.44329975292650636,0.5078553668096598,0.5347395728044052,0.5277349246173685,0.5557462299604041,0.48418713459528934,0.6639096145752029,0.5394756258351795,0.7077460890671698,0.6380358642251778,0.6411609559867916,0.43874140074344475,0.6469687049993954,0.576757161581524,0.5764138903275238,0.6072973938139343,0.6632909148058873,0.6014225249867406,0.6210820812316008,0.5927622898854771,0.47886490195330966,0.6577730601415945,0.5720025098820152,0.5498624623366112,0.5506682880530349,0.5640322712649926,0.517369398687949,0.60329011779011,0.6149548144645219,0.5685703330810951,0.6571436594571551,0.6788860912058275,0.6567581388149132,0.6886877561595626,0.5790892915708665,0.6162218824297105,0.5535951238925536,0.5730266351942205,0.6536693051403202,0.4761982981978995,0.5768170061290876,0.502467982838635,0.5425966412909017,0.5572710945647176,0.6523050041491046,0.5114591512488273,0.49634563015816524,0.530270204294979,0.6209228928473366,0.5916585387700379,0.6422996188701264,0.5999389898662874,0.7024962934825867,0.5845418179216699,0.5634924807100253,0.6325805831871647,0.4798813997738673,0.5817907283404224,0.6085612116479769,0.5806218436331049,0.6199487133141317,0.5617989482430806,0.602226938539557,0.6085923893949248,0.5830134614724646,0.5745952497351328,0.5934902676150701,0.6937387063414642,0.5930052659788699,0.6655286795459218,0.6408929066594113,0.6103401126901706,0.6430830012616386,0.6193602136719893,0.6056342673530457,0.543971947928191,0.49525509521512684,0.6565557245138003,0.5820570193039933,0.5102453082505805,0.5108208170186961,0.465828936729604,0.6346202180602377,0.5196200004884541,0.5767437703957597,0.49138139820138915,0.6109528119057956,0.5593338193276693,0.5750100033840639,0.5840406994740562,0.6526677212529881,0.6218819866954267,0.5630302144736282,0.633005841036825,0.5815398598942249,0.4738760743407507,0.5487530084258625,0.5445879080768977,0.6346856527333031,0.5592845953682725,0.5006291752026507,0.6413602443228313,0.6399402481659635,0.6669828044937269,0.5658869521881275,0.5813677449406564,0.5455148027398604,0.5894243588159591,0.6700248091975368,0.6211164156253409,0.5637142732257734,0.711560395918234,0.5592315980299987,0.6024292466951012,0.49805948166386055,0.622321180185248,0.46635427983531336,0.5552639500347998,0.5492009502010264,0.594447161313994,0.6923093039131742,0.6284963067478477,0.6548706798031294,0.495509211439801,0.6613189387829994,0.5928428133092267,0.5344813335785642,0.3811868968556728,0.5887006790764613,0.6370303116805806,0.5441647002106781,0.5664483936735365,0.5374485624009697,0.5535791438566732,0.47881044028123315,0.6292910158076503,0.6145982117883718,0.5797777424899135,0.5422893764797577,0.6618825770246172,0.5287283792726345,0.5846317594671742
0.5979939891892772,0.5708878439424275,0.0,0.560174586974408,0.6348381373095443,0.5448115615447099,0.5151534387620115,0.6320360339517316,0.5911545481581554,0.6337726077171677,0.5972142135291737,0.5570281066185273,0.5693633892855351,0.44531150744361375,0.6245194921445656,0.5599560519254786,0.5719680283925008,0.6191184281025568,0.5223750078916424,0.5282737052269019,0.713191793271148,0.6918955195484408,0.45778066286172037,0.5845701144448123,0.5920294403635874,0.5585450570459393,0.49774753153548384,0.4701206505072693,0.49388734893755737,0.5092267999714215,0.5648785547902654,0.5239463555144854,0.5297535936805511,0.40482587759984046,0.5187522486032783,0.4728948362305109,0.5639356542743224,0.557030262613902,0.564346180836215,0.614141861034618,0.5873777598520862,0.7026568790122014,0.5917714399303221,0.6021696265709366,0.5362992493482388,0.5783216524090041,0.542584285483056,0.5904355469873882,0.5264170417146498,0.5797183869115357,0.6168291511810069,0.5758453641126782,0.5361539111054545,0.6142121797209856,0.5203692450524636,0.5468410159636087,0.5885020341658136,0.6077696111366837,0.6325798001060342,0.46030085774072527,0.5768330017804426,0.3905503478327478,0.6807146231898377,0.4454797736399655,0.6478157488552374,0.635723383243624,0.5898685350628173,0.5967749327214696,0.6128031529787993,0.6324145371225562,0.6812446690860835,0.48913813362916425,0.5908760762196112,0.6668018723421981,0.6210082181764693,0.4869496221215984,0.5419301728477475,0.5473743003774945,0.5129845785324669,0.47168821280894374,0.673905729068124,0.6461095512079739,0.5993457288369324,0.49985276164987774,0.5967164576672465,0.5936261784422142,0.5814352843546529,0.5465553321781135,0.5025833898336028,0.5375964197476367,0.6126226095447715,0.5056443177711448,0.5309449514020061,0.5133153123525969,0.6224056970072369,0.5544437734711247,0.5278964376586448,0.5213579836916661,0.3980949955715893,0.5219925988966043,0.43607201602176676,0.5880531317083035,0.5648504381556054,0.5426291161362242,0.5358718325238475,0.5392585985049423,0.6006116679394301,0.5402602180892275,0.5984215754877064,0.6037410894018316,0.5673371844262977,0.5867458210982862,0.5616138194715423,0.5562136981563597,0.4953921744854527,0.5561953439199767,0.5371061191597379,0.5186813153716674,0.5927855335540386,0.4305304919928147,0.5694254193663788,0.5312891447985182,0.47299300306216335,0.5936605630001311,0.5198016795430951,0.5534955363228132,0.45822873719299134,0.46228479021560087,0.4844368295030761,0.6153951970063245,0.5511752333368054,0.7060852689755547,0.46006986064556366,0.5143387435639535,0.6656025234480953,0.6242615378400903,0.4874469012146183,0.5620519531662881,0.5416333758467926,0.5890081651340381,0.5420539682913722,0.45614051583277926,0.5710550435306303,0.5833523991891865,0.6075403074661198,0.5230650778531125,0.6550107806809071,0.5863215567078128,0.5972064110074435,0.3277067477897129,0.5847160667777995,0.5525183610070244,0.5780574987951821,0.6505566955658668,0.6386997719879062,0.633384678655738,0.472534971615459,0.6488528379072467,0.498547986152636,0.4741961022267892,0.6423774140997155,0.5284307567709587,0.5847453185344194,0.6329098026143499
0.5678788084314655,0.5768975268544289,0.560174586974408,0.0,0.6000322789500608,0.5680047704955368,0.6319722853786747,0.5819198314225952,0.5586541125701946,0.5890159778463155,0.5943506281889512,0.6201667525788211,0.5207101653841003,0.4409233196829139,0.659005659598138,0.502853369168139,0.52512226365041,0.5468350260477534,0.5754269285926614,0.46161932605745337,0.5863652086294457,0.5746976394016844,0.4755193008868308,0.5359524911814104,0.5677369660057608,0.5031621997863601,0.5146104930012924,0.48411540575176215,0.5120514134765937,0.5248365589778828,0.599416797724612,0.5232519599461609,0.6812717689948056,0.4163137890232564,0.526570304588265,0.47407468459551255,0.5345111058143662,0.5015554472719732,0.5821448631754892,0.5887097532847201,0.5912587600500988,0.6013275002930482,0.511351042328372,0.643536848890513,0.49898538028335754,0.5239911333014439,0.4839240443174039,0.5296727714348944,0.5374753657163897,0.5208434926532555,0.6639622149372306,0.5547525942259561,0.5428372905674521,0.7031385686396708,0.5759326367916412,0.5154956411599158,0.5501982109067447,0.6343834974379639,0.561991767158561,0.4640435957058934,0.5607224560321133,0.38722056000689475,0.5979871128365826,0.4088255454566174,0.5558502046482366,0.5285417288598434,0.549250320483988,0.5117110205431947,0.49763093399911873,0.5852103850305047,0.5649571383905629,0.46849503956750155,0.5436098974863708,0.6153508473508087,0.5657280310534057,0.5014772859294162,0.5440454173409197,0.5585459063094861,0.4655441665343089,0.47016655540645375,0.5568339725855876,0.6288328422876684,0.5717620063124386,0.4594427596673676,0.5516270885863298,0.517417835864124,0.5433054207630118,0.5492143953847889,0.5134270792832789,0.5050341228461234,0.6326358649987772,0.5714080245013873,0.5634659472996411,0.5189866026892573,0.5878028102147352,0.5784855751946804,0.4841373987188121,0.504096609514008,0.397512211201418,0.5417751019462712,0.44350761607807654,0.5336146373834773,0.6013185556895208,0.5461973635703035,0.523679453087644,0.46793668267494787,0.527530004744095,0.48610381811421444,0.5549903721533007,0.5230289456210959,0.6592705014557679,0.5334909570177186,0.5475270688288553,0.5300491143074945,0.4897218859249779,0.5446783852119266,0.5404747390836603,0.48875379046192546,0.5663834828254779,0.4418408185334897,0.5080932554260992,0.5546052754791243,0.43387009188526277,0.6316834699484192,0.49354738755719446,0.5939945032515056,0.4526622636875483,0.4560706724420087,0.469571352092168,0.5159571599805629,0.5079633932024417,0.5374364450230539,0.4541307981753356,0.5349185685257057,0.5260091752400609,0.5119713818175742,0.443157172991754,0.5523913234832297,0.46679403490862637,0.5672266087064891,0.6278939790122409,0.439591173941241,0.6088151008593351,0.5454496880750317,0.5391263070508675,0.49819699209171303,0.5805396492380777,0.5553408897743837,0.5025345270099741,0.31762688858998617,0.6078710912549281,0.613515625594343,0.5413240735002731,0.5175289093537924,0.6126546242015539,0.5425762710933253,0.46862527428590056,0.6405719467162262,0.6145802503889551,0.5231099593750178,0.5381872651670101,0.5414871550625545,0.5129186172675171,0.6067705988260476
0.5711130624785871,0.5484987287199258,0.6348381373095443,0.6000322789500608,0.0,0.50885399492612,0.6239085397364325,0.5824767823319268,0.5953083479997666,0.6552702437574909,0.573931551945321,0.5728978730858488,0.5298720044563349,0.4452739788983041,0.6970953310509385,0.5424491710679133,0.5511952739308719,0.6344097898576486,0.5283434198801952,0.4762362971270525,0.6311163301395167,0.6127125254586896,0.501886224841703,0.54393406200748,0.5807491316729294,0.5353754158160581,0.5543299249427233,0.4671999830990024,0.5046736874904709,0.6022271622113736,0.5840885568089792,0.5343982283225077,0.5568923242743592,0.40336666005732463,0.5038436835282223,0.4708088306687054,0.5487769402262527,0.5439325638018154,0.5846426886757292,0.6325081468332159,0.5884079583837881,0.6709478212593876,0.5913740462964172,0.593357974451878,0.502967563240742,0.5821183155321789,0.5578463257051368,0.5285188954731409,0.5720268332694375,0.5683503482965016,0.6895474815106273,0.5323646895775732,0.5584204406211324,0.5885745760599641,0.5479388260976218,0.5313695429553521,0.581216713376968,0.6401530005195329,0.641625293930189,0.471171524683995,0.5169528183963865,0.39847571916708374,0.6052109658797091,0.4320462962578675,0.6329260491379127,0.5672969449554293,0.5573527717208491,0.5857065303749731,0.5919119018066609,0.6190023813549594,0.6233511102396163,0.49799485974324764,0.5337551885453865,0.6535678054080744,0.5696118169053881,0.5117764606473305,0.5764239244539187,0.6382825105091379,0.49046276833771757,0.4815485282665817,0.604285306238946,0.642335027994098,0.6524412745460286,0.4620318612168002,0.59156564315505,0.5389871150493529,0.5333221901699402,0.6183139428802729,0.5262452335448613,0.5147667314248947,0.7236285293778505,0.5432416857040302,0.5946053560329312,0.5066237649514828,0.6414497130818808,0.5583704683880549,0.4791465332450907,0.49243599728170834,0.4049547620559897,0.5212086360222319,0.4426031478756762,0.5926368452022428,0.6180011144599051,0.5505704386344559,0.5300881851790848,0.5144285729165964,0.5724466703129854,0.5076801754296245,0.6390464358121924,0.5274855041890109,0.5795722924932286,0.5930678275417597,0.5150599787249195,0.5962079924028081,0.4896704847202041,0.5441772435138045,0.5388739474663277,0.551952670973657,0.5252727122929542,0.4394482063169211,0.5803059889995894,0.5715169188727389,0.430713885554235,0.658912923639929,0.4990683459329766,0.5695551618951638,0.46231691857591783,0.46627969093783006,0.45778377829794714,0.6115279526144066,0.5477630090450241,0.6060774597279978,0.4560891936745298,0.502563628717425,0.5318669808861158,0.581054866337403,0.46895146446683583,0.5805426317585913,0.5037817556753547,0.6821714006494377,0.5525181748100049,0.4538678850784712,0.6112871395614574,0.5831684633983865,0.58531100804406,0.5223895056729957,0.6223795482954289,0.6737967708893843,0.544889195572997,0.32165613326387493,0.5682034296222861,0.6278723340328026,0.567373565106897,0.666875725020445,0.6332744250018753,0.5833291012481358,0.4605577213805607,0.6661491711628118,0.5237721571078131,0.5234483570907331,0.6396374127208982,0.5336544424927515,0.63825475744083,0.6210861026993842
0.5848501795843025,0.7325080809113161,0.5448115615447099,0.5680047704955368,0.50885399492612,0.0,0.5039023878331115,0.5954560495084902,0.6035777761780082,0.5511080808102077,0.5826291764023496,0.5663227979471072,0.6102121095534516,0.5534888291558022,0.5199545166788182,0.5493062284625031,0.5300786984157394,0.4827993377327442,0.4813768429012243,0.4989078616912428,0.5258971401600547,0.5388506763033787,0.41554744215539713,0.48868321802549036,0.5210197337051232,0.521550639892884,0.4995313798742849,0.4638193731528532,0.6261743238757298,0.4936503358955935,0.6563665097364194,0.5882042464677318,0.6366205181418059,0.42662671390751805,0.6289368107950088,0.5384129632654698,0.5843337142127315,0.5621341469720744,0.5902965546197521,0.5455620844296821,0.5701161672022363,0.5586876217874398,0.4587770488589863,0.683979915679389,0.5441804247022543,0.5029680002846327,0.5106612719865289,0.5936594456413353,0.48435596802700814,0.537570236819378,0.564614533340336,0.5634840474141047,0.5603203664374521,0.6453190700707105,0.6114379733493215,0.6641517001568187,0.5295528285961546,0.5847530910485128,0.503650228383865,0.5132378953943927,0.6611065013988582,0.4545748653221192,0.5691650427657208,0.4679015540517941,0.49967249333524166,0.5251804589751548,0.621967202026972,0.5084384908555892,0.4688816792851651,0.5223587954653959,0.5991371697819113,0.5396528047645631,0.6292009327971037,0.5555761228008078,0.6329038147382323,0.5517700452331337,0.5244006705168855,0.5768048945839277,0.4624610291531479,0.58689123000103,0.5984763501119474,0.546330346764003,0.5813043427899507,0.5653053761921873,0.5511760039575218,0.5738693637129338,0.612610108334026,0.5229292808578725,0.5459342933981781,0.6549920500007806,0.5513397363580129,0.6099248792829126,0.5627107529030031,0.5650164502579803,0.5795017689291773,0.6465449731265952,0.5693938756250261,0.5344797164317604,0.47288536401605535,0.6041338758310035,0.5604099275849783,0.48419819797592034,0.4927798385170005,0.45749608633152483,0.5858753764250346,0.48967660275877334,0.5214479551924538,0.4748737009018366,0.5398881175224585,0.5529909425555921,0.5578879525264357,0.5340030284801048,0.706180897260109,0.5537942723075484,0.5393106311688739,0.5897163356677206,0.5462028374319036,0.4437957014064076,0.5609042596842938,0.5320604758931247,0.5626981190546899,0.5432098629825935,0.5019154539557461,0.5984521879012473,0.6321106478286334,0.6490844116766636,0.5185577431483916,0.5467410303810626,0.530718477732903,0.5391699737806109,0.6016201046621958,0.5778713514155417,0.5572532844157189,0.6888670239221193,0.5463674488426825,0.5646568997731557,0.4831664643228043,0.5734611570588147,0.4433701065982533,0.5031812971954972,0.5705194065800774,0.5599722908150784,0.5925087554807692,0.5637446027617908,0.6193920052886468,0.48146212646872283,0.6155484158846982,0.5331091778657318,0.5089817150622361,0.370296961035104,0.5790677257825607,0.5800451967692422,0.4898295796845361,0.501951872088609,0.5193152784862513,0.5401624161483264,0.4712648544946494,0.613923127615393,0.6311574531010665,0.5464443865614538,0.5118827532682403,0.6438836756813521,0.4844754677216884,0.5669369623453385
0.5559738346489522,0.5357824733682534,0.5151534387620115,0.6319722853786747,0.6239085397364325,0.5039023878331115,0.0,0.5167389531190497,0.5429651507443727,0.6349309979568414,0.5884580162860686,0.5661612424723794,0.5163566796787299,0.4338706035622294,0.6688071449150409,0.497545301709174,0.5019676300813066,0.5663148960924547,0.5421410769799062,0.443194900662182,0.5344277807857812,0.5558976537313745,0.5069354440525863,0.5234688834901897,0.5694323007566959,0.4667711780696584,0.5481387053959769,0.4781435329861218,0.5137864831303401,0.5931739775940106,0.5721516887815844,0.5415608726145745,0.5521562527079341,0.40296500551020453,0.48857647565902484,0.43368809387259466,0.5490675640274623,0.4732280575063351,0.5688735583332942,0.5913651951590682,0.501468794700313,0.5886967971317637,0.5084703539806024,0.5693762925208589,0.466456411522097,0.5160681406564719,0.4698473390939087,0.5094701464412539,0.605263924283203,0.49112192879402194,0.6549717473821975,0.4710487429583815,0.5270673759455127,0.5783116668902786,0.5721281778369451,0.49507408120741675,0.5369662586654516,0.5606238108801129,0.6034811024115235,0.4526413271701803,0.5188038956394282,0.3765316685968579,0.5116451989670969,0.3917863667845546,0.5526270732658037,0.5089700878631666,0.5479138583938894,0.5356313687414505,0.49481969651880975,0.5672017108381426,0.5365338665955307,0.4670479385028771,0.4986834165687232,0.60334613990615,0.5124361598014644,0.5425278711821435,0.6053397064439706,0.5978354745836764,0.4301538142184818,0.4901024884257346,0.520973095774504,0.5662271930732068,0.6095950343440548,0.42303700224940316,0.5143109528756271,0.4661071027120144,0.5148588191221739,0.595911974617328,0.5178798134484314,0.4843051781893302,0.5975389335572038,0.5308330305347996,0.5837962713930465,0.5188415305558766,0.570068233810208,0.5448315635878672,0.43788923819866205,0.4457392021480481,0.38387869955398796,0.5100696328729954,0.4479467150369691,0.5508930587935353,0.545011097558127,0.4931436663502154,0.47977421221129557,0.44571067972569,0.49959043583590945,0.46148310003907855,0.5506227739932902,0.5129095190620958,0.6244594352614965,0.4993029547970651,0.5103732584209125,0.5395302740507696,0.45248005217363524,0.5016083424281201,0.5196965106712033,0.5638867351911034,0.4858684354067628,0.4176954933459043,0.5017931676383222,0.5038612782372741,0.4049457145065768,0.6758280620644953,0.4811481769933327,0.575258320081271,0.4295686456788032,0.44392216542265145,0.4255891496402481,0.5129782106868639,0.4913867712040556,0.5003083433789712,0.4620267659897646,0.47799095004706127,0.48976875966494127,0.5138257592744265,0.439510326517331,0.5260515988144377,0.4511316907684468,0.5951981942631334,0.5671804482738788,0.43451844082468455,0.5949973656717737,0.5061423537874935,0.5269831415287721,0.47494778075885213,0.5201327020232757,0.6035344803611588,0.48113451898371257,0.3038835813428517,0.5636357319675035,0.6361963603161167,0.5267163137642533,0.529476430479185,0.549690178222888,0.5479224772026875,0.5055817007054456,0.611044534064629,0.5933051957898974,0.5814991069518355,0.5369094806005036,0.5264780866907873,0.5206868704231112,0.589281487667418
0.644297339665056,0.6260785934870923,0.6320360339517316,0.5819198314225952,0.5824767823319268,0.5954560495084902,0.5167389531190497,0.0,0.6343644335068181,0.6044224948555693,0.6151436074786795,0.6419353010836144,0.6440214198617802,0.5060779383538035,0.583855195096926,0.6595586634108661,0.6354682341024224,0.593412942440686,0.5466046774176709,0.578727274283534,0.6319385294237029,0.5646699677382778,0.4912882704749498,0.5436412280055584,0.5952630937079034,0.622585938945586,0.6048069483110239,0.5255633167335712,0.5460485389001165,0.5804479921493207,0.7129558152524686,0.622251218019185,0.5881870656137667,0.4654525916273126,0.6148984184959786,0.5608700417250819,0.6078061400612554,0.6771156503608112,0.6446918176906559,0.6419318520936443,0.6533063808369225,0.5973744760387593,0.5937382953602391,0.6375486196257492,0.6648158985690865,0.6609962314284321,0.5832467017337413,0.5882254596003845,0.5561283676086971,0.6703812106722696,0.6555631550844649,0.6140578736532268,0.570271889999994,0.6254088992134614,0.6243433422563222,0.5829554449887021,0.6500242305113527,0.7406285479302603,0.5798537863631429,0.5567751239253936,0.6266267646708387,0.44507799198461445,0.7100700705713021,0.5028988093186948,0.5721508447584434,0.6404999621787398,0.6167140493869365,0.5298249497458877,0.6028564902337543,0.636331607978386,0.6506418307163799,0.5781839893024318,0.6308637175419239,0.6675246652817324,0.7600197511237974,0.5606497105467828,0.5830225940154834,0.6029532016105081,0.5888329564584158,0.5106463039974183,0.6021163320773719,0.5991902307523002,0.594688009815236,0.5929465730267963,0.6867739784985621,0.6987919060906401,0.649306613857887,0.6176591011412293,0.6324942976564428,0.6003234607852931,0.6702515411413005,0.5770048225539579,0.6218514396439672,0.5826310662241495,0.6088843485153371,0.5789020141428755,0.5686393960856297,0.5797564006448076,0.4503483155576765,0.6395325004691133,0.5070628137906716,0.6206464517036296,0.5943402179384184,0.5252613707179365,0.6700511247782681,0.6156562089374905,0.6805356825561206,0.5579244912339987,0.671785694730136,0.5574897056640659,0.5831292210407742,0.6732789421666933,0.5861457785103975,0.650863112323239,0.610517636077451,0.6606311346057365,0.6121699644094442,0.5205258561686151,0.569711458264921,0.4974000490704992,0.6406216268655311,0.627720609465945,0.5092588548492546,0.6289601104312675,0.544635330782909,0.6486741695942921,0.5171070035567388,0.5663421880869937,0.5580092241407718,0.6526312840607157,0.6408057078555018,0.6686579537967122,0.5413800182442136,0.5791065025113519,0.6026366328544575,0.5758075838251876,0.5446053308317256,0.6655086091342073,0.5554641811747335,0.6433247059067665,0.5438777463880773,0.5226202485545991,0.6118592357154188,0.6022073534783725,0.6705084841535945,0.5689273420487129,0.6540998918946471,0.592822834504107,0.6163461823855323,0.3667297652598509,0.673277337180628,0.5861415479725939,0.5928681019001694,0.6099622263866661,0.6276274310980678,0.6003917008064368,0.4756593308479808,0.6691744471688308,0.5375226784446894,0.5479556593997581,0.5713648883202244,0.5999974903511422,0.5555212961529262,0.6102029317121892
0.5857107020053295,0.6559882536107482,0.5911545481581554,0.5586541125701946,0.5953083479997666,0.6035777761780082,0.5429651507443727,0.6343644335068181,0.0,0.6151115519003181,0.5619437416642412,0.5303712862593486,0.5845301865527215,0.5385521229211481,0.6083608867239231,0.5435043200375873,0.5222992305942187,0.5553051871070251,0.4733494235428129,0.4886329130892231,0.5554960599161568,0.6206190599046788,0.43158104751966636,0.4901336612843956,0.5318291101185187,0.5162443562977094,0.5521009672761376,0.44406775559260997,0.5552952013332764,0.5536584234693984,0.6767979631527812,0.5718638223599972,0.5879948180500536,0.3931633256881777,0.5539391912436353,0.509543812744857,0.5867187934410844,0.601163699320775,0.6382194902331934,0.5759379112211211,0.5703570584472817,0.6502778066503678,0.5023215580542707,0.5991363476864219,0.5214403751894124,0.545136023513995,0.5365940540118724,0.5403273648811491,0.5086740434023042,0.5786629332829755,0.6238613746895458,0.5148498824784675,0.6419238801173724,0.6036619395014027,0.5720628840334943,0.683530890825724,0.5596862745628376,0.5919035552757541,0.5859212947506364,0.5081336247046305,0.6244340344439514,0.4573920641817332,0.5748479663985634,0.4650032873482747,0.610367333819773,0.5724371947486734,0.6957781726067993,0.6088216924998033,0.5340515236084475,0.5991738146957168,0.7391313425929753,0.5606089416810757,0.6063180537806272,0.6078690118590748,0.6395733903170396,0.5576483466603961,0.5802736432193256,0.6301344961252164,0.470074629403278,0.555727817867404,0.6642127758939103,0.6698656764251016,0.7289404318674596,0.5210138609108269,0.5865195665356123,0.5786274864555835,0.621063953430867,0.6257193804856781,0.5554583487687622,0.7172632047851846,0.6178270339940484,0.6176663987767744,0.5915653298489634,0.5452669603369104,0.7540193526930945,0.6269834737879829,0.5989988551024394,0.4928769345157575,0.46423550295658755,0.5649652456099966,0.5351598805796016,0.5614844829854531,0.5269835954263931,0.470555224464934,0.5935176048251889,0.5019184046421168,0.5568033287285657,0.47160749003293245,0.5974455852070584,0.5293481623404589,0.5273316282328564,0.5875455387681735,0.6234856469044824,0.7063997093885019,0.5095008323802451,0.5574927554533683,0.5278973427282337,0.4846590061356617,0.49534260556398835,0.5147056621406341,0.6284561955322968,0.6281400075646818,0.45113757477903477,0.6563554615118954,0.650060743545119,0.5940978868867504,0.5296907740700469,0.5288838008004845,0.46756005869090805,0.6622410506769303,0.6694755421799595,0.6781557421090008,0.5571052515226277,0.644559491625641,0.5583250537068842,0.6905663348726391,0.4682273638735594,0.5808890056300955,0.45943266127130666,0.6162235538391787,0.5753243128671678,0.5381234530835146,0.6886136396377278,0.6883263836902325,0.6531902755737742,0.4821934694431494,0.7389986045786766,0.6926279601079788,0.5163059217311529,0.3486894567286956,0.57698711716914,0.6613130894269994,0.5283664054960597,0.6074172653496499,0.5413698311852337,0.6388996367123378,0.47135032921815084,0.6345915122987139,0.5746671040345606,0.5500885644208385,0.611066023104654,0.6150858993065673,0.6594679123233064,0.606713419067864
0.6364657546242366,0.5952536276146567,0.6337726077171677,0.5890159778463155,0.6552702437574909,0.5511080808102077,0.6349309979568414,0.6044224948555693,0.6151115519003181,0.0,0.6519688354812619,0.5923827966655059,0.5993314919626299,0.4694944962498842,0.6768152268382842,0.5769012872305579,0.5616498093819324,0.6540718740987322,0.5380774490519293,0.5094373905594869,0.6043990134988815,0.6231457650689222,0.5097368980460611,0.5631239010336397,0.6776123712329822,0.5368787133615763,0.57974241132973,0.4969441273371736,0.5744419632217574,0.6033624891709384,0.6416653993535935,0.5848683492355626,0.5546042814936353,0.4191427683393296,0.5478518085358293,0.46986794434641455,0.6431880480646843,0.559358416642829,0.5905087043377426,0.6477756077529927,0.5565469691554065,0.6794616457261352,0.5858024089882652,0.6421746066582141,0.5308871787936756,0.577449112616739,0.538191231185091,0.6070370260358163,0.6246058169034409,0.5459159647287269,0.6492929491434669,0.5202258283423605,0.5411073580531156,0.590920487164584,0.5922650545310971,0.5699693952694065,0.5833017831052189,0.6187303629446922,0.6789836909481632,0.4724282849548549,0.5683294023520512,0.3960731558901415,0.5865886685626698,0.4403072689801587,0.5986096949908831,0.5830559582155563,0.6146250118900217,0.6206010998827746,0.6054747851554662,0.6749971699708435,0.6272325110222451,0.5260069938597265,0.5665482581494775,0.6549071430911818,0.59213154260142,0.5820868996395095,0.5924228391211404,0.6451972116410706,0.4913214710391309,0.5298942710416684,0.6414186496207143,0.5925907933640575,0.6944575945991274,0.49506544966521054,0.5822287547715662,0.5520743875437247,0.6063976616869533,0.6316878698158437,0.5642660255916196,0.545465181685715,0.6419562201286474,0.5441363093679901,0.600547475268939,0.5391581022970853,0.6252708263826985,0.6329730639582396,0.47776664855858936,0.5081258829565821,0.4088446118331311,0.5436033034440723,0.4811040301479413,0.5999113215925783,0.5881423696117697,0.5628335411814012,0.5331193608115374,0.511203359313904,0.5571966797646476,0.5394292896881395,0.6231907008562072,0.5923818650173472,0.6045095364553381,0.5694315884430318,0.5704534856653004,0.6192478903059913,0.5002890739055951,0.5516548387690225,0.5812599771616388,0.6054222019253207,0.5502020856391988,0.4502221441281271,0.5673171612308052,0.5513513867947266,0.45741054676602805,0.700770407080682,0.5486480350207623,0.6532617066046806,0.45028318908341186,0.4751440878300626,0.4789084950601211,0.6291692018307509,0.5814042669003064,0.5875763098321197,0.5043952121275443,0.5112874786802533,0.577887584359115,0.6166320082914079,0.5088841282550164,0.5979443820619821,0.5266730634009827,0.6580527765060381,0.6185121298971594,0.4774681085011972,0.5962919663112363,0.5586930107298809,0.6499302421468587,0.5317424445906281,0.5877333395425002,0.6768793016852037,0.6004610200392795,0.3262226050376008,0.6174746821513916,0.6853496784906159,0.5474875825827754,0.6244010593605328,0.6413067511158236,0.6508064038720719,0.5122524625049155,0.715291341669219,0.5892194308294029,0.5570843328282652,0.6807058532285662,0.5986676682966081,0.6045895912996522,0.6486920991333276
0.7411277119588199,0.5875587894554253,0.5972142135291737,0.5943506281889512,0.573931551945321,0.5826291764023496,0.5884580162860686,0.6151436074786795,0.5619437416642412,0.6519688354812619,0.0,0.6404700250909725,0.6827831644263802,0.4551569314491468,0.6157047482560577,0.626279106197719,0.613367289357461,0.6303447153920884,0.6121659600290954,0.5720336615501511,0.6373553435307145,0.5958172783109383,0.5219767799173834,0.6659199948646889,0.7145310796655318,0.5567681582572979,0.5527533843335077,0.579517596746969,0.5442598575434604,0.5788763008368565,0.6244490975335062,0.6142685972186251,0.5319785693905211,0.46127623027635467,0.5704760550139844,0.45797609250111027,0.7168924606010596,0.5412750844295267,0.6062531427034225,0.6817831617843567,0.5333285636599849,0.6314861808287209,0.5852434710428648,0.6713484251469996,0.5670017389003851,0.59533259095063,0.4941716807459856,0.7211320820292406,0.6610512244673583,0.5396143812026848,0.6501515425242974,0.5518487325889319,0.5147325958911616,0.6178193958944417,0.6061814092022143,0.5347865798927126,0.6504485320310897,0.6171577159939515,0.6208374424187451,0.4808974904959541,0.650100486320866,0.3818525507833342,0.6161370122377593,0.4277773244924032,0.5710509778279274,0.637824582638607,0.6342019386965927,0.560404447373096,0.5498936126275045,0.6590785686180507,0.6032363873579879,0.5092344934975807,0.5981287921502213,0.6994578423724153,0.618511996220243,0.6023625261473876,0.6366484292317854,0.579886035079557,0.5106845977860682,0.560833325371051,0.5987820415927296,0.5598753706349154,0.6096370883161664,0.5112165723104782,0.5903065020781031,0.5588286379066787,0.6703462741539339,0.5683021145129061,0.5714534354412671,0.5381153456927444,0.5902539064225726,0.5017946018697587,0.5760031739282235,0.6293480192179525,0.5695719532244838,0.5676697911692781,0.479208735503869,0.5079457601866532,0.39297257750866044,0.5665524402089683,0.481058016052476,0.6124407687676684,0.5424395376134749,0.5092800060809186,0.526287215835075,0.5251791546670317,0.5762316952669422,0.5637308581461593,0.584406739972868,0.70780455010391,0.7210689364001034,0.5503349160582331,0.6085296835660923,0.5638647838090473,0.5203982577428189,0.5968111766331474,0.6159698040317773,0.6064421155587607,0.586614375691758,0.4294692279912281,0.5578829062174383,0.5013392350738962,0.5030757096432175,0.7117124059021668,0.5386619955078944,0.6538758441935478,0.4359986898849073,0.47919181915112424,0.4939011969718102,0.5585604341902985,0.5336678006461497,0.5808320401242498,0.5416669972952092,0.5136635524855884,0.6616059309610101,0.5741896676724696,0.5477270225465398,0.583230094765597,0.5451278464181047,0.6004664371110449,0.5673755845541832,0.46800900850500227,0.5667939817334814,0.5043266079263377,0.6371846053214644,0.5268460921112239,0.5498812365261254,0.5734642000257,0.5885297520027488,0.32650898991899335,0.7626041454749644,0.5885003818767129,0.5880751632158581,0.5347107060454311,0.6257330689555047,0.6639261647564396,0.6270829938739622,0.7219981162728399,0.5938057120679854,0.5849006102626322,0.5599507487717279,0.6029381623950154,0.5083181322365325,0.7455698684675929
0.6198759174137668,0.6001983180144985,0.5570281066185273,0.6201667525788211,0.5728978730858488,0.5663227979471072,0.5661612424723794,0.6419353010836144,0.5303712862593486,0.5923827966655059,0.6404700250909725,0.0,0.5852110411075944,0.4591988558363193,0.5662417046057281,0.6288563264736095,0.6602795363101635,0.5623217597651972,0.6708574681449694,0.5554845273838799,0.617766356546146,0.517418725505572,0.5644296965736494,0.5851457482655498,0.6225081353589516,0.5618192972642576,0.5953391401068495,0.6063924076688703,0.5538603939816495,0.6127730591257473,0.6460811254059472,0.6180688713771421,0.5800656937332529,0.5192694567801969,0.5950309503753815,0.5218469034260609,0.5648356426881073,0.561408990583536,0.6190835781193342,0.6577125294927605,0.6221110339333168,0.5605062912442711,0.5625746227000564,0.6385814955194615,0.6106673438653637,0.6231741162357087,0.5372901293987853,0.563798829088973,0.6154409413462495,0.5868831242702492,0.6483943281364835,0.6060996274061966,0.5306676510259585,0.6298496051143081,0.6505881312751964,0.5152340426288766,0.6471419267298902,0.7367367840159729,0.5534768843848541,0.5410446501068772,0.5561198855753038,0.4049086538323398,0.6163702029075401,0.4602413632980858,0.5194079015789248,0.5662413526126235,0.5347247197006931,0.46801748402393134,0.5261986070486424,0.5623673107014762,0.5331663396713475,0.522526709989265,0.554954785883106,0.6339716925834131,0.6380347932430852,0.5600728493500386,0.5665287847663883,0.589037239580759,0.5483315178717536,0.495546740165876,0.5281677213515875,0.5336012823239908,0.546368588642311,0.5150190447655008,0.6235945989054728,0.5879568391831542,0.5484507582642231,0.5594312196549763,0.6165200303710556,0.5114725644874679,0.6307662387269063,0.550389126502795,0.637232619498663,0.5980743664652882,0.5338810805256856,0.5383884432385498,0.4792495586327364,0.5695640047154711,0.4170858594386077,0.6177011553075978,0.473534009817483,0.5542205500201882,0.5805357251406303,0.538813349249121,0.5724923854738476,0.5596100325376574,0.616301146563198,0.5722327725052434,0.6274288439141217,0.5627112358856898,0.7003546720518622,0.5864912378604081,0.5258263277893327,0.5556010509289582,0.5763935446330746,0.6588604514568349,0.6617038795460952,0.5476257125779507,0.5890031133962054,0.45382058214254406,0.5623811348393271,0.5237262559958309,0.4984997329790065,0.6305861980279565,0.4847909657999042,0.6651434598105563,0.46805433656921225,0.5176451714124392,0.5621553130106636,0.5312616627491542,0.550667984757774,0.5454484916147123,0.4889509123658826,0.5200564839554982,0.5464927036620444,0.4969737452293833,0.5462805521422108,0.6245257067462932,0.5440090576245792,0.6006785975782047,0.5181679914546337,0.4779326127146922,0.5794759089169168,0.5139527881253398,0.5832695937924917,0.5595589409269919,0.5500920233048566,0.5411487408690436,0.5925714132658539,0.3536098281837684,0.6639786742504411,0.5774802359017254,0.609281173259218,0.540959061974358,0.6409009607075817,0.5240314948235694,0.49271233256827124,0.6531130082073594,0.5474234766852049,0.566645876390448,0.5094532446380429,0.5727210326924758,0.48389096934460074,0.5964397711673899
