0,1,2,3,4,5,6,7,8,9,10,11,12,13,14,15,16,17,18,19,20,21,22,23,24,25,26,27,28,29,30,31,32,33,34,35,36,37,38,39,40,41,42,43,44,45,46,47,48,49,50,51,52,53,54,55,56,57,58,59,60,61,62,63,64,65,66,67,68,69,70,71,72,73,74,75,76,77,78,79,80,81,82,83,84,85,86,87,88,89,90,91,92,93,94,95,96,97,98,99,100,101,102,103,104,105,106,107,108,109,110,111,112,113,114,115,116,117,118,119,120,121,122,123,124,125,126,127,128,129,130,131,132,133,134,135,136,137,138,139,140,141,142,143,144,145,146,147,148,149,150,151,152,153,154,155,156,157,158,159,160,161,162,163
0.0,0.8168799117846973,0.7363838459048674,0.7799640499744778,0.8076313424132686,0.790974773747026,0.8258823946272108,0.7765227739859165,0.9053842624777534,0.688992388932586,0.8082964672092131,0.722688759658141,0.8737411752982047,0.866927026843588,0.8755445293486953,0.7904092791588895,0.8227960395534963,0.9517749809137158,0.7964154278858292,0.9403054502459546,0.8356168984897017,0.8459200631492383,0.7932374991066261,0.8611948617928353,0.818277362132758,0.7971832351415667,0.7455874907198891,0.8238692393440733,0.6842120067909193,0.793666461306495,0.8584182969508639,0.8246896365813904,0.8388444628129473,0.7844703829095793,0.9221873069438578,0.7725142019295544,0.8881432154451336,0.8707601211839735,0.7325151063471969,0.8907300295295955,0.801647857286804,0.8151579294748893,0.870281052332892,0.8595158013397091,0.8593292222723816,0.8698889873839298,0.8421611205279024,0.8148570824519797,0.8871711767734705,0.8791729564359497,0.8865635866692121,0.8893443568988999,0.813461681040677,0.7956021743205431,0.7547588103119022,0.8242353919088644,0.930901840297234,0.7559862749848828,0.8452289083786595,0.8560628469662712,0.7857094796855407,0.7646080928115826,0.8743650903835078,0.7639858284637291,0.882751143510555,0.8576242884228881,0.8364999871514712,0.91046809075286,0.8229033214736003,0.8362404997748885,0.959564464158574,0.879803658965773,0.8239703324811867,0.8515023636947647,0.8010263492018563,0.8789319759970908,0.7590963803454384,0.7639900163775666,0.83861381687283,0.7240896382020652,0.7890884064910322,0.9026777497552507,0.8533584731265631,0.7982111058906017,0.8685647459213158,0.9006569994896263,0.8132471309237207,0.8582265214932424,0.8286750433477665,0.7893531432171339,0.8686035654053695,0.8461099487156881,0.8229775500363716,0.8941614446802537,0.9007098695178618,0.7798225188988754,0.798729829460634,0.7978816723781066,0.7686645825445793,0.8330670906792448,0.8201584055742738,0.7226839633778814,0.7565774843024138,0.7132600637016577,0.899032404145597,0.8540084692433298,0.7445879661588882,0.7664587507473023,0.8556667777949802,0.8100365768446545,0.8031483540713473,0.828458501271701,0.8469886607366401,0.7116856555643865,0.8773857978716612,0.8521223014219379,0.8532596644282662,0.7687105983742951,0.7376506158890783,0.7613629507162495,0.862757245390656,0.7223065135874652,0.8742181465691535,0.920120539717202,0.8701044218314627,0.7447601747218211,0.7288021813776245,0.7764583809565948,0.7242413745074406,0.8922355476241444,0.7753999364857362,0.7950851438971821,0.7880233203804836,0.8261640207913346,0.808409127759754,0.867510127473975,0.8587019727568004,0.8893912781718436,0.8202214593006919,0.8149046885871571,0.8332267259088127,0.79357776529506,0.8908496156757799,0.7765956271825892,0.8132535030068496,0.8189641882940032,0.8603974136599235,0.7191215017246101,0.7640048790803953,0.6007063854662866,0.9048683759885117,0.7898628587644577,0.8076612043338145,0.7473454528278007,0.763894070375805,0.900414752480298,0.8810544320484732,0.7862703683327019,0.8853828637772698,0.8234491022160291,0.744845841055588,0.9216255395779802,0.8716038373737623,0.8980997787558668
0.8168799117846973,0.0,0.9109406110059699,0.7968562795902784,0.770544848084458,0.9156875575448031,0.8099040825056338,0.8624049558688757,0.7965525606918578,0.887488718248219,0.8736588848113174,0.9134913592628984,0.8597443177430544,0.7973388810903971,0.8455815890728683,0.8927157695390381,0.8794301014222582,0.7962651588946713,0.9167743459101011,0.8901934961485632,0.9094541257387083,0.931055686710786,0.8013621549097293,0.8927389374858247,0.9284756643835724,0.6864872294452644,0.7714720895522683,0.8452465038237112,0.8931045075535059,0.8126607761965468,0.8775301830138685,0.8841011057241757,0.8879909347053059,0.8193465214403939,0.8285605590750009,0.8528038363115465,0.8329869729084133,0.8500218316393457,0.8401886539626005,0.849567918497215,0.8867598075531581,0.8312348041657243,0.7998849492258547,0.8525034839206711,0.8894173959485158,0.7985127014893435,0.80828481606829,0.855736715572347,0.8554527349052271,0.8092557007066806,0.809391074896804,0.8109117776569825,0.7714579812083114,0.9105349758694471,0.869220314976513,0.8347739915888992,0.8241312601202511,0.8668470012150925,0.8102411676226061,0.8377987363188442,0.8529691476220638,0.7000118236485074,0.7931492104065436,0.7881314512506044,0.7383664455237938,0.7420627370973438,0.7585581060857156,0.7898533213049658,0.7821658965924287,0.8237652031480074,0.7939187782674985,0.7665505860135088,0.6998076438501507,0.8412590511901604,0.8778483889331694,0.7695976869932638,0.7623460647160593,0.8500375241266666,0.7557730647682972,0.6758824277996343,0.8320908225743554,0.7707561502465473,0.9104391891302008,0.8225297446496386,0.7496217386750298,0.9167454997160016,0.7661118209784017,0.7223330499819146,0.8134046864644834,0.7908598614943635,0.7449938533004545,0.8329115936485042,0.8811615769009249,0.7832103432685542,0.7591969978216598,0.9089096550347696,0.8241327317837676,0.8955362758206497,0.6780411252035518,0.7800202462157166,0.8093462796558455,0.7579622405706445,0.6654864853714804,0.8775685959217148,0.7862386899689139,0.8136710583123947,0.808848278759786,0.8882353737603705,0.8481467323707494,0.9199263769325297,0.8522811403837386,0.7011113904822134,0.7570916309442115,0.7700863147006523,0.7557436901195829,0.8075228053619964,0.851492706315979,0.8571009483013876,0.8396852703763171,0.7029570491343976,0.7444070089684273,0.6766303644890388,0.789029768694397,0.8968733622792646,0.7326414988543303,0.921603342819329,0.6744302893963227,0.855210146024153,0.9118177024128145,0.8107357490280536,0.8567820657020351,0.8581094354353617,0.6908897683924881,0.7481327683745042,0.8718103691602694,0.7717352901715544,0.8858666961368616,0.7954190911966132,0.8954913665573241,0.8446236293662561,0.8384019397021693,0.8661827597845143,0.8421668594402165,0.82639155175817,0.8665428014435693,0.707336932922905,0.8710983592103075,0.8370097962350096,0.9375704641283312,0.7444648042103056,0.7730877008011876,0.8560049574058153,0.8445089971122303,0.8568160794756634,0.9211409614875777,0.8386039547105303,0.8518132123259479,0.873768627981141,0.7852208435973114,0.7004958471427275,0.7796453898156418,0.8043627195359283,0.9483184127141875,0.7556211964880519
0.7363838459048674,0.9109406110059699,0.0,0.7903798583554577,0.741903653473242,0.9006158901304837,0.7739763766814309,0.8780588691420704,0.7001015912111481,0.9475085775462811,0.8890205792589859,0.8943944784804215,0.8659059352873786,0.7463405480110245,0.7645229989951924,0.9482272569702529,0.901664887580108,0.7525637146598997,0.8659248222235892,0.8018014563428755,0.9088650074840184,0.9162512215013464,0.7856398745459489,0.8092953123331503,0.9247173807363365,0.6933168381036438,0.7865432808166022,0.8436887748125818,0.8902386154713808,0.7778858443302062,0.7798119179137469,0.9134167450951901,0.8083649011039848,0.7886620514890752,0.724888811511971,0.8271833222632621,0.8102474793672988,0.7948403902417737,0.7908913994921813,0.8101732908654661,0.7910710017464028,0.827755668598598,0.7990868089550467,0.7810777944874544,0.8662221249108423,0.7540407741475639,0.7631706299609038,0.8449316116034403,0.8257805503093573,0.7679783237818186,0.7941893153302024,0.7501113454722729,0.6940826012637394,0.8935661326352353,0.8842980054892172,0.7547803670678005,0.7538755516408854,0.9018765372803447,0.809169719421284,0.7741327126058403,0.8708740533340145,0.6762061287473871,0.7830225325666553,0.7624385091866018,0.6729589889019248,0.7133716131440931,0.7450322583280425,0.7775025685231172,0.8417472506763019,0.8463098423052122,0.7352339737820038,0.6807879124471327,0.699033350353156,0.8786760089945039,0.8783565453328787,0.6832558828527368,0.8418305418761483,0.8495944040060777,0.6933623641252455,0.6162497844150425,0.798034697916295,0.70502456803448,0.8310712331399198,0.7923007605728081,0.7224619603893171,0.8159798740756692,0.7782900931615031,0.7133536899201768,0.7762261380289656,0.6940209148737403,0.7342217073694749,0.74281120948927,0.8459993528054972,0.6914986913712632,0.7152141679172972,0.8629428914540539,0.7761155300608027,0.8425981683094697,0.6096611490007477,0.7507679417693112,0.7146201371075616,0.8514428677564224,0.6710509424359546,0.86587275315453,0.7361153112096996,0.8006810900047039,0.8562209874939718,0.8901658869785278,0.7987395726781816,0.8793135186245175,0.8411102746438432,0.6630948672736584,0.7486314704097818,0.8079028217287675,0.6835609968193037,0.743382595486771,0.7700041851748611,0.8807579689146625,0.894244739514474,0.6583324546253747,0.6663406047101045,0.6884366801336198,0.7129639708822108,0.8119638839564786,0.6254414544035948,0.9014715595472197,0.6776582252311489,0.8352187134922109,0.9217408653502944,0.7559500235464325,0.8085283212088259,0.9043397010481704,0.6513170988280688,0.6431310446740196,0.8291314152212205,0.6804198557606802,0.7766121803176245,0.7054217749050069,0.8923293323541196,0.7860356842160972,0.7795046606712508,0.8548461203138734,0.7702309976186922,0.8317067732977991,0.8261962733922876,0.6958772770312887,0.7785039375634611,0.8282162578679754,0.9412538918135299,0.7371755960731186,0.6951933666038564,0.7714056837709539,0.8214089864790146,0.8838868243873557,0.9100615371579004,0.7873732032628505,0.7960155767800011,0.8652588496003947,0.6857219968428561,0.7049719764379345,0.7707272448019502,0.6790640133523599,0.8685209021037482,0.6774343134749824
0.7799640499744778,0.7968562795902784,0.7903798583554577,0.0,0.7500031128260812,0.8184975473339161,0.82861696370255,0.8127670245604539,0.7227982465083239,0.7229873031837356,0.8319108867439728,0.801730246819127,0.7993953485751961,0.7583623508048009,0.7809846061028353,0.7848007962219924,0.8260178876511126,0.7556838977611626,0.8287867518183596,0.7592795136280599,0.8722616643806349,0.8174414365259777,0.7936621011140692,0.8044229780895382,0.8035107912563452,0.810660106161019,0.7567114925862428,0.8353798207714543,0.7093148782433532,0.6925116271160004,0.7668471492866973,0.7956509497905573,0.8999389224498447,0.8447824294204632,0.7777696285273104,0.8179578705122613,0.7887971282421881,0.7648848133969116,0.748456787624274,0.8569240634086778,0.8133514454520389,0.7957109784795587,0.7650712327981403,0.8211633891664947,0.839731235345578,0.7529182941654204,0.7107838597501352,0.7794114930616267,0.8067802281333509,0.779922692649364,0.8691812853390521,0.8632590328915072,0.6994466416284659,0.8960459687970356,0.8135894836236119,0.7281103312515576,0.7932805748130987,0.8457369594291607,0.7760579120521579,0.7890131647563121,0.8288129430127967,0.6948071986630646,0.8226121395260066,0.7142378753610485,0.7141544398838816,0.7347817620930981,0.8147596805073918,0.7512785756187386,0.7549557978310403,0.8094446706296273,0.7862486439348032,0.6957317221603554,0.8013872083618615,0.883209171731589,0.7921194799593793,0.6732106930761673,0.8331690016864263,0.7819661464305918,0.7337380867577595,0.6129972149653302,0.7165868950360131,0.8288297436093216,0.7350622695208124,0.7390019276439191,0.8437951242032907,0.7998745456202215,0.7938704938610031,0.7478048323542746,0.7423294672670747,0.7107167262708184,0.8385131955441055,0.8255543988397241,0.7809085502487346,0.7328917836762859,0.8291428636186127,0.7720874784304701,0.7669029752179949,0.8433556355765987,0.6757117559425757,0.8230244484386844,0.7086312564326676,0.7807456666874801,0.8235919690810368,0.7591386472606775,0.8033366063774366,0.7677455285227606,0.7880620788081188,0.7734883683482543,0.7694797674761572,0.7786070284660858,0.9006347754976357,0.7738766303348729,0.818570025482053,0.7417134783960584,0.7519309236595224,0.7930445023063076,0.7439628153677333,0.721092428735651,0.8583872090266782,0.7459429771158744,0.7039496308094736,0.7911933360583007,0.7607452686673243,0.8195279585483051,0.6712897415017701,0.7657634684040254,0.7520178454426171,0.779213306611458,0.8032350745205676,0.7280303066257153,0.6937768426309654,0.7992834486822817,0.683466804227781,0.7705898411828479,0.7730003404579758,0.6612929291499494,0.6781845524676845,0.7648404560509696,0.7962023769433175,0.7400016613886773,0.791557584028714,0.749555427428786,0.8525630734040404,0.8259552094596836,0.7690287319530354,0.7669999336793578,0.7797835268354768,0.6831442419683752,0.7403239449076147,0.6311255863313004,0.8073368754483518,0.707216440213582,0.8043416321519636,0.7378333592218149,0.8443373378773318,0.7761604137989863,0.7713785028126215,0.8162700796333245,0.8124183683749876,0.7861658441006077,0.6774077757500876,0.7237758586441267,0.7932699127165219,0.7721734219789921
0.8076313424132686,0.770544848084458,0.741903653473242,0.7500031128260812,0.0,0.675241579982808,0.8849173935342484,0.6943060732944824,0.8184892464912596,0.6841732551839869,0.822465091814967,0.7931066752911143,0.7046162539611506,0.7614079711314505,0.8728126897637268,0.7504669021566225,0.7403037932691333,0.7976801346660238,0.7680494366773313,0.8015979138854231,0.8141656166723071,0.8636170293752333,0.8556692038315261,0.8378201921029659,0.7765487626652474,0.7505199861500199,0.7678327416022527,0.6878740150604546,0.7207547733022929,0.8048278297570461,0.8375598879281068,0.7382881373535738,0.7878045828572084,0.7305850090525687,0.8688697590596283,0.8335893800968454,0.7819372384981437,0.8197263477954877,0.8171331996497047,0.8111710892820789,0.8042396274300718,0.7868739345325539,0.8299771338738897,0.8633795967018887,0.7803612061048583,0.7022028019023474,0.7777303386740309,0.807236662858348,0.8892423445590683,0.8450089070068282,0.8190458537063855,0.7350168560979521,0.677855617689542,0.7936414943267973,0.803816602560307,0.6898884663135393,0.7861609646589858,0.7954452128323091,0.786975176019847,0.7651343108202906,0.6524036560125974,0.6596518794217524,0.7211366877656661,0.8276264236612013,0.765438801960145,0.6479223082955796,0.7134335073314333,0.7741801341421578,0.7873423856527091,0.7384309744186811,0.8057928751665934,0.7969006779577495,0.7064275934474601,0.7626258344918977,0.6814498247289974,0.6587377061507473,0.7323385830357829,0.8543218423374772,0.6748669519485246,0.5585527166929655,0.622198678274556,0.8352100100754298,0.780898569489629,0.6325116055713333,0.7546851302318206,0.7766863239457458,0.693365798157744,0.7898158996755846,0.6479339261462242,0.7007191677662724,0.9001177741522896,0.8422856818276171,0.8614222151074984,0.6806524864677043,0.8065077021237704,0.785847691763404,0.6866234301518026,0.7412345932236433,0.7849589048976783,0.6697467306030156,0.7698968239247189,0.6988057530275347,0.7698003012724689,0.7541936709800403,0.7736681400026374,0.7083456070384084,0.6574099176318704,0.7063475224786818,0.7610293683939616,0.7510521659525176,0.821674486262454,0.8676581060409577,0.6631372039458522,0.6948610103424061,0.6889106974374598,0.7008762683272888,0.6647020979053044,0.8439258317902033,0.7054679912086809,0.6856537959216212,0.8988809091195905,0.6609200357307164,0.7142565598269871,0.7888099692798358,0.7699233227401902,0.7316545188851149,0.6566958017444795,0.7876923976786132,0.7139120822998476,0.8130308426318041,0.6876098197942894,0.704022314194253,0.6191337621067335,0.7820214805946936,0.7963035759267947,0.7696390681694708,0.7521118369194746,0.8881687146233592,0.8389176769374439,0.8367900048870057,0.7141367271069173,0.7770234594645685,0.8104919164285453,0.8461606449481832,0.8278238355253477,0.8097247541773227,0.8829596531579444,0.6248725871525773,0.7589116914656476,0.6196400626890223,0.8017127578028723,0.7016204619281093,0.8557325283796882,0.7827599531249708,0.7619765159135096,0.7694568620306453,0.7185400038583912,0.6997503704936823,0.7930565761335043,0.6875422307422434,0.6084758968514223,0.7460038872831674,0.8150841104965687,0.8490264754070143
0.790974773747026,0.9156875575448031,0.9006158901304837,0.8184975473339161,0.675241579982808,0.0,0.7340736873526129,0.9004612308098454,0.7367221909642399,0.8640941931080501,0.8489466286409943,0.84499701546285,0.9156644204778669,0.7652690007121578,0.743916788287893,0.9147105873611966,0.8984853805470978,0.7568749525698564,0.865294507659997,0.8223135581387699,0.8789159532613854,0.8475462925541232,0.7239402572868843,0.801577810248815,0.9009130417068857,0.7117423749534096,0.7341267678156256,0.8903614157883021,0.8247350168680072,0.7683624538324745,0.788618778710153,0.9023308817939526,0.8497335714798092,0.8192405915872609,0.7431778851787606,0.775845387787461,0.8400834296467359,0.7999882025270971,0.7435123842253393,0.8030241225998965,0.7942714501665928,0.8216562962253611,0.759911185010175,0.7910043097039109,0.8627235357045697,0.7925434547697828,0.7622050505297497,0.8230037371723993,0.7759712006994016,0.7407442871000182,0.7924681819103672,0.8390948153111755,0.7341646942668542,0.8679242202109608,0.8152218593417505,0.848809482178177,0.7893658111358907,0.8722042576458411,0.7520693576469001,0.7895749710039772,0.9300747664254244,0.7178311257674765,0.8366637772798912,0.6961255621184963,0.6825158081137175,0.7733573983813042,0.7762208252460336,0.7940178011930448,0.762879694386298,0.862659157986977,0.774314575592763,0.6906368949771468,0.7314830074995318,0.862129519098826,0.9211348679116569,0.7679554489436421,0.7979710763830395,0.7976799934943324,0.763574874022509,0.754559638632616,0.8998114183751995,0.7245748055282043,0.8640654286302358,0.893792062925554,0.763547668830359,0.8763560537205037,0.837624892231999,0.6923543933437192,0.8562384370517624,0.7663743407251759,0.7164351356485364,0.7594112720744594,0.789793224110084,0.7770855911561367,0.7307832917900611,0.8563106209536164,0.8139172793630494,0.8851066999005233,0.6200185537516328,0.817558530374224,0.7398978426108196,0.7908761692567596,0.6576450798360691,0.8098744516855936,0.7706684379609368,0.8415188439245915,0.8469830414393715,0.8966050101001987,0.79569657166544,0.8846251822261688,0.8230756712454868,0.6483081014757953,0.838669438739976,0.7956207084345572,0.7638763063982874,0.8351780084744995,0.8652444665673604,0.761781289870236,0.8793977128447638,0.7277262857881778,0.6558876518708622,0.735874069894714,0.7955878879114295,0.8777314690625592,0.6721925541519281,0.8846613168897454,0.6982834301882579,0.8169208976256421,0.8927402973348598,0.7376215975378595,0.8543045951992869,0.921210242645007,0.746248481862118,0.7049050839220128,0.7974333621767161,0.6940672539855968,0.8179505499379092,0.6984642589821923,0.8004528288832975,0.7544590124040961,0.8306835190641566,0.834883067036866,0.7892098297553554,0.7608964266654001,0.8053814255767027,0.679910173423179,0.7801502801794057,0.8528656116750144,0.8722153894927714,0.7320718522114655,0.7425053827733571,0.8072015950462204,0.7562294520850782,0.7816272878029713,0.9014034857079737,0.8189638223110375,0.855362352898663,0.934376624224006,0.7361015635040339,0.7596471039165613,0.8008490065108436,0.7733626036749198,0.8771675394074102,0.7107212586779525
0.8258823946272108,0.8099040825056338,0.7739763766814309,0.82861696370255,0.8849173935342484,0.7340736873526129,0.0,0.7223961677171653,0.7702416709268911,0.7545257061767854,0.7991350020487025,0.7989403658216869,0.7795393906656073,0.8077868594235653,0.861475921554796,0.7608115731850434,0.7696023307245956,0.8054265613994825,0.761771671959203,0.7914786837965743,0.8365959383145845,0.8454935925213303,0.9196376719131126,0.8613904242488609,0.8422107402081851,0.819714218926394,0.7765091482468534,0.7304246623754302,0.7320449926321569,0.7420282755307311,0.8293329923166282,0.8117860493196931,0.8346130745053995,0.8417485033989232,0.8569525981149632,0.8356850270704896,0.840122473390916,0.7541762269102003,0.7548026452157517,0.9044204383351203,0.7839456182086417,0.8322791558269083,0.8241219073331779,0.8711506846556593,0.8544469078455421,0.7613244739348394,0.847830329340817,0.8148462578498384,0.9482064066975677,0.821922131570744,0.8691498887469596,0.7875157328169469,0.6820761030710354,0.8308736805989521,0.8203760074216888,0.7852651344583137,0.7730578734178885,0.7682291218377146,0.8738846951320551,0.78929287675361,0.7033023271321172,0.6945923891167417,0.7319721074555732,0.8124963592827064,0.7644424571012051,0.7008047485404931,0.8263771530890033,0.8513880886464685,0.799988081163757,0.7416974700713407,0.8291538612269111,0.7897762776712044,0.7715911326071246,0.8431985329472436,0.6850467092991771,0.722563425315563,0.8009768901672489,0.8946683508904679,0.67966426547081,0.5915231616310357,0.6685012166231121,0.8400742893193393,0.7941115787071975,0.6509499781428033,0.7901242910551493,0.7751476684515911,0.725770307014729,0.8420359973268366,0.7245394151242177,0.7397445925070001,0.875777396680717,0.9247181921862296,0.8282786230551192,0.7078580715148216,0.8388809839924692,0.8257642617803425,0.6903286232718039,0.8548350542541824,0.7650982793088081,0.7978985728845444,0.7663597593343373,0.7330527337966499,0.8659893431324865,0.7895649289620542,0.777967126049509,0.7686833573091608,0.7137412855621241,0.7601242894024645,0.8339199417910577,0.8240662007558267,0.898469147892009,0.8280124036190771,0.767032948744518,0.6687972274818869,0.7101165758235709,0.7347360288619509,0.7259469567260874,0.8270742293091767,0.7940968462369973,0.7185528596878866,0.7952404527480446,0.6725536078917491,0.7676314247961403,0.841811689655581,0.7341163990090784,0.761469286699873,0.7293746400429013,0.8087149950178718,0.767652609130957,0.8198180694629171,0.7043206629469317,0.7050037610637117,0.6201532153341086,0.7257120166316934,0.7823063882694452,0.7374970449362567,0.7474275836708418,0.88246439807542,0.8514401219347193,0.7755537492536354,0.759199567561831,0.7926828105990458,0.8796923770559093,0.826049625160435,0.8308514681133685,0.9142773329474709,0.8264620134533275,0.6683435181930357,0.7902072794259173,0.5924169308004281,0.7903796608888792,0.704562019851836,0.785525770413862,0.8700523720486374,0.8084327011058614,0.8008369691122023,0.7495499708290854,0.784361871812415,0.8339777718761792,0.7682705587079516,0.6875314276704918,0.7543363488788049,0.8525428165590865,0.7856906120542836
0.7765227739859165,0.8624049558688757,0.8780588691420704,0.8127670245604539,0.6943060732944824,0.9004612308098454,0.7223961677171653,0.0,0.7849966232441137,0.8191821159541609,0.8344610780504751,0.8618735521196873,0.8791889766863399,0.7278894648069008,0.7864292525274331,0.9046343585993357,0.8401598116177861,0.7674298346637276,0.8535929074548441,0.8142882203326061,0.8501666877204285,0.8505040914217836,0.7474074204129476,0.7839920131537649,0.8686803574801288,0.7271909889986966,0.810805505791434,0.8471570365535958,0.764843807870919,0.8193759164510399,0.8364323925099044,0.8644364440708193,0.8546957893179477,0.8032558835598748,0.7280944512733951,0.7929472637699714,0.8383456126040212,0.8318208895074339,0.7927537601401814,0.7772743111372737,0.7925479919524245,0.7766132876484395,0.8098255880531725,0.7560119178764035,0.9087798719186064,0.817951699259831,0.741092014049774,0.7909785459916894,0.7682609459884822,0.7655523027121148,0.8000189861567891,0.7802803969946097,0.701932358238871,0.844853932933018,0.8188550747103235,0.7788998735587019,0.7895262422727184,0.9169304810542075,0.7231243887887849,0.8080682256849029,0.9129287794921771,0.7202875346930427,0.8291622404604768,0.6909275153310882,0.680970024490641,0.7536908064493836,0.7653123506278671,0.7884418487093927,0.7887134764194405,0.9401143263202131,0.7867929939977928,0.6857536025479422,0.6849841366909334,0.8572041511852294,0.8967094222498407,0.7189819918585796,0.827165175079906,0.7802270195244928,0.8154007215573295,0.6314031723046077,0.7784919039369091,0.759113218443739,0.8612331757631667,0.8568014100039505,0.7409650947913149,0.899444415760113,0.869487465546344,0.7219678762829963,0.8565641759198606,0.7885973850266592,0.7430278390475703,0.7589569483186582,0.7949240273541406,0.7307497376101916,0.7027269779702627,0.8420840331120449,0.8293022840603302,0.8252509731964005,0.6075219381793229,0.7891602797898575,0.7266423465081008,0.8871669309932736,0.6767761314039824,0.8082540647347566,0.7890661525752517,0.8604812526357807,0.8461835050868591,0.836476637751646,0.789495232909673,0.8048188210671402,0.7832580264002695,0.6728261247833274,0.7566228222688379,0.8411051834521183,0.7569947980522906,0.8069554638143858,0.7749727567288952,0.779645256271726,0.7717443422742238,0.7051276911732332,0.6687668628791552,0.8423561620283839,0.7022163619864047,0.8490173633005578,0.631505435138767,0.8667029453888981,0.6794747691696219,0.8940750418696161,0.8276687268261179,0.763653205525642,0.8390545498740578,0.8958256492853413,0.7554528805422186,0.6976557702263564,0.7996003599355604,0.6709167059883174,0.8070034336453603,0.7147251161889674,0.8393873857449723,0.8412367480171526,0.8013102789082045,0.7867345166926243,0.7770460229236664,0.7756218759585178,0.7860490674527626,0.6911078081994476,0.8253038062947395,0.8258020466231594,0.8450025698259273,0.6898817027547771,0.7741054612342235,0.7504104773423043,0.7879769232543538,0.7987503531901218,0.8921931974504543,0.8557731407292921,0.8167318336161139,0.8911071713887323,0.6962056927578774,0.7143685854209976,0.7251235493274374,0.7047425110734209,0.887253491664448,0.7046844671450128
0.9053842624777534,0.7965525606918578,0.7001015912111481,0.7227982465083239,0.8184892464912596,0.7367221909642399,0.7702416709268911,0.7849966232441137,0.0,0.6549403812899397,0.7771297953231893,0.7522197493730295,0.7720096995281656,0.7701097680899281,0.8535632208519296,0.745651523835339,0.7378506077046124,0.848720543471031,0.7710239980814562,0.87532102305398,0.768153267487424,0.8315122320462487,0.7753569429731036,0.8212964375668301,0.7741326213097133,0.7088994124464177,0.7811670129818788,0.7504267106223526,0.6559734254952213,0.8761148323192753,0.8748663184496841,0.7332005709445777,0.7915490644733967,0.7252884639962641,0.866786191240779,0.7386381252931461,0.8207860440030917,0.8491606684065638,0.7596239592565895,0.7799643055414559,0.7662063918274644,0.8118215118857329,0.7837582458000876,0.7870296114603378,0.8072000617629163,0.7693577314523729,0.7640876271299466,0.7461146681158228,0.8051376019546613,0.8035384765688905,0.7758919852046983,0.7706738606448101,0.7253281038175868,0.73645346529841,0.7057977784691317,0.8079936834215219,0.8372990604966483,0.7771999715182712,0.718406452157522,0.7902537796404001,0.7151371457047286,0.6844979905057168,0.7566981247542066,0.7208380615895671,0.7767242930130986,0.7124996079586173,0.7459002930633275,0.8057920002633787,0.7422401683131982,0.8249682763967378,0.8624780577319057,0.7900413648569654,0.712299763839562,0.7488542941345172,0.7539038079284068,0.7478075801632557,0.689030612389622,0.739812033999382,0.7661513633952781,0.6274090048799762,0.6762884072876583,0.874878103354795,0.8687529822375655,0.7221724236781987,0.7535127715689409,0.9033957031491825,0.7752924061444701,0.7552260006382644,0.7480729008835396,0.8573811112886498,0.8249373119947699,0.8224260323744057,0.77095257583686,0.7667313737960552,0.7881792077913262,0.7752918488341272,0.7422609789599003,0.7504532157593998,0.7369169345713883,0.7207171028327474,0.7726377837442546,0.6810027284863127,0.675636048414176,0.7002164705086965,0.8081940470463442,0.769417579865333,0.6554289070391274,0.7414495995394971,0.750255477617195,0.7541171465276604,0.7349634656954481,0.7814952704438237,0.7132194737324066,0.7411908793123506,0.7604693870330621,0.8217674583390875,0.7370621428076035,0.7371666246019578,0.6400779448153943,0.7467449604805966,0.8393603411198023,0.7136522841226053,0.7620606542468931,0.8378348966409408,0.816424000607067,0.7109282692637777,0.6529414148101359,0.7942371574874484,0.665772397133758,0.8006584508201808,0.8190849682550077,0.741458481074203,0.7497638237521228,0.8546520959814345,0.77662481259166,0.7750437538159118,0.8401685325607325,0.831384523414228,0.7821209376069335,0.8397743631662035,0.7409340083441732,0.7398588450717731,0.8307186023276609,0.7485057935423695,0.7696509202624261,0.7528371001953393,0.9236627097071334,0.6634365480193286,0.7326355666636521,0.6085822894396841,0.8649397297853773,0.7220204562941495,0.8109360485594175,0.7243480646923549,0.7463749176093426,0.8631708980323316,0.8186469273883943,0.7504624421746181,0.7933715510369936,0.6873262305334016,0.6270947495711933,0.8379177123174413,0.856506555474364,0.8910536723515249
0.688992388932586,0.887488718248219,0.9475085775462811,0.7229873031837356,0.6841732551839869,0.8640941931080501,0.7545257061767854,0.8191821159541609,0.6549403812899397,0.0,0.815285569965897,0.8577814861071283,0.8230356425783893,0.7199394251587583,0.7213774098000626,0.8892815144191977,0.8265444089405587,0.7093402039862382,0.8001806773379923,0.7427138115007025,0.8098088366448432,0.8381017511344185,0.7726945573430096,0.7479468126500213,0.9242956862899723,0.6415170074100289,0.7631287377017032,0.7861800338141317,0.9223083588093747,0.7500958228950441,0.7524080657095468,0.8820025688827214,0.7661485724279404,0.7546658494931312,0.690432387207688,0.7769150874959444,0.779369438507332,0.7390956989362321,0.7291290066987663,0.7547771344254951,0.7421835193275226,0.7744337577862997,0.7481263418566046,0.7408802384750454,0.8157248465911471,0.7111632225430551,0.7586288518384235,0.8031028525837599,0.7978677844176565,0.6968029336391662,0.7193525133416518,0.6839224349009535,0.6537391999514592,0.8137565378480665,0.8461085467398513,0.7566443920459568,0.6759434763173275,0.8277456731107464,0.7765534084869316,0.71465911626624,0.7981030778697981,0.64421339901915,0.70774959720374,0.7332171435788218,0.6210457502925791,0.6595055568878077,0.6939647265004171,0.7494454608928771,0.8048885931183487,0.7915617313537691,0.6725511364757614,0.6613288717038881,0.6409072065260532,0.792682090451806,0.8075836804197623,0.6907604422009981,0.757662243995771,0.8359238245148553,0.6515523035066518,0.6141958061265771,0.7847763195479847,0.6314109734952771,0.8143948129091068,0.7661243522429071,0.6489606519842699,0.7599350918206773,0.7252850622607148,0.6822563963329639,0.7731083554205241,0.6643051528975432,0.6692183570185997,0.7204222284373739,0.80124887682488,0.6425097396904687,0.6481443073074945,0.877889587066059,0.6982520678722025,0.8386039666904637,0.5859666747664359,0.7173949505080236,0.7003877775831227,0.7802532895538364,0.6439281531206003,0.9007290239928493,0.6770235061875086,0.7493427639235113,0.7844986034726648,0.886785752650379,0.7727899967240879,0.8463145508939455,0.77486654937164,0.6022957679840522,0.7051678685331826,0.76032793289534,0.6458259086764256,0.6887291773193712,0.7662152525095999,0.8625240296979145,0.8559370726082874,0.6430351464231057,0.6083048140021837,0.6469355213715363,0.6717139495988521,0.7693223625973278,0.5986339273697827,0.9077146681964563,0.6268143324864504,0.7839975645658838,0.9097919345843385,0.726953182275807,0.809927971630248,0.7968673972625401,0.6138810059118284,0.5827837313250976,0.7605811376264562,0.6509861750927897,0.7746528236699342,0.6735774589828349,0.8518639546243878,0.7397161827333592,0.7792329500915408,0.8244862224372934,0.7068138787033139,0.754421143206315,0.7931245607748584,0.6746661612186463,0.711596306896173,0.8391223305324208,0.95577630558143,0.7226437926257896,0.6360930289321355,0.7804916835434198,0.71985403676706,0.8733612015973693,0.8857871295303983,0.7358847820888096,0.7384522909136036,0.8422975407118919,0.666406591935523,0.6673623028326043,0.8030722137377863,0.6667464024377235,0.8500144186163174,0.6119457630572248
0.8082964672092131,0.8736588848113174,0.8890205792589859,0.8319108867439728,0.822465091814967,0.8489466286409943,0.7991350020487025,0.8344610780504751,0.7771297953231893,0.815285569965897,0.0,0.8857209497927625,0.8448883628641904,0.7899403212719031,0.8087864789431755,0.9136794872909542,0.8548052923213132,0.7735704312485573,0.8638596633984837,0.8614080507512907,0.9002976356908801,0.9434598338063834,0.7950190637086725,0.8631786909784082,0.913272263703664,0.7630480799044201,0.8011385586780805,0.8382428895438815,0.8560777648943498,0.7797330186777848,0.8406972099267546,0.8485166565886095,0.8238085420098198,0.8033236034202348,0.8385495203625323,0.8499223763056777,0.8866926918062159,0.8795670540395322,0.861921940728452,0.8190531545649873,0.8019731579016947,0.8353812548379298,0.8163293895885023,0.8855443038588322,0.8632470914589536,0.704805348063545,0.6989551147226983,0.9406539219764783,0.8758703819117057,0.7903198033345646,0.8051190078354978,0.7587770741792669,0.6660415927772115,0.9000228013363651,0.9084988919402202,0.7377779617200811,0.7946759888273792,0.9059630040536808,0.7871856364184564,0.7596357365844512,0.8568469208438304,0.6495008089212718,0.7835184442917476,0.805684106748618,0.6985664007342024,0.6954499202774727,0.7996578010568235,0.7876411657437763,0.8239566087429941,0.8823192945313384,0.7896952322984675,0.7468141253392209,0.7670174589899549,0.847655217862054,0.8330064724549443,0.6794653054320795,0.8391881137845985,0.857544707306492,0.7063484251954294,0.6518653570427917,0.7398243371406729,0.7684152092375628,0.8156985843556812,0.7971096359412769,0.7728516834530209,0.8437597016938544,0.8699866835469493,0.7284302965670514,0.711562845547,0.7420039656067957,0.8017949207256728,0.7677673594717666,0.8576338586704595,0.7161152819777289,0.783374267727667,0.8812834219090114,0.7704899229207101,0.813503193140801,0.689355491946726,0.7124916951783757,0.8224407407163635,0.8199072457534109,0.7081762908474208,0.8165023919771865,0.7746978846891952,0.741922636639193,0.7526615024219743,0.850851816998499,0.7375020113680472,0.8841425666687048,0.8935000561554899,0.7669396297874497,0.7832254936038443,0.851959261456321,0.7021903554111801,0.7445549726493482,0.7277366498388739,0.8864573990392534,0.8591576231306539,0.714452353806173,0.7758569393339647,0.7135835661523213,0.7962710307564821,0.8245436603789122,0.7571106595109078,0.8678645129862934,0.6500001099344985,0.8367812210719374,0.8649232163906191,0.7814233094891013,0.759475597683688,0.8566314733228488,0.7622311178314861,0.7861629609148268,0.9146779433310285,0.7327034858997301,0.7894719016045139,0.7874699755862081,0.9194874485296293,0.8190434420748102,0.8017379670542942,0.8760267490434037,0.7767791381205187,0.8725208607836848,0.9283886377699051,0.7292865461088338,0.8396177621701197,0.7028624047148626,0.8791942025154696,0.7254305254311578,0.8280172802531782,0.7505195332901812,0.8748323413362463,0.7707658743776932,0.8818565492878887,0.8610021999409264,0.8699681106967191,0.8160754588057428,0.808154783382091,0.7345248945180729,0.6723249147681442,0.7747124660761479,0.8489496979138805,0.8305290804236256
0.722688759658141,0.9134913592628984,0.8943944784804215,0.801730246819127,0.7931066752911143,0.84499701546285,0.7989403658216869,0.8618735521196873,0.7522197493730295,0.8577814861071283,0.8857209497927625,0.0,0.7639401639491276,0.692016345543826,0.8129646650498585,0.8641801134577705,0.7947343802800696,0.6945256999479348,0.8997275848669761,0.7946148169926268,0.883520003707651,0.9019777740541465,0.8086650164674878,0.8586910941655026,0.9109995835507253,0.6873428337852905,0.7725821259367759,0.7652547727768478,0.8674287440202976,0.8057288270387699,0.8696490397893055,0.8124027803245306,0.8421932126724676,0.8229479226602393,0.7659379014024298,0.8523713207267472,0.8024295527948463,0.7975868085804503,0.8990285555732634,0.7631765483577089,0.8367876036709173,0.8036351846108095,0.7720694014940047,0.8361306691378222,0.8584133764909788,0.7004072930375247,0.7193061482516191,0.8529412572163289,0.8186135069254479,0.7447020637962578,0.7585256826715983,0.7235450171284622,0.642940862243915,0.8944414460653717,0.8859846211114822,0.7518004809472718,0.7340171187268849,0.9275173198227983,0.7222627672304821,0.7465249108906085,0.7960162001158759,0.6232083276630972,0.7151915371328278,0.755628338671196,0.6509011879691444,0.6384585350183184,0.7133396281794957,0.7205954402037025,0.7292882235449714,0.8159746561644133,0.7207505232298288,0.6774246804501273,0.6451303802990263,0.7862213414326477,0.7870483521358438,0.6416899280710816,0.7685512347622682,0.8676832293414579,0.6928602247688032,0.5862157613611332,0.7039783203206267,0.7378786133557623,0.8459240091089976,0.7268323670241501,0.6941589759205888,0.8418447412127638,0.77157055122606,0.6682399584360242,0.7093971032187908,0.7716587413634719,0.731728775879764,0.8057115655001904,0.8351944826961197,0.6605841233711423,0.6805270273046862,0.9187405153781723,0.7525888758494377,0.8679873937785415,0.6390504155573458,0.6900548750166356,0.7549998012001908,0.7952647288268818,0.6807282128046713,0.9061340075224162,0.7107030214004767,0.7344473575360583,0.7488385561344215,0.8501630098282517,0.7409933951202424,0.8739473167122053,0.8729667702484168,0.6960492995091786,0.6784138768176999,0.7788054173203243,0.6530742767772895,0.7190013122300991,0.712839835118602,0.8656673934007099,0.8070345179956605,0.6577839525036121,0.704561363257607,0.6949876379668454,0.704716645984187,0.8130534410852339,0.6588943312048623,0.9072605145786128,0.6176678408499061,0.8814494175514676,0.8832028638672591,0.7247603390119338,0.7837555729725812,0.8006893862592326,0.6420059721513826,0.7243259044006929,0.8671701403040055,0.6727008117973456,0.8031115154740646,0.7468956491348218,0.8833830803772285,0.8533518034957829,0.7583634622551066,0.8112287841988202,0.7632323448856803,0.8283166567984852,0.8667398602729346,0.699508253274158,0.8714180692509192,0.7380363919299063,0.9093252645320493,0.7296282566491383,0.7579145962482596,0.7428682160291098,0.8334192460666758,0.8286290632645641,0.958524795435297,0.8017532238053958,0.7698479142714346,0.846954910387276,0.7160183434152506,0.6357987316274147,0.6528481561304765,0.6994744233313059,0.8918354966068969,0.7287914973515701
