0,1,2,3,4,5,6,7,8,9,10,11,12,13,14,15,16,17,18,19,20,21,22,23,24,25,26,27,28,29,30,31,32,33,34,35,36,37,38,39,40,41,42,43,44,45,46,47,48,49,50,51,52,53,54,55,56,57,58,59,60,61,62,63,64,65,66,67,68,69,70,71,72,73,74,75,76,77,78,79,80,81,82,83,84,85,86,87,88,89,90,91,92,93,94,95,96,97,98,99,100,101,102,103,104,105,106,107,108,109,110,111,112,113,114,115,116,117,118,119,120,121,122,123,124,125,126,127,128,129,130,131,132,133,134,135,136,137,138,139,140,141,142,143,144,145,146,147,148,149,150,151,152,153,154,155,156,157,158,159,160,161,162,163
0.0,0.6768280883357096,0.5337344001588902,0.5898278244065673,0.41084123118075316,0.6268553314680356,0.6369292380931595,0.688199043310205,0.6599855215004313,0.6420343051046091,0.6326704128892455,0.6083445539117579,0.7307257393084401,0.608667417472963,0.6469293887320403,0.5793929066495983,0.6426631142666914,0.7195005525970376,0.5818463546735658,0.708032155996337,0.5792366996045677,0.6033682111328569,0.6271249782825392,0.5231253555777493,0.7496084725845207,0.5521684861330047,0.5156219069194315,0.667005935510432,0.5710575231787679,0.5199922031716196,0.7144646763034849,0.7425083443899498,0.5930563665342209,0.7519625845162152,0.6928753988442934,0.6369837837214695,0.668861956347744,0.6851107443307577,0.6214684977475653,0.5948240100729439,0.596355971860099,0.7223119911080813,0.6283641344523315,0.6177535924991494,0.7024069369003846,0.7019497405998182,0.5063723580730154,0.5392481443703007,0.7308782735770459,0.6375180738558532,0.6351164676843243,0.5754333482397357,0.5906131689333136,0.5575595237935002,0.6524996170939303,0.7437827874128274,0.6771530884756904,0.5931013530988036,0.6240674867782576,0.6399829377239361,0.6298116541213536,0.6257221859185104,0.6085090602311362,0.5906137733980915,0.6357847128365243,0.6828742460767159,0.6856557157155231,0.5780242758285555,0.6090201837742267,0.7327524206737702,0.729114504562138,0.590814358999412,0.6353774327892678,0.663858855759767,0.6994947029270127,0.6584152481603791,0.6204831472496493,0.4761853466594506,0.7133886480061226,0.4959375666696663,0.6795705884723972,0.6473168981898174,0.5672657660251897,0.6982603138549455,0.6732943085785371,0.7752606991959989,0.7142798582834328,0.5978207497142314,0.6538762554964778,0.7187361761414094,0.6109104454417732,0.6402479649961725,0.6117942713994897,0.6711103826608126,0.6817731585300667,0.6361504483074863,0.5207849476265531,0.6947645599786072,0.6025406111958165,0.6777695796323164,0.6158186998602613,0.6954313500369268,0.5833908467312328,0.5840725476037902,0.6398319235130762,0.628326163345286,0.6158584056580242,0.7785943329981012,0.6220776533875118,0.6118073153869773,0.6260009522648521,0.6666220120710505,0.7553427863839328,0.6017146269934145,0.6988109798273565,0.6311724151750469,0.7221118701738417,0.6487410839713417,0.6134767625594293,0.6020657003867423,0.5741685663752485,0.5978258748498925,0.7604222796248864,0.6363546185228127,0.6406396967779102,0.6265551448758132,0.6238607672729182,0.581942620884791,0.6943797445681896,0.6104527320778647,0.6483983500912079,0.5821853368778467,0.6260631507666609,0.6917172261393115,0.6351728786534329,0.6934539619420147,0.6096584506408925,0.6207003256279543,0.5881084077291654,0.6718633136833899,0.5701608675828286,0.7011658221192071,0.6467176007390502,0.601530645802654,0.7023384493235294,0.6969481706591348,0.6030093359194862,0.6168855636621347,0.7036788444097333,0.6407986385288746,0.716472813149396,0.6490685653326562,0.5472411620563764,0.5404627100224861,0.7358252494923628,0.8125804974086014,0.6216593336212523,0.5809534043302778,0.5619840373526857,0.669411278732593,0.628744275500158,0.6720437044173053,0.5960685819025471,0.701452695718007
0.6768280883357096,0.0,0.5612984976316758,0.6687432834476085,0.39764972303685864,0.5983365200276439,0.6252892471748167,0.7283509223976311,0.5959040677444932,0.620774126025602,0.6139092262733935,0.6428544260069924,0.6647906404843418,0.5690514573993362,0.7076300123395501,0.535617053310004,0.6365533138382692,0.6442880164484671,0.6239573469489185,0.6817269220317986,0.5897285125396083,0.6865012997175471,0.6053088241570519,0.5713947035463732,0.6326565772166379,0.5076309888511968,0.517699810287141,0.7130700256577028,0.5567061175906707,0.4714626440179503,0.6356217514483441,0.6209042729471589,0.6729795369526532,0.7179127445496164,0.6257397779058745,0.6469494145436674,0.5590575038716656,0.5876925729992372,0.6599412931211773,0.6424578314498955,0.6486024405599075,0.6540570826692558,0.5442820815743106,0.5561086115209047,0.749280449250385,0.6836920896654127,0.46807170518559504,0.49352872064450487,0.6376448758815282,0.6326229650752225,0.6148437994725637,0.5714046501202978,0.6247027408072044,0.6441199243916628,0.6306447997836384,0.6098645949223134,0.6557858268028466,0.5598407170416422,0.624333086829565,0.6849226539290005,0.6964990221686432,0.5379696432032658,0.569916778321748,0.5514687934130713,0.6148324784806422,0.6354400754524824,0.6708202222371459,0.505135654343795,0.5469569971218406,0.6216517292109318,0.6274338634492472,0.5261301179392918,0.5808176522702182,0.7010351535914139,0.716331363398313,0.5372471298548106,0.6019995127909928,0.44746383214430563,0.623017493362539,0.4300755798341625,0.5688248323219596,0.6644350648179966,0.526749296311044,0.596171156407862,0.5906906810166164,0.7639044260334698,0.568932089093281,0.527855406076045,0.5825204660961903,0.692281913941234,0.5529365142626637,0.6020203896267077,0.5813864442398643,0.6482513702642144,0.6327143086010834,0.5652383938008414,0.5497356454395675,0.6359607092304115,0.515838647983392,0.7093184343768595,0.5407225001994482,0.6255116845749338,0.5211162019234256,0.553247992656447,0.5844353931391235,0.5835099793914122,0.6281231170570698,0.6826663603922777,0.6214105939127408,0.6176966549093096,0.6352648146039283,0.5809944426048758,0.6294563075635845,0.5334941273543411,0.628004562305658,0.6577612940290186,0.6143898274835029,0.5743354557898489,0.6103449348614629,0.5256258257516147,0.5309464622090552,0.526921325160669,0.623336564059872,0.5837216408367927,0.5329580274417623,0.5955069528459468,0.6063624324086948,0.5790110205155874,0.7051242889607248,0.5622308808233213,0.574002665594915,0.5534332133224128,0.5324358964558463,0.6569860042008151,0.6895416140532243,0.5833907472803026,0.5359356697204181,0.5997568406405819,0.6244248982913015,0.5965860122887391,0.5391041072590004,0.574191617840821,0.6909649634559158,0.5858859824805134,0.5817393638044527,0.5770288531470487,0.6043766854684839,0.5712831621007227,0.6241647383966961,0.5689962536484939,0.6356612206020602,0.5687235208984798,0.6287775199100069,0.5684836005003087,0.6676537022257624,0.6779649643560326,0.6509224311505872,0.5465002984211077,0.5487011608678102,0.5484267455938098,0.5611924714942893,0.5440630461873756,0.517696740153495,0.6318009169152843
0.5337344001588902,0.5612984976316758,0.0,0.4982874781395576,0.5469495456050505,0.6402446724600211,0.6091697051478615,0.4913674446891954,0.44352372621111547,0.4932264994550609,0.6909426985107773,0.6686126642545412,0.5912566839964353,0.4354802494714328,0.6101779459448572,0.6942658607225218,0.689873018282911,0.4996424149051404,0.5095687504527993,0.4848925780025944,0.6845877790473489,0.7255513498681396,0.49023386568826804,0.7087841121612114,0.4958451085822563,0.6009973071116146,0.412874054374629,0.47931543735716226,0.5535730953004977,0.541609478155189,0.4751218826255512,0.5675412189974351,0.5485891112181295,0.5074849066218425,0.4534855712396048,0.5110682538423511,0.5426738226605954,0.4914347679462709,0.6614062761388713,0.5915764701330164,0.6021027845791249,0.5882197407739461,0.5767003670239775,0.6370451155552612,0.5036475338651659,0.5746693786846804,0.5839626288052825,0.617031240741444,0.53436292202765,0.561839453657521,0.632903759538314,0.6705365878765025,0.4892335848784837,0.5878502306656916,0.5712472391976725,0.5064017214951719,0.5702752961093577,0.6631366975220852,0.45320403152319566,0.5268724774578701,0.49293939709043655,0.5033347189915571,0.6323859648535526,0.4332674749339569,0.4936969172965553,0.5055639582633014,0.47356629567003944,0.5714794829106117,0.45782707248276905,0.4818738816041372,0.6277449383756165,0.4241225809674207,0.43849991657141113,0.6413956263882856,0.5314513409549986,0.4374061036015051,0.6892687885742584,0.5723637485573614,0.5094079249581518,0.5109873872387481,0.5935590839913936,0.4982579190215219,0.6278907088132825,0.48066934465775185,0.48777696427210365,0.5407251935366224,0.4543851171237633,0.4281375701287687,0.4463924397053411,0.5075732327261879,0.6006334734142638,0.4496461404573734,0.615098841115929,0.5149511919592047,0.48561063256130443,0.5207363362754219,0.4352741629259852,0.46810263242047634,0.4267204219504114,0.4810159014586019,0.4370272092946145,0.538112045906423,0.42495041809090633,0.4472641129852059,0.4522451400376644,0.6639081004510875,0.5641675137130121,0.5140946561902282,0.5978967719223645,0.6804595922444163,0.6343515639793915,0.48943723521760285,0.488171412506956,0.4255019747016754,0.5230980203712483,0.6719915583028158,0.46926550854682414,0.5477066163114788,0.6257121232014453,0.41869189421293734,0.6471417053709551,0.4430251113166656,0.5094692047077864,0.6842011740730656,0.4228531298004505,0.6063141184980163,0.49222315942571326,0.7044148076728004,0.5514513854245,0.4876028827379469,0.4548614574084743,0.6594467887225719,0.4283394339614946,0.4864862177995925,0.5182625878819325,0.5646700832095252,0.574268828856942,0.5298388477721223,0.467812083083275,0.5128222762728895,0.42176795441852766,0.5339065886920782,0.4911070469972509,0.4579943272602089,0.5519302225006405,0.47963219114457517,0.7039391119078371,0.6028459003681923,0.49820188021997047,0.5012800825329031,0.4653100077774529,0.4613721323697362,0.527244909509517,0.6225125885547312,0.5743213364977706,0.5051991107321686,0.5730225305178147,0.6819200759887946,0.42339509736935516,0.5321402513913596,0.47508559506362125,0.4366920233688421,0.42767615333978576,0.6430742803424654
0.5898278244065673,0.6687432834476085,0.4982874781395576,0.0,0.3804636020348254,0.52203845617589,0.5891473142410063,0.6326898052718042,0.5307438579979992,0.5493026964726642,0.5593400452292181,0.5559189992386145,0.5671131225330363,0.5726919888686192,0.6498762927340481,0.4831182630153336,0.584602780722497,0.6132148368216254,0.6007822369717747,0.5925932632895771,0.5467810297299849,0.5802992385314685,0.58487737576266,0.5147760503938695,0.55911974359595,0.49046646151005757,0.5137027982208874,0.6980064416315395,0.5257206082935039,0.42666101259389716,0.5755410829945862,0.5502810284806786,0.7558685968112537,0.6558907972024032,0.6153795644806002,0.6781233729379744,0.49901924348478083,0.5713396630576807,0.6037885847657698,0.6246425155209266,0.69128735603267,0.5476489879118497,0.5129666039696491,0.5302090702570122,0.6531358663706123,0.6241420054209419,0.4306051052523209,0.4557675315874684,0.5918534839425514,0.6176319808431949,0.6012161448284454,0.5517924013868349,0.6583127059585271,0.6502834598741875,0.6252825717668249,0.517133843721665,0.6192335796874242,0.5184298579633059,0.6349398408004955,0.6757334226788481,0.6494383342106532,0.5272865628146001,0.5559577492844119,0.5527767004041421,0.6090195507409024,0.6096369321203793,0.6290669480552683,0.45608772807446746,0.5342866991320107,0.5742729666355911,0.5621527486610081,0.5301653279546924,0.5846316419625968,0.6451421998582416,0.6565450807948408,0.5104372596385454,0.5570712561524807,0.4233953134835529,0.6167555733938389,0.40550926735455284,0.526215725278194,0.6430251330851171,0.4643781431021127,0.5745059065844577,0.5951332333134717,0.6446743529841404,0.5245172824239162,0.5303139542248727,0.5543908085832536,0.5567812313085105,0.5398157208933156,0.5919349684376783,0.5659014075081229,0.6198287613950878,0.6571139388027468,0.5088061317503014,0.5486635135618643,0.5935821471569167,0.5205762539868103,0.7014998847018755,0.5312570532378373,0.5782593743039227,0.552885026589145,0.5421199972894973,0.6016487640595987,0.5244513957170246,0.6063398645417738,0.5901379782321574,0.5942498564890847,0.5148262454636459,0.5986496646448749,0.5901437576956875,0.5913690270437245,0.5248896111997551,0.6496055297876439,0.5822775283103195,0.5896250401217902,0.5162199111695642,0.59605302607776,0.5284584447878254,0.5034839637942441,0.5426796479858688,0.5653122777446242,0.5318550636293663,0.5172462913769601,0.5475541856066469,0.6138980161661785,0.5088615390580542,0.6791997910382093,0.5492198854585443,0.5025999507459055,0.5049310254365218,0.5132358694208179,0.6544204366471305,0.6070395636092483,0.5447567363055869,0.4647593710915969,0.5982630937341987,0.6067766812829622,0.5643239786045887,0.5686931343894043,0.5264824313410128,0.6751231417954571,0.6017989903449313,0.5379768766391719,0.5406275656556906,0.5249176807324727,0.5284924276692834,0.5468069717569644,0.541284792879515,0.6220957580224191,0.574863639954372,0.6097089248989179,0.49974590495436194,0.6092194416085259,0.5827204424352941,0.5545475418782143,0.490421264427545,0.5952012659127877,0.5364218914280051,0.5532441502361558,0.527486441464314,0.5104010432192251,0.574748585824196
0.41084123118075316,0.39764972303685864,0.5469495456050505,0.3804636020348254,0.0,0.46551976130258504,0.47973301724110234,0.37387319233170935,0.3565958482740668,0.38891543685304003,0.4887430699067271,0.4734234491241044,0.4397819694766816,0.3526097897450837,0.4492469878092948,0.5637524155041738,0.4858182038822757,0.3965389415504803,0.38312187419589255,0.3663186659117653,0.48605874345595546,0.46463096807145216,0.40082922995287534,0.48785091316867535,0.39164813813497185,0.5489486005910232,0.3459392769510784,0.3629230606278348,0.4447433707371311,0.5364551430012533,0.3774985569539667,0.44029516573373895,0.41583451885387307,0.38656733387983366,0.3588385383476011,0.39583140782690884,0.4494883530246761,0.4008150145454611,0.4612376440685802,0.4432901686848667,0.44921632412182116,0.4415952573493248,0.4935918326044488,0.5134235868941569,0.38035867171860066,0.4367896825930936,0.6138289764694913,0.529610732998978,0.42378359495104656,0.42809800612296073,0.4788400648204843,0.5020915660186749,0.3756711423835982,0.41657531073924425,0.43720633889693367,0.40575576727414564,0.4259511193865512,0.5339093943398809,0.35467929822327293,0.3993316556820984,0.36251261851445843,0.4294856868608229,0.4903305815251021,0.35263076447900793,0.38283354112745804,0.386716357095558,0.3640745688459126,0.5179839077264565,0.38223014571328684,0.38612575104394836,0.476416744759586,0.35499738977955475,0.34662510664633517,0.45165987128735174,0.39328974466165123,0.3662561390012837,0.5028236771125465,0.6414508676409382,0.40868808833819925,0.5236150879601643,0.4746341983768438,0.38103759561612455,0.5464451634544429,0.384860851137562,0.39149753037029345,0.4051951130046809,0.3678582169865527,0.36098377681418686,0.36474377460800006,0.3886016250743984,0.5176469418040027,0.36248994353729763,0.4907247177963342,0.388152065513271,0.3812203812597077,0.43129757773108734,0.33701014454190453,0.3696155508237181,0.36191014246749237,0.36906805752692295,0.3607307753426567,0.41869830207066794,0.3609555734996686,0.37098071618740885,0.3641448014363498,0.5228804022522346,0.4220346951383262,0.3979243307637251,0.46686940162426493,0.4647862816658514,0.4548555204258633,0.40019590104079356,0.3781859384579365,0.3544793864707167,0.41606113536220385,0.4807456819580309,0.37384059159362293,0.44359244308731416,0.45388367222594145,0.35366697696665006,0.5503756159564149,0.38006537471678553,0.39181622529740723,0.5332655331732794,0.3469060650442288,0.47460496144676184,0.3873308775805188,0.5357828270576488,0.408885034951137,0.4043099623928213,0.3718324864720199,0.49927162053763574,0.35363617632638983,0.37425485861894064,0.3751442983886066,0.44724931689437886,0.4876100962429833,0.429334091054273,0.3658965889418635,0.41852499883602196,0.3473167729086165,0.4326390014733203,0.3744131843883551,0.36317778694953046,0.44717177746253517,0.4005608759338198,0.5085515438227032,0.49583874074375683,0.39231480853209627,0.4032327692324975,0.36468443603415984,0.3793992857721073,0.3879895391301325,0.4915080841458191,0.4411557026737932,0.3892432874753346,0.41369796122534686,0.5592632669954276,0.34509086335424194,0.4522232413881113,0.39380814757934185,0.36222541382776824,0.3629752737091911,0.47743804906497134
0.6268553314680356,0.5983365200276439,0.6402446724600211,0.52203845617589,0.46551976130258504,0.0,0.5837605341814254,0.5378720792435272,0.5057871341058173,0.5169057893505051,0.6762582543923671,0.7116040950210866,0.6127115514783481,0.45905669944965166,0.5794937408508896,0.625287100782396,0.6746958396720872,0.5253883419960328,0.590828196811873,0.554612152608196,0.6965222795746018,0.6607229903484324,0.49515753366867354,0.5952694304096837,0.5657227796957556,0.543968568274651,0.411504395959537,0.5272908917339686,0.5250414609888853,0.5311019065221116,0.5350967792213419,0.6451138442126262,0.5381768480734355,0.5806433786927112,0.5099569123940635,0.5356388131085277,0.5758939755619088,0.5206516458655446,0.6473134097642274,0.5369572669270901,0.5683577431482286,0.720007624822203,0.5845571819944676,0.6774332574960163,0.5339018322517473,0.5762964533161953,0.5348955358315588,0.6083708748971067,0.5575841843359982,0.580249625306303,0.6440773652976287,0.6942511641586304,0.5216510349368131,0.5974840337804744,0.5798023987612796,0.5886053545703593,0.6239797749290555,0.6694733756658781,0.48400497100928225,0.5361441151415777,0.5505291783863198,0.531252988350082,0.6794003949297834,0.46108551886977334,0.5517841674190457,0.5718958286544742,0.5120117385390088,0.5634651690723428,0.47257842668491007,0.5325072395294321,0.6801575582751237,0.4489584731247536,0.5090844518340484,0.6387323146877938,0.5961816158023417,0.487923343128443,0.6297480852031289,0.49735398687660687,0.5396953851149903,0.524521721944883,0.6795397298189414,0.5673974348179427,0.5871872447308796,0.5211836984117405,0.5502992570304214,0.5832235496059126,0.5366030662592172,0.460237858748357,0.48501819327020124,0.5580889392009895,0.5892213316555936,0.5080769419387583,0.5827123308425947,0.5894542150705904,0.5314492537509369,0.5559013284999366,0.48448569321456886,0.545083415489546,0.4705980346065992,0.5201784256540543,0.4668614086219455,0.5801675460508607,0.46758577127056883,0.48333175319820904,0.5030026919427982,0.6141613140053815,0.5887600360153824,0.5709241620267056,0.5478544617422425,0.7397315300305115,0.7369959420500655,0.5317468949275534,0.5867248270735352,0.46035091706129816,0.5459843243360195,0.6331398124392286,0.5446663652082856,0.5619942141347452,0.7036765628826425,0.4569030600062636,0.5798392995523408,0.4726966359835408,0.6292042921286493,0.6612464666421564,0.48896992950959783,0.587183080696899,0.5376358008097508,0.5920800562701554,0.5946767841233638,0.48161708371484874,0.5074093816675473,0.6884416038684841,0.4675003593865359,0.5678770036286996,0.5864718559103937,0.6023668874175562,0.5804960605162872,0.5107256098861723,0.4665304511082316,0.5393857401598589,0.45295039834509665,0.5866145220454112,0.5395782810878712,0.5041263027061024,0.5841975947112906,0.5323885676897976,0.7001711252709937,0.5611584106635266,0.5504192034931834,0.5444331998808468,0.5425841287250398,0.5062245285641904,0.5387214253225016,0.5231748840871393,0.6370064453187976,0.5629757778216553,0.5851216711277127,0.6369135212201477,0.4476176562561804,0.5712181410280964,0.4893964642520917,0.5038111440883114,0.46419510274513953,0.7080186815740783
0.6369292380931595,0.6252892471748167,0.6091697051478615,0.5891473142410063,0.47973301724110234,0.5837605341814254,0.0,0.5900627207992484,0.5282263456288085,0.6208561902163212,0.6694903985769456,0.6448792433181756,0.6887767256731301,0.5400129202631704,0.7971753389980454,0.6477965085456382,0.6650974471564319,0.6487720210883484,0.5168547107566209,0.5360510096005999,0.5839790206686357,0.637196292016518,0.6737292953497684,0.5778211306144987,0.6127207968280234,0.6668958807980335,0.5283821552629512,0.5596907390825175,0.6558652062826682,0.578191175885068,0.5905680078059975,0.6366021294245825,0.6868597287775301,0.6037779745664776,0.5554874888576247,0.6059384520770055,0.6518253218684198,0.6167763733381169,0.635786453390176,0.698856306247797,0.6885190617432505,0.6224044374555422,0.6630691868193412,0.6583431149265733,0.6175062535737641,0.7091375297107283,0.5928882211003891,0.5653499678628602,0.7121491843372072,0.6041539155592534,0.6618226253602095,0.6009363804849926,0.5307405735620786,0.5572217188020111,0.6774926139160259,0.6049406576878705,0.5988742347425958,0.6621275855632561,0.5387206072923278,0.6089002378706718,0.5236753439364443,0.5897643815125552,0.60763485087979,0.5165437916304434,0.532943560116865,0.5462935964201056,0.5645752101297254,0.629542387013611,0.5809845074028497,0.6152437663617351,0.6837912429847964,0.5268887178520358,0.4936140197481256,0.6709069875831201,0.5817578792374364,0.5408924147915884,0.6721705237947715,0.581336269821182,0.6514680201424178,0.5038666756240373,0.6250144237589365,0.5493103997886646,0.6629315190275796,0.5926252127428807,0.5596834837183058,0.6656272346397448,0.5332412963293236,0.532183433952008,0.5654766528764118,0.6026768333435408,0.7221267441208861,0.5491943490016292,0.7031624744223147,0.5436889245957754,0.5737388300190219,0.6611891755185044,0.44504710267112935,0.5644977423059682,0.5156020491911741,0.5857443734302478,0.5389885916641978,0.6130238764816878,0.5297330186592538,0.5706702670556292,0.5347814978522013,0.718950241567765,0.5745203301971605,0.648360913999848,0.7786413913847707,0.5887510707526314,0.6038751354811771,0.5865976668230793,0.551944991518891,0.5214806970375925,0.6692530376116784,0.7159865652792126,0.5616244993934092,0.6416536982581288,0.6019455362566719,0.5317929700789292,0.6451481959875938,0.5706978874741766,0.5502293907652689,0.7366273286007888,0.4923653045790206,0.7536371802273207,0.5463691969929653,0.7221237496808891,0.6419108833272247,0.6305268528971206,0.5517685311774677,0.5670849279207142,0.5165636363713697,0.5474879521409751,0.524026720732766,0.6180435792343629,0.6395817525591695,0.726088186271265,0.5810968185813602,0.6410445841349427,0.5327396455141469,0.6098734134867545,0.560008438761872,0.5184033046377855,0.6637624540367684,0.621762173622224,0.6419977714367212,0.7500665041096666,0.603406523571814,0.5593640430476728,0.5456610646894848,0.576050252406622,0.5175661532626291,0.6799156883709903,0.7207878886722442,0.6110044160487881,0.5829098906274008,0.6908396453039432,0.5301503459035103,0.638290848356483,0.6158802703284869,0.5296280484123962,0.5222750771180013,0.6737415399607436
0.688199043310205,0.7283509223976311,0.4913674446891954,0.6326898052718042,0.37387319233170935,0.5378720792435272,0.5900627207992484,0.0,0.7274881203287811,0.6758710123122327,0.5401420482210321,0.5818159029879479,0.6105222229022493,0.6336194733672579,0.635868403924605,0.5005147691111367,0.5747291202214846,0.7143994327708023,0.6038958306267538,0.7237821042240872,0.5287213925766081,0.5662393361748731,0.6694880657310537,0.48278697134006004,0.7011397178803116,0.4789624342242507,0.5726877726481624,0.7531897055652992,0.5306473243500256,0.4717080262347655,0.7713426608051752,0.6342125529676109,0.6092402218294599,0.8027577389671381,0.7163311775371966,0.6931581305193119,0.5483132621380068,0.6515570178891508,0.5926106929871702,0.5720308595379024,0.5939016935669426,0.6322372218818235,0.5485952970944253,0.5166542656157788,0.8239670115207796,0.682326511102679,0.45501870237332326,0.4537892020765125,0.6669460450459768,0.628224593508549,0.5770273611699418,0.511863243583825,0.6360226983763926,0.5528032016502769,0.6134755257241602,0.6489269830285619,0.6289566227294633,0.5340195949244891,0.7104210871945895,0.699861345157366,0.6447656477870037,0.5813912383447151,0.5319364074154136,0.6441677320997333,0.6394618908681569,0.6467054015996484,0.6975737613217426,0.4873728758180694,0.6154103593004367,0.7142955624594327,0.5922285062191082,0.5999802446141764,0.6327638720311074,0.6181520922865391,0.7197934674157952,0.6114756547173186,0.5492077593159871,0.4267330501239568,0.6839953416145922,0.4146859322751333,0.5500466431907294,0.6908826334246216,0.4984273466193495,0.6359930131543279,0.6476591942667825,0.793304369138908,0.6306432551820457,0.6233070751781306,0.7085929695219305,0.7083349178516359,0.5442871321333523,0.7422723898993236,0.5650780736018903,0.6267782039943283,0.6898828078868169,0.5706308934175354,0.5580555261337279,0.7619955451943252,0.5996359294846004,0.7897800925444425,0.5934138832607765,0.6676022329362338,0.6068016727809359,0.6298256587714318,0.6806689551502784,0.554111258363254,0.6102701484368042,0.7526764097776563,0.5964083908545027,0.5285787515550288,0.5648788052651633,0.6445584263356345,0.6378457196864644,0.6362956379090187,0.6474568643122409,0.5740027622903373,0.7179924621446542,0.5944871059982747,0.5430347332419849,0.616566339338901,0.5009761483455832,0.6054460063800369,0.6163995393057854,0.5406774029185668,0.5926314143473052,0.5627318449529986,0.6522323910942733,0.5335295939538388,0.6893251025352373,0.591569897117176,0.6786247638558124,0.5143212411824808,0.5818738917661711,0.684781614173818,0.6243982390724339,0.5701550900826146,0.5202578574486821,0.592328250651553,0.6510653946562788,0.6683392686910425,0.5821060422202893,0.5987031643143995,0.7475354008591998,0.6624741935212776,0.5848835886653724,0.6581192191947549,0.5490498856405077,0.5613999558011701,0.7021189482210074,0.620192801913417,0.7105202576174261,0.6486375384495487,0.579048588792262,0.531691496284568,0.6765861115045733,0.7206197107124882,0.5525117493143129,0.5037296344526977,0.5681821668000342,0.5600131183223427,0.6041904697549471,0.6168902418170051,0.6121532000655329,0.5716502328368668
0.6599855215004313,0.5959040677444932,0.44352372621111547,0.5307438579979992,0.3565958482740668,0.5057871341058173,0.5282263456288085,0.7274881203287811,0.0,0.617736704688815,0.4859246687564997,0.5251326130359443,0.5552007068024518,0.5917701334467775,0.5431731051502188,0.46879439108522214,0.5123731258371776,0.6450044244081252,0.5452088570933501,0.6697067561774374,0.47991490216361266,0.49531392200584257,0.6055575307284418,0.43365219295034874,0.6859258399608913,0.4471762734275931,0.536236185025085,0.6298988168802137,0.4778734464616441,0.4702485811525406,0.7684909660595303,0.6019399915595259,0.5130888089572503,0.692876658320739,0.675450063441521,0.5884507454757694,0.5329910740520339,0.6140888428209136,0.5176408855348866,0.4941664792498497,0.5057586099739512,0.608788864060488,0.5224734971315692,0.4811743306381372,0.6634406141747307,0.5955102171343251,0.44180246678805923,0.42917769241195786,0.6066440513193537,0.556587673541168,0.5181900656891937,0.4680903649929794,0.557378842214164,0.47691873671322677,0.535122299660754,0.6869688405323001,0.5643910717201861,0.4985783379647322,0.6219512819615419,0.587764066135636,0.5603905448213355,0.5661845137010512,0.48971282108395064,0.612609622526451,0.5893686215123982,0.5941845324566386,0.6213698427381654,0.4752711751946561,0.5872670355858977,0.6921525403497126,0.5527152229681234,0.5892928675881498,0.6158688001425014,0.5344206549250095,0.6183053927512521,0.6476012033116387,0.49422085013961176,0.4057955910074109,0.6230035177358283,0.40936390412629947,0.5245857812511243,0.6259190476155362,0.4782419446956259,0.5965948221554661,0.6164275855126145,0.6696548696624395,0.6677536549027958,0.630732165605152,0.7160139101964504,0.6840893371946586,0.5082291825465279,0.7411409044824872,0.5084912203690568,0.5707960083263293,0.6197134024180195,0.5510882275351912,0.518312567818913,0.752241509164032,0.6216931424820248,0.6546606920778448,0.5761927288361398,0.6113051693530102,0.6054153191215773,0.6052990080274471,0.6486754793866994,0.5143054268619293,0.5395699226988485,0.6925266657446708,0.5244324248051181,0.4877161640412823,0.5077867973483828,0.6106319464830827,0.6119534507387123,0.6503885574181535,0.5771513393395971,0.5132128903577371,0.7116918747566822,0.561484307158923,0.4857913257328426,0.6372184053336525,0.46623553477441076,0.5973742513907147,0.5983659300249219,0.5016893388954334,0.6232586048933146,0.5086666490174179,0.5974444340692412,0.4885229469624022,0.5802303775331451,0.5452207543574766,0.7778141296054943,0.4813407085769942,0.5854133583339496,0.6293170240066359,0.5525008768608239,0.5359765392177059,0.5096294454064982,0.527285841355211,0.5593238800732699,0.6311265576993158,0.5457029619927621,0.5802403426912612,0.6417470314622007,0.6099314024997059,0.5534181660288906,0.6804566062966018,0.5096466795323241,0.5166659634699923,0.6734074560781659,0.5894792663751709,0.6793174107575796,0.6213211751791762,0.5044329649018888,0.48158632974733245,0.6099384891001983,0.6797534343479175,0.4981126060611552,0.47358393789176784,0.5214243743225401,0.5378599822063752,0.5648899992570464,0.6541684168637755,0.6400350548327485,0.5272151008266355
0.6420343051046091,0.620774126025602,0.4932264994550609,0.5493026964726642,0.38891543685304003,0.5169057893505051,0.6208561902163212,0.6758710123122327,0.617736704688815,0.0,0.5517050192064437,0.5504260677659524,0.6376429604581004,0.6391375172398419,0.61978752620856,0.5304772292689218,0.5441333896611286,0.7009092502262131,0.500690990041183,0.5877549983538815,0.4879396558433038,0.5324994946391224,0.7120134836577331,0.4643578570865562,0.7621916348944089,0.5149362556726519,0.6150446987518402,0.6004973006860174,0.6368161659010153,0.5056019593340569,0.7241609370477743,0.6336374122466575,0.5795727547072917,0.637001097258604,0.6523804635243254,0.6159324736887867,0.628048752191865,0.6800289912751313,0.5454864971885741,0.5620221785692694,0.5560437136192012,0.5764327287951011,0.5833430413265475,0.5366220393584085,0.6920111115207663,0.6264300876975694,0.4862651660395141,0.4868781431084512,0.7268798431998349,0.5509698522404405,0.5381823115420705,0.47899903463887,0.5176319606959979,0.4890056311338048,0.6352199870759584,0.653248560745239,0.5431263352280036,0.5355837060602325,0.6131739539332223,0.5826991664516694,0.5416656361674255,0.5747546663142483,0.5053884000326887,0.6146032460998403,0.5264460966085378,0.5453296103880811,0.6213791092029282,0.5430723046511182,0.6982735350396302,0.7612335270114772,0.5757452673459287,0.6249870135879217,0.5370768806597552,0.5615625332517967,0.5878890153323484,0.653809070675756,0.539829514252682,0.46890299577136424,0.6603376925721733,0.445119805314425,0.562342573366201,0.5382736120330596,0.5400581205730898,0.682551148499345,0.5668544212469029,0.6774614052295889,0.6285248862376284,0.623952021663052,0.7034576369174477,0.6411880519483383,0.5571266594095529,0.6211677797855765,0.580375009377853,0.5272633464714379,0.5892730475165237,0.701120134111617,0.4572093508230202,0.6527937684167437,0.5840811579755784,0.6227499530621221,0.6496164084870165,0.6283046117810006,0.5899063171729505,0.7160122934194484,0.5852992784028215,0.5623305551211213,0.5308909846584374,0.7664574345009794,0.6093407239245772,0.5148081152472421,0.5152229842520136,0.593341808640244,0.5822276848619844,0.6344037934511153,0.6285609397209982,0.5446661275899249,0.6360161518739694,0.6783699365924004,0.5218760151958902,0.6406462931792151,0.5094202587422424,0.6346336657163565,0.5585911830606455,0.5565212586947954,0.569137928422673,0.6513954048685986,0.5364083240402626,0.5560150574343647,0.6546874020100076,0.6633912945862143,0.6787598810390749,0.48714641349821375,0.6072003342142788,0.5546062036538567,0.5326378345172219,0.5770978721202148,0.5841256315685946,0.6393499950982539,0.6620875876717026,0.6653933489010796,0.6304176176317177,0.6308219738568112,0.5654224200652539,0.5578006569088722,0.6487554025948663,0.6910451739775398,0.5199277986959626,0.6177593986468591,0.7951306706396458,0.5990621646508295,0.5955383110823608,0.6691539890100944,0.48120898132168105,0.5572806373965192,0.6727968882123662,0.6923991213435878,0.5320401862636553,0.5323792433329091,0.5814132117500489,0.5841403131580741,0.7019480705495383,0.6207676448516751,0.6103748877185615,0.5480470691226178
0.6326704128892455,0.6139092262733935,0.6909426985107773,0.5593400452292181,0.4887430699067271,0.6762582543923671,0.6694903985769456,0.5401420482210321,0.4859246687564997,0.5517050192064437,0.0,0.6382915044969149,0.7209882501860723,0.5067892532684466,0.6660173422623669,0.711008809297052,0.7489614218599939,0.5790056210301237,0.5356700103470825,0.5499934110032418,0.6663628676967795,0.7157790800173279,0.5417299233668504,0.6499961423532508,0.5714400116333178,0.6646710315255533,0.45270645415262234,0.5477371354322345,0.6426976304073185,0.5256630577493923,0.5346241165812506,0.6485070040131479,0.6094637149353439,0.5754933094410041,0.5306777961997764,0.5714307697002172,0.6437250081179654,0.5717358150129495,0.6878098185671957,0.6582417599209759,0.6494497362421527,0.6223095340424799,0.6396243254121851,0.765421098763557,0.5688688031556658,0.6351973051593092,0.5525980881822771,0.695251039303459,0.6286894772249225,0.6075202396282093,0.6877821961148664,0.6776996087793615,0.532477207339758,0.6137839662499387,0.6809932852774367,0.5606873487498021,0.6332996150151298,0.6518059831390166,0.5170328721586728,0.5753850429516473,0.5630117925428499,0.5580333083767914,0.6921197502267982,0.48978696057662174,0.5462442775627394,0.5783074181655178,0.5546449780641991,0.6223504774157732,0.5220095075326093,0.5576684792432269,0.7324856242204387,0.48947137051023465,0.5063361645965282,0.7139781031652043,0.5964768776122894,0.5091362093723957,0.7602576686995911,0.5602059220493992,0.5905040461701496,0.5579480681393421,0.7088977355947954,0.5394468946203883,0.6200515102237993,0.5799980578036682,0.5544458912096402,0.6103553314680628,0.5326569222639685,0.4839862753639818,0.5042281021356168,0.5569105836213281,0.6466615620283169,0.4960505988046349,0.6763019506587482,0.5896297605449383,0.5612965395190275,0.5894815264998975,0.46567327663135405,0.5236825801482753,0.48487818441214375,0.5455251899040802,0.5165597304718913,0.6040084169776262,0.47970038423377326,0.4951809476267751,0.5126785198476074,0.6831642647458189,0.6011550461333779,0.5888865370075298,0.6528669609835112,0.7132934052024951,0.6868768836860174,0.5573702130061193,0.588586939325009,0.4806932410018692,0.6235616795526288,0.6931281354427519,0.5393406151439312,0.613753857752095,0.7366890359521397,0.4782303093846911,0.6845652232428335,0.5004500552065216,0.606714785978398,0.7522266745760567,0.4965677918316553,0.705631490233735,0.5356882280805197,0.6665712679332156,0.6472027608880895,0.5616805610975806,0.4942495693114072,0.6532893639855785,0.5074803995250071,0.5560690659694749,0.5841303072610329,0.6926265208066044,0.616062100582596,0.6132627926562926,0.5282830343729753,0.5669870903501733,0.49378334152536546,0.6218213920180052,0.5356579480868187,0.5068530526871676,0.6690584085987326,0.5398615024411592,0.646877552091288,0.6549555207385409,0.5625967038135674,0.560130607236202,0.5406470208855044,0.5342452459902844,0.5382061733713275,0.5822636871221076,0.6480754542666797,0.5931072754299853,0.6634959426221245,0.6817858104691893,0.49898390061260706,0.6360711964673438,0.5558928776734742,0.5115642135266232,0.4788974146510687,0.7736963692880728
0.6083445539117579,0.6428544260069924,0.6686126642545412,0.5559189992386145,0.4734234491241044,0.7116040950210866,0.6448792433181756,0.5818159029879479,0.5251326130359443,0.5504260677659524,0.6382915044969149,0.0,0.5983191439501814,0.4686559650868239,0.6496036779295883,0.6196952999558416,0.6968270859188308,0.5507967281998143,0.6188216432710059,0.5519129487420237,0.7006432890009172,0.6940216918291007,0.5461975120422361,0.6001058776747749,0.5747659489997642,0.5421190954300203,0.4422461995366919,0.5450764079871917,0.5384647882469195,0.5625686826499214,0.5626338616206804,0.6464231737075884,0.5883060743361105,0.6088461018776186,0.5146925107451606,0.5818635610497034,0.5525174342432967,0.5371796482975548,0.7093777188259132,0.5707730111635185,0.6328444526681479,0.7250595140346584,0.60216475036026,0.6288767859502542,0.5682934318419608,0.6308473784849452,0.5602528576191989,0.5445915965098431,0.5840135937811003,0.6243447132360597,0.6817547981287483,0.6732514079881395,0.5503913090212241,0.621176470469598,0.6070175888070385,0.5872216946523161,0.6378987346764238,0.7320470039455799,0.5038207554884644,0.5871459322411312,0.5409285077890362,0.5515170616030852,0.6542929536392628,0.47965732266907574,0.5625679840041322,0.5628617516082138,0.5138390882546374,0.5454648700281317,0.49419689358894303,0.547650049297567,0.6582344024864734,0.4595403835071584,0.4952304301383162,0.674048437666309,0.6157954240410214,0.4852766542724983,0.6434021830515702,0.5087850707558799,0.5655160929774229,0.47503083557377684,0.6171288501443263,0.596811365474328,0.6029949456391623,0.5155171814467353,0.558665108211192,0.6202409637436485,0.5135610625356164,0.4796633527521842,0.5084193178783543,0.5747575182677616,0.6286779295555291,0.5422765976339082,0.6307481236464378,0.5717752553270893,0.5439398855875807,0.5646999064155344,0.48919653307568517,0.5667729976477484,0.47943257218245405,0.5473144463963174,0.46694445330254375,0.609449653918842,0.48774896226232234,0.5188884747158352,0.519302287703709,0.6511109119085936,0.6247449027073047,0.5927952089535208,0.6026859321948563,0.6517938856589136,0.7155977156690461,0.5513321836704076,0.543435443668753,0.47662953953328174,0.5635724317409985,0.6736017690970991,0.5511476924859106,0.5883459268054935,0.6476645057497511,0.46890366518610727,0.5859471494795075,0.4966001727959426,0.5669270148795746,0.6660079023708401,0.46907992403228516,0.6090116871067994,0.5665712978293338,0.6502165919235825,0.620516872342221,0.5026113981601128,0.5320285480017074,0.6561434187412561,0.4570067027886204,0.564104832560275,0.5672151336571549,0.5726610724875113,0.5750407133234561,0.5406503406002844,0.4956030788094931,0.5854391673401762,0.4596259856115233,0.5774826319592209,0.578616096028897,0.5279598832665845,0.5733407865543048,0.555828677172171,0.7766499013354108,0.6007818710705571,0.572535287943237,0.5590648481070967,0.5391708586102318,0.5219981702578735,0.5791135754275333,0.5943454517423068,0.6892159701338144,0.5605526305582088,0.5554856671569437,0.6403637349703518,0.45159317741683525,0.5604593772362028,0.5029852294994569,0.49265608581090287,0.48094108195530216,0.6605112956060017
