0,1,2,3,4,5,6,7,8,9,10,11,12,13,14,15,16,17,18,19,20,21,22,23,24,25,26,27,28,29,30,31,32,33,34,35,36,37,38,39,40,41,42,43,44,45,46,47,48,49,50,51,52,53,54,55,56,57,58,59,60,61,62,63,64,65,66,67,68,69,70,71,72,73,74,75,76,77,78,79,80,81,82,83,84,85,86,87,88,89,90,91,92,93,94,95,96,97,98,99,100,101,102,103,104,105,106,107,108,109,110,111,112,113,114,115,116,117,118,119,120,121,122,123,124,125,126,127,128,129,130,131,132,133,134,135,136,137,138,139,140,141,142,143,144,145,146,147,148,149,150,151,152,153,154,155,156,157,158,159,160,161,162,163
0.0,0.8252491073886737,0.7920748606669102,0.7757399791916828,0.787770957898182,0.8119650110365466,0.8290123679530765,0.8076423599202642,0.8548797875065601,0.7632361822691867,0.7819672053488606,0.7053101736482192,0.8996654911696302,0.8558190346213216,0.8606295587998096,0.8258883417070683,0.871569432504311,0.9429092697967196,0.7755434981646175,0.9506709908263055,0.8639937418378595,0.84348745677234,0.7957006875611918,0.810185470978267,0.8513897147040733,0.7792373110056603,0.7170253215413923,0.8471660323969902,0.7087262940904475,0.761422103501387,0.8563997581941729,0.8673577048878648,0.8070220455045397,0.804662443570781,0.9187069477559134,0.8064216614420232,0.896192955144167,0.8585331049584175,0.6949844396703098,0.8095895506603985,0.7779714765919048,0.8123682253997035,0.9106987780488492,0.8679745550440884,0.8700529870878448,0.9041359184149661,0.8985750657232471,0.8168359446888775,0.8839275129323209,0.9220809110454002,0.9120473099888298,0.9206428714031467,0.8429462959247542,0.825538340958268,0.7880581918274704,0.8550780999277067,0.9494188772081429,0.7522813050311153,0.866446951168221,0.8893206799348861,0.8250006998641736,0.8260067900709805,0.8967738501583055,0.7917386118892907,0.9109881201406566,0.9006624871683225,0.8119349629843732,0.9251161660668865,0.8715318208992971,0.8622599134445896,0.9680513757165102,0.8959724267429338,0.8059693516651789,0.8751263790087711,0.8276892710951128,0.900538877422163,0.7937097045070508,0.7613542661190356,0.8267763255957121,0.7099517048792094,0.8020898873231889,0.9287854906531497,0.8247948125106758,0.7925082760750884,0.8735372998941491,0.8528543493930949,0.820222279126976,0.8750642416423803,0.8804999710312673,0.743443516343247,0.8758282428333745,0.8627309742582953,0.8641249704640576,0.9068995592159893,0.8942458936553914,0.7957712436327677,0.8151841441340599,0.8353252948199656,0.7647222701074319,0.867651157535836,0.8042690455352324,0.7952815499331152,0.7748943568516425,0.752481144657351,0.9155050625959334,0.896681890593858,0.8377794939772918,0.7964629910983796,0.8705965661854511,0.832127266365392,0.8128993858251541,0.8228949881704475,0.8724302916572895,0.7098241540107582,0.8753064340695093,0.8306128300472978,0.8676905476453323,0.8129074258087741,0.7954063290122471,0.7815176521211414,0.8503428135435803,0.8058047043005732,0.882669746490115,0.8996997849380696,0.8435109029209272,0.7602753888441804,0.7862249351714276,0.7935586294409233,0.776735056895721,0.8790601737140723,0.779732858668642,0.8204710804028802,0.7601612664078948,0.75194528140673,0.802405873429854,0.8874283070940077,0.8287220293103076,0.8432733767150198,0.7762232214153619,0.8145056247443976,0.8256108061857065,0.8169922513023731,0.9169104167345938,0.7867221799968197,0.8071499806606643,0.8083528332624459,0.8288298710714392,0.7611717409839929,0.8071790511702064,0.5850780924100711,0.9021962950092889,0.7795298693594648,0.8280291900566263,0.8073284494612822,0.7850433631820936,0.9002648767024228,0.8177498015712639,0.802228831887903,0.8046253126325422,0.8537891695828711,0.8152791312070917,0.9025408540446258,0.9013787630062386,0.8372987246896253
0.8252491073886737,0.0,0.9078857122575148,0.8395031291843787,0.7564756112011974,0.8541372557444626,0.8052678930367666,0.9265668567073544,0.7717435231152304,0.9067791432440184,0.8735549113088739,0.8569271883310524,0.8928744166560486,0.8221538209561282,0.8959473411956929,0.8912906373283249,0.8806826262028002,0.841515364510287,0.8293155494879195,0.8868094436442212,0.8620061564674388,0.9341848554195032,0.8198098918137808,0.8944705723284159,0.8956792324360958,0.7381595815137968,0.8137928481433856,0.8863332686759424,0.9187409326729842,0.7642204307949355,0.8778421309123599,0.8031746700658927,0.9208683722292031,0.7809758331665642,0.8395828077577303,0.8412730205718529,0.8626156477374322,0.8989676821946064,0.8350496272924728,0.8427165460162945,0.9083966171020497,0.7496039000806697,0.7930650339991117,0.8430128598464062,0.9011672572816974,0.8508109724169421,0.7907711072330249,0.8396799192667569,0.8428779955635277,0.8107328223035204,0.7990260416315261,0.8187208394849211,0.787779068748194,0.9181527147358417,0.869611922289881,0.8122629522654686,0.838677037303271,0.8261598926092916,0.7870970567721908,0.876106773729902,0.9089167010354667,0.7058837809095516,0.7811798011829362,0.7635869065996367,0.7314416822907422,0.7522504511868,0.7816316623320136,0.8059043702536898,0.8007136682494301,0.8925657888545108,0.814276386598375,0.819853503472379,0.659640607079261,0.8399604289049409,0.886096679873688,0.7762658278031229,0.7740698480346045,0.8290999073121147,0.8149263411400607,0.675387731414311,0.7877399118492135,0.7680754560243052,0.9070835958612824,0.8695893181313239,0.7078372132431794,0.9432043837132181,0.7452967903470025,0.7157142849278032,0.8440434973271432,0.8238950452458123,0.7579715434201881,0.7729790899773642,0.8924464607079828,0.7945437356246511,0.7718100011750457,0.9312062512492747,0.7920444836294162,0.8228352009838513,0.6492898324124686,0.8066705235951099,0.8593600097101908,0.7705021589180511,0.6420628582468595,0.895557126259892,0.7714365064315979,0.8501332183969486,0.8158116685760283,0.9042402722149365,0.8766883868876104,0.9026126042792827,0.7856838576164952,0.6921213228258547,0.7406283578054073,0.8053370083222879,0.8180337041089019,0.8644371405266387,0.7950590859112049,0.8322159745260977,0.8013426934204874,0.7438272711712123,0.7959052846816681,0.7919323270481657,0.7530292368560213,0.902892165930373,0.7126199828816943,0.947647582801483,0.6707259797595627,0.8890451497432946,0.9073361414215052,0.8702580721382593,0.8262072816538489,0.8070476332269271,0.7811775794197341,0.7357586645133732,0.8731690449481044,0.7963179131455644,0.8820096389334963,0.8477564571450344,0.8866757425373989,0.8740619011775614,0.8832838727719291,0.7982780907098124,0.834281432237138,0.7549691272863713,0.8657424635234332,0.67143973723637,0.8587197864562607,0.8709271512804264,0.9047318097830882,0.6832280689191398,0.7873614086782433,0.8232908813634264,0.8750749469072028,0.8663348331730533,0.9281107855045014,0.8971995475184277,0.8946778924800726,0.887610302101641,0.8318028167500101,0.7131772554748029,0.83341566594174,0.7824667144849088,0.9260622426913852,0.7831301131858008
0.7920748606669102,0.9078857122575148,0.0,0.8405324505849389,0.8154100824534823,0.8675479836850569,0.844143848359443,0.8787616462601403,0.6870515940783879,0.9499912612481801,0.9109261582216798,0.8661757961190533,0.903675619478494,0.795101421035413,0.8301009020004699,0.9606330592443127,0.930089145215163,0.8136948731556719,0.7989103809920446,0.8178644377514547,0.9335110904313556,0.941101941110886,0.8355541666947125,0.8575891857921684,0.9250609090739406,0.7873816123340689,0.7842481316972345,0.8616874425459293,0.8952968136607802,0.7580871348445125,0.7879284434638766,0.8691822519419163,0.8395274121109679,0.8052442280961594,0.7759094156595574,0.8493981973386627,0.8817284029520921,0.8264559649855013,0.7879562484490795,0.8337407871893404,0.8167622761224196,0.8202199349132114,0.8393180876905127,0.8520971835592144,0.8839241940208679,0.8167064540231486,0.8228711937430034,0.8900491789667955,0.8739534789106599,0.8179867223828151,0.8473070450482246,0.8231939056209499,0.7205020962194375,0.9314109046584187,0.908193154443603,0.7877237550622809,0.8037250157240415,0.8903408012907693,0.8231337564355587,0.8273145310872478,0.8874521769391273,0.7157455108501217,0.8016273443216584,0.780329316945898,0.714191087354478,0.7474362300960185,0.7928324497795765,0.8511388968609745,0.862536949908844,0.8793340503954614,0.8115577859821141,0.7559528628196787,0.7086718540209324,0.9028821783980107,0.8503000742114907,0.7174264846004982,0.8743631275752628,0.8851505475812703,0.7294332670098151,0.6580371191242114,0.7768011905959071,0.7552744677934022,0.8512252514072172,0.7882407451661387,0.7458168820390688,0.8257826347725005,0.7756015863849508,0.7479993226255621,0.794990246438863,0.7247245717581867,0.8162302477071459,0.7599382728908014,0.8926407018008113,0.7281728346714903,0.7831994130530937,0.9008622200931976,0.7395237717222457,0.8341096189486878,0.6419229221317783,0.8021968527771103,0.763341672375441,0.8778503374391188,0.7034615720307259,0.8811692264198032,0.752150969431329,0.8625999592729312,0.8710163574399657,0.9065869742696533,0.8534167197416616,0.9241812913349499,0.8662083245556658,0.7186219813856795,0.7823603436516176,0.7975736446366758,0.7484489944134818,0.8092560431171202,0.7472216067553202,0.8966974224469045,0.9125354901477916,0.7132940352421632,0.7693977114189241,0.7767241665138533,0.7510047422112069,0.8696764275100884,0.6397563138212939,0.9055325819778188,0.7168509288486495,0.8811186223298841,0.9259531319550972,0.8246459394699962,0.7681925990991476,0.8785975836074416,0.6929278054847117,0.6443811952137716,0.8460175370303561,0.7357045228641601,0.7860155092831911,0.7931075612206748,0.8601033602990742,0.8043461786792105,0.7991877678612328,0.8404048155763197,0.8203046742903606,0.8035880766016666,0.874061790562877,0.7267983375027868,0.8068321427845948,0.8286976280296202,0.9184455324310001,0.6693179292758928,0.7269164468194534,0.7386676260599536,0.8683485784899349,0.9121218195739185,0.9374755180037776,0.8450226634662356,0.8314998800794859,0.907572777721117,0.750210054859132,0.7713538289154167,0.8118033737193175,0.6911095336965377,0.8745223259952594,0.7477954103706401
0.7757399791916828,0.8395031291843787,0.8405324505849389,0.0,0.7730931291834564,0.691329535974504,0.8968641106216368,0.8063471733098226,0.6519533152902945,0.7959184190451493,0.8680376739815483,0.7145956663862505,0.8894518563883278,0.8884570090919951,0.8598760582755244,0.8161194541282998,0.857649980384393,0.8378508575026554,0.6556655351451266,0.7678429005852082,0.8160533341799258,0.8826087538918185,0.9100204031720067,0.8922912807435625,0.776704693083734,0.8955692798431705,0.9144040703881916,0.8808306774044327,0.7969697038882272,0.6190426079193948,0.7206257282358546,0.7429091045568395,0.9178824740227485,0.8134989234573361,0.8104938513096076,0.8423800050921804,0.8560368579170519,0.8117002206617674,0.7340703403678954,0.9668730156873092,0.8391421075295368,0.7219294455655361,0.7521429456172941,0.7972188783400392,0.915378400848758,0.8258416427841275,0.7374501358192228,0.7927615052943616,0.889284494477731,0.8027778412603689,0.8379076591745585,0.8006587133111037,0.703845406618385,0.9084898594156523,0.8552295743663172,0.7111609360120155,0.7823554573889079,0.7208206370315651,0.8481613751416991,0.8725368777562067,0.8605356732668727,0.6897479573847559,0.7284483880864796,0.7888357673368975,0.7000917303381493,0.7269062912710231,0.9261290181778881,0.8085429008851228,0.8408245391077476,0.8074047967125496,0.804233794469912,0.8170091051413884,0.7467486698099006,0.9191156157110566,0.747879511018632,0.6795304480131759,0.8972643230546206,0.8586814202392408,0.7396265147304663,0.5906648142925321,0.6482532755742485,0.7766362482953432,0.7481472397057816,0.7600435882672245,0.7473032479715066,0.8198566463860617,0.7049677615474558,0.7605274173660027,0.7608562130230954,0.7626206614334542,0.8354351630335197,0.7444140090252322,0.8221808545416148,0.7190928666748231,0.8733771359122335,0.7783086031112457,0.6786694778005351,0.747283048068232,0.6683406222207054,0.8747103068692472,0.8173515959843259,0.781628316478236,0.7362303736962456,0.7247864725681618,0.748138899560765,0.8310260612365336,0.7908745882211287,0.8114027772716251,0.8853380068191833,0.8240339169728971,0.8206914344957609,0.7736425784075469,0.788177841280086,0.7737626255563547,0.7933369932104216,0.8578987649039744,0.6613431676806402,0.7561245135848765,0.8285085224779077,0.7853925975720742,0.8155125340458166,0.8121457239330541,0.7330386121495379,0.8231002968595036,0.6444403256613509,0.7959209407156085,0.7419657989671696,0.8649669981936735,0.8298838736462537,0.8856532140754204,0.6462789114502744,0.7118957338324803,0.7789540138628288,0.6988627204011392,0.7924698427187508,0.6987340355638114,0.6842176488193173,0.9094485781439079,0.9368872768476556,0.7223846958034553,0.805965195904849,0.739962833650896,0.8620677563776499,0.764942696157555,0.8289679296185232,0.7391983912710586,0.7342870410677197,0.7423399095808573,0.736571881911724,0.5865836187605408,0.7551456882005971,0.6510450245818071,0.8670092420079104,0.8948562412939126,0.7855659278990347,0.8477533520789408,0.8835751681049294,0.8208800150692789,0.9093626213696354,0.7855259797288449,0.7798364742560481,0.6540947972552624,0.7602376091577718,0.7941396985030204
0.787770957898182,0.7564756112011974,0.8154100824534823,0.7730931291834564,0.0,0.7001857015558198,0.8746333785842323,0.699806133269917,0.7164823974078007,0.7218419708260897,0.8582585159293944,0.7885453268118533,0.770639997535038,0.750308763719126,0.825320925409466,0.8320972467927413,0.8062287803481619,0.7677891706434354,0.6916204804695553,0.7569559226232396,0.8680310114294791,0.8678599199900688,0.8276887507153367,0.8475962038846286,0.7773068222366123,0.8354710248914278,0.732165423581305,0.7082462172393986,0.7378806893000611,0.7715539549239597,0.7647167322206563,0.752234801550746,0.7608883400300467,0.7578807106826281,0.802442465289548,0.8116008337628482,0.8452914267161706,0.7851391949636329,0.7898162294238534,0.7963664005333975,0.760866796326408,0.8078710784931142,0.8243657261087005,0.89350306540017,0.7865558921569921,0.7348174199251661,0.8075141788184714,0.8642733655333821,0.8650258153988459,0.8196246235765298,0.8370098429110273,0.7911804012314312,0.6497008236374421,0.8228972171362218,0.820391920538358,0.726819649294815,0.7807429721798022,0.8271927596855585,0.7584660286689943,0.7673201605292161,0.6897950493829937,0.6870918012740823,0.7330349670994978,0.7794950250517495,0.7200416798890489,0.6690811258685029,0.7557132831143065,0.8316279989816628,0.7816298737562857,0.7448045883647771,0.8302588283809789,0.7564286016889463,0.7052148206637002,0.8165878338079952,0.6757692791902115,0.6464359542065734,0.8307500969888224,0.9079955324337488,0.6655413057252701,0.6354298873240076,0.6439884005935499,0.8086225825206502,0.7926461529007252,0.6414407645534498,0.7545218349695367,0.7459674083931211,0.7059137942419841,0.744527842445619,0.6614654157728912,0.7143341397172398,0.9113536262809445,0.7730017459422762,0.8489344233818955,0.6741568073189862,0.7981679385985808,0.7987034946653739,0.6406341268629536,0.7339993445967012,0.7259109369205107,0.7155908147159871,0.7459746179615867,0.7620640067698355,0.7372755991691508,0.7222950646739509,0.7223566265051394,0.787209230819235,0.7192853810406533,0.7421408001733898,0.7786899238661505,0.8242701072595486,0.8624516912327896,0.8353162998258111,0.7141676753321919,0.6943949498748396,0.6952533854914372,0.7560121361691653,0.6323077574778833,0.8361928649830687,0.779630343727203,0.7024149288887135,0.9183456549894151,0.7127710687407854,0.7436065061964531,0.8238817785691,0.7014567279343746,0.7463105666297215,0.7005308848906854,0.8471930028071116,0.7458188573972683,0.7870837294482419,0.6559194855134324,0.7623028746144669,0.6441493284660357,0.7262775776169376,0.7869628039848563,0.7392163717134315,0.7274260828404115,0.8308238923098574,0.7772574160715815,0.782961197171496,0.6765624024148406,0.7873053765319589,0.7955277367381354,0.7865003371350585,0.8654106881609922,0.7734412116396077,0.8644284972836358,0.6716500972084655,0.7454644412202018,0.601344934777842,0.7656060177740046,0.6298756953623381,0.8542716834489437,0.8328944246829222,0.7903417493176693,0.7879258067580245,0.7518477039268895,0.7973797071149511,0.7392568593539471,0.759527934597592,0.6583471129254472,0.6804794620780086,0.778020192851864,0.8720869554279451
0.8119650110365466,0.8541372557444626,0.8675479836850569,0.691329535974504,0.7001857015558198,0.0,0.6982588823663782,0.8653500058810792,0.7477707453962376,0.8398822126051904,0.7777424329668335,0.8139267797591174,0.8467352084931293,0.7187755884795698,0.7289277776114147,0.900058981809742,0.8688369250931927,0.7552046611534728,0.8613991263775063,0.8441225275054896,0.8703963879174327,0.8054077022013646,0.6767797543082199,0.7364553789298509,0.8738897695806218,0.6694560947831639,0.6393410816926661,0.8069952244422309,0.7812609081494264,0.8104198491657442,0.8023584271965284,0.882378505772063,0.7397707953075704,0.756871548356523,0.7385179965400974,0.753876101849306,0.8130566542005025,0.7939161434648037,0.7211599708723371,0.6912819683046695,0.7384258948734512,0.7958421675946334,0.8018455758157892,0.7967016039042867,0.7871035540398024,0.7933843475719113,0.8173707590505582,0.8112570055038191,0.7427173662694491,0.777569645984919,0.7868255189352933,0.8416014802675719,0.7651373469431025,0.8119398748203033,0.7805915272940548,0.8567078939069862,0.8239261209067745,0.8687217990525536,0.7207516740906154,0.78284498735022,0.8677108175068664,0.7675833972064884,0.851092096180446,0.6945779136005071,0.7323505700723496,0.7950207831428133,0.6881142670695061,0.8003305604507744,0.7505450328961712,0.8434001917642496,0.801990450144428,0.7131369685546091,0.6835530461556175,0.7899540455947891,0.9079877237556838,0.8000812528971775,0.7430608060098308,0.7423380766936989,0.7548673175518084,0.7875103810136785,0.8962289501419819,0.7394954339013294,0.8479058095629692,0.8271053256242904,0.754946584190199,0.8145544485719757,0.826856267850639,0.7038462880141138,0.8377654751479438,0.7151971421535526,0.7239795503301736,0.7483580600592418,0.8122932408299859,0.8062666072557333,0.7102885999311634,0.8384969380800517,0.832329595951944,0.8412272527313855,0.6411955981346498,0.7537994782445016,0.7184325406827367,0.8048341956312399,0.636442499031013,0.8046867619969136,0.778588330106478,0.8381172156586595,0.8578568350638762,0.8384600414293925,0.7639614661656796,0.8555974676127002,0.7732691122677048,0.6565141171039289,0.7865640914345575,0.7484146342350095,0.7570595393847301,0.7741071309735906,0.8606656291788277,0.78802880983672,0.8163383301292704,0.6983573260178957,0.6988986986024927,0.7575196067217342,0.7969133874031965,0.8504984969208285,0.6911116283613218,0.8367548716052886,0.7026223361135979,0.7893274363251703,0.8452163202001183,0.7268739192207098,0.8644650306608151,0.9490344398723086,0.7081383106869584,0.6704002995606577,0.7788418788484929,0.757619552788605,0.8407547341059609,0.67790383100576,0.691426726762241,0.7842828003077034,0.7579602287184808,0.8362616639895112,0.7697905644526426,0.7332115317382565,0.779879474516669,0.6667893730839985,0.7984221739794859,0.8219723242297465,0.878245769082025,0.7159304397858185,0.7378103501177519,0.79792663590938,0.7541458036043422,0.7527148698023929,0.8705261891412579,0.7967629685553075,0.7596054540158849,0.8596734451604431,0.6537124668081138,0.75164343117066,0.7771037739705479,0.7985497495819045,0.8878614356194396,0.6998872062211983
0.8290123679530765,0.8052678930367666,0.844143848359443,0.8968641106216368,0.8746333785842323,0.6982588823663782,0.0,0.7490900313730449,0.6939732443614669,0.8103483762094809,0.8393349503529492,0.7376402369640793,0.8763398359393076,0.8842795910152653,0.8611911494009614,0.8213577078363871,0.8428800217304117,0.8453225596250675,0.650889331055086,0.7828772734547768,0.8524364968439511,0.8817882895655375,0.947871254801316,0.8714384099480238,0.8324835655540638,0.9181633950926268,0.8393073801169674,0.7949298514913615,0.756198536340567,0.6672946448605586,0.763229651834778,0.8147507445078747,0.8305394283486361,0.8681957545433183,0.8551029572137747,0.8689238450015061,0.9122219494874395,0.7698194382691214,0.7162252957218755,0.9209143019339336,0.762747450612359,0.8221485009990988,0.8296781394735235,0.8617420366287025,0.915750805844606,0.8183956953202203,0.8478165023330517,0.8393687972665298,0.9725553127964504,0.8554236746318138,0.8995275170383846,0.8107762702965672,0.6805343626968083,0.87606686607063,0.8663925080509763,0.7875193328846244,0.7843593597183475,0.7358797414991122,0.9094506832079586,0.8521340555292821,0.7708999932658572,0.7363327196553086,0.7305394407467847,0.8554351037038835,0.7534084764154971,0.7370148046019515,0.9303654421735889,0.9064704155247439,0.8847702073364647,0.7724790486814462,0.8677148930508607,0.8370695519819769,0.8085781019798439,0.9322004874574631,0.6880473086360307,0.7080855640981707,0.931717888533319,0.9114821538006191,0.683070015250325,0.5904468956705642,0.6417093910611295,0.847936094704664,0.7631969551276925,0.6728496164984139,0.801664219253609,0.7641436986431952,0.7348829872671896,0.856278189972149,0.7541392987320928,0.752134365670649,0.9216813966798412,0.8594120667948818,0.8453027369523609,0.7067385098097534,0.9058929883028778,0.8127864679934031,0.6569264559857622,0.820706977959789,0.7545233375011448,0.8788294510819163,0.795972921139386,0.8241424682984537,0.8499461250608308,0.7462984217215869,0.7740304910626425,0.8477417695614157,0.7889429295749191,0.7969506250142601,0.8793381282469077,0.8652119304527791,0.9059172599726001,0.8594460710955637,0.8334197749468298,0.7132548694660694,0.7456512493448506,0.795025984792869,0.6703909304157954,0.8435082611832305,0.858672438992203,0.7853802049766252,0.8523052832783803,0.7566610695736833,0.7854316930701897,0.834850097421055,0.6864192581501568,0.7593968774223339,0.8034551110063224,0.8779411637934557,0.8081114930245737,0.8765872231563083,0.6625240129924893,0.7174592333177238,0.6814581843480546,0.6736964740145215,0.7898248830904883,0.7268917549058033,0.6944629668389135,0.9066980843929697,0.8777831872397708,0.7294192957267153,0.7459490767462585,0.8076013884987313,0.9122958770165943,0.8239646039080419,0.8655171752702523,0.8827939098605938,0.7759970907186939,0.6989491525049291,0.775014384809454,0.5643413084368946,0.772605019684752,0.6297353208361756,0.8406388118798314,0.9560499975654547,0.7862727899778911,0.8519145298672414,0.8037012405831835,0.8200417194311838,0.8412168333036188,0.8451077255239928,0.7522523744892216,0.6795826640193307,0.8112132324253994,0.79967819422902
0.8076423599202642,0.9265668567073544,0.8787616462601403,0.8063471733098226,0.699806133269917,0.8653500058810792,0.7490900313730449,0.0,0.7846369311056307,0.8767136708193101,0.8216880158323329,0.8356412856362407,0.8818855587017996,0.7723395067420047,0.8350433804951172,0.8799415243076953,0.8552799316508479,0.8174536743568289,0.8246349045345586,0.8585820222346751,0.828832055682259,0.8710943081824802,0.7823849554579855,0.8167158816044628,0.8809846156385625,0.7146035716399033,0.7940072393666084,0.885757314606743,0.8285002784762454,0.7819433492029519,0.8575731381581909,0.804616948150613,0.8647437000262721,0.7772997017030173,0.7789208524792325,0.7955218082640602,0.8410057312705207,0.8651949195951472,0.7810829883562042,0.7847730426046651,0.8326888148640295,0.7437968024663882,0.7880025037452458,0.7720767017415554,0.8896232628905824,0.8465651328976376,0.7686554333805683,0.7834163919430961,0.7909513123326768,0.7811786384697261,0.7779963519334014,0.7977454600064127,0.7575505024266822,0.8573103799866567,0.8170110217533284,0.808285043995896,0.8165347617126747,0.846608020522918,0.7473089914052932,0.8449211046256869,0.9203021877565037,0.7105675951847156,0.7911370649576204,0.7147249996177515,0.7068478290649631,0.7584948716741042,0.7561038356384513,0.7885589314973622,0.7922525708731627,0.9487696562751313,0.7941725553397719,0.7616786920690619,0.6537334301459564,0.8230564865597251,0.9047260632248852,0.7639322913215606,0.7652518783026733,0.7690386621399001,0.8288459744744595,0.6483618856858407,0.7745216214007639,0.7589743392408858,0.8748955824364602,0.871196970739702,0.7055823476577073,0.924651575955488,0.7996122219509845,0.7101414719518793,0.8716095570305662,0.8109854605028822,0.7370131471006001,0.7503175033027208,0.829305947728683,0.7709133181730852,0.7299207600328378,0.8825196241212392,0.8002357134096604,0.8187513927272702,0.6167351363054902,0.799743159559855,0.782291601620748,0.8166103029009628,0.6415110067838744,0.8677690384809447,0.7723190464905184,0.8554730667925371,0.8279665157510642,0.892693971778339,0.8299716127467957,0.8413720511433188,0.7473885987101102,0.666407406886385,0.7369989851382355,0.8345401120533079,0.8000455137181074,0.845653594735553,0.7918542500632642,0.7909887395681998,0.7660645073691731,0.735718146811991,0.7242801451470623,0.8696550825627379,0.7212727427099442,0.8596707350856171,0.6562764839534457,0.8951327617481236,0.6707851088118044,0.8700926511884701,0.859721831019638,0.815594947775377,0.857910846897907,0.8239314320508693,0.7849766819938556,0.6948742299848506,0.8177496700125048,0.7329692145124725,0.8500696649375613,0.7753070098980155,0.833781566864683,0.8604368364031711,0.8424697923927021,0.7641837492441231,0.8021278515795854,0.7289420772049725,0.7978800071999653,0.6662096351303064,0.8260339555911433,0.8511644561694195,0.878122884242725,0.6671108561289733,0.7792902313343142,0.7829636214798901,0.8273885324563817,0.8252269142795448,0.913297083073451,0.8837903413241562,0.8468201675375465,0.876878559318291,0.7545643151335829,0.7045703584837554,0.8010823817567746,0.7432815890132979,0.9091059521540124,0.7314857519049834
0.8548797875065601,0.7717435231152304,0.6870515940783879,0.6519533152902945,0.7164823974078007,0.7477707453962376,0.6939732443614669,0.7846369311056307,0.0,0.6768953190510876,0.7038021007390425,0.7354735790411856,0.729457234132525,0.7004076275273727,0.769527755822092,0.7165690296017891,0.7104789654636209,0.7700682634650922,0.767778372332885,0.8569476778746044,0.7310609956102319,0.7644038154659,0.6950372146613012,0.7198034001488764,0.7736761487934597,0.62972008848621,0.6640778702276732,0.7207729054994327,0.6454078237403447,0.8394764890720696,0.8782653878847392,0.7192265473387083,0.7037800583441243,0.6969695406884652,0.8184939246729668,0.7021383654004284,0.7654539958291109,0.788052758961885,0.7098687902954892,0.6593222581948227,0.6957067706686899,0.7751849089051849,0.7445015556907731,0.7438949687559524,0.7445673534493842,0.7316910691881789,0.7438879086583597,0.7025406304351095,0.7283751479532348,0.7574617229793046,0.7173471083550169,0.7363436809118877,0.7155290322660112,0.6988027844340466,0.6735616910751822,0.8246546144881152,0.7945360551781411,0.748915204825031,0.6770627709086993,0.7414317630641246,0.7027479608724754,0.6820115966444106,0.7225156939796972,0.6853395133955976,0.750023346196709,0.702279570716721,0.6685779136472151,0.7466464680156301,0.7009177036032267,0.8107255827791063,0.7957449363048652,0.7419562064917185,0.6597156791435844,0.6914522535952154,0.7493055132245361,0.7481950627879197,0.6417343078281147,0.6633511844094554,0.7215809787738369,0.6234124786516002,0.6786008890728178,0.836915745648101,0.8055812062435087,0.6958321518352342,0.7052650584023736,0.8224912727343131,0.7715193326447404,0.7033643629971754,0.7479276815458823,0.7992895775010114,0.7342469403968857,0.7927821305639974,0.7348100877777919,0.7501778605396239,0.7118261348548733,0.7701912798046422,0.7396051336150867,0.7579831579043422,0.6961502549468856,0.6903073150577925,0.7231581136187062,0.6740069017331356,0.6354944239313854,0.7211043333677778,0.7657088542375295,0.7311342117175915,0.664346121768349,0.738818249121875,0.6960901744342132,0.7364621723831216,0.689392030228346,0.7062241731073788,0.6890467666244462,0.7175378612008252,0.7127552243203462,0.7422288788277908,0.7440307330844793,0.7236815472499837,0.6313192800026042,0.7182789053122587,0.7497156894013783,0.723783280186279,0.7457333541494341,0.7670251264649732,0.8103086179685337,0.6916803304264939,0.6435601362961546,0.7365099939749173,0.6648765435704164,0.7171110069283226,0.8505998329212066,0.7225718170999788,0.7064321074062503,0.8101360763427365,0.7485688945523868,0.7558429233371624,0.8118523362866421,0.7156084531765278,0.6780092239969682,0.8163204639590504,0.7019267795338919,0.7167579439871693,0.7772698719310205,0.7030308647713567,0.717337281633845,0.6871408332369275,0.8742585418315112,0.6631292658909548,0.7473387959649542,0.6008741238626245,0.8475844305909984,0.7116546923541854,0.7680006194558452,0.690541783444235,0.7410212488241731,0.8167386263738582,0.726254953809935,0.7163967435066568,0.685299055995189,0.6572342048433862,0.6441631741365637,0.8434989707155259,0.8526597541049744,0.7969580698227161
0.7632361822691867,0.9067791432440184,0.9499912612481801,0.7959184190451493,0.7218419708260897,0.8398822126051904,0.8103483762094809,0.8767136708193101,0.6768953190510876,0.0,0.8381256925164255,0.830078782866997,0.878826531243577,0.7922732483856119,0.7971424428227027,0.8935138355753024,0.8667920116746738,0.7950734518675793,0.7735081736025282,0.8023275585250579,0.843182235248049,0.8833506420199471,0.8184482571132107,0.7947296216149512,0.938522455647522,0.7231470797268923,0.7817900027665318,0.8468060618927442,0.901705064636649,0.7168449930878954,0.789008832685354,0.8602956884689175,0.8111428757921215,0.7903453004851598,0.7631127913230406,0.8253277252703328,0.8446382939764743,0.7914478954016155,0.7373615281274352,0.7947389581997162,0.7752970294619103,0.7768080028671672,0.7975382632593407,0.7887111510808207,0.8748276237239426,0.7947041045426276,0.7950015880226288,0.82834300308692,0.8490627301045162,0.7751553508068807,0.7889759697506846,0.7533099411426335,0.7100424618914891,0.8742985311650513,0.8802252441012448,0.7876889649649054,0.7491906205739896,0.8113577567618988,0.8243792292332949,0.8014508536373726,0.8694070291397841,0.6994299701097315,0.7468506103579262,0.7765983561468444,0.6904672160946351,0.7288305145299495,0.7733073137939241,0.8128024383674509,0.8554150170515541,0.8608525278304933,0.7585069340066726,0.7534400650664721,0.6873479963892374,0.8502860723141862,0.8291294493256494,0.7355606877099586,0.8102616851216223,0.8156471327966501,0.7076234697908705,0.6153628286249877,0.7569900946697309,0.7099596879260623,0.8125066368812791,0.7848201337067583,0.7005333319262702,0.7991659020360438,0.756323341500734,0.7453608531924589,0.818691157398327,0.7079870450446332,0.744269347520037,0.7609758683860954,0.8492055949799417,0.7049760304087813,0.7426566717362089,0.9023553989549739,0.7245379412830223,0.8475781534063505,0.6287228143140577,0.7980251537782727,0.7607670970686781,0.8450132188275677,0.6910608677885949,0.9237350070320913,0.7351746083539521,0.8150706681836102,0.8377164154690785,0.9058517881328995,0.8300205742728897,0.8809812729882923,0.8032424352952978,0.670462141946458,0.7627264937805327,0.7895106833110086,0.7254689647322188,0.7573344718230711,0.7617511213677353,0.8858835235640888,0.870286324510307,0.708298663882242,0.6937116763192754,0.7471251182271231,0.717971713913117,0.8121299912897723,0.6269258394367226,0.8981473834119523,0.6941790161603585,0.8318762308982507,0.923343244837706,0.8083298251235174,0.7901742174073958,0.7950985163071406,0.6758163033776012,0.5991943760457275,0.8104052229868023,0.7113344809943549,0.7730309765585214,0.7614127066338049,0.8515415066745362,0.7743600844784225,0.8159201905259029,0.8187492605564731,0.7935573596692952,0.7761598948022705,0.8272453152291503,0.7141093314677947,0.7417690493423938,0.8214657876663577,0.9478564046175265,0.6613187892399464,0.6926449658919837,0.7550476676046383,0.7984464558688839,0.89262977917581,0.9042323750430759,0.820352999568759,0.7907893618816011,0.8498783490587679,0.7388922643879694,0.7324586088037609,0.8316363469825574,0.68969500260127,0.879083474231893,0.6697483232032143
0.7819672053488606,0.8735549113088739,0.9109261582216798,0.8680376739815483,0.8582585159293944,0.7777424329668335,0.8393349503529492,0.8216880158323329,0.7038021007390425,0.8381256925164255,0.0,0.8592408688409224,0.8552403914814449,0.8012699938236226,0.8413458123111878,0.9151758700316572,0.8677844381487181,0.7822311494622104,0.7549578191799238,0.8159698211546773,0.8865593845957246,0.952087087738123,0.8426371509014278,0.9014482184482484,0.8710967503938593,0.8231447504888426,0.8194876086999437,0.8381572398421592,0.8902236290996081,0.727271521032083,0.7954565449938139,0.7737154436338887,0.841355366598857,0.7913716802989893,0.8264108148665044,0.8485166804179873,0.9004840969851514,0.8703391789495974,0.8609565008457268,0.8418832123944365,0.823666259911115,0.786292232593739,0.7882076178842805,0.8956478794017999,0.8623050839675109,0.7445837636759257,0.7278442713485276,0.9370640813570479,0.8761285836180672,0.7856510463114187,0.7993997126894047,0.7749457356655854,0.6610285994072386,0.91961945564773,0.91256865071604,0.7319137471929157,0.7823432422889403,0.8675715342118642,0.7735812463811839,0.7910609791223215,0.8505482706870579,0.6516451493578006,0.737020089987022,0.7939183397365958,0.6757856841016238,0.67912662382516,0.8142252364473026,0.8010270235499423,0.8113885048249145,0.8658119714359176,0.7928063802235409,0.7724371480232758,0.7078012788667324,0.8515170240814529,0.7828361579420277,0.6584941210271873,0.8569390215331751,0.8963185548179081,0.7075419289826329,0.6523796281709138,0.6892747928992458,0.7515812206442354,0.8161390140179554,0.7698095082902167,0.7259710440619681,0.8309995606991974,0.7955357441012512,0.7048749534821132,0.7063971890387992,0.7671957391513413,0.8226802156965761,0.7278162811446469,0.8677419284372323,0.6957674325305566,0.7910909612725057,0.8938156679007614,0.6913721503491332,0.7684966090660963,0.6677297806913397,0.7447167732446609,0.8392738404954736,0.8096918023509958,0.6823125125996827,0.8104575641588694,0.7210459896794826,0.7863749450327594,0.7574608245129129,0.8687015617536611,0.7927696993480832,0.9107233553811642,0.8688807433247501,0.7633077310417327,0.7511069197143604,0.8418803633357278,0.7244951619409522,0.8004133003126918,0.6646007334024397,0.8686646136115149,0.8538921432900257,0.7364521963608416,0.8483530974366565,0.7617553914454295,0.7695143908375565,0.8364331053129946,0.7084576051548173,0.8749974502832455,0.6647877935984455,0.8851179972503027,0.8746089027398674,0.8185509341234497,0.7044593079408392,0.7996521926514145,0.7801150452540413,0.7564568071979039,0.9076372599866236,0.7298830120040564,0.7660695183299048,0.8409969429756684,0.8950612050115946,0.8024431998813911,0.7787836634016382,0.8186884863793699,0.7834824816774408,0.7991705045135865,0.9459050945023548,0.7058988058177608,0.8314240426787786,0.7324304018761348,0.8421999299967173,0.6754819993851221,0.7966257189715781,0.6855202070114321,0.9124084959349081,0.8409262327306746,0.8908800929111649,0.8715298778731716,0.882699082758853,0.8532150716943545,0.8230995956573754,0.7401428059135283,0.7165276678258468,0.7078408127969273,0.8100407614534567,0.8659393012854176
0.7053101736482192,0.8569271883310524,0.8661757961190533,0.7145956663862505,0.7885453268118533,0.8139267797591174,0.7376402369640793,0.8356412856362407,0.7354735790411856,0.830078782866997,0.8592408688409224,0.0,0.7402810435580746,0.6653818346355244,0.764471331971161,0.8593637751306619,0.7724624005242401,0.6715693274365876,0.8347972848383941,0.7754639307804391,0.846469703961166,0.8624424833959731,0.747664498856123,0.8068632304810844,0.8740446419277679,0.6788720922645,0.7022212747185066,0.7278284338438469,0.8395067163728459,0.8120053485255774,0.8453787393174491,0.7510791032232419,0.7409553175323692,0.7672083339236832,0.7365174740754864,0.7920434186012923,0.7949400248550923,0.7797663743327278,0.8958360106298243,0.6923600156567442,0.7580302373780694,0.7825081816442351,0.7385842682432575,0.8183381560067182,0.7876478951146464,0.6815385142059748,0.710974779760666,0.8466778574794059,0.7624435801847707,0.7154866610719286,0.71037523526453,0.7029477353833082,0.6167066143598433,0.8304055029587045,0.8308350676321372,0.7567532788449547,0.7145723014919201,0.9272979771789561,0.6673825134250305,0.7145388206687352,0.761622945824286,0.6177062383613209,0.6754711301014542,0.7206400254249546,0.6248941923676351,0.6183322935655324,0.6765856401625306,0.7119185629266184,0.6948609394678811,0.8019534699625229,0.7090947115482136,0.6663273025240541,0.6105525917616782,0.731424976002912,0.7510621161248384,0.622721670250427,0.73406112255044,0.8091240491870889,0.663441544645264,0.6150784445951534,0.6708171709711804,0.7063843864519104,0.8258012925255819,0.6947278680686374,0.6561387691817078,0.7975937931635604,0.7623366337829338,0.6313474342712047,0.6762067745070909,0.7776058683028608,0.712823248585876,0.734534710794349,0.7986574765683752,0.6402921414750816,0.6532815744997511,0.9140453882738682,0.6962256615810719,0.8047980808693602,0.6238767668914847,0.6573521522259862,0.7367335207343132,0.7777321196417489,0.6206557344900783,0.8765331707315283,0.6616147182125323,0.7288304457211505,0.7173191826954495,0.8428711205083038,0.7009007245893023,0.8756773733877654,0.8113503384395188,0.6749311712211601,0.650770469734875,0.7820473141090276,0.6358997388228261,0.7144449270616856,0.6590868280530556,0.8495609752283919,0.7582899095070152,0.6522860033817698,0.7328608756224817,0.6950526346392049,0.702171342538917,0.7758320025894457,0.6471238536830619,0.8587992106273838,0.6084787041504456,0.8619876911968781,0.8369536914516588,0.6952405186521164,0.7765490750467475,0.7890730857661853,0.652215962296409,0.7116383073854954,0.8647441509567789,0.6680910126660129,0.796883538384261,0.7101516443474651,0.7674877715188292,0.8393988677371583,0.6841589213282974,0.7835674833914373,0.7161235444771513,0.754099337435695,0.8585717605494931,0.6564160950812955,0.8794281235541668,0.708002889165111,0.8844223344735849,0.7260352570216095,0.7373098275597021,0.6751600982979002,0.8315625526646755,0.7824295139770238,0.9414763478904898,0.7921429366260935,0.7468211351338172,0.824090584510279,0.6600865757503857,0.6318863543910016,0.6381661433480011,0.6728911542766586,0.8457289651187992,0.7445138052695245
