0,1,2,3,4,5,6,7,8,9,10,11,12,13,14,15,16,17,18,19,20,21,22,23,24,25,26,27,28,29,30,31,32,33,34,35,36,37,38,39,40,41,42,43,44,45,46,47,48,49,50,51,52,53,54,55,56,57,58,59,60,61,62,63,64,65,66,67,68,69,70,71,72,73,74,75,76,77,78,79,80,81,82,83,84,85,86,87,88,89,90,91,92,93,94,95,96,97,98,99,100,101,102,103,104,105,106,107,108,109,110,111,112,113,114,115,116,117,118,119,120,121,122,123,124,125,126,127,128,129,130,131,132,133,134,135,136,137,138,139,140,141,142,143,144,145,146,147,148,149,150,151,152,153,154,155,156,157,158,159,160,161,162,163
0.0,0.3093378924212558,0.2541189075036449,0.2913843445414586,0.24613001096939507,0.2928127263103353,0.28118833162264095,0.2980150874168,0.3350971031656787,0.2823568755569654,0.3082976035003991,0.2622750299434301,0.42996135858590906,0.2812302746170246,0.31956718252602506,0.3095651822960067,0.3208527300814983,0.4473364825689404,0.28931011777395566,0.44026766361369235,0.29039343927328437,0.29206193259389945,0.2803810035545197,0.2768143175773476,0.3668920650527305,0.24920818138223144,0.2446734238979128,0.2927819210585223,0.2467131982575851,0.24784226044334504,0.3229842306057476,0.34260940694100855,0.30512734119085333,0.2707152640741952,0.3810254442832828,0.2725012865414204,0.36102997409797005,0.33035087038806876,0.23873082559509104,0.35699102954749984,0.27885627527007967,0.30304632542035115,0.3219956507281457,0.32407688127262474,0.3236816165503553,0.3870542451772002,0.25086627082559754,0.28194011438310623,0.3522452476306072,0.35911777195925254,0.33714786880218656,0.31464665836998834,0.2681909537658011,0.26973234745426516,0.2796587038926138,0.3070763229311057,0.42476185468584665,0.2909908966343447,0.31278322085502863,0.3450540837800601,0.285800181907421,0.25618264751044845,0.31162412129612543,0.24625006032825816,0.30731476695381643,0.34810523261469967,0.32212319135536877,0.30171485713602425,0.27563698970020173,0.3419829113743515,0.41002790829859476,0.3107450978683666,0.30615459424003855,0.33130021647535507,0.3209416281004904,0.315831487201441,0.25681793217397225,0.24236926292882638,0.30996875557738035,0.2336715352687975,0.2843876780719838,0.32980359690516015,0.2867982337655027,0.2999405880605537,0.3297042721580503,0.3655680249963388,0.31336571954171216,0.3232411177813097,0.32952737452806297,0.2890728469487953,0.3432446326169948,0.30497957579098883,0.3183481319555846,0.3482461196085631,0.32623769003090564,0.27853062386972116,0.22435257426657318,0.2876854047038985,0.24162804059406343,0.34333243769030636,0.27311474585948564,0.286919439865595,0.2687439662004947,0.2598782179994563,0.352092513496299,0.32989159382527977,0.2965025691965107,0.3193861302565761,0.33061851422721206,0.2886827661435833,0.2890609001510394,0.33551497777911105,0.3341174586633367,0.26071720572297885,0.338933985418295,0.3304979904459592,0.34394455490169196,0.2946640743074577,0.2656735470162591,0.250362324603583,0.30759292315956116,0.24826225278142233,0.3291438801235667,0.3572685546590981,0.2901399133871775,0.2810937540974572,0.2483949064163217,0.25193299821685683,0.2710104225571123,0.33492101458738105,0.2639362375333197,0.27593528755799196,0.2771933523944369,0.29706902955017717,0.28808014954270017,0.29899865207962373,0.3076101763459608,0.3323887545640037,0.3014967961772939,0.3433672008396195,0.2715155247026121,0.2922636222810526,0.3344765625369495,0.25794707546949425,0.3070943287198483,0.3129723514803884,0.2732192933912813,0.25751805062127997,0.3249402677100397,0.20096256610983873,0.39002167330596904,0.2891084595600076,0.30519354172708874,0.23746421351436922,0.32199810839782184,0.3784155480404989,0.3032657198795966,0.29304005440629644,0.32085172030412057,0.2953531821830927,0.24790714803088226,0.365838182479751,0.23411449974839446,0.39499359532799294
0.3093378924212558,0.0,0.3005990924070792,0.321509225282487,0.2127171354704638,0.3922422713935339,0.27111302837215606,0.38163728512522854,0.28533527082232424,0.35849727266690923,0.2842770327122388,0.32973818399126237,0.32154895220709784,0.29297455900961455,0.3137912632830082,0.28704128454292216,0.30321209603545163,0.2839542401340272,0.32055100969489736,0.3419866220309881,0.30435631681342795,0.37122950880555866,0.25225717226882677,0.28520597522466024,0.34741854514893505,0.21900197004827088,0.23435465165097674,0.28020266879007494,0.32193730120992026,0.22535402943618618,0.33863644018042677,0.3275416091789738,0.3891059498881044,0.2559742626849819,0.2983039165002815,0.30001863363627934,0.2824640834601186,0.30153992875175145,0.2977540098798836,0.3094445571452195,0.3310570895423917,0.3072769050307843,0.2394687986899218,0.2802027369117222,0.36675494614845505,0.2871484071728774,0.24214105435076905,0.24654512122792288,0.28764557249240463,0.30755705467397837,0.29850134450001753,0.28547089185528957,0.2982516670529971,0.36491513340366566,0.30830367874122355,0.32322012402441613,0.32322098861953674,0.28272508060669505,0.3103301142777056,0.3438505998750593,0.35554368593703484,0.22747224236020874,0.26245971712196225,0.23197626189411347,0.268139989675746,0.284886156744729,0.29387433594887,0.2592413942688743,0.2459555400362343,0.3137550107455804,0.3014830188700615,0.2779292562236646,0.2499387894081538,0.3315318827589267,0.35710630206935434,0.2531439328128813,0.25648226409712366,0.2650153516303841,0.2624652593770823,0.21387784145254574,0.2646189317019305,0.29779834402223926,0.33192843691701834,0.2771332675417368,0.28204571145244,0.40119838795932117,0.27228281312589786,0.2494559775699487,0.27217896060147506,0.3190059604728688,0.24744817521153117,0.30018679428061307,0.3067601943190993,0.3025093363475015,0.30459362433785364,0.35384053003105365,0.27002951019549554,0.30399678388860546,0.21804976382508298,0.31389749167216,0.2700388031503114,0.26501696359642357,0.21447461242174132,0.2883900468375525,0.2823494293892454,0.27662843460122516,0.289050382148637,0.33202849600718193,0.2985000029752757,0.342143515287637,0.2834153827887413,0.2556463943112226,0.29249923735906336,0.25002494927260305,0.29415871535471566,0.352423437600936,0.29429580381130255,0.24482444197710218,0.29615015125925576,0.23375229926699476,0.2649047003161028,0.2452791421121241,0.28962097604672804,0.3224075428728906,0.2578105471593625,0.3511775986480337,0.26773251650321905,0.30194823133052745,0.34644399484518784,0.2862290659053421,0.2987526506018445,0.29578563444703004,0.24820921710096208,0.3086498930858265,0.3147986385035266,0.2542657211575262,0.27250973408391244,0.2866666523335585,0.2999346048787679,0.2878935678437509,0.28388150251218675,0.31438270371301535,0.36410180260579483,0.2792180214135464,0.3012895841564354,0.25153078528566025,0.3152814991991172,0.2757469938430604,0.36468137223294267,0.22004618281399385,0.27364201770292285,0.3025582347847617,0.2732620692256296,0.28894234067364,0.3150671382316841,0.3336119709190208,0.2966034989545116,0.3078302594080959,0.27405590341538305,0.24738487638285456,0.2589694553187681,0.31033069900405713,0.23053167740128966,0.2769944844446841
0.2541189075036449,0.3005990924070792,0.0,0.26576684850692445,0.2518921246175216,0.32550753889802914,0.2407149115173709,0.29141654374371867,0.2259758788724316,0.3218225958013524,0.30103712972258617,0.28950395637252263,0.2989374189366666,0.21988927378901524,0.2585823218798899,0.35841958002295843,0.3292001857408469,0.2534392326357033,0.2415493825525536,0.2411334610178435,0.33370425749106775,0.3829168238235317,0.21619144409444857,0.27078376426026607,0.2713987083544178,0.25501791701371773,0.20642439055011916,0.24417027041668055,0.2548500333251316,0.23707634002918238,0.22901393514009516,0.2820610214168752,0.26065168253397303,0.2129184387176989,0.219821794418255,0.2465032316075983,0.25958432581749735,0.2496931986555036,0.24010809666613364,0.28118282668523154,0.2648164644811252,0.3057081231078272,0.24440386402306125,0.26480587574287967,0.2676939087113814,0.2502147776071654,0.2456173959411615,0.2733420274458751,0.24465788016624004,0.25752065242951877,0.27970623933582117,0.3039129586301379,0.1990705977827149,0.29378057519386647,0.26005254101855874,0.2377125092481879,0.2536828299708076,0.32039324928671764,0.24281827551505444,0.24362537801773404,0.25151685943602925,0.20475845881353977,0.2963405500474659,0.20693478369512366,0.21642835418687145,0.23769262076591746,0.23124617807947953,0.27706100368068115,0.24798373634679355,0.2809941488404586,0.28638706626616556,0.20138881322306942,0.23090856874912344,0.3551048844579107,0.29467303338818446,0.18324800207187034,0.2792314055728554,0.2630430212822129,0.21033254172246368,0.1962854920043155,0.262486244018694,0.2560225788418184,0.2853870556576949,0.2334128824291039,0.23512264601700228,0.2961412691965941,0.22138354378716354,0.198762695939981,0.21921013052058191,0.21415849006554516,0.27419928257418474,0.2157046074423712,0.2579114388898321,0.2040814014386848,0.24820811143506086,0.26134570363462833,0.20444317425065003,0.25644258622077937,0.18160808343462614,0.24828512198737013,0.18524012367284834,0.25728201932349787,0.1973045897821912,0.26827019383321793,0.22943873126150297,0.3008484000539764,0.26285528789073787,0.26642478001385034,0.25258280004567946,0.3051526388020842,0.2645983503927239,0.2157987896437919,0.2422400467541448,0.21486671991532283,0.21714773458721093,0.31468079459238824,0.21693604460291924,0.2664551821537164,0.31812195559985235,0.21492768137385973,0.2595574893572846,0.21152673880275563,0.21938617551460568,0.28617526158842405,0.18429223126640693,0.293224398114809,0.22739521949420477,0.26753926666223454,0.2922868180787132,0.23837682278602257,0.24122135486754842,0.39079496548589154,0.1889953486726839,0.21613811256250529,0.25078233938651406,0.2107811309824026,0.21471677732485034,0.22788473472444387,0.25275949800335523,0.23354897921861212,0.21011601105004957,0.2524577697973088,0.25013461106625223,0.24252737414321754,0.24368483951138922,0.2078189659487842,0.30540511637395384,0.2528270283748818,0.3016421667701266,0.20434521460096255,0.2123411924795989,0.20395727896329763,0.2422084002637718,0.29973751117345837,0.2922653910523409,0.2500128320359426,0.2662578640077504,0.3270119891666996,0.19099157891554805,0.22597623881954979,0.24036693339999043,0.20151706991574145,0.20886638296015816,0.2712467549791356
0.2913843445414586,0.321509225282487,0.26576684850692445,0.0,0.2348728944223335,0.2671157919767624,0.3089440320101725,0.3278280917231212,0.2616060935545242,0.29108731913517194,0.30029674735934303,0.28314876408896633,0.29952424197151745,0.2924059416551106,0.31846223591433886,0.27332654179431054,0.3302072502507321,0.3213164505847984,0.3028892759632508,0.3009281314210418,0.35295854425254675,0.2903348202411953,0.30087637771023074,0.268086545978809,0.3128505256976801,0.2759644409759102,0.28531329110093945,0.3058127253335341,0.25194321641092915,0.21382312594572664,0.2913977746421382,0.2917964595163681,0.3701418535924064,0.3021620623308024,0.2924123755042264,0.32850333434783896,0.29083871702492914,0.32133142622256694,0.31274794317593135,0.3859407874459776,0.31457551650966703,0.311543405701989,0.2724738041824736,0.2884668650172624,0.3293897007260713,0.3338532368384509,0.20319834251443278,0.2514334756545124,0.31820759931793763,0.32602389463849857,0.3987280973550443,0.30516383879034265,0.312220391995905,0.37962631504616484,0.31783016184209445,0.27157155981749737,0.38141897799007285,0.2980947480851972,0.3493648054632757,0.38258531858783645,0.37582048137496826,0.25730377977262864,0.3064753973370399,0.24586719287702397,0.3320792042083198,0.35108157397058065,0.395012077705154,0.23794368227604124,0.2780490666471227,0.3176897718375669,0.29914832955732656,0.2862371597828653,0.31397767681591254,0.4593876538941827,0.34152272524674315,0.24685156285725085,0.3745742557302446,0.2875294186689411,0.290286038379458,0.21012248591787014,0.2657105755748657,0.3903748424835601,0.2566051234402473,0.27378538520995066,0.3999647013172233,0.3187993673209082,0.3385033162976536,0.31672034055513143,0.29813986404595805,0.28254241077249503,0.3095543731154912,0.30872737364813885,0.28676079376285957,0.3024383558065696,0.3930242036637456,0.24748228821826684,0.2634615306797526,0.2940936144180291,0.25381444971466727,0.34573987047015176,0.27969400627027335,0.3588030941527779,0.30741120035498415,0.2462456673827181,0.32112315003550385,0.28578064201953257,0.35172842669314763,0.28915267306270687,0.31416500642867073,0.2824420803841551,0.3412697414315487,0.3295599743866804,0.36136665470589696,0.33976332295842065,0.30428453785629755,0.29261502231943554,0.31033871782450007,0.24539629553047865,0.2939673172516349,0.2805157180556969,0.29584117888097217,0.3205249155619778,0.29858410081142617,0.3125196396844295,0.25166660412285863,0.2640368728833733,0.3327835984622779,0.28317490145607455,0.3155222098722452,0.32872627802585286,0.24661546880037422,0.32666924243755757,0.3017418442856777,0.3302047986163869,0.320414135004863,0.2428450355334877,0.20174258885861454,0.31404104739612854,0.32400376925149854,0.32977987697254874,0.28557769966041413,0.29567431408881384,0.4358533407817496,0.33624106079939897,0.3029364300007387,0.27262187548075834,0.29125442473449314,0.2733342116228622,0.2684912015693856,0.21714782814321065,0.34423943794223594,0.30182088999235923,0.33925628886804693,0.25758333528847277,0.32887494800433625,0.33979022756299826,0.29330767280179193,0.28758047213145654,0.32082972630517376,0.2914112931815938,0.2857232716452078,0.28572701256934685,0.31451679386724213,0.3095570046959745
0.24613001096939507,0.2127171354704638,0.2518921246175216,0.2348728944223335,0.0,0.20873827795810965,0.28968911889532145,0.21090989129697793,0.22848159348012098,0.21644139950941277,0.2642972079803284,0.2274798599505738,0.2305661368169403,0.21671813334135429,0.26420426019419,0.2736362250649539,0.2514744346735196,0.2606281922821224,0.19796862722566608,0.2197878065230881,0.26507883857610726,0.264481480522289,0.2507610093414034,0.23987419060233892,0.22918020319272447,0.24262533964607294,0.22230626605011097,0.19321173329538496,0.20499423123412489,0.25574823242593253,0.23870092732085685,0.21996798709499388,0.23276265558314196,0.19817021054963116,0.25872138322373944,0.23830776794386938,0.25114516410574467,0.24513048080720998,0.24397636882535378,0.24826049245687165,0.23683932062346344,0.27920335336443813,0.26224278301003284,0.29176537100782474,0.21460581095726836,0.2264287348618564,0.2509763449898583,0.2709140224978576,0.2656375766750405,0.2560412754643832,0.25780559811590725,0.22501759365197763,0.1994986586004337,0.22280329247852118,0.23096399265622625,0.21061865744277186,0.22388667005707752,0.3000089584139557,0.22667117703946452,0.22384155697079597,0.18405058066208124,0.2004366507566327,0.22441874754793578,0.22587976163053589,0.22199052950454948,0.1906908565499706,0.21892550609429662,0.24608753254924756,0.22044442692416988,0.2486658152604953,0.2574806051829509,0.220991479220532,0.20151142992791882,0.2507934236147972,0.2107005843930314,0.18287638230768088,0.2483033591094823,0.3392671118972688,0.2029908530429416,0.1975547982884891,0.21959940692365795,0.24171098325109863,0.26577067035143337,0.1883359020158082,0.22500302218650062,0.2251468700786753,0.2251297928232971,0.22189540198583163,0.1985186890167281,0.20560361882137,0.3512829905676316,0.2476523324127547,0.2810552857367489,0.1814702996690825,0.23939903153730757,0.22271053759070808,0.16714123783373147,0.21157209283454906,0.2169843469075443,0.1981044539694487,0.20451768710213336,0.2262028855375589,0.2265692630722554,0.21219632401955935,0.21817669099437853,0.24687008521473686,0.20919580113519112,0.2387721603459705,0.26221680314193735,0.23147655595930117,0.24311701701238417,0.25894289499588086,0.20359796317174422,0.2410259829583131,0.2051034076078994,0.22936642257643364,0.19876942768309383,0.24394531502704556,0.21317613274316644,0.21518840796436506,0.3337744161371528,0.2108851828316031,0.20135614167596277,0.2736101935987934,0.21228695124798028,0.21724046719109238,0.2011030652844579,0.2563158979925561,0.2034729073883326,0.2379198922977339,0.20958395164791516,0.2455205048025734,0.1864813042295334,0.21892517746217485,0.2181408340767153,0.23267693373543277,0.20827261746832,0.27140873888954564,0.2404348432703581,0.27328809855007585,0.19421708885281264,0.24810797913947627,0.24117981543814687,0.23682853858295128,0.2628115704232039,0.22991998090947388,0.2736773600677018,0.2333685511975043,0.21883222060075608,0.18661475632178964,0.2157903396514933,0.20875943445120487,0.24957325632090496,0.25449648634632127,0.2582492079796959,0.24978701667202585,0.20554367862657238,0.2736693975894017,0.21217329092478682,0.21258188578908838,0.19833843155988534,0.20962232189457985,0.21894702737960955,0.29982377032535235
0.2928127263103353,0.3922422713935339,0.32550753889802914,0.2671157919767624,0.20873827795810965,0.0,0.23418813376315056,0.323333103786807,0.24817669434833184,0.27734100431669617,0.3030644888376603,0.30351925050941286,0.37281385645775045,0.22833570646956203,0.2787442363227243,0.33289811545752057,0.3281994437333569,0.23050201831511857,0.2718649592478747,0.30520394233145326,0.32789569460677576,0.33648839607811504,0.19863269784038107,0.26129783292426506,0.29497137684770924,0.22587366231954253,0.20178494068391753,0.2526109980695804,0.2630215724649432,0.2322834520873856,0.2771906098354601,0.3622758199914681,0.3220904156407296,0.2315720547772961,0.2458866457694417,0.24990318810911383,0.29478143321783395,0.25566460991454165,0.2696059653285026,0.26295068584419584,0.2799238075628072,0.3041253331090939,0.25466775195769215,0.29829155562130527,0.2795337180593147,0.26145651022566024,0.23937095622801974,0.2667206029982335,0.22741849871461126,0.29029769293870133,0.29494509297207117,0.3179064352364334,0.24025199912427506,0.30526744759304747,0.25709898268627795,0.30879572504851627,0.2942276211468456,0.33417628928278525,0.23513999624999668,0.27035321458167616,0.35826708923481115,0.24262180401046168,0.3125017257525978,0.19658577513001635,0.23745073650226226,0.26405177884782993,0.2643346664761112,0.2900777511991086,0.21547577563073708,0.27411540985295063,0.313051966456643,0.2180319849336534,0.2514354746464983,0.32159243107681257,0.35615866322547285,0.22656510859546142,0.2805275264317006,0.25156328626892077,0.23220018115315263,0.2681233246788096,0.33634640768571383,0.2622150893733102,0.3045971790700136,0.28511822033939976,0.2614064944332956,0.30565891660887146,0.2859185219142755,0.2214490617785514,0.26596971349737336,0.26406756871669773,0.25694683267876123,0.25814942010878045,0.29244306125356834,0.25998640007689466,0.24844500673625697,0.30162007958258025,0.25283871856680146,0.2767091430644218,0.1947757555795172,0.27822416395237987,0.22614702640374676,0.2554561433125649,0.19794395852051497,0.23059421586498252,0.26483705763908383,0.33022549368551224,0.3132198386104803,0.2843568563502253,0.2635833718502449,0.34473647244042055,0.27476903610261116,0.22306476464374428,0.3206831500362502,0.24305098023390634,0.248440914108606,0.33918885954663264,0.27231945414972664,0.22219891922900215,0.3432996000435521,0.21912589377605782,0.258950988834809,0.23445333462629955,0.28160326370601557,0.3213647291525409,0.2437597854823413,0.30604106313639506,0.2652467215885065,0.278245852590475,0.2842517750805941,0.2355810958766175,0.2761369142191768,0.40276951004641565,0.24231065024474302,0.2631624042892781,0.28307609028666647,0.24950782095164178,0.2767529044772996,0.2319925901975093,0.23505348591567826,0.2484433022796455,0.2456849951174398,0.30256207966759,0.2758582371745861,0.24999034247650426,0.28264859635278144,0.21878975689258134,0.321341686600748,0.2999323927836821,0.28672380317402246,0.21474630880858184,0.24413154181549465,0.24741120875190514,0.22740145154961125,0.2643419242203242,0.30291278719493026,0.290074512795345,0.2933771768719498,0.33582654497444747,0.22545684096387641,0.26162885139903824,0.23221031179036675,0.2706182766838736,0.2159062107408542,0.2782738448963587
0.28118833162264095,0.27111302837215606,0.2407149115173709,0.3089440320101725,0.28968911889532145,0.23418813376315056,0.0,0.24513377033274297,0.2462147300022105,0.2685579055355708,0.2889577431511901,0.30353169861772034,0.2932470542788663,0.255605316577274,0.36201583138061144,0.2628367142759748,0.2646250540158498,0.28792067988312725,0.25791291918915915,0.23733058084935707,0.28393254361482695,0.29720248557310175,0.36046554148938253,0.30308915342854026,0.2989084028967184,0.27041022390980396,0.26378951249294114,0.23421069292833607,0.25437218811689455,0.26922478709229286,0.2939160566208967,0.2946953854013496,0.31594749446066234,0.2799917009809901,0.254710937359089,0.2572664869814626,0.3461877688519876,0.2563735038702493,0.3002954925712189,0.35329882983665745,0.2835594815189135,0.2997916471296991,0.3062704796784158,0.3034552989963793,0.29514998317253005,0.29371223031659105,0.26575297843413026,0.26231181606974435,0.4230226920994534,0.26166913572145767,0.34686690432604633,0.2353560143887816,0.22240817480135622,0.2882031924559838,0.32664287214247767,0.2672109758387522,0.2737954760413545,0.2780672454773132,0.30379606935805853,0.26923013029702303,0.22300680041806142,0.23237663491607888,0.23082186795646498,0.24025529164092263,0.2477212884812446,0.22602706043953885,0.30297661486651334,0.3093852447378554,0.24254090082575547,0.265332911730222,0.31666173808977754,0.24600664902791225,0.21998025126414575,0.33236329345105436,0.21398759104284362,0.24666142194050583,0.3817162630132855,0.3321780315561452,0.2379355836745326,0.21378505233577733,0.2547499679348568,0.2878949925745293,0.3033010636251166,0.2034540653242479,0.25488765307875644,0.26738100233602774,0.2567130284449367,0.2815558563047262,0.26031854654040165,0.2603211502439991,0.323251358862692,0.33078998220507905,0.3157287387312992,0.24183959259709928,0.2797183558114594,0.29604408301460233,0.1961291712174284,0.26776020746645474,0.23537726984285967,0.2707466588230946,0.2623164260935892,0.30470978422379474,0.2716222803467884,0.25521516771635633,0.23535357974004467,0.2877602608264935,0.24400345144898944,0.2654343737033622,0.3452957271313707,0.29309987902421125,0.34890568687708823,0.2743338797237077,0.24474808266996578,0.2437147048416051,0.24139518683427946,0.2614150016263932,0.24562380034240855,0.30651439524364155,0.24400012090963882,0.22082053568328172,0.29039387558170227,0.23362263537761946,0.22880685213583116,0.36323442505473674,0.2254498847427643,0.29419021174628124,0.22749434843079322,0.3330938608131667,0.2325740455740516,0.29143113254954695,0.2227681827465732,0.2370809046728528,0.2257577911223795,0.2325786974247296,0.23881559368705696,0.2620421913636565,0.25124315177566175,0.31713834744298885,0.2851734674316521,0.3369974093052705,0.24799695851301756,0.27096034899990035,0.30425584710018533,0.2512987886677796,0.3108312122662909,0.3031210305360382,0.2966098590153861,0.30167517434523894,0.2531739685199676,0.18543763978739675,0.26714225752223214,0.26166714362824894,0.2687361368288187,0.3294109725887087,0.3255677126605069,0.327121843479296,0.2959884507943109,0.31978159912061016,0.27933240755665734,0.29779904598857504,0.24439994551794905,0.24321424665726646,0.2632326244938123,0.30400452361679625
0.2980150874168,0.38163728512522854,0.29141654374371867,0.3278280917231212,0.21090989129697793,0.323333103786807,0.24513377033274297,0.0,0.3253165287277556,0.3380378564614759,0.2645454553341894,0.30696706063173856,0.3374214362222273,0.2663348126282423,0.2933474012532079,0.31273883892103804,0.3223311447475502,0.29169682051565,0.2964969602446222,0.3352314915465586,0.31046409869830055,0.27361972282353825,0.2592267003610736,0.240191445822536,0.34682478424792423,0.23361355084617924,0.28045787897259417,0.30768573109564873,0.23510920591431297,0.24114494385982096,0.38695381949925445,0.32495916732248387,0.34356697116608576,0.2799738374067578,0.30129195211955956,0.32064595358779546,0.2880263872106671,0.34334951635224126,0.26589810056328084,0.3072244623708406,0.30440020357779146,0.2995806226373459,0.2657006328930434,0.2717173352174718,0.40962123641212306,0.31320394737572815,0.23710615319514539,0.23558924760473932,0.28189996574479326,0.3000717673371346,0.28931009086799314,0.2749561508693607,0.2584435381084622,0.2876926639890525,0.27680727422227275,0.30158802950454194,0.3044434372856365,0.35287654260136103,0.31929535760549765,0.31091366948797,0.37490482856828594,0.23513880416631014,0.28527330865538614,0.25503189684049227,0.2512824938427084,0.2793566228304649,0.3106698674226499,0.24639272111581295,0.29027416053110117,0.4147640949434176,0.28694076833483434,0.2821417915040581,0.2765192058234582,0.3452312098351847,0.3953111096557372,0.24832018172253112,0.28596987700294074,0.24909543451904387,0.3114466632434604,0.19887547254636168,0.26638808198304076,0.30053750391488104,0.2980908035194968,0.31930242818781174,0.3408835458566224,0.433860458184637,0.3521682497807527,0.2785510267735195,0.34537417361288436,0.2991144017957472,0.2658237168958352,0.3122595676750758,0.2766253941556504,0.25542917008511135,0.3240226126937023,0.3007876032780222,0.27351998728947613,0.36635919388020716,0.22393308423286826,0.35444337796134495,0.25125167932722076,0.33626214734597465,0.2603299588037013,0.32391649116771803,0.33717128154386034,0.32849247624773503,0.3203534159246704,0.36711123786489663,0.2923628099543787,0.2804685848629565,0.2575819310690867,0.2812152056586328,0.3231568671596401,0.3117599615401663,0.287506861644118,0.33120236880238924,0.3339678412801322,0.24282933405394447,0.27366062513212724,0.26574991575494744,0.26241246934715917,0.3341219675209445,0.26819972346632803,0.2944703358902676,0.24723163958474248,0.28643643816454667,0.2687262338665192,0.30726369703540735,0.33434107680732594,0.28667503886482404,0.35883538266591597,0.31744084262347294,0.2789760759143421,0.27104898564161617,0.2893874599103867,0.22600534385674184,0.25419541010485097,0.2769213173636229,0.3236431931566394,0.31602446614946844,0.2821260168059909,0.27928138676285064,0.3454444163232571,0.30041695379763883,0.29686383689759915,0.28158334230461673,0.3119970170678481,0.28361532573566356,0.35648076256203304,0.23013542885408997,0.3195595289095656,0.30632016639203413,0.2671550196952696,0.2811393209011905,0.38983548561179765,0.3433243252555142,0.26647039518043397,0.32884908656335315,0.2533069396343887,0.25101081721568325,0.2644633452954836,0.3019351125025754,0.273830838338041,0.263970858026531
0.3350971031656787,0.28533527082232424,0.2259758788724316,0.2616060935545242,0.22848159348012098,0.24817669434833184,0.2462147300022105,0.3253165287277556,0.0,0.2508687853801302,0.2334870534651275,0.2452011267443579,0.2521113807279017,0.3032999481001143,0.26262525829832345,0.24787182039349906,0.2434148564554103,0.30533247764330634,0.23440916581994423,0.30352599266657787,0.24152422498034182,0.2914213685919188,0.2311982359256897,0.21543771413215268,0.2783119077235239,0.21987808157093502,0.2592916079723919,0.25389680061075454,0.21395988031151467,0.27083625337236755,0.35891182160098123,0.25551694627819865,0.27674556277718676,0.22494862292917917,0.33111776711357943,0.2549437514227105,0.25098995432728527,0.3349556075814403,0.23097928763331615,0.25233739083768564,0.2426645252318235,0.32029539253158185,0.23411346179288606,0.2620631915086945,0.2869198884831829,0.25191318494859516,0.21921490996913112,0.21302774979245043,0.25618548752714493,0.2676380431124761,0.24906976371217412,0.24094092794550712,0.25123175686295995,0.2400546825175521,0.2362252705380966,0.3364795246230533,0.27297455195751946,0.27415667179359055,0.26522307428822134,0.24348742706809973,0.23916439392064118,0.24223513366405713,0.24262466633872412,0.25574994018043584,0.26859439174101785,0.24444323284819724,0.2936704904980834,0.25112445104771686,0.2500926923309827,0.32528996551528794,0.31327574386685053,0.2889195856089827,0.3003232528152836,0.24834067745480481,0.2882544860146583,0.24365638350773322,0.2184150881056253,0.21357655126507163,0.2686756702737744,0.19812779886653237,0.24037736688730232,0.3607715147016299,0.30140218483589887,0.24642878791561626,0.29901571330223903,0.34576933092446316,0.2928382566533334,0.29594230599395893,0.27053544350386916,0.35041203030322415,0.29960675013750254,0.3617951242339337,0.24807573867227065,0.23695374822554868,0.34595909507769124,0.2941230774945213,0.2573502473001878,0.30099314259198134,0.28605718040823397,0.2680039486431989,0.2681812719791974,0.23463187881037129,0.27424004331120583,0.2608898933129568,0.32905374741082327,0.2556715784259616,0.21751620549698633,0.29101613143345484,0.2375685070304547,0.21736645781788838,0.21674826476092776,0.30716609985520554,0.28843257802738376,0.32397005590922934,0.258388820673579,0.28557582291210243,0.2790527164690755,0.22969058643300558,0.20827108406786324,0.3012850485719188,0.2826889871292763,0.28877060864599163,0.25764997435140063,0.2738304368408654,0.3575821974766861,0.23146868596247488,0.25764385495251657,0.2405951916176444,0.23540645262889903,0.27713777792039584,0.3828979580247775,0.27045874666290165,0.2696037992173037,0.3469206893212388,0.24300379501061828,0.2473723532638324,0.2386537431383105,0.2684661840554345,0.27665005507838825,0.2976037358190455,0.2672314229429699,0.26938949159805853,0.3228828717810979,0.30574702674056525,0.2615915661725419,0.28954494494142136,0.3386983553674023,0.227050683972039,0.2855965817465686,0.21014408886612893,0.330947677849981,0.27340150607979435,0.2477782799082948,0.2444908829954058,0.2821565532761695,0.32789518392935657,0.23031012660227723,0.2673110681264352,0.3046804968150965,0.24537422329630093,0.21771725682015136,0.33357880080563024,0.29529542601243586,0.29799131224035696
0.2823568755569654,0.35849727266690923,0.3218225958013524,0.29108731913517194,0.21644139950941277,0.27734100431669617,0.2685579055355708,0.3380378564614759,0.2508687853801302,0.0,0.24548694168051288,0.2608226454602654,0.31410214547993504,0.268516655475528,0.26943057718002733,0.28735218293261955,0.2793985335035247,0.3145269763319047,0.2546066006234641,0.2626395080802803,0.2552607173087309,0.2696185714961226,0.2931085614164774,0.22602273565314496,0.3985295810762645,0.22148006772219805,0.260205287892078,0.2618082345667305,0.329482612652057,0.22995553724806425,0.31112955120394714,0.3139380120395596,0.26123561888968616,0.23995051289101946,0.2648324505452021,0.2522847473628469,0.3005439567354859,0.27765423645122383,0.2215964169096375,0.28515857401920425,0.2327383057177508,0.28331083412421165,0.2581196705659083,0.24342105749256937,0.3084228585104193,0.269579828647231,0.2318250211259164,0.24055390624525919,0.3209934593830176,0.23490995202337336,0.25893870339110975,0.2278824196664971,0.22112040318760245,0.2705952954971921,0.29045909019956984,0.2931608506450699,0.2523417919143377,0.25358014760765046,0.30506709955891137,0.263268716213099,0.2903330686354223,0.21899879506586492,0.22361713408029404,0.2244451715497091,0.2310123488865302,0.2453492813376241,0.2646257783033214,0.2655358127009561,0.28653862882205533,0.3511842725006113,0.25523940042415505,0.27954698233251385,0.21993662571017725,0.3083244868255763,0.2814815682090948,0.25355024346864163,0.25214368635891155,0.2725007253430403,0.2376476097802614,0.21362404628798282,0.2594933908156293,0.2525349046417987,0.30942638523202276,0.27688310652136855,0.261569399333751,0.30486651538606235,0.28058407461744955,0.27364180902958307,0.31188068562439586,0.24305514174580028,0.24468240809127323,0.259711625484798,0.27134839297070074,0.2198584413583757,0.27527998536772824,0.3199340863009627,0.1987202893160234,0.2888372918171264,0.2174269498745243,0.29385033435390584,0.2512067006564534,0.2850727282377883,0.2377675010525345,0.3500833391826951,0.24633374587065585,0.2672039707011258,0.26011811214424446,0.35766141560392684,0.27387578894180914,0.2755620760999886,0.2391067392190108,0.23773959085775456,0.27286628125263396,0.2798710640662084,0.244450641422113,0.2772794766523357,0.28253606952850124,0.31482390701846497,0.2642824840923733,0.2512850159949751,0.22784463425019844,0.2567897034045746,0.22633878402477475,0.28716930237182015,0.22293624517267574,0.33735323612904633,0.23481550473726057,0.2575614336160242,0.31407556918419666,0.287289853310459,0.31906393761539126,0.2555359607544829,0.251409274403365,0.21571028443487456,0.2454701689222168,0.21999368890979842,0.24930496844077818,0.2689344993944792,0.310032678953328,0.289598456906915,0.27491232358469303,0.2894797517787096,0.2910443891583868,0.23352832356657635,0.2766099510492556,0.2652109911337897,0.2297619200821088,0.3089994400602228,0.43262458596546566,0.2093314660697283,0.23785352232654872,0.29941519832696417,0.22989547412673042,0.2840020030332633,0.30843284164598794,0.3086620091669954,0.23930539021274597,0.31879263013786474,0.25727187992395806,0.2708036671297385,0.31963286975130895,0.28766108476900576,0.2612948673668833,0.23621333820305118
0.3082976035003991,0.2842770327122388,0.30103712972258617,0.30029674735934303,0.2642972079803284,0.3030644888376603,0.2889577431511901,0.2645454553341894,0.2334870534651275,0.24548694168051288,0.0,0.3393316460227603,0.32733098842823277,0.23833906973830585,0.2707416304341171,0.3703606256338504,0.3453220957862685,0.2805302790401075,0.2795486827746439,0.2820940581054081,0.3303106774855078,0.3513070803970526,0.2542575999469398,0.30404752000893376,0.31631655114543084,0.2723286806412307,0.25025204099508713,0.2795649308051818,0.2885863866219565,0.25951500666981303,0.25247780098055633,0.31151074763097986,0.2773798473655039,0.24334679613495225,0.2683736152467593,0.27816416594200405,0.3410458634169851,0.2826617972428544,0.3288064875507379,0.31321676145072086,0.2716261655967055,0.30648992563940325,0.2772177738451484,0.3512587775464153,0.2732767286896687,0.2583973709567869,0.19984544732906545,0.3569701601913598,0.3127019624913119,0.2608363613616915,0.31869780841821976,0.260275880522157,0.2134232233069538,0.32782929792525317,0.3375495345390047,0.2244539517032391,0.30859522361473357,0.374273400147369,0.2726769929622287,0.26919657966430016,0.29049466273936647,0.1939593708902862,0.2877109608554407,0.22829946824871727,0.21320265401865396,0.2420984615936189,0.2894459001679272,0.2566789842046564,0.258781134401007,0.2877938303365254,0.29285876409750145,0.2235809681837487,0.26398941567487155,0.3403362878371223,0.2944297481015847,0.22509875045498504,0.3666143933692359,0.2803368500560134,0.22771488984870905,0.21991889643108978,0.26627706161241144,0.23780561364044972,0.2713554351926598,0.24976604853831,0.25728323723359664,0.2687352981834137,0.2876406961615296,0.22960312378422226,0.22646892191988915,0.24470339097768037,0.3447371787120895,0.22159030458497322,0.33929734843135895,0.2599334020804127,0.2628389649672311,0.2798611368720268,0.2013444852642087,0.22804045020368557,0.19873099859098545,0.23657033155738283,0.2537879805245258,0.3015930697093079,0.22567849596271,0.22612095510374916,0.2472772336621039,0.2539232533000144,0.25138042970814933,0.2784974542479322,0.26042645641956563,0.35102018766892445,0.3792872582315461,0.25729238358294226,0.26393152387218877,0.25983900346650285,0.24453433045521986,0.28549091219201483,0.24357695586894892,0.2899716479213802,0.31576256797754526,0.2195699729462299,0.3020449671262164,0.21378283924138922,0.2612886812633618,0.3271137115398569,0.2245067504761484,0.31786724325069154,0.20308955514874344,0.2997468456214977,0.2759641469795057,0.2445457543471362,0.21832996607533736,0.3139810461337188,0.2603069415234644,0.2582079572053017,0.32851226459027233,0.24182419100777677,0.25722299820708633,0.2532323638497636,0.29087562847372084,0.2836896069358909,0.252478935968326,0.2936812840018412,0.24491749122106066,0.2587445055099933,0.3556775868836697,0.2242588887644332,0.2696639851997635,0.253000530093508,0.2611853849575613,0.2231602838654786,0.31262232463657985,0.23975600972327757,0.34066666293992565,0.2593013838825578,0.297367119541752,0.302196383418603,0.3083918173149001,0.2992296336902041,0.2617726336365898,0.2547313924075839,0.21675119196465978,0.25888908762855123,0.2108993602071047,0.4053953350812469
0.2622750299434301,0.32973818399126237,0.28950395637252263,0.28314876408896633,0.2274798599505738,0.30351925050941286,0.30353169861772034,0.30696706063173856,0.2452011267443579,0.2608226454602654,0.3393316460227603,0.0,0.2625420484296485,0.19084457144629124,0.2769458270929958,0.3036033389546631,0.304843592774319,0.23238884372712298,0.32425112048122495,0.27041526091546325,0.34277663960314003,0.3026532265338233,0.2584647722864581,0.30453855342681474,0.3189739618241467,0.2414303072459792,0.24106143361187982,0.23879709753042505,0.2543243505321153,0.27900358526297075,0.2923163707480562,0.2956491243622336,0.28940354732331086,0.27759419510986977,0.22859976637954352,0.27121295261995104,0.29749368551536165,0.2605520128849967,0.39020783380964363,0.2954971997146068,0.2942749566124035,0.29222662766337315,0.2742483380058977,0.28933296299554345,0.28823714421439384,0.27913210228692553,0.2461251771620684,0.27723353994290817,0.2846050841504927,0.27205388494613486,0.3282839951346501,0.2709470810524666,0.21666919812702568,0.317876360018328,0.3376848081662386,0.24288243775893925,0.3208312408329776,0.3656772433272242,0.23306870127664814,0.27569297422891886,0.2473455946466293,0.19846390960460575,0.2673055378079812,0.21668380525946354,0.22099021667924182,0.23987365985930512,0.24034548993040636,0.22858761789347593,0.21146514194349292,0.248222981582165,0.2636731460907792,0.20817661442399452,0.21806300963697794,0.30626907498165556,0.2706893828889897,0.21335440739022896,0.304343573949192,0.2861900122261351,0.2391840627554524,0.1982067202224095,0.23730452982140388,0.2640846782901877,0.28759207862831115,0.20983722738135477,0.2694937316962221,0.2971927962712892,0.24338882680202112,0.22591257719920899,0.25608190588135143,0.2661132397252102,0.2784341712321265,0.2549373791942353,0.30231027335525695,0.25854830656968236,0.23768239600465293,0.318667037411926,0.2115397768307061,0.2673784018230549,0.19415539775888493,0.24451796391872646,0.21590875726654904,0.28965163327107973,0.2321129392495066,0.28724721362309436,0.2356475963265953,0.2824389762929582,0.2884280331235549,0.2664857843797678,0.2710161184470075,0.3610907166755752,0.38807096907448946,0.2677475067239745,0.22689533799423067,0.24627033250040847,0.23526072662677067,0.2994726259759513,0.2479809566760944,0.2996949701677773,0.28589530448801315,0.19849817614830279,0.25956012524646377,0.22053022305010025,0.23858157808112468,0.3087092718365357,0.19477106411915449,0.34110412998608963,0.2140015179486522,0.3412523518551413,0.28781474601167367,0.22916947367767465,0.2324128160394485,0.2797449856653442,0.2126480711997054,0.2529623522112465,0.28253064564476743,0.2085448572040145,0.28290652108663555,0.2518398283797991,0.26136605956366005,0.30046776939174785,0.20676425717654806,0.25258222902726396,0.2814474202776176,0.25710345047210476,0.30433728584223263,0.269417548066126,0.3626772289740059,0.26042177703116237,0.3025787641448872,0.21763550722468464,0.2799520344425833,0.242768780939022,0.2911946688805818,0.28924111279893916,0.3529674230441505,0.2611074383536897,0.2728929101599848,0.3081445028296994,0.21069979052873383,0.23672421158227028,0.19255407509221212,0.22743773366661865,0.21585706026229903,0.30006423777923436
