0,1,2,3,4,5,6,7,8,9,10,11,12,13,14,15,16,17,18,19,20,21,22,23,24,25,26,27,28,29,30,31,32,33,34,35,36,37,38,39,40,41,42,43,44,45,46,47,48,49,50,51,52,53,54,55,56,57,58,59,60,61,62,63,64,65,66,67,68,69,70,71,72,73,74,75,76,77,78,79,80,81,82,83,84,85,86,87,88,89,90,91,92,93,94,95,96,97,98,99,100,101,102,103,104,105,106,107,108,109,110,111,112,113,114,115,116,117,118,119,120,121,122,123,124,125,126,127,128,129,130,131,132,133,134,135,136,137,138,139,140,141,142,143,144,145,146,147,148,149,150,151,152,153,154,155,156,157,158,159,160,161,162,163
0.0,0.8762912296932025,0.7387274026194691,0.7652802259108628,0.8394715984512524,0.7419557702106343,0.8597187911356706,0.7681683010473482,0.9196091717858789,0.715677876571593,0.8590599460486885,0.8476311779801364,0.8104457437664997,0.8221490721510245,0.9273496934974701,0.7963745109037697,0.7895666127986853,0.9486619128455184,0.8973162986073777,0.976909877133848,0.8811481669040682,0.895081056569806,0.7942643562781613,0.8762934024636267,0.8968755488014745,0.7514428619451728,0.7274952883002272,0.7443987355352706,0.7831271701915605,0.8583433495973531,0.9389990347769448,0.8344994752103729,0.856906464452435,0.770449449211408,0.9189387410866295,0.8456789108690805,0.9059954992915448,0.9112972064520717,0.8820932810992246,0.7907329047331626,0.8680107479640284,0.7700865175788033,0.9280248953778639,0.9084838049397713,0.8698220566752356,0.8809208629423767,0.8396334888331544,0.8828902518702818,0.9044883217817773,0.9401224744207269,0.9300565875332044,0.853521311370531,0.8538686195544346,0.8748005803388242,0.8620693527972252,0.7430027865335629,0.9635345024155495,0.8051803470522744,0.8986414800579239,0.8890868755499634,0.7520342294877383,0.7505159937771707,0.8456591301966283,0.794219626366814,0.9141189723159937,0.8579205298851554,0.7965626014497049,0.8955407584476778,0.8696832651414325,0.8329648673201355,0.9412872623855212,0.8979688254151722,0.8251609297216436,0.8309280215252237,0.7925819291279728,0.8830770776029765,0.7407312400995755,0.7743105474561398,0.8825179920890955,0.6892191464000674,0.7212938885400821,0.9298425544617162,0.8906735059295603,0.7556154050924874,0.882036102824467,0.9007378918712765,0.7699758792045295,0.9434900689718694,0.7844808778019196,0.8090347507944345,0.913294225330316,0.8982028463875362,0.9246339196428764,0.9135918109099916,0.916424238578524,0.8845880634388552,0.8243918543724263,0.7785785638369618,0.7629708549873421,0.7707925897222029,0.8744372790068972,0.739577959528163,0.8667608419423188,0.8578492741714167,0.9042853554199146,0.8058522594002282,0.7397126077355916,0.7260089328511227,0.855466651655559,0.8496016608357939,0.8556614403637695,0.86793528946506,0.8001672752454085,0.7132083895806375,0.8777510739493701,0.7791297762646258,0.8169213872521166,0.9000109387629722,0.691997933796956,0.6963745293552711,0.8880863929251636,0.7169879037447714,0.8579616057980014,0.9159757223220754,0.8553068821548776,0.8664926859315758,0.6877413511014526,0.8259884719151863,0.7601042894372411,0.8897379491063343,0.7368457625785607,0.7327276415090844,0.7935939168143585,0.867035409592585,0.8936478196217855,0.8918349122424221,0.9515203868417029,0.8854257848533164,0.827514664929844,0.9480996395514311,0.8696707613659381,0.825415203301557,0.934098258203787,0.8242564075476989,0.8822945583228478,0.9095137825994156,0.8967081079991196,0.7357524140413947,0.8818167766770015,0.5697264901011811,0.9284695594584699,0.882214643254389,0.9085778152481268,0.7641296029801362,0.8585684536612137,0.9220949090261691,0.8459325758954995,0.7345782683598688,0.8545639592494917,0.7582307188740257,0.6753568425443186,0.9320362210731493,0.9309212919981174,0.9222541384120377
0.8762912296932025,0.0,0.8360816969502365,0.8286200922584818,0.782797288555932,0.7811676534981442,0.8768920452007775,0.7826133077571158,0.8120207712181968,0.8602705296716132,0.8442198685053981,0.8573072719090045,0.8645652364662102,0.8888564735709925,0.8733020658857131,0.8250313265921427,0.8508137815181092,0.8822153371662967,0.8141824484118738,0.8840581566183037,0.8595659720166149,0.9051929918893223,0.8309754551956895,0.899262814973006,0.8866546778057465,0.7709449832771461,0.8129685878127524,0.7858630296577015,0.9162866685454496,0.7963792645401861,0.8419798552726239,0.8164414619519401,0.9186573176950155,0.7891554659103676,0.8440668396050588,0.8519498338348241,0.8614448628263286,0.8642247359959963,0.8213865422882493,0.8860223386621551,0.9093773576056049,0.788626153557124,0.7891582324679928,0.831047128943145,0.9020136301767928,0.8786116836477086,0.8495768229430875,0.8198678177109351,0.8707531098242003,0.8487318894488376,0.8513133973096834,0.8500230544855192,0.8295038948736897,0.9034033361802543,0.8502652849600187,0.8195813926919729,0.8587823472996367,0.782046843341286,0.8957525375562849,0.9116955680379109,0.7783747966056551,0.7298977326262045,0.7620533148550784,0.7941589289357955,0.7751421927362081,0.7760874326954091,0.849247504865972,0.8417585953113449,0.8409081566020739,0.7757946787410936,0.8388850033797076,0.8451215339305187,0.7677541999646433,0.8614565721401886,0.8192253926743387,0.8143515252394736,0.746230201787454,0.8415027216998571,0.8233979980513122,0.6852202291744282,0.73503096315962,0.8068471053884614,0.9102058652285169,0.7953853588767197,0.7899377361085792,0.933936319046362,0.6863827407625571,0.8135745926256995,0.8041421138568223,0.865503782956177,0.8368498111557026,0.8544164806801395,0.879840983705339,0.8330980689094145,0.8788445916189912,0.9064445427494149,0.7582342349663074,0.8535986653294471,0.7127153072369381,0.8543906069231515,0.8466453163898072,0.680566719818366,0.7441744180753994,0.8777671883353133,0.8046502047525468,0.8410336383281346,0.7580701831268868,0.8399552872262546,0.9222717043354403,0.9129290628832828,0.8204082550856454,0.7641759408789048,0.7997374725820927,0.7338506202684032,0.8547301212976381,0.8724387029799355,0.8006284093868197,0.8168638823488908,0.7898897006557487,0.7585846274074912,0.8189355313499492,0.6821125779561051,0.8297485449738768,0.8966840397505774,0.7459073936343692,0.920218161058872,0.733569844236473,0.8596698592352322,0.8888587173219262,0.8751900127853743,0.799493480974519,0.7257842228330739,0.7619161116256591,0.7966162255472066,0.825214633610446,0.7891349438826619,0.9115134364637604,0.8741052485539709,0.8836365127181719,0.8379947042091143,0.8571727773565565,0.8324335344449705,0.9394184749354129,0.7749041536448056,0.8579787774787812,0.8251030744979834,0.8393822545717784,0.8131646625615169,0.9188406849422427,0.6379211278465149,0.7831717325205109,0.8472873234236312,0.8640113073394958,0.9079879037068284,0.8887858250298001,0.8522347191161048,0.8640475490658303,0.8092386347829069,0.8614211176190677,0.7255751815566494,0.7567258190947371,0.8278202762288499,0.9145630054000498,0.8278228842498851
0.7387274026194691,0.8360816969502365,0.0,0.8036941619852037,0.7362970141507622,0.8483288778545585,0.736188969144647,0.8297868452853938,0.6840286849058278,0.8562164503548029,0.8229569621607543,0.8002159097419497,0.8772111724350558,0.7178501554369994,0.7514967974393088,0.8953059182571773,0.8655008054077092,0.7664545238235303,0.7197669254538145,0.7254799206286247,0.8736773713115875,0.8561209980757849,0.704207629866774,0.7997036448943037,0.8051418952407596,0.8195898912818969,0.7424056707997492,0.7323578979690033,0.812580297750614,0.7514326224722999,0.6996637785298434,0.7780978722724636,0.8279375811647824,0.6862719800038939,0.6594277898178768,0.7336183235565052,0.8182283432899804,0.7708414959818346,0.7292625077121003,0.8008520199953925,0.7983070489184118,0.7825339572648269,0.7558785356331895,0.7322389328714883,0.8206490006320597,0.8134330201341968,0.7883015580140087,0.7898236062496465,0.7222464959411143,0.7345117013450314,0.7924802400958569,0.8434952966083324,0.6921020058814537,0.8430538385552391,0.765979677150587,0.7479522297008973,0.7474983746320655,0.85360811695447,0.7263512038915085,0.7620123718253329,0.8186883454943715,0.687922042909055,0.8061798862767101,0.6407255715756494,0.6542462092470271,0.7380850148800223,0.7795639919503774,0.8524471855845334,0.8276776677952098,0.8149101118444674,0.782506367721836,0.6573620317313777,0.689160113695466,0.8845937933351545,0.8416621663339039,0.6609538212160235,0.7951200998103294,0.8265636174600652,0.7808523077208092,0.6821795032294514,0.7900500638543618,0.7066264238453058,0.8651040823964673,0.8097923480054566,0.7111907279801005,0.8450114520936824,0.7153056480454245,0.6837432641474223,0.7338855881682351,0.7681972487533416,0.789786551541113,0.6644933123431221,0.7557592481809683,0.6916942725540872,0.7340447887138573,0.8264510132482945,0.7090114644642435,0.7519523086517051,0.5677124824420733,0.7706062262266431,0.6708695348638933,0.7495157358770018,0.6637501969253008,0.795452607557394,0.6985096036050629,0.8821178732043126,0.8157407619931214,0.8301813902131029,0.8221801994079256,0.8487379698474123,0.7467882499607665,0.6563227424190826,0.7937331348775779,0.7237625693284956,0.7586632357367354,0.8496675974662101,0.6806449237241747,0.7159032747100886,0.8898716976329568,0.6708104372285073,0.7032061898842191,0.7369567595712825,0.6936286551233914,0.8236415754545926,0.5882442943350421,0.8668342471613765,0.6981936220913696,0.8330390873883405,0.8388834639107966,0.7623110735605284,0.7491718167627139,0.8731833134512424,0.706660832284333,0.6582562237496897,0.7341692014589062,0.663753150412794,0.7826014092591629,0.7200508933051737,0.7897303055187874,0.7368221900652607,0.7614086601970171,0.7374481544576575,0.7483889525438239,0.6918579618315918,0.7677055437864337,0.7047098088759827,0.7694241899681816,0.8438806215378544,0.8295411147181975,0.6113834563460889,0.6704360407382435,0.6968812407320836,0.7531776709585802,0.8879809337181112,0.8979809564339205,0.7867033843217958,0.7884832100183738,0.8963986514079677,0.6864369733524917,0.6833505991190313,0.7519294850865623,0.6394184185015506,0.7939178323495572,0.7275641314400573
0.7652802259108628,0.8286200922584818,0.8036941619852037,0.0,0.7086794348644717,0.7109204698916401,0.8329226512804515,0.8257081176571107,0.6859792180704736,0.7757309152922469,0.8848238657298674,0.7892946331762171,0.8810764613707293,0.8138164548952667,0.8062981025829232,0.8254970770912746,0.8299681855288172,0.8120360244318124,0.7464230292979281,0.7526044448381746,0.8029406736416487,0.8326676917563942,0.8333128468999986,0.8462751512880697,0.7951699805150995,0.8657842634583114,0.9033624082334074,0.8431598120237849,0.8142983749414682,0.7047987679153402,0.7377029088562392,0.7526794079431183,0.9164497959889765,0.793592596922296,0.7252800044575719,0.7805886460834531,0.8523354491235401,0.8003320485676646,0.7893629215476873,0.915409656005258,0.8254879113863287,0.6758312143745302,0.7436275947110939,0.7458648652656535,0.896374091251692,0.8377639742943215,0.660945714656695,0.7786496625547172,0.8246683175081059,0.7537405968171159,0.8390199966832683,0.7724748532077383,0.702803222224159,0.8999353359161536,0.8555256747230977,0.6473898995252295,0.7933824761518524,0.7835211135136992,0.8090189801658177,0.8514989510893824,0.8724270681210899,0.6604255977206555,0.7421493826506723,0.6756161160384929,0.6690317706652062,0.7416537665430558,0.9458574771716968,0.772739222267666,0.8205655028906776,0.8323340333669604,0.7635572359969236,0.7366854394265074,0.7660201230890478,0.9325163204607106,0.7935264925601719,0.6970703596711461,0.887834124415813,0.8135014971341534,0.8096023334364724,0.6379408879891233,0.6375399785824035,0.7382300588333016,0.7822802134167931,0.7937264002134461,0.758293154214027,0.8309519114320525,0.7364859316771437,0.7630296661404733,0.7691130987225058,0.7878235987328941,0.8119512754988941,0.7013247327509752,0.7958688328340724,0.7522698173423642,0.826989797006394,0.7845735977776235,0.7021350230441743,0.6875373778770628,0.6011164275444003,0.8644950950801741,0.7799519182801706,0.7782464702923019,0.7595524310291111,0.7385968936348735,0.7374917135998004,0.8052103801074554,0.7843657858733454,0.7731350836379929,0.8466399275874515,0.7974958108108201,0.8129904569092078,0.7191270988272751,0.8104976615066196,0.8073447264061688,0.8135232228118853,0.8508597650816102,0.6680222788197492,0.7428122807315966,0.7858893979267518,0.7180871028638739,0.7352850015385735,0.7770620091603491,0.6893514409173174,0.8350533619656547,0.6223672237522033,0.8714548749613714,0.7011048823044963,0.8529437122897611,0.8139491643342313,0.8074496643170385,0.6467178457543052,0.7069575339027016,0.8547279320339617,0.7232997388689345,0.7695769601809372,0.6585105275936365,0.739225410772824,0.8079144324286853,0.8936573707908673,0.7801460595565661,0.8245892624869449,0.7099586768230042,0.8299091005013047,0.7117267920862138,0.7939604158303906,0.7299788496864552,0.7228681320220562,0.77342662499383,0.7375750129230876,0.5691957717848989,0.7651513916893165,0.7036001967135112,0.8336092654041735,0.8145486984825852,0.8387808171003842,0.8362138777264615,0.9055754445253464,0.8088803636694917,0.8479788317769452,0.7749297133555754,0.6920640711796615,0.6731930718145729,0.7424559007968741,0.7840942702322117
0.8394715984512524,0.782797288555932,0.7362970141507622,0.7086794348644717,0.0,0.6416753227962899,0.8700958389028458,0.6394612249424961,0.804019429516641,0.635524363268388,0.8575563801918625,0.8351133414806372,0.6851729333589944,0.724883365250687,0.8826912887574365,0.7485855420001984,0.714097900248835,0.7972139725681119,0.7639698024703424,0.8160726087848529,0.8694164691334756,0.8954758952646485,0.7538669068036706,0.8902062724833113,0.7736321320777564,0.7875742766916604,0.6701527046444384,0.6123256491814411,0.7743919168553013,0.8052654363259631,0.8321197113143338,0.6925367000670241,0.7844566765091363,0.6748096364078007,0.8435940042194904,0.8153520402615388,0.8269972874374112,0.8253925123278376,0.8888056510933766,0.7616714107979945,0.843292294515569,0.7651469995077489,0.8474829121710691,0.933957711325562,0.7472869282090694,0.7217498577762991,0.8056681577687763,0.9087855123479923,0.8456865795864941,0.8563569784327851,0.8405009539694751,0.7812044026111795,0.6977757148790903,0.829543050339517,0.8188312543025589,0.6640161015104441,0.8212142960901253,0.7850427117708977,0.7737547029985724,0.7527918652479008,0.6178749591290023,0.6430607667807139,0.7287080654341936,0.786572636141366,0.7993354350995094,0.665792341382742,0.7114506802217168,0.8388080624559082,0.7573537257058084,0.7011419803499989,0.8620630708400031,0.7986269019327675,0.6946221118753633,0.7425523319600629,0.6395778562619253,0.6771683510825368,0.7032947013767837,0.8604685875156091,0.7251317633713964,0.6496278936710369,0.6258016488979449,0.8465448329273731,0.8429517794083663,0.6214220196361281,0.7586063640873867,0.7879907667756331,0.6579886163092373,0.7788667448594762,0.6011774080161957,0.7508397669433704,0.9294054518618874,0.8065524673260268,0.8741156694862875,0.7264756682504633,0.8391949330936084,0.8513400451209625,0.6788225465756652,0.6813045328155276,0.7559667744772288,0.6223191572710383,0.8002361726237364,0.6537843328557937,0.7932928434286829,0.7867515948832938,0.7415003889278886,0.7135527890160516,0.6217941522328652,0.6519966046799499,0.7685619056063525,0.8323278257644467,0.8491934790506832,0.8759503663151433,0.6450895588162124,0.6232132241517561,0.7230740445350793,0.7050636099396808,0.6291757689872274,0.862188126530992,0.6804232658702222,0.6259058263132473,0.9476546363060198,0.6274375735751275,0.7704394238457892,0.8349414230905596,0.8058856245955835,0.7909769367430302,0.6003527800303675,0.7980412076611932,0.6956051574635849,0.8190370777251699,0.6215466543072174,0.6835240026731917,0.6595583499034222,0.8387107110378869,0.854684173453545,0.8387303761861038,0.8445958758925523,0.873382703807231,0.7838351590514171,0.8572942039168799,0.7232227452516773,0.7781493569845084,0.8014174316915116,0.8028948561641185,0.9038817600290076,0.8621240250378207,0.9142362436181399,0.6419695048862863,0.7794443007454562,0.5610229114024242,0.8112948646265995,0.7237211923144402,0.8680583474698051,0.7731607552925714,0.8025145926358073,0.8061609822948059,0.7495521216035077,0.7008562112685537,0.7884373279353546,0.66221204272457,0.5790448764764538,0.7812588954456129,0.8108246329073612,0.9406902999922255
0.7419557702106343,0.7811676534981442,0.8483288778545585,0.7109204698916401,0.6416753227962899,0.0,0.6615464477241667,0.8400438050954364,0.6895238377885248,0.8039907483895931,0.7362305259978343,0.7830413779880919,0.8693112624499512,0.681835057927141,0.6598911582388265,0.8930218491720929,0.8650502030762592,0.7069641647833544,0.763765008317433,0.7228775123510046,0.815336577905465,0.7200331350564692,0.6500492895287433,0.6856613609098172,0.8003957995307894,0.7107463184884938,0.6620926553665956,0.7645019770824482,0.7196044338514633,0.7976430008612074,0.6948582803539385,0.9024713839159022,0.729828348723921,0.7506333695389474,0.6316739424785335,0.690447985397434,0.7837755992886045,0.7272724351045208,0.6762880628549871,0.6822639722510496,0.6940613882647206,0.7835281889674328,0.7247430356782619,0.682675157615168,0.7768129421195062,0.8087027597942809,0.7839915040575559,0.7203005599549565,0.6760225636640073,0.7063003063753776,0.7786625529112162,0.8441511643642581,0.713682738834471,0.7602292037540946,0.7235915218828584,0.8268924379894694,0.7585050817728521,0.8630355846131528,0.6610324813152776,0.7692996394697287,0.840589864065646,0.7999907126778559,0.8292508228367713,0.5997672185095172,0.643024974982045,0.796698122532696,0.7135685807571881,0.783825736215102,0.7308841419254015,0.7917553448514782,0.7444951824117032,0.6322234908119461,0.7382168676058573,0.8275481950990693,0.9086848067165543,0.7456626687300312,0.7760922862016302,0.7354579512821617,0.7718972294386959,0.798803251254582,0.859235057084781,0.679550819052478,0.8188061229743,0.8309237277850888,0.7828253897059072,0.7885772336840167,0.7743909876818409,0.6947764904218958,0.839416247944136,0.741273824842121,0.7276976479779017,0.6880400322424328,0.7205828573679031,0.7549031609253216,0.6798560296911492,0.7594577964147659,0.7534770577605523,0.8088392139981511,0.5827001787589453,0.8092615844039366,0.6505956576211633,0.7685330250374681,0.6501445827770301,0.7124990936753349,0.7357592034486656,0.8816640048741305,0.8851203102088135,0.8009396735829716,0.7469959211756458,0.7859203893471534,0.732624647326271,0.6231369611792187,0.8982463632381087,0.7602183834992284,0.7632663233942802,0.8207701002372944,0.7963188549146257,0.6758072073933074,0.8348571350677192,0.7104016347167224,0.6371445034730441,0.7520313028144828,0.7439213922345552,0.8088860641316794,0.5848904389762286,0.8109162737753954,0.8141062867047542,0.7940321060323674,0.8145416649493884,0.6655794546401439,0.8416807156141379,0.9279874442402679,0.7434453100356886,0.6471395018840789,0.6655054735061157,0.6272708655844261,0.7758786287343874,0.6286079360837401,0.6487880063714961,0.7125045418845588,0.7010773404401746,0.7915100544408255,0.7471068445795086,0.659168225804393,0.7012384197075751,0.6859096449793615,0.7107364532716572,0.8356867302019367,0.7952673204758568,0.6800716882837048,0.6703013482363342,0.7218212901182156,0.6871528389165241,0.7351712471595198,0.8384309715017431,0.733618363955483,0.7405351479513426,0.8742672324926682,0.6143549467480105,0.7757824858837974,0.7081956975542494,0.6877439154435744,0.7864046399730215,0.6646577337695302
0.8597187911356706,0.8768920452007775,0.736188969144647,0.8329226512804515,0.8700958389028458,0.6615464477241667,0.0,0.6916859941264742,0.7772615171680962,0.7556474685156632,0.8960123166063247,0.8758038450423182,0.7806449515751664,0.7942932232874476,0.9046816722650505,0.7823932736656397,0.7818765023337347,0.8594881781575301,0.8191089010841336,0.834047081443211,0.8382082712265719,0.8859967088435641,0.9359706353580316,0.9593720847598651,0.8675826355884195,0.7869397147671249,0.8213166526159443,0.7588852616891221,0.8583983092939201,0.8257365119606086,0.8358912080734703,0.7547863055206392,0.8602010392521021,0.8040857561439411,0.8382472523686125,0.7915535788881617,0.8786640633865384,0.8008031835351027,0.8721959719313049,0.8976403352227329,0.8485355939217932,0.7606485976654038,0.7996391595015871,0.8651894119128646,0.8321142165956931,0.8095934028451373,0.7630357947118656,0.8503856190007827,0.9694830258271223,0.8108343977174369,0.8647070198232572,0.757361840012386,0.7322725151369867,0.8708054971956337,0.8696120047805259,0.6976781157568249,0.8508869679219488,0.7609951306874417,0.8730968777731483,0.8409472857467857,0.6941122124589443,0.6232475048996393,0.6885039442364433,0.7437024530320784,0.7608517973935417,0.6983886743189298,0.832464398781315,0.816193829574938,0.7687511854452375,0.7406031309999342,0.8051396748486132,0.8209808810072101,0.7000207837203956,0.8318400837960901,0.6835355551535435,0.7682604482767479,0.7891388389884764,0.8962369753631185,0.7496630848607755,0.6764471454867712,0.6176999299005118,0.8005097489624011,0.8776120359917121,0.657858318038704,0.7537001231098008,0.8141317686466181,0.6622509090056206,0.8127145800648472,0.7122183394540885,0.8107679686049901,0.8744318873683715,0.816290660381879,0.8913250361917957,0.7989097722405014,0.8529210320787132,0.8595854498625792,0.6531506201512493,0.7079655452010004,0.6877686590735238,0.751383525422535,0.8491650050582104,0.6798666411954767,0.7779652472607055,0.8072741715519933,0.7259491783536852,0.7476864971708387,0.6685419423574792,0.7536571208576222,0.8580619595911316,0.9001151395840863,0.9043507628232241,0.7939463873198683,0.6960093390323816,0.6954755665177177,0.7684035325197974,0.79736804527649,0.7057444885728631,0.8898370477276514,0.6986629566525301,0.6551076214940906,0.8643166628306407,0.6320853001305112,0.7607458355501531,0.9091348611224365,0.7453594207896191,0.8725540302702933,0.6152490233838285,0.831408987410093,0.7498701448892758,0.8339450828449547,0.6605385617687473,0.6376989290231996,0.7480981336045305,0.7853414028502,0.8271848504487928,0.7720516672540859,0.8703853754771924,0.8985005763681749,0.876883504314739,0.8715136298806678,0.7874425244382492,0.755108452212924,0.8954017845558628,0.7272578263460873,0.8778277429082587,0.8437327253128076,0.8196814968912737,0.727367156808628,0.8079132037182158,0.5450228757982589,0.8220213939742952,0.7789646887894962,0.8976671554252029,0.8433885199365814,0.8513349300166152,0.8483799561518087,0.9092837961728283,0.7717458976713217,0.8947017842039863,0.7579112906043548,0.6425210580401599,0.7964570878095637,0.8094262191958742,0.9112352501998835
0.7681683010473482,0.7826133077571158,0.8297868452853938,0.8257081176571107,0.6394612249424961,0.8400438050954364,0.6916859941264742,0.0,0.7538588672177614,0.7878017805437895,0.7877901920018785,0.7947638471263899,0.897765953236086,0.7282488595483749,0.7388648036066681,0.8545712326603435,0.7871764913451865,0.7673627772589641,0.7514626493380768,0.7591353569549865,0.7806221792774809,0.7755853577977657,0.6992768160248559,0.7176174785638447,0.824578892862488,0.7827196808164282,0.7891458755013612,0.7823459140730564,0.7049319597371996,0.7553093725155527,0.7684720750631137,0.8291740193276579,0.8171168380878747,0.7652592997534182,0.6768672169795522,0.7494115132797494,0.8548858796425477,0.7989727781749734,0.7423397624615672,0.7297703008042205,0.7304887691328004,0.7101154189097334,0.7765160417721501,0.6908355558828596,0.9107380993981046,0.8445933338165313,0.6956064607734552,0.7411732777687664,0.7146165369219692,0.7405123876515013,0.7997673831777876,0.7687911604465505,0.6800094367065611,0.8072482820781474,0.7823743265025137,0.7339839630024186,0.7653625911551628,0.86395938900219,0.7056967199224286,0.8035632805630502,0.935196529205748,0.7519700250000558,0.8150846083929655,0.6335855955247257,0.6586425341444113,0.7975054975372032,0.8464464603212827,0.8103269589807697,0.8382569671052771,0.9507976128147216,0.7880566821077326,0.6763785921139781,0.7644889389836477,0.8763355931255433,0.8879651253430022,0.7124400825644233,0.8344989414600278,0.7126436777503695,0.859413138337373,0.6228004577829721,0.6997103820182871,0.751493348400037,0.7973324770124768,0.8679217327630989,0.7635319808779306,0.8598115411835285,0.8927697066484624,0.772685604569985,0.8499286245008602,0.8189211224973507,0.7621957540012689,0.7146411709121805,0.7301999485535001,0.7254997711880268,0.7209391169607545,0.8062596340398339,0.7985946506153181,0.770813546205622,0.5845111572092565,0.8470976074330654,0.7074136427733725,0.8967839420105373,0.7573411588279138,0.7683574159542894,0.7876083961684791,0.867004027760408,0.8564708767938597,0.7757861980858621,0.7649253718805586,0.7443558736327913,0.7283721755449031,0.6761622818584125,0.8738007182055798,0.8570695403473297,0.7938470284405066,0.801644309837496,0.6998614899769137,0.709105475713021,0.730135584185102,0.7381453423914649,0.6563943146648945,0.9163399141831129,0.6739650517286161,0.7899099494325028,0.5950088659805993,0.8408927763704186,0.7503344092446348,0.873149327318573,0.7873400436023457,0.7467398075949583,0.7816510343375337,0.8237764008378425,0.8524968012473415,0.688341686165674,0.7404198043620547,0.6301711510451546,0.7581895215143725,0.6956054073275291,0.7714996023945434,0.7866481887363291,0.7877818210513293,0.7321838365397566,0.7720644000882351,0.7161198846257721,0.7381477190651441,0.7465870129543243,0.745091456127218,0.7823280520075407,0.793221622824872,0.5972737029299278,0.759146916185055,0.6845630241929499,0.7445414756568354,0.7657059111960045,0.8630904988451521,0.8582937944573723,0.7865134134101975,0.8252500799924898,0.686183581856115,0.7294533858728494,0.6758894151341188,0.6630538866520489,0.8173480854142502,0.6977850596527955
0.9196091717858789,0.8120207712181968,0.6840286849058278,0.6859792180704736,0.804019429516641,0.6895238377885248,0.7772615171680962,0.7538588672177614,0.0,0.6530297617989833,0.7770082497542083,0.8236368474061352,0.7118845774874437,0.7587162571550792,0.8668971138879205,0.7084543299676428,0.6721812351484182,0.8336685144121303,0.8085179656414435,0.9141886769964803,0.789296135867477,0.8510543431671392,0.7135380105807988,0.7856522952143707,0.8323543449942011,0.6873852813542272,0.6833299172759687,0.64292282591408,0.6945008352184409,0.8202868748317951,0.9445728064648994,0.7415687890050996,0.7747708318844252,0.7057303996303843,0.895431833596532,0.8252845250832582,0.8369918227160069,0.8627703162175558,0.8510966403434891,0.6841883813894681,0.7824693721740528,0.784233353085947,0.8481506510146,0.8450762480148344,0.8200966550940666,0.7571095907710941,0.7794442576145117,0.8127070204221168,0.8003931682321962,0.8737207928780636,0.8099363058590131,0.7476103235440453,0.7416930945807044,0.7853901797313448,0.7787700845692055,0.7600903588387834,0.8377503829797835,0.775816751152789,0.7823367415778809,0.7881110660404791,0.6809735863666827,0.7076672339174003,0.7486765363228404,0.7990352403914872,0.8449386694777873,0.7352544805853529,0.74078852169862,0.8289450630110363,0.7986672674916441,0.7994328606036545,0.8894948926659223,0.8294877691863429,0.7892783026896412,0.7208906190507197,0.7131942485692587,0.7589196355642532,0.6594299384069332,0.7007144701682961,0.7846208133678211,0.5829221709472108,0.6261504317219122,0.9412418046489837,0.8277643279504016,0.6797460396519573,0.7926419019861597,0.8649590399119801,0.7756342195443288,0.8716042328292705,0.696497115419138,0.8442422519718118,0.8517596610077572,0.9301517193555968,0.8178314760494749,0.771665128160862,0.8336899458949949,0.8754906164379858,0.8005683630858798,0.7915360953718288,0.7930250248835139,0.6823106081869462,0.817810276413512,0.7015964539068665,0.847576783318861,0.8363983290203146,0.8571517314310468,0.7178410410985534,0.6426069014406154,0.6729489458113433,0.7327060923041836,0.772288771978153,0.7731408286107307,0.85820089315732,0.72178925781031,0.6960519155366186,0.7556478724198338,0.6955857259149797,0.7026487581624912,0.8305493271720801,0.6034232435506507,0.7070906654097154,0.8350803467142901,0.7074318178054331,0.7953085075092671,0.7902790237136283,0.8575276156133486,0.7655200037842637,0.6549963262412508,0.798650285525247,0.6843533487516164,0.8114595981875251,0.7599616987858449,0.6814115729152499,0.7255675825733136,0.8923817398615456,0.8703626853190956,0.8246984403211411,0.867343484440916,0.8194919761640169,0.7629579433048406,0.8934014011035804,0.7728145858159142,0.7892274942159406,0.866635944842828,0.8535645725229851,0.8325375792498547,0.9286598327407231,0.9267667235687176,0.6284606734942666,0.8394501445630369,0.5690405180032346,0.8954182919805677,0.7605452805331536,0.8454242306218185,0.7219273754456168,0.7954628191978992,0.8846564723866814,0.7302297043737224,0.664867230061941,0.768026561624971,0.6431248164318827,0.5796976034025818,0.8661780739968947,0.9282287323136252,0.8664890706329256
0.715677876571593,0.8602705296716132,0.8562164503548029,0.7757309152922469,0.635524363268388,0.8039907483895931,0.7556474685156632,0.7878017805437895,0.6530297617989833,0.0,0.7574683639319556,0.7770283345380425,0.8700491183394115,0.7268593163773889,0.7067364470614648,0.8282105491944296,0.8427758096853067,0.7596074502909829,0.7337392505513001,0.7103370083752913,0.749825764839072,0.761095019939895,0.7873430788517018,0.7554742887821014,0.8541047576921514,0.6878724877607457,0.802608320706548,0.8309480467227964,0.8481992026253852,0.7510525005668878,0.6801651402128274,0.8061975142670269,0.7802945147574006,0.7477618060859839,0.6438721663687181,0.6722747115350326,0.7724098408703767,0.7000421979814448,0.6677863947968493,0.7999148870165638,0.7257079476177856,0.7434979306116744,0.6779965272342152,0.6566243360181835,0.798266887763073,0.8076088395011317,0.7324951504711273,0.6919742830314173,0.7572823359626343,0.6643635580675646,0.7267326444576473,0.7249412058833209,0.697225056837668,0.7648565829297297,0.7394661454606823,0.7655025159999601,0.7127529507885337,0.7465247145535837,0.759094191377333,0.7654481206633466,0.789853144957097,0.6372995781602373,0.6870006657494612,0.612635473434768,0.6143221637307906,0.7057072475214062,0.7607804861190216,0.7486009165822254,0.7724827675630743,0.7631398708014642,0.6749902524535906,0.655667930121822,0.6383417958925593,0.8281820679208349,0.815266619674296,0.7356289365873345,0.7520744928689717,0.7694623192245239,0.7210801784133123,0.6779543657559863,0.7361657194839587,0.6311135882505917,0.8238134729080552,0.7699725924645063,0.6571109909532826,0.780448393375221,0.6569432040434979,0.6796541655851647,0.8262509116411173,0.7398233253201943,0.6873916204433347,0.6626947377031256,0.7284155973665666,0.7097057746654332,0.6775560121689039,0.783577898540764,0.6357908132485426,0.7609922287246952,0.5407776440529023,0.8249296937905511,0.6717367776883161,0.690115694595231,0.6155944542284663,0.7990583254072577,0.6520872659539683,0.8042798951656399,0.7733513562748991,0.9067635096646864,0.814316022192981,0.8255242363328238,0.7167179116871495,0.5848749740505353,0.7531781399814029,0.7441547593770431,0.7285659779828119,0.8313073579419755,0.7654028925267214,0.7207377490462255,0.8012052447988358,0.6653213321897087,0.6252070977382506,0.6539966769973735,0.6641136586634377,0.79663143208081,0.565166721660888,0.8580779508408093,0.6545527996847178,0.7589546760261406,0.8320944352460685,0.7114459430742311,0.8015516489835931,0.7138760451687747,0.7090555777002865,0.5960576670520874,0.6653882327923744,0.6159180451740309,0.7767754830696358,0.6829297558840821,0.7773055180106219,0.7056447486023993,0.7577623431853799,0.7033004134679677,0.7555848619600869,0.612378975323058,0.6985045552774356,0.6677161470571382,0.6628262928712207,0.873033434048423,0.8481590337200582,0.6000425931526833,0.6370541589480176,0.746472594720522,0.7088737636356971,0.8569773032658523,0.8482334033455936,0.7353737637584723,0.8205490879672162,0.8540446574942709,0.6992117105351057,0.7144856736932867,0.7940354531675007,0.6579706729716682,0.7607082389251294,0.6580140110025721
0.8590599460486885,0.8442198685053981,0.8229569621607543,0.8848238657298674,0.8575563801918625,0.7362305259978343,0.8960123166063247,0.7877901920018785,0.7770082497542083,0.7574683639319556,0.0,0.9079442306292667,0.8448888680412753,0.7960295073478343,0.8703248118424353,0.8892052993243733,0.8383902105081213,0.8435099270175586,0.8428556890299124,0.8466540596089471,0.9072033369648191,0.9190391820825845,0.8499842373562475,0.906768338579551,0.8893422635226841,0.8659608588433725,0.8223090632541789,0.787860196058113,0.8574061623783837,0.8253889743386117,0.8397633704860171,0.8176739549981832,0.8670985334340042,0.8136731341969158,0.8176130756088918,0.8442157662466551,0.9426271452200828,0.8748566602835002,0.9152544727993982,0.8535625134749416,0.8395846267308342,0.7687011295839526,0.8584128669769118,0.8844280990012215,0.8835322494632569,0.8089261919123271,0.7234087470752955,0.9356109689594134,0.9165089584590619,0.8411483408498457,0.9097902483858618,0.7949380414746812,0.7062414322430769,0.9348148565371722,0.944397472076892,0.6709277542558435,0.8715317426530801,0.8847623245446955,0.8315280044385035,0.8443822207629285,0.8066413023601504,0.6737694069362797,0.7818901572604318,0.7543037329727829,0.7442048364675633,0.7428619422165255,0.8771649114765113,0.8462253459809305,0.8538158808332484,0.8539708357419633,0.8458319393131186,0.7940935356299101,0.8100096716553862,0.906127341197367,0.7749237930293146,0.7280764303133057,0.8926020196743375,0.88769221583086,0.8021924362786294,0.6881534084574955,0.6512977940837337,0.8188914545610424,0.8534125910232697,0.7454592871244929,0.8313460387071234,0.8422597189281928,0.7966973458823027,0.8320622501154956,0.7232995100406635,0.7984314622523899,0.9252774447360469,0.7764960501605461,0.901051575391942,0.7890774689656456,0.8669130367230097,0.8788838754488217,0.7284607521638852,0.7144048777116608,0.6821139037732566,0.7570990284548648,0.8491790636877423,0.8108259001042224,0.8327748901733751,0.8034973043082884,0.7858489338503793,0.7913575783658147,0.7518914906055056,0.7641905309778331,0.8173192408630617,0.8849587564650723,0.9348414757232397,0.8326548352461911,0.7966441979759437,0.80752281165288,0.7932906381802997,0.7970614650786784,0.6834230336070481,0.8988998246944325,0.7935282736723792,0.6935025585763415,0.8548743466121929,0.7436552973726728,0.7798838643250874,0.8947883600885718,0.7272887492853044,0.913314367605631,0.6663342443545874,0.8930511489444708,0.8131447423569536,0.8302682958019764,0.6652009925783552,0.7558332986744725,0.8441591527986968,0.814399074021939,0.8835375181527367,0.7494319618262604,0.8368730331884102,0.8544634846485331,0.8841045777800113,0.889971944639031,0.8053613357257311,0.822934529220979,0.8532803351875075,0.8075721138131875,0.9288615586064486,0.8378823007734808,0.8342056893038009,0.7274446544546471,0.8315206893202601,0.5939707733964943,0.8644911414136083,0.7481312062456964,0.9303405340362645,0.8004987623084622,0.9012706373576823,0.8967144472790837,0.9092559972580234,0.8005120637766671,0.8471034107389567,0.8002693856468711,0.6265422730650347,0.7679243051863317,0.8144011647821329,0.9159319296616133
0.8476311779801364,0.8573072719090045,0.8002159097419497,0.7892946331762171,0.8351133414806372,0.7830413779880919,0.8758038450423182,0.7947638471263899,0.8236368474061352,0.7770283345380425,0.9079442306292667,0.0,0.7974435021501864,0.7292595594877073,0.8296921402588356,0.8688823215215346,0.8043979850075452,0.7817300046918062,0.8864412270062567,0.8477032641692089,0.902438480169322,0.8708259246678911,0.8382619274077837,0.8673078676958376,0.9352941329900356,0.7783377480695146,0.7619168508046278,0.7528247635127872,0.8092684410004005,0.9007793660105857,0.8747044251447483,0.8526479777859033,0.8008228939611024,0.8686457089085864,0.7991661110975222,0.8252835111713906,0.9085634907885822,0.8188353916755997,0.9018370097729758,0.7680578448280986,0.7868062859542784,0.8518464081827182,0.8323250505298692,0.8570735283464576,0.868021842289033,0.7876159529892689,0.7691704923379579,0.8816884532663871,0.8845275449722156,0.8139418912343119,0.8681286965787174,0.7785492980375245,0.6833463265669513,0.8775782668932118,0.8886186055896773,0.7623698179643221,0.8446389609986261,0.9154777063450901,0.7706454109094173,0.8206775331980517,0.7554097510357397,0.6802339587506125,0.7407853767067928,0.7385225927237123,0.7266646855763881,0.7135646285517006,0.800747026023171,0.816753661376295,0.7679007065707346,0.815408391500406,0.8167243498705942,0.7498216153932886,0.7591241024064974,0.8398986967319116,0.7549223246260964,0.7350686089000779,0.8302755508468683,0.8621529648084051,0.7643086575322248,0.6801894986614756,0.644891556084245,0.8229984132431722,0.8804065852609855,0.6922950032871872,0.8214501270810914,0.8366787080799767,0.7929970085969447,0.8038197583529332,0.7371819839879723,0.8484093213174182,0.8753956153036974,0.8499420363959225,0.8624250387342859,0.7708563603797922,0.7845976180888188,0.9045982548762116,0.7254673537467533,0.8193597192230022,0.6927751309768996,0.7413858867266526,0.8018296412663525,0.7925162471493051,0.8202756379598127,0.8428678038882075,0.7661060562434382,0.7885264048514424,0.740245977716471,0.7919682866227218,0.7733872824389675,0.9123019198794001,0.9447836419885891,0.8031711283625779,0.7605687388570089,0.7814885812545407,0.7373282084978557,0.7762096249535644,0.7125398784410852,0.8961563325626983,0.7513132347607594,0.6860859469485904,0.8069521683006252,0.708425123614676,0.798963252233358,0.8806515287013084,0.7149532534242431,0.8858639100777677,0.6785744583560235,0.9016794772304095,0.805102786859243,0.7558783583980874,0.7469114515612225,0.7549564173805053,0.7672233405125619,0.8027790754049474,0.8533251674327911,0.7171904992440817,0.8713840962389321,0.791228058164137,0.8021723722664481,0.8938414421004444,0.7308507215484227,0.8416029149388918,0.8660379106028909,0.7943428134793161,0.890986445868021,0.887867398127257,0.8668287320771895,0.7084607184352186,0.8854660800999089,0.6209743063413712,0.8464027840265101,0.7340972956776872,0.888767718764493,0.8065739169333819,0.9420671969672809,0.8658650743894424,0.8382596247327619,0.8148874416906304,0.7531880203651791,0.7622851251484248,0.5877201544630477,0.7773165273342935,0.8687861380588041,0.8643245635156904
