0,1,2,3,4,5,6,7,8,9,10,11,12,13,14,15,16,17,18,19,20,21,22,23,24,25,26,27,28,29,30,31,32,33,34,35,36,37,38,39,40,41,42,43,44,45,46,47,48,49,50,51,52,53,54,55,56,57,58,59,60,61,62,63,64,65,66,67,68,69,70,71,72,73,74,75,76,77,78,79,80,81,82,83,84,85,86,87,88,89,90,91,92,93,94,95,96,97,98,99,100,101,102,103,104,105,106,107,108,109,110,111,112,113,114,115,116,117,118,119,120,121,122,123,124,125,126,127,128,129,130,131,132,133,134,135,136,137,138,139,140,141,142,143,144,145,146,147,148,149,150,151,152,153,154,155,156,157,158,159,160,161,162,163
0.0,0.3053810362461215,0.24951477047158405,0.27490147949022503,0.2528688038660968,0.2531923716421684,0.30350484669670097,0.2696272671752115,0.36820260279704875,0.26074945986506726,0.287975153008606,0.25929673185746227,0.3385244583338055,0.2706998765514245,0.32348413068627774,0.26050793120734717,0.29630124989926193,0.4661693711428538,0.31946171334007833,0.41553114000266556,0.3107214628762699,0.33150588503747946,0.34148618960549165,0.2873378624044356,0.33685351448480494,0.25999232656226273,0.26592175067528373,0.3024747029954724,0.219909715349065,0.27168457722142025,0.3192095635139955,0.30850614077009064,0.3080492765473734,0.3045147784683783,0.33375463487131746,0.3129146466858567,0.3763250615724602,0.3445202322428098,0.24813396645316926,0.34607543820643527,0.3049852137274911,0.30654089798183237,0.3439629474251779,0.29921949248283647,0.3183140859622041,0.4017757141089219,0.2677413405109894,0.2778563027281294,0.408983830014399,0.4022772182539639,0.36877649821874187,0.3219271863692557,0.30316300223871434,0.295481211504523,0.2884904085703634,0.3056529379848062,0.4508827738456265,0.26464958777143455,0.28125784039825596,0.36372206031449744,0.2568735127718161,0.2711867645603912,0.30892886881512577,0.24596275903067702,0.3456550106010592,0.33720027844592043,0.30552736280496007,0.3162859754042718,0.29314560514763993,0.30699269342868535,0.4789968789491147,0.3154583940837825,0.2846309484245969,0.3156134599863709,0.29867266309311435,0.3370117322577895,0.2433084994432431,0.2516175344762388,0.34407478659006424,0.2115919233742109,0.26700106821473696,0.4625950608404331,0.2871846366013603,0.2666920433215978,0.3396487140139967,0.38471992461948756,0.2941794088087843,0.34829425990200824,0.31928988330495023,0.29075110466004067,0.38875413347940463,0.3384952444706994,0.3545663973419321,0.3629770355989446,0.3637028788514939,0.289084809390559,0.24771882618802676,0.280541813824288,0.2663464174549407,0.31434837465612936,0.2738354773970324,0.2552595362942239,0.28521722338290884,0.26045297022193464,0.37630256264497897,0.32599749879795603,0.2872673131738757,0.29230955850506546,0.3472060592458056,0.2811281714648052,0.29968317202156697,0.4040112117138949,0.32494927625123904,0.2513974175965352,0.3544149644576038,0.2998461556117287,0.3012009349311214,0.30895987473935177,0.22835107461764653,0.26063822162489775,0.2913720925159959,0.260546390558417,0.3532597794710783,0.36167623541258115,0.2890062393635345,0.2595915546341401,0.2532462468785443,0.23937565177079653,0.25828858277664407,0.4142099438098884,0.2517710820817429,0.26058375345584067,0.24477704768088454,0.33300024291225294,0.29155538847549606,0.2802499112916987,0.2952056412097438,0.3603678171807047,0.3291604239948025,0.3860527518431745,0.2569327342457214,0.27851628293153147,0.39233353098122464,0.3154036093945171,0.32655063766940695,0.3545213763695495,0.31952719947190095,0.253930811664562,0.3379683511263247,0.1816127848911385,0.37219068691291207,0.2798417861494285,0.3736781058617819,0.23580792100186948,0.3060182258468014,0.36446868701543095,0.32545488668945427,0.2577731957828498,0.2937759740415464,0.3061915980681654,0.25990408201705617,0.33580218571658715,0.25281250841547315,0.38393394822877325
0.3053810362461215,0.0,0.26572335894180954,0.2639207726049023,0.200933128244423,0.3251932816778546,0.27728870501195807,0.3338188669387318,0.26623472564794987,0.3466375240614945,0.2999372980542043,0.3449121016220152,0.29621845264776026,0.27174196915255244,0.27432344266374575,0.2685929762250871,0.28728272844856667,0.2826134407497936,0.3631585133870588,0.3120062421087693,0.2916120350927149,0.32142693543807926,0.3430515876882205,0.28626471127157765,0.38094727532805117,0.21875160355949097,0.2690063966718473,0.2967378753755704,0.3349513320259267,0.26016115600309836,0.32401258499928165,0.30615638039531523,0.34069947377747606,0.2944656174468493,0.2713416044476256,0.3106599584156987,0.30136870329825816,0.32169206927769617,0.26611254309320326,0.3028980144088664,0.345996625111075,0.2888213561650902,0.22714100344720625,0.2470851516539289,0.35398085289820064,0.2884833386165813,0.26943605791826847,0.2435158752384648,0.32109510001212543,0.27328665946459824,0.2811112495983645,0.26971312909966116,0.30290925876443603,0.33619610634158903,0.3109783068375166,0.33306783683247776,0.3054343645886419,0.27739417592172716,0.27110702476814963,0.33840878337160724,0.2979125278467364,0.21555632145877043,0.2447349420168385,0.23068836639866888,0.22709795457475496,0.24090234108539618,0.256263858843741,0.2486211218167118,0.2583205284499043,0.29226689529457284,0.25848580610315597,0.25674363656209287,0.22894405709537866,0.2769689733367528,0.316853481609209,0.2929144753765164,0.2195950979124692,0.2817912207316921,0.28648916346212794,0.21174417202857418,0.26211202967675795,0.2767565302834924,0.31768127898722986,0.2790656381366635,0.2724472288176488,0.4306499160007119,0.2584347761699799,0.23504291119105805,0.2795577680237249,0.31485629202146226,0.2503932272350126,0.29644751227180083,0.31982143843254784,0.3113952239666843,0.2899077091626371,0.36852974138032585,0.261957639614863,0.32525633060376347,0.21150964098291625,0.2807338966043712,0.2650950570671275,0.2326117753041516,0.21647373243439366,0.31601062610049024,0.2712832135673397,0.2630441897585916,0.25423540115947724,0.36361111948979263,0.3143224347209084,0.36662983578750485,0.27875259954422044,0.26188688331065696,0.26916963004602357,0.23664262282272355,0.3091444230925758,0.33540827860490063,0.3108017617762114,0.24491688444174575,0.25796459972064745,0.2404693458848339,0.2324718977852818,0.24589758152057853,0.32172004961956935,0.32626476602115145,0.24932132540739552,0.3583343323013781,0.2308847453856054,0.28122318430859683,0.35297925817537595,0.2813223131070796,0.3070890522767499,0.24806659452994143,0.23452123208202685,0.2820407519818081,0.2878954281827274,0.22444404661762973,0.2932470892796256,0.28256132744906637,0.3050968936531961,0.295873326514087,0.26196104900533607,0.28961477600706337,0.35324556310950256,0.28541710930059766,0.3102237764080369,0.2608332813262536,0.2887873418546539,0.2683999684350569,0.4155601372787747,0.2218053972782748,0.25649489943293147,0.3236040484874056,0.29034320341673703,0.2844790965342926,0.3176642256665792,0.3050648655464331,0.3259362925742542,0.27440832302183826,0.2543260919745753,0.24082694143731392,0.26994144498359407,0.3230079291060409,0.24067697946591335,0.2594198575015117
0.24951477047158405,0.26572335894180954,0.0,0.2422271504120843,0.23252240406566646,0.3192529425944271,0.24242570705584443,0.2624036078889026,0.19614111238630078,0.33523506882444054,0.318345423254088,0.2843378920031553,0.33735468536673724,0.19680282256641785,0.2372339791090045,0.4029173940510989,0.33483535980169504,0.24381988784481506,0.24393351673099728,0.2185947701119595,0.33360077595756793,0.357198695496371,0.2544124835853617,0.28017947545440547,0.28935574044748924,0.26648947330968936,0.23528412714633215,0.2600117101552731,0.24509986399812259,0.2708625445610407,0.20593732925652122,0.30190689767081696,0.2250102520213715,0.23688106972587736,0.18822615541910678,0.22238568674151993,0.30023398428438763,0.22336463639110415,0.2271034747950325,0.2795890798946746,0.2229949546192092,0.29188152543497287,0.2531958284330454,0.23497571959176167,0.26229696614062964,0.2694720466883958,0.2459550862475605,0.29809585817238143,0.25741353519779964,0.22640505386526322,0.28093999558965627,0.2708744104508316,0.189046577946997,0.2836289870063668,0.26106177673294007,0.23078798093248343,0.23797034393570057,0.3143735493765453,0.21233166255592134,0.23413338922402602,0.25921763362851236,0.20218904221881095,0.26370796625471354,0.173843768680257,0.1899347718223837,0.2312147812879058,0.23755989009873144,0.3049510085378773,0.24821023002219114,0.2590368932977637,0.26518110392204597,0.17898092199704974,0.20827599114751497,0.35784690842723677,0.27037374233306594,0.19613870955208393,0.29918580785788035,0.29503627814407274,0.21245405762125952,0.21627010453355194,0.25624964307101916,0.2338795907110489,0.29603570094312015,0.2297147506123746,0.22652767706064578,0.2590067958232991,0.22367724956267954,0.19638801512815066,0.23842397319681813,0.20457027018549598,0.26644290261001763,0.19665396585741746,0.2634149575138998,0.2009397246848637,0.2247759417798146,0.2538723568809471,0.1829643641877323,0.23019000046379318,0.15891098195543774,0.23610813819776855,0.18106277920265518,0.25599580924884824,0.18854918684552419,0.2410146365448053,0.20936799723745828,0.3303843886403764,0.27028649329280924,0.2646133222351063,0.2659687184910374,0.3476719435550694,0.265985529745863,0.20264649940847454,0.24477876454651676,0.21168167355306966,0.2111080056391429,0.290827969259585,0.21340280348362167,0.28105820651911545,0.28043452859276735,0.1976128517011398,0.2166503704158744,0.2026829205217722,0.22109921338535196,0.29997713091792383,0.16426187495908937,0.30174075778350423,0.2030106880346497,0.26438465826009516,0.2739991634791217,0.21946843979997063,0.21996324703630277,0.3322682491291118,0.1907359340288256,0.18103373974156955,0.23408784570421276,0.18199009682398642,0.22472947155075793,0.20747302821661334,0.2532027962932189,0.2355463993793032,0.1943419042006814,0.23838466589222337,0.24244359315600658,0.22371564880626196,0.2414499602309773,0.19580702150482593,0.25763606466678274,0.28152461050994987,0.3053458801094611,0.17858437192617194,0.19460271247746516,0.193197586604525,0.24144625590807578,0.291319952498958,0.28309532670420506,0.24540322237899378,0.30683727212893547,0.33353023528831677,0.17357553919344096,0.24987811305459387,0.2351100500030639,0.18454021759489708,0.20496206334425823,0.24416739132348567
0.27490147949022503,0.2639207726049023,0.2422271504120843,0.0,0.19464259364957748,0.2563775867279716,0.27396522804249834,0.2770670118630042,0.2292034721189106,0.2618953413191384,0.29048332841796093,0.24620049501628666,0.28928530305420946,0.2613214946334788,0.2529887064209114,0.2505218204174659,0.28882624020466074,0.2909769487867738,0.28980234890753886,0.25878599544456055,0.30326396253952626,0.2463182393203777,0.33487582493348167,0.22931138027774367,0.32115369948507094,0.2841438351628293,0.3036905144533539,0.32990859493405955,0.22520214630316446,0.2060665944180669,0.2422895000446554,0.27047737095694024,0.364105217128034,0.33416075248155286,0.25756993238171044,0.2893834478721787,0.29139927229816803,0.298873987839569,0.2260653812432314,0.32015995764453736,0.2869922423080013,0.2841804922683639,0.24036938832420693,0.2692635651661943,0.29438736948662747,0.30900144839377025,0.18974679643638545,0.24028944798380325,0.2964415539163877,0.2636699805403386,0.3290808171002793,0.3084809499231107,0.26339099934095306,0.3419884460664936,0.27329715438883073,0.2663007359167294,0.30509816761963243,0.27558028606011803,0.2595885618496798,0.3130655951640005,0.3270939965062216,0.24500205154469398,0.2986880048738234,0.20629191277891895,0.24797990208280848,0.3249248737780657,0.36581459877179323,0.2354710801290216,0.28577002710025656,0.30506022069001604,0.26825311941834507,0.23830968719869894,0.2956473620367131,0.3702996111685705,0.30797059678141525,0.2589642486574009,0.30100421796676324,0.24871646602800968,0.293494334524986,0.19806845674457826,0.2647441854335205,0.32894391744347623,0.2265853337498658,0.29661722785433414,0.3532349475086491,0.30026816282378643,0.33811678746322343,0.2701254744872427,0.28917090083492153,0.2606260719632976,0.29273071354274405,0.27779410400859456,0.2471728950542431,0.2751974783955545,0.33154408045349604,0.2583908810501302,0.23725551428480893,0.31982637169236244,0.21223324335949517,0.2964806901890438,0.2465478280419358,0.28577906138113884,0.3363497194015706,0.2664923929945798,0.2894755637776032,0.26787736738359996,0.29676282205631804,0.2910734077848406,0.2837168907061473,0.25545071447871653,0.3230150155854767,0.29183027134506506,0.37485369790743367,0.2968156115834506,0.29370967187934555,0.25746403340197205,0.3050448647588681,0.21437889779562544,0.2936168588285984,0.2849492169604643,0.21942575362288896,0.33767604894884673,0.30524621102800703,0.28314513011724424,0.2231363107681499,0.2536840214514275,0.26894205198021726,0.22011288538646656,0.31539823255871546,0.2967193910066023,0.22920202282249835,0.2772076910341608,0.2837871575280316,0.2791994001053372,0.2747148859735751,0.2058419165745883,0.18645488115815234,0.26634924957052536,0.29926025750422364,0.28386305300846326,0.33247527339515376,0.2550833115275166,0.3307698703218408,0.3008391445918436,0.2823518744489006,0.25677904702710785,0.23338849867830905,0.24184175652039958,0.26438634831903823,0.18996780796335438,0.3042856660474232,0.2678985506553295,0.2898045729250784,0.22020213069078584,0.3257328558759912,0.3057453924259469,0.3011176078354111,0.2666330983043964,0.3211196693342012,0.2806668445796434,0.29771366605013067,0.26617667775076886,0.2995009589697885,0.2565373242188647
0.2528688038660968,0.200933128244423,0.23252240406566646,0.19464259364957748,0.0,0.189241144079557,0.2768581401799566,0.17210608985960923,0.20071189140716156,0.19118414236279818,0.26647043397152553,0.210461218743234,0.20890455668088986,0.18766172592270824,0.26278140890168955,0.2331189117635226,0.2331961761311553,0.2377800639530561,0.20298577277501115,0.22140268767249555,0.2613274980170146,0.26457281880073763,0.2495545724442746,0.2896396947134035,0.22057273601340302,0.23178614873674283,0.18983821394768985,0.19475835860286317,0.1872084585121988,0.23369604996083265,0.22273154876594645,0.19632439639982532,0.19935506946961618,0.20645822146594725,0.26067033332645234,0.21226743136930773,0.2580667607794334,0.21019614789177898,0.2336417286832498,0.23818731582464017,0.22136854387142652,0.2499778540471317,0.25025297400351065,0.28979517686886086,0.19503476488618376,0.20609430878736992,0.2397655166980111,0.2982628713064378,0.27939991206304515,0.22938350790189296,0.24240706011308977,0.2267368897307883,0.18344270848332667,0.21632548829331186,0.2132912634103563,0.19299210920751392,0.21635582929257768,0.23478904136989928,0.19829708504203905,0.19870294624676926,0.1687921633678137,0.16491145003873847,0.21463786011252245,0.19334994431599942,0.21710942293799576,0.17829846509162636,0.19383292389845175,0.2491248789997786,0.19516351664463996,0.20699675638268217,0.25274158586047796,0.20416825021041093,0.1802289368723774,0.22601097366213752,0.1798539817652466,0.18921282852757024,0.2150765650142886,0.3245896333157643,0.18343582886588244,0.19319939060417665,0.20963975843664526,0.2403073830952236,0.2473026031917258,0.16997458444045832,0.19582715123369307,0.20695928146421802,0.1963144526760242,0.19015857796719446,0.17745534694174972,0.1832608660367404,0.2817536493346805,0.2170130283452523,0.2577404817088119,0.18726952839733718,0.21534369875617948,0.20969545820921304,0.1593613835790278,0.1954809009230899,0.19060180226967818,0.1781536738407951,0.19960122391762566,0.18291726527356453,0.18823707419446292,0.18587740512085313,0.19103979466664225,0.21612013282895998,0.1808556549444771,0.2115397168209499,0.23639068724751483,0.2516998652165646,0.2547668078438568,0.2273855754508717,0.1896881160313865,0.18177661724119,0.18688029966675684,0.20776149608851818,0.18777682364708964,0.24473916315818756,0.19832562627065234,0.1845651088476115,0.29792246848213605,0.17019386530514263,0.2070198295518107,0.27065356164742255,0.2101734218740203,0.20002589642295796,0.16395383906585762,0.21144039738451242,0.18697505876178758,0.22573036203624255,0.17552266647012976,0.21073074334804023,0.16205526342501755,0.20926320070471846,0.2248039898104829,0.23396517620586735,0.21996857573708475,0.2778971867676092,0.2212326496617419,0.23084834843514837,0.176432900336978,0.2083707436443116,0.22373202993822072,0.2109843635225332,0.24575989753877894,0.2101787617477213,0.2757228782765931,0.20045597869801207,0.20593608911596337,0.14874505493391654,0.21584819626056978,0.18833530423646044,0.24247869652949613,0.2070422125226712,0.22130292005079877,0.22323095223030315,0.22200900615586894,0.23747871921797845,0.20532182660309606,0.19576553512433587,0.18692708253800966,0.1985310850707348,0.18483211152174173,0.3035158119609427
0.2531923716421684,0.3251932816778546,0.3192529425944271,0.2563775867279716,0.189241144079557,0.0,0.24001891228171918,0.3011669933108385,0.2176070879173833,0.2762486135731379,0.3015711049308501,0.3448220862594818,0.34299837818351375,0.1941539113556114,0.25163310729895916,0.36309649290475793,0.34371053834426096,0.2137962078756941,0.3018133643500066,0.24593677946488662,0.314037022653107,0.28687613775080556,0.22985390630041994,0.24156938099068262,0.30624087699727665,0.23798643785022597,0.23425682980899576,0.2891959440046662,0.2533754668139627,0.26723776390909143,0.2593898581447321,0.3681719150183266,0.3000030448064427,0.27152750036563605,0.20775840401745596,0.24130903272790863,0.2855797699170937,0.25153471383074866,0.24325325473811224,0.24866493715704688,0.2837775530828785,0.27648723220189997,0.24380230275852327,0.26789146962132493,0.2665391721898235,0.2686239256980745,0.24266212557563974,0.2451269224590485,0.22741107810324449,0.24437095024799285,0.28270042081065355,0.3336898721272308,0.2175193031615029,0.3081365419209035,0.25981045233392763,0.2914437334350124,0.26594389251627243,0.3978566278970739,0.19274267311086868,0.25088465202043053,0.3016325057468071,0.235522917688758,0.3035806051618474,0.1767468761617717,0.1882307329869553,0.2298611628443076,0.22525532775888574,0.2591045501936758,0.216256814372748,0.2610927418381745,0.26275969980808517,0.1887448216092025,0.21316936310135323,0.29920254991558803,0.3443792396123184,0.2256559045629904,0.27157476926691726,0.2665185818296485,0.24013041373169863,0.26373120977639863,0.3334865731212843,0.23455635259486288,0.28578240605564764,0.28462706899245976,0.24516246815554596,0.29536230980600175,0.2524543509598236,0.20409606084561,0.30226031894579186,0.23610035975099714,0.2667135310797219,0.24575369870722244,0.29383439140386075,0.23710081871060326,0.21437333047399856,0.306287923001359,0.23259420541200568,0.30596930377441006,0.171759008288679,0.27082608130685504,0.20214178150536335,0.23680160582440712,0.20300127618716554,0.23902805647687103,0.2401811467865091,0.35721024967155285,0.3182774852103405,0.3094551391038092,0.26266115152316577,0.3111989187795347,0.2881820207552106,0.21024679066020024,0.28326558075259173,0.24862393415794987,0.2503512906490732,0.35522648405113844,0.2795188422616174,0.21451400412067978,0.3273853848201776,0.23001010665457916,0.21569561946612004,0.2572516097729504,0.25157782319276784,0.3269509040520715,0.19327461853504108,0.33965108336649374,0.23802744712859666,0.2662175204175655,0.29460442459430797,0.21676668161320736,0.28029101286143204,0.3855180834999277,0.2175280898785226,0.2238809207180876,0.22685939834405572,0.19536231801074702,0.2664161437810733,0.2148534520555468,0.22597440826019538,0.24618834395384823,0.22427126002209102,0.26234375896823414,0.24637889559982346,0.2347334152888647,0.2653497437675025,0.21596113943004558,0.2904584523788988,0.3338011883939807,0.2792860755357408,0.21702710446801438,0.2197912829353762,0.239337049762436,0.22782658686115126,0.2536116467980957,0.33764514557191033,0.24203119750809224,0.2888574025817214,0.37952450379187885,0.19583911460168846,0.2799475549911143,0.24289148014295261,0.23631803303586235,0.21672376785986164,0.24082921660663814
0.30350484669670097,0.27728870501195807,0.24242570705584443,0.27396522804249834,0.2768581401799566,0.24001891228171918,0.0,0.21087086821172624,0.22713663249557914,0.24679791907004847,0.2942644303433199,0.28915182521912947,0.2792731741611136,0.24792998089638182,0.3165194871313244,0.2289219910648631,0.26054703106607124,0.2877100832904616,0.2600675902289665,0.2459501365361749,0.299396195796706,0.32407991403377867,0.38196825475005486,0.33517462271290677,0.30116919135037706,0.27532673632656257,0.234533690867494,0.22808628847516405,0.24838836737837514,0.2418030161286389,0.2516815259156084,0.25532637395631286,0.2934609730904907,0.2742109979172454,0.25616908219978446,0.261258245496707,0.3654283102243126,0.2449660383597056,0.24015979704429624,0.35161101958304253,0.32407728926431745,0.3247741585012154,0.2940123511273562,0.31779078652737647,0.27791834138546945,0.267449941218284,0.29794647979936895,0.26892398025661957,0.41992111173413127,0.2659694385453994,0.335111254599391,0.27130424385345625,0.22384821021431978,0.3093094277682785,0.28181787137274406,0.261860374878663,0.2642733967004848,0.26026802100433666,0.2921271854038834,0.24625531065048256,0.20288240692500603,0.20796831473609442,0.24336135277230359,0.23486383741422642,0.23638051468952115,0.21866625214809018,0.2762789650074079,0.33771649708997614,0.2548856831543988,0.24278929703629662,0.3254805028092221,0.2299485044107689,0.22868382225903075,0.31523331256844506,0.20169155445590753,0.235585737254289,0.28161102557721684,0.29813616400284726,0.22392608041579312,0.19486894578492495,0.2564565552319616,0.29058644064909644,0.28018314827940255,0.19723431643376466,0.23599024345524808,0.2700840826805225,0.23665121276938933,0.25933036448377755,0.21894282393637932,0.23614912381708447,0.3443185177461272,0.3416875432062277,0.2870651924203486,0.23076155323488526,0.26895795123916305,0.318636042455422,0.18991607120880774,0.2916908026529593,0.22259713206870743,0.2481772296863466,0.23239532174558258,0.22836880181276872,0.2879606782698093,0.2597131935816627,0.2243133098963961,0.2615824348041716,0.22009873600865204,0.270915562727738,0.3406576569039655,0.33575832904138564,0.388006697729774,0.27167499616404217,0.2524762745172475,0.20096688540086113,0.23131348991926684,0.25838482858148387,0.23649285280409038,0.2654407912292918,0.2826985603917751,0.21229582569420694,0.2509711067326749,0.21164385308531805,0.2634528900518199,0.32591820841597524,0.21781436540729518,0.2751679049773548,0.21121920458052712,0.2611358514388544,0.23502415302831034,0.28355911443050386,0.20676110933293876,0.22041778199005252,0.18870596305637094,0.23443750666199703,0.24059428751635548,0.24558137369433805,0.25844065309792896,0.3050754285089254,0.284874359511324,0.2901092924985282,0.2458558792688653,0.24921095015814232,0.2908020174792957,0.25095815039060393,0.3127852444353342,0.33873604243754013,0.28758322366534445,0.25036052610346354,0.2618173930600849,0.16479188510969814,0.24841111557833553,0.24393696642829207,0.27191219094416486,0.31597067608585494,0.3192274718252576,0.3024969576413402,0.3077584305114977,0.28583387247020253,0.26961520554523344,0.25356049084291493,0.24674724038396523,0.25127633716012465,0.23380770659654163,0.3196284354173067
0.2696272671752115,0.3338188669387318,0.2624036078889026,0.2770670118630042,0.17210608985960923,0.3011669933108385,0.21087086821172624,0.0,0.28792373069293337,0.3042612467263434,0.2557060819437564,0.2734298767238522,0.33644083667380525,0.22876712497757595,0.23528590297255966,0.29736378711945444,0.29181239139205056,0.2498971272902985,0.28356645499523125,0.29636862197515024,0.26568745463237714,0.2428572951809358,0.2751775132169379,0.22441082129941048,0.33446343168526443,0.2217037545705463,0.31574374413238415,0.3539743015838169,0.21216604039433293,0.24720569314365504,0.3403366125690391,0.3007709192346047,0.26886504405042677,0.30031893474229143,0.23724058232693027,0.2603133232495228,0.30231156137581766,0.297685361903945,0.2409271727150316,0.254670678625805,0.25146465049928224,0.2703609220863844,0.232682924870028,0.21597009975215156,0.372817363340278,0.2850224116786799,0.20844990276650296,0.21574772739171963,0.25840447220392837,0.23305387060912303,0.25062217556402466,0.23724624646501524,0.23815375873750083,0.25662703533718195,0.24309506300821035,0.29866226466410795,0.2597052420231451,0.32242196010204405,0.23881746607961818,0.2660138980368588,0.4612158989102015,0.21502493887388524,0.2524515277272358,0.20587220868082431,0.19847859336771365,0.2507502648578993,0.2977696092699063,0.23426871894338774,0.27146131528715206,0.4411354847352817,0.24582017778341644,0.22186732149787236,0.2504806752160984,0.29981164617749545,0.3782953506413058,0.26095498056157485,0.27051515612577093,0.23116123285345452,0.3086171083491114,0.19931486346879188,0.262663029378086,0.26219732753057134,0.2743119937236057,0.34643855542389346,0.2809639468897379,0.3794663404068997,0.4130769259424438,0.24750322338938924,0.3480536729042283,0.28860135469907616,0.22592260522883373,0.2522143323651572,0.24542175931792473,0.2455711461761572,0.2642363198832365,0.28034272290558543,0.27826600635235843,0.3269462729297385,0.18835605257290816,0.30708995622352003,0.24092459654241402,0.31189515166767945,0.22435248376115977,0.27204316363410075,0.27583620987620666,0.2878164838860558,0.29083322611589485,0.3641796881228736,0.2545314457221167,0.27137906483895813,0.2327857039416435,0.2351885925760068,0.306976290014231,0.3062204021511132,0.25529048870084503,0.3001894762066303,0.32125431264821386,0.2088823043054771,0.22995754705160423,0.25679489131590394,0.191980768743179,0.38237238402692625,0.25336073162853606,0.2743104898971285,0.21914931296579684,0.2688047282930639,0.23073398992603,0.2723718812776329,0.2818798417921431,0.24114926923883706,0.34311427358067537,0.28422639496634977,0.3054127374832088,0.24177662522471455,0.25832856685977634,0.18633099518108343,0.24455853579885145,0.2184965628081496,0.28719276636619273,0.2917579045067346,0.2556420734555276,0.23883076279218265,0.3093990256060696,0.2790484297322644,0.2685784153970019,0.23382939160728902,0.26880073703469404,0.27569978980210186,0.3232050387666236,0.20264799793777266,0.2895527817458779,0.2748802975137723,0.2522587706416152,0.23296136896712602,0.32523843345233616,0.3269811632215283,0.2954062240413879,0.29334254022576717,0.22070137665879547,0.2487419411244366,0.2585623448623922,0.271834230194944,0.2737171312613454,0.22987538816081354
0.36820260279704875,0.26623472564794987,0.19614111238630078,0.2292034721189106,0.20071189140716156,0.2176070879173833,0.22713663249557914,0.28792373069293337,0.0,0.21384741560955592,0.2329950158540466,0.2549536000372283,0.2401877377532717,0.2585453154892176,0.2485173510990467,0.22214640182533082,0.2267495644402781,0.3061651040120584,0.26205081257028584,0.3567749181653895,0.23052540090853055,0.27215151526398373,0.25793683702651654,0.23939997969775312,0.27193116516005467,0.2041998818877245,0.2943108225805056,0.27386576813646774,0.19071886690073311,0.3062863902785397,0.3603811179390944,0.2370688914068748,0.24318267699361454,0.2414737275507848,0.30496458934726817,0.24783669502388292,0.2672852649554217,0.33395596967096747,0.24261464528894053,0.23786106296089338,0.24205447507877215,0.26373023614367286,0.24347855632884824,0.23684588011241486,0.28308194477429927,0.2669999513691011,0.21116248017878622,0.21644589563463867,0.2670960354399181,0.2772275234263678,0.2457348807371656,0.22039447706878315,0.26076050030134384,0.22879180973519236,0.2228631766429501,0.2917262618398004,0.2981396272441673,0.24200010011450543,0.2406720268194286,0.2552535693486854,0.2360083894973167,0.21665237960726602,0.2191556427032694,0.2412014977488176,0.26726346014877533,0.24532384115701436,0.28655791002221004,0.2386815476962579,0.24147209286795268,0.2842201562496595,0.303361880621708,0.29140397755904934,0.27235639822741897,0.23179493937692436,0.2701598420212685,0.28533949507732626,0.19700566547113096,0.19904291668014315,0.28732612856122386,0.19490272700900227,0.21706156772816113,0.3682486087239726,0.27695969279913024,0.23988056143721673,0.2848501655957327,0.3468006416456311,0.28148127512485116,0.3180618852542223,0.28494492680472944,0.3491543633033186,0.27278836445359445,0.32130711869742395,0.25252388678514437,0.27432192311202447,0.29867079833893617,0.2716336147765601,0.26484810351551713,0.2604027371689245,0.27545319613496877,0.24806068713822363,0.2962889203969602,0.20669571090459188,0.2595369685718,0.24279780966599013,0.3182831894078374,0.23750503273311238,0.21160974578318203,0.26224299966553927,0.23618974051403635,0.2276881278295738,0.21464855617550288,0.3126905213600508,0.2619755768444574,0.30222778782413734,0.25651605247310727,0.25859284954649414,0.26584928237447436,0.23740194658174857,0.17536264624426146,0.25800831425164505,0.25001383192098364,0.26194780790564615,0.26727398932676044,0.2602040363694115,0.3581650812548303,0.22181216586430386,0.22289908610036993,0.22161114297461632,0.20307566305952357,0.2860152056309458,0.33099169601470974,0.2320446690186184,0.27741014307114636,0.3380307523058206,0.26849888806342764,0.22289442626995387,0.2797469255166381,0.25882956041250915,0.2896502029351138,0.33917069702197206,0.2459893269228483,0.22792601371424798,0.31808212623393634,0.3040310487120832,0.2662286436927798,0.27988345367538586,0.347435728924824,0.2126253762684453,0.2720941971962438,0.17965626315508407,0.38122681745862824,0.2543591600812607,0.28875067923555553,0.2130873243437252,0.2502570714912729,0.33318900366965526,0.277867047154772,0.23036551711815503,0.29442155134114273,0.23111776909707585,0.19808547281780134,0.3435386836050667,0.28518647399101615,0.3109562494960958
0.26074945986506726,0.3466375240614945,0.33523506882444054,0.2618953413191384,0.19118414236279818,0.2762486135731379,0.24679791907004847,0.3042612467263434,0.21384741560955592,0.0,0.24031028679892283,0.24972836385392114,0.2966410996380983,0.2296830399575094,0.22448077112410883,0.25364339107767153,0.2844698362624276,0.27411480720416537,0.26389879965846663,0.23733287513874812,0.25359657282855586,0.2562039308440583,0.3471028979802209,0.2245857649078154,0.38869904349851,0.2057642332663688,0.26417610374065537,0.31481525311969133,0.2753119815220376,0.21475813921167503,0.2431040394145302,0.2816245084909361,0.2243252349632093,0.2766878113754546,0.2275356464340084,0.24589348774180747,0.27272753681356565,0.23685992157852434,0.19349401592286528,0.2699540472425199,0.22378373194225204,0.29682531094969844,0.21657805200526276,0.20539623537275,0.277535952998893,0.2590080795036379,0.21694243333294544,0.2202633866389205,0.30194924934423995,0.2108695098199163,0.23816916373316394,0.224944976555148,0.21709454660569105,0.25376643052870834,0.2566329128051135,0.29853355834710377,0.2287938490822404,0.23319524232631667,0.25090072647751727,0.24784842186034464,0.2883858459490854,0.1999536996976061,0.21256071122653045,0.19924630132414398,0.2076702272583324,0.23380972131057234,0.24922193999031578,0.23631864397162378,0.26918632443614526,0.2915513621520471,0.2245721339560857,0.2213290413029776,0.21863951618158303,0.2826457028779078,0.27579084384583946,0.2476756994607139,0.22981164732549153,0.2471763068944182,0.22521353988240309,0.20015602916311004,0.2706928627707287,0.24831034468104288,0.25352854978400235,0.2651528610565779,0.2564112388340882,0.28134397781352133,0.25323933597716264,0.220087535359239,0.296010922187779,0.22840606399139465,0.22398177543750028,0.24155836372992337,0.24141144412734336,0.21710744866004028,0.2638385236400581,0.27779247445432864,0.1895716506232982,0.3044249649137774,0.18695043719548124,0.28406252651554315,0.2094171541116343,0.24698395613662052,0.21753324276018562,0.315091660474032,0.22317476531298672,0.2558391034748085,0.26388643409422,0.4101431045651372,0.2625859437460723,0.2997756907784446,0.23859961316469291,0.22374873129947595,0.2880560240180649,0.24665189236051485,0.22400274989461794,0.2698906402738344,0.27862215912935623,0.26811480327900733,0.28063042236084806,0.24339126426388066,0.183324429831494,0.23665225651226474,0.24455472299504394,0.25714382010593784,0.19414518553769142,0.2766253705410182,0.2353650845576244,0.21165781307269224,0.32664959570791324,0.24151070354844278,0.29807014545925314,0.2376943591833005,0.2116381697725125,0.20133542396919651,0.23291071093413235,0.1868834668293021,0.2180769489530017,0.2293417359978391,0.2846794454005845,0.2443817255448245,0.22683431756411804,0.24567573967332912,0.2883390734447391,0.23723990030020523,0.24147496768699295,0.23653540201130496,0.20798151438504245,0.2864577275291332,0.42471384832051795,0.20547696461241055,0.21192203191103767,0.2563813654772702,0.23118522776947964,0.2691689009886756,0.2929346719592084,0.2644709488775326,0.2542651081525244,0.2889761403535733,0.21486199061387634,0.24862127984077245,0.33319549850666247,0.24114876476031233,0.25646995079928125,0.21097863790682192
0.287975153008606,0.2999372980542043,0.318345423254088,0.29048332841796093,0.26647043397152553,0.3015711049308501,0.2942644303433199,0.2557060819437564,0.2329950158540466,0.24031028679892283,0.0,0.3578630966330971,0.29326376255173064,0.22730695886373684,0.28605105107107065,0.3611011733177693,0.33434857482637254,0.28561112047695564,0.32567378211867115,0.2641316483286119,0.4009195863886555,0.40043100306971346,0.2884728386177475,0.30940720902062757,0.31849256224742195,0.31681254016562577,0.2494682102296561,0.2751788839995538,0.2889638023281426,0.2824950808500364,0.2615108037849447,0.28749967233029317,0.30866635233471296,0.2506140418667773,0.2399289050241098,0.3125765380742671,0.36946815902076596,0.3151315693183276,0.34445581383175017,0.3005054047102788,0.31929030398237535,0.28649459683228023,0.32562146979057005,0.3416019522187738,0.27982990691972714,0.2733863948212778,0.22368908213069413,0.40457782745333687,0.32752276972692296,0.2730415481596482,0.3697140013698261,0.2913671566029341,0.23780909981127163,0.41786665519894695,0.3611784234253046,0.22102787707668056,0.32683628370068507,0.39972009205666476,0.2510333041773327,0.26829978691225753,0.28165229609428727,0.20857550592649532,0.3431308777049373,0.22012050620570592,0.21544766440467233,0.24354615225217602,0.26217103818146476,0.29372170650974505,0.2957765903055144,0.2899747192545117,0.3289387959653886,0.21542124783074254,0.23009012765279108,0.33993828821401917,0.28929495905472524,0.22709663814164868,0.33816139987723876,0.30954645041419143,0.2710183874213906,0.20610085184253363,0.28343320264933536,0.2780111842132287,0.3009617614673851,0.25408735000915716,0.2552621946143988,0.2865722239153921,0.2814471154617049,0.23881010710660214,0.22122048256549676,0.2388423180603127,0.4103693251468252,0.22962363169038313,0.37099220196523786,0.2570024968317822,0.26895063595449537,0.31850152116568003,0.23580318307179501,0.22922423427961983,0.1975976400050115,0.21879460472246812,0.2446909704224009,0.27571674553530257,0.24309511342609053,0.250459836662974,0.2647969558874323,0.27510266466407096,0.26392774261768315,0.2758303978487621,0.2863411228756949,0.3670760348482889,0.3908951617401523,0.2748759455955078,0.25576141874194874,0.25041018266823817,0.2762587704736568,0.27488312131837705,0.23760127108957482,0.28918616336924674,0.2905289164200919,0.22513773941615645,0.283703755923328,0.23946975330372489,0.2638049629401367,0.36009059698852364,0.21248525845547458,0.3481735367686627,0.19768890453648438,0.31272652981263654,0.2814933961923132,0.2733467431487658,0.209483106503598,0.3361327430101074,0.22891833012863702,0.26472065136044914,0.3384647808233588,0.23444434377026002,0.2642152061797879,0.26506151653061577,0.32622138260841027,0.3183854678027101,0.2726205101831885,0.28659375530930764,0.2577818010894407,0.30112700183813107,0.40188905728425295,0.23737537823054253,0.3151162993155313,0.2788693829516617,0.28811028766998326,0.20495022324792436,0.29667652825443924,0.25674456978255583,0.3677959807845178,0.27395673776213764,0.31808340478956365,0.30715272403392785,0.3195195626440503,0.29445395923935513,0.23168218398520612,0.2500295698106841,0.23642160495749803,0.2527536733919703,0.22708697090997815,0.36924877231513215
0.25929673185746227,0.3449121016220152,0.2843378920031553,0.24620049501628666,0.210461218743234,0.3448220862594818,0.28915182521912947,0.2734298767238522,0.2549536000372283,0.24972836385392114,0.3578630966330971,0.0,0.2526459553619742,0.1860591785333406,0.25688131056628283,0.27990874517236447,0.26750412699039855,0.2193098620193389,0.3342506279726066,0.25056146798168444,0.319106086162386,0.3282434906699468,0.2574747823228738,0.28232965530818704,0.3262923277218073,0.24226318065732336,0.23067743122237125,0.2274492059725773,0.27919787970450544,0.30262962747591177,0.282332646277788,0.26387371002966065,0.2949481618992353,0.2603348260537775,0.21136873785587318,0.26035389314535445,0.32726860911055133,0.2693628682665591,0.320929325923318,0.2531750938604199,0.31286491671958194,0.28187733119856473,0.2525669716873181,0.3025758517109774,0.26426622986709236,0.25212878733673855,0.24679608690884935,0.29396637983615814,0.26135185590861376,0.23861674076271347,0.29848747668198405,0.28191808239437455,0.21112684678611957,0.3555371461275357,0.31277846049082014,0.2501784834994392,0.2760382947698002,0.37893489432540084,0.19802951886524783,0.2340914706782133,0.2329814339465722,0.19061068108904244,0.26456463893692744,0.1895227857507215,0.19032081098585804,0.21175994830875589,0.22634741832328725,0.25665100422003123,0.21089502158413362,0.24938348285184084,0.2694648391579784,0.18649339477381122,0.20174513338423708,0.2588613292788682,0.2562114498649953,0.2157143304955968,0.243726980785886,0.27375121495515964,0.24508018000286605,0.1949704753759584,0.25716487357068973,0.2518007253010071,0.3197715845890978,0.21839205525940475,0.23195776286164696,0.31147472097846984,0.24323085656087448,0.2070983174922243,0.22333544211369008,0.2810844597549502,0.29729526663666755,0.25447197544373285,0.2861074419403465,0.24080824101531123,0.22329420070359027,0.4545866628026675,0.21573811098318127,0.2696265592407583,0.17724633919062308,0.20700604129136038,0.21093268381184788,0.22427031675536455,0.22927220240974885,0.3132407364740004,0.22193818630912257,0.2605412188984513,0.23931379520873908,0.26892905661400524,0.2574253249897442,0.3611956039495907,0.3737545347452694,0.24354892061464986,0.22971748723941648,0.2294360362713068,0.23388363786173993,0.27957825279095755,0.22909175610394028,0.26597161871183567,0.27620351924413505,0.20095668990221116,0.22162094622519427,0.22918400230270802,0.2410444638225397,0.3132402681880957,0.19417600567084262,0.41455465502225863,0.18441856248131833,0.3016362527416207,0.28220840226312593,0.22553845934602085,0.2330049939117078,0.2628950781673354,0.2007178479298907,0.2535213895417309,0.2700825227702403,0.1995827010898543,0.3042915449117095,0.2286600199740462,0.25725456885039355,0.28749646499002923,0.23049014264233453,0.24510407482887214,0.2529021642495127,0.2578607317956092,0.32676878403676546,0.2630907390638823,0.3767240844409894,0.2579263558631048,0.32627778255092205,0.19206359354175653,0.2500404002458399,0.2507060084589391,0.2623378825775081,0.269756560979397,0.36948167198428117,0.2658416743334891,0.29781302420084976,0.3123855178651438,0.2085247853556981,0.2226084421233828,0.19285675007220554,0.2377370089662848,0.21029046609649812,0.2958645848332564
