0,1,2,3,4,5,6,7,8,9,10,11,12,13,14,15,16,17,18,19,20,21,22,23,24,25,26,27,28,29,30,31,32,33,34,35,36,37,38,39,40,41,42,43,44,45,46,47,48,49,50,51,52,53,54,55,56,57,58,59,60,61,62,63,64,65,66,67,68,69,70,71,72,73,74,75,76,77,78,79,80,81,82,83,84,85,86,87,88,89,90,91,92,93,94,95,96,97,98,99,100,101,102,103,104,105,106,107,108,109,110,111,112,113,114,115,116,117,118,119,120,121,122,123,124,125,126,127,128,129,130,131,132,133,134,135,136,137,138,139,140,141,142,143,144,145,146,147,148,149,150,151,152,153,154,155,156,157,158,159,160,161,162,163
0.0,0.5384338685480571,0.44635603422367454,0.5541569432794218,0.4660754888048009,0.5443292916337749,0.6390121185690544,0.5867956009767156,0.5972346978392431,0.4425250769352477,0.5241134502635416,0.4751755085239681,0.6808156365629161,0.5472204290941913,0.6433333495640078,0.5328697280226089,0.5822373532645599,0.732879665152613,0.5292873635297107,0.6641777751233946,0.5502793875734995,0.5330885618411185,0.6613854661207207,0.5454337235066246,0.5750494288288189,0.5443438937797392,0.5758218832147659,0.6252458802336139,0.39587422613781986,0.5008926926532837,0.6120265117179732,0.583563883671309,0.6001889969003801,0.6306645697622687,0.6305561742077322,0.4956648057625279,0.64372871603113,0.575859131889336,0.49910045632975597,0.6935378746377684,0.5518768299828063,0.6149408306318487,0.5645702603505721,0.5277054347979924,0.6317605100624631,0.7134276480162861,0.530538357372875,0.4649356140228746,0.6669266769651909,0.5655946853124257,0.5804025557606963,0.577101281381877,0.5170459219778105,0.480499973552987,0.44849714197333446,0.5597778038524607,0.6128209237655331,0.5620671246643261,0.5428665059041295,0.613933640911312,0.5304974992248592,0.5072207226527744,0.5234921891212286,0.4721140151840646,0.5436633495770696,0.5448816326007481,0.6515814660887473,0.5979532489768068,0.5387122101779926,0.6544983346811091,0.7081611253047083,0.5153072555764504,0.522380500048077,0.6230200881411242,0.5809295246141739,0.6153956728048167,0.5515125031369186,0.5062798427155162,0.6158098128679023,0.473499437578237,0.5559933492033585,0.6677137298884105,0.5221889122287581,0.5500235768465636,0.5393777902971912,0.7321204182487369,0.6354827046893032,0.5654058042704092,0.649173585715866,0.5178553093842527,0.6219234903414825,0.6414552746540597,0.5095106730779226,0.56073603584898,0.5503163570154225,0.49633665852881853,0.4617478274473343,0.6120298819323228,0.48941060067740016,0.6650368971274891,0.5008633214929424,0.5275203935551203,0.5166821717926459,0.465016028511111,0.547807397083741,0.6519115784526581,0.5128966634716292,0.6140712435539425,0.6557125266431036,0.5305460155506465,0.5478932485314719,0.537463798496853,0.6173810393208689,0.5523188456350501,0.5652927018874752,0.6445060925483685,0.6477192349757466,0.4706666471641021,0.4632753167397209,0.5595926820156939,0.5474551482104524,0.5509396766084496,0.6409938400272726,0.6514388181020928,0.5430080558355806,0.47707139277245736,0.5397228529781529,0.5233950097045807,0.4718043140951998,0.5890515650253619,0.5194438055445405,0.5495605670193918,0.5416024527253569,0.5922040610101654,0.5052519914049227,0.5173451236959281,0.5325072949575659,0.6524733517152622,0.5726339813362178,0.6402588329792,0.5001592354053779,0.5251453070530706,0.6748465289256169,0.4973143810082348,0.555574381747704,0.6702678820914599,0.5776112340866207,0.56920549210806,0.49890102186854474,0.42840447958578226,0.633165916083527,0.52111873021352,0.5293524832302189,0.4770584124358642,0.5989589261739199,0.7037323147190685,0.6761387827760218,0.5596989736246452,0.5408637936310258,0.5252513070838704,0.5365837791472343,0.6139953784725638,0.5547645632135021,0.6738173440470985
0.5384338685480571,0.0,0.5631412825436133,0.48583747933545346,0.42619144361904354,0.6617918262058592,0.56859018094905,0.6828916412630007,0.5175527807115773,0.5805442289992248,0.523448480193532,0.6711293918405301,0.6041794648266362,0.4542642781390672,0.6079203740535734,0.5376438895567512,0.5292820226580651,0.5010340381919505,0.588005235343241,0.5906430551854809,0.5298416612246809,0.651602241813966,0.5574185489934499,0.5703739785913161,0.6481360138659084,0.4261622478568371,0.5205149165980064,0.5472691639546347,0.46444960673465163,0.4870004932866165,0.6356172566565601,0.5903423453919633,0.5724729977776419,0.5862479382891235,0.5133040257972191,0.49327936206416356,0.5453063864312765,0.47347944608962506,0.5459885053116037,0.5372440513504705,0.5153634553246613,0.5891502908276489,0.4776532990043107,0.4781865791121774,0.6615297309831671,0.5336367624161605,0.4943478473602382,0.4655083287549504,0.5520722090228133,0.4798151915578361,0.47653614850818005,0.4722314661250966,0.44279970405055286,0.5146897540483492,0.4665602114871896,0.53629467490862,0.48034895477241035,0.5795263141265848,0.48135124825308645,0.5223415202262819,0.5397982658518621,0.4172571737487284,0.43924549212641434,0.44230980799552955,0.43368852336263697,0.43776423625212285,0.507550023522807,0.4920868095119697,0.4705898750399975,0.5581836820365569,0.5012043533621919,0.4194850315150595,0.41944033479615406,0.5401293786636315,0.5591757305371489,0.4689677190852455,0.4879926870150234,0.4742645159952919,0.4656461337303064,0.38732583559237665,0.48059294044291545,0.5077236862915304,0.5312082336036554,0.4755827611808765,0.4255828446033467,0.6284473818466237,0.5179038271416595,0.44160604768191175,0.5356976471621768,0.507620273173725,0.46352646938710484,0.5673831736483175,0.4863071020335895,0.45017579747136993,0.42997654053674883,0.5892793575023915,0.44753999356613633,0.6316449985145768,0.39968602214147886,0.5309374195168988,0.4401180970840274,0.50491487446689,0.4166291078318392,0.5524083941203926,0.4432203762726282,0.5293850625198949,0.48124156314696115,0.6409302173104802,0.5422009608133597,0.65086174394431,0.53405629530087,0.4202899023486071,0.4801274946102116,0.4633152117680396,0.4345956216673463,0.5287382525259737,0.5269661126863499,0.5222769371441937,0.4705416469574109,0.44092887360551836,0.4327266664106029,0.43589689230988704,0.49256677764571416,0.5353794656843761,0.4233365881101488,0.5623589344913816,0.4402226063694075,0.5837188585975122,0.5295992233878383,0.4738423115324635,0.544539755271433,0.50349938139859,0.42159276694619513,0.4649241104574235,0.5479310164349733,0.4309052197288495,0.5500889658425269,0.49848626897784604,0.5900428606001049,0.5417051095570533,0.4571642159434376,0.49705775340132613,0.5448093077769391,0.45986553287486065,0.49770126943140314,0.5105561757059353,0.5930679378085402,0.5398133232876252,0.6360663529667226,0.4338850314799873,0.482045439138375,0.4698826792304683,0.5230224317898005,0.570841000937246,0.622984504978109,0.5693053855843775,0.5932753661404092,0.5504354629779833,0.4377157278795975,0.41014722385649066,0.46648494973241456,0.46168914191158583,0.44368240401560743,0.4797202359655946
0.44635603422367454,0.5631412825436133,0.0,0.43128378398434997,0.484309631223171,0.6181827569386206,0.5011065328896239,0.49708426761391894,0.39983329714970034,0.5389641841673608,0.5735682062923628,0.6255673679562982,0.5285810405981947,0.3938967442760167,0.515765217252793,0.6071077700324776,0.5286129971609792,0.4352680849371668,0.5216071209337756,0.46841559149140927,0.5448442126863654,0.6680702394593597,0.45925749685439715,0.5490728161555204,0.5273132981418978,0.42162630580333915,0.42294446384034945,0.4555370162217756,0.5118796034108908,0.4634759792830899,0.4708472518134881,0.5503907460505872,0.48666089417538133,0.45917289245249276,0.4203295446632187,0.45320874134679234,0.4940202589482809,0.4316876408141587,0.5466878296226957,0.4822944061149633,0.48300284476863503,0.49645832945835006,0.48324192752054174,0.4843350265994895,0.4894441188371831,0.4576205431675374,0.4768527761210074,0.536639844970405,0.4881275691850241,0.4482401428964405,0.46063140475486086,0.450960367611814,0.3987917956880782,0.5110255904744194,0.4805340546220312,0.42482789124619624,0.43973690782366054,0.604167533298697,0.42819302298434114,0.4443102879056186,0.4780691535204094,0.3871913930238088,0.44302144977694663,0.40127694714540013,0.3941858074253382,0.4004751899625666,0.4220696176041621,0.4754294752780716,0.44525383181892914,0.47513299016491134,0.4564878017845192,0.3735888677981995,0.37482449137113516,0.5098796202056605,0.49624117523223726,0.3983078392108816,0.5006930100477089,0.5092990528724878,0.41341562001476717,0.3931365639893875,0.47708505552324176,0.4223509410557031,0.49590574089304035,0.43119031552296044,0.38978485411091196,0.4781368647679681,0.4450325937127974,0.39165082241731214,0.42702083653472755,0.3995969476320267,0.4460224975000488,0.4288406372707181,0.49958945305178254,0.40252422483204936,0.38903056246969475,0.5222577999564335,0.4029341323684127,0.46471506377829913,0.3561381990397221,0.4223947585692068,0.39356397354959505,0.4955531213098891,0.3749401869271478,0.4857095132183454,0.39180268529488443,0.48711233426092465,0.4669184306648518,0.5062631099809407,0.4890806884697459,0.6108590484740355,0.5182575205810639,0.3863621080064922,0.4218447643233387,0.4085875795155891,0.3939502666310307,0.455263759060281,0.4383793587478232,0.5614598233261024,0.5001778829344099,0.374510258481641,0.42726716098648987,0.39141645336018205,0.4277626226548966,0.5027991780902684,0.3714515800410745,0.5865186998630652,0.39153239232656833,0.5364475770807183,0.5088278067609664,0.4321486450438848,0.426852023519909,0.5277465111368609,0.3748424930757407,0.3968580889245138,0.5045417984073817,0.4175152671185797,0.4921836097784033,0.44046215219524254,0.4983757017853623,0.4773119290164608,0.40919481419208803,0.47511362988975875,0.43626973237031125,0.42207098959392714,0.4783163486242745,0.42332418895349955,0.516926791601313,0.5272732468626146,0.5540184292470539,0.41670547849866135,0.4089481303337321,0.42876707944639036,0.4847907475265222,0.530653095098092,0.5448320837106168,0.4640837063247756,0.512798508555172,0.5267316318326576,0.38170264707450086,0.39373592636350435,0.4332326234472475,0.39526774993710373,0.3932321841561066,0.44340316913871525
0.5541569432794218,0.48583747933545346,0.43128378398434997,0.0,0.4223561059580527,0.5088175302057595,0.5377281749061229,0.5063569559516471,0.43933704049640193,0.41635057811400794,0.5520452136532645,0.44658209523862435,0.530895525003572,0.5444574676690609,0.537755574540508,0.48718016885693105,0.5877020502604751,0.5662194911371415,0.6094382375906867,0.5618960369172596,0.5886045686432133,0.489718588457204,0.5235619466054561,0.4790617566054247,0.5060239626227372,0.5208234593510933,0.47180741346507116,0.6377397733995481,0.4137849710115699,0.3885913203522072,0.5093758204753207,0.5487646132725049,0.6750734776691153,0.5955717867234689,0.6046596249038327,0.5875136863556945,0.5009730782070628,0.5740042960217361,0.5406022828753055,0.6154028658131051,0.6567894878728233,0.4792569437171482,0.5408202762875003,0.5743712713133299,0.538046819512364,0.5576983098413975,0.41521684148742455,0.4791681955201838,0.5779371396279304,0.6035147289201956,0.644203476987317,0.5958991687961257,0.5774335932140912,0.6013604218411905,0.5220446088476488,0.42358624833980374,0.6261178551955192,0.5329793451219934,0.5995075632612981,0.6002320592548919,0.619288898632104,0.5110700032058695,0.5919542483913672,0.5088710326318752,0.5815993587792861,0.5851093723125352,0.6060492601088098,0.45490495968948774,0.5172667731031985,0.5518201855225542,0.5667540552117278,0.5167815749101227,0.6085028759178496,0.6403874022715706,0.6114493250008642,0.517903757620536,0.5740704586386891,0.4514288515131173,0.5948858921682202,0.4542683506399447,0.5720002398600726,0.6247492385656628,0.4076947124683838,0.5663753535781083,0.621063082133437,0.5407566814107668,0.5905985054487448,0.5547997769791518,0.5233665839953556,0.40383010241521883,0.5770314811578724,0.5728981825061339,0.5468789581260094,0.5952077065966006,0.6295175869147929,0.4392861670823385,0.5477277134896884,0.553573205100049,0.5077409494841918,0.6027029036618827,0.5176239662338178,0.5658916765486568,0.6077562909799353,0.4606349875107456,0.6109885455897999,0.502573671656727,0.5946196973266495,0.5057332155859441,0.5658338902669201,0.4643430824624649,0.6483392503999418,0.5933041815733008,0.6707078642020486,0.551015352724905,0.585078558612375,0.4879548482951293,0.6195519299335385,0.4544643183009787,0.5793299816574398,0.5245955620412199,0.513686344532179,0.5806821564004061,0.6224732508677515,0.5402743988331891,0.5504831719410546,0.4751647635066532,0.5896666960502117,0.43815239011219487,0.542833236645674,0.5402458843045951,0.40499306757188575,0.5543817855091779,0.522667455794762,0.6471702779782756,0.5551337658993342,0.5183108959719206,0.408033696935771,0.5804443824453372,0.5426812628783126,0.5739282553175394,0.564290292566533,0.5255820304259237,0.6318282982291886,0.6149057492476704,0.5561627399896427,0.5106179150623045,0.4615294240442875,0.5085168350879787,0.4600340974264051,0.45959410213585217,0.6649209919092227,0.5719799013141189,0.5744737823660769,0.39469089184441825,0.5743860081229627,0.5399065483626323,0.5271587357207779,0.4616869144875536,0.6200321989732408,0.5525620851924429,0.5358982150129801,0.5794317703389107,0.5511696489934869,0.5769528331784638
0.4660754888048009,0.42619144361904354,0.484309631223171,0.4223561059580527,0.0,0.48686598520301433,0.5268635874907321,0.4109095940310808,0.3915380288617048,0.38923166926653724,0.5214009505170275,0.4559707890112613,0.4882607623453409,0.39258880816517355,0.49620235066601137,0.560156331514527,0.5105574562581774,0.4476338428441219,0.4283025734069799,0.42401259444535105,0.5193641507820546,0.49665816811137714,0.4552936937603066,0.5262528204344178,0.438170013274224,0.5313372234135261,0.40114782759636863,0.413887385189594,0.40083852820910193,0.49012830295733845,0.42487462814590365,0.47523024627101074,0.4623338135778889,0.4295624551491041,0.41519553487645594,0.41629147569680514,0.507564322641784,0.4390947079234644,0.4727244159253793,0.5066851384431749,0.4747563687211378,0.4741248216854424,0.5136742296843396,0.5269751736561873,0.42661715010735635,0.4656494821537045,0.5410438833611104,0.5250559312043537,0.4847212010742558,0.45452541393616724,0.4959412114303586,0.5079162032649861,0.39353736891996915,0.4374734648478783,0.4245482914710173,0.41416822548230725,0.45830462026663443,0.5600806255436847,0.3982045390318408,0.4340787404798725,0.40248024532337073,0.4165515771149577,0.4753531409575433,0.38068473112910994,0.4077389694757286,0.4046457396838437,0.4162894511834795,0.5426365323765255,0.4235434817066497,0.4409792382180625,0.5128357850621644,0.38658846169499006,0.38134802049101496,0.49260848711365907,0.43192326831252076,0.40629090499068604,0.5132694440055644,0.6347954873060999,0.433545282693061,0.48859930574874,0.48490611971369474,0.43048568432093975,0.499076522136527,0.4154317912691743,0.41304964783855613,0.45204265950368405,0.42783131206982655,0.40266678119039667,0.4068620040678079,0.38799964873716086,0.5453151480185279,0.4138366625250586,0.4886373528000358,0.41137463652490347,0.4093527460966222,0.44394725219848785,0.3645301451383607,0.41692224412286866,0.38163249712947644,0.4095911691614577,0.39291769024071965,0.44145010515984356,0.3937880875192133,0.3943052750165127,0.39624112448172377,0.5253847108582227,0.43165263668177656,0.4413905737945867,0.5014295723524894,0.4891833662349358,0.4934951345979065,0.4219268901429632,0.4242153784610718,0.4005851834327318,0.4240323971455022,0.48596089649075885,0.4200285651444495,0.44992019672749833,0.44762438650931013,0.3910254809253629,0.5353597214627404,0.4114014548989594,0.4419991273682185,0.5600600515910487,0.39050074705660104,0.46153769508141546,0.4046239579681091,0.49838482794348987,0.4152534862792749,0.44691074717890417,0.38724728919432994,0.5197431030293533,0.3897470952268066,0.41532919595085577,0.4171199284077596,0.4480419334739462,0.4740272396453598,0.48327560173446277,0.4251546930624961,0.470474658266258,0.3855739495772602,0.4547260983386385,0.4253166470565746,0.3978001253648618,0.4837686842488215,0.44622438801791375,0.5146141387231806,0.4993997637104591,0.41720652984153567,0.3849361534407993,0.41568353029863636,0.4093789324866469,0.4347412261009646,0.45118525539850135,0.4818677664178467,0.4443971469936519,0.4821829968990004,0.537242374095877,0.3936225919609568,0.44522672908980915,0.41919935559492516,0.41226500676676936,0.40442601478563567,0.5247245077979023
0.5443292916337749,0.6617918262058592,0.6181827569386206,0.5088175302057595,0.48686598520301433,0.0,0.5906128253372026,0.5919695242857909,0.46807931699958805,0.5188801520489911,0.5879273337047031,0.6464741755393536,0.6456305141014852,0.4497724016208685,0.5970601400058045,0.6257016916135006,0.5990451046811082,0.4998485347142188,0.5872416076924557,0.5474782336034675,0.60232165772769,0.657599622048217,0.529489978961404,0.6124594127666009,0.5918061733422586,0.4782219614502104,0.47646390046168957,0.5381713760051019,0.47204315825612525,0.4992932768019547,0.5579458318023574,0.6280131940968633,0.6076961544740244,0.5704191804704885,0.4948387339450613,0.4988160669240581,0.5758402098771006,0.4851390403885621,0.5667610043294692,0.5726257088552776,0.5552320121229875,0.5832620769655011,0.5174156795544624,0.5400675459107718,0.5893020259462288,0.5496484509660935,0.5349234401965746,0.5281318470664741,0.5541182254395548,0.501335568421091,0.5271964690571965,0.5453261956560059,0.4526583866644942,0.5519727961535563,0.4886005248299767,0.508424423581883,0.5083164995191215,0.6897025923619028,0.46796610910482395,0.5266676598515219,0.5465383589545975,0.4425492927977194,0.49682549673488213,0.43096329732272953,0.44224626694165325,0.4559398425429731,0.4998442639928917,0.5335223375941863,0.4699442225058256,0.5473375669465667,0.5429515207541152,0.41772053373734674,0.4280547779742709,0.5920393084868285,0.5744777488935358,0.46753975901046807,0.5468960842934191,0.5405991897664482,0.48397721587835524,0.4384983330251222,0.5422470648032074,0.5050884112878989,0.548929998146779,0.49480254970679993,0.44456130901867275,0.5955698477720411,0.5233760735033766,0.44036894038161073,0.5130731547729872,0.46844056999433265,0.512150433149424,0.52647565283832,0.5247004336092835,0.4691317222899489,0.44210564072460223,0.566996732388535,0.44677536423986836,0.5775727686108837,0.40362012107296563,0.5225795838612671,0.4389738141078015,0.5238727601145233,0.4250768136308314,0.5072689828842734,0.45015025851618756,0.5831610460842332,0.513605499659541,0.5928954728698257,0.5748766137968244,0.6764785121585537,0.5956185031174857,0.43498494425681383,0.5060575292439052,0.45748979509757687,0.46012718656541013,0.5653117041937131,0.5280051629977485,0.5119498699296222,0.5283828405796208,0.44084995711443203,0.4716981155179829,0.4515539367257968,0.5155532971404018,0.6081044083379594,0.42366229781068565,0.5930076066923742,0.4570012661037274,0.6073467819326818,0.5429339181624298,0.4800977939920766,0.487297081225808,0.5811561480512122,0.4285979710934867,0.4732111555884566,0.5310703440927196,0.45286727990171866,0.5464396427047644,0.5121610276605674,0.5349605666670719,0.5400317179705841,0.4583561870913484,0.5210902050618978,0.5288062755749299,0.46017419200693105,0.5262474010659022,0.501534377949379,0.6081712157646778,0.5868381539833855,0.5627616944243141,0.44449701719774476,0.48238775519455007,0.47638832266906045,0.5211302397293718,0.5371423981322303,0.6440437071484867,0.5457079918887758,0.611006288666327,0.6248461902251599,0.4410857655282784,0.44579849838733354,0.47929814794235703,0.46527922838610014,0.4422904863283843,0.5197333509661644
0.6390121185690544,0.56859018094905,0.5011065328896239,0.5377281749061229,0.5268635874907321,0.5906128253372026,0.0,0.5742000432737246,0.5279530860170065,0.4887236960383502,0.553226431921756,0.5547818972208586,0.6476882808600368,0.4817510482019245,0.7169997834222485,0.5732926863919022,0.5641707109039212,0.5867792494890801,0.5278905244474649,0.5553731109103499,0.5701793486278468,0.5777071308895411,0.686211853858455,0.6088623580282005,0.629023759193569,0.5541480307890786,0.5439757038050964,0.5376590173900726,0.4307633491561898,0.5380745707186099,0.6210993047949284,0.5909302390638977,0.6275810804900582,0.6107528087855187,0.5490689203834985,0.491079773256626,0.6959698081587383,0.5228131522100886,0.5312283488096441,0.6642029331396263,0.5577708177499637,0.6337406063252669,0.5733627748093265,0.5688747720848529,0.6125622037087488,0.6185232964035144,0.5938124091175832,0.5100116556306474,0.6794752120202286,0.5144923350103316,0.5608980595820546,0.5535158794599188,0.4528713420504684,0.4952125708709001,0.468742207298022,0.5645355976229791,0.5321874601136559,0.6358808484905354,0.5005577921999604,0.5369640632697814,0.496518805166606,0.4627970436491367,0.49348478351816916,0.4456061937999146,0.4747836369966083,0.47385185295296994,0.5672909871454632,0.6546990173424843,0.5068191518707791,0.6131726601256225,0.6300538644473331,0.46168981037420115,0.4539289868437167,0.6012858447674295,0.5237052615880277,0.5315330445541812,0.5601064980688492,0.6016650024488752,0.5395025185746439,0.468068592322781,0.5463557639506854,0.5689133492532173,0.5898861865349725,0.4998401756565566,0.48151633937078875,0.6455730614728612,0.5749410592191659,0.5035849117732459,0.5676331626609562,0.5118480203868666,0.603819716515775,0.6139742035634737,0.5214033937446559,0.48017030119477877,0.485448250586582,0.5862080157927878,0.4225790234098785,0.624218096040135,0.44315539337699544,0.5672852516058093,0.4716455903434944,0.5296917001460987,0.4928967065630275,0.5223965243051851,0.47647853615874836,0.639642555084073,0.49104982888696525,0.6315853953911484,0.6517122007500105,0.6042629708657574,0.5886757186360714,0.4875403347462541,0.5379881582564838,0.5000755441232215,0.4941499171197465,0.5987994266390299,0.5618477459209833,0.5110935115032348,0.4852600005247169,0.4959971443007129,0.521555967509696,0.5119638954403462,0.5491275756830112,0.7087715386338992,0.4703628213000797,0.5423380750655639,0.4761903988870203,0.5886003811675724,0.4900903199963794,0.5484695931718205,0.5075695103002101,0.5380011021813502,0.4678369998737263,0.5085949276399586,0.5002779875765534,0.48215474143258247,0.5737823687711862,0.6248532452672251,0.571548822107491,0.6277401133318513,0.48822683529644956,0.5170322333791499,0.5783301637139938,0.4701085948560397,0.5743999248165605,0.6620374646974851,0.6312242774133172,0.6088202469681508,0.5388522531132448,0.41573246415679427,0.5426043947993785,0.49863421627166005,0.49610021468702825,0.5466289082080844,0.7001385716722416,0.6432513180739279,0.6237379598829065,0.6702184767122384,0.497881634121309,0.4883820983969136,0.5210480641772902,0.5289013259206838,0.5137573820146573,0.6051596752660041
0.5867956009767156,0.6828916412630007,0.49708426761391894,0.5063569559516471,0.4109095940310808,0.5919695242857909,0.5742000432737246,0.0,0.5878630704736597,0.5498998549012716,0.5029130007062161,0.5743086650720924,0.6386080781072725,0.4821601803865948,0.6097085290975693,0.5211986387527334,0.5216311018232663,0.5521613795295928,0.557583374422802,0.622238709445398,0.5093936509058841,0.5744837745717423,0.6220983542537605,0.5266528957090079,0.6790749237756295,0.44383108002068783,0.6051955880761628,0.5910831663600974,0.42820614383797895,0.49603175126102217,0.700086307839374,0.5888976507565354,0.5736601592123134,0.6328969452178519,0.5417022266787991,0.4898938047156257,0.5818267839434571,0.5028002625313843,0.5133053723351906,0.5540222835437179,0.504469025025478,0.6051825014320165,0.49285442880351565,0.4660806130939283,0.7576434960637816,0.5806081641617442,0.48822446496932775,0.4433805070113535,0.5819119016935917,0.48678174438095245,0.48521059897935814,0.47157186714151705,0.4500438121060876,0.4828025025508444,0.4528168567726472,0.5746684952688548,0.49668602838749554,0.565288065293403,0.5017094430204494,0.5438738226418808,0.5527605162462934,0.4365399274320559,0.4448563490515872,0.45200942923997056,0.44961318622246926,0.46097495736073646,0.5646649493456422,0.513824899563238,0.5034084761094366,0.6570086704160266,0.5272879060075881,0.44502381494337545,0.4451952261743151,0.5521550148596387,0.5725106438003101,0.5123118242784498,0.49794811191702776,0.46595388852307806,0.5082796391442209,0.3933229542615919,0.4842329367009126,0.5470986582323122,0.5271973078900052,0.5050910242351992,0.4503319710753709,0.7048824039216154,0.5919569192773029,0.48266472942735666,0.6243665228936377,0.5483396689877373,0.483508152490295,0.6228515854556174,0.4738144071371193,0.4642982063444114,0.4542835532815636,0.5711515429492281,0.45223725084572214,0.6886174073755177,0.41981461429247796,0.5901908772581077,0.4593572621174537,0.5364580219878605,0.45035275762722365,0.5488115495462379,0.47245560156315786,0.5561410604338004,0.4868988546834031,0.6984734603718441,0.5582546267689271,0.573175062458297,0.5141744599172486,0.4445633952444407,0.5125798216738384,0.5135225146305591,0.4591146489576312,0.5489102717221166,0.5642248840642515,0.5020316792066157,0.4491667353610933,0.48590288798517817,0.43701374928191217,0.4852463768757646,0.5113887248125799,0.5432032950369594,0.44665798038736904,0.5246935179626879,0.4630415385968571,0.5685196415655116,0.5028696247155676,0.5034546059792906,0.5940645312515584,0.4987874684470586,0.4634589708016968,0.48884739397724564,0.5259085611246684,0.4326561585510296,0.543553931751409,0.5202525263353185,0.6248307886186956,0.5873021915647183,0.47933779746838834,0.4969260558241032,0.5837160726862565,0.4723100258685407,0.5068548495009246,0.5703510400071643,0.57248244910026,0.5493467654707804,0.6081625484338723,0.4280404950236988,0.5259136575451435,0.4831132125930816,0.5110155289462363,0.543227655362018,0.636870107815758,0.6526696605279851,0.6065730474327039,0.5503820032809207,0.4616791327629912,0.4304209261843983,0.49028944139185343,0.49694972870393633,0.48783597298599796,0.49659634589036095
0.5972346978392431,0.5175527807115773,0.39983329714970034,0.43933704049640193,0.3915380288617048,0.46807931699958805,0.5279530860170065,0.5878630704736597,0.0,0.4326684891638579,0.4183202119917872,0.45813044692822036,0.5331742659368083,0.44721851873551605,0.5317662654700283,0.4350790884643224,0.4432941080586821,0.5335363471804175,0.442951799784281,0.5380196302538092,0.42939722831594035,0.4704949318441653,0.5959594977884223,0.4725084584463808,0.5277934800031745,0.4175905022129055,0.5997438964510395,0.5038718082827337,0.35111159440153145,0.5181846663600459,0.5833131653111647,0.46605623755398484,0.4738484702521254,0.5308394687515174,0.5013073659147406,0.4067782450022762,0.5258049195624837,0.44906191439773835,0.41525174188782604,0.49843037749175034,0.42557607682455845,0.606156763991778,0.42900151722055346,0.40566305598140495,0.5687385002753865,0.5282388217789182,0.47884116805077126,0.37588651816283725,0.5097325564786123,0.430245127079178,0.42907023405860373,0.4321278256492178,0.4088644926131129,0.39275073566139346,0.3707511393710148,0.6547712355332324,0.45176713346958086,0.4656305431371508,0.4357626244789253,0.4785719541743066,0.4354298353253721,0.4033988932325596,0.3935991091369868,0.3991009247793747,0.42059831665248965,0.4179665195962035,0.5188344068853545,0.49929691608412846,0.4420015235311738,0.5541055010247591,0.49851463916460403,0.41896936330467355,0.41827023708891553,0.4656339813040801,0.46418789799251836,0.4897559983504872,0.4254454666890664,0.42423328978882785,0.4623771765959188,0.37276505207495275,0.41802064724813554,0.5305897603355039,0.5192108001802541,0.4337080112582469,0.41749627143247514,0.6287288793894387,0.509714794035317,0.45111307144916063,0.5664368260365782,0.6520922639112117,0.46020532258262653,0.5780358543123503,0.4012164544616257,0.427515499419637,0.42672119569085115,0.47832544701001706,0.3871605879034512,0.5649523809275212,0.40627568481700094,0.5374950654757015,0.41315333959189204,0.4282666766458942,0.41776105999441254,0.44041520474595036,0.43109400148176014,0.5121612646053504,0.40438905001206954,0.5805172777577559,0.48720925908823837,0.4800749118280581,0.43042117049041556,0.4189072597935286,0.46181644520360815,0.4664878802216797,0.4260813332189057,0.5660366986371043,0.49488011411471816,0.4105783610089809,0.3716357551132416,0.4837893799740639,0.4166825710671714,0.4453984275619548,0.4743846953991325,0.49137733340405015,0.43388525434967257,0.41229111131087354,0.4311429809117081,0.4929398729006432,0.39600226314112263,0.45500578352689597,0.6518544192851304,0.42614280153813816,0.4416593736650021,0.4697435156551572,0.4242233025622385,0.3956243400533351,0.5195554659070207,0.4843537240697431,0.4945685902991762,0.5040997813578584,0.41288245777121657,0.4242973395552055,0.5418788455066171,0.4070183236529434,0.43570495183833097,0.5926043884533713,0.5471573562456279,0.45851575889272467,0.46706781135147524,0.3699130155319596,0.48753835846768057,0.41735604831553413,0.4403242717691109,0.4931933766531913,0.4995227314014176,0.5859601969426819,0.5451611512026068,0.4998821095247953,0.43167059588341605,0.4015909597491381,0.42627915924140136,0.4777351214907405,0.4572198554003322,0.491101406016462
0.4425250769352477,0.5805442289992248,0.5389641841673608,0.41635057811400794,0.38923166926653724,0.5188801520489911,0.4887236960383502,0.5498998549012716,0.4326684891638579,0.0,0.4788384418962576,0.5601155561399959,0.5108157761254607,0.41590261853525096,0.49553402858461604,0.4993230912188968,0.45072298821752294,0.4449033486459015,0.47379282887372187,0.4711847861573856,0.44097734564270297,0.5232786041531435,0.5011067792062223,0.44678116691291003,0.6376371003424849,0.386479426268261,0.4939672521840159,0.45928091213296945,0.5318360832241362,0.44958170919212853,0.5379761315673969,0.5325196114573434,0.4703198835205494,0.4714663119144564,0.4437737826910158,0.4467576650769753,0.5015873944546294,0.43800761105167857,0.4707256412463845,0.446311254000526,0.4400007968885832,0.47439833792096625,0.45133382849708853,0.43289715165601367,0.5277703844415091,0.4435284184007794,0.4434158732696869,0.4530973277348672,0.5023894164630707,0.4107496905213197,0.4102824675442545,0.38890187062664233,0.37843490138811814,0.43623929674441964,0.46045123024593637,0.4565407330175268,0.4019263965502657,0.5046672099779761,0.4438414958235923,0.427542327983903,0.45840479458499145,0.37720174274546214,0.38772975425734213,0.421606569033807,0.3743077422695825,0.38143423408449173,0.43321925698473873,0.45532479359518147,0.47743546103829004,0.5211731118701417,0.4207063094567459,0.39374087240276606,0.37114293257871284,0.45062021690935483,0.47001766618038915,0.4320605696237498,0.43281583458016404,0.45175208091446845,0.4135123148429443,0.36071476913838707,0.4400036857576333,0.4062187348506024,0.4761438047801278,0.44571775765556837,0.3780538517566913,0.48748292167625096,0.4727045470622223,0.41445180488426486,0.4789074311648835,0.42168565342256387,0.4098156144459533,0.4669224177809098,0.45363656242199074,0.37871202494787265,0.3805944359854306,0.6284059457278011,0.3824095828321799,0.5208917957174912,0.365650067736558,0.4344142643882603,0.41901487223646955,0.47935349275575523,0.39132840868846835,0.659851159452751,0.3937172323238153,0.4462177510613026,0.4222870579911167,0.5682009901183607,0.46688223270307455,0.5173371646086292,0.4457142882590295,0.37784963868173155,0.41599556117598696,0.44086557996793446,0.38479620234566236,0.41818218852266575,0.4594277687314443,0.5836363637860915,0.4361804492293186,0.4037038123819661,0.3803615074336742,0.40975043615795936,0.4120614425437632,0.4539153741163691,0.3825501329389233,0.5937321798098903,0.37543422813342836,0.4916095710993559,0.505708276832955,0.44572431735555584,0.4921444746229879,0.4316453208947098,0.3900453720668375,0.384907013652483,0.46883776739237026,0.3932572588274823,0.5016961046541827,0.43900308420408535,0.560947156669175,0.48885588404331676,0.4535078551135791,0.46662470133958184,0.4306264652445615,0.4182865085249033,0.47050757406559973,0.4531336240406319,0.45655374019906525,0.510935002534039,0.7478467099544082,0.41134564101715776,0.4122114738657831,0.45434929916982325,0.4234532943855623,0.5249312495094179,0.5519589463194212,0.48728585542251784,0.4675732416442801,0.4795066239088361,0.40100991483743803,0.3775407712999764,0.464229152218531,0.4174846074299077,0.41944207340041795,0.40082147707484816
0.5241134502635416,0.523448480193532,0.5735682062923628,0.5520452136532645,0.5214009505170275,0.5879273337047031,0.553226431921756,0.5029130007062161,0.4183202119917872,0.4788384418962576,0.0,0.5170442744474284,0.5911562261523815,0.4974563039146514,0.5576168123799745,0.6829204606021699,0.6869024910569602,0.5305813607257174,0.5925753237573923,0.5480531727009784,0.6692555358348731,0.6119889498237273,0.512791286569266,0.5322967539811451,0.5500741963483811,0.532284126031095,0.4657527194162354,0.5549642421233114,0.5258064042429825,0.4376048766355914,0.5066821832910618,0.6541013063230199,0.585944118110929,0.5280442118771351,0.5313594872887109,0.5839420084670334,0.5610854324566774,0.5740246146478605,0.6582715054882451,0.5955728771900527,0.6296561052833128,0.49903628382239607,0.6250760449532882,0.6610950098734593,0.5289449183859544,0.5234726091561943,0.46212809690079704,0.6812526986240962,0.6093196770330892,0.5846890393299641,0.6061250402211608,0.5491748620381238,0.4887994224588483,0.6189798375289108,0.6187382526951446,0.42142328063176415,0.5630195407300342,0.6791733007848543,0.537532281262353,0.54134794435561,0.5779207561183076,0.4813086431309001,0.5833409488662825,0.5064992465104253,0.49071054170698053,0.4971183344975746,0.5138027557596171,0.5067437310102256,0.5594295279592838,0.5556957571388985,0.5570331994439556,0.47337273897011606,0.48280780434470233,0.6447987374947514,0.6126213561101246,0.47380845179730907,0.6579625549676945,0.5554708765756633,0.5176558458892445,0.4834904193416952,0.6123661511626379,0.49992451519494263,0.4572369016118108,0.5557324656396792,0.5081974884898682,0.5256749521371239,0.5579972678991524,0.4925989623472528,0.48093471513748637,0.39482012651728,0.5805295822277838,0.48745263965794045,0.6786224719045901,0.5013457081539245,0.5068973064384195,0.4998922019604377,0.4792653960920287,0.5054874820024275,0.4511751347164622,0.48991978658413565,0.5019567161738048,0.6193134071959248,0.4775372891511043,0.48817510270250486,0.5039341198871617,0.5326069216243301,0.5800529417784204,0.5290758052254054,0.5770200044858762,0.5421146169483541,0.660574683972048,0.5095741706551918,0.5438635697265711,0.5149892748435337,0.5034219933559957,0.48167015757396275,0.5326569851678259,0.6006858352384739,0.653749243043025,0.45760127129081896,0.5551387131861809,0.4954830270290434,0.5474948529224206,0.5781072062554982,0.47980823664656047,0.5984260055299379,0.4845145598984058,0.504568683271321,0.6091353880684872,0.5462542610969695,0.41455863265857407,0.6640400836853696,0.47594914998006316,0.5065979875429101,0.6001690139629957,0.5397386246642346,0.4635305916241647,0.5609905682558055,0.5799567920322265,0.5859520228715287,0.5064069451851589,0.6172731761349048,0.5128399314497515,0.552997673120089,0.6430498353666728,0.4787222736654449,0.5005020129112562,0.5795381921735248,0.5367504590197416,0.5031526176002007,0.5207743142413287,0.5451294057297953,0.5806869098862353,0.4462647940480733,0.608849570958637,0.5278210893591385,0.563621066975121,0.5116263833987786,0.4936662592246365,0.5170931260052176,0.5250655601897266,0.5016340960218678,0.4872743224500662,0.5617370654494888
0.4751755085239681,0.6711293918405301,0.6255673679562982,0.44658209523862435,0.4559707890112613,0.6464741755393536,0.5547818972208586,0.5743086650720924,0.45813044692822036,0.5601155561399959,0.5170442744474284,0.0,0.536429825329393,0.3978686911950465,0.5684263391569968,0.5388435092285772,0.4920650474052557,0.442486941916706,0.533458881675501,0.4907661167004484,0.5146055845574146,0.6471665062116929,0.5092034699666147,0.5882244600414686,0.5869619646959332,0.41744241714769287,0.46140885694876094,0.4677349461989165,0.46373137063414693,0.5017560573989516,0.5510916429033497,0.5313718048287714,0.522200454519019,0.5160330002900856,0.4455387952911112,0.45022028005979686,0.5207311696692724,0.42775236923503246,0.5343136299059197,0.48972600119804843,0.479149525001085,0.5575674156720978,0.4587558776156979,0.4708726031385282,0.5528185089391496,0.4747913228245045,0.49938874553023005,0.4776900809322804,0.5027857997552525,0.4349164522779078,0.4477370249431986,0.44973834046416444,0.3906105594348057,0.4897728916714932,0.4485023404143862,0.49567157229504427,0.43455987035022914,0.6002974707943022,0.4223334039505946,0.4536877933186415,0.47203126132492185,0.3815345645137646,0.4156850176889168,0.3969896914950273,0.39033279448298863,0.3929692030105834,0.44508752578302746,0.4844475267461992,0.42700563445101947,0.5007530489420692,0.4639822169800339,0.3757679552841841,0.3761382318103577,0.4961954439109932,0.4831019374053723,0.41227503289539,0.46935666979538,0.4963591903716069,0.4216961336824706,0.3762968117937383,0.4486083809844666,0.45301227067793953,0.5491935795858995,0.4245136062659861,0.38847941444436024,0.5358044701437453,0.46531566989783113,0.39577626167662,0.45906043360298554,0.473244065119123,0.443943811960743,0.49077940794655484,0.46169161516573876,0.40074837124022056,0.388247093538705,0.606060647732269,0.3981885431042632,0.5433954662687653,0.36285651555489523,0.4546852573011035,0.39731695122038657,0.474073484628143,0.3858589464997123,0.5371618130304984,0.3943239538698084,0.49964850359728635,0.4411230892996657,0.5669879623074164,0.4924813204062527,0.676906999537477,0.5197368988212456,0.3873233830332613,0.42761888718724145,0.4143997178586822,0.39351067754613867,0.49339139782312796,0.4534120685569539,0.5135799554078009,0.45768718849791945,0.39478496458591883,0.4135384383986147,0.40187641090828413,0.43948595834923443,0.515800971432626,0.3783910855569745,0.5682861800694101,0.3946889341435217,0.6040661713447948,0.4912506141068184,0.4285466966745051,0.4902930604313217,0.4804596179891672,0.37920756057428284,0.4163138114353043,0.4987303747483615,0.3975537150019464,0.5445397703058263,0.4567465134666588,0.5165062205607063,0.49357748862011375,0.41442035225563045,0.4563530260817876,0.46843408852111756,0.4155479176498621,0.470095286307851,0.47180519695887363,0.6012374434704014,0.5072898182520883,0.5840002969393759,0.4010993280258412,0.430959408460183,0.42191492681067816,0.4743310418034575,0.5975977858080326,0.5964152951903823,0.5036655463456542,0.5327890999061469,0.5749913118823003,0.39445154456657944,0.38326322314009337,0.4214112854334417,0.4101111064930947,0.402297695639777,0.4532402408197565
