0,1,2,3,4,5,6,7,8,9,10,11,12,13,14,15,16,17,18,19,20,21,22,23,24,25,26,27,28,29,30,31,32,33,34,35,36,37,38,39,40,41,42,43,44,45,46,47,48,49,50,51,52,53,54,55,56,57,58,59,60,61,62,63,64,65,66,67,68,69,70,71,72,73,74,75,76,77,78,79,80,81,82,83,84,85,86,87,88,89,90,91,92,93,94,95,96,97,98,99,100,101,102,103,104,105,106,107,108,109,110,111,112,113,114,115,116,117,118,119,120,121,122,123,124,125,126,127,128,129,130,131,132,133,134,135,136,137,138,139,140,141,142,143,144,145,146,147,148,149,150,151,152,153,154,155,156,157,158,159,160,161,162,163
0.0,0.5733304720925638,0.47960409565836504,0.5924929346395329,0.5122166222267505,0.5717485267528702,0.5600817182764392,0.5806865215153111,0.6528360058595479,0.48777405114218275,0.5951186037818279,0.5091853492239481,0.6776177726201502,0.623405418803585,0.5659178925753088,0.5884263255836869,0.632347806949136,0.7173469726854343,0.5428509203269889,0.71673200890674,0.5947125812455549,0.5647676057769667,0.5561206551847919,0.5546827164308602,0.6134114878193864,0.5546920085245237,0.5237098339206473,0.5906211913347224,0.45308191366290546,0.5332225783318264,0.5817033501808833,0.6057608081143706,0.5484909253919226,0.5509915827470655,0.711949660371759,0.5347125980817519,0.6524148180266465,0.6288711648930734,0.5034376239264163,0.612949363089449,0.5272840494788583,0.6455359257612957,0.5984030122449809,0.5946315938146709,0.5976969752645017,0.5937694002793003,0.525664497515054,0.5373597372488906,0.6288472318077144,0.6149612058590999,0.6243521720588707,0.6050613059934745,0.5991370006551413,0.5464009727085052,0.5320095167583115,0.6199631089380826,0.6975081667698404,0.5613815089132359,0.6083818484966879,0.5978613813842066,0.585811209633508,0.531309395233052,0.6403019142186025,0.5379825423472377,0.6137458245351655,0.6220994633741116,0.607018059179513,0.5950120561487042,0.5477448673181096,0.6515454911169024,0.6401959160978973,0.6371934899984383,0.6488591398399067,0.644458252223052,0.6034419424934249,0.600021806960283,0.5739311016412173,0.5389891407778097,0.5636845118356456,0.529711320505442,0.568179668861939,0.6105400039404364,0.6061363837352943,0.5977289490953483,0.6446935797432637,0.6255409542121011,0.6420174918363257,0.6016753101120732,0.6108096345756856,0.5799334058356328,0.6173189696299589,0.5629081144984845,0.5743190697954597,0.6418780798502228,0.6629492076402179,0.525288656714172,0.5144771366594098,0.5574994192142361,0.5570716304532519,0.6005990591416945,0.582762928924654,0.5390285613225672,0.5351912890918019,0.472526973687772,0.6455175828063026,0.5933243331752095,0.5512163815571995,0.6240370286053761,0.5637743137094504,0.555579094359106,0.5788139367053631,0.6161393994270581,0.6505300457302463,0.5850797752385878,0.6480830571235463,0.6473566315327222,0.6577891665249606,0.5049264277250841,0.5512992250091479,0.5680531937129318,0.627552485159483,0.5363125066231577,0.6587514826163158,0.6101968056087655,0.6426820952325517,0.49665382787288237,0.5418002402263071,0.5306699276231361,0.5245787996292287,0.5827345685273643,0.582461599660502,0.5790266088953978,0.6252490594981926,0.6257676770998729,0.5474252523738494,0.599241468477335,0.5888645618345001,0.5987541763285682,0.5646510244123856,0.5636675106360406,0.562373533459644,0.6066955592351937,0.6330929562469,0.5555173344945825,0.6009275761179202,0.5814807401150434,0.5707188932679459,0.5256480870048094,0.5350969132874956,0.4641296075606054,0.6686148373096714,0.5923348351575181,0.5635344988010744,0.49566599023559016,0.5602120840534417,0.633157654666027,0.5692306636992657,0.5812238895460983,0.6227609251485456,0.6225273865245609,0.5374543426321727,0.6934778397637459,0.517758524271364,0.7234312203556508
0.5733304720925638,0.0,0.592485774479265,0.6147670945851275,0.49179673696917653,0.6553508380480303,0.5459118184487323,0.6716446442496813,0.5470364261021244,0.6274571262348001,0.612732976756606,0.6395131519796926,0.6269849375878973,0.5736507908548534,0.6087743096118794,0.6185648131600118,0.6187820071133905,0.5666699250059334,0.5981093209335888,0.6437942800762784,0.6481489147262686,0.6609686874435248,0.520554903880314,0.593888190286714,0.6664033255374473,0.5117087172347925,0.5062722843001412,0.5380793710610959,0.595551482600919,0.4882416212878959,0.6282170245112179,0.6153286991617408,0.6474264188492932,0.5397653595495472,0.6141205526759872,0.6385534680442899,0.5871160875394905,0.6116210777960338,0.6149089264121546,0.5961763106107295,0.6312741364548944,0.5755126320719751,0.5729791975003097,0.620509106973219,0.6572948443078596,0.5692785890423963,0.5170670938758328,0.5806302337708493,0.5764696377255646,0.5953690600043622,0.5847434533147167,0.5662298308119063,0.5910924226825083,0.7153286220971283,0.6543610821795023,0.5853238446901864,0.5966478712136445,0.5979759932342485,0.5973144520534885,0.5992681737288649,0.6757224938014937,0.5099102626296806,0.5897061937149384,0.5676601780036389,0.5454591381963677,0.5575144326526033,0.5653021142515137,0.5357714240805381,0.5175052156721079,0.607873894211463,0.5650497583937704,0.5754843217310709,0.5226508216479845,0.6301303106526609,0.6341400492260932,0.5237317289510671,0.5589751860544447,0.5627393142111319,0.5474891753440914,0.4789064281921339,0.5935070881628972,0.5539301556769759,0.6278219312385956,0.6183167978358372,0.5600701735678705,0.6466066298273259,0.5725609906369419,0.5217217872880505,0.5752366391747347,0.5784294602636757,0.5283278841443222,0.5684534413447433,0.6302804557554752,0.5560258810962786,0.5742920100558278,0.6382705457670936,0.5809471918431306,0.6034592496750391,0.5060541291179643,0.5677964174033766,0.5968720521786604,0.5720071431932786,0.499342168500079,0.5799966510277066,0.5787805925122083,0.5709980503533749,0.608476251594871,0.6428694220841993,0.5922568524509669,0.6248264142608716,0.5992013636574538,0.5443492021324384,0.5566734022867058,0.5590820266297959,0.5766075021026419,0.5685315404017575,0.609629488416589,0.5469180676491756,0.6346200672577718,0.5135930642095221,0.5565344230227179,0.5224741358071426,0.5584623366827031,0.593093444412731,0.5368816108768559,0.6411896668756341,0.5071384289089385,0.6060084355119988,0.7184201467956737,0.5878122942688583,0.5705264310013042,0.5963199411788698,0.5275178604738019,0.5653895823501416,0.6526963360711828,0.5771008985952171,0.5995906627348314,0.5824600020736223,0.6489721163036183,0.5841495752311753,0.61939092503204,0.6370208773798732,0.5983612515254783,0.6003216961027171,0.6465309490485025,0.5026398136470429,0.6049709272237577,0.6007002179720216,0.6703383560522206,0.518370046182076,0.5682890941403291,0.6464868990380243,0.574616900115455,0.5771136082158187,0.6515696575046604,0.6049723792742304,0.5230923044438947,0.6082566456621176,0.5708253817997675,0.5091124535552026,0.5802772661737767,0.5690520291113711,0.5172562941840712,0.554648956929934
0.47960409565836504,0.592485774479265,0.0,0.4983454784531558,0.5176949558599842,0.5855255294174707,0.46725210722497507,0.5506444577648977,0.46586662097171916,0.5894825682930366,0.568711786624012,0.5489302380761559,0.5419126930132427,0.4829353348508143,0.49935235489604013,0.6088350105535593,0.5745919785802782,0.4929826079256954,0.4876879723320666,0.5061201627264938,0.5883372314935598,0.6751979869752779,0.446341837356153,0.5019951043416546,0.5419308318428104,0.47488355687381933,0.4498048174706537,0.4572937335296126,0.562267179467491,0.4638579631972544,0.47987577476511145,0.5335563854187622,0.5138135601337728,0.4363298051908971,0.4813876152708276,0.5452037802522737,0.4993781318245309,0.5243186354642835,0.5015434600268049,0.501635761618793,0.5280184690792545,0.5487442534462348,0.5237426532614938,0.5237532718553352,0.5179207895483702,0.4737833658910803,0.5094991453265539,0.5460438173028664,0.47918598560606135,0.5254021816718718,0.5037664711630627,0.5107137527403584,0.47989959773288277,0.5775858910915298,0.543234419832025,0.49416601167304625,0.4874326682282933,0.5884346951765783,0.5041131531545896,0.48178154255991296,0.5268119754933605,0.45687197681810904,0.5523785964635834,0.5102284896863568,0.46019506921084785,0.463986503324306,0.46151740285256376,0.5076278040971162,0.5294637607687931,0.5302591826405796,0.496953735084509,0.45954471835333854,0.46385715749511985,0.5508008156253658,0.5619361123725454,0.41736015861051584,0.49889063300355324,0.5288415680526732,0.45639235192763344,0.4187151288304503,0.5300344953509983,0.47044856439897853,0.5477843874437107,0.5188971746983038,0.47440098319817753,0.5286343152458065,0.4835279539882768,0.4504121681410122,0.45918193551097886,0.4610312408575261,0.5025956397916925,0.46035785532923046,0.5440729889012453,0.43616949854408743,0.4856846805545763,0.548960835549932,0.48165744864870536,0.5040690774139445,0.43705344362557863,0.45951198900023227,0.4520318785330917,0.5099016115648638,0.43883004046091556,0.5243523130422055,0.48404237670268546,0.5168321245694562,0.5281327440091239,0.5571202515932543,0.5032185458922558,0.5359051416842889,0.5005323363983748,0.47199794478361,0.47583622935185094,0.4823330085812003,0.46952374096197613,0.4987158221918324,0.4763257265939576,0.5076937565326113,0.6376253339853108,0.4495688275613154,0.49482575045845595,0.4594878275593905,0.4690946418297243,0.488889503087922,0.4377637467442891,0.5382616912338839,0.4587936578848913,0.5270572234984364,0.6016300965883007,0.5027280378673518,0.513007737463733,0.5983799699030915,0.4266864997803792,0.4593022318829563,0.5289960969994835,0.4860039445250502,0.49736996466205396,0.4794185706061122,0.5473538877316129,0.4806636866441043,0.4889120309492484,0.5585562990800813,0.4810922401757304,0.5357066424731386,0.5317477590194741,0.45575418698496006,0.5470997778435748,0.5165964140011737,0.6013962345594338,0.49437757742273775,0.44530039800077487,0.4979964173889561,0.514647234211187,0.585392830030108,0.5457074331926369,0.4856263910061499,0.43894977434662763,0.5372615577983728,0.44139360545787076,0.43709545723386967,0.5074444745195895,0.4500813484652125,0.44690767806069903,0.47848454072854646
0.5924929346395329,0.6147670945851275,0.4983454784531558,0.0,0.49718835704306735,0.5531772196494713,0.6181546874721717,0.642839858071697,0.5560734053588559,0.5174449217181883,0.5515137507168318,0.5637079782869849,0.5941670517287304,0.5674592661281491,0.6275884946059798,0.551258458237938,0.6018923099873259,0.6092465138263208,0.5719088228218617,0.5791229713554965,0.6263084661334821,0.5611263070678609,0.5886503481900447,0.581632183164043,0.5955771773030045,0.5658992494568459,0.5431400538321297,0.5605506284196353,0.46785480424014314,0.48795736376220844,0.5904628433692759,0.5677732329020184,0.7048285769365341,0.5814151593446926,0.5962851343990864,0.593996700609562,0.5706651560923431,0.5838058882299949,0.551457739474637,0.6824671357864015,0.6203564441683274,0.5768550859405669,0.575270346414804,0.5827542541880885,0.6490907927137171,0.6305593290436301,0.5147621616150678,0.4993795762946191,0.6046001076639738,0.604754511526636,0.665371338898791,0.609323185269683,0.6044324948963888,0.6487656736350174,0.5755102453016633,0.5733369638253272,0.6383017998681169,0.5764611734248779,0.6142588088806238,0.6398424644708577,0.6084694516064749,0.5256460714460252,0.6031066892837383,0.5222453681776679,0.5796117429042539,0.5901857324525599,0.616071890220109,0.5370152327689389,0.5082504461681472,0.6096451548584484,0.5860546993807916,0.5792349163891676,0.5566562999423392,0.6933067459177077,0.5778375963301563,0.5328146113860519,0.6025741340834878,0.560733432448773,0.5841273593332753,0.4716726163328651,0.5428963335283131,0.630434261051828,0.5841398839001729,0.5574767550537032,0.6270197539428,0.6230720761237614,0.5633211708721364,0.5754931940539717,0.6111208340665971,0.5850893432714505,0.5922109358445893,0.6146152078092062,0.5867046831631205,0.5779219934358432,0.6458600081744541,0.5404393638921987,0.5396053225712437,0.593554530121684,0.5178703493695187,0.659727101610871,0.5536771475762615,0.5791946971688656,0.5834948777869314,0.5239796172870184,0.6123202891252744,0.5967020444202565,0.6144675932959269,0.6001866668003443,0.6281898127695361,0.5404305198191738,0.6237814029214821,0.6033807577768758,0.5723561164658382,0.5701569370323533,0.6300251939235688,0.6212900549146201,0.6096393742255859,0.48802609264064084,0.5732565829014353,0.5422866017642886,0.5657750428223349,0.5849857467202737,0.5445430596216009,0.6179052499788094,0.5168288425071577,0.5339596208769846,0.5595999803691873,0.575048168475855,0.5713518222142301,0.5831632326662999,0.5317511095521911,0.5554721242531913,0.5367734211358525,0.5866713033568557,0.5428980263971568,0.5239209366105413,0.5233691668821778,0.6199598218904827,0.6042915924013025,0.5947976894401801,0.5931980163991329,0.5486344257907493,0.6936104536359103,0.5849731357904718,0.5831672852899882,0.5575420545121301,0.5759368306693515,0.5728925382481441,0.5317144150361864,0.4535696424074554,0.6168085971878395,0.5928501637354628,0.5703000271377147,0.5523059700830636,0.6304121792721563,0.6002885540773242,0.5153125472362079,0.6129727597034623,0.6211305191189439,0.5665441056122997,0.5609294233917186,0.5662632677085263,0.541295062454085,0.5892600610723645
0.5122166222267505,0.49179673696917653,0.5176949558599842,0.49718835704306735,0.0,0.4867339313901144,0.5249665651094436,0.4813386250666683,0.49314701009225687,0.45287696985256626,0.5317956467804933,0.5052935364187761,0.4987762120056594,0.4748268910492413,0.5278546111888103,0.5685600014487592,0.5621179188627875,0.5293524504340597,0.4698481642755999,0.4822804423317019,0.56348451184347,0.5541246782791525,0.4952331929337978,0.5072378954431526,0.48778860059587187,0.5212329970273306,0.4672807648665894,0.4491967974493896,0.44903860111869387,0.5591472552574883,0.47745239971057835,0.5024291431059502,0.5016769976327462,0.44144126164724473,0.4911892936067466,0.5089177013703178,0.4984964919485413,0.5293600464671276,0.49236450819572575,0.5282309131391719,0.5234217265113027,0.5492405786818264,0.5616926581769789,0.5367136195298771,0.47840293280207913,0.49746401827107345,0.5705729529565036,0.49397396377305447,0.5134161226811991,0.5609882531465298,0.5566688621954549,0.5371532845829453,0.4929670697299749,0.5037820658782497,0.49771315372486463,0.48254788636791446,0.5289842692095321,0.594590857510264,0.4820960465674537,0.5053148978967184,0.44328722566968914,0.4837193751920522,0.5588470799279325,0.48220358393182894,0.4905067510597206,0.46000240743583154,0.44845084392314016,0.5251954266848246,0.5019412582112105,0.5038314389358295,0.5270028394636759,0.48381324946890447,0.45720482826558867,0.5417613244273733,0.4963224061071208,0.4328502587446377,0.5161641889088963,0.6089526216382238,0.4701874325910993,0.44759009893895013,0.48555531327617235,0.5009951672097533,0.5776232315781922,0.46293758606199287,0.5048536762888155,0.5086587049178402,0.45550123862617903,0.48638840287813123,0.461099644393245,0.45852707416311417,0.6345037502026066,0.47619029788392975,0.5810081330709629,0.45397779865779364,0.512120972691495,0.48229894115522637,0.4318974955546673,0.4633017451356144,0.47496730083898336,0.45629814558452797,0.45063377060846205,0.47943270856335085,0.46595994968530063,0.4528800889058393,0.49790697737511214,0.5397570034825212,0.4919811486853929,0.5007947928653637,0.5249413462874534,0.47207723255975215,0.5037110154249673,0.5278349259875914,0.45012439718477565,0.48334455164213513,0.49881014607853835,0.5393897789758828,0.4712785628211258,0.4867375338991727,0.49891870595635845,0.4644507442158183,0.6256649158658225,0.47700462496399254,0.459518469145843,0.5305267274419042,0.45015698622179673,0.4701130585607095,0.4749436911481233,0.5280854367198837,0.4749913245111994,0.5102851109856347,0.4864318545394502,0.5490679005409892,0.4328694985009289,0.482599438508832,0.45341236715196964,0.500392869346624,0.5009518360847924,0.5293679566145173,0.488804261746332,0.5145314734069203,0.44741088068908513,0.5232218297650834,0.5030052415799446,0.505069299928901,0.5155060376322306,0.491916015787437,0.5788846342793841,0.4997478063428353,0.4786558551172947,0.4460685557142682,0.4653636296379028,0.488496906963931,0.5222308969527439,0.5363900659947453,0.5092391078499033,0.47100631259392683,0.43549401253743586,0.5353143982065407,0.45355311903902723,0.48953203229198955,0.46220455785759773,0.46760405054339677,0.45662277524291744,0.5520847297877642
0.5717485267528702,0.6553508380480303,0.5855255294174707,0.5531772196494713,0.4867339313901144,0.0,0.499827383560265,0.6116113112110261,0.5265495483777685,0.5576445973518774,0.6016044002080583,0.5895710373246922,0.632673781929157,0.5218443078708551,0.5229450704887637,0.6364774258881537,0.6092146284223748,0.5234737720519308,0.5579933439010103,0.5934690359158156,0.643746116349175,0.5992286116051171,0.468668997764374,0.5490322182324868,0.6273288089235098,0.5152918430603016,0.4497983715877585,0.5100457208156302,0.527867071882092,0.4883792602963476,0.5592654627698038,0.6144738926004026,0.5559680064411214,0.5137934772357613,0.5531638347844897,0.5490666026195044,0.599580566864192,0.5659461535968567,0.540414613749357,0.5300047971353444,0.5446389109946114,0.6007635804795648,0.5525831518642345,0.6195531433552313,0.5737222816693043,0.5287407146070031,0.5176612256997956,0.6118789926943679,0.5238481588250479,0.5426195152310558,0.5609202165541517,0.5939501153805696,0.5322862913480597,0.6196312509682079,0.5683655673472042,0.6123534815362511,0.5679166749146058,0.6076480450993692,0.5219114896646855,0.5280906754992625,0.6538149510449627,0.5050056894413373,0.627229410891585,0.5027703027782228,0.5132842710554864,0.5525081280593795,0.5353029213996175,0.5584631016176234,0.4870980687436135,0.590762935598075,0.5705077682806029,0.5124869593039139,0.5311929111148929,0.5972772280008295,0.6164324559843399,0.5086531120756238,0.5462188605330452,0.5484373146735637,0.519939451650785,0.530761203103151,0.6552664675877833,0.5283602620216343,0.6240317403985174,0.614146246541399,0.5503829546939378,0.5959177686533845,0.6124414612570667,0.48576411699769845,0.5390799374146571,0.5575274146326158,0.5183801517806745,0.5236214529480818,0.5547244371359945,0.540508534294617,0.5411125877955681,0.6065689565787918,0.5502104854580673,0.5840745824252055,0.48348700497457564,0.5311549309501638,0.5342087820373104,0.5505091758675498,0.4778644290940071,0.519841780986584,0.5457455019031388,0.5672850016613245,0.5779614759367568,0.6153151080606172,0.5276160633347331,0.6401852785121271,0.5867076991028625,0.5158687342995146,0.5983116666800974,0.5279336964165128,0.544708001359109,0.5623838316599201,0.5902713359505352,0.4986301014619753,0.6760771395335538,0.5015795682925684,0.528897097841826,0.5069635093978556,0.5908855904611535,0.5839713759598962,0.528239601288636,0.5805497138206027,0.4975019659646775,0.563013549569041,0.6299219584836607,0.5192024637305488,0.5622978214671893,0.6544951841783436,0.5226585826373193,0.5493702741957935,0.592264208439611,0.5477274474769827,0.5864169353497269,0.5086686754005031,0.5261128642714771,0.5268733888849401,0.5551131393534479,0.6294251026745781,0.5433291842709176,0.5464378696935549,0.6151250771601272,0.49078585357126436,0.5868241200689746,0.5618571385331608,0.6029818013780264,0.507672604747039,0.5441696007161608,0.5759047776211931,0.5133217697744938,0.5130382299858118,0.6151644768451615,0.5781460398633879,0.5113860646646312,0.6400006518457562,0.509703413469239,0.5148078476565533,0.5422284368195018,0.5631790607618592,0.49356340389102454,0.5557154769744437
0.5600817182764392,0.5459118184487323,0.46725210722497507,0.6181546874721717,0.5249665651094436,0.499827383560265,0.0,0.5257126142476672,0.48513062712171495,0.5125055593067702,0.5341970664716555,0.5585682715395597,0.5654492831107073,0.5198989196912247,0.6370182100750773,0.5441948549036946,0.5511623626641551,0.564767937943126,0.5376228388797469,0.5282980407337023,0.5710933477122166,0.5136270325567112,0.647050147896382,0.5941054686262626,0.5832961547954445,0.5578379869745316,0.512184775798756,0.5125665678689825,0.471759584471579,0.49825220989955094,0.5757907121484372,0.5989986889149524,0.5859664210720754,0.604852107385965,0.5506991989546499,0.542641354813245,0.593178522364362,0.5129974202323232,0.5524831423249088,0.665237803034341,0.5368242663474431,0.517285891232323,0.6091796070401864,0.5945651488907637,0.5966461678365332,0.6119877047013002,0.5378240069118835,0.520719579954725,0.7232551932102631,0.5657759285867956,0.6815112011087718,0.5312054094514843,0.5293260866118598,0.580064081388228,0.6156537606193713,0.5192625332115772,0.5901637705460778,0.5267036565978709,0.615486500050435,0.5988137077756426,0.52129907229801,0.5021495976623693,0.52780088674356,0.49102794126185684,0.5485863252212806,0.54648542862167,0.5720427042854603,0.554677381397251,0.479274611387844,0.5283311322759743,0.5509121582688845,0.5640751948072398,0.49155591221069583,0.6433350529047396,0.48561074803146204,0.5649355798263737,0.6728924144935394,0.6270363575372193,0.5215534431535844,0.4850257911428542,0.49512584003043114,0.5409118718280448,0.5776968056342746,0.4787739182400773,0.5545086136017024,0.5152830822823159,0.5112184519202357,0.6048493992928239,0.5836503786717633,0.5179885104084445,0.5626385719715938,0.5770741926565957,0.6232591000614157,0.5614077094945834,0.5559106235389301,0.5280821418169116,0.4649366102773821,0.5207947206651143,0.4883202220599453,0.5997394800663868,0.5576521517378562,0.585742412086268,0.5620873341072885,0.49306777208943126,0.5323940767452003,0.5650808976766843,0.5677364269608256,0.5254361845748161,0.6374999185706951,0.5420130553174085,0.6641834166087324,0.5517213986362746,0.5185441062139929,0.5012339323454066,0.5592668672658966,0.5332557408839592,0.5621992920316683,0.5540550664024637,0.5227451599496695,0.47244083049101343,0.5608226951925899,0.5054180823600648,0.4981378286324239,0.6492550897783377,0.4788958761589596,0.5457871421015588,0.5047862363366946,0.5901927668282805,0.5219335544458291,0.5625816762670166,0.46723290665512984,0.49133315913391684,0.49894730525909686,0.4897337563755006,0.5039308001083682,0.519639766763975,0.5371979614080471,0.6232122137437275,0.5567011847086948,0.5837955828316428,0.531534735778857,0.5337134112848108,0.6038047183877047,0.509446911535619,0.5741603868005495,0.5753639708763969,0.5181497232435824,0.5644889993432237,0.5080042077609324,0.41033610385236297,0.5682734461288756,0.5542130429966879,0.5154512676587206,0.5674978384882581,0.5680747265188615,0.5595185754354132,0.5168924669710107,0.5909681525896411,0.5791975047441301,0.6246367248191386,0.5228549658710873,0.5250325349488322,0.49271913825885166,0.5422493785560031
0.5806865215153111,0.6716446442496813,0.5506444577648977,0.642839858071697,0.4813386250666683,0.6116113112110261,0.5257126142476672,0.0,0.5971234262847426,0.5803854383314251,0.5630906922422955,0.5966862629425529,0.6127657877559386,0.5751045028016716,0.5903364195531567,0.6065687057335248,0.6139121721584269,0.599012408422616,0.5847008159810809,0.634181039168768,0.6405207720601926,0.5900657214678776,0.5340741243984412,0.5352000105391996,0.6525857488626612,0.5359534501715593,0.5333902399915897,0.5439808345538656,0.5092190889609481,0.5041930795096173,0.646399734549909,0.6064125106374509,0.6365124421119142,0.5492461810295197,0.5990860095935646,0.649355639727385,0.581705198843287,0.6778266123971962,0.5834184666956813,0.5797089957985417,0.6288294737208625,0.5859420453159482,0.6121791643295585,0.5781719470104625,0.6890440654408269,0.6141604399580876,0.5233795838970955,0.525085959885442,0.5643609341716392,0.6228722001296568,0.6055586170070859,0.5794284934769091,0.6029827071737721,0.6330316416473443,0.6016733000047755,0.6046687049732457,0.6222371804740453,0.6329426044928547,0.5914547802113502,0.6233260203499584,0.6697363888412673,0.5568893326328718,0.6367166578677449,0.5747402666396582,0.5673830439838491,0.5967887595481313,0.5799515017047205,0.542460323769342,0.5480053010522757,0.7085192653537552,0.5896769572463193,0.5978151342161184,0.5475740560444197,0.643813617579513,0.6708847906318213,0.5332147748213873,0.567282740166526,0.5482331366921899,0.6239131408790195,0.4729577457693855,0.6003873753489498,0.6010821968491686,0.6141905676451049,0.6664601186607315,0.6263301781852044,0.7068986111593624,0.633789767758261,0.5659898787602046,0.6377779021323771,0.6029596862169241,0.5624514732907974,0.6005157257351251,0.6026356964038713,0.5531184756497122,0.6145869829347913,0.5984704788521141,0.6147350566335189,0.6395651372093719,0.532623884152725,0.5980090388036204,0.5805482207344301,0.6436079155061962,0.5548491239135199,0.5874481049948997,0.6548240860635445,0.6183921942116549,0.6616160705606604,0.6624831060693668,0.6009806876672847,0.5479033687123797,0.5673974233974554,0.6011792340700943,0.5666972565973118,0.6426537579086284,0.623937208834964,0.582418605708889,0.6357254050230063,0.517386924257136,0.5842463518901556,0.5620433490302138,0.5571837384397456,0.6342601161623367,0.5529730693599144,0.5878336368284833,0.5367534393481983,0.5815935435423776,0.5478883414064438,0.606723675198197,0.6530990945850129,0.6117289211974104,0.6156415930843679,0.6295165392185327,0.5599786630393266,0.5896509396823153,0.594715242199933,0.5516401971239591,0.5715853109803661,0.5766213050150447,0.6405633263336149,0.6437059600970987,0.6188089260756562,0.6219119010018843,0.6271807567645462,0.6509994192166492,0.6355241176220455,0.5325411410338967,0.6125391641714809,0.6174134842131584,0.6386171895684312,0.5253903388178793,0.603775100940282,0.6520621499057765,0.5672503475295552,0.5619752939186861,0.6895120885108756,0.6337568313380301,0.4909314774300528,0.6111492990638632,0.5481572154543934,0.5256973734111656,0.5995109472242095,0.5850299287057961,0.5838486335779153,0.5549020996061691
0.6528360058595479,0.5470364261021244,0.46586662097171916,0.5560734053588559,0.49314701009225687,0.5265495483777685,0.48513062712171495,0.5971234262847426,0.0,0.4674051308300367,0.5255039726528022,0.4828115619918673,0.5513097124216435,0.6095828414116834,0.5239827990140847,0.5325453882084463,0.5721306862326886,0.654675964223354,0.5103024798169008,0.6315708648357156,0.5528450435863632,0.5436060966448338,0.5044703336389548,0.4750547722421538,0.5509103464512469,0.5002556759962667,0.525363087461328,0.5276230586347515,0.43311046455222707,0.5265857317964865,0.564983083248654,0.5275205100095206,0.5270049145819347,0.48001635689404665,0.655006015821623,0.548426719656355,0.5368608465170223,0.7060339640874027,0.4870321497059777,0.527025906464467,0.5347544250425369,0.6403155719550884,0.5448789530709858,0.5258966458877352,0.5435043181035015,0.5371009913185669,0.49740459773379825,0.46787142280143257,0.5275125205620899,0.6074594175061477,0.5516376474975059,0.556274919919535,0.6093807262328083,0.5069493782776003,0.48727221850361974,0.6051311334186932,0.6160264108744428,0.5675934228355434,0.5486839487988313,0.5655302978641606,0.5317015193122275,0.5455060572872846,0.6031896123559743,0.5702109894112318,0.5885826062143716,0.5517621004683784,0.5366278136939147,0.5234477969213853,0.5584594815092607,0.6587834871041236,0.5894460795180851,0.619265112550309,0.6156613481916964,0.5571435313005882,0.6285306061647331,0.5164505549080917,0.4936826546438029,0.4939669919592567,0.5543247518754019,0.4670682159274813,0.5455776299772496,0.6313612168358448,0.5632688130022189,0.5977981567221539,0.6424276956867154,0.6558587908264938,0.5982729353151014,0.5675690292357486,0.5633681250664028,0.5712203474383477,0.6109217116859227,0.5691624347979047,0.5389246625142603,0.5391625218470959,0.6804261799479752,0.5044242061573138,0.5357438190290973,0.5548769313282975,0.6129601822415769,0.5336377770790691,0.5415663889679905,0.5048058637940238,0.5291889053966972,0.480118525833392,0.6891786392550028,0.5462358144567162,0.521419907135611,0.5984872348206233,0.5178839885868732,0.4769050575733178,0.49617082072528323,0.6469147028032616,0.5604575331193029,0.6723746647420845,0.5983438629463771,0.592260792376084,0.594486168311768,0.4622737415071961,0.49934650659824525,0.6441474374166172,0.6009062059021565,0.5898549705085879,0.5728397564193892,0.5287416201679018,0.6531151452000702,0.46026079347797993,0.553050454520159,0.4959628079994197,0.5031094743713812,0.566413661542286,0.6722598671456178,0.5869390322326531,0.5756178651750532,0.7090883232861099,0.5122867460881992,0.5611014334719591,0.5199114868729737,0.5492649617319127,0.5340958239968457,0.5700587523912843,0.5364457154198695,0.5901100331752799,0.6150276935289175,0.6280528059576802,0.5602541599115208,0.5321408339505906,0.5947760552278767,0.5038134404249031,0.5231800899863227,0.510572324700196,0.5990322598500455,0.5951792599686404,0.5600868685063555,0.4741158780836407,0.5449306457972968,0.5751199905692398,0.47019753667882663,0.5199055745847175,0.547345096701012,0.5218964026819748,0.5188710860022219,0.6587772259966916,0.5701551003685157,0.6357670951263483
0.48777405114218275,0.6274571262348001,0.5894825682930366,0.5174449217181883,0.45287696985256626,0.5576445973518774,0.5125055593067702,0.5803854383314251,0.4674051308300367,0.0,0.5549990242543607,0.5881835383912977,0.5568123735810558,0.5060265392576967,0.5185937011396097,0.5820348290094892,0.5416762142785296,0.5066472625570726,0.524468627984484,0.5234642142559436,0.537829565192098,0.563355656143626,0.5047941361074317,0.4927208610094423,0.6556644334529906,0.45900917389433116,0.49274021380751126,0.4926142015886206,0.6636490187443148,0.4681070528416482,0.5432335351093964,0.5981083583898716,0.5269080251527932,0.4922434283723845,0.5099852749848319,0.5567262948274732,0.5366162829732325,0.5270634140446472,0.5250292173842668,0.5115690295247982,0.5127509973272792,0.5112874610060225,0.5378518782240859,0.5270083944582763,0.5663959047956284,0.4964521879919035,0.4830414104187263,0.5397847821153782,0.546822082727052,0.504259095855,0.5078845867525535,0.46593834966789455,0.48163462840259585,0.5651955607055366,0.6395986444273523,0.5055305318162912,0.49110828675164053,0.5469792851965655,0.5589303581107419,0.5033062776388569,0.5555289327767673,0.4581159241420628,0.49828878724215586,0.5249010895866932,0.4613766950831909,0.47668121258935175,0.4913070574416332,0.49709538398523645,0.5259052601330981,0.5600345187684524,0.47636707224317965,0.5038674626088513,0.4606297575928154,0.5456917234268894,0.540051878507959,0.4806039309441194,0.5203091317219046,0.532039037934049,0.4736196046294032,0.43136387202139664,0.5186856855953946,0.4609992227699814,0.5458071438480969,0.5323850867661469,0.48295643095163077,0.5175913702779021,0.5167719205374466,0.49647020880670856,0.529398226716426,0.4749505192897269,0.4761032369357855,0.4990486389253834,0.5749868142752075,0.46091643601840493,0.4860159583417573,0.6151670122970121,0.4745142861873861,0.536123370120212,0.44735172575522747,0.49478744821297627,0.5192295859718103,0.5632662092968456,0.47165152271701366,0.6175634648530491,0.49443075306981676,0.500936022401634,0.5385627358095875,0.5904428954162066,0.5242468829246884,0.5424758102533245,0.5259809671897762,0.47330354261683255,0.4859233131562544,0.5195271239646695,0.4817684189056278,0.47208862105253613,0.5322492170815118,0.6017380919610384,0.5835010502691552,0.4616727708028741,0.46565673460254975,0.4784193966694408,0.4689437583802487,0.5103711036048745,0.45384250287763533,0.6344272750963383,0.44905646369826474,0.5339866990166001,0.6561488423132769,0.5231807485897519,0.5229557297503628,0.5122986766113016,0.4645828459485106,0.4502005449991577,0.5362839431168345,0.4833545085062374,0.5296275503284495,0.497705071525371,0.6024362705425875,0.5260930067518216,0.5615120686624951,0.5770663815584308,0.49812897225922687,0.528990604213018,0.5655063313304735,0.4757317519567528,0.490232174252197,0.5612419707999485,0.7156233189625204,0.4795500619504862,0.47752668464521625,0.5773868098785085,0.49112566542398584,0.5672983717213983,0.5847127588528289,0.5188194729455884,0.4624802942000376,0.5392735091415142,0.48825161002956313,0.4727269593577296,0.5545303484492445,0.4881043447914443,0.4762934451307221,0.45997957840462944
0.5951186037818279,0.612732976756606,0.568711786624012,0.5515137507168318,0.5317956467804933,0.6016044002080583,0.5341970664716555,0.5630906922422955,0.5255039726528022,0.5549990242543607,0.0,0.5854726140455029,0.6496535247132401,0.5305209744906885,0.5336650219874759,0.6970982385342934,0.6532066746263044,0.5716458886284359,0.5651815400474471,0.5990865386834958,0.581134945666786,0.6660936631723058,0.5345340654860424,0.5661050922687595,0.6248303799186798,0.4882941118051688,0.5279935949106612,0.5933922052411772,0.5586413911205248,0.5572829910251722,0.5278720406276908,0.6044571592032957,0.5242346703911858,0.5036432043618523,0.5665225394503309,0.5152380241535539,0.6007683199528268,0.5608784767992766,0.5348739535950261,0.5628590537419816,0.5037421968682348,0.5978710063005847,0.5419579075406132,0.5638798516812804,0.546604374427143,0.5009715161182706,0.47165610564515964,0.5937410833416527,0.5942037698842082,0.5325709345526503,0.5455983665629521,0.5146955998227347,0.5025824245234443,0.5740768728298172,0.5950597270744833,0.5134750431820768,0.5673698847399286,0.6191365519517809,0.5325653963868766,0.5263126530903505,0.5830710084781878,0.44853477178816636,0.5546580520970977,0.49629371407329037,0.480700579814384,0.4904948655300607,0.5082225176375276,0.5194036210319602,0.5311999000388012,0.6151849296750375,0.5140154083060583,0.5079043725905352,0.5098789103322736,0.5999457157284755,0.6044768042251532,0.4848763376309224,0.5760028338553749,0.5567752970996677,0.4736571102330368,0.4781631005286581,0.5127483000098274,0.49084850565094723,0.5988616945609931,0.5450981519802838,0.5085936821942771,0.5473807442663411,0.5562816102372131,0.490048325326092,0.5163196544375513,0.4961951594926817,0.5454372938914284,0.4749316484516446,0.6049771136704865,0.5167301206824453,0.5188306660928095,0.5464172980742319,0.46160681830973566,0.49227074685076566,0.4550235407280595,0.49507693115613294,0.5212762346252549,0.5294568222648188,0.4476527451817943,0.48281567035439565,0.5112905918023215,0.517244705721101,0.5124573998819522,0.6199353649730075,0.5064888174714648,0.581476936855579,0.5731905798394573,0.4967152802302691,0.5233765323525369,0.5389643013009328,0.5120543630640629,0.5753968020184755,0.5376214643964576,0.5817195875204235,0.5808609696198819,0.4787129540991802,0.5440166595133095,0.4659517435514695,0.5244018071971892,0.5545646122938339,0.49754416195676815,0.5552022815363751,0.4543733905228304,0.5390713908417504,0.5548853689134671,0.5059285535762741,0.5429921282071543,0.5639768068966045,0.529462880918757,0.5135490838707785,0.5530831854821573,0.5039185613609986,0.56904756456919,0.5201201539389347,0.579697795006443,0.5209531909427191,0.5191630706050628,0.589841795937693,0.5212835360138279,0.5104355810806961,0.567381393054151,0.4762485872895636,0.5347178542176655,0.5128161149955905,0.5707899069692666,0.4769229850091077,0.5308089770993232,0.5461227825396778,0.5938615010654357,0.503155103632507,0.5480360965988348,0.5422087299702838,0.5948796145789106,0.569999535634376,0.5346491567772119,0.532672315245664,0.4812424511770974,0.5282629780383536,0.4465157447227086,0.6026046014588333
0.5091853492239481,0.6395131519796926,0.5489302380761559,0.5637079782869849,0.5052935364187761,0.5895710373246922,0.5585682715395597,0.5966862629425529,0.4828115619918673,0.5881835383912977,0.5854726140455029,0.0,0.537059335592583,0.4709536434375621,0.581344894022962,0.6083605737973623,0.5718533452657273,0.501140597796847,0.6747411501335926,0.5496263729415588,0.6298260257015323,0.5676150353869136,0.5350478142216157,0.5791504869076171,0.6343395167944323,0.4833377893562442,0.47195776997845784,0.5077610748654854,0.5667356923605125,0.5147235680183775,0.6088677078246412,0.6093339200068563,0.5728396832479437,0.5624755000082187,0.5214394608632007,0.5816929281704675,0.5454781041482117,0.5317703283675541,0.7042744749115889,0.5343538936666857,0.5752359889394639,0.5203352994007985,0.5838296525798281,0.6003874087966364,0.5816199030481457,0.5395767491158873,0.4961177394402802,0.5656860879650307,0.5761865661265354,0.546290201678081,0.5805425027961943,0.5180035695818537,0.5146834132739503,0.6652667496300948,0.7045644790303107,0.5053784435759832,0.5645098352277493,0.6274791300894907,0.523635345998466,0.5545580195108568,0.5685835839137348,0.47191746160070425,0.5396970799370642,0.494026309951089,0.498426637994307,0.505744938836921,0.4914405573515471,0.4889306915845572,0.46314151848605195,0.5484513060486016,0.5056621285833525,0.5020585996725264,0.45422394568964564,0.580644311815333,0.5446143279942466,0.49363067231050156,0.5762169864288565,0.578106133656055,0.513840788406912,0.46575235548790783,0.5239566181929914,0.5065556997383291,0.5928440506470233,0.5089256588797839,0.5207268248998064,0.5407482278063178,0.5222317332865898,0.4935221463388181,0.5377172777083948,0.5068656696507072,0.5063003617130108,0.5338521407686471,0.6502720357631014,0.5202185575227741,0.49819490950957807,0.5905812543531358,0.5136206423344208,0.5431737901971158,0.45579123573975755,0.5074914207276507,0.5314481434001711,0.6109203771394597,0.48616560860052815,0.574815075511309,0.5129839922082255,0.5352469760165175,0.5942193840290008,0.5639297061843562,0.5491551802724294,0.5817145831788119,0.6467629850552807,0.5072125009600905,0.4794370743139518,0.5123952507749532,0.5121144190276463,0.5076273836682378,0.5580355190263279,0.6025532077963994,0.5660348437732011,0.4497985810976147,0.5187570177784678,0.4928352065975229,0.48817697822438233,0.5901216704476657,0.46200384380152903,0.6661125936186589,0.4617011316631539,0.6143247228764339,0.6309467946374269,0.5076890156120535,0.49854610191867665,0.5458971172852158,0.4744362416554953,0.49445334006211683,0.5796116143110904,0.503564876935371,0.5784449657829812,0.523592223491689,0.5598513127959145,0.6069740263771278,0.5247604582557864,0.5642226931818666,0.5400203743670641,0.5345806337423044,0.5912902136359619,0.4778534242226237,0.5613683426426496,0.580708935766911,0.6108708476370717,0.47628879963468496,0.539252603520154,0.5884231621017711,0.5530689197625736,0.5396775402207089,0.6520183921079827,0.5382963661444751,0.4917747383673285,0.5942271826465176,0.49180130814756917,0.5049340925016442,0.49738452100255925,0.5046617443607716,0.48408894730035545,0.51179790706131
