0,1,2,3,4,5,6,7,8,9,10,11,12,13,14,15,16,17,18,19,20,21,22,23,24,25,26,27,28,29,30,31,32,33,34,35,36,37,38,39,40,41,42,43,44,45,46,47,48,49,50,51,52,53,54,55,56,57,58,59,60,61,62,63,64,65,66,67,68,69,70,71,72,73,74,75,76,77,78,79,80,81,82,83,84,85,86,87,88,89,90,91,92,93,94,95,96,97,98,99,100,101,102,103,104,105,106,107,108,109,110,111,112,113,114,115,116,117,118,119,120,121,122,123,124,125,126,127,128,129,130,131,132,133,134,135,136,137,138,139,140,141,142,143,144,145,146,147,148,149,150,151,152,153,154,155,156,157,158,159,160,161,162,163
0.0,0.8560327296839613,0.8757531785112765,0.8175701652550019,0.805670586087681,0.8706609854863373,0.7446953637317224,0.8836923396552752,0.8517002444992524,0.8440555453197367,0.860672420649189,0.7742547569281136,0.9636705135971165,0.8442501043721143,0.7924807656282719,0.9194136302118475,0.9519381863628458,0.9714467161877669,0.8735303583676961,0.9384924150330266,0.8735893500311642,0.8440943711760628,0.8413931308574425,0.7752594531225364,0.8989493440711979,0.7405362602935881,0.8314676364310967,0.9351328884286777,0.7811382733342592,0.8736308769529678,0.7974720556047146,0.9256049541256175,0.7818927924367456,0.7354293941655771,0.9338222665367251,0.8193949865462236,0.8687610971293781,0.9176944461410382,0.6620021386266,0.8892889940308878,0.8282294582761077,0.8453101829270603,0.8717052462017743,0.7997095774537334,0.8343958239779187,0.8520715333894658,0.8487010318639227,0.8020259855399734,0.8977661481840595,0.9481833372925467,0.8886908092300996,0.8991429891249302,0.8264792663911221,0.7872447461386529,0.8023226196215152,0.8393055735142892,0.9532799059750081,0.8750818919379616,0.884258576318146,0.904296376719531,0.8301820130213708,0.7666759132981411,0.937926742984581,0.8177089044903787,0.8330134230684851,0.8293212089925923,0.7381437944801359,0.793507062613262,0.9145469507620803,0.9053958551846137,0.8671791968596656,0.8827989586322688,0.876305369165926,0.9229734757556051,0.9357892778319967,0.7946614421115591,0.7815778056498442,0.7455605982639664,0.7830260026835628,0.7142247497185283,0.8205243610081555,0.8358250915604865,0.8247977871054315,0.8982405507176817,0.9103723893723337,0.9202598025016905,0.8331098922396171,0.8824846296505134,0.8985186340198493,0.6628958570326196,0.9116370157917943,0.7395782015082283,0.9172747606487573,0.8620743501888898,0.8807190927909269,0.7277849570507658,0.7152125900139868,0.787295640495866,0.7377006925573494,0.855897812419286,0.7060899368556586,0.7521353034409347,0.7385623049740274,0.7677178683106639,0.9391736223074478,0.8745060990335497,0.8467571624556908,0.8760772429610629,0.8435467524145284,0.7862350537714982,0.7633008134517827,0.8554781138497155,0.8896873069702561,0.8049720215519544,0.8933340878480709,0.9464730922395188,0.9047185218462807,0.8674320431228356,0.8645831199795913,0.7876221625105585,0.8885542762337717,0.7841937916365637,0.8457950965513722,0.8226368845812928,0.8577211880731686,0.761186878621909,0.8159625567574764,0.7281525916663398,0.8273926505005461,0.8616984773731468,0.8781455624732598,0.8973466808455436,0.8215277608417589,0.7671684355788729,0.7724120089232596,0.7873639886118877,0.8339960579381346,0.8558860530760801,0.8403182510836827,0.8698364806660333,0.7707755154946501,0.8301113753413824,0.8636273247950551,0.7906596162004318,0.7861262697940278,0.7932338108140218,0.817543666169983,0.7399851955382647,0.8769550844245548,0.7513711225806734,0.8579812120569559,0.8205839810112089,0.8794568890909855,0.8008922798855757,0.8071884883431844,0.8197996115077919,0.8935378273656853,0.8322840963430833,0.8150886576897844,0.8857102749049744,0.7728506913790637,0.9274979790250544,0.888682296677681,0.8844662043179855
0.8560327296839613,0.0,0.8838849225597527,0.8443914554208949,0.7566105910649509,0.9389444270331845,0.7719812401346583,0.8643889559306712,0.8121375296656462,0.8896447361913823,0.8129961744966868,0.820101825790741,0.8890159273131356,0.8383252671887688,0.845092477985116,0.8373099705067855,0.8504062008807238,0.8175897177888045,0.8456022923546292,0.8299805757668473,0.838672222479977,0.874657894416639,0.7270207615359023,0.7824723459058115,0.8202239946507784,0.6675463357490368,0.7628919684315381,0.811788009384798,0.8941803751136903,0.7818333297628692,0.8520250131196568,0.8805949540469626,0.8950447173447988,0.6827724505354494,0.8623111957098583,0.8585899315304116,0.8015382517783279,0.8293532654277663,0.7833020788344328,0.8500692615616406,0.8870298825077613,0.7854580588231278,0.7450362421240532,0.8191499442265316,0.800491649059241,0.7888149815930878,0.793082646540409,0.7866232737291928,0.7955331956222268,0.8763261068841435,0.8551294275710213,0.8323551478414496,0.855341143725902,0.8976242800066985,0.8597151441806169,0.8848883970403032,0.8560225957931236,0.8215438426925076,0.8260133973154364,0.9000951434576469,0.8910476669456616,0.7832888786747951,0.8366049520639403,0.7690359777349673,0.7940877458145922,0.7645444022790008,0.7652064962757807,0.7544376420008202,0.7664723270570442,0.7969353723023381,0.8375743673018484,0.8211038621338087,0.7715416344758305,0.8709659584691845,0.8843611317037562,0.7548003647317797,0.7730998197421167,0.7717786606654945,0.7011887208615013,0.7219116249845051,0.8263157040292017,0.8384634041289376,0.8758187356810935,0.8346735502859245,0.7887900099892381,0.8693810928684511,0.753902907418882,0.7813401815655537,0.8322376509215886,0.772014874462935,0.7935675929630505,0.8199264755662965,0.917498050019993,0.8358652105493227,0.8519409811098135,0.831045156181785,0.8013655030357539,0.7539550471606548,0.7309026518755073,0.8375407112602032,0.7877030844030383,0.7166362093719326,0.6486809762109321,0.7534379401389072,0.8551304113096839,0.7826090187643203,0.8217026861045691,0.7665030533224151,0.8323539549404723,0.818631470228102,0.7690562567214774,0.7438978618227264,0.8522967004861357,0.748682924165761,0.8131085214626576,0.8693304577321419,0.8212120976431139,0.7939318709482895,0.8238620775410305,0.7575015372346166,0.8313018458906763,0.7481791748321512,0.7507027414350996,0.8517778033904435,0.8422469430097488,0.8503462539664167,0.8135768245891511,0.7948441306551712,0.8322108715838635,0.8260140015862627,0.8311804107383569,0.8646080094098969,0.7738349310414834,0.8116900188029098,0.8088464638168079,0.7998016030725323,0.7720956213494534,0.821438613498321,0.7556473659899553,0.842592385863787,0.8024955728163898,0.8419645872183185,0.9099035432889231,0.824222477671278,0.7934569238006708,0.6767387237310796,0.8888539786889432,0.8060743544090019,0.8176743946272662,0.7472928686552868,0.7776976360020669,0.8499690902596555,0.8312550953453984,0.8366070735697794,0.7825484538625626,0.8104058527721071,0.8627786509571286,0.8416567785665294,0.8502517228640979,0.8014174409683824,0.7617559286129058,0.8521990936148788,0.9235269798290183,0.7948759931785375
0.8757531785112765,0.8838849225597527,0.0,0.8355369429235097,0.8823546990776395,0.8925567328452738,0.7644449904281095,0.8670726388110834,0.809604192946458,0.900387860379123,0.9137975923275432,0.8306968769882938,0.9100119488844131,0.7931708934429605,0.8012212236907523,0.9210674956151712,0.9102688719882426,0.864246915200227,0.8348725795208343,0.8383032106872369,0.9048293418008173,0.9497359177832649,0.774620988502568,0.7934503998901627,0.8694939904231307,0.7257533785490192,0.8027380570431959,0.8424771472045852,0.8545784465640067,0.8419179865986786,0.7575285632015257,0.8771745807035014,0.7882898466664794,0.6734696577121932,0.8355314325429156,0.8260786577541431,0.8461082727453374,0.860752939886836,0.7380767837724482,0.8574546471279807,0.8192321690148645,0.8784515117570966,0.8124243872723435,0.8165443805622888,0.787695230853311,0.7554248562417415,0.7923730239321056,0.8619478289959737,0.8373506538576169,0.8860494457448271,0.8580655712371342,0.8352835385294842,0.7557521817210964,0.856138452094698,0.8445673063638099,0.8070784486529616,0.8539676730840233,0.9120186515099682,0.8351836880370863,0.819315015000788,0.8406206986344535,0.7077571042284533,0.8737130604567012,0.787641264582436,0.7568509197229515,0.7343272407841925,0.7374335447825294,0.8004205893475217,0.8715629098368277,0.8798112588308523,0.8370416228157489,0.7594182975449476,0.8216842684771773,0.9196171119604141,0.8962627082276804,0.6643517068597693,0.8250907868303723,0.8097485756022111,0.6889953775540657,0.6626689088741066,0.7883403313583235,0.823663485825463,0.8530303164871431,0.8151542492898579,0.815193773453828,0.8589802446858792,0.8092081606288524,0.7821233762098896,0.7627640021418699,0.67576069079236,0.8895849775760574,0.7070292629454076,0.9042516175823865,0.7447240534017395,0.8533394494355164,0.7940341787472329,0.7075179299522212,0.7388078011606997,0.6866845500178853,0.7629884190949311,0.6681711968878985,0.7743512165293946,0.6827054576514636,0.7692513283156721,0.8289696707904248,0.8016381322917885,0.8095848749451537,0.8302581819230767,0.7831674988992512,0.8294943763349829,0.7885256063932401,0.7981055788814467,0.838887943975565,0.79194451608826,0.765219909595127,0.8782362324015232,0.7670540001574762,0.8829267140064299,0.8944753357761218,0.7383558603042604,0.8690911167611817,0.748771315394932,0.7618301700466377,0.7956812171761307,0.7675728067448555,0.7892162196442684,0.7770761147107228,0.7613405166480058,0.8187055615395524,0.8048872263742738,0.8342830134755336,0.940707945693974,0.7393650693780299,0.7599869545443751,0.8254566977840002,0.7379188000240365,0.754737372722628,0.794500763754393,0.8155976025387163,0.8292837916169779,0.7291219827026411,0.8343446457134365,0.8293941413340054,0.8478101206460437,0.818227267305792,0.729790297562011,0.8909306455818743,0.731956644539016,0.8606933476016793,0.7409594853285366,0.7663945866721557,0.7539009671609556,0.8908143539275217,0.8688217969267055,0.8155458719732441,0.8084335946097801,0.864441322137084,0.8557314149234303,0.756348855480623,0.7954738742055809,0.7187312684867951,0.7790985025798903,0.8604947661934549,0.8698088223303926
0.8175701652550019,0.8443914554208949,0.8355369429235097,0.0,0.7794937605914265,0.8285449434098214,0.8375960224192824,0.8410485267745208,0.7541757543324321,0.7848690859185631,0.8548533937152447,0.8270591142223428,0.839008997522079,0.772732678569366,0.8201058302965968,0.8003199649227979,0.8192608364714812,0.7806839317836844,0.8228140896037736,0.7733695021830864,0.8486854717807295,0.8493672037194618,0.7737043977962469,0.8019115273645868,0.8091542123887605,0.744473977986273,0.7834031786521805,0.8135951313854953,0.7666444633630066,0.7275793176119042,0.7836195460855103,0.8065406226576852,0.8723187666783242,0.7180056682605396,0.832316556425921,0.8363558583159066,0.818841558550838,0.7777119127930031,0.7802445453382161,0.871340734054223,0.8194362877424196,0.7929884000916484,0.7390346323514807,0.8325131782510381,0.802290656734387,0.7340006027710307,0.6963457651988617,0.8024262791967993,0.8232464006944858,0.8252497986117002,0.8710404431660431,0.8135289253546878,0.7189911290404034,0.9138328945962714,0.8636409069863066,0.7612383629259586,0.8163127686777815,0.8329762283543035,0.8068908615777803,0.8187555660509126,0.8658745055069312,0.6846479174290756,0.801079046835238,0.7365624005759159,0.7313381397085003,0.716136471567844,0.8453863939297006,0.7231817359892708,0.7563694442387168,0.8123022472307792,0.8011589820312958,0.7372560508621961,0.8245601549564522,0.9023125487540256,0.8049397052458719,0.6499764749693399,0.8557641452120288,0.766900716341414,0.676127811269323,0.6282903290689896,0.6939716192287503,0.8795007104862189,0.7507491318169303,0.7497694485563113,0.8123864801408953,0.8040811297466934,0.8135391487632158,0.7715409809941464,0.7427753759458996,0.7325935435696558,0.8371140809542147,0.7922204339360851,0.8329720431765408,0.7489801787892102,0.8649265986087853,0.7668225404500281,0.7159688399374632,0.7446443062479555,0.6917279556366673,0.8173144118942614,0.7104198042004031,0.7737915913745854,0.755699382024955,0.727724350138798,0.8073096669701276,0.7414162940164591,0.7808930844820144,0.7563610168992619,0.7554176880027965,0.7952276113283746,0.8632474563042059,0.8041523826921976,0.8682695522044843,0.7449709724001462,0.7506319211365144,0.8322142217801682,0.7254783886446273,0.7710883450293811,0.8573404739655401,0.7366472449185452,0.8003731067799019,0.7877836055625507,0.7423260942332202,0.790719551693145,0.7492636728901593,0.7632144784387028,0.7917374585069576,0.7690887246563535,0.7881988529868331,0.7485935906045279,0.7244263532230083,0.8061595502578657,0.7588630856001207,0.8169684021002148,0.8221179293008974,0.66504863373102,0.6735763904419669,0.8147667771714805,0.7776582618625971,0.7910078890676874,0.744015468953703,0.757127563394622,0.8800929721079618,0.8297996704403777,0.7902536960245227,0.7348907771698864,0.8315137508685531,0.6690667468579476,0.7457109143055219,0.6753287181537756,0.8445991035416369,0.7008169838093571,0.8451410434658692,0.7817991638112017,0.7979019879764276,0.8175493230298996,0.8563355791951681,0.8217861195156494,0.8798341727095651,0.8116537877129729,0.655547582722657,0.7550439635295291,0.7989890602531231,0.8449936888261992
0.805670586087681,0.7566105910649509,0.8823546990776395,0.7794937605914265,0.0,0.7810164652628482,0.7813137920747902,0.7250787143383255,0.7842009065279097,0.765058659126198,0.9107202032257008,0.7703992818541423,0.8093731904093409,0.7575698174924808,0.6980280624580766,0.8716900084363419,0.8500658224431002,0.7867098632068804,0.7252569821984148,0.7319360527111881,0.8112531531407398,0.880932622082344,0.7731112440620901,0.729072584791591,0.7742146007795943,0.7219373090650019,0.8110047923330874,0.7824542396450865,0.7825079900956301,0.8764579679932315,0.6536342269427912,0.7828466076784529,0.6898746128954246,0.6330332405315839,0.7780107731642084,0.7442083571905557,0.7993725155874466,0.8023884025361748,0.6737274699535684,0.8000484802452908,0.7069349238398336,0.9045636049397537,0.7186316155402175,0.7682802509088298,0.6817678175607692,0.6481591947782728,0.7308774388088379,0.8029790709079295,0.8078302789246382,0.7846139047722052,0.7782130028395509,0.7534896449713099,0.6550123478656166,0.7403555402358274,0.7650095148666451,0.7592125826799617,0.7608263359609334,0.8944340566784944,0.7296810309129711,0.7260322473906284,0.6910069991060238,0.6496992104005739,0.7610839122019657,0.7473078339868494,0.6476899121190848,0.6152095262753663,0.67872887540106,0.7465130421460549,0.8152375268186124,0.7987595361920146,0.7447167957577273,0.6917827442470186,0.7963651713508649,0.8245570218928672,0.790820479964229,0.5849386271618638,0.8016801874236149,0.8757227122272979,0.599844726467134,0.6632659338262639,0.6695486205260496,0.7417690622916313,0.8059556613500386,0.7043007646071998,0.7615244312871269,0.753949621882123,0.7383185861255779,0.7161396614668162,0.6589257467129767,0.6380300191008221,0.9286040174457231,0.6539838610132834,0.8352188135714864,0.645472402808507,0.8173471833500795,0.7200725386598256,0.5787365021613186,0.6616767368286318,0.7045243968604604,0.6670783031468557,0.622598173643461,0.6726188613374496,0.6483456713487395,0.6559861613440715,0.7327404166322011,0.7161010966954082,0.6757477143378681,0.7786777481107278,0.681699930822584,0.7442400723619749,0.7538485303966664,0.7907357470510129,0.7577434570533461,0.7976090436461348,0.6730722616684056,0.8385916952402191,0.6653222311848496,0.817021201218616,0.812355212942154,0.7564776931333638,0.8936413513411618,0.6876980254544345,0.7154084648280286,0.7283165967630977,0.7423769758367776,0.679098729304537,0.7345974867482076,0.7136343632191076,0.7132649123217872,0.6969841419443161,0.7928843100512407,0.8532258887533443,0.7077272883125872,0.7621308601380716,0.6914805764141462,0.6386234008441082,0.6762365985875949,0.741054062381451,0.7310084182034141,0.7271164204062505,0.615556960497672,0.8110273518882334,0.7579137197076431,0.7934959375403278,0.7773211509231002,0.7147277827910193,0.8366092730651474,0.6299594319287006,0.740664757733975,0.7277454460202705,0.6897161833115774,0.6572387027349014,0.8442729642347897,0.7858586985957905,0.7224375029585532,0.6898196199468584,0.8028164021015942,0.7976614880790992,0.7194101071903419,0.8006498112962848,0.6050164919180798,0.7270839938243572,0.7285654356002447,0.9118927814733084
0.8706609854863373,0.9389444270331845,0.8925567328452738,0.8285449434098214,0.7810164652628482,0.0,0.7449633484409937,0.884800133290429,0.8246872179568371,0.8500951479517467,0.8183579483910224,0.8199783329929793,0.8950773512541429,0.8055543297065528,0.8284965495374876,0.8598193476093888,0.8506059735465215,0.8114081818466569,0.8511986936260013,0.8165143712049512,0.8566919798400593,0.864172408671483,0.693845813662446,0.7513555678889514,0.8158247840488875,0.6815214166525346,0.7254589636737718,0.7931240795155815,0.8453656042249275,0.8097755635882156,0.860465977963075,0.9078299743452547,0.8770676344106467,0.6708838379842146,0.83693774518201,0.8441474179202911,0.8281914361914179,0.8348245199003504,0.7837513562422584,0.8001163285262863,0.8610583013166042,0.7935773021964379,0.782113930975297,0.8493246553577566,0.7830939571971421,0.7883843385405261,0.8122852936412092,0.8198148039695342,0.7708476087289879,0.8852112018545183,0.8886222548728705,0.8596998400790757,0.8476027955363159,0.8892171013230988,0.8570320814088037,0.8890768682885035,0.8664226367902893,0.8653409416296269,0.7874712663819371,0.8766347376719034,0.905790862625122,0.8227534370920646,0.8960975354969422,0.7382798723788916,0.8068805753739524,0.7850299480674388,0.7393735539131663,0.7998379137610789,0.7688773099118681,0.8302009728294863,0.8880731776401443,0.7917231713745465,0.7784803465691111,0.8768784844627737,0.8968093483793178,0.7588854458536551,0.7946386978863313,0.7781086656239249,0.7117198456259319,0.7737883982390238,0.8728904608570534,0.8645439661800729,0.8991052851400908,0.8471291197114308,0.8060339808574338,0.8576835254755759,0.8166949224211358,0.7956064938577158,0.833264300013323,0.7491629764013489,0.8207316878622719,0.8126916861073646,0.9195774799579304,0.8385110496416333,0.8433695036419452,0.8411947455806784,0.8255497327583228,0.7451971637978038,0.7273567434276986,0.8176983932807905,0.7576067486987628,0.7625432091478197,0.6643595125524351,0.743109423929019,0.8778259645850797,0.7972796829383788,0.8389876187194306,0.7483421234356199,0.809370573684873,0.7990869368598851,0.7745790025970859,0.7510500499248312,0.8851256085974679,0.7496662333692262,0.8198988757706245,0.8602887732026766,0.820334347594399,0.7880597826953399,0.8297548856483412,0.7564965824497739,0.8343001731791974,0.8126542774811997,0.7473857578021997,0.8761334116161612,0.8378338457200751,0.8484561012544121,0.8241080526669037,0.8040947490601312,0.8110037082743338,0.8062889343742685,0.8300708771097304,0.9244011218534786,0.7862767663639578,0.8152879377427883,0.7941597305303707,0.8099740741067003,0.7723764164016056,0.7826467998287387,0.7131450651962997,0.8615086271877858,0.8022632329650431,0.853181859620281,0.8830537420805071,0.828442709209157,0.7952128578443803,0.6809781598891487,0.9234812349039946,0.8135709148394125,0.8021095784740954,0.7390444181637084,0.7970086899938369,0.8483081037334993,0.8114009321421664,0.7934346264882952,0.7898365115949315,0.8223539458556005,0.8350964735759673,0.8708629749374053,0.795271164098547,0.8340261890667064,0.7494515922215426,0.8576612106229572,0.9301484931422566,0.8048591322716597
0.7446953637317224,0.7719812401346583,0.7644449904281095,0.8375960224192824,0.7813137920747902,0.7449633484409937,0.0,0.697089846637016,0.6559997009123648,0.7949476339129948,0.7502007276225594,0.7606579802656858,0.7824010780210184,0.725649437321614,0.8176254227160825,0.7325945511319766,0.7256085433139072,0.714195470234213,0.7046031568935605,0.6785538302502665,0.7639842391948795,0.7635041918815263,0.7550833448863384,0.7836599894683532,0.76871529968247,0.7365397405703017,0.7064967514918302,0.6964840265455141,0.7484895832335662,0.6832922584815285,0.7452011748847691,0.7946432750994389,0.788224774891099,0.6913403148556057,0.7424772026373496,0.7510323245008108,0.8296383209830053,0.6614009288267888,0.721983731416839,0.8460597375199624,0.7167248774755033,0.7312537837264752,0.7192335946198977,0.8273788749365479,0.7443774702350846,0.7100759227935659,0.7475886891680434,0.7960452327908786,0.8424117276775777,0.7456116491909924,0.8460369416990153,0.7264241439966048,0.6600376201250936,0.8162413916575417,0.8334461154549513,0.7702587257768341,0.7212750336967787,0.715149176212212,0.8144876531271247,0.7484742326933227,0.732416131407868,0.6731393285843399,0.6972053691352031,0.682194087003339,0.701976160846792,0.67481468234374,0.8486981131705884,0.8047914363911806,0.6910677714713986,0.6883901323458409,0.777429594910404,0.7089132429959282,0.7254115141598746,0.8379450891619759,0.6677483293774198,0.6750719356223914,0.8673697612769596,0.8550941539255072,0.6095548095586193,0.6681507657523523,0.6618205922220075,0.772973271077518,0.7636327519849996,0.6379139615384646,0.7142140570897464,0.6797532635202548,0.7012151836344515,0.7875135379262995,0.7062237611200832,0.7053944238483084,0.7660962785850179,0.8080493928126297,0.7926409314919624,0.6968943757410981,0.7792082331681163,0.7878718843877158,0.6222400247499379,0.6927162303481935,0.663961835001398,0.7877818494368574,0.71059299438715,0.736710904636048,0.7505631624178635,0.6873388001382689,0.6982671616191092,0.7059949122690635,0.7202016401316207,0.6740864250904015,0.7701764125545604,0.8078193476411912,0.8503465907470503,0.7197432239344564,0.8092243391129773,0.6374182414169473,0.6757529744756916,0.726177270716487,0.6735216122458211,0.7864629742526286,0.7821406889811712,0.6559085027660818,0.751838672645413,0.6685215345509739,0.674901682300486,0.8158402508446834,0.6763880426303449,0.7545257546541215,0.7448767659703447,0.7660066587320783,0.7125556378277427,0.7407066506884757,0.6460384288949236,0.6959012638035084,0.6572748162013002,0.6599974927646756,0.7189698118146199,0.668886608265172,0.6568664356772645,0.8000338069797148,0.7024028606995827,0.7287430855948352,0.6935729777315576,0.7260335783405494,0.8215370450628403,0.7194451624465089,0.7792844414017434,0.755980938508672,0.7459344654813289,0.6874834469831917,0.6972442219311172,0.5889482143622871,0.7236802870404018,0.6602937502341295,0.7092488458304185,0.8636784107716163,0.7277208077341574,0.7727553771931261,0.7862034275307603,0.8186052091920165,0.8215371464285359,0.8252759977967502,0.6681356447291199,0.6880697488644654,0.7550625516079269,0.7337773157324223
0.8836923396552752,0.8643889559306712,0.8670726388110834,0.8410485267745208,0.7250787143383255,0.884800133290429,0.697089846637016,0.0,0.8102382301386147,0.8315479024855053,0.835371612863708,0.8457042822271646,0.9169310738299977,0.7728063318097765,0.8147616473204402,0.8857082646125676,0.8622337929370201,0.8422489041574552,0.8719753599989829,0.8870684202463532,0.8554618215863223,0.8203535495015114,0.7706420579692607,0.7769762783567193,0.8780743473900128,0.7467225609868495,0.7933634974982453,0.8582624698820981,0.7797448289392281,0.795194388066091,0.8926118680082862,0.8777079292128227,0.8342021501514977,0.7475810037545563,0.8617627834054723,0.8547822150242812,0.8754208990903697,0.8843374379091288,0.7788780782581189,0.8243424908995269,0.8509565859677263,0.7584115673886397,0.8471315486934671,0.8048863233640893,0.889279270812732,0.8322304320103893,0.7650746986846185,0.8273599759607652,0.8130588304755905,0.8852632397768854,0.849216340023111,0.8459019736535225,0.755304538256555,0.8382381857751574,0.8526152825671672,0.8008336569166278,0.883782797522471,0.8786479035380387,0.7830350885033788,0.878307708205814,0.9192850455017388,0.7505562222025884,0.8901977685732684,0.7701273933960007,0.7603775701877703,0.8013001978286539,0.7709989937004471,0.7506869441744911,0.8172424669647184,0.9155282093522971,0.8464908833014396,0.8099435605693331,0.7893009703140215,0.886117768477568,0.8941107226642958,0.7369280742288852,0.8006689424746011,0.7241974160810146,0.8061785754482899,0.6662647949134606,0.7768524065465593,0.8307189694408453,0.8063421326068767,0.9033967780128082,0.8444589567823456,0.9276499621796521,0.9193802507804363,0.8042571253820225,0.8721501419805299,0.7570121022352544,0.8137367788032172,0.7507914117241181,0.8620192975633102,0.810465331028589,0.7867314719704048,0.7998072521137244,0.7872946184839816,0.7948702569980992,0.6869053220712595,0.8383354295427574,0.7443127730878858,0.8539279045777396,0.7267343203567294,0.8020071312328195,0.8948025650011806,0.8530385735924046,0.8647703215843886,0.8209770140664195,0.8049623931436367,0.791141971300665,0.7687866681631902,0.8068413101592324,0.8442182696010185,0.7850105604175249,0.8535949463846663,0.8710963733288122,0.8213839542364476,0.8225918602740936,0.8214669570076335,0.7452130698995683,0.8088137771825961,0.8834234338838352,0.7851022720466957,0.8102467409091091,0.7603830707877249,0.8360261414652448,0.7668588569637347,0.8246964238851593,0.8476269854503269,0.831967972445083,0.8168008521675522,0.8739208826622087,0.8514606416995544,0.7722430922161775,0.8563849562593804,0.7267024768493892,0.8140897254391116,0.8237914021461191,0.8360264955235892,0.9249712434949314,0.7833900826754759,0.793043293474021,0.8141227438530103,0.7879660765995344,0.8216547361517696,0.7418567320741528,0.8587968267626019,0.7427503138949404,0.8622314071605398,0.7397410170703097,0.8987261621722017,0.7624047948327096,0.83401438900375,0.7854906883200246,0.8525927596727189,0.9014754434558878,0.8575511643436952,0.8513699442331656,0.773149918203009,0.7908759980471146,0.718993508883878,0.8232090899524792,0.9139897597533534,0.8059442969498481
0.8517002444992524,0.8121375296656462,0.809604192946458,0.7541757543324321,0.7842009065279097,0.8246872179568371,0.6559997009123648,0.8102382301386147,0.0,0.7596798693348763,0.8361911430579893,0.6879322736310884,0.8196906224759353,0.8464436985385031,0.6807006162348531,0.8044227364276523,0.8144388163717015,0.8331405790408528,0.7336929707212584,0.7637639085628823,0.7131435153855673,0.8739664582843455,0.6882088897240024,0.6142313719340909,0.7351058767570247,0.5862284235305966,0.8494576127082745,0.810612719709335,0.7486812052587986,0.8935499840339236,0.702848862345692,0.7876339325717231,0.7067026696544945,0.5777389013640916,0.816920186072215,0.7298045385744573,0.7273809907250315,0.8529613056019851,0.6279974781587842,0.7110415878540446,0.6800092451159985,0.8860417732709718,0.6583051651467731,0.6471140423591931,0.6653541080424974,0.6437769961821014,0.6688990150899795,0.6558535518363644,0.7170516779428271,0.7940895535972586,0.7299771384354113,0.7057955975594903,0.7658365277608606,0.7037182844256497,0.7060699076259418,0.8090897169772022,0.7702776220093757,0.8513939688648579,0.7268896010665771,0.7670029664864112,0.7674982636137208,0.7121380792016753,0.772526119023372,0.7379328976794465,0.6907699827262112,0.6381143654327922,0.6598713352062314,0.6940950871877103,0.8368433679247119,0.8803650360236734,0.7406890865892317,0.7335062076379817,0.8222199402259525,0.7744425723480564,0.9031130677744297,0.6342676812194362,0.7025890034801556,0.676821004895632,0.5958351119315671,0.6060073695393561,0.6845347600781122,0.8001173761116475,0.7998617306289981,0.7706330007860798,0.7370393788384642,0.7922182170624767,0.7851644731616175,0.7561585664736534,0.7269057196512726,0.6738968202415155,0.8606652105850264,0.6883710916499686,0.8160738729936411,0.6902537783036194,0.8621720979091007,0.6898111196294039,0.6706246798255153,0.6318155226021432,0.7434981310227857,0.6844867211366809,0.6552440129484342,0.6443292029054088,0.5830050178100686,0.6222791159396066,0.8220829314049358,0.6678883771324332,0.6595591232188185,0.7433388452081481,0.6475565258169034,0.6336435234361851,0.6320500967330744,0.7256950590824429,0.7865455874148013,0.8994662296212664,0.7001965601013971,0.840415957390319,0.7061827387621897,0.7361375298414712,0.7032953921883425,0.8539255404329427,0.7913936473139771,0.7620166404656569,0.6727830302136241,0.6776585931776443,0.875805703561538,0.643242311140424,0.773355105997332,0.6629671106149319,0.6691336201102867,0.6994126897406151,0.9422119280612995,0.8575371522218477,0.8158103419581842,0.8617772507594085,0.6570608059219007,0.6639056384995198,0.6521844883270741,0.6754921712108802,0.6773483809448778,0.7326648706031181,0.6826042419098963,0.8232920443257212,0.8194236127408363,0.8500169963140494,0.6601651081188252,0.63438164415288,0.8279409826150814,0.6454212589008851,0.7152474411018264,0.7538647326008813,0.7026439430662444,0.7524559405421992,0.8531050919906212,0.6822491920697226,0.6451001285915043,0.7037229702456803,0.7948422671097302,0.6926224758276986,0.750683863808858,0.7702682590707179,0.6208648322640038,0.8137007821063917,0.7768322383637266,0.8513734803909186
0.8440555453197367,0.8896447361913823,0.900387860379123,0.7848690859185631,0.765058659126198,0.8500951479517467,0.7949476339129948,0.8315479024855053,0.7596798693348763,0.0,0.8213476408788338,0.7933088091448327,0.8885421934348124,0.799229018314131,0.8131564284213925,0.8510915358225545,0.8350304190826263,0.8466044811373847,0.8002776916453707,0.8055238156978441,0.7998619920539682,0.8482760218884488,0.7801130546914179,0.7450909063239733,0.8966228765991101,0.6769932998541709,0.7897805552762704,0.8089399317445863,0.9096867916715109,0.7949085893263195,0.805784523199286,0.8902946396342779,0.7955779329051854,0.6772516130572529,0.8298321936652991,0.8011079721709317,0.8447908757316416,0.8088349523484472,0.6961401432226607,0.8287385460926066,0.7885797422352445,0.7825428620540053,0.79826079707063,0.790635945893192,0.7896130563576925,0.7650829535409134,0.8018624048269491,0.817254871475734,0.8564337182051037,0.8268218706691108,0.8153488286455075,0.7652950453201907,0.7551131866631069,0.8013663743812476,0.8579710580309365,0.8130525029253496,0.7963649712601809,0.810605429827308,0.8655654711886804,0.8073176561310048,0.8066156908192422,0.7108429374987967,0.8030628391597983,0.7691367110951011,0.7411097055834427,0.7287902558538191,0.7276098431475578,0.7991895004580682,0.8421866923431083,0.8353539584088707,0.7828872078143114,0.8007333346549731,0.7528988040383191,0.8522667896672995,0.8314731769670661,0.746489067417543,0.7679290383612964,0.7839742279371896,0.6855300936585201,0.6654379731122294,0.7850174877627955,0.7425888965039986,0.8411804511880575,0.8035855910339924,0.752332965851043,0.8071474068893321,0.7660193445052723,0.822284301751831,0.8213286305206148,0.6562092339356701,0.7987120030637146,0.7450442110812782,0.8930829969935159,0.745796703207261,0.7856905110837834,0.8557133284340701,0.678848922557514,0.7447810127796617,0.6747947373096369,0.7851700052549009,0.7260354738310141,0.7498052045544702,0.6920111515641217,0.8353266836187391,0.801765595182292,0.7696888786492821,0.7800841641175591,0.8003308159092546,0.810421884464815,0.798360913225236,0.7454851339047369,0.725247109165746,0.8087011373579087,0.7465750304553523,0.7648910087026831,0.8029881209812569,0.8015963714391486,0.9063282981998141,0.8341149792447714,0.7188317173304839,0.7674211115560183,0.7273545743589809,0.7197975945172892,0.7969933675809652,0.7524590897273619,0.8475881282806697,0.7301385188919413,0.7381650724235607,0.8172961937007367,0.8353098336073087,0.8131381485961492,0.8030089063618502,0.7257229924451821,0.6729707578415285,0.7634688492127617,0.7511087298595936,0.7750150025036665,0.8026106289032593,0.8026597578374214,0.8285500285547319,0.8066942353758252,0.8103245955111761,0.7997716273061852,0.771514352975018,0.7958944006345412,0.7278169801087625,0.7755171806389766,0.7798001190308814,0.8837624165600136,0.6969489453877361,0.7367020788654105,0.819781432078865,0.7833063583335148,0.8691778577560302,0.7972693003113436,0.7979933224068217,0.8243079132616695,0.8230122291973327,0.8043177543543117,0.793760781712683,0.790591515122391,0.8050175276583,0.8882451403562314,0.7517904862501351
0.860672420649189,0.8129961744966868,0.9137975923275432,0.8548533937152447,0.9107202032257008,0.8183579483910224,0.7502007276225594,0.835371612863708,0.8361911430579893,0.8213476408788338,0.0,0.8406140896860483,0.8711580984118977,0.798010562472292,0.7130063268263528,0.9340342847065808,0.915225059564955,0.8392054326676077,0.8210119232081117,0.8229015375879873,0.849405204033247,0.9149476252828105,0.837453491091327,0.753516161409963,0.8597124169449962,0.7255240415447429,0.9030237859399995,0.8976969089756655,0.8321952265471838,0.9004459567054603,0.7157279437003454,0.8324614529737626,0.7225286536590493,0.6915988938466104,0.8571311670614177,0.8065255670052098,0.8397765205038669,0.8903825282616473,0.72730102217423,0.832620331515416,0.7469491488357796,0.9151077336539301,0.7511992325699675,0.7730374487696687,0.755242605941134,0.6812778035241653,0.6925751853995851,0.8315525934738679,0.862013357563201,0.8297282562693321,0.793962996711653,0.7731541269872196,0.6777042614098345,0.7899648405761021,0.8365109779112927,0.7496131252202834,0.8251794024846391,0.9621018642194022,0.7679080092152142,0.7845386656941928,0.7858254794368768,0.650210238324693,0.8007061133784396,0.8063235906019633,0.6611500699702225,0.6506271418351979,0.7196909577840785,0.6999754963180573,0.874309329425967,0.9043653227465833,0.7390575305990226,0.7412208019899492,0.859124686121866,0.8727776442337014,0.8831240447250545,0.6091154007405182,0.8320071952131328,0.8141168858594786,0.6502840183043864,0.6356132952374934,0.6729827822193443,0.7684601247049434,0.7819475138084737,0.7885297628231985,0.8249784802156608,0.8329348951517789,0.845959477358512,0.7459812335068884,0.718935866795525,0.6614515280385815,0.9353688353740364,0.666214963089717,0.8759853032623891,0.6912633718088034,0.8439006240717642,0.7362355679964058,0.6242295564482999,0.7099977389912477,0.714759529464554,0.7109926318505992,0.6720503375506682,0.7396891597090304,0.6752401909943427,0.7111379036535164,0.80153414523653,0.7429149392721301,0.7268991949132748,0.8615261410086157,0.6923703436293567,0.7691143034658089,0.7886716873095868,0.841358787419236,0.7987045657716542,0.9010576785621196,0.7212127702951204,0.8877131586332393,0.7188255873680097,0.8846813175778232,0.8569041998425341,0.798105062383056,0.8871018003131557,0.7488709170340927,0.7687472815767822,0.7263132606266848,0.7866647958635377,0.7241460213863719,0.7459149351595672,0.7368438033751055,0.787070986018728,0.7202842192367273,0.8483112448986295,0.8884320401753322,0.8167681206066224,0.8236076578140087,0.7814638572580815,0.6334898661711678,0.7115298716735353,0.768645037083069,0.8244586939765108,0.8005935604298584,0.6581749536139974,0.843953124316908,0.7903514791191056,0.8491935939059304,0.819723256209889,0.7290451577105509,0.8331434612610984,0.6316122273175511,0.817373474411627,0.7919293322042978,0.7884360576915327,0.693323337332974,0.9412195555618662,0.7627599993788332,0.7827641833785481,0.753236520561012,0.8904323557758707,0.7989065864522256,0.7747964150543335,0.823259608904536,0.6124170463026128,0.7858411448791723,0.7695379542944614,0.9551781418413242
0.7742547569281136,0.820101825790741,0.8306968769882938,0.8270591142223428,0.7703992818541423,0.8199783329929793,0.7606579802656858,0.8457042822271646,0.6879322736310884,0.7933088091448327,0.8406140896860483,0.0,0.8013917034762899,0.6704572609062586,0.7500597120810675,0.8579988191098912,0.8249493273912938,0.7127639296139224,0.8811009433572558,0.8168788591412713,0.8938698765499146,0.7691850810237765,0.8216282708806831,0.8706863944813138,0.8870549485592846,0.7878234391514781,0.7315219017878991,0.805752419968539,0.7865746937274797,0.7553752901889197,0.8353811916111701,0.8100720180665721,0.7614501708296795,0.8344972397688025,0.804602872100846,0.8400976867051003,0.8435260814988432,0.777635086088903,0.8622464050086113,0.8141201892330697,0.8237992088576016,0.7568240848223307,0.7829955722253052,0.8785753956226258,0.8516969469256415,0.7459567467116661,0.7276866310603507,0.8933064044307149,0.8377538367677956,0.7879389851828872,0.7964617859100711,0.8157725220535256,0.631909673713314,0.8470337202372564,0.8696083724230058,0.7655103553079465,0.8097406741232714,0.871069710904354,0.7096606660479614,0.7891128064094589,0.7861150521239745,0.640183293375795,0.7625320576500577,0.7516086752011334,0.6546632746513328,0.6925165191841559,0.7381831438053289,0.6641446847685404,0.7034260126864423,0.7663830179185702,0.7322779227288694,0.7103518664846775,0.7321372179888874,0.827753448275602,0.7631565559339677,0.6432670092486351,0.8052917875140507,0.8093070820091328,0.7376349478961439,0.6755358845895479,0.6857416125237278,0.7449960777458986,0.7506643109934169,0.7572222166695738,0.8189500297751013,0.838827318941499,0.8153791823431737,0.6814112048999204,0.7421130689902197,0.7647811890866076,0.7708907697797802,0.7442551685371129,0.8061097902175876,0.7268368227407909,0.703380474300537,0.806430124926125,0.6702587930115349,0.8418566642658014,0.6611989232329397,0.7634661729024653,0.7056668373776663,0.7921371668389814,0.7417080563221394,0.817081655310662,0.7495715119651906,0.8023798236188723,0.8028791269392758,0.8299631032611852,0.7421136824863402,0.9067978615310259,0.9073802921408177,0.8119711679165129,0.7534650217029489,0.713475491057706,0.7376002765664333,0.8136082511058533,0.7480977636970004,0.8338116433264565,0.8654190281863046,0.6745611309654167,0.8003717802385564,0.7181932901679432,0.8149587627222243,0.7901569598442785,0.6807853887341684,0.831147956609297,0.6998079677690102,0.8386171812847433,0.8773951984263283,0.6988353196261535,0.7206426040650012,0.791667805844415,0.7226979854211232,0.743832922804937,0.888593016615732,0.6284459173754551,0.792826988813248,0.7991236238151236,0.8241256473074628,0.8594209519425715,0.6494151335555434,0.759408801261775,0.7552720264966929,0.7346328392279007,0.9003882779250171,0.7644859325284652,0.8369022775032479,0.6553153655009046,0.8519195936753611,0.7417385790494475,0.861773508308158,0.6564920639851565,0.8106924014597168,0.7889840986386094,0.9265410075794003,0.8018379703774943,0.8183616750088099,0.8862238060984389,0.711178903288427,0.7441060264369794,0.6157890688811901,0.7445571683319808,0.8221313006213389,0.8068601042057711
