0,1,2,3,4,5,6,7,8,9,10,11,12,13,14,15,16,17,18,19,20,21,22,23,24,25,26,27,28,29,30,31,32,33,34,35,36,37,38,39,40,41,42,43,44,45,46,47,48,49,50,51,52,53,54,55,56,57,58,59,60,61,62,63,64,65,66,67,68,69,70,71,72,73,74,75,76,77,78,79,80,81,82,83,84,85,86,87,88,89,90,91,92,93,94,95,96,97,98,99,100,101,102,103,104,105,106,107,108,109,110,111,112,113,114,115,116,117,118,119,120,121,122,123,124,125,126,127,128,129,130,131,132,133,134,135,136,137,138,139,140,141,142,143,144,145,146,147,148,149,150,151,152,153,154,155,156,157,158,159,160,161,162,163
0.0,0.5582220821293523,0.44245225809106564,0.5596720575428341,0.4231523815048726,0.5466744496584536,0.5847563730032144,0.609252409139617,0.6553194480770947,0.4722061391140571,0.5454886838585242,0.5300328801238642,0.6041474002486072,0.5700953442171175,0.5572088128513931,0.5298895901129033,0.6174252618599599,0.7090337465626015,0.5967671927051067,0.7089998959555267,0.6085093734394413,0.5294399437383525,0.6058132979225002,0.49006674343747886,0.619388558550375,0.5219148564943374,0.46603638084551063,0.5953640253501696,0.41532894155548633,0.5501213179651392,0.6614669973534372,0.6064571222954119,0.5097833365092403,0.6781954240286598,0.6689163534224736,0.6121612931145352,0.6804117752487234,0.7112479281457951,0.5701670090691391,0.4865149201452849,0.564906142499424,0.6578771596809756,0.6540062523781214,0.5939195426411289,0.6050672818127659,0.6951547643414929,0.5324904966066112,0.4969521616578587,0.6713855464338795,0.745447066744217,0.7033406043326628,0.6089472892273513,0.7281807274948401,0.5692296179503457,0.5361818193496236,0.6761032606168429,0.8086704858522427,0.5639133949460858,0.5992091614833288,0.6862413720385204,0.5914964803130895,0.6647696681890723,0.6290063437526034,0.5759265544595527,0.7287716214612827,0.7318599520312467,0.5986386269762733,0.5982962931745808,0.6145265549063996,0.6887741039961879,0.7092308633893183,0.6455432564469062,0.6293362751281553,0.639675348323429,0.6505189950673868,0.711268578841672,0.5774480464215137,0.4800690946501453,0.7277521697656608,0.507833365236042,0.5954855722851919,0.7624019698516654,0.5650810816339887,0.6198361938249572,0.684869976442096,0.6854065210072323,0.6490375974024069,0.6949283325769983,0.6568246481855586,0.6739937215523789,0.6739763149471545,0.6633501527008222,0.5953491561246621,0.767586280175319,0.712091899239751,0.5585201461785343,0.5928180825509296,0.6120478166189284,0.6259981825328144,0.6207960996093354,0.623684998790194,0.6162164251207296,0.6433212238099277,0.5115393257073947,0.6818036270222174,0.6143095213371526,0.6409430662106029,0.6339807168364016,0.571419015632229,0.5653840252255412,0.6385592518321876,0.7358061912431682,0.7063506144393228,0.6193031540267196,0.6821877442728362,0.5773133982929858,0.665703449715005,0.5167688475178817,0.5414522965099073,0.6257993869616147,0.5847467282824959,0.668026333822651,0.732958452681463,0.6234470493332694,0.6315779914327251,0.49395958440643273,0.6591697844668979,0.5372329610805713,0.5352973684660154,0.57294614703254,0.6150091394996613,0.5568640895081692,0.6433718651691431,0.7221244165421528,0.5968102519137669,0.6550030613185762,0.6072592549283198,0.5367867902625946,0.469596456365733,0.7433921121341185,0.5297359908737392,0.6257616353299104,0.757351423168153,0.6061890782313567,0.663233829180998,0.7605929739796418,0.6088625096829932,0.5687279828209453,0.5359447429413124,0.5336617496060277,0.7241316201462742,0.6493695220211751,0.6783236478169838,0.4749244316671331,0.6393971063060965,0.7327440652585692,0.5337321204238566,0.5454746106782188,0.4937820431566418,0.6632655793282068,0.5734794072293681,0.6896751621237003,0.6181413844413207,0.6996906512727105
0.5582220821293523,0.0,0.5443696614635626,0.611096843806901,0.4052821964519404,0.5310441141022786,0.6102200178820938,0.6798453855718964,0.4944118619620478,0.6801488927276671,0.6318075126739322,0.5894528857756771,0.6727114491504674,0.5927584005013925,0.6378992632846427,0.5527713027821882,0.6024427538075647,0.6136217087373871,0.5458369309436402,0.595882243866091,0.5591144661337956,0.679083279254694,0.6278186339138137,0.5453839280176895,0.652959457923019,0.4954881947565855,0.5441241286429628,0.5994499130820624,0.5820540534229602,0.4697555524397189,0.6002463809236894,0.5602824367602627,0.6234336944576393,0.5789947093427428,0.5833319214057313,0.6917988732504743,0.6392274884393602,0.6270950615960276,0.6320718836461668,0.5424647029759806,0.6628793702027765,0.5281385380328162,0.5532799114901407,0.5536099797393719,0.7302602819326921,0.6075793936805022,0.4808269469115399,0.5295208484716186,0.6594835729895325,0.5874776740326724,0.5624670287430285,0.5052868280193226,0.5781296130705579,0.7280454347573385,0.6840987540643408,0.538183094134773,0.5518396927399215,0.5326567560137604,0.6291970111562124,0.6390301047152143,0.6963481072517813,0.4953444236195583,0.5139461609947894,0.5839346853186403,0.503338222102508,0.5276757545215425,0.5897426106118959,0.5384762682872373,0.6828863481842078,0.6479001236146791,0.5363868733292455,0.5688733146777822,0.48556173486642423,0.6415829992481298,0.6329783932027477,0.5279299557480392,0.5678087986726846,0.49809545416089746,0.5810105094280761,0.4243010131301851,0.5242106734364954,0.5190342930296908,0.5605908197121693,0.6542522337652165,0.491199775684587,0.6626884524434311,0.5217858468846304,0.5327428260155679,0.576331846888848,0.5965660720799032,0.5281856340905657,0.5307440005376262,0.6322362590836983,0.5293902629725307,0.5456524510360344,0.7186690130124306,0.5224088237550086,0.5536437510860922,0.4702076237004752,0.5833357885081683,0.6347197448786126,0.5832277303294229,0.4987941403361267,0.6346984038443664,0.5202068368175781,0.5516181438733789,0.5917414861029826,0.6856733879879464,0.6287148302932087,0.6308440529622923,0.5754880798635993,0.5135685202156259,0.5437532940543739,0.5435329032795024,0.5734720400259901,0.5453188051446972,0.5300956762991386,0.5797985669016075,0.6002728841150848,0.5188523568565622,0.5018284451516749,0.543244726311591,0.5192204844061951,0.5583647808562483,0.47609021798613427,0.6785259940010387,0.49682550614931414,0.6053146075862217,0.7228336804787641,0.6322268721066792,0.547470784246895,0.49293967598073135,0.5409994892148415,0.5156755365166291,0.679035200094759,0.5472616517401047,0.5941998884472527,0.5760433678340292,0.6217845882560799,0.6058428651907176,0.6369012565530848,0.5709119852497563,0.5805114771043992,0.5446803693619267,0.6481121648434408,0.5346291884212018,0.5410175082220964,0.6408447932692284,0.6422182371647716,0.5259083931498812,0.5228925123995939,0.6098679146487741,0.6750550009603284,0.6055366914935745,0.651532093099063,0.6460804559347989,0.5815618101041835,0.5460410325967935,0.5290528419654145,0.4991162815111397,0.6670450221917128,0.5026139208738981,0.49890311898419637,0.5278274095662459
0.44245225809106564,0.5443696614635626,0.0,0.44909653097879204,0.48921364218997554,0.5498299423979918,0.5077404681230459,0.4731591564436599,0.38760722450392826,0.5324857134190464,0.6192771126487746,0.5795219544839748,0.5441854044474297,0.4200556167283735,0.5012305252091954,0.6450726361829145,0.5676854936216507,0.44727450998979057,0.4533337884614676,0.43912920084836776,0.5669445146312392,0.6488174615646544,0.4512153228242791,0.5431732068467173,0.4897667144231038,0.49685432905549115,0.4006248875274524,0.42956859186780233,0.5865370909283764,0.48011456592310625,0.4410347995514655,0.50037477262751,0.48434507612827077,0.43817013560725443,0.4163300739694141,0.5005414969203392,0.5393545509966223,0.47309141786112385,0.5606624227857449,0.4629331838455004,0.5391847674511285,0.4767114822077364,0.5206016677110361,0.548469919801456,0.47660350296552023,0.47863306931518707,0.5361340322924905,0.6421101069675417,0.4857973183630302,0.4839639448800426,0.5025537882819974,0.4976488732076148,0.43673279893932343,0.5885931190620972,0.5603854134577966,0.4504389738165694,0.45763893376275616,0.5619906595165173,0.4340207022897475,0.4642306316308151,0.48367758987379983,0.43754439418544055,0.5029635390005616,0.43162011882714285,0.40931876479945917,0.4280728410643414,0.4268067595793421,0.5464473403066857,0.48690848595812186,0.46899985906246366,0.48189943650403955,0.41076713986328506,0.3869732629640146,0.5368077248833938,0.4900932337338844,0.40458773404089743,0.5421738209831989,0.5950038163270519,0.4499060424190292,0.4481703625134826,0.5131354486082059,0.4139499171546969,0.5877607769352076,0.48138914585148695,0.40963101672684826,0.48281294778293093,0.42180163555124983,0.40403412106700287,0.42132089311453325,0.44833726780160044,0.4913775714459804,0.40588526439326067,0.5704348493007905,0.42233809381636744,0.4220230453684773,0.5900663099568008,0.4163817543412067,0.43375530254271316,0.38210025118564855,0.4238559930774807,0.4379044615791296,0.4931777748559656,0.3944611631320647,0.48046150839901036,0.40548633941087475,0.5322246933986232,0.5099375173366075,0.4990592044950377,0.5210200521438739,0.6393027132384215,0.5216766884481031,0.41984473634952624,0.4352112877519729,0.413373456281923,0.44792842789128784,0.4876781898564301,0.4169412655483731,0.5228567121549423,0.610337962426432,0.3974782110501922,0.48894743147637915,0.4263014937122965,0.43326669188503675,0.5311653176372662,0.37815755444222376,0.6462237770807212,0.41452882536491226,0.62146351114514,0.5588516404580821,0.4742119225534765,0.43526593725900525,0.5217192124117649,0.40492560176721965,0.40689278413717117,0.5021899102668695,0.4774359491975649,0.5632055798511333,0.45697295162590046,0.4490819045304996,0.4724963730474875,0.4351471736572152,0.5064598594657975,0.4295403655121687,0.43047388067759673,0.5439939171250304,0.4298910422710273,0.5316098857394082,0.5956858124621733,0.511770171349579,0.472213277062229,0.4000694006583257,0.45199957851961015,0.5002146628663208,0.6165346552543722,0.5361145590823334,0.46473465560348476,0.4764578005164109,0.5853370239747017,0.38947205997616824,0.43888087234370055,0.4931599641894159,0.3958417880440537,0.4011006200547805,0.467583460321185
0.5596720575428341,0.611096843806901,0.44909653097879204,0.0,0.38486116130625997,0.46206012515528316,0.6251105117652735,0.5964408040554835,0.47991192840094776,0.5078654499044462,0.5501712204972151,0.47469226676970544,0.6408949041023998,0.6708162567633146,0.6136208784604086,0.48188275342743214,0.5581196199961818,0.6667959136571026,0.4801578888861519,0.5404796567394722,0.5018032611741093,0.5432823218523707,0.6884055405690478,0.5244198623728163,0.5397758290056595,0.535603695184768,0.6208241164805058,0.646803495961317,0.46975695176393806,0.4277200443739975,0.5273338949247292,0.4859025627979506,0.7123043416630984,0.5743432550885861,0.5840434102862004,0.5908548482656621,0.5911239559952923,0.5992911169990147,0.5157743845336954,0.6209303754990592,0.6502203496430162,0.48602333756368404,0.49852277719379684,0.5075785478561502,0.6781593291786328,0.6373626047894978,0.44318059671826954,0.4579664994159826,0.6327515817539161,0.5500935476609249,0.5568888549300378,0.5124736441219613,0.5899535714397708,0.6119605380694381,0.5535940296013656,0.5087177208037016,0.5485074109671468,0.4712575244728356,0.624333941554687,0.6665899066326736,0.6403891669601692,0.48854031638864354,0.4970984355465865,0.5290877911177989,0.49986287886787534,0.5367578829185197,0.7002133360771752,0.5103492372071561,0.6184304430736667,0.6074238231256333,0.5289273607605136,0.6009136025206955,0.5102046121475137,0.636691398504123,0.5661468217256078,0.5334370681706619,0.5529304233507626,0.47100261982592284,0.6223216304006037,0.42009236942600375,0.48427540079741976,0.527847770684151,0.5009510426457056,0.6458123127177523,0.5025886323716572,0.6392645547095048,0.4980166928948091,0.5436609090675848,0.5874081294233754,0.5986737784229453,0.5382506450433668,0.5172810389588575,0.542783595252558,0.5458758488885725,0.5962476780599723,0.5424433325464417,0.48233009574655394,0.5150248659621052,0.47386123791574575,0.6956046765523132,0.6308553175567654,0.5126455432607292,0.5259109308408928,0.510441072862036,0.5262066455205016,0.537730637105892,0.541289848519017,0.6030436109370555,0.6500577454651212,0.5198123278031638,0.5295322148263931,0.5279020776520232,0.5647832747224012,0.5394396276877615,0.670748267901053,0.595003199449776,0.5147513983737974,0.460650043033205,0.5306999476262431,0.5686964336820742,0.4975153322049981,0.5844464584733681,0.5134027533389433,0.541810264460911,0.4762350296543846,0.5319164868041232,0.5158608406185848,0.5301284944790522,0.562445615235663,0.6576664394595216,0.49255035219493953,0.4491886772089798,0.6064841809398527,0.5371611834928134,0.5398472784529609,0.5059994008505809,0.5022328613178394,0.6437440997342391,0.608754504919458,0.5478506221208872,0.6832946975873236,0.4933072814077644,0.6046676956959782,0.5035526603332062,0.5663811548328243,0.5353582856802639,0.4835578966426181,0.5724442330154874,0.4909917352132024,0.45688807352572974,0.5369817916380388,0.5581187063664039,0.5967980918565582,0.5232785093306753,0.5617036996107861,0.6193154549159814,0.6061438611474215,0.5151912229419013,0.6753428795835977,0.5258761304127438,0.6709797252789519,0.5055028860203006,0.4964521552171103,0.5453879489047745
0.4231523815048726,0.4052821964519404,0.48921364218997554,0.38486116130625997,0.0,0.46208051710420583,0.4696491776867037,0.37513232965378257,0.35999648754130564,0.36746952098619295,0.5001227642575247,0.45967362341429524,0.44443473156209823,0.3586718103067108,0.4461706843239225,0.5347824439253231,0.48620427786766335,0.4009183621490826,0.3941949596341143,0.383492999497456,0.5156313332399781,0.4832652441521858,0.3949941648443072,0.5168145060939252,0.3938104117374992,0.5193403948316455,0.3373041880422677,0.36411974172507916,0.3957202444375158,0.5091038654951732,0.38336731942628094,0.4242170100124433,0.4071844608715746,0.3858596198974712,0.3719641226938786,0.40208966526781953,0.4791734936553001,0.40874604208110105,0.4703050629150755,0.4157705316086578,0.45233840236857586,0.439363227105667,0.49321333320908367,0.5392518497612506,0.38519102327348675,0.43225456704385723,0.5916210797139287,0.5709817497037596,0.42651071592778095,0.44438118394049997,0.48771157903305173,0.5201695603193599,0.3924346695727836,0.4518606716988807,0.42686222138736013,0.4066232943295674,0.43919620355337374,0.5038337443876805,0.3622979618144556,0.40670919502950625,0.37943196884295544,0.41523808622822317,0.4942159541885786,0.35949200282769933,0.3939524283549285,0.39453895579361153,0.3705256211444726,0.5501416483180633,0.3894541854051842,0.3913368446588277,0.4837617437500827,0.36670241493282474,0.3535083495211053,0.45918280597801586,0.39824475186321023,0.3714885570095791,0.488905129307018,0.6256333141112536,0.40748485843046517,0.521955989805613,0.46045642841834444,0.393277351451113,0.5581332397796244,0.3904161370449015,0.3864072905447225,0.4114845703910215,0.3730888885102416,0.3664214692320999,0.3633697625091392,0.4000986676280399,0.5110493232342999,0.36503065892473563,0.4876984099127884,0.4026983969238167,0.38693066091691714,0.4398732283229818,0.35891992496717934,0.3681133088780498,0.3616586802881896,0.36863674539111985,0.3766481832941403,0.40851369806741505,0.3617103412414508,0.3656984594971971,0.3675777048496782,0.5028330696959548,0.4256788582677649,0.3978354716584358,0.45191065277158915,0.5069040842960771,0.47755668236081683,0.4009947024600723,0.3897020091293599,0.3552605288561878,0.41440234643436585,0.46768397108486426,0.3705360364543397,0.42029607292241383,0.4599350122624325,0.35546016664448116,0.556513031986371,0.3795366643703801,0.4066520872016191,0.5295639971957404,0.3573684284128801,0.4468881405671177,0.3831453820989666,0.5209911478581998,0.4000903044649629,0.40749841477364407,0.37015231061661413,0.486391259484073,0.36436031954050435,0.38577355758767967,0.403585247122951,0.46455111450291914,0.5139572244456161,0.42033748769725154,0.35674926393339684,0.42044435997986906,0.35550439608552653,0.43029691770267353,0.3858927636641861,0.3683259822028223,0.46227804838639897,0.4028729214349219,0.5303825219287187,0.4703223060478892,0.38330440763815843,0.3838808113955491,0.37365475981922924,0.38255743890106864,0.4282433394610998,0.4592959491712673,0.43579688147766427,0.4035195907581455,0.4262739264301099,0.5379706334374232,0.3473360600041947,0.43486956103321767,0.39129780274209675,0.36848876974675876,0.3594516210323963,0.4960264982710622
0.5466744496584536,0.5310441141022786,0.5498299423979918,0.46206012515528316,0.46208051710420583,0.0,0.5065244149894866,0.5413805803638473,0.48484060308327553,0.5136331482018806,0.5703356034934958,0.6772115967543635,0.5468008773465861,0.43814157265602044,0.4704352038260166,0.6556608570940639,0.6391033252323589,0.4909137088276091,0.608604333462953,0.5252110908374418,0.7154065293248095,0.5397178595238752,0.4765409992304726,0.46623465215501936,0.6093582014727827,0.4818114001713453,0.38767071832777605,0.4800223036500883,0.4546259734290604,0.6306220837534665,0.5360192711771316,0.6911219451914151,0.44912095306717953,0.5435015370479713,0.47554057081272993,0.5473505013131269,0.602518055128669,0.548538481753241,0.578749846128899,0.4205755128479057,0.5090792702394117,0.6758788406019899,0.6498217449548134,0.6239078325649441,0.49522403916524554,0.5277491959033189,0.603792900335737,0.5910974356815238,0.5301976999254087,0.5715111366563271,0.6072590716845511,0.5948079129353021,0.5149266362916816,0.5684810849543941,0.5497843968653275,0.5994395313573276,0.5695515269010017,0.801812837281449,0.46859275087613417,0.5068329045861728,0.527543441207747,0.5747821898463324,0.6541510589074959,0.4796036180960143,0.5072148634189972,0.536427477183063,0.4531315272533052,0.5892539802416192,0.5177432865492044,0.562954066955876,0.5717802019637959,0.45667682919989816,0.4810229402694957,0.5679530439666945,0.6059045345543239,0.5066143396469938,0.5639731408335519,0.526160067565381,0.5237503819377811,0.5549206994277474,0.7176850728040125,0.5182769155576977,0.610750052934396,0.532854171500277,0.5353618992613045,0.5357666198169995,0.5614323899303405,0.48891809819702264,0.5071303787224303,0.5067478184710361,0.5821750818639803,0.5145444105252435,0.5938828281169826,0.5226061176406257,0.49724411077002756,0.6144469210363029,0.5166511196370045,0.5610416295402152,0.4763956479181526,0.4698569094440435,0.47383375929266525,0.6279415901114557,0.49664430048406955,0.5322388555883805,0.5044081244142405,0.586173372083893,0.6428596597268295,0.5862814684338601,0.49444529041191065,0.643629145559534,0.667756302225517,0.5212956463394879,0.5536435645324412,0.5054851090852579,0.4955419647061071,0.5004970885710835,0.5505699926446117,0.5578665633156447,0.6759121240432204,0.4754541769561246,0.5091947952904263,0.52418694640334,0.5704804836370925,0.5955243226486012,0.4662858738959938,0.5477389571336174,0.5248215500526269,0.5521846004816146,0.5755023277131134,0.4594127164475609,0.5650333638139732,0.7120274040669342,0.4646046200107557,0.5023625239110325,0.5437262609589005,0.5368172581235758,0.6223736097314096,0.4325738190544344,0.409085735091455,0.5894463236260389,0.4472807387664954,0.673831408465426,0.515722784002186,0.5304827918655604,0.6239059498973083,0.5437255107363084,0.6179115321937919,0.5946903224719802,0.5849541734491573,0.6044318721884567,0.4951006370182381,0.5583731561554929,0.5473128144394879,0.4810504885397981,0.6868271209896055,0.5319797613130994,0.4573418148308499,0.6158441116277602,0.38986233656181596,0.5532164861570448,0.5085014241083196,0.5096325198714028,0.5079914094193361,0.5390158253178465
0.5847563730032144,0.6102200178820938,0.5077404681230459,0.6251105117652735,0.4696491776867037,0.5065244149894866,0.0,0.5383509073544157,0.4629146151633366,0.49969154187445153,0.6742929175675444,0.5477451741527609,0.6941270983779628,0.5407628778554807,0.7087946703633136,0.5758151332621158,0.63637923917454,0.6192103995192788,0.5021624596796522,0.5297087568111812,0.5774467712013659,0.634924616221471,0.6810428728730995,0.6769568536541454,0.5443222920566829,0.6071125567992374,0.5188289789138606,0.5653223410089737,0.4971194118510442,0.5083468947604259,0.5264002152259859,0.527363091473933,0.6403898450590167,0.5676303004088414,0.5369099603497494,0.5638904322249266,0.7077076068505032,0.5663406869322538,0.6032063822172405,0.6342601815366461,0.6625420881691504,0.5199152486853716,0.5726679634408809,0.6051774619844282,0.605746240644873,0.6597183436347569,0.5278089440583316,0.55468195501117,0.7118985414899945,0.5835835293514036,0.6436431102308772,0.571357277541732,0.5528152957363834,0.664334728189858,0.6012219349143432,0.5132480123020913,0.5860620877308546,0.5364755097280566,0.5461036345413045,0.6403784162923046,0.5643455862577156,0.493430764083558,0.5412709729783656,0.4853897373780186,0.5000624025008477,0.5208934791240958,0.573374711517399,0.6123935956969996,0.5615199997975355,0.5618516064542464,0.5836369566580478,0.5329597014431304,0.463153743070552,0.7049670810828967,0.5400819778160433,0.517834792602787,0.6718940075608688,0.5929690087882661,0.5755468691223121,0.4791639988603373,0.5113473949845254,0.5137944365524444,0.6249126626644081,0.5553795280541313,0.48642868391043004,0.5971088991197975,0.4788861459582551,0.5103067499567572,0.5302516614360814,0.5768198233001437,0.6158597275508134,0.4897357369062899,0.6531701320313656,0.5547336704314032,0.5383714381799642,0.5851555027097363,0.4537331241138098,0.4822301313384901,0.4510680414309679,0.570607805385677,0.5705652882650131,0.5302711221286175,0.4802065735293966,0.4857765154892918,0.48629085436374614,0.6134354951269242,0.5540379032064253,0.5717291648980948,0.715573541731384,0.6360969463754825,0.6202668054496547,0.5147536331117406,0.5263022374868991,0.48363248445669954,0.6143803339093656,0.6573192268145847,0.4930408625056763,0.5217707944248171,0.5609682448349752,0.48638613755206905,0.5967507448606849,0.5139239319278466,0.5122675602864384,0.680097490850557,0.4528899005779268,0.5983892810992226,0.4890355690646612,0.6676458919626077,0.5463693152500706,0.612705835932932,0.47610074620316223,0.4916581338969002,0.5303541836218884,0.5059846079564656,0.5475341754248755,0.5553320035630277,0.6197774544896274,0.6511964297949969,0.5361389294739676,0.57262457637702,0.5367791736827124,0.5214747747105434,0.5620300460536023,0.4729414423879959,0.6173530360699326,0.5376608696661402,0.5630007106211642,0.6412408385320238,0.49380164167739443,0.4511428654682289,0.5124817365242573,0.5293105211560912,0.6366637666941785,0.5994339791499016,0.5826333483779996,0.5970696633904815,0.7003497746662184,0.6188860007527901,0.5373511954465671,0.5673597511187611,0.5726526230287142,0.48168535108976945,0.459089749791175,0.630673610123237
0.609252409139617,0.6798453855718964,0.4731591564436599,0.5964408040554835,0.37513232965378257,0.5413805803638473,0.5383509073544157,0.0,0.58468459143302,0.6079656054883841,0.5417890924752311,0.5484616122876121,0.6226607942749971,0.617305170446136,0.5407052035636459,0.5134842924432315,0.5811995349984759,0.642735141635274,0.590004939110414,0.6837239389300324,0.5490629709216311,0.5508598147905762,0.6073888658494777,0.46608221861367133,0.720397668069472,0.46847937303809994,0.5225660776130167,0.6569030380011175,0.4724079485018719,0.47241319020660477,0.670247640467446,0.5952971556469987,0.5397523321312871,0.6604666912612798,0.6342580058454362,0.6936642379714019,0.6124581053703176,0.6959518048260588,0.5633819260138595,0.4836496229329432,0.5715760862668253,0.5784720244092418,0.5546134320173816,0.5184733227034254,0.7338405829941544,0.6211965328373675,0.4640340936242887,0.47352681284311,0.6268569838930949,0.6102980126204249,0.5652887464706583,0.5068531546077607,0.6407645384892999,0.6084838010881297,0.586132747031377,0.6193889000464461,0.5921741075183301,0.530355954754544,0.6718695054732948,0.6571910741101806,0.7795848963724993,0.5577129743590664,0.5308759246979158,0.6429577453290929,0.5608621964340568,0.6109159949231304,0.6302488838742307,0.5169317919805436,0.7239007380576638,0.8162181194291733,0.5513417398143344,0.6201760176746511,0.5809906547981395,0.6144798354017658,0.7483747817325291,0.610715288482395,0.5390782191439737,0.4470820283279352,0.6484592276518133,0.42864684748642173,0.550695884324742,0.5964150476889025,0.5168565815968006,0.7358622992268247,0.5723073882447428,0.7116034603757665,0.640551123683685,0.6233374405525017,0.7087806103508216,0.655704889266545,0.5304755873646118,0.628865417178981,0.5628369832062521,0.5835982984100672,0.6195345524445088,0.6253056616095,0.6230985106117175,0.6724341377104098,0.539981808821193,0.6499590152029491,0.6526837363766419,0.6517795796200948,0.5902189632010361,0.6392798489519521,0.6208577226137677,0.5456690997268062,0.646640808404231,0.7826935743698288,0.5588056009109446,0.559079643062494,0.567045030003404,0.5800657258839172,0.6453448703214681,0.6823204762505144,0.5965984003803688,0.5241591694791495,0.6326928792365016,0.5360839672291351,0.5683597051327467,0.6236692868093384,0.4766244708637608,0.6602236756012619,0.5914743275883593,0.5315460491499795,0.5432762511426138,0.5472585759844136,0.5816240171611401,0.528985568079327,0.6620856863505515,0.5822941992056284,0.6709181870796157,0.5108231395695534,0.6236113296647168,0.58971489308511,0.6616946723401583,0.5372487043851641,0.549305844375107,0.5137048699276098,0.5442922967826819,0.6629922909959114,0.6235989042153702,0.6077993473721012,0.6749346311401007,0.6391627017536654,0.6315267909061314,0.6069555093935994,0.5263807743161089,0.5852628850538933,0.6556173092293313,0.5818748485533235,0.6052415142867611,0.6862418847357016,0.6553662039256566,0.5049674797901761,0.6781759663728947,0.7236745338962322,0.5219506354963015,0.5136200795702811,0.5071736160667782,0.5317278989470526,0.6655366537905155,0.5882701924302115,0.6043479538579782,0.5264948757835183
0.6553194480770947,0.4944118619620478,0.38760722450392826,0.47991192840094776,0.35999648754130564,0.48484060308327553,0.4629146151633366,0.58468459143302,0.0,0.4428729386649544,0.4451925416462537,0.4669033190145476,0.4877629737423625,0.524113305758913,0.46174003036706235,0.4395985950366446,0.49078145790476724,0.5773363720516492,0.5575803803224331,0.6778587835436373,0.4981019929953045,0.44785302156520534,0.5044858068454487,0.402393153456202,0.575449561206534,0.4233912586167831,0.42762806694756844,0.5280002514983015,0.3713929919969067,0.4726237726391388,0.65735567050475,0.5329767501297963,0.4355039570725512,0.591026655640517,0.6400587812036992,0.550808630095655,0.5245263448272965,0.6151646157802785,0.48193265639778954,0.4076534045123956,0.46845471830616714,0.592937010457707,0.527470790567866,0.48026542265004274,0.5360616202554853,0.5394177599726562,0.4469991717262789,0.41734622119927894,0.5298034924291251,0.5902006440031263,0.5273275936248767,0.4878767547029873,0.6201281829341768,0.4733074477827661,0.4592867558232772,0.6507928192572707,0.5972405949595972,0.4824318039188557,0.5533399883443639,0.5540186337271212,0.5308292735141096,0.5964433778241446,0.5127648443812742,0.5843145375510241,0.6764694953698446,0.6336546725629463,0.5325481131028602,0.47926197074564975,0.5520782193586006,0.6264513660312834,0.5549881890931436,0.5993649129188359,0.6690599532213448,0.501353739592612,0.5879223549330566,0.6548309220218613,0.45771337490521097,0.3950131997171684,0.5984046893311855,0.427547326763627,0.516352289261694,0.739233783316473,0.46186699777043233,0.5519982420105997,0.6524330019702275,0.591466494229277,0.6828637683256126,0.6749687029040524,0.6189807497418894,0.6083077223913138,0.5182115054225618,0.7426540934465631,0.4796877389137928,0.6079795382651667,0.6321327550830188,0.4947438789496187,0.6442788098749644,0.6513445621898805,0.6982690031191838,0.549095440949077,0.5583756777889315,0.5505473676483994,0.6644874523856742,0.5041691247973614,0.7082771433211593,0.48953061006199333,0.5431342545095451,0.5706644938842178,0.4614682967988501,0.46766471993725356,0.5114706867126386,0.6636385506458687,0.6357767916128433,0.6462906157254413,0.5417699511743371,0.4645637928854712,0.6585343021363304,0.4618260250667952,0.46272084045361234,0.6484246213491378,0.46514167285914565,0.636393085121905,0.658855704108023,0.4818340434617858,0.7225474157824423,0.4243854160157583,0.626205878286254,0.44190233469714235,0.48225692353478966,0.4883203544460226,0.6754072190284032,0.48707162563358586,0.5850200443437427,0.7138946646571742,0.5462174219272267,0.5408814137412606,0.49473804162648266,0.4491874998394505,0.4266776229567213,0.6259969605392359,0.4904877601760726,0.5597836717673775,0.6683155845755847,0.6400125717140669,0.5410648875730008,0.6834031286576049,0.5141921886828277,0.4663690831842211,0.5194374369755782,0.5283258188200184,0.706586987482467,0.6042898566202289,0.5535850556785059,0.4081763696159765,0.5520900305107568,0.6247968809280467,0.43724035729518856,0.44597313516953535,0.4444694969518471,0.5223485358229748,0.5028053552726307,0.7344311855748414,0.6828763416155708,0.5291673751298815
0.4722061391140571,0.6801488927276671,0.5324857134190464,0.5078654499044462,0.36746952098619295,0.5136331482018806,0.49969154187445153,0.6079656054883841,0.4428729386649544,0.0,0.5478090773593739,0.5738713584558465,0.5516084698515539,0.49915797852605315,0.5006624149164547,0.5101674277721384,0.526593794121394,0.4979921564546881,0.5300067286965942,0.5216618984900911,0.5000856831779179,0.5642426093881237,0.5222548428732681,0.458569286508822,0.6217961624113307,0.4213790838159981,0.4770862481425423,0.5353560165289702,0.6025232097275277,0.4341753336894377,0.5333752892131528,0.5433336792769782,0.5043655169128082,0.5232353039502255,0.4947663893141248,0.5936485381518452,0.5272271879239598,0.5256866557144264,0.5527863030662425,0.45263807454547067,0.5230836311456569,0.481961555635311,0.4897219419688249,0.4813315903638404,0.5855877644164083,0.49765111094583553,0.4302845969360303,0.48594220064783084,0.5435349091654955,0.4977815780871897,0.48196396948536735,0.43821379488165046,0.49215700602396384,0.6016165343559571,0.6320710151326161,0.4817273950729829,0.4738654104633598,0.49756082952737196,0.5483398607548413,0.5204334501265013,0.6184345629525978,0.44679428042482244,0.45717367576772483,0.5325898973045972,0.4420233579218596,0.4670355536223175,0.4933289576741629,0.4604444380845324,0.5843455153418382,0.5628645891475359,0.4531220624368391,0.4817353157177007,0.44371318085923633,0.5324424779573852,0.5756694888197302,0.47243632656556006,0.4989812372888557,0.4427169197897916,0.4847680795338043,0.388416093611528,0.48190224130967063,0.4507869419054601,0.48320665987594175,0.5567733274432075,0.4447718114816087,0.5306342140735163,0.488584453121836,0.475308568806005,0.5176378532537954,0.49060584773956356,0.4503850764056023,0.4807587704550447,0.5453538404750623,0.46104638906901424,0.4674069225882892,0.6320939463549009,0.4909503442918021,0.5209450046810035,0.4249313575637067,0.4975042953397155,0.5288983680970445,0.5589219384023426,0.45368148726720936,0.6555353802052056,0.46658759659500165,0.47185880633111116,0.5428299875156223,0.6053185916627782,0.5046629321972433,0.5547689841068453,0.5163911518010651,0.44884403858141936,0.4852529267905367,0.5041946136597043,0.47081795170001056,0.4535478281360428,0.49246559565201525,0.5809891350577938,0.5680544264315445,0.4599721868984713,0.4231085061573883,0.47907024364812023,0.46232367691516363,0.47478208122848503,0.42708511747669536,0.6288971932526752,0.44858742942381874,0.5137186820675005,0.7119111358189515,0.5016326852633415,0.5149988511414968,0.46000457235989584,0.4693768952770446,0.4462972672176289,0.5954464079071519,0.46302075576685814,0.5090456372553658,0.4607395537842332,0.5353697193599936,0.525290449744756,0.5461093290386182,0.5346574184560764,0.4962109032565545,0.5099382690982146,0.5473015321650287,0.46887569896904746,0.4652326315039414,0.5515395265685014,0.676707843593581,0.5264051512186102,0.4601364959435733,0.5543244224029946,0.556066132487661,0.5247994172540758,0.5809038648602467,0.5295994186628921,0.4857696071087737,0.4812033883090626,0.4469812709700598,0.4461987895581746,0.5629026182354329,0.452839492445555,0.45932655020847335,0.44082952303094153
0.5454886838585242,0.6318075126739322,0.6192771126487746,0.5501712204972151,0.5001227642575247,0.5703356034934958,0.6742929175675444,0.5417890924752311,0.4451925416462537,0.5478090773593739,0.0,0.6396221835137808,0.6761920775033642,0.49809551487346965,0.6290314265247082,0.7056788822975071,0.7004942910364282,0.5554512332085993,0.5328782024327449,0.5252357818784792,0.649873471797348,0.7420495348826134,0.5769642126701391,0.6458576974022112,0.5704442921857754,0.5711213798329312,0.46785572077448556,0.5288567646850982,0.5749584560179191,0.5389884601287143,0.523363267274319,0.5756927830159548,0.5749120072719732,0.5384720545810027,0.5048230385062988,0.5906198361638523,0.7027029698006549,0.5698769604283536,0.7139619982687008,0.5494029804763022,0.6534890595674266,0.5330633150381975,0.6230456838139027,0.665490876198079,0.5719244628572898,0.5930579724245094,0.5525678486049606,0.6883760010855504,0.6483156119543918,0.5908292058680454,0.637187580263525,0.5689493771036307,0.5281477669191159,0.753419268679006,0.7052169740936074,0.5022733230199125,0.5704512624488475,0.6159705224344288,0.518790121259509,0.5852137366451987,0.5741548655485078,0.4967494286138205,0.5746604304069851,0.4922689575029265,0.48413504608770525,0.5062457838760057,0.5119208820518326,0.6189627837407962,0.5698024477302522,0.5605225779593729,0.5697072398529832,0.4969843794600073,0.4472457024827781,0.6862933865759635,0.5689528877773916,0.4882230626110482,0.7013206125196182,0.6419669630487551,0.5431101304208567,0.4961268816831742,0.5533231959969991,0.487740128267911,0.663395188914904,0.5603800600826383,0.4776030608576548,0.5711669865830195,0.4850871909343514,0.4843134189633838,0.5006182858126713,0.5247793167864846,0.5996341733067921,0.4706025053400938,0.7775214799041669,0.5235795626722408,0.5050364564957781,0.6521916465190577,0.46651400829014067,0.4822821084960849,0.43968636049291016,0.5069480241117847,0.5430814535013504,0.5758306718115601,0.4595178151763157,0.5152901844890844,0.47462703537502743,0.611976979916465,0.5919892413439696,0.5780342300066121,0.6386907300391159,0.7413729546882555,0.6601918978207544,0.4987448388696312,0.5096152692407662,0.4799649865145254,0.5533108986450704,0.5815614843864872,0.48636041286299675,0.6037046914197417,0.6510212402276356,0.45910562981662756,0.5907057847105395,0.49691691089072504,0.505602914990243,0.6696343797443526,0.44021164903509546,0.7256129922872768,0.4741161430830301,0.7328110132186105,0.6135652150493969,0.5677774308198892,0.47990937148250634,0.5471805170146619,0.4941418121934006,0.48338289264960294,0.5916005749889972,0.5688344858496098,0.67142486006148,0.5599737042850511,0.5132743293727555,0.581380121559924,0.5101472853994444,0.5749131061652469,0.5194159399017185,0.48691106581658705,0.672766217426791,0.5054186172876317,0.5923213534768493,0.6959391047058154,0.5454684174327323,0.4995101508753783,0.4860069890934914,0.5386022291194974,0.6521530932843301,0.6152796709642845,0.6232830560380567,0.5667518699919212,0.6113351949684206,0.6490943279721314,0.46929759395447673,0.5438313326972825,0.559719706202986,0.46634490420102787,0.45350424559668284,0.5885313518218339
0.5300328801238642,0.5894528857756771,0.5795219544839748,0.47469226676970544,0.45967362341429524,0.6772115967543635,0.5477451741527609,0.5484616122876121,0.4669033190145476,0.5738713584558465,0.6396221835137808,0.0,0.5561783667862821,0.4452607955512515,0.5160369986285207,0.6495074213942106,0.6101662131929823,0.4945526113148986,0.6294216551182082,0.5325873215066108,0.6474902163336205,0.5999394293072238,0.5090622335150814,0.5037795814370668,0.6427154401667966,0.4670127786708871,0.4100709726914483,0.49325840043319735,0.523981776367697,0.5913478186008573,0.5650666528568172,0.657936247681282,0.47536665060906275,0.5498033809053087,0.49019675574644594,0.5728598268877065,0.6158710922742479,0.5378035428997502,0.6854907866781867,0.4381021278583137,0.5309642792938104,0.5810297632724792,0.6272147861010545,0.6300771896380598,0.5229011836252608,0.5201484691972096,0.5443711092197683,0.6376313548003053,0.5734289329378421,0.5587275408420181,0.5798120955799844,0.5265844124113734,0.4989068463978417,0.624757875771578,0.6436953744948072,0.5327595446663912,0.5439093873327454,0.6947479279909068,0.48500111384594347,0.5163497296743371,0.5400510418240384,0.5004453345215294,0.5595639301927667,0.4887160685217895,0.4830239269643613,0.49569537380904566,0.4566000845985235,0.5537499420801772,0.5259265367331178,0.5586005296762557,0.5303047835436848,0.46248561510598485,0.44827273827790304,0.5667702845568572,0.5754388757564448,0.49326780949657606,0.5702871193340335,0.5338750972837003,0.5029230159064052,0.48426956750617467,0.5743543738041902,0.49036832232186933,0.6081058255084495,0.5176956220861827,0.4846292641100866,0.5302862093278962,0.5224562326938991,0.4808094114831005,0.4976051285975425,0.5000290674889183,0.542214837073123,0.5002314777772934,0.6588182497357326,0.5044703396041252,0.4744925010631829,0.6994459851395686,0.49210645501849104,0.5275436657201202,0.4487302938447088,0.46539907988185936,0.49912518661886546,0.6187698553035051,0.46978205922692245,0.576506785050475,0.47882141079922874,0.5423444664087453,0.5894428679353766,0.5817978776825272,0.5085709397098859,0.6960855694876174,0.6801894341210207,0.4896120318192535,0.5049704829891942,0.48579205909244966,0.4830404450162862,0.4878359741000627,0.5164430746096504,0.6831888322915872,0.638935463832154,0.44899710780994434,0.5017311820846315,0.4876876627062053,0.5158346799077688,0.5838208062029655,0.44875175013176866,0.6441726209471059,0.4704537239193245,0.5935697236423714,0.6145696433694601,0.4754299013813299,0.5259061933111827,0.5718814864509003,0.4582588143948666,0.4781498456494488,0.5954173856856094,0.531446582661174,0.6603570624123708,0.45655821095511273,0.4440666437105221,0.596387351988065,0.469392134441455,0.6249252197830933,0.5041468605198032,0.5110873305710077,0.6305943429548656,0.5163886631793976,0.5943421553655972,0.5912529804313228,0.6307182069667349,0.5503588611298964,0.49006339518594144,0.5586404243828975,0.5872201479837943,0.5141130444348676,0.6713169595151863,0.5374272522617184,0.48992591490017634,0.5852458040349201,0.40896154864975115,0.5143384492531394,0.5005238801975646,0.4829920902413932,0.46805578618755117,0.5234209364012784
