0,1,2,3,4,5,6,7,8,9,10,11,12,13,14,15,16,17,18,19,20,21,22,23,24,25,26,27,28,29,30,31,32,33,34,35,36,37,38,39,40,41,42,43,44,45,46,47,48,49,50,51,52,53,54,55,56,57,58,59,60,61,62,63,64,65,66,67,68,69,70,71,72,73,74,75,76,77,78,79,80,81,82,83,84,85,86,87,88,89,90,91,92,93,94,95,96,97,98,99,100,101,102,103,104,105,106,107,108,109,110,111,112,113,114,115,116,117,118,119,120,121,122,123,124,125,126,127,128,129,130,131,132,133,134,135,136,137,138,139,140,141,142,143,144,145,146,147,148,149,150,151,152,153,154,155,156,157,158,159,160,161,162,163
0.0,0.5752470821711488,0.48305171458396085,0.48645117424766116,0.42373982590693515,0.5191379917856098,0.5056578842506502,0.5296158564255122,0.5918610958368083,0.5136302543140869,0.5679917135436141,0.5104893208968877,0.6111982613216687,0.5697504519834586,0.5266730974329195,0.531026324002741,0.5868222155385017,0.7205736179929664,0.5647614865066122,0.6244175084247389,0.5786397941967446,0.5633624783765951,0.5710789288797206,0.49013081607328374,0.6169776521343793,0.4849126257607427,0.497023748109999,0.5472434939219638,0.4743803918717461,0.5094582121764288,0.547360172771681,0.606454425347562,0.4645243392132258,0.5062245046881697,0.6468208883763055,0.6010254741348152,0.6068862859516466,0.6524307413029812,0.48488447642177956,0.5487244396300596,0.5231342903457644,0.5937691787397779,0.5733795268374712,0.5105854024085769,0.5583730797267737,0.558877321449648,0.48662925952586333,0.4981737790630619,0.6466696342749316,0.6579809123364422,0.6058076843916916,0.5411681005215565,0.578292405136181,0.5338277706747236,0.5520402636250225,0.5662734549027062,0.6844319757021448,0.5329928172294409,0.5536670355600681,0.6284300488823262,0.5219292006465894,0.5431814947829385,0.588928955029417,0.5334805694013476,0.5791063164952438,0.5460376050656274,0.5221817377331746,0.5266127753245441,0.5456140798294831,0.5855838566902113,0.5892035906499801,0.588510404941429,0.5889011041725806,0.6113730019834847,0.587185888968147,0.5519860610063282,0.5006874039510926,0.46973924136704376,0.5208597849596764,0.43891757853224295,0.5199648717878803,0.6123037644767986,0.5287731612643161,0.5770844878964434,0.6279952478253068,0.6356621706822053,0.5435579637276755,0.5854523767919101,0.57640501770655,0.5178112154248158,0.6188637954495607,0.5196308682533475,0.6194527105265435,0.599111411937036,0.6237288161967217,0.49702342286259965,0.47715185470036,0.5080809933366924,0.5681121281353005,0.5483876288339146,0.5363940822312459,0.46848720706003644,0.49287767748826355,0.4491149668795754,0.6616510072477696,0.5327527245554987,0.5244631128519217,0.5684223078291331,0.5416971369225253,0.5221208520084908,0.5345745216407995,0.647430134257951,0.5954406105242028,0.5343015074898925,0.6356813326172279,0.581870414710074,0.5811618633617772,0.5557585150391017,0.4969515727359174,0.5590629889446301,0.5459038333341616,0.5008852805833653,0.6044228702859056,0.5375923638560398,0.5637007909020778,0.4853857263162654,0.5450418073009913,0.48619002620118124,0.5373806014610936,0.5596635421449137,0.5513987926994548,0.5232254946231814,0.5306075369870302,0.5971153487504016,0.5402024195382489,0.5196130060151938,0.529978457809656,0.563762796001943,0.5299043020537451,0.5747166264213172,0.4621056779984166,0.6047629920712136,0.6152542957877084,0.5731848209593527,0.5771926288648409,0.5486912687695784,0.5506689653165784,0.48271203399373125,0.5762342578528488,0.4768801831438087,0.5895383485166085,0.5496257671085695,0.5912802108210553,0.47689745285641905,0.5318890545161199,0.5618273279170561,0.5562989716503265,0.49498773345606206,0.48678181968325895,0.5951897186259079,0.5030718565871523,0.6109307755958087,0.48427597839377495,0.6548919181024196
0.5752470821711488,0.0,0.5115834933751202,0.527699570964716,0.40396669776257743,0.5480383743554275,0.5404801729923099,0.5260398101001884,0.5164462174795688,0.6516108536670082,0.5375882712865545,0.5619631029744405,0.5611462715811043,0.546540663169126,0.5691290163547007,0.49310181473915976,0.534260390581797,0.5679758905701943,0.5697136153689889,0.5287140141433085,0.5739451631568855,0.5870754252666511,0.5440073619766027,0.5248736368543133,0.6357273058764532,0.45961352517042514,0.482140698799459,0.4977466180838771,0.6115171786366663,0.4528258317955193,0.5578623809674712,0.5497480207231829,0.5332995118510742,0.48591632365636284,0.5708817685231801,0.6237404613116816,0.5593668714654164,0.5755088060244188,0.5240703825006645,0.5775720412167591,0.6165806966008897,0.5458119149968643,0.49537835688959103,0.5231267650206815,0.5480294320083183,0.5351252958508138,0.4678212974469962,0.49316238197297524,0.5943523793464176,0.5460872327807285,0.5599903880859248,0.5158943679059422,0.5888539626961143,0.6255435264009964,0.5948983545325618,0.5968994151673271,0.5683844155053733,0.5034704773258114,0.5456021710568011,0.5902337081636316,0.5453458052515544,0.496894561294664,0.5100332384261116,0.49824575969721163,0.5237165606825588,0.5002644931203061,0.5306284222421185,0.49967981901628006,0.46648825787048376,0.5288160157470644,0.5339434140850527,0.546751853947131,0.49491535135955994,0.5782974476512308,0.5491326079495782,0.5304354681665516,0.47840205183338086,0.4918922439647227,0.4941673155037552,0.4421817762677255,0.558530931597738,0.564759203508192,0.5640236282870625,0.563186955347157,0.5462823405147842,0.6266715793169046,0.4879979023694933,0.500699489433252,0.5537489064636306,0.5617210267012464,0.5164274716036428,0.5434448592504653,0.6071798284378557,0.5516099696277319,0.5905927302882742,0.5801571222841564,0.4837403931047839,0.5316227619056298,0.5115397888963086,0.549184934666285,0.5672271896948626,0.4445377104937546,0.4701463890485606,0.5079294083386893,0.5468948971258414,0.49457678021690016,0.5176542631475158,0.5646162071978601,0.5771555799436029,0.5777266538418017,0.546419095885962,0.5432344772444351,0.5533917673152192,0.5097743796562799,0.5694657113603468,0.5480866038466112,0.5687060960313297,0.5225601095162272,0.5203033958317372,0.5303960820946642,0.4937315247984446,0.4873401537437014,0.5323678515038984,0.5618198397211408,0.52593303312978,0.5765922171520323,0.5019830419402587,0.493237636117757,0.6159003735398846,0.5591928098213325,0.5298806911194752,0.49373826917838487,0.48994991109641006,0.5743498717784834,0.5600394715644909,0.5100041272378766,0.5151880712669639,0.5679505518475558,0.5383858393116976,0.5703282384620737,0.514925697125044,0.5666510330800264,0.6250002488031134,0.5650352270426162,0.6005916921523538,0.4727566949711854,0.5503101186739121,0.5562827695395406,0.6135314817453817,0.47036931607723564,0.5262176140945521,0.6318212541206507,0.5306006565967196,0.5206335532186551,0.5907595163332144,0.5565353731255016,0.5486245556588593,0.5293568528110331,0.5275188928180593,0.5181766644383281,0.5848793133385749,0.5760842325005238,0.5122528870397506,0.5563730743661901
0.48305171458396085,0.5115834933751202,0.0,0.4250173834382575,0.4854166119165845,0.551731758618072,0.45137471201280766,0.4617696582650741,0.41847787602181824,0.5078614540787457,0.5919140556555643,0.507672419539796,0.5689783062138053,0.43791794673043116,0.455062006674023,0.6436872068977385,0.58575901252414,0.4769800673828848,0.45117886398560775,0.4415203527916453,0.5818384322193608,0.6211055795760275,0.4427464804613527,0.4894286172094791,0.48443250590876774,0.49048960695018623,0.4209734599454387,0.43273757890730397,0.5262851203786404,0.49623576588490126,0.4180268805085302,0.5318267406455962,0.42951873164141263,0.40730044554422534,0.4218437134154182,0.49305320895893484,0.5229306302302982,0.49246075732627526,0.4589055223526522,0.500887733610363,0.4810038497690428,0.5239369861257736,0.5014572052928117,0.4728587465725478,0.458242739697894,0.46653008818177344,0.5077111934032251,0.5412934651419379,0.4784438279934615,0.5044757513610152,0.5188249689603064,0.5101170777323688,0.4420181979807301,0.5171316325160603,0.5129622271146141,0.46904733054482056,0.49012284249487315,0.5715170618527007,0.4279257968534076,0.4797569976136641,0.46633507458112533,0.4667298627754279,0.5500078220379069,0.4233167843916906,0.4220520478423014,0.43336368414718407,0.4277013170445184,0.5272060908585473,0.4699894125194691,0.4742097090740766,0.5002850996516807,0.41474830936130347,0.427901930566073,0.5663174467544475,0.5095841092056105,0.40058596804055185,0.5155247516994723,0.545255387423653,0.42414055512361165,0.43544205150171494,0.5040889432862261,0.4425144432263391,0.5534435576060104,0.48476154609264405,0.4552057286336876,0.49639869021519956,0.43604108340114917,0.41895051983338816,0.4331438712682877,0.4345314368507969,0.5385287228627982,0.39913418458620964,0.5571957455010227,0.43343897393037434,0.45566469050043423,0.4723382975008441,0.40546092133430983,0.41690271701811843,0.4084240171321742,0.4326298536901263,0.4138590967622404,0.44095974027716317,0.3873872814302443,0.40135258943085617,0.44484064819819796,0.5249940033509407,0.49166711257766194,0.4816961096067275,0.49505893170245174,0.5290030245067036,0.4794796238834213,0.4551043975304356,0.4643188317294161,0.431308739878592,0.4682864870747573,0.5403635513341815,0.42641290457159575,0.49691566517451885,0.5218378123207513,0.42577551003304354,0.49703146819261373,0.42316989991918663,0.4494907916149583,0.5020483677960965,0.3933900105019598,0.49966179368256464,0.45229220858347136,0.5232676575735239,0.5062341680826916,0.46500967067084603,0.4558054723437038,0.5846292617377503,0.41330709837808355,0.4312578810941899,0.4571846679203213,0.43378746085056885,0.4784329685233054,0.45406825051350425,0.4511424110399654,0.4567046543348789,0.3885865965633441,0.5333489255490997,0.44997199125971116,0.45684392581301847,0.5052871536825488,0.42266927462054066,0.5276650934116773,0.49664361854594236,0.4989578495468149,0.45760884211458064,0.4091875650659322,0.43058719501774523,0.4917066878497812,0.5430982593770747,0.48006882747750834,0.44837245444113905,0.48677952307462724,0.5368206758707293,0.38236560151923626,0.47938551248329914,0.45139156015340903,0.414340924017191,0.3999641623080475,0.5048498098090346
0.48645117424766116,0.527699570964716,0.4250173834382575,0.0,0.36605101839377496,0.5038198426875434,0.5325660243505076,0.4964239062328916,0.43439095170672065,0.4941632608220203,0.4745472529408758,0.5083282090699817,0.47221788569777473,0.4555588298845341,0.509576373197308,0.41297786504406875,0.44357155033437173,0.4673913465954538,0.506987996686628,0.4140894562633405,0.4723358251615025,0.45541553190839484,0.4943137261792004,0.44289720702712365,0.5336474620230486,0.45654069158614363,0.44418301287561596,0.4620813387898025,0.46895495045692487,0.38774578705898527,0.49329335698506754,0.45345984645582216,0.671901409998982,0.47540405533274727,0.5015693199796387,0.5345128866360216,0.49300044957246403,0.4613806282619226,0.4368833544898942,0.496126225750576,0.5468156135848218,0.4531159588547535,0.43662328863470085,0.5018298125467427,0.49091219927247165,0.4522042025095905,0.3994140026138825,0.43736263386424884,0.4923879633282658,0.440457575276229,0.5127392639828935,0.504783486700409,0.44799564560077726,0.5896450898636395,0.5328002982597101,0.47860485357482235,0.4550900516031412,0.47813254803888033,0.44835566251895387,0.46824750477833427,0.49677364499483007,0.4269777061014269,0.4840063228831345,0.4016504264580603,0.42522229425845615,0.42749308160489163,0.47790083834040326,0.43614318167071026,0.4123664402604743,0.5051752004132846,0.45598611972504727,0.43901489796264476,0.46195057801219724,0.5037666786117997,0.4563539983177216,0.44536552364504917,0.4325956962504285,0.43345837696049494,0.455977797376229,0.3843954104125937,0.454685259091469,0.5123543986391909,0.4476163074660714,0.4866247620712345,0.4758491460185451,0.4961045722759436,0.4732364672624439,0.4536437984705271,0.4875155595079734,0.4602692587570906,0.493456827591498,0.5309403386552413,0.4759906273782146,0.44601783739653456,0.49214283179400825,0.5460465301912488,0.4129119028504086,0.5193088990920697,0.4339601091782017,0.5317194976278947,0.45760520334469706,0.41355121760411123,0.5348131211689557,0.5292436967715927,0.4889633389051523,0.42384908523858267,0.43792333590114724,0.4783708633249598,0.4709984544689372,0.4483019076517397,0.5365645932508456,0.4704125199844069,0.5297891697732964,0.43434806887101246,0.519966638700628,0.4827753983957294,0.48291151365471746,0.40832140627443925,0.5273948696847542,0.510189783651395,0.39809096611502326,0.5345212157808608,0.447684701921159,0.48426295531636004,0.42679529284307255,0.5132752797532932,0.44652485699444694,0.4307648645912161,0.5298597989061771,0.44709426460800805,0.42634652576206034,0.4072842976559881,0.43090180872734285,0.5063481817367033,0.4403257397128853,0.39215717034398656,0.40463577555417124,0.5013356373488591,0.45464502860647527,0.4602934514087171,0.601125098418157,0.43151710448697195,0.5141443825575238,0.4699818009584329,0.47158146401010914,0.4733337790210322,0.4532385475799559,0.4414370065018869,0.4610344712861938,0.37626359237891177,0.5079488999526643,0.5043588548349075,0.4249993375625308,0.4136604768461808,0.5551492509569671,0.4660560467536692,0.4448530977305225,0.4919390367690671,0.600564658880475,0.47964541062262755,0.4765028766531845,0.48661971076991367,0.4252876103080066,0.475936668466054
0.42373982590693515,0.40396669776257743,0.4854166119165845,0.36605101839377496,0.0,0.4315901434975502,0.43700788679145586,0.35150662525089044,0.3678703877306728,0.374222270585565,0.4854326082844676,0.43507919001479656,0.41718099721124,0.3639088824996287,0.421110604362192,0.4804502581447382,0.45433702518983526,0.4013481718607701,0.38613954290013386,0.36887015720433664,0.4766341261498063,0.4853556737204267,0.3894146154230954,0.4625818549401871,0.38939179153459924,0.4449255925029152,0.34751500004572516,0.3525534588891552,0.42316060596298644,0.4878497597314694,0.3666584385555776,0.4131555684076263,0.38036822610595605,0.3499619664890577,0.37833540537007515,0.4007327717024326,0.43572949826786217,0.402390966703077,0.4112005012771088,0.4261894193026787,0.42348799946455357,0.44372459297759115,0.4378223854182142,0.4671431087286867,0.3625345033754339,0.3869118962440878,0.49845046794122605,0.49485843277806796,0.41929000974305297,0.4294530978594832,0.4537635937663228,0.4634003166740779,0.3795296726294432,0.4225329287732608,0.4182357063759345,0.39499910953422807,0.42126445422357506,0.4762262504334038,0.35652989278878744,0.39311146135161784,0.3511945798616583,0.3919216414623543,0.4544320228072079,0.35789783011714693,0.38014117072147274,0.3588304721465274,0.35166401954210513,0.46727603032938914,0.3741874493652671,0.3739107643658183,0.44138793104355895,0.3630765397065191,0.3576442491629505,0.4323374430547503,0.3837592429151178,0.35122833914716994,0.4200940621216675,0.5501392547946142,0.35952171600808314,0.42881647774651027,0.4167103638584291,0.3899302373443529,0.49872234664986004,0.3696845809857294,0.38617620598717806,0.3975323163992557,0.35394560919195195,0.36092153037002184,0.3499169703863803,0.3691083588557229,0.5119865682737631,0.35730535802007873,0.4880089560449347,0.378269362608444,0.38984974896614255,0.4068068166497759,0.3322809354682488,0.3517896059240768,0.37358145663570275,0.35290714560808384,0.3605697784638694,0.3522750539551219,0.34514109880655774,0.34522529218634634,0.3711563291455389,0.42723015161205136,0.3790783410033061,0.38210208445759913,0.41832570897231713,0.44232916855643106,0.4327019592283317,0.4030305366518521,0.3760066778113981,0.3506297194477327,0.395862237883407,0.4538591820557133,0.3614311569493375,0.4229378840170082,0.42087646088806024,0.3608457781719048,0.517068231915108,0.353362098737611,0.3890882746995997,0.45949125659791407,0.36234754106906997,0.41112546051179943,0.37392061779200053,0.435382620049614,0.3872247854971898,0.3925014548845819,0.3689752854031271,0.4483941455576437,0.34399716758944304,0.38853005704878624,0.37657456591572375,0.4133248450404001,0.4327977010900926,0.4213172775150206,0.36138259018342417,0.39466803060981187,0.33569532289657766,0.42813364979116814,0.383317372207711,0.37577086123297876,0.4287193824380142,0.38045979480378217,0.49369725168017053,0.4036465378305486,0.38466859806996584,0.3693912472202092,0.36165777428886653,0.3732790807814591,0.4134536679217313,0.43288520158416577,0.39992677046572944,0.3716810059190011,0.40760189981984274,0.4573876577335109,0.3501577575026003,0.42140856163997553,0.3638003714575965,0.37154101716526383,0.34353336697562736,0.49391320673615124
0.5191379917856098,0.5480383743554275,0.551731758618072,0.5038198426875434,0.4315901434975502,0.0,0.48785275893318125,0.5069398053228856,0.45385844913722867,0.5266198515956584,0.5457110463823907,0.6010941184477745,0.5335786429894905,0.4298681535677927,0.479282649570501,0.5322887221016357,0.5290789361566806,0.4694542221518599,0.551445631826233,0.4402500214639707,0.6043855392297547,0.5238771999688198,0.4512169881571904,0.47215118597557565,0.5647080211867839,0.4800700079625668,0.40065589339836866,0.4468443361842214,0.5045469479922818,0.4870353711627221,0.4840526647859432,0.5548755663264047,0.49671089808559094,0.4529250143232748,0.4545378558747563,0.5147731850237112,0.5563701198339156,0.49466994820201093,0.4803225138613665,0.47087169797744605,0.5237429136265377,0.5502363865183243,0.5034648452066266,0.5488408226575808,0.4683932816841751,0.47768771298951196,0.48471207412891176,0.5349876605876869,0.4878200076257846,0.480791388056823,0.5694168331875282,0.5879990062416519,0.46983567153410866,0.585734826631545,0.542017150256853,0.5532845031062886,0.5103845973294562,0.6329913589281789,0.4264926144238609,0.4765170607096586,0.5130551374063683,0.4896930285306652,0.6143295341611391,0.4021965472327606,0.44766597552113574,0.4630926185159424,0.44696604397410705,0.5233240258296917,0.42339729523493214,0.5236423997212821,0.5239602849327994,0.4238162284048923,0.4554673213035278,0.5525764114497157,0.5230998993568551,0.45648947103216264,0.48891565319246283,0.5161913200017655,0.4617810743640663,0.48882742453059874,0.6097987826211524,0.5083714399828537,0.5783408789006173,0.518897653267244,0.5069704049277696,0.5219617677807317,0.5080532861393064,0.4397284054942259,0.48615753008373114,0.47796584165339634,0.5435493825741337,0.4770916972831925,0.5407010939612608,0.4786011346068108,0.4866356841160966,0.5717111683817989,0.4417958463920757,0.49660369155764794,0.4351247627321976,0.4747962304106715,0.4419074202117033,0.45560868070360006,0.45351107545101016,0.47432754971839525,0.4877498625736575,0.49765393278421954,0.5032372204013443,0.5049918810928176,0.48491417994795233,0.5411229759447801,0.5705712448800068,0.4795835954936157,0.5475575940663838,0.4529609105286294,0.509039528147145,0.5327970104217903,0.5043918186601641,0.4610372071660466,0.5808301894210967,0.4756564436173263,0.4515058497015009,0.5036350272090632,0.48776108720995465,0.5722292942333111,0.4338418005301105,0.5612358212009786,0.47088668359176034,0.49155466870564224,0.5451608841225463,0.4458374165461434,0.4822013520200772,0.5546438690158224,0.4391589931829282,0.5005451941383454,0.46783760356163345,0.4366799685116741,0.48062271741626567,0.45265698756585665,0.4190606423809968,0.4997142535268207,0.46081512831498245,0.5212357715201632,0.4984214740553442,0.4844151609765164,0.5311965100206362,0.45089519960963487,0.554081531151022,0.5247727486443482,0.5147282964296921,0.43747491834177216,0.4773755649550025,0.5154383007713637,0.4528003507351378,0.4528953156755541,0.5976957627966046,0.4844661495113059,0.4743303680733496,0.6250782119461479,0.4292596592036026,0.5314456821398412,0.4850168737979901,0.4920308183562816,0.44592862123734395,0.5292863528302089
0.5056578842506502,0.5404801729923099,0.45137471201280766,0.5325660243505076,0.43700788679145586,0.48785275893318125,0.0,0.426295708052603,0.4168821630996778,0.5027235983928638,0.4840785138116855,0.5258553695365878,0.4898833880340279,0.46008740387658553,0.5749405990827208,0.44443398956851005,0.4641381181633223,0.4747513200637288,0.4788121000590406,0.4238855918014716,0.5231409537956289,0.48723707136024313,0.5290880719667926,0.5387498098635554,0.5269898627289367,0.5059361856314258,0.4144658500459153,0.41950823976339174,0.5064158214139347,0.41643990901237027,0.49189553466557406,0.5000907592049555,0.5429638185253616,0.4836922378540807,0.4959621373824735,0.5337706599989882,0.5467616690664382,0.4483477178954613,0.47531471585490975,0.5733131812248803,0.542677223385468,0.4741332991632628,0.4843308124387969,0.5865141218773137,0.4832936711893174,0.4891426615765474,0.5002056651205908,0.5080811121241292,0.590561242237776,0.48192812913201455,0.5934404525815615,0.521628146900638,0.4635078152728292,0.5884042941796515,0.5740365464296098,0.5091794387106615,0.4854711976329288,0.4608384374994376,0.4886486509763132,0.49831207742508343,0.4437015842526314,0.45953420229232284,0.47227253136267383,0.421597689288007,0.4692716329166919,0.4446096211197247,0.4902804405546092,0.522608005392357,0.40509136267805707,0.4365111376809283,0.5099201773071904,0.4677711677307913,0.4412517413168134,0.5405803039200746,0.4181638706035914,0.48368103932897444,0.4863358305075664,0.5500334692305178,0.4361606757898624,0.4425512860174867,0.4782285078042468,0.5065678237468882,0.51704953663022,0.4336929406379571,0.479329055955197,0.47101467184797524,0.42821837371885507,0.4795446114691729,0.4690300379666855,0.4725053320691169,0.5235767304937234,0.5332462560259081,0.5560273566932438,0.48030483002200136,0.5034826542935915,0.5507436083581463,0.3983226891248523,0.4815358036894157,0.461322686890116,0.5191571397714977,0.4873784012495165,0.4146552102152285,0.4970393290278598,0.4641186623021759,0.460891723716693,0.46366544460496467,0.45627620890984766,0.4534626930884942,0.5596461603157149,0.541587888096736,0.6281308200740309,0.49218647945947214,0.5099510161390002,0.4059365807924779,0.50303448531463,0.48443378932800557,0.4745868420508789,0.47486510623996814,0.5197839954395997,0.45038807192729413,0.47096159396762916,0.44209204314066824,0.46905726333013503,0.5793628236417345,0.4413684123100334,0.5369846420551476,0.4637113014902191,0.48375426814402955,0.5090220591767344,0.48981236879527185,0.40822795759784447,0.42290600949062607,0.41020446729559557,0.46907078426455917,0.45609053149060735,0.45799622729292655,0.4571882836046133,0.5800775302908545,0.4480945860299068,0.48075190255783645,0.47359525471223424,0.4763625766280031,0.5361148045157785,0.4596320143221168,0.5316952262304747,0.5153804976783083,0.4947196058367829,0.4851033038503437,0.4694465159891044,0.3727638432066263,0.4756294387848852,0.491631090963587,0.43308014166484293,0.5061467715894535,0.5266052237089005,0.4746828330000825,0.4764000175753273,0.5363348705751677,0.5246465879046595,0.5409058971755443,0.4930537333731598,0.48121231934534847,0.42976951958161996,0.5082404280583867
0.5296158564255122,0.5260398101001884,0.4617696582650741,0.4964239062328916,0.35150662525089044,0.5069398053228856,0.426295708052603,0.0,0.5199034265399931,0.5179531910342876,0.4919765311568888,0.5003506361057408,0.5615466974872332,0.4824537485641163,0.4850089751524015,0.48150588591520843,0.47946614009310046,0.5231797996668476,0.5257227755481675,0.5170639959560096,0.5013089923453748,0.48628329052316666,0.47199691324223353,0.4287012210829354,0.569796915251736,0.45361548406806756,0.4861748929576733,0.49634456724676457,0.4406267760750741,0.427179220652816,0.5572968907997111,0.5328828256852209,0.47265530153743035,0.48520147841269107,0.49100748936117133,0.5641434225503076,0.554397106372916,0.5785492855644193,0.4947259684966436,0.4678870986474528,0.4888395461811341,0.46771837173293285,0.5145390036451615,0.44299403997800235,0.6119550174669044,0.5319033150319952,0.40139169970570365,0.4496510098981446,0.49373442121041583,0.513206353689748,0.5153343681969266,0.4598610261623902,0.4800114863529356,0.5225911527659519,0.540784891851734,0.4993038648006189,0.5317590483111958,0.5072200242912889,0.4701504915745802,0.5485292168564876,0.6958558184080134,0.5073334805931632,0.5298413797399155,0.45314032306799834,0.4739232294632403,0.5268013865697656,0.5320705500394617,0.46641585806060615,0.48125524970513495,0.7121644331010055,0.5135490378805585,0.4895117269108517,0.49337545065951094,0.5520473157404734,0.5748187828489005,0.4861200078553637,0.4939467732526124,0.4139341065012973,0.5565547211672361,0.39172707498398046,0.4816152616268487,0.5470311490930724,0.4709923999629276,0.6472598113908553,0.5345301330156512,0.6062348564528465,0.6720041152562618,0.5132942728855171,0.5989554903445978,0.5386631181320095,0.47330345339591745,0.4807748634796579,0.49354039384921844,0.5016800491001867,0.5107082881978872,0.49777832736405203,0.5435901305354155,0.4906384968626281,0.45350833183241496,0.5371718593254508,0.509973379334645,0.5724047020718072,0.476615341183651,0.4622737549254035,0.5891984513658045,0.4957993112419222,0.5483319547916876,0.5088337591981275,0.4820425724793827,0.4604456689598342,0.47120524437053,0.5199489746220198,0.5469862721073463,0.54875291575026,0.5605967651099878,0.48460409704333357,0.5003955877164445,0.4723825100930093,0.44782785276126547,0.5118565549662062,0.42684957752774716,0.6347434863490595,0.47361788004274485,0.4797361796094837,0.45347198230909147,0.5055588904543714,0.48695174694643656,0.5059156426579283,0.5273786211939729,0.5112633827770919,0.5038181987005611,0.49366545887660346,0.5760515393400886,0.5185219799524216,0.5415989548182941,0.4273791180946748,0.459057383225545,0.469862853654833,0.5171052296125946,0.5717825945093158,0.4851760996830633,0.5015916095353363,0.5219285450656099,0.5380161758376419,0.5230644945693087,0.4585072290428629,0.48949146862551396,0.4875137117868774,0.538856063750888,0.44247574339701123,0.5736067415355628,0.49457911382992625,0.48909376454019104,0.4388813305340856,0.5382150130455625,0.6005701812348726,0.49484700366211604,0.4764317400812507,0.4422731054006636,0.49023532806756487,0.4842694528345433,0.492502879120392,0.4867473773794709,0.47792871372122964
0.5918610958368083,0.5164462174795688,0.41847787602181824,0.43439095170672065,0.3678703877306728,0.45385844913722867,0.4168821630996778,0.5199034265399931,0.0,0.4658131381146518,0.47341860389987617,0.438425604314474,0.48810323232830505,0.549754466893615,0.4550678103042235,0.4423005036413895,0.46976493211783726,0.5809953722305682,0.4906951552081383,0.550809469971298,0.4646593233195857,0.5026323158385504,0.46095274532995856,0.3979179291828203,0.5143092275160674,0.39292833167039004,0.48910148646075896,0.4807858911969456,0.42209144818694316,0.4665525421441348,0.5204259801734624,0.49379943800513787,0.41437887023361836,0.41696933974149236,0.5645342756066654,0.5209590782926701,0.48382947302403523,0.6193658365267072,0.44905183239745233,0.4381036446097834,0.4487344364952741,0.539340164455353,0.45674728480808474,0.420558816758569,0.47528109321160106,0.4586570702472066,0.3971031348826011,0.40723396216418056,0.49041930544313894,0.5358343700595487,0.474890746337136,0.42750876333614746,0.551568831227704,0.45247500897320553,0.4627398157279845,0.5230928020470156,0.5387486376358693,0.4674113235588395,0.48952753438279656,0.5266142925761295,0.49330346423445715,0.4992055361206042,0.47273792017173716,0.511114533696752,0.5245880865775198,0.47298912543099975,0.47808500726757674,0.44181573562036663,0.5038045582493792,0.5764485712989966,0.4976052530202958,0.5417535127143402,0.54683889860802,0.48285760869545996,0.5711980886837645,0.48315101258476595,0.4272052849021311,0.3950632775459575,0.4520476625323502,0.3845165625122788,0.45663834699130224,0.5833495147640567,0.46361494781118634,0.5260386092735932,0.5397810333599146,0.5639802765704486,0.5315191336068201,0.5298490729093724,0.5139524769281731,0.5106671386493854,0.49692350489436476,0.492121557169693,0.49821111527206924,0.5007780462054093,0.5869842007291644,0.44832339722037895,0.49524084968174137,0.45136965833268644,0.5712176129081856,0.4650910797737123,0.5115788079567269,0.43523883375399586,0.43839976665533575,0.4132742643770238,0.6136656388997834,0.43244667088740785,0.45162750022900294,0.48966530987605367,0.4391733431262235,0.4263916646879619,0.42964415149001084,0.5571774613450293,0.5116528403896905,0.608475809055435,0.497398763427642,0.47344674244457174,0.4984882024028302,0.4720384551018139,0.40576430228230254,0.5835253365512474,0.4648846900667476,0.497605563730741,0.4865091564491194,0.4434656510561829,0.6015718885739647,0.4183358769670558,0.5027202774902617,0.4234930430505605,0.4484200227514037,0.49217811432837555,0.6094614208047745,0.47765894320979946,0.5430192651988481,0.6416267358144985,0.4949901473684567,0.4687878615141783,0.43726620411203826,0.4576345010389252,0.46027678589562987,0.5375785289551467,0.4347194952657865,0.5447229583203863,0.5646822239613593,0.6121523194642079,0.49219845260077055,0.44481405900198673,0.5009357605546673,0.4341691990975476,0.5018602302392593,0.48053450180483115,0.5331438437305203,0.5272055858905575,0.546231430943718,0.4100705738426809,0.4579605323792649,0.5247165063076492,0.46891707735713906,0.4151472724485228,0.4446384676451309,0.47718240324917177,0.44642507388444436,0.5744470546471964,0.5049771049204972,0.534432818124988
0.5136302543140869,0.6516108536670082,0.5078614540787457,0.4941632608220203,0.374222270585565,0.5266198515956584,0.5027235983928638,0.5179531910342876,0.4658131381146518,0.0,0.5011258300330756,0.5228954660653983,0.5537911795496793,0.5277993677437189,0.4798978062833081,0.48737663153592414,0.5175578794129313,0.5237610435342034,0.518334370740174,0.4878337386967449,0.5180372739960439,0.5141238823709824,0.5358471641116277,0.4551212512894374,0.6430246998144249,0.43887173075497554,0.4847499346762446,0.49866406563972265,0.6010018596141851,0.4326784098281386,0.5019343524874825,0.5735907914548071,0.4764954839144035,0.4876653456955263,0.5075889906215584,0.5779963701340998,0.529427879055513,0.5261788453238447,0.45981778009135094,0.5221793883922838,0.5103676975824675,0.5202288199070405,0.47287883794720864,0.46810868218276225,0.5345295190080152,0.5003500025048607,0.4494239792259725,0.46192447636055695,0.5647833457085155,0.4961987542741762,0.5126677553855646,0.46746989902796937,0.5063201936749894,0.5449044807358936,0.5748339975110182,0.5577240521933376,0.5017388435001173,0.48349206983566734,0.5423680216642041,0.536950883690299,0.5281717305880088,0.4837095375475861,0.4746436215585783,0.49242378651299584,0.4634554824183352,0.47420533245279256,0.5086265438021708,0.47298275087389646,0.483523210600513,0.5165654518331921,0.4756537384059691,0.5040999042317307,0.4906446799810657,0.5521348902703038,0.5291326903771799,0.5071132610910151,0.4731361438140141,0.4656557540284773,0.46046038717332993,0.4155912960890304,0.5185693755532043,0.4899096316077353,0.4986475405953402,0.5424145136777042,0.5166492024267267,0.542177743632842,0.48332444360115795,0.49916337847228076,0.5606061990470942,0.49353883182215497,0.48079939476023764,0.5081194718419589,0.5445887934636904,0.4881722224519495,0.5304231958627212,0.5425791037548475,0.447627445254874,0.5293016245806288,0.4780537336696034,0.5428212018881238,0.5119289266834708,0.4519359593266062,0.46930974888139704,0.5080444161428971,0.5141439218454359,0.4753970090520813,0.5129040807694845,0.5707564830206618,0.5288079118764171,0.526420865251777,0.509616039815014,0.49829530252426085,0.543917310251497,0.5084479724251874,0.5119575856805718,0.49430116811432695,0.5480215998968284,0.5221567080135143,0.5282939523472054,0.5183652505460874,0.43363136361954174,0.47464551505191527,0.4973526190408898,0.4981455858367887,0.46317820610812144,0.5451407368429344,0.497162810715343,0.46554407334158554,0.6315915441115283,0.5079665550493608,0.5240676704793538,0.4699456655632356,0.4668327986793278,0.4805459724423928,0.49584675870031414,0.44183891404092435,0.4688610962427495,0.4913453334543538,0.5207412613053494,0.5112670768660034,0.4858337399080175,0.5579941329453416,0.5524960855071706,0.5345336839058085,0.5440725354717275,0.47543491969715923,0.46617234906149,0.5250089394463188,0.6385834383512276,0.4724488410376509,0.4738530938048438,0.5643406075082988,0.47838711770115044,0.5124207880749901,0.5545323206384369,0.5058521805078973,0.49091917075378133,0.49955484906659847,0.47269979125047673,0.5120370567051084,0.5793806980238088,0.516906111651648,0.4890784438657367,0.47084510260898865
0.5679917135436141,0.5375882712865545,0.5919140556555643,0.4745472529408758,0.4854326082844676,0.5457110463823907,0.4840785138116855,0.4919765311568888,0.47341860389987617,0.5011258300330756,0.0,0.5497412995358438,0.5894706052124902,0.4723392984481032,0.49321389320399206,0.6259934185058259,0.6079756962405801,0.5411246353008224,0.517126351625094,0.48380468846037783,0.5667476655696945,0.6591721384359054,0.5060697984500571,0.5009328165302862,0.5343759710233453,0.4819756796618609,0.4828416788252377,0.506081863995942,0.5440021441446324,0.5613765526062897,0.4607290362135741,0.5432418901443585,0.46104074916617577,0.43700418991501727,0.4898246620883707,0.5217896944352781,0.5703677448395654,0.5521179038574906,0.49024369427252756,0.5214490708573088,0.5007111022410453,0.5513705739260497,0.5155026752313767,0.5024290694366856,0.4790690675897089,0.46842909373327496,0.4539540342159011,0.5510562631312259,0.5443644020775859,0.5267377128444305,0.5438601958048181,0.5108355154628459,0.46203614106647684,0.5416885296964172,0.568196122755785,0.46945145784144476,0.5392649296651107,0.6404383263791826,0.4440948241569733,0.5096854880809705,0.49118653748594876,0.4527376845387856,0.5655279819205513,0.4403694321919497,0.4385826424406737,0.4359287095521541,0.44401201508531857,0.49850747687699937,0.5000583508259184,0.5492619227482004,0.504034164405665,0.44908153541563905,0.46303891183248463,0.5766321747243048,0.5556195307298625,0.42658271713610935,0.5168880939814515,0.5210843246643136,0.44272962447766917,0.43087400579098095,0.47707023641162993,0.4779549868444219,0.5502171598878376,0.5162672010584339,0.48331881266254806,0.5325747257397371,0.4796316334866638,0.44960443315464155,0.46091033820934435,0.4491109894975369,0.6170218437027163,0.42358539021077535,0.6283242442995587,0.46742399688120473,0.4880637726529128,0.49424845391459055,0.40879042254667525,0.4287940280902845,0.43681653336978005,0.4476957692591489,0.4530491958562306,0.4457478085570416,0.4109347131997546,0.420803872624754,0.4872157205330138,0.49163549210542845,0.4688219822265145,0.5180083316895611,0.48242360009103635,0.5109647338451957,0.5152508205425239,0.49325129772419257,0.48626803929614926,0.47482643559542714,0.5077858784097323,0.5870712762699869,0.45578136167652816,0.5439397807882074,0.5105594572592399,0.46879560220106603,0.5215440203066102,0.4536234998104397,0.4743708732415306,0.517362068452622,0.43521293080794893,0.5144927990901752,0.4467939690792085,0.5071392535278076,0.5104174566958226,0.4747945746815264,0.4838246868955096,0.5356456965618711,0.46518553651035593,0.49519075300197996,0.4831762137710099,0.44097853815983323,0.4939704891517405,0.495018882897264,0.4867176014144424,0.49625826687636915,0.42404867758687786,0.5429459245763972,0.4809499967730504,0.48125582725374166,0.5253049889171317,0.44285603699904796,0.5411095105002085,0.46853209172195875,0.5105823421826013,0.46214873726123396,0.4701466432061264,0.46996474607558963,0.5734754809940357,0.4703120841698788,0.5012664552660988,0.47642106824493813,0.5677704820115597,0.5199556026053573,0.4383845734313112,0.5275096858093142,0.4354003145543347,0.46518849776903765,0.4064035158580826,0.6250183815573678
0.5104893208968877,0.5619631029744405,0.507672419539796,0.5083282090699817,0.43507919001479656,0.6010941184477745,0.5258553695365878,0.5003506361057408,0.438425604314474,0.5228954660653983,0.5497412995358438,0.0,0.49801666688141166,0.41399121713080783,0.5370832923015154,0.5111316047361513,0.5011659605620982,0.4619283066303303,0.629854615769852,0.458290862500946,0.60904044193609,0.5106007789048473,0.4996883171204227,0.5386322682036718,0.6055155952365198,0.49084463574327664,0.4047098592801779,0.44568018294696876,0.532477773821987,0.4718634204436636,0.5411549736500882,0.5271135693352131,0.5178043763058365,0.5110666902108632,0.4808690013666765,0.5515395630364747,0.5660929302342719,0.49125893355907124,0.5596273009587429,0.4874830801719918,0.5781575016022068,0.49154040561988327,0.536328866574209,0.6106716329802465,0.5024865556355174,0.4913076099370052,0.47351043027813405,0.5784749648986383,0.5343104843272565,0.4865592742180683,0.5660597909831017,0.5560453542578374,0.44666849792871005,0.6244220087342638,0.6140517588667932,0.5049658530184198,0.518704518865225,0.5948546540817624,0.4294695075227516,0.4873679689380348,0.4869477841396148,0.44851291418569533,0.542496425993046,0.41284571448273033,0.4486156469096629,0.45237589941736295,0.4443359615502288,0.4860193876704371,0.406663103991656,0.49934975216889665,0.5038836111769611,0.43824790386883294,0.4254664403750322,0.5299300302429466,0.4745682274848267,0.4611207928005701,0.4795383858399719,0.5234959175812456,0.49062162572445983,0.4564069886457186,0.5239007320890132,0.5024742971014778,0.5545292288134263,0.490483872015069,0.49671017908805665,0.5293997755467224,0.48687456621561964,0.43807080256944525,0.4812918541153306,0.48394989542320643,0.5163095940686335,0.49241902550957983,0.5716267771888508,0.48371206660084526,0.46309096449410714,0.6123239511476519,0.43204290475554424,0.5150173586727609,0.43137292276615086,0.4697415361216082,0.4686627294247909,0.45964011074101185,0.4701029074199198,0.528534736903931,0.4756137018263327,0.4931430494301977,0.49435210657667833,0.5074463598243009,0.5024693782680512,0.5770925481330936,0.6474055451758466,0.4931839187552794,0.4864542213231595,0.433156508163514,0.5135430062561499,0.5022879980184011,0.5016580121024492,0.5097402376808342,0.5457075438403447,0.44163662657761843,0.4642234722271622,0.480626261860757,0.48957075736233713,0.584127898456496,0.4322780637267175,0.6454793309168333,0.43162970995451966,0.5214372582708175,0.5859310416398342,0.4577382565372366,0.44380709687753545,0.4828131320047522,0.4293629618962752,0.4930314502119307,0.5138029370711565,0.44393730215757504,0.5318099576695888,0.5008191279560583,0.4584574340021643,0.5449742562896843,0.465781905237141,0.4923460631708459,0.49015281937442784,0.46964866722685483,0.567534532186136,0.46926427863746206,0.562938351245107,0.5020563564993271,0.5492831033864924,0.42191660181321583,0.5171059312593886,0.5102774507541262,0.46536040234961884,0.4602495306191882,0.670235744156517,0.496593598900974,0.48310287147568465,0.5954776599454319,0.447438312383205,0.4976374284454383,0.4614441551454577,0.4897734609004638,0.4386595556829925,0.5319990310077187
