0,1,2,3,4,5,6,7,8,9,10,11,12,13,14,15,16,17,18,19,20,21,22,23,24,25,26,27,28,29,30,31,32,33,34,35,36,37,38,39,40,41,42,43,44,45,46,47,48,49,50,51,52,53,54,55,56,57,58,59,60,61,62,63,64,65,66,67,68,69,70,71,72,73,74,75,76,77,78,79,80,81,82,83,84,85,86,87,88,89,90,91,92,93,94,95,96,97,98,99,100,101,102,103,104,105,106,107,108,109,110,111,112,113,114,115,116,117,118,119,120,121,122,123,124,125,126,127,128,129,130,131,132,133,134,135,136,137,138,139,140,141,142,143,144,145,146,147,148,149,150,151,152,153,154,155,156,157,158,159,160,161,162,163
0.0,0.6022712053745859,0.5063891857589665,0.5795160379968559,0.6288399727348046,0.6142946865545202,0.5864185040073977,0.5694866349941037,0.6448343063527577,0.5266268371936924,0.6306011307971845,0.5441889430481017,0.732305516325693,0.6459308749501912,0.6685982919328741,0.6450694730238807,0.6962366916505003,0.7615803782430158,0.565113334604018,0.7022643515133362,0.6634312612829844,0.6016936300149246,0.5633839767957507,0.6945687044960861,0.6603241147620379,0.6339888390808837,0.6205100720843426,0.6203715543845014,0.47627471895366236,0.5757753499450805,0.6691871068292924,0.6382401120233673,0.5555984392730174,0.6291454535474488,0.7363053849636726,0.5565904735475908,0.7416286837825533,0.6098980289454747,0.5666686020885777,0.7077730493964655,0.546556421241037,0.6678304455962689,0.6360462858664692,0.6319237207545468,0.6734435201613352,0.6995108859110605,0.5610559293509354,0.5943430389648439,0.6311065400653322,0.6107568714466314,0.6806813711764852,0.6190752108101716,0.607811126818379,0.5961460890625885,0.5465832779337746,0.6069448239128301,0.7049734997552507,0.5978491437119128,0.6154923966509793,0.6495518703570254,0.6105114559013107,0.5570072411639041,0.6024493793026753,0.5178061971445251,0.6379739871007373,0.669519387936355,0.731243750812773,0.6569068118688233,0.5761238706077417,0.6301317108709885,0.6518691742376047,0.647340604092939,0.6381865584537046,0.7130086727304934,0.6480601848234017,0.6894298880111471,0.5872398459430178,0.6661081389354302,0.6184304191273599,0.6270079299569007,0.5827997897253384,0.6523380907422808,0.6568749169413647,0.5911602292727035,0.6527905097061018,0.6200847478277326,0.6195573683820232,0.6357780594343797,0.7260633553665422,0.6173133903668441,0.6548171284070825,0.6287129404544102,0.5930061822133486,0.6590909669587292,0.6283745395021141,0.5472239729399139,0.5295419815522779,0.5741521596624853,0.5548246682875739,0.7594199462647651,0.6681845779367442,0.5231322598851375,0.5667419390284344,0.4751250327079536,0.6338130736106283,0.6595867761450775,0.6054253328019882,0.657490487960312,0.6575767606332558,0.6401958151452488,0.6368452014396563,0.6093012103044066,0.6871758728490244,0.6396167402086316,0.6808549754432384,0.7385254127556825,0.6931470269093983,0.511217344342106,0.5339363614200006,0.6029574520252233,0.6323752664812804,0.5290343706097979,0.6574050312026216,0.7519095332310192,0.6099607923761136,0.5522109811298275,0.5683919275593409,0.5952707068476868,0.5506962371267242,0.6020924759949653,0.5939975261264425,0.5822541120254932,0.6167450986790307,0.6299847155803289,0.5946959857097193,0.5858820927022356,0.6418363330934961,0.6912894142261464,0.6216146564485949,0.6224114627430831,0.5498810348947543,0.6206717796409534,0.7047380090321158,0.5440590999805065,0.6602790806289166,0.6248515220307028,0.5779633294942886,0.6233930556522735,0.5583252380465893,0.48789531267540764,0.7256523162284114,0.5923994655312579,0.6195520764415329,0.5197226203505456,0.6106816010260192,0.7012380040720813,0.5615709762036635,0.7006900714252038,0.60983970426018,0.6043648581448994,0.5723726102973224,0.6919542688172473,0.5515491958724784,0.7852539443126887
0.6022712053745859,0.0,0.6226464084922856,0.5471440703016669,0.6381045140244102,0.684491467831846,0.5533652946973261,0.5675207182279715,0.5884566365548849,0.7101532721463848,0.6135621846380029,0.6365902882257934,0.6109439719134984,0.5866569710450017,0.6680741196880007,0.6339720064684439,0.652967657029784,0.6053569394146793,0.5738269064664814,0.621556768192589,0.6773280598071703,0.7252947821699464,0.5221504034796854,0.6879642668729956,0.7231325060359023,0.5328494510949662,0.5692906023433778,0.5390560624473894,0.6151897712185261,0.5474634205777613,0.6668829969247589,0.5907495214294306,0.5823195123431527,0.5424800729288124,0.6542457713605612,0.600039370480043,0.6011594661369761,0.5891607243193477,0.5950568032286335,0.6163687810510698,0.6100993888542419,0.675105838439987,0.5673644940794456,0.6335755076823141,0.6244942104482804,0.5787153238344173,0.5820315681132031,0.6049742260710841,0.5618504064386463,0.5627229997579616,0.5682389117669554,0.5728554574637105,0.5758721036635255,0.649527213805483,0.5640341658440248,0.6176015680913295,0.5681434735565343,0.6235372708507716,0.5806519216232907,0.5708226491503485,0.5652645834883154,0.5033231479269097,0.5435095052999247,0.5416668779697592,0.5477326166150991,0.5349358009910571,0.5704154128399901,0.5793448321124404,0.5597330946198149,0.5751550563945742,0.5581453294649261,0.5708179621497654,0.5263540097512449,0.6030331649439783,0.6501711805062202,0.5496337799522738,0.5000083780767819,0.6883697864850223,0.545844518425373,0.5290691274236166,0.6086387840428216,0.567921145573129,0.709123772884765,0.5758606087895302,0.5511952405864948,0.6297042610388248,0.5279684509889281,0.5229965562674599,0.5954778048618717,0.5875299259943794,0.5670050901709706,0.6229498273925371,0.6009510184861432,0.5247991771849061,0.5546266284124937,0.6709076391807005,0.5201208691987134,0.6331445644406123,0.5187406906561924,0.5910493232425886,0.6010192505580617,0.478943286642494,0.5119029492579255,0.5837879801388492,0.5526175290179293,0.584357825802734,0.5677099881921874,0.7592800585410324,0.6320735428880537,0.7173724253351746,0.5907434025364912,0.5362228113768419,0.5582166317348028,0.5892325666901463,0.5604548190861811,0.6232740177004348,0.6360134776447502,0.5284092285080935,0.5841744024797024,0.5597041565580395,0.5605492228522495,0.48913235982449343,0.5744529864246884,0.6362004777287324,0.5506221101952242,0.6529949313728265,0.50833602915322,0.5830561457466723,0.6746909112508142,0.5768011774933504,0.6586762045496679,0.574817235998923,0.4920103760101947,0.5701975059312548,0.6249413620505798,0.5670323497840952,0.663786729326442,0.6283291930808493,0.6704845560574908,0.5926198149001758,0.5697696971035373,0.6313804684188896,0.6171422141687238,0.5617025720389371,0.6637417153293426,0.5429087431845055,0.6157371991689643,0.6746608232757207,0.7383250123856651,0.5494522443886696,0.5539255415724941,0.6396324986009112,0.593887111777681,0.5935133205457614,0.698700239960798,0.5979622822871138,0.4901614836954449,0.7011056094631565,0.5509252282317711,0.48215260042551417,0.6180850050429774,0.6013447839696425,0.5465762752862595,0.5952352426128822
0.5063891857589665,0.6226464084922856,0.0,0.48345724950332514,0.5665662892225307,0.6073394982644637,0.4516363784709783,0.5860001372119451,0.5289602800181511,0.6275823269167983,0.536975009801281,0.5314010810818655,0.5535820497496862,0.5415853371588942,0.5671655515088176,0.5877708583285334,0.5551595100451162,0.5258821466555506,0.47216152829329017,0.5459178118841247,0.6175268792826197,0.734388422164225,0.42807972627429264,0.5273887795404254,0.5706587005477352,0.5292348683999759,0.48743551982916183,0.4439122478747998,0.5472269221770236,0.45574174706987386,0.5676247540938882,0.5260276584206437,0.5262465845563598,0.450256774938952,0.5424224200604181,0.6305302050160134,0.5350325512009457,0.5773267047187717,0.5433679875651827,0.5105495731075451,0.5667729787031018,0.5678959772585299,0.5675977531897762,0.5555845577835776,0.5985032375665857,0.5158113918970395,0.5587190883416945,0.5921796470192904,0.463544309785619,0.558545312674022,0.5114946473422242,0.5279012841248726,0.5014403759521135,0.5974534945295843,0.5236616830578715,0.5361925772684748,0.4915108321550114,0.5839497064560865,0.5281755243311151,0.5031400159303221,0.5523767527787745,0.5148806900890018,0.5545342209863361,0.5681932216831775,0.510072527029462,0.50750528675017,0.5267162941188542,0.5794790337928322,0.6191916986442316,0.5594654831828645,0.5552962487032701,0.5119675118585647,0.5046516040214779,0.552619294930044,0.6084917349270323,0.44844198283940423,0.4671625647454547,0.5596514728368481,0.522564909745574,0.4399240242805949,0.5755270754378131,0.5353391086943972,0.5646600834691958,0.5807997763462575,0.5046138991606249,0.5917116513174266,0.5245954384241938,0.4913082541638973,0.49955040721209215,0.5225688769878316,0.5217764736123885,0.5343344297443559,0.5241304961197941,0.4415349587304197,0.5125294530516801,0.6211248769612376,0.5685201031408563,0.5762880501112249,0.4935391939755975,0.5113902618655127,0.5152155060608292,0.4966752259440822,0.4905360764167057,0.5647062598249746,0.5383544515560109,0.5638181066144681,0.5621917810560584,0.5843940735906572,0.5527771122728734,0.5673749405259193,0.4909156571473447,0.5134616397671764,0.5223751153337642,0.5362551202663408,0.5066519750465799,0.5081952584504317,0.4970535661449938,0.4806143748633855,0.5734807386933429,0.5185101415310385,0.5138503623637501,0.500960084029507,0.5048126322832865,0.5080760472571033,0.4889422020832335,0.5708020256261147,0.5017207406004321,0.5736366678113078,0.6520787812877799,0.5835758581127771,0.5717579685454911,0.6115231219979451,0.4457110266487833,0.5080718059325675,0.6331741328478248,0.539534317096109,0.5296271757802918,0.5437225057057122,0.633937834828907,0.5241365376497884,0.5253627801928938,0.6006128396270893,0.5170651958223486,0.5985003955859465,0.606554785638185,0.5123438185385115,0.6083044040997108,0.5716734697508986,0.7041218867421192,0.5556286377475962,0.4841195998247309,0.5123708450407208,0.5225603141575916,0.6096373069729745,0.5961842814893639,0.5558942108067169,0.41397307515107845,0.5659116309578978,0.45493941401791355,0.41855347550495314,0.5834929590893604,0.48701693241341487,0.5162179136638724,0.49352971649682315
0.5795160379968559,0.5471440703016669,0.48345724950332514,0.0,0.5937877272284015,0.5914190049636685,0.5838460815142229,0.536365784968233,0.5137818740225469,0.5028576833635318,0.5809623474225695,0.5612197838134794,0.5383474333111332,0.5310111082066599,0.6542210262508078,0.530458713920199,0.5695389697470218,0.5707703379626388,0.5752518275262903,0.5049476458155415,0.5898145661292986,0.535244635157563,0.5183199638294191,0.5575089430014973,0.587336171442187,0.5777734488079692,0.5397830754337718,0.5416315460965927,0.48522251096436964,0.49207962698768154,0.6069571867356278,0.5319964403918221,0.7622119072432104,0.5567440942425617,0.6271757440731467,0.5778392947215276,0.561369482639179,0.5374646372677563,0.5390133048608081,0.5808254941192856,0.6036259956921741,0.5365225839303777,0.5671295248057874,0.6820057837515353,0.5621963939923829,0.5460991316277735,0.4943164483197675,0.5468942913710514,0.5392774536027366,0.5327987753359039,0.6366321201779553,0.6229745223051633,0.536697718939118,0.668841761225321,0.571456403139375,0.49642010227566674,0.5504879066844627,0.6318775510201822,0.5236438584659231,0.5401355740311777,0.5438749008846525,0.49697268047911514,0.6038635756370259,0.46414102769987575,0.5248876936932777,0.5199216384859703,0.5406337246273418,0.5229617818431218,0.5160130161400569,0.5818172301991484,0.5343714150782505,0.526872348101928,0.5371453082654304,0.5923836294119945,0.5645862221539432,0.5250387730245191,0.5053956875006675,0.596129357663928,0.5607951867890217,0.4974208296040059,0.5271964729641484,0.5886936337854238,0.5363493016012315,0.5339701044728222,0.5623714609029331,0.5339761856763275,0.5382325793674404,0.5499203225422061,0.5721089938801395,0.48525964847897857,0.6479336024782434,0.638669452697943,0.5729680429223687,0.5147572145374301,0.5490127962239486,0.5681135368249585,0.48403469000960286,0.5716934031677361,0.4992714634764612,0.6114491289982483,0.5438779793931454,0.4824062469227891,0.65290095626825,0.5501698983954745,0.5804154797225543,0.5224522221043901,0.5307803816587208,0.5577704843509517,0.5655323174591844,0.507994524725736,0.643913414569146,0.5460966175298223,0.5689711496635054,0.5369695241740536,0.6157712214512541,0.5771756423942904,0.58834299269298,0.4594035011215487,0.5819678490234896,0.568511667777225,0.5103220820315147,0.5707486383986974,0.5125213248780242,0.611522782301368,0.500155722266148,0.575013674918622,0.505070796052324,0.5156398533536557,0.5673164852485812,0.5165520374386757,0.49107240522474616,0.4997648276379489,0.48605743072821367,0.5753247064679516,0.5077624968173962,0.485672275733274,0.4941694704679931,0.6240135907239728,0.5415620258606061,0.5523836307230217,0.686071384564798,0.5127119225835233,0.587048395920898,0.5257007795295207,0.555517414173374,0.5637595708379669,0.5242752567409287,0.543915144044801,0.5078788798240341,0.4449478641390488,0.6222644916561574,0.5966734487952737,0.5293445102359957,0.4563814769798262,0.6406107630395323,0.531110241875376,0.45344974369541297,0.6182497289770905,0.6822052170711902,0.5284585560206224,0.5288932230610722,0.5744868461783026,0.4903333487162676,0.5907054552732263
0.6288399727348046,0.6381045140244102,0.5665662892225307,0.5937877272284015,0.0,0.5922446668929628,0.5857040212967753,0.5584013604666782,0.6091440424816121,0.5714653033478087,0.5708255430879855,0.5646055998523585,0.5904343488669306,0.6397977491215571,0.6968747601045268,0.6178127494960065,0.7004956153423663,0.6942608834194761,0.5499312664097931,0.5972382699262779,0.73376270299143,0.6391081699833776,0.5501506772073369,0.6234343892677461,0.6244305105815917,0.6220860318281187,0.6022469085491428,0.5353349974504567,0.5126899142542382,0.5580563433405257,0.637463242039819,0.5895100274343286,0.6050641938346883,0.5523164327074803,0.6772997184914028,0.6653901353729227,0.5824724621145027,0.6422223977052148,0.5726753747400546,0.6836867927913759,0.6639601097077468,0.6881145006793178,0.6407698286011595,0.6426150879849666,0.6268158981464905,0.6577859283024206,0.6712505094277278,0.5521050714462545,0.5780684594129248,0.6694493721374724,0.6747354204604132,0.6558786652788232,0.6592924939654402,0.6382345579219252,0.5544242622497983,0.5997691304746958,0.6287813478700587,0.6512568518034322,0.6334047849304427,0.6450119024525907,0.5359065153293946,0.5988406811962128,0.614028824772174,0.5841949809206841,0.6406873987264841,0.5889469625735291,0.5984089134579165,0.6119403294372815,0.6253642829965522,0.5807892121561425,0.6200334591496625,0.6411311505172802,0.585765401540063,0.6691971938870914,0.6492372057055019,0.5607675649353059,0.529668807121554,0.7748981484859042,0.6092763981947569,0.5325095503930155,0.609558006147903,0.6683671713912488,0.6508493222057488,0.5705037859829288,0.6608357957665574,0.6365768310637768,0.5267275179126225,0.6187080018007329,0.6301054922136555,0.5636864680813947,0.746313876527955,0.7219683828628523,0.6422191178628048,0.5445105976125053,0.6563311626049029,0.5749217769579681,0.5377006449063763,0.63666746394999,0.6079520536053489,0.666011917805232,0.5927613091640905,0.4985436413564357,0.6215443307204788,0.5450644417911916,0.6511605501695007,0.6630942727949465,0.6292916718702084,0.6691872389713265,0.7559025396141609,0.5785693820322445,0.5994624463828013,0.6574478584436504,0.5797461726991888,0.6439588419656713,0.6497739723305027,0.6704980084288634,0.6514840207985784,0.5036345094854812,0.5756091201503595,0.6418606067439975,0.6534535085761577,0.5536072213590718,0.5793982582658196,0.6630249658762096,0.5634807892473817,0.5642567378456221,0.6170596171959336,0.5857293575100985,0.6176608319132537,0.6423194707241551,0.6195268338193609,0.6074605650671209,0.4975038022538126,0.6144969600530488,0.5605873444548285,0.5888909445155155,0.57764171940599,0.7410418506988894,0.6437941046695332,0.6402135553404494,0.5564805500722877,0.6411243893994726,0.7297612648901827,0.6326637348189919,0.6592481392623464,0.6341076016229021,0.6311700302397322,0.6832414556013973,0.6072120809497344,0.5470856606043486,0.5813426368954567,0.639466024736172,0.6246731097434186,0.6000732888805301,0.6787643205749335,0.5866269617619974,0.45945068208466444,0.676114858473893,0.560134580496181,0.5276155316975264,0.6480248692060586,0.617240659437112,0.6147210844999922,0.6366836477826224
0.6142946865545202,0.684491467831846,0.6073394982644637,0.5914190049636685,0.5922446668929628,0.0,0.5199267529891073,0.6172253417766576,0.5857817362586181,0.6050865626550932,0.6399529131492208,0.6176757250987301,0.6213137779346147,0.5550333308477917,0.6553496084325762,0.6133537017128938,0.5981693053174996,0.5734841550780669,0.5615537784351229,0.5848016773216255,0.6563713543158091,0.6833941112803584,0.47592012361726377,0.613576257268238,0.7009300313972792,0.5672144110404557,0.521981053453474,0.5183389596291135,0.5524091887316014,0.5097416084778552,0.6934116055553605,0.5714387886304245,0.632415544120543,0.5269250340662591,0.65221990108996,0.5932832712840774,0.6479572441757067,0.5839313270469842,0.5812980143254443,0.5580511410787011,0.5919189436920974,0.6260458290942791,0.5853106724226632,0.7073691648291356,0.6297564606589506,0.5486208411484839,0.5351515706627855,0.6844851860382098,0.5207964608731929,0.5415937294976805,0.5730670927431998,0.6076783080074164,0.5262307744729268,0.6833555723188256,0.5670445451632435,0.5907156243981583,0.5461217710808018,0.6740616297367144,0.528515525570149,0.5274850555462952,0.6253732788254989,0.5020985467235921,0.6073395063023663,0.4997900766427178,0.528507844803979,0.5389563541915676,0.5766769690679593,0.6091551404619979,0.552011647383114,0.6492908149664741,0.5861262659090588,0.5332847147280052,0.5467139539164828,0.5971705240475292,0.6509232405954155,0.5249496931077441,0.49900504423023107,0.6148924054289324,0.5649978499173662,0.5229567858155874,0.6176996728120228,0.5890815044213581,0.6462461784149743,0.6218892362020081,0.5447656590508942,0.6216027150313645,0.6181996264406923,0.5162440221557926,0.5723494848416317,0.5750403773891505,0.5758877355364731,0.6118785927497337,0.5567980006595378,0.507254275049875,0.5399751139033496,0.7541132501548304,0.5413927980916678,0.6387183038615675,0.5008200236919575,0.5809778099712121,0.5798068573049555,0.5011653373403384,0.5401681367035394,0.5945184654309258,0.5701838605448726,0.5663666911331532,0.5511219310852723,0.6628397791249159,0.5641591482741142,0.6472201944962176,0.597556727019885,0.5298124307098112,0.6170228925132678,0.564801258172844,0.5730747287814679,0.5935522950957577,0.5919959837359382,0.48911657360763877,0.6222272870516351,0.5695735083516975,0.5257891487239087,0.5384135917385772,0.5717084156167442,0.6169212098007875,0.5466973630939375,0.6597529386253188,0.49616556416530133,0.579600566800649,0.6510294087741632,0.5522381009678783,0.5946494535114394,0.5818911535017037,0.5078526975766764,0.5940203456970383,0.6390247279093069,0.541838375622249,0.5984579191709511,0.5954927097111503,0.6034634906386339,0.563894687669421,0.6558095342280641,0.5911161669908324,0.5706996602701133,0.5541308471167051,0.6496757316176441,0.551391822552975,0.6226447284239062,0.5945673738991536,0.6472658179289602,0.5033680408012691,0.6006389109480643,0.5923918652334579,0.5408036082344572,0.513788883080387,0.7171330629316504,0.6247306212815446,0.4773919373692126,0.7204786511693095,0.5695615600418585,0.47900414848445705,0.5742289976456036,0.5944651016355766,0.5152748602254251,0.6010833755106126
0.5864185040073977,0.5533652946973261,0.4516363784709783,0.5838460815142229,0.5857040212967753,0.5199267529891073,0.0,0.4705597515060492,0.48735844876685114,0.5363637525281229,0.5653555438790868,0.5747671697739855,0.5473485070750552,0.5208966654980438,0.6075807439882084,0.5376651008169722,0.5879796991248141,0.5783254157507781,0.5986982646340245,0.5167030814683233,0.5439258545236281,0.5082730125398454,0.7056330999305455,0.6156840693137633,0.611027144618775,0.4952964810965715,0.6063693986974545,0.6250890976290993,0.4945553728905471,0.5694545963169877,0.5683430252452776,0.5987157130128704,0.5384086608438742,0.6782159342702622,0.5850152725302432,0.5027068262914227,0.55634893397978,0.47682987298278523,0.5184046150736116,0.639437741461854,0.49609867166403904,0.544844631532956,0.5262942442760746,0.5612765105765092,0.5408496013971524,0.5590875446377039,0.5027450797887331,0.5022269895350084,0.7037330992631138,0.5074091232457407,0.6130892501563511,0.5105900096538531,0.5282907368015816,0.5624391750219525,0.5636879473508093,0.4903343867563767,0.5595384099905489,0.5377684218741343,0.5733090090249242,0.5728623612917934,0.488253689940278,0.45923905586132624,0.4805962587646475,0.45177301479602106,0.5071925177697476,0.4961802967508932,0.5288731726985312,0.4967160100569149,0.4847431166555731,0.4988456413051342,0.4801778163427619,0.5242912472236964,0.49341537070550195,0.5891481698029096,0.5083853020459402,0.6100906869537464,0.5437164757372503,0.6399798175267233,0.47780975733158176,0.5084737489756532,0.46657731220475473,0.5109521299336683,0.5469181484353038,0.45230908145911075,0.5190629534501108,0.4779395609016975,0.4680812999458751,0.5676807033912953,0.6148576412568224,0.4711833316891998,0.5695620921193514,0.5922369171626702,0.6055054988009062,0.5568354432138871,0.5077938675205804,0.5032764399767808,0.42327671192349253,0.5081623447461313,0.4691928394018518,0.6248301597979389,0.5411666150891198,0.46121197690060023,0.5297640151888622,0.47554871695727513,0.5021173430331555,0.5043813910941726,0.5099679678777633,0.5560395104912946,0.5836368251502567,0.5464458931451751,0.6990378502881522,0.4948466060424875,0.510904912372925,0.5085536695776987,0.5295299988925509,0.5699836601535148,0.6166504567045227,0.5365883469054182,0.5018653118268757,0.489997676950076,0.5001085173907085,0.44612086104026544,0.4948296543705953,0.6394428221528959,0.4689520985196481,0.544842328845538,0.481820511092323,0.5101002118944804,0.5123579667122271,0.48170197397220627,0.487807632467131,0.4529442022612918,0.47010469818473555,0.48535160196511623,0.4726682637039823,0.4622771283785649,0.5275235400711874,0.5849617551052171,0.5311619928182331,0.5402403428772298,0.5056849432180361,0.5119960960248533,0.6094916793420202,0.4657303017805646,0.5188363308842294,0.5591624701799912,0.4694109632147758,0.54468317303965,0.5023640406924883,0.42191286568638003,0.5538274008180837,0.568335824709181,0.5566436667484693,0.4862698503127598,0.5486429406707172,0.5010146454659361,0.5153583060482404,0.5844439185991184,0.5981463089865022,0.6005672380994177,0.489556833075205,0.5482609555369553,0.45593604917550007,0.5593183189040437
0.5694866349941037,0.5675207182279715,0.5860001372119451,0.536365784968233,0.5584013604666782,0.6172253417766576,0.4705597515060492,0.0,0.6155036405787334,0.5298497321252906,0.5788965001063616,0.5671602016451577,0.612330415851007,0.5231794679964246,0.6506081569334166,0.6293721704233398,0.5632056212215564,0.5730261581918813,0.5195741443541047,0.574558971164206,0.6078908521861341,0.6383182506025278,0.4603318066038965,0.5481589621851229,0.5856397449762174,0.5771746369137194,0.5626825897159847,0.4945805666040005,0.46881997185878194,0.5264272728950068,0.6964330487484214,0.5536385626760124,0.5686962738782331,0.5001477333387087,0.5533401480752176,0.5842258262743021,0.6190063280315746,0.6088468115243997,0.6192483506162693,0.527778292369008,0.5503575250399548,0.5506729795087131,0.6493914401179084,0.5550710482179303,0.6995322282442972,0.592460075272931,0.5105991474474189,0.5747364858053132,0.490232488688642,0.5713360998490818,0.5704255406000173,0.5410426372670545,0.5076510118055205,0.5956219037213696,0.5416850226224477,0.5250655882589695,0.5507366923991253,0.693738226188614,0.4979697568640733,0.5533934838885244,0.6561775537506915,0.5368096538264787,0.6169361424344162,0.48756950001492283,0.5257079686056263,0.5576355634963279,0.573186649661473,0.6010631436801042,0.5846520977135345,0.7854653124041399,0.6049477571721612,0.5195817829404665,0.5077264106391638,0.6052470460526947,0.6628316394885191,0.49022456919598795,0.5333019162901975,0.5638893849414264,0.6283749005347686,0.46371941189512217,0.5350872190211147,0.601672316487389,0.6118321905557125,0.6170769774034742,0.5338887613638266,0.6333336385561871,0.6694528513554384,0.5383025960315726,0.5877086538761624,0.5867854494882004,0.5689269680198349,0.5501042865236352,0.5400588713382626,0.487327388799834,0.5163013196571548,0.5902367082927498,0.5993692948986526,0.5385422639440153,0.4768836857136186,0.5624039507258093,0.5467336613624091,0.6075223737068238,0.5178110612080018,0.5138620191612933,0.591141800373456,0.6196077435191124,0.5969409567526529,0.5663925902770262,0.5591002860100998,0.5320325750724677,0.5183725842563932,0.5340659206398857,0.5413954086808966,0.6004674123741793,0.5728068211479874,0.567234106360938,0.5161200105720114,0.48333333584878124,0.4953821305723193,0.5358544413636085,0.5282006048914941,0.6178921727040106,0.4933343898331152,0.5730046496944162,0.4840272409114429,0.5836374064906399,0.502235398003538,0.7186306726726559,0.5495760993897436,0.5777493938483447,0.5751077224812743,0.6131312220974824,0.5330698360275601,0.5501248982816945,0.6146155539163825,0.5078175054747394,0.5644024755971357,0.5641410065049628,0.616010192967094,0.6209413142923826,0.5474484280470365,0.554305829522879,0.5460213998212691,0.5543456762504764,0.5939829262531643,0.5248197108369284,0.6438294300492506,0.5959854135306388,0.5725161253301393,0.48637106927061,0.5956878270776685,0.5150339492871454,0.5604765481806371,0.5246068784782972,0.6170168620094478,0.6684507068757108,0.4608644756590199,0.628436474630593,0.4809365251252773,0.4640808461163068,0.5175374291638424,0.508386121118436,0.5150136888690475,0.5514851304236402
0.6448343063527577,0.5884566365548849,0.5289602800181511,0.5137818740225469,0.6091440424816121,0.5857817362586181,0.48735844876685114,0.6155036405787334,0.0,0.5020430527283487,0.5227527488378466,0.5098447871770678,0.6001077224851737,0.5860810182064329,0.6214942791312316,0.5775172288131466,0.5871375424533986,0.6446063153309664,0.49006255140136823,0.6207127365188471,0.6236250896519118,0.6120712311284119,0.47788338347362197,0.578409174088603,0.5696176239222537,0.5966835719668009,0.5606764112817028,0.4935373470233682,0.4419510675122006,0.5488608106187955,0.6389022244612451,0.5275748599869644,0.5350279570393034,0.49845431403492363,0.6077893780536412,0.5502106586156457,0.5989633974084505,0.6384038645955189,0.5338085241277848,0.5754362556070056,0.5614243117106773,0.6889313488731627,0.5812781874824844,0.5504643291038285,0.6244419608675174,0.6331425355455146,0.597880615089943,0.5168690988465653,0.5010576983977937,0.5897663131247,0.5649673268416567,0.5980625169481122,0.5742579105052649,0.5356104680655718,0.47209756409412007,0.6877582144487144,0.5900932103893518,0.5914551153958634,0.5266771278105609,0.5754455697729826,0.5500486641139728,0.5742303706224655,0.583727956988496,0.5188631739173686,0.5991338841951688,0.5920402338456807,0.6184599779717571,0.6593489836563182,0.5650542650780788,0.6255010431182388,0.6798320439866353,0.5814237295343923,0.5632750820992333,0.5914641189540233,0.6392511111998155,0.5341196370740499,0.4941488898662954,0.5935505354550666,0.6343686651747416,0.5248419946573556,0.5952619381076302,0.6939096796700118,0.7017954741692117,0.60189606410165,0.5994116205065753,0.7382799010958365,0.5831442500337757,0.5469916736756367,0.6057092202804196,0.780934169353079,0.6089065368924904,0.6121665114417312,0.5167326521789708,0.5228073209941159,0.5982207726613002,0.55252612792167,0.5658929841672865,0.5890200251478811,0.5574427578187826,0.6053414627052277,0.561785101444031,0.4915514446512678,0.526675109168025,0.48280672217647697,0.6126732679267253,0.6862420546086452,0.5662390429877633,0.6283204374638626,0.6071356013087325,0.5630104947863938,0.5058874916476633,0.596178999288039,0.5807470863256506,0.6408180667610994,0.6069658604804795,0.6918965463516773,0.5729599986362015,0.4486582941589124,0.48573774720339447,0.6355254848833986,0.6120544658464404,0.5650966781084648,0.5789739275003305,0.6082434716937456,0.5791406853355222,0.5052160782682178,0.5651549884181903,0.6002529611752793,0.518752480617976,0.6156669726179005,0.7340254933839,0.6313548834165468,0.5392121999624527,0.6501307436523651,0.5666163342228384,0.5737662831841985,0.6093216296550564,0.6132510387876768,0.5824826689342796,0.6065830887072278,0.5116692474599585,0.5794744189570343,0.6325941616989967,0.5664141601420645,0.6141367891141924,0.5711865353393984,0.7284798148245349,0.6167538544692547,0.5555599988975554,0.5141124819057059,0.587739767855276,0.53911353274863,0.5577165673458852,0.5552179844684616,0.6027871371475481,0.6808848225153462,0.46548975594940156,0.658801468833637,0.5007406179793523,0.4760354060025655,0.5733615925264848,0.5949561002412999,0.614068346407727,0.6427376289621848
0.5266268371936924,0.7101532721463848,0.6275823269167983,0.5028576833635318,0.5714653033478087,0.6050865626550932,0.5363637525281229,0.5298497321252906,0.5020430527283487,0.0,0.5921320299877053,0.6410280533022292,0.5634389630161912,0.5270061298121064,0.5946746557015559,0.6083071334861112,0.5884456989492711,0.5371992400171366,0.5549789928297079,0.5524809305895898,0.5920871711460027,0.6512342657333949,0.5075238066238231,0.593701032517023,0.6834299965549022,0.4804573624292382,0.5404788395867106,0.511951303956147,0.6871996732217581,0.5174607159925475,0.6002603161400875,0.5947515197633297,0.5270475919697706,0.5210432566234321,0.5642250604325072,0.5698383384953011,0.5542076396187033,0.5221043223109463,0.5735681426543695,0.5493404410492712,0.5350173717872041,0.5693006791120417,0.5433094117773236,0.5692083230740379,0.5806560125845996,0.5216381227874807,0.5300216265644732,0.5889198897950848,0.5480653496872635,0.5198116579703294,0.5283157658369164,0.49506283222883213,0.5077882260972223,0.6103024224100306,0.5918314684574768,0.5207964221328132,0.509460426633358,0.5804794423169656,0.559087508442347,0.5256369710539881,0.5313446171309517,0.4644940890036181,0.4930420041916908,0.5160215591464896,0.48990058265536157,0.4845295928511246,0.5118754298258801,0.5235336973837269,0.5441759619395823,0.530158896737808,0.4924342358003615,0.514023462520342,0.47581570616072266,0.5595004734918835,0.5731610405272435,0.505841447222929,0.4928590737484669,0.6215924336667389,0.48355265740307385,0.4681853967118764,0.5251429825401355,0.4947602143280308,0.592680507154287,0.5109118095736953,0.4905154012498261,0.5296396686851349,0.48999175476211737,0.501654870015993,0.545632968677854,0.49683252396484734,0.5114172365899594,0.5510689751030934,0.5922469228635291,0.4772422504501627,0.4893555453855329,0.6279488394171282,0.4773942578231117,0.5555268256277572,0.4664719427471164,0.5308708756728416,0.5461401133561271,0.4811211837769608,0.478700627775141,0.5791141175997594,0.49888175810830765,0.5203740650526889,0.5370915794720206,0.6283786431618419,0.5668324751572178,0.634959445987129,0.5658629737146412,0.48142929759720543,0.49972567672157653,0.5283473719233263,0.4936160698094427,0.5199837336848234,0.5571109125533257,0.5785396573862035,0.5601532706647462,0.4862307225630981,0.4944631771054368,0.45013750209163766,0.49718305832427956,0.5582169668251108,0.4762413582530259,0.6680354953350207,0.4650960880031471,0.5563529146384198,0.6550222469272858,0.5223238336830907,0.5587268469887725,0.5160583776332247,0.4501573999346154,0.48068211856057036,0.5780844043218473,0.5027491773363341,0.5832503966350748,0.5493095991725853,0.6304841887533149,0.5445558199149004,0.52680195928711,0.588516841682387,0.5390207236729185,0.5204871480778408,0.5867085181414596,0.5073445187031643,0.5276896548368698,0.5997157952288431,0.7389180109228595,0.5096416992612858,0.49764669413504564,0.5741614860712482,0.5541200789530648,0.5794525837405874,0.6107192293034261,0.5299465893198654,0.4644640567295309,0.5925354394054007,0.49638909191681624,0.4604151124113857,0.5489701062236594,0.5136366494982447,0.48197328690902014,0.5053426704820968
0.6306011307971845,0.6135621846380029,0.536975009801281,0.5809623474225695,0.5708255430879855,0.6399529131492208,0.5653555438790868,0.5788965001063616,0.5227527488378466,0.5921320299877053,0.0,0.6320602180983966,0.6859017598530032,0.5565008653026303,0.6539667941933978,0.7163418483468647,0.6624971481960521,0.6070045731811362,0.6595324828032169,0.6246892757235792,0.6294166146376245,0.6183581069174956,0.5450293860890532,0.6612171189750318,0.7131890822226622,0.5410286146967974,0.6013341287343648,0.6492819646429447,0.5747362191902479,0.5558581672115127,0.6732607370815542,0.6947316971740065,0.5608743518533224,0.6196094225587538,0.6257142879429799,0.5618997578388997,0.7009375363026743,0.5658205368709545,0.6857084114783141,0.6082417966989637,0.5322718728794388,0.5470346626861674,0.6306546986303433,0.6395980078070455,0.6429960418682462,0.588762355521454,0.47831978378257384,0.7138332379153092,0.6310625004384919,0.5556159814976057,0.6341393065614137,0.5293897941238319,0.541730450086189,0.6824464908575292,0.7139875680121698,0.49504397016580587,0.6183643803904848,0.6384784747136535,0.5710239091939068,0.5936447160029313,0.6987584550857815,0.4914988630796968,0.5679807318286002,0.4867968440122836,0.5348931064935811,0.5712610978958982,0.5953439597598015,0.5509305770178348,0.5504076468665543,0.6374233409298014,0.5403355444199524,0.5609633665384415,0.5299584484381918,0.6659767862264729,0.6485736674671366,0.604831416076058,0.6220935997430663,0.6364800718155835,0.5526750122566741,0.5599216846051129,0.536334793539479,0.5358483353114956,0.5916571232363018,0.5722127211549533,0.5488121682213459,0.5412440135632443,0.6103791487935223,0.567994798888829,0.6427866415174707,0.5099712227260336,0.5617257369572998,0.5433014696610377,0.6657654236893708,0.5968046723964748,0.5270905718203823,0.5737393913155752,0.5164389834530788,0.5158162491111882,0.4741248891094928,0.6001002693751942,0.6718901621092668,0.5747357085604702,0.5111399774626728,0.4997005097790058,0.5593408885088997,0.5517894890138806,0.5990911880610131,0.5997781400291595,0.5794243286675871,0.6289343963334454,0.6881844718976318,0.5207757079811441,0.5777248992550748,0.5940659693302984,0.5825248727856202,0.5715344102260658,0.6129679952347024,0.6070855874481392,0.5500590112930146,0.5052687051549569,0.5399450046163249,0.5007590226191375,0.5374084925777985,0.6739419320327213,0.516647891120418,0.7099870313157267,0.4816160258510527,0.6029256888616613,0.6001614779779442,0.5416613572984652,0.5162806341376643,0.5462245796199894,0.5863313168061925,0.5358389392129024,0.6434287323688639,0.5282266308026877,0.6056662021732873,0.5934486449130357,0.6383141205260708,0.6181099514294526,0.5800303001400049,0.6022926595850854,0.5740227493215164,0.5189348842010969,0.639306823536296,0.5131986732471358,0.5180955137941186,0.6176012310478425,0.5885405970022263,0.48183555104234876,0.6610320924601175,0.6079437800278124,0.6338886697301003,0.4846035247364223,0.6117268110070241,0.6216939565853268,0.5818597144213392,0.6361987976733463,0.5868989748371753,0.5768362149037534,0.523952218914354,0.5777644155693702,0.48410720812062275,0.6114600020565587
0.5441889430481017,0.6365902882257934,0.5314010810818655,0.5612197838134794,0.5646055998523585,0.6176757250987301,0.5747671697739855,0.5671602016451577,0.5098447871770678,0.6410280533022292,0.6320602180983966,0.0,0.5549350538565695,0.4806926588345258,0.6456184740022213,0.6038026457215646,0.5782029435060155,0.5342877597086931,0.6926941352725,0.5336448840266255,0.5756781446558562,0.5804630247379446,0.5569413915213871,0.6139208017631504,0.700597963562707,0.477777763603877,0.5790551420895326,0.5738768851856938,0.579347656770535,0.598492389064654,0.6731321612097162,0.59534955935673,0.572500774559661,0.5892746477993406,0.5530248106575398,0.5346695777124254,0.5708668671371319,0.5057448927734601,0.6325896817297588,0.5429288215947895,0.5309381245670979,0.5382062060507452,0.5520072737654937,0.575862181058548,0.582252525938036,0.5365379229438442,0.48417570879697297,0.5617757578605967,0.5724950478459931,0.4996045057635501,0.5573718612913151,0.49952819599316667,0.4956563249761464,0.6248021966858011,0.6195523445377973,0.49107988991449697,0.5317321265059373,0.6643935681461017,0.5032237500109136,0.5366473126164897,0.5482384773737845,0.4471295212410196,0.5027725073589114,0.4491114161411426,0.47372884030206797,0.47890337405716216,0.4961775076387459,0.4938415253939836,0.49255745862009653,0.572668808887031,0.47998968749137866,0.48681836699197634,0.45387842135655093,0.563831741378178,0.5710234423742689,0.525516374495822,0.5180680153943211,0.613663384175658,0.5034321674311233,0.4749717804834421,0.48911392472390774,0.5029112062657517,0.6040930654674962,0.49630386040581714,0.4880523719840148,0.519915558716046,0.5121322015292797,0.5006424723370072,0.5900077737040301,0.4956961607417834,0.5270371300982754,0.5565227943426159,0.6084130726694751,0.5011392595474822,0.46905064796850643,0.6088572620328547,0.4622068764032377,0.5297346233382634,0.4375936434702977,0.5405754674976929,0.5350655399444734,0.5057062220262982,0.4880828509105294,0.5679859459865466,0.49743150799940794,0.5110271262509631,0.5277192672090024,0.5980331033394198,0.5443100403736008,0.5785521276012201,0.6280826643598714,0.4711327985857902,0.4843762120106975,0.5288674909871476,0.5098675507152072,0.5461059375354865,0.5727476355905037,0.5702965216206852,0.5141973530598554,0.47485248271658603,0.4780592687052408,0.4745476666440674,0.4714950288275382,0.6104153492985822,0.45127351629470336,0.7265318883104748,0.4433796504161735,0.5804401337449552,0.5801842683783,0.4826045665072899,0.5316682688419454,0.49081155767637663,0.47084215794223194,0.48849986488656166,0.5386809521220995,0.4594958193963119,0.5914737759897751,0.540339002184152,0.5763233573227473,0.5890892861298223,0.5434490031871083,0.5234123606390427,0.5408289673582207,0.48198778747148047,0.5472314751122549,0.49546321982630176,0.5230404421921339,0.5886492573774135,0.598345159542802,0.45835404882002956,0.553626175094233,0.5814778965240346,0.5706299320455862,0.49849472883162477,0.6430880495365243,0.5330213350635011,0.49742470079103873,0.6357103612812521,0.5210084901763175,0.4908991523748979,0.48726486488441206,0.5164841240032845,0.45874740602040787,0.5308113684367697
