0,1,2,3,4,5,6,7,8,9,10,11,12,13,14,15,16,17,18,19,20,21,22,23,24,25,26,27,28,29,30,31,32,33,34,35,36,37,38,39,40,41,42,43,44,45,46,47,48,49,50,51,52,53,54,55,56,57,58,59,60,61,62,63,64,65,66,67,68,69,70,71,72,73,74,75,76,77,78,79,80,81,82,83,84,85,86,87,88,89,90,91,92,93,94,95,96,97,98,99,100,101,102,103,104,105,106,107,108,109,110,111,112,113,114,115,116,117,118,119,120,121,122,123,124,125,126,127,128,129,130,131,132,133,134,135,136,137,138,139,140,141,142,143,144,145,146,147,148,149,150,151,152,153,154,155,156,157,158,159,160,161,162,163
0.0,0.8446104855845558,0.7249285430753952,0.8019876598457744,0.8233442339281538,0.7656640648731514,0.887227773203379,0.7693069497780788,0.9045242647296303,0.6921448282529689,0.8698767926469758,0.8231745067777851,0.8467936276980472,0.8386104475329479,0.907265089979417,0.7883586389608387,0.7967355832904893,0.9629945586659276,0.8405833225602428,0.9441167771392425,0.8313010079262864,0.8807031175150046,0.8388577994630884,0.8890775978351771,0.8533329491194797,0.7817676981057917,0.7809092165961448,0.7731017271605592,0.7282512062506926,0.8401716270779618,0.8954884566996942,0.8229781757026347,0.8529137644620791,0.8153519495184307,0.910023255336291,0.7989467209875563,0.914388580318363,0.8823877699446709,0.8377832351300751,0.8744994616527344,0.8142637585077073,0.8372754210962414,0.8744173696117771,0.8696084790204532,0.8709762656575862,0.8816959480506892,0.7941663624972167,0.8395179557616707,0.9108183123163549,0.8841224571755257,0.88217484397448,0.817621577412713,0.8411405912111277,0.8242057444947697,0.8037484779803457,0.7846276013522198,0.9301402375714382,0.8044088356001411,0.8377786422591579,0.8757915756958674,0.7558361573175282,0.737368859171615,0.817055697138011,0.7576288734160557,0.8709004746988551,0.8473845849743599,0.860507475325718,0.866994950134905,0.8072541532618956,0.8479339052066321,0.917173955750431,0.8513877837627076,0.8009384904314512,0.8448465438324855,0.7819520633578596,0.8744959129705722,0.7792973156315122,0.7820467538155548,0.8640281557913327,0.6901849950364964,0.7199625825572278,0.9157933087595179,0.8523523221758322,0.7506011942125032,0.8712214588991627,0.8950890655531758,0.8282420003856684,0.8708104139881169,0.790999180651283,0.8303668219921533,0.8859364084509549,0.8717588630595373,0.8540573665175992,0.8854781404052656,0.9005591396687662,0.8290428501892283,0.7490512415990533,0.7752708697705388,0.7768024769952052,0.7968047839486521,0.8428343348089383,0.7446482454177616,0.7874359722547608,0.734382808384754,0.8694081460532705,0.8015659271782459,0.7143502450576485,0.7733332962200199,0.8569225145538338,0.8402321488146738,0.8600045220541471,0.8743933800049511,0.8129813461295825,0.7446633172079782,0.8843130304625736,0.8231807278642134,0.848234519744712,0.8365873446858368,0.7030626445341175,0.7440588318538127,0.8645572270144731,0.7125480044078093,0.8889880756937343,0.8805846711459308,0.8443460496486814,0.7898924408925669,0.7029085928169835,0.8318498388747639,0.7214164537838311,0.8716301252702714,0.750641997936945,0.7371527636423574,0.7989999181535257,0.8906757899477331,0.849431648865547,0.837390373320776,0.8920465115689983,0.8995506048633879,0.8510178332645499,0.884989610055885,0.8047524190331372,0.8230506993947214,0.9169584424917264,0.7840065075147015,0.8691410604073019,0.8968577123165897,0.878248221506868,0.7194024080268764,0.7861357630653005,0.6069248244438251,0.9187611336549996,0.8226837750710057,0.8773830884952691,0.7628435262100636,0.8090644327423658,0.9221250467986645,0.8826529752644624,0.7612005818825385,0.8663464432811995,0.7723499562462083,0.6799972142124998,0.9229121824905318,0.8761198526141026,0.9466130456538814
0.8446104855845558,0.0,0.859959505161981,0.8118932060335285,0.7637122952049287,0.8686780554861668,0.8513627849360501,0.8481909362127512,0.8111795817466024,0.881319854431309,0.8704716246026063,0.9365027254805472,0.862570787454856,0.7987883605636085,0.8526533604295892,0.8383136000216059,0.8388254753862803,0.8317459833917695,0.882436819824411,0.8881822963958098,0.8651575706447033,0.9251457674894059,0.8246860247657768,0.8850117884658041,0.936820915978419,0.7144541153330636,0.7952940953135178,0.7869474508339203,0.8851898397945159,0.8135276754259445,0.8694271887466593,0.8657699707066709,0.887897668446126,0.8340082577267334,0.8159915192199254,0.8471633313629421,0.8578463841907544,0.838184884552736,0.8512225179199033,0.8579698593311907,0.8605444312488639,0.8619949210558829,0.7950736796579507,0.8254598739188479,0.911720633889268,0.8415972123431239,0.7987982173511882,0.8319948498571912,0.8554973539625735,0.8079936950922819,0.8054817572860125,0.7847720924684085,0.7988638321983447,0.892998624545568,0.8486927806331122,0.8355041319694295,0.8205485663790444,0.8501189523452053,0.8220244153287338,0.8525997308900497,0.816288867137862,0.6944660411529957,0.7595644018692167,0.7705119449736098,0.735766297644944,0.753969352743586,0.811782888500451,0.7987297620305377,0.7897948830543562,0.829101543391731,0.7969084062602491,0.7493029088741172,0.706307792029536,0.8453567084550518,0.8570030796264853,0.7806364565866546,0.7612541549910846,0.8037985800382906,0.7898685441598824,0.6532057770436663,0.7805866015041901,0.7954104609169963,0.8755625072381823,0.7987387771134669,0.763758039302447,0.9238032566376322,0.7763137189363614,0.7403667383069441,0.8072501748750546,0.8412849277500025,0.775652429465878,0.8560219868430959,0.8463141334638238,0.7781127542200807,0.7773216921889056,0.9217983121347899,0.7653414327482756,0.904519058008618,0.6850709687108959,0.8022565134381203,0.7916691266695013,0.7525161694037245,0.6988333400281987,0.8783187029970915,0.7700970836828812,0.8049979202547584,0.7806747801915084,0.9018067472736019,0.8727942714963755,0.9217824899765285,0.8599871551653712,0.7358867267561203,0.7680570164599705,0.7687900635253841,0.7791097500132323,0.8154749010413038,0.8719571430398252,0.8544051940567264,0.802747236780296,0.7184360770693132,0.7501867419143223,0.6746494436360942,0.8271911181453485,0.8456639210979016,0.7156385633661699,0.906011828324834,0.6857589631248435,0.868838980450814,0.8959663339204522,0.8088816022035843,0.8369792217218217,0.7754464880878499,0.7001522380725645,0.7817188189604057,0.8645694172062733,0.7437657184260077,0.894942235468333,0.8101898528453104,0.9118796883469354,0.8463335579968857,0.8130599835825002,0.865353112820652,0.8775039561421522,0.8032070151806422,0.8714516124143545,0.7983337383979493,0.8581679229660589,0.8231226505247929,0.9462265589163098,0.7236346154436415,0.7773373376466004,0.8599818705406269,0.8576326502797292,0.8773261360145775,0.9249976676995222,0.8600808668808562,0.8397593079209401,0.8179986890778297,0.7743822255384982,0.6848837705467439,0.7932602795745027,0.8051818740284191,0.9434544283226362,0.7979465176029169
0.7249285430753952,0.859959505161981,0.0,0.7544399001119743,0.7934930451265854,0.9159249293018026,0.7572402340654505,0.8110812153545862,0.6703382067434229,0.8651867729865164,0.8650565488215366,0.8742888629203321,0.8621648776955644,0.6820757618172332,0.7429031674969375,0.923683979435057,0.888396759863237,0.7310538090083875,0.7732424260302547,0.731732081889706,0.9081421588417729,0.8990380670593541,0.706665455234577,0.8145986094322284,0.8368056441877548,0.7808751506547309,0.6987222105869086,0.706789738581748,0.859143904601975,0.7905304139231625,0.7107457644321584,0.8498057388173283,0.7991670170901602,0.7113912512086205,0.6555766211539898,0.7728469447718382,0.8137498143467713,0.7743306878946098,0.7749031534816943,0.8009890087149404,0.8018390608262095,0.8501268447855673,0.7912466817721958,0.7814484339582888,0.7982253809691189,0.7812852195096679,0.824103379317624,0.844645116555607,0.7414614095876266,0.7488494878179665,0.7894540531746859,0.8159721462552815,0.6886891713543378,0.8570290576722166,0.80263986448382,0.7654350731522934,0.7413282635426347,0.9129909856216553,0.7090734995624756,0.7396034315288521,0.796954039898387,0.7086856156638357,0.8282270141073874,0.676269683877555,0.6435242076744998,0.7148765612584337,0.7184575622756211,0.8302203173180223,0.7980115768414047,0.7995607362618382,0.7699776511708021,0.6156393530191228,0.6551404863903918,0.8683445649157487,0.8591089475943353,0.6354077298224352,0.8086210410671927,0.8570095736453645,0.7295103236920257,0.6941483227855038,0.8835950211514565,0.6928883096718377,0.8576832223567187,0.8001428195956417,0.7193810410102898,0.8196097305768589,0.7430397674286172,0.6471209565018669,0.7032867374719483,0.7211392689138185,0.7827308663765102,0.6844165746526326,0.7963083601623793,0.6631706064520025,0.6972571526592116,0.8521860859208256,0.7046367504373542,0.7912057540511892,0.5861746126251011,0.7074070905070534,0.6504025504174051,0.7903949623928883,0.6359438125496674,0.7975856852737229,0.6782441399210895,0.8613546666319353,0.8464388568049832,0.8552542898057593,0.8275952386323178,0.8817322824588649,0.8090011315049442,0.6684350969746394,0.7452447007772628,0.7249682415947805,0.70719322064651,0.7981658648351043,0.7284955753827033,0.7873938982157517,0.8962006656456413,0.6445037935323066,0.7133066292251791,0.6900757340355422,0.7324319181159654,0.8124609163435397,0.588091416955936,0.8763105493075749,0.6903474145888907,0.8538323006952013,0.8823067431401955,0.7352849557610607,0.7653524579653905,0.9220189731083693,0.6263479273795144,0.6559962936702816,0.7683035143638846,0.6719986567490961,0.8009357909372297,0.6978039372643785,0.7956519042233238,0.7486210898190683,0.7062627225452993,0.8441497512230508,0.7271312958411363,0.749202812294581,0.8268323226507946,0.7107681648431795,0.8088909923926606,0.8853010226052526,0.8761107610138884,0.7443869229688288,0.6460288280744726,0.7298021475551452,0.7718597738538686,0.895276596973295,0.9034477869853573,0.7573505341840441,0.7544448489991002,0.8749522528601622,0.6249107046663124,0.6762890220776689,0.8282395599741639,0.6427129996368837,0.8249678538580296,0.7297153499930604
0.8019876598457744,0.8118932060335285,0.7544399001119743,0.0,0.7145828230466603,0.8033797538342007,0.8330521246458292,0.8108308286871961,0.706711491669433,0.7352206361657389,0.8499105324220224,0.824766490897026,0.829403425337376,0.7594257476259673,0.7904488954756671,0.7819563867218722,0.8247527782617531,0.8064394621869081,0.8566080477499175,0.7713557656360476,0.8257484042021982,0.8042150495431207,0.8094593472303832,0.8040811627277296,0.8198634354513306,0.7691589912646221,0.7837904767050932,0.8397745330866501,0.748388730053675,0.7297142162736965,0.7670483167181035,0.8171734040760722,0.913414721505628,0.8501729624229162,0.7534204134987025,0.7953696691819275,0.8091933904537478,0.7760360642445274,0.7830140113895723,0.8640090272037633,0.8130853236417643,0.7605096884482221,0.7733211965596775,0.7897224904157839,0.8455484279910005,0.8288965635255423,0.6866558833280666,0.7716802318824796,0.8200131580958561,0.7755436222046632,0.8643342397956519,0.8148118601821784,0.7776976350236209,0.891618816087023,0.8329735333209393,0.692482698310022,0.8277129803884589,0.8260522587247884,0.7890033462825351,0.8374202343252961,0.8529218006118444,0.7030829727380769,0.8189340623527025,0.671336925388228,0.7177738389866085,0.8041606956100761,0.8401169635977497,0.7376616204501245,0.7569297108199743,0.8315142573227365,0.764852195621717,0.7000280019493681,0.7808352561451409,0.8902295756233072,0.828817059725049,0.7433687397062879,0.8286691806623825,0.7494412692088444,0.816220026044425,0.6518992313967246,0.7217389575281238,0.794518456103195,0.7451381667181058,0.777223970138931,0.8527551291421192,0.7975694374808294,0.7996331255034725,0.7682755554027755,0.7968014353171525,0.7153596467423766,0.8106041180026273,0.7880020068756821,0.8007929139627856,0.7979984880408314,0.8244976917992495,0.7744191448149979,0.7412365035450239,0.7857858574457257,0.6443371371185712,0.8583770790653901,0.7328711934391087,0.7963845532591916,0.8189741875526338,0.7528377210498804,0.7991856921149088,0.7631516062205291,0.8123980938497156,0.7795825473023662,0.8167140720517656,0.7808771091699407,0.8820304296763171,0.7561209988336827,0.8299272270650285,0.7677611655863285,0.8383530398255333,0.798293937470969,0.8215667274799074,0.7526407077362408,0.813829803726633,0.7251787586782541,0.7042301904382148,0.7899096876911098,0.766110975273628,0.816474740044651,0.6536381522039272,0.8114679625505273,0.7433346301355239,0.7865003950057085,0.8074698676675703,0.7378736944142967,0.6784950671551564,0.7430827479861668,0.7468535785700064,0.7685294428833205,0.7677604642875948,0.6633437178657673,0.7255026638549262,0.7664721222309085,0.8112601637796195,0.7823130315648551,0.8258293270840691,0.7538442727836993,0.8582439658595586,0.7672849769911031,0.77675392241129,0.770134675052243,0.7417860946954117,0.7498211699180907,0.7452153565091195,0.625237092298323,0.806013436211424,0.7872230489396127,0.8222231411897593,0.7234090901543243,0.8478772375889727,0.7921998154200729,0.8188068235117096,0.7756809214770519,0.815988848053287,0.7870427847593409,0.7224418676459782,0.7485410303115932,0.7753470052921209,0.7866202903058911
0.8233442339281538,0.7637122952049287,0.7934930451265854,0.7145828230466603,0.0,0.7425630815324231,0.8568312744123124,0.6574172339748598,0.7306193271736212,0.6556852251244927,0.8523539780399174,0.815331474547099,0.7506291402172327,0.6917923707443702,0.8600739600222982,0.8286019717555444,0.8071147301435048,0.812442512779266,0.7547415562721318,0.7639679988830526,0.8903706906514665,0.8743960157407971,0.748434123828474,0.8900216212975991,0.7438196057321963,0.8578449833278835,0.6577308618831721,0.6315234032134897,0.7511777175960945,0.8481751204667406,0.7645835248656303,0.7575064943364027,0.8053847414510703,0.6843684544961962,0.7568026479836194,0.7773772940658398,0.8266396599626699,0.8204904480744218,0.8379503582506668,0.8394894945848552,0.8666298641500499,0.7951099603408022,0.8929570197780624,0.9056512861771155,0.7298700132532376,0.7996610841184556,0.8970571713283476,0.8784976722227075,0.8161777480290842,0.8599155167481789,0.8771514424994024,0.8633692839658124,0.7509228474268417,0.8094995218724508,0.7843197694954814,0.7010336955715222,0.8441436588880031,0.8510153411662121,0.7111173401508802,0.7732206702650201,0.6358757273866984,0.735012960321906,0.8434036649712958,0.7071825270890361,0.7852247416735674,0.7158705414443437,0.6799021441450092,0.8780634721751723,0.743650134643193,0.7160966023517559,0.8857094395447473,0.729374565269107,0.6419462256559197,0.8042629063652816,0.6984053997975243,0.6871240797421599,0.7694897867816265,0.9138576943572665,0.7777294574536546,0.7426129741159774,0.7686546074219659,0.7949468571559964,0.8737540009650151,0.6625098854908337,0.7828698181388418,0.7913722082243994,0.6718850132053015,0.7271758083420136,0.6309935688434937,0.7069649483452608,0.9368200159572564,0.7399049266116289,0.8801815018294246,0.7363967435014401,0.7893627784977425,0.7988589652471914,0.6565868936438816,0.680628736227028,0.7150572938712203,0.6421613550059821,0.7210936325580725,0.695323602737483,0.7041865885640547,0.7066156653043661,0.7297787703326843,0.8279730036065404,0.7070375512388671,0.6957084699623699,0.8675471808398324,0.8153304787385673,0.833472013715612,0.8374950134313329,0.6669239386274127,0.6285337413296059,0.788581336640315,0.7844562242633958,0.6910112635236709,0.8088752832285123,0.7353505009824084,0.6266527620073609,0.939653050614679,0.6557214793065543,0.7621605342299034,0.8839074534390622,0.7120634139141306,0.7900456150184072,0.655960585616908,0.8363321736079821,0.7093352492223535,0.8296114219532985,0.6546769365716082,0.801113874775513,0.6246222853901892,0.7664595304035182,0.7662255929090216,0.8326582990586237,0.8554678249341868,0.8601296863277397,0.7528909761138285,0.8350415179796445,0.6837378849879334,0.8060317368173825,0.7640886848900289,0.7386847125156067,0.8721624670695416,0.791815542726617,0.9009232676803735,0.7631657936974426,0.7362739416498001,0.6279224278273019,0.7375735104682488,0.744552727064274,0.8130781476809805,0.8070222027625674,0.801917809827352,0.7634636326985159,0.7502922681747362,0.7924830156944829,0.7114033286640612,0.720381002260468,0.6666425211088256,0.7389027071236,0.7922374595143824,0.9013454183436909
0.7656640648731514,0.8686780554861668,0.9159249293018026,0.8033797538342007,0.7425630815324231,0.0,0.7670062602053901,0.8489033679649409,0.6940077612709669,0.8411098093951682,0.8601884704286532,0.8860066511907015,0.9164284995233505,0.692956185754375,0.7215305121210116,0.9222184848839494,0.9042514752953204,0.7289345732231272,0.8095941878483293,0.7485571334158625,0.8898406845184148,0.8412703493685731,0.7287707961064083,0.8118251870316232,0.8670801891752182,0.7870789963847106,0.7103891752396613,0.7789560000165273,0.8154353299444529,0.8123968028153109,0.7274194106641124,0.891070858503612,0.8147050645124779,0.8015309670655412,0.6669103322899221,0.7401336312329054,0.8533771818439224,0.7590125678532137,0.7541634713119652,0.8052782013539376,0.768983280529125,0.8750153015477653,0.759697928551918,0.7788912459539962,0.8223823318040997,0.8161471703648882,0.8008483696007664,0.8245130539369644,0.7524163174273613,0.7185486974704465,0.8008696834243332,0.8568808088381417,0.6987499400206723,0.846746304421007,0.7866391284688942,0.8404041601254508,0.7693453963453079,0.9180946256628362,0.6848291534810707,0.7649184702729246,0.8577564869028655,0.7331200983123574,0.837385415135081,0.6329429992658719,0.6340250906041635,0.7624629312836457,0.769909437186407,0.8226992495849701,0.7339164145112321,0.8283161356808761,0.7724441152401044,0.6150957785379575,0.7008838680237309,0.8831094813893317,0.894740720605977,0.7091696875303433,0.8302137308936699,0.8400755341105832,0.7675997770694188,0.7718944891904768,0.9171975574898369,0.7044982637023761,0.8699084618770444,0.85438481198248,0.7718753363689136,0.8424372559810684,0.8148795423288687,0.651193199062794,0.7933975411932068,0.779679231141708,0.772649269210351,0.7168773245874891,0.7680914917755178,0.7283124642143547,0.7041844453272552,0.8504427434026911,0.711164872067432,0.8508121019685474,0.5903538512024961,0.792851832867974,0.6691095856516557,0.7916862335807231,0.6516309154918413,0.7667344874041592,0.6985023928635677,0.8839042532005017,0.858267793558385,0.8987259587880466,0.8123841403517029,0.9032977546127903,0.8441114244624144,0.6596893609307264,0.8438336300455972,0.7618959617883156,0.7545689011858202,0.8643866848892915,0.8270148475595454,0.7474732472762265,0.8945274480366296,0.705829920435779,0.6872634425634345,0.7274198388020622,0.8079136494274946,0.8553830274541345,0.6038375311798333,0.8742599912776426,0.7271328353307219,0.8588285262308374,0.8750102233564849,0.6920463962241842,0.8093007186185021,0.9116102479375436,0.7039180013689685,0.6926782459747864,0.7469668638892761,0.6452151557397108,0.821376244730104,0.6816303085080033,0.7486224221732107,0.7421540347514883,0.7229015095868181,0.842964455789714,0.7645841651228497,0.7056560473057631,0.8136344715166336,0.7259320179817161,0.7904353274436929,0.8903244600478646,0.8425662300343674,0.7429894359405192,0.6881805188696718,0.7479642654464163,0.7489863179736168,0.825619599676717,0.9223296159796199,0.7839359595936323,0.8131754643656114,0.9289532441221562,0.6544200422463761,0.7462910805237328,0.8082778896896595,0.7047582459431598,0.8292702066891755,0.7498158149494693
0.887227773203379,0.8513627849360501,0.7572402340654505,0.8330521246458292,0.8568312744123124,0.7670062602053901,0.0,0.7290181990518436,0.7671839203645702,0.754387065960462,0.8672902876403304,0.8857668908518441,0.8274505722046721,0.7602153208423411,0.8999981514328432,0.8150747401587775,0.8206046110934252,0.8793241824491058,0.855987559059788,0.82944019942691,0.8570160055960968,0.8569936764731613,0.9335682731627107,0.9280012410565754,0.87474761711403,0.8025008194797733,0.7859423136950383,0.7672380649595985,0.7878616609687954,0.8573152922188085,0.8477633540519461,0.8523162031015182,0.8711119230570687,0.8735417031207819,0.816120275821349,0.7907067071682092,0.8935001237868336,0.7853199382972029,0.8466347935431864,0.9359190774055437,0.8307059665674503,0.82047624174488,0.8647528794929685,0.8760662761465364,0.8486247931445817,0.8928533215074894,0.837589326775784,0.842072120238245,0.9632712345082347,0.8300910328228724,0.9077414851496106,0.8084176202796219,0.7816533964877754,0.8511133840607695,0.8480732704176498,0.7610534837017332,0.8776737815442001,0.8232948819470539,0.8374840999932359,0.8638976343540682,0.7162994385179214,0.70113114360359,0.7678466392379932,0.7119507909141184,0.7875095196027087,0.7728385437525419,0.8146558318186444,0.8502054920846355,0.7543604236879042,0.7753504941802257,0.8372010511174188,0.7781682157261192,0.6952245846211119,0.8708959665039421,0.7257350447177054,0.8460867445411463,0.8325207367137325,0.8798747129446777,0.7955637858261309,0.7140264999065357,0.7170347071990969,0.8189956485898333,0.8728784311616755,0.6743233085855348,0.815221570730962,0.8118367724958101,0.732850146176517,0.8281736086384236,0.788490722345789,0.7765517757308024,0.8763562867096752,0.8574997188055989,0.888346040482177,0.8306070715239933,0.8153029185832797,0.8450541649042562,0.6623779484878293,0.7794821035847762,0.7010072962870281,0.8026134426894286,0.7948403714056758,0.7526690504288931,0.7973986960624795,0.7755549976623544,0.7574788193362596,0.8158559038884932,0.7460130729891057,0.786125819969002,0.9264907483303573,0.8753268305935035,0.9291406150995726,0.8054755615713707,0.7444423898111814,0.694499002378201,0.8169116370802381,0.8138258803165889,0.8388209694369998,0.8760067200868716,0.7464283055438418,0.6677853327189075,0.8277475776851454,0.6675263870117247,0.7992285085929083,0.9284021818445095,0.7156813320489576,0.8498664065284822,0.6818336254498094,0.8573661474249307,0.7609510509669705,0.8237347173416885,0.7046847397854619,0.7155998236018533,0.700084143331823,0.7592542005580073,0.7914320975947843,0.768003568828524,0.8808406040892798,0.882848553588392,0.844017716600777,0.8802655972116433,0.7687441924997227,0.8045090245660345,0.8929902556155778,0.7309271703508212,0.8664428580401312,0.885112073850193,0.8332555420461504,0.796275957658342,0.7988167282905289,0.5937965205801868,0.8210942252677803,0.8233872131740158,0.8422681616366672,0.8384176235393062,0.8645220665102364,0.8410874159540236,0.8665972123925226,0.8204837889127624,0.8263429455241204,0.8075912445132684,0.7197266092149445,0.8157444944720699,0.8460561548350191,0.8733173954839044
0.7693069497780788,0.8481909362127512,0.8110812153545862,0.8108308286871961,0.6574172339748598,0.8489033679649409,0.7290181990518436,0.0,0.7867392643103643,0.8204985133691746,0.7962690450791847,0.8518005630350205,0.8674584867783109,0.7159253711408559,0.755785458568888,0.808804432265879,0.7721488251411471,0.7649567895757359,0.8009672522479367,0.7876119838394721,0.7726129540325976,0.8158355749215573,0.7448176336221134,0.7472406433302331,0.8644329779746835,0.7017353316448065,0.8209601691109221,0.7854683863366451,0.7382924309782962,0.7724408532816235,0.8076703121975054,0.8306910786858559,0.8227594373168782,0.7989659273535521,0.6993338339077428,0.7608475732209881,0.8274375818088772,0.7850438507152324,0.7655590886187507,0.7496309713535152,0.7303903879099757,0.7890965492074542,0.7541375170609865,0.702188637375682,0.9183808180626484,0.8231597842411088,0.6975723684018871,0.7364804663742501,0.7429936070232862,0.7239908624777134,0.7515806052487921,0.7164074977065125,0.6831715332771708,0.8012545536799863,0.7738944410885111,0.7816934086490356,0.7442457510246235,0.8471113328616107,0.7086159335952465,0.7893508026571536,0.8961771745149381,0.7007477666468966,0.7564564572561927,0.6571163564202502,0.6465183192584734,0.7527964411611378,0.81873500252667,0.7605099589913679,0.7843749329183668,0.9390399171291657,0.7490803266206035,0.6485158713259495,0.6915288983791826,0.8297216634339102,0.8787753785442004,0.7087728226785043,0.7813827278411571,0.7108563129495932,0.8185419433466341,0.5946377580183004,0.7101779706732286,0.755382803883772,0.7971047619476254,0.8420413735657695,0.7222196063656513,0.877851993915274,0.892250257770125,0.7212274016900251,0.8599103726734938,0.8275200685416272,0.721950195231117,0.7639478103120037,0.7304344378155107,0.6985367429025219,0.6904533346408809,0.8338770413388082,0.7742660228229516,0.8309749095519626,0.5935058780187005,0.8176928288025521,0.6967148272124113,0.8643809577152798,0.6941689833484667,0.7959931112487014,0.7562871216406535,0.8024862206464237,0.8039605382775213,0.8430132976121876,0.7638994644359179,0.78588870796998,0.7597138612546768,0.6658930822603918,0.7757530687900452,0.8446091301491916,0.7427896972472839,0.7803480721301229,0.7678996347298035,0.7505766770788336,0.7232761435244125,0.7271323306374455,0.6402586685194056,0.8380463893589092,0.7010905603257473,0.7637083024136706,0.6061307427020056,0.8256638832120774,0.6903019217098497,0.8584156717326007,0.7972034482460848,0.7251024536962519,0.8324505733297822,0.775640594565979,0.7578393596685334,0.7039364436738393,0.7715398884055075,0.6190213250040861,0.77720961233101,0.6912554917586389,0.8272999270324192,0.7961808514688842,0.7698878276855315,0.7621656943369929,0.7864948345803483,0.7414950922063344,0.7557625829000365,0.7468029729206647,0.7764341327320646,0.7858763155195063,0.8364847384197485,0.6642191359206789,0.7509392448108614,0.7203601849958778,0.7672977964288721,0.7918988247812786,0.8649406143249698,0.8550255399397135,0.7840895309650711,0.7966295012722939,0.6740202985871775,0.6700552556521274,0.7130015269845752,0.6848695018839147,0.8638377753385597,0.7035270737386239
0.9045242647296303,0.8111795817466024,0.6703382067434229,0.706711491669433,0.7306193271736212,0.6940077612709669,0.7671839203645702,0.7867392643103643,0.0,0.6634908713144537,0.7458428697664635,0.7706173070955813,0.7419259242618093,0.7755358023225001,0.8457626735032803,0.6877090902776063,0.6812485661842825,0.8744969269445202,0.7577005191071313,0.8938379017242964,0.7195463972149407,0.8204831270509565,0.762281826381526,0.7788408882065233,0.7939772183304813,0.6648055448184351,0.775404376291389,0.6928544195755086,0.6561905399389057,0.7932807328642562,0.8896318865666741,0.71112883156342,0.778275546309949,0.7235161788450422,0.8680080313263046,0.7504739969306448,0.8015007490520274,0.8316152952958541,0.7651783030324552,0.738204357417173,0.7431278690688258,0.8050128853505999,0.7640726151041034,0.7457996623420545,0.8324211233516875,0.7760521613893808,0.7314536990850499,0.7151361962868593,0.7826162566111838,0.7974550017469102,0.7333382559647672,0.7037464687268687,0.7485393815978686,0.7199520263428466,0.6963283466626283,0.7950878670366716,0.7933600337701059,0.7377938980088288,0.7414179380819012,0.7837190857071985,0.6834835030625754,0.6642932960412525,0.6991217026238691,0.7407726866130109,0.7876593252303116,0.7119426134155099,0.7706037422312374,0.7704918239184326,0.7617232310794547,0.8233136288660662,0.822566741093986,0.7858726480762804,0.7181776591913853,0.7167327100141749,0.7297435935802593,0.7563194029677007,0.6500105521362092,0.6744692567787741,0.7883805970580421,0.5660105206483761,0.6194413311347126,0.891512721240758,0.7957393754967201,0.6933630152095663,0.7350569601688228,0.9034416286905432,0.7790724776566118,0.7872505438492078,0.7401736999671535,0.8723204043337872,0.7781833425231632,0.8702248482891826,0.7370213141607428,0.7381136717447043,0.7860923242128586,0.7976389454698998,0.7250017520631089,0.7805237236399777,0.7534179856421794,0.7199381365839287,0.7616042928133704,0.6714955522061964,0.7176214309983324,0.7389143423420441,0.8126448679989242,0.7183382578573352,0.618728512136836,0.7476855132030864,0.7412205373158393,0.7444040997737877,0.7194326793194465,0.7924885105368646,0.6989088596862836,0.7305568041428009,0.7572603738389603,0.7540034154349916,0.7463058129334418,0.7488823694367626,0.6023849970380022,0.7552245709235593,0.7628563350915263,0.6972179827395711,0.77318990475324,0.7460305913142748,0.8038636433272642,0.7047328836411431,0.6427191676700352,0.7742796004963849,0.6550540271376206,0.8009097151655281,0.8151067857368086,0.6599302704069432,0.7173900965317559,0.8634251517182328,0.7919751000260394,0.7513383952002044,0.8299822122389785,0.8159149243544561,0.8124362357188412,0.8285975536723468,0.74184190886148,0.7309190612324366,0.8504318300852804,0.7576541604712309,0.7605285083439483,0.8496270269869872,0.8666745556810215,0.6348141814141884,0.7662348634358851,0.5920404428061493,0.8460419691737877,0.7326171870534461,0.806461383006057,0.734684519387135,0.7497176230194111,0.8719285826868323,0.7574201331194557,0.6827627589476196,0.7686729634003603,0.6213708499630223,0.6002293179102953,0.8386760340039374,0.8824323176855009,0.832642856211968
0.6921448282529689,0.881319854431309,0.8651867729865164,0.7352206361657389,0.6556852251244927,0.8411098093951682,0.754387065960462,0.8204985133691746,0.6634908713144537,0.0,0.7927352232536119,0.8613554746555244,0.8260183192481907,0.6950655444533682,0.7009677631657085,0.8203504432153117,0.7933712933478707,0.7095125396086687,0.7850811323545187,0.7251324464015212,0.7591739762693493,0.8003366396943135,0.775150081408884,0.7369198470378148,0.9132224156429388,0.6388361192201301,0.779893708920078,0.7721654235342341,0.891418083970535,0.7508471653234886,0.7291531958968295,0.8558161498829128,0.752047610561225,0.7735811084720862,0.6589586731818461,0.7316638669111153,0.7751063826423565,0.7079812164680774,0.7202410022973552,0.7472588374446323,0.7048412596235506,0.7874178929346333,0.7025512914179038,0.6936466703141345,0.8130721047365939,0.7326545089164156,0.7136773430336574,0.7449714061615468,0.7682247413547403,0.6615294373836137,0.6964868375706739,0.6611043337080328,0.6473970840485508,0.7808706639549341,0.7946728441380787,0.7609797992307521,0.6719068875817111,0.7998375208972657,0.747107874557223,0.7170204210619261,0.789915274674423,0.6189132333881313,0.6679402060837438,0.6720148003952078,0.5887439811140657,0.6506988438186186,0.7192537692207852,0.7186375959736204,0.7736437817413983,0.7926850238053048,0.65031050496339,0.6217606555585871,0.6258911096234262,0.7821697240225307,0.8131910465195246,0.6970764512725647,0.7401441298714502,0.7523549866002179,0.6589975967291098,0.6157465261296972,0.7453083141632335,0.628028958524228,0.782320260679164,0.7597385464687274,0.6435789919919793,0.7597184245198433,0.7305694287225696,0.6606708276448635,0.7940204290903788,0.7090569367018942,0.6663150059816199,0.7094426889247875,0.7453926679905414,0.6430963950775376,0.6318457657010903,0.8514549650321163,0.6455229251792518,0.8331331736073443,0.5611931494126643,0.7401888976293916,0.6722638113080831,0.758558151616824,0.6314264675243263,0.8690344121752395,0.6410163048268884,0.7333174720384985,0.7644256455636232,0.9106354125580323,0.7630592982973974,0.8318173755945821,0.7631363588095521,0.5944325803281889,0.7093274076575279,0.7749053804478739,0.6439015621584685,0.7169687737280928,0.7965030164037191,0.8094465952261322,0.8059161893187312,0.6515185806832381,0.6041724009464478,0.6407605333653499,0.6790039946071091,0.7378639824977008,0.5728903671736265,0.8746243399095687,0.6214171120670865,0.7756834833940521,0.8876874192591597,0.681250371230056,0.8106826312873063,0.7283234846321982,0.6387459902198044,0.5988377466755805,0.7276314082854888,0.6030616764200732,0.7706500621694307,0.6549111542620792,0.8243074445443439,0.7269662192531419,0.7423611263278473,0.793721157489656,0.7188520502161209,0.6974368644064908,0.7581599588998722,0.6975984857893297,0.693936900762287,0.8370077656216258,0.936496982891999,0.7130723708170994,0.6361845284082336,0.7769893385257335,0.7193577867126337,0.8413334091970402,0.8728398014594098,0.7362635919494688,0.7515466199300912,0.7911737692634869,0.6493059434400559,0.6566467232394224,0.8405470034259451,0.6598181479725275,0.81787583563113,0.6408172861545156
0.8698767926469758,0.8704716246026063,0.8650565488215366,0.8499105324220224,0.8523539780399174,0.8601884704286532,0.8672902876403304,0.7962690450791847,0.7458428697664635,0.7927352232536119,0.0,0.9053850009185535,0.8968259596790848,0.7842105019661488,0.8506860527919438,0.9302050769372888,0.9126132797856198,0.8663104255924187,0.894648551351933,0.8614120205163941,0.9253663484817737,0.9315686215924862,0.8208390714119848,0.896206284301515,0.8939722207627187,0.8169174394272231,0.776465287095905,0.812443243062015,0.8783231616000984,0.8486614809258799,0.820115778881123,0.9080158893850071,0.868403156651285,0.8130940921084426,0.7986814118015816,0.8370896702134176,0.9192156413402525,0.8919019104947816,0.8952977660688278,0.8881565988826925,0.8527678124692014,0.826822307016951,0.8960784920034246,0.8980989279600519,0.8516698495829736,0.8425636835392416,0.7725616419994202,0.9384222143790569,0.9013810242502988,0.8538917846901471,0.9078638828411704,0.8297731327926147,0.7893655627523115,0.9235379110099492,0.924868353680134,0.7169873543962908,0.8994427623506956,0.9221310701272932,0.8105899394386704,0.8503452443567082,0.8415792161889015,0.7298454483939624,0.8777291164455381,0.7417636866165205,0.7604610138017982,0.8096383840937085,0.8078613888585151,0.8450479704591418,0.8412290402315671,0.8718997903214302,0.8454429509547022,0.7574833654472247,0.7487568506971796,0.9197006927065315,0.8719675112411985,0.7764937505996039,0.8887796731070585,0.8737238305448125,0.823796778603763,0.7508628502732505,0.8162549979595065,0.7861624395399932,0.8599470803876227,0.823385816998203,0.8514544825013275,0.8419199014687325,0.836080859485844,0.7831459141788483,0.7620024511752463,0.7323000314784459,0.8810561473456646,0.7566613535560298,0.9281533799894369,0.8266166645710697,0.8284524224209284,0.8636504042375992,0.7472661442421493,0.7497433649598081,0.6812045490669283,0.7495636400978987,0.8116544240348631,0.842292236143004,0.7306859896557909,0.7793392772671612,0.7987681903108117,0.8236051549325626,0.8278338039486981,0.8211283079872097,0.8646295116881002,0.8917026233869767,0.9275034748883,0.8040195085238196,0.8048655510611175,0.8055298110247998,0.8366817550423546,0.8122845553402152,0.8212061419331633,0.9076742847398134,0.8469677891225115,0.6856295429542372,0.8327833945624201,0.728258164767965,0.8282208154459021,0.9021057209456492,0.7229689256866131,0.9153268169482462,0.6852631256138109,0.872261711802063,0.8541152585387357,0.8255898024564152,0.7177573934557993,0.8538205402443831,0.7843002886731197,0.7895417173640853,0.8680431105995386,0.7801037928653219,0.8646857859666213,0.8246367508005822,0.8755913747498573,0.8787754353317092,0.8078602812187817,0.9041539735257953,0.8221738673108597,0.8094915638635792,0.9319272868970361,0.7748640401325,0.8343631399689285,0.8293729455142177,0.8535266250905934,0.7043667081008871,0.8204226351459666,0.8565411685367614,0.901653114416128,0.7925795299923544,0.8939456280193593,0.8583901928193247,0.8972639933712164,0.8289153514046655,0.7939525487757002,0.8140754873448494,0.744297978736535,0.8042227853518633,0.8350165224908982,0.8870372016206235
0.8231745067777851,0.9365027254805472,0.8742888629203321,0.824766490897026,0.815331474547099,0.8860066511907015,0.8857668908518441,0.8518005630350205,0.7706173070955813,0.8613554746555244,0.9053850009185535,0.0,0.854693806180585,0.711757452097953,0.8613598369620453,0.8901583470646982,0.8554607120394485,0.8008455294998393,0.9225470489937523,0.8338480097953263,0.9078628819751442,0.912195570665237,0.8471236396993682,0.90233859433331,0.9393964268258496,0.7546303825902476,0.7746108616334755,0.7755965576523141,0.8731230836144898,0.8774236460476603,0.8681981550957302,0.8974783877386014,0.8833375600813035,0.8593609138794016,0.7632477998537432,0.8287320252653287,0.8851832152396197,0.8148964945020527,0.9004626274762365,0.8472194825873508,0.8543841312467646,0.8512226800605578,0.8499684705872278,0.8547785059018447,0.887779463306492,0.8582917249922205,0.8125360158105868,0.8687091682016598,0.8744570865767476,0.8025873680561194,0.8573983298904531,0.7990060036959005,0.7489671913684028,0.9082739151036336,0.8865511807786409,0.7912009869159667,0.8372150154426381,0.9277726006503332,0.7663142340620884,0.8385526094249474,0.8080592719877373,0.6974796003082468,0.7926912307034868,0.7063274493012819,0.7171253532190278,0.7469148278034565,0.7725610546928922,0.8196121244709385,0.7586089494513293,0.8468394435551042,0.8028775022923876,0.7021854031193909,0.6566885483663418,0.8734225346099053,0.8330557643521075,0.7644096946903401,0.8317768763385835,0.8687190047403138,0.8057162240024854,0.6932349339309067,0.7837500378998273,0.7849285246151616,0.9079481220718288,0.7568011877400569,0.7710150729020916,0.8725938947015567,0.7944677434089142,0.7381887473637685,0.7995503296655594,0.8078098026488703,0.8142568394341655,0.8268767674785119,0.8811195913700103,0.7716297811147456,0.7348976433807533,0.9248507682066163,0.7364102311155298,0.8487678833853672,0.6442813566442177,0.7670738481884252,0.7635704534466912,0.8262217714793091,0.7178163066033527,0.8705851809979476,0.742615535362361,0.8344279543841393,0.8181655776096557,0.8644383100759142,0.8738138958870107,0.9218235333875008,0.9171029655893547,0.7362780599595208,0.7355126295155757,0.7624097004175062,0.7655785122806189,0.8104744662481744,0.836470480998993,0.8913182797640602,0.8036984558074353,0.6619341897067905,0.7627104273601574,0.7122457994888605,0.7710862561999285,0.9017211840342744,0.6639764831015689,0.9455393515675552,0.6631329078859153,0.9172649936634675,0.8701285020677639,0.7759238817795456,0.7852184223305633,0.8094270403410614,0.6948527858223009,0.7467892879188239,0.8437449619076252,0.7215277714205802,0.9029909470226448,0.7915653058947276,0.8615501097709357,0.9001280517879864,0.7771693251695132,0.8526394514781955,0.8423697921877703,0.7737753679875283,0.88654004716558,0.7912776387038744,0.8705364822520273,0.8678145963203339,0.912427155115873,0.691524635327509,0.7843804141964577,0.8397093098388946,0.8570748478295286,0.8704007049359935,0.9731687402532653,0.85387935357215,0.8452488875425612,0.8713093685495856,0.7316582144968736,0.7308963393843143,0.735078912398325,0.760376841291322,0.9135537898420779,0.8111799360734867
