0,1,2,3,4,5,6,7,8,9,10,11,12,13,14,15,16,17,18,19,20,21,22,23,24,25,26,27,28,29,30,31,32,33,34,35,36,37,38,39,40,41,42,43,44,45,46,47,48,49,50,51,52,53,54,55,56,57,58,59,60,61,62,63,64,65,66,67,68,69,70,71,72,73,74,75,76,77,78,79,80,81,82,83,84,85,86,87,88,89,90,91,92,93,94,95,96,97,98,99,100,101,102,103,104,105,106,107,108,109,110,111,112,113,114,115,116,117,118,119,120,121,122,123,124,125,126,127,128,129,130,131,132,133,134,135,136,137,138,139,140,141,142,143,144,145,146,147,148,149,150,151,152,153,154,155,156,157,158,159,160,161,162,163
0.0,0.8676872540307095,0.8355928391062994,0.785539580388085,0.7807422397432903,0.8595191588532449,0.8313761136076991,0.8780710956900504,0.8180861753254226,0.8586804272876335,0.8979778458357627,0.8511690227681272,0.9282755333868182,0.8044447582511582,0.8311973094273662,0.8993272834902726,0.8995295464201738,0.9217222394502375,0.8271429673295998,0.9245164653744699,0.8806481467854322,0.842462287686488,0.8296227386873903,0.8832475794588277,0.9453017259557772,0.8244019512108157,0.7440194202468314,0.8868790575829907,0.7865468391864482,0.7732829679976354,0.907895375305301,0.9082728757880209,0.7646251551947626,0.8758663082405919,0.9448797453877065,0.8120847994978245,0.9327054943195239,0.8760362676636163,0.7854243675126877,0.8267004665203902,0.765061780784935,0.8759922760616278,0.8836184294019432,0.8906058922535935,0.9056590668402332,0.8846575312226612,0.8210037671875275,0.898232231028563,0.9086636739248228,0.847492506753687,0.8757069076566398,0.874537540327503,0.7641586777037315,0.8257574277474866,0.8451070626576261,0.8483520231709375,0.9084765668122504,0.835816787086318,0.8468988752054667,0.8476100574835111,0.8581271099102595,0.7190465934633717,0.8648468574547247,0.7726446954227898,0.8349047239138052,0.8881874587524439,0.8471501060496566,0.8503297584492507,0.818422791476574,0.9277550081412952,0.911431938035313,0.8517342775914317,0.8492949707814996,0.8908954241346579,0.8863611638420125,0.9024090568659223,0.8255919517998761,0.7929473809030808,0.8166614069097649,0.7686601795679174,0.8302267800603815,0.8375310892875517,0.8211839941892805,0.8365624597163811,0.8652728445410568,0.8740490337692437,0.89848421997057,0.8120075192174607,0.903235998421264,0.8043874941344568,0.855901388742694,0.8165879655271249,0.83960968236708,0.8967356022836998,0.8397484818036994,0.8221258995048468,0.7074529340679006,0.8503679641043005,0.7506302935843338,0.8950897995337947,0.8151550980797317,0.8520911111368494,0.7667524876703835,0.7779042926273435,0.8825131032714685,0.8676637851221279,0.8250755022800955,0.8815365800690521,0.8310793200328036,0.9324564194728324,0.8930399985466073,0.8411754735890045,0.8866231717060572,0.8407708699703628,0.8699487315870548,0.8824452109757946,0.9093624297198013,0.8671790453457476,0.8528455104326547,0.8032381423744601,0.8365817425653792,0.7390729690400853,0.8937082550810158,0.9025940178372067,0.8199782546439227,0.8489705292196446,0.7420093371959694,0.8360151590174432,0.8625386422081461,0.7867502259845104,0.8108721850934053,0.8044903541824517,0.8073164598076293,0.8041984839474124,0.8795198428015021,0.8233265808422926,0.8773815475813026,0.826980615779262,0.8081642575256104,0.8424445255515031,0.7710688780372476,0.8739842030365667,0.8549770403418698,0.7288390259319041,0.9079582513883958,0.8453180349927626,0.8055147343941899,0.7636544850844421,0.9023318396676857,0.6751797633648776,0.9360061086113521,0.7965963844642463,0.8212181107006501,0.7681989421921707,0.8696823774527928,0.9243312313733892,0.8673854761941056,0.8773228851025421,0.7881766748573551,0.8403119068341125,0.7874069057002872,0.9108549728544928,0.905447748485451,0.9223268802989786
0.8676872540307095,0.0,0.9018680554403189,0.8770073775135055,0.7817694522035866,0.8508323044472496,0.8592152685551648,0.9312153564332497,0.818974721616781,0.9037770806679176,0.8923982249605757,0.8601740824117716,0.8972336035072624,0.8266458935604011,0.9314935237592282,0.8286270452011276,0.8421276227193663,0.8668736783252688,0.7790198488831908,0.8067743413071046,0.845738775892137,0.9544853438865929,0.7879091006946763,0.9284823037389751,0.8453126546483715,0.7833454391498665,0.8072442438579189,0.8288389093231078,0.8783148855269842,0.7203397197955258,0.8829382926083589,0.7800589837608667,0.9011013371245505,0.7615561013672274,0.8599827223080484,0.823513101469381,0.8551000355947143,0.8352335294026116,0.8674958378598898,0.8825897204922667,0.8667469045645396,0.8308572087340945,0.737896280037483,0.8380118765479023,0.8840687322054315,0.8509796915420788,0.7496673520284913,0.8176758253162455,0.8277141050674459,0.7889710635655698,0.8370008711013738,0.8288261731618685,0.8165215471063981,0.912907109269908,0.8456185230743813,0.8315160217738196,0.826250506664472,0.8121342494130571,0.8069532645876611,0.8607051817982363,0.9128117738098668,0.6631944322395812,0.7839970502076034,0.6989787754325906,0.7654083226012912,0.7765087668442285,0.8740004566896428,0.8127319185380738,0.7397494962665373,0.8989758013176922,0.8727844407421367,0.7805927969518266,0.7319549485708853,0.8895572471647126,0.8902520239881987,0.7644815184986762,0.8131950557554557,0.8242530919661232,0.7521994487397079,0.6880133077774608,0.7882089300918349,0.8516981096686684,0.8902999651324537,0.811010461941259,0.7277563929661922,0.9048062225327191,0.7646173057789724,0.7069913826287038,0.8284755312493342,0.9011374934172258,0.8052114361166147,0.8050151478508459,0.8348024282724577,0.8155636216509634,0.8499957979821668,0.8688635574050984,0.7353816517099047,0.7718555405133731,0.6526400342308946,0.8827700223910331,0.8166711334858829,0.7670848808244406,0.6685964348678627,0.7729376187639416,0.7784286937301577,0.8042274068369041,0.7767706850623152,0.8171424958971444,0.8656703709222016,0.907445578896837,0.8350404771377208,0.7269659035476698,0.8036015747752608,0.82677392488777,0.8241223791249154,0.9224545095722491,0.7757554060282198,0.7592721081719788,0.8004801316802013,0.7994988097097668,0.8150593898087349,0.766567582878134,0.7436419639743955,0.9141301849275992,0.7263123598401198,0.9084097763144837,0.7109246404952084,0.8979318220483697,0.8354143171797785,0.8150371038009091,0.7992219315405543,0.7772379191710109,0.7729757165782056,0.8500929677642347,0.8677390143382775,0.7800254803917653,0.7958104702220191,0.8543842441131758,0.8206043614293287,0.8273429921856766,0.8296811012791958,0.7732294722401191,0.8976160734401619,0.7406671039658843,0.8519119157095667,0.7095805539036658,0.8802216338626234,0.8660952610327576,0.8109420312917452,0.6300289127010384,0.8263576481743999,0.8079651923801368,0.8435753740899715,0.8396614713341501,0.8543943525028194,0.9204680702466616,0.8903475124485873,0.9053345476511716,0.8484995198054215,0.7327129050910396,0.8160181353094106,0.7752440141651232,0.9040205799273558,0.8938805740992928
0.8355928391062994,0.9018680554403189,0.0,0.8175178422978576,0.8568508644783522,0.8296475666125082,0.8194205056729645,0.8788063155922794,0.7285749728238896,0.872875343742812,0.8718488692470003,0.8220236994572082,0.8943774758037851,0.8009833625433614,0.8603903413182705,0.8869837147026305,0.8894909292475603,0.8534206501027695,0.7282437965790288,0.7928082329375961,0.9031968869247913,0.9405070591667791,0.7653448993200397,0.9032772528043799,0.8138236376618092,0.8633128786332644,0.7561862034837628,0.7834647029114054,0.8300220619500118,0.7019036196412806,0.7801941422410503,0.7956745656820731,0.8295380575274396,0.7528135627582362,0.8081441480076396,0.8537225562395072,0.838293747420887,0.844092724267084,0.7994012971678551,0.8738669962642098,0.8507779179499341,0.8475816174626368,0.8053455885747459,0.8395409450655321,0.8781669106743177,0.8590283567665501,0.8439796753392922,0.8494564328883153,0.8055103504573539,0.8437035086117807,0.8559963905587922,0.8803104867542532,0.7642744083063719,0.8835736477647381,0.8232322890970654,0.8019869878452839,0.8173558552991828,0.838513604509781,0.8145274838387062,0.8387326705052965,0.8450381040981336,0.7230688461878169,0.8481128454199541,0.7580732024841179,0.7670901233933641,0.7972904842343482,0.8385990339154192,0.8549366572838707,0.8128766609107859,0.8451016595958797,0.9050702253282684,0.7575622500693951,0.7605671117965519,0.9156866889030797,0.8693383799234033,0.6993507513417871,0.8315942682475949,0.8561205814824024,0.7644810742673241,0.6766520188398388,0.8161101272904981,0.8198885461800209,0.8422903111338818,0.8029167187964669,0.7681534848176579,0.8813689739459458,0.7390549677473496,0.7156375297808792,0.7750296016471324,0.8078098807313852,0.8616809324478222,0.7532592976748378,0.8269142121331516,0.7593960508814199,0.8434066867184993,0.8135448340810526,0.7155485653484609,0.7850320912437837,0.6727294531188693,0.8588990602185814,0.7275504093532036,0.8028764368071393,0.6993468207122938,0.7552124377917672,0.7879166927131467,0.8811578346241523,0.8361818885645481,0.8215640607574669,0.8820197346708921,0.8989515057621619,0.8257019380515516,0.7836816354084624,0.8017054158388007,0.7613545739892604,0.8194598129499033,0.9038746286998554,0.7419849736329154,0.7628335033586661,0.8646719989328544,0.7674271203623748,0.8590539897178455,0.7509391703021542,0.7671470684720395,0.8663686759321838,0.6660586068843418,0.850365018330482,0.7687501142066986,0.9008048702111774,0.8654082899825126,0.8272844930739954,0.7570209244884561,0.8669494055280165,0.690845654186759,0.7592971373963763,0.8420657111184623,0.7761122532528152,0.7790960890402981,0.8389853908181745,0.8229439692307926,0.7705977799649092,0.7452067504231078,0.8135299459897344,0.8394233289788067,0.7685908367936193,0.8639515658728241,0.7603990157760954,0.8700766751527576,0.830647428671786,0.8318723874771987,0.680192136123621,0.756423471948985,0.7073570193519375,0.8262276778232773,0.894587601357537,0.8451010483678432,0.8514970595094699,0.8055502452744402,0.8993742811479238,0.7504450580009714,0.724318086179559,0.8268596284714055,0.7017427108685362,0.871133383333782,0.8529919795448093
0.785539580388085,0.8770073775135055,0.8175178422978576,0.0,0.7695478100271924,0.7640831038241105,0.8892168140130928,0.8311846641617995,0.6709677729007067,0.8269496626276568,0.8659654550641396,0.8078415031030195,0.8126559685471636,0.8130650622199025,0.8940253924203904,0.7559235186159549,0.8111787004911285,0.8233736733737389,0.7593638922800214,0.7077797875005148,0.8083213250820879,0.8506107287358504,0.8043776769920493,0.8573148024881062,0.7853733212303129,0.8120222137021155,0.8056546061874971,0.8193607987218614,0.853811881160718,0.6365200035272995,0.7884394397107307,0.727837619491342,0.9592219491742995,0.7615639866087803,0.8364844591671802,0.8677790763480506,0.7812041726985486,0.7877895411654108,0.8097487831306596,0.8858919283896256,0.8985274602158992,0.735445174872415,0.7199092660280065,0.8492488870492235,0.8310221477792721,0.7967686094368499,0.6886141705387866,0.7747305383616407,0.8203963384711292,0.767843827818651,0.8633787400530379,0.8312550785536426,0.7794389107956442,0.9378353361165661,0.8897759579933984,0.6967820830017936,0.7787454343485011,0.7937259451736194,0.811767947686712,0.8308246577860658,0.8486522347333132,0.6483795736473105,0.7855934112127289,0.6929036466170029,0.7231517317284681,0.7275471359011925,0.8376855440607524,0.7293478067103577,0.7385243864317028,0.8331336381135815,0.7849082914257594,0.7633200703745706,0.7433297002350536,0.8781133761705615,0.807787616056083,0.7024362790489243,0.8084132788214142,0.8100943095154878,0.7353681078897727,0.6337306517750174,0.7131950224217635,0.8159772444258092,0.7475869220856839,0.7613228196348248,0.7473108398477785,0.7993522236213556,0.7044153436623585,0.726500343980501,0.7740751104023484,0.7363445022288909,0.8521623622786288,0.8069463283599445,0.841250663893531,0.757690879426025,0.8745236339712079,0.8033199706085281,0.6714695487193096,0.7535713167766784,0.6642348706700787,0.8797086948777822,0.7766566640037715,0.7438527724938425,0.7707303305660345,0.7907838165459482,0.7865357628185293,0.7396601907223859,0.7579074501062305,0.7610864844081292,0.8458010478089606,0.7886117366424156,0.858315257458543,0.7627450956088633,0.7818718094264651,0.7807223525297953,0.8334014011784006,0.8537243456665103,0.7390690943926886,0.710596394831238,0.8457778406647878,0.8232265118374255,0.7649861744675697,0.8632524563465298,0.6963985514895111,0.8496272840698348,0.6598577522600235,0.8698463061307862,0.725604289245471,0.802308606638974,0.8442008885064874,0.7823029060955735,0.6500460260659869,0.6871754545840434,0.7112752658039503,0.8123024365788151,0.773374728454797,0.6897441848419452,0.675088425680609,0.865561308820049,0.8031305683255208,0.7637953258946371,0.8760806956838234,0.7019687893540336,0.8682541686522405,0.7620774896744537,0.7966891243733558,0.7173690652095914,0.7528949263067357,0.7824141716358974,0.7255870384004368,0.5874851859651785,0.8057146448262295,0.7985698430687069,0.8051500210410925,0.7652651718751643,0.8381631554911941,0.789516788366072,0.7982784305689312,0.8341195931790633,0.9112408473321583,0.7631867083417658,0.7977931096893289,0.7278149553136507,0.7885335528374583,0.8373026582204028
0.7807422397432903,0.7817694522035866,0.8568508644783522,0.7695478100271924,0.0,0.7428678857791624,0.8577262266916507,0.7456263409029283,0.6925709229577881,0.7720486482843246,0.8282577659362139,0.8145389352316538,0.7787679972404467,0.7203557105083132,0.8450758304919025,0.8365782917096684,0.8089753196376448,0.7907346815939498,0.7045513397300378,0.6966361089196802,0.8318547352013277,0.8399279363851222,0.772868106570247,0.8316311553177135,0.7571614052411001,0.8299956699702167,0.7252586671698199,0.7088745536646485,0.7826802000812408,0.7782611930376319,0.770146544102172,0.7636979198917457,0.784211910208443,0.7175642580832675,0.7613116829233855,0.8092652179715708,0.7967055953226012,0.7794075515459865,0.8079344408700719,0.8052299732234782,0.7994122124174939,0.7881047994566693,0.8188895613845198,0.8507309601087935,0.7693875267878013,0.7853171875064993,0.8502891013442737,0.8158172545881709,0.8079140046179862,0.8063969714071935,0.8587750824342846,0.8096419918135442,0.7000103886848916,0.8060270615876065,0.8217200056881084,0.7216249761590228,0.7710848742428486,0.8568379644415234,0.7400141581543548,0.7814784350846561,0.6976026866065325,0.7190468711998531,0.7872068325002611,0.7016023931631438,0.7244033996101129,0.69335450717944,0.7296847749856187,0.8203809109298472,0.7494775318293873,0.7664576303736896,0.8390562283505161,0.7258424549654757,0.6752618446781292,0.8295699925442572,0.730007293875524,0.676554762181401,0.8128616904953542,0.9210497859972445,0.7010311504969408,0.6836447754033922,0.7160823480125366,0.7737336928078773,0.8303076332291404,0.6756622885113964,0.7283875811046829,0.7581566817152853,0.6709887317362412,0.7306036757515252,0.7154147029311114,0.7152458632947409,0.924568141602489,0.7570741703310239,0.8711665763059488,0.7005006917077866,0.7756531778417044,0.7856700043843846,0.6105160693316709,0.7072854825476999,0.6994675951040894,0.7569820621637771,0.7013764928894787,0.7645547836978173,0.7179746882917162,0.7263746603897548,0.7334107281867136,0.8023517629168107,0.7416076122534939,0.7263478863200659,0.8261774381431692,0.7903343953143455,0.814304855191715,0.7878352277552632,0.6997858176257662,0.7095323357633787,0.7558236957342058,0.8139013590849892,0.6851122339649858,0.7897038153440138,0.7711857596886391,0.7205366240832008,0.8916418028685792,0.7514912082432197,0.6810188623062704,0.8625542761436009,0.6316860050516947,0.8118143923360996,0.7122921815449886,0.8705681962067138,0.7577674544763028,0.7674470335784852,0.6802567275650261,0.7663117872284843,0.6336670120830824,0.7124514260214407,0.7232283320651781,0.7388862374382075,0.7422511180833342,0.8185475565812025,0.733135950791456,0.8096873268946543,0.6918445382829486,0.7780294423575018,0.7823676702517934,0.7221605257441963,0.8234403124673801,0.7547949308181691,0.8451769295782003,0.7824666959849594,0.7395364207622614,0.6178864898127117,0.7246608891117196,0.7001582344580343,0.7714499164854363,0.8250648433157621,0.7957731349626374,0.7512250767947679,0.7302698832931472,0.8495915645420936,0.7187631086985963,0.7552888566533358,0.7142617667386632,0.6777200251084923,0.7995200036357198,0.8359117778074773
0.8595191588532449,0.8508323044472496,0.8296475666125082,0.7640831038241105,0.7428678857791624,0.0,0.75141004337886,0.8306921413445446,0.8096755394799264,0.7995396050770752,0.8274774688759909,0.8551380398895009,0.8097696969974368,0.6852642834597465,0.7527153591553691,0.8037845503995649,0.7981171602812366,0.7383937832986872,0.8172806078197098,0.7696159866187877,0.8570724197801567,0.8198565963557954,0.673224757102023,0.7901207061438686,0.8501769188283769,0.7103455381005912,0.6192988929751384,0.7544186223479207,0.7457412395377332,0.7383476781782967,0.8397626790989428,0.8247422181711362,0.7509827509939492,0.7438739075898357,0.7937580922048921,0.7324375247634327,0.8207890640263591,0.7364707747593766,0.7687175353697459,0.704760082700127,0.7265576938953524,0.9009689817834202,0.7355190719720054,0.8662094162597286,0.7544746703186866,0.7351374152007243,0.7462557137108026,0.8396043079087576,0.7367480475894697,0.7265144524968979,0.806106814761574,0.8543915876530953,0.7357407762689963,0.8297024657273512,0.7642574128281936,0.8800240374325851,0.7918232680705867,0.8640685800633325,0.6996601216711978,0.7180360585691425,0.8458455864617659,0.6859060122985698,0.8447085413689916,0.6260682202581181,0.7531306673647569,0.7776045496405513,0.7452718708842309,0.7942160467127425,0.6569217401393352,0.8469597197601453,0.8521620424941035,0.6597626347794834,0.7731743183264881,0.7965969671817567,0.8633904932442427,0.7638085270526718,0.7420502172195756,0.7396719782375637,0.6903238442455206,0.7949623543294178,0.9131426508533961,0.8373316810245374,0.8265272090178906,0.7561492737097564,0.7681384693245507,0.7898440964870467,0.8722985824373901,0.665601193046672,0.761690799834358,0.7923340426827996,0.7718794818629574,0.8084400159970763,0.7457048094124091,0.8015656922427156,0.7696875534731187,0.8412599947686443,0.7499328145917356,0.8121351545264189,0.6688670650519309,0.7746788151362014,0.6991683583350138,0.7577730623540092,0.6854543737657888,0.7499096604631216,0.7713896041259543,0.7436367712130001,0.7513582966931265,0.7775961760097446,0.7059782998071001,0.8849675402740595,0.8594109958699414,0.7041389767866806,0.8664692365684671,0.7384455808939797,0.7345482805584576,0.8050470113091064,0.8206041654266828,0.7158034659331108,0.8399308653878904,0.7552834728294456,0.7137255598598606,0.7307802128340825,0.8016772075126183,0.8594618463107669,0.7762655401441143,0.8102163645809912,0.7095914358695786,0.761775440374742,0.7890499936418428,0.6479570605696467,0.8076124448513754,0.8671922357097328,0.7047653164943872,0.8506228099926322,0.8132203115960409,0.7438390565233188,0.7623031014806239,0.684691792482104,0.6537019535158622,0.7407042846821048,0.7426398946336967,0.814528895997401,0.8061603628318831,0.7303947017942667,0.8054800803893244,0.7125964393004396,0.8488968440515822,0.7427065671712669,0.7937625746790277,0.6555882505126419,0.8279188987794739,0.7887290805986925,0.734635443887632,0.6830802410673386,0.8489300467021401,0.825841066053856,0.7725504619647614,0.8761007075836788,0.7127218632698459,0.7476193203627924,0.7084425362912629,0.8455957250714239,0.8713086649019369,0.8526636632409406
0.8313761136076991,0.8592152685551648,0.8194205056729645,0.8892168140130928,0.8577262266916507,0.75141004337886,0.0,0.8029158458320894,0.719295428341031,0.8948551357633376,0.8666891472429666,0.8188916644662836,0.8572190318582688,0.8415187812179389,0.9168086305653568,0.8071715434825956,0.8067962148344837,0.8630193121103705,0.7249099133141862,0.7120670919237038,0.7856071084910959,0.8563150189495887,0.8661907823346024,0.8551394533455677,0.8290033914664866,0.8221852601931403,0.8484479307452939,0.7961754757078019,0.8562437950905872,0.7405641636986527,0.8401645613965514,0.8223629615566002,0.8717142138220719,0.7785262631485101,0.835619690202155,0.8333000546953012,0.8654447905369587,0.7644388912325945,0.8073141038351028,0.8904564840549529,0.7924156832777663,0.7886146841285917,0.7797339030038943,0.8458334543840533,0.8448270342405421,0.8263536585109815,0.7827169399628632,0.8018806584761338,0.9157599202839609,0.7854537624430751,0.90157366585377,0.771501526518036,0.7424875606072878,0.8610295015912384,0.9161977659294931,0.7562986192492991,0.7779982219124701,0.7949906176120148,0.8609860769644635,0.8487052583085939,0.791550635972646,0.7093185050065673,0.7381649265495311,0.7115417943467437,0.7369217279932883,0.7227651511516827,0.8651821905092841,0.8405934908003203,0.7863031561553697,0.8396134203727894,0.8292599813864933,0.8055167040696521,0.7331652732571678,0.8986924951290431,0.747548717443037,0.7820074182043099,0.8959100293421856,0.9174300020678335,0.6898753992518394,0.6709659366267682,0.6843335600777162,0.8037835920030745,0.8299183771975189,0.6978237754159701,0.7300471924546776,0.7587017677209618,0.7232825006995197,0.8399819047396728,0.8295392933576997,0.7671830491819758,0.9029615135736477,0.8512526878164933,0.8992842181325289,0.7560466268796091,0.8574997153788236,0.8394617017780843,0.6130018402473972,0.7290121959677739,0.709744384893686,0.8898142369101144,0.8151007123428395,0.8169165577806112,0.7758622944776004,0.7566456664865958,0.766049229831754,0.770739781037456,0.7471070383650215,0.7513458241767019,0.8789863674597644,0.8162405792284053,0.8683486823232411,0.7660076396771189,0.7830244177580347,0.8072842318087857,0.7886322697125371,0.8365394082373184,0.7336006776959842,0.8334464345764392,0.786534173470098,0.811885601043947,0.8110120299813994,0.804837518107043,0.681119663514601,0.9084060869262576,0.663381112075489,0.8766736031757221,0.7460708914924187,0.8858264672739271,0.7833692167747992,0.814291129281345,0.6958224876693077,0.6785248041671545,0.7250515996554505,0.7286677897337931,0.7393873991464253,0.71430450570784,0.7213049136601398,0.8772754403355486,0.7875255315859865,0.8199252788185548,0.805485295422333,0.7851645738144337,0.889552391314908,0.7358565937685215,0.8329849230186657,0.7903781486438757,0.7685189288976872,0.8253883979621128,0.7497498010466735,0.5547799749044252,0.7879739072453011,0.7777873999998166,0.7832650696308024,0.8523951481482325,0.8030378853747824,0.8291429125630178,0.8220447067907288,0.8670252475711604,0.8644645496218742,0.857502488870852,0.7869798983728964,0.7334628964539569,0.8270861519743288,0.8351080799961904
0.8780710956900504,0.9312153564332497,0.8788063155922794,0.8311846641617995,0.7456263409029283,0.8306921413445446,0.8029158458320894,0.0,0.8202447667700622,0.8883345966748152,0.8501305846479267,0.8934576022240643,0.881970404281726,0.7612142425901642,0.8629507011752106,0.856531030181197,0.8715588728649268,0.8753599691689925,0.8164869787475721,0.8551038286006785,0.8571502707478793,0.868507012209414,0.8323720472074958,0.8966210317697528,0.8888169293964592,0.7930947401021038,0.8069274692450032,0.8743879337222261,0.797815511030792,0.7603970927652697,0.8892459793878942,0.7945912265862352,0.8338700068357782,0.83458434478461,0.8525558031039885,0.8203015635819845,0.8383671680851342,0.8609482088047378,0.8094901080334747,0.8443211995459378,0.8406798085869811,0.836428360754757,0.7882146600437434,0.7984979514042884,0.9255925115138638,0.8903342012162503,0.780115312212971,0.7843332283659682,0.8294252142086584,0.7980207594671705,0.8124442307574871,0.850316058947332,0.7574900741386532,0.8449442890431045,0.8017876742245122,0.828071198455027,0.8449293498440945,0.8574055180615224,0.7776387816257654,0.85853280701549,0.8600381152057378,0.6545461617626687,0.8057440831420476,0.7187951727974773,0.73943427336193,0.7947474426528446,0.8132712323437764,0.7667300880342283,0.7711502987304392,0.9351698814625203,0.8287667766492006,0.7642667302356837,0.7319402471684194,0.86827774434303,0.9120466350963914,0.7663903186171137,0.7752415352633444,0.7784180290164978,0.8336016616522399,0.6514157620608235,0.7625490258390974,0.8221890772056475,0.8420894292037105,0.8342003768285179,0.7749031983326864,0.9479330650316417,0.789079182147759,0.7087808893109581,0.8845453225695672,0.8663193391671721,0.8076624750930108,0.7945675350491714,0.7971124844284475,0.8012058753487329,0.7784675533200015,0.8271034761254803,0.7092200898165932,0.8479543971209744,0.6394913917230381,0.8866049847933921,0.7424682674566788,0.8010046463314529,0.7075825685063395,0.8262395312431104,0.8088448033135958,0.8679467261038115,0.8131337732284808,0.8978360711974999,0.8504154033456757,0.8839757042601136,0.8229865457081148,0.7603476878810197,0.7705152689747746,0.8538170610154409,0.8475812315835278,0.9336294219943466,0.8328059457490246,0.769776381999279,0.8012579473647435,0.792406562881947,0.7734089537764929,0.7933474718546467,0.781278855063404,0.8655516720023461,0.6718167474253045,0.8689481295047542,0.704547033867887,0.882169836017324,0.8697475802185476,0.7777753907185921,0.8569590114681529,0.7775943620962633,0.7418264529000013,0.7883099575577038,0.8404880222892919,0.7067544323005238,0.8451548194371582,0.8235366979968569,0.8466752929822425,0.8556451963308543,0.7714529132191377,0.7466703890377391,0.8512065359416563,0.7071654599343818,0.8229890103679733,0.7640363163478155,0.8497267167670572,0.8115338919146513,0.8834021130738736,0.6829249910051167,0.8465432071604585,0.7615753459845659,0.8395052464164772,0.8239219372767334,0.9079825649680272,0.8870445666089452,0.8373657545163652,0.8980941708912602,0.7675821668088715,0.7125378845409908,0.7841625278402625,0.7715082510004422,0.9242479243576678,0.8541292061305739
0.8180861753254226,0.818974721616781,0.7285749728238896,0.6709677729007067,0.6925709229577881,0.8096755394799264,0.719295428341031,0.8202447667700622,0.0,0.7560180647353895,0.7166292876967527,0.7876796101073773,0.7391596825471135,0.6679066459501389,0.7552263705490994,0.7018225403458495,0.686027069763942,0.7273141511015079,0.7240880640516069,0.7489137267757318,0.7207587752354336,0.788114936959746,0.6668485050727296,0.7342136767309293,0.785004760339918,0.6245741426608242,0.653589341012242,0.6869467596574679,0.6606154074673407,0.7741961756076582,0.8798457945974291,0.7312191032081513,0.6875694018308268,0.67940097558042,0.7636793665031515,0.6676326102659802,0.7613531677219348,0.6939705478156596,0.7273090964122514,0.6611055180841634,0.6533756892316565,0.8661251570238315,0.6683182892299728,0.7161177306184426,0.7324894926298646,0.7001085874582849,0.7149210507930192,0.696608719463836,0.7017409498396794,0.6834696764805764,0.7012188828739758,0.7004659732778921,0.6860406595609793,0.7067576906706526,0.6639661897400404,0.8919627170669032,0.7159818090680589,0.7492423269877553,0.666427720025652,0.692452727414587,0.7324978671261225,0.6283899053577404,0.6777861803328358,0.6146707216046601,0.7158298091932633,0.6804666887407047,0.7122058504118958,0.7549071969614244,0.636779426531041,0.8105632435042669,0.789980276335675,0.6521334311819449,0.678189999211476,0.7072259846186209,0.7545379385833442,0.7224315579953777,0.6640261658581783,0.6733218654978942,0.6341026811347908,0.6347827836397656,0.7009257342212666,0.8259433733389573,0.8307025821293282,0.6570666721126316,0.6579189612987801,0.7757588102943096,0.7799724055674384,0.6613722308546113,0.737868603992612,0.8725605960938257,0.7008464592486382,0.8100782305601059,0.67640829249835,0.7114397892685331,0.7009763086792646,0.7967014848565722,0.6888775174279802,0.7380452772344042,0.6572926372916256,0.7174544747763192,0.6744698332831313,0.6859931595919723,0.6172144476307541,0.6981652801855239,0.7047724720716466,0.6877242033838911,0.6436072049385498,0.7231623363209174,0.6669965868977898,0.7883307030238378,0.7213850157418912,0.6497166161345427,0.7267370910060734,0.7354578318825105,0.6524970458299859,0.7505944101155477,0.7194662619403973,0.695303717712577,0.6537696112345902,0.7242307945845045,0.677892525504929,0.6642902817963479,0.6944205659847148,0.7662917418310005,0.7456503539093086,0.7124379609007808,0.6494251655878966,0.7557287103010868,0.6610211187606021,0.6434230832240561,0.9009272243619174,0.7175174746525849,0.6694841777047456,0.7941013929070115,0.7476597521101459,0.6947242394606238,0.7498964111083636,0.6660270946952035,0.6427203803221341,0.7534143870749913,0.6675667879088362,0.722596062543161,0.7884570527487386,0.6807702418494868,0.7114727318809132,0.6928125456740221,0.8686054996168012,0.6828069022773162,0.7479474240741157,0.5807644256484344,0.766363839629253,0.6989783443822242,0.709473148906812,0.7032481014025442,0.7417115885602734,0.8242130972496416,0.7301685676752909,0.7699047504379686,0.6629331241946387,0.64199267111471,0.6303863580997585,0.7654804038757492,0.8780779687635178,0.7800727412362694
0.8586804272876335,0.9037770806679176,0.872875343742812,0.8269496626276568,0.7720486482843246,0.7995396050770752,0.8948551357633376,0.8883345966748152,0.7560180647353895,0.0,0.8605478030432692,0.8263407125145683,0.914624399394975,0.8400375869877474,0.8710025805654188,0.8518679331107787,0.827656103721279,0.8855027236947528,0.7229954464814838,0.7699073089211138,0.781126389921343,0.8587917935826974,0.8508392210403862,0.8522684027532543,0.9012062933383292,0.8111895374051818,0.8520514710839954,0.8263551156468882,0.8919606947782707,0.7498833043231847,0.8589512518355759,0.8355275846091742,0.8359176504643029,0.7904095298784533,0.8445646175474649,0.8028424915286709,0.9007552249819976,0.8142930587371789,0.7541677612483101,0.866456509413864,0.7792332902862182,0.8131759582269119,0.7842601695745604,0.813678743476092,0.8919926753799019,0.846666646011669,0.8056341796261985,0.8176871334277711,0.8868121259346503,0.7546295862394629,0.8181751593797699,0.774371239492236,0.7144849621503975,0.814707393770792,0.8593383748307286,0.8308047182358944,0.7655138570447236,0.7972600400048387,0.8375200767501312,0.8208715938510203,0.8231059202213096,0.6797409938865961,0.7445869888602085,0.7270693610661869,0.7000567034067869,0.7420808917758297,0.8563759029629822,0.857475928633542,0.8297513940564869,0.9167340268647931,0.8209052037102484,0.8069886684601671,0.7299912817706928,0.8708898433562882,0.8088413714898454,0.8150013756590658,0.8234375330537701,0.8667945476897533,0.7386949280746503,0.6820600134028558,0.7475444149098426,0.7524834391030899,0.863020121326826,0.7950851100173463,0.7167099079521471,0.8343503664343012,0.7784123544807762,0.7854228524561752,0.8893118484134289,0.8172836246655351,0.8269447937162329,0.8035481065929736,0.8321269329107872,0.7484125524069395,0.7922569164834697,0.89124656157573,0.6188600891327505,0.7907406226031916,0.6653547574257836,0.8914772773230037,0.8074235376737904,0.8028406203513434,0.730693944194862,0.8205695307286404,0.7608713552042856,0.8178966885647272,0.7524515348413587,0.8462876404853684,0.8715495481642035,0.8646124509616021,0.8116697001375237,0.7232679985256224,0.7991245729998805,0.8533083368887363,0.8061522441350502,0.8657286026389387,0.7872214589748514,0.8306108382590274,0.8022682795505428,0.8355388348813619,0.7586864624048127,0.7903754909020724,0.7271028234389588,0.8807924772036385,0.6737593869589816,0.9116338374475293,0.7001252926135868,0.8813119332798971,0.838686217082916,0.8268748411541179,0.8106579461856188,0.7046716389811378,0.7565012052852812,0.7010412288749202,0.767997948116084,0.7157571559967303,0.8042118231497184,0.8500469042838261,0.8335279745375409,0.8044485777404295,0.8249500899877457,0.8020891559838474,0.8285119758950689,0.6904726762554043,0.8549247637235008,0.791485864472374,0.7677815790949645,0.8554270699166209,0.8637297821816322,0.6112615888702765,0.779072513900844,0.7893581460078459,0.7512215427437117,0.8697323044603549,0.847614605670488,0.8768523995087726,0.8366896780859886,0.90105745341336,0.8260693894271832,0.7853639492925129,0.8609915113967591,0.768013891504781,0.8964953391908745,0.8075076013408765
0.8979778458357627,0.8923982249605757,0.8718488692470003,0.8659654550641396,0.8282577659362139,0.8274774688759909,0.8666891472429666,0.8501305846479267,0.7166292876967527,0.8605478030432692,0.0,0.8614153533352582,0.9227473586933526,0.8193449609433983,0.8719991648216184,0.9177192624146931,0.90525853359336,0.8794756561769033,0.803971809388518,0.8363833921208078,0.8790952421138385,0.895657418662006,0.8358379522036179,0.93906398613779,0.8832819207153606,0.8617875271865674,0.7983479244831605,0.8886883023940998,0.9037646860468329,0.7345154631210724,0.8411577403369938,0.8346214776623825,0.8368193045388413,0.8283485234610644,0.8907900801541707,0.8261484585595046,0.9210313518737508,0.8841395057585388,0.8792013247491176,0.8926750813669686,0.8307291978360811,0.8033254922501064,0.8172624907287792,0.9149058135143173,0.877624407984831,0.8443450972105181,0.7316525223103246,0.9370644025387318,0.9068906413371406,0.80372482062935,0.8757798240712639,0.8460984779782387,0.7476948435112689,0.8972240329085431,0.9273885396723587,0.7516976879744293,0.8752899734309441,0.8470396565418754,0.8187432332811568,0.8481151713819414,0.8988967799051993,0.6541566604402629,0.8260560251998433,0.733235415261723,0.751555657979406,0.8032575791153861,0.8702586513913341,0.8097848262693049,0.777887521671375,0.9078817511271823,0.8587340287052181,0.8248671110847507,0.7821627695905691,0.9128319428145034,0.8714582075665621,0.8002245673926336,0.8876370328968939,0.8729811893606528,0.7833108136942222,0.7883973822055788,0.7948419995265663,0.7815322770272704,0.8278227812421922,0.841351788353424,0.7998049453829764,0.8495400403746113,0.8278440131451,0.7372143956559882,0.822609810626345,0.7894590641718573,0.8566116304630238,0.740596803167281,0.8892576258777233,0.8551825784973154,0.8488298233986066,0.8299560534991546,0.6754536789141802,0.7580117156690477,0.6780658337642765,0.8599327018968302,0.8695492282619479,0.8352076454412319,0.7117800781483014,0.7502164045304676,0.7940552131147997,0.8206099442156257,0.8013823871902884,0.8416604749951696,0.8472264571006598,0.926333318265646,0.9064255693733787,0.8006438857156998,0.835453356451061,0.878125175396973,0.857757001230655,0.8990811053398862,0.8033140099371466,0.8504248313601456,0.8627119706683207,0.7793555581497479,0.8821706755645901,0.7535658464877378,0.8121910185919056,0.9311273611621724,0.7599386559178324,0.9255542681061111,0.6921475271616454,0.8728227965390014,0.874588925566726,0.8066221849087701,0.7101880009690679,0.7891731841328887,0.8521877328040701,0.8224078509047628,0.8899900142254364,0.7926481269780902,0.8187651557142673,0.8690768467560521,0.8420904504942721,0.8396758175322181,0.806602075924752,0.8376706485087778,0.828962499628307,0.719540310641985,0.9496572994171112,0.7424247769542545,0.7896203389336631,0.8133896762464388,0.8252348854211732,0.6717762835273609,0.8893312212519364,0.798458926905175,0.8549275468472285,0.7726010898117918,0.8647998071473312,0.9044071435794533,0.9292131620140688,0.9006249669907512,0.8617807341688518,0.8437210504688767,0.7853079766754251,0.8251946262816863,0.8168539849893894,0.9611476117846633
0.8511690227681272,0.8601740824117716,0.8220236994572082,0.8078415031030195,0.8145389352316538,0.8551380398895009,0.8188916644662836,0.8934576022240643,0.7876796101073773,0.8263407125145683,0.8614153533352582,0.0,0.7945244504867172,0.6636906145845777,0.8169610717196258,0.8586246519314055,0.8588975370707279,0.789684214952138,0.9118111048901082,0.8090322560004095,0.8904427631159502,0.8120484766145795,0.8343418758841199,0.8674197485700154,0.9011690233648872,0.7540587715468452,0.725379923361182,0.847777265494924,0.7707403053386054,0.8495638156033688,0.9046006877502781,0.8189682705189013,0.7814728437717982,0.8663678024579093,0.8206846720627216,0.7983446716178279,0.8109107143374408,0.7930978885583738,0.8668505219007223,0.7698268383153026,0.8011923429007807,0.8612199176980667,0.8047865966571666,0.8519510028166875,0.83240421514742,0.8158928111027356,0.7680750591057277,0.8048280993945663,0.8357548553613673,0.7740553805946355,0.8363628300790856,0.8503312303163576,0.7099551655079935,0.8384754516839886,0.8251226800370707,0.790534470493203,0.8517776342934179,0.9593854675942629,0.7145431447157805,0.8023163014449681,0.7816873612467824,0.63038609042113,0.8037615549420059,0.6701003721196678,0.7212760683035281,0.7421316489384536,0.7226421624144512,0.7183369032267821,0.6896294075392483,0.8704739342948637,0.7795417236352894,0.695877776455848,0.7040897754080021,0.8244961159040352,0.8503920129539682,0.7485824291953695,0.7753917548899855,0.8010621552557338,0.7768758511848292,0.6966344463764568,0.7455542936145939,0.8149926568431363,0.8275854153516766,0.7305901762743167,0.8007356757607179,0.8454706366011648,0.7838830344284239,0.6881590652102352,0.8231536294373258,0.7853074370888983,0.8380354356043619,0.8216744197099595,0.8288172317446996,0.795456042299766,0.7310117174383153,0.8176720750088148,0.6692041893706258,0.8448610976947045,0.6471276269769299,0.8013896850732247,0.7006195277355328,0.8091075716505532,0.7341346274213592,0.834958385575348,0.7747664243841723,0.8085205259748629,0.7903899888858472,0.859762777348417,0.7734899762359488,0.8705931215927654,0.9057397311151081,0.7759312814288208,0.7321553357175575,0.8160044345871801,0.7785901102973002,0.8671737672709942,0.8424043366047712,0.815752697025405,0.8060810228270558,0.7279694549643679,0.7695106681508673,0.7566551360324711,0.7745853872764217,0.8832076174372014,0.6641676552033141,0.8584546646363221,0.6775940903051555,0.843483114212427,0.8418835040951418,0.6741310921102383,0.8042636982158811,0.7818240864052292,0.685036862823824,0.7987910942174852,0.8075380954003177,0.6699777571711342,0.829820501151559,0.7594389178370071,0.7518994217742858,0.9028590757507635,0.7097598140955788,0.7555703141678606,0.8255253365876893,0.7051713060518946,0.8186165085373273,0.7627153855498758,0.8560935361802846,0.7560154487437375,0.8558898931148317,0.6929766984679342,0.8723212896029708,0.7749579217253361,0.839589961187466,0.7421105954081354,0.9448474263653064,0.8068142327226723,0.791470473810937,0.8963327270021243,0.7186211624702245,0.7509475995732988,0.6740227626486995,0.7912702468787567,0.881543888248749,0.8773965642195147
