0,1,2,3,4,5,6,7,8,9,10,11,12,13,14,15,16,17,18,19,20,21,22,23,24,25,26,27,28,29,30,31,32,33,34,35,36,37,38,39,40,41,42,43,44,45,46,47,48,49,50,51,52,53,54,55,56,57,58,59,60,61,62,63,64,65,66,67,68,69,70,71,72,73,74,75,76,77,78,79,80,81,82,83,84,85,86,87,88,89,90,91,92,93,94,95,96,97,98,99,100,101,102,103,104,105,106,107,108,109,110,111,112,113,114,115,116,117,118,119,120,121,122,123,124,125,126,127,128,129,130,131,132,133,134,135,136,137,138,139,140,141,142,143,144,145,146,147,148,149,150,151,152,153,154,155,156,157,158,159,160,161,162,163
0.0,0.6246499343186003,0.5633142224062739,0.5280778248194526,0.542999828294925,0.5707650733695692,0.5587679727996198,0.5612766505251993,0.5908405838215938,0.5810432888075848,0.6289503240600657,0.5640868046466025,0.6394879681323182,0.5605978100048469,0.583210975170826,0.6190142441315781,0.5876581989063293,0.6899428671886495,0.5392714691162067,0.724977624450276,0.5878352649212135,0.6255573236698797,0.5310547454160975,0.5729753126023008,0.6846675402701144,0.53353159024149,0.49821890848851047,0.5480180045258651,0.5672629182000286,0.5030924724720118,0.6276616795658133,0.6207518434827878,0.5473339979618679,0.5475657001165647,0.6684805011903286,0.5302342391102846,0.6590493844868113,0.5699555057087254,0.5270987837286777,0.5805963585025955,0.5151913257563425,0.5812034034707111,0.6009725756088904,0.6095936003633585,0.6340355525273469,0.6012663706708905,0.5256650316395085,0.6058618209884233,0.6288555897789603,0.5669108223283977,0.5904668366613086,0.5723917158202554,0.5162594430205083,0.5463288069021037,0.5642990141301929,0.5383088344178825,0.6250086355741389,0.5697516698940752,0.5669550109667418,0.571914227333611,0.5474175152578047,0.4811465284099946,0.5566160503601664,0.5032087313951232,0.55632773511324,0.5653884529756302,0.5875134546907818,0.596857841052016,0.5365687980839017,0.6147648300036133,0.6585744970298648,0.5623567439330045,0.5372709375514712,0.5956699043130532,0.5643862954802981,0.5934110384429153,0.5304034254795155,0.5519275602887949,0.5442938792354157,0.4832319354997092,0.5247475254474424,0.5956809832309864,0.5734746950460081,0.5261912804671609,0.5496161945310326,0.6009481033821644,0.5920730455104354,0.5491642571419909,0.577632563870246,0.5179271331128742,0.5909502789645026,0.5827221362513265,0.5776193658634208,0.5788548989657231,0.5678916188420531,0.5828085040080888,0.47653828676171417,0.5607419595773512,0.4928530273207062,0.5700874967967874,0.5465885732589403,0.5314309422636915,0.5000295310354216,0.5399218861048041,0.5753370988346101,0.5806283649755353,0.5091119317048708,0.5769519899830915,0.5746775565199541,0.6101836920065342,0.57863405084824,0.5434677502348513,0.5692110231725579,0.514412544000999,0.5754578976220476,0.5782298903662064,0.6068444432542847,0.6024273477988189,0.5136666201869119,0.5151425159917271,0.5763303087622216,0.4838711001023839,0.6007203731289175,0.6456710820424973,0.5581859511796126,0.5989847863437976,0.47621993635960075,0.5543208497474829,0.5622145052306544,0.5611532991398512,0.5116330695471827,0.5353723458309637,0.5309971639288261,0.5557786159513252,0.5799664410972517,0.533083935832174,0.5779052412728849,0.5785350384856356,0.595403617764697,0.5654199891201238,0.545091100294104,0.5834191402107779,0.607329237523713,0.5126890643102049,0.6008697457801402,0.5386222024189496,0.5541620589800533,0.5168119289346854,0.6644031633489179,0.42884666460457926,0.6445673634258041,0.5441346737109581,0.5340733308014317,0.4897677658295367,0.5796654110261834,0.6617876498776742,0.546332679879341,0.561534418721619,0.5564995644314067,0.5213528731044087,0.49866105526244864,0.6211652336702027,0.4825470604351519,0.6679019726747333
0.6246499343186003,0.0,0.6055293774521618,0.559667893266053,0.5074093801257663,0.6143037435141238,0.5314576649637065,0.6168519182585364,0.5961346228507738,0.592981297697296,0.5609191304054516,0.6231426888616146,0.5932834695564253,0.521703195253409,0.5772051000077187,0.5780130378989636,0.5799568702442409,0.5807310734586558,0.542626482047669,0.62031939295885,0.5994305535299538,0.6533886295735669,0.5106831421026203,0.6202913541001628,0.6098177797661208,0.5050871534399709,0.5038737054340313,0.534672500622905,0.5635058107037597,0.49233038976337445,0.5929862371264077,0.5407865796449659,0.6169596554572578,0.5315304636023993,0.5624466060130539,0.5210746928936731,0.5571463465184013,0.5387457537731538,0.5367493419120931,0.5992499930740599,0.5659369125334817,0.5986362613148374,0.500536888945148,0.5418184281843225,0.631743914313422,0.6034265700086723,0.5133279855160482,0.5092893056461365,0.5348747746657683,0.5232537565389264,0.5442127162836552,0.5940026644748712,0.5278687809364057,0.5750749271761021,0.5114536092476815,0.5859742509372317,0.5831864366292536,0.5774353529599693,0.504879488160737,0.5832142796717193,0.5602375556388313,0.4637010576321619,0.5183397439227239,0.46580097737138376,0.5061136403932847,0.5231871140798735,0.570665452935947,0.5270634337954082,0.46666226646861014,0.5677586472166403,0.5939623831766476,0.4988750071768358,0.4851758120999184,0.5784739334740416,0.5863985543236457,0.5144688205913903,0.4979454598623847,0.5461620780970167,0.5370183366240715,0.4618727696142074,0.5246759921614751,0.5976792884526774,0.6207779700969389,0.5186320838264113,0.5200504415842241,0.692172074684874,0.521868629474064,0.4679818007396951,0.5625028629763397,0.6109038008982084,0.5367076915102554,0.5861983104555119,0.5265797839642372,0.5432164235166046,0.5429759491520848,0.5816383244893178,0.4912298395149666,0.5911631950966664,0.45913572847817685,0.5837728917293724,0.5003109874926795,0.48649192193562335,0.4573482036029001,0.5433685363464786,0.5262335387530095,0.5922198895991873,0.5119120760560916,0.6013036500219988,0.5857918351565344,0.6363172430279469,0.548380037900474,0.5010210007609494,0.5224204029984567,0.5072210630682643,0.5483930036265678,0.6929927055611265,0.576948715016058,0.4904868363671056,0.4987971068523734,0.5144226902648069,0.5328976255378226,0.478845487889487,0.5532391993075386,0.6426904500887275,0.49494228670089263,0.601521930333089,0.47802094692908675,0.5920187874176159,0.5750969939419089,0.5200172162104753,0.5512303430936166,0.5473682968332817,0.4933700059149043,0.5776716941660511,0.5543192391528409,0.47695876294982703,0.5581983710055534,0.542901022234974,0.5751107983257919,0.5475882546019576,0.5139381985566587,0.5304063653208675,0.6447615680979945,0.49948625786657025,0.5517822204665122,0.47561491575471343,0.6143340310655184,0.5517175394632328,0.6209883253249783,0.44375843029961276,0.5607807027411147,0.523434618290254,0.5393012118654646,0.5282092480783501,0.6145861520903542,0.6181453259703975,0.5356484695010291,0.617662070619092,0.5193456766222202,0.46445889581082445,0.4950746912249149,0.5515459200490018,0.48985753078902905,0.6118699421529457
0.5633142224062739,0.6055293774521618,0.0,0.55851400403798,0.520628103245086,0.5993673007622126,0.4950840666793265,0.6059908753297104,0.522253978142282,0.5866054383622215,0.5459714481630255,0.5299954492092283,0.6067784310557025,0.5197132859258157,0.5059733360291282,0.6116953051428221,0.6220737346941605,0.575696775665072,0.4810725839285944,0.5451566288802786,0.6379807047670254,0.6458392054899743,0.47701672418826013,0.5302542766086945,0.5628350583934517,0.563602414301478,0.4851416863435824,0.5053717967702224,0.5109828732951002,0.45752476297146666,0.4944785961714038,0.5435523460851289,0.5558913453690235,0.4880691682970937,0.4990729908609267,0.5240843576301094,0.533751552233046,0.5352141991864913,0.4730714829727845,0.5868350929498064,0.5326941101402421,0.6312878934713956,0.5195155950265375,0.512196215253213,0.5983490526782715,0.5838431888993175,0.5382102253105171,0.5034526100361861,0.4993635302392842,0.5359184700452426,0.5583561043867165,0.6375658661888206,0.49879569205156143,0.559670010119352,0.49310310556561554,0.5497923496600415,0.5481119326470639,0.5979872596216834,0.5208453716871118,0.5420409004795478,0.5556008728088757,0.4886090604497494,0.5750443185054855,0.4771380932951233,0.49670338115904666,0.5386659169940945,0.5738531855272205,0.5643474339897739,0.5304260446291402,0.5762343886362464,0.6110184434039728,0.4716215788385188,0.5294699262450412,0.6379391982204564,0.6015897005659113,0.4596237439314049,0.5256228577883619,0.5451844746479824,0.523763296807368,0.44228290360248096,0.5460916655775958,0.5825009683900451,0.546654665470984,0.5234543437027936,0.5433601907979072,0.620204556055753,0.5273980334696197,0.477889976119171,0.523905121807806,0.5174074739959622,0.5818259460365645,0.5315430690817543,0.501083137823555,0.4839028445512214,0.5672383474590124,0.5249507027462594,0.48615154900591173,0.5804575879423631,0.45328970059899754,0.5781985077790736,0.4478391570249359,0.5211341564243409,0.48401352822873284,0.5188562647269322,0.5338307884217159,0.6471658717923539,0.5538578722592576,0.5924082782703043,0.5770920506277701,0.5684087028464168,0.5249726695420679,0.5173004862202518,0.55529603773151,0.5124797572788274,0.5312814945783675,0.6410287869137987,0.5264125976745384,0.46716277789926347,0.5671020228107089,0.5216121875950435,0.5141587997566254,0.5035889381636901,0.5382774460822655,0.5660579374189235,0.4542526574730834,0.5302008264816185,0.5295312385026699,0.5509029413323631,0.5815250725850003,0.5203837674424888,0.5223460072096014,0.6372594055824455,0.46287813585725684,0.5176858977493713,0.5134528774050837,0.45157602974013344,0.4745533829034545,0.5017213774803535,0.5610066420189325,0.5012626184474073,0.48424464410734697,0.5360179618298236,0.5961188085519635,0.529156797264254,0.5339921365714497,0.4979195450735828,0.5587348657782469,0.536665191148181,0.5957722166884944,0.4474533993832661,0.49999639226469456,0.47677551933807244,0.5161793903557214,0.5603472639147867,0.590966225514532,0.5648857732113282,0.4689415952771095,0.6038255234681801,0.4628686586658614,0.4661249507949224,0.5203020344859344,0.4911271231009797,0.4963997021201155,0.5537323484905672
0.5280778248194526,0.559667893266053,0.55851400403798,0.0,0.48950239675838175,0.5301857169015182,0.5369045410930976,0.5474003013290878,0.458413565757308,0.5330959533500665,0.5870816304387689,0.5380460735831072,0.5407991981279796,0.525209528177135,0.5204122416682782,0.5554124960764932,0.6043756499931057,0.5525244412940118,0.5455247029256995,0.5161939292679067,0.6192594989550413,0.549251746159487,0.5120347028737093,0.5242304143786904,0.5438857874320593,0.5557872706317349,0.494919949901921,0.5588046770461512,0.5496676755929694,0.42364560895348385,0.49970662122170567,0.5393849230449244,0.6594303601474627,0.5408331724028432,0.5202812748038192,0.5716776837630534,0.5074026000187623,0.5329657630833982,0.5289060250263217,0.6259947944802626,0.5857999849750908,0.5051256759102052,0.5181115452279911,0.5536495399351066,0.5726761262372093,0.5687982243472812,0.44631928877566035,0.5074242865965723,0.5406979856200316,0.5416496823393852,0.6307471519734299,0.6059283678627448,0.5297041043570359,0.6809555030205294,0.6028757180154076,0.4556089854575203,0.5869601781512082,0.5752493421549093,0.5495344077266086,0.5862645061209156,0.5932346718935019,0.48090997604078806,0.5704565399592421,0.4765510418085492,0.509269632931221,0.5479259595218177,0.5832285677037554,0.47465438384318615,0.4902046854201124,0.5470870780796507,0.5431250171263889,0.4986450536709505,0.5355876480686903,0.654787824993844,0.5732894288446484,0.4778970125511242,0.5785928313426181,0.5342378253021632,0.5382323978766934,0.4502641538694376,0.5085586634989401,0.5727968699941355,0.47239351772594584,0.5109754688783039,0.5860409178768634,0.5369594096767867,0.5167178153352777,0.5028083552296455,0.527322509967724,0.4541833485939471,0.5820610940812331,0.5450671938848208,0.5609879279570839,0.5353025767030699,0.6075390076622763,0.49113713271806236,0.49688785078788855,0.534114683728007,0.46400592800928764,0.5996332008391498,0.4926283096337075,0.5521242367253133,0.5399886315365687,0.5177499870800841,0.5620263084740051,0.5380941445335103,0.5797192484689531,0.523732293006813,0.5741770966509393,0.5089594402887356,0.6202925979561345,0.5493261920683795,0.5459044490209705,0.526411956274102,0.5743688132724444,0.5551565644140553,0.5454837095615519,0.4844376592761008,0.5883489613340999,0.511788684159223,0.5140431494538017,0.5310282495876333,0.5148106882831299,0.5798994898391784,0.46196190280827426,0.5693324842381318,0.5228586333242253,0.5106389455103126,0.6219575444804798,0.5100952345281964,0.4371149032875465,0.5427926530457029,0.49292898462498996,0.546876698823428,0.5216955961096746,0.44763749683451426,0.43146581889909,0.529762486119455,0.5634542828542283,0.5279426008488391,0.5424384699664256,0.519290412346482,0.6240523217119007,0.5526673385698827,0.5431652355044692,0.46721520722769755,0.481619279371927,0.523164441999696,0.5246367356542673,0.438212285321425,0.5622836860785799,0.5247438506197981,0.5499305521398692,0.460127868312843,0.5907239798652357,0.5320951363326927,0.4808531743698158,0.5368114676747135,0.5568578724510973,0.5272676609042678,0.5016287587563534,0.510365005829903,0.4952237823992882,0.5596634397354425
0.542999828294925,0.5074093801257663,0.520628103245086,0.48950239675838175,0.0,0.45059467635382633,0.5499156838728988,0.4712535377626419,0.5132282117385251,0.48745435127834286,0.532291131348273,0.5206284480780423,0.4740816332993034,0.49093482002704236,0.5730545765867809,0.5264304169549126,0.5075146299281844,0.5613831225528224,0.4667812598256816,0.5085760803030516,0.5373793173809333,0.5698537886327528,0.5065561428720048,0.507542133456505,0.5151811093038966,0.5179939668724631,0.4757816141400424,0.4399837791293523,0.5147313305007352,0.4887113762971864,0.5357241696655618,0.49220973577745925,0.5171000703069442,0.4562027712385717,0.5486526568659584,0.5383743724104303,0.506233755400745,0.5325717926810914,0.5245651755697086,0.5265828780074977,0.5262320794752552,0.5104712268812539,0.5688373188147777,0.5631778113291279,0.5095643253540802,0.5088858140098533,0.5251701247441575,0.5149263578429972,0.5458973093339969,0.5573929984222579,0.548967715189997,0.508000116155553,0.46729318199140113,0.5009599802178275,0.5268168963334177,0.4544446810501171,0.525716373314957,0.552401020294452,0.5017294802034306,0.5138270199108789,0.43016369103283963,0.4607191306798851,0.49464857760026604,0.5048360585419843,0.5075472158098675,0.45625195450926204,0.4767344110400873,0.516244637090075,0.5091049170824656,0.5032562413292087,0.5596229121585694,0.5140175594752674,0.4560652005926117,0.5136830503171249,0.4694645150452882,0.45270760264197185,0.4803982922012357,0.5812503883209307,0.4826025869175192,0.41568888047347546,0.44951453092747884,0.5506073121769505,0.5142869602701374,0.4387719866645292,0.5007168486208041,0.5132936767782715,0.46090177693794904,0.5111991281209295,0.4624105419125426,0.4487563270816232,0.6446828680545037,0.5438046685980924,0.5824990481477627,0.4537665092310789,0.527745106617413,0.5149569961949845,0.4247059212341384,0.48341948621682496,0.49680106648111316,0.46544814686088615,0.47820849503823715,0.47573879080779374,0.49733970714034187,0.5159477166973536,0.5135326752699386,0.5108753227350527,0.4577707392963836,0.4790054953101426,0.5377170866326532,0.4758518670392172,0.5100766604803872,0.5546319008729993,0.44464806037650534,0.4756700825446645,0.49484977581576506,0.492762471749743,0.47052280222947024,0.5561581366059146,0.4568534317986512,0.4768702997958486,0.6290905717467404,0.4700887680012257,0.4662914355335294,0.540817495529685,0.4793898949293864,0.5128579616516353,0.45275679028548343,0.5237675890812897,0.4907782543413217,0.5379296439230702,0.44744011234728603,0.48399004950514424,0.4312977571417099,0.5066490312541833,0.48627185608408785,0.49217353344682635,0.4761356189123711,0.5824814968010403,0.5355493217183971,0.5495595593178055,0.4650977461807414,0.5169725490548543,0.5358099860709297,0.516630677588592,0.5418139612040841,0.5084899183544348,0.556669517272084,0.4703152716988034,0.5328881268431975,0.4139025169302485,0.5120262970713972,0.48372953006566005,0.514541709578307,0.49557500210656025,0.5220261493231889,0.5075339925669128,0.4261604959717544,0.48784451172642596,0.48344638366629344,0.45798271221594256,0.44430461211501365,0.49404685428243666,0.470355430680879,0.5771478141190759
0.5707650733695692,0.6143037435141238,0.5993673007622126,0.5301857169015182,0.45059467635382633,0.0,0.46339665466854557,0.6050239259191031,0.5226639210216253,0.5631736508688034,0.5399351498428656,0.555402642352483,0.6028523594214364,0.4843472706716153,0.4656145767347036,0.5949202629906779,0.5817258724123977,0.5137270332712761,0.5196963500660774,0.5499859590230866,0.5871806180279692,0.5434608631073518,0.4498482948593375,0.5042424971020767,0.5893919348829791,0.49810221229737744,0.4435750511369519,0.5261752669167268,0.5103025215346114,0.46433252951524373,0.5117995169259396,0.5636048884854051,0.5261754934401419,0.5151539259260608,0.49184861552323245,0.4793748185163297,0.5468252327719595,0.5092248583826878,0.4725649307187447,0.5082554838608188,0.49202377749716375,0.5968826408285205,0.48004556536503207,0.5150674052560629,0.5552479807639099,0.5437965067532049,0.4806360605995733,0.5088867370761773,0.47931336736432045,0.47783783350732006,0.5213496353466806,0.6104881198888942,0.48703040843224726,0.5353542047793687,0.48335339244019293,0.5872751926736244,0.5428379245491938,0.5886188061815723,0.46483126515743023,0.5120326031787689,0.6072301488815692,0.4726959474003764,0.5523304980729528,0.431461329969872,0.4678345098473013,0.5377341266562785,0.5441492368968148,0.5182122374521961,0.4511061478366343,0.572403265293253,0.5611465978317465,0.4527179564070673,0.5107747107241645,0.562272739367367,0.6167043215353596,0.5019662099088931,0.49959730792210577,0.5062772971789977,0.516032853002618,0.5099461488293868,0.5888918504366438,0.5374132905158538,0.5523563398233788,0.5483340000370244,0.5296645484265033,0.5929611321858639,0.5844054576027324,0.445689933618049,0.5522564327484005,0.5392535830254687,0.5060317352791485,0.5240114810743263,0.47613034761431705,0.525587366553488,0.5175776497165456,0.5397865468874713,0.492815146023053,0.5911736073624541,0.43794749602742467,0.5605442791422081,0.4617471159676504,0.5023121463083496,0.4525467633904883,0.5019952620276832,0.5133211089038188,0.5754589763259844,0.5279236722338508,0.5901019499203566,0.5076582085634176,0.6000037262113862,0.5350886551664338,0.4751008342972704,0.5910196076657397,0.5093239507949359,0.5226983927533961,0.6169903038629717,0.58659947900168,0.44799829424956567,0.5443805905015492,0.515397246840047,0.46897112027226445,0.4904914349832326,0.5791967592743156,0.5894601317201641,0.4723962244330319,0.556280466973861,0.48714950297521403,0.5227429397486211,0.572533692453306,0.4614823771515942,0.5390935153738838,0.6117071482658883,0.5042958895692166,0.5380172576742009,0.5086426174857697,0.43967220577708016,0.5006367157855841,0.4540002133182717,0.48086376999425384,0.4923134793863416,0.49207465482475116,0.5357646791542952,0.5594479275111477,0.48264410802082225,0.5269649481252097,0.4540414310084274,0.5244742903358731,0.5346032073420824,0.5780913914547966,0.4561091701760134,0.5269939086272134,0.5008003247521969,0.474265847912975,0.45802028051680854,0.5960071490154696,0.5686237994516177,0.4991193539425835,0.6319364857652939,0.4632534089234115,0.4813712074908672,0.4921262877777847,0.5405767922135278,0.48395427511946365,0.5474159455990869
0.5587679727996198,0.5314576649637065,0.4950840666793265,0.5369045410930976,0.5499156838728988,0.46339665466854557,0.0,0.48019306967732234,0.4733968309353467,0.5641893118345593,0.52852910698522,0.5423415636048347,0.5313147115275213,0.5036946707582286,0.5705820117967135,0.523999947374987,0.5120178528755919,0.5629038211974131,0.4787124758004787,0.4990173646285641,0.5119369433764474,0.5228434211044797,0.6336804198552853,0.5432059631921776,0.5760785044285784,0.5203627800781723,0.5263113233872944,0.49375215340373957,0.5249664233919371,0.4755218790049589,0.5371348741479152,0.5588093428808607,0.533095122962779,0.5578852505075195,0.5297465509812327,0.49944430658647193,0.5590173761022851,0.4697604459483881,0.48979147553180385,0.6135555681878604,0.4750309097304435,0.5081616172365576,0.5314706783435422,0.531230689916774,0.5703131399018149,0.5540275227276937,0.5123183474295435,0.49971983971627204,0.688513583627348,0.502515787592264,0.576479918917311,0.4871319099385484,0.4524934215623245,0.5107750259457655,0.5606924625889622,0.4741445145139093,0.5166396905776384,0.505014138806224,0.5616589027099048,0.5404873278898192,0.4590911874874489,0.4450978659493378,0.4564960237393959,0.46072582734762135,0.47914069944693055,0.47186257379402197,0.5507274890912071,0.531712299685255,0.4843263259665597,0.4984425587582368,0.524101076374328,0.5000191054230357,0.4640472610092547,0.5675358929499832,0.4530470570554981,0.5162360112720884,0.557208350839393,0.6009193452860988,0.4628895810588398,0.42512237175500145,0.43399451355754554,0.5175560190024562,0.513473488019388,0.42526668950639274,0.4873641032458848,0.48262251842234416,0.47027150618724356,0.5501656364360491,0.5282118518095429,0.46403243385744203,0.5662702392845976,0.5755169153041716,0.5550869054730438,0.4832113862718044,0.509466086264039,0.5212507160647151,0.4027562738800051,0.49978681173993866,0.45207585693808233,0.5608997403705666,0.487954033931892,0.5049377864808384,0.5137548080645017,0.5060387241348703,0.4839756529476817,0.5173353365924825,0.4714836650800788,0.4969675056607413,0.5810673280453063,0.5231394942736721,0.5833606928709014,0.49667359191510824,0.4800806735906155,0.46166657188213667,0.4891705962313867,0.5083607296728491,0.501799045831906,0.5943344361284071,0.469298129242688,0.4636641899056459,0.5077635616347512,0.44899189223159736,0.46799436510162196,0.59003641987387,0.4418066932741062,0.5472895759649488,0.45982857965418733,0.5470703544476646,0.4984332795316502,0.509230840397282,0.43959778792542514,0.4438685265262257,0.44657335789762137,0.45578143571493374,0.4659421121789346,0.4393902546728497,0.47468426432651895,0.567865006384519,0.5504321682033094,0.5184109212949644,0.47795448282037456,0.4982736427508382,0.5781262549433115,0.46507918124832,0.5183692115543,0.5587603260785401,0.4765785690146888,0.48845585689944565,0.5297051506738275,0.3781624452697635,0.5181548082234835,0.4751584912325831,0.48383913102356507,0.5345186557317103,0.5234683891030675,0.5269117586461842,0.4853787109314634,0.5269515253658207,0.5283220585697336,0.522878460101347,0.458285180815908,0.48723674472968914,0.44654722068692093,0.5258931412358403
0.5612766505251993,0.6168519182585364,0.6059908753297104,0.5474003013290878,0.4712535377626419,0.6050239259191031,0.48019306967732234,0.0,0.5822377686330902,0.5937886258926118,0.5284130348396919,0.5978538943788579,0.5875956726175097,0.48783634747719806,0.517079438137182,0.6063926684129239,0.5641759977517429,0.5572582899670143,0.5168279375882456,0.5551041569844398,0.570822894513012,0.5615356235430646,0.49744568781640125,0.5101033590821022,0.6035894747861654,0.5188849450077879,0.5221004421424974,0.5260313206093221,0.5050977215280634,0.5076191501756676,0.5704099864585876,0.5438108252477534,0.568017597493424,0.5227763352669033,0.49529258570065926,0.5078206289913908,0.5522285596567877,0.5525972620304257,0.5085175399742605,0.5339386774926866,0.5258762703003,0.5705162585542217,0.5183187915270153,0.4935295094480047,0.6408790765747449,0.6126403759754012,0.49658900337406736,0.47913273420386,0.49938107947966465,0.5015085740032384,0.5296304089464123,0.5584212093430222,0.4832130529273001,0.5232500938700565,0.49649597388495464,0.5647288609290729,0.5497061670601856,0.6462491107823406,0.4711064319990778,0.5529350552053645,0.5753712212060409,0.48146010581705173,0.5353930883685111,0.44721524233991555,0.4699843355239872,0.5222216107110768,0.5492620682733623,0.5232648720871286,0.4864435811931375,0.6753877495959244,0.5698601328149414,0.4727598810794795,0.47404617599317234,0.5717210250496872,0.6130273827268036,0.49264134952866523,0.5115234159805587,0.5301396264938815,0.5833728235394251,0.4494226485594345,0.5233337036082891,0.5670478576528407,0.5917165132246377,0.5496468396989895,0.5282053938833816,0.6839131121359578,0.5832023663650502,0.47298036753779904,0.6054899803234665,0.5862524533490652,0.5378483912801383,0.5505612637930211,0.49778543693402744,0.4939972346636035,0.5169967555561811,0.5630853516093303,0.49036235841782533,0.5895113707727646,0.4410802448416468,0.570603100572309,0.47032401649878053,0.5595073051297044,0.4746983864128268,0.5587210568671178,0.5337290490199339,0.6385240878042815,0.53926125415661,0.609885465843555,0.5533662986240794,0.5368183423587659,0.505379825782452,0.49883741153884004,0.511152257581739,0.5578659527011344,0.5431138118451556,0.6383588025217342,0.5546513468297086,0.47364749313260923,0.4799427011058286,0.5316043683779907,0.48719085755029773,0.5615402802245294,0.5047645664631187,0.5948680447337195,0.4501230722627388,0.5848822983243162,0.4816699281024784,0.612418248949936,0.5577943239421899,0.5056443631626768,0.5776941531570233,0.5804400785650258,0.5114402740392784,0.5285780421938492,0.5051144688579503,0.43286390714609657,0.5230235056218686,0.4908652392230565,0.5540091727519733,0.5696779944936127,0.5015039356957696,0.5167033678658683,0.5776883045506727,0.49877658803581265,0.534087405577158,0.4736054970768868,0.5702289473109718,0.5745196428439291,0.6156481791069979,0.45074234094844656,0.5439466017918587,0.5023417942484504,0.4994430873780211,0.5109132533122045,0.6473096201210807,0.6170262535532264,0.4836083228525375,0.6372001388468996,0.4622889339029646,0.46512292595377175,0.49591424657416805,0.5139025178626333,0.5186054916333492,0.5407886038337547
0.5908405838215938,0.5961346228507738,0.522253978142282,0.458413565757308,0.5132282117385251,0.5226639210216253,0.4733968309353467,0.5822377686330902,0.0,0.5302268720361663,0.4988147758673972,0.5642257136804321,0.5043163616747017,0.4723104510456919,0.5352418632747898,0.5203111190800326,0.48602275019914826,0.5454060607177187,0.48060655931699336,0.5675218595295496,0.5077059407889186,0.5796870572732833,0.47157506557251294,0.49452888687292507,0.5741787515775241,0.4539730702049011,0.4820794534560774,0.45492730521794883,0.4834588184707246,0.5469603320232945,0.625913882211543,0.48904178154675726,0.4972373961633559,0.45745348773389655,0.5379615658883817,0.47725116795219347,0.5305624405532418,0.5311383209984345,0.4973915888846734,0.472954790400101,0.4833133756462636,0.590874727770716,0.4940962187528132,0.49344404002756487,0.5405460302980649,0.5097758973761939,0.5029231296795236,0.47138484043718243,0.48816088404763686,0.48592681950267225,0.47579530133177905,0.48866681754769326,0.4566741340632178,0.4640523063924495,0.45521785275711363,0.5791183408869194,0.506800085879856,0.5623707727463453,0.4494140981937334,0.4903871323521448,0.46396447275705044,0.4404599088532621,0.46899766492080197,0.45307753915860466,0.471926126247983,0.4554012224752232,0.48472134686302565,0.5210419912041907,0.46671530437638997,0.5821610756840802,0.5571081554113008,0.47557097227694684,0.44490181250161714,0.4806932926277759,0.5151093270569661,0.4748876139332751,0.4367724884227776,0.49951107642489745,0.4933829259373241,0.42010122286897855,0.4707943160731534,0.5657513640129137,0.6203108806806992,0.4735088598464537,0.4747351649789498,0.6251340542876405,0.5230353853109576,0.45824177762940926,0.5082152579581604,0.5976458532061459,0.519787355339855,0.5621219768591303,0.4820017832151083,0.45682027330333713,0.48793181570766947,0.5888522741457594,0.44673385578075686,0.5398819940696347,0.4593885244603147,0.47324297058594333,0.4680926848272624,0.46191922956598913,0.44053330469310614,0.5435500821371371,0.49738414675329534,0.5205025174930138,0.44086531422698094,0.5473106376083388,0.48947685071489677,0.517000020321615,0.4642794538614374,0.4842756261991393,0.4590944198582539,0.5037721970809035,0.47592481265903663,0.5435967416755644,0.5031920559439972,0.4880359691402127,0.42385744453884017,0.5042089409701604,0.5080438628385807,0.47644777174332875,0.4870663259309046,0.5388619666662597,0.49633914501184834,0.5160504991892543,0.4314381017901952,0.5434497388364677,0.4770168908199468,0.4913467782774978,0.6113704374768543,0.5008780108027641,0.4643009754181267,0.5430657803922827,0.5004929615522276,0.46020457641490664,0.5600603660076232,0.4939027542860108,0.5098992521889172,0.5508375766178848,0.4679488457572307,0.5034071215379757,0.5384182372283663,0.48102334987518525,0.5174874662413724,0.4761081650270302,0.657935719595676,0.48493911703371095,0.6038033833488281,0.42523381234159985,0.5289366909091454,0.4863159065232467,0.48394197148190743,0.488241261541182,0.5539273613821543,0.5877354526264739,0.4545721218320395,0.5318732271523507,0.45331360322507513,0.42019593864215093,0.4421201826916259,0.5317457446794979,0.4870461683875512,0.5665487894839012
0.5810432888075848,0.592981297697296,0.5866054383622215,0.5330959533500665,0.48745435127834286,0.5631736508688034,0.5641893118345593,0.5937886258926118,0.5302268720361663,0.0,0.5278300991264486,0.5402515520496984,0.6481440010665023,0.5380189460723045,0.5022706345646464,0.6224327066471204,0.5766003230275439,0.6085553260972326,0.4712688447353583,0.5238479542819049,0.5330988228923301,0.5298303011618744,0.5802757504509721,0.49991235121850774,0.6956493182765421,0.5470735275461054,0.5766971691003661,0.5394607161179167,0.5688427808482767,0.5190757596283522,0.5325300461184949,0.600036348191928,0.5341752878080143,0.5415949950465713,0.5056859810063207,0.48839330827164834,0.6114389539395232,0.5305091273084718,0.45293985053235747,0.5932947778019884,0.4866332569367968,0.6023556357445612,0.5223258498927907,0.5003534907992587,0.6108018619271641,0.6094475736920918,0.5584667843847156,0.4903160737948056,0.580643280714905,0.48150640478974305,0.5325465721166683,0.52723726006672,0.46637503823023646,0.48549505113190455,0.506589272115537,0.6136229443164425,0.519321052758467,0.5697577665214077,0.5280691864904138,0.5344693059311693,0.5124523228452263,0.48245638436029975,0.4945859964501144,0.46307709609951964,0.45857803865935826,0.5062472930229404,0.5842665671906756,0.5964207476141293,0.5356127902696641,0.6188465176058637,0.5500865060833908,0.5026201769988132,0.4910559143042613,0.5831535415039538,0.542140317789318,0.5594644831144676,0.5307939594170564,0.6236504397493966,0.5257908024540993,0.4851395008085953,0.53192140383411,0.5107926377104018,0.6112656515913657,0.5257761160370432,0.525145420244341,0.5821804583165433,0.5484661404056328,0.5181049997319458,0.6680273969476866,0.5389064233815196,0.561837747404713,0.5632702607224924,0.5102792425087744,0.4825862227827638,0.5312905721643213,0.5941703091888352,0.4223173538052732,0.6020273024923718,0.45560339047313886,0.6149946066987134,0.4873505881512219,0.5234421535623155,0.504534575261426,0.5802549572264494,0.5095726794832527,0.632445616903184,0.5099895509999889,0.6783730560669184,0.6043310365106628,0.5577682884072677,0.513072294225668,0.4958325277385403,0.5413116350932272,0.5599619537069475,0.5318350441718439,0.6158847312962883,0.5939307062660987,0.5175207745088944,0.5047839930076738,0.5637928647188277,0.48328398148927537,0.5209862700526232,0.5164391304628944,0.6221619496282118,0.4567186422372584,0.597649141879263,0.48639046993041407,0.5590968386028895,0.561412606077746,0.5309522578712955,0.5831387421608923,0.5209686135376601,0.5076843409102555,0.4748679365414225,0.4597664397862598,0.4347476764389811,0.5305214104673458,0.5140021237722504,0.5726085695319812,0.5359099992481507,0.5194645764627679,0.5483355439095026,0.5749978820729191,0.47849278424080005,0.5541189713559319,0.5337728213807953,0.49468031648376437,0.6109307310266905,0.6704871085680925,0.4338542418898211,0.5043845981997892,0.5246067788201985,0.45784670238449815,0.5685717261586165,0.622220797996287,0.588651458584494,0.4929424884132605,0.6791705792255763,0.4978401572876909,0.5215698103551389,0.5726747236380809,0.5428907435092483,0.5305574865854568,0.524880079525885
0.6289503240600657,0.5609191304054516,0.5459714481630255,0.5870816304387689,0.532291131348273,0.5399351498428656,0.52852910698522,0.5284130348396919,0.4988147758673972,0.5278300991264486,0.0,0.5475765063849966,0.5979866491911076,0.5400414673086871,0.5276782637390568,0.641568593551628,0.6151975225778957,0.5984407368899467,0.5479705158429874,0.6036692208183159,0.591957572136482,0.5971095987387193,0.5206057868627594,0.5608062255150523,0.5972419662887772,0.5457367660392443,0.5068965502219629,0.5920756750387136,0.6054887298641709,0.4702942660200587,0.5335017108564738,0.5703687713380275,0.5467122725323897,0.5341768072539016,0.5846905113892635,0.5228052265688546,0.6005534743478441,0.5705541761387835,0.5569890849882513,0.5924764565313422,0.5187056605416699,0.5273558475056376,0.5476811573198807,0.6004616849376088,0.5636996162675335,0.5388467246707624,0.4408252641358925,0.626838322964918,0.6010606271321608,0.5320255096126649,0.584647192743411,0.5496635126011502,0.49344982686007505,0.5810686112550645,0.6173884462809852,0.4645338197496551,0.6185082234112352,0.5861535846307242,0.5287340773770536,0.5515949099924468,0.5839448951838571,0.45439518519161326,0.551016096260515,0.48132267182350325,0.5037272348275852,0.5314308427147993,0.5782875913259983,0.5088192581459113,0.5071411926915393,0.5976123467927437,0.5674416431642821,0.5277692641008713,0.5368865762766595,0.6049729308160847,0.5743772891403366,0.5155561660284922,0.5816512752690177,0.555035728337695,0.5226559694380258,0.5018104171316644,0.5056791371774497,0.5396152477738363,0.5092648480421009,0.530678425373313,0.5557032077464442,0.5456200602436229,0.5828322032572888,0.5011777583184495,0.520730793776582,0.4693407634400771,0.5829502243531718,0.5035960867440827,0.5861199102438003,0.566097208600461,0.572141769444788,0.5183140321678368,0.4654009119822369,0.4964696036318081,0.46839958766243445,0.5276276585812293,0.5501901901792015,0.5427079539010919,0.4820427999302276,0.48833516524997056,0.5436449839958366,0.525856715887357,0.5114938442582744,0.5452814157323533,0.5281267115818771,0.5614671838586018,0.6076513396674883,0.5412259880247976,0.5524846967539759,0.541985812417662,0.55770779965986,0.5596479150771074,0.5466372371089269,0.5704204470919882,0.5358247158742223,0.5025307521693441,0.5758578145999939,0.4880382457606742,0.5658771536504457,0.6099630893010265,0.527002426947386,0.5958949460688642,0.46194941489521485,0.5217048002264975,0.5673377077289874,0.5189135124967635,0.4550142390215027,0.5432485861517985,0.5799573161906725,0.5707816730683722,0.5783354186635851,0.48806280076217257,0.49276676958826704,0.5445048835800927,0.585787659019905,0.5455229210291923,0.5297303986593893,0.5653822923263832,0.5611541401547389,0.5137336679916477,0.6043930134420499,0.46541828944941754,0.49690006278173116,0.500850908636437,0.5585921661043356,0.44300929890414714,0.6320563562677824,0.5286886359115368,0.5687630623769574,0.4394713699117469,0.5605158192436964,0.5923989197600634,0.5833205958195988,0.5374421806941039,0.5842078957325856,0.5511587153554833,0.4696980888716928,0.5726183374733278,0.47325029219001935,0.7172195204051363
0.5640868046466025,0.6231426888616146,0.5299954492092283,0.5380460735831072,0.5206284480780423,0.555402642352483,0.5423415636048347,0.5978538943788579,0.5642257136804321,0.5402515520496984,0.5475765063849966,0.0,0.5180784997541961,0.44759558428080093,0.552333678656885,0.5632128688725621,0.540260744939148,0.5213907965799027,0.6014483371027329,0.5552735215164494,0.5779915344583543,0.5592647134896916,0.5492864445060782,0.5889664973233729,0.6072019805819169,0.4807561969895421,0.4942063307765236,0.5255437065617851,0.502739694358993,0.5513117202142538,0.6083935777788656,0.528901795167847,0.5482622141680151,0.5788591633966226,0.5103645797958587,0.492461476334998,0.533190913984681,0.49887366796577554,0.5731250431723444,0.5297225273482052,0.5169658746406223,0.5678962128409182,0.5035349787628633,0.5219752819932674,0.5809434506934932,0.5614414966155341,0.48026178270069575,0.4865264866347298,0.541547353629699,0.49136237727434323,0.5359228294706372,0.5343119075672805,0.46583499797763067,0.5368045920384222,0.5106401935858669,0.5239009998253844,0.5622715730651849,0.6345085288715162,0.4582627648668755,0.5422724052361041,0.5037143086374398,0.43275221643134776,0.48362110924853524,0.4297811059864046,0.4681383543315618,0.4771766579476837,0.504137866134299,0.47924809898648596,0.43230715014996884,0.5539471859951189,0.5267933085920412,0.4560285713841548,0.4435225400096735,0.5397582107163568,0.5254450130072301,0.48431450836119067,0.5047397141858564,0.5447849839899007,0.5140941839628592,0.44215646180519363,0.46599391012520563,0.5650206414047765,0.5894611701954434,0.4585611551282163,0.5029441239842484,0.5862870087351724,0.5118505367304658,0.45457644379887135,0.5389058734350083,0.5603176101627437,0.5310602213557089,0.571138588506807,0.5194650694862097,0.5069872708738486,0.48788273174486024,0.548820766254181,0.4505132443227988,0.5549656255922611,0.4315320207120409,0.5223278621593284,0.4656773105747395,0.5087711463022345,0.45984549481505316,0.5412116732363048,0.4896221226849473,0.5494795287887854,0.4924189019301925,0.5643204021424754,0.5238543731532984,0.5739510923978914,0.5793182487199555,0.48855815154058485,0.4649671845006755,0.49673797134132947,0.4943607750151361,0.5986375645407463,0.5380924707382805,0.514455548476521,0.4591708519524803,0.46998209885376785,0.5023945266411375,0.4736295994042665,0.49624669982123487,0.6254282472648295,0.44783129379914727,0.5786310545527868,0.444155516455607,0.5995439838883266,0.521427027187332,0.4615033058392351,0.5140569869285024,0.508263765204242,0.4669617594816276,0.5321294879745585,0.5144060039884142,0.42769299969763647,0.5420703288540136,0.49770975262096845,0.5230614928806309,0.5817843583091025,0.459795041926468,0.4901264239603648,0.5869609744169538,0.4715243240770821,0.5213307999777168,0.4721763300036789,0.5911453582215752,0.5114170004376102,0.5733406192687014,0.4210586954574783,0.5707920513120741,0.4896009922115847,0.5380508982600721,0.48783656747274184,0.6308721947144385,0.5672806350190314,0.5077445289096809,0.6029543585546221,0.4674552955560995,0.46354483326431556,0.4322890501287148,0.5095885073816359,0.47221707577201516,0.587084969779071
