0,1,2,3,4,5,6,7,8,9,10,11,12,13,14,15,16,17,18,19,20,21,22,23,24,25,26,27,28,29,30,31,32,33,34,35,36,37,38,39,40,41,42,43,44,45,46,47,48,49,50,51,52,53,54,55,56,57,58,59,60,61,62,63,64,65,66,67,68,69,70,71,72,73,74,75,76,77,78,79,80,81,82,83,84,85,86,87,88,89,90,91,92,93,94,95,96,97,98,99,100,101,102,103,104,105,106,107,108,109,110,111,112,113,114,115,116,117,118,119,120,121,122,123,124,125,126,127,128,129,130,131,132,133,134,135,136,137,138,139,140,141,142,143,144,145,146,147,148,149,150,151,152,153,154,155,156,157,158,159,160,161,162,163
0.0,0.9230910441315876,0.8444546591412642,0.7735581304297436,0.7245641990862367,0.8625745290489524,0.7956911935134611,0.8206729872898026,0.9136169185108812,0.8381392885486718,0.88908665036545,0.796448117803136,0.9051658724499742,0.9022143623120672,0.8368397210193098,0.8761587373635604,0.8634886882443645,0.9220753661932211,0.8757450119025332,0.9817430234714049,0.9229474826620868,0.9215360759751241,0.7138040823559434,0.8819538062694317,0.9532922900264762,0.8070569221902594,0.6564155127800236,0.8548084220738834,0.8581809764375041,0.7370587297050506,0.8930149556362608,0.8941703604279128,0.8021345561177636,0.8285277571142612,0.9474467855944427,0.7780210106096195,0.9331358467053834,0.9175527170097713,0.7561269397357784,0.8108725172759994,0.7507939512740189,0.8587254572289905,0.8758727677202697,0.9319484921948922,0.8923262102573015,0.8207520111675215,0.7885710643306952,0.9221336162634741,0.9052640453576368,0.8287875977108328,0.8608230372264667,0.917653267570823,0.7814999399352016,0.9010363391456335,0.8748467587197508,0.9010567809230876,0.9508661171443278,0.7549922101622701,0.861145333686537,0.802990313844378,0.8730624586194285,0.7467573484782128,0.8984611815619814,0.7997387857667254,0.8859237514231684,0.910249212869024,0.8536086367277773,0.9476588268049366,0.8377550245547737,0.9040691450935875,0.9706412148277743,0.9220036949919006,0.8679958359112747,0.860689163367964,0.8575428376693656,0.9261348200753499,0.7847626507900556,0.7621940385101482,0.8282145610591698,0.7984538699630706,0.8513204034812804,0.8977008326236873,0.90250766032822,0.8665582274826668,0.9073637845398825,0.9185748128488187,0.8609166446690583,0.8106680132667795,0.8311057833677925,0.8490832126949092,0.7871251131238792,0.8126201677809792,0.8224502779420975,0.9503549022684429,0.9239444150574542,0.9211694449500321,0.8836286463274564,0.8805521922391916,0.8028474599633185,0.8278410342055894,0.9179516999738969,0.7755434565595853,0.7176453496639867,0.8151636062755977,0.8958326673772095,0.8326097854692526,0.760667794789577,0.8440719915830578,0.7842553655924471,0.8948352923594338,0.8755876893655233,0.8045904035926981,0.8831696171334252,0.7491249633820769,0.8828915960517963,0.8390937753096289,0.8790029052296566,0.8871432754082293,0.848078488482514,0.8363471717578785,0.8471850114409174,0.6991994044659182,0.9044622136991178,0.92813129795347,0.9150092736402763,0.8803806981880744,0.6921313975981561,0.7937398168220107,0.8812868471907325,0.8771155401761661,0.8565503404424252,0.8559346162437289,0.8467916483605336,0.8658181251245428,0.9169127248811731,0.9294479655516102,0.9167762858931237,0.8423784105843045,0.8228644269595415,0.7601711942071011,0.9051765796576878,0.9217247600772777,0.8741968751497481,0.7846050622108308,0.9089801165724897,0.7919205737743836,0.8518933485694838,0.7203246278577915,0.9580984272717542,0.6368214664151138,0.9335724670196436,0.8341239533509948,0.8112045937780209,0.7086037082979931,0.8769435264660368,0.939754697306003,0.8810730678590025,0.8283095176059482,0.8955647077700954,0.874473863886205,0.8017992689411563,0.9487841779869985,0.9508469627556951,0.9065050548709168
0.9230910441315876,0.0,0.8798176955419823,0.8404687330939904,0.7112086660067657,0.8385692026046572,0.8039189438908059,0.8435611608836614,0.8343281142179552,0.8928896986879689,0.8928025406289323,0.807535017042986,0.9074224911969448,0.908811516138326,0.866132663665644,0.8747269283895931,0.8741476530772271,0.910993731663415,0.8401642899569346,0.9171882330334091,0.8883693258397037,0.940043613460512,0.7465729571007391,0.9307178161306576,0.9103798399076143,0.8108658518065001,0.727892121546809,0.8833425174332109,0.9714846196665411,0.7112636017778575,0.8500846996606806,0.8229460039022406,0.8975893416005515,0.7895348732561733,0.8963454565094917,0.7716560560435689,0.8955472227077454,0.9183866103046212,0.7694762903903826,0.884094575235207,0.8353909971078839,0.7868441650852157,0.8080316943111375,0.8914005796974641,0.8965933288824228,0.8383107435941524,0.7586347958102104,0.8813225356856673,0.8819102477289339,0.7843337514611464,0.821552195826529,0.8984573293558114,0.792750638238705,0.9340140240225012,0.8793348161527205,0.8577247507007665,0.9053066245076921,0.7408054422683381,0.8321969754648754,0.8253860942715748,0.8834481648723712,0.701632290272729,0.8506176820013105,0.7578318910014198,0.8124075205595767,0.8521837658726026,0.8462318431405434,0.8951521214245305,0.8061516438692086,0.8846146603728136,0.904310180788914,0.9001651607771161,0.7785792109284138,0.8578844430038819,0.8684968112765902,0.8818776248702472,0.7708564564153428,0.8057794420795947,0.8484350159811577,0.7855497017099468,0.8425171695164023,0.818665810433777,0.9428593663398003,0.8997824203549555,0.8079599432958652,0.9627043363123268,0.7828359088872768,0.7430582102770078,0.8348183852228742,0.8709151663703599,0.7528589255384841,0.7541395483340071,0.8286093373696602,0.9116780639160663,0.8836152784465365,0.9325145389575237,0.8314558134608041,0.8290889827038324,0.7228382570935536,0.83444178178464,0.9212418995254535,0.7196496168766263,0.6569733319605167,0.8465049765363966,0.8243788253128294,0.837090250850181,0.7496907656520089,0.868543258308214,0.8353999649927986,0.8841324837963556,0.8243687954053135,0.7354257886525444,0.8227993638941593,0.7546720197638853,0.9057652148374182,0.9100120919389711,0.8480615176447963,0.8304135447440858,0.8304637390108428,0.8270607041921059,0.8315786802315939,0.7027626879836228,0.8332676004213636,0.9467339677440451,0.8392077548610325,0.9598640239396465,0.6503514539533259,0.8223992586275145,0.9217952815209022,0.9053858597670625,0.8413383474535902,0.8115674765732149,0.8442586040174791,0.8311656259451591,0.8801200277761302,0.8883788056134156,0.9175084945681914,0.8768969557051174,0.8870728796155728,0.7571806398906922,0.9520557606240299,0.8500943470570237,0.8501536523366303,0.7257224857507512,0.8879249751791387,0.7128220905895222,0.8302018839147307,0.7989782636308735,0.9319649313507803,0.6491926681148134,0.8585543756271506,0.8592121261588952,0.8097433778122161,0.7500333644068741,0.9064332543650033,0.9110028795084945,0.9133050398659796,0.8715569937506963,0.9447920092918388,0.8175258265265725,0.8549458733150956,0.8854384249465471,0.9203906157162287,0.8772538589518476
0.8444546591412642,0.8798176955419823,0.0,0.8658280789742255,0.7407493879551206,0.8369936150581022,0.8305980714598274,0.8585268840945244,0.7249646239291084,0.9382912108604313,0.8680771501059477,0.7965762379783171,0.9252473760586455,0.8753824299005672,0.7770913926292073,0.9660099641097156,0.9640628915295973,0.8674325159697871,0.7592418780307281,0.8055499960402579,0.932520149501417,0.8979090408556326,0.7916552812865605,0.8480948443452148,0.8722466409016099,0.889157575364598,0.7652346596872979,0.8877742015476945,0.8824989783285403,0.740707146153088,0.7322643181171881,0.895414825729973,0.8318355658875122,0.8294003663892011,0.7778838006474074,0.780286283626485,0.8662621704026419,0.8357355371515651,0.6910658731688502,0.8967073670751089,0.7564983788847103,0.8464712057163826,0.8204392680226238,0.8153476172015204,0.8958727844523032,0.8471371609921258,0.8179669551061101,0.8324284611318435,0.8730027101693093,0.7874509186379628,0.8758196897738358,0.9124022822277882,0.7305048054515564,0.9133307651035689,0.8799038814187463,0.8307674380427253,0.8494764944871126,0.8340804109700848,0.8430381175566174,0.8293148443364396,0.8584080258839335,0.7661882386626045,0.8705189424376879,0.7504624708184547,0.7488105505513583,0.8330148664634773,0.8452728608923659,0.9100683120540543,0.8796278094924981,0.8658593359692199,0.867083849597833,0.795347243240325,0.8086566337408703,0.956490266179331,0.8628203180656234,0.7876494921391985,0.9099422851655512,0.8868326542438747,0.7784120693349535,0.7389757024666337,0.801132148913104,0.7785721122689029,0.8761949018887507,0.8293595187092734,0.8550162038785912,0.854291800424749,0.7651813605676114,0.7750916183546027,0.8369838200907355,0.7707735797371325,0.8283893492797725,0.729821380219402,0.8141854840650358,0.8076796123795564,0.8726544949677876,0.8405835859513594,0.7570031788626538,0.8289085347134144,0.6914654353866506,0.8810911772246756,0.7761501239522381,0.8318024114118723,0.7135301097976874,0.776768891177594,0.8035981526059498,0.9240997217949107,0.8571745239505707,0.8712606016482949,0.8476230985768599,0.8378372683444392,0.8500133172103701,0.7424988633300426,0.8303426186257442,0.794501734315456,0.8438842048212591,0.9194150296878899,0.7826927225596446,0.8204734022095768,0.9048521328040304,0.8369003551144866,0.7759556160780928,0.7562788889014234,0.778896510845229,0.8971249971715775,0.7001261677190168,0.8797827074540222,0.7628740881049944,0.8690033914416688,0.932044617954768,0.8422714156016169,0.8166970195800782,0.9002609398185497,0.7627101995885935,0.7046461859890694,0.7723910193733582,0.7559629358755363,0.7888295293362244,0.7998631878657736,0.8436823200555402,0.6956650281636548,0.8182026799936906,0.869121280725009,0.8496551505624285,0.7500141501843522,0.8244419845758472,0.7698897565591509,0.7621390610112483,0.8000112750586992,0.8836546518357451,0.672510457119433,0.7502236226429406,0.7337667307867696,0.7933381188368617,0.8473295465054689,0.8866543091214417,0.8211389508886814,0.8296246422832035,0.9196661663609835,0.804881713508529,0.9073057966464906,0.833547433254523,0.7442839198247537,0.8470942460894858,0.7882210766978563
0.7735581304297436,0.8404687330939904,0.8658280789742255,0.0,0.7255296553104642,0.7109342671477911,0.8804077824818363,0.8291860916088647,0.6967702043571492,0.8532203916451317,0.8311413251416537,0.7853944449952193,0.8317565101863719,0.8687051423343952,0.807565851629123,0.8158248440632484,0.830129282995419,0.8192664236486354,0.696144670312472,0.7364813182727945,0.8217382172157686,0.8569036694076301,0.872419431237363,0.840173933029637,0.8039452460735258,0.8994583754647795,0.876343115175974,0.835343131164537,0.8485413968233162,0.6446739121248409,0.732505671096487,0.7613112394086882,0.907748035157449,0.8297193831976877,0.7810726864663146,0.8179084808364901,0.8116069955126214,0.8026018046683123,0.7100684281976288,0.9287799486058732,0.7909545524471784,0.7497155176685656,0.7518869194143227,0.7862036679134695,0.9025111659661843,0.7876048034297453,0.7215615441938344,0.7698721596610407,0.8664842168699256,0.7488398154160385,0.8269160940498428,0.8152647242485063,0.6713974423433485,0.9129466486678547,0.8855001599420936,0.7373471684023726,0.7660802765552225,0.7648516772263032,0.8195990452880468,0.8133835759159677,0.7949941266941042,0.6868683149399275,0.7541472007440001,0.7575266772336606,0.6943792826024879,0.7281273035717446,0.8555743321177819,0.8126312677322718,0.8301202203728588,0.8196402683907862,0.7945256958038491,0.7896130352786803,0.7627585167445179,0.8961626526965556,0.7454772753729133,0.7028024980399619,0.8652236248847045,0.8653722806078709,0.745939510085532,0.632698528734147,0.6693658863174368,0.776518309561927,0.7804085146140762,0.7546987662142888,0.7831400179664931,0.8221831594950091,0.7130255315391931,0.7571222780736508,0.7634042596670009,0.7741541732689778,0.8209571333681627,0.7577140342850897,0.7809055831131839,0.7192103103614556,0.8589578584984943,0.8206762222516442,0.6868380800124876,0.7957879660127718,0.6946023346846097,0.8631856651904068,0.7824674897259409,0.7743795926233598,0.7608187582281168,0.8002934339392102,0.7622337936523947,0.8117576803238205,0.7481916429867922,0.8030624106719685,0.8248267728133007,0.7621262005634789,0.8267442076491858,0.7606280024071201,0.7595168523648204,0.7802179520906842,0.8007378045278738,0.8608165938702524,0.6836610499590513,0.7636127686442152,0.8249507788935493,0.861335244772868,0.7569936677339766,0.8024638776907183,0.7082809731659999,0.8180690486682616,0.6685478885764384,0.8392127837363448,0.7215680909123887,0.8682756276214117,0.8788282922735111,0.8387826269204424,0.6969464858714944,0.7155246169936932,0.7319528149244199,0.7174092720547391,0.745996304566706,0.6927695301189232,0.7029936451030845,0.8547042551964221,0.9053954692591132,0.689606411683086,0.8204960301277123,0.7618699158784243,0.8464201127529541,0.7539760342044931,0.7931122611166569,0.7716545733230562,0.7359567533110429,0.7114130127098788,0.7854202245933909,0.5907545290911272,0.7484646506204073,0.6760331376129634,0.7922763489467884,0.840296107588305,0.8540503588702522,0.7885550960613414,0.7840254388762493,0.8293475999702294,0.8695592492511344,0.813581803949975,0.7566262935952823,0.6907660366505901,0.7924579152805217,0.7666468120397517
0.7245641990862367,0.7112086660067657,0.7407493879551206,0.7255296553104642,0.0,0.5910263841559432,0.8587559471281528,0.6367930236204284,0.74472862995307,0.6472088551035639,0.7439005185020297,0.8451099427317579,0.6435096056121309,0.7189705337394499,0.8387519013422141,0.7224680139059834,0.7117941570137187,0.7523931156385764,0.7208648342812052,0.7034082230456984,0.815684615873063,0.8218313627307344,0.8169550145928746,0.7812058340470301,0.685507986123844,0.7656429475574857,0.701953183708854,0.6170527190962074,0.7235019619923384,0.8149617749007683,0.7741316834101281,0.6835599984570522,0.7533399624680855,0.6895809816081288,0.7761755622703027,0.8677908092703103,0.6953522762228455,0.7845291432119241,0.8352859827031429,0.7523544014943244,0.7923097216677669,0.7093077189461234,0.8222700394770586,0.8050285192619115,0.7327477561686376,0.6967181065262942,0.7823808328791833,0.7298223615287847,0.8255641518553061,0.8447075148764414,0.8247383940130891,0.7334572542806916,0.6617242811149544,0.8036922679312154,0.839447645732319,0.6199260136482045,0.7695212305548407,0.8093449406280154,0.7387933193590175,0.7695809131792899,0.5894994212836632,0.6875923643371207,0.7046842252790549,0.8228628862356722,0.7567893005784917,0.6341498303041925,0.6568592799057043,0.7329151715662606,0.7561564664561709,0.6669915221914742,0.7721429876764182,0.7795466779292279,0.6504684285596027,0.7365587922097775,0.6159340455725987,0.6216194529883589,0.731286463037345,0.8658121999611276,0.6666430817084094,0.5603209698836911,0.5771560186195095,0.833340098147844,0.7441008008323903,0.5826651093019786,0.7494835661251874,0.7128511112159995,0.6009020818981965,0.7634068732837204,0.6039864972287513,0.6500277184527481,0.9156088946994495,0.8062186372971416,0.8825246303028458,0.6532959636035879,0.7865217444690892,0.7349904210152297,0.6522865961573029,0.6682210259121346,0.8165703371467224,0.6469923724910478,0.7173099035771822,0.6958829696993873,0.75628612843634,0.7563435184519638,0.748936888404918,0.710469719048944,0.6497076515467957,0.6209507558453623,0.7473779693610302,0.6618330929644041,0.7859382028307217,0.8884560473157874,0.6034559936582581,0.6341845284153322,0.6937747101337638,0.6831961247647249,0.5968049412883161,0.8671668430966694,0.661786863307726,0.6776624525380692,0.9225070119499916,0.6721514771279034,0.6290731062451514,0.7481864320043337,0.6753020079207902,0.7127412709247168,0.6677728958136636,0.8307583966535173,0.697800080997706,0.787041591059202,0.6056850997331003,0.6649873813757421,0.5816216645074511,0.7284581078371161,0.7153737782244363,0.7407578597339168,0.6898863682522235,0.8499901626073747,0.762220194164932,0.8152816593292477,0.656195607800946,0.7423610708320637,0.7969534230998514,0.841429640505017,0.7560287968452849,0.7728681899199268,0.8808488310943838,0.6045571871896276,0.7155776759212406,0.59170591493272,0.7220589225777967,0.6447438976325007,0.8933728210493975,0.7861854640613228,0.7384711956713632,0.6807144732261856,0.6321607106856545,0.6585766480547027,0.7136345403669904,0.692073819046567,0.5942275487683907,0.6483147338580089,0.769018451955987,0.7756454980804256
0.8625745290489524,0.8385692026046572,0.8369936150581022,0.7109342671477911,0.5910263841559432,0.0,0.6561784899154997,0.8141017154524214,0.7437764236747861,0.8424362977433476,0.8288079117940408,0.7198689687410882,0.9116548898506592,0.7705997070110346,0.6606846453762965,0.8875985924679491,0.8466778019285462,0.7606515573622455,0.7842003437808934,0.8330385140656047,0.8376604837630298,0.7824006741243819,0.5902099787748344,0.7655045201156668,0.9029547655195461,0.7431961762227606,0.5769442280051448,0.8580034335287072,0.8044344068878578,0.6701532959249659,0.7191129278225102,0.8640872803265052,0.7022380941091301,0.76962253288397,0.7498804721801049,0.6210638759571167,0.882277198349333,0.7651259294083373,0.6241330925965215,0.711060705220644,0.6329215282069391,0.8369096915877987,0.7196063502953169,0.7999524699645846,0.7739373164174537,0.7315566412949307,0.6910125284871853,0.8555730376016661,0.7353529422913501,0.6531374978281469,0.7295597408074385,0.8729449278941912,0.6837358750852726,0.7869561030666401,0.735979501136915,0.9426849926062701,0.7998814712560649,0.7339967004989962,0.7087977681643628,0.6680174909922668,0.9260919403839194,0.6800309865066922,0.8513335329882206,0.6208344785362486,0.703479735283434,0.8558630146615187,0.796152125568702,0.869074497270636,0.7081331408420126,0.8706982321181735,0.8296790186149802,0.7144111412876833,0.8127767078765886,0.7944936181356405,0.8861931893918569,0.8627238603195581,0.7484270228300567,0.6964731296474067,0.7481233004605046,0.9286999844258117,0.9487180020612017,0.7043224633619041,0.8555690981377656,0.9168245910519607,0.7969527602560071,0.8225633462801587,0.8876450234533312,0.6547710017418162,0.8145795991062926,0.8128648800365773,0.6502144774641903,0.6492305368164781,0.6636874469665,0.8692755052214538,0.7602944545391257,0.848060897183891,0.7932320298628267,0.8413687250652521,0.6267750782306156,0.7801650279776852,0.7747208168237395,0.7296413097588912,0.6022566892394307,0.7013311166668985,0.7374139961297334,0.7938889975821425,0.7464036061184319,0.8812739966511249,0.6780819733140754,0.8887356089143561,0.7876486100888104,0.6242145474489144,0.913035778344092,0.7416969124033006,0.7855235520965864,0.8332392110044665,0.8710166100855355,0.7035753158275054,0.87763081676932,0.7852194808619906,0.6624662949362424,0.6643941910047277,0.8852510570416804,0.8621997247005826,0.7848049195493265,0.8398492483321346,0.6410041813228635,0.7001844598128723,0.8512990118243114,0.7051320274865355,0.8942496378410167,0.927421163521993,0.8659500906277462,0.743648619425864,0.7925868754029333,0.761927435603633,0.840268759510817,0.6586125730993213,0.6804858416638527,0.6150839389295911,0.826287514236241,0.8431108023388151,0.7128700408513612,0.6279194922380141,0.8078872272085176,0.66196450830617,0.6996888007028825,0.7453245841921949,0.866189841518268,0.6804979201143764,0.7855273375936197,0.7626971006178789,0.6368541240772175,0.6180151343227126,0.85069547906543,0.852040732010992,0.8705539263843775,0.9101174672554535,0.7636855604492527,0.8516311281715814,0.8004711887637412,0.8673013944507482,0.8057392125905524,0.7840334196245321
0.7956911935134611,0.8039189438908059,0.8305980714598274,0.8804077824818363,0.8587559471281528,0.6561784899154997,0.0,0.7042394715466634,0.7227282724132643,0.8016497137747266,0.7944680326893423,0.7978905326069851,0.7711176178334086,0.8790868863467056,0.8560385596642318,0.7761244547647375,0.7973351142277887,0.8339348966390088,0.6969159546104899,0.7551050174207138,0.8615558541703007,0.8708508706955387,0.9215335639343728,0.8476397356841109,0.7898696341067886,0.8951225811352034,0.7918940343605998,0.7273023360295412,0.8038886755736688,0.6713004926788313,0.775480548453926,0.7916322033769041,0.8395099514530564,0.8418704592435542,0.839007242490201,0.9135940913605582,0.796035029224434,0.7862750337510463,0.7493191682192479,0.90818398022,0.7835112475184848,0.7807290882770586,0.831761012969568,0.8427776881125776,0.8821629336836896,0.7839206658748917,0.8293488458714228,0.7862268940819993,0.9521743264068081,0.854740800596726,0.9053219585312412,0.810256579356927,0.6899433021367953,0.9099022900549918,0.9279984281928509,0.7261791184924907,0.796205914342538,0.7356684292692597,0.9078324899134396,0.8452486732589077,0.6959108669343205,0.74368980608726,0.7422040066861411,0.8934744322717667,0.7871444415068428,0.7295005980101541,0.8287988208448624,0.8454118202949588,0.8628463219115169,0.7247239359927017,0.8411086630151408,0.860514256292011,0.7853908737422752,0.8870030076655422,0.6637706300696206,0.7091576788836134,0.8661792309558647,0.9148778695966582,0.6960023588215293,0.6014452034760609,0.6330563243141547,0.8648589230098912,0.7600268573884363,0.6543670815599187,0.8399674554212103,0.7588945854535719,0.6687793967871936,0.8644778528567844,0.7107261505917946,0.7235397944779467,0.914169487460378,0.8876563254891072,0.8631164906452001,0.7205385310273142,0.9220989235882703,0.8051764683881815,0.6874890697427127,0.8061011271700037,0.8409530736944314,0.8328874963257814,0.7929597068488167,0.7710965666325224,0.8685349001447262,0.7991457000243214,0.8053265093809472,0.7978656501655874,0.7405827538644842,0.7197764820060587,0.8500047410108715,0.756960049711982,0.8920016908414862,0.8945402568780924,0.7350584050392487,0.6734188944785066,0.7667886107818481,0.7637650462437545,0.6683405214478059,0.881391479915012,0.8051734186434572,0.80341240458217,0.8607096470354645,0.7043865808932729,0.7150487133936341,0.8114361078068602,0.7065092892873475,0.778433157821916,0.7882126971860577,0.8759414353197593,0.8345187174344278,0.8748001719324668,0.6431104120862591,0.6868780483774749,0.6496606499712908,0.7202555576024862,0.7613963235897017,0.7543876062799092,0.699820661128627,0.9172010378598072,0.876131148594744,0.7277381256998142,0.7538021674946653,0.8199696140748264,0.9281424534277651,0.8674557272266705,0.817308648061426,0.9008836643824019,0.794112012678934,0.6536911145360708,0.7965039353003512,0.5635824533868509,0.7590535089106257,0.6646255897771298,0.8476708519191611,0.9133832152663474,0.7940875720061786,0.7633422222019307,0.7171513617462355,0.746971604607957,0.8354386112990326,0.8285611836412102,0.7116959593615784,0.6957510572345372,0.8252383262016922,0.7782234754701184
0.8206729872898026,0.8435611608836614,0.8585268840945244,0.8291860916088647,0.6367930236204284,0.8141017154524214,0.7042394715466634,0.0,0.7665973340333326,0.8372572929403598,0.8062670587696718,0.7637023637620048,0.8693266145004838,0.8021319096273412,0.7758310567745045,0.8689097162564295,0.841363754888794,0.8421640560316538,0.8059754648661049,0.8099747238903553,0.8218660424968736,0.8238273157121393,0.6951046503964533,0.7743622890771337,0.8269403805280479,0.779183458885766,0.7376100468698198,0.869713241117438,0.8051239832549877,0.7152599909664009,0.7809497253516791,0.8156966017203531,0.8449383533869433,0.7605561607164568,0.7568518888714475,0.7394189598451787,0.8195444207703636,0.8644563031001303,0.7120793965076572,0.7874572409725655,0.7616162319079794,0.7110727213824012,0.8027754242531279,0.7593349366610888,0.8794702889897081,0.8436051020065882,0.7090607686762885,0.7738083150235031,0.7701970492837187,0.7511316826574905,0.8023024803978259,0.8387383212467301,0.7444789768334652,0.8558889580799136,0.8256416587241392,0.7554272454937466,0.8408149605758227,0.8080141992465243,0.7511994329366567,0.807673512365764,0.8993596748180945,0.7401683420522268,0.8768696603388421,0.6759128425562806,0.7381421628892222,0.8401627894153421,0.7823738217499343,0.8223321264169826,0.8114713793054191,0.9499013047493847,0.8309049619630967,0.7760740326042836,0.7305889462309355,0.8498420041283584,0.9065345190652077,0.7985835925173668,0.7955075678272224,0.722160134631287,0.8814256933606122,0.6989888261030474,0.7849097856870343,0.7700473993179106,0.8348773854361783,0.8917218303202459,0.7865204733654093,0.8921143769980923,0.7978888116553405,0.7366604753829458,0.8774190203811222,0.7731317700011948,0.7319560744870895,0.6918301564606717,0.766189894839884,0.8196393507620943,0.7836188159606944,0.8170722363681663,0.8491248831656563,0.7663203144893541,0.6353178080676777,0.824223085745871,0.7787812711037685,0.8534294634233502,0.66462607082609,0.7950118822885469,0.8254133436097176,0.8584051349237862,0.8267378322182141,0.799831858310134,0.7855325907746835,0.7507071814975198,0.7408294717854599,0.6864816729178141,0.773859765009033,0.8261440094243055,0.8767147440987235,0.8545718781884708,0.7882432227401709,0.7513512993698429,0.7680345899703371,0.7909218273681132,0.7104558850117882,0.889107966652004,0.7204174148553969,0.8475971913840435,0.6922047314544831,0.8836306307887621,0.6713622724770621,0.8280426210035302,0.8524548203379919,0.8200635496640306,0.8189959541992315,0.843493129966454,0.8129327002350798,0.7190630673353373,0.770682806631367,0.7464950461087545,0.796822489627251,0.7564542331545306,0.8091291590890677,0.7510390035541696,0.8735236653088089,0.7671612776396989,0.7762526578343891,0.7026186463968819,0.7659634386831499,0.6772691133970006,0.7490619603898258,0.8023148344242522,0.836976725996946,0.633631318169274,0.7926730254999477,0.7730704700693499,0.7541904543414727,0.7102595288060153,0.8667389819228539,0.8381654515957355,0.8056553596317809,0.8354486843795943,0.7869898110726238,0.7970746310493078,0.8013339088075139,0.7483213468443591,0.8475579910713766,0.7462041249135978
0.9136169185108812,0.8343281142179552,0.7249646239291084,0.6967702043571492,0.74472862995307,0.7437764236747861,0.7227282724132643,0.7665973340333326,0.0,0.6984444178635191,0.8323726635507561,0.808165138382073,0.75416281435973,0.7962623059319854,0.836594295350018,0.7622674388081528,0.7316704589275997,0.8418872350139469,0.8864632850532591,0.925343439583538,0.818756066381395,0.8747825241950842,0.6628300289001254,0.8030941246565366,0.8385503409862712,0.6973789369411718,0.6302681396998765,0.7345858470552463,0.7792095663220014,0.7828308634379227,0.9387243812257249,0.7609377837013624,0.7523432784567678,0.7096874052651488,0.9310727437761013,0.7713940366894191,0.8227756335469855,0.9221688213429123,0.8326029954163294,0.7001541240558008,0.7431819752975702,0.7664410569840686,0.8338255166038543,0.88176723466785,0.7882325003692875,0.7181828116658064,0.6973874405543472,0.8438089257506238,0.8158533806444348,0.8100426140493722,0.7774821257956568,0.7822081713952554,0.7408081990055231,0.8194436389943784,0.8237718898828533,0.7621378992965566,0.8881360374828514,0.7582867679472801,0.7525490788423301,0.7442968446881082,0.7560943591220048,0.6807965998976001,0.8064903772689788,0.7829864532126072,0.8544553461594523,0.7761890422104254,0.7312577677568859,0.8098346030436507,0.7600763048283035,0.854028997944017,0.8822917682937302,0.8794180180595966,0.7560183636989497,0.728075847496961,0.7769149130109528,0.8062061880699902,0.6777556643152087,0.6858912788155598,0.77531786359807,0.6913862525430926,0.7256537895999325,0.9006988861889715,0.8312655794592172,0.7643195878056043,0.8046973242310531,0.8640160838424497,0.7968818554657985,0.7575233219047838,0.7123146891063984,0.7943130135930145,0.7614692152458241,0.7958171803972236,0.812909174742807,0.8445371105474221,0.8326755584840341,0.8619644136424485,0.8593906360918084,0.7543156638236168,0.8182028868548155,0.6830247242673905,0.8843305266305567,0.7135417999035256,0.6733153101539187,0.7956320739303822,0.8594061652897422,0.7023985066486206,0.6501049300546128,0.7205355286688707,0.6904905172527745,0.7699254314836069,0.7818520894998121,0.8105276128219795,0.7397902348117262,0.7430453661097878,0.7911458295598511,0.7247223835121331,0.7617303716803892,0.8701254950733435,0.6973261947009419,0.7622570211084787,0.8614202304811285,0.6920199687301193,0.7888090263271672,0.8174594219445888,0.9139934631413965,0.7995242685622717,0.6098713527525262,0.7486436278526682,0.7480380788280832,0.8139326402611232,0.7949226145703479,0.7559390496507754,0.7828365071407996,0.9236446981072092,0.8930900455188151,0.9024375939548951,0.8596503282810428,0.8102469716473557,0.7636945423939218,0.8289873320292482,0.8267717619425133,0.8312882622305208,0.7974931731133901,0.8040198887628349,0.8469058959934179,0.718373136455394,0.906038318244763,0.6331872374078646,0.8574462752590785,0.6340499249618509,0.935655209555134,0.8043444107333435,0.8474833195663023,0.6262918996501864,0.7943138341144355,0.8661650680841861,0.7801260607335804,0.6944648959287084,0.8300562651230771,0.7285484003828382,0.6654903555057685,0.8974736472598717,0.898911706428599,0.8951653980776955
0.8381392885486718,0.8928896986879689,0.9382912108604313,0.8532203916451317,0.6472088551035639,0.8424362977433476,0.8016497137747266,0.8372572929403598,0.6984444178635191,0.0,0.8140053622984008,0.7193954096952054,0.9358534792844241,0.9014669863558066,0.7408279547343436,0.8903343379421015,0.9285325792684638,0.8635088335032016,0.7358100199675919,0.8042574163275784,0.8577303424768098,0.8420788012143472,0.7661397512213846,0.8056801943832762,0.8848151874147521,0.8254671180263873,0.745483508708358,0.9197613617371956,0.8818594225280159,0.6510498592677858,0.7099173461683427,0.8969632482203285,0.8158902413902046,0.8330996005677397,0.7742191963455575,0.7421744417648976,0.8460267178820544,0.7890861922070366,0.627736311435429,0.8820488980810482,0.7212439395291947,0.8156982244430272,0.7675024501113674,0.7753272169339734,0.8886370057873609,0.8412265651861883,0.787411651625025,0.7943734321396058,0.8526379837513148,0.7459743092974869,0.827663566445665,0.8802283603335488,0.7454933078771175,0.8759127688042063,0.835580329511289,0.8570824728360179,0.8138017687039457,0.722274599111952,0.8729932694173925,0.8099209946121663,0.8794090079105651,0.7514528875032322,0.8347102866837828,0.7367295336933425,0.7414063490130834,0.8554467411025041,0.8604874712072712,0.8845714651615103,0.8662048466267632,0.8388027321543785,0.8292647757057225,0.7987271325112666,0.8267649148562602,0.9274937878613646,0.8634006608819236,0.8349744801036192,0.8481431659871145,0.7946156251254032,0.7615507060673258,0.737549707465087,0.8228264183389642,0.7412690128503986,0.8232184834609308,0.8509199351125368,0.8302047813785942,0.8304412196342875,0.7574835896363801,0.7715460036402331,0.8854407680583554,0.7555142779685579,0.7486948593495131,0.7274511386306768,0.7610824611645328,0.8251106952042029,0.8632794459389672,0.823644549184347,0.754957172298268,0.865218819659204,0.6738784457558847,0.9289082919276377,0.775503199831489,0.777800043445919,0.7042758545537443,0.7835922821409504,0.7935483577216585,0.8806727339474907,0.8455328998370227,0.8918173739957834,0.8383890750717602,0.8336111593868315,0.8117992306783536,0.6909578475562816,0.8629791090559431,0.7625961363660912,0.8445977405563653,0.8882219004926067,0.8360085422340795,0.7756201700500115,0.9165220495122969,0.84859543640227,0.7022338577039352,0.7107900437413623,0.7925417891239115,0.8580987831857274,0.7039661769997202,0.860444755260121,0.7617800891359188,0.7800613439324144,0.9500492153875334,0.8259742847202141,0.8323975158485833,0.8304307957997876,0.7655780003200379,0.6741231659543748,0.7516510082691426,0.7449955608705792,0.7699468337478078,0.7692955723121835,0.8292349489071551,0.6429514595070928,0.8551340497928088,0.8440620048116004,0.8458793918220509,0.7134026922169735,0.7869835211596545,0.7563030003030236,0.6856279496532673,0.8021533308425419,0.8950140128922279,0.6435999644796584,0.7305229883171094,0.7592845031664381,0.724775287602888,0.8137825022652675,0.8472643493971904,0.8094696697445536,0.8282889556818697,0.8811298036217101,0.8232006075550692,0.8970406531015707,0.9000829446671356,0.7638318246905841,0.8353365417175258,0.7355945513998066
0.88908665036545,0.8928025406289323,0.8680771501059477,0.8311413251416537,0.7439005185020297,0.8288079117940408,0.7944680326893423,0.8062670587696718,0.8323726635507561,0.8140053622984008,0.0,0.8703131962052358,0.8853784989867589,0.8555667283869164,0.7833888445570377,0.9068126154238776,0.8350383817633477,0.8034717217079907,0.7728222503907967,0.8779603804157113,0.8923038255320604,0.9440471625146857,0.7353413276643929,0.9260797232485637,0.9277784388113475,0.8773366536207907,0.7220030527874229,0.8465017795768383,0.9070567869095777,0.707579828085131,0.8141068606700491,0.7917724099793257,0.7864573441191354,0.8336856527237507,0.8795556339873489,0.7428386228964036,0.9556613192648431,0.882086424715537,0.790987129702929,0.8290433893392204,0.716436353654545,0.8806853803483011,0.7608724794933982,0.9148573224233864,0.8685528942321767,0.7067083195280858,0.6717220312443655,0.9575772843787144,0.8766252113573705,0.7165675547881741,0.7700494704871801,0.826691459263404,0.6324755327925742,0.895900741300178,0.8788021610393053,0.8637072577220086,0.8210785877876663,0.8027862911978718,0.7597860111702063,0.712795957067105,0.8681891794965368,0.6233757904179942,0.7713807534247956,0.754452778719692,0.7120320411660734,0.7498809434500789,0.8894465746072013,0.880995371709191,0.7656662477602296,0.9006917258751237,0.871182989477587,0.8088091120673084,0.8364264458959003,0.8349356286069155,0.7860200787489446,0.7539534579085696,0.8305923749995145,0.843855698967518,0.7301106852450316,0.7910778067980075,0.7546062004413361,0.7962522665813563,0.8808201191964387,0.8324236131973065,0.8095675757665735,0.8908903979292024,0.8805334937608424,0.6918534324660266,0.7062546197377987,0.9320649346527423,0.7661796856746711,0.7158427800419268,0.7489137523044991,0.7957771288583989,0.8568954386998461,0.9440619170523585,0.7334099480649213,0.8223603239175871,0.7319202600697919,0.7557677651356735,0.9074019373450241,0.7509171323910911,0.6637270705319274,0.7514718135306923,0.747627249241284,0.7631021979551178,0.668784222692243,0.890485140004648,0.7049364601742445,0.9303116062911894,0.8993882591969273,0.7711701114269778,0.8513229288492894,0.8429346165500335,0.7637448183479528,0.8542384432658362,0.7184851328293473,0.8321066061318606,0.8586636320183114,0.8556099189945959,0.8336722254690978,0.682971331929754,0.8807854430081026,0.8735806441240824,0.8541034423857933,0.8804746609674962,0.6257402610437778,0.8440233210343512,0.8737356690472305,0.7979779772572274,0.7917176606333136,0.8212945202160779,0.8946522050040577,0.8959727014720817,0.9261561181173656,0.7906205199975442,0.8418403959745577,0.818715028945182,0.8606084987137106,0.6994913081009334,0.822803433648368,0.8858472646159651,0.7777866278204919,0.7409053061577083,0.9629681345163179,0.7429173421044383,0.8374033750285383,0.6552998875195057,0.8843743115407888,0.6871522004646562,0.8899232023687746,0.6958842595435084,0.8092960124589166,0.7010647641939787,0.901501225537525,0.9319581140173274,0.9316977326564921,0.8782275855398618,0.9025739423768109,0.8203094727166897,0.6977650760737201,0.8501946693350041,0.8318508324548473,0.9580930130886651
0.796448117803136,0.807535017042986,0.7965762379783171,0.7853944449952193,0.8451099427317579,0.7198689687410882,0.7978905326069851,0.7637023637620048,0.808165138382073,0.7193954096952054,0.8703131962052358,0.0,0.7303733547129003,0.7369928416589436,0.8285705938264593,0.8137650774018309,0.7509619338746565,0.7512808029532732,0.8354365004974582,0.7935141354338615,0.877732126925737,0.8744883992324631,0.7501634040337698,0.8566447100407989,0.819829261968146,0.8051975255263428,0.6807601506854934,0.7074267328801811,0.8251621675077748,0.7901070233981563,0.8622235698614672,0.7308349819368747,0.7965871353639716,0.7819978132545468,0.8332597671120506,0.8213091467529099,0.8137068788062288,0.8561411414647108,0.8991998986994252,0.7494029539437116,0.787888248139713,0.7631256024428756,0.8133873991824582,0.8994315545742222,0.8057137388263602,0.6969654170908806,0.7045047237919846,0.8581670531463332,0.8302384809991437,0.7672160431779546,0.7919464342652895,0.7896346812832581,0.6373083295314999,0.8792837032155577,0.8948678685148358,0.7185878951557955,0.8036911037485396,0.891131568176091,0.7075155659443225,0.7274933845822573,0.7187212440505126,0.6423993289575369,0.7560340331715703,0.7616515927922584,0.7262049911643338,0.6837505115912293,0.7304140815642962,0.7813622538706809,0.7242280438928225,0.8028668321399987,0.8179913939178901,0.778724377849673,0.7032765409657248,0.7586668654186762,0.7038552570046236,0.6829649864061783,0.7555736991652591,0.8428079185758817,0.7405003232369175,0.6650282007999874,0.6663370256597362,0.8271455142380744,0.8282794820890553,0.7053570012065984,0.7770179623630763,0.8237035650097994,0.74770343714112,0.7024644488311361,0.6548314013989326,0.7883269004497967,0.8152764877171577,0.7767374117244318,0.8203915758513166,0.7228218000624842,0.7782393979208754,0.8860528576520642,0.7271699025008849,0.7743325685917419,0.7557494601701821,0.6760394161724931,0.8179617119092488,0.7530150430538385,0.7123854887922547,0.846397532190269,0.7563766108007689,0.7303735512813264,0.6624105962576606,0.7396097325833026,0.7060810340838568,0.7813749852270633,0.8648525891447617,0.8229161011492417,0.6946637031211003,0.7311718471567683,0.7344494883307396,0.7451110393504026,0.6645127915302328,0.8626228848816841,0.7462407631698655,0.7391368019025267,0.8644710956174783,0.7303903064415905,0.73546911539594,0.8253411908713271,0.7615636788042996,0.8479801166109929,0.6106947862262676,0.8697309660948974,0.8091779604153782,0.774919646139193,0.693833817124534,0.7466332219077242,0.7153079930506314,0.8433634232532331,0.8453623309744956,0.7681496201915585,0.796236830024373,0.8261250486611943,0.8017603380956252,0.8158580603107789,0.755713887243851,0.800319317378182,0.7622725061024955,0.7895871091717094,0.8745515707421097,0.7391262073684717,0.9147280759811082,0.6340510328280279,0.8278611726721066,0.664478470767726,0.8482457469464055,0.6940281851526968,0.847726222552997,0.7016159371053879,0.9103249714001315,0.8063127631820097,0.7482313420255858,0.7744108296462093,0.7940592233161391,0.7243265974134477,0.6264667529608674,0.7553931784034674,0.8396412444650366,0.8677248209188785
