0,1,2,3,4,5,6,7,8,9,10,11,12,13,14,15,16,17,18,19,20,21,22,23,24,25,26,27,28,29,30,31,32,33,34,35,36,37,38,39,40,41,42,43,44,45,46,47,48,49,50,51,52,53,54,55,56,57,58,59,60,61,62,63,64,65,66,67,68,69,70,71,72,73,74,75,76,77,78,79,80,81,82,83,84,85,86,87,88,89,90,91,92,93,94,95,96,97,98,99,100,101,102,103,104,105,106,107,108,109,110,111,112,113,114,115,116,117,118,119,120,121,122,123,124,125,126,127,128,129,130,131,132,133,134,135,136,137,138,139,140,141,142,143,144,145,146,147,148,149,150,151,152,153,154,155,156,157,158,159,160,161,162,163
0.0,0.3039817858630089,0.2614849706820143,0.28392049624485255,0.24647364748827186,0.2817668953802229,0.2714007186878546,0.2968873270197314,0.30786769285704724,0.27698004446028757,0.30874844422880576,0.26186002685636384,0.43227172956285703,0.2797659384710734,0.2938245282830328,0.3038116279824115,0.31020210664586295,0.46549265947207485,0.3016019659069137,0.405055340511974,0.30126485511874596,0.2989815298802676,0.3034184970469326,0.2843672229138402,0.3695535151449334,0.24999136792925233,0.2689283006161467,0.2860248930249729,0.24266413713935225,0.24124228329011962,0.29944733195547174,0.33074619228213875,0.2761226332482286,0.26335812972908534,0.38764888815437654,0.27474630644462256,0.3768254362245747,0.3461768938502471,0.2298278578258967,0.37012335181901385,0.2675924463514034,0.3145883626913372,0.2938238169180231,0.2852988604162069,0.31417246559252016,0.35998688067496853,0.2487342282895527,0.26482708179414555,0.37787122953397045,0.3487079804609296,0.30788446872119707,0.3009646553536359,0.2711012665889739,0.26208312356473357,0.2601289877382928,0.29868093436977594,0.4046006004967943,0.2959294120186773,0.2840270152828445,0.34616202811758096,0.27397805933581293,0.24500815318302196,0.30632540871463954,0.2509008301670716,0.29234319670736675,0.3283921281242387,0.3055480092219856,0.28661300019731284,0.2683896195096068,0.36233415043562994,0.36001075731460347,0.30231430029496537,0.31548888133852865,0.33364700140624004,0.3160091451201553,0.32087330184344764,0.24626631267583945,0.24950847514499158,0.2768739884950785,0.21737787303632614,0.26465179159236535,0.3335219272306176,0.2585065406711865,0.30469673472727615,0.3243833547410963,0.37690347319750794,0.32246532619831414,0.2995372038991947,0.34358686136056177,0.26662657072797435,0.3418373718525911,0.28376093136750447,0.29497790100983806,0.3441747971771962,0.3046174756085256,0.2629069894556895,0.21482492837643213,0.27579049779276227,0.2533570654103768,0.34033880603740274,0.26032889024544753,0.2651429593615595,0.25804978405878,0.24826564930307227,0.33513927957698675,0.3026924033794028,0.2755889171778778,0.3185065916824019,0.316949283534502,0.2869335173066042,0.29183520972807625,0.33834648666122147,0.3169294303268051,0.26524790917352065,0.32885490429214054,0.3447688066150542,0.32687933071265707,0.305015550027654,0.2540916356926395,0.27257970257397135,0.2972998405668713,0.24535029457132862,0.329511300903716,0.31660000574328273,0.27700542300412034,0.2598277471239349,0.2520996286997841,0.2437366730325415,0.25907446305189646,0.32187976850913946,0.25737368343966305,0.2729777184903678,0.2762271723192241,0.3090799665978904,0.29218046734535413,0.2630113820235567,0.27698491759579863,0.3450843736471757,0.2959578983759184,0.32501207310153885,0.2444271001322392,0.29712352864202596,0.3325801068798825,0.2523936124505979,0.3059967617536513,0.32130353834109837,0.26659588885244334,0.24064909266841664,0.31879808734420345,0.20790804283721087,0.37333631368789466,0.2644036600167134,0.33333955608674243,0.2222159734988509,0.31164564083737184,0.3548001012605678,0.32424213942643765,0.27342320675031,0.29017816034562993,0.28920810261018876,0.2535948003939421,0.358758361222286,0.2286917578065519,0.4209410556675454
0.3039817858630089,0.0,0.28350709698474663,0.3061950807735485,0.2160687513165101,0.38753328521634356,0.288645917275305,0.3884395448698279,0.28206390745988813,0.4091158956231478,0.2758699054095623,0.3289278003357706,0.3109566829400769,0.2808315971579284,0.3211603926564911,0.26649894993421946,0.2574576532720676,0.2776375755020488,0.321396827583175,0.2927252600054337,0.2900288442879905,0.3638800669853724,0.26751226661842425,0.2768118094690101,0.38225779206859756,0.21016012977928006,0.2462694870337781,0.24226502126926572,0.328484302590697,0.22548304508982633,0.3548778527227014,0.3264710571513698,0.34836194564583167,0.23829547457104167,0.28440896396389564,0.29684944358121373,0.3041805431205758,0.28694644632089095,0.2885426107309712,0.2986801338294943,0.29006394267649527,0.32098420089581337,0.23126149625309578,0.2620057458724187,0.33120646128555753,0.26724211355367133,0.2460538421117269,0.24225279259157023,0.3031375316633179,0.2714600559927824,0.2776609246648305,0.25285587011604077,0.2925961030110877,0.3526402951048571,0.3026631507165629,0.34726543322271286,0.28972419991736625,0.27733202891153574,0.29097995706261387,0.31412840720759333,0.33788518956944874,0.23002128663422752,0.24502420380834317,0.22287032861406217,0.2599084348752122,0.25478647947076777,0.2866915290184591,0.2745451000529551,0.22984100851356493,0.33156268693250085,0.29332362879523594,0.2634984610074503,0.23058547766794207,0.3101808535574659,0.3127720498533504,0.2659521027222792,0.2545942650454028,0.28659625865704863,0.2359071312920007,0.20722778632786693,0.2720673006225024,0.3027985658367282,0.33696974881003383,0.27031725044913435,0.2626986411847698,0.3838676192015509,0.2933086205418149,0.25205161892622907,0.2809228827050195,0.3115375550826059,0.24076193407320381,0.29969924435108425,0.29349286669340535,0.28168664229179224,0.28893063682493647,0.3947118077044707,0.2576190226066069,0.290618391300569,0.23246038563180113,0.2872314029636545,0.2717453763731658,0.26172852639449806,0.20784942753191016,0.2869439306533765,0.26277609894469117,0.25107324071570597,0.25371487925223374,0.3294604164822411,0.28353549219330487,0.32728428990306485,0.2756298364115801,0.25057916650869927,0.2897593029981506,0.255821068051808,0.27533326740947917,0.31207408014051385,0.2912610915913191,0.25563568322095215,0.2627049096836993,0.2515590751238228,0.24720958909333612,0.2568244617090291,0.2642126718709089,0.31664880559481234,0.257995676913282,0.3362101514824502,0.25844245708221675,0.3067027370623721,0.3114914459710271,0.2880023206917678,0.29423119972021694,0.27275407777159505,0.2518508516744912,0.30417380177385556,0.30458821197574315,0.2510835551995868,0.2639316595897974,0.2807983859099289,0.2887478005285801,0.2954102856359492,0.2845171351427791,0.3247822062280544,0.35080978429180404,0.27036259662562506,0.30616082817949636,0.2601036429017306,0.32516560572207637,0.2834570965531847,0.37086936778433893,0.2165417017782626,0.2633975806399182,0.3211960259926323,0.2625270147110864,0.2863492393543899,0.31318965392698767,0.3424525727937209,0.2967266447106965,0.3122050041351915,0.2675906146078702,0.24959891233293713,0.2803599316574933,0.31308615484822955,0.23988816560287998,0.273207421953324
0.2614849706820143,0.28350709698474663,0.0,0.23598023910600754,0.2624942178705899,0.31947415052338235,0.23562350996418205,0.27670538848492976,0.21546427666344664,0.32510559611898376,0.30649892861734873,0.28162969903564694,0.311422198720852,0.2168364754279969,0.24596693906615802,0.37507122974927654,0.3034845816777159,0.2583206721430097,0.23494477568079544,0.22389294857724626,0.31357328695147985,0.3753007324673224,0.21969596595893398,0.2615392875716894,0.27000049273789306,0.24578730152166975,0.22290939768165607,0.2203810276177088,0.26332543297985983,0.25125210773316936,0.2236984077359789,0.2966356936227464,0.23319421694139825,0.19773663715333326,0.2161638069980094,0.23793913167181596,0.2773875866694162,0.24983213899933063,0.22958132890970145,0.27158614570030376,0.2386105582446355,0.3016906620248235,0.23806355013073924,0.2506069898618841,0.24981607421454644,0.23693079564560454,0.25745932779661224,0.27147544047371064,0.24766928736011,0.24223676061670618,0.2560340745839837,0.2742148709428217,0.1972560161255292,0.2692181473707019,0.25205120002540576,0.228088923661926,0.23805630854538312,0.33904065821852913,0.2255568695839769,0.23457355133995375,0.23458464035765283,0.2016287172743333,0.2785137585261111,0.20433790339368754,0.2023999369361576,0.21533118844744673,0.21536906250644705,0.2791338939826238,0.2366721832367734,0.2912664182804679,0.2672392611088404,0.19847685998503806,0.22130448778387204,0.3255326967468278,0.2854570026521494,0.19377230355797953,0.2648853122650388,0.2845119675936918,0.19276411567908583,0.19554479690498267,0.2554381916455666,0.23381649976580673,0.2771629195311703,0.23249893936046276,0.2184600746717703,0.27999487850846244,0.22598214238677122,0.19689687465210373,0.2289301272415561,0.1974066069649672,0.2808722083166573,0.20489550288391772,0.2618811892206041,0.19914247267476515,0.2245974692243786,0.2550473108317019,0.19204487935669404,0.23552695975511564,0.1856652030267495,0.2331552191895721,0.1813795124719398,0.2420427987308911,0.1831580886714039,0.2488969851570584,0.2231335286044823,0.2833761108502248,0.23797637071349007,0.2586596338231688,0.25072025578354334,0.2870044484651636,0.25423151545180556,0.20935125512542274,0.22386403380980785,0.2202987889450899,0.20921707271444476,0.30139509908724893,0.21329207168250186,0.28273552247844164,0.2750151088047017,0.22403237215187807,0.25872455230641445,0.20286073875048938,0.20475543931534076,0.27573101070235434,0.17837896631760353,0.291996538310444,0.21207165640207015,0.2733109986910854,0.2615261746381951,0.23626869271031617,0.2382917544526424,0.3606101517909404,0.18780282805882947,0.2070802120521218,0.23591867389020155,0.201103458806309,0.2145758949505678,0.22409558266747812,0.23994723009897234,0.2290668806474481,0.1969866681857748,0.2633585286225372,0.2330702004382819,0.22575822568340345,0.2487621600446978,0.20527116713498123,0.28435910908323736,0.25106584221182254,0.2978585353852478,0.20690424514142947,0.1988650724261255,0.20181491618573302,0.242406862120049,0.28348033170295095,0.27178923222307666,0.23754027291068058,0.2649781533616591,0.31660272234397235,0.17906659165447072,0.22563414205356674,0.24139661230591536,0.20185320851149222,0.1970180212119715,0.2764037753719364
0.28392049624485255,0.3061950807735485,0.23598023910600754,0.0,0.22293958396326055,0.2689871967018792,0.29878206396475154,0.30937142307953175,0.2406140191125152,0.29387421646671785,0.27328346816996485,0.25405176589680284,0.2881175679822731,0.30638330579164347,0.30987085590265817,0.24851722266101828,0.2879292917778031,0.3220918367695957,0.3093840989294942,0.27069887630532835,0.3268433116622287,0.25407077067503037,0.2798131780595164,0.23192090755934522,0.30766549696089585,0.2625484428326253,0.26773222956687465,0.26689100035325475,0.26498238143981595,0.19959403469152706,0.2932748277243453,0.3024819985060247,0.39096612788653634,0.26690141215773194,0.2999454189884732,0.33778126651981877,0.2894443025366207,0.3306323400901977,0.28387936361942784,0.35937549848623135,0.3166696052975872,0.27851662186667553,0.277836975001206,0.2919705195598782,0.29377956721508885,0.3120723197410247,0.20594251501702962,0.24310339677590062,0.315228599065122,0.3197218528552295,0.39872023075995083,0.30069330367803343,0.338540709420588,0.38506609796772456,0.3200146666202174,0.2704647080750809,0.3617249385247651,0.2725262684623372,0.3518850647840077,0.3884640630297291,0.37834265338914186,0.2883627054693176,0.3086650141010665,0.23909407555936632,0.34946253298374286,0.3362045390140496,0.3599914617280241,0.2436508993207158,0.2719234377599905,0.32087225813628883,0.30136390870382734,0.3113782232770251,0.289350116563514,0.41491879846631563,0.3228522202744906,0.2815604628632703,0.35171757749307286,0.2903789829355233,0.28324725446922294,0.21980968544791257,0.29361020161323254,0.3796104012818004,0.24564219013509878,0.29764254429541415,0.38213557241189394,0.30285305018833375,0.3560479532332885,0.3592261614087732,0.32069315199268555,0.2529472226840585,0.298923021041819,0.3110646465709985,0.2979498482187301,0.31198889973992017,0.3767710130632491,0.25175094912411433,0.27577177475938486,0.278902907795203,0.2806849069636052,0.33423019515982766,0.294508137393338,0.343162762163012,0.3113222170762059,0.25318662512896783,0.33857051643955877,0.2638777301776688,0.32418758368313505,0.2539844147915925,0.31021872491142843,0.2390713606794874,0.3221301822566851,0.3290382319610367,0.3940984117153018,0.34889220129703147,0.32425839475333207,0.25466404677702303,0.33492222755591156,0.24361891260345533,0.27409428263563823,0.30744822109430847,0.28466369594019614,0.37125652337281095,0.2828678100051942,0.30920543229437586,0.2655290160890312,0.26860047837952405,0.3397519017833192,0.2567770235194365,0.3078308392120853,0.3647554595596554,0.23627318130856578,0.3079157494826923,0.3198656739381495,0.3319360529104269,0.2946851824288005,0.25690651010622967,0.19310231238610828,0.32238940185816195,0.28501270282110613,0.3333440151764832,0.3348796551890908,0.3114846222517788,0.41000384110266647,0.32139753059622966,0.31022265581619346,0.2649869166416409,0.26874703480368545,0.27802456865804687,0.2583422958578444,0.21246301874770512,0.33254526115238847,0.35302311286349725,0.3008042614727828,0.23021933183158377,0.30858409395409636,0.3296588694612873,0.2707280443719544,0.26836961614754135,0.35814289108590924,0.31390917283640746,0.33880631828430985,0.32349790319364674,0.32440187888778077,0.2840807556544036
0.24647364748827186,0.2160687513165101,0.2624942178705899,0.22293958396326055,0.0,0.21998619349876997,0.26055786235294476,0.20342915835362965,0.213240227832073,0.21076788733024357,0.2574328104285197,0.2109603257808815,0.2322350586496719,0.21580096439914606,0.257075034113113,0.26548391712726294,0.2513354509328511,0.26001392712767996,0.20265150760140732,0.21271009535751675,0.26151181320566075,0.27249781253078265,0.22897326511920194,0.23326224690989925,0.21200907135246982,0.2189083001836565,0.2162350526777384,0.19080594887366345,0.2065333310418013,0.25316157964020697,0.22388178896130181,0.22278048448111884,0.22727933557115357,0.18047562705734252,0.24444421167182137,0.22622815961753448,0.24384439958256393,0.235493816329608,0.22704733796315243,0.2448024702386127,0.23166616837075818,0.27196279253698136,0.24205675198030988,0.25994670312320334,0.19820185384278644,0.217665951528633,0.252651991557027,0.24440717964839684,0.2492773219181265,0.25215268151922854,0.2572862990016075,0.22675673416740408,0.2102164436790153,0.22338749469537508,0.21614154980105693,0.19894425971007326,0.2214860405639774,0.29999815437386473,0.21428217453631485,0.22737199887764437,0.1863603441714594,0.19853766045011562,0.23159818218389386,0.20335804730213047,0.22012972495664163,0.18401526935221874,0.20105861669175146,0.2423081616231454,0.20861969534015065,0.24909047348898067,0.25167040745695574,0.2093586390058702,0.1949021423348323,0.25228858259827436,0.21871856171247556,0.1878149592225182,0.23540932076763382,0.34339811000179354,0.18252332841880306,0.19796628604436767,0.2222867095782669,0.2395992800600226,0.2499810658184179,0.18702729558141548,0.206429056352968,0.21720233162092997,0.21487166863465149,0.2159706622680682,0.19902385467943884,0.18081657075558416,0.3330691068863049,0.22765833357457968,0.2785596181802674,0.1846735832615744,0.2219349893848436,0.20598892118300283,0.1695178867980432,0.1917044396572827,0.20830904220689034,0.19772144678736556,0.192464431916814,0.20658161033752098,0.19443504311218143,0.19024981643311895,0.21369028325479542,0.22893573645871498,0.20182081441202582,0.21477860095821805,0.25473840443943024,0.21563339692103417,0.23136719587411017,0.22606940815689305,0.20065682244754945,0.23038029279879738,0.1976355662515786,0.23466527021503386,0.19719536256706585,0.23155581724344024,0.19974871154566648,0.21989641120632356,0.30265822320559993,0.20278387509053541,0.1886903097847001,0.2699105246156931,0.19782331754633267,0.21237769721499894,0.2014703297720795,0.23888736856315523,0.18888439804930504,0.23331093133491954,0.20422827364854718,0.2584940246116046,0.1797354568407241,0.214430057783252,0.20313842533590515,0.22055208631476456,0.1954115585209174,0.2563325308817206,0.21158087460861025,0.2536789202007933,0.18504067346432226,0.24264073829998015,0.24067342583317566,0.2215786843007567,0.23700293170700673,0.20474379444130955,0.2672498390819709,0.23088451932487727,0.2025057802258519,0.17694780746148608,0.20110683217834607,0.20635231489933764,0.25052721914085996,0.22921840329624035,0.22928321783237013,0.22672014355319278,0.21192059415592507,0.2527925251586083,0.19700054716040305,0.21025623033454582,0.20239724492471284,0.2072224702420883,0.1985084620014342,0.29221799192369186
0.2817668953802229,0.38753328521634356,0.31947415052338235,0.2689871967018792,0.21998619349876997,0.0,0.26722673334968217,0.3124962933172219,0.23489442776877542,0.29878119829314526,0.31179257273153455,0.3093379078040101,0.363588441940909,0.2249197206597313,0.2939366317345099,0.3172965298156352,0.2846789276839911,0.2268755612282578,0.27359690364252953,0.2603765317360521,0.3186259921292772,0.35361821852934194,0.2111342843758341,0.2640845515376642,0.31500779408783747,0.22426763757604928,0.21123069311341963,0.2226207477423621,0.28469392245047,0.2303355837010801,0.28076698479167533,0.3491119597222524,0.30845177662369305,0.21459622258582378,0.239902259769883,0.24604444976575432,0.32738358829683595,0.24459599618002922,0.26872206806051935,0.26450826012056644,0.2635491499262296,0.30410603245351625,0.2441651341964083,0.29628022372940044,0.26150704304656797,0.24439425220480648,0.23760018351407974,0.26831799289927016,0.24045514423302228,0.2546811453097175,0.2808710028412208,0.29019971810698714,0.23536578760130042,0.31980391403487773,0.25856519755656304,0.3075552675133078,0.26405770993122196,0.34386361993662784,0.224095523473877,0.24948203295456645,0.33737576240586314,0.2350523705524266,0.2903663525907789,0.18967871705257805,0.2230164740079989,0.23050171606060416,0.260688774680724,0.311262182274787,0.20321919274875797,0.28690228233096987,0.3057352777187546,0.2095236765073724,0.22629557044336265,0.31166344175015726,0.3007857696244998,0.22919581497021496,0.28879806407176684,0.28576184877797395,0.20705375022079958,0.25597866035107775,0.3355579689046135,0.2610430833595891,0.3134408421037539,0.27091454573863943,0.2366313040383339,0.2956427687946955,0.2956590043185445,0.218751157171391,0.2637048023803767,0.25125413579269823,0.26216842432595855,0.2592517023289328,0.29116102986365444,0.23841335221737303,0.2384440061268006,0.3365322233887917,0.23166646795272566,0.2636383266044819,0.2024170478617536,0.25421359872063604,0.2289235425177932,0.24715678795074067,0.19301061719437024,0.23315916169719506,0.2388248915273364,0.29622028300807773,0.2643188415974551,0.27479155003921163,0.2567848599811516,0.33436106331640025,0.2828977286936934,0.21508593951235683,0.30461614514772295,0.24416377507169185,0.2333475515333526,0.30939706888516616,0.2573483889404901,0.23250433517776686,0.3174408618133562,0.2341037664245406,0.25288228235855487,0.24479430721867593,0.24891203838519319,0.3285048107284958,0.23779387905895377,0.31689597245956286,0.24973911388281506,0.28939221416285993,0.2616493661155259,0.23550034989340113,0.2561918520189884,0.36331528681864583,0.24541385813933006,0.25861160958404006,0.2711149248397574,0.24440709204335775,0.2639404385208874,0.23372918831922873,0.23322406861546044,0.25098151008930164,0.2523607226179783,0.30832907398119497,0.2685551100616213,0.23875300177135333,0.28963504507450893,0.22269944174057205,0.32882247392496683,0.3139294140937615,0.28406803285850885,0.20499121373418627,0.23262707663868645,0.2567469356851835,0.22385611531591454,0.26663573659678697,0.31008459526313675,0.2957561343626736,0.30633020628245566,0.3499043816667331,0.23086963159879675,0.2644905916821668,0.24519844641400187,0.26650539455026706,0.2173176688178516,0.28544416121341476
0.2714007186878546,0.288645917275305,0.23562350996418205,0.29878206396475154,0.26055786235294476,0.26722673334968217,0.0,0.2437239953405441,0.2302671530495453,0.26465991622313495,0.254863027970092,0.30562682355916365,0.28419551954063216,0.24346954446118496,0.4053810668366189,0.23372196263822226,0.24375733566689123,0.26344692812195314,0.2635948586750561,0.22365579085710677,0.284137902965441,0.3014025870578597,0.30704623800431624,0.3012561611507793,0.2830781038594124,0.249684688929689,0.24106426448075205,0.20957966084839943,0.2509231525795769,0.2427547858410135,0.30003715055760144,0.2887361558524237,0.35088103028198364,0.2580644785286565,0.23987341204427365,0.24989801145874133,0.3529295475386993,0.23609832461219685,0.3027142575537208,0.3386854494937265,0.29753387414835786,0.2882261787741449,0.29236986512851243,0.29527210240156293,0.2843382910478485,0.2909322856504611,0.2809159842745113,0.24194931857382102,0.36326160889722725,0.25699682846264926,0.3562782052662135,0.24693252813307282,0.24063938479496905,0.31663701763934093,0.30052439351311955,0.2724485579207097,0.2650451204383225,0.26290819725609305,0.2798958233420326,0.2699743913396834,0.2335394244010391,0.24746627507216734,0.23475814316245316,0.21076983637594454,0.2631466252722874,0.2269614357441076,0.2905204676502999,0.3444860659246543,0.2156137698264406,0.2550678235496327,0.33570789279979585,0.2363299901749144,0.20305374713975075,0.32741862104968616,0.21084117893346876,0.26070066339392933,0.35404095462994273,0.33679066826283466,0.22082083265832186,0.21617607952324538,0.27249774506751534,0.30948586700147374,0.3015899658308121,0.1992084012621925,0.23516073161036027,0.26310188919436533,0.24835081426321787,0.27375596227330967,0.2682315118817533,0.252486482254025,0.28913717108768566,0.3572130403523035,0.2967944480719393,0.2514610199632912,0.26338737217059527,0.32098492065173184,0.2147005109536816,0.26737910630438944,0.23093690880765952,0.2792791420212379,0.2593351656418618,0.2807462529426008,0.2505653227057552,0.25111190525571986,0.22783426212242025,0.27944318387638856,0.2457792663634618,0.23235565465364974,0.347520244826443,0.28715079180445824,0.36014554169124713,0.2464657130032195,0.24873644927327918,0.2262209714442024,0.23477672315290124,0.2521361037997685,0.2448380192371068,0.27287168243158166,0.23347130868820304,0.22100322432680738,0.2598289232427126,0.24146628330791256,0.21571854241848942,0.3735303513630002,0.21778328469076036,0.3007815220749532,0.233517349245199,0.32088968417543523,0.22253967168044306,0.29508941189121074,0.21129032094978503,0.23744450405545223,0.21230932920866247,0.2373261618426142,0.23387890159061092,0.27167272697464573,0.24513553466864138,0.31122920703059087,0.23966197072192294,0.3241435958440435,0.25839784389635373,0.259996644521596,0.3206873263119195,0.24053122835728707,0.2997518134682467,0.2908544228755838,0.31482692649346233,0.3240346142333584,0.23885726140454586,0.17107617294582908,0.2552976589958763,0.2719487447622145,0.24770856129756788,0.30537015916697635,0.31642003551910153,0.31872624738803,0.29336595170234314,0.3169369192456022,0.26963095466485176,0.2830953067117972,0.26110957619551667,0.24158773608493192,0.2559766057794706,0.280762978112954
0.2968873270197314,0.3884395448698279,0.27670538848492976,0.30937142307953175,0.20342915835362965,0.3124962933172219,0.2437239953405441,0.0,0.29899357152708556,0.3549276538106982,0.25277842812391116,0.3099872174823266,0.33557584575970134,0.2514317388538606,0.2831579632245108,0.2849318368492592,0.2785403524696124,0.29400057980053873,0.3113718314803339,0.310305368120636,0.3072640856224657,0.26477571329492433,0.2752661316495411,0.24816390536657557,0.369804793526127,0.22249645735626822,0.30770345122465587,0.27609071288163634,0.22808807578678345,0.23582224149279588,0.3863321396926039,0.3256858410821953,0.30105007173924675,0.2623430673284577,0.2933159822471822,0.31317008505430954,0.3048074668347059,0.32728078886902595,0.25071527356757045,0.29948680522135646,0.28365818912410545,0.29491038433283207,0.256865060377777,0.24611619363117565,0.38651746227850015,0.2940714704453293,0.2455282601693354,0.22557169088895396,0.29771342155467057,0.28163266106429685,0.2658421938245205,0.2544687651141599,0.25854748432551405,0.27243332219731825,0.25994827167587364,0.29829941182807446,0.2923674999202884,0.33097312542918944,0.3034970069919377,0.3129504123664108,0.3582905131609608,0.22758869939509846,0.2702556918533439,0.24917933786463897,0.24542423670007874,0.2653851271124108,0.28925016287049105,0.2460817206602883,0.2731500632401876,0.42136648129306353,0.26328665157164377,0.2818656178917386,0.2608288663723358,0.3342470201596453,0.36743830371867303,0.2678130293773253,0.26484773028128994,0.2556191751272712,0.27526316031381376,0.18788825326228628,0.2598583448392357,0.295607681769913,0.2857154459194652,0.3211785855439508,0.30899573053865437,0.4186077348756071,0.3721370635177903,0.2749121590041776,0.3769560082084498,0.2775013320264435,0.24873734551434876,0.29339128786259067,0.2611575837485357,0.257413993678237,0.285665621437,0.29361242427609296,0.26664598330467726,0.34869778701626386,0.23157695206146764,0.3450274475926238,0.24778581961440418,0.31247586454117804,0.24769072033988285,0.31377997092177157,0.3223321452165936,0.2951807364463784,0.2920485212799242,0.3529124964954159,0.28563404309586204,0.2820831893454033,0.2589971791800246,0.273623852686872,0.2926111781125464,0.3022536821373474,0.27809637442608576,0.311104378476373,0.3348140417034022,0.24876387323827048,0.2469671304190549,0.2712492983175514,0.2440840776357034,0.3204012491356787,0.2513139523492406,0.2740262886724201,0.238586775656802,0.27196280987148974,0.2565179517432836,0.3078697817848852,0.29445344608653656,0.28635272701202547,0.3427698111971405,0.28672701410943846,0.27627028254226355,0.2660860630244583,0.2904568492322129,0.21339360779123465,0.2517079386558392,0.2745234203676285,0.3183135928682287,0.31089561979702035,0.27182453273061885,0.2725684628780851,0.3311362247716491,0.28054357247449785,0.2946016534474893,0.2845614583539277,0.30612893229416904,0.27620649220680116,0.3540130075873944,0.2240339547198143,0.30561041377160336,0.3059699073789933,0.2686469294023174,0.26908633133561827,0.3686997461941526,0.33098717082132295,0.2746636568002611,0.3175285280061366,0.2382228266834963,0.24232730365804586,0.2821818561724475,0.30572792154879835,0.2674175231716662,0.2564482404271582
0.30786769285704724,0.28206390745988813,0.21546427666344664,0.2406140191125152,0.213240227832073,0.23489442776877542,0.2302671530495453,0.29899357152708556,0.0,0.24191582800784098,0.21834769531703715,0.22389547384497346,0.23744754561623893,0.30023802413227346,0.2478782947547018,0.21795764018785208,0.22292904032443556,0.30046888494236795,0.21973981713319102,0.2681327176611284,0.21611098288152963,0.29606040726200444,0.22070082357515944,0.20180993670936526,0.2471326900994087,0.19058873463513837,0.2754412924164387,0.2349673108513995,0.19994918325851174,0.2618375093151048,0.3091257087649551,0.2323624763127636,0.2483236235112409,0.19704388457217373,0.2845907216478883,0.22495723690240554,0.23318092970128917,0.29356051871323996,0.2145293144891065,0.22946468082690225,0.21243766975307624,0.3240011119789407,0.20437612886038473,0.2099954190338067,0.24927945996187864,0.2269107719689584,0.2072627783149397,0.18153889288006325,0.23373496951969008,0.24056227350792037,0.22353903777970394,0.21219222514946237,0.26681821066809336,0.21917419517747774,0.20430919965302166,0.3161281555633204,0.24838327398054397,0.24374953982657166,0.24323791352446686,0.23368001768984842,0.23284309881011062,0.2295195716538033,0.2179931936973717,0.228256056160557,0.25532452875749845,0.22175884088287598,0.2709704908518787,0.24691576895995268,0.23057165264596866,0.30876182865307783,0.2780802796360905,0.26306318731927014,0.2742246551641435,0.231635921291288,0.2786252327063936,0.24109380366902497,0.20343376101311608,0.20370640355456077,0.22214769467258974,0.1817746167954887,0.21643987702598919,0.3368443319335701,0.29463666264424754,0.22892719353293342,0.24942194916666277,0.3078289194437306,0.26497708918133006,0.27494634327806156,0.2640242914757099,0.33295284598383906,0.2656473707251862,0.31221462397622,0.22286913170794775,0.2266607726687768,0.3086780190268484,0.26584091553363465,0.25214465689326737,0.24701597210008597,0.275502539424116,0.24946405569456093,0.2505110372166664,0.20419993579892948,0.22648286374138085,0.22217164928874286,0.2889331963311416,0.21896180621659672,0.1941648519706009,0.2576769930467001,0.21546417725618655,0.20157609305004584,0.19724404869413187,0.25766139677277633,0.25450789811115027,0.3192035470027091,0.22894306765890413,0.27576588060119245,0.24629388305349703,0.20984510871549722,0.17841882805242631,0.31093521098168614,0.2412378834399386,0.26046263802676795,0.22042915673853303,0.242025204743735,0.3159933283934908,0.205147111579816,0.2435276984726758,0.22373194438588503,0.1971776530797332,0.25335826666369843,0.38137619758500435,0.24552616969208146,0.2573675365314957,0.33643049207102654,0.22144663110154084,0.22256569180535873,0.22060388265365663,0.23473722884776044,0.24060691665852596,0.26084405780412434,0.247129397515901,0.24798768116268782,0.3114607267445086,0.2855604534320279,0.2311694797450211,0.2505643692117756,0.3190494798700727,0.2204844946028796,0.24603861830176266,0.19390405409678446,0.2774915296623339,0.25750923720648783,0.24500360365285168,0.22129654556586603,0.23321573675632706,0.29002263141067613,0.230873972007155,0.23418750252374526,0.26895571828242876,0.22379547780495365,0.21327342847332753,0.29615597495778434,0.27118176543095274,0.2797443079890826
0.27698004446028757,0.4091158956231478,0.32510559611898376,0.29387421646671785,0.21076788733024357,0.29878119829314526,0.26465991622313495,0.3549276538106982,0.24191582800784098,0.0,0.24119901420779064,0.27901689589146206,0.303403113521973,0.24839323203856042,0.2703019051298193,0.259829813671401,0.25250022469913663,0.2903938431366457,0.26947849149195047,0.25156001950629,0.25735679357529273,0.2789672456124722,0.2848695872866711,0.2315456407713069,0.3901879990447202,0.20309615528645855,0.25895668904031033,0.24042984605779244,0.3160984080502763,0.21265938804726023,0.31585999821615734,0.3157072295318724,0.2548102441881967,0.23525928863354373,0.25839482184911916,0.2643715948861498,0.2915874756913774,0.25549608296777887,0.22655742998998318,0.2804400221070122,0.22803755039752857,0.2979940913400255,0.23054359614052947,0.22790932715964665,0.2985836797038763,0.2539291440295309,0.22458489114125657,0.22676824259068995,0.30573843637555903,0.23228932629570803,0.25324248577552855,0.22242661134926847,0.2354835704649802,0.27899954729372906,0.28907830244801846,0.2923993619528213,0.24788953600161936,0.2511632950250642,0.28770214777611863,0.2691800469778537,0.2963124124591626,0.2131322771870432,0.221914237499159,0.21448412899622626,0.23648831867033077,0.23612620739162274,0.2597176135757478,0.25076435744957115,0.24421404486727966,0.3342875358759705,0.24678205094694255,0.25423319861004096,0.21766657038743617,0.30488713077774987,0.27915564311853047,0.25265124715027126,0.24713148099872864,0.2697585675134711,0.21188343882982924,0.19360881823456266,0.2553336153594644,0.26642132592683965,0.2796506634820113,0.261168025532998,0.2520789434873138,0.3080868730648552,0.2845706669848465,0.2560326255294787,0.30361052108200426,0.23950773573314624,0.23053555937894316,0.261283631543975,0.263606054797025,0.22549835675141214,0.26559626415867404,0.3113371472138774,0.20602764773348134,0.28321633550890063,0.22032737085618276,0.29028936308311926,0.2353596475768842,0.2706844623113881,0.2142863834579463,0.3118603932850261,0.24293554572268836,0.24356696335477607,0.24719374954138137,0.3313790839614927,0.2607647205405412,0.2774504534619935,0.2450162300479312,0.23338976666761588,0.2756758798883382,0.262242984338809,0.23408725496319402,0.2690503105025245,0.2795742391232873,0.29891032426298225,0.25198386173006637,0.2524947483943543,0.21704531883712955,0.24624021050284478,0.22208068612029472,0.27187192232732627,0.21683308430577583,0.31183655076447614,0.24407049870088232,0.2624458241655904,0.29980610605918107,0.2702390360627962,0.2953829145075524,0.25260937747623996,0.2393219778347414,0.2306007111730141,0.252801632435933,0.20987448742096498,0.22747417564565842,0.25493574833179616,0.2873004582454702,0.27349390936802276,0.24959034496265545,0.2840850711274126,0.3022001465977118,0.23805018556495505,0.2626687248741314,0.25488362362873596,0.24348304661277795,0.2803511791486573,0.4079540352140699,0.2057631889561578,0.23399517180597587,0.2874192315183593,0.23323215676697676,0.2719020689115865,0.2921133710503889,0.2997023049700919,0.25022390894991053,0.2998824550833285,0.2377078996195895,0.25669124337769367,0.3129118377963703,0.2736559148860888,0.24132955471744566,0.236266639001628
0.30874844422880576,0.2758699054095623,0.30649892861734873,0.27328346816996485,0.2574328104285197,0.31179257273153455,0.254863027970092,0.25277842812391116,0.21834769531703715,0.24119901420779064,0.0,0.2980857716191417,0.3308134004048616,0.24589935960590553,0.25328516006407154,0.3741750976647312,0.3612703900166287,0.2961444982075369,0.2930800912845483,0.2663976510967121,0.34152991969952773,0.35221642199748276,0.23509444006254454,0.2803968316288054,0.30037004640104403,0.2581718168589545,0.25005541325176706,0.27283079553782724,0.30545046862913566,0.2617730135858653,0.23882856593234078,0.3278196438740152,0.25952535531237186,0.21033510641108513,0.2720921974298806,0.2781557970468753,0.3322241218678773,0.2980888181295178,0.29870374533002003,0.2993035599117065,0.2756794809349568,0.29133148641159173,0.28362648436698823,0.33224180087767924,0.24391087019251748,0.2425020666861818,0.20468062357973496,0.3451488531473869,0.30069306270090296,0.26930642451201037,0.3122563236262752,0.2680640361307102,0.22562185976955276,0.32692633363322554,0.3147688265932718,0.21170844015956328,0.30956513860480356,0.3784298453607882,0.2601162121625944,0.27405173729133436,0.2907365670337155,0.20053452764582314,0.31173153985646385,0.22507117778335775,0.21494721863906238,0.23734166510360893,0.24827999022155142,0.25210640702418774,0.2733617703842507,0.3002329653853118,0.2790641808169097,0.2287440807478391,0.26029267359449826,0.3382026330117019,0.33202313358541,0.2389819480433849,0.323228403726846,0.2708779414035219,0.21770687187953466,0.21958859840107697,0.2818289927148454,0.22985066354181327,0.25214584362952586,0.26793834317583043,0.24162860690542398,0.2552718943687694,0.28152515570557685,0.2311703667430745,0.2306096145217701,0.20452210065193427,0.3669952814186476,0.2029582163468808,0.3537459155677618,0.26792013754962124,0.2417611082556697,0.25902863143625043,0.20498976103606714,0.20832467289490236,0.20069332486198946,0.2286912118559163,0.24208941638201809,0.2800436613252778,0.20847208212610335,0.21383503751244878,0.2536572802510698,0.24054424539198282,0.24946645880562274,0.2589184090383299,0.2623600015953805,0.312809771569046,0.3554684891412227,0.2425176859808037,0.25656201157431024,0.26182634471619654,0.249281054216471,0.28442513295990446,0.24922464683117337,0.2960744368615522,0.3033152455549717,0.2325069458142107,0.296310116060401,0.21505673870724104,0.2465446431336075,0.30548735698697566,0.2189861195235878,0.3126137956067215,0.20398284204197534,0.2707270305874093,0.26277237227721817,0.2551835859448847,0.22030157087804234,0.33429254791581114,0.2510828409256408,0.25284399015970405,0.3175450974441083,0.2399195599124112,0.2458879655897481,0.2585228385714392,0.2644734996139802,0.2727091659665565,0.24785922893799645,0.3071033428446538,0.23349073980204305,0.24252817034056454,0.346138471732871,0.20771250051167542,0.252757758690582,0.25221275367809465,0.2523456739685955,0.23245511134694238,0.28718285850044367,0.24773452434792723,0.36031768641390116,0.2391863812345718,0.2726260412239793,0.2685318093213659,0.30026637152644625,0.2759997930536208,0.244073231051632,0.2570833989063564,0.23476688753533353,0.27261935282750016,0.20165287442532653,0.3897397638768531
0.26186002685636384,0.3289278003357706,0.28162969903564694,0.25405176589680284,0.2109603257808815,0.3093379078040101,0.30562682355916365,0.3099872174823266,0.22389547384497346,0.27901689589146206,0.2980857716191417,0.0,0.26874999850125164,0.18193957800233743,0.2877767888194025,0.2880005374748304,0.2719440876483888,0.23569438579592947,0.3360486827057187,0.24387689249720398,0.3376773495653161,0.2850182801873025,0.254853544070966,0.31211835868637233,0.3394264780781655,0.23328579301392519,0.23246094959042007,0.2126096409935706,0.25844484981454485,0.2694417845898028,0.29313589236014187,0.2934484231802395,0.2813540851852876,0.2459055691950238,0.22586408735814484,0.261146916458744,0.31602894802664644,0.25062450867826735,0.32362808581800434,0.29631591911572946,0.2992327585036374,0.26855008581563283,0.28581110150919925,0.2788469355139051,0.2846189079710967,0.28168723964886605,0.2830303302222419,0.27556613358233,0.288420887069875,0.25277034504613577,0.3051337351754381,0.2737863533218354,0.20713744166115003,0.3112174377925436,0.3175612968055717,0.24617259681223164,0.2950169182394815,0.34200258441134407,0.22095329379180398,0.26445456615931007,0.23469254134632722,0.19977932971074674,0.264763343093714,0.2017461319160548,0.21214918820135156,0.22978889281337653,0.2167024020027238,0.24378186445167138,0.2061366493899116,0.24925987330178767,0.2585239698826607,0.20845954613959802,0.19118586976930305,0.28715783991061783,0.24772909821185343,0.22391033731117976,0.2691930717881594,0.28560337764499194,0.23054359315064255,0.19317234671546013,0.2476772642419241,0.24834320334874105,0.2947391433456624,0.21743135441305997,0.24587005787462915,0.3020119081764244,0.2361389962909597,0.21682107135002054,0.2772885565669976,0.241012818576497,0.2600427096564051,0.24502741793907923,0.2873139947816573,0.24929836196582614,0.2087367382298822,0.3459477065226767,0.2025695234410373,0.2688202601931857,0.18496157456774218,0.24453122252477302,0.20704614229011345,0.2660414265628221,0.22309663232547186,0.31340051481064746,0.22422255850392483,0.287871896536978,0.2712341500636556,0.25727719633277807,0.2850554488804338,0.3602393942176597,0.357153835077315,0.24374466962567065,0.21349022789432553,0.21741456818016325,0.24257290184660052,0.2980892310286295,0.2540445141744521,0.3040594081910475,0.2674474541429595,0.19293314845283277,0.2391697000332013,0.22007263930857252,0.21996098173864703,0.3047583712965672,0.1822196587811141,0.36900052934372046,0.1954945434830064,0.3445559810709595,0.2845715189306216,0.23763176511485143,0.2266480232909752,0.2530535439533997,0.19912612611085848,0.2199289886086274,0.2678983083437787,0.20622897381649946,0.3094409507595402,0.26674648187019245,0.2495103106646886,0.2932074205284617,0.2131847790012199,0.23823206896245222,0.253028920220169,0.2173032208751208,0.29132490000869865,0.2701718965867235,0.3421161021451949,0.27223984552875674,0.3115793824538553,0.20297989566083893,0.2620457254119833,0.242674003597462,0.26246069469764743,0.30010998698845076,0.37004038251702737,0.25436351773690413,0.267165976535518,0.32969525044821035,0.20229059560718132,0.22456661387418633,0.20932999966293891,0.2271191361376131,0.2039892080651004,0.27178901759127355
