0,1,2,3,4,5,6,7,8,9,10,11,12,13,14,15,16,17,18,19,20,21,22,23,24,25,26,27,28,29,30,31,32,33,34,35,36,37,38,39,40,41,42,43,44,45,46,47,48,49,50,51,52,53,54,55,56,57,58,59,60,61,62,63,64,65,66,67,68,69,70,71,72,73,74,75,76,77,78,79,80,81,82,83,84,85,86,87,88,89,90,91,92,93,94,95,96,97,98,99,100,101,102,103,104,105,106,107,108,109,110,111,112,113,114,115,116,117,118,119,120,121,122,123,124,125,126,127,128,129,130,131,132,133,134,135,136,137,138,139,140,141,142,143,144,145,146,147,148,149,150,151,152,153,154,155,156,157,158,159,160,161,162,163
0.0,0.6093071566827369,0.46803315942400253,0.4634385680491595,0.4778442974217712,0.43747007144244976,0.5394216434293821,0.45503847451923957,0.6245304030411489,0.4387429784900697,0.598214872799583,0.5284149036722321,0.4793363192697863,0.5768247503527536,0.5114611980048729,0.48344483006084504,0.4568794914766949,0.6506989549146155,0.5661183740742892,0.8155405110377703,0.5512199858078184,0.6586659894236626,0.46038378123350965,0.6286197619774301,0.5782278248012028,0.48919412829653325,0.4209796612086261,0.430749853357732,0.5701630582445417,0.4938957178591168,0.6049335230800568,0.5019494033388309,0.5508382566636539,0.4687883759096568,0.5980460965792227,0.5213367520042125,0.6271921479452996,0.5809492496394182,0.5062595858655088,0.5102068783691751,0.5208736044973802,0.47412392914550266,0.6143154093495997,0.6674159151900292,0.5792188068837878,0.5084841825874906,0.512083066443663,0.6327255000614981,0.6129013012454202,0.5615107126443518,0.5729334327114335,0.5373227233899207,0.5040029064171571,0.6050758682420303,0.597269085789178,0.4644306005619867,0.6427483535466875,0.4661716234523814,0.5852613121451254,0.5221387753416737,0.45488592780045617,0.44615205949877595,0.5451389627943349,0.5203835427193517,0.5825798965055446,0.5441814976769355,0.5046451826141625,0.6458958328630843,0.5330120140794218,0.5244898896716216,0.7283508413823893,0.6377822292791928,0.49651844246472965,0.4884444223703282,0.45327652380118333,0.5976128782557224,0.44182723254010076,0.4899304812346429,0.5307551513013798,0.4218349051436206,0.44014298694309995,0.6024750340113838,0.5902901480430567,0.45624440019573115,0.4891072483095089,0.5660408982869338,0.5007404423341284,0.558498231600701,0.4408628844804722,0.5246724870666806,0.5298688426183746,0.5560396054960243,0.5667895741680127,0.6448708438534686,0.5575904793257501,0.6514703560707668,0.5681142782670012,0.4765950977721655,0.5119083349149468,0.4451428536275156,0.6402546532763095,0.4588296765754518,0.48282089573456477,0.545244014765916,0.5865857272895785,0.4628325226404176,0.41611919788642654,0.4291002122008598,0.5101131997821835,0.5654719754968078,0.5674816487350314,0.5299363047567069,0.4571976962209032,0.4105921798504946,0.5623706339917423,0.4543103077226829,0.4910769127843641,0.5912108281714105,0.4346004281344139,0.4392850194716727,0.5471479568445596,0.42101983668363696,0.5478204038661327,0.6062880342359896,0.5702844189048519,0.5976940482712989,0.3969786063160461,0.5249681896273753,0.4841220368552422,0.6037481835741816,0.4380986485292726,0.4410506097577179,0.4899172393461897,0.5726531143931969,0.6141105086221735,0.5014335888762204,0.6858069278998012,0.5390199218792163,0.5654168899654226,0.533555663942914,0.6321979914129893,0.5511316534347808,0.5443549964206502,0.505164587846318,0.6110121129207867,0.5304543725892904,0.5592521693461046,0.40830186465239793,0.5984621849397851,0.3752477332116022,0.6726645253853142,0.5492610668991268,0.5503759553324061,0.4511791618779164,0.4900449107282183,0.6734393797574246,0.5156090606141054,0.4328080521480465,0.6181207494506714,0.4543629316207515,0.41402526613240126,0.6743252180870746,0.424331367229779,0.638790419614409
0.6093071566827369,0.0,0.5829476709471528,0.5803425835287518,0.4454109189553318,0.5097233882148351,0.5519720297008965,0.5513981318288365,0.5723173363873488,0.5440698656361839,0.6082417543835771,0.5961456484356463,0.5541276807743755,0.6660831400023672,0.44920949768241825,0.589306556830945,0.5680664497767749,0.6513525619411606,0.5953824133960781,0.6016826761318445,0.6605370006780606,0.6232224058501729,0.5305040539020153,0.5934048879136091,0.6583718283376412,0.5670925259204074,0.5140994962431513,0.5170633558259013,0.7407988190979309,0.5537193902469656,0.5099593790051085,0.5616150970322124,0.6625437791705301,0.5388053729761705,0.4821501828458967,0.5439875424749896,0.6062868534674561,0.6598329478734489,0.47014292190764745,0.639811348538095,0.5922358351840762,0.5613799938748626,0.5301193255485084,0.5383884037915039,0.6677452717162436,0.6043196467315594,0.5532981272733185,0.5076913765593913,0.5969652768775933,0.5220256635301674,0.6097526416241501,0.6622539793666001,0.54368226996333,0.694496867922277,0.595048321748918,0.564575606444361,0.6683723706866282,0.5546127900278596,0.5928676100280516,0.6126599663121741,0.527150113417591,0.5061818953502234,0.5901863138861547,0.5086588874297593,0.4877634016909982,0.5865547187889854,0.5794613941130778,0.6144522237313627,0.5746444433048192,0.6044345101573592,0.6207801686577978,0.5680118245889246,0.5383662375149583,0.5866314544867434,0.5593925444164338,0.5906556692068481,0.5059394978220366,0.6038294022888269,0.6180750971891298,0.4790851393629487,0.5162346522201284,0.5677849525599087,0.7558654872748699,0.547616178789748,0.5776314709533906,0.7388354789143005,0.5213075046977893,0.527014032821478,0.5270301906764389,0.6428081433496575,0.5728162026209678,0.5741210483153923,0.5525941188618353,0.630534428650024,0.658153521787321,0.6667275205816848,0.5846120030862568,0.578888554170381,0.49636983823614267,0.5386364442921566,0.5659149653675137,0.5020102700929481,0.5141852205694455,0.6208328834112283,0.605701948485805,0.5680414049931424,0.4932327171128671,0.5296030188855435,0.6141993012532705,0.6077605621637389,0.5944617782453074,0.5398388029346352,0.5023863232964305,0.4986794049759605,0.6496155917281851,0.5959319948523464,0.5765296980889147,0.4954282760033795,0.5075518547496161,0.5432097470974895,0.4932513290960401,0.49682651485319135,0.5718058865382476,0.7494486050402468,0.46814973948325234,0.7404828283737287,0.46387749321708677,0.5997343905551449,0.6161036224733144,0.5790758175808088,0.5461130150380467,0.5300215289174776,0.5516244288236807,0.5717114595593641,0.502868526623795,0.4122538306115149,0.599202585639022,0.4886490496380377,0.6161409630308776,0.551811829108589,0.6309240663138809,0.6257405021597285,0.6546326500047536,0.5462630363813553,0.6341573191453636,0.508724930440478,0.5267079884456085,0.5027532571902469,0.7071689874958209,0.452090288555311,0.5455672458273292,0.6208262748941583,0.561699896554754,0.5433766057079281,0.6126243046192146,0.6472419492625998,0.5377714394383187,0.5376348240389861,0.5631231362477098,0.5185085990237903,0.49504846811288755,0.6476497314773224,0.5148518335729038,0.5756777930019382
0.46803315942400253,0.5829476709471528,0.0,0.6619651113237079,0.3790078677510922,0.5863781184522743,0.4727326398776333,0.6693192746393261,0.45079020302308986,0.6927030056670906,0.5096184873660918,0.5152167591150232,0.6286545331606608,0.5675109700346702,0.36592284950210746,0.6964211982263874,0.699472591120256,0.5274180854542037,0.4941492557502007,0.4548214451793095,0.6498616745206299,0.48714697872136503,0.5098374987817486,0.4512681964938876,0.6110471545706864,0.6414487314483456,0.5463680366409046,0.5815888097975005,0.5465113608944071,0.4990014077172523,0.4027349114399499,0.6121935175715607,0.5381427964034845,0.5614632057987649,0.3804289854738366,0.476045811831481,0.529007610663944,0.5441340214197168,0.38378678340003786,0.6088084212066273,0.4832117773129592,0.6353055967614941,0.45697330714363943,0.4236847780275908,0.6177958519445833,0.6093451398721325,0.5265688552116191,0.41986199328202417,0.4898366462525919,0.44206481688257876,0.5594436282744196,0.6877650590638208,0.46788692743581206,0.571354037359672,0.4949210616200386,0.6309462958616291,0.5299783241650562,0.6013537450206382,0.5319471264240135,0.5443085780910328,0.6065097157304217,0.5499596365946915,0.5970943544693066,0.43870961828666505,0.4027317851311397,0.5952734610008128,0.6195831842739377,0.5642247649159879,0.6043722364764818,0.6414888716177903,0.505188521893683,0.439843327864477,0.5937420806621139,0.7309407195124487,0.6626443933077014,0.49247808521398756,0.6018908829679317,0.5964036768562345,0.5739643843972904,0.49316478117175383,0.5819445010258841,0.4761465976356253,0.5856272269359377,0.6051904834794122,0.633236440000912,0.6109658709774093,0.542616093449444,0.4781943884198504,0.6008296241547443,0.5666546272481271,0.53382871602372,0.48923149899598295,0.4478204410583509,0.4953695365138729,0.6103016871271535,0.5182460136756691,0.5155125739244851,0.6613712545496871,0.42338692104542675,0.6712464046481788,0.4289352233142965,0.5889244665772169,0.5338930798753864,0.5469838232571986,0.5323180028330499,0.7266010004403348,0.6295685585542832,0.6413872113910091,0.5778359740276153,0.5355189100274598,0.5346397805958369,0.48033738293587336,0.5746094215064934,0.5860939256612463,0.5616009067075832,0.6947871837584563,0.5719689791932238,0.408158091925984,0.6483852193023351,0.6266301434266248,0.39588864674680585,0.5918128274593445,0.5213793291419235,0.5961726640130146,0.3732915660753516,0.5749833826795554,0.5763762190083811,0.5454910001497447,0.7028024318982361,0.4685916162861002,0.6248093554693335,0.6878303269499499,0.5313219324554831,0.45241917556885664,0.4055811873896135,0.33626435836127966,0.44398335487091806,0.3924669233994839,0.5163385945280325,0.46433605800797906,0.5018212297045194,0.5825318245026033,0.5921211269393634,0.5161904758295629,0.5192433565925731,0.48468512264951025,0.4266065955795324,0.579951386137408,0.617540946818732,0.49837411300315027,0.4337253853569036,0.5048646396501797,0.4630774761831946,0.6005160396977742,0.6612073706922172,0.5280342031307523,0.46745919503020167,0.682060796121332,0.4285679832501668,0.5792397734909062,0.5830815806455929,0.48850042723020387,0.5815466095231326,0.4473264834842582
0.4634385680491595,0.5803425835287518,0.6619651113237079,0.0,0.4037335419397629,0.5065180116366013,0.5296704700017216,0.630765387905373,0.45776861975157723,0.6172640721052953,0.5500019659087498,0.5774061799247431,0.5573683798947117,0.5698113502710913,0.38266411595536215,0.6641415596075797,0.6547111091198896,0.5274744834174641,0.5248237285825899,0.45370584092089533,0.6494260144245475,0.5000089153260013,0.6039081788384575,0.4762359624273412,0.6034111728004756,0.6677609488723822,0.6672281961240387,0.5913298424720266,0.577487550175153,0.5316418709084083,0.419771209444253,0.5780514475399202,0.5785218776264842,0.617704566506018,0.39266448322563846,0.5113382007630022,0.526924585468343,0.5629899044955496,0.416248439968514,0.6743489157028274,0.5099538449647755,0.5953606598316802,0.46495163416201385,0.4379789279021142,0.637414533610527,0.587246375785298,0.4913636506630542,0.42408981333404316,0.5382244127106673,0.45548002785874103,0.5917628757462238,0.6052420418562076,0.4578236196522276,0.6195088092090647,0.5544498213729232,0.544925722396113,0.5463506238634595,0.6449967950282847,0.5387504875790804,0.5825083607204566,0.5546368605826411,0.5188102182911349,0.5400330266641701,0.4576662203148492,0.40349253739916835,0.5295163317378138,0.6196043246843509,0.5163326315962647,0.5819774446451039,0.6246846423563679,0.49242439205987937,0.4559849800306308,0.5574680040174627,0.7207862576005281,0.5864483294020578,0.47240421766867424,0.6696895702807426,0.6863579486738834,0.5608368505563884,0.45981819135023655,0.4906427827160801,0.49178398943041723,0.5725416115615055,0.5303547101737571,0.6385731257761291,0.5927216241603795,0.5200239945742537,0.4956292577225398,0.5619632359783073,0.5664957837192659,0.5808443488823438,0.5147842744296546,0.4816927211212755,0.4890097819027734,0.6311528882465238,0.5217414605113609,0.49326312617861207,0.602706261790276,0.4406515625018244,0.6197092439799412,0.45248057921718227,0.6121958079910835,0.5704355848116521,0.5575573188927083,0.5339905329541544,0.6240140449006398,0.5824628413702432,0.5916669358564511,0.581379097113258,0.5150278204332313,0.5904760854788952,0.5156375002009619,0.509275311863833,0.6171397180344232,0.5473837028404771,0.6498973548870483,0.5257505214419753,0.4348584171210009,0.5708104295380704,0.6172083180663199,0.4174794615613981,0.6033867935689163,0.4914530176682662,0.61042251725287,0.37632173633928434,0.5980437732454602,0.5487556148408678,0.6010107488639521,0.6664441773772439,0.47617887362451583,0.5541887465532925,0.58372548374306,0.5367062704053305,0.475459863498573,0.4149809435546816,0.3353721191042422,0.43801343270094206,0.41504968666431574,0.5616252282000339,0.5011092757559344,0.491917673143306,0.5773015458442003,0.6317717440600987,0.544767974756945,0.542222681528763,0.49541906335090524,0.4385182046746207,0.5374358246485166,0.5835038611447557,0.4928929458982587,0.4556181564063371,0.5023533570781418,0.5136641637930142,0.6009446933182023,0.6733788963375275,0.5275894270318975,0.47629843032787966,0.6187114669122856,0.45506062294338745,0.5983858320620924,0.4998270964812912,0.4850802651445105,0.5788230035882329,0.47161954433344955
0.4778442974217712,0.4454109189553318,0.3790078677510922,0.4037335419397629,0.0,0.32638432181691235,0.5428132563159583,0.3717793456472203,0.5509930456092166,0.3529172821026616,0.4536084794373784,0.4917534844877118,0.3466658908609067,0.4425936626902195,0.5944493265785544,0.37932056978269985,0.36755500970430627,0.48244521145842123,0.4600888877386922,0.48852767065080993,0.44930020350547734,0.5435551741380127,0.44731045166108757,0.5120879209290553,0.4198620417815379,0.41792757639197947,0.3969050177827133,0.33929641178759873,0.4401887880112834,0.4522796998728207,0.5944470076666396,0.37880785201143863,0.4790709897200277,0.38879092145678934,0.5632658150295259,0.5721474442675683,0.42336688496388575,0.49493077721677947,0.624567105801937,0.42722922926902684,0.5224875789342842,0.3918594651968534,0.5485430538964241,0.5644695325728429,0.44929959558428406,0.40600179138786535,0.4471471477288588,0.45794046301139674,0.520203113798879,0.5835973335608886,0.48502012517754106,0.40788320266543876,0.4173747560967108,0.49061441187894683,0.5311067139717869,0.3604869087099991,0.4832149899534127,0.4181819419333145,0.4736738666961419,0.45711894275089904,0.33646405930172485,0.38639915090786003,0.40529034486468785,0.5876257079160165,0.532898081886058,0.381977430029883,0.3894734117830873,0.4334789456631507,0.4475027790718389,0.40243040153662574,0.5047635959352909,0.5670324177734825,0.38357476635522003,0.39253256973280154,0.3541970711660715,0.39070100055580537,0.3738805348665543,0.45000670330673603,0.42442156113862045,0.3164001259271309,0.3318529431917033,0.5872184949551219,0.4440960962278614,0.34100992629204074,0.4151074434695442,0.4439880527884428,0.37116902519663647,0.5115173384912556,0.34819259869365415,0.4183651023031028,0.5351275231334663,0.5580391222978319,0.5796255813586861,0.41394381316606266,0.47070710405843585,0.4852418137091543,0.4371137375155473,0.392227699751469,0.5706856003190609,0.35476737587893925,0.5112671275233668,0.39100777872352627,0.4763004440868209,0.49544398657203503,0.48443221280779925,0.3757353521380083,0.3493509387964934,0.34829026112414246,0.4358628456172018,0.3945545087089495,0.467734187896063,0.5785837373434033,0.33622270586392244,0.3634626370137638,0.42199879964885956,0.36363281518783297,0.3649469158291875,0.6034285780454274,0.3446504736481573,0.37859618987791627,0.7018420077256812,0.38040132031656815,0.38699744403535874,0.44276993930588676,0.4785095952705222,0.43865145923190774,0.35420055311494764,0.4785808012577773,0.38897223928072155,0.5378563912206958,0.3574876359036275,0.35722135961993884,0.36151753172831846,0.5223912002613285,0.5044216730871846,0.46329384389208017,0.45396388816781885,0.6301479017482977,0.5091870565017521,0.5480400235555325,0.4290083529485363,0.43490068111549285,0.4723681938860272,0.5181429795094463,0.49308954542703454,0.504422393035778,0.6192598856058333,0.33805638630983476,0.4450008168173981,0.33818538351836236,0.5287413145488025,0.42798049392921256,0.5918016151899528,0.4265631398092788,0.41307433718125075,0.4560112516340635,0.3625905063078944,0.3476970939027836,0.48684573090355104,0.3623921675994036,0.32897898278468635,0.44954816399253616,0.3871845635806327,0.5329308423626807
0.43747007144244976,0.5097233882148351,0.5863781184522743,0.5065180116366013,0.32638432181691235,0.0,0.3945109559623618,0.5741803821476056,0.40757693091602454,0.6034233021907498,0.4644055709648903,0.44919941780122374,0.6475744707609704,0.47968076295774875,0.3230541636184683,0.6202068436952974,0.6006038841361794,0.44487067867539304,0.4575533403450313,0.4248797573238495,0.5224811959653225,0.41484592407390913,0.4197374177516045,0.39853186845169697,0.5613494984504971,0.49398883430525997,0.4373759297951062,0.589932643348192,0.48431561981779164,0.44796893522195985,0.36638085639865586,0.58868843903449,0.4377807012756508,0.5157237707966053,0.34882186138953386,0.39389947406482134,0.5008614909873109,0.4614627203141616,0.3437234921310246,0.4714740385110787,0.4008505080060139,0.5641593804118141,0.3947395460057472,0.38555426141665133,0.49641180533787677,0.5005431213051372,0.4366440152010333,0.3990722319097672,0.4217659306564089,0.3767426931453693,0.45798737332542444,0.5713589205360999,0.42142995723253546,0.4686860490688531,0.42390205950154947,0.6591204427220677,0.4662456904231402,0.5068900764286621,0.43666287061814546,0.44991362494331966,0.686317913696683,0.4792958627832706,0.5288119107566143,0.37277265613197313,0.36098123776602764,0.5628444667249071,0.5384754525563716,0.49443703741830086,0.46261393882314195,0.5648513438643651,0.4419746951828697,0.38732633848048226,0.5522139972866708,0.5530149674219118,0.6545061859441338,0.5017799927407871,0.5132729499047393,0.474088304910256,0.49179567990655954,0.6510685303783568,0.6810115908947554,0.4057043376080979,0.5166254344784817,0.6640876893256655,0.5320171219610963,0.5133419898801183,0.5741585094860366,0.4043704853701391,0.5831799886812635,0.5189574325564034,0.4265756430608357,0.41593359619154835,0.3857237548964071,0.48984395499897126,0.4875608153505367,0.4644527779089819,0.4701223970202188,0.5717435730576661,0.37371739833882905,0.5758478461729613,0.39746545570731695,0.5011921670136611,0.4292414212681906,0.4487076044508207,0.45506228661182474,0.5689989939579679,0.5465282257321618,0.6154476050918052,0.4554100627053219,0.5301796591543194,0.4704520378404988,0.4019291258047229,0.6564444756935479,0.528688172351562,0.49044746229993913,0.6027455523923767,0.5943778090365314,0.3634027965585026,0.613658398167687,0.546166695560906,0.34779490849648087,0.4929054774264739,0.539502158387505,0.5252475263722761,0.359045097380085,0.5107677864279269,0.4890178285896094,0.4484735891421192,0.583276150138178,0.3932162521459704,0.6187391951808049,0.6485161434944638,0.5762846643515773,0.4138108684589763,0.37588324096125425,0.3154348009697415,0.42643943301843357,0.3400864470623231,0.41579965322004353,0.40100430138755916,0.4585127572267956,0.5260324731836723,0.4775154753054458,0.4239954349541788,0.45948845971181107,0.406188135686223,0.3743174859842245,0.5378634714646119,0.5306259771042748,0.48780606046463043,0.4014878936383671,0.4699913458675614,0.39181921363647004,0.43768197511488816,0.5460174136201638,0.480988399671055,0.4813823284661583,0.6550090744645989,0.38898691939429936,0.5627404319589613,0.543630075682967,0.4801103180103991,0.4981505137189318,0.4070584651640185
0.5394216434293821,0.5519720297008965,0.4727326398776333,0.5296704700017216,0.5428132563159583,0.3945109559623618,0.0,0.4471527042003321,0.5265045077779938,0.45599671701875943,0.5579544005721823,0.5804665956025694,0.44282734840600596,0.5704078119381537,0.48925494116293355,0.48237356828433264,0.47042010722714034,0.5838621761411928,0.5304627020240098,0.5213929190665317,0.5537489011752004,0.589008071054013,0.6216729390714669,0.5793279497725289,0.5398665168811796,0.5301158621835061,0.5191047010688845,0.4382627650785299,0.5568550314787575,0.5277158729929791,0.5197624524643301,0.4915249249917168,0.564539360626917,0.5154188248958059,0.5026118656161511,0.5870540472826066,0.5251480078323625,0.5450669030880115,0.5064056208086647,0.5934477823728195,0.5321995433063813,0.4899156956138436,0.5538867900468846,0.5422822385573629,0.5810016796731748,0.5060321932227402,0.5179654199583694,0.48286511894126793,0.7565237012769197,0.5580067674943694,0.6208990388860933,0.49600415664317904,0.46226860900282457,0.6137326399155197,0.666294498800072,0.44149742072662884,0.5715829537182338,0.4964895544940253,0.6375447481718904,0.5702670955851592,0.4147150438471009,0.45108784803941837,0.46940637947335095,0.567422725031177,0.4925521779756367,0.4631438301218513,0.5101255527685572,0.526915795740915,0.558510587695922,0.4872564653161546,0.5468843465332932,0.5740840445159688,0.4811005453577517,0.5219167677278558,0.42875282357138017,0.475224763371891,0.49734919281546575,0.5983998038365211,0.48208977767625494,0.37992362081242187,0.39144583131849436,0.5794487012188265,0.5354374819276574,0.40448898741923606,0.510176846101331,0.5136661012883886,0.4390744149493358,0.6087683123932653,0.43662097129430566,0.49557336092606646,0.6403202863348637,0.6186795996848966,0.6098332484335744,0.49507731673400296,0.5914090385450453,0.5502371133653771,0.465770236186151,0.47961812006235105,0.5325298464126873,0.4631767455447057,0.5380941603201349,0.48098891075220546,0.5717810114317299,0.5519320815669267,0.5436001128022526,0.46624912839746685,0.42894167490065505,0.4338621245835574,0.5496186707967864,0.4898114893192891,0.6261299651787643,0.5932688614342039,0.417368379283016,0.43931882307818737,0.49991553779774783,0.4601478407910693,0.4470460456171063,0.6100091104955491,0.4332658354898345,0.46122233780574856,0.5394452408069554,0.44064285804940273,0.4605807881470342,0.5659434938125588,0.4431703889498996,0.5426534496355416,0.4340959101382157,0.5809832036156976,0.48886812594281875,0.5600027461425844,0.4288707384682693,0.42560873372372354,0.4389433279976642,0.5141312369935215,0.48239475778611457,0.40193283464293994,0.48343870972826875,0.5474940772362061,0.6212778634172327,0.5531927827538591,0.48950419105019527,0.5364494460467413,0.6173214359447496,0.5576544928795599,0.5677364049961978,0.6099926625538181,0.5154479054940817,0.4096144815347331,0.5423773917816088,0.38671756990493883,0.5344205762664803,0.48848215833195824,0.6282990293896711,0.5510948942395874,0.5034385012942598,0.5313751029423142,0.45103352561948595,0.436127199376031,0.5479740185477737,0.47931080467550613,0.39857041151078676,0.5078338092238815,0.44974667455462003,0.5538901810978895
0.45503847451923957,0.5513981318288365,0.6693192746393261,0.630765387905373,0.3717793456472203,0.5741803821476056,0.4471527042003321,0.0,0.45856133022587475,0.6109376337846679,0.4986483797233513,0.5396311673037376,0.5769835885865636,0.5124701464015268,0.3643930759660552,0.6963904344397799,0.6408353927754658,0.5071080924621829,0.5213661244498548,0.4475616952807062,0.6072311161701359,0.4644497994187414,0.5006940044511229,0.43224374671258753,0.5851702737369385,0.5745469142282941,0.5550475435067476,0.5827047217140983,0.516306648292286,0.5435061706341946,0.4118436744057796,0.5941516092358945,0.5337936451577504,0.5576579901764528,0.3720653708424569,0.46993508634000736,0.5101076503206333,0.5539982458625112,0.39516677621964297,0.5396563997959588,0.48110285617973886,0.5654962195188967,0.4592763773597293,0.412380095471601,0.6008844024878042,0.6094359570186422,0.48844722300114946,0.4061598148323985,0.4709917419890386,0.43625895922887786,0.5460594135438931,0.6156624583614506,0.4631149502856716,0.5473444528854188,0.4950156924717928,0.5687953243338789,0.5331819836545586,0.6713958635770773,0.478189382674739,0.5490160717021784,0.6107741166244378,0.5522732138861268,0.5976309238060004,0.4184993435696108,0.3941247897907374,0.5711287572067426,0.5487513372340088,0.5126034608155441,0.5535545355840169,0.717582356894367,0.48641557879029873,0.4293970519864084,0.5212739813529136,0.6439267108061439,0.7009113753623414,0.48738781940971226,0.588623991498151,0.5622234773308008,0.6196435192472586,0.4815777097435536,0.5479476342887821,0.4700446709383551,0.5846677310943011,0.6124721868340983,0.610155148334771,0.6123592470687795,0.5587749792105131,0.46810511008673666,0.6325346048925446,0.5603285586992556,0.5201369764751904,0.4792402751495946,0.44995095211440467,0.492906817710257,0.5536506838249698,0.5064469232909196,0.5323041894473268,0.5992708686147822,0.41161630098625246,0.6034711798533939,0.42586003901739317,0.6554751091006137,0.5129451160482998,0.543615949913168,0.5354975729546774,0.6918760802142649,0.6334706551046758,0.5940070196424422,0.5436638700164956,0.4875178978200165,0.5099507281622144,0.4705764982321221,0.5144692007681563,0.624466851980198,0.5642500911356076,0.6554529844271911,0.5619370788486738,0.40611969096069217,0.5382078858717301,0.5999013150122371,0.38975721849092343,0.6894542893024892,0.4784193847853549,0.590322485403826,0.3640662769999756,0.5890278069464729,0.5344477859177317,0.5698668421927596,0.6307513428609344,0.4525105705011253,0.6347737336469622,0.6789470975893979,0.5551067858849802,0.45245829385213504,0.3984412331614611,0.32964456716873164,0.4470481266700476,0.3827173508079324,0.492650016193172,0.4907353080044316,0.49209278683360125,0.5515550342984689,0.5612510381626372,0.5030980656499286,0.5011862520363836,0.4518372756513468,0.4284890224957142,0.5929466161261439,0.5831671685561776,0.5066777616699565,0.44083932853708924,0.5114593034170984,0.4647620398422156,0.5282706246451474,0.6679629822533385,0.5215621882834296,0.45666012376164333,0.6525417476476834,0.4119485556242511,0.5645023579651687,0.5249770288049168,0.478999253654233,0.5801151398244955,0.4389653666027095
0.6245304030411489,0.5723173363873488,0.45079020302308986,0.45776861975157723,0.5509930456092166,0.40757693091602454,0.5265045077779938,0.45856133022587475,0.0,0.41568617416122267,0.5493971020002383,0.5902837761679015,0.4203917460111667,0.5193178909946803,0.5355556068469214,0.4598880047952427,0.4325443789215189,0.5762780247887852,0.5747523247228643,0.6482031056915595,0.5509558589833841,0.6548918986703266,0.4627617306461967,0.5717849461113251,0.5336436097087993,0.4738333366376723,0.42695149326981474,0.39819621524533544,0.527242603517147,0.5411670622119134,0.7147067510648105,0.45631621790240284,0.5525824565267836,0.4470829822631566,0.5868254577770468,0.5825850853941025,0.5351520794464513,0.6381561428235544,0.6027235205117449,0.4713246193598112,0.5728177512333147,0.47349268078585494,0.6157000614890372,0.6531738773544485,0.5433924225050214,0.4791654903270144,0.5027760058457941,0.5455227337428226,0.5616117208897149,0.5923066608893767,0.5538844220240462,0.5039606376991383,0.4841218849659558,0.5855465123021519,0.5869033026105657,0.45028565836618495,0.6088596346603381,0.500389785729981,0.5157171166957591,0.5163167668753742,0.41475016953912786,0.44747840936896127,0.5075892747271525,0.5632488568932326,0.5723448293820452,0.47499904561581135,0.4611581208107106,0.5442405033178878,0.5059112504244965,0.515795043702077,0.6668983208301089,0.6249258216790546,0.456878086541966,0.4561127910645427,0.4369890201816076,0.49065751417482195,0.4213753824445497,0.501021735316767,0.530938112418704,0.3880335935120471,0.41168783611739246,0.7129295857907307,0.5893097293991806,0.4261170406152645,0.49416164668860835,0.5838710697336934,0.475203816787593,0.5425606948958108,0.4162249729197144,0.5447239247630399,0.5721010770266052,0.6317752360949327,0.5917731591220428,0.524806443860521,0.5584928672295721,0.6631280851246031,0.5791584460412735,0.47680590899867453,0.5812716935511941,0.4118624983567561,0.6127178401171741,0.45683755153992217,0.506837070987507,0.6036590096853617,0.5978439514708777,0.44616376096651367,0.40451109044083466,0.41561925473229294,0.4867941879017258,0.49075604053107225,0.5397668993195031,0.6066992540901704,0.4082342393981623,0.426322005254664,0.515677731461625,0.4348392684522836,0.4508669964944805,0.5866109448154416,0.40195333624003554,0.44879887132171986,0.6171561002167518,0.44617746044009365,0.4851793241644601,0.5616787668326759,0.5650798248311372,0.5573103282342498,0.3952516390327532,0.5562674374844968,0.4645163371756001,0.5901965139961779,0.44420614964360955,0.43781456864763885,0.4547196352902884,0.6857799416712392,0.6007918176076146,0.48395795214617243,0.6039446139026842,0.5516187052479579,0.5506835731569271,0.6347837484455126,0.5417994183052506,0.538957175482832,0.5521763140399496,0.5767016325337578,0.6224494865696042,0.5245167804748581,0.7535396695805224,0.3974865287946866,0.576926367637919,0.39126128226248397,0.6808403954496434,0.5353142644002492,0.6094455468039613,0.4530128041188051,0.5062909812689752,0.6163546213921897,0.43728132488614996,0.4178102192485872,0.5401484585656064,0.41990973909601415,0.3855257174678335,0.6143471260636979,0.4550351768432764,0.656762569385392
0.4387429784900697,0.5440698656361839,0.6927030056670906,0.6172640721052953,0.3529172821026616,0.6034233021907498,0.45599671701875943,0.6109376337846679,0.41568617416122267,0.0,0.47528957157334084,0.4865449438634062,0.6385294963093048,0.5289326965316464,0.34156695874544496,0.6923234605860218,0.7483650670894859,0.4928225496952599,0.4775423890556411,0.42353214929901856,0.5745304762918968,0.4366486551826816,0.5206889692681834,0.42025301708107576,0.5971759364785477,0.5616035552942539,0.5540977378066858,0.6728580615822136,0.5317274284555276,0.4986024716278101,0.3760641482794568,0.6378456679876774,0.48684726040417453,0.5827784109757196,0.35652482339245745,0.43207440450070544,0.49721418921567884,0.4920641696639384,0.3574661465672761,0.5808077097283793,0.4410175296302005,0.6173644086828831,0.42013539548003553,0.3919312294483908,0.5499195523675664,0.5864874447960929,0.4960335246764471,0.3895895311814732,0.47440475196031223,0.4053964843846568,0.5160227320217121,0.6044514555995468,0.45077488574712266,0.506974160582117,0.461546925407055,0.6433240696962406,0.49550626693943045,0.5612272115502799,0.5017118440655877,0.5168827399094804,0.5903171464096679,0.5249272374840019,0.5328306656184831,0.40445084153229893,0.3751186829829868,0.5628149133753261,0.5769693056942146,0.5097887759512418,0.5423220210336639,0.5843674347244556,0.4510000535782455,0.4125204488502957,0.5557643434189182,0.6802586841997295,0.6603912411166818,0.5035874807365812,0.602479667576651,0.5759813632684098,0.5248729714294077,0.5358954480046265,0.594989527470953,0.42866413991464786,0.5531689621960845,0.5891764077867341,0.5992900238501762,0.5414557699808523,0.5091026254520692,0.4507783791190997,0.6795672688574118,0.5223757868991625,0.48742166093458417,0.45571700906646345,0.42317617043299643,0.48439322978458405,0.5505224178049346,0.47520287948888557,0.4582891077071099,0.6283307684866236,0.39537885212046064,0.7210585444115294,0.40534328089597127,0.5496976096457187,0.4942139305384449,0.504126903609453,0.4837544859210943,0.6867358780855238,0.6375301990967975,0.708141596220961,0.5491273946764729,0.5135555856025535,0.5068606857504965,0.43892724044585535,0.5701881389904323,0.6047658915262486,0.5254197728143986,0.723634142857521,0.6152884031600159,0.3897484339449631,0.6417944829497673,0.6148945777338231,0.3669977593894551,0.5500347111652236,0.49880866190162904,0.5724947538081624,0.35200011126408837,0.5444573743466705,0.5709062809245972,0.49384034061337473,0.6644978362960062,0.4275717233110481,0.6613742373222692,0.6395943064726464,0.5278433611278098,0.4149920371324962,0.3720401743214622,0.3167025144564055,0.424815749767211,0.36538454712083623,0.47012203076832204,0.4364088946413174,0.4679056433499882,0.5495505418265444,0.5538011864684387,0.46430684370809194,0.47699356031307155,0.4498591442723573,0.3869226110541377,0.6356906982975975,0.573557873176856,0.504662015317755,0.4031688065845132,0.4995562697030342,0.4282133499135358,0.5576112208218883,0.6217257967425389,0.48060798137182487,0.46765388183652745,0.7478433999586087,0.4061658887540564,0.6471450915201459,0.623461122101039,0.47079291054016686,0.5741803284848868,0.41542675222894
0.598214872799583,0.6082417543835771,0.5096184873660918,0.5500019659087498,0.4536084794373784,0.4644055709648903,0.5579544005721823,0.4986483797233513,0.5493971020002383,0.47528957157334084,0.0,0.6040139417138056,0.518154022704947,0.5780766342963513,0.4433335527269499,0.5501262195580525,0.49622120733626984,0.5495487076523424,0.5502855948970968,0.5907621907267977,0.591948511756605,0.6254125904469692,0.512516681047083,0.6357796363055662,0.6465924600482955,0.5862186176585706,0.4887275914789215,0.48272725604198596,0.6285512807943702,0.503829366447219,0.5169152033491612,0.5127645228458816,0.5482043994975291,0.5448706337038315,0.5000333883383327,0.5113334785208552,0.7339126772760924,0.587877939204291,0.5017112006477772,0.5662238551048817,0.49624226561710766,0.5329924424700857,0.5128406829884513,0.584424232275638,0.6244799491937426,0.48907027180096085,0.44942091280068885,0.6184348208625284,0.6269505994624578,0.4791964317483729,0.553112530644812,0.5309179383264954,0.4315060556119196,0.6445250195786574,0.6348238693663442,0.4983433778704102,0.5805877609032204,0.5238270018324799,0.5333139374727522,0.5073178595144886,0.5090695387686288,0.43057248222872985,0.5022687680009407,0.4938456482135565,0.45077585758768046,0.4994257574408774,0.6164125403106171,0.5843851589779178,0.5154780826275046,0.5875878404567092,0.5851391002828693,0.5297311528656059,0.5474929217623923,0.5373657575117083,0.47524150016085137,0.5035189771841108,0.5226425327109575,0.572807796360936,0.5148301847771497,0.45729802725467417,0.44155759177792875,0.5439035743097643,0.5934572596150334,0.48228990631424423,0.526655488681026,0.5835469621475378,0.5865689462192728,0.4960523690472162,0.45012443962851006,0.6308473278693127,0.5419172205135447,0.5242150315297647,0.5095297491412594,0.5434871678181512,0.5842751846275716,0.6706979072484137,0.5044403687088581,0.5119051919239077,0.48210839893392426,0.47065842322368845,0.61239603555746,0.5091841250574698,0.5014825324309061,0.5312340829332245,0.5267697470642028,0.4796858253299193,0.43440370782405036,0.48648310995416644,0.48792236916401627,0.6497806256678351,0.6777340045861773,0.5390189327112109,0.49717523019093446,0.4738991457793832,0.5145394819282505,0.5009242416090847,0.4729897972951697,0.5293530782365053,0.48316335721556924,0.4915158897528893,0.49847464136237374,0.4587522166327422,0.5820753591583574,0.620138709180489,0.49237605314605065,0.635035597092974,0.41543203190007894,0.5874400874488429,0.533502287396048,0.5181896245953944,0.4622383873563679,0.47509786055152503,0.596668769519562,0.5983921674266692,0.5750633979063307,0.4002019565209014,0.5448914709681236,0.4845870579871643,0.6146664202806985,0.5185697804075586,0.5477148180941752,0.5873450524090761,0.5516024017966988,0.5188191512825343,0.7180246416771081,0.5186423885467948,0.5122308683063864,0.42004643272503933,0.5957003105854843,0.4124373334912688,0.6242760447732603,0.4923743383308401,0.5566403665913819,0.4682472233645195,0.5529078739568983,0.7263233055956754,0.5971305537792996,0.4917913544304517,0.5996610226832402,0.5007535900412468,0.4110653623905336,0.6020221465682037,0.4622431529296948,0.6707449212227512
0.5284149036722321,0.5961456484356463,0.5152167591150232,0.5774061799247431,0.4917534844877118,0.44919941780122374,0.5804665956025694,0.5396311673037376,0.5902837761679015,0.4865449438634062,0.6040139417138056,0.0,0.46388337436350036,0.5304713217070318,0.4431825095035343,0.5602524482165074,0.5212035181418256,0.5492586628533869,0.6557424199477071,0.53571934548166,0.65409432354956,0.5679099990456038,0.6036176452713888,0.5449804667855367,0.6172163453708969,0.5533757881280368,0.5407458368979299,0.48373614272230075,0.5707920734431436,0.6719138729816936,0.533100220026931,0.5239894799123543,0.5681863251930741,0.5812933904688135,0.46601981727170744,0.5835852761218727,0.5472738504481789,0.6423861456654995,0.5338524371240735,0.5472789992190961,0.5575358120958149,0.5605844771833567,0.5397777118769311,0.5266115600693309,0.6117993903573401,0.5291647249939133,0.49663882093179346,0.47901093863566885,0.6162218033676727,0.5221918520644503,0.609778831156839,0.5479776710055847,0.4634773735743138,0.6404811980472183,0.6400960977155987,0.4984002745019191,0.6250693518864373,0.6567780280985738,0.5230012620597205,0.5797830200382199,0.46227023001214473,0.47860554123563687,0.5145737280839231,0.5222729390088735,0.45962779436147555,0.4880800205761288,0.5197721077051688,0.5095803282036544,0.5302246466946179,0.5861784739458651,0.546199384851245,0.5242141778010813,0.5014850692571581,0.5435126877968883,0.49809924143657824,0.48169041362708953,0.5247755528002497,0.639294826818497,0.5605388675694968,0.4247330183094224,0.43477901301618904,0.5963961724319606,0.618136901140954,0.4581756637579198,0.5964424680848871,0.6156772597963578,0.5139808323398649,0.5315079039803476,0.47838759429285965,0.5993395800337408,0.644958301591768,0.6232353234387153,0.5685613049311461,0.5155524661203502,0.6110153911271177,0.6025399777905633,0.5258404741390937,0.5555032600439868,0.5218563484512806,0.4770213326901008,0.5307447603072334,0.5502447100620429,0.5782427330963635,0.629634509422338,0.5796026383505111,0.5148361951589395,0.47342233226876346,0.49763154670463544,0.5256746816593917,0.5185917721874415,0.6634083584369881,0.6219129183264384,0.44066916882792867,0.531682681647651,0.5255878636982941,0.5174657699666643,0.49335649010321997,0.5382359429581104,0.4590847593711081,0.5269006097482595,0.5080737957188236,0.5237119959231282,0.5001279198520193,0.6286247215992096,0.4422987581672113,0.6103341829478613,0.45607122792294275,0.659096931877134,0.550002699766564,0.5083779239509032,0.5095002618240901,0.5019079426005905,0.5062694158829677,0.5971747472990966,0.49096481115082724,0.3796059021936145,0.5152974276924173,0.4739005689688797,0.5813643619118137,0.6441530717565112,0.4907824318207976,0.5952789742689467,0.6410175760178046,0.6087770200474046,0.6314007391784321,0.5380969687562785,0.5546258183879871,0.44893634867056104,0.6200213094198453,0.45970899405665777,0.5724232749958422,0.5296037434500418,0.6519272713187534,0.5147118310239515,0.6351612136306466,0.5819412426034621,0.4662859587562811,0.49905262873765466,0.49118545076700937,0.5048993201379142,0.41158050566714566,0.5592349375835131,0.5362399789177837,0.5846424795250966
