0,1,2,3,4,5,6,7,8,9,10,11,12,13,14,15,16,17,18,19,20,21,22,23,24,25,26,27,28,29,30,31,32,33,34,35,36,37,38,39,40,41,42,43,44,45,46,47,48,49,50,51,52,53,54,55,56,57,58,59,60,61,62,63,64,65,66,67,68,69,70,71,72,73,74,75,76,77,78,79,80,81,82,83,84,85,86,87,88,89,90,91,92,93,94,95,96,97,98,99,100,101,102,103,104,105,106,107,108,109,110,111,112,113,114,115,116,117,118,119,120,121,122,123,124,125,126,127,128,129,130,131,132,133,134,135,136,137,138,139,140,141,142,143,144,145,146,147,148,149,150,151,152,153,154,155,156,157,158,159,160,161,162,163
0.0,0.3436862203518784,0.3536266273155663,0.3009800750163076,0.3133044080481757,0.34034560966183697,0.2701570285417797,0.36819353900409213,0.32759748548072765,0.383511690647707,0.34597735051539846,0.33188988693935056,0.4820605247714888,0.30541253058381035,0.3356543752615693,0.4015371113666874,0.411622830532291,0.5311004162705938,0.34770939971623116,0.4488268883936949,0.39667372303509735,0.3227656876471072,0.30572679425228944,0.29521218774498487,0.4493636207351838,0.26658631626658713,0.281472340084945,0.32616882129450087,0.29486274770845083,0.30671977275930623,0.3599853839305264,0.4277061062433166,0.2924484702175171,0.2837094105662756,0.47389359285604543,0.37754519038340806,0.39940345516708536,0.41168044956932554,0.2663930132509855,0.3661781906534278,0.3260126481465958,0.3390105648274458,0.4104404785910569,0.36892101570934166,0.35248855174074956,0.41711706630021533,0.3305099744337772,0.3747240683225103,0.39626854776584647,0.5040280866959126,0.4083846558151185,0.38546388791147285,0.2979102838476045,0.31660900778389395,0.35073752343188075,0.3323021110701262,0.5201921948547917,0.3559265182838521,0.352265038297405,0.46232482166779915,0.3247117729060483,0.3086242781065282,0.40265366468107733,0.31787326167773455,0.34917508564190775,0.40250223262707957,0.2930692701164997,0.3139298295804031,0.33729040172703095,0.38738251721495026,0.4127640089519442,0.3952665584730451,0.3444145329084616,0.3891395652750083,0.41605628890858565,0.34609022310788573,0.27686240161385733,0.2861680152262964,0.31231900304655874,0.26847721551680254,0.3145736066535789,0.3555168174172867,0.3172452921858033,0.3572677943127711,0.40887902909144386,0.396833118076554,0.32989809734210745,0.3715890634404702,0.43838988661575623,0.2766787092471481,0.4123848738222387,0.31763052877915326,0.4414812355435523,0.39072261769195155,0.3592874441046112,0.2955240288607471,0.25616096959115586,0.320620282694345,0.28635384795916713,0.39943877917256687,0.2936879067872473,0.3381421477710958,0.3089051800487887,0.32499466621003315,0.4870770546771003,0.380088980375719,0.4273542096938018,0.34042662329253603,0.3864675196464243,0.3666067877033888,0.3405233213601721,0.41490499201614883,0.3691317406174905,0.30200337188587423,0.3835822912739153,0.37828145615971326,0.3782174259337505,0.4254190728795885,0.32093402965358736,0.3067664918107901,0.3539234346851976,0.2874924870793512,0.34366245064684503,0.3735140157940777,0.30248463590903685,0.32321887888530487,0.2986896193036652,0.2964136132566028,0.3460011831801447,0.3708873657003373,0.32081413068581777,0.3303053789002728,0.2911404175751641,0.2980388162981212,0.3417395658820363,0.3149203258983327,0.32087409330045463,0.36997674790309953,0.30232063690879024,0.3828059366327598,0.2702300029652361,0.35399402439268746,0.371217054364198,0.3135044129844903,0.3469537306240591,0.29516838671646717,0.31087528568356465,0.28148922355130496,0.40721865842384397,0.2522900022335698,0.4051112296246474,0.31721954911402417,0.37814848477987806,0.2778784230415921,0.3714243037211162,0.352765355973609,0.31984976083755795,0.33813553175391475,0.28824809965920484,0.3605427168058577,0.2916136909649954,0.371325926834553,0.2539110977023672,0.39575477490844985
0.3436862203518784,0.0,0.35309571352042896,0.3845697124111731,0.2894100793013081,0.43088820824018786,0.3158481804505474,0.4045224702085348,0.3266370002438624,0.4577643341224455,0.32787019600132605,0.3179904338919551,0.35992778475877024,0.3585613927396342,0.4099554306907928,0.2955312865213973,0.32322325796329926,0.33338919063378597,0.32198066324993935,0.32584500607457795,0.3384241947734156,0.4074046401548344,0.27690079296295883,0.3149826842588995,0.340265241642548,0.24336929365134988,0.25937272359422475,0.2974173578349915,0.4363921397037302,0.26345710216141743,0.3795985191882007,0.31781942483504255,0.42713018994500296,0.23387753736721184,0.34700848952838387,0.3504007490591712,0.32825279811073743,0.34345497274551245,0.33183000635578747,0.3333166091904441,0.4067042452277738,0.32386126838601664,0.2623863233669875,0.32420090837054294,0.3357464195434876,0.3138742569772376,0.26151423275926816,0.2950407721087767,0.3177148719862488,0.3429108318388429,0.37129966452269836,0.3169681066984823,0.36445974453710833,0.4357438914481947,0.3590354101355152,0.38658156582905384,0.3664877568221284,0.30143790677201393,0.35923378917162346,0.41277514084736955,0.45312437316305737,0.2809382533466806,0.2934442949968902,0.25096995645578574,0.3273080119072666,0.29083127882772086,0.3429350350894731,0.3098769599648165,0.2612680651419927,0.3606272018277668,0.3662159037607253,0.36205591900880707,0.27287189027899367,0.38302102746850314,0.36979804340298295,0.28554988686183214,0.2985342544865476,0.3484240501406659,0.2744793708236092,0.2979586518901503,0.328359375558764,0.36683526228677804,0.4154462291378931,0.3200939587268848,0.317367891939591,0.4067622129369362,0.30678607563978255,0.3019278386838853,0.31077943874846786,0.3660685036246661,0.30235191987847176,0.33168341556067665,0.39944488199376255,0.33736271596531603,0.3859622641302525,0.38173917820424147,0.2991055598646243,0.2796194270843524,0.280191540961758,0.3598973644987516,0.3636854709001053,0.2767744566186659,0.23709859623317622,0.3093169387505497,0.33269711078680475,0.29336474073871344,0.3108258088609211,0.318676396706343,0.34079084805751647,0.36341237259154185,0.2857812220659642,0.2934551699677576,0.3632911543672673,0.30387294426136596,0.3465798292773264,0.41241319725888614,0.30938693177631216,0.27183290203723914,0.29428263882963246,0.31255398148291125,0.3478617276729918,0.3309482422618147,0.2917395982118056,0.42633651548717977,0.34945140327677104,0.40927583933950934,0.3273393129596528,0.33830566182171706,0.3443110919408673,0.3448514314551721,0.33606814610815555,0.3417008601999902,0.32741682099566244,0.35823432046570364,0.3437088143528983,0.32676084001373834,0.27155542888856804,0.3355613753372332,0.27608724566964765,0.34390848284479997,0.3456872341996857,0.3353057628142201,0.43889006798703256,0.3141589249375563,0.33596777615720214,0.23294895574918023,0.3806658574927864,0.34657416728193435,0.3441567556059041,0.232398430139554,0.3176449634420652,0.35848544573925156,0.31306973768546487,0.3155778016565228,0.324748489921567,0.4000320355203647,0.37074969420010795,0.3733623008888536,0.3539478318968847,0.3096399556694283,0.3292608369608693,0.38778445923384575,0.294203099915609,0.35250770002364773
0.3536266273155663,0.35309571352042896,0.0,0.3226634279332229,0.3467568436754398,0.3453895113322063,0.2723448698348994,0.3527430277497757,0.2808074053371946,0.38544886299416486,0.38648934164986826,0.2947931560450306,0.41255076902330284,0.31375064395877295,0.31142897984052026,0.401193512328842,0.3885303150400315,0.3553154135384434,0.25953715230852065,0.2856666354006811,0.3814979517846158,0.44196596750045414,0.26448796413316206,0.30713245040754733,0.30976071501135866,0.30366577353002144,0.2704936980601616,0.29478180442281676,0.30474551321548254,0.2963944200530257,0.28160691086069206,0.3373562698320793,0.2902620906503458,0.22813934001225325,0.3200152389732635,0.35999976480956336,0.3682052309531149,0.3421147809526737,0.2703815727635764,0.3388254491943787,0.32877863629873916,0.3495219523008414,0.2942601425107931,0.33940826899657905,0.3282285302586994,0.31154004458501616,0.29484883428330666,0.35797762794845056,0.3123524847436939,0.3609134278851957,0.37371252054481363,0.34773418791847555,0.24745213846541403,0.3657895780534805,0.34254304240217226,0.30180900202061745,0.3182691983474045,0.3463499812574718,0.3142644291594498,0.36416251985625636,0.3251109573307472,0.26953770377731534,0.3447620221356709,0.2714920546893577,0.2786250126834325,0.29273678782580587,0.3010133742096164,0.33968569646453856,0.3118444897439975,0.3532423319129691,0.37582604683832743,0.30318948235384496,0.3174129870467906,0.4843357752882252,0.3526649416114408,0.24043870542859141,0.3233021642501464,0.32775538065246135,0.24363410907011787,0.24887692982788773,0.2932691121151223,0.32776244833227836,0.32506912495665646,0.3050668746061559,0.30729732953739797,0.3651791350524871,0.2798588269151888,0.2689210503031396,0.2847523181332513,0.2718745267846918,0.39629531577281407,0.2637959772879109,0.3646249539024242,0.26499978561345666,0.3384456417087255,0.29561090426150244,0.23750285831336823,0.27304544312618134,0.2542360661515802,0.33333158111976885,0.25783824668409344,0.30118650657127355,0.2462035564155285,0.28066492272269805,0.33893568537631824,0.3469378882678837,0.32750640114025176,0.2876175764747114,0.3257536193851,0.3699320264271923,0.30311080062775064,0.29936711584455394,0.33254714459740087,0.2690410017697623,0.2879440250864384,0.39209323174712973,0.24275347228707855,0.3170896746402904,0.34267987042941944,0.2953838930817196,0.3727916722335488,0.27213427813716556,0.27235064398105824,0.3376152311952671,0.25081145835330004,0.3306345520191251,0.30113794855829323,0.3416820267605857,0.32423359960217496,0.3301200297202798,0.30181784390835237,0.4250438892332949,0.2620087626753587,0.26631863823118823,0.3168893842674844,0.2611286937685309,0.23922720328035635,0.3090573294823007,0.27144419901427,0.2971376195584985,0.2483981303622602,0.3185874537069172,0.3310407021001646,0.31084688703691504,0.315567303446706,0.22834862420147609,0.3536018055070779,0.2790684223967795,0.3165183724588286,0.2329802580058797,0.2737230330973141,0.2317669701810741,0.31960421376432085,0.35486521628896467,0.3010773416539574,0.3193897383564483,0.3544368004784967,0.3932690250588682,0.2496495517513682,0.3082815758011417,0.29650562635671196,0.26988798839980555,0.24423556449763376,0.36576777924987475
0.3009800750163076,0.3845697124111731,0.3226634279332229,0.0,0.29237629772040724,0.3161680111025127,0.34742061432295834,0.32321709055435066,0.2712842719052969,0.3677820047597107,0.350493501527163,0.31300194886485094,0.32914287569035544,0.3160110117080707,0.38362014077717815,0.2869012456807959,0.2956915685280318,0.30480743259320603,0.2724676142538459,0.27137421224303,0.33538861201079634,0.3604406803167169,0.29521879360934433,0.3085084845233033,0.3367129745519641,0.2889266231884523,0.31226688266317304,0.274180099675282,0.3461985227153413,0.22888232471890807,0.32416165933940366,0.2859708413217974,0.40914918815533485,0.25818648278758366,0.3192689973725164,0.3741673386739515,0.35056758852475534,0.2997495539650951,0.32732352743506254,0.3538207800037425,0.3294572043561582,0.3170833159945878,0.25394198111712596,0.34405380711426964,0.3266376858974195,0.29965860149621937,0.21220657415646063,0.32348363581806117,0.31794968527484485,0.3013405165113689,0.37068919174585074,0.2971941647964038,0.2776178402401279,0.454942181225854,0.3977419721560465,0.31195674284108266,0.31615584486214415,0.3064493871777512,0.31703132377978754,0.36624994796264015,0.3977212293313024,0.2602429505608007,0.27867316114060803,0.24988377056288008,0.30256510206986126,0.288968614260485,0.42188249690057955,0.26847895178828113,0.25141383078287954,0.31855640070216446,0.321086995139079,0.3057054762099027,0.3011636516592638,0.4084395294844625,0.3005365196997982,0.2506792420407039,0.36210277849206596,0.3606099416420652,0.23944280469403906,0.2375081223658299,0.26291051485666644,0.3799425853726192,0.2876670580537045,0.27086395328186247,0.3412427724806206,0.3034756752187266,0.3443165085107748,0.303290811908831,0.28997937171203086,0.3213494795879357,0.32984888162468606,0.32124474717794643,0.33533824211344593,0.282340893092937,0.3703925133293225,0.3287945380127063,0.2491120034530896,0.28453500245948193,0.2797900696547055,0.335297158273651,0.33245430418622113,0.3179286134787703,0.29404230042477547,0.27739114683943256,0.3082316737812062,0.26789581176761657,0.3058130349315424,0.2739230099504754,0.3150316858886228,0.337731388375721,0.33890275811152526,0.31876860814905206,0.37692258639574555,0.31579256211009055,0.2924977716281101,0.30981645699711624,0.26037165079798974,0.2709764385793009,0.3085928178278811,0.32491683305954644,0.32161606796229636,0.3325208300207629,0.2804126877242118,0.33237502620211773,0.2805192482298468,0.3282540309311062,0.3138663400329606,0.35839132915255256,0.3256908601591595,0.342175640979891,0.2555038656745062,0.30553597252242853,0.33847315918215337,0.32790434668349344,0.35170899573492237,0.2537868860266562,0.21024170357964972,0.3353771443536089,0.30951004366045176,0.31904002176091023,0.3382627071681422,0.3178718253255576,0.3989464050226227,0.3312598505625383,0.32860982043592046,0.24456067636872658,0.32147037489203817,0.2720838941923537,0.2755719165455782,0.21268515955590733,0.333850630446571,0.27865425892901885,0.3268520452763805,0.30239450083329383,0.31743098356859445,0.37048027526429544,0.3457133091218462,0.3362870798946642,0.40477896450349066,0.3133896621379761,0.2928845003506851,0.2917592266551835,0.28689621634972196,0.3405669916703249
0.3133044080481757,0.2894100793013081,0.3467568436754398,0.29237629772040724,0.0,0.27170277399936316,0.3126383604174385,0.2637991161142725,0.27888253915106553,0.33219666419759303,0.36400813226704526,0.2790352956190557,0.28950212626888594,0.2914147000428048,0.2840418065744463,0.3290220418717343,0.30629089587417646,0.3097438324600023,0.22068861072892515,0.2455159414486981,0.31264577161101975,0.34094282882592725,0.27960477204345996,0.26794413968096054,0.29190839633283033,0.2814317549335741,0.26549765746467613,0.23201207804951643,0.28764586766445854,0.279604468652212,0.2898451298554298,0.2692155939038079,0.24686649215432838,0.22756006087262876,0.3474818337974692,0.32528005023813067,0.33990730829132604,0.29692280293355455,0.2893846128833476,0.2774146075685598,0.25688822094144814,0.3943883587647473,0.26636269670577273,0.3603664385948907,0.25184581961809993,0.24566305298149838,0.26295256048863735,0.3752587927590557,0.31396286066321544,0.290253138272568,0.3180873151279949,0.2668024299383192,0.23555384460247752,0.29692456338061785,0.3320971057619916,0.2929091749765196,0.2611936248217628,0.33727917394870904,0.2712407047690627,0.2735197048270085,0.24984474252801275,0.2387006038623286,0.25913448690658386,0.2831107685701928,0.2654392521377646,0.22765398889376878,0.28805260890662815,0.29595349706083096,0.24968003768543304,0.31043887388426267,0.3172964831984073,0.29170223293994857,0.2836369842257726,0.3045800375581399,0.261176564977314,0.2286719077523892,0.3043680550176047,0.43223610061333645,0.21349037975150081,0.2541095414823499,0.2647144049179763,0.2959109672110262,0.313147032242342,0.23297494153621848,0.2833297399151253,0.26361394424165385,0.2899923899727367,0.263460964493669,0.2426110737354472,0.2788876355736008,0.4366770983801048,0.2955903038616291,0.36474307541609013,0.22733278828552106,0.33219996897269183,0.29684902096653315,0.19750188349646797,0.25014053893943694,0.29864716545989106,0.2488887982517614,0.27160076508868475,0.2673493353532615,0.25752086394981677,0.24341467393396118,0.2775339364230482,0.2688062701937922,0.24565058350156513,0.2897989863413306,0.2778444946755181,0.3207140948489667,0.3056395563775506,0.3274337755361406,0.2911946305470858,0.31295876947173623,0.24193801717693977,0.2865288421773321,0.22553583656176696,0.29982561320642365,0.27827612821959863,0.33111375643724755,0.4044106541959688,0.26058979927106063,0.25279679961313894,0.329313399614656,0.2796369051379785,0.2696459655630616,0.25865096625209344,0.3206870621681177,0.26940683373307356,0.2745168188496238,0.27306858651042865,0.29461236926721646,0.26167357819504716,0.29281911622563167,0.28373176213707507,0.2693587818032242,0.22635515834299771,0.3042422294603638,0.2504779204494321,0.28741549514907244,0.22639961319643495,0.34642428217027227,0.3121673836313129,0.30361085005081023,0.34827065501251614,0.24683042203599292,0.31498399893541346,0.2517757166505885,0.2699647207196727,0.23203466073119935,0.2644559715911324,0.24204268828899433,0.3024046454062953,0.28956407064959183,0.28701954631847515,0.31665186983111915,0.2566335685156069,0.3411851466664888,0.26447868125042545,0.29499682411478,0.24464098469705045,0.27114291258361156,0.2564276831940708,0.40480273697627916
0.34034560966183697,0.43088820824018786,0.3453895113322063,0.3161680111025127,0.27170277399936316,0.0,0.26098774341451975,0.3565478449737971,0.3436930792072313,0.3373578521365328,0.30557909075931144,0.3440408387057861,0.3368508218128001,0.26598667737223736,0.3529606435981167,0.3198954945556303,0.3161332986970935,0.27185327178589574,0.3333106206218549,0.3126974052706823,0.3680236981684789,0.350685826112608,0.21298286677730877,0.25856123652092494,0.3221653486954434,0.22982534282357303,0.219116119203023,0.2549119894403418,0.3227823386045668,0.29901346402132617,0.3601535843210606,0.38785995729490674,0.3669392779073302,0.22350449977618328,0.29114185512701185,0.30318347738180024,0.30990633982107,0.306972033498406,0.3109324837941276,0.26122627777294016,0.3252182988135095,0.3512128334005467,0.29872342437077826,0.3482771187244843,0.2644683838916498,0.28111235774670845,0.26835310956026626,0.2998182594936363,0.24973885046126404,0.35316321883766444,0.3772127204061874,0.36194545894555397,0.307933696986774,0.3682558759439361,0.309139396332942,0.3838272907844399,0.36884641299343074,0.38189166764069926,0.2694096277539954,0.3231758828230196,0.38931839335368046,0.34113319636259987,0.3765706555490348,0.22142448828114078,0.33071414474135236,0.3017883585213267,0.2782949663440443,0.32803454030298584,0.23547440334974323,0.3305644931400605,0.3962165164023323,0.2761861170038947,0.2849779838165753,0.3413738566888403,0.3908742537035032,0.2720813433888987,0.2942767586204692,0.2888706597535982,0.25409729585754426,0.3427837043766973,0.39951275971744205,0.37306803402792466,0.3681051104440298,0.3023189402212601,0.32969063812470994,0.3242685062619523,0.3390392524594662,0.29780993329747535,0.31020706215364346,0.29919102616939947,0.32102698183483913,0.3400444625331355,0.36975526183547497,0.312486546075909,0.3226701364380928,0.35997968530757973,0.332567302579429,0.28938313368875274,0.2760303635322124,0.296921065207042,0.2829286513688162,0.28960006239224817,0.2521762279406304,0.28054363770550583,0.36747981308542926,0.31963777763616713,0.3459023498053019,0.2737199783767704,0.2795134741221006,0.318751435743747,0.30101819012375997,0.28248675719422883,0.38385631131619063,0.30775658841138204,0.2913649347498765,0.33898775179691604,0.31980858636713727,0.26904177151434394,0.3127740325721601,0.2971178374420564,0.3165535154268174,0.3375939328452465,0.287671938824538,0.40056491318046455,0.34123338836484735,0.3509390305817891,0.3442871665080251,0.29499530097274157,0.2952453429390284,0.27885314971522446,0.3417573614986127,0.4908929457207147,0.29055270798921196,0.3396999390069346,0.31143379226389484,0.3157953089387246,0.2656590552203243,0.25793451688836294,0.22353703232002517,0.32623990669598035,0.297479217361844,0.3581429505916455,0.3468286956527512,0.3254395386324286,0.31413777166050266,0.230355926783579,0.41482479560611596,0.32552075333683167,0.31374382215270163,0.238382960922492,0.3119996752759914,0.3249783346692305,0.2672070874991045,0.26485429077234995,0.33415342755526767,0.33952371775519163,0.30794136236160613,0.3752294735235726,0.2691852475677581,0.3312664898455956,0.2653418653834402,0.36334484169394266,0.29258799679865155,0.32900541222537993
0.2701570285417797,0.3158481804505474,0.2723448698348994,0.34742061432295834,0.3126383604174385,0.26098774341451975,0.0,0.24140530867981586,0.24656290219993976,0.32511578357494136,0.30703432259958435,0.29122861888295837,0.303619774721871,0.32821422116266225,0.3576786529447691,0.2540827104923819,0.24989559911287432,0.26912240147985356,0.2330016457506948,0.21762690958657063,0.272145094926894,0.3290147530044102,0.32381815567490757,0.2968660466717726,0.2914340467178248,0.2955175278720614,0.2600300051899905,0.22659838367848478,0.3273838663299452,0.23996478201907787,0.2885963705311861,0.2953327417152387,0.3182159796233791,0.2557057410437439,0.28020706194794925,0.30168990335766044,0.35132699574295106,0.24303601404057282,0.30807960603452395,0.331754285416308,0.2906088790751194,0.29675080943299403,0.2585829477136701,0.33187649711064326,0.29102608934896274,0.26337008206428597,0.2650313367838788,0.3101291627949733,0.3836723206525571,0.26005252837478326,0.34784710836360055,0.24311432745677897,0.23420226945079883,0.35088456000934737,0.3876806898008477,0.3075940519187447,0.2503699029379145,0.26041102885528683,0.32483332070504556,0.281717608760354,0.2668773117548548,0.2659058020844404,0.22179946903403233,0.2631208116145695,0.25936013504605754,0.22666696525638227,0.3969857441084889,0.3415129991580026,0.2404772593262884,0.2538224439502641,0.3207761434485155,0.272485586440359,0.26496516126359404,0.33785132229205245,0.2134625132636192,0.25243178534412875,0.41477001233036087,0.37463026404195476,0.20816667142635298,0.2500944396638362,0.254897164069321,0.30230329704274667,0.3032704102364236,0.21203050499801723,0.2573297887462439,0.24647239996661363,0.26428779821931037,0.2977297355404767,0.25184046751169203,0.30092131653601695,0.328156548453807,0.3619755594675734,0.3273063358260453,0.24813235442611822,0.3267141072541841,0.34925650278545145,0.20821032278171223,0.2623972929204357,0.27984788548940925,0.3141161656391657,0.32279632420480914,0.2902037605878465,0.298409891218108,0.24945582979053776,0.24111309023607588,0.25256131875421073,0.24352576905039316,0.24568276913508288,0.3222112850851285,0.3233214471864255,0.35927879449685546,0.276521019151357,0.3120514430616603,0.24644731455625224,0.2414142096875611,0.2658887102749782,0.22761281096756394,0.30231693446790286,0.28708381818548584,0.26898204996017727,0.30010774545165597,0.26427590128057976,0.23711627447644446,0.34584621313568037,0.26832354739498054,0.3225076917811829,0.2807764826024708,0.3472163727836005,0.2598505771191403,0.29443335198229764,0.22490460399508858,0.2333726583405553,0.26247658683171426,0.26266136914416843,0.2647738079443616,0.2741557762910638,0.22323164785079072,0.32016817318265817,0.2512833124318764,0.29151747104398695,0.28423891597364664,0.29937446871533,0.3388331905402758,0.2806040327233866,0.3182923900689411,0.27157394221001546,0.29227786155299557,0.29116970633789957,0.2445861515525473,0.19037449309030924,0.27047293721142374,0.26397186843110293,0.2597276849350259,0.3738326276604377,0.2927810359375046,0.3192979368380831,0.2969324426025802,0.3280811253766218,0.34646370763223955,0.3425221860218368,0.26712903289899237,0.25646876356657927,0.276649773709623,0.30481159587791107
0.36819353900409213,0.4045224702085348,0.3527430277497757,0.32321709055435066,0.2637991161142725,0.3565478449737971,0.24140530867981586,0.0,0.3440389265148886,0.3829186488423856,0.33144112918265395,0.3431655413875783,0.3772702262986481,0.28883094326674513,0.3127020200048754,0.3558302891172088,0.3423592510462387,0.33065127809402456,0.32626232526149207,0.34905670808860373,0.36614140185629246,0.3041573641811292,0.2611248530731778,0.2777195208527517,0.3794853454532394,0.2595002044936934,0.2846072470702644,0.317272319176251,0.29755349885969157,0.28759750008054635,0.4164643478483437,0.3374778264494033,0.31990645117866184,0.2557003249342779,0.3788774032053341,0.3998538452826794,0.3700976348840226,0.43246402090937486,0.3109774993578946,0.3132778250533109,0.3585707693793988,0.29964893791712954,0.30467410664988914,0.33149568262748064,0.3781955300855108,0.3267783479277011,0.2619956425212856,0.33368754447226384,0.314431563894042,0.36076622652565443,0.3439361504173141,0.31769847115865474,0.28400836834740145,0.3217461863124286,0.3306879459159791,0.3329940798157685,0.36847582627235204,0.3895258579460628,0.32491648733860035,0.3771932990883022,0.43759643835823403,0.26639406953289474,0.33802363087436343,0.2753137493599144,0.28253712520191243,0.313369790855584,0.31089480522528345,0.28730552862268,0.2957627801737211,0.5170788643263949,0.3417200193737305,0.36202770018801383,0.31384560887362656,0.38548963029794825,0.4353318669983842,0.28675502967755695,0.2961624194352657,0.2748911853628408,0.3351597682484546,0.2612198121489915,0.3111633416697566,0.33697688908447837,0.3471352117060598,0.39655211065345897,0.374300018159119,0.48156943612872893,0.42004528295317467,0.3079508008814902,0.38084732981394254,0.336657736751247,0.323871197049778,0.3007240175004586,0.3472305049699324,0.3219212329238345,0.35199964451261595,0.33757412134927645,0.29372837603963764,0.3158996866673362,0.26108136000519694,0.37088574958205495,0.30973617938087084,0.35231363604414395,0.2807422089346908,0.36226137599433755,0.4109659930262728,0.3367295541204476,0.3476931723462431,0.3482588496869163,0.3100527611588259,0.34332420935600955,0.2867325297708229,0.33268727240323503,0.3689331442800227,0.33199347526985823,0.3381002118696168,0.3735289260773255,0.33236541829136884,0.29696177188629547,0.3005914175512503,0.30560318544694004,0.34020292103252336,0.4122263158331503,0.29917380411821715,0.35317321723479095,0.31422825691860407,0.35119189317108845,0.2944495749838241,0.3343911776652197,0.3624164508824142,0.31188263839815883,0.37224814464003,0.35597026400010306,0.3720232558727724,0.3149679142665743,0.3949043604183673,0.27223681958299956,0.2822177693778626,0.31131760953594023,0.29000715147149375,0.384774295899958,0.2970728700662991,0.2991059514795763,0.36064486512062083,0.3026285442016856,0.36087708184622813,0.2557205245155137,0.3570745538110098,0.29317640971006576,0.3857999105334254,0.25301250286167143,0.4113066268482557,0.3084263397315747,0.3206737960607946,0.2842298363007554,0.3943049094442898,0.4187185620807736,0.33864021146154205,0.39220505654228766,0.27930247859821394,0.30158434771461146,0.2860626472483371,0.3877699984635057,0.2952257080870122,0.36571737501759227
0.32759748548072765,0.3266370002438624,0.2808074053371946,0.2712842719052969,0.27888253915106553,0.3436930792072313,0.24656290219993976,0.3440389265148886,0.0,0.29584617759895143,0.2814142594954663,0.2816815429815347,0.27043705809962637,0.3281482539173761,0.2835693602157031,0.29134711330153595,0.2686877820744141,0.29315039605430593,0.27607748526964493,0.2946004398217738,0.2864519747403178,0.36927695212433337,0.21973169184291935,0.22419365398482652,0.30730670168871466,0.21075327187338574,0.26166408947074293,0.25367957475400515,0.28153393525288356,0.34431045770290636,0.38929865095970495,0.3002149665918711,0.2834631268834635,0.208745754438723,0.33036782334490983,0.2985674652716953,0.28204364714232893,0.39000116846759714,0.2933314821457889,0.23797020711841727,0.2631405204273044,0.3623341452136134,0.25173177660131757,0.29349437549086677,0.26373664931114904,0.241878731417579,0.22633717051518357,0.26210970948961665,0.2543806471491458,0.29191325938806245,0.28245963517544403,0.24320894968289913,0.2965728146600823,0.2845001683579743,0.27995063300064665,0.3900181473568759,0.29247856922937315,0.3415903221384968,0.2642483664420082,0.2662842160203732,0.3015351109920201,0.31233623905875796,0.2659566151583451,0.2669722577705329,0.29680517882435253,0.25136294800796305,0.2945432147901027,0.29037934046956687,0.2562617856761755,0.37224085179768296,0.33495115033369366,0.29268975835153543,0.32680688115270934,0.2716573815565012,0.3510657805794802,0.2599426628137959,0.2454030451508047,0.2490735347214068,0.24937736918573877,0.27609735817317876,0.3075689163924737,0.4182345907575914,0.36080490145878974,0.28102232791411025,0.3299252986492292,0.33345560715675177,0.3462510365554999,0.310053701811658,0.2810306931141403,0.37682908476129395,0.3248473370191598,0.3807574934321601,0.3065001904546129,0.2604322716905397,0.3920812968687394,0.35049724468971133,0.3289529833944475,0.28034543397918715,0.339295624669184,0.2526861042751075,0.33276566278152747,0.2750883035441177,0.269313441368976,0.2827962998701833,0.357601444181061,0.24802264559629977,0.25074635227666614,0.2848605465838827,0.23710750951526982,0.25438565275057534,0.23776209242093876,0.31991518899185,0.3428443966345725,0.4168086832239214,0.2532385273199762,0.2836272947947214,0.2791796248366992,0.27663960771662205,0.23324863601276508,0.3549077726760844,0.3080036092999404,0.3529526179324235,0.2724083778190431,0.30462580948566764,0.4874524616580806,0.2741308965532213,0.32025071336880073,0.2652149815363571,0.2574188692636207,0.272397092037625,0.4625053699085348,0.3614203877186381,0.3289020926349631,0.41541815440969093,0.2972755355152126,0.2915553220607356,0.23786883838262213,0.2534035369783037,0.2437811768298662,0.3634295915723709,0.2883314164690768,0.3523647531917771,0.3596055795211197,0.4103332783909982,0.30293205713123617,0.23749267312445183,0.40940270095709586,0.28146409789572263,0.3065507558757638,0.27021716518545313,0.3380647688967373,0.3232743723762852,0.2895649257694445,0.25118712899814816,0.30716559196050386,0.3654694487749282,0.27439748482516296,0.3000859604614905,0.30044177982888165,0.2924777137241684,0.23482286437659894,0.38505324879663794,0.3797208564694069,0.33859709927562165
0.383511690647707,0.4577643341224455,0.38544886299416486,0.3677820047597107,0.33219666419759303,0.3373578521365328,0.32511578357494136,0.3829186488423856,0.29584617759895143,0.0,0.31436172430642745,0.28032819479776905,0.40453483157673,0.3736600489304134,0.35008383675201227,0.3268008561446904,0.3433720410001244,0.40794561701904014,0.2818346806452506,0.3044010199132135,0.32300690710081176,0.3346563010754058,0.33261437354286677,0.27672047426756885,0.41747559189539124,0.268165036750199,0.296569879978292,0.3022342578132725,0.39835192313252793,0.2784165629429495,0.37991843510949247,0.36380933194369985,0.3098481664434428,0.2522218015167057,0.3903141109852697,0.3660941645971678,0.41920462977406187,0.3448934812330402,0.2684679647711764,0.34831135706599603,0.30816235573044304,0.34671666751398716,0.30804753154410025,0.3333160144898875,0.34422095032020444,0.3311753240273275,0.28826575687556993,0.3327733231938554,0.3999740038100934,0.32830080594109895,0.3875775830878518,0.2965888959112717,0.2915133482587199,0.3686207465031072,0.4071375126753621,0.385139150390831,0.32608502791703114,0.2891123014683485,0.40366032073230773,0.39499757794020496,0.3898122940093611,0.2945918528471588,0.2824415810896839,0.2799696307896949,0.3180567367762778,0.29662996051869517,0.33904820755160925,0.34539700076205404,0.3217593870522208,0.4032061987282311,0.35904307493493226,0.43367665444468434,0.28769060989819906,0.41469648986007235,0.3209817391020616,0.32450168041704835,0.3159484183140437,0.38280272598775184,0.26307613181176137,0.2958069821198132,0.32186263676010257,0.34435186434723386,0.3824023335602675,0.33482388387768436,0.33813418473204127,0.3609059254584127,0.3408534603535087,0.3699922322444633,0.3733723867338668,0.3069710274090126,0.3477980368210155,0.3344561911958682,0.4245288167865684,0.2910223166899338,0.39613587514969506,0.36074601229642117,0.23940972737278168,0.30388162223989745,0.31159970519179686,0.3846439993673173,0.35432205881025075,0.32497404327935986,0.2829656117215703,0.3407424229444928,0.35248293009469756,0.3197247479874618,0.322276926924936,0.3403870311872614,0.35549374593491706,0.35550211060830994,0.29298466548773355,0.3221602721982703,0.3926143937461501,0.325789961305385,0.3189352695648153,0.3463745255698126,0.3108335958252926,0.3514104648594377,0.3113396066494786,0.3498370478754174,0.34092409058189266,0.3337091106516223,0.28441693729576295,0.3911949270024957,0.31533784841187973,0.3856262362435419,0.32188370101195357,0.3349940825695912,0.35616317142761733,0.38480208311429387,0.36537542341512363,0.3142418470693478,0.3478628326108271,0.28124820926750516,0.30525114695220895,0.2944941741404656,0.27212865724536056,0.3648980802405503,0.2993351061307388,0.3566901210282978,0.3169385973954757,0.3701268465790328,0.4194453019878793,0.30485099120594783,0.3503710745951902,0.26991029006113665,0.29601199832674663,0.34654490409071675,0.40228576824391793,0.22883728576966425,0.30310019251167664,0.3433609864195092,0.2948388911796991,0.3427188180701265,0.322442758337901,0.39595189327198593,0.31649749394383975,0.397402812139393,0.34916827995437094,0.3854346002083974,0.3876885657157199,0.39746221285281785,0.3050069684390687,0.32825160217009147
0.34597735051539846,0.32787019600132605,0.38648934164986826,0.350493501527163,0.36400813226704526,0.30557909075931144,0.30703432259958435,0.33144112918265395,0.2814142594954663,0.31436172430642745,0.0,0.392018972389882,0.3700314072458272,0.27595917215062565,0.3138516981040029,0.4033401467638502,0.3700221856744069,0.3420932738715134,0.28307616373769623,0.2866965954564367,0.35901462324864025,0.38199112868921653,0.3121335468071001,0.331929499619973,0.34134529507913297,0.3117884305941811,0.35292140385316795,0.3265946034881361,0.33178631947861903,0.3242353192202974,0.30245770664275723,0.31537591203802207,0.2875008041075036,0.25864676048821256,0.3283850707884493,0.36143827579235427,0.39889048462899973,0.34888891764085433,0.34819156291120684,0.32928315024444327,0.31397123084621653,0.35802831515112143,0.28166786821891593,0.366805599889037,0.3080872663759636,0.2957746791140593,0.22910225295005135,0.40087487688737605,0.35094942981077537,0.30533694388845223,0.34837624265603545,0.2858818588193712,0.2408357750321246,0.35425519014084345,0.40520291638846273,0.2684109009953091,0.3433308639132162,0.44103643320020713,0.2894465928941038,0.3452037456304714,0.3175887134685185,0.22472740854711032,0.3122991004844344,0.27026044673635463,0.23706209140169715,0.25714837390447626,0.3152332501667955,0.2671583910505707,0.28534892500660886,0.35476769807062636,0.3082654625505864,0.28915061066380876,0.31095280050634394,0.39227037670008685,0.34629667597867286,0.24960239539130877,0.37395497871208044,0.3568980179273548,0.244371533744975,0.24549419069448428,0.26288974528590126,0.2826494818066272,0.2986115500545172,0.2875968069346461,0.30828017874786257,0.3227700265055088,0.3262644491224931,0.2597841781466788,0.286103700413113,0.29936240679712434,0.43740158068168045,0.25372264722864796,0.3915916835422723,0.2901969100980718,0.30403004920466353,0.3062370078883971,0.21682971213257313,0.2516925490867272,0.2511583138032378,0.29670098221411007,0.3029313826852126,0.3085055303244329,0.2629710888400399,0.259846366672056,0.30861318060774645,0.2840424657352831,0.2823468355335284,0.31209601299060313,0.2931322696257603,0.37701682574640505,0.37816960833284907,0.32432313107494876,0.2932921308133837,0.32552309395914686,0.30139747301776,0.37340580973800125,0.2599920743503749,0.3288932674547586,0.3018513041997871,0.3055530052342246,0.3981539630043887,0.27114127109142455,0.27066502710573154,0.3596444661422849,0.25894012261452354,0.35516823204418185,0.2428877156317415,0.3738094720197653,0.3071407998308857,0.2805630141198974,0.27549463949986663,0.33315218525981266,0.31862974633677993,0.30249207256069044,0.3630632710689253,0.25073729497863817,0.25192350270171227,0.3034326024014712,0.28487475544590474,0.32532678549360794,0.2556663781818237,0.3091572522490489,0.2879216789384938,0.2927946264553529,0.40142157627383407,0.24102091432136902,0.31792561853661383,0.267697620921526,0.2876594581160101,0.2618297617052475,0.36151491286659165,0.24663115996616194,0.43735980077352204,0.28630406846316375,0.324880735483619,0.337351165628784,0.3610296277470924,0.37344907604999006,0.2811059154063423,0.29976383697021153,0.2487382813051459,0.28979188540150524,0.2435133597423066,0.49646562585490295
0.33188988693935056,0.3179904338919551,0.2947931560450306,0.31300194886485094,0.2790352956190557,0.3440408387057861,0.29122861888295837,0.3431655413875783,0.2816815429815347,0.28032819479776905,0.392018972389882,0.0,0.29033360165820177,0.2128327812982256,0.28262210011482486,0.3419351812797878,0.32087880667626656,0.2677703918355359,0.37884575140134946,0.3084834440929159,0.4271576223687704,0.28642049063877795,0.2820086640537258,0.3377781158361067,0.4059896504541059,0.28617587845214887,0.26612768679268256,0.2693575646008325,0.2830935328007857,0.31595308369020525,0.35041512687654475,0.31138323254952527,0.2776102353964878,0.30689022941009747,0.309042101319427,0.33464590025113927,0.35796122694088145,0.3346968805497503,0.38624996792427063,0.3018961795599019,0.34274703559235664,0.3175961610528452,0.30809680044755156,0.3726970193177306,0.3006194870230805,0.29791309042845565,0.2699820666232427,0.3710658742309377,0.32549728992580296,0.31520215068429847,0.35277797847389014,0.33561515186133317,0.23246500214803814,0.3319835655368692,0.3545843019763931,0.2961161162623192,0.39117748549842907,0.4349858734727133,0.24427666112114596,0.31260226526942386,0.2836250825225956,0.23201392755924297,0.3234083229585475,0.25861714279057707,0.2535331949198522,0.29505825885061016,0.2710265583723476,0.24804014341218644,0.2270889164695718,0.3062783181400786,0.29716939763812056,0.2614269682370011,0.2802423871174287,0.32270965537674284,0.3189094903226116,0.2610248275724271,0.30863950565307774,0.313450683554058,0.26797674966644003,0.26792424032266204,0.2901041200275639,0.3082166378661813,0.30551179673875867,0.2742404851128051,0.34867333676639123,0.35149913558068635,0.3161637631891853,0.2573659037523025,0.31884886333409057,0.3238623098145117,0.3337620557695143,0.28953138509720294,0.322365957986287,0.32608720788715356,0.2726780940392068,0.33969348074237665,0.23558998649933321,0.3181334573421142,0.24509176905344682,0.2842128959947451,0.2726144570068558,0.3091503874431109,0.31261928347001167,0.33491862550308055,0.29212307827543177,0.2971370693623444,0.3355532278838632,0.3032201465627553,0.27788790235917216,0.41785762228828177,0.480671103391385,0.3682614442596313,0.2934988230920099,0.3147276548669564,0.2863782182244807,0.33812429553432427,0.2995059792465738,0.3397517653172113,0.3301260097279472,0.2638356825414282,0.3150267875420478,0.2946176950602568,0.3004530091270969,0.34314257825348343,0.2603055405106015,0.3610697502795826,0.251187641653952,0.32921020664737577,0.3249698628215542,0.24814603580034317,0.27445179569000766,0.3122911001509266,0.28624494227813146,0.33619522091842924,0.369244456405749,0.24472045289098848,0.30308554244283226,0.29250984094112276,0.2552812599485209,0.37321564469299157,0.23561028350869,0.2848366713963455,0.29955764272229995,0.28610959256031787,0.38422979359299997,0.29330212268570865,0.3906640902600214,0.2629346503787613,0.32956340403162904,0.2703614080848712,0.41779238028475285,0.2718763664602856,0.3390396528662512,0.26413489002721935,0.4671504592049141,0.31241801682452447,0.3181832097151576,0.37719357249094343,0.24865888070652314,0.29371843628479677,0.21930361615392113,0.30912409801943497,0.2716298665290445,0.4073431962169934
