0,1,2,3,4,5,6,7,8,9,10,11,12,13,14,15,16,17,18,19,20,21,22,23,24,25,26,27,28,29,30,31,32,33,34,35,36,37,38,39,40,41,42,43,44,45,46,47,48,49,50,51,52,53,54,55,56,57,58,59,60,61,62,63,64,65,66,67,68,69,70,71,72,73,74,75,76,77,78,79,80,81,82,83,84,85,86,87,88,89,90,91,92,93,94,95,96,97,98,99,100,101,102,103,104,105,106,107,108,109,110,111,112,113,114,115,116,117,118,119,120,121,122,123,124,125,126,127,128,129,130,131,132,133,134,135,136,137,138,139,140,141,142,143,144,145,146,147,148,149,150,151,152,153,154,155,156,157,158,159,160,161,162,163
0.0,0.8582219372915051,0.8131573110570268,0.7738875222671483,0.7902883606333452,0.8631909300091494,0.8221771470311716,0.8390487613033988,0.895239801963532,0.7740256275853415,0.8581123881399485,0.7982385334225245,0.9175878028553466,0.7984925477454619,0.8279999661676862,0.8450385167698442,0.8681903564474627,0.9248113458072262,0.8227365171506493,0.9208647495692746,0.8410167483730269,0.8755492335666272,0.8429829155284682,0.8195532904912204,0.8705986491135129,0.7816215835321887,0.7965826346124691,0.8799348938971373,0.741482800918744,0.8423670180412363,0.8384911763827829,0.8592208040865724,0.792011603849274,0.7986930629530684,0.892937679750189,0.7471638975488776,0.9059614466600353,0.8559890392177135,0.7371793639486461,0.8369859154567705,0.7717034444090194,0.8868099333167515,0.8193265474697033,0.8071539039647873,0.8450218723721065,0.8426118478161598,0.8230462310863761,0.7995748063408804,0.9084994418305047,0.8382573489399333,0.8462249834175705,0.8616656871133229,0.7872536631972019,0.7923039224998875,0.7490853241132804,0.856722191739785,0.9160894242932078,0.8367968856704834,0.798083974151719,0.8041667064563199,0.8137819989806557,0.6957594282449245,0.842355436790502,0.7188734820576648,0.8061163065809179,0.7972219778767021,0.8233509319210878,0.8709477960899725,0.826002066874006,0.8839700359692588,0.913544142211971,0.7788929825723329,0.8259371212421023,0.8791578849869014,0.8620245260806425,0.8435461604733576,0.7855293425926588,0.7833320819079055,0.8007460157286811,0.7138836486830723,0.809309155396455,0.9056952078691068,0.8584152006910661,0.8233130846388721,0.8376499026818742,0.9168706869023061,0.8506223093334813,0.8265167122023008,0.8526122410922535,0.8018978688252554,0.8695769536105752,0.794503208836121,0.8063610379851813,0.84910182419726,0.8726797969685365,0.8220099139923265,0.7120415747480032,0.8115911573612089,0.700442772812261,0.8301475712688162,0.7353324559991109,0.7133562606068112,0.7054411729346572,0.7298465291914431,0.8243099810539763,0.8461604245378128,0.742775436159834,0.8789172348937639,0.8084411581247378,0.8317270633248833,0.8123837035998452,0.8147872221294616,0.874672741620754,0.7862557532372273,0.8215146615365394,0.9007940165249119,0.8729390948108677,0.7838933181223882,0.7815703737761941,0.7860522826813514,0.8114230572866303,0.7506873116690119,0.8694838217502514,0.8583547994996602,0.8210627593763513,0.7731257349269511,0.7380746665103028,0.7829006196021218,0.7591611395285722,0.8233033617421375,0.8463196349275401,0.8251132249678768,0.7845158419758018,0.8461876671696107,0.7931648712084672,0.7840570066008762,0.8615053474342415,0.8336353924885864,0.8083613616199248,0.8281017991339581,0.762660036844747,0.7876247022401696,0.9001005502450599,0.7654382977320904,0.8225917688387709,0.8618613801168072,0.8761598745119888,0.7581754596825839,0.826740142729376,0.6542039184333883,0.8779531179598459,0.7883437833208052,0.833045859872556,0.7741659781842404,0.8071945745517147,0.8679381882732877,0.8841652487469223,0.8307099936720347,0.7872859792742155,0.8206790809766051,0.7588470730572109,0.8817761343629551,0.8774538720021443,0.9202659184231193
0.8582219372915051,0.0,0.8773805964183236,0.793083055624654,0.7502536425122875,0.9044784913915723,0.8513614482303724,0.8895181088287409,0.8222919845624436,0.9156332470940993,0.8426489660796823,0.9129690124024026,0.8977371348139024,0.7999028944215126,0.852547614753774,0.8561326367929463,0.8503491948141173,0.8059906830230347,0.8594163518925414,0.8750968437003829,0.8414431902567097,0.8904018110334264,0.8642781985497267,0.8525518043782383,0.9146512710239165,0.746683912057431,0.8237788415781271,0.8473688591965876,0.8914834666027645,0.8080931432713876,0.8987820321924632,0.8790523370574019,0.8665587180424177,0.8578889683135337,0.8629012737020836,0.8290966855880635,0.8729502863334716,0.8365401016969494,0.8341931526833957,0.8553284894126342,0.8601791898566021,0.8328470840360594,0.7583520982842974,0.8137572825130477,0.911338839872984,0.8397386516063484,0.8298812065280055,0.8048569523982921,0.8973313212532398,0.7989761807225984,0.8003008371913792,0.8144450568652577,0.7733927961572853,0.8710177066901658,0.8348483584692769,0.8806423577345441,0.8243064506087511,0.8451566858325766,0.7864381582657693,0.8431989682428737,0.8473403435874427,0.6944253961371158,0.7546732830473576,0.7548110815994282,0.697034706901449,0.7134905204678276,0.8173872549742107,0.8007119657086909,0.7598931289377541,0.8252835017933408,0.8176037058100529,0.7700764189418936,0.7140601469843605,0.8552890806018798,0.855008263568868,0.8140726629441231,0.7753243396929439,0.8348716039504378,0.7838095283963195,0.6853238356162,0.8052894240128405,0.8111626571964577,0.8860571852900478,0.8359092771923241,0.7499615720307046,0.9436196790627407,0.7822735581843767,0.7464751703553512,0.8811872691187681,0.850687922661263,0.7778331775899947,0.8474599161417602,0.8460339766989824,0.7878296724746034,0.7806017720159891,0.9229481086010737,0.7408043519006723,0.8879282600506986,0.6880455921917485,0.8553173851981604,0.7917614333902084,0.7156061896692035,0.6696859862658694,0.8331488354897784,0.7692945753164464,0.8392788629657066,0.7820310202662458,0.9120423003810971,0.8650463302504493,0.8887259329638607,0.8330971085352454,0.7356424600575521,0.7989200988277539,0.7793883934058647,0.7884599727974425,0.8743199218910516,0.8703741353971438,0.8183199365535114,0.8095673478102183,0.7755897798152828,0.7583881091449582,0.7345217414506844,0.8087565030251043,0.8660990788337758,0.7371375149459811,0.9067185685559971,0.7205803361972496,0.865705993907525,0.8875057346162979,0.8305189729393964,0.8644871115259074,0.7902958858669024,0.7336856153628116,0.803458506769787,0.8311194370930918,0.7357731808521265,0.8950154265961844,0.8507698975004887,0.8710194659376479,0.8629358718718667,0.7909635621377555,0.8209960161383062,0.9032238411008585,0.7836089504618796,0.8705150010454431,0.8000205577738572,0.8863864678651835,0.8554356761095894,0.9314604654391838,0.7158585005040383,0.7928422098576099,0.8400308639393912,0.8131607037834697,0.8681804708438855,0.8833870192231833,0.8414001095903618,0.8503638089249488,0.8685853552931008,0.7862709217611318,0.7401847844873326,0.812021999311116,0.8206992980726231,0.9533302425629441,0.7960122164652736
0.8131573110570268,0.8773805964183236,0.0,0.758957330946199,0.8544788431352023,0.8793600908406879,0.8315327303914378,0.8372256361498005,0.734531477192378,0.9068754754412608,0.9235120766880135,0.8914448295773402,0.8914927770574492,0.7041772369922067,0.8277698676463071,0.9419638965251819,0.9101599672846702,0.8190650577332402,0.8555119638047348,0.804109630578148,0.9368584362691899,0.9560181507585693,0.8300706092217485,0.8615798784561477,0.8878156277495491,0.7742575401815538,0.771636651001905,0.8179042926614349,0.8686154244786667,0.842503273836591,0.7714378694244779,0.885725230160447,0.7824789423053915,0.7448115746901529,0.7357504259128265,0.758921510841111,0.8658467825179545,0.8010728514773742,0.8317320434104298,0.8405470334815602,0.8036852673444643,0.8543294447367255,0.8559508394145983,0.8069229187095144,0.8144934349896251,0.8058618790093862,0.8214809347255622,0.8684740377919411,0.8936676273140298,0.8026180547296153,0.8486270103013088,0.8068888223464459,0.71491870528117,0.87055838115333,0.8381816469917716,0.7630893834652543,0.8332553106770065,0.906438476856279,0.780856928108941,0.756343719550275,0.8244213597794775,0.6469583561930551,0.8227285396533625,0.6900445303011868,0.6982779895480213,0.7164109700740412,0.7438564794052349,0.8544746236384793,0.8257222289604732,0.8512503916371095,0.8232672394315617,0.6665472039848421,0.6862072268807308,0.9223887188150597,0.8537757487652065,0.6919260365754029,0.8814419319601972,0.8777813052529507,0.7277567842444329,0.6912123385354425,0.8363579361491061,0.7667131238692423,0.8814745056818177,0.7714850960510676,0.7313811045632289,0.8374261899607681,0.7665177874221831,0.7201095258014496,0.7606665980837984,0.7215880641875669,0.8274356225137053,0.6994403619163632,0.8708363356258408,0.7181279294212015,0.7530415300040232,0.8520780671924967,0.6855364091869215,0.7540616440307302,0.5976871547875675,0.7351667925213092,0.672924023710689,0.8123624219628196,0.6419683259590969,0.7880245767729946,0.7037280656859417,0.844698471254374,0.8315543374416482,0.8732993113397528,0.8311106327762394,0.8845068479278124,0.8519721853051875,0.7144610989157985,0.752137518319741,0.7565660555408447,0.7159832886630171,0.8301186484616807,0.7623672876553633,0.9153141321690906,0.853295355429896,0.6664736960941536,0.7761420953112494,0.7018562504297821,0.7286598998650352,0.8633455889906729,0.6368546641966027,0.8783367993830111,0.6717525299772545,0.8233321366497488,0.8254066908292211,0.795383370784298,0.7793979748220301,0.9037737805300758,0.6704064030073326,0.6939010514370849,0.8264371311383866,0.7275264868043152,0.8350348615754861,0.7699524140782976,0.8484341650688156,0.8594590150862097,0.7228625559082541,0.7879570321870712,0.7939879156255958,0.7701267192705131,0.8544757474868241,0.7474141909322598,0.8606497675455624,0.8809443297972389,0.9016539686896162,0.6652025903434837,0.7196097524493182,0.7696267052883786,0.8600406305676643,0.876440865309444,0.8745206161274853,0.8069462227785305,0.8523694210363759,0.8797415405726202,0.6829759285339297,0.7550525565198939,0.7942588017144248,0.6945785195203331,0.8427833247042802,0.8156223945436631
0.7738875222671483,0.793083055624654,0.758957330946199,0.0,0.721970897784723,0.7898327827976813,0.8520247862292413,0.7827722626168917,0.6829915062706053,0.7504764424322156,0.8148547584386956,0.787921625090696,0.7745561063546557,0.7270661472106227,0.8188473658564893,0.7286530885117444,0.7701892194571016,0.7657137715824597,0.8116883247488811,0.6956869403885622,0.7903752605488643,0.7799158863368629,0.8139414506687441,0.7663322548653924,0.7952061835176434,0.7953468670888472,0.7567088425452524,0.8096469423403048,0.7679423248963811,0.6693852150701205,0.7613487074211717,0.7326057241748122,0.9408649656813691,0.780995409655056,0.8012557749626449,0.7843079175134712,0.7789727909332932,0.75379038266845,0.7374161718450469,0.8329190172173915,0.8690341358863644,0.7222247223579086,0.7343523291791068,0.8295286639341639,0.7857587786614161,0.738865957067902,0.6895006009733032,0.7578102536998176,0.8223292119082897,0.7313043481875208,0.8378060188866804,0.8406380717458373,0.7083698812699726,0.8918311161884452,0.8144410011088711,0.6965572465024701,0.756915977934059,0.8013629376167467,0.7507065376939301,0.7318158256471821,0.798313519867802,0.631643076603622,0.8007333024449691,0.6554507670816112,0.6732406548221923,0.680056025289582,0.7755184294985671,0.7238532290752068,0.7298974152043418,0.8036964997219306,0.7559523514182059,0.6914056984316278,0.742984027443987,0.8356289838466038,0.758768487845493,0.6875909227370414,0.7534887489909631,0.7579188146883643,0.7695656750152047,0.6280842996377193,0.7337508499589919,0.8169899298088951,0.7203272886955334,0.7658077695443268,0.7729205680037253,0.7853537512351727,0.7520653165167153,0.7393467596594268,0.7476542233658876,0.6778031973948395,0.8207743137133416,0.7871970888923137,0.7780787805252065,0.7085403759185029,0.8219641407575303,0.8105124709847875,0.6644162483069531,0.7990428276831263,0.638342491141488,0.8096693480235219,0.6974414754975871,0.6930799822327319,0.8455682259539118,0.8136389236634801,0.7575766683194254,0.7163465090354052,0.7170871628036021,0.7781159271934819,0.7762530666170565,0.7266109560634998,0.8597828079094607,0.7626350212178458,0.80166911812248,0.7040678523990932,0.7929924331782049,0.7850710762332259,0.7672120934078666,0.6857809531660336,0.8593556825155018,0.7482994395721767,0.6862702221369764,0.8409177202374604,0.717492325133379,0.7904185484700832,0.6681394983475638,0.8083084152139498,0.686439981322175,0.7160265124337346,0.8053151104433849,0.7509160662836811,0.6702193040525126,0.6949080827146128,0.6779657441374117,0.7835300171291121,0.7244869382802214,0.646215902689693,0.6783054705434377,0.8277015738854389,0.7903258223688339,0.7474793330599862,0.8877686170561218,0.6768712424289777,0.8198508610202577,0.7597548400716311,0.764365105057506,0.7761893419138295,0.7455358139584486,0.7198311273992295,0.7332961812528912,0.602141058229609,0.8199729506661831,0.7902825395456328,0.7392900150613407,0.6972961421590834,0.8471344718953437,0.7351465317463899,0.7430848816935104,0.7865636971131141,0.8964554683585767,0.7660358428737982,0.76651733346336,0.7514609843611887,0.7723009782332098,0.784860577501868
0.7902883606333452,0.7502536425122875,0.8544788431352023,0.721970897784723,0.0,0.7758781794258732,0.8435404041259965,0.6946465365782086,0.7065242480508643,0.7145655319171028,0.8541382984888424,0.8058268861599521,0.773480553492847,0.6575393644747926,0.8041960028999295,0.8584339893110423,0.8477358897840418,0.7796802578165977,0.7593568742765874,0.7111527338822367,0.8937590031052255,0.8613511585257667,0.7987554831570544,0.8348826639946949,0.7512989863447045,0.8160612551814932,0.7019045274000102,0.711806947054058,0.7461408253998164,0.856612720962346,0.7049055725943615,0.7687760582178516,0.7435376331830154,0.6810301791965292,0.7115655448185015,0.7096238493063783,0.7984880663163677,0.7580795954031121,0.7779036853448444,0.8104020694715222,0.7890555008202222,0.8196625749864144,0.8383717798820318,0.8255823133770485,0.700884090214289,0.7486261222633898,0.8477754264655124,0.8200021677279024,0.842816886541908,0.7954642611208118,0.8596656489160006,0.8360502575270216,0.6842053023934861,0.7837895140459239,0.7499180231824429,0.7124263886506037,0.8211166477304298,0.8723436886668021,0.6848054668290562,0.7125349372218663,0.6615895842527846,0.6451433496491821,0.8124071626777325,0.6478229796630116,0.7065327517537034,0.6499320047105978,0.6609460360108907,0.8345101689045792,0.7429959343488141,0.7406494901578918,0.8293092519841282,0.6480354016751745,0.653412342211519,0.8365934172703356,0.7340118487548376,0.6365289778051633,0.8167067231914273,0.9126382766653505,0.6898608172547105,0.7244169304288268,0.7657186984663161,0.7713594104292806,0.8486407449689402,0.6707191290095121,0.7382800143916974,0.761963709893287,0.6703707639160444,0.6912545091411343,0.6599701852334319,0.6718425756732604,0.9114928042031815,0.6791164510255456,0.848356002315612,0.6826423380754179,0.7559791426124516,0.7627381947956261,0.5955259267520463,0.6805483522310889,0.6251772914445282,0.6630090779077061,0.6278638010565285,0.6879285833408965,0.6525033933502363,0.690757167757511,0.6749567780946242,0.8090146567226517,0.7162953830247359,0.7567859863193466,0.7916939523673872,0.785324017522905,0.8225510293256935,0.7724296351933071,0.6826548273246658,0.6742439440899366,0.7044678998705035,0.8164754908708031,0.6842369911625628,0.8007602726518759,0.7739289264614164,0.6526297892746316,0.8786568163702014,0.674192130495928,0.7014279496594716,0.8574852086982211,0.641209129080978,0.7604010340849585,0.661762918983545,0.7714847272259828,0.706995344582325,0.7486505874138253,0.69993445482395,0.8406017060736132,0.6125321171853462,0.7105028809479422,0.7047282722408132,0.7371989007169897,0.7811356321251274,0.7870144577267547,0.7232995116208956,0.8100800294573893,0.6465384165770792,0.7317080556822994,0.7539826167140827,0.7113094899535395,0.8009572971234429,0.7504722423808778,0.8673545780251295,0.774878486313535,0.7366311493001859,0.6247361787890416,0.6920827953150234,0.6995040252385443,0.8078622600155201,0.7950157504873101,0.7875691545927309,0.7105346915099314,0.7595749599250948,0.8331263365216443,0.6654859855743099,0.77021286716164,0.6790838432902826,0.6800826299496002,0.7523991252358473,0.8805911933329816
0.8631909300091494,0.9044784913915723,0.8793600908406879,0.7898327827976813,0.7758781794258732,0.0,0.8087171603475468,0.8673798079710108,0.7838859159352906,0.8465043618541447,0.8647043924795188,0.910473148207675,0.8958821240767767,0.739647917887155,0.7848231828963391,0.8972485028408154,0.8726323190747673,0.7598224828848407,0.8838628571953085,0.8233535796000371,0.8923081447710483,0.8476827820763795,0.7741053687739329,0.8074654782175421,0.9008325029053358,0.7861815904901371,0.7226962875941292,0.8211134297425216,0.8387628215817144,0.8261418167294048,0.8534456904132482,0.9208454731457221,0.832164221382546,0.8479276933562938,0.8108432340564623,0.7959763590396017,0.8969711705170001,0.8195393315626636,0.8113754164014624,0.7818318663438573,0.8188084873783747,0.8489160879608089,0.7995637174577124,0.8671340379453342,0.8420062772876558,0.8054607602236903,0.8381524570368168,0.8613960251415472,0.8396073864483776,0.7833914325467827,0.8472386477396352,0.8907018507553064,0.7400473634722139,0.8704404298757337,0.8304352193259311,0.8727380767997446,0.8409455979397246,0.9139041584595039,0.7082502529623851,0.7854045382028064,0.8619700146854464,0.7258177523805989,0.8530851010713276,0.6930599864191745,0.6898664267827411,0.748760659824253,0.7704451194798401,0.8332750748213309,0.732415231192368,0.8412903460395397,0.8529597835946419,0.7052830697101639,0.7455914202890956,0.8637046000004991,0.8688591347114145,0.8076840840965317,0.8117572306510412,0.8495987777044237,0.7912412010527599,0.7913646610187471,0.9098066736188881,0.8102874495364114,0.8792964741581387,0.8526094587262615,0.810401617822544,0.8874571943148436,0.8599444526638603,0.7276707256951307,0.850174161632901,0.794952400574924,0.8153320749754488,0.8153803554522037,0.8338485558408134,0.8037362576440086,0.7686094438521835,0.9094859954394611,0.7498777734051681,0.8807702323808984,0.6790361036778505,0.8163667411888534,0.7428397673273334,0.7577093058217482,0.6993069966480617,0.8005533150294131,0.7805002670135399,0.8529870924018887,0.8153941000322241,0.8774590350432689,0.8008948905584384,0.8806155170623231,0.884979982408698,0.7462012385985172,0.8682045069259993,0.7649880099325734,0.793347927164277,0.8620178320707302,0.886838251814218,0.7827716755643431,0.8738012693936962,0.770076257311919,0.7519773433745884,0.7854720204403226,0.8472285035672558,0.8979666424206695,0.7321632185957967,0.8945885644767114,0.7366500406874049,0.8428720525205606,0.8725516168766267,0.7496799982102389,0.8297152224728929,0.8804815815350762,0.7424617213907764,0.8114301194298643,0.7976514552284266,0.7252960462848256,0.8692047297884119,0.7709553976729967,0.7484742242201561,0.8310619155247764,0.7744229421127284,0.8377154954091176,0.8425907127859507,0.7717579468534832,0.8773560291166481,0.7962612517710961,0.8806371011958077,0.8435566511618928,0.8799252974760853,0.7169813415898606,0.8120660086671276,0.8284637837245403,0.7635407399153377,0.7787742945432985,0.9026569578387549,0.8144793062041611,0.816291209110946,0.9114845199072966,0.7363928231766294,0.8214805402106905,0.7755986756706754,0.839674781237324,0.9108912432669439,0.819571094404786
0.8221771470311716,0.8513614482303724,0.8315327303914378,0.8520247862292413,0.8435404041259965,0.8087171603475468,0.0,0.771238503904302,0.7330130573108887,0.8182052492045448,0.8074227105626796,0.8622350242901048,0.8163127785042967,0.6996698670031847,0.9162927497519122,0.7792639487638058,0.7830791170142868,0.7944073229625496,0.7868956630109906,0.7301008691165563,0.855502801971924,0.8538962228236243,0.9023983865222902,0.9005020942116497,0.8578328317509942,0.839091844812046,0.751983442912662,0.741453248551062,0.7779744302565117,0.7647562315377,0.8156236465492217,0.7794206753488796,0.8821899782365504,0.8050311720031381,0.7852484215446434,0.750282512809692,0.8642372417643176,0.7190579748797584,0.7754181234697901,0.8973822565086532,0.8443194462662758,0.8154047705758587,0.8022916149164889,0.8618178234261685,0.8239388073407056,0.8188286254205785,0.8574156410564525,0.8080261945606988,0.9266482967579958,0.752660233068291,0.8664256256549351,0.8471862195939938,0.6811195028484252,0.8567063540713702,0.7853005390250319,0.8075415225786486,0.7731406969905563,0.8105306040079254,0.7800811809552467,0.7390521441940126,0.7274363136582421,0.62995734465973,0.7549758639692989,0.6530759196914081,0.7126406811107059,0.6800606029223621,0.7990895792923709,0.8720643549401073,0.721194015401885,0.7722174050288905,0.844393941917496,0.6854000648247497,0.6771937930189313,0.8684788170056663,0.7059721853525499,0.729600605155722,0.7973317783885359,0.8866151892982463,0.7400793213544884,0.6690389138427411,0.7581238090542735,0.8489392251292202,0.8646100662951487,0.6918003458991876,0.722553877030619,0.8200569100370506,0.7150883131403366,0.7493253075704371,0.758341146742868,0.7741592959046243,0.8408817415177229,0.8270097973992863,0.7986473095023415,0.7031981783844121,0.7776012777223519,0.8857102552592228,0.6177193679379838,0.8271767720822788,0.6272310532852796,0.8089020181774449,0.6840818189516202,0.6979688445545448,0.7794644694622296,0.826852556400486,0.6895840655685574,0.8123901654525434,0.7171910475670236,0.8190891613929632,0.8741016907560505,0.859765785766123,0.898953744005835,0.7450402121418723,0.7642370500374936,0.6488829228788849,0.7371172137217232,0.8283241765519164,0.7584870731226133,0.7765980532679206,0.8178148576442109,0.6920566958940639,0.7576944497647008,0.7230328843097201,0.7330241606480047,0.899984255674763,0.6568380145729539,0.8386683443258653,0.6736663366322644,0.8043307654468278,0.7730584902163707,0.8040048342552897,0.7221285571987742,0.7216883582286729,0.6224118252037587,0.7226577711600798,0.750168963444537,0.7080133495032308,0.8037370775298068,0.8803277535751198,0.8129790447506751,0.8142611155309004,0.7799789778698671,0.6990090295179678,0.8602214739267116,0.7073570235460134,0.8226814713978878,0.8798059977158933,0.8645369169950459,0.804074684239197,0.8012173582639596,0.5777572396452528,0.7718678729206678,0.7417812052748666,0.7399981042690918,0.8727408160173188,0.889426752134902,0.8065507404954513,0.7947300761697746,0.8937843346136904,0.7992485124512314,0.7470605698381172,0.7912758942451363,0.7296247454399292,0.8568928257489787,0.8228859201578891
0.8390487613033988,0.8895181088287409,0.8372256361498005,0.7827722626168917,0.6946465365782086,0.8673798079710108,0.771238503904302,0.0,0.851948808211913,0.8528935086139855,0.8075889895660652,0.8762350987531331,0.8851671004742062,0.7394283596954543,0.8187372933366571,0.8342453620401994,0.7991876076332718,0.798408142252402,0.8383969924438328,0.8450512403699364,0.7942559360054087,0.8420971034683835,0.8208809034432544,0.7728044942624922,0.8863049551657856,0.7335509170273049,0.8371458399423377,0.841182087849732,0.7682325635647761,0.8096396876402261,0.8991762945821715,0.8544510595213031,0.8225810379448157,0.8335608739614352,0.792560265665866,0.7819023543627069,0.8661452613723444,0.8226447951211044,0.8035508003662555,0.7767331944387239,0.7756886148382269,0.8009669584288647,0.78138822279668,0.7378710772955306,0.9266341111849743,0.8424993806967058,0.7615722020426312,0.7511586449032345,0.8255836432343365,0.7719833770874326,0.782397732001517,0.7645119038677856,0.7067697974398739,0.8116378622924767,0.7889418168254695,0.8292382395939357,0.8004816886212862,0.8589513159808002,0.7245987729589569,0.8071814809174289,0.8865058307772339,0.686714222503536,0.7677064364550765,0.6922287966004218,0.6703158428175048,0.7293640870701712,0.8108327387046342,0.7893423100665181,0.7766196631614634,0.9229208567197201,0.811132596731459,0.7072786404542993,0.7045123616329164,0.847176299507152,0.861313163049004,0.7636895223736764,0.7942112386254937,0.7560260511130514,0.8253826111831459,0.6197469600482499,0.7371290197671995,0.8340672357073676,0.841019944796062,0.8326719491915241,0.7371342423797583,0.9267033557928481,0.8779099143959467,0.769565465625295,0.9058825835431731,0.8424633422614826,0.7641384047821851,0.8040094698374369,0.7755011624258771,0.7369531242763981,0.7300743116846624,0.869007620081575,0.7654262501202457,0.8392062749215512,0.6368630757521966,0.8374021160705069,0.726422325012778,0.8273528268833024,0.6873696844362149,0.8014554048936932,0.7819518339856156,0.8358273411382133,0.7933546725607092,0.8677900695458859,0.792010085409066,0.7984713356578573,0.7744253809369072,0.716825213059215,0.7818005909805179,0.8181530310633972,0.7663972537120948,0.8361172850589265,0.802393063215536,0.7812155208465349,0.7372226953162424,0.7557671172353475,0.6912689672142063,0.8391581519485799,0.7319583178613079,0.8103313246313985,0.6638357517646534,0.8448981164783759,0.7042705275195867,0.8633960936157355,0.8044849218787736,0.786544656513807,0.8567405252954691,0.7909854336751848,0.7670956385204939,0.7643989805376904,0.7997160851461207,0.6535076308717575,0.8342363104708075,0.7715470074516178,0.8413037859654039,0.8901685633698809,0.7664682067422558,0.7570578325610059,0.8490076024642182,0.763961415842627,0.7955155113140066,0.7940993774552583,0.860225022762491,0.805858751602241,0.8730706961013172,0.6678529762973452,0.828416174023677,0.7519366513621598,0.7911235530037543,0.8116795617649334,0.8586806238441724,0.876630427079801,0.8150245496643813,0.8369628949777607,0.7160752230495823,0.7173527152760656,0.7326905722326001,0.746992597797414,0.9207789707706466,0.7559335200150903
0.895239801963532,0.8222919845624436,0.734531477192378,0.6829915062706053,0.7065242480508643,0.7838859159352906,0.7330130573108887,0.851948808211913,0.0,0.7426825047087618,0.7470938427738409,0.7771219625718946,0.8075992900882766,0.7355565788001331,0.7500954996220223,0.7565724350304983,0.757103240421255,0.8280956006523336,0.7613358566134331,0.8586560026986607,0.7167475314840653,0.8048612719377336,0.8089619883952809,0.7177119654121059,0.8152901481363029,0.6495721042122635,0.8227324364044453,0.8138210609438251,0.6676668665001895,0.8743168309312006,0.8341627396034372,0.7708929555019239,0.7063127440801233,0.7410674425017133,0.8154919863830837,0.687674799288332,0.79692168261975,0.790604603287598,0.6855016831368522,0.7147527176037578,0.6747106756105903,0.8791501340881414,0.6929526529068726,0.6706013816661808,0.795352753016269,0.7477166316808685,0.7503538680799947,0.6623980942642219,0.7901424522452054,0.7388925665366759,0.7017853183754804,0.7157754754657386,0.7001463229659258,0.6790370809337565,0.6537914313519767,0.8687558325347862,0.781503506003795,0.7913482357757913,0.6857392342462334,0.7487549615243608,0.7234000525828599,0.6465061573661847,0.693123100793974,0.6812567077869002,0.6828733250545916,0.6543780886431417,0.7336681628324145,0.7548413401769355,0.7557172851023113,0.8515248256455784,0.7795584581356698,0.6997481730766998,0.7269817698615395,0.7461080374554215,0.8089987294283397,0.7422215483975113,0.6759008247182176,0.6952617389882937,0.6997889773841707,0.5986244857252354,0.664600544533022,0.8511786733338007,0.8248394595952774,0.7302762197149921,0.7161100688462853,0.8886243775742491,0.7941496082629723,0.7431515977918179,0.8221719895493643,0.8441227916064736,0.7726624421531275,0.7875287710916069,0.7062739617867457,0.7103044633463278,0.7432378636956563,0.7743358102809128,0.6617148331911301,0.7802153367156341,0.6737623954923143,0.7521312494739454,0.6690830668583361,0.6552991272812486,0.6247315635091973,0.6983482628945381,0.751062778441986,0.7576860598257957,0.641923214434582,0.8473093486452759,0.6995907037168603,0.7401699479926103,0.689564432829909,0.7176483490937889,0.7357138224927865,0.8125385748588241,0.6986436663860526,0.8413510677564314,0.7769172360196036,0.7197274279407195,0.643948822186621,0.7790812351547723,0.7080245503366015,0.7121959377661001,0.7474678901487278,0.741398427556716,0.7428047496127098,0.6900595723520103,0.6881126919421694,0.7549560106781671,0.6745040114879052,0.7107333638233861,0.932129369889912,0.736112948300497,0.7299566399058881,0.8075798735178216,0.7068705131520606,0.6478103747149039,0.8106159086707474,0.7237612491528707,0.7425604285855805,0.7989469814525889,0.6630354621585549,0.7275365915594854,0.85340397582415,0.7200307836216457,0.7089886690281187,0.797903402636431,0.8581129885777645,0.6793468173066529,0.78886465628738,0.6505020752095078,0.7880540494262948,0.701032649660094,0.7916757207909634,0.747888407112704,0.741514217027667,0.8073475936204596,0.78506412843244,0.7537932995043902,0.6806593152713988,0.6794416762282858,0.6308865869121376,0.7959800307112405,0.8624002148374235,0.8104039053584378
0.7740256275853415,0.9156332470940993,0.9068754754412608,0.7504764424322156,0.7145655319171028,0.8465043618541447,0.8182052492045448,0.8528935086139855,0.7426825047087618,0.0,0.8202883626449772,0.8828666938108873,0.8416722368530808,0.7081896414179701,0.8042282323418628,0.8230002054086544,0.8004166235098548,0.775746286727674,0.834595643311237,0.7870157414957089,0.8072905152972061,0.8749252616936659,0.8415461313862252,0.7937333560229293,0.9389860875701361,0.6817565424399525,0.785704207648098,0.8035279646115384,0.8827112346354438,0.7709313354943763,0.8152965038616262,0.8462137171666752,0.7855813860858155,0.7694158113028269,0.7529593436350147,0.7499157172749458,0.8238794567432534,0.7482748027522136,0.7665966721337496,0.7840236146036602,0.7656189676549403,0.8115250206165535,0.7551790657896325,0.7498779941471307,0.8358792637256134,0.7606374387437729,0.7695561803867074,0.7819043530302627,0.8681231589695919,0.7170370451889363,0.7429491130183917,0.7210059109585227,0.6784984682441053,0.8205968421797488,0.8075524316732181,0.7944479405370442,0.7254817638623221,0.8140221040813427,0.7950525820215228,0.7227787944261351,0.8036610508643519,0.6099367469659958,0.7082621494629203,0.6935457068622014,0.6412535239031444,0.6596506193641739,0.7445002505029115,0.7813524935374411,0.7861327755730972,0.8296336686550178,0.732303451663675,0.6696386912357766,0.6597218122495117,0.8203707085808403,0.8021296162008201,0.7258150414995483,0.7511716638756236,0.7837797790771709,0.6934784353728747,0.6140434732966302,0.7692109689879789,0.726320740913517,0.8316318580398679,0.7551257790112942,0.6637245224163663,0.8251489692938085,0.7513490483179348,0.7117788713373485,0.8028638592269081,0.7430743800087675,0.7232174312311737,0.7541189214042848,0.7893918380645799,0.6692946783393345,0.6957099822713567,0.8968500797516726,0.6626955219656181,0.8253664581951157,0.5927706879206287,0.7578875506116078,0.6866342010652483,0.7457846635249591,0.6572673440264728,0.883595886485788,0.680065014714825,0.7612234961216212,0.748498745440828,0.8986224781771469,0.7905796256788622,0.8548555243834548,0.7949268719633199,0.6469821672077659,0.733963459973593,0.7403966015737836,0.6774395404826267,0.7670363775605756,0.7955855364002777,0.8751283453996589,0.8088061782808654,0.679904288893606,0.6561249819988089,0.6834295202671128,0.703061278862002,0.7875806781153573,0.6346462804285804,0.8816418583132054,0.6356097577565172,0.7762573303294931,0.8430481197195455,0.7621624901878997,0.8112509405195999,0.7512956439730828,0.6450928768180162,0.6633525073480385,0.797487498852737,0.6650625276862158,0.8153742891721314,0.7447699802549953,0.8637192714280542,0.8115469302827157,0.773849630478975,0.7479492276989833,0.7878688731169009,0.7404884313287863,0.8018622307336227,0.7585986130169593,0.7916593892856205,0.8339180667414555,0.9615080997052905,0.6473588387805564,0.7050966271169241,0.7986050451077722,0.763642326648449,0.8604270746418028,0.8791505177643402,0.7968555715378923,0.7922900897557371,0.826426158802212,0.708859166735998,0.6731391666911438,0.8257988149526989,0.711661956171976,0.8828318608096529,0.7120448747265341
0.8581123881399485,0.8426489660796823,0.9235120766880135,0.8148547584386956,0.8541382984888424,0.8647043924795188,0.8074227105626796,0.8075889895660652,0.7470938427738409,0.8202883626449772,0.0,0.8391474252195719,0.8905650333312676,0.762463541156681,0.8063923694552324,0.9253935706027163,0.9197654803102878,0.8443204436864297,0.8490967321692232,0.8290624040431934,0.9097369493039482,0.9407261550829863,0.8105705353552356,0.8302198607499371,0.8615507805650156,0.8073249320685582,0.7872123345820962,0.8678198705424369,0.86813060696511,0.8047153136347016,0.7642889253095563,0.8549698165360916,0.8028203982674671,0.741422348273143,0.8162282081330395,0.7861816081522858,0.8808759363543124,0.8755875564862282,0.8260939019647038,0.84188542010489,0.8168449301949521,0.8358405080773582,0.838814748906893,0.8558968277225356,0.7946064968424731,0.7503034996073141,0.7466493884224886,0.9070843411889365,0.8998550206347986,0.820920883661908,0.8555330661947399,0.8304319197720519,0.7246843013308232,0.883880082765459,0.8658030073979315,0.7288917227000588,0.8657479307262703,0.9077481780096214,0.7805013120629629,0.7560133084720427,0.8492991222525894,0.6529916724552323,0.864292652328372,0.7284917460504878,0.7096512691490285,0.7157256163856908,0.7699408560361337,0.8187588052921376,0.8548865542486809,0.8811080384389404,0.833217199929202,0.7215736284429386,0.7786111563257238,0.9093127812154235,0.8803812037740516,0.6928718952073863,0.8684755686148211,0.8472829985027118,0.7407119768306979,0.7188211182966583,0.8236091345240341,0.7871459455911941,0.8184937557899746,0.8305873064130816,0.7992058276320544,0.8386108684177783,0.8256493175153817,0.7420368765369261,0.7345214369885193,0.696880802788264,0.8786524628920869,0.696160728298118,0.8846773138044293,0.7510065912516568,0.8403399573645296,0.831287547041739,0.6932035388554374,0.739798197597811,0.6513974872985996,0.7293424773371496,0.7305416183874757,0.7745621796039539,0.6775068007768955,0.753919201041766,0.7622852320460929,0.7904319677994585,0.7772630623679314,0.859032246979207,0.7782190615627038,0.835919536994415,0.8648124976097381,0.7968799486544648,0.815547249778724,0.8138712461805482,0.7637862873581422,0.8341841138301577,0.7645699197883175,0.8717238764909583,0.8865737602643275,0.7280109282765774,0.8260144508100434,0.746116883205146,0.7918241000616534,0.8348915982568371,0.7374915465935638,0.8487969687391806,0.6836338338282044,0.7804038340356888,0.8298560321352328,0.8047273068623026,0.7518895237247232,0.8893584456975435,0.7577467345281051,0.7953021332986326,0.8485940287871478,0.75709165606852,0.790528628697765,0.8077135300376221,0.851631313118725,0.8250445329993751,0.7709445268400656,0.8145027723494415,0.7911448946169267,0.8209152755429153,0.8913912941316781,0.7474850838414862,0.8318863173194466,0.7804514062485515,0.8466265731766139,0.6915825017199752,0.8002326274477817,0.7933679242652835,0.8897224774780685,0.7623320938914082,0.838502018610595,0.8036272814494064,0.875144733215989,0.8273674484019542,0.7749398543578788,0.8160203702828198,0.751248679211557,0.7734028295134703,0.8009455376694686,0.905785690828292
0.7982385334225245,0.9129690124024026,0.8914448295773402,0.787921625090696,0.8058268861599521,0.910473148207675,0.8622350242901048,0.8762350987531331,0.7771219625718946,0.8828666938108873,0.8391474252195719,0.0,0.8192970932832977,0.6730588961274211,0.8517028026164216,0.8534342586607475,0.8087248707300866,0.7302902122718959,0.9034531070929349,0.7822979625132261,0.8894511733994018,0.8695332720938307,0.8381466927640869,0.853416209221786,0.9218692013991953,0.7617373295423179,0.7393986581733268,0.7620114949486932,0.8401583601459219,0.8356896896965672,0.8968878957827653,0.8485319988685203,0.842275872277896,0.847095364536514,0.7757862705229563,0.7958722341479627,0.8628494652632065,0.7701320731129025,0.8801478264920151,0.7796490622500383,0.8406552583404215,0.8351243048125433,0.8059330568049148,0.8514813007974477,0.8538857068215061,0.7888136814620863,0.8331139345544847,0.8361972964594595,0.8593763519025418,0.7547682024617174,0.8156316714845844,0.8192529439148489,0.6685346251643508,0.8744715782487337,0.8329225178735412,0.838387643187976,0.7800436860796325,0.9154838163845533,0.6938983204607878,0.7507030333454107,0.787090829080379,0.6508636092598787,0.7651735152963052,0.6758175847499499,0.6559045753321717,0.6615656030493662,0.7333284099791797,0.8053547718927397,0.7058180144223843,0.8230641458910511,0.8034383095758646,0.6609369760031909,0.6510327728344275,0.8297177399627412,0.786757060351877,0.7156432988012086,0.7847070875429307,0.8659933175029635,0.7624633772457033,0.6767430111494673,0.7905923482329992,0.8131557780226304,0.8941307924925704,0.7485730550152812,0.724515902151119,0.8746081809798201,0.7893164964659158,0.6941107171753431,0.7924466323587813,0.8091355992764621,0.7925483319816818,0.8324759925356778,0.8243744060569728,0.6997321390454512,0.699888813253368,0.9484751516949084,0.6953587878189541,0.8841268085259053,0.6318599728351134,0.763351030292201,0.701932265773376,0.767350490859801,0.7079527548179841,0.8862070348766291,0.7090958719626428,0.8217499461851541,0.7697883675480741,0.8730753379357424,0.8026322250306515,0.8862199436434179,0.894225526299985,0.7211367019546857,0.7389991103010233,0.7209095760139809,0.7149837115294613,0.8158527727339121,0.7939542626294506,0.8337940165611885,0.8185902863365392,0.7020882343770881,0.7300844518644866,0.7549129861938249,0.7460852196698171,0.8784091263158709,0.6546032740239407,0.9152179750990698,0.6641984591381677,0.8677285798499781,0.8510072627430743,0.7406455623949888,0.8049669369285227,0.8017871255737661,0.6505010610420605,0.7532714911404441,0.8153619823153927,0.6788936342386398,0.8709668155384577,0.786689163585117,0.7974654324227585,0.9027533261009567,0.7473703079816669,0.7658679512875185,0.8233757326778448,0.7554205243316292,0.8630872534774094,0.8084855129037258,0.9236317999356254,0.8298383212888046,0.9125285947919759,0.667304859773562,0.7870412661047944,0.7762111172437293,0.7757554790989245,0.8462073955812354,0.9621036707425512,0.8153383666268584,0.7766586840866704,0.9097822684881132,0.7058638028625911,0.7072757896394694,0.7244469683294776,0.7438150277397965,0.9326376298647288,0.7874761613954014
