0,1,2,3,4,5,6,7,8,9,10,11,12,13,14,15,16,17,18,19,20,21,22,23,24,25,26,27,28,29,30,31,32,33,34,35,36,37,38,39,40,41,42,43,44,45,46,47,48,49,50,51,52,53,54,55,56,57,58,59,60,61,62,63,64,65,66,67,68,69,70,71,72,73,74,75,76,77,78,79,80,81,82,83,84,85,86,87,88,89,90,91,92,93,94,95,96,97,98,99,100,101,102,103,104,105,106,107,108,109,110,111,112,113,114,115,116,117,118,119,120,121,122,123,124,125,126,127,128,129,130,131,132,133,134,135,136,137,138,139,140,141,142,143,144,145,146,147,148,149,150,151,152,153,154,155,156,157,158,159,160,161,162,163
0.0,0.8683306383718329,0.9217585157763968,0.917592499004882,0.8277402480386961,0.8209851009904043,0.8016282659806195,0.908484923724374,0.7621265412697698,0.8570966913425281,0.9549671629615729,0.9285723496169854,0.9411745073704315,0.8459919624216352,0.8128160086841273,0.9203542441404062,0.8700799318142964,0.9678897679069061,0.9324566403798857,0.9575677277766471,0.9405128148991985,0.8138161723778172,0.8728816569167944,0.981084415971413,0.9681190928201269,0.8809398745004795,0.856595090198686,0.8647839642632379,0.8933116271335424,0.8448482295866727,0.9090934740055844,0.9655392649850622,0.8158605166657362,0.8653615118482401,0.9595584434006578,0.8570131475821574,0.9689555060200015,0.9254607269203804,0.7979879279288883,0.9361665141687682,0.8793762616347014,0.8547940935200924,0.8961816217299622,0.9273633849773009,0.9451248845003141,0.9086941236897201,0.9073250105059537,0.9273874650774663,0.9635679758168462,0.871666015988631,0.9310849034808628,0.9078249174737782,0.6586054453834932,0.9069794646650157,0.8630142887692681,0.7863640751658263,0.9290582215349457,0.9157369525541376,0.9394393753155277,0.9108516489624571,0.8197609967735167,0.6996079994781128,0.8719174896368639,0.8452352938765211,0.8231733692486456,0.8947744022621433,0.8561431096444705,0.807843615335539,0.8938400495950776,0.9728150518004128,0.9157785083713497,0.890432603332268,0.875976525083192,0.9534561191261526,0.9303843569736358,0.9728258623650714,0.8886896325072432,0.8785892413599768,0.8525681555635132,0.7539031607822737,0.8563556116687684,0.8077896420073291,0.753622032229997,0.8798651900285316,0.8374932951376853,0.95877639420973,0.934823717639487,0.88599354474582,0.9078523425471283,0.7679865243526194,0.917871776923711,0.7899431436337288,0.8398624113791763,0.934573258508449,0.7906252623126767,0.8266845718739156,0.7218464950900921,0.9097900524681456,0.7894254638528682,0.9220470376081467,0.7842361750021093,0.9465509402036261,0.8304970760597321,0.9260736578757741,0.8909390303255557,0.8844979129301991,0.8085121004122106,0.88867711248249,0.9134230863162168,0.9632622843987485,0.9679478832773045,0.8432047765401147,0.8208105696114718,0.9307695509189167,0.8683502886971527,0.915160065728159,0.9064673423395468,0.9516286245365464,0.8362337430671765,0.9371623401224721,0.8870888973058343,0.9037244005695754,0.903013105759586,0.9290721432408837,0.7563676280845548,0.9758331721066051,0.8750097305678064,0.8838551591245478,0.8579712788625973,0.92182588064517,0.8213030482891107,0.9289994526880887,0.8451543105537791,0.8008485610069085,0.9548815179114313,0.7509934479636434,0.9716352779612404,0.927902967533948,0.8980457225083699,0.9091584722869532,0.7900247419202369,0.9514227751730798,0.8169379362904099,0.6568484251698916,0.9627580522928411,0.9254569981403468,0.803983004768709,0.7072911461769527,0.9423487705938904,0.7784358594751998,0.9650130759710186,0.791681787058594,0.9186245831150349,0.8126570906711432,0.9295787986624559,0.9291857524458321,0.9243532233130132,0.8798028364293047,0.7742762610111753,0.838317351153421,0.8623656301514409,0.9661522373998473,0.9207367737807293,0.9731531246760368
0.8683306383718329,0.0,0.8977428066903249,0.8410666878987407,0.8122851145082124,0.9056086847065312,0.942813213613543,0.8840793264807194,0.9353417627546721,0.9381202188208455,0.7988215537310062,0.8644071627895256,0.8610502351585493,0.8282646303368776,0.888911559992473,0.7534603721947426,0.6853136013103052,0.8064407153150573,0.7387113497504156,0.754707786757405,0.7491052770514205,0.9543110151780597,0.7266705354177683,0.8597058385163073,0.8409959437152204,0.6861245917844632,0.8391242930281154,0.6851609436250092,0.8619605274989176,0.8958590817185177,0.9301579345453502,0.8344699165793582,0.9171126500955934,0.6822921130612499,0.7826076265273514,0.6749448073573978,0.9129056101022237,0.7162583139267635,0.7920534090377441,0.7998019987693696,0.7124187842092158,0.9501755550784821,0.6893889024778616,0.7657297989541824,0.7940026780973146,0.7552384000430431,0.8382776464353947,0.7533464050734409,0.7915268223194408,0.6855266907188764,0.781480487789142,0.7103736316423078,0.6644360854161601,0.8354257107739346,0.7005223470647145,0.945196127033594,0.7190661443297935,0.8051800167785933,0.7635507049021549,0.7578274082475214,0.8122966196234054,0.6733246599059031,0.6586367865041014,0.6381971806549743,0.7154129349146015,0.6837314169955665,0.9067203842318597,0.9602463594870583,0.6958855007995913,0.9145815960480127,0.9222290080298805,0.6966507565624396,0.6763975394018191,0.8196858419681747,0.7755644976473868,0.8436002265940996,0.8552999832576622,0.9351423172008362,0.6535178696085691,0.6915824386569369,0.7605716963621127,0.8992971235410724,0.9559209296395741,0.6874282845781591,0.6247382473314349,0.8350242175847646,0.8396360471759199,0.7599809943625803,0.80248041427984,0.9578107866849729,0.7729011164329742,0.9163388114779647,0.7131081722653886,0.7359711963240096,0.7501837772763951,0.9798916833790746,0.6970741255084645,0.7561573705219317,0.6635656644124898,0.8116150764216212,0.7364249009063397,0.7695136101502995,0.6288984758619636,0.7839491216314287,0.6792873940904085,0.7295330655313235,0.6270954698758835,0.738594287425564,0.7867898566020672,0.895558487291821,0.785228427294384,0.6358279417007153,0.7699805443505131,0.8438430840521773,0.6609241282554176,0.832459183972924,0.7148053051169703,0.7833702907643457,0.6408046789319358,0.9356769026867462,0.7340080382632179,0.8340812548599524,0.6935812902730627,0.9695847679272218,0.7114958855812216,0.9116433330877588,0.7782437335279381,0.9491154077046022,0.6588543003227141,0.7937927193536936,0.921184158935212,0.8163953132493462,0.7600322751026792,0.8149583697564269,0.7902830831952392,0.6902499741750964,0.8279463638683278,0.7708702487503984,0.7106709351349492,0.818814303121596,0.7837791343306048,0.8388902043589823,0.9629272729660148,0.6339408202283047,0.7899518907445668,0.7581843720326223,0.9374691087297766,0.8725966379713197,0.7761508246257481,0.591302173283008,0.7704374885650798,0.7604601045807508,0.7489084881540786,0.9050344010031615,0.7840057763573031,0.9629423057408049,0.9063300338096514,0.9095378703021811,0.7542045636795943,0.680017797634091,0.7568107949723947,0.8063445425402251,0.958385219607273,0.858533171375341
0.9217585157763968,0.8977428066903249,0.0,0.9047602887288876,0.7809233332696057,0.8756474466649474,0.8099686712809694,0.9755390088598747,0.7677194280824127,0.9565090958307045,0.8659662684494577,0.948154790426375,0.960411338663466,0.7557002085582833,0.7646524064156163,0.9222107414078982,0.8602613415428061,0.9048494414499826,0.8662946842593285,0.8755837143092037,0.8968198875423178,0.8001638387197266,0.8771383428674424,0.9459999802021248,0.9555817679036731,0.8489059627571655,0.9254916733301205,0.8533886628811602,0.8317096482605634,0.9084248071314558,0.8467986860056363,0.9469566238294586,0.8048379840487884,0.8477465179776086,0.8247964634309594,0.7587920982696859,0.9344829345585431,0.8305494534252913,0.7028579583583787,0.9293292812508199,0.8106405918592751,0.9257453732544716,0.8123857472190434,0.7901799825165136,0.9318618954628632,0.9067860303056389,0.9431751924092633,0.8078925715015327,0.896820522791012,0.7685506907333536,0.8368999376156794,0.8733459189798413,0.5911674744177361,0.8087925907928047,0.7328549282665462,0.8647951799289072,0.8404583040928789,0.9420565099430951,0.8213886727627527,0.8697546340716945,0.800866126740248,0.6492793719574143,0.7946603374643242,0.7430936305110267,0.6839830177970357,0.8124369855124763,0.8408541108900056,0.8184069044976322,0.8401752393164691,0.9735177863911687,0.8408205223916926,0.7520263597169795,0.7772317157761172,0.9534232149702996,0.9255726444541499,0.8873886576317576,0.9014961308669955,0.9338653361952063,0.8090276961859576,0.7189450511831728,0.8309148553624819,0.7534602990868147,0.8130882913338865,0.8360828932981126,0.7702060339765741,0.9566314637133583,0.876192301687978,0.7620070395069126,0.9432399114117277,0.8269898067573793,0.8656335491108217,0.7749133500078498,0.7326861103658844,0.8158056782501728,0.6748140736418194,0.8358897059019925,0.6122244141314463,0.9146322179501661,0.6451867060352192,0.9542592089805645,0.6607923043897317,0.9048517450133869,0.757490432919828,0.9103214795942528,0.7741082817082137,0.9043475410130712,0.7948368056558612,0.9097944268066039,0.9107301275856141,0.9597994463752224,0.8881071381928586,0.7432567848938488,0.7801131969735485,0.954551559578828,0.8012723588754769,0.9761876380546615,0.8696759048658751,0.8486442382864614,0.7980854365173374,0.9604756340240737,0.7650711786188478,0.9180774479186136,0.8367062158094819,0.9283538009828441,0.6307603909903036,0.9467039556731852,0.9254774748370455,0.9360952440290243,0.8226293535190532,0.8196827355308774,0.9174830824386823,0.9468478425926179,0.7682057595333336,0.6956917815907088,0.8212828709293785,0.6258576724340813,0.9469781431820419,0.831485239785925,0.8571277216682598,0.8465695262571352,0.6981250668848676,0.8459520019575247,0.8193254327958719,0.5580817541848868,0.8534738249093399,0.8952717481468072,0.8058522865797776,0.8080274564995291,0.921341789264549,0.7525495022562482,0.8331428359062806,0.6869241405198528,0.8372910606177448,0.9150978236104463,0.9367218670898312,0.8910261906312431,0.9048609121469228,0.9804020095723459,0.6708735923664854,0.7676913896720179,0.8737608093486989,0.8355685568864233,0.9304255041350045,0.8716133166592942
0.917592499004882,0.8410666878987407,0.9047602887288876,0.0,0.7940200829015458,0.7711455250660028,0.8016602590522558,0.8731265436923858,0.7059063734457552,0.8446720180635043,0.9310576034107153,0.8756628934234227,0.919593424627827,0.8575092332419988,0.7907870468394815,0.8911313805727769,0.8520361881996155,0.9260201254705233,0.8663298123854889,0.8892723409985104,0.8911411224112316,0.791053111705122,0.8606807256082404,0.9501742076390088,0.9056125726346577,0.8748109345710215,0.8924767778739258,0.8509707846185373,0.9194491157330567,0.7934048721834697,0.832322926916456,0.8993662621229337,0.8474732652896517,0.8343569013547013,0.8895602803060221,0.8309470418355003,0.9165642748943564,0.8830132145252585,0.767107005487717,0.9652132920461425,0.8735332661458621,0.7981420613463492,0.8422456957842833,0.8650593743858138,0.9122597575772137,0.883018594808715,0.8506154446490938,0.8732587143596341,0.9283324743861208,0.8252179342399588,0.8969397303185879,0.8664307261186728,0.6443012894910064,0.9057311798011781,0.8595909572694245,0.7416324587706378,0.8774904781271388,0.8676321737045822,0.9167878860747836,0.898116785006515,0.8168408501802842,0.6608724464764454,0.8254571747357261,0.8084321803389587,0.7537193819410445,0.8451370078798477,0.860497290775077,0.7693310315519878,0.8682787374858078,0.9201409475194051,0.8471532463519429,0.852321604390012,0.8261227402507915,0.9512508733518956,0.891682275632066,0.8960470373508768,0.9388119285040866,0.8904868092879267,0.8230251303513986,0.7265532980364469,0.8028181047118668,0.7467665369759727,0.7276487779126761,0.8568118472248875,0.798633853913801,0.9111066534905417,0.8566997457793453,0.8318970575365175,0.8749430144268299,0.7399751339959655,0.882308414063126,0.7333163816255819,0.8202275846064311,0.8766521635875157,0.7778050983767402,0.7844775807897785,0.6637977729727239,0.853984903477079,0.7239645309045211,0.9133690070554319,0.7645898348638324,0.9059351381243128,0.7934559031527951,0.8728995877674559,0.8313100265777927,0.8564281003228698,0.7947917217873378,0.8559673659382451,0.9143210008867253,0.9095359494419875,0.9168829653577384,0.8018612680376347,0.7835174802781081,0.9183587362716132,0.8473439845417702,0.8998118744040262,0.8507189940722414,0.8895787456280588,0.8181374286666374,0.907982194412878,0.8481401297854235,0.9013554088590543,0.84685387051687,0.893911696701554,0.6953289214347965,0.9562109996576018,0.8576295681743188,0.8657531354357146,0.8378971716601158,0.9083899717138858,0.7725656598132865,0.8661468307620103,0.8322957118163666,0.7458647544438225,0.8867706555478859,0.70224965746124,0.9048618489137387,0.9106923029839827,0.8871291705798305,0.8539315558899458,0.7839839986435126,0.8747249366547316,0.7885368058712807,0.6243990180972906,0.9112957767647496,0.8664612796892197,0.751528315791095,0.728977947160281,0.8828339912370677,0.7537375635703812,0.8885854619241222,0.7504049486913554,0.8861621886336082,0.8118169112407136,0.8855001392014166,0.874147438287885,0.9120004126685523,0.859252346605538,0.7876657172301263,0.8377146180999312,0.8740748631808185,0.8730569120002647,0.8503883064276692,0.9121458711154926
0.8277402480386961,0.8122851145082124,0.7809233332696057,0.7940200829015458,0.0,0.6665021917628889,0.8896728028365308,0.7677962487364319,0.8073698417383117,0.7286528254574347,0.7832252673155289,0.8477760191974663,0.7178980743117641,0.7520621222033005,0.9322174912117419,0.7310368097693605,0.6904057833759946,0.825089146277736,0.7852396521537065,0.7724222265953764,0.7807533564142833,0.8491944974107448,0.7595697985459272,0.8467419470683237,0.7725999242207191,0.7175413816632794,0.7884124537797796,0.6679029511039707,0.792513699955464,0.8384527363660139,0.921356099839032,0.7565443872909546,0.8728829733868788,0.6960510277309011,0.8433674284496713,0.8305299719173849,0.790566080431865,0.7886285328379524,0.9387225051918486,0.7891387603579959,0.8387787254331127,0.7639276250263785,0.7877089591639467,0.8369199790533776,0.7784649349466816,0.7632013527281183,0.8363006473112742,0.7634089778692607,0.8267165188709997,0.8335825013753929,0.884929676159901,0.7284874220884521,0.7125464542480556,0.8616731981988095,0.8159167339523096,0.7069246769656427,0.7805111227346166,0.813905672500765,0.8081884198681099,0.82396873339997,0.6239495105887644,0.750994655414138,0.7062512425712574,0.754200903332536,0.8426072089181073,0.6869356329658262,0.7106891095400176,0.77015447334492,0.746547814698764,0.794622874061169,0.8703837864021607,0.7996936624141321,0.6522451828751624,0.771486770967679,0.707514905936466,0.7614415020065365,0.75733829376126,0.8844130167635358,0.7016028023450306,0.5770590952757735,0.6349347007249708,0.9029503486185415,0.7685095500216749,0.6528144868781213,0.6800213320435148,0.800023651136041,0.708526673313007,0.890513283806722,0.7234317594748357,0.7406088721715243,0.8973078411750303,0.8827610392501665,0.8963030685911153,0.737107789113832,0.7743474472236508,0.8077347162912306,0.7078370324542058,0.7299435100372431,0.8349688187776093,0.7226726038480737,0.747220609669467,0.7825688962223981,0.7299994223071268,0.8088071810401662,0.7727090984960848,0.7253358510187748,0.6535135934722645,0.6990281259885639,0.8168692438537175,0.7680612032385647,0.8049371875291972,0.763846750014591,0.6117065956603284,0.73955521103408,0.7093667482972571,0.7498623984271329,0.6980288972132632,0.8797499332686884,0.6335457316193874,0.7653551422257524,0.900307798579467,0.8520495552967525,0.6864409114184316,0.8495921954671586,0.7125105455229944,0.8385623814457839,0.7470874512909265,0.8774196923950227,0.6789038700606708,0.8765821315717305,0.7329219248501739,0.7231358990709649,0.6431698700390642,0.8105228549274129,0.81145769817919,0.7653969456732767,0.8051324157201127,0.8811071745764173,0.7512288570474509,0.9356933746743755,0.7125379635231577,0.7974461235809801,0.8638436320388885,0.7957655039378608,0.8075763981154542,0.7895384864714202,0.8937529709330272,0.6783959043726547,0.7633962038306821,0.6281831991727972,0.8140518122445166,0.7634982830201806,0.8662348760369196,0.8127396292996328,0.7681160929552882,0.8124476774755472,0.7379215831919276,0.7383806219316698,0.730498667341002,0.6454858303298525,0.6533386929825102,0.7726492925986583,0.8678451284768731,0.8634322531126362
0.8209851009904043,0.9056086847065312,0.8756474466649474,0.7711455250660028,0.6665021917628889,0.0,0.7817296629433345,0.840117781976222,0.8107436587120738,0.9197981795510459,0.7816172337477509,0.7862601160333152,0.8924055884468208,0.7698568775620934,0.7169142637909004,0.7574883126604803,0.6897904556931904,0.7396291804569921,0.6988220407942336,0.7253054496500367,0.7240523027198666,0.8295945164110513,0.6770748776981447,0.7939595356250783,0.8227520923198158,0.6768999391701203,0.745327600235614,0.695260904928014,0.8105343029368961,0.7995958651141944,0.7869993716080834,0.8423235494030497,0.7585319134229174,0.6753532811185994,0.7109458485044711,0.5956414713855194,0.899048866009936,0.6697559180145206,0.6523459752096888,0.7476291772931328,0.6288656286864456,0.9243786366141737,0.6431047106980881,0.7127865687903541,0.7515928319652718,0.7145617238068417,0.7640267885608708,0.747285690324688,0.7303754493361339,0.6104984881792537,0.6973442393745674,0.7045170841338789,0.5848944908567326,0.7477777570629072,0.6348333547754585,0.9415108599144549,0.681738111981947,0.7558060999750936,0.6963848972125642,0.6787935097247197,0.9020668305934364,0.608570605807421,0.6563616661431005,0.5901278095794983,0.6256499864705466,0.6946864281358,0.9114515805225903,0.9141094485065431,0.6595418946911411,0.8794816045726762,0.8334618338957211,0.632422809511725,0.7139370209062885,0.7981803001933518,0.7923466880375355,0.83385178627896,0.8546351369341015,0.8318650732721984,0.6354106252152412,0.8200843663191693,0.8629263722843648,0.7451219162403845,0.8726519564286783,0.7199364978936259,0.6207499291772132,0.7854739402518236,0.8902344219248081,0.6478423386174068,0.7895365745832185,0.8947842070056363,0.6792994605905974,0.7546687422153435,0.6095123111059668,0.7295099884020614,0.6809361770100997,0.8908828727486804,0.6496787788909132,0.743830497071335,0.578731693085938,0.8027210896127125,0.6802579212896144,0.7409275009264472,0.5905867543793666,0.7183655132739526,0.631971729798201,0.7147193263180143,0.6311636262799244,0.7424939225082076,0.7121844078707269,0.900778506643806,0.7559055001744186,0.5890476551932968,0.8798648780634983,0.8318155855336636,0.6419399139585286,0.8138235260358181,0.7214109664987747,0.6994634575429483,0.6782405635217092,0.907977603119235,0.6409292166236302,0.7303519258721328,0.713624396717002,0.8970771873276698,0.679357376840094,0.850501126787977,0.7503872292763107,0.8278403597261583,0.6600480885433523,0.6893477524469714,0.8875901863375606,0.8711849012412476,0.8187999509800498,0.7314492477845065,0.7446209990559689,0.6268109899735163,0.7875617600182052,0.6715870547944104,0.6699328844963021,0.6901991527465658,0.7394873315243881,0.8264512461669901,0.8085823123187014,0.5352234999112372,0.7561283935071927,0.7111345178295567,0.7880989455165383,0.8445458803207799,0.7501958095908603,0.60287203690218,0.7212582090037878,0.6921630867673306,0.6605973500880367,0.7937775505251666,0.7555428239644588,0.9050421792426935,0.9200614625242216,0.9158403896679991,0.6943219818477436,0.7313645110448903,0.7889515540356342,0.7919338210706092,0.8475641623647859,0.7933838078167097
0.8016282659806195,0.942813213613543,0.8099686712809694,0.8016602590522558,0.8896728028365308,0.7817296629433345,0.0,0.8023678721076034,0.9430606560750221,0.8383057088491366,0.7461343073856301,0.8276577942990165,0.7524226452840573,0.7911421251378233,0.9547234649478961,0.6854370463868238,0.6279458090614097,0.7601853650445306,0.6988710840729074,0.6986864649939811,0.6987256392942779,0.961727074417322,0.6937644785455964,0.8104431022492974,0.7605550571093616,0.638568394787852,0.8096833299297375,0.6224649178688896,0.8215095209546672,0.8785289251944702,0.936206952793643,0.7490097256943422,0.9463833695409078,0.6315253279202256,0.7557241788274829,0.6809958510024544,0.8268001590334346,0.6822917652551674,0.8734276868851552,0.750272599324421,0.7084316677080572,0.8693552659461925,0.6649847785955707,0.7466214850141062,0.7338151234750658,0.703729842793835,0.7956802315305431,0.7043791794585783,0.7561994100609059,0.6857659694644351,0.7792155062217861,0.6521167069185079,0.6926601701307273,0.8294033262082255,0.7086187550208981,0.8548763773220892,0.6818106204948183,0.7625329709233636,0.7329465661928283,0.7371064716377141,0.7034485817275735,0.687689977926715,0.611429928948235,0.6238675328253417,0.7342905954992833,0.6208085608189696,0.8197037306718966,0.9071103557710584,0.6544357252410362,0.8248952805351455,0.8916815637428898,0.6844307942437261,0.6078473635294656,0.749987232553872,0.6864848230169078,0.760276068906452,0.8047582158340302,0.9310327582902493,0.6113951473066485,0.6081792938766244,0.651284177659203,0.9462136716430046,0.9336664813618425,0.6104240780011583,0.5855213582504618,0.7677266466020856,0.737280993483323,0.7803165133746233,0.7215892155829716,0.9083350555252419,0.7747247522670032,0.9616870471726943,0.7517277622417147,0.6791800461927736,0.7570097790539497,0.9442200378090443,0.6914343795657832,0.6868596442778023,0.6959743133106387,0.7258080293736028,0.7386459642242676,0.7206197333078785,0.6100868634944464,0.7404423997938081,0.6538993800255578,0.670185441996878,0.580469886846347,0.6660360608801302,0.752517815497816,0.7988717826961942,0.7403724493957807,0.6260365654474687,0.6638571553489107,0.7634596759349873,0.6185876054594464,0.7531792610333244,0.6452519559532455,0.774829710645073,0.5774369872133086,0.8344445075436218,0.7543091037290229,0.8086670831880843,0.626440883886627,0.9183780159958381,0.7017631190233178,0.8500290507421547,0.7178675492461921,0.9334011528112651,0.6059149495093532,0.7868565205488611,0.8372334755524448,0.7164824267337316,0.6781888243848502,0.827796396514681,0.7493185887137872,0.7048310550069666,0.7626371859801572,0.769071877463295,0.6698580685249724,0.839414505040807,0.7492148872364609,0.7801047485393517,0.9836597299803588,0.7039362512073266,0.7444178513822665,0.7140514874441234,0.9702111252835928,0.8202291651789827,0.7107278885400239,0.5485432612533679,0.7334026108893328,0.7550016922559921,0.7471637836474395,0.8824468934074908,0.7221964242623412,0.8921486802913244,0.8120800464949591,0.8125795855961067,0.7512281466777383,0.6241203725010331,0.6592832819029949,0.7403690988943303,0.9125988538512478,0.824412559187293
0.908484923724374,0.8840793264807194,0.9755390088598747,0.8731265436923858,0.7677962487364319,0.840117781976222,0.8023678721076034,0.0,0.7752286578789169,0.9592900623460138,0.8235476012823345,0.9690395243835002,0.9311659094555154,0.7135400587465159,0.7555943208700548,0.9117034888347947,0.858334667351832,0.9043622854630015,0.8791876464292511,0.8753902185510548,0.8868662424682577,0.7716578404288118,0.9064024077227893,0.930595308106316,0.9592751805380907,0.8344320693781366,0.9582631119610814,0.8611505745708293,0.7747834576305961,0.9397744513386432,0.851335226219434,0.9355915248838156,0.7795988135993749,0.8647290679777333,0.813155327900578,0.7594146492684624,0.90113066723937,0.8222981831379438,0.6864802828162454,0.9145427095542944,0.8053817915291216,0.9278703316853346,0.8137041159820384,0.7541672801785526,0.9430793453131834,0.9214557076867154,0.9618358561430536,0.763531827573242,0.8965316051836033,0.7690340626917588,0.8163027214367615,0.864225663128998,0.5765152405537366,0.763673187744844,0.7041627985303939,0.8631704308546352,0.8359224547979637,0.9554301380502347,0.8059952623432549,0.8816332491045628,0.7512265614661663,0.630736358469332,0.7763268243945048,0.7451182146754141,0.6696549430723754,0.7966699692052294,0.7982979308172755,0.7820957685535969,0.8438111872458586,0.9675833619169047,0.8049696324683127,0.7394746143973252,0.7505405350229494,0.9323431884314287,0.9158338845320987,0.8698588347970796,0.8464086427000387,0.9033782266114702,0.8175911277706893,0.6621623173825709,0.7763514573992453,0.7492108028767037,0.8031901967971241,0.814901997942873,0.7708258917282518,0.9651876530475093,0.8452442930929789,0.7648144765354841,0.9667258147372264,0.8243194261473801,0.86532928761961,0.7903210178719763,0.719454763501283,0.7917179680889654,0.6369653948015981,0.8156323581904513,0.5871168454837434,0.9351824585580125,0.6346951954282057,0.9603138900889194,0.6271903348211699,0.902762754900354,0.7711958513132876,0.935656861832718,0.7727776145815662,0.9164037705604112,0.7990464139668142,0.9241914549234007,0.9140325773250645,0.9326131208991109,0.868758879539576,0.7446924262039848,0.732027059221996,0.9617380116003371,0.795778613476837,0.9811015473113213,0.8763750550590165,0.8478613310110388,0.7754613052878483,0.9476688364590553,0.7435197021744041,0.9278004731883853,0.8247026954274675,0.8966460548299181,0.6013050531222663,0.9129744444105137,0.9304849733871597,0.9385163840882523,0.820446140205264,0.7982846014011084,0.9446861435339804,0.9026334512767219,0.7234600258712997,0.6676106522527091,0.7932259543042999,0.596190140610533,0.9508651953430746,0.8217347230148223,0.8641191049084714,0.863170077890991,0.6590643061804126,0.8009222723641306,0.821923301991933,0.5462765814740319,0.8189304291381354,0.9158506403613934,0.8029780374986216,0.7879990841486428,0.9328982757351811,0.757209141865593,0.8223853903444137,0.6622113974843925,0.8435782571368656,0.9366994002041049,0.9484702474350771,0.8645679430893949,0.8635254474580077,0.9687923272529857,0.6338934895269351,0.725814825275558,0.8396296423676096,0.8099194583425479,0.9414226654804863,0.8401933761926401
0.7621265412697698,0.9353417627546721,0.7677194280824127,0.7059063734457552,0.8073698417383117,0.8107436587120738,0.9430606560750221,0.7752286578789169,0.0,0.8269536606853215,0.6851368484310475,0.7797504438937913,0.7181551728376556,0.7448767360999341,0.9005723741164077,0.636058187015272,0.5801447985472127,0.6996322379159745,0.6480193446448949,0.6543352779530797,0.6445821143934842,0.9468942270195091,0.6351134547245797,0.7449701136692358,0.724714459784768,0.5828486293783038,0.740060269958542,0.5787591410587066,0.7497483211650178,0.8554847684066699,0.9115082534588491,0.7111601871706669,0.8697255700523003,0.5880019088660989,0.7032655213590789,0.6125449324086322,0.7941946325216322,0.6247434731286022,0.8043870628894719,0.672948610496195,0.6320051996292334,0.8873386760057305,0.6094584039503574,0.6907565101604639,0.6824944744046848,0.6492421127696733,0.7533032580629465,0.6580374846916988,0.6885910295673554,0.6224256630426733,0.697129379329708,0.6053063531696191,0.6627710111382145,0.7490920425203007,0.628795245037847,0.9058237454426981,0.6252455309740459,0.7110012238697119,0.6659687909960695,0.6637653697282857,0.6934924750980392,0.6559225295742565,0.5664043251696497,0.5711128411345557,0.6922176275556468,0.5814995250621906,0.8010227330046783,0.9288215505036118,0.6001765418801291,0.7927477681102982,0.8664883565601466,0.6240845078921616,0.5790619998672841,0.6858597864400539,0.6488329267439761,0.7284317105402061,0.7209287158478284,0.8487993532497861,0.5650859727916258,0.5995407201020596,0.6421526487081539,0.9448012680681364,0.9641742669394212,0.5739880863280094,0.5425949354814502,0.7231840742815899,0.7302435709960855,0.7140834677566612,0.6847565964860951,0.9516258840612772,0.6970566239890429,0.9743318149428507,0.6656087255306272,0.6329916397968356,0.7101807116054306,0.9633523237163168,0.69243700830701,0.6543596077281346,0.6543534271546598,0.6806570366599191,0.7000361886687346,0.6607359266293124,0.5602586969117399,0.6931140714814658,0.6038284767196832,0.6246835838918595,0.5361419981547859,0.6298141685429223,0.6792726406901123,0.7705116291026852,0.6802436763442552,0.5714701658983985,0.665244214061029,0.7181502145060868,0.5666209759620974,0.7082208809627373,0.6091227852194384,0.7066469515833614,0.5395093598740159,0.8140106289473367,0.678411566689992,0.7374052474614882,0.592167080062314,0.8723194665018147,0.6998297253511391,0.7848989467179388,0.6675593259697842,0.8819968732516582,0.5608915105289352,0.7101519528716723,0.8614311621875194,0.6894159318690933,0.6539344445909437,0.81866540974926,0.7040039738692597,0.677215397414347,0.719042718871323,0.6893892598044388,0.6116231448718611,0.7697002476152034,0.7215100707704568,0.7447822763695019,0.9671791949438184,0.6733868943939694,0.6897383410053394,0.6684345663818734,0.9753702621912219,0.807561573015967,0.6704587294897182,0.5128384304152885,0.6843359994661184,0.7220861646432073,0.67214800564018,0.8460324442543377,0.6765012693628989,0.879488539596907,0.7766362123039042,0.7902015644891227,0.7043822818401074,0.5727926640704931,0.621696991844708,0.7123158167893993,0.8990054812904911,0.7693786432177386
0.8570966913425281,0.9381202188208455,0.9565090958307045,0.8446720180635043,0.7286528254574347,0.9197981795510459,0.8383057088491366,0.9592900623460138,0.8269536606853215,0.0,0.7845811744736364,0.9006690272860867,0.9178902551508408,0.7333887711876681,0.7609315591447429,0.8282756761991876,0.7625120768595469,0.8203572178641029,0.7766390899409228,0.782983768762055,0.7917017902443547,0.8229913680383235,0.7971055553929184,0.8677783263087664,0.8940844916098248,0.7402552371961583,0.9033244906754583,0.7693236945369939,0.7913972169648588,0.9183796484003132,0.8367379092611602,0.8862216763640242,0.8065082730487619,0.7591865485523696,0.7449511305854108,0.6647418649705824,0.8981611718278018,0.7278196384410478,0.672072712934772,0.8415647791199152,0.7115072197164538,0.9663655725819922,0.7097161428850277,0.7085884948424485,0.8506911888093313,0.8210837644813849,0.8834441532903675,0.7241473142786097,0.8096244784412926,0.6748252932961597,0.7502541866134385,0.7674654455526577,0.5802321938483547,0.7507490631503947,0.6538060457876393,0.9438461648942859,0.7407560885275174,0.8663192853916456,0.7409426955176308,0.7840950286064379,0.8040469479844841,0.6161788722268511,0.6903225837553595,0.6469381630761802,0.631196812761258,0.7200577465807604,0.8556375955225941,0.858386804338435,0.7390205317585162,0.940151250214553,0.8143883838912785,0.666805365530309,0.6976591112024814,0.8718931282392033,0.8495050314505529,0.8393146723201754,0.86312906864956,0.9105763428503706,0.7099427172694476,0.6926070695934634,0.7841071666437567,0.7632960472857716,0.8850689579494517,0.7458297788039412,0.6716585386640047,0.8835889235641823,0.8418602974550999,0.7017917185357971,0.8960571116203889,0.905757101412516,0.7711261796257071,0.8081536466356782,0.6590129816800717,0.7350302751614373,0.6415585669918472,0.8789359896432177,0.5946380897712735,0.8368175132311736,0.5869078173485568,0.8984091958068064,0.6327926804337759,0.8154869158934661,0.6619684806517271,0.8309344544365856,0.680637249814015,0.8147052063885901,0.7016085357226998,0.8328208772220217,0.8254941903288383,0.9188508394802753,0.7973682042433078,0.6451067245683362,0.7659981042596135,0.9176610656163507,0.7005093972968948,0.9208254722790693,0.7841063706774093,0.7652833588534632,0.7020349826183588,0.9525914331449803,0.678117872968247,0.8545339075061225,0.7425662231792224,0.919415301318976,0.6084248614505333,0.893959419424419,0.8578505205166659,0.9336558415527432,0.7231425329253833,0.7410770579625866,0.974365712963956,0.8729778359593262,0.7393476564377378,0.6830540635025891,0.7458048343033795,0.5885441627196879,0.8690316081938646,0.7420782076663739,0.7591922478606576,0.7865176497579237,0.6841851228318888,0.7871100099526072,0.8604780404089231,0.5320547988064556,0.7661477650442267,0.807773990219843,0.8282214678898681,0.8763088414823086,0.8367480693167516,0.6595926377190008,0.7506144650782758,0.6665648984846918,0.7469237385899485,0.9345965973692655,0.8544724173769731,0.8919210151486335,0.8927300342143738,0.9840316162167654,0.650172535456468,0.7016563721419528,0.8152864579985558,0.7729038986864837,0.9287516932032349,0.8044173995479259
0.9549671629615729,0.7988215537310062,0.8659662684494577,0.9310576034107153,0.7832252673155289,0.7816172337477509,0.7461343073856301,0.8235476012823345,0.6851368484310475,0.7845811744736364,0.0,0.852141855106402,0.9193285766500492,0.873257509037452,0.755957828962071,0.9030638871184746,0.8617462156924254,0.9194236671588895,0.8914793552260337,0.9339352986561894,0.9206484669280265,0.7715764384352799,0.8287684573245512,0.9484000825034894,0.9183244905660692,0.8983017409726058,0.7933479991777519,0.8569218377692498,0.9278916191100951,0.7464279153032004,0.8297483422455365,0.9212294061459568,0.7729786934993491,0.8470050884223836,0.9501763005245707,0.8477769285083792,0.9492620384471515,0.9211997746420857,0.7820168821590174,0.9218062651406312,0.8569047352576181,0.779413427548596,0.8752797073270784,0.956780454398391,0.8994746916090774,0.8535455883801315,0.8138694976841849,0.983159143858039,0.9381712008814589,0.8474386716707218,0.9079372006979238,0.8927078829541287,0.6303086989598582,0.9262473541682918,0.9123910461028356,0.7163681422401453,0.9137188029395583,0.8513468953108376,0.9367264074634439,0.8607484445516558,0.8487199079772311,0.6530856949828813,0.8782088063712962,0.852883070006951,0.8017319623013635,0.8997480204299876,0.8675744414720702,0.7636642485654122,0.8747223305104482,0.9113569542547193,0.8758833012593619,0.9027565836550907,0.9322304761894938,0.9319878002752608,0.8967756003394917,0.9339787457589084,0.9207925884627612,0.8348640704176625,0.8376095152574479,0.8149855824192965,0.8664639085558636,0.7411619469067685,0.6861551337862362,0.90014305850462,0.8474976949499575,0.8961088441431543,0.9392655149185207,0.840735190783626,0.8378962602279718,0.7054714372835423,0.8743195777904758,0.7052281952764392,0.8267822078181247,0.9461489230048526,0.8247101039553292,0.7711599668484881,0.7169288392607409,0.8593182701600554,0.7972100827310712,0.8744145876804574,0.830241632584731,0.9201388819797356,0.8215379546018136,0.8566680379257411,0.8772289853470923,0.8409644980097696,0.7987902659274261,0.8537057808408267,0.8583923411367279,0.9350944511847895,0.9739177370079671,0.8501791151561349,0.8607107869257593,0.896675532714406,0.8686163774427741,0.8585192467265937,0.8751783837708466,0.9204096309780988,0.8761504465040075,0.8887827518241859,0.8920549654294252,0.8270625104541701,0.919064047016283,0.8737111038247323,0.7885342854427054,0.9444205383642557,0.8048861093169773,0.8066162527952536,0.8639405120685987,0.9035283285873345,0.7284271259690647,0.9049984603199124,0.9106243412170117,0.8052509127093845,0.9750235196017754,0.7673288304497095,0.9128784977840002,0.9117621335983584,0.8844639247470496,0.8338777216763212,0.8070684743816464,0.9681280478322065,0.738739455295203,0.6582095396005423,0.9916706167291652,0.875076555837555,0.7279323782035176,0.6484793824110873,0.8941084571153464,0.788586291841898,0.9627526932943429,0.7703959578953716,0.8883855885087221,0.7263566093560391,0.8797538072651299,0.8886158165174071,0.9267951309136563,0.8197249509520325,0.8221436852060382,0.9069400451918769,0.8469591806198271,0.9670572190145499,0.8218241067979194,0.9710403455898432
0.9285723496169854,0.8644071627895256,0.948154790426375,0.8756628934234227,0.8477760191974663,0.7862601160333152,0.8276577942990165,0.9690395243835002,0.7797504438937913,0.9006690272860867,0.852141855106402,0.0,0.8931754929187968,0.715845850353928,0.7948855186215704,0.9154943835407158,0.8633055004846493,0.9282723057985832,0.9189204639683825,0.9039793146380065,0.918381322496383,0.7830287771272343,0.933280761161175,0.9586226422377865,0.9605239462353907,0.8569520717803873,0.9523886436966342,0.8566429414629534,0.7832187788001129,0.9517302798256227,0.8929707368942638,0.9285011628483226,0.7882590243288323,0.8809748171244083,0.8642281794665396,0.8257101389200006,0.9000499205059779,0.8649133776336736,0.752847270062453,0.9233962568418569,0.8558543983972223,0.9026548041860895,0.8641272446587357,0.8066304066560332,0.9544154891858797,0.9281773042695524,0.9758670868581153,0.796795298567473,0.9388807683568038,0.8308548557815342,0.869958011415366,0.8783076049923446,0.5873013454607598,0.7987203223947027,0.7601200290116505,0.8171801189021588,0.8748583492658821,0.9836334136401019,0.8379707823290624,0.9160134160458402,0.708570056753383,0.6454145355929406,0.7970485194460275,0.8000188503648368,0.7183929918285504,0.801784623494784,0.7735610542312621,0.7663255796507334,0.8692910418654438,0.9535560578416651,0.8267449513507746,0.7885778679219325,0.7584783382780093,0.9285685174679775,0.8910430724095053,0.8638855877976288,0.8450763970206048,0.9250479300707087,0.8389547201298829,0.6407159051937664,0.7385330626882096,0.7854801649526965,0.7833637798162295,0.8018978360059696,0.8002030607010003,0.9709645771539807,0.8349890435507646,0.8230551214935924,0.9354490903824669,0.7973803871750647,0.9324464132060621,0.8192765615717116,0.7864867602461015,0.8085721144396967,0.6637806541113843,0.8112962874926085,0.6024898953280743,0.9373658123864765,0.7014679637102135,0.9271427825121881,0.6556651649079785,0.9302373337109199,0.8208022012630737,0.9632755670466135,0.816682249280003,0.9170099612708666,0.8033730347140225,0.9146411982377436,0.929558051106781,0.9219654450768302,0.9120951428062962,0.8058392434615261,0.7005077421552925,0.945696432817308,0.8156043367371132,0.9567219628084261,0.874428759535457,0.9147199763227495,0.7763932375984407,0.9172438250264892,0.8159571422466845,0.938678090107234,0.837151978576291,0.8970866246525828,0.6278299483201413,0.9195228794546114,0.9090289382739035,0.9517548833228989,0.8327657354071957,0.8389353943597551,0.8978281592752162,0.881293857387465,0.7101427197639879,0.7026839744322781,0.8344059390654681,0.630150374660641,0.9667572504493661,0.8793564685591196,0.8914907936286012,0.9300426520246503,0.6568038248758871,0.8267910029489551,0.8304245240994718,0.5969798833191952,0.8589825046934971,0.9514424888442102,0.8301134147684537,0.7301810847233621,0.9457793615177563,0.7737189083318738,0.8701913791771635,0.6759057520231185,0.9096588640758119,0.9218025668356925,0.9597114250768174,0.8628808548088444,0.8424325779509445,0.9241572070252607,0.6506277848926675,0.728004171774098,0.7860003849267617,0.8314096145507837,0.9480061241712816,0.8842755190843722
