0,1,2,3,4,5,6,7,8,9,10,11,12,13,14,15,16,17,18,19,20,21,22,23,24,25,26,27,28,29,30,31,32,33,34,35,36,37,38,39,40,41,42,43,44,45,46,47,48,49,50,51,52,53,54,55,56,57,58,59,60,61,62,63,64,65,66,67,68,69,70,71,72,73,74,75,76,77,78,79,80,81,82,83,84,85,86,87,88,89,90,91,92,93,94,95,96,97,98,99,100,101,102,103,104,105,106,107,108,109,110,111,112,113,114,115,116,117,118,119,120,121,122,123,124,125,126,127,128,129,130,131,132,133,134,135,136,137,138,139,140,141,142,143,144,145,146,147,148,149,150,151,152,153,154,155,156,157,158,159,160,161,162,163
0.0,0.8748865618528003,0.8007063470883142,0.7811442546355228,0.7890384997528125,0.8502923585245412,0.8184331487719011,0.8513123618332532,0.908496151559081,0.7590515623329678,0.8534982873262349,0.7822391985359056,0.9058820486260063,0.8432225662381416,0.8728826765341949,0.8331210552932311,0.8746858824184219,0.9443749255030081,0.8424861124917151,0.9169688505626823,0.8371638722211808,0.8709195738763736,0.8066628202148912,0.8332516639789455,0.8607697180545149,0.7547312719959139,0.7369005770718688,0.8682640332360531,0.7589279411372528,0.8136203530648525,0.8599402182816275,0.8765773519900587,0.8236307588016568,0.7818874324574373,0.9162514559141237,0.802748231008249,0.8675921514313399,0.8865117470078994,0.7644144315950085,0.873839813130981,0.8314118603927957,0.8420640393989961,0.8738510046411644,0.8375482134697236,0.8635181402864686,0.8608175183506577,0.8191785736859868,0.8194903593363704,0.8914577868174989,0.8867948062964187,0.8946505251826739,0.8677187165919434,0.8468146512614443,0.8173512329976921,0.8095297293472916,0.8462968734569237,0.9137891837403942,0.8203735582642824,0.8756182172058486,0.8568888940562898,0.8297503474080761,0.7573071641606397,0.8977165303644122,0.74854538968279,0.856792767570949,0.8313344385393612,0.8114806222307044,0.8470268526827761,0.8156994270243676,0.8905719478925771,0.9257559840383248,0.8382056738262107,0.8418375871538919,0.8775677315913245,0.8677189716223823,0.8278176602688635,0.7786959215393898,0.7370832467509201,0.8523620132200801,0.7345408424774013,0.8285681811812652,0.8692892064751193,0.8665145730271692,0.8413262110062127,0.8813935644081071,0.9172729811563207,0.8512193912372753,0.8682504678876679,0.8444250563742768,0.7774762424543843,0.8717057728190883,0.8158699663717005,0.8815309822856333,0.8759356932988562,0.9068999405015123,0.770677757772663,0.7649885074115004,0.7895474581567314,0.7428805756786163,0.8493700785131569,0.7755826869721116,0.7634758388967718,0.7273677138051893,0.7226907077638136,0.9086419821108938,0.846773968031429,0.7792285433685956,0.8404167060131068,0.8543327899686316,0.823834112443735,0.8016163930457579,0.8436359880993827,0.8778152061976229,0.7425834872775668,0.8900850984793244,0.8883982617451064,0.8920961491274364,0.7923443479353304,0.7954222882069346,0.7412709718657992,0.8379890242826592,0.7522916174166729,0.8800929670595827,0.8876039051465142,0.8724148099496475,0.7920172497241306,0.7681663493559545,0.7690681203750763,0.7933564085838795,0.8370821330430825,0.8191819883019298,0.8129421349310465,0.7871984538190724,0.8310348692576545,0.7987338979447205,0.8437509197909586,0.8553197965815901,0.8627473893813685,0.8281568357469892,0.8653380650924536,0.798285304241789,0.8058108736755343,0.880688974116582,0.79905209513675,0.8105475007246081,0.8101721191287078,0.8591947250842774,0.7664012375095174,0.8285671484860544,0.6509621754441501,0.8943746859467535,0.8495960955280331,0.8139500261244844,0.7590733339105438,0.7989797343952546,0.8914314562855161,0.8734093102834679,0.8069000569324277,0.8326513638447078,0.8468265219725013,0.7536151066276219,0.9145230375051793,0.8914185086326457,0.8986494770789539
0.8748865618528003,0.0,0.8975051729268937,0.8404690411133929,0.7533159262902831,0.9247245652686077,0.8244350844596741,0.9370508020301842,0.8299707586600313,0.8562625092430741,0.8704818263219495,0.9017029099168449,0.8873707244366406,0.8092805210796178,0.8752514407369336,0.8505096870107041,0.8930629964658533,0.8203405207370308,0.9086615012741834,0.8883660036581082,0.9008495122255717,0.9197263424328151,0.7914869419224969,0.8860948543958668,0.8898259951378368,0.735298793702795,0.728186298267367,0.8679533595160873,0.8569311636155474,0.7522401667238054,0.8792388540683469,0.8864435740331537,0.8910030256643009,0.8436678911137152,0.8673579829773261,0.8924637680722568,0.8170622302797995,0.8476830169346213,0.8611485288929819,0.8931808702210094,0.915103272212453,0.8424416393954937,0.800658244305924,0.8477618370733433,0.9314665450001834,0.8440678296212568,0.7841477851685557,0.8314855943037451,0.8476959763486865,0.8665691307434437,0.885180952243146,0.8770713982586051,0.8376860962656583,0.9285041400813738,0.8880520733152312,0.8636781043750894,0.8782831322050041,0.8634883016639863,0.858368754905417,0.8844616697449547,0.9150140550790054,0.7369190012806865,0.8617141527304609,0.7652958392443957,0.7976777504295284,0.7973477361226342,0.835514457955259,0.7613530718132966,0.7394615720526505,0.8445860503324821,0.8578720788201852,0.7631635940780251,0.7990186907312531,0.9062554514277645,0.8998136004965669,0.7442124895231661,0.8064731646333284,0.7570847774120673,0.8251857432220067,0.6891177625592674,0.8349391877407132,0.8604533381521937,0.8619468139605954,0.8417585060372624,0.8564145875268303,0.9524282150293698,0.8178801745596596,0.7588149828153035,0.8212727397428303,0.8377789200162087,0.8014641522726124,0.8549881973522354,0.889787722895512,0.844488202684929,0.8697480502289324,0.8227848884744406,0.8317390001732928,0.8720077017017032,0.7058960807017199,0.8797662275437037,0.7730468369183728,0.8042503854930895,0.7074113097874208,0.7853432104981928,0.8626244894743846,0.8403853757531,0.8506881822681324,0.8805810690106475,0.8679872780673957,0.9049028221042363,0.8639268406519881,0.7964268923247897,0.8585045747192285,0.7395057478948049,0.8385870921970205,0.8864483427983826,0.8706075171651867,0.7861472691286527,0.8731064923973967,0.7189770884811896,0.7795844913851645,0.7416239149472188,0.8623825896229981,0.883660469279995,0.7770434466613498,0.8807234261043962,0.7906668673338983,0.8456170033740981,0.9284912741492625,0.7855682830222979,0.8166026138634633,0.8469106886739501,0.7212708663848347,0.8420653078128847,0.8711387996551252,0.773539414767755,0.8227038364690581,0.8315005434154075,0.8731799424509452,0.8644885308068015,0.7938469002801037,0.8253075143088529,0.9146507469849708,0.8616767663745982,0.8403939540599376,0.748989389526806,0.8950109190836145,0.8062598845614434,0.9001955116261667,0.7188328641831253,0.8525960541268193,0.8402171660227854,0.848097718183141,0.8372834262056434,0.8856987235711996,0.871730497645324,0.8593502744072903,0.8546608546745151,0.8063758989048516,0.7672542638171286,0.7494654279933198,0.8249576701143435,0.9369905651090344,0.830706788646199
0.8007063470883142,0.8975051729268937,0.0,0.7714252066975946,0.8085993381276798,0.8913002734286681,0.7735454553940625,0.876460963007918,0.7477746782402465,0.8637709957944332,0.8922473591234077,0.8599456297208153,0.8766184171398848,0.7338731378805747,0.7957718187743098,0.9190286192018319,0.9171671431351308,0.7887293148150084,0.8330120349937212,0.8079932931819466,0.9127919279479337,0.9397978668187515,0.7503843604153715,0.847407034650053,0.846453030807147,0.7487761281390288,0.7074987909324885,0.8165901171601649,0.8385270943969231,0.776899505853108,0.7484464197028575,0.8687220879501396,0.7885221344080131,0.74270345487328,0.7442396417139714,0.8120281177339503,0.7940317203721122,0.8058654416459421,0.8039725563203085,0.852049208438096,0.8272680148118502,0.8710822890226817,0.8077930800258213,0.7913023320720617,0.8356145405178045,0.7839940018831523,0.7859912003034083,0.8413583861054618,0.8012554776748031,0.8234712951923652,0.8471858420046684,0.8320057155306559,0.7568966305026421,0.8695551043699202,0.8401412777719123,0.7897519338434522,0.8194605828445546,0.8914618426102705,0.808786712974027,0.7922110821663938,0.8553396670253106,0.6918492848246128,0.8517417534656155,0.7223320147267285,0.7332962251646348,0.7458500069697839,0.761751575490581,0.7874371742097532,0.7833858364604892,0.8346560475600804,0.8186538056401641,0.6671773879726951,0.757878365613756,0.9085163958493951,0.8778658568075555,0.6496190492333176,0.8469686747317824,0.7917810359909424,0.7373487394329741,0.6779294198083651,0.8255330873353728,0.778979455841639,0.8544284761699826,0.7860681728306237,0.7972550711040223,0.862024863807951,0.7767041503996326,0.7013602093122376,0.7288076271165111,0.7352527876256629,0.8104489928762107,0.7212911790657396,0.8544300622387633,0.7446977924579007,0.8063173212440197,0.7719368624720179,0.7539303222914998,0.7739947343406689,0.6273467496988702,0.7703552597369697,0.6621229092731483,0.8391150497219144,0.6511651669289582,0.7367165366728587,0.7674210717552253,0.8440767471651854,0.8424205935816585,0.8698586738761229,0.8151946131659148,0.8856327573814723,0.8192781863241196,0.7448490371478227,0.7974455853565042,0.7354919026659416,0.7441965981933238,0.849447365030443,0.7666173535408298,0.8068452922952205,0.8805469678609031,0.656613492382389,0.7658314038558861,0.6923171770390574,0.7836470530939689,0.8307910641536669,0.670031647028642,0.830255455170978,0.7503896304351306,0.8170869159689177,0.8703949192730775,0.7405741203834629,0.7864905300232586,0.9173357098810802,0.6560330126192363,0.7351729596897112,0.8190469563242618,0.7199866480869659,0.7711615493955704,0.7420740774104093,0.8402860762214182,0.7987876889785595,0.7061987223023642,0.8116964248260327,0.810130473516949,0.8248079131103764,0.8110460804590609,0.7064896649399997,0.8555650011740639,0.8019485236686656,0.8815280565173168,0.7101076518960943,0.7323713138562304,0.749255933571333,0.8333270751006848,0.882096298431345,0.8468399298260496,0.8026652590042226,0.8199813186444147,0.857850931353177,0.6895368905759569,0.738737313393851,0.7264412079301787,0.7028826160962371,0.8409599246111991,0.7994523594085059
0.7811442546355228,0.8404690411133929,0.7714252066975946,0.0,0.7294180436052852,0.8446776913362375,0.8692476272370081,0.8289102986068948,0.7212064288657384,0.7377386401731315,0.8264002023320193,0.8625699463091295,0.7515009287487525,0.7046484672895149,0.8128993812442455,0.7170780169277572,0.795060369147929,0.7274913027455302,0.867048377811251,0.7116846201744883,0.8391763331594349,0.8001962761367971,0.8059428411976296,0.8146065251157848,0.8233621302708143,0.7729296277501362,0.6944585237458318,0.8271993129848877,0.7424558343543141,0.6633152573378347,0.7787522322125381,0.7414730569366939,0.9345652597475952,0.8446641385633699,0.8046713065241632,0.823820396103668,0.7424936128083548,0.7225699635946597,0.7652802378043474,0.846399024261176,0.8782733374706229,0.8010857860861605,0.7079458494701609,0.8486294277044363,0.8076799226474813,0.7203553394979834,0.6702887216843029,0.7575332283806401,0.7917202252499359,0.7396418694431691,0.8581607235687074,0.8770131097346532,0.7187991251810287,0.9098623292697228,0.8283241194428279,0.7563102525498333,0.770539331143418,0.8490412406001933,0.757125520190145,0.7491840509434339,0.8172414733109579,0.6309720199461247,0.8120533857548563,0.6472609966988112,0.7011434100943252,0.6913251499577231,0.7914949445893585,0.6750332133895445,0.6576694789257491,0.8008954715400449,0.7541497463390173,0.6464353258210734,0.8033182603330775,0.8463327718111442,0.7752211409212022,0.6395444721200275,0.7571215930686682,0.7239145951935603,0.7444169321936129,0.6288177855612673,0.7309798374438082,0.8494917479106002,0.7289672364042805,0.723187096154947,0.8412331811934332,0.810697182368628,0.7839136037287061,0.6943923624226618,0.7130771019194209,0.7281339948751757,0.8302123852290398,0.8630895816521025,0.7748458988808193,0.731181287523674,0.8459702458470455,0.7809172784228482,0.707869194904042,0.8790299338609618,0.6565281995565851,0.8374751983056944,0.6638891442949839,0.7200675149460289,0.8555434910189952,0.8005415766204933,0.783101467036505,0.7083472589208196,0.7377521240611479,0.8174567553040759,0.7493301394942131,0.7866147170466605,0.908721626794822,0.790572347133859,0.843880287963703,0.6802465528638147,0.7674381596120362,0.8265010474741803,0.78021302865135,0.6582433692593348,0.908646875316348,0.7316092886158412,0.6778155761782314,0.8165741910561151,0.7869882323180214,0.8119134880444457,0.6901633107101663,0.789441181301004,0.7439400482858815,0.7167892643271846,0.8482766691310306,0.6541334775194622,0.6793905273007286,0.7245476421530685,0.6377332203056318,0.838703491347194,0.7508652923026086,0.6307768583283736,0.6500009261750188,0.7805962608466481,0.765218506248969,0.7424392189761,0.8067938131571739,0.6762379301647105,0.8605652510297909,0.803933891490809,0.7434033540772063,0.7775736144269771,0.7917896842275362,0.6728329702426682,0.735590567869247,0.6114881719064073,0.8509073747940913,0.7559244194294683,0.7647856898969679,0.6907799912623194,0.9027136798242044,0.74900085917013,0.7530615258448264,0.8292523517344444,0.8696115224897969,0.759531862386474,0.665625639399051,0.7660600054485591,0.7971138738025125,0.8193299470018107
0.7890384997528125,0.7533159262902831,0.8085993381276798,0.7294180436052852,0.0,0.7439973897157874,0.8415982392369875,0.7057438795842502,0.7537339674877079,0.695820511989565,0.8637520918812719,0.8082656058683152,0.7436237401384668,0.6933974444156635,0.8097224031111466,0.8276797961663743,0.7935889758532121,0.7558650692172489,0.7358039734190623,0.7166010442938595,0.8130331721488958,0.8448885029616267,0.7943153298169501,0.8136432023514428,0.7646109624028579,0.824260598151716,0.7019638857404479,0.7004584920151817,0.757284517760433,0.8412429443103568,0.7490062454287417,0.7469414867057163,0.7504747553136978,0.6954850453005271,0.7698574283061084,0.7686276538145534,0.8043609543112825,0.7909566208911272,0.7885664006667862,0.8034400873759834,0.7838407040475669,0.8176896146122665,0.819486606785905,0.8445717643384243,0.7256241419801618,0.6936792342957224,0.7941970165036392,0.8467805082983737,0.8315543864339336,0.7806687457275417,0.8163376842710498,0.7782706722359275,0.6605073808568701,0.7640623036848933,0.7956405411383729,0.7241406886271646,0.75820669815341,0.8659603145763725,0.7073837581644363,0.713229279525094,0.6624873912240936,0.65212211847975,0.7691724034601627,0.704842352186369,0.6902430392729237,0.6303854758277999,0.6814128107100644,0.7968141502934063,0.732392521304,0.7604728834051852,0.8050988022436271,0.6867351244723238,0.6953393629457086,0.7843276134617916,0.7079873160979938,0.614232071980238,0.7785558234347969,0.8883299476559546,0.6828108311996259,0.6888332477857634,0.6949938540220356,0.7567495441844019,0.8427002440187819,0.6643018705282224,0.7533017373681007,0.7681135210178566,0.7124000341202923,0.7108564122922587,0.6336465297384359,0.6962210049286984,0.9157961538342186,0.7264653812892733,0.849040711399394,0.6656781879790972,0.7718118326931619,0.7639484846985833,0.6192240535729872,0.6981307571635229,0.6976516950403667,0.6629276192236147,0.6774145525661408,0.7089333209060971,0.698103934518468,0.6972284340173288,0.716825279947801,0.7565118803194519,0.6690622249524167,0.7529035325762883,0.7485574942986502,0.7740074240852958,0.7923355976800902,0.8291727173328708,0.6945490189652551,0.6839728813233404,0.7026140167846299,0.7854985068265025,0.6672125745532307,0.7946485686087519,0.7612550440869895,0.6700376697475332,0.8840708043808854,0.6941743528918142,0.7280118713351776,0.8163533868976804,0.7113662878932581,0.7554005767951864,0.6689103941612008,0.7922534292391661,0.7273109925613224,0.7305543785341477,0.6957095671963776,0.7646104834188777,0.6281239100827333,0.7508003325715911,0.7222461692252651,0.7172006878230719,0.7549841725933111,0.8187274494561795,0.7593389160702518,0.809468906875206,0.6632185645005356,0.7619756562650308,0.7389681134455585,0.7557495190251894,0.8326313638703537,0.7779968702815677,0.8692900913683119,0.6808278851296419,0.7450376468029943,0.6405879146386494,0.7417099122458006,0.6905399359125902,0.7647093718041169,0.7858306826490593,0.780278098782898,0.7381554087109817,0.736949368941305,0.8010545061348696,0.7186880710626394,0.750032490314398,0.6145041633580124,0.7161853907227028,0.7693024996847414,0.8777891659728756
0.8502923585245412,0.9247245652686077,0.8913002734286681,0.8446776913362375,0.7439973897157874,0.0,0.7940078569485578,0.9105367400080825,0.7730039681157642,0.8323455183197267,0.8539179855610891,0.8823518427448644,0.8844079886056649,0.7489845478122947,0.7965639967698661,0.8633696066428245,0.895699970861182,0.7724925304701444,0.8864472672595147,0.8061675716405483,0.8969708295063267,0.8535150619246944,0.7397543495706475,0.8263151522387309,0.881728018033741,0.7614018356645481,0.6677097900699337,0.8497133445459291,0.819103174909399,0.7585910114522333,0.811457859907715,0.8922085980753883,0.8715831978467331,0.8285423043929026,0.7982116907972181,0.8268913894730856,0.8199506716565573,0.7997396138057334,0.7825884078624867,0.8308919003126328,0.8679783338690308,0.8561453258756014,0.7843736138466618,0.8530780591831342,0.8537438281472876,0.8079744058277344,0.7948620587438471,0.8336135846601693,0.7896637606928864,0.7996118129194338,0.8784789162626649,0.9213998294454501,0.7930745021068255,0.895454736894278,0.843964710094851,0.891412724229756,0.8381611331522657,0.901876104552416,0.772995508446757,0.8107664617801666,0.8992676181535432,0.7441139216543254,0.9050485323815682,0.6807922155826001,0.7438928160075173,0.785288207701863,0.7821296259035124,0.7782285139788634,0.7088798574286128,0.8495112356661515,0.8405881045305263,0.6874781744650091,0.8009334441235895,0.8893221695084536,0.8933021809839927,0.7358030650024229,0.7984606922642661,0.769491398434718,0.8111578768166855,0.7705594264483507,0.9068959142099404,0.8178424864700707,0.8601324954136371,0.8569100204029666,0.8634899945699733,0.8972458238528064,0.8563845791323006,0.7154880585614443,0.8151696527219779,0.7847573772763933,0.8117972269002486,0.8223192417170152,0.8373248887710346,0.8142622840357653,0.8267876934203815,0.8225516543219847,0.7862225731999342,0.8891991894056559,0.6698510321955997,0.8611500319131034,0.7037041304419795,0.7908075615729494,0.7238890495083591,0.7807012559773315,0.8314147525363773,0.8459589029758103,0.8417017026470441,0.8842881143191444,0.8176970655795522,0.8829358570729605,0.8662683790842148,0.7528088335369257,0.9073509720290862,0.7207127059533257,0.8290894291017267,0.8908257614323948,0.8854784488298676,0.7215287886633918,0.9258674866505627,0.7322382741169445,0.7236499054558686,0.7861745074556132,0.8684701150901009,0.892991350611373,0.7289556584209318,0.868562315136467,0.7884303062774115,0.8010190648505674,0.9146454839036527,0.7096625187334066,0.8110858963256632,0.8790009812097598,0.7055455675453248,0.8084101757082592,0.7887189137036609,0.7196093174669955,0.7925099011471094,0.7525442590446962,0.7563304355226035,0.7925739561099512,0.7914605136542088,0.8069357519841022,0.8544537347278136,0.8019209837514694,0.8077241367480712,0.7423695635248406,0.8515901992975088,0.8122111059600637,0.8560257582710665,0.7091633280192688,0.8137796356150632,0.8286104287739071,0.7709169052380721,0.7667672166128898,0.9077852537683159,0.8127656061246896,0.8138170318882709,0.9167627100222033,0.7688986469201636,0.8102625687802159,0.7570001472549462,0.8236659374841342,0.8960492227838034,0.8102701133638721
0.8184331487719011,0.8244350844596741,0.7735454553940625,0.8692476272370081,0.8415982392369875,0.7940078569485578,0.0,0.7726810782758254,0.7351051087380254,0.7832336049447111,0.8431476338002214,0.8735837780211081,0.7813899432723451,0.7213037323894832,0.8878364562612563,0.765962614291205,0.7716059838167856,0.7661613307529077,0.8040843041543047,0.7209136386112681,0.8114055829395846,0.8112192828148335,0.9065869587406009,0.8584819475307569,0.8766217937901044,0.8447302798075714,0.7299306058618631,0.7620556852875227,0.7949923920482598,0.7509826774363006,0.8466029252557804,0.7897013601836692,0.8806211284149849,0.8441858966162448,0.8301437994258959,0.8100298981635137,0.8635412401308458,0.7382150913226773,0.7975774413592768,0.8808720300444784,0.8367138075709645,0.7924378071690128,0.8105840392965845,0.9052478277946003,0.8294590474846164,0.7514638947159707,0.7773073769239428,0.8470563333183332,0.9268820575219647,0.7535758102648498,0.8725443883797969,0.8143124287513244,0.6807522066827949,0.8417421556076656,0.874736682900632,0.7889267543034564,0.7612204627835318,0.8333142578220734,0.7893233428274351,0.7471166340358131,0.7353877385124516,0.6466767015906761,0.767105783585826,0.6783034537820015,0.7064106374269905,0.6723714497917902,0.7973224234306853,0.8006834964246878,0.6965634639325505,0.7955932775723632,0.8030308216468948,0.7141141442666326,0.7296092149026532,0.831911581697304,0.7028285393729578,0.7022352159920178,0.80363932768129,0.8637779574943474,0.7384749365704895,0.6855295850037031,0.7157292382106519,0.8027083316553146,0.8315965965749874,0.6886663416920094,0.7819124184341454,0.7863124545267269,0.7756957785974309,0.7781362175977358,0.7322491359862825,0.7552182926471065,0.867809068202891,0.8684791391089948,0.8424351548967994,0.716075633180703,0.7998148348624486,0.8571169474784154,0.6417065289724402,0.8278807907189841,0.6849889412351406,0.7996346604074229,0.7382925641707556,0.7521186173684501,0.851559805057549,0.813259476239077,0.7472846371999617,0.7514528929282235,0.7010698657907164,0.8013120808163615,0.8127407952859143,0.8284182214690402,0.8970409792177995,0.8059152660866874,0.788770838011936,0.6597652573961242,0.7551322893944009,0.7943982812816,0.7575691140019087,0.7847523704692395,0.8326698174908919,0.7002174786422647,0.7592299456856654,0.7679632717336674,0.7616430515773805,0.8858100903207609,0.7155442883708096,0.8482296343733935,0.6890312236811957,0.7996931300741634,0.8062284650303482,0.7418837294232845,0.6828344741233418,0.6903187709185726,0.6510514813018288,0.7599011560116558,0.7451397687954554,0.6929882499471335,0.7547599378060724,0.8808328375106663,0.811120945090385,0.8277604988019986,0.7910342146899153,0.7230391122821622,0.8184862420580519,0.7495548641491979,0.8427929461105138,0.8822104023527416,0.8214585876348418,0.7182071457511029,0.7860260882442579,0.5831874567352406,0.8385079348661535,0.7603551093896902,0.729599064187968,0.7955185150453356,0.8872283709593644,0.8081237965941067,0.7798741535774941,0.8692633998294682,0.868321268544925,0.8128423348581805,0.6852539557748785,0.7837782278042439,0.8393437601072965,0.8356191078168849
0.8513123618332532,0.9370508020301842,0.876460963007918,0.8289102986068948,0.7057438795842502,0.9105367400080825,0.7726810782758254,0.0,0.8309900753288194,0.8452237016976505,0.8379209057802166,0.8675177814291148,0.8885486096388387,0.7798217051628842,0.8243466917720604,0.8438283617262712,0.8746446486596964,0.8138049487681517,0.8807528307803631,0.8539683683575982,0.8568511417636564,0.8722588560657931,0.7776479886191368,0.8155809862611898,0.8752623810776388,0.7185899470710695,0.7507530432601728,0.8798997627961409,0.7984717283266561,0.7589662812771438,0.8476166195875214,0.8769688442986067,0.8591092393724824,0.8271514753042933,0.8137551304236557,0.847625677850279,0.8010575268097441,0.8347687780568518,0.8029060104302613,0.8424559151115644,0.8552533987342367,0.826464534379837,0.7883580708158914,0.782533607649401,0.9253918717991402,0.8380772344553991,0.752821534966716,0.7759962277259307,0.8040999227513489,0.8290055078816019,0.8527793445329807,0.844972432521972,0.8034540126420834,0.8762733237024647,0.8428187595534136,0.8426626013913869,0.8460162722617782,0.8692883915752684,0.8142903188946762,0.8573839190999131,0.9211609681463507,0.7340419583260516,0.8585393530153662,0.7222731437811853,0.7564265462028029,0.7886124536226915,0.8128604345911795,0.7448204923196275,0.7574656004083005,0.8974519330860019,0.8238358879621889,0.7214298734071769,0.7886610073783561,0.8914469046282063,0.9123201445003707,0.7274868777774554,0.7999871015102096,0.7166602964339319,0.8341462576605584,0.6544165753540795,0.8071012776069757,0.8337417009221461,0.8314696842165801,0.8557284474810573,0.8376905956303037,0.9368095842632795,0.858042833598272,0.7579764600115793,0.8496730014699395,0.8151838898588604,0.7875580037201471,0.8174718742273546,0.8374055696937855,0.806536187234392,0.8257974626478007,0.792583911204021,0.8141191635365979,0.8533550416958642,0.6660708417840969,0.8762773510216862,0.7207424301538966,0.8461547350519005,0.7062657800018334,0.7729588474042376,0.8576876549450574,0.8414231525682754,0.8485102116221923,0.8820105331413264,0.8279338416986101,0.8373520467057747,0.8145859557093887,0.7602214828461948,0.8463650500715251,0.7741365344368669,0.8257491297314941,0.8765139432724608,0.8534288922222041,0.7522930613970917,0.8370700870738447,0.726633241026973,0.7178232396717709,0.7979700592558622,0.8097171535072792,0.8393815653407791,0.7135675996912284,0.8443520755536303,0.7835472804753735,0.8270579966241718,0.8875752129573096,0.7519730382973332,0.8403158490710803,0.8415214798682352,0.7352926238664068,0.7978798495951896,0.8146015919694757,0.7094234104365412,0.787177566902105,0.7714190985593242,0.8470575567688566,0.8441871226201586,0.7802472971542601,0.7873103164823148,0.8750587685688112,0.8289060341827977,0.7792197463340407,0.7391357169923811,0.848196983330867,0.7945114147486889,0.8745808451708237,0.7041307723506331,0.8297418936084076,0.8059722958738648,0.8173695661186383,0.804189058436544,0.8675517419053175,0.8555805077593808,0.8277353583027951,0.8416813560152242,0.7603784564549992,0.7586522954082578,0.7361837277329665,0.7836414073531239,0.9101295045391457,0.7853321734313349
0.908496151559081,0.8299707586600313,0.7477746782402465,0.7212064288657384,0.7537339674877079,0.7730039681157642,0.7351051087380254,0.8309900753288194,0.0,0.7057218782671397,0.802008053789793,0.7574661753666704,0.7983229146700984,0.8080676895457234,0.793914407788473,0.7656526980712746,0.7952090657991481,0.8551096218198538,0.7836221083750569,0.8735039640478469,0.7602631761875854,0.8421861751411708,0.7609804877768819,0.7510794437809087,0.7919969477739963,0.662220196091235,0.7632493442761509,0.8082820340808679,0.7036340828336104,0.8184051298599179,0.8306524091147492,0.7783920330975839,0.7465518479347901,0.7168746057142003,0.8818629265448897,0.7754214328590815,0.7725702875556226,0.8683099330371825,0.7390198783082703,0.764709896514377,0.7567228217649974,0.8475668674907713,0.7545343062279812,0.7426379934894738,0.8013773025602142,0.7410510459865561,0.7280699456532395,0.7238463912561502,0.7950663082373867,0.8253474256976715,0.7745941287624397,0.7616491856410208,0.7678892733432353,0.7458006896409278,0.734249926278231,0.820120942214995,0.8215221010288911,0.7967578076474465,0.7749143973671861,0.7952716361675115,0.7532548347038401,0.6981246263802023,0.7783601790888993,0.7645294633629878,0.7695634717863903,0.7110101748076111,0.7421343842921806,0.7337754842263673,0.7812290540394616,0.8536939164458884,0.819866538071935,0.7776963108068685,0.8028448597595562,0.7756301575107702,0.827089275287023,0.7060788540522227,0.6952291410720471,0.6727773739442765,0.7383355634887235,0.6185469957483953,0.7003454348487188,0.8392904742620428,0.8010172047445352,0.76099125245637,0.8016933823431321,0.8889725953941034,0.807361964078875,0.7829471305659587,0.7522633332340368,0.7980267958216648,0.8223674587322355,0.7902598619274966,0.7982451579321578,0.7613062866087864,0.841932542366082,0.7276259329337088,0.727043726428696,0.7494698515123273,0.7604389416117905,0.7500245228594217,0.7268669693961096,0.6924899435751372,0.6657097601645967,0.6825265257965624,0.8496473287022497,0.7437605347289481,0.6883358124323776,0.8067989989474251,0.7302048807656362,0.7431998943026386,0.7240398583037023,0.8178665732079647,0.770704248574864,0.7906324777547509,0.767775375669771,0.8289714369687708,0.7749851555280187,0.7425774924250048,0.7048873514718077,0.7598757795754925,0.7959004984075674,0.7148477533438446,0.8025704029599682,0.7584636873415606,0.8509081264856784,0.7040483620941144,0.7325634722116198,0.738423926296143,0.725481818866454,0.7483196277283813,0.8698698094672158,0.7615306177072482,0.7476042243352075,0.8501749230055279,0.7623047838198191,0.7461418098704893,0.7756974628947304,0.7830565629490068,0.7861171430124076,0.8151984779019225,0.7056195049795085,0.7780875001337825,0.8353214683910385,0.8107594630632236,0.7444560773607043,0.7609830954542613,0.85798950917798,0.6600457276275117,0.7844086814224047,0.6818556723605861,0.8320236400877787,0.753863016492007,0.8155992013046592,0.717133835029877,0.7328072598820264,0.8194708463654357,0.7865081116573297,0.715962691032745,0.7529711132069349,0.7194735382637434,0.6353065470631722,0.8388967251150473,0.8482653755161041,0.8580314949998872
0.7590515623329678,0.8562625092430741,0.8637709957944332,0.7377386401731315,0.695820511989565,0.8323455183197267,0.7832336049447111,0.8452237016976505,0.7057218782671397,0.0,0.8065345803249875,0.8145964940909666,0.8402759792929674,0.7405475061379757,0.7637825134990187,0.8303820715611736,0.7907518370341556,0.7671735311162227,0.7656525533077366,0.7321371628290962,0.7463695770572825,0.7997477657521762,0.7942439890259388,0.7314432116832528,0.9224946583902686,0.6820990524814602,0.7547466932573847,0.784905901976244,0.918263210443774,0.7559998431214522,0.7826411772610561,0.8571696627439589,0.7816571765761718,0.7377493773856383,0.7444446535907108,0.76490091880423,0.8148502084165891,0.7667998051634337,0.7106074306563259,0.7732056660646461,0.7586064522088631,0.7582433059911476,0.7730527823011386,0.7572207044651423,0.8145102867074139,0.7343023721336949,0.7597299459109933,0.7941649967664927,0.823009383051224,0.7070510525611131,0.7478367466988728,0.7192973093753683,0.6865260255835388,0.766332237044899,0.8432798801067639,0.7886401816244165,0.7017050670165941,0.807212061807723,0.7871368629690823,0.7190836823942739,0.7772148145196391,0.6564025362197996,0.7446554474690096,0.6956304808365426,0.6460214401177923,0.6689541665066754,0.7101772511505333,0.7685539861705567,0.7960620632796007,0.853511806955611,0.7122075890189531,0.6947753508073969,0.6766446853817968,0.7827239735909273,0.7854963571839796,0.7243217612805077,0.7325812342629785,0.7701119908695386,0.715756313854426,0.6594965492359126,0.781894410501542,0.6691042837064494,0.8257451670341174,0.800605821413201,0.6905247576096774,0.785614127391751,0.7774647760564577,0.7360514941022638,0.8035954983443826,0.6851576008513678,0.7321122178891426,0.7368978014998077,0.813831477568213,0.6766265371878019,0.699988900697942,0.8588702466811113,0.6503770370420148,0.7960526616560993,0.6122512515169528,0.7551320117697966,0.7085767612550995,0.7749055054703007,0.6858670809323646,0.8503659236733977,0.7215057125624122,0.7500006646466749,0.7275191387509227,0.880720389668644,0.7843803643233049,0.7928929561813934,0.7414310780289096,0.6514555826036214,0.7520185193508009,0.7361648701413896,0.7239351938198331,0.7470767038838502,0.7959782962334935,0.8302087987523203,0.8142044912973778,0.6872979186455784,0.6437651044920413,0.728585420409874,0.701221634580972,0.783815039742937,0.6496858263666715,0.8959438206934324,0.6481638689558886,0.7529461991549257,0.8654140414393257,0.7442306332313492,0.805436682379492,0.7243985867012765,0.6647293942924046,0.6428767757501284,0.7133093262068914,0.670328849432467,0.7886558320068963,0.7342394749205088,0.8374076889490132,0.7774049236209585,0.7999599277811907,0.7747002324635839,0.7219872642419486,0.7205770043027966,0.785863594645578,0.7277297022411772,0.7218417918453947,0.816133896861497,0.9480563749246126,0.662622101507661,0.6955541440619865,0.8187556723337744,0.6870977159033749,0.8216353016496136,0.8443492924702717,0.7653111447347739,0.7479973691348449,0.8218996834496716,0.7385052806698036,0.7301417943472568,0.8012899208961416,0.7415284211919854,0.8585707210411968,0.6839987177813556
0.8534982873262349,0.8704818263219495,0.8922473591234077,0.8264002023320193,0.8637520918812719,0.8539179855610891,0.8431476338002214,0.8379209057802166,0.802008053789793,0.8065345803249875,0.0,0.8873472292422194,0.8601792690736891,0.7761630307113252,0.8125136419670411,0.9070094585896631,0.8966348577988976,0.8025232670452636,0.8469251850565891,0.8205688724197051,0.8784829116624436,0.931050427637407,0.8448597794187871,0.8606235070453839,0.886467633920425,0.7945072046580048,0.7830585358961741,0.865945843161041,0.8535971257633308,0.8178067875331198,0.7954741749452021,0.8453834069789726,0.8039590694716116,0.7985839594434812,0.8408220689328002,0.8304959711648274,0.8660771254251572,0.857845373765659,0.841187459872925,0.8683618155845261,0.8139815262411628,0.8946835607965068,0.7977035126363688,0.8578421838385898,0.8302179182238457,0.7236022907105611,0.715559510927864,0.8997052522441883,0.8951441070506575,0.8050257256815705,0.8490124858262547,0.8111680364660528,0.7085451875723664,0.8643371652046694,0.8944919896207291,0.7761254431065888,0.8237915576337175,0.9248221746560774,0.7947044488999229,0.7760959313300392,0.8276043775443795,0.6513451394314848,0.8141550281969867,0.7539285414936905,0.7081307350214618,0.690464895929972,0.8016910220890539,0.7645736931397688,0.7838571164590393,0.8834121069135671,0.8061559210012083,0.7135540545932864,0.8192427103824823,0.8827478201778736,0.8400233550157623,0.6532358206446499,0.8640906923888784,0.8290587300968164,0.7153458511475813,0.7004541867723605,0.7467226383082065,0.7958582881319028,0.8344541100471332,0.7747936496185173,0.8331618699202996,0.8519270243934315,0.8644581844337338,0.729910914301057,0.7081906869680985,0.7550932834795369,0.8848613569752651,0.7563906228301593,0.87907198676027,0.7407533943608029,0.8505677435026675,0.8029344677015411,0.6966170328331696,0.7757191001844289,0.6944046252175828,0.752261951362752,0.74212189861561,0.806006169607743,0.7065640519463103,0.7378983390437617,0.7829140008038946,0.7663933354655549,0.7469652893603864,0.8909492207399154,0.7559294453749578,0.8728107716014715,0.8753301063933195,0.834214796113721,0.8236185724365822,0.816594335231881,0.7433648348858374,0.8533839360711037,0.7516662159788992,0.8443495419257877,0.8738127929151638,0.7245743895475054,0.8232322796014568,0.7265356813247338,0.8352471204386933,0.8364977494301905,0.7682207992029296,0.8274363521014847,0.7184235857335923,0.8091759857016756,0.8501106614503671,0.7277431066003119,0.7719774794385112,0.8366188840715502,0.7532680941519567,0.8297415299647878,0.834397646019082,0.7075379042789876,0.7643389476172188,0.8045263469302103,0.8715925881479893,0.8256129648475458,0.7282806553048203,0.8360187942513241,0.8165394665046483,0.8436371027356091,0.886258311857623,0.7637438422194024,0.8557676973614484,0.7066776844535941,0.8477844666044091,0.7129941417789962,0.8334548943023313,0.7506902654172528,0.8589926585531733,0.7766190639973927,0.8529635960206821,0.8315879313439655,0.8771287090715214,0.839954754994789,0.7956120060986697,0.8119393440596209,0.6503182690269185,0.7876247264579667,0.8172810019410827,0.9209311157462813
0.7822391985359056,0.9017029099168449,0.8599456297208153,0.8625699463091295,0.8082656058683152,0.8823518427448644,0.8735837780211081,0.8675177814291148,0.7574661753666704,0.8145964940909666,0.8873472292422194,0.0,0.7767444291894041,0.6843068456887345,0.8387700140639618,0.8208236014408267,0.8220904435802464,0.7076524337858043,0.9039341591491675,0.7679362869789584,0.894265102776585,0.8691675986628794,0.823502950746986,0.878316589877274,0.8949814884035866,0.7656463559137114,0.6946756048911347,0.7944324314899954,0.8301886550916512,0.7612221152630231,0.8616132881167733,0.8175571701722959,0.8615476813298674,0.8783515927222847,0.8023159325043621,0.8640290591615976,0.8075974046623249,0.7610511122962041,0.9001312112122454,0.8210352002168378,0.8671109391769707,0.8429962550132654,0.7716440325538881,0.8845881651398964,0.8559591926367127,0.7318198577449216,0.7281511693271084,0.8581678125128435,0.8411559708306264,0.7718630539171326,0.8528067510759679,0.8315941073315388,0.6946859091797869,0.9144711768360848,0.9040989110497809,0.803807556564588,0.7889488429673025,0.9229838801457181,0.7424651559424259,0.7686689290523357,0.8155687718493444,0.64356147670424,0.7855564338262452,0.6987039918792337,0.6956637154165101,0.6781636321370546,0.7684406381242548,0.7136667311574992,0.6614199715066539,0.8062049692295119,0.7764378817256066,0.6575125950482646,0.735719771226222,0.8461363092691091,0.7830322239810714,0.6433274805079093,0.8142546223391297,0.8139290179617104,0.7349134032028951,0.6641966909089073,0.7390124937523908,0.8214476593125344,0.8268664781245523,0.7163731893982264,0.8092057777963737,0.8438163402324345,0.8148221433634476,0.6845675679560245,0.7113024959549716,0.8026652891219596,0.8137992924242011,0.8539718816976847,0.844262230127335,0.72806891182177,0.7795561708214038,0.8531567905581506,0.7251472208257098,0.876634395129961,0.6669117300355809,0.7756364466439544,0.7119262760283861,0.8107290661439377,0.759298802024114,0.8201524396661293,0.7549707918230862,0.7569832243136612,0.7679793097737756,0.8526929090108949,0.7624560353421478,0.8926182098772886,0.9356095571528911,0.7933474093738597,0.7813224647369855,0.708010276730531,0.7225369426796384,0.810480422394396,0.7622438957234644,0.7886068817579773,0.8791649438599808,0.6813036604101248,0.7427881163348338,0.7449573514405933,0.797986747229461,0.8558235893969791,0.6987142776768935,0.8742200742451472,0.7120968001801453,0.8464955022207822,0.8934979288103001,0.674261812839207,0.733413378325435,0.7856623329578639,0.6464641667930209,0.8176939428150835,0.835692203164858,0.6677547986808711,0.7568079175789447,0.7835289152600537,0.8087308506628059,0.8516244077929355,0.7351354789970765,0.7683947586563952,0.8367449293465958,0.8272244825841902,0.8560775895213488,0.7747831120307915,0.8901934792573017,0.7171911115626569,0.8524939727743239,0.6801172606284769,0.8420012208378695,0.7489697311599215,0.8069182386726379,0.7892518549964,0.9474627955525707,0.8072779590585311,0.7879576171140846,0.8784537715815727,0.7677965653834616,0.7404044916254485,0.6366497902956176,0.7523250246689802,0.8701608577962165,0.8308947429847113
