0,1,2,3,4,5,6,7,8,9,10,11,12,13,14,15,16,17,18,19,20,21,22,23,24,25,26,27,28,29,30,31,32,33,34,35,36,37,38,39,40,41,42,43,44,45,46,47,48,49,50,51,52,53,54,55,56,57,58,59,60,61,62,63,64,65,66,67,68,69,70,71,72,73,74,75,76,77,78,79,80,81,82,83,84,85,86,87,88,89,90,91,92,93,94,95,96,97,98,99,100,101,102,103,104,105,106,107,108,109,110,111,112,113,114,115,116,117,118,119,120,121,122,123,124,125,126,127,128,129,130,131,132,133,134,135,136,137,138,139,140,141,142,143,144,145,146,147,148,149,150,151,152,153,154,155,156,157,158,159,160,161,162,163
0.0,0.6283799358900141,0.6312598179566706,0.5112339121145212,0.6103771259543621,0.6092444207540229,0.5217522222016217,0.603201715186386,0.6219085489581478,0.6752208803872795,0.6543580170494457,0.5620288392466654,0.7390440134896977,0.5491813076703608,0.5514936172960841,0.6915642026343588,0.6865814737087216,0.7090483606216734,0.5684654513332594,0.658257541072875,0.6128671793212115,0.6208124954830827,0.5683154887151316,0.535662334092983,0.6777394406056358,0.5211921135564307,0.5488358329735179,0.5967946077222046,0.588778841023638,0.554390353428169,0.5591178336035422,0.6722758932245958,0.4858658516131182,0.48845981530031085,0.6689953188627152,0.5332311931547237,0.623115687958872,0.6143347438124764,0.5081855678219381,0.6381241812319087,0.525705459030021,0.6165841437376403,0.5838333564944039,0.536334369294504,0.5740788300513432,0.5623896345907038,0.5365753001589709,0.594388808733315,0.6317112929702381,0.6137321177959345,0.6135719384132652,0.5692244177137948,0.554050011209002,0.5373158604377146,0.5721149633139351,0.5578790492539538,0.6618758381441994,0.6310866025530236,0.6130519070090998,0.5675807117077183,0.5765679784324454,0.46192877295951346,0.6154463774751234,0.5005430594016723,0.5448061696554338,0.531052044442225,0.5478003559066844,0.5532890084361606,0.546204893190644,0.6381935301395926,0.5841863071619008,0.5593472845447223,0.6214015047485664,0.6744851073353773,0.6406196772169804,0.5298207859062293,0.5475539101418779,0.5707524695715215,0.5165611153791336,0.5059265019733361,0.5547563238015332,0.5773861517770773,0.6159730851810192,0.5834532831077441,0.6193498988711856,0.6330096667274865,0.5884836836775444,0.6070862536457422,0.61631274523638,0.4966252768580472,0.6491087316833036,0.5117889579990476,0.652335457792591,0.5581435286437971,0.6134252004560079,0.512868095562894,0.455326480427387,0.5139504931962192,0.47509680050981506,0.5789149878381502,0.49684520645311164,0.494414472120225,0.48779118854571585,0.47237581483033697,0.6196216540642749,0.5789501209395721,0.5393137562601822,0.6630466144431097,0.5623822832382074,0.5640181138917602,0.5327382462144421,0.586855302947022,0.6272693968219497,0.5915924487046815,0.5891891882001657,0.6870889570331709,0.6399674026761959,0.603041288091433,0.550597796351484,0.5152887553205022,0.5966559717346983,0.5060665656814618,0.5841958284246326,0.5818686274243424,0.579213013166514,0.5429805550846077,0.52021177049808,0.49268512980069923,0.5593000719158897,0.5495412801677214,0.5724630688641167,0.5964404230914686,0.5503873051238248,0.5663388740423901,0.5416575329923006,0.5215236561700342,0.5690507397625796,0.5823930845816959,0.6225236731587231,0.5769171057571016,0.4878767885301298,0.5575263683850069,0.6197837584182267,0.557264340174149,0.5639760220857729,0.5581560170235021,0.5719629159571192,0.5349623952030423,0.6802117894477429,0.40358163255844864,0.5998536000595,0.5853278289242247,0.5554450385258263,0.529266719671754,0.5538230548329393,0.5575121547745958,0.5730355483067177,0.5895603901609803,0.5303223595919868,0.588446864157726,0.511862561359642,0.6306991330636803,0.4891957501199023,0.7053317086451939
0.6283799358900141,0.0,0.5826415134313744,0.5379812406158796,0.5547379531836577,0.6753965589962827,0.5399831422136193,0.5818047941137307,0.5821543407072002,0.6327126001695085,0.5356101227683883,0.6018632629194836,0.6065849217750128,0.548145638140192,0.5801536808498087,0.5607499124348178,0.5748930676137273,0.5422816232415638,0.5470718874552473,0.5736311026848087,0.613596072332453,0.5775394799350345,0.5059657240563976,0.5650693638722438,0.5936256653987587,0.5214834923513356,0.4818775047010237,0.49631473594160136,0.6155807876547434,0.47400746739685373,0.6027636275756316,0.5912872687835921,0.5565611465362786,0.49732567954317775,0.6548830044583569,0.5895669838680594,0.5647462583450853,0.560969677253299,0.5528689981798273,0.6424364984358534,0.6161012551257419,0.563180624914573,0.5084453545975245,0.5737183602460441,0.5859694863473861,0.5603599700289036,0.5630092404957697,0.5594169974856833,0.5499046795280785,0.5867608876569655,0.6044579833699598,0.6161343435580945,0.5909795714212075,0.6074349793976497,0.5712206246815922,0.6486161849588136,0.6003497248346426,0.5665241378532401,0.563438708355971,0.5968859406944443,0.5780907188752665,0.49017644117688736,0.5570359807948977,0.4966365638853485,0.5426809343108849,0.5182964824983234,0.5757366028695408,0.5257472285558967,0.4457054321270127,0.5205326815886288,0.5936308985212423,0.5547775811823398,0.5618092203776323,0.614669983024025,0.5643008980376927,0.5220150899534848,0.511620889356368,0.5936658991270498,0.5132632704122786,0.5236974539416751,0.5794102046036961,0.6182545475459611,0.6366034194155296,0.5569591691114373,0.6008553700799619,0.6625504360382798,0.5288273729223202,0.539708374266931,0.5906196478800296,0.5816156127425277,0.5624897670533452,0.6076082161479051,0.608461862767632,0.5645648587913493,0.618872906093803,0.5549255055160552,0.49715909398248004,0.5713714230433267,0.5071809652592456,0.6427273664828382,0.528623419271725,0.4586969011657567,0.48900081385820826,0.48219189616614316,0.5977562985133751,0.5678321227969946,0.5432317031187034,0.5739271354037286,0.60018620812669,0.6023694931096992,0.5523331280251108,0.5732918153092024,0.629929645011066,0.5285925183451335,0.5909641846541399,0.6645771891263875,0.6213491653551453,0.49265390580640706,0.5523854937173278,0.5290300954019651,0.5859774259527171,0.5067915551963448,0.5887620444916571,0.6153529932903725,0.5953392629771572,0.5788768721913945,0.5647159808352321,0.5333549583705086,0.6085562502791187,0.5434046426191927,0.5418830517287987,0.562137693368123,0.5090481846265057,0.650088317137014,0.5509153876220828,0.5324306736586645,0.5482203234411299,0.6187398122341218,0.5471398153797098,0.5593828097096365,0.4977399580175905,0.5540935615774268,0.7208320877807312,0.5732656909989833,0.5777042331250266,0.5307181056952628,0.6538786277484192,0.5617435217448954,0.6102958488179034,0.4115481174025013,0.5770993204082907,0.5922848304963486,0.5026898823788697,0.5608009363058556,0.5726419169630312,0.5465472867031184,0.5124402846864339,0.6270810032602843,0.5570605256492959,0.533155226188553,0.5212676647927525,0.6294621324086599,0.5089159517021187,0.6087196239101551
0.6312598179566706,0.5826415134313744,0.0,0.4940226907467763,0.6322864952990825,0.5675195392170344,0.46313379759497386,0.5963743377153615,0.6252724857596853,0.582115984840438,0.5786670849566536,0.504546322053209,0.6062344891838767,0.5127154767620674,0.5271773622305567,0.5951739045864235,0.6117777702879793,0.6244608188673296,0.4949085794640525,0.5745943579434567,0.6288106605905492,0.7487273108557532,0.47250681771516956,0.5064950357027652,0.5549342526596778,0.5112411032375618,0.4937058530720363,0.4934769665613416,0.5070903812634858,0.48457710973625145,0.4966689447313844,0.5338460872375412,0.4719281425366223,0.4208628791864496,0.5603975948738823,0.5206710216591696,0.5321466232220792,0.5906501053989198,0.48136733947540794,0.5749901409370834,0.5271610715040155,0.6511763253464743,0.5377723930576941,0.4958070117501985,0.5273888503367474,0.5122383045011756,0.5184901011403511,0.5376136853949642,0.5053894101469802,0.6052071790715549,0.5583779095593964,0.5679166879148195,0.5294139972103122,0.5313064912795109,0.4947256111803919,0.5372266413281158,0.5762709427519326,0.6039848537499538,0.5637913025395178,0.5081501580120691,0.5497227021857884,0.44727624042511527,0.6256792451967316,0.4928913644162936,0.5405484187965861,0.5045455303186875,0.5245462051900702,0.5503370862172697,0.5537290282229161,0.6056475762645475,0.5992226451247321,0.49533155623530606,0.6119058308775983,0.6336520032749008,0.6275364587670713,0.4363727604238423,0.49998752779334815,0.5172781394247595,0.48683865954036054,0.4404720278047964,0.547157540722527,0.617352246231027,0.570604845811512,0.5467181324556052,0.5770395337974831,0.6384878682637253,0.543283913748251,0.5264819466751923,0.50017234388176,0.4905575350831846,0.6283377586187833,0.47979266186083513,0.5451969516063584,0.4765986506143448,0.6240414981952637,0.4842136269421497,0.47298587046027024,0.4925233782489858,0.45611659789530695,0.513504706368096,0.44013387795304826,0.47378189564845885,0.46582925453183816,0.4552053001438296,0.578818416987558,0.5536112563966076,0.5211368223416881,0.5914701534087844,0.5207408826911512,0.524816371036126,0.4803704080580298,0.5742952692147606,0.5800255941157098,0.5557231825897028,0.5206951981847077,0.6253339105320455,0.5146852173406878,0.49899797133086077,0.5449444609960457,0.4958036961801967,0.5779105016456509,0.5018771637952761,0.5306244144460702,0.5107760116962422,0.5342650906689322,0.47779549346317024,0.525838548973044,0.46799547732040464,0.5175108986594961,0.5375051440898657,0.5534743780508512,0.6825124974362875,0.47822977872636185,0.5664562465945819,0.5451461712729514,0.5070147259467372,0.48356583225502964,0.5292810452944715,0.586227668815127,0.5229476164491331,0.45656130704297954,0.5136972404900307,0.5824214806176479,0.6045794348123367,0.5250292953824234,0.5138911474839695,0.637763062855251,0.4987596100995312,0.6008963230685226,0.39630611402136134,0.521542598087506,0.5037343367390169,0.5539689292283515,0.5532311327187692,0.5266117185045431,0.5343467037541703,0.48602891965196066,0.5445897279241119,0.4672493734220255,0.47568259853102157,0.4968984727947556,0.5214874790761873,0.49168943191293457,0.6451484357565123
0.5112339121145212,0.5379812406158796,0.4940226907467763,0.0,0.50922638041752,0.5732129058582222,0.5666407027372556,0.5125017405456052,0.4539593949009524,0.5264945786323821,0.5202489822124644,0.5964160342587006,0.47900026141712065,0.431069186114873,0.5697146772703644,0.45870544570132576,0.4750792433627896,0.4680053435987465,0.5632240110152394,0.4398540718193829,0.5430469314110109,0.4936968520338066,0.47918483967914,0.5052231220767992,0.5519274092524947,0.49947041797955616,0.4259299160508415,0.4586600084577919,0.5185946186436688,0.40957781293650425,0.5274497417213878,0.4789829362932137,0.670753721792203,0.467868268408513,0.5363554274127903,0.5118863367144089,0.5012043468529215,0.458539315606891,0.4998182673063066,0.5317368286590102,0.5771304525303289,0.4741071639093042,0.47942336275023334,0.6121016740046561,0.48978409860722427,0.4613451916055029,0.4406010237109677,0.5376328059976845,0.500380818708371,0.46912528260197683,0.5765602077001925,0.5793488238747115,0.45757120360362563,0.6545475175996407,0.5683260128275718,0.46733783953276814,0.48874226700555984,0.5553477258495041,0.481264241373284,0.45531031906314584,0.5164867542386287,0.40009939448784615,0.5395134254545766,0.40147720960747374,0.4616563169918804,0.4442232674500419,0.4863854117182332,0.46114922337560854,0.40560275906831833,0.5063341791712819,0.4915742936256463,0.4393317101693797,0.49073128355117446,0.539863227857302,0.46530215635043826,0.4375601957756326,0.4693074939835868,0.5097490238255665,0.4639958598761432,0.4374853050626341,0.4882512643254458,0.5595437223553861,0.48885853241159066,0.4627821969869071,0.5095616649013885,0.49298594697854786,0.5012725613027423,0.47769087956401984,0.477006429816611,0.4423035502074161,0.5399779067133814,0.5504247386282793,0.5173044685191291,0.4593286747346186,0.513830046283193,0.5447860630715937,0.424075280997496,0.5245436769774651,0.4151415636795908,0.5252221465164766,0.4387621709653157,0.44277705706790893,0.5638915552941002,0.5477030768152035,0.4997332085058149,0.4491514792760131,0.4626888435578579,0.48875257307744724,0.483835413931371,0.49045820502046295,0.6141720696588082,0.4956702640996275,0.5487488145658128,0.44491712964063634,0.5017140241289658,0.5020709726104888,0.5111723375920721,0.4426005844768206,0.6121121449789028,0.4537357085083814,0.45035982038216077,0.5207387077217679,0.46750241340969273,0.5369921106809165,0.46469417244658817,0.5565574526104358,0.4482200881267708,0.4385228023654532,0.5341808162862752,0.44695667621265167,0.4162023280693424,0.4542412144858126,0.42775861730309067,0.5319969026996207,0.4800272100022357,0.42875307403795804,0.427309615003158,0.5298064711288044,0.47777626687936386,0.488648637201729,0.5820928503109952,0.4286923522291835,0.5407280259836994,0.4938529644930429,0.4882463379759086,0.5034929676990786,0.5098167588905227,0.46233280665228954,0.49138968303468705,0.3414825974418082,0.5696318984248205,0.5276029484415714,0.43940027203996934,0.4348894894570635,0.5920111415333336,0.4738373834144682,0.44400702223148875,0.5644287137125361,0.6299343395065127,0.48629328474126,0.45719540491339156,0.5122645196147646,0.43831274169585677,0.5376782953897897
0.6103771259543621,0.5547379531836577,0.6322864952990825,0.50922638041752,0.0,0.5309222520180815,0.5187490244032213,0.5199191808266113,0.5895640385518875,0.6156197257462455,0.6133658547284262,0.5235818653560617,0.5563385495715324,0.5124948413427262,0.5170402661802883,0.5874808489331192,0.6008473876385991,0.615381190066362,0.500190337532656,0.5155290930453684,0.5713079896890807,0.6279012353737226,0.5398785888932969,0.48766416578461963,0.5816416988745714,0.49779244672941103,0.5410049416368596,0.5098919726493176,0.563469730562616,0.5451361122692339,0.4930274871618677,0.5378552559972072,0.47028358989166824,0.4288446851573255,0.5746367632251793,0.5082815100238784,0.532474763458224,0.572370886130581,0.4722970327879733,0.577173223676353,0.510080741158968,0.6636986346604604,0.5185842825727012,0.5097205212485828,0.48646879355019074,0.47896291148582704,0.5092605228006695,0.5284853454495203,0.5600088500127222,0.5477052881839551,0.5532661918515231,0.5243899191911436,0.49626413119462437,0.5043757884211667,0.5181881293566339,0.5219618383997228,0.5447938562032814,0.6358578306811201,0.5540671633701569,0.49047002597650563,0.48216758240390745,0.430367767935011,0.5446551997603128,0.48528729638036605,0.492436595710319,0.4518326568334436,0.49194592670002363,0.5203159743115366,0.5440987982478132,0.5803135257649358,0.5279063428864835,0.5001403489443563,0.5717573826026952,0.5843295174926343,0.5588392439296047,0.44444394936622644,0.4972212158243769,0.5840967730313186,0.454050045480732,0.4568696258203041,0.5096758083756416,0.5523273871034305,0.576575360550775,0.5004718606872584,0.5638105635668407,0.5564971936753221,0.5099715011667666,0.5402742872802736,0.4987852600506243,0.4596349853082979,0.7311363771423841,0.49189158858957,0.5921009060423452,0.45785576524502664,0.6070046176890895,0.4973135514945407,0.4120651207129826,0.4836400661498704,0.46850003033805643,0.49157978202923025,0.44801750079473107,0.44798542406767505,0.48394223170557027,0.4716833801252173,0.5415078923275426,0.5029519069706673,0.4737231566034949,0.6051195604576243,0.5063261683584883,0.498357958016208,0.4973520615156064,0.5729154571044114,0.5372722427989496,0.5842320915859975,0.497704405017665,0.5995655276698542,0.5215734986362415,0.5409471927444504,0.5366797225581134,0.5178438792014564,0.5757871000580933,0.49484740961159807,0.5031195769543755,0.5199288696845793,0.5335960853890696,0.4878194640342288,0.49532296497813416,0.44985893603106114,0.5058960395416889,0.5075846871612076,0.5493701174859504,0.5615666546031504,0.47237337498065796,0.5488938744095188,0.48039875390726405,0.47425813165871716,0.47515078170399894,0.539523697446591,0.5557427134837031,0.5296747137504404,0.46033467383331184,0.5186198584096863,0.5699839645848436,0.572038420887977,0.5268879701732495,0.5281690396801515,0.5637884254425143,0.4919970450247622,0.5848342342920493,0.3950148330006577,0.5102790217404499,0.5386046450519373,0.5322050282531736,0.5215955554244076,0.5313089940164069,0.49357332926231207,0.4805233364364227,0.5467236766036204,0.5033111438659905,0.5190581594890803,0.48161652663380344,0.5508690811138784,0.4920469030797887,0.6766988144071874
0.6092444207540229,0.6753965589962827,0.5675195392170344,0.5732129058582222,0.5309222520180815,0.0,0.5078284740267529,0.6031139953905027,0.558290804346826,0.5746198897702546,0.5415822318963152,0.6029954983083993,0.5777615009981851,0.5064850708534793,0.5516999675792861,0.538947328782209,0.5378237745008612,0.5077365354778778,0.5473875874319866,0.5220289579834617,0.5814020131094355,0.5480302461948184,0.46397502159455406,0.5077348302447102,0.5807435953025334,0.517431523899677,0.45035980441845785,0.4796772898676958,0.5719058870852224,0.4584109570664145,0.5957620286193678,0.5662685091808348,0.591910197729936,0.47826811206583725,0.6286861566015874,0.575306080924301,0.5605771428767891,0.5380630876172937,0.5244224199709486,0.5457249918082209,0.5888803049011535,0.536210409920732,0.5044674851799563,0.6028885370573275,0.5534191662306852,0.509592170613595,0.5188145947629834,0.58021370895167,0.5037344106771765,0.5424301070859027,0.589341851517115,0.6460213782168963,0.5286414690971096,0.6170771370459363,0.5710244959409428,0.5897335707083345,0.5488399343485073,0.6125444981279488,0.5016079307999759,0.5280604781534132,0.5906183700000229,0.4766900581094529,0.610008654842357,0.45776180041484577,0.5014292347871636,0.49267283105874765,0.5293557370690919,0.5152366184723713,0.43813136819429455,0.5462321225335603,0.5757259747699986,0.5008867531218066,0.5579914194154685,0.5770908440050291,0.5584672072341281,0.48889252465208427,0.48869830441168643,0.5454060802155534,0.5030129927063093,0.4998175490152051,0.5689988001332247,0.604317224613988,0.5805681052339409,0.5656953238150646,0.5656030400137398,0.6093877084009744,0.5719064360571552,0.5156150729295196,0.5526571747310798,0.5262603314424931,0.5680504272101775,0.5929725461043343,0.5662853080995208,0.5176643455989836,0.5642443988766508,0.5821904189914332,0.48950543904395316,0.5718455744797029,0.48131514721920404,0.58990299987408,0.4932808187377661,0.45930216688540326,0.5045213042506514,0.4999807439433813,0.5968205768276419,0.5251693371448511,0.5105513425904451,0.5399662029812043,0.525711447559364,0.5427243437006829,0.5513449615089402,0.5395281299173272,0.6608058016327826,0.5008841114351638,0.5775607255387898,0.6034924082050043,0.5813346110685252,0.4611381328079467,0.5884141580075879,0.5289060073853136,0.5192087245940029,0.5449479680785707,0.5540567937918631,0.5760271899050008,0.5550371135270428,0.5817478198477057,0.5277692027362569,0.5081992523101225,0.5967856179071294,0.49709338689506505,0.5124113376990119,0.5472128667258838,0.4926914154209709,0.6438344450279444,0.5227629859902543,0.48968083217289665,0.5042652345445705,0.5580022942707497,0.49679599027534294,0.5215139316153646,0.5356124371469394,0.5212466057732971,0.6076715972108545,0.5512758315109955,0.5422245955373651,0.5249066723094731,0.626761455812822,0.5105537085786865,0.5678365768598338,0.39644862096434846,0.5881689620299513,0.5672006039510817,0.46777660995240283,0.4826196954528685,0.5754582110356455,0.5215222707455583,0.4745438339688459,0.6158691396171211,0.5594514276365625,0.5171911615574605,0.4874722705667628,0.6029674937004066,0.469466098549793,0.5823650724744361
0.5217522222016217,0.5399831422136193,0.46313379759497386,0.5666407027372556,0.5187490244032213,0.5078284740267529,0.0,0.4757713424581393,0.4506356823365909,0.605161051580007,0.49022797568599313,0.5927563174494319,0.4975197704577619,0.43549839593032985,0.6114886512946969,0.46810988306626866,0.46568715895552887,0.48329351404598625,0.5305720789900564,0.449820203107935,0.523503080527149,0.4699479484885122,0.5706047763519784,0.557858749067722,0.6075135473596632,0.5018685001812397,0.44317289323183545,0.4512685670915479,0.5358500793630573,0.43708787191428267,0.56208277981831,0.5239402283275941,0.5357236284938532,0.510184775873673,0.5187975918431499,0.4753986570037909,0.5583670308862952,0.444141178798142,0.5151707526993549,0.5908992518915219,0.5106756175977586,0.4739092385124173,0.5034864616615198,0.58299592884616,0.5048934133999784,0.5060741808492141,0.4849648298232041,0.5431348676552973,0.6196543289091895,0.4631330783603331,0.5911540352020807,0.4986056946015526,0.45376769455716354,0.5469508876973697,0.5765730190504399,0.5032343519539111,0.5007643355157256,0.490007320639406,0.5354909140477094,0.47305580779861617,0.4807790748260872,0.40485009805587996,0.4647364143163888,0.404189691665653,0.4799731530628263,0.4600912469653415,0.5287387455358271,0.5094876921457225,0.3984630313525462,0.476515518051118,0.499277764980044,0.47211688437538574,0.4591460317901426,0.5474134393013216,0.42796704501210026,0.5199035156628175,0.5174246125774727,0.6038198605570138,0.45914241048627236,0.4964905824223671,0.4859868561841098,0.5245420275688519,0.5503821093571976,0.4331448312061365,0.5060089476207579,0.47317964418269076,0.4827344142086372,0.5294219006449824,0.5285366367400505,0.4751965321132222,0.5066312930075388,0.5690442540458116,0.5408413447412173,0.49147783444296866,0.5087658510877895,0.5513911949162363,0.40013165517416055,0.5042058353042279,0.418233896706219,0.5543979184303199,0.4786917819919932,0.46047301370824467,0.5461824282445995,0.5135230704633672,0.468516758925556,0.4711992294460981,0.4708333181239729,0.4903588067492307,0.5427305360287858,0.5518711077417161,0.6344019287607243,0.49236603372138793,0.5262814798323977,0.448934682834217,0.4838808990968218,0.4858683941118352,0.5401285255405879,0.5186095903680553,0.5059311376102927,0.43130942560985636,0.4701873153978896,0.47115785276484434,0.46705370022270615,0.629052423599474,0.4739987166960842,0.58726179190581,0.44182837645647977,0.46440812841644796,0.4960055584979947,0.4756067693351545,0.4198717732435514,0.4339592139504946,0.4450843511333996,0.4730614122522045,0.47476662904913147,0.4550043820746695,0.47913525768914195,0.5651441609843972,0.4913313251226441,0.5377703215339295,0.5147391212312237,0.44205933136613496,0.5656138309634574,0.4619757738175973,0.5233887852379949,0.5413050584768634,0.48904392360276655,0.5236923436350003,0.5134590219350569,0.33124431116142294,0.5586712513838816,0.5459575015592507,0.42495413295142953,0.49620253138386977,0.5761085116334863,0.510631630755217,0.49049239502271663,0.6104668824432024,0.5960777260743287,0.5500115196944766,0.4890026526854445,0.5322745460786049,0.4725312450768256,0.5235303072738234
0.603201715186386,0.5818047941137307,0.5963743377153615,0.5125017405456052,0.5199191808266113,0.6031139953905027,0.4757713424581393,0.0,0.5853586102928992,0.5684594636999314,0.540929060512793,0.5754014065787573,0.6289141428088352,0.4905933394485208,0.5744790785790601,0.5933006938723997,0.5368350394310276,0.5429178609477359,0.5199712174037338,0.565976471133904,0.5874428715775222,0.558871630806292,0.47798004981407516,0.513864450346795,0.5821666131822837,0.5602198405877832,0.488049650721802,0.47915957145225824,0.5049241990818475,0.47535618234381966,0.6230474670621432,0.5773069752757395,0.5182990684426592,0.47969333096157174,0.5616493636893032,0.5602974571857194,0.6105861698872688,0.5823816644213444,0.567320276893961,0.5551162058703949,0.5465739233195452,0.5120801022458448,0.5893776808517772,0.5298863360922581,0.6478881183260027,0.5754954493424677,0.5113145345237825,0.5803059369268998,0.5157039602572066,0.582624029897513,0.5935552859288825,0.5561668290027896,0.498037853873406,0.5558500739515339,0.5651832910130024,0.5436582092710628,0.5804626224949878,0.6144461297000098,0.5128462010371696,0.5512367105166243,0.6455155678040206,0.48393298064976736,0.6133447552246487,0.46683667515193294,0.5176437984029445,0.5354492930683039,0.5706043866854831,0.5540327211421233,0.4750289806222513,0.6417360645125881,0.6258840813857369,0.5149101916949337,0.5323969168997984,0.6225460195868904,0.5672228600466227,0.48421191884626863,0.5481296524625779,0.537682036162359,0.5738916540154239,0.4686265352283021,0.5329622653718739,0.6134941098039366,0.5910685068571152,0.5931290263329434,0.5768306313125531,0.6642807690577176,0.6718918225159789,0.5597467592158702,0.5909083877731989,0.5582479345614768,0.5585625267159298,0.5260801514902488,0.5579319481366425,0.5104009055162838,0.5509429002457275,0.5374532078591564,0.5160319692039391,0.5206773000136355,0.4564890898915938,0.5798278677821277,0.49595090233665706,0.5654787314125652,0.4988823898695286,0.4764431764483839,0.6116709459147296,0.6058432016528735,0.567581344672185,0.5399641659970924,0.5492628418522971,0.5287000285602315,0.5080019298136971,0.5686261857426332,0.5897183490788583,0.5447231588630563,0.5816485184856502,0.5792625006337007,0.5328237329674868,0.5035328845245098,0.49953989414328737,0.4926162081151149,0.5444372716867784,0.6039845300304715,0.5171571010667994,0.5668240931779719,0.512348733262832,0.5655650020947587,0.5154646779722718,0.578607546095191,0.5463700701875248,0.5542535279304983,0.5115343539981548,0.5902706903320158,0.5461652359343159,0.5637560815449659,0.5714222065414493,0.4934054380040737,0.5352196159191055,0.5640997125737656,0.575881873911066,0.6017061356887291,0.48985350272343287,0.5123141711113758,0.5749157574512398,0.5547812420535357,0.5643252025202583,0.5331186576160962,0.6451871283730445,0.537711543964794,0.593609367235147,0.38871938705517695,0.6230722246505191,0.5112796197059263,0.48959040698636097,0.5289431882296602,0.5689894475666838,0.6064924177563655,0.4947821898488352,0.6020851812065264,0.48422241956485507,0.5068551216444459,0.4856187124226484,0.5341385377585607,0.49661881543892794,0.5675479116901011
0.6219085489581478,0.5821543407072002,0.6252724857596853,0.4539593949009524,0.5895640385518875,0.558290804346826,0.4506356823365909,0.5853586102928992,0.0,0.5831989126549837,0.5601035691717857,0.49542736046951763,0.5925540210155362,0.5434429027424147,0.48811996782954253,0.5972061167079444,0.5690155883843074,0.589898564665834,0.46993971738099444,0.5541984465939097,0.5267358988538389,0.6381698518322267,0.47104153452781367,0.45395647903863007,0.5420790855358734,0.461092753346292,0.5456714863802108,0.49151188339607804,0.5241354845652731,0.5650214177893206,0.5094486404378465,0.5462666513227852,0.44496999900896383,0.4106556866948872,0.5637535722393341,0.5012272809264698,0.5299570686299352,0.608056743821339,0.47033723986303294,0.5161698225325134,0.4767961210576538,0.6556537526607603,0.48915921815010577,0.4625320251260579,0.5003230924921246,0.47870889638161146,0.49813088879998046,0.49306887060844035,0.4973666717859392,0.5524635692774037,0.5075206387399585,0.4893515091345054,0.5113846342124572,0.473071536762966,0.4832068422291349,0.5700120406026085,0.5369326807249397,0.6028869098114057,0.5112062689955006,0.5077982852737052,0.5141426904242501,0.4590101415002323,0.5281012678157068,0.4942752995739587,0.4861634750184569,0.45756809094919826,0.4979480328344203,0.5195572343037407,0.5367492452444783,0.6079757442024321,0.5436054544588179,0.5053125315164501,0.565250856863659,0.550130883835898,0.6259016686063128,0.4472085178913494,0.4808476542085536,0.5194080256863048,0.45263076514751177,0.44805596961651434,0.5044927152818228,0.5518764864240164,0.6045242995534199,0.5403460696412651,0.5357768607782469,0.6098416005668859,0.5451654407049118,0.5256854799862347,0.5182813545296349,0.5109270865775511,0.5988148471274284,0.48189907673296306,0.5468557225900078,0.46190954855460137,0.5774585868282062,0.4879870101372403,0.4462129309249142,0.4681753422334932,0.480472107991871,0.48937074762927163,0.45931641976254595,0.45181920011536586,0.4328892481152352,0.4316628908752268,0.5639062661813316,0.5123430347957252,0.4728238233299426,0.5717406872205452,0.4842377388030547,0.4841744587228709,0.4451544651513933,0.53772720138287,0.5402471507954448,0.6325634694841126,0.49415371044673867,0.6113197438334751,0.5048962699959415,0.5024540934493386,0.4679545459861226,0.5435268765715495,0.563474940742415,0.49834329757375956,0.4982567170963615,0.49541176112354063,0.5571193099806035,0.46973520539140257,0.5130783343687785,0.47712076742332454,0.48315882746756195,0.5100641477865755,0.7015618093696451,0.6107249564757381,0.5160268024633868,0.5785584283009864,0.48776301977611747,0.4793950431295143,0.49239891892071497,0.49984679202362564,0.5237350192606393,0.5236699969801947,0.43705168929729393,0.5536192070821799,0.5640675105758912,0.5766057717763182,0.5113250204843969,0.48470067063536715,0.6123825256836819,0.4913102938945391,0.5779367001539746,0.42086491200250825,0.49942696880906406,0.5127101596123096,0.5269828840143402,0.5183705866166358,0.4877878959108898,0.5142692345775535,0.4834233740657797,0.5192943013183788,0.4582076630543688,0.48615884910698615,0.4617801413665098,0.5452720504483061,0.48715960749621634,0.6103293062675496
0.6752208803872795,0.6327126001695085,0.582115984840438,0.5264945786323821,0.6156197257462455,0.5746198897702546,0.605161051580007,0.5684594636999314,0.5831989126549837,0.0,0.5575139289785794,0.5708238998521896,0.6267822547180744,0.5228813989714709,0.6173817888550911,0.5802446103405888,0.5615206879156145,0.633098499962002,0.5253890309677549,0.5497807132266443,0.588727107907471,0.5698728961302135,0.5859219566633364,0.5506606155449663,0.7364455589850456,0.5474591246177961,0.5215552387004889,0.5011338969655119,0.6155620844738157,0.5160730328655924,0.6013243755005093,0.6040827257433342,0.5176606628225425,0.48312800038945963,0.6192155089835978,0.5243583846598537,0.6529133809360482,0.5667652673351183,0.5137754884583203,0.6618073525723552,0.5505126916972237,0.5859435158562901,0.5829747340231627,0.5738181031682204,0.5652042367610002,0.5697947999238109,0.5848599703702158,0.5941106389353878,0.6523601125405573,0.5502898157270852,0.6110267577650565,0.5493014076102922,0.5213423121581583,0.5325263972111741,0.5692840408812238,0.6207217683459255,0.5788232911744341,0.5720457276864415,0.6226065428487533,0.5275684929314383,0.5290068716477204,0.4565277207037185,0.5472345152686908,0.4781164685448884,0.5405561895721062,0.5130332774824765,0.5749690703138106,0.6214641470822873,0.4977976950493767,0.5955760841087547,0.5975755211639155,0.5638308091527636,0.5453783212045519,0.6236367206824744,0.5267780431028052,0.5579248126412488,0.5302743530174835,0.6660779064168322,0.5202749152492572,0.5340275498908036,0.587711438296094,0.5859738347771251,0.7134707699616539,0.5399394887688986,0.5938536063213132,0.6051203925175059,0.563318886397875,0.6177643498904494,0.6199874753742542,0.5337258601092894,0.6113451537253938,0.5679269739716145,0.6137856360643953,0.5197072155022873,0.6145070970639459,0.5917161442031347,0.4372686548195257,0.5474082863764739,0.47525569882235863,0.5872087432463976,0.5152816195559131,0.48766102832136593,0.5366273156145493,0.5325381975646536,0.5630293025951483,0.5677640637158405,0.5179164218959138,0.6284442507376407,0.6119988542823465,0.5860431708692018,0.5424184724042559,0.5809364042346735,0.6072892871890342,0.5620895468227455,0.561101913512568,0.5964685380180362,0.6292853640624586,0.581861953147479,0.5372641029316494,0.5128940567401543,0.5694521572524451,0.5317392463922508,0.5427198891849697,0.6443239632976944,0.5793227426284112,0.5932151238917686,0.49952439573955815,0.4973128789294987,0.5488900978745664,0.5862876835065164,0.5433337973481254,0.5346940873552218,0.5175062722031406,0.5404369176319558,0.5221194018726458,0.5358992385737842,0.5745521847197047,0.6366747614114109,0.6034909412795574,0.6151747340442215,0.5324413974851876,0.526992387475908,0.6280811164445539,0.5436679515908119,0.6054200883722561,0.5974356005008675,0.5827884890038278,0.6041778762986756,0.6919506913484904,0.37772845620696566,0.5852833190728931,0.6341703815679187,0.47758851842566236,0.5895954503695807,0.6152955539199942,0.5888666124314024,0.5245494463542946,0.6743803197157415,0.5729107951733081,0.5695554158264519,0.5858271416348779,0.6497732188332376,0.5527041188639407,0.6300211387098292
0.6543580170494457,0.5356101227683883,0.5786670849566536,0.5202489822124644,0.6133658547284262,0.5415822318963152,0.49022797568599313,0.540929060512793,0.5601035691717857,0.5575139289785794,0.0,0.5303201957059889,0.607560946787422,0.5046997312627634,0.49248283113430175,0.636605429727977,0.6427732947323249,0.6090728000047314,0.5478572256933106,0.5488548996896724,0.5479292479585314,0.611057535639888,0.544031650671732,0.48680930784746534,0.5771588735178066,0.47527035028043946,0.5752682156395517,0.6328294223151759,0.5514874005335173,0.5524594879576056,0.48541922411515337,0.5665687535176218,0.45833261688967164,0.448533121041771,0.5805265396444077,0.48781074642912936,0.5466368103355187,0.5592467500709337,0.4821443313080817,0.5623085763645788,0.4739152555903805,0.5872235176047967,0.5056380579657656,0.4910206366908884,0.49387469035089004,0.46955851119529585,0.43833297710034846,0.5442471026266111,0.5730303808917688,0.5324832178288299,0.5485998780282877,0.5018106217941145,0.4832644064133951,0.5120261849779031,0.5487262846292694,0.4678286140404954,0.5729527987681577,0.6545773722785695,0.5261594452080486,0.5003917438058736,0.537848542170067,0.4120025419337619,0.5520715236996779,0.45791646120679824,0.4686599550904734,0.4547356564827069,0.4908750292537237,0.4748318433802386,0.5314611628067888,0.6256950715059177,0.49688545592200095,0.48259078836351177,0.5889430116639428,0.6024521594148279,0.6112175523685558,0.4460299552799895,0.5341356600278865,0.5201256408608452,0.44812384857291665,0.4514769180163157,0.4701780822160359,0.5174306103387339,0.5221382863440737,0.5140965249209787,0.5433249144758506,0.5320081761141607,0.5501052417925638,0.5239090675571366,0.5062697717314657,0.43865937727942095,0.6476548056899627,0.4525047540366356,0.5963573312193499,0.48620713764909873,0.5554725465514587,0.4630366635370915,0.4132273835096077,0.44839143791492836,0.4361299073843697,0.4909067134786247,0.45161833103802923,0.4668521141631824,0.4498532430838769,0.43175478460723893,0.5394304997733024,0.48091826746149785,0.473144365649897,0.584060052980961,0.47059203204128086,0.49012898106328695,0.5107090263869165,0.5299653930315977,0.546923659009229,0.5847251098068675,0.5021218918561036,0.6119950090476803,0.5170864370044796,0.5649715265993122,0.522913390916013,0.4887811570919159,0.5381525071250008,0.4761374196194945,0.5032901035348226,0.5061570997606614,0.5107251718921698,0.48732380744292975,0.4685661202060869,0.4480773898558243,0.49725258658630594,0.47027615604710443,0.5121261974952054,0.5457759821649097,0.5261182160204041,0.5445417960845444,0.49401190831886466,0.4448871461719893,0.46815978608560715,0.5060138468089326,0.5570290286722468,0.5110523050799943,0.45261586123550196,0.5068736713713625,0.5397796122133176,0.5247453609370345,0.5013019583857236,0.4838241388005063,0.5073429059810127,0.4589296093180422,0.5422991147808063,0.39187719458510356,0.5477129248638639,0.511743704185684,0.5900976922007115,0.4528530083561788,0.49751995999827947,0.4907978644038655,0.5674858171866907,0.5153900784862236,0.5133684328709599,0.558330642508862,0.43442960731167757,0.5365780475608796,0.43684130765114504,0.7239885317352994
0.5620288392466654,0.6018632629194836,0.504546322053209,0.5964160342587006,0.5235818653560617,0.6029954983083993,0.5927563174494319,0.5754014065787573,0.49542736046951763,0.5708238998521896,0.5303201957059889,0.0,0.5315399803787794,0.4419861145586214,0.5933714771810225,0.5194094582202127,0.5124441275805003,0.48600588229423813,0.6333179350221433,0.5061229346771214,0.5907476828695845,0.49815312322612587,0.5525667009162514,0.5917539651704448,0.6358050101055858,0.5313620725554798,0.455443134634849,0.492846233030143,0.5294450868547395,0.46393678191621124,0.6320382857537415,0.5497334144379534,0.567018849963759,0.581604059544291,0.5651600624585769,0.5302931589687956,0.571204924888378,0.48611127206096955,0.5809636665456247,0.5783813338404988,0.5676655944882737,0.5012917330117695,0.5224319312340825,0.6048449068416047,0.5784211857608308,0.5340697737047881,0.49168710948166555,0.5732392546700219,0.5701181421075942,0.5031391144152217,0.6056197504705159,0.5789460873868743,0.46761114563358397,0.6091192665845203,0.5977205106311975,0.5323835078654431,0.552624828894471,0.5861976529245757,0.49522926915191434,0.5170571150272627,0.5417248989521398,0.4247313524685633,0.5220169924304349,0.42507018869496893,0.48093756981447233,0.4809443790913351,0.5289518903185045,0.4850585841191316,0.40548788429890503,0.5186790491123819,0.5237421912809047,0.4751519960811302,0.488069939217691,0.5774625909297153,0.482926862001757,0.49470474463436875,0.5211456647949999,0.5734890817661513,0.5162548182567331,0.4883861296105257,0.4990197677216394,0.5717801330873414,0.5645919649556711,0.4840206568385702,0.552842247340034,0.5557690346412532,0.5407294948305768,0.5050591499262731,0.55957564302661,0.524657470926438,0.5324806786193015,0.5882073871850939,0.5543689699351712,0.5195945832514184,0.5116684782648233,0.5623703570348654,0.44319629687347145,0.5721618043257406,0.4346085618798301,0.5898649608447762,0.48152288528965353,0.48521906072886123,0.5351716251495384,0.5249916200820256,0.5188178009803025,0.5233165504091518,0.513627938656293,0.5452953280175121,0.536044849111681,0.583822032394746,0.6697347224242696,0.5290627989970128,0.5508081876026887,0.47573403939014464,0.533605412250682,0.5619635682240436,0.5745747000565458,0.49965371854715435,0.5412847028221943,0.4584671667003388,0.4957277204292205,0.5105949796979738,0.5238552215260075,0.6229537115578422,0.4851111672970127,0.6150392457059722,0.4697739149735448,0.5215527999543862,0.5683959653278652,0.4713879385307349,0.4575945223925667,0.4824227679736679,0.4726540014695258,0.5447096610825,0.5274947031053278,0.44860995140375204,0.5251915336476687,0.5687732338034499,0.5238473378951645,0.5673749560300566,0.49602667038688,0.46598622362899783,0.5904009910784136,0.4912835007582907,0.5424797545274168,0.5525243969059555,0.5685990284763772,0.5073090124636581,0.5603684968900042,0.3641779277655848,0.649291923713561,0.5280460124962523,0.4670994141722525,0.4900198825454424,0.6471629769129984,0.5306381129950519,0.501936861663498,0.6656748717924682,0.5452363496984645,0.5267944059574031,0.45798448001454506,0.5513594197083708,0.4676108025091559,0.5706245354021717
