0,1,2,3,4,5,6,7,8,9,10,11,12,13,14,15,16,17,18,19,20,21,22,23,24,25,26,27,28,29,30,31,32,33,34,35,36,37,38,39,40,41,42,43,44,45,46,47,48,49,50,51,52,53,54,55,56,57,58,59,60,61,62,63,64,65,66,67,68,69,70,71,72,73,74,75,76,77,78,79,80,81,82,83,84,85,86,87,88,89,90,91,92,93,94,95,96,97,98,99,100,101,102,103,104,105,106,107,108,109,110,111,112,113,114,115,116,117,118,119,120,121,122,123,124,125,126,127,128,129,130,131,132,133,134,135,136,137,138,139,140,141,142,143,144,145,146,147,148,149,150,151,152,153,154,155,156,157,158,159,160,161,162,163
0.0,0.3189136404514261,0.25608549754037957,0.30674677846772636,0.28616036685825486,0.29873247034125106,0.3054709691746267,0.3023146990569187,0.4266488158513708,0.2656574026177392,0.33238357044204453,0.26966402127330324,0.4039134686313558,0.3450440705133409,0.32444001259892086,0.31269164593465737,0.3452563809988164,0.48836314564977207,0.3120723292349993,0.45032964948495374,0.33808072042597087,0.3245388705183031,0.3301019059023969,0.3195058977997241,0.36833257821703586,0.3114630135180642,0.2844052285522636,0.34559275840184756,0.23723541352127026,0.2955399687396861,0.3387986419536406,0.3449455705891698,0.2923982072234917,0.3387471728504932,0.4200700561502873,0.3118001743206617,0.3956712637914611,0.3911444483692512,0.2652677025365109,0.3768444538962594,0.29209843314999734,0.36651707887964485,0.3336183054461063,0.33345726180651913,0.33416204650579034,0.39575995242538015,0.2891049340718919,0.28721222067958585,0.3958390864890063,0.3878989509141022,0.3851235901367794,0.35773852546015283,0.3434962286569427,0.2883027941403051,0.2867234058814173,0.38379240317581687,0.472903573848651,0.29577161843041455,0.3260445446353428,0.3727615120072766,0.3001280614045483,0.3170667839536076,0.3511922602941038,0.28134185091141045,0.3679787254192723,0.3912541706882562,0.3816348397272639,0.36105753909344296,0.2957413265734039,0.3637842619787343,0.4543119376653967,0.3548256139423193,0.4136531345353203,0.3665377198463795,0.34581212866678873,0.38781952030771105,0.2834094668292492,0.2825823791869503,0.36873446739250687,0.28184554562295966,0.328621240832237,0.41435379853701726,0.3385730078482664,0.35260424557664827,0.3928612316426295,0.4240185079517192,0.3463464460449681,0.3813358931925063,0.3700108183221221,0.38309563606170316,0.411284062041946,0.33253414885404614,0.33916837738703576,0.42375889482781204,0.40194125212560655,0.28765175060493786,0.2590750347787562,0.298867570954075,0.32079159735552193,0.39583313833287376,0.33896686168936263,0.2679998532095102,0.31317663193051065,0.2398893050645757,0.41160439716122665,0.34636995450760677,0.29929387780986194,0.3551170127624262,0.3338891977284096,0.30032017335742706,0.3225072301570649,0.4177782791760986,0.4124523408465123,0.32188758987766863,0.41955149993397334,0.39055657344086375,0.36669185859120224,0.2906306317917458,0.274042211146621,0.33424373195114204,0.3550449190709676,0.29166629568229213,0.4092014147748283,0.3894834295989986,0.362578593539213,0.26547540967971606,0.31606763500474266,0.2657111505120953,0.2785273946700777,0.35592100637905905,0.30780043635089654,0.3034188494731261,0.3341085992243918,0.42230603795349103,0.3063441141399,0.3324009305392255,0.3464163298298542,0.3700732272054572,0.3191027349758155,0.36776125770329604,0.2793904640782242,0.33171736158309567,0.40606705218515343,0.3186209506590908,0.3607871553735505,0.4074431754195695,0.3412403187540263,0.2809150198404564,0.31773119586891096,0.23244224165723498,0.4440378306072555,0.31729485459682644,0.34374492610311724,0.24205739655399694,0.3264744790737748,0.40166254156333003,0.3399145733752416,0.31932558303568487,0.3449265576150036,0.3909156756881084,0.2874263870235927,0.4346335076219397,0.2862790452605557,0.5150191627236942
0.3189136404514261,0.0,0.3245368207120368,0.3085941163048856,0.255823392152911,0.3744805413279651,0.3180155095343712,0.3670320244739614,0.2790399045635695,0.41571695737333814,0.35456443850545816,0.36632860730938743,0.3319159461185539,0.3280726164966957,0.3289415725732505,0.3212267739351276,0.33224440416394113,0.3136883868655491,0.38282941000312204,0.3384675187219556,0.35503493115242535,0.42496612445714665,0.3306646008128282,0.3351073102361969,0.44642279439009586,0.2559549700132815,0.2605795819278709,0.31884489913599867,0.3495549041208732,0.25107782040907384,0.35003257494915974,0.36506642008863355,0.3364445978043191,0.31551549847121635,0.3375131923921636,0.378246179984085,0.31694469552232096,0.3236588486929719,0.33296655884074633,0.34193936869741887,0.3541510317422333,0.3443236890453617,0.27456243606204,0.3095817519562649,0.38391620337058624,0.29529132725660695,0.2843318673225417,0.3089793582719074,0.37046405100188196,0.30691727892255016,0.31408487142637614,0.29642572881984103,0.32716623308339293,0.41690901642850836,0.3711956537131855,0.3447602093740906,0.31997214335514595,0.30646891509953506,0.36396733962265215,0.34102565986672373,0.3480099162380589,0.24386392476840715,0.28897509456269765,0.2911831698181092,0.2778171424730183,0.2865129660654269,0.29815012968119065,0.2840034134239411,0.28897330052655884,0.33431669449642265,0.29139540686351134,0.30358052200903685,0.27202571044307633,0.34991443171879555,0.3560007162760764,0.2916939944115247,0.27529389565646545,0.3323266588127924,0.28338830433153206,0.2277670239436343,0.3165692250887734,0.30007550640752584,0.3701702822025838,0.3206567610146572,0.2991369678423582,0.40355290205062994,0.2847482999743546,0.268851401667714,0.2973636768572287,0.31914211476552773,0.26957700704214077,0.3095342000120784,0.35581777711026435,0.3107706622324529,0.3234760723082625,0.3899709146469727,0.27720923387914975,0.34348329139464095,0.25381403994061424,0.3251373296299923,0.3106739957927205,0.27404207932263414,0.24052549299358167,0.3155840606670631,0.29220790190397644,0.2812098056501042,0.2969026995027033,0.42668910942313354,0.32973203035686155,0.4019173945134248,0.3381949749542344,0.28427745199739785,0.30544716673955413,0.2699154125522998,0.32772613473264317,0.3361104881712729,0.3465679065872731,0.29212626836678723,0.36594062235526365,0.26773737912064094,0.2721518217652289,0.24869221425899468,0.3177314169285552,0.338940500019724,0.2707745649118742,0.3766710078954138,0.27149968160633575,0.31576482363939007,0.4385587423321746,0.3088753646602439,0.3197689033182999,0.2893168117120702,0.2486984347131886,0.3248745489061922,0.3557055223156792,0.2842434274075208,0.3283273098069596,0.3228892209625358,0.3753784386330487,0.30606591466449085,0.312010580925032,0.36672641375708365,0.36383573927915697,0.3196835909493852,0.35994383880352193,0.3002191504648562,0.32552689250796774,0.32035669171221615,0.4471568420596034,0.2849603904165395,0.2865002772798331,0.3810911810111119,0.3050795998792689,0.33961911293880576,0.3635046091731683,0.32277822961274233,0.2984182023494793,0.33249034595939664,0.28381829113457824,0.2732065829933064,0.33789265591359025,0.3310090856161982,0.2583899075590006,0.29827207819628737
0.25608549754037957,0.3245368207120368,0.0,0.2491088396609606,0.25984098217319473,0.33062098913772514,0.24078986844196895,0.2957774204611225,0.2404258707364451,0.36541898208759493,0.34250682157212325,0.32948758009799106,0.31429067591194926,0.2420591174582211,0.264532574963345,0.4061822627701716,0.3403435216714326,0.26737999020839426,0.26564719809868576,0.24976172118293144,0.3384752445623292,0.42083410217480194,0.23645505155400923,0.27910221457603757,0.2932824277253286,0.2707646984225822,0.23743083802394988,0.2653412477129083,0.2916410827626377,0.26477353274778787,0.24657509352545257,0.32328108837192404,0.24969293231860415,0.24099438335358195,0.22883491515200488,0.2805381235821953,0.27517661011109895,0.27960414254049526,0.2842749006056375,0.273499863389103,0.2623437743127432,0.2967985863519885,0.26762252903016015,0.2611353770487049,0.28922692093866076,0.25928717642248744,0.2656824667798558,0.30882449695249736,0.26941726348171097,0.2635840854931435,0.2791262751428335,0.2795429990417264,0.22385800200938039,0.32017548257421047,0.3148434471165047,0.24427693947966556,0.2571382577798124,0.33064275846108887,0.2548229379204143,0.25319314334206755,0.27389707969447735,0.2274803846768106,0.2969405891352389,0.23683238705221418,0.21756148997929026,0.23955490521245185,0.24142943159774527,0.29179056098426454,0.2814556485564766,0.2848540147202645,0.27336521486055654,0.21657536509964564,0.2407466502633584,0.3489826456331971,0.3268490452508195,0.2053961216235372,0.29295426950306186,0.29561141221663934,0.23561210565694388,0.20880047344240432,0.27889704729588294,0.24593281905033107,0.3201800762314486,0.2800140100091326,0.23992976942955047,0.31021425015715376,0.2302824897514186,0.22108227208579834,0.2506162421074792,0.23507158543721807,0.26851926299630224,0.2140888082110952,0.29928332748120823,0.21652934327526158,0.2482755867638942,0.29225674093571796,0.22830020253258063,0.2527719171888616,0.2003147373843409,0.2543581291321516,0.21884422108620208,0.2534767918025411,0.20170396930352233,0.2734561853386644,0.24614367661769715,0.30336938237661176,0.2749930371442505,0.293685242506172,0.26295698427231434,0.3125449651612328,0.2704414613702613,0.22842451716622555,0.2439210268488345,0.24662548344262863,0.24519888747159185,0.30108487649630156,0.23363549968895958,0.324402667725185,0.31494664761880115,0.2332185978240511,0.25399927428741076,0.2151777940125777,0.22643147609264572,0.2875658938555224,0.1941039666591097,0.3462745425580676,0.23088835436799468,0.29285672611640323,0.33868949355549904,0.25209761409439513,0.2639505705940436,0.3633881347332647,0.20478062039674422,0.22811728830120856,0.2751195562323204,0.22335446971312106,0.257098822064641,0.23434195424960888,0.2922377321236009,0.25017744636026223,0.22820066739478906,0.2880545102822374,0.24765791258791645,0.27098778064008044,0.27782146779661265,0.2247548890895067,0.3147355585113876,0.29221076130383755,0.3564340303774566,0.24979800167478225,0.21585973504025924,0.23401748103099135,0.26462884438260936,0.3075325098415526,0.2950560800545906,0.24964248174047904,0.2624166262716915,0.3191601420619785,0.19117338526246577,0.24808529040495522,0.2685188987968126,0.20669784154549223,0.21649710611608614,0.2647045019064885
0.30674677846772636,0.3085941163048856,0.2491088396609606,0.0,0.24600355424754938,0.2895097527674329,0.3448041688839468,0.3243831294603777,0.27686051512144827,0.269745208758394,0.2841717441964587,0.2921779510614119,0.31627704228045217,0.312292794984286,0.354307797649543,0.2701113860065361,0.3173177127488715,0.3423468979785184,0.3281055776435708,0.2964475284441778,0.33617910282813834,0.272845403177285,0.33994158339265496,0.27593299165350466,0.3209426154883082,0.30675250732539683,0.30935121589628306,0.32841211385030233,0.23487441260017952,0.24021504312929354,0.31021864360065965,0.2980268211146309,0.4655768286281997,0.3518699838550864,0.318991376199863,0.3318552052721498,0.30633961382610186,0.342933151204727,0.27724794990915624,0.37494739203867944,0.34562985939570356,0.30346353483847166,0.29293262067912995,0.3047870898889903,0.34140349531263847,0.35479747006920764,0.24469062466427471,0.2444200152729507,0.3294274549071594,0.32830496164269873,0.40444420542374715,0.3457125476666334,0.3294799382745152,0.36732094391790737,0.3048222429426272,0.2929776572251533,0.3577807165064027,0.30313355878724785,0.3321545465635215,0.38710541507392765,0.32817099037981895,0.29229410945420287,0.34802394616621424,0.24687591144097645,0.3132627824806145,0.34023790598982984,0.3645990881226917,0.27983663168614514,0.2953129598452617,0.3278715737834892,0.30151675195033834,0.3035544917053898,0.29933190635826007,0.43062885947110446,0.3364251051374648,0.27788807713722047,0.33142930865845877,0.30211393860583713,0.3347438558211849,0.22023490328567363,0.28503988728594604,0.37365874563530177,0.28958848154437716,0.32244733566367956,0.36591132083937444,0.3640672559811472,0.31875917841908424,0.34158747401567924,0.36034416317504947,0.30077479794831774,0.31981904376511705,0.34422683475723026,0.28561542289827085,0.30259733488518087,0.3492270302602062,0.27696035852022993,0.2732219230605324,0.3317599134567798,0.26268941588836614,0.3770467615026769,0.2923740260999738,0.28756139556058663,0.35295707545657573,0.28163911175636097,0.3493535168700586,0.32210084724975624,0.33138477512141423,0.3020871352535889,0.338844221004372,0.2569859369141969,0.3417737266168092,0.3231810765641115,0.3635066748169199,0.3349758518517969,0.36407796289605737,0.31210617369184146,0.35292515788328016,0.2326778245434132,0.3027833778806739,0.30650256981774576,0.27688665792297373,0.3425311784205707,0.29278480113548705,0.3376201582657282,0.24810770247651764,0.27941535914966437,0.31450197312650086,0.27618045101096317,0.3130787890919686,0.35014283983998007,0.2688209782145106,0.30057178350366953,0.28922805755851083,0.32549308077794964,0.2763397000395039,0.25329763231094066,0.23566978846041883,0.34575032075430145,0.31518784248253806,0.3304365820209564,0.3717608209495212,0.27674392842235646,0.393494905746354,0.31664092045791775,0.2967936586749099,0.3292559264664831,0.31319323443452257,0.29214050304995426,0.26379013181336514,0.2223376411112489,0.3370966036138676,0.3362094268037393,0.30263529663039934,0.2535023048926674,0.35374973763212875,0.33004625138804916,0.2982906535235926,0.3203082900497887,0.36662348561983277,0.30820987136319755,0.31574061424185235,0.30013803509492065,0.2969759421955515,0.2939698029494312
0.28616036685825486,0.255823392152911,0.25984098217319473,0.24600355424754938,0.0,0.236965926736916,0.3200697504735929,0.23734611734710484,0.26058994135339003,0.23095666855972663,0.2846319543912873,0.2443215634572187,0.26117237263682386,0.26499766426777066,0.3078733622913338,0.2907168476776957,0.3173771954433268,0.30512306864807265,0.24205850274020602,0.26434274289391396,0.31477137103179503,0.29108215037866303,0.3100247505561775,0.2947047036142461,0.2549928357907229,0.26494125176669053,0.25649674066373607,0.25163793551799063,0.21567445983595362,0.32044167016147346,0.27102351446291617,0.24911586333591354,0.25506390909408305,0.24954323629711148,0.3186891463493677,0.28727419725904135,0.2790133190033526,0.2972022152000164,0.2609964069325476,0.28630635995580883,0.29931750614905306,0.3149513741253823,0.30071749745806714,0.3113720525077145,0.24452253942721155,0.26148836961859295,0.33329728980043444,0.27736315307762327,0.31810496532738836,0.3143763219159313,0.30923092423044385,0.2747906837522728,0.26684523025240064,0.2520237741386546,0.2478926721318201,0.24831470399175665,0.268185804300027,0.31696056655344046,0.26934807731980304,0.2740025511233637,0.20865662301843033,0.2388940359073002,0.2814601350163124,0.2632095810287464,0.2608576163062473,0.21911678536469179,0.22823417599847934,0.28358397827766846,0.25756678132928623,0.27804707448747157,0.27483914580204566,0.2658476772498897,0.2339169296838844,0.2938099887120958,0.2558398217707518,0.22702550872210106,0.26272950422537883,0.385945720337648,0.24408470085084025,0.2284553823129531,0.2745587074104768,0.27174815565198585,0.32887138828188,0.23755151875269737,0.25623896855982536,0.2785601345917782,0.23521046016074384,0.25971264075478473,0.24464454727080506,0.2297512464087859,0.37684369460553435,0.2840918194993885,0.3350981592779333,0.22420397631794395,0.2735055069981308,0.23508472596728222,0.20371871961062346,0.24656310850108443,0.2508986296991649,0.23942007572230703,0.24633532514718431,0.21982776845966273,0.243686795811221,0.22030323760947082,0.26155129363235985,0.2819658903037878,0.24498335460963475,0.29003746468338026,0.3170353944588872,0.2568682850559556,0.2739246848880053,0.2830391916460747,0.23536907081282119,0.26903867489182753,0.25674677393674467,0.28444170450357253,0.2551987081548904,0.24902065336987617,0.24144296197241577,0.25618228262192466,0.35257297640667534,0.23360018144506559,0.23579601168963718,0.32219165481853046,0.239118006810452,0.22942683637986377,0.23908753291696752,0.2648777757346307,0.2372783158459104,0.275478729128466,0.26124561711347283,0.27556342572344666,0.20161901705647398,0.2601251619680375,0.23057058361799623,0.27870218460533785,0.2680014986944357,0.32291539784898654,0.2571175582611934,0.3039515950726637,0.21773694841461297,0.27441166049467464,0.28801520052235924,0.27751551299070726,0.2873262345879878,0.27118458092819603,0.3368220461596833,0.2773883032742849,0.24352792288028616,0.2189204219242236,0.2429025729553668,0.26567821401622116,0.2951375404666846,0.273618085648732,0.2778320926414552,0.2591133208244228,0.23591652218270087,0.3097811730569815,0.23466949983906535,0.24772766582479225,0.24764693748949768,0.24928898299228786,0.24204794532573645,0.3260393260955393
0.29873247034125106,0.3744805413279651,0.33062098913772514,0.2895097527674329,0.236965926736916,0.0,0.2734784914815387,0.33014700063162716,0.25688473880940926,0.2931105696077933,0.37875244627468335,0.3723118463750651,0.37438332092864507,0.24069636242443374,0.2978485230250963,0.37446891459431364,0.33613618259144507,0.24539484657849053,0.35456250039208403,0.30117517903001495,0.3684162631612029,0.3593701181721265,0.23749915782261394,0.28887744688000233,0.3815914428933007,0.2605100038589751,0.22726927361422988,0.2805094562845513,0.2679348625277607,0.26298761864445874,0.3074718559405143,0.40616465703069826,0.31275317625706667,0.28296153274619357,0.27427927513884104,0.3067768676137144,0.3361711219123059,0.2786378399760826,0.2957202757000195,0.2697378698397378,0.3031413876888265,0.32407249416124295,0.29017280778556015,0.3531434896015956,0.2993142778339729,0.26508848399327634,0.25974252913852447,0.32935574652032545,0.268729712553061,0.2851374444974421,0.31358549475771985,0.3357737169641288,0.2468340864303864,0.3789844415709732,0.30302311709148183,0.3152954492133013,0.28694989904304097,0.4026595855779969,0.2527782965384811,0.2644226745402379,0.35849386933414223,0.25843485684045103,0.3461690159814429,0.2291740613201246,0.2387111087018591,0.270148826051827,0.2743915759278972,0.31298505320778963,0.25190697288817776,0.3025284176555944,0.29860155429553337,0.22707962324005737,0.27214956280977626,0.3412818914728291,0.3581456203376815,0.2469731120998654,0.2982341501072348,0.2895663479383135,0.25037656268507347,0.2664973793935485,0.3694535428799587,0.2741774079783833,0.3322838067610896,0.32771458203314263,0.2727525693328796,0.3161115761070259,0.31157734986065094,0.24289126640808986,0.2870549456514763,0.27314298360246664,0.28555374542526535,0.2811073167359004,0.3234854984484971,0.26019976638857345,0.25347251082116906,0.36225227268723603,0.2631492449367968,0.3245088833845322,0.21637253518428534,0.2801286007552061,0.2541894541956472,0.271738448723379,0.2409782762739972,0.25902085710455525,0.27599545131836023,0.31793827280260545,0.3197647932242934,0.33748244714914155,0.2673870471112388,0.37811891190686076,0.35386666160635066,0.24471311088734185,0.3410692980284822,0.26759512304562155,0.27043618030498795,0.3122047174291953,0.2992308667180406,0.25488817194789504,0.43451858731823784,0.24845410905050674,0.2502283616129668,0.25524422298302807,0.29278792077321114,0.322671611789353,0.2476792975762032,0.34235024923512625,0.26314957493518976,0.29481496289050174,0.33507671815188905,0.24725198768531223,0.29031820911987927,0.3842186597436779,0.24913903192752357,0.27892358031008463,0.31991300121206434,0.25563510242689685,0.31783248189354246,0.24917479585999028,0.2845392885881797,0.27368682823506896,0.29169519987553916,0.3381626941226101,0.27062710610767354,0.28584435803536423,0.3257086524971049,0.2680089897697635,0.34008701982923095,0.3224352466351283,0.31624058136089234,0.25890347829948424,0.26841120042435423,0.2952295683862285,0.25261260480417835,0.28471975787098625,0.3834122914730592,0.2928704693488265,0.2964174036224601,0.3830955811437312,0.24377843837768104,0.28599788695249495,0.268806973914875,0.28379063008273897,0.23149116794494431,0.2907662554415734
0.3054709691746267,0.3180155095343712,0.24078986844196895,0.3448041688839468,0.3200697504735929,0.2734784914815387,0.0,0.2641356351371082,0.2584463500357807,0.26981951587133934,0.29526390442100475,0.338286714825542,0.3091363678717414,0.29408641671199415,0.415684718068689,0.2668371135605983,0.3138867028705178,0.32163715262268067,0.3194442957294118,0.2748055687537182,0.33447950735105003,0.2994346418994805,0.42317777429672027,0.3640087698487895,0.31893684197494065,0.3023700543851355,0.283355895704923,0.2871403664633132,0.26748084016296075,0.2985888075563442,0.321185810631815,0.30074602480580603,0.3774296956986781,0.35170584088687457,0.3124462098974582,0.30092131645393716,0.3577160062866495,0.30103193341527124,0.3029017290685655,0.39521233220072816,0.40541268251185336,0.3311302967323802,0.3424734459710226,0.3632149190335979,0.3227826894571698,0.3333407823180012,0.3434198465144697,0.2695042531776075,0.451573691291316,0.30627195231796667,0.39406458934347816,0.3154931702995261,0.29211529747034193,0.34677798941942495,0.32970472761568675,0.30925805692873654,0.3146495680168801,0.29882087449632116,0.34706265288319077,0.31856696249811933,0.24368594496000684,0.2629417992739191,0.2904161733832177,0.27078199790926,0.287570665244857,0.25772597840983497,0.29736039008704473,0.3285634707814849,0.26376735534739665,0.28199236185444687,0.3261297671810567,0.29618185700867206,0.23964603114191302,0.3648198306998138,0.25023291766946143,0.3000823733924338,0.3468518668349031,0.3844488909911552,0.2884599152908371,0.24700036053054664,0.32254847406774356,0.3101111159515857,0.35081173613901423,0.2534558104941321,0.2861152535273334,0.3217728798837958,0.26181998674711576,0.30311145437716003,0.3097791014917759,0.2827706485651384,0.34112856693165144,0.3965239329206971,0.34664321230242345,0.2909901903138683,0.3025766123023065,0.32023766821854893,0.23530415672953187,0.3458105417034459,0.27056145134461396,0.3185150788077607,0.3050017741388372,0.2703140582530871,0.30804080699843567,0.2788839014412932,0.2766832874626726,0.32336512623663366,0.2814861902498485,0.3104798370848003,0.42168396730401964,0.3148006396380951,0.42066699554380227,0.3007342497405314,0.27043839015689763,0.26509519479769333,0.30575123644646723,0.30926000395062203,0.3230271764457363,0.27768314283606377,0.289954318047213,0.2605247603559501,0.3061408894745603,0.26421894796386136,0.2712743308886301,0.4088709323215189,0.24898253180814126,0.3192347861457841,0.2524806472808822,0.32531048748884034,0.2814519873142986,0.34252503029496256,0.2630664085109353,0.2595436517991716,0.23066618812334092,0.27238264663321476,0.24928840179043693,0.31265386173755905,0.3149346562197098,0.3845479162234795,0.29718012173070657,0.3558154372987444,0.2998116853227504,0.2850584957173118,0.34282806766474555,0.2796692755538771,0.34360802176840244,0.35738234110686257,0.3418793590421345,0.3468182334982506,0.2694179393540839,0.21820198620227524,0.2933020188813437,0.3440747367937646,0.2933270764832129,0.32624945199313427,0.3811231995607671,0.3212039960106244,0.3096714596228492,0.37189738028206526,0.32357557965333356,0.313006682877052,0.32251213551793984,0.29469726881908614,0.2848764948668189,0.31788107558730305
0.3023146990569187,0.3670320244739614,0.2957774204611225,0.3243831294603777,0.23734611734710484,0.33014700063162716,0.2641356351371082,0.0,0.31532914415109903,0.321149786081795,0.29947126210411573,0.3066547787942163,0.35687900014514384,0.28734298936134983,0.31599366600128137,0.3406695510855603,0.33968985357762005,0.3093670848891021,0.331939043641313,0.3316264844417271,0.35746828546950793,0.30241391179891464,0.29422117265379116,0.2672939404465094,0.36759666029098725,0.26836897719547625,0.3064496299304168,0.33260601355913183,0.2276386930579247,0.26219654042588364,0.40663561496299416,0.3660154011333258,0.32061958235154125,0.3288817491778544,0.3067899503195358,0.37270494418880473,0.33383189757185544,0.36377554252945316,0.31154156332347177,0.3054018577523302,0.3042879941653063,0.3132257613266366,0.32698878607857496,0.2789819065381593,0.4520832084891108,0.3189534951525366,0.2649264149406054,0.26628020501804667,0.3277486618804171,0.31449018137085993,0.3193046313996601,0.2776086226446423,0.2927772796709451,0.3208861179572654,0.31493100440780114,0.3097740843349752,0.3115431027711565,0.3688748814461325,0.3450408833768335,0.32315449987721684,0.45937005391362323,0.27091613029707406,0.330371595986722,0.29646536120914146,0.26901326800309283,0.2960048126476126,0.31985413904497445,0.2859492443420384,0.3458359393050693,0.47690643026382046,0.29735280771892114,0.29313125676689517,0.29019112261882435,0.38291552871703344,0.4225852534513821,0.2742943602116643,0.3418080035260227,0.2944247324847363,0.34627461927696185,0.21015567615326147,0.30030311914582547,0.31909837817827413,0.33602054190897457,0.3871439586142834,0.3320236635777917,0.4138451234350994,0.419188569423463,0.31369903405125377,0.38544449710477235,0.30910409377306153,0.27485761510792256,0.3048908853876675,0.31778114369632215,0.2676435620586478,0.3266055424749478,0.29971818968631764,0.3359862839728335,0.35527342038607973,0.25286529390702545,0.3567729448639083,0.29198694539871467,0.3875129155755312,0.2726421311467056,0.2875642007592507,0.35797632422392245,0.33413847042127465,0.3524573178875685,0.39053153839705035,0.3022457461122845,0.2945537384283007,0.2918619610225848,0.29702398945955694,0.32788026713347734,0.339431197569903,0.3212283358051487,0.30583658687266874,0.3430990753930029,0.2618691711243214,0.2857392413862733,0.29248128455161304,0.2582635499608884,0.37141354878711735,0.275814510432995,0.30747482080556643,0.2504012076195505,0.2853346217189777,0.2851877956997055,0.3648780788814834,0.3394479606359751,0.30728170383224684,0.35682882620278933,0.32980760209418997,0.301769419288332,0.2895151967896133,0.3147861866247821,0.2450696160212483,0.29234282987042554,0.2864041864822229,0.3641448243751361,0.33999126173771715,0.31010673464164845,0.3191255777743556,0.34979063350268064,0.35555774645046273,0.33730025383994283,0.30761627843317546,0.3438014273001907,0.3302681505800385,0.3504957129256422,0.2619780217928976,0.32559969613085704,0.3537785004659791,0.2999466102951797,0.2868765347989646,0.3954068090720666,0.35557812435019787,0.27289955866942417,0.3309394914001311,0.24530623637565413,0.28349249285876527,0.3191814565074141,0.29051729580068547,0.2864549754824156,0.2695737672443839
0.4266488158513708,0.2790399045635695,0.2404258707364451,0.27686051512144827,0.26058994135339003,0.25688473880940926,0.2584463500357807,0.31532914415109903,0.0,0.24004790663479636,0.2607118453073561,0.24766650875858867,0.29115717074345215,0.36914546648043206,0.2813814709465578,0.27548481183100487,0.2982368328924107,0.41647230561596865,0.270173072355655,0.36081994622405006,0.2856439797945211,0.311047831586,0.2767010623872905,0.24708228157621012,0.2892165223652323,0.2754778993687923,0.3171815737189408,0.3132172816277297,0.2012397551154555,0.3150461132286728,0.3521382570119052,0.30337488980312677,0.2666248807990402,0.2851634054588217,0.3646974580299149,0.2894552964328109,0.2843034495806455,0.40519206921829426,0.2535130399739968,0.29252761919967846,0.25856279957950695,0.3624242383277338,0.2921261633675861,0.26576761153989953,0.32135279323738586,0.31884233526032313,0.264591841277417,0.22754183656741372,0.30414593848134824,0.3385783713304731,0.3045339627207633,0.29499629580694264,0.33008464766476037,0.2545881274650064,0.24677566403087597,0.3501718167158172,0.3605150554064848,0.2819657256443402,0.3124145262698617,0.3068196792222401,0.2612188556313128,0.3206047684769927,0.3046289101129107,0.30132348641133294,0.3602329804794169,0.3305690572898247,0.3462664711433675,0.3056035146596862,0.3079373723989195,0.3406153910436741,0.3838773492110621,0.36344141460033214,0.4018433549601066,0.3044749797247285,0.350337031787344,0.3270144364033718,0.2533165107462805,0.24101298701833507,0.3440567611346088,0.23988010962694767,0.2747189555608952,0.42820878852336386,0.3171993199788018,0.30304364815241003,0.3807546355619746,0.4016010558888287,0.31460222485649814,0.3918108234684672,0.3520144329742352,0.39421695455083794,0.35920099976366654,0.35765067292407654,0.2779093582951827,0.3187541477943054,0.41012404161086763,0.26433799949250963,0.30664089536676503,0.3074136945576935,0.38483449268213965,0.3366426453910359,0.3152949180085678,0.2432023930542992,0.326838835205221,0.23671271931803128,0.4348523610272887,0.311582994362776,0.26057840480788014,0.311012167652969,0.2797929345194789,0.23459031927549473,0.2507091690157029,0.4030753740050856,0.33729042646447294,0.39335309765242926,0.34496257929023944,0.33891503569502857,0.3284610928721587,0.2518644391273873,0.21970787530792438,0.3740668326851937,0.32909513605928364,0.3066441089498986,0.3218371373045552,0.3040884783766061,0.40668357815746065,0.22783424697537388,0.3262420058149327,0.25532443463405363,0.24456678250821354,0.32839832752419224,0.4126449796349581,0.3101921925321791,0.3164863975605122,0.42151299880547444,0.2698769424219449,0.2844678014536582,0.2811425212295963,0.3062565172246312,0.31387265570148914,0.33581884804803214,0.2702466777019257,0.30629659381372265,0.3723139495968784,0.3616685225579933,0.30276758515910157,0.3679770997100623,0.3595513683677636,0.2554535093565278,0.2880928419390889,0.24682929395365993,0.38783970478190666,0.29580036119367425,0.3031386692810129,0.24113699309684,0.2828368038125387,0.34697901100107004,0.26855986186785674,0.27475556207783436,0.30141030225869636,0.3175051326086541,0.2602739831209641,0.37988771120236076,0.3408317023969967,0.362681786919276
0.2656574026177392,0.41571695737333814,0.36541898208759493,0.269745208758394,0.23095666855972663,0.2931105696077933,0.26981951587133934,0.321149786081795,0.24004790663479636,0.0,0.277275181649928,0.30755034152090815,0.2931988163807689,0.2720790458877932,0.2661929453143722,0.29372961157586774,0.29681158965475807,0.2920326925532794,0.2933966069491348,0.26520262022880736,0.2837041118210071,0.29616024730600005,0.3087776964928354,0.2519064876034293,0.4004435111691845,0.23039361957467755,0.254335760483763,0.28804751728066874,0.37899467455433555,0.23006032967754877,0.29911537256043447,0.32338102128165436,0.2489713272521143,0.2827314354236381,0.27750133774986807,0.30020987212312156,0.27962616592942063,0.27707636978207306,0.25405937040892657,0.2849733326215497,0.2571718831095839,0.2890485220778511,0.25289915522220857,0.24951014966475596,0.3069526196717017,0.2595911583697995,0.24470212662708657,0.2659241813892361,0.3348719211634938,0.24207396340542206,0.25970686496614204,0.24170253160124816,0.2516611394385341,0.3028710397125923,0.33716821184509455,0.29122788973569635,0.2548446508950082,0.2646231571075341,0.31132918967644074,0.2674875387439241,0.29471777489806017,0.22247482310182312,0.24098231028675043,0.2550516749731224,0.23406668562356422,0.24044617473260801,0.25373212500213466,0.2498752302328866,0.28057988974828424,0.313324512968932,0.23703469254114728,0.2726455970694012,0.23416734897933542,0.30407995838190555,0.298841776454963,0.25996908305494626,0.25433636810652943,0.2962098166693577,0.2437157107956875,0.2126270307555149,0.2849370658724065,0.24987359912808194,0.30792738384575347,0.29656429215366703,0.2646738375401243,0.30983310179837154,0.25990199273390097,0.2547489779865645,0.3023924429218271,0.24941282307105464,0.23924319052760573,0.26001495731353064,0.29419482275740955,0.23476893692772077,0.2770490891311058,0.32340587781214897,0.21919022277240607,0.3037589926351728,0.22950728243423824,0.2963888661846909,0.26452235682690484,0.2588724015189962,0.22952263465902656,0.3455445300256468,0.24901946894203075,0.25696019027369377,0.265710028460828,0.3891834469752563,0.27577932971691715,0.299374458729151,0.26618619361884965,0.24536899226487338,0.27240994242260885,0.2724564303327961,0.2630009521993931,0.2770294121677122,0.3073179186475837,0.33891861250041394,0.3095966511280114,0.26287643305152997,0.22849414051558567,0.23990845716109083,0.24333877464531561,0.28246893392300354,0.22502564838683908,0.3562068956087987,0.24536054288115866,0.25622456779688757,0.4042322197365553,0.2679503278053009,0.31186219647686714,0.25389076594792964,0.2323826597227927,0.2416539362726801,0.2688104366116517,0.2300565977311475,0.2711135940960879,0.27008393923557883,0.32653718610258664,0.27036607008574437,0.26516098518552816,0.30438701270205193,0.2935882429291856,0.26254654844249636,0.2911321210456179,0.2721630575896109,0.2473696434425707,0.3154592025169301,0.4876952148882375,0.2582794584035405,0.23826161522723818,0.328307186631675,0.24916660579776803,0.29277854415752086,0.3177695897882164,0.2710761949102812,0.23625871915095803,0.30572904048146926,0.24239298893672043,0.26686324407806483,0.3401155521721872,0.2750124914486455,0.25427216788499124,0.24194269144528482
0.33238357044204453,0.35456443850545816,0.34250682157212325,0.2841717441964587,0.2846319543912873,0.37875244627468335,0.29526390442100475,0.29947126210411573,0.2607118453073561,0.277275181649928,0.0,0.35307883740614954,0.380056424685847,0.2740713981944477,0.3125456130585418,0.42776617503574704,0.3735544304671407,0.3093914827447786,0.336071573920373,0.3068499678690922,0.3593020382424973,0.44090342026591267,0.2797133437549106,0.3335130747244259,0.37448867003734077,0.29381988569795975,0.272603812927835,0.3240410032681312,0.297569974367781,0.29656586673846347,0.3017430663684068,0.3654183724318751,0.29252828498570743,0.2760069705961525,0.29459698618394314,0.3345652702163861,0.38127879215940125,0.31626123750822027,0.35493642673831743,0.30480667744420165,0.2984610872753005,0.31860749058406684,0.31871333964661863,0.3496953552053346,0.31819959167199136,0.27585141505619093,0.2397981755816571,0.40723076736996144,0.33561433534803903,0.28461198057875736,0.34390433665079023,0.27939773041871846,0.2475554366103646,0.3970908051580219,0.3869505382710481,0.25244714872868934,0.30800734254845374,0.4010151159040197,0.2931168108942582,0.28646570322794723,0.33581538636100655,0.22638443663942912,0.3353090902971024,0.2558206218648723,0.22955733449828322,0.2584583913651362,0.28991536754009706,0.3156553025563721,0.31840141181668946,0.33135094658713443,0.3093980119007311,0.24280114525899754,0.27460256732198657,0.3642586274786686,0.3501634754499516,0.2529597758380163,0.34782140574483955,0.3142570058008889,0.261669127315908,0.2319736826633177,0.3068085164362386,0.26068278683720875,0.329707420080993,0.32047242044825963,0.254483471891471,0.30741958102215516,0.2927683592869666,0.25861381322120774,0.2633719813765509,0.2641371497458481,0.34340641736761107,0.23687857256595507,0.39680546211947954,0.27269354238503163,0.2648205281164149,0.32782366063405527,0.2423685944909125,0.24861634900625176,0.2142739564100314,0.26446534831495344,0.2898291088445248,0.2892845915226178,0.22928059607538798,0.2414349633911167,0.27743748759281883,0.2810683539244746,0.28157022315049823,0.3266974357814593,0.2820458490850202,0.3785791451907533,0.36860971733791587,0.2555836816590758,0.2894260828474104,0.27352478770371097,0.28680536352674113,0.30994168698623376,0.2718864281232713,0.3051884135078046,0.3470761975174424,0.24446751066509217,0.27941482054247146,0.23007498283512157,0.2671068159992114,0.3489653475407384,0.23352987443797193,0.3609593507576488,0.21947377787479813,0.33010716459007344,0.3136778946806391,0.2711055302256395,0.25867695555272585,0.3324365798519542,0.2656687594763621,0.27530210118423454,0.35754736267008724,0.2624928532318652,0.32580646388519396,0.2757270372598351,0.33529859388140104,0.3010889874250865,0.2973686441445582,0.3302505238562591,0.26164713150716323,0.28889319343839026,0.3658900588892221,0.25252596941384914,0.3135087714229942,0.29987291306096,0.2997212038785128,0.2585511985740567,0.30787457270937757,0.288682498122646,0.3489514695654878,0.2911497066224116,0.3205202912724838,0.31708566959760665,0.322919000064442,0.32653629611623036,0.2603436501214504,0.2767770964901796,0.26039051965054,0.2749553443542855,0.2147545362360557,0.3679583115039745
0.26966402127330324,0.36632860730938743,0.32948758009799106,0.2921779510614119,0.2443215634572187,0.3723118463750651,0.338286714825542,0.3066547787942163,0.24766650875858867,0.30755034152090815,0.35307883740614954,0.0,0.2739363637421768,0.2150273482451069,0.32388049860719176,0.31928160330265903,0.306799489705146,0.2505869547476731,0.40474267050432133,0.2706217884762861,0.36739462822545643,0.3447072053121463,0.26954357668936324,0.3007317797938013,0.37523808409643583,0.25160840284260216,0.2415850584857505,0.25288386131658724,0.29137749607570024,0.28736149852741755,0.3273815574112736,0.3427076868659238,0.32289864495336174,0.3032059946705422,0.25039879804605475,0.3314361020822748,0.3118734534481821,0.28090909164690386,0.3948233867268792,0.28460308940803924,0.3350830038942082,0.28043697734149786,0.3200239376548697,0.33227589934268376,0.30241569319269296,0.287160284032419,0.2784173374303276,0.32615389253974847,0.3026184995628271,0.28629552067989056,0.3598938559427859,0.30430542919455883,0.24540568028269868,0.4155757083488812,0.4376356789001523,0.25654727536155697,0.30876073362254,0.3817392906926656,0.26060705001427464,0.28288695955529775,0.26812446356186037,0.23574862702875576,0.30274813374011383,0.23932437559283998,0.2423705281773522,0.2514128034383414,0.23964993260404724,0.2669095401761942,0.24932287743520445,0.2688746584577285,0.277737582493759,0.22824662427181763,0.2234619868066215,0.31819727797644287,0.2914319368992053,0.24066230198662672,0.2967500106435792,0.31282160971583145,0.26309079549736275,0.21001874170580276,0.2792824949617333,0.2840585851553511,0.3233635691083607,0.2450190715974226,0.26582711070412574,0.3030648195964215,0.2467486992600067,0.25790275508353927,0.28715229766796213,0.2593124757545948,0.29515214647148835,0.2908595484438995,0.3545305208266902,0.26464488938590297,0.2462221929153174,0.41205420020708133,0.24580093408767573,0.3015784085652939,0.2126576134270516,0.26223998673293913,0.24537219485413572,0.2897680504617542,0.2634240688721872,0.35571671257824494,0.26377583213635364,0.2942588452738584,0.3051283296398669,0.28462703077897317,0.28733355517883685,0.3446076104267051,0.4228486723834259,0.2642180567443783,0.25267153325316094,0.2539773009862432,0.2721170510651634,0.27693853286464176,0.274136550842752,0.34741955053343737,0.3372881932631099,0.223878049453464,0.24803928932233993,0.24634787889265614,0.23983201089393977,0.3282037665233003,0.20392132760453324,0.4441265892916574,0.22780525596391146,0.33532630045525325,0.37704251263031713,0.25827175623764403,0.24885953352461188,0.28549119303258896,0.21195003270030277,0.25806399729124324,0.302006949828766,0.23430030034653482,0.31653527426824757,0.26961673890689386,0.29381043482714686,0.319517199010967,0.2634189351310117,0.2853730780939555,0.2845350370877766,0.2857708913394252,0.3220370895458317,0.3002098835555627,0.3623255361351007,0.30685440184771295,0.3622715017583396,0.24253731986790564,0.27698114071613883,0.31003458558280195,0.28959102316420554,0.3090275706230272,0.4117499373303883,0.2651242238394964,0.2638341543112842,0.33404508979316605,0.2295299041694304,0.2612779187846747,0.23726483641406693,0.24370014268922457,0.22637820367537784,0.27760978687626503
