0,1,2,3,4,5,6,7,8,9,10,11,12,13,14,15,16,17,18,19,20,21,22,23,24,25,26,27,28,29,30,31,32,33,34,35,36,37,38,39,40,41,42,43,44,45,46,47,48,49,50,51,52,53,54,55,56,57,58,59,60,61,62,63,64,65,66,67,68,69,70,71,72,73,74,75,76,77,78,79,80,81,82,83,84,85,86,87,88,89,90,91,92,93,94,95,96,97,98,99,100,101,102,103,104,105,106,107,108,109,110,111,112,113,114,115,116,117,118,119,120,121,122,123,124,125,126,127,128,129,130,131,132,133,134,135,136,137,138,139,140,141,142,143,144,145,146,147,148,149,150,151,152,153,154,155,156,157,158,159,160,161,162,163
0.0,0.35049797092655316,0.29406893621225844,0.36827832049412673,0.38914036743695263,0.3346534632657984,0.33483933247097686,0.34699113641832713,0.4869237491142512,0.3062955118763361,0.3833960242462175,0.3481188976412922,0.43775748044542284,0.40376672479012876,0.3455088177143085,0.4001483144041685,0.42229794907284157,0.5827530582438266,0.36666314217155926,0.5250352402444648,0.41299321264585215,0.35917356621656393,0.3660529775192594,0.34087491305515766,0.42706716286180785,0.33386476551201727,0.3273009577106534,0.3506582463926319,0.2848106887630678,0.37047614716394783,0.38676338399834703,0.3944311497327306,0.3161495245426545,0.3512064224350138,0.5043967351515514,0.40046318173425655,0.42727397137725037,0.4995875873583853,0.31602309395830114,0.3967838434581422,0.33849008470850284,0.4003053568935583,0.4027841843420116,0.3856966175720435,0.35815477307035476,0.4342766627219907,0.3542623887715473,0.3532220782389724,0.4245353387799469,0.5208504499219523,0.4748271703615585,0.40556926035397195,0.45421806886060023,0.3350977416357839,0.3427694158332099,0.3821448976358444,0.5946831606273285,0.3851125816343561,0.4065128005837953,0.4749074288622886,0.3271420798350521,0.38351315154568716,0.4237647614246115,0.3825879555453965,0.42770503544046773,0.43633989830981346,0.3800181579152417,0.368604378170846,0.3396542864136081,0.42192392331615924,0.4435059160646969,0.4422639931441829,0.48677899791398765,0.4336225882147703,0.4047811813645188,0.39982150520597237,0.32166867256771553,0.34722494005965976,0.38459820141529133,0.3328403607753447,0.33469806089120385,0.4471834174023042,0.4013853886078026,0.38304792864375975,0.46847433814862044,0.4504840109642459,0.36986253500947186,0.5124122425496729,0.43091891388893017,0.3978535011616723,0.5511154360635245,0.38010204537010833,0.44657511110837683,0.4625999158725461,0.4630398376856166,0.3151076740762299,0.289784720877503,0.31840806593339793,0.4028587699902767,0.43675545257047765,0.3924844692826962,0.30895797742132025,0.3931938919440705,0.2893347507874614,0.5169487187238826,0.3778527444702592,0.3622879689689799,0.3957863806598518,0.3677084039858605,0.34881348844799637,0.3775179463009073,0.5285806288405102,0.4538648865997873,0.4282840817132135,0.48101078954921384,0.4519015764351908,0.415125801307718,0.35909197285854,0.3218765021692314,0.40877043097285093,0.4590786791524273,0.3443671717987381,0.430535315409924,0.41223666590778124,0.4055237282817991,0.2988865157014252,0.3973350409654893,0.32007685034705424,0.32001748228041055,0.37102990494324295,0.3576360040896514,0.3554982594328468,0.40794804841424875,0.5038496281964304,0.3446264047526824,0.35237556613122023,0.4059137173579429,0.3905026182260717,0.3482814188713998,0.4608158460387556,0.3110925272249539,0.4118226246679873,0.47610530684044733,0.39476467177483876,0.40435257821801895,0.47126722092413187,0.3952648229925008,0.31863657749707697,0.3532530985772468,0.2909377954966133,0.4947921166645035,0.4027489721871675,0.44353609393008925,0.2847311091151869,0.3782713810436092,0.400295963831856,0.35933834176516044,0.3648241608169956,0.37567656697193036,0.44554623558328815,0.296881760285123,0.4843199523266193,0.32269707202558834,0.6359789212746585
0.35049797092655316,0.0,0.37080412344050206,0.4036437880623463,0.34984069729355133,0.42174322896521693,0.3829369302142046,0.40210301121011893,0.3017528057960483,0.48734888782651226,0.4060445530933512,0.4001234122818311,0.3930305985927174,0.4154241256104206,0.3771046425180346,0.35740234717840014,0.36929269036382917,0.37799924975508326,0.3940638665770077,0.37374684686408866,0.43428692683601183,0.4704182626460793,0.36988281344725044,0.3678823521328332,0.47144479665484956,0.30315777882099354,0.2834116552783748,0.3056989763395484,0.4218985755881214,0.27588712719451547,0.3576791318162155,0.3843155455348686,0.39359708381265823,0.30573843143711904,0.39832076979938813,0.4830819483685794,0.3820514506746495,0.3700816302026319,0.37829062986222,0.3974063413893297,0.4301716629594569,0.3658579777843015,0.33193737920192,0.37581491122703886,0.4200239307386595,0.34914483696701737,0.34382318410979607,0.4055909910916642,0.418406349962007,0.385013812396219,0.3882373126269922,0.34551187620241924,0.44810039874048235,0.531267129596086,0.4351017947503645,0.3727676281492609,0.37404142216783787,0.35367698679666426,0.5146121908245388,0.43950542545425964,0.416031362880322,0.31104382002538317,0.34106532577563303,0.3673203181752369,0.3476211328856186,0.33362589417545147,0.37693696842767527,0.34623831959914814,0.3318797855236457,0.36722370224167394,0.331529474947592,0.4023038286440839,0.32379001187729095,0.43882878542980147,0.37258142934464433,0.31873128096851183,0.33496206649029453,0.45332759457924243,0.31599429836446463,0.2817187333414062,0.36160835071784775,0.34680368857407307,0.46431612930741,0.36956512725358326,0.3626280408388323,0.4246510713178284,0.33669788224378283,0.34777525745942967,0.33248349636328123,0.3657813401475953,0.341810730448514,0.3643532516554623,0.4397353212181021,0.34090870927798345,0.4148899817193735,0.4286413666053898,0.3069072936723437,0.3481866584262655,0.324100045692715,0.37408631829469363,0.3829604080158019,0.3109281619609568,0.30406846075354843,0.36805732388531276,0.3533404287970825,0.32801581399596214,0.35538003346922475,0.42577795291276904,0.41454763594286337,0.4852326401348661,0.37542124985485315,0.355044251855039,0.37927552490676814,0.33277271671607517,0.4080281843320035,0.36364240823386423,0.37252840297962914,0.3277175617792963,0.453398153274255,0.31747149641826505,0.3588750569306742,0.29920073866440233,0.3696354062442457,0.37881316106853796,0.3325307748104468,0.41456448117473416,0.34813535609235763,0.38621638275023523,0.49047111031945717,0.369115221509146,0.33252838655119393,0.3249347857460919,0.3175812854697155,0.3675458809922316,0.41572096959442856,0.34551391101058876,0.36814076508507815,0.37327819917385646,0.4322516247308274,0.3641384896914369,0.4032076185950285,0.44312141176670905,0.45587466183050057,0.388914546071431,0.42416973561715343,0.3441600417111819,0.36646868953017325,0.4045004403284536,0.46832857348656576,0.3232870662662249,0.3125291608510309,0.4903875751235657,0.3504612197433315,0.44597270685573726,0.4106596147476213,0.38007897386956524,0.33928141751371504,0.3815664190251144,0.3564187491648986,0.31187435630800253,0.40216713844909185,0.39289911689882884,0.3126482252340708,0.35706292361239106
0.29406893621225844,0.37080412344050206,0.0,0.2992701189297362,0.3123176245470439,0.37600875136650574,0.24853700043703333,0.3459794626183351,0.28563774732145275,0.39447471638959186,0.3909149580749065,0.3408519015163828,0.37353244353190607,0.31702442966169253,0.27538898523093686,0.43093701133763584,0.3649349926827947,0.31815216426304777,0.27475606752068177,0.289673081073181,0.35205443676962606,0.4535255687346318,0.25691620017148264,0.27322928540398345,0.3147894369405989,0.302439920505527,0.2742292278231498,0.28221030535449976,0.3342604810981911,0.27949701227009954,0.2629949373227988,0.33764423188706577,0.2869919853086434,0.24103886904951807,0.27991368766766234,0.36874419461703895,0.3070451693496049,0.366663862665454,0.29458408263180824,0.2796593028047969,0.32317411411069025,0.32914285408084004,0.28269784039065454,0.29167946790526195,0.3109956415451541,0.28879011316110825,0.3081008875277176,0.34952104559727465,0.2781928808522692,0.3259336748474641,0.3042453504743006,0.3172047752254324,0.28198232008583235,0.35617639570309767,0.3442891798171522,0.29347360301680614,0.2841773072386518,0.37692190773410744,0.304494536452693,0.3091092342471019,0.3253729609491327,0.29293006734052435,0.34820975841390384,0.32563328005011555,0.24956806200561418,0.27272762897145136,0.28706474699833323,0.3242792957377132,0.3478000887324949,0.336378845297473,0.3025759589441496,0.2667995122353907,0.3207045429578533,0.38215239321271616,0.3871862904196289,0.2281581997551587,0.3046624089714182,0.32365723127193796,0.2711793072487854,0.23583600812109584,0.3263749580592224,0.277408328570138,0.3422486050546927,0.3879248140436485,0.28092068185056185,0.3715237013405902,0.2721983572023267,0.2657172723479585,0.2823809522188643,0.29179235767596995,0.3286142551152524,0.2444290807503478,0.3418924310627852,0.24336491003813968,0.3004127241499741,0.3393693661732144,0.27283675578398625,0.2851968027549804,0.25774291869077715,0.29134022274677207,0.26330190563814637,0.26650038470974463,0.24775067676113707,0.3203529455784269,0.3105309755350796,0.3332798994515504,0.31183612465242333,0.34096834654601954,0.2915683383114617,0.332068696643069,0.2770388467531119,0.28128798660535825,0.3079813505790677,0.3168891365794554,0.3021133566237063,0.3427303429744307,0.2587957428531577,0.3208938979280778,0.38809715827552155,0.3168246101821569,0.30297614012664376,0.2746720625780698,0.269102859822747,0.28751769497956886,0.24264968005649024,0.360919318338858,0.29891880744731963,0.3192127143232767,0.39230875950736166,0.3017879166745315,0.32161008683422504,0.4139063842602893,0.2634919221228859,0.28611821629786,0.3206479383975049,0.2630906300809152,0.2811049798978967,0.2584063621882167,0.3131326764453088,0.2799861242049549,0.2879298373883558,0.34462820268344146,0.27942359040711656,0.34868081735091805,0.32111176872925073,0.25779579143631354,0.3547614486147032,0.3204633182364659,0.37499585851227324,0.33252545861714805,0.24109363143517545,0.27568834705512124,0.3057598990591386,0.36225849454092535,0.3201310266799541,0.28135098777163803,0.28723077774956496,0.340709490935562,0.22790970661348867,0.2671478832527237,0.32030585846504256,0.24801339218863205,0.2613070287377153,0.31056042676797424
0.36827832049412673,0.4036437880623463,0.2992701189297362,0.0,0.30102615425186746,0.3711594600012258,0.3880388614779943,0.3830524749101404,0.3099452953507811,0.3400115899811196,0.33401587462841575,0.3404185573360899,0.44324254769905463,0.38502048338621786,0.4369935623153387,0.33230019220551255,0.3519991113006219,0.39274843803314596,0.33361529126327916,0.3537221027625996,0.37933228126348645,0.32877015916861624,0.364408144096586,0.3503051564774107,0.38382894117678495,0.3606555914109557,0.3540595663577871,0.32764005316086114,0.30310701792770767,0.27663105927119186,0.3607102127244409,0.35398982160276277,0.5084251699283124,0.3481422718959598,0.36617810696136976,0.3817226050219975,0.4111500400093108,0.3656291952199963,0.313553036460788,0.44757210809229936,0.3927164429844788,0.3335294582797185,0.33144142010917027,0.3461688651940292,0.4141261748311173,0.4297182709902725,0.3035428544229811,0.313865798266764,0.36183014405873165,0.37867624682317347,0.46795489143739144,0.3818306002275493,0.39391938172230156,0.4299196652687726,0.3570414908766547,0.3545142872605818,0.39726139206974503,0.34037180139592293,0.41500582593686536,0.49320772860703527,0.42602927827727194,0.35937416683126633,0.3775614876946776,0.2753889087990812,0.34292777307924643,0.3889769577183462,0.475554725861638,0.3680630872101024,0.30640817109674534,0.3745213674637447,0.35195442368732394,0.3736541817316944,0.33715153301978407,0.5377473284078522,0.36240603842413927,0.3208308047239066,0.3876664711974521,0.40279757338184036,0.35082230401263076,0.28708148377662235,0.32613600361073075,0.3850879775658579,0.40020506837438313,0.3880537351546664,0.3862361833418235,0.4218188379984834,0.37718848257059306,0.4211693365712815,0.43022724189185885,0.38615293306433424,0.35362799187472393,0.36850862941902973,0.3423937784407531,0.34908238501734484,0.37482769015717,0.33557888425074434,0.29848438959591717,0.334534696198305,0.29178549341370813,0.4703723070546803,0.3720126848779821,0.31152997715210196,0.36053130124176075,0.30309148595925667,0.3843145734127329,0.386837911415866,0.3804887509039515,0.332457140495642,0.42779674566091713,0.3390465532866134,0.3624254251810159,0.35103372963809765,0.450762204724105,0.3722233443431019,0.4416532577452193,0.3928723516221248,0.394906878672382,0.2594734943007496,0.3413350451008937,0.3306382517032166,0.32692230733308264,0.3698538872501034,0.33709664224250574,0.410516599059326,0.2921158043948622,0.35376120503827085,0.3607042699023011,0.3639747198140248,0.34943950562641807,0.4041842394935194,0.30244552856724594,0.3312872090332475,0.3909256089740057,0.3527270316942024,0.3230074141159782,0.29841708088216456,0.3142756276050513,0.3906284962154343,0.35648601437132216,0.38964123233884895,0.4530656637409715,0.3250264528359561,0.4587950498921717,0.3331058036996444,0.3468872233454732,0.3585014657136457,0.36398705887689564,0.36747692108129903,0.30131819246347413,0.24105720356871146,0.3681031711104898,0.3908827183061218,0.32270428826708086,0.3404007483943689,0.3801170116302692,0.4096511811531829,0.39536564608466057,0.4151134741113884,0.44880832643952,0.35487072600501585,0.3516707053024164,0.35619792822755275,0.30968282833294175,0.355175094475989
0.38914036743695263,0.34984069729355133,0.3123176245470439,0.30102615425186746,0.0,0.3132219737723804,0.3363676630560689,0.3040346585718292,0.3616235039665045,0.2977528737852506,0.3568268094055108,0.28274257620494997,0.34249994081888835,0.39930852726602656,0.34777621118195207,0.36005962798126423,0.40473879261435963,0.41238151625168057,0.2766134540933614,0.363416715096686,0.3700513945880081,0.38425179700548395,0.3171252815000664,0.32937881914503275,0.314891434180354,0.28935490546111586,0.2883520025205582,0.29715101544200095,0.2806574295720682,0.3506951516278247,0.33428603874217083,0.30025030324273977,0.30452236797743676,0.2660249991713754,0.48047286688459645,0.3622019377071095,0.35107139905000023,0.40984049542854295,0.30253167843404033,0.318176966655456,0.34773708077174714,0.40155340695999786,0.3410539438327442,0.39920190775583864,0.29668308110826386,0.2989343219503893,0.3715122083321548,0.3558062978859973,0.3590329473882822,0.4135455212412787,0.3600923646310748,0.3309674367584054,0.37500679930759245,0.3146290834961165,0.3000024398537816,0.3188187660446028,0.335120612729804,0.37261542873315967,0.3654455649977807,0.33987451200930335,0.27600534708373126,0.2933636191649416,0.3470126778047799,0.3604176122613416,0.3422752483043639,0.2792417405639834,0.2888615991247537,0.3536977036934459,0.3229021801651243,0.3692224663115497,0.3318789967096377,0.38223808265870524,0.3344916762707615,0.35494804122357015,0.3494816382016928,0.28165872257601576,0.2941488696442751,0.4091368288161503,0.28960323049642694,0.2841854267076628,0.3356793564895576,0.31847668939864854,0.42983022484669187,0.32604728602827143,0.3187162300290558,0.3567275970315097,0.29925827620381756,0.33162116565671523,0.29820064412813924,0.30432884949104827,0.46985653242663805,0.34156826688943337,0.41629013790180147,0.2870873655567053,0.3649022760743728,0.3064251059457582,0.2540752321695593,0.2875301598799756,0.32774655158879884,0.2932444238443422,0.3357495245756054,0.245954568465769,0.28426585201151344,0.26709857278887356,0.34478289383732086,0.3272395967584094,0.2905143394205812,0.38567591336077633,0.3535570697325688,0.3283138057864635,0.3082373695621254,0.34434405718829847,0.32286798837567154,0.365730604293915,0.33487651903394694,0.3727282723476484,0.31200137318733057,0.29094693479355965,0.31718835971801834,0.34931975741515486,0.4764889321264067,0.274562081831518,0.30717568522852073,0.36501261585238565,0.3416237717933362,0.2730199192858688,0.3033058845034364,0.3077393709716979,0.3039585038608023,0.33568259198975303,0.3589870123716836,0.33599390318842287,0.2814845751135349,0.3533594246382297,0.3070982962236578,0.37556533917313617,0.35105764718692245,0.3779235971864554,0.30177739873862586,0.34381540424624757,0.2942320065579567,0.38235413908635413,0.35788729230341576,0.339018485725964,0.3682866165927674,0.32806916470692715,0.39800349100912835,0.3196511647793406,0.30888197600249934,0.28018585720560274,0.29764698783012994,0.3509373046691902,0.36714957729208314,0.3154368244361314,0.32310275522656695,0.33872523578379427,0.2906853640259573,0.3698896648559582,0.31166826155929966,0.29716787293551805,0.2990867766506338,0.3421633108568503,0.2766164124852549,0.4436672109677223
0.3346534632657984,0.42174322896521693,0.37600875136650574,0.3711594600012258,0.3132219737723804,0.0,0.2975202151592138,0.41924085924748206,0.33367063701930466,0.36759218912420044,0.37724890138319417,0.4228791628107622,0.39250306278137675,0.302635147993889,0.32612531948908435,0.42115149657826884,0.3728047478663751,0.2973225314512471,0.41735867895795725,0.3472811465102315,0.4728061605405718,0.38995258749589884,0.2700327867474644,0.28934829826673086,0.4415840206656526,0.2975439272863905,0.2578591032321149,0.2864759728837687,0.2984546895343422,0.3129918028060972,0.3575582808744721,0.49479235753257755,0.35569132698592276,0.29920953106982384,0.32587914503074294,0.41834055433519884,0.36438333489375935,0.35142464110780364,0.34240980806655635,0.29859878146547125,0.3435426193050333,0.40449498796516714,0.3633995964220905,0.395157832114985,0.33498487607446253,0.3130028910963326,0.3218995005494595,0.386493605049227,0.3061075950551389,0.3878436831952713,0.3939155395306,0.37949189050845433,0.3401464422024731,0.4478548926552057,0.355638725563628,0.38353600499417745,0.35571005919277304,0.4929894849006747,0.33484153176373316,0.3343194350763351,0.4095955678245739,0.3814763077067928,0.43779541456191384,0.3043900211117356,0.33031323292350045,0.34897956109995004,0.3280639506836187,0.36023290776249717,0.30748606481405943,0.36917476655730297,0.3505076969209013,0.2943002863487876,0.3562927316312408,0.4244272033160049,0.4369362808398935,0.28189937448995966,0.3526987645053212,0.35315628638516533,0.2983891788888299,0.32038071548964253,0.43416648082698933,0.36358081879137083,0.4085470444607971,0.3866238838013781,0.3861969908783397,0.3679298541378041,0.3948674015380151,0.3407241737058517,0.34792413662211596,0.3265024321735124,0.3638604324984128,0.363821583546003,0.39068207978723396,0.2985130669503522,0.34468785800604196,0.40139899286754394,0.335722418752416,0.369741660715832,0.3074363289594564,0.328315221460693,0.30091412935503686,0.3446618644119234,0.33803726931879347,0.3200420205198473,0.38594385464008835,0.36975977514334574,0.4233615057445172,0.3862294485548273,0.311557539292496,0.3960774632181748,0.3879836835628332,0.33915970021816544,0.45313833260475933,0.37896741107097287,0.3348178146457022,0.3327813592141,0.3638569034523676,0.3059760249643589,0.5129094158543757,0.32135936424618017,0.3189015358055901,0.33956907631336647,0.3522193221524969,0.34755190512701617,0.3179832714163631,0.3518419027556565,0.3975843260923994,0.34284260718686266,0.39882361993028775,0.29756043923381237,0.3674483647316251,0.49584264800022176,0.3115661996782179,0.3576268281527276,0.37553588362924323,0.3045899770003572,0.33606007851974473,0.2824498052898131,0.33390325816571126,0.35822335750202866,0.3568183371446095,0.472385924480233,0.3518579238278886,0.4102574231777247,0.3903238847509759,0.34284121204912704,0.41168735339033424,0.38850419556731036,0.38764641385547527,0.34489619504457614,0.31642085066670944,0.3935061670258315,0.30209790865952846,0.35300347299874235,0.46343156492482196,0.3402785576979795,0.3041775718100809,0.43309205216091373,0.27402251223738155,0.3496741080508261,0.32391711091882247,0.35335262003451867,0.31787299449776185,0.33126704186357797
0.33483933247097686,0.3829369302142046,0.24853700043703333,0.3880388614779943,0.3363676630560689,0.2975202151592138,0.0,0.2823319636496065,0.27275171018192884,0.30544140576623174,0.3354879446897011,0.36354661850319825,0.3553294074139126,0.35648936299804207,0.43816585585207085,0.28963260330085977,0.3218331392698801,0.3468481574896422,0.35067276314772355,0.3156371607660628,0.3443444557352979,0.3139164022821968,0.44570128992742397,0.4352270949117586,0.34552843392662874,0.3275767790563414,0.3048273902091089,0.31412106386241034,0.326148790274767,0.32061123129743735,0.3551879242853704,0.3356908394848315,0.41892570881062685,0.38124835937667056,0.35294615114378197,0.34047078142563875,0.41447005413702126,0.3174530961614066,0.3488240780543156,0.4147587770209485,0.4573306265598417,0.3106932369833385,0.35129479392178703,0.40547934182194467,0.36402635274947526,0.37497974034452775,0.3625495076406564,0.3342165807146247,0.5057651676505609,0.33329301224354607,0.43012288644607455,0.3271163006514728,0.36445229686887326,0.4043417535334449,0.40542305011646285,0.34423684549647676,0.3570971720205811,0.2864863190835209,0.41942464467547785,0.4001692441796904,0.30961756660841355,0.3051659189702806,0.2971787830548886,0.2930445201951265,0.3335973187589093,0.3046384139338191,0.37170357862527126,0.36785575005654286,0.25908836170311156,0.2925031194476683,0.3517975158955613,0.37109933361169345,0.26428411081748576,0.38882708947576977,0.2662915068748414,0.40371229670248243,0.41405620343702076,0.4462508982783957,0.308836030246602,0.33578091996490605,0.3554480805717598,0.31975000122838554,0.4099421901608975,0.29389782129018416,0.30522900440951295,0.3341537287487404,0.29168001800715826,0.3576785056282084,0.3651301802267556,0.3478819799369195,0.32942905625537633,0.4112968942469457,0.4080170358455846,0.4031566970939437,0.3351776118730753,0.3623753178527241,0.27511184550558326,0.3340723931763227,0.29819538810655377,0.3791758035259359,0.4337988622375635,0.2944006821286125,0.32103943187875045,0.2974621192512349,0.3016866261132191,0.33307550270154895,0.31831420360974705,0.3096204437136983,0.4698775053482563,0.38279911060451816,0.46569299769241335,0.32130461373722036,0.31809652278867334,0.2869453878510797,0.36058315897559096,0.3296609680118824,0.3676904931152329,0.30724450918053775,0.3051033729586124,0.27668670262920164,0.340700194059901,0.2890362705030984,0.30804688339034064,0.4767036737353854,0.30265127195966224,0.3818031194999162,0.2823098702116063,0.37332169294062423,0.3141602980316299,0.3899522774769678,0.27232466444307213,0.26602977117202214,0.3099830583320663,0.30827825368843176,0.29946235889951955,0.3778024838395172,0.3919674910317643,0.4127709232577215,0.31012433326286204,0.4122331000604503,0.39676367282787667,0.31532698410242943,0.38563694650517705,0.2977064581978647,0.3962262222610252,0.3451831708006306,0.34049386939302156,0.3994796942152856,0.2835060978632064,0.23137165724057332,0.3491616794149322,0.414022340223652,0.31697445375288147,0.36156465758586553,0.36861945096697224,0.3752157411900587,0.38526073939470173,0.41073131056381296,0.43202117014445246,0.36637949187056534,0.3712381383191793,0.35335661137277946,0.31063054720311356,0.34356952992320366
0.34699113641832713,0.40210301121011893,0.3459794626183351,0.3830524749101404,0.3040346585718292,0.41924085924748206,0.2823319636496065,0.0,0.3219152632497595,0.36163038069450587,0.3528515586109865,0.33800906257502583,0.4370510030912992,0.33973005449114163,0.32915503787981565,0.4049025661478852,0.3735574637007226,0.3451002118392268,0.3447130718645247,0.3714393127090759,0.44091641619501315,0.34072047467549105,0.3013870106089386,0.2916936849727795,0.4154424359351417,0.3256002864040146,0.30154008182155234,0.31203767065620835,0.26678673983073303,0.2757491757693179,0.3914821516410693,0.41107852103144754,0.3537077199310856,0.3219936942372567,0.36789815271406817,0.48437421375672735,0.4190940312362864,0.41542975052473113,0.3430031132792242,0.32754387027658954,0.35213770103716363,0.3446296629588923,0.3942491045605572,0.3509551838708402,0.4649011681727743,0.35741626171111074,0.3194197817126346,0.37163028667473835,0.3518874580663322,0.40624050981618204,0.3810395711207631,0.34377136944100795,0.3590825905081141,0.3786594720750197,0.3624779211373914,0.3532458106288012,0.35893147016511917,0.42529217189866125,0.4118231439406046,0.3926350983726928,0.5657555624899925,0.34934369742598437,0.4219964749322005,0.3564640457361691,0.32032402571853474,0.36557546527107043,0.37432308913347445,0.36357701702191203,0.37858413217064446,0.5414439849308852,0.35412998070231144,0.36011368531579474,0.36025427932558574,0.46310648841435814,0.45950119131524075,0.29956886923347126,0.4015700184472594,0.35015683388560853,0.38431246319770923,0.2624239628659246,0.35734913747766817,0.3534673072361434,0.4026318327238709,0.4926474553038772,0.39177100469029386,0.4409584383737695,0.5308700167359421,0.37414048754442486,0.41155896076266435,0.3618975075954651,0.3420200447532021,0.3347424691171836,0.372710875833392,0.309540793515985,0.38247994535178437,0.3524854036272322,0.3679600978803348,0.36284811092200575,0.3001974073572735,0.3891845458019351,0.33911185210037925,0.43830848173486336,0.33725770960647344,0.32537826583350493,0.4301499142862908,0.39916710841449543,0.4270359341337745,0.41474450690263687,0.34345400775942364,0.3635882006117064,0.3392131074211594,0.3652411716256496,0.435802619197403,0.383106544586691,0.3893628598090953,0.32995695301077843,0.36662887696043567,0.29026283399326697,0.38732469992911533,0.33584996601961126,0.3267956419452104,0.452392451143605,0.3433480805595632,0.34039287369866617,0.3023762142840752,0.32096397149990913,0.3591514452693572,0.4200967749385045,0.4137833180776357,0.34252558586977094,0.35756993091830364,0.3822114474210689,0.39523643951923043,0.3389129558426214,0.4051801908180557,0.2998102386297304,0.3415974324162221,0.3117963156850805,0.375805229878286,0.3828314425195411,0.38489272362530236,0.39579382504760324,0.38446029546672356,0.39738855634783377,0.4232533552053725,0.34864205687490035,0.37147527526065194,0.3731951952570963,0.390136894719322,0.30131919835155524,0.3622229468732351,0.39531452657717886,0.3312711751675887,0.3429597398405072,0.44546308721696726,0.4222117169406371,0.30636397870173854,0.3953096002623907,0.28232692750993604,0.3269674739583312,0.3587211183079831,0.3416261406402225,0.3175669171786802,0.32800294206768665
0.4869237491142512,0.3017528057960483,0.28563774732145275,0.3099452953507811,0.3616235039665045,0.33367063701930466,0.27275171018192884,0.3219152632497595,0.0,0.25950261503822475,0.3155031083648366,0.2716811930774769,0.32582180151107265,0.4444200299933044,0.29798203613373436,0.3172515867855857,0.33842623793530563,0.4595405428683423,0.29729682922967426,0.40024018602770967,0.3370084224009322,0.38776525887301483,0.27514369666446836,0.25548435796674096,0.3129095036909681,0.3017614775315439,0.31069790301764544,0.29855565917978444,0.23453345043333346,0.34866957130388393,0.34838695205484355,0.3405358632667464,0.29799520521561484,0.2684133573627476,0.4090542894535345,0.3649892605694503,0.31686758402398396,0.4783937956702792,0.27770465238046405,0.2877181508118746,0.29783832765044665,0.4461670311959809,0.34274210014773127,0.3184848256438161,0.30717527407041556,0.3253914875984291,0.3138298557900754,0.2879632575673174,0.30205050389719884,0.4414643163575363,0.3550214626070475,0.3439194710514797,0.4161684503798751,0.29066059240380854,0.2767983846159767,0.3804163172185843,0.3926404555026299,0.35755861625159074,0.34436584142879784,0.3450384004423973,0.29064160340202533,0.449118836536083,0.3897541186485353,0.37646138530632006,0.44425478729015694,0.37250236626166844,0.35890220397578415,0.3715200576185085,0.3638641542506526,0.3783845872507304,0.43620393181851796,0.3981515905954075,0.5456083170431126,0.3323908511920116,0.40525715183245087,0.33108198697869007,0.2734991413140276,0.2780320791462838,0.3501527327330865,0.2933868135439809,0.3300006018746827,0.5062694543161469,0.34650297191767226,0.3529043188945139,0.4372482355423854,0.3970690315234483,0.36573536311556715,0.45033422029041326,0.34586793183686904,0.40376605069548005,0.4873118623580695,0.40734374119600564,0.33535607868016504,0.33935509860843543,0.481595805633688,0.3064799051924332,0.3550509495045413,0.3167820666471602,0.5010924098172804,0.3303338012500472,0.34334588305757313,0.2672744892609318,0.3991251000087675,0.2701192042719863,0.5489819324849818,0.3392095306901258,0.30121222340022785,0.3289036192837706,0.2970037889385329,0.26441876239000595,0.28016983428164416,0.49581226231484476,0.43015881773325426,0.47849849874957134,0.3802470156645526,0.3540906848471983,0.34224719280663757,0.2811436969624118,0.2763639272418011,0.4568910845820229,0.3988830790385747,0.354934891590667,0.39044177645016714,0.31460020880500117,0.5180739188318446,0.24605152406019082,0.4279976397156163,0.2747407253676685,0.2767871622623376,0.3554443072720161,0.44756317936738965,0.3883546326498143,0.35593868637526926,0.5370858397844425,0.3160728164959511,0.3468995218159836,0.2968419379181728,0.3144531377480638,0.30709162949810137,0.36909006971822805,0.3192951480960276,0.40069519375452495,0.4012523523662899,0.47048704745071457,0.34615373709558434,0.4051874026072275,0.3997271913718297,0.2832812632510128,0.3152284297178366,0.31917335765741217,0.39456148214197745,0.3451167583800736,0.35359385874601257,0.2681550519107504,0.31026719081149484,0.36418622293944103,0.28391404538726744,0.293923546057814,0.32353411446059677,0.34266877261361656,0.28010823579995575,0.4385146661514722,0.3809218995744954,0.440513735842756
0.3062955118763361,0.48734888782651226,0.39447471638959186,0.3400115899811196,0.2977528737852506,0.36759218912420044,0.30544140576623174,0.36163038069450587,0.25950261503822475,0.0,0.33086526132366517,0.3560162267874162,0.3668578446049555,0.3335636146546055,0.2982484321307442,0.35152329973234814,0.35130281795005064,0.3376026177604594,0.31895619103788386,0.316687040230776,0.33804247090734985,0.3275855629658354,0.3276560011552586,0.28715535778807,0.43139151639054624,0.26658285310942786,0.27683397455723,0.29895783090997974,0.4709372149016188,0.2592991575412147,0.31977667206922267,0.36898648404074424,0.29049495536217973,0.28801937480280937,0.33697633275317646,0.3751761112281229,0.3418086654037122,0.3223805776995528,0.302092922883842,0.3259554495959973,0.31301790102814486,0.31363109207233186,0.29438764299443776,0.30676705131506166,0.33504562515675546,0.3114151621840056,0.29309272455297425,0.3459063456385508,0.36762163191474534,0.3055800247951438,0.32019000472270115,0.2877319069811089,0.3371675132200132,0.37109805179295924,0.40593759705840593,0.3332875129115996,0.3099997162186689,0.3170474420740079,0.40977806315768933,0.35021001498523047,0.3795808245826494,0.2808108487058606,0.2849983131110863,0.3138152364610891,0.27825110529209424,0.28306441739419475,0.31083256739697007,0.2931860569342475,0.3033181728579907,0.3415378745814232,0.2696894380826454,0.34864219821237924,0.28709042261116735,0.3811608477986954,0.3358445259778548,0.29710417060694405,0.31053590554573507,0.3912967312512221,0.2751629881636773,0.28107121520620193,0.33800098971110515,0.2760413392863295,0.3803147517465906,0.36542488863329664,0.3177938013859965,0.34464970451607596,0.3082490646854418,0.320730583693931,0.3512538989216322,0.30060042284544264,0.29350282095718055,0.2995111596264693,0.37818312190478237,0.28200362601096285,0.3352247109089766,0.3644928650567811,0.2492123402351422,0.313431751867532,0.28258124654725486,0.352899314862247,0.33665235211399414,0.29252280941697273,0.2728932313502088,0.372468289099654,0.30011448859552664,0.3041655047540878,0.3285577035164989,0.4074297275733195,0.3343369387453502,0.3760798946119908,0.306127433728545,0.2984143062741339,0.3441938956648193,0.3392248572906706,0.32738075222643714,0.32257171392910466,0.3498076429770409,0.3595474342344973,0.4020853785278265,0.3106256975122938,0.3010936909264583,0.2860654148961085,0.29607680368252187,0.3254218422551138,0.2802104472832411,0.4062546770078598,0.31825655025222316,0.3167227899355334,0.4665897335429266,0.30352907846456806,0.33526107856136256,0.2954682502457808,0.3150432792876696,0.2895720010558957,0.3185073941922946,0.27794738828722815,0.3287521532339494,0.3029521326240205,0.34633943333263056,0.3212533964057408,0.32197297953124726,0.3736027422592504,0.36392861773382207,0.3112185805217043,0.3518719389286801,0.3013488860400779,0.2835756507809433,0.39899506809139657,0.48231272774747497,0.30761745201986757,0.2721990715750175,0.4106138493022677,0.2937388427022113,0.3589379020826978,0.35546455214646155,0.3142152365437225,0.2794920949898066,0.3728811023907263,0.3010735206191753,0.31778343375653983,0.37529966057374126,0.3398732263311259,0.29306170247399055,0.30270151989232214
0.3833960242462175,0.4060445530933512,0.3909149580749065,0.33401587462841575,0.3568268094055108,0.37724890138319417,0.3354879446897011,0.3528515586109865,0.3155031083648366,0.33086526132366517,0.0,0.4155234503971946,0.45252413629659805,0.33964319451037855,0.34473751366177446,0.5010689072754544,0.43431106062143715,0.4101460104756579,0.37643615800202074,0.34692076342162786,0.3620114375562446,0.48231695981704936,0.33463967631299685,0.3444423740100864,0.40764365721775103,0.29558046116593145,0.36819881784429476,0.37532368254079096,0.3336240274516088,0.386803563517048,0.33820796828818933,0.42219420992273815,0.3250077714441367,0.29062123530312234,0.3361408024622251,0.3943950181010139,0.4175387270799865,0.3784068432442554,0.3776290493125415,0.33158306339934107,0.3295208842718064,0.34882519877419627,0.3426007046263067,0.3387886994937857,0.3679342783192043,0.33017884368603445,0.28133685196564945,0.40818705585405735,0.38197607255760957,0.3477613155357462,0.3914679671511567,0.2926603620051307,0.3122753720466871,0.4293286186661903,0.461876754182763,0.26567607370776497,0.3620804685115948,0.46612321184792316,0.36791901050763554,0.38852977703334207,0.3590880013021697,0.26877890000793114,0.35516521057548467,0.3113400119694189,0.26161696573573495,0.2869055247216346,0.3079044486097674,0.32971030991519806,0.3900899382862629,0.38901394452972343,0.31238592857497965,0.30109487552475356,0.3109637578131317,0.4258144045898359,0.422053529793235,0.2846448981191247,0.37561636095721296,0.36572790175794195,0.2849418265800701,0.2562678950653069,0.2853557553009324,0.2844077277999399,0.37705780621114116,0.35370614242834736,0.28438930842406723,0.35122032166185313,0.3002037774257961,0.331015538722482,0.3357249288075145,0.2915491492166954,0.4143210616020863,0.27025003544461035,0.5077523316646649,0.31072473975235054,0.29967878409082355,0.34060796424333817,0.26370364333677976,0.26108706197608095,0.24890844569523743,0.3209845008902438,0.331032947761684,0.31748770593871506,0.2620852917954946,0.27922223307857164,0.3381952160371557,0.31365949393965814,0.32226386586243994,0.3563713519144162,0.32329858028687547,0.3870776232459859,0.3739880839916341,0.29070286159776865,0.3075401151695098,0.3372926354866487,0.34172995942293366,0.3738018377845867,0.30252677727421384,0.3527088641211456,0.344286458743614,0.28789826709834937,0.3219672368830937,0.25941273665856546,0.27362627356804375,0.3734201461537341,0.2509291963768696,0.39916347525162027,0.2612356497677036,0.3912805434512758,0.3338408351610013,0.30154610135897536,0.31798720779178125,0.33844341167776276,0.3312258787600568,0.2952429895856747,0.35366700214969776,0.2670046344161293,0.35984850345387537,0.29743810917231,0.3614248335852036,0.3573954164169223,0.3312432316424543,0.36446085287815677,0.31114030025827094,0.3239515200838022,0.3566196342314961,0.28576686550939573,0.329324477345904,0.33486278716216494,0.3241395523110361,0.30371858331882456,0.32667921324780186,0.34036898115609837,0.4635927348207994,0.33714291563279786,0.3363078008646063,0.33515374859838326,0.36928078838121503,0.3520159261615819,0.2917466189501713,0.31272190706145675,0.27745797244286124,0.2973322527980347,0.23007720472368887,0.39511329520327265
0.3481188976412922,0.4001234122818311,0.3408519015163828,0.3404185573360899,0.28274257620494997,0.4228791628107622,0.36354661850319825,0.33800906257502583,0.2716811930774769,0.3560162267874162,0.4155234503971946,0.0,0.33975406272363096,0.2619583573818384,0.3462506084055576,0.3813384525921849,0.3419249444961338,0.3052953568717233,0.48587471703080454,0.35092124188973167,0.4506470138493082,0.34873199339840616,0.3001040413428847,0.35305403695000487,0.5001289346992781,0.28605070713256525,0.26556368217379295,0.2825609868242588,0.3329747000315696,0.31717405123126674,0.3879665746980402,0.45277785585084473,0.3434534365227811,0.35603389499595967,0.31536503489025636,0.4165236998578233,0.41349605480276347,0.3290684021474881,0.43481007064256516,0.32603216563949056,0.36470056416169466,0.2920933060859797,0.40681070695080335,0.40354310280361955,0.36090809876425645,0.35234725693663294,0.3366026869815251,0.45568803043984435,0.3714098066413518,0.3623588450927362,0.468170479865723,0.35379839085265624,0.31135950764919146,0.47807612276167294,0.5660938484785654,0.30168279924401536,0.40987595863159065,0.3923542564011442,0.3450702093874748,0.3805133309094131,0.34749075782651706,0.3098218329541509,0.360763037209835,0.29145746782405396,0.3123650815705771,0.34698879048724873,0.29749735478138645,0.33011774968025914,0.2817432764305271,0.31384965363011563,0.33200936833274103,0.3009312810115917,0.2821758657509518,0.3846878180622412,0.33234086964853243,0.33314704308371984,0.3606628224855242,0.3625598719307063,0.30350449527589685,0.28838555097083535,0.33299993331654243,0.33286482997261,0.3754849617164227,0.304737631280055,0.3278531142974052,0.3374316231615569,0.31279803014265595,0.3589926046841033,0.39405625595029087,0.3023515511676956,0.3327226306381211,0.3362231648974719,0.4435969546464571,0.3802950562684994,0.29384845107303653,0.4388050416862318,0.2985969095663682,0.33268771273866254,0.2576014130561405,0.3318355628827629,0.33013088177683664,0.36463892835131473,0.337726602157745,0.41419573995190184,0.3342837697760133,0.33828552813882085,0.39578097453642197,0.30957531729248267,0.3348864099043438,0.4337732658356111,0.5396312079089858,0.3288740713628361,0.34170058717501667,0.2987740155676103,0.3478594570182493,0.29296427747261455,0.3562146954114123,0.43279029737535446,0.39605412725287076,0.25635170877772995,0.2901695523564581,0.2926035762542184,0.30775291765356516,0.39930159709850527,0.2584015426423431,0.5006675991956456,0.2842418437988313,0.3681464123678453,0.4450724918569677,0.3027048536167094,0.2703424583710868,0.3154393195769825,0.29371805688681746,0.3035746919347332,0.39449122040842577,0.293149680176903,0.40363071504202536,0.30643344875068435,0.3263249749175418,0.42414943812333594,0.3359889986538637,0.3515470319836549,0.3436914684939492,0.33076022762001295,0.3953421343780609,0.3567537322886993,0.36158493986156715,0.3461190507673895,0.42557154077689296,0.2720118037916417,0.3767408781576138,0.3973959367492714,0.34246139477996024,0.33986717564180663,0.4554419228308451,0.3330671741285001,0.31873793970610403,0.3797328833511338,0.28959242605698027,0.3348682932722702,0.2793481857076295,0.3166176930219939,0.26575455537594034,0.3252904304474065
