0,1,2,3,4,5,6,7,8,9,10,11,12,13,14,15,16,17,18,19,20,21,22,23,24,25,26,27,28,29,30,31,32,33,34,35,36,37,38,39,40,41,42,43,44,45,46,47,48,49,50,51,52,53,54,55,56,57,58,59,60,61,62,63,64,65,66,67,68,69,70,71,72,73,74,75,76,77,78,79,80,81,82,83,84,85,86,87,88,89,90,91,92,93,94,95,96,97,98,99,100,101,102,103,104,105,106,107,108,109,110,111,112,113,114,115,116,117,118,119,120,121,122,123,124,125,126,127,128,129,130,131,132,133,134,135,136,137,138,139,140,141,142,143,144,145,146,147,148,149,150,151,152,153,154,155,156,157,158,159,160,161,162,163
0.0,0.8661766508482427,0.8411054064962715,0.7765985540721988,0.8274675001021137,0.8290627192777837,0.8063557443881879,0.8377106076708392,0.8970308618328768,0.7894999649546334,0.84801435946378,0.7840204499323415,0.8789958146188678,0.840917641128126,0.8651841890237065,0.8688284120599006,0.8725303219828858,0.93021213955424,0.816840858048663,0.9393022028949847,0.8609865536799314,0.869904537495317,0.7724354504368073,0.8281836111239802,0.9012228601381136,0.7711847651218092,0.6879082570116348,0.850702906601089,0.7607491381983229,0.7990473868940816,0.8894117102841778,0.8850146755078967,0.8125968975206204,0.8001868606074934,0.9365680209475878,0.8550517554257338,0.8710017167393976,0.895872334547233,0.7746194887919063,0.7958878726459861,0.8303621074914402,0.8133969045289468,0.9119324283495363,0.8947514412465386,0.8730605301854225,0.8778479487579482,0.8645800661686464,0.884890116539985,0.8868740137101147,0.9204622924027538,0.9174957876952903,0.8980629374498529,0.8515608064689333,0.8393702329928682,0.8581190114338818,0.8676564846985247,0.9247949400225356,0.8072065625134272,0.8859795821975857,0.8733446410775614,0.8322647167180268,0.7947086657549937,0.9196457647410621,0.8141610285152795,0.8974250146471637,0.8840530123537719,0.8015580769316188,0.8775116841973943,0.843156132987373,0.8668420926516267,0.9612639696531361,0.8755708044336289,0.8455469455489784,0.8666686378330188,0.8560629784862718,0.8580173153251744,0.7849261892820781,0.743856761430135,0.8540978762210921,0.7351236871319838,0.836402460371314,0.8781465013792222,0.8778950503010581,0.8327552085671073,0.878734269630446,0.8947004707669673,0.808727402822496,0.866957050390805,0.8545695295865716,0.7840023058074977,0.8847100287759805,0.846112216425822,0.9129972453037519,0.9033924510651435,0.9047997701984394,0.8011386907465703,0.805747369932491,0.8229557338580084,0.7694218484398281,0.8538768771360662,0.8087750997134061,0.7849647058825354,0.7727440644340589,0.7754101402445494,0.9413763021550963,0.8695424808061093,0.816494672458235,0.8114923065036098,0.8433501819151278,0.8566978930211432,0.8216510979363166,0.8592056581470623,0.8747825772469043,0.73216376324272,0.8977970720179443,0.838003527354397,0.8740502598656936,0.856602562710615,0.823248931625161,0.753774557867309,0.8670572151361247,0.7469763695425693,0.8713201650319019,0.9196751997971007,0.8679418733622893,0.817933023883958,0.7751856426900797,0.7930521380654713,0.8389491576730578,0.8341882699936441,0.8158037295788679,0.8170183943823598,0.7706395223606466,0.8075105971982363,0.8468752792158145,0.8920536226839407,0.859641643350598,0.8291429510752195,0.7881041598373547,0.8674561182508564,0.8273826354459614,0.8387769304579749,0.8760221969407413,0.8251149715225826,0.8480280558531031,0.7949616359237458,0.8687539274802423,0.7539983005097166,0.8917022574358731,0.6288992136605986,0.9086843032007769,0.8354812847219165,0.814754329313045,0.767432493577885,0.825362887812805,0.8991053407235727,0.8298945657481156,0.8199324194067832,0.8105027892614595,0.8669364920819675,0.771600440120804,0.90369477914234,0.9411487987097815,0.8802367689714925
0.8661766508482427,0.0,0.926124745195391,0.8865147848679057,0.7988718400684994,0.8441073441994409,0.8362982447932797,0.8842630961652704,0.7969843990028933,0.8492348704959575,0.8947240514159001,0.8570674355822978,0.8820742092412159,0.847735971153433,0.8988985778006384,0.8669111861244824,0.9056574482065484,0.859555603914379,0.8304268841318041,0.8685933930150966,0.8905006862058868,0.9430667651752105,0.7982646163807561,0.9281644576907117,0.845754409627429,0.7763277232094218,0.7544529440257033,0.8985906791395983,0.8712983283232123,0.7048804921442297,0.8304415658222639,0.7963537100654616,0.9251176776188825,0.8014322455868423,0.8652327623820849,0.8844695733153516,0.8053137992158008,0.8616269304954648,0.8524266512118689,0.8895105777477272,0.9464132493395357,0.7852833809085813,0.763117660745321,0.8582354247700337,0.8991229548581958,0.8731037064506708,0.7641525164990461,0.8372875570302747,0.8474448361989239,0.8614801836677282,0.8872652536363868,0.9000707984351511,0.8644097903090578,0.9453389629398207,0.8956018491959716,0.8334959621509089,0.8904969751353093,0.8130299720277028,0.8548348756677805,0.9181242685491338,0.9090077371064212,0.7172649862086667,0.8463787235168276,0.7686334677360381,0.8069167963997267,0.815634374078494,0.8473733612608665,0.7730965266718263,0.7522256896582227,0.8167166421674561,0.8717035104388554,0.8057634072285306,0.7710175576824894,0.9043138996167663,0.8876746306723547,0.7426273254360443,0.8185667336790167,0.7977378629527369,0.8250076939159972,0.691745034008199,0.806483573390459,0.8455950345569055,0.9083963490567535,0.8417880005039889,0.8055710754436751,0.9490131771467297,0.7072795737982068,0.7288120314394647,0.812183681108218,0.8822103312693677,0.8188477139009598,0.8057153367021173,0.9077516552890448,0.8736923358041327,0.90224518897476,0.8103903217058199,0.8148652168598557,0.8035037573471365,0.6802326678739058,0.8860379407404769,0.8118740679301807,0.7369569087836313,0.6845622427843735,0.7736617741034407,0.8393215447595404,0.8513118284889789,0.835176893356707,0.8419038763182481,0.8868954802877076,0.9159158003451608,0.8424325911448803,0.7775959203228509,0.8204512632715213,0.748600208175163,0.878089963134724,0.9288477204582418,0.805646928082617,0.7645758288482857,0.8537482127402006,0.7418989252225238,0.8446246515187043,0.7243100688689662,0.8025078605400279,0.945030757813505,0.7526093250043518,0.8956976389109835,0.7613741371180575,0.8592437386381947,0.9155964306688457,0.8215433416708352,0.7794054145494284,0.8151274996921798,0.7645063286817204,0.8382609872072484,0.8722656438465078,0.803025236681888,0.7988699284522552,0.8500007917087501,0.8481330445876546,0.8348253452016845,0.838248859857261,0.7764087081942278,0.9137929716024177,0.8158297274442294,0.8384468234201398,0.67947873491792,0.8857371723242236,0.8243243674727301,0.8454506810484447,0.6652726068943287,0.8338238851457684,0.8169220840991116,0.8727109700642022,0.8381266874808984,0.8728802519934274,0.8762482430864148,0.9124562501999589,0.8972416825521494,0.8627187071813192,0.7807771277354799,0.782137817786796,0.7827519049267595,0.8968486066945655,0.8731959385471878
0.8411054064962715,0.926124745195391,0.0,0.8758984579994422,0.7876697912359601,0.837593169222085,0.828419684810172,0.9106005609198226,0.7475091372640013,0.8956823164358099,0.9078733630855241,0.8361578181382647,0.91936160902402,0.8311108978346943,0.8364129177841204,0.9320284345919793,0.9466334813873192,0.8585647697322312,0.8015103674658162,0.8410482937889742,0.9052255972037522,0.9367431136893444,0.8184086680297292,0.8819973060036768,0.8664273254960086,0.8054962313005228,0.7741255033765978,0.925858201245132,0.826075976937008,0.7062977187768482,0.7621593934206691,0.8493015243461888,0.8578831079421697,0.8189973346878402,0.8011704709234051,0.8646083091425896,0.8178056124551972,0.8275661840459657,0.7924870240057772,0.8829596698049116,0.8578308141744133,0.831224701253837,0.786678899908051,0.8020185165332246,0.9130849046717563,0.8677387202353679,0.7656965609339391,0.8306405103294979,0.8586270984098674,0.8552761114396564,0.8992854099588753,0.8751287309966824,0.8054641178539349,0.9209174766309145,0.8933404799000735,0.8059620707353898,0.8644752217102666,0.841865867670881,0.8850755404856975,0.8909079238903362,0.9242562004312179,0.7191922073242547,0.8534735484019972,0.7716847431830159,0.7765672660026084,0.8226633947764476,0.869828438966627,0.7978736890594657,0.8232001898687186,0.8529030094111149,0.8535757299925332,0.754846279516628,0.8178235147255113,0.9600606188836015,0.8956951335768726,0.7019226932488217,0.9063007283939857,0.7980149265774751,0.7884548921138649,0.6412574706336953,0.7790016769471022,0.8213291019017999,0.8479153211067691,0.8177131011569858,0.8246497854581415,0.8920403088198436,0.7444671312088382,0.7577701532642859,0.8124067028316404,0.8114807660068327,0.8418045494466095,0.7629867000572649,0.8734313676482381,0.8189706279531315,0.8931081708730505,0.7668221025032403,0.7862218801507428,0.7971703060744745,0.6462149121736037,0.8984066975902428,0.7359527420614005,0.8335975019790157,0.7129389809785502,0.7495777414856654,0.8257046585701964,0.8819092260354722,0.8839020421874062,0.8718008992015841,0.8662653167981937,0.9052678092782473,0.8505031355541386,0.7775805600945448,0.8515879198037557,0.7939905683203022,0.829407300599163,0.9050782021212163,0.7719767174156017,0.7981786124845761,0.8983588085641911,0.7262149617179376,0.7900798221561877,0.7342014901739891,0.7858328691851574,0.8881919033974958,0.6732025847799997,0.8479700950883324,0.8011639565811051,0.8560241815567373,0.9127056202240454,0.7948688634100962,0.7741584183154145,0.8610218486134333,0.7429695958191129,0.7549227396739195,0.8444643975915267,0.7311454841970112,0.7367500080073182,0.7957570346785849,0.8551957951425538,0.7879538043822829,0.7817568821754892,0.7880901572096676,0.8910759993801902,0.8299759461910345,0.8115789844021324,0.7173075882605209,0.8215159243469389,0.8001196988927993,0.8605924820334586,0.6556668489240485,0.7897796423902901,0.7388102667143494,0.8718006580667725,0.879410413090298,0.8603218349792103,0.8595401736830818,0.8893555206395906,0.9011762435690864,0.7893191091464433,0.8226342899676102,0.7725266202617153,0.7036645773794477,0.8515073702969573,0.8230234537024044
0.7765985540721988,0.8865147848679057,0.8758984579994422,0.0,0.7951438268336536,0.7815929480284293,0.8876910458961309,0.8540498057918949,0.7045331897040461,0.8018026118117115,0.8892199802619056,0.851165194665583,0.8228968027887216,0.7907589619266628,0.8501342351835917,0.7970595270977727,0.8429402489385457,0.7827737924535884,0.7681728648701437,0.7343165934952095,0.8466821873356604,0.8767790673274638,0.8444143176545664,0.886522373105023,0.812953663900164,0.8480615091958122,0.7878320280145269,0.868918496404969,0.8029061484147917,0.6332811334267322,0.7529411189265629,0.7199157723044827,0.9435045761230025,0.8229270411820527,0.7981468586419153,0.855218216964208,0.7861767516886775,0.7720338544186954,0.7916604259608059,0.8912069050910384,0.897119548460721,0.7765506136947788,0.7060121510196,0.8360301119035324,0.8684623160304066,0.7882832572607851,0.6881178776311176,0.7944147778471173,0.828676400513526,0.7690857784323754,0.8617171101101228,0.8676612746818144,0.7312553759247187,0.9307693543015167,0.8775394542976341,0.7625656973053694,0.78418393614377,0.8289290950697251,0.800231058290239,0.8237120368267885,0.8565806963255965,0.6446354195896342,0.7837243675874824,0.7068308332633035,0.7029787245267117,0.7191450944368907,0.8651208978085313,0.732213416638501,0.7233710112466514,0.8094064440997752,0.7925379792181325,0.7118571468082121,0.7743551601098448,0.8955970215093598,0.7875435563957219,0.6362338122751617,0.8467419638654766,0.825972874597514,0.757571331362248,0.6062478486925637,0.6974176174376554,0.8165874622358784,0.7985661928893322,0.7583053265096158,0.7804496901208988,0.8566709731670711,0.7081380126320505,0.6963445570202008,0.7359660979082029,0.8337347393565101,0.8540114847590952,0.7968412185521964,0.8130213253589282,0.7423310836200033,0.8725925767730245,0.7960319049926546,0.7104811904773684,0.8091793868354881,0.6389182280499124,0.8727479751690399,0.7304768275336337,0.7354255972042845,0.7667105361947518,0.7809673394460968,0.7651293457695153,0.784870384052123,0.7698018510970255,0.8273969497643812,0.8210613067615374,0.8444837979635722,0.8755951342047005,0.7748549667328083,0.8105007836072571,0.741090054477811,0.7999129334584836,0.894160963691985,0.7047190123797696,0.6883084067461727,0.8865436437316624,0.7676584388625834,0.7595074680809866,0.7883449007662602,0.7398755933356497,0.8703658888561048,0.6527853027698676,0.8385766606587912,0.7459923731323385,0.8284725427268599,0.8767512418786299,0.7505198327924051,0.6746795342288439,0.7334045232101727,0.7133001579248781,0.8022912541609515,0.7901975816982121,0.6613812246609725,0.6648217777951183,0.8248588196999959,0.8330481101246605,0.7459023968896175,0.8142234747706738,0.6875906963810842,0.868535087746532,0.7877894489129209,0.7940494023376994,0.713918552289109,0.8095687248835366,0.7286718671212156,0.7458070035594759,0.5963832386534305,0.8023618287319202,0.7033131257702174,0.8141032784257923,0.8116099128797432,0.8944968502309314,0.8120531127072249,0.8439157935708086,0.9141104826154521,0.878093928981041,0.7781472936294905,0.7159891949465851,0.6893482907260109,0.7982222322963463,0.8455816028594731
0.8274675001021137,0.7988718400684994,0.7876697912359601,0.7951438268336536,0.0,0.66585289172275,0.8937484226557266,0.72826866884116,0.8162918908588541,0.7337369649573452,0.8678009625515044,0.8059529450616287,0.7429464371399738,0.8034337489850044,0.8731398128336423,0.771413055514796,0.7609055917835149,0.8144234059356542,0.7180561647085483,0.7807751750479272,0.7855334700678307,0.8712294181914599,0.8496226771980858,0.8277027603701861,0.8076001911220893,0.797095370685205,0.756978813653833,0.7382399306247848,0.7780199428157353,0.7525455367185327,0.8383627133434968,0.7223622939082636,0.8026091733613723,0.749240427425878,0.9045727282016905,0.8800461500996626,0.8084235489052146,0.8337936164102974,0.8221161766111607,0.8001461104194298,0.8133448435910497,0.7742503019775271,0.8029621948146887,0.882891676847534,0.8121329141531044,0.7284386840505037,0.7512980558733944,0.8530556126510833,0.9033141202930823,0.8350469536137544,0.831945396107133,0.759452348117046,0.696243107963603,0.8119516436892956,0.8807920496371727,0.7182709037991584,0.7751312342264487,0.7887606169990958,0.8214287207194119,0.7851686495323862,0.6987796397927236,0.6593239205537315,0.73016251394966,0.8522544291910275,0.7543176101202347,0.6717251894239141,0.7770933510512238,0.7754477487514999,0.7940944642617548,0.767198201643917,0.8245752357185513,0.8184028327985448,0.7576523589807422,0.7930230681346114,0.6945357212828314,0.6507868372357093,0.7712478300934638,0.8402562340753441,0.7037273884238028,0.561898070641954,0.620846251009943,0.822032129904374,0.792775154489835,0.6705743872868433,0.7606423959444469,0.7939545704279036,0.6921561019986564,0.7945479641061051,0.6695246767000317,0.7605806727497365,0.9252824895896365,0.8320086903841671,0.8869973366717068,0.7017498920613766,0.8573442729424239,0.8051497813774438,0.665499530168416,0.7410031762252595,0.7905898456506154,0.7406622002534019,0.7976488859337347,0.7094621534343991,0.7891663912863122,0.766854995656976,0.789228132944984,0.7264333392812692,0.6750277385439458,0.7392153955913867,0.7722235978584564,0.7805223038404123,0.8162065473225704,0.89631904048968,0.7195891360207641,0.7245962706716457,0.7430425468309528,0.7548214135471404,0.6587051629270847,0.8699968879465586,0.7569861713315477,0.7428463246209506,0.9102734564980315,0.7059063057096451,0.7307257329535835,0.8038729335068758,0.7852812006887815,0.7690261767954701,0.6983924713172551,0.8098694425252756,0.7723014031406978,0.7979644073947475,0.6734732487645335,0.6735045145654,0.6736691593338617,0.7997969164335541,0.8043971307463116,0.7611941750130938,0.7185554300207949,0.8744621912765328,0.8208567576803909,0.8298079797599864,0.7435528633843175,0.769473412606665,0.8162666100316148,0.8403327092456626,0.8671493358401432,0.8049279682079838,0.8647984248935148,0.6363917414344875,0.7867656008873024,0.5987214526299274,0.8268860220540815,0.6938958042977147,0.8171643729688532,0.7968776959727663,0.7817080575321992,0.8044714752182746,0.7532286489203739,0.7416024161744241,0.8291848337843348,0.7471460533846316,0.6434658726291188,0.7422611670196684,0.8245845250124549,0.8864538529390866
0.8290627192777837,0.8441073441994409,0.837593169222085,0.7815929480284293,0.66585289172275,0.0,0.6911357052956308,0.8635231675290281,0.7810847389205297,0.7692848181193701,0.7782449299080636,0.8302783293386314,0.8010196487200991,0.7027735364859906,0.7161946457663432,0.8192031376172059,0.8517822581397773,0.7375739506973706,0.8802664716277648,0.8064091269403324,0.867628606357232,0.7836267460278304,0.645120100582045,0.7361658657241036,0.8410739609608928,0.6642798636956545,0.5941169826951427,0.8375089330574257,0.7056196541237011,0.7209990472196246,0.7729817679111581,0.8630910092925289,0.7707976933929732,0.7877676479220428,0.7570744945485126,0.7758462315884127,0.7343908315645871,0.7454630854633986,0.7269194354670395,0.6911764796504136,0.7686858036964247,0.8327650767863009,0.7352308007708084,0.7942417798696582,0.7724251467368684,0.7730358740540565,0.730908894492147,0.7691797444643437,0.7064835618204525,0.781116932158024,0.8391267907343356,0.9032451095375866,0.8094378339417154,0.8468264584980123,0.7783768494366748,0.8880099888827314,0.8394157507722131,0.8643551495540308,0.7365010959855757,0.7837960790300413,0.8863113379125787,0.7531220887029435,0.9033448840772405,0.6606995288538158,0.7740795551023744,0.8337119232044975,0.7204001410877365,0.7182702952537879,0.6780366361330444,0.8035844449981524,0.8112364080918218,0.6662430906238548,0.8091738289775244,0.8165860498744129,0.9087275273781341,0.7449223008888477,0.7424546931146812,0.6497402858809235,0.7592735428586975,0.7670853710628655,0.8971158854636939,0.8196043199996933,0.7861495329573182,0.8007302525004214,0.8505847788849191,0.8168395812552416,0.8134014119428936,0.6938102961393422,0.8043658135018695,0.744860129739812,0.7502042911860263,0.7987292059869417,0.7733630882973408,0.8540257326711165,0.7983142359792392,0.7431289882172242,0.8469370981366926,0.860301276294064,0.6523438845098863,0.812840292311954,0.6637189968480722,0.7659765642571312,0.6993957311611433,0.7413785180336271,0.8435194714856932,0.7834607132926039,0.8474102967117919,0.7937057379768611,0.7208860308172053,0.8296006269460551,0.8291104118469722,0.7125793720187307,0.8853677850134146,0.7165263587897274,0.7877989697755156,0.8053933646183511,0.8759455645077884,0.6803685661125487,0.8732370490440376,0.7142804247589212,0.6716854552514648,0.7372599202591025,0.8305163875769118,0.8405493960470642,0.7180386091418478,0.7764219508718608,0.7856610460837271,0.7193450311886964,0.8510269208769697,0.6506312916204207,0.835850473276859,0.9012773368797734,0.694324940027676,0.791525249576056,0.7782330803327513,0.710386866215216,0.7190176440606603,0.6539878534262984,0.6520233246824162,0.7353548488201759,0.7523931851720482,0.7761424373371413,0.83252149943895,0.7913211939115229,0.7182149590518335,0.6669863125406091,0.7987980848719562,0.7353115962540924,0.8100414379192287,0.6860944216058747,0.8089241516635811,0.7923107198441242,0.7585485525773393,0.662904371893543,0.852951717759718,0.7689941626329219,0.7530155397494083,0.8459822907301348,0.6934882456539323,0.8003504720917702,0.7051764977139668,0.803954655998001,0.8553298241691393,0.76002214193061
0.8063557443881879,0.8362982447932797,0.828419684810172,0.8876910458961309,0.8937484226557266,0.6911357052956308,0.0,0.7485379457883583,0.7093150074099135,0.8336167134875042,0.8517126400011679,0.7735853972951127,0.818516702455221,0.8668118324999233,0.8861591319955741,0.7741874289957882,0.7810266509752065,0.827157127861158,0.6780639373117877,0.7309062733040419,0.7769626713153656,0.8575074016254512,0.9082122324869412,0.8580417792185798,0.8334201770683691,0.8910047397888736,0.8101246054731603,0.7723173396612856,0.8311606415303152,0.6446397881087246,0.7857777411481071,0.7447086666803036,0.8843093110788187,0.7942192403997578,0.8644010012920227,0.8747150145869574,0.8557603596762726,0.7783222489525485,0.7535183927422144,0.8998219758979392,0.8367925194711612,0.7533135447702882,0.7704431464269753,0.8750900445424243,0.8709507679127203,0.7802837808812113,0.7856987072815578,0.8451939571185452,0.9421800101424403,0.7943119082836819,0.86055288979227,0.7911825301139727,0.6995955102421396,0.8477183339777064,0.9075856380483122,0.7751748960316903,0.744461939697628,0.7383278689313058,0.8875304575019054,0.8078495106992287,0.7473020615964984,0.6753005858657016,0.7287238749591544,0.8096141857898536,0.7243698841995467,0.695736582496469,0.8839386488216053,0.839891209301028,0.8077143323488628,0.7647391698112019,0.8261930084291911,0.8168299348004963,0.7761378886272701,0.860736365691084,0.6886781211622597,0.6848000704131171,0.8385012589254849,0.9203476306788011,0.7163115508027541,0.5940505720464524,0.6545552594579152,0.7891812268452578,0.8090206520221718,0.7053516996145562,0.7483404895347788,0.7929356865257207,0.6818895672728627,0.8125932336414076,0.7303395477075092,0.7909561263179687,0.9023150056260836,0.8450876263702215,0.8584412474550345,0.7049801103454477,0.883881722723977,0.8447158522574115,0.6460086057550077,0.7843996156088457,0.7323001738654842,0.8539261719460431,0.8071716102241726,0.7183640423596209,0.8377585135590236,0.794161772381361,0.7657008277480188,0.7747282491226766,0.7083042464065097,0.7761558508020762,0.8570890879231495,0.8233453737815796,0.8389088718044114,0.8275162282019964,0.7946701731049611,0.6916469504062325,0.7814757195246879,0.8027181174942357,0.6786683266235306,0.800481442514987,0.8331231828453238,0.7822999010872397,0.8258906975433747,0.7390493886052938,0.7278188780835629,0.8562519161942992,0.7083838720648256,0.8267824896034144,0.7377352525471822,0.8374105610998743,0.8295008235354159,0.8390473018786543,0.6495694411784076,0.651859728274175,0.6878225821259928,0.7333572512514307,0.762876455359347,0.722550569665647,0.6940610173720823,0.9121859805195212,0.8627283101277501,0.7517709235028648,0.8163489543002861,0.7442684316731315,0.8440420197508345,0.7867630260957725,0.8618186557775351,0.8359787336723503,0.7835529636608911,0.7045115445965794,0.7802280055582952,0.5560215209171836,0.7778023006904119,0.6985158981528646,0.7547943803295832,0.8939492606912657,0.8121294870642476,0.8206119229314806,0.7937902788645176,0.83958941845846,0.9117616085702973,0.81922511546053,0.7414113108430784,0.7138137249252756,0.8227099036949946,0.8195165884402137
0.8377106076708392,0.8842630961652704,0.9106005609198226,0.8540498057918949,0.72826866884116,0.8635231675290281,0.7485379457883583,0.0,0.7864236128262809,0.8118293494699833,0.8658576790336555,0.8458636818698134,0.8874321466183824,0.7743373693821103,0.8254076068561362,0.9114510379358705,0.8877484498824195,0.8260937604461175,0.8240720103120001,0.8368279771329767,0.8648027642335191,0.8657625153215045,0.7535801998875846,0.828392359794844,0.8431008903003673,0.7826060218138088,0.7403375811831256,0.8987542274013478,0.7722557188867765,0.7428690089961784,0.8163444899610017,0.8229590800188854,0.8651027689062064,0.8099039382277493,0.7863232384575701,0.8437983582846857,0.8139596146395701,0.8604681725755351,0.8134877956454185,0.8079868793155085,0.8603882563231503,0.7555264320602685,0.8027166664372273,0.7949875803426293,0.9055658130049403,0.8727584702241176,0.7310983105949171,0.8097425187987194,0.7854326664131467,0.8317507219198974,0.8718158996308314,0.8751190997100006,0.7969945646921393,0.8855672710866077,0.8655657362217005,0.7862868300443028,0.8667409496036738,0.8857209591229117,0.7813935956669739,0.8757533676153046,0.9428651493848673,0.7418970702539519,0.8920700722532305,0.710191773752868,0.759838386814049,0.8302911600152741,0.811747616910349,0.7667368452504844,0.7700334136972533,0.9208003301730942,0.8542757847305352,0.7394365080260736,0.76238630894759,0.8950622971239692,0.9171671402513576,0.7217481267532487,0.8469690155435599,0.7406718660002184,0.8751277289911926,0.6673036716595795,0.7940318908021913,0.8194262764781107,0.8547505475239408,0.8802195479629299,0.8158756458902195,0.9255261841960346,0.8156550693935104,0.7344234218913466,0.8523064395204865,0.8339213019209428,0.8094806706886359,0.7559606806744196,0.8455049670144054,0.8301945391560759,0.8236918402790501,0.777199623186485,0.8250652025339904,0.7919503360922353,0.6313539115672459,0.8659862627257631,0.742140785505397,0.8678759285350413,0.7030230515853307,0.7607428194863655,0.8557040184168824,0.8853684405164011,0.8750987673279644,0.8306965422586347,0.8251321104442063,0.8305794974378713,0.8034064398268583,0.7577971600583548,0.8204346311912573,0.8161089618404841,0.8683495096006127,0.8893389297152756,0.7875702730925088,0.7418785829547472,0.8232479904821705,0.7336782946443303,0.7598327282304653,0.8469491568079442,0.7603956799076274,0.8914611017201977,0.6714091758204137,0.8664491066546759,0.7563783602010641,0.8726750131352021,0.879261363631635,0.7729531994000743,0.7945148122253993,0.8629542037223193,0.8049590476170674,0.7790629980415179,0.8266378892681259,0.7227065348823791,0.7714129938442438,0.768359251872266,0.8052689136430252,0.8485341903716659,0.8055337262309156,0.7511945052109681,0.8390756150638387,0.7892279856148847,0.7900934013596419,0.6802036858295445,0.8407179497785033,0.8069096678120186,0.8289694090461455,0.661996568548848,0.8411257538418185,0.7597666336245538,0.8253796288521416,0.7762041739729274,0.8798211748455207,0.8769146763755885,0.8528323094768568,0.8999985292913427,0.7666987055721832,0.7938813912998559,0.7424969923980356,0.7285055707549309,0.8723770893601894,0.8061344664268348
0.8970308618328768,0.7969843990028933,0.7475091372640013,0.7045331897040461,0.8162918908588541,0.7810847389205297,0.7093150074099135,0.7864236128262809,0.0,0.6692703998434133,0.8011788801783448,0.790562241232037,0.7359119625389658,0.7347263866090582,0.7982599175092574,0.7697522110406537,0.760500292924648,0.7954289812204717,0.8150961127287076,0.8719172360260238,0.7989910365748756,0.8286931388553399,0.666951298294241,0.7454797712529646,0.790508796818545,0.6545881670976887,0.6272445638554535,0.7420691368389428,0.6853680185106871,0.8527358577439316,0.8940745541381953,0.777902008990903,0.7339685338872806,0.7021971011380816,0.8758274207760689,0.8036340847317156,0.7610442045274328,0.8480967616027753,0.81654308010544,0.6764923913807156,0.7604709329721643,0.7948247102793073,0.8063202297060373,0.8314346893118757,0.755968251457985,0.7351809856368078,0.7277596690049121,0.8047736887681465,0.7587669192314723,0.8531663060282201,0.8153917796892677,0.7889010839305317,0.786255836519601,0.7814046394762673,0.7848626345249154,0.7836125058338266,0.8545837239928433,0.8194453034254798,0.7421640955921196,0.7820814021016206,0.7584223315064029,0.7293209703240536,0.8255137295266749,0.7561215740428098,0.8380920280743513,0.7621849069857837,0.6975481484822245,0.7440578679086044,0.7234443862963108,0.810970445313277,0.8683592973069435,0.7736259717266794,0.7676653812397997,0.7481737584467297,0.8043951535259124,0.7292037234487607,0.6990784014070964,0.6611993361337057,0.7417568882423489,0.6517546395359736,0.7283346584249082,0.8739323625291393,0.812608960654037,0.7262520428922974,0.801630699199042,0.8216869137283767,0.7912850655680347,0.7616766214483285,0.7178767687810877,0.7681304654469822,0.8178091563070331,0.8160488432767523,0.8425332155082156,0.8144629202400169,0.8194029632514667,0.7504645107006506,0.8058140495594543,0.7336213444595305,0.7742866747078389,0.7096635080360347,0.756613243339112,0.730877060025527,0.6883339917489841,0.7052140966076648,0.8728080968454083,0.7226375804662337,0.7172404050464144,0.7012975293877667,0.7012123551016867,0.7591040890316237,0.7648075737384369,0.8221483727769188,0.7556513741773668,0.7404105054317309,0.7637965721143304,0.7407534507867417,0.7560053481333378,0.7973550438499838,0.7069571327446641,0.708249737136097,0.8370473423963787,0.7105064327753988,0.7787160137341526,0.8046537367721758,0.8894551807495896,0.7288310621055624,0.7084526478859735,0.7444857749596988,0.7272546415793795,0.7200506768636162,0.8045909919932254,0.7924464366674991,0.7242902555315491,0.8734177878008882,0.8290911233843657,0.8297901381322584,0.7742666394195421,0.7329884290637795,0.685918955670853,0.8682343476430878,0.7251325752399894,0.7990956990523299,0.8135666386934756,0.840536981866335,0.7799416979768917,0.6979517836009217,0.9166804505090398,0.6508488795632289,0.7840831190925874,0.6492513374834902,0.8920650015725747,0.7705348774086574,0.8146912828515767,0.6578356131464983,0.7507673276389835,0.8228757910522156,0.742700421601836,0.7071353227329517,0.7216861765669349,0.7322175741556536,0.6247376983001548,0.8540924223662193,0.8721513158758787,0.8710128682285203
0.7894999649546334,0.8492348704959575,0.8956823164358099,0.8018026118117115,0.7337369649573452,0.7692848181193701,0.8336167134875042,0.8118293494699833,0.6692703998434133,0.0,0.8142427908432947,0.7324882364340617,0.8979508913228816,0.8467018835671196,0.7949455488770298,0.8697790056798607,0.8320223870771268,0.8444251846116149,0.6780708277562321,0.7340570645037399,0.7444288131106671,0.8096545910235647,0.8295665725707444,0.7744930720258459,0.8807369701482901,0.7979727108762686,0.7975133889839546,0.8298025480828617,0.9040948403603553,0.6970764125407275,0.7327431682925334,0.8179144675935257,0.8343462227504946,0.7461831809380415,0.7709178268601053,0.7899977970255382,0.8437305820003383,0.7939652694921387,0.6704467168377374,0.8420151072224443,0.7944086654742598,0.7204660073542101,0.7680889800457246,0.7729862058708391,0.8486550535783273,0.8175278344514442,0.8120926456287793,0.8036411895163418,0.8578207799848948,0.7459918201297921,0.7969769756555701,0.7755157283397609,0.7274888949066648,0.7859091435096512,0.8553104653439177,0.8087413894446992,0.730067166770188,0.7466623301554081,0.8465497325540314,0.7929172776894399,0.7944541578920982,0.7066310718692844,0.7674058196898916,0.7391566812042384,0.683980120907616,0.7327494128211611,0.8015305838274407,0.8435366710443332,0.8585279573898817,0.8290792492545557,0.7746788904777885,0.7804854406121863,0.7209921274698698,0.840344194857987,0.7777959974959335,0.7622075421469052,0.7921460638553026,0.8516860626718411,0.7588526625769216,0.6830715458193242,0.7753843048150522,0.6856785545377432,0.8584743528285375,0.833628427203948,0.707977730262917,0.806527057140721,0.6980419855231099,0.7718441106977783,0.8508082094477414,0.7259195521060425,0.7935190060553162,0.7299519478706799,0.8341829132306662,0.7195823539474538,0.7839463783387117,0.8409355133101845,0.6509711339608691,0.7732251010069221,0.6332029999617518,0.8524756033870545,0.7589474337686841,0.733764154002428,0.72015142505155,0.8237142246891362,0.7538022542489458,0.8314933280895712,0.7563567122048815,0.8586111283036144,0.8658257457889336,0.8031970193295004,0.735038148213251,0.6883392876383705,0.7958943731405732,0.747601966264108,0.8159552564023116,0.819415850413528,0.7668829449557447,0.7907467316714056,0.8367288674461245,0.7674869895773446,0.7104382385860956,0.7504213926308757,0.705650424443787,0.8492464590328184,0.6430498860913685,0.8930406195070378,0.703767485444492,0.7919976222940212,0.8755586280349166,0.8245114405910755,0.7771115789480777,0.704218589067768,0.726016370412952,0.6368720993796811,0.7045256542933853,0.7075464739799615,0.7623152000822832,0.8019996863167316,0.8334390531202547,0.7283053827934951,0.8538319141556276,0.762955313585075,0.7628718828828869,0.7029456832235815,0.7958906481610621,0.7298624767605781,0.6986566235269048,0.8429092960798324,0.8817078497056299,0.6087473718028258,0.6941867087313317,0.7810494657686782,0.6943657067769452,0.8697516258946059,0.8180688222659258,0.7900005275105912,0.7975120184704231,0.8903562684823956,0.8176739007143716,0.8232095570699846,0.8744552366106833,0.7191445436064211,0.8366453054202506,0.7103188887929406
0.84801435946378,0.8947240514159001,0.9078733630855241,0.8892199802619056,0.8678009625515044,0.7782449299080636,0.8517126400011679,0.8658576790336555,0.8011788801783448,0.8142427908432947,0.0,0.8721691507757868,0.8638676385255197,0.8309371510396473,0.8586674451920822,0.8951416758321398,0.8655267414783583,0.8254624082886466,0.7732432947318765,0.8338779580879428,0.8584877984883179,0.9446103695430244,0.8472320595993342,0.9059000918929727,0.880146380972028,0.8495437751377333,0.8084546762570005,0.8803322486619078,0.8483422558260757,0.7241991649914654,0.8158232119608586,0.7624565568642918,0.8622210127675703,0.8180969894574035,0.8764696150852501,0.8744764605916291,0.8781052338209755,0.8780669921169566,0.8547756394435901,0.8658025761761557,0.8543354085591897,0.8239431901611918,0.7663281495384515,0.8758899083384405,0.8955577782196905,0.7737576956650614,0.6931156065322793,0.9150656900428178,0.8873966217906644,0.8105932232359364,0.8430421946125775,0.8233056963597402,0.7143474616657638,0.8966284283940483,0.9199891188616963,0.7823647028260168,0.8199525014377644,0.8626016347794986,0.8159766358826228,0.82345615948655,0.8620350917617711,0.6460118346950158,0.784552061503621,0.7961292573272571,0.7241465990174915,0.724707876251108,0.8765028786007254,0.7781564896743243,0.7904978504114498,0.8789638521258238,0.8380582826089462,0.7767111608724779,0.8096887132915283,0.8826047204274353,0.8131572598692449,0.6563286990516024,0.86365172281209,0.843365237879065,0.7626805527271024,0.6393471702304062,0.6951084027734907,0.817245092562633,0.8455353661763976,0.7969694008156158,0.7940317517079432,0.8976659170410236,0.7983481371520204,0.7248356283443899,0.7263941158340816,0.877732530407819,0.8748182625411852,0.769889762333332,0.8595093660454671,0.757019075582311,0.8793285263680533,0.8340642956653868,0.7215914605943884,0.7847224647921981,0.6924484336529589,0.8139293070643709,0.8147396212209673,0.7781110941480573,0.72778114012833,0.7649530956842956,0.7925661416583221,0.7931930853509233,0.7508160882836491,0.8692003368870467,0.7930571223641477,0.9015934278945615,0.8644049219644724,0.8341324169574584,0.8176264838692628,0.8454539227041532,0.7906368553408313,0.8729459968351466,0.699881053327102,0.8149143995483165,0.8553808988487833,0.7757279192343121,0.8577094430726916,0.7517482387876286,0.8047346458098513,0.8640911300145507,0.7559685666271124,0.8529644417480577,0.7148964401034744,0.8714267363610534,0.8764554873386393,0.7900716096760245,0.7390443469827124,0.7750778465545447,0.813989814613656,0.8466090429933993,0.8860631955351082,0.7258617601080806,0.7478574413072525,0.8481076590719695,0.8861847911387986,0.8105739327527955,0.7887471909270651,0.7870858351083746,0.8389888566380872,0.8285376093136234,0.9127732008774199,0.7349127484914231,0.8670450171534428,0.7000148740428551,0.836451999659966,0.6577102240822361,0.8650794350269253,0.703904858092262,0.8677978511149926,0.8091462620583714,0.8716855797880927,0.8995102347268019,0.907714841804169,0.8738076594966767,0.8645125572306789,0.7839668492763264,0.6856442205985537,0.7492358747477276,0.8342572024304244,0.9371477401654452
0.7840204499323415,0.8570674355822978,0.8361578181382647,0.851165194665583,0.8059529450616287,0.8302783293386314,0.7735853972951127,0.8458636818698134,0.790562241232037,0.7324882364340617,0.8721691507757868,0.0,0.7296157238504609,0.6872500820263059,0.7921023992729443,0.7969456973197677,0.8120055787917464,0.7098122925130838,0.8964576588477846,0.80325777540327,0.9024223461679749,0.8510000472058372,0.7489195822853578,0.8382190769313527,0.8506276831627916,0.7294633381011907,0.6550794974464107,0.8081706379661,0.743514454708874,0.716541099469483,0.8418471925776849,0.7470761820235791,0.8145239377300612,0.8584312766397638,0.8201637550348445,0.8744882532475848,0.7430112276833044,0.777628668481396,0.8908246092875892,0.735689487150836,0.8419976772673743,0.8282684450963903,0.7373961342942702,0.8755256895161605,0.817639063261506,0.723336004132774,0.6720627796626696,0.8327599541910493,0.7741033121245293,0.7935480163582119,0.8307767965980145,0.8530797653122938,0.7111610201948665,0.9075885690461504,0.8649137857035437,0.7686878324654625,0.8163980993952644,0.9290159705570106,0.7259725862470173,0.7787380462701611,0.8133107540294109,0.6391726972350534,0.7934594362820828,0.7326886025681055,0.7309774305658138,0.7122147526033537,0.7431455189255808,0.6645931240497609,0.6612894441884607,0.7824682976618841,0.7799337673033876,0.6771169414266012,0.7688178088903009,0.8064147010827398,0.7973814669507796,0.6198558489073969,0.7642411828552251,0.7260032836455731,0.740888985132517,0.6019446990108851,0.6957060672590586,0.8574548630836569,0.7628926336911304,0.7092084533265246,0.828710918786109,0.8430917585653939,0.7697030851827048,0.6651112725621326,0.6826467596112473,0.8121205077973531,0.8102631577089933,0.8397632881769259,0.8102724457967697,0.7555355456091291,0.8022441902497931,0.7916901082271937,0.7781162671539844,0.8704205661499577,0.6862176441204061,0.7571836039499555,0.7056574141756926,0.7618789635157616,0.7510511945768318,0.8048447130911156,0.7904848786782829,0.7353059968228066,0.7682236436691259,0.8077419547749674,0.7109992577954044,0.8618074751809556,0.9214548142667619,0.8221375190910772,0.7643826907900766,0.7323806564279918,0.7326248340901048,0.790674276656036,0.72673526671266,0.7490891059984423,0.8549667957918626,0.6988964744705849,0.7647122033769558,0.7267350519197885,0.8048347817629325,0.8146573478392889,0.7209364452031651,0.7979702432201934,0.719314396903017,0.8005138690947091,0.8752817838162892,0.6645881462073682,0.7174227252366338,0.7928653378918971,0.6623275582867592,0.8808425365448599,0.8756008004993155,0.679689344798702,0.7046970121082624,0.7357420988870478,0.7452236795029161,0.8164233160552442,0.7188699455313571,0.740826988896012,0.8375694826829905,0.8582928511462543,0.8147483977842145,0.7104174217706505,0.9048545218772173,0.6430632991660344,0.8171643916005665,0.6871235125234603,0.8817541156314228,0.6997612303163567,0.8556656329338731,0.7052167847285374,0.9327539046745571,0.7915620030654791,0.760166418440456,0.8213694791854471,0.7429734180332854,0.7048812515157916,0.6089193395673483,0.7383321360149828,0.8430985675401573,0.8614351473514126
