0,1,2,3,4,5,6,7,8,9,10,11,12,13,14,15,16,17,18,19,20,21,22,23,24,25,26,27,28,29,30,31,32,33,34,35,36,37,38,39,40,41,42,43,44,45,46,47,48,49,50,51,52,53,54,55,56,57,58,59,60,61,62,63,64,65,66,67,68,69,70,71,72,73,74,75,76,77,78,79,80,81,82,83,84,85,86,87,88,89,90,91,92,93,94,95,96,97,98,99,100,101,102,103,104,105,106,107,108,109,110,111,112,113,114,115,116,117,118,119,120,121,122,123,124,125,126,127,128,129,130,131,132,133,134,135,136,137,138,139,140,141,142,143,144,145,146,147,148,149,150,151,152,153,154,155,156,157,158,159,160,161,162,163
0.0,0.8787591276305211,0.855513615898208,0.7975200395545197,0.8887139346061361,0.810130605827147,0.8657057282584774,0.8077294343852828,0.8810666077326841,0.8319750102774423,0.9246412821787198,0.8802060140541235,0.884670266980005,0.8195308589818262,0.8863372229900828,0.8652287881909179,0.8616170762076617,0.959213074761298,0.8616566561646296,0.918976551831363,0.9142016449866411,0.916784766804789,0.8826765066357933,0.8844906945120442,0.9295156209987238,0.8468529656945879,0.850388174148673,0.8362199646382911,0.8088413587052602,0.8464389042028554,0.8952414577474342,0.8805770657002496,0.8117200284743423,0.8423362619829604,0.9307028683402474,0.8662184910682474,0.9344188188240979,0.8824189406154603,0.8147956562225626,0.8811957660621446,0.8198708419959628,0.8682447151028647,0.8965536123430511,0.8763928415721366,0.8992767688568809,0.8857141171161571,0.8488514590039493,0.9069953581681645,0.9394042311603192,0.9024072581077924,0.905222121667629,0.8625877853546207,0.8312039312518712,0.8672007242736799,0.8765979415725155,0.800765278448934,0.9353422033890935,0.8636743330163589,0.8321727845443204,0.8690228542846864,0.78365342287378,0.7301455042696131,0.862515169386166,0.7978503576910735,0.8558347662925762,0.834533105214877,0.8473236753589011,0.871117012744017,0.863761828014221,0.8460474613272015,0.916890394929403,0.8481260877237713,0.842537606939172,0.8850193561993496,0.8314682968759077,0.8895698985310715,0.7977076799244173,0.8579059650275465,0.8043712633716003,0.6652033257014122,0.7841400316233434,0.9176949987447761,0.8407472391965334,0.776844837248623,0.8803415433158333,0.8920338187747391,0.8283156507544499,0.8702907314023186,0.8516567501852814,0.7914866736541142,0.9340206702446806,0.8602542372845781,0.9103143670351982,0.8802885346224518,0.8835570212089568,0.8525308132743304,0.7399649228622949,0.8213120950508334,0.7746764348897316,0.8367419833345081,0.806576540457546,0.7521540339903137,0.8173400947764058,0.7957511203906209,0.8916914535265771,0.8404590593155742,0.7749341026659415,0.822586662033929,0.8831384761174073,0.8867096496276528,0.8905951012286365,0.9059457241358417,0.8405041486305151,0.7875390837108366,0.8708700331599268,0.8566207432439479,0.8501469073847077,0.911513465085424,0.7861008978287076,0.7883228696385499,0.8592003175640374,0.744394242451791,0.8611301380115423,0.896755063190822,0.8201748136872077,0.8441324835289045,0.7435309164390576,0.8355594556445297,0.821656099837047,0.8768799553738378,0.781341325469506,0.7925285501486693,0.7525195287558927,0.8443443831258252,0.8781551885388896,0.7860441072839961,0.8499290506776862,0.9060060728189404,0.8954821836658272,0.8768326528781698,0.7845900126903282,0.8302656484740791,0.9114314063550717,0.8525727220092473,0.923669247075874,0.8931289326569806,0.8795603101735042,0.7471201719219195,0.9253337245773319,0.6242723469297063,0.9086796813658085,0.7944561952199942,0.9006930711235351,0.8063400291206654,0.8362075171720208,0.883196117515537,0.8600577733115522,0.8114227476721145,0.8249617302029072,0.8151017970411928,0.7555493141817896,0.8775624019540038,0.9231621176966304,0.94238534948546
0.8787591276305211,0.0,0.8260889437458183,0.8065054976732896,0.8199338629447941,0.8615924763085704,0.8537910677389464,0.7801336172701686,0.8558882913380216,0.8712549587235395,0.837365565123556,0.907469001787615,0.8214896434864851,0.7970048575816294,0.8449474174659158,0.7924987711325677,0.8061035991837344,0.8174223845542836,0.8248045323300052,0.8043143674184671,0.8368082340226746,0.8709257550340537,0.8327520916202642,0.8693003994344477,0.8750824923026023,0.7625172674480957,0.83066152070852,0.7888235466168306,0.8952486260562021,0.8247299812764812,0.8630767676940996,0.7965877809151769,0.8653627469176627,0.8019981909732896,0.8666904308611084,0.8267136868721552,0.8402132484035174,0.8032195964452725,0.784158052990295,0.8585038442765054,0.8626596349600681,0.8563621080568323,0.7270871676354072,0.8323242470134824,0.8336236414115293,0.8081651881779844,0.8277466467715239,0.8000543213945305,0.8337159090407064,0.776574304787942,0.8026477079531376,0.8425342951123165,0.8341608569790501,0.8566304321816773,0.8102726848608933,0.8917898212032735,0.8127838037410008,0.8303021825356818,0.7298802810841227,0.8343437758503678,0.746497318894,0.6971126339104018,0.7539918665606378,0.7261900521376806,0.7240473763077456,0.6997360500484294,0.7888027651983212,0.7801587534386573,0.7154593540525502,0.7604041404613483,0.8093676554433754,0.7704368052171975,0.7362573361890956,0.795543072684808,0.8024905500191168,0.8344495691703501,0.7070163241257046,0.8770570194129109,0.7315967618707923,0.7013291846611023,0.8090380691333308,0.8370085975383297,0.8969211497460867,0.7568108204703915,0.7688729710171913,0.8997611340827134,0.7285492145155726,0.7301640531080745,0.8285592597029899,0.8739368526106307,0.8334382208452621,0.8815370354274962,0.8408287058258765,0.8084082723740973,0.8068647941205147,0.896377064337904,0.6944766535874242,0.8473138173848751,0.7456204000469704,0.8238581218026962,0.7878677033837483,0.6412025928399226,0.7264377132285516,0.8084192936111311,0.7869239608193,0.7800399821468997,0.6976794767865069,0.825896467638245,0.8594258997485652,0.8912803856905627,0.8365451207590356,0.7719572729376566,0.7810442451669968,0.7472912672151826,0.8146462913076447,0.9007796458809907,0.8442440424318072,0.760495156629208,0.7610569646435821,0.8235114269356913,0.7778889963401762,0.7070182543270399,0.8051756560117163,0.8968945666098639,0.7719538699840242,0.8757096951588429,0.7141859758015319,0.8258361196743146,0.8333789530638781,0.7824767429608022,0.8433277574312544,0.7313775874965499,0.6993936366465344,0.8630230902273909,0.7772048993857928,0.7084461180273768,0.8361888051750906,0.8560625746307717,0.8031690405245896,0.7977341046925035,0.7841656865536015,0.7912547511585487,0.9071598334766886,0.7746299379940572,0.8527905296076779,0.7873328311508351,0.8828376943167274,0.8219794739421684,0.8759906140192657,0.6582415290562916,0.7978939208332733,0.8359221913219372,0.8037324641166285,0.8098542499887244,0.842870467390915,0.7965448306963975,0.8214996844868411,0.8563289859888878,0.8359641172305251,0.7365051712188243,0.7733281272675974,0.8671668969559809,0.9320915960424218,0.8647990183252657
0.855513615898208,0.8260889437458183,0.0,0.7920272662297669,0.8257053914980584,0.8576535585043735,0.7935002647914026,0.8374586329504117,0.771434346196584,0.8781785309858021,0.8816807735620875,0.8265871441200109,0.9202428921058944,0.7527064795113761,0.7790484959029942,0.9065837301225895,0.8867367331617061,0.859391744075726,0.7620257918120817,0.7760203819869208,0.9115043824942735,0.9006413573785468,0.7958141799057549,0.815662860452637,0.8584034246970247,0.8608312827875054,0.8305074597391655,0.8063418333137047,0.7639273675189368,0.8028380665617887,0.7500119445160844,0.8587280185851339,0.7773418479134944,0.7679945225750353,0.7475944837059957,0.7826156206734772,0.8794181615312973,0.7909789066103319,0.7179760206755328,0.8610896426618537,0.7533758600418762,0.8851995596083501,0.8174286132894037,0.7673855241108064,0.8541878138165223,0.8545609867756425,0.8298989878137788,0.832285208634524,0.8124217504354511,0.8024838994172913,0.8562820926640995,0.8516988984061588,0.730843785306069,0.8377962661164595,0.7984770364548769,0.7964439212534236,0.818263780893163,0.8787172238073782,0.7622057546865941,0.794340451500148,0.8227509564898308,0.7173206069468743,0.8644411421104116,0.6981412308237753,0.7199746852989215,0.797778713582149,0.8341093036836867,0.8818031484565807,0.8536498490582843,0.845050371646512,0.8573606241506326,0.6899212127968805,0.8018503366500722,0.9231287849578221,0.8605362745274545,0.7263227996378457,0.8410833461267017,0.861603948809416,0.7456327560437612,0.6521902902291531,0.8422145122544716,0.8210412142705584,0.8325573079552367,0.7776487347968488,0.8067925299447123,0.8421695318878171,0.8065115339852704,0.7720549425497137,0.8135735086449816,0.7625179086052536,0.8829678447274042,0.749888510556674,0.7979670494615589,0.7402509975317686,0.8086553824585634,0.7994227284346708,0.7038477231260878,0.7780395885579174,0.6553265818804856,0.8271075292360348,0.6653658295471837,0.7771551643438026,0.7502531148957035,0.7404814688238988,0.7891363533434977,0.8771566774051425,0.8256341062857341,0.8230175495768508,0.8499894174872493,0.8608103949974806,0.8229644183155383,0.7765425923502648,0.8431132326548944,0.7805420208419861,0.7881367039494929,0.8790053448663699,0.7519323935258099,0.7874474029406737,0.8191619496126481,0.7529814242729942,0.7400786259749694,0.7540005301723649,0.7636991980150658,0.8446839162448245,0.6387412235836418,0.805697961815053,0.7609966871984465,0.8299323979315111,0.800701247656509,0.7872395402555704,0.7817888541917603,0.9015282020225616,0.7016442163335432,0.7200840049348214,0.7690897266525055,0.649722739871184,0.7476178613699956,0.7688527466615207,0.8262646935918427,0.757350818472109,0.720707836993196,0.777185669509639,0.8302520334328116,0.7876676381092991,0.8166231476419836,0.8142791543605207,0.8163818833279539,0.8333547904329106,0.8565485960557131,0.6149225818114386,0.7547264628560547,0.6774765472894608,0.8152389115058861,0.8597524927006462,0.8180238386210145,0.8187777065682789,0.8156964770522698,0.8751202120579948,0.7064824688983712,0.7802078519463488,0.8062975842238121,0.7009256364254622,0.8420644777544662,0.8173447084984896
0.7975200395545197,0.8065054976732896,0.7920272662297669,0.0,0.7469931326026715,0.862469712598966,0.8448185231695238,0.7851421947867001,0.6966730016523269,0.8170424197681704,0.8482924964823739,0.8472479143298064,0.7794130529927074,0.7168137805923942,0.8036901846681022,0.7373656042439993,0.7680677887870788,0.7710265118667583,0.8403481134088648,0.6707718031801434,0.8302866288729482,0.7762862942590113,0.7832511740878523,0.7604821646784662,0.8527361149715657,0.8181225331681584,0.7602604544460071,0.7931161622945686,0.8113326515655469,0.6862653955435128,0.7803888813898234,0.7641980435272209,0.9519294837500932,0.7848105368200545,0.7854668080181564,0.8094313819171949,0.8105447306108858,0.7376308846760393,0.7232239054901387,0.8116416319084826,0.8563636405758426,0.7517518245482013,0.7505488359754806,0.8605146698111908,0.7851287995734463,0.7518211789602071,0.703831842260721,0.8079903602391478,0.7868157498280796,0.7193447233402788,0.8620673774144914,0.8848282722451445,0.7350871144939473,0.9310180913065499,0.8611557694070077,0.7174238020080188,0.7524667701304862,0.8586888744986628,0.7167152221712911,0.733103897589316,0.8085482826570333,0.6649893407972075,0.8591910475835122,0.635656317458343,0.6839479998649931,0.7175913028879238,0.7772179996939366,0.7501828734828861,0.7265204648914578,0.8165861823932599,0.7670302630685296,0.6774957285139797,0.7739719171589209,0.8306904570435036,0.7784738012172204,0.7463014307823795,0.7437060659312985,0.8032857102793656,0.7489958492847225,0.6543799789814942,0.8364684016667732,0.8248732494393448,0.7332946527631665,0.7651410202645803,0.7984516498944609,0.7668567304490976,0.7884434275885231,0.7452824185156803,0.7880629585261122,0.6816414277494214,0.8627384340455514,0.8356592217507857,0.7942383714045796,0.7345163647083209,0.8086959097742525,0.8613068425929604,0.678574642494824,0.8272506575559028,0.659943881673204,0.8270900907917798,0.6977476351705174,0.7058560387629177,0.8777000360971359,0.8714667892897678,0.7959743436220327,0.7127931585892224,0.7282131212624796,0.7587982583774071,0.7844840197871052,0.7526290993752852,0.8993207631787988,0.7593506819196737,0.8512362962377978,0.716081137613742,0.8271227444453004,0.7928868228411821,0.8058640148547923,0.6948613093213664,0.8824088333238534,0.7951392090133345,0.654999082882212,0.844270416441555,0.7217973381227261,0.8471799517004137,0.6620864749351839,0.8786284043633119,0.7007707309254205,0.7253111398407404,0.841083368144661,0.7144912685822002,0.6654719547081186,0.7038505122629195,0.6751517335277446,0.7879776878199657,0.7160563293913964,0.6144926602005062,0.65690443097525,0.7872395711015072,0.7489380371850748,0.7370836983681954,0.9339506629235264,0.6851041564117163,0.8223654876893259,0.7762442837236309,0.7818461618502989,0.7810964701247803,0.7411616231009932,0.7590536473879717,0.7650283665228822,0.5634660840146665,0.8210473476305677,0.8331586046313516,0.7173721361834143,0.6753144423571867,0.8912832084841876,0.7441172789197644,0.7283418707985223,0.8424679476081468,0.8942286400937443,0.7936522213462502,0.8217000841169361,0.7855663785709945,0.8102018272484338,0.794575701116613
0.8887139346061361,0.8199338629447941,0.8257053914980584,0.7469931326026715,0.0,0.7420237608829221,0.8631009555177531,0.6852687022275625,0.7992033378844522,0.7572209809072518,0.8687241908640417,0.8182501958741322,0.7631823732246521,0.7489632622271976,0.8813222271069892,0.7856444914290763,0.7874050849903603,0.8728973284650343,0.7843304424784636,0.7889453536434813,0.8761447979458195,0.9084965494128222,0.7991864122435806,0.8673162398705588,0.8137606451212908,0.7898017784054219,0.7416757613629203,0.7062371324736396,0.8132417708403715,0.8109740702153664,0.809980263848033,0.7712922358173445,0.7849400581826146,0.7113283694255231,0.8540899495636622,0.8038016331521447,0.8302924486351775,0.7996699000647044,0.7956953751699997,0.8332553511521797,0.8246447281650389,0.8215085027089577,0.8368097209198309,0.8805436530494744,0.757368809080593,0.7737226852050435,0.8456014949480863,0.8789906720604622,0.865494578373042,0.8480306043688534,0.8594570433512032,0.8211439953120241,0.8134936736947087,0.8308832989843966,0.8187687078945947,0.7320204980363246,0.8448498723416552,0.8077054362001471,0.776363976537425,0.7710778886099235,0.6682558420360174,0.6776722684355564,0.8036674953032934,0.742660504554106,0.8371742423450049,0.7189115275551308,0.7333541424855711,0.8446716304566398,0.7815735906231966,0.7377344793797324,0.8686800661252169,0.7834675353025861,0.7378678025650025,0.800036221172614,0.723332504132345,0.766772353481311,0.7286398518207741,0.8882588105751144,0.7023092152408433,0.6706234926460807,0.7712958268439232,0.8590665424196853,0.8360601085792978,0.6688684072864998,0.7764290176591158,0.7856969313396711,0.698776623428531,0.7848919387238983,0.7009243671753914,0.7085592631906984,0.9124016646174372,0.8010297367884851,0.9023710671640303,0.7761584949668624,0.8431050648877846,0.8169083618871205,0.6633054562207108,0.7278267876983465,0.744301153020377,0.7158516032670479,0.7442456195336686,0.66306377817759,0.7525078081481575,0.7573547268880689,0.7825921295581136,0.7483005123471734,0.681595186868208,0.7232521269831078,0.838726526137853,0.8284954934787732,0.8391394127603651,0.8424114051620546,0.7330399360520267,0.6760630281091391,0.7742725819018175,0.7804109699179791,0.7411247900334071,0.8618084435885132,0.7479676355984716,0.708735434744822,0.8898911556158223,0.6712531059546827,0.7572811545201362,0.8687100918512917,0.796053303272089,0.795967078715722,0.6797876055946991,0.7617574483259512,0.7389322205589796,0.8349492451909463,0.6955846751116995,0.7448266995388164,0.6379491124518849,0.7988717420556188,0.8014028473349517,0.8280042187469797,0.7862186260680812,0.8796661900599672,0.7903207349471335,0.8175719974476038,0.7437254329686989,0.7700013759011507,0.8353448499125042,0.8058811301685411,0.8700465310113885,0.8037989942780119,0.87439223487639,0.7315164656096383,0.8146104804287058,0.5835542024278952,0.7952042306733237,0.7873922760427531,0.840498914945729,0.7822530258500913,0.7758989923595149,0.7762052666585016,0.7674491759913867,0.7659475906426326,0.7936027968507897,0.7435898256024249,0.725097224051784,0.8048830364319588,0.8377101505937791,0.9242596622183631
0.810130605827147,0.8615924763085704,0.8576535585043735,0.862469712598966,0.7420237608829221,0.0,0.7747216426689512,0.8553449322155477,0.7695653126647506,0.849406696334215,0.8384156969992874,0.8984796927054876,0.8437515414083471,0.7161880153106188,0.7422963369776309,0.832813252640416,0.8129727026714194,0.735104940342468,0.8208508714897095,0.7042729110069462,0.8411123949647533,0.7865302725641019,0.7461497734343774,0.7475248601171726,0.8635956532969532,0.7998387359660214,0.7681331764346151,0.7962274422169232,0.8039405312183161,0.7968515117824208,0.7942813535028062,0.8278136913926936,0.8618195303427515,0.7991092577594696,0.7500624779196073,0.7860684107148911,0.845023906407628,0.7645097884606946,0.7255854454373423,0.7625309482219191,0.7913133351841188,0.8338842862013167,0.7260749596236968,0.8044576071420334,0.8076775879969439,0.773168091516235,0.7639064588166832,0.7969504421795638,0.7429097783863629,0.7112160059998108,0.8137740720415877,0.8828678263915536,0.7162163790168092,0.8582014482585845,0.8062838654596892,0.8540815480049941,0.7585460887099468,0.927745447763015,0.6501472992518041,0.7596782536682579,0.8371384831553975,0.7250024833827479,0.8466308023586885,0.633459898381164,0.6380430367586645,0.7148475200230434,0.7677977112930345,0.776993377528364,0.7040067592241679,0.8336894983542432,0.7839354679412266,0.6536179849778488,0.7552261376386801,0.8197791237552253,0.8614013383415211,0.7619671975384934,0.7554518593265158,0.8421728457546006,0.7478446720432071,0.757460481962193,0.9230694407644255,0.7958197047209392,0.8362340759565741,0.8231060472844355,0.7900408782003971,0.8391889958079024,0.8349634070984375,0.7029443987364999,0.8510840335167561,0.7973496122632246,0.8339628311968377,0.821527186941243,0.7684508996351497,0.7421185908176248,0.7498946222112515,0.8810276823930073,0.7086337211724323,0.8528778458658308,0.668718446962881,0.8286977380985231,0.692527262834683,0.716360060710702,0.7630686636464401,0.8032030843645668,0.7857209772594556,0.7917717623328763,0.7579929949647375,0.8118751548271379,0.7665953354898623,0.8119576348709737,0.8436634320313624,0.7245314179424991,0.8594522964239671,0.7879220815978286,0.8063649113641259,0.8779830009610415,0.8234238681285148,0.682170847145385,0.8295162312226076,0.8420159537794001,0.6637955325858379,0.8327989467230466,0.7610681760658311,0.8725020449377229,0.6534737878458036,0.8817279256760326,0.735235789012173,0.8132519451530571,0.8435041638505413,0.6819302006765314,0.8121903315084249,0.825916639505736,0.7264638699991266,0.8022976112210328,0.7055797070625123,0.5946399731690047,0.7352908375882368,0.7261107945426517,0.7064255673569069,0.744342743145586,0.7988171103666304,0.7627277453492143,0.8164856699465743,0.7513216371043608,0.7951828645275153,0.7609920110889412,0.80794906304208,0.8418464916833872,0.8116876315188202,0.6522202437418092,0.780399531665666,0.7755786216995603,0.7137783997404723,0.7176281922846098,0.8844826736276571,0.7662840843533522,0.7564953534598962,0.92892223255057,0.7584841196558456,0.7889595692756789,0.7570914899603354,0.7881606622046384,0.8705362905994382,0.7870743036919207
0.8657057282584774,0.8537910677389464,0.7935002647914026,0.8448185231695238,0.8631009555177531,0.7747216426689512,0.0,0.6906805750385095,0.7383176101393979,0.8736482902626487,0.8136982375657621,0.8317696321151881,0.790904628807952,0.772844428563518,0.870692480552778,0.733407811470276,0.7664572183979069,0.8418037586764707,0.7847574322069168,0.7268717726230987,0.8409459731308798,0.833821714105788,0.8763255989807579,0.8569480015394196,0.8776401903735405,0.8047672684132927,0.767491061417703,0.740687145964137,0.8248628413645178,0.7353508735088026,0.8062835995257394,0.8156668960578984,0.846843506937727,0.7973754816595708,0.8415230269078476,0.8023649956601553,0.8488581396492316,0.703385895006386,0.7265066587766867,0.8987052980706131,0.797812003294208,0.8303788424602686,0.7835092284643507,0.8737430867255234,0.7957906304313055,0.7984734469908844,0.8532823991156173,0.8280340160602745,0.9228843393009217,0.7809722834419667,0.8911958355727679,0.8298799607787503,0.783155456963793,0.8711009359057185,0.8442061075944837,0.7948947298692293,0.7837307866155886,0.7644236921889115,0.8516790344590441,0.7756675286908784,0.6968539636151704,0.6768510119455242,0.7563238361510349,0.7096869891249525,0.7912489028944406,0.7298332828449441,0.8248719073590098,0.8547068814071521,0.7521764103550557,0.7209015305527063,0.8245217412438521,0.760050277651156,0.7779132837824154,0.8450401255952599,0.6825867559046302,0.8535718794193772,0.7625654815255317,0.9011092183883418,0.6735957030663993,0.6616537227177041,0.7635257321853761,0.8543887427762324,0.8038462062195673,0.6435491905930514,0.7816262348588426,0.7414072510507231,0.7018189264165374,0.8298783430051073,0.7773456529521594,0.723371297531496,0.8788511473991738,0.9009191752615894,0.8504626962601907,0.778076484897667,0.8604868913476635,0.8574334248863946,0.6285346159007271,0.8121561943207943,0.7259806867321019,0.840315041842623,0.7381737849754546,0.669030801341065,0.8509347779929428,0.8147273550632123,0.7641838044154133,0.7373757977183063,0.7004466099269864,0.7482999280050523,0.8896766104759393,0.86620711524894,0.9247317553054916,0.7956152588472231,0.8224532014394208,0.6483712245915892,0.7672553413753914,0.779136079109171,0.8059594045015595,0.8200817924143382,0.8182613222199608,0.7403520132327582,0.748202913411452,0.683241597364895,0.7599600641297928,0.8975819494349571,0.7309078326909463,0.8261164834619757,0.7285040869971119,0.7501688653682946,0.7821972702309326,0.793644076035854,0.6829523751406222,0.6615777762913989,0.6182753627018254,0.741894136521362,0.7403410078719801,0.7175401797953458,0.7253037426536938,0.8705841400802117,0.7801463360322443,0.7527748108604476,0.8080341571359704,0.7409065896454311,0.9164829771634004,0.7770077676462337,0.8288853235949684,0.8799490315066413,0.782242522309792,0.7626353602308314,0.8138260482330075,0.538175008264691,0.7864995116061891,0.8010465986631822,0.7507693547433764,0.8251887920406934,0.8154563076685103,0.7690989185686071,0.7689909143456881,0.8183092196939161,0.8721884836190792,0.8142388798609356,0.8447768933727193,0.8061607161931891,0.8507404733080329,0.8260234561037441
0.8077294343852828,0.7801336172701686,0.8374586329504117,0.7851421947867001,0.6852687022275625,0.8553449322155477,0.6906805750385095,0.0,0.8129334783500035,0.7773543075361039,0.8307895095683184,0.8504764245854466,0.8729344228324118,0.6846597034649866,0.7658642624982569,0.854517729401172,0.7650632882814015,0.7715533390032517,0.7877442752829582,0.7648959021534026,0.7980205502107431,0.7924191160555499,0.7259584632494623,0.7356480867412646,0.8303638391261196,0.8049078716760113,0.8319847928813591,0.7898042792589514,0.6909240290071404,0.7929381887852083,0.8327365534596464,0.8024647571045402,0.7939191791242753,0.7769269590302395,0.7187348320622168,0.7639566381476213,0.8774387086232536,0.818485068744441,0.7808725636746181,0.7329289468582267,0.7355813207135622,0.7403933106568851,0.7976633452821306,0.7231709443376988,0.8905709358620126,0.8445733793198439,0.6925941126947385,0.7821445888512829,0.7244582595040058,0.7390870256418324,0.7870502927836519,0.7719537854739482,0.660621504926144,0.7970395360595878,0.7908862742173445,0.7466040431626538,0.786833337741339,0.898996052771278,0.6375444809393611,0.780137996019294,0.9217295881938039,0.7116593204016125,0.8441447213505966,0.6299089565583272,0.652878423528632,0.781315437607304,0.8034980789746161,0.7838819776565692,0.754651655356547,0.9498220110717958,0.8153379424544983,0.6625313505972052,0.7122734128370038,0.8266583175940243,0.8803201131771469,0.7300412304789083,0.8023473355559004,0.7429225041943779,0.8522118866980207,0.617518090798494,0.7482740352094129,0.8050320884518362,0.8023610059506538,0.8682197539539749,0.7565885937857576,0.8844936904888137,0.9396827189848755,0.7303279398807461,0.8803587586072863,0.8333091875598687,0.7828347450101191,0.7334351717325646,0.7373372892621183,0.7330393684737764,0.6976337848250719,0.8124028923091129,0.791889379067762,0.7538909201015711,0.615572132694587,0.7960341519318749,0.7008451482607622,0.8587579661261215,0.7225623497155633,0.7431857662423742,0.8052006302187086,0.8385275435629257,0.8069513226448504,0.7653597018204056,0.7501274439563582,0.7498591611560472,0.7528913687074754,0.7276035374383801,0.7840848927541391,0.8522476561974619,0.8110207416840446,0.8225381806684707,0.7224033420610776,0.7207560070107243,0.696743312674972,0.7522928690417366,0.6668306027795798,0.8989057382753973,0.6917752726946013,0.8114572308676139,0.6141931584418361,0.8449508448030196,0.6836814244847219,0.8844491949887304,0.7604168600517266,0.7423117037020692,0.7813266275716142,0.841060749622853,0.8375342489963331,0.7514489510398299,0.7793443878489592,0.595597000236545,0.7588485333833394,0.7208386623812696,0.7886144974017132,0.8388229922360387,0.7545287335820258,0.7129864513994225,0.7544426669598915,0.7359552978564377,0.7854338638028912,0.7352897890681465,0.8133680468007264,0.8156198986530732,0.8021234002455538,0.6116290888892304,0.8348201027544674,0.6687503490619194,0.7553473824127248,0.7175883539870846,0.827958870018957,0.884874152271722,0.7996893652874014,0.844904988435848,0.6873141796355274,0.7252947913153249,0.6717967399413528,0.6947900004796177,0.8508140528586494,0.7612434677683674
0.8810666077326841,0.8558882913380216,0.771434346196584,0.6966730016523269,0.7992033378844522,0.7695653126647506,0.7383176101393979,0.8129334783500035,0.0,0.7486638872890629,0.8089630790612423,0.8277658316936329,0.7740335728311102,0.7321560405333172,0.835440699379412,0.7619017250974168,0.7147615612508786,0.8257800218689537,0.7716085400606958,0.8257142078880458,0.7608756960573697,0.8826352292047487,0.7330883824912781,0.7720057115380121,0.8090346139208664,0.6882203668202216,0.8042939365684632,0.7121100804812011,0.7265498158437237,0.8759447764441448,0.889386644163145,0.7478130685120727,0.7500962948691954,0.6904453724189479,0.8225478927616431,0.756476023769964,0.8270522498589022,0.8261233753109786,0.803571125606615,0.718478956203412,0.7374812575353589,0.8210606064033898,0.7543528389268724,0.749218884294788,0.7919822786013284,0.7539196985192539,0.7413877066859899,0.7634669033874144,0.7616964283599288,0.7779132373914001,0.7475112261719723,0.7175013109103514,0.7591846234079702,0.7502540137507157,0.7423763191903296,0.8043485355871058,0.7956320117611937,0.8130666486307373,0.6748532679091537,0.7671065449817807,0.7308865985440004,0.6732881651634434,0.7355122479535864,0.6943907858802448,0.7478465648050309,0.6856000485201998,0.737658008929962,0.7886251917504007,0.7386496836254107,0.8265914050023159,0.8339337632500075,0.739265335093522,0.6956741503176748,0.734993190911976,0.7904036301410284,0.7565663625936222,0.6851808374548918,0.7483079028371225,0.7117174525251833,0.5926229293347705,0.6833703436193064,0.8662973241927273,0.8772021540183258,0.7181545418643115,0.7067942482194692,0.8720831933629495,0.7857540973331745,0.7387572530372781,0.76357242119569,0.8704094163638054,0.7991996606038041,0.7957196931140772,0.7863951319813867,0.7426653650302776,0.7510033464946064,0.8301286613377195,0.7353529047185771,0.7197537341294455,0.7089539080723006,0.7051991943408087,0.7514073420226788,0.6863615636134757,0.6675771995106548,0.7261847665270021,0.7837298116831417,0.7283181845214348,0.6475508004471323,0.7295150910752606,0.7314187792717214,0.7704976146452511,0.7235960084623035,0.7540172415655781,0.7075934509181945,0.7865202581948958,0.7339873585203007,0.7894745468375932,0.7116698174170174,0.7833711934599843,0.6286306818407469,0.7498455923772336,0.777407628849238,0.7209423789906066,0.7041221900764905,0.7995936156151023,0.7843262030539753,0.7691675260534839,0.651505390871203,0.8113362619166925,0.681750540753492,0.7751858786417766,0.8512983228695743,0.7464565921767246,0.7366298951465102,0.8499910489551777,0.8048489904311621,0.7278589252249557,0.8143967546633307,0.7790905669719889,0.7603074285464806,0.8564395642613529,0.7169623801445695,0.7493543494226098,0.8175422118577715,0.777931381136821,0.7966049177826108,0.7374127209658901,0.9258312486375293,0.7138976739501521,0.8131944034619587,0.6083434892247941,0.8182588615581918,0.7380460014285593,0.8218827954042793,0.7391062784164523,0.748189809613334,0.8561122176885307,0.7898283153267455,0.7465368461370847,0.7256746066448485,0.664010791676958,0.6168369658235036,0.7953017303082917,0.8985945778602366,0.8616167695538061
0.8319750102774423,0.8712549587235395,0.8781785309858021,0.8170424197681704,0.7572209809072518,0.849406696334215,0.8736482902626487,0.7773543075361039,0.7486638872890629,0.0,0.8071545357766096,0.8409006205374063,0.8708864716867382,0.7558891107266136,0.7574503770839156,0.8077576918209242,0.8304248587797715,0.8225463778131021,0.7619813617874645,0.7242460243337785,0.8159760860814812,0.8112352228761839,0.8814833106477078,0.7934760486677893,0.9172096606097445,0.787373117157802,0.8549379769768813,0.8279585158104448,0.8119880856685281,0.7894398713093086,0.7500549423719368,0.844164267792999,0.7935817753304778,0.8179373969706647,0.7581334593078564,0.7478963492045799,0.8469733132202052,0.7091753714482725,0.6530868276420438,0.8673582212450023,0.7297912998100038,0.8993782066187901,0.727952007419732,0.752130430456737,0.8244807383034611,0.8082636812214135,0.8337462214039844,0.756335614184868,0.8505696283027532,0.7141362683038635,0.8018477689037532,0.8109122740071865,0.7009656939122891,0.7978950165975836,0.7723724112933488,0.8751491318517635,0.74016075209108,0.8121586129269867,0.7746645132759998,0.760403667529626,0.7459033263161046,0.6658955663443663,0.7444803024975284,0.673773611448119,0.6603943748197556,0.7079322404946622,0.8154020342788866,0.8222948136709596,0.7825706427419838,0.7807923732798093,0.7576257350104467,0.681739705067307,0.7725246964762889,0.8536354331949294,0.7747611603954851,0.7986617127707324,0.7624543101753406,0.8639274197571203,0.6831037097636092,0.6530661260755108,0.794245547137643,0.7667562707287888,0.8270364083042925,0.7157247249773165,0.7595600083883755,0.7944325456865262,0.7397686732609979,0.7566415559207875,0.8605354656215886,0.7683232529369506,0.8296723707321287,0.8161898121827321,0.7599722002183983,0.7134715060742286,0.7728125078273766,0.8393483887580592,0.6052037336087361,0.8512492997641868,0.6548646813355825,0.8695544433530656,0.6635153411543635,0.6839813415541328,0.7741355087882328,0.8066456251241685,0.7321253280754687,0.7986326704182507,0.7316975598522374,0.8753826116581713,0.844497493029009,0.8706224068670056,0.8369681079795552,0.7164186982375927,0.8343313712473632,0.7399893908085723,0.7476213301583735,0.8681636405257429,0.8302991695790487,0.7596810824489927,0.8252659822403053,0.7866429743835188,0.6584773985299146,0.7045250666035445,0.7606655947918821,0.8406657010946007,0.6317184975034086,0.8148176397263553,0.7340620652694528,0.7662659655039746,0.814143483740336,0.7246736522941277,0.8184072712460665,0.724121340413406,0.6506110969958716,0.6869273469479206,0.6840699071567827,0.5957698481456227,0.7400337072621823,0.7606023743526702,0.7939310010863543,0.7074348774099054,0.7516955683212461,0.7410807089692859,0.8557327230698143,0.7198684228007298,0.7684780340211522,0.8424633090933898,0.7456716080874057,0.8238691257234938,0.87665832213526,0.5913312256371303,0.7216164021140169,0.7322596896783674,0.7273891969088648,0.8590570846860601,0.839791310536285,0.7586030296557399,0.7910114705328446,0.889806882795048,0.7616371555998023,0.7862868941262545,0.8754156473370805,0.7483169708137047,0.8525741523681208,0.7603997241121819
0.9246412821787198,0.837365565123556,0.8816807735620875,0.8482924964823739,0.8687241908640417,0.8384156969992874,0.8136982375657621,0.8307895095683184,0.8089630790612423,0.8071545357766096,0.0,0.874413813084667,0.8813493350286322,0.7743920969795897,0.8557194865523337,0.9000826143049356,0.8785292346033391,0.9118085461265842,0.8815641433214841,0.8379565923825049,0.9149936305954762,0.912241468803448,0.827664145825085,0.8477029075866993,0.886254622140481,0.8463540688228511,0.8506611217624646,0.8615925594942215,0.8435869779998094,0.8339674000949976,0.838668887783551,0.8500031626591983,0.8415440397177227,0.7896489493047291,0.8512537569387285,0.836675476753058,0.9107584445090264,0.8929762309996698,0.8365234445733672,0.856360032212625,0.836839245805819,0.8091739293114809,0.8743002273409061,0.8658335745876296,0.8475546196373694,0.8392099242704795,0.7482159310098623,0.9211700812683403,0.8749291116072556,0.8489739138319208,0.9015592809706823,0.8577988804384401,0.8089400144734539,0.9015295647370014,0.9068747582080416,0.7159600938667335,0.9165384698224796,0.9209745159047021,0.7605198262495778,0.8295353377054949,0.8483579857341987,0.7048527795538299,0.9163345176368467,0.7211468539732278,0.7804444611260697,0.807405873787148,0.8071831151229413,0.8235300422170921,0.842803454297031,0.8957684062818971,0.8697622052455513,0.7754261133960938,0.8023388355632546,0.8917998445595685,0.8907486597874601,0.8054547583162913,0.8291704653692822,0.855029708035455,0.8105421446793197,0.7034032371180302,0.8270199243513874,0.8611976002389906,0.8195653644466596,0.828998025870814,0.8520372351860531,0.858882983773263,0.8529615620277995,0.8057458774329189,0.8188304075615767,0.7306219930274319,0.9274984183396932,0.7736260292984631,0.9151846137618536,0.8508157096701322,0.8501512965405631,0.832588817113157,0.7447235722125625,0.7526729889724868,0.7012154109798294,0.7894027154759311,0.7800565487527966,0.7827412680943039,0.7803425305387369,0.777673246719899,0.863022762438632,0.8049129017866243,0.7884493719334134,0.7941111984129908,0.8304580566090071,0.8249272582444956,0.877558479441125,0.8485477911676492,0.8236983219782896,0.8364029298218099,0.8745171373317333,0.8537120691066951,0.8034803264866603,0.8659085229778597,0.8015385114220911,0.7698549014254923,0.8200564508162353,0.7994171379489586,0.7843029729815827,0.8965438873903426,0.7509686404334216,0.8853330065669023,0.7030733454704267,0.8172354139123653,0.8181661380257081,0.8279483824031956,0.7323146972702284,0.8450588315805962,0.8013241631885228,0.837396005309706,0.8527311978465543,0.7337218967243393,0.7874058343188195,0.8475904950811722,0.8604224559491225,0.8723914126744121,0.8210055453339414,0.7936880203238775,0.8370970153205061,0.830485981984058,0.8984273317665951,0.7864111331696795,0.8366714845740285,0.797853177629549,0.8525392304229789,0.6260065867894657,0.8919131735033154,0.816876265484093,0.8995233847411368,0.7293867245579596,0.8442212281632552,0.8542245244009236,0.8848090757448703,0.826087059315394,0.8277462291739895,0.8316647561881103,0.745081003017949,0.8239098324010763,0.8458031920166588,0.9408497521274861
0.8802060140541235,0.907469001787615,0.8265871441200109,0.8472479143298064,0.8182501958741322,0.8984796927054876,0.8317696321151881,0.8504764245854466,0.8277658316936329,0.8409006205374063,0.874413813084667,0.0,0.8120750874845954,0.6883827941327687,0.8636512188492657,0.8250262553741894,0.8030353691022875,0.8056830302663164,0.9340541862426683,0.7955276865526666,0.8912941725200385,0.8360186257557993,0.8430602178596994,0.8788989175625194,0.9349234576274313,0.8026288059661686,0.7893415901718506,0.8105775627228127,0.8272248150343046,0.8607318092952491,0.9052653092805467,0.8009139026287382,0.8845149588288316,0.8493939263063522,0.8270707654487481,0.8053355254875161,0.8794558475922362,0.8039778194125127,0.8324376239981987,0.8072810214480642,0.875657670876791,0.8194190793224948,0.8058853685879633,0.872781300024722,0.8504322833875606,0.8378364955747376,0.7915079748396705,0.8530547997065171,0.8313310732811497,0.7591817466133576,0.8370797810310281,0.882669359974196,0.7416966699404868,0.8786660421544888,0.8378439929481399,0.8211642724956458,0.8413627290336854,0.9257098761329385,0.6770278575236937,0.7882709891037915,0.78270371462217,0.6633831161164795,0.8321933320846957,0.6569803491987786,0.7102104997186174,0.731414795989658,0.7502211109678831,0.7824955904721499,0.7044058463036591,0.843619366147504,0.8170693374705607,0.709925802551633,0.703881119353482,0.8069545516049633,0.8134214213886444,0.8243156235633579,0.7308195213547035,0.8618764782090351,0.8283486066838914,0.7156920981792875,0.8449536313771879,0.8506396221733411,0.8946428670850978,0.7827404336172391,0.7926813988596486,0.9042671089068779,0.8090600447335088,0.721533169204399,0.8502737697333167,0.8327269504890045,0.849675467077323,0.8521572168094587,0.8330441705041004,0.8066369742655816,0.741442449800085,0.9245252286751432,0.703926991993729,0.8648503482772864,0.6708372809244608,0.7970391436769654,0.7405779235012544,0.7146257602297846,0.7787738763114818,0.8872669340447612,0.7908843696599905,0.8071957733419493,0.7363720906392179,0.8414536961440617,0.8231521838758914,0.8792976785688889,0.8902487086907032,0.7752539789418175,0.7684968535600512,0.7454853037926946,0.8380975824476583,0.8782405757571266,0.8653407808769319,0.7824485886222193,0.7779761790482204,0.7620297603873579,0.7388137908154221,0.786940126834848,0.7839479468020474,0.9419257739265282,0.7075939491851483,0.9403413987950358,0.6589925888958412,0.8351557777971449,0.8380193506973692,0.7438553816887817,0.7912400587000864,0.7585836961525555,0.712346602190462,0.8332969051094008,0.8018756744311534,0.6716698513727424,0.8654715939542524,0.8234027431423874,0.8028145694417471,0.8808809777901786,0.8226910241103321,0.7272054308198704,0.8358881968057984,0.7397093793111945,0.8619958959066948,0.7936040264541729,0.8900168063374246,0.8374783549394482,0.8936478793619869,0.613480819843665,0.8787695021176056,0.8352920905531813,0.790695570277489,0.74301098788913,0.9555575278959266,0.8355440477525261,0.8195816967373453,0.9180434473236313,0.8045476472638515,0.7446633696975109,0.731898281326193,0.8470269540657734,0.9313075677540807,0.8808746810967855
