0,1,2,3,4,5,6,7,8,9,10,11,12,13,14,15,16,17,18,19,20,21,22,23,24,25,26,27,28,29,30,31,32,33,34,35,36,37,38,39,40,41,42,43,44,45,46,47,48,49,50,51,52,53,54,55,56,57,58,59,60,61,62,63,64,65,66,67,68,69,70,71,72,73,74,75,76,77,78,79,80,81,82,83,84,85,86,87,88,89,90,91,92,93,94,95,96,97,98,99,100,101,102,103,104,105,106,107,108,109,110,111,112,113,114,115,116,117,118,119,120,121,122,123,124,125,126,127,128,129,130,131,132,133,134,135,136,137,138,139,140,141,142,143,144,145,146,147,148,149,150,151,152,153,154,155,156,157,158,159,160,161,162,163
0.0,0.6263366570646707,0.5274969299024145,0.5595057113185349,0.5474301967817776,0.5298153362527505,0.6001884270216397,0.5821297269964698,0.7136664982385328,0.5142836360039127,0.6301277650692542,0.5918645850149256,0.5794516816850594,0.5991900004275198,0.5460908373901657,0.5693056441707119,0.5716162503749154,0.7374543027845408,0.653077560317467,0.7842125926219895,0.6216298411433835,0.639400993079524,0.6274391073545728,0.5406855554801059,0.6328662195251528,0.526779074081706,0.5057554166540074,0.5347768717422937,0.5329164575800885,0.591850114691952,0.5968806983396654,0.595002386034995,0.5574460674754869,0.529327224106943,0.666657144803422,0.6169704058329665,0.6523944863975231,0.7170801976177497,0.550661659973624,0.5494480338848532,0.5957402836008018,0.5919272937901527,0.6551274826406087,0.5938208375079403,0.5886006484542636,0.5766078879997097,0.5898056797496278,0.583702756625407,0.7033454746457553,0.749056753499726,0.6602246388809236,0.6092611362941903,0.6803461422992299,0.5993772795397713,0.6014426295074173,0.5603173925541967,0.753658300362248,0.6015151320023677,0.6539175448816118,0.6347724458529479,0.5443588527621835,0.5364532760492546,0.6547176226098947,0.6184094512853106,0.6330452081019121,0.5710160323864857,0.5453584408946379,0.6136523578664126,0.6018232979226054,0.653848276781806,0.6754564734598489,0.647615512945029,0.6068915940307996,0.5981962740057125,0.5658173441855124,0.5860196188738627,0.5456994289388322,0.5459506650358865,0.5774472381689186,0.48039422039909424,0.5268893304572421,0.6982349170369346,0.6238255598904431,0.560220084101472,0.6086015007375952,0.6779886891460276,0.6102051262532202,0.7032997537468472,0.5467281529073232,0.5537594666389706,0.7126383432358656,0.5992241786122441,0.6934137866371781,0.6419616813304104,0.6881851684270991,0.5927086626202148,0.5656271370202626,0.5477869666047198,0.5892090867373985,0.5220388502476807,0.5668923785055624,0.5495139863438578,0.5679613330593901,0.5700524282753053,0.6977172231097992,0.5562488188864856,0.517851420280724,0.5557464793360039,0.5634520965780336,0.5668842351213305,0.5943472375917154,0.689404026466569,0.5699252091565872,0.5492247429279596,0.6245309333164618,0.5581879155717737,0.5930644799504443,0.6341428915552977,0.5326167801356931,0.5473486845671122,0.6414696705602743,0.5656918678558374,0.6425438092537967,0.591052587084452,0.6480628660383448,0.5402041857070318,0.5310785985654922,0.5393096275293259,0.5422881545591443,0.6111437873299334,0.5447119036326274,0.5541995425565325,0.5920164255577479,0.6892835213530378,0.5934533153320637,0.5616821857738887,0.6305002841832833,0.565343325606614,0.5744688357296861,0.6589781657321792,0.5805007886438203,0.6112727681128071,0.6791767827359386,0.660959777722405,0.6159491267561094,0.6571558379883023,0.6597157445451544,0.49682047931170387,0.628078903269373,0.4497706158501974,0.6560015406763099,0.6597288658929118,0.6768378938907513,0.5295772566294261,0.5673551091051304,0.6226426239342013,0.600204263105204,0.5079921641446472,0.5763944150685553,0.5703546635070355,0.49746684265469954,0.700914601833383,0.5274800509347415,0.7391608850538458
0.6263366570646707,0.0,0.601810274362911,0.6542589200374098,0.4844438102240927,0.5863962772335819,0.6378813555180326,0.699480314048866,0.5599968095644143,0.6314295893288518,0.6192550912686343,0.6699689814078776,0.6713594493313804,0.6303421374572546,0.5417552891072955,0.6115196811094115,0.5957464021815867,0.6193963623004468,0.6226085382025146,0.648379609261563,0.6402719764654901,0.6249932287452429,0.6658600941463059,0.5840849806369277,0.6772215793914261,0.5809614187696437,0.5460350238092528,0.5555206064574801,0.6764168923689606,0.5229669048587798,0.5817990906254005,0.6283788377080939,0.6856168699449606,0.5968133852883958,0.5733238256304907,0.6754726554421419,0.6957995215007612,0.6698829407062055,0.5697024789308983,0.6403432207077633,0.6898875444309271,0.5535863941983835,0.587137750893662,0.5780499969856973,0.7355553233965512,0.6462399385856066,0.5973879678625518,0.5891617892157526,0.6841165744667563,0.6303026860856435,0.6507501010784116,0.6272369896553243,0.6441418644331397,0.7218794059310619,0.6939263277811178,0.6071021791769516,0.654381536967157,0.598159854832561,0.6595355932200498,0.7196781444186975,0.6630426738809282,0.555782387976224,0.609432189999665,0.592288483320127,0.537030165559056,0.5805877082796062,0.6309809442628779,0.6115083751916135,0.555428909284601,0.6409165175014048,0.6233563171755849,0.61336725122796,0.5622485394950475,0.6697043780534724,0.5825005682891304,0.5920298217192863,0.6135901260428867,0.6147692693979643,0.6220508813199646,0.5033969849174217,0.5632939399551719,0.5990588969580064,0.6712844205661347,0.6446432735220048,0.5884878876668129,0.7687676651328612,0.6068777836130713,0.6137122367145917,0.6134045995432013,0.639421846421632,0.5977561666790682,0.6021296595973866,0.6631037465625599,0.6246051631220362,0.645057831161716,0.6919637669308852,0.5883871692548827,0.6082417328568172,0.5322183256534749,0.6111606334370874,0.6031111792424153,0.5956377306504579,0.5585495072224758,0.638527473082866,0.6241565756075464,0.6245767895582499,0.5838243190738075,0.6062718919917068,0.6669561177576555,0.6567062760449012,0.6224223552165644,0.6008800635202312,0.6022235395517958,0.5596999442919904,0.6650960848506453,0.6042056841111161,0.6071505718057197,0.5792446230681022,0.6001902851235206,0.5619697298559818,0.5598957928275017,0.6086156899731028,0.6229786972761698,0.6405468577348208,0.5349324429063295,0.6871455762807996,0.554855391316979,0.6524953183825638,0.6878171011186777,0.6436280777918604,0.5468598708008838,0.5625980638612201,0.6299734102382514,0.6034315965215069,0.5953619102013316,0.5035347533168655,0.641455500892551,0.5741282446001785,0.657715214078317,0.6370482830981388,0.649047152887892,0.6224267006857023,0.6950039334958485,0.6223474296484175,0.661094652533223,0.6012390698320873,0.6055134012167859,0.5859335584204445,0.7015290927228293,0.4731814333003917,0.5846101606112022,0.6633698897193839,0.592228840475372,0.6566535166829988,0.6403284267137186,0.650498367438617,0.6611748065573133,0.5838365631745576,0.6009076443137679,0.577230442468116,0.5740103403453061,0.6122906236585741,0.5485765214517514,0.5874821908160816
0.5274969299024145,0.601810274362911,0.0,0.5713664007547313,0.48699173944181223,0.6134516859655728,0.5304351783850729,0.598512689521697,0.4775866292786302,0.6422629886344632,0.6355012260710491,0.5760973862928939,0.6628619801993442,0.5161775341653314,0.44471733498689864,0.717958303452247,0.6800814049525027,0.5534871270304978,0.541275527034011,0.5121736615674412,0.6203248511697123,0.5990450578484535,0.5777559130263219,0.5057447784843065,0.591210415849402,0.5381206407055521,0.5198292704823952,0.5657355035089536,0.6060307550023804,0.5533244271252226,0.44697862939704236,0.5951417378379587,0.5229805203470456,0.49679904957264365,0.45126484981472753,0.5115573276810648,0.5772400765443529,0.5578690767742893,0.46159414251559816,0.5670248991453771,0.5302432394510327,0.6015424243209773,0.5144413227865301,0.4849414754722247,0.5358353027014784,0.5376372197722605,0.5525964809618908,0.5267307986838148,0.5556135672747065,0.5165895828920407,0.5624119670445746,0.5874271669696044,0.5241677261232099,0.5756108737949047,0.5458076364154232,0.5441469940738025,0.5502928746909858,0.6544998039433828,0.537799414322692,0.5396109325252522,0.5854580923219523,0.48654208162033064,0.5992121534440035,0.4803445408101499,0.44897289630467196,0.5039211576495765,0.5158659739175234,0.5667588662581688,0.5680083471136184,0.6093279989887315,0.5196685773784252,0.4658233049990846,0.523607753652055,0.6529467115992125,0.6046776250780725,0.47442495784537475,0.6139351749415348,0.605728707230976,0.5025918572900085,0.49852225373856246,0.5631763911840956,0.48964624797024825,0.6172118822423017,0.5766913619736903,0.5278566287147899,0.5821775088932309,0.5362842644669171,0.4959812571526271,0.5265932569827176,0.49962746523641627,0.5828717338622483,0.46563052177333175,0.5542579219176689,0.4999724843451399,0.5473928995869474,0.5427978378385563,0.4715289291386458,0.515910821948583,0.4374043054891386,0.5159830206383714,0.45105048754284655,0.5485839572759283,0.47443390135162733,0.5277743205465665,0.5060305054077396,0.5914368301175636,0.5552865477417535,0.6319546509298359,0.5474798160639901,0.5870590248279584,0.5451335431543044,0.49964116233285877,0.5518567924649336,0.5443031589037107,0.5255916695476641,0.6204014927810213,0.5305204071457256,0.5174522983714234,0.668579180535921,0.5075615285749356,0.48348815997932165,0.5312024355018449,0.5314778659714651,0.5550221236874484,0.4350452458538529,0.5602541936369622,0.515817091609603,0.5314911490639647,0.5899622067575838,0.5003011940323909,0.5457889995715753,0.6359171667827701,0.5238765237160978,0.4846510334942777,0.47790531371470146,0.42255744444393945,0.5204126318300771,0.4544441133676654,0.5365302935001276,0.5109905683811212,0.5015532827027201,0.5583323229546876,0.5442957167737908,0.5283805809094718,0.5359498415283266,0.5012496354183055,0.5109806130682825,0.5686523013093485,0.6008731037498914,0.46949883906097134,0.46203490553580795,0.5377913841137725,0.5458797352579482,0.6145253564242122,0.5763673032905171,0.5157028219331273,0.5967519621842928,0.6020787030310244,0.46425924119187534,0.5540995362619155,0.539033871331923,0.4933845173962679,0.4918812843006652,0.5301150335153334
0.5595057113185349,0.6542589200374098,0.5713664007547313,0.0,0.44675928564997686,0.5565483881694915,0.6247624619190577,0.6729026141472694,0.4976547055169671,0.6146429627466254,0.5788861470671465,0.5726959188363088,0.6748534879033219,0.5921541248007796,0.49395137298898806,0.578834711478691,0.5987967865007332,0.5942702506852829,0.5645308811177651,0.5498944121973849,0.6186799037932977,0.5508398851573345,0.701711618131644,0.5524611468737521,0.6308287318672722,0.6289228552196595,0.5647790483885954,0.5871967216894504,0.5731994214848886,0.4778826502344563,0.5010812045274158,0.579603137284029,0.6619786325751666,0.6013426550998684,0.5016945894226847,0.575328703578398,0.6422086325175775,0.5984548936318358,0.49990867199728856,0.7092361244816406,0.6232712287667077,0.5445868751642641,0.534986753417376,0.5219578264068921,0.6665126945362324,0.6470119185858481,0.5315585433980315,0.5241880991255353,0.6391524597324932,0.5477283490384489,0.6326065735725847,0.624067710974687,0.5844262387684518,0.6632536995888411,0.6010871395545466,0.5836583436826843,0.6068315447177575,0.5619349768470382,0.649217103981171,0.6388282959180611,0.703555781757143,0.5240534134190756,0.5869668640102234,0.5185359174501493,0.49887563423932085,0.5884764189507077,0.7113218411997938,0.583610632497096,0.5379051723259041,0.6366115037511313,0.5725505360050903,0.5488179698007688,0.5813655954265771,0.7326291965143132,0.5667035131466865,0.5573390602163475,0.6720976853216034,0.5981869058843279,0.6160440833390736,0.5141288617253137,0.569538387898072,0.5633822474001763,0.5930021433312059,0.6379123645848195,0.6064999459997926,0.6661092417271871,0.5984253017949442,0.5769138639200494,0.618837532691551,0.6019780160774019,0.5765399831454587,0.5481519023709615,0.5607675014791279,0.5864743108189594,0.6673923644498032,0.5821269959518369,0.5342727604763459,0.5922568303403883,0.4840511418434269,0.6671616109539653,0.5379094530722066,0.6043871240007543,0.5849635545328395,0.581627987726195,0.5721890914025972,0.6240112594605092,0.6063830769179829,0.6251083185521915,0.654564965020589,0.6095532611469578,0.610428665259084,0.5752944618601883,0.644967461740622,0.5798253165274024,0.6393100171197483,0.6226352621190183,0.5920468523881706,0.5025482795047065,0.6381638592827307,0.5662104420050319,0.5030499457489824,0.6541782035453779,0.5943564348528533,0.6184247924633586,0.48391797923828184,0.6026240563017,0.5709485744123188,0.5676784791546018,0.6390637696627748,0.5880894468097969,0.5140775341378235,0.5554773682512206,0.6506045594497911,0.5524214314524685,0.5267128844350044,0.4498804912047096,0.5283539960996528,0.5274755514899433,0.6304922194694524,0.5755068923929084,0.6299824363442716,0.5496349424228978,0.6708621222188899,0.5765511707040257,0.6034048665918551,0.570731446324559,0.5165742043911787,0.605209268727928,0.5914247910285452,0.44607346549719323,0.5468714311427306,0.6014485404493711,0.5413604629144791,0.6198838167420953,0.6436555365993002,0.6191627904968686,0.6708647070726859,0.6116221128868812,0.5952415165088297,0.6148695968584605,0.6266158200749168,0.5628596390204558,0.5791810372153874,0.5548890761708225
0.5474301967817776,0.4844438102240927,0.48699173944181223,0.44675928564997686,0.0,0.43660459250788264,0.5251935033953886,0.43486299413883733,0.49885047946676353,0.41866835754222337,0.577329481727642,0.5101430917080537,0.4593305303046574,0.4532216260422289,0.5136212471640165,0.4957462107313298,0.4710453043401563,0.5155134652184123,0.4864199582542673,0.510977555917176,0.5172283813255041,0.6000703341719945,0.48494506614024974,0.5262561101298027,0.47173792963909367,0.4751902360494789,0.42063185046087476,0.4161587747296236,0.48131931425368363,0.5307050377800343,0.4765225613355062,0.45783460677069493,0.4696837213344548,0.4160304321645032,0.5099823165164457,0.48926273862621494,0.5190405373750907,0.5118048968004973,0.5152944773142482,0.47175295474479784,0.5047392789681282,0.47886622493101577,0.5465142866819463,0.5524922419234852,0.45218970091714994,0.4486051386216635,0.5177156556734871,0.583337737634394,0.5314024449883737,0.5522978636039412,0.5192756066423789,0.49516439547625574,0.4720155414895205,0.5009338351453375,0.5068020309359449,0.4323401748275305,0.5215384349840119,0.5144657441754623,0.47063979447062043,0.47100471649597303,0.41975713273751547,0.4239865848826715,0.5100688524339843,0.47906278982335987,0.48916482394511096,0.42974666941389883,0.42762055898365203,0.527808703596825,0.4771512129662368,0.4752425254867874,0.5352943080048562,0.47863222102520503,0.4409086169749031,0.4768350327206424,0.436589555575992,0.42810464540056664,0.46510783334974776,0.5245182593770423,0.44357526009971815,0.4212455649133223,0.4292113279321943,0.5048425610562185,0.5381469292524987,0.4277176167671129,0.44996903014672596,0.48954694957127315,0.4478624124297355,0.4791750621497953,0.4057397668884398,0.4409052739416893,0.5858270281133585,0.45037037912399386,0.5813020059090628,0.4629522225475563,0.48489415542138337,0.49850085806923705,0.4281243505780276,0.4186129817588457,0.46036052325974963,0.4023237269989724,0.4566746227217076,0.4396876593986221,0.4358383539750253,0.4537169388628081,0.4716144157055867,0.4566911423341307,0.41511534000075323,0.4351110352334446,0.4658249139126267,0.48965503642925573,0.49854734396627376,0.5090656352023591,0.4284646524885246,0.42030205440288765,0.46541726833811503,0.46281845593045134,0.4262766322507427,0.5614280158407056,0.44847414049096146,0.41818328944925637,0.6411623733986515,0.42978966067433816,0.4693500780027036,0.49690801911110766,0.4886906075413109,0.4689905325872681,0.41194460635066066,0.48494191089973754,0.4366390620599193,0.49753226512349824,0.42081766792476655,0.46402046543415787,0.43655039945396845,0.5042903468785742,0.5002648592188896,0.5118879312522705,0.5305406979091931,0.5112660901409651,0.4749951907601214,0.5038515504796746,0.4469951382825894,0.48152278180580604,0.4736663473551898,0.4829422736552918,0.5078847093527589,0.49158331731294763,0.6018549801410266,0.41780622876269474,0.47533243134687503,0.3843557393166291,0.48426541705429393,0.4675563738045471,0.5507111869255206,0.4733253920965026,0.45718080589205184,0.4764453113106523,0.4946218457128798,0.4428625785076612,0.46761498449889105,0.4486901528537739,0.399785780876738,0.4743314593103215,0.4101848351246878,0.6221355156671856
0.5298153362527505,0.5863962772335819,0.6134516859655728,0.5565483881694915,0.43660459250788264,0.0,0.5045675903261357,0.6589629192757185,0.4911916884508848,0.6181871940524428,0.534175218886069,0.6019354593783534,0.6413272981596958,0.5096891882748344,0.4184372847664125,0.6807062718666639,0.6529036088518146,0.5107724134723663,0.5874914011018906,0.5205974625481117,0.6412214630405717,0.4962400506966178,0.5427917815767914,0.4636766172928027,0.6264676871524619,0.5376610204614211,0.46616983258476824,0.5562377211616792,0.5297848079084192,0.5486346735493208,0.47069959919176163,0.7320981162447089,0.5035118989126732,0.5850840925741442,0.45028542349154327,0.5286721391636182,0.5847397576493302,0.5617630947203146,0.46046922346289426,0.5086640620963414,0.5160019405505383,0.6162405740942775,0.5180579027638607,0.49154334537120836,0.5529600319737816,0.5749625479517496,0.5926725105643348,0.5050212699194208,0.5333709161457683,0.5173365867354579,0.5884402891856422,0.6561113464996862,0.5531842351822197,0.5608315540901513,0.5380792512338346,0.686235281414286,0.578286104826667,0.6758614638142754,0.5209069978245869,0.5689726669740548,0.6390047755715141,0.5996961621012344,0.6440225422074378,0.483889117277155,0.46413459236924787,0.5745730176024604,0.5357518034049678,0.5587284818766463,0.5028929794675268,0.5998600939849613,0.5372181404614237,0.47756736278669215,0.5739670417824355,0.633155928188277,0.6318650606680577,0.5483404855106515,0.6217079554678931,0.5788905208003328,0.5529678554603249,0.6143128746557592,0.6944801352620342,0.5136063597313476,0.6061463316723822,0.6363078441630413,0.6253308573260524,0.5982631335314352,0.6342109783232774,0.523695843390129,0.6301632098907827,0.5472235444717651,0.5548286970491053,0.5254668115408898,0.5301791465652093,0.5615440206426413,0.5685005936393228,0.552248359790105,0.5387557244160597,0.6313155931177546,0.4792702416690913,0.5797501513603159,0.4699198469701763,0.6122774131043699,0.5284951436924539,0.5401179704115324,0.5587122769198807,0.6570478450989738,0.6646867454365392,0.6457514370126539,0.5414479462384143,0.5921595568966725,0.581124365573653,0.5298563911997282,0.665861268657045,0.5924159301474843,0.5613904437020811,0.5979604179299103,0.6572705322116725,0.4829930999444219,0.6984214128892056,0.5676852555135072,0.46379023536764535,0.621628370721401,0.6246614166110404,0.5872478353744096,0.4572779121901688,0.5593252243014257,0.6303595218007099,0.5444902823462644,0.6461215043360912,0.4778561549147442,0.6041609858165609,0.7374120133778388,0.5763701735003086,0.5159348653122107,0.47086549875455946,0.42086880098040946,0.5330318556279414,0.43137373256846073,0.47137279707395385,0.53580380032694,0.49669647130817174,0.6304364543694666,0.5903517353964592,0.5593113919675933,0.557217642755083,0.5359177663967409,0.5077326976097848,0.6122115481381483,0.6190519734530457,0.5283352282363998,0.49007657346894945,0.5857909774814307,0.4937458178601416,0.5423419391800759,0.6351130913287503,0.5301336128456754,0.5314523763168165,0.6539996540463267,0.44445260839026113,0.65330961209822,0.5634258222492714,0.5567052250215444,0.5721558251908128,0.5023769331907718
0.6001884270216397,0.6378813555180326,0.5304351783850729,0.6247624619190577,0.5251935033953886,0.5045675903261357,0.0,0.5643103769106989,0.513668120679841,0.5354609605395868,0.5774606652989934,0.6324125390167212,0.5743171978407273,0.5346356030916356,0.6322268776510677,0.5365698222168207,0.5169270099324093,0.584572364682321,0.573789325408024,0.5818688059099814,0.6298430415661732,0.5937615810467701,0.656645081485221,0.7127045835459053,0.6158254958064252,0.6432680063954215,0.48457527725633337,0.4777921075388583,0.5640829170996035,0.4837727390913965,0.5942830828116507,0.5482768768616585,0.6799532297121438,0.5714751702903704,0.5544608044598461,0.6004968097598734,0.7367215524695985,0.5728163911717291,0.6166859345730415,0.6585755544203095,0.6807450308892835,0.5050101512093568,0.6450935781416935,0.6546275489920828,0.6623836629640252,0.6384496971755742,0.6000863265658777,0.6537275536854144,0.7452426394739229,0.6039714299690417,0.6918048644010053,0.5991880720144936,0.5595785153782705,0.7016286279560566,0.6674225947779472,0.5433394289778863,0.6259251043506425,0.5317925272122401,0.6418379258204101,0.6098040568447252,0.5593827126527555,0.5003616664751406,0.5649619707957629,0.5272043840756857,0.5690065744823648,0.5676788869007462,0.6332684750493778,0.6920147071326518,0.4952392128435177,0.5631085568382684,0.676972517609658,0.5908779018731675,0.5064547943515538,0.6289786446576121,0.47909306432450854,0.5729198502861224,0.6184386060659854,0.6494980404716469,0.6083950270448375,0.4987325872254397,0.5229683786800606,0.6226824519996367,0.6578618463175399,0.5227314639863032,0.5510612227363334,0.6227339044966643,0.5578346862126577,0.6090933483101094,0.5335857352245438,0.6156628442227817,0.5831973620951749,0.5917168841401957,0.6302280393279,0.5992125091763468,0.6077904110884682,0.6793803379853498,0.5338165036952718,0.5475651032148937,0.5004170712890547,0.5569424401369797,0.5955659143183264,0.5885559544783348,0.5886969163818063,0.6078764791895453,0.5529589378524219,0.5866388947076052,0.536302691381247,0.5182562018553556,0.6813106576843944,0.6808728350851917,0.6809192993142258,0.6033375277682311,0.5483950369038226,0.48437510162668845,0.6030881503415837,0.5309122128359547,0.5339476569923388,0.5921599929543414,0.541713011141684,0.48172350746194714,0.5962420706342941,0.5577729767704157,0.5694377087697006,0.6952079807894748,0.527121828296442,0.6522381056361436,0.49403916117133817,0.6396993554116406,0.5609408964377396,0.6760501890328574,0.4572390216967009,0.5030256606967894,0.5548225443721061,0.5604911613528885,0.6216256614747843,0.5398802339073246,0.6339193588893497,0.6427977271840568,0.6281653838994641,0.657254271262676,0.6263052692277473,0.5319935126502854,0.6354181809656853,0.5571658059859048,0.6820722112740301,0.6376163385587654,0.6218840343802327,0.5522004621593193,0.5849669113245352,0.3994796776714872,0.6146763256385412,0.5823345322630317,0.5427403188737177,0.6517639479808709,0.6185568778621449,0.6949160995960523,0.6446306715276383,0.5709748802826803,0.6270456787525478,0.5504236726740833,0.5376767483811385,0.5662817736019432,0.5309639987173369,0.610199300564111
0.5821297269964698,0.699480314048866,0.598512689521697,0.6729026141472694,0.43486299413883733,0.6589629192757185,0.5643103769106989,0.0,0.5424130666461343,0.7079186507855642,0.5642732878092042,0.6202130562450957,0.7136498651090567,0.5911096114989001,0.4653952716880204,0.6311842552626906,0.6390252955504149,0.5902859267591156,0.6207924858006303,0.5904454914271403,0.6428324747288255,0.5399489748540179,0.6608619906703549,0.5063704713190096,0.7304247610178096,0.568371001605189,0.5462747755161919,0.6180828435067207,0.5721567953052428,0.5247555819698818,0.5221659130617788,0.6875239463674063,0.5824297249375548,0.6440346746629739,0.5033895033414381,0.5877249840971852,0.6501341269951444,0.6359621295130019,0.4939705927761527,0.5898990489584822,0.5806654627979345,0.6078204120004886,0.5454871083191888,0.5102002732553974,0.680351849217782,0.6565268130310249,0.567865402406917,0.5155315505765717,0.6164779691170603,0.5589687422371309,0.6221245602641893,0.6356578363843993,0.6128611411218783,0.6214234073705639,0.5899761377561975,0.708931256558808,0.6296995870183795,0.6226689643696846,0.6293945099839405,0.6563379406360498,0.7728356610626456,0.5807277882898204,0.6209578486096479,0.5400165772640175,0.5033273591543355,0.6229805937531131,0.6533770499745148,0.5848992840432756,0.5560507085042027,0.7113329465613663,0.5754672799638677,0.5483974433857773,0.6226528007311772,0.7076096916296072,0.6499340522883735,0.6053471291524936,0.6458958567393422,0.5771460856317374,0.6323309539782903,0.5402764748890688,0.6351700352731778,0.5730699710694835,0.6269801550709933,0.724694058086851,0.6636772350503236,0.7318960782431824,0.6990188153144584,0.5981894256362341,0.7398464674825913,0.6383664981124183,0.5743430669188231,0.5838969021205227,0.5622740653277352,0.6106773227442444,0.6612712628207978,0.6086622606322375,0.5834306259341437,0.6964976710791202,0.5082566106189595,0.6814794656429863,0.5324696792286019,0.6591101727320087,0.5901932949483626,0.6233175830416922,0.6206919775349036,0.6692559081489673,0.669538030553448,0.7312583907762459,0.6141589894594227,0.6240085136190695,0.6032316372994463,0.5838197497183406,0.7113041738894976,0.6601649810405438,0.6344753805776483,0.6299862192248311,0.7072713542990843,0.5179466236303008,0.6589480806358312,0.6203215433355108,0.4882467363817858,0.716288747364183,0.6568297574117394,0.6141446478066266,0.49840914081190885,0.6062392915968554,0.6309248655438697,0.5752415454571785,0.7054500065581882,0.5547252696043766,0.621235833159778,0.6281198201641393,0.6880400184423966,0.5673904927101009,0.5254909005859627,0.44695140073509876,0.5634597689518526,0.48627290753985686,0.5754896916044268,0.6019582135257682,0.5932031483627717,0.6212953371485821,0.7054026806078283,0.6208454492523808,0.6102225340693983,0.5928664944701473,0.5316465531098138,0.6350066005176576,0.7062784037181081,0.49995423522498045,0.5519269978787973,0.6600576100062667,0.5420188111387614,0.6065756772828564,0.6987118405914754,0.6257391190481719,0.613504752582042,0.6344073556801937,0.5231356105050792,0.640697312703196,0.6363539880699415,0.6139813665689301,0.6376266999907095,0.5388493807206216
0.7136664982385328,0.5599968095644143,0.4775866292786302,0.4976547055169671,0.49885047946676353,0.4911916884508848,0.513668120679841,0.5424130666461343,0.0,0.47690032984459824,0.5602927852700781,0.5395893062746904,0.5106659239357997,0.5583560063794905,0.4872562970696808,0.5116169480255205,0.5162649241475825,0.6269381347596426,0.5923887121751229,0.6953037844485866,0.5375748177365386,0.5726068542801056,0.5536891709817745,0.46888953558061003,0.5735974972212762,0.4589200461304564,0.4869548406783983,0.5051220487673619,0.481984428282543,0.5814854174077192,0.5634907395384889,0.5374077351308515,0.4873597966232354,0.4841992767229459,0.6380425180950419,0.5620441998750393,0.5550046177408714,0.6506750090722612,0.5022130193043733,0.4751978018332635,0.5140392952122064,0.5798664229209087,0.5532265919000909,0.5182590675173194,0.5232932039660932,0.49718929747858287,0.5118605359595522,0.5052580573631423,0.5849399771334007,0.6294521878243838,0.5479460153787661,0.5214174332081442,0.5877869655812883,0.5164491608711247,0.5251507985287721,0.5313266317450117,0.6157956613907842,0.5605991250877821,0.5648311169512944,0.5542974148324143,0.4925417097253239,0.49720577764641866,0.5554250832568396,0.604041917222273,0.5642005350142187,0.5017600782901909,0.4904969101250142,0.5215833493601711,0.5701634134159363,0.6067976617356761,0.5692448787385429,0.583425399236674,0.5840096294634619,0.5160699474668771,0.5401238010947356,0.5219035701702622,0.4782636518865692,0.47771930836798765,0.5070924842234329,0.4342023883965983,0.47449525765965805,0.6319764205247693,0.5438961913448088,0.5125923528221953,0.5575903813635865,0.603309292947649,0.5763840414710133,0.6170171895583076,0.502339826990275,0.5184582099086926,0.6188696275570554,0.5675710735471899,0.5835298272912481,0.5494601033710675,0.607384488792239,0.5351740271663724,0.5273725938847346,0.5168519941418234,0.5914645928037756,0.4720586263902902,0.5199832295410693,0.49549446568622135,0.5207852113102198,0.5261023559120296,0.6404741640086026,0.48789888022181843,0.4654661541574394,0.5245183720765938,0.4820570983069898,0.49708297771866217,0.5185886472175392,0.6223792019778054,0.5188598772596327,0.5443049995965951,0.5331031907647854,0.5054877635181131,0.5412673939151866,0.5721532423845481,0.4772092284577616,0.5426867220740714,0.5625148044411434,0.5240846795150975,0.5810695979146039,0.5054041578684894,0.646616496395986,0.4755872878164414,0.5001358226048398,0.48269285249758864,0.4919355901229317,0.5264682968523441,0.5609066103789988,0.5118023834908337,0.5468772318545633,0.677543243102447,0.540187260077318,0.5069082467757392,0.5482484777550691,0.49922168972391334,0.5141684715744563,0.5849639248122654,0.5122304439718651,0.5749229751539779,0.6030353935474385,0.638373402791378,0.5425553111845746,0.5909961697306844,0.6012045652706021,0.4434284346138603,0.5786949175736328,0.4530672608974524,0.5976955786079376,0.585132979333416,0.6332658621152496,0.469856167680275,0.511448781987904,0.5517966684382973,0.5176637928055265,0.4555371186777788,0.5144440023008102,0.5069317416136667,0.44516746511959376,0.6522146584467722,0.5001512865786131,0.6390771482410406
0.5142836360039127,0.6314295893288518,0.6422629886344632,0.6146429627466254,0.41866835754222337,0.6181871940524428,0.5354609605395868,0.7079186507855642,0.47690032984459824,0.0,0.5483729851536585,0.5810165688622232,0.6693631316232688,0.530684989587023,0.44107054862122025,0.615399860453897,0.6062795542064364,0.5406841932336562,0.5595645689822761,0.5178387924060519,0.5881732043774041,0.5238409475013768,0.611051697693656,0.4845172837869921,0.6709127935436608,0.5285572459735836,0.5305181368846473,0.5855025616287476,0.5956356211641028,0.49559956623831836,0.47153723895978533,0.6306947038667088,0.5399617723266202,0.5648599823731127,0.4535510368552292,0.5254827875873939,0.5905743979813493,0.5530171751300966,0.46080799057333693,0.5621823908752699,0.5285854317269673,0.5641815810134317,0.5070013934244244,0.4738638779402685,0.5970957173621878,0.5803060065179706,0.5257315539488252,0.4962377454881144,0.5690541119499318,0.4986196403928647,0.557583053479031,0.5573454470735115,0.5327029738387342,0.5780383470158355,0.5602954497045487,0.5986669940534577,0.5435360941242189,0.581916748731538,0.5818412476355833,0.5603261713702425,0.6861511387300394,0.5077091892445161,0.5573995663835939,0.48810769728221026,0.4543852630548184,0.5473564722782899,0.5809305900891918,0.5509626497261865,0.5409788176170778,0.6389939902770202,0.5114758114344315,0.4863246545372796,0.541907736122853,0.652494122214786,0.5968346760210911,0.5322180603103999,0.6191800479604864,0.5594377676630247,0.545304520011119,0.5041085652187067,0.5920741833799806,0.49859302962155816,0.5829268789115871,0.6282455619292735,0.559059652937097,0.5998021310636823,0.5943827162930903,0.5289669607592242,0.6280314370522528,0.5448899020848056,0.5226440395365253,0.5069345765548049,0.523930290055664,0.5248955922241778,0.5635695314546129,0.5740881077098472,0.507129850727151,0.5949344222763867,0.44648456502060596,0.5951282255659688,0.48007163968233435,0.6173756880681106,0.5249353558044182,0.6019221789292066,0.5263364906899403,0.5985268816848325,0.6140010159570134,0.6853194916178749,0.5700407732408986,0.5950275953708306,0.5558415345358467,0.5055881143886207,0.6088289332939855,0.5896090481595467,0.5445234508191469,0.5721413581887964,0.6000440552577635,0.5070488028356694,0.6600490406393956,0.5371968720660524,0.44629096029845156,0.5975596959632542,0.5500449795464746,0.5608662650008239,0.4424605511870059,0.5969825227279332,0.5447714739929389,0.5315636121842148,0.6594798382187904,0.5112732974040372,0.564540847014304,0.5825867292652722,0.5753837909318743,0.4842795534337233,0.48719576853994073,0.41543682474570576,0.5163022766590191,0.45140417893163554,0.5550647130307935,0.5358329797649781,0.555539634271304,0.5574429253225384,0.5818025421463418,0.5449938543863262,0.552463524780911,0.524672037177704,0.48059956639929136,0.627645191602544,0.6659500968532895,0.4680781238346844,0.4843211842989112,0.5863810174402396,0.5013909495036466,0.611418920513921,0.6387805314442584,0.55662975773769,0.5815832734537985,0.6144444260599081,0.4827982486381479,0.5753824130052022,0.629378192840947,0.5226171185082306,0.5614478148309849,0.48693168113656193
0.6301277650692542,0.6192550912686343,0.6355012260710491,0.5788861470671465,0.577329481727642,0.534175218886069,0.5774606652989934,0.5642732878092042,0.5602927852700781,0.5483729851536585,0.0,0.5903497504545241,0.6101898293231107,0.5797109883029689,0.4976107640854222,0.6539192074151113,0.6396361773056056,0.6515932630551714,0.5826160923786966,0.5998275310196105,0.6102085318755809,0.7378803708761515,0.6401737645010114,0.5384626516899439,0.5959995186272964,0.5303458136005871,0.5618551248139684,0.5727821976337029,0.6245318904636156,0.6080973706490578,0.4952449588042875,0.570603609079262,0.5455720274681826,0.4929737223382683,0.5474743819649734,0.5687356718288028,0.6101129786432542,0.6561131751100537,0.5147835176694697,0.5790421295474064,0.5675510876107727,0.6030923753511515,0.5598241741807757,0.5382410324218662,0.5460181262947539,0.5217361297358712,0.5335128057177848,0.5797165898297907,0.6469383125343434,0.6042179988678135,0.5921411181579043,0.5714660866538147,0.5637053297966388,0.5987519388741646,0.6036136026270311,0.5126759113047599,0.6158461459950462,0.6605961769714979,0.5838797054784042,0.5768021073833555,0.5439599896213572,0.48170621245664813,0.604129995696142,0.5603487162661118,0.4974285556072566,0.4945811515775856,0.5172392361891559,0.5634930122509095,0.6403651465740978,0.6429512776982084,0.559159597404684,0.5362038887964738,0.5602789679241756,0.617732971089481,0.5886993108618817,0.48615359569639155,0.5767906548142087,0.5905419010827013,0.5070023284109082,0.4669167255968207,0.5032685845800111,0.5457432729159981,0.6091820534197606,0.5552869150435382,0.5423550234180067,0.6148181291859119,0.5487084904378429,0.5533994410499149,0.5022078706074771,0.5025946548781376,0.711297335311695,0.4959359511408945,0.6679731364252804,0.5299202374678599,0.6050571697987611,0.5600384929930247,0.4829627907612663,0.4976215945383464,0.49715738405387844,0.49147110660507776,0.5042213240812908,0.5239699819562131,0.4930559395395174,0.5306708657680099,0.561881288175793,0.5379388710520469,0.5007786256238504,0.585492885735794,0.5372529926124052,0.5611462089120253,0.5657626309061435,0.5722269197274173,0.5321122284003698,0.5554488436249931,0.5523055198500758,0.5973617881541734,0.5208424806249754,0.6113102004125248,0.5777129805635747,0.5283762582955979,0.5865002992020041,0.5249751383441896,0.5586685411024753,0.5527372408311467,0.5112858870880008,0.5465926732177188,0.4993737819740277,0.5335575785547982,0.5552143067492017,0.5504048035000346,0.5343483969695788,0.5711455995612219,0.5586549925387202,0.5731634618929454,0.5337528026910668,0.47488904667644,0.5531514104422812,0.5209178913552479,0.5981622706420096,0.5591666800157389,0.5302106371332487,0.591452737382108,0.579810705441356,0.5902160826596207,0.5747830125320164,0.5421688945714237,0.5759312087694832,0.4962499479681124,0.6006798566379644,0.467301532372337,0.5256179443258504,0.570313052229593,0.7160252868504072,0.5547593075266117,0.547412283066921,0.543255057186785,0.6481989969884648,0.5218709607327836,0.5391500943832541,0.553432362376203,0.4833719056930233,0.5512367259259695,0.4808664518064439,0.6781763938298715
0.5918645850149256,0.6699689814078776,0.5760973862928939,0.5726959188363088,0.5101430917080537,0.6019354593783534,0.6324125390167212,0.6202130562450957,0.5395893062746904,0.5810165688622232,0.5903497504545241,0.0,0.5762715295050327,0.5138462632834206,0.5257200184685081,0.5997377309199549,0.5543839633953264,0.5424449973200515,0.6833376252276386,0.6054808731512183,0.7040637963806808,0.5783788892297753,0.6021461386136425,0.5823232695434365,0.6988479565187797,0.5717896775718524,0.46325895010380364,0.4946308637391732,0.587421624784069,0.5393375240729406,0.6038258203032617,0.6349141801033863,0.5779896328286215,0.6136078239242488,0.5353451279516369,0.6253690275379391,0.6990725661870686,0.5972051561398266,0.6191496455987896,0.5453954698884307,0.6179016970567951,0.5609576408357987,0.6347492804498938,0.6350286830656526,0.6331564771180672,0.5965882349578313,0.6233149541216486,0.6573303433204862,0.6542315704978322,0.600151368469459,0.6644534905117002,0.6237249748959112,0.5575879976429265,0.6856041344555572,0.6783650190165106,0.6062779532209629,0.6377867892370236,0.628967609720247,0.578284099157089,0.5994265427191623,0.5859947158435229,0.5367064737661451,0.6025021408256163,0.5425020065899874,0.5400282421769276,0.5675763122050415,0.5677668336499873,0.6244799854021329,0.4945982950293344,0.5916037318447163,0.6310764349827943,0.5495254216751048,0.5292654453559646,0.6141055641191222,0.5266107063550622,0.5714518462262466,0.611236405483929,0.6352724068731298,0.5933076253561271,0.5343229067049756,0.5734871420222486,0.6080662443440034,0.6828242174737967,0.5518965797446006,0.5927267066517092,0.6426382133537382,0.6282458065119134,0.5809729311320757,0.557085407376144,0.6159002188977549,0.5825807949803079,0.6170574237440368,0.634561606452063,0.5987319199074632,0.5886535600325163,0.7294070399939678,0.5791630859053515,0.6216215999991789,0.5206406509156714,0.5410123478079237,0.5616682115554446,0.6407803490931567,0.5806251527618804,0.6613617314211779,0.5781191419795876,0.6022662703397121,0.5792845502008802,0.5654557100501119,0.5888282830453799,0.7251981005412461,0.7295420504893083,0.6067604331220158,0.5740730915204945,0.5242504534376273,0.5719868881129677,0.5333446149245631,0.5864919578728398,0.6153206663620652,0.5943612548955602,0.5063849487955242,0.5555480901327607,0.5808686241739273,0.6275695639599725,0.666205658172775,0.5296804724188628,0.6718972861523151,0.5252150085708711,0.6454103057826305,0.6315853042426166,0.5607783742905801,0.5130173743110619,0.5751739607991432,0.5586550397754215,0.5835570911611042,0.616479930483606,0.5044480430437418,0.6650180871551447,0.5251643301622858,0.5488612586620168,0.6762856419968606,0.5587120018000014,0.6117546683321883,0.633513110368371,0.6077960067999065,0.7001393059048248,0.6239188659069155,0.6498399728102773,0.5601120659076542,0.6975563601484381,0.4552567996492861,0.601016993178297,0.616923906347487,0.5527194343206427,0.5959240907509084,0.6949574319466867,0.6412580925187888,0.5772300022176151,0.5992333663890191,0.5157333213591316,0.5677620769437939,0.5189102003267485,0.6005407557310299,0.5610377139791676,0.5848149940019937
