0,1,2,3,4,5,6,7,8,9,10,11,12,13,14,15,16,17,18,19,20,21,22,23,24,25,26,27,28,29,30,31,32,33,34,35,36,37,38,39,40,41,42,43,44,45,46,47,48,49,50,51,52,53,54,55,56,57,58,59,60,61,62,63,64,65,66,67,68,69,70,71,72,73,74,75,76,77,78,79,80,81,82,83,84,85,86,87,88,89,90,91,92,93,94,95,96,97,98,99,100,101,102,103,104,105,106,107,108,109,110,111,112,113,114,115,116,117,118,119,120,121,122,123,124,125,126,127,128,129,130,131,132,133,134,135,136,137,138,139,140,141,142,143,144,145,146,147,148,149,150,151,152,153,154,155,156,157,158,159,160,161,162,163
0.0,0.9341398444421477,0.8864907854031061,0.7068866630679593,0.708591959710387,0.9076147720268082,0.7693059039421433,0.8959202097864658,0.8888935549903374,0.8773645182684654,0.753254767592849,0.7296025249964526,0.9101955492051682,0.8728450034432934,0.89788969439518,0.9294027380777926,0.9063371405431219,0.9419101691774387,0.9552504893723764,0.9968674617708158,0.9875966455763813,0.8912617693893184,0.6910821277151675,0.8364405229100186,0.9333003925480462,0.6798224298753656,0.6354830348140877,0.8770627195361098,0.8449947823786944,0.8197940112662607,0.9355124204974872,0.9474288752665948,0.8474584670838556,0.7734486981399626,0.9161610518474942,0.7937893974884519,0.8890121748295975,0.9354455299048952,0.7470978486951556,0.7732910546051102,0.8447721269709719,0.7281066856985762,0.9352435589648265,0.8877827383322359,0.8886235786207968,0.8983798878304543,0.911321724367674,0.8351496564425804,0.880888206322728,0.894399953440649,0.9300877645064026,0.9507676808326797,0.8509028810080358,0.8826644003876667,0.8160302375282464,0.8354957146108316,0.9559666690638963,0.8421313529644386,0.9151029492830217,0.883907943496358,0.8945376994144515,0.8271206887252152,0.8845209302437811,0.7453965815470532,0.9018845739463526,0.8909759201188034,0.7486487021535813,0.9817620533398111,0.9091572247936104,0.9612318386552805,0.9934104898528798,0.9071896282926136,0.796841132928766,0.8891744480161793,0.9076349714752345,0.932906195950681,0.7333881070060604,0.7049694521742361,0.9135514499171397,0.8516787822397704,0.8791237096675195,0.9407313354821139,0.9280728680759153,0.8944924050211556,0.9412294583944395,0.9385782764370423,0.8066258039978347,0.9147316322566287,0.8937835886503656,0.7377978967817519,0.8511725667186156,0.8790554768333911,0.8818981474896667,0.9284040773216687,0.9004611164967545,0.894849476458286,0.8977665477552504,0.8732543726150749,0.7148037803668004,0.8835142688198517,0.8490873198171531,0.9809082110072693,0.7757983096953347,0.9323926273777318,0.9110984848249813,0.904697771925675,0.832851966517115,0.8129166077790088,0.8664473203557,0.8529296944572473,0.7768136529367787,0.6961681253045813,0.8735229182336945,0.7092541919263332,0.8876664442677296,0.85807526777793,0.9002377955263554,0.9168511092895643,0.8180751943169137,0.8124814659406481,0.8151946010038066,0.8672426763204415,0.8619223257099895,0.9687499325685494,0.8555744509331016,0.9329366385014297,0.8487168590474367,0.7735658014353266,0.8963136497929447,0.8889576181308749,0.840246112932691,0.9237718337137892,0.8258761397094708,0.7656469607151432,0.8510088307376735,0.9249136929063355,0.9852866972113035,0.8190594725525433,0.7586975780581949,0.9073103475754639,0.9152790358978986,0.9518654608654038,0.9413954769577173,0.7511435347397819,0.7834764664947638,0.7890227770890038,0.8607155222551068,0.8536197881902131,0.9775438026601866,0.6446607279908502,0.9118627427584166,0.8919624967855007,0.8225696779383533,0.7618141884265602,0.9030554646202907,0.9346306531410817,0.8623601231024067,0.8393864341385886,0.8113042796494544,0.8933279556045931,0.8497051122403503,0.9687537103828452,0.9604583812505751,0.8150334902202547
0.9341398444421477,0.0,0.9836751554751986,0.8293819222573128,0.7453707004945201,0.8584897489044085,0.8790152787205243,0.9708444829223711,0.8610434169661645,0.96585987330197,0.80283774982043,0.7875380625837531,0.9576890517274068,0.9196974509493087,0.936947947271069,0.9815722423661484,0.9410171846518776,0.9375602601824674,0.8546345150924776,0.9210328503592965,0.9676644184507253,0.9587673282554169,0.8264622003348127,0.929548689102837,0.938989193462803,0.7830507536098017,0.7781370697367005,0.9443823312375933,0.9192811116592259,0.8287377310441798,0.894494844524785,0.8736102022082298,0.9334704873679484,0.8541034032896853,0.8720994530954079,0.8144701133743728,0.9192540587279774,0.9218413993399914,0.7603129110006316,0.8976009653566466,0.8888488290313926,0.7566046879567423,0.8511789635936614,0.832038924921677,0.9857510632960668,0.9123615656537463,0.894735889670965,0.7984044121611664,0.9395706960006016,0.8361368581825316,0.8978322536657068,0.9163608861560162,0.7950932948103079,0.9237754953326611,0.8357620436012824,0.8592937589971545,0.8865476222947484,0.8879836701603898,0.9109142184001159,0.9133256810980707,0.9046591059935082,0.7557553171207197,0.8027081015466555,0.736098920398153,0.7976314772721405,0.8118373349013355,0.8407625451662919,0.9762836243711687,0.9230117229277406,0.9877760624456579,0.9372573524517626,0.8696811753682873,0.7328524231355178,0.9652267940736317,0.8781955275267683,0.8506183305191063,0.8491612457200002,0.833547807459419,0.891649063484649,0.7718692471155079,0.8025078914946792,0.8910980385253501,0.978104537163145,0.880722189826661,0.8212951719947033,0.9986710089998643,0.7509590009827444,0.8483758363379365,0.8913522021099415,0.8239568173323825,0.8951259406451744,0.858011629344474,0.85784384810104,0.8415947082465227,0.8928460443915418,0.9384020163351959,0.7889863260187259,0.8876095337697925,0.6397513351274648,0.9510850303979524,0.8404938797767137,0.9550710555217959,0.7410470466293761,0.9536278663366781,0.8191581623531721,0.9493246000776621,0.807514672065135,0.9099862376675449,0.9188075235444074,0.8923827225457754,0.7879319409771274,0.6700514425260967,0.8270236374755948,0.8249516594668881,0.8652275022040254,0.9720938405049523,0.8230940141417616,0.871343309503699,0.8252412405072119,0.9169508176138098,0.8151635179128811,0.9172669517159089,0.7894005983788709,0.9825340797394254,0.7416529953894028,0.9794582894719974,0.8379994034864551,0.8955444608523623,0.9432991098007814,0.91484964896699,0.8619297344903821,0.8531177586251872,0.8389934063570081,0.7385912551281549,0.8179822012794608,0.8218628394522342,0.9589097635748232,0.883149391833384,0.8745320257267688,0.8861145458244131,0.8991381581503285,0.8609748471120321,0.9760106363625985,0.6968110237302045,0.7959609309473954,0.8105999721809222,0.8746608333444416,0.8770301025016196,0.9610284604464698,0.6130534074936347,0.8364546891386968,0.8184285791143385,0.8670086424712193,0.9046169448901525,0.9719513416950228,0.9537371733898128,0.9326510206947877,0.9416032309588457,0.8615499322987894,0.8493880576751939,0.8487197244202934,0.8464156674345537,0.9461599065267432,0.8262073088771361
0.8864907854031061,0.9836751554751986,0.0,0.8483389705959213,0.6929482789086823,0.8558243620292578,0.8541554463622338,0.9756960335659187,0.801847750476878,0.9897761273640966,0.7787093675718577,0.7502124528812882,0.9731370422800638,0.9108342587954319,0.8914223242469105,0.9839830137731664,0.9564584751531456,0.9157903798403338,0.8056066461533824,0.8676548778271328,0.9242139169245325,0.9203884844490541,0.825118467150641,0.9034546335233826,0.9061292650295698,0.7886419015180912,0.8002433475787573,0.9730944048881579,0.9145849079947624,0.7946654716068448,0.8240362453638429,0.8573396277831083,0.9299763909887877,0.8405203382355706,0.8058111260213499,0.7673840883580149,0.8898875435508116,0.8765986268041711,0.7015911097208791,0.9145513668757987,0.8691019325483509,0.7379111174515476,0.8032041083980467,0.7696761241783674,0.9729508042542246,0.9118777933699576,0.8731199061080508,0.7528236248366547,0.8977109301180201,0.7913132520521317,0.8656032508187993,0.9026861966519804,0.7827162666030206,0.8981000648739003,0.7983223842035378,0.8493628767583157,0.8492837038010105,0.8500937042980186,0.8896401188164108,0.9016644148936365,0.9182354657142674,0.7445395529914648,0.7872653744960216,0.6835469545179281,0.7559465221524948,0.8011780276942017,0.8457867215359954,0.9484788283947341,0.9099152080887334,0.9680679538387674,0.8889126010925741,0.8259824289573189,0.7095693141382663,0.9776005600104877,0.8822080544329436,0.8317179852806842,0.86928115139075,0.8305370398570319,0.8775625185568277,0.7691991109104427,0.8010923290744004,0.8219288634794468,0.9561008308997684,0.8901032740195559,0.7800096059515593,0.9767314526958367,0.7214828778449396,0.8071581338798939,0.9000208903486279,0.8098679753169307,0.8445483050496737,0.7943624307574959,0.8175834618090867,0.8189018964165514,0.858327224400068,0.8960194064264533,0.7586811989365982,0.8633401445362155,0.5816821978635329,0.9762177312857234,0.7956997802805472,0.9256450028016631,0.6831416675086956,0.9117545754617731,0.7825772759176651,0.9592128602708875,0.8186895345351156,0.926881148215029,0.9220062780523433,0.872121747591318,0.7430837596610856,0.6157522030307283,0.8242755015536899,0.8361311984826545,0.8576882240101529,0.9963234099930319,0.812851711616613,0.7998020779869374,0.8399938212330834,0.9183373195126684,0.7569658714723178,0.9167743204348906,0.756161942316791,0.9598964671191669,0.6827084880699316,0.9655705742415422,0.8496973132014972,0.879109305311221,0.9479305206901028,0.8917355192161307,0.8559509056171529,0.8462349812665869,0.8332108508990198,0.6811239192022721,0.7608367375962681,0.7753980253391318,0.9186815796209269,0.8487670383328512,0.8688214872841564,0.8271937414175018,0.8857860975123378,0.8085798155497352,0.9415747721197208,0.6370140619986028,0.7527813056362581,0.7596076129383286,0.8122143233811089,0.8963650798140237,0.9232636009880276,0.608429812586766,0.7683497166522563,0.7983685735051377,0.814857187357914,0.9173944082846295,0.9488740545806185,0.9135939796889695,0.9315703821104558,0.9634337624233262,0.8413676502119853,0.8508713692495166,0.8664892115144623,0.796438686977894,0.9024998355526374,0.7734425875230897
0.7068866630679593,0.8293819222573128,0.8483389705959213,0.0,0.735356418739085,0.6331666412840089,0.8928207904605636,0.7670969026463693,0.6379733998207355,0.7977337535944062,0.8590104231345043,0.6835682259617845,0.8120258737029842,0.8976061856805879,0.8290490344302875,0.8121584022806685,0.7939634104399542,0.7672580460412877,0.6237684466380272,0.7043439484322348,0.7667253534822371,0.8676340169490766,0.8794847347385041,0.9054353046650093,0.7251477072660255,0.9522732591624203,0.9193302508698241,0.8331534117148012,0.935779952167417,0.6074146649369657,0.690073023216034,0.6409450523224486,0.9069815417655311,0.7747249541984087,0.7558521499213826,0.8156894564187763,0.7995175998735253,0.8058317579847557,0.7532491152507996,0.9774022973448331,0.8436552212201927,0.6124971766911553,0.6660053703668467,0.7433303595428251,0.8811577432534351,0.738034995333422,0.6631692565560136,0.746538792539578,0.8726749507204552,0.6906641115344652,0.7436451261491231,0.7239284131568375,0.6450361731655896,0.8935250646573755,0.8696473591877741,0.6495329208073968,0.6977563046714845,0.6955607692233489,0.8023716550057488,0.7881488111203256,0.7870525423896497,0.5964021209310902,0.6362795091088517,0.7542314515675302,0.6258681087680522,0.6393434421018893,0.9051645701969084,0.7587960514496616,0.7989325283266093,0.7803526287628567,0.7305198896580904,0.7719691430896726,0.6655525173184508,0.8760581960998205,0.6876958271277542,0.6449415003817793,0.9617599412048148,0.914259742047341,0.7284890974520678,0.6259333313574653,0.6221087289021242,0.6913960313165612,0.754342820238541,0.7496546599412752,0.6496712960872673,0.8146972495322552,0.6165336158461688,0.6813447618888501,0.6874526885303299,0.7418478227410044,0.8186134709601269,0.6604833182678407,0.7494249459656853,0.6615515271089712,0.8344585455826792,0.7839542383369006,0.6127698547907902,0.6685590645878206,0.5848670458413301,0.8169633475861028,0.8254855961274464,0.74229486317534,0.6899059440529444,0.745239521098252,0.6496991732025195,0.7561495181376197,0.6613143245303487,0.7791040128150137,0.81088475290862,0.7682631069662673,0.7528547433514364,0.674280594726791,0.6921218316093205,0.8509266427227159,0.7352558916434153,0.8503819403236428,0.617632724546188,0.717900336199395,0.7917042010657371,0.880294559825466,0.7928623058503261,0.8016782491106899,0.6529722529508121,0.7842461380816602,0.625284359100857,0.8518068730983452,0.6744674101721795,0.8545674533666898,0.870662008231732,0.8381652245338571,0.6278383277579995,0.6320132060186424,0.8107405435636094,0.6942895524891061,0.747340860001771,0.6658753307860557,0.7128072056818476,0.9030397077152467,0.9703807656995639,0.7057405513382292,0.7814089606128303,0.6862329514070123,0.7874108373469136,0.6538059364984143,0.7934557214798474,0.6834594357040014,0.7017949616161492,0.722531839957437,0.7154636648542159,0.5692178224926708,0.6986404174585461,0.6492010950174739,0.8320985064144394,0.8533680933425061,0.78698993999106,0.7960596750674485,0.8742087546725217,0.7949386971528544,0.9225630244469158,0.7284137537280636,0.7196549392953929,0.6454814144570177,0.6988780906838746,0.7795507653827666
0.708591959710387,0.7453707004945201,0.6929482789086823,0.735356418739085,0.0,0.5678500011391817,0.9021820608043348,0.6853642493897333,0.7892000097254691,0.6561473399367801,0.7845825602557328,0.8495810553048713,0.640596517253225,0.7209665647633571,0.8427497490754713,0.6793986491507652,0.6289598051808446,0.6922567101228035,0.6697255803087985,0.720236640973998,0.7472496629655252,0.8472317625198448,0.8471966557611754,0.843437333330126,0.7219574781608301,0.7596803698887744,0.7601730084642445,0.6266683358093571,0.7361969093666173,0.7177301957557213,0.8378058339791259,0.5972876176544267,0.7469151513704897,0.7662087372275442,0.8396208114070548,0.883818256717167,0.751379011292146,0.7711979048071884,0.9696382283921069,0.7411067788718066,0.748961103565294,0.6825587115495295,0.6977429934556441,0.8117418816200371,0.7858476708660375,0.6413547958924029,0.6636122886832903,0.7491602918245055,0.8652314879160683,0.7191042089434336,0.7023321075436244,0.6347049802985262,0.5860931688028381,0.7732591997632203,0.8152846354187344,0.648865981989314,0.6725625187839464,0.7962971083117693,0.7017115347836922,0.6988476476913504,0.6024684427642711,0.5587251206169751,0.575381795964766,0.9001321307419369,0.6456937197776295,0.5661605268014784,0.7266420329690247,0.7064627456130342,0.6930496240318688,0.7091703962793877,0.7268976783051172,0.7437408397905761,0.610049785625235,0.6890212195843494,0.580768786565561,0.5924407065652041,0.7226269284109222,0.8393230036385372,0.642805560934455,0.5255291070826699,0.5357579391324593,0.8296269493279689,0.7340387263077647,0.5854461165914799,0.6400505985577214,0.7540683619013928,0.6252053400879072,0.6965863731084035,0.5930480220615864,0.7666120583749748,0.908178414922153,0.8455221946026072,0.7439013117246298,0.601455499913793,0.7494067092182727,0.813015286882701,0.5951440199709598,0.6943480106372244,0.8208342972129654,0.6394897246694803,0.7916355018140792,0.7025814043616134,0.887377313231605,0.7782729012677739,0.6433343914893492,0.6469758324162225,0.5526484679309364,0.6701374918876133,0.6788154756247448,0.7217681080294305,0.8324683493299467,0.9061111686846316,0.5747999044158957,0.7294412629143818,0.6226879771482815,0.6855433898321017,0.562833713336778,0.8688483076019108,0.5847482555636265,0.7491618646491824,0.9054021208429988,0.6856198108873738,0.6349329833416568,0.7096442363966108,0.7126257703853999,0.722805810164522,0.5811554767658901,0.8594273412967206,0.6748252451449706,0.7397758299424014,0.6316003793355571,0.5671133838537289,0.6461049871275811,0.8517003958809142,0.8149576281275294,0.6701824210358204,0.7130900745621048,0.8612015175381597,0.8205588873002226,0.8149487450938907,0.6521636809329261,0.7093698909741704,0.7784348090160862,0.8699087475084529,0.8223376439340697,0.8785720771571368,0.8864734263555137,0.5891376704080029,0.7173038241900539,0.5171920921019748,0.8040540463991566,0.5974202484377593,0.9298574927543105,0.7723397061953347,0.7641680303920222,0.7741178736207173,0.7069827876942407,0.667757818259391,0.768439801753066,0.5818937787937745,0.5685221767961458,0.6574933134602166,0.7389141017393966,0.8617842159901247
0.9076147720268082,0.8584897489044085,0.8558243620292578,0.6331666412840089,0.5678500011391817,0.0,0.654904223859004,0.885942908398288,0.8056879371110753,0.887126978122119,0.6587881448420462,0.6650431426906147,0.9047971157192509,0.7631560226948463,0.7397183523312405,0.9038918219367934,0.8856504741670275,0.8435265516094926,0.8759783366655156,0.8849095290571191,0.8766519907363131,0.7611192205275534,0.6134559104784562,0.7223973641691757,0.9005634611984681,0.6061977061372106,0.5813815690707714,0.8766373847208414,0.7425600127017117,0.7924172317543512,0.7899995403122224,0.9614493799790259,0.7396255879208143,0.7399773892995213,0.7439726575777901,0.6241856435581131,0.820757252941354,0.7789319902287218,0.5892763059846168,0.6904730107754645,0.7130640751771088,0.7481999156121905,0.8053566658200079,0.7266374882830822,0.7971105136270661,0.850193363512018,0.8680681700183649,0.7220563499723237,0.7372225071710603,0.7484528200533476,0.80710544862553,0.9058375796740709,0.799295844705607,0.7463411903760973,0.6598512471267071,0.8883107907376085,0.8502155904854058,0.784413458019514,0.7945943360823803,0.782113227176186,0.8951770855566968,0.8004162887049315,0.8498517073600322,0.58030784039787,0.7937825430464234,0.8743216320523166,0.693951685304601,0.9185888395591375,0.8049984504987897,0.9126839364992081,0.873583751832758,0.7481755134384681,0.7657245610331463,0.8267900499307658,0.9193374074523492,0.9128005594802531,0.6750079083721744,0.6254922526755565,0.8398867705314369,0.9170057816165131,0.921174420905849,0.7854351172331184,0.88092675796512,0.8874670694658667,0.8482524357836803,0.857573152551379,0.8165254052465252,0.7850136484441882,0.9107980036936195,0.7095449587051126,0.6887267923293401,0.75564652523047,0.7295104041684506,0.8778027877008174,0.7543235954720466,0.806618869189034,0.8352742516671837,0.8851024522825469,0.5697213745958694,0.8677303440048973,0.699407436231152,0.8956402023589197,0.6119085997148394,0.8282387142478443,0.8091323243629402,0.887350308069011,0.834845062815281,0.8407809519284819,0.786758667252067,0.8222228300313257,0.6744918415270631,0.5450032071764029,0.9113293269267122,0.683793225863442,0.8180267967864828,0.8397275420058518,0.9193438575739692,0.7382036384371509,0.8224625105088348,0.7671855612842703,0.6374044584170435,0.7898785487257851,0.8414073977307609,0.8907763536994702,0.730805487639566,0.8403451933000518,0.8444416125655189,0.6862476718894188,0.8316825911192586,0.7544133078293368,0.8972934266260123,0.9734132459714215,0.7842952560304007,0.6374579938240807,0.7107014186101674,0.7956656550816038,0.9152172679691154,0.6655054273386801,0.6505550915306061,0.7527664596531368,0.8298191078302669,0.8532994552459036,0.8277294639334806,0.5847541578388203,0.6656356010513919,0.6928672424121537,0.736251657350628,0.8522810573447155,0.9206398891955427,0.6930364604406765,0.759260605697706,0.8371003741089108,0.6549879471045794,0.7046700642232289,0.8497982205671815,0.8402708147747578,0.8104586168744097,0.8631210625638803,0.6870610993847873,0.8756494971495634,0.8463370311514844,0.8915695308815685,0.8824000983547016,0.686575039823252
0.7693059039421433,0.8790152787205243,0.8541554463622338,0.8928207904605636,0.9021820608043348,0.654904223859004,0.0,0.8200969173168137,0.7960392189650491,0.8104380625938676,0.87091519059578,0.8690088981571271,0.7855099309893565,0.841742572855285,0.901174404611892,0.8234862827223907,0.7564923601219057,0.7767494163923917,0.6894936784341775,0.7685924904486814,0.8280073867431572,0.9520034719323075,0.9678345765833609,0.9682774223931734,0.8202433390340116,0.8947959857427109,0.9097843710506243,0.778480757836498,0.8730740350063637,0.7468609863923021,0.833338527004864,0.666394649743245,0.8729274129574415,0.8858944259482392,0.8426270468146523,0.8680739779007299,0.8639520218848873,0.8295081382815122,0.8838853006650109,0.9042996753811195,0.8246913156139275,0.7409942648587072,0.7117193660947754,0.8094568416778062,0.9331646208013655,0.7348218353063026,0.7253878950020293,0.7823736518028109,0.9542296251227207,0.7267325172736996,0.7576207839327784,0.7209423248214768,0.6302872150932072,0.8731042876872528,0.8578855495096177,0.745209326935735,0.7194755914730454,0.8551763217434606,0.7830846979355145,0.7847406951688524,0.7277275657640939,0.5925572751079135,0.6224996935348064,0.8253292254000958,0.6527131785233361,0.6220717572667325,0.877908130568062,0.8103367737233972,0.7844301479200969,0.8303417704934972,0.784960679802483,0.778896297081389,0.6603072465275716,0.8376710765843357,0.6695352532071751,0.6508780855256374,0.8923145730107833,0.9745899653410027,0.717343391400161,0.5968598719280255,0.6015298873519741,0.8212953790325822,0.8467508742934822,0.6904006746189211,0.6667368338681393,0.8785567936857666,0.6730994686927723,0.7167711637605323,0.6876139848549403,0.8713034251936005,0.9307464890149408,0.8258240900631121,0.7690412063537339,0.65478739407417,0.8188237008978547,0.9072149474475188,0.6203541597666367,0.7814895078952141,0.6822008668776549,0.7824924973733932,0.8340020863517477,0.7866342819540484,0.7939155960261316,0.846645120451217,0.6658571065899744,0.7664874677950856,0.6255650320789455,0.8283901291246187,0.7861812597396882,0.839141123102529,0.8569670075543793,0.772079691058008,0.6691680538948007,0.8872403479943044,0.6983159419504151,0.8534407615190207,0.6213759300027497,0.8432074278945013,0.7043164394844135,0.9145175421745806,0.8719892793298915,0.788510547499881,0.6881652746574974,0.8172110447354276,0.6841257593551637,0.8487472960626982,0.6608543832280962,0.9798972730298597,0.8124717982405127,0.8228064353616859,0.7182325244397862,0.641215622748374,0.759342826881075,0.8034659807507898,0.8232913286711732,0.6841651022040083,0.789903443406865,0.9275190770600542,0.955407315865244,0.8136499466333595,0.7403336533093342,0.7471775494972512,0.8673995185389715,0.7469977068366007,0.8566683980231833,0.8724536431427835,0.8831084285088975,0.6908492513392401,0.8016460952139852,0.5643054164060731,0.7926213662075998,0.6424473853836293,0.9356081154667395,0.9230046913365212,0.8882910247142982,0.8750519815172141,0.8592203615176414,0.8307915083983789,0.8680810930600893,0.6724414970849643,0.6633692304111799,0.6887552973733689,0.8023054873790082,0.8838411648343685
0.8959202097864658,0.9708444829223711,0.9756960335659187,0.7670969026463693,0.6853642493897333,0.885942908398288,0.8200969173168137,0.0,0.8560222364533985,0.9883813132709487,0.7160222857915489,0.7782964322588009,0.9371316457750658,0.839762985310686,0.8724071868195576,0.9604364708888075,0.9289600298890609,0.905192143134732,0.8460139194468195,0.871781233640636,0.9186368540921923,0.886454111528914,0.7987015072958452,0.8546071927302465,0.9219454207119016,0.7118281805072643,0.7520799443965115,0.9294779384413959,0.8383040176875962,0.8774816138535887,0.851847798722316,0.8862933141780238,0.8790624586012604,0.8301432002376686,0.7829196247164044,0.7327071192703519,0.8582054742149304,0.8431312369639328,0.6800427881322024,0.8386603392742706,0.8315312887806258,0.7765056778568906,0.8158049399575388,0.7395626620580823,0.9406009871892246,0.9165829358996745,0.9249205735382877,0.7094201147546728,0.8579888099336397,0.7921325570648794,0.8553568739211165,0.8999974030109656,0.7895353082746863,0.8376381436044226,0.7372103758343026,0.8971473037807401,0.8505538937013964,0.9022360643995053,0.851465193486424,0.8863706976840245,0.8701074002038945,0.7651715593803057,0.7924265553000378,0.648450353736895,0.7679480878797269,0.8042448480193194,0.7733969550305234,0.9476283354069092,0.8818701486878813,0.9671426423952044,0.8877417077626426,0.7921892002983366,0.6710552129310291,0.9273400761672175,0.8880592786355388,0.846862335863094,0.7868232096421786,0.7845077186437862,0.8717972991928349,0.753492508519238,0.8093081017928508,0.8463610012847746,0.9853569977039728,0.8545402456205329,0.7755400394931076,0.9730025728332931,0.718854485068881,0.8135730025413934,0.923931058979836,0.8129604401293612,0.8302699060416305,0.8404024980837548,0.8014292329071281,0.8173015861740889,0.8035850825479502,0.8932388454449086,0.7700351520344761,0.9107502030470639,0.5773568261497263,0.9498365484993176,0.7383960969528237,0.92822269670315,0.6756485784816016,0.9431229080723148,0.7890510590912574,0.969960681157997,0.821606951383055,0.9236959466993091,0.8991322962460973,0.8510348650722543,0.7138676268531374,0.5957215088323892,0.7934224459797862,0.7940584474461303,0.8371968953620594,0.975463846126647,0.839391849790064,0.8008763497966999,0.7732735650922052,0.873000669366133,0.7224694253198587,0.9050629743866208,0.738821300078955,0.9538011328405774,0.669798272765243,0.9281443693890656,0.8624694070185095,0.8637049710846081,0.88662033762306,0.8495866695464901,0.9304337907397933,0.8700568884879847,0.7659879454486026,0.660307101661533,0.7269843418852482,0.7681055432738424,0.9453817062430302,0.7954852755350598,0.7999390768093378,0.8517640818117957,0.8491701920969614,0.7968145060629238,0.9488118585478483,0.6252400866921447,0.7065181603814437,0.781203768518936,0.8436802489987683,0.8982556310558149,0.951352044081688,0.5874085957833937,0.756721545259783,0.8057289228395501,0.787104616458963,0.9097377365778659,0.9627528807715935,0.8922985905832639,0.8702814997340058,0.961942124423211,0.7646069669472838,0.8116821982237434,0.8492338636454232,0.8011450023166135,0.9466065183117699,0.740927133486853
0.8888935549903374,0.8610434169661645,0.801847750476878,0.6379733998207355,0.7892000097254691,0.8056879371110753,0.7960392189650491,0.8560222364533985,0.0,0.8044922164077872,0.7129314853170281,0.8932360516448427,0.7714053291975718,0.7214651961751045,0.8331839617601353,0.821666497567193,0.7467055772558849,0.7928799982406854,0.86714912811159,0.8834802963908587,0.8832281825016955,0.8559698377621279,0.7387240798569292,0.8096632776734982,0.926510110872191,0.6415420423137169,0.6464526119636103,0.7342009109239365,0.7167546512919485,0.9447861741497919,0.9638368428333932,0.8117966595846903,0.7343288718889102,0.8387431068528713,0.8493236432784209,0.735829730180922,0.8490287287757549,0.7981394887184784,0.7789181724799293,0.6877715541124565,0.7228564472728511,0.8668344195042368,0.8073538021227472,0.8089384447078223,0.8376080024238812,0.7614423915661463,0.8500876685486994,0.7584272566230967,0.8390602162235606,0.7698562444320681,0.7785902066087872,0.7814592759125771,0.6904747299967335,0.7514725468960628,0.7083399569931803,0.896046406373851,0.7958909073608885,0.9597221642060609,0.7466912818974503,0.7531691620359234,0.7178864884825041,0.6832110698547669,0.7061511040749702,0.7123703568359152,0.7570140359423041,0.7077405185478178,0.7004063772883925,0.8787694672115492,0.7534271254091501,0.8767851812227402,0.8669788207589108,0.7534911640520859,0.689097110154357,0.7538617572000248,0.7407857337384808,0.76524077498882,0.6709825447793756,0.7304345725904207,0.7484380337746473,0.6846846779299366,0.7029094241670878,0.9394081831118153,0.9163660043978161,0.70061405196984,0.7691612541483801,0.8774326042992056,0.7922427012194198,0.7821430670322084,0.7639409427592898,0.8379970843077219,0.8379689827302113,0.973307659414869,0.7528228124477162,0.7414927678302169,0.7451401031804198,0.9200786882718179,0.7314519446508827,0.9366092080968195,0.7267111089604786,0.7494352953193768,0.7393946352572154,0.8564211185792379,0.7690689839926124,0.9114097063276063,0.7526064455604152,0.7960677113083973,0.6708133308835331,0.8170442138853424,0.7339361285105248,0.8456218394382687,0.8023420103738724,0.7058796698081949,0.725194091208299,0.7311054146386106,0.7061296186325939,0.7895666182831447,0.7471327774916564,0.8977848953376801,0.6575030855569538,0.7908987374736292,0.7701811769037773,0.746890855730968,0.7829121673541336,0.8485839602741249,0.7789609579745168,0.7990953036425643,0.7105069296459001,0.8286772794791457,0.735478218128996,0.7453628291791496,0.892392007513212,0.7782473986855604,0.6967907402824769,0.7902766526352015,0.8060427904294141,0.759347324555595,0.9150336631233805,0.74819992592207,0.7099169035430661,0.8817615843101114,0.726577586848537,0.852348488043936,0.882769801068464,0.7370129215862338,0.7598253118552498,0.930226186318121,0.9699907693878977,0.7107919909451038,0.9294224674286478,0.6077176410668039,0.8640053496260034,0.7215216264376668,0.8066859113864836,0.7825259647582838,0.912835432997723,0.8857995030026943,0.7680889505985674,0.8175448495917206,0.6952485924312248,0.6901478477398971,0.6745991891854629,0.8335982320692115,0.9415257792628831,0.8204821174592619
0.8773645182684654,0.96585987330197,0.9897761273640966,0.7977337535944062,0.6561473399367801,0.887126978122119,0.8104380625938676,0.9883813132709487,0.8044922164077872,0.0,0.7310473104015072,0.741750914124493,0.9653279821247731,0.863242482048839,0.8516547824625742,0.9749442742611641,0.9504895877525733,0.8989821554718319,0.8107550714723428,0.8527098839086981,0.9038032972788242,0.8777138249922437,0.792181408717333,0.8562012886518195,0.9063914862493779,0.7382356054831728,0.7656864965249915,0.9645372858650568,0.8641040065604355,0.8189590046753221,0.8073901820280708,0.8766551735072036,0.889013547927296,0.8263429304788956,0.7659747782207774,0.7182994810869155,0.8632644837379079,0.8363794986112856,0.657905811951131,0.8659493854226136,0.8295903210268127,0.7529073518106146,0.7903039828011693,0.7296088390055872,0.9409506813158374,0.9124537360536348,0.8902853412526667,0.7144955061269148,0.8504881698536509,0.7695027204025604,0.8441169794436453,0.9007065525121057,0.7832959642885737,0.8473870678421781,0.7424912512958433,0.8778974477250886,0.8365871723502639,0.8550812932275205,0.8569374903003952,0.8805849972431748,0.9060309706004415,0.7546415341789936,0.7901343535713854,0.6365824779034931,0.7475487243951826,0.8065339830040503,0.8033466070790107,0.9404848272289266,0.8847839879459567,0.9618671666042914,0.870812139528884,0.787114659902916,0.6890267864842844,0.9504621840631262,0.8950917017351763,0.8408586409428215,0.8221174861425787,0.7895024852617313,0.868747589179685,0.7768207851924972,0.8179819417308375,0.8031851029629852,0.9600997559474213,0.883037008611718,0.7677814488808269,0.960908749406281,0.7194622412054688,0.7919114601906905,0.9219914118476996,0.8010476339423592,0.8035091276343442,0.78696082833817,0.7861335262264832,0.8160117075993946,0.8113449213159829,0.8752290130258259,0.7579557676010326,0.8832604104219315,0.5550986127868708,0.972242170643777,0.7445016171103547,0.9152334636097458,0.6499386000416624,0.9051295083713069,0.7733810293187854,0.9685337278911931,0.8292841768630872,0.9348854175559076,0.9032680245165304,0.8562990875480689,0.7080441375469594,0.5779651880144473,0.8216046654860049,0.8115842171028238,0.8443546897807587,0.990472575189425,0.8329170217161472,0.7677375492776009,0.8186814068700733,0.8906376975571115,0.7072212796528461,0.9025909037980601,0.7451814023779788,0.947341255427829,0.6584526577850822,0.936444697492242,0.8633355058457939,0.8487458415426696,0.9160420260943302,0.8517636887658327,0.897348269179355,0.8689694240453649,0.7995195284348889,0.6464076747699676,0.7202976309398257,0.7558196128559586,0.9191797085310112,0.7932858068315051,0.8137324066760571,0.8081228800578415,0.8621229966334928,0.7889399394238804,0.9236119230705032,0.6022697546421111,0.7086647004753998,0.7448379591652832,0.795955121052507,0.9073362550890081,0.9260926763086256,0.605359118204036,0.7374208990487537,0.7986451387425754,0.7657130360730636,0.9013181585029472,0.9434962107300091,0.8865087576880163,0.8976555638938571,0.9733235356641582,0.784746055863109,0.8396634867856078,0.8694513595378744,0.7888257161025661,0.9067248156449117,0.732269476457737
0.753254767592849,0.80283774982043,0.7787093675718577,0.8590104231345043,0.7845825602557328,0.6587881448420462,0.87091519059578,0.7160222857915489,0.7129314853170281,0.7310473104015072,0.0,0.7572165157262377,0.7815679589942839,0.849267563565498,0.7905962634182983,0.7991550806689741,0.7193254345103096,0.7124559147960999,0.6414933405171335,0.7635186499625677,0.7924921800151049,0.8932576581853927,0.7959241935095773,0.9279275357044781,0.8029525534440972,0.9397971974919115,0.782137169235813,0.7606264417526621,0.8802123891349583,0.6157181489937928,0.7574669424559907,0.6432726850845027,0.7825528446561766,0.8639364287751223,0.8597021286057757,0.7865724476674557,0.9173973144216625,0.8027183204726206,0.8456400294939223,0.8417332103380176,0.7334408825723355,0.7091499717830496,0.6600637392624454,0.8762645179895049,0.8483584920687504,0.652785776202448,0.62024878959167,0.9341967764029431,0.9012717810173168,0.6606048632411705,0.6977456747672247,0.6888942840608129,0.5854223675458318,0.8563365007188736,0.87515691924386,0.7052844335084781,0.6847842712558987,0.7212171045695068,0.7472579256008584,0.6882827676946763,0.7707883230254508,0.5483238502233356,0.605151438803679,0.8256172511759343,0.6212440874197622,0.6128477736792914,0.9617577253690099,0.7803343846118529,0.7199294165027771,0.7887828209621662,0.7593729196818073,0.7621452299226423,0.8344338340398008,0.7884135156895902,0.6399612740775065,0.632557108250724,0.9162331734585606,0.8788316304073986,0.6636753831652038,0.6801555868887276,0.6065200021212861,0.740642975328259,0.7471708414553437,0.7085448796960259,0.6872722336123547,0.7926293521875847,0.7924995684177595,0.6540371742405346,0.6235511138929206,0.8228806988664472,0.7945191249114764,0.7056993755480899,0.697548565563458,0.6520393670743037,0.8346945146683956,0.86877973399783,0.6078319192363978,0.7268138276716352,0.7066037612306257,0.7208407119411907,0.9212130894777468,0.7375659651549389,0.7283254981749263,0.7190883923833321,0.633678153508149,0.6783252691280576,0.5827765923317897,0.7903315545806606,0.6909228808037671,0.8913126262179718,0.9439809853421228,0.7773965642941668,0.7724926993386114,0.887761995988466,0.6630750843213528,0.7656475131940196,0.596304297536286,0.7910888035134185,0.8185040948439508,0.9064842877314496,0.8473014662702197,0.6818881156317383,0.8201919784364935,0.7609245530804825,0.78687282866655,0.8047804913093594,0.5918399598232763,0.8343296283966647,0.8171234110479489,0.7635163920035615,0.6331143493668249,0.6349738319574978,0.9094832547467137,0.8958139056470789,0.9259806752256604,0.6836845763762801,0.7338404085646246,0.8582770842683598,0.8937684785911205,0.6933616564149537,0.7301302468508915,0.8168776382955011,0.7523586340102163,0.731604894428513,0.9787558519963405,0.7872630110487435,0.7678179602087319,0.6227279306785071,0.7470238752313352,0.7272433700513232,0.8438448639450661,0.6111637283751797,0.8322948310966102,0.7420120240258443,0.7982362544213383,0.8865772790847919,0.9124310757745605,0.7693538908990489,0.9206468514861371,0.714494305464523,0.6309176424831359,0.7285647799759052,0.7076698929090895,0.9528305597204823
0.7296025249964526,0.7875380625837531,0.7502124528812882,0.6835682259617845,0.8495810553048713,0.6650431426906147,0.8690088981571271,0.7782964322588009,0.8932360516448427,0.741750914124493,0.7572165157262377,0.0,0.6904140769962387,0.6653254687398126,0.7617705029177125,0.7418603640061828,0.6471886289230823,0.6656449893121578,0.6783691031504444,0.7243724787577354,0.7561111335471411,0.834436093873932,0.8527288138727938,0.8331212481173453,0.8425444031633295,0.7199912599915584,0.7557522475742813,0.6654769279470386,0.6876446806548057,0.8515075792521695,0.8395727431520754,0.6436055789129912,0.6895583468315667,0.9200644486444771,0.7604493769633128,0.7003653104678847,0.8214792831897093,0.6936131995067033,0.8007776875790074,0.7000299007068226,0.6524863187204961,0.9135232984172664,0.6435361332263074,0.7304535614879035,0.8118548228662613,0.6391388478241079,0.6967096578136543,0.7167412627651241,0.8194603660382868,0.6302232266551849,0.6460300715097542,0.6402849491294035,0.5527152855089236,0.6964021796148964,0.6746442687396396,0.8428845074776762,0.6390412313061574,0.9367789460385197,0.6398398981437557,0.650684096925591,0.6286664574364647,0.5384669781504883,0.557489472861601,0.6956344965133694,0.5926655368425923,0.5594883629195612,0.7529537259542983,0.7541578924320373,0.6463996820937561,0.7748539615908164,0.7160003086573365,0.6426658484002559,0.6275647985278395,0.6900818895533448,0.6036324464374937,0.6018066321385824,0.7203589392006899,0.8443491879355004,0.6160638268868864,0.5671706957406394,0.5581853304116884,0.8029680969807842,0.8274627116636376,0.5915395928403246,0.6094191121780616,0.7976105149224387,0.733275191567182,0.6314019432292073,0.6307990791737389,0.9447474540285086,0.8022416982432432,0.8747348049674588,0.6390901163230132,0.5869659521178296,0.6625348614855735,0.8997563271047151,0.5680759244509619,0.8705243027077183,0.6684775614217501,0.6685228248631162,0.6930844368831318,0.7143258195459974,0.7173154448853776,0.8006211714143472,0.5944496976928975,0.6870755388369733,0.5480849672704854,0.8280232266762712,0.6454557666176948,0.8397107569946842,0.8439127823686677,0.7008208032943897,0.6306929030154932,0.8375948509134812,0.5852732722032852,0.7538902966608706,0.586558994380425,0.7896633113466988,0.6046921383151227,0.831711958314613,0.7341347738480709,0.6581490885148308,0.6956757966761722,0.7293927937293286,0.6666301542778368,0.7150370722056945,0.5868160013181509,0.9074823764930668,0.6667411490728884,0.6588801201371373,0.7976539495777385,0.6200480545758589,0.6599320132517579,0.7959368221043968,0.7636782224738203,0.6057503055080575,0.7644747000314269,0.7327771859156713,0.7510598539507052,0.7531302790617797,0.6142251201388191,0.7222563733372391,0.7807843926470286,0.6794781844378028,0.7800978167754612,0.9691886073434858,0.9304749721121973,0.6010866512598461,0.7916296793197691,0.5944622477160288,0.7620409445411324,0.5717393199129482,0.7906649541602468,0.8229580488146293,0.8719018578973555,0.8233974159847429,0.7476657167219057,0.8016790309850718,0.6793001197591919,0.5776871202541288,0.5649609878341781,0.6663979306655309,0.796585929765122,0.8347922888223643
