0,1,2,3,4,5,6,7,8,9,10,11,12,13,14,15,16,17,18,19,20,21,22,23,24,25,26,27,28,29,30,31,32,33,34,35,36,37,38,39,40,41,42,43,44,45,46,47,48,49,50,51,52,53,54,55,56,57,58,59,60,61,62,63,64,65,66,67,68,69,70,71,72,73,74,75,76,77,78,79,80,81,82,83,84,85,86,87,88,89,90,91,92,93,94,95,96,97,98,99,100,101,102,103,104,105,106,107,108,109,110,111,112,113,114,115,116,117,118,119,120,121,122,123,124,125,126,127,128,129,130,131,132,133,134,135,136,137,138,139,140,141,142,143,144,145,146,147,148,149,150,151,152,153,154,155,156,157,158,159,160,161,162,163
0.0,0.5033073165582218,0.4004758407976662,0.5962732388611509,0.4197333983171921,0.4989444425345197,0.5965093681438407,0.5278051525063362,0.6197256973781358,0.39828858616310797,0.5140279448799553,0.4536403344100244,0.6153405093701387,0.5608538782859795,0.5796760819709266,0.4896687378076805,0.5639780738776701,0.7207465066747133,0.5373055060120838,0.6550067502943347,0.5617645470620241,0.49702347250827805,0.5976778245533936,0.546111534268887,0.5435116495351388,0.5614853611628313,0.5426080856924589,0.589882642722384,0.3615905118766842,0.5157262420624232,0.5845764762709402,0.5419004512615908,0.575170631823076,0.5938017217628193,0.6328531153570013,0.4985331366275605,0.6572197625105441,0.6261489384070298,0.4841521116189173,0.6317766736146465,0.5541546342904488,0.6268488655239419,0.5673380370342388,0.559358997776204,0.5898191140365789,0.6752454043600453,0.5054678128117536,0.45203720548860293,0.6592747857576152,0.6056987612778532,0.612820079842131,0.6010202301470542,0.5770964918988786,0.5109222535609014,0.45180061963266377,0.6108358968911035,0.6997186140158657,0.5083881018029989,0.5534465228010267,0.599976778048797,0.5240002547793984,0.5191682085896792,0.5793823653913223,0.49147842482731163,0.6313717717231369,0.663171640130961,0.6562655697229781,0.5898815673401148,0.5568575016308035,0.5994880468929016,0.7034444575926184,0.5871345147634093,0.5975612793401909,0.6175544745914445,0.5698921600792618,0.6996965223315668,0.5461713011957355,0.47819611314531607,0.6284069366875796,0.48474212915484677,0.5659483228642024,0.6777003607508384,0.5264676429440155,0.5707760313545868,0.6142942794332278,0.6898908022649667,0.6065887573373157,0.5953925089557622,0.6062596550838228,0.614605323122124,0.6097032097085379,0.5958528862854945,0.5031583249686452,0.6977108634266957,0.6131362068539731,0.4874716356762241,0.5289215628139653,0.5816394857149786,0.5270552537839109,0.6224643374948311,0.5566674671427179,0.49942332715278626,0.5775442113407508,0.43651741777030906,0.5961587265205384,0.5897216898320661,0.5389295845376298,0.559578642095054,0.6061855501427614,0.5157599318609413,0.5942260712784665,0.6233129190276069,0.6384153142635394,0.5577923120066696,0.6286371132867989,0.6102189926633478,0.6241060966196182,0.43648360165542294,0.4784053416260945,0.5599957309326862,0.5670671885669953,0.5518884087229744,0.653220703765747,0.6171161010736501,0.5879519874835929,0.4412203578330301,0.540393433224698,0.49360581432747047,0.450200007095461,0.6384645791511683,0.5499202602434873,0.5384731489724333,0.5867195135750136,0.6442343155407386,0.5213507342415061,0.5866625563158405,0.5472104511449959,0.6492772387102068,0.5131248587828002,0.6022975151126795,0.5309028999579105,0.5291408922758916,0.6436105023297242,0.5239174818808956,0.6026549448379356,0.6855620948693465,0.5715605311055739,0.5182751958572169,0.45328033612688384,0.42058278812100575,0.6955332522590114,0.5381304748362348,0.5885400198050523,0.4638576857685167,0.5650543170827302,0.697532726178166,0.6300129110279871,0.5350984721975777,0.5847871883434226,0.5933046028403699,0.5582642330071769,0.6617826563241835,0.5661733084107778,0.6980904918166472
0.5033073165582218,0.0,0.522174345669514,0.5231139451889335,0.3988810215697277,0.5986313091508473,0.5612805994260445,0.5829854952519776,0.4887709095651935,0.6003670969138883,0.5749133248150269,0.624529429347555,0.5845413183039355,0.5101136205507555,0.5625513378974434,0.5416409660737276,0.5454285343292014,0.5062554948857334,0.6106804730408876,0.5586187331333068,0.5434675064867794,0.6293553046253629,0.5328065320944574,0.5239155278061957,0.6756823677193242,0.4297812517568552,0.5443201663705187,0.5311519579734387,0.5155201667476272,0.49953935881683054,0.6209148114252706,0.6307314091462546,0.5997809083670468,0.5233022045677428,0.5257806856327945,0.5733146523489152,0.5639886710568689,0.5465871183115026,0.5838290204507988,0.5237175082404718,0.5670814790554904,0.5589635588312806,0.5009079988763487,0.5311277698557461,0.6037971017139079,0.5076982018523737,0.47487006747809174,0.4927662018605862,0.5915288441760368,0.5151394232415384,0.49811657113794094,0.4588537368584123,0.4967059074027031,0.6217073113543086,0.5766657487495587,0.5390715798906635,0.49415401604400255,0.5522069706067595,0.5374866552740648,0.5304084874608673,0.5673629247903349,0.4470590660575025,0.47033744017939005,0.521942554545163,0.4566146838413047,0.467109995086558,0.5047976805364506,0.4911542488765858,0.5576534760262777,0.5540403002139821,0.48390634152998835,0.48384408823457337,0.4448848796571515,0.5482147842816384,0.6063268067150256,0.5102463075266742,0.5088922625017558,0.4924598145866534,0.4648332216270117,0.40523743858073397,0.5313028433294471,0.4740789089980668,0.5421923461063625,0.5406928375971305,0.4534539241316117,0.5807936153651245,0.5090758182822158,0.47715079055453014,0.5332935676076721,0.5167082898595843,0.466338412595954,0.5404361462838912,0.5679512716064169,0.4789916380971138,0.46381875743160944,0.7231124524316747,0.5202139034149372,0.5881576865682704,0.43635348205634655,0.500539946974613,0.5392397837238013,0.515787264841385,0.44974689586280664,0.5965470041765628,0.4759431192195512,0.48613117330035405,0.5313635138856678,0.5968271515765505,0.5523617648654936,0.5976613056894431,0.5763556623826848,0.4534972742097924,0.48700095146758543,0.5163826467151365,0.4604525358110646,0.4766558666017048,0.5344011465386183,0.5664894360877137,0.5424454760621777,0.46212703945612577,0.4474909406191472,0.457873980568007,0.4738326280579584,0.5244038639414015,0.4500965008837563,0.6277956211221146,0.4441516659024402,0.5512670759758415,0.597859856547788,0.5484566866673041,0.5930778186240221,0.5158068064020608,0.4518804091817071,0.47040751631280164,0.5977433436805334,0.49266318544082044,0.5575339597292739,0.5170359002314101,0.5802773190705026,0.5613317119676882,0.5588902224868494,0.6015442179157159,0.5204184567037116,0.5368707364102154,0.6042720920493873,0.48509973078185964,0.5401915953101111,0.5841926863607452,0.6446183467249595,0.492180616035748,0.4761341983369686,0.5821458538339209,0.5850844038508207,0.5826592274668756,0.6282252181242504,0.5522175413620282,0.5393254956373358,0.524063243397683,0.4841877497960655,0.4517914660484423,0.5672200621187713,0.489789393399294,0.4791163797887553,0.462003883273627
0.4004758407976662,0.522174345669514,0.0,0.41919407616729937,0.4413020286800467,0.5674952279293212,0.46990745794008704,0.4546056917476117,0.3659708530621155,0.5446653017922815,0.5860414518495193,0.6361038277461111,0.49105309457408575,0.3773785159149562,0.4674661963451107,0.6082310062773552,0.5048379917153928,0.40389019935220716,0.4986228313342316,0.41858794507984987,0.5322424551068305,0.6061715542773257,0.4234024124366994,0.5069624421686871,0.5084931010757273,0.41093438226885004,0.40281009205326435,0.41405257027261494,0.5466557993723773,0.4768452569956578,0.4374869253931503,0.5340749409173793,0.46523993851079415,0.4137389046183161,0.3845330790570371,0.45287395025782984,0.48261810585341675,0.4276825606181375,0.5373112221099836,0.4411257912236921,0.4745695820582784,0.4592261307051236,0.4849031009680645,0.49568392486804985,0.450138063130888,0.4234103295515318,0.4641506085232772,0.5672183505919015,0.4654258543266732,0.4318288105319009,0.44727072907008675,0.42215161733741885,0.3883821648990032,0.5516577118224599,0.5386176822702315,0.40920365798652547,0.4144429580235915,0.5696027015483849,0.41229430872890677,0.4122940768799499,0.45711531183180815,0.37842642080833777,0.4485392825260317,0.3984805488613268,0.3750502679689586,0.3908667115370819,0.3888946166689265,0.46482804422548174,0.4587769039407481,0.44640687497660547,0.4189106287436233,0.36894243552748046,0.35641125337670365,0.4841383350798523,0.47320499446481407,0.3845838853535254,0.497052838987555,0.5257912955001186,0.39059521332002395,0.3888553398242365,0.48184851960075925,0.37882415225194715,0.5081953732492147,0.42968023481389844,0.3760472117098898,0.4345592022974518,0.4126408954837164,0.37826994504747113,0.4006681337721316,0.38935178430573913,0.4206006740171338,0.3895739852636357,0.520675249037048,0.38517448814985294,0.37185308559869257,0.5713087458759829,0.4071411056627109,0.4278174721239673,0.34222302777131586,0.38475332941674545,0.39735081214630424,0.48793757499707463,0.36867511637991257,0.4956555245923847,0.37554812835643936,0.44851427631255875,0.477353581415198,0.465592520350514,0.4648717810283675,0.5709000894962086,0.5174795899231781,0.37450849239276124,0.39236213604334025,0.39621187603786107,0.3811712936501622,0.41091684201175116,0.40655226405045997,0.5786289054282134,0.551048476403123,0.35347988779561546,0.40653386070537834,0.38025703080238554,0.3849854557748506,0.4730424717398655,0.347057556639954,0.6555206790765156,0.3647279433535861,0.5249027506898513,0.5166574763467253,0.4326151381697518,0.42255288242310507,0.5122063466312237,0.36013125097488025,0.3636828433544244,0.487115723159235,0.4179857030162263,0.49668428100931916,0.4144253067005104,0.458179765285444,0.45204095992581866,0.42122450056585165,0.48296987045586054,0.3923309444772065,0.4181109125380367,0.4978387648116985,0.3925870338030298,0.47620010640442584,0.5364780297863723,0.5329942632654688,0.4176469330207095,0.3760984581937803,0.43553660184141657,0.4726883197642705,0.5691449918197304,0.5266268896200448,0.428472484911682,0.45345088947213663,0.5169988455066382,0.3666142950718967,0.39410066297844226,0.4523106636403204,0.37120355194058785,0.37882038867530826,0.40053481500748167
0.5962732388611509,0.5231139451889335,0.41919407616729937,0.0,0.39872146146434273,0.5003609592535845,0.5912574089100671,0.5738800428918223,0.532683590964872,0.43265087901849664,0.5261590438066679,0.4614489483328187,0.5927325471032283,0.601620797225892,0.5703714784810073,0.49200412203443306,0.5799066000449755,0.6732600452392015,0.5723877091116693,0.5678475512920148,0.5645755522202957,0.5040263327515111,0.5991549722167245,0.4925050988477514,0.5504643065342579,0.5251974668711165,0.6150362692009005,0.6328664427234535,0.38897976068482115,0.47128993041043427,0.5653839349656042,0.566178637016412,0.6954911645488457,0.5670564367126778,0.5761818175304853,0.5638233077688023,0.573256565345157,0.6667519090764976,0.5099934763403166,0.6408436114335958,0.6217200750922768,0.5591283849235594,0.555590608698678,0.5353767237540563,0.5985264319500133,0.6473783708813651,0.4596632154027316,0.44004829350492203,0.6414194210636652,0.6162353241907172,0.6404171898521027,0.5510260140623129,0.6484589646209502,0.5834977711476077,0.507182926914136,0.5276375704750426,0.6423384284795923,0.5275962192492479,0.6267223150683695,0.6426591368245672,0.6005020552073908,0.5449991239929275,0.5879770258660307,0.5217495383133964,0.5986288668450805,0.6504679220408466,0.6642551042443895,0.5211640095188947,0.6341300713806598,0.644875594663429,0.5900281661226054,0.5914645126225689,0.5938378074398714,0.6750354303455314,0.6527973322662217,0.6232339850111289,0.591485520284683,0.4748077007662286,0.6156990135559423,0.44792618448141014,0.5793323778528688,0.6301656394282756,0.4867547406710498,0.6190008477424144,0.627184460138582,0.629706150914604,0.5954250175840273,0.6426151122778322,0.6396760477696368,0.5241267552356824,0.5899501381629084,0.6045055353697212,0.5452678860286063,0.6237897530832273,0.6594489865161104,0.49444782232011003,0.5971704366570466,0.577718910275052,0.5183051710699188,0.654022006814252,0.5769685790231108,0.5659327210832465,0.6441387355642653,0.4747698704926432,0.6360095920870431,0.543427047432461,0.6250589566584156,0.5524674200651731,0.6359761645393984,0.4772333867286358,0.6008787441691038,0.6150083615745865,0.6206990097762876,0.6591043014080028,0.6245849782500533,0.5425131121812998,0.6233346794510586,0.45130331794200645,0.5181503394084628,0.5834509905052525,0.5098470994675365,0.6612854769627436,0.5369857590036279,0.5752567233148115,0.5256234607883749,0.4729399503868585,0.5795106518030244,0.4858599146568114,0.4946764981809307,0.6758280680885173,0.5263245486552418,0.5510756781730857,0.5804068290880617,0.5983642850638249,0.523545424770917,0.5361251356833572,0.46862412002962034,0.6082318964025109,0.5472348629682778,0.6394643568492312,0.6365495305890628,0.5484164437773884,0.6717295690864509,0.6207704353974274,0.6025083246077235,0.5693372330876015,0.5112437413726229,0.57883400317562,0.46825684184883937,0.44704493671694834,0.6189895740007734,0.6267288791023479,0.6297476355941853,0.46926549689084573,0.6003328799711392,0.6271809094429239,0.5555575844006905,0.5135679150947253,0.6206874807675831,0.6060017852436543,0.671746348445611,0.5926703066078494,0.631922469347719,0.5575323932484104
0.4197333983171921,0.3988810215697277,0.4413020286800467,0.39872146146434273,0.0,0.43880378204759335,0.4962612308572472,0.36945584059897335,0.368102406459529,0.35005370611473874,0.4708466844806518,0.4388305234131339,0.42903310455518684,0.35958230110529643,0.4722471157938344,0.4929069632817293,0.4707435097818704,0.4102057144353287,0.4112385301146478,0.383551266815834,0.513368792761273,0.4712716491472182,0.40806531619354,0.531649448155363,0.39257297872795155,0.48901143757955684,0.36277822478292276,0.3669043441842285,0.3609559398151895,0.5265881116456683,0.39153160564315,0.42832626534048346,0.43607038213587995,0.37975935048035653,0.37385993957442715,0.3946006134526436,0.4539177192248171,0.4097031234880773,0.4567671935427008,0.45882038733189784,0.4664139905608697,0.4472632198433627,0.49014494267621916,0.5175908001156625,0.38467110477961525,0.4360961302686597,0.5708504042086525,0.47627021965800503,0.440192635842932,0.448417972104917,0.4898131725801914,0.4947551913728426,0.3976457838597891,0.4441098118936656,0.40759884909960875,0.39801875899336897,0.4430865152135599,0.4985853514217472,0.37171915983409265,0.40818121506597016,0.3668265216782163,0.4005497081630859,0.48072679454768524,0.3576744980938682,0.4062601117756902,0.39466160123799304,0.3722705229559751,0.5152053452207698,0.39394344327015357,0.3886740979676774,0.4764977821660588,0.36876805218376996,0.35235809552056024,0.4594661277442478,0.39798529647853864,0.37965628421168,0.47829443521570403,0.6127590734936418,0.3978136696709972,0.4603549423888054,0.4579602558555414,0.4036230563346088,0.522356457306553,0.3771505075383782,0.39119772082905835,0.41198215428440416,0.369617212041413,0.37643756145322294,0.3684639677126266,0.38450870831512673,0.5072494421708454,0.37909200460044146,0.48173859468519864,0.40251654410636906,0.38778730982384646,0.4193045372562922,0.36529723110137224,0.37469328550775927,0.35997348095952947,0.37030824300393145,0.37103741190869066,0.3991567466888935,0.37128569424277885,0.36248450131312177,0.3727393495818987,0.4784320269019879,0.42236966215818184,0.3878128136533228,0.4750734545559551,0.4569828790778611,0.4824288374917161,0.40396964574476013,0.37715415492860194,0.3625752411820487,0.40340614766448435,0.4510949222797462,0.38029975541162975,0.41069240726842443,0.4265358761258386,0.35167490444304905,0.5346041872361046,0.37560910152925236,0.3876454614294936,0.5272355876855565,0.3570931051795017,0.42182023605936964,0.3778154093965162,0.4784319669210256,0.37753508416767106,0.42809669634066344,0.3724930323464291,0.4923067318471786,0.3513764068332407,0.3837599492447355,0.3917922291506523,0.45857357437304924,0.4685390171184402,0.44782648700697114,0.373597313231228,0.4350679882039438,0.3631492582396555,0.42120629991037895,0.39442187306570775,0.37950619174394207,0.45414619666905504,0.40406503652930764,0.5269529974450115,0.47037695710923433,0.37222602083885076,0.35524271232913124,0.3775206425241923,0.3904992915498688,0.43821080909973315,0.46466355837325485,0.43714887965973814,0.4006665395648926,0.4267139419594732,0.5066002255688131,0.36277525687672413,0.42690076854701464,0.39874013799237873,0.37359889748893704,0.37319639762604384,0.4760938932780942
0.4989444425345197,0.5986313091508473,0.5674952279293212,0.5003609592535845,0.43880378204759335,0.0,0.5361950735761619,0.5369628434543292,0.4474244762502692,0.5044221722054975,0.6359253908887426,0.6046249120578214,0.6403158055255959,0.45813336351261685,0.5085706518743749,0.6621942570924642,0.5960357240964498,0.4736015741202249,0.5569526755009269,0.4996751068350422,0.6036917570003608,0.6010452811804856,0.4757513273152353,0.5414584725965446,0.5841544196769468,0.480396852986155,0.4617280897162949,0.49521693928000304,0.4723783283336868,0.5452921274675404,0.5201072297990184,0.6683041016481954,0.5504177175271611,0.4992341973614702,0.46043483367581245,0.505068826270236,0.6226349147776408,0.5168308359712689,0.5551050842232009,0.5117984888798479,0.5303342362156646,0.5789699719042718,0.5248833778931264,0.577371878397133,0.5314347275438578,0.5048347926243878,0.516373288652783,0.5656395097783186,0.5382143807388315,0.4970347147264184,0.5281857124574909,0.5131020635503696,0.4616898294952555,0.6022913440916806,0.5424832563471292,0.5363172973957632,0.499682284638642,0.6461698814788436,0.462320583792168,0.4939652927868033,0.5612288980866286,0.463431455403102,0.5338590354330137,0.4454269417823912,0.4370238181608362,0.4748225285072969,0.482519460647294,0.5584808063377088,0.5042166562261705,0.5375480030349788,0.51661405779978,0.43599079311067385,0.43756022672925604,0.579475744480559,0.5900780362936486,0.48347613728069494,0.5840511903738448,0.5661102223226652,0.46232672917365475,0.48076251655064683,0.6177208344531091,0.45626430505568377,0.5989546618432332,0.5399389287917761,0.45499415404334026,0.5399373193723903,0.5266190625341466,0.44364746987332765,0.4956534731919586,0.4942521905843581,0.4940821662831024,0.4746113500617106,0.5510953890718584,0.47886086931080724,0.4474241966116177,0.6396103444246614,0.4875141321877764,0.5240134486322006,0.41154165948219734,0.4753373794883188,0.4814766699706172,0.5349623262015871,0.4300874184372688,0.48594877553058213,0.4526828541801265,0.5346318453425006,0.5520666973413733,0.5478327377392318,0.5345561736141499,0.6512572075751926,0.619780685636615,0.44299576644343247,0.5091735883819206,0.48086996208170824,0.46135650544866696,0.507130167536456,0.5016105275044384,0.5091479925626289,0.5983633158289677,0.44098873354087265,0.467227470624983,0.45918446407077856,0.4831898814141979,0.585312106185543,0.4233535759946767,0.610844972106019,0.445081911944851,0.5972196135511252,0.5439284876932532,0.4999154000697176,0.5288257363720258,0.6329128802759862,0.4522738984429189,0.45500620864607566,0.5324088945950135,0.48211480841502163,0.5706034888210259,0.47733641766859203,0.4771371032186783,0.5207158644262906,0.48827485647565594,0.6052228854384185,0.47823998869599027,0.48259016729250576,0.6095385106479198,0.46691477276453247,0.5615668373766649,0.6193850350742532,0.5336515333376021,0.47694476560057947,0.45665132727627217,0.5107950527890179,0.5248145450383127,0.5425708520055118,0.6110425821742412,0.5285618171475536,0.5594556825115182,0.6359334718016704,0.4368472085161771,0.4904292135222308,0.5276227818058165,0.4650539575885047,0.4519693264240966,0.48565361943687146
0.5965093681438407,0.5612805994260445,0.46990745794008704,0.5912574089100671,0.4962612308572472,0.5361950735761619,0.0,0.508838799720575,0.5215549346173226,0.4458331315081696,0.5627191215206165,0.519933001823479,0.5938334159771296,0.5094533851760217,0.68374813383018,0.5409943496170141,0.5984180876996827,0.6112943404571498,0.5524440875047164,0.5315657033178104,0.6305223405040522,0.5999667614294736,0.6030587899010454,0.6196914119245158,0.5537286186289393,0.5393914473642001,0.5334073516282427,0.5168116587572639,0.407944647307366,0.5852799707102458,0.5575619287710369,0.5739524134625816,0.649494015705454,0.5162918474992587,0.5269357022838416,0.5198335226844302,0.6179705697525893,0.5649011623475156,0.5431960321245823,0.6774478298603104,0.6241855922454508,0.6602081425452445,0.5840623599428986,0.6046713862939802,0.5468233037331562,0.6154675166164346,0.5908358797136054,0.485516860993567,0.6796796101287225,0.5971428735215952,0.6510999802765977,0.5768481532417575,0.559062927495965,0.5851960463368392,0.49874858827590124,0.5687188067658772,0.5973902542997442,0.5763754906882671,0.5475439502626964,0.5719130894627642,0.49732467891988846,0.49664575693054247,0.5609962068276437,0.47516633563429783,0.5534848704921688,0.5328584947265526,0.54549479327729,0.6394972443812202,0.5567113422623922,0.5495769348314373,0.6289934751055881,0.5080279086568321,0.48056657322158464,0.6581335284874249,0.5526219158319416,0.5469410776938783,0.5975766533455684,0.5923968381245978,0.5164228008052109,0.4707938184788139,0.58286566878832,0.5784855351595649,0.6280680852849916,0.5025479483995324,0.5203081353408824,0.5972833919177482,0.499194905135275,0.535034491646453,0.5316491648666819,0.5408670705559587,0.636826408350289,0.564379944309618,0.5893216876344408,0.5449404476735698,0.545821129228749,0.5508100527965321,0.4883582194571506,0.5364899399790426,0.4685107594629556,0.5374681747660648,0.5066846538704396,0.5070229876734982,0.5128398593638369,0.4737687496857516,0.5075169453345864,0.5800632158351322,0.5505925896809722,0.5414416788273287,0.6989777886794942,0.5632190542366495,0.6568000811764945,0.534876659277536,0.5225351889598704,0.510953397197714,0.5263350798631138,0.5795546923490723,0.5404236754818035,0.4897646230874572,0.5179872240309402,0.48497516791394235,0.5740881925827082,0.5017777518281645,0.5043404424557402,0.6918277194477032,0.47650426560924847,0.5017386315560134,0.5020641196095814,0.551559625491404,0.473782703975852,0.6261380263826293,0.5307307846689437,0.5742665007960611,0.46610363799628085,0.5216085576039663,0.5111584656371995,0.5714462677349269,0.5517665258784765,0.63092346598838,0.5123789334882815,0.6147957566716263,0.5163786307079616,0.54766630947878,0.599948809582101,0.5261850147771314,0.6146473356842077,0.5729109451456181,0.6482924584116997,0.6270783111426534,0.47924257119589325,0.42136827879987027,0.5180052379296584,0.5535636867980526,0.6184280923680459,0.5893585490330175,0.6108843948804092,0.5845040895624404,0.5806683729284303,0.6065427250520414,0.5174864596289321,0.5470514041950967,0.585069072359527,0.5205354360770909,0.5258890083835007,0.6005891772106192
0.5278051525063362,0.5829854952519776,0.4546056917476117,0.5738800428918223,0.36945584059897335,0.5369628434543292,0.508838799720575,0.0,0.5367953328455691,0.5009106016335657,0.5182246169452696,0.5345221227255977,0.5964459265539684,0.5096518813712484,0.5353794250288652,0.5088740267463115,0.5279777188185465,0.5457393325948655,0.5990798859805307,0.577921856046893,0.5181210210604418,0.5235672621858471,0.5529042124496399,0.4699786983688357,0.6315398918349119,0.44767192127535677,0.6277143674107942,0.5959697123203158,0.4118954444613168,0.48855741279554843,0.6413134419214184,0.597834374669134,0.5865003593564367,0.5722420929377503,0.5200955621287011,0.5505324606336449,0.5669750646776276,0.5812835405931625,0.5266652642453752,0.5117318399546816,0.5291244695130096,0.5390340243945799,0.5230184428746042,0.47837755808084553,0.7065553951952385,0.5623337361645557,0.4416118998379125,0.4386422713773568,0.5667980190556909,0.5267344684884049,0.5124994414995391,0.46346745661413163,0.49684879131627024,0.551893369892308,0.5162342454322246,0.5288037459535747,0.5210596173525528,0.5498369516112315,0.5316113134838691,0.5586396485807379,0.6397455250503273,0.47188359064412266,0.49875401212686454,0.4992111645840108,0.4741310318633764,0.520717072726997,0.5540093897438491,0.48319500237304874,0.6095681385284445,0.7202763220282816,0.5017948364834939,0.4938150339767955,0.48256222946415755,0.5728091073990197,0.6611989121520548,0.5327028367046723,0.5300512778034644,0.44309762110972384,0.5384240683839097,0.3896014060126732,0.5033537939685689,0.5203013446096444,0.49289641645772336,0.5931893807008017,0.4929782688784778,0.6308350170160484,0.623177828451313,0.5312711824878592,0.6338600127148817,0.5434856886598021,0.480885098204731,0.5563456936042878,0.5060438456477627,0.49798819503547326,0.4846813851744716,0.5627181874512913,0.5755471791158118,0.6069344982243812,0.44065959268452176,0.5609391444861584,0.5200124270880351,0.6243495293290302,0.5072578015269325,0.5437803968344173,0.5326356931264064,0.5134482713558024,0.5754338436831165,0.5943901707504681,0.5373366270585546,0.4959084247545636,0.5369647321400813,0.48527613569144995,0.5183579796989974,0.5931127845091243,0.4988994591632638,0.48935625159090523,0.5530193454114191,0.49090248861805885,0.4871800509218991,0.49998523769134867,0.431312034518211,0.5607474849369266,0.4754190799961634,0.5056957820604281,0.44594772905609686,0.5189304269922639,0.4762231611029899,0.5348700415719906,0.526055890914971,0.5546666344014223,0.6108737264836333,0.5164870874775439,0.5103944634831967,0.4900354173118844,0.5536480031262289,0.45369979496834206,0.5040126505721925,0.5033454835526685,0.5841565901591843,0.6045212293056424,0.5681322655885431,0.5340896847722221,0.5442612877421747,0.549420706116266,0.55340470615736,0.5257980033799754,0.5122305206513363,0.5458638330891892,0.5514835601462743,0.45850468690467444,0.5387757984270983,0.5414451157935251,0.5803617778586313,0.5039092760736392,0.6199151069109754,0.6155031518872294,0.5253763005947408,0.5050014485993303,0.48091910015089745,0.4723669140307136,0.5481180884309088,0.4972385375879204,0.5161224962060272,0.4635347941669693
0.6197256973781358,0.4887709095651935,0.3659708530621155,0.532683590964872,0.368102406459529,0.4474244762502692,0.5215549346173226,0.5367953328455691,0.0,0.3909953989346494,0.43313308744278967,0.42602164242162904,0.5067232821368869,0.5313179606846011,0.5314904633610206,0.41810959984763585,0.45968234298027555,0.5938892844542715,0.48874262516736083,0.5599759789154878,0.4615446423807113,0.4525375341919924,0.535454859247097,0.4493442178064587,0.5010890808257034,0.4397713421681583,0.5620840275270119,0.5166530241548501,0.3406055438210797,0.4794921492019295,0.6049329116356401,0.47881889289523316,0.5244716385617416,0.5119164817098183,0.5713803894228042,0.46462940115973317,0.5242742664791845,0.5423650974125487,0.4473091118292315,0.5046286547900358,0.4805075690926606,0.5617001694766511,0.46642875970841163,0.4528087624652674,0.5434979140181444,0.5554966946285269,0.43974727084745957,0.38278043319453875,0.5378003752069033,0.5136838034468348,0.500701364449705,0.4667504558813378,0.5400563424923572,0.4526609793497751,0.4115386974873401,0.6077918191042154,0.541677905305565,0.4512533357793646,0.5105596983206661,0.5441027861386233,0.48559098779616294,0.4812186320828192,0.46175170793763315,0.462210207551666,0.553769597736359,0.5331152500527676,0.5904290008999646,0.4911042905244595,0.4963394692239538,0.5668971859663027,0.550392813939821,0.5370423595730487,0.5236737946431929,0.5055344456534024,0.5159724900973932,0.6099602920337525,0.4607799560303454,0.41368019934654593,0.5216508419513856,0.4019820724577427,0.46829555292296143,0.6601839050671787,0.4819578964624116,0.494004455092218,0.5207790226849215,0.6081192225776992,0.5528406318029729,0.5688907634270118,0.5945206250422335,0.6775012076103112,0.4999131216115816,0.6513556507612764,0.4447162347421725,0.5491300702384638,0.5499750967862925,0.46464176537406,0.5179298276275984,0.5460435647273347,0.5077875511301756,0.5737425115538717,0.517735597875229,0.46105036663600324,0.5275641729263825,0.427501234374153,0.5512634829731633,0.4817211589053135,0.46793311616826566,0.5002785077420127,0.5085713432533346,0.44210321804231634,0.48152302098161687,0.5297714660475504,0.5330473961288271,0.5572030175344204,0.5119487766230159,0.5104325249141208,0.5479575000081265,0.4033565284160075,0.40319402028561513,0.5622409663996314,0.4616627597145304,0.5393684207963609,0.5016558192579965,0.5047463370059911,0.5451229976809463,0.4053125428392766,0.5071617070962108,0.454670227591724,0.40807838611743247,0.5443510112400923,0.6004354605997905,0.45687437660094526,0.5367260152272503,0.6031324732818731,0.4678146073218542,0.4857586069707577,0.46973659798247147,0.5298297134254653,0.4671533956503676,0.5635695201525889,0.5034881115321006,0.47198841361010196,0.6386475945003894,0.5092935330082125,0.4967302863178789,0.5754378368156962,0.5251396001006321,0.4701490338431353,0.42884456320476244,0.3943105970243442,0.6025707977298277,0.5091894069362211,0.519767752118113,0.43794870791329327,0.5001793244390742,0.6247117796657096,0.5101627617697672,0.4608776950571204,0.5320205037574302,0.48576203778340193,0.49355664990583403,0.5860581556109326,0.563517335231311,0.52694226737606
0.39828858616310797,0.6003670969138883,0.5446653017922815,0.43265087901849664,0.35005370611473874,0.5044221722054975,0.4458331315081696,0.5009106016335657,0.3909953989346494,0.0,0.4934312027821021,0.5705997602290335,0.46870101719468166,0.4099752480414577,0.44718096089326187,0.475442095169432,0.45631177528782124,0.4133794089987916,0.5253939580453278,0.4465952588281001,0.45806713270021704,0.5305196538894736,0.443249980845345,0.4303868463037285,0.5815319446941166,0.3613889607691597,0.4508239689072978,0.450268803765504,0.5687696924029031,0.4165987398172715,0.4779858040465535,0.5255386402600551,0.46255019120571067,0.43412372287114936,0.41426103965593125,0.47803858825546763,0.44862694775593986,0.4368187841965622,0.4899153438314782,0.4204413519519066,0.45244113401987157,0.4506961545260391,0.4313558501455285,0.4323680403910583,0.48459000972993205,0.4123016707765933,0.39699178161382126,0.44504705230502845,0.47121359012044306,0.41785745158806364,0.41043909879480367,0.37803463517388314,0.4027087144853736,0.5204898866177398,0.5310696152289044,0.42315995389709643,0.4002554684376287,0.4746860536087752,0.4632208874626614,0.41985467376459473,0.49171244442677786,0.3704391000476165,0.39825670104037564,0.4451344588280572,0.37832240909225373,0.3914223052117042,0.4100082592200002,0.4066718034126964,0.4910354571216696,0.46984504219393863,0.3883046382208048,0.39303928273718075,0.3754610904069963,0.4525288199938084,0.4976604134538388,0.4081502482799431,0.4343967842796204,0.4177902801918961,0.38767761313549076,0.34420451703623334,0.445591768628231,0.3848461196928343,0.4394705696664736,0.44709254284900835,0.3799232012395879,0.44572090001028025,0.430329348170198,0.40038662176884754,0.43699907359528306,0.40236122249157086,0.3837167840392392,0.4267864138990925,0.47420509704541064,0.38566588501268956,0.38279338585973227,0.5867470758391437,0.4369158099453978,0.47996303680659014,0.35776629157947737,0.40777831847354623,0.4271669224766354,0.47791917442617204,0.38700391129591305,0.6396813601699053,0.39321615605611393,0.40267129147016373,0.46253276294656476,0.5080593058982872,0.4407739896147933,0.5028665139669799,0.4718606419387788,0.3750812120660309,0.4024419038697975,0.4363523157710138,0.3756703300220442,0.3839278396823992,0.4391601557846324,0.5772986077852061,0.5033056937966582,0.3778792776673968,0.36322783448850005,0.38893454682831713,0.3871328444788448,0.4193679998688575,0.3665859293208971,0.5918470916664581,0.3709224367497509,0.4487360692790648,0.5655439415381077,0.43531663157148204,0.4739541813718601,0.43902374676087574,0.37410080292492587,0.37298530200839025,0.512673159591512,0.3983055507508601,0.448609678279967,0.4046620581051151,0.5140078780932495,0.45601280328226407,0.4758398369423363,0.48196161171949536,0.41420800389178536,0.45625401358806567,0.47623622585413655,0.3991343286429657,0.4236358258487889,0.4917705535094201,0.6665612210389629,0.43884360723682525,0.3895271631288148,0.48183425770884425,0.47274281089522874,0.5126639197164604,0.5259178530166196,0.44194589390627553,0.4333208650661814,0.43850173510140994,0.39209513500382104,0.37655822215651846,0.4846354018458574,0.3932767670689223,0.40633103975602497,0.3721933478557567
0.5140279448799553,0.5749133248150269,0.5860414518495193,0.5261590438066679,0.4708466844806518,0.6359253908887426,0.5627191215206165,0.5182246169452696,0.43313308744278967,0.4934312027821021,0.0,0.5954028864485983,0.6276806922150586,0.4639482935660896,0.5788428271203284,0.6878263996236029,0.6251347914834317,0.5087276950354682,0.6028475909959794,0.5301034887402257,0.6790330839323562,0.6887947203002126,0.49441293559495597,0.6124928204556107,0.5923385464286666,0.5104926789070338,0.46414024655553965,0.5044743607890718,0.4952485794256169,0.5116650913884808,0.5306476454154093,0.6440808665123016,0.585703061710237,0.49514130150965463,0.48691006207984483,0.5397734040734395,0.645928869786098,0.5529936202853745,0.6525784387740857,0.5522565465434446,0.5985466111047884,0.5337791008544104,0.6268084086685076,0.693504989283759,0.5428438018720599,0.5211246090891438,0.500892005538769,0.7075725203361115,0.5976643515109845,0.54876489187822,0.5742313877816252,0.5257296625783687,0.4787020352698439,0.7147030308542809,0.6286574139632203,0.47116441166605194,0.5365971607408891,0.6428316288380718,0.5012218784947697,0.5043690913227487,0.5700135911204266,0.45190284130410535,0.5877599454096968,0.4719215895256135,0.47261582810133274,0.5000847194656,0.4874575839507829,0.5694826817079583,0.5614844803956898,0.5532843110887479,0.5414994848829043,0.46174041225126766,0.4437722857714246,0.6213330016999593,0.5868118846825354,0.483732858487109,0.6261709553408376,0.5748745548261684,0.489944862910318,0.46937068948916794,0.618780503180648,0.46800059044935427,0.5594093982753917,0.5502105710994134,0.46772147610562836,0.5377181442466656,0.5244002322262827,0.4646101645177436,0.47742952512298054,0.455144502591524,0.5206476802149205,0.46212650977046,0.6406854560161436,0.4983931095200417,0.4641623938567572,0.6206902160709822,0.5037830340077111,0.49904811342646965,0.4142506648721874,0.4639626268725389,0.507573151558709,0.5782747068530074,0.44980354164413966,0.5073116702178189,0.4678390897563882,0.5321983686593912,0.5793427704323064,0.5333647090433062,0.5696686323967765,0.6506550086747618,0.6998283845034888,0.46978209704946094,0.499165166591617,0.47693917589203516,0.4836439160630648,0.4869796801026834,0.4982099455009046,0.5929555755730909,0.6560738772800859,0.4238465553350566,0.5118680741694501,0.46181259481043224,0.4869962264647203,0.5981673839769125,0.43816845698538315,0.6619983056568434,0.43233454170387936,0.5713946393728668,0.5655346737938901,0.5619304943936118,0.4681522843011891,0.6300380898970024,0.45544880459255854,0.45920635100525875,0.6302542893681907,0.5565322146977094,0.5756412571226001,0.5322472946452432,0.5389657931173923,0.5607603529997713,0.531149374101861,0.5942306781415725,0.4753220753148527,0.506194524073902,0.6969639436829936,0.4724640486531654,0.5595291257919477,0.6113449467842493,0.5473522475293252,0.45655343943921933,0.4842216967348263,0.5362349858011778,0.5967225346847541,0.5318606514084806,0.631435715492172,0.5490007687331667,0.590148754066948,0.5821138446609371,0.46694322779652053,0.4959929160396013,0.5511162358042243,0.4689230829240577,0.45359742883990584,0.5178323723359393
0.4536403344100244,0.624529429347555,0.6361038277461111,0.4614489483328187,0.4388305234131339,0.6046249120578214,0.519933001823479,0.5345221227255977,0.42602164242162904,0.5705997602290335,0.5954028864485983,0.0,0.5308887858482528,0.41758425178958714,0.5336821336097417,0.6121386902973692,0.5413790633067299,0.45262035466288797,0.6011752746686257,0.4888893442084819,0.5685453963292709,0.6401468974054374,0.4899794496606233,0.5397822936684523,0.6035952726911509,0.4286297651784395,0.4613632460374398,0.4667451079124761,0.5204913026165603,0.5452716981478712,0.5365704343471608,0.5986585429047256,0.5274216073491109,0.48162446048656865,0.4448260951067888,0.519827429622099,0.5307607181306137,0.4873379437763402,0.6086231535239097,0.4756767799547101,0.5371197866825745,0.5164598419702189,0.5315615211189971,0.5330778187553554,0.5306109967504508,0.4756914734778106,0.5029265264381195,0.5382906927192685,0.5308488571844296,0.48610254733020825,0.48302914435941346,0.4540428181148717,0.4305296451919532,0.592781255174607,0.5706478698761241,0.4663587459881913,0.46171586689452204,0.6415141642344447,0.4532870129722237,0.46972635851285827,0.4916843018369717,0.41276594305553277,0.4752427697834492,0.4516744336481213,0.41396817850398504,0.4257311213405476,0.4254331962266073,0.4834887433595311,0.5091205209994802,0.5069788673444662,0.4564861543062658,0.41473988146220925,0.3888907923462672,0.5185133351886202,0.5356851754190011,0.43449427063780177,0.5048628377179103,0.5253846367482711,0.44003649517608984,0.3938283678871512,0.5020661778702612,0.4271422601906554,0.554317121484998,0.4755878755275711,0.41466923899504016,0.5121293365053593,0.45935363160915077,0.42311841220369173,0.46075381123465736,0.44646837206252504,0.4582125136334331,0.4569742405982476,0.5707542186276942,0.42593468520162836,0.40576247776337476,0.6828267127406906,0.45549655260700306,0.5094843561593966,0.3828834217343599,0.4308309501368946,0.4451680376173408,0.5223586399521183,0.4115348276170378,0.5902223381920146,0.423693418852327,0.4905578128437324,0.5154949676846976,0.5401194359909541,0.5146416549888178,0.5999026059332938,0.568635825885543,0.4169300279283515,0.42298222661812623,0.44442935149808716,0.4222667169656894,0.4518521872051523,0.465119438354783,0.6234730354916215,0.5447932477609337,0.3962091736590917,0.4366803257562291,0.4219970996270722,0.4262727230827236,0.511632422370264,0.3853511375765402,0.689316628604015,0.3983400596862539,0.5893001237501923,0.5697682292178691,0.4816990798365618,0.5028873070939672,0.5283612255136401,0.393430865344247,0.4094151997831419,0.544274639148676,0.45166296431040104,0.5861482779439097,0.4673574610649106,0.5219852467191893,0.5289035801078644,0.4666748496152172,0.5342378415055513,0.4445334016351824,0.4677587924294712,0.5525102988520162,0.4507739188406165,0.5506224431541207,0.5633535717911248,0.6300905293367938,0.46010579873863716,0.4272735908070485,0.4912545170904011,0.5445854951377173,0.6127872335085749,0.6229339150957334,0.4829446074906461,0.48375322299540735,0.5441396740491756,0.4039748561687944,0.41872724337353934,0.48420445666161777,0.41930954137967047,0.42037088949630974,0.4365598537173048
