0,1,2,3,4,5,6,7,8,9,10,11,12,13,14,15,16,17,18,19,20,21,22,23,24,25,26,27,28,29,30,31,32,33,34,35,36,37,38,39,40,41,42,43,44,45,46,47,48,49,50,51,52,53,54,55,56,57,58,59,60,61,62,63,64,65,66,67,68,69,70,71,72,73,74,75,76,77,78,79,80,81,82,83,84,85,86,87,88,89,90,91,92,93,94,95,96,97,98,99,100,101,102,103,104,105,106,107,108,109,110,111,112,113,114,115,116,117,118,119,120,121,122,123,124,125,126,127,128,129,130,131,132,133,134,135,136,137,138,139,140,141,142,143,144,145,146,147,148,149,150,151,152,153,154,155,156,157,158,159,160,161,162,163
0.0,0.8468395910734444,0.7220638840611628,0.8168262658480637,0.9160683839561817,0.730148536460552,0.9103530813191575,0.7757185252138192,0.9586152133298879,0.6240081568950253,0.8877019979929589,0.8416369259844221,0.8022188632056096,0.7998040164022379,0.930423351458273,0.7755906614547947,0.788572233723302,0.9517059223534192,0.8410493033334114,0.9602492957702626,0.8321836495132622,0.876959168297428,0.8415840777407545,0.889071270557502,0.8234862450080169,0.8165358730190435,0.731359930528873,0.759136039027894,0.7043324350458899,0.827212026070459,0.9223979254203789,0.8016280602497844,0.9037065077227798,0.8045708397498421,0.9394825726159736,0.8653804792497407,0.8644455429685337,0.872050361402693,0.9077812609825961,0.8868699306993268,0.8994580053281696,0.8085724378493715,0.9043275403404937,0.9410914128119293,0.8815840008704976,0.9050383048108226,0.8270041994540382,0.8853393044355761,0.9108502720857135,0.9611271695522868,0.9371158307244059,0.8387454975207784,0.8850571164018635,0.8501735177345296,0.8656225375795078,0.7560328377701144,0.9344487176580794,0.8250733494700069,0.9031224981649668,0.8740588701420926,0.757743672620542,0.7217974496291814,0.8803732493977906,0.8292722101696542,0.9312017376003737,0.8600636484171964,0.8641838653782039,0.826287238803881,0.7840757716001565,0.8038749964079243,0.9663310790734004,0.8522667814667217,0.8352519142340535,0.8262602393227565,0.7685532185179724,0.8221654758138861,0.7939022536565974,0.7672162511884617,0.8962325101720457,0.6340338585112713,0.7339243471239274,0.9161876520072426,0.890262279232006,0.7030740956894275,0.8722751635804051,0.8905398076654474,0.8191078797148476,0.902178809043554,0.7327608283686807,0.8551914450606305,0.9660126871694714,0.9149796752160706,0.9270887885130535,0.9022952461720414,0.9278762694007474,0.7755929303698523,0.8339691641422612,0.785091428435889,0.7821171703755067,0.7739648830741819,0.8149608634064455,0.7721678668630029,0.8913605215784267,0.7274566843916578,0.9172892036111628,0.8118716664365949,0.7499872185649556,0.7178271325657363,0.9068129101927687,0.8364563728248606,0.8704492763407387,0.9483108724300141,0.7954239095350395,0.7048109376471478,0.8760539567889276,0.7866127853793536,0.8333463719959555,0.8188526912866861,0.7232095035200397,0.6483856250125464,0.9435350538831645,0.7011153118443008,0.8620364211583461,0.9391041734587557,0.9025091456430694,0.7781354699250547,0.7285714134635808,0.8260046969128255,0.7442638591351166,0.8756478975383039,0.7024216854834953,0.7497423757799336,0.746659746662519,0.8939967495523078,0.8900140023514248,0.9148722391943561,0.8561350976252473,0.9156672320492113,0.8794077949533233,0.9278105360434796,0.8407493455988075,0.7727422873994256,0.8928534753203924,0.8897577896751672,0.8726259173003347,0.8678391369856041,0.9299562353416985,0.681932009184038,0.7756926667387265,0.6225970920397622,0.9667824106485927,0.8579892869898731,0.8833002456828728,0.7990677582413008,0.8155568133079958,0.9325514436999999,0.8574658856429269,0.7364040773806267,0.9251079060086589,0.7582462017240803,0.61175874017748,0.8921366454736377,0.8983721736833302,0.9512866807714188
0.8468395910734444,0.0,0.8804179440098165,0.8876787208670739,0.7793335882875071,0.910218523213305,0.8151221403484552,0.8847068946318425,0.8281496281604293,0.7551722154577524,0.9117217815625968,0.9574307953533633,0.8774107465256586,0.8080677811154118,0.807968410024161,0.8877274248219218,0.9226281225231537,0.7836752071556548,0.9055647757094564,0.9315483113120143,0.9083871957770913,0.9014827560415374,0.7775922639754622,0.8828331559178356,0.8555634262820697,0.7588080777055052,0.7323337519476345,0.857099959651697,0.8236951772249217,0.7575317874339734,0.8413406087002595,0.8860314937068917,0.9514618801403598,0.8847250023655934,0.8403067711812554,0.9269522737014461,0.7718106866468591,0.8450350935108604,0.9152760916555782,0.9044688911232813,0.9580110823098194,0.8750767952813778,0.7583473066168093,0.8696981618519514,0.9309629883066771,0.8964653168431219,0.7934324698560343,0.848039537661431,0.8061070765851691,0.9151852355815769,0.8994091451488437,0.8981339447715082,0.921598228484876,0.9510974441264939,0.9113353107177076,0.856092730509787,0.9039547931228904,0.9231046363566374,0.864349274338955,0.9264885908145197,0.8900070302727012,0.7523545706330134,0.8872989534278443,0.8384774766932364,0.8160008184342975,0.8570121547782663,0.8783825889414112,0.6825694411990754,0.7152790550052879,0.7576987082261475,0.8438672600604652,0.7557364603354614,0.8532209140048747,0.8874853518530046,0.9194200334428563,0.7334497801337682,0.8392485882558934,0.7792109684659465,0.8471832910149424,0.665917534575482,0.8866675139365743,0.842522142191017,0.8712806619826444,0.7997013674169451,0.8909770506711745,0.9475489738246017,0.7925494600353039,0.7435024156317894,0.7781470999762503,0.8993888293771769,0.8327687670962183,0.8939943532506153,0.907591119362561,0.8981317764592897,0.890400093255151,0.7863296712880081,0.9176434772727853,0.9277641690263214,0.7400084198225155,0.8538189059302836,0.7720826641920578,0.7899419796065773,0.7523999090785991,0.7591262351791597,0.884953716460696,0.8735475188070269,0.8847035752881138,0.885326269470392,0.9191234727614611,0.9437596260908695,0.9132759189637089,0.8403561261590425,0.8598103464270955,0.7817081604314158,0.8501923859685628,0.8748720231641652,0.9127888476556225,0.7578025435128318,0.8917756435333867,0.6760221988273136,0.8214119837235978,0.6822387878010195,0.9107084639918375,0.9088013946081049,0.7747335734781041,0.8660435665827814,0.8132327779644806,0.8801797743311499,0.9347868385899089,0.7608751633474078,0.8205357081270745,0.8830183930949086,0.7212455585654629,0.8814627311911166,0.9002839466872825,0.7787797242682224,0.8022886460474371,0.7910019184742333,0.8711793600618709,0.8304346541304544,0.7832832304469034,0.8450428786077506,0.9232044966680247,0.9415378642109846,0.8546655572545051,0.7319934956963504,0.8956013288090081,0.8093288625301945,0.8696558086041942,0.7590800359434141,0.8382253030700415,0.866459429047683,0.9107359199527931,0.892370384234249,0.9241577822908915,0.8323880357515329,0.8600841841461311,0.8644127009421325,0.807695354146515,0.7369881046062409,0.6786579230631585,0.8022102738339221,0.9187739441372882,0.824052612239315
0.7220638840611628,0.8804179440098165,0.0,0.8565024903830737,0.6994978154382091,0.8881799391737603,0.7318725021362849,0.8809138424703082,0.6899521996751672,0.8366377880491419,0.8719155621114802,0.889255636638421,0.8418174291121322,0.6609722420839066,0.7284252469358395,0.8596147450127315,0.8839329364311114,0.7210962081154306,0.8560038971764233,0.7924542751955638,0.8980839679471656,0.8873475515320252,0.6983074251813188,0.8171653023668026,0.8504626013413262,0.6867489388883057,0.6593319277823612,0.8172864929304083,0.7590994933129127,0.6684133928035768,0.7040964480318705,0.8227329901033725,0.8235036533835207,0.7598486980720924,0.6765468875999544,0.7785666024164013,0.7044428623283853,0.7030862459235019,0.799745868327832,0.8152830013997328,0.8138951664714251,0.8824740260039182,0.7204382066092154,0.7442021479571167,0.8246767475957107,0.7999514770176256,0.6873806942460813,0.7881845019852648,0.7183657736011475,0.7824837511922625,0.8212963902694626,0.8100774028886655,0.7840263513879636,0.8996601857388796,0.8142299235589442,0.7278186245128392,0.7889987749372815,0.8904013308893501,0.8194083271091513,0.7625331310344564,0.8950530481832217,0.6327723823070253,0.8514430357732267,0.6925446952992698,0.7306772026144045,0.8082716497780378,0.8000488705202738,0.6783549977085221,0.7293603870761244,0.7917727606308878,0.7474423285847365,0.6052410152931419,0.7737006955241607,0.8913550469317033,0.8841090576828268,0.6006148589905734,0.8443057444465499,0.6925727207367043,0.7218895252355046,0.5634271263179564,0.8974615514964146,0.7620835370795079,0.7813886588838866,0.7154242810573981,0.7709217512436995,0.8047991194367835,0.7653036891929013,0.6514596877796317,0.6850549938142758,0.7361479284461566,0.729994885083856,0.722263990393997,0.7716512447594767,0.754588393696243,0.7736676443375772,0.7214817269038891,0.8309766674817354,0.8184027719400098,0.5861774691653249,0.7598699335417161,0.6181866195808089,0.8531735132397404,0.6865055867791082,0.7684695745324409,0.7342504562575555,0.7977698650783355,0.8846248803788676,0.8982808308723239,0.7964703180763423,0.9151107541113188,0.8564990107633842,0.6949866902320946,0.8062909865361877,0.7113826507691255,0.6907339424124543,0.7733981463354587,0.7778123220901222,0.7297918787214013,0.9420007762906573,0.5685599881670784,0.6675198151406153,0.6342592782011139,0.7526161016234784,0.7929142584023361,0.6167084319406203,0.8020116899119092,0.7230848104123989,0.7566234980184728,0.8573150762866633,0.6598680006655218,0.7280405711913636,0.9057655276364193,0.6065941741059384,0.7110949222196633,0.8403528205052355,0.6629143790931694,0.6712316800865592,0.6499972283458695,0.821183426025934,0.7283562276688716,0.7214416396070851,0.7153357776045861,0.800614523131942,0.8415706964319465,0.7337709878873641,0.6484272564320345,0.7795118598389448,0.8208319124677826,0.8487401699148972,0.6546740435236792,0.7165866299358895,0.733685840554024,0.8402940390510063,0.8946666605386435,0.9331033253544068,0.7766609685295781,0.808257623607763,0.8819600674289197,0.6568729956720791,0.6483089936765526,0.72445537662162,0.6252028045012324,0.7920595154834706,0.7158754627613976
0.8168262658480637,0.8876787208670739,0.8565024903830737,0.0,0.7199903195682115,0.8770345740355707,0.7952694721436523,0.8876688056483556,0.7644001999497693,0.6697278372174346,0.8812234608699141,0.8840700514486375,0.8625546032858389,0.702465266429655,0.7726571034313631,0.8126052797829582,0.928606304444258,0.7770910062214315,0.9203628976110384,0.8626164629397481,0.9465894930526362,0.8803427642963443,0.757638739549416,0.8970182691895542,0.7813242121770526,0.7592608169708016,0.6842128782534977,0.9178136738988011,0.6619617838232617,0.6739649373749099,0.734609171882002,0.8139506737120389,0.9036259627576562,0.8657138430172099,0.7362802091802325,0.8038708063568183,0.713553966995571,0.7223992373577063,0.8406463575635703,0.9309159729767561,0.86939151045614,0.9178760293805899,0.717313218724294,0.7772571144617981,0.8736188039807605,0.9089791720296203,0.6741268701229651,0.7551380393721292,0.757474244969256,0.8578506482798056,0.9332510530773088,0.9309931257128303,0.8913003863311237,0.9574049496891746,0.8044787044431583,0.7554665319617722,0.9192477997412379,0.8805883110147412,0.8504396251560241,0.8670586386867095,0.9463491095230426,0.6734747591593715,0.9226386390293588,0.6965283815094733,0.8230439864888075,0.9281082452624072,0.9302829956617759,0.6588949183970436,0.6619092058512616,0.7713808484407595,0.8288368521635829,0.6444705430362688,0.8978482344101596,0.9736354115117853,0.9111302530422498,0.6484389925332947,0.9199452618426054,0.6732399165990889,0.8061115324235937,0.6034055913960992,0.8315721150566997,0.8852091620707493,0.7635495703907941,0.7067104876632768,0.9085738546827977,0.8669689578013537,0.7923763072178822,0.6970834061604317,0.7264900613168859,0.8379423922427789,0.8125796330642812,0.7977199787901323,0.7883193463311061,0.9026389684897916,0.9058156841071747,0.6539221665187133,0.9070552042210214,0.8308575367330155,0.6329931369945314,0.8761120874113036,0.6487053073789788,0.8398407810114065,0.7553982824358426,0.651636979241411,0.8204184839687642,0.8517169851851869,0.9285273284118947,0.8311555460637906,0.8474268105043148,0.9187912023662386,0.9478164361766906,0.7902533144773756,0.9064568113409447,0.7189018771062452,0.7887696333252644,0.9037185456966894,0.840040427724163,0.6770639908067572,0.9011397324245513,0.6032894352058977,0.7385974437376944,0.6651351569675381,0.8554157360897465,0.8794939779825904,0.6755006126202798,0.733798432878627,0.8179334477553952,0.784151496708216,0.8120841216593766,0.667661708718991,0.6944380409370553,0.9141696012402335,0.6806878569135163,0.8351727105761253,0.867873190001131,0.68939505662081,0.6635144773707641,0.7033187751668647,0.8004904103987557,0.7577741915601439,0.7040566426297988,0.7053413037814285,0.9387292410517624,0.8741599030561156,0.7260212026466252,0.6911137991867075,0.8322320565462527,0.7426709398653624,0.721146705647885,0.6424411206478537,0.8340500087738175,0.7215117642762372,0.9318427840985353,0.8126492957599052,0.8874580539664509,0.8275976761726872,0.9221947190111036,0.8768037182315671,0.743048940275084,0.7411577265116107,0.6184824931856072,0.68688602934771,0.7799014514252459,0.8342090995846628
0.9160683839561817,0.7793335882875071,0.6994978154382091,0.7199903195682115,0.0,0.642693650136031,0.9069896680609683,0.6806727536300622,0.9019774027677357,0.62671289092879,0.8632761130081731,0.8005153655511154,0.6987514733922665,0.7284684145088898,0.948863013957662,0.7131686071597803,0.6894275065627371,0.9089671757635915,0.7663345359037239,0.8747723961928431,0.7680581400968314,0.8684037518199142,0.8092577516416576,0.8588033519748175,0.8161478622956658,0.7606983524052708,0.6838196721496572,0.645900655479905,0.7224633494598834,0.8047613613856808,0.9029348685339501,0.7112663100901798,0.82127072241911,0.6913172605853558,0.9076374058046058,0.8047525131872149,0.8501016245142252,0.8266580242554562,0.883170105593887,0.8001988164007566,0.8423348820012989,0.7483085461387182,0.9201050154903301,0.9490276621219135,0.7845683589252486,0.7666895026375601,0.7978586568030294,0.924472529896442,0.9023329456521922,0.8768027530706894,0.8344607710420046,0.7267986285586154,0.7630850472216666,0.7787208943023719,0.8325456576924365,0.6694404128082908,0.8194260846645491,0.7607485934860924,0.8555294154919284,0.7482687313329389,0.6564710266586798,0.6322342389199032,0.7699933544084394,0.8055637852788282,0.8720888126215863,0.7272102627091137,0.7522886113550369,0.859432219129835,0.7941993382638057,0.7643083250256406,0.9000209932372366,0.8239303943058015,0.7168114946032677,0.7275494343866654,0.6629983192428698,0.7372197893646611,0.7028789611251576,0.7800788010906392,0.7803182801230408,0.572050315919609,0.6593306719033895,0.8393768460932606,0.8824299292708089,0.6242222563027855,0.741332475863281,0.7959925007980286,0.7397550858447747,0.8487965272125793,0.6202615186462541,0.7600384566563858,0.9119194678679887,0.836069551423429,0.8928515814728578,0.76411342754198,0.8259311323334607,0.8204991872598923,0.7295526307151402,0.7041185097232172,0.7413118206872915,0.6444980174803648,0.7912446677448978,0.7094293629045387,0.8463870063740745,0.7905511738223822,0.7984302919454337,0.6959930591192668,0.6452804047802166,0.6623725056967552,0.8180888532852305,0.7950026478542501,0.8009448913177644,0.8871633554306545,0.6724829853627095,0.6320901266711417,0.7496560981381769,0.6667327488859179,0.7056249306243298,0.8786173289038427,0.66669402531905,0.5895224959611485,0.9302495205529142,0.6318664714796126,0.754981525850011,0.8535734179584346,0.8945580707223648,0.7678812518936688,0.618068550548037,0.7580337968826881,0.6845406656567145,0.8876570968001114,0.6323374044693584,0.6649871138058294,0.6550878068828548,0.80722532112054,0.8677541548721694,0.9408607373988536,0.8552083976757798,0.9187240397776798,0.8870488768872276,0.915339874220697,0.8402076834937517,0.721000960117227,0.7756726745856947,0.8283296606481932,0.8850855444755842,0.844437254475963,0.9013676306277868,0.6266591940110067,0.7877377875758172,0.5722405603407713,0.8914420830833074,0.8225842438617885,0.8126152748458718,0.7860766411920602,0.7836485861474014,0.895645723325678,0.7732299689998827,0.6664894751170926,0.8980203399688474,0.6515623968714521,0.5904272062080708,0.8334001160703288,0.8555870554221295,0.9167285296689522
0.730148536460552,0.910218523213305,0.8881799391737603,0.8770345740355707,0.642693650136031,0.0,0.6903292391632566,0.9319881338712701,0.7085316588164455,0.7505551121256899,0.8190461512335186,0.8853297065142748,0.903764820171824,0.7429249357720362,0.6656531399830022,0.9072238641061877,0.9528108383144797,0.6687288200725403,0.8483614493935224,0.806963387273275,0.86698247859254,0.78895323118607,0.6828826672229684,0.7619063362776702,0.7752633834970196,0.7278004786296135,0.693678734962631,0.8960392539903743,0.7439763551115683,0.6941148262940517,0.7112519370566315,0.8989112429524515,0.8560298932620212,0.8863733382592571,0.6985321914127953,0.8375706452917016,0.6936105729505109,0.7489607827542939,0.7874624226202164,0.8167913770548887,0.8324942256197236,0.8548392714144625,0.6582833565460136,0.7286461597206141,0.8746687705037954,0.8558740627859538,0.7177908439394926,0.7277758447903687,0.683200845567738,0.8037179443421665,0.8328275094862393,0.8893678470510149,0.8482480951106223,0.8915633081705814,0.8175287077987065,0.8633517802084217,0.8239064738853314,0.9269031439451578,0.7502594094413374,0.8775126737904495,0.9484762828892801,0.7696690804476762,0.8773409907452818,0.7299894327436576,0.7025389873404193,0.8450295138802146,0.8435453509322519,0.609560154849151,0.6526616360411711,0.7333660965311829,0.7427041629300075,0.6424004230256551,0.8504380956108104,0.8905592763430398,0.9749670910257427,0.6653773670000515,0.8687795714790335,0.709396511358599,0.7900472833952187,0.6963987248883233,0.9365194835444665,0.7535359767115464,0.7615186461466418,0.8335014281069953,0.8744691192011301,0.869196898967656,0.8005549398212117,0.6578408531321437,0.8153578906208457,0.8356079028974083,0.739382323084087,0.7883201417032415,0.7795281967658068,0.8371124456995165,0.8017977501818434,0.6873924729666566,0.8924023827862407,0.9173032022415124,0.662924020188176,0.8939141719125645,0.6684103619209255,0.8124067559839614,0.6805923347208253,0.6632257898073224,0.8198635001411567,0.904076453547415,0.9572401081854505,0.9058808118863938,0.8226866745699494,0.8653226928603035,0.8501679986453936,0.728904014810087,0.9115987036447615,0.8170641911233194,0.7988539340370657,0.8999607602174493,0.8927219083823852,0.6448277370704691,0.9325555539595444,0.6838959267368355,0.6829924722795587,0.7137386096670701,0.8566912254220228,0.8184449226015587,0.6385135570374844,0.7931066390616307,0.870659999586925,0.8384897157773628,0.9311555472908958,0.6371167385563797,0.8466214817657588,0.9533661845627813,0.7143652234677349,0.7873049828956487,0.7797342662449833,0.6332016737141426,0.6823404442551853,0.6494806960965213,0.7336223264019605,0.705679387205648,0.6753191256778165,0.8063184241696734,0.8589619216214668,0.8536895962459858,0.731819942552275,0.650714055590169,0.7719652801384664,0.8396858284848713,0.7812809552180813,0.7942565715707712,0.7277521166245596,0.7455210413717235,0.8226137281892698,0.8157288788648549,0.8727465624967674,0.7263602904971028,0.7954454150398496,0.9269459201654212,0.6649391930258766,0.7599340522001783,0.6727295552476115,0.688556291211767,0.8084020123622018,0.701788277000572
0.9103530813191575,0.8151221403484552,0.7318725021362849,0.7952694721436523,0.9069896680609683,0.6903292391632566,0.0,0.718184757803226,0.828993823664184,0.6957866677625689,0.8904340603849566,0.8366439532800191,0.7840467446893666,0.7525310906293983,0.9054131071155594,0.7670970415483395,0.7596203389737479,0.9141283790298715,0.8069775021394394,0.8692738500572734,0.7971023297547812,0.8557670388957428,0.938712020214397,0.8804659676933628,0.880287541136658,0.7870681727766824,0.755286614811826,0.7441299903970425,0.7458384883115864,0.8106972412992901,0.8631893434589949,0.7972223458925926,0.8466058281940484,0.7889589719310598,0.8665961039973642,0.8058878446031645,0.8755128444663546,0.7828923471790439,0.8613268950495847,0.8944381936413761,0.8259348084571358,0.7911777624227488,0.8824870936971951,0.9061865946106004,0.8359867792950253,0.8393853296181173,0.7984288609732503,0.8921242413895394,0.9780659633478691,0.8652706247758267,0.8892878877859233,0.7532121882683923,0.787909077781918,0.8165951780748194,0.8739117365033852,0.7078515799700308,0.8461771633233955,0.7821534687781139,0.9315429952264215,0.798051502571207,0.7157978978961693,0.6496969774932477,0.7787836091043646,0.7839773305301819,0.8473747267919507,0.7781101137723192,0.83792667981235,0.8404474462266533,0.7961948198829822,0.77398811667713,0.8628649476311576,0.7978999818082303,0.765555581031089,0.8099243287119484,0.7028104312402609,0.7955076341225241,0.8080820151777726,0.819492518014144,0.7744814956739209,0.6152252086138157,0.6882831646387694,0.8230572920938369,0.8758155252725266,0.6388727203335154,0.7844204885110175,0.78565716801915,0.7583986768715307,0.8786475005181019,0.7028018710771833,0.7683679468233957,0.902348040883023,0.8503623966913672,0.902929739620826,0.8149982684211232,0.8486551959349649,0.7940966884824446,0.7338330900800376,0.7462087701437617,0.7120817824242707,0.7346837840947027,0.7786718741334393,0.7692168873280788,0.882356121884808,0.7727881302333248,0.7991049362231414,0.7483799522900559,0.7123759236110068,0.7364738594930854,0.885320972393075,0.8510339184953477,0.8719078202415375,0.8531331386137864,0.7450759408640895,0.6722410145551551,0.769700563505562,0.7211224186767001,0.78346458754441,0.885246290357113,0.731378888661255,0.6003688718958093,0.8586550393976469,0.6341228049647322,0.7802940453963628,0.9127841762209309,0.8098210987886151,0.7999055881911793,0.6675415321781846,0.781834660429984,0.7308269118981986,0.8392731962827914,0.652549212465675,0.68828724584111,0.6849192915509855,0.7743076312946041,0.845368031206625,0.8440262433816597,0.8213166644209154,0.8770506311728751,0.9027563477646388,0.8839407288461427,0.8312488853490311,0.7379486144230744,0.8296934938689969,0.8193088186493265,0.8596440108588217,0.8646486963441514,0.8335703158162178,0.6989989372591227,0.8004569959586385,0.5819797125180728,0.8758513149961668,0.8329157116935846,0.8299767374932295,0.8509645597020707,0.8232925665515809,0.8868603824920385,0.857839807992237,0.749318315389548,0.9061442726833434,0.7566007450712285,0.6481418311577245,0.8115798725576859,0.8398875211676659,0.8759506008319878
0.7757185252138192,0.8847068946318425,0.8809138424703082,0.8876688056483556,0.6806727536300622,0.9319881338712701,0.718184757803226,0.0,0.7634937253601122,0.7439041296496864,0.8713160548783003,0.8948236184277063,0.9239978930462027,0.7408010682427721,0.7295464544209304,0.9147181970664562,0.8957360252406049,0.7291939048652226,0.8475373544512033,0.8352456577382246,0.8565833543843417,0.8264636318225623,0.7108822482886265,0.7848852953408965,0.8184879070239995,0.7800035508887317,0.7449990542798323,0.8670509107432097,0.7399722596890326,0.7325293563093284,0.7724056085797125,0.8825889639361723,0.8903181064943575,0.8561738056462389,0.7293443780968684,0.8442872576568997,0.7734688182661872,0.796578252654408,0.8360313086961861,0.8237973060327878,0.8420800647420198,0.8191985871591559,0.7368826924235231,0.7656158567569803,0.9208206899386088,0.8834120384074547,0.7075328833430115,0.7870644776255618,0.7238018210934908,0.8274128060611019,0.8575534928173384,0.8507029962654302,0.8182159136946193,0.8899894328170472,0.8558836335144011,0.8012684302107073,0.8375242139049266,0.9531456666940484,0.7676487771534305,0.8636111594177218,0.9579619025427913,0.7474241781412884,0.904749871980036,0.732370221846551,0.7295167793341647,0.8552642752612954,0.8774375726328271,0.6793077079178003,0.7187069778667378,0.8613577649002551,0.7982519687714188,0.6706026187395489,0.82623335984607,0.8964845949426004,0.9415146746514824,0.6820838653919826,0.8984618373994038,0.7224702118549158,0.8621508800849826,0.6481762409454944,0.869119048537223,0.7866004350607465,0.8090389321028081,0.8466802157449056,0.8505935899093676,0.8943288286819748,0.9124270189120589,0.7120050309628632,0.8165083989726319,0.8580997490820439,0.7823156775080768,0.7906676578477512,0.8073755961755288,0.8251575525489555,0.8041073551299823,0.7376380910776289,0.8926062185391934,0.8615715171712223,0.6581055683850898,0.8559406660099994,0.7004158453681558,0.9095569620810345,0.732541742612842,0.7071674677928025,0.8429388608684547,0.9019190192392347,0.9178925653372328,0.8640398089461582,0.833289400398382,0.8501999660814227,0.8456007655339378,0.7594342555219713,0.8828660067710302,0.8399977202444467,0.8167795514713341,0.8565360754418364,0.8353948063307278,0.6962400781838122,0.8624385069163746,0.667467343020217,0.7137922091061896,0.79997680302982,0.8107640450665714,0.8476081346381349,0.6621073634418321,0.8318702859323046,0.8011108354590921,0.8759056122884497,0.8799983156634603,0.6981478849112722,0.8081785262537722,0.9177181993860081,0.7700380367478564,0.7936309461318638,0.8238190892861527,0.6695763041671522,0.7214012589107868,0.6944815541866521,0.805237955326342,0.7808224068094275,0.751156566239403,0.7852873584399805,0.8387967320969384,0.8623618163630992,0.7754673423791322,0.68571824569849,0.8107415172023881,0.8331069953692238,0.800715849343235,0.7260678580080697,0.7930836461699696,0.7556235394886955,0.834106035696271,0.8214666688002672,0.9008053773491046,0.8234916536166786,0.8318242471112637,0.9158068551198363,0.7087074251633543,0.749789797816324,0.6636547945127528,0.699720693788062,0.8421187880481195,0.741769469512542
0.9586152133298879,0.8281496281604293,0.6899521996751672,0.7644001999497693,0.9019774027677357,0.7085316588164455,0.828993823664184,0.7634937253601122,0.0,0.5908713867956316,0.8487279092777834,0.8204643767316547,0.7469344559330722,0.7966258637249222,0.9059396707425984,0.741761686435766,0.7361158288207811,0.8826063581953117,0.7995509508508409,0.940113895293456,0.7884301241670516,0.8498941454983578,0.7599128819717832,0.8394250311492828,0.7740128776842051,0.7841865115375519,0.706936346497528,0.6992863063767203,0.6971271577888836,0.8120680312508909,0.940127624832954,0.751071958908594,0.8814953083398138,0.7578595141839488,0.9504378868174469,0.8719043529506219,0.831935711799614,0.9013914240121218,0.9090422844984218,0.8074585171775157,0.8939968173873343,0.7651516481608227,0.8654207364102208,0.9304364145788055,0.8530798666488302,0.8330126100937869,0.799575498364784,0.8672901837899225,0.836940088315636,0.9383521551523143,0.8676077595212252,0.8025863515586499,0.848208629740964,0.8140633702981094,0.8377773358055943,0.7526779080437456,0.8860913627032868,0.810576273429375,0.8190592294733615,0.8457839737759381,0.7239514145100796,0.7260980129123396,0.8396862221728629,0.8460235283176757,0.8917343416890604,0.7958035894911984,0.8100291757989474,0.7815986512619367,0.748048368744524,0.7816618102590949,0.9448970556286626,0.8611592636200031,0.7962426158714606,0.7574454658771423,0.7455159924287994,0.7771035870568697,0.7249719056766103,0.7404376679130636,0.8856251135673388,0.6126455303684124,0.6968995754996984,0.8956942894262836,0.869934282789591,0.7105095705963829,0.8335170856652184,0.900492051858932,0.8133866018374895,0.855016286896407,0.6942886145222361,0.8781451101184337,0.9287336022035086,0.9117480669557804,0.8984716971306418,0.8503088160089667,0.8866083500766986,0.7880949484649331,0.8302407129624564,0.7727922978177479,0.8150261587941104,0.7240202718861474,0.8344199653514152,0.7262688262558326,0.8399518268294127,0.7199560042851706,0.9131111753857708,0.76961113697018,0.7029533547238277,0.6785032305606676,0.8403304695673133,0.7859678135562658,0.8099094999132621,0.9479525349353212,0.747707308861285,0.7066263138654847,0.8564699538219686,0.7523740072046992,0.7767798182613185,0.7816828626168819,0.6770791929753555,0.668765217295854,0.9542704982880078,0.7172693327063376,0.8420618644773497,0.8740457107953152,0.9402371419010087,0.7610988685614247,0.7062672326301813,0.8274615720447211,0.7279819604117362,0.8701640616754551,0.7156665270903567,0.7266710554691097,0.7508491623277913,0.9246346087970058,0.877481551360598,0.9183051471158811,0.858481909520504,0.9121097281693499,0.8439697383132989,0.9185760410828119,0.8208777434292036,0.7770587549392727,0.8488519181369869,0.8890457572206986,0.8764803041140006,0.8310689292087878,0.9524090055076915,0.6358487096780506,0.7597978956685655,0.6435385829572403,0.9518044304536777,0.8339575863566334,0.8500543033882747,0.7489007764142479,0.7797831233248108,0.9059930341692591,0.7878280530119225,0.6867711998845102,0.9016464721997839,0.6951933380609865,0.5632172188158093,0.9021615990706064,0.904765403947008,0.9316155364021348
0.6240081568950253,0.7551722154577524,0.8366377880491419,0.6697278372174346,0.62671289092879,0.7505551121256899,0.6957866677625689,0.7439041296496864,0.5908713867956316,0.0,0.7612526955842164,0.7732030117412977,0.7792333414783293,0.6532901421042357,0.6362268137570551,0.8302513029829214,0.7330130765315706,0.6461998948986665,0.6863972345069834,0.6603220614032358,0.6789046273223922,0.7090200303781977,0.7264349427036034,0.6525086230100692,0.867132750909476,0.6257899529647996,0.7307041023093477,0.7094911281359229,0.8728508920579269,0.7033791134493862,0.6631081837632169,0.8068336007253096,0.6938657301711344,0.6918846543013801,0.6228309235269303,0.6984525228943129,0.7218491896729108,0.6655726215547817,0.6795786606271167,0.6881425998731358,0.6690819571969139,0.6865819949206372,0.675289338280386,0.6678210908016013,0.7298898084613847,0.6737470615790275,0.6835963606786557,0.7431006702310988,0.716820573055609,0.6448657417503058,0.6648320532139784,0.6171746112891922,0.6263410680666209,0.7015497495716048,0.7912499002569742,0.6772517129464156,0.6261840718803152,0.7666908373056623,0.7192319452975101,0.6593781960603141,0.7137494109604593,0.6080663000961914,0.6553359239409066,0.6695849423769943,0.5818115425671881,0.6256744291533127,0.6648807072076456,0.6646248697721119,0.766232881805491,0.7386843778158163,0.6087977826935136,0.6099554358740077,0.6179591162833966,0.7061632467985467,0.7172509825489053,0.646713621915644,0.728106757221728,0.7603430388761866,0.6265051404510336,0.6009330053882559,0.7567235810885512,0.581194645295845,0.7502689276320125,0.7043944787701699,0.6193048376576326,0.6646778972359402,0.6972166074070758,0.6474690998592957,0.7155398766083949,0.620988174315483,0.6366232614276321,0.6468727391753419,0.7318737458645009,0.6156074850621942,0.6123767001921381,0.7809120428891619,0.6336745040010539,0.7261772120958325,0.5689715395352357,0.6611303565391955,0.639514130050013,0.7557065731635106,0.6346311068288858,0.8322762309422508,0.6318467699111128,0.6909133809829058,0.7079988348238636,0.8607685989795386,0.7227498419376711,0.7490099565282343,0.6926075636787691,0.5931798136214343,0.665641812091747,0.7299975769527929,0.6204039361874953,0.6315031455170881,0.7152846003558906,0.7688837510406211,0.777394374153968,0.58288036607305,0.5877668117123791,0.6204045577374815,0.6236736565214076,0.6963037940945104,0.5640830756571837,0.8527872839633757,0.6064747557315558,0.7096506618443817,0.8049380763329402,0.6493368450350433,0.7379547222889884,0.686114615410476,0.6097221910160107,0.5731256411902943,0.671433898320264,0.5957596296137985,0.6918888965251689,0.6159795173374785,0.7680120677080426,0.6745970232859051,0.7324671156080163,0.7195628158944631,0.6355228488490581,0.683110955690222,0.7184566542604268,0.629544528490217,0.6255073973872621,0.8631188910008275,0.8890617497741982,0.652326094980865,0.6011626039228317,0.7496931522739172,0.6501192162790587,0.8379067401865834,0.807275062294904,0.6638655275384917,0.6802135454912672,0.7965755322118216,0.6268584332763544,0.6535123067505744,0.8311828295217113,0.608678941199102,0.7327840390450368,0.5801271915305604
0.8877019979929589,0.9117217815625968,0.8719155621114802,0.8812234608699141,0.8632761130081731,0.8190461512335186,0.8904340603849566,0.8713160548783003,0.8487279092777834,0.7612526955842164,0.0,0.9600074520451071,0.8602878511824777,0.7428854564615734,0.8852639717524174,0.885019243424401,0.8636874048178769,0.8696726440397624,0.9133632463544882,0.9214403616063299,0.8983043618325594,0.946278468081667,0.8581830169107065,0.9145115523323042,0.9344152036942927,0.7749994026264875,0.7654399387971228,0.8350372788986574,0.8004175672058007,0.8312374904154454,0.8729056535411966,0.8596203107232162,0.9140885316007433,0.8285578919607333,0.8367925696934848,0.8625156254680519,0.8590655779676947,0.8334429603531744,0.9458498096258167,0.8957083986323188,0.8977768852223693,0.8665558152351094,0.8676605458256308,0.9021128443533615,0.9037508579341295,0.87320977406747,0.7471500212633294,0.9280816805564901,0.8969677680793389,0.8976569976878533,0.9218464753586095,0.8192758173331574,0.836821287085885,0.9222135715938474,0.9360437009662427,0.7352443987217059,0.8989532175676165,0.9382211386416396,0.8957358433711823,0.8450432962196052,0.8540024957885952,0.6690075241814876,0.8799325649804802,0.7850019074772535,0.8362686504554243,0.8328884839413495,0.8642635371752633,0.7729820873336136,0.7958759711980641,0.8838202790930038,0.8691141642395904,0.7430672037795012,0.8031514815572522,0.8909306551789272,0.8456075542557555,0.7257687427752137,0.8830589040717386,0.7978002552070442,0.8328997360621273,0.6154204528221627,0.794696007187377,0.854988818694366,0.9125485868801423,0.7274772845854521,0.8342304800466269,0.8794924323105641,0.8607777804714734,0.7970177675307334,0.7314056856729028,0.8252961328689531,0.8859125662045371,0.8385002089729708,0.9263860620893537,0.8505901877421486,0.8622906382423774,0.8178853358541486,0.8436196398515172,0.8091951302201498,0.6834519162602898,0.7670315754163887,0.7580777471357948,0.8824950733202174,0.8081911527260647,0.8113324022115278,0.8387719041576226,0.810833251192603,0.8215070112562034,0.8444730919452872,0.8786844583247104,0.9302026095283155,0.9289161885737115,0.8411315473773235,0.7990335526074892,0.7694218277060902,0.7906070533398499,0.7919851998516151,0.8239917449017463,0.8715426544025904,0.8310662902919712,0.6099515434552186,0.8317194406459094,0.6933429057637223,0.8141785178460276,0.933373607607498,0.7681504136634055,0.8777735963179173,0.7079809539607355,0.8473374391388125,0.8309220309852245,0.7926912747444573,0.7304543036449641,0.8297381473381588,0.7223243804484923,0.8260305580040688,0.9311621254045375,0.8025592419547699,0.8167235434695536,0.8116972957778091,0.9406556167845712,0.9147149930709813,0.8377552206910249,0.7780970727193871,0.8662469657026705,0.9038351275611082,0.8774680179047142,0.7650506877069307,0.8952551217923245,0.7791372782589604,0.8764727518340094,0.6482811364014786,0.894253072778233,0.8547282483858755,0.9202304401149056,0.8745061209743017,0.9507462826637525,0.9251184086970549,0.919014531472227,0.8484388415977806,0.8354349197489117,0.7369311244713755,0.6477466903262131,0.7769425950208825,0.8887508225294781,0.8827956381690996
0.8416369259844221,0.9574307953533633,0.889255636638421,0.8840700514486375,0.8005153655511154,0.8853297065142748,0.8366439532800191,0.8948236184277063,0.8204643767316547,0.7732030117412977,0.9600074520451071,0.0,0.8552974013562683,0.7403722660628482,0.8305761432723341,0.8950317412977856,0.8907955342574272,0.7866503024769099,0.938216332942679,0.9165939932969052,0.9162970098718395,0.9192652182091056,0.8047799462465035,0.8987241646926107,0.9129206022034165,0.7420875074109543,0.7248836915284561,0.8495148544314269,0.8155439539169693,0.7945000230848607,0.8564872582278824,0.8799440347318369,0.9177693586447272,0.8708614452403427,0.8152353644218165,0.8849628836893392,0.8037546459234624,0.8173684463072074,0.9473472562694012,0.8700576464148175,0.9150086080979409,0.8743582116471724,0.7996189860266897,0.8795133536071363,0.9117065532220344,0.8675585946738499,0.7431643061839917,0.8896378432902785,0.8359772569461539,0.8856656972221469,0.9019418860716623,0.8477661091218442,0.8568601005041164,0.9471088911362876,0.9305598770591351,0.7841983968878998,0.8938634191259016,0.9551308510563129,0.8537472756750513,0.8688420934180079,0.8872811334603002,0.6925491680510861,0.8742652870724993,0.7888500600530634,0.808479695347022,0.836056328788869,0.8539678543121885,0.7005864452713815,0.7204541966036662,0.8172087632926885,0.8333574068514057,0.720739046744567,0.8085323843802696,0.8859848862247076,0.8856052451719124,0.7125906633295775,0.8690549224248086,0.779029679340162,0.8261968310497866,0.639592825582069,0.8415563743114954,0.8397768525702608,0.8861285402747632,0.7509609433198599,0.8532223936925475,0.8993221354496942,0.8386987897539819,0.7420983440586459,0.7472827884418916,0.8586666164080002,0.8277669078240794,0.8560360996476966,0.9055277917818808,0.8667477609729219,0.8466644951962402,0.8060563832108819,0.8853028800736473,0.8732012268833506,0.6900551885428954,0.7952959577121161,0.7506810488551042,0.8581116762098947,0.7638475149932699,0.7981644822981244,0.8401619883883491,0.8275520996677014,0.8644884935510981,0.87539166561461,0.8676945983924956,0.9570607149878445,0.9405405663695208,0.818753288405509,0.8182626703632029,0.7751207395688084,0.7912237981824901,0.8163930146661679,0.8641153120478279,0.8158209071098331,0.8712527074820531,0.6239525290191983,0.8000638688031305,0.6808595925044003,0.8503501579209777,0.9182192384531414,0.7492479556484978,0.8870497198974383,0.7448105479756462,0.8647908379454107,0.8907899453527495,0.7414712491961679,0.7688101833984526,0.8676513063395329,0.7114432128431922,0.843042869318049,0.925938420751009,0.7667456646897988,0.8037415047792711,0.7704946362682743,0.8858120649731627,0.874294474496253,0.7897783922942915,0.8033725031468975,0.8833332593326804,0.9165839303943842,0.8615442181389988,0.7262345120947836,0.8917109561441083,0.7979175304593314,0.8860827384539867,0.7018437664852636,0.8630112964598209,0.851418333290238,0.9165575946839383,0.8671896587071938,0.9724727571669906,0.8722910107390617,0.8893114555654248,0.8752432474944998,0.7886825883052453,0.7265031936966684,0.6390223431326363,0.7710024851553924,0.8987052290327848,0.8374792418056375
