0,1,2,3,4,5,6,7,8,9,10,11,12,13,14,15,16,17,18,19,20,21,22,23,24,25,26,27,28,29,30,31,32,33,34,35,36,37,38,39,40,41,42,43,44,45,46,47,48,49,50,51,52,53,54,55,56,57,58,59,60,61,62,63,64,65,66,67,68,69,70,71,72,73,74,75,76,77,78,79,80,81,82,83,84,85,86,87,88,89,90,91,92,93,94,95,96,97,98,99,100,101,102,103,104,105,106,107,108,109,110,111,112,113,114,115,116,117,118,119,120,121,122,123,124,125,126,127,128,129,130,131,132,133,134,135,136,137,138,139,140,141,142,143,144,145,146,147,148,149,150,151,152,153,154,155,156,157,158,159,160,161,162,163
0.0,0.5198499194934455,0.45174254693973565,0.5151179525102587,0.4760556793608208,0.5584419422875897,0.4926105503302193,0.5279526810458308,0.5777689750359346,0.4550622487615999,0.5361268974637966,0.4709897319241245,0.6256684515560915,0.559535973369991,0.5027417357043659,0.5694391140632051,0.6088184576146486,0.6461828388317353,0.5122463265458426,0.6885175135282269,0.5839961901590096,0.5086532111112083,0.4771197980559932,0.5038313494572125,0.5933500433065899,0.5109745279723845,0.43324454117770955,0.5722685658813149,0.4001869866068463,0.4919698700798705,0.5670132180984689,0.5797492388967305,0.46706244358369914,0.5282754687397958,0.6994967433951298,0.49255968635126546,0.6304605829690288,0.5861740417755444,0.46628005188692806,0.4817134751141939,0.4704646538364325,0.5884379579550112,0.5606297695668101,0.5951108037375142,0.5543131106713435,0.5635756343188866,0.5009603785434942,0.5106852279579717,0.5791813427136782,0.5606860708853141,0.5829216200668813,0.6151911401105451,0.5178648809004255,0.5154849687502888,0.4838183345117557,0.5968511040956749,0.6653854264396166,0.509128138692069,0.5476554870538786,0.5497745201923329,0.5503990290149564,0.5031798681381733,0.598435281629843,0.49756230364404547,0.5834614436273172,0.6394666937049495,0.5556752210961239,0.5908410295388965,0.5192812911081869,0.5969139286335088,0.6328576845486606,0.6121501620125978,0.608261438375718,0.6000464054202712,0.5940130783414524,0.6209879895686126,0.52501039475165,0.49826665288939853,0.5299011792511337,0.5286423887627536,0.5608331968599334,0.5707675140888534,0.5611733987859501,0.5813069601722187,0.5864395469559551,0.5886075177782213,0.5638916195951854,0.5473534425504476,0.6193283092650632,0.5449417207639865,0.553758577273453,0.5257184292329531,0.5135156267654437,0.6549483657959609,0.5867591192329514,0.5029952285811592,0.4994106346906377,0.5445368103336242,0.5139391435597381,0.5947849629721136,0.5677171967914527,0.48450615482698445,0.49912442705468574,0.4505485968390656,0.5971642939659126,0.5768135451581086,0.5384384409745618,0.5770634204690852,0.5003774081232965,0.5397555101444338,0.568104368551313,0.5465869866047235,0.6356722732644017,0.5384063320275494,0.5939780602175562,0.5888678986993616,0.6179630955987048,0.4734784760091401,0.5320745955053284,0.5615154862901085,0.5762576075421604,0.4861241958089997,0.5994935524567816,0.606799697141197,0.5764113037207714,0.46755248828918683,0.5071289039568552,0.4901373837030563,0.49720697770514105,0.5202243604367973,0.5573222835537535,0.5584210533522683,0.5816447762731194,0.5681498804305704,0.5353976302328413,0.5811030107327809,0.5649569550072073,0.5063258538286419,0.45308031253458314,0.5155987899588619,0.5132501312026247,0.5748781566242489,0.5773799476816482,0.488411395306261,0.5793264704044776,0.5303852126125933,0.5321127204770311,0.4935913395567283,0.5016860971393481,0.45064693739209605,0.6497721728485248,0.5287046264722068,0.5303698085367133,0.4287215269639253,0.5417233079199641,0.619340484554461,0.49654835024547184,0.5865095095118058,0.5001836815530486,0.6053308681327565,0.5131584738117624,0.646255914756483,0.4834206007538852,0.6574023811866211
0.5198499194934455,0.0,0.585900400392789,0.5591537094793956,0.4853336331857927,0.5508726755991683,0.5259444153828571,0.5554412631328814,0.4872516717928042,0.6456817360536167,0.5781965637392243,0.5488960342835854,0.5797493799785023,0.5591418752800696,0.6043126843652575,0.5751838564030155,0.5711353744707063,0.5482312955682737,0.5043667143714962,0.5453014180783463,0.5728706698685467,0.6821317478201001,0.47517307424819805,0.5719492572143442,0.5996370255050296,0.46535217755964614,0.4735206105731533,0.5094918288441158,0.5756104621309468,0.45325226888298864,0.5730980102083867,0.525287853269808,0.5790296127556025,0.46166531361871255,0.5778121735551891,0.5561261075991136,0.5488349853393969,0.5621273960618701,0.5599545624747717,0.5212940634862533,0.5728542801543363,0.5121740984936148,0.4954938124223502,0.5832689389497707,0.572309742158066,0.5184922715367594,0.47509270729913206,0.5259870690113293,0.5523885317035692,0.5154535014643431,0.5210307383308924,0.5076453712114947,0.5092169794131425,0.6676023612421415,0.5838496339178001,0.5255935156153182,0.5233556095267926,0.5098504761587629,0.5549752613066984,0.5437148598597885,0.576703129043061,0.44574204367951764,0.49249174744065094,0.5109385672229972,0.48326232669951347,0.48626181733487345,0.5225516475641528,0.5234998519191619,0.5047379201811597,0.548604365813434,0.5183733713426968,0.554237351902395,0.4525226854166924,0.57871928238557,0.5810991371395117,0.48794468631842813,0.5067034829775202,0.5652357008637997,0.47445205990158557,0.4418179900688862,0.5302056523742669,0.49039805438702383,0.629360263841328,0.561309820797156,0.46777867061015665,0.5892130940223932,0.4596910266358122,0.4660173247392367,0.536132640408049,0.5399604787875455,0.48409451107343787,0.5000953371636937,0.5783733148134237,0.4971743592839783,0.518416519905843,0.6494021615851173,0.49045250359065024,0.5135808573572673,0.44653681785199495,0.5310287796323926,0.5990659740811229,0.466916041482747,0.4361062487431632,0.5549069907395165,0.4914408015237213,0.5133211386813913,0.5230450355107892,0.5722571685375744,0.5486678463634657,0.5825352294931082,0.5365265066777835,0.46515605041889885,0.485434407637524,0.512844351029319,0.5097437251735899,0.5379370182325179,0.5088960836318918,0.5192230579747489,0.5563271493637428,0.4950143649379338,0.5282288683819079,0.4571230970214059,0.4560726478046001,0.5829407973890999,0.46984600595839116,0.6416019188335912,0.44351309995959537,0.5561929696797198,0.6104434047223454,0.5679738507386115,0.5313757878618421,0.516111690241602,0.48206392026269484,0.49627704184562915,0.590735526269534,0.5477488641373555,0.5465054969842509,0.5415057892592293,0.5324043119054682,0.521672466993063,0.6049749838045151,0.5564414152020538,0.5403946839928566,0.49805353096999677,0.6018531769749323,0.434542327627489,0.5514925761478361,0.6016385084767366,0.5801065020131863,0.4709545999344346,0.493960723052227,0.572950425843774,0.5521265008559617,0.5314163910190496,0.5887411247629202,0.5688462455220967,0.48758015691824547,0.6106015226754105,0.5261083374704463,0.4669431393250151,0.5858916885487737,0.4986375044989915,0.4687009469796348,0.5194424131001609
0.45174254693973565,0.585900400392789,0.0,0.4795359769650333,0.49902658270618894,0.5179276693606188,0.4553588254927736,0.5259784877504616,0.42910724498044817,0.6080415537020128,0.5461346936670758,0.5246806835841874,0.520217973218683,0.4781147004543739,0.507059169659497,0.588977715616361,0.537049226736888,0.47612790408447747,0.4515977694595497,0.4766780293346038,0.5474541345199412,0.6654436612733576,0.42287841713257845,0.48647927350963643,0.525385342510679,0.45389097605982304,0.42927389372333213,0.4419369833873106,0.546026936330441,0.4282929719772856,0.4863535042425876,0.49993851794606975,0.49540069361174077,0.41717240361624397,0.48099753529014455,0.5510712165634181,0.49006051007777773,0.5100275133507773,0.5058918958093372,0.45550899735018585,0.5087324508704193,0.47706655970673695,0.49672610377717846,0.5231298905909582,0.5231312897327094,0.45878631198331515,0.4751152325006655,0.5267049756097433,0.4744134381556521,0.4970644104609556,0.4800427150946147,0.47434447027071,0.43346444447758964,0.593673207987707,0.5574421780190507,0.45326174860175195,0.45678007804030657,0.5236700725980414,0.4888177762959091,0.4736116872169395,0.505875319361988,0.4283325806013395,0.4880156404798489,0.5017766365325695,0.4293770314473491,0.4354780005713274,0.44827581239443903,0.49489900998963127,0.5332276590393096,0.5068960294396293,0.4750269571417326,0.4620866548603523,0.4217391318223551,0.532799528735624,0.5319725453588545,0.40364335521213246,0.4809751801915096,0.5266739397314378,0.432813069494599,0.385135207189628,0.4753945742620681,0.44091740789278183,0.5239925047906492,0.502205592055402,0.4281634881174767,0.5100413779670028,0.4324165195393477,0.43241196707451157,0.453594129363654,0.4445957635733532,0.46926337275338903,0.4410801161552069,0.5334860083620442,0.4129551552345868,0.45162709324205486,0.5758264155503718,0.4556652042351518,0.4735382588769496,0.4101903594210507,0.45547417812041746,0.4672436835080796,0.47190469390836415,0.4147700036211805,0.5368719219814457,0.45405489073718436,0.4920210413703712,0.50316107139966,0.511297499255489,0.48596639576187367,0.5088284906988421,0.48381927957196785,0.4348956188728392,0.4377142381532008,0.4569773997730782,0.44776824433962475,0.4666729983243722,0.43302615820393453,0.5119453473023478,0.576780312445111,0.44027992101572555,0.47762398132383005,0.4332231768637404,0.41309660876235865,0.4810963537028351,0.4010056371700855,0.5695975777036922,0.42287314805468074,0.5431549612981255,0.6002651561019506,0.5042287794485386,0.47570719963832864,0.5186088178884395,0.40857329378318674,0.42593612258860336,0.5313272432330675,0.4682394426981333,0.4757463563682058,0.47051243512691787,0.5010187033701893,0.4623972386004945,0.48942702460173354,0.5269239200813979,0.45648274204716666,0.482453163815556,0.5284186000547685,0.42407235177074826,0.5171531700637458,0.5052161564330343,0.5711404487258068,0.4696971648736018,0.42668664195520584,0.462925905647987,0.5071157947661986,0.5442777282402369,0.5292375501622786,0.4789316118216175,0.4098653025478893,0.5313310169897353,0.42016636225871307,0.4153181063182281,0.49620982847554973,0.4160129692813194,0.415751814385703,0.44737882338833534
0.5151179525102587,0.5591537094793956,0.4795359769650333,0.0,0.5075680112920523,0.4559215717598621,0.6001534548539161,0.5547012303248682,0.47986519510092035,0.48123224719630714,0.5350722450613346,0.48569755356195804,0.5536158036177383,0.595008195003248,0.657086318643263,0.522916420232438,0.5541020306299096,0.5906751559801068,0.4633707971797168,0.4937454971425703,0.5434236135019935,0.5578212927545242,0.5394855213019354,0.5546128222037354,0.5086931769693129,0.5613667906067314,0.5659784962714387,0.5248407114701462,0.44381132759048275,0.4411730876053601,0.5352460977231323,0.48245103395013583,0.6773462462567579,0.4871663800566642,0.5656503621788486,0.572725649886571,0.5337780644263758,0.5677526316163574,0.5327166196642491,0.6185872875639449,0.5924227913983064,0.4801645934747694,0.5053190152742726,0.5422635585297021,0.6074120881736657,0.5736567945220711,0.459393875283065,0.4589450693371517,0.580633321304496,0.5479517288572121,0.5913331237982394,0.5275422323497293,0.5021573860644778,0.6299126698459269,0.5565841930264301,0.4777019400538606,0.5473847663195285,0.4999863901359304,0.5657758732338515,0.626122724468783,0.5399446590911308,0.47260405566777236,0.49994236754756055,0.5000691543578252,0.49372559709910596,0.4966313862194215,0.5961551608921998,0.5129003031956277,0.5168697330395549,0.5544428930141212,0.5384443352070339,0.5890221411064175,0.4751690912746293,0.6597558113301286,0.525820466864773,0.46750214878664226,0.5878462489850378,0.5856124547562869,0.5120147814929848,0.416188005682674,0.4576547636436799,0.5390762624574419,0.541648420941521,0.5198745697666484,0.503577173117093,0.5736225457168136,0.45426592122900844,0.5218089198404366,0.5526563556280383,0.5374905624641249,0.5646602076198707,0.5181304133253869,0.5633773743371776,0.4945685848400164,0.5815753748769131,0.511288329762014,0.4665086763708349,0.4827568247124049,0.4678034907697369,0.6258234975194413,0.5790444486489007,0.4907962469346246,0.5002070151963651,0.47461310960053454,0.5261782129073059,0.543935342940607,0.5337676730929752,0.511363499533644,0.6007701010067797,0.47499325506129714,0.5397697592092634,0.5240699997873294,0.48260404986103667,0.5356241432107053,0.571907263646445,0.5896373918089747,0.4707878551591785,0.4585807537856419,0.49633817467605346,0.5422312210518445,0.5799410189174717,0.5319787903150367,0.4343174343111178,0.5845199829765825,0.4428894589682931,0.5170413386653083,0.49296485751317237,0.5900346438145402,0.5137989170723042,0.6157175966266264,0.4681710101844742,0.4818802537422802,0.5097071522682951,0.5164758026294822,0.5001406339844441,0.48333002053748697,0.46088301993910036,0.6503418785155726,0.5458235215909586,0.5349779770171744,0.5634253598172235,0.49518949079877866,0.5973131788360169,0.5023660383391934,0.553972556334766,0.4723110940961989,0.525245333305101,0.5454240160594616,0.46027130055243537,0.4233355460311846,0.5270495890308048,0.49831632194776954,0.5749543755953257,0.5214168914406923,0.544519039543617,0.5595786174131532,0.47387834884952057,0.5800956834343584,0.5906837983025732,0.5196507571421901,0.5282381506819261,0.4710565397219141,0.4768371643555072,0.5491089000860492
0.4760556793608208,0.4853336331857927,0.49902658270618894,0.5075680112920523,0.0,0.4550706058590421,0.5306996751727953,0.46989231478342547,0.47188338658509715,0.4518855544810931,0.49038981431751194,0.49899147755303536,0.4658822742895508,0.4787144807632468,0.5112806359747378,0.5476275358835102,0.5626931354912449,0.5118470874827605,0.45627735183707274,0.45409657917598,0.5740396589233687,0.5241148893655494,0.48832391735658215,0.47509104586684875,0.47675837229733414,0.5003617062439777,0.4521894999023475,0.44601989177871,0.4174747936992478,0.525258111526894,0.48201261366062137,0.48694887033563466,0.47996976516982315,0.4413586495128146,0.4882919796460783,0.5404571779993207,0.46913680963084137,0.5320328877595936,0.4980061388667439,0.4791493471650103,0.5200565348601047,0.5310555396041631,0.5194181145192657,0.5263084913209822,0.47577890306553294,0.49597343171005587,0.5471725739369842,0.4437638269394751,0.515880012330301,0.5588955651506783,0.5655813745061747,0.5269095078202201,0.4711110868359155,0.5193797013644722,0.49491243053477624,0.474081554388138,0.5187493929057828,0.5661424713408183,0.4847852443157942,0.5296002597497664,0.42711835918278934,0.49108093347378956,0.5024893648972824,0.49955344691238757,0.4779035107582604,0.4464516274159188,0.4463293765358313,0.4953738706554013,0.49936446114828786,0.48151929316786435,0.508631295097676,0.4980599397085885,0.44401892699750123,0.5511332411440447,0.4957127770595139,0.4214677705239652,0.5179088605030886,0.6484787256802342,0.45162024009928453,0.4181967575575289,0.45870355262264934,0.5076040359619688,0.5488599859645347,0.44382398191635875,0.5014065167806131,0.5035657590425747,0.41497645714089193,0.48693696073477843,0.4732300775407387,0.458575002686014,0.6404080241762944,0.500113566892761,0.5776693516754745,0.4400976531908285,0.5234144529712366,0.47479981829173673,0.4290783527739853,0.4695947356780038,0.4865340409945968,0.47607392787771846,0.45968578592270487,0.4575807469544491,0.47772327356664956,0.4580250142359972,0.4942304694789092,0.5331610106766534,0.5098906141385264,0.4861730676478,0.5172208562209393,0.4473670898209837,0.5155478659698597,0.5299814623567624,0.4297963726680449,0.5057151037296728,0.4784486704615042,0.5236797395144959,0.45033100596741543,0.4716364500734849,0.4849388499993046,0.49963962954848967,0.6255809670196648,0.47760627633612035,0.41968463391727967,0.5362130723948505,0.42011846990955165,0.45863896905826423,0.4997670352074556,0.5355805119539633,0.477049818842146,0.4978787889993331,0.48599253522909985,0.5297090105298019,0.4155336194839927,0.4773734196489968,0.4409134420750979,0.4669556391981295,0.4527454849464784,0.5032915735331812,0.43959551897699467,0.520063666691661,0.4273990668043391,0.524118725458459,0.5330741701880631,0.5109695920597783,0.5181126214410587,0.47433706453753255,0.5678878876124107,0.5052152801166956,0.45937759553437196,0.4662838425656854,0.45243353100090367,0.4708479611009104,0.5541147518120693,0.5150274633502205,0.5227088038048425,0.4605586372737916,0.39379681292766927,0.5481448248142285,0.4218448998474814,0.4917501686876958,0.4596310811744052,0.4452510265669556,0.4741692325754413,0.5201859862811928
0.5584419422875897,0.5508726755991683,0.5179276693606188,0.4559215717598621,0.4550706058590421,0.0,0.4363959768596822,0.5353783041092809,0.5253010565900841,0.5087080724082498,0.5391725317000284,0.5297112286270418,0.5401681813983351,0.4648499921717805,0.4665189689865458,0.5778540541602607,0.52885091062403,0.4820117527171221,0.5310455081586715,0.562074320979295,0.5877894224375635,0.5397317071931814,0.39910242037845567,0.45985685239517016,0.6142913911250351,0.43480384691293567,0.37634230530629686,0.46067039645177676,0.4437709517834396,0.4730365294482855,0.5795668095273219,0.5880538254470254,0.4429337852028173,0.4509342294395334,0.5380080990114496,0.48582130610030233,0.5731326278261241,0.5279373870968149,0.5092350255964903,0.4069634040074333,0.4506836281021224,0.566603676475191,0.52027151433621,0.615769376305705,0.4913161324529973,0.46406959506468803,0.4664923368699504,0.5842710789786938,0.4787477894613567,0.49121693436439146,0.5088268705807202,0.5231219799659967,0.4647382739673743,0.541791021052598,0.5064622956040923,0.5788819592224156,0.5250554189356262,0.5445306189286558,0.4681079078561342,0.460887287450002,0.577860131762647,0.4683250223057082,0.5586942792256169,0.45921778322202983,0.4985686447989009,0.5233478322472682,0.4717644070991553,0.5536293384821983,0.45996167212727135,0.5702583339556047,0.5546958899223866,0.4832432425607907,0.49408325221682986,0.5160403146815957,0.589666937870562,0.5070436135376652,0.4816150858686876,0.4808272375313389,0.45681854456150833,0.516123601946208,0.6333522127198592,0.5065005449726693,0.5803528948202832,0.5498464746883817,0.49322665776508645,0.5253793625655477,0.5807618848187096,0.4577945784727524,0.5079635632747658,0.5101411425986634,0.4689866083713879,0.49425480780741116,0.4980891493595614,0.5146984039257059,0.489492255328937,0.6058250863832906,0.5454820547507927,0.5293559658316084,0.4563105859079355,0.46852238614695413,0.5216312213795566,0.4991221983331935,0.43913463188795887,0.4939297721655343,0.5084127421875421,0.4896909711660882,0.5165111043830934,0.524792639369642,0.43797899527365836,0.5769312910863491,0.5485070810855476,0.46402702410892543,0.5600455973580695,0.5007492169364928,0.4676817263707982,0.4690092794088424,0.5344160416651133,0.4933589029184484,0.5619000680050168,0.4797235495456751,0.48387609401994824,0.459828371686827,0.5105821790735907,0.5508881944993251,0.5238934307751896,0.5234828344290441,0.4459401267448167,0.48782859492659353,0.5253787707951789,0.45657502579458814,0.5547911527138051,0.6236307982292288,0.4924450117706913,0.5175501485656662,0.59734129527358,0.5560852450775594,0.5427772071114055,0.4261707574659846,0.4097301284093501,0.49741893251340014,0.5039307149620005,0.6143459398575528,0.4922226693373663,0.4967130563775669,0.5861890654702674,0.4412999313513342,0.5605642495113463,0.5012818915454635,0.5583563595023843,0.47771918958917436,0.5352911760559073,0.5350973672506445,0.47921950784932915,0.41465645099964044,0.5647805236743114,0.5719626771080495,0.4420544906538718,0.5806947069997367,0.42619346838451416,0.4844148792313147,0.48313152664586234,0.5516778659785118,0.4671766426902737,0.5225853588487656
0.4926105503302193,0.5259444153828571,0.4553588254927736,0.6001534548539161,0.5306996751727953,0.4363959768596822,0.0,0.46430645816009236,0.440615256455929,0.48959397635775714,0.49903521004373314,0.48307487895787843,0.5171978029659386,0.5433217526485549,0.591520544162122,0.5025370498944728,0.5272830373344645,0.5375299729050261,0.45181843566513435,0.4612256199712344,0.5151115817767715,0.5115102275733178,0.577500088205571,0.5426429064520888,0.501728135737658,0.5067768916923064,0.5118069182334595,0.4910310344004517,0.44216748652576443,0.4499564990746863,0.502473314466068,0.5063476014603064,0.5396096763356963,0.49850714668195073,0.5228100322991269,0.5212103139524972,0.5145720039737443,0.48222451346889883,0.49834778330001006,0.5892074951245898,0.5014768353701022,0.4770575282994265,0.48816324269144923,0.5259045408420947,0.5370372814121973,0.536326013678904,0.48539636297047234,0.44889596519871267,0.6539511537793145,0.5166369329895768,0.5884905126211784,0.48231672265076647,0.47515904096623596,0.5631577452003522,0.5528109679648787,0.46830497158495166,0.5135399980044273,0.4647530516352886,0.5918828910753803,0.5836874639255539,0.46691500819654486,0.4566274755276497,0.4485999978538934,0.4800635378139939,0.4787651013989942,0.4652409981737592,0.5429082621557308,0.5076157551718902,0.4774531088505784,0.47049562879772333,0.49598127674728565,0.5464516613240258,0.449851790948689,0.6136070943845413,0.4601380328227877,0.4787344762986841,0.6066028065881895,0.635750798758755,0.44189722518710345,0.4178343388196266,0.43133087601955417,0.4910338613671185,0.527316960999861,0.43703310520514593,0.473868938693048,0.48000796604718965,0.41522045403247926,0.5320549084187504,0.5253710318667272,0.4828430755218384,0.5358794520678799,0.5192110972489355,0.5734448290050397,0.4828599243654142,0.5301657033337895,0.48645573207309234,0.4162881308929541,0.45955834401216145,0.456603390206265,0.5882972074491625,0.5366808883811007,0.46470618649716455,0.48342282521331276,0.4472437049654111,0.4735628309067104,0.505278096919873,0.5025687766816431,0.4762172770748754,0.584916825399011,0.48222704357335794,0.5714206080139254,0.4869639947565733,0.458749856964506,0.4758814491772967,0.4929912400475574,0.5196791417144077,0.46155290728185056,0.49514992179493783,0.4795307686165745,0.4784329682274832,0.5449592227520624,0.44767755267352366,0.4188716523657032,0.5807791836007508,0.42062879150478855,0.4942523317762028,0.4821701498857496,0.5537568289705719,0.4806268039382354,0.5361814139579918,0.44055483489148933,0.44406792384666793,0.44869212187849855,0.45241681774299053,0.4560727876713086,0.4641216334139083,0.45074288053483386,0.5816953960384523,0.4837531446374223,0.49944254885777195,0.47955347275005583,0.4934781561910785,0.5820759151051015,0.46582716301633054,0.5195707544289884,0.48776111729030236,0.47884817026516113,0.5205666638932992,0.44766445214435524,0.39637568610031826,0.47627567412462873,0.47691742172968493,0.5267541789043293,0.5480915077834527,0.4995641910814631,0.4978236151226561,0.4598556942601469,0.550277312989954,0.5256727720096251,0.5538037258696644,0.4918014567632619,0.4504309110553217,0.44536996645897153,0.501564267485655
0.5279526810458308,0.5554412631328814,0.5259784877504616,0.5547012303248682,0.46989231478342547,0.5353783041092809,0.46430645816009236,0.0,0.5401734012375428,0.5123772475559096,0.5309900403592506,0.5558065155020253,0.5472389210373249,0.49764300676289597,0.561806864520129,0.5905483532399555,0.5531045063204904,0.5499327125957485,0.5308992210916699,0.555335472099986,0.5845843517361904,0.5552557481823481,0.46305608411789634,0.48029048279603737,0.576941057844901,0.49005572586836055,0.4692273887505372,0.5047962457769875,0.4365387440325027,0.48621888067097824,0.6515559399374616,0.5376744084636692,0.5362289008788186,0.4849390385323052,0.545387679164701,0.5872511134426897,0.5465541679983096,0.631933305369089,0.5817014435463603,0.4604482105188269,0.5407058872770412,0.500192150474908,0.5895405004494876,0.5432186269227988,0.6273471857346528,0.5581304981354507,0.4680971962674028,0.48865513938998223,0.51156230194859,0.5650462545459927,0.5566751308069747,0.5240490664812655,0.4866905901154971,0.5905296184969935,0.5581854185513141,0.5006078450494719,0.5604714115331035,0.602070770112713,0.4982209322855086,0.5615937434132479,0.6022568217660154,0.4983640811075397,0.5756586700291756,0.5015256973239338,0.5018390123924554,0.5306518262190513,0.5042147150466867,0.5152214092875029,0.53813755269888,0.7322001896488116,0.5547074034609879,0.5369665146031397,0.46757760657771613,0.586210507350469,0.6373278630444217,0.4757117936163111,0.5328330968099624,0.5066955328285934,0.5659768852850641,0.41669192223614,0.5054451080372473,0.5492781427906175,0.5643985036079133,0.5981125014194939,0.5157592549080579,0.6307665472924606,0.544037591816475,0.511984911567388,0.5911924581405757,0.5366932764803987,0.5248551887920792,0.5185977507579932,0.5515671848652133,0.49116357538976835,0.5144048503095617,0.568089433028337,0.5687666547244213,0.5304201437808087,0.4591617284769255,0.5335053924154458,0.5385713048739534,0.6053107823503522,0.49245309356105343,0.550771247978602,0.5755984100080077,0.5692730408951,0.5991151358285406,0.5442043247093203,0.5112415203442381,0.4802940811305973,0.5192664873933692,0.5155870812269222,0.4827063022529139,0.5782372466847705,0.5459384839736457,0.519544187719321,0.5046921076166292,0.49825113818529665,0.49907953270767896,0.5192692646273097,0.5184503075132622,0.5963865430924218,0.4454001523058425,0.5528114230551128,0.4494092761725169,0.5527620326853304,0.4731920425672935,0.612185904350115,0.5527018390757252,0.546361905340399,0.546791335863293,0.5721082750132985,0.5125278257230644,0.5146572764957146,0.5662913167112023,0.4944248717795097,0.5183958854893562,0.4999099239537454,0.5007028640083055,0.6063074492164079,0.5473757889559683,0.5379392654824786,0.5341864628916677,0.5352878170084051,0.5722795234914987,0.46583298954455765,0.591248680030371,0.5514695294677708,0.5471686388176324,0.47735737238777043,0.5665763262351978,0.5239492424063761,0.5622711871318384,0.47335967831295367,0.6232886419414492,0.6039375123751712,0.43422621366911446,0.5828568179995417,0.45176090425574544,0.47757913600712504,0.5049406833409421,0.4870491253386784,0.4967680037539176,0.5105996467552734
0.5777689750359346,0.4872516717928042,0.42910724498044817,0.47986519510092035,0.47188338658509715,0.5253010565900841,0.440615256455929,0.5401734012375428,0.0,0.43052134959645194,0.4624540080736445,0.46477363291513624,0.4776484099316302,0.4989078705841585,0.4673976120997568,0.49467750394097365,0.5094178613517505,0.5361143029016527,0.4919774779750764,0.5363310047914309,0.5388481384901989,0.48305740828654264,0.42629489103933377,0.4194811457987539,0.5187041488688113,0.43973231313184474,0.41490930529262504,0.46346164517179256,0.37440235609400474,0.5231891395911695,0.578686462966551,0.5047391230584336,0.44303601747781735,0.4415149703388765,0.5634058726324478,0.49392941776165056,0.49931494738913745,0.5987224439310629,0.47378756287789625,0.41249259004317146,0.460117306728992,0.621866998042398,0.501054683406621,0.5120122721722046,0.4750930371258267,0.4865748751081039,0.4685767294959138,0.4305435159170062,0.47359049393810204,0.5346997354504389,0.5253733627738512,0.5236979916837773,0.5162957266606686,0.4753484065070012,0.44344012237618546,0.6151792281181276,0.5668837433180939,0.5400018448814801,0.47190719767133793,0.5024276655705974,0.4869262642117785,0.535755800528161,0.5414138880318213,0.48639454560128637,0.5613729475844672,0.5234105280865726,0.47939630621743484,0.510484048870728,0.47917829572143944,0.5940018757646247,0.5777231574011402,0.5389626381386116,0.5397712925002951,0.5053744626072139,0.5860467708234126,0.5006593406539709,0.46268364476410656,0.4656601502239822,0.48651839881091474,0.4646703357710281,0.5338844782825212,0.6463117356810658,0.5509493362241311,0.5141542516711827,0.5806511860409765,0.5668030251410984,0.5438071649228702,0.5181982609455431,0.542265415941746,0.5610781758791578,0.5494435313594351,0.5756654532676089,0.4847191418780103,0.5115460795413117,0.5928904841164436,0.4912504221438125,0.542557610808349,0.5275993906243751,0.5696115627049415,0.4913599984672818,0.508220181905169,0.4742872984140153,0.49767474855491295,0.4540540079963907,0.6059858001213706,0.49908600727264324,0.501513590402932,0.5084901739933038,0.44556439342418985,0.44694286608520767,0.4874204750003364,0.561965513385937,0.5212253009819031,0.638203953294537,0.4987164688993972,0.5057114854711188,0.533765312606824,0.43225511252702536,0.45196958970927037,0.6342141546955418,0.5383317158849651,0.5561253677254154,0.4859378613356318,0.5273165273998561,0.5737427175133681,0.428520839730377,0.5274701843606062,0.4665765639220938,0.44863958725722863,0.474234939345001,0.6755466315167467,0.5917120426161129,0.5173262938624794,0.667118760404419,0.48262283538313117,0.5207711391790426,0.4710185537923032,0.4440449974452031,0.4011506352953824,0.5528334448773669,0.4667180181608062,0.5634602348962663,0.5842029134459154,0.5646721013890904,0.5309709894111584,0.47314459464031505,0.6061960474830981,0.48169094188017886,0.47096951484556204,0.48716322515689614,0.5736247778628679,0.5367264946927968,0.5142601795139062,0.4074629093300252,0.5318423024570489,0.5551691899340896,0.4051942806995199,0.5210802675015983,0.43250743149133836,0.5051489469290453,0.46519513227816867,0.6011784295516961,0.57904025362606,0.574498228323863
0.4550622487615999,0.6456817360536167,0.6080415537020128,0.48123224719630714,0.4518855544810931,0.5087080724082498,0.48959397635775714,0.5123772475559096,0.43052134959645194,0.0,0.53071912559946,0.5565474151585597,0.5115616261946275,0.48784729009050243,0.5114585440459964,0.551956453209561,0.5198258369224261,0.4790226824546199,0.4874527248089964,0.48793172400585194,0.517937945456365,0.5848524670800093,0.45545055686787794,0.4811989298791647,0.5879309878438871,0.4191313351033841,0.443312970685895,0.4682345541886908,0.6246264677918586,0.43465099066281976,0.5236326721749445,0.5363698697403437,0.48844109543370573,0.4461382567690145,0.5007261974116302,0.5427471411086219,0.49275053902015475,0.49390146606914936,0.5198210582164805,0.4544752557855907,0.48994279479171254,0.4699243278049417,0.48239751489263716,0.5163738136148259,0.526856787705332,0.4617817351072189,0.45455186152395927,0.5041549137346804,0.5212073100109351,0.4789298787054204,0.4774328898284457,0.44183230612323654,0.44580882977916025,0.5849881213812296,0.61249566469005,0.4610511611502869,0.4599891957769555,0.4931000208569781,0.5296900654744676,0.48569981579848726,0.5085869519067311,0.4199386769231451,0.4482223992885096,0.5061041746364812,0.4336859214393788,0.4367600587031451,0.4547719470597402,0.4690370467050574,0.5055278533775288,0.49789470899924404,0.449609542659801,0.4856209352975363,0.41783517289789507,0.5186752446613229,0.5181722146050299,0.44344567423521597,0.4808653612566156,0.5162715544616973,0.42408726281785286,0.3918948926756414,0.4682552432026495,0.43349718252200126,0.5204097623290872,0.4843570257501342,0.42888115081795486,0.4887352024505936,0.4308685653550151,0.4513238866007717,0.4901563021442521,0.4460152919299564,0.445021791766432,0.4668268864157488,0.5585747994687343,0.43339540588786885,0.45117804686135704,0.6054643156611902,0.44784965784534264,0.4866159684080898,0.41494574448218,0.4714490694051805,0.5100344174464702,0.47258622002167233,0.4214649922747968,0.5895324019563936,0.451273963927474,0.463031294789612,0.499600812526539,0.5250624378378028,0.48890113665637713,0.5221734209948453,0.5069275983580762,0.42776113133158733,0.43747036304762116,0.4708461400098619,0.44123332990075975,0.4469379736057902,0.4669217724033034,0.590790843869684,0.5455802870013025,0.4393637802850505,0.45228215839910707,0.42113879024987527,0.41300550898602,0.4926777226302971,0.412522953360676,0.6265500472672031,0.4157420758229513,0.515393448443183,0.6222627056083347,0.49349140121301377,0.48608145481157083,0.4718658948520435,0.4188139224908523,0.421016621054945,0.5316731894561121,0.46751972222704236,0.4890091010285539,0.4673490512495415,0.5024684228780227,0.4818964082245159,0.5173322989463276,0.5381831179185594,0.47452631543889084,0.4781838508237622,0.5333916588283327,0.4242629471173358,0.4757747652080261,0.5270298171213462,0.6252180442485695,0.4625446174616133,0.4386197833171326,0.5150663851175694,0.5027961196198161,0.5234248784914379,0.5407217842825285,0.48445602782602776,0.42495135368987297,0.5180879833934579,0.44281221375394275,0.4340124134947575,0.5146095130906245,0.4388464585947658,0.4278156351060052,0.4356867532581439
0.5361268974637966,0.5781965637392243,0.5461346936670758,0.5350722450613346,0.49038981431751194,0.5391725317000284,0.49903521004373314,0.5309900403592506,0.4624540080736445,0.53071912559946,0.0,0.5404748383663877,0.6257130871644426,0.5154145520358868,0.5168655547805621,0.6610114492085688,0.5864528023015866,0.5206963406846062,0.4963619251098588,0.5469179302458058,0.5492668403199865,0.6275642767570127,0.47615045261162314,0.560423650402759,0.592524041583493,0.4855424300811725,0.47515592434050913,0.5603528519147786,0.5169435106058681,0.4667560917504326,0.5214914812508014,0.5343426180901143,0.49309910663660506,0.4821578887569533,0.5588965857427268,0.4992076969795231,0.6193052008290428,0.5374353026236116,0.5384282538404882,0.49557523271686144,0.47527010260470437,0.5057761865481643,0.49570098956511344,0.5786638142076691,0.5505944581777827,0.4729633198508379,0.42428480350026937,0.6096360218119972,0.5688015313183988,0.4820110692286784,0.5060450643243215,0.48386381772924764,0.431013570318499,0.5897469697381011,0.593447715943772,0.47204533352553557,0.5149387398177385,0.5312567181732406,0.49533640862464146,0.4957464194357192,0.5907596018205565,0.4123878548618907,0.4881061112633946,0.4722420132393069,0.4367408769578563,0.46158664800225985,0.5168842811762432,0.5075388923499872,0.5025519805806163,0.5785457195811347,0.49427691984840594,0.5004575200320845,0.46849147751957604,0.5777729121339288,0.5561315850126071,0.4570372715749026,0.5641986826678287,0.5476331285688083,0.44915541608412335,0.4508468954639242,0.4714619222595316,0.4557617918964088,0.5506710614657893,0.541729209247356,0.45733770860610135,0.5270600662948158,0.503986564508529,0.44887658197782565,0.4945985944228907,0.49300952736560416,0.4893981679063788,0.4422626676181791,0.5408989695273149,0.4819798659836661,0.4801054003756159,0.5622709270931417,0.43982949751226297,0.46481425150378336,0.42024585499329603,0.48972333840683363,0.5636186678044914,0.48842999438441326,0.42026063198262414,0.4675784520312711,0.46665747588158957,0.4897383883417269,0.48632954955196483,0.5591621001849513,0.470866538287286,0.5800430032776996,0.5656805010426637,0.4548850807689265,0.49682183669317137,0.5056913535637783,0.47929693531653217,0.5277827957894631,0.4671263143764618,0.5427163043613332,0.5573614865507135,0.46938491941498056,0.5184222221065738,0.43903738900591754,0.4676941864570059,0.5460220596306933,0.45367250232834105,0.573680768379279,0.4164342051854145,0.5471207828754909,0.5475163685413768,0.4924240310785099,0.4815967199440986,0.5074543165081901,0.530567031272804,0.4811961606141088,0.5895040873513142,0.4765703649363191,0.5245059327087936,0.4972453740081408,0.5145940153497006,0.4836031387872592,0.5123319519767748,0.5455742967754875,0.48065534251500963,0.45805822321016765,0.5892261428979498,0.4344063161988187,0.49911044524838916,0.4865411885439556,0.523470246893663,0.4528133348954062,0.5157043546966072,0.47790172624792054,0.5609722958979227,0.454364141558575,0.5339808259450324,0.5573624741070454,0.5524505700046511,0.5817779099179491,0.5037148575081045,0.4982846706995156,0.46229902521144584,0.47775830270863134,0.4180080113379619,0.5635666962638988
0.4709897319241245,0.5488960342835854,0.5246806835841874,0.48569755356195804,0.49899147755303536,0.5297112286270418,0.48307487895787843,0.5558065155020253,0.46477363291513624,0.5565474151585597,0.5404748383663877,0.0,0.4758559309165657,0.43099240466941846,0.49875372049228045,0.6062102989253179,0.546460348369117,0.4667392664948752,0.6275428043464603,0.5113679898266976,0.5990468191112888,0.5202296907667732,0.48495586838491306,0.4863935090575647,0.6201718898257996,0.43585451417042265,0.42684426012317694,0.4871946997741289,0.48013198276322255,0.5279022298979034,0.5995781642522362,0.5615777150689558,0.46227679441451597,0.5194353378981066,0.4969064615767274,0.5513182801536421,0.5004770165385881,0.5218165572168079,0.6477325401314625,0.4286141873262602,0.49531113230356333,0.5027054155973689,0.5420680012259398,0.5552687755757792,0.5246712052782097,0.4819286212056415,0.45973784894218295,0.5047773955104814,0.5345730876369349,0.5041437543825146,0.5188745073610128,0.4752543943543539,0.43775510687003166,0.5734260693773107,0.6053850619519768,0.4709162348482885,0.5175235719199797,0.6310209217346557,0.4670437805966798,0.5021150726607329,0.4928263997955992,0.436982355043059,0.4824119148780534,0.4823941479344798,0.4496689508895557,0.4536922928171232,0.43620798582984815,0.45107875831070177,0.46019422712258523,0.5317508255213372,0.46437510273197746,0.4725999077995694,0.421952981379302,0.5212667226547336,0.5356063587168269,0.4492515393511193,0.5128425911262076,0.5390795610090395,0.46661514431003576,0.42027687055759955,0.47141669576624623,0.4719649710000402,0.5420233309923331,0.4727207685766546,0.48102282634267607,0.5106600690957863,0.4704110408176903,0.4573569168754807,0.5114631692005654,0.4681907263977042,0.4843996685421856,0.4997557486517873,0.5813350927426939,0.46052041390832676,0.4547148684773088,0.5655154834644348,0.4704709881498154,0.5228886232656496,0.433785660353788,0.4610094371599093,0.49554426622648623,0.5423690498187584,0.45816746990774104,0.5874549507466075,0.479032964347541,0.4965817089397913,0.5483598546479302,0.5446836072200811,0.46691518040688484,0.5139107807546195,0.594189843939952,0.475478209949519,0.4302420446966727,0.5176137160340321,0.45228369419411774,0.463025796549024,0.4959797870967259,0.6136303602567624,0.5137865800114487,0.4470495912277185,0.4869240168154645,0.462689236451643,0.4334831432040654,0.5349960156863978,0.4198821017709612,0.5832961056949616,0.42889316632778335,0.5611996393875855,0.5813781569477707,0.4527238195316357,0.5063596815911534,0.5231728312623749,0.43634658776035135,0.4609051212890229,0.5427666798377222,0.45049067482857286,0.5266833696394985,0.4498272746455697,0.46035669570564375,0.5817336260487229,0.4548403650204684,0.5459037268825793,0.49260137816494387,0.498076101103226,0.5632485815893421,0.44528266410489503,0.5376052084185052,0.5142114654947691,0.5963762043935846,0.5041692690334025,0.5025752208106916,0.5131177892832192,0.5604438142075336,0.46229574708674714,0.6485844809468513,0.49924680187737214,0.4176676438624262,0.5642058749585106,0.40893316378531674,0.46655569276322106,0.44494879434143003,0.4632884948227486,0.46445651167949537,0.4787353121203426
