0,1,2,3,4,5,6,7,8,9,10,11,12,13,14,15,16,17,18,19,20,21,22,23,24,25,26,27,28,29,30,31,32,33,34,35,36,37,38,39,40,41,42,43,44,45,46,47,48,49,50,51,52,53,54,55,56,57,58,59,60,61,62,63,64,65,66,67,68,69,70,71,72,73,74,75,76,77,78,79,80,81,82,83,84,85,86,87,88,89,90,91,92,93,94,95,96,97,98,99,100,101,102,103,104,105,106,107,108,109,110,111,112,113,114,115,116,117,118,119,120,121,122,123,124,125,126,127,128,129,130,131,132,133,134,135,136,137,138,139,140,141,142,143,144,145,146,147,148,149,150,151,152,153,154,155,156,157,158,159,160,161,162,163
0.0,0.8237802019334094,0.7142603923703308,0.7548810708575322,0.6885831583258808,0.8916819778294307,0.7745103145768796,0.8124629104907352,0.8963379665008558,0.7072302987960469,0.8399916770960104,0.7246052648975948,0.936428073246139,0.7932537656004564,0.7812243280096528,0.8031818993004788,0.8467708687708155,0.8991819914836748,0.7624235896851288,0.8943832833257838,0.8062754823504052,0.7811630805406561,0.7241789993782852,0.8632534538723636,0.8307584434509582,0.8563378198537325,0.7130418336240462,0.9147089502400958,0.7172892868194269,0.7370120865465274,0.827577113859551,0.8157914336110997,0.7680680258926483,0.8168038967324233,0.8985145265859165,0.6674579648087171,0.929665820948496,0.800314956332328,0.6935607831660627,0.9278053168493501,0.7177107052685778,0.8806921162074814,0.762648427151341,0.851480337988558,0.8338159649499278,0.8147454035700677,0.7513582512956288,0.8337594663832382,0.8645120932253767,0.7181072729196438,0.8180759392549561,0.8744229360462416,0.7318897707944465,0.7692116636476092,0.713850015310664,0.9100184260821349,0.893615526508664,0.7428515661844195,0.8018920916597091,0.6984771371602061,0.8765527605529098,0.6352701195309282,0.8647621245114461,0.6573111739201294,0.7981279272029866,0.8661701297233464,0.9152256766644645,0.900513794946185,0.7372027143945371,0.8737710524759618,0.9623857027184037,0.7730880868978789,0.9024419340527069,0.8776870702660023,0.8401929072854168,0.9086254895167641,0.7976422920020035,0.7584963922394343,0.8333820556603817,0.8824422260296594,0.898238026326089,0.850330313618143,0.8658101355603537,0.8700294964049061,0.8343938498392908,0.8933071498833597,0.9242596581570869,0.782158924215029,0.837541759391923,0.8584387137316222,0.7596369945833219,0.7473383643825875,0.698743389117252,0.8966285132651558,0.8991708883329892,0.8025325544800459,0.7427593463516576,0.8217229841251943,0.6661375840092603,0.862066659934133,0.7888049281972591,0.681757904882975,0.6721943565246523,0.6672025674887546,0.7789451258745221,0.8202395026896708,0.7057008243773449,0.8744815470164293,0.7686336363380224,0.8642239679628058,0.8198778386216287,0.7464129761578112,0.9424564597379599,0.7561026737567128,0.8180819434842646,0.9095168680100197,0.9100659880231876,0.656704755099611,0.8124866717078582,0.74981573341336,0.7808308492964627,0.7032990097580177,0.9181822729364245,0.9183712640967399,0.8967005563322074,0.7623397773904217,0.6645164815339443,0.7177688057437902,0.7477445773888417,0.8202271402045938,0.826948658583898,0.8209277470788996,0.8472128693998552,0.8452016740630571,0.7934634594908385,0.8509034608010952,0.8834840631602173,0.8481678000714941,0.7639888051838718,0.7036189756435365,0.8137740215444212,0.7491423381494583,0.8294881908625894,0.677390842364353,0.8333644865521763,0.8408765088278937,0.8239776315068398,0.7384613649626264,0.7503823275243995,0.6376181382840739,0.9442923109474045,0.7859412247423434,0.7027966197237843,0.6512038220326787,0.767486874319134,0.904476921775409,0.9031307261639369,0.8853120358236273,0.8779627285657716,0.8590721963656658,0.8105866131625843,0.9339898793249366,0.8171715722796152,0.9394285576946758
0.8237802019334094,0.0,0.8997161816567849,0.7789338494880362,0.7750419990607637,0.9665889522596287,0.8324457015184359,0.975426838383494,0.8326914584141485,0.9068083667869519,0.8995720619139809,0.9305772857374767,0.9068191426579344,0.8224677652448561,0.8604058354443213,0.9385186135035216,0.9300459833273554,0.7780145806359628,0.88918680172162,0.8806591812320568,0.9054138446467977,0.8964067329442178,0.7955954929470035,0.8552081992274728,0.9152091077497131,0.7780405764309065,0.8300457045406506,0.8928288487743954,0.9340979803692064,0.8191013941551861,0.9715948179665782,0.9613078303021724,0.8606140535153087,0.8789384909978762,0.8949173115347069,0.8617946099807461,0.8710165632075069,0.893539059905155,0.9266093255373048,0.9104344335666498,0.8715368541852573,0.8571973396835331,0.8452234166102838,0.8928658333741991,0.9591987743828935,0.8212667003115297,0.8424065194482431,0.8815082314026766,0.9152373710363643,0.8381872190656313,0.8665199994668836,0.8162346226186621,0.7731987644072847,0.9312056234465406,0.9248389952277278,0.8758267175696163,0.8405852331627515,0.9080664504301978,0.8851465405467157,0.796865969871555,0.9236274761854155,0.696766775723998,0.8391679641124782,0.8107454712622608,0.7080640471923658,0.7465622740063498,0.8187882476611347,0.7925131396796594,0.8403190613350567,0.8758146056958854,0.8340381807090039,0.8000787210415311,0.7740407320429873,0.9276795643941861,0.9472076425275876,0.8141302285940551,0.8872029084038131,0.9055705795149829,0.8097418523757358,0.7456501678600341,0.876072473504563,0.7847758009758948,0.9152835651744455,0.8891749732914995,0.7961840824903132,0.9355373846221683,0.8565923314258389,0.8336990018412336,0.8809631456774143,0.8251577931986577,0.7669261778745156,0.8505339925372483,0.8971034696250039,0.7864657733817911,0.8123980565156366,0.9392972254585575,0.8637423249251465,0.918815137623994,0.7059997666246709,0.8557031639007942,0.8467901122934495,0.8536074629301557,0.6917137632136943,0.8195334237190537,0.8199335011231479,0.8477531068519082,0.8691032132783353,0.928966987376771,0.8862907016604895,0.8846208779804744,0.8853084810481193,0.7619099135983347,0.813970183019929,0.8731842118240518,0.7803850834639363,0.8313615636127796,0.8995731280841505,0.8236627864137006,0.8968418853647018,0.7568966337712854,0.7804969280428619,0.7615534852086449,0.8037462639286679,0.9014977204595338,0.7705036543961328,0.954991029662374,0.7102252395188386,0.8859618928958833,0.9459943125281697,0.9013754414669158,0.912761478924482,0.9082725116501636,0.7405711996318317,0.796781895790319,0.8702211752451,0.8053555083198166,0.9124372224058901,0.8889647970542415,0.9129226396069275,0.8924638569398375,0.8331430698312424,0.8811077219290275,0.8778213550341813,0.8865371812934385,0.9274313406805057,0.8185102367925455,0.9327357146454217,0.8972398866140381,0.9405722001257976,0.7752001034578301,0.8253453291716698,0.8989786194302771,0.836202593690811,0.8494568103776465,0.8868433883122476,0.8257947985437885,0.7782386667167446,0.9082948267716515,0.7989563900809981,0.7817426045384751,0.8503021049770856,0.8285558811256448,0.9777822541381974,0.7537667415717775
0.7142603923703308,0.8997161816567849,0.0,0.7074698342984941,0.809408299508669,0.8543776994390364,0.7810105909401883,0.8881575055806363,0.7013683847430795,0.9645117521278354,0.8974447839901505,0.9086860784101086,0.8063713255429023,0.6647899321357938,0.8597551493469908,0.8983618273076105,0.8604671333158596,0.7559209876546257,0.8884898219366932,0.7895026518773078,0.9249905967278225,0.9668254549011629,0.7561641811192275,0.8502224212471573,0.9080721810322928,0.6604368717375834,0.7350210195169863,0.7947780938349972,0.9138625969185479,0.7786056225234327,0.8332045256282173,0.865523276003907,0.7499884190670688,0.7215683409626032,0.7297774499715468,0.7518856007332323,0.7872873834064215,0.7638647500712202,0.9051348864361956,0.8023888051343585,0.7836910834272971,0.825421481132087,0.9002828059170678,0.8046461354333424,0.8214448475280067,0.7194499903399594,0.7434960708714281,0.8667012583841618,0.8697728495139857,0.7475828681796721,0.7857141916839973,0.6957728731540476,0.6723928670250244,0.8891015785874271,0.8760943928200826,0.7192668641769169,0.7410470608892197,0.8694223268776551,0.8985354489383383,0.6618582637992916,0.8441351867887114,0.5751868546392952,0.7726254456466817,0.7110778417561574,0.6779940929972195,0.6771776452795591,0.6957322302636255,0.7698710159000295,0.8931467251228848,0.8670293944721492,0.7282415806837896,0.6491707377567629,0.6507693213639496,0.8847310577105241,0.8582807134545127,0.6706155529534922,0.8525114829776849,0.8263893675535331,0.6815656149848963,0.6342177430237271,0.8191996816451824,0.6931847955891683,0.8585841770369851,0.7497070726113396,0.65501544766493,0.7859422840766948,0.7620922370559797,0.706887032969589,0.7181765758517721,0.676939405398051,0.6869491721884711,0.6917047832422176,0.8446960186791039,0.6590287484191621,0.6797290952702945,0.876668795534802,0.7588268169705159,0.7776039089135086,0.5675978208919465,0.6767046359195389,0.6942112564121243,0.9360344707479268,0.6239015286466769,0.8504555501753831,0.6670129207187563,0.7325789696216078,0.828106347929748,0.8772291103125254,0.7854214090332227,0.864012344889924,0.8335725878282139,0.6312115710847697,0.6909420976441012,0.7607997858163504,0.6310272559117506,0.6877217104114691,0.7603558885827799,0.9427467784675343,0.8630991980072713,0.5999445861223694,0.666852662624524,0.641379746505083,0.6731399405294475,0.7985096418067752,0.6412278150325189,0.9132541671774386,0.5792548005440452,0.7627896090416497,0.8566515368637153,0.8051799215382544,0.7836048513489529,0.8854808907916845,0.6165431564874304,0.6363490062140864,0.8854441787228291,0.7524829849505988,0.820312262538851,0.7310549346541813,0.9443388533207401,0.8831137101597897,0.7725550103542939,0.7584513836397655,0.7217348669080142,0.8203865643570916,0.8394777104440023,0.6925545494538756,0.8405898269176788,0.8876348628505325,0.9601850084746024,0.6687320428156545,0.7039803335177982,0.8249561924045293,0.8606653744451686,0.8834430766301525,0.8784653094316355,0.7824273557867404,0.7409006221652299,0.8332154945331884,0.6743913802526296,0.640930497431079,0.833692993932297,0.6745912849169726,0.8614813161316183,0.6842986872413274
0.7548810708575322,0.7789338494880362,0.7074698342984941,0.0,0.7896809334018433,0.8265244459061589,0.9185043845219444,0.782834332822957,0.713772041788663,0.7198326433917793,0.7826800253424645,0.8243187122641765,0.7027031256879176,0.6628851266845484,0.8492675515839848,0.6933277299777325,0.7586871107317542,0.7226413063561469,0.8648564497912851,0.6563542400264331,0.8125481757534214,0.7306198549139172,0.810340163086501,0.7606732719600949,0.8004580889566862,0.7814880675600161,0.6972287508598376,0.8058814022718866,0.734587285204929,0.6941678250014063,0.8122392338494031,0.7186726031860575,0.9459080954195961,0.7923178154082497,0.8069406596366614,0.7384225238727458,0.73325027806625,0.7084542415945989,0.7298619677435401,0.8225785466632966,0.868319160399518,0.7822745419024142,0.7391882049447763,0.8882874353654292,0.739839708789868,0.6801188073154449,0.7020229577160223,0.7414648504809556,0.8041709354915533,0.6781522292070423,0.8831596696189593,0.879952799220519,0.6790774926285541,0.87325998539374,0.77740488012663,0.7325510543633525,0.7271448411540755,0.8566549140256913,0.7226332524210249,0.6468999871614884,0.739946274669027,0.5904895352886953,0.8463578398466167,0.6167499923549417,0.6620390269077053,0.6368215377677008,0.6904017266804541,0.6881727148878324,0.6778934583020031,0.8097145526183578,0.7291523780078675,0.6429431109086106,0.7365627788073986,0.8050688100947175,0.7479984890380232,0.6865557781742846,0.6984832664887449,0.7796623879166388,0.751072904326009,0.6595261025386872,0.7622468769945896,0.8742020889926606,0.7436157547609886,0.7174189020058396,0.7803903307506823,0.7607422495467653,0.747477063517795,0.7354222010840105,0.7251846394008922,0.6665816658284298,0.8786039394144514,0.85435088030942,0.7469614237557372,0.6771932276677127,0.8063257394534701,0.8293436650338325,0.660978796399594,0.8714694185711086,0.6317610975921222,0.7753530032119014,0.6652108372184029,0.6620728021145739,0.936680393468818,0.8385002468736532,0.7421156480171207,0.6662554347101617,0.6734739550891484,0.7982002831520626,0.7336701825104621,0.713771611824303,0.9086343464343168,0.7528898139491011,0.7560725631173107,0.6859247786534075,0.7385981434201374,0.7701043382207498,0.8173507696114835,0.6368369440017324,0.8788881857206282,0.7232375471038327,0.6347741799098887,0.8533781280311911,0.7039487604256204,0.8288561575720431,0.6795663433595092,0.791514724555034,0.6368340537344589,0.664329925167369,0.7814482755609732,0.6675719879066601,0.6990027711481881,0.6860051290956544,0.6110822216769551,0.7826574458895558,0.6818131840711901,0.6316772118007826,0.6792317613449826,0.8221732648665557,0.7121878133333523,0.7405977739084278,0.8900617154719046,0.6535588717170454,0.8186612059358539,0.7528463892237599,0.7313488167868314,0.8466911497839423,0.7919728453243948,0.694404255886355,0.719766913449752,0.6027694880926256,0.8411476183076233,0.8354157192230853,0.6902036941824111,0.6278994412027508,0.8889738556305768,0.6819422940744629,0.6540006922712402,0.8428983359926574,0.8872837413619911,0.7456809574150332,0.7400176451110024,0.778836418945429,0.7952191990661119,0.7782412527905919
0.6885831583258808,0.7750419990607637,0.809408299508669,0.7896809334018433,0.0,0.7732878496056746,0.8700067039043009,0.7884709114483603,0.7040162548065528,0.7703366344636347,0.7825110343096782,0.8587825191593501,0.6954689900962067,0.6253308162214506,0.8370024908059479,0.7787735224124678,0.8021976377454116,0.722335555765715,0.8219583258871743,0.651799827320772,0.8400572481224822,0.7979838798384854,0.8524696176926994,0.7667990562865483,0.7784735903787182,0.7216193233384098,0.7630326674546205,0.7476043948708876,0.7583378667045765,0.8624018424251136,0.7684788222105691,0.7447927290763667,0.8028652817634478,0.7208906196858242,0.7022057144706081,0.7283986137044483,0.702239528936783,0.7128159170204381,0.7788785974655937,0.80154908455282,0.8143448988642309,0.8095029069426615,0.8084474643291341,0.7821025098688152,0.7278102751782182,0.7001009194645363,0.7902894527391929,0.723022950660683,0.8082524415282906,0.7203558478224465,0.8354416666279078,0.7620133897568092,0.650810364715634,0.8094705348316868,0.7721565323006978,0.6969823875566847,0.7108173288787117,0.9101125589845409,0.7123536365397641,0.658576586625665,0.6810561278818441,0.5895411762873796,0.7730103056434475,0.6393231449669365,0.6205857656104283,0.5876753641198561,0.618163787299878,0.6990962528572435,0.7613860852116233,0.7812220457627999,0.6927138533876863,0.6087457274656838,0.6243581904396233,0.8116949511571261,0.7508833311894149,0.6166142136784782,0.7599085815666023,0.8691452300074132,0.682633675360337,0.6078875498948795,0.7084880867342686,0.7529399509766772,0.8135159896829601,0.6626402172723664,0.6890543310774391,0.7436027104166864,0.6671788226361872,0.7073774589201104,0.6913351249694913,0.64559246516402,0.8716880101775789,0.7489725149832881,0.803689087844809,0.6085818776383408,0.6922896990981484,0.7928862564414728,0.6285702096792991,0.7689171180235056,0.592950693012716,0.6814574910299769,0.6180129026148071,0.733804235100375,0.7357913945272496,0.8022541907533347,0.6723152363861169,0.7226014722751409,0.7140380461120263,0.7934263446098052,0.7723559644852411,0.7119852146983283,0.8145297817094775,0.6988942971501998,0.6386603627178827,0.7106755150416392,0.6546267192720455,0.747734028968678,0.7197536137010249,0.737771762348145,0.7888099048966627,0.6470118376722679,0.6875338654258534,0.7370316797420104,0.6250918334958887,0.7954257660470577,0.5873264338906801,0.7880071089074433,0.615468837805758,0.7275578137272157,0.7551224757521884,0.6919729111795517,0.7408723285908414,0.7583444404134101,0.5609933867013729,0.6627974438116642,0.6704978741934708,0.6175759040803791,0.7155012704067814,0.7614201132401069,0.756051732745516,0.8320010842726577,0.7222955782640929,0.6737388289500315,0.7543311050283359,0.7520825912107277,0.7199532731311099,0.7699240117482428,0.8479275010959243,0.7705136151959016,0.7633305605834267,0.6286301818833652,0.6842576906117778,0.7594513453912235,0.7796590704642167,0.7873868552721651,0.845828854844348,0.6525222908403381,0.6352756413056836,0.8302839724513991,0.6845062251844698,0.6747925472535263,0.7005217333754988,0.6555299634841583,0.7915600249897756,0.7114579349001929
0.8916819778294307,0.9665889522596287,0.8543776994390364,0.8265244459061589,0.7732878496056746,0.0,0.8529426973997878,0.9330543131539644,0.8429665230201693,0.8537218907013396,0.9277311072218022,0.8871530442451926,0.9374444886667871,0.8302450762408276,0.8625991708102256,0.9109102900380192,0.9208764298729004,0.8067177388238319,0.8744044562587797,0.8816511865124086,0.9089439769796263,0.8778193730320054,0.770339588934357,0.8832338139336716,0.9224562608834206,0.8527144533803689,0.7761834172086743,0.9129754887954725,0.8952001330245678,0.7785690473681294,0.9545472786151913,0.9309896049853941,0.8863878130420771,0.8826649811786396,0.9372161621284166,0.817789767200957,0.9287989161923815,0.883848332246528,0.8674923115719979,0.9420844053853675,0.8605405396621941,0.8810240923914746,0.8381356084569235,0.9581146512231037,0.9310950691314861,0.8065834179867712,0.8173215801817728,0.9248730177654568,0.9218121077824245,0.796775056738867,0.8913876606138004,0.8829511459989938,0.759853300504472,0.9305342017705699,0.892341718064465,0.9080717278071001,0.8609462483927132,0.8872873595627685,0.8655203871071646,0.7582205503331921,0.9475506906984902,0.681547187723343,0.895822397388732,0.7612744468365266,0.7327171116962217,0.785230535896827,0.8733456254807866,0.8513608862668278,0.805873661817119,0.9060089138576293,0.9013600476951434,0.8023065925685047,0.8439797259213271,0.9390812282047833,0.9282419756335435,0.8567202682275102,0.8782103769308398,0.897382954346811,0.8360056554485177,0.8251092834578471,0.9384116622617196,0.8273589022596018,0.918390219871449,0.9214535739444168,0.8357725980005951,0.9378877688340482,0.9231420033210757,0.8215626297405313,0.8698794192811719,0.8418843660382341,0.7962303062313131,0.848571103808763,0.8480584875897019,0.8291281579297396,0.8744794157025215,0.9493985830407257,0.836558145270157,0.9317213514926781,0.7075918684733086,0.8775419312452033,0.8591755740023758,0.8013288736647863,0.7281252351183358,0.8020010737459581,0.827015529806535,0.8359664132020469,0.815851657768744,0.9351991746002355,0.8536598651126297,0.9091766581099825,0.9232639203243506,0.7808567088679589,0.8996002692832116,0.8394464493807252,0.8162786711360889,0.8664407241464711,0.9323750590162632,0.7667718918296562,0.939115976881999,0.7804669009416462,0.79064921932357,0.7838915304850111,0.8685728423062141,0.9512781126474867,0.840855711112133,0.9349364295399601,0.6997630688343056,0.8348670197979645,0.9180539354212458,0.887122096959114,0.8777537125827704,0.8994754630962334,0.7872058366970741,0.8512564420569985,0.8721331475680247,0.8425033533985623,0.9110120156900732,0.9150358621269383,0.8678856992732233,0.8263773075191873,0.8913363542358318,0.856840567480003,0.87377727184694,0.8370752835352493,0.947080762397285,0.852810820149791,0.919643074761851,0.8545341580976503,0.8914683416823547,0.7343505208592525,0.9036235585860857,0.9050077958648629,0.7787529886153263,0.7623008327526966,0.8934791477341084,0.8678127280427909,0.8242838205709088,0.9493937801681226,0.8851181582063292,0.8386290585693922,0.8725014252054675,0.9028719819624752,0.9490127661502968,0.8369026345062062
0.7745103145768796,0.8324457015184359,0.7810105909401883,0.9185043845219444,0.8700067039043009,0.8529426973997878,0.0,0.8389356361035502,0.7581440356489071,0.8060400525677848,0.8222097184307307,0.8987977498667595,0.7488040365981199,0.653266261510546,0.9308452610546595,0.7558588847387794,0.7865469769389226,0.7634132262697602,0.890970503251843,0.6878793667690704,0.8533594592924387,0.8034949605117702,0.8994944483934828,0.8377568844689421,0.8763655243914659,0.771097445398145,0.7539423087398356,0.8155323339425803,0.7799400763926894,0.8033412996367102,0.8672503324799188,0.7708179185882891,0.9098057972146729,0.8052778178846642,0.7883612293166832,0.7271345115279595,0.7909489052465281,0.7100835279315519,0.7821629709951569,0.8655580947156936,0.8416583079454789,0.8534457166080751,0.8080746928164492,0.8838191743567476,0.7842554011947444,0.7258364536142566,0.7696642500407831,0.7809063590648663,0.8913204234894674,0.6810543141081101,0.8831221605646705,0.8285818737305142,0.6572835909656722,0.8727488436067041,0.8018345934244309,0.7799830421706015,0.7335610257773134,0.8959312760901867,0.7634599583119779,0.65121592582915,0.7541598684742339,0.5775384778717619,0.807002734910188,0.6186572281227584,0.6562560325671913,0.6358326095356819,0.7068722348754001,0.7652380924213866,0.7213822872436104,0.8637632489752275,0.7525282552767679,0.6369065245599547,0.6884220000680675,0.8491828523495794,0.7586291191669189,0.7081535902095455,0.7632152485665542,0.8623607710385726,0.7352934578893018,0.6655986599488127,0.7762918488358864,0.8481886078806758,0.8586539644922369,0.70954478438344,0.7254504284408149,0.7883753921092883,0.7633935582977706,0.749277289098718,0.7568649388843405,0.7151436187976763,0.857010215894642,0.8431203454631117,0.7784088242386937,0.6689475409054149,0.7494338884110642,0.8929068461032271,0.6485606333630598,0.873311131487485,0.6017222620475424,0.7664237905321512,0.6703251218890409,0.7331422388076962,0.8480960551342092,0.8795851234809622,0.6998301497534395,0.7130178744773519,0.6951242267384301,0.8591223836527098,0.7836619593460131,0.7827834840062032,0.9242393116949698,0.7023601866726066,0.7357012168035204,0.7044671475079914,0.6995638846732126,0.7844929693325152,0.8175172609370367,0.7238493329208764,0.8629039350598688,0.686433311235327,0.6471746903002746,0.7940253625330912,0.6908810971456527,0.8920658246762312,0.6583593846394699,0.8488959246989854,0.6079149811697254,0.7203964148730361,0.7897246262510191,0.707603477301183,0.760112044935603,0.7199162736209482,0.6106147294954806,0.7270461968305799,0.7188381388793808,0.6502416237977758,0.759205237141504,0.8275563613659005,0.7780834500765264,0.8292847974033384,0.8639929911489814,0.6729591862098492,0.8194002176564388,0.7357108320598721,0.7689944288757521,0.8696443359577896,0.8607612847684506,0.7795652762252825,0.7920254829430072,0.5997053028459839,0.8167690084983207,0.8388731272101126,0.7218073418985548,0.7378594180878727,0.9394462344166459,0.7411069951636156,0.7027945343221655,0.9237488581347659,0.8308428596983255,0.7322643784693432,0.7736890206667671,0.756991633579751,0.8554171526882811,0.7802013010572165
0.8124629104907352,0.975426838383494,0.8881575055806363,0.782834332822957,0.7884709114483603,0.9330543131539644,0.8389356361035502,0.0,0.8501169019855618,0.8959248942215122,0.8648015958327867,0.9363781918055812,0.8774912508669892,0.7913122836637272,0.8759452709207487,0.9174066856502211,0.9188402577645729,0.7949268267893016,0.894733969861678,0.8582826181574166,0.8940680488670667,0.8798036975599444,0.8391451165274866,0.8395085510501124,0.9040100588815474,0.766103303393133,0.8652909549806629,0.8916267763673671,0.8938980089432621,0.8591410676129654,0.9688847878760313,0.9350655380486868,0.8627609720300807,0.876954967466489,0.8689756681332299,0.8527274757284814,0.8402828907637601,0.8786891059732583,0.9036827275266501,0.9023310923962753,0.8753846373675338,0.8575226005368841,0.8595443904189147,0.8569709612132356,0.9572012076677346,0.846501618950328,0.8628773492105634,0.8321973411043754,0.9070187561144432,0.8419973922716029,0.8681427015346589,0.8124960330393309,0.768308904807786,0.9062857270229965,0.8948718707088466,0.860966107132734,0.835002434595219,0.9244312120753648,0.8639188101439859,0.7994050790144284,0.8814828254058032,0.6902073661565399,0.8346110804525803,0.7907236565281278,0.702737992462111,0.7294844800690411,0.7823332915467707,0.774949758718227,0.8534804484895704,0.8853206015648482,0.8145051749940766,0.7756577769648345,0.7432897365569822,0.9194111172988003,0.9349173069310532,0.7906694862590253,0.8605491397002774,0.8908622302185761,0.8276776258218935,0.7005664009397375,0.8353553068698355,0.8012072230284042,0.9136662028497727,0.8569323676735117,0.787768390076498,0.9393602416596641,0.8260918249197481,0.8467919741613691,0.8916035260695891,0.8140161895614846,0.7891103353893192,0.857739742948073,0.8874336878318605,0.7590578644765885,0.7869644280674234,0.9183492384100991,0.834849010361198,0.9187269296731274,0.6902171228361746,0.8528970109293452,0.79964593039604,0.8557201816389434,0.7088615721032575,0.83304839897439,0.817100410219296,0.8628538764339257,0.8658748936650743,0.9300757302250722,0.8987715258346702,0.8468484965111539,0.8634220005355508,0.7613112027066324,0.7745267185315631,0.8666009500845993,0.7762816738254278,0.840231855222192,0.8895865355563174,0.8135652362096826,0.8635581299438669,0.7490424372597423,0.7592904735188131,0.7831015747174687,0.7678026112570622,0.886111550832497,0.7250085949888943,0.9292973200326605,0.7072228992462658,0.8826466253182298,0.9192835463391087,0.8841007291136076,0.9257734646089628,0.8825740474835464,0.7070546228529463,0.7725498135238551,0.8285699305069545,0.7583328019288866,0.8999200357389764,0.8817731369883794,0.9152357709427507,0.9248016190008785,0.815266769384544,0.8411197603505862,0.8836093457829796,0.8701637631083443,0.8777372288931213,0.8399637538232115,0.9428571100746214,0.8931239611349715,0.9288638164893028,0.7558226176418941,0.8102590573412257,0.8801292804861041,0.8449862001851636,0.8722156175672797,0.8942113684576019,0.8036352812062346,0.7486738026667011,0.9029805864818283,0.7709415027637117,0.7565245792300993,0.8307944701247637,0.7969133959903126,0.9807311531432223,0.7373691072284924
0.8963379665008558,0.8326914584141485,0.7013683847430795,0.713772041788663,0.7040162548065528,0.8429665230201693,0.7581440356489071,0.8501169019855618,0.0,0.6995315962773797,0.7594363212305068,0.7420163965245852,0.864673077208335,0.8043130591592078,0.750652591965608,0.7860870499696978,0.8136748576166934,0.8150929365192876,0.7196364716230914,0.8367970704246249,0.7449495133147014,0.7547651598074112,0.7532845749383907,0.7780667345190494,0.7732831858852456,0.7842565859794955,0.8207938444143777,0.8496005990802381,0.6991073067928691,0.8301647625130726,0.842752052693255,0.7978539934757307,0.7555588852037485,0.8094125866749311,0.857112936553919,0.7005998920045317,0.834690250079103,0.80669920783485,0.6980115235369939,0.8661995532260423,0.7155761740846536,0.8825895629751671,0.6894475694221978,0.7584195909428324,0.845786645176988,0.8061906472923133,0.8033504080382157,0.7258131515417913,0.8000009697046416,0.7385625863809606,0.7645252716879274,0.8051456145888314,0.7256913790236926,0.7261584668246559,0.6920080597552527,0.9403090984730959,0.8201919109881499,0.7652356314792098,0.7249252438036288,0.7498898620325145,0.7915905230346896,0.6795895311182445,0.7613965555819495,0.6929764080230421,0.6976456555892084,0.7341445723055346,0.8379489354419317,0.8007190247068955,0.7199942947549389,0.8147170387201461,0.8688476667620252,0.7635078342309011,0.8117889690913357,0.8139318525204385,0.8267137885733995,0.8173408866769714,0.7551363949714727,0.7740923715454592,0.778508303793899,0.7577235368374269,0.7674210802555125,0.8395590953092541,0.8754273882424636,0.8100587556162098,0.7891561205109573,0.9168906216325197,0.8246103273745424,0.7839243880670798,0.8550766535193218,0.9180554099831637,0.7745773288167958,0.8002163566575301,0.7035085618216153,0.7913916927705305,0.8331057327920912,0.7808635504724706,0.7294849948393679,0.8235181392521597,0.7087139594730745,0.8610859969798618,0.7619062130844737,0.6548962081007367,0.6439500641928232,0.6530856505282493,0.7836234326497833,0.8379796750352017,0.6911213100299284,0.8437063673956839,0.7752466608283574,0.7815429341770614,0.7448540736017983,0.7517462608136378,0.8202461097103911,0.8110249118838342,0.778513659430486,0.9300868825421126,0.833470732386662,0.6340217913249767,0.7240709776437727,0.7973459060689406,0.7832933279928379,0.7283831265732568,0.8193971358411715,0.8433076931921689,0.8000127457315195,0.7306479702669838,0.7210471737147087,0.7865231129163847,0.7316509228423755,0.7885042879184776,0.9310377081167406,0.7895510579898376,0.7835752792473532,0.8383374942865739,0.7138615851018819,0.7267308368954777,0.8502407800485023,0.8299946887823164,0.7366130800045866,0.7286419860816452,0.7188685465686624,0.7625896832435752,0.8760864513697973,0.706266453752347,0.773563748276116,0.8473977316338905,0.8857327955447782,0.725855006398381,0.7345252505276977,0.6842193255147062,0.8257231808850373,0.7325206334158245,0.7214769037915569,0.7216027309262196,0.7329835942145978,0.8105506429514566,0.7860870429395328,0.8439723055930847,0.7758600868120467,0.7858160214901198,0.7123873659251992,0.8436920897584088,0.848322880627085,0.828507553578786
0.7072302987960469,0.9068083667869519,0.9645117521278354,0.7198326433917793,0.7703366344636347,0.8537218907013396,0.8060400525677848,0.8959248942215122,0.6995315962773797,0.0,0.8796139922587272,0.9225396692161306,0.796216986538129,0.6693343635821872,0.8676087894239618,0.8738731207383391,0.824645646402998,0.7425240718567374,0.8862477588999061,0.7685567977339548,0.8734733987558259,0.9256798109427608,0.782837846554564,0.8197139236260278,0.9351289886257751,0.6501039728852256,0.7570429955688364,0.7908316489198023,0.9401439275741158,0.7764560941871498,0.866675976528835,0.867437919644359,0.7709634381182253,0.7359669121250304,0.7421167472948201,0.7594000049325343,0.7933398573803855,0.7590580076844479,0.8929235771399181,0.7842857157673336,0.7855060007449504,0.8006109788913657,0.8840751247281383,0.8117625598873921,0.8287050427725197,0.7068083177399233,0.7406371037643398,0.8588372587249729,0.8861706473842571,0.7173271632575754,0.7668943665387202,0.6796058961830621,0.6555930854930365,0.878452435288163,0.8941815007604363,0.72725140044592,0.7056710240905242,0.8645127397670644,0.8900530461577675,0.6552494408794189,0.8308364168548643,0.5738920246059087,0.7448895414401638,0.7104074024394386,0.6418767373362326,0.6503390272711159,0.6901106283899862,0.7595138914980494,0.8833860013388605,0.8766317992514027,0.7023676555493089,0.65842727297782,0.637512782888572,0.8471256498186056,0.835087352549316,0.6906655212194485,0.8148104782891709,0.831288815261282,0.6816833427713859,0.6292230885653932,0.8070251374723971,0.6728036951674067,0.8573855545292751,0.7531540646682825,0.6398147178157368,0.7784912273299935,0.7669098568025207,0.7258268184510761,0.741315974211295,0.677462769167866,0.6770343749598776,0.7180739907703775,0.8457995275747404,0.6445056616136883,0.6595972363672762,0.9158302085008788,0.731937773448949,0.8016642301194401,0.5724021574281715,0.6842311520564941,0.7102700689658107,0.9168153735812747,0.6494134653155078,0.8996502211202168,0.6661129172641063,0.7105369741594076,0.7938767588042982,0.8851694435961441,0.7831539361900579,0.8476063711790244,0.830282564402336,0.6186907365352372,0.6876107864913993,0.7657220375769757,0.6322718040379453,0.6726155811910602,0.7756902370984062,0.9480200858870512,0.8587626824623478,0.6128784254298634,0.6332175761782766,0.6631933320982378,0.6629414633653419,0.796561908932636,0.6408584327657972,0.9443427824660798,0.5687235324992378,0.7612559002083715,0.8699945430709393,0.8042096343660518,0.793158767134377,0.8171558669231662,0.6168818218160392,0.6297447544682307,0.857865703330391,0.7293457680337305,0.8245237228765223,0.742247916131664,0.9460684109610745,0.8933794354036768,0.8111264805636403,0.7560715798295518,0.7142682614947896,0.806785365824417,0.8411212249416753,0.710603535296472,0.8147187488680999,0.8933705852673799,0.980034878076836,0.6655629117199149,0.7076139947685465,0.8590314966507681,0.8000126874788942,0.8711219323349045,0.8984943563013039,0.7761465027992567,0.7232026171845061,0.8358118904773507,0.6984525753187747,0.6429079335000979,0.8545001751777711,0.6888549764305985,0.8832803071093445,0.6608840496140201
0.8399916770960104,0.8995720619139809,0.8974447839901505,0.7826800253424645,0.7825110343096782,0.9277311072218022,0.8222097184307307,0.8648015958327867,0.7594363212305068,0.8796139922587272,0.0,0.8698934217752355,0.8993744609639723,0.7378338704806885,0.8333766045609291,0.9074029686693751,0.8945717580811303,0.8018452799844762,0.8798313881954073,0.8565021816281918,0.9259876794973381,0.9345774354532411,0.76220348781564,0.90743070753537,0.9483864536307948,0.7793055991243033,0.7358981352235545,0.9004204193121856,0.892191869067959,0.7454873197899514,0.8579935114626035,0.8819054268646782,0.7847024398929787,0.7988960880158869,0.8459332987568677,0.7381963753333507,0.9160746543086884,0.81009293969431,0.8582544250040623,0.8849239056513224,0.7678740310789318,0.891788492152341,0.8526100150674145,0.9137149506744372,0.8466726239461368,0.7083636279395539,0.7032576630692094,0.9669590345495382,0.9424092092464317,0.722008320928284,0.8230966021994717,0.7786768684783396,0.664046986996913,0.9037822295498587,0.8753074431925691,0.7977476629590557,0.8057739210624948,0.8568241841823684,0.8929859903231441,0.6616712435811863,0.9291406864116393,0.5838227841428971,0.8314225084689342,0.7089285289508109,0.696140471333859,0.7375693040952438,0.8308410932456756,0.84107969115214,0.8442213960549428,0.930557332334225,0.8210584370356598,0.7086004977259109,0.8023891225680236,0.9270215964088399,0.8775202982399185,0.7579361034381711,0.9032643423946681,0.8434816315778815,0.7228959433354714,0.7693809721184368,0.8913587147658524,0.7511754270522656,0.864860350957306,0.8364825837180816,0.7500402543680352,0.8311480389157838,0.9135738470526078,0.7311860668523703,0.7491616049914126,0.747845871210099,0.737027724487698,0.7222715024187852,0.8042879962698655,0.7525248493918718,0.8000090070776625,0.9079540474026289,0.7535581082055027,0.8283812124755217,0.6162301721262833,0.7451432102500347,0.7814809183170233,0.8532322534630397,0.6740110796508071,0.7971028159273538,0.7149355134143235,0.7367567360628287,0.7674491540453938,0.9337305922502416,0.7472150469040797,0.936178720637046,0.92453980191973,0.7033337378473923,0.8447721996903306,0.8076724229511454,0.6962742079303048,0.7651339519100602,0.8323159451809929,0.849561431904885,0.9421835279206484,0.6741664478219528,0.7255955075782146,0.6783088690797598,0.8131282856018047,0.8749088112349315,0.7863670814003316,0.9032655824770673,0.6027791526396663,0.7477387633100853,0.8634461158199024,0.8054673784635241,0.7908060976959947,0.8878752402099149,0.7439804196463459,0.7544843060633183,0.9298285826371443,0.8077370526245841,0.852388466285262,0.800387276975922,0.9127266648230208,0.7951704501276667,0.8465269184621705,0.7954723539244457,0.7609262797520229,0.7963679276901279,0.9291952669700214,0.7681148101897747,0.8335236011593565,0.7979637647863812,0.9043787301132759,0.673229407469449,0.8570486110007962,0.8393774506220022,0.8143465639057657,0.7378398618215474,0.881672533308141,0.8767425479550404,0.864325312532825,0.894980449674705,0.8212951271594525,0.7660471817939094,0.8271901496607983,0.8138034411730279,0.8489460805470459,0.8414393672479873
0.7246052648975948,0.9305772857374767,0.9086860784101086,0.8243187122641765,0.8587825191593501,0.8871530442451926,0.8987977498667595,0.9363781918055812,0.7420163965245852,0.9225396692161306,0.8698934217752355,0.0,0.7832906402002823,0.7010608601824379,0.8949917384223287,0.8721828415751129,0.8637971270677506,0.7177444052497147,0.931334087355722,0.7531144481528028,0.909448703311803,0.8784938603038294,0.8783967931828511,0.8343462216949151,0.9095628582576553,0.7348999126015382,0.8220095115175131,0.8284885752789174,0.9132073197677294,0.8314029060028421,0.9254654896893065,0.8720984831281744,0.8749520670044434,0.8424467287472334,0.7990086962114923,0.8432203922360069,0.78669789812101,0.7967540109072617,0.9364796448092291,0.851657697989355,0.8901103307533907,0.8306814362488992,0.8548891352374576,0.8687241756628171,0.8783001181309795,0.7463551226591895,0.8031720414069144,0.8282294765849958,0.9030256092495657,0.7716471715151461,0.857016581071424,0.7720671987118141,0.6843015044836656,0.9378913665861247,0.9243627900707962,0.7734074030140317,0.747794552803964,0.9632743011525933,0.8231844975848551,0.722985179513324,0.8141162052746109,0.6245715370181674,0.7861781626466534,0.7409423434951864,0.632596277979181,0.6366461861864467,0.7062583106968139,0.7211198821799727,0.8093970559049551,0.8530675375580784,0.7238186212655531,0.6861237506886637,0.6734763791962932,0.8802588330479689,0.8483651314372495,0.6915661247846496,0.8389021336689363,0.9166748484675137,0.7427209352824686,0.6422319914929647,0.7796693337578939,0.7600744758928482,0.8659520282866006,0.7632949417658871,0.7264711427422316,0.8379984240705668,0.7657766195293091,0.7649013553879361,0.7859626057127628,0.7265269529182653,0.7917500179557293,0.8384503749872877,0.8896977593377084,0.6656239702585922,0.7185410895621185,0.9318746471253775,0.7467600129330579,0.8976236739559655,0.637185314866851,0.7636541763089953,0.7314166743716152,0.8643415615465433,0.7522567938026565,0.9115220216133397,0.7339798127383105,0.7640715540274324,0.817646617318648,0.9009002390348018,0.8370535462281345,0.8211338047256593,0.9098365966159252,0.7220105672104841,0.7068124752444317,0.8020596103274297,0.6940236001292077,0.7558863143329095,0.8115209612957299,0.8476568727720136,0.890104995938817,0.6897343276839681,0.6908308995598683,0.7673338721472366,0.694244673723795,0.8479787223133124,0.6499768230721605,0.9463184747222932,0.6440562446466926,0.8324121279843648,0.9143472942760476,0.782182238637632,0.82402622629935,0.8152112556494654,0.6232246070955151,0.7135691778018841,0.8054330881275118,0.6776489870582132,0.8138819796615253,0.8317498400551055,0.9035532405392421,0.9312031335878141,0.8121517902995644,0.7781520230748589,0.8171789480931987,0.8667012587706814,0.8490534584622075,0.8119949089014614,0.9033786870150547,0.8571822052777396,0.9244736334352995,0.7104370052449698,0.7613455838384529,0.8605131092742782,0.8329879748010112,0.8674041158832587,0.9513211915521445,0.7400813004973761,0.69253671923325,0.8918907225495453,0.7481262160809085,0.7008761393132681,0.7837920818563103,0.7242074793201476,0.9286800243230181,0.7020276806901347
