0,1,2,3,4,5,6,7,8,9,10,11,12,13,14,15,16,17,18,19,20,21,22,23,24,25,26,27,28,29,30,31,32,33,34,35,36,37,38,39,40,41,42,43,44,45,46,47,48,49,50,51,52,53,54,55,56,57,58,59,60,61,62,63,64,65,66,67,68,69,70,71,72,73,74,75,76,77,78,79,80,81,82,83,84,85,86,87,88,89,90,91,92,93,94,95,96,97,98,99,100,101,102,103,104,105,106,107,108,109,110,111,112,113,114,115,116,117,118,119,120,121,122,123,124,125,126,127,128,129,130,131,132,133,134,135,136,137,138,139,140,141,142,143,144,145,146,147,148,149,150,151,152,153,154,155,156,157,158,159,160,161,162,163
0.0,0.5468258011694165,0.48512750458496373,0.4577140101501138,0.526311089946853,0.523415245491739,0.51707573593767,0.5480089214584745,0.6009975479043846,0.4713015371731493,0.5596082484329331,0.49167971559500123,0.5958639746245357,0.5332982878854632,0.5063360097354176,0.5544482951939335,0.5744624572222515,0.6671485878545692,0.547727701305586,0.6366709536229559,0.5858341986673068,0.5613114845007974,0.5740008543180097,0.5020326385740488,0.5908503733991698,0.5038065474161616,0.4770419633174027,0.5620378912876596,0.4255825126009764,0.507316002210292,0.5484509939349178,0.572310657563307,0.44016799485587005,0.5277064977710645,0.6390277914458958,0.5067772621239973,0.6306201944637123,0.5921474857121868,0.48375699681810186,0.5121492777740075,0.4868752864023817,0.5970824125604828,0.5519130577035068,0.5008820199202354,0.548838315229612,0.5404790206701455,0.530055703461837,0.5021580496146225,0.6404250562040017,0.5629176926460366,0.5690121200651896,0.5612745266130739,0.5438840985058586,0.49853621276335175,0.47527050163049755,0.5375974944309975,0.6200114969901109,0.5519763564949516,0.5380479935706975,0.5510444975635118,0.520904887003355,0.4694789011547331,0.5535108164676139,0.4871423257936742,0.5271572004333989,0.504116661319065,0.5317814420178223,0.5849898914533759,0.5196527071519063,0.6253219677947843,0.6188138763841936,0.5286419930691885,0.5591883360402854,0.5911598529573997,0.5647894924949489,0.5629860501216938,0.511672335850985,0.5300212441614329,0.519049384484933,0.4633020886773844,0.5194989466830596,0.6338455595536843,0.550020097694556,0.5434326530928141,0.53967033426965,0.6481947547137739,0.58092351200743,0.5674160556830959,0.5793180240560254,0.4891491139043439,0.6111092157448136,0.5253889599899464,0.5379514736136438,0.5560436735672833,0.5704445914655724,0.4839189213921378,0.4651187367181898,0.5136819776825232,0.501940054401832,0.5413818690220005,0.4950428577014181,0.4669836799687744,0.46580993173457386,0.4279769915915423,0.569224077917981,0.548374849329453,0.4773788415276786,0.5846089888772019,0.5131870535907063,0.52457115613645,0.5333204182667627,0.5544316241759304,0.5764128652650364,0.5425387535421057,0.5484357383336919,0.5774293314279989,0.5856543899144273,0.5086318563546789,0.4640048330702563,0.5606368532751049,0.54349290205663,0.5015569479562819,0.6030207451828886,0.5710105040633067,0.5540912386900099,0.46389008769626516,0.5045974580817347,0.4813454854061126,0.4815767280340646,0.5162433546233536,0.5124571586287151,0.5353126096209422,0.5253853576048835,0.6221060623427123,0.5176566072816793,0.48917334801682494,0.5413735182203149,0.5188893859335213,0.5027319860102949,0.5597444109545342,0.44519345649923864,0.5377679409047985,0.6357261890510724,0.5241438758104194,0.5573717075963163,0.5978697103217868,0.5879621184641497,0.48867261411284113,0.5423137328467325,0.41282100298504554,0.5963469616663747,0.5299949428242549,0.5601774509285059,0.440780261394102,0.5243890902702132,0.5758791685067062,0.5460204537962384,0.5183085148867441,0.4567470976956376,0.5369828112314715,0.48757612567441566,0.6136579378459951,0.48920059330902027,0.7267265831195401
0.5468258011694165,0.0,0.5714668701956175,0.47222363755895386,0.4781852358889619,0.554675609470185,0.5672550556414332,0.590827656059302,0.49283889213084325,0.6422729854445828,0.5326640002121583,0.5981255889177018,0.5860339718637748,0.49453031214554855,0.5538868216542352,0.5366561316397184,0.5209843215294806,0.5250407984474467,0.5292139051246861,0.5254428269086493,0.548671185041052,0.6042419523125715,0.5839705351398419,0.5675411657310977,0.6374442706953936,0.4766429559081673,0.49350124425750297,0.5081660879882363,0.53799022375625,0.4617525528642478,0.5677979523520289,0.5379995866387783,0.5000549236302014,0.5315473418311095,0.5391092268954243,0.5203253270635932,0.5955890401087018,0.5079761449178863,0.5146307630727166,0.5408815597826713,0.533080699884985,0.5207456430720064,0.48316306480280696,0.4911065933270129,0.6086731287736492,0.5239434205727064,0.535468985546339,0.5023439736906699,0.5955801649234477,0.4800534044275467,0.5047233562348874,0.5052127527664355,0.48315432062563846,0.5509588208066171,0.509040765225211,0.5467255562804612,0.49570905347932,0.5272851853084113,0.505535199756643,0.5263339781968598,0.5306865653397727,0.42332374555301655,0.46459049349676357,0.454150800460255,0.4384485159104181,0.4394258989438613,0.516730510917975,0.5413046487276176,0.4583399631421853,0.548029295211225,0.5147344452125426,0.4712422347064371,0.4392259957929423,0.556274251260094,0.5113330917603175,0.5035262050846292,0.48579501254389496,0.5871108606172888,0.4812357846723513,0.4223765005701756,0.49457860819046795,0.5120331214540657,0.6126316014662053,0.5179693624636397,0.4477649456751631,0.6431050768665264,0.48903381653357386,0.4708809663701926,0.5633503588470651,0.5235443003932475,0.4905469881648591,0.5238276831175848,0.524452591872606,0.471722764945017,0.4753702806066448,0.6037410715515965,0.43765381497250216,0.5437522440140368,0.4275435160003118,0.5464565162044406,0.48763889118787285,0.4460413100695883,0.4265060699652855,0.49876499225900256,0.46819957874075435,0.5263950376598725,0.4626494197018769,0.6088059596031566,0.5538123576653801,0.6088782430475345,0.5265701139731126,0.45324777447221704,0.4930037081587633,0.4752387980777031,0.4907063914124355,0.5530706015048701,0.5276438959560776,0.5081393108751543,0.4758666867040133,0.4919835421314409,0.46176053684949875,0.4628503969296091,0.4912862880057367,0.57267252374684,0.4451449024208564,0.5894500866702084,0.44317090917415936,0.5514602161939679,0.5560533080597174,0.5072195699068601,0.500780560603079,0.4723902947152651,0.45232408700801685,0.49801032804290063,0.5165186022640065,0.4385083192063904,0.5756217408734614,0.5266681297491237,0.5601733606769246,0.5263890167790807,0.47261954690250496,0.49543463363459006,0.5698314891454201,0.47175129526258947,0.5449909021846484,0.5153552135977633,0.5800234153978523,0.5513948315352499,0.6344364265218456,0.4018562737936405,0.48956126135785755,0.5193433082564113,0.49297039843890716,0.5362629803556711,0.576349563632495,0.5459485745346685,0.536453172206854,0.5828212237816167,0.4592173317775633,0.4511919839148414,0.5216479811058141,0.4981355311947225,0.4537868343629554,0.5167918815084646
0.48512750458496373,0.5714668701956175,0.0,0.4245346055944861,0.4995542071515016,0.5240951502433014,0.46632589024416854,0.537049107407904,0.4371528486081732,0.6092379200670244,0.5792412708992858,0.5183967890775396,0.5745216104895232,0.4550726864608026,0.4602748740293036,0.6280767734792956,0.5638926518869104,0.5016511836318629,0.4846177682194165,0.4823086718427015,0.5446173014323,0.6447906623966785,0.49936562708378096,0.48535208809061586,0.5437026402597626,0.4505719530447569,0.47156784827549936,0.49745422916048193,0.5287088452654342,0.4692017933695442,0.4505753151960862,0.5379516674364961,0.42488252045861225,0.44404523985347794,0.449413034577553,0.47522946080486256,0.5239486839203648,0.49224240127867797,0.4691284566611794,0.4861926728620764,0.46364051579737353,0.5098131927234573,0.4809540824388743,0.4398221597978993,0.5054390435558087,0.46905665230482363,0.4882806948802027,0.49860696476686683,0.5197598659561702,0.4694509853292408,0.47757193488117505,0.464618927041453,0.4474052837505978,0.5032376696578704,0.4891351678660785,0.4521783811021551,0.47019736118131544,0.555004456923931,0.4745266696679058,0.474561072333278,0.5090322353417691,0.40681222759840685,0.47578255011636034,0.43799473189177907,0.40854225974303937,0.4186891835994873,0.45123939927418705,0.5084605119605886,0.5080132328633753,0.539037936089938,0.47090716815176453,0.4213877629420168,0.4261054578886809,0.5534951816058321,0.5385578761163069,0.42530823785386823,0.5041188201594963,0.5497555256479693,0.43301795011779387,0.40101402200880304,0.47583885971826073,0.44742575127811607,0.5309551275882181,0.49490327092076986,0.42585921893291195,0.5280750757141697,0.46273228448332376,0.4395362102204887,0.47940846135577214,0.42345885848835113,0.48647119244658554,0.4204365426819955,0.5159943964074085,0.4249568249605008,0.444600053607556,0.4870169554880432,0.41385552911546186,0.4470758028272123,0.3887845413573011,0.4567622920422535,0.42052369474702994,0.4600566052491692,0.38727211298610476,0.43604271919852694,0.43805287650399427,0.5025748281346826,0.46531467889483535,0.5567232433259346,0.4870281540757254,0.5250179657432875,0.4724786536243825,0.42598341712854665,0.45378247870097493,0.4720511284414114,0.44137856623584293,0.5046464415080294,0.45885721754224723,0.5334452938895862,0.4804015977650825,0.4396700885589722,0.4456929664066535,0.43080458316520975,0.44159675932512027,0.491766539544678,0.3963002269729023,0.5158099057760402,0.42529515749220476,0.4963711707712856,0.5145467053288223,0.46403836004641635,0.46908340718417824,0.5214548805162319,0.4241658645063647,0.43229702116132934,0.4778338690476669,0.40922671222916013,0.4875785446066387,0.4435931222945831,0.5195586134181945,0.4753969810465911,0.4122881631069164,0.4934400622628549,0.4782086222629557,0.46058995584170415,0.4942269826724981,0.4456856957612657,0.502340987562895,0.5156852531846514,0.5844514649391233,0.41297447919805885,0.4245868286333755,0.4609299754573278,0.5119446406126139,0.5086936084812181,0.4998091167690303,0.4739054131239289,0.497054162432743,0.5161977490182545,0.3901719980671153,0.43686161947443375,0.47689291719713445,0.42745451274186413,0.41732735378036456,0.4782207459728259
0.4577140101501138,0.47222363755895386,0.4245346055944861,0.0,0.4263654180131469,0.4682955506886459,0.5437513456366011,0.4603311855969022,0.3833299205348813,0.44132740192862296,0.4807158111637657,0.45619947564029567,0.45147239972863057,0.44453072408762634,0.48883425057676194,0.42113464891507063,0.45308366956203555,0.46085203908913286,0.49007986790353375,0.40017812061164676,0.4807555276415922,0.4367297334983809,0.49585950771818377,0.44614402859539,0.4829368160720514,0.505915479010682,0.42038156135193433,0.47257204532281966,0.45072122467169445,0.36205241404530975,0.44983102866293956,0.43186068549757156,0.669545688650816,0.4776049545239395,0.4917389168172664,0.49648452149523176,0.47044345049344555,0.45109862420947766,0.43209560258344915,0.4987919172066926,0.5806573905929411,0.40896997240980093,0.44396497952617936,0.5240132207858202,0.46359884567569604,0.44529600916436757,0.41061758338737225,0.4538920870565324,0.4942930759104648,0.42819550389257816,0.5184892444867415,0.5567986481981846,0.45208115212829264,0.5860042158953505,0.5037198933519391,0.4047413844557179,0.4453980358471208,0.47783800370789503,0.4556789020666982,0.4461013609434874,0.4807454927760715,0.39698679335765985,0.5036078521161371,0.3917962356160457,0.41062315379022,0.41464103932420443,0.45920369483267887,0.4370593794023046,0.4143005594097258,0.4873552981505704,0.44951687531877127,0.4300185313509154,0.4439311039455508,0.5023291221632823,0.44238292884536945,0.4414572970519503,0.440825371147444,0.4856789657546327,0.47465807854969033,0.4031583425952122,0.46402293524511007,0.4794498000147548,0.4204862520386437,0.48414933072856325,0.44948312388257067,0.468773784823872,0.448823959158437,0.4495714631036003,0.4678698107353204,0.3842204444130619,0.5071033078683919,0.48801355703832516,0.47468431712599674,0.4347573671615077,0.4769022852965613,0.4844878276665843,0.3980412795849572,0.48846860608060416,0.40572998679531186,0.5140793205599524,0.4367071697669694,0.40623598278168144,0.5296500553589027,0.4970768517087178,0.4644312967958213,0.426064614718626,0.42450928509477726,0.461421356722446,0.47790942771497813,0.42201085949069905,0.542968107638431,0.4496451166070919,0.4959010850134232,0.42304268272731593,0.5246144775478191,0.46187186809594405,0.48506369510364106,0.39225259751383745,0.5485888088060543,0.4887681560711972,0.40580801938989847,0.5406810554361431,0.4365878976581273,0.4970879186791756,0.41018205210493963,0.5058998121432154,0.423111390411634,0.40545060250158926,0.5138113678202907,0.4440944010158937,0.3701765983784103,0.40455251722269536,0.4151703755148692,0.4850252734549363,0.41797922982138336,0.39003544379533933,0.389614977106945,0.5044256318050943,0.45310592717712894,0.4439912553001087,0.6533713879817488,0.4052848274717192,0.49057201075375456,0.4453586049670219,0.463289069246042,0.47061307755386833,0.42575899444620774,0.4518522267088911,0.43152148132486456,0.34772816388636874,0.4891477092855112,0.5203919746461569,0.41379434155210065,0.37731900542779856,0.5341952449499932,0.43443225060991203,0.42019978089564874,0.48430766328907077,0.6090200111689938,0.47002476097439194,0.502143426898785,0.4728627513671163,0.4170136599166879,0.474686607931562
0.526311089946853,0.4781852358889619,0.4995542071515016,0.4263654180131469,0.0,0.4555586607181415,0.5006845141503833,0.44104374112618533,0.4544024661579315,0.43115960097024364,0.5353050123217191,0.47081291549956694,0.47382990642701117,0.4439208314082325,0.49159686528967816,0.5150916880760787,0.5177873634025616,0.5227018622702179,0.47826188637979516,0.4649878548019049,0.534361525379945,0.5544474587992277,0.49853618649013026,0.48158934069540427,0.4731321185820589,0.466658557005072,0.4277139828529322,0.4501223246928816,0.43557570927669237,0.4901278496841217,0.4526241007400617,0.4741686991070954,0.4289650221258597,0.4238214025637507,0.49231470050823095,0.4706547938123994,0.4905996781182036,0.494461479245667,0.4663283686651902,0.47497770367142983,0.4852723981582639,0.4931047412855364,0.5065278221472668,0.4846788368097207,0.44390534404806026,0.4551824314536523,0.5182166357252173,0.48388984856707135,0.527803789525432,0.50765364218268,0.5166865424998299,0.508063584876082,0.4733969699927395,0.47820683809307907,0.45942137876411365,0.4265289790964825,0.501037130661531,0.5376378207863023,0.45563941353168763,0.46977615455919874,0.42152632730593625,0.4158072080310641,0.5041421977276052,0.4330937094627062,0.4507686722554811,0.4124754202376007,0.41913051072144253,0.5031474921902714,0.47018203709935524,0.48203936419529175,0.5035355700668834,0.44209948589061426,0.43050433725196696,0.5066206456112433,0.46998361093057284,0.42812542030484746,0.46151022177476253,0.5590389130518361,0.43511965215915255,0.4128933003835287,0.45291942048241884,0.4927936055632272,0.5070069642831636,0.4397904646179105,0.44451075422617214,0.494528772578541,0.42869040615694237,0.4610550230940319,0.4387480136901572,0.39897382231645245,0.5964558398257161,0.44088955475046215,0.5497392211405474,0.44047389630945866,0.4710273381467707,0.4469737273020814,0.3955366284577666,0.42384111574977995,0.4295290798953329,0.4294088008976521,0.4191212709339501,0.4103854782223619,0.4116449574261698,0.407690937277981,0.4588770309744931,0.47305398748611444,0.42355939500201945,0.46894486303112864,0.47669611118305594,0.4555191814844193,0.48294717115115127,0.4718865313312343,0.4339938174446261,0.43944946921225875,0.4636509230218177,0.49659357741603105,0.45153586943169816,0.4873245459421501,0.4423282393151899,0.44532977491151865,0.5327532046857524,0.4314877496112401,0.446219785293247,0.5066342374312699,0.43370557641214175,0.4472261582295885,0.42759802757738574,0.4492484894588139,0.44061066291640855,0.463593760725323,0.4225251175072502,0.4793350775383151,0.4053535085789199,0.48016205179242644,0.44106316418042996,0.45005405829761613,0.46765326431296433,0.48771086497948807,0.4502745006247681,0.48505502397005457,0.4051007820942437,0.46533549915847416,0.49075093280122983,0.4606810690960145,0.48093022259784973,0.47395035335885427,0.543078304967234,0.45325984957022175,0.46533001090553183,0.38222069660341185,0.4516942794784304,0.4675924070636174,0.5162107847846112,0.4332719513976602,0.46698913223588895,0.44436779598818577,0.4486440585839656,0.4712187565373061,0.412261276141145,0.4559293356887981,0.43092993098291266,0.4570506130145003,0.4125931721681483,0.5742113837817475
0.523415245491739,0.554675609470185,0.5240951502433014,0.4682955506886459,0.4555586607181415,0.0,0.487525022434655,0.5547107667073924,0.4639823982888972,0.5363529315971084,0.5125920225250273,0.5974282705352422,0.523674261781339,0.4311116178617226,0.4464704429060005,0.5296597334777363,0.5105163384720894,0.4593066326304485,0.573062041566567,0.4667749297392251,0.5594644165431208,0.4905601984600947,0.47664695972122334,0.4528508082236615,0.6282768380165269,0.46085823788341324,0.4038201868084985,0.4846143671488749,0.46187873116550004,0.46353992614632233,0.5154404916216629,0.5661405054713409,0.45690115945973403,0.5253420610444579,0.4846520674613851,0.48185359531163113,0.5588972088022551,0.4752619741612485,0.4604417866321582,0.4363208814386527,0.47112723945189744,0.5435388283163417,0.4778935109744147,0.5101185289052077,0.49597542896328023,0.46184726360451106,0.5041666762772786,0.5090806483818519,0.5022358891800959,0.4452186803537674,0.5062095434523287,0.5564078762890449,0.4459232048882883,0.5222666138191123,0.48280608197875474,0.5440896217801576,0.4755481684903603,0.620177130658259,0.43835651424750105,0.4538055360916533,0.5196571679462303,0.4326035006711751,0.5211992959812928,0.408408304493518,0.4179578970765328,0.43596795848031095,0.45464486970004314,0.512741252530018,0.4262432248721088,0.5549633761907405,0.49429098498023966,0.41718411719401577,0.4617629814310387,0.5164686177130011,0.5179889999665885,0.4848765719019849,0.4670462855613215,0.5282662229542749,0.4612000018889945,0.4649403351507197,0.5535888332271907,0.5004683239376305,0.5342930467581571,0.5117106835131349,0.4673829139743884,0.5345403722627652,0.5583616189451868,0.4490671194263814,0.528845115824163,0.4533584070044356,0.49956227751418686,0.5189689478442057,0.48004797886324563,0.4567139045871289,0.4558943166361286,0.5749226318644084,0.4346495052983627,0.5853799529396725,0.421812425678189,0.4970716263619443,0.43202336673316954,0.4530758200646232,0.45325976520681605,0.49743826073794095,0.4720489647614983,0.48960438649675575,0.4607847109681746,0.5702436338374396,0.4555052608723493,0.5369587962142786,0.5654731997106693,0.44599481829344667,0.5470344695777981,0.46776867898870417,0.46699734461338516,0.49962731580750663,0.5577727903481337,0.4535180086891093,0.5400449058422626,0.5007172828072204,0.41717811599855875,0.49656483063199813,0.5119484861298547,0.5436877847844303,0.4361016515114373,0.5326639775438704,0.45040627502028374,0.4700624539218845,0.5412139826467448,0.42072687665071484,0.4867052365755415,0.5087324681653328,0.4355073998502904,0.4997856883133915,0.4612327234132653,0.40323553620593194,0.49199962759989724,0.42808669877774697,0.42570995084813196,0.4834913651943352,0.45834094305883333,0.4949591542642108,0.5123289413107246,0.46721102866361147,0.5094593974876913,0.5120901978840452,0.5264038399396268,0.4942690763911062,0.5637616230887659,0.4071516377328304,0.4914931471446824,0.5150495248588947,0.43693817914502175,0.41827892793616694,0.6043281560023371,0.4855838424071076,0.45029402477680336,0.5968449101118662,0.4156596828056605,0.47895108225230426,0.473588597352638,0.5164789594909426,0.4466430576795621,0.49667717308934417
0.51707573593767,0.5672550556414332,0.46632589024416854,0.5437513456366011,0.5006845141503833,0.487525022434655,0.0,0.49023562307627727,0.43331883445823144,0.4997066705534273,0.48003611404864355,0.540465101551687,0.4976853367784871,0.44771836213652244,0.6360148166500171,0.4552119061660467,0.46470600111212035,0.4979739799182102,0.506005372358155,0.4475616819463561,0.5307949821242569,0.5001741612478228,0.5975350418878348,0.5884424131274827,0.5554191549021068,0.5299656228354479,0.4377608637833088,0.4540376748001518,0.45904071730829377,0.41332258264655497,0.5394272635971773,0.4751157037938139,0.5791334886949308,0.5360117383138401,0.5180645372378253,0.4950847972974788,0.5614360042745724,0.45376506935126826,0.4890310787048009,0.5636931870577929,0.5694081554100197,0.4617735828461304,0.4927467420492387,0.5492952446603454,0.5392778885801429,0.5205333410153682,0.5333964596095537,0.4915073290624184,0.6024610460695454,0.4594998532121518,0.5525601285743286,0.5502606968015779,0.4626172033289556,0.5692530633129134,0.4986028880347031,0.485234121594084,0.4785085219900505,0.48407295472239475,0.493931447439435,0.4868273797432931,0.4690531413747749,0.4087765549296702,0.46972385415031886,0.4077543027332039,0.448542651356665,0.43546255627848734,0.5061845735319139,0.5479035301005184,0.4147462187285695,0.4889288469916811,0.519799699306482,0.45386209362124086,0.4236638254872527,0.5413268561980588,0.4317625338105849,0.49992917755369903,0.4768462089325821,0.607024668805517,0.48692717116709766,0.4235736646548386,0.475169553875059,0.5345751855069615,0.539273042433341,0.4527037851669289,0.4463284457584682,0.529328346511127,0.45282063072876383,0.47904193713559684,0.5136167859073134,0.46807121887543274,0.5120753712069901,0.5594579092570933,0.5034822129864731,0.4641376329136651,0.47569563105569024,0.5703996700053011,0.4061433711295366,0.5285001214255582,0.4154717464478657,0.5552420299583527,0.462314305343655,0.4273387745215968,0.4903476784410996,0.5085896232446765,0.45259202523585074,0.4939079671411094,0.4408108017581018,0.49916496263054533,0.5732326491351832,0.5333965860277776,0.5927109659250172,0.458953891889818,0.48476841689379696,0.41938547453157793,0.5025358813106734,0.505583517215024,0.5040233459041525,0.45274033604445935,0.48064666690473284,0.459360845569561,0.45198895423309987,0.4772228094034791,0.4614288655528525,0.6176147721046774,0.4266790404561041,0.5532875965818221,0.42975985356431706,0.49236050770945766,0.4969730460499191,0.49384321550571547,0.40889964446868543,0.4215498698266682,0.41421472848103874,0.4790432030402538,0.46328071099580426,0.4326293866622793,0.49006407985370476,0.5811194279004706,0.49491923761174955,0.5057055636659756,0.5152129042623047,0.4297373245043752,0.5595126117912617,0.44158814307692307,0.5136824092154503,0.566086044879196,0.5291627282318908,0.51555581611389,0.4919353377608896,0.3439113912812788,0.5065605876621532,0.5056642010514947,0.43751508747354717,0.4803530595951123,0.5815342340033305,0.5087126499892637,0.47813246018175903,0.5820191908368584,0.517162442995708,0.46568209808438615,0.5180290001557943,0.48438387634759683,0.4414678543655819,0.5147050123147126
0.5480089214584745,0.590827656059302,0.537049107407904,0.4603311855969022,0.44104374112618533,0.5547107667073924,0.49023562307627727,0.0,0.5222591513442142,0.5572756418625936,0.5039908492289765,0.5573189005741612,0.6003516694992908,0.4689802048239824,0.5014407317248355,0.5536850658248506,0.5178736326116196,0.5271760309568546,0.5314159254340726,0.530288753683246,0.5480202812084598,0.5351602384525611,0.5438762892999118,0.4877206354228378,0.6146387207994922,0.48456667124228175,0.49140060800301366,0.5180396999292717,0.44108759802882713,0.4771393198879367,0.5686086637458984,0.5651391129508417,0.459663531625014,0.5446288243280332,0.49299860642841037,0.5023132790548591,0.6043233357247696,0.5244403643037192,0.5013174585297167,0.4890926973622515,0.48331688743914436,0.520466311133101,0.5153165796759452,0.453865202419069,0.6423512105914115,0.5565249594742545,0.5052535393294235,0.47022389060657865,0.5464821911894946,0.48815565462168287,0.5166861332206186,0.49822697234542923,0.47190539333429277,0.5088720855840738,0.48380111511869267,0.5386617975146387,0.5139520841602527,0.5629671248962473,0.48284946895523995,0.5305453691166242,0.5866704526718041,0.45120106286594713,0.49662442199652407,0.4384196103523994,0.4449242123494173,0.47296389669339484,0.5286121642062687,0.5481586476379037,0.4744030962607506,0.6660629058704083,0.5360089125081136,0.4575140825318429,0.4567304188605838,0.5777160932867295,0.5478470225745502,0.5054581212888098,0.5226500212155923,0.5227092276138787,0.526170099674187,0.4181885071951926,0.4951895352400124,0.5425791657511244,0.5692676315744118,0.5467182650352577,0.47381047044476027,0.6572179286188857,0.5846706798023352,0.4999558013003509,0.6377051113515662,0.5308128608806968,0.49618582286226504,0.5105774390831163,0.4915359659094502,0.47671826649221744,0.4771266199325657,0.5308881445622858,0.47317160433143624,0.5346600384390906,0.4227181833619388,0.5608053282860878,0.46380054767333406,0.5271647404067956,0.4437446959220512,0.4668321264783461,0.49937616656528006,0.5701116036910543,0.5031696869880444,0.587775333617104,0.5187863882548978,0.5281148695363936,0.5021814982400064,0.46853534069728103,0.5124185836487992,0.5222492846480926,0.4990660961638122,0.5384144858850505,0.5272535165332893,0.48766069158136754,0.44832609025665965,0.5029388531753536,0.4442745621249932,0.5365684870505153,0.48221299394199124,0.5506419767298473,0.4304501286557944,0.5245980472813649,0.46920059395295116,0.5664441877079752,0.5107684653991375,0.4913756547780309,0.5189759700789679,0.513988245662378,0.4906180374202744,0.49554205639351684,0.5037662421172936,0.41653444839474235,0.5337748292473344,0.47156404639865157,0.5197240806236918,0.5627229707648509,0.44719659690287716,0.49031970086147825,0.5642664957225793,0.4848590883506446,0.5244551433324818,0.526358569033805,0.5658300035307608,0.5480701092447179,0.5869735981310978,0.4017555481134506,0.5186162329146577,0.48971237412983354,0.4898318645958326,0.4913757398883665,0.5724635394550353,0.5866336162961576,0.5082594426699228,0.5723984727510204,0.4149781334683937,0.4681394741042163,0.49689969795244593,0.48558635438657155,0.4797825379787279,0.5001877698825208
0.6009975479043846,0.49283889213084325,0.4371528486081732,0.3833299205348813,0.4544024661579315,0.4639823982888972,0.43331883445823144,0.5222591513442142,0.0,0.4359700252498977,0.4479943078844708,0.45560393685928147,0.48880784028625196,0.44798757834019515,0.43855573060905856,0.47256519300051253,0.4689507035147594,0.5308148581715865,0.4667445006213989,0.541247874254061,0.4667319332094521,0.49891905244399165,0.4874246096575415,0.42391582055520177,0.5048470632021238,0.40099788769506217,0.4559328572731094,0.47111281115119613,0.37075761654767164,0.5676972903249473,0.5026765924148746,0.483566669678012,0.37882113741965967,0.4412477138351036,0.49818263651203554,0.4253320490373263,0.4972518217399968,0.49060399120679943,0.4213703642996484,0.41824372860286796,0.4042136035048634,0.6020796870474403,0.4489031245040516,0.40190650750045703,0.47259661863464325,0.45922466760745917,0.4841294166112159,0.40105818645363,0.4875169374391634,0.4671474172901223,0.4458380076772163,0.4404150723295057,0.4564401255803004,0.40588909274340146,0.3918605215906769,0.5441736060474427,0.48846723603771985,0.4924605652783942,0.43794692047775474,0.4671658710100921,0.4342614615999114,0.41759094762051285,0.437654860680214,0.4272025103907928,0.4443948602498126,0.4200685818206143,0.4410094553625485,0.49077342941897145,0.45740010202071124,0.543900371846745,0.4963586932001757,0.4374960049599456,0.4533837932022843,0.46506573586110156,0.49749140422786603,0.46416927043837924,0.4230653747761237,0.44049814857244923,0.4308912154515963,0.38678843158243914,0.4286961992408281,0.5354628586158657,0.5295267841212521,0.4443562746922467,0.44404344077817304,0.5632551398981275,0.49299728522527264,0.4701225178239482,0.505244722790962,0.49927495133946,0.49040523713036704,0.47493999766997824,0.43992402406714026,0.44502149771982896,0.4584218796520431,0.43799027592647016,0.4154412112454392,0.457987047840793,0.43999831813327694,0.45008777629660907,0.4130660124360651,0.41324135665444356,0.39274216799383793,0.39088309721227477,0.4706238989363861,0.4729907939803667,0.40863171627775263,0.519379510097801,0.42833379455649,0.45133981440517607,0.4242140703461634,0.4525301014285415,0.45158751564083427,0.4948975929391889,0.43153757057100317,0.5093225363781475,0.47939444867067826,0.4483216187937646,0.3777011375829452,0.4922951371336588,0.4499323752728933,0.434626152207235,0.46956809365260516,0.4635288644116951,0.463200561773746,0.3973983032148732,0.44200152925947656,0.4471950386126712,0.4016836651942006,0.43082950480301513,0.6110945080911079,0.4709205195319696,0.4449786391671307,0.5095473386322689,0.436290546454005,0.4107262881543297,0.5020476883655633,0.42196298676612237,0.42933739397941745,0.49138539802567366,0.37472452905956194,0.4646334819147336,0.5290967543975444,0.4539080357528657,0.4467919742492722,0.5020405724393423,0.5715783264113325,0.4282922630142289,0.4892584137744849,0.38992764915768224,0.4745931470457862,0.44079598339050885,0.4933545058570991,0.42643922687798663,0.44934624385765115,0.4970129566150534,0.45904859092041084,0.45358783940733977,0.37572876953929,0.4258559298730161,0.4052501325711034,0.49120863133490805,0.44132054522427117,0.5290752997300615
0.4713015371731493,0.6422729854445828,0.6092379200670244,0.44132740192862296,0.43115960097024364,0.5363529315971084,0.4997066705534273,0.5572756418625936,0.4359700252498977,0.0,0.5012267073378821,0.5687088159022838,0.5350533381909546,0.44275843952080585,0.47078564407553236,0.5221533099944362,0.49793398211588846,0.4735943956671591,0.5085008343828599,0.46897901218454385,0.5135790956804327,0.5438520991598885,0.5285632786455746,0.482298017886204,0.624237819942286,0.4308515153043137,0.4602418136076069,0.4870065944531731,0.5415565211641983,0.4380514243430367,0.49055050150916363,0.5313030107875424,0.44593101076477376,0.48889027578573085,0.4569151450104923,0.47582065358523384,0.5225845288032397,0.4610455487514189,0.46488551495450964,0.4752087907213583,0.46762302618907087,0.4949599540724669,0.4572770391729344,0.44337081963612196,0.5327403996848072,0.47181031395210277,0.48135357239290194,0.4708814862828207,0.5313491285064154,0.436919503578685,0.463428133305423,0.4518551565445644,0.43676088042205036,0.5081724989660421,0.49026950602442565,0.4894638603759544,0.4476403237114611,0.5097653486431285,0.48154599124641373,0.46382171456236626,0.5085211962189878,0.395740329836351,0.43793806266655316,0.42562993154905276,0.4021693934729642,0.4146637969393584,0.46451508990228596,0.4886846455624459,0.4543596541836798,0.5226440141340929,0.45137691699395877,0.4208289733844847,0.4150143295939921,0.5188283557222371,0.49364683077965954,0.4552765975751626,0.4682449430738785,0.5227197934328512,0.4366808285905251,0.39509379314169507,0.4757763265844407,0.4505148740851979,0.5279087985213109,0.48005127180993173,0.42111717461671644,0.5266074114982866,0.46599483254046775,0.44035018117661057,0.5182142028961814,0.44963722988029103,0.44675205275835966,0.465460363924251,0.48304551554542713,0.4242926601357759,0.4346761102237714,0.551213504701014,0.4119445556069258,0.509123507497158,0.3872494556055157,0.4883545478335261,0.43180075061784173,0.45048263048427895,0.40853275411003515,0.5063556428185373,0.42991882364357215,0.47934349467865284,0.4558532713501388,0.5880482976911514,0.49055252924674414,0.5520338858358772,0.492093087030677,0.41491341858337405,0.46021398925614077,0.4596446969780777,0.43401721629234263,0.47635956818358877,0.49323350478049566,0.5128537017995326,0.48050231719561953,0.4443460096926974,0.4054984690619973,0.4361770184686027,0.4429624188162993,0.4988578575313138,0.39720528554907863,0.5609123620046973,0.41656439045499855,0.485004717730088,0.5468828273219287,0.45132776366506056,0.4773078399003939,0.4597663465262571,0.41424568302350995,0.4278833024009172,0.47509005678161864,0.39548528771620767,0.4949782281377549,0.4428095692900957,0.5150591621888958,0.4812990142124791,0.4433655485541612,0.4689405370243558,0.49540311850797636,0.45032426576791207,0.4931087894517793,0.46814994484336087,0.48376606513779924,0.5290149989687544,0.6572825616621956,0.39268582338880686,0.43560346995857024,0.48767992982484365,0.4565055467717101,0.5108779576150226,0.551085335460049,0.48613185421267874,0.4757299659683364,0.5354990273842549,0.40731609135790087,0.42633538523416026,0.5070122295041647,0.4442102280617113,0.43465567440888025,0.44470876375637003
0.5596082484329331,0.5326640002121583,0.5792412708992858,0.4807158111637657,0.5353050123217191,0.5125920225250273,0.48003611404864355,0.5039908492289765,0.4479943078844708,0.5012267073378821,0.0,0.4804327755087838,0.579093654925228,0.5235376802310249,0.4766387153705496,0.612029045826904,0.6208218019135172,0.5787098789311345,0.5310021269338898,0.520056336502276,0.562275425420132,0.6298409111689013,0.5159258383195158,0.4774144770521024,0.5377655600345648,0.48130131150626476,0.4849446135403062,0.58482005498494,0.5396380722100188,0.45206831538024694,0.46086097449120494,0.5408919973588023,0.4566390944495059,0.4543425819015894,0.5452497277363086,0.5207689200584613,0.5465324060518636,0.5761012951034261,0.48713744216438076,0.5111774881955203,0.5046601333752433,0.49336704557447436,0.5145783754728311,0.49800716045885396,0.4915183274036862,0.46466021456882184,0.44366121125554586,0.557510199786777,0.5764803380120107,0.5207818675359632,0.5317614085395609,0.5122154826487287,0.5050213899026785,0.5533312781564015,0.5521539234718716,0.4228869984447861,0.5325366452513908,0.5778275154326339,0.5150130780757395,0.5025767061931963,0.5448845636003201,0.4252759893814402,0.5619614485275896,0.4763112993616017,0.44811159697252134,0.4448001625460176,0.4694427014063345,0.4930579370454271,0.5684717281633129,0.5935857142555171,0.49923894089817633,0.4783096822435478,0.5004017905240664,0.5839056475843616,0.5983576642260775,0.45595678769331666,0.5191267989684367,0.532917074665674,0.46175373935703345,0.43059326261051234,0.495241086016992,0.4829523815945657,0.47962156381508714,0.565135633667375,0.47378512752322166,0.5314004982951718,0.505311943496789,0.4873952013149574,0.48332033797887963,0.3977804598622609,0.5754567161935579,0.4329150520658131,0.6027090997394834,0.4778715327277038,0.5123578188034932,0.47001006892256975,0.4334540296753655,0.44156119041044545,0.4356656184534306,0.4685367052551062,0.4719937373537611,0.4568391459040571,0.4229841179176955,0.4289997864991083,0.5058395185111841,0.47489027569463405,0.46403338389988613,0.5377209914235914,0.4823161555656011,0.4816000308025465,0.5136640954756011,0.48334379248520054,0.5088186622161072,0.5142578865675413,0.5112382029007547,0.5150555379747661,0.4958931563499635,0.5385971611186806,0.5284748228046564,0.4944516734030931,0.5021310119028671,0.47046272784030624,0.49028171942815046,0.5051598555953344,0.4642742266808352,0.5082289373624863,0.4454232642301942,0.4503666682977737,0.5310676565393431,0.4932932005425142,0.4374746660590041,0.5243161738661869,0.4859414707861733,0.5144497315432025,0.5048629479079899,0.45296165432045016,0.4602684703009322,0.4925905457044365,0.5319872675297715,0.49175735435764456,0.46982409611936804,0.5252307772988771,0.504570765323525,0.5102450900306889,0.5307171481875869,0.4575522872945928,0.48375368049507134,0.4784431210436894,0.5287174910717329,0.427388366018709,0.49084861070226454,0.5284217021891796,0.5840539718269946,0.4173411838224598,0.49453909867824286,0.48011678706682237,0.5328268364193284,0.47843508746514085,0.46678998222925683,0.5060120780116996,0.4815732970518936,0.49678221790649474,0.4249514651009673,0.5894834607243269
0.49167971559500123,0.5981255889177018,0.5183967890775396,0.45619947564029567,0.47081291549956694,0.5974282705352422,0.540465101551687,0.5573189005741612,0.45560393685928147,0.5687088159022838,0.4804327755087838,0.0,0.4799307101365411,0.40100578005532345,0.5175030611067961,0.4883918537815387,0.46138778589618307,0.4467277750594758,0.5904672386401928,0.45704335157907594,0.5360196568870697,0.5035392855649634,0.5123957287327162,0.503449889555041,0.6432661314291787,0.4437927697572571,0.40638849143324646,0.4441105068881007,0.473453587175589,0.46399982800539563,0.5896393366360977,0.5129965019713549,0.4816272703793438,0.5336538926228737,0.47693016512402564,0.4837416541756484,0.5396059472623194,0.4461651861487637,0.5074226350492859,0.44132867030607864,0.49594247262736607,0.4911291722384491,0.4878114296209325,0.5109164951843855,0.5231055070593901,0.47083368264428527,0.5278089208423431,0.4979862217207624,0.5189977879336775,0.43766151770263056,0.4899318074015804,0.5023162559715468,0.42384236839977013,0.5297055334872259,0.49080800404398434,0.5103313587275928,0.4541320741972626,0.5709725030114678,0.43167154482784725,0.4494858164029805,0.4705194730370391,0.39791636141677056,0.46213001397265985,0.39716140741928285,0.41128781475217946,0.41006067887025527,0.4354172478432235,0.4997111999886691,0.40399204798714894,0.514929976347027,0.47591259597261104,0.40794728878251174,0.3993149152621188,0.48862489220849714,0.455763492855011,0.46461181795133905,0.44459631676351585,0.5391586421461864,0.45886852257942473,0.4065578764094701,0.47674320777797474,0.4935174403623949,0.5681087255838786,0.45066034412996836,0.42521536240756835,0.5310883285589412,0.4831315492866569,0.4358462398415399,0.5062829511204274,0.46711765090158625,0.46821280795766,0.5387534811829495,0.4849184777746992,0.43027308830334693,0.4201279826508361,0.6677883637206202,0.4153181670687909,0.5744110139411915,0.3941352412888048,0.47592329400364175,0.4250291052894801,0.4457135520557449,0.44208644382501006,0.5828384271131675,0.4368110174422278,0.47951376035455295,0.4390425207189008,0.5351405159840588,0.47483714607809374,0.554179018575033,0.5612534510547491,0.4248029251843435,0.452752566003638,0.4233160250322311,0.44259351702077854,0.47067441274519145,0.506393165912115,0.4859032208358608,0.473859482013996,0.43651973159675406,0.4110257835654894,0.46087280638525685,0.44986913623574004,0.548768060757769,0.40395730554246423,0.5936267990948784,0.4051461288805566,0.5100231072038637,0.5226919146717657,0.4278391336270552,0.4577927011641851,0.44576700914493844,0.3947231998139817,0.45567761585280964,0.4730003248696256,0.40022883391659464,0.5407244590969698,0.45339163184537473,0.4520349898989187,0.5114236753063085,0.45626147032402625,0.4456983970848438,0.4978976564163412,0.4386840064853045,0.4958166802121227,0.5182063201834886,0.5746239919067592,0.4956165249020914,0.5970847022942275,0.3694339860884915,0.4814491057460637,0.49199153989453226,0.43347182541598517,0.4612339125595478,0.6415537686816886,0.4886078201228215,0.43948534459416433,0.5895829602484498,0.4107914737736796,0.4237489394716877,0.4532891908902293,0.4656590571995185,0.426196105865395,0.4674996400077685
