0,1,2,3,4,5,6,7,8,9,10,11,12,13,14,15,16,17,18,19,20,21,22,23,24,25,26,27,28,29,30,31,32,33,34,35,36,37,38,39,40,41,42,43,44,45,46,47,48,49,50,51,52,53,54,55,56,57,58,59,60,61,62,63,64,65,66,67,68,69,70,71,72,73,74,75,76,77,78,79,80,81,82,83,84,85,86,87,88,89,90,91,92,93,94,95,96,97,98,99,100,101,102,103,104,105,106,107,108,109,110,111,112,113,114,115,116,117,118,119,120,121,122,123,124,125,126,127,128,129,130,131,132,133,134,135,136,137,138,139,140,141,142,143,144,145,146,147,148,149,150,151,152,153,154,155,156,157,158,159,160,161,162,163
0.0,0.6068905078538261,0.47919274324511896,0.40967759978981705,0.5893635703600298,0.4441559441887376,0.5704152384466276,0.5297623997749918,0.7455359053829984,0.4447742146627453,0.6435738963927543,0.5147125978352382,0.5174059382151203,0.6307175234229879,0.5660410754097284,0.4986636359721251,0.5062324839041239,0.7325241877244361,0.5604750907331358,0.584093320212116,0.5992522578517306,0.6470289402916615,0.6295596039543903,0.6523632819303339,0.5675688924488455,0.575726984607792,0.535842670824105,0.48811447025876786,0.4906375623328408,0.6012409646075468,0.622482023358911,0.5325422110992599,0.4376202136335125,0.5383625209150535,0.6277859781434169,0.6518189452841731,0.669104963282746,0.6633677451422181,0.5660599025176701,0.6337992011559188,0.583734711969167,0.563517726048603,0.67342327910343,0.5225122360964585,0.6252161886581856,0.5506958107224339,0.6269871831505636,0.6021023015746564,0.7490361553235424,0.6205540022233037,0.6686769713164923,0.5208889393035301,0.6303737457423791,0.533506160942958,0.5863069200320877,0.5283909958512699,0.6453195688814342,0.5275076529736122,0.6280684468943495,0.5865921285175529,0.490652959600848,0.5135185493736828,0.6047673914506184,0.5551415733071164,0.5862553211610604,0.5132903543306987,0.5520221227173299,0.6440105808988998,0.5655111707106217,0.5989408488751766,0.7162470927938784,0.6076059549374656,0.5802601522807631,0.5505884738625292,0.5006420333471,0.6168922437197886,0.48718339289543383,0.5703489264577285,0.6197386880569494,0.4647988695047845,0.49524831880807463,0.7285979728477452,0.634694777239002,0.5183393965009666,0.5750945712332156,0.6813075552473241,0.5968491078810598,0.6743167151463987,0.5002192941404736,0.5837190083509589,0.6638647046691248,0.577537474940868,0.6753458783229421,0.6079804479934022,0.6587242806455265,0.4875424582520591,0.5242954168020795,0.48109967740500675,0.6917850243986039,0.5037887462469726,0.6177515726651341,0.49260120214421876,0.4945061651384221,0.40122029790683067,0.7223256095320355,0.49765389455777315,0.446042009956803,0.487978120389776,0.6074053356863487,0.5773137376591271,0.5419727522941176,0.7173843953801887,0.517110841643188,0.47556401292784173,0.6615011469486892,0.5239442110074193,0.550668715421301,0.5300801964467311,0.4141371244002915,0.5162935191782754,0.5548292695799539,0.5016569672645261,0.6472561164986782,0.6321809294430346,0.6524136130898205,0.511423030178218,0.47628984030228294,0.5775664669025855,0.4894673303318336,0.6004148545734368,0.4963886646951451,0.46740660110472493,0.5031959704692299,0.7469553994308693,0.5571074089093249,0.4959373059116741,0.6298053506542713,0.6490231311769686,0.6450117514756456,0.6622895693595575,0.43511793944576405,0.5547493676035258,0.6580313035046377,0.6560739262731786,0.6525123736557104,0.65999999641548,0.6957440292773073,0.461064039102654,0.567164867077268,0.42870648934061534,0.7126233136132575,0.6017097231803408,0.5674809508746846,0.501185053189199,0.4997054438288873,0.6421101637730551,0.5840393162416048,0.4648253986823085,0.48537452638488066,0.5203245686826429,0.47282309861111216,0.712112294377604,0.49700283966246395,0.8288116206946972
0.6068905078538261,0.0,0.6096602755684551,0.4579360505675899,0.4965005316895173,0.5549719127219905,0.5899204757666966,0.6595538263591264,0.5504304524768435,0.568563799499845,0.7105905782591113,0.6640998156844667,0.5643631726890783,0.5647758505717821,0.5029710476080053,0.5465858473770028,0.565920830989171,0.5815727353772061,0.6978153149954184,0.5079914736702924,0.7074993817461592,0.6429851316197772,0.6649085977507323,0.6254893363788893,0.7223022061087438,0.5774030337359872,0.5456073396018062,0.556314116504931,0.6122403072325588,0.5709088036799546,0.562383738351574,0.6089807545595128,0.4771854633378919,0.6479417949667928,0.5153403435900752,0.68684090765891,0.6489064927105854,0.580209886123868,0.5323508266919635,0.6553588867436166,0.6271132247361357,0.6308730898169185,0.5742855303523412,0.5139002066340642,0.6881781848988097,0.548735647104634,0.613892582004983,0.5967314358155626,0.6607031939687773,0.5226065983891679,0.675531653043011,0.5754376398045916,0.57999801819188,0.6580297860846718,0.6815790763773494,0.5870617832485447,0.568113902681202,0.6433783329119672,0.5962391515416277,0.5606041197667417,0.5898444973665412,0.5001043848452005,0.6560171940964484,0.4911365668964536,0.47965829861195974,0.5026970087603614,0.5567712704232659,0.587458912809489,0.540581644888882,0.6655176942550837,0.5721360294692421,0.49002292187199037,0.5772124711922951,0.6203651500862384,0.5694561690233659,0.5698762491603768,0.5180332062715407,0.6204310975382562,0.6000370576756412,0.4790979942360344,0.5716023752251163,0.6013329587004159,0.6617079804731484,0.5738586920402273,0.5738450604231551,0.6882783200287561,0.64490097249325,0.5548238817302801,0.5474513509889514,0.5730122885273263,0.6015870557042443,0.5931265054434501,0.6234936206005324,0.551938409106758,0.5939356822673236,0.5477158891925548,0.524789271149524,0.5779676723037745,0.5229416644820908,0.5688489123941403,0.523300727567028,0.5323966822561829,0.514706481117032,0.45268921229130027,0.6231312712035485,0.5150513575517809,0.49212092966951804,0.5811871473258763,0.620451081125869,0.7043871831237957,0.6406539417166099,0.5640578388428588,0.5767811264977069,0.4907468070199391,0.6189964222522779,0.5671901980651411,0.6335017586379195,0.4994570971061186,0.499870976526758,0.535963057466524,0.44637084600410026,0.5434731741422443,0.6296200931611073,0.66937338695182,0.4879208308936161,0.6438368598106303,0.49673203543176975,0.5954602633173928,0.6508825564026371,0.5065916000411945,0.5394180372705065,0.5014043586896855,0.4748694796906676,0.5960863004298123,0.5222806216981319,0.4147227167024327,0.5623393650224164,0.5199920616639008,0.6293000962970778,0.5868618608735487,0.4640644880874251,0.5566688199140928,0.6624846046030484,0.6476885433867733,0.6203239126442195,0.6067848466134459,0.590716229363393,0.5185761321952038,0.7119972930979944,0.4609774726002191,0.5811941879963559,0.6634468842422615,0.5231214863227084,0.5419622508399021,0.616324414855176,0.5826215651624321,0.5717692518347454,0.5515010702726559,0.46924522398156226,0.5354912836694481,0.5347013230824835,0.6117936736632462,0.5032077596902667,0.5779990493027608
0.47919274324511896,0.6096602755684551,0.0,0.40272298753563873,0.4189604791862854,0.5539312170869286,0.45328634718221417,0.6537840702755839,0.4549253726324322,0.6421575181321928,0.5838934333633173,0.5158552015765322,0.6346591021216568,0.5217333960391629,0.393736999427836,0.6747111551202126,0.66984044029885,0.5075338290274547,0.5187582445492347,0.4597851420704202,0.6280456668454115,0.5355683312025774,0.5547261264514789,0.4892347587492486,0.5802681554479071,0.5237423826571922,0.5590565900852993,0.5938356045643082,0.5542002814934582,0.5587670281759654,0.4264440168065929,0.6788912371455424,0.3936301913579367,0.5572303482942859,0.4008982600137728,0.511764778391723,0.5456978728887484,0.5259724559434823,0.4402200408747656,0.5850921955131287,0.4724473085496201,0.6296154261383332,0.4837717378856153,0.4052537674908707,0.5777583415761371,0.5366594686750997,0.5470197473195643,0.480013351920686,0.5253711993479144,0.46104259717160195,0.5394315479650568,0.4916299769348904,0.5160979623262907,0.5061143840983492,0.5254837756103229,0.5663658191074924,0.5119238212449527,0.5856746037591744,0.5313648863492143,0.5304390520510643,0.6388337162231417,0.5128720678945038,0.5597070347513557,0.4517857075208133,0.4131477657826779,0.5007892568041726,0.5336054845917418,0.5268818677175083,0.5463668517354745,0.5911261591714493,0.482305530603337,0.42874812004136525,0.5405478596581714,0.6421784475449791,0.6581343591602922,0.5000761391646381,0.5865108510345328,0.5825035414909885,0.5201146567127771,0.5113276416786093,0.6059390681613568,0.45947454682993993,0.5829881621170973,0.6017392581485819,0.5444462835792682,0.5757630602007041,0.576995226923298,0.4770286257926711,0.5610584391079703,0.5168785285017895,0.49543981841901447,0.44364862966901564,0.5090198071857432,0.4963017330207638,0.5238290092902521,0.44105728055237653,0.4875870329652735,0.4922069473190232,0.4388924184737545,0.5460781265886837,0.44389308348887874,0.5768218215231643,0.4227589514616947,0.3861490266526011,0.5109657185703922,0.5596045819662374,0.5635171798055606,0.618534723619502,0.5646341087053407,0.6273362693494539,0.49739323852825645,0.47592229193562974,0.5506486506011704,0.5425176423194932,0.5154269151669958,0.5734492004271985,0.5675731606650725,0.4572416277081486,0.4818857393317989,0.5000047048427526,0.4027442853526232,0.4923276989897937,0.5495956006052743,0.5516364676432972,0.4033962098403288,0.529585038678213,0.5306576458122727,0.5598393531254752,0.6036164460285182,0.45206807539329474,0.5909571856881054,0.6009990336211579,0.4850460353759105,0.4562642228451014,0.44557027090900947,0.36575766375602664,0.4892903145434433,0.41083812880315035,0.5415862202067008,0.4982549585961416,0.384544936625269,0.5765871948239103,0.5438768154393026,0.5483656530545074,0.5314310473156338,0.4665638004333452,0.4618791530199163,0.5959194111355122,0.6355517477891064,0.557186734225833,0.43902319405030976,0.5200437892750646,0.48375577309267875,0.5868542439145691,0.5245620810230096,0.5067282295105017,0.5634730886835241,0.554161615137103,0.37542769103183377,0.5458992820044696,0.5631899825630806,0.47782086970078236,0.5125924897007172,0.4626982626658573
0.40967759978981705,0.4579360505675899,0.40272298753563873,0.0,0.3769355525504503,0.5532361198499463,0.5277198945304807,0.4425394520424616,0.36978142041793216,0.4299219011708734,0.44609749151463673,0.5250201896898107,0.38717974663710103,0.376601093258643,0.388755886582104,0.368643503488545,0.40305158961988913,0.3840315372478563,0.5249731989585128,0.33010568774939625,0.4374484658610299,0.38362746313999213,0.4656856234116557,0.40072705438776063,0.4943353711742567,0.4520073641419655,0.38738366352130954,0.4463785241645723,0.44500493927219137,0.3841219672110776,0.4027202038851689,0.3939479392778345,0.6597445371342605,0.49649868817684134,0.4002241536703868,0.439868703161878,0.4178067608560837,0.37705847642476986,0.35358161046242015,0.428891651997011,0.5151357424694599,0.4423543360224422,0.37563258915151504,0.4731943132591207,0.4065196132929067,0.3717419516503997,0.40601690508281985,0.4078713890359439,0.4129544692346153,0.34559132730278996,0.45817485472389724,0.5960567513970386,0.38231268324259954,0.5295754523331153,0.450823306473906,0.4383771120203457,0.3715712775909613,0.5359740382667881,0.37445051072770025,0.36413978079293485,0.4143335381040481,0.3569060799683504,0.5007263153434464,0.3265522689884263,0.33548361961876927,0.35177859340361134,0.3820420272750935,0.3892688434801642,0.3640443203139228,0.46295160043419875,0.37837752695593235,0.3393087963993756,0.42901491231397165,0.41866837120747596,0.4038888038770636,0.39356935504974166,0.3608242414102484,0.4395831552176545,0.4183441159319891,0.3871100007345935,0.4457754938105583,0.4268556821870378,0.41438862379148594,0.42205625344246334,0.41567064480580634,0.41955194429667664,0.4411581183320303,0.3759258808161678,0.4112164171790984,0.3777511232604082,0.4819754265857036,0.524843235210124,0.39772728887815645,0.37075175802249416,0.40949733771335317,0.5147728874967872,0.34655308527393086,0.6172283190642356,0.3706848285643876,0.4592631707037367,0.35383422092389977,0.3558795842494719,0.6036243246375552,0.5568967370088057,0.41842737309532374,0.36395348734507116,0.35694001906807254,0.4606846371920429,0.4009837453977824,0.4099966715368631,0.5669171682422802,0.38812598593576586,0.47957642859325594,0.3622027873669797,0.4544196364900243,0.4514593600397639,0.4926548889068853,0.32534204724894117,0.6351006081023387,0.4856444205495989,0.31527445104904384,0.5279132066872814,0.42273695872891115,0.4574556810224591,0.3525177549213163,0.49655518781636115,0.378983440037334,0.3660208107409887,0.5153965351213474,0.3400091397427881,0.38886045267365865,0.3555490957899829,0.34199330716779514,0.44402437870743156,0.3390867893005844,0.3005043722076271,0.35657236360254485,0.38890682347466204,0.3760215527036792,0.37393270110505505,0.5909215676806892,0.3581614138655855,0.4334003208123413,0.40185751277356585,0.3902230094915182,0.4792926387464006,0.3913963019072663,0.3805487576922561,0.412510265002726,0.3349692233135551,0.43038717676962246,0.5025081627337412,0.34243782292478664,0.34745954492983955,0.585847056665635,0.36956762174613805,0.36502777119204627,0.5026929015935523,0.5214767494002178,0.4247692130215516,0.42474629979446055,0.45947977794317574,0.3687619296422839,0.412912314589301
0.5893635703600298,0.4965005316895173,0.4189604791862854,0.3769355525504503,0.0,0.3880556564889456,0.5363030776083723,0.42005870085377706,0.5486439613374475,0.3843502010938061,0.5524499043294895,0.48667200352339485,0.41071010104478445,0.4687310696940904,0.6292612692824255,0.4178008516751791,0.4128297329881562,0.5247809290899227,0.49470662852338343,0.4779742771818482,0.48608372844626674,0.5782543044955442,0.4901803651704787,0.5815360748261654,0.46863034123920105,0.46788763087380897,0.42326733544490586,0.3915091766288068,0.4651801986096414,0.5059641222773259,0.5919683483143904,0.42892324812682026,0.42571829301856834,0.4293446458225791,0.6128209429596845,0.5612173092087868,0.5150787344294016,0.5061095024326796,0.5657638320800678,0.48008408053826895,0.5438322644768131,0.4443128846607987,0.5876522319739019,0.5547348610929982,0.474132299134959,0.4320766932879914,0.5256926205237081,0.6083236970280356,0.5619862339486249,0.5306267278807911,0.5288245091926379,0.45147281578954573,0.48202855789257715,0.4867187900755845,0.5398543736077198,0.41543663044368256,0.4935258569235339,0.46547905318782234,0.47872767087252804,0.4571093315209914,0.39265057967324685,0.4129675797632794,0.49477447008723563,0.47632834442857447,0.5081670719291912,0.40583898642513955,0.4187754422568696,0.5112384113243468,0.4589715906771937,0.4652198965828285,0.5468115400889266,0.5025517674474778,0.43253384153690355,0.43493446221686705,0.40278616573495324,0.4627744674694915,0.3996310934706038,0.49409796110195775,0.4710370674751755,0.38619627232877607,0.40590984599857927,0.5595613049926333,0.5150576822385882,0.410207061598863,0.43812470836598255,0.4942630280818592,0.44960266100081714,0.5108727203449109,0.39473084208094067,0.44291438771533187,0.5625533768144718,0.505791729331123,0.6214745555923408,0.46246559626150524,0.4787170887220733,0.4746522968644374,0.4288300239200671,0.41150158038121193,0.5427793661417424,0.3972011063316809,0.5143332580232634,0.404539321956546,0.44005940301015367,0.39573004157785563,0.5156608757328547,0.40399913764595385,0.36951120351145333,0.3986720809629775,0.4778999752354537,0.47024366403477863,0.4850893881147818,0.5349487912672759,0.40671452027592425,0.38143743034722816,0.4955488150732436,0.4198581285847124,0.43194037676954705,0.512514277660825,0.37530230989865665,0.4136778482965877,0.5291661473604709,0.41666746766798723,0.46898990670391794,0.506231855425428,0.5541478211291626,0.47301224079980053,0.3804753443458698,0.48339617087776343,0.42229085057264754,0.5049324622723946,0.39757285701569967,0.3876792809913601,0.39439432953024534,0.56399350725616,0.5035556121841055,0.49703289106712045,0.5411501684822232,0.6480793998848335,0.5092545638677388,0.5327839892238625,0.41809507231064,0.4495475527829619,0.48174053464925476,0.5053261880503841,0.5218019439507405,0.5368905130516232,0.6605524579551257,0.3847310786968644,0.47256606769535003,0.36192317445603217,0.5701680770230138,0.5009627624009919,0.4881147636341104,0.42461925052597027,0.4361284152047082,0.48460908840097905,0.44950920491685026,0.39859737141033214,0.4697076842966054,0.4147391179323342,0.3875607562304996,0.5268258365880107,0.3950346937708774,0.6295119040992357
0.4441559441887376,0.5549719127219905,0.5539312170869286,0.5532361198499463,0.3880556564889456,0.0,0.5047916274911389,0.5890582756658828,0.40360869776377,0.5917596198653275,0.5211093991867859,0.5675594716621052,0.5081860123023318,0.43946533032741936,0.3818926099182616,0.4813481426677614,0.531839467182463,0.4356560171353031,0.5526312703004613,0.3748240628116875,0.5400928916019085,0.438402054102491,0.5427580886980424,0.4423325949654234,0.6041157207941749,0.5315251875247871,0.4737079960503071,0.586998165004921,0.5218732510703955,0.4616324267506779,0.40943920061916295,0.5129131589103013,0.49131451858663355,0.6156781136971946,0.39173367182737956,0.47378505120766473,0.49427137035529733,0.4360557565651239,0.38100932758011696,0.5209359450229808,0.5039806182871595,0.5761364784135724,0.4162394730337994,0.43548100898198244,0.49016889358495574,0.44922859064780923,0.4814979212325566,0.44281469992535555,0.46589830114482467,0.38345090570176216,0.5158576291076856,0.6209021319705488,0.4366330381411223,0.5500666822996301,0.49378873101362486,0.5692607020551242,0.4279004390914406,0.6695702317085783,0.4346053250597865,0.4296258751365864,0.5504355486837327,0.42856735546787045,0.5800807759529734,0.36693226176531246,0.36022326280824074,0.41934021263171944,0.4639599871974446,0.4596152009824176,0.4326749339967637,0.5695067211003619,0.4235190967570884,0.3705839291022501,0.5105171112363415,0.5385034783456641,0.5292301258540828,0.4547593368167558,0.4576056741289415,0.5411583521681058,0.4827462057734314,0.48722733493585724,0.6005655170086767,0.4430875609980638,0.5063734975858856,0.5466372555928544,0.4961286174513808,0.5025353814447002,0.546035620279742,0.41708869746409505,0.5228623282814282,0.4530075171365992,0.506844270661301,0.4932012684194802,0.4383719329283284,0.4268669737489531,0.46965918999987205,0.5008243557768954,0.40028729052821693,0.6704981134560489,0.39584491015619705,0.5801951213730725,0.3879331641357398,0.443078788538807,0.5134444109784695,0.46694773525085714,0.4646230890423987,0.4582482235784313,0.45259904280266855,0.6417463386584704,0.4808847207966361,0.5193692671678781,0.5785189146169317,0.42475867364221154,0.6135833207569283,0.45033051498155874,0.5084230250144952,0.5841374910236513,0.6134808489204457,0.36658400996626866,0.7207567984972336,0.5602601918489759,0.34301561115627494,0.584964331139401,0.505153269397686,0.539138824160098,0.368049886852204,0.5644629915750242,0.46807869789264406,0.44270284386272246,0.6799661021692482,0.38015238380581323,0.5026417685503823,0.4568329273736787,0.4096048343138667,0.4526417465091712,0.37470402412267456,0.31892660828378183,0.40998151670348676,0.3918005948321063,0.4369291737140648,0.4217255289268879,0.46745341440542404,0.4382473424127232,0.5010762411255713,0.46027657209250455,0.45263342523863315,0.49091612873512036,0.41910580327203323,0.4974409466719558,0.5116659078534251,0.4238855905147573,0.4339240978233275,0.5422210300621385,0.3882151049608558,0.43478010748515433,0.6756803495904821,0.4292876951488672,0.448083620131771,0.7079314840972745,0.43051721981727986,0.526415544055712,0.5478929378327105,0.48484709420576877,0.4455443609398819,0.4365490909203896
0.5704152384466276,0.5899204757666966,0.45328634718221417,0.5277198945304807,0.5363030776083723,0.5047916274911389,0.0,0.50026541315246,0.4960824381818167,0.4606625506513474,0.5814421054520085,0.6688768264616212,0.44431553228743903,0.46818604106676587,0.5701184802392197,0.42860183890863984,0.44520409872255196,0.5013079127919817,0.6432645180234694,0.4216458099277844,0.5383751863422982,0.5105743869607309,0.5990978776391678,0.5630049108344588,0.6186450898960921,0.5601217525086963,0.4514770389324991,0.4552459142064356,0.5415338154998695,0.4887246506104002,0.604756096623212,0.4637670133620153,0.6231052321776832,0.5624520632102785,0.5688809855543957,0.6150386938350324,0.5692719700628214,0.4860782867569675,0.48367834227171097,0.5347756674827185,0.7601332050639275,0.5037737386295441,0.5266443176286248,0.6929257356172897,0.5223753701737542,0.45258536040516784,0.5519518911935152,0.5895104869302701,0.5803765003543038,0.45128502850486313,0.6102061883849541,0.6167679662207426,0.47382674800528946,0.6392470066259711,0.6239068557486769,0.5010361601166112,0.4705810105740688,0.5947780851303307,0.47567623730027897,0.4499760499462643,0.44920659741081137,0.42295070914969496,0.6004694793382396,0.41714668102613145,0.43800788538246754,0.41525265363944425,0.4551333912304546,0.5231578843461624,0.44430994358436576,0.5577651567349128,0.5135949127862798,0.44780425859873546,0.48295732089470467,0.4829538705830569,0.4390095224771828,0.506733976661806,0.4157861098987722,0.5696885389555826,0.5334080714314002,0.4313811615309937,0.4853964558103163,0.5886056361525801,0.5565827504316355,0.4713829508596969,0.4857682517705932,0.5391581733277795,0.5326239916944634,0.4984809497227575,0.45976909728459453,0.4743342986128678,0.6497679261941433,0.7889958213844711,0.5563988965215529,0.460629033524671,0.5060915653393816,0.6892668457932267,0.4202174575730465,0.5993299834488782,0.4975718037552096,0.48953125763843086,0.4782697562355324,0.4209199743205339,0.6653521789291923,0.5488589260539385,0.5430138926524406,0.42485396476797166,0.3945980714276258,0.4832628560034329,0.5138293951160798,0.5174670706665843,0.702017629398375,0.5158164657375399,0.5041310363902786,0.4047432442341668,0.5816101679350499,0.48750800550621076,0.5502936601412712,0.42955760884434746,0.49753640449907566,0.513397594673943,0.4137426827016389,0.5566110442672729,0.5190229394110447,0.6142730324817598,0.47688675574290557,0.640328492451649,0.41284717628870715,0.47679766542254737,0.546932917781039,0.45152508918992107,0.4359134195262691,0.3982655007635172,0.4014833635564659,0.6042053323747021,0.4443245705492675,0.39512537174866086,0.4915206276669551,0.574714331928905,0.49595905431080095,0.509149151741056,0.5999038087412363,0.4400228819321248,0.5405859858821925,0.5122098028731147,0.5283680219812383,0.7263267383167261,0.5662257002935095,0.42872013507852247,0.5240964238126874,0.36895112229844923,0.6219029525865518,0.668060193979395,0.4249149207463873,0.4259308610447097,0.6336687434996057,0.4853672082214851,0.44652878721793154,0.5149470259299449,0.6346751361062897,0.47408663978006516,0.46335379033392954,0.6365382148119696,0.4292958497879758,0.5752625171626453
0.5297623997749918,0.6595538263591264,0.6537840702755839,0.4425394520424616,0.42005870085377706,0.5890582756658828,0.50026541315246,0.0,0.4994528321157889,0.6507992534364277,0.5801473675462675,0.5343169712867343,0.7003194039317469,0.5842883457736762,0.4136930113513186,0.6314238229966254,0.6888705821044585,0.5614750676240386,0.5553140275159882,0.47513460945782965,0.6685908127033828,0.520977322016221,0.6783415591781145,0.5080932266723307,0.6701006882255193,0.6115612273411831,0.6430737175327951,0.6938844090393859,0.5297454416034303,0.5774288937759089,0.46016119889017165,0.7257311415220008,0.42574699042659037,0.7188326590346189,0.42948102278244327,0.5493673080398305,0.6143672848686611,0.5700309038698317,0.4438472000997857,0.6930476929786096,0.5132024798474996,0.731692653197014,0.5076399183926498,0.4267661697551228,0.6794251384471335,0.6143096512011991,0.5975442564192931,0.4808119177599663,0.5809601405392281,0.4762763333284418,0.6091648154914674,0.5534737872916037,0.5646476808191596,0.5318013941364155,0.5413747124269083,0.7355215741790727,0.5523333017599571,0.6206130833459214,0.5812792490007219,0.5793412055952225,0.7251795373785221,0.5701189478757412,0.624665602892538,0.4635818700514348,0.4368110765701291,0.5526364798572785,0.6370313561691698,0.5782387293688476,0.5650440017420394,0.7199188792785439,0.5255636659767051,0.46151142472138634,0.649564366281649,0.7406118112933232,0.7008374237852512,0.5942507380790579,0.6081345582628176,0.6259079633246101,0.6275023657300818,0.5645149555250744,0.7057473465382167,0.5157938183917791,0.6369543051253933,0.7233094634923247,0.6586766182443735,0.68471907206878,0.7265674694284042,0.5357901169915799,0.725195334470979,0.6101445242757306,0.5481605557220992,0.5091776518186788,0.5186047988823146,0.5487903907486935,0.6117694521039863,0.4696631212527986,0.5113896245509016,0.581424771361946,0.4839613723354026,0.72195734954267,0.47723359016692424,0.6044766474666233,0.4881666228315905,0.4091232184266053,0.5890987871306349,0.6147710657463079,0.5898444144210698,0.7464457966702018,0.647189771117332,0.650810227465339,0.5421536277832445,0.5309630729133387,0.6885791776659498,0.6055777872590217,0.6166419326286388,0.6786429073475194,0.7417589849308724,0.4446318372502643,0.5033496672797904,0.6149325690045547,0.41123902990784633,0.6024939573367644,0.6498854192767991,0.637081112089863,0.4335657929135371,0.5530426497375517,0.6110621326356936,0.5802786846726625,0.6508025473646606,0.4795290707304914,0.678228452058441,0.5907798032089617,0.5395938942266173,0.510926407231274,0.44915734968988386,0.3731750339181794,0.5084642595758344,0.44100255250420417,0.5731776461249464,0.5409322588921658,0.4183087173565796,0.5865718698970819,0.656771921154554,0.5971795632132274,0.5721764683137405,0.5427888572025755,0.48268321255409163,0.6501862671382472,0.6582591480422557,0.5394841863060393,0.49092952954579167,0.5938326468393796,0.48015566773158114,0.5863692104828907,0.59816553113167,0.5643008241559935,0.5929197406335778,0.6315188419483818,0.4115190758015783,0.6483599593231217,0.6767546845904449,0.5573925188888859,0.604179626371025,0.49875445097398113
0.7455359053829984,0.5504304524768435,0.4549253726324322,0.36978142041793216,0.5486439613374475,0.40360869776377,0.4960824381818167,0.4994528321157889,0.0,0.4213177525700441,0.5624089912490275,0.4619081943704098,0.4974734324193407,0.6267131673030204,0.5287336226369548,0.48452517147931207,0.4808625141733667,0.7274630520025069,0.49523208166648464,0.6361142598113423,0.5381114972196152,0.6239989076149614,0.5693395524687449,0.5877361055165312,0.508658454946394,0.5076306927742197,0.5363015799101553,0.4593617955180258,0.44999767884972103,0.5978997450856023,0.5786830428126767,0.5087825366899935,0.39228353380202197,0.48511623191593556,0.5793813123192519,0.5780084914948316,0.5953349430898548,0.6529647026455965,0.552373014335064,0.5729431594539793,0.5045066065711342,0.5268131378940979,0.6329304507399383,0.45871508110709885,0.5916460500364277,0.5392420793586491,0.5799155386548508,0.5302619841325678,0.6622315297847932,0.6451515115861456,0.5713917817952873,0.4545653917139816,0.6130439803771619,0.46897027913499195,0.5189647194518577,0.49515054115577495,0.6311217389917306,0.4717729124951034,0.6216579717650593,0.5908333543826387,0.46189357628267347,0.5066129095394888,0.5197570004326438,0.5965750347157992,0.6056931677670733,0.5060473532290763,0.5323009260961026,0.5974318092026535,0.5736153157722192,0.5450349767670952,0.6691493859418766,0.6369438755392727,0.536233507161981,0.5132308388022032,0.4807366050702864,0.5801085097352398,0.4737056317238666,0.5120952982171993,0.5648379795781007,0.43285283869320945,0.452776554773913,0.6401143114968183,0.585591041996474,0.48391259908769707,0.5342692443052921,0.631391173306893,0.5413937669307566,0.6674869342962934,0.47807215516903984,0.5792348029037692,0.5668790937194825,0.5089199241762559,0.6163653413782882,0.5865194280054413,0.6074636918394761,0.43836074649502726,0.525460714086149,0.4329344037882426,0.6819700330945877,0.46671910168348374,0.6110750787035192,0.48511369330818227,0.438179607703437,0.36786050891049754,0.6492073144738024,0.48689361450051444,0.435035617793638,0.45622224440459974,0.5684295757036565,0.531736534568492,0.4696051661131428,0.6688469947782413,0.46745343943263346,0.4727815770734401,0.5724350557533263,0.48625836177214277,0.49616804862468317,0.5512439685318439,0.3738010265583878,0.47494433702376304,0.5857508074304039,0.4530512338040064,0.5791593622009503,0.5488656654916937,0.6506492189869187,0.45689451422367144,0.46254750370831865,0.5693543253916639,0.44253904955207995,0.6227167577747574,0.4923905489801608,0.4579144045764478,0.5052160577309364,0.6275803282735252,0.5606553827544584,0.5151422408258827,0.6324368258064347,0.5958174440370775,0.6441757238505452,0.652564111637558,0.3912839942792889,0.5515070419716457,0.602546755678578,0.6197737551978418,0.6002202383725707,0.570609684924576,0.6495534384329888,0.44243073617168793,0.5366638945413232,0.42888796079596847,0.6108806354299997,0.524666157246932,0.5959489519776154,0.5085496622588096,0.44530849218773116,0.6341262557080354,0.5754281437149321,0.42343590912702506,0.4325090190140941,0.4798836802133429,0.4419797808097743,0.5994858593702999,0.4867215412627347,0.6771312939557117
0.4447742146627453,0.568563799499845,0.6421575181321928,0.4299219011708734,0.3843502010938061,0.5917596198653275,0.4606625506513474,0.6507992534364277,0.4213177525700441,0.0,0.5234520552715042,0.5189626477440554,0.5720157740048402,0.4844236297491515,0.3778477425803005,0.5622304504644213,0.5629158394011863,0.46423356509968244,0.49696168785845896,0.40694594191154837,0.5341490649179323,0.45954542142113536,0.5604368660458963,0.43763046365131636,0.6282505401691034,0.51307772976477,0.5478014488981139,0.5760240202668122,0.5834647120764057,0.5036695040094966,0.41770548782009526,0.6026940892585818,0.41309427722136055,0.5758068545610061,0.3878228889563848,0.48561037853165206,0.5279556900915714,0.48079811719291554,0.3998165688244194,0.5302286488914923,0.46280088276056724,0.5693811618622054,0.4461978441339465,0.4031349860440617,0.539157685760273,0.48756114183400784,0.5092439401150366,0.4521218666941375,0.49608441817844917,0.40645801320627445,0.4967899263097977,0.48311322148166425,0.4519555153251559,0.48558332221323536,0.5120327493460326,0.5821296607254092,0.44610771547039774,0.5838149576844746,0.48131883647888357,0.4650402183269004,0.5834572178347713,0.4720968871651855,0.5198180386584159,0.41091638464453034,0.37353594252627614,0.44882500222895005,0.49964492273368144,0.4936412690786103,0.5020541175270582,0.6020450421077062,0.4367138052219136,0.40264061430559167,0.5044143536916224,0.5580699403058649,0.5710744859007099,0.4935438285080382,0.5084997385231612,0.5672083975395354,0.5017564861306354,0.500688016119997,0.6072551084242431,0.4271870184624791,0.5410999053727173,0.6083784608933313,0.5069371178075798,0.5273142255025385,0.5798157978197261,0.45270793211599114,0.5840276112735537,0.4838302373674729,0.4746274910254364,0.45605015839294516,0.46341468390520935,0.4405961423288552,0.48033214510215394,0.47581355508044026,0.4269712693714247,0.5510873285920048,0.41456835410925114,0.5566568957208956,0.42294461072470974,0.5194117161958901,0.4542755764031146,0.42740538558190155,0.47712800963784363,0.5038232513417343,0.5013711362461039,0.6746183944113218,0.5198415482335167,0.5474872337819867,0.49099782028242145,0.4398854509435589,0.5590180578678121,0.5218253900266226,0.4974206294139886,0.5345416873400326,0.5914081280037816,0.4165744914770146,0.5197707473081877,0.537309704386313,0.3611383886559787,0.5434833424118807,0.5044866676847646,0.5264601077793442,0.38002049302958657,0.5691483502965073,0.4861049599504093,0.49510103478058165,0.6606702880024442,0.4193853476907359,0.5797354996187597,0.5005966108258297,0.4569234532404231,0.42884317580474834,0.3989193841112717,0.33668351646853417,0.45143660893298443,0.39461322030169943,0.49640021211159163,0.4616192067267713,0.41709395901189733,0.5085302952741165,0.49857801247452144,0.4932807269291101,0.4970856333676574,0.4741615629485063,0.41966747594261716,0.5839599625933953,0.6254860021765685,0.4993343138716252,0.4226285823230619,0.5413252237651542,0.40947613390461957,0.5139643529279865,0.5761495035688541,0.4682303459941361,0.48146020756152685,0.5986448546822377,0.38882159123285664,0.5345467199544793,0.6218784770946122,0.477702300453643,0.5040446644541612,0.42310941474721114
0.6435738963927543,0.7105905782591113,0.5838934333633173,0.44609749151463673,0.5524499043294895,0.5211093991867859,0.5814421054520085,0.5801473675462675,0.5624089912490275,0.5234520552715042,0.0,0.6051943606138848,0.5459406681925554,0.5815997333820034,0.5091413144043829,0.5473754205630245,0.5616416346700092,0.6127903532812156,0.6470774655110032,0.511233789328856,0.6623511738021811,0.67849913973379,0.6426428193449151,0.6036745896190102,0.6579003085021197,0.5717605488357458,0.5449737732356343,0.5410942352563918,0.6227203483477335,0.6034761579434659,0.5524701056424757,0.5818245320803392,0.4674517182672436,0.5678298287835236,0.5434937214458981,0.6816439898135872,0.6452388813852811,0.6095046672605191,0.5300372617030279,0.6286255815618994,0.6163622368091138,0.613007250648993,0.596436823399249,0.5304348053451505,0.6093973998038104,0.5176259727756504,0.6021153318243772,0.640027852394341,0.6767365219233771,0.5382568013283224,0.6647673244890165,0.5617164968165572,0.5756936389830515,0.6162539505908428,0.6891862028630572,0.5374801188578521,0.5703820540353832,0.6471428807584635,0.5858388493231335,0.5434626682018863,0.5381651910494614,0.4914600762175666,0.6780141243827748,0.5057656603386346,0.484949445331165,0.4828420896928805,0.5216514075000714,0.5889401813548898,0.5766912411419184,0.6581151523811865,0.57644961773974,0.5045000469569796,0.5780591486350474,0.587133945182594,0.5561187411001394,0.5505552318601428,0.5010266047179197,0.6233938120867057,0.5705474139216454,0.4743524672370154,0.5444971286990794,0.5890193093008317,0.6384825321778816,0.5600900730482367,0.5597806607202223,0.6452680290746702,0.6148987228896186,0.5643358723517932,0.5105434287197339,0.5218792671816013,0.6654205474406272,0.5596918675885595,0.6821549288714982,0.538510891019104,0.5970257741897376,0.5341588668335525,0.49674465121789463,0.5264637761515433,0.5470938956513097,0.5177538373242419,0.5305149891996004,0.5036239452326644,0.5032291608845634,0.4405427207798704,0.6334953753484059,0.49328804434829177,0.46373335324562603,0.5496734254535499,0.5856181519863686,0.620843791859861,0.6051505627709354,0.5816453705353208,0.548770509333328,0.48507321201529546,0.6183055036254772,0.5505242282802656,0.5893680736983414,0.5178550646885184,0.4866679363302004,0.5342957153424731,0.469827473392385,0.525891816944174,0.6140350132146652,0.6343306416998837,0.5131886041920337,0.6049509439140472,0.47691545659876117,0.5602190338950618,0.5948223122950348,0.5153297002748248,0.5196249506841661,0.4921387970285629,0.4732732934321254,0.6156945453982804,0.5161070481923826,0.4293470412275292,0.5608420493254924,0.5404786035453858,0.6211490252027532,0.5791229098082058,0.46284494259616504,0.5643436749163682,0.6125390469687125,0.6482462932733712,0.621440501232235,0.5984241751499327,0.5955417104629073,0.4882104822242494,0.6560549975771359,0.45888715564270244,0.5832991688978179,0.6649340383206738,0.537994756604712,0.5071228650756167,0.5669961194632739,0.5577660104248103,0.5619477074339828,0.5151707192149072,0.48081501671542937,0.5349122976739398,0.505698993319481,0.6301994937149927,0.4809971169609004,0.6321783200161535
0.5147125978352382,0.6640998156844667,0.5158552015765322,0.5250201896898107,0.48667200352339485,0.5675594716621052,0.6688768264616212,0.5343169712867343,0.4619081943704098,0.5189626477440554,0.6051943606138848,0.0,0.4578854152808242,0.4527795880968312,0.5068839858214238,0.4491521895026008,0.46734272654807807,0.47262708617106647,0.7242676847191258,0.4155781004801025,0.5648785035070666,0.5303980001411155,0.5700691820017605,0.5507879416772727,0.6529854470307809,0.5173099301250759,0.4512167961776065,0.47722229831970236,0.6209915771333877,0.48208615339525845,0.5404064181833563,0.48596802843690645,0.5848688634709752,0.5727834272597387,0.49719212773547056,0.6029457826364143,0.538460172975985,0.46819502440143945,0.477388155117666,0.5249368840816713,0.6797596968429044,0.5212329185549797,0.49277116074953003,0.5833455074348626,0.5277118272108691,0.44675908305967055,0.5263670865804023,0.5705182099293945,0.5431484318400046,0.4365964261472739,0.5767674583812391,0.5952705234295602,0.46567525231561485,0.722714338249426,0.6468304800321477,0.5018376886448532,0.4578337693490875,0.6457162403247771,0.4702615131138996,0.4471069927659961,0.48183074645189183,0.41479492150166103,0.5875540099609061,0.4088991914644138,0.41282415449500404,0.411884377332914,0.449127535175005,0.4925114440710909,0.44262698985207005,0.5557604802983639,0.4770158245541031,0.4163663446885879,0.47377783457708067,0.49922294971821146,0.46521472212834136,0.472937939039581,0.42660309853200606,0.5577374654999793,0.5003935617461297,0.42278848125868024,0.49921819682175417,0.5299746142359673,0.54854836814471,0.4788082791125685,0.4723951688768961,0.5310902517855889,0.5243915588400561,0.46128857034659204,0.4616816740423944,0.46413182161304256,0.5673471851374321,0.6312339176025246,0.5392844305460575,0.447445737606891,0.48128516727290943,0.6660109128159325,0.4275155250536739,0.6157001279485531,0.44895074273699165,0.49285523678466925,0.44649153960317545,0.43398916828627043,0.5597873594842345,0.5566720961221016,0.5082781272780011,0.4275842254520762,0.41171639402471577,0.511464276985143,0.5030965543938163,0.5534556855842687,0.7197298611607877,0.47256448030722187,0.5044565567482264,0.40819536525624434,0.5293100683685465,0.49248239267101884,0.5495252333272291,0.43136666573212684,0.5492808947740826,0.4888024134306549,0.38934312176997143,0.5232142647046113,0.5035689348537379,0.5804701757068751,0.42993767289740675,0.7175343770327062,0.4162151321360095,0.48269117691917474,0.6279484715245075,0.4266155478818812,0.44935872497663276,0.4148187527434077,0.3919516984634846,0.5336668600010989,0.44568617423021584,0.37210684639253155,0.474110615877988,0.4930586592137574,0.49643903819513285,0.4847914041617148,0.5460031231657322,0.4456905045409767,0.527445220206135,0.5104982598213849,0.5087482499452979,0.5828481998851525,0.531398866049722,0.44317377891563076,0.5665054567658072,0.38641574191867195,0.5337014522902893,0.6251906873346155,0.43118982703811515,0.4433606440508561,0.6693864280506961,0.46823525134114813,0.4511476572531585,0.536961243289882,0.522816189207306,0.46151302013339396,0.469590738852099,0.5454037316541627,0.4211528245592996,0.5116495679942601
