0,1,2,3,4,5,6,7,8,9,10,11,12,13,14,15,16,17,18,19,20,21,22,23,24,25,26,27,28,29,30,31,32,33,34,35,36,37,38,39,40,41,42,43,44,45,46,47,48,49,50,51,52,53,54,55,56,57,58,59,60,61,62,63,64,65,66,67,68,69,70,71,72,73,74,75,76,77,78,79,80,81,82,83,84,85,86,87,88,89,90,91,92,93,94,95,96,97,98,99,100,101,102,103,104,105,106,107,108,109,110,111,112,113,114,115,116,117,118,119,120,121,122,123,124,125,126,127,128,129,130,131,132,133,134,135,136,137,138,139,140,141,142,143,144,145,146,147,148,149,150,151,152,153,154,155,156,157,158,159,160,161,162,163
0.0,0.36565538936965747,0.44579902412844524,0.27950048364338465,0.4148938549628849,0.4588314222804135,0.29940056494684575,0.4347276658277997,0.3735825365521788,0.4230631548920919,0.3233887412078974,0.3246164578386111,0.5211322669201164,0.31737687420511684,0.34176387506049677,0.5008574489904156,0.44098999196497446,0.453009669748177,0.3438099082773171,0.5960395159212339,0.3731958228755402,0.36242366166016465,0.3365359927233105,0.25542088691880793,0.45168791846207457,0.24822879388701558,0.2412930722291569,0.3731483884070043,0.30283231155378204,0.2948845313423719,0.38523713217140154,0.46683555996422343,0.294645357757536,0.3411447629988939,0.4649175010174758,0.32073981911766075,0.3830840222098276,0.3880652687709301,0.2768853012432459,0.29359996443588654,0.28998159957257524,0.3386406382365437,0.4149205342496365,0.3510230812433577,0.34907048063230406,0.38248841715494264,0.3709731895140721,0.3430712726554997,0.365994706153896,0.4545214216632346,0.3974097709816175,0.43550987573061933,0.30893706440103735,0.287635410931882,0.3090310639792508,0.3293544905431451,0.468101279451951,0.4345258648943294,0.36521523440157805,0.39327371150989093,0.3507521318445192,0.3148649690880403,0.3896160451433762,0.3342144047054831,0.31627979110914595,0.31762360435162523,0.28665189081957126,0.3851800680321364,0.32117999219141247,0.5071567109249877,0.4886707529948176,0.3347300137089158,0.3217318926092465,0.3713414669888385,0.4440574548200247,0.3184703074886506,0.3064428632372969,0.30564414954891644,0.33390836702644483,0.28703002245482184,0.338340326745556,0.3876189225629462,0.3644185267242903,0.36052819431062294,0.3298290640667924,0.418315482211699,0.3435638314525252,0.3956395967206892,0.45600863966485394,0.2546419139178933,0.42248569092174787,0.37118083928980583,0.4408325647495713,0.3303724509670127,0.38371170984775765,0.31544125431874487,0.26210779052021793,0.36616391739094795,0.2751971487234433,0.36429034924391923,0.2600703168441118,0.34726934213564353,0.2687151218055981,0.3875003432376262,0.4449065883208809,0.4882470684759315,0.3773568650809789,0.448183619163766,0.32685350068520647,0.3278516633294802,0.3081576642170112,0.32783184349774985,0.3953829396075949,0.33789825455657124,0.31909639714903604,0.3735651599206603,0.4003414115805429,0.4422132982995708,0.34329014465601043,0.3514961356985592,0.36069698627187996,0.33342832272746364,0.35674558162497266,0.4263552871604449,0.32780473862009035,0.32520883307885656,0.32568648820097673,0.2887902240548986,0.3454763586696207,0.3062091007625584,0.3221226155639305,0.4051280977263338,0.30940257564373913,0.32532291596543556,0.30231069256879506,0.33003434193597925,0.3463407588000737,0.2809276062676759,0.3024866633336152,0.38780689609296637,0.27351430406695115,0.36315394797221384,0.4337365906167485,0.32608266837696687,0.30214501343087036,0.3222440791994192,0.37134736810763663,0.3210145854192014,0.5077214905619136,0.24909465480272602,0.35710444507936606,0.3607715925796787,0.3099615439817394,0.2643223745610499,0.4023049194721412,0.3790978901456344,0.33169460317672506,0.35136484687743536,0.2659822887177436,0.3591774208007397,0.2649966616495026,0.3662854479737973,0.271744649054215,0.4052283433868708
0.36565538936965747,0.0,0.4745759552708807,0.36767853012429796,0.3041253951447382,0.4382504546389775,0.3483862084954275,0.5873639561753043,0.30357011755729485,0.4931898383524299,0.3149867746860097,0.36865672021772106,0.47996079422991156,0.3120407891293202,0.41940587218018643,0.34998521940535754,0.36633636157093363,0.33892925843452393,0.32854359100188224,0.42147367312113315,0.3434420410148166,0.44131124446635434,0.3645985699517368,0.38618699994243627,0.3624631643334058,0.2797918730046477,0.2569094796356712,0.38079103730274944,0.34541900319251717,0.2450611034715085,0.361993774365813,0.32434047073999267,0.3954796855761448,0.29672927250714465,0.3600936452643313,0.3225506350860629,0.36024289881221866,0.31257405250568626,0.3109762510328457,0.34205780215218445,0.4130268566847162,0.2767417096452474,0.28387034874490485,0.2965737815898463,0.47744511970802,0.37299893702967324,0.31686894996555304,0.3007669650843475,0.36013800875546487,0.35799561896863014,0.35370461741432524,0.3879748730178243,0.2887107609110919,0.36893308136354447,0.32006741184273463,0.32273474480479636,0.3821095999957027,0.30242932545453205,0.37014355142189154,0.4731338443063824,0.4507874372033556,0.24441536465672387,0.28881393012933493,0.2519152437676507,0.264850084443287,0.265228920933942,0.3354584043471855,0.35726578678567966,0.2621975886614782,0.3490082387385123,0.3643920199323888,0.34074260253867744,0.24711942727523262,0.46146600125994874,0.32813297145769976,0.2468384812190072,0.32590561125334844,0.35572655362455413,0.31002447217968004,0.2558564496992378,0.2647029771804517,0.34640564341301444,0.44126199034255353,0.3416558146517921,0.28105450568867335,0.5663399828361622,0.2826523443736122,0.2901397960050709,0.3526337375765521,0.3248315122757143,0.284612426684616,0.30417122039469513,0.3648635597225044,0.2962386752702226,0.32180998952148476,0.37015682771080455,0.2502242046370566,0.31841721034203935,0.22550670231948922,0.4477103365804568,0.2953060205059514,0.2683760298253718,0.22053033832871527,0.3447867675316488,0.3062391019012485,0.4371933700583566,0.3112358412575617,0.3826775601444144,0.34281041349349395,0.42759653971188544,0.27513461315925747,0.26605465745912804,0.32553743022056064,0.2505724851922116,0.3476490415291379,0.588108464574854,0.30098108159402476,0.293112533147628,0.32500417329709974,0.2622306416019464,0.36045316328116817,0.2953579828417244,0.31686440154358875,0.40643536637613753,0.28518794290589305,0.41526923362202384,0.30106034872940035,0.4102754155321314,0.3692674292530586,0.31883027092675736,0.2777242041652634,0.32598533269836516,0.3215600316707548,0.3054837338085965,0.32318168311562767,0.2636492773969384,0.3471791645798796,0.3269037052874777,0.32878723317081926,0.31468046836074237,0.3020544855838644,0.2597231576363027,0.4252383969598033,0.264860145259777,0.2825855243055193,0.276765655358257,0.4328323840443085,0.33281647590867075,0.39242304746365636,0.20089977494281155,0.3107929285786069,0.2767307542254491,0.2916143864763278,0.3375127013166881,0.3314638151464319,0.3805837430871435,0.46170603420383377,0.43724268104025255,0.30752713246562735,0.28223960947401705,0.27681111032953604,0.31840799652858043,0.2369283489724287,0.3354611551941341
0.44579902412844524,0.4745759552708807,0.0,0.3549447914542656,0.4328607355430953,0.3658009755354396,0.3532566889009268,0.44019297674926555,0.32634985181585363,0.45840246572242005,0.40551140930006624,0.30421435224814447,0.495243252050646,0.3822844014915111,0.36711688611582255,0.4448159050109576,0.4744443064517917,0.45004959646770115,0.29842354444529723,0.42303165600740633,0.3554609762535426,0.6150606459555384,0.4021480217340707,0.3310685601754834,0.36384682353357495,0.27893417557479816,0.27587193360890633,0.4871100159112498,0.33120346421667757,0.2576968120083155,0.31101776030594064,0.3138972792905517,0.320471946257668,0.2972199772410508,0.41095202340269427,0.33035429297606345,0.3786560197925132,0.3597116244919758,0.28690250267964634,0.3447211508990006,0.3360977062767409,0.33699128862479305,0.2870256044538394,0.29624877172313047,0.43300951927867637,0.35151373479206843,0.27450582445235383,0.3116341964458416,0.39401848457234,0.3651493298424813,0.35206601308152097,0.35742577487518606,0.2695475454646911,0.3657443210437864,0.32017036651669517,0.2845907173858317,0.3454642145608614,0.36012155612462704,0.37527355515852684,0.42112470249743683,0.3831587214922549,0.2361718841613766,0.30469145248561086,0.3021792901055274,0.2653428807504941,0.26112990362044675,0.33136159252448044,0.3501106106851558,0.3334272513476328,0.45729326957763616,0.3691120469415839,0.3117581794948976,0.31197380860771334,0.5133408220782637,0.35225437067360554,0.22848632231959018,0.3460298760499603,0.33570437427132116,0.2764734713835601,0.22640474962198742,0.2510254582769736,0.3734192066072507,0.33768757522771936,0.3221028501027812,0.2835545221524125,0.48859467945039237,0.27941597107233485,0.280799204644252,0.31199635266981846,0.27146279179500094,0.38048725351324825,0.3062080384919981,0.3656782065780115,0.2602278022448593,0.3716745942233068,0.31304338973102014,0.22402522078783238,0.31325240020288325,0.2399185671256301,0.39501801471843095,0.27304233975036435,0.28933999208606004,0.23384382865997652,0.350142996930299,0.31013995180499393,0.40245843348882376,0.2945231584011932,0.4388378087370653,0.3116051664738553,0.3827535933479775,0.2881938341838202,0.2745409426023633,0.3369646840003415,0.28566161735277207,0.3012619615308169,0.5270581348004217,0.267815083174895,0.3494044500533463,0.36000900756884485,0.31971906988938603,0.3682517154041025,0.2822619983610971,0.31571840286353287,0.35944160896766003,0.273095486795221,0.3280634508050174,0.31233566318361433,0.32667059348604877,0.3624683783340776,0.29792925438088813,0.2858659079086653,0.3786055112074865,0.3019886302101438,0.30703825959594766,0.32041281695264673,0.2511224650651223,0.2685362596141865,0.3116269864611921,0.3440134459785621,0.30765936802295024,0.267349167983642,0.29659771432838145,0.431988076745372,0.3050728721547219,0.27318085943079595,0.27670083267251133,0.36444353207140767,0.30002589386215606,0.3973420676646192,0.22527389602686293,0.30046142175709345,0.24986159418745746,0.36361776150653946,0.30917585815073506,0.3304727947113111,0.38190782734987944,0.47002345196940154,0.36520925963062656,0.28725925984906947,0.2881727949590291,0.26713238636494924,0.28113781687069833,0.2406030090954475,0.42714479447401166
0.27950048364338465,0.36767853012429796,0.3549447914542656,0.0,0.3302453707432493,0.2734747965741085,0.387588292388381,0.3195226212911054,0.22472794290710701,0.31810077135718856,0.40865478564331265,0.30569110471687333,0.33744538899132676,0.3519509827342792,0.3651807218696842,0.3214803616584689,0.3526846945623613,0.2967437244046101,0.28708432546405954,0.3158339125729678,0.4055913248704749,0.3815606591870547,0.3705588718908625,0.39247811908782676,0.314449732269323,0.4200160970244087,0.26561788435208444,0.3349299262463906,0.41343379920684104,0.19084346347178152,0.26296666833823285,0.2745029824733306,0.381970653639783,0.3064539765907501,0.3575866225703868,0.41913332901332556,0.34142964794448544,0.3161568121547264,0.38850007221210214,0.4335798456776112,0.44490671028057066,0.24840301585216118,0.2965150331068792,0.3708030020561589,0.36709307376739236,0.3082001772366844,0.2197961290110651,0.4200731128397056,0.3989539823103525,0.3414920731797477,0.38337752252895557,0.36941373031599595,0.274255387546108,0.4723417559582766,0.41509465883210933,0.24890814654293156,0.3761832346528509,0.29316804460501344,0.3894213411502303,0.4148757395171133,0.4426638906023212,0.2422971712565707,0.2884911690102334,0.3088760599779613,0.28263402392382014,0.27871717048572486,0.44732624747669597,0.26426481766675874,0.26357628976902897,0.284946695677963,0.3216365602599217,0.3365202016118957,0.3071362288306768,0.47551360831111633,0.27952520320854085,0.22638127543419514,0.48985589197152174,0.3841060665443965,0.29088064960945903,0.24470088832175013,0.26271826354750333,0.3535478546227455,0.27373555380030395,0.30431477619569575,0.34988035719796534,0.3263307535804686,0.3270414780834498,0.2978984090707157,0.26704079682986903,0.26424381487740395,0.3357407492761522,0.2778943061515963,0.3514464325200156,0.2944581050563663,0.39638260228790867,0.28203353813657966,0.23998852674445753,0.2828257893313603,0.2700566607159258,0.3456034006758742,0.34029270992629906,0.3414685314293446,0.28818913234684373,0.2707456162808214,0.2920329407951664,0.3096885696118799,0.32604670629468074,0.30349558213100003,0.3557773720595988,0.36242263122722845,0.37290258501390355,0.3458508330049183,0.3677663419840732,0.2908532148915198,0.3295062406472846,0.33130497401804243,0.26864392928108866,0.31066017883096164,0.40912379854669634,0.29238033202999825,0.43623304178297406,0.3312282666173364,0.3756879885538028,0.31210940012682553,0.30177708771455575,0.3237494743982115,0.33033666548534585,0.3478730379021834,0.4334128228820634,0.39071583416159955,0.1955910149987013,0.31680060635467544,0.3657255400461669,0.3584829503026481,0.4202003139797331,0.26527221874372103,0.22783970806337966,0.40372673026999545,0.4308207518804666,0.30503035158504244,0.33287745581867234,0.3051720668789373,0.405481305743013,0.3355808763747101,0.36050777766198644,0.26398470411048225,0.3187666662974332,0.27801260323085913,0.2913351698498978,0.2249590634775491,0.3652518656684173,0.26886829685524577,0.35388319081715897,0.3136876591320442,0.3182131694327831,0.32347061036984603,0.40290833849770413,0.31482870213767195,0.439140594472911,0.30464881880178557,0.2944476607659873,0.2890975167788791,0.2964364964951802,0.3740492431958822
0.4148938549628849,0.3041253951447382,0.4328607355430953,0.3302453707432493,0.0,0.29091816340420684,0.3643767971326588,0.3653674065159784,0.33908617147119935,0.3846010392705133,0.4943763009302093,0.3290141835263198,0.3828203353459709,0.34903003342159555,0.27731379806441575,0.5509456131886001,0.434182731060272,0.4325931545833076,0.268167701431502,0.3688412868166549,0.34153422419103885,0.4078368177179395,0.44782457038932966,0.2612627343059691,0.39432155035030386,0.33233375180904456,0.3182185318767934,0.37729130521967036,0.31195280405504244,0.27131649897542,0.30922917914810616,0.3238949853748239,0.2595937874812184,0.35749214989511185,0.4745324028313705,0.367171313590733,0.41989191139529314,0.4067386933554292,0.3336198528761453,0.2945190033398361,0.25865506609518335,0.4030161623271877,0.3041270198391358,0.3480296223167416,0.33225423729091663,0.30157040623036285,0.25950195996501335,0.4117881415241899,0.45389589421209475,0.3170306038463898,0.3153500776049529,0.3073436406556173,0.2446969531232387,0.2926587588389924,0.35056455217867905,0.29365511010247664,0.3054026331099632,0.4873782251364879,0.3198642666885901,0.3154131968384335,0.3051664345998,0.24284064515638906,0.2709354368050349,0.41001906521911,0.23955618175201443,0.23617510938940578,0.3590410262239657,0.3297752900294859,0.33483325678231557,0.49507078247515035,0.35317820066074684,0.3130605658585995,0.3563380901013426,0.36419110570581886,0.32440852130447106,0.24005178709443753,0.38452281128463195,0.42112704042826793,0.2906442861824466,0.2377233869105541,0.25358110550463403,0.345224982177936,0.3206653950297497,0.310543241648273,0.3094530157225805,0.3623589650231459,0.37647752739787677,0.2970640430237591,0.31403199571194906,0.3029374225222344,0.5711063255749675,0.3246122886410296,0.378821597519224,0.23678259894646445,0.3917684015644143,0.3414443908337959,0.2023283122612145,0.3268362465666232,0.3109231388056426,0.3067768444331844,0.2899482005075128,0.32612832442587153,0.30032204401662205,0.33109480939258107,0.3040056799454474,0.3646144647745491,0.2636912669098129,0.5362498226362286,0.27970851391504203,0.3525747025856879,0.34094045712625004,0.3779834649586618,0.3318413967219326,0.453474092031159,0.27442402956127065,0.34515205915124264,0.27374452321608117,0.42006385901446613,0.3513881425735105,0.47782370964622867,0.4309243042910193,0.3237718368571902,0.33876092422071125,0.3586946097674469,0.3137882306798961,0.30056064033323054,0.28920021885676767,0.32449856720103515,0.3581191264740651,0.270217122365068,0.28477116932617097,0.32158544074641016,0.36184204707448475,0.3632822191719337,0.34113283936653954,0.25715630317715216,0.261691596612808,0.29784920173606483,0.37048057347477353,0.34256278404001533,0.24765038092997532,0.3724866680384573,0.3882779886232069,0.3493702635342999,0.38998838149249815,0.34443466373032733,0.32283214743825245,0.28089462236024365,0.3780457501290123,0.30081428393394555,0.32711167438692684,0.2639923484934794,0.3980369565052216,0.26684673116530355,0.38712955772759844,0.4012602073045107,0.308886726820295,0.3636153629287762,0.2786169335199132,0.31805684858756106,0.2428696917448555,0.299054543761772,0.29602973763875756,0.5797785278753685
0.4588314222804135,0.4382504546389775,0.3658009755354396,0.2734747965741085,0.29091816340420684,0.0,0.26342793241295037,0.4548654100392357,0.3887446572174306,0.35808013119844123,0.26045171555274765,0.3774650782768152,0.37119016392924487,0.25114057056640215,0.32206132055098785,0.3529697656827301,0.35121780335141367,0.29723088721849894,0.46494331702045366,0.5507441335456384,0.39314062632219793,0.323395626889486,0.2755427387682957,0.26749957723944356,0.41350781010913373,0.22403449122910785,0.20557904087193793,0.31610638168936356,0.2686580666895779,0.29597029846328315,0.4076362878169926,0.5140273274615047,0.30384297974331115,0.3213583008031891,0.356114901590882,0.3038569095522498,0.31944149735374566,0.3144510757302339,0.2899625486257037,0.2607406365003705,0.3069994421723922,0.34983498033971583,0.3560616236059605,0.30761204800101305,0.33283843259468965,0.31868056342163553,0.344171170865108,0.2888691751467216,0.29882818894697105,0.4331855688946059,0.36115318140068686,0.4366183453305646,0.3095953394736165,0.2842778577673693,0.27306647383541355,0.3785228551335002,0.4824102654971544,0.3998412218696199,0.31077681681060754,0.38319113773375657,0.3648014336716813,0.3419880341674445,0.38895431372528155,0.2636496159441047,0.35236496975220816,0.3212924669057351,0.2569643919743786,0.3359742881407586,0.2419047979339719,0.36029112138201413,0.39941452833378494,0.2978802508037846,0.3161079743655464,0.3512588655008708,0.39255839892971484,0.30045372270186954,0.2742631447670182,0.26976022007831035,0.30312511358629046,0.32656142250715825,0.3570209615086441,0.43697036616886303,0.3424054906904819,0.32020055864474506,0.3851249596981223,0.4366044363005765,0.38594568367486065,0.3404743456724988,0.3861001848895339,0.25994258628918177,0.2965580615455412,0.4097617372257538,0.3477366935388206,0.34762997718036776,0.3296332546115178,0.3083220645542503,0.34780472570982857,0.42844242179896563,0.29774907099178494,0.3437319237472291,0.24783517539551916,0.3213730419525859,0.2670182551961717,0.3595954987050213,0.4407918154095148,0.41547594004996174,0.3696026661031381,0.34817977980563186,0.2753939554582842,0.3363464821958963,0.30294844750131317,0.3165584505286087,0.3824363180677571,0.288145155282413,0.29385904341974073,0.3512785176308424,0.45355709307424247,0.33506855666771496,0.3338332108041971,0.2805360294969934,0.32211435077461353,0.31539001924430077,0.43772048186214424,0.3684205756285881,0.39869962417563054,0.30087723177774917,0.3938222846989884,0.2739879963112381,0.33043791703072056,0.2610392920634662,0.34211020109141005,0.49348439823746487,0.29263275734055216,0.3696695540619084,0.315333853010193,0.2892457033860977,0.32525218165348135,0.25210107112480096,0.2596560142126824,0.3546030763793129,0.2478877021832525,0.3454564540621783,0.4241486751895491,0.35112974389922647,0.28088955423091616,0.32281252655694875,0.42566103907573216,0.2831317833904314,0.4858551541955552,0.25471554308224176,0.37065203946489733,0.32619372347407727,0.27022412569075116,0.24011431650353024,0.3590132100511085,0.34446376396751766,0.3328865260401355,0.3305059002115451,0.24012652309960847,0.32280606599282086,0.23247190281727426,0.44839604959240675,0.3016493033618157,0.3257407880294531
0.29940056494684575,0.3483862084954275,0.3532566889009268,0.387588292388381,0.3643767971326588,0.26342793241295037,0.0,0.3350046820003909,0.24638166790336163,0.39150734203775844,0.3230974016123218,0.33115322161046395,0.3952817866458087,0.31519680301521946,0.4253543260167412,0.3209564220085823,0.2682152321473593,0.30155671462761785,0.23893551697476736,0.2746448403890621,0.29999908178747264,0.3595724780705666,0.5243770101652109,0.4013056348469821,0.3822177783146641,0.4508477666449213,0.28928954590160133,0.2794095075946925,0.3115979790378476,0.2160817026155563,0.35250715427793883,0.28777974202963497,0.3358153232050593,0.37736435145640207,0.32326311278277664,0.3250555759113687,0.46006165213106576,0.2678860543558146,0.32464142095676773,0.35902064956322366,0.332928964918103,0.2627176480402271,0.2984382333762362,0.34547539753825296,0.5345653072640348,0.34995378645798586,0.2994759852000729,0.39982876981736626,0.46173434445123274,0.2582398221362199,0.3166416401594018,0.27344546278707954,0.20339420395155755,0.3363250490869194,0.3775549287231101,0.3003680093467937,0.25840101741191523,0.29028186449608573,0.3371048426796232,0.31329549402652995,0.3051721868560556,0.23885119666779525,0.21784644190167843,0.2916224986347417,0.2381885406010745,0.23732175032270902,0.5503095267990062,0.3966977511054779,0.25653395553733865,0.3103727214989929,0.3456693020582104,0.2920441176741876,0.2562415109699108,0.36896020190783374,0.21886718270504144,0.2483218762282844,0.4432884261137355,0.46566986841136654,0.2882720261144757,0.24165331670170753,0.2498000573456074,0.31204974791278617,0.3179209254803944,0.25907010250751283,0.2679226668206878,0.35042286115992793,0.318126663458046,0.2851083754476477,0.31640549378837,0.3349628630898422,0.31809327453952896,0.36245057653219953,0.2918392099708625,0.24269907582255007,0.3004917587022056,0.3878224833093045,0.20156869400086658,0.36954210400397264,0.2479257100888805,0.4174095980364454,0.33268838753022434,0.3415329451171584,0.31967397070510345,0.3651070066048082,0.24057711801968296,0.39260946378169176,0.26483459666282944,0.355690131833427,0.3799576629767955,0.41645118426535643,0.34011363247589693,0.2922525368621806,0.31095287818263523,0.2552555979909275,0.28446082459463884,0.3283169882067338,0.24972662953473151,0.3305929598712487,0.2993588098958262,0.2733786082734417,0.33706810963601774,0.29849178579758723,0.2897714335445915,0.38492079909988425,0.2577206002075555,0.38700708964715685,0.25980083957734795,0.5007696079601761,0.33039770783893463,0.3399843340539637,0.21601522760076428,0.2353805324253699,0.3077245881268736,0.2557257759954432,0.3382425282234123,0.2555997824117419,0.28606440689073814,0.3901771601662382,0.3906287397409677,0.34536344166357913,0.3129884163219006,0.2682868635072524,0.33647266852093066,0.257167018686084,0.3581753980391078,0.38155347013950475,0.3110066410112787,0.32139879727592435,0.33640880848632226,0.19803353971847718,0.3317275529366378,0.23357005054379124,0.26235250037982977,0.43105354694630266,0.4038176128075845,0.45118649742073424,0.3689286734816686,0.4506661031346381,0.3282638545796492,0.28815784041545905,0.2905375852561841,0.2538629219015698,0.29379425026076755,0.3242202999333848
0.4347276658277997,0.5873639561753043,0.44019297674926555,0.3195226212911054,0.3653674065159784,0.4548654100392357,0.3350046820003909,0.0,0.38269504656880926,0.530626354710935,0.3187606688588711,0.4303560745052533,0.4179170793536259,0.29537483313372015,0.3734735208179825,0.4361378769622212,0.4141375976011188,0.32943147259471695,0.35076638093618073,0.4616055176550073,0.3880473077298197,0.37743653511318687,0.3512467571962885,0.3334927595514953,0.4655409592266057,0.27161049969728784,0.24659282473802982,0.36834238251579304,0.3247201193303652,0.29216273186888264,0.45580461546404777,0.3644666808575877,0.3380871725470169,0.34194008354953737,0.4423358748324207,0.385103510796018,0.4293004273245997,0.3848893915199356,0.34892832870675405,0.32930699262745217,0.348452657904809,0.3247139123849215,0.32350063330427653,0.362800543941706,0.4346962409147423,0.36895231389386074,0.35638252861413233,0.3682523214279411,0.39335617258274347,0.3771374203083117,0.3923896573448872,0.40896926954515045,0.29526032906941196,0.334150481568765,0.3365660515223605,0.38871571528404597,0.40303062235379955,0.37965274302499163,0.3683586855714543,0.39810572755221046,0.40933060512713654,0.2679097655452963,0.31123357389620004,0.2919742618538016,0.2760171772156462,0.27496839753748337,0.32326008144754803,0.41731620299608646,0.27144378147574316,0.45250218763853123,0.43642257226839776,0.34812625695485855,0.2767696931665256,0.42733279596869694,0.3467520378812687,0.2710555080160298,0.34603870697624595,0.3385432084281879,0.35912522071154335,0.2856926176038621,0.3064657971974242,0.3915860917016347,0.5196022629753531,0.35553029647569157,0.340300362550683,0.689227704988742,0.3420061195921702,0.33127371623133217,0.4004333456902153,0.36159434686048014,0.3461495239945687,0.36279737939398315,0.40080106780617436,0.3037534684860655,0.4021362455453555,0.4691260393070109,0.25386468189179323,0.3850762685349471,0.25674078943674894,0.3833551037749508,0.2990354564458937,0.3210032031591577,0.25666760153344986,0.44690820194888403,0.344877268036502,0.4914762434954269,0.3249845638262615,0.5035110371516394,0.31159457047166295,0.46638556758490923,0.30080245892014235,0.31694996017911015,0.4052393995466354,0.2984761230555269,0.3241483593064427,0.4695835039192758,0.3440689190960277,0.3574094109321294,0.3660375874759526,0.30576113931935084,0.4026085008109157,0.36229190576386733,0.36957025037901003,0.4672263914040655,0.3393812438789428,0.37150826120212627,0.324839222658144,0.3761412231819359,0.4299967170540919,0.29422178791419956,0.33217630390967934,0.36688179393075115,0.3654934876881601,0.33582450443430645,0.3626947406093576,0.2993933799531934,0.4074426135051226,0.308743296656397,0.31792086476926,0.3979032609773236,0.2801070342007112,0.3011954788380228,0.4872073025924866,0.3019535115097495,0.34178599309067015,0.3360851186942462,0.5348926573014368,0.33049107327624794,0.5244605016546656,0.22867650163250888,0.3806975713573177,0.3194587112349055,0.3059546776623694,0.3271568418676125,0.43004594590035883,0.4752895293203261,0.40520579659275396,0.5237954443490449,0.29598457840720316,0.3312701877493547,0.2582566602396025,0.3790787809867129,0.2834870902564979,0.4207509907052534
0.3735825365521788,0.30357011755729485,0.32634985181585363,0.22472794290710701,0.33908617147119935,0.3887446572174306,0.24638166790336163,0.38269504656880926,0.0,0.31510702610023816,0.28893483502526796,0.3516204045327895,0.29471391457533563,0.2561321063698628,0.23747183053295673,0.3906177764801065,0.3284181276361705,0.2859053345076213,0.3065512028053379,0.3432510354795558,0.299897968074187,0.3310667185176043,0.2750932772355929,0.2316633806254571,0.37987114045043907,0.2099501528726074,0.23914613616656843,0.301073569695953,0.25195051343178326,0.5231063346535557,0.3619495567119244,0.34369345174409627,0.2193414388690204,0.26075610159567075,0.33678514244838703,0.25557263224352844,0.29321374854127774,0.33978671606734145,0.24076644124157895,0.2265697225154628,0.22628827746817493,0.4964357241197668,0.2684613964989305,0.2819698002064261,0.2777710231453969,0.23733898635542489,0.29261927612524163,0.26745904254356734,0.2760182852289595,0.2722560394377511,0.25782399575472864,0.2670739386470877,0.21710583124174057,0.2306787778014789,0.2448092703029656,0.45140037328889276,0.28544791805639724,0.47981479391680226,0.2361619076679096,0.2426460413126706,0.24759665139416334,0.2535438100658032,0.2676607148704378,0.26847341131261726,0.2346700804045549,0.21999388070391893,0.23051702644362307,0.2696852918303614,0.24860580463039547,0.39883117229537574,0.29125885262329193,0.2359378324972282,0.31285311160091867,0.2622404109649709,0.32643885823003527,0.23044977140478404,0.23754490781076412,0.24650344248246134,0.24357118072640851,0.2642549065949358,0.27964278838981627,0.3284983339810242,0.36683165142589785,0.257914087566244,0.31919548531394737,0.3512567694359502,0.34854733514959113,0.26512441516008667,0.2742704433493426,0.293577461698828,0.3579392460605133,0.3429572780948386,0.282334624784111,0.22835429896913712,0.29110620228458023,0.3212218883974219,0.22855749286959498,0.36599297897722627,0.272431041236356,0.23690227093636143,0.22525611090645792,0.2880520597927644,0.24994532909018627,0.3143663353817853,0.3045029293060858,0.29447170868254396,0.24031258233523545,0.4323406235567008,0.21832827123049467,0.29231179819097325,0.24434727845293489,0.28905519501275295,0.3072936459392305,0.34820814791863985,0.22444309483178468,0.34725519853934983,0.3135220170881023,0.3245694249088047,0.26696761117788587,0.3122497733473273,0.2956007178774468,0.2920866064946996,0.33298692950400827,0.2867604456361642,0.3552261221701143,0.24825881845736292,0.2911557985330197,0.2760971993054274,0.2745471074866011,0.2119654581445508,0.5754099472519781,0.3837659923730791,0.2692724198761086,0.3054162759064141,0.2529443408910907,0.23039470912355733,0.31136289382857507,0.22578542228094298,0.24436428348921457,0.32518249417169137,0.20398863526035474,0.33895466535049196,0.3076916629871433,0.30272464646704395,0.2578621505805449,0.30339787682488856,0.4191906662436175,0.23057759880491133,0.3934809490292948,0.30252970645484306,0.3115795239661118,0.25875665850636653,0.2774083093739814,0.27722727467150404,0.3386749621094305,0.3143844820768956,0.2726217280207504,0.34742791510804993,0.22119431704445744,0.28030050528295036,0.19256526757695383,0.3514724626403938,0.29034568829849033,0.33469772731783304
0.4230631548920919,0.4931898383524299,0.45840246572242005,0.31810077135718856,0.3846010392705133,0.35808013119844123,0.39150734203775844,0.530626354710935,0.31510702610023816,0.0,0.31296608316506697,0.31828913719491275,0.49182395801971834,0.3461883359158732,0.38187605778656053,0.40439675385219176,0.3614700549576634,0.4172053055961892,0.29462014437853257,0.37841304270449583,0.3282707838678906,0.3770031500782544,0.4721702246301166,0.3211601740125521,0.4850542057030524,0.31183018231928705,0.2854667694303823,0.3539434346542822,0.36686559242632366,0.28571527704845295,0.3920329913901869,0.35901018142600544,0.3108032560212653,0.29706301222423603,0.414178304920268,0.3261277967315186,0.5261990780017349,0.3572957123620301,0.2748216845768332,0.33189972850459426,0.30927884355368057,0.29205031163057216,0.3612805499378399,0.323696311619529,0.4354794591152996,0.38327312643816347,0.38124462112571716,0.3633392389737958,0.5109525643180726,0.3322490878690092,0.35536688614276934,0.34094971333556956,0.2551058520246398,0.3251242904795538,0.35368826789860985,0.3575519886492135,0.3423171600694599,0.3067065368339699,0.40360260179077834,0.40111746447464053,0.3808224496542695,0.27174221301636386,0.27862316831441697,0.29068689099510586,0.2571389123104724,0.25651211817652586,0.3253960693774095,0.5088053257097422,0.3429513865406866,0.44817334798624114,0.3972239170690373,0.42365151499850917,0.24662341954798142,0.44574449288963985,0.28064835745484673,0.2857274462317564,0.34921351047684723,0.4147162998709156,0.3233799883630237,0.28260958537031544,0.2762703619454954,0.3395577048821438,0.5279275638723402,0.3814148885821558,0.2883628228353374,0.5414637359179005,0.329654764174657,0.36948551173234023,0.4210540064323832,0.30821986447684163,0.3464881977446617,0.32463809144795164,0.39905029622338606,0.2589264603985154,0.3496042946328099,0.44744557455968675,0.2162938672249509,0.3375165888554173,0.2697876601155686,0.38773809210554594,0.33368069532991673,0.30757088506340396,0.2706786816688763,0.4450521444444811,0.31676881758884945,0.4809331266720812,0.29023875400080745,0.4550036874466488,0.34253879325938813,0.40468488442234296,0.2740058872592057,0.29362762691917527,0.33938110245762504,0.29079377934625716,0.333285108890591,0.4166548181860743,0.30414981366303473,0.41551232126183496,0.3211084296958713,0.31444162947665966,0.38502755505777636,0.34226329410729456,0.3084796388634361,0.431176752619837,0.30969050612624405,0.40892908383338716,0.2844477987146158,0.3842992732834994,0.3675180556023517,0.3617891685776578,0.30799365416547125,0.2981138859970387,0.38393389195135275,0.26664207338102824,0.29838314223431794,0.27965028143575665,0.39252123732393523,0.35747587050948204,0.36388920985646445,0.3694721757504033,0.32270834983832114,0.3079588546019921,0.4013111916046251,0.2666239464602297,0.331293097710702,0.3544252155110108,0.36646708441258297,0.3765936516156882,0.5216862443342358,0.20493136921576463,0.30724699997093624,0.3127620686646055,0.28051414591426777,0.3506607048443354,0.3602137918256908,0.43759030930441023,0.3793350543299919,0.4940863140754094,0.32594938837679627,0.35103400612284497,0.31270330189974416,0.3684348643360388,0.28045528169299216,0.33900098269952794
0.3233887412078974,0.3149867746860097,0.40551140930006624,0.40865478564331265,0.4943763009302093,0.26045171555274765,0.3230974016123218,0.3187606688588711,0.28893483502526796,0.31296608316506697,0.0,0.2981631643199794,0.3448831622172586,0.3643530529680717,0.27955353603300565,0.4169742576182381,0.4683677846976108,0.38616463127377193,0.26502080842469156,0.3271043641017183,0.33012191484881986,0.40900872077614314,0.39023809118789476,0.2718849633260549,0.30160148877471354,0.34280479453306567,0.3205336345921371,0.4870957675169653,0.35430615969374485,0.24685914502486023,0.2551307164628897,0.2798373078349292,0.28241503160958353,0.30507861564872407,0.3948780790836137,0.36021745975732117,0.3182211552708543,0.37843387553320207,0.3554802344134193,0.30964360139290514,0.3109683927993547,0.34716446357232145,0.27069274297508295,0.3287475412646978,0.31846832864689956,0.28779635409964965,0.20899955689557156,0.3640021633684209,0.38809403116358715,0.3116909736302179,0.31803338852014934,0.3010789237083269,0.2547901278479259,0.3472349994141606,0.3682034823157227,0.2374932917805709,0.3295372567570801,0.39726597134155633,0.3500799967128896,0.3591897161720866,0.3573589380877484,0.22202798033251486,0.2747303503939453,0.3541499856170202,0.23351136756385446,0.2342373552799413,0.3706778999040932,0.24911485108321035,0.34651311332451473,0.3586548576310587,0.29879405313815216,0.29930141826104545,0.3502395123460039,0.40371551705352454,0.360125332622434,0.21923707655860458,0.4507220197043197,0.3674885169431931,0.2758845565365591,0.23273808794615602,0.2462497830177427,0.29081006311305424,0.2651194565844753,0.3163157203351577,0.3097740219033551,0.337492629811957,0.3177659624842962,0.271875072080673,0.2582142092784765,0.27342234770501556,0.4689913395928454,0.2605289149489652,0.3695601857732752,0.2526871944506948,0.38372044943552364,0.2729710395651382,0.2084202454249946,0.2649114118459505,0.2774310183499452,0.3050213851268293,0.3157025237093886,0.3105697209296542,0.2693723646205186,0.26299936311363986,0.2919917403093079,0.28842749009232393,0.26193794666577674,0.3854168496049619,0.2674869108399723,0.3037657675602963,0.3357685641834429,0.33733143959293205,0.32593723907175326,0.4248505953923805,0.30438303858942706,0.3620387386319903,0.2623782145727685,0.33577410028531096,0.3454531993150104,0.397319822712593,0.44794394509021546,0.3051798279029625,0.3332611168682282,0.3056404040320237,0.296037572769793,0.29801977797251855,0.28471576736305354,0.305380013693405,0.3733334206957641,0.2798906105010102,0.25038480798155693,0.33668011407293524,0.3687880121298254,0.3786217094906205,0.34915656165166575,0.24867404822019623,0.22308342434335277,0.29383822087953576,0.33546380457981917,0.29717274607253685,0.2680095350849053,0.32583186840524053,0.3241503230129071,0.34286146132097584,0.3638808389539595,0.260853595842731,0.2852799602875037,0.26888345167962696,0.292411598935723,0.311411595675049,0.35125528279174234,0.2553084670727221,0.493104841499462,0.24285347951547315,0.3073566320069104,0.31229675414518593,0.3262289503750259,0.303536034954485,0.30747624253584244,0.2931181945918369,0.2531882832591299,0.2857975534634442,0.2774075646415116,0.5220515289692034
0.3246164578386111,0.36865672021772106,0.30421435224814447,0.30569110471687333,0.3290141835263198,0.3774650782768152,0.33115322161046395,0.4303560745052533,0.3516204045327895,0.31828913719491275,0.2981631643199794,0.0,0.2750793244037181,0.21443923972450477,0.2827267677954037,0.3163800514471655,0.28954854745422975,0.23336741745740194,0.32024111155821994,0.37071751128026864,0.4002167861468219,0.2939642355725029,0.3222820233979594,0.3206459565843985,0.434579834761036,0.2784092226704205,0.23472315297160679,0.27267336028896794,0.23953363844954978,0.27961679325096417,0.42856515703946196,0.30023292495021076,0.26401179143501474,0.44265351355425864,0.3064804871071533,0.3186512839162405,0.3722791122330047,0.2807008220497475,0.4078223139064308,0.2581181709199506,0.2799958692923685,0.3916287888399257,0.2968262172279283,0.34443606687591516,0.3381152866249037,0.28104493292221555,0.331773076676152,0.3418661585422541,0.31437257499165283,0.2972582648279566,0.33953941614606503,0.33430244419671273,0.235184574234801,0.2967733778775614,0.3080303156886598,0.4101185577505891,0.3428604692300156,0.3883020295976228,0.25562219989653784,0.29119321022937067,0.3185553626005815,0.2455525615034134,0.26960056709044267,0.27187944848592255,0.2717383439176313,0.27288487875670875,0.31943306644515596,0.301235708562584,0.20025378008538897,0.31732093157695773,0.34411246302749865,0.25152066020326347,0.2931387229373432,0.31076042483993827,0.28744362746432905,0.25718948941607184,0.3525677244368649,0.34987112515875,0.27168645423363497,0.27105481469333725,0.2811652098567519,0.41226260972379025,0.35322594164380827,0.24398450035856145,0.3273815446542276,0.36585816676835436,0.369816369824514,0.28169631047777965,0.3213993455052516,0.40191521840224337,0.2966829381762468,0.383538202667313,0.2718994913082789,0.3029547975985165,0.30906369102979697,0.39719063661418014,0.24953693298097662,0.4211392846145834,0.26923658377185267,0.2947529697768749,0.26714895371636893,0.34519699095838635,0.2957532518827753,0.35928524886310087,0.27622949845666583,0.3369157847232131,0.31500554531358854,0.37793422824577866,0.24374839074455062,0.4681853708542715,0.440492450139854,0.35760050533496557,0.3515495655200236,0.3351538766435655,0.24319371700888287,0.3126364082165795,0.2993536967886926,0.32097838816080015,0.31689733019773253,0.29025565654199176,0.3074151205192552,0.3416804413354706,0.37264455151828335,0.3395554590505216,0.30250716868526917,0.2866983412454268,0.3057341593001519,0.37545385056002506,0.3237749684767133,0.23132007664995624,0.28657810201397654,0.3176979649692663,0.29575485329521417,0.4195275334615805,0.3758898888363008,0.2529034422844037,0.34101640884670675,0.2518435823826216,0.2570061586193832,0.39035245005794966,0.22248385660532735,0.287532236143197,0.3981612898209185,0.32952389807961585,0.36296466752085466,0.41378797462159783,0.607934165450669,0.2587190385029599,0.38826736901533376,0.24763976258591813,0.42479808567299365,0.27150756546496846,0.27886484053813443,0.2833504284501767,0.44654553164317434,0.3705585000843227,0.3031537886645223,0.4213417218052653,0.2388564734731022,0.2906337525780381,0.2083001123675997,0.30433867699505357,0.3218033828507084,0.3756565515380797
