0,1,2,3,4,5,6,7,8,9,10,11,12,13,14,15,16,17,18,19,20,21,22,23,24,25,26,27,28,29,30,31,32,33,34,35,36,37,38,39,40,41,42,43,44,45,46,47,48,49,50,51,52,53,54,55,56,57,58,59,60,61,62,63,64,65,66,67,68,69,70,71,72,73,74,75,76,77,78,79,80,81,82,83,84,85,86,87,88,89,90,91,92,93,94,95,96,97,98,99,100,101,102,103,104,105,106,107,108,109,110,111,112,113,114,115,116,117,118,119,120,121,122,123,124,125,126,127,128,129,130,131,132,133,134,135,136,137,138,139,140,141,142,143,144,145,146,147,148,149,150,151,152,153,154,155,156,157,158,159,160,161,162,163
0.0,0.5802001573091539,0.5612295836477049,0.5291287130296736,0.5458433732059044,0.5868992612428844,0.5542470565842742,0.5025912051523288,0.6005009821297705,0.5491478844694065,0.586609312378154,0.57181689394618,0.6149970187812619,0.5041493497944483,0.5599071770006666,0.6064414051513715,0.5961511498529977,0.6627356867861111,0.6067088203450883,0.7577490064830051,0.6276258042587637,0.6114413532688365,0.5381829520849729,0.5518459521009482,0.6773805414998474,0.5311578804269212,0.48670312839527924,0.5942083205892188,0.477238655404878,0.5302017414158657,0.6262817137139609,0.6126754700809519,0.526720842958231,0.571898422907956,0.6208546766466024,0.49878534120976226,0.6610667089782284,0.5810371914718849,0.5367648357897411,0.5176892606961618,0.5222564205217595,0.5683398495424514,0.5673340994519787,0.6038063658941086,0.5823393744029565,0.623847007217188,0.5352039865226178,0.5661470618501048,0.6399388972572627,0.5728708661469942,0.5962683139716851,0.6249760090713838,0.5114235512155805,0.571341776513202,0.511247782572681,0.5266923015323486,0.6491233008325941,0.5670501821003442,0.5435010964853718,0.5468634118070623,0.514770167946291,0.44855472944024505,0.5362578214848338,0.46941258958259763,0.5606019815163523,0.5728598310722518,0.5885387892637948,0.6421713059588684,0.5681824769089935,0.5503883318325926,0.6890941891028156,0.5300895594225655,0.5437127313002491,0.6071766611869175,0.5938786456987676,0.6275497236782881,0.5197496551052401,0.5596191739056326,0.5609899414735474,0.4898164552896481,0.5486619944024526,0.658581847744365,0.5812441237451408,0.5258880257603958,0.5380658609825413,0.6479124994866571,0.510562219315271,0.5753489592256847,0.6079472691098715,0.5177704605948875,0.6110776268823922,0.5823911057580601,0.5512715812755058,0.599148325769011,0.5548386973393791,0.614224359055703,0.49528354600970276,0.5746402168255607,0.44151888893837454,0.5790619206871702,0.5140805184751104,0.44320814097947764,0.5223449257456502,0.5693573941617178,0.545418699198185,0.6088972805684751,0.5261477558816061,0.5816713495319947,0.5569840413351659,0.5955363389364964,0.6189711065029941,0.5380756902943751,0.5916725006984467,0.5470389107214492,0.5417361448298347,0.5744649024119546,0.5768044679807395,0.5965595938602566,0.5190396616894708,0.5150063436342933,0.5605375731326858,0.47209865174507637,0.5624593435116821,0.6785793065959915,0.5270238334769269,0.5748264275055841,0.4840775188394835,0.48146574221532357,0.5224845546952247,0.5653152272528912,0.5159486789598966,0.5693769245632829,0.5163200240023615,0.5775858511129547,0.6010349878263683,0.5287317416043954,0.5991574602112679,0.5399695175335651,0.5325873163330722,0.6009277364740976,0.5412914636844641,0.5283684131305709,0.6340357610435894,0.5173504823139551,0.6106039764875373,0.6150934601316034,0.6011962982274556,0.5521573424084385,0.6373378300880966,0.37740759956468517,0.6221039541527653,0.5321292983045722,0.605500697254326,0.4735885836051887,0.6173107952825794,0.6381064193449033,0.5623307671880177,0.5877433706620069,0.5048464051783377,0.532219097636583,0.505240592267796,0.5871642832528444,0.5154115037308935,0.6808377768110613
0.5802001573091539,0.0,0.5633640280295154,0.5029452781457396,0.5121871164789985,0.5482803853125359,0.586304703860856,0.4632610597347956,0.534944991023524,0.6486200934304035,0.5086516785291845,0.581636581781041,0.5671520555739717,0.5253529498299346,0.5289882983219549,0.5484457480768071,0.5648607238881755,0.5508180351575578,0.5093658273540138,0.5843325781208468,0.5349757020416386,0.5824027361406832,0.5760941058657576,0.5831002982299442,0.5963355335228452,0.4834368934864404,0.5381195914772011,0.5550624084266873,0.5731741534237749,0.5109186851569839,0.5494725325758782,0.5282271965124162,0.5555922030529048,0.5525946791084391,0.565915822759934,0.48783377868735595,0.5430501992467681,0.5195712021041667,0.48851919574626534,0.5647668646007231,0.548996313812384,0.5467045838571314,0.4464593696473595,0.519322303511529,0.5583783836164262,0.5684779379986535,0.574410320748139,0.4746947137326846,0.5843376212787172,0.4925880651221997,0.4937634039163349,0.5527864136123578,0.4931010380990284,0.5309348614252412,0.4729559670539848,0.5842319954157865,0.5213747590097744,0.500348799961685,0.5036794672800828,0.5515080103082913,0.45432232106988,0.4229816656595002,0.4356833618553425,0.4686947716017617,0.456753394264652,0.4597761298356971,0.5405757033620867,0.5268269707386266,0.4835099729411893,0.45733274386492867,0.5237344392175959,0.5061884982230045,0.45824030377217434,0.5288065956803573,0.5288615012348167,0.5519669306572976,0.45476572322656456,0.6221087863321787,0.48472434437397466,0.46219634612101873,0.49850633505160596,0.5134858306560764,0.6275914154231302,0.48954236159980086,0.4659662661909066,0.6597636544457613,0.41638970711539863,0.4709469987175658,0.5766895888207774,0.5719263616389625,0.517622037097753,0.5763108258890645,0.5173149714976714,0.5085989218670566,0.4980977687580205,0.6444775710918198,0.4281738988267213,0.5953389842705389,0.4307585147724139,0.5851115470678423,0.5017993841831961,0.37799017676405483,0.44353650880991324,0.5717486541262725,0.4649155024652874,0.5728339300147911,0.46737877233863684,0.6281147903594338,0.6005274007054905,0.6232713937590616,0.5286732661039141,0.4667095051999251,0.49378559682401685,0.5005032145887354,0.49786290147756174,0.6587121655860356,0.5412945478568989,0.5051321638734502,0.4889775688596408,0.5256872018702141,0.5182440323640553,0.4171052822402317,0.5147276342863372,0.615686714934131,0.4690221248368158,0.594541227944379,0.46289818211147976,0.4934161780559982,0.5510411565922249,0.5353708556111857,0.5658728120653538,0.4835983587970023,0.45381077066057024,0.5208054016870678,0.49676036861322465,0.46499660898114126,0.6276635783972726,0.5566614860917345,0.5452811336725758,0.5137872922544552,0.4943980616591752,0.5083363957397984,0.6137133226873128,0.46331730805644517,0.5509669690888538,0.5288084487594051,0.5672494607646046,0.5793011972805127,0.6381861017896685,0.39709124318592537,0.47396118357317407,0.5112135545637597,0.5341785168499534,0.5703404965140386,0.5744588670963582,0.5199861218087299,0.5346030379331478,0.6046761232504266,0.5069303567202215,0.4636751832575509,0.5163683792148706,0.527816911446976,0.4835643712958355,0.5470557121479953
0.5612295836477049,0.5633640280295154,0.0,0.5535591839948806,0.5331564627419001,0.5629466495244977,0.5341798044642003,0.5351655814637574,0.4972264159959118,0.6325534937436157,0.5923453380793238,0.575701558563119,0.6259164211466488,0.4612188407804557,0.5462706853355254,0.6427434857965227,0.585147600906659,0.5809619537400378,0.5276540401501285,0.5418808360363099,0.6061213414451243,0.6778089419397344,0.5226742684062906,0.5501746860905897,0.6121529905362192,0.5458849198910084,0.5221536716870522,0.5555737126860413,0.4959058749506808,0.49935201060483836,0.5210112108808156,0.5509805417284643,0.5481658855698633,0.50330774052508,0.4813557394381095,0.47460208779379887,0.6014687342235726,0.5257565388157698,0.5138692485895346,0.5347903088702045,0.5161661326279263,0.5312714917684166,0.5296425596821587,0.5184202249895302,0.5779546773467593,0.5911129779090873,0.5033292857903592,0.5327176162498412,0.5590625211450625,0.5066469449254754,0.550537699109485,0.5581139964448536,0.4536588209594999,0.5821845297741158,0.5038441268466921,0.479386584036395,0.5341402973501097,0.5876549479011766,0.5030682116797095,0.5028497041154124,0.5266320531421254,0.41573064340788357,0.5090293164409231,0.4271351126079316,0.4658040002912715,0.50278019146157,0.5619003987464113,0.6248492064337603,0.582400101020884,0.5625644949092247,0.578556585242824,0.45209372759377525,0.46977378490796334,0.639876833166701,0.5748161670223552,0.4819472163810744,0.5502081685231391,0.5877545948362913,0.5203044842744389,0.43421778368443725,0.5110849253976543,0.5456842410045166,0.5792920128342127,0.5065561946634144,0.4741573459907488,0.5989308557635343,0.4768778008383799,0.4976796336736824,0.5469981038023758,0.4905015551400605,0.5653573677195238,0.48970681890807377,0.5133760470184086,0.47712857288488814,0.49520668783120747,0.6052658175564049,0.45532885782537735,0.5151619043925034,0.38437620933397265,0.5425600805425344,0.44840080480746497,0.4598754330869489,0.47701175773945487,0.5817196507923902,0.47357179740810396,0.6137430006815893,0.529379595141998,0.5731682132261426,0.5586986592347243,0.5666787649604643,0.554282237364236,0.4714257648313897,0.5164047910245575,0.5214498713647989,0.48770706100832917,0.5686106469272435,0.4823124241030548,0.5544451704406685,0.5251363384172305,0.46693960665372997,0.4888428580884655,0.4737839273685018,0.45996711771096277,0.607448273365754,0.41905560769677314,0.6113084332801314,0.4509116470439202,0.5022258934118963,0.5189332513962898,0.5413155724712573,0.48578126489488627,0.5702156158660586,0.4671100708762899,0.47431646280890033,0.5404015835737814,0.4441935132600289,0.518000660752776,0.49879152333344134,0.5701764091774347,0.5472308381677324,0.5190538779525913,0.4745011812622052,0.544066375176671,0.4816295695313404,0.5483712230095469,0.5223664409649377,0.5567360339701962,0.5985039298356988,0.6059683363920085,0.36144711126542656,0.4986782815461004,0.47171836636572884,0.5650697390087902,0.5400738672918688,0.6229515110509212,0.5831001536830172,0.540240993612197,0.6432276022924135,0.45748850991514545,0.47583583133581014,0.5110183793097299,0.4587799366334637,0.4803933649251427,0.5475108685355362
0.5291287130296736,0.5029452781457396,0.5535591839948806,0.0,0.49885193521134763,0.48372788504582187,0.5371818947155861,0.49084578049706423,0.4419923340151235,0.5118733856738442,0.6210316385558917,0.49104357151521094,0.5695740164166907,0.5214423643205442,0.5426654390576449,0.5703892314255212,0.5862342708038368,0.5939407461993942,0.5232507481813758,0.5181598577774679,0.5857162676828515,0.5543504756391354,0.5276176039988066,0.5099294857302192,0.5293521498158308,0.6416846250660887,0.5465134611559114,0.5988645896372631,0.5074991397224919,0.4220280059578231,0.49682620459952714,0.5225131381650521,0.6588497307858177,0.5185641316438163,0.5170823356925949,0.536567242490568,0.5544180826125017,0.5876132817000553,0.5498009479856564,0.5958549795202531,0.6007142930568642,0.44921076345823585,0.5370376793796814,0.5608507490790682,0.5627789415548625,0.595788726988417,0.43442951659682766,0.5343570818119293,0.5842044900644222,0.5518653729669648,0.6290344159093542,0.5768670535137942,0.49823520598198956,0.6990068643423794,0.5973556825965953,0.41705865751748683,0.5808879914267893,0.535916709100409,0.5563256567775434,0.5584391766863986,0.5656974398377007,0.4449609603376316,0.5444331815275755,0.4626151145207632,0.49902180662809464,0.5481098626610439,0.6410421210811531,0.5225363829969217,0.601449195476362,0.5370241582990802,0.5681659125581884,0.5214361694336193,0.5237155881568797,0.6907105108234628,0.572509202183022,0.49817924932445495,0.6150807366888728,0.5686182142853804,0.5862491655473351,0.4507235714151497,0.5042876790403723,0.5561861285062999,0.4684030060956921,0.5542430259787642,0.534544935565769,0.5505614080135146,0.47646244743184424,0.5618072629646653,0.5442514460986775,0.43642236854762734,0.6115125513938883,0.49158266290170455,0.5717608131959974,0.5275110243468107,0.5848103511788177,0.5142759686989876,0.4899177447662575,0.4820172321617218,0.41718186915663164,0.5874097252356811,0.5206659762923196,0.47279089635392063,0.5628192692934947,0.5265646233729732,0.5346184178032615,0.5540528389350774,0.5748424835690886,0.5010901884502333,0.5899314915969412,0.47754253943785474,0.5887795378651234,0.5442113835109683,0.5496280638086961,0.5746915577029345,0.5799110427205105,0.5234940523156346,0.4864964747982604,0.5198054797498,0.5565252499248461,0.5068124781768216,0.5341559046486852,0.5405441136080005,0.4661480006555514,0.5900432704969246,0.44863662436530427,0.60104867734492,0.48885660879836224,0.4677377237305603,0.5506433024620703,0.6217960066778863,0.413713822984707,0.5347027018798088,0.5394054484892153,0.5262362507477287,0.5475653581243786,0.46828085837956185,0.4409836361779145,0.5719766478925562,0.606199565041164,0.5646269404559155,0.6357045962254898,0.4831947681760715,0.5682506761447037,0.5374275475204129,0.589023116311598,0.4954894793998973,0.4758818334571682,0.574676359240502,0.5067155964361287,0.3712382292904766,0.554851312595342,0.5117889174993815,0.5999174812819049,0.44953692153591046,0.5756547739107699,0.552050403391754,0.5232891126807131,0.5304127913826936,0.5797101857679773,0.5561179857666719,0.5383648597058504,0.4836680296375048,0.5107275697728514,0.5656168148778457
0.5458433732059044,0.5121871164789985,0.5331564627419001,0.49885193521134763,0.0,0.4589486833393304,0.5937260825219421,0.41885799244401445,0.48559918214216025,0.4967894631482081,0.5286462282785062,0.5287943948783744,0.47319858478155336,0.45523173067164946,0.5505930083374877,0.520452404831041,0.5405001228081762,0.5643212869256854,0.5242628721044057,0.523489902747806,0.5914342135133851,0.5836921732311472,0.5467435845767316,0.5479417949300383,0.5297107746496003,0.4995751116628509,0.4619985120682608,0.4835518161220459,0.4768324025878896,0.49783917851912385,0.5025400008624247,0.4904144011465927,0.4965092044645514,0.4762397689728391,0.5234767092993785,0.4814959219673234,0.5007521217345732,0.5140245509780204,0.5207738121370233,0.5177030812633078,0.5404418025893956,0.5184254173622656,0.5138995657338109,0.5650501516241504,0.47403629164829736,0.5215009653640766,0.52608112160904,0.5001852568455318,0.5963018409975462,0.5397022474975565,0.5517624849662373,0.5461227328895375,0.47974525249361805,0.5359071854322803,0.48353591271907453,0.4493513227661694,0.5499831171213151,0.5182643955492799,0.5177363855246099,0.4938191618073723,0.4169651141453361,0.40922105221243454,0.4676546378526508,0.46100312867944665,0.5172960199936646,0.46377616476919853,0.4823614653593987,0.5270281356876602,0.51348215552467,0.45180888765041516,0.5454964150752958,0.4865700017043432,0.4598283526666941,0.5331077713608909,0.4815149824990297,0.47555751273865676,0.47445823140782034,0.6097825276701521,0.4736411047418066,0.43772328529315474,0.4775484640469906,0.5601930233545619,0.5239614900401245,0.430508028703225,0.49005210335513794,0.5215978884164679,0.40799634576619304,0.5034807632799905,0.46894419220019146,0.4404567143155748,0.6205966106909291,0.5202239555002711,0.5593918803618836,0.4821947798989023,0.5261800211785455,0.5192868292913189,0.4217843360229803,0.4885439513154702,0.4268631336937399,0.4736316344161333,0.4554483102022881,0.397154669214306,0.49350136602230554,0.5367247527462609,0.46859243876421797,0.5150292048607504,0.4693916031771464,0.503303902359065,0.5427628000716528,0.5127454644042604,0.5688955441881465,0.5238093243727503,0.4562326276349776,0.4844804304122966,0.46822642810503246,0.5047419577483802,0.4784651359701296,0.5751033642776144,0.48579920734779714,0.45551229313093594,0.5982131052429515,0.4227584651963159,0.46730397277688746,0.5788897935852497,0.4647761416144203,0.507083302809889,0.4475181683360059,0.43904114881826206,0.47663203524716113,0.5289986459206771,0.44211029548463193,0.49850306443824927,0.41746749620428963,0.5057365727637809,0.5053552655194635,0.5000897815684252,0.4930427388838209,0.5427233611463792,0.5058770723719785,0.5532629666346833,0.46387537221512093,0.4742414700128676,0.5642964667648291,0.49997707854750956,0.5486530215567237,0.5326239156491501,0.557036183878118,0.5109273498293939,0.533639926387445,0.36324300224047795,0.4894751683207925,0.49335763269615734,0.6021311181741972,0.48830480487068173,0.5521163733240935,0.49236697349825354,0.46455616883480877,0.5132036479065364,0.4696690817396532,0.47155176647931485,0.4699193907143313,0.48794082958906493,0.4964016733775935,0.6091280990877564
0.5868992612428844,0.5482803853125359,0.5629466495244977,0.48372788504582187,0.4589486833393304,0.0,0.4628110381724666,0.534428968034397,0.5408056345956265,0.5418221256544217,0.5247708344727534,0.5831565709255047,0.5990725667232764,0.4654200197692707,0.45369905045312864,0.6346013660381128,0.5591573319384835,0.4977119382412831,0.5496013326747488,0.5727350237525203,0.5605850264269454,0.5130192636669183,0.45653033736198334,0.4594898017053227,0.6041345353399804,0.49398561959147796,0.4471782206693797,0.5388917314232361,0.46373394042715,0.5223588357052704,0.5643029678687932,0.6444237045434448,0.4857233122986968,0.5604465755570841,0.5017990325182888,0.4796773830961087,0.5981555010626806,0.5329026364075738,0.4956790530461103,0.4458449696469561,0.4693062345691981,0.5374577141526212,0.4928770039231926,0.5238912528414048,0.5499654572775302,0.5437038423194266,0.5057196978815001,0.5192769344217383,0.5008739319500599,0.49398358028615863,0.5218586759937853,0.5789471592138555,0.45779150703408483,0.5237080675333445,0.48593991282198074,0.5516000069022879,0.5370896302940295,0.6073118418729816,0.4487366769056788,0.5079128580498975,0.5352905889227205,0.4705721474854126,0.5160173724773313,0.4327652432806074,0.4553532614237467,0.5164696603230765,0.5267140280225797,0.5550454358359358,0.488087234487095,0.5312444644100892,0.5701993422767999,0.45855489125522353,0.5035177926853464,0.5433666890890405,0.615638599724729,0.5512491910447719,0.5032216434079789,0.5275091937856383,0.5191981398652442,0.5062812455476384,0.5523402458864174,0.536131502139279,0.554169045108626,0.5491153038897326,0.5028464498747073,0.5960497566030829,0.5361420012620585,0.4917669240646548,0.6129529479077906,0.5216844424428797,0.5228884766338667,0.5416410060019025,0.4899432978238261,0.5221374388587322,0.48121825464837825,0.6080212144694688,0.5002745163779415,0.5856531642556491,0.42272461336485717,0.5529583360149691,0.4753312484789894,0.4471849086453356,0.4712346182627192,0.5221106269715751,0.5113516938986722,0.5956577061940391,0.5283158879001437,0.5537566053772499,0.48669283780185335,0.5462487206319501,0.5474235042049199,0.47489461186060633,0.5896610968281046,0.5445714967137949,0.4989119359670328,0.5465297269852845,0.5417398198781984,0.4926006766516288,0.5101123575564238,0.5273897607543786,0.46940926174416453,0.48596141727821957,0.5264571674179774,0.5895657188205743,0.4599499466192974,0.5730083224167001,0.49064473357458493,0.5034657223930273,0.5338832796070256,0.4720697015613807,0.5504156926666398,0.6087880835635596,0.5132575282270213,0.5302705560432651,0.5118050447025306,0.4397737622231384,0.5476674993508063,0.445686626475476,0.4497605623973228,0.5263070346942229,0.4817966352197458,0.5449016311905946,0.5426589576067266,0.48572722152458125,0.5513826808324679,0.5233638550083026,0.5519433556413763,0.5425481182781517,0.5947097767518086,0.40648617817384824,0.5264214798771092,0.48587082417357225,0.4954269602787544,0.4427760059019505,0.586225629261858,0.5513969442872878,0.4883415371549814,0.6119227540996509,0.4295443664554036,0.511490520181967,0.46501442791102554,0.5255116170311686,0.48571042249410773,0.5215958436157099
0.5542470565842742,0.586304703860856,0.5341798044642003,0.5371818947155861,0.5937260825219421,0.4628110381724666,0.0,0.42429705670073387,0.47877168703196554,0.5859089360455019,0.5118943527824671,0.5326781064903441,0.5129249352710632,0.4814757999060315,0.5756365351029752,0.5042074555265985,0.5416555383855798,0.5877047793813551,0.5046474493853614,0.5218910865867408,0.5534483766105384,0.5849068717070338,0.6856968952342732,0.6343942729698024,0.5721421638002971,0.5007641375527199,0.5226601211346213,0.5290501899096498,0.5058775392351734,0.4780989039225815,0.49998692685605806,0.49502581703921933,0.5340317881841806,0.5215199789903523,0.5262436734642417,0.46304238551058075,0.5224492901682807,0.48105093833109186,0.48094666128575275,0.6235298574708915,0.5314707825533459,0.5344519710724783,0.468961895892503,0.5270455513059846,0.5098801862555076,0.5577552562524817,0.5380858371170162,0.47261118337023655,0.6926334993446394,0.49432594326311413,0.530948502402302,0.5303260516546102,0.4757896804807901,0.5375519477729638,0.4736591414393208,0.4890093086418347,0.5237066064077431,0.47543469805836824,0.5688460927395117,0.5089700485396943,0.42682089205860396,0.3941775234699854,0.43110369111698105,0.4476775514075391,0.48639923016740505,0.4602403898709543,0.543165711672356,0.5426147443033513,0.49948737558094586,0.445543369042637,0.5207970772551272,0.48795660873572505,0.45747498509702883,0.5579886271397855,0.47022942980329074,0.5110732696668461,0.4802541079286475,0.6411291512287247,0.46207562694883025,0.43481548298383466,0.4687258496077693,0.5336382929789897,0.5541280429344191,0.4292327296019511,0.46924061759764696,0.536234349534662,0.3987736427940764,0.49813623035474025,0.5085322865810021,0.48050196343809143,0.5556856534064621,0.5428618819668205,0.5220730537227803,0.48861320322040613,0.5214459253054247,0.5487793846787467,0.4006596112371382,0.5198497769205732,0.40947924233037886,0.5439594837976024,0.46280247157196963,0.3847216795298704,0.48314228627362066,0.5584957196393607,0.4453193393068803,0.5267297900412365,0.46171201520640953,0.5556144784745244,0.6118331365750911,0.5803761422599495,0.5797216646720723,0.482315549190585,0.4732599969650894,0.4744842108050877,0.46733290059147564,0.556149913249091,0.4986957873816837,0.5494980826919507,0.4924858948068379,0.46303507629733537,0.5266859518093416,0.4068176179525205,0.47290913226477344,0.6121379760522835,0.4473599620409717,0.5298779295500438,0.44667619726144325,0.4458969243454266,0.48932156859295134,0.5392939225842226,0.46015390282627316,0.4585959288742675,0.42073688370102263,0.4780275783440631,0.4884130659986887,0.4656884899599575,0.5103932784244114,0.5759524930277043,0.5592572836222478,0.5181170006837543,0.48553191739367935,0.45813728513261004,0.6157320286007785,0.4633915401100698,0.5329302968544938,0.561527385694105,0.517594614804325,0.5453526800825539,0.5528851436432538,0.35036933800199976,0.473805695576674,0.4909145193724638,0.5572680707997362,0.573619357268227,0.5628745687059753,0.5090258773726892,0.5251184359480919,0.5595415623356619,0.5208837126431187,0.4756703298977461,0.5142250797361405,0.48702805374058383,0.4881621273480376,0.5704169981443106
0.5025912051523288,0.4632610597347956,0.5351655814637574,0.49084578049706423,0.41885799244401445,0.534428968034397,0.42429705670073387,0.0,0.5169115612789273,0.4704546554036866,0.4993466977779223,0.5406053537136665,0.5667193508411874,0.4099525908531774,0.4855700521187873,0.5578456688559341,0.46388952319270127,0.47532188018562826,0.47993564612213385,0.490466354095554,0.4796964511865218,0.5040410130817136,0.43211142616718157,0.43455883906501575,0.5105860681314942,0.4946716326850854,0.49385904679826087,0.48551520009787363,0.3959552658987704,0.48318854417528556,0.5644513926602369,0.5091492687177592,0.502007135733598,0.48373476421193484,0.4320758062315283,0.4472056012457009,0.5776989654425304,0.491368691476426,0.5108399311623814,0.42374480263789877,0.4370525117634264,0.438658213499683,0.5067042271012963,0.44272069960136645,0.6190515523465807,0.5372540152213301,0.4210864596795627,0.4652418651427078,0.44926667452843555,0.4601844733024921,0.48782992043959356,0.468407362398432,0.39478057079464474,0.491773885867816,0.467823354196467,0.43471429914381776,0.4744716715648768,0.5948643100393366,0.4035611651407678,0.4734711117461006,0.5772464741097859,0.42057106774811964,0.4908020804492087,0.37983504201980467,0.4099635929146766,0.4699873623831594,0.5111852325760032,0.5274359450594127,0.4929361494973604,0.6725793928442501,0.534923505115141,0.40629797040765614,0.4234845138123214,0.5288438175952561,0.5390158507577917,0.43903007446116993,0.530257443920038,0.45709309725119457,0.5377764739760502,0.38092597875291334,0.4251745050224018,0.5164711059558621,0.4997794165478825,0.5047210272107632,0.4295713338691395,0.5587614543274912,0.5766696595468218,0.47321274893881526,0.5536180587293048,0.5044233554349186,0.4848875771731417,0.45709019104891574,0.44273648757487777,0.4334908046012398,0.4200276605934243,0.5409698981923762,0.48620194339391587,0.4588630325932216,0.35920176071370397,0.5021180416277903,0.42393505708708706,0.5429123451951788,0.4440711731264872,0.48213154141591563,0.47119955313096584,0.5599478496545818,0.4947410025821449,0.4614591435829865,0.45262653638353656,0.44295455924129307,0.4623677966232225,0.4288045016473042,0.47195035072669145,0.4979360902946231,0.46403726756550795,0.48886719946561386,0.42007314561614373,0.46165354730079544,0.4134432131447537,0.4444889018030631,0.4186713214326924,0.563969584468923,0.40113412222619615,0.505200938263724,0.3761900528973786,0.5380451324066597,0.4211139125419927,0.5844848317388611,0.44372579753747227,0.46633847422648367,0.46197339755794126,0.5136995050383455,0.5043583114380492,0.4500463304936455,0.490486381095154,0.3815141664988877,0.4709035386957879,0.42978745308297583,0.473544244087919,0.5300438917891979,0.47074204438531775,0.4295239723982481,0.4657764939060044,0.438157282124353,0.46895525570194224,0.47344940209663533,0.533587340075701,0.4865402414543452,0.4869728794109594,0.3433441286129665,0.5194254568166427,0.40418336388483667,0.47755918126876784,0.4360359313983333,0.5203035768531046,0.5874100096312437,0.47129617657182277,0.5373964001728538,0.3978706344391511,0.4352110913584374,0.40427097481053564,0.40941156617835367,0.4212179932852997,0.4604128433180278
0.6005009821297705,0.534944991023524,0.4972264159959118,0.4419923340151235,0.48559918214216025,0.5408056345956265,0.47877168703196554,0.5169115612789273,0.0,0.5004029069762105,0.46867562291096876,0.5923357680267544,0.5021845227165599,0.4246725309233002,0.497863442583196,0.507715797470396,0.4744601793079046,0.5092762794898539,0.518260683055794,0.565474760476292,0.5027066192166643,0.5339219663770922,0.47935392766123464,0.47180438417884596,0.5779098962465095,0.4378746690228702,0.46239549074177105,0.4768123713563135,0.407243233621529,0.619690165598051,0.6325213297201697,0.5085855506508564,0.4564449631975712,0.49620411449070073,0.4999702696539605,0.4375008034174024,0.5438184193028184,0.4878701938717435,0.4831188421869389,0.4277923761179291,0.44223161151006884,0.575562418550698,0.47093798787306257,0.47042530717844433,0.5219838814003153,0.512311229922037,0.5098282934893184,0.4468502269981104,0.49548800730485737,0.47096846565586,0.4732868365605909,0.4890860840390108,0.42754417355375246,0.4595335917606472,0.4246952143321473,0.5666081594176842,0.4984306285003891,0.5451504733968162,0.4303292897797933,0.46889668221032355,0.4424917425368778,0.4089469915050782,0.4412897532960331,0.41015471669234793,0.45389077636377917,0.4497147003871223,0.4804766598166126,0.5427254012910607,0.46414421321787047,0.5165935598572667,0.5457570677628301,0.4346903175335265,0.441180701344933,0.48172994323233176,0.5048114103388455,0.49151257958402983,0.43930274754919346,0.4848739472663137,0.47206753067559126,0.4090360041055898,0.4500228224557474,0.5830657291504895,0.6058899674839978,0.4428231444737076,0.4490272083350165,0.5985271227118255,0.47517700002090285,0.47325416906365136,0.5351870668640833,0.5926395106053782,0.5077431966707286,0.5628133952900097,0.4521831786320398,0.45899686555063,0.4502266535873621,0.5950478635445389,0.4419092459347089,0.5411432196140267,0.40257701885464536,0.4848288399380697,0.43146329155773255,0.4111584874483829,0.44462188005147185,0.528530955431545,0.46324032494177925,0.5274753988182673,0.4416226952224188,0.5282592294508792,0.4602707929620871,0.5125515453507861,0.4868874659783349,0.4539228565677461,0.46770246062015475,0.4937690458138168,0.43842414669128477,0.523052871191653,0.4780043880351527,0.49260473519225684,0.4141430151020839,0.47428481698562114,0.461232673539717,0.44270545743361733,0.4590630265462549,0.5385881883471623,0.444776681773886,0.4855292231900554,0.4314211531211859,0.48651483899572207,0.4375612594526591,0.4568912788438216,0.6056619944727549,0.49451765531988057,0.44274610842833123,0.5092866676209137,0.4884575135578831,0.4250232069397635,0.5737353765815801,0.4473628533221884,0.44987115348181855,0.5423041053067832,0.4366502968540692,0.4594570785285283,0.5406034717768035,0.45382585713004114,0.48870729226934,0.5502519883542059,0.6838782195553961,0.4770749965834845,0.560972274164134,0.35848506015243864,0.5134378671953445,0.444204513816098,0.5040772111995869,0.46897683045717686,0.5454943355340583,0.5585543726130132,0.46646496031459134,0.5449664483021279,0.40867163655243127,0.4286515001535813,0.414966462968943,0.4856183780160812,0.46707652208932454,0.531502866604778
0.5491478844694065,0.6486200934304035,0.6325534937436157,0.5118733856738442,0.4967894631482081,0.5418221256544217,0.5859089360455019,0.4704546554036866,0.5004029069762105,0.0,0.511364145355792,0.5748747052554554,0.5611438316948614,0.4674685750828726,0.5083993886895807,0.5525122783336746,0.5719848250057553,0.5639526813159744,0.529210522972378,0.539410660346943,0.5617988898211517,0.5874474382626742,0.593257182628562,0.5548891722089083,0.6598349540849148,0.47286042730916483,0.5186235271626489,0.5705977936999324,0.5236321124748009,0.507076134987181,0.5051583311700473,0.5367870009270461,0.508526623309919,0.528523892402886,0.4903617530610061,0.452226357967152,0.5359647994240545,0.4879848238894378,0.46374407531766115,0.5427438841117828,0.5010895557952595,0.5834305948375581,0.46184262483793403,0.49028509860793607,0.5294887004589434,0.5626299488436154,0.5373783376427428,0.4676125978013102,0.5912604188984728,0.4708687866575579,0.5011018543846326,0.5291238934078046,0.4670082442867641,0.5238361712987926,0.4624396932713515,0.5438575501978694,0.5105584714851295,0.5109285014700122,0.5256337806159556,0.49527934411413843,0.46135173762976445,0.3991608802826823,0.44232895910505604,0.43327574829235405,0.45649921863645315,0.4706394755043874,0.5319475369313715,0.5476880079556958,0.5126263888023034,0.4816098633868907,0.508736230151429,0.45751034121519535,0.4585726742397827,0.558911231919425,0.5296486811235983,0.520347102486728,0.47497682924850826,0.584144500955097,0.472185712210469,0.44425049628776675,0.5124472371879235,0.5111153780738776,0.596461855635302,0.46568502047866284,0.46676235827374446,0.5789036579486345,0.4248573897228343,0.474377713065082,0.5628335987991205,0.5073440286844595,0.5137903381644714,0.5261492750057211,0.49176959118037183,0.4809136659116825,0.4924816734188175,0.5990899545670174,0.4170594828833508,0.5739650085042095,0.39274896168472984,0.5547436003403952,0.44473818439733187,0.3994837463106092,0.46012771646718625,0.6261766256111206,0.44625604070039093,0.5593472267945222,0.4865628210847873,0.6717747160952626,0.5671838127046533,0.6234630722765201,0.5446050954180337,0.453734080570959,0.49563099363649576,0.5072228718546313,0.46092816903559664,0.5813777393604033,0.5349551695982854,0.5368105174968152,0.5140762542076629,0.4759084423654349,0.4660014633300901,0.4196762104244988,0.4811036241209245,0.5957664659322395,0.4311138160741279,0.566272091371939,0.4480568605061673,0.45361682013909604,0.5236844287791776,0.5032406517167274,0.5397484392711149,0.5012849715627432,0.43309041438646007,0.4650961642450943,0.49011504543725953,0.4368664149369008,0.544005321294315,0.4879082526938903,0.5408611708076063,0.5151221686170938,0.48900986272854013,0.47302417482560916,0.5831568778431682,0.4611608150787481,0.524731710191621,0.5282472696529393,0.5182814971554878,0.6060229115543683,0.6724955687356245,0.36838165817677465,0.4625649833354511,0.5011305633810066,0.5289430657338042,0.5766850928529622,0.6202344447933394,0.5255445266199127,0.526881869484157,0.6289180957771375,0.4631161715446377,0.46398072959333386,0.5446641244480189,0.48813033135689526,0.5019757361928646,0.5212383154712669
0.586609312378154,0.5086516785291845,0.5923453380793238,0.6210316385558917,0.5286462282785062,0.5247708344727534,0.5118943527824671,0.4993466977779223,0.46867562291096876,0.511364145355792,0.0,0.5255714510564736,0.6086680597607861,0.49841369327451546,0.5407192818451598,0.6484793790759471,0.5923004667858132,0.5885615125967607,0.5580342550570847,0.5812373540218582,0.6125334639482634,0.6193537221464703,0.49872822776477876,0.530398095152378,0.5719352949891898,0.6030813883553232,0.5040490413792654,0.5976221548204593,0.5167166045628208,0.44992841844294523,0.5292022244719722,0.5569843160951222,0.5619545396840027,0.5166374138585029,0.5426788173534632,0.5154395927002285,0.6405503733558566,0.6003028746935439,0.6007148036477724,0.5333910311560592,0.5379032019976112,0.4702895963870606,0.5732492826543868,0.6133041651508057,0.5616237986407833,0.5544026146767479,0.432177069856421,0.6807397674989676,0.5947538704872628,0.5508371859100604,0.6068088832812508,0.5629358808238288,0.4699248156367485,0.673741097846303,0.6138895804519621,0.42446730326187876,0.5994180512701296,0.5753845930063247,0.5238216310441046,0.5224101957736501,0.5926623192183589,0.43005334332407297,0.5607348228608015,0.45789844927777196,0.4996490826395823,0.5449330125535677,0.6112408134160534,0.5605172941172275,0.6021425641764651,0.5761715014186871,0.6046880926312369,0.5070241107167935,0.5309027350486687,0.6567720061584452,0.5925908552767943,0.5031360091786248,0.6222708047429567,0.5604306379017167,0.5582380384244339,0.47117094051993086,0.5112431825584838,0.5573537505259213,0.4906356768217654,0.5608359081032724,0.5189781272853887,0.5568121565127981,0.5276118258529946,0.5412692681748156,0.52183088724156,0.4458153148160182,0.5999622683418115,0.47628857997566304,0.5752381672420933,0.5389576636258228,0.546478031525631,0.5507559451104639,0.4970351778530894,0.4755193185641886,0.412313015322243,0.5264645287062854,0.5310223993322649,0.48837631031526224,0.5135759362462237,0.5168289836810286,0.525639137230097,0.543865587071155,0.5443592215617992,0.5098035082750711,0.525782559983716,0.5213812590642349,0.6207655496696429,0.5309667475887689,0.5694243629630522,0.5641266915598188,0.5400941924561594,0.5125757340482988,0.4825640031225376,0.5980558791607089,0.5552936335808575,0.48274439976389866,0.5539366943426273,0.5054594004990832,0.49221686287504285,0.6008579477554412,0.4754331925797144,0.6291614831523266,0.4562864069120243,0.47921962030840265,0.5381164995163948,0.5791636997630204,0.42444394761995285,0.5724603782746924,0.5739803758135942,0.5436253204122806,0.654916704273504,0.49262592132989413,0.47934928521113945,0.5389740398371894,0.5829181719660389,0.5731006846520024,0.5898881496233888,0.5075018810119483,0.5340084491943666,0.526488009947177,0.637862016828963,0.496768320087144,0.5073982472515401,0.5332950075737672,0.5411036949028369,0.3733783961094409,0.6067814774481979,0.4986320783723253,0.6357029396057725,0.4337566072464654,0.5752863245095463,0.6033690389405248,0.5847454139776614,0.5377868114868376,0.5388404461120564,0.5473308633774258,0.48651107693950685,0.5006264541508023,0.4821900230967877,0.6402908547807455
0.57181689394618,0.581636581781041,0.575701558563119,0.49104357151521094,0.5287943948783744,0.5831565709255047,0.5326781064903441,0.5406053537136665,0.5923357680267544,0.5748747052554554,0.5255714510564736,0.0,0.537499071413284,0.4346988261396185,0.5255656481583538,0.5900341662053464,0.5269619896445916,0.5124779658199028,0.581405898042638,0.5636292781582216,0.5637741309561571,0.5681521674299629,0.5393914909951597,0.5245347845474551,0.649513480727244,0.4845976546027581,0.4971344218154707,0.5217801057057192,0.46315735864351126,0.6223105357621523,0.6437408049705049,0.5584433236468322,0.5043779061431585,0.5779440320246655,0.5026561777480947,0.47612852435407527,0.5839499747164996,0.5099149362606068,0.5501559088651995,0.46780529634960455,0.4879572203077115,0.5612226172801766,0.5022685401806185,0.5162369355321513,0.5757031301297798,0.5534712420811146,0.5269272407129515,0.49448745170719394,0.5500503697167961,0.49048743927329547,0.5146381291898238,0.5262605835480787,0.4327682441897776,0.5226468787459144,0.4825623418544615,0.5375713900213569,0.5235291088172483,0.6321252688937681,0.44975774289577347,0.5033678147179623,0.4711787980215972,0.4177962246034349,0.4607520982038919,0.4260441405210437,0.4481762552629847,0.4609868553044819,0.505390925643913,0.545061351336237,0.4807724900471182,0.527530898247879,0.5439243301303253,0.4458762252708656,0.44416232410152734,0.5329260865756824,0.5305769187444781,0.49720435640646826,0.49192760911451267,0.5727827870817839,0.5030342268237513,0.4310296049481492,0.469509175821726,0.5610912596671307,0.629282548574092,0.46541449167078897,0.4689044857103905,0.6190975482646317,0.47898606661661214,0.48270922350072304,0.5665479405540091,0.5658848377452381,0.5404335485692592,0.5709311768061135,0.5005259723370881,0.47338685528100777,0.4608898184214959,0.6793562838165068,0.4472622306098666,0.5787522330063526,0.4029993777587249,0.5188507573091075,0.45372099731951937,0.4392799610288052,0.4710752878365393,0.6105185918726688,0.4700115987496111,0.5816584786827187,0.48624738721848254,0.5761974642320083,0.5052306472497737,0.5667449713710456,0.5640653102994756,0.4718257840361639,0.477916712256002,0.5175323493990761,0.46114883946343505,0.5547426459594038,0.4956709131724931,0.5562932754418715,0.46096034144068837,0.4788699063969587,0.48244221758882516,0.46159675976397097,0.46931625843352776,0.6042410727049266,0.4300740255084556,0.5862607805043666,0.44389310659198883,0.5421640811593971,0.4993325995897167,0.4782918743098086,0.5551115870659019,0.5229702420660741,0.4543130097739902,0.5048655138443741,0.519600366699834,0.42452077731049576,0.5996176467605995,0.4776749620664265,0.4967101573236586,0.5885355178912971,0.45964953509049217,0.4847695923784217,0.5578511581744737,0.4710561842050968,0.539071034378476,0.5639541350203191,0.6619043358760104,0.5311923919117005,0.6340989946879466,0.3755717068585285,0.5241764388856847,0.4642818974824233,0.5448952171286191,0.5100565926690779,0.6457298900274219,0.5645182835326381,0.49503377298263257,0.634924812042594,0.4281152165938817,0.45966529230508313,0.43752960486755893,0.48254775550677453,0.4800770077449,0.5429343953169166
