0,1,2,3,4,5,6,7,8,9,10,11,12,13,14,15,16,17,18,19,20,21,22,23,24,25,26,27,28,29,30,31,32,33,34,35,36,37,38,39,40,41,42,43,44,45,46,47,48,49,50,51,52,53,54,55,56,57,58,59,60,61,62,63,64,65,66,67,68,69,70,71,72,73,74,75,76,77,78,79,80,81,82,83,84,85,86,87,88,89,90,91,92,93,94,95,96,97,98,99,100,101,102,103,104,105,106,107,108,109,110,111,112,113,114,115,116,117,118,119,120,121,122,123,124,125,126,127,128,129,130,131,132,133,134,135,136,137,138,139,140,141,142,143,144,145,146,147,148,149,150,151,152,153,154,155,156,157,158,159,160,161,162,163
0.0,0.3368076274114348,0.33056730559205255,0.3140812346019918,0.3372695191782277,0.32937706979850223,0.3021719932215693,0.3466708961314363,0.3923019988756161,0.35944032444647395,0.3865379877837049,0.3478073971141676,0.4549633026548378,0.30251884303180276,0.3466314337234565,0.4003756468266507,0.40028878267112883,0.48712309693312955,0.31857746579934987,0.4538056630465393,0.36992250454421194,0.33228584274695255,0.32305260117702966,0.2935485557038341,0.4541982189747127,0.29098587653004987,0.28390656201525266,0.3458902321597916,0.2845727871837008,0.31362028813118503,0.37862550165403647,0.41731828623023953,0.29644872204777023,0.3300248607171012,0.45038059268922376,0.3650986862945491,0.39781377200188545,0.3955864910907409,0.29365288302961823,0.37599559755046424,0.30894102758275915,0.3675648552622474,0.36819130288358654,0.4010317010367371,0.36058724797742,0.4401135937671556,0.301698126872065,0.38257634899359483,0.40155551426832675,0.4309733686066325,0.4172707204768849,0.3447398349777264,0.3147376331188576,0.3046919799701453,0.36571241124403,0.3486573701117493,0.47751007627316805,0.3734914815364911,0.3564060950783517,0.38814109850797696,0.3059181760527543,0.2925061443210612,0.37498688690083287,0.30460021561940964,0.3429609952310069,0.3919486850472135,0.355021949948096,0.312927521234058,0.3125994965373716,0.3653171137902418,0.4349284724803992,0.33730232566902757,0.38153150387285495,0.3883858393398629,0.3858985528751674,0.3419108866983739,0.30435232967149817,0.2983578174960998,0.34142925607362407,0.26692522007758923,0.3454044343531664,0.3631636692074475,0.35108996991184005,0.33527285589774797,0.42374941930239723,0.4181096924991256,0.34195867332599206,0.37448834088115224,0.39793750597233213,0.34230903481385866,0.44870668309349765,0.346383356820146,0.4342102694498728,0.3751166094137483,0.4021985214391594,0.3105695002289362,0.2362210496609547,0.33384842915572455,0.2777691384543846,0.3897925883510668,0.30537780336703485,0.3237765267037661,0.32712614027297654,0.2984813326518154,0.43610017941959134,0.3782615588119912,0.36201300032838984,0.3888260623737805,0.37522296441512093,0.35579183345450377,0.35005650515999304,0.45324209770978535,0.41048724320580776,0.3377434622644467,0.4015352257693726,0.37351698028644204,0.39485515765479823,0.38611408544910875,0.3223840175137609,0.29921420421263284,0.3705020415682102,0.27742474716850984,0.361088986711517,0.41927728203162323,0.32395387699269856,0.32109662344744166,0.2985811197318561,0.2949538448608032,0.3431968887668608,0.3441190313949521,0.3172009512067865,0.3261719873736138,0.2962485782231815,0.34249437135763694,0.33116644009753043,0.35015793096988423,0.3383744374747658,0.35683743959766623,0.3463702985466081,0.4088831210462856,0.28195786904099107,0.3501124713294087,0.3816951128099023,0.3499825602568943,0.38049784890792004,0.34823698924438323,0.34312215603519375,0.3115148666668826,0.4111417358437819,0.24480509649574858,0.43292382379078975,0.3429494314192087,0.3472757533086034,0.29101610954823137,0.40681189661170253,0.3841850430575503,0.3200616200134487,0.3722367223708621,0.3093990083359966,0.376470145892787,0.28533772633513627,0.36395661555963227,0.271778603484073,0.4658723347841101
0.3368076274114348,0.0,0.3410573196406117,0.36712153005024173,0.2856058258294886,0.40447935159007087,0.3122798980475633,0.354314295379745,0.3037240977156156,0.38733044784881654,0.33165357704572995,0.3534149578959276,0.33739142841772696,0.3268403573332268,0.3486073744481764,0.2939469760663631,0.3578182919397105,0.3178752382230522,0.3076748651562921,0.3567569557593054,0.3463828521128786,0.3881552118347078,0.29539213290014255,0.3290176021328767,0.3307623825334572,0.2578696240526909,0.24950144101932595,0.3275545670977959,0.3659632192037079,0.23895533531242746,0.3361693992008046,0.3130769016255783,0.38183484488042174,0.288220615554851,0.36160104554556805,0.3590039310418368,0.2905236162970598,0.3190441460417421,0.3388378388176941,0.35432199736474956,0.4139398206943557,0.34797027824828675,0.2469428168252421,0.3209338246125132,0.3586965105859839,0.3265933080149506,0.27280866042845076,0.28763917625050306,0.31971556732923656,0.3594081799866649,0.3506969472491219,0.34130241178875564,0.4101950800106546,0.388629025641698,0.3475917178785734,0.3630320853133002,0.36887390658320796,0.2996548383723105,0.35897414969126484,0.40192841770476084,0.36897665211946046,0.2495363376012911,0.30438677931522823,0.26659908674217564,0.3281613035499957,0.31808644410804143,0.3437046372129641,0.26162778987464413,0.24456730736853013,0.2938974183717447,0.3202187373760127,0.3223206281700772,0.30969184783680875,0.38093838410977404,0.38403032590932584,0.2834095436383785,0.2865940999726199,0.32908053730139925,0.2846797537451283,0.2593493131102342,0.3180425046012783,0.3417742846940812,0.35175690839042323,0.3004118572077384,0.3402784335796851,0.41037367057339563,0.2719811991898749,0.2686772971740564,0.29797287521762567,0.3699324844977416,0.29613286649175896,0.33766794937585953,0.36271298942270935,0.3606874747120843,0.38684110844248143,0.3241722262634964,0.2700220225710435,0.3203301534800539,0.2595947416664039,0.378662213330367,0.3072641431064955,0.24611210143366688,0.23986027299135604,0.27582696522398176,0.3193435883334409,0.3006036590779906,0.31925407770204134,0.35931959743605835,0.35185156747874075,0.40674076659580827,0.31579658138102124,0.3141678715873641,0.3532959817524357,0.2834991983046208,0.3629498327745997,0.43868720290286684,0.33880319052991226,0.2521061621152454,0.3469920609149504,0.27775858186539876,0.3436163149237499,0.2629395306314222,0.34629437531181073,0.3628872419443072,0.320221918084785,0.34825627272711884,0.33220037258313073,0.30552421076105024,0.39045131972444014,0.3009517646480482,0.31257060063434555,0.31747217110334414,0.2727689352340813,0.39780870895874787,0.33421015600736,0.3173917048068197,0.28543897549073016,0.33653869952352294,0.29940018241553257,0.29900671172848164,0.2946598394105927,0.31645819048317897,0.45315486635228197,0.3337937794318296,0.33138742074531713,0.2640075229578235,0.36735217385061536,0.32018939604143654,0.3485806019104176,0.23767377895616104,0.30938609554587737,0.34455116737779556,0.3006075743190487,0.31490151036125935,0.3258363430687222,0.33027675033972625,0.32898120264618913,0.34118000239695917,0.3176934860289131,0.28665016541384847,0.307638209358399,0.34937552118563103,0.267521717095797,0.35732356419218464
0.33056730559205255,0.3410573196406117,0.0,0.3249557684088175,0.3255617623482961,0.3534212481556765,0.2646177380046222,0.32101624546707064,0.28554190322377787,0.32970483581708304,0.3913440349825614,0.32423080849217356,0.36301745694042037,0.2624985842861832,0.31858628548078677,0.3718227486404392,0.3843335801177508,0.3327429309916063,0.2614764305634587,0.2986715925366718,0.3836706364243548,0.4656506088691783,0.2533492591189921,0.3069752935921546,0.29305866120166774,0.3058377915984913,0.24515123687633156,0.3057285558282796,0.2577020600813624,0.2628359154180177,0.2615789388257892,0.3092326896594652,0.29255552148397856,0.24644477387741623,0.27509393756526423,0.32557657061890044,0.30694946938818246,0.3073146305527366,0.29548722831333996,0.317581393991803,0.3231959592824249,0.35436733881303023,0.28525389862108286,0.3068307710505076,0.3160277941279222,0.3258818672202278,0.274009321035223,0.3340819229046637,0.2873458068355167,0.3515543258183562,0.3686088489790014,0.3480948649221691,0.2641061182585715,0.34153013630687235,0.311941725378322,0.27010803963533986,0.3230356695762091,0.33974991501811347,0.30147307055487915,0.3249951323750672,0.30587905296777923,0.24891381574603783,0.3746730456196573,0.24773968301511504,0.28831198189296386,0.3205116283128533,0.30880432108100125,0.32033260889697296,0.29684534246903815,0.3021899423298085,0.3656510611926072,0.24596473304132813,0.3177488923138531,0.4655046843238812,0.36920695683625243,0.22054566331442219,0.3267590679727662,0.2904093652137229,0.2636199960697845,0.21984625910588768,0.3052639640611638,0.336086928038038,0.3208193068689448,0.2919769762695814,0.29770462547794985,0.36476143298259966,0.25287852879918615,0.24981712337838513,0.266906042801254,0.2850407281311913,0.34784624193446007,0.24662319252222473,0.32107005429157215,0.26344200054544303,0.328672899143942,0.2760399595030592,0.23617605729772026,0.26706241682465776,0.22044792972100594,0.31558600725401903,0.2285901898528378,0.2686927447603676,0.24167519484251584,0.25918291672996446,0.30888255514356555,0.3489449191445009,0.3266335731326949,0.29405438347885826,0.3045004790781265,0.36863543687590733,0.30558345507041423,0.2894370771870594,0.3152981144250313,0.26208806007153307,0.2925777367114415,0.3751944370312229,0.24480786229057044,0.2866926750451775,0.3504132746339127,0.2528475460184229,0.32385748363001615,0.2387527947860436,0.26997826449434614,0.3249344359647634,0.23023404685585458,0.3040995646484448,0.2865924698156604,0.29820417364005625,0.3147698081551431,0.29071283226174527,0.2658362604603341,0.4269151188241607,0.2303474700182579,0.28348755428388384,0.32271185991632867,0.26846133632971975,0.24295282079279668,0.2684432275689106,0.2905590948610318,0.2816566757476451,0.25050619773798743,0.27495933731616107,0.3124612917396629,0.3281428498603352,0.29416191959908067,0.23692779254682092,0.39483775077935956,0.2921939295356758,0.30366322380615784,0.21949932265738228,0.27121427248133556,0.23280970349386407,0.2988033864051388,0.3244387143812745,0.3113077778446009,0.3029657346593215,0.33516103051916446,0.3608189159634328,0.2234867413643805,0.26902554968624554,0.28470730230096236,0.23112514338803858,0.2394265644247168,0.3682026244292711
0.3140812346019918,0.36712153005024173,0.3249557684088175,0.0,0.2607327406407043,0.32693053666464034,0.3130327119297655,0.3145030477901284,0.2685599284711326,0.31559274405392407,0.33954806916052327,0.33461261761858213,0.32607843099639816,0.2695539146281293,0.39409780858050886,0.27856033142111597,0.31744593001596444,0.31350964227822303,0.3002183777629796,0.30238880426790893,0.34100253477126785,0.34943514964131545,0.2812193067946719,0.30649016579661265,0.31478361216149153,0.2808096633642617,0.27248481326375623,0.3091553522359825,0.276586574597339,0.217744120124659,0.3036019828399049,0.2832362727006566,0.44461984908442637,0.28063177239937126,0.29414216500094575,0.3316519589261142,0.29879612578660814,0.282452099598585,0.3278390948725617,0.35223055916440094,0.34729836846767603,0.29292988405876463,0.2619783251800768,0.3155104311621218,0.3299663872664572,0.3420856984173339,0.21083725384916294,0.2917067788803482,0.29344770911925017,0.3236301470686059,0.3995712335464218,0.3302065084377391,0.31259561456724116,0.42145279810749225,0.3415988938680069,0.26297684639566404,0.3586752293740861,0.2991544193984861,0.32050718379864185,0.3638904128264207,0.3771597459754154,0.24446391712267868,0.322005753070548,0.22291919765510726,0.3255423366822519,0.35179227805886737,0.38744346259732254,0.25376144680335766,0.2566271088140867,0.28822081206257155,0.3154629947897998,0.26387728364216656,0.2959874053426245,0.4488455609679096,0.34016868983307774,0.24133424866088618,0.3326655387204694,0.28716601714418255,0.2742870833985956,0.21065262013391284,0.26748501863120155,0.3873228399613527,0.2811340820727516,0.27115008746415015,0.33026857591628356,0.3172814047623008,0.28623487232995826,0.2935781915775884,0.2916665641000163,0.298810583282511,0.3072584232844811,0.2939908328023818,0.3054853699696464,0.30714695880295817,0.34432574729975746,0.284702661438796,0.2477159506371676,0.2768095529666897,0.22330648420426258,0.3546949756629363,0.26817382518253063,0.27908333232852767,0.2934132139324698,0.2695259869711633,0.3101658779996469,0.2872329124440674,0.3442452959654131,0.2766848514120624,0.3201926350928142,0.32120527476134186,0.3521730823151158,0.29893268982604243,0.357394977247422,0.28247307780172415,0.3201753329489717,0.32501441844755696,0.2825080312214604,0.24707246296842728,0.32770873577317805,0.25385790483142495,0.2809562592994853,0.27587272720967926,0.27292900234074186,0.32420769676695815,0.24208766243924962,0.31174728519963885,0.2978162321185537,0.2871315630563258,0.3166454694288514,0.31183810290979014,0.2348191455683324,0.3132475783682793,0.2716777240486989,0.322780570968814,0.33687150345266037,0.25548074488861294,0.22073470034267195,0.30702738422453263,0.31624296973229327,0.3107288170986488,0.352932483544548,0.2569430235571303,0.3943781803157482,0.3137492670288523,0.2848984266511527,0.2546015857588221,0.3225360739096586,0.2831185847721176,0.2698030791367971,0.192474550993638,0.33674224308310097,0.2864308972262723,0.31049894756779034,0.2778832781699307,0.32162942908252845,0.32730433318109986,0.3360554289943678,0.322002262465899,0.347955468307098,0.2760816625602566,0.27600440567438017,0.262255353393994,0.24861893362898577,0.32721995651241303
0.3372695191782277,0.2856058258294886,0.3255617623482961,0.2607327406407043,0.0,0.2613912813840142,0.33105487212011214,0.2560251651173897,0.2900588800672108,0.33433437320262144,0.33018596912776665,0.2638953251778627,0.2963094923820478,0.2853146762718986,0.3042880040869214,0.33656367484787847,0.3242493820584469,0.3571831699522003,0.22733705331212312,0.2636491826491733,0.3107626770345926,0.31636599541574373,0.29997588449234247,0.2722578102973093,0.310592164196261,0.2808331352408519,0.24501589484908978,0.24815458910556878,0.27270220655179545,0.288473504628976,0.2912081597452035,0.2754796272877443,0.25052970244980743,0.23505186813705267,0.3561501091288638,0.297575968742742,0.3070329543961313,0.3006329560682554,0.2627941019503431,0.29269039852397044,0.27767561498256266,0.35528182814504405,0.2982508343731977,0.3588767422347031,0.2540026193219066,0.27927210405904296,0.30183916366829056,0.36223061588614963,0.3362616906054674,0.29592122356752276,0.3159658783446729,0.27785292741004325,0.2604590027432361,0.261208917248789,0.2991166177171441,0.288320202583163,0.27226229687754805,0.32486809260433136,0.29777524389902077,0.2655839119004482,0.22652937162239675,0.24124056514485187,0.2772672627995913,0.2751148416088101,0.27987561439863623,0.24370177189045567,0.2688781288435915,0.3039016212222092,0.2685768609134209,0.3029715727917829,0.3162778286581424,0.2880254193334131,0.26734419424438893,0.29747784170966535,0.265381282287232,0.24644366540927287,0.27183539340347723,0.3844365194413476,0.2560534186385934,0.2537320690530273,0.3102156989849265,0.2820266277011077,0.3559017870083677,0.24694386000244148,0.28871793082681896,0.2815570500937701,0.26158257727148637,0.27060571767725866,0.25914050769534414,0.265005651065579,0.43911980204301265,0.2978575686854739,0.3737281206560556,0.23547160905342684,0.32985318619083764,0.279325409198358,0.18739166797386578,0.2606950576576745,0.258894025033048,0.25621528075565086,0.25232434095280415,0.24513666072750184,0.2662672377971947,0.26147877785391915,0.2780503990914041,0.30223110837528494,0.2475892442543265,0.33806154148211076,0.3274286128514052,0.30932527334600246,0.2782615458726431,0.32210458816071375,0.28027375803552035,0.2905004243198832,0.2798177716133508,0.30092306748328745,0.2652361660805565,0.2962035462309815,0.27960722517123043,0.28164516955831637,0.3991346950057374,0.2406715150163558,0.2551245196605603,0.35809946036165596,0.2782438495525411,0.2735388739623464,0.24454608421062599,0.2765376327221619,0.27797582493202744,0.27992458986859425,0.2806803857401702,0.2768074977415579,0.23176767323978403,0.268765044460812,0.25795540695105884,0.31697322512908754,0.2675247429684188,0.323442747715686,0.2840658425820721,0.3080225795755595,0.2451613252847461,0.3113832049894361,0.3024513400519412,0.2820679300797623,0.32758973843350947,0.27051685754943555,0.3047894869170718,0.30104678877069174,0.3032563447444938,0.21992965224163213,0.2609596162364189,0.2827750617176712,0.2709048956914695,0.31288617542353026,0.3175177943296237,0.31099976193637396,0.24641030301244646,0.36254891982650944,0.2678181422800872,0.2819480843908984,0.27207475717815255,0.27752298391818153,0.2633730986251752,0.3880864014245624
0.32937706979850223,0.40447935159007087,0.3534212481556765,0.32693053666464034,0.2613912813840142,0.0,0.2540153987402407,0.33644149284177116,0.32623098554130064,0.2866278792877496,0.3319975532065376,0.4103595628165442,0.3329796917316407,0.2434380167721312,0.3153116390401442,0.3330977180418808,0.3412239121359541,0.2551367185919219,0.32135704648561625,0.33515335868163587,0.3740897607296115,0.34739410544846544,0.21693349762653485,0.2643065699962057,0.31512676801014244,0.25516120947556215,0.2190637708937131,0.27885249819838714,0.2768962380857606,0.2689119066147384,0.3356577630573465,0.38119578933260484,0.35413679291690364,0.27366491143820265,0.29669183165261115,0.3207833983427055,0.2947377967110268,0.2999118064845522,0.32962409475140475,0.2663391144114916,0.33049320696345624,0.3516983332732352,0.2791292932421772,0.3564815431976356,0.2940002896906637,0.2937142325298419,0.25987403238898793,0.31078819754282905,0.2448536729408655,0.366023173021562,0.37365937229355406,0.38130173499001546,0.3062398639459088,0.3573303388991804,0.31697499372730825,0.3416342615248788,0.3547666894102005,0.40531721975300355,0.2544753410738464,0.3128997439344153,0.3466234987311132,0.2959952942405085,0.3990894663569663,0.22492021115964334,0.30863023472304657,0.3290140512274019,0.2977942092330731,0.2838255285210676,0.22769638402945555,0.28506349506156564,0.3539272946085037,0.24450874965444902,0.32615650366785903,0.3596497074215386,0.410619949596426,0.25381189020730105,0.2973802631073943,0.2706503981949118,0.2678451552941148,0.284907688900711,0.35763317773399317,0.3573214504309966,0.31890880907053504,0.2971649225345312,0.3439935259583208,0.3397047506524423,0.31230739817572933,0.26879731213942465,0.29848464393592167,0.31861291803353553,0.3236425187940551,0.3378430404765713,0.33413206774812754,0.3129141572175294,0.3096769412441735,0.32805610539312946,0.2961689396090011,0.3210387892072748,0.2430392351463083,0.31116623309411423,0.2525782323750695,0.2632250194871266,0.2635255854273238,0.2538990007709364,0.3522454930787619,0.33504099158108347,0.3560352826927511,0.29002327573006625,0.27347133766309756,0.3404610037680009,0.3363761073865635,0.2981217246905209,0.39785853752775563,0.29400774084186154,0.30686968101788287,0.35745847882761833,0.315706322762741,0.2500175303587763,0.3685782901834673,0.263435666310133,0.3062116519775556,0.28190329692934146,0.3275599524467327,0.3439031388719169,0.30108057521838405,0.3276218805414339,0.3395726456328344,0.28514946285027387,0.32625185283574004,0.24978089305787593,0.30595213235222407,0.4601638293908288,0.2636183976429873,0.37203600576072454,0.32192664649466574,0.285538202272039,0.2715744270639285,0.25695923803038656,0.24398495247928975,0.29674346793286455,0.2725323752350367,0.32660998301869415,0.3356115241269509,0.3446409912228161,0.31352324622259187,0.2614996002931495,0.4242881425591792,0.29517487777993767,0.3047675576836872,0.23341282975699257,0.3183156138248388,0.2898199683340396,0.2591503830050163,0.2593462119222706,0.3486321258043953,0.3055620721155628,0.2977465613887315,0.3603517956092472,0.25006238870503783,0.30698704679260347,0.23800596849335434,0.3144757949675672,0.2531651395544657,0.33691780925344217
0.3021719932215693,0.3122798980475633,0.2646177380046222,0.3130327119297655,0.33105487212011214,0.2540153987402407,0.0,0.23951269400974837,0.2512480937366422,0.3396649952059663,0.3091167828736779,0.30220245840109555,0.31572246018251326,0.2976278937152125,0.3729010823794063,0.2703845054390793,0.2748468365760863,0.31788468374801726,0.25527855005363315,0.23912334009585157,0.2751080727694583,0.2960218613637281,0.38757607045097814,0.30591864064419644,0.3240456892409577,0.29389442453110487,0.2562879951999177,0.2569055214528335,0.32072415202689963,0.25885258671865646,0.295986922402627,0.30388311417968705,0.31147291013265294,0.28078366265926785,0.29732151226940445,0.2748153718435208,0.32579565268033167,0.25342106658040164,0.27965774523211967,0.3585263954559257,0.31816375453895523,0.30067852827681635,0.28873770072745397,0.34318054791866015,0.2904280289229489,0.30671812069205234,0.2913817623461203,0.3053130821697256,0.4287047420065935,0.2612419682266944,0.3426935115847125,0.2611771628459647,0.25622991364540565,0.30210955963803304,0.35807719841627994,0.30291022980765014,0.2710835900125421,0.2648651050121577,0.3542899236894745,0.2787678746324841,0.2378912369382662,0.24645260435266014,0.24170170171959318,0.25820802758385036,0.26884887909858574,0.24459718469204278,0.3334671756889959,0.313186580410406,0.2501561264474534,0.25721614176937235,0.3130614602757417,0.275749718730235,0.24453937666822725,0.32479958016795224,0.22327571272805866,0.2867286468947593,0.34661526818634797,0.3519495415397815,0.25087627068970697,0.2552726429314139,0.30100382767258665,0.2764848337823081,0.32819671059335814,0.2278612357346515,0.26722829027748785,0.26761721180167747,0.24533399699650363,0.29150842775319097,0.27951031947397553,0.2813415042200235,0.3343485502411776,0.3416072100737124,0.35004501348851,0.268227930221224,0.3120208713049661,0.3157232026486431,0.19088029047790986,0.2871585007403511,0.2492348630568092,0.3107452665288946,0.2853661476120268,0.26693505293680114,0.29787736953453914,0.2747315324753344,0.24739365777888775,0.2853990941053355,0.24655266830547645,0.2961836119739147,0.38181676958253535,0.32376975406905306,0.3500446184901081,0.2864149741017759,0.28442707636862463,0.24455726958987398,0.28291457907756135,0.2874511818349023,0.28472996282624097,0.3103459100757177,0.28789227338324064,0.24246481705740516,0.3042060516441035,0.23937627365152545,0.24892087025559084,0.3844858510368978,0.2641378402995188,0.3401734693979921,0.24323696828226948,0.29864407141596755,0.27484526201421433,0.30056408130475,0.2378992208303518,0.22792545159571292,0.23862608887023873,0.24533656316417007,0.24428817070273756,0.3158403882853068,0.26891256770032174,0.3408138129344231,0.2892497296146557,0.31569160583237726,0.3016848319050257,0.2736478366834342,0.3133129513287551,0.2557356324887096,0.3146535867986586,0.2937612094081411,0.27443680891129063,0.33711597929910964,0.2776875737062758,0.19465550871346166,0.274572124994271,0.31562288463355287,0.24639111460571886,0.3706334479140425,0.3361098673474216,0.31471139185598784,0.297235316733509,0.35746288411096094,0.34692008454632184,0.32837930283377204,0.307681371062301,0.27636747599906897,0.2746442215190575,0.31500980479437296
0.3466708961314363,0.354314295379745,0.32101624546707064,0.3145030477901284,0.2560251651173897,0.33644149284177116,0.23951269400974837,0.0,0.34333352290226027,0.32011900935307364,0.33050588755230026,0.33268690882782204,0.36140799835363896,0.26242216278577835,0.3117623831456803,0.33870923389000057,0.33009910518347657,0.30734774290638506,0.27848406274136367,0.34225555810860986,0.32445731324638327,0.2910322058795328,0.25301238491068007,0.24835823355880857,0.3310458556850148,0.27632971854590793,0.26576863930967487,0.3102983140569803,0.24704092570332006,0.25181211131079545,0.38389096995024247,0.32390651506855217,0.32138742354800387,0.285163166655593,0.3316230973412548,0.37601055009419787,0.3326664142957929,0.36263936445205563,0.32849451465690527,0.29987115116011975,0.3172506444570631,0.2999353959337005,0.3033999574143711,0.30963164130291465,0.4059195991603846,0.3452317605188984,0.24868357488090284,0.31404971235678275,0.2877318824662005,0.34334065254573404,0.3365455473173572,0.29779476223846185,0.29234336725240445,0.29569571854299476,0.3292625659070439,0.30006997595105017,0.3330803312104092,0.3898034462050424,0.31360053819723577,0.3289972195208468,0.42937075285888887,0.25749501711071093,0.3565437562858598,0.2594229916131607,0.27742173608331105,0.32031015848470196,0.3432323130521722,0.27259208240084093,0.2838959979755855,0.4446598478129715,0.34442313601826874,0.29088522841926706,0.31897269646639165,0.36129904063123425,0.40854492883180793,0.26438215203983856,0.33214704411406437,0.2610653504683836,0.36845963011705496,0.22335143963051263,0.29769818738857545,0.32311462517275336,0.3179343719357638,0.3615463325127091,0.3714220055217798,0.43637852985661774,0.4290843529874028,0.3006583194487408,0.35045940946734716,0.346788451793007,0.31054175834864073,0.2996997224591218,0.3209924854224403,0.29252590247275817,0.3579005430927369,0.30536365579533,0.28687605112991665,0.31207017432541784,0.2360657524413598,0.3594607048124277,0.2697768278761035,0.3574635475533398,0.27636823431703067,0.2891923638876601,0.3904354602224917,0.34606404984321415,0.34181421883035695,0.3389603373427688,0.3027722333082841,0.30415381962779897,0.2725868106040583,0.33258186550612745,0.3759181370122189,0.32247360300603145,0.3423247597325877,0.3352527053243345,0.32552944895133756,0.2606156402267928,0.28933894821008116,0.26967573111097665,0.3067645068180996,0.3846370354428908,0.29486805506397695,0.3251930420331711,0.2785403925956683,0.30879042728241163,0.28151231524141873,0.3366282406334202,0.34838904119248176,0.28853125676960595,0.31390403881777035,0.3271401283677596,0.32755416206096966,0.3123268323253201,0.34226169003584594,0.26942955241682875,0.27154041953925767,0.28304157866145213,0.3038431579966393,0.3384998947760638,0.2876698167112651,0.27641407930186873,0.3445154132966313,0.3288137116658705,0.33427361052444715,0.277765143239224,0.3558237182527325,0.29177623958741894,0.3443622074594856,0.22804108593375416,0.39623773606280555,0.30021458171199006,0.27525013199427145,0.27157411334881354,0.3638722308578623,0.3857373634734018,0.2845021304021531,0.34481123729905694,0.25530087191123396,0.2790246787872229,0.2662538674680421,0.30476834463817704,0.26681807933517254,0.33524483413465633
0.3923019988756161,0.3037240977156156,0.28554190322377787,0.2685599284711326,0.2900588800672108,0.32623098554130064,0.2512480937366422,0.34333352290226027,0.0,0.29004532221123475,0.295869231308503,0.29556845501419676,0.3099986074615458,0.31909212940799103,0.2907064687892348,0.31689183140476257,0.29509639247539365,0.34324032347293004,0.2663397229266794,0.33886472363415765,0.2847504687138993,0.3317959417256263,0.24221570413919824,0.22239690142317486,0.3198792012409244,0.24970025734490003,0.2789842040961492,0.2821585628025849,0.2488210288790805,0.3315634528582346,0.3913674112961547,0.34505265350665704,0.2829401510280355,0.24766601564989676,0.35267186134496525,0.3120906456417767,0.28682996079076095,0.4050239066710862,0.2859256767238851,0.25703849940105267,0.2701745171564766,0.36592597263385307,0.2852745675556348,0.31469109768265613,0.299610502588686,0.3011533340187065,0.2539437616489916,0.28098301229144335,0.2743643347791834,0.3266168533539916,0.30027326733979137,0.2661253793418821,0.3049295750380155,0.26415655838026053,0.2921420909534809,0.36592860163301866,0.31867066411002676,0.3546292280914367,0.29067495109066366,0.2775501500870167,0.2787881486072642,0.31719505529771763,0.3026121123311658,0.2884899931683053,0.3151436238056467,0.2971796610999292,0.3342726471208158,0.29299858952451596,0.2889511403632266,0.3432599494414866,0.37155180569450547,0.29986697621952474,0.37187362631325616,0.2869102238483906,0.37405230502177467,0.2866183443039633,0.25585540892768405,0.24922968053518024,0.3157178347303616,0.2559670117186929,0.33285558114850333,0.3811529747485982,0.3477890549327482,0.30773735602630403,0.37333995074921494,0.3796460443490986,0.34416715899386324,0.3481618830094858,0.3239343707099493,0.4002425379366589,0.3624834602981466,0.37566274116622883,0.32279762210297475,0.2797175658168648,0.39398549221390766,0.3245228865398836,0.29269877037697095,0.3163271097783372,0.32142443697008416,0.285887399494106,0.30067532118573714,0.2684248710417357,0.312363038910625,0.27774532950627057,0.41229310022719823,0.3093519629114799,0.2745274590158166,0.32314226888140835,0.2792669882142376,0.25446817359238105,0.2474139419577777,0.3954032205262336,0.36492557961664546,0.4253321402675015,0.314332947244445,0.3002283651467811,0.33236862306453546,0.28039765809540557,0.24601598384220852,0.32608135313309,0.3287727175911104,0.3098256882245229,0.30050686484110495,0.32356900303454034,0.43229839830706723,0.2772275646817783,0.30641949761276144,0.26865971836344676,0.2746161022877086,0.30219271469438624,0.43850440027473375,0.3516275176026508,0.3012080621133383,0.3905536158245854,0.2904408394505555,0.3225490083932354,0.2728017787935369,0.27353999975378884,0.29590389002835543,0.3671336588435415,0.29469765994737884,0.3377330675218354,0.3367798503409631,0.41348801242834216,0.3287383513300461,0.2982786396424011,0.3898416519140301,0.2927263480119839,0.34145307178312706,0.2667334932724017,0.3568976075997105,0.32957975610331397,0.2739173098720927,0.2689927729150819,0.33287194410297083,0.3620521117936636,0.2621987080830746,0.31142792705532063,0.2870086066655105,0.2993220684266432,0.2512841470077518,0.3648857262858668,0.3477964960198211,0.34572896102989825
0.35944032444647395,0.38733044784881654,0.32970483581708304,0.31559274405392407,0.33433437320262144,0.2866278792877496,0.3396649952059663,0.32011900935307364,0.29004532221123475,0.0,0.30912242617561286,0.27967350587762796,0.35705203595717955,0.34372422099633254,0.3186879865767598,0.31862992727810696,0.32310544736851987,0.4149738483122974,0.25900744086210936,0.2929407403690767,0.2953579129306748,0.29574918046938,0.3928484309073393,0.2656060754367059,0.4504548783788923,0.29022223191078506,0.29780621075799996,0.2961547431515141,0.387738141136118,0.2793122897286413,0.34581284126508005,0.32983451432302574,0.27266837101635205,0.2712096905990364,0.3627486115732524,0.31571076088216926,0.38496954674091305,0.33777253157014137,0.2537091281652609,0.33719408112710164,0.28418212406881754,0.33429174210646523,0.3117470458844258,0.3148162058320102,0.3196950571339644,0.328656645138767,0.3041030816922359,0.32541102397459143,0.4381498204623011,0.28326033847173493,0.3222257811458861,0.27096140377037403,0.28528665305832523,0.2950516904653079,0.3537540692138248,0.36286190718218814,0.2966569826129359,0.2813108427177202,0.3833045691782652,0.3140733050007852,0.29850483800641525,0.2631883538591893,0.26647651980967096,0.2822221127376343,0.28841679166316153,0.28397629408231656,0.3201956772722651,0.32741963184287254,0.3302945124396664,0.37223270811849124,0.30809041310120083,0.3887004356589782,0.27535435736831776,0.35025823110069826,0.2923698149023866,0.339844676871561,0.28681749179674104,0.39133220775944677,0.28535248467476537,0.28171885971281363,0.337202603364619,0.29409174155588613,0.4004981711726596,0.3331698591792776,0.3241031874432642,0.3386942521128478,0.31405937384008964,0.3493515124977212,0.37454897776075635,0.30180543592106085,0.33553115242765286,0.3143444098534343,0.3625572594794982,0.2691573881739597,0.367753477903901,0.35559033964403136,0.20467165068610865,0.31240820923436874,0.2905304854184842,0.341494844238114,0.33246115688372574,0.27827573336449635,0.30533931911405393,0.3598676939770136,0.3002248609382143,0.3098976148990991,0.28076453303960053,0.4137249999849261,0.35509691199289706,0.3392847254612189,0.2804477075991944,0.3216652698582277,0.33649092750100573,0.3433502675987302,0.32587528685167266,0.321300151920814,0.33820406055261426,0.3584927047072019,0.30568411720348776,0.32815984082112293,0.3179656245079808,0.29699679446959226,0.27910474479911856,0.365167420769599,0.30278208551919367,0.3685703239986027,0.2727727257057315,0.28444903547447675,0.34991379957193725,0.35669430737014524,0.3596973442775012,0.2660317205820386,0.31102168164673,0.2696786223475513,0.2737712162732193,0.3052967500620901,0.3148696525296144,0.36058188061877017,0.3395777977968206,0.3463697616409118,0.3330264261638962,0.3419551337580865,0.35759989991896124,0.2852008873660015,0.3697940332701426,0.3255304403308119,0.2715760078134833,0.3968958260378587,0.45442601623705176,0.22821082702409193,0.28671982589314116,0.39440802119473567,0.2601228635627371,0.33642108472250803,0.3440462664367486,0.3521251965381355,0.27147953383921786,0.3870646693670303,0.3367167434754858,0.3507716985725815,0.41894818107871495,0.3805206653574559,0.33129305187887936,0.3251793781359394
0.3865379877837049,0.33165357704572995,0.3913440349825614,0.33954806916052327,0.33018596912776665,0.3319975532065376,0.3091167828736779,0.33050588755230026,0.295869231308503,0.30912242617561286,0.0,0.37780034838061427,0.4066643723173462,0.2632569584660723,0.35968633464219546,0.4114614514007501,0.3884525824712645,0.3580640154269448,0.2914344153462891,0.3143340970485289,0.34423307275532483,0.3908348655570664,0.2972704831523893,0.3206645815206725,0.34280981148235457,0.3098097407513875,0.29610603982292844,0.35619351479623557,0.29932633879831805,0.3044844496986696,0.3126010209415896,0.3403635110465538,0.3114176748962573,0.2777824897915081,0.31358746418206385,0.33660676359029656,0.37617603704369545,0.321418996307674,0.3520413301974583,0.34428182472538016,0.31339606764135663,0.3367695897905548,0.3080398741773862,0.3567257088566589,0.33417215954750573,0.34691456139693355,0.2327814749878736,0.4038747800281868,0.34203901668727804,0.3143478118890596,0.39560906138601193,0.2942511966804428,0.2618217029362512,0.3464718409208321,0.41109855489030056,0.2556393423931562,0.35738935281286976,0.42199960783257445,0.3148731849583406,0.33360284005151014,0.3228961878054194,0.22953788967485056,0.3581183870036709,0.24063998385398103,0.2546892144915759,0.2977517717825018,0.3358980256436078,0.29063733533675085,0.2986881191078249,0.33408146740877015,0.354233411401506,0.2583825003616597,0.3022035943498837,0.4202342516757043,0.36145492934911355,0.25618957535669756,0.39209272905259307,0.30807959059384277,0.2836080628154764,0.2383359562949303,0.29601633496368845,0.2913317868124444,0.3242454603209388,0.30105357302799013,0.30611438081262987,0.34043190274170504,0.2967122050771773,0.27570403850242053,0.2949311298776202,0.29829588158166614,0.4042570311564001,0.2527245885225015,0.4031111075316501,0.3004992452952548,0.31426816940880253,0.29422036948475244,0.21898086233422967,0.24937906664384207,0.2143683009832015,0.31562604755681445,0.27637643274470014,0.2986098924216763,0.25630589301246937,0.24745012066310926,0.31792945745270007,0.3140228324120332,0.30136742413370726,0.32033367182063854,0.3095431618814657,0.3637462656163643,0.3582355468270563,0.29877377379243164,0.32366457760383693,0.29381751308915316,0.33155631619505943,0.37314950588492374,0.2859155046458325,0.313227798146443,0.31007115913223393,0.25139727307199394,0.3430621240518742,0.24646816379143924,0.2728867200157769,0.3977865460229684,0.24633056199965,0.36701736673527297,0.2370605361050589,0.3319759003837948,0.3144537898600824,0.27754918434766135,0.2580066364380023,0.3394362062218052,0.2920532616091753,0.2886187531858088,0.3427209615981765,0.27851628178970694,0.28043577390764235,0.2905156696762418,0.3096474829423449,0.3351207394732789,0.28563214941478715,0.28162378335846755,0.289174728341146,0.2916930090847685,0.34376507180583404,0.2479472847939523,0.3284911713869557,0.30416343456905387,0.293426874335304,0.22382303697340328,0.3818531245766573,0.2713271801014209,0.36385677099287417,0.2878299355452485,0.3288348269487058,0.345942469262594,0.360001704939467,0.37154044793593993,0.2772425202716517,0.2970980554514424,0.25492341891124115,0.2734165390976102,0.2276270142506436,0.4647572745577593
0.3478073971141676,0.3534149578959276,0.32423080849217356,0.33461261761858213,0.2638953251778627,0.4103595628165442,0.30220245840109555,0.33268690882782204,0.29556845501419676,0.27967350587762796,0.37780034838061427,0.0,0.3043167431285443,0.2126955884059542,0.32020363281642117,0.3349629693925409,0.35930236925873327,0.27313525404418815,0.38778002130389577,0.3461766840187413,0.40750772151514253,0.3167185090080327,0.26328053426902626,0.3214700076941008,0.36955548920743964,0.26941885015752043,0.2447215639226036,0.3047241962364297,0.2676474095891316,0.30011367062608924,0.3504817820201797,0.3446577934791643,0.3230075855129987,0.3312314038828718,0.29128976266881995,0.3295233084128135,0.32275087571571703,0.30408146113557843,0.41302831011768165,0.3086202414740817,0.36481062612147874,0.30883873669127865,0.30905583348175514,0.3731824520948583,0.3095577431458366,0.3427540802826582,0.2698889413852841,0.33976140624263873,0.30213770884468893,0.3551198345039973,0.4258284952130383,0.3733620467535599,0.2785078207614123,0.3665891133360695,0.37189009365815906,0.2796650568243384,0.42619146849152506,0.41237352572653097,0.2639317200566816,0.33600851978315643,0.30028414574096085,0.24068889107693597,0.36703001273918145,0.23236675144412666,0.2884734171240955,0.33765259426993577,0.2834302449057094,0.25393227389982886,0.22919758054733125,0.2754693439458293,0.32320812949871175,0.2423154912877524,0.288928763108017,0.36469590570190724,0.35734179805752136,0.2681265197518936,0.3200919508797062,0.2866371578605229,0.2917366295171636,0.24873314510232747,0.30427381463222397,0.33579293220993306,0.3163828626091002,0.2615899923855418,0.34029126182366526,0.3501406499944225,0.275440743181,0.27795497400509966,0.32641494181732195,0.3103044322963249,0.3347233583136133,0.30326254620547216,0.3525705707430459,0.36069526472801683,0.2894172819119513,0.3332943941258159,0.24611140180262897,0.3103008956746528,0.2165334351431598,0.3125862932021181,0.2508909688680293,0.28875217846383017,0.29276471690964734,0.3000403105209257,0.306477117567071,0.3233057539294641,0.37291159087775316,0.292547890797841,0.29870009582056334,0.39239416665670573,0.4734558343198173,0.32843829713006145,0.3225180902616921,0.2875652002571122,0.31105720550099397,0.3498331333785992,0.3196259050819922,0.3135672963323291,0.3536474229968308,0.2330875758742005,0.29433956640069237,0.2638528211930643,0.2941351201298145,0.3703787950407966,0.24354180851798782,0.37383128332883364,0.26865820872699947,0.3017316730149198,0.3342772066158988,0.25440513695130945,0.25954184477686115,0.33591005354310793,0.25212405618479483,0.33386803575620544,0.33686063308631353,0.26471046847850643,0.31211251498623843,0.27937651927760143,0.26492517914897595,0.35594573187795403,0.2522732730781019,0.26818377515788044,0.33761428135027466,0.30948417888239055,0.33398107576285396,0.29890591351535567,0.4289155179403003,0.2907107096798079,0.3236078714112137,0.2238067908195932,0.3875542780599419,0.2995984011814197,0.3145260009887368,0.27104112177183914,0.42093634177678935,0.29558559364495046,0.3216811882605162,0.36752608144209836,0.252687490795413,0.29881446119441746,0.22355793303069652,0.28171357190175933,0.2423499515781717,0.3731636606115367
