0,1,2,3,4,5,6,7,8,9,10,11,12,13,14,15,16,17,18,19,20,21,22,23,24,25,26,27,28,29,30,31,32,33,34,35,36,37,38,39,40,41,42,43,44,45,46,47,48,49,50,51,52,53,54,55,56,57,58,59,60,61,62,63,64,65,66,67,68,69,70,71,72,73,74,75,76,77,78,79,80,81,82,83,84,85,86,87,88,89,90,91,92,93,94,95,96,97,98,99,100,101,102,103,104,105,106,107,108,109,110,111,112,113,114,115,116,117,118,119,120,121,122,123,124,125,126,127,128,129,130,131,132,133,134,135,136,137,138,139,140,141,142,143,144,145,146,147,148,149,150,151,152,153,154,155,156,157,158,159,160,161,162,163
0.0,0.6333027353599804,0.6129047960846679,0.4795411815642129,0.5748988892662077,0.5879415980487482,0.5412060166751806,0.6655701795702432,0.6629912756249907,0.6396661395177118,0.6670573388547983,0.547527309482907,0.743728383334178,0.6049827784316659,0.55936931632726,0.6622819945827164,0.6516790767085485,0.7271633744802308,0.5078717663864725,0.6237635459614735,0.5527499608681262,0.6087204904340394,0.6317020338622807,0.4929280394023452,0.656329379843858,0.513679410493484,0.5368887467460208,0.5988786854106034,0.5967306454328931,0.5261348736019499,0.5552569103845157,0.7011328752526308,0.4733369761428137,0.5202511085548963,0.7055349536763827,0.5955487267412231,0.5814870850272945,0.629514589027826,0.503640553202627,0.6555771431834216,0.5275105342371309,0.6576705966701694,0.5759424210106132,0.5088174928195771,0.5891319247879089,0.5511019150552589,0.529679074257004,0.5636954865471598,0.6547380564046292,0.6036286923234884,0.5928603870061278,0.525653115068792,0.5473257278333873,0.46920594237953733,0.5859475840028411,0.5826823521376667,0.606452677808219,0.6585218321417164,0.622420460136828,0.5971097300733781,0.5450327028775708,0.5246068701642158,0.6010220307011501,0.5513825378916758,0.5188774224377681,0.495318598373777,0.5494399441995577,0.528462706244798,0.5152298909801413,0.6904194877192346,0.5916780555507655,0.5353725230479629,0.6205473057881687,0.6385517461565542,0.6136055735125447,0.5007662431031293,0.560999874429268,0.5288287418237427,0.5258742180929182,0.4722853552302602,0.5629048013877527,0.5607101340404965,0.595354582123925,0.6157896112297365,0.6206796165042581,0.6910520290399866,0.636659990440032,0.583257315406593,0.6000279463669907,0.5084163329744328,0.6653024011555391,0.5274427313638909,0.6835475913864999,0.5192643614661069,0.6422867573515877,0.481919931773353,0.4157045851341106,0.5245296854942259,0.5526526119433411,0.5774040730034178,0.49459092457242076,0.5234488711760358,0.4713182255371767,0.4454617371849551,0.6566489704305616,0.5773599074380108,0.5003827746484019,0.727354464092156,0.5614983263809659,0.5344900827975683,0.4971876642997967,0.6180045315318172,0.6388713252381663,0.5862171669796115,0.6190170259750469,0.6824389896888358,0.6589569219225453,0.6019047405123166,0.5177547988589896,0.5530293208671104,0.5937499038288717,0.5172843303725078,0.6378114198940936,0.5642230961978695,0.6099608487232535,0.520234147564702,0.5656512076160995,0.527432681275146,0.5909179960385714,0.5226924582962535,0.5750225149495529,0.5705147020845439,0.5463692244381915,0.6105307399734088,0.49723218424042437,0.51620732788964,0.5402607592297842,0.5811408285701536,0.6716711745407148,0.5854368868313433,0.45591262622588186,0.6150718067742319,0.6084997970265568,0.5981919320178389,0.5505859111891501,0.5699535881018,0.5880431364513393,0.5262790447290309,0.6785593166100309,0.5022022551569556,0.5906093176044064,0.5924606308522876,0.4753382390646648,0.534115308057161,0.5512479682945687,0.5609828477200993,0.5962929452424619,0.5567293656674279,0.5096885944888147,0.5931870320306742,0.4978132953473094,0.6209473943677716,0.48954880367353265,0.7412865898589902
0.6333027353599804,0.0,0.6085469335313874,0.5336199648349065,0.495773344256777,0.6825591934589638,0.5464901637634552,0.6917730311038023,0.5570244106073059,0.5514104068917284,0.550236090843168,0.6537801810302061,0.5942674703683158,0.4949992058442386,0.6217253732687349,0.5254548066417434,0.5749439181071385,0.5329600819364065,0.5893506754180033,0.5927314989037898,0.6451659781319237,0.6157421944437422,0.524564209174535,0.599041187274742,0.5765347868216291,0.49249703000277173,0.43325978901121664,0.5295203868590846,0.5088677702821818,0.4284070191066985,0.5665398397332014,0.5832871329937267,0.5347608890899331,0.5747065220784866,0.6030965236855051,0.6188403190241342,0.5070019508217354,0.5026094269654553,0.5727942595279607,0.6681713153280284,0.6128977464227728,0.5927291208456386,0.5080030285077269,0.5257815164418151,0.6304701830681841,0.5701642877995758,0.49887162273651486,0.5302642004973649,0.5431185060168492,0.5885385280911909,0.6312863693181624,0.6178537070457275,0.5884889390976191,0.5726655354415279,0.5596637114494387,0.5796935112690346,0.6152219408028897,0.5765967682299427,0.5761294096586135,0.6155587074965021,0.6291169992673121,0.4874093355282791,0.5946838591074831,0.47758400522300787,0.5581467344080404,0.5269025142153997,0.5753651908227321,0.4772228457850769,0.4102211868733353,0.5293955925433295,0.598623549818942,0.46428002386636436,0.5650566689002521,0.6716029120895415,0.5600512693018569,0.459844652759408,0.5425024597219744,0.47616040100960927,0.5228248932568625,0.4383192066756059,0.5561917527913758,0.6913220414708061,0.5461766628129402,0.520287974581479,0.5934211036549709,0.6938165194978079,0.5491061678000227,0.4877802580426252,0.5339935711451901,0.5631805764896484,0.5305243499019051,0.5825713259380367,0.5672961215293947,0.5655836361847192,0.6025866060378932,0.46914242820631286,0.47591014652913455,0.578886335433846,0.48435591972656955,0.6609803169897218,0.4562957569230476,0.5076394825588131,0.46325830982632876,0.44267492759811194,0.5880666736548414,0.5603771961297477,0.5457762995962019,0.5838916715385168,0.5673052843814175,0.6383942466391751,0.5803314551442579,0.5571329243342732,0.6441304810042009,0.467385943814458,0.5779189814361202,0.6615845519524424,0.6204857874985465,0.48140607551232395,0.5562032075138794,0.4659547411062149,0.5231646004648302,0.47304464995287754,0.6541202786823297,0.5797309327955668,0.5295774762765272,0.5165880425972758,0.5920108986154133,0.5442400954462552,0.631651342496373,0.46964332026405325,0.4802517575155242,0.5571806969665523,0.4600865987749632,0.6709028103236231,0.5721220768905462,0.4947002827879788,0.49273584637791984,0.5464988139635322,0.5739741478737366,0.5395892421588128,0.44336899912704664,0.5071517205488298,0.7427999929831981,0.582180101044945,0.508832445525858,0.5203063274325646,0.694490737430796,0.5050817516068694,0.573391904659068,0.44284981653597844,0.6169381648549712,0.5240104071272649,0.48271226731323313,0.538600443046913,0.5831151378827302,0.5555515018234473,0.5767560765806572,0.5730188393352744,0.4902634646197216,0.49631945103349395,0.4653437340097648,0.5304693473704835,0.46072271973061407,0.6354131660759061
0.6129047960846679,0.6085469335313874,0.0,0.4589413420110402,0.5862897161042209,0.5976937453202464,0.464454391787259,0.5879180678707802,0.5613340662670608,0.5059935254319845,0.6106199696716952,0.5214368969549151,0.6044147170126095,0.49987964831221354,0.5078491408348815,0.6001526868526567,0.6707912563883294,0.5611679302134104,0.49777212581930885,0.5731949847583868,0.6129979227944342,0.755153365093979,0.48039104179105735,0.5127805946951232,0.5066844236789431,0.4741901521458269,0.44438992157160906,0.5260634477127377,0.49005341484440873,0.46342907795452654,0.4633783200205584,0.5555742359204913,0.4488473218489646,0.4545705299935944,0.5332751827262312,0.5439290716251226,0.4774022528167845,0.5268105040089754,0.4914053785158632,0.5915267808192395,0.5199458004109425,0.6749157453893603,0.4967154430035707,0.46687598104427164,0.5185333140873565,0.5029690964284028,0.49232767395507865,0.5108132039862158,0.4973479386183949,0.6043455050301564,0.5586336122913912,0.5626585391504019,0.5525721114734061,0.492301244124008,0.49597107779160693,0.5125395738793838,0.5852962510297006,0.6206618119856591,0.5306224800227013,0.5522504808864493,0.5420387725446174,0.4768002231423142,0.6265605736366501,0.4887753293433655,0.5116568263342766,0.48102103429971527,0.49450805772954737,0.47430477877793503,0.45658384272850777,0.5349213753287965,0.5655551013342621,0.4420411533074861,0.575530344846615,0.6372669840973659,0.626809441228931,0.40919589878786383,0.5275985835741022,0.4692050976494479,0.4668517356904808,0.42171904826232165,0.5278009657251822,0.5682100938800704,0.5279315821164083,0.516040050161874,0.5530426488468564,0.6266612119870625,0.5093216608072221,0.46249268648161407,0.4699810555048818,0.4763215464445798,0.5804833148909198,0.46099357167588545,0.5603517047593463,0.49024587554691984,0.5816687562886044,0.4219523424013957,0.4369131722618404,0.47247111527029595,0.46855008555412736,0.5103387862066441,0.41447365197820674,0.4763906494255193,0.4111012593249087,0.3945064740290686,0.5550723490960058,0.5482668643687055,0.5062667845037738,0.573118292327048,0.5057981117793863,0.5369139719236314,0.4824014350649337,0.5377882585284572,0.5608240173863771,0.4838678286336626,0.521505831354593,0.7026179448192326,0.5170441545655323,0.4818874926581996,0.5270666319869944,0.4609342949649695,0.5667582043909705,0.4431596282473921,0.5807790074781306,0.503099371673992,0.4978612273306827,0.45120627252057255,0.5720171256594426,0.4968538505165929,0.5364700591383929,0.456831208204254,0.5023395272424998,0.6788982311443227,0.44758295842804513,0.5882862399703859,0.5075865769526148,0.4794696917728127,0.46360491009039373,0.48857517503555115,0.5462097018396933,0.48947085072013957,0.3957691111108973,0.5268222943659733,0.5766377571561024,0.5755833826669782,0.47743205914578335,0.4705879475529818,0.6466174233352158,0.4701707629898282,0.53654750057307,0.48476936312771335,0.49937755250146065,0.4722399315407324,0.5177355048516672,0.5251055075569222,0.4938813899726441,0.49252713633284295,0.5453047302802292,0.5125443283429374,0.42659666953560327,0.47659254450490207,0.4362824458764766,0.47881080654003133,0.43242601672784853,0.6749549587230897
0.4795411815642129,0.5336199648349065,0.4589413420110402,0.0,0.43139729538250887,0.5884449844104522,0.5291022585183595,0.49530019389429886,0.4161158033894398,0.45504706448940657,0.4834297051225974,0.5786419168563736,0.44040689147183987,0.4078557841333168,0.5295751037162437,0.4119749922836712,0.4533904019119217,0.4280935844513263,0.5747597956493431,0.4208656565777353,0.5103299360212095,0.4599682520315429,0.45213180054904245,0.4756922257890761,0.4937904955745297,0.44518230881702653,0.37048053909643625,0.4595260356137399,0.46702022125542875,0.3591676492042229,0.477942965300741,0.44929930052702943,0.6951570112537899,0.5056829666066623,0.5186812206479835,0.5320066062080305,0.4269595398526851,0.41443578988751845,0.4683043229323869,0.5000139125336092,0.6007344284016841,0.451498477627741,0.4318889958771253,0.5559223120946949,0.46803575752584736,0.4334475474583587,0.4030922849335767,0.4770415027591745,0.4548155316667513,0.44562297001486356,0.540956274032354,0.6058248183623632,0.46204937154836684,0.595329949375155,0.5299317375094127,0.43718309570340125,0.46236249132617996,0.5169382543275369,0.4545935774532998,0.4474554873793991,0.5006088776417261,0.3986098715310795,0.5435402876767965,0.3878367370726127,0.44260756916048477,0.4237482157308905,0.4474918346683228,0.3969524282288792,0.3584828896926247,0.4551354178781825,0.4556835293667899,0.3911232130048396,0.4784291212298338,0.5016793279166739,0.44721387680403546,0.3977525345510489,0.4323956883201373,0.4172369195197662,0.4481931931154318,0.3884223774994385,0.47320761602510486,0.5370547686778767,0.4231545677405383,0.44066192148151184,0.48497515362831156,0.4755988241960262,0.46444712270844535,0.41691086250104914,0.4341549865630117,0.41126094266327895,0.4811689790357859,0.5451159368409206,0.4765657365636406,0.4506097048851471,0.48463157022234044,0.45499922160272194,0.4029249556128467,0.545581238842445,0.41314075035584397,0.5200318261378214,0.3958303275317374,0.4180073648518551,0.5046066452149803,0.48452512029010014,0.485977729817068,0.4177908230306915,0.43565314709814834,0.4672418656600274,0.4490341911284588,0.4674619994565569,0.6077370203512694,0.4618267252489518,0.541684957665881,0.38947521761825976,0.4987483574857143,0.48253241982714046,0.5193767060018343,0.393976067949801,0.666787736331104,0.4240326649952304,0.4060171210622479,0.46075016108574235,0.49050974570248895,0.48455157793242,0.43785993355291863,0.4897591000697747,0.4542812070670014,0.41283856832046156,0.574491022334471,0.38905509438116,0.3795932646790405,0.4226604309786735,0.3820858984204753,0.5488847065166799,0.44878492157873107,0.4007660291517648,0.38707267993351907,0.4736135282342437,0.4442774233335218,0.43496100752959616,0.508513605420115,0.4031827232151163,0.5194595701027097,0.4768161424738708,0.42891325310436496,0.464005408685392,0.4800607407756975,0.41327726183964775,0.44943612555015816,0.3648651961566588,0.54461515256962,0.4938593716315065,0.39905081007995796,0.3922993912569875,0.5572024474151264,0.4293296441374257,0.429858346494214,0.49086481317905156,0.5629238946245946,0.4430649584720405,0.41520059765384315,0.47079156722038684,0.3908810861351525,0.5023572730487752
0.5748988892662077,0.495773344256777,0.5862897161042209,0.43139729538250887,0.0,0.5192692869392422,0.49379482006450665,0.49128138151516476,0.5074932667793997,0.5197935662399586,0.6083678178919457,0.4845199113868908,0.5571034290074415,0.49203085314193445,0.48362522055372353,0.6121998773229792,0.5604711278831214,0.5525219372395159,0.4308069100221972,0.4679962534074175,0.49011717163346824,0.5393651898861463,0.5182608113592879,0.4448030925593073,0.519078990673623,0.4980961152763341,0.4694706395613633,0.47466664400822384,0.5609723673492849,0.5349470016918118,0.4547556987244037,0.5351084718114255,0.4352092486297268,0.42698702856108545,0.5222663084055703,0.4931386688901343,0.5127194194653472,0.5306986914885745,0.43942001032433925,0.5328682893142871,0.4753994935893531,0.5653799049379695,0.5153881679976386,0.4861298027848376,0.459898408623084,0.4554316973966878,0.5266491138602222,0.5427200849971171,0.5265965996754628,0.4972545304747201,0.5076397283635973,0.48842315209599163,0.44752546170211766,0.42051016141225844,0.5021955678639716,0.49073086718421915,0.48637804390289163,0.6370939147922883,0.47320505752440256,0.46894888650396943,0.43464100305504116,0.4612559638181073,0.5417674434025651,0.46357837445410033,0.431248454930626,0.4126321998593562,0.4401841980036968,0.5055661785275266,0.4797707127714411,0.5449965666739051,0.5071748251471363,0.4508773982722882,0.48546230457627426,0.5161012559292387,0.4989127214034175,0.4223485912087855,0.48477983525558693,0.5546712834063601,0.4470653084422653,0.4602252044622976,0.5050268357286878,0.4588127241157329,0.5596091092929086,0.5068318280052121,0.494786871320182,0.5239118379612016,0.4958945149019977,0.47432826462107525,0.46639193746369584,0.4276181978193047,0.6665962494360882,0.44306250150157933,0.5865167368814012,0.4238318450732535,0.506519688436192,0.4559486897706182,0.35848132754458817,0.4465698174912497,0.4752473718411599,0.45107552435663734,0.42493711920387234,0.4400895880330797,0.4236566026769441,0.4155441874535292,0.4994258247008531,0.5043543063954451,0.42569987284376337,0.5582710390361243,0.4843762270185013,0.46404315274605606,0.4441729672623706,0.5099061187668148,0.4970985103449874,0.4868727066292885,0.5054381884873761,0.5752590435102543,0.49436812486583487,0.5156031545732193,0.48635915218713177,0.4892551301749841,0.5549504249851565,0.46365466163129987,0.4984448620687315,0.5037044512437018,0.4858375669837352,0.47552523616590453,0.46445609733377224,0.4724118694392896,0.49413429821490507,0.4612199772072044,0.49321440044340165,0.5142668473102671,0.4494474636906262,0.49184367840478455,0.41614537637100707,0.4579256155527405,0.4856930975707828,0.5079989899774334,0.5077084567098609,0.48500080678820734,0.41503644534395,0.5277214333265633,0.47088092783426233,0.4851281253826695,0.4893973625157373,0.49382449246439,0.527387012557907,0.4727603338867428,0.5289766974224155,0.45818872636662183,0.4617690277569462,0.4966080683877777,0.4196223583844078,0.4838038451623966,0.486110588664039,0.4555257295196302,0.47886160316879683,0.5230936641820754,0.4484725854887235,0.5150640614427684,0.4452106383418097,0.5004142915924288,0.4272491162833083,0.6147426496616426
0.5879415980487482,0.6825591934589638,0.5976937453202464,0.5884449844104522,0.5192692869392422,0.0,0.5495111904724571,0.6089888051026404,0.5043490866866914,0.5221032619691701,0.5606856500357441,0.6853899095518059,0.543500234699119,0.4584459623236207,0.5827337729493718,0.5065194960482596,0.5498575967401026,0.4934417629361758,0.5877021477698247,0.5029611398639908,0.6172729653230539,0.5715123014555681,0.49396302464645025,0.5483276634534141,0.5597916402233216,0.4948944489995941,0.4086388239721244,0.5039163711195486,0.5127769143464573,0.4226209499994679,0.5298348069401478,0.5419886838719258,0.585248125009023,0.5369804486174519,0.5717143645374588,0.587461050065302,0.4915018026815268,0.4758029657830453,0.5235839716808898,0.5835022781495937,0.6227910050361422,0.57052588864562,0.49111183028589306,0.5687914493411715,0.5438930821958784,0.5034110973871314,0.487916091052807,0.5462295974421223,0.5065288875664342,0.5261040052516889,0.6147455301943764,0.7052894362173282,0.5223926147478054,0.5843040660745438,0.5558112421421859,0.5390477363001492,0.5447663749158561,0.6391957836479683,0.5021262453183011,0.5239926494028205,0.5650235186780196,0.4598001272503137,0.6440742971294319,0.4362962508253982,0.4949245319187146,0.47444385878052253,0.5024094581760812,0.4643820482544483,0.39763532663046575,0.5200170990969362,0.5526679822762658,0.4287776485292503,0.5351976177752458,0.6040245168746428,0.5301399591303042,0.4322965776937231,0.5005435259858287,0.47850386365944003,0.49309949411895576,0.4369128904492113,0.5549370387150657,0.6173469552561434,0.5244298417555457,0.503082555057198,0.550388303173777,0.598202687280959,0.5316981004183042,0.4560084655636947,0.49083819124035233,0.4916098833111206,0.5538776575474946,0.5676111322762696,0.5477608219047688,0.5034430248096042,0.5478267307146827,0.48536956593210234,0.43674708239878846,0.583402891282068,0.45890605153206726,0.5803556705990163,0.4261861704975405,0.4696289412257415,0.47580390693067787,0.46444862963733397,0.5493032187032898,0.512219298395264,0.49482800438179964,0.5574043387474449,0.5152221836657878,0.5729409122193984,0.6042263930303627,0.5195541187706857,0.6265053380931392,0.4387695565478027,0.5556383920698647,0.6278429753790439,0.5847903098723778,0.4481739447294551,0.6470500264191484,0.46344723417095657,0.4839848850381404,0.4811355829201801,0.5933935361271327,0.5633000534539908,0.49076071874825894,0.5247320698518848,0.5328173225561867,0.49913460755575917,0.632443224444195,0.43463453177703887,0.45371346780832783,0.5269462753962729,0.4271587579721311,0.6334409577349314,0.5041591731786494,0.45574286318669066,0.46130905963473523,0.5171359764567863,0.5031756082109554,0.49396174154419553,0.46428433246779965,0.4767526964665339,0.6067552588982122,0.5366668762629017,0.48419372123676807,0.512452896060549,0.6415695102777725,0.47464073442731725,0.5321714122877679,0.422201773627453,0.577545198167007,0.5186187937754975,0.4464006020749754,0.4766090551777094,0.6024618769963115,0.49549262093045804,0.507216342335233,0.5911405046884158,0.5033231513410872,0.4876291207205927,0.44778241081441905,0.515939131390696,0.4292846124193205,0.6176324126590554
0.5412060166751806,0.5464901637634552,0.464454391787259,0.5291022585183595,0.49379482006450665,0.5495111904724571,0.0,0.5334207606326462,0.45424991460052627,0.5948954241563427,0.48965970187083124,0.6167083475077088,0.5205193623689565,0.4496086352937315,0.6666374992236753,0.477115423152567,0.4566337690609474,0.4831032614457821,0.4833989991204272,0.44733679877651716,0.4951988246776142,0.4497395161416532,0.5972385525393888,0.5144810256286164,0.6539812946583622,0.5643507003537603,0.421700822281867,0.4428399657713817,0.5688161489306666,0.42287498360635184,0.6296291922677005,0.5437511182234799,0.5784933309129047,0.6003693616463459,0.5546352884483522,0.5345847801127683,0.5899195823434074,0.46260846934619804,0.5106142822092017,0.5866355571630878,0.5596373739421298,0.4653518672497396,0.5495327942366949,0.6401198177166414,0.5561837641279205,0.5279004453717123,0.5318796401451408,0.5996441165888033,0.6130178865499938,0.4589588882595337,0.5801760538162101,0.5182039872970822,0.43939066762931206,0.4779491631411478,0.6195759625299806,0.5509055712122718,0.47975762194761346,0.524369850712648,0.5035960860100995,0.482187843432866,0.47436139874455563,0.45965839279114995,0.5000179073637233,0.42148840955755285,0.45558465664955367,0.45181155313321997,0.5229702517158421,0.5282578734359231,0.38867804013953283,0.5145813266740312,0.5327149462132884,0.46934304065372867,0.45024714067085486,0.5230209367325385,0.4239110384195717,0.5298841730659282,0.5044399667033045,0.5802312757607149,0.5342818581122337,0.5051590548091246,0.5430988677900477,0.5048875158122741,0.5702953742081274,0.48911469815051206,0.5126502404650981,0.5219219351481862,0.5494610428948322,0.5125633287201861,0.5614793398514145,0.5009168608768727,0.5163564747373739,0.6281098248572922,0.5513313715387277,0.46994961179642275,0.49677879030700267,0.5961266497413812,0.37823463797384105,0.5891478654735945,0.4640882517239139,0.5819804032479485,0.4941323279084942,0.49240974419555145,0.5690692792399844,0.5473748637101025,0.49724355371118106,0.5110263631014674,0.4542295842221475,0.528275294938718,0.5743247804176213,0.5416812200291397,0.5687468248187998,0.5105785072575497,0.5604075262970535,0.43611811813225027,0.5629967050787437,0.49706490730976605,0.6030753506070414,0.498891019353521,0.5135844180548639,0.462615036741598,0.4671581120097117,0.5324127957859814,0.5177180495049809,0.6690336686149548,0.49112191685596135,0.6864384002849208,0.45284900342820744,0.5259028814554414,0.5759574101907594,0.4789658689363139,0.4239830217876271,0.428905559106802,0.4528914287918911,0.49187740511562905,0.4499875522919815,0.466630273205581,0.5242791688530714,0.6200364884125313,0.5192337455409153,0.5580938213044498,0.5409400181375602,0.46474549959755485,0.5211479528744489,0.46240588743127586,0.5458721053958336,0.6147748093277626,0.5155016580173251,0.54435403016218,0.5545627240162986,0.3756773952066435,0.5927873885283221,0.5814863346162575,0.3714084666920509,0.49329328184903015,0.6737813240062913,0.5340559278174117,0.4824424261228671,0.6758990297837979,0.5947674414959319,0.5489323076384862,0.5141581648281116,0.5653274707441769,0.4727764611428516,0.5234212516389232
0.6655701795702432,0.6917730311038023,0.5879180678707802,0.49530019389429886,0.49128138151516476,0.6089888051026404,0.5334207606326462,0.0,0.6091359913142975,0.6066132721165653,0.544732778057788,0.5874811093232886,0.6536865920514936,0.5320732654538437,0.6103912656124753,0.5600807938215756,0.5580181190249384,0.5795644116486227,0.5201177871195095,0.6069974484683545,0.5798422130281604,0.5726028547474905,0.553573872169941,0.5295593910174864,0.6285793464969329,0.5248665815652384,0.47005197066199195,0.5193683092390314,0.5235298745356484,0.45068318056831647,0.6139607198261813,0.626618646790957,0.5041298106416466,0.564041427134197,0.6204567775536557,0.6234633890987693,0.5629754953756345,0.5579674030376501,0.5526553517862064,0.6434413442926011,0.5669696429732706,0.5788595528324281,0.5620671980646029,0.5144730968360345,0.6971297369647148,0.6034227013922412,0.5237202222923479,0.5465314663891,0.5760147441039694,0.5887589278375105,0.6054920780372182,0.5470719370384803,0.5446859805995716,0.5030267134080972,0.5717348962500476,0.6216602664272768,0.5951684073438492,0.5821133268678496,0.5977788706659248,0.6110629347101608,0.6103252024433805,0.5294039477996562,0.5829130862208097,0.5120301070358719,0.5453041415700081,0.5354619789692738,0.6144449311738407,0.5235109393244823,0.4458514273587889,0.6111296298023116,0.6351841941125934,0.5076834285528209,0.5698338782348831,0.646305343035417,0.5581365134793854,0.495803499286125,0.5604725101271361,0.49901818809531945,0.5749705161896027,0.45603776501663873,0.5757440427384667,0.6340704158977908,0.580959483195393,0.5855483517036384,0.6177443856431949,0.7672719393675643,0.6528218976299656,0.5463571111401686,0.6048366954809001,0.5957170276738919,0.5481397657573068,0.5816648031059968,0.5787714421822164,0.5365509271991499,0.6146676305312313,0.4935478751464979,0.4607257398590841,0.5814799647808441,0.518836408249954,0.6587427770486705,0.49315188326355147,0.5663700673847514,0.4867623147217289,0.45784892681537587,0.6338305347378083,0.6085260693452162,0.5440716447883107,0.6254786367974157,0.5903647865914228,0.5830261803127371,0.5200771199895226,0.5992144792961072,0.6593860986737563,0.5215891178975682,0.6135109762799423,0.6173527931887739,0.6369651428270976,0.5212592052924969,0.5110785438470818,0.5048569292225306,0.5398864728662071,0.5316680718295184,0.6370551498996379,0.5836658245139303,0.5647338300485769,0.5363699072939461,0.5855348822218999,0.5804032150756517,0.6164785820728957,0.5196709482572426,0.5194458015724042,0.5585877486887505,0.5162969507027403,0.6205167508314134,0.5499234994949752,0.5134639272374721,0.5317817327692489,0.5758159045986836,0.6456199350582402,0.6019055814971215,0.45917866867058144,0.5465985979626351,0.65800531268497,0.5969082181677882,0.5518770308628229,0.5672028054540497,0.6511886706173613,0.5435731737842998,0.6470084398875832,0.45914556470029244,0.6377241904148186,0.549257592725975,0.45445440655415115,0.5663013270009768,0.594751845934134,0.6235642411283865,0.5609846882382054,0.5839167303101809,0.49126633151920557,0.5236853261304607,0.5028409127890545,0.5679425341939334,0.5083120942660849,0.6116399362259305
0.6629912756249907,0.5570244106073059,0.5613340662670608,0.4161158033894398,0.5074932667793997,0.5043490866866914,0.45424991460052627,0.6091359913142975,0.0,0.5727151148134204,0.5492348758956509,0.4714702660800431,0.6161006825440316,0.5768431656592213,0.47607507030322166,0.5768401538550523,0.5593231364028531,0.6478050418051696,0.43899015355182663,0.576075461984844,0.47315653905063815,0.5717021389076361,0.5382265713063713,0.4297715545789864,0.5524061542971568,0.443111689521584,0.5602469666213536,0.534436764334576,0.5053657644455328,0.539403245110727,0.4924469159592382,0.5626767836697124,0.413534452669807,0.4417506779392946,0.5827487560258974,0.506350295430971,0.5069047549000213,0.5876053472959035,0.43732137602035914,0.5253347052886358,0.45014170478515625,0.663557823310046,0.48715346576520613,0.4268007186306583,0.5177578793046145,0.48043431977325485,0.4866745826973833,0.46234613810687697,0.5290133009235706,0.5283021871197937,0.4783358074463004,0.44825431283193323,0.4868256323671471,0.4083893714053564,0.47050592716958084,0.5649166202709943,0.5118335135455929,0.5639403211723854,0.5301825604480981,0.5192475961057119,0.4762040478422955,0.47911658729653916,0.49606848551101507,0.5350004646498198,0.4598032558243633,0.4379539816037797,0.4869980218797334,0.48400202241472234,0.5290378852149205,0.6342551260335313,0.5140802215158209,0.4893997236366023,0.5531788717400715,0.523761872463952,0.5810230532058067,0.44411188738658597,0.4737410481732089,0.4631447606342691,0.4592405266100364,0.41178997886081314,0.4811834681578073,0.4996372124215734,0.5476791277868229,0.5493945755749822,0.5193376375855102,0.6301640634017075,0.5543861916440501,0.5155322110920153,0.5294157093037511,0.4956315394418168,0.5656702232547646,0.46865679913271896,0.534319511159041,0.4455803528268655,0.5494286113592418,0.4415005694911445,0.3895316728505924,0.47074221841076275,0.5157713130079848,0.4914568821733487,0.44458348073094583,0.46078503178863134,0.41433731029885024,0.4084706426823287,0.5604031241207897,0.5133444861520657,0.44069225181522803,0.6585106630580468,0.4803158327864852,0.466373132936797,0.41770540187672434,0.5294358792012678,0.5247292417408332,0.5866579461017732,0.5048792395421986,0.6048114704195073,0.5306207015221819,0.5254911424418304,0.43827819000455803,0.5437607910037221,0.5235823919462056,0.4686532383285229,0.5328345847714834,0.4697888494463122,0.5467030938367158,0.4430546752914904,0.5124169140971551,0.47922545284759394,0.48992619597718434,0.4810536562381584,0.7057245511643276,0.5265556403948352,0.5053697791337131,0.539517007264248,0.4469246846671406,0.45884685623640814,0.4970495495776049,0.4918003721417198,0.5880674917600326,0.5107019213016083,0.4057573026975278,0.5625182752359464,0.5288521649989757,0.5424188145587714,0.4804006044939883,0.5067108051088881,0.5449544018490113,0.4658411551410653,0.6046238054282695,0.5091606423163353,0.4898609882387769,0.4988766537091555,0.4561316373489976,0.5151325811277381,0.4724367917797432,0.506539562245234,0.5151926892527671,0.47994106307588286,0.4376102624161044,0.4832629254904301,0.44837481281416164,0.5320619830961599,0.46046196027570463,0.5891030163213651
0.6396661395177118,0.5514104068917284,0.5059935254319845,0.45504706448940657,0.5197935662399586,0.5221032619691701,0.5948954241563427,0.6066132721165653,0.5727151148134204,0.0,0.5230901099353112,0.5165290497875715,0.6369261647919254,0.5669121971486021,0.5675283961421598,0.5665145279833469,0.5007341149483738,0.6156782213323879,0.43671890837513266,0.5036736874883148,0.47386255478447964,0.4805054497249673,0.6866526480411471,0.4537144363134132,0.7855837597639188,0.5646692833548907,0.533762586741553,0.47874487738729943,0.6530801124044582,0.5034981866227962,0.6201448583405885,0.6207600147599166,0.4786706365523557,0.5184070254510799,0.6286514147102784,0.5474518649651852,0.6939730055382841,0.5898063628591693,0.4670344623848147,0.5916007739664942,0.5046017139236253,0.5320892043916425,0.6010514911064139,0.5254197102346927,0.5854625038405529,0.545024110792737,0.5973169274271738,0.5706867239651006,0.6831144325408588,0.49349561633893185,0.529717279304783,0.47067615453136796,0.4541639560222595,0.42090206743109443,0.5718328196872127,0.6697449429772518,0.49394339912988583,0.5584602929749651,0.5608414846233998,0.5090214495556421,0.47147983452816034,0.5241786041298198,0.5035588184790121,0.5120160813792375,0.4597852386611798,0.45731146203210377,0.548112358285214,0.6155824276228463,0.4891886836135125,0.678659482828155,0.563802877172751,0.5674627421122086,0.5014877566552421,0.5287320405708024,0.47707932315179713,0.5773105549259204,0.5075965524685835,0.6129152517143093,0.5587386703617707,0.516434592047389,0.5760487118630319,0.4906581392179748,0.6669162341203649,0.6190798968073702,0.551632337530006,0.614783893472032,0.6659590150916591,0.6229336293490129,0.6935077458874535,0.534863613534902,0.5840462567048449,0.567332195001822,0.590604460748153,0.4558632218740542,0.5506691014513903,0.589169358252847,0.37522899452404473,0.5660407093437252,0.5556806506919488,0.5634411152061315,0.5458540753761408,0.5134024112287305,0.5293365349964161,0.5198631897246431,0.5642757136377734,0.5711069629008351,0.4539941069193782,0.6896822865374812,0.5893239058147274,0.5043353158762631,0.46135463859012665,0.5740179249892721,0.584517743304647,0.5657781701132805,0.6014296448819619,0.5406418643452597,0.6464706042573124,0.5888100198280651,0.4726262166344166,0.5881784733596588,0.5235469851475748,0.5999591313329061,0.5516186486787936,0.5898527691163575,0.5864135392948475,0.5988416186727974,0.48596654736661654,0.539534204096202,0.5666968107151936,0.5736932433813748,0.5559380036008713,0.4699520757313561,0.5533879448532222,0.5066089589169499,0.4430012162581927,0.5029373277963359,0.6089536347301637,0.6454427703551077,0.6466045675899718,0.6210144110703958,0.5140197618036768,0.5713550145813967,0.5207703977147772,0.5105683762425055,0.605757161821532,0.6916349205597921,0.5243930281725055,0.5940729422108385,0.7706783470959442,0.44555005374544343,0.5566790801728874,0.6450937076590993,0.38564953716195743,0.5584796550352804,0.6002823215701873,0.587476376783041,0.4987164255762616,0.6172414574507736,0.5460818098565581,0.5868595098423737,0.5938695151343558,0.6809329856224271,0.5528652189630213,0.5565499821997902
0.6670573388547983,0.550236090843168,0.6106199696716952,0.4834297051225974,0.6083678178919457,0.5606856500357441,0.48965970187083124,0.544732778057788,0.5492348758956509,0.5230901099353112,0.0,0.5102395473249801,0.6080613891909783,0.5395385097196143,0.4882656181156437,0.6303338760901133,0.7040167442577915,0.619499442191332,0.5084894340597806,0.5401628369828975,0.5311570343846655,0.6198957549251951,0.5499359694928239,0.460680575573877,0.5378295971525192,0.46350055542346263,0.5072408217542044,0.6478247660520526,0.5611069924617806,0.512129243014486,0.4618577758289301,0.5864266841318538,0.4523312354895893,0.4610176198213074,0.5947560246139404,0.5362248639604724,0.4931022700531617,0.5587137247168346,0.4654112905043471,0.57628066967152,0.49332847093607773,0.6237131237067508,0.49895100307921014,0.4763776556345017,0.48683410564864493,0.46742499255037107,0.4526966399561148,0.5203070905559557,0.5560412520617771,0.556310781361202,0.5505423941956528,0.513925614946949,0.5206674505270676,0.4667768980770353,0.5468736380533653,0.47150775071964895,0.5631769736806113,0.7000010986554586,0.5324840813523513,0.5304044990732011,0.5093671601217264,0.4602210783274844,0.6048619872506507,0.49304297124675345,0.4679112771126137,0.4437995597033845,0.46810146584669765,0.45333154423314725,0.5008392839479614,0.5957978492528992,0.5035537389226463,0.46170603268994026,0.6003002554242393,0.5924216310979299,0.6357820794537412,0.4263697049550735,0.5244404422762051,0.4815138705095882,0.45181755038569776,0.43195774428314726,0.49497931007370033,0.505475101639905,0.502303876402708,0.5358142770170587,0.54933215566085,0.5549554029781648,0.5296914657969517,0.49404413760875093,0.4875180461138708,0.42537955100291985,0.6854946485929406,0.45429315018797267,0.644955250286042,0.4783576860430048,0.5754983652345512,0.42780158413738156,0.39141460216239815,0.4542657489710732,0.4854188328302062,0.49147109462656363,0.4322338727043068,0.46354063484693264,0.42694413298409417,0.4055484779012217,0.571701370683516,0.48890362777194146,0.459986981563779,0.6027183959023774,0.47813972183806064,0.4745388040472827,0.4825192030333011,0.5399396368815957,0.5559323508920903,0.5310848180667269,0.5378218763371064,0.6568442832062916,0.5441228640045677,0.5333935071290203,0.5322430142807952,0.5035316727576559,0.547125472902359,0.46173135767599865,0.5492308058374361,0.4944428411117965,0.5178927605556944,0.4649208498771916,0.5170258477122629,0.4570946748203753,0.5349862199015524,0.44861982646543486,0.5040910792784244,0.5568351108808246,0.482976838310476,0.5772207857902916,0.45640346435995394,0.45397249174738585,0.4526571765249755,0.4983467451377039,0.5512791641744395,0.49099540298846567,0.4231751509351756,0.5452236916267893,0.5365481968742033,0.5531493817937686,0.4763587356350365,0.4769655665157061,0.5195856602807094,0.4534818662973706,0.5338114954035217,0.4949876370222708,0.5151320159224977,0.5225912438465098,0.5056874011955843,0.4521422894151376,0.4865203663691091,0.465367951068253,0.5629606317109314,0.49073933146346027,0.4806711872816261,0.552904306183473,0.43100469634538296,0.5242116037555591,0.42074734752697474,0.7507804202591286
0.547527309482907,0.6537801810302061,0.5214368969549151,0.5786419168563736,0.4845199113868908,0.6853899095518059,0.6167083475077088,0.5874811093232886,0.4714702660800431,0.5165290497875715,0.5102395473249801,0.0,0.5134263311676877,0.4249361089521949,0.6456971226943222,0.47441270087027404,0.4948869066067346,0.4635056801681666,0.6060645857268988,0.4831675870037558,0.5882343514236862,0.5135066216472374,0.5149444838966233,0.6087624265451399,0.5694562013222426,0.4937366061777571,0.39557825377860784,0.4750804428513711,0.4892399719100478,0.40977223990572675,0.5704121004446808,0.5267149991631418,0.5950762204652279,0.6162522063231534,0.5353182068919027,0.5496395098704949,0.4980769804567435,0.44158884785994024,0.5610960518731087,0.5839693167255986,0.604183861268558,0.5107670236796282,0.4912583205532343,0.5775479219182543,0.565018769128172,0.5221013763570083,0.4822613117695624,0.5400916776455651,0.5222180025114757,0.491371910804577,0.612062034398783,0.6218179358730828,0.48461580633726836,0.5795840021693732,0.561116114939172,0.5306359111855035,0.5267908972290899,0.5630759516906059,0.48860975803788315,0.5139344801158386,0.5435790671733671,0.4372881042466235,0.5486497231300541,0.4093954227451246,0.48542220987528145,0.4722029829566135,0.5106810292021534,0.4601101986954836,0.3692465162705824,0.4879379461626811,0.5349434741793772,0.41956832506753544,0.47456328107425494,0.5763173898063455,0.4676880932167509,0.44661025281205136,0.5069965463294032,0.4820237819232061,0.5003028141363423,0.43764959767797706,0.5190275544029904,0.5962722499492928,0.5273570967213349,0.46241820376613985,0.5199540559703526,0.5581217322462381,0.5138678834950023,0.4494296558827409,0.498421851536163,0.5153183593344949,0.49944075272859056,0.5968175652786476,0.5236857105722876,0.5095383307338299,0.5030435298750526,0.4960801095402348,0.4259724618952976,0.5895846171635633,0.43165616003241614,0.5979088834018556,0.43033088015745546,0.4811391361460633,0.4833055059688831,0.4750770682508169,0.5025591021655893,0.5069936717686498,0.490881473006194,0.5221315538229022,0.5277221934483816,0.6146320012769242,0.6705302891872037,0.4939366335462166,0.5684549109848166,0.41418471872685,0.5300858771353426,0.5621739999251423,0.5741190138251037,0.4517947952860855,0.5634882156037763,0.4272485312775975,0.4608112369966864,0.4659311911851654,0.5517586647874992,0.6034428136970563,0.4622070515195839,0.554247164306807,0.4879538006524872,0.5226124091265136,0.5925241976354293,0.42743636104729327,0.42340159344440054,0.47303134165387284,0.41728812616965794,0.5585359253306322,0.5068351338836584,0.4442515002529688,0.4762401839846591,0.5235480017409263,0.49532862943145756,0.5095028231467004,0.4599096641831587,0.4451253459616856,0.5934956304205786,0.48639155235992226,0.4829002430911863,0.5187570775218865,0.6102383236335975,0.4824750235499121,0.5167639542104341,0.38422565443405016,0.6037114999726354,0.501628136855722,0.42246486613245265,0.48375582329200245,0.6329706282616059,0.5097627306592529,0.515250279632759,0.6204652137281933,0.5010233058750523,0.4801835267147159,0.43942146316183667,0.4968817136557231,0.42686351103355213,0.5619155061953933
