0,1,2,3,4,5,6,7,8,9,10,11,12,13,14,15,16,17,18,19,20,21,22,23,24,25,26,27,28,29,30,31,32,33,34,35,36,37,38,39,40,41,42,43,44,45,46,47,48,49,50,51,52,53,54,55,56,57,58,59,60,61,62,63,64,65,66,67,68,69,70,71,72,73,74,75,76,77,78,79,80,81,82,83,84,85,86,87,88,89,90,91,92,93,94,95,96,97,98,99,100,101,102,103,104,105,106,107,108,109,110,111,112,113,114,115,116,117,118,119,120,121,122,123,124,125,126,127,128,129,130,131,132,133,134,135,136,137,138,139,140,141,142,143,144,145,146,147,148,149,150,151,152,153,154,155,156,157,158,159,160,161,162,163
0.0,0.6356590110456285,0.5983662396319996,0.5191115244730944,0.49699365277865065,0.5701043586225473,0.5345572342690944,0.5973492846705285,0.6095651365148544,0.6016511954410171,0.6127285109819642,0.550894297899246,0.6604265894594288,0.5695060597998555,0.563025219875034,0.6039811826712654,0.6150799840836969,0.7107205006157746,0.6055631514772706,0.675322792119556,0.6149307727879335,0.6138590434679996,0.5513393695207793,0.5594238555967537,0.6630280042609915,0.5249964134068987,0.5124274929529643,0.5807194833034179,0.5841859268080258,0.5525085155365611,0.5923838607692363,0.6480317712150085,0.5235032774393126,0.4971218840281302,0.6648858160636056,0.5625567336722377,0.6385637234491759,0.6464535686659298,0.5128515917127725,0.6094764958677747,0.5671655151398155,0.5804069429876725,0.6199002969842522,0.5811882955146866,0.6021755431923136,0.5836414392667375,0.5537144485576314,0.5890460842870471,0.6644895200445086,0.6405636578326985,0.6238821323849656,0.6049254510421214,0.5360366876716951,0.5749274585742338,0.6012173159282367,0.5814598027792091,0.6935016053049812,0.5648047469960796,0.6145527736029254,0.586680371898305,0.5758316127739155,0.49463187820967475,0.6476858071148772,0.5360002513586873,0.5896181330955979,0.5839875799922923,0.5446237581144923,0.5827983600071815,0.5906284113882528,0.6351995371310867,0.6531809104582263,0.6125675419905307,0.5984915315096146,0.6291136251379167,0.6124768938030148,0.5834724030635723,0.532787498492465,0.5168314097922813,0.5487369464191258,0.49808040599318554,0.571688618946214,0.599950719383932,0.5853813335392547,0.5997755313917327,0.6135413221748726,0.6639323184464034,0.5886243401610274,0.5980198337174006,0.5878001405642049,0.5223026758198748,0.6048748135077029,0.5336386764905823,0.6374013874465747,0.6285167274334383,0.6145123800324511,0.5569592553496059,0.5192284371774942,0.5476890363075292,0.5109372841352942,0.5715588760899584,0.537884206103165,0.5339662203491068,0.5132493443200312,0.5259811763051864,0.6560661156252822,0.5708335641799764,0.5490454849927405,0.5726504295972683,0.5816669060509461,0.583142550534305,0.55732653648662,0.5904400167076201,0.5996486889000501,0.5217073010287162,0.6159959303293565,0.6107587723475274,0.6188543962447364,0.6417613706842058,0.5569588044455862,0.519495745312447,0.5863441769808407,0.522130467713627,0.5946377757441543,0.6001219021495043,0.5953657454707618,0.5782368449569609,0.5108553190584423,0.5153271815341338,0.5739280991558728,0.6149278474256189,0.5733473318240733,0.5800641547774639,0.5511130600288945,0.5569705072361104,0.5876304784083836,0.5619720305190729,0.5855999049102062,0.6015457906438985,0.5775882759702694,0.5790327579891249,0.5321626817695588,0.5738445403660037,0.5970852385288272,0.5555764602935708,0.5884010416409318,0.5416469064969476,0.5832194881695519,0.5098600991294534,0.6755698628909832,0.42966426176038164,0.6335051264309929,0.5776356204515769,0.5742703789860647,0.5332180001672571,0.5641619369692369,0.6044768982807394,0.6112798073958782,0.5524283779750122,0.5545452376536337,0.5992600711130134,0.5357320334852866,0.6602880062947614,0.5006178333033623,0.6378306454596195
0.6356590110456285,0.0,0.5943122546633156,0.5836895162824011,0.4813629825054763,0.6330879653397676,0.5693044096662436,0.6296846135979899,0.6096642134360059,0.6406011586435137,0.576082333314954,0.592870469993538,0.618303905735619,0.5969990083883917,0.5817236425132548,0.5659465953221552,0.575816803520301,0.5808982295226698,0.5976788670137414,0.5642542628714751,0.6110047469716384,0.6145704956749053,0.5235348438432169,0.560424378200211,0.612064215075313,0.5154448425327837,0.5192715029889786,0.5361148134715535,0.6787293097645595,0.5254217928782362,0.6234117942245018,0.6202400868069042,0.6202677341898711,0.49083979950257467,0.60704906483279,0.6074424250741128,0.6001401704392226,0.6226887757499827,0.5691163047843373,0.6337421101908989,0.646202189202904,0.5727205640412215,0.5276950915003186,0.5872475993083718,0.5953481991350293,0.5728174947887535,0.5312884259371919,0.5461858212729929,0.5990894400624426,0.5939069718804019,0.6345490276116966,0.5995204239421813,0.5737207609764488,0.6720152457089734,0.6463985796936028,0.6639843640232125,0.6369229200546468,0.5691243369650686,0.5766778667069448,0.630693449542267,0.6373334761222362,0.5306982952036754,0.5836429515153161,0.5159266326049505,0.558827485824193,0.5526953710242088,0.5882383661902985,0.5559187957153711,0.49780636357341695,0.5898958124994748,0.6395398960864079,0.5957038878804295,0.5619672870461954,0.6300367599160626,0.6110256763599192,0.569787509276078,0.5528297583686693,0.557278461451511,0.5259876573236261,0.5290044304138957,0.5992556459503144,0.6351539030744021,0.6421715531342407,0.5949486836123785,0.606141710034883,0.6803785798036831,0.5676745683677243,0.5582069338308271,0.5989606279750157,0.6163260723112115,0.5731696998407022,0.6042718559213514,0.646702927277234,0.6266429659000561,0.6628632905935464,0.6132524056895203,0.5732263058606069,0.5628866916396983,0.5345682219787468,0.6172304546243643,0.5896047271039594,0.5265396417187214,0.5061741653800096,0.5269332834595436,0.6331879355602694,0.5482758887585731,0.5631670510001183,0.5380350251955784,0.6068479841670477,0.5901259933424622,0.5760380705736812,0.5728102547211688,0.6121290194734182,0.5463224700940132,0.5990115241287549,0.6300699555074215,0.5954195474220196,0.5454916932585737,0.548471556847763,0.5649048147710563,0.5724391903757386,0.5670625765570595,0.5477243792681417,0.6606796225340317,0.5921422043453318,0.6507700685133234,0.5550546343952797,0.5682417414955657,0.5983675051426409,0.6014334183834252,0.5888535405700417,0.5905325411001966,0.57110917979785,0.6357973398776268,0.5738270780147005,0.5371297316849698,0.5329605015748362,0.5981492568786736,0.5280218542432039,0.5969851409296713,0.5577446003637396,0.5964182153365958,0.6983789375435542,0.5991534648820382,0.6071762108674045,0.4908367184958014,0.6358033468738356,0.569876165264068,0.6024956321711927,0.4478238062259412,0.6030720184314794,0.626296017749647,0.5533370674458186,0.5600661445563243,0.5872645293255869,0.6087442890479269,0.5980663195115409,0.6011959890790725,0.6023772065377083,0.608415684450522,0.5530643957638398,0.6577145116047276,0.5466425955892833,0.6029643891604551
0.5983662396319996,0.5943122546633156,0.0,0.5395529686973556,0.5420560359139904,0.5928452166859633,0.5423153493276257,0.5886038752134367,0.5285038647358018,0.6177692845945274,0.6386222548827478,0.5637152701176014,0.6533821759285675,0.5141372480561348,0.5154197149993812,0.6823794614955205,0.6782328462917666,0.5939740048659615,0.5554301027688848,0.5277495144607394,0.6761312368953565,0.6525751536092292,0.5394916778454851,0.5596191795522472,0.589541911734725,0.552523205910045,0.5198944293812785,0.5561378806918575,0.5697337765585304,0.5779039476083724,0.4973978882958912,0.6226414413130155,0.5107017212415308,0.47032242490324333,0.5036762870356286,0.5252150545846991,0.5889375692210399,0.5738374495197147,0.5014965873760104,0.6412345408376109,0.5449352689239625,0.639347591386214,0.5579541000859802,0.5313248602639689,0.547400618293578,0.5546480843308733,0.5478744606015918,0.5533665286121449,0.5934095599962047,0.5729760545694046,0.6331998037799497,0.6053066431832503,0.4946329697272255,0.5901998271874282,0.5735766193419137,0.5649611476450878,0.6143249040971719,0.6319176437945178,0.5517674012249881,0.5515134888679133,0.5723763856706715,0.4821813553402502,0.626120245745986,0.47853915722504703,0.5092591201083037,0.5301707776597188,0.5347303115830423,0.5826892658128403,0.5559670268542287,0.6031706555840145,0.6003791757174266,0.49872488139304805,0.5546298428326178,0.7181928073607318,0.6094812653672452,0.48256464131389293,0.6212430936532339,0.5824294297263352,0.4952162101050354,0.5036665039224351,0.5677879239132841,0.5591834787198995,0.6119843257648895,0.5404041855752836,0.5852119798590578,0.5954105322608657,0.5420969207867954,0.5238275227282216,0.5326446950895604,0.5099489444350239,0.6351248473728244,0.4878708460972062,0.599554781029631,0.5325769693913327,0.5935339348889458,0.5219312526351969,0.4825488144034667,0.5071416680468963,0.459002345635383,0.5457250567076011,0.46827684468511477,0.5569105514474241,0.48382228821358064,0.4831806850920234,0.5501464874721607,0.5880405478875319,0.5765508043817621,0.5624049653451485,0.5707482926186805,0.5843585292945352,0.565937188798226,0.5471032639837111,0.5675970701621619,0.5287521928105248,0.532803214884817,0.664711003703891,0.5282408081793549,0.571991986526473,0.5908520088184649,0.4982878319907225,0.558910688882366,0.5211255278367287,0.5192998279495991,0.6044932971399173,0.479119663817549,0.5563481622915754,0.5296592718415893,0.5367749345144193,0.5487809004651593,0.5413948557750737,0.5533215252654938,0.6924955705459013,0.5071526233766755,0.5113302626805145,0.5214788004016399,0.4740604196929941,0.5031610418373946,0.5230144910985558,0.5295620118334532,0.5423211975871547,0.4677968247098543,0.5521292185540295,0.5786349349459299,0.5439189933869845,0.5559272954987845,0.4950085087997004,0.5778226574530873,0.5396853121870804,0.5810522157911583,0.42882949398702896,0.5207746661075153,0.5096578047699093,0.5778687378860917,0.6038163375033723,0.5658359702914165,0.5501765642648403,0.5951174902374349,0.6261513104699196,0.48129436457457203,0.6089017197304587,0.5168728875100345,0.5215511470550989,0.49965381914766993,0.6043512173040984
0.5191115244730944,0.5836895162824011,0.5395529686973556,0.0,0.46512369793008634,0.5512664767041542,0.606864888744451,0.5724942290703556,0.5012624636998967,0.5805456434481211,0.5502041367355094,0.6006828667746192,0.5132446509231032,0.4897140450961825,0.5315810925696752,0.49315349587754753,0.5095619927924611,0.499997288893509,0.5634906604275708,0.45802521916796274,0.564721301292071,0.5341898764858782,0.5344813228778507,0.5123190661852972,0.5828570068741078,0.5223677444157107,0.5012124911914049,0.5047498839419462,0.5561449632961727,0.4642403272186919,0.5350115172965085,0.5167568398961765,0.6525535833261794,0.48869278106818903,0.5210511876485868,0.5544908278480438,0.5366508257605151,0.5153662232699197,0.5091069141340866,0.5749845601772431,0.5824996965597456,0.5418986145690685,0.4833983495850262,0.5642433873594257,0.5330123368610131,0.48723910989855934,0.4578792778992994,0.5032497839583089,0.5547717270781187,0.4927246819242602,0.5858598407071581,0.5590386895072572,0.4545426794177234,0.6632619607806981,0.6057838021446856,0.5415353736159836,0.5158966003381873,0.5724273632629736,0.514353250001985,0.5016404762744371,0.5503531361611906,0.445133017840606,0.52401798300135,0.45219329172516065,0.46766439912549657,0.466921831398112,0.5431082224076956,0.49229205268308285,0.46326698408978034,0.5650703350449405,0.5242358136533236,0.47895142504367827,0.532159286845248,0.5824373764227287,0.5083792263661873,0.45959764447851587,0.529495897009944,0.5297217974064058,0.4744850712328153,0.4494855223848393,0.5004411954044813,0.584763352098615,0.5197712738819807,0.4946840092803353,0.5544163040302152,0.544379821194514,0.5394544183905285,0.5035514264013132,0.5057437167798835,0.5159444014645843,0.5709023744973374,0.580279476447828,0.5339742243000049,0.48114955460846726,0.5797642003141168,0.5866779459845028,0.46748418993261154,0.5648916070771147,0.46645257293175457,0.5566966819134631,0.48184063889318246,0.5101152122834598,0.581833659441173,0.5762413968188238,0.5309372899665684,0.4772857034289108,0.4989988111741963,0.5159105421809401,0.5129915407028814,0.517384531302423,0.6218638986152089,0.5366557442350345,0.5604699628464154,0.5043806074857545,0.5023970903727358,0.540486282720261,0.5050709676071322,0.48448495169441674,0.5945512344729903,0.5280696390137675,0.4737674009624965,0.5901558362610044,0.4817231028289331,0.5593346606882063,0.47824132048526835,0.5743148681273275,0.49982366077928314,0.4951200646999789,0.5577290553740816,0.49229990457400946,0.48746645897120655,0.501483735834337,0.4800056397785795,0.554040790599281,0.4997627041884575,0.426568140900167,0.43504484042764474,0.530344893392265,0.4977347852699111,0.5228534625072788,0.5493405756606033,0.486199806758044,0.5912456223756027,0.5536184752787564,0.5347733192753189,0.5028921678183593,0.535025202299524,0.4824148880892397,0.5235336120865554,0.39611433712425215,0.5606516678693375,0.5192349116241765,0.49536688250490957,0.4997362910488362,0.6154397776969059,0.5258783721966804,0.4983632460695154,0.5792164284680819,0.599084254627374,0.5502672404679232,0.48610012331715474,0.5313782133555655,0.5060110558316114,0.5454856656986617
0.49699365277865065,0.4813629825054763,0.5420560359139904,0.46512369793008634,0.0,0.453718637298891,0.541710624422185,0.44799313531562585,0.48474294843387744,0.46659930490946244,0.5591152915400154,0.5251693766655758,0.4618906406393059,0.4438426174855204,0.5067086449326009,0.5164846029454561,0.49251212013211804,0.48357187262776824,0.46986215078452565,0.4433049922777906,0.5346365062315792,0.5677244646124764,0.4890058493008557,0.5085704200797415,0.4821815580294193,0.4959438858368296,0.45572989741146885,0.4263262832478712,0.5054712686041128,0.5545078835869556,0.47101022958960964,0.476341729565234,0.4605300028930903,0.4105729701497885,0.47748300522552406,0.48869228337546705,0.5008787393769193,0.49727438687345477,0.5064969378611373,0.5091348124087145,0.4948329859810609,0.5269540508851374,0.502912891980144,0.5323340858315673,0.4483866242359364,0.4413885401013537,0.49447226964085333,0.5251682099382452,0.5293426401965573,0.5075087459260937,0.5309321146230166,0.48617581491773826,0.4174691425324928,0.5013096109339279,0.5228584254534376,0.462815016105908,0.4948146236650459,0.5538456187604323,0.45826753460900627,0.45909379015490315,0.422980373804643,0.4216189919723696,0.48245429051940697,0.4516805895264873,0.4535867909115033,0.41427487844273536,0.4416086433340583,0.5020652306447025,0.4654038333905867,0.4775408462759058,0.5138116358286099,0.4550676424813092,0.45131178663454413,0.5061379860545867,0.44798202509203705,0.40676205165444584,0.500245633208055,0.5821679907895241,0.4184991477302939,0.4350914057586946,0.4414189474488625,0.5033194476100075,0.5331570330032945,0.4204095987010097,0.4806981001230456,0.47855080751761375,0.44739305016361747,0.46591261756977587,0.4181233470863855,0.44775877557034616,0.6156814880454717,0.46092692418483466,0.5633878813186738,0.43096255814396794,0.5014435214153802,0.49028560365958945,0.404428562043004,0.43357412629075676,0.45475032102999496,0.4251500349312551,0.43884491735606534,0.4553329178339759,0.4513290781424446,0.4445819438674169,0.46391227526082346,0.46044799577231454,0.43717646612648375,0.4485155225657042,0.47207521951186143,0.48057622321183807,0.5120838679215232,0.5175180992105967,0.4396097270609852,0.45106921233646363,0.4390974965217948,0.49110910561946414,0.42207529734041466,0.5477171430616314,0.46801867257861235,0.44167784045634373,0.5918656458036538,0.452737022766884,0.4372842380262874,0.5125102928106872,0.45642858130485797,0.48046043695957324,0.4394802614487619,0.49161826883446275,0.44903562645186396,0.47864542724586495,0.4491355914942441,0.4987633771070363,0.4233614293700527,0.48387003704669634,0.46489103148977806,0.4508444246324364,0.4487021675129587,0.5136563803105769,0.4572829163619395,0.5005922233037509,0.41162099061331864,0.48564805513756987,0.48626295833360983,0.49522252081590273,0.5112137151914129,0.4661436846249718,0.5784387937800485,0.43660812599001253,0.47433101081972306,0.3889141018973144,0.46964337575127,0.443240727874952,0.5147347678369257,0.510519553025946,0.4830863489952179,0.4646853918305701,0.46290145080576517,0.4963179593576285,0.4499872058631341,0.4912152285866203,0.41027000050847917,0.46004162602145465,0.442410680596055,0.5794272090151877
0.5701043586225473,0.6330879653397676,0.5928452166859633,0.5512664767041542,0.453718637298891,0.0,0.5073064484059152,0.5878921039338075,0.5212766263069942,0.588983408419353,0.5500362699719836,0.5585279268778124,0.6055854752729063,0.5088524887676612,0.48898167115011437,0.5666434332065541,0.5601789465622129,0.5081345900317719,0.5574278692803479,0.49344973800080305,0.5786788665167812,0.5370909519476874,0.4654867249275035,0.4981208411109746,0.573477848975997,0.5008138864970787,0.4552820409943993,0.512295352862906,0.5866013709372695,0.5098149231264182,0.52595591296324,0.6101213465037705,0.5572492088441449,0.46860228914982816,0.50704374188834,0.517398819818449,0.5736075709476458,0.5369114840346868,0.4901358390729929,0.5351697806003656,0.5433141870971472,0.5580442997987262,0.49307960141129237,0.553969386435235,0.5221133269613625,0.5174728974329998,0.5106794417702124,0.5365927150464905,0.5167101703978214,0.507658904485828,0.5812321656502015,0.6157288676515472,0.5040954628943151,0.5973308903492988,0.5644574156470599,0.6363049429893494,0.5558688233465674,0.5815575026889885,0.49004249473460154,0.5266084549647873,0.6227592498169526,0.5069912445280758,0.6068633934939578,0.44331968110710435,0.4841256534418041,0.5213857203838637,0.5219094211166528,0.542951432334242,0.4609403551922477,0.5656117619354054,0.5746930198033041,0.48801658553610033,0.5334305776293803,0.5852514077974916,0.5914740920865529,0.526174782121876,0.5320527288869931,0.5313904608531079,0.4893342024964577,0.5759742637379797,0.6407179539146284,0.5421991254573304,0.5999656149906705,0.5806408676310154,0.5550927265001976,0.5757741995956543,0.5725416758664571,0.49132909149277726,0.5577279132447313,0.5368550079259161,0.5364343661435222,0.5265151330626276,0.5481878736337591,0.558958271652691,0.5554573289822146,0.5777251434968048,0.5164369754812531,0.5392271693779292,0.468475251663435,0.563598253664691,0.4958126679131055,0.5069370195862077,0.4766252760741193,0.49443539545943455,0.5529834234893082,0.5277015121095473,0.538486871826437,0.5179755569575704,0.5252188181691577,0.5622415243415159,0.5540943394099186,0.49884724101257794,0.6349788918508051,0.5021657027298843,0.546402341270524,0.6010202089408448,0.5688246770403699,0.47976529386828054,0.5844230980945369,0.5284629356526579,0.48940638655436663,0.5478931767891467,0.5259688871180243,0.6165418367998047,0.5056273654631346,0.6063741902213182,0.5216545228341147,0.5187949511615565,0.5640484460914115,0.49667313639675464,0.5552949154127469,0.6067321575757448,0.5287292680028669,0.5460752071724602,0.4968931506744269,0.46925131674503173,0.4958920342194644,0.4890717635844675,0.4534088234739453,0.5114540490769306,0.5233776819290928,0.5511474645851876,0.5658161628141455,0.516713118972711,0.5402588090872914,0.4608137900956795,0.5531035210730157,0.5450154694170052,0.5436402419527787,0.4322895747421092,0.5312386673064133,0.559144376447632,0.47702121682405163,0.4905317377556426,0.5639978380385244,0.5362223867662442,0.5459827943464172,0.6368835306969687,0.5139975027161678,0.6055137111408181,0.5227267266312787,0.5812124986601054,0.4922345020950601,0.5416223248659111
0.5345572342690944,0.5693044096662436,0.5423153493276257,0.606864888744451,0.541710624422185,0.5073064484059152,0.0,0.5102946130723341,0.5051648758451074,0.5821158147049691,0.5385637110667817,0.5770544916312804,0.5130674768563448,0.5024277479146004,0.6020436371467716,0.4965429656416947,0.49095721615242943,0.5126989318443653,0.5109865725844119,0.46090847510883026,0.5714994701350599,0.5610725671416806,0.5450041007970048,0.5533441132261661,0.5763121421420581,0.5563461166420961,0.48261430520688314,0.4513721681405217,0.5652319664318202,0.4775890412814666,0.5636709896044753,0.5373851168668632,0.5853349741035795,0.47393078109151776,0.5339405031860454,0.5604752234208608,0.5852459102315434,0.5084093119702437,0.5412668066662308,0.6092534841977032,0.5609335921295178,0.5446870177048581,0.5281132347939571,0.6247276192184676,0.5327698931118228,0.5017856645516827,0.5218206028357352,0.5549606348829373,0.628330326041142,0.5240787909041362,0.6380992255583262,0.5316201415725758,0.4538369725652856,0.6250813221695063,0.6412174877871736,0.5589684311346071,0.5209901449933716,0.5304896994177216,0.5648896705047757,0.507609657230361,0.4993624505721097,0.4639501240428631,0.5023706849999946,0.47566919337564445,0.5081846476187599,0.47353221768849596,0.5706723395688811,0.5822882621818769,0.47066814557964703,0.5216665830940367,0.5871658334539426,0.5144501850489639,0.5150880544377624,0.5909200466942895,0.46190072640712526,0.48135952790361536,0.5707090616868433,0.6198406087338716,0.4599649527536722,0.46826256832590457,0.4970355275321807,0.6077763907322016,0.5670049962428733,0.4573730973837663,0.5441779541360346,0.5186544260151359,0.5152614504721698,0.5599004552103278,0.4911409705145968,0.5309599298339421,0.5979980643976713,0.6143052099189612,0.5798348948452975,0.4844571056430927,0.6010394041515286,0.6203443813899099,0.45674183846998495,0.5283800888256447,0.4970585983851887,0.5399383505389316,0.5142922261087275,0.5234669614544991,0.5915635486369977,0.541501924578028,0.5193759383335945,0.48963273650671024,0.49302666261831396,0.4799395800233682,0.5562375320028982,0.5530671259370941,0.6431790192287614,0.5659379066505911,0.5453347361053942,0.4796404298066143,0.4873185217915329,0.5050926079818819,0.4827944689431214,0.5557503201655614,0.5434510312712141,0.49597465341540964,0.5351270159079793,0.5364915758954162,0.47699494231564976,0.6083748460264862,0.5052075222555242,0.5783719371992591,0.5041404865282832,0.533870032713296,0.5172958733379887,0.5482874075066315,0.4669466415392507,0.49429956980393114,0.4667979712938533,0.5261448736384947,0.5166448559515557,0.47666387485722655,0.4562923153979951,0.5982181617076437,0.4985306467886727,0.5501369427878192,0.5143931429742857,0.5124085906192797,0.6067701413174221,0.5603687454608324,0.5852653712780754,0.5537181438506716,0.5781034909554561,0.4966827801981977,0.5262665871786818,0.37952439777470576,0.5509110150136707,0.5095603694520181,0.4868076391122293,0.5897615991334947,0.5745958335425125,0.5552119848184299,0.4998325410173708,0.5782083007976293,0.58309885474193,0.5763517220969133,0.4943574003362492,0.529194652589361,0.5201775777943417,0.5603083863979921
0.5973492846705285,0.6296846135979899,0.5886038752134367,0.5724942290703556,0.44799313531562585,0.5878921039338075,0.5102946130723341,0.0,0.5806574460148518,0.632567440323325,0.5589741434087272,0.5923973267908363,0.6257992547682909,0.5372065143923977,0.5251281547402389,0.5982367067846063,0.5900028348928863,0.5813154760309553,0.6072542574433609,0.5670335385681929,0.6067847871344142,0.547554717347497,0.5497824407542526,0.5165699558625423,0.6390501416239643,0.5368670734857157,0.5513441912134333,0.5802818874957725,0.5579414793013459,0.5338584095538493,0.5937575369467811,0.6256990159577853,0.5528667898981319,0.5243557815757898,0.5449989591540783,0.5832626555604974,0.5964433588780199,0.645502887086879,0.537958600338971,0.5901481847482644,0.5852444069619384,0.5538285327612649,0.5610384914642974,0.5254204389969527,0.6490461595216195,0.6039422143170665,0.50378788026947,0.515718643896126,0.5835546659699316,0.5748837832760991,0.6084095502174723,0.5766396334885396,0.511115274810961,0.5916827686919744,0.6095777932491098,0.6007360031703478,0.6328323347251057,0.6085361442735073,0.5474483237577251,0.6099812768936893,0.667096317891803,0.5194765680011767,0.603443165278758,0.5042569779604349,0.5192002056207954,0.5718016650700394,0.575933122293445,0.5281632058225084,0.5297054873590759,0.6961328230235141,0.5929554922982019,0.5565871362101078,0.5612177320191422,0.643287176652284,0.644486595072288,0.5419554069537885,0.5746478391270923,0.5224141312993537,0.5898919879653246,0.49258344028491174,0.567735625314607,0.5963516801077279,0.575416443075492,0.6428322376028123,0.6469007904987203,0.7071755678130709,0.644115671824728,0.5635108664766425,0.6581681859095921,0.5824428187906017,0.5659824101975216,0.551426428553779,0.5816057421696502,0.5768326677399359,0.6035042613479293,0.5586257706640485,0.5605955361454187,0.580769238864789,0.4942385744188179,0.6218824947321949,0.5324123738834388,0.626537736695888,0.5345375819874645,0.5415675743350826,0.646897259461821,0.5939574419492833,0.620720097859283,0.5803199834146241,0.5787120568045717,0.5430683831361618,0.549957961010627,0.5851076933608653,0.587101650509281,0.5965387935157326,0.6038748214429261,0.6176537504065733,0.5952764272539022,0.5452206489998394,0.537081771761697,0.5566046711506453,0.5213972790963807,0.6601314007219075,0.5365811922531829,0.5982812936941375,0.5136232275347753,0.6088391905252545,0.5465634423825536,0.5680562066793737,0.6045430480445788,0.5733393103005517,0.5994768093331581,0.6111964325576371,0.5989571475253033,0.5630060385690107,0.5529975734007413,0.47251301289262476,0.5237294385099706,0.5432795575513392,0.5614140058392503,0.6253388656539317,0.5226309701735298,0.5579684996738093,0.6161788093333566,0.5804945573898569,0.5839775635662521,0.5056685089371051,0.5696233609658161,0.5571212516580877,0.6331856245454174,0.45292847957984506,0.6171485382421118,0.5625924732926633,0.5465136339533219,0.5407618905735102,0.6238667996820128,0.6165591052490741,0.5614842494251341,0.5996921664363375,0.5163145053323733,0.600113580174214,0.5389669719871304,0.5899128817765567,0.566473281743345,0.5562697715307814
0.6095651365148544,0.6096642134360059,0.5285038647358018,0.5012624636998967,0.48474294843387744,0.5212766263069942,0.5051648758451074,0.5806574460148518,0.0,0.5563929307686967,0.5654486408210373,0.5255874245282703,0.5348937076472139,0.5708105311292525,0.5283498932701409,0.5258584033111654,0.5178558043879438,0.5783232743571685,0.5384952289120696,0.5457113195889801,0.531171456422935,0.6116288013228806,0.4950957966286549,0.47424736081522834,0.5617217363143622,0.45386756541893314,0.5392285130023792,0.5008931521731624,0.5551036340244384,0.5738976226161844,0.5930920321238538,0.5546872568348029,0.4972573774817715,0.43352508268471845,0.5882293352453531,0.5464080088047284,0.5492155106630427,0.6363840426141169,0.5391757310377265,0.5155777403590576,0.5173204517117338,0.5902738819586906,0.5028187944192584,0.5094203853378122,0.5149628906343776,0.48852064663503847,0.4657378769767508,0.49429536954737735,0.5568301246263411,0.564572884558044,0.5472845273330715,0.48506533509620164,0.5173047394724652,0.5328571974445518,0.5612570269187134,0.5756868944310425,0.5748346950431819,0.5549126920108732,0.5375075856084955,0.543042255770362,0.5415172471131865,0.4898642802614485,0.5161141549553099,0.5214525460037575,0.5346437322495707,0.48594130367909605,0.525964202709262,0.5164331362255594,0.5266089915011404,0.6226569183817576,0.5770569299475582,0.5687902165961228,0.5538028446466052,0.5425020467711139,0.5809363761168358,0.5011804146322404,0.5088589564761409,0.4978319779599637,0.4663727241225285,0.45988435497806296,0.5038827380298055,0.6213861201776586,0.5767341723541858,0.52345862161686,0.559904772310471,0.592180601336133,0.5738845789896131,0.5620107761031581,0.5226700270599195,0.5583854034769556,0.5724277873038743,0.5491829717746232,0.5931626651154042,0.5246291819926798,0.6364772156454631,0.5439147575074366,0.5241510784126611,0.48700389622627943,0.5459911219047113,0.49756231207070234,0.5494699739422663,0.5120501093409617,0.4757957231291704,0.479692944616623,0.603608451557196,0.4755832936518564,0.4853989001654471,0.5003875848547118,0.4954357763838783,0.4946034441693253,0.4976988090883998,0.5699253457917222,0.5325318497341515,0.6030181458587286,0.5018590733395981,0.5315400047601142,0.5103070005784177,0.5694000499563587,0.4628808548437998,0.5614523252099953,0.5625750726399754,0.5477026544891871,0.48891190804255685,0.5378987604589155,0.631689871393939,0.5184181614273143,0.5092121639350368,0.5041026995101753,0.49001005790250896,0.5503713674618266,0.6252753769791117,0.5585267689944797,0.5703759284605754,0.6449965418624335,0.5412166663408138,0.5100291769702726,0.48008866539913136,0.5243976728271792,0.4952460022700851,0.5935324657508417,0.4912463547996908,0.5819642046424316,0.61352509040781,0.6372863027767183,0.556942320496144,0.467521279696093,0.6141429515635843,0.48833474641421004,0.554397834988017,0.4411012637966161,0.5772997792127414,0.565575385045964,0.5784216862754756,0.4941075765288028,0.5129752819596921,0.578309981438992,0.5362369787238732,0.4984239376468248,0.5276018544609044,0.5457002802952593,0.4706310099599947,0.6154687721261467,0.5432746164945408,0.608425771100921
0.6016511954410171,0.6406011586435137,0.6177692845945274,0.5805456434481211,0.46659930490946244,0.588983408419353,0.5821158147049691,0.632567440323325,0.5563929307686967,0.0,0.5573659108792458,0.5525134962959592,0.6450370451323565,0.5644655091707701,0.5288519296311173,0.5817365477373931,0.587316993921112,0.611235424182637,0.5525892786751541,0.5233201766312506,0.5936466242754945,0.5621799550509067,0.5750072148530398,0.5158513866081916,0.6843506443976163,0.5361800164345942,0.5534569039615881,0.5572958618289511,0.6180287685861402,0.5326013862023429,0.5522203660932552,0.6475839296835882,0.5503434874244344,0.49470203521583017,0.5368039375340716,0.5461934992829462,0.6190163073364517,0.5926027394653961,0.49209671657536525,0.6380004494092848,0.5572665110554192,0.6042722936878587,0.5462452587925688,0.5360214967016556,0.5830388423080122,0.5786963398798075,0.5404786619211629,0.5218573342088236,0.6364297317373646,0.5441304392484515,0.6184198043261929,0.5637268207257559,0.5118785549928705,0.5761474432168912,0.5992938069691917,0.6651828230951661,0.5857449868975243,0.5684464903433453,0.6155546284484494,0.5627211454120796,0.5983938449020427,0.5074388561255011,0.5695855463769163,0.49694409655092214,0.5214671338529596,0.5513852408522283,0.5960761844496995,0.5933805952435652,0.5549152098210377,0.6476385310798113,0.5939642137016655,0.5574928662536937,0.576764073491044,0.6625086057636921,0.5887225022141431,0.5685591604937965,0.5803259351429848,0.5687223802830731,0.5222409343560654,0.5214521910999615,0.6108396863477988,0.5768762197907974,0.6146380388959775,0.583771797396727,0.6202630721731686,0.6149564178677721,0.5893936786297116,0.5921386749956403,0.6393252501258656,0.555713116436742,0.5858562374727833,0.5629400386309035,0.5854800069317001,0.5507176634286307,0.6476463223541881,0.5921259314688404,0.4960836639945013,0.5761092901375394,0.4940392420408553,0.6276988266160487,0.5245922867459554,0.5677667787238838,0.5516193052453424,0.5599206392171432,0.5900477915639958,0.565261543907671,0.5755976227598133,0.5901706550541254,0.6053433699695505,0.5675990718722855,0.5596875477409469,0.5630831713794415,0.6302101999969469,0.5809011006004086,0.5619046356655171,0.6009768530203011,0.6055304791994701,0.5666855419380608,0.5763138654100378,0.5648897466359916,0.512688378991093,0.5988783096469,0.527331292129051,0.6265066673057242,0.522474422004305,0.6101105941563341,0.5488566552459783,0.5216840623234069,0.582641368971611,0.5878918066780705,0.6040594555171475,0.5841209473408767,0.554849196673633,0.5260601998183366,0.5142227687898268,0.4826091636595794,0.5062994496628318,0.5471815951075883,0.5435983064535503,0.5813851464156824,0.5500740700787834,0.5662398792150279,0.6342194717471188,0.5713458792736839,0.5885557353961713,0.5259463327895468,0.5390636978783763,0.5941545074000821,0.6422892378878551,0.4267705861740465,0.5560655236864033,0.5998318664576724,0.5092028187308449,0.5961049888205668,0.6178070707627339,0.5999516037669625,0.5658713774951785,0.6363835384304558,0.5516743395531118,0.6602199226479172,0.6278089419124783,0.60851672467286,0.5904081508560959,0.5539256167201202
0.6127285109819642,0.576082333314954,0.6386222548827478,0.5502041367355094,0.5591152915400154,0.5500362699719836,0.5385637110667817,0.5589741434087272,0.5654486408210373,0.5573659108792458,0.0,0.5907794475063791,0.5901266842735555,0.5207251253901602,0.5088586473435844,0.6301608264591135,0.6015915309182569,0.5604063900848529,0.5512716535279942,0.5390167688109252,0.6097115486803248,0.6630753619521578,0.5510499574982058,0.5589507689366515,0.607522657009446,0.5479494381573388,0.5451987062559737,0.5578381058600801,0.5946276669768211,0.5726092712547658,0.5190934995630658,0.5558047552896288,0.5015145829924786,0.475430182367651,0.5648280551855215,0.5329173985028106,0.6198781274408528,0.6023883577100876,0.5262876005039977,0.5900190516403028,0.5258399540385611,0.6455556391327091,0.5232908261560113,0.5671690037853964,0.5346086694982306,0.4834405901539878,0.4727671864703692,0.6086043156965008,0.6110371624862828,0.5353853811299374,0.5643354369057375,0.5474787566144861,0.44485601627489313,0.5717831364903364,0.5948844180559956,0.5436150036440828,0.5732714323726014,0.6453020819227433,0.5133756501090191,0.5088182264700906,0.5422336162567719,0.43998057603598084,0.5479662822454657,0.49866384490968396,0.4730546622939092,0.47000807125707483,0.5337822266547142,0.5302925517793322,0.5362910345628913,0.6240079877248288,0.5606535107633212,0.5065000203057858,0.5790210687049812,0.6032995579124701,0.5632962673409198,0.4550553743967491,0.567129207368262,0.5664534353634537,0.4715129513608953,0.48508653554124925,0.500971211354423,0.5512802896083108,0.5670256115855564,0.5293798709104147,0.5678771274627318,0.5909244482969467,0.5869526674729691,0.49927416855937906,0.48628271953942126,0.5225937900886901,0.6437843676326926,0.4890876561874564,0.5772240838908164,0.49652666771662124,0.5832835789206512,0.5490120724037163,0.45257770455018864,0.5058632822598821,0.4827051521545804,0.4966304952235371,0.49863999602042003,0.5160953491319388,0.4856340893467029,0.48697614385569193,0.5359062753583221,0.5091392460636628,0.4898839726841777,0.571606512795728,0.49593996754010644,0.5771694569111934,0.5811751934724811,0.5735208670654165,0.5560498735709292,0.5496792745725974,0.5004063318483647,0.6092263155565434,0.49277624888851457,0.5872535945771665,0.5707062168375173,0.524100054184036,0.5823187404783988,0.5133017346771501,0.5449156171381193,0.555736945912796,0.5327864865903054,0.5437030921156656,0.4809617248756753,0.5203225805383704,0.5394172751791672,0.5148593227735738,0.5419605545341754,0.5854033974170294,0.5439782356793726,0.580860316614785,0.5593323950593658,0.46123949322536345,0.495382573360715,0.5418902537111815,0.5499617593153503,0.5340155163721398,0.4684404625130178,0.5578906224935708,0.5458594414848433,0.5525350658466833,0.594310515735785,0.5015402656807313,0.5873374054899682,0.46418173179067995,0.5741402229637009,0.4392695390372362,0.57144438242851,0.4892897180666866,0.598575059044979,0.5116610645624101,0.5593115034125608,0.5575480433623023,0.6202384360442513,0.5684479220461839,0.5300769681514227,0.5724948332750787,0.4537952812623894,0.555219896988782,0.4846294635139648,0.7545141259330642
0.550894297899246,0.592870469993538,0.5637152701176014,0.6006828667746192,0.5251693766655758,0.5585279268778124,0.5770544916312804,0.5923973267908363,0.5255874245282703,0.5525134962959592,0.5907794475063791,0.0,0.5224144182305384,0.4726885102767267,0.5404135372946006,0.5645791952117424,0.5507263059607277,0.502640267271039,0.6354852201386789,0.5156257117233566,0.6617025670626985,0.5436133225245755,0.5788856727937531,0.5936638869667032,0.6307610571604255,0.5862824059764236,0.49083723256575235,0.5106431956197466,0.5643684408059012,0.5307676984084754,0.5958828004171163,0.5460302764649796,0.5636896304652499,0.559500276967177,0.5520394680770705,0.5961839737765173,0.5843188763366136,0.569853951642849,0.601618657095873,0.5785314083631111,0.6255385210548469,0.5641771924992645,0.5455202545689355,0.6372357951351806,0.5818950167130197,0.5215793773088712,0.506187072728157,0.5788811602730256,0.6006050291877708,0.5367625008774934,0.6015638065982276,0.6087923325782707,0.4452144853629763,0.6345912996589517,0.6372345276656479,0.570335416541275,0.5779341456704299,0.6641576049128395,0.4924777087867955,0.5324753611950124,0.5254541593954687,0.4582775930657053,0.5450804773216247,0.48912412254377663,0.4805106954813869,0.48306846307307805,0.5261104756708715,0.5016589595894125,0.46020577677524993,0.5620167043808991,0.5586724793475654,0.505962032687182,0.5174756127459936,0.5813319058987749,0.5157583206001074,0.4715541636277473,0.5465720366337713,0.5923490713205971,0.5314614620059387,0.49112176777837885,0.5130993452652826,0.5879722405152241,0.5669041536261005,0.5141573137395622,0.6117783004333169,0.6199728211957484,0.5649085541408783,0.49667521642701584,0.51438969831457,0.5675038714997939,0.5991665950736628,0.5754632121586046,0.5768884737617316,0.5096544208332214,0.5568945471530252,0.6041556123156888,0.479298487741119,0.6163198577265285,0.4953345131664621,0.5338612450273004,0.5086577798507808,0.5400945437461578,0.5659799055570994,0.5824923404687198,0.5475891884194978,0.5420094579127945,0.5309840625005966,0.5626730881976708,0.5334722678451328,0.5917710450134692,0.6902017572137266,0.6124217888870844,0.5278913962974199,0.516596857613633,0.5268686114159963,0.5789949446629686,0.5263145674193546,0.546473739076165,0.5789907924645713,0.5141134470693549,0.554583468647786,0.567832006045094,0.548890519711641,0.6073629962955601,0.5039008285773429,0.61551801793915,0.49381768747163896,0.5749248561617885,0.6097597863866607,0.5096879272708011,0.5110023232724078,0.5476684982330821,0.4991949577989468,0.5884834363622958,0.5635935880096248,0.45271073891458036,0.5179654403653571,0.5718740838294893,0.5353733202360854,0.5983063818650607,0.48125074735082807,0.5273493649836903,0.5746299469288318,0.5545653622284824,0.6236647824852443,0.5385254725293948,0.6359338081955801,0.4876378056061854,0.596498165017899,0.4381583569495502,0.6255825576394893,0.5067522807382364,0.5375951970709617,0.5270240050281751,0.7089151734099591,0.5574944929430029,0.5186212031742744,0.6315503002378481,0.5213102467119541,0.552771361498686,0.4630959385323909,0.5622667394067156,0.527165217329473,0.6171733926315931
