0,1,2,3,4,5,6,7,8,9,10,11,12,13,14,15,16,17,18,19,20,21,22,23,24,25,26,27,28,29,30,31,32,33,34,35,36,37,38,39,40,41,42,43,44,45,46,47,48,49,50,51,52,53,54,55,56,57,58,59,60,61,62,63,64,65,66,67,68,69,70,71,72,73,74,75,76,77,78,79,80,81,82,83,84,85,86,87,88,89,90,91,92,93,94,95,96,97,98,99,100,101,102,103,104,105,106,107,108,109,110,111,112,113,114,115,116,117,118,119,120,121,122,123,124,125,126,127,128,129,130,131,132,133,134,135,136,137,138,139,140,141,142,143,144,145,146,147,148,149,150,151,152,153,154,155,156,157,158,159,160,161,162,163
0.0,0.6165587212518889,0.5488607986839805,0.539405714643592,0.5218182215590517,0.5280503053116041,0.580712570981832,0.5728208752207025,0.5877528923306884,0.5730858539630469,0.677527351753938,0.5719633868961737,0.6334639694397609,0.5785513894146925,0.6250951022348666,0.5887123632094998,0.5819895314059154,0.7489922522590711,0.5022875464981171,0.6568764480780374,0.5742488667455596,0.6120893281089473,0.5925931218193656,0.5709058936803042,0.678315056633139,0.5591946429888612,0.5510309273956372,0.5333108285648253,0.5859463435969736,0.5042259098517776,0.6280079498343795,0.6138196805246058,0.5673686748950778,0.5571470691153927,0.6844749844209479,0.6214560655951928,0.6536934704669306,0.5836615376099308,0.5225550754102296,0.6847362256289461,0.5448173485096002,0.6172052648463577,0.6488065253759742,0.6257938521879528,0.6861958114652056,0.6477334654057525,0.524717408694864,0.632861983918671,0.6721905341433798,0.6207284340070784,0.6282766585695081,0.5487438957681934,0.5486245425831585,0.5320061007553674,0.6625850187904917,0.5623590539099517,0.6322737848726039,0.5766537244455581,0.5586784486283719,0.626377943635495,0.5328818995320986,0.5211450775716782,0.5941819692652102,0.5494944682911511,0.5867211714127948,0.5906957318098586,0.6055614144831323,0.5492380796747927,0.5337596514028871,0.6041871764413482,0.6707297949880311,0.5910580117476669,0.5432346325452962,0.593782412599147,0.5408375749230896,0.5929989765355006,0.5426288947620813,0.5377785378086504,0.5457017700186966,0.4520163410013444,0.5184065316131371,0.5965654746750253,0.5402897438027758,0.5139794280111638,0.6182282307569832,0.5862741624017602,0.6366307372313014,0.5410051553639723,0.5672761886388886,0.5434542353140213,0.650097895218745,0.6197969776964682,0.6612880448555594,0.5850227617835125,0.6208298699478844,0.5545169260233169,0.4633703055405359,0.5748403350998897,0.5544555450331452,0.561001658792454,0.5600384710170849,0.6047203828241916,0.5320573298856188,0.5219328773710863,0.650429907306909,0.576507135124494,0.5254994945162987,0.5593140022550772,0.6587034286125616,0.6234329828696357,0.5850939005651432,0.6564953704303856,0.5655508748648693,0.5059914046126082,0.6391576820756466,0.5688502462011371,0.612419533251195,0.6232056367244714,0.5067931298959333,0.5162379885737016,0.6024049970752667,0.5030594725593094,0.638994714027129,0.6222316191034895,0.5785424177826832,0.5819866260575316,0.47992975422412026,0.617784059017803,0.5928933323516814,0.6020249075360251,0.5126315110395586,0.5162567447807094,0.5112570346994157,0.5412710960475273,0.5703826475133847,0.5564600708895205,0.5276663638320487,0.6667853939406544,0.6845354235879156,0.575260504153496,0.5300122105441899,0.6160138470835829,0.6109728274039103,0.5763330003577689,0.6385573695196338,0.49664107983118855,0.5480912241259971,0.49830938257545276,0.6609749577116631,0.45292332586857953,0.6663511202676456,0.5358283601339471,0.51960761615158,0.5339940236005233,0.5731864413654456,0.6701088299258846,0.5635635445761064,0.5355795954541438,0.5936867507540659,0.5392461060881568,0.5141769020625235,0.6040970131303056,0.48680921188133963,0.6544169142696054
0.6165587212518889,0.0,0.5711680079707669,0.5971044260187953,0.4625830124078318,0.6467223679509125,0.48870880151106866,0.6887820724114276,0.6216169051377464,0.5338862691898227,0.617418590894348,0.6674817574922455,0.5600641040393171,0.49551606361299166,0.5802569041876908,0.545781560840688,0.5790893945378118,0.5646922827972684,0.5811478378062972,0.6009624291942866,0.6279280254975985,0.6502766949533773,0.4912788404630061,0.5927119291388249,0.5826841919516621,0.4788379095017445,0.4929681727272844,0.5371145540487945,0.5494519588302784,0.48656521717454226,0.5926897718000229,0.5267211773340184,0.6491242906740521,0.5119276328482629,0.5442057860563646,0.5717094935075706,0.5239270568466243,0.5519354576839824,0.5806538629794115,0.5965474624204826,0.6254549399120811,0.6406548486931676,0.5001588189515928,0.5514743109874524,0.5956711652522273,0.6047523457991751,0.45396546887076794,0.5184132448886406,0.5047779619271434,0.5488001382702691,0.5715510950572409,0.5895295714656597,0.6398565015101395,0.6060705126826545,0.5578404139494574,0.5879556450011074,0.6444716536030594,0.6254717472194146,0.4693645042211002,0.6169401165664679,0.6394367183922437,0.48810174630464304,0.6001397177020786,0.46016208061729885,0.5511503728884559,0.5771831824981528,0.5557336816544621,0.46570007109399775,0.433483902006898,0.584773564467385,0.5994326974336378,0.4851878815792928,0.4934661316805292,0.5669334293629312,0.6479621394150358,0.5057931647162391,0.5002244542940707,0.48523294960139257,0.5437837773989402,0.4545554965094534,0.5642242542010673,0.6520218719645038,0.5609949183045312,0.5255952580871213,0.5941542301239566,0.6695640827646672,0.5912319606113327,0.4386948048221149,0.5351385990597006,0.6552812101234856,0.5395239131862475,0.5869708480338395,0.5631241262016657,0.6186439444423484,0.595479640340699,0.5271941975469907,0.5517228535896002,0.574308879561498,0.48105037893718217,0.5363720132488898,0.5003333499234798,0.5485840400812617,0.45564198101630543,0.5009598654194499,0.5888667085475119,0.5423892421194862,0.5504619019069984,0.5528755581747352,0.575637569136865,0.6431428691291242,0.5681869386750722,0.5545453117390228,0.5334000235841815,0.5137006534536642,0.591854572044862,0.6542748269558522,0.6088694560303866,0.4723298192048508,0.49335784296485385,0.4987800649444642,0.5310563757671349,0.5075077344165155,0.5876417389183368,0.6267878311205808,0.5316503198502361,0.5764701486667445,0.47424632442910974,0.5970909172723503,0.5898357624947177,0.49920069116265925,0.5463619376209745,0.5886052965666183,0.5016191519726804,0.6623171976824567,0.5996223050185652,0.4997356195281777,0.49252159725315864,0.5218548610226514,0.5475288177755454,0.5704096841242634,0.5089167262617595,0.5389581357868429,0.6579138294737635,0.5791218490072151,0.5602193269762782,0.40702425383580254,0.6305540823994463,0.5307609450118667,0.5736019500342255,0.48429994433515783,0.6284973747172746,0.5490285351110754,0.5602435414492669,0.48457939344104195,0.6182061683487006,0.6383550559934525,0.5813553283556868,0.5676225330143776,0.5287118243135169,0.47130555848354805,0.4879101142068315,0.5642880949934249,0.5028822505832826,0.6520035224634206
0.5488607986839805,0.5711680079707669,0.0,0.5329485357426833,0.5001453659646093,0.620238955546281,0.48622967663393957,0.5546408852415847,0.47870939444487,0.5290580586825654,0.5688212136598825,0.5280483271354389,0.6052146879237532,0.4850169481178457,0.48476671542184824,0.5999670769186204,0.6502734538021294,0.537033488216246,0.4635118959379639,0.5064622808845733,0.6687536586273417,0.6117371828064874,0.4674477316875303,0.5375582082184792,0.5252054109086205,0.560589693303367,0.45544857019085966,0.4871411323736599,0.49122891895476534,0.4526410395314377,0.4570649618524764,0.5554897602471645,0.5234166861482031,0.48354145593048903,0.46369543458978385,0.5359719326991487,0.5137149372715847,0.493072778138976,0.45737022388915466,0.627443968920442,0.5209027798952762,0.7119845983461583,0.5153231511421345,0.5138682963276688,0.557730203384676,0.5901811019827238,0.5324366658217037,0.5245983524271951,0.48557942177925967,0.5491401174764515,0.5953623409438022,0.6562257751753984,0.5275073861202052,0.5507341384769869,0.5127688016313848,0.5611333882044646,0.5580637934503919,0.5960025327204805,0.4842108535914814,0.5524199689599492,0.5505473975274018,0.5191772215265624,0.662798428899659,0.45963655602930015,0.5082439614785212,0.5773422737016334,0.5498277804013088,0.5191432426234275,0.4719750872886853,0.5140995354280324,0.6080430679919784,0.44311436159328055,0.5269335275950717,0.6471598648409704,0.5697206027671895,0.4498992022936048,0.5558950049451579,0.5186714391119753,0.48559662162175943,0.4455238533339548,0.5675498945269413,0.5531025243263046,0.5125776467878356,0.48421996508839854,0.5835086741605445,0.544565510392396,0.5275820465843937,0.44169443327963376,0.48824690264574555,0.508721153344812,0.5854834554081082,0.5062338763367563,0.5188851451407187,0.5079146142946699,0.5735808990902381,0.47058359715769904,0.47398963491824714,0.5453674531155992,0.456505177255614,0.5444136376036376,0.4253213646511191,0.5618616718872098,0.4641559853676253,0.44812089610992223,0.5356582909740801,0.6282492996487627,0.5974974732516741,0.5318952576105558,0.5978348538003392,0.630894188514906,0.5528498350736621,0.5373028214692368,0.5696298201172065,0.4636588041942484,0.5365773039913332,0.6310707085071581,0.5225640051943948,0.4533431439905251,0.588896775247192,0.47192291027410044,0.5105648655174847,0.471238195221353,0.5751340330028656,0.5622050825518087,0.44281748796380965,0.4968984938930734,0.5344395721421136,0.5746992907910573,0.5770772725186956,0.4845971924506712,0.49022595661924945,0.6751662913811736,0.4338540177510342,0.48665513075977523,0.4959114221151897,0.454719770193112,0.4408357609939092,0.4811323862601488,0.5100917754630452,0.47022060070341354,0.4368192599942618,0.5454088915093979,0.5722552941525744,0.5442451007016406,0.5206325771224701,0.4372782095589069,0.5350088230386472,0.5062503105808455,0.5350896113761415,0.4614966803185718,0.4816092483945074,0.4511496672264232,0.4953328179383214,0.5759511709995476,0.5446479034930706,0.5287153458606706,0.4921220725449881,0.5828212722711723,0.44066839551225784,0.4865413500683677,0.5022435670881624,0.46459519360370327,0.46138689268580674,0.5419783868200776
0.539405714643592,0.5971044260187953,0.5329485357426833,0.0,0.4301028560141171,0.6025896722460552,0.5103234833711362,0.5661320178019507,0.475071550029828,0.520608638578889,0.5636113869728805,0.5691946155080048,0.5238551614621815,0.47825411873651164,0.5055707569985317,0.4944347981169326,0.5619785534497616,0.5191537420314244,0.554332139501076,0.4928456004798592,0.5868919533013324,0.5336843045397331,0.48883864743996835,0.5061808740796543,0.5479782634763235,0.48010645436963395,0.4622703311345313,0.5447339879069502,0.5070578945568913,0.42153814552805335,0.4937596426996614,0.524495363806146,0.6717637800594478,0.5282508508617952,0.5010224838895228,0.5607119531628499,0.4808906155300157,0.4794827241803151,0.4791091197030519,0.5824906148796737,0.5608117348819445,0.5700235324234699,0.47605162444009763,0.5329604307499599,0.5440192422228617,0.543101536420597,0.4311797741826826,0.4835650060668343,0.4955914437770785,0.5108466818418745,0.5983206564273382,0.6057310885001368,0.5696877206072003,0.6390596509152534,0.569394196534589,0.5024471233034467,0.5578866153271012,0.5713176574397032,0.48701166167044246,0.5544088371589084,0.6031325836428995,0.4726164249893074,0.6065901784641036,0.4387348004626972,0.5093416188427543,0.552891065978332,0.5388510151105966,0.4388278296889952,0.4332070129899002,0.5258381278868808,0.5222283662811379,0.4478452671814012,0.5284639498364695,0.5861427748535462,0.5682338954055117,0.47309999577041484,0.5087248979503409,0.45922645427946573,0.48796930092559127,0.4217039229454087,0.5211782004959588,0.5839210730973545,0.4602801678298575,0.47831909785455684,0.5906719144820335,0.5178808253390034,0.5395796932256491,0.44600551133291605,0.5081422707672633,0.4794340754154021,0.541601483428969,0.5779677235517447,0.5264117088318782,0.5501359570054534,0.5837790264288071,0.4790819579906655,0.4917293634786112,0.5767423865324154,0.45573724295264945,0.5711185580123468,0.44677790974881715,0.5377616020332051,0.5113896629038851,0.49894607921474454,0.5655027986068606,0.49280612580947647,0.5523551335259844,0.5126835484218816,0.5401908486710818,0.5419687536306736,0.6306312594633429,0.527478101093595,0.5704767216344725,0.4697136828485242,0.5560424605160647,0.5568080364658544,0.584697672773786,0.4420631598501505,0.5877109281966069,0.4838095359459252,0.45393820682204056,0.49985931866130184,0.5420747308078342,0.5489051076024054,0.46007908382632495,0.5234956403461909,0.497992383346091,0.4926303338724356,0.607106787970549,0.4529263048150815,0.4584188686104183,0.5191031887112751,0.44482226601741676,0.5367213744988187,0.49977823851425063,0.43267956928095824,0.4103765353908547,0.4812186866454841,0.49773901178048663,0.4823587440826233,0.5204400382237969,0.4930646160767656,0.6224643482485067,0.5592823050405556,0.4952107130985105,0.4201505810201086,0.48340958998835615,0.4773711913566467,0.5091336464205767,0.433385650997651,0.5562391482101452,0.5109576536891813,0.5007812383916822,0.4497794601130161,0.5775939077806469,0.514194980176206,0.4929828365976544,0.5240311988590861,0.5393928494775683,0.4963879405512601,0.4838177559267028,0.5049994030251119,0.4582775514549088,0.5331469881825444
0.5218182215590517,0.4625830124078318,0.5001453659646093,0.4301028560141171,0.0,0.44426902754758374,0.5118834319294393,0.426587470993386,0.45482192174612374,0.4399909529629746,0.5345560109776731,0.47999462932569753,0.4675663054336107,0.4399434417912352,0.5521689657379865,0.504348701567454,0.46662163219712804,0.5036565223217562,0.40941958761028696,0.44971405569309725,0.4898997949515514,0.5300979708052214,0.45060476205819755,0.5002338742702946,0.46838419977117746,0.5128256283759459,0.4213750891572091,0.3922727709715778,0.4984495935153892,0.48119683425608023,0.47968896276818884,0.468302968674541,0.478435179283732,0.41004705170641526,0.48080189668762463,0.4880641691550787,0.5112386381946236,0.46893706575845234,0.4729530420351159,0.5060169646887627,0.4817613115949995,0.4830837233470605,0.5647406455129551,0.581252919931541,0.45900472716529683,0.47891686439939957,0.5371899392105908,0.5948425349337019,0.49546969898944776,0.5084148222923209,0.5216409726068976,0.4804503465277109,0.4408485853450552,0.4517592662367384,0.5158864127035264,0.44561936649872164,0.4793338362647902,0.5106812176343772,0.42972246058989866,0.46327577730339603,0.4032497344512981,0.4535815237305789,0.5089187433949369,0.43897986029195063,0.4743673819575756,0.4393051712411438,0.4352753169038479,0.525933836280053,0.44310547595476885,0.45464008992884986,0.5566908627397787,0.4575329988969528,0.41102513391913353,0.46922628647045433,0.4212037650342302,0.4387454302302659,0.4607591675257388,0.558232652327442,0.4377300706612945,0.4249852318169671,0.44987576757485154,0.47235853111802845,0.5103306142656908,0.4112175972294018,0.4574935688635246,0.45356390415883385,0.44854251231943637,0.44056029701946076,0.4178441811399206,0.4315545791329712,0.5867186480953221,0.46769709596382414,0.5710629240444157,0.4372934322927373,0.469187947807303,0.4874881675318834,0.3852996187090035,0.4291783988804419,0.45836597069135115,0.4151338818581645,0.4446306890498946,0.46242295104055114,0.4348509535778586,0.4366218040870072,0.46663383749403375,0.48245602753061256,0.42475892796108305,0.4232159407486317,0.5215342429811117,0.4870739235843394,0.47640044593285114,0.5015032106138004,0.4269696803244001,0.40323955800181205,0.47855805857336986,0.4615684653734305,0.43420195067499895,0.5152072418812055,0.4318769078627572,0.415297846253125,0.6006386200288365,0.4260653369152606,0.4503903951852802,0.5310066990353131,0.4531314066335786,0.4938709597285176,0.4023428398733974,0.5383557723675846,0.4479694791009484,0.5016803399621953,0.4112670634936296,0.456532078404246,0.39945094889494537,0.43987278925395434,0.44655541019871936,0.5180994316531023,0.46729055348240084,0.5498528873345663,0.465539673026517,0.47746137486964735,0.43075401007796443,0.49064242579585005,0.4533856616520087,0.45660712713706025,0.5148518058520992,0.4272351311881344,0.5263395745712446,0.4432543750385155,0.4716274282656019,0.3864068062082794,0.46286726142498696,0.4396728221149906,0.43103862328823983,0.4855708007405211,0.4630128746967138,0.4760196397346343,0.43427456967078637,0.4752230227699521,0.45287928411424605,0.44712121518125625,0.4262227105744444,0.45126977612256675,0.4079976600698015,0.5380413568537531
0.5280503053116041,0.6467223679509125,0.620238955546281,0.6025896722460552,0.44426902754758374,0.0,0.46534282709698627,0.6164173375970012,0.4933596740677421,0.5352937356923957,0.5848148854564788,0.5989540587537637,0.570133380496525,0.45951952599370594,0.47852734771231836,0.5677152440033204,0.602692786341482,0.4981870508636314,0.5167271268152541,0.49042890423893826,0.6101915628072189,0.5555995790999418,0.4606921451544011,0.528934178260058,0.5451625064908738,0.495664831190778,0.4595684531790983,0.5249983545570879,0.5328061941452611,0.46682545612246895,0.480252033685239,0.5204918323067977,0.5973502516036835,0.49303141050012694,0.45821542146417504,0.5040972864198436,0.5043884422982061,0.4959109406865581,0.48218742372900897,0.5673446906319747,0.5536602938459233,0.6356023630286994,0.4621125821420085,0.5146707136136607,0.5276677168907331,0.5529338496359951,0.4524126471347604,0.5002705159758521,0.4636734873267504,0.47770603475306167,0.5414216064381692,0.6284013683154006,0.5350783216106281,0.5655202930200459,0.5123222191809309,0.5841284743820123,0.5490615385074425,0.6480292519872788,0.4327591825846686,0.5317092743405295,0.6219378116299699,0.4772933478022917,0.6101337396785625,0.41402986224400706,0.4636869398392044,0.5340467084666977,0.520751622832544,0.46137368041105936,0.4159477774959778,0.5459400477976107,0.536735124572739,0.42866076386327157,0.4793543446356409,0.5654113304993901,0.62520022488367,0.46672133066261734,0.5075145098753744,0.4999846162650061,0.5024801827469325,0.4903028217313276,0.615944329294581,0.5294721791461702,0.5404048275058019,0.5244010346755235,0.5594271425040479,0.5738671402026702,0.5594117095797541,0.4067102880475155,0.5131918177594663,0.5593006385827576,0.5211951780943922,0.5086124331532355,0.5027697199628972,0.5341730844413002,0.5369576770097444,0.5015965145957121,0.4811811034752406,0.559586952690048,0.4333151656500612,0.5276907472769533,0.441790804957021,0.5217968233327583,0.4398275656129811,0.4733042413388479,0.5142073713249145,0.5494011137889507,0.5513181920300793,0.5569686326274593,0.5394337484740721,0.6197870267376105,0.5514915192014836,0.4920263585773684,0.5513694137393388,0.4903304004881702,0.5476004288292086,0.6927740057531365,0.5738510739557194,0.4246093656004365,0.549355752726464,0.4902194904141277,0.46856045582580214,0.5010746450311773,0.5571115328053127,0.6028737539459906,0.45173384111953857,0.5569177330411466,0.47375987040941736,0.550432146908575,0.5924611229375503,0.44861700661819465,0.5213578733415556,0.625959402226097,0.4724978684207696,0.5379378688574894,0.48957881654549806,0.43217158047047616,0.45314459018553804,0.45736899179082047,0.4789307349679458,0.4883637840136727,0.47849000687639837,0.5133563208851725,0.5589345122109252,0.5078314659064043,0.516760834404766,0.39239270562972695,0.5296838225101906,0.5446043050552446,0.5237222087612298,0.4815193119542602,0.5097226267600626,0.5017802488766783,0.47804614371400017,0.47105704471278864,0.6083427089703763,0.537300739665078,0.5359992657223268,0.6496023372284837,0.4747693169135734,0.48162849147815623,0.49706634898721813,0.5036659236960069,0.47666884417313365,0.5572303300896546
0.580712570981832,0.48870880151106866,0.48622967663393957,0.5103234833711362,0.5118834319294393,0.46534282709698627,0.0,0.45835345456897103,0.4548723514627246,0.5378359209879527,0.5304544617522156,0.48838009141489075,0.5472957815608227,0.518132271115251,0.5441108050517449,0.49680181989207195,0.48848210098002487,0.5586026811112449,0.4268544944509132,0.46163310579687505,0.48315407421554657,0.49976539102623313,0.5643637868230018,0.48007849740441305,0.5530175274580967,0.5312522735930594,0.4910817526159377,0.45131322791682676,0.5049645539923171,0.45049438597194524,0.5045803673865048,0.6008133802702862,0.5125436660041532,0.5101698132417527,0.5238863660320718,0.5285353844322526,0.5785727928337204,0.4489867552666435,0.4374556234902404,0.6005780417087901,0.4470200343138278,0.5257550399563944,0.563573739983523,0.5525494259095958,0.546876910293491,0.5324234116483121,0.536380715201212,0.5420743271626105,0.6512377573778095,0.5178692701780607,0.6168869216742303,0.47670626144069994,0.4570372700425362,0.4826772979284021,0.620360643570347,0.4888785445319092,0.48865690625139746,0.4875098328545917,0.5557647974285643,0.519996129766858,0.44964708562274236,0.4949069094729363,0.49398415203594576,0.4703315309563026,0.49572560106789765,0.48941345126769187,0.549723351937794,0.5598654932251916,0.4956412415173089,0.4833429449324822,0.5499914480087801,0.4921344412107858,0.494129679061257,0.5567741402528665,0.43155908787528174,0.5272707427072704,0.5643908892508948,0.5428877977992849,0.4307656358122264,0.4104225033800453,0.4396973862805147,0.5037957612966367,0.4727623576719169,0.41304167358160215,0.5022675756142646,0.44115572686743887,0.5037952053302068,0.5731667062379642,0.5003557388651663,0.4421808167053838,0.6086358863481004,0.5905476242001559,0.5769012523618693,0.4741006328913539,0.5252761354821118,0.5023052776033357,0.3908163592277738,0.49072394474030007,0.4897224973253284,0.5421829156387682,0.47161626679311924,0.5525355127406252,0.5546316700278713,0.4637986973964135,0.5147932044127876,0.49167654857868426,0.4662821409976709,0.45291259098807485,0.5852861713281555,0.5140104561687391,0.5748276725857253,0.5228427576055525,0.527994521677498,0.4256459212058493,0.4980776303827566,0.4671326017609115,0.4917499365878524,0.5792646033703001,0.4872631547995491,0.4562979770441628,0.48509593160984454,0.44964777372878245,0.4800252922973078,0.5463287978002387,0.4499476667596208,0.5060014624433007,0.4715504436664784,0.5434716521767352,0.49057185423525196,0.5078763514402769,0.42499113915832554,0.4331369252068386,0.42175016122403064,0.4275277641122564,0.44068870555047795,0.4549273636738773,0.42791332545899025,0.5596240604826306,0.5016341997390422,0.4675049308092347,0.4753659842216319,0.525714843936242,0.5404272629690146,0.4891911081733676,0.509084636872962,0.5385314845509334,0.4504967857341885,0.448374556279614,0.5021477341290321,0.3721847261529856,0.499615968300199,0.45463693858696075,0.43066844674019394,0.542610674880802,0.4781744247135595,0.5066324232870567,0.4661583654375949,0.48982337141973636,0.5326741365844635,0.5706124672858386,0.4668075688020484,0.4750565647040655,0.4183951661195564,0.49123537925167243
0.5728208752207025,0.6887820724114276,0.5546408852415847,0.5661320178019507,0.426587470993386,0.6164173375970012,0.45835345456897103,0.0,0.5957878759832015,0.5943373281549917,0.5652446823409907,0.5991112801038998,0.5800872593562235,0.49864288825600117,0.5054229445540925,0.5726379991485548,0.5903160847782483,0.5757605406180389,0.5305769007018434,0.569423680775258,0.5719843017678317,0.5406413209682517,0.5178141677833623,0.5107688090173825,0.6263406066836786,0.4918725048326793,0.5485015098172377,0.5715710451114235,0.5532081690456474,0.5017737185068448,0.556337788881061,0.5291162093954476,0.5795156397686451,0.5250717385828981,0.5057390633753658,0.5392505622911623,0.5296204989685622,0.5916710765748886,0.5042439863163386,0.5772705339675703,0.5807571743164116,0.624848252932453,0.4976518030637025,0.4987339474394897,0.6053514159279128,0.6341208244665901,0.45429351723737466,0.4828217174712687,0.4986197854540607,0.5040922557077124,0.5242386734180327,0.5519401849270906,0.5666446364379407,0.5146994149270331,0.5231803764022511,0.6346983064301166,0.5912516912308551,0.6353101386638602,0.45846956034505226,0.585399187361179,0.6168493622543982,0.4981655100879185,0.574632810540325,0.4607090873685096,0.491832070854317,0.5708339661580384,0.5509515788740706,0.4621667478996185,0.45518679786189387,0.6673261629235586,0.548915923437216,0.4911987752187191,0.4874875187627827,0.5456402698120141,0.6942219610899789,0.5294144590542937,0.48810570014076293,0.48936138833747644,0.6118478164468077,0.47437134612205956,0.6085627459045586,0.5540295105751794,0.5593723159314916,0.6087021308859476,0.6243282337389894,0.7277351391193485,0.6465824007823819,0.4395047737433845,0.6166146742373714,0.6610039501690732,0.5256173124546774,0.55086158517815,0.5237930702118953,0.5591229701517972,0.5738745730380372,0.528268815799337,0.5018113720168391,0.6267930145454157,0.4747084816840135,0.5473623706898095,0.4967080164596695,0.5689244314814167,0.4682572078455772,0.5372846130298119,0.5842859023306344,0.5852933344077127,0.563961299415835,0.6656785171136363,0.5808890154045634,0.5769549117325796,0.506550742699928,0.5513225589587417,0.5305392967472661,0.5995289486156281,0.6204555456452115,0.676063558283504,0.6892027094487523,0.46054103993038925,0.48593206475291656,0.551574819735643,0.4904765845807754,0.5737359650638524,0.5857885057118078,0.5966255138100105,0.5043437363967848,0.5827960752172497,0.4706665177607981,0.5696362293086044,0.6223553722219812,0.5060473806218608,0.6430037542506805,0.5905995512458398,0.5466564195643339,0.5763039324485202,0.5203329428040169,0.45922070130239956,0.5049772317688911,0.4970355307073881,0.5783608074895533,0.5849241020785605,0.5176599261914682,0.5428188961122992,0.5878965999441303,0.5511908863070704,0.5679094979149202,0.40875361609148986,0.5395517036395505,0.5874492083783602,0.6366714207964861,0.5366784639171667,0.5790891586744928,0.5720788648821795,0.49673952580462255,0.48486179096345766,0.684619140000543,0.6356667065827527,0.5422441466181277,0.6016920671247188,0.5022268059639823,0.4798397403440304,0.5497707684164548,0.5834673492085402,0.5756041278717294,0.5704377994581351
0.5877528923306884,0.6216169051377464,0.47870939444487,0.475071550029828,0.45482192174612374,0.4933596740677421,0.4548723514627246,0.5957878759832015,0.0,0.5153819935554101,0.5344749009099139,0.5309484986791783,0.49868937269504016,0.5011659786688261,0.5790027190998428,0.4924292045551884,0.4753334750559067,0.5775068294372228,0.4707469097466889,0.5615600738421177,0.4880783078173249,0.5619851400989955,0.47454712472410027,0.4864996438316595,0.5582143759459677,0.44494075800696986,0.5219764612046436,0.4579493138262788,0.545863745076672,0.5098254494161544,0.6596256653830637,0.47056224915732253,0.5401413705520461,0.4372239909530235,0.5633125927123519,0.5208361856790996,0.5235644230577848,0.596910480065054,0.5321570262772121,0.5040901549447243,0.5418947091843341,0.5451298673866476,0.49644150781400487,0.5089903592157932,0.5315943498572445,0.5262941748022045,0.4420622072415676,0.4882637087691817,0.4889610046717413,0.5006374621349515,0.48062848454500284,0.46320778089377274,0.5316373045577122,0.46558157596174576,0.5040089595843877,0.5652295558600733,0.5319378373194329,0.5364005934070447,0.44372070670412733,0.5217352064839319,0.49365263399945636,0.4661467446829375,0.49414125912943,0.4723018014945189,0.5080400318563829,0.48560045962652615,0.49909087942068364,0.470741049878285,0.4490694136128589,0.6092399179968686,0.5595721472870459,0.5283230159224195,0.4422946128545966,0.4667672670248659,0.5320208949760041,0.514893494328714,0.43312672237282573,0.47020732193016224,0.5255067722328965,0.4324509865291077,0.5064793651513977,0.5566849056820898,0.5732969259900145,0.5170746681785614,0.5145372234237934,0.6303652429695771,0.5756508454608119,0.4451112986787219,0.5131305927272504,0.6496499454212538,0.5099389925299936,0.5531904784079699,0.5324625380872294,0.5013954824408283,0.5393960611314041,0.561639244751651,0.4706038370798457,0.5087649919219844,0.5066428685948153,0.4570848174475109,0.5460709769591404,0.492052796108919,0.4389285415085762,0.5177583189511882,0.5521332020740839,0.48511337015028716,0.44974025782413796,0.5147116140025721,0.5205434466636304,0.5078052400872989,0.4517807947612447,0.5373862489392447,0.4620912682003703,0.5366401754437378,0.5391629786327573,0.5210955879749316,0.5350139918795843,0.4859330979192188,0.4101472304884347,0.5161715610501182,0.5348916709198579,0.5186384267374288,0.5017250367588089,0.5457340750304722,0.6039404639523817,0.544399580968772,0.4166224475133267,0.5431362590078673,0.49297804510004106,0.5436752177303867,0.5867509948941055,0.4901308996570091,0.5211854460326972,0.6001934780738587,0.5294734751188213,0.5334993489015277,0.5212309209711944,0.5398049564685805,0.5492973691484316,0.6095963733090706,0.5258414315496542,0.5238786021623228,0.5342375879270059,0.5379634259938044,0.5666145985056799,0.40031186191808116,0.5977127884969453,0.5069495799987153,0.5785700538764817,0.4639730251898991,0.5843498034315067,0.5678612851699945,0.47658250961040705,0.46007496088914795,0.5460418613277926,0.6514521803651833,0.5001621131824495,0.4943245267855524,0.5306863248344162,0.43276581503940714,0.48328713841545684,0.6003348022732333,0.5332269562858315,0.5923075938283715
0.5730858539630469,0.5338862691898227,0.5290580586825654,0.520608638578889,0.4399909529629746,0.5352937356923957,0.5378359209879527,0.5943373281549917,0.5153819935554101,0.0,0.5341322881950901,0.4962319505675272,0.6697221506587971,0.5711540472820464,0.47614791417338115,0.5893732548201011,0.546727903095118,0.6170457262051549,0.4285599187346601,0.48396480554672666,0.4897088925055695,0.4802843214460631,0.596964276281851,0.44567550945156137,0.7024460353673463,0.5646607670445571,0.6526475274042564,0.5176654104225099,0.5841326150526859,0.5088477875484287,0.5151664367460962,0.6237165105385746,0.5154052398278866,0.5231322288192367,0.49652419434406075,0.5162165943663312,0.6439654208124521,0.5452826862734694,0.4240350030815621,0.599422129529359,0.47021798751432403,0.6089283329061745,0.5378192240878074,0.4956237894963983,0.5957614187368271,0.6032877854467257,0.527059121905495,0.5014751287931509,0.579949661489765,0.4773393444476876,0.5320328685895633,0.48705975882205,0.47016161690879243,0.44865620051495086,0.5499900060572076,0.6777815092261202,0.4983441498189756,0.558071179141381,0.5080529112562006,0.5302743190087724,0.5083136381503699,0.5502335439355726,0.5177417708606474,0.48165751597061,0.45409270606560476,0.523599077391621,0.6016114457765295,0.5681235296044443,0.5499923046872062,0.6574442258724119,0.5428798533750078,0.524531629153328,0.5112043834186129,0.5525246762989007,0.5225060263794173,0.6167979403104304,0.5366805760411442,0.5773926842471797,0.5194999354767039,0.48916348828585343,0.5581503470744104,0.4826383590037361,0.5479132637048468,0.5509343111223317,0.5813583253980906,0.5354926495239529,0.6763945938157034,0.5269363396358381,0.7124758260172883,0.5373084406105539,0.58238471685837,0.5672953735507724,0.5281546748732736,0.47765436797161825,0.5635102262137148,0.5694023178449006,0.406528199342627,0.6010099845981051,0.5052631570835749,0.5879897362269246,0.5095656745115077,0.6098898401184618,0.5488941561307957,0.5424301313362674,0.5553857278731507,0.5894340448991253,0.5122728981317541,0.6253712618390816,0.6236650876416072,0.5253112758607152,0.4894433964674815,0.545069398865042,0.5855678596685884,0.5879287265830504,0.5735910534063906,0.5534895539949155,0.6222987583540581,0.5119701887281345,0.4960840322371184,0.6223206952252499,0.4674451578122928,0.5968337000480112,0.5341784345407468,0.5810020080764412,0.47759598819318017,0.5748363754346707,0.48736251456020013,0.5631769039964358,0.5716680146498695,0.5498230864029451,0.5990766779092118,0.5014608470127446,0.5363038528275386,0.45641992050072355,0.4345753909193041,0.438892484473337,0.478630243580166,0.515905709340996,0.5648790402184721,0.5248369452447289,0.5353248439616817,0.6025540310733571,0.5369163932067104,0.5131386276622222,0.5826271122560251,0.4847227307952529,0.45414459620773895,0.5843104314821372,0.6454334173361345,0.46365448408516574,0.504546297720544,0.5377861676729375,0.4165196459257286,0.5522792872764751,0.5860730934302282,0.5903066297831492,0.4888106266948565,0.6087747596423465,0.522195581763967,0.5891891240873144,0.6629831133533258,0.566047696808399,0.5585037784006316,0.4966312253565617
0.677527351753938,0.617418590894348,0.5688212136598825,0.5636113869728805,0.5345560109776731,0.5848148854564788,0.5304544617522156,0.5652446823409907,0.5344749009099139,0.5341322881950901,0.0,0.6231870725629741,0.6008812124044607,0.5037919760306999,0.5778272575171431,0.6390656775447291,0.6348644871496195,0.6226543717744827,0.5540394091436517,0.5880383893703823,0.6228195785488176,0.6153096212312404,0.5432102286958752,0.6016807571075964,0.612582452803107,0.5327174149532848,0.5097581276939662,0.5595312717938685,0.6172266036964553,0.5311220793238789,0.5584282550811616,0.5762092495152622,0.5828505443391123,0.5258501790799772,0.558162384020038,0.5565595906223829,0.589906902669393,0.5690792350392607,0.5612875184625128,0.6470952668514641,0.5776684776131312,0.5987442130328164,0.5806146151232593,0.6246632378180544,0.5686416970565784,0.608241356217908,0.47669689501789253,0.6357271271613874,0.5835747731031495,0.5627774789774488,0.6222951786173953,0.5828068038743419,0.5674426678033463,0.5622780665142516,0.6450704473076705,0.5221419770893536,0.672211967254936,0.6629428363312372,0.4841382946989054,0.595175707450562,0.5624514722244086,0.4894424352290656,0.6477745695812339,0.46883421704376843,0.5387955509098489,0.5699859176429696,0.5352735044866662,0.49918230577303946,0.46913203862053615,0.5935411978983136,0.6048794910533017,0.5113307147035937,0.49499224691937277,0.5874853249259503,0.5878973789408931,0.5421163767515627,0.5516937685743334,0.5503062179882802,0.5439473909007452,0.5037086813147476,0.5612203356892934,0.5566112919236917,0.5613957449798824,0.5239250528829591,0.6032618380703627,0.5756210161395485,0.5978020304165903,0.4655188873342529,0.533881188372144,0.5201313230395262,0.6182312913007542,0.5293764518057528,0.6721579389837341,0.6201127937901042,0.5808176218282926,0.5243579007311077,0.46714419254506967,0.520924374036642,0.48447282846074924,0.5123875889074126,0.5209049186837527,0.5800726831183013,0.4719624736310173,0.4912594797070364,0.5787635397753351,0.5596261717578211,0.5379514332783711,0.5501506157880434,0.6019836212416824,0.6320326158099088,0.6046002850511412,0.580486968697223,0.5311434737715466,0.5092740753386701,0.6274028630482804,0.6203204032384491,0.6097700532217561,0.5560091396659491,0.5145547816432697,0.48567956119417277,0.5955710676205447,0.49794181198264376,0.5962021736732984,0.6885606853865999,0.5306691278921039,0.618393793830617,0.45426067279445276,0.5906511423819555,0.5839424841405432,0.5233963513983889,0.49536571374232014,0.5692158200054463,0.5199937273101234,0.5595274560916494,0.5555079514937726,0.5256120804501283,0.5205561427367447,0.5633124548978211,0.5714307029526069,0.5784528769336739,0.5120264871203815,0.5737650571304758,0.5716938488692075,0.5373829388983441,0.6093335895287613,0.4245166783299135,0.550803623823133,0.532309631939262,0.5797890995010385,0.46974052945423755,0.6277479259626482,0.557797225413845,0.5416481580424505,0.47708410975180837,0.5959446599970248,0.6058225030328707,0.6277851200461484,0.5760001524367271,0.5549965014280989,0.5431902849270861,0.4946147055798001,0.5796034242265842,0.4796158241215436,0.7417723543408584
0.5719633868961737,0.6674817574922455,0.5280483271354389,0.5691946155080048,0.47999462932569753,0.5989540587537637,0.48838009141489075,0.5991112801038998,0.5309484986791783,0.4962319505675272,0.6231870725629741,0.0,0.5155717013370082,0.4333569592242834,0.5725415131578766,0.5457093093899074,0.5628682124124627,0.5234885468523117,0.63760864717322,0.5481868608977266,0.6045680988229064,0.5689629089703214,0.5123414181783104,0.645042145003424,0.5679993578888632,0.4707937961216398,0.4702470708532218,0.5379597337763365,0.5366385516026312,0.5213170577289552,0.5642471846732268,0.49616130707857126,0.6226176524054863,0.5276728876947833,0.5024073924476091,0.5115040992806411,0.5066873344747239,0.5084001383415053,0.5853775847977561,0.5656409425163792,0.6168016771004363,0.5595086405112535,0.4990235572578393,0.556502534508106,0.5424615578864057,0.576635074182092,0.44430027466334604,0.5192134675925875,0.5027056130146703,0.5000740735655919,0.5456512628563362,0.5820155149101389,0.540337633730987,0.565069309760259,0.5411719758579748,0.5143959626977418,0.613474508731092,0.6629330241738076,0.4259222525721639,0.5552901429950119,0.5405681237880449,0.43648223560868316,0.5706009786894454,0.4148664041900026,0.4899009666467107,0.5130836574481402,0.4774330200320512,0.43839950775065084,0.40368271298851593,0.5449225690428702,0.5291050383046563,0.44677134460414325,0.4337838773296407,0.5238067484394296,0.5655508402517301,0.4849850125707319,0.47857754527435264,0.49295510562224376,0.5429420583411909,0.45905707836253046,0.5210200904322617,0.5485439923833602,0.5602491273010504,0.48703685720504253,0.5350356116884367,0.5987384181699142,0.5256638034992142,0.40866215563799013,0.5072190171544757,0.5575656929491966,0.5230631791330752,0.5197803479505511,0.5568859679356744,0.5799351146340818,0.5017906675321477,0.5110032788751339,0.4689825570634441,0.5314465101213546,0.4294005635419094,0.4863841910840373,0.4632168934376934,0.5099075236966641,0.4345843572090029,0.5051096749414185,0.512849741700626,0.526947970794391,0.5089287803354056,0.5412952488234541,0.5453107630054641,0.6167023738262863,0.5778012368214892,0.5052842456444436,0.46673991152524064,0.46848888285404267,0.5648097007225064,0.6478273426403174,0.5846786838610875,0.47288469090672136,0.4728704585529826,0.44749052499970676,0.5111743317188148,0.4742760989890297,0.5353995686697504,0.6455781232779755,0.4687219603000399,0.6004276252144074,0.41978152584876965,0.5743454426565442,0.5542934710136002,0.4580519284523754,0.49441897671394985,0.528334228677317,0.4655346178059946,0.5606468997091794,0.5363796680274046,0.4618460679074836,0.5223917123079415,0.5058140218784261,0.5206846715633243,0.5649018384005063,0.48206552764752486,0.4801734103551735,0.5500887764761272,0.48445055892537775,0.525422790262596,0.39291287844178274,0.5880432050136989,0.5142332285993071,0.5409114355099496,0.44843039207035035,0.5987292726413707,0.5255720531110663,0.5322031660769275,0.45279654627296667,0.6350542537361468,0.5577636580657701,0.5831557620580525,0.5846777108303406,0.5001245983434102,0.4588733515054076,0.44971321551367077,0.5249444977227239,0.4568486107993089,0.6437173210851206
