0,1,2,3,4,5,6,7,8,9,10,11,12,13,14,15,16,17,18,19,20,21,22,23,24,25,26,27,28,29,30,31,32,33,34,35,36,37,38,39,40,41,42,43,44,45,46,47,48,49,50,51,52,53,54,55,56,57,58,59,60,61,62,63,64,65,66,67,68,69,70,71,72,73,74,75,76,77,78,79,80,81,82,83,84,85,86,87,88,89,90,91,92,93,94,95,96,97,98,99,100,101,102,103,104,105,106,107,108,109,110,111,112,113,114,115,116,117,118,119,120,121,122,123,124,125,126,127,128,129,130,131,132,133,134,135,136,137,138,139,140,141,142,143,144,145,146,147,148,149,150,151,152,153,154,155,156,157,158,159,160,161,162,163
0.0,0.8402723715136279,0.841762638105201,0.8710565206213903,0.7777587735564284,0.8851868214475644,0.8361037195289635,0.8328773876754241,0.912094183463882,0.7847862324058904,0.8999229449697459,0.898514911560458,0.9301949808473743,0.7837240178810007,0.9284180072428603,0.879172168130576,0.8504398610557778,0.9678881589168599,0.8957727534286858,0.963721044213943,0.8714049806973984,0.9261911905453901,0.8161587704987899,0.8582087135488532,0.9255434429712998,0.8446742712759886,0.8718897149528261,0.8634571917146293,0.7051719070439383,0.8876181971680797,0.9145578332586208,0.9049671181923726,0.9003478102246001,0.8842706257780775,0.8723800665946014,0.814213044325544,0.9461241129484373,0.878755068729196,0.8625890024705071,0.8649484934200227,0.8169281101712309,0.83282242968104,0.8690857855223306,0.858549157741439,0.9000023722358717,0.9271991667196795,0.7594971986975046,0.8606301544018482,0.9043687290026434,0.8852141856094563,0.8845644871546133,0.8499926717941162,0.7691035008706403,0.8733742766778746,0.8305305966768144,0.7844321891150531,0.9366029424642363,0.8795962619382416,0.7572221185380913,0.8889993097177845,0.8128878972422283,0.7777840438557801,0.8246196761688631,0.6744624986165791,0.8668552863144571,0.8553774450411284,0.8982009443146315,0.9166127739639469,0.8590604349876991,0.8517264304489411,0.9219859081826286,0.7830279978284952,0.8111978141271241,0.9035781378458261,0.8696237810715217,0.8791539672163148,0.8494493025518216,0.7993587537718307,0.8403519485283947,0.6721012538017465,0.7675961861841198,0.9348351426630126,0.8794422358936826,0.8128289998363967,0.8660155094927932,0.9286655267571026,0.8278721238205966,0.8586387774573949,0.8813527578611325,0.8797742506276428,0.9019544461022357,0.8605788088038389,0.8459863418172342,0.8870622074026129,0.8744790651445312,0.9137505534625374,0.7692858331135556,0.8118262540644383,0.6527007146013631,0.8771297551373615,0.8192050906645043,0.7876080712175662,0.8076307814437506,0.8171675304588281,0.8303763077762699,0.8910950754239365,0.8109000441564201,0.8205976942084489,0.8680377251657952,0.8347023702100027,0.8941125545981845,0.8602781368797414,0.8791933768460141,0.82966441745356,0.8636739761814773,0.880243802909902,0.7962550202689934,0.8841902906265383,0.7462499933791592,0.793134094391956,0.8183572019719977,0.76592998591798,0.7959621952211459,0.9007513748431393,0.7184759792665633,0.872014631181327,0.7702717574715551,0.893785649714417,0.783594723958215,0.9026583235493516,0.803078654273109,0.8363737671650696,0.8162449036889742,0.8954245083374914,0.8822017989601177,0.7661563485561713,0.8898041183491995,0.8975827656449421,0.9036866238116981,0.8994538422636369,0.8288903385185612,0.8355860660450632,0.9263431323823474,0.8030535533665107,0.8987120713730663,0.9235020365413771,0.9141886004387894,0.8279086886468237,0.8599174200010854,0.5981117474731109,0.8803918602772904,0.7488811223746926,0.9223294785142576,0.8067370011013073,0.8989633440837744,0.9109811034656733,0.9330736518241269,0.8652033685826956,0.8204285554647838,0.8225559935048204,0.7106813089949415,0.8152685892382655,0.9220042217870101,0.934435768532012
0.8402723715136279,0.0,0.8127735607997709,0.7112485803275899,0.7491090487148496,0.8344686655952597,0.861671513533097,0.7039215677133178,0.8205084556965747,0.923868823196641,0.7630186320304441,0.8909233687233596,0.802866483133905,0.7622356387403119,0.8074666597300852,0.7858796413183419,0.8143759688974633,0.8058451031815909,0.8068756607829778,0.8589447788734846,0.7870588482708655,0.8551307239637823,0.8688791129040482,0.8657844975093196,0.9004458588709517,0.6959548317823437,0.8058006005765229,0.7818676513686285,0.847945789404396,0.8588288507678251,0.8031525906470816,0.806756814647825,0.7948313335192152,0.8377420607234226,0.8202230310180779,0.7386962206540818,0.7903103920558766,0.7378305963744003,0.7406470976438116,0.8568306631973492,0.8067237173766084,0.8871666492982616,0.6898637889931297,0.7686287946625058,0.779600931049592,0.7930977464507096,0.8338569500357845,0.7394367743811108,0.859725443470957,0.7335604814246278,0.7150997273871192,0.768689122194035,0.7630470813273131,0.7618547549968148,0.7168099914839076,0.9040676809696264,0.762308567819457,0.7610254207333035,0.7318699439644282,0.8013404467702461,0.6643783690330981,0.6671015022494399,0.6515856308923896,0.7053838307687408,0.6894964362788839,0.6573964756627726,0.7412153446058559,0.7806879550239193,0.7060136787798446,0.6848095282439369,0.7415348437968687,0.727408608571696,0.6552789527732138,0.7493531995230261,0.751438040470586,0.8300278377596997,0.6862688741650866,0.8154518401527355,0.6743774772914163,0.6706612742845762,0.7540558676575521,0.7409416202852431,0.8895213555527938,0.6917661828277336,0.694681197006869,0.8651904774663579,0.6541406680928822,0.6766283109888811,0.7911374349170291,0.8681114023417448,0.750222528238897,0.874117575070039,0.7746753497217049,0.7516468287548472,0.7266498482110388,0.9012822247520773,0.6267450352327251,0.9280865103455964,0.6586871212141923,0.7935834525646969,0.7404901423080386,0.6256411736774373,0.6337894029673964,0.879097172757688,0.6636909528227233,0.7950922777842794,0.679689454117308,0.943416104723859,0.8649748579235802,0.9091849343118115,0.800811327713772,0.6893540035487593,0.7171575766022944,0.7064635731640293,0.7071743829902302,0.8751731656202034,0.8909657791909932,0.809290607591374,0.7392058891796615,0.7592852999039218,0.7453780394584865,0.6103327729909233,0.822977727992462,0.8257271209139543,0.692046535773591,0.8256748384049853,0.6915564422432384,0.7910772239443253,0.8379550768615905,0.7660020664142457,0.9005537816129825,0.7151970758804806,0.6485953928239818,0.7653719902625151,0.744447879127339,0.7069150340866984,0.9300607658049372,0.8299234872099194,0.8301374227693887,0.7540024085116119,0.6941533993255619,0.8168278105098814,0.8952346656758121,0.6837953721952817,0.8114198760365519,0.8248003483375442,0.8424214978355591,0.8251938790988024,0.9519407287538606,0.6854431081067156,0.6818359938424203,0.8150957368569549,0.7971836595539774,0.903871500360988,0.8567822080508971,0.7445681584184238,0.8227556960712383,0.8353045899240896,0.7457181757407313,0.6793083307760236,0.8170125577223629,0.8242302923188866,0.9052356358984049,0.795491394011369
0.841762638105201,0.8127735607997709,0.0,0.8303152158050133,0.8440921260328048,0.9438226178420432,0.7889680910444806,0.8048862364409092,0.7618600359403768,0.8360480532655703,0.915049082628238,0.9177670250885821,0.9094693581615627,0.6754537006110243,0.860594143310372,0.9538000330242973,0.9123915191198421,0.8370055435143441,0.8398352178564461,0.8031149098491266,0.9584982911885459,0.9539402493378074,0.7274820848584233,0.8591419084405868,0.8735390122461055,0.8833178883086288,0.7719890491107663,0.7624045639093475,0.7767164973008432,0.8755660143025411,0.7975063610580638,0.8921438130243183,0.8762806157446152,0.7753000715694054,0.6947959607411976,0.7914322180412101,0.8994991286948798,0.830006459469661,0.8502053811086917,0.844837612680918,0.8592473588493335,0.8266424482722662,0.870268476908626,0.8666145575165448,0.8294643389442707,0.8795158958800283,0.8083274695896339,0.9059476007743374,0.8041565594151774,0.8367733143397171,0.8756470583048174,0.9007092466409446,0.683213874099404,0.9037736041849797,0.8317351823788132,0.744119090777584,0.8532405866296959,0.9358228530745427,0.6696185417080768,0.7999407241892775,0.7912674733490034,0.7655790191422904,0.8610732003930489,0.618659357920264,0.7387256571778056,0.7972320369817347,0.7939656507112026,0.9323211857336241,0.8372973193305197,0.8132223994745493,0.8866570186437879,0.6418284151160132,0.701372691606206,0.915037450149985,0.8669831116833447,0.7029447640720897,0.8659945036271149,0.8856097053293362,0.800052879507316,0.7157220326680023,0.8988039429636432,0.8162668665276017,0.9030170060358492,0.8025685459041279,0.7948305765032655,0.8686998847252108,0.7770937339099485,0.7389220558776185,0.7803779054827019,0.7919072287871852,0.8977264573376239,0.723426639550875,0.8510699348740182,0.744574871190992,0.7617222970515014,0.9141889212552566,0.7334084163798916,0.7637756972034214,0.5673549829068094,0.7751445933841777,0.6988661436353856,0.7879102537004591,0.7292296454698514,0.834396197883945,0.7387958849285255,0.9293082434645196,0.8607422310725373,0.8123904105855028,0.8807014975794969,0.860055572554683,0.8850546357842878,0.7709908429064521,0.8115594047060456,0.7683954678157903,0.7950872329961662,0.8656039320126435,0.6968175429648524,0.8616379944659771,0.8721710043636297,0.6969637444498058,0.8022969496926231,0.7479873650067336,0.7127485852701932,0.9044971123501883,0.5747985993916661,0.9203950633493837,0.737982037744616,0.8971309344978334,0.8455362542940926,0.8465286905289906,0.7539187705158158,0.9394597236462005,0.7241151877236758,0.7462913964408563,0.8310940555277263,0.7211094111837425,0.8564936957626914,0.8001619357245141,0.840877406425585,0.8440538251007187,0.7620635064668,0.8343487641214726,0.7806094938165948,0.7698297008594452,0.9000171758387988,0.8089449581372945,0.9062829092259235,0.9396220567930175,0.8711399547079998,0.6301521568167275,0.7474064454151544,0.6966019245188285,0.8555472057621653,0.8662952646947041,0.9457732038560359,0.829961132826791,0.8476250567862837,0.9347781516056796,0.6565197105107082,0.7785896173885373,0.8055003136226295,0.648954519274228,0.8676393048104644,0.8551311506919353
0.8710565206213903,0.7112485803275899,0.8303152158050133,0.0,0.6844581789043533,0.8568250542500276,0.7134496573310878,0.919693035277106,0.7941208859046346,0.72431041806944,0.9187479699800725,0.8392758075735502,0.9372345112491793,0.7437396701590974,0.877210792618567,0.8869958486948384,0.8060113145717984,0.8866109236754336,0.8757441708482705,0.8532970393214515,0.8344658507590204,0.8524086851492659,0.7037841428655636,0.7336932700298142,0.8439791697451415,0.8918761509993617,0.8782125654067715,0.86656428793271,0.6575092771115775,0.7710916966361684,0.8839760509406014,0.9090040255975748,0.9481772055496461,0.8509861599812633,0.7537380192111598,0.8658897869372236,0.9341333474668976,0.9148928094713673,0.9029157270761005,0.7812353772809035,0.7927814705613241,0.6732386189714855,0.9256907938663921,0.808088634371382,0.9390687136852693,0.9270741404893036,0.6340242087418693,0.8651657877241808,0.797342986935255,0.8892830505403706,0.9251756584604871,0.7951742933121122,0.6895117336257428,0.9339523538623866,0.9250916170235388,0.6337015644415392,0.907186636773108,0.9087375825372147,0.7064472451333891,0.8890693011580479,0.9473224745427893,0.8382720052516509,0.9127210260559288,0.6305667278556044,0.7992148179429549,0.9432763398340526,0.9388060499666186,0.8631081735734766,0.9217033044218274,0.939079765143987,0.9035422304405852,0.7304605830037733,0.8292862250938062,0.9544439234929093,0.9296128699704319,0.7712406094011758,0.9509048658884112,0.7260513154816494,0.9373663223669824,0.6138601491479498,0.721620950032014,0.9063744036896426,0.756433300253387,0.9128216355772376,0.8950996998330355,0.8606683797601327,0.9279167319615573,0.9173895313854005,0.8988489387707003,0.7731922319022684,0.8727819388626537,0.7472473803627732,0.8336528563405385,0.8364158910519074,0.832118019466956,0.8436921960345293,0.8850675613188952,0.6997965527460293,0.5866299808314057,0.8853301925076955,0.8203303599710375,0.9327183588053056,0.9071938679404828,0.7724536397752069,0.908069929787984,0.871278094239777,0.9367393196089701,0.6967598770034666,0.8001159616549789,0.6993795176226637,0.8562979050844592,0.862552389380431,0.9118103802897543,0.9113055655681371,0.9238309758382561,0.7708525816973586,0.667957852512793,0.8446290459314957,0.7460619873934851,0.7634176080872915,0.7282452546021305,0.9122378489729672,0.6494360552685496,0.829275997521525,0.5951728661733718,0.8965600502692896,0.7889767182518399,0.9121435469955511,0.7953775020812142,0.9088750812692865,0.6767894233388102,0.8686803304617096,0.9168118744277648,0.8254501058061963,0.8981951220156547,0.6691540000305101,0.7384243792419724,0.8102263354156685,0.9074998507128232,0.9204194034745854,0.9287480979792295,0.7890994787938659,0.8012891315006369,0.8665870859408007,0.8656567695717955,0.8192882856920365,0.8141222297178071,0.8167800473596959,0.7641025463975561,0.5770429454848206,0.9276217744944288,0.6778853243889207,0.8885208979312991,0.7024470929442763,0.8682734443757624,0.9246570194634607,0.8693007516794937,0.8075328598391714,0.7790872304561942,0.8633299018298379,0.6674192519805358,0.660128939016984,0.8292446375593946,0.810212180343384
0.7777587735564284,0.7491090487148496,0.8440921260328048,0.6844581789043533,0.0,0.7832270554789326,0.8538993221426088,0.6199502737692943,0.6645485334459804,0.6931584472817021,0.8077351446406933,0.8071727985985307,0.7433720883398095,0.6283538431932926,0.7979033097147095,0.8313640782220555,0.8743587481830848,0.7659954168949787,0.7461655965766739,0.7112731821747285,0.9124003842311391,0.850604343099368,0.7385339244169271,0.9049297165886755,0.7296551317337698,0.8052252951331047,0.6410023469153665,0.6474847433696829,0.7680216465801423,0.8504739238371628,0.6789144110411541,0.7574252194130393,0.7501708921130225,0.6836531201118556,0.6809120681879888,0.6960907141918999,0.7618623622183202,0.7152564530374468,0.7580579460913174,0.8666495066743118,0.8690379394365709,0.8074707633200103,0.7683148975317021,0.8887484916254876,0.6636084323750752,0.7668097767816487,0.8961260800069509,0.8322750908320703,0.8072765854839128,0.7889542382329371,0.8125930582064882,0.9104250329630901,0.7539569552550994,0.782636490128551,0.7205469908748742,0.7058841761502266,0.8166891322084306,0.7954877241319928,0.6478016687504273,0.7279042786360213,0.612560229102746,0.686086339171207,0.7497497844354026,0.6146477563073861,0.7635654230548408,0.6750104207972808,0.6466465498787474,0.8346562758448177,0.6837431361832441,0.6389315826911782,0.7960364390883643,0.6463659259775281,0.6109498686128313,0.7771690275473743,0.6873820802795809,0.6756835906844529,0.7368280945928094,0.9486183181169173,0.6694303574523296,0.8185768566619489,0.8669461319827816,0.7176253809037935,0.865871430674786,0.6356400325841658,0.7379332426657415,0.732958176418322,0.6129012872518826,0.6449176529423339,0.6342109756334798,0.6844660699487163,0.88086136270175,0.6757018822147167,0.855320865680246,0.7383054615432211,0.7522130177150025,0.7737770914983302,0.5947565800159811,0.6686282174502347,0.6143990521162699,0.648789670537633,0.6449787203139231,0.6287315528613482,0.630936024212921,0.6920317529749896,0.6322924490536785,0.8201079626440924,0.7057412068523654,0.7220712877536881,0.8803936814296538,0.8455514485240748,0.8534648633582709,0.7531914503041206,0.6666904390864621,0.6104228275209541,0.7165413031270128,0.8299493868306118,0.6885902485580135,0.7954808167003611,0.8132666074680829,0.6108714680561711,0.9358675032830654,0.6010612351003055,0.7470025761652102,0.88709095232605,0.6246731128203361,0.7795329997948357,0.6712110126592227,0.7594889314013665,0.7245478918740371,0.7613443077004838,0.660442473420208,0.8061937680545627,0.5966836108194034,0.7050428915780431,0.6997087955345853,0.8323580546025429,0.8416563371864582,0.8288181686568475,0.6949918598970957,0.7378382319896833,0.6182356888346738,0.7783396567828211,0.7412610239029815,0.6578134389391921,0.8306093775833461,0.742200461963571,0.8441073923220462,0.8417924713903309,0.7358152856952026,0.6160896598007252,0.6422151096619728,0.717851156474551,0.7940865878074742,0.8233949517277944,0.7970834063211529,0.677577047561722,0.7607674356517762,0.8421313385468636,0.6453540412207559,0.7457235393633098,0.7476619788746927,0.679418903624632,0.7385358613742575,0.8931720142200962
0.8851868214475644,0.8344686655952597,0.9438226178420432,0.8568250542500276,0.7832270554789326,0.0,0.7707633305900754,0.8541604321723524,0.8125346977477895,0.8230477846199629,0.914699425815044,0.9390114300720332,0.9574251429094107,0.7153716370366434,0.8495336426853273,0.9655000506024151,0.9061804019562477,0.8338142245450197,0.8682653088874606,0.8530617677948744,0.9239042581680691,0.9133201458554586,0.7321700508595652,0.8360875706629118,0.9015604052040416,0.8913450141577474,0.8107888583052163,0.8196018497176388,0.7546197028990892,0.8933443190662973,0.8516507613404449,0.9376213549951944,0.9021511109371461,0.8598568547087364,0.7319899030689196,0.8119670835480061,0.9429831387086509,0.8657194866098414,0.8663130789377694,0.8277394958253423,0.8364972265222541,0.8202365392047274,0.8619930296285843,0.8596952371702231,0.8827441982425639,0.9164094251091999,0.7844149610952691,0.8979150649418631,0.8058209346176247,0.8358033206537338,0.8776714157382038,0.904688777464515,0.6916760433590858,0.9004513996736042,0.8454308886316836,0.789279996403715,0.8817397335361037,0.9508190487464723,0.6463283857575393,0.8544359318769496,0.8424216189061342,0.8191235339235243,0.867149783086905,0.6221371017292415,0.725643495196701,0.8366184752068972,0.8500440462981709,0.9251331341047043,0.817722903837881,0.8477596527949359,0.9028769400166193,0.6742697544076582,0.743381477379134,0.9203956316185614,0.9139695558786799,0.7830745789029464,0.8847861972888483,0.8609739946403193,0.8489226329391661,0.7430971748863978,0.8902579973583508,0.8400592114919366,0.9093513859046857,0.8682882673391144,0.8405165328118819,0.9209827821553582,0.8333569733007803,0.7649958187561543,0.8667127399120025,0.8625517892393866,0.8824049836692534,0.7734934449959421,0.8375031420670357,0.8119148145190317,0.7670788306064434,0.9390111848226066,0.7762601275772157,0.8155146544841322,0.5966386340749041,0.8490159451698678,0.7604921905524941,0.8116254768833973,0.7464534269644706,0.8163014346879205,0.7861487517439639,0.9560485765197774,0.8823880587589525,0.832376530777145,0.8666791359343388,0.8576594526978102,0.8908539676739986,0.7855656150901635,0.879498818932221,0.8293620909145664,0.851507398865949,0.9026030038061227,0.7561074940886034,0.8357005425899648,0.8337312516839352,0.7748421084715387,0.784676345507905,0.7895322668464241,0.7639377014705478,0.9228404613995602,0.6056059965250999,0.9414828681487841,0.7825115564663524,0.941902392158462,0.8666394762440272,0.8423946070274184,0.8021816516597026,0.9403031573815871,0.802860223948417,0.8153919211189502,0.8439267790420397,0.6978067569509374,0.8879366408844761,0.800622932631533,0.8344682405405383,0.8679307982551288,0.7894699069764545,0.8730128484673689,0.8185092475870301,0.772957468957768,0.9169049373158141,0.8306750468509093,0.9126297958869488,0.9368171485387314,0.8709710118523365,0.6647178009949276,0.8016234654041212,0.7093651512053596,0.8447157556295203,0.8271516556183941,0.9551478833405656,0.8721213986757161,0.8901190996526018,0.9526632737707735,0.6884603817187487,0.8253863378687702,0.7587942954589715,0.7116675452162838,0.9061249589704732,0.8611768203234745
0.8361037195289635,0.861671513533097,0.7889680910444806,0.7134496573310878,0.8538993221426088,0.7707633305900754,0.0,0.6391177078381397,0.7255448743096048,0.8199151351469788,0.7703036220297089,0.8457440386742714,0.7732247094812753,0.6965251928781697,0.8272674081764297,0.7810908456415966,0.8407798014057645,0.8277155125399703,0.796654891996486,0.7850507324917375,0.8358775192810536,0.8355315474959923,0.9330967749369835,0.9360334731677208,0.8392039826864215,0.737004805224028,0.7375473691126321,0.7468074139374794,0.7858070922749892,0.8575058587135566,0.7362621653384543,0.7991260770805643,0.7615539134745118,0.8197180253942289,0.7635431253564663,0.6920512263308131,0.7815413652003631,0.6807280841791267,0.7302093823766947,0.9477087802977922,0.795099898961697,0.8694327271255002,0.72368025745702,0.817359418725743,0.720983335639729,0.8080438458940714,0.8831100324398068,0.7620768630995035,0.9498505528801744,0.7536623186270127,0.7827290458575005,0.813080059628092,0.7797549345125835,0.7649820414904568,0.7168715830126872,0.8049977282395226,0.8050156939339851,0.7416326626831752,0.7897721475001704,0.7794642754401708,0.6223449819362953,0.6500274964696464,0.6662490083363335,0.6489143109072296,0.7674320391953071,0.6762060568436128,0.7187854745713848,0.8132413703391337,0.6876469680521993,0.6447878031948383,0.7567457842377018,0.7043898500722245,0.6439954506622337,0.7814717176405686,0.6782689460532855,0.8296526652404503,0.7243900076473081,0.8874192145217221,0.6500050777821367,0.7310616419449358,0.756079418272305,0.7376941027551995,0.8732715999887478,0.6161550690039408,0.7222437790842399,0.7585304898416504,0.6165856579108869,0.6967841026637669,0.7275013226498582,0.7621512173284487,0.8098316231827122,0.8079603078553976,0.8171518925823282,0.7921433095732021,0.7677384217925124,0.8133400785648739,0.5803846182373704,0.7882749467847475,0.6296043349880055,0.7605749405510399,0.6893289475182917,0.6206947036233245,0.6641625897630413,0.7710444689616559,0.6325036937025952,0.7965335111501836,0.6852286584289144,0.8317925184921167,0.9252479293900379,0.9128248766773771,0.8858435858711488,0.7184024888609344,0.6972463831285027,0.6326290991434421,0.6976989822144046,0.8523114930594627,0.8416760390975607,0.8451259487869384,0.7662260597926975,0.6508290055856402,0.815572006945104,0.5815911388272691,0.7956335404913243,0.8816524239630906,0.6550004822196649,0.7841020781054792,0.686700661088877,0.7569555312202434,0.7469604721932802,0.7595411083271272,0.7433353827499761,0.7075689523773725,0.6083209264989582,0.6958234035778006,0.706420946263387,0.7564544973068269,0.8821050545991221,0.8615821433503862,0.7718244702537932,0.7436145447461783,0.646884809241957,0.7670720378507037,0.8884126097269115,0.6447597091123323,0.8010905646642889,0.8475130343654587,0.8078241644313572,0.8274511712120814,0.8225110427367661,0.5841878278537237,0.6675749918605055,0.775127441762,0.8038957361359985,0.9001154200234108,0.8180183300210926,0.7104507928194811,0.8327307994756405,0.8375708908303826,0.7425062584003892,0.7533974399243595,0.8106484049634644,0.7651655819190664,0.801297728983343,0.8472742674334965
0.8328773876754241,0.7039215677133178,0.8048862364409092,0.919693035277106,0.6199502737692943,0.8541604321723524,0.6391177078381397,0.0,0.8626438762223123,0.7224192527014621,0.8369887216172334,0.8356541390980411,0.9066929727402271,0.6807176450681417,0.841851210925869,0.8374542339139746,0.7217115562261105,0.8246276603056255,0.8343736535407928,0.8389709933405406,0.7670812239798169,0.8183702169681639,0.6511124595029457,0.6789843105953812,0.8405397419531833,0.8209649007731861,0.8772414568487026,0.810853861740673,0.5964777165136758,0.7646538759951506,0.9184244205145903,0.8535153164555666,0.9015210074256187,0.812295734818793,0.7050684905502855,0.8136425615237032,0.9081107709402646,0.885679400354949,0.8680167373595029,0.6824814956577611,0.721474693716549,0.6670274861945034,0.8758868134064706,0.7200804735515468,0.9605422497061198,0.895649043319871,0.6057707222974567,0.7899230599078243,0.7058611290244924,0.8113043903657571,0.8278948226585008,0.7253089594973854,0.6019332759808269,0.8493827689905086,0.836369283505181,0.6592205861252016,0.8199031761301621,0.8950138621550713,0.6185289403397017,0.8264301546839867,0.9586691116947589,0.8015466011792222,0.8597678983862579,0.5854462760145401,0.7175209831249777,0.8903200555815574,0.9134081368749377,0.8349828572270769,0.877618348164177,0.9832697860663866,0.8724956668740365,0.6585088489780967,0.7610237233926602,0.8802060905644259,0.9281585187682473,0.7178807630069904,0.8792215631065345,0.6602351639287202,0.9446746688196105,0.55341811408447,0.6724731347316218,0.9091663120568049,0.7532607088733374,0.9179197163670224,0.7977339646803325,0.8992798991009062,0.9687062036051122,0.8581873176888671,0.9190323269237517,0.8380660877037601,0.7892415062366942,0.7482334280303546,0.7304352754995955,0.7385023129280667,0.7161202932410342,0.8562455058546462,0.9136788467275218,0.7247247412802977,0.5464396261279171,0.8568897407578004,0.7596838277418398,0.9428175850077801,0.8484531021724452,0.7992876006071912,0.8804613670247,0.8516765085487018,0.888212534584878,0.7000767156113931,0.7228489526507234,0.6675403080555956,0.7560937987699097,0.7761190267601507,0.8626974407445652,0.9311488514600295,0.8493886718524951,0.7449633450773812,0.6261639341159312,0.773960945804618,0.6522971008909407,0.7641096308434007,0.6465302575096102,0.9493411246543267,0.59865285823882,0.7695528060056538,0.5560367341722958,0.8573800935377751,0.7360357950563806,0.916341249735401,0.7389933802839468,0.8447335496678647,0.7327171181601781,0.8431262283461795,0.9128240666318825,0.8022798253187862,0.8796220388079875,0.5980533103598433,0.7326173047095453,0.7249893697547213,0.8751384766278016,0.914996030108218,0.8965597464044416,0.7280976825389779,0.7574082382199228,0.8269403261919492,0.7976835608752647,0.7924572442088574,0.827372032827371,0.7812690090213311,0.7718275395161711,0.560734733356542,0.9167917330100327,0.6086665975167962,0.8154116297460744,0.6911402568979238,0.8664895681038421,0.9545241699382915,0.8139308369718633,0.7919099268486813,0.6765205766862976,0.7425679069089144,0.6042189024556303,0.6167474198451207,0.8658797023325214,0.7401693519778217
0.912094183463882,0.8205084556965747,0.7618600359403768,0.7941208859046346,0.6645485334459804,0.8125346977477895,0.7255448743096048,0.8626438762223123,0.0,0.7662304063357267,0.773490258478109,0.8489215374276687,0.8439584984221168,0.7262077892853153,0.8621296802552264,0.7704659974310016,0.7184478226361228,0.8834288454634311,0.8183799474232514,0.9168046133429733,0.7411684633447275,0.8446994489439291,0.7603767802452055,0.7480098269486438,0.8830316464394211,0.7290463933118094,0.8919051714201742,0.8021207265080682,0.6216546746773838,0.8405485162344918,0.9232621975119781,0.7964530077270141,0.8364407747082978,0.8165727570829117,0.8201000819252721,0.7532333393571709,0.8559832348333517,0.8228386804019211,0.7863833631653744,0.7304412356211932,0.7236808265069932,0.7979110948641,0.772346433045078,0.7133948030948569,0.8868962946146828,0.8493919598380331,0.6898812173541173,0.7249322984661951,0.7730610817158401,0.7785832583563806,0.7500634304428851,0.7214876332346991,0.6671791690951206,0.7583177166364061,0.7247974793845187,0.8024465969911079,0.7998723075577121,0.8132153068869108,0.6667341008649356,0.8110209040784301,0.7777398248777093,0.7110813767036367,0.7286696302438238,0.6365653803424688,0.7483664159983758,0.7575685034007485,0.8409727395168488,0.8180273054137893,0.8035213995884296,0.8497173516230263,0.828930621185078,0.710206087120459,0.7300313904030038,0.7886486722444129,0.8293526081963501,0.78609037283239,0.7405611304073763,0.6815714756492938,0.803415207665796,0.5575252240465434,0.6504326441435876,0.908319536195109,0.8257768687778823,0.7757217112690282,0.7394030597735619,0.9409855988890717,0.8114852658665548,0.7932156308469603,0.8768257380752019,0.9327403530053394,0.7793691233910819,0.8723773414623087,0.7128033873698251,0.7406962597795739,0.7399613424723211,0.8810492799279521,0.7549345184514963,0.8359731507985849,0.6138509887507284,0.832943797749712,0.7434676409560819,0.7500112488837993,0.7480462552553285,0.8406474154441241,0.7889874919942689,0.8105364062384489,0.7236145641517884,0.8121847835717158,0.7512602088079986,0.7416709652978943,0.7391249787369075,0.7541808229212363,0.782011178945704,0.8311815150269733,0.7679454081144583,0.8170473401999072,0.7281632095131025,0.7727240415969805,0.6159759608736963,0.8047889246954565,0.6870101800487234,0.762626241812827,0.6906599193096509,0.7757795142773277,0.6642136738726412,0.7849525545293969,0.702706836830774,0.8444279776876903,0.7023329571541385,0.8132526769124262,0.8804679322510469,0.745951733304523,0.7781737825877436,0.8543979610585895,0.8166580327025387,0.6460344748959771,0.8328996242745212,0.7868894866927312,0.8678432470735707,0.855406808062234,0.7883144331189261,0.7295292156029654,0.8718796698588676,0.7565893011314695,0.7712997862296516,0.8700645619613888,0.8812125751432506,0.7390490658896254,0.8408408814016499,0.573931815293334,0.8387232876898545,0.6648428146230145,0.8286375435645208,0.7702247684166464,0.8452347989621586,0.8882615343643082,0.8237679651165644,0.7878976900217319,0.7258477252675298,0.6748650015390557,0.6197212821196714,0.7465054478155556,0.9342530072107608,0.8025862470782869
0.7847862324058904,0.923868823196641,0.8360480532655703,0.72431041806944,0.6931584472817021,0.8230477846199629,0.8199151351469788,0.7224192527014621,0.7662304063357267,0.0,0.7586775339282599,0.8714097435356993,0.8036717651258023,0.6989115680031546,0.7692439714775372,0.7802923701349818,0.7963695026154295,0.7855808831648371,0.8091814496087204,0.8010087425889351,0.7722403381396656,0.8379045039584379,0.8469853687392904,0.8040694194670839,0.9204815067477483,0.6738272512134497,0.8065398276698453,0.8011450644117996,0.8152605760853733,0.8150005632617302,0.7654160132328549,0.8157118946491811,0.7595463848525209,0.8138558762868191,0.7236937219391761,0.7034896955693186,0.7766823531800441,0.6975291571467745,0.7140995155078042,0.8070852323245994,0.7253349275967301,0.8578909175559598,0.6904667028350303,0.7112637801377776,0.7752410143357648,0.7730632319078587,0.7616505790503545,0.7210374675160687,0.8325927859165055,0.6939771300223627,0.7049436483419779,0.7120197441976565,0.6747304836519945,0.757163159393903,0.7186666896082555,0.8285527784289833,0.720853218651779,0.7575418794773366,0.7498520397999052,0.7467211376069729,0.688456686013926,0.631986539830757,0.6486183234086389,0.6479625639967881,0.6474340826649713,0.6611481265160449,0.7404575922537542,0.7663332757617076,0.7352025768362654,0.7065351711571106,0.7076670459432118,0.6450853320946327,0.6500218659071535,0.7644491591656218,0.7580348340587902,0.766326388068257,0.7050934796234701,0.7642725812356477,0.656424845008891,0.6167779474468388,0.7288322311716148,0.7124519668009968,0.8336742243730783,0.6806908445200024,0.6655241758261349,0.8046480630571413,0.6682517333300465,0.6783304935409903,0.7895757903299877,0.8016379432524137,0.7153471706038328,0.7947463749515085,0.7349848200507441,0.6920435121721389,0.6795581689619757,0.8680674935925204,0.6236318158251297,0.8767070440045462,0.5699197570540188,0.7810890721914105,0.6736444058106371,0.6568729447361773,0.644688881644936,0.9051373098813039,0.6422196431733759,0.767574055560544,0.7026884592195587,0.9338119458695179,0.808725028638265,0.8683846102557071,0.7885692886425947,0.6394513748363785,0.717612328569573,0.7163303488728694,0.6600780336818822,0.8051863399676994,0.8290566019538677,0.8243219143055093,0.7569154335613514,0.6939266628080977,0.6552071727619768,0.6182050060436179,0.7209671827063519,0.7794453298911391,0.5917591333786848,0.816156899238472,0.6646678112567911,0.7630700709464883,0.8226340299030712,0.7228900286323714,0.8552558411779216,0.7140681035497451,0.6379005242903887,0.6670176559110818,0.7344656544564636,0.6258564867730138,0.8365099302809982,0.7321576304556265,0.8335463862692235,0.7361225183158308,0.6985549864482561,0.7612501507546252,0.8305663509809128,0.6768308612505071,0.7619150424434713,0.7941998117930531,0.7752500596731876,0.8213478281951768,0.9569522471272662,0.6268173421431312,0.6640281948798116,0.7552386354369282,0.7745683622717111,0.8837942125401945,0.8586771884737954,0.7410170968090777,0.8054680279699115,0.8172785772058447,0.6786518786025543,0.6694626535930303,0.8375574322612904,0.704162495375945,0.8572779406209748,0.7233796904768008
0.8999229449697459,0.7630186320304441,0.915049082628238,0.9187479699800725,0.8077351446406933,0.914699425815044,0.7703036220297089,0.8369887216172334,0.773490258478109,0.7586775339282599,0.0,0.8958355779813602,0.9377675481724502,0.7257837383615189,0.8959324086320327,0.9650205872943308,0.9096695545813336,0.8980485542374058,0.9229911273843004,0.8722908567650342,0.9436337910044518,0.9351103523842167,0.7266919015632365,0.8311313402983238,0.8705505653105522,0.9096871395436106,0.8096105516909677,0.8456859762356284,0.7587383672697654,0.8485470679758093,0.8498267634292276,0.9330719974991768,0.9194180696204814,0.8194992306539782,0.7653996092774961,0.8475740474927576,0.9458707301425138,0.918453600952084,0.9345893661996112,0.8385896019908364,0.8674582166595254,0.7431728430039654,0.9398443734929579,0.9140319443209518,0.8658104884916781,0.9054093421954287,0.709119811586619,0.9623617155259244,0.8518280741033175,0.9111961780758536,0.9489915766439675,0.880241541152615,0.7442351855551337,0.9661794201025966,0.9339850268213719,0.6636785118090297,0.9601560187215699,0.9506630226030661,0.7058930385147206,0.865980264620545,0.8723008002850328,0.8092726878249639,0.9296588051020849,0.6431780950388408,0.8288248892629717,0.8958917582727902,0.8546109723664408,0.9082575732318614,0.8886907693955363,0.8748625256999404,0.9229749856000652,0.7276152214299109,0.7838834782179487,0.9569150419321936,0.9234321441580485,0.775609270949678,0.9393426104213536,0.8331152807431975,0.8770652795029809,0.7224600392420502,0.8482911719654763,0.8668882423153026,0.8363863629393211,0.8740501320963292,0.8964325777917826,0.8601028241259632,0.8546522644418574,0.8341477797721252,0.8220292343577975,0.7592947441616156,0.9309298673119991,0.7205675178723122,0.9231381658470086,0.8736607469134642,0.8477628484226281,0.8813807791420571,0.8136172644554085,0.698619633195381,0.5989269981084813,0.8009005381932034,0.8112491613059899,0.8601314236446732,0.8031105535770335,0.7833431918060801,0.8374515601696249,0.8978173546255181,0.9112431648105191,0.74377804909203,0.8504214373477174,0.795906711047918,0.9329008000952875,0.8665414022388009,0.875220257872638,0.8492146193319557,0.8959457057774436,0.8240903604624542,0.711267158277249,0.92102445918165,0.8417726623591764,0.719834542000704,0.8393480540258155,0.8135901708098404,0.7220431568502732,0.9112051090677756,0.63977257537419,0.9456549553196532,0.750565148972293,0.9061245233032154,0.8396432419065857,0.9048588800787404,0.6914863465853627,0.9384280006247966,0.8450960486070848,0.8380396660611714,0.9133773921843352,0.77329716981568,0.8236759778881686,0.8468660003618684,0.8810279570306722,0.9177021905264983,0.8598446130766098,0.8609615480259085,0.7946296303325355,0.8395043162573567,0.9491350471939176,0.7965465431761872,0.8713404869887957,0.8890707585104228,0.8174546099190719,0.6226255355652875,0.8673154244344408,0.75872268127213,0.9429715885462977,0.7472361927420258,0.9116312428398785,0.8839261051076643,0.9174940219672423,0.870349003950789,0.7660801540945754,0.8847703180849438,0.7221613215292887,0.710796265223836,0.835111139009091,0.9152738741775772
0.898514911560458,0.8909233687233596,0.9177670250885821,0.8392758075735502,0.8071727985985307,0.9390114300720332,0.8457440386742714,0.8356541390980411,0.8489215374276687,0.8714097435356993,0.8958355779813602,0.0,0.9096568033445628,0.6933157720099123,0.9194407949487329,0.923200806105443,0.8728714171655382,0.8653260417927492,0.9346110788637422,0.8820567773048524,0.9139113135036763,0.9386158747682368,0.8207244385262513,0.8937453742087249,0.9481495470074541,0.8304849351081266,0.8410333517327083,0.8206209799433599,0.7803578786127519,0.94016914257501,0.8999567366403041,0.9152007355883162,0.9081006370237694,0.8829381585673339,0.7655767077413678,0.8044948290172692,0.9230648408667435,0.8365561535325631,0.8977760761258253,0.8522889994680191,0.8629278908752621,0.8393434025248074,0.8569499385680867,0.859327084127955,0.8809982782879068,0.924097105901418,0.8026325553950691,0.8692167275255838,0.8749318300224245,0.8347684696192647,0.8652919851103971,0.8516194854467573,0.7159817159423778,0.8936936772484942,0.8425570889513564,0.7998072009123243,0.8868427301200493,0.9266380849841591,0.6820023026069282,0.8623065177536675,0.7942705873544833,0.7545402543599685,0.8051782415780594,0.628709728369324,0.758022977739011,0.7910101822541519,0.8198782112521282,0.9022622705779587,0.7943680683402593,0.8265635638466063,0.875211523774618,0.6909482247182134,0.6805893353653428,0.8902280902975176,0.8618524669623192,0.8139379468394781,0.8484554437614634,0.8677866376476636,0.8216448504272472,0.6966620855134096,0.8149714040395928,0.8566547896496399,0.9441593971812842,0.7902263488392801,0.7898756714628336,0.9223908043886202,0.7889775888086871,0.7694433803511944,0.8660072510365648,0.8826204785816717,0.8673121048025183,0.8294225633390588,0.8646929270468341,0.813048568227928,0.7450302231628663,0.9682931691514449,0.7417091263419145,0.832142728627263,0.5915256302603826,0.8283865699061737,0.7646770216249591,0.7847569978935425,0.7383981454035723,0.8996278885818558,0.7553040444193707,0.9186555522754198,0.8335883097108508,0.8555740385938971,0.8981697186179237,0.8853179798579496,0.9100811655234154,0.7728457399376768,0.7924974095222804,0.7988576376537296,0.8081935544185701,0.8900911412747783,0.7846001801552803,0.9068226542747221,0.7704662187276258,0.7260634934259591,0.7924708242584587,0.7472855103918372,0.729152725663829,0.9386375195078425,0.614123460574425,0.9536118950998657,0.7200713569022078,0.9319269318591309,0.8403809757192328,0.8482354098892222,0.8220201625805867,0.8642341671902295,0.754952468370748,0.8011014605969677,0.855404767668606,0.7173857475432945,0.9405449570283946,0.8446049599723938,0.8786218613179051,0.9165347568216622,0.7839147221815357,0.8324907057855769,0.8673384706404118,0.7573546919833767,0.9047732535989098,0.850244165749416,0.9402457886846045,0.9403548982846243,0.9222283513361448,0.6267881430848635,0.8056811629253415,0.7640332430220578,0.890556907333067,0.8754479345078607,0.9832651839043819,0.8728818987665315,0.9044873703800024,0.9385905783599261,0.7121364438504512,0.7814895500761314,0.7409831437741788,0.7279448199606253,0.9440539673929084,0.8728784130534358
