0,1,2,3,4,5,6,7,8,9,10,11,12,13,14,15,16,17,18,19,20,21,22,23,24,25,26,27,28,29,30,31,32,33,34,35,36,37,38,39,40,41,42,43,44,45,46,47,48,49,50,51,52,53,54,55,56,57,58,59,60,61,62,63,64,65,66,67,68,69,70,71,72,73,74,75,76,77,78,79,80,81,82,83,84,85,86,87,88,89,90,91,92,93,94,95,96,97,98,99,100,101,102,103,104,105,106,107,108,109,110,111,112,113,114,115,116,117,118,119,120,121,122,123,124,125,126,127,128,129,130,131,132,133,134,135,136,137,138,139,140,141,142,143,144,145,146,147,148,149,150,151,152,153,154,155,156,157,158,159,160,161,162,163
0.0,0.3739416859980429,0.2768267513126195,0.2989719394851036,0.24682712796673054,0.3602621931993753,0.31425920147707304,0.3160526529130443,0.32905909033157255,0.32638765225064714,0.33383737575768074,0.2729999873404414,0.5084983236062814,0.3131779909068175,0.37825109489918496,0.3296010354851633,0.33864736390276134,0.44531746075750506,0.31859139138341747,0.490611645891115,0.31609211944446813,0.3582455335865589,0.3061936546786157,0.35985792846422937,0.4431704034692549,0.28498602750088503,0.28145782317602563,0.3431183613281164,0.28465518794063227,0.24079073672616944,0.38164330812138614,0.3682302432379014,0.3180876603469831,0.37163115551206216,0.3948003171880843,0.26360940135332406,0.4663351620115534,0.3159696588565154,0.2802555011837926,0.38589113306443007,0.2618482883742277,0.34934805453911927,0.3102697398007373,0.3160383515944969,0.38935833021956695,0.41323979314219683,0.2512735938817463,0.27101305760426064,0.38239631440753685,0.30423722467386394,0.323484317192376,0.3170902253257337,0.2790303893461115,0.2972582982865215,0.2694867872880182,0.35416192123910717,0.38664641217016643,0.29764138744470453,0.29823618053754786,0.3429902874474425,0.34737741314592807,0.2662940628315503,0.27732710389229587,0.23104285214120285,0.31148740467532277,0.35132653805923175,0.41341535160986687,0.38622347843034205,0.28253669622398814,0.4149535739686629,0.41285637966938704,0.2993837302319139,0.3238708900490394,0.36675103152714916,0.3529965047368957,0.39611611249221446,0.2701849615303663,0.29172484442507574,0.3372180734987966,0.26529894683456756,0.31190951880861234,0.38175266642156386,0.30191412736773354,0.33891318198730974,0.30591958007196984,0.40310191004609136,0.3716159577584306,0.3094855096387941,0.3933597784629052,0.33047103677434875,0.3125657117004949,0.338845524791257,0.2785635259651672,0.3749945369831088,0.3055071215403384,0.33036667335363984,0.245910767798907,0.32087500493942706,0.25483917336003126,0.4291137129288014,0.3382510333716786,0.2895808329700513,0.252484478834514,0.27079687349232634,0.3019737848690172,0.3544252633470611,0.28463540486706757,0.38519182915690103,0.33351997413409307,0.32869129351255727,0.32092323457366667,0.29252288790252967,0.3650430185031604,0.2850613286342813,0.3492247725910563,0.37504206532001394,0.37425329575804117,0.2954546527875449,0.26732342511757917,0.30065896416972565,0.28256837054224976,0.25764361434326943,0.38399930844053953,0.4074218768831274,0.30275651745865034,0.32957781780788675,0.2697029930251189,0.28014119743067406,0.29540408415529146,0.3253557205642286,0.2779609019230268,0.2769573370190217,0.314045299928389,0.3526661549035935,0.3389664303164995,0.2998042160163549,0.35677500306985654,0.3630006745320857,0.33890458637831905,0.3546144356973809,0.2832320415963242,0.3240688366750861,0.3917494328176419,0.2437024439048186,0.35051026703779703,0.3883587588559819,0.28775668156835377,0.3088069363278647,0.3719578372235555,0.22757776911243197,0.4082359552078568,0.29363443056799016,0.3246032497581512,0.22065013836932923,0.36406625788709773,0.5004633111850083,0.3336805616378192,0.32364874478627936,0.32797186367888753,0.3028966706316146,0.28975559583251753,0.41416392403425967,0.2564199624035522,0.4646136118931586
0.3739416859980429,0.0,0.329291924265669,0.28616869667196715,0.23717723300952617,0.37363081932127284,0.3160740317718236,0.4375612370124525,0.33013298993059104,0.5139998007574826,0.2975227328393503,0.3563522353519043,0.35251983021424904,0.307839601352837,0.37761848533208625,0.31637738027408385,0.312178292529113,0.34377755220556466,0.3362429531508836,0.3567328206643282,0.31792365874003636,0.45700992386494776,0.32093553043731177,0.36735828981137164,0.4893736913948657,0.2545384269663514,0.28818672141506274,0.3177507992458701,0.3244247488447932,0.24624967585493387,0.4254071991284779,0.34119155268333523,0.3353645219265455,0.32994210926357376,0.33755945119709696,0.2863294943531642,0.3342939055088873,0.2986935959260434,0.2916740157195547,0.3332933346212635,0.28248690895875833,0.41688405388236466,0.27033383894244695,0.28514392689373547,0.4456646576076347,0.31666977131053464,0.2788218814277131,0.25330961986893225,0.3391612807018297,0.26775739079852534,0.2719340056225092,0.2798734222235154,0.26674524937430666,0.3423546585201308,0.2812201068219458,0.35902918042549575,0.2941508007603395,0.30605046010377424,0.29866309065676344,0.2992986014945017,0.3167970563274363,0.226274803056739,0.25210495143972894,0.2382583921468301,0.266676323459067,0.2925460808637115,0.3120918739713636,0.32378151936372335,0.2869114099849565,0.4157427576013247,0.31419988861209575,0.27619566397309075,0.24668638233904192,0.32628516231770677,0.36255560674896653,0.28837983644773413,0.24730610971472722,0.29384469501002214,0.29309035776252756,0.20567601389846515,0.2775027178438878,0.32087321521140333,0.3703185747060172,0.29280731044584496,0.26964811353207235,0.45219615871788993,0.2982396692129684,0.2469283519480706,0.31709532796565515,0.33142796429367555,0.26124429261670795,0.3274767371859682,0.2662012613027744,0.2801537338996528,0.27770703486512777,0.45407480034043524,0.24897676208177033,0.37792161831393023,0.22796620625382608,0.35007681574631044,0.27946305543192496,0.2723404665202509,0.22536484058604686,0.33826753032413837,0.2585927543099368,0.31021215976525596,0.2695074615566305,0.5727999225323229,0.3153599062382828,0.38695962510325066,0.3031711141217409,0.2488617902724838,0.2807787570408672,0.2652373967942794,0.30307607116355734,0.42151313714555,0.33676053963982555,0.2808784592399496,0.28097154620563997,0.27321164079340643,0.24838083061153082,0.238959432372738,0.2939729129135316,0.34550054326394897,0.24105327583684452,0.3738602219257294,0.24630879026475908,0.3436917361819272,0.36866242430281726,0.299018218135338,0.3445642392516685,0.27144305000636076,0.23336369033118953,0.31290341366507896,0.33155711881074373,0.2555068457204745,0.34553463088141106,0.33258364170429033,0.37922934098668104,0.3023702005853649,0.2844616024823383,0.33569984893380483,0.34607632870573984,0.2439047841760823,0.3298062406696667,0.36678521334903874,0.32843096527922966,0.31434907604235784,0.5006728016701559,0.2569227467792053,0.29524426146682003,0.30113136028956544,0.2918964505057061,0.29447905033566085,0.3899325177331902,0.39116487315446513,0.27869312547198904,0.3966915130374792,0.25540639975143625,0.23829982927364426,0.31133452334633976,0.31410241973739916,0.244368155726825,0.31100269219120696
0.2768267513126195,0.329291924265669,0.0,0.237158819311902,0.27386185592144924,0.355721251986753,0.27485695942874977,0.306018711632293,0.2546754948832893,0.35303792943918555,0.28885111136509867,0.31017849586755314,0.3146637242132419,0.2398123203066199,0.31681453625571004,0.40705617870899197,0.3299679677547269,0.27685291509779786,0.25224643559419546,0.2564570337210551,0.35738101145213075,0.46293993262374256,0.23522706621162986,0.32683452271055224,0.29936945262957415,0.3255146831846539,0.23345522556330126,0.24463118014938945,0.28444462892359906,0.25337805195531415,0.2860095386572883,0.30884274772836134,0.2768427106089337,0.2625180447452347,0.23760135271715635,0.2532095898431403,0.3010901092739689,0.2722975372655603,0.28199518452818156,0.3025289037397092,0.2672328762028487,0.3150608384345643,0.28086059456368284,0.2769282891867052,0.33298205942592096,0.2829253260534622,0.321702085712341,0.28065680888056194,0.27315459742011755,0.24946960795050527,0.26730932118967793,0.3368825093847233,0.2091204036247227,0.3051621398802569,0.2604949265567705,0.25851747871125225,0.2549062682585455,0.3462570976320036,0.2345459054723816,0.24242865407886083,0.24557505852218875,0.23196706599009748,0.2905569317472877,0.22474371945166177,0.2240462125300743,0.23364137522890577,0.2462874675573674,0.3700261780180496,0.27232015092353473,0.3050755554307881,0.3328905649232793,0.21928925336068755,0.21630777097887147,0.3313686234391776,0.3079506314360142,0.21309342503674533,0.27819420619108004,0.3378162107216208,0.2551095657783308,0.21444502221038766,0.28921175031635016,0.28227260585251546,0.3375216484414438,0.26049255855058695,0.2317841508611103,0.37015318296954625,0.23395608450968003,0.2111588111187019,0.2653259684336393,0.23515648645761564,0.27749736158007066,0.25346840827118683,0.2580610623086989,0.20873450941622237,0.24226571639909963,0.3201512951931058,0.23542701405208016,0.31467971705301107,0.21126387583638306,0.27787775017411365,0.21188941934207692,0.24769375958438689,0.20038441551641709,0.3088743732275038,0.23203100739068352,0.3856492668351829,0.2530235558998428,0.3069476769574555,0.28671339402689616,0.3065349937216665,0.2715006628316819,0.2245755609237554,0.2309549725810543,0.23098504947855905,0.24534023883934933,0.34299509236299086,0.24213896723598088,0.29170417881854904,0.2810761471878291,0.25609537621818484,0.2806864636367934,0.2243952560932362,0.23365217035040914,0.3435113079914513,0.19624047273177175,0.35329685801936,0.2320949444379986,0.3338343129553292,0.317123305689408,0.27209296803038774,0.2639097518767995,0.3830900790649049,0.1919456405791567,0.24286761575914423,0.2595210386853395,0.2339929971562222,0.2726712788624798,0.2719973212740357,0.3003974635240499,0.2529146598619164,0.21861731886507424,0.2858266428132082,0.26440614932489537,0.23766129694287969,0.28374514328536105,0.2756176519953354,0.36678984204931214,0.3146214509500385,0.38791546834211416,0.24605337489842913,0.2209996316057737,0.22118173777195183,0.24958828058492397,0.29553945420240757,0.33548930571005525,0.2834643017151028,0.2416239092275085,0.3645737136521428,0.18921276008472987,0.23008464020031857,0.2822921178679993,0.21522640711446242,0.22895774273979405,0.2794490946432547
0.2989719394851036,0.28616869667196715,0.237158819311902,0.0,0.2377419047623759,0.2511644948685045,0.31470089970626297,0.30518819345036824,0.25091726186018337,0.2877875688572686,0.3017542023179965,0.26951307425330456,0.283820146937951,0.35694632412365357,0.3492962621448581,0.28590742437070626,0.3691138530242305,0.39876165874048997,0.36405671840143156,0.3082553398548205,0.3499737411057937,0.2635598790584653,0.3046848804111996,0.2467381535675935,0.3112976728497295,0.32243819226304704,0.29408860300593226,0.3354560437360639,0.3006705707002478,0.20748624352386066,0.32473847070630574,0.3150776743137144,0.4572985925910384,0.3503283427058197,0.35647005730478964,0.3740581160926517,0.27279311828643854,0.41574739573087366,0.3413150930643419,0.37682867869892495,0.3641925387540461,0.2651832900842659,0.35617684026495183,0.32899672663427953,0.3396884430537551,0.35775890761750057,0.21205286909465937,0.2538973861981562,0.33883688625644065,0.3568681914227926,0.4211183992501677,0.33119615139656244,0.3596480229267954,0.42466538038878304,0.346484016630046,0.23317410115758375,0.4138872129597711,0.31089912321069607,0.3882497672519646,0.41203959426374864,0.3542784242052317,0.3064070546852141,0.3267981880471623,0.2911121718297648,0.37190974706632635,0.3628315133082448,0.35042119988638276,0.23660869576500257,0.38468726918493745,0.3440591476435928,0.29072634532784514,0.35082904240865553,0.30457797596539893,0.42427998465423555,0.3941968296825032,0.2950935152828572,0.34438134155233885,0.2967144792012039,0.4123589025446569,0.22393195916709582,0.28306226508314336,0.38845446846502174,0.23171465285513645,0.336264249600093,0.4135395343802156,0.31544597468033014,0.3188250797490962,0.3894738551372308,0.34761952186456674,0.23533913602711834,0.35012235297328753,0.34430027833616217,0.31800966945897113,0.3196284953260518,0.3871909379288686,0.2550827487271431,0.30070527771462807,0.3150891656858952,0.3106338682427936,0.3886909026585947,0.33495324429672246,0.37951962053445526,0.38064462968791246,0.3000974498494616,0.38075891785932314,0.29867910347305554,0.36871085080395,0.2991541460207063,0.3439376047782193,0.22569929025079172,0.35201066691787464,0.357569571170466,0.3525397161652926,0.4162672347824386,0.40590452162061813,0.28207033427861694,0.3815481449604482,0.27711548300955596,0.2981320762642653,0.3567289389101231,0.3239306185195808,0.38468148118142287,0.30321096586085944,0.3082071987355161,0.2646111535811202,0.3031344017729137,0.3562439604464843,0.2684608629949719,0.3869960173473072,0.403984680705767,0.24335538195437506,0.30748006750959356,0.30451828055089264,0.3745906576071455,0.31229986461394105,0.2599716229461075,0.2123580728498183,0.4070125198620064,0.3556519977856833,0.35779216505235945,0.36893227285885527,0.3420673962870226,0.40677325995128877,0.3282936594828051,0.3396215373555019,0.33352914533205463,0.25422094857689725,0.31013641311319556,0.28300729229562793,0.2862686468206567,0.37803941747728403,0.4047292932508473,0.37345835850610953,0.21080821131334182,0.3600232102806329,0.3087592054318605,0.22888471579062306,0.2634336791005158,0.3702852182136294,0.3064953366939496,0.3621664550793908,0.34473299943888297,0.3498506637153826,0.3085837431454073
0.24682712796673054,0.23717723300952617,0.27386185592144924,0.2377419047623759,0.0,0.23885733550227672,0.2907951414151489,0.23211689183504783,0.2121051244619945,0.22550852012468445,0.24887089773560075,0.24632859964215073,0.2399905262728279,0.2211992195953692,0.29901241291021885,0.29981756497001005,0.29210639094248814,0.27111474238553407,0.23505861132901185,0.2392457610330804,0.3168878474620458,0.2750555978827468,0.27321080658727753,0.2723901759055116,0.2319955613908871,0.2798899071267822,0.24326255409650344,0.2197531324836133,0.22015498430960523,0.2677211402614357,0.24867027257692204,0.24297446166936637,0.2735619209492348,0.24658284871268527,0.2541793164427011,0.26528154042575264,0.25168233665567485,0.2511022882808166,0.27234119770089815,0.28600545320117815,0.2857218503508928,0.2621515777589037,0.29304169198620295,0.2765309794886532,0.24495152782451513,0.28533950749354114,0.3192815015382505,0.24902901401206812,0.2722735572826738,0.28311140620354547,0.28583519585173417,0.2767656073235818,0.23560101404159453,0.25023704651420253,0.22476390626787826,0.20527004189637146,0.2455615995440715,0.3564572400901534,0.22578301429349762,0.26922554375037133,0.19832958882518784,0.23792127823444628,0.24829559867719797,0.22015858052526366,0.23318802141465014,0.20625179888825804,0.22449926491174663,0.26420844339260596,0.240377590964642,0.2614753314535251,0.2703156621609831,0.22453998610407291,0.1946693370205115,0.28102458335275093,0.24600637237784273,0.20579381837133645,0.2518664804129791,0.4384640493030917,0.24577289292178078,0.21418764889711706,0.23464345024613048,0.2796346345419987,0.2695745584724187,0.20497667139243578,0.2364758672973886,0.25046751020690367,0.22242183151227948,0.2342476332343943,0.23733890504611818,0.19490768909850312,0.36670305323206775,0.2852969657644004,0.2856401425970003,0.1965196749607179,0.23228728984720926,0.2250742304240196,0.19128440021683424,0.23639302078628688,0.22112071188916663,0.24916048471448426,0.20683681179569613,0.23038294727808264,0.23574689284549874,0.23346266771190424,0.22970864670777294,0.3079098257059735,0.24863413180330488,0.25410458126206575,0.3338040099182875,0.23188525398671325,0.2592893958851976,0.2516140734809851,0.20720634939058719,0.24603974938524306,0.23776741185601408,0.26672270863788083,0.23329994171506616,0.24052620450608486,0.2185732341611783,0.238486584195122,0.31689411623392294,0.23825012276958432,0.21587295566186188,0.31477969083248203,0.19192098337258018,0.2505157751347292,0.23952955740972104,0.28088814503620346,0.2344205241337027,0.25034016014811494,0.21032109464686316,0.26674862525946663,0.17924956339088483,0.23332744989455084,0.21713099755676132,0.22095872545694362,0.22758631649436203,0.3079627579481895,0.25960657410470894,0.30358903028053363,0.19383277944472607,0.25226568598389526,0.2910672401221688,0.23510906810039106,0.26279105028098976,0.2677428579572698,0.2867606624859101,0.3063873966052707,0.24012780341055673,0.21489697978987948,0.2195938203119406,0.22638617604187258,0.27686414526391545,0.2566296436575422,0.29548012678736935,0.2398612743275755,0.19581091106758655,0.28741526882303503,0.19395761626054567,0.21177014656367854,0.22391690242126866,0.21775787695823898,0.23592660801465754,0.2889599087598283
0.3602621931993753,0.37363081932127284,0.355721251986753,0.2511644948685045,0.23885733550227672,0.0,0.295976575891602,0.3153552433423251,0.2552480400837397,0.3095305917059818,0.3653958128798399,0.330399034720409,0.43647804189226397,0.23940334087350598,0.3437515803280797,0.3561730895089978,0.3202422290568715,0.26473169184278483,0.2900814270063502,0.32209115634332947,0.35088470444320674,0.4407041143051298,0.23440530871595378,0.3514977881779687,0.3897096122179348,0.2724444013738078,0.2263067152696603,0.26083394563636264,0.2862381612280592,0.23805176607782663,0.31924374718826076,0.3362759990899786,0.3100199961980856,0.2745601132393018,0.2812480077178126,0.24074181618799237,0.41318560526406684,0.25211455676757444,0.2741345562115359,0.2857939068026034,0.26665078524637165,0.34253577688966447,0.2872299183605019,0.3519436814862798,0.325613350840459,0.2784981986310125,0.259128537067528,0.3142651399161937,0.2624379074970482,0.24968692924946154,0.27468998144134843,0.3295217672301163,0.21446073636030932,0.321135452423851,0.245312896571148,0.30069914788160806,0.264408333846002,0.3728044485052403,0.2284887506995718,0.2392293857730266,0.3284935718309202,0.22513171516377967,0.2942658307940268,0.19891348436274217,0.2298353930454376,0.2549339850427508,0.29369509684035666,0.4053424037278657,0.2441204134124319,0.33135988069310546,0.3346409875066321,0.21674531113454087,0.24586926786550536,0.31147807009661677,0.321019969215095,0.25271900601958003,0.26551416326766253,0.2868244120746391,0.25186482959418954,0.2575279408596607,0.3407390753309147,0.27685224712410034,0.3238630488855842,0.2934402651876757,0.23695645395292445,0.3277486706153592,0.323213399466074,0.21473107981971465,0.2753084528069799,0.2652860888080788,0.28548566294456906,0.2868446639447113,0.2593082432496042,0.2437205587551352,0.22762859386499842,0.399400009687362,0.22618825914788898,0.3252164968356468,0.19682504472095194,0.2821786758124446,0.24358401211914654,0.24754321725671288,0.21281195852409623,0.27848835351708806,0.23307706738054956,0.36213716077029284,0.26267755288890593,0.3636517408672779,0.2794899517486798,0.42046381923141113,0.3198288770524388,0.21537157710722082,0.30983354846870353,0.23555230528379825,0.25213524681117955,0.35572862978743597,0.27852530472597986,0.25023735847844775,0.34541392123349357,0.2405689150162728,0.2521226248520488,0.22490470542659471,0.2998860986520685,0.35582923937704325,0.24068759315126434,0.3642488957990106,0.22281145641113712,0.30666465050691166,0.29629752431891876,0.24598399698798665,0.26212839441883856,0.33011573125406685,0.23637650671883664,0.2639346946857616,0.3321099205096228,0.25926153951541764,0.35206340518274476,0.2696114403138829,0.284410167535812,0.2569698757225932,0.2716189771686149,0.3079788083680407,0.2633412535679796,0.2157027240691654,0.32338739500366775,0.2997210401554418,0.32063665061358587,0.3227924971691834,0.3544021492811039,0.2253506943510497,0.26510014763305106,0.24575036178744,0.24136297064880324,0.26023619732961284,0.3881324827877046,0.36277126431194173,0.30975865221192767,0.39480300737099056,0.24040375310235532,0.23663863856761302,0.25375360010686004,0.285086221176855,0.2141042672825568,0.33849396425422895
0.31425920147707304,0.3160740317718236,0.27485695942874977,0.31470089970626297,0.2907951414151489,0.295976575891602,0.0,0.2879703807885221,0.2499643739664411,0.30095085762396645,0.29304207914592145,0.40352881589202294,0.32049408024463294,0.24801129715018538,0.4578060852950778,0.2966852320037433,0.331753835564575,0.3177993912270376,0.3533901527910632,0.2684413602413947,0.3179107108962423,0.3399683637040412,0.4484193872033934,0.35705318620807314,0.33717173146425966,0.27285668918666545,0.33469402874434184,0.30154443720674035,0.2789188641603431,0.3165886957793637,0.33841288574619627,0.3311000864337203,0.3503875172448568,0.3908603003801561,0.2735177260763857,0.2577545259086652,0.35424428966826504,0.26941148061756454,0.3388321924701311,0.39328742377920434,0.30948609358403073,0.3297637576843789,0.32293046803985803,0.2891225144471562,0.3414094330935944,0.3530199200987352,0.29699101818148305,0.22692663028578014,0.4314768021449514,0.27353095148464834,0.35408205459600095,0.2884857366691703,0.2465453851463088,0.3137048645638155,0.30556583066933024,0.2563081409739394,0.307102843726329,0.35235098277756743,0.2766468187582839,0.3086336080036707,0.22817603203601092,0.2349721807549961,0.2545207353386107,0.2325083243463077,0.24994131171206418,0.22969339722883914,0.2648264378471638,0.30191082637526606,0.26251472120832564,0.30016720465436336,0.29901910486110417,0.24608870267922398,0.20945820735465268,0.3593807097898775,0.2609450103285039,0.28003490368133466,0.35094981332306113,0.3766078973750334,0.27263967000262557,0.21252845628862532,0.2515730451876966,0.3093158421460893,0.2999131578439389,0.21994114311327806,0.25795692655705527,0.3212406656044912,0.24339617394265767,0.26911824664312173,0.3369321376410291,0.23669730064353664,0.3326231932323394,0.36727136928583853,0.3214382077000479,0.2606412830809618,0.2534907182017149,0.3062712218286416,0.2072340857799164,0.3306621467863319,0.2359680564114151,0.319253297342223,0.246511085005947,0.28879929040297003,0.252293098012294,0.29457322372456934,0.2446211328625692,0.3568722772970172,0.2654813200861508,0.3222098591665189,0.37763043666156015,0.29223306156782575,0.3946839756630928,0.25442676093201627,0.22843128580020966,0.26221960941762934,0.26803295457248605,0.3513319545562683,0.29405148943799925,0.3310247292560241,0.2508570518178236,0.2575867334397121,0.2836740186695634,0.24029895874138532,0.2377503195398647,0.39559865298460883,0.20193396071588798,0.3425584871922018,0.2387284764854403,0.3613677295003128,0.2651785602614807,0.28383817937840716,0.24962982240030107,0.25568511189677906,0.2150706381878997,0.24784479065921067,0.22999966691124066,0.23585712212861915,0.28859482889409693,0.3502141799333811,0.2980053459457182,0.3292760664966522,0.2292959610585687,0.27245080674383637,0.34050605346663215,0.23143505683717344,0.28842602050274263,0.37599420911948717,0.3224401653462612,0.3515214096604242,0.29670532343624745,0.2235079428506596,0.2675721171940307,0.2794915952626446,0.3204396241030814,0.2830903647576828,0.38851750770587223,0.3001796608444694,0.30833918075666833,0.33983011185763984,0.24993586774781487,0.29419400153473835,0.2563513470015284,0.25056706189734906,0.24506054868104457,0.3180413690480155
0.3160526529130443,0.4375612370124525,0.306018711632293,0.30518819345036824,0.23211689183504783,0.3153552433423251,0.2879703807885221,0.0,0.3877732901782586,0.4122908534455036,0.24748512367647554,0.324350434772726,0.3175429179816634,0.2925448355176282,0.36713592777688275,0.2983605880291105,0.3081039931403142,0.3447756796439388,0.3137942871360247,0.33769026896113635,0.325220761985322,0.3416562683826447,0.3086184213996287,0.2878060312964021,0.38432252354405766,0.24960780795901139,0.34778130242288163,0.3148091802730486,0.2358843281294153,0.2532299365872881,0.5006898466888507,0.3131994549908718,0.3383497813824413,0.33511610951915377,0.3114277669809976,0.30461441242129783,0.3046147273562413,0.3395769854045466,0.2877655934811319,0.305996345306883,0.2725041370290542,0.3599370679182586,0.2939367801927109,0.24683904095769887,0.4982078358435053,0.3287989117725309,0.2779127234664131,0.21608270694404905,0.30696361736665256,0.28113884094720026,0.27456761286526193,0.2632947177540647,0.2685368614043114,0.2935248910899027,0.26217040025321553,0.31188015555453,0.28778116167813445,0.3345626816582003,0.31270923337752454,0.2985712527926947,0.3360669930625353,0.24580375395318432,0.26443808066887764,0.26842140119007646,0.2796534086804479,0.2716150308691643,0.3145110619833679,0.2985584285598298,0.3443324950012827,0.47614428117057833,0.2923341059381522,0.28725038698488914,0.25554218148464203,0.3321473861535359,0.39028425328775435,0.2717431150233965,0.2657415339232594,0.28004600774565236,0.33939670058561117,0.18478085212064094,0.2512547483482296,0.3669451522021082,0.32106720096250857,0.30378712285498993,0.29843042173113077,0.4542379711647956,0.34439183318203614,0.2871046371276122,0.40410152881938194,0.30869234279544294,0.2676547185123811,0.37610215707627487,0.2562236565504197,0.23823727786259447,0.30549499349092124,0.34535872655945066,0.2974816115552486,0.42061809490337637,0.2542111716230607,0.3868667162163579,0.2674109632150407,0.3216148294067414,0.2633760837643866,0.365102029341692,0.3189349091992407,0.3534150830527285,0.2906502699097623,0.46391198919874393,0.30129463701695214,0.29140900042868395,0.2586304156370145,0.2675128384592019,0.27697485268395283,0.3270466670134866,0.2977467929139971,0.3643021208113672,0.3300317941625115,0.2653774202880545,0.235128625456384,0.3187943503664922,0.2510111708863837,0.3164070910108688,0.2573151447526599,0.3013589621736785,0.2355456417718504,0.28754668783045745,0.2711131214812155,0.3765173085518975,0.31666657627116557,0.30842877863514967,0.40590249911617005,0.2862248745347994,0.25077795061326086,0.29264414111988857,0.2940804899138878,0.2236922760680049,0.28724260912708194,0.3155712158745955,0.39971305649652206,0.3230237885673055,0.2815881599308901,0.2945336867722856,0.3775770250442649,0.28678581567749717,0.29564986548625494,0.3972435993878606,0.35704833325995083,0.3201623305777631,0.41853069453188974,0.2559856853153972,0.30357100223174244,0.3133837676396938,0.29296901866198033,0.2805740281083226,0.42253650993279274,0.37658191054321455,0.2432484174988097,0.3396864184335942,0.23253786682302072,0.23120300261921423,0.3013659227350351,0.2860182501201748,0.2885686423385074,0.2655345408632323
0.32905909033157255,0.33013298993059104,0.2546754948832893,0.25091726186018337,0.2121051244619945,0.2552480400837397,0.2499643739664411,0.3877732901782586,0.0,0.30450509323055824,0.21295002094987706,0.2707115731088111,0.26516481721340057,0.30794877046507013,0.2898752965791446,0.24847959121670002,0.25460338625042805,0.33661158254425155,0.24873641870826968,0.3180815220044248,0.26331412176136215,0.3114569030490446,0.2608925970803084,0.2564836674241566,0.3086356074108021,0.24508893588885913,0.30955696773625246,0.27579298455002416,0.2046521296207366,0.281136289935357,0.3917398532584074,0.266634625238329,0.263921459527064,0.29015294686891063,0.31775739316746915,0.24801703227946867,0.2624960758538087,0.3127283453892921,0.232653316310585,0.2737395761446978,0.22991979818975675,0.3904401819583423,0.24645813025443705,0.22600426111405444,0.37105607642388977,0.2881952801465861,0.26882360926530174,0.19077798135870025,0.27196410759132017,0.25556305650943484,0.2378623730272592,0.2603810749945747,0.24879743848403515,0.240267235083433,0.21232654499936365,0.394248665342849,0.27444252000659297,0.2521056422694767,0.2746897730075646,0.2586889921565831,0.24401969932985346,0.2432035547942131,0.23920523820142486,0.251028822382899,0.2821048090942306,0.2686623410267184,0.3078130269957723,0.29219522542940046,0.2792771164504775,0.34450216431441055,0.31275295364976696,0.2960526475695668,0.28564170038027076,0.2710670808688458,0.3121644529698495,0.2763098780582165,0.21813257211184967,0.2262074738016762,0.3005731516123806,0.18712919899005975,0.2313120838591934,0.37486331379673593,0.34342857257090975,0.25961396552053784,0.28405665022418236,0.41561732514664573,0.281647237366272,0.2850598701954532,0.33955163194324384,0.4201357789916583,0.2584428398080316,0.36186814778649307,0.21286508437570104,0.2427806745298233,0.3073432606658105,0.31131697722743024,0.2737188414206295,0.3681835766841125,0.2853977198024864,0.3395119917414644,0.26125009366898866,0.23256467622217636,0.2667523525491069,0.28470449446049384,0.31117380053506943,0.3016540870447177,0.2283942649545573,0.35221308097928544,0.25642681162982606,0.2463481029485697,0.2269550330915469,0.27967251231012674,0.2650124613582069,0.30725478463537814,0.2725508433504248,0.34510848520523285,0.2975300042401274,0.23245802700783572,0.20217117695417425,0.33129075392863655,0.2501046319139389,0.2649146744838027,0.2671299232771398,0.2741759349887389,0.28746862607111534,0.23568759184793162,0.2668043564582781,0.2841257486356659,0.25503464258802006,0.28521739468894197,0.5017655847842268,0.2622656802554676,0.24703146521181785,0.3272133466558316,0.25573640679776183,0.22853291729318806,0.30324309447659886,0.28423801756303674,0.32857136032124723,0.28124160775823176,0.25004160143802123,0.26588745103170724,0.33254975648343293,0.2641288084347738,0.2634289781338509,0.376290254061236,0.3598425687428395,0.24657873664311697,0.33790326746181254,0.2248747857961294,0.3084431721432467,0.25033250173244664,0.252908267038949,0.27699571375597537,0.3009776200518363,0.34114981988516857,0.22643917504706038,0.2966087674837074,0.24483956698955187,0.22876381052553346,0.25805679364357226,0.3008446146248944,0.29416289997051626,0.2761793710759689
0.32638765225064714,0.5139998007574826,0.35303792943918555,0.2877875688572686,0.22550852012468445,0.3095305917059818,0.30095085762396645,0.4122908534455036,0.30450509323055824,0.0,0.25989800420515824,0.33410371551675194,0.3216662174205773,0.27804404024361684,0.3437290710029392,0.30565800506776425,0.30893062586471964,0.3540882818443966,0.30497133675236937,0.31706032776147036,0.28638708717421835,0.3465593200459941,0.32738928586917754,0.303547028038459,0.4603436509497606,0.23818975078961524,0.30493487868300134,0.30801016753508337,0.3318652058734909,0.23606897510853592,0.425765245192891,0.3303115908434468,0.2867577794103968,0.3431961741170557,0.303306572944477,0.2726039437632757,0.3058568263149987,0.2819358954012283,0.26702220094314033,0.31727153402834674,0.245919834300628,0.34462886243396196,0.2624351730091598,0.24566702308626348,0.4260907703711215,0.3061209485848387,0.25499037748454906,0.23024102338286856,0.3359219072229042,0.2426443777767588,0.2586406834055769,0.2549627120688209,0.24785929573428506,0.3063085309333375,0.2855520116761779,0.3033693160572907,0.2713560367423726,0.28642615807858934,0.2991111849698372,0.2842602877500378,0.29734445727271464,0.21812969960052983,0.23174774315204652,0.23374053665983263,0.2520473052309315,0.26039246901991275,0.2844178674140359,0.2822312374784501,0.2895757261340169,0.3902685254476247,0.26630261277991285,0.273080897748886,0.22841467533644716,0.3180056026790427,0.33657112526307387,0.2757881109545511,0.24705689319681512,0.2899059432255165,0.2703826393951219,0.19556637824001918,0.24811544319292414,0.3028818348071064,0.31957319917437393,0.2741896007195076,0.2628959297035503,0.39231229768934667,0.27695626041446275,0.2557892099927825,0.34606832343451993,0.27529744633175396,0.24674737088400564,0.3150280226509678,0.255643260947088,0.24230959333403654,0.26964050614796525,0.36488938360576806,0.23045465292723205,0.3743523110946919,0.2254326242855031,0.3666603436827054,0.263090136426347,0.27328768715809937,0.2261670532942707,0.36631864520886426,0.24980805388749855,0.2964508115582094,0.26140241955776417,0.4921543225301105,0.29330309197063464,0.31777276595831944,0.2714893829091439,0.2382968121683915,0.2635629173963968,0.27499763654369475,0.27283526055399565,0.3713785838756299,0.33342756293123055,0.31269533169234665,0.2511851947273252,0.2804255177993073,0.22968573940979628,0.24078607888108364,0.24912832559280004,0.3168616358504765,0.2177777235796245,0.3602615621527931,0.2444148009517695,0.31336009903746875,0.3631809000508011,0.2780229021083401,0.34298974773118024,0.2539913422190027,0.2277342813151732,0.26592352743420733,0.27772422764386145,0.22008412363944893,0.29510134660209014,0.30551350293617724,0.36555964101047517,0.29049233170637256,0.2541703108850021,0.29815302857250553,0.3432052551156944,0.23466588772827818,0.28114117964900487,0.3539419646739762,0.2788456143025751,0.3154105330573008,0.5284256078760416,0.24504817987974842,0.27002067702321647,0.3005324923429558,0.2721225089062419,0.2702700257888649,0.35644971406549686,0.33740061612712646,0.24199690459937456,0.345550416627558,0.24048046979103246,0.24198027630342048,0.3136609315304721,0.28604406483522227,0.2463657378829992,0.2696314414480253
0.33383737575768074,0.2975227328393503,0.28885111136509867,0.3017542023179965,0.24887089773560075,0.3653958128798399,0.29304207914592145,0.24748512367647554,0.21295002094987706,0.25989800420515824,0.0,0.30879277659922183,0.3701983545989392,0.28045585667476625,0.2955012351409637,0.40957330355984123,0.4031381891944878,0.29527801925735914,0.3262137161473395,0.314129771499857,0.3861570653832249,0.35944195877118407,0.2464332421041625,0.35281251412351783,0.3384896680748572,0.34838335326245995,0.2371017871810186,0.316862661666805,0.3819764130350353,0.23199166373110966,0.2767322659215126,0.3816003794989546,0.29065873120429125,0.2924234556405984,0.3207769928100133,0.2846092527080596,0.38586503190382193,0.29535964883787724,0.4110007731193436,0.33687849199610814,0.28820655844211124,0.2730620667516117,0.347092704204116,0.41720753361663826,0.2870740029436615,0.2772205678321456,0.20978581059235002,0.41964054327793604,0.3367943641348892,0.27223859713649007,0.3600556899393273,0.31766099581567425,0.23846554921402133,0.39835169144022986,0.3685041045566374,0.23018918413923584,0.3405846024784753,0.3391633212172352,0.28192392212285605,0.29519857798618493,0.38222986047610374,0.22999838259380517,0.3173991031557569,0.23162905674456963,0.24289188160880373,0.2787027025899261,0.3290586935706674,0.3109443122765462,0.28702811525644306,0.303519617346798,0.32812810344898885,0.24995169801194578,0.2763957868395111,0.3810121145236251,0.33149346602535,0.2985090781079463,0.4075404340186783,0.31012422941201095,0.2813854412724525,0.29144819570914315,0.34541936991159466,0.2581521590182091,0.26955823287302805,0.32314235646509654,0.25750713931631214,0.2629332658004633,0.32252359554707144,0.2597907668965864,0.2623420021761052,0.22942823982201807,0.3387102433251384,0.2288664542733023,0.36871164658129474,0.3159656880211487,0.25902978229912466,0.29790542779481605,0.23684184655680252,0.23647417245377614,0.21957419627845803,0.27511433201456503,0.3309248554218514,0.3254873999511862,0.22784659060912882,0.22249518231329257,0.2526532001641359,0.27943341624823526,0.283704132255058,0.28774679460289077,0.2887043936501701,0.34643692088292477,0.45197988551859836,0.2488327154522719,0.3166732979492841,0.2751894896087946,0.29160440503761903,0.29003220045236405,0.30310836652646284,0.3204839195489526,0.3597894163644678,0.2542583144490434,0.3073205803203466,0.2365529279392157,0.3156206729070033,0.3799384598832766,0.25432159529683407,0.4003846341081139,0.22866797956258977,0.2936977425566867,0.32849397317434215,0.2818515129803738,0.20618250250589593,0.34772419917372505,0.31011783865765313,0.30607079231383155,0.39456184343566614,0.2871708873896529,0.3085007919984434,0.3106233983452041,0.304865957124557,0.294142594803932,0.29434501975189403,0.35602127235928627,0.2623149557403737,0.24370123182993877,0.4201866264259299,0.24519616898209728,0.258866421460941,0.3097176841762462,0.2758395045871127,0.24942278838469295,0.36458731299464986,0.28208913729668667,0.3433745077644552,0.22427928501424307,0.3038738540532778,0.31866290120163376,0.2916490252538405,0.30227463555671724,0.30443043448293283,0.30148286806687247,0.2731694143260792,0.32854431256634486,0.2297501928574508,0.426016167107702
0.2729999873404414,0.3563522353519043,0.31017849586755314,0.26951307425330456,0.24632859964215073,0.330399034720409,0.40352881589202294,0.324350434772726,0.2707115731088111,0.33410371551675194,0.30879277659922183,0.0,0.2757579691141701,0.20173173185154666,0.3689740145884349,0.31037078279587815,0.3058848011354247,0.26032748994439314,0.3433995707244476,0.2486474707221386,0.31475910027442294,0.35156173944742736,0.30071608438046843,0.3339888849480769,0.3497148692916703,0.23950244390059688,0.28967732708905486,0.24608955769676547,0.2770691533536365,0.33070797473051394,0.34014822856570404,0.3174035850099476,0.30191469268794546,0.3065829478814189,0.23069519620801365,0.24889348805991848,0.3040151918604136,0.2463870361960016,0.36783510981921924,0.2988188684776977,0.26779216116449844,0.3407420772253191,0.2966351151100584,0.26802436474491503,0.30213155777396905,0.29807649023606075,0.29515398923940844,0.2379785780081739,0.29720912192338345,0.24345268799569011,0.31111639674519137,0.26682579437096426,0.21499355364671605,0.3151907146212495,0.3147475900946177,0.2572343174897954,0.28182598974179013,0.3799260282809278,0.22815364816446615,0.2653683156547515,0.22566554657182233,0.2098141088496872,0.24662560413374957,0.2061971341692313,0.21969003488668393,0.2148074359097195,0.2251631109747052,0.2702974950034193,0.23657603078805062,0.27780109726838476,0.2622986706399327,0.20657747034783094,0.19013534362048326,0.3041193351141659,0.26460714767264837,0.22764794717097198,0.28453328543887535,0.3221229718955335,0.24723014266505186,0.19380726365513926,0.23264266960687507,0.27718761926686236,0.33600955837774704,0.20635391593638572,0.23287272136753298,0.29851151271356074,0.22472676712411643,0.23149992662281527,0.2977709625384162,0.2530121657283865,0.28928190757535754,0.29103456975721054,0.30500113331647477,0.22613400887518556,0.21817728495408154,0.38458761771285377,0.20302398378740372,0.2909020612788609,0.1997850426515389,0.26420049241154375,0.21544769536028688,0.28154045253022336,0.2210679426907537,0.3166554588970138,0.22346041457826377,0.316899306034029,0.25530468295567277,0.31299973112496743,0.2854962011896876,0.3317207349726761,0.3564999808170843,0.22614242474973073,0.2080304046654627,0.24536418175984173,0.23808109855289375,0.35163709541368277,0.2546121030255692,0.32438427914947404,0.25024832506424677,0.22623961817087315,0.24466468345654951,0.22085765915412153,0.21096113202783506,0.3401044806728301,0.17865919005927097,0.38525399413880307,0.21072668063116193,0.42457203717746556,0.28100609578436225,0.23476944460044427,0.2674762859910551,0.25712403377176596,0.19791100292568517,0.23211526839587224,0.24029135644446326,0.20202227836566253,0.33346457125737833,0.2713041674398629,0.27765263924163136,0.2971234962600238,0.21056153727598936,0.2561388573056419,0.2823573809602941,0.22022304209322513,0.2680821290984837,0.31929362433029085,0.3883654021849785,0.32026215592857343,0.3241342359882427,0.2263110850780481,0.24732894705244055,0.25595016634337786,0.2936087932949973,0.30679526391401457,0.3810988424880761,0.2612561493088695,0.2512718684001783,0.36838490743745,0.20475432126517276,0.23683872368558886,0.21489130104844764,0.21938894109844922,0.21321666650809096,0.28707261180310006
