0,1,2,3,4,5,6,7,8,9,10,11,12,13,14,15,16,17,18,19,20,21,22,23,24,25,26,27,28,29,30,31,32,33,34,35,36,37,38,39,40,41,42,43,44,45,46,47,48,49,50,51,52,53,54,55,56,57,58,59,60,61,62,63,64,65,66,67,68,69,70,71,72,73,74,75,76,77,78,79,80,81,82,83,84,85,86,87,88,89,90,91,92,93,94,95,96,97,98,99,100,101,102,103,104,105,106,107,108,109,110,111,112,113,114,115,116,117,118,119,120,121,122,123,124,125,126,127,128,129,130,131,132,133,134,135,136,137,138,139,140,141,142,143,144,145,146,147,148,149,150,151,152,153,154,155,156,157,158,159,160,161,162,163
0.0,0.3047272321872315,0.2680793415790027,0.2565094991873776,0.29278847480956727,0.2764323320144944,0.2839843563955223,0.3005125055675266,0.3740587262026567,0.27424863845773834,0.3461288576359543,0.29236401772232434,0.37029928083876046,0.2722798902853402,0.29310584449487054,0.319476351051892,0.3169518549237593,0.41672288491887427,0.29412455270912596,0.444879469925099,0.3231810923677123,0.3136389737450512,0.2749239540585236,0.30305836062899855,0.3709769796549891,0.2661692304064722,0.2394717448186374,0.29149730938572915,0.247793237144456,0.2825519754902507,0.34184808720628573,0.3257751956025782,0.2614495757043991,0.2730845997865177,0.37177183870442393,0.2840342928106013,0.3825276088676866,0.3405466535912997,0.26720447594170627,0.33175275852109015,0.2789294783023935,0.3038313252474949,0.33826859523227804,0.345983690632361,0.3142692454151878,0.35281065603318906,0.28270647921187797,0.3356833085977579,0.36591144739310216,0.3562096455601279,0.3680487422156251,0.30969555398457266,0.28276675192404643,0.2751149698619181,0.29115263374637734,0.2932938485588194,0.43132568736844507,0.30580839981315106,0.3286013943911422,0.3049073215288519,0.277360305469051,0.23090574728184515,0.32634967562139106,0.2569067961808133,0.3012104179698963,0.33086162330896063,0.31960423118932185,0.32280951075422193,0.2806878098592748,0.33826107584061066,0.4296826679510074,0.3041722063452851,0.337099251946411,0.32775516964131,0.3159823200345799,0.3268203559713041,0.26040507585830325,0.26992827262744634,0.3157771357240919,0.24862637636441537,0.29720670530180215,0.3490255626233098,0.33281597131842716,0.2899377811842378,0.3234680042496849,0.3680173305241194,0.318450583706598,0.36244352788823614,0.31974864350071774,0.2992955177802921,0.37576137224500294,0.3046551459175975,0.34739038842843284,0.35073898487441796,0.34066877689043035,0.28767305130862336,0.22915028784658364,0.2689413650031199,0.24434443381853468,0.3231575750491105,0.2847459271934882,0.2636266962105883,0.27976330514844194,0.2547578601700355,0.35545851881376,0.30588849124317413,0.27455661721909774,0.31619938374093554,0.3127847287038116,0.31319014713983345,0.3105330879597694,0.3573030845318119,0.3306317512769906,0.2742204490246921,0.3267913618728126,0.31782691950185765,0.33480485467003634,0.3066697091764566,0.26258542353199993,0.24790953182715136,0.31310739586674924,0.2445840666888287,0.3138185320039986,0.3901450223814656,0.3021396092403616,0.28679934794987416,0.23788755174321446,0.25128536496781706,0.25654987260748424,0.3115701620467926,0.26283738461715733,0.2753908467931915,0.2714870627567308,0.33470171855158737,0.3036339964819022,0.29705785129673035,0.3545846309966674,0.3058007551337378,0.30131212581877376,0.371001625134134,0.26575345684396523,0.2773091117678214,0.3463644114016803,0.2819684527372036,0.34202568398283856,0.34761305806385745,0.32278469429944173,0.26181081278482116,0.34914372053919074,0.1848745309491323,0.4337177325219063,0.31510757908489395,0.3189612264603135,0.24017159514188832,0.32138944269721453,0.37415367876088945,0.2856036836240313,0.30530801772929833,0.29562881808220687,0.30115089051614163,0.24025441378528858,0.3773504632488285,0.23962648353384247,0.46694296448765515
0.3047272321872315,0.0,0.3189283053778071,0.2945323004099793,0.2502988754795442,0.3494878264798619,0.2937422709785249,0.3475194896348754,0.2751539926881553,0.35463302056183904,0.3153974417305749,0.33272521857548726,0.3212772088893892,0.3241120803742416,0.2857676741050379,0.29359948608058967,0.3109156825859474,0.28905832743696686,0.2894139764052956,0.309519395468176,0.3183912414343984,0.36470987984835407,0.2756377227490301,0.2964514904577376,0.33078232670354585,0.26171259236967603,0.24170799089255293,0.28499363722726545,0.35153417455227365,0.23786477755228963,0.31598676842182205,0.31635346787323126,0.3377832661461231,0.2710955621526519,0.3094907117775794,0.31180703553848604,0.30160522512991994,0.30135338593000927,0.2917585453779432,0.32330420452536535,0.34224884558118945,0.30822411067414324,0.2361336719727799,0.2843612638918877,0.3898672069966641,0.2908953025017121,0.29093456639337933,0.2707936364508161,0.30431595030413405,0.29891770264877626,0.32522461667332925,0.30749436931690516,0.32012034396289096,0.3793771242555629,0.3334683041048371,0.320064954990455,0.3097496408367661,0.2850474733150714,0.3398577642331162,0.33827179003528557,0.32611248934010034,0.2179816837652775,0.27897776197850455,0.23938312372516088,0.25135095436651284,0.27388753940242416,0.3148834554442218,0.2788380859512997,0.2546301314559148,0.2965012125952247,0.3004287063584983,0.2854680625359611,0.27839712084377544,0.33972917606767605,0.3275368332949237,0.2741111094311537,0.26502996257405226,0.33605192923350846,0.27079835386025586,0.23091085556538415,0.2688064880204373,0.2897949585271587,0.3653442622335581,0.2770469215537888,0.2830037589401198,0.40278871505751246,0.26177120342231686,0.2634140273139736,0.27612976728790356,0.3326656835096726,0.2773285595436615,0.3091781769005452,0.3225064521284974,0.3026339422628946,0.32794754395195264,0.3333264989809569,0.258384608698809,0.30120142452167326,0.2213857886550554,0.34396419605673495,0.2705974437664646,0.23606749773642138,0.2269676381383854,0.25957503066977783,0.29321528032776845,0.2825973063258159,0.26765858923658686,0.32327919175966474,0.3263124429923541,0.36541381137741247,0.30196907362775655,0.26565559532213673,0.30256681156812887,0.25009599223884293,0.32430449920322185,0.37624674882088144,0.2999420492228495,0.2307253258841162,0.29702716345147107,0.24689315950651475,0.27608619279231145,0.24068876453808005,0.2972127755711975,0.35191659417487803,0.2543951043085492,0.37306691892667904,0.2624171676515245,0.31503121468944845,0.34444715012846566,0.2755770457395337,0.28625130063973275,0.2711818399378464,0.24881611387484673,0.3269996583785185,0.2782439149406024,0.24061302199418613,0.286713217606491,0.2954275381520269,0.29210746159765,0.2684742701586961,0.27494542955002077,0.3036944076278216,0.3923099574610929,0.2920638170294606,0.316853366306949,0.276825818076052,0.31631378461875465,0.27955363414305484,0.3552726881790589,0.1961580126923321,0.26943646099008006,0.32278309951435225,0.2606829808269971,0.30264071095510847,0.2967627440891051,0.30625615594357547,0.2775758273206767,0.3160185279638966,0.26869939121249775,0.26289316083650544,0.26655781939546114,0.32392488835366245,0.22757491442316677,0.29322326506217655
0.2680793415790027,0.3189283053778071,0.0,0.2795710878660272,0.2569627806219405,0.3028579552889314,0.24208386125021236,0.3417154097711334,0.25071690268086344,0.3604887755776515,0.31935519512291444,0.28351312234325166,0.3274107092234157,0.23893287427643986,0.25190290713652946,0.35422842107497515,0.3462657006313935,0.28952999426258386,0.25161869999002906,0.247991745350695,0.347248260018106,0.3842203551916222,0.2397214541583037,0.26246214314481453,0.2924965264345111,0.272732661170974,0.2364052236269168,0.28641120143452087,0.24844583901387393,0.2415529140939379,0.23411305098236462,0.29521587308960023,0.24667107166459903,0.23121657503380402,0.2210416757050311,0.25311530258064957,0.2747372973200887,0.276023108656235,0.24774744496541035,0.2915163816353349,0.26665778854805916,0.3279587900422316,0.24607734019708255,0.24059210848375523,0.2965823458053504,0.28350975431607023,0.25026487970132866,0.2606002502427852,0.26880649709397314,0.2577616560744811,0.2936202966703248,0.29547177882435144,0.22500374027165246,0.29963144406879194,0.262838826482428,0.2566544327004356,0.26977160517312504,0.31130671287434614,0.28769150959294515,0.25609193666847174,0.2939370889474044,0.21005618540215526,0.30675373661184396,0.21367580751369455,0.22557781617710007,0.2677476339215399,0.2757279721658598,0.29216210493365397,0.29429092412939123,0.31925257045363975,0.29228733985651906,0.2123717691644792,0.27686483993063565,0.41863263521618876,0.3477477435942499,0.20517122565584375,0.30252836334124167,0.2752420704432506,0.24910473188984228,0.20481102797465858,0.2902266244354392,0.27547038232627125,0.30696819035812223,0.2811298011322474,0.2617249397155092,0.3464555207360882,0.24447235626496966,0.2256290203031802,0.25723766775988094,0.2499029988590753,0.2763543839491168,0.21603297323663306,0.2577409828081047,0.22247949843673187,0.28293647367700064,0.2581977876464486,0.2199033333213396,0.2632237695699085,0.18593893023466088,0.29188993730998763,0.1994688235657142,0.2657156353719349,0.21683632427501875,0.2630721916803542,0.2511913914933996,0.31458680294034624,0.27713733328753515,0.3020915287737381,0.2683250003620627,0.31899225311835866,0.2634006012850242,0.2329569955225682,0.2720503678664106,0.2543445864146259,0.2479263324589124,0.33767266767521625,0.24239666251163783,0.2553059924414556,0.30834314994325357,0.24025363972740377,0.24261464775123012,0.23530981290837766,0.23132214684245375,0.2995438352847423,0.19370345248848292,0.2966544667833996,0.245431075721733,0.25666256903227197,0.30243749324560165,0.24900517230132246,0.2703124059918922,0.3784522773690762,0.2151336123885679,0.2345835363246747,0.2667044324554595,0.20971608924545673,0.22222842894588993,0.22158278180656998,0.2751874127581786,0.25533659925902435,0.22867304577367478,0.24510729116321733,0.2760615158262735,0.26687064484840456,0.26285444202935015,0.2276126663664172,0.30296018022946103,0.29050014830567555,0.3240213814236036,0.201796244568341,0.22922533168480655,0.22762233475884558,0.25793527676873673,0.30218161705625435,0.31425105543980864,0.2777333001249753,0.28029523976496945,0.33394564293982976,0.1909470385564337,0.24691256619790003,0.2907995363903733,0.21347026790053683,0.2466087713553811,0.28853984947115235
0.2565094991873776,0.2945323004099793,0.2795710878660272,0.0,0.23570363295598923,0.26523495045626344,0.3099803413838777,0.29580257709849345,0.22803249288687963,0.27539593110074395,0.2944782381750801,0.28714972763080243,0.283346526933595,0.25307403093743536,0.2930641573758676,0.26097227423486224,0.29698412018960346,0.2772594786520368,0.2793104024399583,0.24046420052129072,0.3177985957331928,0.26803415301233385,0.27594282371689477,0.25689119709702923,0.28189264739665626,0.28796793026743095,0.26218948531158714,0.2792337548375254,0.2523616700541264,0.21134272967698442,0.2496736946416169,0.26260308217432404,0.38605948684054586,0.2653697012742482,0.24233058250343348,0.26638266646577324,0.26896868055051004,0.26573207738300836,0.26831626070479503,0.343812484772079,0.30908764921590326,0.27458367510266396,0.24246751742379286,0.27191686664337966,0.2871154656556066,0.30496355543059195,0.20607647830261738,0.24313669652834363,0.2780358601188096,0.26260866212119544,0.3661301071776228,0.30973358909917,0.26688567295635146,0.36376268343589646,0.28685247105676737,0.23633761200968406,0.30998842655397,0.2980036789344506,0.3087109036792137,0.29627897971095307,0.31757947117952284,0.21966907645557682,0.2990707979744955,0.20103662243023784,0.25514182371991684,0.2976097961681403,0.3455046723867311,0.23678919316196537,0.25775852515295083,0.2849615596170628,0.2661649424496964,0.23267637806611355,0.2779484453025465,0.42475057284573103,0.2975005099155052,0.22119573652068625,0.3323021316100802,0.2955982791227898,0.26958266911478923,0.2054356340724656,0.2568197505343825,0.3067695505214147,0.26664062616892387,0.2506688407376512,0.3088894906141591,0.28487330927938787,0.2749598972456639,0.2779506573554685,0.26788861962165095,0.25136922930265043,0.2948968832506463,0.26632328503202696,0.25595105584001676,0.25474488299842435,0.3155415726955724,0.25102406644330477,0.22194568429968967,0.2672949180989185,0.19947941384907758,0.3186646233462533,0.2291480346957972,0.28193444174363536,0.30033953184541246,0.25342511947562735,0.26763156709447466,0.2681282249610251,0.29272429803666017,0.26228374345452876,0.30010968647077346,0.26528627536438293,0.32670904350154073,0.260219123780857,0.30939896966645697,0.28425575914096657,0.2833399691177668,0.29259477017904423,0.27884909707154876,0.21145644448719644,0.303583026772452,0.24739291147616704,0.24348773047271266,0.28654603558748293,0.2406577892582332,0.31035026980977315,0.20428758489885768,0.28183545285843675,0.26170572956502147,0.2508755340088199,0.28485800971920927,0.2765452980922832,0.21959490559132186,0.28458096312179665,0.2569214748411078,0.27025933836457094,0.2532660741094176,0.20596697390637259,0.19748948824892884,0.26658620849477827,0.27687151207115385,0.27962741761641796,0.32335592960696596,0.23528345782618582,0.3448645154247831,0.2691979471352717,0.26098294099695646,0.25567392958862434,0.2649072012609224,0.2746714025108649,0.24156495944048073,0.17589524154177374,0.28505662596235914,0.2866746543119812,0.2731807921869156,0.257102735208057,0.3251474857585806,0.2763257016991335,0.27071257406416993,0.3035441515373639,0.3019851414435346,0.26465620605155066,0.26485938882745735,0.2462640911143855,0.2611834020155653,0.2792794004713403
0.29278847480956727,0.2502988754795442,0.2569627806219405,0.23570363295598923,0.0,0.2080340730725442,0.3167076720375591,0.23777184327278042,0.27578400413272053,0.25208335689934663,0.28890185460352974,0.24438156335123562,0.2334158893801646,0.23913420499010177,0.31326096876371295,0.26119006515347754,0.26089382065432337,0.3101985702525604,0.2302136447872915,0.25086163392638494,0.2862178610759391,0.2943682069670978,0.28372982280428494,0.2603435149082948,0.2644679262847042,0.24289673646316406,0.2295149451528911,0.21721624216250907,0.22246893251202401,0.26535258815925766,0.29681482410047594,0.226848209405758,0.236248003292629,0.21237120779743723,0.32915666680167516,0.2763569262151353,0.2688229586067759,0.27773106904965195,0.28490562541439274,0.2568466940240166,0.27101107130363,0.28944277368838683,0.2906966289613822,0.3146606358905403,0.2334372684564053,0.2459981691998095,0.26570980587774873,0.2978950366442256,0.31332454573453816,0.2891978229307307,0.2940128482779024,0.23551269415054685,0.24109881648246403,0.24510357906284622,0.25848102333795764,0.22420864593803452,0.25193466981860946,0.2943032233842974,0.28300078297627307,0.2374605144030297,0.20061088152880283,0.20021472842433036,0.24471211021673636,0.25318662130214276,0.2700974838517207,0.21043155204200767,0.23497876318669308,0.26751260616610806,0.25817022798645584,0.28755008908882085,0.2829280532595853,0.2605239914895976,0.22890277440569406,0.2673236518194723,0.23221649860030913,0.21187643422958977,0.23962723610621517,0.32239300906782226,0.23919892287469446,0.19630828082493976,0.24123338812882708,0.29258696583182614,0.3005965943601503,0.20820935548334135,0.24353921670144854,0.25896278910671544,0.23717466104772855,0.2691130991462547,0.22069487968303642,0.22718896968798785,0.3837673137569362,0.2801656965631178,0.32631466382096336,0.20696462723954764,0.28032854754805797,0.2472252954126123,0.18473117121314594,0.2225190024992153,0.23520772674305762,0.22194471773113014,0.23325094876245392,0.2266107182019604,0.2567103704159906,0.2421317265056616,0.2484257314953212,0.24496366137840694,0.21400101706802935,0.2729973238463476,0.28104599366960203,0.2524130619086015,0.2570807022308529,0.28903449122429403,0.22582339112098232,0.25768675591379225,0.23704755950642806,0.2425635612735633,0.22865584481147244,0.27530077361325384,0.22014342481064986,0.23351266343994964,0.3549223896255537,0.2289157370730187,0.21351655743173242,0.3082717293349218,0.2553863775603164,0.23738266556981372,0.2103843952132529,0.24098854882007784,0.22255231301074035,0.2628560980142216,0.22946751841832108,0.23452137246154983,0.19978974247389136,0.2611156888331309,0.2599366646105554,0.27166650451867164,0.23963182575575592,0.31522986782082085,0.26661809252824653,0.32253553122888373,0.2239725320216366,0.2438977041654478,0.28199913321805353,0.2646967743597243,0.2886216111510856,0.2733612291245925,0.31307944689055434,0.25275375445265164,0.25646071940113735,0.1781296161600178,0.2632869109267622,0.2597832542201614,0.2858797818390524,0.2599494501221877,0.2849416539008865,0.28622147168110257,0.21415481404702552,0.2776562941116845,0.23690536548404412,0.22274088136224676,0.22629857790271046,0.24925771225366844,0.24394076254458302,0.3643204692889016
0.2764323320144944,0.3494878264798619,0.3028579552889314,0.26523495045626344,0.2080340730725442,0.0,0.2250259210617489,0.3202723536233699,0.2532363438065852,0.2834635329869802,0.27255360961662356,0.30776352293738235,0.33626713276772824,0.22541814249274314,0.2309096402946189,0.3096114997961236,0.3026952460747207,0.21656032900367345,0.2750766572260945,0.2724068989516873,0.29854179422992916,0.269750303610046,0.19871978536843782,0.2202697849426314,0.3000842326721665,0.23268713075375738,0.20516319456359927,0.2637116740179957,0.2468709911796765,0.22951588100099998,0.27223859678579043,0.36561011571488305,0.2784951696630889,0.257446558048538,0.24736842382443608,0.2504409499672254,0.27446556013675544,0.2519199934008443,0.2406798090968969,0.23487992796169718,0.26063547560635486,0.3059349854571854,0.22774391850027562,0.27984780151713506,0.2750526856498168,0.24606259783826764,0.2434671364638758,0.255050116286374,0.21785620434628078,0.26415137353302814,0.2825507665464747,0.3226236483378873,0.2381030348383062,0.2966442408639063,0.2581620455091576,0.3293525665381432,0.2642059317631376,0.34177478845886555,0.22965139221750624,0.24742656119398868,0.34221046760484286,0.24058270478718774,0.3048109655030425,0.19447445540408878,0.22285839195956658,0.26456787632184353,0.27286586024787857,0.2628131943116584,0.21445708172640449,0.26864128379346874,0.2751696328552339,0.2090883449361904,0.29812312759387694,0.30224806817964117,0.3609085358267689,0.23753958952838267,0.2608205814492038,0.2535309760520226,0.23365619718098724,0.2869742002414848,0.33026145665294565,0.26211399691248727,0.27687578075095787,0.2935359312557891,0.2801950924760463,0.29381536843730455,0.2994300496837962,0.23312301657872306,0.288470660053219,0.269190595262123,0.2565919822684094,0.29068133970131677,0.25844842552530123,0.2519136868620693,0.2521564197371838,0.290397812544023,0.25156990061015966,0.3218405558562766,0.19815349896798953,0.30324001513548565,0.21393795669593177,0.24074592417615645,0.22919585822237917,0.22388590589302773,0.27877604876228534,0.2983139759349275,0.30484989587884875,0.2923433048375818,0.23883343962716144,0.295566073392535,0.2833917093296337,0.231057077806511,0.3748099372248666,0.26841068997528894,0.24979927253583484,0.31196266212274226,0.2950852686105445,0.2018154647707555,0.35659523075690375,0.2451417514902888,0.2234991912854529,0.2588557159025042,0.29154851126563275,0.2860619359573108,0.24167550658877157,0.29180818144366755,0.28885826221937955,0.2409530468882075,0.298258788767495,0.21104196112515133,0.2985746317839577,0.3597241268159683,0.24645657856290623,0.2806172241012299,0.24990594088278578,0.21065245913249972,0.24539301253876253,0.212041754560934,0.21528640979248345,0.2355060208960029,0.23989686120060555,0.2869131979241067,0.2798868101652746,0.26569382710169664,0.2664675379428641,0.24854681577792326,0.2846092865050378,0.27419390381590447,0.2813221017796206,0.2091921156243653,0.24820275308782602,0.26137688664695224,0.20763474499417162,0.23105764696431538,0.31174242604128644,0.26053436849873257,0.24268857032576557,0.3372630579340126,0.21759557934658122,0.27954830303814965,0.23346321343836374,0.28724938839238395,0.22687525897046748,0.25172911643264
0.2839843563955223,0.2937422709785249,0.24208386125021236,0.3099803413838777,0.3167076720375591,0.2250259210617489,0.0,0.24190100335149278,0.2501889482271661,0.27963867202411236,0.3002653420554796,0.3165735127378668,0.262232773320644,0.25277093970546743,0.3567463718768266,0.2415596134421707,0.2462671507052743,0.3060811718145783,0.28621428281440187,0.23395830009789842,0.27630604647110424,0.29626544146780043,0.3786218993930486,0.31579564617746053,0.3074719054510565,0.2641268521022928,0.25403069553426905,0.24245359321353893,0.2714214286335156,0.2650505683293577,0.2925962121312482,0.25233077043387725,0.3189701181126809,0.26343182016732103,0.2603796765635929,0.25388168627310703,0.3119217907255702,0.25409213124251023,0.28010708423527286,0.32205416317770696,0.3230741839387982,0.27219249140269425,0.2826180188910457,0.3074532771053537,0.2828865377673925,0.28240563671682317,0.2612900482835037,0.2676970029804138,0.41941856113456244,0.24182683489753462,0.32725693281927265,0.24712194367557275,0.24177542492729026,0.30764193680260166,0.3274867376257179,0.24795037972206435,0.2700846004598136,0.2686574144301494,0.32512183612967294,0.2562860704334043,0.22033486701723812,0.19950517780311414,0.23361326244472122,0.22509123433862546,0.24429956328239633,0.22090930100476955,0.2854646075149809,0.29073686492086537,0.24164739654971915,0.2663959999788261,0.29249769080548577,0.2486929336024552,0.21281277611734906,0.29863552971906526,0.21125723596767457,0.2576477648020895,0.3046663235828808,0.3438649171708985,0.24814160583222653,0.21269608251161842,0.2489550278020737,0.29296123547214364,0.3194401392705237,0.204874751570943,0.24177750254884947,0.2707561736611488,0.23705420553130524,0.2816868605332513,0.2546196261115361,0.2555551795718405,0.3152682895467705,0.34136798199239976,0.3082360613669424,0.24768531959299195,0.2822124676312183,0.31053899119790235,0.19544522781653376,0.266843759912513,0.21906143647886628,0.26340930632269743,0.2599295372371816,0.25600280127138014,0.27806985583511046,0.2779045734169289,0.23676634406814048,0.2549770741292345,0.21897883143844823,0.2658281887486502,0.3287702454108886,0.2878899461798781,0.34432885332945323,0.26685615337739005,0.23038457937719234,0.23352300987007704,0.2542017553385904,0.259351617819071,0.2564245896517176,0.27677984693569,0.2340307684908087,0.2196686493104121,0.26707881214738455,0.23412398810235802,0.21758388784521507,0.36886814443358024,0.2247414894927345,0.31644284724466626,0.20163002290217324,0.28803176661903374,0.23554767316649114,0.28643203724403116,0.21638902759854212,0.21305910578095894,0.21773824904742392,0.24438841719268167,0.23536152156804632,0.24544593233698994,0.2577701337274517,0.3027553930011356,0.29179744844794925,0.33384646509850463,0.2958590681492601,0.23164801684169248,0.30429203460081805,0.24633048903709645,0.2946581799862443,0.30589286452514625,0.28390284924397385,0.293195453297015,0.2588595606277537,0.16551227938460764,0.2779538335054044,0.3073203179677968,0.2661358197625237,0.29109174262236065,0.33553430902010534,0.31620323182882615,0.2799906145887381,0.3176108306701955,0.3086841720169622,0.2607271502819574,0.26068539954719816,0.26248339770972196,0.2573987696936745,0.3090639244878545
0.3005125055675266,0.3475194896348754,0.3417154097711334,0.29580257709849345,0.23777184327278042,0.3202723536233699,0.24190100335149278,0.0,0.2949037478331712,0.3362937874039421,0.2838269075238173,0.309576702440522,0.36540898604089056,0.2538318927707333,0.2594271740519371,0.3599815024239777,0.36095137617123524,0.28292104714696376,0.26792847763510436,0.2913552497460178,0.3369917207251576,0.27196409774069535,0.257694225154417,0.23779276209444047,0.3249439588322848,0.28116773694372266,0.2754469102361347,0.3060825396671703,0.22975028204709486,0.2560450554752556,0.32586816674122104,0.342818447089579,0.2875951222090107,0.28823507017717326,0.2715355589381399,0.3105708476757255,0.318572116810167,0.32770777045987665,0.27717834053827894,0.3065422747245517,0.2829688036345153,0.31545337829042164,0.2762226518996718,0.2681638486705608,0.393184937382163,0.3300974785181831,0.2734145619717354,0.2627512899989556,0.2855999938628334,0.2958521223155585,0.3211514609116584,0.3005672571505188,0.26349482400389,0.29099731800991985,0.28937481172472374,0.3083442690731065,0.30107161392356047,0.3775511430624595,0.3110300301382407,0.2928571550697807,0.39112846505598886,0.23757021679401302,0.3241018125712524,0.23812999201025511,0.2360063233117709,0.28807023981001734,0.32088560297234886,0.2760869958351781,0.29647691998921205,0.40373101713379916,0.3019519165092293,0.25921900975608936,0.3053333535755547,0.38555574320792985,0.4009059605682344,0.24977593060939923,0.335564647604129,0.292171967484019,0.33820392279441314,0.2191811806444185,0.286069506547506,0.2880501572797741,0.32758175153948366,0.33099946102827826,0.3491975771394631,0.4114146887360932,0.3655592369667382,0.28842893103962847,0.3560348567257277,0.3009234897864124,0.2936265195198009,0.2799114813692035,0.28865622573623656,0.25606015627410456,0.3308034520480782,0.28868355994660905,0.25957665132719265,0.32656362444074977,0.20916370213642196,0.36572238360387366,0.2293801632440846,0.3409743847507085,0.2580147848678833,0.2639441364772276,0.3300166268847365,0.37168701926971354,0.33759097442580505,0.35708918892161706,0.3067436223122288,0.2992762754058209,0.2672114224708053,0.2858386332933038,0.3473638993559344,0.3146061285352337,0.30126075712902955,0.34846379475124756,0.3236331601846879,0.23429897629175692,0.28947065740982597,0.268846136690488,0.2601560480963026,0.34520926037288674,0.26828380992357537,0.3194704289914235,0.22427552752448116,0.28900295861468306,0.2727054694908471,0.3179929200780378,0.3344308047071758,0.27007634066213243,0.3277352815001944,0.3279686802232917,0.27796019676272077,0.259693091557987,0.2686513342384836,0.21521293690790858,0.26202366895207924,0.257400076131461,0.2851498573937211,0.29703684841391637,0.2491350189266336,0.2698351673466425,0.3490320622471843,0.2966150445577349,0.3114042545989923,0.29825047043122144,0.32031299993562484,0.3016756792323976,0.34597776917519185,0.20819932837510388,0.2952874042081268,0.29268530335797843,0.2562736400122895,0.29046913068450625,0.36611140008386067,0.32109639815450597,0.2485156984640469,0.35521941205319396,0.21896908758288672,0.284169029107352,0.2731895048405101,0.27098178237247067,0.2639134595549146,0.27233653866139224
0.3740587262026567,0.2751539926881553,0.25071690268086344,0.22803249288687963,0.27578400413272053,0.2532363438065852,0.2501889482271661,0.2949037478331712,0.0,0.2418889763410474,0.2536860612358461,0.2618840824229307,0.2613378293474139,0.2866919123398965,0.25591711896506797,0.27084957746565536,0.2627752576446182,0.3177283720227049,0.24113660799766226,0.31883204489065736,0.26875393902783723,0.32219357258120657,0.22531365109072043,0.22942725586165652,0.27316917033539534,0.2426924312104065,0.24252476164469516,0.23800211479519437,0.2114864291306955,0.31449128898574574,0.3509571613166622,0.29056809155267554,0.24696498638086245,0.2251514386905471,0.3070355315335096,0.2665420716282485,0.27241599779867826,0.3421042458632418,0.2628545899634502,0.2507798558595004,0.24346422235000367,0.33436428998465706,0.2813101135998524,0.285969071181405,0.28536972270447475,0.2675570537667203,0.26419224099811317,0.25302120621591184,0.27290451579423025,0.31141108722774885,0.2819767397953093,0.25536417573392345,0.27183335683740906,0.25073291189144287,0.2537954591996902,0.3210564988270105,0.30220404386422406,0.28984704853852566,0.2773149339644699,0.24420098879850924,0.2349407106252595,0.2544662385877255,0.2741735007175515,0.26493618830435434,0.2988431258030116,0.2630250392233023,0.292646970832039,0.2932385050604969,0.2677600718833538,0.29461278798570595,0.37371952024143584,0.289724906224896,0.3223015687061187,0.2653653958034764,0.29498362820245777,0.2625904299852886,0.2346295456344789,0.23903199899056815,0.28076195448541935,0.2203921642205963,0.25690092488837357,0.38324431118705954,0.3304187262412616,0.24023718457281035,0.3199049571896305,0.34087833030117565,0.2912943007825164,0.34064207540298896,0.265687861459648,0.33952787619434954,0.3342840636181143,0.3424826638399669,0.2848449423498028,0.2568577587571218,0.358521155773069,0.29295550246791896,0.2683089089736281,0.2755294975028405,0.3011221002540375,0.25490795858101717,0.26622286293578057,0.23778447216624365,0.275411085985547,0.2340365106053041,0.34824138626703044,0.27331771116155773,0.23175503435988606,0.26863276132423325,0.2569478456618013,0.2358792633878761,0.23557028294377258,0.3562140480598282,0.29171448650844006,0.3096893443167836,0.2652755357049672,0.27304514799126284,0.27664071327348727,0.25728323477438614,0.21201775886115587,0.2674597533582207,0.30677495528140397,0.2596122299538371,0.27044188890816995,0.29392842410949455,0.3595484805350435,0.2361357122858186,0.2609608115340534,0.2511441243028885,0.22814544692248503,0.2973080320850464,0.3559218598039296,0.2956257610716526,0.24504986671429232,0.3540991017553051,0.2590727623248359,0.2670034272584076,0.27561753589040205,0.2653057941617654,0.27140933863419925,0.32250332024588674,0.24183864747272266,0.28613169155394863,0.3247777304206217,0.34265890464350385,0.2982542101469013,0.32825039600789574,0.39062280203740635,0.23728869202653635,0.30150122970758864,0.1976779704467681,0.3326399875866943,0.27853482894398396,0.26477811676569263,0.25425898749427184,0.26879830886088424,0.3200868939441498,0.2240250225835312,0.26483644560365405,0.26005972270614447,0.263208507183945,0.2161368245201665,0.32250001215275764,0.2823559224573192,0.32532163048101914
0.27424863845773834,0.35463302056183904,0.3604887755776515,0.27539593110074395,0.25208335689934663,0.2834635329869802,0.27963867202411236,0.3362937874039421,0.2418889763410474,0.0,0.2737824806811738,0.26729279494646163,0.3176514404116598,0.25945051895081767,0.25259472697906754,0.3057534514128886,0.3066450457720999,0.3058808434821815,0.24991729610107988,0.23951557568010348,0.27976764529652637,0.26941095209791216,0.3078180363752504,0.23959425574097185,0.38132137338916394,0.2532334209429492,0.25710621502935727,0.28970789707173866,0.3221865419305977,0.24632617114512081,0.2804651415639599,0.30196336100371235,0.23442736117371835,0.24606426753212685,0.24937944632776204,0.24086003424414518,0.30659152450654087,0.26668450945022454,0.2236251620049072,0.292223515055531,0.2378588063748843,0.3033114065295079,0.25115464248525676,0.2416953213937514,0.28846689355024097,0.27818645713787415,0.25534740080397633,0.2571450742409257,0.33348942714409613,0.22216401890274926,0.2777165881548461,0.2467560691219355,0.22903051287031906,0.27378328612823055,0.28515916589345197,0.29913260362350413,0.2524219360861506,0.27069811125117627,0.32092012718023305,0.24557018071665593,0.2961056194712986,0.20704537262122893,0.2433583873339331,0.21167809423515863,0.21761889110858215,0.24433783336144882,0.2722133323707418,0.2825615845258104,0.2876737849994011,0.34998041717124645,0.25263161324460265,0.2595535821886407,0.23750685077149888,0.338076744663934,0.28971898531133355,0.2564860972260274,0.2766393760166568,0.32689266155492824,0.24897194344367946,0.24625720437653295,0.3053390328806552,0.24538113622512125,0.35797350039707004,0.2876896849162134,0.26152106590115565,0.30636375466959187,0.27224394604819424,0.2690027344154166,0.3222026001876156,0.25080530170382176,0.2634207548950397,0.24416969256078208,0.27106842305975193,0.22168039887293128,0.2825709770567216,0.3002938259120219,0.19062750079469495,0.27656846043101496,0.20205705422548936,0.3183217127145537,0.2382681700920843,0.26337875773811403,0.24157089823415007,0.3032074425733437,0.23562924778137811,0.2798225685327768,0.2612032596806686,0.4007599364069526,0.2825185457298805,0.3038774708540299,0.252680432862828,0.2322661909674512,0.2857871177393791,0.29725487613748003,0.2580357978728756,0.31462081971995615,0.2989258620756481,0.2773309089287331,0.28887405078188855,0.2633264612911877,0.22964003592524632,0.25869853967868206,0.2242449980433649,0.3277609542827481,0.21269981016324185,0.33806179325715835,0.23583282955566792,0.24932232242718225,0.31258863746168974,0.25882405588634017,0.31825037558937735,0.2669144822748612,0.25134459467830494,0.22102570421052775,0.23114640410706644,0.21358390615902853,0.2598291398970514,0.25211391001623606,0.28598153064449344,0.28024037592795875,0.2645917141315446,0.2643059347912944,0.29382924643333913,0.22912500635865726,0.28340555950829377,0.27226582374056896,0.238164632696236,0.3672754772600687,0.3948588395225854,0.19835541883104782,0.2372172414491224,0.3146333147178142,0.22853533812185958,0.29366528764734046,0.32351004454849014,0.28968276020688766,0.23876052791926924,0.3885174897225007,0.23593709489831283,0.2903512068076467,0.356637189765557,0.28227627430444624,0.27682421727620093,0.2619905420752801
0.3461288576359543,0.3153974417305749,0.31935519512291444,0.2944782381750801,0.28890185460352974,0.27255360961662356,0.3002653420554796,0.2838269075238173,0.2536860612358461,0.2737824806811738,0.0,0.33161749319393163,0.33811400983255846,0.25757925509441254,0.2748831624892287,0.34031792569075364,0.32236863049922876,0.32420675114443065,0.2978799216058697,0.2871684537101518,0.32157604725648486,0.35054298378226656,0.2825712145739121,0.30267025259314023,0.3364144582250686,0.29027154608469086,0.25817038639788276,0.30532966244629134,0.28761495420556926,0.2664330136627124,0.27124268967606857,0.3044973326910095,0.27067930959481273,0.2537012747347537,0.2815694344779893,0.2935908487161404,0.3707724432328592,0.29904851237450786,0.3136975728648455,0.31372199925316074,0.2800496159020697,0.2941258572123776,0.2797511991962679,0.3182452411013828,0.30574171380417264,0.2804840249793768,0.21821586603670481,0.37725594166068743,0.35013115419420476,0.2646924992772618,0.35682486872855157,0.2601152772993349,0.23648311660167648,0.3518017229175103,0.366873803803383,0.22556121059972134,0.3199682594188937,0.3409987345603712,0.3273464649208469,0.28091607590255147,0.30378828167026545,0.1907622537356132,0.3014191064852323,0.2269585559885021,0.22270298356998622,0.26294255417858003,0.3188599507975361,0.2856482996074904,0.299340171424622,0.3157721342519916,0.30839148339862665,0.2362320942419368,0.29008409003428665,0.3664563860176811,0.3016227188849661,0.24971439631919234,0.34096619776258086,0.29804502202547367,0.25773367745852166,0.2186583091195236,0.2658789649492101,0.2635534732224598,0.30000571493426703,0.2691050734608703,0.2603720400121638,0.2980537673222453,0.2903335671196239,0.26823476911768795,0.24558975355361473,0.2616202245989531,0.3581494635071977,0.23307711032424305,0.33751028516507675,0.2778528471262337,0.28877465895189053,0.28452770737585087,0.2130480550670994,0.22673134678697993,0.19622755185701102,0.2689376281897379,0.2620096806959773,0.28171298089797336,0.2472068640824284,0.2331097895905689,0.2758113570694516,0.24933367004396276,0.24749809942512827,0.28944112763418023,0.2732245188485665,0.3447383187289301,0.3711941304980087,0.2653439907127887,0.2866401893068539,0.2601994704083601,0.27651569563335787,0.28607240628790176,0.2599371303555709,0.28065541376601966,0.29041486850657766,0.22396167699847433,0.27190310673248547,0.2217011677683529,0.2579849797796283,0.35267391437273105,0.2258911438819796,0.3372966435290457,0.20307573657018446,0.28374483250361726,0.2749027097119731,0.2561944400760301,0.22183292447983974,0.27845571232772365,0.2702329212064584,0.27335034036086525,0.3254508732406407,0.23202486200700911,0.265264344518355,0.25666270430319305,0.3082190015760253,0.3040069528288761,0.2839253900448065,0.26551849866640775,0.2716327223056555,0.2739015204047031,0.34506629150932194,0.25435405197319727,0.27062285116173684,0.25945662258280633,0.2806780331805981,0.1902075844788665,0.34667963630174575,0.27284361751865144,0.33923943823827524,0.25427991965009417,0.2946413059540218,0.3292114354806151,0.30695410367872056,0.302449764027462,0.2647417214119355,0.25821169882518413,0.23483224353329304,0.282062797697201,0.2139311263914858,0.40429389359100815
0.29236401772232434,0.33272521857548726,0.28351312234325166,0.28714972763080243,0.24438156335123562,0.30776352293738235,0.3165735127378668,0.309576702440522,0.2618840824229307,0.26729279494646163,0.33161749319393163,0.0,0.25825742310627264,0.2031145872919269,0.2644333763742565,0.2937398128603158,0.29496544054080603,0.2496705990967703,0.3644112549073234,0.28282928037288596,0.34736649046808155,0.2778343266196726,0.2661070736720466,0.27788074533383084,0.35168498947208876,0.2520537269544326,0.2394155434405838,0.25335080554475103,0.2521468548433502,0.2880484110552569,0.3135960564724493,0.3064462209885121,0.29153955981906055,0.30111987739840484,0.24825347345420629,0.2888790954768921,0.3049519504618293,0.2726312074748061,0.3431523748754112,0.2810994497984528,0.3048565076959906,0.27985365765560355,0.2777002162317069,0.3107826396454258,0.30098562626464886,0.2903830591355259,0.28031922729233905,0.28981930578754495,0.2969348909370058,0.28462186277322915,0.36967041272607293,0.31170465128139385,0.24427116637262655,0.3537437907803991,0.35564606015143274,0.24683357063505254,0.3410293376991712,0.37499058248077405,0.26176615945268633,0.2811054174200569,0.2521392871004123,0.20226828377492645,0.2987749036811469,0.22123511396701578,0.23322264212678118,0.2627365843003104,0.25233790712190945,0.24394373660900218,0.23251083665502484,0.2578924044526671,0.2727277648655538,0.2185498859438323,0.25081608386927373,0.3056154565280369,0.28038817576381164,0.24647638230038496,0.2822233005317463,0.29834608345187896,0.262149941965113,0.20441965019897754,0.2367738783364687,0.2925744710540292,0.29537806358408336,0.21615063482228708,0.2887621788589874,0.3073126266521697,0.2522640575224526,0.27431886336174677,0.2816957174344419,0.26375764795910883,0.31356710159026896,0.301848971108932,0.3051800670653842,0.2881890494230141,0.2637507648842485,0.3360939455631655,0.2265243904033806,0.2967398796941087,0.1994771783360101,0.2681535284859295,0.21751018349936616,0.2750813969202751,0.2850734056193947,0.3045729160335811,0.2735985975889835,0.27525981754840834,0.2910878098453685,0.26538477271518424,0.27521214285274964,0.3345302755252768,0.4379151068576059,0.2896635097348021,0.2588841056666068,0.25395743948274696,0.26010004409436566,0.2798659681258177,0.2782882939740219,0.28645118207344317,0.29319152265086956,0.21413054327010284,0.24222200887848394,0.24135173211695282,0.24790742440164137,0.32489779348696685,0.20192230404428327,0.35024748538454437,0.22307397265176523,0.3005817300358831,0.2968972550267887,0.2336707121125715,0.2345181379940528,0.26278930353825086,0.21393975142994182,0.2727578334195203,0.26842674610912287,0.2032486896876545,0.28002676422658446,0.2471404953044911,0.25801312538080473,0.3097182271505094,0.2299517364704352,0.24603380772917796,0.3199881743239753,0.2868604916556508,0.3041553511662241,0.33355502058993436,0.3481869350597246,0.2456667960697664,0.3259919658434248,0.18977330905596995,0.31011924069390756,0.29277529438017474,0.2829502148278432,0.26543143307749295,0.36840018121403895,0.2628040220384752,0.24769372512261756,0.3084846992228251,0.22526730582440654,0.2536251830183174,0.1999722262682546,0.25403427640312876,0.21750291625406748,0.28669315073823703
