0,1,2,3,4,5,6,7,8,9,10,11,12,13,14,15,16,17,18,19,20,21,22,23,24,25,26,27,28,29,30,31,32,33,34,35,36,37,38,39,40,41,42,43,44,45,46,47,48,49,50,51,52,53,54,55,56,57,58,59,60,61,62,63,64,65,66,67,68,69,70,71,72,73,74,75,76,77,78,79,80,81,82,83,84,85,86,87,88,89,90,91,92,93,94,95,96,97,98,99,100,101,102,103,104,105,106,107,108,109,110,111,112,113,114,115,116,117,118,119,120,121,122,123,124,125,126,127,128,129,130,131,132,133,134,135,136,137,138,139,140,141,142,143,144,145,146,147,148,149,150,151,152,153,154,155,156,157,158,159,160,161,162,163
0.0,0.6758595750709533,0.4768778652078164,0.5060541062554046,0.4838660288632212,0.4391683631603003,0.738198106246601,0.49562638979895657,0.6963405960484222,0.45433316309887706,0.6649375376568012,0.6540034979609686,0.48819316045450917,0.6127500553328463,0.5842533814014758,0.4804638798235795,0.4680990447976192,0.7750484773351337,0.7031677040326029,0.7763362946330993,0.5866207916956445,0.7757292209041934,0.621233070987113,0.6735058528302776,0.6056564546342055,0.5305298353944422,0.5148580800797857,0.4440446388113946,0.6342414773227729,0.5652296305983285,0.6826727810371094,0.5218573796159366,0.6685880372997545,0.5301947489035637,0.6047684603785014,0.7225563630267982,0.6922614043104403,0.684051545336355,0.6342666546601751,0.5923596374023556,0.7058717663860539,0.5176183755833234,0.7234291926435518,0.6292324190669661,0.6533405674113976,0.5804973006516893,0.5757065257587098,0.6182820248511688,0.8178234353199005,0.7155830812546516,0.6490219722774272,0.5395728351755839,0.6500805972370635,0.6706391954384536,0.6847760748712352,0.4794724071586575,0.7052840399806005,0.5325156441373479,0.6340549005397627,0.6550546453431896,0.46562688530999136,0.5221963925109508,0.5584693900878192,0.6389087995171502,0.6497211928313428,0.5481323630161469,0.546815196597618,0.6370334395208419,0.6162442056249656,0.5710549905811529,0.7862702160832904,0.6528488310265451,0.5114853156351165,0.5165531904346736,0.4710829702687573,0.6468642206414305,0.47530759205459144,0.5224125102668657,0.6169731806393071,0.4145905823793366,0.44956048121792913,0.8652921265335775,0.5750374250752286,0.47097438692125176,0.5273331490330256,0.6546224009909852,0.5577993507094491,0.6828324811151834,0.46130991646603736,0.5761224168052442,0.6735915266682191,0.7434578633729616,0.6997331199022228,0.6634942024329353,0.6075827715218509,0.7275599366133905,0.6259777883483247,0.5157353412996564,0.6624850004392026,0.4634389229865226,0.6730586995032419,0.5241402043017764,0.5855514663813438,0.6480821721648986,0.652738955144983,0.4850627447970136,0.44065586834846254,0.4496730615388895,0.62298779896423,0.6006026816660044,0.6471351103542918,0.696655087347476,0.47136268041463947,0.4494698512239812,0.6188330633156652,0.4708815131393239,0.5122251870798816,0.7240872754958348,0.43560653980276876,0.48473550976393154,0.5803135686313197,0.4909122201907813,0.6138887064371908,0.6114902100817108,0.5958451308706096,0.6375498371698267,0.4457399072277975,0.6289067579764933,0.5103481855661469,0.7518004465079782,0.45535075287080656,0.4505852861878637,0.5141106379698231,0.7420177884042162,0.6922975521044695,0.5044512334981661,0.6815621837717204,0.6462380600774158,0.7398928028875256,0.8018520851358502,0.6192046956401654,0.6008965508647198,0.6521187704463665,0.6394138827413405,0.7177805290698449,0.7404458030322675,0.6609250760457609,0.44005534386436385,0.6515183911037057,0.43028554355190357,0.7271698991386089,0.6212732492538889,0.787986299699363,0.530387443987835,0.5458693974070824,0.7627070613686455,0.6167421255037498,0.4306117154747594,0.6349748055320157,0.4652226457807831,0.44161062624846226,0.6997248400094276,0.48812847065702064,0.7523015768997514
0.6758595750709533,0.0,0.5636725214329673,0.5980326681928876,0.4210202775320486,0.5313077098230543,0.676118785697524,0.6326639724888269,0.6125614895739967,0.5673177160411192,0.6526885775176176,0.7414894971045084,0.6002663890127136,0.6382223866781149,0.46838101080466094,0.5603735348842424,0.5531872971773443,0.7262233076169229,0.7340506846424053,0.6161624822009526,0.6510781941328018,0.6354612606592641,0.8234599707257988,0.586986649906848,0.7997781350874787,0.5881165582329758,0.6506763085490195,0.538242941109804,0.6864233835603939,0.6401081791257366,0.5387930193136778,0.6217377740840567,0.6932962615587931,0.6642763124245767,0.4810563778858654,0.609355074670393,0.7717714407069545,0.6673359616960384,0.5002639969394121,0.7025518601502794,0.6327050916217033,0.65573970719734,0.5743648304614984,0.512090161145557,0.8050041137017874,0.7144895995948646,0.6082829417073793,0.5192045910312073,0.7088769264640723,0.556426722841486,0.6461712733919484,0.613922316251209,0.635726085988389,0.6634319170348864,0.6039218309095857,0.6094602269930199,0.6697052174609432,0.633224511215653,0.614218342757883,0.7125778059185206,0.5576184367122783,0.5822145536350519,0.5962925096611875,0.5339789414623614,0.5063978885492886,0.6103039619815708,0.6549716071855871,0.6657096022925892,0.6615503444749518,0.7304201348580234,0.6421787538308881,0.5343739778400205,0.569444787982782,0.6139235540754515,0.5692607287430351,0.7234398101085494,0.5461225243890986,0.5761999851942892,0.7005550422741144,0.4687857289758966,0.5269272933914005,0.6455059289497964,0.6594412190527407,0.5600133741990959,0.595146057760846,0.8797288257878327,0.6736663133855616,0.6028050194262868,0.5676085944829935,0.7381368268003327,0.6546409520258667,0.6872505531778579,0.5691799086952356,0.6586338781537208,0.6366787899306083,0.7413707493831706,0.6042433702251807,0.65078334894459,0.5417165176557636,0.5640941641061884,0.549190871445432,0.6063924221427199,0.6084699536921382,0.7203770427271781,0.6236623588815209,0.5832389663631985,0.511428013960825,0.5622932329412538,0.7194539174286255,0.7154113479127642,0.6730596174130953,0.5987726225327408,0.5572795634918025,0.5323240788762601,0.6634169249022344,0.5863147415462237,0.6234893648697588,0.5442994018762467,0.5003523141835948,0.5856068331401802,0.4703511755178049,0.583728943952001,0.7009023367135905,0.6920411217922346,0.4792083819318089,0.7276653696751739,0.5166045808044755,0.6839998313122956,0.6069917176907508,0.5948231256445599,0.572244711100129,0.5224337120717241,0.5939560882425015,0.6148419901955755,0.531530647773938,0.4102254063114483,0.6209949651744578,0.5024515835036939,0.7019123953488048,0.6736476029412457,0.6085972701741751,0.6530169779991284,0.7659283196381388,0.6102736584162093,0.6673285976640784,0.6943261894042962,0.5496090579257652,0.5291952463700428,0.8426919073398077,0.4982860419769928,0.5751781576380296,0.6523701318779538,0.6271365841325891,0.6323907933621699,0.6926736075191534,0.7776471756698013,0.7636704329071756,0.518638992652371,0.544241957029664,0.5315294451245667,0.5254520476937947,0.6701428086869736,0.5774515159799778,0.6005474255286042
0.4768778652078164,0.5636725214329673,0.0,0.5638220102629484,0.3892329657062362,0.71594187498246,0.5192785955536793,0.5864792725139498,0.42405358641960467,0.6112022043029759,0.568033286240752,0.5764967789300768,0.7341408995011488,0.4977271260701573,0.3697467488095783,0.8453487333228045,0.7410868524743017,0.5080380707237042,0.5264296228339209,0.44151902382257585,0.6720168161856634,0.4906091245568944,0.5899919054049784,0.48315414514233485,0.5906736097745139,0.7120917228278683,0.552567746612141,0.5633205755789433,0.5855681569712586,0.6132936602159977,0.39341567390835863,0.6899019739436254,0.5193014089047713,0.6113494832308705,0.36622908056822295,0.4644689714154111,0.6036684556982495,0.5103640832884256,0.4008364953092905,0.6591269386253413,0.49554462722732384,0.7031787347001547,0.4709568116529288,0.42760413223409505,0.5525581190175928,0.6567675532142258,0.6216934767445335,0.4571542509333037,0.5122718744445528,0.44211571560040136,0.5756693082623929,0.7012648070048442,0.49969076227547726,0.5451980958514121,0.4913095660435206,0.6263740792974073,0.5324580036627982,0.7443437384141937,0.47612792741532195,0.5557957329019141,0.5822451013286534,0.6080812561204555,0.6180888542692132,0.412938891396176,0.3971516344035521,0.5703638536464088,0.5711279280856522,0.6176187908462645,0.5412599589147634,0.5906783204076337,0.5070769073363196,0.40791546906099424,0.5216322316065267,0.7138429110318779,0.6123598762274626,0.532318508721088,0.7283673163587377,0.7213738663090815,0.5651309695758979,0.6557720957342276,0.6762429372982212,0.4565353534559754,0.6230675043602829,0.5825884417637665,0.5697371533659062,0.5735511655375092,0.5766324399395165,0.4575154686945371,0.5693199959358818,0.5498221675942797,0.5690590246953283,0.4650482230232683,0.46761086771102306,0.5235126178219094,0.5241472713834332,0.5186710076823293,0.47273181741191195,0.5735944935882235,0.41716222861744634,0.5789170388856094,0.41597274753779623,0.6242516983709858,0.4933573671499234,0.4952202369956122,0.47870194170003966,0.834732294899698,0.6164821090471502,0.6133440715262752,0.6419100035383647,0.677293729232771,0.5869439882995661,0.46933193502673143,0.5954947682700797,0.5349024675229781,0.5551751050628718,0.7733264725931777,0.5781590892962167,0.42639123340988033,0.6225124979271731,0.5499784491885346,0.4008062101298507,0.5702631353039961,0.5882632734789656,0.6640087181886271,0.3702047564983575,0.6129789531737565,0.5772748919881202,0.6123872163185252,0.6164012786871271,0.4525176382088549,0.5615552487924611,0.7263060010085359,0.538966513769953,0.4469958790448183,0.405332050718528,0.34191974066427655,0.486660771635533,0.3930644778592975,0.4836495931212751,0.48529312403895075,0.4544580646904799,0.5978287241618166,0.548603581215728,0.477796723477384,0.5322989057455042,0.5002893287373383,0.4368283040177806,0.7113970255908091,0.5721920662339443,0.5636939633825379,0.4202561192398904,0.5055471027941535,0.47044778586720687,0.6642979370309121,0.6591061754939688,0.5158598273647355,0.6374374092898202,0.7496662475762182,0.4079041178123662,0.6370088488116746,0.5895372687299751,0.47990064743847355,0.5514093452363669,0.47177238238156155
0.5060541062554046,0.5980326681928876,0.5638220102629484,0.0,0.3624775233780622,0.5942420806439177,0.531291868661291,0.635471881388702,0.4516782850486119,0.6241758385178185,0.5682190430080968,0.5531082356460636,0.6257602852136117,0.6071561835737793,0.3838403296736689,0.5695625057671231,0.6240218164501774,0.5629295907600076,0.6141287618335445,0.4770662393012703,0.609328033070043,0.4798876863617109,0.6525326277083291,0.45476300536687264,0.6687578160645098,0.604556204012898,0.62889243066585,0.6565249099837248,0.6374280243710547,0.49475662127336806,0.4262370389997921,0.6540523335448852,0.6200849418052318,0.7192123628578397,0.4077262369171129,0.5389173298642055,0.5808576164861466,0.579418167919102,0.4140226211964941,0.649429002872925,0.5487557677983464,0.6001954974120345,0.47896789110267274,0.44553422350018285,0.6126388664329765,0.6363509776313064,0.49622347033623987,0.4489181300547608,0.5526323955643375,0.4681488400157473,0.5965094489632911,0.6452549419981254,0.5823383442426691,0.6166497338392705,0.5546420209901923,0.5697084790030209,0.5638441620619024,0.6261986026720185,0.5667062841659283,0.6109666261884521,0.6783935506759351,0.6348835024701343,0.6290246048491844,0.4692891485157361,0.43088417077265057,0.638902936881009,0.6664837685899936,0.528137832591464,0.6273222118789795,0.6951716427625304,0.5055270419394666,0.4628340405896838,0.67295391807077,0.6689513208033033,0.6672375018620825,0.6264916893892144,0.5965024863227318,0.5359381332756475,0.6575394055934882,0.5222976237347611,0.622797096552333,0.506141773399554,0.5075123144616666,0.6891500538231777,0.6882611434863019,0.6072050663213421,0.6990087145296425,0.5324441789615084,0.6343539806381554,0.5299944596945372,0.5733191572393039,0.5469781645762831,0.487784450964036,0.5862809125348476,0.6389009970382609,0.5433123108348367,0.5547752434535029,0.7064995788922619,0.47782393681415486,0.6674734581840749,0.47205798404280364,0.6480609417444442,0.673096168554693,0.6161518334694058,0.5827321867252636,0.5787473350199742,0.604588760133487,0.6181796633580985,0.6231697895476157,0.5620814945207702,0.6238457329985095,0.5326091863983564,0.7093548132729083,0.620221652754626,0.6619354758109547,0.5921640763791512,0.72986270080858,0.43822100478580395,0.6569991519825088,0.72649642366597,0.3975373350064097,0.7727475485082181,0.6651378858883004,0.5871903272232413,0.4133171542603076,0.6295817054813836,0.622539138290111,0.5172086317927982,0.7908855741687705,0.4875679628650125,0.5448829444545448,0.5672313174580277,0.6366506328675405,0.5145599673483384,0.4360598009613893,0.35494971138271797,0.45305711420701167,0.41817424699094824,0.5480141384742915,0.5205738180559963,0.6012538856798775,0.617779359147729,0.6414693021930232,0.5773722763236822,0.5608727751850501,0.5445990162274833,0.4224223132259259,0.5836013531667065,0.6260936891882201,0.5851436848841358,0.4807080870529558,0.6428684833024624,0.5001060730357842,0.5159797070359758,0.7181840846649764,0.5516073402095959,0.5882289457510035,0.5435572163824007,0.49439031702732983,0.6513579465321611,0.6583633413890547,0.5801366981628147,0.6496504873321176,0.4801311098392
0.4838660288632212,0.4210202775320486,0.3892329657062362,0.3624775233780622,0.0,0.34890292385435795,0.502092788606282,0.3461567130400472,0.43050720217962657,0.33308397813106555,0.4898039771152798,0.46498161908260227,0.363638398446398,0.38818571907750665,0.5461344733658234,0.38862981638011734,0.36464070605452825,0.43985755428642925,0.4348030695054635,0.44964364944720486,0.4418026410281231,0.5438374355249178,0.40000015718028253,0.5898284997689309,0.392938582391434,0.42773925444878785,0.34899307692162984,0.32376023496612566,0.4468120471520287,0.4539323774348989,0.4691406650771904,0.3782156149593665,0.4461812725298224,0.36441384394076237,0.4548113183888151,0.45253145906567543,0.45909337985283427,0.43024882054767616,0.5634290095288954,0.41813664176792903,0.48855836768987637,0.3786755107892197,0.5435781327307143,0.5953105939148535,0.40128477634951065,0.3988700696560382,0.48731948608415776,0.625672712392641,0.46673315980487456,0.5020305623228922,0.46262772466252916,0.4227013329082182,0.4169529146883329,0.4587722777117708,0.47059110637323626,0.3510965885660308,0.4557166566543248,0.41317885001124677,0.3978443062493454,0.41516261593994463,0.3370778030382152,0.3801719648475606,0.42960277933116914,0.4227191280666573,0.4774658270974832,0.3797395552989359,0.3662637886369295,0.48637129363507375,0.3977072157366722,0.37832768440889863,0.5202947013262341,0.4339720220269517,0.3532184907572258,0.3818214575179859,0.3437407689469293,0.3981671124612681,0.3740183591220554,0.4544541765886798,0.4058432096868177,0.35628377086603225,0.35390098610779364,0.4658908140563606,0.45742395906104377,0.3430843318405357,0.3712537998070833,0.41242470528131714,0.3721424902565329,0.4178342355511272,0.3293056890629024,0.38954742991777497,0.48959030823356875,0.42350747710185904,0.5333426355961002,0.42639822629476193,0.39851340274561514,0.47094338033685307,0.4000881760725544,0.3545799040002001,0.4375933999045892,0.3326558166641312,0.44361885446911864,0.3739015708709673,0.38654424466406995,0.40803121735516806,0.40775176235804333,0.3778955815245614,0.33814506393558136,0.33226665512183823,0.43133523714934674,0.4437317980426596,0.4586643355352528,0.44912380496814697,0.3431156126405857,0.3243016219225651,0.41514799623436527,0.3650390350847023,0.35478443943444954,0.5350606245602029,0.34770607110233814,0.33890914003598227,0.6195678970385683,0.34977450791491294,0.4056836079076366,0.45838450953175985,0.4435913799220622,0.4498119221710976,0.33209631082228414,0.4758767324572615,0.3668085031629217,0.4772807581361377,0.3306280562184594,0.3624485511203215,0.35532226672578254,0.45218008995655573,0.48870725376696156,0.5150183342609098,0.5277529788251802,0.5332998418933804,0.42629291290602017,0.46774412448282277,0.4015409572233989,0.4151969690860089,0.4009191088774743,0.4070378047869222,0.4718465960446557,0.44298896969883655,0.5865043326910724,0.3464218927355695,0.40577105887845744,0.3284157857971692,0.4518335413734845,0.4031370187599326,0.4796481185268409,0.4071811891807154,0.3879928156545702,0.4348122455370921,0.42408351458559007,0.3540789716861102,0.4300945786046312,0.3581824704090589,0.33025994279838305,0.4189833745394422,0.3435943436971412,0.5530083653323977
0.4391683631603003,0.5313077098230543,0.71594187498246,0.5942420806439177,0.34890292385435795,0.0,0.4698218460627249,0.6270330807859812,0.40228649028017355,0.6876005115140769,0.5041193428616837,0.5300398869644732,0.7108111154991164,0.4757387862411241,0.34220315651154537,0.6908478037831719,0.7185660671729085,0.4703454856773047,0.5036330004184284,0.4108485099190454,0.5849984715816271,0.4378708891236713,0.5630249377386468,0.4278160435106785,0.5818391755482103,0.6006697419206328,0.5611204368234448,0.6290250587554767,0.5349383098721707,0.5403549918682733,0.37068411567266285,0.6564469217917293,0.49364127286963394,0.6306743490567088,0.3458637379523042,0.4339860434862217,0.5358131093986137,0.4767150064574527,0.3675023274207909,0.5828010929493253,0.4572233867383378,0.6891593811212875,0.4233913414346457,0.391528942942646,0.5232540699974303,0.6001331897416057,0.5239461277422087,0.4083534975037797,0.46780954289595134,0.402955794084058,0.5153346073223766,0.6330289821169776,0.47068597214215285,0.5022212463290145,0.4525116576067104,0.6648957074867682,0.4844358147856472,0.6797574346754591,0.4510595582099837,0.5134253321765159,0.6226872192732225,0.5743003109113831,0.563478541687035,0.3875498423655636,0.36852212130423034,0.5451647003001554,0.5591561314725256,0.524350069959754,0.5087093128754149,0.5932421829531528,0.45242210266867044,0.3829083850100636,0.5257829625456569,0.6607808423383544,0.6573516817871202,0.5117920057490238,0.6500461076118198,0.5845179393056511,0.5384048928982323,0.640715252874119,0.7174600013462353,0.42657603636573904,0.5446410070321113,0.6182172740251173,0.5636372378819338,0.5420120562848261,0.582039842484368,0.43098348969096417,0.6243506623077064,0.5273074252854963,0.5066412903115882,0.4475208951201714,0.42278876823881023,0.487105368399587,0.49976417834356573,0.484497675089624,0.45127187163598587,0.6186418948952284,0.39282911202061094,0.6261801515657026,0.39022427770641477,0.5979042463827661,0.48836164844130453,0.49158597254501096,0.4578648922336737,0.713115771550254,0.6366858962126426,0.7073334599577644,0.5646935413783678,0.5820601175225093,0.535162832916311,0.43649700530590574,0.6361979290346118,0.5747406415346784,0.523106676077158,0.7810378188224973,0.6124113600285928,0.3876952764484073,0.6698558187974187,0.5937872873592992,0.36125195223224904,0.610918709514785,0.5568914062568707,0.5751446897063842,0.3497293518833899,0.5590139024600073,0.6035686116925902,0.5224830205202455,0.6333951719115044,0.41362359231016926,0.6107845194091254,0.6918371516496046,0.5388375483655544,0.42282762290012904,0.37553972979096434,0.3161580814382462,0.4368976607750369,0.3621463196092363,0.4514854808300575,0.4484216403186785,0.44714080327346667,0.5453210332583948,0.5251026996399681,0.45576622467269906,0.48180421301649773,0.4668046906063148,0.3962732370885207,0.7529975542706895,0.5465863463335805,0.5969813177291707,0.3976932212151279,0.4936579432777833,0.42970003824021313,0.570371505404307,0.6699493374190856,0.47906590980183356,0.5652624119787395,0.8145945646978052,0.3908272768204763,0.6361912859714962,0.6433998925708677,0.4620461942590023,0.5743159424407469,0.42695342926961977
0.738198106246601,0.676118785697524,0.5192785955536793,0.531291868661291,0.502092788606282,0.4698218460627249,0.0,0.5003026150401243,0.5890433221303324,0.47165290882790983,0.704343476439128,0.7204663423338148,0.5123260718270579,0.5733378686024105,0.5427522191226628,0.5117811084267755,0.4928554587977177,0.6821706993828157,0.668300983889265,0.6140422127417674,0.6262862920723249,0.7558962631432585,0.638703422929126,0.706467691004192,0.6156941660767495,0.5835300568008615,0.513728745820791,0.45152557636667573,0.6681980113806855,0.6035578812712392,0.5813132980453962,0.5414639635246741,0.7161116898838221,0.5448930611226106,0.5295956034242013,0.6481383687627597,0.7351163601873726,0.6187133773770028,0.5697686935937691,0.6327801920656828,0.6933033876492447,0.5487736389942823,0.6757091978248385,0.6276324848502085,0.6337647388897903,0.5905503850865488,0.6526422803151167,0.6319902631122907,0.752077826607078,0.6246140083665193,0.6805703732620761,0.594412155720731,0.5929278374123668,0.6988876434779832,0.6624606174332917,0.49930563559580776,0.6541967429195014,0.5795191664849018,0.582774089455636,0.6233236355665542,0.47020161322306253,0.5261329223688628,0.5880727362171304,0.5496882964764532,0.5561669669228825,0.5358165409786879,0.5429930887731258,0.710149835283822,0.5953294579493436,0.5695935296814507,0.7387668625917826,0.5541515833374028,0.5048081650122583,0.5442507160894269,0.47712669071522007,0.6032324750656731,0.5007785915736698,0.5861451512684784,0.5959277078826554,0.43709864843575663,0.4691696731136967,0.6863522863430248,0.6245384753070913,0.4743875656668182,0.524189436450893,0.6373261058370018,0.5500278762480111,0.6026905145268963,0.46555244229394815,0.571240288024054,0.7405389908028047,0.6682527965324235,0.6620121458857682,0.6112370884528469,0.5812193290375108,0.7801048888185537,0.553986517278417,0.5301022431724327,0.5698420423703892,0.4754937432650772,0.5689400056648781,0.5267495444587391,0.578303550572719,0.6473077786900016,0.5896456089627444,0.5138764486297486,0.4512920459050959,0.4653939928340667,0.6542937171510042,0.6554145164147334,0.7126977369192696,0.6205630576786237,0.4848211712304766,0.4451874880565868,0.6097344962794495,0.5035773195790285,0.513925894553527,0.626606711553366,0.466389041689457,0.4878129061163236,0.5460978231274873,0.4969446635162385,0.6088660563724361,0.6679648938298267,0.5110993597912792,0.6883565205135798,0.45501262268248044,0.6773375112684866,0.5282889468371441,0.6385902773034835,0.4615774825457077,0.4699778700184237,0.49566669795202795,0.6266412228710174,0.5797710370327698,0.46078181645989064,0.6619760292097072,0.5873597622688942,0.6482463575180818,0.6648710743401772,0.58974995079614,0.5962899330565126,0.6284654683854453,0.5808470415735572,0.6830580033656538,0.7447710232858216,0.6382253827231886,0.45970648560990784,0.6366974504459071,0.4325540325616214,0.6044707524273483,0.5864847642314788,0.6571143179069769,0.5734434155503799,0.5762888237541068,0.6683457800093073,0.6288511019658322,0.4657377176124457,0.5813131129365029,0.48435830808631114,0.4531962513744529,0.6199129844434083,0.4792619238923283,0.7050666466851312
0.49562638979895657,0.6326639724888269,0.5864792725139498,0.635471881388702,0.3461567130400472,0.6270330807859812,0.5003026150401243,0.0,0.47512378935578464,0.778945774563433,0.5181050868875684,0.557805786638765,0.7087242163120832,0.5708027084193376,0.3705060757736521,0.5864367822859786,0.6227395218380798,0.549149375787707,0.5693997271270225,0.47806363252575584,0.5720736893235254,0.47151016118435085,0.6853407207548217,0.44607761305813015,0.7148274917144478,0.5491502056223869,0.7938667820739325,0.7206063966552194,0.5595864860561819,0.539849458936698,0.42002200148606655,0.6759515929710924,0.5371001340134295,0.7769446415733311,0.387230615675918,0.4858281811367302,0.5804115736342246,0.5453215570544672,0.3953622324576418,0.6200482605856033,0.48938672059446287,0.7126811711227972,0.44937403033895357,0.405170641334362,0.6551060717680404,0.683396346352926,0.5054757567048088,0.41437456744244244,0.5263902790859027,0.4408370578963705,0.5327749927003723,0.5717836100798227,0.5375528488456527,0.5319606032034424,0.48656353957406995,0.7492124989248127,0.5343557501652264,0.6089379869275681,0.5312591839657919,0.599946343311608,0.7087314898645253,0.6001842353736581,0.544195251572381,0.44362465133290907,0.40829035329757574,0.6149620109445771,0.704212335762354,0.5313361275617938,0.5966213397034896,0.762993903428854,0.48670826568718806,0.43676816730007145,0.6083783198869183,0.6546640321104052,0.7186866384380574,0.6223764077308419,0.5896365846605949,0.5183199770305675,0.6208875034344457,0.5064670984733617,0.6018763081194445,0.4872862445627923,0.545421684071455,0.6775152779437443,0.6207127730961841,0.65892384119636,0.7248401391436973,0.5002855019570275,0.7989177604145253,0.6514614935392287,0.5184343905105417,0.5275072942990797,0.4475408723543241,0.5506982271980053,0.572895825721402,0.5316587471090937,0.5291856659372609,0.7794407762880273,0.4436574460130816,0.7409565307862745,0.44379015048942594,0.657534713451286,0.5552168719113773,0.5724585219905703,0.532022906048283,0.6373181878279649,0.6094662925365026,0.7756800894973754,0.6051867384606278,0.5925415716400768,0.5474298538724023,0.4867517232397302,0.6731677012724834,0.6814503129361894,0.5785815406915142,0.672388671789036,0.735353376769358,0.4238607350973633,0.5579844684012464,0.7307156598925969,0.3783984164025186,0.6881346535793489,0.6287587991467752,0.5705862286384306,0.39193597690825105,0.580512266124121,0.6240429889507498,0.5431848813470227,0.6665469354557798,0.46438951432049724,0.7642026748048927,0.5830603399875111,0.6542521093435268,0.4805090681464066,0.4195623825414256,0.3379948017822928,0.4689532586898221,0.3944849879283628,0.5398472951339474,0.5094258997248379,0.5125322195835876,0.590599987816092,0.6419122656410107,0.5258535496738622,0.5228900008586183,0.53095364694315,0.42165264693130416,0.6325947715029135,0.6692971675245669,0.5982623966782455,0.453422443596493,0.5648689188110868,0.4828460645746788,0.587539875822143,0.7072733627042933,0.57168164551221,0.6329976309286574,0.5867765022633478,0.4403737649325584,0.5900867860193474,0.6538281108755719,0.5389621059143179,0.6903357871138252,0.4553576356203255
0.6963405960484222,0.6125614895739967,0.42405358641960467,0.4516782850486119,0.43050720217962657,0.40228649028017355,0.5890433221303324,0.47512378935578464,0.0,0.429038370551034,0.5281003508641839,0.5744154138115247,0.4426594895673398,0.5394260479909363,0.5629424656444051,0.42454652883854194,0.416350868153952,0.632370596908588,0.5914924522079744,0.7115088541965021,0.4894514420607172,0.6217995908949123,0.559157445848048,0.5702693269771681,0.5516810842492894,0.44694362691806366,0.4948444100466816,0.41577256411294466,0.5191518746833647,0.5184462252753103,0.7197479174217959,0.4615311431259056,0.5577533115873906,0.48493298094968207,0.5906648577056527,0.5798880515764813,0.5716276126650607,0.5711831953434628,0.5629924880625954,0.5030413216807583,0.5595887440079838,0.4779140617022844,0.5627867769490561,0.5190259245475967,0.5928485024412149,0.5111344030362822,0.4965083876685342,0.5019441655595416,0.6230090933749381,0.5763074891013727,0.5161111868508244,0.4574878984960994,0.5477944716219751,0.5330743963195953,0.5380975922173602,0.4608370894399861,0.5654731133618002,0.46510122535943993,0.551600500249915,0.5564280145013706,0.4282925107371634,0.4534319732925107,0.46368212788533675,0.5699183528623915,0.5733902886990212,0.4795818626177693,0.4972392137260626,0.5309306238635945,0.5295679913873785,0.5237621215863906,0.5967077944274105,0.5846610007969392,0.4590602829867552,0.45243025015939037,0.4322678328887172,0.5712823307565937,0.4176014542378235,0.44699024879726457,0.5326044703973638,0.369651987515727,0.4022591205223161,0.6948149331934058,0.5208583739161002,0.42948092273338034,0.4637157680794108,0.5951528648573922,0.5066652061614828,0.5839203617800166,0.4373268457115974,0.5817421333313719,0.5299377711865025,0.680605947663797,0.5475513511979958,0.5513787463787776,0.518727254937254,0.6312223692227797,0.5518660437703163,0.4844240030213717,0.5761635487323655,0.4315728654216371,0.5948594653853951,0.46398948034609894,0.508850939787646,0.5972082853770787,0.5588573886526621,0.435729546304186,0.39814667380074886,0.42572916394511295,0.5214256750319234,0.5239964306639524,0.521132169349036,0.5649985970186209,0.42656897195102567,0.42235528567672614,0.5169790280430271,0.4325136497797951,0.46931742386459463,0.610149697317132,0.38595021288804604,0.45076433948756983,0.5029169311130681,0.44605115847039967,0.5250607591241808,0.5128726329003285,0.5675533057354687,0.5308978415938223,0.40552808860193545,0.5451422192698197,0.45172501034605506,0.6089170156351725,0.4498064646478584,0.40286951870415794,0.47146614367840145,0.6331403863187871,0.6227471350849539,0.4707368374622362,0.6248587348956908,0.5752086083765353,0.647526843736383,0.6529430958915676,0.5480752858518645,0.5066396881730645,0.5758067141766905,0.5474011322821851,0.5648941042765812,0.6288543021393588,0.6086413469186134,0.40177157921660894,0.5867972772289883,0.3947696436240369,0.6499940558278963,0.5377066672071967,0.6281551331360353,0.48802235656845216,0.4888338565393194,0.6689702409388034,0.5421807957659801,0.3959067152742768,0.5673971327610292,0.4096527842530872,0.4039843600972044,0.6055621385721907,0.4524296737832782,0.5956860983953401
0.45433316309887706,0.5673177160411192,0.6112022043029759,0.6241758385178185,0.33308397813106555,0.6876005115140769,0.47165290882790983,0.778945774563433,0.429038370551034,0.0,0.4884534091646098,0.518020113897039,0.74363396749289,0.5263997665651323,0.34646090581203365,0.6016739773465991,0.6577328343696534,0.4996970564898221,0.5166232090484875,0.43477854287526074,0.5511033979141224,0.4386306089091901,0.6224352427738514,0.4197765664835024,0.6382799791581684,0.5486585186456429,0.7029125057995665,0.7663209926536643,0.5276346974479726,0.5122304481976525,0.3854013212416548,0.6752927024491457,0.49935245393662625,0.7341487540136895,0.35950120741058617,0.44997137371474993,0.5386011954659261,0.49718575553560224,0.3681103606284876,0.5950720037161795,0.4554637877249331,0.7075704169193408,0.4208989975999439,0.38303561132727765,0.5837171399877749,0.6359727182742037,0.49290907118454097,0.3938555271881223,0.4859514582601054,0.41093325288965904,0.5063006824330305,0.5676300373496079,0.4950393110301329,0.4997299546520003,0.45590257876983153,0.7563055669950882,0.49331840197413696,0.5974049214974404,0.49330220496180127,0.5491071151409482,0.7105878727620487,0.5877423129812168,0.528063493770232,0.41133271767583807,0.3797653774805809,0.5815203037902258,0.6529294090157056,0.5075725019281482,0.5544522691150247,0.6618546383792532,0.45302945218723123,0.4034335893928661,0.5874220304032121,0.6616511918027205,0.7216572999182939,0.5602749563215573,0.6119654409008626,0.5166505321616719,0.5631592800980487,0.5323127199331295,0.6335792842578005,0.4452677609621034,0.5181641219972015,0.6689233040069067,0.5954044563928241,0.5815227009195717,0.6473119065856279,0.4620818164998566,0.812027788651633,0.5796007803538351,0.4921057661007833,0.4798664035811943,0.4200095657802405,0.5066681661952829,0.5330202563833527,0.48932991042795076,0.48167277030763833,0.730846259084076,0.4113588114685044,0.7991910791541913,0.40843772899110475,0.630882477774443,0.5219418281412544,0.520208621941226,0.48799592981319156,0.6591559331770505,0.6445638014996649,0.9005324377790684,0.5727943417665412,0.5648450562960822,0.5211546094203885,0.45125806833983834,0.7041035945657634,0.6704865645240652,0.5384525943436156,0.7112415186590026,0.6944953216001175,0.39452740884965903,0.6028392007966087,0.7074980920063402,0.357242204169085,0.6621148691513198,0.5843211810573653,0.543211047982168,0.36314101516463937,0.5430075142061069,0.6651011947870672,0.5113295722326527,0.660771456716803,0.4291289365614026,0.7443256905458076,0.6080718001449611,0.600935951846987,0.43855039598535495,0.38712639338659494,0.3183938447383883,0.4346897018049232,0.36864909138139257,0.48867635399120085,0.4624762643298088,0.47195652299234886,0.5575066192182416,0.5789975224953229,0.48463370536780054,0.48502203014593226,0.49382194923668055,0.39318003201713125,0.6809376864981526,0.5953913508726625,0.61560190827158,0.41486329055759413,0.517120032726069,0.44357742621223656,0.5786130972395809,0.6685134031937032,0.5111938902945667,0.5818499947568259,0.6366914277373092,0.408542688514213,0.615369159802121,0.7053469636037192,0.48883394563551386,0.6523545697010102,0.42371702661324173
0.6649375376568012,0.6526885775176176,0.568033286240752,0.5682190430080968,0.4898039771152798,0.5041193428616837,0.704343476439128,0.5181050868875684,0.5281003508641839,0.4884534091646098,0.0,0.6827526706883128,0.5527742191658613,0.6031092405194372,0.49129240858156303,0.5820664814358143,0.5564797251095707,0.6860060089445099,0.7123938293992801,0.5935312693298416,0.7627905401071186,0.6904641603263071,0.6326869764107592,0.6519426021212945,0.6207637492975245,0.6874527166976134,0.523328723984417,0.48293074459015045,0.8164589292216143,0.6042764867121156,0.5219377250785753,0.5964742522768365,0.7034229531519307,0.5686739740451656,0.4906294041723137,0.6687712922988175,0.76194398081065,0.7032131104398066,0.563035319733583,0.7032993526083906,0.7689563397229096,0.5626264031904588,0.7047398748521674,0.6183615970286072,0.6259543751788031,0.6485011071006328,0.6403164300999,0.6628814849132523,0.7268680560641256,0.6373423851624282,0.8339819264788877,0.6880798716766218,0.6647961775802252,0.8191405287890982,0.7452814332238556,0.5024866482675178,0.7688311394334683,0.6513409980713657,0.5960183706780015,0.6862085277099241,0.5157912848581291,0.6065544291900474,0.7302307203399598,0.5525808555225261,0.5494248128894502,0.6106334472226361,0.574339439319915,0.7197235777675548,0.6386209677069583,0.6035094921484188,0.7551265915682768,0.556234885981332,0.5451142815118467,0.6086852024604212,0.5278612678688891,0.6367238117597429,0.5697243689716514,0.659109309777558,0.6871533501093171,0.5028674729162729,0.5340694237929485,0.6364272329575333,0.6228249014420422,0.5310959810147766,0.5967332985076067,0.6545170892868655,0.594595487623164,0.6026988781524644,0.48962444760491686,0.5487129434531711,0.8757692199398858,0.5983691541680841,0.7143188752844898,0.7031808296399419,0.6491124485580553,0.6690198454425134,0.6085430048983295,0.536730813182276,0.5734305362325016,0.4974117230332705,0.5781709480942994,0.5960719881518259,0.5988236556907078,0.6041751605947665,0.6299056413777679,0.5644656139568711,0.5062883058482746,0.4870737693909523,0.7381456946932079,0.6779959005553257,0.8102412786325284,0.6714106578721476,0.52559513676988,0.4854315122226134,0.7148001561145809,0.5357722696688957,0.5544212111975011,0.598219492301377,0.5156985868976466,0.5182937720435483,0.5529595073617145,0.5475482636164278,0.6828413626560368,0.7706208194774342,0.5005267372101309,0.7928358799345728,0.49545689025038664,0.685014326444522,0.5881575082356234,0.6463131791041707,0.46742292284895937,0.5372616829255242,0.5554014285441385,0.6351149779656918,0.5650993934122543,0.45396741329050266,0.6156491088325173,0.5456587822692406,0.635308630813924,0.6926634292519401,0.5938894320965883,0.6991365297772609,0.6423837235535717,0.6277490976242078,0.8180300894183948,0.6271274828845346,0.574801001475264,0.5102595092947463,0.6452685436560682,0.4879918830923012,0.584674357652332,0.6509153472542704,0.6790809217258285,0.5622679154248491,0.6211520808394863,0.6633725173977426,0.6845473454244967,0.49483902816910413,0.557759409581385,0.5509572312751466,0.49639174460277025,0.644412819157002,0.5284497911204423,0.7063242268926544
0.6540034979609686,0.7414894971045084,0.5764967789300768,0.5531082356460636,0.46498161908260227,0.5300398869644732,0.7204663423338148,0.557805786638765,0.5744154138115247,0.518020113897039,0.6827526706883128,0.0,0.560006510566451,0.5464503156922479,0.48291518049746623,0.5640161334019408,0.5336568748796419,0.6357255886896555,0.6849923248183843,0.5668454417211612,0.6653328630996914,0.6719596764808226,0.6762795055307869,0.6503787828113369,0.6766785149553772,0.6034632667051512,0.54814076735267,0.4852797061262182,0.671593060071772,0.7311237155366599,0.5303800070136745,0.5781682711242309,0.6839988207531583,0.5859752604528405,0.46915425390760435,0.5733669467021378,0.7683920233029188,0.6027832055119199,0.5154391634409247,0.6494866758146244,0.6381894456977926,0.6286313661557775,0.5914259112500924,0.5478223276056123,0.6472378365658329,0.6343489789288798,0.6881943834505465,0.5626948362475043,0.6610646269071053,0.5451184893155845,0.6448187988268335,0.6387456509189582,0.5691365081587442,0.6547299694843363,0.5902590915526538,0.5693503285871466,0.6306145703981014,0.6682950311116217,0.5362669379963787,0.6160151315634965,0.502223173001371,0.5391476917033367,0.6009555814169646,0.4918091273384265,0.49157614019603113,0.5454069195408054,0.5578808413730588,0.7247757351892348,0.5748606596108631,0.6251333296716814,0.6570174398235731,0.4968033672915769,0.5050814458016543,0.5766770821901379,0.5184579199210452,0.6075921284598269,0.528542048601868,0.634058942256288,0.6205557371562616,0.47481805530764476,0.511701601366644,0.6119383714828784,0.7544177990700007,0.508280742074138,0.5392978866503331,0.7065135466585825,0.5878743901403918,0.5418660917820234,0.5044585923549137,0.654112341121373,0.6902330034378527,0.6201203833084,0.5811195807502174,0.5953602144237857,0.5645180710213601,0.8081481875291108,0.5375761146519165,0.5781655832581487,0.5086152849549204,0.5039787605392428,0.5140762252341727,0.5529886721741117,0.5517068872106402,0.6614816818157381,0.5566385453522973,0.5698658844053544,0.4788727695281168,0.5181654174294295,0.6694848420548196,0.7544278902966096,0.6930868615851193,0.56271113174806,0.5094103586092575,0.4757909086143381,0.604507634218521,0.5738122163810213,0.5517665250634871,0.546357348482123,0.49010391800179565,0.5175681349698454,0.4896389532932836,0.5302791534658851,0.6253657885892727,0.7442553520830306,0.46204402351504936,0.7495336368869755,0.4740664244286059,0.7417585377514099,0.557424547305606,0.5622756666898846,0.5213147506369463,0.5136340052469963,0.519582026577446,0.5817628272013812,0.5184876141220256,0.4152985790705427,0.6773360756066409,0.5064017762004183,0.6026524018624385,0.6376253077612735,0.5574353087761851,0.603505014664645,0.6335930579166649,0.5480210366222924,0.6480429562271618,0.6515679777499804,0.6012128417973576,0.5094180537138725,0.6835079460763137,0.4633397281070424,0.5468688162171822,0.5865098780100569,0.5963650849317063,0.6266186648341615,0.6567344175143028,0.6670864997154757,0.6940694398537894,0.5282844610693289,0.5157052436641968,0.5059080377865358,0.48195908884613203,0.5993578416556908,0.5112938471221714,0.634060184761978
