0,1,2,3,4,5,6,7,8,9,10,11,12,13,14,15,16,17,18,19,20,21,22,23,24,25,26,27,28,29,30,31,32,33,34,35,36,37,38,39,40,41,42,43,44,45,46,47,48,49,50,51,52,53,54,55,56,57,58,59,60,61,62,63,64,65,66,67,68,69,70,71,72,73,74,75,76,77,78,79,80,81,82,83,84,85,86,87,88,89,90,91,92,93,94,95,96,97,98,99,100,101,102,103,104,105,106,107,108,109,110,111,112,113,114,115,116,117,118,119,120,121,122,123,124,125,126,127,128,129,130,131,132,133,134,135,136,137,138,139,140,141,142,143,144,145,146,147,148,149,150,151,152,153,154,155,156,157,158,159,160,161,162,163
0.0,0.3756152868813816,0.2918201983823963,0.3681110284871154,0.3276852982133718,0.33396594766748505,0.376879276199655,0.35307019916048427,0.45926052241376203,0.31744107954934586,0.421063953277792,0.35356411223136747,0.4604197553447029,0.3682069776679684,0.39609470289136745,0.3661750320218263,0.3869253661434925,0.5462075761349438,0.3636246622845361,0.5037263435825629,0.3921902864729593,0.37049426703800553,0.3538977103223112,0.41428744316086813,0.4521657971513017,0.3715491916935767,0.3406296034652895,0.3655237403545719,0.29755348592207065,0.349143396499327,0.4315475257213242,0.395264590106987,0.36275524899860345,0.3756325495061266,0.4679284593105357,0.36895637335618336,0.48376775898961666,0.42704852247518954,0.34189817232908737,0.46869210783447596,0.36241073459823697,0.4031261619541045,0.40150689482010304,0.434812152701378,0.4162203364375353,0.4929041360111114,0.3337829408728081,0.37979192938048256,0.4612129028400569,0.43246435041791453,0.4504054710734702,0.3820802005883694,0.37443420304617864,0.3534990461873722,0.36269832243608463,0.4040086444583793,0.529811219864231,0.3582060401403012,0.3997512213561218,0.41972800097388785,0.34800098214306,0.3317230415450328,0.3879036957735531,0.3194579549171195,0.4174870362580724,0.47973182765314,0.46939069598653815,0.39751938789587926,0.3535056005977145,0.40256558151208177,0.5058568190195395,0.40720090242164503,0.4439701234457919,0.423483054629315,0.38859097387317304,0.4567993952265779,0.3341017262683434,0.33981446144238014,0.424369395472072,0.32910910483494965,0.373001067027783,0.4428801064681398,0.38774648241414994,0.37517473832720155,0.4437367236004262,0.4648376418131362,0.40866855889188614,0.4387532014278871,0.4144008231809997,0.45666105236742366,0.4595102550471815,0.4031235883860755,0.3896872028121573,0.49083535593349104,0.42128691998258877,0.36053514495899797,0.29920558568595107,0.35208674283795666,0.3420594474784704,0.46224408851928594,0.41560746781134866,0.3417206197971606,0.39351158457543184,0.3043225080049175,0.43612698322446325,0.3831369258939861,0.35435371817261657,0.38265848280438464,0.4221929241482942,0.3923009702580392,0.40847314925562606,0.48264218480826165,0.43760055397742575,0.3569433826024395,0.4731221915432642,0.4217403904594106,0.4311350983059783,0.3464055618683196,0.3207234823883552,0.3344339999995316,0.4043407040278905,0.31854079969530175,0.4323987057533059,0.47387424787548027,0.39112794515719534,0.3538058181909392,0.32740757747341376,0.3402096569386858,0.32904137772462494,0.4182430845713533,0.3426733863298221,0.3257449638029373,0.3749602004730375,0.4459378811981814,0.3931146535936224,0.38744132297527717,0.43149385323418404,0.44977184141429366,0.3843667470135562,0.4676790639834221,0.3497535670579927,0.36561381269118676,0.43627039890521185,0.3433205398132871,0.4554969945713839,0.4777936852195918,0.3757300507480529,0.338770980228726,0.37536979070972515,0.2670086356964411,0.5738922957046305,0.37938502622578124,0.4206620223420813,0.30306888861012243,0.4125181426046292,0.5038312098188755,0.372928240702779,0.3894968260868678,0.4231990583134913,0.3940835655484853,0.3297752539511575,0.4965659361949953,0.32621589843186455,0.5855784179354353
0.3756152868813816,0.0,0.371144632301728,0.3765959240710549,0.30652343729666787,0.4316018667545928,0.3683979584870493,0.40089987349897377,0.35064379640396537,0.43658188284606475,0.41161325373093366,0.419277497136337,0.3749804538848794,0.40830781547845224,0.3754605767568619,0.36364322425758794,0.38393428705251864,0.374586930948987,0.3847409462438302,0.38053373542361113,0.4015598161580388,0.487836249101379,0.33482128708060444,0.37317588726171647,0.45107986832242786,0.30660588494158736,0.31874842163895795,0.3449776491908138,0.41406345652263893,0.30650496643325115,0.4089574146175398,0.40298951063380817,0.42476803922635287,0.3445534066183097,0.3810362146198292,0.41037180606670787,0.36447864236435273,0.378209570510033,0.3967526155592713,0.39570333279966013,0.40244558982533307,0.4447070807687091,0.3096004457780659,0.37373044031236097,0.4483274005885752,0.3560561447129936,0.33283152717587067,0.34577414156563735,0.3777372363166713,0.3634815350202553,0.3789297300915487,0.3422801569973215,0.4119322623767443,0.48953037328020405,0.41500271869056854,0.40218604468902003,0.36811853343805684,0.37274769289001847,0.41824991652557053,0.39114683400427624,0.39577381378889925,0.29290322725580087,0.34211635475117924,0.3265356582065839,0.3485443944287098,0.37423815946815386,0.39112894017898636,0.3352660469017641,0.3487668227837799,0.39052420772231883,0.3576700464146773,0.34682944281893424,0.3515339155823233,0.39773269868442024,0.4459059826472513,0.35510959964607824,0.32540978696915135,0.384104521035754,0.3329132633886345,0.2779952593887018,0.36281899140749385,0.359558887950367,0.4178970429926613,0.3430014694883435,0.35756207711109705,0.43837686321112085,0.3404624297776602,0.31994797059943547,0.3326941070458071,0.41540517339610855,0.3420746799816311,0.397582122368526,0.3871067853850425,0.37767611713543753,0.39630857773586514,0.4465469925723886,0.3413706046166159,0.38968764081846796,0.29976125494750383,0.38683509233372354,0.35949959048643987,0.32928503835054723,0.3028762238279767,0.3493796685265089,0.3505980731694743,0.3218106471543023,0.3532464553653938,0.4377537802639017,0.4029119918835303,0.4651738448617551,0.405327933301571,0.3361004778379126,0.3677828426781573,0.3395332899680808,0.3811109940880687,0.3996337249816976,0.3825780288094611,0.3087749960575276,0.3928691187905176,0.3210796560809733,0.3229427674675539,0.2935964270553987,0.3625623071576027,0.40433644367827,0.3151489014206775,0.4388626370570905,0.33143135664540424,0.38597205752253283,0.4497155761669161,0.35512832770518715,0.3906944197215907,0.34422635620434733,0.29511751033200706,0.4035559947137441,0.4004467592801439,0.33414231967841523,0.35383295246527263,0.36897260616614885,0.3937523773527856,0.3561613053462767,0.3704067812651653,0.44594915841494676,0.44517869503752344,0.380839236797064,0.4280830036819226,0.3542201411909114,0.36970100235635045,0.3721430149660917,0.4536205569890319,0.3202204956548738,0.33642793949504585,0.43441823418256487,0.36078410372071357,0.39158943407225566,0.4118474238573515,0.40057488323296087,0.3282619809452709,0.3819221266796401,0.33436568571928216,0.3110103322912768,0.3737164533869289,0.38531756668684547,0.3109562824352031,0.3639633732410363
0.2918201983823963,0.371144632301728,0.0,0.31730967575483593,0.293296450987075,0.39631406462494934,0.2852326092286899,0.36468345809362496,0.2837978283129997,0.40079980456973746,0.3761801017878985,0.3852941251160507,0.3572524905281399,0.2729060311939058,0.31309802693194416,0.42246311234841705,0.37877714987379657,0.30598944540011347,0.30077134769747826,0.2821419973978538,0.4149673666125632,0.4377554013800117,0.25702003229498604,0.33035601981968876,0.33747021579497954,0.3489767632389381,0.2786319964313442,0.29057569593289756,0.3160387648104649,0.30506295175876325,0.2939543229387616,0.3673135111742966,0.3169413100964364,0.2798614824051697,0.25721187064021894,0.32900054486263125,0.32166409106020794,0.32089593238040204,0.3315670635709501,0.33304215896919737,0.336410535945391,0.3759718275734298,0.31075481945845107,0.3240510641523234,0.3398693285075945,0.32685735668253324,0.3323657399149131,0.35123979460957466,0.2962985073807138,0.3105626995658399,0.3405849892036299,0.3598402518259683,0.26993788020443726,0.37243310028373455,0.3416541247371818,0.3105201530185572,0.3067418327018035,0.38849450102768157,0.308799243144836,0.29617870153408565,0.3247057193127239,0.28314834318090265,0.3774038099098337,0.27040849563206015,0.276577202079482,0.3228661102346058,0.31042677349063746,0.35506937393655014,0.33771407269358644,0.33199472789638834,0.3463913343767059,0.253983574916306,0.3024926643694244,0.42168090899998056,0.4027790026239909,0.2541007925670981,0.35028239361443025,0.343802031644874,0.29634664512368003,0.2600103517852644,0.37783361386905706,0.3067787164432288,0.36952549950816516,0.33215572604193716,0.30234034046066866,0.3748979783305385,0.28764688745660727,0.26140978503598905,0.2979600109988828,0.3062113687069397,0.3201112603290746,0.2677077787256144,0.31564858073119423,0.26823857720815436,0.30289279290484117,0.3465612702902809,0.29285064332946337,0.3280958785774314,0.24005398918586787,0.3213880622892207,0.2513258923455347,0.3205348147556146,0.2661459079614568,0.33436016430909365,0.296008340920834,0.3730615161969729,0.3455454212886596,0.3250021681393437,0.33037362157965067,0.3826828653248436,0.33464439716961464,0.28163166357028746,0.30676262085160894,0.29383870638158427,0.296990391924498,0.3542856924251726,0.28772417715567095,0.3211922482170334,0.3839885625433916,0.2820359433122019,0.30013598196018076,0.27585147937023735,0.272412859930143,0.3542574124693776,0.23148590401569882,0.40264971251867154,0.29081334174052104,0.3493635747381446,0.3875042527901781,0.3113021439645006,0.3244488146163281,0.45584135787994784,0.2436170336231433,0.2801486098629713,0.33315063792979877,0.2771755385404121,0.29039337657320624,0.27700565993665505,0.32209946624237645,0.3026701472018672,0.28467446345260305,0.32352230148182154,0.296005542500827,0.3217679328864074,0.34341032268234256,0.27699832971323657,0.3837668107190399,0.36142632126737695,0.38649759155297864,0.2961538553999539,0.26573909110581784,0.28001839636369397,0.29840734970695754,0.39056875939518243,0.38235786678968386,0.3129563317818688,0.29740409767457826,0.40722002365195253,0.2273196463674835,0.2841460925464999,0.356196232584203,0.2516970758296177,0.291860028868501,0.31409881561664504
0.3681110284871154,0.3765959240710549,0.31730967575483593,0.0,0.2918743803926388,0.3526391570183748,0.37844039170975113,0.38843853296026887,0.33768922079515673,0.339176090486873,0.35443802256842355,0.35048896253211376,0.3812687725099781,0.3643263576236008,0.4070115284220996,0.3348129163005138,0.39908398284079033,0.4191599715400912,0.37397618222971163,0.34507956345882135,0.39112726703806094,0.3352141041397465,0.3481686712933446,0.31745097666155403,0.3665339808807411,0.34218464800633697,0.379164508191328,0.3784855833728211,0.29328681793992073,0.3038781682229106,0.3724264312264814,0.36610042536304205,0.5167968816792355,0.37347526557761274,0.34279167786955295,0.3588805988574169,0.3482046608739849,0.3897193100219465,0.34751147679327465,0.4319947058604962,0.3861687658273971,0.39439492745648075,0.3358256918403627,0.34668057714614137,0.39058128001514947,0.44021550542540944,0.2813210880366697,0.2848174587115842,0.35082256958948754,0.37950054323337745,0.49005306650423447,0.38097692662614785,0.4122473812110349,0.43826344265244,0.35482699374352433,0.33269651435850706,0.42635142562636064,0.3840440372979121,0.40860473769254235,0.4357105849609473,0.4083193187939148,0.3406154833007201,0.40950414567016136,0.2782534541794239,0.3910297374298212,0.45107685281629334,0.44935951640799005,0.31989562649425124,0.37481161391545137,0.4042946135211454,0.35558481927602054,0.3326497965044265,0.37544654002602434,0.528713784083965,0.4557636690112162,0.3349902304108759,0.395504665340916,0.3544277377763001,0.3858295163105556,0.27473932990449906,0.3484099996927049,0.42316088095643206,0.3411510883209805,0.35664382677707707,0.4218276535974564,0.39444948834400156,0.36963410070929453,0.4027815300356187,0.4047783696750223,0.36047014145843825,0.38622757273658304,0.3929898638263176,0.33792926853726807,0.36811669060682606,0.4124803873889475,0.31834487424824637,0.33232854645937077,0.3624602119825527,0.29291840386722134,0.4554464666807079,0.33148460943615493,0.3748222320752363,0.40474905496113683,0.3203681487341182,0.4007404315300837,0.3629419437345331,0.416900422884052,0.34570093213397196,0.4073946208778025,0.3202111519377108,0.4043175647987333,0.35543696844419614,0.4212545374498919,0.4254808883804182,0.40374966914177374,0.3828611668515914,0.4101387998370133,0.2709327712689573,0.3450706138482655,0.351695407656753,0.315192619737558,0.3822186916649265,0.31716456014740996,0.41483814328596863,0.2797324628921528,0.3495323715695201,0.3764782761301301,0.33377826096791774,0.35131257581741876,0.38387053605544885,0.34187424625239377,0.3794311308052888,0.3437443177620383,0.3748216227205613,0.32791028214879764,0.2964326470682826,0.2718860508318561,0.3651985459203962,0.3453163923047483,0.3985132226524508,0.41580972349500583,0.33673727221086663,0.46791191597776194,0.3653057709542606,0.3451326023703999,0.3560884180957108,0.34459167841392235,0.37494155293966647,0.3085803684802692,0.26842931202172327,0.3855386989443325,0.4106011832305648,0.3768403088734106,0.3103671245939558,0.41649686951077297,0.3966436498806379,0.3380446432434912,0.3794713387475788,0.38352879349721214,0.35355785728283784,0.372149829967338,0.3481272205156468,0.35691509436690066,0.3597465143764332
0.3276852982133718,0.30652343729666787,0.293296450987075,0.2918743803926388,0.0,0.27717545979969294,0.3813774239220679,0.2791330677518864,0.308044484803822,0.2788624695554857,0.3130675598304863,0.2903039367207009,0.2924623113955764,0.29644709342697206,0.4052609024504964,0.31253528165895833,0.32202082401116255,0.3477306635950563,0.2760765013883477,0.2980674665114814,0.36040576768008675,0.3317993779053027,0.31099576046659844,0.3476753290975045,0.2961637166761688,0.30923466018445966,0.2819771543278978,0.2538490742428625,0.2634210390691883,0.355839651408241,0.35588915882531724,0.2870953128059763,0.32718890236206954,0.26178148066470697,0.362591175048174,0.3321246626690655,0.3212561267526731,0.32835098228013226,0.3342018844112781,0.33344144677499976,0.3674894842696009,0.3436845542768516,0.3705409195933887,0.4035584217796021,0.289577453955862,0.32115440122362704,0.3897290838167918,0.34362659550794467,0.3461876855242076,0.37002394200432703,0.37035120937901816,0.3089972476990028,0.31847093733164644,0.30650188661563305,0.29977226080400915,0.2868121793620228,0.3106234599168021,0.3488811527772909,0.3308960061509562,0.3120907463676749,0.24531709645006047,0.28595046277090974,0.32015845120973185,0.29244084428877926,0.3479637330785783,0.2771758370298802,0.2821085702141108,0.34141349696489903,0.30250452407555756,0.3150991398509514,0.3447462060977829,0.3225934151327851,0.261450363865598,0.33142097063340725,0.29136183043297764,0.2775028283916139,0.29662256432846423,0.4302728185102988,0.29915400756213145,0.276522331126045,0.331775528036659,0.3304296168389497,0.3888881432511376,0.2630228183753279,0.30069425072047984,0.31245948089338355,0.28052939359064316,0.32209121366600674,0.2796710512115492,0.28138889277274515,0.42355763471676205,0.3564863167736656,0.38880933752127533,0.2684288649076476,0.3162335015622452,0.2946558218864734,0.2490535785610532,0.28051116625430106,0.29176621212891013,0.2824026527618347,0.2978065712119451,0.27454513135249303,0.30808534085721645,0.27945686687420956,0.30682150823466336,0.3238010650920086,0.2907061334372145,0.3015287945770497,0.3992532631467688,0.3057950672089142,0.3150630358791053,0.33322568229292027,0.27554273746064833,0.29823390427851004,0.3081258724059851,0.30434782872726784,0.2933889138841612,0.2935000384423534,0.2692519137127113,0.27067865447775663,0.4317105929259298,0.2773724281304926,0.26237540361818157,0.3929538158736945,0.29372044601526404,0.2958826160404623,0.27409271529777735,0.32747949170505364,0.27054701835523287,0.34574967230838655,0.2953914972841647,0.30790911794418513,0.23556495693864044,0.2980122442123633,0.29245670564711046,0.36397113297900485,0.3168877540452089,0.4063388490277289,0.30221236817984853,0.3884414016608238,0.2828055816047271,0.314301964973417,0.3321052143901942,0.3085611616640207,0.3503107959975182,0.3203456712816863,0.3907819540896471,0.34810285608753616,0.2878274604842263,0.238130342051682,0.2971071538908923,0.3254946831023285,0.3240793082049152,0.3469866421127571,0.341067769077208,0.33291998622476116,0.2610952710052063,0.3657227082673605,0.2896753979424654,0.2757593533282671,0.3013695480892151,0.30170800174732176,0.2972364328616881,0.3708082204898079
0.33396594766748505,0.4316018667545928,0.39631406462494934,0.3526391570183748,0.27717545979969294,0.0,0.31105592319213377,0.37780039030404367,0.306599762806437,0.3415146699505368,0.42477137344199334,0.39819172818254517,0.431749192942717,0.2988049768723662,0.33210467165905816,0.4155767176102067,0.3953424898043084,0.2864409971983173,0.3345724663371142,0.3246289280686761,0.4056532342756411,0.41629394749862697,0.252623215652275,0.3238202208494951,0.3838953516133658,0.31782812196193666,0.2808882007415802,0.3195307752881292,0.3174562791463755,0.3016036302561989,0.34350695085789656,0.4231525323573798,0.38184468671343386,0.3120818226740591,0.30322178408812556,0.33625555194227613,0.376089236806956,0.31940868711064807,0.3468048940182638,0.3193276769164593,0.3428367720242657,0.41197811868705364,0.30770318613303954,0.39825305208298467,0.35114260111702916,0.3189558249409433,0.2968091459671578,0.3612366370540609,0.28425701898139094,0.32363720030595416,0.36172026885725506,0.3711819204490373,0.2966834688433819,0.42674847906789837,0.3402611967621782,0.38131107053302465,0.3139782997737513,0.45057170322656886,0.29284070540224516,0.30283755678437074,0.4288144009315264,0.3047055822081253,0.38243671118548417,0.2572935673245492,0.2877499513149114,0.339849973097335,0.36761347912638354,0.3604587685003451,0.2998912262255643,0.3471043014748666,0.35428253252891195,0.2613060360665735,0.34781197532085967,0.3952439682918746,0.45191684957581996,0.29073238039479626,0.3601730589233741,0.34020966697340876,0.2927164455158677,0.33419207836615483,0.4322244275257041,0.31777719569401325,0.3698449536948951,0.3623205775522329,0.32394008573662825,0.3481326923898316,0.3636251278827231,0.2780121477529063,0.32827139309815806,0.3575317369117268,0.3432198285796562,0.34001933127340045,0.34035735426689234,0.3044033766587636,0.3055847549986044,0.40741007330614937,0.30935274686820907,0.3638924479855031,0.24842434058349874,0.35039924531938094,0.2956272417076416,0.32156276742438666,0.28801316906012303,0.2859756246163818,0.3139877866436616,0.3698156962394164,0.38449844138729344,0.3746775760488848,0.32545446149946955,0.4364937419555997,0.38986860650362504,0.2833655445988598,0.4267672406104646,0.3383053033966232,0.3132142344459529,0.3864842236955379,0.3292949158295196,0.265576156675098,0.4713126199291306,0.3017382383776286,0.2926299489618151,0.3027918885970355,0.3332954948705069,0.3753920786995672,0.28234284077885463,0.3933015170391306,0.3281797769471592,0.35451219161594594,0.3732201710109169,0.2870204262882249,0.3605139022350672,0.44923957466470554,0.2976446791138313,0.33222620960578514,0.36285080503312456,0.29678524524168676,0.3329101276937728,0.288536325387129,0.3031653097142479,0.30763660366541157,0.3390128320941465,0.39320635258326636,0.3244944907001776,0.3252349425873214,0.38158426299596976,0.3051431907552575,0.37238075264388965,0.39528951098419507,0.3356010302953598,0.30189916202214967,0.30257547648523536,0.32552350008478165,0.2906392655027592,0.3430206704386005,0.4241434407889502,0.35521047145376394,0.32473370508338334,0.45259090236136273,0.2842449889217322,0.32488529031931246,0.3246755375063243,0.31900844851070576,0.2828683606438026,0.3417462885990095
0.376879276199655,0.3683979584870493,0.2852326092286899,0.37844039170975113,0.3813774239220679,0.31105592319213377,0.0,0.3008782322155407,0.33235829867374167,0.32357971698724425,0.380005781652762,0.39051910588904104,0.3531582697355569,0.3443012691835255,0.45603048151732045,0.3214132338437891,0.3606288215661614,0.40671919565933096,0.3847505765394447,0.3161546420000669,0.3581556893625994,0.36951598398301133,0.449224748757556,0.38646310436772,0.36538381483010046,0.3083686925451203,0.3577794053420521,0.3348600598675516,0.336674849372465,0.4137016397546817,0.37084585779652224,0.36381484382914525,0.41808590487872294,0.3506215174584387,0.3421948379075856,0.3228413490071742,0.38916988613896714,0.3492931448848795,0.3654806935225084,0.43200154033265165,0.40464191942186956,0.39465874576325644,0.3766299492017908,0.3857300884599396,0.33527305138747043,0.37310390352639855,0.35152782236874325,0.3028246026211001,0.5145249756850093,0.3450624629983803,0.44237531884339026,0.32299621388356164,0.3602082351477985,0.37491463211534626,0.3951750401435395,0.3326076512342203,0.3761198626745008,0.35833121001182017,0.4046565037484347,0.3602863824069326,0.2791666478448499,0.29474632246474985,0.3293486216630929,0.29919369415034797,0.33289656557421676,0.29876299608077145,0.3290478537594302,0.3585403258139603,0.32363002840142424,0.3412750870929481,0.36883398054886923,0.33051361056014683,0.27683394157624114,0.3978867715612144,0.3061562341268361,0.3670292268835944,0.3989225199591438,0.414134036765485,0.31722421115385463,0.2913171252177752,0.3487015047545998,0.35479333668951435,0.41361598506305436,0.2777820328921504,0.3190423848497872,0.34650465796635305,0.2985951628101676,0.3680392815673035,0.3482478532424691,0.3220508173834507,0.4131476032735337,0.43037320661679856,0.4362174811907232,0.34756366103759656,0.3553130715563942,0.36008697060609385,0.2701502282048116,0.3313449198961649,0.3052270363060816,0.3326958189109806,0.34382070715325375,0.32268043489104986,0.32984465443321526,0.3116855096989206,0.3233047145549546,0.33395295183947715,0.3041477870014922,0.33719220942206624,0.4474932264760811,0.34340358172718644,0.4478124711685289,0.3394244195015893,0.2967711704725787,0.3250170433208991,0.3384495336181656,0.35163273376963267,0.3625321884063946,0.3523768891244025,0.30018678989551856,0.29499746133313676,0.3521946761550702,0.29025733670641274,0.28490854505103036,0.4768997866478283,0.2930034991549261,0.3792057261412423,0.2805685792474947,0.3633939846287336,0.2937751880387063,0.3683740384652185,0.3196187380522442,0.30145103049887495,0.2801142324185428,0.3203429733052817,0.27841908284855904,0.35103368780606004,0.3476342965140719,0.3897631599558525,0.3369803842158669,0.42083517780113944,0.34808848649794144,0.33697013351885124,0.3925494811787268,0.3226615512471675,0.37251305204587815,0.36715215788261485,0.37336305302575595,0.40441425557139293,0.3100234383700037,0.252626277635532,0.3325427948299025,0.42976391087684873,0.369159951594198,0.3541556604065196,0.3954129226110159,0.37197346059760034,0.36792773358311165,0.3852183362549998,0.381134377667719,0.3708698012275098,0.34060972901437914,0.34835627794457225,0.3214293396265857,0.39183315210248754
0.35307019916048427,0.40089987349897377,0.36468345809362496,0.38843853296026887,0.2791330677518864,0.37780039030404367,0.3008782322155407,0.0,0.3718131250556131,0.37090117594966177,0.35714816227891466,0.3582052833439058,0.42318506257966065,0.34053627402064357,0.34914448146756993,0.3993696104164588,0.405256564604943,0.3735014216213136,0.34118930917083007,0.3624732451320751,0.403680705303802,0.344782747894221,0.3142698764113901,0.29985137232850007,0.39787564715163953,0.33418042545909576,0.3876904931536717,0.3699087842318571,0.26930349245445706,0.3130762292142567,0.4353449994276629,0.411838885077187,0.3886197538206029,0.3630436148999961,0.3419380678545411,0.41068053861745035,0.3695803311889481,0.41559120640579017,0.3465935943742888,0.3671235424329075,0.35770118398778866,0.40470980338639345,0.35839385402844826,0.3324048903308799,0.5111163069445978,0.39757998295345576,0.313700659001336,0.307150437374398,0.341872529454341,0.3666947114756205,0.36567954999636565,0.3292901567085785,0.33845096801330404,0.3638177603028422,0.3521434336054086,0.358910519230826,0.35034412711289353,0.4608859527647112,0.3939258613431371,0.36508056196866007,0.48029004417462284,0.31704597725809514,0.3948440334429359,0.3319340084733233,0.32156699208952205,0.3830828504216926,0.40647346210730817,0.3216076932259369,0.42884726612496765,0.527619120884866,0.34619704505568605,0.332607927409757,0.3809242337520884,0.4353843183758067,0.540520860027439,0.3256746527015394,0.389916970144293,0.33677093449631096,0.40938808405379623,0.251518792167059,0.3522143926055397,0.3558839985425023,0.35877524827634416,0.4215924331251379,0.41241377766866777,0.4494946313561752,0.47442045221447143,0.3521926880558513,0.4337767127332462,0.37670109298238574,0.34694008225452017,0.36955972185459474,0.33904881369668416,0.3156080833368035,0.3824297652533684,0.3448522043839146,0.3734340519204674,0.42434099924762675,0.2855932158772336,0.4457538320407817,0.31529679056980126,0.4596273323904326,0.3506301623550508,0.3373689554299815,0.4230210378721891,0.4019592016187168,0.42709415121502337,0.43372354472383445,0.3820109254730369,0.34684255214886633,0.34216486608124136,0.35253341333115135,0.3949394028250584,0.4169042576634353,0.3766542295643452,0.3802020810125975,0.3992984125364747,0.2863189297423783,0.3378166718039111,0.34927151665499273,0.3049656299113227,0.41972538313611246,0.31816834447228975,0.3536206822554914,0.27798405667685994,0.34150313632121904,0.33706134653668895,0.4200587563121181,0.39643322572462486,0.35782412143947373,0.44140470754855726,0.38754667002681265,0.3358594141068987,0.33006334566931267,0.3596021728487827,0.28059176859230367,0.31407285954547015,0.33407879273540453,0.39302788276771544,0.3752050032323363,0.35818001895988044,0.3687802211855931,0.3905848228004103,0.3915943884691472,0.3962770531943054,0.37008202211820196,0.3604993757759336,0.38334385427346634,0.3898877236473037,0.3157839233020775,0.3719038188012428,0.383818523450629,0.34556103771569335,0.3543250805817232,0.47289357087093464,0.4067640393809828,0.29601213981630803,0.3931964000625608,0.28035561359365724,0.31500550003259525,0.3770967535336574,0.3290397617365031,0.3442169784205244,0.3185795347443067
0.45926052241376203,0.35064379640396537,0.2837978283129997,0.33768922079515673,0.308044484803822,0.306599762806437,0.33235829867374167,0.3718131250556131,0.0,0.29684840000783924,0.2982029342555614,0.30194207770980497,0.3310316977916104,0.4237171642424623,0.3673882365892094,0.3008450261381621,0.3098529672702654,0.43983911971872747,0.2962262716064382,0.3943800671515088,0.33144062606035696,0.3768534449238068,0.29150819760191743,0.298776500919158,0.33329109960796865,0.34000163002873257,0.3424032721138149,0.30527636472629827,0.25360810980869813,0.33029135001005017,0.45306392066396406,0.3441820280248576,0.3663541716177179,0.3090938960596,0.41011753948871627,0.3614430819134584,0.3386097838604633,0.43574392067887974,0.3285511364902188,0.34449970920579726,0.33160332513664276,0.3998723040577459,0.3509747982910294,0.35315819274432614,0.387654055849076,0.38302266779702615,0.32395124707377904,0.29215400814919246,0.34236100775205985,0.40099450179221785,0.36668698257372484,0.3398949253005966,0.3993812251911512,0.32682657283238453,0.3143734554244406,0.4109366641902997,0.3897360180404461,0.31748177374301895,0.38646987860299664,0.3463999587184951,0.3126268211455488,0.3823316741759119,0.35396347461481903,0.3504477617847123,0.4517815593724056,0.39981527435215436,0.44910433885122514,0.3905283653671993,0.36046347704055387,0.3723974961907617,0.4953249312590746,0.4315472770292524,0.4296686596229101,0.3474434049856043,0.37686252807328047,0.38193137807924454,0.30227291481419855,0.29855429851409626,0.40852030687105184,0.2784063540094781,0.3361502536636148,0.5286908600610274,0.3941125107901348,0.33462915523981407,0.4183794526723489,0.446561436330804,0.37014942212035606,0.46350597429667245,0.38283679187143527,0.5206309286140826,0.39841818210415897,0.4845481849640271,0.3337940637819135,0.36059032202230995,0.4930481101826388,0.36429490499683653,0.3915212046155366,0.3668625812630521,0.4405161363934962,0.39291240495425783,0.3931325851265636,0.29977806567023035,0.412939402153944,0.3032906907449332,0.4910360760562985,0.36204477245918576,0.30951788215009246,0.32733041111644384,0.3578668670959983,0.28740131503574656,0.30426083679883137,0.47576022878784013,0.3975880340333454,0.4099024105988641,0.4011501369647703,0.34988555632377877,0.3681061229474593,0.2891056230469431,0.2632854144268389,0.3905806757275005,0.38885403630434123,0.36198381906919597,0.34835701651910217,0.3790302889667657,0.4727989693873087,0.29778557501294106,0.36526908552014237,0.3271422646957293,0.29540221644232434,0.4344610416212167,0.4338313680833683,0.34440225612389214,0.34522310015939744,0.5010333472831473,0.3390497563539461,0.37541225794658506,0.3304056556286818,0.3799661145979139,0.36736056683682977,0.4030394711905582,0.37408463318108365,0.35765104784385165,0.4374580888983844,0.43439135173002863,0.38685738241173123,0.4403544106043667,0.44142881283243013,0.3264506445995605,0.34427692476259136,0.26624199195324794,0.44799826731639447,0.3732828091512658,0.3283008868071053,0.317060861166255,0.3485735213737244,0.4396482668022002,0.2872615589493724,0.33221338904227715,0.38605867377564534,0.33682696141208773,0.32773125372154105,0.42652309362015595,0.4077516977552172,0.4000412957188017
0.31744107954934586,0.43658188284606475,0.40079980456973746,0.339176090486873,0.2788624695554857,0.3415146699505368,0.32357971698724425,0.37090117594966177,0.29684840000783924,0.0,0.3322029220238556,0.34663026168691174,0.354802080882813,0.32853804925836383,0.31444446205979115,0.3539786546436502,0.3560774800132211,0.3644857099692856,0.31309211764779965,0.29858013270610756,0.3246477149725776,0.3328609923829442,0.33749788141981524,0.2907057963913243,0.4502583936423886,0.2855220395126127,0.33271618015596605,0.3309611926009102,0.4260634616590269,0.2956539082248233,0.3627598512120425,0.3725804159556348,0.3032092431353428,0.3151696176630833,0.30815995740550145,0.3199431203147827,0.3372610075110087,0.3289928161476329,0.2976441514349896,0.3427454750151901,0.2945382559361172,0.375642642320487,0.29850537753481066,0.3005265717503465,0.3556314520537524,0.3248997626237998,0.289764246935352,0.3048391335576181,0.3647418676234801,0.274798632888724,0.3130966839111215,0.27790304296980617,0.2989969675962644,0.3453648705425074,0.36855973906833317,0.35196201052664794,0.2952596571838106,0.33224916248439834,0.37024606377547253,0.3033103012117903,0.3484648236784119,0.2688722131303272,0.2840693683163062,0.2838790905417877,0.28426129533572886,0.3100277059735418,0.32890732759594016,0.3012192451560283,0.3523943794129403,0.39668051745649535,0.2845849853836049,0.3153819181474337,0.2935772095742701,0.3606854844479206,0.38085993305620347,0.3278672844864119,0.31040121512232366,0.3620022158664795,0.29562840232364024,0.2794592147273753,0.3588294007257545,0.2894319890636606,0.3681301516184427,0.3405078296358015,0.31880819189579385,0.3405290376414005,0.3260521843245389,0.3137150191258276,0.3714656556359412,0.31346807275266886,0.3017241773730488,0.31580296342557196,0.3263594065435563,0.28164219833549864,0.32556889917534115,0.3759612017689965,0.25792176029774727,0.35159768539407943,0.26701916610240173,0.3694110268144711,0.3142952888070198,0.3295434544685689,0.2965407188084104,0.38937868641743734,0.2893241646548575,0.30485828766089107,0.32649203633812235,0.45228040796991903,0.3438431154123939,0.35460918640504224,0.31685588060068665,0.2873497302933689,0.33098484101993597,0.37198238077679857,0.3103332532678247,0.3438420104091116,0.36817285326189403,0.352794814026154,0.3437496876851284,0.3257398721940231,0.26833523384400676,0.29766186049750254,0.2742774804140384,0.3520497918375328,0.26039728222723074,0.427266631325371,0.2929439591053811,0.3158699479064762,0.4117817825842244,0.31974153924117893,0.4125772942958681,0.31207037744124344,0.2892968529291835,0.28144761653311484,0.30556061706772963,0.27328226282951273,0.3123781345273881,0.31346164909562474,0.35667377736523387,0.33654087021084145,0.3306455407015643,0.36256141872216346,0.3433794367834206,0.29520719323371786,0.356312156264893,0.3272884150961468,0.27723672158307716,0.42014703661062863,0.4829004744937909,0.30730846734181183,0.28668740631818834,0.3980576404602913,0.2957965747328518,0.3525358846704198,0.389771459240955,0.34255373210899753,0.27149257518765263,0.39506573702741676,0.2919865149489297,0.3199855922803003,0.43486309238718124,0.3334847597946461,0.33185393844320393,0.3007622320311754
0.421063953277792,0.41161325373093366,0.3761801017878985,0.35443802256842355,0.3130675598304863,0.42477137344199334,0.380005781652762,0.35714816227891466,0.2982029342555614,0.3322029220238556,0.0,0.46058163558953713,0.457869905347296,0.3115174566694743,0.388869460566104,0.46063752186373824,0.40560150661618655,0.37484489616882205,0.4107022523655504,0.36662190078642437,0.430022200831379,0.4415379297799339,0.31607623632344434,0.4302610355828355,0.4517514509088571,0.35706676049722086,0.31728671652567403,0.3448727858774658,0.36140101191177104,0.35615279961822127,0.37918275732222717,0.4599568938076452,0.37621632982718745,0.32957449713565695,0.3415656494191374,0.38383408484119164,0.49136263801300584,0.3605669332607305,0.44236960407883064,0.4056680484456998,0.37139957258041456,0.35279826527490926,0.3983120377423466,0.4505940202085243,0.3965599406887319,0.3728485399991123,0.29841489536595317,0.4965628615548622,0.41218965477105207,0.34633090366634506,0.4634894301221377,0.3383402635393842,0.3064617849659347,0.47367941164334093,0.48580883298034394,0.29855413850527496,0.40553407750499926,0.44252162303791964,0.3868747174455116,0.36711442426081925,0.3964696328405842,0.2731269050796884,0.40563391158388346,0.28237725108297007,0.29816274442095814,0.3602263589296808,0.37831479426080217,0.3891215406677846,0.36054171748091035,0.377710624245115,0.39769048366816045,0.3006149793739334,0.3291178421439824,0.45533230445468365,0.39015799007460883,0.3514854212805203,0.4339337290542086,0.3695612621603233,0.3304467613688684,0.30438958061995625,0.37875921655572703,0.3167916724649087,0.3974164240899131,0.3545859243889705,0.3194394374148226,0.3615912171652708,0.35977882443627185,0.3356858358666256,0.3352181174735075,0.33167506921642376,0.4012886238391025,0.30103886075404834,0.46788830169896917,0.3806827078222606,0.32110965102701206,0.39119970126960035,0.2983881165169568,0.2974536401638276,0.24872834831534296,0.3440741303590211,0.3541757194098856,0.38734820478535686,0.3007959513480538,0.3009026503767335,0.3449119719922531,0.3397254070804259,0.3550813705054056,0.3424109840054983,0.37788349447793357,0.4871403595770763,0.5033801886962204,0.31376519000326836,0.3546088433934082,0.30475549029367627,0.35551958916668025,0.35401241637648634,0.34728834744552395,0.36448463432665923,0.3896550249687686,0.26322475263626127,0.33436965315664896,0.27135280753825985,0.3193917204150504,0.4780934365669016,0.27698689032621293,0.48758707007331603,0.26033749047863175,0.4130276425452642,0.35802157662873546,0.3373083127871648,0.28859911897320595,0.37251883827425153,0.3309300116864499,0.3172854461151654,0.4349595317373636,0.32676130528473196,0.40538289257164084,0.33922587993241077,0.38156359003469886,0.3983367338543091,0.37825377937642374,0.3706875759188736,0.3243814084840473,0.3246763826172719,0.4535682630511464,0.3121522454449981,0.35494457837429766,0.3727883483922799,0.3509129554899339,0.2672742691207923,0.41575236817851907,0.36270152752824636,0.39623410592310304,0.3593489392752139,0.3957743721759161,0.4178066626836014,0.39258025131348023,0.406236297063297,0.33313071387435195,0.33610464122778577,0.3163678558057694,0.3522114758434635,0.2634224732413888,0.4451270507282833
0.35356411223136747,0.419277497136337,0.3852941251160507,0.35048896253211376,0.2903039367207009,0.39819172818254517,0.39051910588904104,0.3582052833439058,0.30194207770980497,0.34663026168691174,0.46058163558953713,0.0,0.34702503642066695,0.26635833644371476,0.36863290098606183,0.39648983424992235,0.40247193940239906,0.33739429120763154,0.47071435923406146,0.3370477946764727,0.4222449637247712,0.3999767471237965,0.31959594847275813,0.3694401986908264,0.4219921129477239,0.2985782116367275,0.32277928445608994,0.3223797754892575,0.345472469927902,0.38311109144171407,0.3686581955367492,0.4203844480303862,0.38249651370676724,0.342608595710518,0.30089496850597963,0.3636160890737602,0.36384544523686846,0.34307688015668053,0.4463752913372949,0.3712162687758176,0.3870172922314385,0.3444425372854541,0.36900890333808445,0.3733496086785856,0.36606139632005874,0.3761605903475712,0.33008937939029476,0.3586571229061655,0.3685453462695992,0.3608769373185812,0.44360607374964905,0.3548869117134201,0.31075482555198186,0.45218811777601303,0.47772930209862585,0.28157900863097596,0.4112709733413863,0.4613831913416961,0.3299197486742694,0.36709025936940815,0.3082918435992672,0.26694712813229593,0.3794886297260934,0.28137513939244996,0.29309505256495283,0.32931871278653246,0.29163312535598224,0.30214132938448973,0.3285359422352167,0.32233912026305767,0.3231883160015567,0.2739300606635662,0.2845545924828021,0.39741065935642106,0.37377974628042065,0.30528626867084835,0.34961565898953356,0.3506527483180081,0.31787296253518543,0.2517904474971338,0.30652307059087114,0.3214241790908624,0.3631056936519253,0.2837292535379969,0.3277963744928205,0.3612048673102527,0.2858155701166557,0.31997334363129004,0.3496881761626704,0.30056124323313765,0.37901315856311624,0.3327744640356202,0.4329437732195049,0.3439807795457829,0.29817009953832396,0.4093467558212028,0.2843602238429593,0.3297306953129132,0.2443579132657967,0.3291756064657119,0.28121169660294937,0.35086893297220506,0.31834246311345005,0.37990069790236053,0.32822986907327745,0.3436457214084262,0.3732843433227045,0.3246144713837587,0.3707720951751029,0.4129953447338075,0.5004224737334978,0.3183618161292688,0.291293158516096,0.30299217627942154,0.33330333316083854,0.36357153357808997,0.3361524784547351,0.3999521510573052,0.3744611486467699,0.257396253066113,0.3011802778337449,0.26829086746685643,0.28078743970667236,0.40236279902650324,0.23453216980074718,0.5016194878506508,0.26991693486171764,0.39719157313481346,0.38790736668547093,0.30437321948907864,0.3021396231370603,0.3373189899033609,0.25841850680539874,0.29712818405101293,0.3367860621706635,0.2676291986583388,0.36254643390271185,0.32181910713771067,0.34332736523311425,0.37233263750705287,0.29995141149838994,0.33060543761967537,0.3464073495136731,0.3265689989327274,0.36248916257833935,0.3452090483596392,0.3838052536549441,0.3502724834046013,0.396231979889445,0.277823049491567,0.33729790604189036,0.3605474668806733,0.38848383296147965,0.3569864015512104,0.4391481389016632,0.3134446360178693,0.3246706058215643,0.3710020980047721,0.27533511951663214,0.3098546030582259,0.2719051739878428,0.2926768704223283,0.2547643342676618,0.347015421274693
