0,1,2,3,4,5,6,7,8,9,10,11,12,13,14,15,16,17,18,19,20,21,22,23,24,25,26,27,28,29,30,31,32,33,34,35,36,37,38,39,40,41,42,43,44,45,46,47,48,49,50,51,52,53,54,55,56,57,58,59,60,61,62,63,64,65,66,67,68,69,70,71,72,73,74,75,76,77,78,79,80,81,82,83,84,85,86,87,88,89,90,91,92,93,94,95,96,97,98,99,100,101,102,103,104,105,106,107,108,109,110,111,112,113,114,115,116,117,118,119,120,121,122,123,124,125,126,127,128,129,130,131,132,133,134,135,136,137,138,139,140,141,142,143,144,145,146,147,148,149,150,151,152,153,154,155,156,157,158,159,160,161,162,163
0.0,0.2639214876494364,0.2474595081220898,0.2889277405773877,0.2918799021112434,0.27125431184340243,0.2507197179693746,0.26245205834303204,0.3358584211367519,0.24934499752516506,0.2845496790849727,0.2544668014585792,0.3664566268396015,0.2962676456289816,0.2872231011395941,0.30848979954507194,0.33868708458211433,0.5045340628256451,0.27489394665806244,0.4192674623590076,0.3378240230498923,0.2774876547501038,0.27894658291395774,0.26839636111647447,0.34809323861929853,0.26314810201853484,0.25384539296411923,0.29213701109135415,0.20305248336289128,0.27060268512034547,0.30068956912415834,0.31960991193993327,0.2631446804602343,0.2879224564731022,0.4319690427695867,0.32063154292757473,0.35169337443459353,0.35818820433064696,0.21834634287309942,0.31467641404977786,0.26903345647518256,0.31353316554514626,0.3427396351417719,0.34297163062572417,0.2971851698027675,0.38938359167694914,0.283710134385732,0.29336484335354973,0.33843647101191665,0.4355437688569746,0.3731207961185092,0.38363500367685627,0.29543467084041153,0.27149513995711294,0.27430940494739287,0.31611378929316447,0.48677861432794295,0.27296889926960316,0.2844465239539005,0.42270895904014694,0.25477418505878424,0.3123546644093624,0.3514196101544291,0.2764191957012722,0.35997182307011527,0.4050007563084488,0.2958897339945254,0.3061281706553352,0.2722563430936793,0.3014935291431033,0.42849625631991123,0.3875153461768248,0.33237962893093786,0.32566266637675273,0.3160848628511058,0.3518804357969291,0.24353264707475794,0.2606796117925775,0.29296604062374165,0.24457916892735765,0.2693047329932357,0.3709561440703243,0.2820768202805122,0.29099099441044296,0.38617000044533606,0.3431765488711855,0.27797885493842533,0.34187424218322243,0.37726283258714266,0.29159775094956814,0.4168287107042075,0.31535331209575945,0.3487284819012042,0.39429369009083703,0.35879271230483606,0.2534431612191834,0.23474082794192244,0.28767960186534286,0.29444430841525016,0.35923764384099455,0.29385067899680717,0.25317043888306673,0.3057593182300666,0.2451568226825729,0.4586221206699904,0.3543397163778038,0.33306463045156887,0.2790350525238991,0.32435714788277525,0.2896975833438532,0.3124798222735814,0.42589576359710324,0.35198385540460164,0.27900628248516995,0.37255388396913103,0.33387158652800997,0.31848357000019,0.29977581759300254,0.25543689774922745,0.313306855254487,0.35355741955537495,0.2604486046098081,0.34487086712723,0.3436214093754319,0.29640544245188777,0.2371888457941523,0.2782590975747461,0.25498415073711983,0.265921098823616,0.3468965273603701,0.2702096566245605,0.2794255877971454,0.2759027016550747,0.31198968230868873,0.27704501840979556,0.29632171009166536,0.2844731648752368,0.33854637219447264,0.26458114918119413,0.32009989169887626,0.24917353333164866,0.3146622788725296,0.3632706889974619,0.29790386837627353,0.3176772842540564,0.2915543073118168,0.28809747245803036,0.2357894732041656,0.28375742053496145,0.20900863582211077,0.38650770240894283,0.2631072245058556,0.3325378197160187,0.21881373990252703,0.30028359306567287,0.3291091072272762,0.28426331521169024,0.2948722391766907,0.29678778470245654,0.3535924638552039,0.24958424336009918,0.3523654374680368,0.24142908940588417,0.393440049946667
0.2639214876494364,0.0,0.3000253595472777,0.30505828329493473,0.25189348375482723,0.3558120202540553,0.2713668149893394,0.3135181663795024,0.2516887763772328,0.3601037740667458,0.32600632888289477,0.30877451830921415,0.28728470789842603,0.29967239630664916,0.31814080562302305,0.28426817363711965,0.2935222367988618,0.28066994217985536,0.30945975976894907,0.2935902651337517,0.3135696255029208,0.3976213217897514,0.25797830509630726,0.3023065480262413,0.3422721310387939,0.20402705753170336,0.22687714473885595,0.27082932669200155,0.35152102550753755,0.2334402367915312,0.30676477815656317,0.27505573504675246,0.34735672724938055,0.21964585781152926,0.2859757140685526,0.31484107648103327,0.2725705030884092,0.2953705452577669,0.2977840354282236,0.27765780492474734,0.3520649461130249,0.28022669662059707,0.22903348620732167,0.2918626350258887,0.29232630959978806,0.26143483046248644,0.22817758795156745,0.2774075306209717,0.2899195691944013,0.2679260471606654,0.27755421105961603,0.2621749782224105,0.31216388138068873,0.4025973249058342,0.3152513075021072,0.29771535015484946,0.29683843549232564,0.27286975118362516,0.30708266660890615,0.3262040996936646,0.3420112376333172,0.21948786809427157,0.2448463834694545,0.24445411434767694,0.25282052842489466,0.24050329576376991,0.26021592529318943,0.2480485877131001,0.23778372215642868,0.29190619731007117,0.26506371532612893,0.29502173987104136,0.21373096574005945,0.2979005441557116,0.3159443020677195,0.2508197929037219,0.24085283172857938,0.3202171279387191,0.23218731726897635,0.22748012815138105,0.29160888042822525,0.2609164093144238,0.3612901390978027,0.27482985148035893,0.2521679354264639,0.3329758791380992,0.23940090826358681,0.22449495320753532,0.25556905941773805,0.2912340428417124,0.2393415697274483,0.2674584677956286,0.3497313873041542,0.2808797167484257,0.2955687250698807,0.3719399034733469,0.26051697121761397,0.26485740015912446,0.2248876751656344,0.2632432554129387,0.32336471068180794,0.23114165203692888,0.19921744624215237,0.31268957839607103,0.25518291682334804,0.24407555166049794,0.26239286106893434,0.32236415095183246,0.293766485090539,0.36884559006644707,0.2715488832167711,0.23744142446876615,0.2521907869042924,0.25534413460825917,0.28294103793057873,0.31177729981957275,0.27817284919506213,0.24769872836507886,0.2928464453537779,0.25050189034161974,0.2779361815824796,0.2366435595026,0.24855825034325216,0.3433471970084109,0.2648620742694669,0.3656043914864959,0.2300455174614452,0.2971235174156332,0.3455950731946661,0.28369048052018614,0.2900020471927166,0.2851507907505044,0.24227043797977316,0.27145773223501735,0.3313401816616793,0.2847348634812192,0.26603658792941937,0.2664213717935251,0.2835040213215682,0.28201644456762764,0.33153472792386807,0.3168505550048009,0.3232221884524061,0.2763966774176544,0.3212573712148417,0.19388785828565036,0.2992048449429662,0.3163478918757792,0.34024244302649015,0.2478109389370517,0.24980584727429403,0.3345582709596229,0.29282335156596795,0.2953981986518523,0.31517799776820654,0.3153450268322279,0.306137448320941,0.32009267086977383,0.285032230234528,0.23089963143368278,0.30603847992467637,0.29841554497484885,0.24958510796541283,0.27906211778023926
0.2474595081220898,0.3000253595472777,0.0,0.26705986860834996,0.25258590881255305,0.29950168807841254,0.21443031868719273,0.2711834111993927,0.2094528865928054,0.36783068584720174,0.3235666367583786,0.280896268640682,0.3227739780646264,0.24357126631412596,0.24554283716651898,0.35479794482286187,0.3095132566442705,0.2630930078265197,0.22341230649619565,0.23246280349611562,0.2971222435130975,0.3694859488399612,0.21836891996374402,0.23674399088502415,0.27352213558359806,0.23891081614232518,0.22946518102742697,0.24652009035190192,0.2629394403636372,0.22390067764521873,0.2285454278091801,0.2954671829643814,0.245864338786066,0.2126968310679109,0.23898813403534233,0.31175130363997766,0.2781694404197524,0.2625111282522778,0.23281457648642515,0.24576442216987424,0.24901748152300207,0.26328442361553656,0.23984783403792087,0.26538515820028724,0.28118769576461095,0.251977626093789,0.22496411078155185,0.30726179731977576,0.24738128164399098,0.2686356450567552,0.2743323748813787,0.26105190901317155,0.20011887350746338,0.3357421328538257,0.3354194387482077,0.22945561849007926,0.23607587875135658,0.280858487790411,0.23831957046033686,0.28075970432214575,0.26687098073541105,0.22378278925487982,0.2646269991340515,0.23143552260800376,0.2086103634129546,0.23702170986927568,0.23940970606938242,0.2573525478447586,0.2648424904740218,0.25805599358841746,0.26435315549483296,0.23045929031445173,0.22604441899767935,0.3476508002595006,0.29073248137739593,0.19380192358515017,0.26478690745001293,0.27381503215621217,0.19764121959739792,0.18104495318680605,0.23136469211805044,0.23524462844986552,0.2561345902855412,0.25360609713588417,0.2289665456976742,0.27110388476172115,0.2130711203124951,0.2065665231301992,0.23899734254581642,0.2167996054366103,0.2705643362693841,0.2122153910739023,0.2966515893013772,0.20373090930552518,0.24354418644695325,0.27991269511121303,0.206966288341729,0.23938950583235238,0.1931981981262892,0.2535657196459485,0.2182603196207277,0.2443527218835819,0.19735440117456332,0.26825646777437334,0.25497708990606954,0.28368916498278424,0.2820038747683253,0.24400052231357816,0.2544498792239689,0.2944418455138316,0.2566729129116075,0.22381414988885662,0.24647774220390048,0.22323138931891875,0.2318303750769855,0.2665122416997221,0.20126660444241687,0.3035894027785703,0.30268818941375536,0.2319442610140248,0.2471694723399106,0.205804623932808,0.2083645529256914,0.25421551337424647,0.18027504533784738,0.3217263683056074,0.21813820085790817,0.2862239333152781,0.33244202252444627,0.25944417442940215,0.23700076429392805,0.3170384899907699,0.1993773582719659,0.19845834987251904,0.26633510576503877,0.20297344891208086,0.20449302710762005,0.22932762532788903,0.2510478206631665,0.22602712222958934,0.22649025870866013,0.28143798771408646,0.2429629000121562,0.26463486124552416,0.25897512382318705,0.18185398796823105,0.26178200544281044,0.24090569326513933,0.3015086268155418,0.21636332144228712,0.20277898296256952,0.19738469504554781,0.2564388657342625,0.28652735280313557,0.2575617523305097,0.2392860203116553,0.2523631962648367,0.29748140323915884,0.19481138539358492,0.23348481838590018,0.2477820661467082,0.19362912070254348,0.19045285181415794,0.23424602399768396
0.2889277405773877,0.30505828329493473,0.26705986860834996,0.0,0.26688316273346396,0.27647685002597383,0.30506533004320824,0.28673872322631255,0.25593892160002946,0.2649157190128692,0.298636481496347,0.2562224509540514,0.3343823156519212,0.3168123019702445,0.36336316884316006,0.28040608206660034,0.3024552892232198,0.31738899185947156,0.2418271297061182,0.2730439863185315,0.32109949455724973,0.30837163220209646,0.3006156002875047,0.2885786407231158,0.2947735055272816,0.2909924579185339,0.3398260211230268,0.2897416883776185,0.2328965772841031,0.2262448375772381,0.285231182015565,0.26717948106280776,0.39306276984856325,0.2806837222806388,0.30071382686091785,0.32301643218683684,0.3326361852977656,0.3053171968859254,0.2573196318253658,0.34557594128052127,0.2971951448075762,0.302245947768944,0.25138690187330776,0.298589953432446,0.326337467854891,0.33887516385932615,0.21378110689490312,0.2613087515354394,0.29421387926638265,0.30257406361823375,0.36823508652854126,0.30189633532448734,0.27999471050249325,0.37702154420468426,0.3091429471353091,0.2962832109589048,0.3159801572952605,0.2740380580223455,0.27900624268997276,0.4020784380965566,0.3314667023909132,0.27441075484476934,0.29819615391849164,0.22744201225717553,0.27838178915033746,0.30416461847653015,0.4029643298271264,0.2762596827252149,0.2487274377914077,0.29287783996410227,0.30503286559996196,0.3027675629999112,0.2668660923688065,0.4131497180519927,0.2947124919219564,0.2537301547354131,0.3333673110196357,0.3423398199162764,0.25046938468642066,0.2101037938077567,0.24576048254356989,0.34544248700248753,0.2765636481200419,0.27548084401376377,0.32637427828091053,0.31601656762444247,0.3025912691352482,0.2861447228968491,0.32981265733365794,0.31132427246959715,0.30623025729366044,0.30296423151401153,0.2957954747166976,0.2737601808019545,0.3290193397570063,0.26660321728583425,0.24460544231578993,0.27727452708507383,0.2470759495364744,0.33353310215036713,0.3121733765764942,0.26683162621450107,0.26991945621270685,0.22661041897582412,0.3192142660043474,0.3100783756364677,0.3114727151448488,0.2563927515143504,0.3323310329726075,0.2843806105250282,0.29995597738687474,0.29543497607571445,0.33496584923781775,0.31437034689300136,0.3116490954091751,0.30609140747335434,0.2657830956065449,0.22097425345362087,0.25224176347940735,0.3084574392659189,0.29454646798343975,0.29517647443481054,0.26481657764700944,0.3345994251150493,0.2345908449410686,0.2663280523370772,0.2756162691981435,0.3340912152201804,0.2826713470641002,0.35852163413497395,0.24660978232852168,0.2972345970711594,0.30090661471522695,0.2778865651238726,0.2803314878807835,0.24048697229645533,0.2050721807893811,0.326546210613291,0.2948797101527323,0.29422127415864596,0.3134862938101523,0.2849171765697832,0.36683720006761805,0.303633309083253,0.2977509420751022,0.2283724481947635,0.3011295554850979,0.26206155971903,0.23314409820859905,0.1966480323933744,0.296356233921629,0.24824007043324767,0.30388612971200185,0.2608833647394467,0.2891775475503892,0.3521376047977275,0.3399070535830466,0.3237816057914012,0.34847556830008786,0.2917363143044966,0.2873633990353674,0.2550374225301507,0.2618853570868317,0.2879193257326122
0.2918799021112434,0.25189348375482723,0.25258590881255305,0.26688316273346396,0.0,0.22740418435555143,0.30026462677743065,0.22152871729310897,0.2504118151483134,0.24657944719817548,0.28165672942651326,0.22851378778254788,0.2629567378975555,0.28732501189841697,0.2792952788492226,0.27787090951869337,0.3067392990032003,0.3051811392564643,0.20361545367125372,0.25947281122415566,0.29410313986406583,0.28753469158164346,0.2822713377637542,0.2657351562162061,0.2551287410284097,0.24027065378039736,0.252339354329902,0.2315444779782821,0.20864472914098942,0.26615938099237424,0.26656039551932903,0.2374206917261004,0.24136408375477564,0.23547168682838643,0.3747175341075941,0.3083704293646656,0.30624434723654315,0.28906637822022685,0.24285614535367606,0.2619580190390791,0.2586283995939619,0.34458643148080326,0.2655101665275538,0.3473129999082506,0.24081019860063077,0.2440407490782125,0.27130984704661776,0.29361675029661194,0.3150073193820883,0.3089081593598088,0.295444024946498,0.2588076122973485,0.2469438110914461,0.26232923855812335,0.2679839983505376,0.2639468317498931,0.25351280810684684,0.27142157163378283,0.2599592007564779,0.2871771071192328,0.21088527589772385,0.23148063001179234,0.24565472493407775,0.2844463953309845,0.2680433878658926,0.2190069987007639,0.2453746990991034,0.2713624304744624,0.23499675155811053,0.257411204380878,0.2843779155977854,0.3103387314528345,0.23828465695327497,0.28158096399277566,0.2366030505865817,0.22886603584300003,0.2613528972106876,0.3898908134697137,0.20400104304159442,0.21146540823136004,0.2470771165836801,0.26611413312321974,0.29405022800114616,0.2183229660164019,0.2601878801151275,0.25347537382387586,0.23702975779515634,0.24391556830005595,0.23828788926888989,0.24454972141859424,0.37172416281635784,0.30387965557119984,0.34559636524996196,0.2221228514951513,0.3047564260102033,0.24891858423865604,0.19401789072024417,0.25272915928624007,0.27885111635151755,0.22884252673656508,0.2756969666280962,0.21789115039934978,0.23571954870514678,0.2161974399209723,0.26912793349441755,0.2654126709588004,0.2407549415126388,0.2657599828586649,0.29361675905611717,0.27815625277876804,0.2844542090235608,0.3052578152531806,0.24417337516883658,0.27370444151641665,0.23309905734823583,0.2535002699259388,0.2236813361709608,0.2511214225923651,0.2436955006288292,0.28738757579957225,0.3882360747863461,0.2193382883419518,0.23875379130721006,0.30346231023298637,0.2533836391267022,0.21457909267980513,0.23039332308827332,0.27729587366368824,0.2419684160664881,0.2853650212833683,0.2582548918296179,0.25908111066106737,0.21364504072408136,0.25282907387878056,0.24374869697310692,0.28403842639018373,0.22948920962070038,0.31398140933384444,0.23516658991490927,0.2692033036144351,0.21647773728138178,0.3174018083639075,0.3025561267301998,0.296114679682411,0.31459840583511184,0.22613968669354678,0.302840213859518,0.23558612971273932,0.23300612387626016,0.20994645475154075,0.23449379221874486,0.23224335897812134,0.29801775561094046,0.25532763078453813,0.2542382215793416,0.2792270309788932,0.23086933700437717,0.299701778734263,0.2565109865153258,0.25257435143748824,0.23780138021232128,0.24274684138176808,0.23070290349651676,0.32170137281259226
0.27125431184340243,0.3558120202540553,0.29950168807841254,0.27647685002597383,0.22740418435555143,0.0,0.21131923843277284,0.3186931936368674,0.2782787164300894,0.27131724331390766,0.31692578239699276,0.31724488139255874,0.30535358071281193,0.22064741860035378,0.28571899244808985,0.342179371608513,0.2952667128002552,0.23105203759899973,0.32736773372459216,0.2910457302650633,0.34554350789118254,0.3236525880530251,0.19336814644858924,0.23977869644894043,0.3332170460587039,0.20162483827814254,0.20647558367607,0.25049230706149017,0.23642700008233694,0.2688270204509764,0.3144139927917546,0.36698259282920126,0.30796880894994655,0.21930630998360828,0.23999768737474392,0.2850208667791194,0.27927728536388435,0.27718353159092196,0.2755268278683135,0.21622658513253584,0.26679910122448186,0.3025235693099074,0.26686097288474686,0.3071291373255983,0.2458666562295896,0.247277165499066,0.22020270212012255,0.2849130854165136,0.22302903490779583,0.27988888185991684,0.29520778487370813,0.284827988931439,0.2523264678356927,0.34078077998986384,0.26877259459362457,0.3084075665315274,0.3004542081451704,0.3683507079661651,0.22433272029397888,0.2654182810723039,0.36131598342568955,0.2783478404509403,0.3176116297343844,0.20695037140473102,0.2519546992093646,0.2680915888570756,0.2398854163357471,0.2720167158222829,0.22444191990916104,0.2948668748845436,0.2931921552323324,0.22469114317703176,0.23572463895704926,0.2957232978385041,0.37987443029735146,0.23582834769729508,0.2577345902028147,0.25788601374376624,0.22485707624902102,0.26525180024322526,0.36061168828846263,0.282791197084541,0.31895569879238356,0.2908905266967021,0.2715732738924314,0.2817617133730753,0.29846862698789506,0.23334621307317324,0.28189102070949845,0.2591225061951728,0.25265660632486747,0.26276292239576887,0.31974173384513566,0.261526550694381,0.2482825730115536,0.33591845946511856,0.3028958865763895,0.27079481306963477,0.21542358288639593,0.24012868375999055,0.2607528221119515,0.2654744602216483,0.21615857891226326,0.25763328089604143,0.2908278708616181,0.2822001900425576,0.329657410014439,0.2821498329195682,0.23432610333860282,0.3147185196360211,0.2796745198361416,0.23306204924942134,0.30516351833242583,0.2885516070547771,0.2492968489249251,0.27157582967179006,0.28561943205246293,0.23784701421930152,0.30461541792596464,0.24729136404079982,0.24497367995420924,0.26118166996583525,0.24730954383070422,0.32386905505135466,0.25732844216282313,0.2991495845374356,0.25499101695890747,0.27047211201428717,0.2786182445893026,0.23696319442961453,0.309071683794704,0.46512228690851326,0.2431295390815975,0.2608506855118641,0.31672338375997255,0.26087353035854516,0.2543747325346782,0.2086505084981203,0.23039468486146872,0.2865126311215457,0.28983984104410054,0.33942490084999694,0.262067641594026,0.29560037458864385,0.30425703161406864,0.19371312944011104,0.33726939476570367,0.30787664920290647,0.2874859994205002,0.2547872888340322,0.26328761323216776,0.2810764051799153,0.2548735934378784,0.23710609290094325,0.33364799529864414,0.29976667691824277,0.2758847753651809,0.35261735193153526,0.21860140131898753,0.2618471856434318,0.24807920505386863,0.2773221489399191,0.2503342119752968,0.26162372765162245
0.2507197179693746,0.2713668149893394,0.21443031868719273,0.30506533004320824,0.30026462677743065,0.21131923843277284,0.0,0.2027196062156081,0.2148972850553102,0.2415075271984704,0.25219045513029154,0.22979988717320018,0.28078307427871746,0.3453806240984064,0.30791168781286987,0.2239639435409976,0.25076494146198547,0.2705883216845819,0.20834443728521201,0.22333443644461326,0.25578048839951595,0.27003282732653233,0.3392843688597324,0.28634551999222313,0.2476840255664688,0.267121641164392,0.249478308152583,0.22789348756828207,0.23193186703755603,0.22566478710207102,0.24495661078298891,0.26569334233582287,0.2902433134204587,0.26690300694962105,0.27677832211733905,0.27937721648702696,0.3065575761354149,0.23922237342352942,0.23393500002367978,0.32559946587940675,0.2798341284345088,0.28025342547174487,0.2512104274561594,0.2934939272305491,0.27707885023689993,0.25737586857430633,0.2966713888693673,0.2437678860515279,0.3973957276099077,0.27036499803422104,0.32645124726492325,0.2322635126784869,0.2416963899108523,0.28948307947926327,0.2976828337934038,0.27374604995505697,0.24159049880606898,0.21628693070829466,0.34660516511843703,0.28969377387576656,0.2170729010126875,0.250678882109336,0.21190213554748322,0.28205121434080965,0.24848617276389098,0.21645735777825745,0.3334590227381171,0.3125615602193808,0.2429293814735377,0.21698969062626933,0.2780551239480404,0.2812715151113181,0.24121198406118532,0.3240441536468117,0.1972368182468671,0.24845807826341856,0.35258414910249714,0.34993605724961047,0.1970624906572024,0.21096374676745938,0.23536615427888194,0.25636883008237427,0.27311197633920004,0.1995254698664712,0.23679273437474804,0.23669657607164143,0.21849462063046102,0.28615993351345026,0.2428633059699104,0.25319069450407533,0.2932856952119841,0.345075270715487,0.29549436640902743,0.2372043328226032,0.2939270889575916,0.26203723436691523,0.1963809519310537,0.2569832163071664,0.2692453324334857,0.29945755690038633,0.30127789189005455,0.23059389330314617,0.27468253073590687,0.21105557141516315,0.2342889777683224,0.2472038833710495,0.23205769182125296,0.23214852457500462,0.34315621879880215,0.27838693268806836,0.326988049560379,0.2602119039610129,0.2681543966824962,0.22397459989266458,0.23275208694503793,0.24196492586805515,0.2289564507439995,0.24477317414579777,0.25710625304842183,0.23860545316484003,0.2773884455971588,0.21072378773626022,0.2293374921758242,0.30921661379451193,0.23078347301274255,0.24091836396978403,0.2543188533577957,0.2938393951463001,0.2292024676026488,0.30222361804984,0.21453196342906042,0.21121860995379566,0.21221762559182203,0.22394519140344674,0.21704370245102117,0.26527305622766345,0.21903225145924748,0.30996909896185154,0.23769544441301485,0.25882521819274423,0.25437190899032797,0.2761865179939453,0.31632043368863333,0.26278624669388834,0.2873744741339563,0.2597057740757199,0.25950798823816973,0.25681982051067803,0.211059743385332,0.18067827569738007,0.2290868053354269,0.24626262689635547,0.2503806346483684,0.33901915384492015,0.24835848095447075,0.2745286020432416,0.26397408194628724,0.28152626758537463,0.3059794858968194,0.2943388096946589,0.26515958498050773,0.23532303645000252,0.23874299555845893,0.2534375215122014
0.26245205834303204,0.3135181663795024,0.2711834111993927,0.28673872322631255,0.22152871729310897,0.3186931936368674,0.2027196062156081,0.0,0.26882991055175326,0.26346609262520365,0.2945716566894854,0.28768219700426023,0.31353780909795603,0.2315996571172554,0.2695263896824718,0.33295980786790663,0.2984189490008173,0.2602703556934474,0.28953728824141656,0.2890483539403123,0.31967672861305896,0.26113772462160784,0.22107485431777427,0.23661766994344505,0.31636191453840484,0.21923131049567957,0.24834726771571422,0.2764157316022734,0.2132224663808387,0.24894774379370482,0.3581506671239148,0.2885879619985933,0.2920922677289066,0.23697892094870318,0.2736191763711133,0.32812912148416523,0.30600849260065915,0.36015958757474426,0.2784680351341052,0.23688748564422782,0.29419446859490994,0.24818284577073293,0.27786370525881676,0.27784765630351255,0.3352026043124598,0.2718977905101978,0.21142480589487636,0.2705736301311499,0.25459395083104935,0.27769071108313925,0.2733657057330701,0.2552562632405002,0.2416544183416724,0.284935309124026,0.27376465723460186,0.25893895125855393,0.2874084516607891,0.3765662166573405,0.25321369926840787,0.29471732102947,0.4286054196953548,0.2300941913675135,0.3006971125060209,0.23942877270569513,0.22147007536821361,0.25939167783150546,0.24857201294813677,0.24278577067243484,0.26823758094507044,0.4910023898287986,0.26456193230095826,0.2658340604880768,0.22867913418389058,0.3149230021941773,0.40543119394731364,0.23067602254704678,0.2798522968869151,0.24888023928455252,0.2934099577361147,0.20497167657086895,0.2742094499300497,0.2574805513165317,0.3082491575223194,0.3635983301148563,0.2741936158095788,0.3671664778250853,0.3693232402842812,0.23583689780568956,0.31900980891614833,0.28060161566514163,0.24853669871171669,0.24045135875682574,0.28976879642498976,0.2499571012223909,0.26100886581384264,0.2874668316630298,0.2962162142572593,0.27545831074468446,0.2023698802840315,0.27142603921933567,0.2718274863852164,0.33869425029830036,0.2241408939149558,0.2875990869951188,0.30580634272014595,0.2897154676355404,0.31429033167126386,0.31596664921456674,0.24840201996067454,0.27751823587668034,0.2540678982654138,0.247428554387906,0.2700789730614287,0.3006660207601004,0.27683139769245424,0.27918884049516934,0.2734490247875737,0.22919856948279776,0.2514167718805335,0.25355694564727715,0.25322893658942175,0.36891589538658565,0.22884648058090748,0.2928373203542555,0.22650792381466553,0.28388942302932585,0.22224334375180466,0.33456472152739886,0.2964075994196039,0.2559720643628431,0.3134236008868478,0.3253287013727599,0.30698248973192205,0.2462046836152528,0.3222497686812872,0.22634274795075363,0.2565015735404195,0.23350332683573594,0.259734596697099,0.3213891699835638,0.2941901771098731,0.2707523602616298,0.26710350362142515,0.2695989346393807,0.3156675898983003,0.20088874006522886,0.3037818034832935,0.286133508831377,0.28544342390224525,0.23745317260697366,0.3090565047836962,0.2786492340816134,0.2856011344031613,0.23023485247093206,0.37506494845850713,0.35018794289471433,0.2772747323283598,0.3368985058228276,0.21833622303423875,0.23578625390272456,0.2537850739672106,0.2694745764926408,0.24797479245342458,0.2693499505168373
0.3358584211367519,0.2516887763772328,0.2094528865928054,0.25593892160002946,0.2504118151483134,0.2782787164300894,0.2148972850553102,0.26882991055175326,0.0,0.20317321309766245,0.2411524479387466,0.24228567959013722,0.23117648134356042,0.2803163434513264,0.25619290423466545,0.24589917115625726,0.23886295027943666,0.2953278398625698,0.25604845798866094,0.29122147542698396,0.26158089391174005,0.28437011826964875,0.20539560293936812,0.2123347648434817,0.2568076452973435,0.21134639552396103,0.2355576791186221,0.23887801695128089,0.19433399501745116,0.31208936906854773,0.33847640301522297,0.24924556245098148,0.2611040822958283,0.21014783334408263,0.2999613045332352,0.2579053273928067,0.24825643840159775,0.379059953594041,0.2408782276166173,0.21636905810391163,0.24481052052943222,0.3068147096796633,0.24025509213228158,0.2681473394111455,0.2321887682999012,0.2476681097565976,0.20762014296500242,0.22010259526352108,0.23009339934856882,0.28067383957197983,0.26710143970185435,0.2561469347802797,0.28612711663176693,0.23980862971408942,0.22359128375821946,0.3253007421439758,0.30872381261213677,0.28885222678105876,0.22132415872361647,0.2569120743441919,0.23429522849182485,0.30686952012976065,0.26634795167816266,0.2332680462485264,0.3048158859445904,0.2664879656528206,0.2648143849062179,0.2617431680596681,0.22328205642354484,0.30992235514220673,0.33096390166360723,0.28846687749408956,0.29411387548027834,0.2404529780692173,0.31036996548838597,0.2623540399118327,0.21027632679942793,0.21895682525350904,0.2692174898866942,0.2532615723328373,0.27802869060192437,0.4077273531026796,0.3115791565316402,0.2614948608334524,0.32026609294067443,0.3261828099904023,0.2864805053996755,0.28360101144521727,0.27404645739008293,0.36894754439493777,0.3169369585438134,0.3335203656046744,0.2587739989464981,0.27502948698302226,0.3419850289765766,0.275570883588768,0.30031788200418474,0.2544914243758138,0.323373248588723,0.24023628546033965,0.30558867665641093,0.21454861925212132,0.2712864841055677,0.23363090521568816,0.35871510267120144,0.24844219641291262,0.22594410600081133,0.24779647178915984,0.21686915384984048,0.21030721405671263,0.22140118487370664,0.3237637474089689,0.2986208088674746,0.3758650266119703,0.2768527433945189,0.2766650059178129,0.2693761591656508,0.21932126037593552,0.19230402570094315,0.3356535202960873,0.3087238920832101,0.31410162971386224,0.26538701568411327,0.29169812562055397,0.42629995620191813,0.2236954760513525,0.2729545816812594,0.22565618729349812,0.21160027975273338,0.26030678712845706,0.37143070186082716,0.3171423588317378,0.30584469094728134,0.4241113106815993,0.2533331034934373,0.2705684855067201,0.22990189889405968,0.24079615328160814,0.21898426884089958,0.33158459913360344,0.26632801431959097,0.28690189600440497,0.3126045982665257,0.33096136338825427,0.2739876021272013,0.23391166669154537,0.37693418001049717,0.24099341069526417,0.23783961212655066,0.23425348960119413,0.35571083670576453,0.2769417833915921,0.2685179988862088,0.1926455642143563,0.27856523595265337,0.3256005895801134,0.25284643257631134,0.26847424112999047,0.27930345312820476,0.2722418284233052,0.20953448008676512,0.381030539174403,0.34663473484694945,0.3516396096632654
0.24934499752516506,0.3601037740667458,0.36783068584720174,0.2649157190128692,0.24657944719817548,0.27131724331390766,0.2415075271984704,0.26346609262520365,0.20317321309766245,0.0,0.2549208532582649,0.25186868508150717,0.28996416401870473,0.27350757001803333,0.24159266197696697,0.27978583765807974,0.2895309921944709,0.2800513233825772,0.22906118889665714,0.23761101021657055,0.2595502769219875,0.2769409887886019,0.2587493358190621,0.2236268164780571,0.33163361701366345,0.20302472149296172,0.23009804492073513,0.24969342625510405,0.3473601394175598,0.20808790683423598,0.25487442550947237,0.2884827316571322,0.23404427001468625,0.22411649418396432,0.27482709715241455,0.2915759315532524,0.27959055698146196,0.24786806289245814,0.21620980276947147,0.25502613000591096,0.23613312441603773,0.2654638598122366,0.23053819863529476,0.2551764780766937,0.26710236513810764,0.24670983665901738,0.2233617290591544,0.26772491541146776,0.2978154925995221,0.2379560710684706,0.2539071996347986,0.23012894978599113,0.2270145390260806,0.3013524891662058,0.3400965224416468,0.27115945723456003,0.23278784605201258,0.22953451259841245,0.284940200227867,0.284106740948672,0.27975355472772245,0.218619231973901,0.21419063844437275,0.24098818047571965,0.22365055019403005,0.22304480333950794,0.23745947231294975,0.23716995354630277,0.24909678769739205,0.2589777275665692,0.23448220713279155,0.29649749378521323,0.2081857807205054,0.2874848360553782,0.2547650443098769,0.2427098732647985,0.24017471002499635,0.30509149368361577,0.19640903357930825,0.207125125850069,0.25129449974214063,0.22407678751175514,0.2742136372242797,0.2522741962107272,0.24299798794649188,0.25488352807955456,0.22546448375633024,0.23187362320211247,0.2749599125828133,0.2221926189913913,0.2360690763816394,0.24771443565844578,0.31588701252835927,0.21706974559557116,0.27008259072919183,0.297990789377818,0.19392760773548545,0.26414298797989083,0.22126260918365984,0.26713981670950854,0.26331162869744656,0.23987810071865695,0.20512162446342722,0.31078438322570173,0.24264548375720887,0.2485108376608855,0.2628814598296488,0.28850077962551374,0.2708662970245628,0.2968722070075363,0.2440936499086378,0.230398568429734,0.25369602787664963,0.24354632147005634,0.23195603501452555,0.24629244464589478,0.24389925724127579,0.3138105159691057,0.29094148684334825,0.25468855302711485,0.23819525414307008,0.2157100948003618,0.22011956154079385,0.2665356084198833,0.2095587696367051,0.32320346725937305,0.22657150604700435,0.2577868848125217,0.3630585209193702,0.2684449365508414,0.2755591356911526,0.24060864824996456,0.22212189388267994,0.19967698546732707,0.2430596942537822,0.2218110973878293,0.22422482956951872,0.252035540437052,0.2581731696247025,0.23710326946304414,0.24666467268417944,0.3098586180428527,0.28436503011870423,0.24677216406093402,0.27246518468341935,0.19765457800211506,0.2143937263778355,0.27968778008472284,0.3724603641567622,0.2218689890145263,0.20373413084739858,0.2619771111798877,0.2357085319909581,0.2813743321694939,0.26172415932366605,0.2530816848868358,0.22322387871342092,0.28901476461443165,0.24196504920721806,0.2571548495100952,0.3086568977595788,0.24621042212896346,0.22313757507679,0.21838450490460065
0.2845496790849727,0.32600632888289477,0.3235666367583786,0.298636481496347,0.28165672942651326,0.31692578239699276,0.25219045513029154,0.2945716566894854,0.2411524479387466,0.2549208532582649,0.0,0.34965322118559433,0.3394211321212893,0.24384740564168386,0.2935371869883705,0.41265492123066405,0.3190724451334399,0.29044339306906813,0.2796851357646853,0.2817843968626375,0.320100368223767,0.38861648832032625,0.2557800861222111,0.3043568746483053,0.34162914171716147,0.2525514243866544,0.29407535875159824,0.29514164205093263,0.26104413746693544,0.2757971380349361,0.29082987511760033,0.29783755762740827,0.2889551215492558,0.23676883179938682,0.2730183958962408,0.33911423622948533,0.35509767941810283,0.3133207248229561,0.3213010682602815,0.2567448514996542,0.27927655530527223,0.27652099612480996,0.2628690850110786,0.3282918704634117,0.30160311364414805,0.26424386101466596,0.20186501190654665,0.3748200462073321,0.29510637757189956,0.26376681332394203,0.2893500549835425,0.2436343861652955,0.22356789366468766,0.37465913002710405,0.37612393590534793,0.22911024925693124,0.2932626398326476,0.38269236581358307,0.249131680967872,0.3009819352043425,0.3125322996802962,0.20338378285226233,0.27721937046950734,0.2438591334615938,0.20291634783874546,0.23064503356995383,0.26469721901717813,0.25217140800476817,0.2715045581602973,0.3061345196461871,0.2671932208440043,0.24658981199149865,0.23306615121663968,0.32384345166614553,0.3214921597066299,0.2256065335485862,0.3038028941202325,0.31044963284837024,0.22473700648021197,0.19801787966770057,0.23614687532220338,0.2361812428714496,0.28314985180621605,0.27990603492318494,0.2401724518272468,0.289625026061907,0.27098047510417067,0.22125546369494606,0.2591859589232185,0.2634645632045973,0.31131682380896364,0.22133073156940525,0.3718608969548873,0.2551795227042978,0.2414004545122049,0.31863786634624147,0.22323454578450164,0.2303359663135079,0.20106214266645064,0.24092816426314206,0.2959824778158266,0.26530547953470235,0.21289742257620478,0.2470719826844778,0.2679910903018167,0.2566621484655299,0.264718744521216,0.28208844225596225,0.2542789815978309,0.3530183094572292,0.32241565343457695,0.2495735241384957,0.23842747272788897,0.2705135811252856,0.2723501149419584,0.2857247273783036,0.229534142111693,0.27910672044823737,0.27597133328252393,0.24362198615871863,0.2958363210250972,0.22158517738192549,0.2261175718836789,0.31257420174309064,0.21178287566227239,0.3365025121898357,0.19224412755362477,0.3618873887331403,0.2879402819082724,0.2558612624116933,0.24296153720816063,0.3013662827500309,0.26265141132841013,0.2410154992732324,0.36508075617406777,0.23004660463892293,0.25479060916638174,0.24647466711806124,0.2934225578286145,0.2867927316666495,0.27945819604682,0.2946971367950761,0.2384774569760705,0.2703221168486376,0.36973391706172304,0.19781994396261593,0.2830853133202612,0.2561827173908765,0.2681615829380831,0.24403954427609034,0.29021966439706604,0.23348858986907117,0.3808722868355706,0.2581116257348397,0.3011402211499991,0.3179508073505192,0.31555424511418645,0.32181156702155844,0.24532842537886812,0.2363417596706473,0.22941588642514185,0.2374771887296071,0.19993992193881618,0.3331247464976191
0.2544668014585792,0.30877451830921415,0.280896268640682,0.2562224509540514,0.22851378778254788,0.31724488139255874,0.22979988717320018,0.28768219700426023,0.24228567959013722,0.25186868508150717,0.34965322118559433,0.0,0.23892078841759223,0.18736533217339527,0.2516379202411687,0.3141134013780802,0.27017955548330824,0.22754339326098572,0.3709370189179526,0.2736361633642548,0.3572378196000215,0.2860104104527114,0.22603788346083895,0.27312112480303113,0.36407344050691304,0.2134157190797876,0.2244577252501943,0.2331277518226061,0.24963370059408638,0.2811038330850735,0.311602969158861,0.28456702117147237,0.2589819254071552,0.2571996134330415,0.23919239915184487,0.3067434039767093,0.28139226642944215,0.3039516725354976,0.3595919020049842,0.22789581845165396,0.29191022991561294,0.24677602244486732,0.2696822838686358,0.30244955088236636,0.2579867833892698,0.2507716993313785,0.22194772467206134,0.32549647713190627,0.26081455081029004,0.26326433982802555,0.2864666373059995,0.25669624886534326,0.21432275501616607,0.3203655203053462,0.3521878362539308,0.2318594816267125,0.31224378216649,0.36744920773875756,0.211482692236762,0.26536358070252286,0.24789561271657418,0.20566709865064825,0.26663546130642535,0.22822432505806053,0.21389328819529319,0.24336032017946796,0.21307733246475227,0.21593988986504942,0.2121310179165563,0.26252933020385105,0.23996423732994607,0.21810067731944788,0.20769340855712873,0.26173928302131955,0.29928066688602356,0.2236958598169649,0.24445766804247626,0.2659059273767187,0.23546315470484364,0.20856432372547237,0.2576291473382005,0.24857571270334447,0.2857063891714854,0.24535472316951978,0.2564914753805368,0.2976603283520935,0.24183061186879903,0.21529289994861794,0.26984416192241895,0.2652479087064533,0.2553975014910804,0.23785518608516654,0.30366176549400226,0.2653067373032989,0.21977697774689003,0.3482802998746359,0.2325318659038123,0.2599953274474765,0.19669370249526033,0.21920219752463482,0.2492351416963293,0.2596517336906771,0.23622996053277595,0.3548414814894814,0.248732402331883,0.24950251776692045,0.28726401281292746,0.2610919246700274,0.23183553086626701,0.33504881644208584,0.36179603622829315,0.26490780418404897,0.22625474963201542,0.27658485930752863,0.24460907468319606,0.24855076190754466,0.24790644743075516,0.3261684399532422,0.275244707869761,0.2142860231238648,0.24252847963506396,0.23078216711876853,0.22776233077151167,0.29050569583617036,0.20573378878055007,0.3758504876080617,0.19660031199174013,0.29003332240617324,0.32176265290416584,0.22092094063150503,0.2461458725561453,0.27814423559141177,0.226508735148391,0.2599952173019624,0.33748396581074225,0.21565021252646757,0.28051882459622557,0.22497372113051486,0.24768802940971557,0.3298950187661132,0.23628205646105244,0.26673386074264577,0.24066569940279176,0.26352466766254434,0.3286565366362706,0.21799118194559683,0.3332017179599367,0.2556984933501984,0.33226186997127066,0.262290912540678,0.29518964190858593,0.2630426610420109,0.30072393437007605,0.23235600352123686,0.40654965932976034,0.26468761553025966,0.26684573267195916,0.30332703496491575,0.20184174223678597,0.22811156498075982,0.19919176258657864,0.2441922285270943,0.22764524165737016,0.2866107082195138
