0,1,2,3,4,5,6,7,8,9,10,11,12,13,14,15,16,17,18,19,20,21,22,23,24,25,26,27,28,29,30,31,32,33,34,35,36,37,38,39,40,41,42,43,44,45,46,47,48,49,50,51,52,53,54,55,56,57,58,59,60,61,62,63,64,65,66,67,68,69,70,71,72,73,74,75,76,77,78,79,80,81,82,83,84,85,86,87,88,89,90,91,92,93,94,95,96,97,98,99,100,101,102,103,104,105,106,107,108,109,110,111,112,113,114,115,116,117,118,119,120,121,122,123,124,125,126,127,128,129,130,131,132,133,134,135,136,137,138,139,140,141,142,143,144,145,146,147,148,149,150,151,152,153,154,155,156,157,158,159,160,161,162,163
0.0,0.2635411459733881,0.23149107716759265,0.31823843518851713,0.34234083973066926,0.26018398874442106,0.2817294831185131,0.28167957013710726,0.421299368886965,0.2354034009000564,0.3019361978627537,0.24336589308446235,0.3840847292038421,0.29814045707426146,0.29178486443250806,0.315014168980442,0.34669114558439906,0.4773467150763173,0.259589741874698,0.4146052396473444,0.30313213884309675,0.27662217248148296,0.3186565074233251,0.27034304760472655,0.3136515794605327,0.28225226741455994,0.2738364021855253,0.30055215619387227,0.2039815906577884,0.28620986645742563,0.2929786928446944,0.2967895793247589,0.2663108720640756,0.26526376548857356,0.3873012346433727,0.25914973635602284,0.35919375257368674,0.34275612604297856,0.2306636626515001,0.384447316348599,0.2590996365174127,0.3306157663463003,0.3126248587185702,0.3026035113877954,0.28920194789105047,0.3903581346718604,0.2694757327824932,0.2770935186999994,0.33479574238845167,0.37023948183686023,0.3901769220949101,0.3341762755246913,0.3438366625378286,0.2561113276854371,0.2482504630324049,0.303030580360566,0.46871251225706856,0.3078321644214497,0.3165834116991933,0.33859318434774893,0.26600457750535633,0.2605329784562356,0.35522327503937334,0.2505528031768356,0.32946702203610906,0.34685766491820247,0.3389758794548132,0.29585210371556137,0.25512320144335093,0.3302672514437855,0.4067162772020877,0.3241044474800222,0.36616038362251974,0.3554436595443375,0.2948940911463416,0.30895652819860137,0.2750809095733769,0.28611851254112847,0.3164581785751509,0.26083904344065556,0.2746269337688513,0.3639315623194532,0.3254561419113633,0.2740578873183369,0.3819461939025706,0.34686217860973234,0.3230718791483631,0.3923777251010012,0.33084178662270747,0.299000080457728,0.47141917634963465,0.305532473210032,0.3344291243408671,0.3367259118304799,0.40767262486069317,0.23232680399879257,0.21439690289205274,0.25837680673677915,0.26833853177470784,0.34381584050100833,0.2639337624805699,0.24842943406624116,0.3046945834426405,0.20661423722657102,0.395967081099494,0.33433394634491204,0.2777745827607174,0.33162680236425224,0.3207483503295148,0.2681854640255532,0.28008065995372106,0.401779712705173,0.364999204903482,0.3227058048076608,0.3557480495650409,0.37968115720459533,0.3519311916507313,0.24456268457074404,0.24680122688688486,0.28096131999708857,0.3797429659806366,0.27417836638061416,0.3490785894954164,0.365305003157421,0.3318492358979819,0.22345242290170816,0.27247628223112014,0.23922129847423462,0.2262774009497287,0.3100124862336346,0.2646431167569088,0.2986914631229058,0.3040679217278578,0.3427671506099357,0.24385991883673877,0.2918142808171806,0.29348091826130984,0.3293771312912968,0.30488197413717577,0.34028086224935644,0.2514468966365479,0.27752124508519876,0.40304868229428303,0.30474541017903056,0.2923369793690099,0.3499851357924613,0.30736325504837336,0.2610533226495769,0.27115574894033057,0.17729176537792216,0.4116161741966992,0.3075796105891275,0.310578516600922,0.23585681652075854,0.2796187507793803,0.3252041062502742,0.29802609811254815,0.3063477991445937,0.343564122397661,0.3357049861562654,0.23738833327149295,0.38115804031401496,0.2590836442303289,0.4925528113551112
0.2635411459733881,0.0,0.2852445971840433,0.2913173324792037,0.2552533326125928,0.4341241454654248,0.252786991266921,0.3714787496207695,0.24180746174094422,0.3263496841272112,0.3097724468304056,0.3614107714083535,0.3093259542076122,0.26282199822294683,0.2781796090730789,0.3173862663382068,0.3061319147596465,0.2460069817280845,0.3181461808086031,0.33158783465924846,0.33368250844430286,0.3499742773336454,0.2571639439804366,0.2838602061508209,0.3608782722457389,0.2250483140903109,0.22781803492227917,0.2496003040709808,0.3012838780307834,0.2182146441653319,0.3147361912626631,0.3322597289111234,0.33630675152863915,0.2519246519877731,0.3098655073740432,0.34960604292281905,0.28159701763304834,0.28948529898512176,0.32190441507976364,0.29763168222544906,0.3471408455058878,0.2688493969162488,0.25011216001023695,0.29759897489476594,0.3536130384091503,0.26148405020070786,0.27321474330229717,0.3249252251106705,0.2821273427738195,0.3137172829233276,0.284328871877986,0.28121039356365246,0.3284797254257322,0.38791824309884404,0.3407298777666426,0.29371112032021085,0.29376470922822,0.3148002149915757,0.31626527930295834,0.3161087387798763,0.34730911047041996,0.20944803412284352,0.2727598174651462,0.25959034648456214,0.2386037839150643,0.24605838870718022,0.2641274234647223,0.2353093476981821,0.2277623047144933,0.2729576166657729,0.24729657200709454,0.2793741767284638,0.2421826098390812,0.316286078773749,0.3233873295943007,0.23725814325307507,0.24805688143220178,0.3301240140552589,0.24510242867980778,0.21800935656678316,0.27156070157996237,0.25429887778235644,0.34194951607103974,0.2836433291493268,0.27969429313472016,0.35104662325726255,0.2752644291710761,0.24495282113190883,0.26905522527010156,0.2744354958259754,0.2449142710346505,0.2865672875046145,0.3584457136742376,0.26361806181403047,0.2806537561343537,0.34249880628466767,0.2602523480263079,0.30502471324426844,0.2115556396226369,0.2789759766498002,0.26316416358186717,0.2440306804357246,0.21254086816053497,0.27308976644427924,0.278751389736797,0.27388548903572885,0.2940775286232075,0.34152852455020266,0.3044179493412255,0.38330772526288637,0.28152558346421913,0.2635585520239829,0.2839218144213436,0.2546894918392104,0.29262058165747223,0.3060728105991362,0.3097787964140514,0.23614626656786883,0.3608895186688257,0.2142828287963104,0.2784963048911829,0.2330965080339467,0.30433193144723586,0.2844256376444316,0.26464894568529146,0.3275921753184406,0.2431423489669092,0.2987937117845259,0.3898549265735007,0.2631879708195182,0.27149329224241464,0.28097168747913565,0.2336774522226459,0.28187408333159253,0.3280361888402227,0.25025634460337876,0.3067644588283432,0.2892172109682599,0.35130493230025633,0.2700555640049259,0.2849196797171502,0.3145655317485628,0.33845598812392536,0.3132426814493886,0.32228885101695226,0.24718820064623498,0.31326604583733386,0.2903467077321761,0.37932492189181444,0.21845890362646075,0.24928610036496202,0.3445607848443408,0.257344424102904,0.3262153940340371,0.3154082670162293,0.2726332606642131,0.2595847904347538,0.30158598101847156,0.26516295970092146,0.23147729724490204,0.25642222779519225,0.30865678468467367,0.2191121420339571,0.25392210341564436
0.23149107716759265,0.2852445971840433,0.0,0.2342277497826644,0.25620752451950196,0.28913323878775254,0.1982140452162212,0.2708849911407597,0.22026194198965254,0.33818607575765347,0.2973527497927207,0.2711517880926813,0.26972461860723335,0.21052382716971949,0.2232582764964756,0.3097354247807789,0.28203202508627384,0.23995128381582212,0.2321808156832253,0.23805241096900584,0.2863198811530344,0.38710896875760187,0.20914881121827758,0.21959283230273924,0.2686665998319079,0.20557969338599896,0.20317770930481485,0.22477140833672501,0.23958153728135073,0.20164943147997919,0.20304647687468855,0.2502318386467409,0.22014943574582627,0.1845532908773764,0.2094514993174092,0.24927587328477263,0.22796741604451456,0.2455342448873661,0.22494867389631273,0.22692534061906505,0.23493059833736857,0.2779802872367412,0.22742388786959056,0.2187082152752683,0.2363772734338983,0.21323138955757406,0.2153329955536323,0.270246229861055,0.21979041084602977,0.24234030904288695,0.2319913446558073,0.2312110867050928,0.20627866628707844,0.26703970072325905,0.2528119027432408,0.21359548616553597,0.21876373274693786,0.2876901400993215,0.23830966444256385,0.21100499649195278,0.25164602656702856,0.18368753701343513,0.2672486064802924,0.22502150293239825,0.2000943213902016,0.2123699714017181,0.2115969482269045,0.23546253538497655,0.2605349365056522,0.26524462521730535,0.2330930718381788,0.1844578900020408,0.23241497611123077,0.28913992214104806,0.28191577410990165,0.1658326688573419,0.22765398910600687,0.22702589215940838,0.1946999994123053,0.16271409533109382,0.24679367301106783,0.22887684729001426,0.2473876961220286,0.2431130295749928,0.21294311258009338,0.261828266457369,0.21654958600699617,0.19330094110575352,0.20061465681882568,0.19614165382236473,0.23631523959910955,0.18988642326276448,0.24917902601852124,0.17810942965245563,0.23257211112691814,0.2530029739377985,0.20266525145504946,0.22767312474099152,0.17267222082315428,0.20259814133307133,0.17562217709660208,0.22740937189909907,0.18744531320370864,0.2737489117907458,0.22200535724933393,0.2375415323734758,0.2400782747093695,0.2803263848756792,0.21758988320117728,0.27685603879620174,0.2218822303262752,0.20742757556214036,0.22587810678042428,0.22453029665360327,0.19665731284535712,0.2395274307990711,0.20229032725829843,0.2741899650594523,0.3121061628355695,0.20089496914286142,0.2084072145448408,0.19579978633313158,0.20781447647339765,0.21445817146962623,0.18399289580260175,0.2582883539256259,0.20139775985863984,0.21290633213168206,0.28791210908131154,0.22080781771986657,0.22928569711727972,0.3222181945456481,0.17576333056547364,0.20233572120074872,0.2655811498100722,0.202533158805092,0.201798727690847,0.19452785491967664,0.28089826979372634,0.2153712965704134,0.22042223563112345,0.2382967355011442,0.220947118134553,0.28067124937351234,0.22769787090480817,0.19001356462540653,0.2675654088519196,0.23258855794165714,0.33290530491265874,0.20201483441636658,0.19031664691194478,0.209968514576771,0.23661189208710193,0.27714572463549386,0.25843845864388565,0.22150901223177866,0.2296267688886807,0.24511299763842184,0.17702901002903904,0.18582885025743487,0.23955387716521115,0.18301016820932955,0.20197179655389316,0.23449963736816795
0.31823843518851713,0.2913173324792037,0.2342277497826644,0.0,0.2714864030999573,0.2933201127955954,0.3131623340446851,0.307037492906992,0.2530764447531167,0.24571945121390698,0.2810377847799309,0.2720190202586573,0.33297213289717514,0.26005036126804454,0.3346109182324097,0.26762058725987714,0.3164220440193951,0.30853200441553164,0.2862551258371696,0.31845927788813927,0.36081448916630726,0.2605329483865736,0.3093447046547244,0.29690600333486294,0.3130359444470069,0.28384307868975495,0.2639516983034123,0.2879289548912766,0.20284822035849992,0.22283785348365523,0.27777573580720927,0.2716615094536557,0.3825634472047589,0.2859980296806862,0.3019628195129534,0.27215126576612436,0.33606475019554505,0.2797297401506236,0.2554156478326281,0.4134693731090892,0.3100556421117908,0.29694679792126055,0.2918729634670407,0.30580437461113386,0.3113160194721556,0.35809428205508925,0.2403444891106633,0.2702596163615796,0.3084835549994489,0.3251756432086159,0.4366249043774826,0.34974690669001035,0.325194579052914,0.3438669010362487,0.2604476272506447,0.28010354314795766,0.38056621889541586,0.28757525457852545,0.33543353930085124,0.3627334459603328,0.35221403369570875,0.23973242843828926,0.36671115908847346,0.2057061409181835,0.2991510272985103,0.350228324786633,0.36452965361954537,0.28385625251026947,0.23472614753624121,0.2955858225716449,0.30675009091077565,0.2806203880526251,0.2790352532084285,0.4806866669656336,0.2885247745395621,0.2517133680844896,0.3403723267836827,0.31342217747366147,0.28446955917750144,0.22678035985833253,0.2877145639013685,0.3481069154836554,0.3198240922983959,0.27153439300568605,0.3490391375610557,0.3259342516965514,0.3469225493763311,0.328015606061045,0.3253547419261465,0.2717343778213908,0.3023477039578799,0.30151802162406943,0.27053482477830576,0.29290175877116176,0.3286197085429968,0.2431272231783657,0.23949173564078208,0.2829958045573049,0.21086788294979777,0.3352568395989723,0.2559291200065113,0.2738279461306888,0.3107379597657746,0.22804925710533297,0.3073416203068302,0.3202957677412548,0.33565506882804585,0.2863240277013206,0.3360606198237705,0.2985623603947599,0.34036809743213886,0.30026854644393186,0.36686370901049586,0.29662476689777584,0.3154767372530286,0.30000009835846164,0.35533567411338957,0.20357021536244668,0.29845323608550656,0.23027443206934475,0.2769358388516132,0.29241098106834845,0.3059652266515683,0.35384900672774344,0.24688042223127604,0.24294498553455293,0.2651311228965526,0.2551700873172528,0.2621590229366028,0.3108638465830912,0.22481676050617508,0.3061871889196619,0.27509551114440745,0.2809232299183409,0.2736999560840869,0.2635933371389059,0.24069317245315391,0.313864238711245,0.30669338896276227,0.3250094497281505,0.3340344949476439,0.23936134600265377,0.40848011340423823,0.2896732427079966,0.2818848890419311,0.282675548706962,0.31477829020972853,0.28677375521517356,0.24275698559450576,0.16376363398890154,0.3434703081097247,0.3121285123267223,0.2796300232202469,0.2539853901490011,0.3144932942340455,0.33056301150954487,0.31727238811424363,0.34776476278364865,0.36810484141049454,0.27247991514727554,0.27337908288652746,0.29171176839182184,0.26639153205691674,0.30735873375077016
0.34234083973066926,0.2552533326125928,0.25620752451950196,0.2714864030999573,0.0,0.24171628931585243,0.30791652512710593,0.2564320540096229,0.3081536202546468,0.24147412078220684,0.30656425851422264,0.2179025260821661,0.30201616015871996,0.29248323325200354,0.30622029859766736,0.2993475411792293,0.3355790875877525,0.3810932959483107,0.23243091595245194,0.3155987236141497,0.32037716045464204,0.31771788445699845,0.31239917557799146,0.27522613186129874,0.2859713581930008,0.24221283020188455,0.2634982519793136,0.26503381581103536,0.1999467658362129,0.2843456844209918,0.27084681079070855,0.24433051897149133,0.25657439674311217,0.2240204516499813,0.3808421663079596,0.25584787138475734,0.3068399941907466,0.32280090408654677,0.2248563511481503,0.29381467838287684,0.26597668620792675,0.3837471664120828,0.314843326821602,0.3200603779400599,0.25293344325416545,0.25605665029765506,0.2772388726269986,0.2894790657804038,0.32887189980614223,0.32144599415346575,0.29484485254740017,0.25602728185778395,0.2728775024290383,0.24294833414394398,0.22761452979166102,0.2562689195042081,0.2729155779998402,0.3236823397185784,0.31129637963994133,0.2531562311985349,0.22578321061718643,0.2072671860899636,0.29573530044563184,0.2642520262078983,0.2746510562189298,0.23565361830560516,0.2508391846065389,0.28948393389235844,0.2812913194751052,0.34976640919950086,0.28106273962270345,0.2786727310567078,0.26840516442685725,0.3140446164164095,0.27731183793811404,0.22055171080382013,0.2543195070619865,0.3224371913461708,0.2383506331352081,0.20684240748941105,0.28221966343041544,0.2805109150627361,0.3382109709012073,0.25109914813346723,0.2692659878366279,0.28645328827452904,0.2884365997732963,0.267361056188925,0.24390894135332764,0.22909075070625604,0.4050543705915805,0.2796834489569336,0.30750210367943,0.21521512149845157,0.3017399722217404,0.23199434365529825,0.19602494429914238,0.25033087090988787,0.230163208626149,0.22976118931489414,0.2402873489852294,0.22738132776771505,0.25028139543773387,0.21868063738313004,0.2766637169335429,0.27426355103284855,0.24123581175267786,0.3623061685353179,0.3064432334471909,0.2668774256828193,0.26034794507759457,0.2897469087205546,0.26337106016941764,0.3146935576568881,0.25259017875670164,0.28723606567805393,0.27248355647677314,0.23972346215557871,0.25095541261380283,0.25034542656015535,0.3448122108123356,0.22626615965968858,0.255940179224631,0.3001139625814837,0.27364877493370293,0.20735172889052772,0.21510820680800696,0.2306274495981607,0.2242382096915639,0.28762077912673895,0.2809309986398829,0.28590738717935,0.21396125739301253,0.25681303548950213,0.25057401761052667,0.30279359783253057,0.25870852902932295,0.32143897949158806,0.30870955050856835,0.30429509638257524,0.2534591400191796,0.28079124885049067,0.2908604860557983,0.29087851466463716,0.2940593505995767,0.2700053701785721,0.312444988048236,0.2629773013105827,0.2585806848130991,0.1876382093016253,0.2583052259426435,0.2804955565492308,0.299299386599916,0.25791204312611893,0.29015838810446365,0.30510669756891035,0.2574330399278558,0.3150794248334936,0.2685422387024457,0.23047793783030038,0.25841934516833875,0.27144839801887677,0.24313579850179862,0.3676146356580621
0.26018398874442106,0.4341241454654248,0.28913323878775254,0.2933201127955954,0.24171628931585243,0.0,0.22531990748396938,0.38909613203527177,0.25084152693937595,0.27183700219507173,0.30314572695260544,0.3410914673879615,0.33483430750451376,0.23167477585515234,0.26374475292830724,0.3658064133439555,0.3172188425864503,0.22217276226877658,0.32071935199196083,0.3187753446707547,0.34740253034508983,0.30948590226102596,0.21891802048307688,0.24335640938387693,0.3407024382237349,0.22987054287931394,0.2213154153576776,0.25039121972529005,0.24213693734873978,0.2262503840960344,0.30609264946503884,0.39840250000018546,0.33686496879891265,0.25259726593587783,0.28113175778878463,0.3325065431649353,0.2778821489154244,0.2892163407386375,0.28324608617366237,0.2536293070015982,0.31326439402544004,0.27954815030684177,0.2604097964103374,0.3115670522856115,0.31577389173481957,0.2518637568015659,0.2567256356168129,0.30030599046598816,0.23790882792208473,0.3240592917122787,0.28455037020233215,0.30803944348614026,0.27983770176499284,0.3558896773071069,0.29268513010742947,0.2977180001998456,0.28389837221516095,0.3932674462789331,0.2545384346838902,0.2781285207034107,0.3633028920673761,0.23509902589795828,0.3237067728249034,0.2381531986400684,0.2302692359915695,0.2523093724573168,0.2537977127534576,0.24390107638391098,0.22648002759787492,0.2776358804948643,0.25744825152765655,0.2363709117707432,0.2603400872143311,0.3213002020039067,0.3751554881474478,0.21904176727510777,0.2620364933854999,0.2892012252496545,0.24168041445747435,0.23469402474172846,0.3034075289220189,0.2592750229583974,0.30747569046425854,0.3167401530112255,0.28839624956460125,0.3286555096804639,0.30305742293739857,0.24090634080121484,0.28829859844508604,0.2606142218030758,0.2575051561981117,0.2905327047140299,0.33674211708632723,0.24113331767868945,0.25810636192923464,0.3162635939943539,0.2747476433844717,0.3264029345531398,0.2061021962272035,0.2728402674560971,0.23527409999859206,0.2587130987735694,0.22706763244643446,0.243880412810013,0.3021639294857814,0.30908524919261515,0.3349103375251996,0.32891857811631703,0.26182860858514434,0.3293474382152924,0.28555731893028313,0.25506493033365063,0.3256337267388184,0.27881043449174775,0.27128495791646995,0.29435595239212287,0.3024324878102459,0.21762202362629032,0.4025962157690309,0.22473118318748456,0.26445317600880547,0.258292416030312,0.29712154142151753,0.27036151845297346,0.2547078095015626,0.28868345518410865,0.2684610766825481,0.2801615486446975,0.34237282390126006,0.24082055435795904,0.28931079423437833,0.3708289770304051,0.24068439685077406,0.27970601129684375,0.3022934821637325,0.23425459367475038,0.28172705792519837,0.24648910879085623,0.30747168173012424,0.2630478952953159,0.2824298728786401,0.32868737778905727,0.285720248579902,0.3238287503415122,0.30972915789083433,0.24630873149398788,0.3268546134407604,0.2939987446740339,0.3174644884631823,0.2248850447717227,0.2480485974580683,0.3006034878469459,0.238294082351511,0.28246772905881745,0.3493565742737288,0.25971823352890094,0.25115379789572456,0.3313718438372628,0.23417165428777909,0.24917020731603023,0.24134728171424757,0.27975802529025867,0.21934637984591165,0.24395951066436686
0.2817294831185131,0.252786991266921,0.1982140452162212,0.3131623340446851,0.30791652512710593,0.22531990748396938,0.0,0.2337291296119483,0.22109692415900223,0.23693869917502608,0.261658180457312,0.27094122220062256,0.28975189622322156,0.24087814419692796,0.3539634581939516,0.23483274779627636,0.25332158766382556,0.28256002021527016,0.28241136663068334,0.2613153130340903,0.28926785479191597,0.23374425881575514,0.4049641909569081,0.3460941048997288,0.30893268698462467,0.264852214958165,0.25064175070018774,0.25873123961294286,0.20276011614880227,0.2584488821738033,0.29139997245341065,0.27448663068144336,0.3064695216320034,0.3224454847005398,0.2757393006804735,0.23825700321124849,0.355258976797344,0.24050807988365797,0.24849710084087306,0.35251849214677977,0.3033339265067904,0.26876532723989277,0.3219515414561745,0.3262807597302456,0.29856726599556005,0.30490033894667745,0.2976254751157073,0.27769875905763647,0.46059734802274305,0.26053650000658535,0.35539735611421164,0.24991767801575968,0.246201928260953,0.2804266962434076,0.28462749047654534,0.2653194336448188,0.27908634153335277,0.23737129428488246,0.35104964997429006,0.27197795523184926,0.23743643513966148,0.21157550441776743,0.24466780083499862,0.21822119222640668,0.2663986252735386,0.2531147798351408,0.3033788026851084,0.31665403559442723,0.22102161062081566,0.2548581215206371,0.28933551549690184,0.26001734597020815,0.21568258149893346,0.3326550295285089,0.20343757575225035,0.30065980270828213,0.3635276640541458,0.33330392817411864,0.24815227975336002,0.23944394721306142,0.29014016616683,0.26828282745872817,0.3177720300506104,0.21568865619015315,0.2491500619157549,0.2591018448197091,0.2698081486121716,0.2978201955355591,0.2921551071810288,0.24691719197288667,0.27239836624972774,0.3296003965902622,0.2889006961741346,0.284456566615564,0.26135902359011026,0.26182193543371785,0.20308389135470142,0.2880383427437846,0.20630434028981623,0.28980338936504246,0.27786458545387627,0.274525923752924,0.29658581967693654,0.23938590486126435,0.23364815948708823,0.2782779635988092,0.2579875223934663,0.2693406641844145,0.36698853595998265,0.30962958821969305,0.3919213385430211,0.25884785265867244,0.2625943019125212,0.2291848447273962,0.2527121401966293,0.2346153935122369,0.30696182445139075,0.24988611465134017,0.24362267913784044,0.19327242781842238,0.253118558742187,0.22848733120896506,0.2449779689765115,0.38673244657804917,0.23148689120913954,0.25934144365306605,0.2043576148148126,0.26455027916562457,0.2227278710134258,0.302347904087256,0.20896992806777284,0.21898343382787722,0.2233764275947608,0.214589350392386,0.2420240715241212,0.2949654069568377,0.2888193165274312,0.32106166368230465,0.28131732189909686,0.3563612606814534,0.2993788052744471,0.22607549235990845,0.29608315603416585,0.23796712063995,0.3028096039284263,0.3013699253842615,0.2680401946482365,0.29934995242001083,0.23236241048845474,0.15252775168741203,0.3012122296284173,0.30040440293897713,0.24426992643268583,0.29521973187723655,0.3243533332996664,0.3342041967968219,0.31167763470445203,0.35697445023270935,0.32463408483402345,0.2802713454847717,0.2888520606803099,0.2652171882597269,0.25966913875065795,0.2709378722310455
0.28167957013710726,0.3714787496207695,0.2708849911407597,0.307037492906992,0.2564320540096229,0.38909613203527177,0.2337291296119483,0.0,0.2855410259524322,0.2761830007494082,0.2920900270607179,0.2993719015010098,0.36998869175822746,0.24576697985456888,0.28702305262927236,0.34837984173843106,0.3296443691401567,0.25427479894298993,0.28651569780313235,0.33863244724461206,0.35927868859629697,0.2814045412962882,0.2491250145650709,0.2548576397439497,0.33677281867579173,0.2571467051702827,0.2512607312391327,0.26822641811444237,0.21325310642807987,0.23815028517434825,0.35321961406266383,0.33635717839560353,0.3350204137660376,0.2584001932398982,0.28940627954782416,0.3380219439448882,0.3300798021088818,0.32302432609982046,0.2887506091398991,0.29413104052046063,0.3191305879169732,0.287162258161973,0.3024898077600306,0.3110633303923892,0.3909157530288453,0.2943446065654642,0.2626376921606499,0.29758831555644816,0.28000126154093397,0.3217912434921859,0.2994840608546212,0.2849790066995326,0.28538882617031547,0.31053792219924886,0.2774950811868912,0.29655822144171423,0.2947536600798599,0.4047259098835354,0.31065865962238387,0.28759604621598583,0.46454841139563763,0.23103775632216908,0.3339135165254235,0.25732385645196276,0.23895464085381501,0.2672219243826523,0.29954366099579816,0.26803956532432344,0.2703415963514457,0.38787228862093565,0.28683163186848465,0.26124360393614365,0.26767250613655863,0.35601927604031613,0.3858328473349757,0.2310202593725744,0.3162724146805283,0.3083511220122181,0.310658207136165,0.2139954270685915,0.3081416456305461,0.2740054751366366,0.3589340354389757,0.35495972738634013,0.32610281680581404,0.39440880729454053,0.42034075802391313,0.2789797313868107,0.310719325959664,0.28852865413802675,0.26696728679372944,0.2776027009831261,0.3152120067413652,0.24327154724476996,0.30202200320597566,0.30264368323949536,0.28719686503854097,0.3193200726093705,0.20764337462823854,0.2878698080060401,0.25108942730906614,0.32981091418287417,0.24363574542327512,0.25137303243246684,0.3186525273317797,0.3361579893677338,0.3508078066628152,0.37728854379312204,0.30018487188394943,0.30719857864122385,0.27010910423179996,0.28818935059609435,0.3440571384102536,0.30958670297945134,0.28895226553209025,0.2893901160011224,0.3277893324062294,0.2168030552387976,0.3121586573711843,0.22817042824915912,0.2722944785268133,0.33294277003555633,0.2888801450798155,0.29226207649515024,0.2577568504557155,0.26739709943344125,0.24745640200772775,0.3278268305615079,0.3169260483876324,0.2846839816532193,0.2998263313420944,0.3445974302697697,0.275920278202781,0.26352880063205253,0.3063595249952062,0.25188565609830255,0.3049079676117431,0.2671264551357532,0.33929009356820633,0.31319387276336597,0.31627871335809504,0.29845192325886444,0.3201374659743122,0.3437562643646829,0.35501671512920324,0.2723879177516192,0.35494266250397916,0.32319575867815,0.33239477785920907,0.20461095397062354,0.29357423864479104,0.34037802916526144,0.258229890205638,0.2964244228595962,0.3804038896823669,0.32365212777723573,0.2622165884836359,0.3475368290546334,0.2491033997548188,0.24610722199000035,0.27382540998882765,0.28552810999932665,0.24959012550448753,0.2607862479201467
0.421299368886965,0.24180746174094422,0.22026194198965254,0.2530764447531167,0.3081536202546468,0.25084152693937595,0.22109692415900223,0.2855410259524322,0.0,0.1974437478149377,0.2561148467577587,0.2187264104476293,0.28336248647843626,0.30847724424273676,0.2395590154940161,0.2704499462691654,0.29385224706768737,0.3662050369765246,0.21764227772857697,0.3289892884483174,0.2571444193620135,0.2857297796031894,0.2395544560901709,0.21469257748376544,0.24149703603386777,0.26623673243848367,0.27060872576346096,0.26465543933067714,0.1790658468503913,0.3018318231374795,0.2758444157261991,0.24762310367687645,0.25131976276669826,0.21158040642910134,0.32339833034746457,0.24397975366689695,0.2634173816660575,0.3811529140444246,0.213674473463607,0.26638408280014075,0.2510528485764235,0.34977372752115676,0.25593827898272514,0.26308841499328367,0.2537701430893712,0.28598594113548187,0.2544398924372633,0.2274101557471069,0.24391909115825097,0.323523551718652,0.2745309462955731,0.2947133160399415,0.3080282034856972,0.22076007354524022,0.20604871034718705,0.3164052421562748,0.3233586774830151,0.3083909563945721,0.2505840955776227,0.2556982869307053,0.23235787059316051,0.266179822196516,0.3122504393710745,0.2511861577254615,0.29668444730658156,0.2786304483640608,0.3001853083333321,0.2750687129235008,0.26435526138980864,0.3061261187352337,0.35773999289164726,0.2909824389300178,0.3846189294393184,0.2635933827098612,0.31910638795457424,0.2527032306785156,0.22130838810829712,0.23257326994221855,0.3184588694326687,0.23501204711155027,0.26573134847159996,0.35435333254255297,0.29993011290792454,0.27546359884402855,0.35348811817199655,0.3564299840210037,0.30089123971587234,0.3209287978118434,0.2713564385482437,0.3403711275388231,0.4256536322211014,0.2940309901441892,0.25975854283919825,0.265043033281502,0.3824937032177796,0.24034408991965858,0.23621941986218706,0.25535819748036237,0.2915437907808089,0.26050068846068775,0.23837403569054466,0.2053591788533355,0.2873861563881347,0.20217874614192916,0.38084346881443704,0.30633503587679944,0.23396142733629127,0.30009464837492383,0.26169760468811254,0.21406953147630403,0.21099351372778988,0.39148330222503874,0.3283562846721165,0.3746635752847941,0.30741160742959417,0.3451926792592776,0.288551089480227,0.19907509439972518,0.21668484682095362,0.309544572110401,0.3578674674599573,0.2939305171505559,0.317482926495066,0.27402814317999646,0.3976175251793837,0.1970495258238542,0.2750495342514391,0.2179826282568639,0.20857548020891917,0.2939820693766562,0.35977767316079245,0.3114537208023916,0.28095196035994735,0.37230642089040966,0.22969888670254254,0.2765338204838798,0.25387091116265004,0.2770732465677302,0.2651164575334542,0.28838492235247243,0.2430944419996644,0.26137074872778765,0.3206555066432896,0.31772468121570613,0.27388550632555975,0.3178633290149179,0.3468863212304684,0.2310617471411627,0.24955203384047372,0.20167815676786677,0.324741608414714,0.263962941129255,0.26718417547885986,0.2300085600888186,0.25376542671252633,0.2945545315518334,0.2429866187394228,0.2641332185783364,0.28389970313864077,0.26368499776588583,0.21766968149190605,0.35036403659466786,0.2876038858409765,0.3729864253645505
0.2354034009000564,0.3263496841272112,0.33818607575765347,0.24571945121390698,0.24147412078220684,0.27183700219507173,0.23693869917502608,0.2761830007494082,0.1974437478149377,0.0,0.2578695891321991,0.27811174556403334,0.27418060277228173,0.21343115228297319,0.236886558919796,0.27562620921892333,0.2542189633894564,0.24712696269926435,0.24650125673436088,0.23911925523619124,0.25910882191120366,0.258803918280371,0.2671984867198812,0.22348759225667036,0.3685509400591668,0.20098522139493333,0.21398173003448093,0.2170481678997198,0.3428691196360609,0.20407342313354945,0.24466545169472062,0.2753934696119332,0.21655215588895554,0.20457731309812016,0.2358896555460703,0.24014707732744148,0.2726787247241996,0.2250851322287557,0.22091142931575675,0.2529163206344552,0.21808417745635647,0.24054288655381673,0.24981844646049164,0.23414737429327342,0.24891000417730338,0.22800497411051343,0.22220233017106708,0.292727380266398,0.2853277865945981,0.2167409183775731,0.2354049775220837,0.2058497044149004,0.21547775006077988,0.2644793504370112,0.2904273355635397,0.23573719988316938,0.22491514604700047,0.24901652412468214,0.2825579760469558,0.22090947165872743,0.26530707088889316,0.18099421880739716,0.21826256384584847,0.21021886335098675,0.19899573150381886,0.20812919946101008,0.22004802598662465,0.23103787403954637,0.23453837681083098,0.26820958814994766,0.20899474574366617,0.2308985714987784,0.1942928647134005,0.2780298282822714,0.23069473460679546,0.2097866241851491,0.2288825805724906,0.28837376182080515,0.2003057338802302,0.19619799367758936,0.2496207499978905,0.20858466751268262,0.29714766044668817,0.23902786585024083,0.22509523576093501,0.23962789833873066,0.24801079808685725,0.2339177270144372,0.2493955497957382,0.19698472949885648,0.2191176379454562,0.2146075273901312,0.272016128424213,0.18953802004193523,0.2327379752166096,0.28944014507731597,0.17618553379817614,0.23617729002183327,0.1825473155309936,0.22555068746882673,0.2159693802506599,0.24286306714002656,0.20845600410160042,0.31747511513879395,0.21105405448458764,0.22913342888759086,0.23954792266870656,0.31956140650170395,0.2472801217461727,0.29726623271258196,0.2314996925044678,0.2132821298598614,0.23392292371467055,0.2386880531395664,0.21311726762612163,0.22162768182242285,0.25513834927484713,0.31937654196432513,0.29176048644713365,0.19473723943997656,0.2096978266263024,0.20713090767518738,0.21155132142858757,0.24356095063924202,0.20290169580211423,0.3146562067418234,0.1918897753104394,0.22474129858421138,0.31005118878027277,0.23270262724449775,0.2341921382460133,0.22531752022729507,0.20736940925046796,0.1870768394223801,0.24336691662158935,0.20892282403230877,0.25061074871546074,0.23057423826319196,0.3159621591501622,0.25048308485511683,0.25539693275929104,0.2518956615604986,0.24780158399865604,0.22891144477121633,0.25799539503212465,0.22365704362652838,0.21505706566940033,0.295682132451116,0.4344510059054499,0.18235485205347515,0.20653191738973495,0.2945927350518106,0.2117015396269048,0.2823449216408402,0.27862523941181566,0.23827386245817847,0.21363370290551598,0.2852220442350343,0.22557794051231767,0.21954169160695386,0.2713954225485573,0.24114192502761128,0.21943625517250057,0.21708839946341338
0.3019361978627537,0.3097724468304056,0.2973527497927207,0.2810377847799309,0.30656425851422264,0.30314572695260544,0.261658180457312,0.2920900270607179,0.2561148467577587,0.2578695891321991,0.0,0.32258006317286886,0.3250487007041982,0.23365413638050941,0.2776866113523723,0.4060647769684695,0.35973049828529513,0.3002506232823944,0.3229543939343207,0.29491714791645385,0.30009802893668325,0.3826492169848512,0.2766289642773192,0.27535884553616613,0.3566961647209048,0.2174278136616856,0.2877245102917138,0.3228397597354066,0.24112593778497787,0.29249349907490263,0.266732465121178,0.3255150944481473,0.2611273823558079,0.22854284036319014,0.2593846835988234,0.2794802647323612,0.3056013526332005,0.27757208183736487,0.3035758649402589,0.27914225740594706,0.25287322574076937,0.3000841661833949,0.27271828905742423,0.2761463789293895,0.27482644500462877,0.2501576181658952,0.20232762256838244,0.33808962677496895,0.3055099945926666,0.25934994258760324,0.3012590501001433,0.2236978243533531,0.23895212224656798,0.33004572718937203,0.3284065654756531,0.20597569117724546,0.2916023105483452,0.40033422996814166,0.2888982956838914,0.2593870489902341,0.3013876881371536,0.17950066941153678,0.2832784120018202,0.2300614017770849,0.2057212444107651,0.22677447468390466,0.2413312986047774,0.23272627370831675,0.2974519024037256,0.3143965286446183,0.24428469629907443,0.21288873998044697,0.23997972343012847,0.3260902018726734,0.33528700743639905,0.21315903112008439,0.3020229650199427,0.2777762236282459,0.21814130706722856,0.19339189621987246,0.2425150602161435,0.22873656870415862,0.29052938002908263,0.24920024935346882,0.2331443758854989,0.26141439803371197,0.26417174752169453,0.24455129854755023,0.2453098616962813,0.2105164221864553,0.31127459860736373,0.21178469173337694,0.3887104036054631,0.23289919177789722,0.24615562900659232,0.2605265217451656,0.2043004204959155,0.21647125863480762,0.1767918200755607,0.224286293515406,0.23192326990926473,0.2829834979294191,0.20937389736157216,0.22287040133677868,0.24867284052094657,0.23224488380806804,0.254090249842232,0.32344790984595684,0.2457283784120032,0.32144300036637274,0.31168555740264964,0.22814753953585054,0.24219576223329167,0.2763324033307241,0.23529122465496546,0.2691744523892162,0.2579808200270195,0.27543502105107565,0.28925048053862956,0.20449663510401253,0.24400035069370749,0.2034153846109334,0.2239064576758999,0.29405956649516984,0.20633918468889376,0.2813403219726089,0.18610160139773363,0.26223182040907006,0.25841228085740686,0.23129053373601524,0.2439522527742639,0.2915301893666143,0.2343667884605995,0.22468051429001293,0.30029421980380255,0.22256543631326767,0.26110776273739283,0.2289288990971142,0.344560845254995,0.2913319792097058,0.2724181877204245,0.2698536688664099,0.2449149010723168,0.2771477860085092,0.28412490554038994,0.21224514065003097,0.25806697320238126,0.2653046103752996,0.2750368364828513,0.21121439045748794,0.27872069919410597,0.2822993659671357,0.38903336946184797,0.26412286558162107,0.28500768939505583,0.2651014029759987,0.2903498636366818,0.2787103155144568,0.24181288345094398,0.22667687265780623,0.22027425378739976,0.23396781643119563,0.193889601542401,0.3127655540479243
0.24336589308446235,0.3614107714083535,0.2711517880926813,0.2720190202586573,0.2179025260821661,0.3410914673879615,0.27094122220062256,0.2993719015010098,0.2187264104476293,0.27811174556403334,0.32258006317286886,0.0,0.2598906183374742,0.183609025649453,0.2698271645686051,0.2923629789171351,0.2664476716982129,0.20872980851938647,0.3543488378419095,0.2796487024626305,0.3085147530221086,0.275645820444659,0.23302159342905318,0.28138947291853444,0.35273715812528406,0.2120584103745756,0.2155751722168816,0.23261439552541416,0.25464958460439907,0.23828969981720258,0.3079333037949507,0.3133832231587575,0.29127930158050164,0.2636980885065365,0.22842098032724065,0.2800148478787761,0.29811824977264373,0.23460875798941652,0.3830173104833158,0.2594508485723952,0.29580809077514514,0.22376141066266217,0.26379644186890694,0.3034502211879408,0.28424675712259,0.25972244487827356,0.23300208089709445,0.34419684874545675,0.26460074540254086,0.25403904625757784,0.3144501612402832,0.2555431004068933,0.2327774122282502,0.37376155316319337,0.4242892868459637,0.2291442931674592,0.28776208874160475,0.32045275830812114,0.24454457101499893,0.2603049405572828,0.30052510124073045,0.18941092640128315,0.25207644143013047,0.20067764718144107,0.21530282675684664,0.23436142245597563,0.23532002103967387,0.2219524774219986,0.19522907511292445,0.23309640838477003,0.23711449289148434,0.20802559560736872,0.20297698215347032,0.28065574322195436,0.2596504299572827,0.22880652626796688,0.2773962399905011,0.2884538954743805,0.2307657540935985,0.20711209460960497,0.24713630906346848,0.24009084127370278,0.2916836586325329,0.21856333517310098,0.24086237456206597,0.2635693039718151,0.24955385307033104,0.24084811762363242,0.2724560327560697,0.23501246756402872,0.22959870947704675,0.24965365732567119,0.32243997112890627,0.2652773213669096,0.21927904429993528,0.3652772347507122,0.22595786427504258,0.2608816336530626,0.17051750193485554,0.23749132977159215,0.2316882688658466,0.2731387468498582,0.22288089922834445,0.3064552518503798,0.22689241141444527,0.2503270766882441,0.2916877499204717,0.2545523769341042,0.2566777218308714,0.3455142949390885,0.36395554093077737,0.23163977416619191,0.24347346987126203,0.22860621968748923,0.23388468613572222,0.2297348475524746,0.2758068518893495,0.2867625555756925,0.30080515547036807,0.17443968475322394,0.21667784307293073,0.2214058152956831,0.22927510989753697,0.297369322050984,0.1992474528956841,0.40524045691782495,0.1911172334509926,0.27589953296102565,0.3375798683726501,0.23068938417019075,0.20873894092472373,0.24979347869904356,0.2129289410768353,0.22497564335311412,0.3060865535104342,0.21749609288328828,0.3052620925434522,0.23409285941002717,0.2761624059744922,0.3013917078646293,0.2581983557787652,0.235678295270595,0.26937491734190916,0.26038191131400773,0.2946761900751181,0.24646276547138313,0.3043065693535422,0.26858575661722356,0.33779449274259926,0.18013784014668552,0.2793252286769957,0.29674784594063475,0.25227323474137014,0.2754076359793888,0.33412637128470773,0.24861465017901707,0.25213811471354947,0.2983019295612493,0.23793265224577043,0.2208613927201782,0.2056363468005263,0.23404778499516796,0.2004017786164189,0.23569403239926862
