0,1,2,3,4,5,6,7,8,9,10,11,12,13,14,15,16,17,18,19,20,21,22,23,24,25,26,27,28,29,30,31,32,33,34,35,36,37,38,39,40,41,42,43,44,45,46,47,48,49,50,51,52,53,54,55,56,57,58,59,60,61,62,63,64,65,66,67,68,69,70,71,72,73,74,75,76,77,78,79,80,81,82,83,84,85,86,87,88,89,90,91,92,93,94,95,96,97,98,99,100,101,102,103,104,105,106,107,108,109,110,111,112,113,114,115,116,117,118,119,120,121,122,123,124,125,126,127,128,129,130,131,132,133,134,135,136,137,138,139,140,141,142,143,144,145,146,147,148,149,150,151,152,153,154,155,156,157,158,159,160,161,162,163
0.0,0.6561912991201989,0.6456903857855162,0.595894990079889,0.7140750056339452,0.6210091584836558,0.6288611336976779,0.5829374071205288,0.6540918593444939,0.642959090246035,0.6979632290744998,0.6537506250739576,0.670782055781205,0.591425822569458,0.6581700501555052,0.684796538367968,0.6637044430448901,0.7554886914555734,0.6064322572361295,0.7623216114191201,0.6925943006785578,0.6971377958668781,0.6352494629705684,0.6400254167844233,0.7502893371008599,0.6223324733357012,0.5862877092038273,0.6226800057897298,0.5879065713459336,0.5932410250479011,0.6998854293248961,0.6675337485504643,0.5982918759042115,0.6500114705914027,0.7077652821358323,0.6202625841447106,0.7374999889114748,0.6320260674433377,0.6018552543700332,0.6187266701947285,0.5897069584499972,0.6534291520730027,0.6852219468597083,0.6988721824298105,0.6886670926634276,0.7195700271226987,0.616112083476766,0.7124254293546967,0.7076513956721588,0.6695323079144443,0.6978839464071913,0.6601884427861574,0.6106324847705136,0.6404411729453934,0.6417227957697113,0.5989913134147324,0.7059328268287293,0.6483420215685292,0.5996714872777827,0.652805644132892,0.5865311338071052,0.5433420105637305,0.6261919098833383,0.5634480231080365,0.6490131957114228,0.6506211307206323,0.6629888053873522,0.6722833002488113,0.6144446883150794,0.6195969042226401,0.7480307377386984,0.6263563712203113,0.5964272181747131,0.6638336596330883,0.6204253678624718,0.6878221833473035,0.5949611673565901,0.6744186919318178,0.6142155234194583,0.5406621436953198,0.5856849467852342,0.719478337211205,0.6342317697011127,0.5625297723985931,0.6380501192425201,0.6459795032498206,0.6092964843135413,0.6237055633128179,0.6610267909280448,0.5876554411738031,0.7306479264104291,0.6964029351322722,0.6854997936924969,0.6537462855001908,0.6535320471853113,0.660021406959208,0.5526249265733422,0.6392221739625519,0.5457359633167925,0.6293535157319678,0.6049375523300086,0.55605328594743,0.6026070225135827,0.618533572672254,0.6551298776664413,0.6739936246366278,0.603348831269836,0.630120585441578,0.6732269715831737,0.7052349967664234,0.688866355409657,0.6591303188265957,0.6349915949449872,0.5948498038649088,0.6391324810944957,0.6260932100519526,0.6472995856926899,0.6893078576128686,0.5724780659925466,0.5838692802658056,0.6563519739305357,0.5502819785563295,0.6555018923987983,0.7391961729187895,0.6079030749837117,0.6489568347211006,0.5409678930934761,0.6072408446016714,0.6214684979132586,0.6426789664634689,0.5686601926300842,0.60539717043619,0.5646162189833125,0.6105737391570567,0.6622163266722207,0.6023575117735945,0.6187868743229776,0.6424873458652233,0.6491906526101436,0.6542203278842432,0.5973942734491214,0.6260076723081406,0.7212019559969177,0.6262950717350751,0.6988867756154619,0.5853753465570132,0.6422418578155165,0.5956091180041851,0.7328873529134565,0.4574719639896307,0.6998896430376574,0.5901815444416338,0.6510592711326358,0.564219689981415,0.6539791786436194,0.710397105687134,0.6034560221264699,0.636990142222111,0.5938556338517603,0.5942116396708614,0.5725951698141599,0.6417963419377781,0.5680844160919082,0.7199119128856369
0.6561912991201989,0.0,0.635304786756884,0.5918381649413392,0.6129489073412213,0.6403930958755195,0.5717844151849464,0.573882709909684,0.6326791252222159,0.6453126251326726,0.6200139660926547,0.6798501560123634,0.6150036507994783,0.5665872887871185,0.6086020336352144,0.6286539782304362,0.6483029151894122,0.6255212638035916,0.5871810291111262,0.6620818464229867,0.6406850018827592,0.6682450793912507,0.6046350495934509,0.6795788396170881,0.6517984610240878,0.5580383914184074,0.5984644834764901,0.6191498503113273,0.6424621686697967,0.5817389237079279,0.625614383703659,0.5630973657151518,0.641132580694832,0.6034213008837935,0.6213363656683217,0.5773929307989359,0.6022933921067187,0.6033693463238624,0.5803980888293966,0.6282989232684612,0.6510699388557905,0.6350213792527698,0.5309188701456501,0.6043708627022976,0.6268699583248771,0.659368195086164,0.5781254944239101,0.5748857753700963,0.590456159964843,0.5695684065321001,0.5767997828729909,0.6521865028035345,0.6195787113338442,0.6185574438234931,0.5587759485408674,0.6454827041975476,0.6282898395883781,0.6158256526076706,0.5222797558433782,0.6378449494162651,0.561839209137607,0.5034424176406438,0.5498125365856101,0.5201321130108467,0.5467589112997293,0.5588191884748224,0.5962391855879485,0.5564174637048478,0.514396480603603,0.5573596191939892,0.6077621213137847,0.5683602188981642,0.519910436076548,0.5876786567274187,0.6301444569731433,0.6027857048325013,0.5181202426448993,0.6619112232316998,0.5905998325680278,0.546079493138195,0.5881429920716251,0.6153304897269773,0.6860938365938527,0.5704869089392232,0.5740768216661432,0.7253902908478764,0.5236811107525848,0.5016105831036167,0.6278939501922334,0.6746659417084422,0.6016985053091597,0.6369261355055815,0.6048017622070527,0.6096821611599048,0.5943531651842567,0.6510933576442066,0.5270620777429007,0.6481887902627345,0.5107467891661681,0.603115371193682,0.5744658440432326,0.4741936550008589,0.5059093580384705,0.6076473481261003,0.5680503913184968,0.6420981911563235,0.5567448291476323,0.6810650480519551,0.6609061268086146,0.7248105899599864,0.5953970470180735,0.5674075010531235,0.5582236050417541,0.580764116983104,0.6131471565924803,0.7682490194549297,0.6375181145022933,0.5398903621169113,0.5415645577372383,0.5925358106314836,0.6057620297251906,0.5149034066229452,0.6224752985538299,0.7069594867927287,0.5636512039939625,0.6578495583017738,0.5096594542521763,0.596046167398756,0.6367507037141651,0.5817034827126216,0.6244479780551283,0.5801014342738564,0.5396346660122218,0.6311432357656935,0.5935966137317478,0.5431189624606204,0.642625380848953,0.6071686344075055,0.6225549384809335,0.6010913907113256,0.5686310916378631,0.5746024550448517,0.6860996754373277,0.5614256209072338,0.6300618157781868,0.49511175446869393,0.6567237972230955,0.6345272253975711,0.6813896139301627,0.48876267831144565,0.5849740405323551,0.5928466782125861,0.6185208446365349,0.5696090336724784,0.6594548837686282,0.6204614172344313,0.6081586937137639,0.6774182615611298,0.5838384117110825,0.5192878817246765,0.5733188491117763,0.6152336227087011,0.5632347803236797,0.6670937993917339
0.6456903857855162,0.635304786756884,0.0,0.6283682479982979,0.5974271908423308,0.6361772582424964,0.5631717130146965,0.6254493778843544,0.5774393664482845,0.6729884917726047,0.6308788741192535,0.590592837175725,0.7010995436448716,0.5655945037096017,0.5831741315422125,0.6700961823674078,0.6733041936042127,0.666995156883968,0.5410320568264787,0.6178190931293167,0.6945809183407191,0.7055927805677027,0.5705504965135679,0.6020193974034476,0.6534252696932377,0.6521983331058817,0.5868712695887242,0.6013321106330523,0.5496513342428595,0.5232876790811092,0.5664076504089921,0.6046583862768377,0.6034256016278566,0.5808083464431952,0.5614582553654376,0.582611108896482,0.6437429522174721,0.5882075777570992,0.5336500162849133,0.633845831094417,0.5784872539486785,0.6576171796053066,0.5970649044178101,0.5806175023082087,0.6848463101210233,0.7042367647232896,0.5872188502326013,0.6038830053642195,0.584224548007298,0.6015621449775234,0.639175880544575,0.6748368956584497,0.5716498147005661,0.6413497272523124,0.5700604854049441,0.5955033310491175,0.61416262575889,0.6309035824508106,0.5740756817113388,0.6058518090320428,0.6304366130112379,0.528562288894042,0.6289172774740395,0.522228428244786,0.570429059909973,0.637891768882789,0.6969097534653871,0.6605982849966471,0.6210342605944742,0.6204716512231238,0.6857241998564909,0.5394099214891845,0.5899982334904673,0.7136640280546206,0.645613544448301,0.55676438103041,0.6007306885716933,0.629246440596416,0.5959188587854428,0.5013763445793001,0.5969760110372763,0.6616677820072931,0.5999072307572861,0.5745257807300466,0.6049439749178611,0.6484279467024271,0.586632291657677,0.554837609000964,0.6220046359290189,0.5857333866483045,0.6576175363428854,0.5986758729882034,0.5743625627669758,0.56357563373152,0.6323163788228923,0.6043051447155409,0.5526423031857571,0.6318496306234885,0.48910908859377744,0.653381235038608,0.5197969308048977,0.5607675806162735,0.5705506076953796,0.5892448190390595,0.5976346421932597,0.724501328838232,0.6415797739169063,0.6449846754642232,0.6662677566255331,0.670769986912244,0.6097769084632566,0.5913149519221486,0.64722959717533,0.585321349931695,0.5992096479173541,0.6583787110690509,0.580206474830074,0.5501759247666023,0.6097963428848603,0.5734317323510992,0.5622865402466735,0.5635260505885384,0.5946325741853833,0.6457518830578407,0.5122569521484392,0.6002207203752246,0.5597910978713754,0.5927011994832194,0.6248038323891454,0.6080954519643179,0.5642126380672824,0.6546572500744168,0.5309066507976715,0.554565761145874,0.6024610464606113,0.5180474633467564,0.5346423397047544,0.5676885799355127,0.6493462149888936,0.5718904462557491,0.5694355768613981,0.5692694863050856,0.6696161753517826,0.6068613220073963,0.6159447313139993,0.5447895529334893,0.6002266095531398,0.61492891063711,0.6658741473572466,0.4504619471966535,0.5762145663560602,0.5289964366941554,0.6015301986777915,0.6165469594700059,0.6468906975774452,0.6619006490636091,0.5666401533501658,0.6733119175959202,0.5335236823426454,0.5417930234670647,0.610134022810337,0.5406078162285172,0.5633157525784778,0.6069399142465963
0.595894990079889,0.5918381649413392,0.6283682479982979,0.0,0.5706925247539881,0.5937176650434292,0.5751952926909255,0.5661396909915202,0.5061768504364856,0.5880775396655012,0.6821949858480497,0.5823688947722154,0.6144992597386145,0.5519960317582272,0.5853335092316425,0.6095024148384258,0.6427993585500668,0.6161325011899303,0.5759797129788465,0.5610311439568029,0.6458061321250331,0.6109840722443022,0.5727711875340483,0.5860309606263497,0.603409073328991,0.633800595129564,0.5721561926849777,0.6390796141622819,0.5873597783236216,0.4854169532737787,0.5486460395831242,0.5670078278193477,0.719561885605275,0.589140636023281,0.5684285000959347,0.5940365516504429,0.5941435339538326,0.5740799349838936,0.5563118150453774,0.6374075104138823,0.6269868542951131,0.5432711711863348,0.5703717629642459,0.6250826525836355,0.61062703548755,0.6301678038185814,0.5003924423623533,0.6124620232804341,0.5866390136008358,0.5741039385155265,0.6609641137335317,0.6709185800685669,0.5806838863789702,0.7371337440405413,0.6430502481152245,0.5036680633593469,0.6119351606493804,0.6165001490663515,0.5510148159138353,0.5999329801914633,0.6359204547889916,0.503922974488958,0.6359626822047758,0.496758431490587,0.5469302320029735,0.5985240163036714,0.6305988227144259,0.549406653652745,0.557205145512044,0.5863240385885243,0.5975326740126977,0.5392128154366842,0.5642823787426527,0.6690757639634557,0.6145442847594221,0.5517721471117126,0.5959642965792428,0.6085268643371188,0.5939280984971564,0.5098202485530333,0.5664144844215652,0.606913918753987,0.5331320285610621,0.5702928410524428,0.5965372404278622,0.5779674366697025,0.5562568743385954,0.5380159694122765,0.5887464192264795,0.50721825426266,0.6472686930766857,0.5733490543621459,0.6116652832707935,0.5851021045115237,0.6200969129940105,0.5724931494929866,0.533952509202228,0.5720967110220159,0.47974431913674476,0.6228187750511404,0.5417506650337874,0.5382267944365638,0.5876687529996467,0.5844127443779582,0.5928664555336692,0.5924963642949529,0.6082031570454771,0.5742703052268475,0.6282931849759207,0.5816863696616846,0.6601682818288682,0.5809430694504352,0.6120872579568402,0.5638985554813903,0.6375800914523168,0.606086164647383,0.5769849383259649,0.5331100727480844,0.6336055679461657,0.5566986449642555,0.5492560779499773,0.5745737026353043,0.5587068960576066,0.6420138353501156,0.5066720608552351,0.6405924911037583,0.5230105351862607,0.5418981785863006,0.6411538280806028,0.5737962024834917,0.48522546806991684,0.5730717190358078,0.5412330853240882,0.5665616855098964,0.5769827147471719,0.5052920201326756,0.49268867830557445,0.5832448058842832,0.6155096477833146,0.5624451771873832,0.6593031298351163,0.5360217795187778,0.6273182978532996,0.5832739868099206,0.5979790017479494,0.4973440939099911,0.5319358026230209,0.5841904970332635,0.5738246997575127,0.4399893427397861,0.6036221835373798,0.5615072673853619,0.5966573377911528,0.5036437513670987,0.6294198863084137,0.5871190125063611,0.568551692746575,0.6098277324800911,0.6334619756571978,0.5736905062213061,0.5774592994908532,0.5463381072285595,0.5266670149737109,0.6089057215577169
0.7140750056339452,0.6129489073412213,0.5974271908423308,0.5706925247539881,0.0,0.5359451011042577,0.6396805138599441,0.5152014372631616,0.6029450656645681,0.595150920919862,0.6305789831108897,0.588748730165655,0.5722067604805493,0.5750972945431965,0.6862621884183014,0.5874914251679461,0.5954373096893677,0.7173470965545489,0.5556950126489736,0.6540273697297242,0.638357140501019,0.6800914144586444,0.6145423990011453,0.6275284236405952,0.6471798553551423,0.5902890145550527,0.5549711581865505,0.5470812633003537,0.5859031499816197,0.5433230186618548,0.6369869826024994,0.5711951264744175,0.5877963476502758,0.561501425245291,0.7066394372167115,0.6075186545109778,0.6258504922652546,0.6025115647185298,0.5781675151240092,0.6092477627509763,0.6040591119581741,0.6022769131537503,0.6426919457026201,0.698281673375135,0.5992065102100841,0.6270297398247809,0.6044492851470042,0.6572241532961495,0.6754188833565823,0.6487989377511466,0.6418518293283407,0.6108663811644924,0.5943497989090938,0.6075134261616143,0.60382456410272,0.5492467166701446,0.6331758006425418,0.578813573381624,0.6032338462830542,0.5949592782737343,0.5138172833113491,0.5082130175380793,0.5722697852440572,0.5742348122997684,0.6529607658833377,0.5771976571077988,0.5967901499897438,0.626134958116944,0.5981838333841615,0.5543104662302851,0.6772329142555752,0.6292332716194423,0.5556099981230235,0.5969312810322833,0.5500819685454413,0.6043681285060734,0.5345481475840766,0.6549168610789469,0.5663623577809304,0.5017440430027499,0.5499013397762669,0.6776768667237204,0.5905142742555037,0.5153981849353645,0.5930676841215875,0.5947885026994627,0.5285860281092972,0.596758351185841,0.565552316243813,0.5375789589987383,0.7103777494164233,0.6640659280971799,0.6714479583347542,0.5814620473615487,0.6455120936948756,0.6250031827373547,0.5112392399151594,0.590256739142599,0.5496414520664235,0.5618722550146105,0.5825890177185263,0.5000822807125674,0.5949061625553568,0.622830829399502,0.6038036336150132,0.5909454540081658,0.5421884014388739,0.5770708743915378,0.6537664303259467,0.6267977713860109,0.6280849914138015,0.6547038236593556,0.5612276044695561,0.5484543285650291,0.5915394377505891,0.5666624630031845,0.5843284150901781,0.661131788297543,0.5474597965461305,0.5518310349172352,0.6852602866531401,0.5141496612038349,0.5952447455355466,0.6535444434397525,0.6125029156858143,0.5967085763762927,0.5097496096386337,0.5452912049381001,0.5794650680935733,0.6572138673159906,0.521452400286862,0.5463240165495943,0.5066340667023649,0.5872007660196231,0.6224135392612408,0.6360075417938055,0.571230301716182,0.6884449108247893,0.6435937254363678,0.6181693277482668,0.5882981831713233,0.578161586595838,0.6640180747521507,0.6163950442848698,0.6627925687179806,0.5685734010849726,0.61955767984564,0.5566114291512363,0.6622973477445835,0.4382382975485389,0.6236765666056521,0.5806634281832324,0.6209260780841508,0.5586020576112302,0.6080092756510594,0.6239444509432741,0.5408253069810387,0.5697619762893041,0.6096180181016361,0.5393304415743194,0.564923652473095,0.6086131196625665,0.5579486422771062,0.6895874177451989
0.6210091584836558,0.6403930958755195,0.6361772582424964,0.5937176650434292,0.5359451011042577,0.0,0.5081517947037179,0.648516601134923,0.606134016651974,0.6128716164959436,0.6045359718439085,0.6675187816093361,0.6234977982384401,0.5244112802825657,0.5218289204010704,0.6681943973309746,0.6455863468788623,0.5684682223030411,0.6035402085041995,0.6058878017779612,0.6489845836254411,0.5801880648801386,0.5312577767482414,0.5391522610528375,0.6565648832533704,0.5613731567256987,0.534466209160314,0.6167940558196328,0.5506962933351572,0.5730094795030527,0.600784710020504,0.6112492401148233,0.5832391947354383,0.6161235954189094,0.552862896382855,0.5650094899284819,0.6079157521623975,0.5947946052234088,0.5494823756837345,0.5320179979312344,0.5679481647305251,0.6349011115669029,0.5457771135102593,0.5809227886714744,0.6106555014822042,0.6260532255630709,0.5408204964893532,0.5741553066500228,0.5359610475347739,0.5495371352555549,0.5876110423352824,0.6767347322584641,0.568219210869302,0.6029864797935343,0.5569052301731973,0.6350433421412341,0.6109003488206843,0.7257833517034281,0.4898896663699898,0.5889206199619181,0.6323296959631665,0.5406903968034077,0.6205797907782185,0.48926344130630217,0.5234750693050049,0.5939486170732892,0.5819300000836258,0.5541434852190752,0.5154556939090693,0.6161934579301269,0.6066122571480814,0.5180963265328955,0.5527192626242591,0.595656720368786,0.7085645904768644,0.5869334091203509,0.5436313818066623,0.5937601194588388,0.608938041281482,0.5686032733047378,0.6352795101056209,0.6141021285624999,0.6104863806599672,0.6128274862979124,0.6124510173446376,0.6590276466711803,0.6259906692659499,0.5069696263829483,0.6641578101093119,0.6103431430425198,0.5991857331639409,0.6179845715421629,0.5612262637018322,0.5911907045148083,0.5755641702429901,0.6238463029281281,0.5717238607353767,0.6803049455514867,0.49786046248281585,0.6025309440035956,0.5314725141853814,0.5326269738510231,0.5359383097509172,0.5936529948538501,0.6010022819283453,0.6519826443155325,0.6117501995883364,0.6525320275965508,0.5703377140772226,0.627145272143932,0.6013531532509702,0.5638154496746224,0.6240139878488343,0.6232236133756549,0.6023642669787769,0.6611096515706439,0.6481759585903446,0.511627614818978,0.5729184880039303,0.6149244926546489,0.5305940249533179,0.5900917705591822,0.6193508034159857,0.6562923014238232,0.5291196589917505,0.6283872552854526,0.5380323174964484,0.5827348587651145,0.6400697840143211,0.5231608092383451,0.6276397800406841,0.6708137771882261,0.5667784307918178,0.6122720491983881,0.5652054575638432,0.49223416125203356,0.5629890815881743,0.5102377093615265,0.5332648741602117,0.5867716354986163,0.5579376613986281,0.5880879249788172,0.629980305121917,0.5788467557037769,0.6049953974945161,0.4948528667906966,0.6027770920195872,0.6140556219941903,0.6506628394648385,0.502218326255738,0.6005513588327447,0.5690542595321213,0.5614969458325185,0.5010309386768855,0.6849816415525039,0.6127056963628229,0.5447950090541472,0.6980250049328423,0.5120199306046102,0.5490443590413819,0.5492286701479788,0.5978216904265993,0.5728372383314657,0.5983203456572356
0.6288611336976779,0.5717844151849464,0.5631717130146965,0.5751952926909255,0.6396805138599441,0.5081517947037179,0.0,0.4775555388134864,0.5057866155096149,0.6262437659031952,0.5753086454927806,0.5444509010022301,0.5880392073312452,0.5639039680808466,0.5922993083928416,0.5507496410728682,0.5753361788591063,0.6390752119080744,0.5058219983919842,0.5522867463998644,0.5621784503611241,0.5862482554777535,0.708724404160457,0.5988950180478991,0.6162228897477299,0.5705713401318053,0.57735488839415,0.5646076551700253,0.5542056484395774,0.5033035337609825,0.5374133746211319,0.584234248389382,0.5543434182517201,0.6018168157904167,0.5933868669510899,0.5402803824636149,0.5999176788923618,0.5008983887586692,0.48811575539009827,0.660183158810703,0.5142670687632172,0.5753711839811937,0.5539244554092182,0.5815551910257901,0.5856279839350939,0.5970783990537633,0.5939130052617082,0.5670336080181788,0.7382707037003319,0.5570650039224637,0.6143310952613396,0.5563379029329677,0.5256497194844054,0.5665839700509314,0.5750474194740535,0.527799039385348,0.552269263086593,0.5153853294575739,0.6372988152495994,0.5687614815617751,0.49033148784989694,0.47582807766305146,0.5044695147144497,0.5169023366996586,0.5456556850401109,0.5313498404154782,0.6108720887737514,0.5995287787461967,0.5693871703487364,0.5005800100374299,0.5680708609683929,0.5499641845452005,0.5421287814399653,0.6108980393455737,0.4958732513192271,0.5851649819616562,0.5593149842803973,0.6413199114379512,0.48858235425987,0.4681008397199903,0.48838555425903163,0.5636386279044476,0.5363061032086669,0.46309457187185293,0.5323375676197925,0.5124852244414655,0.48184729625523665,0.5915693376652228,0.5627500347335755,0.49474426955460993,0.6287092175846984,0.6140760187628814,0.5917392018964409,0.5377775383092801,0.5744893502134022,0.5584152702220154,0.4438508658542835,0.5570998063097251,0.4898454416818592,0.6147940544655573,0.5174201051038027,0.477810116600737,0.5744012465217858,0.5480001390381626,0.5263742868531358,0.5579614737988436,0.5161519645716875,0.5531414450650657,0.6455603197207657,0.6130049234331115,0.639751730088013,0.5472567712133168,0.5610407456833418,0.49145575489839144,0.5328133627251199,0.5527305819964797,0.5491475223295614,0.6181377425353124,0.5543848961858817,0.5120976352459042,0.5433260995708864,0.46255651002152737,0.5428581054476617,0.6033315997366681,0.49777570741410004,0.5507080255966881,0.5084532035766064,0.5205374539088637,0.547392716886239,0.565232681297402,0.4829794412629637,0.48232479752961055,0.46580060957578934,0.48695161459314,0.5152186278047346,0.5032685605716577,0.5063320933366847,0.6123260135026423,0.5983695618967456,0.5154762750117726,0.5333131896068255,0.5291387137167388,0.6346205023309697,0.5234586221147223,0.5559605113719666,0.6055124026802278,0.5063230317071418,0.5201640520183822,0.5800262900791174,0.399944224156759,0.5323029261324753,0.5087317792303099,0.5455404955047435,0.5994463642025012,0.5426557404266659,0.5453509010409336,0.5462332710557269,0.5576201647032506,0.5919586356030775,0.5655130516363179,0.5406200615262882,0.5247777687126446,0.4824591225511289,0.5631923444693242
0.5829374071205288,0.573882709909684,0.6254493778843544,0.5661396909915202,0.5152014372631616,0.648516601134923,0.4775555388134864,0.0,0.6069159983691608,0.561314978437631,0.6044767149343393,0.6294431433487745,0.6253324904397645,0.48769201086010294,0.5502062351621897,0.6567334350173983,0.5683258497853269,0.5611380163833113,0.5495046954643912,0.5757123905539944,0.5819222854228038,0.5878972689983013,0.5076003636415274,0.5319393011066132,0.59947108218311,0.5667729771840896,0.5703051167909259,0.5687212205011373,0.5056514853791372,0.5696951852908482,0.6140245424055188,0.5525952275925855,0.5810521623750018,0.5485946082854205,0.5095226593009561,0.5293628945756689,0.6285783438514359,0.5868930128054294,0.5754925247877015,0.5143185961788562,0.5399708028262673,0.5448416551421525,0.5648920055708189,0.5311412304076994,0.6453646854834311,0.6282110605790913,0.49234947142771107,0.5633573799685344,0.5082806226696308,0.5268430242987258,0.5548918723963662,0.5698733526472904,0.5057123511240147,0.5646131355829481,0.5427054293047412,0.5442140449267644,0.5715400418306243,0.7101109066036397,0.45792371469228316,0.5590059596570953,0.6687493997721591,0.5019663959975458,0.5973115189231808,0.4528460303038911,0.49159678087556147,0.562379885551228,0.5720030283731312,0.5610340306572086,0.5187615925289217,0.7351887694984457,0.6034222518020703,0.48997748731262336,0.49030746014709287,0.5778193520491521,0.6508455514470787,0.5279405185118521,0.5559968200375792,0.5562357240477711,0.6442266535644711,0.4941538556772414,0.5439071096798899,0.5864187547646249,0.6088003541048799,0.6082112980332722,0.5371352399930911,0.6578621175228241,0.6777520474675081,0.49276216477258517,0.6266225819301575,0.622717888644091,0.5641453351528815,0.5347142794898065,0.531694788156725,0.5318781418492279,0.518721867561179,0.6063469756664438,0.5614897998874873,0.5530011060123724,0.44597482441589203,0.5517795967523165,0.5128195280083736,0.5978949204597606,0.4975627553803012,0.5564312755113261,0.5615499641909015,0.6455784529081232,0.577182396699421,0.5756311859828767,0.5464097253464423,0.5587917763877636,0.5313288777565497,0.5235547784132314,0.5446808558024737,0.5987471094622073,0.5769243808062655,0.6124984829921482,0.5333584384165267,0.5073891293364405,0.49027588980101205,0.5412687504077756,0.511733249119451,0.6434786237402269,0.5135269642152442,0.6136425234970556,0.47601812158993384,0.6299541370649054,0.47860151656948574,0.6594141586286861,0.5500633789363116,0.5349770252523657,0.5701005081623733,0.6202585228400984,0.5947524824751773,0.5523297457824505,0.5695542449195357,0.4691617341626296,0.5588361952963646,0.5056072761139649,0.5605892631756332,0.6089380384929203,0.5514876198454486,0.5200563453882923,0.5526234443992801,0.5294711690174227,0.5703253732611051,0.46692472865856904,0.6107864005673088,0.5961808120013032,0.5884181595780662,0.4477951705888394,0.6013806220010727,0.5080388399158231,0.5480016210832863,0.4975955227430072,0.6266735970242614,0.6743240988947956,0.5590823822550092,0.6545381655315753,0.4865106030689792,0.5009654715643195,0.5051445929750147,0.5159727655688816,0.5264572735336575,0.5690691845736365
0.6540918593444939,0.6326791252222159,0.5774393664482845,0.5061768504364856,0.6029450656645681,0.606134016651974,0.5057866155096149,0.6069159983691608,0.0,0.5676710665515947,0.5729551271297207,0.6681532549845836,0.5572588199520014,0.4952482275637636,0.5930913870796842,0.5950419351077336,0.5493985733552353,0.5886936275157633,0.5671022667514765,0.649124054729942,0.5879409701070238,0.6235478427736366,0.5293074251341899,0.5688737042405929,0.6383353339944284,0.5155919163737045,0.5321769794066602,0.5264992861779648,0.5236086743335858,0.6649811840688911,0.7229268156863986,0.5382621617135612,0.5421250683795228,0.5339198341010718,0.5791635200218073,0.5294471746056667,0.6102601493892483,0.5963243258247007,0.5895702044645065,0.5056710702553598,0.5525491262859331,0.6182729101269973,0.5614225450125869,0.571865880408771,0.5842888514829326,0.5950838164773905,0.5533552636339639,0.5673678330738217,0.537136476478487,0.5454611398247371,0.538191437170002,0.5642620122123535,0.5350584867984784,0.5340332964533212,0.515446768222493,0.6266336472165792,0.5876831086367742,0.6408123338428353,0.4719281985455447,0.548372372581153,0.5279516501922914,0.4883966668705037,0.5420860487466619,0.48483547967923996,0.538571553107446,0.533929400097019,0.5344326667451217,0.5746680976362278,0.5038609174804792,0.6075953403200481,0.6251648263291091,0.527620674915171,0.48555999418624907,0.5277279452607316,0.5862039385725667,0.5683816374041192,0.4881855832887455,0.5767109897538023,0.5864349031910985,0.5094058995056631,0.5534847099200251,0.6332085778464253,0.7143809073201095,0.5400506122006957,0.5399785510589129,0.6869620010521159,0.5760782114802219,0.49657814196055927,0.5855397807788031,0.695378537854633,0.5760686174174486,0.6060011683026661,0.5530989844988285,0.546097641595797,0.5360034228419821,0.6706744554835602,0.5302051578206876,0.5926608366063136,0.4907323975082059,0.5149169023188692,0.5367174287495736,0.4968999541723194,0.49337133384246423,0.6033593601413894,0.5555578378138641,0.5982305682070189,0.5156241837256583,0.5995365501512058,0.5493200115507649,0.6128454640889053,0.5349982002501086,0.5505919851791427,0.5165528255177857,0.574099595666844,0.5471223065736747,0.5975197161744059,0.5692116493381102,0.5482067828875163,0.4722502420443581,0.5467387249026394,0.5734045277473816,0.5355363691564411,0.5564134882800046,0.635060469761128,0.5614689808396047,0.5955769265729457,0.46734906105184065,0.591174162750652,0.5322937177666831,0.5475418691150212,0.6546563256535115,0.5777947723078959,0.5336417630520093,0.6083747809891004,0.5937946615005947,0.5383560650849277,0.6812657623347022,0.5379075964004083,0.5488939790206949,0.6499707765013285,0.5299616263149781,0.5439120756555973,0.5875606723741224,0.5444260169444219,0.6030402948370019,0.49003085425666404,0.782501112288343,0.5722304072425863,0.6633514637702211,0.4566357500235371,0.6112923928227681,0.5499594953470145,0.5654092027156228,0.5152543534093585,0.632079755675701,0.6669262102570107,0.5399817083213155,0.6173823821439651,0.4979913758568419,0.4800466654826635,0.5044960480174098,0.5912779788585608,0.5624243548438882,0.6413524579584889
0.642959090246035,0.6453126251326726,0.6729884917726047,0.5880775396655012,0.595150920919862,0.6128716164959436,0.6262437659031952,0.561314978437631,0.5676710665515947,0.0,0.6004113900989798,0.5974634554894871,0.6792900380005191,0.569834341708995,0.5571293433807667,0.6602732890845896,0.6620019789645665,0.669537804153088,0.532214765048147,0.585914374661204,0.6165641127338037,0.6067297602524621,0.6831322435545584,0.5868424345814766,0.7375978562745514,0.6043211691721,0.6402440775114335,0.6302409363723619,0.6018803518616065,0.5792635330100626,0.5623613364753516,0.621460260567489,0.5703611407049394,0.617556867411075,0.5613757554513936,0.5414620120912939,0.6566641544096151,0.5665992426059392,0.5007419305679849,0.6441471369351075,0.5483417402708364,0.68490262227964,0.5610872375837055,0.5686205220636031,0.6247146000408474,0.6772006275233007,0.6295516037337132,0.5702612131944519,0.6478573946299822,0.5444759888381703,0.5955660816718372,0.609559255470367,0.5501711889463847,0.5629326902594691,0.5551328082991814,0.6588089174351529,0.5822721566772312,0.600692660228871,0.5713188012136716,0.5852834105292041,0.547618848074081,0.5095562543279227,0.54710954129415,0.5116012598320311,0.5279904185647958,0.5721488508830506,0.6410796894080956,0.6445900960564213,0.5905205111181209,0.5834447202107435,0.5997761240267545,0.5513966779034841,0.5510965123088711,0.6356247159207026,0.5904625557248976,0.6339318742074351,0.566475664037047,0.7312050434691416,0.5607677797400684,0.5475031410644491,0.5953908025510584,0.575971693825106,0.649035424828436,0.5503748833560396,0.5844682511847306,0.6107021158111174,0.5452414931271535,0.5527051682529346,0.6871051166443026,0.585272773327895,0.6370437806511924,0.6161805913712826,0.5777461201028302,0.5559069629945579,0.6001439717957314,0.6371206509497891,0.4765664884165925,0.6571921791009069,0.49292484060657443,0.6484479867842645,0.5322345398698388,0.508652180542661,0.5624419668480509,0.6254530679494087,0.5532069961315677,0.6796478651028243,0.5747627721973836,0.7406187002250545,0.6826910769962742,0.6881689128617838,0.5996022421791128,0.5623149624078321,0.6082105605884237,0.5982590060753512,0.5778983949288126,0.6709538754858083,0.6394970572548608,0.575738622346183,0.580451996691205,0.5974567200865679,0.5442954767240242,0.5299399168175063,0.5943236976275629,0.6841056060668732,0.5151418050965482,0.6214417165018998,0.5293051339658003,0.5612934650786374,0.6137860639385279,0.5841241999951666,0.6135021450417492,0.5729331092009992,0.5283625608421555,0.5241282449108049,0.5289251526416593,0.5014628073311513,0.5759334792618092,0.5671531406440057,0.6220725066211311,0.5707432341520049,0.5654508616754576,0.5759998870996182,0.653085501971623,0.5495189441714375,0.616353801470319,0.5556355605432516,0.5510089468185471,0.6622931326467729,0.7161117664217158,0.453024346177824,0.5458017487678498,0.5658540269537682,0.5456992370062066,0.6292632448179224,0.6589540873873294,0.6147960105736099,0.5774722552296647,0.7317265536786631,0.5530554547829883,0.5753396340604792,0.6571711225940392,0.5796600254522739,0.5830661259397977,0.5910824657161529
0.6979632290744998,0.6200139660926547,0.6308788741192535,0.6821949858480497,0.6305789831108897,0.6045359718439085,0.5753086454927806,0.6044767149343393,0.5729551271297207,0.6004113900989798,0.0,0.6346986677677039,0.6609837067437722,0.5681041159325417,0.6472787078104857,0.704409071975625,0.6731525860177777,0.7024823877935986,0.6335687255060704,0.6753237329969074,0.6859206263286629,0.6737747894849536,0.6037331335545035,0.6352157738871022,0.6714000009851104,0.6347722743470485,0.6071886564708056,0.6801678298512865,0.6201121956455993,0.5501259303508146,0.6386368335474818,0.6123929079143046,0.6531584596946844,0.6139943487756172,0.630118077918517,0.6080875009693908,0.6928035140321596,0.6579369308647564,0.6626211919118781,0.6300405228827459,0.6297693987828864,0.5641474499173535,0.6576248167409364,0.6821025748139418,0.6549881838532429,0.6934651869881808,0.511661726550251,0.7375625589841591,0.6522800065183255,0.6264257935894463,0.6925500230173615,0.6408573309269444,0.6098334542102984,0.7056388594052216,0.7086530169805109,0.5209822344183321,0.7220264229775416,0.6707642915600474,0.5602776770526469,0.6449323131300109,0.67327004984631,0.5190699410477436,0.6616431654303985,0.5222805192618813,0.599746504912977,0.651663515095181,0.654814239376503,0.5896849902447246,0.5862201912695111,0.6630345165820402,0.6692934128847144,0.5995016477187253,0.5657482834423637,0.6754475610012123,0.6643665376217233,0.6271419217006108,0.6321212015479271,0.6467741179639767,0.6641674163936195,0.5556460929757162,0.588566028913779,0.6508188663899176,0.5896073844956453,0.6102655851426879,0.6294318378298726,0.6310897492698763,0.6277960562889818,0.5729489686987506,0.6367877308215657,0.5480396681475939,0.6794646734418239,0.5848107171732901,0.7009649837083088,0.6697578932492757,0.6409683967228509,0.6129335015263389,0.5713501161401299,0.5651787089510533,0.50274581370823,0.5985692399426751,0.6236179799368055,0.5882947118566378,0.5721007188369185,0.5907156638415954,0.6384693521023084,0.6304583186126036,0.6260520857542385,0.5985138091215401,0.6442363568611934,0.6300238077388424,0.6744249019525512,0.6307165057683909,0.6090946686747134,0.6290085452520268,0.6806881371505162,0.6188002768563489,0.6121637668138281,0.6373622070603019,0.5718300070233998,0.5630272192422558,0.6347116343625209,0.5919700358370747,0.5949429015231524,0.7361103799985974,0.5712341708894979,0.7184208892688475,0.5099188939290321,0.5915899290311736,0.6291255420757306,0.6328459341231705,0.5164603832319085,0.6164157946652808,0.6356046447781174,0.6198784882611486,0.6866139782104828,0.5740224893244016,0.5679655939813733,0.6243389394327005,0.676321517004511,0.6756554096701574,0.6613796324678666,0.583387333951755,0.6461001796844382,0.610428437241033,0.6970599706896935,0.5020739071905868,0.585677245699584,0.6237349999261814,0.636326887680673,0.45738702619037525,0.7381643594849902,0.6079327808645322,0.6832279363801586,0.5060675606541362,0.6588952998507055,0.7043273279692746,0.6633299233519729,0.6264961397324269,0.6394422038027757,0.603737148609485,0.570721658814865,0.6088368202270525,0.5629743143720982,0.7333690910827058
0.6537506250739576,0.6798501560123634,0.590592837175725,0.5823688947722154,0.588748730165655,0.6675187816093361,0.5444509010022301,0.6294431433487745,0.6681532549845836,0.5974634554894871,0.6346986677677039,0.0,0.5831282562764115,0.4944726945918468,0.603072950800195,0.6298035526468662,0.6004517224035392,0.5900936358998968,0.6791465614429943,0.6389612337006056,0.6299941397900781,0.6212662105297306,0.5863708496804705,0.6217552228789969,0.6860331531948247,0.5291689007262048,0.5625235642951665,0.6184060781311459,0.5591144918129701,0.6628894643118114,0.6962071963734261,0.5670585176230544,0.6023489547219708,0.6179122761555557,0.5773967032592288,0.5417712266903308,0.6159693944078086,0.5795784513742867,0.6226360834382636,0.5428847649689323,0.5856989264823154,0.6128878899244307,0.5557077542835424,0.5961033029230675,0.6087068562336826,0.6276130309081813,0.5266013537274313,0.5789858154634091,0.5728526117043219,0.5429418841346944,0.5765130994185382,0.6086936793169846,0.5543923162046146,0.5980214800788565,0.5599983716146771,0.5922359220039157,0.6264776822389642,0.7110721539933231,0.4813693695317883,0.5831379639574582,0.5739797087067382,0.480399056190319,0.5625953094445645,0.47047543193011615,0.5282875416822616,0.5485308530961791,0.5502115595395619,0.5405466494793576,0.49271270329838757,0.6152908077350984,0.5910540918995212,0.5170170190510176,0.4941062946802986,0.5672682505518826,0.6244330527090046,0.5870676753128786,0.5242226411556081,0.6024339621856097,0.6012099172581434,0.5286968155160714,0.5573204453868347,0.6251089422452234,0.6795337983809399,0.5477787809542889,0.5588849880375362,0.6691416188746232,0.5759704050036705,0.4955196068065864,0.6283811994346454,0.6421786997642913,0.5905585180348835,0.6140277289761057,0.5851144055784668,0.5935191799850585,0.5422547858622352,0.6577249223319269,0.5288038300164364,0.6131438484676305,0.47300357489579653,0.5546569045937633,0.538413479854275,0.5128031223130197,0.5086384996395945,0.6272192256736281,0.5578624229227368,0.6054704841615499,0.5488589234378136,0.6368794843554436,0.5716309322260749,0.6529774818919626,0.6120449911286523,0.5459929421287918,0.5345199101354315,0.5805017806254562,0.5750445597623989,0.658928230885924,0.6160794650410836,0.5587337912158974,0.5088899492609975,0.5437260538361369,0.5532214344758316,0.5418692295319496,0.5669058203958652,0.7047761593720929,0.5283176825116017,0.6659829662435287,0.4750059648676334,0.5990412579646333,0.5769661131282042,0.5259122168978496,0.6057280133242013,0.5782601882132951,0.5462679349943557,0.6105415326836039,0.5947872158301823,0.504664528426808,0.6442131843811629,0.5424233394493726,0.5652771411471457,0.65294904691575,0.5574322300074235,0.5367467081182661,0.6222818007622998,0.5384282060858242,0.5980010548772315,0.4855103595206713,0.6704732396968777,0.597731522897015,0.6524238050786484,0.4570991404393255,0.6471372692500149,0.5743572524253254,0.609698480194453,0.5061496975471993,0.6990311388464125,0.6419773548077964,0.601512904632192,0.6806226386189624,0.5336021656890214,0.5164035836276422,0.5089495826282652,0.5925735128563181,0.5426023043205682,0.6633874209346824
