0,1,2,3,4,5,6,7,8,9,10,11,12,13,14,15,16,17,18,19,20,21,22,23,24,25,26,27,28,29,30,31,32,33,34,35,36,37,38,39,40,41,42,43,44,45,46,47,48,49,50,51,52,53,54,55,56,57,58,59,60,61,62,63,64,65,66,67,68,69,70,71,72,73,74,75,76,77,78,79,80,81,82,83,84,85,86,87,88,89,90,91,92,93,94,95,96,97,98,99,100,101,102,103,104,105,106,107,108,109,110,111,112,113,114,115,116,117,118,119,120,121,122,123,124,125,126,127,128,129,130,131,132,133,134,135,136,137,138,139,140,141,142,143,144,145,146,147,148,149,150,151,152,153,154,155,156,157,158,159,160,161,162,163
0.0,0.30659867240044203,0.2489299903934976,0.3238001328127014,0.2621419847361064,0.28613353089605825,0.3253492076350859,0.2980321035829193,0.380786661077118,0.25965951187032804,0.32333750913509346,0.28226852416226245,0.39426513916730743,0.2967169342403656,0.32607261702123125,0.29068776782954525,0.32246563342252127,0.48210027540267947,0.3281566027463706,0.4355215637523041,0.33909831705248383,0.3109753605150852,0.34107517199873,0.3252962572350466,0.3791204234551678,0.31560445991295044,0.2965275368576062,0.3396306824247651,0.21893389118502957,0.2876403882926611,0.3444976706481166,0.32950698531675343,0.31476933884441677,0.34569060168902616,0.3912686768796886,0.2972759251492221,0.4278016840995792,0.3733603406464783,0.2675287499739501,0.389692099752567,0.30650052411164397,0.35724963457151954,0.3265907973743592,0.346934644669352,0.34217211584709994,0.44499785535263864,0.28609775035802965,0.2870113828867584,0.4278762384836909,0.38287191881308696,0.3706381974009986,0.3669418708056447,0.3203650256219497,0.2996386172385956,0.27642637687231847,0.36872008987155364,0.48072044891224375,0.2927684162129159,0.2992920053913984,0.3626661162106164,0.290924287605832,0.28695941281671,0.34293416401105664,0.2599915952078299,0.3742907752920358,0.4402216554500003,0.396388085055786,0.35361767179301573,0.3092476331799087,0.35200194494956355,0.48683139291423727,0.34002503382604493,0.36911275281002237,0.35599230516899283,0.33924634884791866,0.43048181675619834,0.2859490737203246,0.2738033012281715,0.36918408378705975,0.25928982159223063,0.32087431883650347,0.43569970903421273,0.2980938937335454,0.32099875019820623,0.3839620889824783,0.4262909824944854,0.35337949105941696,0.3537973809161093,0.37902712655847326,0.37097852375210844,0.40537420547103353,0.3461342672606464,0.30084588561607545,0.4595524012758042,0.37282038482547064,0.3100897851247386,0.26409063043396974,0.3227562309458653,0.2856446710291036,0.3877785937080916,0.3120616938970377,0.28318450727766414,0.34272689833870285,0.26869484363487606,0.3656954393222297,0.35136447228439166,0.3141222902654786,0.33332760585680926,0.35733553049919153,0.31512039329735486,0.3617590072186151,0.4230780791560966,0.38905145346449876,0.30116084467704685,0.38646178903619616,0.3560789471444522,0.35415657342017526,0.30091621311145644,0.274915307841125,0.3078194309425057,0.33446007370993347,0.2969536510433288,0.39539707765812704,0.3919578675845231,0.32809372733313147,0.2724955389112703,0.2875853627963939,0.25859280328972,0.26857372899260845,0.3936945854742409,0.28900919916230605,0.2934834127813601,0.31114868182119654,0.38086520042419064,0.3368870718498386,0.33780432079389533,0.3225441416949592,0.3929135902271758,0.30793661942555406,0.3844032758610842,0.2881881007933206,0.2998251067834635,0.3962089415310152,0.29383825152343707,0.3791813702447813,0.4300455723714624,0.32766661611664877,0.2802964204085569,0.32158270877460415,0.21289787653227982,0.47332428943724003,0.29519288599370647,0.38467318622195606,0.24306270997718668,0.3588161124047336,0.43700619184741035,0.3545266926461363,0.3169225165462321,0.3375508537940288,0.35461375578970267,0.30248335460296794,0.4083875217857866,0.296182614871147,0.4658060927068233
0.30659867240044203,0.0,0.30156907745793077,0.29891245241126246,0.22965876243859656,0.367709405411343,0.32246880694614394,0.3562858076837701,0.28666526021592464,0.39134286636181653,0.33844353784022085,0.3659002019663958,0.3261707756972684,0.30846968287102167,0.31834129810141065,0.3093499657028675,0.30075783474460466,0.29880494392348267,0.34946909060016723,0.311921534605854,0.2996509047444846,0.40839891120331273,0.31566301840205124,0.3056571389788557,0.41267786009104246,0.2351140265291357,0.29461027170372284,0.3031309308854124,0.3415055856799881,0.26599185534224545,0.37477307798974036,0.3552848611769377,0.3597546985369492,0.29735218618954007,0.3007045813317108,0.3270739749568328,0.31662329593101174,0.32547448691400654,0.33693064077032925,0.3040242205411763,0.33022900394144544,0.3433573206069759,0.24245635272387545,0.29100095666555753,0.37365131736568946,0.29218944206489406,0.2745527807118184,0.2697419539280863,0.34256404096311427,0.2804281497483492,0.2789492926435272,0.2630877955009407,0.310155535788972,0.39603853765109454,0.3537759486115261,0.3550858456603192,0.2886832678731199,0.30132021619408766,0.3035184126859226,0.31760844453690373,0.33341169505880275,0.22908314110518024,0.25165445463606184,0.2649260045221382,0.25669710847698646,0.2684120975607451,0.29792519260684913,0.27494172164956315,0.2887244864627357,0.3252658922731958,0.2849583675106277,0.27489754248850135,0.2482904474842406,0.30404555550641355,0.358613898020319,0.31379287068249767,0.26864436027754773,0.318732683494529,0.2674172908568153,0.2208416758938155,0.29630928222502406,0.2806876243727503,0.33456012911443384,0.2971964048773071,0.26477929054216215,0.3969922385875275,0.27585932827299064,0.2516309080247173,0.29881588837700157,0.3444261823075064,0.25623209609941805,0.31646611444680706,0.3326095988205965,0.3112579741254364,0.29149948610536314,0.45676949222480334,0.28909979952432996,0.3447984932474388,0.2327905402170982,0.30121488447372713,0.3071157098612009,0.275162315145919,0.22792260002302211,0.3247469871689433,0.2646911791604528,0.26611177382250406,0.2756997368122081,0.38751266731590084,0.3177832314031837,0.3756083057479951,0.32108555843789,0.2609116306373297,0.2804224383993421,0.27788946503534034,0.2899889950021302,0.3228097642315693,0.31220881970306674,0.2821019559503949,0.3033265330238798,0.2667071426161706,0.25448515886488315,0.2541483258930078,0.28015818438087975,0.33239582815750707,0.2562783488714831,0.3944450824728186,0.24771210542448957,0.3269405543778025,0.3681342650162709,0.3137254552217524,0.3458812320343022,0.27753364700347016,0.2509079073718126,0.30322067297684135,0.3408577961284989,0.27610368087042164,0.3111113598195294,0.29944865516287617,0.3202124599059923,0.30643677020790605,0.3143148037642512,0.35346015603132686,0.33732476171383224,0.29922184572085386,0.3567730394639028,0.28031699833879586,0.3145121227815436,0.3198270792955107,0.40232358392749473,0.26356047663744725,0.26635801079985005,0.34951111895845954,0.3178786164072101,0.3253863751089199,0.3466745501738629,0.3344646861241516,0.30430115832497395,0.3189510650826697,0.2750678956283847,0.2613581469790448,0.3321244199610221,0.30497688647800375,0.2594039973444033,0.27503389509742915
0.2489299903934976,0.30156907745793077,0.0,0.2558858884595515,0.25755969978210635,0.32931696617013634,0.2736531872728247,0.2791164893684372,0.2095583036462131,0.38237734213360386,0.3523457411806956,0.3518253869491951,0.3164289445017239,0.20581923018716175,0.27893736168568906,0.39591327265676235,0.3129853106111694,0.2572439000427165,0.2720673632094871,0.2286322847853722,0.3426056962824226,0.38991625808672,0.24358351461600583,0.3035390422865579,0.3082908712413542,0.27372752409854884,0.24013381555955357,0.24776450433638106,0.2792773349794745,0.2790092544805153,0.24795098459815057,0.3223110161522813,0.25461242329697137,0.23716166411532064,0.20876807707830466,0.2476456492786977,0.3030435028922051,0.2426612797214454,0.2845460136507641,0.2760559350361467,0.252980527145568,0.29209845426754905,0.2701823743318415,0.28033008295912615,0.27730681853538336,0.2721603763026305,0.26565551019955325,0.3276993227281026,0.2798672129662572,0.23994047598606733,0.279976492933231,0.27555621804893976,0.20485583519779402,0.3266022705937038,0.3095558797354794,0.22856029949543655,0.24708469753657955,0.33724739541440535,0.24160207643595155,0.238655624669138,0.259482667880561,0.20377803374863657,0.2787388112482056,0.20046449114864293,0.2120371699269901,0.24208892652695224,0.23895865478994185,0.306858379500046,0.2700218231589586,0.27709933921881164,0.27337388751691677,0.2018953805021496,0.20734917732419758,0.3467543800667997,0.2950522599762762,0.21703786694525556,0.31319566323421966,0.32178592012956586,0.21937011628077724,0.21250938814045117,0.27803673783073324,0.23650498977140438,0.3148956055947287,0.23950550354375197,0.21993405715768446,0.27495404511212795,0.22899943018849708,0.20914935498064716,0.2496279791812027,0.2188888523512297,0.26814779889101437,0.21294156931890557,0.28272494568829093,0.21681465090999513,0.22160463477546505,0.3095397207221635,0.21147214664356676,0.2484381945958273,0.17388563126762124,0.2464486083088855,0.2041363726601305,0.276703488703203,0.20285884087263611,0.29617653203091654,0.2154630804377919,0.30748526270917764,0.27324871996852584,0.26768338211680814,0.2766195265808613,0.34185057184837647,0.3047461026687006,0.2102093280131237,0.22739142526646794,0.22654514560796116,0.22331659706193974,0.2771561790233111,0.22738801890366878,0.3448768919295037,0.3001585575086723,0.20608194589850598,0.2475889950211947,0.2069855405063104,0.20384667294318076,0.3188995382921573,0.1738996422445768,0.39112121236566094,0.20043911409829265,0.3047643750813974,0.2999822199725392,0.25154804548982157,0.23675229283696528,0.33754054816834345,0.19443809099537981,0.1990298263648403,0.276391188757562,0.2197230877625987,0.25293307781783325,0.23103993929675526,0.26889159689350794,0.2564723744051455,0.2315654722185936,0.25968527465568664,0.2344327294859349,0.22891471268478358,0.28100458326011796,0.21842874891135533,0.28932961168279214,0.3147140187944097,0.33611182448799876,0.20666333670818005,0.21212842582490013,0.2246891263597044,0.2669282718038574,0.31657621422223886,0.3191118654089196,0.26066213576214475,0.28032311541296623,0.3625594215297359,0.18733596300608815,0.24080165774855852,0.276611455916367,0.19769237582171392,0.21312357831677867,0.26010096910170843
0.3238001328127014,0.29891245241126246,0.2558858884595515,0.0,0.24468576543317228,0.27033759520791606,0.341354226568767,0.32317442522197587,0.28633003964178655,0.28160479400652766,0.31000589063820855,0.2599140781654445,0.3288071339251718,0.34647535297603743,0.3510553843299887,0.2746446221705206,0.3354368746498137,0.39673032845286754,0.3295460804967288,0.30202069120297254,0.3359378873356142,0.28134339659177376,0.35369352039393676,0.25985271058691606,0.3152622389919385,0.31140148617258634,0.3557951748570205,0.364609228941217,0.24017794337828713,0.2520411303695981,0.31412022365610953,0.3135203863556464,0.44462091961024963,0.33370774705699774,0.31793336095539587,0.32497515494034535,0.3158964523528794,0.39525332662535945,0.288815195240584,0.3815042779341012,0.3519760077116944,0.32722737486021175,0.30363221890869796,0.30651136998493844,0.33312274049541335,0.3883949013891366,0.23627721331188473,0.24452830467411804,0.3525222898721385,0.3492419445451948,0.43154289539564916,0.3270465941234109,0.37185597104175877,0.3855929395978171,0.3079038790679592,0.293297109278697,0.38638313591952606,0.29737065172985727,0.3551569447843718,0.4016216596643737,0.3621601678366451,0.3037400933571938,0.36330922967045043,0.2543978729543516,0.36290246469469706,0.4062154220117105,0.4150094854617792,0.2877509440716523,0.3777418438762464,0.3643734518974398,0.33582872834874794,0.32048747720616044,0.3189793788902359,0.4511433967191986,0.39293869464035547,0.3318993497049993,0.3736379274454785,0.29809524183140507,0.3621289121203008,0.23057911909334186,0.3293512923304516,0.39814865642005415,0.27195547539574766,0.34711497290237736,0.38240958758687127,0.3616454312337769,0.34944546720429465,0.3776413861012215,0.37593058934747536,0.3009282713667185,0.34399221279497405,0.33787763244318786,0.3035569732455786,0.34247239379642075,0.39571279830759004,0.271709067567483,0.3129127074928213,0.31702871221192425,0.26994353567544105,0.3717407798883994,0.31097150598168455,0.340159042768716,0.3686582694594686,0.2736116397874758,0.3681682349854792,0.3165739190907357,0.3609853327807532,0.3004722105041629,0.3714728366696192,0.2514517621176418,0.3507813732225278,0.33971062248672756,0.396592950049755,0.4080509767893574,0.3607007799764404,0.29615395491848784,0.363106611971096,0.25016083403513717,0.28278998339215355,0.3341499121540166,0.28948273594278523,0.38885248017609914,0.28715775394152476,0.36182409985888786,0.26289784772661484,0.28333390705879147,0.32848528339984456,0.26440437682039764,0.30068421018258945,0.4413012032878195,0.28833095014196464,0.3403803248470838,0.3231010382450162,0.3332846729981742,0.3031936159209442,0.29180282089720794,0.2197547817316961,0.355884281426307,0.3162093922786138,0.3680482278966159,0.395757691321011,0.30161467042573553,0.4003732046682466,0.34356049098179153,0.3298549780203065,0.304502883548828,0.29222865282873217,0.32435962655749484,0.2679643328787092,0.22623538625543704,0.3525865238191003,0.35969493314443435,0.364606851949205,0.25405344756786696,0.34532104745224673,0.3759816288275088,0.3226073190140203,0.3041907362852399,0.362262130909911,0.333936914651011,0.41169937252739996,0.31591214978734095,0.3657561474614809,0.3007044120745825
0.2621419847361064,0.22965876243859656,0.25755969978210635,0.24468576543317228,0.0,0.2263780465683351,0.3314300530336271,0.21399720341258616,0.22006133228805363,0.2149676145136231,0.26441332132909445,0.23402484443593682,0.2453702224281299,0.21753039716071673,0.315077243111609,0.26633511024136625,0.2791454501351229,0.27445184463693273,0.23834101955924009,0.24155267635518232,0.30925581160779264,0.2743667757473698,0.27338940279021356,0.3025092781370483,0.2357969168496588,0.2500365062158725,0.23139436584177422,0.2242433737373212,0.19704277006273965,0.3030635143573557,0.25651781219948666,0.23669018713427584,0.2583461207875707,0.22479725188182478,0.26365048492361587,0.2443169749775987,0.27956882173961173,0.2522381296209459,0.26553685392683196,0.2760645403885191,0.2847405240189005,0.28324109956998855,0.2935151305363017,0.31223465478279216,0.2237726228766336,0.26529771735015245,0.3204831819056692,0.27009385044074957,0.3058519755479233,0.28630993383463194,0.30679482647394646,0.26725711085767195,0.24321356692660606,0.2525929516907988,0.23159305904514058,0.22137849400131152,0.25679481685266065,0.28426979078108083,0.24825898508100042,0.2546894164373682,0.20170757142025675,0.21443366107153466,0.2626182627666922,0.21520929531515048,0.26290548538346487,0.2197875666767603,0.221041026713497,0.29325918458680794,0.23989757959299154,0.24895461049148568,0.2888115581443115,0.23555239071223502,0.19745956192459144,0.2879414658839261,0.22987904232243697,0.22979689513731225,0.2717638451200526,0.3932980040231523,0.22167275128866992,0.22893198226631975,0.2720421817878809,0.2690190155404875,0.3013986747428477,0.2050944829799711,0.2245947213479632,0.246475267564867,0.2204125739915344,0.24125701630387994,0.22836402951564197,0.2080641815090904,0.32630129113325274,0.2615340082378139,0.30606630084805647,0.2229069463148425,0.2425609343291826,0.23094714356308668,0.2013708971966511,0.22471528983227615,0.2115146508451925,0.22197982972379163,0.22457765219983378,0.22733361627348442,0.22719522251501925,0.2175650372444438,0.22582043857441025,0.26857803861112073,0.2396528780591891,0.23092259856620548,0.31469470751514106,0.2584477628249724,0.28586787321522333,0.2464769022176228,0.2143381808717847,0.22990688617418667,0.22091643014265994,0.24087977980498648,0.22865306287255166,0.24888383201019487,0.2227230460879854,0.21277684185335982,0.3268520078141571,0.21828748702891232,0.20731439072088198,0.33964270975051875,0.21130505195555985,0.23250933847376012,0.2107767012017313,0.25661793342701295,0.20506469225425739,0.2777526521216136,0.2204456677373159,0.2737788884289822,0.18686784277469448,0.2230559684331238,0.23230441610628869,0.2824937898588415,0.24569369614632997,0.294861033313451,0.22726515180395154,0.30370390096486144,0.2149469243602837,0.23844225301501304,0.26958983904566275,0.24153869308318845,0.27213966201191203,0.2342803023677996,0.3214392946498946,0.284601528267666,0.2164848310311895,0.17707161761717585,0.22922475569133968,0.239209813401375,0.2882313780795651,0.2620158243707194,0.26743096312759623,0.26095818936071197,0.24307612842768428,0.3010779255378154,0.21949125473248202,0.23163705703589066,0.2504263819052805,0.22128317431154979,0.2346819273644188,0.30121184764059233
0.28613353089605825,0.367709405411343,0.32931696617013634,0.27033759520791606,0.2263780465683351,0.0,0.28249485830571786,0.31081390061583153,0.25047223264456636,0.2816702032593451,0.3894330811038747,0.3596588348233211,0.3837545826091637,0.23013326311030413,0.2928107997784928,0.3958807208309142,0.3340811535954612,0.234618024250151,0.3124400999348187,0.27735217672244283,0.3372539119010369,0.36825586227387386,0.23050984549024536,0.285357295773309,0.3502420288694304,0.2539855562130273,0.24934834034224246,0.27290968991243614,0.2702951040882574,0.28859005506248775,0.31731949050360847,0.41179278448337575,0.3146930806334583,0.27213184176495414,0.2471184479885171,0.2715677976445436,0.3560110449851735,0.2746903979346105,0.31558189916096796,0.26070176933287265,0.2830563257716559,0.3287708080151074,0.26830915156786195,0.3383102546614048,0.2948725171999478,0.2689879270906638,0.26190604274233337,0.30571802011710286,0.2603699748011563,0.26141671551548873,0.2954402858553549,0.3007905737510257,0.23809975364515001,0.3588063918224605,0.2962409550342834,0.32546161561093984,0.2663778344045952,0.4092128607983585,0.22507338656844086,0.25164249889092183,0.35076957651403107,0.2461002299387316,0.30487482715761094,0.21279556641739786,0.222510486158092,0.25470880964740084,0.2768318030763089,0.3177564904605767,0.2467120658159737,0.29283337392335157,0.30513099327024285,0.21411792076861252,0.24706229415037828,0.3151565119123388,0.35627602095871774,0.2653306034285806,0.31944921064258586,0.3081390104861302,0.23457516032716272,0.28584786534110257,0.37731289813229313,0.256080999112204,0.32060684144476653,0.2994585104546883,0.24608807919373726,0.30236045444805404,0.302006820265707,0.22810504131398202,0.2941780613401187,0.2819402466183645,0.28043246688634343,0.274745625432142,0.32328695002467683,0.2624270197211073,0.23282053256255889,0.3833011838397865,0.2707079838107498,0.3129772963206059,0.20096472652484867,0.26870539277755123,0.25490445333015715,0.2782733106699985,0.21763810499545425,0.25162729954425317,0.2458600821926869,0.3232702661707573,0.30823546698504894,0.31161225990462427,0.27426420805321605,0.38562008899127653,0.3410073630891025,0.22691832367196893,0.31165624770555994,0.2770900234326328,0.24574351678995807,0.31745471437819156,0.2785476117758802,0.2524282359444878,0.35729047154357646,0.24566842429008984,0.24873757051568915,0.2531801959297086,0.2650110595799021,0.34865133361737494,0.23487297404567445,0.3616467634126953,0.24425887260826146,0.3205487222084118,0.28995101723485717,0.24827402847219462,0.30502445825852365,0.39890039721308607,0.25094757534940726,0.2591717542699135,0.30377870873289203,0.25944400180250216,0.31649090329429297,0.24164853558533156,0.25011459843589623,0.274438892249977,0.27340033664175073,0.33669828357762493,0.26093035570736334,0.26540886136168784,0.33628733503519437,0.24373320181959776,0.33944398590728986,0.35748158715243117,0.2924575125411794,0.2449841188013467,0.24858861867733284,0.27214094998747346,0.26271331870890435,0.29006165631155745,0.3530145649625925,0.3018040064807094,0.31191255058823925,0.38340535535856657,0.23028324016547544,0.28889381892459365,0.27149862394869656,0.2658678815378116,0.2363353130884882,0.28414663969775367
0.3253492076350859,0.32246880694614394,0.2736531872728247,0.341354226568767,0.3314300530336271,0.28249485830571786,0.0,0.26424073191413416,0.2742708347272903,0.27610026352893435,0.30925968535799064,0.30683218069572754,0.33258925408772105,0.295786437987563,0.44201037458862474,0.26789572579983245,0.32470682996845907,0.3485864127420628,0.3001136043914058,0.27636429181210376,0.34300720748140956,0.37563994141153545,0.39775485907820474,0.35345866773254797,0.30744005164063815,0.2813448767166817,0.298252096603564,0.2779039049614855,0.25747772684787934,0.31236650259596854,0.30456530697431444,0.30042048972380503,0.38210564796685126,0.2882291586970004,0.2841849057101339,0.2727071665741288,0.3771594933135258,0.30110775077515206,0.30485323212364135,0.3975348328481072,0.36737389840877577,0.3927235494475833,0.33683228988691316,0.328741844262883,0.30398105867579944,0.3368062494178966,0.339663284982745,0.24923616283322247,0.43571605903118704,0.3195685709007658,0.39795283750309657,0.2977812556301961,0.30425405548661266,0.3423499062190202,0.2920523407910638,0.3001047866505242,0.3168880400316576,0.3042866573744088,0.34570477517359377,0.3048341963867329,0.24540696455045014,0.25516789455494837,0.2964412662211169,0.2548110631451896,0.2982468296718799,0.26235012424494514,0.30361750874848886,0.3791023671225666,0.30542460710493374,0.3006148472700598,0.36500057697984717,0.27271526851361266,0.23859960050815032,0.3966475670404503,0.2668423542234835,0.2850080739507767,0.3566514566114538,0.36747891114171527,0.26280406116302907,0.22756503638389758,0.32557039057125403,0.33833063386774986,0.3552096427164149,0.23932834832542696,0.26532007792302575,0.3251967973041967,0.2597842068203686,0.3016545625806882,0.28713452300057557,0.27542896238485104,0.3632587762503326,0.37151557274813735,0.33810139618185714,0.2727149357130739,0.31022012673856497,0.32520956201497037,0.24346868827150214,0.3029155878807079,0.25150621314941807,0.2933782003573724,0.2741812483382035,0.2755979411414218,0.2813705670844803,0.27240816553875685,0.26395874045581436,0.31862565851546015,0.2771209517730489,0.2969585975033482,0.4267536719077788,0.31937373029111754,0.39153309606955,0.2836755760713792,0.26748392575557894,0.27166158293456605,0.27017021543687775,0.3162360875566898,0.28660801354786286,0.2864513167180043,0.27984657892387427,0.25343751831134953,0.304144374047012,0.25308610590604136,0.24917576168817318,0.40768046499910415,0.24033845663302486,0.30181796283883106,0.25221798654444894,0.31248213401258657,0.24294790478220418,0.3581768923408124,0.27140335944182564,0.2894015752278561,0.2205780060558492,0.26750442809521335,0.2531554080495324,0.3281905539152484,0.2864182069502123,0.3497132274075209,0.28469101738137775,0.3491263715260207,0.29430870742138493,0.28733009320947456,0.3552510095203524,0.2855063454949609,0.3323600602599355,0.32948571610084587,0.371426325885749,0.37191175786828157,0.266577634493429,0.20136775152255904,0.26447545555295277,0.3209984304784986,0.33342911916069934,0.34143429714603496,0.3516617022232893,0.34285634931625697,0.3494245909709524,0.3440892354159038,0.2932019996472801,0.29741411739285384,0.332323061839848,0.27212238489952634,0.2895014088764912,0.3417412375854671
0.2980321035829193,0.3562858076837701,0.2791164893684372,0.32317442522197587,0.21399720341258616,0.31081390061583153,0.26424073191413416,0.0,0.3159854883013082,0.3179367585110708,0.2936503176800991,0.32440341521942934,0.35749298554506564,0.26035135622371375,0.2975019885670938,0.327617244627952,0.3252138608040996,0.30711159856345976,0.33038635360019075,0.3305725189428822,0.3123088573025327,0.2811387476777669,0.3012129590217786,0.2595739002508881,0.3692022930795445,0.24615067549641947,0.3710421043094608,0.3525876488652737,0.21656858482877417,0.28020905151402625,0.43705324271986545,0.3478195933012406,0.3206720499487025,0.3236352136002943,0.289294880094292,0.32005517898432906,0.3300240893227317,0.3551297707770589,0.30081457972912906,0.2843722570075816,0.2977320367872918,0.3096160923079451,0.28343153610303035,0.2689493163606891,0.4349996252894504,0.32419305621986727,0.2529896089738852,0.24102972817691154,0.31498956795194527,0.2856197742217316,0.2836738925175676,0.2600018992704903,0.27762324419484363,0.3048945912843471,0.28630979649690813,0.2971255584876825,0.2945628858487521,0.3776755434927998,0.30464491665670146,0.30541325690128734,0.431830131491735,0.23464359886642638,0.2910415912015731,0.2732418070287382,0.24852004162140837,0.2917952754030294,0.3171187995567026,0.2608153348636931,0.3558579390843855,0.4733419802584139,0.2731199754911327,0.2746009546366069,0.274566626130606,0.33981189592036415,0.4489726231142841,0.30316452466008864,0.3139317113421156,0.27646013556547483,0.3235465845335078,0.19884080465475962,0.2816156812509865,0.29257232426381263,0.2965548289265269,0.3528523960506694,0.2985520369238322,0.399735137674143,0.39673217128334404,0.29114954251722625,0.4054469973104591,0.3043894080603113,0.2644000224099829,0.30220477367705134,0.28550355778765113,0.2773520345080595,0.2871502296934793,0.31948538011564376,0.33169286042362545,0.37962838191910997,0.22413677570509918,0.34962097039808937,0.27705449052288117,0.37409236323789924,0.26991985703690463,0.3147526718942115,0.3162417487933377,0.31106795374608326,0.3416887486821234,0.39160201278166873,0.3023327172530338,0.29551092481532043,0.29735208045104017,0.27167204783040744,0.2936883376533041,0.3529105681991279,0.2830125190200033,0.30433858622235194,0.3450449260036498,0.25616885232174513,0.26108335745644046,0.2864159468320037,0.2361027160881799,0.3623422638782374,0.24558451806752388,0.29831648901831953,0.23039466191256588,0.2931056063579548,0.24964571787287793,0.3444992205229478,0.29698160747214797,0.3059699662156346,0.3869791167119745,0.3111871296246143,0.2933846251782835,0.2674762568598651,0.30988611087999096,0.23118173194202143,0.2831550055530151,0.2707340995651943,0.32911843861519463,0.3352368042908191,0.3106916759938274,0.28628797070255024,0.3307017639796608,0.32029109852312243,0.3285151187791651,0.29609715836716277,0.3156936022394445,0.3236924155534811,0.33061614596419603,0.2431696463831019,0.3196815636223065,0.3367534643207192,0.3259049557925261,0.27465885234667375,0.3969511412709508,0.35387584827377316,0.28311519964030285,0.3294942842690985,0.24221868237785593,0.25872150423957196,0.3187722343536678,0.28226199860447104,0.28997414664269555,0.2558788582589993
0.380786661077118,0.28666526021592464,0.2095583036462131,0.28633003964178655,0.22006133228805363,0.25047223264456636,0.2742708347272903,0.3159854883013082,0.0,0.2377314698947999,0.23193936479598362,0.2606390990679215,0.26244173423769357,0.3036589346314006,0.28918837295905325,0.23123246177312914,0.24507729530377748,0.3421518348230994,0.26922855413934915,0.33172212352200614,0.2519009858504203,0.2743358795229296,0.2661090455814603,0.24099308786361914,0.2799543824095404,0.24307626114567174,0.31269093580092405,0.28865712631306906,0.19060745833770254,0.3054706465059689,0.38996052940472814,0.27048174756828425,0.2872170777812927,0.27359682583358175,0.32196649767172464,0.2520583030303405,0.27959615759455564,0.3287603996895029,0.2584534793728544,0.2679941028851235,0.251096128596235,0.3269746674975749,0.2524841012797614,0.2560434507027007,0.3003400756604057,0.31098565140011786,0.2462511882387304,0.20748607484355625,0.2856522952532608,0.2900253049136366,0.2840934796427262,0.2687662577226755,0.3243687642849697,0.2562003906327014,0.23192449173701446,0.3594381266966087,0.32721546833679616,0.2543110536275608,0.2811545986153941,0.280837408039209,0.26261354079657234,0.27536118164355405,0.2617424515867983,0.249341316443905,0.3414613929541954,0.31512121830731327,0.35504725046892843,0.2883838763278811,0.26367880047015385,0.3122223941032044,0.3586170205197693,0.327782827067902,0.3219179502414266,0.27074736009620415,0.30489449628521864,0.35306070201773104,0.24312763539843046,0.2312701759331181,0.3098768474568712,0.22525053519778218,0.2594356485448697,0.4296529679999168,0.320191813566216,0.25951235745307927,0.32061871823165305,0.363665504004781,0.30849290397377027,0.3699441825018292,0.348447268008086,0.4282464831917397,0.29943377409814204,0.39173138032799326,0.2484274388642841,0.3214423802816287,0.3594971036341851,0.2920401370846157,0.3283126289784155,0.3063001633608985,0.31902434118950895,0.3248305071837429,0.30875685029225186,0.23558264438008147,0.31657513774425905,0.24720831556175935,0.35522233701854805,0.27193183856856157,0.24436711847168566,0.27367867488300945,0.26527540056962556,0.2302224092878911,0.2522394128600573,0.3326863031395247,0.30943928468332144,0.3542417168002341,0.294503492374296,0.2974511101949881,0.3166316602597324,0.23118013287025663,0.19711488770056473,0.3293372284417585,0.2787608296618556,0.31198986770221354,0.2707022588804053,0.3065931829947136,0.3716912607167179,0.2332781870216809,0.27728233204277175,0.2457890741121348,0.21448214476781152,0.31895518687015656,0.38266804122338194,0.271822251660347,0.3073811516274442,0.3977754816094852,0.2611451384507006,0.27312951624038456,0.27299962180436554,0.28447725552491276,0.26975028623740016,0.3277436093239957,0.2931954647636429,0.25838860265812674,0.38181619173911,0.3291807686707027,0.28271289754244666,0.341703363433819,0.3714164629634864,0.25850763515394237,0.26351275679967723,0.19674961388742004,0.39297318274790755,0.30338346172272007,0.28237184193995746,0.23197558156311954,0.273839947640353,0.3507452031101534,0.26601416376045844,0.2706772561766104,0.32359290650354006,0.28426876920404837,0.2558750202837645,0.3710028300540418,0.3513388667789901,0.31868033608415336
0.25965951187032804,0.39134286636181653,0.38237734213360386,0.28160479400652766,0.2149676145136231,0.2816702032593451,0.27610026352893435,0.3179367585110708,0.2377314698947999,0.0,0.2723853145742192,0.30566351338490416,0.2844511468345323,0.2432053987615108,0.26346226035845643,0.2708190052633172,0.276466105817552,0.2882839814993965,0.2875315970132781,0.2503812057268775,0.2666023722226388,0.30478382331858234,0.3019548822550533,0.2464496410817774,0.3858905389679148,0.2092241502835538,0.27110982786716314,0.2867817906977958,0.319622874543451,0.2288651689266554,0.2970135474835719,0.3013722879476397,0.25279616770388386,0.2682579273967319,0.24572030993220823,0.2664698946743123,0.27332973807072514,0.2569011464575275,0.2498655050579545,0.26731310688310167,0.24236884310058235,0.3115201764198942,0.2296853087992499,0.2367207742022462,0.296611989864216,0.261135040504659,0.22524630794920175,0.2383064032155277,0.3170744980850929,0.22635179018637233,0.24529585228657727,0.22495105563877518,0.238948851742185,0.298283878758438,0.30718464451929256,0.2780771923591246,0.23905741895890548,0.2564600764639503,0.28459149280558627,0.25125148796959396,0.29115906327104835,0.20132090624366375,0.22350626293927126,0.22764064884353835,0.23623306728143165,0.24747556861711809,0.25869027494334385,0.2437502201193804,0.29028103652132564,0.310394025674786,0.2376036541284751,0.23921064765432695,0.22220138182317534,0.2904303549030171,0.3058713112208611,0.26215936084130775,0.2549176206506316,0.2656938927276403,0.22622110998818143,0.19259048387167413,0.27552620461112537,0.25336360882847825,0.27126226938068076,0.2616194236997362,0.2430355286790318,0.2932613543315469,0.25428233145723184,0.23407087695055281,0.28804176541005855,0.2485739420533686,0.2291528796725627,0.25672739321257176,0.26350767949716425,0.23343112609479832,0.26025705783234865,0.33378751409207175,0.2220858034824115,0.3041134977043667,0.20172384801502433,0.27916667758221636,0.23787163959710125,0.27318443588434776,0.2237398014638224,0.36333506879658195,0.2262783027580914,0.24294566159196299,0.2617354673134867,0.3675712638517414,0.26649119901701196,0.30513366125901015,0.27205882855197094,0.22687457334454325,0.2580224666245356,0.2652249905386143,0.22811162096723012,0.25965641076953994,0.2772832700377559,0.3277908797239974,0.2832904310511358,0.24581032849035983,0.2075552693000006,0.23194754556223723,0.21963071200743822,0.2734353551469155,0.20248732225040209,0.33975233512663505,0.22742024826112747,0.24891330322365565,0.33987383385677017,0.26658841783872694,0.311648679410196,0.25508375498041863,0.2167458472513878,0.22329274056447876,0.2799915641475487,0.22358210226333022,0.23905895755537362,0.24319933191897386,0.29722638460984835,0.2677531019237026,0.2639876670468077,0.27493288066312244,0.2809001405261001,0.2492638681745103,0.2741424411903478,0.25130834337329644,0.238489770782541,0.30607482158724914,0.43598252269209303,0.23106587120741334,0.2284292600660956,0.289016451145092,0.26775021582666725,0.2896178312272448,0.3168307291559307,0.2880147974640826,0.24843350355961655,0.2969651651655878,0.22571030783098134,0.2410442434909085,0.3541178920343305,0.2406662258599218,0.25625094533163273,0.23093903125192067
0.32333750913509346,0.33844353784022085,0.3523457411806956,0.31000589063820855,0.26441332132909445,0.3894330811038747,0.30925968535799064,0.2936503176800991,0.23193936479598362,0.2723853145742192,0.0,0.35806600596709265,0.38087808151350966,0.25295752397687615,0.3232954539699348,0.42127472835394375,0.36853054258193474,0.30782177123246435,0.36095484526098554,0.3022317445178035,0.4230971680889571,0.42658366830260885,0.26491781260486147,0.3526173511014654,0.371018464594783,0.3182699833951006,0.2529962023638648,0.2955319877129445,0.30277234303437317,0.28542591640878634,0.2995477539024006,0.3717441529083654,0.3295945009764501,0.2548183970052259,0.280403728170152,0.32649138759692653,0.4189354589883855,0.3245827135301843,0.391383626568065,0.32201159648267697,0.34651466219411675,0.2921930000673383,0.36124558030633835,0.42698561020050424,0.3089328547504124,0.30234881925131013,0.2493942663778882,0.4595232010177631,0.3530439295027352,0.3004739723281998,0.37403263512889345,0.3140940904474194,0.25508019594835696,0.4696834233424039,0.38066826415259897,0.2447098373584049,0.336952914378789,0.39728253581117434,0.2986261331347523,0.2924089684392321,0.3588642942194853,0.22624945722023884,0.370808206883797,0.24310000410546603,0.24880184517216064,0.29618533844207173,0.29816416187937306,0.34060600489439274,0.3375070199354755,0.32107319400568723,0.3538365508197769,0.2499908073638672,0.257107650964186,0.39803655980013464,0.35169870130140984,0.2823271539662754,0.38610514491227743,0.31986409716142983,0.2798319039635191,0.24351379724349098,0.36744555181062705,0.2679319293360268,0.3254351529721362,0.3190886635451841,0.2566531883699513,0.302700866294456,0.30749314211520906,0.260409902890645,0.26037497363013185,0.2535048693396277,0.3577337020337881,0.23522587501865994,0.4005770885059622,0.3049207445215971,0.2630345428864516,0.3613209357594449,0.2675453373360186,0.25126026103457894,0.2033019110630657,0.2586446819672143,0.2888197316238418,0.3291674041273173,0.24782276683180487,0.26944868833689256,0.272384038065292,0.2984965052551807,0.31583142974022693,0.2936612683091544,0.3230084706808636,0.4296161732806692,0.4465933155238931,0.26091669612496576,0.28661195890989905,0.2639811567977521,0.28854369015332804,0.2870738698530248,0.27385527870615695,0.3267864067732871,0.37919695702804807,0.22801101146230815,0.3037183205650952,0.24313547469714406,0.2658169111759186,0.38596034089005093,0.23146739304422592,0.4148260923472901,0.21341864323331403,0.33673503481060607,0.3097106955163788,0.31878306434386716,0.23606282896439218,0.38222230464348306,0.2602731726869949,0.26213296884821774,0.43456964942760173,0.3062014814999811,0.3280885775862369,0.2927515778289342,0.32804633798908694,0.3328417235617367,0.34415552078513423,0.32784641983024787,0.25862403333992945,0.2796188820969799,0.443771908846383,0.24329708142626247,0.31709158206510735,0.34754103053368185,0.30168258775093243,0.23196747345628685,0.31831376002176665,0.2961445333822571,0.37319906481569926,0.31437935273263923,0.35336866358461966,0.34408760597782373,0.34400524969129004,0.34921125343046416,0.2651615708300248,0.27648179681409407,0.30708998918620267,0.28271798090268235,0.23622349931466355,0.3704023628384601
0.28226852416226245,0.3659002019663958,0.3518253869491951,0.2599140781654445,0.23402484443593682,0.3596588348233211,0.30683218069572754,0.32440341521942934,0.2606390990679215,0.30566351338490416,0.35806600596709265,0.0,0.2929932038961824,0.204521626308206,0.30272533361773923,0.3450652126758342,0.32504190020237117,0.2610527164693997,0.37824366153068456,0.2747430593214476,0.35973852835434184,0.3639885397328091,0.2669017193483306,0.29932487238314315,0.3627774471617605,0.24581323713933853,0.2609596192271117,0.2536273428964911,0.28243806286200857,0.3389272962979245,0.32112591104497995,0.3345931596018948,0.3090796898433651,0.26641765805884965,0.23848977658404394,0.2893129909204823,0.31849984677413984,0.2974357714824416,0.3730403944897507,0.28112460615096857,0.3252969106773199,0.30119029883060355,0.31075060190006265,0.3151851893977125,0.29612740283283306,0.2998888079177195,0.3020699008211313,0.3068247069471272,0.29875701687203493,0.2857204554454028,0.31964945280735824,0.2918102448116059,0.23768785532026257,0.3673322631912058,0.3599295878335907,0.25451821473093894,0.3079006438922705,0.41522006347604234,0.23731776187438858,0.2658052834785701,0.2514795821087528,0.2138896073036464,0.3043270358372824,0.23079408577340163,0.22479993941144585,0.24899675587381506,0.22747350439425,0.2672930682089888,0.27337782127893717,0.27604108699207486,0.2797806929637238,0.21703779966742343,0.21262519548418837,0.3019116197519126,0.31328814989148696,0.24411167988431562,0.2757507791048537,0.29465491498874474,0.2628921786186903,0.2012507716847769,0.28230126106840925,0.25876065871476905,0.3264461322118886,0.24606834427810764,0.2529249444750768,0.3275152431924461,0.24122913046798766,0.23937571995443616,0.2777706304086516,0.2574448674982755,0.3043778365787386,0.2616414853141481,0.3390683343901997,0.2583571758598913,0.22939776949250712,0.4388207950710724,0.241089144763306,0.28920272529393143,0.19330776900815272,0.24292982347923278,0.22217166870355956,0.27830690693554916,0.24169179071660957,0.37142224431231363,0.24911951597587986,0.30567470561608995,0.304752841746605,0.29366713203210537,0.3051595577308777,0.36604922002185436,0.3738767013341801,0.25508804666275875,0.23060427486595617,0.2558072503515451,0.25423584055093956,0.3060763122047947,0.2627188751272401,0.36119876098001075,0.3162114320644888,0.21336150277942117,0.25109084419791183,0.231616183221747,0.2265932728827311,0.32200823637054454,0.19393174522319157,0.44912929449906813,0.20686001838262466,0.34495738992864405,0.3254984771642496,0.26479218250087017,0.2752318814217805,0.30207736643249583,0.20256620109882692,0.23556866062490017,0.29666365400077555,0.23470046682237544,0.33924134654734434,0.26463829442653425,0.2808701474247739,0.31149123789865985,0.24595471815424907,0.27722068563628727,0.2640099437041618,0.2628672915845928,0.3267984825028875,0.28171970799014245,0.38183627070610515,0.31870816355953546,0.3817851348999062,0.237326292968858,0.25474426596877753,0.2834823622772215,0.31303930906465716,0.3278817905682267,0.39952858161109,0.26558815180341566,0.2786538459028461,0.33552974027868415,0.2068885987681852,0.24464936673978396,0.23780537064789292,0.2352297798361495,0.22144594682181026,0.28045456722818474
