0,1,2,3,4,5,6,7,8,9,10,11,12,13,14,15,16,17,18,19,20,21,22,23,24,25,26,27,28,29,30,31,32,33,34,35,36,37,38,39,40,41,42,43,44,45,46,47,48,49,50,51,52,53,54,55,56,57,58,59,60,61,62,63,64,65,66,67,68,69,70,71,72,73,74,75,76,77,78,79,80,81,82,83,84,85,86,87,88,89,90,91,92,93,94,95,96,97,98,99,100,101,102,103,104,105,106,107,108,109,110,111,112,113,114,115,116,117,118,119,120,121,122,123,124,125,126,127,128,129,130,131,132,133,134,135,136,137,138,139,140,141,142,143,144,145,146,147,148,149,150,151,152,153,154,155,156,157,158,159,160,161,162,163
0.0,0.8803486088704121,0.8029255726088406,0.7699634326467366,0.6839172868089495,0.9022347164139849,0.7623047106724051,0.8531662024443475,0.8626889841091481,0.8260598345428148,0.7862353082912406,0.7354472379889754,0.958464051878152,0.8093696491107407,0.870183588776183,0.8560758436177521,0.9074421759721247,0.942255164532374,0.8824597731386029,0.9451428876955155,0.8509523128267767,0.8352407285440078,0.7469379085060007,0.8144628279631352,0.8788009970435929,0.7194291971625669,0.728989201598678,0.8998274567508746,0.7747547524827622,0.8352538492983312,0.8643909824759258,0.9138730132158958,0.8380864073037761,0.7421276902405967,0.8836507064154192,0.7241144795878647,0.8798451486001592,0.8716230063020735,0.713117146683655,0.8704058337770186,0.8239521190953893,0.7790968553021067,0.8756555330584723,0.8133548965631616,0.8547553242503934,0.9017394904788663,0.8384651956771718,0.7845051835750141,0.8606768180763779,0.8852400124015162,0.8924157858192957,0.8909586681770982,0.8279201004984443,0.8328681866688328,0.7696371467179751,0.8361597530481915,0.9510319077759727,0.7831427240317432,0.8745128333975077,0.8582504235674647,0.8804779383026317,0.7666790849234372,0.8932806043986165,0.6653056749885701,0.8595854931379401,0.8822577420738514,0.7839080426026883,0.8783141125313879,0.8668478560017725,0.8840134476046738,0.9120727628111394,0.8496701969015366,0.800869478729641,0.9165618979634523,0.9253625608422389,0.8939240588275368,0.7540307422205107,0.7131440189958187,0.8690566428417125,0.8161833947513232,0.8696834070645714,0.9119356996408364,0.8749996505572457,0.8908893331121773,0.8761708522832088,0.9133025735176451,0.7938106499543244,0.885887729149445,0.9102163115797389,0.7291667149954257,0.8159230425144445,0.7687102189808456,0.8549826806951795,0.9122280494173794,0.9051173543627687,0.8011812784716446,0.7956706340096787,0.7784553033567971,0.6387373556884531,0.8976764623861643,0.768391732760191,0.7474283935222794,0.7013072733972414,0.7582774258657348,0.8683956055752112,0.8874674814079841,0.8608390221588907,0.848297502374328,0.8746350545161907,0.8132908966980023,0.752714464694305,0.7400425500827883,0.9017579353398049,0.7270255679928764,0.8926361736754563,0.9184001379153869,0.9120693297678999,0.7999040989050961,0.7984373229381653,0.7082911724598273,0.7904456335697213,0.7550989230244832,0.8303042216164555,0.8979013422289556,0.8212201916688108,0.845667965063434,0.7593093142585304,0.7423962299287156,0.7903241041114785,0.8820271032825546,0.856250816672008,0.8514773407339714,0.809681602877824,0.74135372341076,0.7965137087691874,0.8525800077822339,0.9235309109824368,0.8634460567941473,0.7943226262593932,0.8658009204785537,0.8452953298066614,0.7751671808037304,0.9114641141429523,0.6977180992999217,0.7682678783596487,0.7862483574107711,0.8036309524047337,0.8530093876959098,0.8546419199633981,0.6232529294492147,0.8728730804324447,0.859584733648885,0.8205723076335204,0.7619429071166455,0.8176877744646225,0.8777946653796637,0.8848278748744428,0.8444108388195819,0.8214956758442765,0.8584752800439621,0.8293463585647606,0.9183949242571487,0.8922811847775909,0.8304167108691943
0.8803486088704121,0.0,0.8516577867666824,0.7812984149933236,0.6871552742256829,0.9249666739584296,0.7974704915326533,0.8579850010137238,0.8325476524612947,0.9371769851760587,0.7819603879896413,0.8129241932994039,0.9157759291872478,0.8508477896446255,0.8658206862311797,0.8527885831867168,0.8707793777504559,0.8278638038180646,0.8471950629566375,0.8773949448105566,0.827757333123775,0.863189340622745,0.745450497922808,0.813867836768621,0.888350603454849,0.7020340427898598,0.7625276971522452,0.8309744043408848,0.9203364728795276,0.8104971804549486,0.9088924508530518,0.9066270189049226,0.8935458975042958,0.753560160505187,0.8898347055164448,0.8199282890829317,0.851217638259891,0.8658232224282827,0.781365840595445,0.8671016775371163,0.879071864273813,0.7741541330212335,0.7904493867226718,0.8299194687446464,0.8829114782444433,0.8368160171931405,0.8441954012153188,0.7898213158246074,0.8384153203946486,0.8466720007970848,0.8320260681382569,0.8352811939619095,0.7899435246924824,0.8912654278755048,0.8378400240255899,0.8911981653734631,0.8425536005514144,0.7960883794196176,0.8420322933452994,0.8675677703505262,0.8599328948775762,0.7743409275226925,0.7982880880410872,0.7376599699965645,0.756195188770528,0.7712032660382433,0.7865112942033723,0.8218715119018368,0.8084724206457194,0.8134268277033595,0.83673002317312,0.8478125776774927,0.7341000880707713,0.8667636522807263,0.8893342028836488,0.8301427668715473,0.7352189580022993,0.769570867007053,0.7943603202569075,0.775222196614661,0.8294840522085072,0.8320266463069768,0.8922654386963256,0.8702233520099323,0.7938277850234422,0.9207126743852198,0.7426513356053812,0.8146685556567059,0.8752383440219035,0.7907126762959802,0.7728390477061636,0.8556139342553029,0.8792706825873144,0.8210995798910822,0.8502363467670262,0.909714865598785,0.7864841636438016,0.8467504249346615,0.6853816793288385,0.8879279894744582,0.8316129202153769,0.7115634078633437,0.6735242843872584,0.8325656059540475,0.820837867929166,0.8462605444931405,0.8282830453921635,0.8590694639086391,0.8755473108287183,0.8443015015243445,0.7612597769185558,0.712330552904935,0.8429362270284196,0.7419552608720611,0.8322494707007659,0.8859840006930353,0.8564837567686489,0.8082035570470971,0.8237544902262921,0.7524771183169999,0.7761796792220458,0.7390597091320696,0.7928548751512914,0.8703837282546713,0.7928578571428546,0.9274564009595861,0.7742370927303132,0.8125547335678719,0.8894021786034799,0.871729066551662,0.89602546458292,0.8137832655536352,0.7610889219184781,0.7597884022420347,0.8109754005462566,0.8020005384929509,0.9075961972958168,0.8895918544359185,0.8196777289782198,0.8484684762097426,0.8349741201235577,0.843578124327733,0.9237453969220584,0.7653095420270258,0.8208680137172069,0.7664788640680426,0.841145963885633,0.8610677487752474,0.9211907952947774,0.6976370634833664,0.7829805276014774,0.8540159528051722,0.7985205123549093,0.8564175624631725,0.850730549307624,0.8284040395303895,0.8218135290680505,0.8568829790940778,0.8302740409926315,0.79033923452495,0.8124371338478049,0.8730979152971682,0.9556384795146531,0.7569720477440637
0.8029255726088406,0.8516577867666824,0.0,0.7450006076711779,0.8327138655966205,0.8833358462902469,0.7720026641803842,0.8117970287049362,0.7372811305468806,0.8753175455770721,0.8569050584327004,0.8285691511474801,0.8650120149070251,0.6958657846192338,0.8469073828271083,0.9171456696948871,0.8813573059669118,0.7846489770637237,0.7979012929548387,0.7781459251519897,0.939527518533523,0.9619255282939656,0.7017809577395976,0.8541264629682465,0.8431745247647326,0.776077178799185,0.6943360909010815,0.7399025175081705,0.8583496130096381,0.8346499003973966,0.7755508346993134,0.8361362044547527,0.8041603340985416,0.6627914147906646,0.7307305359917112,0.7485529953500368,0.8492728581478878,0.8175550420652297,0.8067643998084661,0.830831375212445,0.83398580340721,0.8245816690792191,0.8559343705012242,0.8497224740185078,0.7891239306950035,0.7717342065500891,0.8350218542090774,0.8767500917108254,0.7907718087903854,0.8157440360457786,0.8394195473985387,0.8336613718661369,0.68842030218748,0.8865425235290513,0.8100351769670345,0.7712276052925244,0.7982400320703965,0.8847595647119316,0.7495935537402802,0.738558892215759,0.7947072843398258,0.6893723126378648,0.8286420737131922,0.6591683584583461,0.7091042961208708,0.7178085841382777,0.7062932798808483,0.8823698022125543,0.8347501362102776,0.8293513205985822,0.8497770383296882,0.6881932395831267,0.673860231190999,0.8943866963894072,0.831138809656384,0.6818928717306867,0.7952797496327557,0.8350826655212954,0.74239348516517,0.7486101542954243,0.8147943242107752,0.8000173041667668,0.9002993605480986,0.7811859616517794,0.7446685833820721,0.8391454175699565,0.7341459478421312,0.7175195163399692,0.723355042288016,0.7012001707277803,0.8424426901420652,0.683748373966885,0.8483504813833538,0.7052411005872093,0.773860696163605,0.8705428574694388,0.7064802915195236,0.733660313444444,0.5836993034291529,0.7238762350277795,0.6750924314380988,0.7748203337582918,0.6483524445363518,0.800511396025964,0.7175155704346677,0.8470444130975217,0.8127945154690757,0.8239149175099086,0.8095411258852373,0.8592792497946486,0.7816473663348839,0.7110565619925837,0.7583405972464552,0.6940381899342069,0.7341822248027361,0.8366504221724229,0.719536783166151,0.8460382363958178,0.8717433389341321,0.6377596400888665,0.8170304119566473,0.7182648078101886,0.7162349544791455,0.8474797400809502,0.6552440135816968,0.8805616591406525,0.6823923019730298,0.8040525408376629,0.8120462216856642,0.8125549004607538,0.7813648835936392,0.9239242964324467,0.6674051538512414,0.671650364288034,0.8306824534623656,0.7590599860432682,0.8440698480009035,0.8049056333515044,0.8036123307994922,0.8291798053260786,0.7345624722396971,0.7791154172923229,0.7634428432115684,0.7497068260862164,0.8346437746838863,0.7350929235581776,0.8976795424404882,0.8246692465144361,0.8766550642726421,0.6427828648163755,0.7096738681247166,0.7325252755701865,0.8271104498997705,0.8948198199861648,0.8789567661208688,0.8035467076529881,0.7842335113244862,0.8949555952880841,0.6825861521916411,0.7305922888466023,0.7457647814712777,0.7053439264828351,0.8471275626563176,0.8051606169123043
0.7699634326467366,0.7812984149933236,0.7450006076711779,0.0,0.7024640338132916,0.7825258620096662,0.8501578503732522,0.797604482057384,0.7143688048660412,0.7681551995662276,0.8313900585972721,0.8101074840855486,0.7884839305723933,0.7233441578496608,0.8126306633656969,0.768615755168757,0.7718873327630538,0.7314790605431223,0.8020284217608021,0.7105442373927926,0.7774621605771636,0.7810273441205462,0.7933892977070447,0.7737504878764659,0.8220165934913503,0.7733139318312974,0.7936997752585445,0.8022067409848167,0.7833129066503717,0.7321724715972797,0.8073573614408165,0.7625391637867633,0.886565161209866,0.7672235638926513,0.8034331671745947,0.7711031321798129,0.8216362618326323,0.7696328814089478,0.7842578418750987,0.8289966605391549,0.7962187447076718,0.7226446376309769,0.7401093118469821,0.831165921103274,0.8035909601722111,0.7096439664221621,0.6702455355107788,0.7759638775072872,0.828853099553243,0.72378165561018,0.811930472659848,0.7643660056165824,0.6371822752259458,0.8846025819872975,0.8481249382853754,0.703666080375371,0.7431787199803479,0.819727722011002,0.7255411318126638,0.7329214801807812,0.7944471085367127,0.6452638823623098,0.7339816866088957,0.641393516880694,0.6383180247325052,0.6575805782896433,0.7949880000570454,0.7257754515659421,0.7392122516753532,0.8261478142659455,0.73595065602163,0.7050484610952265,0.743403446613625,0.8349270225980839,0.7488859771990726,0.6757789105710146,0.787083017158247,0.7583661518709208,0.7197100743382103,0.6774466020729143,0.672731428696168,0.816978615579993,0.7452321055876568,0.7408454746442554,0.7736712575535588,0.7708661057978925,0.7797419091991653,0.7518729328187042,0.7328141902854354,0.6998346807707528,0.8266870126456566,0.7851968142066055,0.7849374122844255,0.6894651291490826,0.8094511549341732,0.8321189242559726,0.6498207485901719,0.76170979618969,0.6236152271774005,0.7846714334794181,0.740840871722069,0.7462405306964021,0.8575669110518531,0.7940853926917752,0.7319074759778728,0.7185678138509248,0.7156303090388508,0.7776708051532907,0.7307733303143626,0.7370213273885446,0.8447192801764276,0.7653455550508393,0.7879960859811053,0.7482115354331681,0.7317008375149746,0.788955116142664,0.7011318886893068,0.74482166003796,0.8202947433377591,0.7251739351331667,0.7112949880392592,0.8207288114017289,0.6991519079735188,0.7851986564757136,0.6738158911770782,0.8276439805592687,0.6819777181094351,0.7527708517984049,0.7843918662944449,0.7281689132332231,0.6954698713442387,0.7041766763553609,0.7423467490710302,0.7687574232979095,0.7524645806138117,0.6348542997111162,0.7128454800209708,0.8386021737171226,0.7947075718116007,0.7867238551764895,0.788364655707614,0.7056076627522891,0.8071545886763725,0.7449713791231709,0.7829795921049011,0.7935590733746257,0.7474495918844586,0.6980163662056246,0.7423133538386039,0.6039616186260623,0.8415856148410188,0.7084595270062825,0.778528625109911,0.7055648676208601,0.8507334245276169,0.7717611948490762,0.7735501712933796,0.8048975928883493,0.8844711320047014,0.7899793268983113,0.6592373313254942,0.7439854115926733,0.7659977116744987,0.7988739281068445
0.6839172868089495,0.6871552742256829,0.8327138655966205,0.7024640338132916,0.0,0.7379252061283414,0.8108226912259158,0.63918733049259,0.6361648628597805,0.6737654609920394,0.8257355572710418,0.8015006060897824,0.7112132907240591,0.5978069780600982,0.7222114708566996,0.8372220797611172,0.7937052737159256,0.6498861814603449,0.6859408943176138,0.6257593077969253,0.8664732108837195,0.8209812434058534,0.7154898085285983,0.8233960829707658,0.6980073082104988,0.8199084982807793,0.6542454406350363,0.6462053182982218,0.7263144676969181,0.8417790332590982,0.6427311119570986,0.705516026083225,0.689801341663681,0.6426382574277709,0.6301822358455653,0.6651017031625135,0.7592242299328482,0.691644442191712,0.7709943699969494,0.7751958789835081,0.7228927991884994,0.821108294527102,0.7303258393996924,0.8128338284163913,0.6479702649789926,0.648208668523166,0.7584987720478631,0.8082491000502706,0.7468619749026423,0.6984867143001914,0.7723689681151955,0.7611731154947379,0.5756965317869898,0.7615306910984027,0.7242714913434284,0.6850943755833468,0.7005948511125549,0.8675111346336696,0.5982751048222849,0.6462629037902411,0.6184184977580819,0.6130453512617482,0.7001628279014339,0.5907083760062751,0.590262354954283,0.5830694913829338,0.6244365984947968,0.7657399389087991,0.6649693591015421,0.67210950095092,0.7309329867239303,0.5839494557840348,0.6086170270398079,0.7822185233598169,0.661303027736652,0.5696362093970989,0.7989396526712826,0.9292196880395579,0.615708561195859,0.7419742999485481,0.6661105905829273,0.6970535071829401,0.8131227478966563,0.6159810469399363,0.6948343904866967,0.6881575640254934,0.6282757731730937,0.6051937411001609,0.5930836174957936,0.6526669240324238,0.8907398946569343,0.6206313904982258,0.7643507687315813,0.6040982251716396,0.6922836117431688,0.7363639286908773,0.5492442211823312,0.6326881805773661,0.5798275972820003,0.6111654679086154,0.5949354559720464,0.6646720816341927,0.6203784613221454,0.6397206166950347,0.598342357620414,0.7443621351377662,0.6679260524562448,0.7138682779584449,0.6924923103508326,0.7765194158663348,0.8057775801146745,0.7332168054489206,0.6401215440227249,0.6382884497541175,0.623515982729496,0.7820769421701121,0.5951833564896027,0.7425169489515036,0.7739707646505486,0.6039132478336979,0.8674724642113182,0.6315539687670176,0.6563261103138321,0.7830478339243435,0.5762250493919143,0.7291575417962697,0.6368191138044745,0.7675598554633922,0.6761056941880756,0.6504551431670514,0.6555090955475316,0.8093792231189445,0.593545527263666,0.6611728216932282,0.6662769111279307,0.6272414360528871,0.7157544890927473,0.7336270570610605,0.6607725856282646,0.7212692174575899,0.5755153847792015,0.7089114429988173,0.6761032106368615,0.6545927825803951,0.7809328495518538,0.7124392797709024,0.8472336785661791,0.683508129666537,0.675939244426353,0.6167931175082981,0.6284008882966781,0.5979065127690026,0.7730811618512206,0.7977161289841079,0.7721048354173158,0.6563463364635083,0.7062391531561287,0.8455660578393793,0.6094281893173367,0.7234737688772497,0.5862468896116422,0.6102363074442784,0.6757975769940046,0.8525056860014826
0.9022347164139849,0.9249666739584296,0.8833358462902469,0.7825258620096662,0.7379252061283414,0.0,0.775937139568,0.8603074288561654,0.8177863181866571,0.8639521935511892,0.8186060543032861,0.8191930257287318,0.9316875800892588,0.7932941911462462,0.8552342629622678,0.9004665030021982,0.889017996525087,0.8111454947170711,0.854971665180649,0.8549957012608643,0.8970206988270403,0.8716546200019223,0.6877696405703682,0.8167933894935311,0.8760022959306258,0.7629006791969265,0.6849875349313633,0.7944293162653213,0.8684274565097079,0.8329092995382776,0.8933011499789466,0.9285142943905526,0.8823935341852139,0.7343848041393934,0.8498512333078654,0.7999308439029791,0.9019552154528215,0.8723326246275092,0.80238421556802,0.826507166650349,0.869009983156038,0.7958557294822592,0.8525600794123592,0.9070334583894643,0.8496331108175444,0.8332916316506922,0.8675335943115848,0.8697025686921215,0.8064532273726639,0.8605018097510759,0.8897110894425138,0.9071445402797869,0.7718890783811554,0.9155564227290413,0.8429019895379515,0.8861548427539959,0.8694895598342441,0.8604164418603113,0.7777727413266362,0.8287673091040346,0.8853987476940374,0.8019776842280496,0.8825711622369503,0.6853975249796114,0.7734538240583265,0.8026554748709129,0.7728970710481176,0.8949444903564173,0.7968673121983265,0.847748678502087,0.9161884266486295,0.7974252164706934,0.7602542857326594,0.8977135252021159,0.8982643724943247,0.8169971007798834,0.7803480887511799,0.8001440525162751,0.8170017307246182,0.8610733918137892,0.8941223942773145,0.8791926448532378,0.9196124220374574,0.8873575223622155,0.8414532999379516,0.9043015330034684,0.813328167868094,0.8057749638877664,0.8442121983211924,0.7713483217955441,0.8275189908981218,0.8187657594628537,0.8812355370062361,0.8299626708096641,0.8562874931895446,0.920692592100082,0.8122446118885819,0.8256206893108614,0.6737771101933714,0.850447890199741,0.7981975838184757,0.764605228941478,0.701149759710479,0.8012102493348958,0.8335351623437076,0.8799568991086526,0.8585636171854537,0.8233348843630064,0.8497915214311941,0.8610691534487552,0.802749002020021,0.7427414737595187,0.9046982184657543,0.723265215153628,0.8423044090093958,0.8877611898815877,0.8410578224144677,0.7947222613846564,0.8756917528076056,0.7353054881319505,0.814385511684509,0.7934876078649444,0.8191331154220663,0.9157113505835353,0.8002683421429249,0.9312762566539013,0.7824628876444278,0.8273211874532812,0.8656134854689058,0.8478521984263452,0.8521402745630241,0.9132086225484555,0.7766739571218593,0.7834651495719271,0.8280670579289601,0.8275422646946524,0.9101802367006642,0.8509729349397224,0.7466532232929253,0.855857368098583,0.8280927533686466,0.8569435675894064,0.8734838157260396,0.7671648060246387,0.8571185357989345,0.7739023563207578,0.8931222976005818,0.8646726253974628,0.8803546251492522,0.6833413017318796,0.8190514858748942,0.8334159658808695,0.7751526201290087,0.8043761492333041,0.8770608833986508,0.8526000352887289,0.8180237727130809,0.9118276898209579,0.7868719136598151,0.8355304881162796,0.7945400163863643,0.8746173824975345,0.9386871135412518,0.8097880224948231
0.7623047106724051,0.7974704915326533,0.7720026641803842,0.8501578503732522,0.8108226912259158,0.775937139568,0.0,0.7123595410683727,0.6911294325869073,0.7938142836328348,0.8312962245315574,0.8728361158784588,0.7805460060554356,0.662195359954974,0.835828785591456,0.8012127262080476,0.7897238526931997,0.7144301234193104,0.8039752270219754,0.6943589474489393,0.8281367253141443,0.8123273596909204,0.8681771587519523,0.8940862560264927,0.8333572653917336,0.7663493101189499,0.7543494519873887,0.762568533748124,0.7939893460025998,0.8269542628048775,0.7780933722326197,0.781169366354045,0.8016355186914881,0.7763542127687311,0.7325781138490733,0.6947423525026024,0.8396845997881408,0.690876786707218,0.816344050726036,0.8793218603485341,0.7565145484393224,0.7971810278992645,0.7390823189530243,0.8410206036309539,0.7552826212869793,0.7203371384633503,0.7377258505168999,0.7965313545623606,0.9088855428504338,0.7027333820566728,0.825746870090205,0.7516388359039419,0.6236998715472637,0.8465008284041727,0.8135733918510608,0.7499632390118955,0.7510245510722571,0.8109188131944771,0.7182094249421238,0.719877775959411,0.7106622540755173,0.6153879602411262,0.6855934359376751,0.5964991541871492,0.6367220065714698,0.6365487431537408,0.7574335146961729,0.7728956046065271,0.6709513424033619,0.7333824999679053,0.7365438706938675,0.6612131375385184,0.6467547505974316,0.8429860315400716,0.689481089972332,0.680486442871866,0.8363572290912574,0.876922870692533,0.6610869198286295,0.7444351501120573,0.6738760552667635,0.7698308739803922,0.8399916521655815,0.651159867437352,0.7203223772269525,0.729590035753324,0.6851558627348241,0.7053036522707031,0.7062395019251506,0.7323241754194584,0.8217687605355591,0.7579873014475192,0.8039777682412433,0.6928445301050746,0.7460605824462291,0.8282597944164622,0.5853632377804158,0.7192448665071975,0.5850105011666094,0.7441019540098098,0.7003271864044236,0.7095641228973631,0.7209600023639707,0.7408514341650694,0.6422536211160143,0.741676964917645,0.7023671701304436,0.7792836377169894,0.7603802454052354,0.8441979296716556,0.9120164421269619,0.7056399717053325,0.7197277014258382,0.6715640755836575,0.6757065641618398,0.8105004927659326,0.6893875264725023,0.8197373271665904,0.7818658320304205,0.635154938476059,0.7679752440231322,0.6630635825368041,0.6893971153662563,0.8618061744328722,0.6324482855101382,0.8286863712281265,0.6459988649349021,0.7848150162597611,0.731709839389189,0.6984903494310757,0.6950341706642961,0.7108868802487145,0.670948425040195,0.6866635901906039,0.7286451278088374,0.6460435971469716,0.7704859145656094,0.8243937110534788,0.7490177160075029,0.8043669559372896,0.6854255277116672,0.7048395594003419,0.8176659463677572,0.6479023772890374,0.7984708704653224,0.7896489845002774,0.7933527497248535,0.7371696486854813,0.7423255419568272,0.5769807770744204,0.7559648107021155,0.6850809470536208,0.7896657033200766,0.8149467746591446,0.8509463192903035,0.7593587232211295,0.8302180812449007,0.8815041457467155,0.7807372105066143,0.8088652645325163,0.6451821682647004,0.7081344554052166,0.753768027143115,0.8380457530282478
0.8531662024443475,0.8579850010137238,0.8117970287049362,0.797604482057384,0.63918733049259,0.8603074288561654,0.7123595410683727,0.0,0.8653612766278351,0.840481869101576,0.7672826812460631,0.7934999426225987,0.8923089358066614,0.7700794572296235,0.8461152144864836,0.8307326349276183,0.8084772947160825,0.8147005404875316,0.8339709987187576,0.8595158932515552,0.7923684862234301,0.8184614085672006,0.7173804664172041,0.7419896873269853,0.8608960593507154,0.7184581637226042,0.7869318731134308,0.8205184975886323,0.7656778263816606,0.7870247391125599,0.9341291049572288,0.8659979250382693,0.8542948677943106,0.7520609758635463,0.8229268894256201,0.8019955056137502,0.8548657112159826,0.8740058993490325,0.7915935496903237,0.7811397990876834,0.8032950212696609,0.7213902631036685,0.8376437512176382,0.7591342187633913,0.9364681586018623,0.8331573871661706,0.7538070348510816,0.7559981207998311,0.7810984474585487,0.8362415981959412,0.8222794216977096,0.7832153217567458,0.7223176626055275,0.8464774930191322,0.8162881437042788,0.7887523979864559,0.8238118419066538,0.8244637882298238,0.7729731814579264,0.8311298212954644,0.915782214388281,0.7557188618743486,0.816231309655154,0.6896840574415407,0.732605790728622,0.7809832665516971,0.8034911029174315,0.8002152343403902,0.8467672348900052,0.9402837687775997,0.8383129631554518,0.7809496086273334,0.7381833141165723,0.8685535381689871,0.88621384137735,0.7677145924954284,0.7685436243172755,0.69190832326217,0.8482845544332219,0.6725762166101633,0.7491969788836434,0.8963084284398393,0.8144608841646944,0.870498360788379,0.7975196069424193,0.9142648719574985,0.8682977313956071,0.8509474324227062,0.8710366614440096,0.7803176031125122,0.7694094360896507,0.8023201563073492,0.8069199885446267,0.7678849378790795,0.7873620138477895,0.8500458564872853,0.8290163932177854,0.8015607576043681,0.6319165442401727,0.8613189643178368,0.7679181235751823,0.8631573178223055,0.7450154333773842,0.8117033894048432,0.8503498483996027,0.8412045374256955,0.846973073889071,0.8090407734192906,0.8005662008606482,0.7476171784401758,0.7240935653878868,0.7370573134703556,0.819249148148357,0.7930881847120426,0.8135647093521043,0.8244612328470802,0.7817225098319547,0.7839430175682937,0.7462673543703612,0.7271833148743471,0.710656417196902,0.8904612061522305,0.7197988159273968,0.8023076161689081,0.6988022650908722,0.8638971344213842,0.7475132117751736,0.8285144024909614,0.8132790142758027,0.8412241926467023,0.8453558737014815,0.8114537776050645,0.8052892375713655,0.7359759497177185,0.8291401305422211,0.719032243516237,0.8331683426661122,0.8170504631466146,0.8360532461532522,0.8968451002124861,0.8132450981581848,0.7639545784110519,0.8484200624073618,0.7818668445669417,0.770909108325225,0.7877407242440966,0.8247797807871449,0.7912181885881736,0.8627767600608053,0.6464578744881089,0.8652406620279104,0.7605613090927755,0.8004631420561596,0.7810757601254976,0.8415383303968875,0.8908259674522303,0.7819465601506457,0.8085726888104582,0.7495878843705065,0.7532497669555,0.7341229616672371,0.7754967682883327,0.9157681143564019,0.72597255902546
0.8626889841091481,0.8325476524612947,0.7372811305468806,0.7143688048660412,0.6361648628597805,0.8177863181866571,0.6911294325869073,0.8653612766278351,0.0,0.7723513283885176,0.7210903448819599,0.7206023407426846,0.8344966100049314,0.7861843929914335,0.7580178948458219,0.7614947725345194,0.7687922312182127,0.7992229756683953,0.7519999976819778,0.8276573528688193,0.7136158864286319,0.7926845747876557,0.696491933220643,0.6888715255343169,0.7997400682221906,0.6395108053021845,0.7852722201897608,0.7944304453404556,0.7014078248607167,0.8185264386545564,0.844513621278281,0.7973221229414216,0.7551094929804529,0.6845769969054909,0.8260844073203357,0.7077771634227688,0.7914094290789606,0.8171248472474519,0.6741221834292458,0.7291587973527289,0.7051112216957912,0.8121446049946179,0.7130050834184262,0.6873713381763472,0.8062960099720113,0.7455742482910303,0.7322415194559234,0.6718130933691676,0.7377840906987861,0.7647182914165613,0.7330974837677972,0.7329709028389799,0.7079106468636613,0.7235536316213885,0.6902117073818871,0.864432640367396,0.7699698642095829,0.7633162575887169,0.7269690896939903,0.7711619364843492,0.7909822252962634,0.7141521921728325,0.7332003834742942,0.6724597196411664,0.6997641756466442,0.7053366438855551,0.753892973238318,0.7629050310844526,0.7961272787028598,0.8567529363980592,0.7861474995847255,0.7480729363528184,0.7691630369093452,0.7755431251933053,0.8423125825532295,0.7388708879193082,0.6788983563997226,0.6578334424314093,0.7214074118092819,0.660483226275025,0.7050950363754666,0.8775660990337235,0.8070590530344781,0.7865419079878418,0.7479020959841509,0.8700048161639721,0.7903304250829947,0.7854105889675038,0.8092086334351932,0.810006941495095,0.7573029180324578,0.796995276245547,0.7326702751154323,0.729779904546031,0.804438817267655,0.7834073479532123,0.7294372790053208,0.7621399633681658,0.6656088899467052,0.7974904411835751,0.7161899617512195,0.6901247840444537,0.6452933765810761,0.7076726175568269,0.7922005917295407,0.7594493019020243,0.7096621015659763,0.8010628089928358,0.721828244723652,0.7143542561794338,0.6598383680998227,0.6967244887668191,0.7985186612926288,0.800033792007929,0.7405768460688396,0.8350048956013048,0.7543536015586867,0.7051197896175084,0.6749539985780464,0.7771255156542591,0.6980317002668373,0.7589031678747449,0.7265690729092755,0.7455082629769161,0.7664216892931276,0.7347342053000994,0.7444773627333294,0.7400058280060784,0.7082935031828693,0.7502773152866484,0.941668583652445,0.7611184652148747,0.771340019281243,0.7857677552187331,0.7174096152404252,0.6867275563532634,0.7875432966592188,0.745507087362272,0.7272415952094125,0.7761870892128965,0.7277972723324366,0.7507738535585048,0.8626890687578443,0.7389691650046836,0.6969144063560063,0.762956354934013,0.8126029545000568,0.7153611641645613,0.7847362874103936,0.6460703124494726,0.7824088516806733,0.7249348881343318,0.774784373184363,0.7347112862173226,0.734991987385577,0.8111470313781027,0.7627176743240944,0.7538231733565394,0.7273873385138332,0.7202161224944843,0.6786924354461502,0.804995926495615,0.8620723313303524,0.7538987982931699
0.8260598345428148,0.9371769851760587,0.8753175455770721,0.7681551995662276,0.6737654609920394,0.8639521935511892,0.7938142836328348,0.840481869101576,0.7723513283885176,0.0,0.7885613632457324,0.8234177399083991,0.8615215316576798,0.7423248696409086,0.8607552032440561,0.8227991828617335,0.8334203743513989,0.8170097836542857,0.8784827891176628,0.8339304742934074,0.827072621490961,0.8814346138942499,0.7594566130850439,0.8070640136027153,0.926663182279695,0.6519739713599854,0.7425370798934253,0.8199938828427216,0.8994465931313289,0.788039652028174,0.8585011235383865,0.8683024300117024,0.8285349974430922,0.717080185416069,0.8003897904389873,0.7499131591842976,0.8157677088844529,0.7871516865584484,0.7695769330941937,0.820261866210143,0.8125667857158811,0.7705806390435798,0.7972552390127393,0.7838110434227683,0.8331609308126631,0.7918253222827952,0.776969581860427,0.7793245364388707,0.845138798649481,0.7860976379703111,0.7993296649894994,0.7622026629299938,0.7371729588324779,0.8746341735312633,0.824693652353987,0.7908690134218287,0.796710827650908,0.783141541311457,0.8603451363114845,0.776254571105211,0.834848964569552,0.6732707363539492,0.7630635248472449,0.6769739620158927,0.7342774760833789,0.7397265805635034,0.7334998135685219,0.7944920299885047,0.8229305302620527,0.8307100141590896,0.7724271608153409,0.7489657430640239,0.6797734319059946,0.851913147672412,0.8466355032694604,0.7720534445079619,0.7288715485233475,0.7281274772696121,0.7428844883893134,0.6954366082717753,0.7878725296420194,0.7891803755598176,0.8478464487457809,0.7897244570885915,0.7249755175826141,0.8354332719065135,0.7255203303034508,0.7802222639093401,0.8148614861571356,0.7075624129612953,0.7315037732961863,0.7687551185667272,0.8399061618027731,0.7587980885121096,0.769294318893533,0.8831199358598436,0.7330114630246782,0.7920502159136297,0.5880192372150089,0.7994314267264122,0.7332438931844922,0.7455119507760329,0.668946463663242,0.8914076644053776,0.7435954589229863,0.780658321457746,0.803055257933969,0.8583579986181904,0.8183841870952345,0.8374978092280783,0.7655623204723973,0.6503743763091804,0.7706555966772622,0.7122488114101863,0.747429868133704,0.7971626922631906,0.8105281604719884,0.8794428641889612,0.8186378526455053,0.6507224194926828,0.6946091937227329,0.6896974256005327,0.7131381874594188,0.8208088883685525,0.6957161188790433,0.9055232389905177,0.66971795639173,0.7443763097697105,0.8429068858394329,0.8102275386096096,0.8291132768779234,0.7785385580829611,0.6887736389183244,0.6573721964630947,0.8315804700590362,0.7515611850435453,0.8502851734904822,0.799844677609959,0.8445813762872949,0.8450973462718695,0.8179169022491772,0.7569289283354144,0.8411994373453509,0.7356272965818272,0.77371235500524,0.7318046202942999,0.7826074879223984,0.8324661291194341,0.9478571159549668,0.6263350173619318,0.7516210821293687,0.8241242423468703,0.8096086355730481,0.8458461306855384,0.8710377269505096,0.8169993402501068,0.8091988271780661,0.8216071803039328,0.7668131094038763,0.7299907512853471,0.7934550049237296,0.7790376502294826,0.8940453608961793,0.7207093525503846
0.7862353082912406,0.7819603879896413,0.8569050584327004,0.8313900585972721,0.8257355572710418,0.8186060543032861,0.8312962245315574,0.7672826812460631,0.7210903448819599,0.7885613632457324,0.0,0.8739215924412729,0.8388110124187168,0.7054510137335483,0.7625079028040271,0.9135904437488402,0.8595125788113026,0.7208390258876439,0.802047174723279,0.7583830292946644,0.8807095836590074,0.8950340285284223,0.7961420032105916,0.8555812160662799,0.86089586506903,0.8225783914173634,0.7850544318815952,0.8124768632905095,0.8391626038488115,0.830503194556342,0.761841480660246,0.8138894721503184,0.7498247595365787,0.7625563684333808,0.7739509750278794,0.7433717035736046,0.9070520406869245,0.804210006829127,0.8657832934087735,0.8343857614130895,0.7317687078302179,0.8484922068513162,0.7695892214637075,0.8682135113285246,0.7824683363343448,0.6814990505671535,0.684849316726562,0.9194043830577332,0.8790230997464189,0.7353151542280276,0.8050911150551342,0.7529845097362938,0.598890885776034,0.870684747658328,0.8743007351887184,0.7229451115854914,0.770060103976743,0.9057570492987016,0.7023556480979598,0.7080452675115656,0.7942244795375092,0.6242013883834076,0.7309053033271898,0.6735485557024318,0.6163422173270883,0.6419335221345968,0.7981737942261209,0.7750989369677053,0.7680369745326716,0.8321814534535316,0.758128526062179,0.6761758782769215,0.7720369421354338,0.87656126033937,0.7696067687503778,0.6403957891440664,0.9003307905485788,0.8587426089137886,0.671683675361736,0.7570362349503567,0.6865697904031982,0.7548847439778114,0.80268691490836,0.7312531573395535,0.785461464566491,0.7695575429193077,0.8255461826388827,0.695816531994394,0.6793957469620715,0.7202614457099549,0.866640717087972,0.675920195632587,0.8141435538199022,0.6789456496304782,0.7914112341269224,0.8321359702809185,0.6229921561527357,0.7103148324342389,0.6168972734602195,0.7026016994392671,0.7387098805768366,0.791114688839818,0.6946570850044442,0.7114338461300739,0.6824239952501773,0.747880376949014,0.7239488756728049,0.8384839832528009,0.6996937140108808,0.8618571298236088,0.906437799311792,0.79630497387779,0.791660513996459,0.809436451911916,0.6781935236046107,0.8133532423783796,0.6649162092205877,0.8723820287040004,0.86864026055774,0.6834441438766939,0.8261887338509324,0.7096661244066973,0.7664196842290727,0.8046904430756604,0.7001707584538103,0.831045918256522,0.6601613879832656,0.8050377035481283,0.7887333811722378,0.7061539576075108,0.7227615477858641,0.8250152293179325,0.7800948545550492,0.7715785472199699,0.8632184714539187,0.6509909282570001,0.7643044210289729,0.7924584251217187,0.8168608039522242,0.7934190694639829,0.6751217302206363,0.801263338645425,0.7501888411774764,0.7609501727067296,0.9068210449245239,0.7733231095514496,0.809396401372411,0.6915356326336483,0.7938590414592555,0.664122769805193,0.8083083142562001,0.6584910743283401,0.8959498317499445,0.7534362639138025,0.8480406466132882,0.8051738448640764,0.8684488106413883,0.8546960220474918,0.7570311952846245,0.8191661412907785,0.6169280012423936,0.7237475362608321,0.7406371510899978,0.9277192127032228
0.7354472379889754,0.8129241932994039,0.8285691511474801,0.8101074840855486,0.8015006060897824,0.8191930257287318,0.8728361158784588,0.7934999426225987,0.7206023407426846,0.8234177399083991,0.8739215924412729,0.0,0.7805440394028613,0.6584116562846685,0.7736261974507859,0.8684546202423475,0.8020593166707328,0.6646412593958749,0.8239371295466104,0.7245500389948631,0.8578785570071821,0.8232713700366244,0.8352470514791469,0.8485346065495023,0.881811031803638,0.7935398262043625,0.7681095789993423,0.7564594824077395,0.833589206927314,0.8505440604693262,0.8370708323835028,0.80952992093166,0.7717797206227004,0.8402787235229155,0.7508386207066079,0.7834146963844703,0.8626907058963268,0.7530911195075454,0.9099464553314662,0.7922990951161638,0.7556398951169284,0.8237342863951204,0.7516859633160027,0.8565456805339905,0.8200138716914706,0.6910908466107585,0.7273632746385869,0.8503744688699276,0.8593116518351486,0.7136309565769925,0.7824998228981225,0.7416184381152708,0.5816406379241095,0.8605950604575664,0.8717123922967873,0.7749514805467385,0.7279367410979691,0.9188881067902385,0.6578413232912389,0.7185203616690274,0.737011732143915,0.6327324283583698,0.6852935046553189,0.6701172259613164,0.5876911920278486,0.611434728728805,0.7448573726597717,0.7363466097356028,0.688790372401535,0.7748695422791919,0.7201445087957303,0.6535892779729783,0.6676259857985111,0.8186076427688808,0.7204739939056967,0.6379537018311172,0.8391760951096243,0.881767066298418,0.67808050998836,0.7110277474764,0.658144536443053,0.7490175708999075,0.8217761518961975,0.6893659761217734,0.7494676270777157,0.7800846946245831,0.7708320577803162,0.6779696707109328,0.6994420337505513,0.7811855712859299,0.8181410550866435,0.781080423026653,0.8004182570274619,0.650241302252836,0.6921756582109524,0.8973427878242952,0.6155401764983377,0.8082092095861886,0.6250206617851748,0.720065962499074,0.722254641502495,0.7786391613709074,0.74167719222881,0.7991754435599729,0.6640071775444882,0.761203897429326,0.7240352316835561,0.8434522681790385,0.7134879854282833,0.8615135568396348,0.9226531918313811,0.7672064140188329,0.7172647155899889,0.7536248442081878,0.6611177721053475,0.7934190285485851,0.6699614501108313,0.8542742084091767,0.8216986759558299,0.6787528573351866,0.766386739094992,0.7184026738219895,0.7288217613241885,0.8071188951083429,0.6309155783505659,0.8656188856881767,0.6629621019337475,0.8726283368303521,0.8223140416045992,0.6762686144713298,0.75027871835775,0.7619968076145056,0.6941108377803419,0.7335192788652547,0.8083309912427059,0.6100374497934511,0.7905340059464198,0.7894258056351345,0.7908353087144606,0.8335755576213152,0.6530771916180332,0.7809915868040774,0.7678762018015141,0.7359488582018748,0.8823529249519693,0.8373192258108918,0.853464848494529,0.6994766089017923,0.8321224161729492,0.6750571922441151,0.7791703035499858,0.6505898899786571,0.8180012892112434,0.8201782374826438,0.9242715544913751,0.7700970054790277,0.7734049948151188,0.8856468157362175,0.7016430737057788,0.759238102822774,0.6020638867814267,0.6971627919351047,0.8032304344248726,0.8106963473962508
