0,1,2,3,4,5,6,7,8,9,10,11,12,13,14,15,16,17,18,19,20,21,22,23,24,25,26,27,28,29,30,31,32,33,34,35,36,37,38,39,40,41,42,43,44,45,46,47,48,49,50,51,52,53,54,55,56,57,58,59,60,61,62,63,64,65,66,67,68,69,70,71,72,73,74,75,76,77,78,79,80,81,82,83,84,85,86,87,88,89,90,91,92,93,94,95,96,97,98,99,100,101,102,103,104,105,106,107,108,109,110,111,112,113,114,115,116,117,118,119,120,121,122,123,124,125,126,127,128,129,130,131,132,133,134,135,136,137,138,139,140,141,142,143,144,145,146,147,148,149,150,151,152,153,154,155,156,157,158,159,160,161,162,163
0.0,0.6156222475438999,0.6631277143236743,0.567979995802372,0.5834548137975155,0.5777687417710493,0.5634301106757993,0.6606950932462633,0.5292256416900714,0.6038112631905608,0.7123340918224031,0.6823408736058367,0.7102246434313847,0.5592803486559137,0.5709431722523546,0.6761320733216014,0.6073100165800109,0.7572602750800752,0.6955087900472289,0.6437800639972843,0.6967597501042779,0.5731740405572061,0.5499613378886297,0.7455639689898206,0.766193199993364,0.6102610573507538,0.6069835378386318,0.5514420014237479,0.5968730051555325,0.5841801505960709,0.661209275372605,0.6803830962555508,0.5585394665950518,0.4772158411495835,0.7470003877820214,0.5964044331660483,0.7668396345114049,0.6644085499278719,0.5585685366000229,0.6958054789917143,0.6221372671519527,0.6053474110854594,0.6286527185335233,0.6749291044353185,0.6836462850539448,0.6556763817221608,0.6438783685680565,0.6848684957562494,0.7572620978035016,0.6192481429751736,0.5976503002488078,0.6531229122934066,0.4933053327446864,0.5816667925670279,0.579960557714371,0.5433805655501935,0.6872411639228772,0.6557043751214212,0.630888488345985,0.6420096702257106,0.5634134804743557,0.4907312673139385,0.6200849425450022,0.5910768379599072,0.5715526775279919,0.6422148351673953,0.5859666271609018,0.569248620847016,0.6440721312232471,0.7060554967425169,0.6321635623641844,0.632562003918947,0.6116671552361075,0.6538182040005762,0.6448826204189978,0.7246133254819915,0.5568383100095716,0.5943701883273801,0.5262978003743051,0.5363658400380649,0.5774116094475931,0.5588497771879208,0.5246848601991108,0.6266734538614859,0.5907842489606288,0.7398813200726673,0.6708120283929817,0.5796927416680349,0.6595134354115337,0.5204437440664326,0.629975169173495,0.5526890622049699,0.5741835674511496,0.6799832342261544,0.5186439315535291,0.5824094146384512,0.5112727164306828,0.6207812774623601,0.5422459993440762,0.6674294940907531,0.5508075836310268,0.6077732337400764,0.5853650073818866,0.6757027057112418,0.6163205607430813,0.5826859755743795,0.5697029905073887,0.5376309568511151,0.65949724971273,0.7338631567706392,0.7168807812585024,0.5955996698584355,0.5719685524054836,0.5475238847261856,0.6070626227516887,0.6555157721799526,0.6520449565506509,0.7296654986681897,0.5795256760337547,0.569788341622876,0.6309692819829646,0.524300933337411,0.5626741535896918,0.6378244835635054,0.5365714716701044,0.6995683010340527,0.5123391498716946,0.6325848727903788,0.5804984470605545,0.6456089276020887,0.5676429876694187,0.5915963647249806,0.5829895973105989,0.5518672823865378,0.7374941045704753,0.5310249532831217,0.5798196275078195,0.6877521803309115,0.5441853552206594,0.6275169745809913,0.5499073362735856,0.592557123421996,0.5501095908456338,0.4884231057540518,0.6910327563464547,0.6094693036233907,0.5624897610620075,0.5104228740767164,0.6631982227695875,0.5380448268983092,0.756487279087626,0.5297159660615899,0.666764740887018,0.5582647611325842,0.6914420381190934,0.6746382263075892,0.6803422204328577,0.6290408426137087,0.5476602362820453,0.5467529462201703,0.5792797762880519,0.6996754893657228,0.5167768881556504,0.7482276116280304
0.6156222475438999,0.0,0.7004873869597388,0.6284595617461611,0.618166728270581,0.7112422772415339,0.758906670935314,0.6677659184286919,0.7134713933329401,0.7549609060069062,0.6064158015743742,0.6047926621543673,0.6331024125685605,0.6326805682226314,0.6753736127482776,0.5418109025381275,0.4903840178259018,0.5977597412560838,0.5344704645058602,0.4646355373468695,0.5682864065132864,0.7826680257676171,0.45241830982622305,0.552380997496651,0.58682882187031,0.4798272854125687,0.6287098974670862,0.44079033640184423,0.663427074453591,0.6376142803152299,0.7249502021890134,0.647329126855099,0.7008352874076251,0.385034933661084,0.5531031974825606,0.54541003801249,0.6894277517926819,0.558627037649898,0.6187021639619599,0.5977882207637019,0.5559839408938546,0.7667056602261448,0.4822210157724281,0.5837569580420761,0.5238598100379666,0.5339703330764551,0.5726143585556941,0.5361097861523122,0.5737088817865489,0.5327298659715158,0.611635263837609,0.5055180971540266,0.5586747527889081,0.6365748403744744,0.5705885417769038,0.7172140586499895,0.5414292994412567,0.6172662766660962,0.6027441070239544,0.5901557881625422,0.6320352261819443,0.5547462296939177,0.5154481116384021,0.4789010625385715,0.5727417462771947,0.5290153077770586,0.7044245752596895,0.7941798249485352,0.520902757486767,0.7229540680323905,0.7274356971231493,0.5454386056108129,0.5438933788984174,0.6375587443069387,0.6066878600918192,0.6479423280150675,0.6315925601228028,0.726746323153999,0.4156016339385486,0.5562939952022657,0.6018593447941705,0.6942190111624038,0.7501237237228514,0.5078781750570652,0.5010123211539392,0.5794313125755542,0.6469060989173677,0.6009830627814273,0.5982458974659053,0.7011102191070048,0.606381960565427,0.714602758032674,0.5752660294645855,0.5669900774285968,0.5832345291618958,0.8359266175016531,0.5712550756530513,0.49377838454290257,0.5555958309759846,0.6181090609164829,0.5851083789770456,0.6060595612610686,0.5047275705601667,0.5430253357799294,0.5497857982753775,0.47192331736698956,0.5039664969302019,0.4375091962535486,0.5981323874064538,0.6055359011872365,0.602802730438049,0.5030596648089838,0.6037702506773119,0.6114176719080296,0.47974889208889715,0.5697725119916976,0.509187508339692,0.5719741371742638,0.47435879936186637,0.6642172882406979,0.5661516273697211,0.5921000957722051,0.42741797783636826,0.7871071474152807,0.5538905467733913,0.7190598123390017,0.5739339019349237,0.7610208045887494,0.45970700437681294,0.6167386856265467,0.6757540755932165,0.6277656282737812,0.5991740440951767,0.6323537946424351,0.5726744411709463,0.5335184001108539,0.4510557922409887,0.5530545478581328,0.42515588546646005,0.6364863639772269,0.614892257782592,0.6357123192976288,0.7112931346324962,0.5483417916926284,0.6120492124606584,0.47143937855956675,0.7291259878384656,0.6530428921172253,0.5017913062154986,0.45632931650379727,0.5664874085947399,0.5945233228215783,0.5705895576351636,0.6516623673001951,0.5693895988749268,0.7993975761130732,0.6555328818947785,0.6944919035904686,0.5907149369093769,0.5648418560639824,0.599859923311691,0.622593818615265,0.6018442038131459,0.6531137401868374
0.6631277143236743,0.7004873869597388,0.0,0.6664196514588091,0.5986178751886299,0.6833937489626755,0.6336249329470813,0.8043031709752577,0.562014481612918,0.7917241392876249,0.665605961394118,0.6817532227818052,0.750202838070177,0.6061604254954164,0.5747155138308927,0.6774025970410306,0.6007745313054704,0.6881688067144419,0.6257131583394513,0.5221950152698982,0.6931344470158397,0.6178679368253615,0.5238265718818577,0.6093557526559527,0.6912751936413172,0.5758955636266184,0.7204879399598234,0.5212426536761521,0.6519230553128454,0.6463496986973566,0.6346922846418729,0.7716871602081187,0.6346049143626683,0.44089608091028154,0.5819751245289919,0.6001259054498316,0.7146894948435735,0.6420607227292084,0.5707824213534909,0.7261003571026328,0.6260436989485941,0.7280195567335601,0.5526873847530274,0.6043135137012238,0.615395632327881,0.6465379755024702,0.6575034226901308,0.5720080180359917,0.6609771685279117,0.5879721097166839,0.6498098180674834,0.6133771992179807,0.5364355157519568,0.6322855484058703,0.5941888274761246,0.6265774703572831,0.6289540829868068,0.764940095474469,0.6460500243803039,0.6811273291693288,0.6326543683002189,0.5579037188159165,0.6040127095336897,0.5395134690072383,0.5610268432068123,0.6166079046475673,0.659836347459309,0.6294153110976739,0.6199917601343041,0.8288706213343666,0.6595305195367072,0.5836536975533404,0.6102274882161357,0.7727377048541333,0.7408088087790317,0.6936684861871322,0.6611800117331912,0.7366845058081993,0.48253966108954105,0.5773249769936114,0.6508927976045734,0.6041690320800851,0.5959937982688333,0.6056765651935869,0.5911803401932488,0.6874598878554219,0.6847361987431485,0.6099421072170502,0.7444152173487791,0.5752733435810106,0.6798092177421631,0.6155522750172069,0.5924582370265449,0.6263897053197056,0.5692224873112012,0.6322644971246277,0.5461401416078149,0.5877032769298439,0.5539409112788575,0.7827532777235077,0.5490490149471051,0.6939103755226709,0.5842336403307744,0.6360619980511978,0.6116460593644468,0.5673574175641202,0.6103233230486911,0.5111172502113379,0.7145729810788843,0.6588323748781472,0.6946451510936429,0.5691637076784336,0.6163221560323826,0.6546794074065132,0.5621087655512504,0.6975778798310793,0.6121780100967098,0.6221244653249484,0.566818436202626,0.6873465314799692,0.5902209064908787,0.6189274929451674,0.48873666127340043,0.741524688660854,0.5123106879198747,0.7734205002883952,0.6078890762286191,0.7387181276958029,0.5492572904273374,0.6410855278075344,0.6678490534185701,0.7138361446907672,0.6105064317433851,0.575106994764649,0.5958644051139244,0.5013958915891393,0.4963414587651008,0.5958130170114855,0.4853044427039786,0.6640749405819902,0.5742377368594986,0.6489163861765992,0.6381935409399822,0.532774324595447,0.6666062080285412,0.5402093329498094,0.596921022430837,0.630564654348131,0.5884414324590881,0.5469681613418261,0.6135567503285773,0.575217415199537,0.6386102965103527,0.6584208555194883,0.7082612161147703,0.6941739072236834,0.6509025169550069,0.8128722245040219,0.5467612200138591,0.6083573850841063,0.6790726462845171,0.6502523863777742,0.6079745935969867,0.6680005094437581
0.567979995802372,0.6284595617461611,0.6664196514588091,0.0,0.6091935275802015,0.6165682205516322,0.6520251418498156,0.6082822732020166,0.5311028219293704,0.6470601234084409,0.6615662964198424,0.547149501254755,0.6032483243903995,0.7681963418988715,0.5829699169019703,0.5741270359546677,0.5419138268046214,0.6234605460791706,0.5697103252676453,0.46385584637353255,0.6349879399512569,0.6205841062950688,0.45951463644844354,0.5102329618224516,0.5556889553131426,0.5294372537359175,0.6215110066555315,0.46678259418978435,0.7782771848243958,0.52988202207799,0.5952772750525641,0.7077343866405543,0.7351179553164011,0.3952102130099462,0.5615083808798836,0.6721218056475249,0.6062871519693919,0.6623597371299358,0.6558535742970301,0.6499567077691611,0.6570691050026763,0.5971219232496988,0.5224074402393606,0.6359067270960695,0.5161682488701623,0.5567153988609068,0.526246544655646,0.5593204500945346,0.5979178060170127,0.616952679849599,0.7881150254756827,0.5483140640231358,0.6638573476911389,0.8041263422145717,0.7417257883165239,0.5338217032091701,0.6108934926087477,0.6528603425537354,0.7601966810195686,0.6891096393468985,0.7068668849331422,0.7048732906847073,0.6121340858799215,0.5532904874833068,0.6517240182908093,0.6183556355100164,0.7187656845235466,0.6060531348403279,0.5930067388368705,0.69766436683087,0.6902602389000604,0.6442713320239586,0.6621881899458767,0.7630544491114281,0.7112776866230314,0.6651380014814896,0.8544719333029006,0.7464012162935294,0.4458266493001228,0.6281119275867763,0.7066244844953437,0.6660663038026555,0.5418580522675053,0.5728467504604189,0.6109632574322116,0.5532264340636004,0.6566289841801856,0.74240733202016,0.6121903108931023,0.5095561511142781,0.7161626753785569,0.6490991865352285,0.7052823804602771,0.6481744423731787,0.7486471896048096,0.5894010414995573,0.6781329359238759,0.4919931520533809,0.6820570695754221,0.6599878936913379,0.6585962339610026,0.7906922617397234,0.612405556206997,0.5406748982753589,0.6792334732892575,0.4817796341583767,0.6134276440145013,0.4347910424745476,0.6557972731357256,0.5290388038011314,0.6755371279025367,0.6032122247544143,0.6590613343461702,0.8311479892213116,0.5445387119005535,0.5402177456847773,0.5459347942110215,0.5926327905801996,0.5453117432175839,0.8249744898069623,0.6371480301362823,0.8010734156344274,0.4436661041658058,0.7228864793789368,0.5787237895169386,0.729798373804173,0.7721226977168567,0.6161429132659187,0.5100653389819385,0.7066483198105316,0.5346004665723626,0.7715057735530423,0.693809814293481,0.6784492572617682,0.5843833928771637,0.5654648173364786,0.41800197702188285,0.580279299337487,0.4384866754723932,0.6937828798122133,0.6881284478594599,0.7851046054681904,0.7226515269694046,0.6818630967293349,0.6972350195550656,0.4659440056195524,0.5586274423362398,0.6953137131906199,0.4947770414169476,0.5388245287182873,0.5986150098799544,0.7240120942200124,0.6392735192103999,0.5399962381081483,0.5858267783226402,0.6451820181039688,0.5714545678383482,0.6001234249032454,0.6471292056618458,0.7697151055539957,0.7520998418444582,0.672304954452347,0.7690643680403082,0.646125645974441
0.5834548137975155,0.618166728270581,0.5986178751886299,0.6091935275802015,0.0,0.5306829290751167,0.6951788658142116,0.5720301072746329,0.5879200673919955,0.5666920669949342,0.5949898122709435,0.5916564552624591,0.5304386945496888,0.5960892358912836,0.7297514870562122,0.5280755064781782,0.4930662216253152,0.612152169882193,0.5642367778956673,0.4729633036663829,0.5895998342441391,0.6529738436355358,0.46751983411871817,0.5441984101761912,0.5401221155876289,0.49641303991979,0.5891809274414606,0.4331411552884425,0.6196318777525472,0.5890465314902859,0.7126729402280925,0.5930313046730223,0.668578099551825,0.3897562407494332,0.5963557627369214,0.644104594066554,0.5793871139870765,0.6057918966939049,0.7437506453870687,0.5899239581108802,0.6442527771797907,0.5771733999502024,0.5377379385602385,0.6372127344202033,0.514917452503432,0.5388444398580619,0.5712509867618488,0.542324703988149,0.5995760924990421,0.6333096436523271,0.6675654884508302,0.5157414166063046,0.5774808694917389,0.6497924253233452,0.6329254860681216,0.5171098663681428,0.5812564086393773,0.6237715305942967,0.6296760208526629,0.6366651201805744,0.530635392573115,0.5699095093389522,0.5427081921096307,0.5447684365628356,0.6539020180886461,0.5307516445313246,0.5721556413645137,0.590206244777149,0.5514532735710587,0.6143307595013149,0.6765851836692119,0.61246286836223,0.5305101115771793,0.6056026409827603,0.5653285129574256,0.5861262308113955,0.5936472427742645,0.6824530738185787,0.43580901117301457,0.49604098413149467,0.5379709119464139,0.6969210214130611,0.5632315475937237,0.48888853280804173,0.5313696416618522,0.5551471987656915,0.5558786843968359,0.6711106882901701,0.5449939768932672,0.5203370389136323,0.6998822691683088,0.684331667835305,0.6913569889931253,0.5675841850433081,0.5898876861193143,0.6072706841402459,0.5750780161660085,0.4802511205328703,0.6390543034468468,0.5571619502340359,0.5912357913840777,0.6124946703000708,0.5626545348838123,0.559222654214232,0.6046968710817524,0.46987416593901543,0.5181748441884334,0.4214002718700124,0.62057802884809,0.5187754368224808,0.6170170749672921,0.5792567989822915,0.5151165469297984,0.5806531037962654,0.5058099628560443,0.5174209972265169,0.4997979963574814,0.6502448663202994,0.4705541360790745,0.5966993299470986,0.7022177063319254,0.5953999708266555,0.4244542831388705,0.659326264789442,0.5543712041965172,0.6493954038860889,0.5680659726558817,0.6663792628475421,0.46960656105187654,0.6825346681768083,0.5267237416254423,0.5829907764500725,0.5343382362947575,0.6295043454916457,0.5878205706302848,0.5803452052039146,0.44210571602982,0.638071267947141,0.4417855181573645,0.7430605414089737,0.5751822028919974,0.6159463629686823,0.6518802238120872,0.5921043419293843,0.6245210503420437,0.48674092680216036,0.6734095143127402,0.563363180068241,0.4950172751911934,0.474991820225612,0.5975480669658031,0.5953781280120108,0.6617297417690589,0.5740641110292052,0.558663259152226,0.6193295815765398,0.5273115307134298,0.5513236820064791,0.5759249086901882,0.5510254847098226,0.5472697293516465,0.5986904404314634,0.5880491138651783,0.6576332645453963
0.5777687417710493,0.7112422772415339,0.6833937489626755,0.6165682205516322,0.5306829290751167,0.0,0.6178430435095389,0.62896754373145,0.5920419710727111,0.7361191452636419,0.5999023011121385,0.5486610064126483,0.6612418528918986,0.6197823335449903,0.5468478449435957,0.5464996987752117,0.49553769607155684,0.556375806297331,0.5146218781123526,0.4505532060632178,0.5582845580587132,0.6436771298304091,0.4311597251672961,0.5107767593855361,0.5721838844400472,0.47743876314863004,0.5649665386317448,0.44562089736306454,0.6448817597441835,0.5612325605564141,0.5901691474460514,0.6644376150173653,0.6141450860346578,0.3822168364824531,0.5124117652381097,0.5122470052467792,0.6709755861699552,0.5390962731263789,0.5475855212079894,0.5666626690023242,0.516322188424839,0.725948559411208,0.4617809323615982,0.5565106146082982,0.4997768142803323,0.5125851174617256,0.5249415169453515,0.5343724718236835,0.5374369429483313,0.49831381312956674,0.5841482623268033,0.5048183894036632,0.53947822095533,0.6090425732969483,0.5495255488172505,0.7023166155283783,0.524845768303409,0.590002414956038,0.5766893403026362,0.5510726172794904,0.7127137665940417,0.5552317137308247,0.5206102362031655,0.4593297924662879,0.5344398677306104,0.5415307213116111,0.7260461610988627,0.7250013929665046,0.5054825188588864,0.6940136686378505,0.6589855390878584,0.5168575747986361,0.574328594701989,0.6346759304491858,0.6284921943296657,0.6467340028702239,0.6500415555004327,0.659344273720452,0.4093967109692727,0.6481897034493808,0.6795128598680348,0.6048539110306144,0.6442635989508397,0.5300057558514917,0.5058091228431132,0.54573262056687,0.7024912554509987,0.5604912667138334,0.5927690533895754,0.6248899484372031,0.5621242934790677,0.60837375921294,0.5330988353538665,0.5698111139779498,0.578007422006465,0.684577010967986,0.5669929169909693,0.4869967356939297,0.5286855884322001,0.6175076264665121,0.5640522098763121,0.6055165911808732,0.49168061115639394,0.5061713201805425,0.5337087021807478,0.46491455504995194,0.5132157280719598,0.4375226221414018,0.5558196726375931,0.6020503131763096,0.5901554971824344,0.48507312948356807,0.6982367295472974,0.626096060809084,0.473637202853842,0.5554511926574659,0.515205511921281,0.5235540267285302,0.4975829992516303,0.6734436011348781,0.5192328816368368,0.5863387476074992,0.43518223846212983,0.7145757742703467,0.5423620793252599,0.6695396810177354,0.5854267317221366,0.6252134132428218,0.46264131654296814,0.5608533523536853,0.6362838837564933,0.6749676659456841,0.6494606409580832,0.5993712011610277,0.5457246349099343,0.5048051672244912,0.4320126632260472,0.49840920454721616,0.4091614992931063,0.5662814806783412,0.6021368562577797,0.6469339165446467,0.6399405598294914,0.5312603824864247,0.5981448299614723,0.4494697563101472,0.5855561201079158,0.6567903031548604,0.4874731251084309,0.46701577768301755,0.5393967732500392,0.5838390781182978,0.524266830807574,0.5614354385157481,0.5534590254975973,0.7119660886687552,0.6626716732604054,0.7001872498272605,0.56396752904618,0.6002370136129925,0.6316121478552668,0.6207103506935437,0.602817979506479,0.6050794866915868
0.5634301106757993,0.758906670935314,0.6336249329470813,0.6520251418498156,0.6951788658142116,0.6178430435095389,0.0,0.6025416066286713,0.7013437396151971,0.6592791036563983,0.5828770865179798,0.5713929752725059,0.5579351168203344,0.6508734324892628,0.7479386357862136,0.5094071579956129,0.46876305260489787,0.573058749252447,0.5182211810886593,0.4388968446932246,0.5500114188439664,0.8018139361143927,0.437593299435717,0.5147152997000486,0.5337938884502977,0.462249307883599,0.6114916306842881,0.41726884216727617,0.6699924049237147,0.6097511475498963,0.7206978020774595,0.6095960775080504,0.7762933440515085,0.3683925306315332,0.5384990261830441,0.5691393456287147,0.6077116399714639,0.5550940145224512,0.7075177862758204,0.5731497636370195,0.5696914535408923,0.6656696652174988,0.47498707597034956,0.5842550561066776,0.4903040065603839,0.5092765556174199,0.5407223927479786,0.513105344773894,0.5551410895018739,0.5469099389226176,0.6445987464203182,0.4816264344518918,0.602938092246842,0.6725380816184159,0.6025518253185955,0.6137404078932912,0.530887972803884,0.6023351302310593,0.6115338347653889,0.5955890720776011,0.5971719588509826,0.5948187891336848,0.5045848572301352,0.48140592907843915,0.6073374814194308,0.5087031512415723,0.6665325379464756,0.7187253336782295,0.508493146320675,0.6550682677363453,0.7239892806843068,0.5542641558878293,0.5262665909563538,0.6167799380412026,0.5749740558133385,0.6006411840919527,0.6520499457521743,0.7662329659799999,0.4018310390285551,0.5322175953522407,0.5718958459611709,0.7846654796712377,0.6963082044475972,0.47752202908248487,0.4961061905515318,0.5347723391028382,0.5903645708840486,0.6452145792896102,0.5543068550646812,0.625012158609564,0.6318906712573541,0.8138314146341475,0.6240000272616217,0.5482134781661923,0.6241436639990542,0.7438680144203269,0.6028332691780546,0.4609910746622221,0.6004304790073758,0.5732912100409209,0.6105829249618391,0.612249484595218,0.5105117395087555,0.5187105941175618,0.5569838300504925,0.44609368062536303,0.49556849132624353,0.4085250458834675,0.5875475834024394,0.5325360700467432,0.5883478697513655,0.5122466665677197,0.5639288324233214,0.627169905086577,0.4667729870988636,0.519751269488616,0.4795845456196508,0.5708290438897604,0.4530061713251968,0.6656471086139252,0.5934016248766646,0.6282185389926674,0.4026297596364173,0.7541773667853079,0.5637090271015245,0.679572643341272,0.6009382097897441,0.7260640391323798,0.4413247834143817,0.6325701809060504,0.5929046186917946,0.6118160661237038,0.5758071935322366,0.6744734955728219,0.5509981892319648,0.55521134582021,0.419671765890016,0.5546996892828013,0.4089328542277431,0.6769004496535346,0.6231796170500092,0.6445419461667684,0.7897249094590906,0.6049783127380851,0.6006653213824692,0.44973884781409706,0.7552522748008896,0.6661973213144375,0.46866738199301017,0.4471149947544968,0.5504211071389995,0.6297209306414454,0.5818498912513707,0.6178671306908683,0.536995785109836,0.6998149710650278,0.5735562559100623,0.6073634708520378,0.6092413769849044,0.5731265835004956,0.5766467884367027,0.5958252231576658,0.6392010211639864,0.6322046493036638
0.6606950932462633,0.6677659184286919,0.8043031709752577,0.6082822732020166,0.5720301072746329,0.62896754373145,0.6025416066286713,0.0,0.5579644210657275,0.7659393938013335,0.6119709750265813,0.7460006017147198,0.713434701826169,0.5540921952735121,0.5552793494331791,0.6743205347132443,0.603116246244596,0.6832464697249448,0.6388333108730355,0.537101311204176,0.6688618442090599,0.5778804860141246,0.5600848435423897,0.6226317586123471,0.7274102477250094,0.5697460614471992,0.772958555626598,0.538017504648124,0.584882113567183,0.7002961638231775,0.6285962567348077,0.714921053974484,0.586702727669866,0.4605342097587225,0.5714579649626981,0.5756294749778668,0.6740693230540025,0.6145046599265849,0.5371726066382554,0.6995061345913731,0.6016457470625955,0.7202471828599383,0.5549009219166227,0.5624034242701527,0.6535170442563333,0.6758250950911249,0.7129956202365176,0.5373730454001249,0.6628501781972979,0.5715403593363783,0.6005643628034116,0.610229372243908,0.5022313065721149,0.5749813859379621,0.5500713138568469,0.6243431604842486,0.6146220870361099,0.7611012622115392,0.6033743840608062,0.6647974987298538,0.5729945670473954,0.5199597380688067,0.5751211712714287,0.5321555586430304,0.5290028535316852,0.5893304474022569,0.59938104115182,0.583650896722085,0.6160031376053625,0.7718333162554005,0.6045354496867287,0.5565228169792931,0.5692774207683662,0.7005761027290601,0.690883566424805,0.6545600198373674,0.5961318204922672,0.6647384050921649,0.4946828236895112,0.5225970125741498,0.5853165370219404,0.571990778066137,0.5804136314541793,0.5841003454467284,0.5740665392787754,0.7339413808851515,0.6333816353552895,0.5771005247695634,0.7924647294213227,0.5736400731139778,0.6454414242575323,0.5949148657829424,0.5568048384990973,0.5898741595013441,0.5245216974507947,0.6020538201211922,0.5071528753862309,0.6295495652732239,0.5210236167573735,0.7749125300357624,0.5082570515928867,0.6463157762720697,0.5752850264096296,0.6828487750632788,0.584324025417794,0.5972575529074974,0.5950253907721054,0.5410073441737676,0.7020332564779536,0.6565856950785273,0.6535620635508312,0.5539643044370081,0.5609349141655045,0.608751863967743,0.5555360145197166,0.7528250454067579,0.6232802171356601,0.6164001622341732,0.5465216754329653,0.6311485344228024,0.5577272792243736,0.5776371499933436,0.4923787944432702,0.6699931626841806,0.4788790214159161,0.6939942226594851,0.5668731818292766,0.7361098806847649,0.5513666749949803,0.599848293559642,0.7192624615537828,0.6385316395400806,0.5573929123469691,0.5332932830362904,0.5685434178261871,0.46953946321258294,0.5235990964398851,0.5849691887879935,0.5023161001539537,0.6451647597362488,0.5277683854587808,0.588819033054816,0.6006759585128559,0.4989046013748608,0.6137206043181177,0.5742992120637335,0.5845997221116639,0.5839092675813083,0.6228640155091609,0.5414163717139733,0.5971549434558409,0.533502050465585,0.6280512668436001,0.7004928573923586,0.7393469530012295,0.6487872643508988,0.6162591468818794,0.7963204647908689,0.5055604371738036,0.5565083288091398,0.6183742538331414,0.606821132346204,0.5676538960198667,0.6243236167226164
0.5292256416900714,0.7134713933329401,0.562014481612918,0.5311028219293704,0.5879200673919955,0.5920419710727111,0.7013437396151971,0.5579644210657275,0.0,0.6038212477439717,0.509129545570693,0.5370838944766464,0.5139162346991416,0.5485367997994919,0.6707949358475265,0.4596585020999041,0.42238237597049516,0.5082911794406286,0.46731101463214697,0.41515875290318127,0.4842825323974234,0.7240944468601849,0.4065503134859137,0.48420064639723437,0.5010480933870909,0.41580765225208993,0.5360879908732745,0.3859118383545541,0.5548344270512267,0.6014936668754947,0.6842018682471269,0.5338828070152566,0.6127641599955191,0.3484915504425043,0.49256668401736914,0.48390387026065484,0.5667030593749522,0.48185289250177143,0.5864654921557186,0.496055945808596,0.4853471472571817,0.6566648820208075,0.42954705887374056,0.512831387537446,0.45649949019701813,0.460743106039848,0.5115898412538853,0.467780064579833,0.4934270606198512,0.4749350822799762,0.530679236026773,0.43608005443036807,0.5169824856169832,0.5503097987363336,0.5010184020184338,0.6677671214692136,0.46832288078886003,0.5279514953162421,0.5153998827346428,0.506209318783488,0.5287894849148722,0.5070632805671019,0.4449090591030898,0.4278412767832422,0.5262487694546777,0.4519942018614222,0.5827673133910655,0.7023293602287228,0.4503307313042621,0.580328107522758,0.6275927567608114,0.4803799142964492,0.4658636044327954,0.5230321462144052,0.503025569513987,0.5380623362354625,0.5351625982177567,0.6075005776455799,0.37118849216484956,0.4790055678047296,0.5066402939108012,0.6676623629660178,0.7748551311724933,0.43106504655887473,0.4363106699269515,0.498320079605395,0.5406928059627042,0.5375497258022897,0.5017886824788487,0.7225004778948126,0.5283683202841076,0.7033208366472004,0.5157627322289454,0.483272858119308,0.5258822218312764,0.7685619080550863,0.5262459875855818,0.4354863258778384,0.513549345523585,0.5079870451392002,0.5303198275134655,0.5158620036014526,0.4461361309221151,0.4793205168470009,0.4812915637957927,0.41485100833134153,0.43452236485594725,0.38930920841450084,0.5061633200371514,0.5164027288404591,0.5107059698554499,0.4474972591456124,0.5118043759521929,0.5284969327126084,0.41733369446402885,0.4845889143397814,0.4388672326703813,0.5066565719708469,0.40784437241024135,0.5641662951441492,0.5079485060739328,0.5246214915439414,0.3792947037505297,0.6298000772892317,0.5209607211646096,0.5756209812824584,0.5085689644905735,0.650526663312215,0.40054157526360246,0.5326714824015253,0.6134155007850395,0.5274241363721823,0.5079203198860252,0.5866403221112036,0.5024287576767759,0.5031283050615042,0.41153737162053594,0.48948043901707144,0.38074310883027085,0.5667413224122574,0.5417618353470941,0.5475020245019975,0.6426712355229917,0.515431349985889,0.5201806754269879,0.42574730396474353,0.8064126852557183,0.5714094642180535,0.44194051220033137,0.400398220268287,0.4956533302238337,0.5350770223068083,0.5010307233600484,0.5955360411955676,0.48702445049323606,0.648506462692916,0.5414835035193225,0.5678173559749938,0.5296696247753354,0.48595344979058813,0.4980896374918319,0.5316756717843649,0.5413096626696576,0.5592787192740344
0.6038112631905608,0.7549609060069062,0.7917241392876249,0.6470601234084409,0.5666920669949342,0.7361191452636419,0.6592791036563983,0.7659393938013335,0.6038212477439717,0.0,0.6016338742534778,0.6305977614473617,0.6883185892085251,0.6011994328803061,0.5739299478255357,0.5930174369140505,0.5353539761275039,0.6110451946926044,0.5602356527795043,0.47561014765190773,0.6023835848520622,0.6379742345357515,0.4826272261501509,0.5520821010759024,0.6254465481868112,0.509799966281889,0.6926899465716388,0.47830445550746215,0.6321476248975212,0.6528581993796653,0.6271235536869526,0.7031055284502207,0.6412194194994025,0.40938770159659277,0.5313385388689663,0.5483383915338348,0.6702908676896975,0.5727490426052172,0.5575959742752675,0.6338717414190859,0.56244865461524,0.7962900361331554,0.49456443854218224,0.5536044016814473,0.5550462695865959,0.5767394516399398,0.6017802137153602,0.5210578411762439,0.5879152335650357,0.5327711132580342,0.6095056149978282,0.5400112265897248,0.5367472054438185,0.6095462640737994,0.5582089300755726,0.7059550813923724,0.5592970410693597,0.6751323671857076,0.6009109993945401,0.6160003060270928,0.6399276020894263,0.5561044226425661,0.5393086346167201,0.48754838398803885,0.5367120269059065,0.5561873235200904,0.6763134892973917,0.6654907334235399,0.5504663205451098,0.7677740468067731,0.6439946508993879,0.5352329669352522,0.564230987813415,0.690199681585133,0.6706838949994934,0.6508867214253924,0.6524463585670858,0.7211976986418364,0.4390182963241595,0.5658429853856154,0.6278589069116249,0.6146906088579257,0.6558557485949001,0.5450344904733097,0.5331204569913935,0.6131275384060061,0.656272834745175,0.5854304777781529,0.6828523415205847,0.6347696302464231,0.6156747821334178,0.6418387740069214,0.5574837949554692,0.5728371201072158,0.5644110962259368,0.672294138440922,0.5441841286903103,0.5356749027398271,0.5317145947802573,0.7031810799780984,0.5381400551717319,0.6449471359154002,0.5293503335964039,0.5726792855869299,0.5594611787231499,0.5132558509210072,0.5522359438229899,0.47396785163817684,0.6328157160488899,0.616691979517665,0.6183466571382764,0.5141674513724513,0.6112518323762378,0.6515473449212092,0.5034863285366574,0.6338376121942711,0.5515039978367987,0.5626075278385316,0.5100927838699341,0.6926463158303197,0.5394068076969308,0.6131797428379425,0.4468691467793652,0.7373386592764255,0.5032644532959848,0.7101578579103562,0.6039628974717104,0.7341265984243751,0.49339016358644616,0.591068564383514,0.7355135845171583,0.6748356093524458,0.5971979670545695,0.5733312486428164,0.5462714045369385,0.48444092198987154,0.4619676612448014,0.5373508555784571,0.44311351513715447,0.6244995972339523,0.5713113708918337,0.6263967951571474,0.6673475973139879,0.5293471119756616,0.6041862176870061,0.49274425739467415,0.6145965974537085,0.672794198927317,0.5324242488969565,0.49564128164275423,0.5569169584497085,0.5729380175778905,0.5749773338182446,0.6754487107959802,0.6229007980004323,0.6968903271934901,0.6373262591952212,0.8153757498888511,0.538803416690826,0.5869143364596086,0.6466293388309727,0.606976663206014,0.6150355571456181,0.6128341793131528
0.7123340918224031,0.6064158015743742,0.665605961394118,0.6615662964198424,0.5949898122709435,0.5999023011121385,0.5828770865179798,0.6119709750265813,0.509129545570693,0.6016338742534778,0.0,0.5955067586665345,0.6951873816949277,0.6512932090278573,0.5650454209040534,0.6606513342315425,0.604258693341326,0.7067831411498718,0.6509834301171781,0.5638154937032418,0.7202670759091918,0.5915270961301407,0.502422298975119,0.621819561378849,0.6566622953938757,0.6184998774776891,0.591644474712529,0.5275318376351018,0.7085706781793089,0.5270412135214126,0.6178296996169862,0.7253396356691982,0.6052787308952815,0.44472391015164914,0.7070388012491977,0.6550336484153694,0.7421177389219629,0.7281913302772212,0.6093617660784341,0.7158802863208442,0.6582385389962174,0.5865062280791217,0.5999771759452917,0.7837568747795862,0.5963783628762558,0.602549312656131,0.5561051589183584,0.767458419695562,0.7145012536216524,0.6438488497413934,0.6771332016395033,0.6338543842480178,0.5420440191290766,0.6809878735367477,0.6930799846209555,0.5217413212822994,0.7021697401091883,0.6528855210513679,0.7257143156981205,0.6648833164701479,0.651780686468012,0.546865388106247,0.6712956315868692,0.6160124181307841,0.6223515522375092,0.694371411865127,0.668110859360789,0.5841266978084488,0.6499941215619198,0.7162727029465207,0.6782502366317332,0.7045620697756001,0.740939787718577,0.7306578917039294,0.6978754475333515,0.7460317365912932,0.652951071518857,0.6435046289635108,0.49974915683953985,0.6305820046961341,0.6612335863015848,0.5874747316490012,0.5118460022847786,0.6649307023565086,0.6455921305798117,0.6305545129110153,0.7542044447439129,0.6386823511485054,0.6253769718292764,0.4998029760952293,0.6761096742368247,0.5661545086530754,0.6380525860600608,0.7649328640031284,0.6001761969422773,0.579553513620729,0.5751936012775106,0.5549586858627279,0.6157752361272544,0.6713418689647614,0.6418525971281518,0.6881641927165788,0.625066812295866,0.5943881821395397,0.6797286794717721,0.5324843310471353,0.6077648605195971,0.48949670360509895,0.6545492944339897,0.6438331279347359,0.8243620936438419,0.644455337901526,0.6654061196831836,0.6219203489713251,0.6133820435017157,0.5896159485575501,0.6195044512283809,0.6960538191012123,0.6278733413271282,0.6402511157665436,0.6912400485030737,0.5865151866126957,0.5369974219681224,0.6756107569285235,0.6022900344690701,0.758254688269257,0.5745209879114305,0.6035639435314389,0.5800709102550414,0.7065463531973577,0.5233602127062242,0.6706034362400248,0.7073122068079107,0.6231300296665048,0.7802009060145844,0.5802373381575612,0.48862220414055835,0.6705127987078366,0.5034060482126427,0.6445460454542938,0.6254538896190632,0.698898143080031,0.5869558685914101,0.5517811464291619,0.8656549459589287,0.5341643050026336,0.5415396434570318,0.5476792101830464,0.5756753537812623,0.5685116416747448,0.7687847509507216,0.5943302265092821,0.6831830945173346,0.518266640479518,0.6466659720353888,0.6867146550318637,0.6800003136093206,0.6073389707229055,0.6347380964197211,0.6531148540746335,0.648106765674648,0.8025040015553464,0.576881353135502,0.8144102185595731
0.6823408736058367,0.6047926621543673,0.6817532227818052,0.547149501254755,0.5916564552624591,0.5486610064126483,0.5713929752725059,0.7460006017147198,0.5370838944766464,0.6305977614473617,0.5955067586665345,0.0,0.637312188470194,0.5066648738133332,0.5523261048642902,0.6645534925003681,0.5973418441945633,0.6793757397254636,0.6696810101940139,0.5814916464178159,0.6596747139015278,0.5467206130947136,0.6168449655413099,0.6992672816677564,0.7441612956702527,0.5834041214589242,0.711477759485863,0.5451631161734312,0.5380070977282037,0.7249022279206845,0.6358700903163169,0.6370229204549147,0.5387874730510029,0.49015082093695783,0.6011578089034472,0.5690181548301666,0.6452571007575099,0.6021954242166607,0.528491827778984,0.6699587629346657,0.5955775466552294,0.6431482972191522,0.5911305727821775,0.5619622067497094,0.7046651868944003,0.6813674252740254,0.782746176562031,0.5428177388094327,0.7006388142808692,0.5792478406924902,0.5639570800178513,0.6141049683365595,0.46446859395039497,0.5347825194443492,0.5275196834427528,0.5629939730499852,0.6176236859713946,0.7259938497315546,0.5663041507082897,0.6363072667566451,0.5072790506617766,0.475216163517432,0.5552130669243344,0.5491450772354818,0.512114511749702,0.558400624265796,0.5368665672105638,0.5363820919797823,0.612281996063945,0.6719889783264722,0.5674889526617385,0.5501599635615845,0.5323790285097223,0.6249817121619761,0.6069168974997102,0.6020388948731928,0.5364861157322091,0.6091270982777361,0.5167350901856842,0.4756684171303642,0.5189350110856626,0.5407146010048544,0.5405917048825977,0.5517350711703539,0.5576325928436033,0.7721423875324107,0.5796501558310384,0.5467318132877041,0.6871336818336772,0.538869441239274,0.6291354270320527,0.5593319589886706,0.5411040733369727,0.5632029876082505,0.48407084827142294,0.5648552950003244,0.46952425151362687,0.6620053052418114,0.5027268412497048,0.6633874619253183,0.4839483061940282,0.5902662288867614,0.5716184718881494,0.7492069886815678,0.5625176596385913,0.6217105867523042,0.5597427115317013,0.5646514091355124,0.6680903300910033,0.6571321422263228,0.6425232837882456,0.5612845669389448,0.5036444597104459,0.5411516665028662,0.5552670799538795,0.7295023176830407,0.6104878079046943,0.6638252562764492,0.5283637196484399,0.5550397480517544,0.5681665408067142,0.520313602788321,0.5096536015651945,0.6063591802840173,0.46218788380403136,0.635209259558214,0.5079388089158853,0.7078360152468108,0.5558274731082333,0.5780538240741924,0.6406014416558637,0.564339338730859,0.5083282667667205,0.5044178117558634,0.578533224906664,0.45902989240969844,0.5828156308495309,0.6199579587697804,0.5417028959600068,0.6316957202409195,0.4859805528698746,0.5416041327574705,0.5463453798683291,0.4682824062734069,0.5932988414159345,0.6501691136839607,0.5777622510988282,0.5107404830712269,0.6728473204655074,0.5306100656707515,0.6131128264609937,0.49061191115947367,0.6481399837421583,0.6721241528970827,0.7404538262937082,0.6030761775917449,0.5811131631388948,0.6736606994996297,0.47889031585846276,0.506865239823807,0.5379135976681955,0.5761059906529992,0.5113068373186832,0.6240519798488925
