0,1,2,3,4,5,6,7,8,9,10,11,12,13,14,15,16,17,18,19,20,21,22,23,24,25,26,27,28,29,30,31,32,33,34,35,36,37,38,39,40,41,42,43,44,45,46,47,48,49,50,51,52,53,54,55,56,57,58,59,60,61,62,63,64,65,66,67,68,69,70,71,72,73,74,75,76,77,78,79,80,81,82,83,84,85,86,87,88,89,90,91,92,93,94,95,96,97,98,99,100,101,102,103,104,105,106,107,108,109,110,111,112,113,114,115,116,117,118,119,120,121,122,123,124,125,126,127,128,129,130,131,132,133,134,135,136,137,138,139,140,141,142,143,144,145,146,147,148,149,150,151,152,153,154,155,156,157,158,159,160,161,162,163
0.0,0.8202027786710103,0.707156274780063,0.741915493439709,0.8634335800943678,0.679720232159538,0.8590970234587673,0.7582085181707152,0.8938774263173306,0.6539160145213412,0.8562387633143078,0.8192915842620834,0.7716259770673517,0.7953564921419904,0.8993626730733107,0.7592340434214457,0.7664882600439458,0.9269004912306088,0.8428034148798975,0.942758571018155,0.8512245577540745,0.853911765079893,0.8185352214900389,0.8699011585550507,0.8367829730792057,0.7846810119648021,0.7055042097223962,0.723894370996753,0.7379725662774371,0.8234991500855067,0.914991301869942,0.776464034385535,0.8060740979235822,0.7762203542189596,0.9396232342228492,0.8627673726828659,0.9041244637197922,0.9150539843609863,0.8724518688849968,0.7709150221184552,0.8642852506472638,0.7864917434607269,0.9265195289550474,0.9204569554428883,0.8483267395080749,0.8559031647187321,0.8490721850870738,0.881534570820059,0.9189495959118857,0.9501151831724624,0.9214586593706334,0.8432073113438977,0.8691865434555075,0.8393022207504316,0.8432645476628001,0.7590693473230959,0.9627793079429503,0.7830940032065878,0.862002184032007,0.8628519414772959,0.7160227507587397,0.7213302746156399,0.8682872501715826,0.8426571013437844,0.9132284775047341,0.8758797311158594,0.7706365115400537,0.8605287315868309,0.8436203613402184,0.8439439187564222,0.9447749858604292,0.9043324152748339,0.8233673951135851,0.8015643047535954,0.7536258294143401,0.8992663074035008,0.7380302134662304,0.7707823579961095,0.8685778773886508,0.6559548382204687,0.7056738544801091,0.9244815416574194,0.8363710821648347,0.742852378533245,0.8668629896640118,0.8887055925059819,0.8110301146580151,0.9253468880118237,0.7496434134366786,0.8233152664987422,0.9200286740042567,0.8701091690794619,0.9045989171490282,0.9308407212434321,0.906709746243778,0.8321320927180977,0.7996655404339321,0.7598513634896007,0.80556695000487,0.7374485914672766,0.8615821252959164,0.7515073770758146,0.8528178564113836,0.782466857829148,0.9165793686765561,0.7797736600188891,0.7149202486694852,0.7126296505768919,0.8259723948724885,0.8334180759244303,0.8708839490478323,0.9324013216788225,0.7770675704586374,0.6997673810042727,0.8742199833994853,0.7563505159419649,0.8052864369539158,0.858049830612152,0.7038683827955375,0.7037968840722718,0.9156625944646946,0.7510335789097412,0.8572019762267703,0.8767024590019991,0.8691075508763471,0.7954583373174854,0.6712404851268998,0.8184220997083124,0.738913991271483,0.8705860553253878,0.7099497530413276,0.6960889265495953,0.7771779482090573,0.8859136107654975,0.8908760931943205,0.9065460847815496,0.9170150365653438,0.8941130537354278,0.8015889896032465,0.9306027964208552,0.8116305870829262,0.7899109775888357,0.9036221773822308,0.8311354471704899,0.8952438029279616,0.9061414976669686,0.905353027095075,0.6758984541138604,0.7964878405019802,0.5996719305718855,0.9490557541123217,0.8539994442521244,0.9080486505134654,0.7476762646676904,0.8041516076088859,0.9178743417692978,0.8079702303230377,0.7098301990623771,0.8274240236552074,0.7634024116781966,0.6738083353662022,0.9234722453042137,0.9063573426573432,0.9431512065789377
0.8202027786710103,0.0,0.8699507380743386,0.8616112688487326,0.7840697983317735,0.7704631816668951,0.8895436225735616,0.8844211232043342,0.7426071966975154,0.8652309515307045,0.9168627997736616,0.8765065961674132,0.8844998508421007,0.8814196810567336,0.8770760799233931,0.8360748782891001,0.8373145389237036,0.8548738789102405,0.7918729420692844,0.8238140428178155,0.8428148585690852,0.9287228141669923,0.8429644415315576,0.8917034834946727,0.8726033032479754,0.7926980920850847,0.8356219772201731,0.7948814654035251,0.949618639265174,0.7447411480223549,0.8316629201532377,0.8098980843832898,0.9275934848435401,0.7670835312044947,0.8303345684380612,0.9086261102250418,0.8935082467489326,0.8902780617830033,0.8725430046474564,0.8656170425512372,0.9341937491069243,0.7667499437629156,0.7841021427020923,0.8466329421707776,0.9184600774041779,0.8568543628431532,0.7968362213367731,0.8627666990314533,0.8881595566181655,0.8395583953573849,0.8597330004532479,0.796876587495577,0.8547325359386091,0.9556000567880736,0.936528838897769,0.8039153070766889,0.8257386906587176,0.8069219522923067,0.8886457909657807,0.903185012447408,0.883232310026599,0.7033291455329314,0.7849860707590025,0.8256402705979274,0.7284211927174659,0.7686455147267338,0.8635500817790198,0.8230274784903376,0.864597603075632,0.86818243738007,0.8196850654947083,0.834295718347753,0.7317628548974486,0.8868644164772257,0.8648243600141191,0.7940817850352038,0.8244632043794782,0.8581325663949414,0.8009106751638695,0.644360020402622,0.7558923521268482,0.7680224364775531,0.8875263105184626,0.8518687575871274,0.7297673407293317,0.920147577992058,0.7434868405605741,0.7908927268716807,0.8102952658655714,0.8868941313808109,0.8201912327034568,0.803063495159147,0.9115458007886518,0.8120760917777039,0.8636489410755255,0.9263776309753995,0.7815436171828364,0.7790380959953724,0.6967072956594013,0.82900398135813,0.8752640668755078,0.7755451049869723,0.7212940213189177,0.8500303039038454,0.7963407340417746,0.7961033249782316,0.7916388462782116,0.8019902505810032,0.9066647948378637,0.9075878220049558,0.8500266316807275,0.7607793411633333,0.7998912837554721,0.8155524224824199,0.8450802461230141,0.8235755163143813,0.7622531939413533,0.8279334919893859,0.8133119317859491,0.7562595009529135,0.806730686199798,0.7828895194476551,0.7428372371522157,0.8827235273647382,0.7103615124620467,0.9538756069682448,0.6932380208311932,0.910479801613082,0.8910736691053098,0.885949899425079,0.7839396385508384,0.7263780332557376,0.8032212406630291,0.7833941168771661,0.8630253113954176,0.7790961808517027,0.8525442751569519,0.8745382014843522,0.8843647721626919,0.8461270780186886,0.895601712435161,0.8256498149919665,0.90225060082962,0.824534118652024,0.9023401212547288,0.7492778545013732,0.8319538581543683,0.8434087772660933,0.8639393725527724,0.6743915081971916,0.7699651105496059,0.8863110760213964,0.8845371696780813,0.9046562007595772,0.8695416615392544,0.8851521666740922,0.8782749945207902,0.8133067540737213,0.8643402979166744,0.7406202599839514,0.8250140581343631,0.7669637592490673,0.9119131287120106,0.8064095697496193
0.707156274780063,0.8699507380743386,0.0,0.7881356588919491,0.7679284270627168,0.8373847831380059,0.7935295197462002,0.8519205988460666,0.6092098572919534,0.903692645489675,0.8921445081525737,0.855296103700391,0.8858146999886461,0.7187952563853834,0.7505008954493857,0.9254314832485188,0.8949143674214164,0.7523034115457035,0.7423704365993132,0.7077479429507216,0.8844714269588652,0.8713539672549349,0.7709727160337603,0.8312663489384192,0.841701220800394,0.8000606815121798,0.747879774173304,0.7659718693018646,0.8951890218852129,0.7532322689824559,0.6841800801362319,0.8229754181167582,0.8032247729402896,0.716667235692092,0.6645676297403961,0.7739824849554894,0.8392151258841334,0.7695918418271831,0.7671170066762211,0.8061439730615196,0.819606961854236,0.8124219860656015,0.7583190795498655,0.7658460307658448,0.8142876192548075,0.8030253885396509,0.8012617798449014,0.8419013931459873,0.7882300801386013,0.7346780313261436,0.8085456808362532,0.7971229738051618,0.7083740493849764,0.8790182270691711,0.8460262430381238,0.7574529891861623,0.7425260490990103,0.8662185374920671,0.7669855774093514,0.7664509931224605,0.8563628343767739,0.6490426264399843,0.805213186946842,0.6921845296419731,0.6267309521608933,0.7266127654529307,0.7582441030528426,0.8233709821810359,0.8295457561195704,0.8355016925355182,0.7430924392795534,0.6650142608025075,0.6556323678347974,0.9007524441952145,0.8649182243938623,0.6614159600897396,0.8757558310110615,0.8790283293367468,0.7338657660107516,0.6930812263266519,0.8473542628615405,0.6527630587849175,0.8680827319771534,0.8088175717059405,0.6825086182659668,0.8098954184310944,0.7126068183290246,0.6635213076586783,0.7385951635424901,0.7452139262798085,0.7754500022961942,0.6471635916139824,0.813850362072585,0.6924555529181903,0.722998531247444,0.8414531345752125,0.677113038637762,0.7308857743948685,0.5701958356105218,0.7476589275654643,0.6925117926137863,0.831686043830472,0.6456873650431666,0.7974462276648715,0.6665003661475569,0.8360168973541674,0.8616112535770647,0.8344259586760617,0.837447037107568,0.9152434039582031,0.8194544884316721,0.65921034451379,0.7645557469707137,0.7578692301798011,0.7378103933288118,0.807700653690889,0.7016530767815851,0.7796494867346954,0.9039663481776987,0.6431169013045571,0.7139897690907716,0.7267323789894751,0.6847983340596927,0.8413155215456516,0.5738484703023379,0.9084365903004938,0.657701512399351,0.8540264129211921,0.870970424886861,0.7604969633490045,0.7477445907946899,0.8551880105047223,0.6851732441350029,0.630464398696022,0.760997493131269,0.6688263701243162,0.7864601645134457,0.7332657930578678,0.7985215349025659,0.7426684916617804,0.7561512592653155,0.7693766057830651,0.7394676607241412,0.7132339547192716,0.8212912876157309,0.6790737222171183,0.7507908577961834,0.8970544972740432,0.8426505224286495,0.6665064253014279,0.6427118086325864,0.7483066847658147,0.7868564871548098,0.9118889569262509,0.8875732046543323,0.7738506639241649,0.8160463733643989,0.9028888229859121,0.6951980256051009,0.7275896230576333,0.8310920709372803,0.623864940768193,0.7924268941401509,0.7204045621582517
0.741915493439709,0.8616112688487326,0.7881356588919491,0.0,0.7118861899581119,0.6896117082647844,0.8799967159293778,0.8360808659108573,0.6362783882325329,0.7769705478056956,0.8503062411031729,0.7527627435429831,0.8672735853421801,0.8295650499276208,0.8141755693443463,0.75369112389356,0.8016639502593279,0.8229728194966134,0.6914726728482713,0.6970020299735137,0.7622207542254672,0.8227000890856118,0.8647725491517764,0.8523655591459849,0.7680726096861298,0.846537192355733,0.886084261572976,0.8338917662511393,0.8225820297173831,0.6421240981319404,0.7000074591201806,0.6867830461644086,0.950207222960661,0.7464411617052349,0.7339038058365197,0.7835676081605945,0.8266489842517853,0.777885042922509,0.737713264606202,0.9180044594354465,0.8793486200926,0.6922158829723404,0.6932558882795367,0.7535439721646251,0.8615517500877722,0.8346729407277149,0.6941139457982283,0.7497868721217963,0.8270452277916672,0.7242788582564915,0.8142023746342625,0.7909021146727346,0.7523430885316195,0.8876850636784313,0.8214402403745209,0.7049600108072719,0.7459187682068765,0.7314533148551395,0.8232689809347404,0.8272218827265462,0.8636996812854506,0.6194984559436794,0.7399119553022743,0.6900735981115703,0.6424494886225384,0.7188829980063569,0.9070487924330408,0.7652944621334173,0.8035121709848834,0.8403658070146734,0.7417950372293126,0.7383377675446545,0.7210663131663386,0.8990263780436252,0.7808685432306608,0.6982968665574049,0.8328799268966091,0.8157227922146455,0.7805495484400884,0.6129218319696305,0.6807225637744521,0.709098863824876,0.7849109073536065,0.8137840547864801,0.6920570409834648,0.8422432118606512,0.681771135939469,0.7164106496564082,0.7809714073248277,0.8162649617195409,0.7970057040846534,0.7041660220688134,0.7796488527382268,0.7317891873153094,0.8390959772103814,0.7980265976993183,0.647913744810975,0.7133988256555941,0.6023244351126857,0.8810649174857474,0.7614421268250883,0.7117241871567246,0.736557680129188,0.7595331083357029,0.7080012981462774,0.7700733856942992,0.7395720736139899,0.7817904479179425,0.8803102119782373,0.7997048972008327,0.7955456178169399,0.6975455564393473,0.8079984964059188,0.7639450293459231,0.8330006015955869,0.866203307300757,0.6875412548322911,0.6841236868292877,0.8026933234599744,0.7558721012420414,0.7196617728664919,0.8334020328222819,0.6730217118853772,0.8301584745961135,0.6101648093629142,0.8459990032210294,0.6727182275345304,0.8126831030713865,0.8010120515956649,0.820019000137932,0.6551595563076751,0.6459383605658906,0.7946734973949736,0.7096167217684988,0.7303375875876783,0.6584520394919711,0.7152101874008683,0.8349589593791724,0.859519015026328,0.7243331205842928,0.8861915248395191,0.6633213874954197,0.8392232728223211,0.6919879789227793,0.7765460563956472,0.7090475743894228,0.7112489066950892,0.8028550797166228,0.7082881834418345,0.5745252900925413,0.7121395566560674,0.7516536656969754,0.7861807895749872,0.8427043316462695,0.815627599359045,0.8082947713905005,0.8794934560865008,0.8230721932809422,0.8922439919828287,0.7544621067418573,0.8336855229862155,0.6678523417168146,0.7507612700097742,0.7663995564632246
0.8634335800943678,0.7840697983317735,0.7679284270627168,0.7118861899581119,0.0,0.686102113039205,0.8782586071115321,0.6786478194969517,0.7811023976331571,0.6491425241789294,0.8798348146145862,0.831863184192524,0.7307555829544197,0.7137781120870046,0.8807720573742392,0.7887283325345491,0.7526493948422458,0.819182088681201,0.7652211695263779,0.7896714452763272,0.8833037136635674,0.8882112531518913,0.7568102978365472,0.8837952003193685,0.7686192760247755,0.8078255294516393,0.6599409501737885,0.6275072745127848,0.7611290848731418,0.860269998568117,0.821099626115147,0.7318886708308014,0.7831843524689767,0.6719278412000578,0.8123412544617074,0.8077437448455509,0.8790820453409477,0.8336397298800982,0.8895267830556858,0.7581707761435081,0.8491301606877493,0.8090082795260984,0.8931892254043647,0.9373345746556621,0.7500944715313882,0.7716630294600593,0.8791197473990902,0.9254911084750086,0.8587770690247014,0.8755233211099525,0.907620749689644,0.8219233919743507,0.7661472227996909,0.8382411577358532,0.8320882855901283,0.7179101977684168,0.8619540739317961,0.8250688181789594,0.7654454365909702,0.7698818048389541,0.6565956649409639,0.6783847160260501,0.8338991153359137,0.7556252614381694,0.8184598300309948,0.7323776131474499,0.7087519250419743,0.9116631396973447,0.7689020558671127,0.7634908294745377,0.9224215196315456,0.7842500365243682,0.6785163527396454,0.7879231121809124,0.6823785531654305,0.7272762147898496,0.7730961171692977,0.8789766800000025,0.749702233096969,0.7097518463806873,0.7235343205650965,0.8436376937987222,0.9036952154194674,0.6631875159151492,0.7511628936086279,0.7991153599831788,0.7076114910405353,0.7880183214566205,0.6256620890949257,0.7746410411951681,0.9403497647308915,0.7720561892444504,0.9032843934848402,0.7819181383089909,0.8316744689379129,0.8426942197034497,0.702008757242634,0.6660745100058098,0.7291738930714005,0.6425636806625401,0.7847349443128837,0.7275144275415372,0.7444238403525036,0.7403779417930137,0.7593283297798292,0.7574531421884962,0.6775430120663959,0.6591340755480941,0.8013849530199246,0.8514186245992852,0.871212635730714,0.8510573554103957,0.6850159232813899,0.6317817562617535,0.7624748414366711,0.7327878249655125,0.6616188896407795,0.8465456458147234,0.7120890576312071,0.6274445046163007,0.9392222414836655,0.6926626757340391,0.7401943253835833,0.9025413131316609,0.7713548345415031,0.803981809804291,0.6189400581787156,0.8377723682425329,0.6997867232174884,0.8239550974520881,0.6376936752730344,0.7465943088992024,0.6740276209855524,0.8082507439899627,0.837133873443733,0.8735390590284448,0.864796688896068,0.8494719139082454,0.7428290554252138,0.8835546825387506,0.7373179386321692,0.7756547455803449,0.8049415689978604,0.7859194805841376,0.9014327384418662,0.8003594295950254,0.9405576003213767,0.7077512672209528,0.7425404774988452,0.5801385605595,0.8061152595894518,0.7753317693975225,0.8576651192586091,0.7866056138330663,0.7941607200624895,0.8411400538935608,0.774153935221051,0.7595661057795285,0.7582851596927757,0.7323087067723458,0.6468343317744574,0.7733347797636219,0.8331446754721016,0.9367173177631097
0.679720232159538,0.7704631816668951,0.8373847831380059,0.6896117082647844,0.686102113039205,0.0,0.6817234544067888,0.7974286475388374,0.6173850328556314,0.7836695853288519,0.7641063444641413,0.8359141266084433,0.7782176969633484,0.6422323830251956,0.6347893717799273,0.8585643084975644,0.8246978910726369,0.6354891010493021,0.7704843273753575,0.663170570301776,0.8198715620149541,0.716628295065772,0.6489244708833015,0.6809738205963101,0.7925005396616475,0.6886305624630532,0.6117094739289487,0.7084434341309277,0.764238149905842,0.787791610643979,0.6687126911581102,0.8915399751388354,0.6978355122134212,0.7299852805914584,0.6273555850897438,0.7232642283723666,0.7529440471030402,0.7002629432572335,0.6956355423738492,0.6474945488701671,0.7045090928064753,0.8417158860988483,0.6974491765564019,0.7280003224543956,0.7094842162585563,0.7063615265074347,0.7821129437964897,0.7602886737942598,0.6780499862072377,0.6816686599404567,0.759091831585348,0.8006268472221714,0.6834253758612926,0.7764237012271535,0.7607845380065483,0.8614431631282139,0.7061969466516752,0.8991278648900061,0.6376024956241936,0.7049642123207369,0.7921815276767767,0.7435685963245418,0.8182560826760481,0.6357660265638015,0.5977519114258018,0.7113920398349153,0.6422774842952709,0.7261557918084213,0.6807992431734368,0.7533987557325724,0.6920184731368575,0.6049698642822924,0.6888072246255436,0.769091692516112,0.8674685528322754,0.6901484094297838,0.7673106914575719,0.7681523428013062,0.6757874132881875,0.7940813287340586,0.9164277520995975,0.6343439582668646,0.7867246636639825,0.7655054660442713,0.7316605906947615,0.7235829166238015,0.7832122865937113,0.6320349094487817,0.7528229036802828,0.6907925380722061,0.7219991331155982,0.6848123537456727,0.7388623535305716,0.6995817967434105,0.6537503201335525,0.7796729342646419,0.7092849146126,0.7904587682963882,0.6023869085651485,0.704539990654632,0.6378811703601901,0.7838885683566355,0.6473956886984277,0.7316753134192553,0.686351429379686,0.7674655452687826,0.8403874354335557,0.761266438382289,0.6963676966493096,0.8058996904721977,0.7967802662712026,0.6306892758598827,0.8296067147253566,0.7442018414793832,0.689696673330255,0.7329970896860523,0.7814318474573432,0.690723160574523,0.8672210510307472,0.6826056467920721,0.6386559334425069,0.7426102477595686,0.7201950734765613,0.7780660537991364,0.5779988953385219,0.8033762181928462,0.7371863519266075,0.7698811948721772,0.8183522407447742,0.6243909773310159,0.837516645168867,0.9049877634334875,0.6523718227924801,0.6429050023204175,0.669727115384238,0.614996551907745,0.7324023726964172,0.6196270854986979,0.6255217898322133,0.6832107826502006,0.667954704502118,0.8121346215547544,0.7035803173667577,0.6971322697790419,0.7348519975051857,0.6609932937194782,0.7105667599873235,0.7866357664061608,0.7766985462195676,0.746816764345864,0.6299379802408805,0.741868805873849,0.6804847207438873,0.7136287370003279,0.8295207399118991,0.6699509311931814,0.6784755518042147,0.8452844278864226,0.603749117084202,0.7781377406571695,0.6959926896423845,0.6688927042617234,0.7721852846955939,0.6552775882773755
0.8590970234587673,0.8895436225735616,0.7935295197462002,0.8799967159293778,0.8782586071115321,0.6817234544067888,0.0,0.7668384117497374,0.74633944263616,0.7525842955462104,0.9184533717238187,0.8276067161605817,0.834052652774202,0.8337344654747261,0.9372662219336889,0.78243963333575,0.7865296851147134,0.896342544535413,0.7531199569245314,0.7840973318688712,0.8360592459815167,0.921251470270084,0.8879377277413107,0.9406881313947305,0.8226867113208878,0.8507066298902033,0.8171378420624104,0.7408526876559145,0.848886195520191,0.7625010846609597,0.8199906592342366,0.7392176371649507,0.9231323576408944,0.7354357368896597,0.8365151542556004,0.8418670783731348,0.9251124733626513,0.841068238644763,0.8657946360088655,0.8975123849702858,0.9136049079651097,0.766559439299808,0.820883484784341,0.8895899202941651,0.8582585198732555,0.8505925127729119,0.8090684262652538,0.8759196590512774,0.944837289221731,0.8396687699405586,0.9175581084224204,0.8047789191240396,0.8095310032290585,0.918523266812047,0.8951789988137506,0.7404340002894109,0.8412290433045277,0.773331350343543,0.8907205331801044,0.8536889269934911,0.7701996594148829,0.6536666203434837,0.7780288308175547,0.7664435894888134,0.7699700467362913,0.7495757474374936,0.8707366514423887,0.8974775186886472,0.8353444505805541,0.8360927495785015,0.8729861176787683,0.831635628158361,0.7174017788308839,0.8870233377796402,0.7273577436965385,0.7815837555104507,0.8477531631660064,0.8996112310624031,0.7799751597463953,0.6555808548725034,0.6927258648252661,0.8203516571428604,0.900499281033384,0.7339578008258515,0.7259976098893627,0.8544189863025103,0.7061354947772703,0.8302247523731026,0.7309458007481257,0.8565443428289202,0.9058561684877445,0.7985392315208962,0.9065235383632797,0.8046185483350787,0.906012617934323,0.8860174702551091,0.6865797833967623,0.7004952469316073,0.6906095778314831,0.7863788464773588,0.8509394503133206,0.7428704742491625,0.7808507589225648,0.7918614975481009,0.7614141518119958,0.7729873129282441,0.7086816651571294,0.7285394330766667,0.9075584692110954,0.8802867325067933,0.885871509896278,0.8026646432553364,0.7644370622970914,0.7091028448290937,0.8285752465550077,0.8124719388866599,0.6954566905368954,0.826891583675339,0.7569545329247268,0.7013242348158986,0.8672084046468693,0.7592614524579915,0.7153676491256348,0.930924912528091,0.7262373198290307,0.8818436923169515,0.6475188951096613,0.8744731825967859,0.7653046730462137,0.8995665859082455,0.6570876848286779,0.6691453531141917,0.7684024276944346,0.7879526294799092,0.8334124104129329,0.8076781974504353,0.8300902057389465,0.9244983354226889,0.8591401050253754,0.8590246179628026,0.8750794449220118,0.7429184622686122,0.9042515009478074,0.7714748990575083,0.8941951234910775,0.8035781987497407,0.8508858000885816,0.7863275200221127,0.760141799166115,0.5619376475429849,0.8062711339190533,0.8246125384397204,0.8750105691631102,0.8812163317834403,0.8301948941682409,0.9031578886220092,0.8982303217803241,0.8079385339041816,0.9101467461435345,0.7820582847457029,0.7665896038305855,0.7620756416229021,0.8451044876732303,0.8969036609443235
0.7582085181707152,0.8844211232043342,0.8519205988460666,0.8360808659108573,0.6786478194969517,0.7974286475388374,0.7668384117497374,0.0,0.6802957691941506,0.8562519717537387,0.8478748647863121,0.838611029722769,0.9002100664901077,0.7896628029797784,0.7588246287203088,0.8519150830662466,0.8502221555947733,0.7924032791101943,0.775672575308539,0.7788449097296044,0.8040043905438131,0.811984402904562,0.8119371298745126,0.7918656275091291,0.8662343459301592,0.779633883106838,0.8225662830990941,0.8596552006350194,0.8393311864013813,0.7196861474032953,0.7543219863760966,0.8251926562325969,0.8402052034488356,0.8158567506909523,0.7332149516814063,0.8271903871336455,0.8469509863327885,0.8328414170255182,0.766571996149627,0.7986995530892361,0.8267169275362298,0.7403702126425118,0.7514790600841539,0.7418948380045088,0.9190498799516036,0.8530817414236941,0.736015630540544,0.7805149744560441,0.8025038750275458,0.7604961238455267,0.7955639145198562,0.7802504015312568,0.7473829088224766,0.8627356210626065,0.8522518968522097,0.7782823237968396,0.7757368986354292,0.8250112751993205,0.7927794203304671,0.8462740207896563,0.9381384292491272,0.6922737862619266,0.794792023212459,0.7435302294659711,0.6460457358733351,0.7866960963598659,0.8237808519185732,0.7526916140859066,0.8561203118128642,0.929350897800107,0.7409389904736571,0.7344454491260674,0.7404700959544536,0.8767779448020219,0.9251448187347201,0.7478056096501706,0.8258447564480184,0.7721813143430407,0.8312872604050522,0.6210002920814953,0.747800029913157,0.6957000400096243,0.7947475490906256,0.9062875891272638,0.7425414132600789,0.8885286730608728,0.8266605870063515,0.7375520239968337,0.8849271949608758,0.8208736818461994,0.7568105602702833,0.7202265665935524,0.7970540071157287,0.7561762950090252,0.7544610368653439,0.8320356627283219,0.7541519472384457,0.8109707184205572,0.6204926801905248,0.8543157470928984,0.7589993937548056,0.8616312906509547,0.7200672350653928,0.8193421535786342,0.7709422553665436,0.8300732900015606,0.8633908169178008,0.8580124660106844,0.8319605840951617,0.8330928288957021,0.7918057261869668,0.7021307889887917,0.8262309327785541,0.8848245680799846,0.8221026091034203,0.8197861745686167,0.7806014856679271,0.7524941686274842,0.8229312832598391,0.7508433747409667,0.6946278315010125,0.8661817226320405,0.7286457985993093,0.8009079238303102,0.6136245060732209,0.8867298713352997,0.7060947088856584,0.8631305996817449,0.8912219580596634,0.7842755827749991,0.8222901587213423,0.7533382330929052,0.8154011392938676,0.692460248060341,0.778458266641914,0.6596605303526579,0.7935083221519151,0.7625830170492135,0.8410886761897942,0.7769231862685338,0.8204496127866052,0.7645794932125481,0.8019104753776752,0.7445796561832089,0.8046639363725507,0.7309341486343517,0.733546315500248,0.8167213456466775,0.8477453330455862,0.6904903530223984,0.7284875257488052,0.7785087165262176,0.8023669434192592,0.8321888446782171,0.8741827709445394,0.8266599281226935,0.8217290515761203,0.8205822828861061,0.7524098250349419,0.7394188368073769,0.8004127217609729,0.6929549204396273,0.8410927258276626,0.7139066839070102
0.8938774263173306,0.7426071966975154,0.6092098572919534,0.6362783882325329,0.7811023976331571,0.6173850328556314,0.74633944263616,0.6802957691941506,0.0,0.5823225140092338,0.7338847729078167,0.7456840824966954,0.6343093984254714,0.7267315802524275,0.8269159631709102,0.6323350692582266,0.6169429253559783,0.7856677629231628,0.7725124383174464,0.8582972335959648,0.7158589991046275,0.7768963115817048,0.6718006681810577,0.7290955079277058,0.7316609033488116,0.6337297265615727,0.6196387577122289,0.5937323345588023,0.6585286032192579,0.7613872767216892,0.9298695770071777,0.6850082634341794,0.7103705892824346,0.6500933424998658,0.9043610744557036,0.8046551401906641,0.7708517395311237,0.8241780644549469,0.8423437513095243,0.6348207101369756,0.7481282019178369,0.7193025961255688,0.8085768667627056,0.8318226236659184,0.7273730841515261,0.6900779617340822,0.7262511207604095,0.7740638217581943,0.7755998045050049,0.8668040362426542,0.7821324264677516,0.6868237987093848,0.8010660073118843,0.738697098234877,0.7556823287437401,0.7105037721419094,0.8224957312464478,0.6969583922474525,0.751221592070457,0.7496769709570622,0.6294457735544455,0.6916575587364538,0.7278699835505336,0.8073772202349808,0.8921359407589988,0.7243959309252263,0.6718541022877104,0.7486073598521786,0.7198869720065285,0.7482448770992076,0.8584065721906923,0.8416829127899617,0.7423734352575775,0.6532667281161784,0.6571618619336753,0.7955086414772512,0.6175070464376443,0.6541503415675536,0.7141087383425895,0.5629449744796046,0.6009009077588453,0.931549580382845,0.7439097527499932,0.6301807915030566,0.742029847699942,0.7714767906462269,0.7761821960171192,0.8714774810775768,0.638706956660833,0.7830858179717278,0.7942078517936567,0.8999144578035745,0.8095941177016477,0.8045133285869163,0.8185872712936582,0.7814436272487585,0.8246951214609655,0.6809639497215744,0.8522969564116716,0.6185371837607435,0.8260880204565941,0.6707857324438811,0.7676781557788398,0.7171429698655433,0.869264120327734,0.6265552737171206,0.5920811994827143,0.5906199241329664,0.6786708952386343,0.7020887301422324,0.74821618186868,0.8629748583932165,0.6682166971904503,0.6526107187323229,0.723271456195929,0.620526503779826,0.6862092943922509,0.7934021161261697,0.5817815513903816,0.6702209433273548,0.8331801384163433,0.6897044243277913,0.7349704011459638,0.7371943226414706,0.9318236486142091,0.6932727698837001,0.6183907552318896,0.7285756846426736,0.6327749305869631,0.7687314234363354,0.6899479629372077,0.616541887615929,0.6977839194758927,0.9176499787288273,0.8429771552279387,0.878857971987547,0.7925723767126647,0.787841727034258,0.6829220497989108,0.8748996227475655,0.733480857500014,0.7512377879499621,0.8332224421036594,0.8602574249763489,0.7954862995548557,0.8028657707963006,0.8886147480215808,0.5736987320386338,0.7144282959181248,0.5743168431856073,0.9078465750964975,0.7958071840506701,0.81929900205876,0.6405537341831448,0.6827102316176448,0.8349813206304707,0.6755719127070376,0.5889601527668131,0.7473195417598963,0.6335161450255585,0.558783865042199,0.8968120035340053,0.8631002961227375,0.8436538862805723
0.6539160145213412,0.8652309515307045,0.903692645489675,0.7769705478056956,0.6491425241789294,0.7836695853288519,0.7525842955462104,0.8562519717537387,0.5823225140092338,0.0,0.8130171212050974,0.8083204175597306,0.8416336595281614,0.7239735228737181,0.7020996456801014,0.8243129131635651,0.8087697452293504,0.7132164161362882,0.7183022305400808,0.6749207480667432,0.7545210116979445,0.7908305973885574,0.7708681375229465,0.7452937020194156,0.8567969561617872,0.697413827076323,0.7783860197423781,0.7913434459946901,0.913386267389698,0.6734645851389954,0.6692664266244652,0.7989681251530077,0.7767507619281147,0.7175872699255319,0.6472659605802346,0.745872103631753,0.7722432017239251,0.7197379680018099,0.7069212221035776,0.7607945312491619,0.7574583424660625,0.7214949451023178,0.6784716018099994,0.6889933659315675,0.8016630937804963,0.7435333306753135,0.6966372463588694,0.7489528751921319,0.7611549297105887,0.6638903865897108,0.713454976479238,0.6829972719535204,0.6732329851872145,0.8187236282180395,0.8244783338871623,0.7232605100367347,0.6642834458284654,0.766739635898791,0.7729010883169272,0.7318125437852133,0.8584617619520897,0.6027785546204307,0.6887920203873291,0.6821339455886003,0.5763867668521955,0.6640966563057843,0.7437419885497454,0.7152834723044981,0.8098786920034409,0.8149082500171925,0.6449389781825472,0.6520967163858705,0.6287465230062268,0.8181999051065658,0.8356619802737061,0.6707818218215446,0.7876104258055018,0.7750076515228884,0.6824154107972239,0.6066646856033178,0.7534354719608984,0.5951608593027954,0.769756765204697,0.7989620750487061,0.620700070458062,0.7559543668742236,0.6885923869797977,0.6518385267264041,0.7806920416701286,0.7033427395188373,0.6732339114240304,0.6427224883726892,0.7553412748685172,0.646911945054687,0.668780052379534,0.823204805804455,0.6420139959522956,0.7412804508888798,0.5485090194254804,0.7565283306642842,0.6888054101429864,0.7841539434217405,0.6316679252871953,0.8333246340050251,0.6370066027368607,0.734803038921113,0.7964315343277071,0.8433588561574676,0.7823186386153288,0.8296932677893305,0.7478839821890926,0.5985633629704183,0.7316384094619702,0.7967053492666355,0.6919220692229938,0.7332762632543105,0.7147894533729853,0.7556381054643868,0.850584499104116,0.6534007005031349,0.6224071374254774,0.7009603649801784,0.6326662486814959,0.7459330130431192,0.5505494235241369,0.8908835178721052,0.6178646737635329,0.7752080304646729,0.8788240943183147,0.719465255142873,0.7689138151940631,0.7103838438285066,0.6793369093528593,0.5846422178307744,0.7145607617217018,0.610931255214718,0.7241003791314806,0.6900096083263495,0.7946441818910854,0.6948503449523759,0.7820627099860019,0.7286453619594214,0.7075623677644893,0.6831215959715502,0.7529886134069487,0.6429249499542757,0.6551272543520942,0.8558111380592305,0.8574382039743392,0.6607805617893711,0.6112619916990594,0.7657641392472226,0.7218079748455338,0.8526895280324343,0.8425399419530254,0.7276077299203311,0.772619883010618,0.8087145282054014,0.6980399862287194,0.6798628632090663,0.850939267097644,0.6115305742181769,0.7656294042439846,0.631285637266407
0.8562387633143078,0.9168627997736616,0.8921445081525737,0.8503062411031729,0.8798348146145862,0.7641063444641413,0.9184533717238187,0.8478748647863121,0.7338847729078167,0.8130171212050974,0.0,0.912792492116042,0.883297671753617,0.8067792879594966,0.8904868430102861,0.8981270084331825,0.8748049318341077,0.8763177371400033,0.8253051833794469,0.8329203577952502,0.9213715794466276,0.9532744754982697,0.8738619122422316,0.9401324769774079,0.8974755993467438,0.8593161391218388,0.8033473888119598,0.7931548186952,0.9069828257198094,0.8188129794092278,0.8237570894881511,0.8212110334096882,0.8850606310915451,0.7795434624981048,0.8211787155975026,0.8763642661949886,0.9569773308902513,0.8971934199354558,0.9049040424941038,0.866107575116758,0.9165412008348723,0.8199362644906762,0.8677282522445261,0.9043723100196965,0.8913696530896589,0.857542104284523,0.8204909255394769,0.9488673392808343,0.9365239789027088,0.8597704932091003,0.9196125958046202,0.8367106325342516,0.7890672745614713,0.953066584446632,0.9484036766050262,0.7506328841768464,0.8740721542775326,0.8808343666229007,0.8632275333883365,0.8590202575221968,0.841964067221619,0.6695784662646617,0.8473378339396574,0.7956653691847129,0.7454714072749514,0.7825395554373691,0.835507957786599,0.883823347395851,0.8865784634249485,0.9104843849502101,0.8631596433647016,0.8068680213085723,0.739821985513011,0.9212310839380273,0.8339993804624798,0.7638847368765205,0.8921994839671481,0.9142281582391307,0.8185723926554013,0.6912610113266675,0.7650402660051321,0.7862460186882011,0.9152958294134104,0.8107514952001239,0.7709326707705886,0.8952880006258569,0.7923870300891777,0.7960137569170445,0.7536318940338531,0.8350734083211625,0.9031736122378199,0.7597374334487945,0.9364354729276507,0.8121579645627367,0.8583909241107353,0.9143530433756982,0.7337908592459499,0.7464888190185908,0.6764528142509235,0.7688285515202358,0.838317398072628,0.8435480262509925,0.7567403284200043,0.8361468621957551,0.7806205404044061,0.8254680578333881,0.7970436545511019,0.8068193080107637,0.8881802953528447,0.9480558860571645,0.9252716647611954,0.807737690922824,0.7901361434831937,0.7939481554973575,0.8317815675340566,0.8260660396882803,0.7365503225221675,0.8861328571409155,0.8398736602017336,0.6951043835398619,0.8607203487517538,0.7805125242959238,0.767537274423366,0.9298296023478204,0.7090855841206746,0.9429976430875245,0.6535475829553572,0.9147684822195468,0.8535277679357516,0.8726825531197391,0.7189570756794432,0.7785510366994169,0.7957728758071918,0.7781523287586212,0.8886893009106798,0.7945574551948323,0.8831738253775856,0.877672010960652,0.8808486229737852,0.8874931000709054,0.8469738837381938,0.8157036014164233,0.8559557423551603,0.8079385033509594,0.9480564983506764,0.7896222103757973,0.8645677947980644,0.8163345548815375,0.8559415788173496,0.6406965958509793,0.8084410583925791,0.836605485958839,0.9235743080327153,0.8847341558007241,0.9088362806110067,0.9101942826181583,0.9085604367679704,0.8511220526110008,0.8349018161572109,0.7898776261032256,0.7673933863390654,0.7603604180582506,0.8756375699875397,0.889388997876173
0.8192915842620834,0.8765065961674132,0.855296103700391,0.7527627435429831,0.831863184192524,0.8359141266084433,0.8276067161605817,0.838611029722769,0.7456840824966954,0.8083204175597306,0.912792492116042,0.0,0.7869587081787677,0.7100951380780677,0.8051961183007375,0.8761633214025324,0.8323336582344006,0.768790359178418,0.9188757233749567,0.8288271716573732,0.9256256267975069,0.8655160040536307,0.7984835009501281,0.839078935539514,0.9418881875526757,0.7543233784810338,0.6909488564764067,0.74286872089757,0.8588644852310406,0.8672758213252538,0.8519415042018759,0.8796906837851123,0.7896515986694377,0.8160482314166089,0.7961026622154798,0.8715643229846027,0.880865592738623,0.8441928823376931,0.8936367810839349,0.7309822809883038,0.8417798897868772,0.8640234990675296,0.8623630398628918,0.8937798569760169,0.8347039029755103,0.7808411251077741,0.828850984752662,0.9210504378599568,0.8626805236287794,0.8317121646450846,0.8679828549606472,0.8174255568396533,0.7417002578000164,0.8993624529752036,0.9178240978347666,0.7949705820190005,0.8398930443555305,0.9431280597910624,0.7751580163525897,0.795497497690887,0.781304727998296,0.6839121247244327,0.8378807280367692,0.7864426539972981,0.7264206846159306,0.7496958344881393,0.7123863043119468,0.7975692349947012,0.7972683781382999,0.8569978816315539,0.8036831131576729,0.7458441042926668,0.7204782521329958,0.8198150245890502,0.8281487677451765,0.7573868536279402,0.79654435703767,0.8372354326574976,0.7778045099041823,0.6848429765898244,0.7829792365903694,0.7717157343182522,0.86426186360454,0.7579797353490311,0.7945720515900059,0.8412743230679682,0.8357086264505648,0.762076610533255,0.741408978107044,0.7799172386213578,0.8414779718564019,0.809556505967329,0.8981343023171444,0.7829360180369929,0.7579141615038646,0.9187937375506281,0.7662297228777916,0.8398067334362395,0.6932393948390754,0.7062360747713047,0.7785400053192896,0.85544852725472,0.7777975688202533,0.8929328237401475,0.7841819972949643,0.7803895899728335,0.8016927930737705,0.8048254756443327,0.7825586802533635,0.9229395448887335,0.9452288857231064,0.7907156294833353,0.7568917599170937,0.7674090197698691,0.7580494819345357,0.7400605918988243,0.7938689941872313,0.896248579096046,0.8443404647674514,0.6699533724385058,0.7883441824868942,0.7491577926775986,0.7932933696651718,0.8641748986675449,0.7045886830147949,0.9105458347421911,0.6531674742594432,0.8650033639764048,0.8717485259120988,0.7574528632781419,0.7848090941593943,0.8033101220511387,0.698690269254991,0.7647643849547524,0.8691547474595397,0.7547457896865108,0.8837884762276761,0.7749452932967834,0.7774119326713063,0.8847099166372752,0.7685023762536498,0.8532890565666362,0.8101524623790116,0.8315913114299803,0.9086210967492334,0.8035052382403902,0.8626851914781867,0.750066837344669,0.918339911332917,0.6994791145071444,0.8026899195370694,0.8419362752666817,0.867092190387373,0.7953274675428417,0.9487078230743621,0.8283324820456757,0.7730845130441653,0.8126910125353548,0.7236848330239488,0.7446174455367051,0.6836213872084873,0.7828452849235799,0.9141778328422353,0.8122310385412711
