0,1,2,3,4,5,6,7,8,9,10,11,12,13,14,15,16,17,18,19,20,21,22,23,24,25,26,27,28,29,30,31,32,33,34,35,36,37,38,39,40,41,42,43,44,45,46,47,48,49,50,51,52,53,54,55,56,57,58,59,60,61,62,63,64,65,66,67,68,69,70,71,72,73,74,75,76,77,78,79,80,81,82,83,84,85,86,87,88,89,90,91,92,93,94,95,96,97,98,99,100,101,102,103,104,105,106,107,108,109,110,111,112,113,114,115,116,117,118,119,120,121,122,123,124,125,126,127,128,129,130,131,132,133,134,135,136,137,138,139,140,141,142,143,144,145,146,147,148,149,150,151,152,153,154,155,156,157,158,159,160,161,162,163
0.0,0.3532896354361838,0.33198937136715606,0.31203853726576336,0.33084094001593123,0.322255193227167,0.32039914785218926,0.32635851521523424,0.39406131350264345,0.3326233903797594,0.37658147637461986,0.3143398819812275,0.43048760043798706,0.31294071403344687,0.35086571851723325,0.3574756033002595,0.3617602725047195,0.48820805208970913,0.33969689886557475,0.5127657155922201,0.35754710932396705,0.38005013163897894,0.31801161899670954,0.35207444428940204,0.4022740231575221,0.2932754951418295,0.28304077579318426,0.32979173096440545,0.3006987148292346,0.3112459880842817,0.3612868416535735,0.3657221189388274,0.3385194605985964,0.2868611413906652,0.41440035499607597,0.32079581943453656,0.4248940731722011,0.3638448646920532,0.27790462871219923,0.39540057069275686,0.3329227897902688,0.32928214044086873,0.40722183084209407,0.3943377564253158,0.35883953452569206,0.40215065998975214,0.3145639554473248,0.3908548715881856,0.4031701124494762,0.41973569992216614,0.40595045137302316,0.3752624144791161,0.3052003951832894,0.3417956923193196,0.3427984157895333,0.31747406618089646,0.48174923441732237,0.3267399458562995,0.36067925022696296,0.3704326590175358,0.3208253608541418,0.2637926265438167,0.37893867549231175,0.28750079201421996,0.3490856417957017,0.3711976951037236,0.3383238011889598,0.3671607232577059,0.3259019962217263,0.35654840577172997,0.5041114908631217,0.37181196620149837,0.3335441709222655,0.3613110650979231,0.33824537125895415,0.35471973348418895,0.2883788235364852,0.30613357806833436,0.33255862749805537,0.2657971413738376,0.315208170552063,0.3999347129548613,0.35937464632592336,0.31147884926885516,0.3573860530479519,0.38217259155964317,0.3420034908631251,0.38336259398743394,0.34699537560893684,0.298644347635565,0.40538981404428354,0.344784025044531,0.41565669398589544,0.378920958793876,0.3803944777726478,0.3367210540067722,0.2776683327567062,0.31217459507619943,0.27219959114343806,0.3428324523871498,0.31178234792085124,0.3029912972032091,0.3035041103112224,0.31072982923933806,0.41754254768185795,0.364885116642886,0.32857743058890565,0.32991189720156,0.37823132350481037,0.35190874366778746,0.34128636228019643,0.3842382068559573,0.3403481282488582,0.2793871814120853,0.3521256688678923,0.34705384315036875,0.35753049348804067,0.36387960154615184,0.3010774415063134,0.26828403551088903,0.3507259672464745,0.2694275903715489,0.3444404388241513,0.4208595905291595,0.32911931221884905,0.33599162746294337,0.25231061123443627,0.28915906787440504,0.2981360703304789,0.4167400183818474,0.28610218017527284,0.32209171183798774,0.2867588018225929,0.32696996238880305,0.3374090884964077,0.3296087534150813,0.3749632155140092,0.36924167565601745,0.37556008870216606,0.37732483284658597,0.3302118738680279,0.31489701531038106,0.38008764169370535,0.32477544819344606,0.35791486500336955,0.3260570600805249,0.3390943020129778,0.2842270755767017,0.39936683273478135,0.19811304017687628,0.43573723928429675,0.3306090752822267,0.3674918684415729,0.28821821785186447,0.3317113275732287,0.3983176283444987,0.33848066345674876,0.3291539577056597,0.37607292928908587,0.32052999466803184,0.2759643735045298,0.40091169037106417,0.2585791307253845,0.43525259580936276
0.3532896354361838,0.0,0.3497476168174078,0.34172271528673476,0.26968009628340145,0.4389451288793548,0.3040182755294969,0.41397405005850324,0.3455032999330594,0.38074645972556587,0.3414383131677375,0.3855703513233893,0.3568380686164288,0.35558515709879995,0.32176868163849603,0.3524587352712225,0.3578740081799351,0.3210963254082057,0.3646592125895885,0.3873185979308759,0.3685600456933952,0.3828349440664305,0.298903871385482,0.33863451635810815,0.37747105168621287,0.2833983081770979,0.28916723423979357,0.3322117993022673,0.44294957790234285,0.3051782415273052,0.3815025592501781,0.36679665005371187,0.44768464457810847,0.2952625191753789,0.34171066268633343,0.3283265255123378,0.3444831345999886,0.3769690768713511,0.3151827339581011,0.3684683007858391,0.405528725160337,0.3324535080948914,0.2770868493409579,0.3309243135004624,0.4146998046120801,0.33164994376576235,0.32556917939388763,0.2992321089123687,0.3264034839531518,0.34508216697119765,0.36801682343703007,0.3764599686371626,0.3616193990079414,0.41595492888906554,0.36264012137641105,0.3858549733598391,0.39469199416019546,0.34140994372164,0.34358530469298354,0.3945001075577351,0.3870559595613182,0.2596007220501141,0.3278745137295607,0.26299190660535116,0.2848731189431137,0.31196627025205254,0.32768493754630373,0.31659637989555217,0.28147394797575687,0.3520260463538525,0.359915448308425,0.3426837357235451,0.2988386326657581,0.3566211077451028,0.38333753519832636,0.3299768972040932,0.28681545580649576,0.36152008627909943,0.32328914919664314,0.29649837349272734,0.31628214645974034,0.3373035583933522,0.4396001694462875,0.3234941705734374,0.3406973033537248,0.4796749956367826,0.3186229990861646,0.2997716878997946,0.3287475464560104,0.3797036138154786,0.31167271237259936,0.35536798665036823,0.3814488544021336,0.3756316125107703,0.3733473327584117,0.404642626174282,0.34363353613279457,0.3552492819243166,0.2560937566612608,0.35382127999352986,0.32198205748206205,0.277553079241838,0.2584821737004866,0.33632214028454593,0.359824056401486,0.3394273177409219,0.3136613414832375,0.3555739523691748,0.36196007019418536,0.3905289504096553,0.3285001279421628,0.30758725766190076,0.3304434150397448,0.2966833001882056,0.36945857823898887,0.4468363390939617,0.3603877189216551,0.2695458706149391,0.3140727868009256,0.2874736256954141,0.33197247239038197,0.30683701981807815,0.35333256800923585,0.43548341793235973,0.32707389236092166,0.45289194711650577,0.28741581043482683,0.35206333589168176,0.37712475043986854,0.3273119495810687,0.35739185089212167,0.3524728737055266,0.3099228358370584,0.3645050535954654,0.3182579776792928,0.28063206677494057,0.3357459308328258,0.3329093777026114,0.33376837661885667,0.32485966594976073,0.33569209879222833,0.3500883058585798,0.4380390967556722,0.33688394115337617,0.3649974071751383,0.27801882948054363,0.37160311517936473,0.31045158566171327,0.42583143631101605,0.22487252771948324,0.32772216115588354,0.3674579716258767,0.30677284963842555,0.32504415215068333,0.34322078102987935,0.3673436302174214,0.35427991666444325,0.3669114225195135,0.33981110842797035,0.3108487936615426,0.2849959039970519,0.423278561057287,0.27941180621267564,0.3309009627953991
0.33198937136715606,0.3497476168174078,0.0,0.3665082522679381,0.3020771974264832,0.3589082258439169,0.28914853687174585,0.3931116556239031,0.29525819399659076,0.4481519274456062,0.3499112058124843,0.31252513529405335,0.3976779589983336,0.28797567362084087,0.2906577848855908,0.42421330826899933,0.42281559066102536,0.3443646155943552,0.30764542462723643,0.29885087971694624,0.4152043588351302,0.41815775220857027,0.3042584694497618,0.30480225201519906,0.37014208422048794,0.3128955989588061,0.29668098512453195,0.3511006951352768,0.29474591043933474,0.2909090933976419,0.27384029244123737,0.3622580807527514,0.3035197091079588,0.28268856961610056,0.2700523469812772,0.2896102485235894,0.3363934626780935,0.3137328063757626,0.25539078318769226,0.37658933771169895,0.29440182971683654,0.41141061520683386,0.3004818881877461,0.2901984942046818,0.349151393972348,0.33141091738055034,0.27964882472030306,0.3029657589333262,0.32365323790069067,0.30489887750442224,0.358826012226911,0.3632798124923548,0.2500714702832999,0.35924880376131285,0.31026923223888686,0.32032603880084726,0.3251795971858226,0.36107476235639563,0.32321078121639546,0.30683285443735914,0.3445791335021233,0.2533124848158191,0.35916894737959554,0.24474791934457757,0.2727429446554412,0.33060299455360465,0.32326385137895436,0.337436408731286,0.3381917117922777,0.3866248386445987,0.3549604399696305,0.2603494880912811,0.32405585876803783,0.49359837285494906,0.3777693955040277,0.24703673627172817,0.35438740371228455,0.3192923882304452,0.27255012761288755,0.24564834992183346,0.32157697304173993,0.3457052886749793,0.33777583153548746,0.30003613563015913,0.3343093851022073,0.3668313194768379,0.30438049105343734,0.2681620553077818,0.3059803343587058,0.27075007558716385,0.3413752388108632,0.2722261260110092,0.30249354251600713,0.2630473741542551,0.35338641836570117,0.3003203825697344,0.25717286917578186,0.33595751853776407,0.2227708808168538,0.3372702044060915,0.22946763444478022,0.34946644617097616,0.2698901537090454,0.3259729985392742,0.30938703344745755,0.3803848644681378,0.34725056768861334,0.3535232156137973,0.3198672258750325,0.3679830415247933,0.3236665633279438,0.28243886831333703,0.33912903539729733,0.29494359073363074,0.2756889092142974,0.3933431191881628,0.29290562856869323,0.31503727966664813,0.37128957168064386,0.2909324645699155,0.2798281514372339,0.29036241857429007,0.2869707751844729,0.34943756677359483,0.2327481312095517,0.32747205093807286,0.2889859747222678,0.29008852110534467,0.3556303384506316,0.3014949516334639,0.3228740874753394,0.461980612877396,0.2566338919829081,0.2572776430039558,0.29851625966409384,0.23529563977537954,0.24246296153514427,0.27425536182170984,0.3373348173943148,0.2958486542118845,0.27075042226148544,0.30361357828928254,0.3481360734499346,0.3200659412712665,0.2938624339026832,0.2543583239455984,0.320426836788553,0.3061061881823826,0.38639035900943813,0.2224607041907034,0.27599439532448555,0.25708561717745276,0.3055137273860431,0.3537469955615983,0.3657217512683838,0.3278919383293499,0.34919210196111844,0.38839249006253856,0.25003766955035933,0.31771987988855593,0.3240943613455851,0.2639637785885544,0.29666551995034585,0.32110301391895246
0.31203853726576336,0.34172271528673476,0.3665082522679381,0.0,0.29683519382302703,0.3201829898776826,0.3510183108935268,0.36179328590763354,0.28620262988404416,0.35320245925361654,0.3702712965024699,0.3506408279019932,0.33775730219839967,0.29249917289013716,0.31685722886758755,0.3489434639074987,0.37629031255131073,0.3215171248595006,0.3320862355147301,0.2984412963001163,0.42822902893527987,0.3366270177400918,0.3509782223827922,0.312176104199752,0.37566766513910155,0.35054136955470955,0.34741765554842735,0.33848685631008846,0.30390298112405967,0.2704626395457014,0.29586269309928215,0.3294759100958807,0.39270810752799434,0.3322208955557477,0.28840806863339435,0.32575182773602895,0.352067467828598,0.3231049487207847,0.31445812669552625,0.4253009925216911,0.32665597188917633,0.3750129523574041,0.2977208747441031,0.33640534202594125,0.34578354576983594,0.36287326440941503,0.2442431758968573,0.32088996981433354,0.34911485903422684,0.31056791185884103,0.4248026259784221,0.3783357532833844,0.2948646024516547,0.4416656845723955,0.3595393186375419,0.31884269165380946,0.3805647241995623,0.3828918412589273,0.3377058654289665,0.3486632449358997,0.3870620029556268,0.268281993886699,0.359818313927523,0.2523215068514574,0.3009866129396343,0.3599733819936097,0.42204343935345084,0.2857296279065786,0.3020407449021038,0.35011305897172407,0.33553197536672513,0.28602132196595337,0.34980175923373685,0.4962458784465471,0.3426998438769371,0.27023875220535387,0.42902394894353196,0.3869195766117297,0.30350264552848266,0.25494278719677654,0.30750349470551086,0.39550147606887526,0.3202739706273209,0.2846858864528093,0.43635642279848436,0.33126577086363573,0.3863649887045038,0.3173276349636801,0.32192458314053074,0.3078346539997659,0.36987933959463365,0.32519779669805665,0.3174846431423933,0.3037665725939195,0.41453536878320185,0.3102451093477188,0.27589852696127287,0.3534727961154984,0.25546220845389966,0.3437459941241723,0.2785520270437024,0.39431151494657907,0.36044457370328187,0.30369754828013495,0.3288123795981668,0.3390633893518721,0.3661338805742869,0.33452102496880676,0.3398903434483436,0.3596673481764335,0.40539953810614915,0.3436572197350614,0.3730270154683405,0.3594797227298767,0.31390212744425056,0.33823976580117054,0.32920372452810964,0.2801498916879736,0.3624807732895135,0.3215001693011766,0.31297909753025394,0.3610256568225283,0.3257038478604925,0.3713112541449071,0.2619452481443873,0.3214068841601382,0.31279972675573875,0.3264183614273124,0.3636309186568141,0.32819157778797503,0.2755814362068284,0.38272586731009395,0.32601597479889194,0.31585822415200016,0.3264478660510322,0.24421584921170114,0.23000016917001548,0.3121864161344238,0.3668421884996921,0.337431629532423,0.329309660811824,0.31699005858141605,0.4278461934187074,0.36373602148628753,0.33978085843951333,0.2887832223127422,0.32574435865158236,0.30893622064492976,0.32283758913174804,0.21926403927898339,0.3525291233670044,0.31110702586613137,0.35600331574977445,0.3205551704895808,0.39953030549271484,0.3483087032819535,0.33421315764164444,0.3717932621134112,0.3476273857481163,0.33857308879150744,0.30851127914955223,0.29976062083698385,0.3562595199521776,0.33925646312784663
0.33084094001593123,0.26968009628340145,0.3020771974264832,0.29683519382302703,0.0,0.22965463593467042,0.3634871026540897,0.25375194209738633,0.3158477785764955,0.28724250676202967,0.34137229500628097,0.2872667472454389,0.2600398222489021,0.2672780005682626,0.3470814240747696,0.2907006180415738,0.28469768374332155,0.3409871043363061,0.2622227086680469,0.2881607739715641,0.32317422732007833,0.3532003585375452,0.3454101508065376,0.307384484675909,0.30690365422176796,0.28209985963047723,0.2886360474798559,0.2429174637592071,0.2572032170773115,0.28946924205894936,0.323118934906957,0.25342068505706533,0.2732863641756856,0.24853375287831894,0.37133650550813585,0.31039091934048474,0.3132467174031233,0.29704515083045585,0.3200473210360212,0.30538815513732415,0.2850619586345492,0.35323561172437395,0.3260582033395151,0.36306283116505267,0.26894679329606946,0.2668131380675748,0.266922685447999,0.3479006234245236,0.3591431383388148,0.3202495612519859,0.3163309307273376,0.2615714555741848,0.24649081872653775,0.29110415541685625,0.3071785276843158,0.2551926200789622,0.28317413944889847,0.32500282086043275,0.2958467100691354,0.26843598780524436,0.2263571987861796,0.2203226377311849,0.26366718076943696,0.2979178384012672,0.31035315401239455,0.23887025987248295,0.27865485379228977,0.2857686783685149,0.2804226002198279,0.3039060350056559,0.32420376554265606,0.2990654287966213,0.2638522298464585,0.29442062407195724,0.24304847028000345,0.23238437043545163,0.2802157392757953,0.3643130086794477,0.24164646137674617,0.21075236726136842,0.24389803258689408,0.35241263406109746,0.2981157854269424,0.21510410980625427,0.2888898419999431,0.27074304928548576,0.28138705000083036,0.287958332838086,0.23568470793004204,0.2559170427447087,0.4209917292124255,0.3249059066148372,0.35163230244749016,0.2303346862514767,0.32745879395278,0.2852997500063592,0.21310154539575502,0.26491708386398083,0.28781998780230644,0.23579558649104046,0.2663771195443524,0.27786204381340107,0.3021108747418175,0.28323561598731267,0.2832084821379835,0.26624579345595595,0.24294064473880767,0.29013958686961533,0.3000749889080791,0.29372147055809283,0.3151867054534362,0.3595419240270015,0.24856460683384796,0.2891652504836361,0.24422728142592093,0.26003152926630485,0.23986868167682657,0.3500485860337064,0.2524968196205135,0.2682695893950894,0.40615107928694194,0.255234358468912,0.255644207172822,0.31150893847567374,0.30297945268035925,0.258222352449628,0.2312360451334417,0.2821499341307732,0.2501125761998906,0.3099491581885368,0.247648301830444,0.2672979492715877,0.227717708756713,0.29330593497443314,0.31585703417719246,0.28806650832140357,0.24555571723625758,0.3721540753437377,0.3365472702249667,0.33854605662823567,0.2515637387592134,0.2887992440690935,0.3190795613865964,0.3308690386472002,0.32896104104949175,0.2912933583665705,0.3410129275445068,0.24815972036729406,0.29157300685078663,0.20163277315730171,0.30630078075278644,0.2578387037457324,0.344608266633752,0.2944875444977691,0.30733191034595764,0.31838509256213104,0.25591321867266714,0.28771712742841626,0.29733328400636116,0.2530967190792353,0.23923792628540916,0.27223476655832596,0.27945357216034966,0.40248967128459767
0.322255193227167,0.4389451288793548,0.3589082258439169,0.3201829898776826,0.22965463593467042,0.0,0.2435697254126472,0.3953191814423044,0.2937052581216956,0.35051114172704867,0.3064850853065032,0.3228778542065744,0.4211623961437531,0.2705408918333511,0.2759815944863867,0.37861831938541535,0.36842176690302886,0.2619598185492873,0.30880410061604024,0.3378754246683276,0.33347218560059494,0.3075252665797308,0.23699985829769926,0.2669687870008459,0.33390656454352025,0.2655746349597219,0.2644400262985086,0.3410847110957041,0.3196291024054123,0.27197249911585825,0.31167253332313427,0.407466803120425,0.36857611939361995,0.2840413119294045,0.2793271845907257,0.27347463866546806,0.3144567919757942,0.31023435390778986,0.26358277428504184,0.29158658689158323,0.31335817181489556,0.3193020682320004,0.26050197906804623,0.30120700736724415,0.323861311000344,0.3043359514871869,0.2742509835142181,0.2794833483898264,0.2510737592986471,0.30713306512922434,0.31531927955626177,0.3788073411746536,0.28493173750687106,0.33251880097994946,0.2946654547858855,0.3933408159635395,0.3348438266349195,0.361402446351382,0.2604906133393762,0.31441440768950185,0.4470948234389667,0.2781707419813702,0.3394450260272655,0.21906850753978427,0.24992013763013532,0.30376736584870306,0.31002676165250437,0.2995178391942405,0.24852939274685393,0.3204975950493977,0.32299675044078135,0.2625971313316581,0.3066854320129621,0.3437447345698705,0.4381420380948363,0.28619495436142156,0.2963590479573953,0.29807749845263454,0.286157078855359,0.35832001578890676,0.3792916540505977,0.29251850848370947,0.3346728843568542,0.3700785641875249,0.3237085097425968,0.3608562132337397,0.34157739229686535,0.2636042538790335,0.3692724203338391,0.31741783881829594,0.2786990899633817,0.3035449844049692,0.3128824611547781,0.3141492116232692,0.29531789973414796,0.33601569832525763,0.3148894962673857,0.350398406731114,0.2221199799714273,0.36131547099803396,0.2654608567974041,0.2774904174313206,0.23974767638395797,0.2726853185062857,0.3319390589449337,0.3803788181123629,0.37212736202166624,0.3477846955342384,0.2944937048705595,0.329159661342939,0.2867576887040537,0.26052806593205463,0.395485968773701,0.31847613394551877,0.30995029958277776,0.412591460669775,0.35481792481278657,0.23388448007073515,0.3630321358110365,0.28971150221749226,0.2732009895066679,0.3186557914454849,0.32971290784109103,0.35854700051856564,0.28839717854999575,0.356607856954622,0.31490021894437376,0.2852911178371528,0.34537123723662294,0.26923539059129925,0.36519470438000334,0.4447749595426,0.3153123547576309,0.3021062752388535,0.2861371578179256,0.2485855952877426,0.2889852910010114,0.2565985483975105,0.2633941445284622,0.2745470905791482,0.295075582265667,0.3158310115395138,0.32566425871095855,0.29188059051338994,0.3062233747248154,0.24153088989732005,0.31605819548074765,0.33628359525412677,0.33547553031141886,0.23701245634741797,0.28628423836453337,0.29444277989516526,0.25122435644551994,0.27076257195284587,0.3343427771914615,0.3157140006053037,0.3192730161810205,0.4035455929654176,0.27689767816510263,0.33149877019994045,0.2862329812992696,0.34195022451541823,0.2708329644221216,0.2829790060810393
0.32039914785218926,0.3040182755294969,0.28914853687174585,0.3510183108935268,0.3634871026540897,0.2435697254126472,0.0,0.2640140425974851,0.28942796242661994,0.3145816556823628,0.3307301278112797,0.33657077773073074,0.2882234680143265,0.29602351587416553,0.3485447369310393,0.2750926023594404,0.2723780396791303,0.3295519434182491,0.3028123407632293,0.27076825118193076,0.3264993443982257,0.3401476167994085,0.40905710473379375,0.34854405444699116,0.3492737358729182,0.3162086135510254,0.29004232246185724,0.25626142135030516,0.2878193765539756,0.2860214470581164,0.3129391593767733,0.30140500334688125,0.333040153357356,0.3020894831348281,0.28943252905171823,0.30618431519062406,0.3636685395335296,0.2808804959890371,0.30140488110606134,0.3762505915307953,0.3118937807831662,0.3285252739012819,0.33271192835640556,0.3417692995694766,0.32773919409060553,0.30007296640750697,0.3102610870205009,0.32412216556727813,0.48843717543068405,0.29051640443486004,0.3807318298977739,0.2717160645186391,0.251672983606528,0.34411225924720307,0.37711926123405604,0.2871828900777301,0.3028482751173492,0.2972372022912398,0.38244891825214766,0.28311360970715327,0.24728479958165034,0.23923651039483637,0.2579131459503424,0.2933061211119406,0.2903174283193166,0.25906502837388673,0.35526346210191656,0.35727212951965465,0.29994384457471,0.28953869602656307,0.3502433397535146,0.2853452363476418,0.2808729033275323,0.34830075676483924,0.22788435032198395,0.27349718485284263,0.37780474980659845,0.37503614917957573,0.2569222561166546,0.2305820896940219,0.258668210378154,0.36298359369644967,0.3242819060091279,0.21429118081852994,0.29581785347326245,0.2840382557723489,0.2890620802552233,0.3492373868988787,0.26651101313048237,0.2835568385903472,0.37612734818448157,0.4055318011363703,0.3296166197408323,0.2683561597499844,0.346387628033094,0.3457439817548722,0.23128557967983215,0.3089568794460173,0.2784706661690618,0.2974551197469108,0.28733778411912264,0.3272761793736184,0.36952760389588724,0.3173977188633299,0.2779311583482427,0.2849530913490741,0.25649049846931177,0.2881317509418721,0.342734226143156,0.3411548586304167,0.40314973076600463,0.3352881106444618,0.28412689522562407,0.2618922081410424,0.25914131335898577,0.2651115428150972,0.2643299925285668,0.3480551080185642,0.28670437035911567,0.2524870669529121,0.3081110429306571,0.262909988281697,0.26663703662408983,0.36599902051083977,0.265028429295386,0.30941521846254577,0.2532825675683709,0.32977139328946997,0.264211471233531,0.3246715126095196,0.2387461265486114,0.2515987825887895,0.24467556419351189,0.2727318078756557,0.28873531882776077,0.2624851395167428,0.26352398848935105,0.3344105460228996,0.35660166422585754,0.35683834566839867,0.30038132198149436,0.2863658492102872,0.359048904503559,0.31693473467817057,0.34135877673844356,0.36807982859845384,0.31677880691585736,0.28008115143907303,0.30251513042336303,0.1874169713474011,0.31835215084338636,0.29152818768207406,0.3153815039720862,0.373982390829433,0.3490081488406867,0.3609855840939482,0.30412159494362834,0.32412252011210546,0.3382624260462822,0.3087303541111896,0.2670085654302677,0.28791433728728444,0.3050870963630716,0.34104622703214865
0.32635851521523424,0.41397405005850324,0.3931116556239031,0.36179328590763354,0.25375194209738633,0.3953191814423044,0.2640140425974851,0.0,0.3533591148645555,0.3860544115528051,0.3173835678470409,0.37035052502138377,0.40406480523776395,0.28105497177143446,0.29189953850226413,0.42179507536519034,0.4102658269361133,0.30460572803391006,0.3359708664170357,0.34011291295559287,0.3756071396268596,0.3045557964720826,0.29147090715719187,0.2825011782906407,0.3727386178870848,0.30538785201280555,0.3299127230605742,0.367793777240916,0.30187800865993897,0.32263347703624634,0.37237409495412555,0.37421905829829993,0.367314956375681,0.30789404877329657,0.2929824581359056,0.31201017760832894,0.3455055929672232,0.38451602068726254,0.2993866783978902,0.36081565208338123,0.34523194787354167,0.33868248653736377,0.2961670680300463,0.30632096537590797,0.40261002020272774,0.3621740684059832,0.28556605784635825,0.2882861601842281,0.305477439953908,0.31466106584696624,0.34364939135652034,0.3581117566829161,0.2861245566806291,0.33932051380238487,0.31673486248198734,0.36611964719021306,0.359479527959723,0.452797205692681,0.3080452486829183,0.3296787844805742,0.44771596521343693,0.26455147036825644,0.3560685066944332,0.24796569077852992,0.2553982774388766,0.3138757348261049,0.3374331612643793,0.2918410962700454,0.3027289744298897,0.4590134442754459,0.3314357805928727,0.2936546260795343,0.31388407361328147,0.40832586749322725,0.4545521105571842,0.28251953012677333,0.3509708283293984,0.3278414618317637,0.37436474338828657,0.27991785295295,0.3367999963508615,0.32111468294678874,0.3825919629083171,0.3737156893069758,0.40200293338669246,0.47767506182705965,0.409445532402884,0.29964599609754133,0.3882474866791814,0.33913297587630337,0.31705514580073235,0.3073009015811295,0.3208994237145543,0.301904596459453,0.35567294886698303,0.34734845946450443,0.30979861473228615,0.3760074634850562,0.23063675897772962,0.3721472696586371,0.26671492289234455,0.37245981009451656,0.2788727573402438,0.33872540008616847,0.3555638430279649,0.416191896967031,0.37715244473895604,0.3980123058613225,0.340013613410748,0.3309839508289431,0.29259491847325747,0.3101600688091439,0.3697494135446601,0.3673362005953228,0.3314402892540511,0.43818679598180693,0.3813682619221273,0.2672719374448247,0.32102666420461734,0.3055825731463696,0.30068078511593627,0.42900220207152817,0.30813141506728825,0.37775877011066,0.2728089505652872,0.36673862471990837,0.29138479091364483,0.3415972417922533,0.37642236059885886,0.31127015868717467,0.4055979950686005,0.42382009143786925,0.3390260216419834,0.2918409081952376,0.29965605394750755,0.2410514287992966,0.29676526497877603,0.2958594075248703,0.3270377368272258,0.3467300806647706,0.2992502199129431,0.3000345454890121,0.3790909668350712,0.31948240836574104,0.3397227123810465,0.2854972107352009,0.3648763728299995,0.3423076802930464,0.4043529855749651,0.2407837798007107,0.34168081881934836,0.32775969423418516,0.2949422895801881,0.3241871256269416,0.42600736003576906,0.36105547382586406,0.32850227409102106,0.4240340104311445,0.28106125731251036,0.3272940233867172,0.2961237238264581,0.34392001139741396,0.3253827308736358,0.30860261963834595
0.39406131350264345,0.3455032999330594,0.29525819399659076,0.28620262988404416,0.3158477785764955,0.2937052581216956,0.28942796242661994,0.3533591148645555,0.0,0.28349192740498913,0.31557702338607196,0.3330297215538226,0.28876107955437297,0.30831969851252533,0.3089984559109419,0.3235949457479027,0.3001196436417979,0.33537943128152475,0.300237074265006,0.37152661734502296,0.31180263972644173,0.39845653846597173,0.2657803799624168,0.2982249225756839,0.3214882811806598,0.2675415808087633,0.2913028872466816,0.2872367743313953,0.28990921975528217,0.38084924459364594,0.42079069089444926,0.29455714947245515,0.3287766378850345,0.24646262268747612,0.34969081028123805,0.29918529487992784,0.31785028695033224,0.4147559323253506,0.31724435673257767,0.3019381595359871,0.31603266076981146,0.33826137990698657,0.3011502826314341,0.35138157973961576,0.3202781740605123,0.2895220201903553,0.26729152878713547,0.30701266100460495,0.3124469583808962,0.33193361062472454,0.3086401583182999,0.2920304406429337,0.2897474011554219,0.3195137881260988,0.30684247519462515,0.3472731523586459,0.34500320430249193,0.353679888477784,0.283764612955094,0.27603565854397566,0.27943870592333314,0.25062927836252485,0.2956516564989431,0.2844593714066845,0.2986889640443728,0.2683592609985888,0.30792698993977763,0.30236592173721233,0.28112365478961726,0.355371578568465,0.3864747027225291,0.32589243966868164,0.3057291147727172,0.2917338081345224,0.33195035357496644,0.27425944424536003,0.2604480313810159,0.2836107587994559,0.31262955503445394,0.2525031245745252,0.283688930406568,0.41784236241640554,0.39748070646131867,0.27442662845432725,0.33550430485151733,0.401201623671611,0.32357521250932664,0.327650790058799,0.2811903345658275,0.3755332263453235,0.36750114303139175,0.3631112088666183,0.3399996855708627,0.28664016182268925,0.37922771775637065,0.38302115266850695,0.3029645820244867,0.30490251494745246,0.3014058181951758,0.26550561153505986,0.3246022610118372,0.2673164849475691,0.28255156056696196,0.3054284724606169,0.3496613141364059,0.29496847916929764,0.25505164804667574,0.31624063594900176,0.28388934991361975,0.2796201681064102,0.26923838085678803,0.35797615740368705,0.30022070057078337,0.34548006804502074,0.2915029113120967,0.3310728374784308,0.2977761348815171,0.30487725780171515,0.2460804749848735,0.293669285236769,0.36420376083200134,0.3150434351435909,0.2917417249578998,0.3496290971241908,0.4022348769951839,0.3116197172138655,0.25879944074029193,0.2927950745168349,0.2723480407404118,0.34571112049933933,0.387926870501097,0.34026968088937637,0.297104749701,0.396262388900112,0.31385491159847617,0.29076845324560346,0.3208275388499054,0.3223078412769316,0.33181680736529556,0.3831451271616156,0.30333018423192204,0.3063350392311022,0.35736959791889217,0.35670057040198466,0.3402821776976135,0.3035912382391746,0.4850520025310554,0.27139109042222553,0.3495176190256531,0.22086362923236685,0.3955614271107308,0.31729713790376113,0.3317316909144349,0.29120829100162005,0.32784332944692074,0.37608639683151157,0.29532081921394937,0.32337897114200187,0.35586389856357514,0.2848793779358846,0.23654640909460456,0.37940936998143154,0.3139433568467283,0.3962414665278926
0.3326233903797594,0.38074645972556587,0.4481519274456062,0.35320245925361654,0.28724250676202967,0.35051114172704867,0.3145816556823628,0.3860544115528051,0.28349192740498913,0.0,0.30083845893169575,0.29264040601219754,0.3900123495571207,0.3020251229959626,0.2900167184884084,0.36725695512909184,0.38384199387622814,0.35414706374484783,0.29991426116394154,0.2899238329000331,0.3438904054911398,0.31629476764772224,0.3577037325700713,0.2824684819765908,0.43695662593950163,0.29254376810350563,0.31145799971231786,0.3516307870665083,0.34969163258526925,0.29087929437478,0.30648217461416816,0.3679603081168409,0.2926271589478023,0.28563040506705084,0.28730655878331085,0.2709887106699702,0.36234937874218454,0.3004891266998489,0.23739436628200247,0.37276464647556423,0.2727902974816951,0.373011559060102,0.3045885235839314,0.28612831554418616,0.33695240083285183,0.3306519896112199,0.2902934934826803,0.2942216787952046,0.3725396130837362,0.270614171253178,0.33848420708217813,0.31483561966344803,0.2553233618397091,0.3288695634263919,0.3187818575632616,0.3666918104182678,0.31085315439465755,0.3101143807966763,0.3481205189773381,0.3000498937403878,0.3563481295293505,0.25370079325250644,0.29749266679472636,0.23937251198430137,0.2650594087995825,0.305876630730221,0.3176801289915374,0.3346947271761369,0.3270256819131484,0.38875156457999643,0.32134714530791303,0.30905080279597213,0.2782623920510592,0.408463325020216,0.3314552782532904,0.29647778947878634,0.32784247112965265,0.362466182052191,0.27603066054296505,0.29680110293538664,0.3497884304577672,0.30744678648268514,0.3882773850838727,0.3114967252057634,0.33203251219827273,0.33951916085272044,0.3274596500525415,0.307687423027929,0.3749075207021963,0.2731607318612051,0.3117270769700591,0.29266542107764326,0.3161029739724873,0.26396625237705523,0.3487418226529552,0.3332566220690648,0.23408743252947514,0.3442804188346742,0.23728680616245879,0.36253595680852313,0.2617125386072989,0.3371163262451706,0.2855641920761814,0.35519511655639574,0.29508611540292606,0.3549052656985369,0.34025720383392805,0.427226090938055,0.337267761543298,0.35419257633902484,0.3016986131122019,0.2801112740255986,0.34570482351638837,0.3305133940186282,0.28465255767574305,0.37200912119365187,0.340526934559096,0.3262150674128037,0.35103205253587516,0.3044503446806806,0.268195625162707,0.3093233933694327,0.27941147307639147,0.3754708226245718,0.25175886599505165,0.36058697398053785,0.2844998737755953,0.28670766302287715,0.3557240451978478,0.32033329013717676,0.36967126442067216,0.3529299010344161,0.2878297430379385,0.24180283822759588,0.2652306577358689,0.24399980374168562,0.27545477141222385,0.2995718783479986,0.34687509455242554,0.3150521429716123,0.3047642692253167,0.3169040924629976,0.35813003279963723,0.2805715571712704,0.3105648621119974,0.28110841636799183,0.2711738763307324,0.37999046812647547,0.44666192487681045,0.2213784951235161,0.275380086452009,0.32204696820943945,0.27026745142551456,0.3498935141939038,0.3610668847275799,0.3352825061690104,0.30163054525344857,0.44047477394387485,0.2948257799357858,0.3621225840539744,0.39677414948191697,0.3266383751288846,0.3270657089778161,0.2867781840366615
0.37658147637461986,0.3414383131677375,0.3499112058124843,0.3702712965024699,0.34137229500628097,0.3064850853065032,0.3307301278112797,0.3173835678470409,0.31557702338607196,0.30083845893169575,0.0,0.3984318984123999,0.34151083512815766,0.2849594160008803,0.2993393252280266,0.38472639020766025,0.3513884826467381,0.34771451637616935,0.3429829737825863,0.3425932343291067,0.3809837291413831,0.3953865626096692,0.33642403720470065,0.35747808883725407,0.39069145421005713,0.32844734708365114,0.32978416094306584,0.34102958742524536,0.3361982182992581,0.3202450800415444,0.30674358499032334,0.3155242262296787,0.32839510359188495,0.2896891197112006,0.31317525615048075,0.3203577936801255,0.4136205801062851,0.35534045844278717,0.3421164995688164,0.3571243044392371,0.30986261145437444,0.36594454906769747,0.3070038556236681,0.37152898406370066,0.32940812074520465,0.3002498479129489,0.23745215628142588,0.41516864168869083,0.3822239538734905,0.2931345314804718,0.3690101158848178,0.3002001607200956,0.2644306403339373,0.38988356564487125,0.38630645046140694,0.2753300462510115,0.3810261696078239,0.40690137552876837,0.32387042143256417,0.30460094098009083,0.33577280673271426,0.21540834132561582,0.33109529616325195,0.26709762773189594,0.2528906683546916,0.29182474831482436,0.35694493679688616,0.30536240352164556,0.31502680807328404,0.3609891143298205,0.34699597016314704,0.27245231017990296,0.33033871419586436,0.36998905237020496,0.3264686068166057,0.27782184518191744,0.3653874406051571,0.347154900328226,0.28095297730171537,0.24869526173656942,0.2888005556843244,0.31937317839088214,0.33017804962367736,0.2821817583326926,0.3222606108906753,0.3314475964499769,0.3743666679609662,0.28598878533660493,0.26900746040534923,0.31339689571382917,0.41481526697449717,0.27987717428697034,0.3543638611594825,0.3174157643833683,0.34494264895084037,0.3479570072167616,0.25898810299509994,0.27900217223745266,0.24272050346069182,0.2697089669387993,0.3023655288914628,0.3284014905686916,0.300974112829852,0.29529846676367233,0.31659139628059907,0.27857477938066516,0.2760222963848302,0.3386440209725509,0.2938131007318378,0.3933296247985714,0.43035192957556767,0.3356116037978539,0.30600321771915107,0.32263348251898716,0.29615427135231687,0.3187784661788534,0.28901668565387395,0.32627836248669834,0.31899500683022514,0.2777076900215007,0.33300648533706184,0.27184997014252,0.3152308137862288,0.38067685252389316,0.2828519077628857,0.3546362794471577,0.22840745615529168,0.32701631835968037,0.3065452393773717,0.2950795840019788,0.2648744690592414,0.3415205769059505,0.31470828565531134,0.3279891195383952,0.39186021816860683,0.2625174929044761,0.2799727787654896,0.2913628623096143,0.3807413996629957,0.34840004356248483,0.3237002262443185,0.3150119008775339,0.3139836948456875,0.3455606115593638,0.43393870049642436,0.28068660225717357,0.3182255715307191,0.26777292261689856,0.3399099353891209,0.22761108005665787,0.40871839445811237,0.29001887775302404,0.4273004159920457,0.28373294308712305,0.3457268464341195,0.3963609622467542,0.36675167404872344,0.3410890635860463,0.3304387332706125,0.2871074212397485,0.2519974796642105,0.33429568051576647,0.27309079201702524,0.47265829795385017
0.3143398819812275,0.3855703513233893,0.31252513529405335,0.3506408279019932,0.2872667472454389,0.3228778542065744,0.33657077773073074,0.37035052502138377,0.3330297215538226,0.29264040601219754,0.3984318984123999,0.0,0.28724484188534155,0.23810809757429766,0.2920100390894908,0.3384841699437114,0.3234739014144897,0.2796767368798033,0.40094010562538623,0.3270860475547445,0.38691138270289177,0.31944688792946363,0.3240272585061291,0.3406695618246008,0.3785273518728954,0.3100307608364058,0.31410860919164135,0.2927787425726107,0.312570962376807,0.35281345657078983,0.354954971225417,0.30911616553909615,0.35784262692497093,0.33013483283043804,0.2780203218427255,0.3192407962976354,0.3588525085039325,0.34869766594422436,0.4040833992666221,0.33649323548587007,0.3622094685551813,0.3244591243255753,0.2940303123536123,0.3453897698781294,0.3453769885476317,0.320962257014113,0.2878566134007072,0.3306689533483151,0.33562898695838517,0.3039243546007463,0.37146165404707826,0.33315707188515625,0.2704160438893048,0.3900872117215138,0.3806260014919584,0.29465368679678666,0.3854793407224453,0.43925643777601303,0.2752471741403757,0.3154738289511077,0.2960634351613082,0.2238132446233527,0.3120841655160044,0.2576816274936484,0.2521797405156245,0.2810729104980167,0.30656828906897077,0.2695551721658014,0.25452174661694404,0.3081987494638479,0.3073690786880275,0.25977783267542276,0.280738202983535,0.32493941427578776,0.3163038998626305,0.2711997041427376,0.3218181170437989,0.3701537946236269,0.31353101472759215,0.2462436896256297,0.27123085144996856,0.3318877394135761,0.3548776667022759,0.2568553197468767,0.3472257452617268,0.3830866469449265,0.3185422194439676,0.2839043906729561,0.30253098280386304,0.3559957803205417,0.3486973835055006,0.3281703366835008,0.3285055911028419,0.3240238251806275,0.31343879421054927,0.3983351003913227,0.27569002862672654,0.33476955428229466,0.24037661681736852,0.2810046222536556,0.2709903055492333,0.30991661192877706,0.31484454011496393,0.36295547884438106,0.3047848603849167,0.31196851038025053,0.31121339575593754,0.31634924947592574,0.31042996707021836,0.3838066217080386,0.4422891122649491,0.3564932667993313,0.27708676817907624,0.32875234123130365,0.2949304096027376,0.3333809733839012,0.3055042134967359,0.3099796681104139,0.30237623595737306,0.25824287275563107,0.3044805326899287,0.29919766654227126,0.2985173354949671,0.37052602268120344,0.2565329347298743,0.4007663593303034,0.24095507658758186,0.3656193023025412,0.3229657782623085,0.28277189319839213,0.2859453432428471,0.3165153209089446,0.2782511750211133,0.34033650011398425,0.32769612938452747,0.2312252891092703,0.31760368778133874,0.2946372456580959,0.3276550693864499,0.36735280244722635,0.27382763268512345,0.28584324397448824,0.35868064305144093,0.345548492429352,0.3890676512233506,0.33458112744359964,0.4219636055971398,0.2795708991929656,0.36668459831358957,0.23343414447330804,0.36835927589951256,0.31412480966291856,0.3455264544621017,0.304662212419451,0.4213103405713979,0.3278660070201146,0.32107393141877516,0.35568155284100117,0.2834578922154436,0.27699088968230584,0.22530758922935665,0.3152475552539659,0.2861676705750314,0.3590788159071529
