0,1,2,3,4,5,6,7,8,9,10,11,12,13,14,15,16,17,18,19,20,21,22,23,24,25,26,27,28,29,30,31,32,33,34,35,36,37,38,39,40,41,42,43,44,45,46,47,48,49,50,51,52,53,54,55,56,57,58,59,60,61,62,63,64,65,66,67,68,69,70,71,72,73,74,75,76,77,78,79,80,81,82,83,84,85,86,87,88,89,90,91,92,93,94,95,96,97,98,99,100,101,102,103,104,105,106,107,108,109,110,111,112,113,114,115,116,117,118,119,120,121,122,123,124,125,126,127,128,129,130,131,132,133,134,135,136,137,138,139,140,141,142,143,144,145,146,147,148,149,150,151,152,153,154,155,156,157,158,159,160,161,162,163
0.0,0.39524624644302236,0.3281051057888641,0.3207149018974818,0.30700124407930734,0.3823442640266345,0.31233785244870177,0.419130277614277,0.3763502045227145,0.3961756648304609,0.3735117608446811,0.34858334422446474,0.5428862045096641,0.3365746197629755,0.4107403159412242,0.41644736571050217,0.4380785473152415,0.523370129305914,0.3669856994889928,0.48944195559060855,0.39800002354453956,0.33345922027306585,0.3052564271739586,0.3487518764812502,0.48151442849303444,0.3035226510262157,0.29512961971635476,0.3631199058221289,0.32559082520494464,0.33464070531011464,0.4498044046164986,0.46548209420968367,0.33305878818080353,0.32836240190145605,0.4678476289697655,0.3567422229698254,0.4453195643276031,0.40916066177617516,0.32710724048266965,0.42002405802480763,0.3540374144237316,0.35993521649176385,0.43824071641463824,0.40060704326222424,0.4102826091475816,0.4850885431863336,0.34737493017031174,0.37892277177519396,0.4071351712267866,0.4608615055462256,0.4598715597243159,0.38703824532297443,0.3186335434859012,0.33327127495691244,0.35838355043919073,0.3777624842321895,0.5424943535443165,0.37704970869279636,0.4269587406573213,0.4506936569914863,0.3910398105518924,0.3328924648049867,0.38665756740833235,0.3008199900510535,0.3734029211433695,0.4420464072025892,0.3702807228815109,0.3715117878033788,0.3688344644115227,0.4405310969434749,0.4514168875969949,0.39476426246746255,0.3835005514978037,0.44138460204895474,0.4723953999345921,0.39083303990289053,0.31140629501492767,0.3102092500671072,0.4078092367705322,0.3483219804503335,0.3769938444859215,0.3716090725302995,0.38534697427231535,0.40845279288606884,0.41672926138211414,0.44545485323786327,0.38264464835636264,0.4394754269037582,0.4725532403698633,0.34871634358336207,0.40524165197000694,0.35681944210907646,0.421012223072412,0.4312089894413865,0.3728249972549298,0.327583849826402,0.281629384996226,0.339119273113121,0.2893481366543766,0.5137669580217662,0.3549029133184526,0.3838015292964243,0.33735335934721256,0.3277853312251564,0.4555183703864198,0.4131128255149529,0.43977972795055476,0.39052131063845674,0.4292902814314653,0.4024162678546142,0.3560782219538805,0.39011126486565173,0.4329333615067653,0.33549565901593037,0.4354219063782366,0.4332645087348396,0.456828238574424,0.37090257871109705,0.33289617092594315,0.30752323949184807,0.3625402586085691,0.3166169762141592,0.3784900184082759,0.47313941726055947,0.3434678717504171,0.3923428500616104,0.3306417985094935,0.33137909108880426,0.36004942607771695,0.372119545013928,0.36250085651524394,0.3348845017949311,0.34612380096074746,0.33786901092878163,0.372839830562587,0.3613904005837604,0.4141839889305088,0.3997828220759478,0.32471861286745946,0.46660088009370926,0.3057554266311387,0.35395594523532037,0.4132645137450877,0.2983847837212631,0.3839722073272429,0.37121292220764507,0.33789174749638473,0.3560023510559903,0.42182614354151854,0.2747578892048966,0.4905687236533779,0.3859451848890841,0.37099148072806987,0.30164401156448906,0.4287377549820185,0.4443416382082409,0.3328739467742118,0.40214537539119655,0.3308253420002212,0.3819782870788784,0.31891296744729314,0.4534302536830222,0.29388891949316753,0.45541903572389275
0.39524624644302236,0.0,0.40207481344368146,0.38474768369453366,0.3156627633074699,0.4511054731430406,0.34524210677467604,0.44737438959836484,0.35790774808226167,0.5007800985939077,0.3569955035951856,0.3380710415667941,0.41381109285926493,0.4120572448757401,0.4581691649867571,0.33706099632709996,0.3898876308671403,0.3782366567239652,0.33675582440672125,0.37170526113519836,0.3731634835040485,0.4846673698218085,0.29010673021347516,0.35244189782565877,0.3782544018707488,0.286346473898536,0.2821106109832504,0.3434376219354454,0.4085468834346823,0.27894514648468705,0.42641599941102365,0.36965050594049087,0.43515290367377035,0.2832252402217672,0.40552225472630543,0.38707848699401826,0.3522640936190476,0.35696656312358577,0.37645029529800356,0.37611795007166926,0.4194666200460148,0.3886137128911504,0.30938559258538345,0.3641012144037311,0.43095184415653476,0.35189182252343126,0.2966040261539893,0.33222470218795364,0.33857962411245124,0.3908696594508343,0.4159507429108537,0.34185087146831616,0.35266561931696094,0.47477134904343155,0.38322607465098985,0.39221824044374815,0.3700309380152616,0.3378547085729955,0.43271154483382956,0.41443443567559124,0.4729042359987,0.29767324048872446,0.3206784514685864,0.28347569074560314,0.3602871822312436,0.34744909009157493,0.4042546919681414,0.35093955590965376,0.3355461358112456,0.41097827461720554,0.39823409843637525,0.3785502322499379,0.33386904611842466,0.4461103691246533,0.44876620308088677,0.2916738087652017,0.3226784140591869,0.3494598697041004,0.3204487527693864,0.3018107388327142,0.33426582789780934,0.3940781226132338,0.4302476528740624,0.34274681389672584,0.3439533405538878,0.4328349544255596,0.3286825448903136,0.34089630535667115,0.3261910693953077,0.38550631637467836,0.3434156573943831,0.3794332703299424,0.39820262452119237,0.33307117152121235,0.3970938836564961,0.39262004804530737,0.3052624470714262,0.32406584080892764,0.28571944621918655,0.45933318953570956,0.35917605557165466,0.32155397182303325,0.27575458361092814,0.3165009465728845,0.3594868781392597,0.33593900360406637,0.3675860828932374,0.3861984263773202,0.38763271502711044,0.4142979913097488,0.32436551541225705,0.30802851136923615,0.4163465823521718,0.320703977667133,0.368779913044703,0.46698032118045985,0.33178724502282714,0.2887948009618959,0.3525043947797871,0.31479361156326263,0.3441585157541539,0.3161442158056284,0.32594676310662946,0.42744070272465073,0.3275638337364969,0.4371043566116844,0.3696524499629006,0.37358052895345856,0.4036947333583463,0.3604078253288345,0.3759124614591259,0.35146492691063963,0.3094762132544263,0.38106391143917046,0.38043710932268443,0.3288983845108615,0.31122918336371763,0.3924846249045589,0.3280501347928033,0.3606741358334929,0.3391327291272658,0.3733944685626825,0.4675197899595367,0.3274926680706093,0.35704206310875847,0.3088826178774236,0.38163487349372777,0.3699201701107784,0.38790650436479623,0.2648684847789682,0.3416499858694187,0.36300750989843655,0.3356086220244465,0.3634732398495341,0.3677561786437151,0.4256474278397769,0.330926817586195,0.40594314280228033,0.3396856230833404,0.31537599113922427,0.3430190868881597,0.386484274626748,0.2919125145937889,0.37154462597979826
0.3281051057888641,0.40207481344368146,0.0,0.3076503282013604,0.33205041965830673,0.375642720011236,0.2878906283812322,0.39932422202007817,0.31733952912857977,0.3829806899523215,0.3669374728522145,0.32853565739930496,0.3700307503082725,0.3159665164005562,0.3532396811853515,0.39221639239945194,0.39088085964916025,0.32980466324747104,0.27941056267451564,0.3027107030350251,0.4220908331655118,0.4866875625634155,0.24651094343095506,0.35201690936996405,0.3174109232210488,0.34415563042367325,0.2554630696995937,0.2946636407328776,0.3219327400474319,0.3042586571787879,0.3267359401886169,0.332369760260577,0.32426688634978723,0.2459532938423053,0.31337017149626606,0.3681436257648913,0.34685096005732396,0.3632854063129038,0.3352498263493459,0.3497279920817267,0.3979482115204757,0.35675710779673214,0.31691930377890615,0.3620358487273937,0.3637722076279717,0.3215179501633815,0.3442233711281592,0.36676391143009823,0.30510512943051477,0.3613363728956316,0.3743457534272875,0.38093627499783256,0.2575117315316972,0.3810714192558841,0.3325388921903155,0.329726669678878,0.3258919054864008,0.36182630991453907,0.34326833185656097,0.3337342606800333,0.3410883162853858,0.2847417762776321,0.3635473864962611,0.2923036482859098,0.29524710389387737,0.30080868225883245,0.3174632706515281,0.38504213091572903,0.3478914490059778,0.3615754629642507,0.41017466360562677,0.29873907383067594,0.3242778221975022,0.4688532684594468,0.38877990695481157,0.23880936481831475,0.3246391349477954,0.3303643496786598,0.3013119465708162,0.2760289157289584,0.3529083026470486,0.35566558251362024,0.38140190115352063,0.3405721145038465,0.3151486722596423,0.44888293559491904,0.28955090099331365,0.27992089081372895,0.28238451441623624,0.31974267488340113,0.360201226451353,0.28752501877560727,0.343559628946217,0.2664757578038683,0.343852281743953,0.33857888167226025,0.2838995623959281,0.314580311608694,0.26777488327600807,0.35353572247939846,0.27589605773428977,0.31134887478452883,0.2659086367395981,0.32981961866511506,0.3297353340687206,0.37421501065915475,0.3350809655163791,0.31453961237703776,0.3378945603179676,0.39854058357380234,0.3060415749854626,0.30249620169684704,0.33894057056908766,0.2762478985075275,0.30356180120904064,0.40588466270791695,0.2611368930391397,0.30331931171928683,0.37480523248950404,0.29354871039198527,0.37810042797854326,0.29684610506722076,0.2930272146779239,0.3729314969964256,0.27535567285091767,0.3782410310404435,0.33263247700833526,0.36626454350138044,0.3664462587295976,0.34246294395132965,0.34053930464502913,0.4738572085603498,0.25915573298594813,0.3073162152379239,0.3593099006965504,0.3010819337853531,0.2832550905359728,0.3276109157272838,0.29972518689962946,0.3304717566257311,0.2672274264215402,0.31552072249107876,0.33581588305320037,0.32492264006487315,0.34611161994770406,0.27680181913508123,0.45270354286626724,0.32747108459132257,0.3680260490725162,0.27735450140524814,0.2941376719607384,0.25901710465060246,0.31246105511421873,0.40498463727508943,0.3567110738441334,0.3541954039498283,0.31920801652325814,0.4274105583197371,0.24854967189838556,0.2859967996703245,0.3296540282504182,0.28411332681714596,0.2883688750269932,0.36572206388336925
0.3207149018974818,0.38474768369453366,0.3076503282013604,0.0,0.3090904613376041,0.31619398998654163,0.39051186686415745,0.3444045111694764,0.30256279904278804,0.3490665617079398,0.3693541388863434,0.3448730215673516,0.33146489086543873,0.3408245620743188,0.41560783310156046,0.30155468424276094,0.33808898715666524,0.33658031220080475,0.308318458319288,0.3000148948365695,0.34546763156872334,0.3584167563222342,0.3070385440840909,0.33306935473277244,0.337469106032144,0.31089179501536823,0.3222758378514887,0.31057209613015285,0.34694771473738323,0.2547953052387808,0.3665728491443221,0.2967960199860788,0.4534507159137624,0.29852254006310247,0.3500208106378367,0.37479544445992613,0.33697185990134987,0.3314336437702884,0.3922768844661368,0.38121888912020746,0.3673111281675017,0.33902408606337026,0.2822816956709924,0.3644435700717791,0.35906354300110194,0.3189637541519732,0.2264730879384663,0.3166183560900417,0.3300326580160118,0.32696188053619196,0.4052880742540047,0.3048994691927736,0.29718786264386654,0.44995835626979575,0.387174287140999,0.2943664556361335,0.34419625525468295,0.35559226079264306,0.3724669636330805,0.36659599974729407,0.39263749777038903,0.26164407826029196,0.2910602860431278,0.27537720178264885,0.3230084940766564,0.309252863285494,0.4351780671205908,0.270302948546335,0.29948818582099784,0.3528421633209877,0.31232359004925103,0.3082530521773053,0.34423778233329216,0.442161911445032,0.35138197151602385,0.25076391246298235,0.3687397544871835,0.3472450285798963,0.2864451177895651,0.25455342810492093,0.2697854252813906,0.38419900442748295,0.2988337799479751,0.28615738263203655,0.35267389230078033,0.32617758695045007,0.3406311037167425,0.3376644858681562,0.2939819310805985,0.3341470707621841,0.3689030390220368,0.36425625779150966,0.32791306693999417,0.2896004716708633,0.3800867873556122,0.3275481781366711,0.26115135035727327,0.3072801214870972,0.2883734688087264,0.3890616073600968,0.34618809374048826,0.34519537100273584,0.3515839063163313,0.301706161698541,0.32007767884490984,0.2779540695099247,0.3301701504897398,0.31668829057677006,0.333860886779506,0.33743175614527804,0.3745694787389738,0.3263359234919617,0.37903644141390996,0.35823311310133343,0.3100248480166528,0.34903597956477084,0.2893526943555698,0.27210515279823166,0.34290566462038513,0.32488895957418856,0.3326704283570029,0.3401468008287082,0.29158745984050727,0.34884008288892926,0.286624000320983,0.34710118749691515,0.3454223110639282,0.35740909993444253,0.33447754014437286,0.3296918589293753,0.2837036680146722,0.31184469912013946,0.3339888177331749,0.37360000469172966,0.3629501737754345,0.25924562346374674,0.23576744294584884,0.36490301203609254,0.32905761726511806,0.35737591371814814,0.3495088370949412,0.32157945247563524,0.42489050688413793,0.33437630603211305,0.3346112515249593,0.31077745984086425,0.33028925699388223,0.30011838469481367,0.28155332617105,0.24768320883236314,0.37743392280494564,0.3201564526734881,0.36913369958384123,0.3024268568912523,0.3663442001339065,0.3745016672691057,0.3141010983234433,0.3524119608467247,0.40736694829075215,0.30667539597435367,0.2852645688185428,0.3170325752547317,0.3089418528350623,0.3875483060837674
0.30700124407930734,0.3156627633074699,0.33205041965830673,0.3090904613376041,0.0,0.29669229625637666,0.3607215213169902,0.31329292258431496,0.3011657947332321,0.329938907075196,0.36373573929191805,0.3189696129531399,0.30148748733160186,0.29904917124146835,0.3315794711793923,0.35142590000881585,0.3228127354038926,0.30934785316062846,0.2448359300799636,0.2624738226363008,0.35791927644325805,0.335188167232248,0.29985127833935915,0.30547610890455845,0.3144516575908579,0.34790786883848035,0.286318027732272,0.2464310914406599,0.29786079746878813,0.318529172452646,0.34131097475173955,0.2871991046609965,0.2894657425902385,0.265530976018596,0.34765253792653883,0.3536990012440481,0.3510390032610768,0.3281138862121597,0.3523334668098476,0.3102968526060887,0.3110700120943289,0.39222373650130804,0.31262664775385235,0.40102151006533293,0.2947165113146962,0.28398512424482203,0.3155073858586722,0.3976617030699125,0.3278618202466897,0.3147406221925621,0.3534674728011435,0.28963716155590175,0.25321224220742866,0.314551825647631,0.33454965095904066,0.313274432862794,0.27964148535873257,0.4001271469693065,0.3092003435854813,0.2860037456982321,0.26880938817623135,0.26928939180571876,0.2812559560501646,0.2980260147485175,0.27741137762964746,0.24895933016827734,0.32993897840174785,0.33162007146300515,0.2872166566805706,0.352505633206501,0.3322319152364867,0.2990319444126035,0.29751244512918834,0.33813280066467055,0.29460646396318596,0.23722434947792817,0.33425490219924325,0.4905555363375488,0.2777216094876618,0.296085601385432,0.3031602592158038,0.31899759822961715,0.3765599034867971,0.26469661604285155,0.31573990717715156,0.3062759959586657,0.3294251099883774,0.29987819517021475,0.26691054373981987,0.32923784371355413,0.47326441067991043,0.3459625786030807,0.3614163145920454,0.23444452276178349,0.33653709189543957,0.32532546467048434,0.21874260497707523,0.2837719666445154,0.30498134778748454,0.2918869214859371,0.2958146387159876,0.3037749729060269,0.32035074042958506,0.27726718950195856,0.2906225305070135,0.316752312660231,0.28004368832486476,0.34257618158644304,0.32974223961309224,0.34135006671277346,0.3260045806546953,0.3522433642114079,0.31671461739680123,0.35273584850035355,0.28171557740293135,0.3166603032695722,0.25953543387895833,0.28695888814932496,0.29891449276718773,0.3241110986045216,0.4250609106090077,0.30886398439282275,0.274478992596156,0.3842481229771216,0.29018532442334977,0.3133871525775088,0.2952231930884722,0.3722790414733894,0.2999831244555656,0.2892750807347396,0.3021544414957078,0.3132282944406648,0.27550907120319607,0.3256862806568913,0.30778888012894123,0.28807671669275,0.2690981684861882,0.346358371523217,0.2888587996212095,0.3604190747906093,0.24964344466666574,0.3481051655745155,0.3342574884027116,0.3109849337288608,0.40006498437985905,0.3291896892744224,0.3598551159468229,0.31913790681906684,0.2990212548398764,0.2697321328368797,0.29861854638407426,0.2817825959354131,0.30919745500905876,0.34379486972124584,0.37079645014334794,0.36425561903401393,0.25119478271381485,0.42189634104181006,0.26901105857025515,0.29533381868035813,0.2673680102391522,0.30058056842265096,0.3112814207985425,0.4206050795223519
0.3823442640266345,0.4511054731430406,0.375642720011236,0.31619398998654163,0.29669229625637666,0.0,0.29790173482572624,0.37429106391683975,0.3525842551992042,0.3425846144820508,0.33802662435283765,0.3600836456285624,0.38512904050121755,0.30295833222748547,0.39175979896348684,0.3420365232258286,0.3613626626252799,0.29863442297593984,0.33856650194470767,0.34633722780963266,0.40012854070317166,0.4072231817937027,0.22252664124426647,0.297044823392979,0.3457987733056273,0.269749725038367,0.2282416994645691,0.2752744206097553,0.32378729382860816,0.30033134899353375,0.38274528190180934,0.4057319250701071,0.3906572714328139,0.25759077183246265,0.3341440571422076,0.3283249098306632,0.3416748591632806,0.3138402716647093,0.34176490278057686,0.2942430756346427,0.3656960353786004,0.3969356914367378,0.34124136245882525,0.4122290530251276,0.3181939270356085,0.3049603631027143,0.3068456633860838,0.3435727011673749,0.26626105157240443,0.38790330406321394,0.40527317022966364,0.4023424274232262,0.2949551250548255,0.40333731479878204,0.3210110042017865,0.3779964178819016,0.3538031935397728,0.4108972701835302,0.31628038264421154,0.3242992917978387,0.4005216985952589,0.3365719700283849,0.3953173190113378,0.2466579910473191,0.353649477856577,0.3352122759036491,0.32206760399160245,0.38456793902529357,0.2888827573748928,0.3510244233400135,0.424206026593465,0.2893920946005797,0.33969922277175585,0.37484539818107515,0.435178371781333,0.275739508190881,0.3065493007994064,0.2965117736002173,0.29276687321262224,0.34814168599116996,0.40486119008888016,0.37867461742332426,0.3823973620291507,0.3217841397287569,0.338068429288748,0.3421146422291933,0.3502571801598968,0.31752691448702036,0.30308205415347306,0.320898595301905,0.36102039635495314,0.39138828233901185,0.36186364529058906,0.3053257551702538,0.32867043889664305,0.3814723636289343,0.3235519110901354,0.3322581133629187,0.2734165348715165,0.3497247532445451,0.28734739426600653,0.3118548188579231,0.29067845374593027,0.2941164541439132,0.37138605941409875,0.35909112120675296,0.373738193978986,0.3108425827876112,0.3184249019889884,0.3800603430580682,0.3433032078642424,0.2894006192923427,0.43335140014186735,0.29933394085104675,0.30549417880098423,0.37100811635209574,0.32389133326811315,0.2707884400851011,0.3843205494277449,0.2896925628205888,0.3199144226873435,0.31403427178451443,0.3296863317730129,0.3995496299303371,0.33190204725930283,0.38373724394679365,0.3569247260785402,0.32076784884034587,0.33797417551915965,0.29500908069115245,0.3559574755458361,0.44153174087689095,0.27818194054766077,0.35284506066634413,0.34924387234159715,0.329694369410257,0.3134901324525415,0.2984000167572976,0.2548965772693395,0.3284756846445304,0.3133768793956481,0.3789488535463766,0.35965050544448307,0.3206307469446417,0.3375395826103804,0.2997769879980767,0.4074063738116398,0.34236512968081945,0.3384481567215939,0.2588453561150635,0.3247146015935548,0.3328214822606366,0.2769126114834094,0.30697745965648937,0.3845847322145476,0.3617919994209735,0.29291681186011914,0.3935957370852579,0.2820913972579974,0.31264873694573136,0.27698930972778985,0.36923165963245447,0.28260334169361123,0.35350394303966803
0.31233785244870177,0.34524210677467604,0.2878906283812322,0.39051186686415745,0.3607215213169902,0.29790173482572624,0.0,0.2929600369522344,0.2961624494025212,0.34694510157437847,0.393547726532074,0.3790456236085626,0.33937738001646967,0.32101409001740366,0.41789447334527535,0.3172373126974814,0.3128336255709983,0.3149331746266103,0.30946902225394046,0.25412614292221025,0.3050427480612581,0.35828662666662336,0.4115576501135811,0.3455075145296022,0.34834519991937757,0.3050673934496136,0.34494738870494157,0.306133030683898,0.3719415836664233,0.3471320334638592,0.35072042867953496,0.330177030862621,0.34815594492701485,0.320358738022061,0.31967713379637497,0.3057963699542436,0.38051392636341996,0.2938612451787439,0.3906308518710666,0.3703845829529795,0.3269020139668549,0.34474180543860666,0.2909312949956497,0.3643189519252393,0.3169487255814445,0.2999608846967599,0.25820453312175595,0.3196738934200417,0.4472430165582172,0.2744307277257253,0.36761787186503714,0.2671009052346836,0.2522174465575889,0.35904726703547785,0.4248447624327052,0.3151799170878792,0.2964986638189144,0.35340187846387655,0.32769565311817656,0.3100788310123143,0.2864956850032016,0.25605593548736494,0.25209360864531255,0.26683497834242115,0.25727149414614386,0.237910268419016,0.36294825646242607,0.30976268390065986,0.26774483803768356,0.3231850798549375,0.3121163752076596,0.2840883442199818,0.2701795467993034,0.36500318612213467,0.26564998484862434,0.28188825446553206,0.4428907613118915,0.4083301122022871,0.25745270217408656,0.28700724692023727,0.27665174588880914,0.3111743338255175,0.3564552743521551,0.24883610815428686,0.2879220831808656,0.295542283552614,0.30170922207513945,0.30599375715710947,0.2999920495562847,0.32550666631047576,0.38164793404811503,0.3721138385917955,0.38502817221236,0.27565193084453127,0.32812004301547276,0.3622555090837344,0.21640811309756686,0.29361140648109185,0.2780077262872591,0.31986446653336015,0.3445249951028541,0.3278620805629866,0.3019522655395687,0.27761676064282126,0.26442688657948893,0.2854576782792533,0.26394118255371574,0.31978917636733467,0.3440107281143306,0.33830438814840186,0.4034957481125619,0.29476535166730244,0.2972030960820837,0.31139009457557193,0.2767499664817882,0.33737608631157934,0.27704342455031533,0.3476803244676053,0.29253676222019814,0.29948616791338495,0.3381020896023721,0.29547670972896006,0.25713568426337235,0.41538377092351053,0.2821841083970855,0.3908849913124516,0.2723544879571743,0.3897435250182534,0.2881921114404385,0.2937914274045468,0.2791668111687628,0.2655678161751462,0.30929378361792675,0.3001160729030774,0.27844107078070685,0.2777550883649258,0.271686134635189,0.35082145650292007,0.2966505482085948,0.3581611762999458,0.29194683032512725,0.31814173286441905,0.3510072938616377,0.28617106267324216,0.34075172969376705,0.3118536699539304,0.3306372107681556,0.3451614047673447,0.2793017722216261,0.2375002500035729,0.3194331242073561,0.31964788188320653,0.3255774651007979,0.3347704012983484,0.3699832041480007,0.3497849728836248,0.35033314555784295,0.39168425006792484,0.37007328473078965,0.37484611908286236,0.2715004102419178,0.2955591049163063,0.3014278145182265,0.3806154647103381
0.419130277614277,0.44737438959836484,0.39932422202007817,0.3444045111694764,0.31329292258431496,0.37429106391683975,0.2929600369522344,0.0,0.41283445767843696,0.4316416413204679,0.3491692008272127,0.3432836973481201,0.4158734709208258,0.3751631801420094,0.3838376283128083,0.3862382919524956,0.41461999334912875,0.39479976812683504,0.3273229142202844,0.3941336393644431,0.41769438177112816,0.3753764885652265,0.2876569080806624,0.31224584114724174,0.4042956342102986,0.3095803665731248,0.31950143927915226,0.3585851619637865,0.30319584036541253,0.30801967095774707,0.48853339322287925,0.38362046191681365,0.3703655122802396,0.3088257656072036,0.448203279813294,0.4671745197507123,0.3903923729846965,0.45786001363498713,0.3527341188678843,0.3728481236235191,0.38665552053720315,0.382289006925548,0.36495601381844334,0.37624229702413603,0.502923731430035,0.3764935851599427,0.31876436576731776,0.3527486544476867,0.3504319634810876,0.4311332161385621,0.40429384287060866,0.34277078795872534,0.3086980457389361,0.3666172600058975,0.36267857879926635,0.36975075733766516,0.3753791747660055,0.4113014920310187,0.4343512306198214,0.3951798132276053,0.4465293506952571,0.3064248735415064,0.3627183903451682,0.3401173432601254,0.34403071775192556,0.3572102941468261,0.3890094573924419,0.34695006098764225,0.415047414788491,0.5388904219451293,0.3994297232780393,0.4041186744212146,0.39586392160277767,0.44844047369223655,0.49815402906668027,0.30078624720045133,0.3313642975639354,0.3078247294223278,0.3983686320361053,0.2705926070139224,0.32511173669565574,0.40319369995835636,0.3799815134273815,0.3987852302522991,0.42983638888522546,0.5184095224127135,0.42768187496700366,0.37865608814286,0.4000411139642412,0.37582932776333067,0.38781843200615335,0.3961892477761427,0.37662525372396627,0.3136977320366999,0.429347531849198,0.3655391287078566,0.3196486342080811,0.3851074393323627,0.30374540043595577,0.48047306469967266,0.3355516270370826,0.40632447615669,0.3481698426927232,0.3788675188872529,0.4771949029824966,0.40018995286088754,0.4017249995679367,0.42073668834344824,0.37442104804300574,0.38117224254689447,0.3174006307067977,0.373145194230574,0.44393300924143586,0.3644009681361554,0.3709386577203735,0.4195408610475492,0.35603085676498175,0.3161531511167659,0.34569997543126213,0.33886652726102906,0.3703616871023004,0.39421233328934574,0.3434989938897002,0.3808222933047627,0.3313511555238303,0.3609831757374674,0.36419826581584774,0.38836374025600434,0.4238845168711975,0.36199214862837775,0.4441098279601909,0.3754825653820812,0.3384059569026943,0.3479210887710224,0.4187712624301965,0.3030763584376343,0.3147045825015431,0.385835364251801,0.3593079410462227,0.4110365298013649,0.31860700477287185,0.3580430373311858,0.43761584393053493,0.3583058977005195,0.399039488394167,0.36666540335304326,0.38853212170792983,0.332859568504397,0.44620598163578534,0.29072502734976047,0.42165921408582496,0.34247908482578626,0.35056255403018494,0.35696047147227533,0.4472931532543002,0.46119327206498073,0.3028820606209305,0.4149325213610397,0.29711731244745326,0.3170201898836545,0.325619844029629,0.3874596920080447,0.32138889366904644,0.37519006241921876
0.3763502045227145,0.35790774808226167,0.31733952912857977,0.30256279904278804,0.3011657947332321,0.3525842551992042,0.2961624494025212,0.41283445767843696,0.0,0.34737901505934654,0.2800056349234197,0.28931980717746697,0.3230862953209474,0.4131047199966616,0.3307578989028867,0.32331179521820425,0.30913457480596207,0.3447027523407061,0.2775473604418451,0.3344048543686946,0.3413161519319433,0.3899552816574839,0.25166672297433046,0.26089745956875093,0.3534422983121092,0.28513685410977685,0.29053060216424187,0.27939868157525316,0.28020567352939885,0.3369238731481276,0.45446233248955514,0.3590244882972024,0.31643924371969606,0.2665430503343604,0.40331949792726424,0.3599248246577377,0.32970883150883096,0.4208604836276593,0.31871669479909664,0.30454062817820643,0.29554831427056,0.43304061204274524,0.3137080465191591,0.34390854783898445,0.36815460868317507,0.3045523997890521,0.2963050508307739,0.2940343635368951,0.30334166184549183,0.3501160139331108,0.3373471935369056,0.29638405103886045,0.3104180715277052,0.31955142829776967,0.31162931801288746,0.4916412366127219,0.3253774480681652,0.3407402418300517,0.3578189402687104,0.30585264419513397,0.33370845705666574,0.3829046724053478,0.3085054619039669,0.3281635640792697,0.3660849485476515,0.3188002218375733,0.4008851142615551,0.37521779818695694,0.33767651632399315,0.40271567053192264,0.43119593571523473,0.3607152102711361,0.4326895612459948,0.3402029004912395,0.3743421086697529,0.2991927569808506,0.2917968732735152,0.2832054181212466,0.3278313462218559,0.301197312101206,0.33838507239250876,0.5085770883678187,0.3929939817666994,0.31897969889950556,0.4233769409342081,0.4038423072804816,0.40236309266128334,0.4024179148956866,0.3344717593310834,0.46932966005128995,0.3701259153123345,0.5039124044583552,0.31683477240046426,0.2835988368377248,0.5019830665425931,0.3839444193495645,0.35827691617923,0.37758806313383037,0.4125152634619451,0.35094331379523547,0.3637667797575386,0.34167277754479103,0.37099420497204805,0.3172913025129957,0.44448154312350213,0.33071874896900244,0.307123230121736,0.3415048313508571,0.3055213894185796,0.3009020929060749,0.2744251231749175,0.40978907567272627,0.4475624316617303,0.41282709619576485,0.30672806605008207,0.3248275150283083,0.328276956748682,0.29507443111292064,0.2860112782742717,0.3893000759993502,0.35669256996089777,0.3923005150128356,0.34990739435090973,0.3477554115071021,0.528071004734937,0.2936801915974089,0.4325566554022485,0.32540383742474976,0.32363457476558855,0.3368955581141056,0.5249900287423724,0.38349444044746783,0.3390291909478948,0.43482235463298174,0.33642234535231325,0.33645798844635544,0.27892801462585975,0.3275144039060887,0.31134137608670226,0.3981305845482962,0.30823457033180646,0.40516004855152443,0.4383937062547007,0.4463340803670232,0.35958590154087927,0.3624143234191425,0.42777350709000805,0.3152702743671425,0.37754104639079256,0.2964429613450796,0.3860923911754486,0.3378583254218373,0.2930324879804296,0.34231786206841036,0.3629645800898001,0.446176986812933,0.2646836422544652,0.3561855126130926,0.3250258970926376,0.33484210476159687,0.28909127727065664,0.4104853928651561,0.4387439689400365,0.34238132679368605
0.3961756648304609,0.5007800985939077,0.3829806899523215,0.3490665617079398,0.329938907075196,0.3425846144820508,0.34694510157437847,0.4316416413204679,0.34737901505934654,0.0,0.34311147211608284,0.3173318283836622,0.4049636022344724,0.3953706868202672,0.4077993389579104,0.36343476818371706,0.37153833346765924,0.4357688857510261,0.3092175797466955,0.3373906598109816,0.3317013086813028,0.36182499235866794,0.33108734238914755,0.3088686622833026,0.459152866735069,0.2945938743909434,0.32113862723312925,0.3312643204677527,0.457469599682021,0.32082365969682275,0.48470906715585316,0.3777512621796182,0.3340696996646912,0.28177941952194036,0.4007544360848217,0.3584527478033726,0.4153397163488198,0.38551819359301065,0.32278940307641507,0.36069536214988884,0.3323860916243991,0.35301758632773755,0.34629652330782845,0.35037529430253844,0.39996427611256735,0.3499069000803761,0.30731368232042705,0.34958185418563426,0.4001474164421552,0.3249927851329392,0.3891436942221708,0.2913104896237806,0.29174998597022933,0.3764299770126841,0.40574365361282533,0.3736102195285753,0.3321203994959444,0.3339061150111782,0.4492339457147094,0.3607278621815718,0.39953548219625856,0.29074204883143945,0.2859884645396461,0.29422361084824944,0.3140102275172084,0.30620604500046145,0.3575891344168632,0.3649267125837378,0.3927368668849241,0.4939827159457846,0.34945545256988986,0.41888219306947494,0.3032728830345332,0.4152714618529697,0.37588767168644477,0.32680047003726787,0.3138344074000072,0.38104046306079453,0.32258669016252983,0.3204524908511628,0.33078443957829295,0.3412428549906535,0.447058270969667,0.36518000995923106,0.3328044899469163,0.3994014296574593,0.358172754144251,0.40528446353703645,0.3844362053560811,0.33896222118319946,0.3579052238361967,0.3532590953965926,0.4040854238667965,0.2892810363697183,0.3660256156698296,0.40564795772084056,0.2552211303172508,0.3216166127592283,0.3003380679616946,0.4279123760135899,0.391437571043268,0.34749134831133405,0.31204639648890187,0.39039398479514437,0.3392395845039915,0.32920642339622425,0.32674357258045633,0.4149112711876412,0.369841512151423,0.37108090080488076,0.29993900054538875,0.30858038988086145,0.3809237103937827,0.3662194843330376,0.34409626269438326,0.3954327176227964,0.34648721878265143,0.3636904514652204,0.309831804849375,0.3428157534997227,0.33324385227985265,0.34419356169645116,0.28556562794884993,0.43069528585303984,0.31861052713858606,0.4808805586723082,0.3141487100723257,0.3629797532630958,0.3831019968635462,0.3743152241508802,0.4281806263742067,0.31446027893213246,0.35130738048739796,0.3054196595433248,0.3322965492997396,0.30424103942106506,0.33779156899284446,0.3949544063015733,0.3409826259917275,0.41819940973748193,0.3434861938185879,0.37105736302946574,0.40673386365755104,0.2909544363361324,0.3785497524973305,0.34496379777975544,0.3148572042067994,0.40935295110428155,0.4642665567405231,0.2634936431159416,0.34165576183470264,0.4035945778286009,0.31449196151978165,0.356531065910222,0.3804928906945318,0.4365931210509412,0.2978131795021378,0.4388124216405335,0.34741800267266965,0.35361572809529157,0.3832529522837901,0.43657793604807227,0.3268892287780173,0.3605562143644041
0.3735117608446811,0.3569955035951856,0.3669374728522145,0.3693541388863434,0.36373573929191805,0.33802662435283765,0.393547726532074,0.3491692008272127,0.2800056349234197,0.34311147211608284,0.0,0.45450343140942917,0.41460648076828593,0.296645700138085,0.36016089028956105,0.4211515190213832,0.39554928377736215,0.3357487694456192,0.3195561851223226,0.3085851560113623,0.38645207743909316,0.38263672521976405,0.3380238927146833,0.4012673867732241,0.3924868426849864,0.37211922999694147,0.3418366424078243,0.3398187480884978,0.36042198173687146,0.32678621351863324,0.35042762248523873,0.38636598424546936,0.30485457071468697,0.3360751226545797,0.3598286648706139,0.38306275435251674,0.4574180199783916,0.331170570279063,0.46911005559537916,0.3963125533248512,0.33366474100119925,0.36925152271227396,0.32739283757923937,0.4281712893632118,0.3653112584152357,0.3290582719781896,0.25259204086611003,0.4712514412257528,0.40884566315513166,0.31800723179865487,0.4186950526855802,0.30140873518942113,0.24336519609262222,0.3962885752360039,0.4850753547374852,0.288917052807256,0.3559918139258952,0.4382751544501101,0.35510786370559805,0.360040897002485,0.3591464358407349,0.24274139335819084,0.31601559297205123,0.28565831446021966,0.2605911270440026,0.2884189888556591,0.39976931827894135,0.3100919416950493,0.30545204880657284,0.3606136222252209,0.338709666658541,0.2985616742955476,0.34745963954368825,0.45785010662027714,0.3419847076706517,0.2797707138183787,0.4872555110096059,0.39924719017524984,0.28137831457590917,0.3039398322865859,0.2992424168123816,0.30009267847882903,0.3355719511662299,0.30576122368613406,0.3290937995815141,0.33264184026592164,0.35600738013942135,0.30542062795728436,0.31075820243031926,0.33935757407207723,0.42162090032012556,0.29154045775653165,0.4267769380141538,0.3114760209537498,0.32365420951059176,0.3307289553232488,0.22869135349074285,0.281892735561147,0.2638495837758574,0.36309418139284166,0.3507996080692425,0.38627613343525674,0.3021933956667355,0.265125050406152,0.30658884627930005,0.31049562875910836,0.31639937590004547,0.34215568049238093,0.3302937846869024,0.4537834045482698,0.4884457433891214,0.3330869299852252,0.3529642974008571,0.32767398116120977,0.30991804091704905,0.3741231731432783,0.297564718543245,0.35533876610371457,0.36229528928366717,0.28919711939724946,0.3822854345247083,0.27822152568800973,0.310525687598901,0.4305320890539087,0.27736546724284733,0.42206905677147166,0.27349376887258403,0.41792758803052027,0.34832807152561013,0.29072399012404254,0.2730591618253115,0.32728076369917325,0.3568183660622272,0.3311635200863594,0.40012586945319356,0.27348001659701715,0.30985177227134536,0.34507075639427953,0.32026435804914566,0.3686626679387211,0.2735484949931726,0.3382761153702222,0.32137565523525063,0.30105360941386095,0.4338347335209239,0.3071619918197807,0.3332750705481911,0.31547942288389774,0.30483018636590087,0.2738367233300252,0.42797544506285956,0.2845360374737676,0.4044921225255981,0.3271727186434676,0.3721636071664596,0.37275078223635516,0.3579364735044115,0.41652963345424837,0.3172938837727457,0.3430451294727802,0.2663673595706622,0.3214054697220872,0.2659833474946377,0.5252559865903794
0.34858334422446474,0.3380710415667941,0.32853565739930496,0.3448730215673516,0.3189696129531399,0.3600836456285624,0.3790456236085626,0.3432836973481201,0.28931980717746697,0.3173318283836622,0.45450343140942917,0.0,0.3197118710101632,0.23998821059050632,0.3229617767040675,0.37384451074028674,0.38121036593216473,0.29042658745629485,0.3840065186804847,0.31505206252550355,0.4108534375113864,0.33176561517737835,0.32002027371792274,0.3624347158506903,0.41676884796565,0.3057450083831285,0.3126388837001948,0.3088430784458491,0.30181685474893344,0.3452087787371899,0.3628896742183131,0.36777499922890455,0.29259731847327525,0.3687150319009247,0.32589367333106783,0.34454777337828724,0.3594477315601259,0.3083701703592852,0.45357362890802266,0.34199240260325614,0.3258879406710482,0.3777594776072036,0.32721724625713916,0.3821581143597548,0.3310845082513694,0.3129501715042204,0.2822457418455296,0.36298433710734185,0.35984216555090787,0.3326890906081361,0.399043777699968,0.33133656967728864,0.2406263535247499,0.3628286127883155,0.41183342849039484,0.2903481557277392,0.3830778272492072,0.4687209810305482,0.2893807260384438,0.3297930021714623,0.2912515966890132,0.23834239921428785,0.3223727620082581,0.281224170714403,0.26531016317961126,0.29317757557945345,0.29958954672066135,0.26241488194383294,0.2690937197920573,0.3151062583100494,0.2979960899536833,0.2612797849589266,0.3148424068650051,0.37844054526525167,0.3315436986337975,0.2614956500607279,0.36678661498513704,0.3415311591402787,0.26810637716948055,0.26603968191842836,0.26678509168974157,0.3180908254677548,0.30697199051071034,0.2556479360912736,0.3442826016607691,0.3225569187417706,0.3082634938085795,0.2953134617724293,0.3228181564856464,0.30813963944775374,0.38049311997297386,0.3304020038942152,0.36829415787298675,0.3054859899375949,0.2915706539814509,0.34047501497166405,0.22959667131845965,0.3329771292724703,0.25825642618519506,0.3253652911057971,0.27456356808897825,0.3600544583245234,0.3360481132848183,0.31357613511911014,0.2962477632276352,0.30607001695454455,0.3475968109027796,0.3320469868583563,0.2989015201530297,0.4282127197445356,0.5694717224485286,0.3517908556524218,0.30859615533328355,0.32114717312619506,0.27679002675231207,0.36406106030245267,0.3036512324550915,0.3739700184139069,0.3762227481020616,0.2747981122808298,0.31647374215390855,0.2762484961907502,0.2988722077944354,0.3609846752659466,0.24798126612941887,0.37532564868847057,0.28495525258638854,0.3688588782526048,0.34482747028128724,0.24882899229268166,0.2853825109479791,0.3118118565632195,0.27672552289710084,0.3308067185620645,0.3430150340207738,0.23974579147459973,0.304301969678984,0.30899409357860264,0.2830441971703763,0.35815850611017064,0.2309787607736901,0.30985700318849313,0.3356739157767978,0.30364267071214923,0.3581299135639406,0.3608917357650032,0.37268096014239216,0.2775105369358673,0.33539152497951424,0.28492972034889325,0.3919773815793345,0.2843272147035924,0.3800877519762159,0.2997491971568859,0.4380761910456902,0.30406234783840635,0.29998838903421116,0.3790572005220599,0.26316721729100945,0.3207998841881348,0.22343476227801057,0.28828588662749327,0.25850312244140256,0.40550620850222274
