0,1,2,3,4,5,6,7,8,9,10,11,12,13,14,15,16,17,18,19,20,21,22,23,24,25,26,27,28,29,30,31,32,33,34,35,36,37,38,39,40,41,42,43,44,45,46,47,48,49,50,51,52,53,54,55,56,57,58,59,60,61,62,63,64,65,66,67,68,69,70,71,72,73,74,75,76,77,78,79,80,81,82,83,84,85,86,87,88,89,90,91,92,93,94,95,96,97,98,99,100,101,102,103,104,105,106,107,108,109,110,111,112,113,114,115,116,117,118,119,120,121,122,123,124,125,126,127,128,129,130,131,132,133,134,135,136,137,138,139,140,141,142,143,144,145,146,147,148,149,150,151,152,153,154,155,156,157,158,159,160,161,162,163
0.0,0.8504013666160305,0.8851036189765151,0.7877109843513107,0.7735249108946739,0.8570768949118805,0.7580931073992442,0.8956949521460555,0.7865275049015091,0.9040181574665396,0.8472113706466646,0.8159889517186625,0.9483065818155489,0.8152836648922891,0.8093435595362789,0.921669099995448,0.9493825254446462,0.9700904652890827,0.8735202045541591,0.9341064448712715,0.9046259068613572,0.8054834124518272,0.8466638449610739,0.8264292689544946,0.9386624400914312,0.7988299188082273,0.7748128286752806,0.9130248249900468,0.7905686345999001,0.8305993131429399,0.8881443022360757,0.9412593762324436,0.7632520102988821,0.8085826461190463,0.9482179672585737,0.8937712087406293,0.8932687629535004,0.9192465932318011,0.6996284749808654,0.8473203390715395,0.8388463310072722,0.8206908350599303,0.9344718598960132,0.8709356780856831,0.8912883297193129,0.9268804425910248,0.8958890342948118,0.8642521281712422,0.9064374017349006,0.968192127860987,0.9127843251122876,0.9237096826211182,0.7973749727017901,0.8205266490440136,0.8636260878980784,0.8711844268290316,0.9634220418660191,0.85819418523019,0.882390804942036,0.9462936263441346,0.8362030812440305,0.8090296832283826,0.941888486430644,0.8450403567617727,0.8718260306942243,0.9131771844403602,0.7499907646899261,0.8007383752950374,0.9224267461937995,0.9078186178482303,0.8809517865626232,0.9243457745380368,0.8490729797127307,0.9173323138731659,0.9237335098331592,0.866522636134935,0.7870978768487609,0.7444287804496565,0.8416454519973401,0.7324676341992487,0.8257530571889119,0.8248621662208748,0.7758190785590884,0.886854171459102,0.9166814593488384,0.8946044623946391,0.8417987144534957,0.8699620508783433,0.9374497605411902,0.6837713775866598,0.9049538722753699,0.787477350193008,0.9334292532864986,0.9113300620694914,0.8372110155087661,0.7771306625955239,0.7310365399139883,0.8365215562409387,0.7732162535286597,0.9057651558756845,0.7707361443387819,0.8386768712631752,0.8087150510621559,0.8571687761143083,0.9636731470618081,0.9146313248507296,0.9255955764781743,0.8550304542843709,0.8928488767703332,0.8669153425018875,0.8273367323862167,0.8675310159199059,0.875800524267437,0.7750945745009973,0.9286690145858688,0.9107411995858657,0.9167535113650184,0.9253256784243228,0.8900086181798571,0.796188968638007,0.8750480704916507,0.7989694698157936,0.8579502330713581,0.8569051989517005,0.8479738406916968,0.8348534793829688,0.8108422886837766,0.7960329596836309,0.8910549811801406,0.85684983444987,0.8658102962758571,0.8631451849076572,0.7989788686016492,0.7134156778441683,0.8500823907486921,0.8155509564536781,0.8604986350033532,0.8534530249605605,0.8315903097381993,0.8977755461808464,0.7697712535217451,0.8732886532530448,0.8441224663944701,0.7518399089501078,0.8457958594027701,0.8229504928615494,0.7822674148000885,0.7535057834343053,0.9169142856744297,0.7464146754727681,0.8949137487093753,0.7881166327419121,0.8785298465106692,0.8145766427372196,0.8612086906194057,0.8710235248982185,0.8392757547686106,0.8531419954987972,0.7478663400190462,0.8766128084002333,0.8208844626959698,0.9385274159994805,0.951071210513428,0.8582178696104088
0.8504013666160305,0.0,0.8839962718378189,0.8888533175583254,0.7551633696172375,0.8421008317196543,0.8060958812859063,0.8489971585980102,0.7725919516345477,0.9000688271466104,0.8263926094762355,0.7560945927768613,0.8940418760847796,0.851148595953855,0.9322646281336957,0.7954583489209935,0.827118261624574,0.8754762580591308,0.7671250503381213,0.7745500006059004,0.8127323774151562,0.9163878872820885,0.7427705346728073,0.853498592802467,0.7739035699657391,0.7248182447426789,0.792032379205715,0.7977654483258371,0.9069400783054705,0.721933542073182,0.8366962572176396,0.787928359993158,0.9332475424450597,0.6700531312227529,0.8311731405558681,0.8312196850612672,0.8115665392666204,0.8128244995980775,0.7921862658616713,0.8877164085331175,0.9066018727396078,0.7407196679207851,0.7485341004408995,0.8166030104611394,0.8042546846443824,0.8443897925610763,0.7697465749198551,0.7794399716905299,0.7990005683387889,0.8480596734886998,0.8630731472159713,0.8215441842362775,0.8584044834459595,0.9237251721632412,0.8544414109121209,0.8352757784094627,0.8451590997587136,0.7533102284844483,0.8309356394209051,0.9156977673133582,0.9131017409535189,0.7496246064523888,0.8173440885660949,0.7101530793842854,0.8186202232648276,0.8005959999006637,0.8041091918576623,0.7908551221266433,0.7749161325759604,0.8216633863127609,0.8592201807972467,0.8353378813460757,0.7182868990348416,0.8855353426195635,0.8626277323221836,0.7724995038412591,0.7849295094326306,0.7723432711122141,0.7270266806912684,0.708302473845157,0.7948956508717099,0.8382231974331903,0.8704576197044693,0.8097526763334042,0.7316709102088067,0.8405361745430497,0.6906845663435889,0.75408138547394,0.8210873002911726,0.8327312400700168,0.8022526245415764,0.7628087447022146,0.9081593733451775,0.851073054837076,0.8682510698280761,0.843032986498603,0.7648240187879823,0.6862012549424639,0.6673693096952963,0.8616898778467356,0.8458980891212793,0.7278487888642292,0.6572317572924081,0.7450726993290055,0.8119339283137236,0.7840638562295564,0.8128615598520723,0.7206811000788849,0.8923427938322622,0.8311065946891939,0.7580090763481022,0.7096307156863715,0.806961519822622,0.7184361482487566,0.8413174026409577,0.8912095728076834,0.7627942808165264,0.7663930510556584,0.7797564356704194,0.7561340490294854,0.8432040302904097,0.7689104695529743,0.6907140013124377,0.8963233730238356,0.7941670038352904,0.8873116177424059,0.7541426045453027,0.8251186729310854,0.7829590054144049,0.8724988691518868,0.7708582579064455,0.7947021964549502,0.8019212867188966,0.790135846949908,0.8210041290077166,0.8288874745760009,0.7444454176539206,0.8584488402945012,0.7722210495268489,0.8290816052287873,0.8596579581212016,0.7664787780870057,0.8951283534259096,0.7374125069824249,0.7789459632838319,0.6572868595473879,0.8463997931754872,0.8519597364979788,0.7445237876340439,0.634037422541723,0.7682130521450069,0.8161408896504964,0.8452093906111158,0.8459080582893531,0.7635777997000832,0.8853104114545219,0.9107025278994633,0.8547403498472097,0.8794138399691594,0.7809767892446492,0.8350616703810156,0.7913138629549389,0.8798817227827805,0.833774120670649
0.8851036189765151,0.8839962718378189,0.0,0.8519032845837463,0.8844864491620894,0.8613358510589867,0.8035731733043395,0.8576907011043472,0.747139963560993,0.8889295764098187,0.8984743783688707,0.8048147532246335,0.9344788769695188,0.8307355727171617,0.8454218282897186,0.9104874045392378,0.9091347652204986,0.8843488578189849,0.7581509788452709,0.8081774343159872,0.9105594894989186,0.9262301928516959,0.7845951089831559,0.865047586257308,0.8303966385266599,0.8429023822295112,0.7891679669792967,0.8135656373780268,0.8488280507350836,0.7772823153730606,0.7859534362209845,0.8476667631350272,0.8266077942547894,0.7223652059409237,0.8491704508319837,0.8955018612978304,0.888534815002412,0.8679027242460873,0.7540333964363398,0.8904564097728848,0.8643108774480502,0.8533822144115217,0.8388862275247438,0.8865200544820995,0.8457310709488776,0.8465748192193844,0.8600190220828353,0.8970085968087774,0.8416653167838194,0.9098410484930889,0.9031242088782491,0.8953732540849711,0.750202129764093,0.8941217676133688,0.8738867669601097,0.8761672320154495,0.8644517675019183,0.8675049632267468,0.8361412541677979,0.8903953171478892,0.8496301620286865,0.7786825619188701,0.8831886400557835,0.7981114343150283,0.7914740622291689,0.8065285317896672,0.805687349804247,0.8528428045137868,0.8696272332404823,0.8591624027757,0.9068849046496903,0.8228731567706826,0.811049910314679,0.9423477604454364,0.865540193012119,0.7157802871546575,0.8490452350745882,0.8509848416316931,0.7496139077619073,0.7173862823508095,0.7921841454692059,0.8368855378701154,0.8372572573140481,0.820903069484041,0.8215505698528393,0.860753376483449,0.777867245231622,0.7836098648194794,0.794005171407634,0.7731150461129991,0.9305987787047956,0.7479235574717302,0.909704514852924,0.7911522352505279,0.87542335394173,0.8357463139310788,0.7069752592163833,0.7547207098057678,0.7349175829652027,0.8555285669708805,0.75226789597937,0.8066069101275121,0.740820157747292,0.7695924891132164,0.8456402965738725,0.8687459985369353,0.8617341237655021,0.7886702228211772,0.8795949666590576,0.8903204175285491,0.8234148583534215,0.8231605032028503,0.8627776742698563,0.7538394441025664,0.8377268854435219,0.9195633217934026,0.7536821185211899,0.834308460848119,0.8962375165237709,0.8009947727898414,0.9306105961494879,0.8007511136049114,0.7730953012400534,0.8654398094608601,0.7541501122098047,0.8402884338542232,0.8191019341610574,0.8779216593116483,0.8434915810171872,0.859908264919082,0.7933104638344878,0.906102570206762,0.7603800711530226,0.7581101457899224,0.847205937264705,0.7780996252638902,0.7661313561753488,0.8627002128660213,0.8090279320711984,0.8104946330704585,0.7444813269772981,0.8666638306428172,0.8459586649052807,0.7914239246107027,0.8728602864166104,0.7622307158452025,0.88693810248561,0.7651958650810426,0.8123108577262105,0.7121278216833418,0.7812404854585356,0.7019369898712776,0.8746281965186727,0.9046758990785131,0.8208801732322011,0.8690310381896434,0.8493062501516427,0.9114300140269272,0.7671150238057448,0.8231464675453811,0.7866156457615854,0.7655330697554927,0.886524309170065,0.8927916517234982
0.7877109843513107,0.8888533175583254,0.8519032845837463,0.0,0.7685575944123036,0.7457529675483185,0.8767866331573498,0.8252063498252332,0.6914482680737882,0.8574696676710608,0.8747587126938486,0.7843250665240317,0.8602697142423869,0.841428706686287,0.8808674208678583,0.7774262721875719,0.7946356676132244,0.8043632809440501,0.7174403173768793,0.7254801062271196,0.7976996780897434,0.8840361927655889,0.7935042545738898,0.8588390510455686,0.7780711664709689,0.8002937265495716,0.8538483311574837,0.7891681392967345,0.8596495813693038,0.6610716954112085,0.7911740811533178,0.7514020129590939,0.9107288367476305,0.7146552733162587,0.8264356079590941,0.8739347523183071,0.845683561565106,0.772312113077278,0.807358330049963,0.9127773187546372,0.841521412655571,0.7471610170797798,0.7224870358335552,0.8310068732840203,0.8338977148939591,0.7763514680899648,0.7015856302068106,0.8094153440320212,0.8349969725570797,0.7967936482354198,0.8475673945260938,0.7757877220812371,0.6986488698083382,0.9370396229091981,0.9138521287607893,0.7624168033600628,0.7748040662296688,0.7583813696447796,0.8241626608950774,0.8561767371718073,0.8787585041852892,0.6770731194329483,0.7402716170528102,0.7396505253367137,0.71363757068405,0.7208187529583036,0.9036374835954939,0.7551612992379114,0.769025782899511,0.8079981164522942,0.7979798854274803,0.7896519216214891,0.7669246031828176,0.9001279552603164,0.7619576889215002,0.6698815255526464,0.8640759738992073,0.8138640541047144,0.6871556138388117,0.6208610686227994,0.657029828474205,0.8202933052227454,0.7532184362026519,0.7392090162652803,0.738766635678375,0.7859711922933079,0.7398854687616422,0.7511512442798636,0.747497989664579,0.8487210544898595,0.8312076561903955,0.7796427819854287,0.8416110191824567,0.7394054796684872,0.8705795020198523,0.8400926201728675,0.6691818312149611,0.7023423706155842,0.6872225477073509,0.8614524302084726,0.8440814250402278,0.7741516480468896,0.7353042824016922,0.7340429714844793,0.762211814100063,0.7489563885484416,0.7694806478456236,0.7230225756498794,0.8294536175344517,0.8307912368331322,0.8315889024114587,0.7619257863732025,0.8243742252609183,0.7458226413059511,0.7688395363372978,0.8436729872016168,0.6764966000197052,0.76735584580328,0.8160775119750311,0.7921565651213929,0.8193706101308283,0.8007382347452848,0.6919989772354402,0.819843141894377,0.7072890982350374,0.8363551562684777,0.7611314355943402,0.8634265591307165,0.7893391286081762,0.8198424116510884,0.6736746524451183,0.7212833241816431,0.8046942466877292,0.7943376948623634,0.8355704463371582,0.680755276058586,0.6686811140185627,0.8747421174577682,0.808281176161778,0.7660359374337676,0.7854918926668248,0.749550130099112,0.8695269472832806,0.7707811644900872,0.8278632613848128,0.7130676856498147,0.7836437466851183,0.7143044134325016,0.7146588949909132,0.6167825238531762,0.7898150747468542,0.6663651195843197,0.8410926523303602,0.8540317157762835,0.771666243727969,0.8776604785520957,0.8852412708088815,0.8380691117150203,0.9138565691474498,0.7926791648255296,0.7254651000503209,0.7019368592277511,0.791354215926878,0.8434108775202043
0.7735249108946739,0.7551633696172375,0.8844864491620894,0.7685575944123036,0.0,0.7663036547234316,0.8189766731161306,0.7003169973930988,0.691874451050517,0.7699257797613428,0.8879351244928365,0.7892335128637681,0.8006822646411672,0.7399818970282244,0.7542390720329771,0.8485893801115163,0.8069773763372893,0.7502532252070343,0.6766807788520335,0.6913565362660671,0.8226644604933795,0.8577575401262368,0.7456782905817086,0.7969884120098142,0.7504508113505004,0.8030062053674807,0.7389220493352086,0.712466041803447,0.8025739808187948,0.80280777903603,0.6998107771852735,0.7678707202464446,0.7212664233422552,0.671185793382892,0.7555386228051353,0.7928233171264073,0.8426385833235746,0.7607089897600068,0.7514091656698575,0.7965785965786525,0.7373182736966791,0.8575579443608721,0.7483934484709663,0.866511428292696,0.7221489094249394,0.7046844129560536,0.7802212009920236,0.8828072966493505,0.7982874111964403,0.7816428206594696,0.8171473342697747,0.7742832312652672,0.630636586583872,0.79255673269157,0.8264307062263561,0.7997079775026783,0.7471140798730616,0.8508521056184855,0.7243911512994998,0.7512226009776647,0.6965636754596516,0.6897878781580048,0.7463704516133206,0.7292899395714735,0.6716291556227612,0.6601031078980247,0.7321564933990238,0.8017389010092048,0.7608816517044632,0.7459120770650477,0.7985959093426838,0.7129572343844768,0.7393358278002502,0.8272468844331962,0.7186735013226301,0.6209592931208731,0.8354127033856273,0.9267345394354273,0.6356713687825912,0.732626120695752,0.6764790736294685,0.7428151931133145,0.8079679498937099,0.6747054544767025,0.7361546024784188,0.7225732279571812,0.7143361467086936,0.7069569380750703,0.6627580368525255,0.7225906734895304,0.9146131651482143,0.6990772569762168,0.8432450451975179,0.6703758917531216,0.7898615041632296,0.8068301732588926,0.5820613111713777,0.6698891572032033,0.7339410443151361,0.7157928328844079,0.7038047496815173,0.7280770631238785,0.6916813662998748,0.6711245526947507,0.7080300017084455,0.7506426258556117,0.7165881150443605,0.710774804791669,0.7487948683353045,0.8249107644836365,0.8118352416994943,0.7787530103612452,0.7585034205537245,0.7234767015021295,0.6960690717064469,0.8071839597038636,0.641612678903206,0.8087264128158,0.8077659019072521,0.7529612489448085,0.9202675602062871,0.7000250436292929,0.7023902636916549,0.8029009462765485,0.7102945610043346,0.7542040856338371,0.7369150475316766,0.8379976299923501,0.7307630010140559,0.7324661603914171,0.705896761675956,0.8131323788874094,0.6914711637638524,0.7378752150628407,0.7392782102401338,0.6811921443689269,0.6887487923257469,0.7787411764627135,0.7110681739981535,0.7336285260402061,0.6292007990075147,0.8490828705225569,0.7519517206473011,0.7430528254031021,0.8559465386677702,0.7245978396806836,0.8550604850643093,0.6699149068637194,0.710226962687376,0.6780873160757583,0.6996607164849096,0.6151005007612851,0.7968078701526651,0.8234124181485529,0.7410649874980885,0.7502468088152289,0.7749592687774922,0.8537580258200705,0.7052485994703283,0.8047971276912784,0.647837213734268,0.6871953004613461,0.7490607013973447,0.8923254686166052
0.8570768949118805,0.8421008317196543,0.8613358510589867,0.7457529675483185,0.7663036547234316,0.0,0.7094972575918551,0.8205137671531216,0.8068823640592867,0.8019734747873051,0.7696313201759384,0.7677403077200119,0.8303002742656649,0.7184557067999797,0.7883437054734327,0.8116850492614608,0.8156251892046705,0.8056973842392257,0.817305815237508,0.7584769460716683,0.8457258691876495,0.8207253467454352,0.6594705353771445,0.7365908050793296,0.7684682274707199,0.6762105531763962,0.6377645209826762,0.7407573182446416,0.7451655526145566,0.8049096398544083,0.8277195674732994,0.862217790588921,0.7708019716847683,0.6537864682181207,0.7586599466880675,0.7731376489431807,0.7790125230614097,0.7698724703444709,0.7405178437343936,0.7235033514230567,0.7830591210189621,0.7961727196061877,0.7947752526994267,0.8271475250466285,0.7254616603389751,0.799335202073394,0.8160151137692924,0.7882611170787984,0.7273576967672218,0.8518187458110182,0.8813679763466894,0.8519276829211506,0.840812731408198,0.8414100798842553,0.7885272604152328,0.8805825143116993,0.8538074480404086,0.8352253513653999,0.7461192943848458,0.8269425034530704,0.8512452100730237,0.8391365015391735,0.9089738879088137,0.6607640782795344,0.8547697495343304,0.8320335847261768,0.6769415989396125,0.8055303719422983,0.7421299103337707,0.8154151201178154,0.8872381581264284,0.7335945504478674,0.7302071909105514,0.832532675338854,0.8800333059544909,0.7817625724535129,0.7546128889007276,0.7173997519698445,0.70843219481558,0.8037660245608965,0.8944199976907451,0.8638322951949969,0.8524657956724633,0.7693705779002759,0.7709979965971819,0.7703815451985867,0.7736438564753139,0.755913280638951,0.8002557227046782,0.6944010097772758,0.8123586621289018,0.7721527786451842,0.874130981220608,0.8551777134324313,0.7966989025507187,0.7909452709724546,0.8244367049505044,0.6958359170593263,0.681697036113958,0.7782758319082207,0.6884278833934536,0.7813715796114226,0.6695387265368516,0.7192220571435849,0.8441354149803346,0.7784781479812242,0.8415262136322279,0.6865019978211048,0.7850133158401196,0.7861553887446757,0.7655174655359259,0.7068212218059293,0.8322565953233049,0.6858801308469931,0.7941479793568821,0.8083634001285573,0.7941801780915835,0.762930897585281,0.7838295695954218,0.7042908136343173,0.7857655185793627,0.7876677180724693,0.7029524203827651,0.8735250233383767,0.7963777912592286,0.8031931594708375,0.7842550652486684,0.7610725454453902,0.7400196735952856,0.739736116401156,0.807273941904942,0.9335201109555405,0.7105425543812185,0.7598951277170487,0.76194291555023,0.8253256952178024,0.7381879634631309,0.7071043180193575,0.6497639090851558,0.8230824888562535,0.7514643515747054,0.8194351691360857,0.8299632043639481,0.7541545379397135,0.7297154485490843,0.6628035259661625,0.8791877509661731,0.8048225605250288,0.739442504829687,0.6549970510056125,0.76478133761363,0.8125427602435535,0.7833782335322929,0.729599045615421,0.758384642477658,0.7993519388095486,0.7656168767019587,0.8378036049284694,0.6776713865182983,0.8095257852308142,0.7580120691937404,0.8197616321919577,0.8892522928124279,0.790954612777415
0.7580931073992442,0.8060958812859063,0.8035731733043395,0.8767866331573498,0.8189766731161306,0.7094972575918551,0.0,0.6955088733311425,0.6437977241324965,0.8623758647644385,0.8048714206934687,0.7222385381764039,0.827698213624665,0.8448643000552551,0.8497409015890856,0.741673966355846,0.7367515742591463,0.760458319838659,0.6416461654614396,0.6599672197116998,0.7464026470230013,0.8306499750254273,0.7680637153361356,0.7979206347510611,0.7462020482733556,0.7833884327222791,0.7847018618514825,0.7003574482744533,0.8281788954062849,0.6579550148904115,0.7530177050060521,0.791558718599681,0.8165749786579354,0.6839498463162093,0.7746283611500122,0.8207804163720781,0.8665515504832549,0.6802076209674303,0.743443023092285,0.8714530959814681,0.726456703900963,0.7520180086981575,0.7159728367032457,0.8360492826322624,0.7706208757104241,0.737371190248888,0.7501193991407781,0.8134999408812523,0.8585711680023497,0.7703269344233669,0.8692442963785606,0.716102524503566,0.6680335746418423,0.8604973032028956,0.9156164145835493,0.8021012995522215,0.7171780038880402,0.6931904850639606,0.8578717187878553,0.8058301303644292,0.7682885373957716,0.7233612468627267,0.6855075891040067,0.7250225996975419,0.7165669012766098,0.6918850632830982,0.9158202773434507,0.8464926629814034,0.7462131584586558,0.7089493864567097,0.810197801013801,0.7778489566784194,0.7563998292611868,0.8774705129862665,0.6609172348074496,0.6908684008743143,0.9211175059290517,0.8939583288057091,0.6121369449927762,0.6588034254523834,0.6345821179986125,0.7880634753913781,0.7620610638559769,0.6381898408380016,0.7005541840211783,0.6715957870744642,0.6910614382806234,0.8199414451160931,0.7159602783258479,0.7772201582326498,0.831239650149218,0.839997823813025,0.8446732266909843,0.7032148906925463,0.866759598591479,0.8466268206005249,0.6085810423835728,0.6583389201632379,0.7416495557991921,0.838004298602428,0.8482669037834099,0.7709624355825992,0.7524476874316227,0.6665064266237621,0.7126663403243005,0.7124748357112198,0.7280225614365021,0.6525083176150303,0.8160468892758272,0.8149980444340916,0.8410668882611619,0.7354326958259764,0.8415412290864706,0.6667138746665169,0.6992906077088762,0.7496452851669829,0.6392122568510304,0.8088290014717961,0.7790115620641256,0.7468494163480295,0.8084698700355738,0.7086047032490814,0.6524177032102676,0.8295106716781204,0.7009653820624343,0.7884549582254897,0.7979890217848248,0.8564076249824124,0.7158294549538781,0.8008695040123612,0.622184932861231,0.6749116420627997,0.7163369509244941,0.6734819506334772,0.735328901805367,0.6920761713444199,0.6322069140489228,0.8385425399914556,0.7235553566792156,0.7113498377714644,0.7235439110272537,0.8009927430577287,0.8702109704125406,0.7556362661094813,0.8182110008166646,0.746746516204385,0.7330165533936975,0.7069708798314805,0.6703087252269413,0.5538459301513866,0.7101497729354977,0.6390049037174999,0.742824616422708,0.900292190482842,0.6930780339110458,0.8215821772342554,0.8149978795588296,0.8119553689749441,0.8602181312291239,0.8751679562616582,0.7124255726141537,0.6696735686311627,0.7577648388302056,0.7710439169033942
0.8956949521460555,0.8489971585980102,0.8576907011043472,0.8252063498252332,0.7003169973930988,0.8205137671531216,0.6955088733311425,0.0,0.7641373716789642,0.8406136200863095,0.8397780157907314,0.8287191594387492,0.9065132877901013,0.7560889588880356,0.8173993173650892,0.8755418841656492,0.8790150359779266,0.8891496710467158,0.8494732767989915,0.8856069230464798,0.8574711436317133,0.7959352460811606,0.800119287422429,0.831334482444114,0.8757092827814502,0.790170002414657,0.7924287374092065,0.8850894779517626,0.772471799948697,0.7606188432289267,0.8961834934854912,0.8189286978643007,0.8080837748046515,0.7809037633623189,0.8683986616930005,0.8613150307273919,0.8578898702782534,0.9122213100265121,0.7628189639463749,0.827525050243092,0.8693816406693794,0.7288471720215209,0.8599973688714975,0.8111298555778936,0.9014115459224664,0.8926742569231251,0.769628025792118,0.8239490031525329,0.8179880681162469,0.875158426403571,0.8326590293246239,0.8689169857449767,0.7418334473839845,0.8304300138835707,0.836602856246554,0.7768551710026573,0.9004944038260309,0.8483074848469973,0.7789089493476978,0.902066954304317,0.9019421035433102,0.7237677096197804,0.887681935427886,0.7630052414614034,0.7745714165713873,0.852956383948513,0.7530161140685843,0.7311599823559629,0.8367823283074798,0.9509016435318265,0.8258433047988393,0.8391991224118959,0.7589345220173948,0.8706816827417238,0.9106664123306243,0.7722489979336061,0.761856978220252,0.7033337457254961,0.8648889425962126,0.6686336111696289,0.7676022841837203,0.7930012288438187,0.7577477888347927,0.9189848359981649,0.8346382250317541,0.9310131489715845,0.8694565022839625,0.7589159526181845,0.888371484541962,0.7713032686845134,0.8147416361733222,0.7116925849598559,0.8456107598146885,0.8461906154239117,0.7639185740795079,0.7848771175593734,0.754363127270585,0.7940730445491782,0.6583590190412514,0.8609263775750731,0.7706029593089005,0.8487638629149794,0.7418680540975248,0.8479254344921694,0.888586980470045,0.877303738650555,0.8852600851983191,0.8290521074667424,0.8459424179731754,0.826533420525799,0.7730651315622985,0.8002972142279455,0.7965634057375033,0.7875942561699447,0.9032243173493217,0.9001381541445224,0.828231021287335,0.8148534608374897,0.8178988200150585,0.7581203202080156,0.8109583684039021,0.8883702663198128,0.7898031823955441,0.8198620603418751,0.7289241210549453,0.8612468100066276,0.7219146609492229,0.8318235614395745,0.8674198097977777,0.8318888874314461,0.8117045273710554,0.8253601270404407,0.8682239718267388,0.7432002702401929,0.8873883813430726,0.737242004094298,0.8307576262170274,0.833343192468003,0.8482362331623975,0.9095237305664916,0.7865200582397235,0.7553440214782592,0.7800457647146979,0.7059623162659671,0.8225835610993084,0.7361612412773284,0.7948833811507596,0.7470797273809745,0.8583329254963502,0.7235180588284252,0.9042037235769218,0.7352463596167083,0.8588014264099021,0.7713101779857229,0.8730468194949123,0.9177636684454372,0.8546540836511359,0.8500603093315626,0.7505484093253806,0.7630877746450857,0.7717784637005841,0.8253536720259719,0.902830206305846,0.8312712367873224
0.7865275049015091,0.7725919516345477,0.747139963560993,0.6914482680737882,0.691874451050517,0.8068823640592867,0.6437977241324965,0.7641373716789642,0.0,0.7353516812203793,0.7381940720306325,0.658232255487167,0.7391483342173151,0.7477555788189052,0.7036968486239944,0.7086216974485953,0.7182768134902265,0.7662550917003592,0.7085926808253634,0.6981411495385612,0.686365700572917,0.8064956342104349,0.6192015478497505,0.6206510432102597,0.6879875539349273,0.5770887146590765,0.6887008112048227,0.7046684710751199,0.6943597009753452,0.7895292810686609,0.7502239833290081,0.7449367664776594,0.686933884813859,0.5727447882000686,0.7394279188877567,0.7008289880710151,0.6862190576807394,0.7507854382265552,0.6571571066343863,0.6467336858822372,0.6606325820066089,0.794020632985834,0.6642119385330792,0.6607883020406561,0.6458681250719708,0.6622559992233356,0.6584770880587887,0.6485152629856789,0.6640525395856998,0.7525218046044805,0.728579109642703,0.6779997282492647,0.7696505455741045,0.7144777900396222,0.6979965219446911,0.7761276811822672,0.7331206623856417,0.7556138339168771,0.6980810613437982,0.7336686663725612,0.7670438499199804,0.7286885079896936,0.7456120650052687,0.6546533013003313,0.7425895951936802,0.6824388167820246,0.6402380657078818,0.6947401569120639,0.7427614725940673,0.8216087287863181,0.7459345744553605,0.6952908847064196,0.7210000383703591,0.7224413437259106,0.8383169157931686,0.6737347630852499,0.6694838913631161,0.6188933577086924,0.6035013185598818,0.6079299033506229,0.695152098597926,0.8065364807702411,0.7463794036325566,0.695594736162776,0.6747949654525893,0.7015096297917087,0.7425977245839839,0.721378154656016,0.70630422638531,0.6643734596971906,0.7588052440332812,0.711670021951853,0.7740843048300952,0.7143526476578972,0.7825254302759761,0.7017809331604257,0.7326411069731872,0.604736799595564,0.7040045248576495,0.6761112382646493,0.6666568228830436,0.6786187058723903,0.5972574446801232,0.628622207511393,0.7815059450588849,0.6415791473008166,0.6746659426019987,0.6380847793905235,0.6556923136549793,0.6390486799307314,0.6387253628362507,0.6542765863096374,0.7396724425365576,0.805448136125522,0.6787740669835396,0.7233046104622955,0.6802189163653733,0.7060485734163622,0.6546635099152838,0.7807021172719897,0.704463849116854,0.7436308273823666,0.6168508830332935,0.6943303797629199,0.8713672953143599,0.6627729428715888,0.7205069319187251,0.6565716828755035,0.6326852563880382,0.6738580113671803,0.8754719892162651,0.7917848287315534,0.7354404000927346,0.8211229936965555,0.6771087356503285,0.7096501160092139,0.6284135189643288,0.6388290021053981,0.6145558237362375,0.7261268488852928,0.6976794846901104,0.7774106806518174,0.7807735993100594,0.7942772564054642,0.6318866061768534,0.6040328784443049,0.7857147863521085,0.6682454863975559,0.6627014454659046,0.6465684156875032,0.693955317885449,0.7482089628182672,0.7764485871094503,0.6457544064251398,0.6300581097009692,0.7229233049839744,0.7122716416494926,0.6632577143015028,0.6716777353152257,0.7132257004673158,0.6469322764390656,0.764731992537765,0.7748017459790019,0.7530029991493182
0.9040181574665396,0.9000688271466104,0.8889295764098187,0.8574696676710608,0.7699257797613428,0.8019734747873051,0.8623758647644385,0.8406136200863095,0.7353516812203793,0.0,0.8316359491540557,0.7432140825889011,0.9573613733500173,0.908898423105528,0.8768160170248607,0.8463145164985916,0.8622289103953713,0.9360127835239063,0.7388720379814901,0.8005275023328071,0.8074912313862883,0.8502734677803176,0.82587148018862,0.8190527960418431,0.8622462530798595,0.7927381690868117,0.8441436585683866,0.834603078842267,0.8938047126958442,0.7466550367669946,0.8348891777965374,0.8820022802094943,0.8523055058823573,0.7306499947137863,0.8858699343444902,0.8704600621783217,0.9029444916329188,0.8353018227081316,0.6890563036501807,0.9098448724998456,0.8286333845168988,0.7734035504660051,0.8286874730583439,0.8348434890540039,0.8625317943606539,0.8773043864378902,0.8533856388552699,0.8251817724753803,0.8995401205254501,0.8812496016886037,0.8947467368384038,0.825183601124328,0.7867347404249739,0.8474382112284456,0.8988837140871759,0.8763559401755923,0.8409560889298063,0.7625565012995023,0.922141948882301,0.9216580101048736,0.8490830360171571,0.7963191127923904,0.8279126608077577,0.7975576722181594,0.80889688075034,0.8241771305116754,0.8421580787821737,0.8615994049317903,0.8959747476220676,0.8589768321336465,0.8657549005178169,0.9149569425480368,0.7964989228915085,0.9249068320291562,0.8313803990477023,0.8309357275960646,0.8313060129600074,0.813681141698281,0.7456793728425944,0.698209930520303,0.7707571453624916,0.7931707792696187,0.8169219833207108,0.8215005668332152,0.7872224039194334,0.8198348176365842,0.7536619015968067,0.8781245506694676,0.891553892544042,0.7386514693373473,0.8720717874595856,0.8044655082603016,0.9256171300154743,0.8244334312385372,0.8756583418071355,0.8603270559099231,0.6789264559622168,0.7469876223506002,0.7411882108095665,0.926274421224286,0.8514620335410038,0.794094941352031,0.7678061813311767,0.8033635823653207,0.8592392233842224,0.8366447077663102,0.8390594137542913,0.7737886156693786,0.9251092171381802,0.8364807175382312,0.7869770802523247,0.7747404743449784,0.8778932875361405,0.7497353052020711,0.8633227156165231,0.8743414396030723,0.8011394149214716,0.8711528700743587,0.8410455006341119,0.8250290756692683,0.835966542487795,0.8004316824259071,0.7378065694415481,0.8702823660231624,0.7755858695253853,0.8726134092994303,0.8061838014158594,0.8296422086198267,0.8277635633767171,0.9154722265058323,0.7926800800037371,0.764790249749945,0.8023713163007927,0.6715732334279749,0.7772301096969252,0.7933760441969063,0.7661518614989432,0.8940222293100295,0.8203068817897533,0.8151882822144608,0.8437265843507471,0.8420136166598383,0.8736605381263848,0.74186897773618,0.8267065729552997,0.7751013915251569,0.7466787884323585,0.8075045675906813,0.8180060240457474,0.6448860332321449,0.7803803363851507,0.7797502843012816,0.8057216022816737,0.9062688879775973,0.7826946853094939,0.8818750282150406,0.8660992027933802,0.8603554222259306,0.864343839509215,0.879721145396305,0.8733648253369396,0.8232352421969468,0.9051100039736452,0.7993844057338897
0.8472113706466646,0.8263926094762355,0.8984743783688707,0.8747587126938486,0.8879351244928365,0.7696313201759384,0.8048714206934687,0.8397780157907314,0.7381940720306325,0.8316359491540557,0.0,0.8822383240452717,0.880548735265729,0.7841989248155704,0.7900903513630639,0.9224105038719298,0.8991873435237203,0.8367504479320582,0.7842233637844971,0.8007353613903043,0.8679706954480685,0.8782170913060288,0.8651774367382356,0.8726577762827709,0.8530179566164253,0.8387036248180485,0.8813380841417053,0.8711009843755927,0.8563546028664354,0.8343250319785592,0.7791747817112523,0.7974229040507123,0.774831070036866,0.7683331942903138,0.8574167397865284,0.8634202981724282,0.8930798236911236,0.8787790463371107,0.8125195710520746,0.8765708904918132,0.8123817683785474,0.84784025117012,0.7893044709359042,0.8577005913035667,0.8321263369530328,0.7766342614337076,0.7361451307289014,0.8926471389485285,0.8836558898399368,0.8283838280357018,0.831301111589439,0.8140889027123828,0.6540033950998896,0.8441886872714007,0.8991382650823588,0.7638518764444697,0.8381305145281385,0.9178478577595949,0.7665139723598312,0.8458354775724892,0.8005183730473343,0.657257432493268,0.7849302055444098,0.7905005851400552,0.6808257555400004,0.7106001963035764,0.7841276217590524,0.731022461186436,0.8288058826082281,0.8792433023556834,0.7758714747298987,0.788256815408537,0.7890158679354311,0.8886636448505277,0.8254789175368582,0.660253928752419,0.8598978438720485,0.863289999956186,0.7258318439358233,0.6877145035881415,0.6662871058561349,0.7573257385594795,0.7774295366694416,0.7827646342311485,0.8109166753269572,0.838235750997427,0.8091343118982416,0.7269659148901693,0.7528422872093337,0.7767564687226765,0.926352496704821,0.6935403486328259,0.8831702489410815,0.7400520813712139,0.8097992221172149,0.7976385962401549,0.6125132501508659,0.7339994680167542,0.7122490287630749,0.7912899327015124,0.7784697548907272,0.7932081548911208,0.726849472472031,0.7512045839627539,0.7802842795173628,0.8078378697648395,0.7817267534444278,0.8250053077301289,0.7915804758768199,0.867907142478184,0.853976457321197,0.8411848442512428,0.778015239197914,0.8717457027933587,0.7819797194211396,0.9124532773827166,0.7132444482673195,0.8739817968669562,0.849531542777942,0.815720455774862,0.9262470260699558,0.7756558516347379,0.7717331062230752,0.8141546084462382,0.7300317443424739,0.820272385743497,0.7264203877503257,0.8719535171693026,0.8285755672988254,0.7742035534687506,0.7733241192166412,0.814592699456603,0.8517354182769525,0.8096769800038168,0.8481796370463898,0.6616698799384315,0.7533441224645264,0.8479903386084419,0.8401356817776476,0.833561046299156,0.681795082419495,0.8330983164209784,0.7873266627421049,0.7496741566177645,0.9032186612746717,0.748504120671887,0.8214797171218712,0.6776166259199378,0.7957955481195611,0.7568363784175334,0.8294431055502232,0.6501780315415124,0.9316544979336705,0.8142857563374484,0.8335905995251673,0.8391238207453096,0.9048804339705286,0.8769924206859442,0.7837644909199233,0.8264449741264241,0.6693373164719515,0.7593053910012441,0.7885912360326428,0.9762048493870229
0.8159889517186625,0.7560945927768613,0.8048147532246335,0.7843250665240317,0.7892335128637681,0.7677403077200119,0.7222385381764039,0.8287191594387492,0.658232255487167,0.7432140825889011,0.8822383240452717,0.0,0.7961925123771509,0.6401271868133609,0.7233838874520682,0.8893290940958782,0.8721741344685,0.7565858971765107,0.887644108270941,0.8393417873267863,0.913138539408516,0.7344089581932679,0.8582935062106082,0.8873633040068596,0.8895009290046291,0.8286560683262914,0.7308464698231074,0.8574693520304572,0.7288453952315856,0.7992372172275667,0.818769383388919,0.7779376594572489,0.7003797146392107,0.8736555556749723,0.81984899506242,0.8246434838603943,0.839613200808933,0.8149307881547488,0.8278552763679898,0.7909574691046786,0.8023588633860277,0.780770562867395,0.820479621102834,0.8788704700435775,0.8410825645017648,0.7914698304196417,0.737601064294938,0.8904266286660378,0.8457753424125667,0.7957564353904749,0.7940106190899046,0.8554879355201741,0.6096977489978814,0.79776377712186,0.8281101944458497,0.7406774004686998,0.8586118316702139,0.914311175042535,0.6931049082788628,0.8020134834578615,0.742461184552211,0.6143276367771576,0.7858606526473174,0.7468341467064317,0.6696312540251053,0.7352985804403926,0.6962371130988761,0.6533643829456643,0.7243261530234465,0.7972369731521227,0.7274863392538073,0.7274412091877053,0.7342045467036945,0.8162172626584118,0.7737481299910233,0.6687623714154878,0.7729357468075073,0.7726678654615211,0.7949218336824933,0.711304113957645,0.6724288098927711,0.7234001686875529,0.7080192728796806,0.761857635418756,0.8565312733372323,0.8433712536947573,0.8156593204032186,0.6646055142263396,0.7532938367359171,0.7481817647312532,0.8209995916251447,0.6892693430169575,0.7967608220277963,0.7648308507037929,0.6878695447037121,0.7429686491722147,0.6199959733218475,0.8297124150674442,0.6555578636665518,0.7645240232624849,0.6933847382841942,0.7967321386613062,0.7578430266127713,0.8161802743012417,0.7565752790571685,0.8379308278288138,0.81667321137161,0.8567386621389098,0.7531618405181753,0.9142736599265352,0.9073337952437054,0.8487675245539886,0.7216478876853495,0.7365788445581823,0.7804421589027459,0.8612045305011907,0.7658722214919251,0.8431054134092084,0.8524575145776782,0.6809791431109147,0.8419218496257027,0.7131936453186627,0.8499440388942237,0.7953724394911031,0.6666274632108987,0.8018443251206323,0.6697786827168676,0.8297213576561014,0.8686447380140441,0.6887743801836659,0.7169097814710356,0.7850399699882787,0.7474597441772304,0.7508427026946681,0.8904873540634627,0.6289488184430402,0.8202616511325136,0.7848964060938719,0.8115597333393175,0.8642012246189252,0.6201930681530755,0.745125648432245,0.7187130807517316,0.6619227942036116,0.8913705789628645,0.7694475096195222,0.793149675408832,0.634523092257833,0.839395458473249,0.7736378329058664,0.9042766926595561,0.6193539355503243,0.8675957202331673,0.7304742636828141,0.9345771732295203,0.7994171012911467,0.8197294423958731,0.8762289895781445,0.6699874949617471,0.7577264975111005,0.6258151217925757,0.7717366504122455,0.7867292576868069,0.9033544848930637
