0,1,2,3,4,5,6,7,8,9,10,11,12,13,14,15,16,17,18,19,20,21,22,23,24,25,26,27,28,29,30,31,32,33,34,35,36,37,38,39,40,41,42,43,44,45,46,47,48,49,50,51,52,53,54,55,56,57,58,59,60,61,62,63,64,65,66,67,68,69,70,71,72,73,74,75,76,77,78,79,80,81,82,83,84,85,86,87,88,89,90,91,92,93,94,95,96,97,98,99,100,101,102,103,104,105,106,107,108,109,110,111,112,113,114,115,116,117,118,119,120,121,122,123,124,125,126,127,128,129,130,131,132,133,134,135,136,137,138,139,140,141,142,143,144,145,146,147,148,149,150,151,152,153,154,155,156,157,158,159,160,161,162,163
0.0,0.8202823463496665,0.7604301240216456,0.7723294574434691,0.7554765174831588,0.8414521843664182,0.7873074223172889,0.7862380627612313,0.8860568702276574,0.707159344821345,0.8977891418625161,0.7725260875062296,0.9057648925017052,0.8343954269112414,0.8110588826502773,0.8320894620028362,0.8374942768304987,0.9256024749235283,0.7963981627404026,0.9236807483277397,0.8485086725577564,0.8385752437220971,0.7470157872949961,0.8872294613053485,0.8724455735556882,0.8622290038788767,0.7218687727749059,0.8640991328157671,0.7128031647551578,0.7479249475733701,0.8556572940153893,0.8394332129639323,0.7684769492806176,0.8320990797379963,0.9369753663098579,0.7406518155443452,0.9263999519028502,0.8664305449400201,0.7527920747607969,0.8496509755624924,0.7460598426467255,0.8767899754253511,0.8159928077250443,0.8936744528878489,0.8662916578176308,0.8243318936816803,0.7567890676626656,0.89213413303971,0.8994302313784724,0.7905685112631398,0.8371403400543833,0.8735452614236786,0.7326944838631906,0.8004240632037944,0.7759723877538105,0.8606772955693811,0.9025498420032912,0.7709842394248579,0.8249932967409529,0.7607665116922473,0.8307107676663987,0.6593827695924062,0.8694440500440646,0.740829154056533,0.829042541310155,0.8807465955099599,0.8907697783761659,0.8882214793341232,0.788158484113251,0.8474021194036512,0.9367461626451837,0.8432835588305312,0.9133197753168069,0.8601342700644483,0.8311407810826039,0.9171760290793418,0.7910433530105657,0.7748419908869496,0.8077577940582716,0.7881171327659742,0.8534397050799598,0.841653732554873,0.8487508394688783,0.8617187000634616,0.8659698829365271,0.9108980196157894,0.8720098167582456,0.7925482132885032,0.8372966435309113,0.8682008914630619,0.8116758070292229,0.7710701284458814,0.753842535323011,0.9146264948899344,0.8860702388812866,0.8121831813777548,0.7538132372125999,0.8239388954012106,0.7320415463606919,0.8509610152917235,0.8377945674883961,0.7096933954461955,0.736570525391954,0.7033434780131297,0.8489738306836311,0.8175199958585428,0.7240765023984406,0.8338576947754901,0.7797017708925255,0.8786280544984926,0.8694621705773382,0.8377720927276409,0.8988683180260988,0.7750423064689881,0.8660816962845994,0.8709189460047961,0.8690951819618374,0.7558639446267083,0.8184059895600895,0.7822401311167408,0.8421669300914149,0.6821257471530411,0.9019652080025684,0.9125663134280122,0.8760214527620266,0.7807353899003714,0.683717872744138,0.7673985646561308,0.7757269250713135,0.8336254352732928,0.8011833378145655,0.8105371814829377,0.8386940559690634,0.8826097053380585,0.872017102436459,0.850483810497965,0.8795657901418302,0.8522035635610878,0.8150852646294864,0.7542226808669245,0.8146418220582192,0.8055184097348611,0.8191952256988149,0.7400461808961356,0.896463590918377,0.8535255069911808,0.8455745567927402,0.6994620995570591,0.7938640193716161,0.6413190197904158,0.9411704628749117,0.7691621355424985,0.772320116030255,0.6819546671354481,0.8055508657319249,0.9106174164796188,0.9011753530392955,0.8514335453171079,0.8571866290733674,0.8669507145399243,0.7697909671202459,0.9155191829299081,0.8563297958206274,0.9640203139652077
0.8202823463496665,0.0,0.9002269580046931,0.8029721946846079,0.7667512282929473,0.9029490820051923,0.8400798499281535,0.8054486344575185,0.7934678996546044,0.887251760176596,0.8977474099533281,0.9036258101393572,0.8493445441001097,0.8276263725415216,0.833873343914005,0.8516306178608053,0.8558890322003327,0.793932485323837,0.8608660764041833,0.8310833822819934,0.8790569919334741,0.9237617443245343,0.7473049908349146,0.8860737548381823,0.8929241899314203,0.7327462004153634,0.7516000417544192,0.8256601789567073,0.906916676862966,0.7519381118158107,0.8637921287162628,0.8766262476151457,0.8477824215199193,0.7939700940598667,0.8580776486758543,0.8364548419930774,0.8214074676177849,0.8236216748210512,0.8482097771707469,0.8494904876056509,0.8486032817753016,0.8701860398211915,0.7359706621168787,0.8741194996183119,0.8511018126355767,0.7677613141824133,0.7730461088065855,0.8607923013979832,0.8648246110967988,0.7737881363984357,0.8109686662936559,0.8089850294509247,0.8036080296100484,0.9149133732023692,0.8816902037308685,0.8511540580524783,0.8061090507636745,0.8206042371741071,0.8474352196964502,0.795012621125771,0.84007193885268,0.658079063198283,0.7843714191000728,0.7802005342985263,0.7369527305426418,0.7473030731975987,0.8076216414125239,0.7805831800703384,0.7497629559974636,0.7804892678506387,0.7989137969536364,0.7741857153734127,0.7698490269574064,0.852063341123306,0.8739872841044344,0.7976986190543697,0.7795306040045118,0.8658980992475439,0.7050161021495809,0.7070678412970566,0.8641629432035468,0.771043993787368,0.9009519291553335,0.815490092793457,0.7531327528827126,0.8808588058784128,0.7551314304090501,0.7097901462484574,0.8097685564810194,0.8351086394700821,0.7446696416338004,0.8226979978554549,0.8550798445119565,0.8085476301301358,0.8185903509284188,0.8968550113898753,0.7848633789693764,0.8511406138555069,0.6992454076967589,0.8215606806395569,0.8277270815469774,0.697930686413563,0.6727776259946174,0.8059480344314373,0.7745535695149488,0.7551491678486797,0.7666915068341341,0.84134640335544,0.8340679532182649,0.9026286522983817,0.8898893082991837,0.7259382571445612,0.7947142967385294,0.7861396061107246,0.7652728648823309,0.822670346753591,0.844308442239234,0.8165484414181292,0.8722106257562805,0.748890174745801,0.7622115293015905,0.6482791028459641,0.7786138221478205,0.897810799236855,0.7584266033982552,0.9107922096023757,0.6889741395619849,0.8193026049217454,0.8968877729527203,0.799190385195756,0.8548708126320107,0.8229000642245144,0.7116803211858187,0.8173628130767885,0.8706841744321152,0.7867960281456635,0.8337835049068898,0.8112058709302575,0.827503169361198,0.7742860861086607,0.8305545659624833,0.8636197924342712,0.8595696269674336,0.8284843815423272,0.8872775390766434,0.7329430600384964,0.8692204509160408,0.8664267902749174,0.8852497066527384,0.73535610281603,0.7858584145563003,0.8930804988900484,0.8133399772668549,0.8163080500310831,0.8662923547894352,0.8103905598168681,0.8267816402151638,0.8744535178111443,0.8166510153409097,0.7540108951294472,0.8454512825530801,0.8053114498372529,0.9271173629410286,0.8072260964203218
0.7604301240216456,0.9002269580046931,0.0,0.7740994293773398,0.7645424233957574,0.8679785322993229,0.7753740668297743,0.8643768570608165,0.7230122976875929,0.9261948448945494,0.9078860705522597,0.9076223140681272,0.8522169890874378,0.7361331997312076,0.7989644976191517,0.9215298642266039,0.8815392027381599,0.7911218276744534,0.8589967970825669,0.7955991244157552,0.9047803611741055,0.9278566942466847,0.7453452855207001,0.8341634147217045,0.8907177563255282,0.7396959647489718,0.7700973937956491,0.8243079143081783,0.8715831135348309,0.7760683952116698,0.807667056202562,0.9068842258732487,0.7868309969324531,0.7673672121145675,0.7499441683152164,0.817326459580187,0.805325373865927,0.8122412713867055,0.8454237242046823,0.80694864785732,0.7955306081905549,0.8345720759740677,0.8075268608996783,0.8036398462532626,0.8581836932980533,0.7856107798493729,0.7503183940422589,0.8525499048906965,0.839863406964862,0.7791222816942627,0.8206527530406826,0.7631489501852146,0.7200939461906856,0.894622938977402,0.8974256852484177,0.7418387258265462,0.7867674773460482,0.8784419430572337,0.8357373630222736,0.7639611392247769,0.855582324520701,0.643180908835649,0.8191695286919553,0.7472436125361047,0.6988537900811387,0.7554492218620034,0.7651276333534924,0.7810298934255263,0.8407698663849609,0.836075241722168,0.7694192366010558,0.6927085909084654,0.727908101491839,0.8973563771941926,0.9008928309425371,0.7057928413958163,0.8581959672755326,0.8461341438677839,0.717169075953285,0.6379732053035337,0.825566482418112,0.7295051388693549,0.8524895283498776,0.8021008541951229,0.7337523403659241,0.8344390360605445,0.7697032886004924,0.7221630740289574,0.7980653745644221,0.7382918550234016,0.747556866339144,0.7209172247824422,0.8529718457589867,0.7297714405388218,0.7431556923608875,0.8471437998652934,0.7791089879972803,0.7913957852904965,0.6044001571065942,0.7719987856413492,0.7292882717520056,0.8152665874900941,0.6743350586836495,0.8130476456825482,0.7508582482969292,0.7904255618699669,0.851694078925719,0.8342963723284953,0.8168706219551755,0.8525198332177997,0.8570726085463187,0.7017077447122035,0.7458476101816844,0.8204992095324593,0.7226236346561682,0.7687454458062377,0.7715709888281153,0.8840020608017702,0.8671931188046371,0.665918008824383,0.7065005197128098,0.6786810454699674,0.7053568283080537,0.8381222377008398,0.6433508138247807,0.9057596331265204,0.6664512290765879,0.8337479236131282,0.8847137045215032,0.7834089463477456,0.8074447283477127,0.8926024007808198,0.6814758536638998,0.6979379845979558,0.856656345470383,0.7092922374340052,0.7887401088375824,0.7371836049656817,0.8578631435153791,0.8053949444996988,0.7780471907182729,0.8235344237759693,0.7719132479385017,0.8295312420325992,0.8466907467872389,0.7165228202457647,0.8201726182668392,0.9074021791127006,0.9077159954708881,0.7104202543181999,0.7423541597677589,0.8002828349420048,0.8328832645801368,0.8593821842501034,0.8760697218700779,0.7966279181570776,0.787187372337468,0.8632524425865641,0.7014624965196993,0.7299935545946501,0.828186909765972,0.6854845095652722,0.8767430758897776,0.7380390621969073
0.7723294574434691,0.8029721946846079,0.7740994293773398,0.0,0.7534553414989001,0.8195726068011858,0.8630152016803874,0.8112859116626486,0.7271470958380502,0.7278059500187946,0.8189031904406967,0.8311425613754864,0.7608816849283956,0.7215977251532399,0.8355844453032577,0.7397716479648246,0.7833131084539408,0.7786344841576497,0.8379648104929132,0.6958367169036997,0.831330000840889,0.7933994881791911,0.7578931550710534,0.7899255315375209,0.7928284859166748,0.8016268107290396,0.7472973422224711,0.8054870126896406,0.7233098937550759,0.6883381865892564,0.7963634705493053,0.7549927271358113,0.9583773553216307,0.7789523624859982,0.7835797682099964,0.8007937541492843,0.7553083031916942,0.7564151279991355,0.762236136886197,0.8275762152458432,0.8726938545690553,0.7728566295579248,0.742051911906733,0.844025544562458,0.798904607005906,0.7666578450579579,0.6961980764408726,0.7565918478093616,0.7890217706667949,0.7397871158349947,0.8893403206964672,0.8769161882755957,0.7468897128778196,0.9030046350104329,0.8208560125075836,0.7192013079485403,0.7742839692428896,0.8501400836595915,0.752746414953501,0.7489691983223002,0.7949313916250099,0.6492372985813321,0.8643326889704736,0.6477048127037949,0.7116881743562545,0.7293219938911057,0.7647634287239933,0.7302406524355419,0.7209126775220102,0.8099614180698547,0.7776924945753041,0.6785694504968388,0.7633292181559344,0.8581680532360688,0.802410836100737,0.6987281948174153,0.7755299588581885,0.7900652159435835,0.7538490318230019,0.6258086843999272,0.7615599363860748,0.8402615039318114,0.7644720718168401,0.7567802140307678,0.7918968564154012,0.8068728274182484,0.7471469967715682,0.7409538332914909,0.7845582430308844,0.7235719954109867,0.8573279241611425,0.8393366043426053,0.7808215502084503,0.7369878665497821,0.8298572919966806,0.805555386378685,0.7299082471946772,0.8190588549635223,0.6435611432912822,0.848174157628086,0.6961254451467852,0.7137275653484288,0.8481125984327571,0.8015952834183078,0.8054282355490086,0.7277431862509742,0.7469780151905574,0.7514340852592827,0.7940569239760521,0.7317771692144268,0.8898393729816544,0.761603985406591,0.7732874282911134,0.7340094182142838,0.8121928305054406,0.8153750391193226,0.776519793058837,0.6734133733399865,0.8486477366825884,0.7675032137909601,0.6820622310896751,0.8052367439477078,0.6907621776319517,0.8587698545696119,0.6522890825478506,0.8107540499776634,0.7105939917353418,0.7469986319851759,0.79576674120153,0.7264852576003383,0.6974339101798124,0.7431230807476645,0.6657352409820544,0.8029539814328288,0.7369879448237495,0.6495207708227166,0.6753897190897995,0.7940046203305091,0.7490070119828561,0.7496998471921189,0.8786983965063926,0.6839044613214512,0.8470151547854394,0.7878240121969645,0.7513798721383561,0.7679361388115912,0.7999638495329767,0.7553204200172892,0.7179809619448615,0.6000516485220978,0.8142621565008645,0.805639198561632,0.749945611274019,0.6889467052433873,0.8702516185606535,0.7427634368777166,0.7219498552357502,0.8516902044876086,0.845983403313958,0.7896631367464593,0.7618475425234585,0.7291604581123252,0.8161827841960891,0.7882542650751672
0.7554765174831588,0.7667512282929473,0.7645424233957574,0.7534553414989001,0.0,0.691415459743875,0.8687115648837223,0.7037508374931413,0.7624804307761607,0.7048736706121074,0.7764583947143543,0.8103340886271424,0.6857358136265007,0.702794121256372,0.8774006724080552,0.7411146653993946,0.7538622169353745,0.8157523947642332,0.7800328680793939,0.7164090144660132,0.8022656290152019,0.8194498342554306,0.7969841872077821,0.788212349131903,0.7453901394989502,0.7286589014185817,0.7434894069972251,0.6960088743895803,0.7285712498503961,0.8293846216638779,0.8035071606080997,0.7330485402157911,0.7974085195836397,0.6982382795560329,0.7906548708748943,0.8093277172085224,0.7085352226877344,0.7807583229644252,0.8014500277590391,0.7842740911322894,0.8429354824426478,0.7581151169977343,0.8077375162312123,0.8118007731230048,0.7418238006007402,0.7462856224460124,0.8329872445481667,0.7400396538452647,0.8359993845035729,0.8318416376061543,0.8424831248645436,0.7606160429679772,0.7560507283697173,0.7932926866268668,0.7956170332087411,0.6655403709363504,0.776628377561479,0.8087330174432017,0.7780322366371974,0.7590710889033403,0.6488635454093769,0.6508580048159425,0.7661808819602737,0.7458356207921065,0.776071441795936,0.6575401980891166,0.6566356797413881,0.727595481768604,0.7726911406545748,0.7173067249633829,0.7648352370103806,0.7446630562772588,0.6634318113741664,0.7687187533746442,0.7154768703269148,0.6664280213919744,0.7129215978889782,0.8524401778426468,0.6954257493771676,0.5740242871127949,0.666942222489632,0.796145196562469,0.79638714023009,0.6528680662326419,0.7261222141999356,0.7640532810239432,0.6427246114994579,0.786754065251594,0.6912247830675182,0.6681988125146819,0.8930055848075,0.8018248377106204,0.8848836216247523,0.6825551229553777,0.7736501247753733,0.7608843637993469,0.6662901790021968,0.7217930482368441,0.7070850334207935,0.6951550329534995,0.6910818099895402,0.6675362494860703,0.7513650470575913,0.7661545363942435,0.7646751216798352,0.7179624428457066,0.6864529432680346,0.6991459846460647,0.823745824146539,0.6989559591499517,0.7940012996346368,0.8109053743904323,0.6347232805723124,0.6860110536126914,0.7323829905307803,0.732662265326531,0.6999070619928577,0.7972913126700473,0.7203698339991379,0.6729711495082392,0.8405316152410361,0.6709734682271465,0.6432756608820178,0.8043781708887665,0.6617498327239107,0.7581945244913009,0.6566665557751507,0.7559749270234526,0.7273058262631801,0.7974001986219019,0.6984006439776985,0.7056156083550446,0.5892037780805351,0.7314386838687592,0.7230960559971357,0.7448990754513691,0.730697046276915,0.848470438464159,0.7640976261475125,0.8351167864125709,0.7270001507308457,0.7139788028248979,0.7971530381669533,0.8010162343431869,0.7553249316623248,0.7767122674831615,0.863786933944671,0.7225210272362818,0.7410956894027136,0.6182772293500521,0.7355293367389764,0.7777564763266832,0.8090016325713792,0.7845541392067477,0.7759519818539926,0.692869563468085,0.6617823980484379,0.7363000018276628,0.729094763449343,0.6951696201967202,0.68062265793865,0.6878329389473126,0.8157222661550317,0.778451213235291
0.8414521843664182,0.9029490820051923,0.8679785322993229,0.8195726068011858,0.691415459743875,0.0,0.7657903474745649,0.8463355964671497,0.7878310423267966,0.833257046321818,0.9099352941977149,0.8637390393139948,0.8955976997116298,0.781929482970527,0.7545942581647844,0.8681096349534674,0.839815324541373,0.7542493826342649,0.841175468670522,0.8021894996007269,0.8645646210035607,0.8564703533668915,0.6726647046371159,0.8160934039599712,0.902613749952908,0.7708641733278923,0.6883601433364204,0.8365890025562126,0.8214119864477983,0.7310436295459369,0.836402784619492,0.9030069530056183,0.8183122463090563,0.7996204490497839,0.8137446506098838,0.7675612548086584,0.8780783757228221,0.8014749461666159,0.7850497094367591,0.7711385237704828,0.7579880809892735,0.8835378695435196,0.7355028305358254,0.876589002219707,0.8346354360280868,0.7408189631649329,0.7114642176062083,0.8895402175495293,0.7989405116643847,0.7108379309075731,0.8100504459002502,0.8405354812270834,0.7143774778528499,0.8822084149185728,0.8448190523714421,0.8864054134783115,0.7880633706242761,0.8497470970456382,0.7557027307316146,0.7240550866521753,0.9135954346726491,0.6705419402688263,0.8527005463390974,0.6855503061111681,0.6923675172069813,0.7917583733228363,0.8396346815480716,0.8266640641186264,0.7258255458929627,0.8513603609184058,0.8282664296920896,0.7048523650017567,0.8335605854889152,0.859756109083748,0.9005386586211875,0.8201365271292156,0.8162031526686444,0.8120321624141194,0.7213852921622467,0.7944671391492969,0.949047416084027,0.7683079672033162,0.8773474976814909,0.8781708782333144,0.7829263452009964,0.857051598763793,0.8749446211707448,0.6950225489713067,0.8367053949893583,0.8434643074486949,0.7375610380069825,0.7825131787634934,0.7634586394362067,0.8162351732843873,0.7969785862478871,0.8963409565078716,0.7964867664780819,0.8572669817840903,0.6600079267743676,0.8333851510661263,0.7969697610215466,0.7455615303819119,0.6950837141554717,0.7680474474084252,0.7834382743977951,0.7597205679116686,0.7715699932727317,0.8358211598338883,0.7354441973908807,0.8932516854861552,0.8982106473239104,0.7012962238730684,0.9006654520773328,0.8154348004237093,0.7717830112064402,0.8208749617097557,0.8545832126090872,0.7442476562851911,0.9052759494559938,0.7813284760196696,0.6886655153068812,0.7134979433921778,0.8105428282169522,0.9058717706378706,0.7584705542682267,0.8872343754816677,0.6920926387551112,0.7955330144351971,0.8624277462420891,0.7236929098538044,0.8485186122695044,0.8840412301484643,0.7857719588333922,0.8281281830776284,0.847777610456149,0.7292410844703597,0.801216065688359,0.7238740924681105,0.7460048847199684,0.7247659021502041,0.8524981765002464,0.8496493698734572,0.7968980767899195,0.7796892248865985,0.8770586969810183,0.7336204485301642,0.8243407503349441,0.825894635311137,0.8352470419999386,0.7026068524224633,0.8272861642957232,0.8372663317145533,0.7299150584755082,0.69830732203185,0.8724946662503466,0.845937974078646,0.8427231893399798,0.9316654974716242,0.7990961987323751,0.8348377773101727,0.8163162863541727,0.8313474120236793,0.887481338128339,0.8152732615686493
0.7873074223172889,0.8400798499281535,0.7753740668297743,0.8630152016803874,0.8687115648837223,0.7657903474745649,0.0,0.718300801425576,0.7475913471407908,0.779029757027739,0.7985665931312027,0.8260160250256426,0.742250869262345,0.7577417747907003,0.8933601847306132,0.7252188970917387,0.7523049708155561,0.8093883739164016,0.783051896093754,0.7069816791616373,0.8026654647351046,0.8263621937435061,0.8162536931973499,0.8319884221441789,0.8145191535142783,0.7645608863238991,0.7487438669705432,0.7351777452009743,0.7785613654989165,0.7322887997763644,0.8213733670913991,0.7619113108284793,0.8925623524322385,0.7489945796789771,0.827143989414557,0.7950835647368685,0.7667927540859604,0.7350255389384331,0.7606304399000451,0.8581676756008227,0.8478352646708163,0.8066518092574285,0.7489390317589243,0.8693118433019483,0.776231466762461,0.74735528756867,0.8187408202863059,0.7746939299067531,0.8800170837568935,0.7506164320648044,0.8544333078193073,0.8044821405425412,0.7441932053042958,0.8504258536821941,0.8186716376637959,0.7637375048164159,0.7440649802669272,0.7783889308115354,0.8378481901169933,0.7366180206377,0.7044907713489172,0.630317454333999,0.757093488555446,0.7072611310487102,0.7452160943819319,0.6780987833151862,0.749104294631932,0.785052524464497,0.736761011433478,0.7350051133104479,0.7810160079444226,0.7422841279619055,0.7207578764791103,0.8097762958270206,0.7155353517680854,0.7435714526481669,0.7327814109974131,0.8875244068204008,0.6807111314950793,0.6280921392851676,0.7368743206528829,0.8066909284042165,0.8337656395598295,0.6865356755449498,0.727506094095964,0.7754347408046305,0.6810933788688065,0.7803831466019856,0.7460925406254848,0.7335231357997514,0.8490005483790193,0.8851996952226099,0.8284425801221736,0.7128315782932667,0.8238314684275467,0.8471836005029872,0.659138762258384,0.807386006222225,0.6946089194759199,0.7982102753694859,0.732952622441536,0.6526545071106393,0.8070423905255801,0.8198049394461596,0.74698407053239,0.7065874823902831,0.6774799003465217,0.7476460067402289,0.8513171939612973,0.7710053637848587,0.8725556229853579,0.7568596876303956,0.7285662138885127,0.6722047077227006,0.7482584726567798,0.7707876068691775,0.7649473809547093,0.7543545822882425,0.8085220494057294,0.7318764947719982,0.746945783255432,0.6805525107462302,0.6888552678309213,0.8755912603074246,0.6944715277027492,0.8155441196134292,0.6723569971476655,0.7460988024228912,0.7753770898478822,0.7895789326587893,0.7173573565922022,0.6803920139769921,0.6186305024893656,0.7559786988659427,0.7365055831016457,0.7288853153153406,0.729762220499036,0.8675538190614297,0.7695081837211184,0.7566807049021738,0.8406449856551987,0.7188991094265859,0.8569164137763406,0.772501627536428,0.7869274008498092,0.8216426189770539,0.8259326795376674,0.7673602107230116,0.7604795163615732,0.5875385868168657,0.7621646494635932,0.8356824541810822,0.7353088069141108,0.7971230782866793,0.8328386672591136,0.7365034735584405,0.7171832834610106,0.8266154745038181,0.8556374386884902,0.7570079597130099,0.8013654168438497,0.7500772525179907,0.8549688918022182,0.7887590139559851
0.7862380627612313,0.8054486344575185,0.8643768570608165,0.8112859116626486,0.7037508374931413,0.8463355964671497,0.718300801425576,0.0,0.7976615454114029,0.778305179653671,0.8597480423968084,0.8725938088620311,0.8581026073161169,0.7211262410633399,0.8041732786516944,0.8914849410366384,0.8200667557601953,0.794590766412148,0.8340214001999942,0.7897122481777283,0.8432395834002238,0.8313159508650765,0.7238744712415424,0.7715819575406229,0.8373884627366922,0.8096817293985229,0.8151871531839133,0.8259012846829412,0.7305613349894249,0.7983475342828321,0.8702130459907784,0.8727085365995294,0.8199480817464314,0.8049013931991553,0.7505565535063473,0.8200197687324117,0.8327903777969856,0.8630284783281217,0.8485343017701489,0.7626561055280033,0.7801939203584553,0.760052459771888,0.8521481395643434,0.7776959873890497,0.9233498942895113,0.8565795786766683,0.7067296832805494,0.8059641926815754,0.7831007836023184,0.7937929795685695,0.8511182944650307,0.782795982012627,0.6865226238440124,0.8496996278082943,0.8615246166695151,0.7279699955958666,0.8142533046301059,0.9197924441280808,0.7280888163416428,0.8050838032198975,0.8960053197541274,0.7198304769196329,0.8881293201482526,0.6965977241110232,0.6936017222656546,0.8040924679676459,0.7953983446826733,0.7824562209821116,0.821866412568576,0.9407572047277044,0.8230021336902672,0.7002419365779804,0.7395646868438578,0.893447257232383,0.9096542172802893,0.7217935041136427,0.8919503552117999,0.7759175361023207,0.8415762147684087,0.6207960546444485,0.7579274278902168,0.7944554882062173,0.8206043735037856,0.8582520577123072,0.7813826318759776,0.8882202697200561,0.8708136839318175,0.7845413363300373,0.8975165666588283,0.7992666416522315,0.788331701862877,0.746601185264983,0.7979318582031545,0.745440889777533,0.7324238664963139,0.8163814200951394,0.8378550691010779,0.7849603543268823,0.6190774639320957,0.8271974032183543,0.7383086060967357,0.9154555994727555,0.7383016477914595,0.7668281409406444,0.8466906111060809,0.8505319973761317,0.8696958314926729,0.7809618933575347,0.7878816700708201,0.7577627874303132,0.8140205258304293,0.7537020818774878,0.7603064503654433,0.8935999544964272,0.8098615148552787,0.7972144736395084,0.747872876749874,0.7788309361333233,0.7745263895626218,0.7277698606104496,0.6995530352252814,0.8556599498742812,0.6892311183056793,0.8390033905239539,0.6309556779244567,0.85981499404956,0.701162876660492,0.911939182346558,0.8148011287805982,0.7905098619387262,0.8012856187878573,0.8804610957229173,0.7685043493930735,0.7460546438028044,0.8186372935766206,0.6604478946109142,0.7739805950818586,0.7456361671989012,0.8229310522586691,0.8726559416656926,0.7896650640172724,0.7698509457214816,0.7690144122995817,0.8064241300611764,0.8113794785386512,0.7514879621403827,0.8466115516820516,0.8372624981296601,0.8085075838173473,0.6772104088656673,0.8351103195707419,0.7296166122728638,0.7949544303154171,0.7546643107832153,0.8601983546048304,0.8472345016866943,0.7665295107941695,0.8605581003787407,0.7003857068705708,0.7697943487573146,0.7213555146023568,0.6864122406154636,0.8806700923361109,0.7461753289154853
0.8860568702276574,0.7934678996546044,0.7230122976875929,0.7271470958380502,0.7624804307761607,0.7878310423267966,0.7475913471407908,0.7976615454114029,0.0,0.6697054554224852,0.8109037865081317,0.7599508128133826,0.7973618125092351,0.779432044625995,0.8199122836904549,0.7577167972734499,0.7298152692010109,0.8302831311798069,0.7518358984952626,0.814361312561686,0.7619759442887555,0.8298634853454186,0.6730512323603207,0.7755512272298258,0.7735121283834484,0.7289451499511334,0.7300416873885566,0.7402402238379711,0.6703906449745456,0.8137862303243752,0.8768410131061737,0.7757921938959055,0.7562396568403406,0.7101173548457982,0.8461340638192224,0.7320847252232101,0.8247737168601038,0.8237236452907069,0.7829009006832048,0.7334010353500007,0.7138399102570665,0.8302712878678726,0.7522761179457935,0.7946502407601523,0.7954500966606972,0.7487607712302293,0.7118388193091754,0.7773387308984816,0.7801121405490631,0.7746025246282059,0.7918019872066927,0.7536773970078756,0.7407528463824418,0.7612910954596397,0.7411612328853536,0.8138510115771481,0.8149499753248454,0.77404901160053,0.7259698115474735,0.750072633375917,0.7774959370425666,0.6867457151399909,0.7872814425213294,0.6944476214963475,0.7927543230368052,0.7556996976946049,0.7964256438192663,0.8218293267000447,0.7313540656163839,0.8268671602169526,0.8857643301240602,0.7682520711349922,0.7808106316494662,0.7796938492931786,0.7942826547794901,0.7859389017441318,0.7494749622552352,0.7327557564392495,0.717223906842109,0.6688503136046886,0.7295874735940896,0.871723715905284,0.8606947323339809,0.7577976932503071,0.7499823170070932,0.8508726677830539,0.8134765439588143,0.7807368722507525,0.7762067676778667,0.877569289044695,0.7912804736392982,0.7947078574524966,0.748296781719427,0.7943358933523028,0.821715238710324,0.7873815244822979,0.7741482144788683,0.7275726872978514,0.7280166005469138,0.757108176542254,0.7864464606101266,0.7067248930968903,0.6743039101013638,0.6671261942686865,0.8201270721861693,0.7294899156144792,0.6712664679034521,0.7129578549585311,0.7122852107223205,0.7569738608597847,0.7677313839664319,0.7726557830532597,0.7749952817098741,0.7915110121099754,0.7599698044118636,0.789425446914597,0.7309864563759867,0.7204872195827704,0.6867094784935595,0.7648810175596874,0.8036737273778723,0.7115853213741424,0.7322400541387802,0.8376802404429555,0.8010451433087091,0.735864282304593,0.6794442306143432,0.7924087148088228,0.6852834785541502,0.7804972529451009,0.8271632701070111,0.7776542148348946,0.7756750916734112,0.8784416818441076,0.7978743831073415,0.784406239769816,0.7827591190462776,0.7786684496641284,0.7196134247415858,0.7919445018683018,0.7529490833624496,0.7673405523966871,0.8244398743065087,0.7721439597923613,0.7939786368574401,0.7537653599641537,0.9105152874633131,0.687485711655744,0.719274515711654,0.6204606850165039,0.8598490100661161,0.7359617166795187,0.768910205895916,0.67789692500709,0.7338696747792832,0.8528991888626585,0.7920507056256855,0.7720325865977163,0.7670667824680084,0.7560205007976343,0.6469671594888808,0.8020404971502781,0.8538899941628383,0.8696832595334135
0.707159344821345,0.887251760176596,0.9261948448945494,0.7278059500187946,0.7048736706121074,0.833257046321818,0.779029757027739,0.778305179653671,0.6697054554224852,0.0,0.8395671234640193,0.8693970317591957,0.7952408745934731,0.7222618113971466,0.7442650026673023,0.8429738938744075,0.7948233113062018,0.7255225846520788,0.787273554756501,0.7267790865662098,0.792426931063681,0.8425676923896693,0.7405577037878142,0.7671327226971296,0.8990605692130071,0.6779697715461722,0.7460514788259592,0.7655933035558871,0.9361790872567782,0.7356833225032929,0.7762588156661362,0.8575282829416248,0.756587561211154,0.7325528642124589,0.7295189778866299,0.7680650493163083,0.774146062856488,0.7464744797805928,0.7595698708097367,0.7508465758268005,0.746414558750914,0.7898849377274031,0.7276549966832915,0.7784225645988118,0.7891231779313506,0.6949580121453726,0.7384588919640386,0.8162702407456195,0.8191862778544337,0.6772454152448689,0.719046217672065,0.6920142067897342,0.6468457785904783,0.8140466734909002,0.8602137572458354,0.7537569568507564,0.6771278171307279,0.801092012659507,0.7978660389350835,0.6817664632124395,0.7699204287121194,0.5944842562195356,0.7102780127998146,0.7263656152667486,0.6130284662154268,0.6559271093503488,0.710076499181241,0.743313330171866,0.7891555701040066,0.7706930690992705,0.6824633386314874,0.6758328604250168,0.6707840668522884,0.7821717513690917,0.799671797554054,0.7139750242431155,0.7431728823803776,0.8445372963173554,0.6493317770343594,0.6378492172469842,0.8037245713988306,0.639159800256554,0.8292237246366326,0.7627690899677884,0.6533543805339531,0.7633121588240079,0.7162285227121671,0.6746195927976,0.7696856636821271,0.6996429512761527,0.6796081260040873,0.7166200678945577,0.801689677578038,0.6557800506930869,0.6713191005032129,0.8831919665825109,0.6704918780188172,0.798647582355449,0.5948072030786908,0.7223905534769469,0.7255604975494616,0.7161448500050143,0.6549137504258545,0.8632712850681734,0.6734447601987027,0.7055075622078358,0.7326501493594563,0.8345405589135186,0.7659535019575523,0.8253220257360079,0.7983830560037996,0.629200885300766,0.7094376046881968,0.7654561021142978,0.6637521501565933,0.7027850526908946,0.7678455722182095,0.8630005744782416,0.8465687483027358,0.6678840252697927,0.631723825101282,0.6324223273207096,0.67712029803633,0.7835585045054869,0.6335203344099047,0.9135278908167257,0.600244205032143,0.7585614508851337,0.8782581943000046,0.7365793118814353,0.8115060419012871,0.7553795909477637,0.6399824774968943,0.6404781611570288,0.7772476053801979,0.670381934326449,0.7755361555675083,0.7074967878638032,0.8141902131323189,0.7319599563487843,0.7937795073247708,0.8016103511641192,0.7017680770680411,0.7491472410089227,0.819942983840003,0.6974955827385544,0.7330350394540441,0.8878072595436026,0.9254050601051707,0.6989610044802527,0.6758750705077613,0.8384837615252314,0.7106916975030142,0.8333653329111244,0.8551172491503254,0.7342316905948011,0.731288844490245,0.8321697402350139,0.7092238006099056,0.6854708778926074,0.880268745401956,0.692254471952573,0.8563901946789221,0.6702766568764507
0.8977891418625161,0.8977474099533281,0.9078860705522597,0.8189031904406967,0.7764583947143543,0.9099352941977149,0.7985665931312027,0.8597480423968084,0.8109037865081317,0.8395671234640193,0.0,0.8691853781691657,0.9285702023851019,0.8164523917821493,0.8403170672088078,0.9245028242463889,0.8830732274305602,0.8764178493970016,0.8614120001863368,0.8805429265454597,0.9062213549066995,0.9378230101341036,0.7413254904815327,0.8927675026771822,0.9336435601993597,0.8274463238431423,0.7642467863302416,0.8785258960578571,0.8497959530390374,0.7643146505227376,0.8723375429664199,0.9060211592230349,0.8223123169394712,0.8038854585646098,0.8745418535093031,0.8024920272215809,0.9257424852182242,0.89296383036099,0.8502300158863222,0.8482934452962495,0.7988384944572104,0.865114782812113,0.8398625072769774,0.913154400331422,0.8872957346894365,0.7953357751293998,0.720826343469565,0.9586852990892267,0.9023317579215204,0.7882212712514666,0.8539539416739147,0.8299260251981849,0.727691786848831,0.9008391574927239,0.9021772183289174,0.8011262935909302,0.860051992634306,0.8627183189480602,0.8459493077892111,0.7599319252282959,0.913239853722158,0.646903479148327,0.8880642056231853,0.7526140509002853,0.7607673825062563,0.82996270191028,0.8653377047615124,0.8698656748011477,0.8430143853889129,0.908864861311533,0.8786514420208733,0.7858134506635146,0.8413049302929788,0.9113315220705648,0.9132188209219001,0.8242952790883703,0.8668913322740521,0.8454589288438713,0.7774748128545667,0.74896645596922,0.8979846353877505,0.7922851261348288,0.8866230037374817,0.8982190179545881,0.8046760664219401,0.8981477595152251,0.8845385592103548,0.7636100521339498,0.8275278652268397,0.8156982734191496,0.7950154096425373,0.7462194533292134,0.839456256776117,0.8378841480862653,0.8387300541632727,0.8927274022040897,0.7959912797404299,0.8147245205512773,0.6654565291774881,0.8123371263112825,0.8438177427092439,0.7945007791624371,0.7134389863671381,0.7855754893720541,0.8191209585372531,0.7953929339085626,0.7900143749857864,0.8569880481299804,0.7952845824455769,0.9065898559252886,0.9083429147172106,0.7738965845714821,0.8634109055315115,0.8522043666031681,0.8132654151371326,0.8249143522397132,0.8324772456660752,0.8566528745928346,0.8930961244363455,0.7425685654022913,0.7888746236853308,0.712744702130215,0.8140549171885847,0.921065162832312,0.786312421160494,0.9109342219622212,0.6563700659128996,0.8216807527145784,0.8678004762577322,0.8428915882071699,0.8068181824428563,0.8885280732220455,0.8148831562871309,0.824467756207005,0.9290284127510506,0.8141612622220017,0.8563536543197041,0.8179806606390712,0.8718936096096441,0.8074957396358241,0.8747143060658209,0.8557385713871236,0.7916265890947344,0.8138210654403425,0.9450972260131596,0.7685321625823976,0.8542834747429116,0.8241814898162775,0.881222922484436,0.6867797689601941,0.8832545128512695,0.843463295166453,0.8198902028315654,0.7417748327174025,0.8806373890173629,0.9066952749529404,0.9014382624090713,0.8974379841133951,0.8362594317253786,0.8334688530672988,0.8340235615930851,0.8288939292913392,0.892003902898134,0.8882382108106361
0.7725260875062296,0.9036258101393572,0.9076223140681272,0.8311425613754864,0.8103340886271424,0.8637390393139948,0.8260160250256426,0.8725938088620311,0.7599508128133826,0.8693970317591957,0.8691853781691657,0.0,0.7836234693148171,0.7049497462471132,0.8505521832968669,0.8645040369573576,0.8498835016990854,0.7758945044080585,0.9446459461596858,0.7890911080498012,0.9125924115873134,0.8705870469219164,0.803382848919809,0.8390777844983421,0.9026554493043951,0.750691714234285,0.7582687660576455,0.8161315072247846,0.8456560542364018,0.8257487557626592,0.8955748991187739,0.8691271269751959,0.8638783322863831,0.8355139018541928,0.8033430667506356,0.881665851109782,0.7820772680688247,0.8285985313381549,0.8879242818887131,0.78727352118425,0.8922082396812872,0.8169673680145719,0.8310274230043158,0.8638749756299168,0.8688166496408357,0.8007441047532665,0.796451576521553,0.8289960788695773,0.8528150015335421,0.8028527050878338,0.8545681048934325,0.8226262393129051,0.7349824194670971,0.9163109107174008,0.9119860191210797,0.7516289583102811,0.8065759972905067,0.9399051546246857,0.7812528851507384,0.7896670512648866,0.7974045587996323,0.6574462865186904,0.8392295101469799,0.753154521844211,0.7127487644768945,0.7263491882684169,0.7164569863072947,0.732613238723895,0.779151612401391,0.8242556851889966,0.764143829431211,0.7120019295573902,0.7056760624226742,0.8491118498436234,0.8649783401180677,0.7209217431619542,0.7829094548339767,0.8587821368206664,0.7756499067121246,0.6210586915036217,0.792753695776063,0.7830148643143968,0.8519787947991484,0.7824774697103287,0.7759475995276768,0.870719980483733,0.7544789876780271,0.7362852142629587,0.8241109110278803,0.7482515769313187,0.8047858470015625,0.837719069624258,0.8885866937120913,0.7356261523402551,0.7360372655615967,0.8851721733596635,0.7735999111905606,0.8814411666817971,0.6543296137145983,0.7864404493810274,0.7341389830225636,0.7774126069065637,0.7673578372944252,0.9097292291913617,0.8004502046584345,0.7902843235007672,0.8231154602457603,0.8390681135284432,0.8316237746615555,0.8159779114777486,0.9068365883015285,0.7636974755076017,0.7155503814618082,0.7888786254561277,0.7706169869029196,0.7841157072775041,0.8256357347000485,0.8522944640776402,0.860797487795451,0.705123899672125,0.7231070965535288,0.7319376021652989,0.7117973491993539,0.867719815635122,0.6541104595397337,0.9251310569128336,0.6694718207688306,0.8450897687279005,0.9098459137354653,0.7626967790065277,0.8124918461865525,0.8205511359421843,0.6490386764277193,0.7536562091240749,0.8304237677690175,0.6985223342765449,0.8134113273805517,0.789890110553303,0.8392297585251498,0.8798296127411028,0.8123961308249065,0.7907604807535534,0.8105892984553669,0.8447435002555391,0.841528000239055,0.7766973065250247,0.8829786184350537,0.8512887445421209,0.9055703550413976,0.7171180463879497,0.7978923686099518,0.8610601321291358,0.8285730013226572,0.810288950123001,0.9578768395258551,0.7686731843761421,0.727665522524595,0.8742911913028805,0.7349445845734554,0.7198480922848354,0.7700625929714349,0.728683495047811,0.9424259586457755,0.7569315820468376
