0,1,2,3,4,5,6,7,8,9,10,11,12,13,14,15,16,17,18,19,20,21,22,23,24,25,26,27,28,29,30,31,32,33,34,35,36,37,38,39,40,41,42,43,44,45,46,47,48,49,50,51,52,53,54,55,56,57,58,59,60,61,62,63,64,65,66,67,68,69,70,71,72,73,74,75,76,77,78,79,80,81,82,83,84,85,86,87,88,89,90,91,92,93,94,95,96,97,98,99,100,101,102,103,104,105,106,107,108,109,110,111,112,113,114,115,116,117,118,119,120,121,122,123,124,125,126,127,128,129,130,131,132,133,134,135,136,137,138,139,140,141,142,143,144,145,146,147,148,149,150,151,152,153,154,155,156,157,158,159,160,161,162,163
0.0,0.3407322392302075,0.2810522574998317,0.28830707418807255,0.24393956769676317,0.312973103931948,0.27871751611045076,0.3082887485424888,0.3252264000149075,0.32176873156334185,0.3436457147659387,0.28439269663824895,0.42936197616847915,0.2740493862308416,0.30607239475415454,0.3231154064714356,0.327476208993782,0.4154607990659676,0.3144589848785803,0.49579532030130496,0.31245131445759217,0.32898413377348834,0.2723560814324565,0.31054302041968873,0.40553546056783046,0.25322843235938186,0.23794883126751437,0.2998431819769186,0.28660238286929535,0.24947823875991498,0.33548600271975676,0.3397883052939659,0.2964313297235149,0.26680443908991097,0.37657494482750237,0.2603239265812078,0.412631755053801,0.32227288354155353,0.2578376037989989,0.3429786077032988,0.27286050182261673,0.30780560140630103,0.33705418353842964,0.3479771129750416,0.3263491452488167,0.3551895080041244,0.2539588288520765,0.31852677422170356,0.36416743481093683,0.34361050586725816,0.3378490676804481,0.3233678369378724,0.2719571280617336,0.3125306341666757,0.293570302951713,0.31101592019436375,0.42958994213002866,0.28771144069266574,0.3134044703446442,0.3101586383901266,0.32944459477168403,0.22553675284246227,0.32394029557960446,0.2421695520773846,0.30666769808292055,0.3578907379011059,0.3235012444381488,0.3338815071205878,0.2892342177872795,0.3616592560037739,0.4229062108382554,0.3140563802701926,0.31098345796688853,0.33562956704903646,0.33039206650493264,0.34128335204747157,0.2632160108725581,0.256263592542701,0.29845638335500935,0.24051553361936534,0.29516860551878366,0.3409211799586528,0.30541833387068057,0.30511451426086156,0.30846227240980423,0.34530312664810375,0.3391620611972702,0.3220163400475313,0.3170773056068243,0.28104425212664297,0.3204445122369732,0.287013775326374,0.31313570330573265,0.3708998575953839,0.3238585075935797,0.32844525401335734,0.2502710676161667,0.28359574771489204,0.22947916198458246,0.3142284630062393,0.2890828758327122,0.29531774644524816,0.2574106467699299,0.28174753880723724,0.3231450929034282,0.3085451023773459,0.3012583341246533,0.33301454031637967,0.3105739025542865,0.3221395443066132,0.32084269893218686,0.3106451324038711,0.3192437736431087,0.2561430950152695,0.3087927443947227,0.31370174775475496,0.33853761568125873,0.3230318501966303,0.2972129801466838,0.24214320221973473,0.2878310634732125,0.2462658167293523,0.32322434651373033,0.3597081123903168,0.29318084394250554,0.3142955415990614,0.2266997968232077,0.24874220578108494,0.27790859365829257,0.34355579165065186,0.2626878781487183,0.2862769305372796,0.28032125082002063,0.30101417415612725,0.3390146411712424,0.31346111347235395,0.35305211457294894,0.31742855074264636,0.3093045782086436,0.3352206329429862,0.3012889698300341,0.29271459641607267,0.33627528871125706,0.2566648674394093,0.3361599211194952,0.3092480759209384,0.28352643131911703,0.2595947421115775,0.3781901091527107,0.18504092280378168,0.41079994199184156,0.307501355243982,0.33361470335146254,0.23547974923611947,0.3162049213342135,0.40009459950611426,0.293911737597326,0.2976057474806723,0.3322377997376044,0.28678387359648033,0.260250406857693,0.38858469808286467,0.23036443751865143,0.407005966250083
0.3407322392302075,0.0,0.3086392374788528,0.32545223518287975,0.21857615627759092,0.37817197245052336,0.2807153021874129,0.4161358864243408,0.3233242557555353,0.3965833165331128,0.2963026778463783,0.3278491352987425,0.35340218192498796,0.33867177876606963,0.31039771766946556,0.3224659369247966,0.3133304607529683,0.314254362288531,0.3154506482937513,0.35415736262173286,0.309938451548528,0.36739226170946976,0.2667434130747207,0.2914372172915455,0.36565488739234137,0.2650798335687286,0.26252368292522404,0.30029986207743725,0.4029313379321809,0.2476840753255154,0.3796070565387728,0.34960099859386,0.41033134789419823,0.2725719881887462,0.32779366876085886,0.28803745078106424,0.32572474378220184,0.3541215683599735,0.29077981796427277,0.32403130178402473,0.32866991042429766,0.3125973780147694,0.25570175473910584,0.3013370723371506,0.4284526713019372,0.31241257513646636,0.2701486938925892,0.25263258756207,0.31003852764776474,0.3064084462112851,0.30869385805552674,0.3169799653077435,0.3117941857826801,0.3929126173023996,0.3344735107629753,0.36576152073903917,0.3404075440900046,0.2943053164670471,0.3117975900214229,0.3437178379872034,0.3715651784479352,0.2339454144381327,0.28147122231687577,0.23507557129550538,0.2649196598250354,0.30526864800038994,0.32491527432578027,0.2985910218569341,0.272696685701956,0.3676777750976041,0.34394913760253293,0.32335297487264064,0.2668338188849966,0.33670096773707237,0.3686415936619295,0.30257542983700425,0.2709509938275415,0.30644718442917085,0.30627133644872057,0.240395543304911,0.2753622975539797,0.30929662838981226,0.3874994065130822,0.3150056533217048,0.3013604529671812,0.4674057022277503,0.3040526606282571,0.27614950054479737,0.31257126234430016,0.3730624637735044,0.27152073515030273,0.3139443680930303,0.3139892961365208,0.33492100643309514,0.32857640887848527,0.41505829453954773,0.3078735726680029,0.3256259281791569,0.2293862041399177,0.34635731254492597,0.3066677641604885,0.2733673078421398,0.2313723562733213,0.3046524576570213,0.3093154375636465,0.3128651312020402,0.286167337656764,0.36065864094569117,0.31916962247707875,0.31595184736298754,0.2932860806815411,0.275778627181871,0.301680066481018,0.2788850087260996,0.3489551575666065,0.40940808177259436,0.3239354374251091,0.25406132399602993,0.28058982585442493,0.266648114809333,0.2943306809818035,0.28639391409823023,0.30057067234693724,0.37162930222101553,0.2808047300864903,0.4342088237129637,0.258329219374118,0.3309954951924732,0.3548176946110924,0.3263300145192992,0.33396579245417357,0.3012814806912191,0.2930003625497191,0.33826781677315504,0.3040844541484649,0.26442255659265307,0.3109658547339715,0.32239042138068635,0.31351505197624385,0.2977053135702875,0.3230540713968003,0.3353328610751792,0.3754825731794403,0.2765935872887809,0.34790607933475076,0.28389945294593827,0.32160654431623314,0.2909878025448046,0.4078188608367382,0.2052131974997176,0.30327668087085924,0.32560685878393636,0.2830709035577915,0.2806607152843779,0.3221350898977446,0.3696164236454289,0.2852796014627996,0.3484963321723554,0.3037507940012085,0.2867625847287084,0.28420072480140934,0.3687909780307737,0.24481717750962254,0.29881147292420296
0.2810522574998317,0.3086392374788528,0.0,0.2961968733624264,0.27606458481935714,0.30496942407308797,0.2759691021346748,0.329661516817898,0.2549065304466205,0.3890087540318303,0.307467389291857,0.2784383893691133,0.32535661236485475,0.2457216348037603,0.2721648821349769,0.39372531474084427,0.36265554146377676,0.3049954615491318,0.259857117219939,0.24793239500894634,0.3794686870274203,0.3948797138237254,0.25185920502050396,0.29043294350482496,0.3073122559639229,0.31144498249538977,0.2311889721417248,0.27005654605462825,0.27542837131798564,0.25953405762569237,0.2475703110213939,0.2999842327149071,0.269113033678031,0.23269090498892306,0.23532766619262324,0.23997747112938,0.2952633424600174,0.27891001120328124,0.2380592780669556,0.3246764508267042,0.2673520921298443,0.3542217329869889,0.2763906408490471,0.27885513518203625,0.29883376547486457,0.28378252425879585,0.2761439619896268,0.27136388951425605,0.29114464017235564,0.2577971744104627,0.30023252753550905,0.35327216578334425,0.2161188826155411,0.32651140280612373,0.26749930319786497,0.2732213241184395,0.2796845032955992,0.32897344769167824,0.27687671493548816,0.24777741038411918,0.27125078649525924,0.21362692272639225,0.32861543187238557,0.21608849140120884,0.23911306427453238,0.26853970785947445,0.2579443550897707,0.33163877656909413,0.2955548951473528,0.343623568842928,0.3299299706408005,0.23274581855116447,0.24934247187250005,0.40723097578227563,0.31282186756542935,0.21127579561322193,0.3177490259832671,0.3103184897204044,0.24248521406165927,0.21826373693074158,0.29501729017325556,0.29152132198942954,0.33705729799898604,0.2561660693687094,0.26608498116340207,0.33474925109236864,0.24819481377179162,0.22298914724920046,0.25158560185264345,0.2345313716042887,0.30720770342674636,0.23147823361077693,0.26241182646021455,0.22195264578763566,0.29227780307506734,0.28542798185242557,0.22711170968682226,0.2920749740093625,0.19702805852089705,0.2804224984018105,0.20028904710480397,0.2945935486341907,0.22429914579353455,0.29573515130919753,0.2461107145040477,0.3480692731887571,0.2773085844125916,0.31125115824078964,0.28191334873064106,0.30916068592772405,0.28857319167543927,0.2390553618285418,0.2561077953655505,0.24383603874978138,0.24473634018337118,0.36124765148176013,0.24866783361356998,0.28093241818482956,0.32610091610421055,0.2530511134817205,0.28461126946003046,0.2499556312010388,0.23073609035561835,0.33575149998830517,0.19877665533602185,0.310221894013434,0.23531053907588903,0.2786782860783272,0.304412866188576,0.2779995389792947,0.27683452205830583,0.42181958647964546,0.21147587543992882,0.22894001412596027,0.25589635216089107,0.22862270278850114,0.23304597411496783,0.25553318522734547,0.28300329490587645,0.2530328588867969,0.23729880640742917,0.267574828094359,0.2798975300461208,0.24914444226198565,0.27111600627016247,0.23997273190314283,0.31110145692722907,0.29047177522777967,0.33761333317463654,0.19883688585496176,0.23228936488971416,0.22999424432924667,0.26621036118280683,0.3182962266573083,0.33256638258223226,0.2834919667738056,0.2643538521810147,0.3823386163481553,0.2104818995817474,0.26574988749152356,0.3080298552343268,0.22700589529818327,0.2517885269436752,0.2999102501238686
0.28830707418807255,0.32545223518287975,0.2961968733624264,0.0,0.2491462744583166,0.2518776608648374,0.34207170176179136,0.3559986003277202,0.2649653091595402,0.36575106560656145,0.3131974855231591,0.30176026836824077,0.2992655832701313,0.294700918922613,0.32343359800850957,0.29937233086768217,0.34592760699674857,0.3455990887134462,0.3201610471306716,0.28035639302659143,0.36699017600522954,0.2959303598412007,0.33681954424339977,0.2686283052022172,0.343025150753386,0.31031437045024335,0.3165305668706846,0.30589870978466305,0.30503623923418544,0.23073479187248694,0.29747669523627884,0.30075956856689545,0.37381379667319603,0.29743344476947187,0.2803301405099034,0.3123554351019506,0.30399828171575377,0.33583501056853343,0.31469121717170645,0.409142036177378,0.3129546935413209,0.3152068064660092,0.2954008808165522,0.29333890464916607,0.3381857178119181,0.3526977227572659,0.21691284593854335,0.2598440247444327,0.3515132820923404,0.29993823691809446,0.39154307267342314,0.31027709028394823,0.3059480834999229,0.41911386378564114,0.34932855840076843,0.2746920738582064,0.37130982599309453,0.32185916329139147,0.367628501801516,0.3434072134641789,0.3640803794451195,0.2466154411796258,0.30916060107393545,0.25348333475338397,0.31812664926095857,0.3392898414982987,0.38321564694322807,0.2472658657955202,0.3231500093471,0.3493821724196781,0.3005989449651034,0.30284627579741513,0.2999401506875583,0.45948487528405313,0.33161300844139047,0.2606818794557862,0.3951838425332816,0.34567729916821865,0.3139270967002733,0.21691547136652986,0.27308030255829535,0.3813477872470591,0.28187946058451563,0.27274210249142955,0.4193091990299501,0.3137031771922978,0.3410422667485185,0.3296091691881674,0.3145453258434427,0.27422335751110316,0.3320029589956495,0.30337947047666725,0.30081276884298086,0.2863036445227169,0.4183509553811156,0.276619584466954,0.26781057329192903,0.3083321815567176,0.2557297090641899,0.3411165619177755,0.2785537296644048,0.4140433635032021,0.3327556844589419,0.29105626398152185,0.3133276077252557,0.30317212211636707,0.3428426909780633,0.31919526678924215,0.3378085056672498,0.2803586094616456,0.3455236028568589,0.33719547780951437,0.32152507879720355,0.3670463457160732,0.3158977654889849,0.3033448458340353,0.32020674247856795,0.27888110840049385,0.3003292492009605,0.30560488818332054,0.30910853128734367,0.3563379482294236,0.27641866596177805,0.3288157738379596,0.24362293256905185,0.3011754170027171,0.30068877683357437,0.30147356775959555,0.34055537345583775,0.36500859253019274,0.26148656357314504,0.3199179608270496,0.3044607399583317,0.3011714673095982,0.3056873907240884,0.2402993300477409,0.2119348279962869,0.33325134556426195,0.366750913777461,0.33795921921652466,0.31391916463334946,0.30160616213833813,0.42360362689722725,0.32718861521803627,0.32158205286411895,0.2937467400574466,0.2831168696773914,0.31200503938372354,0.3115663240236756,0.21503502086620346,0.3320610633239886,0.34117401869652514,0.3636619329395311,0.2871541132537625,0.36758363243155623,0.3298654147061845,0.2648775030201298,0.3088320703396427,0.32629174996705856,0.30838341614140585,0.33199085460546135,0.2909960742040855,0.3516715949349593,0.3068244822048942
0.24393956769676317,0.21857615627759092,0.27606458481935714,0.2491462744583166,0.0,0.201191298649377,0.28889940462299346,0.2227520123805302,0.2322445885475288,0.2323815967103137,0.2654509096900235,0.2493414406855618,0.21332111135805856,0.20277233311912227,0.28032743733419957,0.26156754698614304,0.25038468716552886,0.2648823656990261,0.22101025040568967,0.2199211514324618,0.2868283212809602,0.287125756879515,0.2652588041042711,0.24641897245080427,0.23194370011546253,0.24463705596473215,0.2288438456893224,0.19355997322442683,0.21191426949607547,0.25926721720622325,0.2435296979856194,0.21231245003369134,0.23711848189002965,0.19690322964598247,0.24814332440811535,0.2509355150700816,0.24557014065764732,0.24205231096897112,0.27841741327965336,0.24647110468750316,0.24772875558011942,0.27417992200954167,0.2807906768880753,0.2815832464601434,0.21796987799921483,0.2373454307960756,0.25151251335427227,0.26414138083302735,0.2667706497439582,0.27443415274183663,0.2767166645995179,0.23390533743325348,0.21661268489855354,0.25133775021610655,0.24281153793162172,0.1982013232182958,0.2381600628078827,0.307294336699294,0.23312185738354477,0.23046096845410147,0.19089824322707538,0.19577438841092656,0.23370337369465788,0.224270406122561,0.2463661738804256,0.20140833691229326,0.2158029866552371,0.2467198508547872,0.23882552084712558,0.25346096032481474,0.26518650048567516,0.22572714192521984,0.19952203905156468,0.2594745216015372,0.21427337876993963,0.1825018702742198,0.2515241761991755,0.3357856236398901,0.21097480009070774,0.183898194580572,0.20420915221905603,0.28057672458415805,0.2597028648294025,0.17875093439803685,0.2316721513270215,0.22274889801442294,0.21717068300218656,0.23664071663127964,0.19836307022184205,0.20096376946816444,0.3661109464156855,0.24981583205863192,0.29117651168268055,0.18665024076079842,0.2509178580084844,0.23280353546500365,0.18169945906114734,0.20645416837442673,0.21592559069530168,0.19883057506710947,0.19859960520487643,0.24670984491018072,0.24562211482478025,0.23725775848987463,0.22351970522012451,0.24534253452253615,0.2237769200233227,0.23120695235109212,0.25938710477385674,0.232040693809487,0.2562792443661437,0.27100968404506703,0.19357368487623203,0.24035128685436902,0.204964058862822,0.22654548720454296,0.19385337196627342,0.2704683919222534,0.21415453070219462,0.21260149791008437,0.3324093331646965,0.22955552938601875,0.19305182480358613,0.26750221952366315,0.204905200996116,0.22350943230051049,0.20552082826810225,0.25363313585472236,0.20634913664946336,0.24576573592253728,0.19972151918799633,0.2450182940858465,0.18219963983280946,0.2242485216418896,0.24089056666785486,0.22526894859508786,0.2043698659330294,0.2740209803849428,0.24781334536677788,0.2896011536206837,0.1988365627501504,0.22997097880398762,0.26097852201127913,0.2515452295612003,0.2577039406599435,0.2378705583417267,0.2866031151671403,0.23571160996860044,0.22825596994189856,0.17336494983963424,0.22662016496271084,0.21252777725455507,0.2949538893038192,0.2596390941561718,0.2641667800062986,0.24680360034939908,0.19498111522158465,0.25605251598388223,0.20464065425156278,0.20798472301561594,0.20266120808170024,0.2044613605873165,0.23138339825500803,0.3081144527624962
0.312973103931948,0.37817197245052336,0.30496942407308797,0.2518776608648374,0.201191298649377,0.0,0.2266011261464256,0.3232780660407546,0.2602250781280874,0.30323048812201303,0.2916668395110988,0.2811068593149005,0.40404717120511263,0.24138610276104228,0.24641807992389486,0.33856151020294056,0.32018141566243685,0.2329274234749133,0.2580802797472194,0.30838841228125013,0.3073745738473205,0.2971119907396125,0.20001036392663635,0.25217170086184215,0.3036011507340156,0.24524247038987185,0.20872638350473216,0.2593703710037269,0.3016829761904096,0.23842551681869426,0.2808746564633091,0.3647347708356871,0.2970349221037565,0.23875128481934416,0.2601437167675609,0.22606688461381128,0.3248520889009409,0.2689443618951731,0.24383576345997723,0.2562264230077514,0.25644962926888765,0.3071990552978777,0.24817868826105433,0.3018777288474037,0.2820225301199555,0.258336836040443,0.2527290420819125,0.26765298464305215,0.22882259412909445,0.26558924952475244,0.27202294818847444,0.3314337520897988,0.2415532934378347,0.290544653650782,0.2547277799569222,0.3711201928133881,0.28648946127243347,0.31757257706938913,0.2262547231364806,0.25068174785228275,0.3826013849406271,0.23912557778436827,0.3038685160417313,0.19418474753295747,0.22881408769104383,0.26666540495319346,0.27952329131685244,0.3110750754885884,0.21790859960451306,0.29024067153169764,0.3163758663982216,0.23506533500802726,0.27415182999418614,0.29428990927630855,0.34785127137905175,0.2656950574499505,0.26923276754883263,0.26495175275631705,0.24514611098919253,0.33756199547622034,0.36498102120380327,0.254349051974715,0.31191984908207315,0.31904973888663235,0.27372520070278267,0.3094623452205709,0.33074348576948764,0.22691180286624632,0.29224516480839063,0.2876582632164535,0.2555055404108271,0.26351741954041263,0.27059463016489477,0.27871967852604307,0.25355314436357745,0.32918806938060496,0.26984093578698926,0.2995453407775529,0.20188871176792803,0.2887665020639958,0.242908141689312,0.2504212221212601,0.20393370355767185,0.23595270658093712,0.26892638957217535,0.33947049884566965,0.2961666123721169,0.30682572754555026,0.2586041047780819,0.32237724203970347,0.2656105423302147,0.2287349834182286,0.3475635484422207,0.2618231031095664,0.2611126639351055,0.3566705159520578,0.30126031730333447,0.21946614358254374,0.33607645296860555,0.2442902717313757,0.26220533077612623,0.25902277818910796,0.31380550669600243,0.32700482683606413,0.2788422689725299,0.32341907092717903,0.2576776979026355,0.26436267155385285,0.2891387124735213,0.24033545964319974,0.31107203533128924,0.3817640375288983,0.2844229409177622,0.27243655857594046,0.27652526331033606,0.2543690968143484,0.301459072744197,0.2367015377033172,0.22419424131632096,0.23798496744484782,0.2555879269987712,0.30873910726336934,0.272903537408253,0.23648861892602885,0.3013618939642786,0.23309406637562308,0.29005328868245145,0.2975479538581546,0.3088899820939057,0.2068645812877802,0.2544302290344302,0.2562016335407777,0.21965111577305424,0.24166521194239457,0.2934652265783811,0.3036047365630632,0.2708517928523345,0.3520206199582403,0.24488665280166366,0.2911621530564413,0.24930702035823687,0.3262031558778935,0.2307908851861029,0.28217813344686926
0.27871751611045076,0.2807153021874129,0.2759691021346748,0.34207170176179136,0.28889940462299346,0.2266011261464256,0.0,0.2607806668730834,0.24930270770454424,0.29495681965926546,0.30306136403944955,0.3436276176077031,0.27302536346689893,0.24436843196497393,0.37453290088292723,0.2611090130816431,0.26952122138683976,0.3013388711786671,0.299453272828612,0.23675312465534035,0.3108100862036088,0.3349948776735315,0.37012154167371536,0.3185377509717029,0.30288215469483465,0.2826557406612555,0.27019476433990947,0.23978224722240196,0.26893118603017935,0.27187898845031955,0.28807800133628725,0.28472936795806747,0.3267083537477835,0.27444283628956756,0.2383002892661197,0.25879107886242647,0.33317394215244417,0.2558612771078919,0.3327429706297602,0.3553642544689227,0.2883289349418544,0.2937040120796933,0.3241136341534102,0.2874618051170304,0.30294733423525705,0.30492098845184534,0.2613506654133605,0.25650594229647694,0.4351337697789543,0.2673995673079524,0.3740947149346925,0.24798749964858338,0.2335159032417561,0.33866962599896433,0.3515456845450786,0.2413071525477228,0.2950352744631595,0.2879300782334337,0.31764529846973977,0.2687252648074505,0.2324717362170158,0.21548851930611987,0.24346891622086023,0.23577931894826393,0.267048930908831,0.23817137075734332,0.2998435559503558,0.3122749608418564,0.27472111593845566,0.27465341762704054,0.3209367387616344,0.24688034480486037,0.22248968807541622,0.35582672832619555,0.22089466133210384,0.24246462391379486,0.3993878150866114,0.3480663034368866,0.24573546571412042,0.19851599277151455,0.23196188340769866,0.3342457085253983,0.299517237602585,0.19395380904519002,0.26206440115435364,0.2646648413388866,0.24535603365975595,0.2989744344509293,0.25768086457717587,0.24853740688078765,0.3313396129177252,0.3194399967785954,0.3131925129294878,0.24784243901651734,0.29390749786627607,0.30922361855424174,0.2132747884015618,0.2554549349063016,0.228555152242028,0.2744207593507552,0.24723823964688288,0.33728901296252345,0.28602171765105927,0.28378091558519586,0.2410037299777969,0.285076145915801,0.25437962012367776,0.256633352668859,0.32957413997439117,0.29025637606504684,0.37626861269851597,0.2790550451223904,0.23077917799785264,0.2453903958848916,0.2416425094836078,0.2673686772068569,0.23407275663310287,0.34392723632337047,0.2496297772241052,0.22080145990211006,0.2869837669894506,0.242912621437794,0.2148141976018082,0.35121639631720025,0.20830758934932797,0.30910957896251817,0.22587315834701208,0.33506442947122655,0.23600291471901913,0.30224338906421605,0.21445410702201254,0.24197645121971523,0.21993924747674326,0.23648089615965528,0.25663315412504756,0.23842108751224023,0.24361534608846735,0.3110137085417061,0.3035598000200159,0.3334365097933213,0.2576629016401828,0.25195479919013003,0.32690861243566777,0.2591792984083029,0.29994280853361144,0.31893493676083806,0.3049378108597455,0.30003507429818005,0.26599031634534887,0.17208322330203563,0.275142262905065,0.26308592011157883,0.3169551987320058,0.32868792871587527,0.3310289443185489,0.31484254029465975,0.28024151636051686,0.30037575469390737,0.26598023726655845,0.2910969859429748,0.24849596573251548,0.23332800136806392,0.2646705332253342,0.31319853367082967
0.3082887485424888,0.4161358864243408,0.329661516817898,0.3559986003277202,0.2227520123805302,0.3232780660407546,0.2607806668730834,0.0,0.35904314646767177,0.41481085710005144,0.2601478498989616,0.3446924161163351,0.33893315591805245,0.2806842878376563,0.2847677991805904,0.34584343678280416,0.3699250884905517,0.31835533623734297,0.3242832007505099,0.3386506348787749,0.3447224539554161,0.28450878728598405,0.2819352552064642,0.24869231726737034,0.3620719129470308,0.2661185881160941,0.30991403041124993,0.33550803895587084,0.27543263186075984,0.2702633866794,0.3971683528944895,0.3351607890409112,0.35145560279149535,0.29438466900010823,0.30439058167170135,0.30160042983410346,0.3010517597060742,0.39202260882242596,0.28392901871089427,0.32804341082508653,0.3142193848647099,0.31925879987132777,0.27478260437999213,0.2788210749073991,0.4028308272355946,0.34335936933033917,0.2666265742068637,0.23522293261027982,0.3038195199685096,0.30810588678535716,0.3095095652073314,0.3238706839492489,0.2933948076526601,0.3283308616667672,0.2952181136964003,0.3358702411739196,0.3444614176190008,0.36866656074349474,0.32520549474461574,0.3142185405864516,0.3756633276309471,0.23992925608742713,0.30610123216831187,0.25801947496462535,0.2696778270340077,0.30049266627083976,0.3177455474988273,0.26429710676549006,0.3173174785054748,0.43129722290551503,0.30160567827143997,0.3177134681159398,0.2926669334455484,0.37301223270966655,0.4345940043494548,0.27940567281113793,0.29675612724167943,0.2914732759196831,0.36219778078976916,0.22097799956206468,0.28219300091650845,0.3323188697588911,0.33655489591501947,0.32949255584387216,0.385368350328889,0.46775925758701004,0.34392660907600275,0.3056895903304053,0.40136738038009645,0.3160651935119106,0.2944198061195308,0.3249018936735075,0.28680990812959883,0.2813191290976742,0.36691584541588257,0.34419013590823605,0.30071393527969875,0.3933913081340617,0.23700143092538942,0.3815780073886841,0.25873513612603427,0.3343682947939575,0.28085006408839214,0.3714016219722866,0.34814771338565276,0.3805576235786022,0.34596599314173326,0.4069846248813071,0.31880876148452375,0.283183865302873,0.2721441183954797,0.30614954461251065,0.31938544855216705,0.36519615016172957,0.3194860945734574,0.3873617498092281,0.3757195654364076,0.2648324691026389,0.2900199821790066,0.3120174156059501,0.29095494073527617,0.381535410440527,0.2721960987702442,0.328473208520015,0.2569393154747985,0.3258539228092813,0.2819386239322796,0.3029359823294998,0.3595082266308231,0.32323061312031937,0.41693441359635103,0.3468716092332025,0.2945544403196398,0.29037192056881395,0.28828252580845093,0.23277150968388854,0.2740178172490015,0.3037970329705007,0.33183717873000945,0.32526728719533876,0.289718552199231,0.2862408168632816,0.40452666329498643,0.3041441192331879,0.3222792102955096,0.32551538125159846,0.33850722585650345,0.3166090456473347,0.41952321824902256,0.22875203567828414,0.31822753541317544,0.3463921191343673,0.2955170112435296,0.2943682699352683,0.42131169461172524,0.33940707733688436,0.2533897034860031,0.3626011907970656,0.2648566620085121,0.28628156321864423,0.2998930241872447,0.3345374679703893,0.3171130914353668,0.2773152270703914
0.3252264000149075,0.3233242557555353,0.2549065304466205,0.2649653091595402,0.2322445885475288,0.2602250781280874,0.24930270770454424,0.35904314646767177,0.0,0.28623843787518416,0.2439701549875293,0.2848172375867891,0.2446009566632095,0.2898460090059521,0.26303595004314095,0.2650349128598825,0.26248207443726906,0.29908306525168427,0.2706838813920336,0.32708768888052425,0.2720204976213581,0.3269051480107373,0.23176627536563962,0.23580165152102964,0.29589071601219824,0.22862102826353287,0.25485962364177484,0.263290746050363,0.24637977227855215,0.29129318674141186,0.39592123238325594,0.26515874914011545,0.28398353754028055,0.23279960173431258,0.32116954430632216,0.255600730025101,0.2616931220180948,0.34937972879760903,0.2645798061022148,0.2576925931937937,0.2564599189841617,0.3342867811401396,0.25155871723198625,0.27810592614218077,0.30182172771059673,0.2505122381846209,0.2321248285979853,0.22506397211020532,0.27304526300768706,0.2774530303610232,0.2571789176796781,0.26193332862245444,0.26678481963209555,0.28510631050746443,0.25465065497632555,0.33512638284596624,0.2952704576543611,0.2926406922653145,0.2721388050514152,0.2379088992872777,0.25889788564143773,0.2226790387020755,0.26308500784104477,0.2607637235122714,0.28199210120096346,0.25278907056303285,0.27901340462227014,0.25712530121416965,0.2641296727809163,0.3435190426759402,0.3203594178204852,0.3037582908578223,0.2944721789775811,0.26005549802897265,0.31521382002548526,0.25491133251527587,0.22884990211378534,0.23279537108282855,0.27515039577319267,0.20197437296976337,0.24609897047629312,0.3863905562636891,0.3294835867376913,0.24472426092009578,0.3056831323362925,0.3590614409176674,0.30032060822504386,0.3001633712221325,0.26976358408239476,0.3332416314621014,0.2910624840866014,0.353941312138655,0.25703943512467153,0.251471665627913,0.3539300919939108,0.341670127395521,0.3069732318035384,0.3177955102816422,0.2808699408989399,0.26120654425043094,0.27489527678866754,0.25028278217889166,0.26804104983559257,0.293558770990767,0.3188626336610591,0.2536599594824122,0.2317705572528452,0.30481176224031303,0.2384317036897064,0.2310846572142399,0.24048807523348503,0.30420809926778697,0.26726715174194277,0.32681628091978077,0.25198285714165825,0.2921288753020818,0.2919603038662341,0.2578916246579059,0.2252415448580466,0.2939615052273757,0.2841798316013747,0.2950770300205119,0.25483214303476187,0.2835379411916982,0.34789831779866126,0.2609193803813058,0.24597772962469222,0.24590504561248747,0.255457111665098,0.298428240163277,0.4085024883521807,0.300696860896591,0.25912983584261867,0.36379541888573824,0.270875120257517,0.25272499952926236,0.26478429225313377,0.27451384383001115,0.29014382759565666,0.30501476228554314,0.2788426139498821,0.2798626360075722,0.3388903500827869,0.3190504198104744,0.2860483874888285,0.30397360411694563,0.3844876676676164,0.23665949546180656,0.3372557381279027,0.20397498561538382,0.3435920307010342,0.300794112340733,0.2807780828506659,0.24920381571452638,0.29461192341001513,0.32089352600717713,0.22034344127269592,0.274238458319605,0.2967330038158001,0.2475116258543809,0.23276098757488703,0.34475131384621205,0.3004019154365872,0.3040840005922033
0.32176873156334185,0.3965833165331128,0.3890087540318303,0.36575106560656145,0.2323815967103137,0.30323048812201303,0.29495681965926546,0.41481085710005144,0.28623843787518416,0.0,0.272656610227019,0.28328359187309016,0.349865918197739,0.27563168025017815,0.2969504860826123,0.32389656886076434,0.3416863333264202,0.36574521967762597,0.2982587738199734,0.2919376004811769,0.31474362345204226,0.31256558627343906,0.3148160368908482,0.2606221313842668,0.4195379203944903,0.2560698796027666,0.2755606383858427,0.3240651331245161,0.31156504441867106,0.24208675245322964,0.3304096371107626,0.3391798912881986,0.28949209724254044,0.27516744246720737,0.276181097375087,0.2539814306074276,0.3248030231345992,0.29279586180369,0.24224268469784424,0.3377296890439764,0.24903127469746872,0.34244859532227384,0.2804291242593499,0.26017921304949887,0.3610037115989346,0.32112603869037837,0.24033837762449023,0.24399326434470645,0.35725861363112466,0.2574746378781679,0.309496672157467,0.284227815257807,0.2529470271230891,0.33773483194130655,0.3035954381315224,0.31607466985657123,0.306523422253306,0.2804014912409651,0.3490360250038021,0.2879422638653186,0.35636950882918655,0.22122951756696374,0.2728123982904106,0.2202701842795818,0.26909221568349045,0.30804569665524967,0.30666656935757497,0.29657201006953027,0.3191952211937714,0.41236313632737864,0.30455120744936226,0.29463539451127935,0.25138998962307296,0.40426671203299663,0.34031575468387154,0.270708216887966,0.31008277753777336,0.2954155047036974,0.2713870791838981,0.22613104298065378,0.28633796700288855,0.3143519675376876,0.34861932503392357,0.28861529020422083,0.30407382536719135,0.3568333987232331,0.3049779529060687,0.2893800168194789,0.3452260817976531,0.2707357868416341,0.27271317524544536,0.2732999552193264,0.2763883175936,0.25601136839918387,0.3306031781023018,0.3242935540992183,0.23647568263029822,0.3217181477681683,0.2150264225578591,0.3607997027217085,0.25055558207161177,0.3356233218886965,0.2565716537272064,0.33753019643237636,0.27211871318034186,0.3146066779184675,0.3111193468575754,0.41182283221826044,0.29738213336407116,0.3060114522107303,0.28624638076251696,0.25870920234387307,0.30272410382199016,0.3026114308666674,0.2760873332711214,0.351017866872689,0.3225770653089246,0.30446708981661375,0.2983786151034679,0.27219184013746206,0.2487188914184409,0.2856345674757387,0.2440224940576835,0.34418952399965375,0.22574478619778574,0.3419654695500312,0.259314742754978,0.27564752055985525,0.3342192026392558,0.3078467758120742,0.3366536576160926,0.31402929105114114,0.2667872606028587,0.24339669145598372,0.272823764400938,0.23178231321640652,0.2535816492720274,0.28174412121574205,0.3380479888627787,0.30478926353106,0.2913037029146906,0.287055292049704,0.3510650168777462,0.25153491807175415,0.2868520048914458,0.2846242191092774,0.2609077352373846,0.3382795161450592,0.4314223847797362,0.1999829607725677,0.2765660953404868,0.31056674927595346,0.2767489587793706,0.29119193869431775,0.34862224264868025,0.3488186364812827,0.26041115852805535,0.3854825934229066,0.2649369703261586,0.3077892999903734,0.3703897987827765,0.2963101793641236,0.28325942622397765,0.276238986406745
0.3436457147659387,0.2963026778463783,0.307467389291857,0.3131974855231591,0.2654509096900235,0.2916668395110988,0.30306136403944955,0.2601478498989616,0.2439701549875293,0.272656610227019,0.0,0.3335418775193206,0.3348123964423644,0.2506031928244899,0.25976344315479044,0.35262419171669107,0.33866370254915246,0.3026188718710186,0.2897369862883085,0.3017043051808412,0.3445699736085097,0.35845055532267955,0.2713135940509612,0.3409466522494301,0.3369347443243495,0.2991752222727236,0.2538195310529951,0.29509196473443833,0.33179963283774166,0.2628803157253197,0.2527810707073774,0.29254264551543574,0.26979153799071376,0.2442339631214638,0.28046112428416037,0.2478405778534268,0.3931973683298387,0.2908569454607665,0.3147012199622186,0.32130080399765126,0.26325891464081036,0.31448003380247236,0.279455332756008,0.3638611375936943,0.2723649178843841,0.26268761908736477,0.20592513533070064,0.36524889058655113,0.34369454359340346,0.2505873606759737,0.3218212286901998,0.28012033325450425,0.22657797090087606,0.3531504211812725,0.328554881014742,0.24333579131689312,0.3334717702765283,0.33169992159495154,0.2807013727383861,0.2597961347254608,0.31859380343740556,0.18481791737341924,0.29430835575790304,0.22057235393003824,0.22422336539183324,0.26278930832534847,0.31778114310083033,0.2917688558049166,0.2699731670586144,0.3104638647986789,0.3110842581896293,0.24099870089361647,0.28453919238947356,0.34783710025545045,0.2853361765987495,0.2591014377306723,0.3600996336232132,0.30168094923221495,0.24001045921343275,0.24308640333568607,0.28254407308895224,0.25580098917546024,0.2952543910270146,0.2601369046914411,0.26091518425210164,0.2724918997529032,0.3207144031082615,0.24003425323940375,0.2336794835524129,0.2631853172795635,0.3490828404761562,0.221277495372319,0.311832786992509,0.2946789958540158,0.28073559150652594,0.31269579176966994,0.21559674003055052,0.23003820678550027,0.20188934038237846,0.239983043619448,0.2775628750232551,0.29653742415365864,0.23801336503648005,0.2400407392949141,0.24280980261765872,0.2532982666941435,0.24356648956328547,0.2972471888310205,0.26158392390462715,0.3698511924144768,0.41349882082943906,0.26369888835546995,0.2681737995752977,0.265724720622209,0.2552159458311475,0.2953458438849709,0.2564200836145773,0.2982946419417495,0.3230306321930252,0.2318396536603023,0.3071543378611328,0.22598479441149782,0.2762407638084389,0.3546051060239426,0.2460170568522009,0.3387156328848746,0.1972960727340787,0.28281737372072135,0.2676266488985329,0.26088588670370855,0.22169749880253858,0.3068525666107457,0.29190125166439834,0.2766508682316592,0.3541015170429374,0.2592752534220247,0.28081250008911174,0.26252863758820266,0.2968042575830222,0.2833679002192611,0.2829162739327483,0.2849937775748129,0.2603814169991093,0.2503893650789147,0.3936058186981492,0.24132199870081347,0.266973411864554,0.2577774522617814,0.2845100346798009,0.19677508948395772,0.3408522999646767,0.25389964820207284,0.3674908090863498,0.24600374085081464,0.29437143770994667,0.34182446349861084,0.3147294355045311,0.31520562236759586,0.2997654479508753,0.2689512295045832,0.23734573012006513,0.30052030570470467,0.22634804692634,0.4585158229678896
0.28439269663824895,0.3278491352987425,0.2784383893691133,0.30176026836824077,0.2493414406855618,0.2811068593149005,0.3436276176077031,0.3446924161163351,0.2848172375867891,0.28328359187309016,0.3335418775193206,0.0,0.2663887826259004,0.20621270477340237,0.28331682833989547,0.3230542985585997,0.3219927711004751,0.26065178418815005,0.3543965630219838,0.27866799984455326,0.36309987501690794,0.2882885624998291,0.2964635511976815,0.302062658352772,0.33748893252040907,0.2779709186152865,0.2752618347553533,0.2503645293961097,0.28230115737315564,0.33559523862476526,0.32846502740902095,0.30348521792304844,0.30831804491132625,0.2947711635601294,0.24254234910598244,0.2675475803426131,0.32654513158956655,0.3033815199114331,0.40206002266408647,0.3168819942171824,0.30427312728710626,0.30866151473532766,0.3067030452667273,0.30587239224053875,0.30560457913253974,0.3106239055345537,0.28638174690280416,0.2689283143544119,0.3201676958954411,0.28038068844733016,0.35705974235251714,0.300435187906354,0.24458581993798942,0.34173360490292926,0.3477391037827449,0.26773571634784904,0.36060502288332524,0.4111299277011265,0.24922953607850554,0.2813813497278377,0.25162920087307444,0.2077958049117682,0.28860758070521375,0.23243553681595833,0.23737169924351023,0.2521816838230822,0.2528114317187024,0.2492889096378545,0.2395094175746968,0.28115605836982627,0.28687898091819575,0.23775969199655508,0.23044386071840017,0.31116333250040207,0.28231816810862936,0.24834007709448902,0.32120706943464955,0.34802653930189476,0.28647188527670675,0.2185198106986828,0.2482721009669119,0.29743724695403473,0.3275204702014006,0.2202287521816931,0.3117779434974954,0.3258945106187045,0.26740736923765596,0.2663841407395518,0.29290693051476435,0.2874212736782581,0.3262288980385296,0.287168574302759,0.3196862297179806,0.28354364856557496,0.2727529399916831,0.3490513460328214,0.23766058518715333,0.2927430028790487,0.21801657393575066,0.2572966680392935,0.23081995384016896,0.32023326388651335,0.2671924756318671,0.3206415082616003,0.2639591354409749,0.3159241590272991,0.30093843304185197,0.29149986863838934,0.3000757639643089,0.328419705417535,0.40673960991406555,0.31322389128696354,0.23030886548489582,0.29477741021060716,0.262512933762927,0.3230249613746806,0.28021490157696943,0.3159798731850316,0.2725579024345412,0.22964088396131102,0.2946270088831679,0.26641441430264484,0.2455982477904236,0.3485653477773359,0.211919729502416,0.3638465638018189,0.22060728382804978,0.3674604584786996,0.281450284299721,0.26144699278339306,0.26461479064873994,0.28887377200089553,0.2357655065136635,0.2742778190477945,0.27006930564231535,0.21899180391757816,0.31087845542618064,0.28109148849944526,0.27461503597195563,0.33793643729221456,0.22282983657762273,0.26479776496186425,0.3242387217249831,0.2751621816606709,0.3402784266107452,0.3293932694690387,0.39351128731788343,0.2865581328953337,0.3319789961818077,0.2154422321668286,0.30717780522424004,0.28904996713965037,0.32605607908062384,0.294038371367782,0.38528361649897563,0.2781420372770117,0.25245500731001885,0.33012238643574476,0.23005546524738632,0.26932472873145485,0.21204527937640383,0.26344617735444253,0.25302368489104016,0.3203658958726719
