0,1,2,3,4,5,6,7,8,9,10,11,12,13,14,15,16,17,18,19,20,21,22,23,24,25,26,27,28,29,30,31,32,33,34,35,36,37,38,39,40,41,42,43,44,45,46,47,48,49,50,51,52,53,54,55,56,57,58,59,60,61,62,63,64,65,66,67,68,69,70,71,72,73,74,75,76,77,78,79,80,81,82,83,84,85,86,87,88,89,90,91,92,93,94,95,96,97,98,99,100,101,102,103,104,105,106,107,108,109,110,111,112,113,114,115,116,117,118,119,120,121,122,123,124,125,126,127,128,129,130,131,132,133,134,135,136,137,138,139,140,141,142,143,144,145,146,147,148,149,150,151,152,153,154,155,156,157,158,159,160,161,162,163
0.0,0.6034339182845451,0.5010802420542803,0.45287781460605503,0.3571207285651149,0.5510636040939241,0.46857475365951584,0.5900227617016888,0.5517575052464186,0.6287678783617845,0.48551305452864646,0.4692741581528953,0.6356544171276268,0.44988905471371005,0.535741489138802,0.5137023791313132,0.5913945160452977,0.6096963817426289,0.6006572897761605,0.6481264697860644,0.544064646099955,0.527651295895273,0.45594980862655765,0.46911647027982645,0.6161963076582777,0.4328884984952894,0.4068005459200534,0.5819704644374161,0.5004877044963594,0.48272742481268055,0.599790112652246,0.61998844452805,0.4726991514763582,0.45250303318670576,0.5439728612045482,0.44327037423584836,0.5868328614255329,0.5610338203588083,0.483090956435362,0.4965994228467697,0.5181506016819283,0.49217932043899826,0.5801166281257181,0.5223612022851916,0.5500713631841255,0.5869106999865598,0.460739644262308,0.4801439438784019,0.5696862043309667,0.5719559357046511,0.5987606292602651,0.5498628462123183,0.45976213485038137,0.5629429017668912,0.5193071417329902,0.5524095334494076,0.684420591337004,0.47407990385794185,0.5671980412342912,0.4879938691284231,0.623974844577297,0.40038208470030445,0.5606982997389284,0.40761150699232473,0.5583859569924619,0.5931298721236472,0.49147922916103176,0.5439585293007306,0.5903715212526013,0.6034822888234094,0.6503758315153798,0.5165072416847658,0.505209583449837,0.6017873389861258,0.6555954324150878,0.5539140756450059,0.4694265633520029,0.40510233924266786,0.6040371062296481,0.46632302532415165,0.5790362102664072,0.568804455290097,0.5418382373294548,0.5548474784755606,0.5441337182835897,0.6141155227395689,0.5223348727263298,0.5726402963348686,0.5607199630222512,0.4721591192688373,0.4997925745385691,0.4754544064309566,0.5480011499205045,0.6148611249134754,0.5546427639068889,0.5441653040095807,0.5112171369418135,0.49685185971982965,0.3778938432402852,0.5553390100428225,0.4620862664401426,0.5227866511456987,0.45720740522579656,0.49595681748451065,0.540448758567947,0.5428206413516995,0.5837152844683963,0.5580896598085294,0.5379419987201594,0.5318482824974325,0.4853989927992279,0.4746919085342646,0.6042554464518664,0.4521853061661425,0.5308887045115274,0.5483868806566033,0.6004543368280546,0.5519062307108128,0.5204949141615428,0.40985558391015314,0.4704860857438281,0.4943768663977695,0.5257772349957058,0.5949611455742401,0.5221331935839769,0.5857842998535537,0.447673597663913,0.414718160332833,0.5107006648123441,0.561903122365728,0.5491773606841525,0.5292352815228548,0.49032302248170373,0.46310958464427765,0.5590376409465768,0.5549038685548191,0.5869376948603182,0.5136157817504727,0.4679019652937077,0.5701921338976366,0.4881324527994405,0.45649752496793244,0.5692619390207552,0.45926622587801713,0.511958001258962,0.5026208468377952,0.5092950634810576,0.5293199824922536,0.6728024343368041,0.3167654636248445,0.586463924650748,0.570170597197914,0.5219004820293656,0.4601964323541259,0.5428824661042346,0.5987188469879126,0.5103751999432456,0.5141113044205909,0.4651056257839452,0.5589436204211744,0.5167366022034109,0.6097563332855797,0.46939154608347367,0.516045534702833
0.6034339182845451,0.0,0.4847745519221867,0.4992575191486719,0.3554372686858578,0.5337990152725247,0.49417924528691975,0.612564940519352,0.543382826293546,0.6194574587666944,0.4795747917719014,0.480882836572272,0.6308440914049899,0.5596948570677284,0.5230309439273682,0.5049026925783847,0.5708630059056511,0.51698417416632,0.4949056316272357,0.5502941746509642,0.4897098121546519,0.513958136464323,0.4690455910329821,0.45662191108591493,0.5304908454373843,0.4586746803838063,0.47529310143798936,0.5615216020096674,0.6367879245347418,0.45658228765364184,0.6186348435169027,0.5732441434005155,0.5736904897235061,0.47651237828208304,0.6057150794062914,0.5268636413073831,0.555556024903591,0.612722050717501,0.510508168831063,0.5541569151622904,0.6018702322597423,0.4647851593699817,0.4684538729150277,0.5142235321153826,0.6330902008869698,0.5437231611398873,0.4533503759253368,0.4496717302775137,0.5434286772684794,0.5663422584543377,0.5551946723710562,0.5283792651008566,0.45019462851146946,0.6153982852657354,0.5878505970084733,0.5981812434959612,0.5646698397048202,0.4739773828593984,0.5257235012208483,0.5723082678971289,0.6162340945997014,0.4364264197457912,0.47786866629141583,0.45583720578928083,0.46070859692419275,0.47857247213046816,0.5396662661968215,0.4779051379934615,0.5363431598281145,0.526206845437241,0.5689095827287904,0.5803698566106353,0.5047159744398325,0.5771627786226806,0.6226706764013338,0.4943103968125193,0.47424113377268257,0.4354506059195749,0.5524243173128062,0.4433183779252943,0.48627710061468066,0.5314102915416279,0.5261524338414213,0.5950376174284285,0.5250731670607579,0.6957433680377276,0.48157361175582375,0.5461181366281601,0.5663099448052877,0.5487645993815009,0.5092667233472138,0.5339644785879715,0.5788332534789864,0.5313753368731982,0.575471305631833,0.5920441306030301,0.4995020777580791,0.5213012392094268,0.42315774774545295,0.6793283530350659,0.546963472347037,0.4673558831975583,0.4508616721427543,0.471646529978354,0.5570450316934713,0.5330564683714897,0.5381197764319786,0.5376178740665074,0.5730223090605104,0.4925251378176968,0.4702788127365707,0.4882281121438687,0.5836257049483113,0.4772531551531124,0.5591096586274161,0.6324320821009056,0.5182395032580639,0.4720231013421216,0.5079133877456142,0.4850367001742882,0.4952582601125484,0.5357821091293116,0.508322961389349,0.5589290009027694,0.5149538535419992,0.6485276348864734,0.5097342655767659,0.4801887944041636,0.5942518045990328,0.5980942610369431,0.5849632773428849,0.4834509061790984,0.5264429570547388,0.5190914334914345,0.5053965719187528,0.47699532947251444,0.5194227826692135,0.6242881259274242,0.48782218208977063,0.5278959579852441,0.4819953263437514,0.5024164628443046,0.6315368986101285,0.4846004234441193,0.5303620226650455,0.5003366427118466,0.5221210954418263,0.5099811942625497,0.5821984254307013,0.349291663799451,0.5293734457418616,0.5266537036229513,0.5154459428645045,0.5045011408479142,0.5107775562438485,0.5333927674772221,0.47992428341023624,0.5099955448804389,0.5368522700768298,0.5612812890188017,0.47957832582329907,0.5794118244075341,0.45892741088597216,0.48941127156737585
0.5010802420542803,0.4847745519221867,0.0,0.4394849138135336,0.48944584594775215,0.48890554409788045,0.5156338787559637,0.4637409475957178,0.4243447087350341,0.507720537994648,0.5480860621989774,0.4908264243347946,0.5334849413035372,0.37442038696756086,0.5394995479252365,0.5944378609016866,0.5933099957889186,0.4778748715198829,0.4578871566051464,0.43312370896123503,0.6554625075724158,0.657424372690591,0.43897493759727135,0.6004278189814364,0.48196199903718967,0.5435154644262424,0.38407533684006984,0.43213150128954714,0.4838938122545913,0.5255248649664074,0.4379558552566502,0.4756061997021415,0.45117980895179494,0.38881111387637124,0.40452101119370526,0.40092911877865184,0.5586193566841423,0.4688386222814196,0.5055026537603712,0.5446318697517026,0.516840766148464,0.5082126162328506,0.5594412335308935,0.5478935476742902,0.44974747907406604,0.49115183306614324,0.49945559100499487,0.555166548610106,0.5079767569713375,0.4877010602579568,0.5932293079290295,0.5642928347082912,0.3722750014203581,0.5599508594775857,0.4801012075747519,0.46603580661840527,0.5226081694485337,0.5354627460589694,0.4380435877017649,0.4131706135921261,0.45982134916146994,0.3571273837472137,0.5178675904221007,0.3567221213217523,0.43391473207483344,0.43565157289521417,0.4376866470257684,0.6585156180321774,0.48698808567240554,0.4900430396567664,0.6149782748168163,0.3965669953902331,0.405817532509684,0.626862266731529,0.47258178304853354,0.3801178989519588,0.5447189825767667,0.5310582530855408,0.4681428461729932,0.47863501533838276,0.5083582362983462,0.4832300989758278,0.6761873064782791,0.4248551837476609,0.4566571580967697,0.5007680111525424,0.42433250418645085,0.42459640949194927,0.4014305387796279,0.43847345465407106,0.5772802391893384,0.39202503412615974,0.5206144204784513,0.4235567192738601,0.47504248700537377,0.5105185188228898,0.38903601353823086,0.4088323023402371,0.3335993598242622,0.426066722521267,0.38050740878824757,0.49012773958767175,0.40452121328961466,0.42752158202140905,0.40471133505298224,0.56745868274316,0.5032468859534338,0.48384405701242744,0.5206997856446465,0.5793519498537356,0.5001131251464935,0.44072838720397406,0.4537029744579787,0.3989947275218755,0.4241872708118505,0.5725761157063531,0.40490602697971334,0.5091837597861131,0.5345523003374133,0.3586192484081755,0.5447653456137922,0.43876524134067046,0.42659449514459025,0.6478144773253913,0.3923065606366912,0.5503277545682692,0.3976956926528296,0.45016366520213175,0.44032380401510657,0.492852291442754,0.428536735761658,0.5955178099149694,0.39603135940337475,0.4055574204032832,0.4796147043388899,0.4583251609359253,0.5037493647838679,0.49360966789646754,0.43753988831120394,0.5017284089712131,0.38613755828474844,0.4113781518607931,0.4604616142657032,0.41032473094530825,0.5077287740072095,0.4476567586249505,0.5984269119429827,0.5270754577813321,0.4895664987779299,0.2977071391371859,0.4363170458308085,0.41440918789469827,0.5014090319543746,0.5932482815736433,0.5326367691614873,0.4978629293118627,0.48471134609938266,0.685285038614654,0.39190520266858436,0.48694706125493475,0.43527715973726194,0.415003323976187,0.42398032867585167,0.5655642175773534
0.45287781460605503,0.4992575191486719,0.4394849138135336,0.0,0.36176655578568956,0.4155066715936222,0.5844275682933618,0.5050046702875798,0.449859269487989,0.538085761170794,0.503399038897708,0.5043283892360402,0.44217556501562266,0.41469406716974305,0.5004410272562198,0.4176937896169803,0.45554146344076624,0.4407316410319939,0.4743632715459925,0.4104002606995566,0.465507027771491,0.48721893635240876,0.5366005341919176,0.44975993552175436,0.5251867875923923,0.460792202083746,0.4908208756067943,0.49700760494888696,0.4939788615777103,0.40007391120894703,0.49365321903874554,0.4194293492327013,0.5521146864603342,0.450883262315811,0.48209645020162,0.4545561703463866,0.486170084296948,0.47088387947509813,0.48750466565128125,0.5150368276532414,0.5120545481787498,0.46555323594160725,0.4180411916844067,0.49327453815728717,0.49084045727057884,0.41128669952356944,0.3559797954768506,0.42391653952281116,0.5370340062723756,0.4251415752716035,0.4881287594811556,0.43883191443273245,0.34667110973462856,0.5997979279287011,0.5398379347215799,0.4477541848261362,0.44050229426521276,0.47342697594730593,0.4671479448205168,0.40770060474809616,0.47662532843842037,0.3325725998289428,0.3984694951228359,0.390081083589415,0.3848741664687464,0.3768736299444286,0.5075596739821951,0.41244330095201215,0.46917541399041107,0.5249813944494586,0.44312772215403984,0.42189641452381466,0.4662710519894599,0.5143811548647573,0.4415758571120408,0.3654583067387742,0.4603648335530159,0.42258520705836594,0.4345841912587906,0.35974920451587744,0.38814736860061405,0.5121896420311608,0.4305243841315234,0.41630330489604966,0.4715822781884722,0.4870571857268028,0.4598982717697753,0.45220963770142414,0.4114032244086169,0.4587512548087997,0.5140580831754344,0.48418021265428757,0.4551149157529511,0.38411422683643076,0.5234912118988417,0.5556844172196657,0.3774967114183415,0.48492010095112087,0.3647000385872174,0.4742549632543471,0.4249415260163322,0.4548656983607127,0.5433665722179054,0.5462679266684822,0.42686628722517456,0.4054785571023605,0.42301153193902163,0.5187630188979095,0.4330174133865545,0.44498820127672284,0.5265632985445744,0.47621442365589095,0.4749769413716977,0.4618795619055126,0.4039598740834648,0.4707681595867711,0.40175003676318255,0.4466349796575781,0.5244627814699993,0.42961913954232334,0.4161093508783968,0.5335505794818032,0.41815504332469694,0.46305277501392456,0.4218485377294434,0.5076853232240622,0.40525090590521246,0.3992903244350582,0.48148363554513607,0.44627721627183026,0.42824545782810586,0.40370868865652776,0.4269257569631365,0.47680614283972167,0.4730130365948237,0.36314532843850456,0.3789365151850293,0.5216156063049054,0.49884548865255174,0.48137665488204096,0.4557612112528989,0.39216788808008085,0.5175691504764324,0.46879974506948735,0.4862155098850664,0.5068197804571505,0.4549621363060615,0.4014653528233094,0.47888786342646855,0.30161249961912584,0.5162953488540606,0.4231378538643373,0.4932403284159302,0.4399793778418515,0.5655467317858996,0.48352685673067536,0.42936105918774864,0.47570693808140074,0.5721264643890311,0.462233116271566,0.3955313479454917,0.4508823759029529,0.45337935045456457,0.4984024907702531
0.3571207285651149,0.3554372686858578,0.48944584594775215,0.36176655578568956,0.0,0.3749091267863204,0.44906404453730536,0.3409071199011592,0.3344328139811305,0.36030905031168114,0.4572394579896299,0.45176165920906214,0.3642191602951557,0.30094891083747993,0.39189687219005614,0.4572976892164667,0.4187480983772871,0.33898330661976755,0.36126318794953705,0.3239121933793481,0.47638688086279185,0.4463529291845294,0.37457808739766896,0.4644992072726798,0.3668676726380507,0.4776281747918008,0.32238107274376904,0.3278603465968872,0.38317099894969375,0.4706099395721535,0.3457761218993249,0.36412791309837417,0.352927336215963,0.3362322979942249,0.32423895059465213,0.34285600208127964,0.41228862985890247,0.36025191108636845,0.4445956159815158,0.39887492442380584,0.38968680203606626,0.4226878994413609,0.40747171497365187,0.4591672237585092,0.3413282544377371,0.34783548679703147,0.4026625307049922,0.4698003789329397,0.3971947961268988,0.3697256284180968,0.43026031860606484,0.41339030710941577,0.2889981610768254,0.41548011644103083,0.39614642881222756,0.36204850277592165,0.376771316454195,0.4821281134974038,0.32572567684039644,0.328014547870791,0.3299985540428743,0.30277589616328354,0.3735992554555625,0.3070786240958503,0.325760209651467,0.3157282099449633,0.3414056051121296,0.4297516004081182,0.34823407281616353,0.3573674418435078,0.40892279609079785,0.3126778950383585,0.326928662494922,0.41848951808509754,0.3399054917395218,0.29171624863547396,0.4550756565954406,0.5692538243226396,0.3394106889830895,0.4031461323778347,0.3597422697354935,0.37169790591496416,0.46133902003696703,0.31483231396422723,0.3654408186843927,0.3610701609486776,0.3398630541644505,0.32910495188653677,0.3049975530073837,0.3561074997234663,0.4871934051139336,0.3312098424332719,0.4105537559281464,0.3176862052011505,0.3639472971142584,0.40031503375211525,0.30000158359223933,0.33450197299824613,0.3002202120684837,0.32143394249940016,0.31484085653572386,0.3821340840552383,0.3455950523323694,0.3419021920169693,0.3174491732184583,0.40108825901373824,0.36502083424589277,0.36751075349062,0.37052367104521744,0.43337182234435645,0.4465654003050856,0.37758623601372243,0.3409911669410392,0.33389427785948356,0.3203410642255059,0.40685121245545036,0.3082517226715565,0.40883176522737263,0.4155656333821188,0.30769477972048304,0.47182125736329855,0.35154673981279816,0.34353415363551626,0.44612208668803555,0.317698278094579,0.4011705792632686,0.3315031324769574,0.40419360162980483,0.3507495879682056,0.35031212689617774,0.3324024743107917,0.43467252757063546,0.31562930955306434,0.34674124072043894,0.3661407689034399,0.33853215630572564,0.3715544844416136,0.38210125186936744,0.3387016248494968,0.38930210106751056,0.2945214612604,0.352513966417233,0.3558933700360581,0.34615207647413015,0.4162053128507717,0.37598483667237736,0.4804319443728882,0.36951004794733955,0.3597333925078652,0.27721030978752315,0.34565519706786013,0.3160822600637688,0.3984864260668897,0.43994804698587314,0.41385872109111616,0.3613779468955955,0.36172252066083505,0.4891455151935282,0.31484516848718275,0.3911174517293485,0.3115518350668817,0.325699336671881,0.34655129425918,0.4604248090959349
0.5510636040939241,0.5337990152725247,0.48890554409788045,0.4155066715936222,0.3749091267863204,0.0,0.4320091981756246,0.481247050729113,0.45927644478647656,0.48132369737988906,0.4589398999673603,0.4771159242430073,0.5393899145594909,0.41713609032021004,0.4362968994913877,0.5277550231779873,0.539311637001898,0.4298489025410031,0.48322663220160667,0.46320461952171604,0.5015476568173455,0.4584956830246131,0.3836072912106322,0.4205653230341906,0.47944323838833086,0.43906167564460286,0.35492245281943424,0.44428615788271447,0.5068271291886098,0.49041271917974194,0.5034031974058454,0.5861625179185376,0.46013017092171715,0.4239988641652906,0.467972517789582,0.43887966027060854,0.5275027550503057,0.48696818649009777,0.4573532248795184,0.42647072025641264,0.48617638264463453,0.4609322953977457,0.47333158301867556,0.5633831796183368,0.45842086211119043,0.46392705301259374,0.5006319516787865,0.49760035376684103,0.44830921194961787,0.4899764161154226,0.5344737280875542,0.611373782200273,0.407630127153616,0.5259669643507604,0.496701395497085,0.5642983489196506,0.5115170649877124,0.5100046386316976,0.4093773355374922,0.44736501542979323,0.4997388597481416,0.4309579527361214,0.5446237465969842,0.3781928877231414,0.4266686025480516,0.45240259685361145,0.417924698448378,0.5006333093173303,0.4333191434193808,0.4608486026638162,0.5615370204777141,0.4342048410098963,0.4454376649851234,0.4969603749150649,0.5374676877508766,0.4575781192777258,0.4417003818630845,0.4362848363089871,0.4755017005773961,0.5685300689859382,0.5615204462116115,0.4660824570836325,0.5418985161207042,0.5058974408278702,0.47630576537651875,0.5111159363855707,0.4659367287225398,0.44525553835629283,0.46521498390016663,0.4473186369766824,0.4921009561631852,0.45683997009380023,0.5182139307312497,0.49336403365626913,0.45944535986995966,0.5541206945671757,0.45232151412740285,0.47192161510515723,0.3844786083258274,0.47842516248581446,0.43066268434449984,0.4356569179079283,0.4066972021680988,0.4246030793375866,0.47561324465658567,0.5128974839890346,0.49454353901918324,0.460639319112459,0.46379058319572897,0.492180223722597,0.47084085712669604,0.4293603216126744,0.5527208638215303,0.40130777696708736,0.4830641287466974,0.5380413124042113,0.48905113687651774,0.4323324204063438,0.5372708958063739,0.41449260802420873,0.46274867193555375,0.46393523620051247,0.4980101203759697,0.5682030604142878,0.45705765524074954,0.577637213473379,0.4524590124981381,0.44370823481579974,0.5045795220477685,0.443391211381115,0.5013470628799651,0.537621321415149,0.4341066571283165,0.45587840468756696,0.4402041127204939,0.46392381305748576,0.5320248277209984,0.44958227055910915,0.37144333660234546,0.4563582668487639,0.4160092883893799,0.4844012171754734,0.4759060488704088,0.418739478344822,0.4817169887546415,0.4512045390718639,0.524197317520111,0.4756372738552761,0.5001096531798965,0.3376137275679761,0.46231945230351434,0.47402974168769063,0.4249024031098085,0.4190415771795675,0.4819450701746896,0.4515856623204492,0.42084365320686795,0.5421949438010796,0.4082578817331216,0.5494703847005,0.421947881442402,0.5214096426658773,0.40159042905705755,0.4683624443655635
0.46857475365951584,0.49417924528691975,0.5156338787559637,0.5844275682933618,0.44906404453730536,0.4320091981756246,0.0,0.46769778259843414,0.4442468222101576,0.5383975959139524,0.5965835897899209,0.5779797305257143,0.4636669633908646,0.3880319540714176,0.5500501560510999,0.48159107209644875,0.5029023103868359,0.4488491910683141,0.48327327832117223,0.40985752973720047,0.5433230742375448,0.5820110059661551,0.5691358881189911,0.5561123076499302,0.5294029972467286,0.5125291073183431,0.45977453956847075,0.4678072044910196,0.510143199456222,0.48656429794218525,0.4766555866814217,0.443379307004201,0.4933875073477691,0.43669670004117667,0.4416117128063425,0.4273372037639728,0.5448098286778521,0.4609056718540454,0.5612622886919097,0.5654873383900217,0.503819302499663,0.5278217892510524,0.4615488311358843,0.5498148726606227,0.46462308074510694,0.42757300761840716,0.3953492525693168,0.4886464027577528,0.6123486763986609,0.4413662583804852,0.5493276886586784,0.4618382768852219,0.3440499543038871,0.6114095751862489,0.5508918472322359,0.45916619856686625,0.4702145853547242,0.5347821269897897,0.4544411660040755,0.406159605395498,0.4486824845160154,0.3325843440178974,0.4135015855720982,0.372272933478271,0.39487245322682313,0.37980801738627495,0.4851137798107359,0.4777216570430937,0.4609331024920911,0.506274457045485,0.4858870712720771,0.403542753643487,0.4311777766704861,0.5751611303385354,0.432076910199752,0.3630230492490693,0.5538569206338423,0.5233962260428646,0.42194806006319885,0.4034427042767559,0.4061289325239487,0.5107947940291008,0.5220999238094195,0.3911891833689518,0.4663554945930638,0.47553419597283375,0.44193175272858176,0.44049099565150657,0.39543667236408875,0.466681121834077,0.5997215463418114,0.4463915702548837,0.5027778467325127,0.39052038879841866,0.5088928971664999,0.5656456106387217,0.3623812863195739,0.43936657089753883,0.3512270428490002,0.43848275442699175,0.40748172505009145,0.4822058784277896,0.4763163425809679,0.4805111692090286,0.4008442064177637,0.4411997624918697,0.43728890974578916,0.5110189328667383,0.4583058375706579,0.5228300419236648,0.6080044251291642,0.47511051274308763,0.4520469842213975,0.44217850904353684,0.39102525055993265,0.5100641695125632,0.3899162357556407,0.5276845191756677,0.5251562018586231,0.39019170341695186,0.48461562949048326,0.4718851822326248,0.4156526025440424,0.5503545790226978,0.4069087664980006,0.5374484552328658,0.3962805691878455,0.4364731958363482,0.44910927900181674,0.45071504745718305,0.4239825341387962,0.44958924462103567,0.41151494622222035,0.44967059006450666,0.48362406924203655,0.3840129027636184,0.41588578178436164,0.5273277484271438,0.47433153390395605,0.5184077435948841,0.4006093010247892,0.4038519201397323,0.507397543097518,0.44555983886473804,0.5253239002291843,0.5013605893638716,0.5298449209346895,0.43575570917606526,0.4783553518721869,0.29689920854559254,0.48647541958616564,0.41006240384186454,0.5411972847567249,0.5196452162297739,0.5843394441100386,0.49888242390304105,0.47927358520956853,0.574986899554678,0.4724034714452317,0.5014256564326318,0.3888169580751213,0.43024545093201216,0.4486683538134813,0.5995965571593389
0.5900227617016888,0.612564940519352,0.4637409475957178,0.5050046702875798,0.3409071199011592,0.481247050729113,0.46769778259843414,0.0,0.6224756763769025,0.6376261697936464,0.4631697190497804,0.48567242649982695,0.5551939608184486,0.4999949651213828,0.5009924015811239,0.4800255726551632,0.5407360020398164,0.5400271430965936,0.5424647478652297,0.581901025345821,0.4972067916402559,0.49233484314662473,0.49748139524032753,0.42557535167211674,0.5864277809534155,0.44004017859381894,0.4927763310873883,0.6013881652368199,0.49204965009647195,0.45575614209473336,0.6747717644367736,0.560641958060808,0.4973611285551465,0.49686610876029585,0.5768913026251856,0.517771040963984,0.532775936786246,0.6408449661963982,0.5090999578498422,0.4981292024948726,0.5330594413866542,0.4861641261785267,0.49779606690399164,0.47106720980958877,0.6704471627618493,0.5410634830882851,0.4157208505390477,0.42159614198131634,0.5547738591189345,0.5693134932919581,0.5486772429664236,0.4830187732912686,0.42904494607717797,0.5643680054606134,0.553941280354702,0.5627600327317184,0.578555010547233,0.4852849389688883,0.5640295102299644,0.5315214857063484,0.6335899059113039,0.41652477275983735,0.4719102531771263,0.46498508845042397,0.48208814842682113,0.49942831207501626,0.5521314993117341,0.456467425161426,0.621303507796331,0.6388190726488224,0.5480156096716635,0.5572753314888741,0.5501976262519193,0.5798606749261387,0.646364481168184,0.4747845307732651,0.4767200441955085,0.40117068127781774,0.5976521792998997,0.3967828312393954,0.462354114706368,0.6069141544344681,0.4766662752239838,0.5577904081822544,0.5913235650101805,0.6929082636126608,0.5509257698813967,0.6286208332095163,0.5855017479556469,0.5353433634493504,0.5092555233310376,0.5543852123631947,0.5240382686319965,0.5013356507418677,0.6110916034531251,0.5432330117625389,0.5293019644080575,0.5593007425191354,0.4175797513297605,0.6351757946251495,0.49987130864418283,0.5614579624588846,0.5204243786361408,0.5187130377142677,0.5999568087236633,0.512594511968264,0.5768314255858341,0.5833940183759333,0.5131149977763657,0.4617820565230918,0.4716976048533732,0.5353959661801636,0.5726117309030878,0.5469413797872139,0.5101703460614319,0.5338485546107686,0.5240852595412409,0.5032031282121723,0.48561389993231663,0.4808483202260829,0.45660146834293697,0.6390052014456655,0.49687126481453353,0.5051770785201863,0.5097529846717987,0.543339347494287,0.5115684566670111,0.44400255059070387,0.5537672761505302,0.5626697192003902,0.6220344653051534,0.4883776666463347,0.5321480447022555,0.5170222288084666,0.5395227360083162,0.44224289830589697,0.4715566918553384,0.5361426904326171,0.5163400204738863,0.6051031431008354,0.4671029451338955,0.4746984063301986,0.6632588685746746,0.5408189367461623,0.5213550087240157,0.5520233185310469,0.503340868770019,0.4769889731694196,0.6521638594780065,0.3413741856133711,0.6085685912040707,0.513151747257656,0.5577726701268332,0.4770382519454477,0.5526303404001641,0.5843868895654176,0.4490430946820155,0.47656661594920513,0.48155259415000545,0.5325742145745422,0.46451197808861616,0.5711862415897433,0.5281776185574096,0.4806520159999632
0.5517575052464186,0.543382826293546,0.4243447087350341,0.449859269487989,0.3344328139811305,0.45927644478647656,0.4442468222101576,0.6224756763769025,0.0,0.5662186375023436,0.43866635833432227,0.47026347535135987,0.476876147001686,0.46982165712330004,0.45167604108895154,0.4396160179061934,0.47419143585104634,0.4827047792015083,0.5185453601387018,0.5545788539864986,0.47376696031985316,0.46937126390470996,0.45521058844810103,0.3936964547687693,0.5734845739298726,0.40007245060487173,0.4418133110798473,0.5022192011039239,0.44211797560786076,0.44956513238423945,0.68600478419179,0.5287788729494372,0.42432397081301154,0.4633995745980633,0.5601880224141946,0.48380390466792145,0.5032070572216792,0.5793179014425365,0.5011271447838322,0.42969920412579515,0.45335724377631914,0.5250952797867868,0.4586057683756334,0.4525641917562915,0.5399072055761476,0.4590207788461851,0.38908738117846103,0.407083340643232,0.516931440201039,0.5173919723288538,0.4970822977384489,0.43128931965245615,0.40353186346087017,0.4988284865451152,0.49921372821824817,0.6055991678806891,0.5267224477463418,0.46175766091635856,0.5317510994118274,0.46701341250159867,0.545047831336784,0.4020422158754072,0.425216643944396,0.46836488710768376,0.48063911492044187,0.4623863153061942,0.5337787625896511,0.4388919706271229,0.533284461280522,0.5808135064556004,0.521152374279836,0.5230664847936037,0.5861835702880651,0.5039135353376215,0.5534129173331132,0.45135989064606896,0.4486890259903432,0.38247060096582997,0.4856529705971298,0.3899670381421341,0.44153023329419505,0.6519390942504487,0.4540255536577774,0.4758871071482671,0.5911978160938408,0.5734451119640126,0.5869492189372889,0.602615270471209,0.5061288120093844,0.5547134514590794,0.4780501932991019,0.5912588387475245,0.47378231843698504,0.46642677022561607,0.6229928809567143,0.5235362892765341,0.5247662644710125,0.5479052658491602,0.44042668972859433,0.5183467217148489,0.4918625307999029,0.5362367869370953,0.5165415381692349,0.48395207832485515,0.5580222922328938,0.44526535220618274,0.5024292424078597,0.5335466870205111,0.43685269488917927,0.4513225339041959,0.463328406399347,0.5472361135428864,0.5666049541283517,0.5809366068771915,0.43250176024446246,0.4552462475029453,0.48790257677190757,0.5007044097657355,0.44659304679353223,0.4798953854117521,0.44081611561524925,0.5682999792115597,0.49820084460884606,0.4645798917302994,0.5985477655971567,0.46664514136169977,0.503648917169867,0.4118445170017005,0.4825413322336618,0.48642931768430864,0.6609596717518416,0.4774085684570507,0.5172680632809563,0.5573532461282077,0.5516205667223256,0.43354016375333837,0.43298719950230335,0.46241426364901406,0.44846536346294763,0.587219769557569,0.4205651084716544,0.48546008216530984,0.6560037339607333,0.5988031469971671,0.5196979133850549,0.5443174096601553,0.5038076468807243,0.4288349482140913,0.6077137252052851,0.34111200016850896,0.6145991679063508,0.4865928401834915,0.5314091053957255,0.433721094430639,0.5172563817423587,0.581585078348087,0.4182032636312943,0.4386252598422044,0.4406048438333207,0.5005944894724835,0.4181933210719395,0.6028730315018718,0.5956964138249106,0.4780273071385301
0.6287678783617845,0.6194574587666944,0.507720537994648,0.538085761170794,0.36030905031168114,0.48132369737988906,0.5383975959139524,0.6376261697936464,0.5662186375023436,0.0,0.4963509081578844,0.4851959307180737,0.5730657824781734,0.4552419618916169,0.5839775233339729,0.48025061386905243,0.5573713781954706,0.6219532968003592,0.5705179377565642,0.5423067792458864,0.5372821176597393,0.5652032082627905,0.5301935985407742,0.48083957660663235,0.6558777798274894,0.4436015402956521,0.473860039485223,0.6063127482066415,0.5101299988974551,0.4671593445191541,0.5847214070456763,0.5319849969906267,0.5124070559031662,0.45304042809310746,0.5238217441456533,0.4508379738134949,0.5635701328266838,0.5550465188734297,0.49548820222775236,0.5576451276604558,0.5400302336713937,0.5239150349985525,0.5235363636095237,0.49427607217874037,0.5654912284869898,0.5508391339541115,0.42247615237536207,0.4441432869500784,0.6285510698266332,0.5260979832503511,0.5867719344972332,0.49591768732338193,0.4303031429518114,0.5994490091842452,0.5304534705418588,0.5452762977926577,0.589855560002235,0.4784776585893451,0.6376164910871287,0.4748420640442131,0.605221780948253,0.375099771469785,0.48303698860108,0.4107866410611773,0.5110238634546079,0.5078102012714258,0.5490984972942868,0.5167109426049132,0.6383181785040172,0.6807846895049912,0.5757194704312175,0.5007923563626159,0.510247963076868,0.6476404352892633,0.5906312569549853,0.4753294018567502,0.49181287975247573,0.4178528957895216,0.5509631745074415,0.4128896645096304,0.5007123666962214,0.6202391199441454,0.5303249728967995,0.5012649451727286,0.5460406991759992,0.6132822049758853,0.5115320291727292,0.5820854103025385,0.532395088385327,0.5009860226964405,0.5242155144944667,0.4997969294770875,0.5253317518967244,0.5012812924893009,0.6261906111289849,0.5678815674078076,0.46547066381318924,0.5083935085539195,0.3739425743884249,0.5695839862493562,0.45496156640214797,0.5420084054779017,0.5065139463588968,0.5577684923713544,0.5072108525048343,0.5009917096707456,0.5476277267933903,0.6116702453273831,0.5411856309706454,0.5134092978904677,0.5006550046861971,0.4946574108991412,0.5647400815049228,0.49835917813686215,0.4801933983142936,0.5463837795506407,0.5228993459618925,0.5504308616521674,0.5187334127377241,0.42610127018048083,0.4556650617411995,0.5440087311814996,0.4725153915576118,0.566457762256349,0.488624897088259,0.5693631031744146,0.4482536053594547,0.41239337380872926,0.5020824071451317,0.5740994185077039,0.5494071009767302,0.491608847798605,0.4826727543990642,0.4720609519993055,0.5511094485691106,0.4682922686429906,0.4806137980515526,0.5414389735676667,0.5311364674214769,0.6079612570322664,0.5033095968109816,0.4328010520704411,0.6418463134589845,0.49270088179534277,0.5176517925271881,0.523865837443012,0.5051976178678202,0.5253433159503716,0.6494091158325522,0.3090993744879255,0.5794353284847625,0.5432446710023997,0.5638457462133327,0.5103676543825268,0.6016229239783687,0.6349228982854345,0.5089668398066473,0.5240894519117936,0.5114499554544858,0.5327028552036313,0.5209546429296525,0.5496949174555736,0.5299165656048048,0.526414717748828
0.48551305452864646,0.4795747917719014,0.5480860621989774,0.503399038897708,0.4572394579896299,0.4589398999673603,0.5965835897899209,0.4631697190497804,0.43866635833432227,0.4963509081578844,0.0,0.5806896266249315,0.504779814845849,0.3919869152699988,0.48149025745156315,0.5586191495442306,0.5367172912925657,0.4292149383918042,0.463429363153841,0.4362951353208596,0.587797609326915,0.5965444018209847,0.5064266776018473,0.6042029735968726,0.5364001224615849,0.6125985624693278,0.430424793756166,0.46828057608485746,0.5129549165301636,0.48239248940399265,0.4659639618127334,0.46250874370084294,0.43875407457472276,0.4584120394843197,0.44890579302151706,0.42562899840727186,0.680356875202386,0.4806304958871888,0.5982525684851349,0.5436149422100855,0.46639633307917805,0.5557376992094069,0.4698390804208576,0.611496552448575,0.47791836538060173,0.41750642484013445,0.3921134211165222,0.6524750842553569,0.5961544994021117,0.44174747482007465,0.5299588340179551,0.47528614341627845,0.32941432728548503,0.58785352739164,0.5609863411496894,0.47800702947986334,0.481465341805655,0.5540980685242798,0.431902811575554,0.40004773786040365,0.4753960381012957,0.3358056114878322,0.42133802260541403,0.3838625137684182,0.3848952634607519,0.3869150979267587,0.520345793247292,0.5045029121962487,0.4531459883732442,0.5056085476023425,0.5151026929942177,0.40545854115028795,0.4649398105382279,0.5855095970452324,0.4383466489876797,0.3602841714452112,0.6370891437404413,0.5504348210591337,0.4252000089708978,0.4605618006274597,0.41845710087586135,0.48602489484124345,0.5222062031309002,0.4119262220816318,0.4846091238934912,0.48765549050205526,0.4985764403164461,0.4208092847328234,0.38500771612164436,0.4987610885382281,0.5787545568911092,0.4189417914820647,0.4842292800537347,0.39819876731111414,0.5015782964951512,0.5628784387025406,0.367734568195885,0.4404091849721731,0.3590003369000044,0.4278380587409767,0.4271767167315532,0.5068351468861529,0.4465297091336921,0.42879933590064034,0.3993326325061692,0.4634375807010313,0.4440573405800357,0.5335831393671612,0.43431105506948237,0.6584082392764413,0.6626018409503315,0.49370794791259365,0.4967225884188931,0.4493170693275642,0.38964395421878995,0.5226628268644535,0.38336765068160444,0.5394105528035844,0.5793917104845384,0.39236926904012587,0.5371527055308745,0.45229821080174176,0.47894256978070143,0.5518594845341109,0.4338492617820574,0.5339363742714567,0.39851847931211615,0.4649020666980188,0.4659843693221752,0.44329678646419984,0.4229759629486962,0.49723800817464625,0.45579595470198964,0.4721336396703533,0.5601567742349036,0.3929000901413113,0.44293628706266147,0.5090627442539749,0.47348547991349377,0.4936566615659413,0.37477463495256264,0.43748282177393016,0.4735389618272834,0.4422029744199091,0.6289055127834117,0.5076610606959128,0.5476265251332514,0.41582376344882044,0.49025240808757087,0.3123149542905301,0.5085586175172396,0.3848821864257722,0.5412940359472851,0.49030148967406034,0.5644769603756986,0.5345308528272004,0.5374860491678873,0.6111941947153683,0.44480867425022436,0.528350997113943,0.37202196439918384,0.4410046111365546,0.4392020607390574,0.7532860148886514
0.4692741581528953,0.480882836572272,0.4908264243347946,0.5043283892360402,0.45176165920906214,0.4771159242430073,0.5779797305257143,0.48567242649982695,0.47026347535135987,0.4851959307180737,0.5806896266249315,0.0,0.45286164830632775,0.3910370244990392,0.4472733659650327,0.5367707068529549,0.5296056962255107,0.4061677294517773,0.5035276005912048,0.4285527273557434,0.5699906684433041,0.49572250049664424,0.530529199567051,0.48084019579764453,0.5387330078468514,0.5480758056538743,0.43068073162208287,0.4628544706245289,0.48614741886710283,0.5549240283859267,0.5131285915908921,0.48601585227276556,0.4422783288480079,0.5263857965661229,0.4672186376057809,0.47821884220265415,0.5551021118392292,0.4967256735747905,0.6124081019486639,0.47136370100105224,0.4809886593099645,0.5820040559174317,0.46169894895177604,0.5987564780546119,0.48461152254603324,0.41296021023361595,0.4144078638414309,0.5130609197246832,0.5582296673940438,0.45991205475615676,0.5346071549213776,0.49201440515795714,0.33220823562250607,0.5651727329647425,0.5777130779924337,0.5176170072596725,0.4772338663516433,0.7164087091714363,0.41056346055596404,0.4193423371587631,0.4374609924178362,0.3606471130944287,0.4197603738170602,0.4092921372925154,0.37792179616631105,0.373956570460491,0.464215560666837,0.4425324767961393,0.43734377713599687,0.48638789714601854,0.48204852641136214,0.41047375136685554,0.4702836581145442,0.5284443689164537,0.4461011123946038,0.3608150529726433,0.5455759530335771,0.5418949104599068,0.4323278076725334,0.43253275380856165,0.40419134935384265,0.508177905929114,0.49732874602446164,0.4057304154675151,0.5301844870404187,0.4996219387683129,0.4925416617181403,0.43737439222576785,0.4019184027834253,0.5042041591023523,0.656507529038741,0.49388810974292524,0.5038391082212409,0.3905826664666221,0.4943915859012241,0.5820602856661847,0.37613115760734556,0.5155635586508199,0.39791362018137016,0.4403968579337414,0.42347860602509557,0.4976292605277537,0.5077883114310536,0.4670912638417189,0.4282451298502081,0.4669704691487265,0.4533995153242292,0.546556076922519,0.4244126809093631,0.5251383474444732,0.6978329232934127,0.5470099045835749,0.4740238655879127,0.4753856162377065,0.3944610318398812,0.5176317792985838,0.4001879005811551,0.5095685459974634,0.5628233182247806,0.43336234008971597,0.5151314061632764,0.5040469426371533,0.4831959862827676,0.5205061611040966,0.43027492112481075,0.5179423646927644,0.4414177603223386,0.48904523895775637,0.5038749023802955,0.4150487596810844,0.4691916882442877,0.4902757164950768,0.42828718947056155,0.5117715741636257,0.48489143142112007,0.3682953943748992,0.4348899497401926,0.4871274940205759,0.4324041110841277,0.5210679045993711,0.3620620836200813,0.4669287893596888,0.5053866465696394,0.48160653720004226,0.5871003384019094,0.604762684454536,0.5925104653142685,0.40157261389136956,0.509649712554036,0.34128356624699624,0.5150166046095508,0.39321696899769726,0.5340643288013539,0.4714100454027681,0.6155862981874275,0.47198695490068415,0.4226299364947691,0.5784677401748604,0.41577884096053297,0.5382269103790718,0.3548847516107721,0.459424736568933,0.4582153409981006,0.5950686073483157
