0,1,2,3,4,5,6,7,8,9,10,11,12,13,14,15,16,17,18,19,20,21,22,23,24,25,26,27,28,29,30,31,32,33,34,35,36,37,38,39,40,41,42,43,44,45,46,47,48,49,50,51,52,53,54,55,56,57,58,59,60,61,62,63,64,65,66,67,68,69,70,71,72,73,74,75,76,77,78,79,80,81,82,83,84,85,86,87,88,89,90,91,92,93,94,95,96,97,98,99,100,101,102,103,104,105,106,107,108,109,110,111,112,113,114,115,116,117,118,119,120,121,122,123,124,125,126,127,128,129,130,131,132,133,134,135,136,137,138,139,140,141,142,143,144,145,146,147,148,149,150,151,152,153,154,155,156,157,158,159,160,161,162,163
0.0,0.36836091223279727,0.32208977253113946,0.30736462139592174,0.3560843383530038,0.3555773391822462,0.33731444330098187,0.33877907726469775,0.4429654044842692,0.3160602943230334,0.3617150988349463,0.3284253608827278,0.40891875993024884,0.3735912454533791,0.339209381395731,0.3760412031696805,0.3737865943362068,0.4995174705442377,0.36502955032350015,0.6100716561380841,0.3876016714915971,0.4013286853674478,0.33637190818165547,0.3392951838466747,0.4235526808747349,0.3002790625779528,0.26800364169936786,0.3444674845043934,0.29474006363574196,0.32108295026674927,0.3944394979006477,0.3834616388161588,0.3253182964576698,0.36351874379163207,0.4651380894111043,0.36834821401139844,0.4258970578883808,0.4248997359863395,0.3018420709197699,0.32497653600511184,0.32608380711434687,0.35592528420448327,0.43292396958155427,0.40200583242095916,0.3624243129489546,0.3849494157102279,0.36052597493182853,0.3606230446223591,0.41305226352436547,0.46999226695588614,0.4229014358248474,0.42836587580879354,0.37074876588764255,0.33919126636824176,0.34136053938830785,0.3640877754296307,0.5163058641773466,0.3413148227318477,0.37201803468199823,0.41314145340614655,0.33120570778620745,0.3445499951041053,0.3899428021163853,0.36181052894856386,0.3949208582873639,0.3866725224618042,0.34211605373086634,0.438026668985756,0.3365051543407887,0.4173395402556337,0.5460699786457048,0.41850348347191774,0.3771648039786339,0.36260546818449013,0.3763498472533695,0.406619225515431,0.2990395575554767,0.3187412541617585,0.37073378343002333,0.30008062920193007,0.32951307950551323,0.47406169264459996,0.38242852000472544,0.35783798717284854,0.3621823212542725,0.4205431231122016,0.3503861770057482,0.4387324869038036,0.3891160747682067,0.34358805135174747,0.43892471285355983,0.40039236028526887,0.4236588656242473,0.43917782600874117,0.4159587526532666,0.3638080762595251,0.32203398269807554,0.34019143601869073,0.35981841069161213,0.36235558358947384,0.3718140118556281,0.3109829974618472,0.32164557670653043,0.33955582834331177,0.4662749949072362,0.3908309956680335,0.33493491505388623,0.36193659196606603,0.33651896849499696,0.3440461592260833,0.3659635386790698,0.4125349138921831,0.38894656354692353,0.3267630943586508,0.3872571076419722,0.3594697056750979,0.3712115049526398,0.3908781823226834,0.3146241909467734,0.3657251856543402,0.38478382640761244,0.3224056850597058,0.40796138678704796,0.42240989738827467,0.380374603765933,0.3220343779984965,0.321244292860223,0.3128844081035437,0.3237775613511049,0.38184818232635476,0.31853955399753336,0.3391630149405521,0.3474167373570947,0.44447989785333897,0.35676071909978474,0.3547617314583677,0.43012933589089486,0.3375447847514648,0.3351914482533849,0.41362837196658814,0.33042719383302893,0.3857508081861101,0.44290992812529906,0.359301222471853,0.38519516135542725,0.39980527161890994,0.39683053172144556,0.2925404000072383,0.4028483812987491,0.2552678044853523,0.4492840104066963,0.3679008086417296,0.389695054916086,0.26090262483006926,0.3615169339801495,0.44079683368247735,0.3436509836939735,0.32721220318873145,0.3531921746501172,0.37765636357838844,0.28216636050396576,0.4576523199299334,0.29225492959570015,0.5070196197359833
0.36836091223279727,0.0,0.41777684497058465,0.36945352193683395,0.29840036776127127,0.3781155524875866,0.3795455208378473,0.4476000175830285,0.31837305193044396,0.4650958923586398,0.4043597647432603,0.40717428965760744,0.41298880602098076,0.4105524995587347,0.3628122008240446,0.3820322006561052,0.3757783307682125,0.39812525410621635,0.4039898724494961,0.4000812933199244,0.40504608232782957,0.4852659087363884,0.40584863795444553,0.40236939821077733,0.4654165830614514,0.32127068721239527,0.29482471141220024,0.37584064797969996,0.4354809152280678,0.3007761824030292,0.3610916557015593,0.3639262091645075,0.4095339058943594,0.33721412706573023,0.35478046803660596,0.37666198848325033,0.40398732355986,0.38212513461198694,0.3274570822729653,0.3803232756604722,0.41444081674332595,0.33526486337224437,0.3201816243303913,0.33627492732921316,0.4934827399942905,0.3776252074912903,0.34814095092281955,0.33787590753017954,0.42620224873245244,0.3382513313297006,0.3750143238773594,0.3783236108211975,0.35001609156508634,0.47261513339831557,0.38864354999543066,0.34969896873231165,0.39381302710516686,0.337209406269229,0.4320812514725699,0.4493897345962676,0.4031514409625291,0.27987249060634334,0.33093307680870254,0.31227240925256866,0.28815921356300916,0.31819667090186216,0.35431929409526647,0.39109371015770006,0.35112951103714923,0.40478415397121137,0.3629011035778778,0.37107910811370765,0.2844556762534475,0.4197617505763658,0.358302761607134,0.32739822203511193,0.3273907738152026,0.41331912188813397,0.3569270845556708,0.2667119952561271,0.315416959374287,0.33790300457782974,0.5004338826983046,0.3705025481827743,0.31764163583147326,0.5279341589517522,0.31380440343936433,0.3142823118586169,0.3448488921452472,0.3761247616970132,0.3231715790240645,0.33264151910145384,0.38763119819711817,0.3535540691611009,0.3763818472186349,0.4576282963683459,0.31449744180735845,0.35854899492460895,0.2712243763044843,0.3836418507721622,0.36226733497850583,0.30598966570712943,0.2767627063355343,0.41748569178840167,0.33721913587795166,0.3724584150095982,0.31697950332973784,0.43132351192437574,0.3908727493731358,0.4622071617755263,0.36220846965841125,0.30535725361649824,0.3161099157260581,0.290452699649828,0.4077682089247179,0.43670728636903416,0.3520916084120533,0.3273003865791621,0.3616546369836338,0.3081091507061565,0.3306148908393028,0.2998685513650882,0.34633051677612176,0.4469689416778783,0.2890360997830588,0.501724593570505,0.28678238601119327,0.43140065288161417,0.44284633581505234,0.3612168593687005,0.32639724698080697,0.32561667445310183,0.3248957078339116,0.3345931377591973,0.3620165959226642,0.2886487004995433,0.3909750640192906,0.3344145876634856,0.41045449059886596,0.34743172567084846,0.3937225739585781,0.36698026449323007,0.42284323226101456,0.32197991057151326,0.3842462087171118,0.3214291325926871,0.36607902520435753,0.3609233781956115,0.4958510821411142,0.2743106617045065,0.32398929677446325,0.38590269042307906,0.3487241424241691,0.3800444629292018,0.3969324716445084,0.41371940798026563,0.403390939769582,0.40777532039751235,0.33128678859401955,0.3035996887596465,0.35154306645703015,0.36864493479441457,0.2846408770129185,0.3501699028464182
0.32208977253113946,0.41777684497058465,0.0,0.35139033544923265,0.30352332091464335,0.375211295507023,0.30675658554158136,0.4166037621243317,0.28610830532655046,0.4968677910860988,0.38139221942170404,0.3373682695965023,0.44814536260905974,0.35411710822620224,0.29111686068785003,0.5095783530285101,0.455110767346435,0.3628449453040056,0.3017886042360471,0.3151978331046042,0.37638747722103744,0.45288298663300325,0.3392427724893092,0.3035805435598118,0.3689801313205247,0.33504918948672213,0.30767449437332306,0.3978876063420506,0.35957261931727635,0.28803099725987125,0.2849247181974859,0.3772471376496478,0.31196891109582914,0.33231722471868086,0.29578371521361524,0.33201355992096787,0.3515696204876086,0.35183044769432426,0.2821850364470559,0.33453990514382914,0.3095327544324492,0.3515419114829488,0.29298030611312026,0.2890353475571823,0.40385948402528443,0.35033821949347266,0.3026053941225204,0.3135337304067441,0.3474080371853112,0.30642935939116994,0.3330940216827235,0.36591598406674397,0.272293802458042,0.39633488039419046,0.3606338349719636,0.319541338652561,0.31354358772280094,0.37433249225375037,0.33177437274631605,0.3582787580805737,0.37575647982440785,0.28807412125487347,0.33127609984685497,0.2948824042148464,0.24611759403871797,0.29251475872827937,0.33015313651062017,0.35215821460893193,0.36057391374017045,0.3963892312479214,0.32642827931223517,0.2917665829680396,0.305310997727916,0.4728189076141948,0.3903811358914006,0.2559206404616989,0.38197599622320405,0.3781251180937343,0.29902859573545676,0.25484079678147753,0.3024570351129101,0.30109586481102124,0.3684425943533777,0.37188652743236705,0.3026967126054142,0.41554237011710216,0.2869264656031022,0.2737055385942234,0.34178813333342745,0.29791256439275626,0.3341901640509378,0.2790375378229009,0.33855859466933097,0.2650131496570017,0.33455623689330855,0.3472251996794321,0.2660316883583866,0.3463188969359567,0.24555440001711265,0.37738340788585184,0.2804499708476795,0.31824677150596165,0.25341081209497573,0.353793938824364,0.3043211868627677,0.4262895618486679,0.33463649735939455,0.4035733529750943,0.324845424392358,0.3601945138233492,0.31085855329326595,0.2718581689016693,0.32609667402843207,0.3178912562683732,0.32397170689925264,0.43579832820934167,0.29896830877271235,0.3389600310983779,0.3869308379902209,0.3514353017873865,0.2993023379252518,0.3039856526836732,0.2922272494890745,0.3577621720380619,0.23242221756028736,0.3975069054921944,0.3065895752291135,0.35828277685931337,0.4543877789665409,0.3026358278464252,0.33266317774200277,0.40610790270022135,0.29911144553693314,0.2742565202950296,0.29302331911314844,0.23603673077131535,0.2864014205551029,0.27678411051911234,0.33931947175387295,0.28859809575431794,0.2888949947946389,0.34897969255814915,0.34565345083821974,0.30915001673438675,0.309860269357707,0.2750617880417289,0.31900798425771415,0.350801046171525,0.4209299095010772,0.29430728911384696,0.26051031184122975,0.2780690706634933,0.32142682335898426,0.34944123540444494,0.36280867842472186,0.3241704699180975,0.3376457405549642,0.3954164712631151,0.2519811547472278,0.32922058826768125,0.33172970085013037,0.26387673587030347,0.27589504292028616,0.31007198064688346
0.30736462139592174,0.36945352193683395,0.35139033544923265,0.0,0.29342956309712004,0.3024299734486691,0.3961396911517888,0.37926332067261187,0.27129901839614956,0.341389193997813,0.3621809972667536,0.3259984866435125,0.39113683014251427,0.4060076787352129,0.35158400864095146,0.3682306125780309,0.3960555465079994,0.36680161049132326,0.32255850187179735,0.31620895709745656,0.4085254673562202,0.34167476014836945,0.43066242636651925,0.3465880006611367,0.3640572305626963,0.4497299458432244,0.3852668771343903,0.3807917035192269,0.34981186526519104,0.25956187120529256,0.29366232721752483,0.3392593245167905,0.4417574667581702,0.4048473276031596,0.32835012546532255,0.3871421202506419,0.3678676676242277,0.38087480741411645,0.3129760126626467,0.4563201896605326,0.39664142549943954,0.32482890909649537,0.31863987493981866,0.32920549242210523,0.42137788508674834,0.4059138062245456,0.2786526233169935,0.3118682087603183,0.39210551205149474,0.337498810995635,0.4109420732329043,0.4046332081946035,0.32711447873695315,0.44050230395284456,0.38141837553524904,0.3217639723248056,0.3811108010439968,0.3513099159665146,0.3836613347900339,0.4550996439898472,0.4018273915400592,0.3316501078865743,0.3530117658054782,0.3096709273268627,0.2921338742376272,0.34705133437209124,0.4719395640278558,0.3207195262468219,0.3425529388638818,0.36527982488788213,0.32806137840868527,0.35489910003454694,0.3419995475291468,0.51615609839935,0.3483180144101738,0.29402214717008346,0.4548696113485855,0.43613342556654655,0.36887248049221233,0.2675005154008671,0.30098080905109914,0.3586871231004756,0.33362197821280754,0.3734045084751393,0.41386461623745413,0.3969577547335643,0.3583438503308566,0.34097306590823795,0.3778294381464676,0.3381937815937123,0.3639459160314006,0.3316876948404003,0.3361492697339848,0.32071346447071997,0.4079178360745336,0.3145286072192164,0.2913122991552635,0.3667717318899188,0.29582291789195303,0.42131523247126607,0.3487535677316545,0.36997630684866933,0.3484609679145765,0.312972020164866,0.35358493651338896,0.4037247480805866,0.36716082081416573,0.35209244675944057,0.42103864698250887,0.33455138548113006,0.37001921306129676,0.35401984098978406,0.3791968919120419,0.3731815104333599,0.4106586258269849,0.39325277395244107,0.3519463964120466,0.2855651823269962,0.3620277526962022,0.384846871634353,0.3482527821957801,0.3954438647959893,0.3556356600329802,0.3736160708672268,0.26773865640333266,0.35104056109797765,0.35242327104350707,0.3878916874110882,0.4360091409753378,0.4114696564834938,0.27972704085242267,0.343464897842167,0.3916824304519112,0.33499020535864427,0.3170292633282935,0.2536585548551475,0.2649631803485943,0.37876576889359187,0.40715331315167064,0.3342601324075362,0.37692708225688537,0.3467158110724074,0.4265743214215123,0.34776603074678525,0.361032102159306,0.3234846643040394,0.31936498443787936,0.33891844843701313,0.3203481652775073,0.27797226094448785,0.3360694259941339,0.32919138868682024,0.3537286943730739,0.3464675257599804,0.3957169973044222,0.3577861290721643,0.37925659990431004,0.36916477929777874,0.38769131892898784,0.36236546845352346,0.36325378418538184,0.31279229509839723,0.35163688472486687,0.33146370978807677
0.3560843383530038,0.29840036776127127,0.30352332091464335,0.29342956309712004,0.0,0.25016348719512477,0.36015216136079564,0.2878324688724648,0.3265299750680511,0.27493574525818504,0.3524162356780284,0.3085074961763957,0.2879374362424634,0.3225863745083544,0.34146208983893844,0.34343574423326817,0.3487098064999563,0.36977469508669353,0.28055477549725866,0.3521492611511504,0.33930344268600254,0.36850920830421663,0.37118383189285836,0.3146880067339597,0.30616977290622155,0.29819762699598024,0.292323745854644,0.2911991048369456,0.2664902917002537,0.3090369338597523,0.34179757889957135,0.2764045276762169,0.28688634324242696,0.3115087205390108,0.4613300081968476,0.38943881320699314,0.3423548279478797,0.3699932795429249,0.36655742156747345,0.2906032355916726,0.3202571296411675,0.32842950688908623,0.3439391751317283,0.38006857807980526,0.3062784358216034,0.2973774766384277,0.31868162754869234,0.352242168716371,0.3923007752134443,0.3865381674341895,0.3367416684005027,0.3076915811867232,0.2987460242434246,0.31010452740763117,0.326245138569733,0.26689258693869455,0.31802938566067823,0.3535606416057402,0.31531193760117376,0.3373553840474256,0.2512375400503026,0.2657947899081728,0.28736745692785287,0.39191523396015754,0.3090927953447441,0.24806970799758474,0.2815264831514192,0.31857439651580577,0.3120383829333836,0.3318286885758265,0.33665995677423405,0.359758222412043,0.2821114260164544,0.3189329937657462,0.282408907503837,0.25700724906250033,0.30482671874567263,0.3941437608288593,0.28776707571557564,0.227428110941426,0.24886990425906846,0.34857859010880976,0.33119324757375707,0.2671109547101981,0.29210856220175974,0.3292344687640166,0.27733254775133437,0.3132480737111177,0.27812115723506103,0.2838423329234036,0.4476138384799727,0.34965605810943645,0.4069841653003677,0.26175582393844016,0.3435574944732662,0.3121171212168127,0.24371005354738265,0.291649087238722,0.33843960051005034,0.2713903943540994,0.3257877035209926,0.2693165235221413,0.2968062708660476,0.2986221915913938,0.31549238794025275,0.31781048884163116,0.2679031831608152,0.3302173176174763,0.31255411391451643,0.3061204660650179,0.3292048841161113,0.36732007079208195,0.2629446486967701,0.3192618815118626,0.2882989343546486,0.2970145237993609,0.26405018426990684,0.3607776325332714,0.28066935586837494,0.334306022279746,0.4726707970288769,0.2821331749918013,0.2889710873624933,0.3384025003202523,0.3148897005246777,0.2731087678631622,0.2728029459163457,0.3233790112331412,0.2996826794170917,0.31878229229769617,0.27059545164455806,0.282835647198899,0.2663978700257527,0.34334261862894994,0.3301464578696595,0.3083182364070948,0.30340541173518537,0.37219030187706453,0.3179755568155307,0.3527048744113529,0.25812667454946236,0.3291090011148711,0.3600741545464378,0.3485312247768365,0.35676716657633306,0.33044494860876317,0.38763551544871727,0.2700296688806679,0.3046367136625962,0.26421293491215075,0.31619218260332776,0.28366383173678933,0.41120438172506313,0.2801909493267176,0.3160160666167821,0.3289500811797998,0.26506076594143,0.30301329211729633,0.28867075237023326,0.274904454694738,0.24547576032110655,0.28927366462490384,0.2728309197651039,0.4258711859958301
0.3555773391822462,0.3781155524875866,0.375211295507023,0.3024299734486691,0.25016348719512477,0.0,0.2634999636945598,0.41277097206823227,0.31549226826360083,0.3784373523937326,0.3249232429792532,0.35891056566390545,0.4190016409007182,0.2713796181430904,0.2724383049124199,0.41948219973877365,0.3866277585328968,0.28735136403995987,0.4068878694358303,0.3758989235526867,0.4007685449368982,0.32451265041937166,0.2738098291274415,0.27849487965007813,0.44117630012357767,0.2690656358459089,0.24459033959031598,0.35507139601157117,0.28239334492645524,0.3133902167682985,0.3255845964673051,0.4897029997524037,0.2978061688149179,0.337549486158134,0.28775486345958917,0.29854496359988025,0.35205437164927883,0.3146143918810731,0.2701514152378202,0.2733305533823206,0.28567615708346805,0.3832746538000112,0.3261163831088854,0.3162364463284907,0.3230125476931165,0.313336187794095,0.3079134665379918,0.3094545789050484,0.29196222829096224,0.3124868988036382,0.3318809576384864,0.3892691197629188,0.28338188844970813,0.3283575323039473,0.28679559730563176,0.4056991959808444,0.3596659039411169,0.41825778435554706,0.28984888560057503,0.3139602229191601,0.424401462167678,0.34222942689454244,0.3806818691727445,0.25786218449284126,0.2802096019854668,0.3359288030616367,0.2963763633846751,0.3536766035466053,0.2840084639150171,0.3763127808441,0.33591524443963744,0.26766180644567195,0.3311937151560816,0.3645120004149441,0.430236534109525,0.3113969849152696,0.31746488186484756,0.3019393263777899,0.3032755126397631,0.3722171819637143,0.44834618370524515,0.32411678231733093,0.360634820664747,0.39075336246484893,0.3556528102491704,0.3648177788537822,0.40043479736497095,0.2932509496303791,0.38768478310347415,0.29507635274143623,0.2958003756021227,0.3216385773829248,0.3135980508819109,0.31932523967883303,0.3030024296544938,0.34928338434885514,0.33189318629605313,0.40760553965427904,0.26435322845825254,0.3404181961637269,0.2716164312904997,0.3405230005780598,0.28177704571034323,0.3299821013246561,0.344671968077092,0.3973369061860179,0.4021369337092512,0.42132414281814373,0.2824799100712667,0.3733454489801967,0.3371670206211944,0.2833601694067299,0.4086098508761963,0.3408598425470747,0.30153189506832634,0.35595660781431476,0.4146308027787301,0.2919192053657013,0.42923534542412595,0.31726754545321373,0.26520158383443576,0.32258114057175336,0.376269826071583,0.36034451217866137,0.30049862578847913,0.33340204062443324,0.3510698966336555,0.2957660475547267,0.3681200363960604,0.261350898902768,0.3882867345098977,0.5030942457046321,0.31666872444324223,0.3063072347336556,0.31904223505233165,0.26235843978379747,0.3338938584312847,0.23745429814595775,0.28005157014726806,0.31468493897416583,0.29549993821078213,0.38485566814760347,0.32888026794606107,0.3199586027151097,0.3252286297695778,0.29852475390365085,0.3307923592516656,0.3578563882160538,0.41156811178048863,0.3381793754743642,0.31199450399062695,0.33089818363878054,0.27439209255267816,0.27594966275218674,0.4076692316944413,0.34141871581581973,0.32231152488774434,0.4215168814013653,0.2466716350009185,0.35131821880613323,0.3096140697471733,0.36735073358441545,0.31982822060989236,0.3024854744589899
0.33731444330098187,0.3795455208378473,0.30675658554158136,0.3961396911517888,0.36015216136079564,0.2634999636945598,0.0,0.3085480661086994,0.28631890306827945,0.3170231058110297,0.3515928103342951,0.3687301761408213,0.34884613282345805,0.38037425648824424,0.40675413154427426,0.30914158534846287,0.3171149793909893,0.3727148682647721,0.31391074080077375,0.3233421689583499,0.3527630623985804,0.38466542081576094,0.5056147870969709,0.43438841834804215,0.351178782619196,0.3983494653087592,0.32215017926340084,0.30614737170391354,0.32603668159435645,0.2871483866119521,0.34525610055094486,0.30978088129365366,0.4068937990078752,0.39258481464872164,0.3419034050579398,0.3867662614587189,0.4206362762511623,0.34168763885111103,0.34070055820630296,0.40337503382743767,0.4318749562349019,0.3074549385349121,0.3597852012228992,0.36821924342365886,0.4545582970728452,0.37217411284495683,0.3710822805196153,0.3377821850457766,0.5313370754070323,0.33787524253898565,0.39916032290682263,0.3251696122968749,0.2946785904222842,0.4065672981786164,0.41862925463283523,0.3054195123536735,0.33835650087867913,0.30920906310154467,0.41065314918576695,0.386295712675783,0.28477203914928917,0.2825974680691974,0.2806282683249756,0.3585535464656039,0.2969681832773352,0.27731450259764995,0.40542835345956946,0.3912125154768311,0.31972060835814825,0.31160577758931524,0.3718931000964373,0.3610736362598748,0.2795565560311151,0.39258058499579873,0.2575760472446516,0.30629480493135686,0.40070774164303297,0.46706567510233926,0.32302311641990145,0.24801466527977736,0.27185137431047846,0.35581858675025985,0.35982212667510316,0.2750977980616661,0.30540700504188417,0.3736126389737271,0.290526705953213,0.3564850248999379,0.3231695073660393,0.336682564429737,0.3755637869994928,0.4314629759176289,0.3667932361135119,0.3098161378444165,0.3483273041120037,0.38513047213326806,0.26778867909011045,0.3595389258566407,0.31811950920944165,0.37851503997302033,0.376462368216301,0.3159812908510681,0.3484296485792985,0.35194545432542607,0.3108907413574228,0.36606940006412875,0.2922472379344409,0.3255250467435183,0.43577087042941565,0.37365891110092214,0.41251499609950815,0.35380616548976285,0.2918231900872935,0.28044738642801353,0.3410860818074304,0.3408556062173649,0.2928606175325626,0.3368322758884003,0.30608110195965915,0.3001734717174495,0.360513600138207,0.29210406152551244,0.3083749148941936,0.40644569067162106,0.26934821713503987,0.37251169112548116,0.28294651361309536,0.4636222607478824,0.3313938157676029,0.40804064041983334,0.2578945935836969,0.26310770537867706,0.2879271047244609,0.308819746400936,0.31429397564313605,0.28323575007211055,0.3407953429353928,0.41088575629238366,0.39294826133102984,0.38101086846981763,0.34967792014494675,0.3175215180276887,0.39132227063450603,0.32080206155537083,0.3949534982353104,0.4206340178013383,0.3562454475557931,0.3251944621513115,0.32419177160609564,0.238110347856259,0.3350275930478054,0.30988454397677573,0.3547827013683521,0.39798066124265696,0.3752673567341026,0.39677217007818627,0.3521156118469283,0.3649749154006774,0.35749509050769696,0.3147678764171698,0.3141394134039768,0.30807444390995176,0.2978975692287712,0.3525041777889334
0.33877907726469775,0.4476000175830285,0.4166037621243317,0.37926332067261187,0.2878324688724648,0.41277097206823227,0.3085480661086994,0.0,0.33799731190797044,0.4414697988388736,0.3274039576846015,0.37790650908981843,0.41683754131590733,0.32659565378049066,0.31292975589696903,0.46699203495725067,0.44313567884861976,0.34310702983842983,0.3729154994216819,0.3656714469620597,0.42300410288751567,0.34374005401756236,0.3476604638897003,0.3025055755024825,0.4396933549784505,0.3121630735652696,0.31398722974588716,0.3960756249325156,0.2999137623597667,0.31522710146169997,0.38863744769980213,0.405975711818979,0.34806537191179115,0.3894736066029695,0.32968445373959043,0.37808519170308524,0.390307966419533,0.41517784218464937,0.3251853642316361,0.3296140214486481,0.33305501557315514,0.3594396089491299,0.34084550095714405,0.31429703213870125,0.4479658711405031,0.37981136632414736,0.3285400967200173,0.30830407599627413,0.3646944251593337,0.3351332825120144,0.3742044952853677,0.3835594861134154,0.3241028191731222,0.367684100716843,0.3447720216215703,0.3886095048044942,0.37317974153588285,0.4216680882669235,0.3654442827170577,0.3816349696953609,0.4860899340575104,0.3241916246012084,0.3622087258268601,0.3129087601351375,0.2783219673925069,0.32881404002568065,0.3445334970944802,0.3730847222172015,0.3574723472959096,0.5393261248317376,0.35296491594951623,0.3320825899724695,0.31005245562592326,0.4592463856209932,0.4507123429818481,0.3031212654289005,0.4047943384846108,0.36593805242962707,0.4005971103834202,0.28401042299211754,0.34733822197632963,0.3518202774061273,0.45075947864051424,0.4393352769960888,0.36773768121366845,0.5070309446003843,0.3982671823853163,0.32983080637086387,0.45456441577947715,0.36685433110101484,0.330306017373925,0.3353970906231961,0.35489452121387366,0.30976642271015264,0.38453986970241355,0.38976379771347963,0.3363066375906076,0.41677793451662287,0.272025761759774,0.4031630525018098,0.31638289622040866,0.4125306925206576,0.2963039788561882,0.39552714580188025,0.3613637068559305,0.4732918959682963,0.3913226385348072,0.4906849099896133,0.32852968149041556,0.3797167275182864,0.3293639831817563,0.31180569633651534,0.3793306706456678,0.3820006233227817,0.36144444596074476,0.41657466117722863,0.38331474981083796,0.3089388045418237,0.36715064200571035,0.3822775440424865,0.3104337439298047,0.4513853957696558,0.3285435467569447,0.40934375424001623,0.2735438711994559,0.3609488860161518,0.34249236964077145,0.4072742763451469,0.4468823231817725,0.3119345173860777,0.408001226769755,0.4086593597559817,0.3884531199854486,0.3172756258849345,0.33084172174547233,0.26084604470169154,0.35167772748793313,0.2852272867357341,0.34280394309365975,0.3729881750342169,0.3285426181823673,0.35648499272236367,0.4199807928828366,0.3376445441789736,0.3633129849166323,0.3272234189968668,0.386258062840912,0.3928284151110611,0.43564906655869057,0.30580598048076124,0.33368469254907585,0.37080767583511565,0.3341435829635448,0.3316447657655089,0.48649699511466127,0.41708776176593093,0.3390042920458863,0.4601321539719988,0.2699131046107625,0.35920118869069756,0.33873742480231966,0.33641279456117057,0.3480134375655943,0.3281459229309893
0.4429654044842692,0.31837305193044396,0.28610830532655046,0.27129901839614956,0.3265299750680511,0.31549226826360083,0.28631890306827945,0.33799731190797044,0.0,0.2718909171417917,0.3046912501263144,0.337946500168553,0.2818061890656269,0.32592794524275603,0.28599758894593635,0.3284892833800105,0.3157478341890828,0.37389778315502115,0.3556806577135765,0.4221216429554959,0.3421677270184467,0.3724975105520527,0.29127742013406904,0.29402859369204143,0.3538078345158808,0.26599577678565517,0.2711993521336244,0.30353296509982486,0.2525177348127805,0.4202218395256911,0.415276151100802,0.3317809733210154,0.2770121690860079,0.30375784476628614,0.38106090249706004,0.323422692118916,0.31701506586727446,0.4214420218039623,0.2917510051679881,0.27001320768773857,0.2866052805332744,0.4086134984094765,0.3492272732467356,0.32991238033720555,0.3221966030404379,0.2918025446600429,0.3105555995622144,0.29206970852876496,0.33188784524547366,0.36365510755261193,0.3200737385818607,0.32425535975961683,0.3023004610443765,0.2913862544700286,0.2877715493541808,0.379114985567452,0.378694793900505,0.3668564875576364,0.2979304604982626,0.3049506594438725,0.26210653135304085,0.3165754221093446,0.3279339386534405,0.3439783574288479,0.35178505202211513,0.30299072784614756,0.28158676829185636,0.32231167650944564,0.30265314087239686,0.3817426046998087,0.3863678390348142,0.3544585450210804,0.35656923131343343,0.2966723783369215,0.343449127948702,0.31021532825973597,0.25858637381097693,0.27134625371398635,0.32168844981538175,0.27049000276295637,0.2901974164727117,0.46350760013628434,0.36776147921479563,0.2901129011718873,0.3701314389339635,0.39893178434780996,0.34005407156489054,0.3567210242952037,0.3123129050068809,0.35470849684797057,0.38684053734791995,0.4043856194004494,0.3264946335168016,0.31734837974538727,0.3652680027785565,0.3394388451592858,0.3321166997394058,0.35579839537563884,0.4040631286789292,0.28441117845325836,0.3267642067450266,0.2849496360267738,0.32657457181451804,0.32233138509098197,0.40733896511741824,0.3109752699197828,0.2668529321012192,0.34120942327243947,0.2622640571459818,0.28484209515731745,0.29736085552417685,0.3887225257518441,0.31444379324750094,0.35869112099207884,0.3097047182222661,0.33695142113012266,0.33768199458557596,0.3388488678220581,0.2563891567554655,0.35743307711532324,0.3569811584223707,0.31720515121078074,0.3575715269548305,0.3285044609746442,0.41956881400687507,0.27286002661534564,0.31316233798820997,0.29668378734788065,0.28467938665177567,0.30663535713071477,0.4404753894536233,0.3579190793926815,0.30863048114992964,0.4410837354290085,0.3157091034953611,0.2832038951039134,0.35394128331030295,0.2940506077707342,0.303554115774125,0.38635013853186745,0.2748719910868658,0.36203182176149395,0.3621088460124018,0.36724901938860116,0.3258251081560787,0.38033736062924095,0.4537337280079114,0.25063000477528447,0.3600887980742055,0.295973302467364,0.42658121421230444,0.31435511655129184,0.3562893619644897,0.2602897082178751,0.33653402351495637,0.36618924410678316,0.2852305270216731,0.3072979748130727,0.29606094321910936,0.3123978236526669,0.23696718074973772,0.42846698128002925,0.3358263281782842,0.4195645492500486
0.3160602943230334,0.4650958923586398,0.4968677910860988,0.341389193997813,0.27493574525818504,0.3784373523937326,0.3170231058110297,0.4414697988388736,0.2718909171417917,0.0,0.3135997834836993,0.3342363979015498,0.41543769036813977,0.33777609080647664,0.2857200308693547,0.40717658279049584,0.4160229842760938,0.35266132644806136,0.3139307658514691,0.3171085198321994,0.34665531586838716,0.34361988833344936,0.3705618018114539,0.29325885417270364,0.42915881366439534,0.30040707705566755,0.29761685698597584,0.4034727116670417,0.38510340905953594,0.2704690342170678,0.30891708003406915,0.38258737480182536,0.2988521494514364,0.3506483498635535,0.3114250036486545,0.3278972445782626,0.3601676033539977,0.3260435644352974,0.2676521217509287,0.33187901600490727,0.2964426158216425,0.3311576841130579,0.29372469993455064,0.28470997583378865,0.39499145557783344,0.3515291603018277,0.30986552029271686,0.29825997578081165,0.3884524964052575,0.28902910033673485,0.3213580484006465,0.34013065352949406,0.2834440835103772,0.3618851173477565,0.36366222870566633,0.3591252672285626,0.3155377907867739,0.3157653437194564,0.3660617284684562,0.3622086627831797,0.40474871120565553,0.2843308299516099,0.293723162714193,0.2877528886018587,0.2521372635254622,0.2909113867495356,0.3204645834668286,0.3402503515166115,0.3364512554848905,0.37997745529133,0.30425339587034034,0.3361418392017205,0.27680760818350414,0.4202537692660147,0.35781263063345387,0.29314715620713844,0.355818341262877,0.3776351392906414,0.30553304551434857,0.2828854093810648,0.32283485666305023,0.2910034599642264,0.3938730647599149,0.38478919121540467,0.31341416475020517,0.41220739270505774,0.30019718797029726,0.29501739750311345,0.4063710098528933,0.3084910796346245,0.2959087458437844,0.29856514692856406,0.33638612921955857,0.2776141845942092,0.33919517616958494,0.37088225746912024,0.2555955696918341,0.37235461954052884,0.25589163078864424,0.41354750842062066,0.3039160573151049,0.31850704253024653,0.2640958500021186,0.388172122042467,0.2993401769092036,0.4010920214304845,0.3504057379921645,0.4759796314531098,0.3310664216899938,0.37080928215742837,0.3050813828107821,0.2769888235761028,0.34008709787421,0.32601541329798917,0.32768307736508184,0.40357149094375305,0.3435142198249752,0.3415382894393687,0.39761559923020545,0.34308375227527693,0.28596123554730646,0.3126647610437032,0.29978746817280266,0.3648765647589972,0.24641158449462594,0.3986199798911444,0.32106018861444147,0.3396878765040429,0.48128535983886733,0.30508514379993446,0.35945518295583595,0.3348537663452139,0.3190638816385995,0.26635159567170685,0.2839918187294078,0.24181141681864532,0.31589501759859123,0.2867179627848569,0.33944790896935895,0.2984313993041332,0.30061430496494107,0.3433775387013835,0.36847070823971123,0.28623098451151624,0.31957160771828663,0.29940735858256184,0.2887527370156557,0.39639367457133834,0.48198514891868677,0.2936151642130438,0.26715939847553644,0.3251737679592961,0.2912409530679069,0.34294321787785503,0.3709414721073023,0.3331300101947358,0.3047352600661056,0.4404397344273158,0.27398679171991536,0.35175640151136817,0.3847765275956361,0.30618005558169215,0.29500609064331934,0.2829040940502647
0.3617150988349463,0.4043597647432603,0.38139221942170404,0.3621809972667536,0.3524162356780284,0.3249232429792532,0.3515928103342951,0.3274039576846015,0.3046912501263144,0.3135997834836993,0.0,0.3766215063169197,0.38445990388771945,0.3797303943929745,0.3039957397482216,0.4372296245189231,0.40010290246199937,0.3961815187108077,0.3440683532264972,0.3658304002724564,0.37886100787538496,0.4743050610802293,0.36148139398502,0.3537936328955322,0.3841425424240238,0.35753117796719186,0.3223285378843447,0.3899033583549899,0.38228745291060656,0.3046912333972599,0.30720255723852,0.33360570942165413,0.3426897381100423,0.32631985973402045,0.3533088233611639,0.3871735781278862,0.423119889701469,0.40950925775316144,0.36976176477234163,0.32369406783389726,0.3411032222691144,0.3388047081289561,0.32242714391093247,0.3697668276884764,0.38073324330975156,0.31617790622056274,0.26342471660353955,0.4145731642532667,0.41122805384939354,0.3190833418569115,0.36211895269065025,0.32426990597229033,0.2995744851673576,0.4633288885018483,0.43697058983641474,0.2782037048721082,0.36708491942659416,0.3923666011124008,0.3649125880746155,0.3717679620140703,0.3800389335488437,0.256672255989166,0.32571861871622304,0.3400741419994589,0.25434029991075136,0.2798842590449791,0.36849670406731083,0.34749208931146824,0.3779273306409732,0.37817884391709167,0.3419840762349864,0.31748657288824383,0.32765125758961916,0.3913133801988865,0.35637212119732176,0.2870481873554445,0.3916841763646756,0.3949467109843324,0.31252581613652325,0.2557431348713957,0.28433350199854857,0.307146831069553,0.35079326057028953,0.35616490794804967,0.29740913536956076,0.37180042167413163,0.33601617715593685,0.3021804253317991,0.28824996817212284,0.3337319268741766,0.4185687848406835,0.2890586785787797,0.4050878580743672,0.31949410077541573,0.34778367023991713,0.3848144004627464,0.28444320647285665,0.28860631208425,0.27945199097425166,0.3036092516572245,0.38231034593595775,0.3171993241085517,0.2827642227390538,0.3115275223736479,0.32711786949016347,0.3112161244167939,0.28620824560332647,0.3617890824271566,0.30816263083401707,0.3912292742923395,0.40089770733398195,0.32419610321576936,0.3126058947133558,0.34085273852309256,0.3509502602245157,0.34543247696230944,0.28742429180234813,0.3417190260579939,0.3555064707147136,0.3373340107161234,0.3568476060303682,0.2878754349274705,0.3326106785000366,0.37181897445360573,0.2849124214180797,0.3945492553184115,0.26001868435080866,0.39575824850319613,0.3721304134794445,0.3179964258785973,0.27821105827522236,0.3337583588840897,0.3627667413814625,0.3571601964943842,0.3956439577248048,0.2702887720967717,0.3242831621562959,0.3009765905468892,0.38580059104265263,0.3318190915163715,0.3579627356630218,0.3800080401106618,0.3301230079037479,0.3558800757551749,0.4467580213061481,0.29873886708632635,0.3227293472566128,0.30056872881129965,0.34453117334209804,0.30395888513508346,0.35228593115274615,0.31342273078294963,0.45070952397597847,0.2923680380738898,0.3421003987338573,0.39477726582190625,0.36368300894107286,0.3332480327777585,0.3286924580898159,0.30349362811796415,0.28151481414630203,0.33227678472108185,0.2651748671623495,0.44189430116655737
0.3284253608827278,0.40717428965760744,0.3373682695965023,0.3259984866435125,0.3085074961763957,0.35891056566390545,0.3687301761408213,0.37790650908981843,0.337946500168553,0.3342363979015498,0.3766215063169197,0.0,0.2880043297749434,0.26726815447400326,0.3066093729724498,0.3577331682923303,0.3202431558948337,0.29561280780449184,0.4367098297330439,0.3485789487564437,0.4426483730246607,0.3538877361511339,0.3388661751956228,0.32918540125434964,0.4605633941589716,0.29881670164751123,0.2747977917957558,0.2817120266581001,0.3155557555743936,0.3546313132546221,0.4000427250154935,0.35399856090648,0.3331150059664633,0.3963832328766789,0.29392017816074417,0.3782464361499425,0.3883370444827394,0.3629570456160389,0.4145903614768502,0.29215498979435467,0.33372843889555454,0.3532244447300047,0.362610588359865,0.3573289235592956,0.36276024882482766,0.32076984204985454,0.35821637625743447,0.35601628112229927,0.35953585693456686,0.3240177442980047,0.40383161740738377,0.34661515968345813,0.2960130202416562,0.40576114541208924,0.42057740592723686,0.33829148893335037,0.38689585745550215,0.426513959147112,0.3094753651055461,0.33796013582593004,0.30431712125726645,0.29069933708832263,0.3269765109321324,0.3131950046927728,0.2884001044450689,0.30087899306853527,0.29777787093417124,0.34130716905094205,0.28203656610412875,0.3483557054861644,0.3456037034926909,0.28648476824057995,0.2831804636968499,0.3339437528995096,0.3227585606612293,0.30549241805446997,0.34059753202581444,0.3880312590383002,0.3258107666872306,0.26387325525674216,0.3030279779516627,0.38128831749987896,0.40493810757232823,0.278716088972341,0.3330722685473155,0.38200561668804867,0.3290288464774739,0.3263621356292547,0.3360805986027322,0.3666576434102905,0.35538082711672564,0.3815549571780692,0.3532188425063483,0.33740209616549033,0.32947530011305737,0.46803522822250243,0.31811289921280433,0.37787744463515466,0.29311627834510157,0.2904607893327411,0.308299294164888,0.364347916692902,0.3364153147695017,0.4657582002994233,0.3349791126147666,0.3415768091306341,0.32903063611726074,0.3458996916818712,0.29837499142856894,0.4095630544837056,0.48437865446330514,0.35922053126750264,0.3041189801905972,0.34512761655311325,0.309024146297019,0.30387600633168155,0.31618381983682786,0.38784145231125455,0.32668805960958763,0.3072927726208826,0.3046047346951608,0.3289936936346935,0.3249006238233517,0.3866767545249185,0.26971341606108434,0.407539535698816,0.2850954567511109,0.4281957253990355,0.3820528629759221,0.2836674447322105,0.3101984457396592,0.3261087117059793,0.291894042755152,0.3661960568802413,0.35830135162163157,0.25964785954992503,0.3725140983478247,0.27541960468697935,0.3215988386444056,0.421449730836964,0.29357760697406426,0.3586806496848755,0.38097195195635536,0.3729791265246966,0.4108468198182475,0.3955121298686397,0.45864962482308513,0.31004652964250745,0.45073899717522264,0.30147817976119967,0.36305789699728225,0.36606913786578643,0.3451896481923646,0.31972550568498725,0.47578131575253774,0.3666430783504727,0.30519244005413376,0.3712465645423602,0.2585355789022712,0.3109056903693522,0.25088583423297905,0.3255977066549894,0.3181104646717854,0.3515885841348274
