0,1,2,3,4,5,6,7,8,9,10,11,12,13,14,15,16,17,18,19,20,21,22,23,24,25,26,27,28,29,30,31,32,33,34,35,36,37,38,39,40,41,42,43,44,45,46,47,48,49,50,51,52,53,54,55,56,57,58,59,60,61,62,63,64,65,66,67,68,69,70,71,72,73,74,75,76,77,78,79,80,81,82,83,84,85,86,87,88,89,90,91,92,93,94,95,96,97,98,99,100,101,102,103,104,105,106,107,108,109,110,111,112,113,114,115,116,117,118,119,120,121,122,123,124,125,126,127,128,129,130,131,132,133,134,135,136,137,138,139,140,141,142,143,144,145,146,147,148,149,150,151,152,153,154,155,156,157,158,159,160,161,162,163
0.0,0.8198469736001873,0.7602380633662525,0.7835732458647325,0.8890512697960812,0.7455599413671286,0.8226196672601451,0.7703353655296491,0.9349233697741652,0.6882847623020645,0.8979956162083208,0.8397419109717288,0.8182800008401749,0.8103022745976142,0.8629803463534064,0.8192245849796999,0.8016181213010767,0.9034778247340056,0.8283691089946567,0.9655074924354882,0.8803760671820577,0.8816427880439451,0.7843421355348327,0.8156060657286934,0.871723331079964,0.803999336475116,0.7530396743456721,0.7804407529927911,0.7386173348663567,0.8343806816377425,0.9027031410814205,0.8077807005803948,0.8121204500405993,0.7921984622336807,0.9288034049114609,0.84105307959345,0.903467827634116,0.8992141513068846,0.8711144127233311,0.7496686239443493,0.81430261899927,0.801165155318979,0.8785522264002986,0.9228747737587871,0.8497441012124215,0.838099477178915,0.8053535694743718,0.9087140423943962,0.8965577090533325,0.9272324669430673,0.916222271499107,0.8717979915731506,0.8503475686854437,0.8578938017289665,0.8648402410588687,0.7550079366252674,0.9583377405908453,0.8138981337788294,0.837812840961229,0.8296931059102749,0.7751875685464344,0.7132292382854138,0.8676104245199538,0.8119854833200035,0.8828425657501329,0.8638852634948977,0.8215640521475956,0.8828393622939312,0.8510851463227511,0.8087719244887941,0.9456451502018628,0.8678152692137031,0.8567741223137472,0.8276814207274195,0.7973704545234054,0.8666818953251552,0.7895032991178721,0.7985737954377393,0.8373945850445644,0.6617994064649358,0.7549825437921768,0.9234823924709625,0.8901626682959154,0.7750850203203824,0.8636304912553502,0.8831381712659965,0.7808729369424481,0.9130394052551524,0.776892587862235,0.8413486229874301,0.9330646793752215,0.843204252363013,0.8980472759195981,0.9080462428401275,0.9226418932263749,0.8632640489331658,0.8068928757103973,0.7612255202679514,0.7494377193653123,0.762207968643725,0.8526712450997602,0.7232896389268237,0.8413233611715348,0.7717779211755115,0.886280218732754,0.8045675980319379,0.7381381534811629,0.7489905273211955,0.7832099204788064,0.8236172279733167,0.8879243336129325,0.9226065048297865,0.8209632400446779,0.7722083571140274,0.8502494145382093,0.7749854309371766,0.7907545853868981,0.8586795662977125,0.7427556779739217,0.7344265253637735,0.907737469373006,0.737252564286751,0.8189214779922405,0.8973786557688035,0.8575404118516776,0.805366223043198,0.6996440318074691,0.8151156285339808,0.7495597780916496,0.8552086829467809,0.7349751397296754,0.7662794827063208,0.8129998639712563,0.9001406101650781,0.8955819513875886,0.8761956594780445,0.8959532096394475,0.8495864777370739,0.8043967261753165,0.8854570021511626,0.8415659656953319,0.7877570982861277,0.8954472709959415,0.8769966316641664,0.9042316335544126,0.8968829449381843,0.9269199255854675,0.6968726978532491,0.826199385746889,0.6103937136949953,0.9288968385519119,0.8446875747789071,0.901168220234037,0.7347350263321191,0.8225631653566723,0.8855902403713632,0.8234035600629409,0.7577972136506741,0.8344829336641656,0.805867536616578,0.6539854634663941,0.862690780675356,0.9029485599603413,0.9564245649411424
0.8198469736001873,0.0,0.8499129102997001,0.8470988500355621,0.802372599919311,0.7662272330271516,0.8662018198603686,0.7484824156563913,0.7432631635247207,0.8543493667926281,0.8728127646484537,0.863549529433789,0.8587822163427168,0.9031270902050604,0.8224375220300254,0.8482714263014043,0.8950760588537633,0.824843460751531,0.7519843916293122,0.8652901761251279,0.8472822151544336,0.8757260104734622,0.8688995176955613,0.8741140077187997,0.8428823155066469,0.8165032464954217,0.8483083254616297,0.84961417885397,0.9489475342426342,0.7236187882740437,0.7969778202331547,0.783530487649226,0.9078816303572853,0.8459490933420534,0.8683417259852396,0.8875028403789814,0.8233043601983506,0.869362372403714,0.8295139733088861,0.8741868157267473,0.938018737918918,0.7369904012156725,0.711399147064834,0.8519677042921804,0.881840922900936,0.8619065917137165,0.8415384013958379,0.8335886814176714,0.8851074981169632,0.8392123758006399,0.8221069878619316,0.8784898476239517,0.8971338874081696,0.9154838910371379,0.8936883554017668,0.8136482355816507,0.8423491421742559,0.7563706758949534,0.8611900441220777,0.9032001561667086,0.7831891591881458,0.7057687343371518,0.7385040769904904,0.8563962697360203,0.7085823907226593,0.7469387106135181,0.8494174460181521,0.7644021215228929,0.7934248698379549,0.7045169763668065,0.7892906193779036,0.8719543866821372,0.7559715348924715,0.8404054823961489,0.8172133842871027,0.819599479887944,0.7717295744434333,0.9274576155731237,0.7982895181657577,0.6962811949246697,0.8047886523008412,0.7383658527941257,0.9118046073140749,0.8329560304267637,0.7677254232308299,0.9256276448928531,0.647887506282436,0.7602679316964047,0.8182714512648263,0.8817956041405289,0.8162415766695246,0.8078181499407066,0.9081644661129297,0.8497897073599873,0.8820710743286722,0.8893803864456645,0.7358078072117552,0.83766457437963,0.7252439350043816,0.8563546508231253,0.8843668597587595,0.6348827690954371,0.7007285177253065,0.8166403783528021,0.7838741971160261,0.8462541317292491,0.7680378457588146,0.8891038390797343,0.91380562774893,0.9086589998249125,0.8453508142880571,0.7927277366183646,0.7725078833914552,0.7698932532211379,0.8749268281006094,0.8848005676261762,0.8312727024396891,0.7752965579120334,0.8571189011384138,0.7833253816892269,0.8547757388847053,0.675534797301585,0.8053240936753515,0.9002173790169746,0.7404746297338997,0.9127298248317565,0.7261647227470837,0.8519349154565987,0.9301471220973868,0.8754928187009279,0.772812563733115,0.7162234664521605,0.7744632125820435,0.8202697306684912,0.8174725588263405,0.7782048552217283,0.8952449809429817,0.8887283241884044,0.8887270661125064,0.7752351198667701,0.8584473769365734,0.8113164827993432,0.9103674159504456,0.8085958838706966,0.9035624100216911,0.7632195427410603,0.8236676475672388,0.855701533509271,0.8879832440457509,0.7023251998381861,0.7428508311140728,0.9005503813526718,0.8595623710885761,0.8910777781112581,0.8568310850363104,0.7784879932395651,0.8493391611511459,0.8443363426385605,0.8914568253052385,0.7657828034654124,0.8180879207929946,0.7852225967341907,0.882724099823035,0.8158729013583168
0.7602380633662525,0.8499129102997001,0.0,0.8714024046833835,0.7454947779036325,0.7926196588470826,0.7799860635939417,0.8486299894267265,0.6934957239649885,0.9171652852032266,0.9136902981590359,0.8424187743279518,0.8965084839458661,0.7540389411249393,0.783046094153604,0.9037341100617502,0.8886926888478882,0.8225281917622367,0.7548106961049295,0.7701405693933112,0.8875468985399885,0.9042415270630065,0.7957152542137028,0.8053030674840402,0.8829475822012709,0.8131828217914042,0.8318413195047358,0.8618505154069416,0.8293556570260975,0.7211312282175172,0.7246330031911705,0.7902380486957924,0.8403217999740541,0.7430384861836278,0.7076552426786249,0.7730773567333122,0.8404490937614003,0.7966008590589192,0.7794615072779307,0.8073615172728178,0.8018675667792136,0.7650918251163624,0.7644424053727259,0.751300228806211,0.8580411603163552,0.8384510554927489,0.7092112598463189,0.8292447632971358,0.8093417888416339,0.7637449889419272,0.8266389742274293,0.8016855088521813,0.7326455275788575,0.8967039481702082,0.8559025301140852,0.6892270830209345,0.781761591047692,0.8327189607035537,0.8137950576861681,0.773566013030784,0.8747688419373084,0.6362500622131108,0.8134125070721709,0.6976389865905935,0.6575109766109484,0.7799690396248598,0.8355474015848275,0.8279770636044231,0.8864954285019202,0.8379203455363345,0.775906139805097,0.6961714239851609,0.732390728513603,0.9200416259511938,0.8652778769397041,0.6718774851931012,0.8725148244265305,0.8330449865745194,0.7800246331991277,0.5923711678586109,0.8173711971322423,0.7248210094998616,0.8688817586788534,0.8159020978991302,0.7096782712282321,0.8423423864730387,0.7285437892177173,0.7396041464917629,0.7843917885476861,0.7718517065674696,0.8001459708756057,0.6650625064896988,0.8064349715822239,0.717214959740766,0.7871854731810335,0.8414852232529968,0.7269885751002606,0.7229032737986686,0.5762244780456391,0.7904117524642194,0.7178834976878984,0.7688883365832794,0.7071390616771072,0.8285863832257145,0.7239868229029167,0.8438825315533999,0.8428006123442653,0.8854360767413998,0.815193349464211,0.8510554824829795,0.8176006240261359,0.6991191870131351,0.7817734894124795,0.7988997821815427,0.7686216390849204,0.8132885997907733,0.6922549485960798,0.7895225672314766,0.8916022257905519,0.6751344057890888,0.7109179680356396,0.7392159422587331,0.6569971448774174,0.8366391868751195,0.5962918615891317,0.8804405378934973,0.6635202222593067,0.8121187878108491,0.8329994906050399,0.8008504148502331,0.7220481916170614,0.8225404423750572,0.7534860560466702,0.6823251833476863,0.8051714104732179,0.661390123466278,0.7561357196176312,0.7500700505378098,0.8709309101989091,0.7633159468800627,0.8442296958960366,0.7078717533253946,0.7821975398789053,0.7714144125284743,0.8074094412499861,0.7121042508295861,0.7642227550170942,0.8826224772328811,0.8663809324963336,0.6026548189840438,0.7154460095754449,0.7472829187932067,0.8355690988729607,0.8679202552527018,0.9131067879045053,0.8176157308764712,0.8493877287408198,0.8985964555537235,0.7563348639676153,0.7341366050909064,0.8084234522321467,0.6232665473828581,0.801436336357535,0.7526431713647038
0.7835732458647325,0.8470988500355621,0.8714024046833835,0.0,0.7469109816700984,0.7202778724583031,0.8547284072729731,0.8394064783113651,0.6883998415913947,0.7991424749764973,0.8939049916973735,0.7865197181003255,0.9130774781522478,0.8085724409178404,0.8458659164744374,0.8386476877965445,0.8601589814770573,0.8669139007702918,0.7072090523725529,0.759509311927965,0.8373869224015654,0.8710539326860579,0.8696310150549011,0.867281299732622,0.8001236502759251,0.9222082247086111,0.9087205724405778,0.8897854694341897,0.7945420826250055,0.6675744872023983,0.7345979413351713,0.725665965807625,0.9542969442282171,0.7877169446496399,0.743082675464972,0.788423762374614,0.8593886209235153,0.8114369490092319,0.7873151458724252,0.9147104558120078,0.8792619387905396,0.6759195067507218,0.7480279371737488,0.770470127868425,0.9059771481285289,0.9294009335608031,0.6973108557702935,0.7981096179755948,0.8453878988229634,0.77826104432123,0.8720169440785672,0.8602720941732028,0.774214748880832,0.9207769982359312,0.8551955245454949,0.6722009522964215,0.816018299573746,0.7718513205047285,0.8295285180286588,0.8394043367705809,0.8783660214056511,0.650080976840473,0.8051945480887339,0.6916196091440511,0.6744911288078255,0.8087894477092102,0.9325940558855113,0.8307174824017186,0.8427239390985773,0.8189367102794415,0.8108882453721545,0.7513754354489429,0.7371078799216306,0.9533076489867062,0.8130465755583678,0.7107053212047529,0.8986146692113335,0.8687346203462284,0.8648812288248892,0.6051348748449606,0.7302251364454384,0.759409137588343,0.8612068920776135,0.834323581386601,0.7305667319746438,0.8845614308870532,0.7061477153825626,0.7673636296815243,0.8228391033866456,0.8383051017469173,0.8380351112156019,0.6909862851132256,0.8100258032305847,0.7735693167042731,0.8552114207001298,0.8151995982614864,0.7159347673156397,0.7025062486508735,0.5937932441126466,0.8853934383802056,0.7705568003545753,0.7373209041585024,0.756704122309582,0.7638613018054377,0.7466219408927437,0.8832348348483585,0.8191389562364794,0.8248622889358284,0.9031398062259164,0.8107716308845961,0.8215931061233741,0.7388915896363945,0.7945018073705891,0.7758387663517669,0.870544080824745,0.8953986482086691,0.6794543397851269,0.7153415836705123,0.8243938524526465,0.7139028303542402,0.7590972723631977,0.7829312606157542,0.6606307103976768,0.901319982619858,0.6088209412178663,0.8744881109828361,0.6837465603079088,0.8454392923690423,0.8037883330948553,0.8709931612874648,0.6560476024560069,0.729870199818279,0.8145678465323347,0.7275919349093266,0.783134767132787,0.6731892132284105,0.7493037443073128,0.8453278662266644,0.9192374960486684,0.7711734568562062,0.9135340240249566,0.6683868756408384,0.8416925589541683,0.7353022315502582,0.8101830098846662,0.7337944890292616,0.7635055647421889,0.891036693365183,0.7426057488186948,0.5726439458825933,0.7590756593282657,0.7359851647877425,0.8312595884014725,0.8710108929825929,0.8732723224230768,0.8457321742543807,0.9110850962153869,0.9147846731408572,0.8771733181666858,0.7822228174909579,0.8311481712907013,0.6393128487662819,0.7773047282206857,0.8019314602704921
0.8890512697960812,0.802372599919311,0.7454947779036325,0.7469109816700984,0.0,0.6260937855133857,0.8765063886605075,0.6687245331935132,0.8354433541574947,0.6885937731331238,0.8461450209010514,0.8000309269091384,0.7166244704862533,0.7586819612045366,0.9023415717401212,0.7323169190795837,0.7431332199536469,0.8977390205611818,0.7754264054579122,0.8686603689187039,0.8389326656309476,0.8960944677937768,0.8261733311432318,0.8513784067098514,0.8039496857698101,0.7440893220372025,0.7372456826242613,0.6999809322732639,0.76073839148306,0.7854833591038508,0.8317957421965755,0.6922050399645406,0.7951567338197444,0.6865244919414103,0.8884005332699993,0.7990638984275295,0.7931472888965052,0.8247515658781506,0.8464465730161995,0.7656087043141543,0.8443164544212757,0.7479552940050506,0.8338027180458673,0.895117440929633,0.7640396782127515,0.7724929637137158,0.8102477466540295,0.8479895366227572,0.9080176607271236,0.8841934632961747,0.8468494492393666,0.7816699830234167,0.8280134324237731,0.8227264393785293,0.8183043246985755,0.6540967729131292,0.8682085821725266,0.7317470535316001,0.8625926208243657,0.7680714666300705,0.659884419334695,0.6232979569266501,0.7504521026775723,0.799562529224856,0.874273194331397,0.7211509858797974,0.7321417826057186,0.8169819246679088,0.8214670670614204,0.7133845815185164,0.8492299307913962,0.8394557183694108,0.7111989067118653,0.7611645330350008,0.6906531935435283,0.746356398514651,0.7046880230498881,0.8112114581564133,0.7441546757178908,0.5682340140670534,0.6553180102923173,0.8543438483905489,0.8612534163230445,0.666544446940027,0.7341424936829888,0.806126540543052,0.63915291567123,0.8322956730795011,0.6610201975534442,0.7392668053042889,0.8990268656237104,0.7863842386485709,0.9008892638769465,0.783417996403948,0.8722100478985939,0.8222551798186054,0.6921900667990396,0.6799613294919721,0.7062325191357325,0.6748311382005061,0.7908352404357561,0.6376509223249445,0.7757299862499379,0.8131769685700999,0.7685020556100927,0.7168331430420828,0.6481687003459878,0.7064651096827869,0.7943540614780421,0.7888034839793182,0.8284972075466477,0.8662864902403428,0.660941822195464,0.671066534200757,0.7645536585497973,0.7192495931370293,0.6925706537217665,0.8844896501261578,0.6950151469841631,0.6507320929450463,0.9230557958326634,0.6410767108703517,0.7061935234369066,0.8396517295696785,0.8050852337508833,0.7712327988784198,0.6152977681897555,0.7407750935663614,0.7033900558315324,0.8589905203211645,0.6507791615447099,0.6585732255186094,0.6735016022533894,0.8051561893011959,0.8472114125008645,0.8995611335999019,0.8503535738802139,0.8768432023490125,0.8246414085342405,0.8560460430473652,0.8063469623658508,0.7055416403071618,0.8392730555600741,0.8199991877582932,0.8488923982710989,0.8275517092956588,0.8929383885292286,0.6783167023324979,0.8024664360997952,0.5658922212711113,0.8127365544049948,0.8430359252546201,0.8990710280760864,0.7755071528873236,0.7829405416649393,0.7927069940984077,0.7662438464397178,0.6913061409095441,0.831375935024525,0.6813477577347985,0.6628080468484894,0.7722992978051089,0.8321408670799648,0.923884198386397
0.7455599413671286,0.7662272330271516,0.7926196588470826,0.7202778724583031,0.6260937855133857,0.0,0.6239221064996424,0.845117659992337,0.7367340746799153,0.7406670385885455,0.7796921632918922,0.8471251397876561,0.8231721944595034,0.7269833667694812,0.626133115246509,0.8936404130724299,0.8310468837213146,0.6507584531998397,0.7811545679597917,0.7721298817818903,0.8034701288299484,0.7044601543274033,0.6272831832932783,0.6294502481584825,0.8146742530168166,0.7251602852364016,0.6780475628336191,0.7914539651586876,0.7175478234846056,0.7682872681785997,0.7514219048643664,0.9238549248199606,0.7138664287387433,0.855781922615823,0.703511622101103,0.7909823149411362,0.7912046564747159,0.7912497751924554,0.7372057760507208,0.6279187463329986,0.6855321448731391,0.7634154792522911,0.7051675946337479,0.7308340126225087,0.8025364653894089,0.7421774706962264,0.7133760862277617,0.7730859403640752,0.6717651542231344,0.7434151998568951,0.7704684245740472,0.831893239189613,0.7071368758710769,0.784463899552247,0.8036516261252512,0.8386751900502943,0.7667811528901124,0.8918091945614446,0.6399177339954899,0.7717074353840454,0.8581863829453739,0.7986395419402262,0.8420700534688511,0.7101847940740569,0.6157732295411431,0.7969184061510974,0.7396257328523372,0.7092305171521622,0.7197171996290744,0.7712544857098306,0.7432468021722958,0.6780054671998136,0.8282431486170422,0.7757854628045289,0.9112752818706735,0.7545312563029832,0.7916897756117098,0.7223429010588753,0.7642148947133143,0.7640120658122584,0.9141976471234196,0.7024043423911034,0.7598437626328532,0.8597029866750019,0.8448180013061358,0.7996055172450628,0.8351271891220642,0.7247779301288616,0.858465585579043,0.7870358621427623,0.7376811076434393,0.7494676641138761,0.7439751854566506,0.7763977567304653,0.7148863475115668,0.7905778451707326,0.8355444992387142,0.8708522169903373,0.6783452360502262,0.7831038720345349,0.7298398425820326,0.7638815971753217,0.7144702078246107,0.6990914860581173,0.8165004781526186,0.8239427454280939,0.8743040338915741,0.7910290133439115,0.6681968784968352,0.7487993287689764,0.792822157706559,0.7201712933849165,0.893940418222514,0.856578826297833,0.7661974810945746,0.7485474281840316,0.8334595736207534,0.6803869621962522,0.8403296862879803,0.783171806527314,0.6594116016190704,0.7864296341719949,0.7895762668320138,0.7608194981379787,0.6480376068029303,0.7922623275644444,0.7970696590962458,0.8134343128343274,0.8491123776439743,0.6575659223491219,0.8539123817000678,0.9224140278187941,0.8090136375414618,0.7616590973758187,0.7277100844871591,0.6123119645708649,0.7451104243535922,0.6349040694607248,0.6547856201484401,0.7138723068678946,0.7046158708116835,0.8449706357613276,0.754044701188472,0.8017040772850053,0.7770507968961904,0.7230124898812663,0.7436948044568759,0.7310047802879731,0.8116633988018848,0.7578593825784926,0.7372143006727807,0.7255543343902381,0.7153667901104066,0.656828503945527,0.8194598146218791,0.7286327802407834,0.6944299058790815,0.8191526257986551,0.6393636832867989,0.8302163094541093,0.6240422199545121,0.7249836054231215,0.8247695586570757,0.6747172676083075
0.8226196672601451,0.8662018198603686,0.7799860635939417,0.8547284072729731,0.8765063886605075,0.6239221064996424,0.0,0.6747494941620324,0.702162376696238,0.7856538335171706,0.8406298984066943,0.7721105878997725,0.7910487574366898,0.8119912724124855,0.9096872168055302,0.7377633052821416,0.7831459635875265,0.9002386352735281,0.7040186624331464,0.7978025503372614,0.8125985711298573,0.8798021766003209,0.9540640627161826,0.9401342976258553,0.8119007212670978,0.8251305569634723,0.8266757612973367,0.7720724350720162,0.8313737017606505,0.6732430660575013,0.7613255726587859,0.6861713861122217,0.8837642410289321,0.752563628123756,0.8326156928204399,0.7824500908828381,0.815128895665408,0.7707161330018166,0.7906118983647705,0.9161844617779767,0.8886696364685424,0.6955947143055023,0.7525850935413037,0.846506401280683,0.8211884822227841,0.855444904809282,0.8058782132465705,0.8153539831213251,0.9678570106474819,0.8060222203493902,0.8436779810377293,0.798985931192514,0.8162707806230717,0.8657916626114093,0.8326113596798598,0.6790653124305251,0.8142298267468892,0.6709289146936149,0.9476370335510994,0.8058683672478388,0.7017800274364582,0.60624822397875,0.6954803882706582,0.7620234414249315,0.7691847538811643,0.7298498171180771,0.8438766079214834,0.8293422973337259,0.8023679749934548,0.6887939758790956,0.8003114506571207,0.8332211287129534,0.6950322359747437,0.8360679775269375,0.6764264242903445,0.7758605815976771,0.7637487804610731,0.8999934795646635,0.7546746714295488,0.5974005316026528,0.6702502159883004,0.7652224891244485,0.8731783149565022,0.6944774087898155,0.694157460617063,0.8142650960173247,0.6043001163149118,0.7936903302974255,0.7198626283871754,0.7840556674006307,0.8331583705350996,0.7535779579923487,0.862846379035114,0.7862887121770665,0.8796465819678945,0.8276922804782856,0.641422226095168,0.7011501983116895,0.648980547437067,0.7893682807610578,0.8053163743185947,0.6248139663433866,0.7590513802231954,0.8102842798955673,0.7074057878894942,0.7712917657977835,0.6825413216937446,0.7774270830123038,0.9227636339090524,0.868056097538484,0.8482253843398271,0.7771583934394767,0.6991163543355988,0.6552353780766457,0.8019705210495598,0.7982605583881468,0.706367475553366,0.8104093852775153,0.7667845621997603,0.6606929983292993,0.8506419332216033,0.6316800996028294,0.6958587403489841,0.8990733047607123,0.704623007783391,0.8299613290045904,0.6295747285983245,0.7658140857618976,0.7601652461571929,0.9032572613315278,0.619549317354603,0.6127225734822526,0.6925762103374327,0.7266839182831687,0.7985651919537179,0.8046459306741779,0.8222299192583078,0.9282345235882588,0.914248322985763,0.7761418729478928,0.8697483154913089,0.6722512061229962,0.869695151443566,0.7292781595190297,0.8413493370882057,0.8068761361961286,0.7839461464868008,0.7926977978628953,0.7825992795780127,0.5481927820960208,0.7456809497305154,0.815987667699025,0.8360727828546087,0.9049672454444485,0.8098461348732313,0.795331287704083,0.8600612265620993,0.7872455048656294,0.9293123074334972,0.7228562791825685,0.8197664128668944,0.7108159809608323,0.7911567597469297,0.8496376586618858
0.7703353655296491,0.7484824156563913,0.8486299894267265,0.8394064783113651,0.6687245331935132,0.845117659992337,0.6747494941620324,0.0,0.7603834682818423,0.7374961334603181,0.8564795870172748,0.8404064745407135,0.8932103698859146,0.7240954556592041,0.7436802143401827,0.9134397824083978,0.7984354183585153,0.7512703264023213,0.7550802781640467,0.7697142065743293,0.8179300894117532,0.787525952358767,0.6871956888620023,0.6980944728335503,0.8156505951685368,0.8474585052143191,0.7911765116171323,0.8095518565857861,0.6990239758875728,0.7570374819513661,0.8004493462080248,0.8353169866298691,0.8196135863594174,0.7968078469591349,0.6962382460177681,0.7950610266220965,0.8868156379204246,0.8433386920663374,0.8197414789249281,0.7020101011161018,0.74548944619615,0.6676016228101979,0.8208143561103003,0.7375533580313831,0.9083905221353961,0.8656274735020464,0.6594778531646033,0.8144346763874338,0.7202435060490332,0.7808292870925785,0.8533160650017372,0.8001063094877086,0.6862564821700579,0.8465487553150495,0.8594387560783002,0.6851810819805103,0.8039886480998714,0.9208855838626677,0.67820086588301,0.79803796542598,0.9633904565006276,0.7427340297934449,0.9152052870006797,0.667393653262992,0.6478405345843178,0.8648374843988326,0.8408812416440402,0.8208457657819489,0.8268480864587544,0.9424353230934274,0.8334535216334831,0.6918140802320873,0.7537640691901862,0.8838028456136834,0.9006685523614565,0.7058782721212835,0.9264857938849304,0.7546994893862288,0.913871011792434,0.6144570407667399,0.7614529688002191,0.774928661133117,0.819544634498454,0.8954172658647385,0.7785600211555979,0.8631524701808143,0.9066855020342229,0.7977095889984078,0.8817673785115857,0.8355140408771614,0.8036433829096883,0.697940697432337,0.77190437488033,0.7469973267043702,0.7393417450713642,0.8243041049915268,0.8561661000590978,0.7218395336926846,0.6037493618561279,0.8093820057238417,0.74496764605176,0.920711896587351,0.7775266204544055,0.738145447207688,0.8257716678871246,0.898846452734861,0.9150494457082274,0.7443636586924359,0.7402692716650924,0.7181562905497189,0.777911173594473,0.7409956808203605,0.8344934611690518,0.8858311622685477,0.8262443455309963,0.7750997549805898,0.6695729865937272,0.7230158317344668,0.7480935439394744,0.7250498311797596,0.6922128454694881,0.9472939194602517,0.646257010113795,0.8247321191337066,0.5973268482162148,0.8557131625820018,0.7134718448549326,0.9042264669604771,0.7787196854454111,0.7677370866715354,0.7303332656979555,0.8896574030622125,0.893038057194734,0.7355808818011839,0.791050630675235,0.6279115166701835,0.7451155862322009,0.708145368809447,0.7717121307253882,0.8310195585395215,0.8191646922393028,0.727106271622462,0.7516471165362894,0.790264998131947,0.7993036297528867,0.7298088894376437,0.7942985773123974,0.814355184480442,0.7654313759887914,0.6206998738811086,0.8155758788003112,0.6823524862626099,0.7737877981146803,0.7249374248102891,0.875030946575442,0.8733105388182028,0.7829770407193511,0.8739974947187213,0.6992849704475443,0.7987538043901447,0.6612413121882996,0.634539367612479,0.8262680914061783,0.7243975801044751
0.9349233697741652,0.7432631635247207,0.6934957239649885,0.6883998415913947,0.8354433541574947,0.7367340746799153,0.702162376696238,0.7603834682818423,0.0,0.6171340689246975,0.8132685617444733,0.8249337789107501,0.7283734163881539,0.737592621448092,0.7800788439575094,0.773713272073771,0.7263815596103845,0.7996283560335619,0.8286937053540298,0.9273325216165378,0.8103770002234064,0.7979542655238271,0.6809829920895398,0.7033979303231983,0.8014447861462505,0.7125837737482794,0.6813704769399739,0.700182684153845,0.6669697070834608,0.886778059662462,0.9100775512096889,0.783555908552819,0.7263133728791199,0.7383237104541119,0.8822949406660308,0.8169076800299024,0.8198131231370844,0.881908075743849,0.8514119948709442,0.6390755875928463,0.7414590978002054,0.7740802286448477,0.8536693008271087,0.8566857366930765,0.7810739871874,0.7471424300670043,0.7580070064508806,0.8344038890562042,0.7760165688393417,0.8986499537919928,0.8355040047430896,0.7965264100917104,0.7904866637063707,0.7716822208437295,0.8015749825920535,0.7298213377509721,0.9006132345585757,0.8360379044482488,0.7135382910636103,0.7755601873917979,0.7211892119245668,0.7314213574743773,0.8477513176307225,0.7902601838084926,0.8453823618382603,0.7933974643452677,0.713276194893856,0.7862923416754545,0.7859790758142468,0.7888659588644082,0.888785856002269,0.8091189009014556,0.8085969467767306,0.727991470412141,0.7815686404746339,0.795559178834996,0.71289117101961,0.7070871706320614,0.7982347456946186,0.6190101014962022,0.6939733112935395,0.9085820502945988,0.8155696148958679,0.7369685292362625,0.8489038303667272,0.83439771171077,0.7953995922416265,0.8681131909976466,0.7324715980844524,0.7941071204522906,0.8821412527244276,0.8402905381312019,0.8422871989563343,0.8336941792820668,0.821394607014421,0.8103385775983003,0.831989495996923,0.7418037285584037,0.7714072251137781,0.6792283774026011,0.7983551244213668,0.7167716739485406,0.8022323283992889,0.7319172193312724,0.8968868384649483,0.7415905476472139,0.6981422020388887,0.6770037681263733,0.6807034257444596,0.7135315689271773,0.7971853401185361,0.9091822549736174,0.7484758035843354,0.77541592225771,0.7837454289249185,0.6985320190322658,0.7483112184454066,0.8129550027712555,0.6549928769592315,0.7256444255560741,0.8546596896473023,0.7457493836536195,0.7751546602438419,0.7911858655807349,0.8550146242445054,0.7355401689385264,0.6871303549561001,0.7810042086106974,0.696285553802266,0.7631537199747895,0.765457150370427,0.7738380135504371,0.7739981218661465,0.910708350257025,0.8427540320317373,0.8255520813741759,0.8494110909052379,0.7571702428572057,0.7063987766399269,0.8826516205268824,0.7459059933098732,0.7876367633215848,0.8170936172256895,0.8892864985849023,0.8348194673985999,0.8448093828204525,0.9340008882898573,0.6198811944010031,0.7876305320298064,0.6366944212071236,0.9122719148281663,0.7932506916137141,0.8504464492273581,0.6450409247182867,0.763435801544415,0.8172818310745529,0.707629360395149,0.6761857461926724,0.7217408057180085,0.7369095165434854,0.5569618141934447,0.850582448898349,0.8885542975238894,0.8804972078086876
0.6882847623020645,0.8543493667926281,0.9171652852032266,0.7991424749764973,0.6885937731331238,0.7406670385885455,0.7856538335171706,0.7374961334603181,0.6171340689246975,0.0,0.8247867462623404,0.790422739286787,0.8338682702512853,0.750990045763784,0.7205636572697196,0.8304105288342154,0.8415227678392388,0.7535771518508851,0.6871053759490462,0.7054323242647088,0.7746224553433465,0.8133511009383884,0.819123909300932,0.7687748424393358,0.8579514537236952,0.7406404321345526,0.8123444545946439,0.82724253262495,0.8944608841016782,0.6714137733623687,0.6684355623564747,0.7538431617371062,0.7902477650779113,0.7335778190342485,0.6801912988707375,0.730660848234631,0.768500909599673,0.7259529134372751,0.7021580966000521,0.7981904948109988,0.7639038701988496,0.7184095736433529,0.6683323859099716,0.7050625681944143,0.789053821968651,0.7654107586834672,0.713050852224618,0.7603957812754497,0.7999363769821873,0.6835258550068701,0.7265554281886435,0.7198445064494898,0.6955066356024895,0.8131265786303211,0.8076903286488416,0.7029222310312812,0.6894813195017571,0.7282525252510231,0.802251765384368,0.7333644630486488,0.7694405240305411,0.6023555070041536,0.6797254538416747,0.6935286520625015,0.590098058987473,0.6717598621143828,0.7746648371574805,0.7418935189309999,0.8040198660221108,0.7195599856617769,0.6717453140524936,0.6849296758626624,0.6660217526395761,0.818752539460563,0.7716086367237129,0.6819388606926967,0.7734763023337576,0.8401469334701019,0.688479644631656,0.6124723242882055,0.7831491935294624,0.6205896590378227,0.8202121996416354,0.7603863055643717,0.6394617036849666,0.7671786285224061,0.6343173013987414,0.6768280304429709,0.7599344831446326,0.7208616486475956,0.7101926368255691,0.646396993354892,0.7675780039970868,0.6673527351035506,0.7207957238584258,0.8176861944419312,0.628401734907048,0.7303130982725928,0.5702509088785553,0.7658370612200731,0.7065708857493646,0.6620852631768134,0.6436804701761116,0.8315773246487947,0.6488195630125579,0.767341919761082,0.7491880548839239,0.9131346422846583,0.8042230883641729,0.8438847901539098,0.7592619437523185,0.6315620732571477,0.7182197067297884,0.7369550763437434,0.7142159935140041,0.7737497680388672,0.715033848364777,0.7575015733053722,0.879910798510523,0.6653618087109087,0.6614744760703826,0.6452734597263988,0.6451477217063983,0.7815815993167137,0.5769982064772091,0.862134808263257,0.6294551808929921,0.74696185727216,0.8470604426412981,0.7551384579840473,0.7160691698253204,0.697108700205001,0.6887803003137728,0.6205112626661397,0.7173536015995351,0.6262063004523774,0.7415758718383165,0.7259686040585127,0.8357308527006512,0.6823831331755906,0.8001665838553167,0.6973767941945096,0.7333626189732529,0.6910674318333749,0.7675663516396647,0.672677018644769,0.6720555659164764,0.8816156461394253,0.8733380632719553,0.6161602508621769,0.6290929374205703,0.7666428486311458,0.7394747394372394,0.8741225634153166,0.8475560801270204,0.7187360181259745,0.7984374787246609,0.852807897548723,0.7489572927636853,0.7029128003087679,0.8664282664784034,0.6195083993771693,0.7526068927463325,0.673478755845136
0.8979956162083208,0.8728127646484537,0.9136902981590359,0.8939049916973735,0.8461450209010514,0.7796921632918922,0.8406298984066943,0.8564795870172748,0.8132685617444733,0.8247867462623404,0.0,0.8835847074304363,0.9118384427736105,0.808428125040388,0.8775498488379737,0.9153370124662324,0.8831652602685531,0.9202985418796754,0.821386785150912,0.8881121236691678,0.9192912340971604,0.9582041469538569,0.8434582670163376,0.8659620442246208,0.928014008827123,0.8587976467532563,0.856901576985808,0.8813977632158353,0.8322495047932065,0.8020345957166234,0.8351985797311319,0.8099226563159239,0.8868297466438354,0.784060554101564,0.8287189772623348,0.8285443104051453,0.9347025996532343,0.8972939694940338,0.8786155980624523,0.8276417058651024,0.8561967169484556,0.7770893354001513,0.855055697473744,0.8651106035879634,0.901551711441919,0.8808503348998928,0.7328292227558987,0.9272002718518453,0.9061078546874383,0.8572661211937598,0.9081066762480412,0.8496369688444778,0.799246992772134,0.9337365088760547,0.921498947494225,0.703887101665879,0.9014134853722074,0.8657569270261466,0.8530475308722589,0.8288493122694193,0.8796778547944354,0.664771376602983,0.8732167801336328,0.7556350766294923,0.7573786478247367,0.8394087352282134,0.8782697756084519,0.8933508199001096,0.9208622285953089,0.8905793723796078,0.8829253132290946,0.7986862074484852,0.7913084540164204,0.9265051682559643,0.871472635484402,0.7705610491121231,0.8873257660820549,0.8651877796907611,0.8590683092572096,0.6358606602118603,0.7951066031493779,0.8285384019829112,0.9378811674791412,0.8446052800258952,0.7822484259096052,0.9113601970760022,0.7869002440680666,0.8367161075829478,0.8087464247599806,0.838169706680143,0.9015083017630997,0.7352061729517526,0.8975076039406199,0.8258793615399933,0.8796019235740574,0.9022998257004349,0.7761872324010078,0.7276138238875085,0.641767975043181,0.796457524271364,0.8207604134868999,0.7819259787875408,0.7767482630453637,0.8380023632472797,0.8116389353305146,0.8520886032531433,0.8073692713729238,0.8521267597478631,0.836774442929532,0.8719363599872603,0.8860793867000564,0.8117038152957036,0.8151539311967155,0.8360198021265715,0.8483984026990373,0.8346200481656117,0.7353537628330968,0.8692650663773874,0.8314761307667407,0.7138318085330756,0.830982245901184,0.7767291799684153,0.723479077665679,0.9248454948033782,0.7098671077812942,0.9099004358415679,0.665197537060923,0.8549474554026193,0.8153071073592421,0.8800285709571821,0.7286480093892508,0.8114477846287821,0.8444497854800759,0.79969820116195,0.8988415384606846,0.7722212270412753,0.8585395700728475,0.8426904261133598,0.9092521590484512,0.8742353702852333,0.9186635619729611,0.7502569056690921,0.8492637900547714,0.8336416335932306,0.905171934119579,0.7869844236398363,0.8648353445412431,0.832314604469981,0.8741223368902296,0.6036132005243314,0.8520898998541426,0.831366103775692,0.9227599817592098,0.8225834770469207,0.9239594655159825,0.9132374982615066,0.9205770452517591,0.8739587900514849,0.8542066581219991,0.7967094290814034,0.7529137409205273,0.7330954681227034,0.8680635925160988,0.900989104561118
0.8397419109717288,0.863549529433789,0.8424187743279518,0.7865197181003255,0.8000309269091384,0.8471251397876561,0.7721105878997725,0.8404064745407135,0.8249337789107501,0.790422739286787,0.8835847074304363,0.0,0.8053442149141603,0.7483958738967704,0.8092916488366156,0.8774214890312974,0.814537977476827,0.7685544051928077,0.9155949241222968,0.8830484908612761,0.917638530818025,0.853921263028956,0.7480863071799626,0.7779851176517532,0.9204675973182178,0.7618947677268646,0.7327579215175705,0.7745916689075354,0.8069476612969767,0.832196267423539,0.9058494088444681,0.8707323625651923,0.8207148037444705,0.847836682040816,0.8232022259756223,0.8787521031210179,0.8586997856090548,0.8613583294648217,0.9274553184177219,0.7071187434350502,0.826151146852426,0.7560275538478708,0.844599432147651,0.8853483957242998,0.8689810152917754,0.8198527829099559,0.7778484460536289,0.9006062637311756,0.8250626546283817,0.8667921522779022,0.8821407549367846,0.8376447430092736,0.7933399437277642,0.9121795113994464,0.9309954362622325,0.7499504051928555,0.8779151902465094,0.9035531984839403,0.7608548675226177,0.8254373677551512,0.827053182158182,0.7247300308796476,0.8494785616462512,0.7810587949251521,0.7561081671488146,0.810428878167093,0.7729842999559225,0.7914366301942332,0.78559658287158,0.80563913166975,0.8418170012220638,0.7769564972432669,0.7526325077290378,0.8218298189071048,0.8432510003603216,0.7933558585129535,0.812562541987346,0.8144200615911686,0.8297170972312714,0.6496368984526244,0.8046311078508919,0.8293950074221315,0.886647383585654,0.7950637998134705,0.8152114285001862,0.8676024558795731,0.7872059055037804,0.8194300613113688,0.8079922777617994,0.8285167022180522,0.8318527756471451,0.8374427117233032,0.9013531627751411,0.8330389889547043,0.7920413499691938,0.9219396083040011,0.8552531859067813,0.8323753830972801,0.6962972632646827,0.7581883164638075,0.819638189984814,0.7824922803013745,0.7979450443980199,0.8806126514340724,0.841509618793929,0.8148082097622568,0.8329933986149864,0.7786822930285447,0.7668367032379231,0.8427169322218949,0.9192602875352206,0.8211413703708491,0.7756219890352671,0.7960469713461504,0.8018499940302786,0.7430581896018893,0.7979233297605617,0.8690093602506873,0.8021065179284556,0.7086124404268554,0.7946117563917605,0.7645992623194842,0.74697035323134,0.8809191303394771,0.7252468811341253,0.9056196093556708,0.6982457258729837,0.8695031081428077,0.8526853082448985,0.7848110487981237,0.7606463616427366,0.8227138227007352,0.7736605075063858,0.8226025244555459,0.8889554787870968,0.7606221040435919,0.8776550382992812,0.7720211127027952,0.7822878947019039,0.9001299743704655,0.819977536179486,0.8108988501960189,0.8438557403950185,0.8868041911875488,0.8972345605508373,0.7976330560339958,0.9007320374958312,0.7744982304904964,0.922039307395167,0.6651110247935025,0.8533554036175299,0.8574003561053646,0.8653122273144529,0.7555469490393677,0.9432251474216444,0.8365107319777237,0.7689382394196175,0.8174183077934792,0.7476661363737114,0.7665647802689626,0.6539314878919086,0.7648894922033603,0.938193367639037,0.8023716369913316
