0,1,2,3,4,5,6,7,8,9,10,11,12,13,14,15,16,17,18,19,20,21,22,23,24,25,26,27,28,29,30,31,32,33,34,35,36,37,38,39,40,41,42,43,44,45,46,47,48,49,50,51,52,53,54,55,56,57,58,59,60,61,62,63,64,65,66,67,68,69,70,71,72,73,74,75,76,77,78,79,80,81,82,83,84,85,86,87,88,89,90,91,92,93,94,95,96,97,98,99,100,101,102,103,104,105,106,107,108,109,110,111,112,113,114,115,116,117,118,119,120,121,122,123,124,125,126,127,128,129,130,131,132,133,134,135,136,137,138,139,140,141,142,143,144,145,146,147,148,149,150,151,152,153,154,155,156,157,158,159,160,161,162,163
0.0,0.36918869609853244,0.3412563488931211,0.26325213060858227,0.3193948815811072,0.34410872804376846,0.3096782757799472,0.33673420403886584,0.39896245880017817,0.3301271846492699,0.40865112883918797,0.3213626510704359,0.41172134736072985,0.33267001696572923,0.3123779155409423,0.3614747974022465,0.34914414926986087,0.43167410442216775,0.336401839218818,0.5070275029832159,0.38693433482166667,0.410885555937005,0.32229665588314066,0.3682609444646933,0.4528234990567956,0.3166906339230235,0.2670967430650286,0.3643872560585186,0.2964212850086417,0.29231737379273864,0.38101980453646467,0.37464092054946757,0.2651276003623936,0.38010974152753113,0.44334856721804583,0.3288454877406685,0.4621637599397282,0.38082574410828585,0.3050072507601244,0.33125383446516915,0.2795700335151686,0.38404690914440565,0.3517322259648675,0.37428248147500526,0.3630789338825597,0.34608593327222087,0.31699889044397966,0.3600002945769917,0.4324333748252603,0.3525450011303867,0.3638091349386928,0.3538117132483791,0.3163308308086667,0.3128990475815866,0.3249034698389048,0.386276767731259,0.4172075647310191,0.3209667843925856,0.3222185586458476,0.32193443077989164,0.33304882072721675,0.27013471934999483,0.3506999773729603,0.3015954384952744,0.33122820243499723,0.356307317201886,0.3728466171859574,0.42587090184915033,0.30582534631864905,0.41301416983363387,0.483380505917415,0.33277927738254304,0.4137333918267739,0.35384373929099766,0.36536502919901154,0.42489414395023195,0.2912403879550395,0.31740021234202603,0.33836369616752676,0.28035378261877003,0.36379898729007554,0.4241570192478846,0.36202569755110786,0.37313810852715357,0.34001110153324016,0.4297507318830756,0.3808420151255076,0.3464193329090967,0.37752200548955905,0.3613512704923999,0.3706016272935165,0.3359341666853429,0.35224175211081044,0.41650604167558886,0.37335666456995276,0.35633747758057266,0.27726457026162493,0.3254643832678543,0.3096772447366439,0.35838843508154083,0.3577391576419505,0.28095925030163776,0.27692871174376416,0.2833440241787936,0.37454481704269127,0.33691630752389806,0.28579449228135506,0.39032260197383295,0.30897950700342874,0.3616816538856683,0.36801488217555317,0.37266697899472545,0.3851179105197741,0.310151209649382,0.3609072971276694,0.3548171134441033,0.3623524599634538,0.3727757048718999,0.308114746043603,0.3429499342402904,0.3233341448432036,0.27614799968575954,0.3955633536385358,0.4138379546164176,0.35604619560207534,0.31936164251430693,0.2807212567601997,0.2863653354727792,0.3171745643669842,0.32900920644331694,0.3063837262964656,0.31405383200456016,0.31581171246721346,0.44223482517892726,0.37755416725126295,0.3402804094424323,0.40400834472175834,0.3296062467709658,0.33429475974301104,0.3588316098944481,0.28923732210969766,0.3543897605612985,0.39316053980883847,0.3247873025885289,0.4225650648321135,0.3934040372588588,0.3860245090046775,0.28614755791295154,0.4357947921714695,0.23886846399261755,0.45309136758192287,0.32577209544231184,0.3448200239330608,0.23935711742494553,0.3579548583650033,0.453748247187785,0.33068342461490596,0.33521405054743836,0.3044116820478472,0.36849897683194943,0.3013516784578395,0.4324303916875462,0.2724103688618886,0.5535861845022025
0.36918869609853244,0.0,0.39053484386689963,0.3081377933661967,0.29160563682441415,0.3423609761957047,0.3717423419909715,0.4003245164470049,0.3214494331661451,0.4871410951258165,0.38631499565386923,0.37993127392678666,0.3613119455181225,0.3739618758744414,0.3481130463465986,0.3376683486390686,0.3401613794495513,0.3672823006657455,0.3462924989766722,0.33393627426372313,0.36328784807337144,0.460372523977292,0.3996471563854647,0.3976640446795515,0.44730014533384027,0.3342969609831774,0.29048984791742455,0.38369759410171794,0.4179485597171844,0.2744211709286918,0.37435961303942533,0.34530917446197085,0.32085982307068855,0.3678874551058771,0.3608269796921059,0.3376498841110093,0.3683380355493798,0.33531696210557554,0.3129835833054408,0.3693493641879203,0.3399217033664237,0.38797825111922707,0.27405362044037407,0.3085589821037826,0.44511166496657995,0.3349560206925038,0.3303232155297599,0.2961145456892999,0.42275998116286323,0.2843098141028656,0.33603580764764457,0.34550354170940856,0.3269251922138465,0.39944091613912125,0.3655687460714461,0.37839719431343366,0.3375291303970169,0.3063081563529144,0.3591875012145989,0.34792917033902293,0.338704404182137,0.241267907382032,0.3139156214858556,0.2712340875111071,0.27484216055371496,0.30160108596386936,0.34307759622710887,0.35391075100593383,0.2946171547048607,0.3884460821788624,0.3497564551261424,0.3160244706084632,0.29205988070833633,0.37675680940352607,0.34269283326802635,0.3472598768830818,0.3035852606516635,0.40752455285860767,0.3202012720556995,0.24432879708736535,0.32491042604885034,0.338667972536357,0.4388400841446256,0.33755065939445944,0.2990793826676342,0.4941644676157827,0.2947890928706269,0.2770624664850854,0.3413931370373248,0.37884718045900295,0.30192648456521143,0.3205667527548552,0.32838397577685224,0.3455152978640702,0.35317017359961506,0.4105748485283694,0.275890767628009,0.35887014139479173,0.2643954081955961,0.39399070237329553,0.32713271248645304,0.26003013571936745,0.24637136136099766,0.31005072811924006,0.3016672620979245,0.3206454142435065,0.26654180370599223,0.4722705251174912,0.346819994480812,0.40338408825847055,0.3621392367514544,0.2904350836923894,0.30850180022400164,0.2754703460552608,0.3861551763031118,0.4544108569614827,0.3718168550298121,0.29616294474730265,0.3132523314428608,0.3244890261678355,0.2952418440772652,0.2696135916749667,0.3177002417582293,0.4363503782414657,0.27410090166004797,0.4403771356928323,0.26640835858423495,0.3655904350877765,0.4018002328448663,0.31777954456711865,0.3245082912735229,0.2885689250008818,0.27688514214880866,0.38253623970014167,0.3130128629817981,0.2799622686156805,0.3549835985921267,0.341599182000289,0.3538429133292887,0.29803652399582753,0.3169714090594023,0.3365951519536346,0.3976491525727875,0.2945506704943485,0.37393251270888056,0.3427432756001864,0.36976405967964693,0.3299607541458254,0.46082674449955796,0.24326313606502706,0.3302475344662267,0.36167971828218193,0.30165438902041536,0.31055574966796484,0.3582017899991118,0.36323282413550967,0.3255437991441216,0.41118845880312915,0.29061700286716796,0.31041666781089755,0.3684126738245581,0.35589531760068155,0.26586384113751177,0.3690530079486415
0.3412563488931211,0.39053484386689963,0.0,0.29961474609392597,0.3109974265658208,0.3329041902531082,0.3113089649236861,0.3927158044319252,0.30431345183612707,0.4587874156166791,0.38347224457169043,0.33477652950845876,0.4147662976705552,0.3139238743703395,0.3143589705581545,0.4836723410471828,0.44100987523475016,0.39403683052165756,0.2976245724834771,0.2951098505770587,0.4011037633678135,0.4805923638715519,0.33132873630576465,0.33176958014482444,0.35225441147552444,0.36529268375996876,0.31345556961249116,0.3876970445107257,0.31668668058404015,0.29811584878660213,0.301138852236429,0.3918667656055998,0.2730241153572584,0.34593103737178293,0.28003889987650893,0.29885620509544425,0.3551623406227933,0.338737058555904,0.31186426949226875,0.3628713806897483,0.28051502682573753,0.37421682272725165,0.3065250787580762,0.27432697615117585,0.41396562314397234,0.3673902023669634,0.31495608980326917,0.2932478601895111,0.38573855348073166,0.29123965026536724,0.3392499326289806,0.35156003259667395,0.2792236227313686,0.36320080369064023,0.3414964013879566,0.29879457842005497,0.3288219026475403,0.3560896781114518,0.3276751528064574,0.32661240716357554,0.33698554129331904,0.26029494961122845,0.3441685303873806,0.2592371786737238,0.2619765169329445,0.3049685812446524,0.3286544873973981,0.3705110439156255,0.3406585496078315,0.38646179177636114,0.35172610523159825,0.2793953574641536,0.30021917257736846,0.4970543784104864,0.4136115416004114,0.2830052612577944,0.3931352732328314,0.39578440199478726,0.3155380224625125,0.24505221491467175,0.3138360889893647,0.3169710459460724,0.39410685018354724,0.34639319734176627,0.30239880121933144,0.44178886503729276,0.27774745329630046,0.2746089824814192,0.3752307070947221,0.29877192751728476,0.3246439882744048,0.26109634302190304,0.326805983503259,0.2813629530563446,0.3312200188586087,0.30531479428235214,0.2592054652111217,0.3139080861455509,0.24071643923324054,0.39336146918400333,0.26791387978726683,0.2969899566543839,0.23361571920098098,0.2781730859683566,0.30174112076810666,0.4179002431518957,0.3095710538300135,0.3806065633551873,0.33577502600686315,0.3480992252071407,0.3207667804773773,0.27729441018994294,0.2881659244535629,0.31138279230513777,0.33928329279067476,0.44769846852727707,0.3092452448191787,0.34063994038300516,0.30574970906233295,0.32526087714964597,0.30288907283179206,0.2641047105622234,0.2696949181554824,0.3999960895153851,0.2229628484596026,0.37837376620198304,0.27789636575644966,0.35612716722876103,0.3731906875574716,0.3045692634708718,0.31952462774844376,0.3912850830775057,0.2634329949831657,0.28540296200541626,0.28790687295659156,0.24446256356818158,0.29380438683850896,0.28591781934088817,0.34610867074382085,0.29365526261337993,0.2548743281933176,0.32041639602573724,0.3421691747293288,0.29256417566548726,0.32908457773375943,0.29054704791713354,0.3500337327247966,0.374208222255377,0.40592860513800705,0.2544301712272359,0.2717501109576607,0.2759036025245705,0.3153550261388163,0.308414253485009,0.3504827797054416,0.32547443804820686,0.3156199049373229,0.3997532904190457,0.2198657287412595,0.3441797054231583,0.36360245214594533,0.25279895469357483,0.26630931422607784,0.3456980892444541
0.26325213060858227,0.3081377933661967,0.29961474609392597,0.0,0.25081377711831915,0.2716089517104546,0.354089995239239,0.3121729412406821,0.23552849102474113,0.30379882508200057,0.29944751173741446,0.3081784782038786,0.28304725919427814,0.3036867062563196,0.33969240841287446,0.2777900251091529,0.3169035667737661,0.32080421572939904,0.3310101440226477,0.24427988862865613,0.3315465556549727,0.28113295693580537,0.3223085262550588,0.26293614399817156,0.2979289074189175,0.34835684523838395,0.2881625785552656,0.3193961251612687,0.3119517221487335,0.21876267956336898,0.27390457324187517,0.28775261886451065,0.5028128986327733,0.32052179490757776,0.28227962184347916,0.3243299654813831,0.266813011345571,0.3190056525865025,0.2848986271909718,0.34727133479440625,0.37535740489559405,0.2606321876337232,0.28501042647376157,0.30423190745120854,0.315329873132838,0.32876078199561753,0.2380520049565821,0.248816594226003,0.3188277169318766,0.28379285677703164,0.3692276539290501,0.37074743729081616,0.30093375246006265,0.41421182928048794,0.34456547149446376,0.24517540837218063,0.32350928012757396,0.30665842613689637,0.32028138197013256,0.33333478242074016,0.3067436306147541,0.2677278903089863,0.33521856610179385,0.24451816882656052,0.28022962552208147,0.2964758473277476,0.3187979200645976,0.2545403589195314,0.30919002189846456,0.30427043008063515,0.2813188226619753,0.28298862569925043,0.2700380829042564,0.3951256782804654,0.3175830185814066,0.26305303889282494,0.33151909877985863,0.33230352687300496,0.33596328646274015,0.21247542005323275,0.2776382108280856,0.3317614509362783,0.26750694155094934,0.30565596630581854,0.328737860020616,0.3165091243236331,0.2639474134968984,0.3011409157727491,0.32502676616082354,0.24780395965436022,0.3182619580233143,0.29995005139316727,0.29710348131912356,0.2774218290352779,0.33340913589204874,0.288508369268854,0.25798774765661264,0.31599812188688037,0.2503127119434666,0.35403582711042875,0.26436332842747695,0.28900352477467506,0.33460638302569196,0.33189648891033274,0.31664193160205795,0.30597582034483356,0.30062917784212584,0.27866396657768266,0.33707252680624933,0.23704133878702188,0.3405428830471831,0.29214291883232935,0.3005250100017953,0.303384103517617,0.3733331981430904,0.30958620377708357,0.3164004451847538,0.2532375303111405,0.3261617750244327,0.3281299675070746,0.2743364330393897,0.3425703980957087,0.2512730385829514,0.3183268263388006,0.21869571302161017,0.3338651148891686,0.28512644366598416,0.27556228622969353,0.3682795299214512,0.34716013766327297,0.23609285690468038,0.28376564469926635,0.26229935562189416,0.3007192984602207,0.2528172941862576,0.22703924725478283,0.21515176023793006,0.33320345391016404,0.31155376160666914,0.2825906235661268,0.4230234662487426,0.2657601202045605,0.3419678563158696,0.28848372846823167,0.2865863629570157,0.2929137861109953,0.2774420355678656,0.30251310219625854,0.2731750783273875,0.22458949074801754,0.29307123928107626,0.3393295269588692,0.2852303227017605,0.252280260975798,0.35893988865679005,0.26750851184036817,0.256568444813508,0.3016577683548698,0.3500355195848903,0.3034993124169099,0.3468370746161089,0.2704130042308033,0.2798212386758685,0.27367171123533246
0.3193948815811072,0.29160563682441415,0.3109974265658208,0.25081377711831915,0.0,0.23462708655853864,0.3392912269774171,0.2746515101194053,0.2803135265255015,0.2917859693530599,0.3041733710584527,0.2866954996357466,0.25530772677887675,0.2698507647878038,0.3482579435030933,0.3059903087185705,0.3264771740631821,0.3534858242368003,0.28730578975602283,0.27689502794959814,0.32929566418291967,0.3248247000554172,0.37050244211275235,0.2878459143682806,0.2837239527676034,0.2793454057698662,0.2744259115595771,0.2799918777775895,0.2601468042577509,0.31375792806156666,0.31991968744388793,0.27045181116632955,0.2620792692349977,0.2836970020777191,0.355547542875821,0.3646876288118064,0.2838015114730643,0.3149688763499813,0.3295768306225041,0.2901606382821686,0.3313867791745672,0.29410159173578176,0.3284982247064559,0.30439098850688606,0.2707629415639354,0.30807805516729414,0.3496881252015383,0.28877502085104045,0.3643538331610315,0.3463700826674002,0.35274041559009517,0.29875182808214756,0.3125423047286106,0.286612485202731,0.3051172604566518,0.24321797094715458,0.29761706324556947,0.34322231833048955,0.2933543424413188,0.3186929854986827,0.2258294466753687,0.2603965603890319,0.29285130282508587,0.2957970526559297,0.2970376116193903,0.23404601562551564,0.23854820272680766,0.29045701909689015,0.29478689650524714,0.30882805274165065,0.3113594580582526,0.2962923328643998,0.24110383885883374,0.3063241188878356,0.2750226335496863,0.2593792036815943,0.26952740158533883,0.39859663109778104,0.28912501043171535,0.21441270332634838,0.2631946893745272,0.3467587829184041,0.3156182304580692,0.24395445273455207,0.27248591711035675,0.3038533950606679,0.2339849176447176,0.3062161794764095,0.2862085485865089,0.2325339603613198,0.4350639720572779,0.3229596012508843,0.4145234640920703,0.24895353650033827,0.30851492145801396,0.2629799684507755,0.2232331157775311,0.25959316572553637,0.2839269106687799,0.28059322443966084,0.2570097408500391,0.24707425071265637,0.2725525282529528,0.2751779598183457,0.29688972005106806,0.3030858510791467,0.2607469079328884,0.29975798482276206,0.33975052961044777,0.2598045727680514,0.29073280803194235,0.3191066136413218,0.2374777114695051,0.27807785805090673,0.293185686650475,0.29475942826649454,0.2760573462552538,0.32503555862774697,0.24175924602110463,0.3026866132395974,0.3685926110928012,0.2791216829158245,0.23546427868218392,0.35812358787328885,0.2482028497176208,0.2764045809370044,0.2682369165024325,0.28174628009303676,0.2785166479805688,0.2927704902693088,0.25322886035417674,0.2643878911205505,0.21275550385372097,0.2963912295132425,0.2588431076829795,0.275157814013762,0.26927647516606407,0.3538012312701313,0.2809622652132013,0.35381746171130024,0.2274318982290459,0.27102765055389455,0.35592039328786756,0.3079600832419487,0.2948501838057715,0.3019691841495569,0.3544079900089749,0.3054589119537323,0.293016151028021,0.22701079511838063,0.28036826995477865,0.29744730511331513,0.3498774065338457,0.2779505694024875,0.3038526830630586,0.2723983291036998,0.22499045997236683,0.29235219762107556,0.2332595229459857,0.267674513399209,0.2688034165802168,0.2659883462248511,0.2671819680458669,0.3631997865775452
0.34410872804376846,0.3423609761957047,0.3329041902531082,0.2716089517104546,0.23462708655853864,0.0,0.2776048296643141,0.32031580168488744,0.282201267004799,0.3265556338342003,0.3433198059518971,0.36687647220367314,0.37132170496876404,0.23920926491372302,0.26420058282183767,0.33526532755475325,0.30834457325862474,0.2501653865661613,0.34628972102661953,0.30308386421390926,0.3305233444505894,0.3103189956204945,0.2487380873547711,0.27693939312821253,0.4083149353277645,0.27016798596960784,0.22450219776369976,0.31087031707349816,0.2857944181616784,0.261864822031308,0.3134584532507702,0.37809401625362943,0.2639103483761355,0.32742025997409596,0.288831108269263,0.25767447383454356,0.35799340352903875,0.26493007600395135,0.2563158559582702,0.25190600471636354,0.2583723269911709,0.3560201579501576,0.2608126070079711,0.3304837484797296,0.28949949624305715,0.2615165874642832,0.26087778757574603,0.30453329754642416,0.2709025601015574,0.2442965688931261,0.2904486449525716,0.3614248796754163,0.23998126864820618,0.31911179037331305,0.2770880147692853,0.3694706976712196,0.28211015537489215,0.37709830971955144,0.23502753991423886,0.24322192235899584,0.3541101215438524,0.25236600186361013,0.33326598313122824,0.21136437420879622,0.23765946343519984,0.2795186091207785,0.29438151417390807,0.3300359647443165,0.2313597146602299,0.3263669492257464,0.3072608676975446,0.22242610119851647,0.31702215921915194,0.30934128926357585,0.33485188942188676,0.29892286149703917,0.27806461565174617,0.2840868982970778,0.25425278082973773,0.3162312999485927,0.3931420178333779,0.2973549115065462,0.30723977397880864,0.3300301623986831,0.2853780983236891,0.32003411712401997,0.3682044054407382,0.2418197151963393,0.3199038190558694,0.2870056230293025,0.27990381485083976,0.3120364902681859,0.260376355747104,0.2874019541125193,0.26065521787447965,0.36507345896422105,0.2599852705932663,0.3834802156302498,0.2309501432246456,0.3024720626205659,0.2520544792664076,0.2571854673708737,0.255661816778662,0.2695341310833247,0.27502029868136196,0.3042841314782807,0.2774851047540624,0.3587437470823437,0.2414710488278581,0.3435140677042149,0.3618758309189368,0.24730162594448543,0.3838205944038035,0.2772362480935064,0.2702346730598624,0.3237903255932421,0.3487334667047092,0.25394355342438996,0.3875189265261399,0.29884179023687635,0.2318861573879508,0.27796074903163803,0.33313812067739157,0.3344086198394238,0.27964814772943003,0.3392986457280688,0.26969256212550785,0.25832005483583254,0.32386868462744145,0.22389173244955177,0.3046560041527605,0.35763701068696313,0.27832682662854413,0.31598392963204014,0.29627225847565813,0.24201247221206165,0.2984275549283393,0.2310372040356242,0.24196995101710503,0.25743177299343495,0.27387455429543883,0.30917916172472365,0.2831838772117256,0.26510237912485796,0.30613660630853673,0.3022856271221948,0.31300203917792513,0.28755114554578554,0.34081016008981757,0.2454486645606317,0.30861117285355644,0.29062947144237017,0.23184902111106392,0.22283181401315005,0.37510984105330986,0.31593206262788254,0.2913722271682907,0.3975686263191643,0.25122693085828124,0.31396784752615303,0.2705422624771538,0.34312109741101415,0.25233758955585045,0.31842751910590816
0.3096782757799472,0.3717423419909715,0.3113089649236861,0.354089995239239,0.3392912269774171,0.2776048296643141,0.0,0.297178342034593,0.2684203268091188,0.33887182930152016,0.30119469011182914,0.39234713124001347,0.2936055342132876,0.3041778693953874,0.4558047271418738,0.27115162069780985,0.29806509468448367,0.35350074842594864,0.33379070001658495,0.260284807572256,0.32814101800911893,0.35661902754831315,0.43343104325087994,0.35420979419579784,0.33380982550654525,0.33543157015717895,0.28340687206655135,0.2831421619545649,0.32894294594694495,0.26585951676006203,0.3369091659961429,0.28353661000687064,0.40311011850035844,0.3341644244240982,0.30687796521532096,0.3239519561463137,0.32462419580737417,0.2970603035716827,0.31523619752050114,0.36714541306818244,0.43455214946774867,0.3001070256605755,0.3276477053910195,0.33749321654845255,0.3602338065629368,0.34970560365498676,0.3536329021883289,0.2675441356698207,0.42427919365515615,0.28862714392705985,0.3748326914175307,0.3456311212579838,0.29693673395393677,0.39547378626121343,0.36322990069904176,0.2797555080870623,0.30353680528659754,0.3177989124208725,0.348304134154132,0.31509998036158254,0.24505857893887045,0.24999735172205342,0.28949853103590223,0.27813524961903213,0.2868965733527652,0.24999072102750602,0.3015609047567769,0.3344333265411122,0.29493855258437746,0.2964970194208045,0.33138884282987924,0.29690395960915505,0.23644153911337232,0.3478346443947834,0.25570155300192127,0.2857762139528586,0.30862517438055,0.4287366101913628,0.3115410477153652,0.2177429324354441,0.27906238908834585,0.35500763721147033,0.3377202331348254,0.24836451620630748,0.27867361451911743,0.3443923447828878,0.23912962272907562,0.3060534970717383,0.31766496280634293,0.27393758711816274,0.3581626478179839,0.431264413618816,0.33749802264914175,0.2709238440367327,0.31404783177823514,0.3681842642461587,0.23897315419031462,0.36293580365231387,0.2767294099676672,0.3522458691205264,0.2798756652545911,0.2669006270731321,0.31670626797774903,0.3547461007397248,0.2889114903597357,0.3349201128507369,0.2616754594999841,0.3108940127355933,0.4058408179397499,0.2978119024612845,0.3852183112244546,0.3011283853044953,0.2522170864374151,0.25731386482148266,0.3321549524645371,0.33964549263983906,0.3010357129043445,0.2989859135997313,0.2864293182858526,0.2951114955567261,0.3021164521906243,0.2824998568923641,0.2462273089540208,0.39310432436238923,0.23030418293557367,0.3866117501308147,0.2525514718445547,0.35548395920058,0.31829654999183893,0.34849662772435747,0.2516767486854147,0.24486727568216662,0.21944324338040455,0.28818964852995393,0.2500443010071438,0.2634931404870434,0.2911004454573448,0.3848757308037018,0.3247151406399665,0.3263665470169462,0.32555201501970904,0.2642602204689702,0.36847656276280594,0.2776247067762563,0.31674343042787856,0.3986259235551349,0.34410225711933556,0.34775994765750035,0.3152370977174711,0.2150145539842241,0.2886744763848008,0.3466180822614482,0.29555739368017947,0.32793122366882915,0.4064062328326485,0.3105141572298548,0.27159241382216404,0.35666660376806086,0.30715912327934297,0.2836034394571855,0.3347014787429423,0.2834116898746566,0.2731860328237634,0.31723474675611635
0.33673420403886584,0.4003245164470049,0.3927158044319252,0.3121729412406821,0.2746515101194053,0.32031580168488744,0.297178342034593,0.0,0.34223541042275224,0.42095187062747297,0.3070072387040637,0.37192743913008564,0.3557605770793421,0.284056656309766,0.31558145154100753,0.38534293661328206,0.3847923550811826,0.35038977147055345,0.33826419252705897,0.30983209606808243,0.3854569619817575,0.32572307942329093,0.3418744036067585,0.29021667281355845,0.38251321560796303,0.31473035784207504,0.3281808629465899,0.37169396869128557,0.2653890159868715,0.29847203853813303,0.39803424828536144,0.37216162275554754,0.28888030562230255,0.3853396771435939,0.3024604887884967,0.34276014279936323,0.3550407023755715,0.37921983449231755,0.3385370971435129,0.3262442697890881,0.2878206885555282,0.35812787624600045,0.3258850847940878,0.2663193279702642,0.43861150635505625,0.36985340893670965,0.32308960280302446,0.2665681079923448,0.3685455161775786,0.3005948464183664,0.351387357123383,0.3269992763486388,0.31282584029793903,0.32166357248391403,0.33842221980701614,0.34353832466173895,0.3475943957181171,0.38023939259406975,0.33355555122454356,0.3321843480735521,0.3925042516176143,0.2766026298187425,0.34943451256110253,0.2783000125505696,0.2768052797983479,0.30650638696008464,0.3205536537526218,0.3309406094722207,0.33444931267237615,0.4873422864375667,0.3327519343781885,0.3000708088868393,0.2967999574687614,0.4175108321873733,0.4208159758224212,0.3090713832077204,0.3739680494255156,0.3534489039481045,0.3975485967043797,0.23214341313777692,0.31327541284649907,0.358231615364118,0.38916724521758717,0.37161219765202935,0.3489585310737475,0.4743154387030675,0.37091772235474313,0.3179097681856026,0.47919228778956974,0.33482795223351186,0.31025346557817024,0.31021345452788585,0.3244843060557373,0.29449836962034986,0.3613389746656591,0.3259469476911926,0.31117540194236054,0.3654956399582359,0.2652859953693802,0.4126798430588985,0.2762618605692465,0.367603744519246,0.26761094517642137,0.3091670146700651,0.3553626520118731,0.4097213979307906,0.33480611755466005,0.42725342380002657,0.31996752051368504,0.3198081598349465,0.3044135967231177,0.3092517409692906,0.31176219717554926,0.3564835207253181,0.36385425752363065,0.39646854595822,0.3663033832720458,0.3052284599805831,0.2781626897453341,0.36139750039263924,0.2848125739561787,0.382900633765218,0.2758865672916908,0.3785476782533914,0.24141959779586605,0.32524467832949866,0.29901416318760343,0.3915587036121725,0.36409500886018864,0.3038354190976579,0.372125488643323,0.3367172518324089,0.30578882676130215,0.31102046625393454,0.29156294904814145,0.2400945268965059,0.31044026339770986,0.29293236014713525,0.33134021544743203,0.33699457946248423,0.264634371432671,0.2998045233457425,0.40377874513965495,0.31903826498095694,0.33331408975182086,0.3509707303793138,0.40315357118756745,0.35968432122399935,0.4054259058527331,0.2621626524048977,0.3287240229244117,0.3450870389070087,0.30851080756201926,0.28679431320402443,0.4110152050037559,0.3601000435640766,0.2745326938579164,0.3897338907423928,0.2260051103026942,0.33532223848072823,0.34150523469539734,0.2924594540957674,0.3083278285475997,0.3176807410489385
0.39896245880017817,0.3214494331661451,0.30431345183612707,0.23552849102474113,0.2803135265255015,0.282201267004799,0.2684203268091188,0.34223541042275224,0.0,0.29825553819449074,0.27903396946942355,0.3227032690242299,0.2835529722278413,0.30867823701504515,0.283711101487387,0.3159942889521724,0.31333867946239913,0.38143393692337857,0.31627668918106483,0.3620158014320079,0.316305986119977,0.36131129260321426,0.27563572323422214,0.27471971828147523,0.3271338812380879,0.2603245569702138,0.2891962643712227,0.303316821335749,0.2378525882681975,0.39132882178827433,0.4061655850345141,0.36043336383345376,0.24111609610750695,0.30784025663594455,0.322161468023399,0.2817181496246992,0.2932803697133022,0.37290547879842045,0.3032126289502849,0.27159823187190407,0.2454017736076491,0.40675950330270355,0.3256532798667862,0.26974300932118056,0.33763446712503287,0.3024785821367557,0.306775082047289,0.2477646972514416,0.33247733693314,0.31721955525109097,0.2972122841123332,0.2850779651003529,0.307373514462366,0.270083318743706,0.2752572367835448,0.3602772552107512,0.35717501388766576,0.3120538068729917,0.3018899241220555,0.283845009792052,0.26067352374377906,0.28421824119747335,0.3042080911308346,0.2951307813755704,0.33825468438348716,0.30345084755607543,0.28992665967672,0.3216701097894383,0.2970995938011603,0.34860488801684547,0.37789174198446557,0.3242620075103327,0.32571589570090576,0.30499153323004474,0.36667591469928135,0.337503697366633,0.2667885128668441,0.26789343946712624,0.31108050638978524,0.24133007003490847,0.28536200070072487,0.40198542539367127,0.38531467683799625,0.2788699585846651,0.33948711045318747,0.40407746433711816,0.3048857735236006,0.34887516517024947,0.3500656666814908,0.36703846290748043,0.31356470675287323,0.33966506788845957,0.2981033450240205,0.3141712103683872,0.34744416688623897,0.30145838701177935,0.3269250698583485,0.32331496676829274,0.3539116890018375,0.3009069322208278,0.3008047180089602,0.2679432417780421,0.2678519076928424,0.26087989976785136,0.36736106040443056,0.3049939791596511,0.2592295609565339,0.3246305478388091,0.27139534393597137,0.26716562190333637,0.2776516164214631,0.3510813258641915,0.27515201949253615,0.35093882822648725,0.3028141638373217,0.32956352317319826,0.33810850643543555,0.32886455257837455,0.21907373076071393,0.3271108685925984,0.3029618279605425,0.26476490281087306,0.2899498417057151,0.3275376457510451,0.3404728233234303,0.2674349716063889,0.28331347527486017,0.29710413270682223,0.2626100296143535,0.3033052768522105,0.46595165514183523,0.3364390640029642,0.26613971702629025,0.3840804360494442,0.2884275398223542,0.27436626249053386,0.35125831685552555,0.2751986066614158,0.31112105539921764,0.34782916749485643,0.24362323395503122,0.33139177588073737,0.3453341445330519,0.3493870142508073,0.32191342252790983,0.3557059792879701,0.43381856010351677,0.27325655751530464,0.36396709852746795,0.25893813034656554,0.35988618445505904,0.3056110697404775,0.31509287801620495,0.2548856559938743,0.3007362134184727,0.33766900985963966,0.25687363301294985,0.29397123283533905,0.238952010373198,0.3081423708255782,0.2616926896653124,0.34383805472758183,0.3122518070303973,0.35458269624863975
0.3301271846492699,0.4871410951258165,0.4587874156166791,0.30379882508200057,0.2917859693530599,0.3265556338342003,0.33887182930152016,0.42095187062747297,0.29825553819449074,0.0,0.319937080219102,0.33534169350083615,0.3531888624467861,0.3170530363525627,0.3069817638935835,0.35449759932612696,0.3722685470847647,0.3714787725005872,0.3112710336137451,0.28537912606308885,0.3463528466594456,0.35033873694367534,0.4033155781033955,0.3100823872308172,0.43816624984762204,0.3230325220470448,0.30418309831547713,0.4010344430622287,0.35619592547916407,0.26787437599283576,0.3482203339076627,0.3605546368817025,0.2677280399747407,0.38623472671113235,0.31912580909992,0.31375960107292183,0.3426493526657937,0.3160304193633971,0.2741333920428707,0.3458892259451481,0.2800980422458098,0.38263958961669686,0.27862040857598014,0.2722758068030709,0.3886082800759285,0.3356172034567523,0.31301638883163146,0.27296087463008095,0.43291097160461034,0.2614971627824009,0.3166287522601942,0.33007325214251576,0.28717471027448965,0.34046940232774403,0.3518791589118539,0.36525562687888774,0.3050616723253195,0.30457683572023814,0.34814504540539554,0.30994286463560144,0.3331123648322349,0.248935845615671,0.30250573853523455,0.2638747015977959,0.263176027082826,0.28544097634878524,0.3117622467054761,0.33077492444013334,0.31582062886734663,0.40044351816489,0.3072271240564676,0.31273561120352095,0.2798685536241926,0.39552631298691443,0.3564748907979604,0.3198792809803297,0.3313306228431325,0.3941882713235602,0.3060157391504592,0.2490411306744126,0.33881798758681725,0.3190003253933956,0.3962693135680276,0.3484515735647697,0.3077229936215302,0.4329743147407712,0.2910341816077873,0.28235015481474074,0.4089409686970385,0.3137765480677791,0.29777935293103297,0.3017143015134653,0.30953651325700393,0.28174106150316913,0.3446832985226351,0.34991092185535894,0.24471362583925357,0.37862568519192824,0.2596278682042575,0.4276130657743034,0.28578452552424977,0.2806080900282987,0.2545785169359112,0.32470460218178987,0.2880508197516753,0.3498030229671612,0.29085763516541446,0.5214057285903019,0.32278245426310537,0.3411127882584769,0.3182959440154656,0.2804050302263012,0.31619719518193795,0.31550353533269965,0.3424365079401509,0.42630478949385076,0.3778345098792163,0.3241492037847265,0.32410970343983975,0.3674642581133335,0.27457225878399505,0.2900271841072711,0.2751379332152426,0.39811518251388395,0.24083719029438197,0.3747034630624475,0.28789998116051896,0.31428557069269586,0.42803665191698514,0.29963615408286276,0.36563388421873666,0.30540278793136005,0.2714941358526652,0.30226382358593584,0.26895303596185977,0.2469090279648165,0.30536264269998314,0.3115569710241757,0.3375202534391275,0.28886969422324055,0.2757576720235208,0.3166995133191579,0.3685202773406944,0.27723661873882116,0.3266432876356503,0.3440156015729031,0.3151431764456836,0.3809003281808473,0.4792236969334347,0.25875190109434537,0.2865650145017213,0.3431694302215874,0.2792507862702814,0.3029830459028668,0.3718153778443393,0.3236231766025015,0.27180295439851704,0.4383067476877727,0.2524192373809984,0.35100293114119635,0.44005254877339317,0.30799881905243437,0.29327545997846477,0.31424880461157917
0.40865112883918797,0.38631499565386923,0.38347224457169043,0.29944751173741446,0.3041733710584527,0.3433198059518971,0.30119469011182914,0.3070072387040637,0.27903396946942355,0.319937080219102,0.0,0.31114561410923364,0.4056308123619436,0.34137132088317124,0.3083354197285472,0.3875139955614735,0.37888876462512605,0.3816093536238567,0.3246107811224222,0.34108010634075486,0.374099525401531,0.4313182774706122,0.3009326848152638,0.3496902825565062,0.36876654672301157,0.3763236016637532,0.26272006336218184,0.39222488065387456,0.3825141485851105,0.2632502438893092,0.30559642606767173,0.33562742189803124,0.29488778701928414,0.3028240311957951,0.3648140434150742,0.33689122231827123,0.4252216529406326,0.3601940219608624,0.33176337530313993,0.3229328241979371,0.3180286716335585,0.31584629097421796,0.32196586758126544,0.37045964181030855,0.3446769286703208,0.3072424895663419,0.2543575978417522,0.4300470806774,0.3815641651660376,0.29182438350153456,0.3718963890625973,0.33887366128087726,0.28744175098533303,0.41721827107095194,0.39709813283311884,0.2793353330838122,0.34900982677959547,0.3376332645647792,0.3346333406962943,0.3156893702693377,0.3968588090342133,0.2387106237182467,0.37042065279764513,0.2635620778459002,0.25946380597626006,0.3025225021706462,0.3666971343715975,0.37730053858581153,0.34760596615992684,0.3753664513701203,0.3742529765078716,0.2892788582079607,0.3405898031479666,0.3956259951648593,0.3664448120677448,0.32422073539880175,0.3503908693972274,0.33989409104828916,0.32290593781928556,0.26497894796527866,0.3537295716054218,0.3083474553976374,0.3348223525012745,0.40189319664165507,0.2812326591951708,0.3552938266963386,0.33675778506086557,0.28581003379807973,0.2890923705751786,0.2993072423518447,0.3779334415357691,0.25294538322470295,0.3585206298780551,0.3423810628498702,0.32134423590639427,0.34281969472865403,0.2686577961295503,0.26185472184172626,0.24392919304112565,0.3211990098930664,0.34753098391498183,0.2768298430887336,0.24961337008032713,0.2536584363422824,0.3177321570277259,0.2960966720414529,0.27215337274498846,0.3429511040863847,0.30215551955402525,0.3588649525690725,0.3778934187032666,0.28525973139168087,0.3498509234553491,0.2892943020399542,0.3744362168253943,0.3466064051547317,0.31472349671039185,0.3113407848054699,0.3430308430525514,0.30850838048086043,0.3111663321244677,0.26533331382756525,0.3227603996110774,0.395925939686148,0.2821156664295872,0.4028441953473452,0.2399059633838537,0.3089533668167632,0.35215817611538996,0.31063398951672966,0.25399839514086586,0.3289403696007783,0.3233571671724472,0.3569191974313703,0.38856350104214715,0.29536151313254294,0.32400061269781893,0.31232790240127023,0.329125738685301,0.29794264525192504,0.3477348238959471,0.3272803620890944,0.30161255420323924,0.2930264215909465,0.4179260721943873,0.2791138146602928,0.3084934458151269,0.30316775364859255,0.33111311356833334,0.23953980009627357,0.38550201019087343,0.31393190376169405,0.34546291437601034,0.24563111322171782,0.3121282553265599,0.3829625128779499,0.3322639624050117,0.33742825362935913,0.307863193186213,0.3130555134853221,0.3195112398228192,0.36443888341128156,0.2408232343216521,0.46640335445556796
0.3213626510704359,0.37993127392678666,0.33477652950845876,0.3081784782038786,0.2866954996357466,0.36687647220367314,0.39234713124001347,0.37192743913008564,0.3227032690242299,0.33534169350083615,0.31114561410923364,0.0,0.2684047871364764,0.23619621834548377,0.3466233615088304,0.31353783660141465,0.3140672263464085,0.2990187862613196,0.4510177830514271,0.289502508235821,0.4029108173835379,0.32563261900914403,0.31521809752414287,0.2990884283282321,0.40790263388329384,0.2850074479465289,0.2587049835858079,0.27928340197667567,0.29324199654347377,0.33565964350091965,0.3953286846062245,0.3296204314710134,0.3403500804224342,0.3597531600031327,0.2838059698355576,0.33366027372273155,0.32053851497497515,0.32497650415997775,0.3537394393918347,0.2900650145604616,0.3531156171484789,0.3326416416527239,0.3471797246758024,0.3393687812159406,0.3308967474689091,0.3305432223320806,0.37892641063971916,0.2839499052488958,0.33105194912982044,0.30334121018680626,0.4000850024342073,0.39429759412683474,0.28937782399447465,0.39833273147854176,0.3681678656869382,0.3071915322189149,0.35528630691677354,0.43212703991270435,0.2785871894536768,0.30127539702670286,0.2589758679227478,0.2615858741564285,0.3564962088523193,0.25623861239407847,0.2821963762752545,0.28222021535816716,0.252247847429305,0.3101899407918964,0.27639448508347925,0.3222163710330739,0.3257393396426904,0.25639331239675056,0.2520145524765798,0.32437767235384174,0.31878784730662485,0.290829981643924,0.28747017625690524,0.35246293973554793,0.3300830596091692,0.22297867560557957,0.29588585876520446,0.3828979481175737,0.37349307291111256,0.2593065708244206,0.3125300989377465,0.3735877659178666,0.26648736218417035,0.30342663088832444,0.3501858466611522,0.2960271185957706,0.36134279801390007,0.39081578645933357,0.32790105188366414,0.3009763717935069,0.2965415433312571,0.42904975289904296,0.2756371277336118,0.38634414804377026,0.25540060561621974,0.30635517343352703,0.24578873544590224,0.29573580285988954,0.32265208476434326,0.41009945393677405,0.3256526170551634,0.34419680080765863,0.3060569308523222,0.3244575192869799,0.30614429046355535,0.3219828451646148,0.4423667393113213,0.31312175361586825,0.27278744109959846,0.29367204184068263,0.3242041731257906,0.33104919378473224,0.3242749155885071,0.3346026579631648,0.3045730008599959,0.2969223557341208,0.2731136089324039,0.31268218033600176,0.2607816648745649,0.3775101550974168,0.22475217086315297,0.4063746497826725,0.2610442270982471,0.36379543049114327,0.35343423364872123,0.2757458572324629,0.29935298084546236,0.2969327022236469,0.22339944770708045,0.3202953549027062,0.2747832426092334,0.23988841884759976,0.33201479366161446,0.2898455293095431,0.28404454791206646,0.35238756842676167,0.27343516514500815,0.28445415229177995,0.3587510295107448,0.3085769334965456,0.32376697596071685,0.41423782852255664,0.46577677976687043,0.31531764265659956,0.39385147457393016,0.2420973610437879,0.32410687753753586,0.3710926922322882,0.2967427486378872,0.28773702364813203,0.4967239339474199,0.29494331161556575,0.25121630153259167,0.3859321082890403,0.2356683071194392,0.2942879734597685,0.2617914094659984,0.29107946046515937,0.26897838493644627,0.3136642972685921
