0,1,2,3,4,5,6,7,8,9,10,11,12,13,14,15,16,17,18,19,20,21,22,23,24,25,26,27,28,29,30,31,32,33,34,35,36,37,38,39,40,41,42,43,44,45,46,47,48,49,50,51,52,53,54,55,56,57,58,59,60,61,62,63,64,65,66,67,68,69,70,71,72,73,74,75,76,77,78,79,80,81,82,83,84,85,86,87,88,89,90,91,92,93,94,95,96,97,98,99,100,101,102,103,104,105,106,107,108,109,110,111,112,113,114,115,116,117,118,119,120,121,122,123,124,125,126,127,128,129,130,131,132,133,134,135,136,137,138,139,140,141,142,143,144,145,146,147,148,149,150,151,152,153,154,155,156,157,158,159,160,161,162,163
0.0,0.2925168125239465,0.3256214818918587,0.23479255701723803,0.25936302028409214,0.3060309717179897,0.21709272806739535,0.2927893507026466,0.27818926915645803,0.32253107243016643,0.2674290828259164,0.2238074920470333,0.4375643876757823,0.2574855909018509,0.28974152613526855,0.3182552813090759,0.341564216958951,0.4274153120769513,0.2781918736221787,0.3998672664925455,0.3076395198040717,0.2951218198460462,0.25822743315583585,0.25247054974372546,0.33555117919334915,0.21775610618391666,0.2274845519046458,0.3055113789892115,0.2375279155333116,0.23948098360082878,0.2723461957635714,0.34181633549701396,0.24687224102461477,0.22587275061771356,0.3667215220534109,0.2515829403776936,0.3348664660068152,0.29781711069722683,0.19540183478799558,0.31679559667656426,0.25016985549155324,0.2725784245442876,0.32840846983921423,0.2730881230415453,0.2834996753993507,0.32360889607723636,0.2609970297891232,0.2791386106963801,0.31278404623188294,0.36137310850372384,0.32248838106102273,0.3461122947330614,0.2254561413593061,0.2593217198438324,0.2509705851221582,0.2747369730812083,0.4046435382332442,0.2602765476830906,0.27257430720595366,0.3424887667189533,0.2865744863119232,0.23164294464737128,0.32522593374887576,0.2192563251461087,0.2712771721022258,0.2909866593439294,0.24124353871821996,0.29905660781907384,0.26649535783185524,0.3167845864227239,0.3849513548126541,0.30670295809171616,0.2659757856155063,0.31477413914553254,0.3220360804715753,0.2758194409436831,0.220527997223311,0.23726828875645622,0.25461980130848516,0.21984252098041573,0.265152610481633,0.3105733101970664,0.27686372122331115,0.29354945475796057,0.29831614152581304,0.32093445462934433,0.2702710247189308,0.2886718534785882,0.34375205009581866,0.20589959883938988,0.309415986939137,0.24655782327586448,0.34404654444772487,0.2929585054641104,0.2993091464870214,0.23629005782628698,0.2145918297855631,0.2538241723371458,0.21169685721141507,0.3184151145054957,0.22356047798116047,0.23909585327282307,0.2131078900208284,0.2379624669842496,0.382553893648777,0.34172155874337,0.31360278380740575,0.2862479252727807,0.30973288653650904,0.27457380270220777,0.2457493301049775,0.27800492310851127,0.2950723904124995,0.22335528970580484,0.28439989113355896,0.3246622074485841,0.29963306190727146,0.3060602395630442,0.24901700143996622,0.2396932396025754,0.267963462119554,0.22385183994913885,0.28166065090249737,0.3275619960778935,0.2530713716845884,0.25572925763434423,0.2222328010064994,0.21619572214536642,0.25690076452140026,0.3285147922480198,0.2499456270560937,0.2920876160783822,0.22373320593016693,0.22963834927622262,0.2503704544047773,0.25037003425850085,0.26045441439201583,0.30143416634318293,0.27071891007351695,0.26785703622519835,0.22559835331044722,0.2634675718256352,0.3171170057494476,0.24839697242765005,0.2520889786926713,0.2210783906871514,0.2562590339513495,0.23002898686691595,0.3454517701156994,0.16503971274786733,0.300650285755504,0.24129031997405595,0.27110321807248056,0.21737506483054098,0.2576819138093417,0.28498363192183973,0.2829688964924361,0.27094043693769315,0.2517908034869523,0.28934595549153863,0.2392316906847538,0.3081990034578753,0.19931340806124245,0.30538853219763584
0.2925168125239465,0.0,0.2966235093935821,0.25964656329294766,0.22305259618596598,0.40470431078945307,0.2346862018579831,0.3863543700778046,0.2809271916287284,0.39374825483255793,0.25180945765785173,0.2731189827902773,0.3008925840791005,0.26322524199676717,0.32006559846109134,0.27402214653007767,0.2814838707772927,0.24906858731770787,0.3075612975250132,0.30256279360798244,0.2853501392795775,0.31892426118006967,0.2369100751987911,0.2815171969138231,0.3141512229550707,0.201003741623278,0.21793436011408213,0.28009448515559404,0.36416726886212236,0.23203549130129875,0.3534368536422024,0.29213786871099634,0.33714985772935974,0.21146558551498607,0.29606706445063347,0.259538172186056,0.2721609893811515,0.28761071413132316,0.24701978564320015,0.282531192029581,0.32695721603483807,0.2493462001807079,0.22265067149395762,0.2584499251033978,0.29292606912636854,0.2441038994265356,0.23295798062787662,0.23930611071687014,0.2655717717294729,0.2666132277600405,0.2871735160572438,0.287417903648084,0.24502131734472496,0.31949726942240114,0.2785696372995104,0.33601771874012515,0.30976493930474697,0.2546221318365747,0.25862797306682483,0.3056314476718277,0.3576105504324012,0.2046218990399115,0.23972493909083442,0.19302750823927908,0.22389244099773814,0.21187656515859948,0.2347075992335563,0.2570828126521578,0.20449036355096425,0.30557633654497723,0.29856981261744153,0.2923713090782937,0.20541512441421295,0.2913267421437901,0.29753302819642535,0.23513922739175697,0.21881122580101448,0.2805821923974082,0.23411036728636836,0.25382892617434966,0.26577252699568926,0.2877265181434845,0.3792565345143497,0.27455787756685573,0.2548090797453824,0.3901768901369022,0.2522212354812269,0.23586539571981602,0.27915065383534016,0.2654994397175941,0.22743265006041236,0.26198711039404826,0.33357735049944937,0.2656842853840837,0.27684755178738546,0.3299842417708962,0.24968549005638724,0.2615522756869908,0.2050234684393052,0.29076907053928625,0.27266649099172846,0.21209239837242694,0.1773481096649854,0.26911438923283165,0.27533061167280565,0.2696540332387239,0.24391336185163515,0.3025173927808308,0.26271726810742674,0.2907749064615342,0.22375036073229543,0.2246606030133657,0.27303023761631995,0.22758209808906976,0.27134000680276327,0.39569887237097495,0.28495381864227154,0.22967831937531413,0.2353461288557679,0.23905796742886792,0.2725560162846041,0.26578161237721154,0.25246126793834095,0.3764789448873935,0.2913077937280577,0.3643013484423739,0.22899468653231966,0.2608288734654225,0.2967621182376477,0.2705854304177252,0.29718697258985033,0.2956001351472573,0.24955122498404655,0.2734969648236196,0.260845837761862,0.23727302348130344,0.2589932548430618,0.2883719090092779,0.24877002238297993,0.2703164538098742,0.2549103628431077,0.255262524116199,0.33545497788158635,0.23869595688477335,0.2657296001819755,0.19317860365818113,0.333155613188755,0.2594899008989745,0.34718419482807095,0.17320271166420145,0.27155271706086453,0.274553861447619,0.23641902603739268,0.24331470570277747,0.26915531519443786,0.2990854743579201,0.30749880861882534,0.3345785863595444,0.28122746989941627,0.26014199101302027,0.238627268874722,0.3602375238664646,0.22433771870956537,0.2661668203737832
0.3256214818918587,0.2966235093935821,0.0,0.25643563331364616,0.2954895541170753,0.27887077134897253,0.23498198143570131,0.30724455112770094,0.2584237408058884,0.3924911028597601,0.2977104835713699,0.23441488881406908,0.34721456835495923,0.2657380582978665,0.27063678677535263,0.36530063617758285,0.35522006047670585,0.3118959917277849,0.24738759795451115,0.2613651174153622,0.33430103256883215,0.4228626599966191,0.2568975925135783,0.26645791401905505,0.30277926744723344,0.23115320245390875,0.24052542376486252,0.291265364486435,0.26112625317215277,0.2507446112457662,0.25174686155066184,0.3016993026727347,0.2313078206507446,0.2085487745189438,0.2785001843350997,0.2598982736347792,0.3141136370659924,0.28000418811432237,0.21196825831227545,0.3191016466042077,0.2342670987745085,0.30236366829054523,0.263263321252795,0.25326585183625133,0.3008412778643293,0.24706213683110453,0.22335517032746213,0.27428351922327737,0.2991799018787462,0.2775068083151463,0.30436757372664947,0.27194530193176625,0.18630894636370493,0.3036828888966693,0.27833948534001485,0.24757740887878976,0.2708897672774352,0.2802984414699047,0.26037759219948425,0.2732634605303083,0.2725163879422673,0.1971779542368442,0.261180959883153,0.21098150736524812,0.22244263141344653,0.225731558966624,0.2384288630781708,0.2855274219465332,0.26748092075405866,0.335237074669392,0.31379999009691184,0.24693654604541432,0.24659710975681076,0.4116299557660793,0.2821679495399212,0.19453020569438487,0.25918696201321156,0.2647821398415524,0.19880530941453892,0.1937574167536776,0.22024284852650516,0.30320317334296015,0.27558545521971733,0.2310423109018427,0.25875591655640656,0.3104373961314106,0.23781899391614003,0.22947639898224095,0.24608214603128625,0.19694206928666327,0.30756286018747364,0.22568654077780304,0.3015054991791756,0.20474158883986507,0.29221857092357134,0.24283013929585393,0.1907313437081364,0.2399426527940557,0.1972666616854309,0.2668572750329214,0.20467299478145426,0.26203816038626954,0.19382533705487281,0.2512227939502304,0.27564852583924493,0.2909831079669065,0.26067347615585945,0.2762462037116694,0.25660490049519846,0.29572435668132696,0.24618648364925116,0.23555373931741952,0.26560788232584237,0.22195784589328277,0.2148780969875791,0.3301347606951142,0.20971728449999258,0.322100669525119,0.26484929062541124,0.23438221436686132,0.26872799514431234,0.21653000556995564,0.23177459048786533,0.28581236380304625,0.21014653177170178,0.2661242503454724,0.2270974592329128,0.24895090594514624,0.27270296468917743,0.26550525228638744,0.2574139556941934,0.3562976952837625,0.20463032212310575,0.20579813821119158,0.25468705281832943,0.1950530269675631,0.19696060031232202,0.27007827733008105,0.28083691905527264,0.25352542785352083,0.19577419611701224,0.26497858960155246,0.3051584410099356,0.2585577837025661,0.2400710484717393,0.19361756103340858,0.2779260894631972,0.2186850168610175,0.33456999105047497,0.16899783382056122,0.23387340691219088,0.18981309841751476,0.2733696610073906,0.27008823422539074,0.25468940023706677,0.27404452938046453,0.3133368999374057,0.3039537706664146,0.21554806796834963,0.2721285447634936,0.22765730075567608,0.22833805783352218,0.20169861431490518,0.28668040334069333
0.23479255701723803,0.25964656329294766,0.25643563331364616,0.0,0.2629458070914074,0.24083472415528462,0.30184807750817866,0.2539200400989853,0.2172048242916483,0.271944253649414,0.2910920726728257,0.26734274668555674,0.23576542550332755,0.23041384846442056,0.2773695568388753,0.2446429618681555,0.25222999131977464,0.22866646843723037,0.24716931147458543,0.21850995520460115,0.3192072829759736,0.2726333767385366,0.2749655611079764,0.2519625769403851,0.2944481738990754,0.2647452777056765,0.2501716907093176,0.23722339693320504,0.2561273608445261,0.18771157737728178,0.2506692222988941,0.22820246146353215,0.3223636071871242,0.23850106959738168,0.27087738075424267,0.3043312796300301,0.29039294463725723,0.2521395757991173,0.26146788924152237,0.30632227895024633,0.26164090592709405,0.25754981128746174,0.2272161102075901,0.3196522206967461,0.25638453501146674,0.22771383915945187,0.17250131025232085,0.2927731726127597,0.2939802937171145,0.23848417221678103,0.3086553197610627,0.2742449966552714,0.19488802112593334,0.3818452438242302,0.3278509850977384,0.24937734353520605,0.26699587230045,0.2750428132571469,0.23909074418628862,0.2629188374148579,0.28410698872198187,0.19447837567582857,0.23903201492906923,0.21081009738464604,0.22498120131868027,0.2155889466691086,0.305369678723952,0.2128870367747098,0.20385880890385816,0.25292136631365536,0.26133000201203316,0.24522072444660806,0.24711731354401348,0.3256689855707001,0.22161315844097598,0.19146155820023555,0.31316423432026236,0.31565958716800946,0.20249167938459206,0.1885610788682205,0.21222498696894831,0.336967597987955,0.22712048286665165,0.20831146607138032,0.32138190163469976,0.2427861248364587,0.30850789972769527,0.24038419208993786,0.22930677481719772,0.22460880645460313,0.2976884340146521,0.2753980059234326,0.2671952317666134,0.21084656886381417,0.31997611945199556,0.271527169272207,0.1968406637003741,0.2722400442324989,0.23350833558454076,0.24206193970115333,0.25013655063396906,0.27323759800797937,0.28067528237004546,0.2475480347654217,0.2525690397896423,0.22869485164827372,0.24304654620592342,0.24529884551732972,0.23369249185978272,0.2650986164938689,0.3155748361583854,0.29034337141294864,0.2915733983117253,0.2609775841511078,0.225772521763891,0.23296552518749566,0.21757495114957218,0.23997887931637543,0.2838891864001394,0.2766187076575561,0.2840965377642982,0.29753028312106533,0.25838759341331263,0.2653625050770744,0.2373272325800783,0.24540995966326767,0.23738151592082812,0.2674550120874155,0.28913553207507187,0.26912103998939674,0.1926056339039519,0.2626572107695544,0.2519895110543894,0.2672600837091819,0.28582681135996557,0.19381580705418053,0.16499224188221281,0.29050911130035834,0.29281064156974973,0.25816529576763725,0.2604706412184431,0.2575134538339177,0.32003434384773094,0.2962846676006015,0.28499553103386704,0.21948514012239728,0.2771908926399694,0.20291342967842235,0.24078683333471343,0.1670743199557153,0.3009979086290117,0.2176542903459524,0.27796993287703314,0.22284890776777685,0.2898045488976037,0.2728684555432468,0.2499291978724667,0.27982655457699307,0.34803295853281313,0.26487076003237203,0.2220922721603439,0.24267475905830344,0.2641983292117615,0.2786522374834164
0.25936302028409214,0.22305259618596598,0.2954895541170753,0.2629458070914074,0.0,0.20349475283712412,0.2827054698033549,0.2164138246102603,0.23633889290437618,0.2698870945083576,0.32758510112008693,0.24141512242108445,0.22909974076558023,0.22869892595298397,0.2334449388000026,0.2731714256430403,0.266924248350496,0.26087411445333714,0.20325985629154686,0.21197068706653302,0.2783156038648137,0.298785012852599,0.3269325363477009,0.23489882641606175,0.26244499305821445,0.24886638116589602,0.2764538781958756,0.22391048229193863,0.220355520122259,0.23382528322148216,0.22848566502257678,0.21715490371188217,0.1987419715788971,0.22771559806554462,0.288663833796559,0.2683247503188213,0.2798872640181929,0.24286757902008424,0.23600691261036683,0.25723199193776514,0.20638503652395496,0.37528907128638883,0.22391069917748183,0.26402803012141723,0.21775743689280794,0.1989168213960917,0.19793086712105695,0.27992835445960695,0.30141826632115987,0.23228281488835623,0.25544442642388193,0.21682378291176108,0.17477634901365594,0.24325180826469722,0.26336965926073586,0.23007010539725184,0.21659228474522046,0.30950484758264923,0.21503617267439606,0.22135816538519662,0.19786591328746328,0.17643636564480064,0.2057172863498319,0.24155909373374576,0.20160357056587264,0.17400848658914578,0.24235149158113622,0.2217903288063681,0.21277118504212975,0.26906206669677857,0.24661223318776984,0.22248208355874016,0.24332664593515013,0.26075910839829014,0.20634213163571852,0.17390581431789304,0.2616212384305622,0.37968994059707123,0.17144814559637941,0.17763650501156708,0.19297467566621251,0.2803670046457695,0.2283869469485067,0.1787539063361819,0.24920519389864995,0.21829000901796464,0.25384465078160157,0.21092386068767116,0.19721443456951548,0.21075981608612285,0.3862395669842016,0.2546433355936811,0.27780515965690433,0.1722390483666563,0.2838474957533969,0.22511992752623333,0.15759550126296662,0.22933635460172216,0.2483969992526381,0.20270111527323778,0.20669588622122237,0.2312106359414027,0.23027528869860822,0.20549438784048557,0.22614509622453244,0.21765805612750064,0.2000031169202008,0.2726255764229289,0.2223340732427169,0.25343486263833304,0.28017288787541217,0.3010839518893959,0.2257395769473679,0.28067488729908563,0.18234791302598538,0.2378980210120754,0.1871813596819407,0.2708401006591505,0.2274345373642975,0.2932219569494138,0.2992991247394341,0.22240657387359125,0.22267563298013887,0.25055888504560564,0.22170929263127212,0.2017478088565789,0.20809653272046358,0.24201556184860054,0.22159762787008855,0.2209541909333094,0.21457470377529927,0.2422557601303621,0.19881881875654137,0.2514350622250581,0.23333870071009333,0.18578241095009973,0.1692969673172025,0.265453284545533,0.25613366958471145,0.2416989814609324,0.17090742446274637,0.26717621336721015,0.28022394702399317,0.2947378419774941,0.2772578486781179,0.22238408414180444,0.2602046378723624,0.1896081775432804,0.23581814189260286,0.1869570852550077,0.23182275611763614,0.1839744540114228,0.2886681328555782,0.22795093434859603,0.24860068316747858,0.24392548716141835,0.21822598728636872,0.25656357762494475,0.21844552521341756,0.2359367761987641,0.18828786831853997,0.2144908630308943,0.23024148076238374,0.3506363386670668
0.3060309717179897,0.40470431078945307,0.27887077134897253,0.24083472415528462,0.20349475283712412,0.0,0.20718058399383632,0.31566959074119644,0.26015037382875694,0.29003207585159313,0.24386822233391692,0.2663151587794551,0.3220363151760674,0.21276742161801038,0.30217161542641424,0.2784765832475254,0.2633636553292761,0.22336023593297055,0.3019650181589826,0.300988550661672,0.2754556835732778,0.2746451790949512,0.1904748718980616,0.23077171528272325,0.2916886965157754,0.18742361905067007,0.19038826863477962,0.24523761762363624,0.28552918076656847,0.22627557081573563,0.3109789415533156,0.33030918527245134,0.32555531891098827,0.19907724278211925,0.2615033717635819,0.22891953892755867,0.2655502842286988,0.25538248326915197,0.22244064731456806,0.22679230195393396,0.2814689248651624,0.23396660046536435,0.23807360546829018,0.27136652027482644,0.24251135176046232,0.23070290513333694,0.22001081824735114,0.2403308826970262,0.2147325064370226,0.2711467806856858,0.272430299727772,0.3259078597373318,0.22181598118087448,0.29105030014776295,0.2460853449808822,0.302422692463483,0.3085183746596327,0.2870749225778923,0.21264663674680606,0.2673375892312962,0.346380102898103,0.2253914840893354,0.27957388488566365,0.17186082751451104,0.21932905427619676,0.21658514288184147,0.21304765151480554,0.26739060253385566,0.19090060207270015,0.27641854550879147,0.3009547366462577,0.23448306821140097,0.20809829414402808,0.26347475245457036,0.31102014775816056,0.22778224759963092,0.21000939335805158,0.23452463363671275,0.22107765481719874,0.2680549455614346,0.29267458702786264,0.27246777672417616,0.30182077898082976,0.28256922212404484,0.24269141302483996,0.305757248075793,0.2701059784900277,0.22911394046543385,0.2847068309202471,0.22417040265714314,0.2284453346136176,0.25984446349678225,0.3035037264403558,0.25412328763493797,0.2363141659926939,0.3067960622574591,0.2614580601487769,0.26096742315669613,0.1921723486397828,0.2598879531523003,0.23242624368523207,0.20918078323314518,0.18245815743125612,0.24323129700716714,0.2952401952972262,0.28592603160474517,0.261878652768956,0.2499709993219171,0.23043136353472826,0.25329229980870066,0.22701043644851437,0.20697557386409313,0.2862728878901252,0.22088537968937533,0.24764121615515344,0.3064953200042753,0.2843284127893277,0.2160708783842322,0.24946834417013455,0.22745598181555018,0.24141597736844309,0.2636621989732583,0.24499396948213323,0.3354314822279205,0.2759931047309497,0.3213323597921091,0.22562011636489038,0.22423857531836117,0.2590399474280169,0.23827579389843145,0.26791382737493646,0.343132087212372,0.23985981956346641,0.25045539485035306,0.24692177277726152,0.2303152717029493,0.24505458528650692,0.22911251674372676,0.20975356339487483,0.24592159262569407,0.25201580414141056,0.2486665626225392,0.2698031251958105,0.2307465662094593,0.242456152842503,0.1845908944374351,0.3035918723758352,0.24756322925419855,0.2932889769313742,0.1668323191587769,0.25841647164828246,0.2552817417818507,0.20857323960865928,0.1999862300266459,0.26887122369846184,0.2728584521389764,0.27851237159878034,0.3118435167665456,0.24779467433766172,0.25818884400257935,0.21042441879485826,0.32264944647389077,0.2066768216358946,0.24591131026598118
0.21709272806739535,0.2346862018579831,0.23498198143570131,0.30184807750817866,0.2827054698033549,0.20718058399383632,0.0,0.20662038548804715,0.20007763026206146,0.2643344635104318,0.23317599476751869,0.2561492479487477,0.22708635956992532,0.2326055401575056,0.28412091545097434,0.20662913321385806,0.20476030103513151,0.20824774184658892,0.20519509943562395,0.18334387598592533,0.2524555202805385,0.2574564797165524,0.3105865075782032,0.2647656057921803,0.2687267203122862,0.27044212292601383,0.2181931484236607,0.19034536464851426,0.22277036236990214,0.1866239894455687,0.24299932896733537,0.23202690735031858,0.24833009747923382,0.25054423429063455,0.23409898271373528,0.25127890346257087,0.29562159901787216,0.19587083351679427,0.23599037315238972,0.291746782283613,0.22924055084987663,0.26083288373126684,0.2268384720766547,0.27990073914778385,0.26392262052073945,0.20983630118487837,0.23200618308454532,0.25929207531460824,0.3424552579839784,0.20938723555205252,0.2853397638273161,0.21483912873037675,0.16402809636278212,0.2873115155811542,0.2897298128612031,0.24933571376469965,0.20098451612241872,0.23175415875431551,0.26167873321381135,0.209481532969315,0.20276399699236408,0.19206192055089744,0.18064546299313927,0.22732892197451934,0.2063174485521173,0.17961487917126648,0.3225970722273469,0.28529401263339865,0.20577892392127314,0.2135350059757883,0.25763753690401936,0.21088618787611918,0.23364734924291794,0.2855310277729525,0.16594898718357726,0.18447754900650162,0.33194815228829905,0.32304138758362366,0.1737004681801268,0.1809663962287259,0.19457547494925612,0.2829950641645772,0.22889238786722393,0.162046639219211,0.23025730710516967,0.20898199596119266,0.23476814171178512,0.24139617808568917,0.2027699164401914,0.2228897950452341,0.280540968346663,0.341188706415914,0.2290733290570792,0.18089743919521437,0.26732004370661816,0.28390871443430155,0.1659307684881906,0.27583406370585123,0.22938296970587063,0.2633041346372791,0.22817719307223547,0.2542477756923984,0.3067230621584161,0.23172269421809544,0.19670958761193985,0.2205379089232916,0.2016701411013012,0.22768401266729488,0.24662402547512127,0.2775076396844153,0.33267563189566784,0.2424505930190634,0.2558875387363577,0.19946276395187137,0.1813205048232756,0.20777481211177934,0.18643612534232568,0.2514764879233768,0.2598942203331005,0.2226224858572235,0.23645567855404884,0.22459627724850395,0.21196546743166889,0.2655029630899925,0.20730217415189106,0.2336642761235123,0.22722302713657985,0.27219513551246244,0.22289515529054837,0.23332684289008906,0.17816348198558715,0.1943982203982403,0.18869983937655568,0.20876466737676597,0.2298803270111373,0.19134426490027834,0.17472388087981322,0.2770836824266353,0.24152023768487774,0.23848191070310812,0.2055091577532863,0.22883458639796675,0.28880508793865545,0.2439220137565224,0.26030226436097376,0.2844039809173481,0.25235883602300885,0.20666030630199345,0.22132716104633002,0.14669843082505585,0.23937825536250204,0.19151972205257783,0.2170500874628133,0.3109535724122734,0.28298288357004786,0.26240443205548236,0.2228642850975763,0.282803117301572,0.25861621247960404,0.25639219471326763,0.20375426910829786,0.20404071812944474,0.24502725460452943,0.24594644711253166
0.2927893507026466,0.3863543700778046,0.30724455112770094,0.2539200400989853,0.2164138246102603,0.31566959074119644,0.20662038548804715,0.0,0.31339087044789526,0.3360571034413639,0.25174298828101954,0.2987914128357462,0.3045839625173504,0.22416312130234037,0.27809099583708297,0.31290864275848534,0.3010886707071322,0.24846708953381963,0.31099926883730444,0.2986449582271697,0.31473685632373766,0.2679885591920926,0.23323248183077627,0.2590732247935679,0.3239834172298396,0.21253336100449335,0.24061667688911892,0.2934474687166315,0.26181173663100143,0.26667044362038006,0.38833328543725765,0.28472923539106065,0.2788092783557175,0.2181052746760424,0.2854463474235908,0.2712392292739373,0.304138138653309,0.34438144848174956,0.25891177499264095,0.2826795136405286,0.2959641426027964,0.23871960407083756,0.2529451862822244,0.2577562596078017,0.32086541308815036,0.25677828999102303,0.2207248437249683,0.25143798911295034,0.27110474672307294,0.2673999304479536,0.2813406305159676,0.2708462605526756,0.2107977308873937,0.27640301692068114,0.26249941366469326,0.28920914956019356,0.31277278106160394,0.32827644044427934,0.24230638827745138,0.2811949535149089,0.3635447242901965,0.19745799993898486,0.26035983942212115,0.19971376079079164,0.20830005935193727,0.21668283527110133,0.23145992088842499,0.2420216675565301,0.22311982526524132,0.416939541503752,0.28204092832738176,0.2719513818977836,0.21802080526184808,0.3194107592691005,0.3314651707692818,0.21845815112254774,0.23878238413477282,0.2494535647003458,0.2784657969180585,0.22309924955853488,0.25232467323571917,0.2914696243590826,0.3397557383421182,0.3003149707507809,0.293550943959167,0.45856813699114196,0.32597411316098424,0.2447119172347051,0.3091624079334676,0.25386106066862607,0.24466884434636255,0.2420005251158679,0.29454029693134937,0.24173220946809285,0.2747530711684845,0.2950286987276255,0.2436347075455545,0.26769839297609327,0.1959772193178406,0.28007579838364605,0.24239545137618576,0.26959629661000534,0.19822072424125187,0.29642959658508095,0.2997605631311878,0.2946918256995586,0.2697356418576721,0.3113062530752158,0.24988931623173177,0.2738984918347467,0.22195062870036322,0.24700357618823718,0.2730862546657108,0.26025193542762093,0.25700409158151405,0.3540218121324458,0.2770378604960469,0.24923375511133194,0.22858031883356772,0.2328037682361588,0.27016617536935233,0.3358011487281174,0.24171159804174203,0.3213112492972384,0.2599668692143225,0.30859197449369336,0.2201323498605189,0.2756900332452546,0.2830595372952731,0.26045777319445257,0.3215030747482026,0.3274767122616769,0.2768428485765854,0.24534583398229576,0.2791027733302823,0.20590572364197368,0.2536177472967556,0.27407189413668187,0.26579311634421654,0.32344342713606017,0.22730487415604192,0.23182159887015413,0.31620781019648697,0.24325497985863873,0.27412061166679685,0.20822836671944364,0.3617156048853446,0.2492893166009423,0.3639531524290921,0.18112061931464934,0.31867350130197997,0.2522381270804843,0.2532078436218773,0.23580589234386642,0.3230319345257689,0.32247266435718835,0.30640038902536093,0.34803481986837637,0.23915089450476013,0.25768199247555423,0.2182737330367712,0.3284928980915108,0.23991824361880218,0.27755371707250515
0.27818926915645803,0.2809271916287284,0.2584237408058884,0.2172048242916483,0.23633889290437618,0.26015037382875694,0.20007763026206146,0.31339087044789526,0.0,0.24765575514787955,0.24331241559915068,0.2497513911881312,0.2346605172669714,0.2477032121063125,0.22998653842098174,0.28595621580551683,0.26025813308158136,0.24644950175660107,0.2410828988788347,0.26002621479678173,0.25202161049831534,0.3295794958845149,0.2065324371430029,0.2181345365178342,0.26494892131253595,0.18323895261825454,0.2466057817494488,0.25620726418856254,0.23793850862694277,0.35925617304311125,0.3187967940477846,0.2384115619399446,0.22366832213591228,0.18493670787805372,0.2697722668253314,0.216017905802628,0.2462015333003935,0.34593322667725185,0.2353689327073563,0.22903929182870142,0.21741331118380472,0.2959103626053669,0.2039892382530438,0.2309834852802963,0.24005114405544986,0.20274259225225125,0.18723332243796492,0.2095985612997702,0.23089462994321464,0.22567910744054887,0.2245831077789979,0.21170977768960897,0.2046333983380569,0.23770482363903073,0.21878565933069097,0.3198676721072602,0.25678737648938366,0.29978995460618424,0.1998301649358227,0.21337158842274712,0.24213013832807906,0.1963185577426744,0.2093868749317691,0.19859186114346683,0.2034704795598496,0.1861372407063565,0.22586246596780746,0.22615700428665406,0.2061256727048749,0.32754657951241933,0.2635607323626689,0.22917793132637035,0.23890136740672258,0.23798763398868145,0.2973504622531061,0.19726419079897148,0.20303261823859703,0.21608749582229048,0.21353874514743304,0.21858590408275896,0.22441683136963242,0.3156575428163848,0.33116978511963935,0.22723181937958165,0.26640114831085804,0.32336580752530186,0.2639909004341369,0.2281259952423813,0.23062713020836437,0.2910526196510854,0.27113839793263206,0.256627943013655,0.24530743316175924,0.20654070516094905,0.2960427359870558,0.2798416604916694,0.22521692511561234,0.2317647415050439,0.22504262352304066,0.20633238360914855,0.24813824747010219,0.21213010205190647,0.1892092211323926,0.22437854985971356,0.2560119432220127,0.22095107696427368,0.19876571424844727,0.28063362679799936,0.19653887511095705,0.2213917795366306,0.19179719036683143,0.24067594348851037,0.2460719566311373,0.3219987435108307,0.20177285607853385,0.2994521846679635,0.22340095725600687,0.23836549464164272,0.18908544651690407,0.26583484590872714,0.26446471215702855,0.27136596663978724,0.2263504407860331,0.2630349087702365,0.3343619778442721,0.23192813389748682,0.22527322238698766,0.22300413642448014,0.21508374680015593,0.22226564878458907,0.41391988348859254,0.31281495703145146,0.2607963884173209,0.2928619289574639,0.23446167795952044,0.20220948004047926,0.22200485904685105,0.22777246336942517,0.23427532587137362,0.29622744355176495,0.20000373305170183,0.25367322446734086,0.29225908964049674,0.27398379675672946,0.2412768785867053,0.19431736349070725,0.3857345336840603,0.2178198331508184,0.27438414789570076,0.1949239883194205,0.2808096072973539,0.22654404943681064,0.2621587395149115,0.21853493798421694,0.2565459018695236,0.2939675016397142,0.2648514254614981,0.280626993402122,0.2426381744383907,0.24495495521299346,0.17808426762003368,0.2984139445562568,0.2692132043987166,0.296519429301823
0.32253107243016643,0.39374825483255793,0.3924911028597601,0.271944253649414,0.2698870945083576,0.29003207585159313,0.2643344635104318,0.3360571034413639,0.24765575514787955,0.0,0.24447575571375402,0.23576858320725005,0.32193142109844464,0.26529396047256765,0.2976398805097409,0.27974352767368016,0.3015779363726024,0.30390903098229655,0.26826305375078374,0.26307976197818445,0.29699725805888616,0.30412927289963443,0.2983096885083608,0.25722556605647995,0.37512748116829797,0.218213894310495,0.23230152309549815,0.2758746836159862,0.30663046924415094,0.227102423727104,0.3051215059609353,0.30957239124465463,0.24850426112515037,0.2211673364371824,0.3073616320704356,0.2637820971319887,0.3293491877741788,0.2551907342689124,0.2041966774626194,0.3183605402711654,0.2434246466135952,0.2872878427765992,0.26591805160325105,0.2575280022273524,0.29563040576037225,0.2551565179029507,0.23896360071764514,0.2667930044648302,0.34453667552970874,0.25768076421186914,0.3159892708534727,0.2685670872649046,0.20212941863178885,0.30407832289106806,0.3001806806734674,0.30549458379461497,0.27605586029363083,0.23391755782257778,0.2979138913270843,0.28584938607079663,0.2988696187918111,0.2070953020943352,0.2394107038405966,0.20457197460254622,0.23823111283480616,0.22466799265701337,0.24241285770988497,0.2952353303295551,0.24971147390736886,0.321547728193874,0.3089440850642971,0.3084897190368916,0.2135918822551177,0.3493050209338185,0.24611103229268058,0.23303110985860664,0.2441735155753441,0.29652571397727234,0.20907863523672607,0.21920317041296894,0.24860883744137308,0.30891234872424606,0.3282657738503259,0.24217936285657563,0.26937303018285025,0.3145488371298875,0.2610282356399631,0.2687574754539414,0.2876517859796652,0.21177400060297585,0.2631295396429417,0.2624570059386911,0.32335013759229675,0.21763841188861455,0.3085740746087803,0.2876330729741449,0.1936100498938944,0.272117019575068,0.21693333981417026,0.2953030170712079,0.2350996123288315,0.25694422941852935,0.2093504072196638,0.2906032100408038,0.27779977883338314,0.28198145729450186,0.2569472248065106,0.3045996865416011,0.27436571798603115,0.29899964089396236,0.24245300573032788,0.24187998213252582,0.2900026264487197,0.22212571937536835,0.2330237040615648,0.3055104868194013,0.25580086877832797,0.31353922928675493,0.25970690962049175,0.24557376685492643,0.2527549608198819,0.24496295322320633,0.23840701538172382,0.3293403057132985,0.23970002480324096,0.3023425887213369,0.23132773100234605,0.24717510930646933,0.2989676853133399,0.29691161081475564,0.2762045315344224,0.27533314201206954,0.22690173256925297,0.2107109960004305,0.23990765846515924,0.21542411146444915,0.2232125939412249,0.3070327468736735,0.2887010554550721,0.2696363301297484,0.23068353527222527,0.2674552259876728,0.3423412803954174,0.24269768745508333,0.25136167133962767,0.2181391973769464,0.261688773131927,0.2502441501002709,0.40607872731758987,0.16066613551239356,0.24676542210158378,0.24565156084733275,0.232731493026459,0.2764706277165612,0.26721704229831345,0.2929151189761591,0.2712329688221465,0.3285934375981557,0.26623392832918,0.2995905066994035,0.27574407653382565,0.3023835872297709,0.22889074567285128,0.24809984679281488
0.2674290828259164,0.25180945765785173,0.2977104835713699,0.2910920726728257,0.32758510112008693,0.24386822233391692,0.23317599476751869,0.25174298828101954,0.24331241559915068,0.24447575571375402,0.0,0.2891819561935495,0.2610995163070311,0.22103457838480567,0.23071449146772796,0.3271784870609728,0.29850882937706613,0.24744246386184635,0.23792545527217068,0.24286794584047772,0.3020843467933979,0.3261664376195567,0.27517372100654214,0.26752811946083865,0.2935551798691712,0.26595155227157913,0.2962196062624616,0.29724741019468565,0.26728688414579654,0.24087451795943604,0.23714301654350156,0.23230266270782532,0.2190427460108684,0.22565627395281015,0.2742171268069187,0.2677049824392964,0.30596780786352284,0.2819044890746751,0.2768708654320568,0.25740165820744937,0.22730224025500995,0.3242268321408865,0.21792740341064887,0.29021163897431856,0.23356909582737645,0.2007411396146421,0.1644490314876644,0.33701668229547843,0.2839125288114872,0.21972616536860662,0.2517968650790332,0.22598524373451406,0.17580648190304862,0.28416625428398823,0.29333697162502015,0.22285640785308125,0.2609980355489982,0.36035304221949355,0.21036519661407357,0.22485322872810043,0.2678628889098442,0.16207139557877828,0.23548251488686509,0.22212536992304296,0.17803073872367756,0.18803602190731908,0.26311541014176487,0.2070088764518645,0.2289024430308844,0.299218213141607,0.23962682496914461,0.21298717215244717,0.2698138078791508,0.28484677863890867,0.2700070270226707,0.18418396342388474,0.2875586767133479,0.29506132877677493,0.19172805405078414,0.19026548729545534,0.21164833907952055,0.24519876300461166,0.22763453631693906,0.22693745259345935,0.25376995737034325,0.24682853791809195,0.3116595285473499,0.19629052070070907,0.20433240831836438,0.23107380339826905,0.34236340755591355,0.20309087515289442,0.2735050110604345,0.2083108908739326,0.2573351303474977,0.25289161345008965,0.17703192223015515,0.21643542752657227,0.2091423461309854,0.2056437700633981,0.24125998985668948,0.24079505120283015,0.21552665890576977,0.2064789253367411,0.230961800975578,0.2078324444777765,0.20713098834764934,0.2984786026044412,0.20195377636099404,0.28649502662505355,0.31023115732558854,0.2699217995539681,0.2416581715142179,0.29915920616154185,0.21322443524519952,0.2725542617481151,0.207434295963534,0.2621188809506621,0.25474743168168784,0.27769719675755056,0.2978245286191131,0.2298376853316038,0.24443397927788982,0.26185948121487135,0.2347760752883568,0.24802228469770207,0.1866094771146799,0.2503370985781113,0.2506251410877094,0.21573320547423888,0.21989887885487547,0.28872969648756674,0.25080916151308896,0.27992517288357405,0.3230127536181655,0.1920467518946248,0.1861441805511742,0.241809944002321,0.27262971029536215,0.24632719978549505,0.20382368301052747,0.2573953270924765,0.23210264335448333,0.2685246959542424,0.35165579250369106,0.20014520819586204,0.257476675289515,0.1924764738489698,0.2519683648142668,0.21253510192365013,0.3123113969579699,0.19169899238353494,0.3724703991410886,0.20181347939531774,0.26369884253924136,0.2717982660211331,0.2747483155901343,0.27897696721586973,0.24213761910014994,0.23241574396848835,0.18966407447514655,0.24720285942996048,0.21815969835682297,0.42137758034924233
0.2238074920470333,0.2731189827902773,0.23441488881406908,0.26734274668555674,0.24141512242108445,0.2663151587794551,0.2561492479487477,0.2987914128357462,0.2497513911881312,0.23576858320725005,0.2891819561935495,0.0,0.20866028219434044,0.16514355209186454,0.23472660924165228,0.2538742130062713,0.22837292095295328,0.18753123428007717,0.2935771829028193,0.22519410851250313,0.30354150327738916,0.23446949806381695,0.2547902107741136,0.2723061724496605,0.31336977577518005,0.24522844157918172,0.23761202139780382,0.21377362856143411,0.23338799067653596,0.24723907675333007,0.2996728541503354,0.21726895581772632,0.24073803562251192,0.2637220924123434,0.23140630057945433,0.25317466023519264,0.2779516202023439,0.25665710697195365,0.3271131680812972,0.2376134618598948,0.2723812702787006,0.26083803343727086,0.21657534138015375,0.2868756865860633,0.24600529524622036,0.21160089517205224,0.20201025714868584,0.2766099992695447,0.2515169923414186,0.2099364888369597,0.24547942554093197,0.25058893176971,0.1658018322100125,0.27962649097693143,0.2799812009940845,0.2525962435885132,0.2526720096230377,0.3633517500904578,0.17828200606054603,0.21215983124530852,0.22403227682052917,0.16479780403658212,0.21219822983945374,0.1972749382762901,0.177517702204924,0.18459021096809983,0.2257942861606345,0.1943173279760055,0.1679542605837879,0.24399694854433868,0.2226070826702739,0.19563229078735703,0.20354339486680678,0.23284533180263597,0.22556247833126297,0.18132754221227906,0.2427184541722247,0.3026733534413242,0.21376238377618384,0.19549053332533314,0.21249019385093373,0.25771160686238254,0.26150525570239774,0.20214182435881797,0.26277143885908755,0.2891911635939153,0.2643461475949782,0.18923273323181303,0.2304712980991409,0.28706340944656206,0.24985976009725278,0.2524905324025313,0.22957461671677948,0.20827475307738258,0.2182310152451993,0.3319969151622092,0.1858813920972728,0.2873163918079876,0.19595246850962544,0.20893212268195308,0.21599227614098696,0.22879725189064487,0.2400453922431896,0.2858264398068106,0.2090482161108574,0.23191526390772857,0.2246501927562651,0.2706575952788479,0.20567283427510774,0.301582089361097,0.34618318820252847,0.28120272805653995,0.21559915121223575,0.2715026872963141,0.20386515476889774,0.25910850926943135,0.21992143792891303,0.2437649036941484,0.2407273515585266,0.22337085246958396,0.24361246442495493,0.2620578407036466,0.22926427438879374,0.26313361158612014,0.21160774115659645,0.29443011389454765,0.1828147188311085,0.27776996327720044,0.26294410110692057,0.20084498214983973,0.2250353536830704,0.23909183474955428,0.2173763265502975,0.2833527314912301,0.27873396308864495,0.17428014078975312,0.23187459901176372,0.2407110101518042,0.23363569716520316,0.2820044808504679,0.18982123374545334,0.21322816370051428,0.24576144169084707,0.243261319628589,0.3143477783420553,0.2527765474791088,0.3708794727804889,0.20582584694712255,0.2748948576081339,0.200479882237438,0.30685135039361605,0.2089540416052986,0.24813167441241668,0.2186667574597343,0.3951060627979288,0.2484343503220241,0.23937867534798674,0.32713202384652246,0.21316240527272395,0.21200470810684327,0.16820206468855767,0.24083112555810104,0.23982542603872725,0.2998456607149256
