0,1,2,3,4,5,6,7,8,9,10,11,12,13,14,15,16,17,18,19,20,21,22,23,24,25,26,27,28,29,30,31,32,33,34,35,36,37,38,39,40,41,42,43,44,45,46,47,48,49,50,51,52,53,54,55,56,57,58,59,60,61,62,63,64,65,66,67,68,69,70,71,72,73,74,75,76,77,78,79,80,81,82,83,84,85,86,87,88,89,90,91,92,93,94,95,96,97,98,99,100,101,102,103,104,105,106,107,108,109,110,111,112,113,114,115,116,117,118,119,120,121,122,123,124,125,126,127,128,129,130,131,132,133,134,135,136,137,138,139,140,141,142,143,144,145,146,147,148,149,150,151,152,153,154,155,156,157,158,159,160,161,162,163
0.0,0.38185217225530094,0.4304705374736164,0.38292570968448,0.4343259187881207,0.4246037563545322,0.34825156540642016,0.3719359095736434,0.38468802552775505,0.4367314757252963,0.4212897395814047,0.3909351432537151,0.5830917333025957,0.33448224947516736,0.4273771978128763,0.4969877344137909,0.46304586233292166,0.5560586575382612,0.374090384164904,0.5486830539160138,0.4274528747287009,0.40991861214292863,0.3561361291097604,0.38085448224767054,0.5274078730965752,0.33030469163939497,0.36466287285470816,0.3917137359270979,0.33939118264903667,0.34542760683834867,0.4228456715477776,0.45814136328097993,0.37006874400506673,0.35634227822796855,0.49380645960937986,0.35259782589840327,0.49003716549106063,0.3886278079575021,0.3175172344454009,0.4593086551462865,0.34012824472088854,0.3816249600044197,0.404614977154944,0.4409003522447221,0.4209203776530751,0.5178232005770179,0.342060926324123,0.4323981841324006,0.4204430388817666,0.4362711312352251,0.4339547513737037,0.4176436104422063,0.3183439573687629,0.36674184522492936,0.357461609253378,0.3349357498734999,0.502743805426007,0.437069151696357,0.3781817450417292,0.4482096107129958,0.3549808286244279,0.297730559621547,0.38559571551302724,0.30540427902428247,0.3616768850155086,0.41401981611222877,0.40223164736135336,0.38190452644427325,0.35042777888477195,0.40993036961344925,0.4653353243888361,0.3776514941850593,0.3708037074595226,0.4461100857660212,0.41361966829806307,0.38694396179793217,0.33256188761802025,0.3972590088790622,0.3384056475260166,0.3080368447564059,0.34948424485326646,0.4047864800841148,0.3810551708171995,0.34450393631814996,0.4038030887701215,0.4316694680118241,0.37111045997070125,0.39399456868206956,0.4903731730213384,0.318723831541729,0.4712110086317746,0.40066157438530525,0.4306990678912145,0.3852925448503461,0.37794080172646227,0.3650995771222715,0.26894781063948164,0.3839288442913004,0.27910529250702976,0.4699546113938645,0.33443472582490624,0.33561536213007487,0.346576835718116,0.3800045267294679,0.42140518620871215,0.47225737173124127,0.4018268760081265,0.408117794286966,0.44613629818293504,0.42614284518208095,0.4017848287811847,0.3981934620237678,0.402821808490815,0.3644844470735386,0.3827862798685804,0.438607508463265,0.4240792777141229,0.432772108761607,0.3535832542431546,0.33143115512421695,0.40009913514302575,0.29090963410105364,0.36323258675114695,0.4968358207636241,0.3270609688037121,0.4021169361834758,0.30446008761826554,0.3419731332189437,0.3578243993673987,0.39989229902789675,0.32650261722865215,0.3810542614252237,0.3228317656028111,0.33732185518751845,0.37257986039505325,0.34505999846663327,0.3778324451948392,0.416026438095437,0.42416965269061296,0.41910648593919414,0.34043679136045074,0.36922181064837434,0.4324787994718812,0.33935551521952784,0.3929130339392323,0.36581726448974977,0.35347017221015464,0.37097271600180376,0.4624843904987707,0.2442427059621119,0.44739755764104533,0.34615411295441845,0.4063939573775129,0.3231321909489946,0.4495807222414208,0.4322451022966318,0.3844706690244398,0.4471698826253686,0.373312297351071,0.35885835601257093,0.31118992996881945,0.39544804958784824,0.2925213977374633,0.486219439728086
0.38185217225530094,0.0,0.39219786663248757,0.3727997594618922,0.3704067194946851,0.5215491168553043,0.3532524303810172,0.4179108153759043,0.38465303606377343,0.4785666167805045,0.3317548391133003,0.40558184436460853,0.38345306488660547,0.3564003819938183,0.40813506770690994,0.3594008288557656,0.38026492775332016,0.34770569197610446,0.33008106188081415,0.4098688863751008,0.37914238543013945,0.43913210309363515,0.3141869316620831,0.408556966267246,0.38989142109706043,0.28176570428752873,0.3202205236833428,0.33136671800759016,0.4214201648182608,0.30619859464928517,0.42615931459226264,0.3494244875577185,0.44321984907036466,0.29618797206278186,0.4008540587480374,0.3256252781708666,0.3464046687310648,0.3423901282619102,0.3431803125582061,0.38799563804354054,0.40125651703052334,0.41280898203095345,0.280367444973626,0.3676383142776677,0.39073654067078184,0.35656511294103915,0.35137766113335556,0.3161974503363168,0.33040879189128847,0.35592366768473693,0.3471020405500726,0.3780522669815412,0.3886373082667166,0.39206876397431845,0.32205276727118215,0.4248741957870634,0.3778032008209048,0.3626667004997855,0.3549618366569213,0.38856233030340437,0.37489637756289834,0.2708074801564236,0.3035547277158382,0.2789512892341808,0.3361019919899949,0.3179072700934102,0.36630661212163607,0.33702818276154584,0.26730654871619447,0.3456014965580829,0.36902189707669325,0.36614387676987653,0.30583163708522526,0.3730948703274511,0.3950033645614316,0.3305863901899775,0.29521783737167073,0.41797966082818233,0.295688149421105,0.32774637901832754,0.3492261681224233,0.36892529181421047,0.4546991524529441,0.31015259852562677,0.34177055698689324,0.45055439529167945,0.3132986214237787,0.29826599214555355,0.35953130477053474,0.39055869866493403,0.3312941225060022,0.4158195754837582,0.370627949058328,0.35304795183239057,0.3705341282586571,0.4350218155417326,0.30135083973723487,0.3893359741637302,0.28253750381670845,0.3920310460600809,0.33865416435293066,0.2625134983668274,0.26209498386552144,0.3608940305987332,0.3310413611322789,0.3708363948509413,0.327061171303293,0.4263719456321575,0.39108401925756503,0.47371395750869694,0.32654466375823066,0.3120693091288501,0.3520193843147825,0.3388376721095916,0.3454069935484281,0.5465603753995807,0.3730595237451268,0.28706895621339407,0.3347480600714639,0.3266789573985098,0.3998033750176461,0.2952227178435098,0.3503922440224119,0.43805879292385974,0.36657167433652527,0.40680084263276695,0.3267772403036391,0.3733060593227661,0.36931885411162013,0.33384392325172707,0.39276353333552866,0.37089912219631255,0.3062992933193322,0.38761883912321005,0.3484742049051043,0.3436560391776664,0.3601613411310806,0.3755013776173189,0.3408823216204298,0.33814418307636246,0.34037307823781415,0.35718271536447427,0.47260110667255223,0.32225461924135446,0.3658260428167031,0.30107752625405865,0.4351145392947938,0.380639778994536,0.4193792497042325,0.2500767163461643,0.33078478142408757,0.3582360944895182,0.3256293995648456,0.36481983429079273,0.378734180624556,0.3953218794155688,0.3666636806423117,0.4623338305097584,0.36826162703206367,0.2979578028981865,0.31988280387427537,0.41363643993532717,0.316951766272251,0.391097884761545
0.4304705374736164,0.39219786663248757,0.0,0.40374585000936114,0.41327604505876175,0.4334830439204057,0.3209133308563643,0.39436119145858967,0.36901858578516644,0.4356312319935819,0.3879594594240501,0.35479362179678825,0.44190711270042904,0.32526853602191563,0.41020341278578715,0.41127483683401495,0.39547802687916117,0.41512674869863414,0.3206255969633269,0.37725175921446547,0.425298617076426,0.5419462307905522,0.3106620259642839,0.3448521238599295,0.39716667792071236,0.341585057891769,0.3353047499045753,0.3426584669019812,0.3003463511731368,0.2911509717223733,0.3567770598053075,0.36898715608879024,0.38195022997972516,0.29419682464648306,0.3591804986263502,0.37101231897215614,0.3965031676464587,0.37211311343754283,0.30716735188577193,0.37807748417650455,0.35735996450749113,0.4173273593947995,0.33381131605928427,0.35738195919449633,0.4061735624504698,0.38786099945489805,0.3189409288372383,0.3575421560539178,0.33954386789554375,0.3901959395134589,0.39032980300483366,0.4001133760339207,0.28440178022690454,0.3952080084883976,0.3313151382026183,0.32838230895825443,0.35832545183081804,0.39861091060775516,0.3436092186476567,0.3675775024681939,0.34226239035670547,0.2952288392208434,0.38240082986731627,0.299438168921288,0.3423625759066957,0.36768606493844475,0.3813942863871607,0.40205232615694864,0.3754032152180347,0.4046840653912093,0.45549481165116557,0.3096085605098334,0.35880780200255585,0.4870829985216238,0.41580662472352625,0.27696881273159696,0.3294655886237816,0.3472275482171485,0.3014540857945225,0.24362290146308224,0.33906439828388496,0.4608078630410865,0.3397528073162632,0.3319144885943422,0.3421160121001919,0.4557919002421251,0.32480179533372555,0.310934686301578,0.35111797640813297,0.3144702755402486,0.4127110206106709,0.35090064321275766,0.33501166044513553,0.2907791931804564,0.3740733322307594,0.3677854406418707,0.2945469726843842,0.3828266030794946,0.27312696227061395,0.3870867622638397,0.27127756514557716,0.3170576836604451,0.31423309431008334,0.39801128207963576,0.37405912722275764,0.43045856352552764,0.36505668531475227,0.36329386135237873,0.36037071635848755,0.3885561623668476,0.3478393270808221,0.33832757559844256,0.3783917481024009,0.3298468182869429,0.3195778062266974,0.40937714023876043,0.2973810858741955,0.3507990789797789,0.370954480211104,0.3427174094637827,0.3543890808968166,0.3040369593712603,0.31337124514285314,0.3742093843260465,0.28486072455639,0.36259607456360377,0.3289771325221995,0.3320982284277634,0.3564548751099466,0.38431435662893065,0.331076134981229,0.4807591276441281,0.27471907237166654,0.33064998318357525,0.38748968787747423,0.30192304606357856,0.2709882396640582,0.3467918628712925,0.3857804747712592,0.3499211549006815,0.3284191571887305,0.33330947130239924,0.389809875466881,0.3778229117268717,0.34300911393849537,0.31218580148539965,0.4316378709042157,0.3287488399740082,0.41242719532322464,0.2489712943044918,0.33296409687174167,0.27046866506131995,0.35673850093740883,0.3621972202831271,0.4024887132514266,0.4051532057795527,0.3837417934606486,0.41364519853326054,0.29104159849504857,0.29296460242411076,0.3443085908143487,0.2976675768448499,0.3099694309181577,0.4027893238473258
0.38292570968448,0.3727997594618922,0.40374585000936114,0.0,0.39157087081224623,0.3827084044513123,0.35152288919715174,0.34211208726594355,0.3131912623921407,0.3734773124334968,0.46896037609693814,0.3680992545983073,0.3958346699988936,0.35128955526651723,0.45195884052411517,0.404903958821408,0.42932064003453807,0.39189712961406553,0.35944236080557446,0.3753845406758404,0.47711899590165807,0.41873639846713145,0.3103674058142068,0.3609432412878084,0.3771464626871554,0.3861871312486503,0.3470218171399939,0.35246185690045406,0.37460175483974084,0.2706439490284546,0.37152907929088275,0.3750463230024922,0.47004135764953525,0.3112093043392912,0.37951732650293984,0.4067078020930322,0.39628710600552136,0.3793138903842035,0.44182556773150905,0.44432646274401905,0.39663710735510593,0.34068415572607863,0.38123526737819247,0.44772290989322916,0.3727393677360824,0.4202934423329406,0.2548642575062076,0.4518236454125047,0.3658615209673161,0.42166108304930777,0.5512217059376052,0.40690336151329637,0.363801091682866,0.5789629955383604,0.44376896025947077,0.29150261341823475,0.48484575899738885,0.3937197330412484,0.40908507501746477,0.44591112234917896,0.4729999447925303,0.3213771833440394,0.39952137441861535,0.29019390522490024,0.41434290561845694,0.44209215543651403,0.48718451901621806,0.3250213571912944,0.3436715491148929,0.35059407877156773,0.4210238056675523,0.3627483584657928,0.36888039919734306,0.5759240143757087,0.4168342735138985,0.31339338262910255,0.4696661381109039,0.42609390810410236,0.33910547069640457,0.3040057911152521,0.35168758590739013,0.47235571334246007,0.3314857711689898,0.3282821952955144,0.4327511012957605,0.342229853596263,0.38420399360826335,0.41684606218529263,0.362131354245127,0.3052652301722081,0.43596819486931937,0.3513917763922849,0.4254938274135335,0.3749005168419229,0.43454772010019305,0.3345661677119683,0.3223955599204197,0.3123602439290752,0.29732393945357116,0.3998704141422562,0.3688801913353885,0.3952680517967457,0.37492052582550434,0.30832050325685606,0.4042461351253747,0.3659560242499313,0.45887323327210006,0.31365906636602797,0.3944512130423058,0.38089862329870894,0.4476640993923603,0.39131465428924983,0.4488112644859247,0.42545160232570806,0.38589188141832864,0.35555555169582614,0.34421581919783373,0.3475209154025671,0.37657579295670485,0.34144369737390523,0.4303614062825552,0.3593871346440088,0.3439971267837392,0.4193834246571598,0.3264510571982173,0.39633985478007533,0.36631361942658175,0.36485127056580774,0.39023819614614425,0.4279128261089301,0.26542060191429484,0.45763014851044587,0.377366476321562,0.39301491958282275,0.45334991708027755,0.33434147973688216,0.2611736697714704,0.40285332471563856,0.4099335742490077,0.42185351034509333,0.41572122328923705,0.3804834946144615,0.46653535340943836,0.4031604017110997,0.41647194072488175,0.29278312814535873,0.3693371906547566,0.36989020824819197,0.3282414781485363,0.24337827558157976,0.44598427026714643,0.3550780854246456,0.43783309048296853,0.3094646880762645,0.3820398718425557,0.4008928243191467,0.3677320308236624,0.3914380789466972,0.43195591253830595,0.36560638026557146,0.3479751488842964,0.3535751443997378,0.3547104657282215,0.4353675814023523
0.4343259187881207,0.3704067194946851,0.41327604505876175,0.39157087081224623,0.0,0.33967799289902406,0.4112680710215006,0.3223588955601918,0.3618971786217402,0.45804152358257727,0.3909669803274985,0.3268920159532883,0.3762376670580659,0.38159545355749896,0.39115541310456636,0.40544024725012157,0.4055262971335209,0.48439320133134617,0.3074226567816574,0.3746668464976685,0.4144703866110891,0.4250256413855737,0.3857307999691269,0.3429941114969289,0.4110379974696438,0.33318079419131996,0.3611443839645724,0.3216530381620238,0.3461145464520064,0.3145250216814075,0.3688164965949045,0.351554728854787,0.35978568883191697,0.30801553845508944,0.47698485802531776,0.367327080595796,0.39006764205842304,0.36799378051044007,0.3284481510663508,0.41072512572970393,0.34420772112276676,0.4752395617815945,0.3555124257465323,0.42845519971678003,0.34008363439405015,0.3732228415213344,0.3235267623237802,0.3903051782714498,0.4320858893979806,0.37619119933441697,0.3777199424484404,0.34831977410949155,0.3256370680353372,0.3559464306399963,0.3457178424747526,0.3387179627479651,0.34815821589624346,0.4222148624245407,0.3859776632674969,0.36042039644554574,0.30030077993766574,0.29224321237968803,0.31212582181739434,0.3472893011999474,0.37913367399596454,0.3179950934200657,0.3946562064360219,0.3561903718475853,0.3483166481073351,0.39768812212249594,0.4061605860738342,0.38194871183139284,0.35111019034912244,0.3910230740027314,0.3514228031765642,0.32412302621805245,0.33266541081123246,0.5007786667625174,0.29821748991776215,0.28498055616755724,0.34999544271577865,0.42064767294708727,0.36517452694626606,0.28792467929151344,0.38202643827773225,0.34713475705085484,0.3590596971960118,0.34976166128981706,0.3432609378953694,0.3101508336474718,0.541243837293878,0.44771985729789243,0.41236838098444917,0.29411470289557273,0.4311504862404961,0.35599954730123634,0.24826574380165506,0.3630741388186679,0.337492097488685,0.3541800004299569,0.3204559952388637,0.3203396146515556,0.36143751909160216,0.37876771286988764,0.35440931522548197,0.3729504432266586,0.32485820146639854,0.41706518422372413,0.43595741424913725,0.3832227302680335,0.37321076222947314,0.4134767540183983,0.35924785860369624,0.41852883221409476,0.320144918209094,0.36548601625478283,0.3353921421120954,0.38830572843534983,0.34552247883969084,0.4013332621121999,0.4730605833247498,0.3092944748717005,0.33649646484895535,0.4213859713951072,0.35298056197809563,0.3453784006499381,0.326319137879351,0.3317021293843715,0.3515421923341226,0.37855042492589175,0.34250981158475935,0.35891013514425785,0.2955726041938695,0.3546106635508892,0.35998066511292115,0.3539953286509268,0.2889371377654618,0.43566676234022883,0.4232407336793114,0.40354795309653196,0.3274834539923366,0.4181751272012274,0.46117057284883395,0.37766044895547524,0.41816636941431923,0.34862113446191945,0.34723647932411716,0.37936380432411987,0.4080697561846005,0.2706784177214219,0.3381749780504487,0.3348313609402957,0.3894493546797522,0.3688630797447199,0.43014441267391,0.4152075742815525,0.31384545988564555,0.40204334149009646,0.36930171737726775,0.3218316309852212,0.3444841042310065,0.36265973351792313,0.37190144167167627,0.4925761111321954
0.4246037563545322,0.5215491168553043,0.4334830439204057,0.3827084044513123,0.33967799289902406,0.0,0.29401781860906034,0.4305504650123146,0.41639315883874334,0.3815081886687549,0.3548185469428142,0.3974961618883586,0.44257690674489886,0.3163734564107099,0.42436909994174127,0.4060958917567963,0.3639616922961547,0.33191392333309544,0.34726682038728357,0.44111487089981977,0.39827445303528514,0.4429686741160463,0.2641856470926881,0.33100375662479503,0.39443008868511714,0.29560165351546,0.3141565021127535,0.32605690516373087,0.3403714876207566,0.3061123266443647,0.4563796667127141,0.42409917839072564,0.47935710653942276,0.3030060733238983,0.3703293495958408,0.3430905608825563,0.38324957914619634,0.37116993779707225,0.35592752563064306,0.32374793965166165,0.3553198585982806,0.37592500412539503,0.3147627329720648,0.37826524107704795,0.3950488585123315,0.3712985983003828,0.30917754138355275,0.3502618286060373,0.28980135705870785,0.4015399830751032,0.376790384220247,0.39227726102926436,0.3442951205672399,0.3941481635556728,0.33177164405665727,0.39026082084145414,0.3963983400992443,0.42970054790254775,0.3010676790719099,0.3780048502367829,0.42816624912328666,0.3279868340251722,0.3657714332781025,0.2604039430295561,0.34777202214393393,0.36268167430984294,0.3910919472079717,0.3788525858514567,0.2865907971135584,0.37648510036096333,0.4279530060776255,0.3180768168198564,0.3421255837408022,0.3931970152435887,0.48240414704007084,0.32168314612588783,0.312649104384866,0.3550259789607504,0.3219193590878385,0.33128872332918635,0.3692887769569916,0.43368928226672365,0.3855285850995885,0.3605881012966242,0.36333853511609354,0.44592745672072237,0.38584878047180426,0.32923141487814034,0.40927299167462394,0.37881877632571703,0.35223479385546436,0.4191437824368267,0.3602571727181047,0.34972389955856864,0.3461053790824308,0.4307532707594909,0.35854381226278104,0.3800224250226483,0.2772368804171677,0.3915448438711781,0.3280891999117944,0.29257227056138957,0.2905641225165601,0.34818056784012447,0.40419540791975145,0.4320800196268921,0.3823522309699402,0.36054425672491325,0.34083140379235843,0.3780941978703957,0.32608184387285233,0.3235285324410785,0.43580172564644126,0.3774625429556678,0.35678968308777215,0.42834121250003027,0.36251104251698624,0.2971421886873531,0.3346226635186268,0.3334242198528082,0.3682028659553955,0.334336965924062,0.3556298506422383,0.42396178897922504,0.367497936609283,0.40456985527429656,0.35382228929458237,0.34937768841894296,0.3517543193739841,0.3358971744118752,0.3717692885454123,0.4842011200579179,0.34032589926841705,0.40454934019245586,0.4014097315758469,0.3285578135642714,0.3241244925117912,0.33061085024855463,0.3293262563971583,0.36773436221023337,0.36563989587977236,0.3752021879572456,0.4100814329262676,0.3567054301016397,0.3750076315431186,0.3093632299465953,0.4544856262337315,0.36677409879992756,0.40797336087762215,0.2504224505567851,0.3702859567068886,0.3244021496601664,0.3193690089303496,0.29888941519658613,0.402262519616764,0.43861473532658896,0.3788717917101848,0.43350066687808375,0.3248571136657344,0.3182056931939542,0.2903191605650713,0.3879088969857839,0.309423353145536,0.3794384148645984
0.34825156540642016,0.3532524303810172,0.3209133308563643,0.35152288919715174,0.4112680710215006,0.29401781860906034,0.0,0.27570999814015185,0.2923963362766962,0.4096281559794646,0.323054553276838,0.33378866967024284,0.3474378621677153,0.3308871628916102,0.4023967270433836,0.31027221069535654,0.3046493121964289,0.348006403568337,0.3051695934518808,0.2913914951121875,0.3159761866324321,0.3508589674120889,0.45522811164295024,0.3712672341409786,0.38687466630070216,0.302863609469684,0.340851975803262,0.3002900187157527,0.32471323126664614,0.3019200719743192,0.34570922490326517,0.3575454450507601,0.3320542708528284,0.3398568314991057,0.3275887794966373,0.28839787721389687,0.37109816009748453,0.2679417204929114,0.3105137623035781,0.40632550639676907,0.2929910964067055,0.35517802315340197,0.3014833548398366,0.3345207812399769,0.34308929937381005,0.3389038617508539,0.3340562369211106,0.31626266913716655,0.48686616420284307,0.28734098474287495,0.3586953594507797,0.2777973971328167,0.2792961391832338,0.3203228879220287,0.34750752595158585,0.32433812456217176,0.3039766232368185,0.29924085279572216,0.39914217558188053,0.31829420119674073,0.27313463920408515,0.2638299414628146,0.24394252369005281,0.29166667559404374,0.30961602147388895,0.2740573710956173,0.39671476443740694,0.37142008102195734,0.2872580002097129,0.2937228600234952,0.33438394426461493,0.3058905357687609,0.28756233821342025,0.3628438435783344,0.25451848605756217,0.340530118741021,0.4016964650264954,0.4296940968247593,0.25203995437154486,0.2873888894919236,0.29095966489294595,0.3417246196383338,0.3394371914559256,0.23180409823298742,0.2957239874354979,0.2957737999415775,0.28422666666758983,0.34227545555656924,0.3388575813663157,0.2932305071710793,0.34730120847340384,0.4190916299444661,0.34307484278764117,0.3026138460966784,0.34185064827173967,0.33924354169076587,0.2241885567761136,0.3367195139647223,0.2841789672077117,0.3696322188395485,0.31210317041490665,0.30899624528019914,0.32695516031204275,0.3278541976295698,0.26933640855456226,0.31982611538378247,0.2766391648293626,0.3334608650750863,0.38234590720366524,0.38074135726430536,0.3891582854241814,0.30166842328951315,0.3179917547410149,0.29195966833954,0.26943089820911564,0.3117411376054545,0.31320918282024757,0.37819160476359037,0.296501202361058,0.28433624418556364,0.32745876641799665,0.25598908299825995,0.28035775644967853,0.4119098324124814,0.29339155990856225,0.33487898805546723,0.28984947627985563,0.33181412577711733,0.2834905578101025,0.31900963842963054,0.26913663592033554,0.26528856899038356,0.2722084823165283,0.27471659419806127,0.28850690143163066,0.3040140476418951,0.28225651168626403,0.35474437229460193,0.3350127113602084,0.3473082200998658,0.3035242784857233,0.30946006479774757,0.4008560247577709,0.28942807266111653,0.32525655481933186,0.34599263813172665,0.30495044276544087,0.35098632984006417,0.33175468631178995,0.21264102397050597,0.310344072693599,0.31650101565840427,0.30802768986266194,0.39299933431861955,0.353351586636249,0.36418468684292643,0.35080346986161637,0.37339064829705154,0.366733309413786,0.3466583701476624,0.3112754851417341,0.30638888482229054,0.32511817990159114,0.34257960096363976
0.3719359095736434,0.4179108153759043,0.39436119145858967,0.34211208726594355,0.3223588955601918,0.4305504650123146,0.27570999814015185,0.0,0.39420292851118,0.3733327168862335,0.343836787813332,0.41255193006909363,0.4063052106451925,0.27418077330264823,0.37310970072871813,0.3970242953535886,0.3463915195400215,0.3267758364657999,0.31618454907794613,0.36594336818708734,0.3670594255323332,0.35800352804149543,0.27487183881533783,0.3205622815864442,0.37412120220727474,0.3119904648865405,0.3265312918473833,0.3059996020545519,0.2899697522607103,0.3156264934203777,0.45081049209682345,0.3396899296369064,0.3938132890838206,0.2811588690407656,0.3375963941381857,0.3339317897510195,0.389316966496496,0.37529706455931533,0.3483079649577837,0.33207319120682355,0.34674139901068085,0.3383386018724092,0.33405151913072717,0.3478348608976166,0.4262022011411175,0.3702923673076814,0.30429338009269863,0.34561116111815576,0.29650888587072743,0.34860095698777305,0.33691747552787976,0.3428039256646775,0.2810230516954214,0.33329380705316647,0.31534498622070567,0.325444976236655,0.3505188208939785,0.48169629746365555,0.29221932129174377,0.33560283337621716,0.41497387848667067,0.2665951766395427,0.36251748598419964,0.25343747333810684,0.28584490110684385,0.31735089994447696,0.33996583434330163,0.337364835178936,0.29638657340263275,0.49543816867041934,0.3763657502084367,0.30297194123064286,0.294203575589397,0.37435389584260015,0.4178282085362156,0.2770420286738888,0.33099734846918294,0.3256743532764809,0.3662885851217539,0.2602602175500774,0.30946604849630027,0.3544293802108084,0.3826489163997232,0.34800048040598386,0.3468976487633016,0.4771860452378412,0.44233698385851655,0.3006638348181713,0.37155378548369167,0.3533002316315592,0.34503799597361984,0.33561027991716136,0.31884955144596283,0.29486816398053367,0.3191845613010422,0.40328247899939784,0.3085243901813766,0.3451763478485587,0.23859633099410282,0.3537773515111586,0.27768888019356286,0.3599420459033133,0.285718710462774,0.36349790857425934,0.3596627211388992,0.41353799737004254,0.3497813322674764,0.3768625765133857,0.3380331988917303,0.3596141429137571,0.29608299025612334,0.31686206628592944,0.3482437750047565,0.3432288078052155,0.3323896934431883,0.4242319919961721,0.3231752491599659,0.2920114278396248,0.29639466430134465,0.2901129647773442,0.3507067273171969,0.4017534363516989,0.29639188349238976,0.3736047155479218,0.28773499302435945,0.37761891971542394,0.27746788470690453,0.42666652415988476,0.3357361875537591,0.32541540730468993,0.35188209365512124,0.38777258545910337,0.33350431333288616,0.31423366097060546,0.3689553452657153,0.2788030264288723,0.3252226795511837,0.3285395108965226,0.33433418548214827,0.3720396076863696,0.3218074668120467,0.2974090614912238,0.3489483258860107,0.29849778603671856,0.3556779558932568,0.3136292772576102,0.4328427472594031,0.3343891265715304,0.3926208285545651,0.2354677836070668,0.3866797554710394,0.2932252519320214,0.3099932102454739,0.3185034075943205,0.42259174912683395,0.4309387954039284,0.3363501466835009,0.45319695420825284,0.28343590761559345,0.27446205826992515,0.2725879261267578,0.3286399438148406,0.28554246247084347,0.3621576673648738
0.38468802552775505,0.38465303606377343,0.36901858578516644,0.3131912623921407,0.3618971786217402,0.41639315883874334,0.2923963362766962,0.39420292851118,0.0,0.3486756843049012,0.3215365556306609,0.3870105886283926,0.33851480239486387,0.30837547734755416,0.3580163883703806,0.3616505367767221,0.31488803481632366,0.33363324617094314,0.29374308035849095,0.3431718542921661,0.3284191100861051,0.434735377048188,0.2633453814952025,0.29309976904208423,0.3547377883425521,0.2831982966574311,0.32361112570986095,0.2879509158201157,0.2973777470794784,0.4190333099329222,0.42875374225215857,0.32813063022003897,0.36319730297875813,0.25505845300623664,0.33718676012529963,0.3035458808063575,0.3339796414636903,0.39297913114096683,0.31382954337593966,0.2941898251898811,0.3094974906117824,0.42851879223349776,0.28453546136715047,0.34567345306125274,0.3249920727255043,0.320275351028545,0.30628680891483834,0.30807151033600083,0.2823432740120521,0.31833900215672745,0.3094329855939168,0.31223323603671693,0.29041114368882115,0.31901579089162907,0.2881203372445913,0.43072275071213834,0.32008960084757326,0.414656220211296,0.2686818047601783,0.2871195685960675,0.2967807124084305,0.29417850962468606,0.3068134911588717,0.2603875381726438,0.29642945198851967,0.28460412693820253,0.33742957499749676,0.35868891818336673,0.2901578330220742,0.37329322413499233,0.3854801863170221,0.28603485791947847,0.3137280393294335,0.312555462891426,0.38068836750871277,0.27410828646502655,0.27204593029763435,0.31827551119037323,0.3099077249062187,0.27651105936979065,0.3321495680690073,0.4106516988617035,0.4944363605736423,0.304624526519609,0.32621637147979304,0.4283639495903572,0.33383826860516924,0.30417833469463906,0.3259912761920705,0.4687402271655614,0.3791577327791207,0.3832153884754274,0.3148315088048925,0.2719048920161313,0.353711137661552,0.46774171092931377,0.293925720256843,0.3400080397490969,0.27640746203641153,0.29853201446492766,0.29727337781407576,0.26551543213431616,0.2926759553049661,0.34321584422881435,0.3414589160371672,0.3554317298771814,0.2835344717920036,0.36587927751568444,0.30028971321093684,0.31621498279840504,0.2744927439106034,0.32915491768855215,0.34794075257393936,0.3981166507194554,0.3019498800849974,0.3897258816912901,0.3073416674435975,0.2924175006036021,0.2723047242979526,0.33524591772889456,0.35101629340033536,0.32456576070781235,0.2911283178713915,0.3732861168588126,0.36184156852598215,0.3416515855501047,0.2934961924793134,0.3342051710653242,0.29336692161144995,0.32522168091675413,0.4937285081803758,0.3963690542118183,0.2984228763867051,0.3832665239895678,0.3164249381131381,0.31111859717542906,0.338363605917117,0.3088523811575435,0.31658839170023867,0.3685152606096478,0.3268621852851673,0.3314141482355172,0.3537218406104676,0.34560039989933683,0.3400044629991217,0.3133785636292727,0.5415109746624763,0.339712390844933,0.3730945365861371,0.2534847717356619,0.33672947387144064,0.31219053688749315,0.3059344819228254,0.35081410308604005,0.3867219669066364,0.390626271455941,0.3131229733655821,0.43123120425256645,0.3083325371434722,0.2825644233851026,0.26505478848330755,0.3452108850535255,0.3345717476972138,0.3767073349748503
0.4367314757252963,0.4785666167805045,0.4356312319935819,0.3734773124334968,0.45804152358257727,0.3815081886687549,0.4096281559794646,0.3733327168862335,0.3486756843049012,0.0,0.3368515774264756,0.35081918826130726,0.4263867400645818,0.36064192206032614,0.4110497682904407,0.38716827708497875,0.3888581872898686,0.4489219748644089,0.3103973260460304,0.3654638272762036,0.37101693709048783,0.39395628137145383,0.4037515993671676,0.37963805868006034,0.5025517186026088,0.31140800103561256,0.3659106116634953,0.3224225646438582,0.40276385129395925,0.33511065998297546,0.4162258512379315,0.37805583918886326,0.34211417099825386,0.2985240701969256,0.40412330659084317,0.3120588450134317,0.4475393127433994,0.33152283713908476,0.28969815353785183,0.42615759709359236,0.31725729222548305,0.43484149760801866,0.3481083635767118,0.3707925593369913,0.3788148836069485,0.3866645858960002,0.37140537681986013,0.3597439394738105,0.43910581866085197,0.3246748298109265,0.3698046482978888,0.3392581738821416,0.3051166541555878,0.3569561901774054,0.34230941602606507,0.3936749868523978,0.3497769579398246,0.3460568240544677,0.40411966983770115,0.35874834051861004,0.33030180256794694,0.27838418807454907,0.2953100463509738,0.28748268196950866,0.335159140079737,0.3205091306552699,0.3631422754697079,0.4095584908267268,0.3313108890844132,0.3906751691883382,0.37762046607080657,0.4019060788386979,0.2950355431036303,0.41137740793452204,0.3267139987219269,0.363842397847559,0.3195385952147736,0.4901628276498908,0.28608764653909713,0.32139549937578554,0.3540598458027356,0.3586472717147794,0.4673388739441641,0.3024730414068219,0.3429204285659303,0.38445161014559553,0.33631745787963374,0.36053421865388385,0.4074232114108959,0.31647704555850176,0.3810779498916482,0.3957291860007245,0.38294042730075106,0.3012885244073761,0.3788151642479086,0.423141242390262,0.24078936770053078,0.38245585216475775,0.2953965455415434,0.3888268128095402,0.3307784902082862,0.31014848383314275,0.31455091787196293,0.42171116372488665,0.3232631927790876,0.3878847242728913,0.3258749650972767,0.4479805458375251,0.4206812213563575,0.46328090261275123,0.34056892433286423,0.3268995073076595,0.3485370542524436,0.35624818869339075,0.31695288469941824,0.427047566474609,0.3613094253118796,0.39016523889246235,0.3364926443466389,0.3450264104452902,0.3752750585553089,0.29499336980601154,0.3125219880784947,0.4444471464912673,0.32044704334386287,0.40620456191425064,0.2975571587332324,0.3647318668434738,0.3540603875843197,0.384501722915847,0.38880148966011163,0.3363798070532331,0.3107809228866211,0.29206555412215457,0.3160237819062652,0.3274988556975363,0.36212123720111494,0.40477456119900146,0.39156363355628465,0.3790205188431342,0.3482692198776127,0.3753149218539402,0.44265513076559765,0.30277116846253505,0.3767834293767963,0.3521011102858503,0.34301361967131005,0.427457801060215,0.49290478096320384,0.23477890135497423,0.3186931986551036,0.36523269427499816,0.3192941256091975,0.40741604323991365,0.39682832489134784,0.4073110034582685,0.3413664274605486,0.4987931578898487,0.3791358893756196,0.3449442652311446,0.38637250700362613,0.39773731623064473,0.3442759773861402,0.38539634155364366
0.4212897395814047,0.3317548391133003,0.3879594594240501,0.46896037609693814,0.3909669803274985,0.3548185469428142,0.323054553276838,0.343836787813332,0.3215365556306609,0.3368515774264756,0.0,0.39245290104289776,0.42812720082743216,0.3180778333883883,0.37246760011137653,0.4780879271581625,0.43147236168785374,0.40805081795998094,0.36734468081732374,0.38952694468983456,0.40291816955231324,0.3887212975856581,0.32271408968722176,0.355784849233211,0.397434103551976,0.36057671603134456,0.38869313427959473,0.41751527773746294,0.36226480638577413,0.3178591941944699,0.3609789003881795,0.3995488512201731,0.3740926034204038,0.31423439047276963,0.38857012730150986,0.3626179399166933,0.42107565542094866,0.3899649367315933,0.4240621259186683,0.39031131280115594,0.3411913761236678,0.3406822828534913,0.35813645948597295,0.4192030824866732,0.3574458800676637,0.374297113460317,0.23942650732643359,0.4711400159393792,0.38828054863555655,0.35873762480634336,0.4253992446661239,0.3374083734715315,0.29950736038165593,0.41140686209185223,0.44007763206528877,0.2666152482617577,0.4476488533167049,0.4527317887719713,0.35680998137617426,0.39945395515580606,0.412895772382176,0.26412543055464605,0.3644102279360787,0.28588736312911744,0.3069838242981736,0.36177553521508177,0.4122599261660824,0.3064190687649046,0.36068836752611216,0.38703354707193355,0.38102621751337173,0.3241025599049983,0.36231605615313567,0.46945080648999366,0.4389431863001542,0.329769141263085,0.4371079671002667,0.36320651862517783,0.3276333585590113,0.2977897067965975,0.3232794711195933,0.3489643572002136,0.31034266904575536,0.3474181239609074,0.3620828604505881,0.3434654879995281,0.39104363421480365,0.3487582025075596,0.3618557501568114,0.2958943169689747,0.4464472581438539,0.29691501761854955,0.42618340749810013,0.3735616728824115,0.35411833301987844,0.32745919978966,0.27692428711760325,0.28790363165435223,0.2620148657896073,0.3503089163552925,0.35505906008066884,0.37489192131444854,0.3279281426812056,0.304206473188465,0.3715079313441661,0.32620092966501524,0.3614925611366482,0.34121310462533067,0.33762232130663533,0.36173399717993693,0.44810000013421303,0.3532328812597015,0.37523176221705434,0.4134123790188154,0.3575987774933424,0.35630886161332487,0.34751020401537613,0.38740134684605776,0.33872591032489235,0.3249152636742102,0.4051809727156384,0.3096590269062418,0.3275165148258303,0.4141853924199912,0.3115198465570533,0.4111668767240022,0.2799982939543173,0.3339118935789982,0.3511564299957558,0.34700058264477485,0.27645815238899685,0.4187735451140589,0.39819490186857337,0.35498931708182135,0.46955951565586734,0.31097499465355166,0.28117519948937775,0.34805564004987477,0.3823507082024862,0.414230898251789,0.3698759186659865,0.3464745617501897,0.3406282410819953,0.33931131122115676,0.43299392143737003,0.2766326297559282,0.3167147546499808,0.32821932929945924,0.33404028309520106,0.26155368144294533,0.5142404599582924,0.31525725310511576,0.5096298170969529,0.27215784806650833,0.369550505217699,0.4037670930732694,0.3906608301970175,0.3791438323557533,0.3793027905820025,0.33741353109987887,0.29731273206053344,0.35770867033006687,0.30058114658063645,0.5047546305013861
0.3909351432537151,0.40558184436460853,0.35479362179678825,0.3680992545983073,0.3268920159532883,0.3974961618883586,0.33378866967024284,0.41255193006909363,0.3870105886283926,0.35081918826130726,0.39245290104289776,0.0,0.35583858363711196,0.24474500490392304,0.36751929914166376,0.3921556446464728,0.35856565263200035,0.3211576885482699,0.4095462105228511,0.3942195992061031,0.39497009601306887,0.3493840332946967,0.3303890375321668,0.4084898859879016,0.4406678173042512,0.30078124449009597,0.37697889877900326,0.3432280413703992,0.29662228309118904,0.3889545885990821,0.4375498741499523,0.36799133484951607,0.3568450055298674,0.36220661012676164,0.3275157336689202,0.3212699207515326,0.38289665749805735,0.34416411034510846,0.42098710146428514,0.3538012547065074,0.34347453737983363,0.35781647157444124,0.3116606012782183,0.3545740490097305,0.37592365238022674,0.3914182424418142,0.31517309631506973,0.3491050811135025,0.34698454769574794,0.3387125185347423,0.3731011969275393,0.34188066103524384,0.2778852182339407,0.3542199829356142,0.35405339782526246,0.32140002917457017,0.42138845647723416,0.4408411242084327,0.2816925737670166,0.36567201051854237,0.3242074008856276,0.246703736315919,0.3118283460302002,0.25598148112540636,0.28889197631358127,0.3290448709501051,0.3372060992329489,0.2941989704482051,0.26255389939207074,0.3305850182706236,0.32677400255483047,0.2812187071278206,0.2923949872352639,0.36765305378793384,0.3731410697833548,0.31075144565109664,0.33212274553298043,0.36681864589085034,0.3152080590735293,0.28141422448556824,0.2920255790166632,0.3590070132917456,0.38156857668693084,0.2870138892985517,0.3477405565655327,0.4210667048656638,0.3220027361757812,0.30643268501089516,0.4190426964884543,0.37654765790633216,0.340385504836836,0.34001689149401904,0.3449942214941038,0.3572981576674532,0.29398492161477446,0.4055870403868289,0.2662165244481549,0.3519409932759765,0.2393880802033937,0.3554230615364776,0.2971043405584399,0.31001645758657603,0.308590161875821,0.369747200265351,0.3127690568412213,0.3697069968326797,0.35946371049788034,0.3622308804591813,0.33107029267595517,0.4392922506649688,0.41999927525732594,0.3387843306652032,0.3166528814247057,0.36252956184166485,0.3180186131332194,0.4182994824317271,0.3483665305000264,0.35425902291216,0.3018094890576249,0.2754046475957151,0.3281926089602372,0.28811515487412515,0.30187506257396834,0.4101036953142977,0.27243352464577986,0.40639929076011017,0.2694399431332992,0.38474577241837293,0.32372117733918393,0.2977277614014077,0.3269854038547094,0.34450613960219784,0.31118840334477926,0.341990243347331,0.3702906489041196,0.2633335859784396,0.37998119272405,0.32673980579763473,0.3363924197273572,0.4106376078151651,0.2855234502501106,0.28912539611305293,0.3685676771488384,0.30709804958357273,0.362823013872245,0.34131107615429,0.47323713559616554,0.32817585468804256,0.37834487605193917,0.24576844503664996,0.4216633909594846,0.3029375095241659,0.38044146827073977,0.3155047749037114,0.44892669457530293,0.3621337540700698,0.38308286565551314,0.4583107061212514,0.2974170754892482,0.29653918836365817,0.24632660370599704,0.3208023800775224,0.2890113581834879,0.3957339093939483
