0,1,2,3,4,5,6,7,8,9,10,11,12,13,14,15,16,17,18,19,20,21,22,23,24,25,26,27,28,29,30,31,32,33,34,35,36,37,38,39,40,41,42,43,44,45,46,47,48,49,50,51,52,53,54,55,56,57,58,59,60,61,62,63,64,65,66,67,68,69,70,71,72,73,74,75,76,77,78,79,80,81,82,83,84,85,86,87,88,89,90,91,92,93,94,95,96,97,98,99,100,101,102,103,104,105,106,107,108,109,110,111,112,113,114,115,116,117,118,119,120,121,122,123,124,125,126,127,128,129,130,131,132,133,134,135,136,137,138,139,140,141,142,143,144,145,146,147,148,149,150,151,152,153,154,155,156,157,158,159,160,161,162,163
0.0,0.36836705886151816,0.27714765736443653,0.3140657270384476,0.2729907800622668,0.31077882824491027,0.3539845703600234,0.35812184561936733,0.40973549246239727,0.3101919988029786,0.34447404506282386,0.28362084746746713,0.4478545204927546,0.33668008474544153,0.38925745364907427,0.3130986775774255,0.3503302302972096,0.505449277162187,0.32787799028546083,0.43395412315667403,0.3339198862208577,0.34816063691773763,0.3913555225823467,0.33117241843057077,0.3989110227708857,0.31859824905453593,0.30569877617973873,0.36529849515623986,0.2655838471350469,0.28407070255712874,0.3845905387723629,0.3800543984200785,0.33931471150081366,0.38703205258786155,0.41466219946456995,0.34149127296016135,0.4363797706379237,0.38364857265970154,0.29483922937832135,0.43000906049464727,0.3235689533385891,0.39893423267526856,0.3653500771414623,0.33334554561152696,0.4032512328583817,0.4631592135092052,0.2967539101282837,0.2982439467977785,0.4612608445003941,0.3896444972064763,0.38885843945452264,0.3413877866417008,0.34121241154637116,0.302074910066287,0.32767639274756893,0.42327774622309783,0.44564044229219724,0.3173885876985718,0.3344265726076474,0.39472608673167947,0.33132171880121375,0.3343476378399402,0.34606507831776073,0.2835275579283831,0.3741893856386937,0.393416371136981,0.40561372333072876,0.3615684835832021,0.3182134825589716,0.4109683753491277,0.5034583559447836,0.3433751653818199,0.35988854404571213,0.3782418569581488,0.3646052582504741,0.4036189104305084,0.30423675140196266,0.2843150621315246,0.4242760098908762,0.26801362535181295,0.34952157997888217,0.45209566410419766,0.3209125556819813,0.3582794855173912,0.40248429067658437,0.46511566298857066,0.4043679194981101,0.36128509376460083,0.3885210240600233,0.38652155018737283,0.3948892245090905,0.3840846759744505,0.35684524450966215,0.41525332259025827,0.40816141137133427,0.31158079072308337,0.2704365669482802,0.35000946626528096,0.3257346670262818,0.4119196845044577,0.32819588269159916,0.34560967512274027,0.3090605192475386,0.2699914124149067,0.41099344584957304,0.37954226809797803,0.3224079042770071,0.3913276390189278,0.3972318061952269,0.32802275014803317,0.32718798014734685,0.42963941890744844,0.41657226541397985,0.3025187406170698,0.4422660852618866,0.38385449408929306,0.4032093291090021,0.3177922079719525,0.2734478936123441,0.32269480794949484,0.33645768010790605,0.32014135143399064,0.46556049974879327,0.4142321914427241,0.36132321908183496,0.3008204146911559,0.3182787079706481,0.30307109299154167,0.32062021185493267,0.394222406814656,0.3157093384997293,0.2979925508335737,0.319519359461449,0.39277836366624935,0.33170341099910916,0.34829600847373215,0.33353067173447737,0.42410674983391283,0.35955070313944837,0.41751920335766984,0.2825246516639118,0.34207277218725957,0.43372785772397715,0.3228932020866044,0.37410675608960325,0.4135887487055107,0.3436253302085016,0.30742771777900485,0.3748462174213827,0.2582141924874227,0.4522483150491022,0.3279545865063013,0.35020964716143466,0.2669634553864786,0.37046357002158375,0.4749358019916023,0.3694812072482496,0.31542418969591196,0.3385574424192836,0.36925558627333027,0.3312359482410017,0.42127732410207525,0.3037843407856288,0.46323433633260763
0.36836705886151816,0.0,0.33511970542105984,0.32395683211475107,0.23204470812632133,0.401738792879246,0.31663971623685816,0.4588959796745238,0.31707175288993417,0.41081629297054323,0.36555576143044927,0.4068874237632216,0.3556144144125868,0.29864462356515975,0.37190545854633866,0.31383154695207516,0.3380629819684069,0.33158203901577654,0.4162176796846672,0.365885900845425,0.34387638204270976,0.43474525644677986,0.3604523726970216,0.3434364935000254,0.45674229258638227,0.2570822548854532,0.2931142621199924,0.3651590380577957,0.3315759804404228,0.26680986306824345,0.40867363409561813,0.36993243691988215,0.37622479302354395,0.36793646244747946,0.3259728048684788,0.3813980453123607,0.3375607937769908,0.339560422744941,0.3587716029956032,0.34593494997553104,0.36284279461889574,0.3769530302946624,0.2820566744905578,0.2915005149199727,0.4363278396235851,0.3334417168406916,0.273532782728865,0.2899756420117149,0.36254210101263845,0.32262665630921605,0.3301636915977773,0.29838014665397383,0.32533274653672833,0.39013047729905814,0.36768523895326616,0.36722831635785386,0.3450999659163995,0.3345000512494779,0.31578056817441874,0.3690999550078372,0.38993311478565823,0.2553660181576607,0.30595703164172683,0.26505495631134773,0.28978857345361686,0.31422305273467244,0.3153934765887148,0.28577984538721135,0.29865868017733643,0.39219795208647834,0.31555300398771785,0.2724005554984101,0.27871229281327814,0.3597276423271436,0.41594275173189793,0.29918698020912826,0.28259683644976163,0.2851789107905893,0.328968453657928,0.21858546666832318,0.30722496478815703,0.3510395935317758,0.33688724594394337,0.33100527234723504,0.31176619120854326,0.47049633741317826,0.33017362959225305,0.265487617120877,0.3175726560014786,0.35726168916646056,0.2797184432116401,0.3288477687391556,0.33746350451344714,0.3409536331098331,0.3199751978825612,0.3982212444247579,0.2975543818343006,0.364917700883387,0.24696894836389305,0.34982950457910805,0.29507728562878754,0.3251660512868023,0.24564626480517734,0.3235961308568631,0.30751405548384114,0.29779465105834413,0.31845726311615413,0.4546916721389927,0.3327774006059634,0.4123314797121474,0.3391172157664406,0.2942078342661505,0.3296542340950361,0.2718293717744868,0.3451616874929549,0.38103484402429616,0.35752669641576423,0.29486281477103465,0.3217499764202819,0.2712997971532856,0.25508946779317043,0.2820582714252722,0.34996799410443186,0.351554287965848,0.2699706150079247,0.38050679979633384,0.28651484092360124,0.3425301922917068,0.4241485861120698,0.3128765511495229,0.3375558017056542,0.3041536922788236,0.25914983086783594,0.3515390925248816,0.3825983120872839,0.2702298231995088,0.3149104527855648,0.3295262436545437,0.3696001639475783,0.3411106372658532,0.29255344065640454,0.3368231675132964,0.3841868657696875,0.32420691505546106,0.3437412247035234,0.3182422130127768,0.3576401157864183,0.310222216682643,0.45016968579556943,0.29027908036918687,0.32900480507908086,0.344304613317156,0.3310150916365691,0.3120207538852543,0.38584014491555596,0.3766433954293341,0.35418030240049836,0.33227992207762874,0.2703729074640373,0.2717016861344315,0.32192182474212966,0.3261197960842351,0.2600736053634807,0.31630855400468977
0.27714765736443653,0.33511970542105984,0.0,0.2479942960615494,0.27431277794681935,0.36668192425635704,0.2812932482131781,0.3068060537565469,0.23077200164042327,0.3453780988697707,0.35537203392349603,0.3477436353351838,0.3365616906175984,0.22818306387996304,0.2929037367828279,0.4259223883802842,0.380241346586857,0.2674241449701622,0.2697350801339874,0.2575670203293494,0.379590462864349,0.43736625109690214,0.2617575004606269,0.35305589996264325,0.2980181382126344,0.3027938322292363,0.23626236000453552,0.27748963631249446,0.294107452823653,0.2931072457848619,0.2520633999704226,0.3300145012538707,0.25983141518821057,0.27091232096578133,0.2280514891087216,0.26791213462994,0.30788757086120194,0.25354780449857023,0.3083240371607404,0.3230576208966733,0.27796442631852625,0.3365946444245567,0.29352050575366395,0.2844089272876958,0.30529535230283206,0.2874639764396835,0.30798804397153207,0.3384812324560522,0.28763251942803814,0.2707186667689324,0.3086838919282087,0.31746356991613484,0.22970228561516892,0.30885687879726603,0.3028199834121615,0.2612658079655755,0.2752179020384203,0.3615891957987185,0.2477800980200309,0.2672130745750049,0.2848928578333884,0.2309612409670051,0.3176701625577598,0.217637258047049,0.23097100052724767,0.2519121874858629,0.25069575700324626,0.32714118696983463,0.25689458551963507,0.2844594786506406,0.3084668170614625,0.20935032247400556,0.2344406348077338,0.37066857015024823,0.31328333205158715,0.21948095091250722,0.3331782492055156,0.32846175471905653,0.2457382920644616,0.24409735118574646,0.3025235766110126,0.26170380566815293,0.34166646289180436,0.25657376291986544,0.25169841139888055,0.30845173552770755,0.2487853343479097,0.2132979111700304,0.2531407655848353,0.23723765264439683,0.2868413522790207,0.23200590412614358,0.3085780089256677,0.23475237631336138,0.25429264819062997,0.28087913245466006,0.22066845150241307,0.26723423188561307,0.20089000507145782,0.2669318709265987,0.21190421287525998,0.291220361445041,0.19942791601540463,0.2597150108347479,0.2384167744093874,0.34737855236812487,0.29018193143829096,0.2957602483623886,0.3025233091560301,0.3964434241387098,0.30355685257689635,0.23415260356875245,0.25288615942238357,0.22574969989928861,0.2437218764901641,0.34058040228213443,0.24864366662408624,0.31683216714045087,0.32080375813025624,0.22038967019418865,0.27717958803939935,0.21971718164919812,0.25988246952969934,0.3415442553274692,0.19961684499704488,0.3421140927325803,0.24006170409525235,0.3413234366891585,0.3246032710485502,0.24695090906290848,0.2520549066411955,0.381094266374187,0.2027412508317592,0.2297045435957353,0.2739323779301521,0.2359061583259892,0.2750508735198677,0.25262236817391504,0.28261066351574765,0.25939595866661547,0.2081098416994553,0.2830674449709553,0.2737360565333034,0.2585076698384794,0.2827788673229682,0.23122873912671368,0.3412406564141447,0.3156540385426445,0.3466266830209158,0.24127329895509758,0.22799090766010113,0.22864127700528544,0.2645979361633698,0.32927730049987036,0.30990282454506607,0.27035375523108535,0.306448399893185,0.3603257561110065,0.19362973788329868,0.2616785299652364,0.26703905243035525,0.21365195689018682,0.22123114455160833,0.2930115660689787
0.3140657270384476,0.32395683211475107,0.2479942960615494,0.0,0.22373956085828672,0.28813376158802834,0.3290087214862895,0.3323650831037115,0.26718768529568465,0.282532822558722,0.29944434958454674,0.2854632548304708,0.2972146997704118,0.31288665572695706,0.32207633187409346,0.25637013039866685,0.33391137397799564,0.34705371909942473,0.3534836243200948,0.3108487564043415,0.33280981927453185,0.27662019950135863,0.3522854846226358,0.2654386778521749,0.33048537107307446,0.2869708097226009,0.29458229335355685,0.3740096520275279,0.2561397594334921,0.22019786169264058,0.3028971875127528,0.29602804055326243,0.4576173085026082,0.3883899686609035,0.33465536972412047,0.35536689165746793,0.28462014454890133,0.34254373486241296,0.29063996444853685,0.3644839474171548,0.36579775273870496,0.3189579278559622,0.2848586982567963,0.31293743313738076,0.33786836681652893,0.33684833640514994,0.22152666811541816,0.24582424470880096,0.3316333159290824,0.33083108905611086,0.37794603571340746,0.3513670324970617,0.3561181236580699,0.3714953459618214,0.3111754623315649,0.29147556876770525,0.36952068940956295,0.30165211770308764,0.32901719144197217,0.38657846166438925,0.3715956949516976,0.28236183682852434,0.3467617866849753,0.25956664276728203,0.34078905239134516,0.36186119088979657,0.3581432205227774,0.24342287736292834,0.3078051093489942,0.34504374239257407,0.294935225962773,0.2904988994768206,0.327744235559979,0.3940657980833093,0.37050772513693186,0.2930889462882714,0.32213692419293966,0.259094356055041,0.3473330569089682,0.21784878817376002,0.29749792023418475,0.39391916889058254,0.2428067006814263,0.32925570087907857,0.39423563885675883,0.3446982162491479,0.3525300376450953,0.30957661419969734,0.3238969980646932,0.28391916455232935,0.31720603753154086,0.35637239066601,0.28813628848755557,0.33585005334042,0.38226958833561514,0.27045464185948287,0.2868528989276885,0.3676256737467309,0.2777343723678611,0.36603293384401475,0.2881545307799739,0.336230460425823,0.3638057850972288,0.3028114428054397,0.34805754236499314,0.28439381580636236,0.3405541967581202,0.3242463517154841,0.3241332332021574,0.26820910291514305,0.36813585566640716,0.3389425547264869,0.3947550259766131,0.3231329963465578,0.3509381682655354,0.2986577778175416,0.3800016710404058,0.24108683955176577,0.3369596504813711,0.3200825686131449,0.26537622654859044,0.37320091699617813,0.3463477513774083,0.30890710314325287,0.2710156662615003,0.27357155016527535,0.3458399290164182,0.2546024451692035,0.36231436278725115,0.330954952784984,0.2671072844915456,0.3002471849509905,0.2892141188756476,0.36970777963448326,0.30937752765783616,0.25883979340577784,0.21459343441551607,0.3361349334156856,0.31812242483760117,0.3176840532673,0.3605094940739803,0.2911360349536402,0.41195614258966495,0.3428272235860499,0.3022329257588623,0.3117623739578679,0.27695473765651707,0.2721961318544703,0.28457967092164,0.2533597191095141,0.3647269940270931,0.34557355653518895,0.3243837159149637,0.23288808776233974,0.35676685804585956,0.33132440538510566,0.29576782406928215,0.2785908286025073,0.3786094758974513,0.29936533236046664,0.34208372861554803,0.3225728012163022,0.31896008443765494,0.2999747333406584
0.2729907800622668,0.23204470812632133,0.27431277794681935,0.22373956085828672,0.0,0.2388000301137976,0.31455291295792637,0.22770349485590505,0.2268729334243132,0.22026573948359807,0.2941097223077637,0.24370885469424905,0.2622451871486885,0.22083810190431255,0.3051602548507932,0.3040706045750586,0.2811300945822631,0.2700606874500133,0.22462646490120725,0.23568544836879723,0.29613954057933434,0.27805980364652166,0.2836148977994589,0.29577167381177144,0.2460345235660302,0.2958428044635704,0.2293138000275209,0.22804992300978896,0.22039342106234552,0.29416070443301484,0.2623832107197005,0.24933409070676776,0.24497925149132813,0.24632301981253665,0.2698928015586356,0.2562807930323546,0.29003963472711436,0.25370105722097874,0.2652640347264173,0.2799184174157628,0.2665947214380226,0.2809979320091059,0.307360784363221,0.3116007789403079,0.2402967574041432,0.2592336105478525,0.3233096532414871,0.3212976245254051,0.2959151108980755,0.266832345157032,0.29352967695261556,0.2666108387368407,0.21841218927547226,0.2385645622722513,0.25115409896456947,0.23334444677448712,0.2441902524980693,0.3178426147137115,0.22605620031971785,0.24278046940485662,0.20472606857364417,0.22593167072084788,0.27329061982232905,0.2211917034323184,0.22915680599218038,0.20856742679069884,0.22441527601511127,0.29271420306245616,0.23105307599667835,0.26524593436958804,0.2892946241808743,0.2230009799018078,0.20365185518256929,0.2750817960889944,0.22754921918722465,0.2153768108727734,0.27173950201815544,0.3973165720250688,0.240309031849149,0.24314976768382013,0.2656572325380659,0.25820423378871155,0.3023290388673591,0.21981905043847683,0.23096812893083793,0.2518684294756464,0.24455310272306152,0.22746885485472768,0.22716379308541654,0.21436538532732788,0.3471165707643929,0.25275208853210007,0.3049636003606713,0.20804826275354912,0.2359195743784586,0.23193929330219346,0.1876507717184232,0.2314443669972245,0.2226911927448397,0.22597797851587245,0.22127352426247757,0.23830251506503536,0.2220676481296685,0.20719758606731148,0.23245752642774498,0.287268822982995,0.22881799060460953,0.2567090105859576,0.30163032416100893,0.26085746860671877,0.26903430662802436,0.25594274977158016,0.22588843329904298,0.22425663421908162,0.24131636597529116,0.25956611958617903,0.236990099186638,0.2529739579086175,0.22506743032294071,0.22104936436295433,0.32233401505888803,0.2260452459873938,0.23150733044879263,0.3343888670299526,0.22026973941935465,0.24784731006253782,0.20902455796751218,0.2870211971289947,0.22451356971148673,0.2543111626902291,0.2166326823774453,0.2649049415105856,0.19282793471325846,0.2313274342312914,0.22404181069672974,0.25829536833403594,0.2530275810154165,0.30763687523497824,0.24908484131582365,0.28461516945048304,0.20063931558493314,0.24981200801628944,0.25088153453153617,0.23694365417119304,0.2752442194748656,0.24834818143991916,0.31466970318822224,0.26929849953680357,0.23276514418111027,0.2012463164384736,0.23925924300843845,0.23038471855874515,0.24870088755359304,0.2566056813928718,0.2706695706378174,0.25761281638665395,0.23731618278360744,0.3132403269567956,0.21390536065886054,0.23992818796857368,0.23001642305338302,0.22816401494193117,0.21858595475657777,0.30834690445008384
0.31077882824491027,0.401738792879246,0.36668192425635704,0.28813376158802834,0.2388000301137976,0.0,0.32339393269714894,0.34126031223181114,0.2473893852991019,0.2986510198557648,0.4031314462599172,0.421128986834293,0.3801586354028891,0.23003539964014863,0.3355624773862405,0.37276745932148825,0.3864690859417258,0.2531760660179024,0.34557973039545165,0.29560416701992387,0.38352929079039244,0.39894620884301757,0.26395325978694356,0.3367568456385291,0.36067645726563646,0.27447122587607437,0.2358098094712146,0.3067636105393082,0.29862034767110585,0.2766401921629209,0.305813999200091,0.37242113480375316,0.33758675048443704,0.3084233463403734,0.26534777682695027,0.2876712918424365,0.3440820935772701,0.26465442653813376,0.32021250241891586,0.3089871631128534,0.3457850491637241,0.35720367343073856,0.29717236352459026,0.36055804774884676,0.3096078041579858,0.2901647828357666,0.27539344475629984,0.3132590432774447,0.2777864306860937,0.283082795107377,0.33007841512408026,0.38244995529429765,0.2511964297554129,0.3661063867851357,0.30008374778158203,0.31828682215432047,0.2992065697542994,0.44931373933493207,0.23976215874057727,0.27591047277683334,0.3468521625678833,0.24844068981825673,0.36784868192035625,0.2150226732257885,0.2379997018393049,0.2646178497652107,0.26520796302416,0.3131696363999408,0.24011600618798162,0.3093942885381225,0.3195477655697086,0.21518075632889672,0.2528035928350784,0.34942975243405683,0.35541208843168937,0.24849584032378164,0.32239595611620125,0.2945064438400115,0.2618171406795827,0.27171545899916644,0.38391007774346114,0.2780485644370763,0.3276409999689904,0.297083112774096,0.2670184822083845,0.3251651421873354,0.30214173793441096,0.22093502376739937,0.2816328604911925,0.2690959071101425,0.311819766259718,0.2920876621886418,0.3318455939021211,0.27119480217141156,0.25108694285650385,0.3542968330861537,0.24824565800529805,0.34253097753918493,0.20854224761037912,0.29188669402241224,0.2365846603271296,0.2894829903865013,0.22777175398038907,0.2653776447497505,0.256076084947902,0.35342912662415193,0.31849393876732035,0.35216566611620914,0.30237148223073707,0.4395656298572704,0.38272594967545503,0.23949704068427138,0.31402790988813933,0.24519172934129305,0.27194734400858467,0.390215663599465,0.30767220133900736,0.25612538365760257,0.4254834568457078,0.24520147566346437,0.26196146823078,0.2626599840777803,0.3067274755660831,0.3735880871742114,0.23541918241781737,0.3745652459803828,0.26034607893459,0.32913107449313084,0.3398716994313712,0.24338816949343184,0.28221341575082554,0.3926062340942163,0.23251969825880936,0.27761432309238004,0.2982900191280217,0.2603621483555406,0.32439196021331823,0.2668367787642031,0.2713650200472516,0.27266279012369693,0.2579516905186505,0.3080251065195598,0.2850493352596516,0.263470760744636,0.31453748769121864,0.26460242359343145,0.36392793979507515,0.3493797340834909,0.31563707123438284,0.26012361032773457,0.2701503168009362,0.27944622891368276,0.26167582283484975,0.30294960903553747,0.40098246925980247,0.2981329419447101,0.3398076662766578,0.40659543908360896,0.2393552713733372,0.2823322250302285,0.272551385317212,0.27289832607023407,0.23004652116004748,0.32616110522547015
0.3539845703600234,0.31663971623685816,0.2812932482131781,0.3290087214862895,0.31455291295792637,0.32339393269714894,0.0,0.295448243097766,0.2770362398703951,0.290173783186581,0.34469544168452193,0.37243775843983756,0.3676548500176901,0.2830854097442356,0.4498575714301082,0.30308590337503183,0.3317627520533164,0.34059984655887665,0.31240186576064927,0.27857879437795474,0.33747978510272386,0.35350638113473454,0.4226333139878505,0.3489431121543261,0.35436976819707516,0.3315156614828895,0.2963377918950764,0.28881400117169703,0.29473561106899904,0.3102715090761307,0.34432547958009607,0.34069404951406673,0.37942268960632736,0.3551028755407736,0.3127656892064509,0.30862428283344834,0.4264595481742117,0.30733447760792393,0.31991933889190777,0.408077263544326,0.38389200609706625,0.3730722032616239,0.38241711012700164,0.38211414871458343,0.34776233118365474,0.3474537387291721,0.3384432566953928,0.2994884522911829,0.4460736191658968,0.31394765051784623,0.40768539276993326,0.3258804127530603,0.2599675783963224,0.34533194857580446,0.3517725897483415,0.3161085389411583,0.3119178277446968,0.3662680512349321,0.30553607627698603,0.3040773538559329,0.2530448064203736,0.27876299725355363,0.3195124354070904,0.26340247920456894,0.26912029146608957,0.25817727744432867,0.3060780270010386,0.36851290184209634,0.2920154373161889,0.3309876319396865,0.37970563346343866,0.2637746883285651,0.2501046093730207,0.3866421204895185,0.266255919422352,0.28035813885460004,0.3656592002856258,0.34841921024588035,0.3044878069482114,0.23465134635747992,0.3300908866605965,0.32317712388172665,0.34169260314389743,0.26401375903033497,0.28412137293000816,0.34248654264755296,0.30533410672185485,0.2971397172871524,0.3022781383701393,0.28338736038409035,0.4136593995660262,0.39731882373667005,0.36428152796670354,0.2674057155361113,0.2934188894932555,0.36179752569403323,0.22555476348451783,0.35889737668772936,0.2640848326338412,0.31320524576314623,0.27410950847734367,0.3140151379067548,0.31818845671994744,0.2924090766031356,0.2805823794208241,0.35704659035117203,0.2808414153793873,0.3360989620392868,0.42590123488590415,0.3317898178408045,0.4302794100154152,0.30843328658861796,0.29347672627514454,0.26082661080723174,0.3092071804808229,0.3375176039492995,0.3085256586192378,0.31296795214936024,0.3152725919919195,0.26672666381333504,0.3041368477175464,0.28627071858073416,0.2871082419768391,0.4182883850497499,0.24730605168789077,0.36546320629089857,0.2563269961592648,0.3637747269630355,0.2920978633814617,0.32764310698974847,0.2670804150025156,0.27935790840745517,0.23470987407426022,0.2748615022981744,0.2584668143519856,0.3021424196247069,0.3117424871640001,0.3856533550259611,0.31969385113806686,0.3604356876378594,0.28197306694807056,0.3063368643764848,0.32370565366079856,0.27843899149874796,0.35504195505730746,0.39151343910104736,0.3605747220273479,0.34598106117540056,0.3013611657734899,0.2285607251980515,0.3007592655718235,0.30712008708068167,0.2930280129850691,0.34169729465654064,0.422593865842431,0.3560448134898975,0.3443694598561582,0.38590216415689577,0.30053500908222197,0.3287736694265469,0.29709462843166673,0.2874052788542377,0.2664838108154428,0.3589730984922761
0.35812184561936733,0.4588959796745238,0.3068060537565469,0.3323650831037115,0.22770349485590505,0.34126031223181114,0.295448243097766,0.0,0.38901436536159456,0.39180031343867006,0.3120184044005286,0.33198230265371076,0.3754778142878553,0.3167965597526974,0.35052597187825923,0.32594660661915525,0.3587920009325554,0.3525785803579575,0.3529048984032514,0.3919606594187158,0.33814170794937576,0.32447603121482665,0.36709136505606027,0.2969559315302315,0.4261963010862841,0.2592305107340285,0.37548595634363224,0.43427289871829106,0.25845581221420916,0.281293436858885,0.4828263956133896,0.37338354530853995,0.34148310082901484,0.4110875642651238,0.3473063024293627,0.3786784451536926,0.33617109448433957,0.37406918564856667,0.31040875660007977,0.35006496681211274,0.3260639835667615,0.3834308672235296,0.29832399182220093,0.27513650330523864,0.5141054452067033,0.35857785533210784,0.27258332149170755,0.25244239548875097,0.3582016392397561,0.31044964311206213,0.31514453414790106,0.277973637184849,0.32153996563420023,0.3059200249744495,0.3096753501543878,0.3745845136382349,0.3253949503522319,0.3638265064679713,0.36498403666166146,0.35028229868235766,0.4472078029282803,0.2720862647119379,0.2999922247650119,0.30728706834426106,0.28794162629886166,0.3117990436618653,0.3758310129971068,0.2801913558977258,0.35272361096016464,0.48624280831411454,0.31006420958327835,0.30404325252854186,0.32306069059774495,0.36757326944343316,0.46127252345314773,0.3307146970478192,0.3130842815274616,0.28005551677997864,0.3699653310125312,0.22192948070071755,0.32388079646847284,0.3555523038686097,0.3301348715239433,0.3919492591944449,0.367225107284922,0.49665374080441277,0.42711783322285124,0.3154795227546422,0.4350552518029926,0.36284791517600623,0.2807256395869955,0.3706538399074785,0.31830819277991623,0.30118717665806144,0.36811439261234336,0.32223160667099116,0.32518091675062466,0.4585324569780475,0.27966925045557217,0.4301311228158514,0.3171353112247421,0.374394370144266,0.28562297411516047,0.33795735338992966,0.3765705004821839,0.33803864708445003,0.33987491006219994,0.49963176749068466,0.33474411622155414,0.3386614671794155,0.2956339642602788,0.3157371247917218,0.3656233698550798,0.36359387662546216,0.33409864473497414,0.3678069962150706,0.4338778999096878,0.27513316691262585,0.2791262273216577,0.3284784633754933,0.2555305281246789,0.3632804945477178,0.3320901043359326,0.33321110053590103,0.2936643407054435,0.3046412653866548,0.30722451328898887,0.34402931110267376,0.37281381291692406,0.31473001935983835,0.44866567625891085,0.31803506524954117,0.311270266154849,0.3312073031246027,0.3280673687569192,0.2583503640402392,0.30374082774893446,0.31128164078278503,0.41435907966231716,0.36586555192144926,0.30957127434301773,0.32136419774351,0.41889639414014096,0.3819113455098941,0.3373087866551301,0.3311208852479473,0.35307177210572466,0.3421183827901322,0.4210583699830617,0.2973481667745055,0.374556023179114,0.38283071879226416,0.3164311766090849,0.3002977933869795,0.424018588970245,0.4018964886413148,0.3248690461480226,0.34051424789715246,0.27710503172298284,0.28839206109384263,0.3547078021624953,0.34748742282941447,0.33823261869076565,0.30144883154297447
0.40973549246239727,0.31707175288993417,0.23077200164042327,0.26718768529568465,0.2268729334243132,0.2473893852991019,0.2770362398703951,0.38901436536159456,0.0,0.27595250445960956,0.2525662825682529,0.2623988989587262,0.3002646843267275,0.355616548354347,0.2984375718739213,0.25977586756103527,0.27610494862128215,0.3951454999198692,0.27090078541268797,0.37302932144733975,0.2616182991297582,0.29194476676666226,0.31725027468464206,0.260525557504016,0.31927016749738935,0.252636092181964,0.35316657324063094,0.3336917418976314,0.21875666819023773,0.3073855837132998,0.4129788466450604,0.29561791042104746,0.27170096751140704,0.3135737704369479,0.38470476815017957,0.28753494220519565,0.29414079413586086,0.3684526480477543,0.26544790982136,0.30371617498078557,0.26419669176794935,0.35154303806982806,0.2829809424667176,0.2556610090748853,0.37420215314124566,0.3267731256763323,0.26127219463188495,0.22493574329713703,0.32153273765469126,0.3011188617033594,0.2766990552838313,0.2573388716334465,0.31592676596292696,0.2409016489762789,0.2545395407392374,0.39093521681376275,0.3273780910543577,0.2696333035060383,0.3268382045187753,0.30711532930334995,0.28740910846239837,0.2830892962327376,0.26236382736654107,0.3058789538178483,0.3272465923111699,0.30532630181331105,0.3679605512522626,0.28348408645042084,0.2957701565014131,0.36820846731044515,0.3543166554884616,0.3594813222745638,0.3481149502016982,0.2846310797129885,0.32956651947596394,0.35504456951919217,0.24808628135698177,0.23002415968430653,0.35867437581070266,0.22802726385763666,0.27218468336977614,0.39263671312164805,0.3169175338389462,0.3042859697335658,0.35404232443257516,0.4192293645356568,0.3550123875217658,0.3687066211700289,0.37733313006350855,0.43944046861619884,0.3007101725556722,0.3993278288792962,0.27286718459872455,0.3123619134873903,0.3812603964680078,0.2788692317012924,0.30350932931251595,0.35042929898877717,0.36926146104352786,0.3499603186658807,0.33347670232596643,0.276130156666022,0.3092183559743002,0.2687620102730955,0.3955208216992117,0.2995613626055163,0.2521451724629982,0.34712028042775045,0.2987130452615901,0.2592940696114507,0.24179229268961164,0.37281751371252486,0.3183000987640346,0.36430151920748893,0.3241884213930429,0.3253450443176173,0.36085353041359886,0.25906725766605093,0.20903884424263497,0.34727944617026885,0.2923362886542869,0.32089930005395784,0.3296634916878004,0.30472732511755957,0.42419689532350624,0.24401711580831692,0.2970623103819773,0.2834119949318805,0.25645341495382346,0.32011101156880917,0.45071792106183317,0.26670527412091083,0.33065024974464197,0.3801544133426018,0.2835107405669062,0.27855027226231205,0.30390693809814123,0.3137382065756864,0.35440256289783495,0.35598058523424636,0.2766734563078149,0.2854513545058071,0.3818664028457466,0.3433121505521566,0.30030606117891867,0.35033399045175195,0.3463286808439586,0.26485806152665314,0.3245633347572173,0.2517214290056616,0.41285029277865426,0.30796010400372764,0.28591382361785267,0.2657801001946493,0.3003362896301378,0.40103478852038077,0.28866465357955395,0.27659787719353784,0.3222805240335856,0.283561315355724,0.27421212593066024,0.39569109403818303,0.3625847769607388,0.33059289299317157
0.3101919988029786,0.41081629297054323,0.3453780988697707,0.282532822558722,0.22026573948359807,0.2986510198557648,0.290173783186581,0.39180031343867006,0.27595250445960956,0.0,0.28569639468030733,0.30388160248169094,0.3303021765952617,0.282626333092399,0.2974969686685356,0.295358829851865,0.29171842514229696,0.33456425311199994,0.2952541047301352,0.2805960183649094,0.2701716815940954,0.3020437625530086,0.38398018564312136,0.25263643008371917,0.4661305158944005,0.25122568086967884,0.31484578085365394,0.32271749697002733,0.3573030032113846,0.251299087037507,0.35901170028038,0.33796314862023824,0.2689814376595476,0.3308420619424227,0.2903854897030817,0.31389746076665603,0.3273013908769179,0.3063653490739531,0.2563342157029339,0.2951488237984386,0.2564248382739043,0.3200950031104465,0.278046096115773,0.24751300465733422,0.36374271983496226,0.2919288244128581,0.2568677915323263,0.26605184695247175,0.3555402535586657,0.24794888706728102,0.2677089605912115,0.237749968015171,0.24950485848473578,0.2842435478239277,0.334559749269572,0.33412075501788385,0.2576724524184975,0.28189550244302586,0.2914048769926908,0.2822255906746384,0.32075041028961854,0.2454079339974919,0.24792733384052582,0.2549851600300028,0.24461662270514412,0.26220869463651014,0.2867029412955996,0.2781142630250317,0.32595838210261735,0.4045011252753289,0.2640047873922162,0.27311300904414587,0.2451332812344315,0.3040123854259746,0.3233203580228046,0.29394540916699785,0.26156842935798974,0.2793454222615428,0.28581687276174994,0.21595381299003014,0.28617695941436017,0.28786349662799454,0.2995390759577409,0.33285458010104013,0.2825993224858407,0.34531930850581427,0.32837476014683437,0.2766588221036024,0.3537720207666348,0.27896707455218506,0.2595935063089143,0.2907927374819029,0.2866682092492577,0.24431231140831405,0.2854619374726309,0.3535052298973777,0.2282267612605411,0.34501910904848015,0.24742849615106088,0.3252702330689466,0.2762362672765966,0.31244202101795227,0.25717871688246374,0.37415682264601413,0.2709933013936556,0.2804753112380716,0.2758368571970448,0.4573514253231141,0.29362926996115524,0.3017389765276802,0.26350315224003495,0.26599092565625926,0.3090101879358496,0.29522477431853056,0.2825836233098382,0.29395451458015204,0.3322384697486708,0.3498677908265441,0.2749215887612076,0.29145260474148965,0.21940427887853356,0.29408192984714815,0.2694148647635235,0.2950569530075787,0.24093950422057597,0.3642814212316496,0.25687167617465884,0.2812474637741687,0.38039553241029506,0.2994568132293337,0.3528572008625351,0.25365561280267396,0.2586800702241595,0.25390495388149154,0.28168466921673135,0.23162688628032221,0.2757215693615209,0.2998789740750888,0.3559035216783147,0.30700098815277505,0.2795490197901865,0.3070729766589298,0.3071815972106552,0.27176569316950366,0.3035723592195266,0.31912768237497113,0.25630055575250865,0.3218563966465094,0.5269768502921075,0.26782296088180163,0.2711489876134425,0.32943980221242947,0.2547447536303513,0.28746794642398665,0.3410304900549323,0.33215960665461874,0.26382854978553283,0.3144076380070195,0.2533415836335479,0.28106220505555396,0.37470858651012146,0.3009965034225514,0.281987420956147,0.24986360121630305
0.34447404506282386,0.36555576143044927,0.35537203392349603,0.29944434958454674,0.2941097223077637,0.4031314462599172,0.34469544168452193,0.3120184044005286,0.2525662825682529,0.28569639468030733,0.0,0.380775118287372,0.3664867104678877,0.27315917681886503,0.35244644919250123,0.42040987900996346,0.4291170674063637,0.3139510043861387,0.34714605670446796,0.3084417039303651,0.44125328666964175,0.4415236604644284,0.30591777382018354,0.37567111865238106,0.3659153862855504,0.3497503751360924,0.25683827719194907,0.32715284416838236,0.3562402262767006,0.2953847620900645,0.30409216001527734,0.3754414830720077,0.32884033958419673,0.310774527911242,0.30770434675335595,0.3630267606593308,0.3919422943550109,0.3240885026292031,0.4109038832529821,0.37546904871991255,0.36638437999189305,0.35108666305172376,0.37514224375796124,0.4270912358280771,0.3225242004186395,0.3114587813306143,0.26586349028224865,0.44802360351243775,0.36570381846249894,0.3112366348671717,0.4089626783115581,0.3422976253880489,0.271256309660162,0.41496074128860266,0.4053844084178652,0.2761252357432751,0.34995068501551113,0.4433161727401282,0.3022757643833913,0.30845289403295134,0.3479654818171411,0.25137429861977634,0.399366699928097,0.26091239060896765,0.2568986001526249,0.2790258072781006,0.3052901914254406,0.32636417627972036,0.30225426883468853,0.33306020652013324,0.3682236190712562,0.24995988631686272,0.27758125642369463,0.3903348031886135,0.34454120057229654,0.27350270895775614,0.4170024554767158,0.33785268105241417,0.3002987733240593,0.2672376843392002,0.38888112266273417,0.28921044068337454,0.33650391625157783,0.3129985671223296,0.29517893684709007,0.32316416795208314,0.3287537888895528,0.25794352878970317,0.2616637999901147,0.2713168322798702,0.40929456756446586,0.26415931899454675,0.44476292237712156,0.302419234136265,0.3004075325249103,0.33181673221909824,0.2518336765202428,0.27669312123128575,0.23790447276800167,0.2791826037241533,0.29026951419649366,0.3501297699485955,0.24828351247981956,0.2544513557796574,0.28986056464169363,0.3236650172377871,0.30544017710288207,0.337118812094876,0.3417245422417875,0.4431144517221476,0.4382107278641312,0.29281303239805295,0.32247589315299485,0.27044867097459746,0.3187586045383059,0.3454624940436195,0.31125514009340977,0.32669414948796216,0.3850680984079287,0.2570630559881784,0.33471899255227944,0.2624419343774402,0.3318799946358998,0.42494595712669625,0.26002264521097684,0.39694803626397057,0.2443634286417237,0.3673174411602799,0.36384773824605615,0.29527989965386037,0.24918431012092918,0.3811490521816488,0.2621270064532452,0.3083289338964068,0.36618699953265604,0.3095396796810408,0.33414264365946533,0.3260113504768427,0.33979307496980593,0.32640930339787433,0.2846788703609013,0.3562762059177451,0.28871982585134004,0.30845174752113425,0.4286520558465491,0.2661738789183933,0.35119250026738974,0.34431963852541064,0.3192337132336761,0.2806077283167636,0.3422024587174684,0.30802158509530947,0.346639085574659,0.31939010288066233,0.3623436292056539,0.33119200683150823,0.3461662346367394,0.3521781493984943,0.27233032190540557,0.30620169040839734,0.29502874132426066,0.30606271145321445,0.24860101700721335,0.4419129751820349
0.28362084746746713,0.4068874237632216,0.3477436353351838,0.2854632548304708,0.24370885469424905,0.421128986834293,0.37243775843983756,0.33198230265371076,0.2623988989587262,0.30388160248169094,0.380775118287372,0.0,0.2902649649790645,0.21186146227276445,0.34280017994685186,0.3132930766101985,0.33594506020671877,0.25232879248903933,0.3715939527842037,0.27087576009988723,0.36098259243192354,0.39090266372576626,0.29004774467000216,0.33726319545353006,0.3498842844724368,0.2599257550345572,0.24556046203283,0.26754948525937106,0.31564212269798597,0.30609799342463667,0.3182815933809163,0.31349313072143686,0.3342634889345958,0.30587141995584255,0.24835345332564712,0.2981387677487617,0.3225493743214052,0.26861121051445186,0.39716314473497755,0.3100131968380334,0.3630567186229453,0.3471794053217505,0.30600328505263924,0.3326571535589287,0.301760365217927,0.288179366683058,0.28541993191534915,0.3044781808223944,0.29709196065849675,0.2781115732567917,0.34794356224950496,0.325373976713529,0.245441104290762,0.3804243262641279,0.36541658730807436,0.2795580180697418,0.30463324154926563,0.4262776839960794,0.23943011089157973,0.27476359037661285,0.26948792950006034,0.22430152481914425,0.31940899443059123,0.22239842604041504,0.23427724942002381,0.24241526034776514,0.2403728454275405,0.27242012692439577,0.23666548866580073,0.28540843957307893,0.2970138402614001,0.2103762169939909,0.22282242456512436,0.3211735701238322,0.29871918037045675,0.23198050989236413,0.2999328811818256,0.2947858205683529,0.2657909522823219,0.21364064260311605,0.29809658640247977,0.2838215632995752,0.33225704047892807,0.2407497583674717,0.25832501481016135,0.3210609557594161,0.2595899269282612,0.22504006004364768,0.25627145806288854,0.27638575591504394,0.31534472634915345,0.2941724150513578,0.33841867909986806,0.2601937361740509,0.24733247244357925,0.4120046107947687,0.23240730668099474,0.31364002036571514,0.20901915515055614,0.2558676411685192,0.2259141989434106,0.29031576279874155,0.24035744177638266,0.3232509496249504,0.24620714535069757,0.30116840577044346,0.28530991418320817,0.31311992994397114,0.301890913762283,0.40581190247354054,0.4234814342875006,0.254860908857458,0.24890555116763488,0.2371628726999615,0.2607945220266863,0.34669550859292625,0.272334125523463,0.31007328991957434,0.34773443000176785,0.22519289993787422,0.25564434386928414,0.24975554011225806,0.2630217120095025,0.34382094772829325,0.20954028869442734,0.4362752928332689,0.2279216625756538,0.36829221346745544,0.34770514961318216,0.24313682637055223,0.2630767808004394,0.3015293940964341,0.20855603711541054,0.27252525855287735,0.28977147068707465,0.23909530705996332,0.32527961764692714,0.2739225616668441,0.2797079906823546,0.2994465773010953,0.2397687211493613,0.2766558864345167,0.28834001966015904,0.26921804072972105,0.3130245689163227,0.2885162649586527,0.4153375811993578,0.31278472189987727,0.3434115564521817,0.24796868431678648,0.2731453863720646,0.2840804795680733,0.28597883103611005,0.3220660569671758,0.41369111883546733,0.27703306796523103,0.3063953238135904,0.35401508992069297,0.22696895418915947,0.2521109829077867,0.23457733751639878,0.2474237461163043,0.22476397192355127,0.32558320375477046
