0,1,2,3,4,5,6,7,8,9,10,11,12,13,14,15,16,17,18,19,20,21,22,23,24,25,26,27,28,29,30,31,32,33,34,35,36,37,38,39,40,41,42,43,44,45,46,47,48,49,50,51,52,53,54,55,56,57,58,59,60,61,62,63,64,65,66,67,68,69,70,71,72,73,74,75,76,77,78,79,80,81,82,83,84,85,86,87,88,89,90,91,92,93,94,95,96,97,98,99,100,101,102,103,104,105,106,107,108,109,110,111,112,113,114,115,116,117,118,119,120,121,122,123,124,125,126,127,128,129,130,131,132,133,134,135,136,137,138,139,140,141,142,143,144,145,146,147,148,149,150,151,152,153,154,155,156,157,158,159,160,161,162,163
0.0,0.8452306355164434,0.8004927212851363,0.7907423033749549,0.7708008482505532,0.8547098266200273,0.7698875315041238,0.8045798006588644,0.8961090765490436,0.7570154882149346,0.8072249064817155,0.719843651326293,0.9219715334585732,0.8998982082674871,0.8635633657761469,0.8500079332430716,0.8872900838988698,0.9682536855608407,0.8584837474610194,0.9525906815510903,0.8687483134124958,0.8631341206285894,0.7770076026801885,0.8107047434590006,0.8540195068687408,0.7329237073747014,0.7708957443228357,0.8769523625689952,0.7223268000086435,0.845415564169857,0.8340327783592032,0.8891518123959202,0.8371423103507649,0.7348469966315652,0.9234281426832912,0.8022733094569173,0.8628548932872572,0.9069604338864935,0.6985235251229289,0.8760665472776621,0.8257681252753798,0.792258051292623,0.8804922563789391,0.8169602576955967,0.8413026537179421,0.8689759208251582,0.8373759958711532,0.7891292486581971,0.8739779339379276,0.9250228869678913,0.9011159440005695,0.9051336708289263,0.8324155369300993,0.8135855246195631,0.7729878487388461,0.8331571190037944,0.9581310286538368,0.7941682217661121,0.8631982432383777,0.9243276391878169,0.8163632246253795,0.8463841621362371,0.903075515206087,0.7582175655523421,0.8789651256649444,0.8536810449252101,0.7751403150387044,0.8911105562122394,0.8819365439183516,0.8538324195610261,0.9145531443204749,0.9153811730800442,0.8287990591150497,0.8940977716501446,0.8858637609495819,0.8475841154823993,0.7521622857617611,0.7366016498960484,0.824668339103927,0.7438890565104178,0.8159698314631316,0.8997204011495866,0.8741383988212278,0.8729625480793226,0.9129162174535583,0.9247318626020803,0.7694282478702424,0.8946866255300518,0.8855466540873421,0.725253339814835,0.8722142823432114,0.8135695703062976,0.8832060651439336,0.8879683847373215,0.9139553209437988,0.7706418781823264,0.7964850261690654,0.7774308448154684,0.7729221346329284,0.8706731702936221,0.8194235719640743,0.7197561373298562,0.7314605999708786,0.7430605546122409,0.9348890667288863,0.8782982318346024,0.8130565620635456,0.8056865796786242,0.8538404126477734,0.7740294604555181,0.755248036530314,0.8140408127799322,0.8796784533021119,0.7468387828363717,0.9034629464978126,0.9051109853279709,0.8638439821515788,0.8102021578528074,0.7725985389463913,0.8089619591474124,0.8589079703989215,0.7410275001204307,0.8510320605118207,0.8837657889765315,0.8489888677360664,0.7762596221003648,0.8156776906148747,0.7487338228704898,0.7714077565835536,0.8928064893062839,0.8382038925947882,0.8537709835651595,0.8068923920690666,0.8069871763160172,0.7774656917856458,0.8373480546972726,0.8694894935716414,0.8743785211709888,0.8239238358219071,0.8424096604784937,0.8423051734827978,0.8434992194731973,0.9222117295242586,0.7811075654639325,0.7761604169794443,0.7855822303189768,0.8403364334965508,0.7787626756599549,0.8129061251780203,0.6530039142955552,0.8534543530416493,0.82467215128629,0.8409733755838462,0.7597909154146464,0.7838008515037699,0.8451426836104741,0.8913712337141464,0.810338021863655,0.8541669704674453,0.8729978251473635,0.7729789338605951,0.928646523637252,0.889984205183543,0.8649630010610346
0.8452306355164434,0.0,0.8962689137497766,0.771772356773617,0.7487630933967986,0.8981683467269959,0.7970305204396707,0.7817154539411005,0.7874964767439806,0.9307116857754169,0.8059026307987767,0.8290055830363456,0.8593490950426907,0.8242597174948904,0.8601160430509113,0.8424924012391102,0.8571870595614491,0.8405968349588054,0.8982046156294652,0.8753533193303898,0.8845205071849597,0.9097974299592322,0.769714940330671,0.8633403825589423,0.9178054812596824,0.6491832203170962,0.7385246580458241,0.8172970400443448,0.9104503596791047,0.8006165799887804,0.8333798981770275,0.872476037802788,0.8621766285906296,0.7202945428054363,0.8464973022960841,0.829986597019109,0.8032249554209084,0.8240194568616905,0.7524749482750289,0.854279313800668,0.8852443061199055,0.7826532239683489,0.7948566004586981,0.8258863691875683,0.8168012142825849,0.7943219078411131,0.8218291235553419,0.8098144631984991,0.8512273892655908,0.8249500450254583,0.8110059894993095,0.8181698648779427,0.7917573362056075,0.8818070921132359,0.8260418400530044,0.8533220698609306,0.8325180280069333,0.7870548912420576,0.8451429574958323,0.8512723601678651,0.7988235887235935,0.7338193854414311,0.7919181323850734,0.7593559629600876,0.7742248233743816,0.7489922559299631,0.7140460298032872,0.8110579350134324,0.8005188544969054,0.7792873824153288,0.7894269554160694,0.8157700992211969,0.6961458722976438,0.8350177588125928,0.8498213656605649,0.782378938843082,0.7060183956673096,0.7925535108920163,0.7333931275160348,0.7081884913549685,0.8309310014389217,0.7755297990227819,0.9125372635046396,0.8189933727415163,0.7539442485870371,0.8846414859034087,0.6894240829084561,0.7597436973326815,0.8204410983915037,0.7271564106487325,0.7507083665565502,0.8147643362003189,0.8944680573432255,0.7925502470710399,0.7875429607752842,0.8809517070496206,0.7637986731045889,0.8381497206105113,0.6769508856554718,0.7976442824001184,0.8128936366417615,0.6823883418316193,0.6519016150863821,0.8823801917659297,0.7895619327685929,0.7988400307594844,0.7917667988960596,0.8517542840293986,0.8487703529944389,0.882146385776168,0.78009585001065,0.6840310681905098,0.7739110655489926,0.7033633445843774,0.7821376781544083,0.8255798802862541,0.8402055562440208,0.8634134223260285,0.8340213915088871,0.7129817423919952,0.7589782038674059,0.6559544743477769,0.7721263248590483,0.8646437455868056,0.7547392082341241,0.8927458053457065,0.7065254446294561,0.755985031721914,0.8955228553300497,0.8342478222923757,0.8440899036362527,0.8126678936023841,0.6846192905657078,0.718870377231346,0.8151176104952025,0.7966696276129498,0.8834424444042839,0.8228940687570875,0.8536469306973598,0.8211329985337149,0.8463578861262883,0.8548936998119502,0.8662271014269136,0.7744131506197008,0.8094927985140029,0.696705276490438,0.8332580595870663,0.8387305776903142,0.9347460781270894,0.7103929295232261,0.7351749598696888,0.8653496951441667,0.8125808563088626,0.8595445904299012,0.8709580376502729,0.7889251391458523,0.8503235968792144,0.8471676866229069,0.8140859737152185,0.73537600472625,0.8068464105674067,0.8394172339831654,0.9304968359831286,0.753786407379136
0.8004927212851363,0.8962689137497766,0.0,0.7986983604046972,0.7912438344913628,0.9141030705850253,0.7508029775350524,0.8469308658430398,0.7655409006577754,0.91830642800542,0.8842082599073101,0.8544086141787061,0.8935304495404889,0.8077701223725977,0.791182005242531,0.9486559361637725,0.8984992615739573,0.8026184411997113,0.8478585541784095,0.8272504459211061,0.927360455646547,0.9414132327626024,0.751927009636822,0.7980828447212055,0.9060072279380202,0.7295137985155239,0.7899868392109004,0.8205973608768995,0.8795589443001313,0.823265717785031,0.7862685035507587,0.9060774524877208,0.8148725776654563,0.7241581736184862,0.7775126615334167,0.8782441052559103,0.8411455667995773,0.8650044921064188,0.7712223974376841,0.8204573403562887,0.8139463933385435,0.8176005652275423,0.8256422182418164,0.8022792608621157,0.8463024207544501,0.7566706457324903,0.7775874268998447,0.8579570011640409,0.8210368582611193,0.8307947357781531,0.8257067762077279,0.7993423739006033,0.7029262588233657,0.893123584201656,0.8749250685124442,0.7885325420887912,0.8000346362166509,0.8972836437554398,0.7966190360230844,0.8222593103201256,0.8449590824571945,0.7585337737532464,0.8213083643602386,0.7842793545011764,0.7020709878359422,0.7212887583292953,0.743489725437274,0.8256430603182169,0.8729273508526325,0.84868140201256,0.7897826015927711,0.7413731644302829,0.7463861758767928,0.8956634268940374,0.8819079638729642,0.6803781292302613,0.8115127410410163,0.8437728795568965,0.7188506636957301,0.6608470295266168,0.7789653424334542,0.7630771777990873,0.8641672280299595,0.8387388067388435,0.7882192341572006,0.8655388570262519,0.768783033877191,0.7651143127652751,0.7802912388288489,0.70413177916217,0.814312867818859,0.7435938187049297,0.8821060281583369,0.7061273667724869,0.7800336610474594,0.8639319177364029,0.7603903655977403,0.8051144494641909,0.6645692966870559,0.7699797564310389,0.7538640662317563,0.7802066874144518,0.6835228379200036,0.8354096907815115,0.7972988668823919,0.8283924438415364,0.8360172529915568,0.8594631377515236,0.7856804795387866,0.8409172151172956,0.796779835345464,0.7299007082608587,0.8002548594570464,0.7945621826592659,0.7427603737577975,0.81532107104034,0.738360844355294,0.8830818179146531,0.8896918703251265,0.7512144077866154,0.7578196517640552,0.7303717961026767,0.7384105601662916,0.8077705610196427,0.666258987885731,0.873926470551357,0.7598980353066707,0.8292077076434471,0.9146579471236146,0.8005771344661099,0.8335576234131656,0.9212327354068165,0.7207504064659205,0.7059374325210306,0.8219788145985787,0.7033267944808035,0.7947207944400907,0.7621760496016089,0.87392379504473,0.810340252761325,0.7755082106340077,0.9210487484890975,0.8037542598364441,0.8520394156306846,0.8437889593526162,0.7228484593160523,0.8374731018771739,0.7882481533580901,0.921454670873219,0.7845231930021905,0.7246415519963664,0.749655126448347,0.8465120988914746,0.8752014882791176,0.8788286983520864,0.7922108557073768,0.8171766214253524,0.8689081772283974,0.7168131519879658,0.7645647441573759,0.7309337649051759,0.7239297533821025,0.8813162428306681,0.7519332063066063
0.7907423033749549,0.771772356773617,0.7986983604046972,0.0,0.7466193747770989,0.8153198657171475,0.8120481608334174,0.8326188158448622,0.7517683834015335,0.7446044133693002,0.8531667771000081,0.8124913629863018,0.8263005258260455,0.7735959417343428,0.8039718522145652,0.8119441302910784,0.7888816085257584,0.7616851125688469,0.8126522872514852,0.749314224797773,0.8425279122260991,0.8234376987640902,0.7823797483279835,0.7777523107665775,0.8329952032892955,0.8211339441252424,0.8049512263948475,0.8068126512521181,0.7235883240318383,0.7367428680216809,0.7984953796927077,0.8023179745540253,0.8884821796208611,0.7997629620908394,0.7973299162918007,0.8559560748738249,0.8504739492236414,0.805108484357221,0.7655867910907939,0.8283354801058529,0.7888347582389466,0.7462765996617922,0.7884390145471022,0.8260746453367088,0.8500912508929428,0.7291949538755685,0.6724894936995945,0.8090006326436829,0.8184550379128448,0.7778906864455084,0.8542580101947987,0.8005169241498605,0.6466671713731935,0.8925355603156617,0.8569007098047148,0.7173714019232524,0.7758356971059679,0.8570523352411227,0.7429484449045355,0.7917472793504456,0.8351220858125137,0.7185656151446788,0.7933058076817672,0.6990055071285466,0.679307246623604,0.6992877781220245,0.832816063657824,0.7787182156739609,0.7836321411776229,0.8515970267595289,0.7860706963507937,0.7203625942739619,0.792754854576649,0.8805457936224048,0.780345127028707,0.6556797637074672,0.8415960715632389,0.7906970123979992,0.7311673369836995,0.6219761179440593,0.6730257596662932,0.8405912512364163,0.7575645317353392,0.7756092703155135,0.832028577739943,0.8098312847312777,0.8212379526304856,0.7859195361785029,0.7535979597528489,0.7309265903663785,0.8499777762399716,0.813292727610772,0.7991761581161313,0.6934546728886122,0.8145452529993472,0.813948396554942,0.7232449679171092,0.7917579033611971,0.6840390927333017,0.8132729209263599,0.7695257433767948,0.7885289186240797,0.8390808856143313,0.7749725778141576,0.8059712795753824,0.7611963933857316,0.7647582199525054,0.7620519511777132,0.7301074693200857,0.7430915000034715,0.8636390984431418,0.8022912152178533,0.8405774192048054,0.7718649072529629,0.7509277770080269,0.791792992115173,0.6838194987691761,0.7617769224502086,0.8289811019568084,0.8057875096741098,0.7281910435802256,0.8305362334254921,0.7193373157427458,0.7948454618236033,0.6663532428547109,0.7965939521679997,0.76481555330445,0.8109530546648064,0.8020265023741342,0.7506244194699797,0.7049689123708477,0.7804071568838334,0.7770489366894245,0.7992988025607347,0.7781366169302718,0.6358815195330086,0.6886750967773685,0.8011688429444824,0.821398915624407,0.7883865868022069,0.7959263747441422,0.7734826136473497,0.8270006355648016,0.8174050459286701,0.8030519939281029,0.7840606183145371,0.7934722887917631,0.681403552291561,0.7461141662164665,0.6317500065525664,0.8404502268566337,0.6806700159808445,0.7957634114775818,0.7301898910308338,0.8535005839124,0.8078740020922998,0.8045024418067395,0.8326657050836975,0.8447217695047241,0.8204727792406111,0.6456666663660134,0.7218919732490919,0.7965637963654785,0.7985703034577181
0.7708008482505532,0.7487630933967986,0.7912438344913628,0.7466193747770989,0.0,0.7142282083007824,0.8236801587557518,0.6685809286926014,0.7739503191735747,0.698579022446911,0.8494943708977752,0.7839924839011312,0.7294631775954354,0.7612565643934979,0.756200310874359,0.8072398237004507,0.7948050236736898,0.7456549615131299,0.7363378246635605,0.7433294237956057,0.8306261528058841,0.863041456062022,0.8061112142545859,0.79799720646424,0.7636598496403307,0.74301147827597,0.7709396169092562,0.7224218284001209,0.7428914030953717,0.8364389552855462,0.7199578368844113,0.7393284915762393,0.7187629095706312,0.6831947779892845,0.8119109138582176,0.8058374907434277,0.7656514753709978,0.7969273200756966,0.7399837263049002,0.7958289376175973,0.7423713754725325,0.8407579097774169,0.7390294229683351,0.8132123844526731,0.7090557529209354,0.6453291079464841,0.7301379596597098,0.7923674990779118,0.8341476124485837,0.784679735363554,0.7693043021157999,0.7389370827614754,0.6265727752145651,0.7673981543778176,0.7694694500618163,0.7172891448564543,0.7465193561786978,0.8253378376635474,0.7178829315441653,0.7326822716295592,0.6453304440667579,0.6578555039539334,0.7029762873904021,0.7966642868907268,0.6658971890779841,0.6036440393863572,0.6796009813763081,0.7432038108674671,0.7715140001818727,0.7187028149384558,0.7372907097302993,0.7269882919971804,0.7372010467458111,0.7714972028599373,0.710492940723069,0.596685851503886,0.7365122122098355,0.8953852665358448,0.6160988361791216,0.622981270891568,0.6251140049555084,0.7667692360333827,0.7820393943809674,0.6545940515085468,0.76818402404966,0.7533550304926108,0.6668156340974186,0.7166073566497633,0.6303821453099466,0.6758252263812622,0.9000005337972002,0.7466234133025021,0.8258901087045004,0.6334134279076956,0.8011555733285141,0.750716524664781,0.6095533527244877,0.7014642368005738,0.8087290246632117,0.6514818676675661,0.716607922067965,0.6465691002311428,0.6914196588124678,0.6954244509533174,0.7169067397188198,0.7045855361446245,0.6481487028577562,0.7539950931936934,0.6889061977186836,0.7497517165830322,0.7965748496367918,0.8449854631348891,0.6886363952330858,0.732104463414786,0.6570107819696507,0.7730168333640249,0.6299448284816069,0.8118273287191887,0.7574209679340966,0.7606954370988948,0.9153194062822857,0.6404350914372636,0.7326320335512401,0.7386974639573853,0.7332828827196947,0.7013396594003579,0.7082856755122539,0.7464173188378753,0.723045862514672,0.7177678306321261,0.7288717224322043,0.7585370717627281,0.6487162546102627,0.8033398063615812,0.7298384448854242,0.6698039269187396,0.709032408886394,0.8087276940709439,0.776155590760019,0.7434071065604345,0.6426476707260064,0.8349302965714135,0.7792565001894406,0.8113595404016519,0.8111887302028404,0.7680689229871973,0.8494841146408268,0.6206932190503228,0.7398903205731271,0.7181016311712786,0.7112142346284668,0.6464502779279979,0.8527935016708553,0.7730542930360544,0.7450909091623805,0.6941206324636857,0.7424210526823304,0.7446266753588803,0.7351302913217265,0.7372007548300513,0.5854404978696022,0.7143358080176633,0.745233337475121,0.8830720820177079
0.8547098266200273,0.8981683467269959,0.9141030705850253,0.8153198657171475,0.7142282083007824,0.0,0.7296584214840258,0.8739801913639114,0.7857738024051084,0.8733169255051214,0.8253780974521281,0.8158592200378543,0.9240529028478718,0.7806739028676806,0.817665595268694,0.9009526215713046,0.8704697144800321,0.8258993666185912,0.892888620303289,0.8428736132643553,0.9077001193255028,0.873647425166747,0.700485161096108,0.7927998538370238,0.9059823406978136,0.7122861020861455,0.7187239486125655,0.830024912627132,0.8138146872744905,0.8106507030795413,0.8255063289247561,0.9187625134214207,0.8699660826367519,0.7280089796018286,0.7769630939216968,0.8041189819576177,0.8636618112328951,0.8401991049246801,0.7430384685161738,0.7980600087628505,0.8308184202662033,0.7721995638432547,0.8425770966075644,0.8194557010242763,0.8430342030718104,0.8205160072778069,0.7942555266636278,0.8377078174944159,0.7881226931165102,0.8162131610302344,0.85777260935954,0.8709881515023803,0.7618376241020702,0.8872370680411996,0.8285159390837145,0.8444600117144107,0.8473026940567825,0.8598523445527814,0.7742212143269681,0.836582103223786,0.9015209274144222,0.8037264856293493,0.8887289014279139,0.6764174352446427,0.7547630798684707,0.8050551823633831,0.7476408142163241,0.869086742358192,0.8127300934624635,0.872064249368321,0.8436020814068594,0.7486762872338305,0.7325659929874644,0.8902129622619566,0.9049416320721874,0.7789487481614457,0.7810703844554583,0.7747523954245994,0.7923335845346785,0.7687719977154229,0.8814123156603031,0.8010664022886995,0.9092968289182704,0.9020450821585798,0.804484980192489,0.8924222170476211,0.8030935062253706,0.776685818400469,0.8662792985905616,0.7345964897738533,0.7775090050556673,0.7693710346960657,0.8533247184757223,0.7999549206987708,0.7744886886212458,0.8712107398224759,0.8227678795746125,0.8203492782106416,0.6261438990993603,0.8300378794250137,0.7675307849359226,0.7774385935239368,0.6868130302957802,0.8332293084124512,0.8337174230009632,0.8610007191498811,0.8650425296352406,0.8244048809064538,0.8134180675544843,0.8364157891122572,0.7849539494060912,0.6842842247975193,0.867816165338647,0.7434431687322292,0.8191500697321988,0.8447240573210175,0.8268579284644594,0.8074787444197743,0.8556838143494807,0.7389373121419057,0.7152318222091255,0.770419022938782,0.7614748828392341,0.8904763536442661,0.6965513612039596,0.8962324022923052,0.7492173472788328,0.7995293458081031,0.8690152683006156,0.8057398791236247,0.8343883540872201,0.9198587117503876,0.7685958639530371,0.7194295488154722,0.7988797425494917,0.74819607104111,0.8470872618199328,0.7496973942133861,0.7895741425349023,0.8281686832732418,0.8638340157910531,0.8479036814879455,0.8231494853186555,0.7672503260963849,0.7992628377728471,0.6967721017273709,0.8311017926611475,0.8578776909294245,0.8753772584786357,0.6877307977509741,0.778407690964915,0.8207009934657061,0.772825445777909,0.7855120028174337,0.8940997841155978,0.8377256429238019,0.856674806032205,0.9226607103065708,0.7575694001539617,0.8067113035950425,0.7917071615090783,0.8058724652472208,0.9133785946973219,0.7504923851752479
0.7698875315041238,0.7970305204396707,0.7508029775350524,0.8120481608334174,0.8236801587557518,0.7296584214840258,0.0,0.6696001726364477,0.6995029143179313,0.7669524391928914,0.7664042529098409,0.7954265593025004,0.755423812290578,0.7709162194641327,0.8157131655496583,0.7422684562802924,0.7452524672698879,0.7350718627213235,0.7532154241723191,0.7329634717653244,0.8141123476518933,0.7955618693506318,0.8640637731661829,0.8646283964916281,0.8231966242335161,0.7603718019504321,0.7287462942288845,0.7156162289994551,0.7551725251612632,0.7215975013539839,0.7729044638353687,0.7859129863964788,0.7918054203858514,0.8133499415093538,0.8183807082128165,0.8119017385481028,0.8053537765623031,0.7000976070091542,0.7301174059859,0.8803935749887116,0.7569170659723476,0.7651529638384904,0.7464645414680094,0.8534700774494836,0.7815481205736643,0.7095183347575398,0.7736885586814349,0.7924574098892281,0.918622660573038,0.7606233381224161,0.8195616026166863,0.7517458911507988,0.6444587930060377,0.8230497860417237,0.8112691392755813,0.7831807043047306,0.737874758500141,0.72586183313515,0.815639775230996,0.769718728522034,0.6791602487505088,0.6759646967702791,0.6809747081076013,0.7526297914886095,0.701915997106774,0.6564703094911409,0.7910904121649734,0.7881273184693981,0.7171513716251281,0.6827557995545733,0.7517014165638938,0.7612290571324754,0.7263934039612908,0.809092963946706,0.6610504327949682,0.6854975768786059,0.7679448713569047,0.8918494842472408,0.6379035506615429,0.648905183445168,0.6483182264109256,0.7797966554609358,0.7782170880732501,0.6400636873230213,0.7596943119597654,0.7241006035961223,0.6616905669568905,0.7773628186685364,0.7009786742108601,0.7216428623725554,0.7967603733151335,0.8961197985604017,0.808106678140997,0.6880712402922146,0.7949038392010036,0.8063443077482567,0.6281389858881483,0.8050643260897709,0.7605117599680641,0.7826109136160678,0.7847818913013707,0.6677872501716988,0.7948460712812457,0.759065859551397,0.7091795483485617,0.724658261199792,0.6929970415707003,0.7361037671074638,0.7747759451262636,0.8344677031405991,0.8978223523025586,0.7778584392532469,0.7577280322787628,0.6397076893841251,0.6819431916580349,0.7365019204964334,0.6872872626737868,0.8144712303304273,0.7953479637243028,0.7035013757268962,0.7829240340116366,0.6298933703462393,0.7506802805441602,0.8099333621935119,0.7066495603438087,0.7613676109537294,0.7378507090941174,0.7637302140549347,0.7698381774230113,0.7503439071823611,0.6720515472374446,0.6744149952081946,0.6322555227104213,0.7063891580684853,0.741010986268059,0.6830541407819682,0.7251690412988084,0.8638836175867021,0.7882192971168617,0.738151580912549,0.7106011674522089,0.7849891531090626,0.8617303230010115,0.7489737339837141,0.8166491650705123,0.8539350323748403,0.7731716776827284,0.6697761533605255,0.7586164361173466,0.5930615427708612,0.7376835308379306,0.676659091984677,0.7470307574955325,0.8475883777842902,0.7897971427366302,0.7372318627220196,0.7685207025665299,0.7953440859747484,0.8320833838040104,0.7899138651855292,0.6550412854515942,0.734256610099151,0.7885574321122601,0.7680764536193017
0.8045798006588644,0.7817154539411005,0.8469308658430398,0.8326188158448622,0.6685809286926014,0.8739801913639114,0.6696001726364477,0.0,0.811576266514322,0.7728737583654284,0.8166260005789022,0.8090488590581318,0.8898228509855624,0.7285838901975716,0.8175904798420396,0.8744436496900365,0.7822577448428354,0.7856764137973621,0.8357265701247307,0.8135617700292271,0.8334251500867543,0.8308864977499923,0.685072985490983,0.7329955563642947,0.8457530056466378,0.7610311876913014,0.7805945066941837,0.7943010694870978,0.702773990037138,0.7828291693057272,0.8703581557711733,0.8537620984110456,0.8482154108955922,0.741268019002033,0.736565571923026,0.8216920273944284,0.882369464022778,0.8644808547432511,0.8023169011855271,0.7385267761651961,0.7697287639716438,0.6951544261086672,0.869833134416953,0.7509166274359635,0.9198683068769496,0.8082693975048181,0.68748967817598,0.8050502699397832,0.7434461975176624,0.8053386518730293,0.8347032816151758,0.7703508568037409,0.6746561553960638,0.8477590852046368,0.8358529098048231,0.7222460549583727,0.8106554110705796,0.8834351385141523,0.7045398894706344,0.8245723436920902,0.947230080788905,0.7897309063532696,0.8597173422894545,0.657590940303244,0.7055257682960051,0.7787756497766398,0.7955097122644151,0.8279371484813027,0.8154515838962842,0.9661408351729218,0.839138764774768,0.7150934705195477,0.7112624468499112,0.8779756106053577,0.8660977687099456,0.699135467092662,0.8430125675905543,0.7097843384756116,0.8417080523978069,0.6218541680308773,0.7289917548254816,0.8327921328013875,0.821012182162822,0.8906605459530975,0.7839057266697782,0.8944828087193857,0.9173154423523292,0.796868970187985,0.8465752785652468,0.782987740984034,0.7703209497520161,0.7341436835336671,0.7940607195872131,0.7272616749255372,0.7230713434707523,0.8275975777807953,0.8561184879346702,0.7465031224099506,0.5959866629484911,0.802900894425126,0.766878022494801,0.9143747871839496,0.7265599257613619,0.7811290467838313,0.8499722523692254,0.8505510431894434,0.8600116033517596,0.7497461022017811,0.7464676645326616,0.7255303089761757,0.7397099135013233,0.7208948842204376,0.8084970769996038,0.8051026761783416,0.7929800270489535,0.7802911108551525,0.7061259711355292,0.7853953274796758,0.7312528065890389,0.7293388966827649,0.6899248893763948,0.919489939573607,0.6645118644095832,0.8085357776352002,0.6277413105326496,0.8490229670581471,0.7215407534967008,0.8933117062017836,0.7861119040995502,0.80119601876213,0.7712103043590427,0.8798582189279653,0.8615033002302084,0.7251166651985328,0.8238443700038489,0.6687504196871337,0.7739428786013571,0.7359728553484587,0.827150559434144,0.8924880304474169,0.8160980339340425,0.7740466576511404,0.7646142577262551,0.783727999266214,0.783887191314813,0.7050816330794433,0.8373313859379531,0.7701069717735356,0.8001475886488073,0.6403385313543598,0.8539373803799244,0.7028930165641043,0.779200858898069,0.7394822205146846,0.858461804369544,0.9095757189176141,0.8194819175869397,0.849006469334368,0.7045393630388653,0.7597609360321601,0.679740563688151,0.6954477722013831,0.870069824628219,0.7258874751176451
0.8961090765490436,0.7874964767439806,0.7655409006577754,0.7517683834015335,0.7739503191735747,0.7857738024051084,0.6995029143179313,0.811576266514322,0.0,0.7031001048441269,0.8110385884617861,0.727726981122406,0.8199719514044891,0.8199886066860071,0.7936445012811563,0.8028236953307776,0.7943481979194618,0.8602918576906214,0.7884609103169988,0.8587913390004306,0.7769714891146198,0.8664925184840065,0.7323589128064342,0.7242007853400677,0.7938561701357925,0.667645245948255,0.8215346526470285,0.8094668588425374,0.6756561102562683,0.8859239005218094,0.8113076673655278,0.7792138519758478,0.7603392665181671,0.6546837158708014,0.8570804453413999,0.7592081114373184,0.8050544912169059,0.8895083525313009,0.7063342396764064,0.7462397582177935,0.7296693831648561,0.8253401799711276,0.7730709784919713,0.7272505831382267,0.7745249925467872,0.7262602080931366,0.7074963768099073,0.7252617114721492,0.7753275395490085,0.8214462613594437,0.7754395715011803,0.75524148228174,0.7143235144129959,0.7412140043963509,0.7193832106585544,0.7927032291744718,0.8271760748576221,0.8243015059712743,0.7268141553716311,0.8021559423929608,0.7605875148636155,0.7325027761493105,0.7880496633972714,0.726216859791386,0.7429104945542202,0.7015723135167679,0.7198463362524261,0.7892537179332292,0.8354702037340268,0.8709612752189588,0.8163329187847315,0.7813556010807176,0.7782044361057316,0.7927306392708343,0.8422802518832616,0.6910257771150514,0.7094609636281412,0.6943450348948706,0.7152245868481913,0.6136910181621232,0.6816405951549714,0.8738121334677146,0.8338193090040381,0.7860258209372564,0.792043165384247,0.8871104767661264,0.7808125326088006,0.788470675909637,0.7625251956548182,0.772176674833154,0.8529648475823204,0.7622063127601598,0.7940886757703525,0.7258042075538202,0.8289166472795789,0.7527633521250764,0.731191101090786,0.704178708542428,0.7503240261264781,0.7268032958743929,0.7464592255656843,0.6973502940915145,0.663021816244862,0.697149789894713,0.8421520329984952,0.7530487227568144,0.6918491194727842,0.7724723204611589,0.701293201482921,0.6948959749799112,0.6873244231803817,0.7820737898692903,0.7664028930992289,0.8226860833987122,0.7524679535670898,0.8427925177343207,0.7126868555223328,0.7634095287108634,0.6742969882494501,0.8437870174218232,0.8100057937233529,0.7479039789068552,0.7289992895553005,0.7583325384627881,0.801357393950924,0.7046011937939302,0.7296561580478943,0.7434421138861219,0.6833596151651644,0.7734020514607528,0.878861608966043,0.8136608605541182,0.7984094978141535,0.8752228601726649,0.7479574518731094,0.7119159122553026,0.7681312770788108,0.770398421327131,0.7763319679189778,0.8128523067446188,0.7394110220215502,0.7983774411943169,0.8362405514915616,0.8000399676551668,0.7304694546489663,0.7244134542186783,0.8783577092293774,0.6726579779019383,0.7538524774230968,0.6742933927994722,0.8133188587165571,0.7173026315553918,0.8567820769903399,0.705047127293317,0.7341414325965795,0.8099457505127831,0.8208817336182417,0.7414502962641725,0.7624708027542177,0.7425271600423062,0.6344921714116247,0.8142723007422213,0.8327338351891432,0.873411791064874
0.7570154882149346,0.9307116857754169,0.91830642800542,0.7446044133693002,0.698579022446911,0.8733169255051214,0.7669524391928914,0.7728737583654284,0.7031001048441269,0.0,0.789312045002538,0.8265482909149344,0.8366393716711683,0.7838194256514862,0.7664583945707287,0.8482083325667922,0.8343842829196899,0.7693354275304702,0.8389434684336391,0.7932286841724353,0.8383315404716758,0.8549319557732048,0.762264253785775,0.773036399424324,0.9201585681555863,0.6381673532473077,0.7413820282266242,0.794927202986656,0.9329035346003955,0.7604715300364251,0.769424268888368,0.8843444689766412,0.7906774557762242,0.7272220369083597,0.7582044714019754,0.8191379864119598,0.7776368864976717,0.7710064106405848,0.7142926741601296,0.7959959057713698,0.7905309862105049,0.7610868386984093,0.7614624611168544,0.7629758176098935,0.801534395282254,0.7405001713685769,0.7774495085624172,0.7900848869742972,0.8227379511291113,0.7615443720050942,0.7634646955059873,0.7407885475927687,0.7118604141060972,0.8434169142749072,0.8392873539149114,0.8005244849684147,0.7454348126264063,0.7828398239563145,0.8226895424347899,0.7882493957556129,0.7845488545692725,0.7075797848473886,0.741196894026782,0.7579205121957329,0.6864732246985463,0.6992383723935175,0.6980199234055464,0.7682013488992597,0.8040642725744797,0.7611046018717003,0.7140684787052279,0.7401049143426842,0.6811970722252415,0.8164971509525896,0.8158671324200004,0.7235637211716118,0.7229880836856794,0.7908818115572761,0.6796469523606312,0.6561461356584636,0.7811712571035746,0.6892427704517962,0.8317126954743593,0.785096687958461,0.7131324836434172,0.7981422506682825,0.6863206488847405,0.7371047116628391,0.7929657995854762,0.6656640003137667,0.7122341712624742,0.7616228708914504,0.8474339060019662,0.706053517190679,0.7200044413011861,0.8641959153453469,0.7120165477130285,0.8346918604690936,0.6315362783253136,0.7699513028340013,0.7519446537501044,0.7050972594685898,0.6553377630964498,0.8898791461385764,0.7359280492743198,0.7643926556714248,0.791277826779834,0.8538470054993292,0.7938999795877053,0.8477246466075274,0.7662502309951309,0.6434344494450231,0.752440554319155,0.7152324979246559,0.7122882310961811,0.7520522866277979,0.7841711695335544,0.8736050184324601,0.8631674050573214,0.6933511377804844,0.6690318893711228,0.6483502162291471,0.7141318292990759,0.7855239549709072,0.6522779244474423,0.8840780349459698,0.698894187038649,0.7463390654624785,0.9281721073351006,0.7695092609111099,0.8146149194079522,0.7892010271158623,0.65225380998824,0.6264106963877982,0.7680257302868968,0.6994139839938126,0.8002465044932898,0.7354031432579529,0.8390513081775303,0.7629865998194784,0.7911878267753526,0.8618630864648223,0.7860123351519986,0.766211264405112,0.7875037859734024,0.6928124856899055,0.7406507463130125,0.8090782515615982,0.9518023385014962,0.7375693138720821,0.669509753702227,0.7986845480457345,0.7596124797736052,0.872032817553947,0.8585347665844757,0.7361256759553099,0.778756373610041,0.8236927643163965,0.7265950988034454,0.7230364400856297,0.782772005664306,0.7381651536455085,0.8725075269700595,0.6652136934261066
0.8072249064817155,0.8059026307987767,0.8842082599073101,0.8531667771000081,0.8494943708977752,0.8253780974521281,0.7664042529098409,0.8166260005789022,0.8110385884617861,0.789312045002538,0.0,0.8689694496886143,0.8458017835218987,0.804358232484672,0.7623136799804595,0.9305259586054054,0.8605669279747016,0.772916851280955,0.8310519043449863,0.8170341077775903,0.8803933129732586,0.9313516783231717,0.8072014569857364,0.7967705977720763,0.8825684710932639,0.7725433456481064,0.8715518922164066,0.8493321674729417,0.816900914159031,0.8496604195407431,0.7863050111397817,0.8329209354393801,0.7705063165113848,0.7591404085245017,0.8310385565619637,0.8649563420191314,0.8780376125209298,0.8958556861625077,0.8173577835008042,0.8001496913777514,0.7447466297601432,0.8465271490231144,0.7844260723979289,0.8237017610528704,0.817963343761683,0.6734535906011447,0.6574594650590239,0.8887495193225401,0.8586477218295867,0.7905651706294551,0.7958373944828516,0.7391830896177733,0.6241617595399049,0.8589342470615614,0.8876404880162119,0.7218243364480849,0.785346009358049,0.9377135447816747,0.7335393401283861,0.7694547151835361,0.814374350015618,0.6743143786342112,0.7633988985094581,0.797064726954789,0.6493989145537519,0.6503201300926027,0.7800131709947707,0.763010343217493,0.8461730656895581,0.8775130787045101,0.7575344623207348,0.7313335121600318,0.8108811881685503,0.8599820872669902,0.8304089003536959,0.6199695506750357,0.8500597746368156,0.8515473492936485,0.6740044244052329,0.6388117281352236,0.6617691897741754,0.7789368855813912,0.7961027276014172,0.7860885784843081,0.8160489157363214,0.8310379115706544,0.8362691210954145,0.7449552306649074,0.7035564576640229,0.7289502635547195,0.8768125296414793,0.7225681318956259,0.8495344789263425,0.6662431744640283,0.8055431017977907,0.8279944872226849,0.691141646922388,0.7430132528775537,0.7245964859912338,0.7052945101812786,0.8033301002492793,0.776775651266858,0.7079568743666335,0.7522328884004269,0.7779117572927992,0.7386244019712741,0.7286603558817869,0.8447903904382144,0.6802639861346518,0.8004508884558064,0.8480537203212473,0.8268887426789459,0.7938786757447901,0.8960378697155061,0.6942395313807044,0.8023320103746211,0.6608602225326343,0.8829508496979694,0.8357346105991559,0.820412287265054,0.8211875242613301,0.7464857118042282,0.7654282182340176,0.7604185759802403,0.7290769723680494,0.8007787959026619,0.7122326644958004,0.8238036219385465,0.8270071002672978,0.7371191302856078,0.7863751588182983,0.8585019784282616,0.8202833885152113,0.846617171893235,0.8486917887559129,0.6481255374558733,0.7326507461477624,0.7738969651233898,0.8825311551929003,0.8070890095286795,0.7200401281176003,0.9138476662747792,0.7779944144391894,0.8804888248462958,0.8953993884723442,0.743405443712832,0.8393683233034349,0.6582724639835711,0.8265560443322442,0.7930512476537301,0.8101299805130016,0.6743752740960491,0.9177121254003253,0.7463588182806697,0.8373186684492103,0.8053619639207539,0.8704874074566789,0.8095768931594955,0.7771184513841298,0.7980247945104241,0.6056438185544261,0.7400434367311601,0.791651584406295,0.8903189796355014
0.719843651326293,0.8290055830363456,0.8544086141787061,0.8124913629863018,0.7839924839011312,0.8158592200378543,0.7954265593025004,0.8090488590581318,0.727726981122406,0.8265482909149344,0.8689694496886143,0.0,0.7621784026281436,0.6680708707537882,0.7917866994404028,0.8442414595080708,0.7556513412998993,0.6793886334465766,0.8601679732418005,0.7539243627955909,0.8709730927480901,0.8539179219174389,0.7893483860407248,0.8455922071646883,0.905568865224902,0.7348090095424894,0.7507775456291484,0.7373544704846962,0.8249588296519483,0.7835410954489639,0.8483114142452802,0.7940955079842331,0.7909687510194026,0.8224974395878114,0.7544637374585298,0.8544492929196636,0.8375519511462044,0.7685306572449022,0.8900090594252864,0.7458528997990672,0.7733169250933962,0.7578835299767305,0.7697159487737307,0.8449117877380778,0.8327102813979999,0.6753108347974105,0.6731773090504418,0.8758034249009699,0.8201688627028274,0.7245899801491059,0.7607205832745495,0.7085947655258881,0.5879797658280773,0.8773170626485736,0.890780671191598,0.7335188957835225,0.719871196692926,0.88460082212427,0.6827494733824728,0.7248301666367276,0.7707698403167029,0.6277026296497913,0.7000204505684146,0.7145708818934117,0.620456270248899,0.6249930606800104,0.7298192332928641,0.729974943135603,0.7135480307489914,0.7924879573598512,0.7147078662271208,0.6635998953513156,0.658292538124529,0.7902488559484565,0.7312147620621653,0.6140865258184105,0.791779473139517,0.8619296176134239,0.6776347035828042,0.6119006148767476,0.6499922426506903,0.7429553111952035,0.809422761377583,0.7107513178961882,0.7177132104585023,0.7958014776331077,0.7747381990870997,0.6829194432288438,0.6909559847583402,0.7788216419244289,0.7498758522257729,0.7834357809449211,0.8038673073081081,0.6354122705230664,0.6726344825777122,0.9119971210441757,0.684872652323613,0.8241823247673125,0.6307767954340009,0.6889820486960962,0.7726923050962432,0.7753894264366229,0.7151101420893499,0.8657746431523841,0.6958422122665939,0.725699262240578,0.726992223589635,0.8032711082788148,0.6887116501140075,0.8590415548055156,0.8909861623573565,0.7290668478427257,0.7026368497421862,0.7406749947646093,0.6495285341575412,0.7182555891687431,0.6509561312631086,0.8729838455141622,0.800906852726824,0.6743644883747157,0.7203336122801905,0.7102693717499122,0.698328724749407,0.7791024902861952,0.6369521211952223,0.8736729299906295,0.6304552435014857,0.8697193817973298,0.8580419306794683,0.6977398111505605,0.7242996396920633,0.7646296154852239,0.6923070658715021,0.7338794248743805,0.8621336244131842,0.6243381631027163,0.764513156195303,0.7518278998235852,0.8459398798726806,0.8370080610275052,0.7112909049485784,0.8056269329372958,0.7382223130350378,0.7878896432003266,0.8931545579631633,0.7322329619781927,0.8543702019817582,0.6817443969418153,0.8602007078044233,0.7032444377385115,0.7804558120607047,0.6629490863100197,0.7993429946027041,0.7930553497768547,0.941830266919113,0.7960006544377692,0.7828438356629452,0.8539211141281481,0.7115052519682964,0.6916706986775012,0.6025251253947115,0.6782187923052806,0.832851251504853,0.757634543718
