0,1,2,3,4,5,6,7,8,9,10,11,12,13,14,15,16,17,18,19,20,21,22,23,24,25,26,27,28,29,30,31,32,33,34,35,36,37,38,39,40,41,42,43,44,45,46,47,48,49,50,51,52,53,54,55,56,57,58,59,60,61,62,63,64,65,66,67,68,69,70,71,72,73,74,75,76,77,78,79,80,81,82,83,84,85,86,87,88,89,90,91,92,93,94,95,96,97,98,99,100,101,102,103,104,105,106,107,108,109,110,111,112,113,114,115,116,117,118,119,120,121,122,123,124,125,126,127,128,129,130,131,132,133,134,135,136,137,138,139,140,141,142,143,144,145,146,147,148,149,150,151,152,153,154,155,156,157,158,159,160,161,162,163
0.0,0.3259368580927427,0.2652050885305363,0.3085227503067157,0.278817798157859,0.2782848725692258,0.28913396883736114,0.31629673608189807,0.3638113003784364,0.30298312923789905,0.3263382157090395,0.26813177290983947,0.3994896983495508,0.3200350634637863,0.3130426957531604,0.31425431104156465,0.3510360554253698,0.5038442411342255,0.2894789911265026,0.42330982503931647,0.32496005955361074,0.32657971557878857,0.3637959202694325,0.2779438473992815,0.37873713712516255,0.2721480887784586,0.2713218146533822,0.30780600838444544,0.25679777400138926,0.254326094012912,0.32328751532942346,0.3413288558384629,0.283436386388005,0.321937188908447,0.43182346436373165,0.34975458239884105,0.39854886199670886,0.3747396043714554,0.25277684593734523,0.3570807708647805,0.273900269829908,0.3839739722657757,0.3570646069935457,0.3159549867960123,0.3412621731573668,0.3886428710448898,0.2684740458496691,0.2982640681325096,0.4058009480988939,0.4110458455558992,0.36937996328499156,0.32448016016132536,0.3615715026603858,0.2966185116392443,0.33160944238307993,0.37757873124971497,0.4407078542344378,0.2982388676445744,0.29959687442792693,0.3981727346682298,0.30307731934169296,0.3147947332387222,0.3589339804787212,0.3014202545426339,0.36327528438356793,0.3725952474694956,0.3203927643014467,0.3005541184262569,0.27749821746704756,0.37501892227211336,0.42833492084090136,0.3599208948243221,0.33556489312706395,0.3484361287524664,0.32588394480683897,0.34985091859807044,0.2739094955583487,0.2703738959302888,0.3228270391420717,0.22998162677790765,0.28464473122812056,0.41540882485541614,0.2868696336800942,0.31081484358198885,0.4030071099940766,0.3660063713220173,0.36045453937425864,0.33431963544454285,0.34537596155991895,0.31354410350506984,0.4010384451166068,0.3327282660662426,0.38004307135463605,0.3804529111641036,0.41915710863418726,0.2782169969734224,0.24783920260551798,0.3071761110301063,0.3371625699862516,0.32572316940953555,0.30159142035592285,0.3272077064199871,0.2793092172774234,0.2457422811611304,0.4373015522134385,0.3307120612320824,0.3174520382219284,0.3583553656297235,0.3342429342570364,0.30389883529358735,0.30957649793378395,0.4574848907431172,0.3649574804306867,0.29047752409460387,0.40268728588033376,0.3394697215427581,0.35585266501509955,0.3242224521215681,0.2675958814731286,0.3230030667897437,0.33732852171516253,0.29509163032077773,0.4383261859635189,0.32753953148063164,0.3346446608790505,0.2522301582371719,0.2912506993966467,0.2837563217371767,0.31022993273182153,0.35398183164158137,0.283588874602591,0.28358488594511944,0.2957742490637675,0.35741064740123346,0.3025355974579023,0.3146122522449213,0.29004004967340935,0.3650888085215797,0.3247579672338406,0.35221376465542376,0.2551490222215682,0.36572366601277323,0.4116597588540313,0.34238892366503665,0.3401914079588246,0.31873006999278575,0.30581343424500773,0.25023009528086537,0.34604205775892416,0.2399209266671483,0.3925965222112907,0.30659216522862914,0.3515110634287913,0.2356744954586633,0.30727083644810843,0.3722009782028624,0.3051154583430564,0.27292543727827123,0.31382951930761127,0.35178151282744097,0.28856117441138607,0.37296155755293325,0.2555539942648783,0.43210825547127624
0.3259368580927427,0.0,0.29592629216935046,0.34966610846260854,0.22224576225062,0.37774262452360424,0.2702984839321807,0.44685014280230384,0.28518573767406896,0.38008396900396824,0.35651723758057935,0.3714437300136914,0.32839281829192174,0.28287162447341163,0.3401523916220764,0.2962901016707547,0.30492996410606227,0.3185078567867594,0.3810512652967801,0.34873373598963536,0.34423839709451437,0.3831364232658273,0.32499524397804497,0.30717415304616946,0.41906795745775877,0.24185159963264707,0.2521491672373776,0.3073023631841292,0.35951042657766685,0.2327598669962936,0.35747922197247245,0.3107119455014916,0.3794078309992905,0.28965367988241997,0.3107388257191534,0.3791546003210016,0.32496979915474944,0.34991042148194623,0.3266920806079917,0.31347577599169213,0.3620887864857249,0.304224171251588,0.27158961635547546,0.2866432522186135,0.3799328686601911,0.3175137833912203,0.2359094611418459,0.2918575334116816,0.3328030402489424,0.3105457651655131,0.30969127884770153,0.2913461132879392,0.3738318465297486,0.4072768730380377,0.3663294324498651,0.3383807648061911,0.3612787463351855,0.31551446429293156,0.29526200763768834,0.3832487075806791,0.4150530369882049,0.24917425151124192,0.31118102722073565,0.2501367941784787,0.2804841583475113,0.2998962654152616,0.2922954844207459,0.25654604021613975,0.25250288710914087,0.3844333365961266,0.29166536237735063,0.2909516930957036,0.24395631359774622,0.34227055164500203,0.3715116298663831,0.2784855822975921,0.2656635740864126,0.2906627034674352,0.3185515884293795,0.21112374082783303,0.2985472277331364,0.32657176042607694,0.3450066899416288,0.342839439768219,0.3177764060912923,0.4412728391947953,0.3384769299023416,0.24682321881727573,0.30124723060961295,0.3478176804599467,0.26371979216132446,0.28336900373924007,0.34131319379673863,0.34162076479390746,0.32849895356341907,0.38365073780362097,0.3003520294726186,0.30267049009999886,0.24508508217268507,0.2972944487191592,0.31835657137605267,0.2997706978189936,0.22753307882194754,0.31971669130523933,0.30672483156690117,0.2797560945878613,0.30334810354029057,0.40476373980528935,0.31252116508052324,0.3624139049863336,0.2992849037292527,0.30295301124228885,0.3021100514428712,0.27303732639639844,0.3934457941221976,0.34918260040098215,0.3497667972596584,0.26943248237924644,0.30019000711958177,0.26442459580619315,0.2743487608676696,0.30248727944915693,0.33692600142951534,0.33682551837287733,0.2872794942584308,0.3693745249587186,0.25828333044123186,0.3285456896323682,0.41867093131724475,0.311650231411303,0.29182591059907276,0.2952536727895518,0.2827673914342519,0.3397691841101822,0.3882772268492501,0.2779382639054196,0.2907578048193984,0.30747953992180393,0.3580007707550191,0.32979737725833896,0.3316573819543385,0.324526797436433,0.3638129933940503,0.3163749257855832,0.35607549816034295,0.24940341346935746,0.3348816010313232,0.3073227803792216,0.422246423893995,0.26697438233307924,0.3239196468670318,0.36508915953385607,0.3175652786224286,0.2743166523064722,0.36478834416897205,0.376588820848594,0.34133725268340304,0.32029902845463865,0.283733518041791,0.25697987668874184,0.3239499968207998,0.3388925771755692,0.25446452082289506,0.31584820514809997
0.2652050885305363,0.29592629216935046,0.0,0.24455248387854464,0.27493758298111476,0.31114168076010984,0.23382574667701647,0.27285090756789543,0.2115012036761469,0.3288259717615079,0.33446522861461475,0.2762499015952579,0.32993393804768284,0.23753981697977158,0.23928704063169556,0.4023823542308591,0.36569539566904324,0.27316622153501485,0.22007200847837308,0.23658281487336338,0.33257167009136085,0.39430053938890924,0.24921189059760654,0.2735570754177866,0.2625689844632093,0.28224626609658193,0.21802226779060604,0.2476964910096561,0.2754409435828299,0.24333522634479354,0.20625917240820843,0.2869300464781978,0.2292281770856177,0.22749268015733695,0.22842098848106168,0.2722612054822214,0.28233671348591294,0.25051281856825935,0.2366387637655414,0.2814245356185561,0.24677175393436213,0.3246067483350471,0.26696113507710373,0.25909489701443306,0.2685051778268489,0.2590353997531579,0.2778701318875628,0.31412408505211625,0.258238598715881,0.26817314331753656,0.27840088134623153,0.3056736972818331,0.23143177657380667,0.29254467060625206,0.29224524012258507,0.2527426147136971,0.2508546841671036,0.31862176414998206,0.22744311956428473,0.26532260963112664,0.2663725262031746,0.23032176669344795,0.3203395191261512,0.2281594482339249,0.21910319668874287,0.23873903940602792,0.22882498193328382,0.28738138659534845,0.24255727404633828,0.2655272017673721,0.2837752265814134,0.21397692721850733,0.23394668270630486,0.3395463542612904,0.2804673229878351,0.19815936674548087,0.29636505430538923,0.3068164766612061,0.21253716223307023,0.20845206974647956,0.2670077895692276,0.2377643735947834,0.29303810075719267,0.25243419500121606,0.24578717544810588,0.26950902328458753,0.2305859236167429,0.19543736945396853,0.2291436495936792,0.21586671541543712,0.2934705640416867,0.20751229264097656,0.30187122921924747,0.21290328686301463,0.2635628700697349,0.24989870214934934,0.20324410159959636,0.24249648944727775,0.20694635234635936,0.23716723902483103,0.19844259672691805,0.26098927621394447,0.18602701394250679,0.2261745811696579,0.24382160410068993,0.3165295598392144,0.2741669198231993,0.27954596301039164,0.2755417461604877,0.3311844691692769,0.26375091247384674,0.23846097077948883,0.24122675887051628,0.21782610528735902,0.240491582645543,0.3169998542190028,0.22344905030273768,0.28065147561904324,0.32043622962007434,0.23469798228966332,0.27455348529837903,0.21326266153683482,0.25013716148545295,0.2731740014622133,0.19121063472291952,0.27350286992836137,0.2284772428362863,0.3040793519474264,0.3140798975866681,0.24206742181084923,0.23424605902143023,0.35081443809557594,0.19556978799085042,0.21245440712080998,0.23984437186361013,0.22151374408197502,0.2298700377118741,0.23276264719858025,0.2556930987050496,0.21410993524382968,0.19957015214082938,0.29131512178478824,0.2557352722666995,0.2691823272202838,0.2576348224624523,0.19408317761146254,0.286640371478309,0.2613006948445309,0.2986711355945721,0.2303091088084353,0.19910557322686293,0.2079704555740963,0.2484516680408753,0.296386377184402,0.25364876813316056,0.23119749133658227,0.25566435733146425,0.3049761432501061,0.18685585841127425,0.24761002094245396,0.26171437440347095,0.19725347003447474,0.19847768391340406,0.2703629733214737
0.3085227503067157,0.34966610846260854,0.24455248387854464,0.0,0.21371180869598547,0.28184422931819,0.29984400630289454,0.33705958961544424,0.2429682540478789,0.31477521326885216,0.2709963820570964,0.2712512185336495,0.3156228210833307,0.29188058771728953,0.32616244300348407,0.2531579872314365,0.30866579519186693,0.3379764732909308,0.293190752150093,0.30251959570604253,0.3205263716502562,0.27487906418818947,0.3520734283465083,0.2687023524729179,0.35075663087741216,0.2666558517295129,0.28660098818557733,0.3122732037489896,0.25960404130262393,0.19872703938452985,0.2826580232401217,0.27555963060457295,0.41315912334720567,0.3333478380178578,0.3151737148216686,0.33731476221429735,0.3039797004811818,0.2950359918742337,0.2446087719750446,0.3639239463510601,0.3179177820191585,0.29721977098567204,0.2660094933453268,0.28601867805366926,0.3448698196234516,0.34922231251821895,0.21742373999100434,0.24248559552146157,0.31386489160059655,0.30077678623547527,0.338290841772713,0.33829785527875716,0.35353188474013386,0.36461492470855794,0.30626488031332333,0.31512936579699735,0.34008209988587257,0.26520556825442576,0.2989043809501751,0.4082112531212991,0.3817553604435642,0.2698468189584928,0.3249804091081899,0.2335440003077779,0.30967931791383657,0.33574178956144474,0.34230419707130033,0.24174721277593408,0.2466202977882256,0.3213837551055181,0.28218506717520025,0.30548434721044465,0.26908127288155087,0.37681354871064826,0.30300337343492334,0.28575063013695234,0.2943398322298986,0.2822469287151881,0.2910476524778995,0.2010872183050381,0.2636706979667455,0.36335443722741223,0.25733575881688286,0.30222939400547955,0.3817068897082541,0.3268567965773022,0.3468990907640107,0.27588878206819173,0.33960428959701433,0.2861778333579185,0.27637502201182323,0.31635334570221674,0.2870197666134601,0.31423685293687986,0.35768801200568656,0.26913486098486933,0.25766666216990897,0.33891145804333056,0.25697855893185667,0.3455416295656901,0.2827012358189073,0.30535431724632867,0.28771157073340525,0.27917180605978986,0.32482331062718917,0.2945865012961146,0.3196196868128163,0.3076287196562135,0.3329165512999074,0.28551852374599906,0.31268316150538744,0.32250973438719116,0.35247683619592873,0.275652017531524,0.3583922638274386,0.30020817846519315,0.36093855170236194,0.2261863371578222,0.29598776437033897,0.2955755306188305,0.256788591926777,0.3348965944308648,0.3354430318629812,0.29663783344392236,0.251950679376261,0.26289015168471386,0.2912383443213325,0.2792012497921422,0.3600328842688131,0.3324404521282264,0.24703450997778365,0.2630649387719556,0.28223659943159296,0.29925819874889964,0.2826267696671371,0.24729841578486625,0.21653725586854072,0.3268341634919693,0.3249208605429994,0.28288867017604863,0.3432258330122924,0.2741989701401859,0.41188991335133235,0.30640217714381485,0.2843159825570263,0.25892707442773766,0.26389850686254,0.26157455174701516,0.2906662818518716,0.21285299080975154,0.3152430509911924,0.3152933036832052,0.2827577522971973,0.24387931334548155,0.31551438298455314,0.32802385598008493,0.29725596797075693,0.28328577474179567,0.3827206307880122,0.27967810440114,0.3406145202265884,0.29626824336350527,0.26624132388144456,0.27184437827336383
0.278817798157859,0.22224576225062,0.27493758298111476,0.21371180869598547,0.0,0.22495906360890192,0.25077595640839395,0.21446195228013412,0.2230456508548268,0.21827211135488694,0.2819794586231904,0.21590119196492066,0.25458292592183196,0.22488676739314414,0.2622697429409623,0.29482572402722484,0.28401152398861507,0.2796257485073125,0.19450161904715427,0.2306899802140272,0.27229345724558784,0.2858058897208321,0.25143829847366134,0.2500825676394149,0.22808532052177052,0.25037219893616075,0.20731563672420852,0.20886573663747834,0.21009046834142472,0.25344962404146765,0.22887658619711737,0.22526406944491573,0.215940891646739,0.20662420923034094,0.28177316394247126,0.25265840623815333,0.2767206132482631,0.2472149943178667,0.22316799318428732,0.24136756713111435,0.22717831706858999,0.2810019551951376,0.2845709368958817,0.2919620390496458,0.22137409503926295,0.23158395673452886,0.28019161531035963,0.31186884002570936,0.2596630479974691,0.27153325585630117,0.26952880098128584,0.2539651880816138,0.22502226051963178,0.23292025636061384,0.24491858172880934,0.22192727698212697,0.2339281641731897,0.2850179389774518,0.20851959408553078,0.23830625563479124,0.19817002072031592,0.21342368314001348,0.27372651181241386,0.22204873412407647,0.2277681240924318,0.2035263042402516,0.2004287443104526,0.26720176557603414,0.21527081027931758,0.25134242075717744,0.2702799160760723,0.23280250235317745,0.20046781281633713,0.25386173210293084,0.21846268902912008,0.1964764435674579,0.2389671166479217,0.33531851640763244,0.20624589102021493,0.20644893882949744,0.22661231143926694,0.23897252991671328,0.27790697683353655,0.20730573186740395,0.22344518938606597,0.2269722892613022,0.2237995179673667,0.20814158810935335,0.20889273546657097,0.19695316633624613,0.34723473617644457,0.22475296413566162,0.30768552357946727,0.1972919012579069,0.24069667029535863,0.21847662577347438,0.176388899518726,0.2072809337507455,0.220234192219715,0.19816840357467028,0.208816725422468,0.21562066819450024,0.19456972899974906,0.18719022995533247,0.2385190608652838,0.26568294372195167,0.21891522065445124,0.24515842764741722,0.2599093780357428,0.24556745594337218,0.23747167529108215,0.2507441297614531,0.21270151327378756,0.21309577941870478,0.23244549524092084,0.25132039466781286,0.21137666451305168,0.24075620765373015,0.2193969226715874,0.22128433912431958,0.32490358025935345,0.20424581621132995,0.22328928221663413,0.27365065194302224,0.21408312898721807,0.21045346410097482,0.19257883237431478,0.26302814359342747,0.2180704466248602,0.24199234123096863,0.20679400930970748,0.2478732266292838,0.184809679814139,0.2139848001618908,0.21301066431647256,0.24816919462016312,0.2283931637395791,0.2778790658686078,0.22687131918802225,0.23233816189098555,0.1908901951018676,0.25556307877631673,0.2376185276537181,0.23552213360468746,0.2511841633682954,0.20533251791771975,0.2800450500736029,0.22076847903455635,0.22006351088199766,0.18548763892556216,0.2140851962006112,0.209911573382162,0.24480268841914454,0.226135177967726,0.22488150489710257,0.2334626921975066,0.2128212077771745,0.27085295459903047,0.2046049474045388,0.22495235294119845,0.2107956387124696,0.21111646029254827,0.18370988180498013,0.2915858737558157
0.2782848725692258,0.37774262452360424,0.31114168076010984,0.28184422931819,0.22495906360890192,0.0,0.2501844871644433,0.3444569494977884,0.2467141949472905,0.2901199142464619,0.35056110993768036,0.3856021220274962,0.31974033136943186,0.21247927437834646,0.2781722608263686,0.35033233864175306,0.3472630829424205,0.2343667917005098,0.3281952620173636,0.2856070626366516,0.3939648507275006,0.3311772831662394,0.23604796038401482,0.28075264824445584,0.34284495604664145,0.24160387444660758,0.20447088974244615,0.262985320258253,0.2912882652714624,0.2575559226125737,0.27928242506193357,0.33931227087370835,0.3028802211814033,0.2551500794462942,0.24998421973251744,0.2795020441750442,0.3039716029801167,0.2673993730546464,0.2802471147829453,0.2639358872777046,0.30468934912828377,0.3384910509904311,0.2857617048912325,0.33344971938205187,0.25925776255079264,0.26217018261434955,0.2466204017181117,0.2955625214487476,0.24790981262142706,0.27669239276185237,0.3015232644148198,0.3602098219895551,0.27897432403579725,0.3370564227170211,0.2800682537085553,0.33210576345576304,0.3138087167177587,0.4289446433988457,0.21758196248776412,0.264646132269498,0.34388208272398085,0.25640189079851516,0.3920967234551231,0.20794818839569335,0.24043182784778236,0.259513692925188,0.2311764187389106,0.2670006546863686,0.20501839726352045,0.3033644133109495,0.29083861848603615,0.2186005653129947,0.23613125637097676,0.3149470470556724,0.33471638924718533,0.23618602188955232,0.2869135740852959,0.27809241874109497,0.24555451678541637,0.26921998905978173,0.39381214082059096,0.2711000943501967,0.32618416485857266,0.2950307342103289,0.2932858587389177,0.30192774213731255,0.3226028462458918,0.2085186457342912,0.2709562167099842,0.25804693996278727,0.2880086691102195,0.26308667172961525,0.32390480675600947,0.2706706382340637,0.25981507564034084,0.3330102104163464,0.2591004012507089,0.3060965673207888,0.2203619528305274,0.24394716149861792,0.23532817027148503,0.27989784289438596,0.21604893998805377,0.25626101037981786,0.26665070887734477,0.3195948882610741,0.3136786041996914,0.3441782081169407,0.2634966150957294,0.37255825957322325,0.3249334431468529,0.25313591156652204,0.29716776200483613,0.2567094219435766,0.2791168798598072,0.34919648687237426,0.3252734187245719,0.2411084101004009,0.3930346658959215,0.24766127424067527,0.2747783547663022,0.2805889038443704,0.30975255592459733,0.33706885031765893,0.2572221218996211,0.3153091810840144,0.2569425856315816,0.2968953712441774,0.33052336976279617,0.2276529449703306,0.28176795826024903,0.43233542819388604,0.2399544878528125,0.2778239881429923,0.2912998607256278,0.264056503638363,0.29114035099760033,0.23591131569073703,0.2500108217610807,0.2633401817035839,0.2551579868862581,0.3216485558841493,0.2722208130151412,0.27503120011448984,0.3176566891379233,0.22096147582287062,0.3499959062251206,0.3235166873710289,0.31653144977233544,0.265235150169304,0.2660936634971191,0.2884380953948723,0.24776965443225765,0.26144003920668013,0.3715112547467401,0.2813608955634962,0.29259178177041006,0.3867035164585021,0.22625221200529055,0.27746351700774213,0.26571522004461656,0.28789990152440686,0.2399036711692791,0.30970716042392354
0.28913396883736114,0.2702984839321807,0.23382574667701647,0.29984400630289454,0.25077595640839395,0.2501844871644433,0.0,0.23831580211458134,0.2114173884838359,0.25576098443731593,0.28154979529717356,0.29624162841103435,0.3246418667302422,0.27306141398674727,0.363106535816093,0.24684860696106659,0.2678542516048873,0.28641768044959826,0.2488109910429529,0.23708894949110584,0.2858520095176487,0.28090865573205226,0.34751344655035243,0.3032112502842492,0.284762675118608,0.32122128839102854,0.2315824532904886,0.23101520618821644,0.2572244272966949,0.22720272678414494,0.27305224284462165,0.3131648356278875,0.32556544898250944,0.31166022613813216,0.2671472182105827,0.29469963038745356,0.3785188689330706,0.24360195654349978,0.26617511864708254,0.3586833217966712,0.32252008469083976,0.2705625751599307,0.3508954741719681,0.33216626747173206,0.3250192343630546,0.31520348064491244,0.32118879755029867,0.28721344834261786,0.412820478745526,0.29427569053628166,0.4020162847966276,0.2794621910616797,0.24163677598220237,0.33713262387414317,0.36164424109723403,0.2680074039174104,0.27461785636108094,0.25230313075683447,0.3049131661649569,0.295225616793197,0.2404107338325138,0.2761410607418349,0.2723523384925774,0.24729722511335384,0.2639782669649779,0.25247064284893156,0.31117701620706106,0.35382146552290017,0.25042289625360237,0.24763725199150838,0.3427491077386452,0.25901155073269033,0.22960563788706928,0.36435215348343813,0.2079233102963251,0.2660371018661529,0.38748223936942844,0.31205220467621136,0.2491845065751391,0.2075463323614576,0.267674039639587,0.27671264753073815,0.28023146942949617,0.22095704242032102,0.2512741414672271,0.257124359476589,0.25385177566818573,0.29582579512926466,0.2668408236788205,0.24736052999206057,0.3240396087408684,0.3304878726376751,0.3292112598506364,0.26485321972118764,0.26853971767075707,0.30360765816579116,0.20883188403332073,0.27879415076154,0.24279790233354456,0.3165246144618687,0.26673083423051375,0.2966548728025653,0.30337028290331386,0.23948177822203018,0.251838640638468,0.30540720346352906,0.27035036061641277,0.24405592918530453,0.3941521681254214,0.29832555240408387,0.40523912271705326,0.27812835995678487,0.2826915360051337,0.20542659379809075,0.28615541818543383,0.26191714983502556,0.2563981396511542,0.2838230040758005,0.2938489565238231,0.2169451078453552,0.2636139016007951,0.24291368850980624,0.25219660949718936,0.34361120214296115,0.21383171203256238,0.30913322243921154,0.24262177108327165,0.3336862124170514,0.2638945713527919,0.3158916888035942,0.20028954419176054,0.22248596053527703,0.21328452952851637,0.22111219243243077,0.2370144039392115,0.27757348249934555,0.26538897460711275,0.345507302208526,0.2674214904353592,0.2915073310926036,0.27023052392862845,0.268010752506264,0.2921529811369401,0.2459991066749029,0.3141746177595273,0.31220531754799996,0.273110258891924,0.28347851951026914,0.24265506958573835,0.17717587445989572,0.26532250919009986,0.2540253937109377,0.24213769320285716,0.3462925310788133,0.30317159282416906,0.2989510431679617,0.2822672155026176,0.31048459000118,0.28146809918529947,0.32270854740551425,0.275062707824216,0.2390669772220758,0.21703163154190783,0.2726166647452712
0.31629673608189807,0.44685014280230384,0.27285090756789543,0.33705958961544424,0.21446195228013412,0.3444569494977884,0.23831580211458134,0.0,0.3435238817982019,0.3617698113891786,0.29249504115504904,0.3185341728904974,0.3321872795536444,0.2843007544496275,0.29484513540085877,0.3122368871985662,0.32740713197291466,0.31650360797645066,0.3404726978061717,0.37423202649917836,0.3422095745829568,0.28427867402817925,0.30964139771298754,0.2594547364318468,0.40084788948376066,0.23617652491418775,0.2913334371265832,0.3525127284294189,0.26853926783012916,0.24366519513737012,0.4039352037334288,0.31976046751889664,0.3210750252747298,0.32283205534348497,0.3330180195859641,0.37682903485033953,0.3124627445240546,0.3969210280772761,0.28732583500511993,0.2972786414808214,0.32362323535759485,0.31831203161688465,0.27742877129525984,0.27087263548157914,0.3951480841400501,0.32249572156376916,0.23667157986898696,0.25450556284835035,0.3135489063248214,0.301983424960245,0.2901129697076082,0.2832212393839052,0.36321322176229115,0.3002544218235904,0.2963371111304126,0.3599371140720424,0.33748640364169485,0.34882863579095946,0.31702580169483763,0.34571068587579723,0.4656159516455823,0.26508824555328475,0.30990054099827113,0.2863821156456899,0.2772900615017841,0.3033044222048379,0.3179750126454512,0.24936470208090683,0.27958277373547114,0.47958525514305356,0.28441892256943796,0.3168808765099403,0.28536158496526925,0.3369527121109503,0.44538812566505187,0.3057556124411747,0.2789043683856212,0.2677639889979991,0.36182987286280033,0.22291057275426793,0.33683475774212135,0.3255154891561013,0.3382700821361847,0.43457013026247737,0.37539464517377663,0.4703923612844472,0.4278675770364507,0.2775281004120496,0.4068718780797717,0.3594188530846624,0.26036596672694073,0.3095437414047237,0.3126306651551928,0.3074526446646409,0.3693604679919267,0.31468148888746444,0.32514971345014837,0.3808993980991009,0.273044652307075,0.3430551832337729,0.3242505036688641,0.3297102215481875,0.25869184191600275,0.33921856148516505,0.3704289056838805,0.3176861070949702,0.32711290809962473,0.46526493384911694,0.29363877682493716,0.309784223626749,0.2680184943362057,0.321630114773906,0.34210091642890084,0.37022834334997173,0.3583842304504296,0.33168444793401564,0.4380172357463605,0.2489080366132919,0.2801719448907531,0.3246956345058796,0.2682496149735319,0.4023552517685765,0.33193501982706525,0.313401705180029,0.31558338024394716,0.2930573458024257,0.28120691392318437,0.2994109624387526,0.38731810997956884,0.29220410950431125,0.3966967058560311,0.3156347015836662,0.3483572075662525,0.3400296924934902,0.3405714218373784,0.26612740479607583,0.2905315659357168,0.27508892990443856,0.36242374476747874,0.34823303952600465,0.3324543445432333,0.31207758576081335,0.3829997991323086,0.36053845922158606,0.35091892933341445,0.25577148709279524,0.33513254326366704,0.3320471491997028,0.40569473606119216,0.2903853045381469,0.36162251382386573,0.41038916367116046,0.29645652718373083,0.2547433048928779,0.42073280642005795,0.3826448777672754,0.30422918921506864,0.3298336447260418,0.27335787363747555,0.2735772959693951,0.3454678996012862,0.37832225659108987,0.3391609679575907,0.3089128313716834
0.3638113003784364,0.28518573767406896,0.2115012036761469,0.2429682540478789,0.2230456508548268,0.2467141949472905,0.2114173884838359,0.3435238817982019,0.0,0.2354877253002052,0.25305795413797727,0.2418209634701223,0.2508822057291013,0.3187100812224802,0.24492263150322763,0.24618947113979378,0.2630900022617731,0.3578268075318113,0.2667338895745616,0.35701502691519327,0.24748669479099217,0.2808056814479246,0.2538652285034846,0.2159404364089852,0.2795536976786485,0.2082004566073265,0.27988972505878373,0.2902957873668911,0.21803497119185178,0.2804810588287307,0.34281324778256766,0.2511345355477261,0.2436574527649172,0.2370241221212213,0.3489515228553395,0.2694966160296619,0.24748535848763525,0.4001164319126274,0.2393459365966339,0.23491406128908474,0.25174537348712794,0.32512861502081636,0.2553551553833333,0.23739647667512775,0.2727838320291255,0.2596113022527904,0.2132501893734265,0.21229449852369744,0.25615407779148736,0.2865152206667817,0.24100557756963875,0.2403172008146035,0.3375006634005921,0.22191182857665961,0.22929043342832542,0.3215520872466827,0.31353693567430924,0.2860429145298024,0.2606353392191258,0.27070763269842535,0.2659973369973771,0.26577403066205063,0.27030552595200746,0.2915288032835607,0.30646013190788685,0.2702018884496966,0.2702392013889563,0.23180546793615742,0.2548638586723369,0.3699594930036407,0.2982166138372149,0.32964185038802435,0.3251315526173466,0.2374944826529685,0.348214600283807,0.2967314132571758,0.20555851383919968,0.2043118384553523,0.312261447826593,0.21767319744864438,0.2716958589447443,0.35238736303979673,0.27798474373287674,0.30426299287704356,0.3344964616015532,0.36155515839999736,0.33733123290442785,0.2960446958168343,0.3054646360135211,0.34758270374007516,0.29120723555348577,0.32289541367210556,0.2642346688930848,0.29004451067900094,0.35385850481853787,0.2526806760836566,0.3088368765343325,0.28679572673588916,0.3641076904239746,0.25393117615318916,0.3065590351955494,0.23844902314577135,0.26296968767798523,0.254739414756462,0.3903104598106013,0.24749886469180307,0.22760136617358095,0.3197373886230571,0.2373592256195573,0.21914696269809059,0.21163277279211462,0.35401031771166547,0.27517141541184287,0.4028196611410337,0.3009508010995365,0.29221086787344946,0.33643927808901075,0.23281138663633238,0.19702512541173636,0.3532169328116073,0.28487212676572293,0.3186476700120571,0.30963750189776473,0.2578511040749918,0.46661820983745755,0.22078259681039075,0.2597157995308199,0.22891951535543126,0.23745985152987506,0.27356279286811164,0.4341309836540959,0.2767042381178954,0.3221272315577759,0.413563007026367,0.27036175855230915,0.27165595919241264,0.257238062309805,0.25366648653494983,0.28618208153951885,0.32198774091967586,0.2718442838217016,0.284411034439352,0.318280740815985,0.3468248968944291,0.2787672175992069,0.25282760590900877,0.316811351294027,0.23621447857916655,0.29545599367147446,0.27626814471152444,0.37385099928813487,0.3151981353425134,0.28773767478103174,0.20103452307125108,0.2757025614967248,0.3297900643238122,0.2525023205889932,0.23385436514408467,0.2873604340900355,0.2448231715959584,0.24104826155654147,0.4202143250191197,0.3444131996712561,0.344889103456843
0.30298312923789905,0.38008396900396824,0.3288259717615079,0.31477521326885216,0.21827211135488694,0.2901199142464619,0.25576098443731593,0.3617698113891786,0.2354877253002052,0.0,0.27387027748760717,0.2715985503371487,0.34119174763963306,0.2773085618042449,0.2664928634935225,0.28998402041397325,0.2941958967028221,0.33750087636526865,0.2638567500666618,0.2766141423877545,0.2740525857521192,0.2787034560990463,0.35692051243556133,0.2261082603252957,0.4263688062518223,0.24251023927873672,0.26990675962948646,0.2892354985728169,0.3398446917273868,0.2087046014082269,0.29459284446917255,0.3245060511649679,0.2542592035574485,0.2966042444622437,0.29934889475423176,0.338864533681231,0.3335705426865541,0.28780952661225506,0.2305523102550918,0.2869838480943518,0.23907726079639424,0.2937506498190153,0.27663710504509664,0.24644286383801678,0.3443776628449091,0.2950086694031563,0.23275183419005255,0.2760177244330157,0.34259501319659574,0.2618701605192524,0.2739794732561548,0.2457202505430745,0.2742521680796267,0.3050287409101897,0.3633478722676406,0.32041648957800944,0.26667854543636,0.2569484338432391,0.290649076078317,0.3191356893115277,0.3513541252120313,0.25348373112649164,0.26033785330736664,0.2540000312684263,0.2513366018785343,0.27473540585632583,0.28209412338633943,0.2559270285562582,0.2801776813555457,0.35358836689021433,0.26019074885713517,0.30109050130769033,0.23775812375799507,0.3242800100620645,0.2923303777283386,0.2774628426267667,0.26941814577846535,0.2868842437453096,0.2567625257827226,0.20303277097359146,0.2647829144764232,0.28176228471963927,0.2779512372108808,0.3272008200953309,0.30354253909092827,0.30849594966598687,0.3251445621697546,0.2669529171299084,0.34620568341243757,0.2596644614070831,0.2568162135916126,0.2684971071966926,0.3038684064785551,0.24577967784024707,0.3127064927170644,0.3098902638622386,0.22090494955786966,0.3101516015889752,0.2556979218163657,0.3122266560266393,0.2760202515393321,0.3132256952614701,0.2420506218100375,0.3151763842527271,0.2916119171997145,0.28337583372647795,0.2985920860369668,0.3848984339079956,0.2890875688987419,0.29165816578625486,0.2582473186212267,0.2877141740432439,0.3162778122054895,0.27867746836680324,0.2993484382975743,0.26869946499401814,0.3175053595344721,0.325674202190769,0.2929509419169222,0.2866887497153464,0.23078267923606752,0.28956512573967896,0.2813049463770821,0.26893585629787764,0.23874018040776002,0.3135592570847594,0.2609465994663475,0.27697665457716586,0.40224242085881684,0.29996520844638913,0.2886579867942656,0.24571515170951108,0.2690609308812099,0.24007209257805953,0.27247886135174765,0.22790154409740332,0.24239571026193565,0.2872514557007362,0.3396640158894952,0.27143155930142615,0.27384427601768074,0.3189567983833372,0.3242689479019004,0.28681646385021653,0.2949808075169382,0.25660207136691426,0.23234226416990902,0.29436116008907703,0.4579138104278121,0.24122004493961188,0.2548923023554168,0.3126185960351251,0.24688197875422435,0.26419300797801715,0.2969968655997783,0.30566322314088706,0.24384474078816776,0.2932488105341822,0.25788219869740375,0.29198336077906917,0.370353839410804,0.2867001596715897,0.2510790414518329,0.23924909786759668
0.3263382157090395,0.35651723758057935,0.33446522861461475,0.2709963820570964,0.2819794586231904,0.35056110993768036,0.28154979529717356,0.29249504115504904,0.25305795413797727,0.27387027748760717,0.0,0.347447915991398,0.33851010895026357,0.2539571055084609,0.3064565201854309,0.4096537561693862,0.4100912481860215,0.3229171142459341,0.29423833587140347,0.2963401667253417,0.36034862962763226,0.4405437516210632,0.2894252749943053,0.33269753787886797,0.33265673259402895,0.2631135355602513,0.2625685965422487,0.32244085405231204,0.3334014668379548,0.3004621481843672,0.26381136724782284,0.3049445802462125,0.28750538155945776,0.24697320123807584,0.2766748281758526,0.3040531736228886,0.34572414268740354,0.30666458880688013,0.30591742812201356,0.30450197794113876,0.29981392975612964,0.3345380065964222,0.3001776303316229,0.3316441545398156,0.27885320919194445,0.2812265445772795,0.23259733822613632,0.34760170135730656,0.3131803279328745,0.27631422231319824,0.3259070408389278,0.2923279901065225,0.2784474715357704,0.35463711058808445,0.3514255669679062,0.25530444358295645,0.33279619084778506,0.40790759512099456,0.2523483347403288,0.2967932409802521,0.3107858536349404,0.21738186675457213,0.3538462230211653,0.23424754248654248,0.22311426449579458,0.2371727636649657,0.24136104098185931,0.27007300259083306,0.2608953425275828,0.3229685099162071,0.2936051847738524,0.23910097087734997,0.2346085135852973,0.32501574908353736,0.3233436235493556,0.243366859174331,0.31747134432722746,0.3083813872708403,0.24512116948406276,0.22347604847921423,0.2922526655177863,0.24883885444523307,0.3219370436883775,0.27617776015910606,0.25811987308958384,0.29515128083699205,0.2814961439176014,0.21900338127552813,0.2524802222969937,0.24654352533092352,0.37127360057137376,0.22374547149681734,0.42777251318200443,0.2804643844286261,0.26838851526812824,0.3012018022438095,0.2215558034692746,0.23328811409684821,0.21236083253514346,0.23604238003181102,0.26571219887472786,0.2777506054876964,0.2001749530046866,0.23460882022651824,0.26522113672354775,0.2869414550076835,0.25825316853340174,0.32696943707220616,0.2877480781638785,0.3782845087703899,0.3260442376193092,0.25707323664045567,0.24964046024701456,0.2541321356571361,0.30728596674550845,0.3626324759694137,0.27674978118324817,0.28708641189951833,0.300569974935993,0.24784642948724747,0.3185837158556956,0.23207924537291644,0.2726993995092646,0.36531378234309314,0.232035110125149,0.3349482208566259,0.2038489801622701,0.34139794040353844,0.30662295677448476,0.254626456099015,0.25307688433467274,0.3249845340555772,0.24671889210964418,0.25942456282198995,0.29688867933339425,0.26950302190041936,0.3025789540306665,0.2680832396870992,0.2957619336129348,0.2752669451101066,0.2573586551859117,0.30918146402302044,0.2603076895593363,0.26902238467187917,0.3485031342009588,0.20896367510055172,0.30723185123373636,0.29117944726554884,0.29590005999011526,0.25476295653971526,0.2817438250298032,0.2731623590005071,0.3684556044614677,0.2713473808036115,0.29563355636911953,0.29343685233505423,0.32643523358819476,0.3172245232491679,0.25017010161786307,0.2625782528663776,0.25435554001145416,0.2660439072241346,0.20441684538935134,0.4000880998292598
0.26813177290983947,0.3714437300136914,0.2762499015952579,0.2712512185336495,0.21590119196492066,0.3856021220274962,0.29624162841103435,0.3185341728904974,0.2418209634701223,0.2715985503371487,0.347447915991398,0.0,0.25976471089137404,0.19320065413153573,0.30182101200652534,0.2949487734219436,0.2982234390684322,0.23494580806787987,0.38612225610005085,0.2716673595902949,0.37131673964487366,0.30899591766681844,0.2518674167878849,0.30902669744183037,0.3477538574680377,0.23323373669517317,0.204910917236156,0.23559637271643075,0.3164450959075593,0.27520252431230424,0.31484666514519366,0.289086783568832,0.3121485400146881,0.2720783566176861,0.2365461861951835,0.2882264346006014,0.3214668085634081,0.2778741511632495,0.3869394702403392,0.27405652294294974,0.36197574987473885,0.272159067270561,0.3143936021235343,0.33018781669439606,0.2705279236082441,0.2782747339726481,0.25467941667840144,0.31294047025839683,0.274679378154216,0.26609661234228404,0.34562385376043364,0.3182116655683617,0.26533313176553586,0.36914714253829206,0.3718219189337299,0.2721493756095906,0.33372043145082037,0.38277545252687695,0.2208180313041576,0.277007457071797,0.28257314939974343,0.22808653722546735,0.32327244987974946,0.20647284220814924,0.23932654554602548,0.2520760109050245,0.21736150983614866,0.2489661891142236,0.19719925905625496,0.2801117412876871,0.2875306796506833,0.22023645060108463,0.19959651727572655,0.2873026369691954,0.28604321137120053,0.2472410955711236,0.27821879461196275,0.28197070707624516,0.2740445697943351,0.2346408456429183,0.328050031817259,0.2735296756561509,0.3385368794328418,0.2500882809874873,0.2638275997672426,0.30637003198151297,0.2664851802738151,0.2170698983249385,0.26746003011389374,0.27221100807232557,0.27440273973757434,0.2617971018975278,0.3412456806596685,0.30070747777011947,0.2409083665243872,0.37802112237685476,0.24806215023997452,0.27854080748763943,0.20345273393414076,0.22995694992888507,0.2439809464741134,0.2899843594800171,0.22396739004101723,0.32798265823872347,0.24715360920092888,0.28449630517290375,0.29011097474513586,0.28062979820028644,0.2775112658032018,0.37036668346158386,0.3976237369849088,0.25813539569407595,0.23812631647503366,0.2378884806281971,0.28103551217999473,0.2966955598900686,0.29315880267311195,0.2912056078123788,0.3053027951344395,0.2114575394639271,0.255659580151805,0.27013132439692533,0.2649654610037047,0.35150891105885335,0.22202709539298401,0.4434295304385838,0.20721141907320575,0.32559839944625263,0.34033472947666876,0.2358817495108986,0.2411036685665251,0.2884676264372276,0.23012610764367727,0.2732258136274332,0.3017576861405987,0.2568262551954038,0.33997836909042367,0.252943401711943,0.24927135480118306,0.3310014436229258,0.2551239117225112,0.2665564155537435,0.2738881626263394,0.25419614534462465,0.3290986619009369,0.23570637676109987,0.3820262657196922,0.3161807338493181,0.33114132720716577,0.23583313221892654,0.2993336692867172,0.3188804555916216,0.26901307553749576,0.2618742362525462,0.41979194818820986,0.2799695037824776,0.2911898384765315,0.33196041723366204,0.22821599746267787,0.24947301811373349,0.23177330644123456,0.27331713699067595,0.23322677807974343,0.32182126702941455
