0,1,2,3,4,5,6,7,8,9,10,11,12,13,14,15,16,17,18,19,20,21,22,23,24,25,26,27,28,29,30,31,32,33,34,35,36,37,38,39,40,41,42,43,44,45,46,47,48,49,50,51,52,53,54,55,56,57,58,59,60,61,62,63,64,65,66,67,68,69,70,71,72,73,74,75,76,77,78,79,80,81,82,83,84,85,86,87,88,89,90,91,92,93,94,95,96,97,98,99,100,101,102,103,104,105,106,107,108,109,110,111,112,113,114,115,116,117,118,119,120,121,122,123,124,125,126,127,128,129,130,131,132,133,134,135,136,137,138,139,140,141,142,143,144,145,146,147,148,149,150,151,152,153,154,155,156,157,158,159,160,161,162,163
0.0,0.7887743947565244,0.7393088782449101,0.7718283292812739,0.8694585857234726,0.7660232829585413,0.8023700986581378,0.7974894048850131,0.9080634927901876,0.6777111476403461,0.8544737087513997,0.7659922828105583,0.8460570318370715,0.835708520517648,0.8163425610809658,0.7975305061726138,0.8458297677929385,0.9531542950935771,0.8256166709413174,0.8824073872660133,0.8323227953000092,0.83127965840577,0.8713670012936875,0.8029650728161722,0.8040878232793583,0.7739007091726171,0.8177101748412854,0.8498121165519711,0.6971417329601672,0.8760070596969238,0.8063076157038955,0.791438685553741,0.7727907995207295,0.7538694186912438,0.9272989545880826,0.802848266279639,0.8631731919305532,0.9060479011952415,0.7244904456608713,0.836372353426624,0.8141915974280759,0.8606780959751973,0.8400735939687155,0.8003604275262746,0.8037346553816374,0.8106098103893405,0.8277886878937689,0.7752788108757799,0.8960638346328792,0.9005761548569405,0.8798878760572781,0.8550529896105735,0.8428149287889637,0.7657912465358099,0.7445607600356199,0.8048032638089192,0.9363415219900658,0.8439144235165558,0.8270376618766915,0.8613038461694732,0.7360721898252328,0.732399848920703,0.8898011957452338,0.7847370879290506,0.8269439245377778,0.7699137247058981,0.7680222844986322,0.8227240147093517,0.843294184972038,0.8700275017116665,0.886717490037313,0.8483284016409445,0.8768673009812371,0.8547346388404525,0.8313974975080209,0.8180195874976874,0.7397083041679344,0.7697767424480653,0.7910677860005134,0.6656391941883744,0.7514926424872538,0.8902199314697162,0.8242566788681496,0.8223463792257338,0.8955291399240087,0.9223997559702566,0.8214196389634869,0.9086620490910561,0.8239142618842337,0.7504485599801721,0.9343780772517609,0.7856786104607296,0.8421802035838064,0.8587583085797026,0.9110832754371664,0.7405358177120164,0.6930736874155466,0.7621252434187766,0.8094308054364936,0.7951320118204829,0.746573942043358,0.674614168792634,0.7528712700188276,0.7192452437649155,0.9243438527498102,0.7994147017249447,0.7026469131171726,0.8168058877508715,0.7997316000057116,0.7502629171433685,0.7881017366869735,0.9157168013232968,0.8471325520200248,0.7851167985377886,0.8775866534731839,0.8821225242630023,0.8454932725293149,0.7503959049428802,0.7508322515586301,0.8148896925593055,0.8589142574422626,0.7683393984914244,0.8678984279661678,0.8225943862430735,0.855877740778494,0.7100302182113695,0.7745819628969011,0.7416262244466671,0.7289224743794162,0.8148469027447951,0.8171811667818364,0.7792478778170605,0.7931173166591424,0.889263842129192,0.7493916841398685,0.7668209047719364,0.8249367265732449,0.8562601467688747,0.7993183205202931,0.841933337808909,0.7509315321232235,0.7752478875243581,0.9025882562023562,0.8076202944066324,0.7901491713774452,0.878828290417743,0.8756687003353442,0.6720483030917322,0.7513026206498076,0.6915754547517603,0.8825259399633192,0.7979418050607532,0.8672622263281132,0.7154750608093196,0.7651285401689919,0.8182779179164533,0.8553702451617305,0.7609291175195046,0.8010540493390894,0.8448331648302209,0.6950693999406655,0.915737489562387,0.8338728646102245,0.9523968655348389
0.7887743947565244,0.0,0.9170731012375362,0.7981791636492163,0.7986602075248886,0.9016872199800838,0.8611945601504883,0.8830417100237368,0.7488686589136914,0.9221562436249474,0.8990831470038596,0.9334255811459989,0.8728446663358629,0.8066860978177651,0.8544763469365259,0.8549636625247675,0.8325838606222223,0.7792441857679177,0.8972503679295967,0.8063576425780627,0.8896464617592904,0.9274834728688967,0.8263797309965799,0.8546266217202733,0.9259972227913346,0.6969570490389142,0.7936356659821824,0.7923164850093876,0.9364130615936818,0.7893156692190387,0.870713075669527,0.9024864969761861,0.8545349706684041,0.7682420063863641,0.8321247616304632,0.9181355527491766,0.8745161789099009,0.8334653816207779,0.8661708062609862,0.8334558157545784,0.8949930695320356,0.816882057800359,0.7977420426510647,0.8429874544500434,0.8762290844465437,0.764411072857093,0.8182218872699759,0.8804743795331337,0.8940165594641314,0.8149645606766935,0.8411230381684157,0.7649427943937431,0.7986049643454617,0.92945621486463,0.9209074993089876,0.8386260547651826,0.7816668797444271,0.874224298846507,0.8906750674815391,0.8397308620277871,0.8791120290798232,0.6921513076359564,0.7913987856871724,0.8093569976480325,0.6970997625717752,0.685592735937395,0.7961389973108124,0.8041140764746139,0.7938049737015849,0.8399930436057209,0.7696995083169387,0.7626062794163355,0.7108343450493205,0.8822791505796053,0.8473674636905136,0.7661200996740515,0.8058867475132001,0.8715122927670451,0.7029444962320492,0.6435385379619654,0.8570891404404724,0.7573308339680903,0.8984542176083588,0.8418994259310557,0.72439388069832,0.8831563979124865,0.7942507427035227,0.7812453101929329,0.8293797104495875,0.7780638920388386,0.7683108754375415,0.8225353724676832,0.9192907049973185,0.7427991816292195,0.7718752418701895,0.9171701690697478,0.7753755069550559,0.8341936633411687,0.6914692251697168,0.7953847554087977,0.8236258610452644,0.7667487326825196,0.6967698382172722,0.8726828281479305,0.7843885913068026,0.7517855171590416,0.8026773374231929,0.849618475636214,0.86096956312077,0.9169548540654194,0.8687895188235535,0.7230577409508749,0.8079041843598981,0.7656956825598618,0.7446163280792426,0.76789751165299,0.8276621060475639,0.8675513403164354,0.8687711474620546,0.7223564196062835,0.7205336797664107,0.725623391742234,0.7461877197421001,0.8559316129231266,0.7133300995728431,0.9241469499385554,0.6999305291397032,0.8562893571113873,0.9113940495416218,0.8164805145184634,0.8164197915907043,0.8010193841789699,0.6841822397289156,0.7531586862075941,0.8642805916707392,0.7362247437496166,0.8412260667897706,0.8063052973583374,0.8640289159248771,0.872137929055626,0.8357221036289366,0.8663749335849519,0.868877849683397,0.8765248371658282,0.8993700330327605,0.7516470317058136,0.8699889882529823,0.8684230678388699,0.9161128964543028,0.7587462357401525,0.7528642974053218,0.9051987794442624,0.8294231948037378,0.8919689646084223,0.8837116222122964,0.8349020955527381,0.8455610645178626,0.8507908212487498,0.7802459814821712,0.7265845765732869,0.8514314961579342,0.7855173715070976,0.949227347404411,0.750942679238928
0.7393088782449101,0.9170731012375362,0.0,0.7291550699268822,0.7990218559092961,0.8937878206190654,0.7641024535912856,0.8810976057285257,0.6940504440634878,0.9369482395263242,0.9272859539638549,0.8980950699589015,0.9011808408822092,0.7490603756215128,0.7601735593949178,0.9442511194591051,0.8861764212528228,0.7625413256697938,0.8591466975926575,0.7847765195251599,0.9073952416576894,0.9321778104258471,0.7875101863579441,0.803139754286259,0.9005556171102911,0.6873076525518104,0.7870618455909043,0.8024244778407185,0.9230868375325031,0.8189158387559595,0.7636272301615894,0.9360723792580377,0.7516580177449862,0.7181818028051933,0.7308561123255788,0.8498826984145712,0.8495392698824011,0.8261870160175127,0.8221045411554708,0.7889248245812566,0.8048318674650771,0.8290388612208203,0.8090646263190867,0.7694852406519367,0.8277495277950759,0.7364517384700225,0.7900406581898408,0.8801798716330277,0.8464636033690839,0.7923847385744911,0.8023331927900172,0.7259089561616906,0.7307776991627899,0.8708484367248841,0.891113310434693,0.7595373821947465,0.7630981570844941,0.9034073916908193,0.8443638586196401,0.7861144396445466,0.8846684568279207,0.6695776013212004,0.8024544385013792,0.783733901156962,0.6407735000375573,0.6775168841318978,0.7278301687629648,0.796110651515144,0.8451153316397272,0.8556437480232625,0.7256611411316395,0.683869302376429,0.6943287902484914,0.9031906267261814,0.8869010139207691,0.6694908313175839,0.8730718941011941,0.8657599299424109,0.6711325653309539,0.6449352772460053,0.866520029550456,0.6762571960434614,0.8693561065973325,0.8450410528774015,0.7052451178119352,0.8314256102139034,0.7961995209433499,0.7272177892357725,0.7817098826934883,0.6858441540085578,0.7542833638616188,0.687584068851628,0.8942226863594707,0.6804155472581113,0.7145387711409839,0.842426624400967,0.7382071056481512,0.7579017425779111,0.6151531770488755,0.7153591902146025,0.7221872094967862,0.8331545290622302,0.6323975364930967,0.8130906522549095,0.7323791987816646,0.7754601109511028,0.8564436216444217,0.8616567956508081,0.8050251913676318,0.8970689940037871,0.8152063864332098,0.6819540169271863,0.7637174465030607,0.8036542724580062,0.6890429091458126,0.7513518530301627,0.7675691995682257,0.8987133797574595,0.8725517786307985,0.6697042190124558,0.698503876391244,0.692624250810279,0.7076753701718114,0.7968579684078881,0.6257929766376311,0.8864608596082839,0.6788858279221748,0.8367491099097436,0.8910828220766551,0.7661300661207392,0.8157144716233006,0.9034195422449752,0.6755668575892069,0.6657192638654519,0.8357561876365176,0.6818174220310936,0.8105953650990118,0.7123016844521646,0.8523379506057188,0.8303926648350007,0.742522972446009,0.8819079597774263,0.7608327421730768,0.848237711517991,0.8663941730001675,0.6915530430046433,0.8095994668450343,0.8833735858213131,0.9226260875964342,0.796428416440316,0.6751623327329663,0.8205451094477206,0.8422967166856636,0.8996681943339734,0.8470223135893895,0.7858608161374016,0.8405141605844917,0.8398698581990863,0.6668617478827877,0.7224954224949826,0.8231138314745775,0.6877481120856609,0.8619841525454953,0.7163591417909606
0.7718283292812739,0.7981791636492163,0.7291550699268822,0.0,0.7430645899703833,0.8318348512750627,0.8868036002493288,0.7951126528339229,0.6894642112367902,0.7252093123580977,0.8040762050643931,0.8090470694565147,0.7593719804602282,0.7225965801238413,0.8040154684345376,0.7011520362048907,0.7432392478707229,0.7392587943436951,0.8252794555764336,0.6559804367366956,0.7946413818131798,0.7539931814822708,0.8076629747472196,0.7668869131936589,0.8089549482404284,0.7852724165476334,0.7372337197975638,0.7768319380830594,0.7422725889053948,0.6877010510157635,0.7700090939113633,0.7209578086977252,0.9536345407494896,0.7686629126656855,0.7984394581557691,0.8018220041922172,0.8000271421729686,0.7347725624860849,0.7076818573295462,0.8168122934395324,0.8826466845682261,0.7506972694287539,0.7153376943652535,0.8474692707400605,0.7652267664013369,0.706738434439167,0.7072003581624775,0.7600056071330947,0.7965285058651833,0.6992282036802938,0.8598832633540033,0.8688761461564682,0.7152023646778778,0.872786416617056,0.7917083675537016,0.7635683182950459,0.7236936560569598,0.8287855480656721,0.7377720570159433,0.7229413821093265,0.7867967647709921,0.6323123657220098,0.8304577597305901,0.6397030974234367,0.6452153224822018,0.6486183647400903,0.7802009014943813,0.7358802493555492,0.6949974934902755,0.8179065083912952,0.7394323869444218,0.6703846273245231,0.7619566445081157,0.824866588005409,0.7434229837890447,0.7070841559381259,0.7192428615483287,0.7852697307513695,0.7303421116316137,0.6518595363144293,0.7863425180316619,0.8076210542718202,0.7573066843606504,0.7821913264612772,0.7730893074046973,0.79682106054666,0.7889156876850572,0.7390525320909256,0.7744539528370868,0.6979220042717367,0.8281108758217156,0.8494737820483161,0.7668436420751528,0.6992457207408281,0.8070109594819785,0.8261635456009736,0.6487115623322198,0.8397416015404842,0.66085442832789,0.8502847778887419,0.6962883150856534,0.6609365794802644,0.8777460523314189,0.8297754710797397,0.7788712374446952,0.6822473532029889,0.6811646737953216,0.7740181239905048,0.7664064820841991,0.736354739429009,0.8790142319403234,0.7405377124643998,0.8980395718940627,0.6875901683728705,0.8034272903481646,0.790129930860531,0.8030317360849468,0.6532496070940447,0.8690695165208321,0.7949692950333365,0.6435602230715793,0.88348573649756,0.7264902172550476,0.8320430564630995,0.6723159071671324,0.7925703279298664,0.7010394043477701,0.7021181458116872,0.7906599691462706,0.6951643582217005,0.6871501854209624,0.6753460751816439,0.6622395208992632,0.8072958878951982,0.6878459607742087,0.612510945641206,0.6727635043972405,0.7918381721502207,0.7308759665625306,0.7351137608298272,0.9135034860796005,0.667252725548384,0.8432886303503173,0.7541958704648327,0.7500618593393196,0.7983826456035695,0.7636947903578236,0.7105474285825378,0.7109364135279491,0.6097568864594137,0.8110240923954448,0.8280371207711182,0.7006074416376559,0.6728432577834133,0.8660087531768069,0.7331490335708719,0.738967870723907,0.8458734103005814,0.9137400265226636,0.7989557533443866,0.775161417388799,0.8074334346106068,0.8009929594177867,0.7815336084494637
0.8694585857234726,0.7986602075248886,0.7990218559092961,0.7430645899703833,0.0,0.7759640940373843,0.8489283579307574,0.7321034163931754,0.8015992425332964,0.7067032145320485,0.8888923988065024,0.8011061057890312,0.7988610661386897,0.768652115984935,0.8347281396379032,0.8224312254411827,0.8204649898283035,0.8404191359564581,0.7956620527708138,0.7784288610552198,0.8649559287948928,0.8821052159055426,0.8098262530088332,0.8368495239483097,0.7868679979272912,0.770689951700176,0.753557357649633,0.7411655154421866,0.7613171705496711,0.8764935797791787,0.7786225878711535,0.7847637617091343,0.7684557767944683,0.6799868052405491,0.8374725446941373,0.8024447502397111,0.8576330737181536,0.8461886851146115,0.787402586351451,0.8197329298356004,0.8254704725801019,0.8470379109885942,0.8337542849046814,0.8485985979453637,0.7384401615073898,0.7282237803266373,0.8531765271953631,0.8492475928742238,0.8778683543587248,0.8558191682760846,0.8786228256239469,0.808194395125096,0.7724965153899513,0.7995582044046443,0.7887660039766261,0.7614233504194466,0.844849094543971,0.8613876910028553,0.7861924937008776,0.7825054046508778,0.7016021808871165,0.6927041467421152,0.839160906916913,0.7561471129833792,0.7643677472092514,0.6651002666247212,0.7089929828355152,0.8685736000202351,0.7917721954549053,0.8009379128241604,0.8636056164100355,0.7679595448217262,0.7468688895054527,0.8374226526871915,0.7710972336215496,0.703129063945362,0.7817440666166395,0.8909058250469534,0.68916041412032,0.7195063410123892,0.7752460732311591,0.8149574854869699,0.88448612278062,0.7413670111155106,0.7784626848758107,0.8275091016513514,0.7454314506552341,0.8031701572000097,0.6973720012486273,0.7094108442458953,0.9145055181422125,0.7464227065187697,0.8898095681294925,0.7440803155440611,0.8428238238129991,0.7816544473704321,0.6561971107441527,0.7069540120014371,0.7539002918916989,0.6846530036265868,0.7403655423803166,0.6770627413799334,0.6954440765674652,0.7244793979513601,0.7900559618488853,0.7516226300472668,0.6836680462421807,0.7611072261532762,0.7933120643186996,0.7939903942083293,0.8157257113510684,0.8382456120840048,0.7576642752189808,0.7302442327484703,0.758309790103036,0.805110865522226,0.7353568921500148,0.7962879100104975,0.7687648570662371,0.7252393034241872,0.8933687789956547,0.7073280517482472,0.7616149010028879,0.8570219396404122,0.789398153277204,0.7552065275040145,0.6964996432715118,0.775412894022399,0.7308024139293178,0.7999280087387572,0.7504093265991696,0.8036761782057484,0.6874503247534792,0.8181599167996212,0.7606172016179941,0.7914572657331987,0.8064251607025954,0.8354600091821862,0.7637471875992051,0.840189429849708,0.7263676176589403,0.8016841978451749,0.8255724614969044,0.8102612728707445,0.8430119971795942,0.7873129468734464,0.9122179889454769,0.7210999112226938,0.7516446997319738,0.684186207619036,0.7752001447555047,0.789370798183915,0.8411188344577419,0.7697092835265769,0.7706472407635233,0.7775306090620236,0.8222428831260398,0.7925004441624157,0.7600743854595159,0.8018906493456589,0.6886234913400153,0.8068339002998249,0.8130065858661364,0.9209176751058533
0.7660232829585413,0.9016872199800838,0.8937878206190654,0.8318348512750627,0.7759640940373843,0.0,0.8164286819584794,0.8891157822657104,0.7147101070225748,0.8717065791538594,0.8732812150315171,0.9228668434620623,0.8552541480148337,0.724797585930076,0.762804263224627,0.8565378433589274,0.8383378392728252,0.724942238679062,0.8997867881627857,0.7221266278202282,0.8921480916367863,0.8433986021226844,0.7716583034470575,0.7678638061992674,0.9065373011464493,0.7157933466766646,0.7293020558529779,0.7928349680799085,0.8580176878674607,0.8038683815128282,0.8044610803434055,0.9097038476213322,0.8432318100389954,0.7722040016845862,0.7585376027705965,0.8515537192832503,0.8545335689102532,0.7840410288757267,0.7806882679911029,0.7551947024301473,0.8406324684562064,0.8430697697942978,0.7741492000295401,0.8350418637865478,0.8054401096835043,0.7251982700915905,0.8083955662569792,0.8487345173588209,0.8086554414027802,0.7472827501989447,0.8535644293207386,0.8263349897730747,0.7389062902005096,0.8994969544084163,0.8678595627249259,0.8639362544879317,0.7497942970348769,0.9395061713273648,0.7597729941518441,0.7616028156399445,0.8775720549339874,0.7170320351085134,0.8604992877841392,0.702954009576833,0.6361269651173342,0.6776667148337816,0.7262360263622718,0.7949815951063548,0.753229893480165,0.8611386882441951,0.7479780286873319,0.657107880475922,0.7343451937338908,0.874075870553998,0.85914847432109,0.7307211825905233,0.8066437655566036,0.8585088802293886,0.6977624549460116,0.7241167625888137,0.9371680751246225,0.7426591224747032,0.8710897178687939,0.8489587856445278,0.7594194637697171,0.8324606438646529,0.8552758523662347,0.7321114857648456,0.8348658968643211,0.7217126761300046,0.794019819324744,0.8092268279216834,0.8499941961550008,0.7080998039541542,0.7384901010759538,0.8939067484466859,0.7364839328140622,0.8620618947266819,0.6530655674591433,0.7940042662466551,0.7092307770628355,0.7740624981657277,0.7378235740215082,0.8600212144889297,0.7770556951671596,0.7544382631137797,0.8097721924759097,0.846790155693968,0.7782793136330761,0.8564537997467202,0.8871755470118782,0.696568624649802,0.8882647577470364,0.7633154461322594,0.7396465292376161,0.7818194554414238,0.850667202155262,0.7748854234611678,0.9229655425058871,0.7525396109926288,0.653994665913702,0.8067981662848251,0.7456416168591722,0.8570960681222517,0.6509086783643592,0.8869938651181746,0.736064749476329,0.8049993985833819,0.8885865520791946,0.6959019517607923,0.8163442167325679,0.8489226745389238,0.666854723027695,0.7409648911840816,0.7599614389893632,0.6427762997369799,0.7735170451687561,0.7108154498145015,0.7453654760391799,0.8003469448574674,0.82302309663528,0.8286746819908037,0.8189616718236055,0.8276734902029419,0.8285764081363894,0.7521188236093989,0.8275856948171614,0.8467497727090658,0.8537938116154116,0.7468836473779061,0.7361557274021955,0.8748514061084033,0.7545993321457103,0.7826530414822961,0.9095879122839311,0.7621825038075843,0.7695868625671624,0.9140445812442655,0.7333320596008134,0.7978114136336104,0.8148631036710061,0.7776483455427355,0.9001118943350744,0.7340676729093987
0.8023700986581378,0.8611945601504883,0.7641024535912856,0.8868036002493288,0.8489283579307574,0.8164286819584794,0.0,0.7663575493387461,0.7214520791422097,0.7626667086328045,0.8223923939338819,0.8651358952844526,0.7686187445295751,0.7271288114949644,0.9231501056650393,0.7269066365419905,0.7308774552240807,0.7571461360531162,0.8283859999677927,0.699398389654281,0.8342602040596064,0.8208186983661591,0.8372953586649848,0.8832317242177585,0.8450522397509233,0.7942190373937538,0.7225739427453877,0.7124683024222824,0.7960940030559692,0.7351101669790329,0.860156844762441,0.7523504600088474,0.9367510679941271,0.762726291793087,0.8384046505338869,0.8301562120098535,0.8770236800067525,0.7439029650376363,0.8033614808983339,0.8580893182938323,0.9170918635090436,0.7640922523443959,0.7843252070758469,0.9242403150474191,0.7975643477266925,0.7489094021884164,0.8240688791485923,0.8466711121747451,0.8842117194735358,0.7487354405132703,0.8916423192869845,0.8336423956646405,0.7294014142980002,0.890855754782456,0.8361074573217877,0.8178153473778897,0.7497325013403955,0.8152011568530425,0.7934513525084735,0.7508572090999419,0.7454885230081443,0.638452983589744,0.7872893304409222,0.6812819196656801,0.7128828327601935,0.6521929252485091,0.8003735972672925,0.8534509327548447,0.6911207675763158,0.7810560435584882,0.8197197000076203,0.7312679447028851,0.6864704735560048,0.8251356343080114,0.7010743995614996,0.7735210070662907,0.745588414991385,0.8942490239379134,0.7205252431099041,0.6934215586780877,0.7977577245978364,0.8312562713612266,0.8758773563615195,0.7309602077989424,0.7244256255130926,0.8155761347826654,0.7496219574224777,0.7762438655686879,0.7540107202403404,0.780445414141021,0.822063364778457,0.8929569787984766,0.8381801456538177,0.7260560628626245,0.7907241720881979,0.9016601670292828,0.6576810372146803,0.8234856213017163,0.6901636690223223,0.8016054726646433,0.7794442496082687,0.6736198568209023,0.821001412690666,0.8513290766490658,0.7470115291551368,0.7127182585856907,0.6776282626812942,0.7585767994141704,0.8517768272961678,0.8397560950500824,0.9126044935975253,0.7555258992883072,0.8128493414089665,0.6475280606077657,0.7728772001799945,0.7658199419154674,0.7813362637010698,0.7410614696509691,0.8255393387832316,0.7196894768075872,0.7318865836514388,0.7746343960299322,0.7281236144874692,0.9292706999608837,0.7282804215095015,0.8521710314743955,0.651623040516465,0.7865318553968754,0.7893958148652914,0.7860893008560222,0.6905642438748459,0.6764666369619581,0.6344131243768151,0.7911781344327319,0.7610522926263029,0.726262411290476,0.7810482102156965,0.8840775435909253,0.7700428284651923,0.8273240464831165,0.8854842165292641,0.7108610983784184,0.8664918463625734,0.7608165362068253,0.8468663215659404,0.8334177171121496,0.8701115510909109,0.7735865721076449,0.7608697741110758,0.6005880330177347,0.8182482820380569,0.8506055478941487,0.7226271212221145,0.7831603155919815,0.8779019462767396,0.8144215004878829,0.7878650835843399,0.8773306597152001,0.9002917172826791,0.7620344349223549,0.7933625154115892,0.8192702717235828,0.8768929957537834,0.814874377514363
0.7974894048850131,0.8830417100237368,0.8810976057285257,0.7951126528339229,0.7321034163931754,0.8891157822657104,0.7663575493387461,0.0,0.7591782794187201,0.8537299164374684,0.8767960261630663,0.8875786323312949,0.9178814455945317,0.7619324510351201,0.7884035794429023,0.8764096181832798,0.837319842154958,0.7877933783822207,0.8725246105956976,0.8095779557018163,0.8618227277753324,0.8573439176667323,0.8141434878252565,0.7849609868715245,0.9048749803662413,0.7390360920630263,0.8207810005322793,0.8368644901471778,0.8154356466575422,0.7982156826841424,0.8393036232478756,0.9039723543377305,0.8087988857796763,0.8028875538991714,0.7800281760309806,0.8632002400724006,0.8975165360591574,0.8467199764279433,0.8046372404934137,0.789619484085664,0.816747595426921,0.7980963411141109,0.8272967324016105,0.7728614931822666,0.9210286376950195,0.8082518595429182,0.7649378900725504,0.8309062597511445,0.8405510313569219,0.79780799206984,0.8326314427552355,0.7677899949852762,0.726857856187032,0.8601997663524521,0.8621163626179477,0.8046258221001638,0.7930071107104046,0.900872295995574,0.8085150705883535,0.8314343209603029,0.9422300197340482,0.7158524384809757,0.8422795422505823,0.7535522222328387,0.6611452047677066,0.7450425481666637,0.8219953569596729,0.798282827424018,0.8237060662732593,0.9378274662970888,0.7752786745237744,0.7155793871136894,0.7458855596436488,0.9079829094473313,0.8832261592870926,0.7439114205642322,0.8565006074105462,0.795016793347992,0.7782298590659573,0.6154712384387518,0.8133246338884141,0.7568070836578871,0.8398797485916822,0.9070069899092768,0.7661037316854689,0.9047262418907532,0.9312391811737848,0.8025457979327277,0.9068380523220224,0.779410400316368,0.7735718793179583,0.7627934461485865,0.8373329660381733,0.7313939864751003,0.7363665569789108,0.8469170764985634,0.7880628956134199,0.8228504154907293,0.6438871421137503,0.831767113831222,0.7502789261309728,0.8763894367147098,0.7200683241158351,0.8241176479199007,0.8213816312194163,0.8138630529246267,0.8551657761497906,0.8601384078400807,0.8077725311539611,0.8350331102031873,0.8208078080855139,0.7307548053629365,0.8478690140510565,0.8197878622039276,0.7755732323644894,0.7885685385706266,0.8130952787061946,0.8115961709920896,0.830714192223544,0.7372036101659402,0.6752192108838037,0.8335528462190517,0.7426792499016296,0.8119226616082494,0.6477836795093497,0.8614112853644674,0.7240492729477056,0.8656583709418871,0.8652462921742455,0.7778084676012507,0.8262684275383356,0.8360647000912689,0.7750726792461949,0.7271982727464891,0.8209795881650594,0.6516191870126207,0.8123710764420045,0.7478174072779624,0.8541603141602955,0.8658495106301506,0.7976851809169506,0.8136003938081946,0.8135457110543541,0.8300021858554923,0.8377720586322752,0.774269525607853,0.8243792373693122,0.8195934351349273,0.8723308495387222,0.7407094738343034,0.787707459237241,0.8027744166641113,0.8082199564936017,0.8208664804505621,0.8700683581747196,0.8691619286068514,0.8394434711741854,0.8508679363205813,0.718697553890584,0.7560973105057088,0.7871455168986186,0.7413300099483534,0.9028922533464525,0.7341824717486839
0.9080634927901876,0.7488686589136914,0.6940504440634878,0.6894642112367902,0.8015992425332964,0.7147101070225748,0.7214520791422097,0.7591782794187201,0.0,0.6478520710534376,0.7867124633506887,0.7035091175464661,0.7663875957417472,0.8184863517725607,0.7465698619060028,0.7279753098892162,0.7495040049553856,0.8681091939948025,0.7374261292603136,0.8067056035288254,0.7206025140623792,0.8094695971919621,0.7540737722918948,0.6899118578161425,0.7289105129898324,0.6366730266653164,0.8047272397844755,0.7623206547512299,0.6547287926280487,0.87318264842895,0.7654725022490857,0.733403870652198,0.692918659353608,0.6350307275600828,0.847955290260772,0.732344413024616,0.7718123235739597,0.8412284285666306,0.6848805818068306,0.711772636444615,0.6992018791888865,0.8569288327409387,0.7203455347795505,0.6957156311918182,0.7132822297984288,0.681270777790547,0.7215010920610887,0.6840972890270979,0.7795708887460188,0.816214313236236,0.7573815468630514,0.707567703791577,0.7941577348944068,0.6891810741040661,0.6794460669869765,0.7901549214212057,0.8110491377392658,0.7825711722254007,0.7491958348017952,0.7783256869912749,0.690577301927187,0.7027194406935445,0.7589158655192088,0.7454192977709883,0.760839292595172,0.651337625045842,0.7094834918090187,0.7578733386269045,0.8006257861510065,0.8317835922969211,0.8050460018552689,0.7727622201017366,0.8204667000461697,0.7514486661460031,0.7943578631388446,0.7093403157341276,0.6784085738932291,0.689650500435336,0.6481410215948552,0.5746853961850148,0.6525351180665757,0.855873479669189,0.7885150361341257,0.7269556851379245,0.7589587022008806,0.8296670869041267,0.7818072204480624,0.8481666693688736,0.7355802833197038,0.757058458779937,0.8487157999156018,0.7470303346718677,0.7689639966168146,0.7344414601807824,0.856769079311074,0.6964189884642789,0.6760560417782405,0.671197509065184,0.79990031410973,0.6886334209883888,0.7042013139612957,0.6343381585801526,0.6499665764772838,0.650926168015821,0.8444404706409625,0.6779284681205139,0.6140494881823909,0.7306463140343596,0.6759783826977033,0.668691274354821,0.6827692196221421,0.804250439116566,0.7588061450097178,0.8086141102490104,0.7244675325945844,0.7902382646777253,0.7194097109937595,0.7099372642834217,0.6489499416369022,0.8050573667649785,0.7881009708055312,0.7158284024228179,0.7280381221722934,0.7152019484886971,0.847105942448409,0.6426360910932738,0.7440264124745837,0.6973463469433243,0.6421330319704532,0.7327446741254505,0.8519285174495373,0.7402834301558123,0.7735758612514134,0.8740494406331983,0.6956724325074336,0.7098994259169977,0.7253810242272836,0.7407661034187318,0.7078541096304944,0.776952727054434,0.6787722387612867,0.7572116539414089,0.860657405404989,0.805645566224909,0.7045539874342951,0.7591737016351715,0.8484700348036995,0.6147576461236767,0.6923624940425844,0.6739362998607606,0.7837949825876355,0.7341591561772772,0.8334172714924509,0.6736893397317114,0.6700418233330572,0.7683125261263676,0.7825239083690171,0.672006057405387,0.7227240342416399,0.738675043927791,0.6006033961905437,0.8300556610170569,0.7833847940135292,0.8720263878652373
0.6777111476403461,0.9221562436249474,0.9369482395263242,0.7252093123580977,0.7067032145320485,0.8717065791538594,0.7626667086328045,0.8537299164374684,0.6478520710534376,0.0,0.8484472222611499,0.8989727405487554,0.8247117792401129,0.7117628722015186,0.7401499302504647,0.8467753309882831,0.7917061938686857,0.6963790398658392,0.8402685427305464,0.7239727571620749,0.8201287010221426,0.8552322979300695,0.7681764381769064,0.7516889643927055,0.9212083634626418,0.6296123171863967,0.7507960098329066,0.7554480001139395,0.9559666992601114,0.7400697042293423,0.77468371136208,0.8916564742171657,0.7584347741522338,0.7199049183279244,0.7101274700836108,0.8326905785001305,0.802927442282523,0.7542046199429528,0.790074209366522,0.7327163775760335,0.7841915972999784,0.7607064041927829,0.7465123953831078,0.7518278840969851,0.8087583354622288,0.6833231718924285,0.7399632359700816,0.8367707460948195,0.8136603032785348,0.7055901234558739,0.7312240960917822,0.6701704306325416,0.675903851906545,0.84983295148226,0.8890562731610421,0.7537018686691833,0.6719932747660837,0.8364750988687479,0.821698391741209,0.7205216972805236,0.8478845251458557,0.6147538066864388,0.717117967245228,0.751128649340551,0.588106925113463,0.6159671782301577,0.6944033626890573,0.7307303373263919,0.7805529972799917,0.807972583452985,0.6485825257782408,0.657326505537503,0.6361440663827778,0.8098349327423213,0.8118944696207965,0.6794901659654622,0.7698741518307585,0.8136488173090208,0.6384386192643324,0.5963879447815335,0.8304640939156325,0.6278699043570628,0.8171615882213367,0.8040338982430436,0.6392209203181295,0.7748324077471883,0.7581209303243182,0.6910524362505438,0.7807362041769829,0.6656923863754122,0.6783042905728184,0.7124025582609055,0.8391503909076541,0.6234719559226589,0.6489900908092013,0.8834300120597524,0.6981108217397061,0.7915978145288866,0.5878631938508088,0.7049535964099719,0.7242930966856994,0.7864381592628512,0.6437720517113975,0.8802943462065578,0.6810304158069646,0.6963742731286504,0.790442559064673,0.8433599415244739,0.7675149182119535,0.8700004905998437,0.7943936150817468,0.6188523646610736,0.7252585589247301,0.7507137464991378,0.6452132366580507,0.6786090698577395,0.7699744276533507,0.8735241866972158,0.8608344904843729,0.6511453198106928,0.6102370266723904,0.6755334271053409,0.6604431544662178,0.7520526019185092,0.5983510065077177,0.9167911563044843,0.6133803745680506,0.7855288232775002,0.91052711953131,0.7232219537623615,0.7858746686296565,0.7717080725956297,0.6188358449899486,0.6195949367133324,0.8008935508474084,0.6374009497964735,0.7764533321364538,0.6842698805728588,0.827745328569137,0.7894252025292677,0.7825502499900989,0.8257543747752706,0.7186434372678455,0.8015799378431754,0.8327986386030282,0.6751206663641366,0.7404290084634523,0.8717890274162511,0.9427495464055431,0.7552719055434736,0.6466405148406639,0.8469065856007243,0.7460611498151315,0.8670254516543807,0.8603581907298552,0.7464923423342749,0.7575562679595617,0.8102963467127783,0.6763711061948153,0.6574972481481123,0.860775680634966,0.6776306047181772,0.8672953659126729,0.6370049244098103
0.8544737087513997,0.8990831470038596,0.9272859539638549,0.8040762050643931,0.8888923988065024,0.8732812150315171,0.8223923939338819,0.8767960261630663,0.7867124633506887,0.8484472222611499,0.0,0.8858770593048578,0.9132165734266869,0.8341092557939486,0.8140606160264152,0.9326803278988537,0.9197115990671592,0.8649778371645488,0.892778289660092,0.8384047074351997,0.9200721799376826,0.9563849404321486,0.862094437502762,0.8255278602249714,0.9038467512715211,0.7477952908534582,0.8575124137935275,0.8696837040979774,0.8832728334230001,0.8760063932360133,0.8062320472290522,0.9090582610955061,0.8048133916674163,0.7430763214387494,0.8500759585819154,0.8943342593067346,0.9002643553188722,0.9246178185900508,0.8282901030019479,0.844260465214994,0.8552096005754388,0.8792583582071681,0.8519343894267932,0.8336796755485293,0.8369877486599613,0.7470275152998257,0.7892439810648987,0.8989917230653279,0.9236077063431077,0.8690441654810754,0.8776555405680702,0.7929523386974424,0.7857204256285901,0.8867373131649697,0.9016956209286013,0.7646416266306918,0.850193458105695,0.9516517830991412,0.879735280658042,0.8359009284564161,0.8632825402091507,0.6960828054321506,0.8785702684783234,0.8322787954543167,0.7057901151050537,0.6940646733223368,0.7677439504336095,0.8182726613350322,0.9066193124897896,0.9261052702280322,0.7960013488957807,0.7723502335159702,0.8076670381793707,0.9336459400932597,0.9157520010820133,0.7072545319584002,0.8675956364308444,0.8779393747397014,0.7150417186865331,0.6589273924447034,0.8310748896136195,0.7709591271629658,0.8691670954673675,0.881599950984885,0.8045701719043848,0.8900699618411256,0.8576848833556314,0.8274768147718337,0.7958199628003505,0.6984798037226544,0.8829924442183551,0.7430984172328452,0.9469385472743799,0.7415030570055984,0.8395415286250599,0.841451880918523,0.7278462932478297,0.7728590151938574,0.7140854216211627,0.7471267486266392,0.7763422877288156,0.7919855919217347,0.7069424661389759,0.8095727965744746,0.8401675778792905,0.7731418423205605,0.7947927572235285,0.8782496339806257,0.8092422698365171,0.8490468633371546,0.856226946938601,0.8077681514210554,0.8345264468162019,0.8650102883133717,0.7734880906638979,0.8194690004954495,0.8044519828327503,0.8859523391236025,0.8798187969857666,0.7658278624020051,0.7924802183300496,0.7659330466022007,0.7795027105627518,0.8286373101363314,0.737545638739994,0.8512377694425918,0.7261033433493965,0.8166109462219133,0.8654142703296086,0.8126274735401314,0.8316190213184937,0.8861053027341894,0.7614708001813811,0.7921987702249829,0.8388714167431994,0.72635251613289,0.8134185190925319,0.8014229989459783,0.8780148588632452,0.8730817064102845,0.7934639676749682,0.892339757029412,0.8391062725597456,0.9106846758252218,0.8936791341987658,0.7721496608652315,0.8635807968543812,0.7895212137128308,0.8787925461785843,0.7912129230143864,0.7815854760149272,0.8616010718467292,0.916443537040253,0.8188461987190331,0.8495968450040923,0.8170974611401268,0.8885627616446948,0.8265010710617962,0.7699907021387149,0.819101685511653,0.7731295210777698,0.8000457463019702,0.8722928350275073,0.8518201097724889
0.7659922828105583,0.9334255811459989,0.8980950699589015,0.8090470694565147,0.8011061057890312,0.9228668434620623,0.8651358952844526,0.8875786323312949,0.7035091175464661,0.8989727405487554,0.8858770593048578,0.0,0.8251059510893362,0.7007109920502725,0.8431930181459891,0.8493753414967908,0.805860418634271,0.7251488609267316,0.9451151706265692,0.7760542849593843,0.9282522398626,0.869051576666926,0.8260792912998893,0.8610619091830422,0.965015104525566,0.7385059547103392,0.7219777485257767,0.7624804992300724,0.8977197998834116,0.7776070996359145,0.8959336669968407,0.8974725363347694,0.8505347736100968,0.8360993856398764,0.8048630419637873,0.9104872101887002,0.8965908543089315,0.79384946180735,0.8852403732855793,0.7806304692301478,0.8931995428185929,0.7960518101616031,0.8495884826653822,0.8982103983930878,0.8791664553360705,0.7562281621752092,0.8270454099583435,0.9298671662101168,0.8863126336140058,0.7810552247008827,0.8590495956273934,0.7970609616641724,0.701724327043953,0.9369667673070076,0.9332458314589657,0.8187858200235522,0.7650749431756909,0.9120263515645698,0.8110250492763896,0.7732388661863312,0.8519537760662452,0.6584301888882516,0.8148506550563607,0.7578283041666571,0.670588971477326,0.6828282490464348,0.7482799083006706,0.8008810710865335,0.7468896629291849,0.8397945300692078,0.7631101472671759,0.7037252421753984,0.6848671586743803,0.860934034536361,0.7974935374025451,0.7451222614251021,0.8040426583824982,0.881489059830923,0.7408507714643413,0.6650552636935477,0.8699580718130946,0.7547532483373263,0.8746193150924565,0.8136622750780433,0.7439980754400192,0.8550248406329425,0.843237023034584,0.7514229730816502,0.8081851944296173,0.7512089671846685,0.7661620102672343,0.8405912214155451,0.8879605517335644,0.712646193781253,0.7089497809903375,0.9492341596007804,0.7515143803440575,0.8969151759144395,0.6575746920928606,0.7709790063162065,0.7762936702679893,0.8151761345701042,0.7684455647056823,0.9339759458787639,0.762755083420256,0.7632100182247766,0.8172823582832026,0.8526954288361067,0.823163268686803,0.9384757184929065,0.9440205160787258,0.7338176846170417,0.8011785515009838,0.7178916809343807,0.7316733941267833,0.7327777143724906,0.8346380737570772,0.8665524414015608,0.9092820342009016,0.6840658207901767,0.6891152242001919,0.7593461551295203,0.7630349635962689,0.8746759901031944,0.673140554127146,0.9493409960147661,0.6549425794568107,0.858687844396066,0.9321256147707117,0.7561801338566108,0.7626416201080031,0.7888284757711166,0.640192947595852,0.7277945864860295,0.870079414344253,0.6976009936316316,0.8540623281993738,0.7824087340254134,0.8345517217194247,0.8935158318936797,0.8331461862445134,0.8212437837843821,0.8065315804332586,0.838418526861717,0.9227400187639494,0.8034678506852369,0.8695529727801292,0.83283161120194,0.928353819972842,0.7246452513183476,0.7915370656132752,0.8690699084957308,0.7789488481406989,0.8425163557374296,0.9649994269205715,0.8317365993653114,0.7832252921759789,0.8957856505665085,0.7482631109028922,0.7214972033650121,0.8037279109486122,0.7739263830869907,0.9519980495805277,0.739029913498206
