0,1,2,3,4,5,6,7,8,9,10,11,12,13,14,15,16,17,18,19,20,21,22,23,24,25,26,27,28,29,30,31,32,33,34,35,36,37,38,39,40,41,42,43,44,45,46,47,48,49,50,51,52,53,54,55,56,57,58,59,60,61,62,63,64,65,66,67,68,69,70,71,72,73,74,75,76,77,78,79,80,81,82,83,84,85,86,87,88,89,90,91,92,93,94,95,96,97,98,99,100,101,102,103,104,105,106,107,108,109,110,111,112,113,114,115,116,117,118,119,120,121,122,123,124,125,126,127,128,129,130,131,132,133,134,135,136,137,138,139,140,141,142,143,144,145,146,147,148,149,150,151,152,153,154,155,156,157,158,159,160,161,162,163
0.0,0.8689289916326289,0.731325227802432,0.7532362972734783,0.7824564814219788,0.7702021595157506,0.8410066543832556,0.8120907734607226,0.9280424827119922,0.678691177345151,0.8270517475349409,0.7611192976051571,0.8496894225640522,0.8908616777144127,0.9150761801530026,0.7814048880790474,0.8019837341550285,0.9579124197111459,0.8567108148370353,0.9512170771310445,0.8303132452383589,0.8616444720151017,0.7703425726337294,0.8859884605652024,0.8440370951326449,0.7685553235069372,0.6993422804126976,0.7779162337820533,0.747493072185955,0.8231965845766563,0.9042886104808248,0.8380812087261775,0.8763262285723803,0.7461311725479142,0.9251884537941586,0.8166381009179242,0.8834706098104865,0.9218069513423807,0.8083869701554585,0.9195703788201366,0.8880881443885646,0.7766678333153291,0.916834785385442,0.8946322786051201,0.8927473746850447,0.8758504714384858,0.8461777662988033,0.8521356794002128,0.9030281613807883,0.9156442769463174,0.9141968116655367,0.8618185099999577,0.8557948401198808,0.8239470753650068,0.8220001233558555,0.8249448691962487,0.9381963143581273,0.7661659531516591,0.9303761437748492,0.8749554716012121,0.7831914954909989,0.7738367321204751,0.8946431358054291,0.7890018161595038,0.9228731691145122,0.8714746455489283,0.8309435154790179,0.8898692836043708,0.8471082029002001,0.898438218961149,0.9628468233833465,0.9046316963668818,0.8231325585010897,0.8406726188499607,0.8049351960529184,0.8730265252666034,0.7340574348388907,0.7157765536626851,0.8989416448017384,0.7373257259303215,0.7962270841520581,0.8817996464365887,0.891707401342121,0.8133413601724891,0.8758291151662553,0.9359902043050983,0.8392200423969358,0.9154391115759892,0.7868540754015628,0.8229576912149874,0.8699480794288754,0.8573260420647026,0.89088089303974,0.9239610257246146,0.9200653175408575,0.7976946304986277,0.8339451594331209,0.7805783497296532,0.7821489932648208,0.8120067061587092,0.8530812178251165,0.7837251891668301,0.7887512494301371,0.7580483117017347,0.9352618187292037,0.8202170872580473,0.7470591334254166,0.734482061200318,0.8903548701442683,0.8281059557114744,0.7977727631983526,0.8414049516362709,0.8183888441885332,0.6726340481820645,0.9106488188646344,0.8245788594616461,0.8619352552662414,0.8136096948905034,0.728173469081697,0.685743999824436,0.871612492750609,0.7575009716826376,0.8676329574939672,0.9267997156307851,0.8994497765794706,0.8206973122755362,0.7047617054805027,0.7952429621306284,0.758620722045614,0.911147077508513,0.7846486473429054,0.7628073013206421,0.8126284602056871,0.8345399794498788,0.8527082114351692,0.9282574725968148,0.9209497741635134,0.9099962030846721,0.8521002359991681,0.8960468663981965,0.8665969809496112,0.8101241728202999,0.8689930182167064,0.7889760169851324,0.83388272493244,0.841635036680069,0.8724861654531137,0.7286132069527687,0.8124091284763748,0.6039017028966164,0.9319576064822347,0.8744076669913812,0.8148982315304234,0.7716548416626487,0.7998278900939263,0.9449021879050626,0.881023476741699,0.7500195486650767,0.9075550705057601,0.8098811922113053,0.728215653986707,0.9582730101006162,0.9155672018771287,0.8929361396845495
0.8689289916326289,0.0,0.894036588680623,0.8418997035588208,0.7398525573816618,0.9012195325599445,0.8288858066806556,0.9440949037936511,0.834828524677494,0.8193034341043762,0.8786098105563201,0.8880317757752789,0.8763793517418744,0.8603653427228279,0.8557342584137168,0.859867245615454,0.8823589472644481,0.8313433511664673,0.9392504642249886,0.9000492410597808,0.9166440542373683,0.9319683875000412,0.7431217874657935,0.8880638514585331,0.8935431430371092,0.71503443902091,0.7144738203113229,0.8277281301156719,0.8655730291110613,0.7834574299084136,0.8658945043370783,0.9234263879607876,0.9255415712595899,0.7932698162233676,0.8378769751500433,0.8976415837006836,0.8203114550010999,0.8702721324176681,0.8620079655502721,0.9184618257240659,0.9242482149850548,0.8566437222262431,0.8297900845129472,0.8645135454535269,0.9396486935759413,0.8373273247167174,0.7991328699379731,0.8501573690985645,0.8448567825066289,0.8873257897861888,0.91581884976961,0.8697648363425874,0.8507884141902059,0.9535789710979727,0.9138228354396174,0.8640084027402656,0.8948996301643332,0.8747934895365794,0.9274206255953553,0.8977868087023523,0.9113480330687979,0.7750489815210959,0.8845648972093125,0.7967695236086544,0.8397592954641439,0.8379152092755497,0.8542912844292608,0.7934936600142714,0.8064222054670855,0.8908966395210292,0.869753770101238,0.7845624458019907,0.831176415881436,0.9235549302614583,0.9073622962159912,0.7711185244424469,0.8288210215096131,0.7417563278381945,0.8133085696294844,0.695212810106041,0.8268317079521122,0.8535053122743435,0.8793859135608411,0.8261631874678947,0.8690436831088127,0.9361327937878591,0.8402440480733294,0.8043109773961312,0.7809718454320194,0.8387558307843029,0.8077295056566022,0.8718766396719178,0.901797037985611,0.8754274887195983,0.8940614598926057,0.8375366760988144,0.9112968076599762,0.870146280677663,0.7220871626122143,0.8557295222396893,0.796556000223247,0.898905565575549,0.7432506836258603,0.8152437895855574,0.8902476246551482,0.8141353804631096,0.8549623515234389,0.804606654074395,0.8735721992320621,0.906992493378679,0.8738625677066747,0.772854076027939,0.848669795861304,0.7560442228987033,0.8285093989118173,0.8386376619134074,0.8510185537214743,0.8174460258790576,0.8631985979199984,0.6834631981604378,0.7772384182816289,0.7581497653285563,0.837300400600701,0.9007093394361585,0.7798147375984159,0.9078904076548125,0.7884552347396876,0.8693873483200975,0.9118121747842649,0.808392731914621,0.8526771677126478,0.8728201371947285,0.7378597408214838,0.8179078811183595,0.8906456573394534,0.8169129969253645,0.8346169337666564,0.8026740006866258,0.8562846418786781,0.855651971176518,0.8347558824557413,0.8843647629510973,0.9136745898414078,0.8888525108206282,0.8309952173944838,0.7488272878902156,0.872944684224448,0.7791244742141014,0.8924117840228337,0.7178174364121451,0.8434649162622521,0.8633096273250257,0.8683664864336226,0.8896095953648667,0.8958521964343956,0.8834128745613924,0.8666685153929522,0.8221435609079873,0.818179093851679,0.775688303878112,0.7305683046788769,0.8364074543628134,0.9412466203509331,0.8050022490087881
0.731325227802432,0.894036588680623,0.0,0.7738396277190525,0.701758259353262,0.9040499169424729,0.7284878483853964,0.8984687178172324,0.6779638585544269,0.868333551893709,0.8423502682910735,0.858049291585363,0.8466017938444865,0.7045287364096937,0.7274469721383967,0.9118714576276342,0.8986650129821605,0.7245121779955275,0.852756877347331,0.7690986089227709,0.8995137507403216,0.8690079664870564,0.6878222486473917,0.8133172074078382,0.8430144630595671,0.6999651988223192,0.6602407602465828,0.7925991559585335,0.8461529894910009,0.7532244900531039,0.7122369126954818,0.8790138734724665,0.7986533377955094,0.7317040094095231,0.6799435976111243,0.7796198739759451,0.7456598282096202,0.7540350439525058,0.7638751603796674,0.8344869467437306,0.8153159717647986,0.8565649199262294,0.7544479146876191,0.7581278538116104,0.825327531576489,0.7624984550346533,0.7574284843510876,0.7972290320021252,0.7403352844750289,0.7640463276605217,0.8141404261129661,0.8145032342300195,0.7393240351756969,0.875302016579941,0.8255334550669564,0.7905550754760545,0.7812589065968552,0.8951242476441349,0.7948965383211588,0.7703183196092763,0.8664092900880318,0.6891663053838167,0.8288761405286165,0.688461356293373,0.7079961647604482,0.7559507452414926,0.7392085167880599,0.7407776336486792,0.7660960530668617,0.8273595912540411,0.7502878870925817,0.639871234476484,0.7297072925420313,0.8952420516437012,0.8789477218971132,0.660668369789371,0.8436818279316115,0.7528406251981035,0.7252271684311004,0.6843134837164628,0.8239593317624688,0.7172137161723829,0.8268485625971936,0.7789771230696299,0.7699774330937712,0.8235425543988307,0.7597279382994069,0.662756786280241,0.7117939848445157,0.7172839816815726,0.7317922497464315,0.702809173610427,0.7968891543981598,0.7465214394526413,0.7466693511653838,0.7685882030945914,0.793653603828653,0.8056921248856698,0.59043843492548,0.7619249223156834,0.6512023042306104,0.9004581217386876,0.6430528212714186,0.7740526151952476,0.7357306981653398,0.808392104759081,0.8608514084036896,0.838372423288561,0.7933068534242427,0.882520962348785,0.8128563673506874,0.660302511955549,0.7742744082724718,0.7294680628275225,0.7176604387253914,0.8045048618595556,0.766046877460348,0.759529551612007,0.9085096935062269,0.5992466959469561,0.6771365660670448,0.683392334352867,0.7479128495304248,0.8138895579127118,0.6306463715760635,0.8614464292839564,0.727981753016415,0.8078667673787243,0.8982144798246768,0.694908468663326,0.81387195076196,0.9242346084445698,0.6360305840888958,0.6770911229789702,0.7899413045810382,0.6936812897553752,0.7532722036552699,0.6713071385696484,0.7845068936005121,0.7413890888740423,0.7211716199017192,0.8084527564303611,0.7698120929314345,0.7794269842567622,0.7539462226816657,0.652721921462367,0.770901228686661,0.7923929893604083,0.8660969678522163,0.7298078679941261,0.6914319942041414,0.7530065569299684,0.7887017956700755,0.921914116136616,0.8864064221117276,0.7587175400385107,0.7924288611770544,0.8710532256522258,0.659647441650587,0.7110255319084839,0.720113856237577,0.6816321078976652,0.8148088965859642,0.7048993769454519
0.7532362972734783,0.8418997035588208,0.7738396277190525,0.0,0.6957129855968573,0.830830710766424,0.8197953872747924,0.8374758397776517,0.7279680571545419,0.6860120610516451,0.8177102678379147,0.8648059624989013,0.7360522334832224,0.6957581349611915,0.7461944025764852,0.7308217050461853,0.8113963107465159,0.6998162810429295,0.8955806425156935,0.7433179581942084,0.8713949588006437,0.8065985538282447,0.7517190903910845,0.825219100260755,0.7890708653049274,0.7239403685370642,0.672291119122063,0.8187397720331743,0.7040050708244171,0.6863754106469001,0.7365364763312325,0.7569719673287281,0.8848564800268321,0.8259492190325743,0.7379933509367277,0.7935392950071448,0.7071863318914882,0.7106920137626322,0.7693784774515023,0.8522279936802942,0.8342974982159101,0.8761781669694441,0.6894464189883023,0.7907570353494097,0.8049666060578229,0.7144646177932694,0.6589255963171634,0.7323342618547173,0.7513508920021404,0.7491073344324611,0.8476485572098855,0.8575024297830638,0.7238468324455424,0.9117539469324812,0.7926876316828975,0.7713893936589117,0.7928633742032022,0.8668028287216873,0.7633926467371067,0.7687920776429257,0.8234120190297742,0.6404182092772974,0.7920340438101526,0.6608192067564954,0.7194820058235226,0.7199643478045922,0.8081207281901538,0.6532447042578525,0.6449096666911985,0.7838350245913314,0.7405035157540197,0.6356967914782087,0.8430066754674218,0.8666491504605183,0.7946754640147137,0.633467165402242,0.799586570691057,0.6868223864507894,0.7076301773656679,0.6267593671258918,0.7048762307682644,0.8272129828778201,0.725430108985631,0.6853899425407495,0.8584120919695737,0.8053038873791413,0.7730034943295664,0.6696693047637859,0.6704634246221431,0.773247193565262,0.797684289867341,0.8296323937279053,0.748264276165066,0.7601032973311989,0.8396818745180451,0.7260441053081128,0.7756028074545296,0.8667740859797095,0.6471172958352787,0.8128359270717433,0.653174373504077,0.7759260011677586,0.8108561906891751,0.7423627590067813,0.7672939547726324,0.7044660329693775,0.7644239580813366,0.7737232252951942,0.7242803031822173,0.8139572041664781,0.9164897421089838,0.742263409474907,0.8156297746885668,0.7023706269831663,0.7193844962403607,0.8256547281467277,0.7460447942295906,0.6664580082442725,0.8788861681703363,0.681034789025073,0.6785944397204953,0.7564831952659953,0.7857161493256386,0.7966293462318423,0.6735217166159833,0.7532572214368806,0.7772480512017906,0.7412794373464598,0.814557255267896,0.6349049952778887,0.7068832027583772,0.7791452890672683,0.6414000478809765,0.8151143850160094,0.7751941101552028,0.6513900388994927,0.6625438559957456,0.7023246859704857,0.729139790227503,0.7219477618606828,0.7270801605905258,0.7055852587266823,0.8731408257710832,0.8112153029564514,0.7125861555074392,0.7304616343886678,0.7834800019255823,0.6439731225830512,0.7177484154794416,0.6407705312052737,0.7985915352255032,0.7126407678669072,0.816769085956597,0.7166943815414821,0.8805272965436849,0.7445485906348678,0.7784383977325616,0.8044455565562567,0.7748899083795994,0.742085719075266,0.6102200824663107,0.7274393047063923,0.7695872759533241,0.787662701190797
0.7824564814219788,0.7398525573816618,0.701758259353262,0.6957129855968573,0.0,0.6357973917785475,0.8991971035254087,0.6557972269834051,0.8177961610863999,0.6041982884978129,0.8374430266619514,0.8131986552429987,0.6446351086500284,0.7075015241769985,0.8705326625350112,0.7244342456001188,0.6779329939619869,0.7394061939260395,0.7451359970960331,0.7568432569832503,0.7806920020906757,0.8449002427688797,0.7752043377245269,0.8501696433373677,0.7362178193633259,0.8047668024757932,0.684143484512049,0.6010534217954719,0.7298376418912366,0.8423265259450112,0.8401334411305433,0.6826962505722449,0.7727621738606084,0.6672677728160709,0.8269072275224018,0.8214344926572885,0.7934669446673847,0.8172619478183805,0.8832320479192111,0.7887557667146003,0.8174887644880766,0.7508227233652173,0.8358827147052601,0.8996648965134959,0.7444829680691712,0.666795225535977,0.7562503463479544,0.8595421240019737,0.8522084940782513,0.8168280108389375,0.8097753915595821,0.715375709227956,0.6555829373702001,0.7701551556556119,0.8281870970629905,0.659562866876164,0.7620652949296391,0.8080837403770106,0.7393160459775374,0.7179505931616401,0.6085564592779784,0.6349414140719136,0.7106607133406788,0.7917450585235943,0.7544794829682088,0.6282790129232626,0.6862367981146663,0.7747632222341579,0.7197735866805082,0.728876787227003,0.8198571156989288,0.7647394598632161,0.6637246609060998,0.7133509939172878,0.6250839995608645,0.6264331990200899,0.7215699220468215,0.8608835931914984,0.6872788416140069,0.6108066370707165,0.6099759424128536,0.8043488427314687,0.8148250075780827,0.5988589329758697,0.7296381724865862,0.7599926927462295,0.6975032791215806,0.7626253025719605,0.5702131933088446,0.7489773769398602,0.9259900673068209,0.80691265338584,0.8571627054846531,0.6796105186256787,0.7828322052106047,0.7948155230268614,0.6708465168237171,0.6738267412069395,0.790598245857732,0.5979280074394194,0.7766092716433984,0.7211076532647378,0.7810210463407813,0.727205333568801,0.738681973505765,0.6691169513527627,0.6112692646453511,0.6270563306490111,0.7269775255670271,0.7515063636996494,0.7999480962272694,0.8776355487568371,0.6146756332542759,0.6243917824818139,0.6799199352574099,0.6706778705535228,0.6180371984963099,0.8371839145053874,0.6581993365031209,0.6107752176787445,0.9261460994508157,0.673324701785212,0.7019711924380148,0.7952587517953954,0.7897289128662311,0.7513863322923398,0.5999542552383879,0.8397370733558703,0.6754145149352835,0.7836526690512793,0.6207482885268409,0.6708326909451426,0.6237526350466008,0.8013832723606508,0.8028744521303535,0.7918795324517836,0.7726741883547736,0.8819274623559672,0.7909047209451094,0.8665637048069298,0.6813210352443189,0.7635953902604286,0.7410016213880122,0.8043565240761112,0.8621524325695867,0.8378430795467973,0.912483636044211,0.5957675776033787,0.7220005784589784,0.5926426517850532,0.8150662006113388,0.6869449767779613,0.7955905116864966,0.7887123584865882,0.7573705143661842,0.7890753295760717,0.7083543120979298,0.6812684112489602,0.7792944115138497,0.6632153852827583,0.5508841077912009,0.7441146988437256,0.7905475081819423,0.8841039194662059
0.7702021595157506,0.9012195325599445,0.9040499169424729,0.830830710766424,0.6357973917785475,0.0,0.7188518724663178,0.9236170937033624,0.6856472986740674,0.8345340533852647,0.7986070173153493,0.7937615396105231,0.9272434133089691,0.7622089286872727,0.7026904591004505,0.8776667727036916,0.9137007370161905,0.7395138604515961,0.8417622387056392,0.7653839717592859,0.8592739723712806,0.7998778146952523,0.6631311754939838,0.7805545642513719,0.8323331903583546,0.7128660482975228,0.6479793657308023,0.8601410687904641,0.8009350849111123,0.7226027632211095,0.7020747015281638,0.9118660348658331,0.8453969855979669,0.7651014290111859,0.6873742793520385,0.7425246277038781,0.7663234687155285,0.7417651769794347,0.6996874832585468,0.856718734750742,0.8040568370883119,0.8472347868435998,0.716016002732493,0.7490577349539869,0.8292319837817951,0.8036230123194392,0.7609601010776214,0.7590646187980119,0.7189239764090186,0.7395594746884196,0.8280456609163989,0.881589419108979,0.7849093930664359,0.8605380194671439,0.7813864866136109,0.9165949910794164,0.7973656881844454,0.8469126031583428,0.7856916836494156,0.7976465113437141,0.9415872931014505,0.7552330014298586,0.8742641114967319,0.6407532240240178,0.7124999874331955,0.8179830042048037,0.805563548573609,0.7591301121335394,0.7240030226498888,0.8456300847326136,0.7687431851658344,0.6515394217395726,0.8025364627882642,0.9138335084111112,0.9282420786200299,0.7384517203492013,0.8304082617751569,0.715810318291056,0.7634775466303195,0.795869730304785,0.9099139730700341,0.7217345111357846,0.8316590615219406,0.8708399474123641,0.8151616691080456,0.8445696617415221,0.8159981063821337,0.6754136621740214,0.807294745190796,0.7612967850133726,0.718674300211292,0.7278054542959301,0.7603797754893948,0.8159366462876685,0.7816309023239033,0.756103849074039,0.8131268191573243,0.8517924040515974,0.5996210959966499,0.8901700421657572,0.6659612084285171,0.8326690636629678,0.6567918336226225,0.7346538586002057,0.774370492010128,0.8404333445365344,0.8771668505029547,0.8502982252104845,0.812470750518175,0.8678753071976149,0.8023057217977768,0.638576776184015,0.9196201837800485,0.7372685502204511,0.7908737322703495,0.8933942817479738,0.8577667464556274,0.6753469559643068,0.9315225923166651,0.6883652505420534,0.6456670728088842,0.7581551896204813,0.8054975060216812,0.858263028857201,0.6505991103180822,0.8493344158706774,0.8035572129645985,0.7711844675110447,0.8917061394943172,0.6844777189038196,0.8732170857616712,0.9190917429505987,0.7239484533309257,0.7004210201607024,0.7397694105437675,0.6890836872310995,0.752473596916584,0.6612659858049413,0.7157928998157018,0.6981137869621289,0.7788010822977834,0.8007366092061697,0.8053435293015523,0.7283937137083739,0.7196894324641773,0.650101091517583,0.7309475886398126,0.8321681887164443,0.8052687428862942,0.7165003503795321,0.7085789363462554,0.7954088450851916,0.730922908165351,0.8081473079866504,0.8647153055912605,0.7658877661577137,0.8353877366696121,0.9336624687361567,0.7124265745802175,0.8228936945709423,0.781625494203683,0.7486138631471275,0.8142421019646576,0.7026359884917812
0.8410066543832556,0.8288858066806556,0.7284878483853964,0.8197953872747924,0.8991971035254087,0.7188518724663178,0.0,0.7423831463250807,0.8432764360473293,0.6819609821428447,0.8917466248397364,0.8899891661124497,0.7139163716279918,0.7577091285977948,0.9085405695804978,0.7527024551601372,0.7280911591096118,0.7823680649537509,0.8482096611206977,0.7988671658538136,0.8211580646326232,0.8689753173100964,0.8565943198800436,0.8924633209954946,0.845068523056118,0.7863928936516285,0.7448005672297643,0.695789429749544,0.793525469395158,0.8494107621720314,0.9036228433458688,0.764963686490544,0.8783413861323597,0.7626252778932789,0.8721431299376728,0.8523599037648252,0.8535686948742707,0.8240851567684673,0.9033612309608393,0.8611398266984777,0.8635393102553399,0.7978303269409821,0.8425539753044442,0.9432203964159178,0.8204163944967747,0.7172554879277495,0.7491713915342275,0.8827984440884392,0.93116617828148,0.822406455031977,0.8767222779884483,0.7662198772414895,0.7053603589499413,0.8531279924083786,0.9088770579206121,0.7335751261172638,0.8109538642940852,0.8530741595919525,0.8148271394480773,0.7705249743084881,0.6978266159090715,0.6520059093588697,0.7558881062309863,0.7697911781653217,0.7820603133267492,0.681848853272752,0.7737011363963828,0.7876701612164261,0.7299999195169162,0.8206431789418749,0.8341087624659657,0.7839421574689136,0.7278889610177313,0.7857762003591117,0.6880869491516872,0.7004100094897372,0.7816745666623136,0.848166504107152,0.7288044643743581,0.6535423516065434,0.6625010294664438,0.8450232840035126,0.8540034819286135,0.6537148095797735,0.7858135119165132,0.8054292408963107,0.7879698027203298,0.8123751900773,0.6496726384710196,0.8002408680155573,0.9162703227947591,0.8988800150825556,0.8942096855848177,0.7526879204551811,0.8354599226275984,0.8650802327297553,0.7188293373985899,0.764240519116255,0.7706974075108249,0.6918173875674707,0.8226471842608408,0.7907024235112596,0.8644184053285769,0.8075464011419095,0.7899812572772673,0.6885559114734303,0.662200161939014,0.6959788074868274,0.7726394573861884,0.817549784337549,0.8952217536918753,0.8519511616631574,0.7041288055028586,0.6808376028015046,0.7325365056270209,0.7248666115931347,0.7060918234993034,0.8610135845887037,0.7332857310391545,0.6565585096292939,0.8554409951668444,0.7450668830690307,0.7518158495149281,0.8757638524651616,0.8107220844599657,0.840428311253174,0.6355968786375067,0.8492389079889644,0.7491293761401179,0.7840149300316663,0.6762910325476887,0.689621834620292,0.6891656490871232,0.8356533882944556,0.8384236534030985,0.7921641339231033,0.7999332198025336,0.8876755829829158,0.8250567351270934,0.8993140200915969,0.7816859140414073,0.7872497566938087,0.8229042239908533,0.8260882482671611,0.8761315949003453,0.8626791535761469,0.8946302886978789,0.6463908436266224,0.7778125584712863,0.5944321419512202,0.8923707404708285,0.7729554354525564,0.8191512202667124,0.7855788970406166,0.8532941583121657,0.8532053602446881,0.7965962334581954,0.7553511191622128,0.8911596616452337,0.7574181338629388,0.6001933553659965,0.8257899934123151,0.8544439605347054,0.8963538652814877
0.8120907734607226,0.9440949037936511,0.8984687178172324,0.8374758397776517,0.6557972269834051,0.9236170937033624,0.7423831463250807,0.0,0.7472291314660394,0.8442962688350254,0.8116116875825223,0.8419017618142924,0.9002425052597582,0.8002246219732634,0.7636029978835105,0.8723481602669009,0.9252817158048597,0.803585391131055,0.9195013473518869,0.850057768885194,0.8872681111137452,0.8401604437216013,0.7361177219890666,0.8137540586180468,0.872494826891252,0.6935806309231533,0.7218430993341238,0.8995871474325648,0.8140862220400934,0.7524217360220985,0.7747333654778442,0.9327897564111232,0.8766430983367325,0.8172655273077618,0.7511670948483983,0.8282011814253412,0.7598402237304103,0.8143043959006167,0.761048188923893,0.8872626688392203,0.8696257682764358,0.8256384273282404,0.7832693223558291,0.7683551489377637,0.9230978647326578,0.85914469450782,0.7786852263492657,0.763946883252438,0.7792070678534605,0.8252650445334211,0.8682354132147311,0.8757747661125621,0.8335924322958943,0.8970182794955404,0.8381156440480355,0.8456640083679663,0.8605284904665443,0.8658309013115181,0.8740243260316399,0.879895002748461,0.9346549423741475,0.772639793720946,0.8920691907344603,0.7269750576913094,0.7757859795009637,0.8523625027689932,0.8022999046813947,0.7345612416586599,0.8039401287652186,0.8898857485233134,0.7921154202304949,0.7167460045654447,0.8129336309765458,0.9304212229148886,0.9581769086582469,0.7598732902439002,0.8146871763737236,0.6874360927122515,0.8334231178824408,0.6874827156218545,0.8485079480626577,0.7774655174695332,0.8155403636319107,0.869297688630609,0.8669146349302198,0.9118860803926572,0.8122393733612309,0.7523066847034272,0.840197822910777,0.762604904907782,0.7512740626342567,0.7896568158747358,0.8264516147188301,0.8528942621780616,0.8186638592192524,0.7632634492883682,0.8770061714001672,0.8914856504268031,0.6439163054975592,0.9086073450948332,0.7049521975850903,0.9059083085066874,0.7161913077015943,0.7968199039733223,0.8571042357321605,0.8585573217582579,0.9162666018213876,0.8658616317141347,0.8623830601968644,0.8541939337018288,0.8196758432738709,0.7037235859344814,0.8502144079176176,0.7763712002607479,0.8336806381973314,0.8732493216996549,0.8900574371283958,0.7457295323041471,0.8893664330005097,0.6792479041390759,0.6858387823916468,0.7813319811942756,0.812701445413962,0.8494549170372117,0.6815431189203428,0.8684162497038972,0.8139057123353548,0.8071764520122394,0.9329199951594229,0.7434391556378457,0.8909833964775191,0.8898578047790002,0.7143726908031108,0.7307246982747232,0.8008821710523292,0.7300867664547979,0.7930537773494745,0.7190521404769648,0.8197443059273227,0.784051133353509,0.8009528524530409,0.8182014304022105,0.8618192278476704,0.8046803068377087,0.7422548637707062,0.7056093473929321,0.7729703376084617,0.8089844108659163,0.8772571888029487,0.7376816063556265,0.7697636654298626,0.8335687381176835,0.8133872227872706,0.8574354825462156,0.8940751310969952,0.8029868593186932,0.8274763591378675,0.8438958945802401,0.7358896337842309,0.7800842337451569,0.7670453103545739,0.7734920495648091,0.8794252059352826,0.7211961405608357
0.9280424827119922,0.834828524677494,0.6779638585544269,0.7279680571545419,0.8177961610863999,0.6856472986740674,0.8432764360473293,0.7472291314660394,0.0,0.6205848076660919,0.8055950809864805,0.7551794425483548,0.7266673346435829,0.8837652850209793,0.9281659990813501,0.6938689560730023,0.7043993173905828,0.8713860654608252,0.8060609955141576,0.9036756353397127,0.7774520433841006,0.8720401351851435,0.7306182325220452,0.8484132983239571,0.7702337376642352,0.7069971890467499,0.7031508554765671,0.6802102746710706,0.718395077015806,0.7765304558936726,0.9343046517737587,0.7417590651940066,0.8442574135460251,0.6873510874250023,0.956948267233428,0.8549795599346287,0.8154640718394516,0.9052148842555479,0.8602845993856044,0.8308113182716409,0.8608393325716096,0.7531488226142333,0.8499734881057529,0.8842831296387087,0.8388294954201586,0.75916203161425,0.759369341607599,0.8204627115202358,0.8630852340892922,0.9086266202190001,0.8545041894584688,0.7652971297990094,0.7980879334201972,0.8078318528279297,0.8184293577323594,0.7517009372494681,0.8668788498908278,0.7328751126991943,0.8820956097752155,0.8308179415986592,0.712022680274073,0.7264005802481184,0.7860817429350927,0.8501971165939822,0.8999933903409945,0.7583324441386796,0.805795181578173,0.8057399570414058,0.7875437386139976,0.8168118413456374,0.9211538465195418,0.9047061567967143,0.7952172305133631,0.7580404606484596,0.723049993958776,0.7601825925103044,0.6848017936664922,0.6893775430521578,0.781649862407339,0.6227879929732357,0.6755339248766289,0.9185616103228279,0.8195985404695386,0.701624622857681,0.8105389553874146,0.8755530423048833,0.7872418740875767,0.8962448035907062,0.6746690965857524,0.845756084667113,0.8652925138216195,0.9062504294602347,0.8730051700638204,0.8269031017360284,0.9257202021187055,0.7881046162401272,0.8169549911700911,0.7256758117670178,0.870527699581341,0.7145062513255893,0.8800814785848182,0.7278937816918585,0.7854571742800749,0.7265965724517218,0.9021092060271422,0.6988697231636016,0.6623429004998981,0.6463018772168106,0.791002142597047,0.7648227687201897,0.7751586340956705,0.8926672280393442,0.7292696944369362,0.6685706652153753,0.8005682846206114,0.7247671581915107,0.7333698124573064,0.809111815464308,0.6564797463175084,0.689342886506939,0.9090265171731329,0.7199070860255998,0.7930475669410023,0.826326938003628,0.9479362350771712,0.7559433830014471,0.6802465150279579,0.7950348810079182,0.6994756240368337,0.8824180699242107,0.7215092943454153,0.6930383544689989,0.7530911536126109,0.9046798817343242,0.8710580441535613,0.9090514987828536,0.8242824183502918,0.9263904058435486,0.8274856399948363,0.8943563866769216,0.7995785874407655,0.7990414082627019,0.8664202424334317,0.8648820417936164,0.8324606104164581,0.8352080507647185,0.918349491620391,0.6303249996348228,0.7544334536624484,0.5971436471856071,0.9340687171427892,0.7982909717382132,0.8381805487936557,0.7379100247265017,0.7332424931341898,0.9100362424204639,0.7930251701591513,0.6490902786189521,0.9068936086671323,0.7009137629347092,0.6219799878333195,0.9015024182306324,0.8857535766372249,0.9023355322513719
0.678691177345151,0.8193034341043762,0.868333551893709,0.6860120610516451,0.6041982884978129,0.8345340533852647,0.6819609821428447,0.8442962688350254,0.6205848076660919,0.0,0.7499865680220658,0.7665364184962694,0.8180284354569861,0.6996343491340097,0.6696193013997712,0.8402042765238891,0.7779312144078522,0.6975798623251367,0.7551883253900724,0.6950834636523409,0.7225242104589631,0.7350343380945715,0.6835320836301898,0.6789157911694883,0.871462385768333,0.6109858748838304,0.7105240079744612,0.7552752169880557,0.9120791452425094,0.7282793593811895,0.6931706721832217,0.8694004904383972,0.7415409595133466,0.6828875806644988,0.6455301108738689,0.7059896860132475,0.7379657082227105,0.7142937918020379,0.6666193715874439,0.719752256915444,0.7176814359459232,0.7026850136075683,0.7149663180139676,0.6914935652576841,0.7651514374880608,0.709147758392339,0.718307909523645,0.7391608382713515,0.7205847604346272,0.6629705142134202,0.7012466514698514,0.6842533693539617,0.677639884229859,0.739490762722043,0.7976449845577394,0.750812850660138,0.6729670604783751,0.7823717636279361,0.750653748937356,0.6900916269827865,0.7864800729277986,0.6603438703697415,0.7303414461784902,0.6488073248390859,0.6277225799063566,0.685413534064025,0.6551706029260337,0.7133352060828761,0.7937695564300794,0.8367168653930033,0.6542542963536647,0.6404447840706854,0.6291246015770694,0.7535990713199595,0.7988047351976535,0.7100263523157886,0.7157746508975763,0.7109524790923644,0.6908376037235202,0.677279114201677,0.7956804142542715,0.6023876752205435,0.7810214750045649,0.8048307235407018,0.6517370006598263,0.7295210392251994,0.741885214356345,0.6699493883961003,0.7712496619739782,0.62518170069046,0.638350984905009,0.6596363548478431,0.7497609270447451,0.6764500239679758,0.6339139904019748,0.8026668703424145,0.6824827769171111,0.7668830228820903,0.5568790024326707,0.7179255440736124,0.6617280744502129,0.8251363987915329,0.6249023023216331,0.8388513224107075,0.6800970959817805,0.7231831477270111,0.7538052246026702,0.8278447921009844,0.7468145604880794,0.7639247366358564,0.6933207734082825,0.5723898615456247,0.7141390462499693,0.7503935995113751,0.6884278714214422,0.6894686203751441,0.7758753060160922,0.7613819945832112,0.8101172807696477,0.6159531306456687,0.5849163330335918,0.7057266785487742,0.6569089736314868,0.7438781558298024,0.596076130691603,0.8977889886451629,0.6133801815175057,0.71796886676449,0.8650417423282355,0.682949887014709,0.8416358234671978,0.7444009068699508,0.6488505018950088,0.5780182879516637,0.6836323029798927,0.6496216748827702,0.74828777280394,0.6314676854079894,0.7500745435418538,0.7010734141273046,0.7796969336379994,0.7720485595425188,0.6581732815683885,0.6686353160078421,0.7085648717696824,0.621298356595578,0.6438821063166603,0.8215452723524911,0.8971047226939118,0.6917729236468545,0.6291595364658454,0.7976015267807041,0.647442770695287,0.8184154866840222,0.8281745203048888,0.7012093765398371,0.7157161676821822,0.804752697005322,0.6586590070424168,0.7012137738907506,0.7898744486872397,0.6836176888232869,0.7877528391461092,0.5990991652366398
0.8270517475349409,0.8786098105563201,0.8423502682910735,0.8177102678379147,0.8374430266619514,0.7986070173153493,0.8917466248397364,0.8116116875825223,0.8055950809864805,0.7499865680220658,0.0,0.9344806398364771,0.8000529085127602,0.7759420200411253,0.8196868401262541,0.867060046095821,0.81703167825054,0.753272387194438,0.8665418887531806,0.8430647790978142,0.8884010023367797,0.926161600566976,0.8237594147423101,0.9225197128918775,0.9088896188850897,0.817865935666688,0.7648430609291904,0.7727125284817568,0.8493322137876153,0.815495003599014,0.839575664060004,0.8251873955107977,0.817749139934556,0.818198802213695,0.8372107417450807,0.8513325512107114,0.8946618119119729,0.8390993667742849,0.8952144179048186,0.8845206318914717,0.8239467454681508,0.9136092427832052,0.8022423157750584,0.9095234723575587,0.8742050536908407,0.7045750035799008,0.7109747214548181,0.9442260198079436,0.9063224001648355,0.8009828897350467,0.8420778876757042,0.7804411679219042,0.6802369094905232,0.8889108420787332,0.9241236647145074,0.7941655430040983,0.8132092071449458,0.9089335643460721,0.8191855675720968,0.7642959762854289,0.7932401964263918,0.6333831523873498,0.7643833688786448,0.7981562868581259,0.736958215488605,0.6981604350063904,0.8649603322328236,0.7751553809599244,0.7585182045820363,0.8659639747075449,0.8122639908695303,0.7365808884901608,0.8238028153436239,0.8511160273212292,0.7612483191382058,0.6663123529713808,0.8762460945549551,0.8430268053904234,0.7114917419673644,0.6875415406231843,0.6987533397932736,0.8020541978756004,0.8406169699330804,0.7143303393689248,0.8203762594291633,0.8451176391950554,0.8984536955294874,0.732704579668493,0.6481344572063985,0.8538536097597265,0.8526679370260688,0.8097634898448365,0.8510684966454526,0.7525776094045205,0.8332773033667598,0.8581891438163315,0.7453314033483102,0.8155391449177162,0.7257436102135325,0.7124770169591785,0.8015289603891973,0.8699327957846801,0.7651516491386394,0.780099379252392,0.7670455523341694,0.7238759299327973,0.7153416511933626,0.8136892816363236,0.7416586046655289,0.9395390168003817,0.9350187282243677,0.8217091268356291,0.7881639204860219,0.7921542860781837,0.7067579893563143,0.7715448189929686,0.7114363200911523,0.8668293331128282,0.8432590727731342,0.6667826650248223,0.8184659075401638,0.6868665299735314,0.8477162544777189,0.8463273963557484,0.7896069491100892,0.8571218097934682,0.6666597390348329,0.879583743242316,0.840798794943603,0.7405448224890141,0.742387283069281,0.7909775304374194,0.7540595246609958,0.8338652404100959,0.9079089288419162,0.7499982570894759,0.8001674734445158,0.8081348181115682,0.8834356368048524,0.8282432510219035,0.7340432450485215,0.872133387093783,0.8077429699962093,0.8526708558037505,0.9257486064747527,0.8177202797015654,0.8709807215031337,0.64776950717284,0.8514689894328844,0.6944306238621458,0.8624449909936956,0.7274507367162114,0.8611351248397813,0.8278678836676974,0.8929519111806583,0.8834417713183703,0.883359610076091,0.8121676423438917,0.8190165876234748,0.7603815366410569,0.6029116132176544,0.7974747427734902,0.8386217669554505,0.8960255605989886
0.7611192976051571,0.8880317757752789,0.858049291585363,0.8648059624989013,0.8131986552429987,0.7937615396105231,0.8899891661124497,0.8419017618142924,0.7551794425483548,0.7665364184962694,0.9344806398364771,0.0,0.7457818677937696,0.7259800361685768,0.8061239116675655,0.8393505303585708,0.8168407220593162,0.709056079983856,0.9018089743180524,0.7990810567159559,0.9036829254533223,0.8963043531537506,0.8437168184236443,0.8969218886524309,0.8815270235374606,0.7793066192232092,0.7629188147517374,0.7671796049060028,0.8456388695153402,0.7872571653242344,0.8263655903568721,0.813493940298814,0.8484921823241305,0.8559938945782402,0.7946951748512885,0.9007528289129666,0.7968378114439286,0.7995636342293282,0.9100188508239186,0.8669099218039461,0.861654172740174,0.8770845717400418,0.7774566741914579,0.8737211992608835,0.8822277903307997,0.705659635051673,0.7076456327851551,0.8683199595520804,0.8639723991418764,0.8006154665944876,0.8462958020939341,0.7848464072487626,0.6817969298705258,0.925490274027102,0.9405076915625415,0.7513968356281506,0.7941908506628634,0.9488241350007202,0.799678595929792,0.7834248308701963,0.7813634254970623,0.6383827188944534,0.7530445116647401,0.7942851469664529,0.716460972191564,0.6789314697473406,0.8002530372738282,0.6979680035877864,0.7204279810133192,0.811104475386039,0.760294659662792,0.697598548292265,0.7710365920488149,0.8515890272090154,0.761905869344975,0.630153296793961,0.8642024975721924,0.8276095731004999,0.7081906116945699,0.6210406425274563,0.6736426737025668,0.7981441464617947,0.7944809029757149,0.6822934699732686,0.8202767724761169,0.831077805586155,0.8059007892746264,0.7094149200887745,0.6470573569290259,0.8088088236922877,0.8361176897504441,0.8435180062497507,0.8526380194815655,0.7259205137134146,0.8000904591056656,0.8353519060374279,0.7574238018585151,0.8617398608882273,0.706557265383011,0.7264613895228053,0.7471628249871551,0.8887404606451806,0.8013987892229544,0.8219924670718406,0.7609201693299893,0.7218627021810329,0.750859832466659,0.8063607983427378,0.7492911044189203,0.8937575213220063,0.9533238549609845,0.8099228096173174,0.7309603688583002,0.769298134721232,0.6934264026560967,0.7595264908942169,0.7050836418832488,0.838633730916374,0.8611451012709822,0.650187998890606,0.772227190472054,0.7108225137961185,0.788253062205039,0.8159904712129651,0.7121958844780256,0.8611181818701269,0.6988620516546199,0.8970318954184929,0.8878907032507604,0.7040528977587902,0.724255253124587,0.7817264835569983,0.6576905720030225,0.8056619873249843,0.8748727797243746,0.7005499949210894,0.7523938698241825,0.7807852709470029,0.8703641383450609,0.8292450520913055,0.7117267262924635,0.8334176919624066,0.8255282839205942,0.8829832673657974,0.8651915788613995,0.8012201061349017,0.860946986285182,0.6509402170355474,0.8500823265555187,0.7231954243538073,0.820510096969058,0.7175708015972029,0.8734815323401455,0.8682215532917806,0.9356758233263813,0.8044307305450302,0.7948583382851971,0.8042719678521338,0.7673603210596369,0.716113373956258,0.5920659835870644,0.7332796786318481,0.8389810950099169,0.8197044482840463
