0,1,2,3,4,5,6,7,8,9,10,11,12,13,14,15,16,17,18,19,20,21,22,23,24,25,26,27,28,29,30,31,32,33,34,35,36,37,38,39,40,41,42,43,44,45,46,47,48,49,50,51,52,53,54,55,56,57,58,59,60,61,62,63,64,65,66,67,68,69,70,71,72,73,74,75,76,77,78,79,80,81,82,83,84,85,86,87,88,89,90,91,92,93,94,95,96,97,98,99,100,101,102,103,104,105,106,107,108,109,110,111,112,113,114,115,116,117,118,119,120,121,122,123,124,125,126,127,128,129,130,131,132,133,134,135,136,137,138,139,140,141,142,143,144,145,146,147,148,149,150,151,152,153,154,155,156,157,158,159,160,161,162,163
0.0,0.8952152841107197,0.8314161333414497,0.7832127517054834,0.7510094375933666,0.9067829466091483,0.8176446494700361,0.869620930540895,0.885707624429913,0.8334354548224062,0.8460997084168683,0.8085403885486107,0.948137511776176,0.8100862230776976,0.8601257252757872,0.8754055798543473,0.8916750753111875,0.9328017974705607,0.8450259751839979,0.9514276783317416,0.8374652938068857,0.880523246548752,0.7990907364129056,0.8376453763881547,0.9034694874219075,0.7387344503827925,0.7656297002755407,0.894464847065248,0.7721314956605694,0.8392945684309705,0.8719750577279942,0.9068909667577032,0.8187046903264343,0.8032558330283766,0.9067875585706686,0.7348114766278125,0.8926166270213538,0.8592177231133754,0.7592472384563557,0.8407706998837329,0.7778938235550971,0.8569375495236115,0.8420177564081979,0.8152281742955796,0.8684467705482553,0.8736581284807781,0.8105269936627022,0.7971889288504428,0.8816132996743713,0.8397251455541956,0.8552110161272465,0.8586264789910064,0.7912758860037793,0.7965765303624955,0.7621347148436312,0.8462161157102673,0.9039083114025399,0.8337445797093179,0.8469442309325504,0.8419207233037495,0.8548323099533359,0.7189743894330431,0.8335646641554706,0.6884070570663419,0.8102942283244848,0.8211557605341258,0.8272612379506248,0.8707298275798421,0.8134151429295011,0.9062203700906176,0.9126279871294828,0.7966263498356851,0.8015309483618592,0.8921271176686143,0.8962339664989671,0.8456858147471705,0.7941026381080978,0.7563302634921245,0.8338697416536227,0.7579791505828543,0.828405950005272,0.86898750609706,0.8805020645650901,0.8449109268865433,0.8326721864458018,0.9151805658825509,0.8429480379092751,0.8476715189984783,0.8866249331597376,0.7975291306397565,0.8407552945998383,0.811218054218448,0.8236237996484493,0.8574821934559832,0.8542076701392666,0.8224548728605626,0.7285286428466173,0.8162301162047918,0.6617165512882696,0.8774426313837482,0.7550379596741718,0.7577983453458722,0.6963741718106183,0.7570962742066737,0.832735862603072,0.8770153149748864,0.7857469879934004,0.8944695513563572,0.8316902276641833,0.8552284009737103,0.7980439780167559,0.7715838674516101,0.8897290800740046,0.7839420441826294,0.8387628735537523,0.9176909933022702,0.8997314886022537,0.81790577780487,0.7849635610594892,0.7565337541867881,0.8090615740117233,0.736873339426094,0.8638740062159059,0.8937653390405051,0.8194868730297918,0.826631552148091,0.7553110136245664,0.793216493522712,0.7917424889941221,0.8132547169578713,0.8500910891254915,0.8371929282501386,0.8120770684722862,0.8163740170806085,0.8060730021931779,0.801868726767172,0.896789843148599,0.8237485462014874,0.8118028013680537,0.8610629665254358,0.7925650192825313,0.8090765985375502,0.8884661883827014,0.7195723038625333,0.8105791525862506,0.8421979969599934,0.8471633769609913,0.821266718401464,0.8715073418842685,0.642961291617238,0.882903522808778,0.8244549284277026,0.8117746928786574,0.7770918257128984,0.8484211925165748,0.8957640519322829,0.9043466076137742,0.8584721734945324,0.7945913284828681,0.8135020209281886,0.7624463408590648,0.9081100314950776,0.8877524644771759,0.8981811438475642
0.8952152841107197,0.0,0.8911229186163501,0.8259797146406955,0.7423659076849393,0.9125166271774988,0.8546420344946332,0.9065280647491817,0.8502064307536841,0.913775763557823,0.8249064655739768,0.890332361955753,0.9160710876405778,0.808376705046498,0.8954069684856032,0.8580750921581953,0.8750377570220219,0.8463828077726794,0.8482306230843448,0.9153859703751003,0.8604300488058513,0.9176774219643401,0.8181693492476367,0.8918041248121968,0.9075590040577456,0.7406766690194592,0.7880918925203849,0.8562549682731597,0.8474795835719374,0.7943509790677239,0.9007982445230976,0.8736292119217343,0.8914692350491283,0.8454200025513937,0.885328821698584,0.8156071756017166,0.850728857628975,0.8279178144607356,0.8271966001891969,0.8837055120098188,0.8601102901722061,0.8499637770543905,0.7745060657230401,0.8140606504705571,0.9355426533684602,0.870516554693429,0.8211755008745835,0.781089089915418,0.8612794710939509,0.8269817632456755,0.8281587903921881,0.8493725687070671,0.7728493908793825,0.8658363054709913,0.7979789479996965,0.8743550334316933,0.8476550501905322,0.8345725010865188,0.8453262657446341,0.8726965820705109,0.8621877134883715,0.7024173950792395,0.7666017349030094,0.7320784519918879,0.754220475616224,0.7619851381663388,0.8546958745053408,0.8182388254112842,0.7546619439786675,0.840523444883343,0.8627101819362862,0.7682617573541968,0.7401585368879878,0.8934359702278262,0.8717175216885362,0.7711689573975812,0.7859620885695656,0.7888215822694546,0.8100549170874256,0.691314242939121,0.789925973892737,0.8627763577260645,0.8894558521186147,0.815566745469933,0.7812813320095608,0.9576607420612341,0.7711641772359583,0.7649997372917643,0.8611758019334478,0.8607829693794674,0.7905554407885128,0.8790974017051257,0.8222669785395237,0.8008544209873751,0.8222754613315053,0.8795951186726468,0.7475960082391181,0.9012884020632443,0.6585478425264041,0.9117105358286373,0.7629028726594704,0.7410776903710089,0.6822185311096902,0.8343670751819665,0.784791555474496,0.882178131965537,0.8059301030451924,0.9213941280398471,0.8741341200766177,0.9051670776349071,0.8228827692972006,0.7465107390360846,0.830602077775217,0.7569864797486231,0.7992285562661628,0.9228643483063695,0.8508923019896101,0.8014409015474987,0.8139661377745828,0.7512464714760811,0.7868947481608453,0.7138956504843288,0.8311787857385405,0.882030195468823,0.7419020825908864,0.8860811827645312,0.7723832665597883,0.8636819821992139,0.8895693454169145,0.8161752056059788,0.8546238165176405,0.813740121858609,0.7373822241549773,0.8164392806882901,0.8467526426191532,0.7491574371705605,0.8863917580550312,0.8589797833384224,0.8795515889569862,0.8586595060603993,0.7784380966291973,0.8086814904817682,0.9282739896767351,0.7555919350696562,0.8330067292987371,0.8313144158539797,0.8917764167588819,0.8433508218164703,0.9277950510355364,0.681347996057106,0.8214926119712547,0.7917846557872222,0.8261768147614252,0.8804269499713909,0.911978977301492,0.8792570381750773,0.8715093110549952,0.8855821818963995,0.7883725046082813,0.7258913253128604,0.7628678164298439,0.8177078071315047,0.9400260402669178,0.8344350161387643
0.8314161333414497,0.8911229186163501,0.0,0.7885117702257809,0.8533699114695974,0.8955816706709616,0.8032618794985491,0.8532928278379787,0.7748674727222921,0.8683275267731146,0.875661982128334,0.8634107888879202,0.8819259537424978,0.7269607549323183,0.8525117823220416,0.9197330290287904,0.9019931016728453,0.8177865257232356,0.8018935096791834,0.8255829003308365,0.9192654813853816,0.9643708952275188,0.7505087321870916,0.8691703624427856,0.8475011847680912,0.7900505044394808,0.7337996219990799,0.7860836455686789,0.8349905660108167,0.804141890760449,0.7839971259611146,0.8393355116585437,0.8284237846609154,0.7266999899543956,0.7691763979171997,0.7810023707089844,0.8289138555393748,0.8246133078232639,0.8209679660045432,0.8431858665595237,0.8397321065709697,0.8579753314359496,0.8324113991081905,0.8273785922529935,0.8336451392622944,0.8066938014914491,0.8234175679475921,0.839372149807563,0.8038174664748305,0.8267476474751261,0.8387882059745639,0.8586543313560339,0.7186800563057785,0.8587459592511352,0.7911911419811483,0.7847847966856645,0.8177872409564143,0.903692626982051,0.7798910167403489,0.7831164727821749,0.8173546812664373,0.6774324186943956,0.8222514589164917,0.6928585658327221,0.7241882454613698,0.7264114631559684,0.7664820747729869,0.852636872931345,0.8019941460103001,0.8450030404237004,0.8697737387862206,0.6757756764885032,0.7115892006354413,0.9051305958445945,0.8605135937811794,0.6639226657832021,0.8203875651298,0.8332201223876478,0.7619942416856004,0.6928367903118176,0.8119188125704353,0.8175426374662429,0.8782645491426473,0.7817886960243218,0.7590907903028165,0.8835223107540999,0.7529771279448225,0.7078466159301374,0.7420873120318157,0.7596181754966471,0.853810933997865,0.7371031212767197,0.8299539563032008,0.7193234539144361,0.7937554531073078,0.8390089545413308,0.7091050265888386,0.7876375573529351,0.6016681482253499,0.7753670130012562,0.6660930772849482,0.7795093269539478,0.651348886355148,0.7945275088623595,0.7334731001035372,0.8795582959633702,0.8086359110421916,0.8712201948743941,0.8265846381947068,0.8731220125841898,0.8083428539642519,0.7492353715909361,0.7793504795823777,0.7366055989883239,0.7425798753998407,0.880350295403334,0.7444978741494842,0.8183125283353503,0.863418123891943,0.6838236017299861,0.8263672082330521,0.7152880531881879,0.7633981763793968,0.8535431866471916,0.6641965727472224,0.8560203020140671,0.7313363189350894,0.837820896287622,0.8459142365247914,0.7896765259683394,0.7887102688342535,0.9124063105757763,0.676129132229372,0.7510389166553283,0.8260680209836138,0.739842583880337,0.8261787544354104,0.795583694757218,0.8374852342798498,0.8267494119071865,0.7198191102527768,0.7964641287262632,0.8154596877751422,0.7681542496481698,0.8358616293701902,0.7717560258991287,0.8991759072241483,0.8315954052173472,0.8859112641334048,0.6715031963140904,0.7393262006866282,0.728254108084433,0.8309799994915875,0.8740795395417282,0.8981324971808843,0.8212295591124427,0.8175377478143553,0.8873794114985355,0.6939206853408876,0.7053256917966648,0.7351016325118624,0.7095595523133995,0.8553254303612139,0.8477997153583853
0.7832127517054834,0.8259797146406955,0.7885117702257809,0.0,0.720258686182039,0.7824192784684373,0.8359822085343983,0.8029239982162202,0.6961563539405222,0.7475719039737839,0.8481001145717049,0.8028135232300935,0.8053043031880638,0.7555795404886227,0.8395952278854266,0.7721821702478637,0.8271746295440577,0.7768112616471805,0.8268479157212281,0.7732734545218236,0.8315501878730424,0.8340364332685128,0.7905463535332364,0.8337241976208635,0.7763554180737189,0.7813952148248577,0.7624538287614417,0.849096017089306,0.7723014968240586,0.6740211770900829,0.7620700442652162,0.7597242715469682,0.9176476701621125,0.8085215821306361,0.8161142930815962,0.8175998055883477,0.7614652299388002,0.7729689166815331,0.8265431109950466,0.8816158048490557,0.8637590601540235,0.7294022380065603,0.7341191782188882,0.8135696888893124,0.8313828174465324,0.7725765303365384,0.6551426748639648,0.7573115276886668,0.821242671073701,0.7903434829189356,0.8574066892128795,0.8223577677313868,0.7239117620925893,0.9173094972645026,0.8429788706210546,0.6741298174269634,0.8163779983877193,0.7977991011818351,0.8163110570675951,0.8141784557289479,0.8531488429558891,0.6405160984750824,0.7686275930212136,0.6795813212185177,0.7172007635160053,0.7232068721618528,0.8400396067855923,0.6992548284536649,0.7153004078143979,0.79037281782835,0.773028102010004,0.7108315914222555,0.7713942198346941,0.8934314485901805,0.8001694746812094,0.6608903946080434,0.8324603783064528,0.7362223252222366,0.7665480374948996,0.6371365248119217,0.6909307997260117,0.8333575989578741,0.721327535536435,0.7477805048574397,0.8141462182677188,0.8021890805876202,0.7362790067736793,0.7395643734556154,0.7343122395671532,0.7057459319031574,0.8108924030776927,0.7702321727938436,0.8020644261625355,0.7580620524775625,0.8682831844992467,0.742407929683107,0.7147723328331613,0.7548535259532678,0.6225282376101718,0.845004051986103,0.7245121387647885,0.7590693263636407,0.8154561053706989,0.7389770498799156,0.7662470038982219,0.7519808570599003,0.784050385990144,0.7770904033754477,0.7873369866511285,0.7711887871743882,0.8662306889152508,0.8093942668375163,0.8002476160374997,0.733292114985804,0.7786479361843599,0.8243078085238871,0.7327601630446063,0.7265997569506859,0.8468576429765634,0.7046295394242078,0.7575748826101608,0.7646281075148258,0.7441898101825251,0.7997311205779319,0.6744210727686243,0.8036508955832435,0.7495570911581304,0.7599333321113593,0.8329837428935704,0.7448925310271444,0.6620936539027024,0.7453242377207595,0.7282280527862246,0.8204138276321143,0.8079143697883182,0.6666578787450353,0.6895123301855459,0.8369593599519602,0.8427573196741844,0.7810661904103642,0.7828951956125055,0.7052971222138887,0.8602136682161245,0.7810026409073397,0.7741076060220332,0.7404606211337065,0.7571774711482984,0.7240523098440839,0.7309121961665095,0.6188447082852113,0.8439882042757029,0.7237266228922669,0.839399651497947,0.7229789998026055,0.8342322460327543,0.7760307261546452,0.8202841585336654,0.7777635302446066,0.8615862490857081,0.7586492508104041,0.6762259052840196,0.7201295423193054,0.7436565084914938,0.8303861137508056
0.7510094375933666,0.7423659076849393,0.8533699114695974,0.720258686182039,0.0,0.7651101916761132,0.8221659685799381,0.6983711943998473,0.7010109401069898,0.7188437259862486,0.8347721680414208,0.8088691260871447,0.759797604353772,0.6514866285541543,0.7751353738096443,0.8691999274727177,0.8300497305599083,0.7333901708186416,0.7127827296967723,0.6941280335328407,0.838761894801589,0.8403016184922693,0.7631177140578084,0.8115354332982916,0.7386989888343455,0.8208792804570141,0.7033145624445039,0.7000898002203727,0.7505618938605316,0.839803320030164,0.6945674303609759,0.749568353741694,0.7344396662762842,0.6835949933502712,0.6949693325049485,0.7067124891288139,0.7733059777098672,0.7506367167995251,0.773513273677287,0.7895950784100529,0.7590421326664284,0.8086071050477042,0.7883138923861787,0.8125203977712344,0.7031364958970803,0.7129425647936711,0.8058649279185649,0.7972556477817382,0.7871928075125544,0.7538848112045835,0.800510884528981,0.7938023170142707,0.6296472996312446,0.7467839970772009,0.7369912514761932,0.7074984701257774,0.7491501656442848,0.8853209643972982,0.659766343304988,0.7077569989246647,0.6538674886664948,0.6396748599086608,0.7397070710765987,0.6374581283499181,0.6408042088473829,0.6160819209819974,0.6636090434374928,0.7950029174412895,0.7160744564122927,0.7305566755990882,0.7839515446524776,0.6256422155061535,0.636844718309253,0.8038065537304141,0.7174486951583644,0.6008458489979882,0.7996307229940545,0.9126404635063153,0.6667851843823381,0.7134913992731751,0.6995329023221856,0.7264830878550599,0.8310517248209947,0.6527847905416686,0.7160647190775573,0.7514204444180532,0.657702563370175,0.6584692942247257,0.6467461810851951,0.6857932742034714,0.9173843850178384,0.6762418074202226,0.8093860626508715,0.6424710448781368,0.7229852846471793,0.7523788237221734,0.5781634069387488,0.6773537927880251,0.6117776274420746,0.6651434540635329,0.6184717348561464,0.6897922535908357,0.6432634979811556,0.6833299083715517,0.6477313243178794,0.8040205596676645,0.6902583042269301,0.7641489800704616,0.7518936960150205,0.7734700477838671,0.7819881085038288,0.7709694904797503,0.6654693365570779,0.6873918747866113,0.6718122963926104,0.820070278485794,0.6467675442762763,0.7796102125925147,0.7617565717566612,0.6535453064846808,0.8896930535627329,0.6644105358882226,0.6883650631224816,0.8172805821964231,0.6127909315614936,0.7576264416096704,0.6729626761390975,0.7955252639527564,0.7128002160815139,0.7020024506566581,0.7020941815791417,0.813673766386876,0.6209457979924495,0.703166885361832,0.684143280169408,0.6689627952066697,0.7601982169861123,0.7695963409426996,0.7192981038267037,0.7784644066479163,0.6098724848322614,0.7466995886112736,0.7252785550789107,0.6804786760390253,0.7939690700252102,0.7588025589961841,0.8421367293856353,0.7382670681787797,0.7319835362706469,0.6410555454935797,0.6704869646512572,0.6454054415275,0.767197492180538,0.7988510171042741,0.7994639205289983,0.7011086097427823,0.7391082242496996,0.837338880290967,0.6447893487773447,0.7272315020419364,0.6195232855306729,0.6536051680853598,0.7315350640606771,0.856938639134822
0.9067829466091483,0.9125166271774988,0.8955816706709616,0.7824192784684373,0.7651101916761132,0.0,0.7893314020886765,0.8771853204653083,0.8212350350330759,0.8434972640177207,0.8409712405601416,0.8761492946737404,0.9112575304533619,0.7497982330459363,0.8232172433724858,0.9000582389018983,0.888588932598386,0.8040422167282544,0.861075535997769,0.8914377615268277,0.902953377528209,0.8806956637718765,0.7258439473511985,0.8398784584788215,0.8927661206522784,0.7634392628059101,0.6862101445543747,0.8164214332452551,0.8028584315756631,0.8058044997214782,0.8673951161297012,0.919568861029,0.8306972499729055,0.8159938606346195,0.841400153166959,0.7852293252169459,0.8718895354472026,0.8258876835803881,0.8134544910367287,0.7939767823510024,0.8122856169072958,0.8582236075804275,0.830010240845887,0.8747197890448981,0.8617788234974257,0.8355946142631897,0.8339706325719858,0.8502356589640285,0.8067908706350323,0.8272618098736584,0.8602873130136403,0.909680023040349,0.7570420527909612,0.855128176142412,0.7942853927760004,0.8649815659966943,0.864467721724488,0.8886009125531713,0.7680157450510025,0.8152285377303086,0.8721485720848711,0.7474679040926272,0.8555038240468891,0.6844966897474934,0.7666212974722867,0.799709599128153,0.7974187751310082,0.8560001211252147,0.7356906294837898,0.8509019686497058,0.9105684111969542,0.7203039273485063,0.7753169967825969,0.885019357691693,0.8877620037280093,0.7757088537510717,0.8024726222918781,0.7883012014955451,0.8164450223430824,0.7879089255760211,0.8835144784332178,0.8584323496964932,0.8807335197037665,0.8395650419604244,0.8382908886359488,0.9050456958657075,0.8485070733645672,0.7524755967122781,0.8293345735071196,0.804408994926518,0.8160287820674483,0.8343203341484787,0.8170619892908995,0.8178422923658643,0.8068723917781808,0.8678244968663593,0.7739358317524153,0.8833077319483128,0.6631452241187104,0.8500787120338619,0.7307239729729511,0.783618576205796,0.7017157292485864,0.7919507343343841,0.806579638261793,0.8908284964004521,0.8336191923863151,0.8752302083748283,0.8099479481118214,0.8994518550748827,0.8489808909883523,0.7629813591826594,0.897908835693465,0.7398183230078437,0.8010783617320181,0.8874630023190314,0.8645678986065283,0.7861124095457708,0.8705386532202753,0.736292647872483,0.7926607878838404,0.7478960208457428,0.8817355260993002,0.8978436659366812,0.7683878593200016,0.8726749688624791,0.7850548149071381,0.8370677875360135,0.8735694294212215,0.7561152448062003,0.8258848702615217,0.908415589097375,0.7477639151441113,0.8255285391776738,0.838481929403394,0.7750313275418987,0.8792930595542189,0.7738864219973841,0.7560129291948681,0.8360934094175866,0.7589478580062362,0.8501105684143335,0.8615937619386361,0.7570195705340655,0.8537436141195114,0.8173931527556026,0.8921474213751915,0.8293245416816951,0.8953067205215257,0.6953411259460249,0.8399215247026371,0.7910727752697415,0.7838937611020035,0.7875163462984933,0.9129407757189187,0.8599478107464508,0.835815634914643,0.9028539653548407,0.7252526768213982,0.7761316089599156,0.7393083009509961,0.8488998355564312,0.9097769694210505,0.8521074269101044
0.8176446494700361,0.8546420344946332,0.8032618794985491,0.8359822085343983,0.8221659685799381,0.7893314020886765,0.0,0.7866141444215334,0.7450543049625143,0.8387554160485927,0.827683037412018,0.8912175196981363,0.8349760485597043,0.7007597666005937,0.9013865797034621,0.8245869257662297,0.8056117013488473,0.7880256487078621,0.7924624683177749,0.7635289431180875,0.811779130173185,0.8387065430455032,0.9303778859772208,0.9144897354455876,0.8704795800508686,0.8029685365492684,0.8010983797678397,0.7996335847721369,0.7981942152091663,0.8166428884989809,0.8346331587848798,0.8044483822972165,0.8480678513881444,0.8581974893232935,0.781580404167107,0.721377696215274,0.8634287802703284,0.7205871172679648,0.8251894635410072,0.9037750503382975,0.7886941847042022,0.7982488109371741,0.7761179200377919,0.8253151305804198,0.8454630266372753,0.8145468285302725,0.784573161713301,0.7840079644354052,0.941334288710441,0.729675703131392,0.8307929783726247,0.774269658757534,0.65638364378678,0.8041823675578347,0.7997440410407883,0.7813420294359144,0.7807575700375435,0.8172374655277286,0.7704073503680007,0.7827841989188966,0.739589862838835,0.6141169021205477,0.6878466647731365,0.6237388950562998,0.667970370990223,0.6664503675742536,0.8131183681140228,0.812890092976683,0.6865027637120859,0.7832179385942785,0.7901937804186728,0.691899753686734,0.6452401878866558,0.8595225992052432,0.7175454664248633,0.7206515603441632,0.8453842894171948,0.8888665294361497,0.7315531825986257,0.7026039417049966,0.6846876273377591,0.7783472607225562,0.8747512528784108,0.6762425236552218,0.7119494807277763,0.810298816490725,0.7110121016122098,0.7403009473585829,0.7807287781987808,0.7984101810456842,0.8207062552099526,0.8093580500069792,0.8082539759527939,0.7219488938600036,0.7383835145830273,0.8466953098939769,0.6001281221158006,0.7804911268071851,0.5894737261552697,0.8213976953816974,0.7193258242433225,0.7387304277448163,0.7351182842576744,0.789645967192704,0.6626819951907522,0.8216328088802672,0.7167718554843316,0.841459092563486,0.8416336926425757,0.8650059592160593,0.8682392673670771,0.7218896342559107,0.7278158837879131,0.6979936913332354,0.717905542131568,0.861088706472477,0.7408017442691401,0.834886674383547,0.7500204908280101,0.6691278291095034,0.7869521182358538,0.6831205485136708,0.7209570435478815,0.9062109918709674,0.6382046666426351,0.8627779023300136,0.6639463856339494,0.8521922546397133,0.7654972640154585,0.7542033774755927,0.7335709579061145,0.7098679421264824,0.6939027286227062,0.7137822983707541,0.7460989571087011,0.6643548317000721,0.8341070414572479,0.869793342136183,0.8367647074479229,0.8629464040003572,0.7148924034381631,0.7131014728225766,0.8373110022403418,0.6442403450377747,0.8216219129093341,0.8553107425758311,0.823430859968722,0.8032746615216129,0.8019483771783605,0.5776116272974451,0.7888613034813753,0.7096959861689192,0.7675252741163556,0.861908807717368,0.8947961400996327,0.825924704471702,0.8663547253827621,0.9026256937923391,0.7890247938991389,0.7721170558060837,0.6821031598330599,0.7276830914704048,0.8151813293667551,0.8448988381652005
0.869620930540895,0.9065280647491817,0.8532928278379787,0.8029239982162202,0.6983711943998473,0.8771853204653083,0.7866141444215334,0.0,0.8859396749901142,0.8667011805317563,0.7895666451604098,0.8663172272971627,0.8935687708694908,0.7529340615028675,0.8652775028832043,0.8363134885592838,0.8145413258045042,0.8290848879226158,0.8191029641658157,0.8757650183671817,0.8066716330340663,0.8701436246717049,0.7842547309574086,0.8073725756415897,0.8865817947268565,0.7256464341783884,0.80117187823137,0.827947071571176,0.7489428174468378,0.8031574439809933,0.9205198534473779,0.8530688100361808,0.8499669909486572,0.8164103941300985,0.8213120483179277,0.7829635964685872,0.8472930882649982,0.8225811695913957,0.8044520425524745,0.799854315315299,0.7846214770071923,0.8190203629010407,0.7974772375170021,0.7451656809543257,0.9476866611250496,0.856920578751506,0.773628095133172,0.7362898844623719,0.8045662705588628,0.7994268324731243,0.8023508820144669,0.7904760251465508,0.7182373703995136,0.8076995122152718,0.7652505577279408,0.838405644746045,0.8095780657182212,0.853404419462469,0.7738106118705643,0.8335286139921209,0.8710657641799566,0.7033169022461137,0.7664605254068992,0.6810934250418944,0.7201338483042601,0.750865380729199,0.8339372133660884,0.8118005555881437,0.7756090996264963,0.9264252469926787,0.8521268479436357,0.7163751463427427,0.718828255750819,0.8665487194641281,0.8638208973115743,0.7371322731674892,0.7876241773472017,0.7330371717216008,0.8337846791217923,0.629774135299649,0.7318599196842677,0.8735792832794723,0.8575160336119789,0.8094640412938331,0.7551121830551004,0.9402023364270273,0.8508566619227401,0.7942370780857776,0.8746845539000428,0.856202213593962,0.7808883736427505,0.8531181365055092,0.7689633223005478,0.7469524190502135,0.7623870913923674,0.8562100691326262,0.7552022673892641,0.8621133615159284,0.6205565002920342,0.8799269518282165,0.7143961425633577,0.8357051897515022,0.7161937182060976,0.823487509389898,0.7967579193543033,0.8705560373109525,0.7965281013233978,0.8760262479646109,0.8092652122407714,0.8180596936795088,0.766066929100789,0.7291570051279493,0.80107684363102,0.7941432266499652,0.7723424144765412,0.8727396238476726,0.7924605481565702,0.7779405685091673,0.7356326508100429,0.7456491004240381,0.7202505850276426,0.8271411807325056,0.7477250276146858,0.8291245817834694,0.6760935465839957,0.8410620121346607,0.7498767416632268,0.8727344706108796,0.8096411338359715,0.78528357041683,0.8587859523672369,0.8033042173680361,0.7557733479969198,0.778055394467589,0.809957340033454,0.6804799681860847,0.8412730961944364,0.789383706516836,0.8480670878851763,0.8867972625263875,0.7606288490592549,0.7582511893183718,0.873043598616904,0.7467559740314484,0.7757831822988486,0.8401599043392463,0.8781561806603609,0.8035112785238473,0.8868652494713501,0.64318652475658,0.8410410119838464,0.7325598953573271,0.7938830000302969,0.8368827309711977,0.8893476647359596,0.9019795568226522,0.8214441793643619,0.8539991946858076,0.7213129679563206,0.7004129638745434,0.7074341668280691,0.7548734701723094,0.9303815887453049,0.7856498277267793
0.885707624429913,0.8502064307536841,0.7748674727222921,0.6961563539405222,0.7010109401069898,0.8212350350330759,0.7450543049625143,0.8859396749901142,0.0,0.8016503865452951,0.7376360302232162,0.8041016392249636,0.8247444847745603,0.7317467577816437,0.7719993994450581,0.7767641769953696,0.7687376923366265,0.8163175519919109,0.7529942945297434,0.8592858267338384,0.7330217231253889,0.8262024377168006,0.7751878710309404,0.743147300140378,0.8553790228108976,0.6460590559695963,0.7896164376655768,0.7937410124402561,0.6733011376215594,0.8607178301265977,0.8598606711949439,0.7876965092133201,0.7242253156491589,0.7502859476429865,0.822875451666533,0.6847867165493302,0.7987500397803993,0.7808768946304332,0.6890416697617595,0.7235345885980711,0.6769216036033738,0.9025867510700832,0.7044911618081917,0.6758739213769902,0.8283784504317121,0.7571032477170478,0.7688327282973118,0.6633656058218305,0.767327338734557,0.7317608640907345,0.7056691332990573,0.730443262533681,0.6719414921859945,0.6853524035219148,0.6456423374505814,0.8994344723174554,0.7524391988545693,0.8094477872723763,0.7091732315251502,0.7494613948590466,0.735341064667502,0.648700376588443,0.6873818504107969,0.6693387503770246,0.6772048573253526,0.6655908362835944,0.7502884364502865,0.7794681126251707,0.7556091187581195,0.8713842580823862,0.7923041493650455,0.6808466240166191,0.7244317128964726,0.7621906616213666,0.8098787308285544,0.7058230959004473,0.6814016511558,0.6912933670383601,0.7088430618590867,0.6081116671022722,0.6760438758349282,0.8410792761197589,0.8488975364400689,0.7257292358336314,0.7121732047981894,0.901537264132418,0.7971044606179354,0.7389635915962275,0.8099335665347848,0.8636430713659714,0.7736712667677401,0.8373604799959168,0.69290628449863,0.6891842590826233,0.7313347824505192,0.8043857745359245,0.6569333035257052,0.8432916666794661,0.6503755442011601,0.7847245341380398,0.650902668140999,0.6825889390125025,0.6386713427703584,0.752530148320413,0.7394669808276415,0.7933397599162914,0.6649313709566942,0.8944061029635438,0.7121980378806453,0.7773090650159948,0.6942949955064358,0.7022625965722514,0.7540650608802796,0.7990292959072209,0.6880669582561252,0.8608182520906185,0.7652764193135319,0.729283808662257,0.660287466059791,0.7817362000531128,0.7009321177822527,0.7088958904664605,0.7582119609737401,0.7570635007934059,0.7215976250242807,0.7137241245906858,0.7119791146012894,0.7783762642239184,0.6988692536841355,0.697025327277072,0.9542678470281462,0.7513295006077129,0.7093710729643259,0.7860130590466483,0.7194820608720797,0.6410549537983035,0.8267781406409408,0.7181988001968815,0.7570820042641164,0.7945418297077088,0.6643121652029811,0.7389064433683804,0.8386992990799346,0.698124669044348,0.7066082588675765,0.866406318653162,0.868203073184024,0.7025684132408117,0.8471149869931115,0.6430670505575315,0.7763551531899369,0.6829995492145332,0.7603601425126407,0.789887444122284,0.7996652073492516,0.8309057658549075,0.7760265036092266,0.7960807842522472,0.6677377076471898,0.6556528440057516,0.6351413363887306,0.7845537559081531,0.8951189829631376,0.8013872439768308
0.8334354548224062,0.913775763557823,0.8683275267731146,0.7475719039737839,0.7188437259862486,0.8434972640177207,0.8387554160485927,0.8667011805317563,0.8016503865452951,0.0,0.7979490361717672,0.8541309555150138,0.8774897859962121,0.7456039332007531,0.8484360958691749,0.8403598084134768,0.8054108159062182,0.8288015360992343,0.781960533747378,0.8223573475908738,0.7676836946850919,0.860308464435006,0.8347190538426671,0.8103064736464832,0.9426528283156979,0.6913267504670624,0.8051107031804188,0.8101134545216149,0.8720245715316799,0.8138712839700638,0.8622612866378215,0.8508648930080537,0.8093593050363687,0.7745100600335127,0.79889849175932,0.7269205565994822,0.8508682460142097,0.7769954017683381,0.7506869916636513,0.8106504714749407,0.7575739554066457,0.8092367737712841,0.7756052426556063,0.7537744583777221,0.8657055184844195,0.8039637076689669,0.7966439040656709,0.7621609002135947,0.8639831445692748,0.7261335636049798,0.7488762005296485,0.7317158694800622,0.6844924289254735,0.7618739805836987,0.7746529970302054,0.8273865368550115,0.7454739812512511,0.806940033487582,0.8050089111659142,0.7632716720996927,0.7805276542553895,0.6352882296722945,0.7008952851850835,0.6755506746094532,0.6665146402654379,0.6833325060756235,0.7697453489856133,0.8229684329448086,0.7913152997472058,0.8619902952860602,0.7728083783404898,0.7176074301777303,0.6534728227121175,0.8152340907794401,0.7994657742839747,0.758806547445492,0.7444592660469683,0.7863949251873928,0.7428327173561666,0.6596420895684264,0.7471644453238351,0.7371651488259201,0.8806999132473861,0.7710573457008139,0.671970888164523,0.859896569162964,0.7545586213373567,0.7565213871514747,0.8437248646010931,0.78775738648607,0.7473641620744024,0.7915137129431442,0.786988092175179,0.7028361380301512,0.7062722408365577,0.9057989732123145,0.6402354810591364,0.8316799903513679,0.5866189149534077,0.8082966910302419,0.7183962420411002,0.7394347180904762,0.6600301182262462,0.9041420779543708,0.6980339363326571,0.8151237478391148,0.7233465122750361,0.9180988621950918,0.8177895924265773,0.8451517627177718,0.7490391372437532,0.6470576733578712,0.7456353469611654,0.7533417355733126,0.7202454756826774,0.8281567019763252,0.8024411409159552,0.8643977447693979,0.7545855814664133,0.7034385921831273,0.6975055329368046,0.69662018620798,0.7190297040883619,0.8292293462182567,0.6636423404932869,0.8937922745024363,0.6504366545579041,0.8085165311690293,0.8243321976328779,0.7887661164007008,0.8479811305059901,0.736529345148432,0.7011151186868873,0.6761482930278337,0.7586043349208497,0.6903575486529422,0.8769171105718563,0.7928113052194268,0.8708613904382975,0.8417874751255139,0.7823233004077126,0.7603673168461966,0.795758794853612,0.6724769436629962,0.7964527001983566,0.8111043592540247,0.8016548736792233,0.843910572025142,0.9662772298878709,0.6281988195194106,0.7382689348657228,0.7853950632300091,0.73646714084539,0.8702963254710033,0.8924275810273478,0.8404245422622469,0.8225449753838555,0.8598296497248491,0.7420113201170762,0.6956506912327891,0.7764632032180131,0.7633315622851069,0.9010867152222056,0.752378030775963
0.8460997084168683,0.8249064655739768,0.875661982128334,0.8481001145717049,0.8347721680414208,0.8409712405601416,0.827683037412018,0.7895666451604098,0.7376360302232162,0.7979490361717672,0.0,0.8365780554300616,0.881739111570288,0.7762439354105444,0.7978999936766112,0.9272133578214008,0.9111314574919034,0.808689495664277,0.8172378039193452,0.8300904525626189,0.872200290649393,0.9092890318948016,0.8017665881744845,0.8469858290958482,0.8480838591703395,0.815259310894504,0.7807817078482853,0.873130013919203,0.85793310810854,0.7838197899779592,0.7615431240551717,0.849928711478327,0.7951148523102136,0.7855206198396698,0.8349722831157753,0.7813974179493369,0.8683531047733968,0.8555014044393316,0.8492131815364123,0.8545585265615693,0.7760210200180514,0.8197778379497336,0.800086505103552,0.8667570650201766,0.8051515890669819,0.7387149477254041,0.6923170920709442,0.8988047025255367,0.8889207153980087,0.7969551514126988,0.846101158938963,0.8014827201945685,0.6794946850423766,0.8583127943303983,0.8789836677625028,0.7110227124006218,0.8366120786995584,0.8907881297585183,0.7926736937702666,0.776689039923783,0.8418676378997093,0.6438609335842483,0.7865325206486196,0.721981701741547,0.6879097450551455,0.7010437409279303,0.8185538140913549,0.7803839662723898,0.7994400455949953,0.8561363498526158,0.8090885658004043,0.7233717115966751,0.806431810161401,0.9051242108142548,0.8416953196219539,0.673020217193188,0.9046982552307925,0.8311015803610236,0.7179641513128621,0.7420443162511304,0.7366299938331772,0.7732494254670942,0.7924320516684972,0.7843751161971808,0.8204099039517087,0.8069725234921049,0.8233830631040571,0.7416796105340202,0.7215787661248876,0.7120113969771213,0.881054880568835,0.7018381066419089,0.8589208185369588,0.7476344299357315,0.8492228973446742,0.7890653537459579,0.6658582764275519,0.7218011908352172,0.6459057057746177,0.7599102540797907,0.758521290213422,0.7986338469334122,0.6947477779789668,0.7097043126631482,0.7444243460767489,0.7818616672335508,0.7599395755845377,0.8478609341898965,0.7512375302441731,0.8425941369437044,0.8771760564936594,0.8317572373377261,0.832040996398388,0.8311425164473415,0.7402765011563417,0.8457176945864086,0.7295593541760126,0.8695692437756671,0.8794743563253341,0.7213604929003761,0.8606237094720129,0.7159576818037203,0.8125003712211305,0.8325183043405834,0.7464336587790468,0.8367369807313094,0.712350798315364,0.7949382395317877,0.8338305698664535,0.7482860243615752,0.7212883437308197,0.8470135728849041,0.8076284796285641,0.8190373007845436,0.845392213328772,0.7093810692799142,0.7666761857069602,0.8080196734034388,0.8456511510054066,0.8085351968369129,0.7231189451206159,0.8381722620204438,0.7966455942915415,0.7821900992354189,0.8971465974783221,0.7580442804894708,0.7938741611694358,0.7373931423485542,0.8102406917016223,0.6905765266470573,0.8320134429254867,0.7236636195780626,0.870080733590897,0.7397302615925312,0.8370989594013671,0.813438260052537,0.8944253063010312,0.8250893766556331,0.7968832418713037,0.8320335510986584,0.6575376368310184,0.7721161327813609,0.7542547298797858,0.9360763468716596
0.8085403885486107,0.890332361955753,0.8634107888879202,0.8028135232300935,0.8088691260871447,0.8761492946737404,0.8912175196981363,0.8663172272971627,0.8041016392249636,0.8541309555150138,0.8365780554300616,0.0,0.8206475983217163,0.6686992077820536,0.8463412201721057,0.8602190244944034,0.8208746115644907,0.7312689742532359,0.8625816017839757,0.8039149673789503,0.8733456534269071,0.8718516278922657,0.8421403412928613,0.8802612350207049,0.9029493282971366,0.7532144026642353,0.7489739366081388,0.7875868866405988,0.7841167099221732,0.8446973184043916,0.8887331927937728,0.8470286247422417,0.8094344675862526,0.8876478368461453,0.777853514523333,0.775582659199905,0.8443615393650987,0.7404360804167095,0.8954480656972129,0.8009163044221481,0.7769814159947346,0.8661922358708253,0.7736254844453698,0.8254673685727523,0.8693297668032562,0.7805578675922559,0.7814714409366531,0.7972823108325661,0.8577158264530301,0.7541420499746617,0.8184643691728931,0.7914892536727879,0.6479855656936915,0.838762596758765,0.807621513336889,0.8281510634296841,0.7873705246136428,0.9112132589192706,0.7166132272742518,0.7798662960518514,0.780297566076906,0.638115572610954,0.7099701573169633,0.6549038019581302,0.664512172626268,0.6666538207376923,0.7828585772918812,0.780567233991779,0.6717219498755967,0.8105797476241243,0.7974266273694569,0.6438699717886267,0.6738401479663733,0.8521741547378915,0.7716104138789233,0.6751468949943078,0.8352753735320556,0.8425097004411692,0.7213660794855514,0.6742329443779952,0.69800824710106,0.8327686424031703,0.8746088917240821,0.6863712720606512,0.7493129593300899,0.8507204536472003,0.7803944101674122,0.7013342816091497,0.7662056034346006,0.839908625256655,0.8071173789414249,0.8635765491411251,0.7936830733619376,0.7093485075781093,0.7205757930788171,0.8767658776281354,0.6692213588455392,0.8678762436961398,0.6137766213490369,0.7961243907870972,0.6888721540951414,0.8007934187248336,0.7219795711105835,0.8230096829612525,0.6921765345471774,0.8278840038453135,0.7600477746040957,0.8724489651574104,0.771803339726909,0.896208283310778,0.9002693012928249,0.7469901448885367,0.745081984292093,0.7383525898819813,0.6820042418808722,0.8488332749502608,0.7414836055937638,0.8390951591326301,0.783124308111469,0.6824309585332999,0.7623810860443179,0.7065050227410542,0.7588513745643019,0.8673417806067117,0.6453489342537376,0.8595171104567452,0.7088477332890768,0.8959142388791785,0.8193505594613918,0.6874892312616734,0.7948614919114888,0.793894005059624,0.6772532715438052,0.7741556090336914,0.8141347432169325,0.6400378594395124,0.8344301451094551,0.7717914025569802,0.7916912730938135,0.8850970477584601,0.6655202414518196,0.7708823236057322,0.854814776100113,0.7284784611685614,0.8356154078477268,0.8591737110860591,0.9076750886860894,0.7659361960504658,0.871106571325364,0.6504152470840665,0.8118753057639231,0.6858156017911687,0.8102066177227908,0.8512409878893707,0.9542799392308635,0.8337900380806124,0.8181444861194974,0.9059630901322824,0.6885833445805899,0.7211844389627287,0.6242968668260844,0.7211505132972639,0.8767354217433708,0.832974240320028
