0,1,2,3,4,5,6,7,8,9,10,11,12,13,14,15,16,17,18,19,20,21,22,23,24,25,26,27,28,29,30,31,32,33,34,35,36,37,38,39,40,41,42,43,44,45,46,47,48,49,50,51,52,53,54,55,56,57,58,59,60,61,62,63,64,65,66,67,68,69,70,71,72,73,74,75,76,77,78,79,80,81,82,83,84,85,86,87,88,89,90,91,92,93,94,95,96,97,98,99,100,101,102,103,104,105,106,107,108,109,110,111,112,113,114,115,116,117,118,119,120,121,122,123,124,125,126,127,128,129,130,131,132,133,134,135,136,137,138,139,140,141,142,143,144,145,146,147,148,149,150,151,152,153,154,155,156,157,158,159,160,161,162,163
0.0,0.5922299950193535,0.6017496606616484,0.5854864147961707,0.5952893142598329,0.5634608464689022,0.559158715693207,0.49530981381486233,0.6318292990594595,0.5552222200592472,0.6862980846024397,0.6358231697216309,0.6278000961188456,0.5596780410147153,0.5653517531253064,0.625862294109159,0.6023396510146998,0.7277118151243389,0.626162241508771,0.7060895140584966,0.6462951019678426,0.6111746910843502,0.5509648883140246,0.595728411211372,0.6877906130262738,0.5741881617224066,0.5556469634021268,0.5671444591310427,0.5366042519029849,0.6086141684919033,0.6014475089709707,0.638008852625382,0.5722274323538828,0.509574519413436,0.6733937846314688,0.5862799346134132,0.6344368969752463,0.687000727950498,0.536417592533264,0.6130396653934581,0.602396463086953,0.5841959432101044,0.5887837936870107,0.676015022147286,0.5870437058670556,0.6118668077212842,0.5600811004792284,0.6500561717671284,0.682650237172548,0.6695593697026544,0.6401607831769781,0.6333063958863389,0.536443369463228,0.5846400324435761,0.6103041916246922,0.5467981547404273,0.7255642048268459,0.5925135994185,0.6188677317506605,0.5973694027491645,0.4953635317349031,0.48800051875784994,0.6198400356137718,0.5565059510703633,0.6071124309323773,0.6240958975424594,0.5865413856606405,0.5830138543060148,0.6049503395250792,0.5337738752315782,0.6462107511707935,0.6151293574893668,0.6671064097169549,0.6269494674165831,0.6004739573683775,0.6037557368058415,0.531703807368331,0.5717763869311304,0.542532818000858,0.5026215551581212,0.5677689605670164,0.5971582283098604,0.6076638767747865,0.5782269170167181,0.6417164885722267,0.69668859656208,0.5018220370196381,0.6265295409390976,0.5874980929322281,0.5731655246914884,0.6754246078246883,0.5580544455686974,0.6462131956468764,0.6596682373427124,0.6064422492229018,0.5941099810805203,0.4964067250329371,0.5631356105383976,0.5016186268686701,0.5781118699839314,0.5565452776282419,0.4366881231315012,0.5954582942382007,0.5914882406104612,0.6570656787051932,0.5797031601377942,0.5486395419744511,0.5454789387294241,0.5949527140995792,0.6001093496536205,0.6419226909735477,0.676103111565704,0.5992072277560588,0.5676931021138412,0.6310411192010443,0.6092976998209417,0.5769734009409455,0.6660298203002214,0.5818564159889008,0.528034146927744,0.6550909468746763,0.4691012568972273,0.5570956169783321,0.6321651650651794,0.5666406124485485,0.599558995112723,0.512562585011842,0.5039341688469089,0.5629727233991904,0.6430385106369325,0.5668759698868108,0.5895230651053723,0.548017813188017,0.6058764457242304,0.6172890209273163,0.5684159019711885,0.6124805406899018,0.6204303069805925,0.5987731029969441,0.6146155827385271,0.5947460755925349,0.580667019072508,0.5796151254722139,0.5873296781028331,0.6671431613970286,0.6182805827944653,0.6171513054203017,0.5173345321950995,0.6402858043025165,0.42588543749004576,0.6523976221318486,0.5621815277425802,0.6114557851683571,0.5626821714857546,0.6182549048526536,0.600619912582902,0.6425936738856186,0.5889281694385021,0.6022509047982996,0.5991673733616993,0.5134215305538641,0.6220625995130911,0.5153008563358309,0.7530649204111364
0.5922299950193535,0.0,0.5764534144979002,0.5935414133293536,0.5627907334188118,0.5914947363438585,0.6320373682506351,0.4403886168946757,0.5763823536544326,0.6177029672053695,0.5505223727089358,0.5960273575933412,0.5474410246143798,0.64013483329163,0.5264753091383224,0.5335311947931349,0.5727409543260236,0.5687018523144437,0.5641365173026482,0.5468487870191558,0.6077687938519424,0.5907856367556729,0.5134601625104608,0.5696407510134498,0.5800666994800717,0.48972337664382787,0.5187618114249013,0.505711256569449,0.6704898550072816,0.5379731039551203,0.537282886756522,0.5981878524538782,0.6118770740796731,0.470440755466634,0.5963080621448124,0.591949954670176,0.5190394787659727,0.5784964827714443,0.519166763127341,0.6493797404660446,0.6597151928458275,0.618772399973623,0.4589255899341293,0.6165866681438731,0.5041710609514141,0.5501884665621999,0.5800616814149157,0.5197855715592028,0.6004942248624711,0.5869672143991308,0.5964273030794803,0.598128200144373,0.6863367862171617,0.6229246029112411,0.5741061887544171,0.6610100223641548,0.6116561371344831,0.5157323020072535,0.651660344725326,0.6269215026981518,0.47005960543530345,0.5180016496906151,0.5055043638173417,0.5619657678006237,0.5879255801463913,0.5470610906483009,0.5887514969725429,0.5242214204096545,0.48275993458231703,0.4450878469567111,0.5670665907350669,0.6077283228128857,0.6126564410784562,0.5796154533773159,0.5639580783285821,0.6059706471325197,0.498212062580816,0.6388561689353122,0.45705939218737446,0.5624928269977,0.6277463054994543,0.5722191583428805,0.6480311260791064,0.5122447347016148,0.6062475807482037,0.6070622958262286,0.4281904356310388,0.5482255906372833,0.5557686632966342,0.6285647378332224,0.5776448733428453,0.6552108963808363,0.6476067571202222,0.6663378985109281,0.7029995219557096,0.5894329047822618,0.4974040144132333,0.5674682211083131,0.5587813779558182,0.6035497861851199,0.5849223655902565,0.3882559825895772,0.5233618316684675,0.5412969608887059,0.572424249965109,0.5132540202024293,0.5281682736453182,0.5104544212964269,0.6344704883257574,0.6245752235508362,0.6270831792301726,0.5925506551368441,0.5900073266232607,0.5589325090233997,0.5525014371094219,0.6073734434779139,0.58900170110034,0.5332117209222346,0.5854357430288443,0.5717903368455575,0.6244540926768136,0.43221280110849525,0.5307574281152108,0.6560005713380225,0.598644252618806,0.5861833178690361,0.5937845178558968,0.4799022463404609,0.5737523602706083,0.584170815980978,0.5997793772595456,0.5663359939120675,0.4931156733688385,0.6650889833960094,0.5303143564730451,0.5721752568068532,0.5193230061906646,0.5765204361708666,0.49513879434953717,0.5483220796461554,0.559465650569456,0.6418268733304101,0.7303173315189773,0.634297168479564,0.6277308983656195,0.5076046416316029,0.5960272894527863,0.5866146516693651,0.5680047805840431,0.4602027498725557,0.5114469348226655,0.6647997043864127,0.561733454896367,0.6386396740374434,0.5720252849482337,0.5186614971485284,0.5736572403432015,0.5901749435711963,0.6495507434802172,0.5965268911721806,0.5687924703943278,0.6459679918287942,0.5728773079755074,0.6152873609239092
0.6017496606616484,0.5764534144979002,0.0,0.6888123127845543,0.5259122144187957,0.6335651717138688,0.524817066053993,0.5548084362597449,0.5625283113062882,0.6131575340153166,0.6751735240012874,0.6339810730947641,0.6664252744295049,0.515285233268809,0.5170820528176757,0.6653379638507906,0.6221282397922563,0.6189477223889384,0.6047189225698275,0.5476000343014803,0.6661314136135211,0.6322667493190577,0.5089919250773374,0.5334911607439838,0.6303677997296523,0.5546697030336903,0.5798942820341038,0.5766428367595657,0.515790881534886,0.5800710636724405,0.5227208918687066,0.6494634177456138,0.5881284677901815,0.47655373532887824,0.5023192112258194,0.5476500455376954,0.5817196292561341,0.6027282791701349,0.5161652446808925,0.5927917252715187,0.5624475613798013,0.5990390805956306,0.5370400244689187,0.5464567740677316,0.5689667978973092,0.5983096060960299,0.5042351257504958,0.5561538419655343,0.56752965040539,0.5829690738540154,0.6456028944818033,0.6008012510948652,0.5190746110293866,0.6287783264816811,0.5944307502893087,0.5285137507579052,0.6266842688032552,0.6658512239730192,0.5727304534000444,0.5698839124631491,0.5654668620883111,0.48741811506714877,0.6470139974153375,0.4783505664242752,0.529986659486762,0.613531319443,0.6027576139568143,0.5689277733609429,0.5985375894167568,0.5758339792848557,0.5934799632264297,0.4973412473159991,0.6280197633043589,0.7499814814324776,0.6989104318437304,0.5124089697605304,0.616332082775088,0.559644939830347,0.5103828312625079,0.47558917922224186,0.5807835592830287,0.5781641270520625,0.5977051689122023,0.5763825312534685,0.6035569902282897,0.6331078357873173,0.5148087610948533,0.5687472691195509,0.5889452743110334,0.5570844436274502,0.6317371271877829,0.5126280971382213,0.5795092387690081,0.5664489359473567,0.5865385697392972,0.5583913294436007,0.5170171250872859,0.5268063511569657,0.4390383599686253,0.5932783363916858,0.4811352684093767,0.4770632627279237,0.5590756477117608,0.5570073034863976,0.5940740266017833,0.5797334005907788,0.624752429469641,0.5326483749723504,0.568546175154717,0.5593469077809746,0.61343492791674,0.5684016129544133,0.6133404256412156,0.6138399100046593,0.5597625354226159,0.6173161286354221,0.5255444378547713,0.5656222336783155,0.6124809139587166,0.5132005319147426,0.5237062134990657,0.5045247766077514,0.4794891168499526,0.6058352345459143,0.4609978961114999,0.5959269367389033,0.5403339577786985,0.5129296276964446,0.549843159512984,0.5597772410772036,0.5693598178815145,0.7271433470564009,0.5358704906626813,0.5397321310409345,0.5545481752048352,0.46713653059320676,0.4942791000882719,0.5038593604894901,0.5468394207872118,0.5780784719493396,0.5685088030397001,0.5422324339822393,0.5738734998628171,0.5968390297945327,0.5763317747162358,0.5210978960308955,0.5729113076050083,0.5688962162447243,0.577396393818336,0.4162711435755404,0.5524901393017665,0.5240822541596756,0.5993458582084463,0.594590541233559,0.6293242426558107,0.5803243909698682,0.6208165393746251,0.652807352448221,0.51363709675487,0.5954733542724409,0.5221092174884324,0.5082487876034792,0.519697697785421,0.5935263233286128
0.5854864147961707,0.5935414133293536,0.6888123127845543,0.0,0.5247350595739173,0.6254615522458291,0.5662559805418776,0.5633246320397277,0.5788494403598251,0.5810410144521779,0.625339137866026,0.6418414542295735,0.6346269742692217,0.5291251953894437,0.5650811117153325,0.5995733025284596,0.5658393577085731,0.5900617921052237,0.5952169518614084,0.5240876574009568,0.6556193925297438,0.6237037444826686,0.4968792876082442,0.5437945792864594,0.5944794903380135,0.5693961607388325,0.5709758324972423,0.5284506840817849,0.5082757111393896,0.547258577154212,0.5639962250832601,0.6364326596076574,0.6991447675670851,0.47574218318176176,0.5058723733622855,0.5776888667010741,0.5918593184922974,0.594985838643059,0.5732196336431644,0.6123116903039261,0.6000234026507378,0.5640661933337113,0.5328753689413154,0.5730195013905278,0.583288999031722,0.626222795689002,0.49944783269303383,0.5511155943796221,0.5660922563143927,0.5988463492362213,0.7366645178437089,0.5953025098382725,0.5481898603047579,0.7194612310878268,0.6409997248443952,0.5391854629982351,0.6368043176308782,0.6300407781692958,0.5811085285238058,0.6101376771769832,0.5966912965029642,0.5218840329696129,0.6281641397057182,0.4727902030840371,0.5647843175145097,0.6440189435501263,0.6981218753763592,0.5914362225769831,0.5374307224118097,0.5631377486698012,0.6494884027479475,0.5144951474151409,0.612150447743888,0.7931431021544151,0.6363033679584899,0.532099949206107,0.6847008007400567,0.5843978496757588,0.5158514226118374,0.4872159283071843,0.5794195858429559,0.6536129904813497,0.6239490837267584,0.5578268558941052,0.6137256163907058,0.6271509020588841,0.5217532136525265,0.6079841090950905,0.6038206950434455,0.6286039092904298,0.6286296694017038,0.5633979357883969,0.5999867089500774,0.6004913586061313,0.6317684382352452,0.5844205409640644,0.5710996826768352,0.5199388363088241,0.4552028620413086,0.6412997024019785,0.5184549225375589,0.4937049712218343,0.5931755928940362,0.5433086759393486,0.6187067991321591,0.5691502835343263,0.6472269759652013,0.48938752462383855,0.6000787984552037,0.5516738227214986,0.6508961786944323,0.5892349734465389,0.6356972994464063,0.6154824477065405,0.5736805812274085,0.5930159787017266,0.5133406481296292,0.5432660259165504,0.5653228273417155,0.5237154770246284,0.5415841580819777,0.5402901384190892,0.4646198934135485,0.6716787403429725,0.4742262311662502,0.6279396218296622,0.5762001970377275,0.5534416487124625,0.531957252355071,0.5932914730860938,0.5371909588599264,0.6899650678097387,0.5630524385054682,0.5846693404160062,0.5706351771207857,0.4848737766057917,0.4792685876738432,0.5284213225951752,0.5230218356171586,0.62511859510187,0.6129628394371558,0.5442016369523828,0.6346659346809288,0.6422291455459432,0.5989851402349191,0.515127644894202,0.6164696568562394,0.6092760851439242,0.5328472993469511,0.4038914934848579,0.5872226827887442,0.5394481104165,0.5843800396285553,0.6067040785790774,0.6275764512867767,0.6263683798342489,0.622256968573314,0.6713258401531585,0.5543501850124957,0.6307898064624059,0.5252479754014798,0.5144735671903505,0.5511969207281697,0.5963884569517812
0.5952893142598329,0.5627907334188118,0.5259122144187957,0.5247350595739173,0.0,0.4668936829186915,0.6245560848023165,0.4192394228609029,0.6051477702459781,0.524122449160847,0.5492713823513514,0.549561090953436,0.4803127615032882,0.5315445929424334,0.5811515922517277,0.4980488366771042,0.5100975879245142,0.6261055682251057,0.5338292740277392,0.5262199144012616,0.5556032468538045,0.6036249365964877,0.5280028188311443,0.5368867245542326,0.5477944178230267,0.47140320662373886,0.518571233171987,0.46184321401555894,0.5401889614101664,0.59315611030154,0.5384493847391604,0.5169940264932378,0.5355542786792128,0.4250323327737066,0.595900974468019,0.543226253731001,0.49980567792388364,0.5719794904288245,0.5158790569341788,0.5630541305246983,0.5875594101588916,0.5660053767706285,0.5019106763716219,0.5971005598134834,0.4676060496897076,0.5065186255438492,0.5501464813672717,0.5129806255369518,0.6206063067715807,0.6033196399975144,0.5720256588183201,0.5154559227316324,0.5564286089204795,0.5309500319194057,0.5408119975616599,0.5055158161188346,0.5777178245029799,0.5120072945417807,0.6149574790372812,0.5315348656903186,0.4142040197508442,0.4548694743683687,0.4920279811304921,0.542985888042578,0.6112847714006284,0.4891373065475906,0.49636451798352843,0.5238448411385016,0.5305415039794645,0.4534950689221166,0.553593806341452,0.582746066878126,0.5286061304791276,0.5242945098202814,0.4946951406331794,0.5182459452749577,0.46544111478563893,0.5817921249563759,0.4444007958653709,0.4537637287659915,0.5032256717064124,0.5744195457375102,0.5898163875771114,0.4513974649203257,0.5431821590424174,0.5427585487160008,0.413949019536413,0.5799026234009546,0.48323634259943826,0.5054551241693948,0.64975884630898,0.5682426067424746,0.6654869146331155,0.5308707388938724,0.6107817749572658,0.5453915840952571,0.4417935089484537,0.4846188827199243,0.5177851831106265,0.4816260199323775,0.5154750170679644,0.3869924545255274,0.5359697511606277,0.5526350904883875,0.5429992865368416,0.47236425144658983,0.46413086838513995,0.4702068729259634,0.558380064296392,0.5095141480660764,0.5529477419897586,0.6127294951774259,0.4794121680246914,0.5194971385096823,0.5017756670070838,0.5114413678264248,0.49953113734721627,0.6326013152729343,0.48865382570079474,0.493253323971333,0.690238362437294,0.42444809506003495,0.460458979317125,0.5677650989206025,0.5629454643696533,0.5164282304748355,0.4819233590721417,0.44703677232826006,0.4764344433707516,0.5973719316404724,0.5204105795764004,0.502487312246003,0.44700853719011596,0.5706896213248366,0.5116617872792778,0.591304071461308,0.5019492165488173,0.6013371560179369,0.5073422284020885,0.581380070106702,0.5273972700291477,0.5324394447395954,0.5823277981282395,0.5981155692093943,0.5732669380437769,0.5266635579228598,0.6058574434960594,0.49815843396019444,0.5369266286178064,0.39974657469115826,0.5140582985535002,0.5820439876245419,0.584259977878279,0.575525879250706,0.5306738991731786,0.5016383878260792,0.5048447026623257,0.502479622094855,0.582641665618051,0.5185991680025687,0.48968493031713667,0.5626195483695553,0.525003448301064,0.6527912233257813
0.5634608464689022,0.5914947363438585,0.6335651717138688,0.6254615522458291,0.4668936829186915,0.0,0.4961791000539859,0.5424707306377573,0.5614392727261656,0.5699647472832794,0.5858752337577003,0.5870518145929463,0.662300631529655,0.5449211237000506,0.47653426048498376,0.6088777078960113,0.5550984975097075,0.5204430671669793,0.5432166856008652,0.5110513031603976,0.5812125753280272,0.5505225930095933,0.4487159596036795,0.48174188812105834,0.5695117318595242,0.5236448652998443,0.5149246047882946,0.5167287760165077,0.517913386232424,0.5315475023582362,0.5312277547882214,0.6896453218403557,0.5861524944729918,0.4684615670636531,0.49253830099021895,0.5471534855743174,0.5821206251105833,0.57280603973613,0.5134543997775228,0.5298120110915584,0.5262174291280693,0.5589739249708771,0.4790029547151622,0.54190780932776,0.5455701418992582,0.5532099963382858,0.48698196883381395,0.5408974879293396,0.5095339621950709,0.5375731828803003,0.6034415531007871,0.5728860272218746,0.5252340703441957,0.611156014175462,0.5888197976041998,0.5879674662711923,0.5735003246927213,0.5997678660921055,0.5167044113643967,0.5740351275589859,0.6134900307261771,0.5566603625509127,0.5911687049886273,0.46532853102507865,0.5018598609692534,0.599475459425483,0.6437641630378539,0.5578847160393291,0.49663245451873606,0.5304435779933006,0.5923564433781134,0.49721497563587097,0.6356946032237991,0.641182274577987,0.6666799250669123,0.5449915394473138,0.6073304195377636,0.5510109892775927,0.482118083192086,0.5421893981172984,0.6157389131708002,0.55720034473151,0.5983408246895,0.6028360445376362,0.5836606852232146,0.5953863737269695,0.5376394501050018,0.5452675436126078,0.6090273085915872,0.6381785621756197,0.5530881919816201,0.5414644855221407,0.5468610108677724,0.593427898119436,0.5775627546640363,0.5786842376547972,0.5682377096792932,0.5234940498761799,0.4653246186897523,0.6235212473709204,0.5253522907857751,0.4638589182757552,0.5190081947648763,0.49338250826385294,0.5966566089387071,0.544428177897641,0.60068396798942,0.4846573334425612,0.5316997449884556,0.5472741352632811,0.5830126372617731,0.533083648953578,0.7427865705944309,0.6124127101253454,0.5516488805582879,0.5811821457193668,0.5211230030249304,0.49117628521949724,0.5693924934393615,0.5599745503714817,0.5005090974089011,0.5149053637592257,0.4837067500794399,0.6121833270028174,0.48342923111703495,0.6040461922346279,0.5950022137150851,0.5388946701927042,0.5411932943348637,0.5248379982139675,0.5816260740759776,0.7200577251793606,0.6038952819651434,0.5848704261827953,0.5259147825854558,0.4639765513348223,0.47668821142710527,0.47422191096648425,0.4641910194696044,0.5381028841867282,0.5636329326646287,0.6016340398138981,0.5790783147211763,0.5910702503377787,0.5786285305456058,0.48245713888937947,0.5603801214048252,0.5778284640372134,0.5226297681228531,0.4387296761752846,0.5381710379914065,0.5281420153867862,0.5105206958691162,0.5285287382443681,0.5665628451203911,0.5710794048244578,0.589847679342847,0.6500950382982356,0.5153957956918999,0.6475252142094053,0.506557471428414,0.5311112378182666,0.5204673569334356,0.5438440913955556
0.559158715693207,0.6320373682506351,0.524817066053993,0.5662559805418776,0.6245560848023165,0.4961791000539859,0.0,0.4150160391458963,0.5490928218928045,0.6058646192034711,0.5121101409051338,0.5484165784471944,0.4959878578407852,0.5566409543432361,0.5767344216780115,0.4850352870463715,0.5048593887203424,0.5800187991709445,0.5207618442084478,0.49492957599593934,0.5687828536853968,0.5654414968541213,0.5330313926519472,0.5662017055495387,0.5714710775315973,0.4835729736774503,0.5009289404694935,0.45506655789735456,0.5899984381521568,0.5246558140517534,0.5330415105575975,0.5398607561418348,0.5769265869955046,0.44021345518147836,0.5528395523203912,0.5319520375718663,0.5138919701497656,0.5310922978863293,0.5088901745503643,0.6353423088548757,0.606817209036585,0.5808747814112518,0.47338407404065086,0.6162094637480814,0.4725014209566486,0.5346718270675684,0.5829304993004373,0.5074250058167025,0.6462836644101906,0.5502815599611449,0.5964063072095922,0.528113693422249,0.5982666904157765,0.5629865200729214,0.5480860094848498,0.5904457175670919,0.5639621330296538,0.47999936194286585,0.7168607133238094,0.5430705594303609,0.4304487393492379,0.4744052368749511,0.4722472386170333,0.5161732969896432,0.6236661683039992,0.5196976978954524,0.5685103248465664,0.5628513662372728,0.4787343527354291,0.4370552700321447,0.5649653479713469,0.5919909651889196,0.5383939935480386,0.549874831986006,0.48178628084924774,0.5983107784122409,0.48944281142388235,0.6737093804290544,0.4417105928567443,0.5282159897110409,0.5796615301668493,0.5761912787154891,0.6543953552290891,0.45420764334809816,0.5633757110214037,0.5344664757475034,0.4127839853953502,0.5817902144160597,0.5169857941015673,0.5703916534569538,0.5777996734541018,0.6488342008067136,0.6240368506913215,0.574966798164137,0.6866147688439681,0.5911689422076686,0.45118052326170294,0.5191633909999221,0.5215585094552043,0.5401295502686863,0.5551751745957676,0.3875695763130988,0.5622018243269697,0.5683923530184138,0.5212498798384613,0.48228360961845324,0.48935448930902314,0.4763393801457166,0.6379962159177214,0.5774775471888135,0.6061668767850976,0.5853583617339234,0.5287052739984407,0.5244585413252618,0.5032997733110821,0.518513964294016,0.5378868700134671,0.5721123424292435,0.5207548387466336,0.5091233254604579,0.6128758520126814,0.42667289828199373,0.47400569573350393,0.6637256505513205,0.5759008434550513,0.557287899914903,0.5199745964797635,0.4520886658797955,0.496479145351286,0.6135669726415613,0.5221075835571646,0.5049496948572546,0.45792421237821984,0.5641272675464506,0.5052665013014243,0.6022361740714075,0.4954971060919278,0.5950756239613701,0.4878060734919044,0.5739465971678258,0.5701108118028213,0.5483085207753808,0.6700376385014187,0.5948614151204448,0.6154894873895321,0.5218048666710067,0.5698792236460121,0.5921800347001505,0.5372934614379777,0.39482948896281256,0.5007062589401929,0.662224381401136,0.514968089982366,0.6782533273477096,0.5647311355585173,0.5237458978789654,0.5319387629636811,0.5648255248098625,0.661554802841052,0.5712824604443844,0.591017513035758,0.5999189375644157,0.6215003532293538,0.5971464732570848
0.49530981381486233,0.4403886168946757,0.5548084362597449,0.5633246320397277,0.4192394228609029,0.5424707306377573,0.4150160391458963,0.0,0.49309818382240217,0.45178524094199785,0.5513903248516379,0.5417316933708402,0.5931520418384204,0.43013361117719257,0.4703838665254804,0.5830369948493367,0.4690087475226739,0.4789916986953676,0.4939681229924142,0.46917870906660886,0.49975962336478985,0.4829075539802191,0.41310109300586056,0.42927220074152544,0.4965611981819389,0.5572710700475949,0.5080347874017823,0.471029767368767,0.40655794851721944,0.4859252104680878,0.5271365716816377,0.5533608012755981,0.5355272437043519,0.4470403181977849,0.4281923561983514,0.5031547502687836,0.5743049137358983,0.5351263143744258,0.5211317862909144,0.448885944415278,0.462342988511036,0.42905526326892734,0.5547809006383487,0.4682781831808079,0.607160997501838,0.5407940340474193,0.41269964664942876,0.5204294159593242,0.4481097537361862,0.5060605518470087,0.5515207756484429,0.48445404131101094,0.4117210046015381,0.5258518133640875,0.568078124398887,0.42466570574304807,0.5089350475956517,0.6423522491965497,0.4275648154780195,0.5027383569261558,0.663489975778302,0.4877721723402119,0.6514143077700101,0.4042649468622893,0.4381169678829693,0.5553163293883302,0.5377300563951747,0.511863767151608,0.5135680067495438,0.6863701256529697,0.5493845991597809,0.42895445071612776,0.48924090393631964,0.5825156951086276,0.5682417158269093,0.4410255268856515,0.6547733629593904,0.45225307839560736,0.5445127653491236,0.402567767387,0.4517780022265245,0.5075061934173981,0.48048349416377656,0.5814838493845278,0.49052245261904703,0.5385236171438279,0.6779342112978265,0.5258282424453128,0.5484550495087833,0.5069480137775091,0.5115035819841186,0.44063283920611795,0.4788637850801327,0.47041961178890845,0.44946404558888425,0.4986119019122907,0.5566351224977033,0.4400127146260229,0.3844007458946952,0.5159005475587781,0.4469544737404688,0.6720552010337245,0.509956674252263,0.4627112764945303,0.5628834976353954,0.5411029245258876,0.5825951799840281,0.4229002279882008,0.4613382026676723,0.4317268948527078,0.4869919101409593,0.4837724711488693,0.5211299011248778,0.5258499066023429,0.5267884016227825,0.47915213607892504,0.4211332441642172,0.47274936784354504,0.4530299851271997,0.44861762566720226,0.43726100486664204,0.6649877762617462,0.3999608943429019,0.4982436020934786,0.38664592232660056,0.5518225354324445,0.46266359938909346,0.617131295526536,0.4617747591349493,0.49348016743358514,0.4515862469227666,0.5833741619282625,0.595211770827382,0.46308204417869525,0.5074043266143905,0.39581557138919005,0.43878443678972184,0.4388314430212333,0.47496994771294204,0.5412238637463077,0.5174092058014795,0.4577472604554481,0.4493431933291529,0.4914297949671892,0.4903384788604614,0.4625334794816607,0.5083848730138195,0.4728214864802496,0.46031974378368967,0.3713784999104884,0.5666092013388001,0.4165149080804719,0.47261730698879745,0.4516996904562047,0.5129345954380776,0.576523055803565,0.5003909495734503,0.53111171448426,0.4264981717041122,0.5080773258185172,0.41220954220103456,0.4161205083173147,0.42821635251336043,0.4655416531046658
0.6318292990594595,0.5763823536544326,0.5625283113062882,0.5788494403598251,0.6051477702459781,0.5614392727261656,0.5490928218928045,0.49309818382240217,0.0,0.5243021573129909,0.6139955412553942,0.5665962412757312,0.548857756969591,0.5702615057717342,0.5792233762683978,0.5408067790781677,0.502811407451132,0.5946441400634651,0.5341215164968404,0.5233650962909425,0.5476989999604146,0.6569161308480289,0.46027169436815907,0.4865658836953281,0.5511294485506822,0.4863239431566255,0.5435076898943768,0.467429036200935,0.5214732634347747,0.6231087981044484,0.6162109792221697,0.5843223803903462,0.5986007364374454,0.41964932071995253,0.571116758728693,0.5688019771200259,0.5722764475210226,0.629007572471238,0.5739815973255421,0.517344659010133,0.5473955600225564,0.565320919566879,0.5117687230138652,0.5924807168984009,0.5034282262368414,0.5151240381033034,0.4942291641602606,0.5506239960010453,0.5481932249054122,0.6066297052313442,0.6182318443679433,0.5136764335976282,0.5569491779276693,0.5802482745452506,0.6052253077373848,0.5357882372430476,0.5847618293027987,0.5855995924005101,0.5490819969181203,0.5572169267276199,0.4995640481754707,0.5242732521857236,0.5561625833055645,0.4999321401929713,0.5862875997824558,0.5293688555408246,0.5697948546089079,0.5932335971818803,0.5421749898930087,0.5379991416210032,0.6532750908804853,0.5578335036800841,0.5830110062632426,0.5704194394167689,0.5743569107861356,0.5333837725625421,0.5378403163397617,0.5612006642600752,0.45831048772685523,0.4747787152821293,0.5296113703273218,0.657355473342655,0.6510573199740364,0.5129644698968808,0.5495851588861761,0.5769448383772202,0.5011417182209466,0.6393069144417007,0.5295107557722041,0.5958922598119598,0.6567825078371938,0.5874807944515673,0.6482717670649558,0.5552627916751772,0.629861752879732,0.6171997015998426,0.5324090676927432,0.47332121891084283,0.5145845576280138,0.5142321602771102,0.567070678915196,0.44035917185803664,0.5315245678140799,0.5105314398439943,0.6270380255590016,0.48408787483738747,0.49639326001606815,0.44946550170660743,0.5225113526819852,0.4961850929871465,0.5489803092732338,0.5890281935675,0.564504885832355,0.6048884270051312,0.524893219278266,0.5221993226553675,0.48265347301035716,0.5759178635588582,0.4804197548204039,0.5494332915190024,0.609707570249731,0.5032958417926406,0.4473374709294077,0.6005964703545158,0.5689237364877431,0.5653140302073862,0.5250606822795414,0.5136321284648268,0.47230778838667176,0.5999360605384004,0.5674110657790108,0.5901008089167087,0.553806357577837,0.6818228864783027,0.546559310777,0.5551880391210572,0.48162339114390285,0.5386707895992362,0.4742124684986647,0.6181837062459528,0.604291441563091,0.589304661757738,0.5999722982183963,0.6873828087898477,0.5934556146190311,0.49733916630786373,0.7047851137295591,0.5264184278891302,0.5110845456223422,0.4064781532427528,0.5769941416537343,0.5717135064489591,0.5691714559534731,0.5262539630133609,0.529216300735187,0.5863669060994747,0.5522885999491276,0.5387329553849307,0.5858280041093449,0.5782604535714453,0.47433729841280664,0.5632963795007535,0.5264613292419623,0.6503648624656724
0.5552222200592472,0.6177029672053695,0.6131575340153166,0.5810410144521779,0.524122449160847,0.5699647472832794,0.6058646192034711,0.45178524094199785,0.5243021573129909,0.0,0.5411886017133751,0.5606232209099073,0.5728957432998844,0.5595361392389491,0.4845929142359388,0.5665263801403726,0.5839558369354865,0.5928388270846033,0.5277006426670442,0.5016329894536143,0.5842737747296555,0.5355898552858237,0.5550391907169469,0.5151721313408745,0.6533299080099345,0.510990518551235,0.5589188297987915,0.5260394569451005,0.6241695154918776,0.5683376601125514,0.4935471827402432,0.6144057075302604,0.542539240687799,0.46799626884038537,0.5061421122135932,0.5154012876604818,0.5394712798436443,0.5631384304858481,0.4610020621969808,0.6283032201945736,0.5594887226192709,0.6364049534999593,0.4754047388841258,0.545540071010802,0.49589609503166615,0.5603102675254538,0.5787311320031728,0.5046489092574028,0.616564074889988,0.5173309699463214,0.5679680612792782,0.5547427968770158,0.5439431439653534,0.5341108206298072,0.5393323819369293,0.6464403093746045,0.5586897065598033,0.5303378289010806,0.6396790808939069,0.5401133957652252,0.4633753592513741,0.4865165092961353,0.5044399053639054,0.5039902359397735,0.5163574215652948,0.5425721813228639,0.5752340553380456,0.5593179885136975,0.533197859979001,0.476968623577046,0.5315425946618385,0.5447695288982707,0.5836040839879238,0.5917585646678736,0.5579013396844781,0.6048992506286374,0.5154950885134667,0.6736409025960614,0.4670298318410889,0.5781162532227887,0.6853035928706276,0.5124953451529005,0.6519142404546358,0.5272933776313717,0.6018571793618299,0.57269831793839,0.44311812080758156,0.5553639087465809,0.6001178660787254,0.56083219597366,0.5776738563697049,0.557454796059935,0.5736341748000003,0.5556403685137111,0.6266571712387862,0.5868851640204664,0.44304619214630686,0.5697694192249393,0.48123526143103107,0.5878676583316338,0.5128066622850868,0.40609498256555526,0.5597246992573987,0.603470025404208,0.5299379196690616,0.5364069662491748,0.539661185788959,0.5656406374049294,0.622786492511043,0.5880376130970809,0.5776560470301915,0.5570245502558877,0.5860177282447611,0.6169481656834629,0.5282693858000033,0.5863430978363855,0.6000193412924064,0.5512079147746618,0.6085251578293915,0.5602255978334415,0.5256138555466996,0.45356631429193434,0.4990069224969751,0.6355843276669875,0.5044761759332578,0.5879582211031951,0.5425710447157981,0.45676061512860255,0.5582051675310423,0.5684258106883708,0.6312265727008686,0.5727777322844195,0.4961569823789548,0.5180978044518029,0.47855217508069653,0.4921149100746532,0.5104226763510155,0.516949787084305,0.5092225087522058,0.5491440122687369,0.5675614577164159,0.5801819260022905,0.5974417918008401,0.5649985384237052,0.6084781279452808,0.5236447243501285,0.512059410149663,0.6717205324116913,0.6113962598096523,0.43471048179235877,0.4833359797604155,0.6429156410795587,0.49821562201206404,0.6765064838166772,0.6273317687712774,0.5211131586224544,0.5544734955261992,0.6692233128953982,0.5603944955669742,0.6328128993820796,0.6965656714992796,0.5898254648789912,0.6424435400310431,0.553575905562935
0.6862980846024397,0.5505223727089358,0.6751735240012874,0.625339137866026,0.5492713823513514,0.5858752337577003,0.5121101409051338,0.5513903248516379,0.6139955412553942,0.5411886017133751,0.0,0.6239723230034516,0.6696670644112255,0.5230477611360814,0.5454678178866896,0.6620672844738605,0.5745996953589101,0.6406455896368033,0.5908747186643756,0.5944952734794785,0.6070732286061131,0.6585200533134727,0.4980793639759646,0.5392432655229857,0.6250029466618144,0.5611528328019192,0.5862145589318073,0.5620631239255428,0.5100168036441086,0.5971775593825172,0.5681684266113828,0.6209721077558754,0.577046124905381,0.47064616248859054,0.5553074745808401,0.5525013106446531,0.6474944289260586,0.6466028496183052,0.5478924409724893,0.560407526214417,0.542378186594816,0.5557475533777867,0.5683175471386823,0.5855097674581579,0.5823012380840016,0.5624831920832175,0.47892077005026656,0.6423534894172759,0.5824402702940816,0.5993579330527098,0.6204708647094362,0.5634469856149595,0.4895419689404603,0.6001427983475254,0.6279384414103253,0.49836192955662073,0.6312076690752669,0.6586113093270589,0.5445529019662882,0.5549384845667021,0.557270084100366,0.4719987926422318,0.6440066585560326,0.488313976604602,0.5302597470302792,0.5813743981937529,0.5927614305743951,0.578572034225036,0.620034720274887,0.6113242688839353,0.6211543556019135,0.5202213214092394,0.6234815679911637,0.6589063655184403,0.6447198243076323,0.5131537822950167,0.5931640845746045,0.538152942940601,0.5139320245278826,0.4632355238366275,0.5251248866861495,0.5796478574787559,0.5836061853825142,0.58543689641406,0.5699504058636694,0.6362315699231937,0.5524182918828772,0.5844126660923191,0.5565808102208855,0.5553049382675953,0.6460411752517933,0.5009997414957542,0.5951526918804585,0.5656994082956543,0.5602165805120247,0.5775655984001076,0.5094582036018528,0.49719282326540704,0.44745355037201046,0.5445007244415683,0.5144776672213908,0.47774662159648906,0.5427423159720682,0.5353584292118847,0.6132472995680723,0.5468441309972151,0.5473830661904334,0.5068708275788276,0.5293203024264419,0.5432283793966788,0.5952889639959565,0.580893295410704,0.5946063784858604,0.5886878484949079,0.5673408128921753,0.5796768228151815,0.4981109012688951,0.617201957717169,0.5508621884315864,0.5059124556303224,0.5608654917325884,0.5010924662012233,0.48319282259179014,0.5859209712362186,0.4915146845385077,0.598385104979608,0.4918838246422909,0.5267916631195234,0.5215413064814323,0.5803265547506923,0.5397031827469554,0.6311974806906201,0.5863972390966712,0.5701195941758044,0.6087509787022413,0.49083994191548186,0.5208839712655059,0.5349430631304346,0.5677331840821696,0.5888928073651097,0.5888051017364154,0.5440820011390018,0.536594604113406,0.5763674856201403,0.5992249868628629,0.5314562499719654,0.5991593791075345,0.5054726398021407,0.5649325797698873,0.4069048767224771,0.6266166397513553,0.5059819318430976,0.614673008378085,0.5275376938529185,0.5810419901943363,0.6183831193398889,0.6826440066566882,0.5840804343529785,0.5484067664013406,0.5781672696843527,0.4722514125297144,0.5231725381777207,0.48006751687015325,0.669569410188724
0.6358231697216309,0.5960273575933412,0.6339810730947641,0.6418414542295735,0.549561090953436,0.5870518145929463,0.5484165784471944,0.5417316933708402,0.5665962412757312,0.5606232209099073,0.6239723230034516,0.0,0.6009295793763473,0.5131037423123657,0.5611301499302316,0.6419372281855379,0.6002528000383798,0.5979238359159639,0.714228012419124,0.6307109046300461,0.7209235608741562,0.5733185223819109,0.5466013358582237,0.5988759786478185,0.6621332000137495,0.6021584345186459,0.5428852029386334,0.5548918629308184,0.5214620162119026,0.576158481205484,0.6228541996577652,0.6602197241394712,0.6181854298216364,0.5594574788417188,0.5734552389405523,0.6508605395537861,0.5961250487953077,0.6484726468212274,0.6031792149110083,0.6038819446130762,0.6637784225414163,0.5456071222021986,0.5970259229597041,0.6464080576647739,0.6521718847245145,0.6786854808576921,0.5520598414091797,0.6082459718229181,0.6238401524113194,0.6787344460564552,0.6924723972938841,0.6631660753360105,0.5268168411796806,0.6621309701901708,0.6720465113116745,0.5323953621964098,0.7274276330116065,0.6508899546943634,0.5744405118993215,0.652532903129278,0.5252872777179276,0.5114274391610231,0.6365311764117305,0.5341487335220322,0.5757597590245642,0.6541276331167961,0.5930776139149879,0.540643325743139,0.541456078509457,0.5286364207115459,0.621633208975842,0.5612692189335023,0.5980413911214453,0.6707949183423555,0.609146816807299,0.5615204012339812,0.5783521021360012,0.5811241194085351,0.5868886171141393,0.485467661903563,0.5594119287716076,0.6085817516103275,0.5883298843781449,0.5750317566740674,0.6711110204467668,0.7165829500015863,0.5058332976030002,0.6000474109214468,0.6189362465035101,0.5984678845154361,0.630981573861056,0.580597523168645,0.6437825888520405,0.6470200720759408,0.5756877244853512,0.5893321196472889,0.5458372702064852,0.5984352663706376,0.48196762005447985,0.6234903875198894,0.5372000663579223,0.47316577671974785,0.636839994636598,0.6251459309508798,0.6620364055174184,0.6325265203638649,0.6557615483596035,0.5328466941769885,0.6237938998535102,0.5931810084842634,0.7202829146488317,0.6756969451053427,0.5725427754709645,0.5702772191677522,0.6372408462524864,0.6006348707536675,0.564724605632042,0.6199864013278787,0.5919464110062448,0.5107699266138839,0.5961982876905514,0.5000934813258295,0.5251199905830063,0.6498004071925183,0.4931817590475007,0.6596518546862379,0.5420918009876765,0.5645517500503529,0.6153700489720222,0.603875246450108,0.5399279568766845,0.6253768428606291,0.5312607817348232,0.5842538862693349,0.6292729203252816,0.5078623777878866,0.5770057803452514,0.5840465132518442,0.5908039067124264,0.6704869812819998,0.5624676477065254,0.5644463397007335,0.5930386886787931,0.6081222902112786,0.6577127185432305,0.5956979414902844,0.6350939962017732,0.5467505730615506,0.6321573847585623,0.4360523791948548,0.6510421755103232,0.5379895439734645,0.6156528024571092,0.5964016790604859,0.703865904976339,0.5950104709825441,0.5808569777034958,0.6332463377100013,0.5340343126182902,0.5884201800705439,0.5020811655681204,0.5500439915024476,0.5296578527925843,0.6158865168650669
