0,1,2,3,4,5,6,7,8,9,10,11,12,13,14,15,16,17,18,19,20,21,22,23,24,25,26,27,28,29,30,31,32,33,34,35,36,37,38,39,40,41,42,43,44,45,46,47,48,49,50,51,52,53,54,55,56,57,58,59,60,61,62,63,64,65,66,67,68,69,70,71,72,73,74,75,76,77,78,79,80,81,82,83,84,85,86,87,88,89,90,91,92,93,94,95,96,97,98,99,100,101,102,103,104,105,106,107,108,109,110,111,112,113,114,115,116,117,118,119,120,121,122,123,124,125,126,127,128,129,130,131,132,133,134,135,136,137,138,139,140,141,142,143,144,145,146,147,148,149,150,151,152,153,154,155,156,157,158,159,160,161,162,163
0.0,0.8830200544817395,0.9078383833609992,0.8357022346061141,0.8026552198152577,0.8886222304124836,0.8062226192252827,0.8793990354216948,0.8525015315827115,0.8984535521654464,0.9560378278605555,0.8783768797460152,0.9612351617890591,0.8279242825988417,0.8284576395689385,0.895546090685905,0.9557221529787002,0.9617488077340786,0.8721133074209246,0.886525548850612,0.8827361676472322,0.8973703503173059,0.8908437228160841,0.8291509882206026,0.9282777278794212,0.8076550596389255,0.807242130533916,0.9279908076347329,0.8339626656563938,0.8314968271649533,0.8167640250945606,0.9466151580366808,0.7943602890064407,0.8158516157903858,0.9234699206612403,0.9094169818891845,0.8495429911401038,0.9315906331173063,0.7682165982802441,0.9317000763763652,0.8504560698241853,0.9446717887413234,0.8472149699363813,0.8226065946754144,0.8652034997983162,0.8507183587783546,0.7787110294519154,0.8326613630357977,0.9447953095415648,0.9197889663135452,0.8807167204078491,0.8968865154273755,0.808490907696462,0.8285062989789896,0.8934831087196428,0.8950989818837841,0.9157120935395607,0.9251622954995703,0.8454681165707615,0.8913823898750305,0.8202478778824409,0.7928687958320371,0.9371293419325533,0.8278131763009079,0.8121132203387392,0.8147050725434126,0.8060736528635715,0.7459894063191392,0.8429288409422622,0.8949639967881736,0.8573291099582449,0.829756748649834,0.9101625309276128,0.9242836365242958,0.9309615754354211,0.7874232812039558,0.8340151927225505,0.7377079627442785,0.788052502630838,0.6801481645619788,0.8417491976331135,0.8306541992853229,0.7804792331439446,0.9118166157547808,0.9447504001148206,0.9511886548842612,0.8658131469605445,0.8134826474324541,0.8829036872819811,0.7868956599954531,0.9282436969444287,0.7545083283581451,0.9145541670738,0.8426853194134938,0.8978893250632606,0.7412182175959942,0.6935920046712,0.8251910540358439,0.827461770311882,0.8563758175627996,0.7411756865260503,0.782660940038659,0.7506590429074788,0.7290219344067439,0.9275366569553516,0.8489118091335587,0.8306888073941244,0.9227892592630498,0.8497180444859256,0.84190696984645,0.8594487010521835,0.9580893816751621,0.9110616258243006,0.8117002241477443,0.9256564712239866,0.9575951182653617,0.9012211645440908,0.895017009952451,0.924107149460002,0.7971924629450986,0.846761691193239,0.7488000919809121,0.9091499576250127,0.8047097520398696,0.8604807939055026,0.788811139647709,0.8494008434241503,0.7855927131453421,0.9036121425731932,0.856230284430159,0.8670124653913367,0.8746888213588436,0.7836824228952648,0.8577142620465001,0.8151675498320441,0.7995704708145864,0.7872254431994865,0.8925180141888324,0.8775526550485515,0.8761485698806961,0.6945668538662817,0.8927357094095526,0.8362074560091451,0.8528838088904672,0.8556411850095341,0.8370855973325168,0.8496041638347773,0.7294391709455608,0.9140487314458132,0.843053309298825,0.8665297230864237,0.8213079838408307,0.8795287412547135,0.8115626911704801,0.856428312963815,0.8450506199321625,0.9133440280009353,0.8198034617378951,0.7653713070635566,0.9023492872854677,0.8053653378022168,0.8832901004865632,0.9205800303693532,0.9453292372570383
0.8830200544817395,0.0,0.8799899760018183,0.90968199128439,0.7521035524334274,0.9416001151536341,0.8218923768433478,0.849423147262871,0.8203489779166011,0.8193567343190923,0.8795644994348388,0.9163341995478825,0.8387850596778537,0.7454608433288278,0.8875551505674009,0.777022390618447,0.8755664088011526,0.797102600388699,0.9418604682706592,0.817084188973912,0.9116395569297318,0.9248024812509007,0.7432039037554339,0.867750100853327,0.8183159235065516,0.7128935576678024,0.6622281147417519,0.8383375672041985,0.7940197998697354,0.7157735238387362,0.8345374555275689,0.8572361055296374,0.8805232887003702,0.7730049229124962,0.8491371423675277,0.9164459458517017,0.7303163814458168,0.7743292478453416,0.8687172587467136,0.8965737575970731,0.9166099159279484,0.9126138409482302,0.7218471332932411,0.825796039602057,0.8060667275665696,0.8042760473251677,0.7047484048218116,0.7735588092546418,0.8056443894020685,0.8885642104482716,0.9018175236152588,0.9064983321170019,0.9327936343706095,0.9538392692045176,0.8815065956336408,0.8942057127329915,0.9057266810385722,0.8616054454600706,0.8198153596733949,0.8996821721687365,0.8983921839937842,0.7595324728236365,0.8938891105281792,0.7140809768823202,0.893942953854995,0.8272763165732832,0.8377773431824457,0.6782453020698457,0.6615049547204415,0.7640440711395954,0.8502310726936376,0.6814194624948886,0.8612161115800533,0.9157240103969548,0.9015155995178723,0.6868023370629102,0.8149718859873849,0.6885307127994023,0.7059474762547369,0.6550200815851063,0.8527991605501412,0.9396694241735712,0.7594708982784047,0.7687025040601958,0.8934233744905856,0.8935811512099997,0.7662602110567515,0.6900276221204551,0.7582581268088775,0.8832188255934761,0.8231111693924463,0.8422040969238981,0.8676090325907124,0.9100318657932884,0.9359056042756874,0.7245695995724086,0.8185907533218919,0.8081024111358944,0.7592980792641373,0.8717029817524211,0.702553863811796,0.7385106625544128,0.6994878316190472,0.6927967983951708,0.8682754902083345,0.7554024593369286,0.8516129071434352,0.7865047958927963,0.8161310975031647,0.8751895280578892,0.9207241866263005,0.8561735242546595,0.913331457046014,0.6974853246464958,0.8308882245350475,0.9038252648203203,0.8504674249830256,0.7402232724707714,0.9135072622581383,0.7061411584136196,0.7867879426814116,0.686964549470018,0.8452514038621616,0.820498204735097,0.8505854190527619,0.7786319567712712,0.8905675363679015,0.7665450637206818,0.8722931090836924,0.7120462917006698,0.75929195382174,0.8683722914653159,0.6663929239284023,0.9607211943134618,0.883493298638021,0.8130099039188161,0.6815770532677872,0.803704968627855,0.7377160622168127,0.8261676551879863,0.6971871360457571,0.802479403885614,0.9518684899082543,0.9108254149724281,0.7789071609435546,0.704974317740369,0.9047378346567788,0.7386663971739247,0.7777154502217464,0.7569976921599559,0.8626218822778938,0.8409138248900472,0.89961554093847,0.7734837519592608,0.8413806278220696,0.8259919289871548,0.8994656738385629,0.8004477884938883,0.7791890084610956,0.8012084422710632,0.7246707778494862,0.8083524465017765,0.9045589206112233,0.9068020163589353
0.9078383833609992,0.8799899760018183,0.0,0.7861356017512233,0.9220641146616293,0.9345946117133651,0.8450215705364873,0.8050271447721187,0.7673638507808773,0.8315615644482307,0.9669506373457174,0.9071847582772817,0.9425888763949807,0.7190820789567522,0.8877772952051645,0.9467144295693777,0.9507656637785009,0.8508525765865533,0.8375077906202805,0.7933077823798378,0.9494320066565262,0.9632098480058386,0.7753553057311049,0.9049933940170524,0.8181352399116922,0.8444933375491979,0.6849796299898326,0.7907199934185284,0.852521220901423,0.8702216782259733,0.7596526803455335,0.9460712393283114,0.7908473509866405,0.7312028669784646,0.7641782571475089,0.8555441848294263,0.8585785967823721,0.8436326445314203,0.8719009573098226,0.9459323685954466,0.8740019960589963,0.9394295407385307,0.8691536079276503,0.8692442765604813,0.7838678893310544,0.8624167449270471,0.8552419326902673,0.9064919873170523,0.8759454933098598,0.925141322130527,0.9436136252164103,0.9203286395868561,0.8191281313646868,0.8669346831523924,0.9051854912401761,0.886276864630818,0.919522273533187,0.95040018524289,0.7584248924735361,0.8723708252817544,0.8049640406515902,0.848422441305299,0.9607689568037161,0.7091698168496737,0.8324670872450673,0.8112128121057454,0.7715605509980088,0.8389074304675994,0.7377457144792056,0.7970388888257443,0.9464918856466494,0.6911648211477539,0.7849611608992402,0.9560862107753944,0.874089142274873,0.6889492153378323,0.9377190302204559,0.8436146751016674,0.733898211901535,0.7839195886433874,0.9322765548540021,0.8285428882861628,0.9020824986435791,0.7977492507322459,0.8730080777455352,0.8810225735826924,0.7749446432451073,0.7140487439953644,0.74192092294581,0.8219387022481986,0.9318380486973632,0.6989019338201592,0.9732851582042544,0.8415104472923653,0.8613460775996463,0.7469467833444892,0.7080712297899874,0.7203544327249436,0.7251680136175463,0.7744142932360479,0.6813380039473739,0.8139815149660451,0.657819973270674,0.650285128253329,0.8081585610720701,0.8888944621271201,0.867475866656835,0.7978980706713009,0.9057437094119843,0.9108590572606263,0.8862720055192856,0.88226582139251,0.8463520635100501,0.7093678230630651,0.8490863030183328,0.9528576319084875,0.7773754316791907,0.8962384803514298,0.8995238989654779,0.6735220617016425,0.9504663670728747,0.695056543479956,0.8237070253374895,0.9109919912848863,0.7434203492334845,0.8331703599569646,0.8387409572159865,0.8909822513199714,0.8314745045200308,0.8514679547369979,0.7678655997542402,0.9757903063972965,0.6981550633989756,0.8184028980779569,0.8188815635781709,0.9217089226309504,0.8032627227660698,0.8587464895608604,0.7533237243712486,0.9107897537973093,0.622233254171726,0.9065457373383984,0.8177609955665766,0.8146153592203588,0.8974641776059159,0.7352196547104695,0.9577228743942637,0.8775340058321912,0.8072320322135962,0.7855827921560741,0.7729751436874686,0.7621541517765058,0.8675395753106657,0.9191979748761125,0.8362419089758184,0.8425666618930581,0.9391392026023686,0.9027617374828297,0.6684409074086004,0.9146387709289074,0.7758468146794336,0.741964714320592,0.8769972623872178,0.9667224197498004
0.8357022346061141,0.90968199128439,0.7861356017512233,0.0,0.6947744692206689,0.8958440801632073,0.8486629088211531,0.8587607144350174,0.7733373853043309,0.8226558740045274,0.8152666213447464,0.8936030665464092,0.769067173935314,0.7034874930019293,0.8998613632657091,0.6990849634566021,0.7783181236783778,0.7570668820688231,0.9114622670837915,0.730078109372555,0.8281014659443378,0.8179676610153648,0.7478370716963642,0.7883926303608998,0.8475609115828256,0.708738550517246,0.6550084466715299,0.7978781388911407,0.7609329961787005,0.6588116963123215,0.9066062719592396,0.7894156933281608,0.966750208456076,0.7816665462554544,0.8601748288422713,0.9057153182247607,0.7252590121080995,0.7281480369912905,0.8010654327800582,0.8257421296624394,0.9049119347662725,0.8210336205666532,0.7113519120165883,0.8393543816444727,0.7992941948711654,0.7535401703184629,0.6629470764337498,0.7428574696928901,0.785154316552595,0.7936274773434304,0.8664611578602249,0.8698105757268658,0.8206418694190882,0.9239279159730792,0.8881384871936236,0.8391138744424906,0.8058505170358364,0.831181983051558,0.7807683126280334,0.8003170387123969,0.8575570214143877,0.7027230272255625,0.858596413641249,0.658235211058638,0.8103709325428959,0.7646940788956452,0.8133905649495542,0.6580828509938427,0.6454329710548978,0.794554089031139,0.7916718191329726,0.6600955055339399,0.8269312426385337,0.8450749671131011,0.8149692437038683,0.7101292531428225,0.745323856327197,0.6572565465702175,0.7193164144922238,0.6088873942152963,0.7967127184945529,0.9177016362523333,0.703143152432322,0.7558861659567304,0.8467361581654014,0.8333791571640611,0.8070454260583657,0.7223883799300337,0.7828717204935648,0.8056604284723364,0.8013249857860277,0.9358708131819692,0.8016677397791507,0.8100193634859706,0.8717998978124814,0.789942881253888,0.7589738396095516,0.8643702265063757,0.7300196899782757,0.8814131620321902,0.7010214725263626,0.729593628598494,0.8318496842824704,0.8089670542645767,0.8606955150559061,0.695053791295612,0.7753866127195094,0.761247025491892,0.7661923232420934,0.7840304955090942,0.9062546177924787,0.8219983071294543,0.9097502958868842,0.6670691621619766,0.826982060798459,0.8170921484064251,0.8476092281164453,0.6834972835203793,0.9048699869379927,0.7368112882959871,0.683254477118049,0.7987096399613836,0.7798586823828811,0.7837860249578414,0.7950695929661256,0.8016765016441602,0.8096453797346537,0.7103606424556107,0.8620434194541978,0.6816742126055699,0.7019066228369721,0.751718991445961,0.6376476961452481,0.9100763920690742,0.8044678869762808,0.7022855636091903,0.6335229649187847,0.8086523684320986,0.7183772105937359,0.8011783033969716,0.8451043028457751,0.7056561377535834,0.8910030077225498,0.8609341107175996,0.740906795685501,0.7498323174239961,0.8224147881580406,0.6872917265305057,0.7553577620022233,0.6551964437460606,0.9062486616854877,0.8870168142701761,0.7844862127785686,0.6893964583104524,0.8814638632667225,0.8023499816148185,0.7799694046098538,0.7806036274379897,0.8969117889946223,0.7738838580384491,0.7564248255680244,0.8314622969971346,0.9140733331962164,0.8272992720368032
0.8026552198152577,0.7521035524334274,0.9220641146616293,0.6947744692206689,0.0,0.8545569157548395,0.8528640396500713,0.668853284503667,0.6684647268334789,0.7813314415648314,0.8915009688590727,0.8228926233759054,0.8489009376207193,0.6508171511336376,0.8196906163198392,0.9202765933328612,0.8521521219116158,0.7636273959462316,0.7037833586405414,0.6555815058450473,0.8407187780086329,0.850614385180925,0.7324425890543378,0.823472621991455,0.7474696467305908,0.8618703439183409,0.6404881631160156,0.6711195179263495,0.8827307943726642,0.9179029714365987,0.6738278781604673,0.8527410676812511,0.7342774285102694,0.6423329466031859,0.6697230686898689,0.7358838978559048,0.8627393913099002,0.7738036391215394,0.7727532861413225,0.8555076499827912,0.7972758651731879,0.8502303816985218,0.8451515549581434,0.8671390219121746,0.6614685164970328,0.7613186304604345,0.9256088749255488,0.9105488263678816,0.8226987195850863,0.7879677594622141,0.8548971816131731,0.8424812525077087,0.6877158138642571,0.7468469906087555,0.8276250237961322,0.8445597783439515,0.7794079536041519,0.9050245537981847,0.6366408271205455,0.728545699546243,0.6529289161955958,0.8112949038811457,0.866394086448728,0.6239307907060426,0.6898642065030746,0.6714460702738957,0.6424542740539761,0.9066567433118915,0.6948342129599995,0.7210643309406881,0.874989677325158,0.6358091142892561,0.6564166590323436,0.8258088721852249,0.7347317125174043,0.6622158577542299,0.8569565912947111,0.9591731034553405,0.6678172135175958,0.8907742238858287,0.916896198664377,0.693157185888124,0.9676828221195702,0.7200209434523739,0.7442308874468769,0.7559028592125935,0.6798078726993851,0.6527775092141992,0.6564516400327598,0.7134314712297184,0.921147071401174,0.6311023882691935,0.9352376742391221,0.6990717789363972,0.7347891105718348,0.7806665360349302,0.577854566365121,0.6454410040886056,0.6800164940167465,0.6535867828614853,0.6423209231864754,0.7065648752151629,0.6197342545708437,0.6338677292778573,0.6789103637022277,0.8427946016764575,0.7304535049531884,0.7265024712007825,0.8619793906219142,0.8259305954622312,0.7924249181089045,0.7751763376163754,0.7278925124684279,0.6436821266085504,0.7669517322388459,0.8673233798981362,0.6857177866381713,0.8554861701317876,0.815948443267766,0.6487560349701827,0.943269254119549,0.6721427788124722,0.7184868441770996,0.9138011051277962,0.6569236892996401,0.8387602077848632,0.7112056907627404,0.8595056111948948,0.7345149953548848,0.8250172631292839,0.7118710389809401,0.8770920082192682,0.6280642440453514,0.6975276321589089,0.6656369377597522,0.8825701181249411,0.8185036269128443,0.8325646298914451,0.6552259475280485,0.8315902670489562,0.600052928431729,0.8623814638207923,0.6842516729970622,0.6787515206119238,0.8883208379737687,0.7014763569917815,0.8869694957834782,0.9299026500510683,0.7318856559103312,0.7175583359846242,0.6500965257651903,0.7345037615702712,0.718615961322295,0.8967538743167535,0.7818538907107412,0.7186804541837796,0.8079595653877807,0.9211609629674914,0.6314446630332358,0.9061120879582858,0.792657175338506,0.6957639914210904,0.7901763122680926,0.8911507842843536
0.8886222304124836,0.9416001151536341,0.9345946117133651,0.8958440801632073,0.8545569157548395,0.0,0.8949076744473674,0.8370668649311822,0.7761297179255794,0.8422521235375738,0.9341057223776614,0.9566388574050348,0.8850322747176262,0.7057679059747192,0.95367318378713,0.8503181984344528,0.879460183956309,0.7890282761482253,0.8855546384304234,0.7511919776081363,0.9302753140303166,0.9325985850725221,0.7441270036901279,0.896632331561119,0.8421472362612139,0.8140443600227302,0.6496808043723846,0.7756628548722277,0.8684009344662695,0.790630364650275,0.86060935981974,0.8952204050067362,0.9188026438949412,0.7499837399871129,0.8016758170358441,0.891674149484136,0.8422166314433618,0.7936474358142528,0.9046203629855042,0.9132793229377011,0.9382333468925371,0.906881484267307,0.8063729490588263,0.9279737848620345,0.788455131885747,0.8227185115931825,0.7929302350994618,0.8902869007610665,0.8358309595210683,0.8654081200800041,0.9514933878609703,0.9432366300048347,0.8346802243942016,0.9390103145551597,0.9465896519688005,0.9374077602464769,0.8807509140537745,0.9391901038531152,0.7374940515879949,0.8452861272401272,0.8548868786409463,0.8150071890496263,0.9519979072038509,0.6576734434887375,0.8285070103825865,0.7951569910775597,0.8056963268436907,0.7988434517784305,0.6670827577815207,0.8021693151450869,0.9305040840701245,0.6631756040655784,0.78733796821773,0.9274503589139066,0.8537666562526678,0.7192051909028022,0.8808315513362501,0.8068533072830659,0.7327284284420096,0.7679860362574574,0.9508420582493496,0.8882366163248252,0.8798020210432086,0.7960066108304023,0.8615060286033025,0.8785604223306681,0.8115051997073878,0.6943324065988248,0.754665787707247,0.8921569647320827,0.8952381503461667,0.8106616647912646,0.9322791770000443,0.852198129187266,0.8759736609973366,0.8313850107357271,0.7445094879091011,0.7828652342473663,0.7305702197094671,0.8208549844212213,0.7381045655998584,0.7853844613331434,0.7163706196933475,0.7194960827031367,0.822359373036274,0.8132442471181776,0.8359001711475539,0.7744326077233746,0.8696373313192385,0.9051354302372924,0.9409066071681099,0.8508797392480075,0.9068323253509466,0.679430882151911,0.857850716708924,0.9220953780730781,0.8092616932834917,0.788309555819875,0.9336134620041524,0.7044953910733597,0.8519838866222361,0.7610486130537214,0.8136105866663427,0.9304767803272083,0.792665546605459,0.8933184156279181,0.8296354290963326,0.8608057306323148,0.8612021593230393,0.7804477139810395,0.7397731869867298,0.9056394059033811,0.687770446192648,0.8985595557080868,0.8324576453794862,0.8727138876202443,0.7507023768121572,0.864504074417743,0.7115978466159143,0.896606186295361,0.729197002210866,0.838686412418828,0.8620718222444123,0.8345816746182354,0.8794688704656005,0.729682647681858,0.9669808425033655,0.8583451010990172,0.7794233244965427,0.7265640950434142,0.8410516102523593,0.8550428108991583,0.8244020807892516,0.8254495490311877,0.8951658972425875,0.8648262379764386,0.9036584686797097,0.918867451511567,0.7790016106937456,0.8870709279415838,0.7928535392274615,0.8049492710651956,0.9388374561761023,0.9475165401927542
0.8062226192252827,0.8218923768433478,0.8450215705364873,0.8486629088211531,0.8528640396500713,0.8949076744473674,0.0,0.7094848466850553,0.662648396714547,0.8568643397615671,0.8282978603754573,0.8755307224531728,0.8035064076032016,0.6688887632415149,0.9207391471951025,0.7772888793059063,0.7830070528312938,0.7295475702237662,0.7666841293272145,0.644781597787751,0.8357753912758425,0.81092901502158,0.7532616967688104,0.8281711985088775,0.8218791486073647,0.8388082427560487,0.6109896448215171,0.6800945562554308,0.8605885107996551,0.7417330875074076,0.8068805472450423,0.8410628965542685,0.8937459430629557,0.7245773899399908,0.7520605574597992,0.8258330841753887,0.8427187490962512,0.698397341583053,0.7819440709009613,0.8716344016682814,0.8662671091491732,0.8226895251836691,0.7983401381463968,0.9434840458958286,0.7274833513360422,0.7664764209943866,0.8519372168723246,0.8728669993001645,0.8481251648597394,0.769095019611123,0.9042107811326023,0.8805284856346274,0.7157046467987896,0.8458786939345883,0.9085099013633711,0.9150120813854649,0.7576249907625968,0.8503593265798184,0.7209454973274187,0.7384982279878496,0.7125708340914765,0.7843430988153772,0.8543177672922695,0.6220498330540887,0.7420297252310563,0.7070252272737876,0.7508701094529439,0.8469560328701391,0.6444508588034926,0.7171439169239008,0.866839972943294,0.650832849743385,0.7156082776502889,0.8419190298789611,0.7064807110967927,0.7600575941093771,0.8184250155007103,0.8547161489712765,0.6812238235680433,0.7746186261389477,0.894636346073249,0.7886883188093315,0.8513769639430755,0.6969045317161324,0.7784612212363348,0.7511692400324672,0.7246932730133321,0.7232839977794254,0.7167596443566372,0.7667804232961348,0.8725932391424694,0.8363020826703127,0.876654269092236,0.7324200863793248,0.7926467079409816,0.8845382081590352,0.6265476006479175,0.7788007466277606,0.7240831753837267,0.785811852690717,0.7102442521269574,0.7152760369506316,0.7895015518245366,0.76361674576266,0.731643381467838,0.7697546198333619,0.7422883083171253,0.721264356887613,0.8736851847082818,0.8420180549565758,0.9017040102621283,0.7933931014640814,0.8479997126611115,0.5961083078876129,0.7936970232143115,0.815213274457819,0.7597010660688797,0.7665672612173542,0.9043215081527115,0.6852651684575203,0.786731757046225,0.7421285782095062,0.7444954694121564,0.9101764194121951,0.7061632201845239,0.8905321875749107,0.7624696461392139,0.8062578704149386,0.8096325911434565,0.7812735669111638,0.6590702030804044,0.7734871012923517,0.5842916938530548,0.7526458252093556,0.7054651510733326,0.8115219763620777,0.7208289472216378,0.888284981442761,0.6614624749198669,0.7985554316185176,0.7548638651957812,0.7766041360492788,0.7777991910416486,0.7348270523915588,0.8579360107038874,0.7968597858505002,0.8546921750278055,0.8401521989082842,0.7418406591957041,0.6269744388484657,0.747235862554719,0.8227515083577464,0.6913969620116905,0.8410414183166619,0.8671191420877907,0.7624719917307217,0.7603798985686949,0.9090248584754403,0.7977500998938326,0.8905354388605764,0.8921500761628699,0.7676022137767781,0.889185383853848,0.8351630608150897
0.8793990354216948,0.849423147262871,0.8050271447721187,0.8587607144350174,0.668853284503667,0.8370668649311822,0.7094848466850553,0.0,0.8366788765262714,0.7879661742024142,0.8424494346745004,0.8534060783712385,0.852795123325954,0.7356252374839541,0.821597644276281,0.770876306773188,0.8245740480753445,0.8305784904082345,0.8903740931139608,0.8558418248598963,0.8213447549969884,0.8212094643622658,0.7678798594464457,0.7689633138948753,0.8496296480837624,0.7228807040563304,0.7431482494749262,0.8729060070287726,0.7038674267265587,0.6983715202321673,0.9014542504131507,0.8419914404960387,0.8131168018232253,0.8116579082777007,0.855213189497089,0.9036840782068167,0.760426551809078,0.8424466523177216,0.8090565023352368,0.8126352236289637,0.8248062814091291,0.803043686889769,0.7776221192736481,0.7484172165339975,0.9067991794295122,0.8269893785293048,0.6472600822467495,0.7412264758660917,0.7954263529484566,0.8608176425220931,0.8295429072087066,0.8210332908810476,0.7922773044071486,0.8427309211365751,0.8636342090808097,0.7721611434406831,0.8661897352329107,0.8427924931686995,0.7841388619775337,0.8736434416739326,0.9182898735987468,0.7448407169649154,0.8766446673261805,0.7419625909043288,0.809041915902111,0.8395072135598964,0.8415527780187156,0.651637086785838,0.7353553531197892,0.8968511909568437,0.8029620791949514,0.738141787401967,0.8548479130452951,0.8668221684132321,0.8978264677076737,0.7178074650860798,0.7905712453301363,0.6255409688222194,0.8128088909121042,0.5836408745036715,0.7439555351401104,0.8700912386917299,0.6821089022590986,0.8773205852680354,0.8853213974788179,0.9192660944515993,0.9293955170458467,0.7732648459848331,0.883633196965555,0.8312415416396672,0.7871226152588434,0.7753896966022324,0.7965440574497451,0.8371333872004857,0.8327308208351593,0.7000667099777345,0.8016124987381384,0.8073733691169909,0.7199935322266271,0.8707710367004353,0.7381720450656758,0.8642114793362806,0.7520342248460974,0.7210406115349947,0.9351839889765469,0.7672871041469598,0.8431296538007405,0.8070349915402447,0.7598474661150756,0.7642583896146674,0.8201326012185323,0.8729893590946232,0.8707589792444453,0.7749134424618308,0.8755551195005663,0.8374139254106255,0.8315321674820246,0.762418913689329,0.8258673311782775,0.7274725668057707,0.7159008249447958,0.8154695728997172,0.8107050099738667,0.7335077590482665,0.7692225836506896,0.7557061424404857,0.8131704182125127,0.7657795818336731,0.854399627681049,0.7625992551994593,0.7646997667446431,0.8038770031795419,0.8055298344843262,0.8652456589805795,0.8659605275036797,0.7002532795635444,0.6897773059795798,0.7875985994719037,0.8349637512870354,0.8864466739319736,0.7218266934035289,0.7530980520069884,0.8318569763462339,0.8606998150557352,0.7582205873091317,0.7484692258780945,0.8056885583088544,0.6689750986066978,0.8186175282138903,0.7440712894500006,0.943772556637455,0.7567548600821664,0.848066841989404,0.7020099283037428,0.8259486911440937,0.9005634970178897,0.8429828613578368,0.7380916140838701,0.7406915540313808,0.7656066567876043,0.6843720590900436,0.7808334744701338,0.890642251001594,0.8236663608083593
0.8525015315827115,0.8203489779166011,0.7673638507808773,0.7733373853043309,0.6684647268334789,0.7761297179255794,0.662648396714547,0.8366788765262714,0.0,0.7853283336814506,0.8315402330843732,0.718402439805787,0.7977216389644318,0.8763455263816987,0.7014482719808224,0.7279619644731954,0.79380270403785,0.8627059533418641,0.770023077456962,0.7748109263276932,0.7148229891378085,0.8434504409180065,0.707708489658273,0.6494036078749595,0.7483464546852766,0.5993861217554073,0.8520397232237237,0.8544241042571087,0.7245776709326431,0.750246064731488,0.7219090432758355,0.7797058786567185,0.7137408639517823,0.6318661789476567,0.8335123952117235,0.7840054425580404,0.6714445480958482,0.8440997734527436,0.6762524822133748,0.728854784007365,0.6984459729038723,0.869361343611686,0.6389013817611353,0.6449746076072363,0.703928223182398,0.6529759158158847,0.5927524602251315,0.641054603083102,0.7278194426997433,0.7873418652317057,0.724553393551678,0.7060964569341648,0.8195817944256371,0.7351879177906157,0.7426277841838346,0.762390286260857,0.7709024396565458,0.7951572913724425,0.7703956249589982,0.7851867616479379,0.8004384931924868,0.7044766224729163,0.7682390301145992,0.756351875644488,0.7312844275115197,0.6761963173535952,0.7281292334657178,0.6141276921013596,0.8006695234060459,0.8740133379363049,0.708513718454374,0.7225412390390517,0.8741444193966726,0.7755801607063112,0.9213043971941712,0.6135286764183214,0.7042368821409615,0.5962080289121126,0.6085701693808092,0.5488750344976252,0.6724909471444311,0.7959348396799619,0.6687064260258347,0.7882528860264376,0.773849640873032,0.8074493800047243,0.7988362268083014,0.7531994118222118,0.7503023432805919,0.7166566952354001,0.7905618935062119,0.7023896073839853,0.7721163111188171,0.7240061227457458,0.8754630477990011,0.6390180294126024,0.7014105204768576,0.668348626799716,0.7953461757797606,0.7265026099912981,0.6721834536830045,0.6773352710478103,0.6229684457932343,0.6188393657163512,0.8670753465043224,0.6398106408097348,0.6837909419046198,0.7605782164500053,0.6395602626657773,0.6566736244429949,0.6925204939388662,0.7727004730858167,0.8065654077499114,0.9192172569408126,0.7250650693339267,0.8045763645762622,0.7357021158917868,0.7232831639701381,0.7330260865950763,0.8374084235370138,0.6936317800797848,0.7156589278194821,0.708782752471699,0.6436671823363417,0.8842892118668461,0.6336380820367953,0.7980578645078488,0.6443954319072547,0.7126013412751844,0.6768580285860906,0.9163027893480297,0.7716628612164973,0.8062432215836673,0.877286301524835,0.7159984899417262,0.6541846634161779,0.5949344985646531,0.6746533812906189,0.7183258746562107,0.7258325063166171,0.6679385092188691,0.7965043445975177,0.812284181659413,0.8933261606314786,0.6519209240491477,0.6460996378990299,0.7453302169227196,0.6066589518585525,0.7257235995906915,0.7890613895383211,0.7541855628019312,0.7915571112039416,0.8502114332563704,0.644812012080231,0.67334791931547,0.7291597415394077,0.7998346250883482,0.6461313608651366,0.7350400788935206,0.7417256841617864,0.6136086782526179,0.7900490912692363,0.7761959825028489,0.8137799583135307
0.8984535521654464,0.8193567343190923,0.8315615644482307,0.8226558740045274,0.7813314415648314,0.8422521235375738,0.8568643397615671,0.7879661742024142,0.7853283336814506,0.0,0.8786746052941435,0.8275046894095104,0.8662190167886029,0.81193485642696,0.8017226295757645,0.8127463815865348,0.8331755562978114,0.8756123496287517,0.7730397420548705,0.7354600040409865,0.7744229624946797,0.8091863554376274,0.8707942933361802,0.7362129083211628,0.933676798189556,0.7743215630375975,0.799473663027233,0.8156679411019256,0.9079286513353102,0.8031344413005799,0.8115938370311979,0.8772167279213225,0.8087273735430445,0.7464323883495635,0.8859572247495173,0.8506837701796242,0.8444535081098662,0.8442836687796205,0.6875411217777504,0.8405378557312683,0.7945341657036222,0.8706551764390815,0.7917458190164334,0.8237789505702207,0.774300284401062,0.7368088956322241,0.7737676795986312,0.805111627220166,0.9158170538541284,0.7831056924774474,0.8078911236316159,0.8126653164378891,0.704797536398975,0.7622388360006815,0.8814703855375418,0.8950682263411226,0.762102085132918,0.8725592454989017,0.7861149676564108,0.7560460555017415,0.7177044657651213,0.7427143143573007,0.835910228173646,0.7619395945385523,0.6941086607163313,0.6817769636595024,0.7309577404341798,0.7585090236313562,0.8213867125923006,0.8628742879198579,0.774853811607095,0.7958422244395628,0.8150395071578256,0.8151034828331098,0.8033957337065398,0.8062853177880289,0.7488309491946564,0.7578895325413647,0.7043687048487792,0.6695428862105948,0.7997316268737464,0.7432909360004154,0.7728137429941516,0.8366000907188073,0.8147394425605435,0.8237351594849346,0.8168930205652226,0.8225080287974316,0.8432525464796261,0.7056861107370045,0.8987182751869168,0.7884037570773671,0.8680767168351613,0.7039294241221191,0.8117329685905564,0.8398478435025667,0.5985362883209231,0.8164593784605818,0.8233963096361959,0.7884822403465311,0.7585560510476219,0.7021390185577864,0.7989465622025097,0.8149779228735259,0.8281187700229621,0.7509379646942189,0.7061616725991049,0.8648274127388241,0.7916618531009225,0.7608116708636481,0.8028128681808971,0.8444544077267543,0.8551671893624252,0.7659158680975556,0.8333305650484859,0.843341345700338,0.8409310266182272,0.8573972250753444,0.8859169327881051,0.8425183168856851,0.7503296080168562,0.783754116448042,0.7908615246379738,0.7718897491247002,0.8102379419721621,0.8195452552431142,0.7529926538116177,0.7276757788940912,0.8542673152356162,0.8198777103889816,0.8352579119676082,0.7529138513378009,0.7029269152696388,0.7673295531319334,0.693362003569998,0.7184762730279536,0.7371439711886609,0.8743336598288401,0.7928224982807239,0.7948546539031706,0.7849669048122516,0.8421824051096272,0.7554560080947247,0.7798261033124348,0.8246373290085869,0.8538187802639625,0.7714445329425795,0.7185509506851309,0.8849618777122384,0.7476550433157475,0.7760870682987563,0.8842207779465812,0.7368980381581749,0.7729307873645173,0.8400899251505238,0.7542176730320266,0.7746161471137343,0.8045821613546104,0.8359870510368007,0.8767054711751422,0.8879538451702821,0.8921456207416414,0.9108139438683559,0.8398779273559208
0.9560378278605555,0.8795644994348388,0.9669506373457174,0.8152666213447464,0.8915009688590727,0.9341057223776614,0.8282978603754573,0.8424494346745004,0.8315402330843732,0.8786746052941435,0.0,0.8983130088763549,0.9575377247123067,0.7716657303333656,0.8627112040598877,0.943417273600557,0.9547007669338541,0.9098567603569302,0.845882045149581,0.8094101828933148,0.9037968284567962,0.9472018709462338,0.8192728084293707,0.8495450055168113,0.8733576269337162,0.8246354099139627,0.7605428234820161,0.8484592261684123,0.890940259848051,0.9016319250581174,0.7881977930462117,0.9411006607590596,0.8062582244504433,0.7364067156952069,0.8304624938381534,0.8652357647368525,0.8743252475996195,0.9136543556713115,0.8191642038425907,0.9203704321220846,0.8636278323318698,0.9562674665909799,0.8565059270949391,0.859076501913071,0.7886874749445857,0.8234079102509934,0.812846823327995,0.8862528022262521,0.8994651461428139,0.8991250186550646,0.9042169981428896,0.9022856264719555,0.8022228074431962,0.8394645484006914,0.9100132793896557,0.8950671889903477,0.9005019687667223,0.9783385455925585,0.7591414268613347,0.8525543562971002,0.8043335522739598,0.815311621585184,0.960589917454102,0.7375311006824715,0.7880582880554129,0.7734658513486106,0.755394424598509,0.8081854756794202,0.7980743367022072,0.8823294382349982,0.8987366574789942,0.7384992897307319,0.8227883667246577,0.9255204565579527,0.9146385255765901,0.7202617801933199,0.8788444817298116,0.8144339560854355,0.7452849431327387,0.75464261073634,0.9059360006105908,0.8149071689766106,0.8779436514334794,0.8727957025437147,0.8822303973430223,0.9117363947516138,0.8345747192472525,0.7453327095264571,0.7930866758767808,0.7939978503003318,0.9615001335714807,0.7115854668462352,0.9686510945960003,0.8135440850767784,0.8710100557376953,0.7761525397011843,0.6799754330956631,0.7469136179080603,0.7665414650568474,0.775172446299504,0.7179094370605863,0.7865241526888094,0.6869051565251211,0.6950394889589718,0.8522069001495398,0.8524518328790366,0.8152854858201233,0.8557930322961367,0.8545922270574564,0.8570870747492503,0.8586137182367681,0.8979515219327378,0.8661021751556299,0.7875786088366673,0.8795259008348189,0.9666130782672392,0.8189311633585316,0.9028450393995391,0.90619067684381,0.7552032035034216,0.9078008140581258,0.7517884494454657,0.834961699941843,0.8692945623889644,0.8086755421656884,0.8364043100282273,0.8129814185028775,0.8372519369831619,0.8500772947421061,0.8496664543842514,0.8437379978109192,0.9353750867027102,0.7653731280786722,0.8492105234565874,0.7913264476369478,0.8555133796640275,0.8013888027520241,0.8696824371729461,0.7889954571856227,0.9093648863349343,0.677454155478823,0.9158258947474398,0.8048078384145093,0.8266912402521565,0.8871755181479304,0.7579758638104369,0.9171436902933143,0.8225523316426764,0.8498423651170582,0.8223438243217022,0.8054627327749323,0.8315306790648173,0.8637951110001989,0.8405388310047399,0.8513187527989025,0.8363529669155331,0.9321679451310109,0.8799278574953878,0.7297037143756329,0.9266274377725014,0.7908736379382215,0.8255789573207163,0.9007472112741128,0.9839196913199791
0.8783768797460152,0.9163341995478825,0.9071847582772817,0.8936030665464092,0.8228926233759054,0.9566388574050348,0.8755307224531728,0.8534060783712385,0.718402439805787,0.8275046894095104,0.8983130088763549,0.0,0.8624454596810626,0.653190562164294,0.9529709957233901,0.8449838874519984,0.8854889925820402,0.7831811002257091,0.9297783053756054,0.7857386744512436,0.9524674116866239,0.8720735961131583,0.8010686795271685,0.9385684236711623,0.8810599258183518,0.8512845940549201,0.6350401891473519,0.7977001323836235,0.8293309978696463,0.7615792454133338,0.8880416926858931,0.8765670692781766,0.9136097455340465,0.840511293384838,0.8094835419189605,0.9105836870687113,0.8311390370751289,0.7889514729359378,0.9069573301543209,0.932464366371141,0.9860129202270622,0.8572772222971905,0.8525204547269083,0.9383485759860491,0.8485646774630159,0.8901430096646191,0.8084681742065047,0.8906553378216016,0.8631529151506167,0.8706638589546146,0.9443478044439155,0.9778240020986233,0.7989391669470401,0.9328348016044977,0.939509692279422,0.8899847441148215,0.902782306306854,0.927100094229781,0.7344532659304197,0.8583849209720795,0.831937002367726,0.7678459186011121,0.9569296642461235,0.6686141215813163,0.8258177970294952,0.8314054370933343,0.7833008172618019,0.756547665633336,0.655208425857256,0.782467965130635,0.8988336835543792,0.6730386078376431,0.7646270585114465,0.9186728396751652,0.8303524010044981,0.7483147686199216,0.84938247622592,0.7870138897828822,0.8287018520121932,0.7468233288115221,0.9340412291457628,0.8662779953117464,0.8334662753993122,0.8122254384617025,0.897717449234087,0.9157221030330961,0.7954354592309596,0.6783551194941092,0.7947924657592587,0.8688321518109011,0.8668848976288679,0.8093459990121455,0.9051619639020798,0.8717300883890426,0.821223222070596,0.8132760328512998,0.7371526531941798,0.8546412331524471,0.6950908503737303,0.8516741678769073,0.7070500178696504,0.7980251107054799,0.7642742443423954,0.7777808928556603,0.8240166715382433,0.8631682103005297,0.8768431518637141,0.8194426548948652,0.9135651936185312,0.9277720109449997,0.9667598329985508,0.8829273766443195,0.8634834651310014,0.6451442468125005,0.912843696265592,0.922309181478006,0.8680610494637406,0.7948905984674528,0.9544839361848182,0.667142329288383,0.8333104832124003,0.7526608908554204,0.8617194836891015,0.9236065542138716,0.729872261610807,0.9120881216253335,0.796630999959474,0.8595299195719973,0.9255100642204108,0.7835543828169697,0.7056278181670516,0.8699950847360816,0.6520357699004136,0.8523437913320218,0.8563101527047432,0.8373130939540965,0.804215737471429,0.9063829767521105,0.7726916803142199,0.9377381876475097,0.721343250224974,0.7819995374993353,0.8349356714290893,0.7885961155235237,0.8906554253914211,0.775080521472273,0.9341287829172437,0.8368680478168258,0.8342512906000038,0.7261970811840505,0.8830195852469295,0.8246723733971059,0.8163025048109562,0.8265517359205095,0.9651493301267783,0.8606866113686124,0.8760234087713183,0.924481113700423,0.7555582028382372,0.8436047838173496,0.8135253863419639,0.7985800467811364,0.949746693581344,0.9172437278320246
