0,1,2,3,4,5,6,7,8,9,10,11,12,13,14,15,16,17,18,19,20,21,22,23,24,25,26,27,28,29,30,31,32,33,34,35,36,37,38,39,40,41,42,43,44,45,46,47,48,49,50,51,52,53,54,55,56,57,58,59,60,61,62,63,64,65,66,67,68,69,70,71,72,73,74,75,76,77,78,79,80,81,82,83,84,85,86,87,88,89,90,91,92,93,94,95,96,97,98,99,100,101,102,103,104,105,106,107,108,109,110,111,112,113,114,115,116,117,118,119,120,121,122,123,124,125,126,127,128,129,130,131,132,133,134,135,136,137,138,139,140,141,142,143,144,145,146,147,148,149,150,151,152,153,154,155,156,157,158,159,160,161,162,163
0.0,0.5894902755209127,0.4510716562524354,0.5647439620366422,0.3986651673082352,0.5395664321312998,0.6293626643278604,0.6058721481913227,0.6379303194357591,0.4821448606159519,0.5583427551727833,0.5079282546298124,0.6690310544408882,0.5991577687225751,0.6576270755765761,0.5143736243259354,0.5940086902813515,0.7554133585377533,0.5668160373760378,0.6555997384602125,0.5649215760788842,0.5582708797902751,0.6702197820351173,0.5395972488688786,0.6128031545951456,0.5464494144295335,0.5667651019574145,0.6209268941561351,0.4436543889061945,0.5136843855119076,0.6423094044939098,0.6161074257714865,0.586051174328103,0.6718306288058846,0.6465330546468063,0.5778219006372013,0.6656143511400358,0.6535488825565668,0.545702339760762,0.6914517390203875,0.595697300478813,0.667432560007091,0.6067070455644933,0.5511910441419128,0.6628335818394594,0.7088868090386811,0.4991657594898118,0.47923650004002405,0.7146811567950622,0.6346335862051187,0.6309408017146206,0.5620162187168505,0.6015807980703337,0.5380708980989434,0.5287681748830699,0.6588515068269528,0.6809060535505267,0.5429797232871786,0.580828838375548,0.6577091913808809,0.5784569526156855,0.5962523659538806,0.5800575675152819,0.5299366685211945,0.6315772098365992,0.6325505992433883,0.6660531332151687,0.5739975092001209,0.5875015169852853,0.672343440137672,0.7062356526398909,0.5818838251282304,0.5875984736365747,0.6467730904674981,0.6186794312587157,0.6609534168543946,0.5671592131428451,0.4678241960438497,0.691166430555238,0.47089773361887355,0.5936239694162235,0.6972350173136075,0.5353562516169074,0.6169369203671375,0.6403795053543951,0.7391943476889781,0.6736850172630139,0.6015319846171874,0.6254160557840207,0.6358982318616349,0.6153902636496248,0.6274603325900044,0.5653556888645522,0.6574115979348474,0.6483234945902208,0.5356830062463737,0.523826327767152,0.6097436486305006,0.5844041251096208,0.6519576536705315,0.5865780141375004,0.5893273161855069,0.5607278084241316,0.47734015593802187,0.623413450629966,0.5991359671934643,0.5692711883904776,0.6356257325476546,0.6623437680440774,0.5533671608206022,0.5852857519909122,0.6484752629483257,0.6719239481995092,0.5640175100372918,0.6800382065561399,0.6259547659355637,0.6660980512508018,0.5126428874562106,0.5056568288949962,0.5827098272619544,0.5492544812158034,0.5940056030331513,0.7306363881146312,0.6136442515059012,0.6083210500274984,0.5108236552074852,0.5936645029703197,0.543711584997477,0.5336181483793742,0.6484437274844489,0.5849920801295504,0.5408236563252596,0.5849360372142823,0.663450148749403,0.5651794367704999,0.5994624933330964,0.5642331770788196,0.7036231397825042,0.5935747456260756,0.6652539114645559,0.5209786173542857,0.5991850611737487,0.6800475268421987,0.570267495802711,0.632373308678908,0.6818812376653295,0.5828686774330016,0.567256969153843,0.5414714967932335,0.5088814837258014,0.6826261664146391,0.5879418594037408,0.5761372755677787,0.5108433018840274,0.6144720360230026,0.7408773392318203,0.6569906879836565,0.5315878219116432,0.5667532078866946,0.6119228839151976,0.5975193022948299,0.6623230597764728,0.5821148092330704,0.6765071679327388
0.5894902755209127,0.0,0.5252908303180874,0.5507226064456375,0.3803776020415227,0.609850135437189,0.578943686434449,0.7074824040399794,0.5506942937458759,0.6187995636909605,0.5840154381441014,0.642378475568257,0.6232478925671219,0.5233164496140329,0.6340229441335736,0.5235751783023127,0.5787566999483696,0.5701144658258999,0.6755700317729167,0.6138449445211908,0.5684347527700363,0.648565554592122,0.6011953329783958,0.5433849759712066,0.7011090219980867,0.46164764970694944,0.5430380765463763,0.6087358509801511,0.5334978742347072,0.489581551033662,0.6563094305987909,0.6394890467051383,0.6039100547744166,0.6425570167440298,0.5644711626840904,0.6146121160880217,0.5777324976735333,0.5666731770544693,0.6091340733071325,0.587828185093747,0.6012153376165554,0.6284512138827667,0.5406674930751363,0.5224746210943757,0.6941784762962716,0.5802500092366712,0.4651200944413897,0.4856895292829176,0.6196168528034395,0.56081767563473,0.5489040450081449,0.5019856910950434,0.5407797210301616,0.6165096790393279,0.5908565893807656,0.5909610657372028,0.5597680413977713,0.5700752466369935,0.5516011203387378,0.5896232059703942,0.6389127592269217,0.49702462512215856,0.5185486639783223,0.5163956214032238,0.5165325494401385,0.5254180405660284,0.5587693112518144,0.49680988400981213,0.5504263316288799,0.6324392744012929,0.5434030533379989,0.49169799872863745,0.4966106769202686,0.603712735771903,0.657969543253315,0.5286670569659451,0.5303219349963183,0.4498605750530989,0.5515670070614016,0.4121580469418173,0.5505727571223964,0.5673621828070348,0.5230218835943531,0.5733741208214607,0.5197707145066636,0.6699013227526172,0.5893592192953364,0.502693574429458,0.5655671835388598,0.5765983892422946,0.508395580283928,0.5839859707641578,0.5667691332127317,0.537635372120021,0.5225289887478394,0.6099837696661763,0.5352252404202401,0.6382060231527401,0.47964326126361984,0.5711519956224463,0.5274625642679677,0.6006857253782982,0.4860880499153179,0.5612271052920648,0.5310227391719735,0.5287430315073106,0.5696834287742215,0.6829237572814607,0.5873837864963245,0.6112516125065826,0.5943884362227447,0.5118848087404889,0.5554775118496595,0.5193704833159563,0.5301100534809169,0.5451897862909397,0.597707062304117,0.570806027025839,0.54595631385037,0.49543772757977234,0.46434939322917185,0.5113923217761405,0.5684195823669719,0.5459628343280797,0.49179557882556874,0.6027923121430221,0.5080019805145599,0.5615723532914452,0.6527021009202174,0.5462194475623712,0.5957707847266558,0.5260435525744394,0.4846159617354437,0.5433907824141435,0.6384855887802185,0.5074521829427299,0.5502003340902591,0.5615509187378018,0.6435954669243614,0.605840823789041,0.5189532292354465,0.5822600281837816,0.5949172057703034,0.563939209946646,0.5841895437864637,0.543493544863701,0.5700271564109131,0.5659952027691374,0.6833506396826565,0.541724339095506,0.5551172758124427,0.5745914555436826,0.5998449398061874,0.5565236525626605,0.6737862084955288,0.6225030572071331,0.6023435574770093,0.5223444282749238,0.49944436208823195,0.49011687215879635,0.5580876519903748,0.5305730312370571,0.505620487845264,0.526894848193129
0.4510716562524354,0.5252908303180874,0.0,0.42505235704098365,0.4782038851593045,0.6166020833282909,0.512688501306452,0.4583960668494797,0.3926354418151217,0.4958775175798299,0.6188372208507981,0.6180748494226737,0.5359957393054097,0.3957416050416072,0.5077782071781051,0.6579338214536324,0.5785079383324732,0.43586942087809133,0.49150778290702124,0.43659338768404116,0.6004902738455579,0.6475653049422457,0.4508878037154474,0.5866206666410787,0.48724708747102424,0.48467610325272026,0.4002108666289052,0.4305854009078934,0.5505849218958367,0.5217492849036598,0.43933732157311217,0.5543431989238289,0.47182063816996705,0.45155086684005724,0.4018125576066062,0.46919669915611306,0.516546986243975,0.44758150007235653,0.564492774272342,0.509583627358262,0.5127345255596691,0.5225090320302218,0.5303313837354082,0.5299333132168726,0.4622672669393847,0.4762944416154666,0.5331981535535378,0.5977181794644498,0.48693113886736167,0.4774959061248015,0.512350258623565,0.5005948366184764,0.4224283737955654,0.5426196949476001,0.5300532727495622,0.45500824871396345,0.46924636907897493,0.6208052380591402,0.4127513957134001,0.4540681849959521,0.4621653100127442,0.43896044309793997,0.5161209434577121,0.40138730245603144,0.4144892660599814,0.4277273980388744,0.41531527501557797,0.5209949279958284,0.44367657712119607,0.45358212251740954,0.4918941301116752,0.383134561987346,0.38441220727498293,0.5381947564755819,0.4872434351011819,0.40268663470486055,0.557252463308577,0.5557285618882937,0.4354358120697303,0.45425880661059215,0.5367172777447526,0.4226060370398094,0.5611896781422278,0.4454504905627984,0.4203376089717067,0.4705584695257259,0.43375414424534325,0.3917357772126462,0.4118671370720588,0.42888721516614886,0.48941443338079305,0.4070783184172342,0.5565009771320437,0.42958050505906337,0.41089113913026704,0.5157475520751834,0.40906557070226257,0.435233031080468,0.3792944960136603,0.41545535296593566,0.4053253567879253,0.5089820308210637,0.38162730390241434,0.43099113157376584,0.40167827236377124,0.5309897067275516,0.5064824223840693,0.48323689991803015,0.5214267159574866,0.6423720433011065,0.5481663850260382,0.41749237947189966,0.4318381102595795,0.3981446301635041,0.43176074502198103,0.49676329024733346,0.4299959495773803,0.5420313102542583,0.5530557825531818,0.3779723225968464,0.47848763169270453,0.40411983914985883,0.44731904977622156,0.546872355158459,0.37636531478314805,0.5969087620139727,0.4164297709513183,0.6069457179554508,0.5197605540630016,0.4478584541233664,0.4318871155017632,0.5828989648052204,0.38306029302692074,0.4065405131510239,0.4821131147172377,0.4611159449287088,0.5375468827141586,0.4589553116226126,0.4535791200945503,0.4729112277045565,0.3914210624874164,0.5143162101296118,0.42775368190632296,0.4266972175945837,0.5168834960417977,0.426168729921622,0.552536482368239,0.5637513544756422,0.5034770499687236,0.46948600622982306,0.40359462618619396,0.43349781159528866,0.48388906097636897,0.5953872530084547,0.5292827352181148,0.4524635044641673,0.5095709521757432,0.5747386858421224,0.37650710912963303,0.44882726854775384,0.45262846626441483,0.39729917645452617,0.396179071182811,0.4769964481582782
0.5647439620366422,0.5507226064456375,0.42505235704098365,0.0,0.3620288820177422,0.522574125903558,0.5663540110083175,0.5619352660021546,0.4970535680949403,0.470740632263629,0.5151231156555586,0.4985220507834372,0.521349641936491,0.5287503557878361,0.5544202811515919,0.44616113512957406,0.5295195236827872,0.5571863464039133,0.6184642900933057,0.5157205647640344,0.5213847443787896,0.49121368402101234,0.5749117387130257,0.4675870553769992,0.5610195710579751,0.4767122690057567,0.5044873773283318,0.6200665107269362,0.44368527919053047,0.4210452275655136,0.5517817202680979,0.527014029672195,0.714702572631979,0.6357052267287034,0.582954455518423,0.5952547706137048,0.506700917921006,0.545458277027696,0.5006401462372662,0.5701140252419217,0.6220595171762449,0.53644455147772,0.5002944122895628,0.5255891222523302,0.5628905603161711,0.5378812017402013,0.4179284437367795,0.4365911027371207,0.565598495081838,0.5337958209916371,0.5714017389359983,0.5419094386969555,0.5629592759725925,0.5946734703944992,0.5388366994368765,0.5103212739781356,0.5520857478155479,0.5167452878679343,0.5412709424319755,0.5557652546052461,0.5782733605286219,0.5043488178028935,0.5489795857572064,0.4858730356594655,0.5313556246175033,0.5357425759773281,0.5558914600213218,0.4488577810207774,0.5120128475908303,0.582907641300483,0.5181547142346784,0.49858694659544056,0.5696926958692718,0.5693748695456856,0.5833811028203896,0.524266804297005,0.49194675206002625,0.4172673657556824,0.577590684997301,0.41066982960616505,0.5310334869535137,0.6090535336326341,0.43903829033541797,0.5608242295712963,0.586778046103165,0.5706191460492283,0.5726192244785406,0.5240675716066899,0.5428747563815504,0.485148274559913,0.5392754334742036,0.6241653121700219,0.5161392752270302,0.5507473423476146,0.5893449786656842,0.5038702335336627,0.5130264381513506,0.6347802607833174,0.5176808066823947,0.6117451651103193,0.5095272565452331,0.5236696383488988,0.6248200568626666,0.5233437317583411,0.5850459100340029,0.47648356041501094,0.5328127835861041,0.5672415624894134,0.5390002382318754,0.4742687745514373,0.6006347905952082,0.5630981536584968,0.6183314457645991,0.5148657882982681,0.5955558997963635,0.51903932696476,0.6240353387399249,0.4487918966199519,0.5685707798547036,0.555996857621809,0.44465133909616256,0.6001603005731365,0.5777159443925189,0.5110971630373891,0.51434906941809,0.49678748452424765,0.5513841622024879,0.451053181979814,0.5754622763153072,0.5094192209644974,0.48490406338344955,0.4737438349996467,0.4893696099338565,0.6171637568635239,0.5130163240580997,0.4735791951773255,0.43720125697516143,0.561774488088252,0.531934005486629,0.5408811397443108,0.5952412105323154,0.5040887710421212,0.6123627242206806,0.573442371322013,0.525134006754242,0.5577541221061103,0.4794290277386151,0.49010161003023606,0.4976642650058185,0.4795324462172574,0.6129468819642122,0.5951614896925224,0.5275490591541202,0.43085055400320593,0.6129582127521237,0.5361334873283301,0.5030082173816273,0.47400813999650515,0.6224955147626366,0.5348221632804662,0.5512984329370346,0.5755204469198271,0.5179279905714481,0.531840642508449
0.3986651673082352,0.3803776020415227,0.4782038851593045,0.3620288820177422,0.0,0.4456189631255331,0.45993732908519136,0.3523134931115767,0.3412414068211357,0.35075928925431765,0.4753093958303971,0.4386700725880407,0.42046522480453324,0.3366826538546454,0.43841308988146366,0.5102468466677748,0.4569673511845232,0.37823270674100123,0.3777205329948348,0.35477304363222156,0.48132085963706916,0.45659311355296667,0.38314442357149137,0.5120148497078051,0.3735789343394661,0.5152961687317238,0.33461971482564484,0.3451436390227831,0.3929528680397341,0.509400766001803,0.36271197383620823,0.41498692093608786,0.39949335784509626,0.3677493207952006,0.3467822325439688,0.3755689890551276,0.4445162141830607,0.38124604562962006,0.4399003085425647,0.4385291591049352,0.43286787879594457,0.42591529241323983,0.47409814623247964,0.4982577166710695,0.3636263852713021,0.40855825101027093,0.567599102646109,0.5237282656977646,0.4080961053934291,0.4111346195538232,0.4594615097062387,0.4829513098706523,0.35973236956428417,0.41184124815839385,0.4049943826119884,0.38426342226205257,0.4101167077076019,0.5000421480097262,0.33731041622812413,0.37961820914607025,0.3500219210123158,0.3963747395946654,0.4688609084118683,0.3327620877761727,0.3685586639146893,0.3662377392900689,0.3488401074547498,0.5075636652205384,0.36332954597981393,0.36860391633259865,0.45777109043981845,0.33848184765644984,0.33152879359497006,0.4322590371993229,0.3728018400043081,0.3510203604956243,0.46529669264340845,0.6145870878643768,0.3833428712152248,0.4974664676747042,0.44650320870914906,0.37126674561330625,0.5117512961622978,0.3637102431928396,0.3703757753038226,0.38641227783359133,0.3581701656029398,0.3438316870239078,0.34274244010306104,0.36625681676621635,0.48933473778779113,0.3474709972226134,0.4622475377829578,0.37382228728961614,0.3611474744923599,0.4076692840682664,0.33032664273135054,0.35129032117999026,0.34446617059545726,0.34790905569767033,0.34730392888515854,0.3908764000530445,0.3415759472555431,0.34156698270614566,0.3469978212847814,0.47559805377872316,0.39544158793198253,0.3744828705795094,0.4445673272192016,0.4604494413809686,0.4481225809248487,0.37963726563292177,0.3642232557666342,0.3335660680202542,0.3899452893760859,0.45019813989083124,0.35588931746393715,0.4074971897542258,0.4224271686683914,0.3336343951446051,0.5126050844242298,0.35784293015294216,0.3841609504714901,0.5068500852516638,0.33680505698634533,0.4326142354085481,0.36146010856184047,0.4958712370150934,0.37728112735134345,0.39000458400282023,0.3494856032705461,0.4736011350569382,0.3355978379273423,0.3612538363508356,0.36815041000880727,0.42515964600991923,0.4669831497726314,0.42177255014496057,0.35468010238924125,0.3992109248233032,0.33058158852805863,0.4098274146718297,0.36055014870660534,0.3484097505438045,0.43113892133168996,0.38218333541295746,0.49756370477575623,0.44886764326349493,0.365843880498818,0.36564336056868396,0.352732422702963,0.35928707031255025,0.38635052919466173,0.4515397521564347,0.4140705357567464,0.37528907109076715,0.4152300648750072,0.509346873650231,0.33511337191450125,0.4183683703293651,0.37028526559585684,0.35052307488411055,0.34276332391824027,0.4649345052236865
0.5395664321312998,0.609850135437189,0.6166020833282909,0.522574125903558,0.4456189631255331,0.0,0.600592906278328,0.5342006956255954,0.45246585474033363,0.5185181082187751,0.6639877441966938,0.6769170608855626,0.6191911647057525,0.44548396182526684,0.5737229907551047,0.6149721361352652,0.6422075602403426,0.4970030668972978,0.581852346272569,0.4886111806373364,0.6546733475170954,0.6433279346959858,0.5188874810029428,0.614292731043276,0.5712374077886446,0.5322666417819336,0.44519114230297,0.5107087274132186,0.5280681565742317,0.5380616015307794,0.5078316639565803,0.6127701360178601,0.58671875634582,0.5478137199745059,0.46730951051040537,0.5209281369849444,0.5949105528694439,0.5020908785928753,0.5732848081826728,0.5848888324003828,0.5976972006001281,0.63096595861014,0.5565077034742782,0.6053699876532389,0.529446843565064,0.5408725687077642,0.5353344540652353,0.5737382632926178,0.5515553414416982,0.5157648124724105,0.5855675166763973,0.6058986435201741,0.4778326347859522,0.619125828071425,0.5592210574545768,0.5495682032881363,0.5335459655701928,0.70758361624582,0.4537170812582425,0.5092758968740178,0.5361392538229995,0.48558338702667625,0.5970052471396273,0.4284477268178212,0.46174812262872084,0.4844805119536481,0.4791773495523144,0.5554476129854493,0.47600885286369615,0.5345452172713171,0.5597774788165033,0.4242711371786858,0.4458175281161991,0.6143304604690842,0.5661679056717004,0.4666193630682648,0.5766483739951677,0.5387536131326564,0.5074575694672374,0.4897339981585671,0.6335493443720169,0.49800933410210696,0.5930772946280604,0.5193495319067714,0.48647422830163733,0.5590553546410096,0.5156857013555657,0.43618472103079026,0.478591585009366,0.4993533486301346,0.5576202215956201,0.48424736041009797,0.5738283057724785,0.4972864676857811,0.47230511274230924,0.5911523537045152,0.4516241113649618,0.5325933227679389,0.42756083467752215,0.4944370925715689,0.4515835673134611,0.5399845390796968,0.44485973817452307,0.4856381993196167,0.4615928899138591,0.5757447554240985,0.5472528888737898,0.5784694179285989,0.5774279996197534,0.6949022806171973,0.6676923254108785,0.472142943888655,0.5261418911366886,0.4461968169775288,0.508353688649945,0.5997005227215695,0.5185583553427687,0.5126827652968075,0.6485059634511058,0.44402791270029485,0.49223197992404666,0.47441670893484655,0.5398420120530171,0.6352288869478535,0.43079166044102096,0.6315997249054672,0.4738379809302949,0.5996842922842088,0.5860849940732902,0.4849472970059474,0.4956298434728782,0.6018637559663702,0.43502968228604744,0.4860157198971668,0.5182513414035724,0.4888248078275156,0.5669343204559624,0.5202406098815953,0.4915188303560685,0.5249124892439924,0.4590238604797343,0.5515805670616614,0.5015824885297945,0.4733373746721618,0.570282291337003,0.4975933258899622,0.6065141238554838,0.5996792035213901,0.5397061825250418,0.4971335214986436,0.47797434467992966,0.5019780137511933,0.5167748846117749,0.550870090239889,0.657555571173733,0.5208243573125667,0.5839940069504813,0.6652610373956972,0.44574328180783557,0.5154107804026182,0.5138131900926721,0.4720866473428386,0.4457792961584747,0.5590143970528908
0.6293626643278604,0.578943686434449,0.512688501306452,0.5663540110083175,0.45993732908519136,0.600592906278328,0.0,0.5429198175316576,0.5066323782470267,0.5014910740893415,0.6173313026597883,0.5975018095471668,0.6226385306535992,0.49437883779149844,0.7091536211816646,0.5639110813310252,0.6062069460873745,0.5823428412968145,0.5551768710624951,0.5122349821622072,0.6050262065970343,0.5981080009295979,0.643100979610937,0.5963773049382975,0.6002568138265736,0.5997642360951353,0.504863185250284,0.5260188183925595,0.49019731394976823,0.5699383901639379,0.574172642618819,0.6099117452474706,0.6510704322242046,0.5985243061353025,0.5343552951747618,0.5595748504549861,0.6731511126170532,0.55419687086382,0.5657913423847661,0.6774486239728166,0.6366115973355273,0.6531108210845366,0.6362426008234613,0.6467599153135718,0.5737229370563421,0.6050282829393714,0.5781729461147607,0.5415291229594236,0.6729317161429087,0.5667207880035771,0.6547572668716706,0.6063895337372247,0.5028778860036218,0.5734987647901387,0.5672183395780188,0.5911212459133648,0.571152278536651,0.6536886078216714,0.498472726371445,0.5542244504360243,0.5072390985552748,0.5330421935606359,0.5965901469015563,0.4652734858569522,0.5110640804857892,0.5087858376136459,0.5266899664981158,0.6219615337358074,0.5319988702940684,0.5852598297927645,0.6362668898847651,0.48155157543132576,0.4797309433196769,0.6345012828577145,0.54203306131134,0.5262100238774043,0.5857480608236983,0.558341448278554,0.5691205918524893,0.4840651681529091,0.5929173727096176,0.5641936922534477,0.602907637137011,0.5303954633705239,0.534066234365954,0.6018422386357376,0.54997804893962,0.5095430650794004,0.5251417217137203,0.536958379009962,0.6873955322642006,0.5622580259913074,0.6140105052786625,0.5212624122502406,0.5279132092269543,0.6144170281536093,0.44736293986335873,0.5698853046233169,0.4897849314233731,0.5437864481081175,0.4990033392149482,0.555852712730233,0.52364096791207,0.5091061015130477,0.5113376052723254,0.6042242848028226,0.5333825002141214,0.5938339417718896,0.6679476777510894,0.5930626689968997,0.6633972973639689,0.5465747538578553,0.5541283983474519,0.47949485780114415,0.5746014306573062,0.6217288539478755,0.5540751032801139,0.5332066862724624,0.5676484654569347,0.49968949934304363,0.5442716648611401,0.5410007104712355,0.5665006246219377,0.6865948045037837,0.47790384822382326,0.5891081494509068,0.510361731053316,0.6059375947500026,0.5502057012170305,0.5631107616527306,0.5176626201728517,0.5429598503892765,0.46760866434787224,0.5307588572006653,0.507782138698619,0.5330355252878284,0.5832185545332373,0.6664707221621995,0.5353325213065442,0.5976803016148741,0.498966683738254,0.5657161889777148,0.5563774100164847,0.5042789362594355,0.6176209574795689,0.6377907229525377,0.630867906702407,0.5956975428092571,0.5363740144530889,0.4751682753940476,0.5382489822272911,0.5401362474065934,0.5227536600355741,0.5679885475087154,0.678376518613054,0.5741770400118884,0.5764764111265667,0.630561575132578,0.5111852311280937,0.5783835038900712,0.5522490804085068,0.5300272550234106,0.49218448110549806,0.6310336171630677
0.6058721481913227,0.7074824040399794,0.4583960668494797,0.5619352660021546,0.3523134931115767,0.5342006956255954,0.5429198175316576,0.0,0.6287573676233417,0.5990191903742749,0.5148472828140271,0.538670750431654,0.608132963733094,0.5835745809040307,0.5754024384444201,0.4818397934114663,0.5441205328017612,0.624608716655937,0.6155404617494027,0.648566235805626,0.5140885224261866,0.5427353394854805,0.6623057142559772,0.4776712386736937,0.7103505117138545,0.4493646355690799,0.6476032863809267,0.6950836404018115,0.4755173896567678,0.4688378226214263,0.6889479511418646,0.6125620825866579,0.5698311805284753,0.703712566488671,0.5982133908724322,0.605287725001156,0.5587250102057926,0.6069002741218574,0.5333550849399418,0.573522300655347,0.556647031396709,0.6118055157536627,0.5177624135815206,0.47338386375478075,0.7782185888572115,0.607904001434289,0.4385982451645234,0.4330855385519141,0.6241204465717192,0.5522435721350657,0.5260818404866188,0.47333214409308466,0.5649626399821254,0.5380586972597514,0.5390147719279915,0.6305922207952461,0.5616677968738529,0.5180327149913226,0.6013475977798939,0.6222153235122434,0.6564844818325533,0.5224383690774678,0.4930850120887419,0.5528257589734056,0.5343476805464158,0.557889837501871,0.6291317267433129,0.4760898345833229,0.5964828640749117,0.7282458587017274,0.5303400078961831,0.5396718651105767,0.5465757243240409,0.581054184035052,0.685776952271117,0.5925565324280311,0.5080373046084392,0.42006256998387886,0.6016173418992162,0.40034914346674616,0.5303846239513554,0.5994603346275826,0.4859395645760247,0.6228917663183365,0.5634579856724539,0.7237069926541427,0.6651267709901976,0.5619727194277296,0.6875374871759122,0.6234497188525228,0.4970551130311756,0.6505186255751907,0.5210703711575438,0.5537768910645788,0.5673909127795221,0.5557381217414481,0.5555645238530652,0.7153158768963129,0.5228701619005506,0.6559600442576449,0.5624668200785022,0.6158724890515307,0.5338150229574058,0.5565500135609364,0.5883930862595019,0.5186793965462299,0.5697234921840048,0.7544422932261218,0.5765152690646069,0.5253690809183513,0.5328545392567501,0.5457193005806171,0.5923378227415738,0.6123908309392211,0.5577208064373882,0.5334267598960406,0.6783194890399888,0.525197473604879,0.4950436112162244,0.5712428976995096,0.44491103986404906,0.5779052445307478,0.5847890128895615,0.5126951520979515,0.5291836079528252,0.5296888886962647,0.5508301480057786,0.5125399677896784,0.6031308732358193,0.5705809072098811,0.6975324107697013,0.49613445174928206,0.5441260584134989,0.5739120606337619,0.5847647477702942,0.4885530503002074,0.5110932838835616,0.5559568338301917,0.6876175903437416,0.6360218331068113,0.5429045799932145,0.5714017246587393,0.6563258373214558,0.6028059825380047,0.5646326746221686,0.5810101048077199,0.5140424871211889,0.5509958784646556,0.6574624908402732,0.5523333802442313,0.6013260271884607,0.608552648172415,0.5713611780409414,0.5153530073194762,0.6408870475932885,0.6770132456430809,0.5697831350394295,0.4870554749104271,0.526331038511389,0.5036239835186416,0.6036261065012842,0.5853977249055967,0.5871775065780875,0.5076359009966472
0.6379303194357591,0.5506942937458759,0.3926354418151217,0.4970535680949403,0.3412414068211357,0.45246585474033363,0.5066323782470267,0.6287573676233417,0.0,0.4697383465466352,0.44997460090310826,0.4544885823290681,0.5347259602488167,0.5737571964729762,0.5442044416000865,0.4277832776838917,0.47461252586983166,0.6373123334252047,0.5071253284715459,0.6302447216000291,0.455322394357651,0.47486781424444646,0.6191652163888678,0.4454055786183363,0.5689829136169738,0.4324697032153368,0.6267197130941654,0.583673896346864,0.39804214387139775,0.4557847678250194,0.6526193248616018,0.5110406793724342,0.49940135031331295,0.6008142712154017,0.6144879762599017,0.5133338177819394,0.5258993210469832,0.5689386752661462,0.46856398727279946,0.5282829871796547,0.48877750097527567,0.5662484645160255,0.48090707452442194,0.4365894572537422,0.6365395385868069,0.5762762634090398,0.4224553469147472,0.3931656712230335,0.5729400241947998,0.5203409756486064,0.48469355069833675,0.4434581494955997,0.5341531516342323,0.4525798461818025,0.45112878912260723,0.6303766561492944,0.5380638161219844,0.4526414664558127,0.5508329718246209,0.5750803805398009,0.5244862981302194,0.5018846505380877,0.45075398725273896,0.5190127630132095,0.5451755660349514,0.5343415392198314,0.6163738490939457,0.46387893347303344,0.5384768655597734,0.6272760578359615,0.5267361915399021,0.5576215478010463,0.5400249261889137,0.5083655659946914,0.5486378950888908,0.6089566502693328,0.4558305710791351,0.39237852842163456,0.5795910549669732,0.3862006232220493,0.46939489289792063,0.6229481891342326,0.461396396023235,0.541222041382356,0.5432816782119548,0.6656596017506585,0.6095375432724528,0.5715362993200936,0.6390354771839406,0.6898572919986538,0.4805041368561795,0.6405822755124946,0.4618672129680122,0.5409623513009806,0.5613549661177765,0.4844315859253817,0.502692758141906,0.599195317851499,0.5505114715144178,0.6101941204578128,0.5463258941869937,0.5126958747189367,0.5196108060138551,0.4697574766060237,0.5744593516546268,0.4879892036493676,0.4834133905050019,0.596171038622331,0.5243465662991237,0.4641215482824283,0.46711544883177436,0.5492888103794017,0.5501389898597178,0.57491546667017,0.5402480163567911,0.5130563441516045,0.6016984612043224,0.45901510013885316,0.4172016958448253,0.583842656935675,0.4436090373809301,0.5486278824642453,0.5666370212675617,0.4795996562208279,0.5755095775203574,0.44198772602284186,0.5267496901700891,0.4673238276097294,0.4713054948292686,0.5549027947494892,0.664592502402788,0.44455297707182495,0.5576464186843639,0.5932079834703653,0.5104771017570421,0.48317442084763795,0.4900890683734175,0.5525409070950631,0.5778323797929245,0.588747633734102,0.49112152600971176,0.5032603835985289,0.634568585819823,0.5348825784691101,0.5095828110774588,0.6028150189206637,0.4952821645905594,0.47817838525338285,0.5200510601448486,0.4689590753638397,0.6205597382455577,0.5326707945588285,0.5142626834317886,0.4637264254342176,0.5261482308364911,0.665574836397285,0.5327473996215705,0.4439290470289608,0.5221885524941594,0.4800231540388807,0.5221980276202055,0.6057952217057496,0.5790456762519275,0.511803469130121
0.4821448606159519,0.6187995636909605,0.4958775175798299,0.470740632263629,0.35075928925431765,0.5185181082187751,0.5014910740893415,0.5990191903742749,0.4697383465466352,0.0,0.5107168810438539,0.5500150495763696,0.5404908815369106,0.4852895378897856,0.5073639244946188,0.48673462464349276,0.49247434927728356,0.4964192663142249,0.5242622161070563,0.5029082043822213,0.46975381678390526,0.5223027321189903,0.5436335107524197,0.4430215608992077,0.6715198083554645,0.4164613518339253,0.5314366337134635,0.5204760936797496,0.5927329218936275,0.4507066759060586,0.5611293262582595,0.5821452130014958,0.5021314867776147,0.5327944219905555,0.4882841626682247,0.540266435234178,0.5222701995106506,0.5109300958939952,0.5028522838216356,0.48716832637393587,0.4929209172098461,0.5118105062372651,0.4901906547591563,0.4589803358673828,0.5768428339758797,0.486726686263235,0.42779245338677424,0.4534312262972433,0.548954432603406,0.46746663964894286,0.4611172981372041,0.4188635362690366,0.44881314975191905,0.49767904116696166,0.5629945027449845,0.5121888203425666,0.45577822333120677,0.5031146820088732,0.507583625254626,0.4862440401412989,0.5335239927775125,0.449399906095415,0.442997536726293,0.4949582557115818,0.4315938201653847,0.44791369087132776,0.4851521189059891,0.4552515525878654,0.5549944617798529,0.5778773009079206,0.4530361649664675,0.45881915379107585,0.43910186954574565,0.499210040115118,0.5427206860644029,0.48899378823347434,0.4694652323146309,0.4258511546194551,0.4784381063494468,0.38204657036522016,0.4915000322374351,0.45183177567744687,0.469464989660378,0.532822789232722,0.45221472982195277,0.5290537761425127,0.534304313923347,0.4732421164338468,0.5279082546645766,0.4791353856644275,0.44493192767462103,0.5045608701666312,0.5080868666006688,0.44075637877024754,0.45184194339403877,0.609782168682495,0.4498492300193945,0.5618854281975502,0.43720895215825467,0.48910951243952366,0.49560262185993537,0.5568083906374238,0.455862562088018,0.6142920680057002,0.4665906272549498,0.4616520432700646,0.49286729505778254,0.6158185169089083,0.505533649402941,0.5090007949776645,0.4868707370678836,0.44798423306467733,0.4812023631118019,0.5012433590182529,0.4574940527303967,0.4478684112615836,0.5239652189277698,0.5882757539938149,0.4966503634970539,0.4647043517068027,0.40430038010984537,0.4800361362048921,0.47035278320180623,0.46711698250039146,0.43729168989597517,0.5999710513888817,0.43990171769372755,0.4929372659599725,0.6182711660571926,0.5012926189560689,0.5551777614609982,0.45531952399666153,0.44912186837061163,0.44151221573150656,0.5175907415356107,0.4423274850225671,0.4959180101962387,0.48239284036206503,0.6002904282127172,0.5305751775299805,0.5076238887145446,0.5415660279611214,0.4806125978423824,0.5020683602255452,0.5303635713137737,0.49113224061150695,0.45918310269918655,0.529948047043868,0.7622191627836077,0.519448042199406,0.4653777811683365,0.5421076647039849,0.47274163758840787,0.5189278103117099,0.5833954576008298,0.5257318851463213,0.48571807964286984,0.46861706976448597,0.4531043316885776,0.44568749177049066,0.5526227972542576,0.47574108168255536,0.4779964587430191,0.4326887271017009
0.5583427551727833,0.5840154381441014,0.6188372208507981,0.5151231156555586,0.4753093958303971,0.6639877441966938,0.6173313026597883,0.5148472828140271,0.44997460090310826,0.5107168810438539,0.0,0.6222319023681164,0.6346990495310451,0.47402764440331224,0.6169738320615714,0.6826685384631526,0.6950753535395313,0.530092847356967,0.5795077028799285,0.5158635721738798,0.7077414613965177,0.699612549664179,0.5328351856796608,0.6341340035367217,0.5694100645938789,0.5773707009589611,0.4561568986338706,0.5116746393149179,0.5772569842446152,0.5348884440538767,0.5196756623555482,0.6547930441225057,0.5742111135730246,0.5395861711500002,0.4940650452872204,0.569953695741768,0.6374640561817402,0.5563208513799137,0.6792792638107952,0.6299909629307736,0.6473762021478501,0.5902762382070026,0.6616276863748196,0.6981573071918401,0.5366678088159701,0.5592140320002292,0.5344247387244773,0.6935907366887857,0.6119730802972292,0.581240609239438,0.6463611788278163,0.5930239081103688,0.5027143483174441,0.6501431883379215,0.6590051315549554,0.5090872917901292,0.580415226867665,0.7031529486592724,0.48612580831771546,0.5388700890843079,0.5436152031687437,0.5201019447215415,0.6478807610728516,0.4695249489288222,0.4998188722101587,0.5119882527548124,0.4957643482394373,0.5836397200257754,0.5224439874166136,0.5458464253148453,0.6061646847386459,0.4620965266257393,0.46274893230610414,0.6541833690723932,0.5768355102341696,0.4844264782742446,0.6543384108041808,0.5744143515629239,0.5354591368387891,0.5184808939106207,0.666715508680538,0.5066056796887208,0.5766506503353568,0.5463366447787397,0.5160752661412041,0.5577935703793181,0.5317076406385726,0.46698151159713863,0.4769156619059889,0.47842270424328637,0.6057645023560295,0.4793426878593678,0.7084566254484858,0.5261456883684124,0.5044450691641658,0.5782373234406533,0.4698689496953694,0.5044821143825173,0.4595231303166046,0.48645458421912646,0.49816564402473806,0.5971431821938489,0.45985335660764004,0.47710703725406867,0.48755387772951053,0.5877000503817391,0.5820295550760906,0.5567219225650176,0.6227057906754693,0.6717061849023398,0.6979427569237925,0.5182892730754766,0.5321578190715266,0.4675299284557729,0.5405766356842092,0.563608848679984,0.5190359056601234,0.599507460361769,0.6561725290212285,0.44936661222948693,0.5721083887802277,0.48789289780154327,0.5610546485727711,0.6617544772579176,0.463661935405072,0.6703636257636604,0.48547163281635514,0.6176395165066155,0.6085286593818344,0.5452765452525187,0.47199235329754297,0.6440579437177072,0.4622942684274299,0.5042542864079644,0.5717712881254228,0.5768760218943086,0.5806509366594679,0.5830640373543,0.5303235965349838,0.5748611234887954,0.47020156264079405,0.628511534994094,0.505878436888261,0.5102454690824568,0.6751189015302241,0.5035690539786535,0.6042858135635213,0.6269425975172643,0.5530377886372951,0.53473876103038,0.5011307032942859,0.5322515584313997,0.5620828588400612,0.5475499485897805,0.636889263965751,0.5441234368132678,0.6112431443391526,0.6044146724863804,0.46559096121216076,0.5609264441510036,0.5375894294211959,0.49186271638354945,0.46688636167257797,0.6088869144625246
0.5079282546298124,0.642378475568257,0.6180748494226737,0.4985220507834372,0.4386700725880407,0.6769170608855626,0.5975018095471668,0.538670750431654,0.4544885823290681,0.5500150495763696,0.6222319023681164,0.0,0.5531914831784713,0.42890051889329633,0.6051382176503256,0.5676900824537496,0.5676589707476949,0.4787766458371594,0.5957854036402154,0.4817938554426062,0.5970383751007782,0.6713821282198813,0.5242454189178807,0.5985543804113084,0.5806199509848861,0.478215610922851,0.44973275032826443,0.486059048061231,0.5566589213018682,0.5384680965052627,0.5329891014505492,0.5757348679881528,0.5760157903398551,0.5299090184768876,0.46457761627590605,0.5276986336956369,0.5533668507823697,0.48507946903055527,0.6130150007585234,0.5406709245985953,0.5851032681894686,0.5885008603203741,0.5386156269819867,0.5691090980853831,0.5301858994809812,0.5092041877826362,0.5119924601217148,0.5447062425197706,0.5442340170537235,0.5006170962926128,0.5380329782159649,0.5238165226705365,0.4554350103633179,0.6054044167487633,0.5693644927548632,0.5194295098936047,0.4986846066604099,0.6746080491494898,0.4469663585177913,0.49243392510507983,0.504025215703743,0.45021726925331745,0.5223947731173672,0.43014409754980454,0.4447119095646089,0.4475015668410522,0.45373932672746725,0.5114783526585027,0.4683325892820197,0.521329609288344,0.5137012714099003,0.41502314494664144,0.41695130130289915,0.5569817768108436,0.531223357291164,0.443782256263244,0.5255062541400708,0.5131326814502792,0.47923378940483774,0.4290837515704367,0.5372447156730877,0.48378640907815285,0.5764575464090083,0.4805518954232521,0.4533676180836985,0.5424088313988662,0.4867173676618443,0.4271136796791288,0.46212608111781156,0.4904415250963936,0.5187558852495774,0.487382911442993,0.5716127853984572,0.4601620454874379,0.4454390061814474,0.6299210201197559,0.4402933463180374,0.5251908695019207,0.4144754760936589,0.4664262097543109,0.44311060996697466,0.5269819569484859,0.4325017195126102,0.5248308135829444,0.44408046075491064,0.5236074078423131,0.5093808004305294,0.5615259834571708,0.546716914574959,0.6488662050139237,0.6193986330411297,0.45237071981265004,0.4706386318498154,0.4338555096133832,0.469040957086938,0.534289830391755,0.48941511277175853,0.5513875957475248,0.5700802951521874,0.4237838833023075,0.4677042779382356,0.45338362563737566,0.4868365996117552,0.5723455802832972,0.4149062506217096,0.6596879977157839,0.44058640267569027,0.6046951136653893,0.5795365460922891,0.4734486674218259,0.4941350191234803,0.5327478599320392,0.409711846241324,0.4638029659086714,0.5259820595228244,0.46839808347617795,0.5649676994329715,0.5120931898072525,0.5067218855583121,0.5306333000955163,0.452192485923201,0.5235843034718082,0.4863540783375727,0.4689879755355283,0.5444783870259401,0.48693046162741815,0.6155692048033047,0.557967167016326,0.5717794986982853,0.479735105005252,0.46443967594554325,0.4911947813802306,0.5208385062640067,0.5765953505014204,0.648857038410056,0.5056700541649621,0.5358460412202946,0.5902633061685091,0.4326868184860576,0.4621520318412284,0.48070007124056724,0.44937052742577893,0.4312403569606903,0.5146529094931277
