0,1,2,3,4,5,6,7,8,9,10,11,12,13,14,15,16,17,18,19,20,21,22,23,24,25,26,27,28,29,30,31,32,33,34,35,36,37,38,39,40,41,42,43,44,45,46,47,48,49,50,51,52,53,54,55,56,57,58,59,60,61,62,63,64,65,66,67,68,69,70,71,72,73,74,75,76,77,78,79,80,81,82,83,84,85,86,87,88,89,90,91,92,93,94,95,96,97,98,99,100,101,102,103,104,105,106,107,108,109,110,111,112,113,114,115,116,117,118,119,120,121,122,123,124,125,126,127,128,129,130,131,132,133,134,135,136,137,138,139,140,141,142,143,144,145,146,147,148,149,150,151,152,153,154,155,156,157,158,159,160,161,162,163
0.0,0.8897706414027402,0.8035899277235273,0.7715998447430191,0.7427019070311276,0.8750652426847603,0.822251238894578,0.8543827708718289,0.8793741085443185,0.8073084359122699,0.89564613413726,0.8070810426510231,0.9234048762727916,0.8370173820845158,0.8420331865552728,0.869712375432249,0.861974702582177,0.9180479721555104,0.8144469370024572,0.9499791176613248,0.8463364504182367,0.8758816357090943,0.757094924857197,0.8859036918559798,0.9206992429673484,0.8017490807776193,0.7015455878224489,0.8627172538098377,0.7949045974217899,0.7524762298894706,0.897035712596127,0.8884765460451178,0.7879329875124728,0.8385262101279616,0.9338926216307195,0.7395750805453294,0.9259682134443384,0.8729298059971966,0.7874751450503633,0.8286058808445562,0.7471766500874393,0.8697185256923563,0.8552602594211745,0.8930810853255878,0.8910058719357086,0.8443866380896594,0.7722598604687532,0.8859068271702165,0.8907636831394943,0.7988233271583318,0.8462197246256014,0.8568742310230968,0.7660129808545878,0.8184426802925724,0.813006746612721,0.8626808007928682,0.8946477200745482,0.7916434020301149,0.8547139690439846,0.7907231620382225,0.8694678958669521,0.6795883458687451,0.8509853506481966,0.7325832635491202,0.8297670333655397,0.8723379211220976,0.8756018225478445,0.8903338506333152,0.7909355656007274,0.9326226643936,0.9414012364795615,0.8384705341112224,0.854090873665796,0.868150570975759,0.8581594513483419,0.8948068141780988,0.8102115524411065,0.7672528324393412,0.8398209780277514,0.8010460431048937,0.8446144150675674,0.8461283253141177,0.8680714651281977,0.8441596071487363,0.8475853339592142,0.8945158996866472,0.9005433088143336,0.802094330809888,0.8494692261018683,0.8448134604046534,0.805509060816318,0.8074245817038936,0.7949146747142534,0.8989738597997325,0.8728369422649503,0.8489058495182986,0.7510189145965659,0.8344811010006898,0.7191156892148793,0.8593022640056592,0.8391479703873895,0.8168754757236825,0.7079794506381325,0.735775987251928,0.8461430740093029,0.8390751305396483,0.7514320601338624,0.8732544564976779,0.7966151396502343,0.9128190224926079,0.8607940372267604,0.7979863466709924,0.8879985340280812,0.7903471750482997,0.8547483299687715,0.8685118645286902,0.9057024180080953,0.8219191731382823,0.8192584607889182,0.7623210218998139,0.829293442750362,0.7092383618329244,0.9023464977062117,0.9168765863036056,0.8712732762962869,0.8467968814311503,0.6966419640703165,0.8019654765600841,0.8164380124192163,0.8079824477236534,0.8052595979221622,0.8091144397761996,0.8399377821624542,0.8523357661154046,0.8771796283406647,0.861126338351385,0.9053033279475466,0.8274959067126938,0.8099891006991028,0.8010157706771281,0.823722565171125,0.8471849857333882,0.8478212898086864,0.7245347219918222,0.8912218182129614,0.8305065885182461,0.8316923550732996,0.7616853825632438,0.8789645543335332,0.6291379468026428,0.9389854632553037,0.829910099548981,0.7791211231795689,0.7233089780752887,0.8462060028480797,0.9441110318467659,0.901616985114287,0.8563750313142131,0.8471484759965594,0.8262422332187349,0.7718991193489732,0.930853539182348,0.8889106382910813,0.9343447649182771
0.8897706414027402,0.0,0.9055609931396497,0.8523908700521693,0.7476978637567309,0.8946050480423221,0.8421697909236348,0.9647313757842708,0.8524091434779507,0.8863186922873068,0.8872550259698818,0.8910483260144573,0.9045037972577243,0.8348541200823301,0.8859279754486565,0.877296223289239,0.8879529034846382,0.8633914791039079,0.8381362761808802,0.8911800391921868,0.8830864007917311,0.9433323349700126,0.7733553633896578,0.922479539958384,0.8901359208547432,0.7896814483863399,0.7627743057677182,0.8635924495370968,0.8684090616505113,0.7406891462087626,0.8947294090251898,0.8550725247611451,0.8934370253605651,0.8352760593114082,0.8725114772767811,0.8196757388335251,0.8518166020179221,0.8678820288380724,0.8603604615483583,0.8815912394044048,0.8522878609326655,0.8644412854952784,0.78498322219305,0.8521716701888695,0.9445429760749565,0.8681443856856936,0.7724757035488802,0.8267740721689253,0.8462476462316362,0.8096351841738876,0.8484898661434547,0.8668610543778976,0.7985629125728302,0.9089263850575992,0.8523421614633533,0.8566312820973871,0.8647682757591763,0.8486204317674727,0.8408679205088574,0.8524277671558972,0.9085475165566362,0.6844987738243716,0.8245695074095373,0.7417951762667386,0.778280298223417,0.814360542893498,0.8729583563738803,0.819439489925647,0.7622990188457743,0.9087232316199222,0.8863651186579354,0.7824808796561727,0.780583330750133,0.9057533438858197,0.9102277419774972,0.7852543946507179,0.8262494561509142,0.802500250273624,0.8342492692905622,0.7126939304216717,0.8121516741459367,0.8573394917541607,0.8927090812801719,0.8369846094912601,0.8013416896763927,0.9559605683592619,0.8085650817893466,0.73424038326484,0.8446227773971524,0.8909843350392199,0.794761254982762,0.8397317308631855,0.8218692340542216,0.841921119804418,0.8614651031618551,0.8740124887993652,0.7965662065460123,0.8648716810087379,0.6807341056917858,0.8971968569289482,0.8035331983276405,0.8279652620499636,0.6771036327142905,0.7916631845475451,0.8203394655892476,0.8623068082395405,0.8076456785835574,0.8901585642720794,0.8564887686328483,0.9104819314651149,0.8622672948566474,0.7603767953083447,0.8206249566789254,0.8156561824468797,0.8406816596477283,0.920926868246545,0.8506078043856272,0.7853716641182138,0.8369887330656113,0.7684259726790348,0.8040535695336919,0.7570187857484343,0.8157007152467272,0.9115887830908609,0.7563757753535502,0.9096844005977806,0.7336084623957035,0.8927672661482441,0.897290966746426,0.8118815297988108,0.8330122959277976,0.8350764254631897,0.7692772536699372,0.8534265706821095,0.8778232023757784,0.7821298067277533,0.8584525098433756,0.8402997398239853,0.8633762203690246,0.8231636397554704,0.8218073793348196,0.8242179629014713,0.9034370284495727,0.7790827957245612,0.8593100127240623,0.7652267265172458,0.8890971885785734,0.8368215037453548,0.8968716411912642,0.6805239755727345,0.8562724507937792,0.8212828761877402,0.8349516199439713,0.8241137614428311,0.9064948766182972,0.9019333951288449,0.874134404477666,0.8954959852770005,0.8295573531285834,0.7478358926088116,0.7850901659519166,0.811232534143018,0.9317670630392262,0.8713453820415094
0.8035899277235273,0.9055609931396497,0.0,0.7989027281439658,0.7928704875141555,0.8616950291579092,0.7922482876725147,0.8873569570314108,0.7462447123489746,0.8720628746619624,0.8584089334637006,0.844293013360595,0.8614990253678609,0.7558677290758073,0.8158889627505529,0.8968223691390161,0.8989643723805595,0.8114319983239708,0.7748296924166257,0.8037045811845366,0.9072961629954966,0.9364215584323794,0.7252029707598178,0.8785546701037592,0.8280741648409838,0.8072431629808998,0.7083591217125678,0.7905125898869036,0.832551141223711,0.7181113136322335,0.7640963580127083,0.8190490366531663,0.8208063258866841,0.7535066248720008,0.7590154392717842,0.7811053823003774,0.7953755230841926,0.8061833447302813,0.792944544133327,0.8476486775032228,0.818061033801067,0.8629879885301495,0.7911217403978937,0.8078430435302858,0.8607967870865517,0.820879041023094,0.8012055996630199,0.8121214531130078,0.7829853948926866,0.789806460436687,0.8275511591327839,0.8623787117822911,0.741420386548354,0.874081720589896,0.8029479171434434,0.7937964644681959,0.805436624415251,0.8626778249889018,0.8037151557696907,0.7794195268806019,0.8397205191400235,0.6654436703375335,0.8386162621261061,0.7127045896612304,0.7342776643713934,0.7743591433029071,0.7982166946006858,0.8213603954768639,0.7918755551804375,0.845416727199934,0.8498634168979786,0.6909766071199889,0.7440164351806535,0.901524931758144,0.8721146461496732,0.6840518803244914,0.8243920073500582,0.8175532766952578,0.7708524307173364,0.6827103808337783,0.8162083969367395,0.793696122169383,0.8531217339722751,0.7809582828657546,0.7666184551882214,0.8759581624889843,0.7419659332074959,0.682275071918182,0.7473902557974436,0.7871585634902929,0.8046332679207326,0.7388537294270506,0.7883704986170608,0.7490347221727857,0.810356346146442,0.812861752289736,0.7436695033895138,0.8082722689758431,0.6201315068630925,0.8136270864764502,0.6908336744999756,0.8292761045973047,0.6550913159703239,0.7638511688600629,0.7476148395704694,0.87367778741942,0.8230718057073739,0.8586021041624915,0.8325178334497847,0.8752527727488034,0.8230978253726501,0.7287542706395899,0.7727704051440542,0.7441904002523471,0.7676864321495402,0.8746081956915313,0.7641140676885412,0.7626528584052975,0.8693274240756176,0.6933245049267475,0.7794091286690494,0.7088701897332279,0.7621630822130097,0.8501163015893384,0.6667189541616767,0.8500980853896074,0.7276587070950515,0.8473939171016248,0.8714168754836547,0.7725596155665954,0.7749437646007682,0.8939552678445335,0.6738782906574433,0.7467078272875404,0.8196811794120289,0.7349069628579259,0.790112966085548,0.7718675973132415,0.8245121517515979,0.7510477758347416,0.7401118695876636,0.7896669527876565,0.8179461000453633,0.7650531901571406,0.8131683489591844,0.7392190646116596,0.8539004485580495,0.8275596836998826,0.8686431919023557,0.6711485084941209,0.739621710759957,0.7327867104085496,0.8046848142791619,0.8606112866790295,0.8783713342530876,0.813893407900809,0.7966140315076763,0.8838058577681778,0.7231912228156587,0.7033753185448668,0.7828304327745644,0.7015721812975911,0.8524479734242155,0.8103927642277
0.7715998447430191,0.8523908700521693,0.7989027281439658,0.0,0.7319844324240141,0.7722672251069889,0.8673259699847846,0.8257447386621338,0.6886819596000681,0.7695406091212198,0.8360307716855915,0.8197504270703064,0.7825687113648856,0.767268679236833,0.8378087939777263,0.7607420742396725,0.838222954429537,0.7940444614362123,0.8128642468516607,0.7396951605369553,0.8370971971439903,0.8316279395085732,0.7963038656735876,0.8511350379639434,0.7781559766408733,0.7983638170345542,0.7568955318292288,0.8467704226965408,0.7901194841450052,0.6451883136484006,0.7581722940444354,0.7467089604209689,0.9383471729233449,0.8126901415960803,0.7930601056446118,0.8142754763713768,0.7380477998300128,0.7615365051974146,0.796228309865317,0.8883392768155847,0.8738533399101677,0.754965622464915,0.7224616141657755,0.8132525150746489,0.8359535777605323,0.7933030295769034,0.671454796960838,0.7396367746952361,0.8119406010868323,0.7641705039377312,0.8662868436340289,0.8525537355950535,0.7601721298991205,0.9227202459634548,0.8483553102523377,0.693514143849651,0.8045336144866492,0.8082831824627449,0.81791130899261,0.8088863119145641,0.8245351170851591,0.6297596495085417,0.7965219300483009,0.6816449353816143,0.725202234839654,0.7402099789109389,0.8102366125034652,0.698684390188147,0.7144416539970396,0.800386851669814,0.7662912169048849,0.711338806127701,0.7585566813841986,0.8872288822019188,0.8066675520844049,0.6817842017529229,0.8182520367385547,0.7659951910431233,0.7742797180589137,0.6369385145232259,0.7062142377600704,0.8182141700642573,0.7335294704666029,0.730636013669955,0.8041278393269236,0.8048144303135375,0.7010198594529197,0.7146256777276718,0.7485011990833381,0.7235847309390401,0.8284475784875284,0.7989735421478804,0.797695403554983,0.7682666083863001,0.8670887630889339,0.7540880579426411,0.7119822169415487,0.7885439938383915,0.6397276808294013,0.8680774084998654,0.7150074796029129,0.7706034859533766,0.783877333457166,0.7634269094783194,0.7778666984087071,0.7542100631051163,0.7779645578062301,0.7860042663343206,0.8176808707751984,0.7759127149060803,0.8764300976817174,0.7733675458656759,0.7584195581762955,0.741185864178397,0.8113846300282751,0.8478142277763119,0.7659138701442414,0.7003672555289684,0.8524546575730353,0.7321031994835795,0.7380235822050747,0.8082154053280061,0.7225232668375668,0.8283146767836543,0.6586746091745849,0.8195529600889898,0.7351953685274355,0.769345266939209,0.8488423189162696,0.7346318539494888,0.6577140011040057,0.7256998349590448,0.682135646346866,0.797923113844098,0.7653971649120423,0.6706747497243338,0.6823911158915301,0.8190529109614745,0.8149618904293687,0.7442296986938715,0.8113263969413492,0.6957005749019096,0.8712852576775655,0.7689715712722947,0.7537270929627339,0.7325571408761027,0.754768087068198,0.7422572488274015,0.7335068045880617,0.6051117531077759,0.8027739883337534,0.7656629132487912,0.8140847239345853,0.7345757708858934,0.8580451331959953,0.7547057492426777,0.7818290611350576,0.8066454267971853,0.8559619919096403,0.756260955229647,0.7276122656862788,0.7147925834387554,0.7646779547766175,0.8118796521201581
0.7427019070311276,0.7476978637567309,0.7928704875141555,0.7319844324240141,0.0,0.6877581314904482,0.8449045894757589,0.7148649807500935,0.7217217861441768,0.7007996959844316,0.7806372750888099,0.8101240493376861,0.7020554158199915,0.676939497024843,0.8438089282590103,0.7914834024085949,0.7697418403065928,0.7674762703187304,0.7201326468405608,0.6988524122532452,0.8031088383984549,0.8190617971054721,0.7681882909980912,0.8042058038986635,0.7208410278792814,0.7900323870047888,0.701218833827167,0.6729496976834681,0.7374177125760556,0.7986654783560218,0.7663213812673949,0.7230134582577364,0.7719412270871121,0.6974804741401426,0.7383957206246337,0.7754543729925061,0.7257243742504247,0.7714748322515932,0.8187894302637804,0.7774494616191873,0.7982603450452594,0.7525118921534091,0.8433969376525,0.8068568719309778,0.7411449356201338,0.7505178409375742,0.8214288844691673,0.7480186199566631,0.7938047217356001,0.8016070479605385,0.8293953798573033,0.7679047960829739,0.6798542377998777,0.7684479986800866,0.7861283746964971,0.6711018858979579,0.7604583807224049,0.8535211442932126,0.7178467596693894,0.7451517889234776,0.6422934508086156,0.6603591222970958,0.7508976213646914,0.7014336777195564,0.7168408692023588,0.6487410082405245,0.6682756560064232,0.7579250150912684,0.7375467308652093,0.7316552332733287,0.7897834984855016,0.6998535937862168,0.6327048330628835,0.7774872360927189,0.6884637463258452,0.6347218435889725,0.7664973150550589,0.8782078381862166,0.7143861356738848,0.6256234005262431,0.6518508020956753,0.7704750783607069,0.804802451332197,0.6250986960471557,0.7175281858217475,0.7477530266606429,0.6325972804593212,0.7291261378711298,0.6595770031870429,0.6858052531157874,0.9242889326648998,0.7531207718031958,0.850165084848303,0.6695737484093909,0.7454705091114373,0.7481078119359733,0.6229157429857944,0.6870102430944997,0.6775414802614266,0.6866547116379931,0.6678063982459873,0.7473392427684987,0.7137064909862908,0.7237698244632569,0.713431207170221,0.7770209950044289,0.6910599539878854,0.7002436442213071,0.7925494393897141,0.7225121905459883,0.7771379362817953,0.8082747341026597,0.6275823639324944,0.6709061984834169,0.7160464745237215,0.7639095789213209,0.6586194370189056,0.7922081044139728,0.7040578494548533,0.6487428705318011,0.8804948642362985,0.7225237944515535,0.6473518676189118,0.8113914404058816,0.6344033118225241,0.7652873763164828,0.6627875995995786,0.8262468840903942,0.7128235288782094,0.7544239647054927,0.6633634791506421,0.728288699287445,0.597367355073777,0.7092889737919653,0.7018320039242253,0.7169674415297607,0.7407077706551365,0.8162514338682935,0.7407512448084466,0.8337314846188147,0.661472280192479,0.7193269976843057,0.757625419894951,0.7310991092316423,0.7628540972451326,0.7656231889620179,0.8519816939061681,0.7237889496721501,0.7274202620401969,0.6007391372083739,0.7139786527513509,0.6915015156605607,0.7740133758006574,0.7971960922927078,0.7832820185942865,0.7056157533986207,0.6856941246613159,0.7706922721742696,0.6909012964130755,0.6963085869028647,0.6348364936179626,0.6567090695237394,0.7720021958010688,0.8001826474670072
0.8750652426847603,0.8946050480423221,0.8616950291579092,0.7722672251069889,0.6877581314904482,0.0,0.7432165944882609,0.8733153389014058,0.7967033235009843,0.8256919856705314,0.8576103726315273,0.8367871499711108,0.8850465384665492,0.7510966462470827,0.7382304173723733,0.8715593706192863,0.8629868427024242,0.7632082312278118,0.8180856609638686,0.8456199937299763,0.8697897360477577,0.842935908083766,0.6653069444682743,0.8252144296123118,0.8856225061121548,0.7537425347145368,0.6263765537594665,0.8199946993880054,0.7954262261899148,0.7144373705663589,0.8089791469913447,0.8776277405067147,0.7733231877319566,0.8062929886664213,0.8052195670528152,0.7182569852032179,0.8510571838186337,0.7842613279312773,0.7530713067178451,0.7531697909661829,0.7308368336994953,0.8949367382375943,0.742844384696101,0.8532158351434741,0.8243732494515804,0.7678496868085297,0.7420822494930405,0.8519454267769011,0.761352493339042,0.7211895561978737,0.7969391982929928,0.8852054154200015,0.7302194104266517,0.8372939387484968,0.775503648063454,0.8955971494878208,0.8162856235016474,0.8427028180659929,0.7422285460349242,0.7316466285901398,0.901643802005422,0.678844234573792,0.8582120964229181,0.6573952376089569,0.7305985678337814,0.8214829214976475,0.8138574703766189,0.8217762714552622,0.6866478144741353,0.8740405709650138,0.8615606974989704,0.6905961149596223,0.8262813234926755,0.8404330933126335,0.8973483620971381,0.7905289636500952,0.7813421469508738,0.745940246594288,0.7639789564164693,0.8243821610979136,0.9221632964047566,0.7936473834954881,0.8460211032965785,0.8462956488280164,0.8176057325734836,0.8598715192707087,0.8900297186813095,0.6667465421343,0.7971171634154567,0.8296525408833353,0.738404527502725,0.7767314388311485,0.7283727373941844,0.8326932637288719,0.7999851764627168,0.8470077329126903,0.7767231486451387,0.879251099860771,0.6563979301774061,0.8262386944247844,0.7408837046863525,0.7912243618034867,0.6558872788725292,0.7361721565466446,0.7771036194588902,0.8123614028936406,0.7788306467312663,0.8742187932859969,0.7287962900227148,0.9167030550306662,0.858538680464092,0.7012732187309525,0.901123383861202,0.7646988933217609,0.7783964051962358,0.8557954822860143,0.8819823840704535,0.7177490576825681,0.8931595139671862,0.7541971924424976,0.7179109650043108,0.712039259887783,0.8831964942060261,0.874826292255692,0.7768704914096689,0.8449450810419843,0.7178685325796212,0.7805167512323762,0.8630751968185738,0.6845585496845609,0.8249362381187986,0.898041782276695,0.7706773295171526,0.8309686732572998,0.8326615832605713,0.7489899908371928,0.8263228112808131,0.7018380817893278,0.708723992642817,0.7097644379395914,0.7754096181522977,0.8431998577226515,0.8061571521666941,0.7205792798432336,0.8358052906985841,0.7359182634793403,0.8164478011703231,0.7724492108162412,0.861037985313517,0.6929401728603538,0.8299661750237903,0.7907294758470089,0.7285576885494014,0.6952244005996769,0.8804331445118773,0.8534846678685353,0.8326937701489382,0.9004908607737747,0.7512444939546377,0.774522841396646,0.7515524811838802,0.852050184646047,0.8644102610721225,0.8432082770236395
0.822251238894578,0.8421697909236348,0.7922482876725147,0.8673259699847846,0.8449045894757589,0.7432165944882609,0.0,0.8137334404818626,0.7515674265704666,0.8310811367349838,0.8453388498569001,0.8613323295491127,0.812176752833122,0.7722281066910119,0.9094359208895176,0.817550914250531,0.813393400617404,0.853216317479725,0.7791631638823597,0.7541064104147148,0.8024212431037394,0.8412340269808328,0.9127176554676111,0.8748368213338228,0.8437715730831182,0.8276335936147058,0.8279795377902136,0.8092293064573577,0.8136975118452046,0.7829136819107076,0.8480445608160759,0.8148472180463903,0.8707510656220784,0.8377439817958211,0.8142940999901739,0.7857054829252846,0.8264391873396661,0.7721739095119722,0.8246656927988438,0.8972704432558183,0.7997025845921695,0.7872305317345649,0.8280958586258733,0.8344106705082788,0.8668650395223284,0.837179711813824,0.7814508488926506,0.7775493050430906,0.9392398066666902,0.7747945114811012,0.8847996241412631,0.7792840586486172,0.7077246326857694,0.8334466385811155,0.877647423839802,0.7409265905901824,0.800096651881203,0.827817823643362,0.8414914679321013,0.8142261832764743,0.7493185668253887,0.6479215719601961,0.7393435515284981,0.697874779328175,0.7257504949348262,0.7115818740823491,0.8104240360534393,0.8037108618373372,0.7714765819769247,0.8369313212935733,0.8064719579020129,0.765686594882844,0.7018850608728444,0.8759705898221379,0.734134252749991,0.7544250156625644,0.873623557691339,0.8972287073723221,0.7577468723002344,0.6632812688975875,0.6737934346867087,0.7979178947331447,0.8424060373605965,0.6843512200572551,0.7545173731385764,0.7926656634679268,0.7161164650407866,0.8263380845917224,0.8053081841984592,0.7666194304823735,0.8913712949651497,0.8416021792327325,0.8631545401602135,0.7510823559422618,0.8102552251603546,0.8243215988304639,0.634602347296526,0.7660052744780835,0.6642041224994671,0.8458775386960072,0.760520510712097,0.839237071631951,0.7942612196775148,0.7861883658000274,0.7475427578086581,0.8023812576968925,0.7314833978184246,0.7939088991602561,0.8678901023370074,0.8001891851441761,0.8705137663391825,0.7826360886673279,0.7222035252084499,0.7582476121821502,0.7809674457926683,0.8345721696062662,0.7587571164658468,0.8457504222728868,0.7612202072920076,0.7172603331875792,0.8033029009243405,0.781204364027574,0.6978379679867278,0.9013194659892512,0.666167219881929,0.8645784885961052,0.6895534686959238,0.8687086470088858,0.7830063516784521,0.7975671286456814,0.7068157294285032,0.6899186601279376,0.6952870080339227,0.7313229201503743,0.7440044327189815,0.7033795593551037,0.7793064987920765,0.8804520453734876,0.8378862255172962,0.8562229705321273,0.7773217844620195,0.7400950142984124,0.8577186338138236,0.7144433572759974,0.8076237646190402,0.8425171814696977,0.7973307873532863,0.7925493241885394,0.7877491221485248,0.5686131334931656,0.8081444041264916,0.7679704702541671,0.7852163377289759,0.8342403634934052,0.8577492468622038,0.8065985892393183,0.8054482245634915,0.8531952702167421,0.8333777385577164,0.8138492778644092,0.7206006703337093,0.7326491465886587,0.8263324870793577,0.8296826951695823
0.8543827708718289,0.9647313757842708,0.8873569570314108,0.8257447386621338,0.7148649807500935,0.8733153389014058,0.8137334404818626,0.0,0.8509520008974905,0.8931825241766611,0.8244812679583343,0.8946840060754271,0.873660189831889,0.7806884473844529,0.8385561799350068,0.8588495372053173,0.8798642424318417,0.8449826699527765,0.8352210984485724,0.8589462316231877,0.8545801370536605,0.8866149408255354,0.7960947090620221,0.8730733622036253,0.8825396002424574,0.7521606876828765,0.7780224670534754,0.8710879887952518,0.8084688960716699,0.7709705945187566,0.8642690427118151,0.8424482116457389,0.8546902418202241,0.8481861175647009,0.8156496682150681,0.7864183939304529,0.8060717577752633,0.8239322215101765,0.7979926130091043,0.8463244496899206,0.8173591626170241,0.871123699881952,0.7618973218946892,0.7794544800102629,0.9341253026964464,0.8760028041288529,0.7869367856540077,0.7536643354189413,0.8173077007185762,0.7802762441583234,0.8139158084083506,0.8461882466568087,0.7725536514723288,0.852346604685244,0.7928223768327322,0.86134054138219,0.8342814527186374,0.8601466176176555,0.8017011341616699,0.8408602353739654,0.8595824930818118,0.6736600212210259,0.7964548767706463,0.7090234968804934,0.7363733665008843,0.7853881773616145,0.8178589925088416,0.7781006456937775,0.7575054941873391,0.9012516671196136,0.826625188652623,0.7301387945708577,0.7439926798240003,0.8787219405654617,0.9052950562804808,0.7615408985226931,0.7895215423727626,0.7712510771410148,0.8333820336065134,0.6682164037124317,0.7746945316291541,0.8286216290076722,0.8757437530065519,0.8038641904349517,0.7844561080297751,0.9489512617489568,0.7741535539901853,0.7174110681335567,0.8743841615972235,0.8743919678537674,0.7794231988320346,0.8341708805663844,0.7805791597198353,0.7992744488533589,0.7992199926821233,0.8364118544050122,0.7580766717349152,0.8897091146315869,0.6445718145049557,0.8966205663185084,0.7285344487513079,0.8154231548190198,0.6768240219552759,0.8074359749101827,0.7961706531166931,0.8796278017348732,0.8092456573204534,0.9188087239023506,0.8418774718647125,0.8657005352996417,0.8227355113424544,0.7256880483013414,0.7756707317476771,0.8195466648360049,0.8127872869344875,0.9266968673293535,0.856920349891447,0.7564452429245665,0.8020971698541481,0.7605151132423549,0.7390987676482443,0.764701228490278,0.7787967389743274,0.8697489192282829,0.6879654635427929,0.8635922812646786,0.7345100040863256,0.8735020839744435,0.873447032448094,0.7603157628885617,0.8834031158407952,0.8134368969421552,0.7200358296170142,0.790907647099961,0.8071375594844846,0.7060467548680449,0.8439753912393302,0.7874984458857629,0.8409621593271427,0.8119167925375637,0.7707767634278795,0.7755913164829462,0.8870081367135685,0.7409338061155857,0.7867587874507378,0.7741766621712955,0.8609740030842292,0.8295894029087748,0.8988305559185894,0.6794765100969863,0.8072183034232806,0.785714395977331,0.8133882013059477,0.8374511056955587,0.9121550854558205,0.8495259692249071,0.8251818557728277,0.8904245820976742,0.7611964744996639,0.7182835981317381,0.7655385217344266,0.7660091037196164,0.9283487988551754,0.8107346239211451
0.8793741085443185,0.8524091434779507,0.7462447123489746,0.6886819596000681,0.7217217861441768,0.7967033235009843,0.7515674265704666,0.8509520008974905,0.0,0.7510158949457069,0.7605676175543921,0.8040855645423161,0.7799975816846557,0.7365989991875888,0.7988094178574813,0.7533013458097401,0.7391900641027369,0.803699999478385,0.7570360914518519,0.8517588327405031,0.7567909830337105,0.8300424863904239,0.7069096720435584,0.7889835585761744,0.8275087919765136,0.6717878467580355,0.6871871093482812,0.7388855606457548,0.6976882587259304,0.7927450006340953,0.8985606311203403,0.7676805794544914,0.7280165527012402,0.7416568197136523,0.8425628844655342,0.703745730753117,0.7949530006243006,0.7904788835200958,0.7535767300544953,0.7148462963145242,0.6979048552226162,0.87468203316477,0.7360241384752135,0.7626329481985844,0.8126657123588917,0.7499787763724294,0.7561418326306821,0.7344027398710229,0.7647815889958298,0.739842205985926,0.7317238240722296,0.7494986734816603,0.7054096650978958,0.72901956017987,0.6961424965233568,0.8761523263904638,0.7777087813171951,0.7745231061969774,0.725191220222313,0.7316716729978568,0.7419971832549059,0.6413335712310007,0.7200970138005671,0.6932792054716109,0.7499959030129255,0.7183823652497403,0.7540277315932581,0.7884318058887833,0.7031560479216741,0.8514686891683466,0.8384038593694024,0.7298438116129708,0.7296543805542542,0.7429934758314428,0.779585572641469,0.7524085799984987,0.6834920938018437,0.6989934469600159,0.7263589015869764,0.6553889755466273,0.7109590234466725,0.8458215133290456,0.855013894347704,0.7134157737535163,0.7258658876222682,0.870740908632739,0.7906373309409955,0.7156828288054328,0.7657731028804703,0.8815565353770997,0.7486787618325167,0.8377431281982959,0.712110316460206,0.7513495164991991,0.7601873101806124,0.815509808334964,0.7136258263461372,0.8103255992258296,0.7055980487761299,0.7535363803054153,0.7263865953848629,0.7075516380657456,0.6417999193740104,0.7273625478054844,0.7660213401483064,0.7557860776580111,0.6564668100804109,0.8045017384081602,0.7093873929535631,0.8061258718118062,0.7461651666380091,0.7287198591575703,0.7407614936235679,0.7577489413962036,0.7166483678853492,0.8047834579735518,0.7774509746795082,0.7378314673246076,0.6809631787248126,0.7437280094704436,0.7530112211338457,0.6805182518046216,0.7684264276187527,0.7973872201855416,0.7831949753082366,0.7423804291541417,0.6629153273543046,0.7866101973072491,0.7101948526767858,0.7153568922568811,0.8901801917453818,0.7392763976901348,0.7088989846879983,0.8269670757250482,0.7846365235649119,0.7464630813261729,0.8377672635139668,0.7421204448831513,0.7260281113487085,0.7870759403377314,0.7064980730727934,0.7598386893039946,0.817861406303478,0.7153586398644618,0.7640081954283088,0.784191585636534,0.8904791008318634,0.685208271250306,0.8223531972496965,0.6217172243549487,0.8242124452094902,0.7305375398518059,0.7469435251002389,0.7295470429312402,0.7874916540615177,0.8488741335081735,0.7670668471569609,0.7791658372193382,0.7197760580781991,0.664855937491044,0.6478024961955208,0.8117367147173893,0.9048231337548168,0.8317761411603803
0.8073084359122699,0.8863186922873068,0.8720628746619624,0.7695406091212198,0.7007996959844316,0.8256919856705314,0.8310811367349838,0.8931825241766611,0.7510158949457069,0.0,0.8289496957430986,0.8295670033620237,0.8790073144606396,0.7777106427554799,0.7974946310779744,0.8656061331332311,0.8171241337536193,0.8241829829502332,0.742111818012588,0.7755649449832007,0.764179230559893,0.8341272895807845,0.8018780639655911,0.8090854275932952,0.9155736115011954,0.7540656627839597,0.7941261325372738,0.8187339833881286,0.8910831046015054,0.7570646378816498,0.8149835679190084,0.8520812144219625,0.7991448575962374,0.7891606919033107,0.771287541223243,0.724105425727398,0.8487910523527568,0.7810951715805572,0.7301771051789713,0.816692351394512,0.7306607734811043,0.8069041182192511,0.76880425045448,0.7706899935124975,0.8723653759458251,0.8004955003482205,0.7700308986907002,0.7871400610716147,0.8463206635052664,0.693533227988453,0.7579273509782213,0.7410048689262304,0.6746827662158668,0.7757986719266426,0.816519712508696,0.8180749430279651,0.7332559837322843,0.8031400603990105,0.8016991676610454,0.7427175717237927,0.8055351973495541,0.6304709350994013,0.7270338758187143,0.683092039753858,0.6563427800469267,0.714997174001311,0.7975401243221067,0.8246576548003721,0.8144771220974475,0.9092437906379964,0.7676925823928863,0.7250849596906632,0.697660697057402,0.8273436039273209,0.803947537887658,0.7795168560403438,0.7905618948226028,0.8198127712823905,0.7486708521678573,0.6914403498642269,0.7638088885289968,0.7004739146167399,0.8664622432305271,0.7917088460979238,0.6921776404388142,0.8270971960141072,0.7775054516982608,0.7342339732022093,0.8556085674917812,0.7888746131720096,0.744051672584664,0.7557958854454119,0.7696858305642842,0.7200582363004299,0.7276820548116065,0.8850167955494274,0.641890002985609,0.8155485305034009,0.6049668270313624,0.8258267003548786,0.7454711814860157,0.8200019870406889,0.6738157711648535,0.8409218951281091,0.7082483302630999,0.8111391002618032,0.7283528454236826,0.8977806338655658,0.8110147382684416,0.8388980083605629,0.7773638331120978,0.6545082229771356,0.7596516489429469,0.8112530566682096,0.7499497552474165,0.8209794715772434,0.806100884753226,0.8201462656216166,0.7927758979315778,0.7350698161088569,0.6858932441065848,0.7420260711221578,0.7232884936251122,0.8430979955668423,0.6626086170435074,0.9100936202481225,0.6439741258768426,0.8262232976420388,0.8454433746043237,0.7727018033344883,0.8284201266937241,0.7306020334736035,0.7263891011097867,0.674798831631418,0.7480322402633053,0.6857143976526362,0.8322722518579985,0.768598353252548,0.8386527409797713,0.7657577431600748,0.8081478017586164,0.7794443430265572,0.7655727296726301,0.6674696080788574,0.8076825405316903,0.770488441836632,0.7479431783063837,0.8524742049388155,0.923887614939415,0.6271261847816004,0.7392085894524018,0.7926727429871134,0.7046960181675923,0.8310830299484917,0.8742951771144781,0.8275930994567577,0.8086351088673267,0.8811695001626652,0.7707309848082936,0.7426783571769084,0.8264419655779252,0.7473959866442403,0.8702372420400061,0.7477654210103166
0.89564613413726,0.8872550259698818,0.8584089334637006,0.8360307716855915,0.7806372750888099,0.8576103726315273,0.8453388498569001,0.8244812679583343,0.7605676175543921,0.8289496957430986,0.0,0.8446969308108625,0.9081478174342733,0.820614270601416,0.8262917406241799,0.9176049651530379,0.8944361796197969,0.8456056735869515,0.8151355368399835,0.8736255574267575,0.8746074761517513,0.9111545222822852,0.7762540910997751,0.9200812645303692,0.8999556548712719,0.845684228188301,0.7349031555721717,0.880556659930582,0.8911952670816483,0.7205995218075645,0.8234974027298639,0.8570848780147035,0.8123430974766584,0.8344514000706179,0.8769679562529762,0.7628452755120259,0.9106165597099357,0.8636607752483627,0.850836096302357,0.8711369376780991,0.774290618257501,0.8395448243552558,0.8074560041731205,0.9137845045048105,0.8660916244986353,0.7811293427942912,0.6935989024785839,0.9355640834033511,0.9007800171774188,0.7629751166856006,0.8434211363189619,0.829907521701642,0.7113625744477566,0.8789387851894712,0.8978648458186198,0.7750703615351172,0.8571387771804124,0.833197395117563,0.8313767295835821,0.7709465323867365,0.8925682103174932,0.6220536649956022,0.8151713465377296,0.7278125163867047,0.741266626163896,0.7900425758780346,0.8818764746776886,0.8273203704275525,0.7703290833060552,0.9058249402430749,0.8610631005367831,0.7839319862519603,0.8267911265393252,0.8957852421227896,0.8476788170899716,0.7795629166406471,0.888211693992936,0.8344730343859965,0.7750979497344457,0.7998408231499422,0.8040816217350607,0.7811092688067856,0.8333804723485349,0.8274002744199924,0.8185971932411484,0.8455996141742316,0.8661095759351086,0.7256121276822934,0.7650760592019963,0.7968886905273843,0.8112743556985744,0.7371217497164227,0.8245438687872246,0.8379630636138736,0.8629100477501369,0.8440384649658869,0.7115361558921616,0.7793782296756379,0.672024347162633,0.8145468575242595,0.8435911295416244,0.846325371610704,0.6832236877260632,0.727527940106733,0.7691866786715102,0.7922121388607204,0.753608910786563,0.8700124002263442,0.7789446793942739,0.9244537256447054,0.9109382229770372,0.7858565024751246,0.8547470370493817,0.8348934337880005,0.8024065653127089,0.856812200313844,0.8099678398528145,0.8449097583881623,0.8805709516489012,0.7335321995644535,0.8395686319806438,0.6965319519576944,0.8582009847516552,0.9043093737591996,0.8043491948823875,0.8964795088492912,0.667640979050813,0.8187784342652881,0.8665272128268834,0.7794453495124579,0.7237714859328059,0.8178764025654092,0.8422767420247259,0.8407869387107189,0.8966382571761157,0.7914699153937733,0.8314741617811778,0.826797506151035,0.8508214124326964,0.7798598880550835,0.8085677855742925,0.849648079036868,0.8092850515731687,0.7407164749845436,0.9353715465906607,0.754467161478459,0.7962493017125402,0.7593409093100812,0.8526746238815325,0.6598667652128828,0.891362790983238,0.790559089852846,0.8162403343542888,0.7245532469045818,0.8661431687785827,0.8979560362068051,0.9279460152720853,0.8692120978091133,0.8690721523989461,0.8355802203290508,0.7364830647177326,0.8430450675014056,0.8060789464004278,0.945641705218141
0.8070810426510231,0.8910483260144573,0.844293013360595,0.8197504270703064,0.8101240493376861,0.8367871499711108,0.8613323295491127,0.8946840060754271,0.8040855645423161,0.8295670033620237,0.8446969308108625,0.0,0.7788395293585418,0.687962410167853,0.836531531941172,0.8511343033717655,0.8477818182621134,0.7659297470620229,0.8998481747620384,0.801376915730481,0.8845515385530707,0.8580890300677968,0.8239797124400604,0.8699433265259076,0.8725888651354138,0.7386965669276827,0.7263510201420753,0.8186588940892704,0.7946870614079495,0.8291238079061161,0.8811168811333474,0.8335589573398061,0.8187927681193733,0.8742110365779934,0.7910829518029018,0.8004650784206925,0.7802123973180469,0.7744198613320109,0.8908540549189123,0.7908091265705871,0.8060512864096748,0.8619845023728725,0.7930994431495331,0.8279475931811027,0.8548827275210595,0.799509411772036,0.7636477823286452,0.7744524511621291,0.8407554196707067,0.7752558094351327,0.8451806789252716,0.8202455587456333,0.7120046160914091,0.864099305252796,0.8439376747556497,0.7845903902094549,0.8274679141611339,0.9475448361111966,0.7457420191980841,0.7979794909798413,0.778732138785026,0.6371067460400605,0.7691946834271992,0.6868827407556731,0.717537236311365,0.7142032038600461,0.7418242646250787,0.7299381396272295,0.6859748533465957,0.8363857083928691,0.7830102543355208,0.6827145609886941,0.6986202328260019,0.8421060419057456,0.8153473280499964,0.7073838884743238,0.8120047416799057,0.8196036333895566,0.7635047648684194,0.6630615537389349,0.7120692368431997,0.828591104533659,0.8494919053596134,0.6938700801272741,0.7905656110869819,0.8454071973808045,0.7462828497579278,0.7043738518826066,0.7802310752490635,0.8018608700744352,0.8264174963753376,0.8568867926448936,0.8276698685345167,0.762636592265914,0.7570259777026991,0.8284308208338338,0.7112430051363349,0.8533570240845255,0.6505894585756534,0.7956697270291718,0.7050274532448109,0.8513692443027348,0.722246365901424,0.8219052214820234,0.753611091855878,0.8065193428799373,0.7790915878515211,0.849329749230362,0.7798057864197212,0.8432804774993967,0.9030513417344113,0.7667501838885369,0.7133299420118642,0.7814406145411431,0.7371758997196386,0.8442243687835437,0.7993721341311638,0.82110971933134,0.7909335665424642,0.692188649024243,0.7649563083830224,0.7386278136558039,0.7407752387419404,0.8738932483934422,0.666208869877197,0.8603930401892707,0.6953592284696046,0.8732538217987076,0.8407910257984987,0.6873342812108567,0.7874827035728063,0.7887047569164575,0.6643996194712801,0.7906383887322763,0.7979505548082998,0.6772406095824779,0.8090973222347257,0.7642004388376601,0.7763941373579294,0.8767905272581044,0.7083084034321293,0.7667446617530808,0.8593469530016123,0.7602868833703499,0.7977308806481281,0.7813203214641418,0.8806061102301072,0.7628887598361042,0.858800528510981,0.6669135493005974,0.8233564673731603,0.7615925652508257,0.8384380785314816,0.7855854130314356,0.9434814786024153,0.791316754165294,0.7793545006373036,0.8697316448156043,0.7242783490350518,0.733679035094673,0.6495007279127852,0.7388537606139501,0.878399823651512,0.8295226239818383
