0,1,2,3,4,5,6,7,8,9,10,11,12,13,14,15,16,17,18,19,20,21,22,23,24,25,26,27,28,29,30,31,32,33,34,35,36,37,38,39,40,41,42,43,44,45,46,47,48,49,50,51,52,53,54,55,56,57,58,59,60,61,62,63,64,65,66,67,68,69,70,71,72,73,74,75,76,77,78,79,80,81,82,83,84,85,86,87,88,89,90,91,92,93,94,95,96,97,98,99,100,101,102,103,104,105,106,107,108,109,110,111,112,113,114,115,116,117,118,119,120,121,122,123,124,125,126,127,128,129,130,131,132,133,134,135,136,137,138,139,140,141,142,143,144,145,146,147,148,149,150,151,152,153,154,155,156,157,158,159,160,161,162,163
0.0,0.6674387161864477,0.613543769205646,0.5455586782453562,0.5537587389476006,0.6097532707384511,0.576083666635534,0.6321720593732202,0.6292385832931907,0.6161945454731695,0.629152737738421,0.5571063547222003,0.706222949652008,0.5808748864329257,0.633865046055664,0.6387323367497918,0.6460930668242284,0.7152901056943888,0.6174753851631489,0.7143709804716684,0.6527331964691433,0.6593212478413796,0.56296241912101,0.6720255988379876,0.6829581838044937,0.583062770162911,0.5572285872995961,0.6265454079841893,0.5869125003349074,0.5667425805337997,0.6549026668510363,0.6522080387484912,0.5710305306989647,0.5493006067548133,0.6726812651682814,0.5345432915884616,0.7154549705262356,0.6135368494817625,0.5514163758798546,0.6958516220202421,0.5739472129588996,0.604766851701011,0.6528148788464463,0.6269973958416855,0.6655798307126222,0.6388217580256379,0.5869072710515475,0.6295430104177272,0.6696510509457937,0.6073880432461325,0.6455260031316089,0.6456077836124599,0.5483374550552435,0.6276194253113377,0.5864238093190962,0.6031200028325345,0.6903683908727422,0.5772989243750662,0.6204263938671448,0.5794582297968676,0.6479856018003927,0.4868157201184077,0.637635742537802,0.5109868162780359,0.6119353405254544,0.6269750938797243,0.6142073841174531,0.6706514325028663,0.6106199037186826,0.6732554076201398,0.7220723877068649,0.6162263675165826,0.5899880988290112,0.6614394907344286,0.6297293664283757,0.6581983742951477,0.5667535404777836,0.581688650957984,0.6013554117885557,0.5621393884758421,0.6023701523966817,0.6460692902815767,0.632096384250456,0.5907420404078997,0.6027528307155416,0.6532240728643226,0.6484609425580051,0.6034571948838752,0.6268782200417929,0.5494578582002883,0.6031164203985477,0.5766516287129324,0.6077945705443385,0.656060464557856,0.6155762627947312,0.5997204737486735,0.5711222050611824,0.5838723317957133,0.49610737327243437,0.6246850738660816,0.5707831357381897,0.5866894385449679,0.5290185179559084,0.5364827434417576,0.6197186361344162,0.6205221873843371,0.5748619413762858,0.6089012410919924,0.6381397121150583,0.6494147566764805,0.5980750997825821,0.5660654210882109,0.6237414336622893,0.538136011663934,0.6126400352693749,0.6488239430416712,0.6628419763628076,0.6068248967824222,0.5588277562051761,0.5266696228058342,0.5951361626861277,0.5455896475458296,0.6258108912164103,0.6986224330899649,0.6141118706421927,0.6301945853261073,0.5067301748029276,0.5520341471791764,0.573196234578539,0.6545170425059151,0.5768727655076458,0.6027036757005477,0.569219141315304,0.5642927519733331,0.6291832713851585,0.5896269708577009,0.633371486941673,0.6632047730647012,0.6397831219741433,0.5922277844422407,0.574063621427172,0.5645521087942138,0.6437132601442845,0.5442170197567736,0.6187718361660852,0.5602622330692563,0.600724176846412,0.5650486526065082,0.6756942397253148,0.41416822261783615,0.6863935089058671,0.5898421293655276,0.6000188758949223,0.5453467130538427,0.5911819551130154,0.6829994767510964,0.623935956724614,0.6159389415673312,0.6087718429905291,0.591400305695933,0.5820326515732148,0.691986667794422,0.531991067708382,0.6533091903318731
0.6674387161864477,0.0,0.6406600308983296,0.5659996116285743,0.5457590621371117,0.7089012217439283,0.565633264353473,0.7481503103830239,0.6805547544252529,0.6747863747318131,0.6061534889926985,0.6338972117946547,0.658530770903174,0.5919626646299344,0.6102871469643673,0.65326469630996,0.6279174559287435,0.5971316712916813,0.6175747488669645,0.6214689918891776,0.6330931499712771,0.6496283646943514,0.5469216896509143,0.6157571759061086,0.6655860401100079,0.5636288393137112,0.5938624683570743,0.5925479932250926,0.6877935245684166,0.6094367177986371,0.7317127036267458,0.6445791755276614,0.637036522195143,0.5514937226421474,0.6358355404248739,0.5760383083254494,0.661592023256853,0.6395017355979646,0.5983030382167883,0.6450972425159128,0.62307217655044,0.6146152718941239,0.5707688375053436,0.6136611165212065,0.6771406313176884,0.6060064316596878,0.5879977749496638,0.5817098418715403,0.5984828666865413,0.5776065769399041,0.6086890877995235,0.6308385944341148,0.5446987573365585,0.6598402495774823,0.6091231114424589,0.6962994289645347,0.6245627416074904,0.6462468063952722,0.546823155858932,0.6031001450743029,0.6662196511310811,0.5146842250948857,0.5917645652152044,0.5147199066452438,0.5389038866448417,0.5538923775549001,0.5958111825541552,0.6012618060429952,0.5494290077090646,0.6684188992284549,0.6539660248239842,0.5938945099942964,0.5478271728098126,0.61994978089781,0.6696614004994982,0.6052188243104452,0.5534974284967598,0.6357259922136002,0.5887764031787084,0.5697391611019452,0.6046525654809546,0.6322745144483417,0.7148536057493436,0.6190846450155666,0.5891521825732967,0.7254388559502235,0.6420706824637887,0.5560576329061264,0.6527247784702472,0.6303599328875032,0.5923320819852322,0.6412519175306216,0.6178326353864845,0.5939669232492107,0.5977703679667038,0.6997709280571275,0.599238976539249,0.6345192050512364,0.5191846981462079,0.6304403281681681,0.5981005975282091,0.5726211672167478,0.5147173476813056,0.5671010251996301,0.616229937946935,0.616064260208116,0.5728302150655513,0.6202727699831786,0.6283565616501031,0.6249531482098736,0.582119495661342,0.5546651731687277,0.5913308694229029,0.5808803688412651,0.5978201915601924,0.6975180647531527,0.641496445621943,0.5548620153649125,0.5463735676999332,0.5894576271815684,0.5787034234390305,0.6030437012111263,0.5828120174366754,0.7120658721131179,0.587876429421033,0.7379997471940323,0.526444065711101,0.6374589744410357,0.6223276702484575,0.6155303458957896,0.6837236821396621,0.6248272345537672,0.5777671713892643,0.615032542919327,0.5903078622840833,0.5336832388380944,0.6254835304827502,0.6343891342345246,0.5949848000124545,0.6144312579582566,0.5712297337933536,0.6044634866220736,0.6718956304620078,0.5699503216978491,0.6328756486957953,0.525162731750545,0.6760059854562631,0.6086521320231034,0.6936740691598668,0.4556239228025114,0.6308662991045951,0.6137772091432664,0.582288853606007,0.5674719820320567,0.6301780099538045,0.6456105533615869,0.5676998042322734,0.6788978534432204,0.591999070413258,0.5684779654732767,0.5656564603854997,0.6854324737694052,0.5617447846580157,0.6073192108328157
0.613543769205646,0.6406600308983296,0.0,0.556634109876833,0.5774024224597525,0.6075097652035405,0.5648880926014656,0.6729081004086059,0.5841412637988971,0.7333042220616467,0.6075097700530182,0.5764726785077107,0.6449910076078549,0.5399620983646038,0.5742867450224115,0.6711899968274585,0.6659290898793846,0.6273139915641603,0.5774973288243797,0.580191632288541,0.7133864234380014,0.6974495325995712,0.5593855289681272,0.6114986974323163,0.6672434704029936,0.5956990253832029,0.575181155026776,0.5783171490926252,0.5883499476172891,0.5685673174953328,0.5730853979235457,0.625033677739488,0.5504250245629398,0.5190650186948902,0.5462539129239881,0.536624261132908,0.6286461914446314,0.5944835712432545,0.5389663677553226,0.6729627099906719,0.5683695599691058,0.6814248010768412,0.6149877064444376,0.5671576755937285,0.6280603241400501,0.6004782644776918,0.5927651859199411,0.5752187905649072,0.6069566393538393,0.5753132347357662,0.6243375406270655,0.6158382366702613,0.509139170186167,0.6309211945531078,0.5689922652783515,0.6107061998402242,0.6060666470958925,0.6344503961113744,0.599955440863022,0.5450932434125014,0.6228762522575191,0.48151373039591805,0.6074010399211182,0.5061786441405289,0.5487032614282643,0.5689319418186183,0.5986755816718037,0.6545546853702546,0.6407908580088149,0.6822464404068689,0.6479658165488097,0.538091507450328,0.5703998627030036,0.6960982338334218,0.6351304872320797,0.5300885559224038,0.5948937634840693,0.6284753002571205,0.5595648469848531,0.5195776712508877,0.6056317636768155,0.6262519551904226,0.6334083244398618,0.557779780364537,0.6029826847617008,0.6309555852280959,0.6151580852669977,0.5642549484012992,0.5801764028987726,0.542691143496583,0.6183903093093968,0.5597141132520177,0.5762461550774977,0.5340084473075077,0.615475521345192,0.5950021204761118,0.549687454980584,0.5978091433623055,0.475962579327406,0.5905625110469164,0.505227487582953,0.6384764963599722,0.5393831375494094,0.5623758055467989,0.5716763371878537,0.6332219123547916,0.6100001797774921,0.6446200256773571,0.6228630142833345,0.6275463930671552,0.5856621620694521,0.5627873845644702,0.585343213451768,0.5746523518325877,0.5388006843287176,0.6290229466300946,0.5829035713453006,0.5847389436223728,0.5936141043748291,0.5283449637962602,0.5552968527916502,0.575479726992234,0.5561197084631994,0.6395741092908505,0.5211435100549415,0.608028366817979,0.5273384683930139,0.5584340162573561,0.586426327306551,0.6074317582655419,0.6023805345872774,0.6905580328065906,0.515482833899669,0.5289260635410484,0.5830581757453032,0.5088025438523889,0.5426183197133482,0.5754840280502145,0.6343270135815142,0.5858959158576678,0.5221573794989665,0.5601625551409924,0.6324957856026031,0.5822655179606337,0.6075541070403702,0.5483570057079934,0.6056188743354268,0.5962085218015534,0.7071729059213034,0.42536687420186714,0.5688263061644044,0.5480854126458989,0.5980351172594199,0.6354803318875988,0.6364628940086028,0.6289959649069776,0.5404193368258743,0.66452936919172,0.5176912739257917,0.5537811927842868,0.5968869429321076,0.5690871744620616,0.5838819639200851,0.5872464353451006
0.5455586782453562,0.5659996116285743,0.556634109876833,0.0,0.5590099933033854,0.5679802470684584,0.6328579545372626,0.5770650285636059,0.5190332999049865,0.5820018537739902,0.5975751866569847,0.6044885843869523,0.5220062994469986,0.5070248220196861,0.556305351560726,0.5417312843333566,0.5668357824217044,0.5336954344821594,0.6102715649486617,0.48718355528244145,0.6176171851430678,0.5535060375669163,0.5752926876511906,0.5462709550375147,0.6166105456293756,0.5898018733520056,0.5509927760472466,0.561459637500757,0.5766103443704271,0.5083229196206481,0.5671433053299819,0.5414158565596916,0.6690673701151629,0.5429626125155619,0.5593660531136435,0.5541813420034523,0.5624390050140985,0.5471617469280576,0.538981235867488,0.6080735641270167,0.6007253244489691,0.5779314967510624,0.5387376709372711,0.6361535025445051,0.5509814347843479,0.510748622234153,0.4912144614626156,0.5438489323165998,0.5877005298573977,0.5137830329510967,0.6217061563893397,0.6155718086459054,0.4711766185548702,0.6976800023984218,0.6150588299993944,0.5312601487306079,0.544771257258502,0.6552897147663491,0.5311861130146148,0.5049216710011335,0.5577875988350871,0.4527913895818139,0.5646429555410947,0.47244193971054765,0.49210889964099935,0.48925288301781833,0.550879930306248,0.5206200006133898,0.5228465398893994,0.6127650912276267,0.546870379644386,0.5082056403329729,0.5590597854314792,0.5989236456560415,0.5448635716859693,0.49169644292542414,0.5484278337108537,0.6129541509089924,0.5232666395415525,0.4984743328285744,0.5301046437702625,0.6127849581595324,0.5302830807105107,0.5096076155388884,0.598692121798811,0.5458377737726566,0.5853079132403425,0.5361415444020651,0.5288684964338676,0.48943732430653847,0.6532118898750654,0.6248830569809405,0.5638679884184066,0.4959652193350955,0.602291093103947,0.6064788078507226,0.4915319689402225,0.6180753709355142,0.48641709806715516,0.5649604346966851,0.5038773831688416,0.555963461005861,0.670570722120383,0.6246383864634646,0.5561526459636075,0.5103452924786638,0.525667213835578,0.5703114874882812,0.5406637191764243,0.5264310015097468,0.6863273078174911,0.5711049276568099,0.5647643542583889,0.5514966209571249,0.524314087458159,0.5611576808268335,0.5545367353144866,0.5111238619077144,0.6374394426723716,0.5610718956001861,0.5089557733167307,0.6529677995021377,0.5197829453252647,0.6023266544519165,0.5106891338974627,0.6049507698548938,0.5037166823417707,0.5022523369900405,0.5850845474008771,0.5178933172728962,0.5039177444332263,0.5375702225689893,0.49217535411395885,0.5710940595527585,0.5162408027310069,0.45101492067760945,0.4608077144910675,0.5758718541293686,0.5454866432507098,0.5537755166005661,0.5825458478725803,0.5094033826277885,0.6116284977398984,0.5769153144965925,0.5739428145237769,0.5449116002854374,0.5408370522294826,0.5117929124516896,0.5599529257802422,0.4089890582791071,0.6068912993669409,0.5587560023562558,0.5408581164293771,0.4879860558229848,0.6697982567347714,0.5379047216337827,0.48225932608875854,0.6109573688361762,0.6412647951017996,0.5748423280672527,0.5172220493522339,0.5835846376142729,0.5523905837765306,0.5834251908189051
0.5537587389476006,0.5457590621371117,0.5774024224597525,0.5590099933033854,0.0,0.4880231998026299,0.6288416450608676,0.5469501576444757,0.5728870821874839,0.5376609701097337,0.5911264615252192,0.5915374165545945,0.5037374178823378,0.4994247483670576,0.6182995321786776,0.5566745937265632,0.5514070270002901,0.5591494109436775,0.5562212896028573,0.5174041189277837,0.629193680433132,0.6355848572967067,0.5865390155676747,0.5937620252257014,0.5691628266144299,0.5789502475732783,0.5686541176619221,0.5012581059185753,0.5309871731599153,0.5703756493349335,0.5874866101759015,0.5266419339326897,0.542411541737683,0.49963732991395954,0.5601470024688412,0.5554018867768618,0.5590819529444604,0.5651021263124544,0.6075964654236622,0.6080001908363585,0.5689568887601186,0.5950085519820393,0.5944499600259194,0.5937783851070211,0.5528815492500986,0.5186841631466381,0.5294563359000295,0.5481651077721552,0.6159574535162742,0.5731273416922492,0.6137965656308291,0.5430382330680664,0.4655074075218882,0.6049495169881015,0.5831110573620428,0.5114747337186945,0.5647435594632488,0.6239753961888814,0.5449311764560718,0.5176402388460621,0.49679034661931754,0.45138388655652445,0.5255808697742974,0.511326304915307,0.5294476482437113,0.47938820889321204,0.5345729512217664,0.550670419707294,0.5565604858665675,0.5769209420138868,0.586184577010477,0.5289278284058678,0.5185215530233027,0.5862663366758064,0.5118196478345447,0.4658405901814861,0.5612291013210137,0.649902205431598,0.50578882275544,0.4579937176761321,0.48091925644538097,0.6529137638004744,0.5594018437015496,0.4642990716825674,0.5697602293760295,0.5496881127196925,0.5360634217463419,0.5587084108508897,0.49022432308264324,0.503901312129302,0.6960212768385584,0.5842504038735055,0.5990322679558049,0.48023444984368124,0.593727022056326,0.5578260534641292,0.4890810076325288,0.5314786649319667,0.5012152654994964,0.5061319063530824,0.5018946828929066,0.5739885218713972,0.572333851128969,0.5375272925031186,0.5413110421412566,0.52573775575262,0.5127365710355102,0.5293512702826221,0.5518689501088694,0.5277073108755533,0.6032747609307764,0.6146755928180192,0.49151895855792704,0.5402791570930823,0.4902841570882823,0.5366348240321077,0.4919787137389917,0.5997956682897359,0.5104555116916564,0.5047387959069551,0.6178278710138557,0.5567925074599931,0.4938476683390846,0.5820960388959392,0.5172152199066556,0.5434489734280572,0.49181485595890667,0.5474389407793544,0.5132422377355018,0.564376469087103,0.5034843420424434,0.5477305720151175,0.47160589166163136,0.553348058729232,0.5536717778084334,0.4877303373047433,0.4853032089006873,0.6261818643629529,0.5870420769217345,0.6085979438398526,0.47841189660890654,0.5195426661756956,0.6067162580930375,0.5993869925331516,0.5898447120850143,0.5591164057958162,0.6367960505556788,0.49485744504979157,0.5620893634468506,0.40490581068387993,0.5829808110202656,0.5029259619467136,0.634858508088443,0.5602062235244079,0.5823387718756189,0.5577607506467652,0.4803520943690822,0.5517780085826721,0.5266116747227171,0.5221470019999261,0.4726571508166246,0.5306135929242478,0.5504377949887584,0.6225911859290095
0.6097532707384511,0.7089012217439283,0.6075097652035405,0.5679802470684584,0.4880231998026299,0.0,0.5236181754061601,0.6475708383893489,0.5618651286141237,0.6366326529838298,0.5791542602399089,0.5669606804167066,0.6544964094835987,0.5546587647771144,0.5284875388297581,0.6085812112950169,0.5997322580656046,0.5423294669489853,0.5675638836020555,0.5495616842560865,0.5845428139208052,0.5706354136959534,0.49713229244710794,0.5560850050184565,0.6239175174910868,0.5480361107979185,0.5239757916949818,0.5810620568448013,0.6520702177894395,0.5306199202926773,0.5880926232879872,0.6063993740614954,0.616432387569208,0.5268501784385196,0.5684749832640811,0.5205604051463977,0.6266169583215563,0.566003806728686,0.5118578350631312,0.5895147143371415,0.566090504205104,0.5767387038340733,0.5166603332346429,0.5887075496511668,0.5933763965616525,0.5496988243352146,0.5396413996163388,0.5692921528566751,0.5392139290206609,0.5094933135732203,0.5618680042873634,0.6419770202939592,0.5085357698989931,0.6187963979592458,0.5596908821550545,0.6629735665368873,0.5587849129301439,0.5968496863489801,0.5063558064031233,0.533696027309125,0.6761778515109533,0.48868980665209616,0.5886558947390098,0.46614433406244093,0.48935484329693496,0.5329728108819346,0.5656746306742326,0.5735253786195021,0.5099053671684646,0.6190523820462283,0.5886636597377957,0.5272405513016221,0.5434382319911986,0.5835885328224788,0.6369225004348035,0.5794598091781094,0.5219752679518237,0.5804763628302253,0.5475356994713223,0.6095733398055043,0.6367062906926261,0.5540409285578688,0.6228867462137662,0.6331632147604479,0.5519767770167778,0.6242829957005891,0.6294581645238934,0.5040563403134842,0.6094968102248203,0.5626870184972197,0.5438063824031542,0.568687960928156,0.5431366510961084,0.5620342688030099,0.5529888809544523,0.6559717880335262,0.5452307743139647,0.6170611397032408,0.4778561198614171,0.6114080433716821,0.5426849152185493,0.5234250538651761,0.49413326569737653,0.541043088359679,0.5611724160370816,0.5695056190369551,0.5398295987269128,0.6010634007463319,0.5641855321317261,0.6035124006800722,0.5605871765636656,0.5018870998812749,0.6331812737835297,0.5335185086631103,0.5741032214782429,0.6615438634667584,0.630749513006961,0.488770403435952,0.588371473982669,0.5719340959089521,0.5054437524722221,0.5713398929984146,0.5815429310639803,0.6476324367658468,0.5439333209513515,0.6855514021186349,0.5025439619135678,0.5494806171213712,0.6132625602462183,0.5398112209886936,0.6105057528569534,0.5925207108226546,0.5571203368419925,0.5628493319277591,0.5314708287130198,0.4902228434366425,0.5611688849714712,0.5499914722538193,0.5270129533316867,0.524031440869434,0.5875699307816722,0.5597173797792121,0.5845506751108945,0.514240863309865,0.5757551300022763,0.4935561723234743,0.5625598901061177,0.5751759665775177,0.6128616913046164,0.4397645865411209,0.5702343093806318,0.5825323513723005,0.5044414276297897,0.5032985448599389,0.5976859586703024,0.5784356317949525,0.5496207368965985,0.6821336111888489,0.5851079013139703,0.5611126471383437,0.5696781635849987,0.6470167714681379,0.5147328728391328,0.557836340199029
0.576083666635534,0.565633264353473,0.5648880926014656,0.6328579545372626,0.6288416450608676,0.5236181754061601,0.0,0.556844003450408,0.54571860671285,0.5971257639312577,0.5883371973146654,0.6074750185429454,0.5385962468917035,0.50831546484896,0.6160311270546532,0.5448521882308136,0.5489509528963764,0.5577261633431335,0.5730192094553999,0.5037881388297047,0.6048539883928765,0.5986234826112838,0.6330252428079921,0.5971011136253868,0.6260997152853285,0.5781378689504026,0.5759055255936648,0.5348253567469694,0.5394740478263316,0.5442881474163991,0.5950284212082765,0.5722999531307399,0.5790651208387411,0.5485849818902272,0.5627337532610627,0.535442969872172,0.602784193839309,0.5166539245590888,0.5510533635696218,0.644957271336072,0.5340290820309288,0.6092620033414864,0.5704189268651599,0.6036652810594734,0.5797120699999593,0.5280168241776717,0.5313010849094819,0.5504656352871076,0.6820463247510788,0.5349811064307112,0.6488927764225467,0.551868842993054,0.46076845451397525,0.6396809071509877,0.6100347244164854,0.540209676286856,0.5481537581268284,0.5954967476767312,0.5809791337643215,0.5159912086231015,0.5279143413796225,0.44795732064663135,0.519617265795371,0.4793518204760323,0.5152225204368213,0.4896430142372946,0.5809962319739054,0.5794853201095949,0.5418923521479649,0.5849374140595767,0.5754567889996438,0.5133904306357988,0.543155951409201,0.6279181934260176,0.5044371934143554,0.5005711510206489,0.6016335678809384,0.645640678262959,0.4887477210806721,0.4673926015334441,0.48419172883760236,0.6399096817154906,0.5581452955536542,0.4604854726962808,0.5583894332631458,0.5252989466171756,0.5616783986871219,0.5911009211046077,0.5254176360917662,0.5069017038266278,0.6555373680909223,0.6397680421341505,0.5763934155908174,0.4947807880609645,0.5845215399106588,0.5936630233837497,0.47405559409107517,0.5653835289201751,0.4800003492241688,0.5691376792863938,0.5005939138383191,0.5896463181633264,0.6219411629271591,0.5577302834692154,0.5323283894868925,0.5194220318920572,0.5157758398799811,0.5404516307184178,0.5610781572511829,0.5586234363316697,0.703789110751958,0.5606853868502479,0.5425064712194226,0.5171208842139712,0.4908957658545019,0.5434218416516717,0.5189805951989591,0.593334212932254,0.5513056101536666,0.5081115347943146,0.5297840238477293,0.5510573004859087,0.5005079320188831,0.6141866597537315,0.4990003003317947,0.5709124537803416,0.5016105496977108,0.5406618191657253,0.524984024366342,0.536437672907653,0.500318364512552,0.5156936481432959,0.4740015398558275,0.5226590951121067,0.5293466613843132,0.46163114842040875,0.4765296841809453,0.6028949833775504,0.5639229094788059,0.5620347587266521,0.512931764317254,0.5106349786753165,0.6433436078628675,0.5568047739632713,0.5658235766000931,0.6170341813931434,0.5656431855180919,0.49973981947659846,0.5619115647075784,0.3832527945543612,0.5943973812141619,0.508922959135727,0.5660210141391082,0.5642978555024389,0.594358094545462,0.5655943268056861,0.5069635532011614,0.5920634630415331,0.5794985909085947,0.5760518658092934,0.48902043726571776,0.5402146217704855,0.5193574904393252,0.5831297843001073
0.6321720593732202,0.7481503103830239,0.6729081004086059,0.5770650285636059,0.5469501576444757,0.6475708383893489,0.556844003450408,0.0,0.6640944869917519,0.706813474710761,0.5915125985297095,0.6430405648909608,0.6444730846210877,0.560854978685338,0.5861367572255238,0.6872578439083429,0.6790073289243732,0.6203410160058319,0.6373782584608761,0.6148361221398679,0.6790735921700186,0.6280780816738551,0.5948853771771594,0.6120035941587757,0.686774554825,0.5860131971374894,0.6480987754384174,0.6337446947430259,0.6176091288790356,0.6451822576134509,0.6631552710189459,0.6332312723293713,0.6025069673532167,0.5713211514213752,0.5821140921399682,0.5667672476322304,0.6294653615260254,0.6601222230416646,0.5816282192447325,0.6758274244109161,0.6305943196499717,0.6492799077260398,0.5904880187719205,0.570157079239711,0.6920549286090097,0.6499446241415344,0.5932256942585261,0.543230612885053,0.607242662318119,0.5805542744052676,0.6154800290671497,0.6404448545420683,0.537172794617491,0.631567287835795,0.581681013063609,0.6829017756344615,0.6464642281779012,0.695626769377807,0.5540248132081842,0.6072491269722026,0.6472070997372887,0.5085237168892014,0.6001553576742679,0.514341916262353,0.5366891871972301,0.5675631242766043,0.5932140732401664,0.5851278686904997,0.5782573401669221,0.7229804378894431,0.6320062765954281,0.5763800017363097,0.5489702465127825,0.6518442498846722,0.7081047277284612,0.5782072593009292,0.5703556627771531,0.6451678803242425,0.637839755774389,0.5524120041017228,0.6106304430035724,0.6387598598299483,0.698132792489684,0.6196892246076938,0.6341269925979679,0.7810859501562633,0.6373017343665389,0.5585671941717822,0.6866102017150084,0.6211646985341563,0.6143053597715443,0.6171053818084252,0.6011436083493532,0.5753016978516272,0.6110460257821548,0.6313919563891214,0.583921519063203,0.6645493993613559,0.5040032599154632,0.639938587827799,0.5512222801095604,0.6154587875937518,0.537133459960723,0.5881156502712528,0.6155868169959918,0.6791541245044144,0.6213958553528457,0.7029843833216677,0.6544261796847048,0.6075611699713503,0.5786532779485516,0.5787074638593175,0.5696427384180518,0.6368020872573773,0.5970982280393484,0.7558863209753698,0.6602585127346038,0.5567113665514563,0.5496093239208635,0.5903107907190127,0.5713252332081349,0.6490341041752083,0.5758599604125686,0.6988262910490486,0.5441751627180424,0.6766238589646514,0.5386514082846638,0.621025075496226,0.6268684924098424,0.6136375264361416,0.7353090419661978,0.6728275720172567,0.5683215703694025,0.5876578117214146,0.5721729359713563,0.5039971035528936,0.6081871953106714,0.6094631706427509,0.6398688008100913,0.6571720807721283,0.5402214128981147,0.5806537787748051,0.6840122613508057,0.581685935076498,0.625792648362227,0.534957242838803,0.6538952372268115,0.6448776777865816,0.7372564307953652,0.4617795606517559,0.6178492381058903,0.6013766418010138,0.6104809419652352,0.5999589105124596,0.6928380918491143,0.6446243026780363,0.5525071437592767,0.7211698791694694,0.5445645431961481,0.5686868756494656,0.588801721016943,0.6421696913737163,0.6254281220734633,0.6016427004393152
0.6292385832931907,0.6805547544252529,0.5841412637988971,0.5190332999049865,0.5728870821874839,0.5618651286141237,0.54571860671285,0.6640944869917519,0.0,0.5835230486865985,0.5711807110608598,0.5846377572366881,0.5740061393122327,0.5450427689847552,0.6132166428803018,0.5837007924585731,0.5620331282518097,0.5908487615916646,0.5602028719443696,0.5968261663158559,0.5936639451469647,0.668201398526823,0.5387584634976139,0.6010403543640614,0.6038541549490388,0.5299965799163706,0.6010327058023629,0.5339149639099957,0.5560479286298747,0.6355544386571659,0.6860635553979018,0.5539043367080213,0.5516029219440491,0.49821407341220103,0.5922926619440857,0.5283421276236588,0.6108633063144883,0.613955919089903,0.5933503100616927,0.5974595321659574,0.5637999584278706,0.636445476073784,0.5479715910328848,0.5529008126659767,0.6033867215881172,0.5602786462630935,0.5447702904930127,0.5314714890651485,0.5737015576488244,0.5560919097846627,0.5616109228514211,0.5474252302493247,0.5076000941027113,0.5714681416477241,0.5357857212317253,0.6502231969901756,0.5917481902193655,0.5991779215138557,0.5248102122781366,0.5518069685423287,0.5682360441559977,0.47494526698704065,0.5285099782694366,0.5004079196429173,0.5364861222912093,0.5133505970996639,0.573297991995447,0.5875745121587298,0.536360507084765,0.6489961809548839,0.6366309366381313,0.5621171946182663,0.5194904706744969,0.5721749102075147,0.5888700685905875,0.533118063446485,0.5274569582995672,0.5947292861319794,0.5427938270874918,0.5080742378285329,0.5339049039628346,0.6602769899070379,0.7041561472863697,0.5347100149593602,0.5577660988054794,0.6800788368857217,0.5999754836035547,0.5359092967461047,0.5640994662894753,0.6636365420585238,0.5818391212138188,0.5965206034483488,0.5639706634276561,0.5342230350327578,0.588153929272175,0.6155913933295604,0.5528144879878584,0.5596985832238148,0.5050967278334468,0.545189172856602,0.5531729223292704,0.5493640089064585,0.4918439930062782,0.522911665599415,0.5645118174308053,0.5658738444282624,0.5189435311019756,0.5780154736414542,0.5682567523197519,0.5786357057700674,0.5341193790037184,0.5554159036344638,0.5273239841258235,0.5835119372217813,0.5252992455611601,0.626305422816481,0.5475049796358985,0.5473297212404046,0.4786499211080793,0.5507219284639259,0.5952962806510255,0.56639556542986,0.5329768663376392,0.6299112714589288,0.5850115974622918,0.5812616513313821,0.49492267045939803,0.5953291835185223,0.5200246719169874,0.5959092181195975,0.6717862388166692,0.5907328688860485,0.5498590766969634,0.6128819767702292,0.5828862955069058,0.5226354943336928,0.5815374464743467,0.6031247022858386,0.5822922234123328,0.6266211648591062,0.5053272636591517,0.5519892703882766,0.642786102717161,0.5643768256949416,0.5997349320339286,0.5105670378996878,0.7472796631305143,0.5527357114314569,0.6148121832586573,0.4295354150450539,0.6080182782965111,0.5468316282006861,0.6017506841569995,0.567525811608416,0.5813677069676947,0.6579131186095675,0.5483688049584946,0.6013143566174765,0.5382782051378135,0.5138578688972033,0.5095110239464116,0.6128432559878699,0.5786104640215699,0.6332064949934688
0.6161945454731695,0.6747863747318131,0.7333042220616467,0.5820018537739902,0.5376609701097337,0.6366326529838298,0.5971257639312577,0.706813474710761,0.5835230486865985,0.0,0.598058103213093,0.604507034966608,0.6551339068328994,0.5349782754570294,0.5815448864911406,0.645346410248585,0.6420175205552379,0.6172596552048457,0.6092874633108565,0.5654617412853348,0.6588614944263431,0.6469910863814496,0.5863512765235868,0.6027940552888693,0.7211403387669193,0.5635375052486206,0.5981730492652917,0.6119940941610794,0.6093368679038652,0.5841478642876503,0.5976747829286356,0.6501664505289696,0.5756439262436611,0.5424257079341569,0.545770752618803,0.5260172417081384,0.6393183589823097,0.5688727760938108,0.5351997339354175,0.6682428970018561,0.5590486094015681,0.6591124480307454,0.5886483162135174,0.561353568743956,0.6370986454181243,0.6046395246009418,0.5737997403655829,0.5555440801823074,0.6271553714239108,0.5462760442242888,0.6215701684198935,0.5963994504921523,0.509146282570215,0.6348623396290483,0.5815993795103785,0.6270739442576199,0.5936119501300695,0.630590701710531,0.5925779852666087,0.5478900448079411,0.6437599891510281,0.47462441877204986,0.5816736425778248,0.4832772138842906,0.5301746330530099,0.558469656125167,0.5987114507258617,0.6291026896347583,0.5975651614064811,0.7001985542190056,0.6102998103448334,0.5302450727393558,0.5510397268384971,0.6829500094391596,0.6289580078001735,0.5620856662175959,0.5940648174046249,0.6220190823394063,0.5519891215820185,0.5233225967891763,0.5934609859558341,0.6093693140378751,0.6490091381067676,0.5526383614191053,0.5827740803062887,0.615403913724132,0.6210118518753593,0.5673109664024666,0.6270813019651145,0.5496761559283014,0.5937211929248944,0.5820574133926014,0.5755945768019206,0.5441422436438166,0.5906934464040235,0.6245933895532451,0.5344061808258763,0.6115562670142597,0.46467279610085543,0.6219346911077486,0.5105604779487203,0.634579277983666,0.5414617304624516,0.5876836439202273,0.5617262780564584,0.6074778100060297,0.5961386335237326,0.6523912798564319,0.6214487751204117,0.625872639577415,0.6010086902653335,0.5348489401130543,0.5882756762027553,0.5711494464334739,0.5388683627856128,0.6330397238282103,0.6149266757143232,0.5857671616042822,0.5818732720438144,0.5301904072153822,0.5194403687882049,0.5803815010040433,0.5397379770762998,0.6671155145415366,0.5091371760154393,0.6515963432687549,0.5154045823040586,0.5587933633879817,0.5876170927369548,0.5797145691024633,0.6167167279560808,0.6221488508594389,0.5215777657154638,0.5199256211721393,0.5576830154229105,0.48842709245796145,0.5475105229835684,0.5654623791862146,0.6116971381210402,0.5881757572817162,0.5484390460357872,0.546307314108804,0.6455757295936934,0.5546508317497109,0.586689013845519,0.5439267266300387,0.578669631258668,0.6155712214791624,0.7048190380393498,0.4155884851500215,0.5773288555309758,0.5719110600681089,0.5724714145069412,0.6124717186367782,0.65317933523203,0.6268636448549673,0.5586830529358707,0.6983763949011231,0.5401239964780198,0.5728288455655622,0.6002474771943082,0.5816070526982591,0.5690891998331571,0.567753510453143
0.629152737738421,0.6061534889926985,0.6075097700530182,0.5975751866569847,0.5911264615252192,0.5791542602399089,0.5883371973146654,0.5915125985297095,0.5711807110608598,0.598058103213093,0.0,0.6156724794754846,0.6035597188490606,0.541834311759613,0.5623362047482662,0.6509211016210655,0.6258412551265895,0.574882866990105,0.6193059332812336,0.5932964505640478,0.6741667151230801,0.6570837553438132,0.5837128289990406,0.6623396233021255,0.6928224843978493,0.6155017247057797,0.5808254123311465,0.6190916971694704,0.6367460801103428,0.5511324432122007,0.5998755140646154,0.5891307947405949,0.5456814575846226,0.5625925587918947,0.6179419217828332,0.5386853733428856,0.7041402488936158,0.607329547578938,0.6109292731809672,0.6542278707121867,0.5523639120090922,0.6364727805825208,0.5747701189493342,0.6626456714910148,0.5979197181362935,0.5251350040814833,0.48559701354136514,0.7097640050052049,0.6725609505723809,0.5392987973635323,0.6027606340403968,0.5765921316612994,0.4676156369780498,0.6606046982411202,0.6423688007694615,0.557838780697372,0.6083589390057412,0.638797560498235,0.5573621428743966,0.520678818164064,0.6292677873205672,0.44604023310846264,0.5551124448033552,0.5093965528709897,0.5143980326337062,0.5208317448530756,0.6261188273754423,0.5697872782416301,0.5561630098500635,0.670302987925119,0.5997886989975165,0.5535433083727684,0.6053538052247676,0.6331634060233948,0.5825510895093456,0.52092458892419,0.6143410833726034,0.6419967603683127,0.5327089056339026,0.5681755091208871,0.5453027969090297,0.6033150327459402,0.5763630114852772,0.5478579794480694,0.6137670896251742,0.5911790983979754,0.717192802198356,0.5363393447635874,0.5309257968150592,0.5421776758934487,0.6162681011037956,0.5517772686243325,0.5843125757916942,0.546282582535996,0.6189936201433431,0.6092186991634214,0.5143164365451146,0.5714127477756,0.49587712575034304,0.5452503378280708,0.5759971285812631,0.6053432196125197,0.5441832047897014,0.5342875146516067,0.5547837291785159,0.5388590786900209,0.5359280322251663,0.6258244063914328,0.5380069653033237,0.6598477590813084,0.6978394238627286,0.5942124441225558,0.6029480571748167,0.59779044731875,0.5223329907431944,0.5900764512799244,0.5560079919809913,0.6175370377648379,0.6004313905707037,0.538990419021279,0.5920360755905502,0.5572452664056508,0.6153058764481716,0.6368454623674759,0.6051930596441204,0.6247802905158315,0.4863317758371156,0.5428951091018488,0.5846019678510487,0.5577036742937734,0.5339320053154095,0.5999034010181155,0.5948464591475072,0.6124573555495234,0.668431335863141,0.5024908408698129,0.5318465308994513,0.603383121376398,0.6369999324807346,0.5853792684500595,0.5272123032504633,0.5736359717499334,0.6000988537818917,0.5774116345893094,0.7032396552051624,0.5337603170143679,0.5781594900439901,0.5134184493815129,0.6324026714967789,0.4315546595246509,0.6990626529390122,0.5395338732601258,0.6321334963328149,0.5041823878604302,0.629399112366151,0.6478921248879805,0.6206030433308595,0.6185961873535707,0.6193152966200299,0.5974801158627268,0.5035370964181942,0.6433568306930316,0.5569159103346882,0.7500039690957506
0.5571063547222003,0.6338972117946547,0.5764726785077107,0.6044885843869523,0.5915374165545945,0.5669606804167066,0.6074750185429454,0.6430405648909608,0.5846377572366881,0.604507034966608,0.6156724794754846,0.0,0.5338124157052859,0.4912998810627856,0.5752360564653549,0.5941933442765716,0.5723323982293735,0.5234444307924141,0.6385269590864826,0.531483516330232,0.6164810734841317,0.585269497296082,0.6373640027729578,0.6267949726200249,0.6622342677224664,0.569778298607983,0.6164514013798256,0.5704026800716472,0.6028316386839027,0.6238047710052411,0.6542301282937473,0.5465853690458481,0.5934323156449238,0.5958500460979549,0.568515571742534,0.5496458782782918,0.5952167075832131,0.5657632029216506,0.616907479839877,0.6028367416133417,0.5878822131590141,0.6086033296259339,0.5364082234781511,0.5990403891283559,0.6076311960984491,0.5250650265893249,0.5129188776180744,0.5510082843431494,0.6078006949894884,0.5121250840505743,0.5645077033200404,0.5659780042038357,0.4496428250010128,0.6204942444042948,0.5951000853333839,0.5787571561535103,0.552654798102867,0.7248923978830839,0.49221735495695706,0.5238093674094508,0.5380170093199367,0.44048463138494337,0.5107542723023222,0.4818133253219382,0.4682193548682255,0.46728741990438905,0.5369263218380536,0.5126537056679454,0.4986769756994554,0.6163845346228878,0.5390263709978118,0.5084121624948963,0.5006506829762697,0.5677001127643334,0.5451161171644451,0.48862425731924386,0.539594199646277,0.6668296490639798,0.5347309667648356,0.4931348390211425,0.4963703329046177,0.5842070877933913,0.6074627269813097,0.5062750741248674,0.559396370789275,0.612908740521588,0.5827225401196415,0.5009045463279288,0.5419822251050385,0.5756658676560062,0.6023465211533372,0.6120009257444188,0.5658780563451894,0.4918745254867843,0.537926833789104,0.6589301889608961,0.48205685875672055,0.6336977267128501,0.48006015668081237,0.5412965630596401,0.5200545484458781,0.552902705556895,0.5434690691543411,0.6141475460554501,0.5265194104025293,0.5438616161234833,0.5121623844062634,0.6325806463545629,0.5418754360200869,0.5840490018744983,0.6402477625335353,0.5540122752304196,0.5058460246101946,0.562952439294463,0.5063381899684769,0.6136333027433266,0.5412473058088214,0.5547171646777018,0.5347320108561584,0.5404744713924906,0.5388499860306066,0.5789683577040172,0.5288385760910381,0.6202189237112793,0.5040494017891513,0.6490325558433561,0.4735972929595844,0.5980331136220381,0.5841566582173485,0.5162807292494648,0.5747330237200792,0.538700332850832,0.5052399616134863,0.5756014468343168,0.5489661942424275,0.44612755934210435,0.5441127166044646,0.5920678025779155,0.5980769181945917,0.6045874896739195,0.5015565512949155,0.5235360954980054,0.5948451720802148,0.5392335856998147,0.6016251562113232,0.5400680979918647,0.6308539329015617,0.5149809214689677,0.6300129823813302,0.4334817624500959,0.6124702014018162,0.5224637443641716,0.5825753274586105,0.5375326492553183,0.6973737180120323,0.5694598461197696,0.5176709665175147,0.6587739087138922,0.5510764756376695,0.5245968274291616,0.47380486369118563,0.5718488399636545,0.5406217908842447,0.607184854942668
