0,1,2,3,4,5,6,7,8,9,10,11,12,13,14,15,16,17,18,19,20,21,22,23,24,25,26,27,28,29,30,31,32,33,34,35,36,37,38,39,40,41,42,43,44,45,46,47,48,49,50,51,52,53,54,55,56,57,58,59,60,61,62,63,64,65,66,67,68,69,70,71,72,73,74,75,76,77,78,79,80,81,82,83,84,85,86,87,88,89,90,91,92,93,94,95,96,97,98,99,100,101,102,103,104,105,106,107,108,109,110,111,112,113,114,115,116,117,118,119,120,121,122,123,124,125,126,127,128,129,130,131,132,133,134,135,136,137,138,139,140,141,142,143,144,145,146,147,148,149,150,151,152,153,154,155,156,157,158,159,160,161,162,163
0.0,0.5581078777750376,0.4735418438307921,0.5952925157085825,0.5579114243097062,0.5521207952181053,0.6002834336684669,0.6056743661431964,0.6564422490009726,0.4687857664820478,0.5839636469449894,0.5323922071106935,0.6306621918480129,0.6099409648221996,0.5736514973188894,0.5798889945276083,0.6248655428475105,0.7545108409464979,0.5718126260858538,0.7132504212304266,0.6272599150000352,0.5486625486300122,0.6154014746304347,0.5494163948671561,0.610395592818174,0.5718698519106785,0.525221937379861,0.5831301294304374,0.42966336046201997,0.5870693642052083,0.6254183370154183,0.6004366742159359,0.5514618350018534,0.5849086866332399,0.7197396202018962,0.5975108313004955,0.6789576114097422,0.6807277395570107,0.5358008562207696,0.5590025799952261,0.577266040997484,0.6491662909500167,0.6570589471363306,0.6233141136730884,0.616406194198234,0.6651739743017212,0.6005500739059212,0.5466953281749932,0.6720239659174361,0.7140523563724444,0.6885590771141786,0.6443277691650332,0.6531877661618893,0.5519025994067758,0.5323241835041491,0.6187804132421989,0.7551330201906463,0.6023347378537715,0.6233260939834615,0.6894084258317126,0.5683548468005137,0.6034172012690899,0.6614863888823899,0.5938191553599559,0.6644794311064008,0.6581789501537385,0.6068341106779412,0.6172529023421148,0.5898639715540513,0.6734735641169748,0.6918395232363266,0.6711366070239735,0.6394935342933432,0.6436107889121729,0.6083006933402636,0.6579307097879887,0.5891943229991871,0.5608122592835777,0.6172367279549905,0.5408847064596769,0.5748804437877566,0.6768361725512596,0.5954832730476565,0.595220040166842,0.6673933711315945,0.6677663065249283,0.6595002236847902,0.6733587008272521,0.6448790871303863,0.6006863924650477,0.7299871404635174,0.6473084161654898,0.6098022746840253,0.6822175468352675,0.6712720857149331,0.5356564395519197,0.5480075359033371,0.5995337828149987,0.6253467684285499,0.6166859046645492,0.5979316391234036,0.5881445072545596,0.624505131705876,0.5087965038452831,0.7076328963762576,0.6299038642058096,0.5871079629603753,0.59595173712155,0.6047932313507507,0.5777116426769646,0.6232329617823035,0.7067094030172546,0.6464400743798779,0.609866301229141,0.6701266373130725,0.6185956175458821,0.6631621320309299,0.5162153715222483,0.5388620515879314,0.6149232281925304,0.6682022435035875,0.6091866097221176,0.6796568226453666,0.6453828087862216,0.6391035371733903,0.49774123348041244,0.5940292896958062,0.5737014665010919,0.5219004348718341,0.5989835867865926,0.5874857419287584,0.5827210574465959,0.6322920354175364,0.6564336373651167,0.5665600548307856,0.607347265344923,0.596083637272361,0.5884250751085291,0.5196135254262815,0.6627654493614369,0.5581066031025773,0.6135647870526296,0.6940597817309098,0.5949355280198079,0.6324789201752167,0.6472709830972982,0.6170299602810944,0.5427697809703851,0.5292646822577988,0.5066159305672461,0.7185095505864761,0.6070691341518862,0.6282020039760949,0.5090662321720673,0.6029830779857035,0.6789041784882726,0.5767000521451195,0.5813876480685065,0.5626942291911202,0.62146472186411,0.5501752653701767,0.7026676052985618,0.574180676376274,0.7457615698180536
0.5581078777750376,0.0,0.6193742737029295,0.6216851552593754,0.5119320090098932,0.6147871107901067,0.5933048818415474,0.7085165636118719,0.5268419443739387,0.632030983125366,0.6569742849754258,0.6494537851375072,0.6481329060556441,0.5757450689580104,0.6238966826407703,0.6119109529332827,0.5945693392829111,0.5769745136797723,0.5767701698730717,0.5922915298901881,0.6172292124725458,0.7150311254096193,0.5532059820153348,0.5972084958891395,0.6495969923014634,0.504285211686794,0.5433098977396498,0.5419752907956531,0.5799287565413473,0.5123968356774036,0.618556057722721,0.5915865570052404,0.6634661750357961,0.5203468535587652,0.5762855940167539,0.6581664239058591,0.6247603501317998,0.5998758660643594,0.6394744332507796,0.5664768080945252,0.6519853606548695,0.5644687945226752,0.5597412132583217,0.5967724839146258,0.6586024549930617,0.5794165380382145,0.5323307946502752,0.5990571728861585,0.6000520784561657,0.5855270091570647,0.5819817845442086,0.5355645171327755,0.5841308837773682,0.7127370377053518,0.6515167743848513,0.5586174781675617,0.5634588516945438,0.6064340844323768,0.6055810678928155,0.6243395067953919,0.6970586159254536,0.5087811311742475,0.5526581087106635,0.5666281792629105,0.5182247708935825,0.5328458641364036,0.5790614203784765,0.5615106324589363,0.5586112467810175,0.639783443011358,0.5588600102691988,0.5524669572945821,0.49729355576740897,0.6328857603328423,0.6253142344618884,0.5275416209360159,0.5885520455666472,0.5878224444272643,0.5262180337805511,0.4705510751529896,0.562572781878948,0.5398553085053582,0.6319087536658573,0.5994488055857461,0.5090990536870054,0.635946643193878,0.5660740852298333,0.5259564224599319,0.5729940018383195,0.5861211444933103,0.5414998132379265,0.566704778066473,0.6463491890052141,0.537061387390172,0.546554069507075,0.6814915142478606,0.5610857667511385,0.5674778891118784,0.4869715875639429,0.5617707324219672,0.5957131077517086,0.6078803746976943,0.4987580842083199,0.6160693478660609,0.544460107580179,0.5557412053501603,0.5894133925615297,0.5952124059525186,0.6158056569028437,0.6839447655204721,0.6021940459563263,0.5173366211185454,0.5473814846618955,0.5575764495103481,0.5434574975815195,0.5513248002259089,0.5523633163265036,0.5665948398709663,0.5915876124346612,0.5163525699430047,0.5367850447316556,0.5393696764561801,0.5177816335716676,0.6031676423563774,0.5014356201348832,0.6731789911750208,0.4995742745647469,0.6793355600303689,0.638962439846809,0.5932485292833455,0.5609229923837382,0.5637057542743562,0.5372382888154631,0.5339391684116013,0.6607027218887671,0.5442311783050473,0.577004080258904,0.5558676719277127,0.5911082808772985,0.6125240249899504,0.6397874312558718,0.6025413954255352,0.5938661914522824,0.5814374575800195,0.6367529210777508,0.4939312630104878,0.6032395135718419,0.63385004960589,0.6201476307335416,0.5224436243428964,0.5411840403105255,0.6172618493260377,0.6199278195598507,0.6312730920907328,0.6488408759282199,0.6400681835321306,0.594172876128006,0.6079761344915874,0.5483526140295574,0.4975023221313406,0.5942735554009552,0.5291001474705151,0.5159279710281436,0.545582151146667
0.4735418438307921,0.6193742737029295,0.0,0.5076876229515549,0.5105870957491695,0.5950291491324319,0.4990396742582014,0.5656201351782006,0.4406265008517046,0.6245057286678637,0.6099189605054516,0.5905557065634015,0.5711995034165364,0.4843480035969625,0.4976690852406511,0.6293059394778565,0.5734624793164917,0.48850507837237017,0.5018628362557008,0.4967931117325271,0.5775273298602732,0.6464405448207197,0.4760171316140877,0.5197133167591321,0.5607953096340007,0.4740744778435707,0.4667268374289274,0.4782010606498876,0.5927574793017301,0.47937951326356815,0.4862239466777143,0.5490306531020194,0.5252858208781379,0.4574935202501898,0.47162505071781047,0.5623658886660324,0.5325044753190664,0.5148162543419764,0.5263176029840474,0.4937601485990843,0.5442429001748015,0.5239340739103759,0.5150416372210193,0.5293954863568849,0.5357332502115894,0.4905878787453761,0.5214371964360878,0.5900082645203497,0.5056923260669002,0.5118282895569186,0.5078438859238509,0.49853227384684984,0.4794337732316577,0.5975786122396098,0.5755492627200508,0.4870040568352806,0.4810019014281827,0.5926003029309531,0.5098318359595433,0.5048801150620297,0.558644680463959,0.46028628436882535,0.5212418444799558,0.5084245722865839,0.4420772287429543,0.46280904683532537,0.4748577025993101,0.5146292807981563,0.536969972023052,0.5354602518029313,0.4855966487831079,0.4567089820303843,0.4477620108302397,0.5578365485698306,0.5601756713452075,0.43894810682395996,0.5315978408230787,0.5611241524117104,0.4569159732662167,0.43704125249107245,0.5275556265695057,0.45269456175267914,0.5490398470312858,0.5279187252445812,0.4532462696067845,0.5247968058242711,0.48826725151471684,0.45135639140259587,0.47745297664817504,0.46865199543844566,0.4962992596915126,0.46514175559242593,0.5642992203289865,0.44755282411278524,0.46598474894789277,0.5846887406290837,0.4764100575959295,0.5051941249890555,0.4267587803627172,0.4727245242127404,0.4706470523774943,0.5411282745963305,0.4413827676065478,0.5607414729965727,0.46716503329506714,0.5167212389047682,0.5401093839058569,0.548345229621895,0.5259823239294076,0.6103996468600013,0.5303619764141729,0.45435053417613147,0.4824871485644393,0.4816349580774927,0.4660018793588265,0.49264873205779613,0.476489604252905,0.534964229013952,0.6364747586286128,0.45068222690164667,0.47637616018378093,0.46556711328302286,0.46612635955535886,0.5109995428485312,0.42364768352346377,0.602707915938032,0.45385801935815956,0.5795502092617125,0.620481608997822,0.49878235500290546,0.501103872026164,0.55737729917645,0.4436855270709583,0.4443545076437646,0.5444622133320974,0.46841281691047515,0.5113118275802637,0.4685798324849893,0.52012948597615,0.49776798280146517,0.5057648653062908,0.5551968176529407,0.48111810052600845,0.5097319579292723,0.54623802092149,0.44989717876651153,0.5230355536130419,0.5542951815347322,0.5939490083855821,0.5211739325169543,0.4433760695637067,0.5048017462502445,0.5301939449370853,0.6132460315474104,0.5668779549027491,0.5021510082759238,0.49019009129507773,0.5592126765847812,0.4414755974103445,0.44620459526130596,0.5278447206644024,0.4451950515959395,0.4475162227546403,0.4698691747579071
0.5952925157085825,0.6216851552593754,0.5076876229515549,0.0,0.497563620310424,0.5385885777433427,0.635226523515738,0.6335051965513726,0.519398500065932,0.5072396970250559,0.5974815550069722,0.5171987420021017,0.6852624076599615,0.6652931851189993,0.6010711745342568,0.5628852180812985,0.6171221933535749,0.6561098185185958,0.5260936474057537,0.5749507871207776,0.5999397834512995,0.578828896697708,0.605533433022494,0.5917863647742473,0.5666857225285055,0.5903377430866922,0.594524845294419,0.5948757833472637,0.4733695857633282,0.48155275647071394,0.5499931166854366,0.5537372178433206,0.7147207347619723,0.5494629712915322,0.5871023563006825,0.6102116034023778,0.6248556989537631,0.6145066414226812,0.5450687575247359,0.7001881346223844,0.6577496658445843,0.5512054815072064,0.5495091387806309,0.571108920644041,0.657070390447991,0.6730149282088634,0.5196900142840745,0.5266403012453343,0.6276488547969766,0.6088493300063886,0.652745577835478,0.5948999898388104,0.657562608304082,0.6459032969793553,0.5708314433263043,0.5538469829464758,0.6245988237535943,0.5483383288658272,0.6634089404225045,0.7354809556899892,0.6967770028499943,0.5529356012725661,0.5863747388982291,0.5506015717365486,0.5604736170120769,0.6113917138497281,0.737156055139837,0.57303382951256,0.5610143767520419,0.6273732611833274,0.6015675982715626,0.6118646169438333,0.5682284017851563,0.7354742798216853,0.6056228306138512,0.5691239833578422,0.6615327836763738,0.5820569015127626,0.5830491901855244,0.5059868709714606,0.5602411203526201,0.5845908335972418,0.5708376291940709,0.6231044624912183,0.5757966921291593,0.6408426457029189,0.5697522329620602,0.5794303904233097,0.6229030321028427,0.5987141846741647,0.6001747260670866,0.5719391875541698,0.5954743478359557,0.6124398870019986,0.6577524455262626,0.5370386801312683,0.5472451368742933,0.5497475747038938,0.5199501179554631,0.7028700375063905,0.6119068563851006,0.5875334635409369,0.5577185475078136,0.5051437073242906,0.5939189424932222,0.6005146443595163,0.6178000268119018,0.5727342681681953,0.7007557897202763,0.5856469467906661,0.60233895742025,0.5789050955709902,0.6256627130863335,0.589296657203698,0.6558511300918244,0.6342625704166129,0.5744742808491776,0.4823999806726283,0.5702132584887908,0.5795589011923384,0.5778492372893621,0.6043487891771194,0.5551276116558569,0.636168960417501,0.5226808439771595,0.5433630650010821,0.5758913561628056,0.6059795905059391,0.5595006420914942,0.6417874987261328,0.5192690780604682,0.5511296211550524,0.632414260373899,0.5781986218730906,0.5638732889999434,0.5391123996962435,0.5164184364842898,0.6129384884743535,0.5786049994686301,0.5921038353667808,0.6417634390235165,0.5593597920079099,0.6807651580562845,0.570411214312338,0.6090310248950304,0.5230477886251969,0.5456761409988593,0.6188139932544202,0.5056889545825821,0.48434888632359646,0.5833116185258668,0.5903683578650855,0.6085129862708579,0.5671869493251399,0.5940317552190466,0.6556010285123437,0.6480612379672985,0.6040139731698174,0.6562452995774462,0.5808560361811956,0.6389678356997048,0.5584906423582342,0.5500494832328435,0.6019582726364368
0.5579114243097062,0.5119320090098932,0.5105870957491695,0.497563620310424,0.0,0.5128412535197804,0.5592270801101106,0.48956726620735525,0.49531824025524207,0.44505429341725106,0.5852062499291378,0.5149846807650736,0.5365961772185209,0.4946694842072039,0.5571748405873054,0.5703329011319321,0.5452943629739476,0.5422228155105866,0.4818285420174847,0.5126153767289251,0.5732694951379813,0.578532379545169,0.4938820479039586,0.5507829707660639,0.5045326178269691,0.5360083472650194,0.4526833907175604,0.4545535788248549,0.45042148417185024,0.5547808336139509,0.5125085222729607,0.5146590608114465,0.5158918365089072,0.45373839898853335,0.5257761556112289,0.5278614123302126,0.5773356221977128,0.5417245692230714,0.5350517515993798,0.5094528999222737,0.5443203527408321,0.537910497466903,0.5824111917061757,0.615580162661976,0.49811991277090195,0.5180789254958929,0.5976120788062999,0.596117435840548,0.5440503976670099,0.5769010328634953,0.5782494746266017,0.5526801337493997,0.5119399517076731,0.5288843806609992,0.5167286016960191,0.4967713174232346,0.5456949307544909,0.5746099851749202,0.4966783843446014,0.5277870337969063,0.47764055715869586,0.5019281811422617,0.5682454329335972,0.49546678740492534,0.5135518568584793,0.48799049149589535,0.4819327998005424,0.5991689930159829,0.5083351791938147,0.5221150400199777,0.5834659268320965,0.5070783052078551,0.46880041894735824,0.5482402728638106,0.5001788170452927,0.4780629185294352,0.5413904058530428,0.6229399643303095,0.483366217664784,0.5011686162329977,0.5136841348242795,0.5155557581124899,0.5983924265614108,0.4882183192855789,0.49005865692680667,0.5260077331048482,0.4939545748630923,0.49957463262197266,0.47181672484389797,0.49118389766874143,0.6225497227206364,0.4948410895409965,0.5988865573066072,0.49752310847805953,0.5121112675140657,0.5242104829116633,0.4595605831678776,0.46968253874546895,0.4889275738988223,0.46864910917781144,0.5003988346739872,0.5029526763099069,0.4733204505150611,0.46391952741148534,0.5030843869193182,0.5386720141963282,0.493975582370875,0.48450843015871997,0.5406922045814838,0.5467320323901707,0.545563838173848,0.5238836406851095,0.4905289811772409,0.4745341656055867,0.512640046391316,0.5257029709076292,0.47781789237726696,0.5055372825848284,0.5057736458095308,0.4718741592283757,0.6579497041534066,0.48560014992228606,0.4959740847063659,0.5812978702441014,0.490366477961258,0.5003004149055773,0.471922066119351,0.5759781193585273,0.47586951688118084,0.5338147767890011,0.47543219110623935,0.5412462616118198,0.4750811601504055,0.5068405163654396,0.5091748136963248,0.5674993585046677,0.546101534930278,0.5373848373140567,0.46701084352531985,0.5401466028768779,0.4822466758021478,0.5423928006328553,0.511648375125672,0.5002093613489891,0.5648971231920776,0.4973998986702387,0.6121306282652812,0.5123733630794084,0.4773969978977092,0.45441863055406834,0.5004458817666263,0.5029097607854692,0.5402696333237118,0.5201208340366962,0.51938514995378,0.5275516131401987,0.507260076986168,0.549612256358103,0.47721761839166593,0.5021827967388054,0.47865981843746075,0.4962223724315587,0.46093349556653357,0.6025089956653572
0.5521207952181053,0.6147871107901067,0.5950291491324319,0.5385885777433427,0.5128412535197804,0.0,0.52132268287298,0.6505255889366781,0.5297099734443501,0.5662521635163574,0.5881624905202675,0.6392627068991135,0.5997325989352709,0.5062774451646683,0.49692367960123457,0.6574386351892533,0.6228498315545253,0.5263261036374807,0.604101098762255,0.5596772510084637,0.680454840549756,0.5741953775765674,0.4970157563932382,0.5038096533016393,0.6419029061353082,0.492032545536679,0.4565234419060324,0.5174836320955554,0.4898750156526849,0.5683005730224497,0.5643000770798988,0.6762358551478023,0.518950351670419,0.5220785302594342,0.5144579524187818,0.582340312385499,0.5961674852899463,0.5751188688879909,0.5596543279468499,0.48170563970990843,0.5452708069640062,0.6625401323625618,0.5713376182284222,0.584173501397228,0.5533613312436609,0.5505165750454519,0.5726906719212901,0.5787984114466256,0.540516936737558,0.567524023270748,0.5941803223478113,0.5768939788823836,0.5645340293897977,0.5995319157100376,0.5643476546374788,0.6225591132955172,0.5741852725998021,0.7243653986025516,0.5333803551321944,0.5612864270012982,0.6331615550756795,0.5675661885778286,0.6211614988726183,0.5227878500618828,0.5198682029528606,0.560987935124457,0.5217244039248943,0.5688080294377912,0.5226752482101201,0.6232187038917133,0.5657980296122107,0.5006552672123556,0.5273743798231391,0.6058059385208727,0.6632141052329734,0.5341361457896465,0.5881940200552603,0.5737968793980558,0.5145235037491976,0.5477283977099765,0.6852683081657314,0.5436558737613453,0.6226057760021201,0.5809243284647722,0.5588631770859973,0.5818406787301396,0.632142626260777,0.5175808367059245,0.572622753970108,0.5487129532005346,0.5575302844696932,0.568107865427093,0.5871527272419163,0.5438588409616648,0.5421623206080893,0.6016550856286801,0.5786899632494092,0.604620441049367,0.5019675630579796,0.5303698161693424,0.5168791740357881,0.6533269052201446,0.5150272940336436,0.5606148536432416,0.5565057996104493,0.5750532500445825,0.6475216346074016,0.5946080661251189,0.5367291748333202,0.6503935538702752,0.6236451187381625,0.5294336625094912,0.5943344998663364,0.5826848275806483,0.5171299903507269,0.5334560831112208,0.6006320460193847,0.5286619923675169,0.6349019311230107,0.5267205231508344,0.514142032019962,0.559195734117007,0.558736026099115,0.6023678204412488,0.5026888710648294,0.5686630405841014,0.5469803317410153,0.5916666380350823,0.5964800898544078,0.5009660660812367,0.6130915760581693,0.7327220150728367,0.5217565815137618,0.5349626709084336,0.5685860621315608,0.5154174812750172,0.5530688110649606,0.4648306945462636,0.46819243932091886,0.5948346320203788,0.52234580774049,0.6728208386604154,0.57629027583072,0.5957756898340987,0.6130503390533671,0.5014482758056333,0.5964860650220358,0.6198649694659399,0.5981497596437253,0.5891299833273345,0.5289416010817893,0.6062007019504801,0.5567812633516299,0.5307888395479379,0.6692658155273624,0.5826084194591618,0.5115986355003423,0.6448942440869984,0.45457883948073136,0.5371635364989379,0.5568789077757023,0.5514947599470927,0.5554092023299029,0.5364474733414503
0.6002834336684669,0.5933048818415474,0.4990396742582014,0.635226523515738,0.5592270801101106,0.52132268287298,0.0,0.5627850850659353,0.5086636553670004,0.5086853112148211,0.5978752607517314,0.5406121651135257,0.6486883630477861,0.5922763841065894,0.6708664466909459,0.5637165912535824,0.5624714497693203,0.6165789504238118,0.5122174844511409,0.5491741363774957,0.5732236259809245,0.5803148739690608,0.6216253558733044,0.6229151932883602,0.5744794641442187,0.5769843723878232,0.5513353376122451,0.5244606760006943,0.48023016284116726,0.5146714983821369,0.5835881861032033,0.5760773236171036,0.6378432138193716,0.5425162483700645,0.5805265908910878,0.5794572256680456,0.6968951753983004,0.555842990682668,0.5711278958888951,0.6449482309260679,0.5840153871469733,0.5363069948152078,0.5874353247614972,0.6144995802831805,0.6249953965704584,0.6337888658004619,0.5683274697457307,0.5745311181603155,0.7086542193874136,0.5934553761558049,0.6662032906802877,0.5454506360499156,0.5696915761745658,0.6053362657923055,0.6004674414646766,0.5418408077175375,0.5864318847205963,0.5391124145101267,0.636081738525013,0.6550391527501049,0.5780156302748689,0.5318835991610503,0.542109169700995,0.5248630479199274,0.5491819323754379,0.5552714198651411,0.6456852493303464,0.6424780404723909,0.5345984128903885,0.5776830832939891,0.6072329836619555,0.5907911144843189,0.5089997060311167,0.6678545728714916,0.5213166727814839,0.5854415174818722,0.6934454150683155,0.6571625465815414,0.5268690037754167,0.5068539083567256,0.5193980051694962,0.5568034453880256,0.6172881583963173,0.5270046300199044,0.5227793003224326,0.5644736162992623,0.5434278036308228,0.6010993551728013,0.5834183767157031,0.5751119289203407,0.5991938408046559,0.5779755317241655,0.637442904194896,0.5763273322180331,0.5748803271038102,0.5724492032730167,0.4927686909850341,0.5155756422771003,0.5055435306647732,0.6113927364784171,0.6155885743760405,0.5901479708861993,0.5400544567103334,0.5014342066550703,0.5421693800363677,0.575322981547213,0.5564589720310027,0.5233994926696254,0.6852435126499073,0.6115096074349372,0.6309628732300357,0.545837908529506,0.5653876290984668,0.5208757429644557,0.5760824708040165,0.5634109813080493,0.5344891377868343,0.5385146797506306,0.5271427667564081,0.5138776240003868,0.5955036043701282,0.5378918194365072,0.5157283063363908,0.6807667607865866,0.506426641257817,0.5656939840694504,0.5197647307690887,0.6760905724952296,0.5190703542083,0.6270603345670456,0.49140104036769666,0.5104059150092364,0.5610933236115134,0.5213160679323565,0.5496531922590131,0.5583051716492698,0.5526983775899917,0.6325019607109701,0.5429370148958059,0.5991040995899666,0.5879410236318457,0.5578474293119818,0.6209042289030866,0.5256800125532204,0.6140865904770079,0.5514698078049658,0.560627379607703,0.59617918123055,0.5032145561427086,0.44005739106526826,0.5661931118228754,0.5597088667695166,0.5626525036750081,0.6068366496336632,0.5663017080943699,0.6426029604936634,0.6396122427995172,0.6057567465866023,0.61084851651743,0.5870695998526086,0.5652030371040833,0.5346403003618396,0.5035443182255579,0.5880174441343576
0.6056743661431964,0.7085165636118719,0.5656201351782006,0.6335051965513726,0.48956726620735525,0.6505255889366781,0.5627850850659353,0.0,0.5738090566879297,0.5999370704291863,0.6060043275263836,0.6213420797927557,0.6794483829156529,0.5894667284494611,0.5576334773683181,0.632055991184749,0.6444924526934436,0.6199388241179429,0.6035838710454086,0.6464574887903285,0.6493802772023988,0.5958098901237544,0.5885583781670326,0.5494696024666315,0.7205690782107484,0.5313023601982294,0.5511125680413499,0.5973909470462082,0.5046995606202024,0.5423720062658446,0.6285823650254887,0.6319320859761326,0.6027425192193374,0.582065851194012,0.5944795684829584,0.6494829760210165,0.6497941724299485,0.6653533607426627,0.5699218523250588,0.5546971071896478,0.6250376722936112,0.6310210161393788,0.589679135397902,0.5823930660491485,0.6960979077031798,0.6396847415619744,0.5602961409423034,0.5574460423914067,0.6108836700880604,0.6056720094064036,0.6037927943780583,0.5853953399287686,0.6085994967010157,0.6228798994867155,0.5862286176207058,0.6446820171099467,0.6143086316130221,0.650039194531681,0.6155140355091484,0.6562538154654232,0.7144877286924247,0.560566682709779,0.6046291917606814,0.5912853892945577,0.5439215829980627,0.6004822142155601,0.6089115662208082,0.5726095141254594,0.5905235691330876,0.7522366955588261,0.5855781287246892,0.583717348514272,0.5589716741049202,0.6571236811192148,0.7112565110852889,0.5854257760976223,0.5912855716046932,0.5705145316931209,0.6000389081301767,0.5077792426088191,0.6282630741598452,0.5771088949654425,0.6235715348206866,0.695088967143919,0.5883923297125735,0.726796772419008,0.6656976758186761,0.5662224205741456,0.6835234528889509,0.6315640421562729,0.5767508941229056,0.6152040581197716,0.6022631720171653,0.5787964326782237,0.5924524888664456,0.6318577072727152,0.5873783849457758,0.6835297548926447,0.528228508800846,0.6235109827999792,0.5899694606011836,0.6581350176359694,0.5632980846537274,0.631523880626267,0.6129141049167615,0.6237288979537091,0.6607538994046943,0.7142039832211764,0.6188967060752458,0.6549007868800079,0.610800503449894,0.5741826979543453,0.6173734266443733,0.6558012139625412,0.5972261225826692,0.5945197499733149,0.6601475052324244,0.5341492147054162,0.6138958985805057,0.5916964829215924,0.5373684217573066,0.6247292798660483,0.5944063570852146,0.6179456909308653,0.5337853766768317,0.5969378899448268,0.5567855695863935,0.6296461600181831,0.6528103879510239,0.586585296327739,0.6599946253821424,0.6175256892605461,0.5973625020072582,0.5724136180868714,0.6159636447207592,0.53303517462342,0.5968109396489476,0.5380004103817932,0.5730718545699245,0.658059871194159,0.6227452415465814,0.6367957377024509,0.6406261597276359,0.6153259737332534,0.6586655430428602,0.5453841420489455,0.5944511210546434,0.6478632348337361,0.6469278577572619,0.5795952312567705,0.5905444432755369,0.655776086199611,0.6050829286526406,0.5807554387543611,0.7457931035342794,0.6857665003002118,0.571003859537699,0.6479056534969521,0.5321260685394265,0.5395329348883412,0.6450426333384968,0.5979123686613265,0.5977164511202219,0.5678442984485846
0.6564422490009726,0.5268419443739387,0.4406265008517046,0.519398500065932,0.49531824025524207,0.5297099734443501,0.5086636553670004,0.5738090566879297,0.0,0.44632726582238436,0.5040302170904852,0.49182802638937484,0.5258585497284539,0.55153194986975,0.5151833879492823,0.4989166821680978,0.5173816884637813,0.5983703038638867,0.5202008825156926,0.5916990958867967,0.5376705817416103,0.5137676142493574,0.5003390767491134,0.4650315631876521,0.5472656409661539,0.47245480763395536,0.4779311664829396,0.4946144047763272,0.4040194119307271,0.5609464694441303,0.6052483105812119,0.52688146972713,0.4988388512386757,0.482659315803642,0.6140339237033543,0.5354088631489039,0.5616518604790096,0.6110701580859539,0.49934798703248023,0.46794429217668143,0.5116471768629286,0.6368312303481319,0.5363837367324252,0.5342387194505831,0.5212643825045123,0.5357031325341474,0.5224714550236914,0.47534295341298055,0.5314953743395696,0.5841208088824462,0.5566927982656428,0.5345336544924734,0.6030833622468591,0.493324027280076,0.4717544477014304,0.6338132390468354,0.5903483509552995,0.5529824699007675,0.5309256865195706,0.5600193892666501,0.5199254751835696,0.5673469460476138,0.5576600137524004,0.5369170418575324,0.600610162929833,0.5521944865661846,0.5344996225201415,0.5509739130718752,0.5216171335979697,0.6269103930383211,0.6072730176587685,0.5760919898505424,0.5759387687467056,0.5286724430721923,0.5688808753976163,0.569154616236001,0.4942076926054515,0.4891477575875658,0.5244970153299203,0.49088514059771376,0.54127377142338,0.6655607416483484,0.564360391295717,0.5367492602402129,0.5806247487697128,0.6016200201811648,0.6266539045884204,0.5826278946037333,0.563478814089859,0.6064213243775227,0.5952387735248466,0.6419982283108323,0.5250302213332169,0.5607762791153987,0.6127300015387266,0.519563368183827,0.5502224376088788,0.5547278263149181,0.6185091660188553,0.5227671075209012,0.5444271966720524,0.5217681743111587,0.5492098103779195,0.4865403759244591,0.6305186824790744,0.5186717392493381,0.5069998565219497,0.5286078584166833,0.5033449993383007,0.5031621925819737,0.5188534335341263,0.6024449796485221,0.5757020855313199,0.6075245957001387,0.5406181619258255,0.5290964154342449,0.5764061560236665,0.46437774117949193,0.4692620425777997,0.6165181808500796,0.5586028337144935,0.5935963608060876,0.5633091909838884,0.5494028829011832,0.6624133474973296,0.4547027909935428,0.5514979810004261,0.5069515046825794,0.4657358104076513,0.524595189137837,0.6372550909007724,0.5494049303832566,0.5742590377293475,0.6834602618801462,0.5186708303622306,0.5581560422956127,0.5183778207866304,0.49781520274241936,0.45266669454915737,0.6055273546837282,0.5209283968446058,0.5693791659741838,0.6300908899158709,0.5962599309511778,0.5548915217716605,0.5413966913632449,0.6152114328745434,0.5011843108847939,0.4938275536624976,0.492823523434076,0.6151307938886272,0.5841321770091105,0.5481063979988188,0.46056183643247445,0.5434971532392023,0.6131674810613786,0.4906565331814551,0.5155779339512776,0.5022511249981674,0.5207244424218825,0.5000644984831367,0.6644755948763601,0.5896600834724672,0.61707897817621
0.4687857664820478,0.632030983125366,0.6245057286678637,0.5072396970250559,0.44505429341725106,0.5662521635163574,0.5086853112148211,0.5999370704291863,0.44632726582238436,0.0,0.5680419085374836,0.5950558499711971,0.5667638402045087,0.4975102135760293,0.49092949661627383,0.5800977553777839,0.5301192854895933,0.4884001626878666,0.5120837708758499,0.4983594821853621,0.5222679574725937,0.5631704777227607,0.5030274416864355,0.4813022163014848,0.6266153132689993,0.4458543166741048,0.49767071151113923,0.49514963083257774,0.6392049953930806,0.47354615162702823,0.5206789323453598,0.5789950003772899,0.5162849240626776,0.48134918597012527,0.47969082494433496,0.5595647556412235,0.5440738384599939,0.5120171337876723,0.5224021651279471,0.4783387641567576,0.510267848994605,0.5011551497354596,0.5043320908188192,0.5041264299472684,0.5586710634780039,0.4903901669614169,0.4835274520363101,0.5468011060590959,0.5314048915897057,0.48622468241471667,0.4909524459785912,0.45316243801254263,0.47199673554275745,0.560508282391888,0.6125275233591523,0.4946421915872985,0.4683848119034055,0.5503527994539372,0.535586894459645,0.5060666816645454,0.580434196660703,0.4573419241223811,0.47746917926303034,0.5164942690829674,0.434627587893371,0.46132987681111315,0.4899506645156887,0.49505775121347423,0.5392601313621512,0.5617081978922088,0.46261423580122596,0.47487092352107646,0.44522910426663714,0.5347884371905431,0.5473504406235474,0.47496231706445535,0.5261956096484871,0.5295562343812739,0.4570902018086757,0.4301996539226783,0.5096216073181506,0.4433908413801712,0.530988557784525,0.5349183924868662,0.4510119053353893,0.5118172899660657,0.5141585239141133,0.47595946016017304,0.5226078425444508,0.4763817450231051,0.4667803332653952,0.4874500707774837,0.5558516096530266,0.45018713086567336,0.4612811252279466,0.6301789746114469,0.47309923191290754,0.5232112106330629,0.4305730612248486,0.48854560579505646,0.5070975266016322,0.5786345924337314,0.45699842359679615,0.638671427341759,0.4703326061946674,0.4894238251813294,0.5327233322767944,0.5624994846282709,0.5170663587127232,0.5791692712825733,0.5212352274500975,0.44745744673362686,0.4855891760590464,0.5127073830512506,0.4599575376365398,0.46218524942942313,0.5007199348033902,0.5810527061675915,0.5724500704491009,0.4623018496821892,0.4420675414907291,0.480545456060595,0.45540589008927046,0.502651951287923,0.429735430940828,0.6541485857083001,0.445536733747261,0.5607243597104701,0.6341923576191503,0.49993276792026053,0.5209904852711464,0.5028029701478548,0.46811495086638333,0.4352843453163403,0.537094946618765,0.45335611816641275,0.5104555159260837,0.46123690224139174,0.5338731178481394,0.5190844419212484,0.5501174985234994,0.560794502346499,0.4855838028793567,0.5103783023315721,0.550216476775639,0.45475744320910316,0.47983241191457743,0.571880645005545,0.6551521772880312,0.512256753250644,0.45468300131426886,0.5456494617198255,0.4998645959142126,0.5793709471163904,0.5782557985302756,0.5201458926914572,0.4923716214208216,0.5370971417036268,0.45819433264833404,0.45636374831754134,0.5540581641821454,0.46214762279846977,0.4679383678468076,0.444698581752716
0.5839636469449894,0.6569742849754258,0.6099189605054516,0.5974815550069722,0.5852062499291378,0.5881624905202675,0.5978752607517314,0.6060043275263836,0.5040302170904852,0.5680419085374836,0.0,0.6240838825235504,0.6649297926847894,0.5666137203581458,0.5829300979700863,0.714292966082866,0.6782148710183207,0.6076418788951644,0.5868049630173986,0.5986209610489963,0.63557078711174,0.6914342344449779,0.5894923091261483,0.5986616803187167,0.6291368861568737,0.5253201293796604,0.550838067965982,0.5861102781080247,0.5721697943108824,0.5638185056439985,0.5615181685645435,0.6149509809270146,0.5904667257409204,0.5252870666073716,0.5794959071184534,0.6222692673250758,0.6393264908658515,0.6174146520183832,0.6095539427407448,0.5754285567364612,0.6124988782043994,0.5687110414983115,0.598823848854593,0.6193259858460101,0.5988852620608934,0.5670941913591001,0.5362072773529839,0.6553412370992903,0.6513261771611987,0.6076939061611165,0.6072759873002135,0.5513144807796431,0.566414030028643,0.6539759581489072,0.6720805644730482,0.5128614730075338,0.5951957016212736,0.6611151299303971,0.5906558604148131,0.618407856232666,0.6172071389366418,0.5022966207830326,0.5890085037327344,0.5655521733886826,0.5115756765562933,0.5256791007404814,0.5384096157656536,0.556251041096781,0.6007781414417364,0.6340628378232993,0.5500548615518877,0.5524693173198414,0.5068010973475601,0.6503750093544713,0.6323701875423365,0.5220421202020596,0.6294557593521729,0.6286323898991074,0.5202446094007029,0.4946914198500122,0.5488294930133573,0.5144435879785931,0.6068616283119433,0.5883309981936793,0.5200758354615986,0.5919923483763477,0.5545638974231977,0.5312202132721576,0.5516301528604974,0.5122252780176176,0.5985880899668923,0.5179463699549427,0.7397714134193042,0.5467231773643685,0.5422350259420502,0.5923721995204544,0.5054783728319744,0.5239925941423449,0.4863055777614172,0.5311901499677145,0.571283616145368,0.5974982718768284,0.4937580580174694,0.5516359832145695,0.5440006924894341,0.5625607847582639,0.5783054968033153,0.5971398944756903,0.596707234472271,0.6428587803240008,0.6254266994505147,0.5315329429289232,0.5365477258082633,0.5580012097042043,0.5553947217776181,0.5695482640823938,0.5506203520578926,0.6164476230608059,0.6141631234218529,0.5070856988688214,0.5840133777581468,0.5190491420123301,0.5299658322343942,0.6071850433733537,0.49722264907177555,0.6271217916312477,0.49108639652041064,0.6302862979754325,0.6105835441646718,0.5718875613270172,0.5322408105408379,0.5783121902188987,0.5439289626887129,0.5218403325412583,0.6052268714360063,0.5426980056494362,0.5849088210896402,0.5571835125381968,0.5802619356810582,0.5990155367546758,0.5754815698489448,0.6198560001736503,0.5597684480781152,0.5558263710932397,0.6328645416818864,0.49780937834091493,0.5680302087211277,0.5888269808479129,0.5875190034745561,0.5353571331648698,0.5398887531486597,0.5977496144921653,0.6810333220252348,0.5689267924335013,0.609595062309716,0.5837346561227188,0.6277605134559273,0.5946163674077878,0.5386164329270682,0.5393325725859083,0.5491869112606212,0.5303871247093876,0.4874352766091067,0.5922478851759168
0.5323922071106935,0.6494537851375072,0.5905557065634015,0.5171987420021017,0.5149846807650736,0.6392627068991135,0.5406121651135257,0.6213420797927557,0.49182802638937484,0.5950558499711971,0.6240838825235504,0.0,0.5675161847673442,0.47617444959376043,0.5399150245780215,0.6421226259409542,0.5814529385402845,0.5133152580855306,0.670035963459265,0.584404955751822,0.6376207686411637,0.5922766416112477,0.5321869314660328,0.5607784028847447,0.6833466955335828,0.47293995814991163,0.4633833654834618,0.517655990374793,0.542024906834846,0.5544799914529189,0.6096062419844425,0.630873818221114,0.5249259755364482,0.5507398298943426,0.527502434609871,0.5923701174407989,0.5918436050140469,0.5464343113120484,0.6528787001193254,0.4863655140937461,0.5603276960789231,0.5529086734159206,0.5912709891243446,0.6016073787114411,0.5840194715405805,0.5403263313666683,0.5376729999001981,0.6366065901537441,0.5797202626843074,0.5539574746099721,0.5592961770951005,0.521118840869201,0.5144236535084237,0.6192738676908168,0.6332201417697476,0.5270974435483462,0.5537798526622554,0.6581168723845742,0.5276019385430797,0.5533826702634637,0.5850299467404932,0.4828258567522092,0.5448006942895258,0.5228812215770533,0.4936786729625951,0.5126407758266406,0.49159155155267514,0.5200257163396388,0.5045486716135107,0.5802129067444959,0.5181171660255893,0.4966116367888144,0.4648161800642387,0.5674570641003993,0.5772922146389325,0.5158742379226579,0.5591815162431221,0.5641990258588052,0.508371690671592,0.4808122654990285,0.5508622604733693,0.5007038197045853,0.5952800517242023,0.5343398704597687,0.50023745807362,0.5618812065172628,0.558159370900873,0.49394720408297976,0.5410775762690114,0.5169058162451494,0.5135491656686643,0.5347079199451553,0.6272690349044137,0.5233053015381851,0.4847451975588579,0.6346381696367793,0.5262165140569363,0.5680115871726218,0.4608324411166281,0.4984461692914053,0.5277338799823564,0.631592647380951,0.48478365553169245,0.6273115982962977,0.5107133730785425,0.541086440023899,0.5868195671321734,0.5821679684493763,0.5380533237075417,0.706299994918889,0.642874167805281,0.49740034845221437,0.5034648020426158,0.5156035931328391,0.49720116171782575,0.4998037399548194,0.5597144584386412,0.6377962514803627,0.5840811962172989,0.4619186696618369,0.5068515587339918,0.49325549535850555,0.5190033220847875,0.5810955603903545,0.4720339221809452,0.6550303332952766,0.4643735802191574,0.6275567719464812,0.6269436721745689,0.5021234629220083,0.5345840186299546,0.5649528785943588,0.4865208292051358,0.489692258222452,0.6351882560033751,0.5111387458740209,0.6261672900134566,0.48711200691595563,0.5160278982890254,0.6118984683283064,0.5222119568031638,0.5926362948297776,0.5285680982578356,0.534647162942038,0.6099625384921035,0.48958593420082386,0.5768456608716908,0.5733513172805837,0.6631697963024349,0.5310131458846772,0.5301434565650496,0.5775574737442943,0.581193905792131,0.5460204757782703,0.6685752345493211,0.5691389712219751,0.5327151564534066,0.5908639189984445,0.4594464238223764,0.4882351595995229,0.511081054218613,0.5121439298139998,0.48864938195401697,0.5162138626953982
