0,1,2,3,4,5,6,7,8,9,10,11,12,13,14,15,16,17,18,19,20,21,22,23,24,25,26,27,28,29,30,31,32,33,34,35,36,37,38,39,40,41,42,43,44,45,46,47,48,49,50,51,52,53,54,55,56,57,58,59,60,61,62,63,64,65,66,67,68,69,70,71,72,73,74,75,76,77,78,79,80,81,82,83,84,85,86,87,88,89,90,91,92,93,94,95,96,97,98,99,100,101,102,103,104,105,106,107,108,109,110,111,112,113,114,115,116,117,118,119,120,121,122,123,124,125,126,127,128,129,130,131,132,133,134,135,136,137,138,139,140,141,142,143,144,145,146,147,148,149,150,151,152,153,154,155,156,157,158,159,160,161,162,163
0.0,0.3837840334645457,0.44753705389865334,0.2723987889404232,0.27802336331838995,0.4889707133738088,0.2729988730444034,0.3721302003705537,0.2969273855513981,0.45065076236893054,0.27016276327235444,0.24789910598957024,0.6213698297709869,0.27299232220361197,0.445387170050464,0.3722879620410866,0.4038815786011583,0.44170186620390306,0.37088301378266336,0.5544772270788604,0.33889026329807537,0.36095482459810274,0.27816471726548,0.31445075705705944,0.3882143794296862,0.23954145412420927,0.25278186805210395,0.4097034202462289,0.29061006958671654,0.27690387083823054,0.3568005278723418,0.4273371227073817,0.3842874529117275,0.26486764073391655,0.3548984167816419,0.23337511320491033,0.40682032208242264,0.28740238742397056,0.23285446538297552,0.37038629942637796,0.3204032737931624,0.26888224646675246,0.42664825125824224,0.3167886925806362,0.35765065975411287,0.43082371912925777,0.3244950438938793,0.30575184388394766,0.3322663653722804,0.3828456338303104,0.37644495768274294,0.49801948365579907,0.22058531635245424,0.3283687847564772,0.2548766571321309,0.28981015165282153,0.4674457422716116,0.29545613952949396,0.3299975648138103,0.3829670250409244,0.40921339157187897,0.25142756847382314,0.3355437190732225,0.2060271679387495,0.30121056005963753,0.32276526375119047,0.2830029937674467,0.46501311114088245,0.358361410456724,0.38493351643485973,0.552571777618985,0.329424352534921,0.24410945766316539,0.36617380826394064,0.4117615698944921,0.32206431030633437,0.25782918014646267,0.27582145176687134,0.3370491262493737,0.2908692854018026,0.326630260433497,0.3712524633466223,0.34635350609977006,0.33015665252865883,0.27771123127294517,0.3701801736580763,0.3033923704319246,0.34460564423881357,0.4372124557172165,0.20997253636664087,0.3040792409090884,0.3092146797475273,0.35006023167512185,0.31827847682998583,0.29735122157241906,0.3179666104380224,0.29007196651908307,0.3227705746361682,0.19317158578860533,0.41609601493259235,0.2401135965913805,0.2927530790276738,0.23166233476517833,0.37300193739433823,0.36346516597823625,0.551426341005901,0.42228162660002067,0.3251331474724385,0.40951738814909694,0.3267280837302241,0.27195569108946893,0.2347346324864695,0.3238597817247095,0.2298195763059952,0.2761313159776251,0.36733541166479744,0.3536341873540728,0.34063767431422387,0.292253230342096,0.23722172503847797,0.26922532932920984,0.26775556817299,0.29073596193370976,0.499487752279941,0.2683490537389524,0.3974174409341733,0.2354211292561753,0.24232092929948243,0.2869423452801315,0.4431035306000194,0.2823163945641773,0.36930634977020144,0.2448037111164493,0.22116085406181418,0.2937385564812793,0.29453484343183184,0.3402090030134621,0.33824560859337527,0.3171938101595233,0.3227211838958862,0.30741064660927875,0.2547915671952457,0.380660192414868,0.23443702383997825,0.25903507653063435,0.2500559436447444,0.2887832285618913,0.33120465315283765,0.4717475355011571,0.16212489991258972,0.324889891384307,0.28132853953762715,0.2937858217323584,0.26765399877759705,0.3206255721035965,0.375091964096847,0.35688251683761363,0.3453103235950246,0.30386401466581375,0.2867868850861988,0.28093640254904756,0.35309833990778466,0.2394045465932609,0.28343200998949303
0.3837840334645457,0.0,0.3923880360173954,0.2607927130038118,0.2457277614705409,0.5344465958489565,0.27149894592462037,0.56170909416486,0.3912221257203811,0.494374178491354,0.2511097204450185,0.3055562099643449,0.42607632952893376,0.2996643710934162,0.4016406776192424,0.38127151258482667,0.3699514315936526,0.2874822204715522,0.35622703546860573,0.42841116348138547,0.29499692959707413,0.37125720245516,0.267873769212094,0.354128777959599,0.35631310573353253,0.23492661987588323,0.3012739098786944,0.4000039943995359,0.38964038346793456,0.33628346149806676,0.5274632569452256,0.37924295892593307,0.4533922466286868,0.2620019496175902,0.3459783196993747,0.23935580499909756,0.33470273873527995,0.3394105402356215,0.261135244477576,0.320039719313246,0.37046102043891266,0.27435637851336836,0.27089590656565227,0.2928161799746655,0.41832991135791053,0.3029891295246584,0.3196053361035599,0.2512203935578569,0.28535144475026697,0.3086936893958644,0.31471511133269264,0.35990449385713885,0.2110830721902818,0.32086639595038113,0.27128366325002334,0.39099882781876205,0.34234570409708515,0.3047057804360444,0.2707766808926452,0.33399721914801195,0.40613043802730353,0.2210732108251045,0.23969111791180103,0.20533178419418988,0.22260748183560142,0.2250213196426179,0.2624694306588274,0.3643490621027077,0.2802859092085881,0.37873139028539343,0.3913902502610129,0.34192450306610644,0.2205274719890937,0.3167250982469315,0.36212201201261196,0.2660366808102967,0.23682901563616013,0.296940586525994,0.29746638273137915,0.342635709153582,0.26210459493103117,0.3187470740473858,0.47705558784708696,0.3094798639974093,0.2590818633566725,0.5512401262973811,0.2748165856871365,0.2848029683944756,0.3653676203004746,0.29098004334052574,0.26076085230750534,0.33020675241026737,0.3613460229132403,0.27304208829388066,0.2654022606046982,0.4484749387039133,0.29152485233592,0.35955507040866014,0.19842311143864758,0.39235559060766595,0.28595013167682765,0.24971473625106394,0.20010866890936724,0.3838667660497693,0.30674579934697144,0.4322727983554269,0.2893543518145328,0.3774077168380132,0.3096284419506241,0.33466466828558306,0.23184966619012767,0.22054891014447936,0.29394258670328466,0.25068575047627467,0.2660354534093983,0.6952598264664264,0.3009945613368847,0.2746855146674021,0.24365777505474695,0.2576983601391828,0.305853509072766,0.3098299789392241,0.27895560078880705,0.4925306173827014,0.3073427630337104,0.5233338711558793,0.2432404855089365,0.32750950835964976,0.30846074984324273,0.32469654540016474,0.43203062933366665,0.36359271680586863,0.28563652940778483,0.2590856522412741,0.27194367754618465,0.23648683942189283,0.36721603851406287,0.3527250057408129,0.285699158673324,0.3200891107254446,0.26767006478138083,0.26089491410186266,0.3625049364421974,0.22736340038586325,0.2692108631422019,0.24416633075449665,0.38821352989475505,0.2915336540100081,0.4434900583512512,0.17642971111544056,0.3030507362630334,0.24778741491369813,0.2745537418825476,0.29237699610021306,0.31009239172787173,0.36791857134497286,0.381220992064093,0.4546681287579554,0.31581765510958293,0.29066383309529104,0.22978880395328566,0.40955980268406456,0.24480979505420158,0.2722613210614536
0.44753705389865334,0.3923880360173954,0.0,0.33950947618024496,0.37136202974622157,0.3561749765467529,0.39446051705084895,0.4492842867522467,0.35255839208803014,0.6321644657179896,0.310334754141845,0.280419182149097,0.43450602552909445,0.31890096183489036,0.45860608868064606,0.43115657527874823,0.42997285089455234,0.3799547005554322,0.3848557474206807,0.37656302252519036,0.44055096956698847,0.5661276970562754,0.377939241169933,0.4169924551513253,0.5038201517009446,0.2780289486003927,0.3059504286332762,0.443640047888804,0.3329587780852639,0.3258275697191801,0.4373316387013835,0.35968867215923533,0.3484186947305491,0.29334191728505093,0.37788903086380404,0.26697361320447655,0.4713981739872638,0.3246484458722883,0.2627295559522322,0.47480095680028417,0.30053637641687786,0.34608427148964904,0.3560264662318915,0.3393528008537291,0.4793406116200871,0.326322795416404,0.26709239519321076,0.3219946385130184,0.4465548543272327,0.30823838595085506,0.3892149301462222,0.3519920476612692,0.18768415048816706,0.409094555144557,0.3035153652523453,0.31423861333520303,0.3415339784347421,0.3332649904096979,0.34450333251001836,0.31212847197095994,0.35014766050632523,0.211623174587562,0.26120712405892643,0.22630310215685542,0.26727511498182366,0.259186215733485,0.3150662853135118,0.43988433388731163,0.3734691449658219,0.5329079949973365,0.45906032836028043,0.3137129270636357,0.2535542027861141,0.5331324045789293,0.3066763858628384,0.2384763940454542,0.310672330963561,0.3302950749552438,0.2648870922413,0.2599729583489998,0.2512625364816223,0.5089635597527309,0.3634063217039844,0.24647959153273766,0.30226386017379014,0.44836258115333233,0.3118022193493613,0.30556566049784034,0.31545328927913513,0.22981963338067,0.36141068132064746,0.3652615320261627,0.3264541333121246,0.23577253380616653,0.3504411397766607,0.3670660311833719,0.23471399428367595,0.37736933557159597,0.2117967470643944,0.3702382901275311,0.25787856123853703,0.3836972187758044,0.2643741367078061,0.5412554389532376,0.29376904829883793,0.4209742383726381,0.3115231950443233,0.3863263018961705,0.32612935272130694,0.3984159196333699,0.31487113944655803,0.25581532830107223,0.3418610131752623,0.25225712401816736,0.23002849889594928,0.4248632127526852,0.26270341690361493,0.4553014149183684,0.31167832896078906,0.2635267894617705,0.31422566975958066,0.2997283376597849,0.29110996014148743,0.46123030966914585,0.27411214850848287,0.3835798745030673,0.26371260732179364,0.295720698719781,0.3269367064642282,0.3467973703866046,0.3250069418540134,0.42838435817768944,0.2575176165381521,0.23472155440941742,0.33948607325478036,0.22915282394945763,0.2552757352247331,0.41164589585370565,0.4164625291199085,0.39821442323038386,0.2576361950065101,0.2821525847393051,0.4670514547874879,0.2631503963912011,0.27775045344551164,0.28631195168806994,0.3453290205405432,0.28137059052701785,0.572105930010082,0.17139212580926835,0.3413693381510927,0.22673518706296075,0.3583467588415604,0.34512625536360886,0.4071352696076856,0.49253513872768084,0.49330595025493,0.445423668866415,0.329907159408525,0.3255836923301218,0.26017357489267573,0.3248854630797431,0.2875100538220343,0.3394106991863799
0.2723987889404232,0.2607927130038118,0.33950947618024496,0.0,0.42580235381032955,0.2403445433927906,0.40938110747453565,0.28488686513101596,0.26973414097564813,0.31261587013648107,0.5075381765076559,0.30819673113025403,0.2656006754417279,0.30549739044464763,0.29359532408124395,0.3678345312910033,0.3718547741345179,0.2709217653348928,0.3093103339294012,0.27801437686192887,0.4672541168919087,0.36279378402636386,0.388104383994653,0.33574065253978613,0.35526175508227376,0.4388675246100135,0.35031844844794024,0.3431089567537434,0.36368750552536905,0.24616353674834807,0.29537425225271446,0.2743106208430689,0.31447405275622203,0.32075660185422056,0.3603006052523569,0.3858354107374078,0.38390763431690494,0.37381939978941314,0.43619256980129983,0.4076334124570039,0.31994089249970564,0.3242894451111796,0.3158427841982526,0.4908085450327095,0.31365211894136386,0.25316356913419713,0.1908119308789844,0.5301463295910841,0.4555864508232417,0.296456139630828,0.38301159781203525,0.3114505936251129,0.19423473330896018,0.5107666417570333,0.44680364989427923,0.2636411048644982,0.34632993354052516,0.4102360949920686,0.3091034925711141,0.28225019322836936,0.3436509612615736,0.21073428329289662,0.25802407240547887,0.3329964320383198,0.25300948618567165,0.24367570130206578,0.4393065427792604,0.24872016752542028,0.3285291701210773,0.3254696984363183,0.3286439531348609,0.3070150303262667,0.3743848259810018,0.4100964427401112,0.27325267667801356,0.21276508333628452,0.5517258744668451,0.4343380614252295,0.2676116450290297,0.2623850018266936,0.2522043510768245,0.4218572232849639,0.24493736313233985,0.24297020066575944,0.45244616167944485,0.2748268188471773,0.4570997951754338,0.30553655725502077,0.23565336047954868,0.2457855527310005,0.5069294737075131,0.33459210878827156,0.33904554338976767,0.23564172343600323,0.4745196843742416,0.3245874399138112,0.2403527103321514,0.3443271536789612,0.3144257218274974,0.26471620919312505,0.34891870163970135,0.5001490825599809,0.437068556192665,0.303062700670185,0.2885794885580316,0.27229591166134504,0.3050105143604002,0.3561749598023074,0.2690141751618751,0.3531865012187926,0.46745262127736253,0.41750685045892083,0.3548515076845033,0.42949978808550704,0.2335152135213374,0.26662788039191165,0.2357469693455947,0.40390814416785803,0.39377441855040546,0.3885447607484327,0.5111398731299066,0.42397977715920027,0.37964529379895046,0.3168756691964534,0.3494352694067692,0.29805475123790187,0.3022177310037009,0.3352389786448937,0.3852810863957182,0.350582893671574,0.22382202277799124,0.3870403787730436,0.3685088065368876,0.36362779773817583,0.5028074598725346,0.23127453574070242,0.18814464482779059,0.4029699857922966,0.48966477524497737,0.3615103542065396,0.2639108804718821,0.3904949753861524,0.37564899128165846,0.438900203079274,0.47648409029086364,0.29512933838603045,0.3220591956093465,0.24016185208618301,0.3169115282536932,0.23604823328375343,0.46767450582781156,0.23678304639161438,0.5686973887141714,0.2693181776753616,0.3938800751156626,0.3476861375848533,0.2973823853181842,0.3286105852464005,0.4136630653185256,0.34284993682059994,0.25046269687840994,0.31217189097233,0.5285185846373932,0.4324161465263852
0.27802336331838995,0.2457277614705409,0.37136202974622157,0.42580235381032955,0.0,0.2340316905062418,0.4476203519887501,0.27432824561106595,0.2656872410780001,0.3251344622875518,0.44924799472814725,0.3731268681675004,0.26138554177053935,0.23496295921949817,0.28095138724648194,0.3421743347253912,0.3018311583925067,0.2706962967503057,0.28245305810451604,0.2683354233022194,0.3836972280922636,0.36637243257254537,0.5490165092721112,0.3249350530548675,0.366801473450754,0.3870071751534958,0.43796362102910624,0.29558913770613704,0.25772245816492495,0.2597595032995794,0.28266286442630395,0.25546977046113345,0.2612894514978697,0.39935738603422044,0.3078229328786355,0.3042232176968277,0.38522076773747704,0.2727739303806306,0.38338929458166604,0.34855265789468043,0.2411751797877482,0.47480222313842413,0.26730650342935564,0.32702811914144636,0.30213131993955633,0.24788157538135058,0.20190380345102749,0.35148122692585404,0.4358574363888895,0.24728194212434948,0.29123284484929923,0.25544176700876253,0.16607370387382828,0.32218730454348754,0.3121052845903721,0.256192648420163,0.2548831674398035,0.4391501672347848,0.2518965852684075,0.24824499767427416,0.2533683738090858,0.18391972323822756,0.20447260179054472,0.2897254828354113,0.21528163907436965,0.20018850854611503,0.41458486397077093,0.26527218348961296,0.27220466515353775,0.3422018839588546,0.30698761649209494,0.2368854072380793,0.2968160599785789,0.33898290621176663,0.2309717424901099,0.1909632418869079,0.4200410942143111,0.5688489029006876,0.21272555695457512,0.20745223522287295,0.20084650944328394,0.4277513918087163,0.238616051904269,0.19218112070755078,0.31261772603023696,0.26341361061179397,0.39046058633037295,0.2466883358581824,0.2277654359916473,0.27831785847285206,0.4458754428870472,0.3549115635502581,0.2659995121462355,0.18866943768462405,0.3369899810416983,0.31093783846953427,0.18998906458073503,0.34263820891994906,0.28307845901526363,0.2573208466859477,0.24856611237346074,0.38260477445213853,0.37487450962495017,0.32346239806341226,0.23233087895931415,0.27121983467944694,0.24664615609066873,0.35436990007962504,0.25286329250184214,0.35802314856518563,0.4896504064632773,0.4026697983766526,0.2696155637806398,0.3959851098646802,0.18370608626826967,0.2548604515573957,0.20613143487485971,0.3926853733831598,0.29702473040921407,0.3557532531498758,0.337749539449108,0.3096405126643052,0.2985503079416729,0.30522281322347344,0.25670813012264593,0.2648399605085905,0.2510636066464882,0.31480553727889693,0.27397905143481316,0.25415949900440604,0.22387687836469072,0.29606237116553286,0.2617731831981444,0.33051981854108353,0.37635621395897584,0.18668181816162918,0.1851888196488407,0.3154971515883565,0.42104357990685004,0.34160278203097516,0.1996474713097667,0.29567622041130015,0.38126196513733557,0.3800006768151928,0.397723169033176,0.3462685766882789,0.3090645974705064,0.22638080595798793,0.3085914872639073,0.22538695027450426,0.33200521324560905,0.18950187832564533,0.4408593083072124,0.27584047230224984,0.4102874736741626,0.3538906257275877,0.28760004083460194,0.3159908542332334,0.26926745000422037,0.26353215851030265,0.20191353570563297,0.2433514208425429,0.385738587142362,0.4852420502691022
0.4889707133738088,0.5344465958489565,0.3561749765467529,0.2403445433927906,0.2340316905062418,0.0,0.24644670128629625,0.41064915725705425,0.3338553556576597,0.374794600505633,0.24782666835588052,0.26201510165340386,0.5224986518665038,0.274539262044413,0.42738734165395087,0.36363867986023213,0.3451532277453154,0.30261131042451794,0.3511775562099736,0.5147057637053202,0.28915238194913984,0.33293422546963186,0.23777314160068624,0.29975802038424953,0.3440225772039205,0.21956978333180843,0.25886874900216006,0.3589847608636131,0.3454290932139772,0.2936196289031834,0.45523427542340417,0.4448093558262202,0.45264589395830773,0.25695095354413383,0.3380765787324121,0.23104799709127072,0.3428006356660488,0.32076767211228935,0.24663003328539548,0.28700403842289957,0.34431313526856255,0.2463501572145542,0.3086276181610083,0.2916320855224021,0.3727450066012986,0.322645343350517,0.3144555978181612,0.25896170898467924,0.2629997778922142,0.3487722983691069,0.3037212799485442,0.4108419962683233,0.22441897300932237,0.29357666437851326,0.2572101568487763,0.34972344415952755,0.3943057774214359,0.30195317782876663,0.2683654476634245,0.36012010143417456,0.42896355766387545,0.25306553855560937,0.2707469711859337,0.19996656128499415,0.2470256935576968,0.248706024400865,0.2547618981581077,0.39783902678660543,0.2775053513810468,0.3526356556245185,0.41792747910154043,0.32398422489250156,0.2292416623750995,0.29209646094601094,0.41035100889993265,0.30689511922372364,0.22429774283908388,0.2697022144865389,0.3180054358762471,0.37337063948835725,0.3050347868922531,0.3166089318429255,0.36101570224463586,0.3530566772026605,0.2598041163859431,0.44235544794710396,0.3003371427720568,0.30194037930845385,0.42337024873390283,0.25082272110536,0.25311595146676064,0.3329369498665202,0.3549265845931986,0.31137710732747453,0.25307340844380216,0.363412995617071,0.343006703332668,0.3515783961369289,0.20026069812558658,0.3997589674828172,0.2773210537786002,0.2483187259189368,0.20010223033487734,0.3546882975202225,0.364738155449106,0.49365900810536906,0.32734669467533917,0.31213026749897954,0.32184677107842125,0.29605043307355194,0.2275507806405161,0.2179271132368112,0.3128181304171546,0.2434221303941633,0.28301763563545435,0.44382007493847825,0.34892546821329795,0.26897433106663216,0.24263255158691494,0.25126797590920835,0.28517105952175986,0.29529444878190125,0.3031853492183265,0.4710806625580387,0.32824557803997906,0.4507908128517583,0.2443386459215855,0.2676530725438188,0.2901113120589815,0.3401320769293757,0.3620782070795643,0.37348481151483215,0.2889415427284148,0.25460726032046693,0.2803826261727994,0.2639816183605546,0.36417890136876596,0.31378714980197336,0.2612322947065018,0.3072188733508434,0.2828492185781812,0.26431172053341256,0.3398189840521703,0.22798615686464271,0.26279225709671616,0.2344418553043067,0.3198600722185741,0.3024853482642284,0.4252972859952108,0.1759011097747285,0.3025494911741974,0.26707998190221627,0.25899860513307127,0.2385556310748931,0.2945929503307715,0.3681289218913526,0.3669919341733646,0.34737529888698193,0.30185850764796957,0.28506688765548743,0.23517366267092135,0.4274367828711047,0.24038537071278498,0.2645304630955738
0.2729988730444034,0.27149894592462037,0.39446051705084895,0.40938110747453565,0.4476203519887501,0.24644670128629625,0.0,0.2908025742369337,0.2803419794680134,0.3567815980945494,0.33240787361171537,0.33440154169320724,0.28220048997231395,0.25401921416975864,0.32132076983792995,0.3018735774380792,0.2700360109473654,0.24918420793095478,0.2605609073838013,0.24611390846792278,0.3425691331490889,0.4161502853014202,0.5130021010252327,0.37669428934093313,0.39743912363427375,0.34561783724086276,0.3716177023672867,0.27203785954779947,0.25081491530494204,0.2569131622847152,0.3065921260437462,0.266395588065483,0.2616886098837765,0.3475634805860758,0.2784167508201269,0.2781462265094433,0.40968356904525477,0.24757443218780115,0.3162487380867743,0.3627339229623525,0.22783212611133596,0.4017249724862798,0.2557340724022166,0.3016970492726386,0.3650659214926499,0.23753163236658933,0.23697218954794302,0.32081564095173676,0.4567024390871004,0.23525085268473728,0.2928342854888897,0.23740574042754078,0.15681076961881665,0.3110094054925646,0.3007016621615874,0.27808872842200866,0.2368011219149038,0.3739350132467432,0.2836296750215348,0.22782661690824632,0.24307302094122454,0.183434468685529,0.19107854500485844,0.28763903573478655,0.20938218863587127,0.19292322882150567,0.4445759981520611,0.3360879353072872,0.297823351469268,0.317912505225561,0.2914279747001846,0.22402577454151176,0.32294977227032867,0.3609881228433482,0.2116321473964598,0.1833381044683934,0.44130672148313504,0.41690053506721886,0.2021430643361085,0.198737901875584,0.19144047108894255,0.39443951258277127,0.25682659248622763,0.1821731884690788,0.2862315197003989,0.2816512562990039,0.34705316540919184,0.2647950901954709,0.22790679578736694,0.26467178992229234,0.38591374580425847,0.39286209823402524,0.23643884275719512,0.18100043852800415,0.31960434627673356,0.348361956362496,0.18410143429741188,0.37847022593608837,0.2540983919223663,0.2891353780100596,0.2433551182128517,0.36687626542180296,0.37959034743040954,0.3335427712263604,0.2148207584775211,0.2793278421903536,0.22872716095797666,0.37405040830630715,0.24750596681699305,0.3983257462469927,0.3829018459776996,0.2918989354904957,0.2889884442452568,0.2871737976087819,0.1776655397206105,0.2758750293859672,0.19561658277420246,0.3738044197021559,0.3149675285895302,0.2945569701235498,0.3060709566201332,0.27426843296848646,0.275501396398693,0.2949207788600891,0.24290456669110813,0.2580592608282255,0.26604848740399567,0.35984101534555424,0.25579976382983854,0.24903141576320723,0.23002264898007055,0.26668775174849146,0.24509998366174718,0.25926153837760973,0.3444278181657253,0.1807942251310102,0.19461131419300368,0.3081297019187641,0.39695528667193936,0.29773156420418123,0.1998363672003932,0.2761978956072752,0.36114637608153505,0.3085015204938575,0.30880925714123797,0.42853649990102777,0.33812938965322464,0.22000397053019435,0.32528042413939595,0.18459020271288784,0.30803190303525496,0.18263049872032108,0.3657865597120219,0.3670818436903976,0.3969053474440969,0.3714367109958999,0.31894611265708384,0.34714144119432455,0.267709151095024,0.2713376913611963,0.19747816665941087,0.22741967090273454,0.34800698091711835,0.3690343866699398
0.3721302003705537,0.56170909416486,0.4492842867522467,0.28488686513101596,0.27432824561106595,0.41064915725705425,0.2908025742369337,0.0,0.47556394464978763,0.5073467553990576,0.2674925402734221,0.3832426156833732,0.3778300873251079,0.27465861994167096,0.38179707574108346,0.41749805975291254,0.4178443231283799,0.2862789647650119,0.390091592226399,0.4068627878802128,0.34770118973172887,0.38160682977899085,0.29852690717422853,0.3774472021614536,0.40523225905571797,0.24665591959116956,0.3220280108741259,0.43441893321273556,0.3517908294436258,0.426591762972464,0.6092550357027288,0.3301460945150755,0.3907383724421175,0.26863803863352115,0.3426608163845843,0.2511625285965097,0.37533227140705266,0.3828982223076908,0.3028677168903715,0.3574879677399721,0.3570766121911337,0.29195266265690867,0.28446975936700925,0.32147619004123046,0.41660566057779486,0.30759611138020554,0.293451669203058,0.2769482506198564,0.3194349517776915,0.29653637394758753,0.32799986884521504,0.3475502337103471,0.2010072202986748,0.3480502102380299,0.27507334612334,0.3628165895444196,0.3544617569164701,0.389836817042755,0.2660941444028534,0.3004856696077113,0.37415564676628904,0.2054515288941948,0.24637301660910801,0.213086976141588,0.22275515277816407,0.2220894419735056,0.269390832340679,0.3397047444019768,0.2882986163982266,0.4687849398573867,0.3651207172280068,0.30441800212917147,0.2302785025010846,0.36198946794825615,0.3610318338449361,0.2412804200155606,0.2578164019413417,0.30663140478264894,0.3218325021243442,0.29761546789467147,0.25617922984335495,0.37143609905181246,0.4579081642466486,0.2798413832565746,0.29778787224873665,0.6476864983888394,0.30726821626915024,0.28964157479405767,0.3395555097714506,0.2838481962509384,0.302940811933831,0.3359328124735956,0.32801763842726184,0.25363955333781707,0.29557172360429135,0.4906388396124204,0.2639663502471761,0.37042851217275924,0.20044799858028997,0.3369458613895394,0.2678850119955974,0.29304249965062956,0.2264515929234073,0.4999200360362762,0.2892096430509324,0.41340121443943945,0.30254398223660334,0.42818462415022224,0.3042817784031321,0.36751924126968444,0.25312172228570406,0.2435315072926432,0.3052815059483073,0.28408509284251354,0.24324307709332935,0.608231966868874,0.291346939842883,0.32295424641072085,0.26386945825519426,0.26009579719819625,0.3198716675133764,0.35601342775215883,0.2752624198778083,0.45768051894911665,0.2981810865502062,0.45090129292932296,0.2464101985985902,0.33079022606067326,0.31153671820056467,0.3187654700570908,0.46329814021959825,0.42613294526197276,0.28721548116930656,0.25709525951376416,0.30243294792914,0.22335502991452005,0.3443481103526766,0.36763665873435714,0.3190968222940184,0.40244475414572306,0.2472086718065111,0.2528625020046564,0.41931845191699463,0.24490175174742668,0.28697613609876826,0.28263042704991553,0.49189412105878083,0.29174331994746516,0.5331665942241468,0.18565426457214315,0.3444513157205128,0.25331385480651053,0.32058809847372904,0.32249179152454605,0.39223074378425016,0.4081706585300425,0.42144851104192776,0.5144431044847,0.31668241963608484,0.290228548422039,0.21908072893387304,0.3935753922478883,0.28069532699823796,0.30710917702181706
0.2969273855513981,0.3912221257203811,0.35255839208803014,0.26973414097564813,0.2656872410780001,0.3338553556576597,0.2803419794680134,0.47556394464978763,0.0,0.36840212548099754,0.2597640434858765,0.3944243719361596,0.2818914344024781,0.23764605286528018,0.29332538300784516,0.3808319918418946,0.30582520920672734,0.23291678280704978,0.31111600159227737,0.30813764184565906,0.32945650597585685,0.39299403483368284,0.2762395209929251,0.3502439549433798,0.39129293048217517,0.22979622207104383,0.29515691076197753,0.32947988417808,0.30650759026398977,0.5939270074784329,0.47847657399304144,0.2702337263857413,0.292411796840272,0.2546940281882303,0.31074002664078215,0.22908991119857824,0.3490930111959258,0.33810553857029213,0.28581172866271354,0.31531041743705107,0.26624834978708445,0.34988338459935314,0.23006959009725722,0.30603591549588466,0.35771012537407454,0.23912056283916608,0.247039745245132,0.26152338856947627,0.2984071311596189,0.23250361401635136,0.2595083089673846,0.26783791804697143,0.174361342581551,0.32859341975817313,0.25341391310126543,0.49677206795700163,0.27597810751370433,0.3710291235471124,0.21704356770764735,0.2299467212131184,0.28763382804077836,0.1826785163703204,0.2091789394491195,0.2009862811494964,0.195284202152611,0.19205399713236532,0.2655511555960855,0.2784801531877796,0.23184354184262448,0.3911858449027491,0.295357920404301,0.23589509033416592,0.23039887006532403,0.29373678240202,0.287868390721446,0.20472199535823726,0.24779501416744656,0.2829283735363938,0.2451868710118107,0.2582678329911423,0.2285799243852605,0.3762413871997218,0.48632010629129024,0.2262954929258092,0.28416417804467636,0.4193259507145352,0.3078598775471623,0.23889185877936406,0.2554261054185037,0.3493740866367185,0.291868734753225,0.3354698493443403,0.25275548040123796,0.21023591724221388,0.29223146784095605,0.49229681375381673,0.22914589755546838,0.35860078455704,0.2000883193506549,0.255679555518437,0.2594751957591039,0.2788809212001144,0.22143516990387904,0.364723710084595,0.23360846401419852,0.29091573103470103,0.23674333572732129,0.4070571176179813,0.23222400389317924,0.3487924005590555,0.24699451777279327,0.23082130351136207,0.2825649460109537,0.2858669431074893,0.19604830344468369,0.4126839724495394,0.2419848724263606,0.306565316166737,0.2532426027707517,0.2555752607516926,0.28918498486838357,0.32950434339429074,0.2693645176441672,0.34489007045373354,0.3105810530444738,0.3307719816800386,0.2429631630026642,0.3120253465417806,0.28450499560919923,0.2482474389776231,0.5221796601543909,0.360620413212108,0.27669853920838156,0.26656771232161913,0.2852671600807894,0.19659953793099885,0.3188112802699311,0.30166410870876637,0.2973712063204265,0.3583870755426495,0.21239041626540411,0.2577311122357444,0.3673328786093207,0.24769817896093835,0.26903115304435316,0.26663461731735644,0.6028456112570098,0.24374819275915924,0.40231600732545125,0.18569010554550183,0.3351904882021316,0.22084046794002277,0.3006281425697279,0.3761451034135986,0.3699344609392336,0.3887071642828974,0.3479908788824287,0.5128554650437469,0.29600073098021396,0.27153777801154405,0.1877951276680067,0.3187071016667612,0.294160771089065,0.30003905650499085
0.45065076236893054,0.494374178491354,0.6321644657179896,0.31261587013648107,0.3251344622875518,0.374794600505633,0.3567815980945494,0.5073467553990576,0.36840212548099754,0.0,0.27634174238736736,0.2899007043674358,0.42123195323009716,0.29103403312546405,0.46095947480600574,0.37198495387768055,0.4185542350010406,0.36570312585106707,0.38077101161363097,0.38357545331940335,0.37715016896308634,0.47281710394781606,0.3567125714788635,0.41168432235273916,0.46501859196268336,0.2502257077930648,0.2995983991606708,0.4198915752533286,0.30849690822391684,0.3316755496857204,0.4456067418193045,0.3588971461140663,0.35495959819743195,0.26949807981483465,0.3444145603005803,0.2453050016786306,0.4165763095614217,0.29246608223726017,0.2470347621211768,0.4102115783358565,0.3019810998557844,0.353351051098276,0.3425511706038399,0.310081629228202,0.42449937898482876,0.329582218429526,0.2991636790775471,0.29306883376750886,0.3963771639644179,0.3052337225025453,0.3930602762133895,0.35579127248146925,0.1923414008225338,0.36801740655441517,0.2794188802180885,0.33827424184384874,0.3478062562390282,0.29619458799630516,0.34054942676063643,0.31601496323293365,0.3644891656065344,0.21301584371301746,0.2599331289850651,0.20993521264668288,0.26646220637244483,0.25917343797578285,0.2880826216332121,0.47125370380681375,0.3589617863864858,0.4379406169700172,0.46476322706379086,0.32385561408895636,0.23157224252280378,0.4457076894981285,0.3041306109999296,0.24494718374128624,0.28426027542081844,0.3054642892254094,0.26775351929174057,0.2685874592812131,0.2586734725527112,0.4398322758182623,0.4469411200223676,0.2481376043963239,0.2809999095682529,0.4585259808850094,0.2901104518481656,0.31161088909200063,0.3218895342673493,0.24076435801189097,0.31463662254391084,0.33660193808661765,0.33506000924193163,0.24059460981222858,0.322063139446137,0.394216103362263,0.23935644235140258,0.3631874038447662,0.2012687281063521,0.36788032211993704,0.2454618126880078,0.33246738645671275,0.24374293544345077,0.4581174791587593,0.29571328946060205,0.4231978294205405,0.3115885066612704,0.4020589772075136,0.3247613137983148,0.4229867035573766,0.2862035206682289,0.23819761658055663,0.3135085971199807,0.23599389129045695,0.23087475977148836,0.4928754701414521,0.27032330454612225,0.3807616661669269,0.2832891734576056,0.24636241860484534,0.2877959642155111,0.2805181798296458,0.2722342382406066,0.48458090281328764,0.26159521686582643,0.38868767415888716,0.24671721897299234,0.3058109160118316,0.30266122259663486,0.3509218476098054,0.34844093058513953,0.38458900982650873,0.24456736886770875,0.22282912947684638,0.3036449325296377,0.2360053721831231,0.29097354150135596,0.36756437265488656,0.3697946049416777,0.3623175409746214,0.2629191572145512,0.2612537664646823,0.42243506637671524,0.24398647726886258,0.2588768105029278,0.2769402688275535,0.362553150030969,0.2886850406281463,0.5246887576193625,0.1625150627508165,0.3131142989742146,0.23520816954264417,0.32011912097079265,0.35428993574240886,0.3549565764355486,0.4291345526878549,0.420774763062151,0.4716650665658263,0.30995260590326246,0.30039794478401105,0.25987220542885436,0.33760445867910205,0.2687846801265837,0.2976985919691361
0.27016276327235444,0.2511097204450185,0.310334754141845,0.5075381765076559,0.44924799472814725,0.24782666835588052,0.33240787361171537,0.2674925402734221,0.2597640434858765,0.27634174238736736,0.0,0.34452928332967414,0.2623976985538024,0.2599605323929157,0.2523652939933521,0.35775358871073254,0.3330343164196213,0.24806003793822545,0.28913275375714326,0.287726152364113,0.4058345234185552,0.3337203457530853,0.3827285690830151,0.336265764070027,0.34506263842541524,0.4566074872688976,0.362666149520299,0.3486322130109317,0.33379304252094266,0.2377534197326723,0.2752155112434107,0.2521020855456025,0.27065169880319423,0.34107474211809674,0.3413931241781208,0.3018799374170758,0.37441466526518324,0.3298649561888457,0.46203932812550264,0.331254541624532,0.27157504074631467,0.36670510804774414,0.2648248388468454,0.4257707599169084,0.2774907660076491,0.22308682047801248,0.17375659220844578,0.47436085649918,0.3901341628266022,0.24651648455040595,0.2953163740090372,0.2789846568427957,0.17564372700836858,0.3766228075569199,0.33967383203267665,0.25373839672576126,0.3067409805383783,0.39494983504885584,0.25642544350274105,0.2453000046778351,0.3464034292093213,0.17976687585261839,0.22846943201880227,0.29596135816926605,0.21048741644099403,0.21915732346158665,0.4565333514127674,0.23921707488502722,0.2803638417203108,0.32676965294506394,0.29469668880698047,0.2566491358188563,0.3602660094150457,0.3510239489613886,0.27085551394015545,0.20674968518915662,0.4787174768814337,0.4262518291783259,0.2431263085474156,0.2570114154256144,0.2430957585088114,0.33399232333616746,0.2351695225460233,0.24268852501408747,0.34028843378760404,0.2659242016500714,0.504925426630865,0.2447402136422871,0.2146877568659592,0.2870613983418267,0.4172524670280538,0.27510035224055107,0.27358398903357545,0.22889583611644643,0.35136335825831155,0.3236696116454429,0.2158332275424086,0.3018654386647007,0.28335505132022215,0.2366533378156002,0.32868363516814275,0.37541554280668876,0.3693702790466928,0.28120907162844316,0.24070343203004346,0.2387809794523631,0.250706127714428,0.3636112858534003,0.22842177373496675,0.35242142009667904,0.5479708010511535,0.39589090879390954,0.3173085300223134,0.46903111194788055,0.2132254243990976,0.25998773505148415,0.2300429842304328,0.3484197573655773,0.3547622070722185,0.37883612275816314,0.412113395126047,0.3416288192068673,0.3682237356078578,0.3001130120074435,0.33781749971479014,0.28807177050218236,0.24272486802740756,0.2827845222826597,0.3166913945303005,0.273583415333433,0.21796461484316323,0.36761856850869445,0.35844751151876236,0.42606520978300916,0.5617805783635651,0.22167717807698994,0.19377179135741554,0.3205094132832788,0.39033767924245427,0.3264571457091759,0.2457905899500198,0.3235618778612312,0.30188905279720696,0.3687967314262756,0.613818884561804,0.29051430585739785,0.2898651966353561,0.2210409776596497,0.30163984993179,0.2512750764967945,0.4786669902920972,0.20979331335258833,0.5261985412314506,0.2275529472489964,0.3642608520014914,0.3601994389811513,0.3059933463376064,0.3242657716333766,0.35678049918961996,0.2836990947117383,0.21689093417254737,0.3173095899528823,0.41432468099134023,0.5666921915338456
0.24789910598957024,0.3055562099643449,0.280419182149097,0.30819673113025403,0.3731268681675004,0.26201510165340386,0.33440154169320724,0.3832426156833732,0.3944243719361596,0.2899007043674358,0.34452928332967414,0.0,0.24108245227872216,0.1971211060660233,0.25022110070757975,0.31169033388227135,0.26142803331504655,0.20265010959485733,0.2665396466057331,0.2614582883867658,0.2968325694201915,0.29541321696886663,0.39808893700023384,0.3339222161116217,0.34563026050029594,0.3294009951973743,0.4523845583375993,0.2682942939178191,0.2509075989318105,0.356384052244722,0.3668074730993801,0.22725150711028896,0.2510736815923528,0.36215883142375477,0.2616208389247823,0.24672243682089082,0.33717794596134193,0.2854546104898877,0.4081680866358417,0.27040199736191767,0.24282877258319557,0.4489020598596544,0.2108057762994306,0.294138924603628,0.30274238887585425,0.2187890481245524,0.2275482530960431,0.2831209808071177,0.2992526538624201,0.2116068587329582,0.2293409274649126,0.23573910546030433,0.1561249760647745,0.2677649184793963,0.2616486733687474,0.32843229005606933,0.24201835617064318,0.4717618877826249,0.19063774513915296,0.2100715634988181,0.23859761426562115,0.16200717617088572,0.18551219616064404,0.24501866006347506,0.17257432567557632,0.17276936076753996,0.32009830761074903,0.2279190529877216,0.20548332320134377,0.30008228466680475,0.24231091085296358,0.20857028430887528,0.2534579282067696,0.24914574155615657,0.23983946826826522,0.18184097775592542,0.30447753167128366,0.43973225658397347,0.22576085208471014,0.2168873788248966,0.19450792768042238,0.2977484518131516,0.3027776621437252,0.20024297916331513,0.28498053766870335,0.3403237614480394,0.34901314659661614,0.20992426459399427,0.23128388263856514,0.4334000336561928,0.30798116758867516,0.3179044779130495,0.22385964348190793,0.18885689894213864,0.25722834811480466,0.43720108492782483,0.19213088233698722,0.37236809383449443,0.2388694222176345,0.22571300804806607,0.24074400022490502,0.27052363043325417,0.27483852605775744,0.3175689688420577,0.20724961745521867,0.2644770807132967,0.21974644447164357,0.417287467151797,0.2144433147143215,0.3704173537491035,0.3578719409562023,0.3338955945634579,0.2349550814244259,0.4255501571466682,0.18031214060520329,0.3302733741778397,0.21013751837202635,0.2780026048974549,0.24466293959910904,0.30369341346202716,0.3032505569832754,0.30004526188295205,0.2698475579978292,0.278082252793055,0.25620830025515634,0.2784863874960185,0.20978103083791136,0.39373160857279743,0.24885812669981017,0.21827455578089933,0.31405905016952934,0.2745110262738866,0.2682843484084928,0.35742767792802366,0.31055657342164894,0.17085325575026752,0.2538265733364654,0.2694082405322388,0.3039297958449559,0.3046321085140486,0.1812166259609875,0.2487732752241337,0.3000732349705909,0.295541683920045,0.377954924115326,0.3742790722374052,0.520470603174949,0.21206801610904624,0.3236279228847944,0.24085909802297373,0.32324550288179843,0.19135718505206806,0.3279029607134608,0.2797744105143268,0.4017606019118458,0.31203525060754617,0.2807273755946205,0.40333947786228014,0.24173787417571388,0.229083864625226,0.16614258588284936,0.2562905002630703,0.32654890804099224,0.37889470030838124
