0,1,2,3,4,5,6,7,8,9,10,11,12,13,14,15,16,17,18,19,20,21,22,23,24,25,26,27,28,29,30,31,32,33,34,35,36,37,38,39,40,41,42,43,44,45,46,47,48,49,50,51,52,53,54,55,56,57,58,59,60,61,62,63,64,65,66,67,68,69,70,71,72,73,74,75,76,77,78,79,80,81,82,83,84,85,86,87,88,89,90,91,92,93,94,95,96,97,98,99,100,101,102,103,104,105,106,107,108,109,110,111,112,113,114,115,116,117,118,119,120,121,122,123,124,125,126,127,128,129,130,131,132,133,134,135,136,137,138,139,140,141,142,143,144,145,146,147,148,149,150,151,152,153,154,155,156,157,158,159,160,161,162,163
0.0,0.547168217187562,0.46310997949932536,0.5195943932102278,0.5573216172103916,0.4995791856739814,0.5868463306653171,0.5086045328600975,0.6954803206161181,0.43896164248866903,0.5742136779056443,0.49765088248040745,0.5835215098022133,0.6050714928223226,0.5785812985262525,0.5313350550176111,0.5623286686231594,0.7610579455233368,0.5489184854365028,0.6598469068410707,0.5882017366350727,0.5716469064186125,0.6359468807845902,0.5650123948132175,0.5695573000460779,0.5604049197609904,0.5650863645163067,0.5535442803060204,0.42106115643902503,0.5717760625628254,0.5764479221830128,0.5602641303424791,0.5329386876953552,0.5575075340984591,0.6514452266308779,0.5712724942842957,0.6247723495167052,0.6520309012255289,0.5002425122149494,0.6400857495223684,0.5759651939772551,0.5925879560606953,0.5980733865820198,0.5555108049502275,0.5850096979512605,0.6042720917684912,0.5651428383312631,0.5220981027623116,0.6765806243112045,0.6588661525727243,0.6475247960189242,0.5854201317944137,0.6008615115791671,0.5211591801872176,0.5102356215189147,0.556835317613442,0.6839752573529567,0.5489891652239841,0.5845771597411271,0.6314369799571611,0.49336486494913334,0.5391162645814567,0.5987044427758946,0.5377170340168074,0.6040691930128311,0.5582298117185,0.5842003775475304,0.6076773800741834,0.5559617659320994,0.5638888187848784,0.6828816845016432,0.5994119968652916,0.5963967730364521,0.5974320394427458,0.5433342220216594,0.5915905694338576,0.5235256747088716,0.5481460399765284,0.580235544497737,0.4763643137882625,0.528690583530373,0.6876343824617905,0.5923694174487044,0.5441389980853943,0.6109700551497376,0.679660895853641,0.5450971715924587,0.639485690490719,0.5641811571324342,0.5637016805059606,0.7043524626425403,0.5998420849099576,0.6042465384213851,0.6102143651487711,0.6539850172077548,0.4994494358116361,0.49860791819086947,0.5350123381932971,0.5704130916924566,0.5558470216193592,0.5579716844092086,0.4588966229560697,0.5449312871969981,0.44905964480510285,0.6732843856284834,0.5714070407334565,0.5002802140376424,0.538212374682131,0.6064860637374422,0.5327233450960028,0.559316055300658,0.6772929694725934,0.5823196114927986,0.541156875204361,0.6405939796754697,0.5879992765030592,0.5785129740726669,0.49876135897048374,0.4698807693790274,0.5551183201061448,0.6107154329337827,0.5105729003278848,0.6252317105024346,0.6172376834827988,0.6058111287853628,0.47552407335920344,0.5294770503994487,0.5159756775284154,0.48507487554845996,0.6219580064873903,0.5302081536017463,0.5343874030526009,0.539405347249361,0.6591162816146239,0.5217921398157145,0.5374771601093712,0.5689599420482094,0.6379416562275286,0.6000485450020651,0.6224546142959769,0.5079967270433331,0.5616066185279016,0.6635769735630865,0.6151945488691211,0.594395607186824,0.623021399341691,0.634866322871915,0.5001669782364403,0.5136606053541279,0.43015344573612113,0.6396869823260984,0.5603859834378475,0.5755743143696047,0.5068716358795303,0.5393115852245134,0.6123301579564028,0.6351952641035201,0.5193624990544536,0.570167099617845,0.570801078112766,0.4977169790766642,0.637580113329417,0.5260028393261619,0.7338161002606733
0.547168217187562,0.0,0.5682697684471668,0.5121054221036422,0.4854100227040685,0.5981979361086796,0.567953806709326,0.5182141040766778,0.5157255483576647,0.5761215245547306,0.5778192572833653,0.6571110144138756,0.5583803599357253,0.526760658678134,0.5286402759953704,0.5539876414689506,0.5758302478245965,0.5328667979290946,0.6491849850692012,0.5805117584881189,0.6236095391784315,0.6143702394403382,0.593404610699362,0.5954674053311891,0.665441570824254,0.4736074393143341,0.5132121636673681,0.5470374560489211,0.5507623277081732,0.5164404063801913,0.5539196868763424,0.596107637384528,0.5521164659487442,0.5844047135666276,0.5395176671010908,0.6058149494103314,0.545769774550241,0.5486219860613115,0.5304134826002018,0.5895882691345804,0.6226099966745252,0.5778815059609348,0.5064714815856411,0.5416960742292035,0.5827510626385701,0.5366579502501732,0.5440889514491853,0.5378223578171145,0.6032531536163441,0.5383991695023094,0.5493177383964575,0.5387484465272865,0.5523564412705475,0.6061989087319606,0.5690901576305737,0.567172933912405,0.5493881258196527,0.5647080157766057,0.5566353065847307,0.5728621118489852,0.517304872172124,0.47397285467371225,0.5132950587086809,0.5228631174381679,0.48611504286677254,0.48834363733215874,0.5177886608533463,0.5063261529706898,0.487170737753386,0.5027560623037012,0.5148060674631565,0.49855796052171797,0.4915122978058851,0.5636615723989556,0.5590644156613821,0.5228693463066902,0.4924279426744593,0.5622184163469587,0.5011407536381721,0.45607365368338704,0.5611976068882911,0.5232265107853926,0.6007017055553776,0.5311747465383523,0.5177195967552881,0.6270767905934481,0.48245844512298275,0.4901016952111524,0.5386525622793734,0.5366647377159969,0.5146543100760228,0.5762204881846608,0.6055321580169991,0.5288338854735432,0.5252155507871183,0.5787674782486503,0.49549022553766475,0.613838085333813,0.47635113620133646,0.5289436229617895,0.5201782776710394,0.444267242914569,0.47449043677007174,0.538339633799753,0.5258432788011853,0.5258544259855236,0.5202025356241243,0.6092470704483105,0.5905348915016068,0.6792624563931045,0.6001274010212331,0.5097323108749185,0.5232972572294686,0.5024993695463487,0.5183440297851312,0.536301378045088,0.5947930822424313,0.531399157779824,0.5493611449109167,0.48810587041085035,0.48308339915174464,0.44910459404140307,0.5663326627652214,0.5814675990712589,0.4888795340001949,0.5870044442871736,0.4804892445511295,0.5240246585836869,0.6441832766199416,0.5221950082422092,0.5479018676457901,0.5293571013382763,0.45490491180772,0.5284847664006548,0.5499024985395622,0.47199509248455435,0.5812558524921794,0.5258432559099814,0.6228993766598196,0.561127545090287,0.509048859249376,0.5780926401115188,0.5922357136053875,0.5874241833784424,0.5880393214051551,0.5039056689948237,0.5779507431318384,0.5527146062811531,0.675988166454511,0.4819329590835146,0.5043426207881305,0.6005207941244174,0.5460869278905626,0.5847201699638732,0.6225185974387945,0.5324573446815868,0.5837340207654029,0.5545050171112397,0.5036070604023872,0.48444493590939225,0.5286622281580505,0.5415251109894971,0.49912380918131705,0.520388039338309
0.46310997949932536,0.5682697684471668,0.0,0.4580863279211398,0.4563251802991049,0.5978848034598503,0.46533370389217726,0.524092627307986,0.4346628492148541,0.5903495398179287,0.6050413395924654,0.5763775337248412,0.5696634325621039,0.4521787198244723,0.4441394843253655,0.6415369544101872,0.5749626689333894,0.47185953183334334,0.5357002555243777,0.48298327971034044,0.5712896801177654,0.6000420324059337,0.48838912954366354,0.4902552106933136,0.567783516294854,0.450173979368265,0.4845569557517985,0.514753640974365,0.5270319244390821,0.5005518446285525,0.45001047127821725,0.600261325778125,0.46208141753046617,0.4813966879166172,0.4252315992899755,0.5066294012489067,0.5096319598584975,0.4877094042008815,0.4747921097321111,0.4997251159555559,0.48320252082402504,0.5244860181821169,0.48752516587080497,0.4575099493675742,0.5169982884035028,0.47609434946175233,0.47544590807541265,0.5274424947480978,0.5015646074877436,0.47626811594421636,0.49763702728175696,0.47033036015424845,0.4511347831969027,0.5401953136541924,0.5417341070364561,0.46542077812458876,0.47619865472537976,0.5958860681218957,0.47949486091999766,0.4844790446772145,0.5322483654674532,0.43809468897521536,0.5065051485809554,0.44778428679606436,0.41366220291253597,0.4483063127862413,0.4616212503898606,0.4857341763339702,0.507149414985386,0.5086188372793459,0.45972124536706027,0.4133949557127076,0.44674809273145094,0.5581765269163446,0.5633774237320828,0.4296045299222551,0.5300416490481504,0.5218097150887867,0.4425963599408224,0.4178955515265273,0.5101333247618235,0.43999548865529803,0.5271731326950135,0.5028732624166797,0.45350560037352766,0.5086209257211332,0.47635011994378523,0.4405420155924788,0.47745593488110516,0.4427261146403856,0.4743052568348556,0.4377885980222496,0.532839295011065,0.4411645439768776,0.44860534017643344,0.5001301623669434,0.4527076024502754,0.4793904351710389,0.3931120260850739,0.4592044972836691,0.4286637574286281,0.4845644030276737,0.41561285871740145,0.46668964571540755,0.4571736754302641,0.5017366729077206,0.5230860902086883,0.5411663293907578,0.4959190247832487,0.5657974341620557,0.5143069015576527,0.4362400754498345,0.47832325599066294,0.4777015443262536,0.44543598823999947,0.481223794935673,0.47382010446545986,0.527176317307364,0.5450029946991707,0.42522001394953446,0.4229894098833729,0.42969515459995855,0.45797137395326676,0.4961763177837012,0.3937509869218866,0.5482276603965528,0.44081461696371627,0.5100533959017085,0.5697104565726785,0.45536800109414327,0.4915485874897172,0.5714824057236211,0.42619214434401126,0.4252260052318197,0.48834466267546717,0.40189982382571454,0.48200762164807986,0.4266557057229291,0.5430950970362394,0.4830229373731667,0.4395472830111266,0.5302263499957505,0.4707739264271831,0.510530064159744,0.5038375917208098,0.43539403393839593,0.4859508063892599,0.5244730169423267,0.5942436697513818,0.45881459499752686,0.42774627225330003,0.47474952478752397,0.5048107317874235,0.5582492857894673,0.533265163311738,0.47472504968363877,0.5328428889560781,0.5267002110482275,0.40498525348472364,0.45625006743037533,0.47263140022268685,0.42671342172621307,0.43184969071481877,0.44719321475961865
0.5195943932102278,0.5121054221036422,0.4580863279211398,0.0,0.43634009028600534,0.5747920296667806,0.5460394285152288,0.5142660430699297,0.46167558738187486,0.4483624646203759,0.5231519029246399,0.5202553806210829,0.5143177078570668,0.4750621147649847,0.4837420687856906,0.4738951774977409,0.5141128786626268,0.49864589516219565,0.5775558308483366,0.4618049924920615,0.5560671803878209,0.47525492949703246,0.5326522751301701,0.48773431365433756,0.549714902980856,0.5319050764547234,0.47393289400516064,0.5443835128584746,0.4212488556467323,0.44090283739745406,0.4874852752564682,0.5067438502896796,0.6772100947350693,0.5794450790880984,0.4902075297027366,0.5300553355171466,0.5189664421071603,0.4959904245484741,0.448934353897231,0.5465071959119139,0.5791982032744128,0.5070062538697349,0.4831647886295141,0.5360794036369876,0.52371655933353,0.5066880939645392,0.4570922678624271,0.47933119402473773,0.5170703032750449,0.47777761363676025,0.5848421172073062,0.630168962135937,0.4917340328268451,0.5903674927311762,0.5108938092619396,0.49514055520304506,0.5122187155253234,0.5624319287136625,0.48381776683901084,0.501347467456994,0.5285324942131987,0.4651107305418452,0.5927854517380703,0.4243612138998393,0.4557022866178969,0.4909820526579091,0.5217941604091972,0.48271311022159424,0.45233197654721596,0.5293268642503279,0.5040820961515173,0.4453804189944345,0.5330787770633024,0.563612628925224,0.5149550296442383,0.4846966001337352,0.49272727946006867,0.49494004672397923,0.5265535963114722,0.4493891647302187,0.5334035428501561,0.5471509663686871,0.4852192730020504,0.5265256882521294,0.5430406625245712,0.5391579137054857,0.5252283716164085,0.4873560232376573,0.52295219184301,0.47186123398372465,0.5543103665781413,0.5636689311478329,0.4962976988119435,0.49932372597600294,0.5313794627238123,0.5057082298739182,0.46527129147762886,0.5930380710935502,0.4437392613897386,0.5660246608496533,0.4559291647002501,0.44782010855119014,0.6027736512441451,0.5026999382056686,0.540760309067295,0.4908996279215673,0.49655745919101235,0.5206789135593815,0.5147925907064197,0.4910415802836118,0.6223822565887102,0.5098127759775841,0.6037329688398201,0.4793698975166197,0.5583616279224661,0.5271881016834589,0.5547287780545788,0.41233990830383965,0.5876789317045349,0.5178165286516178,0.42762267118528224,0.551273556997242,0.5227993701007397,0.5518313790650514,0.44563759879877285,0.49993029083089063,0.4914186940303562,0.4548182365339848,0.5346312597393887,0.46237408288666254,0.4523955185919679,0.4876224058215943,0.46042873962300723,0.5369918205240186,0.4537957405087793,0.40622733372631525,0.4383585252759121,0.4864293528395118,0.49301770234496944,0.49472318745486105,0.5918177076662678,0.4646127637502647,0.5538440463129913,0.5295252717501295,0.501511196478584,0.5189196772814939,0.48717236076473164,0.4824918953337506,0.47099722255046783,0.3990803891820199,0.5419474828852714,0.5317181717266354,0.45956605780617893,0.4357599307701173,0.6081422637391087,0.4959175239306663,0.5026372611899952,0.5516266370816016,0.5679110642902512,0.529299113714991,0.4955390812423623,0.518673915525186,0.47369148745282963,0.512006208435021
0.5573216172103916,0.4854100227040685,0.4563251802991049,0.43634009028600534,0.0,0.4454533316713845,0.5455510895928547,0.4107462870835885,0.49497296224917514,0.4088311585048978,0.5483417347595292,0.48011047276083374,0.4672099570300959,0.46934264293729006,0.5390186401491115,0.4863862266092301,0.48571020968506345,0.529286340137718,0.48017974559417104,0.502830386217967,0.5217139643053352,0.556816187394356,0.5110012514192875,0.5492645331879464,0.48527865535618603,0.4812079878247338,0.4462202921239261,0.4364967530724408,0.4342349859005197,0.5322567895044469,0.4859105161117737,0.47199839514139996,0.46912762753916326,0.44362205488425854,0.5313240032469504,0.4949122798944942,0.5130253712806463,0.5072240665535501,0.48093837352017743,0.5173991153624411,0.52022640735695,0.5001913439713829,0.5285341661101113,0.5580061817216697,0.4566695444779686,0.4632767800715042,0.5395601018766398,0.5453263300028663,0.5558273371539201,0.5338519346593094,0.5239043954924315,0.4983707574103153,0.47494758342546967,0.4769056839530419,0.4805636287854603,0.4512878618653613,0.5136476046353475,0.5002525373910877,0.4756376992344647,0.4783112489241197,0.40377656719161337,0.4341284169211157,0.4961722954598821,0.4710256725301265,0.4892004211752823,0.4318448033068673,0.43947310517812666,0.5249026758388101,0.47053821471171087,0.4488106452280768,0.5277901072349006,0.4810176511391284,0.4466945759517391,0.4809132469137954,0.4424745149723532,0.4553741071563513,0.4471331301920934,0.54919555675599,0.4481893446938099,0.4349011471523086,0.4588345441583773,0.4991783244692173,0.5396686367293657,0.43457224408844103,0.46349234397558225,0.4988067297774779,0.4280166727220792,0.476984645246118,0.4264733485787105,0.44214780870332593,0.580816106947413,0.4775230671199093,0.5788950627885282,0.4672016470220611,0.48719362005206723,0.47655696260378966,0.40839836915182687,0.4426843810045462,0.4721731014502382,0.42315116978965917,0.46882860787013364,0.3947911889318802,0.4428701952288584,0.42636839480750527,0.4787532068494967,0.4658019844601425,0.41820651800981723,0.45364070324448963,0.5024295231243155,0.4969206896142921,0.5059331316801171,0.5115415606489988,0.44408533252900706,0.4271740090675342,0.47806526617125383,0.47544580993300867,0.4558860230343587,0.502648170951294,0.44198336041978387,0.432958724112083,0.5856213086628991,0.4094565853190497,0.4875529089635307,0.5255702171799493,0.4961410803813237,0.4563549345363332,0.41874412346472034,0.4621001110341613,0.44055356976982624,0.5082325788512081,0.4351670948528946,0.46138557791108037,0.415030712584579,0.49859815034844396,0.4703746930916444,0.5155091730971622,0.5275249650666186,0.5581836543018727,0.49833278227123406,0.5052729894116059,0.44031674628292733,0.4903902920794836,0.48521182108238636,0.49116200840064067,0.5215640980566374,0.496019355515665,0.5776784100327688,0.4392235697358895,0.4684855369484238,0.39275484556672025,0.4802048515289852,0.4816888162555165,0.5026927688616735,0.4727853600628924,0.471523485789309,0.47141716321435795,0.5021194699528928,0.46250394226226454,0.48072420842134883,0.45969007570266507,0.4257329170511301,0.492585749212705,0.4256047061824805,0.5955060750817324
0.4995791856739814,0.5981979361086796,0.5978848034598503,0.5747920296667806,0.4454533316713845,0.0,0.5095046626321094,0.5837783215069621,0.4619047735702265,0.5468732246922345,0.5729525297932789,0.6214448397812385,0.6006818254020616,0.47422556817493045,0.4596088564038088,0.5965916546116027,0.5943671609558595,0.485335092453601,0.5947751655564666,0.4809139582151033,0.6062912769938332,0.5266093683870003,0.5283623754745508,0.502566341513871,0.6127615075071116,0.5096449618689424,0.49888690318317963,0.571940613395875,0.48653052276561476,0.5064208727486087,0.48420679285218976,0.6091206176848325,0.5662676126880563,0.5841889116614204,0.4527026119147447,0.5354146441568473,0.547620229780773,0.5105446631867203,0.4697310294236104,0.541069689755467,0.5500149866792455,0.5577718769282208,0.48806106617991435,0.5018530411596899,0.55804547749004,0.5239449460140457,0.5020677904806281,0.5113002504872011,0.5150741965855954,0.47771055245666477,0.5523713680698235,0.5805607958210405,0.48324237699129635,0.5894183294273858,0.5392805438426567,0.544952026885803,0.5078789180944798,0.6800699932703013,0.47384495844094077,0.5206793527453984,0.5824082438398637,0.4836139120631918,0.5769875878626999,0.43510812122762166,0.42701943284550026,0.4843703262879647,0.5074886772279736,0.504343900128658,0.4724221324738596,0.5486761788333154,0.4931288566942533,0.43066200574310565,0.4909338364953679,0.5977427626225275,0.5977782994483956,0.4795752495573698,0.5374177288591349,0.5555757289565633,0.5076162922578082,0.47517836512099704,0.592510556326096,0.487702766500414,0.5636373458265718,0.5761335387035651,0.5134764962813919,0.575570270722327,0.5324358733607294,0.46070955086103904,0.5581946899806861,0.5007339663989835,0.5196256196390818,0.511731793509727,0.5234978490152665,0.48593719087177556,0.4892774464478783,0.546683976443883,0.47573870396505163,0.5972399879364056,0.42265094276200454,0.5489554152080224,0.4520227050475329,0.4808662646140713,0.48304793486824993,0.5080347704689984,0.5067765659087937,0.5507456054309438,0.5537949676083861,0.6004321190165831,0.5353266126398765,0.5730431243945808,0.5891329182304789,0.47093556424901073,0.5709369078676882,0.509278692907639,0.5184846079608681,0.5647006882884578,0.5603626791646388,0.4514800107699042,0.620473986905209,0.49853455788506895,0.42633975555612724,0.5102207254165654,0.5168730832868579,0.5717587490440588,0.417449816647431,0.5787886455469589,0.49229614940490796,0.5260762708490209,0.6260080103989666,0.461092341517202,0.5276162867006071,0.5806167978729326,0.4647539623595346,0.48437088009942825,0.4683462797913793,0.40014065885223404,0.493193115390902,0.4525997925635568,0.5158843364745802,0.5068086611149452,0.5066339572100903,0.5274956851024479,0.529281667940722,0.5258105239380072,0.5259339786272547,0.4795729216981649,0.5116589807253599,0.5683889499239732,0.5570899124179883,0.4639815133710452,0.47780388102092713,0.5278918676693066,0.4765515028822177,0.5128935687337391,0.6504001581919538,0.5024830018660498,0.5450668035322379,0.6567590943045446,0.46040704045479064,0.5180636096859724,0.5168476350607331,0.48485740390964394,0.474487978048093,0.4809162981457144
0.5868463306653171,0.567953806709326,0.46533370389217726,0.5460394285152288,0.5455510895928547,0.5095046626321094,0.0,0.45574968410415645,0.49939485216215385,0.4774502374219768,0.519793668209521,0.5423877349620305,0.5148703856318316,0.5139993581562912,0.5835610419894095,0.4832929986350854,0.5071211760708765,0.5517212892503909,0.539435115944431,0.5126220868308409,0.5763084084587841,0.5213912940874339,0.6479920319850759,0.6042290377653105,0.6045747041071535,0.5514559078330985,0.4773309278093861,0.482123975885597,0.45901225251846406,0.485690013473232,0.5527249361798787,0.530507797465538,0.5891126489563036,0.5865746579295495,0.5740266377661079,0.5575129140341755,0.5811184207415726,0.5123901076592318,0.4820171755857055,0.6314021947402806,0.6104522911994948,0.5456099338977003,0.5413652943043995,0.6383356475741626,0.5421373711113783,0.5417515648781424,0.6197453074081183,0.5436315249665399,0.6745775074007555,0.5279249932035309,0.6051827605111118,0.5860273416439812,0.5122346814540687,0.5505580036675989,0.5275597783788629,0.5616368693194573,0.5359417440078323,0.5112930730017328,0.5653931321864419,0.5269259292124039,0.45097301281873087,0.47447142589649205,0.517978546846201,0.4872995329789645,0.5173273483191612,0.4887652356002792,0.5356986916855396,0.5825257055258654,0.4695523044643764,0.47894055465536883,0.5642587169063592,0.5197076225186272,0.5037372812481621,0.5469209251336488,0.46080635844624107,0.5611815819795939,0.48314005436438673,0.6112260719944356,0.5118746037751372,0.47736713799747144,0.5369809015085003,0.5661201444201762,0.5789462443543549,0.47752418906635163,0.533557777510939,0.5570657386886207,0.4733740213226459,0.5419059294740523,0.5158826931208998,0.5168903783220318,0.5839632456103362,0.6694010711588548,0.5687238342958568,0.5203894823668912,0.5540159707268923,0.5736322479167392,0.4391736542725826,0.6111255831387818,0.5071158973747477,0.5422276015763619,0.5185775917542372,0.4240923015539167,0.5892808677549505,0.5281439055503055,0.5260463018540956,0.5183980449302188,0.4716909344675095,0.5301050630391911,0.6203544639221091,0.591358635904525,0.6507012833496749,0.5570048177648754,0.5452678704262783,0.4580494519124478,0.5439785019951917,0.5152061249075625,0.571299639369494,0.48740801202303297,0.5294445561711136,0.4953192355133915,0.5085199921526093,0.4652477145459343,0.5734525105598292,0.6342801602469628,0.5165100211695332,0.5239110709987258,0.47800633875032866,0.48818425471838756,0.5252693349272148,0.5470572665204324,0.4690849653549468,0.4666527922430624,0.44010855167230406,0.5294069526079518,0.4881056488270944,0.49358741451808713,0.543835511564818,0.623782171177373,0.5522338921537536,0.5457286275347385,0.5452525791098686,0.5112385978272264,0.5946720274302383,0.536892617052548,0.586968382277191,0.6574508790481071,0.561798356137271,0.5073379384578737,0.5318455101380929,0.3974544376962437,0.5398256761699182,0.568360172065386,0.4706136954755053,0.5392868209866406,0.6004448164408536,0.5323210025331044,0.5274010247804204,0.5580928657845361,0.6006562870372506,0.5235499193142227,0.5311749782398811,0.578527034781491,0.502355018258683,0.5615275842957709
0.5086045328600975,0.5182141040766778,0.524092627307986,0.5142660430699297,0.4107462870835885,0.5837783215069621,0.45574968410415645,0.0,0.5051156379758694,0.48597862195725344,0.5452447128241028,0.5373151193094254,0.625352199689495,0.47174887185410425,0.4718132027545384,0.5723986681220382,0.5172825406587082,0.5017192350901742,0.5328194594788969,0.5094091143145262,0.5352504262579989,0.5122695579813036,0.4942799916266943,0.46784155076159556,0.5672775766114501,0.5081742178306686,0.5403693360143708,0.539173805370456,0.42257642136584483,0.4950305317691106,0.5232586429908395,0.5820060187869642,0.5125671739220565,0.5455236265994974,0.44752143143373885,0.5193453418175964,0.5896381977881197,0.5393090088970869,0.4928248295974744,0.5003770188387321,0.490513626846197,0.4936139636830244,0.5281823113316395,0.45728930752709995,0.6461344932833624,0.5517647565215877,0.4494520706314771,0.4930107442298429,0.4970200802234333,0.49116294503616464,0.5345020358371659,0.4900912469563633,0.45913723915710586,0.523323472192321,0.5237278446228976,0.4966035991549036,0.5132876197193532,0.6061943344162186,0.46482885362003296,0.5310735968399971,0.690936340163417,0.4965989799713353,0.5640914906646581,0.4331233822483308,0.43714602896306665,0.5157530189691565,0.5510514557091848,0.5211437037027696,0.5010804824922924,0.6885974981328946,0.5222654876612894,0.44224271604782783,0.48386159298234654,0.5863327577250022,0.5888615342415604,0.47995613998271824,0.5798463335659437,0.4835737765386183,0.5607956228259594,0.4278193086125764,0.5065324047878837,0.5087724031779379,0.5306450385221634,0.6083686205847749,0.5009229090643782,0.5946409273449039,0.6934718244025966,0.4982988240074265,0.5886196628699618,0.5378730361095589,0.4937392218612674,0.48335910115927616,0.4941975399918184,0.48289863552693923,0.47794764529162187,0.5079919110542555,0.5322164739192647,0.5098198716619555,0.4145687128477206,0.5354033955471411,0.47127331625551777,0.6081536536218196,0.4744822394851971,0.45848817866150504,0.5368217970955815,0.5580781759492421,0.5604250774987403,0.522087979174628,0.5071350541806988,0.5001119902383357,0.5043760923224108,0.47803379181138295,0.5472203639584367,0.5438596401750987,0.5211118487360876,0.5091727552738992,0.49581999161096285,0.4599896160490549,0.46929933133494917,0.4808217027037854,0.42510886879290527,0.5869879112093593,0.4735245606641777,0.529236832776511,0.41682646715055366,0.53002375332694,0.47475264764029895,0.5875046011969199,0.5131848658774808,0.49177319800430963,0.5105517924606346,0.5647854540007806,0.5443658474542847,0.4794066608733644,0.4988953802075782,0.40202785879941083,0.48839282217112234,0.4500903525461065,0.5499231582337746,0.5546795975244345,0.4924509628858522,0.5029515728681445,0.506373165877533,0.5278058820331002,0.5188143572437255,0.4738813618288254,0.5142265522236824,0.5312803911225277,0.5202357586897814,0.4268545211108782,0.5241456791808551,0.4767195625640263,0.48109116643015437,0.48724888387324033,0.5606464908269172,0.5909709856817977,0.5669908696750349,0.5512249138021079,0.43802799918888036,0.4960564284012357,0.4721732645187929,0.46141526621745754,0.47614854198781664,0.4699500933905345
0.6954803206161181,0.5157255483576647,0.4346628492148541,0.46167558738187486,0.49497296224917514,0.4619047735702265,0.49939485216215385,0.5051156379758694,0.0,0.41900121427280423,0.5209791102598827,0.4709501547697933,0.5315746033876628,0.5465218639883478,0.5270362129816661,0.4932325855237287,0.503229463564908,0.6459893582187418,0.5032576025468016,0.6262903399593488,0.5088341487531081,0.5371249725567688,0.5633928958128082,0.5040842029947074,0.5238215216075014,0.4808938336015853,0.5705897927590659,0.5181943244166053,0.39735155874507216,0.5830407310249501,0.5552740445545841,0.5027904815176646,0.47588580300073224,0.49694259230230403,0.5828744702983089,0.5074168719796504,0.5571713487354805,0.6025564730184559,0.47431657826353035,0.5348576914786999,0.5028891743393439,0.5542730691383646,0.521926780811193,0.47783749660955427,0.5413996560233568,0.5354183188530043,0.49608261746686877,0.46399147221950354,0.5662270867423941,0.565037298520929,0.5273965761548661,0.4935193425110355,0.5300495999440913,0.4619220013118171,0.45880388176611464,0.529487053206926,0.5829616526242883,0.5110339060750302,0.5064342670585941,0.5614275642622396,0.46445198574818153,0.48572825536416375,0.5104206642749581,0.49949814030906325,0.5273240925242387,0.49415138152587923,0.5232833387179766,0.5311935427835452,0.5192377502451446,0.5506762504840793,0.5773303915054749,0.5412451708096874,0.5210615570091665,0.5163779233397373,0.5183976029572019,0.5266391042817488,0.4703250096392767,0.4831204265866496,0.5258744811498763,0.4301839235023615,0.4688825219217931,0.598644729044246,0.5598094341529177,0.5086653120992615,0.5270686654015506,0.6414749571716923,0.5201731451569188,0.5518271881601388,0.5264897469946548,0.5705438930160945,0.5750039459674399,0.533721286403696,0.5252649135527134,0.5315505825499306,0.5528518271076971,0.47015869968192336,0.4716899739183348,0.4868526468636921,0.5180601984561255,0.4944650805607715,0.5156386114579841,0.4351316819458359,0.4710178609730175,0.42317073972797725,0.5821889637668094,0.5151229336394371,0.45322786434092877,0.5098047320376156,0.5180314778039725,0.4836187092305233,0.47814697268719425,0.5689126851253254,0.5036839421658944,0.5301879786552849,0.5437846785262057,0.5447546449642559,0.5141534823987078,0.47088515445513796,0.41421100915970277,0.5227272956532464,0.5439505609331782,0.47962268626725557,0.5375596627623225,0.5305421708900807,0.5579629191211906,0.4409849850319928,0.47463827720338564,0.4934292263663057,0.4410081971827289,0.5509665885022147,0.5517044840852975,0.4934575650747406,0.5259334012922969,0.6038892854302222,0.49152309284919243,0.48710443856988844,0.548798257396799,0.5470652850254,0.5560067681801013,0.5795801804964694,0.46076714566618826,0.5128455427684199,0.5741108843393905,0.5468226513951135,0.5257700496913862,0.5334559903657529,0.6036137576778071,0.4614919472216465,0.4875346111074156,0.4202100511103687,0.5757321876854123,0.5041933794016408,0.5481396891424706,0.4744079225373736,0.4896492992044749,0.5768539328857815,0.5867372651103432,0.4740234100219099,0.5000015024731548,0.49011757663325034,0.4468516612710877,0.5666739986238133,0.4919711924755218,0.6254790595639941
0.43896164248866903,0.5761215245547306,0.5903495398179287,0.4483624646203759,0.4088311585048978,0.5468732246922345,0.4774502374219768,0.48597862195725344,0.41900121427280423,0.0,0.5041255862178936,0.5442683555771101,0.5198300553801353,0.4576134028660643,0.42460556372039127,0.534790053805673,0.5096799746514808,0.45438260007840836,0.49650291977395994,0.45303769331785715,0.49854662998445703,0.49504294297076357,0.5180657090634285,0.451118911665928,0.6252616983108531,0.4271802838732474,0.48937508333633445,0.4934353386508983,0.5917652167720789,0.4645479944365914,0.45094945393480446,0.5653954937208546,0.45617977761580025,0.49469949575963085,0.42518898995735227,0.48962637145428695,0.49144784192514185,0.4682903554955299,0.43216295310327624,0.48355068040570043,0.4705703871226958,0.4995071188763188,0.4503319876779193,0.44452880308047293,0.49905584764821515,0.4583415961098197,0.4751743742778803,0.47816606770526937,0.5083192074345219,0.4312891840780802,0.45503770720370934,0.43742521458447586,0.4322543774532666,0.4848453843098773,0.5161493252119447,0.49574497516211224,0.4361445215384867,0.5107171017056864,0.48777832320488246,0.4564558666545373,0.4767163655277005,0.423776580700474,0.442366218919989,0.45261088129689253,0.39315338764853075,0.42366901169051524,0.4546603694427559,0.4629761845387901,0.48257099043316604,0.47782805172650983,0.42467732346837944,0.4226861781601664,0.43022017971589255,0.49380573818623835,0.4998483365458898,0.45763554998224837,0.4625424858278474,0.5154133792828578,0.4328095547405488,0.42141531731049897,0.5154445193665306,0.4125912639131432,0.509815678855612,0.4958428175486305,0.44265161848761264,0.4884875619764211,0.45237281298480647,0.43816497119863157,0.5013575741776924,0.44218121930220305,0.43925433596283636,0.45989067681052137,0.49507913188632663,0.4203888660864735,0.43794188767921705,0.5413531953632776,0.4124968050783786,0.5315286196955957,0.3997098220470918,0.4646942686040664,0.4413491066708375,0.4386018020295072,0.4316792218625188,0.5432654516914255,0.43776877544606885,0.4688663936198451,0.47916552653703653,0.5865820197809896,0.4948684282329665,0.5444793549138299,0.485825749895718,0.4227199549743604,0.4684064092812566,0.48067376398420747,0.43305581779254837,0.449509710533082,0.5073887580349886,0.5077464695161916,0.5343978757759533,0.44306288006180355,0.3924250655103894,0.42444140145827003,0.45471219432211285,0.4793477761903198,0.39734197326770543,0.5687515309324188,0.4242615501111247,0.4608879015959455,0.6083367446569709,0.450873712797542,0.5127473384402509,0.4773922240381582,0.4152804943630858,0.40664248230240924,0.44603703127621747,0.38947359102102097,0.4818273624326432,0.42370119258586436,0.5390631323912851,0.47041090498197735,0.4679032065570262,0.5172412649945803,0.46053780583275256,0.4853083696799305,0.5033862042066283,0.44483667130149873,0.4378618120092804,0.5428287039063512,0.6852912483922545,0.45887703896015575,0.41119105553678365,0.5163636978037055,0.4329635459200596,0.554590392045845,0.5562713280478633,0.45743135575979965,0.4769400953663294,0.5181926875214653,0.42086198283648707,0.4459124309296608,0.5361735020066376,0.44687486229323675,0.46117866817707237,0.41268551363481243
0.5742136779056443,0.5778192572833653,0.6050413395924654,0.5231519029246399,0.5483417347595292,0.5729525297932789,0.519793668209521,0.5452447128241028,0.5209791102598827,0.5041255862178936,0.0,0.5840558888717055,0.5921675977485646,0.5224623945435043,0.5252608319755904,0.6413113607341083,0.6039266615940818,0.5733732297569467,0.6090074199470767,0.5644328114896122,0.6190094705278462,0.6922986456730237,0.5481732419556189,0.5320091841675813,0.6037395158411655,0.5068099790906608,0.5455568915214705,0.5640050528737939,0.5115434996760821,0.5620222598082303,0.5268268298374398,0.6038077847841583,0.5348245087257486,0.5099443451573291,0.5294315812092173,0.5992156046988414,0.5866005133705141,0.6110020476670376,0.5407278422579134,0.5530691876976752,0.5681549845612521,0.5537754118206576,0.579965833137669,0.5483863218346845,0.5577171644762552,0.5110429310255631,0.49155831026368063,0.6135989757136514,0.587509977145853,0.5743059703242736,0.5856788693114612,0.5302104245095175,0.5124055935401961,0.5947161673768022,0.6195372984441845,0.47719893000165975,0.5648066624450587,0.7009477078139265,0.5242921226150506,0.5455247860638579,0.5450790338924338,0.4792952790558676,0.6144661351487478,0.50730276592524,0.47978328176826224,0.4860192182819288,0.5014055418590483,0.5328399498784797,0.5854964860766405,0.5993402083017776,0.5403720690919303,0.48672326696234663,0.5141874388133212,0.5987194273912646,0.6096152831872561,0.4763729742163408,0.5480145361886011,0.5555789237345686,0.506554676135498,0.44197868754774505,0.5258527168452498,0.525167977629472,0.5611768201991353,0.5632320384766796,0.5183464573970953,0.5871627468194092,0.5455459523555722,0.5178567355533615,0.5053405194601935,0.4706891909129396,0.6027796282267114,0.4964870731501165,0.6672848278356658,0.5005511728325257,0.5261927552502539,0.5372529236480823,0.49134729926066484,0.5010574314885746,0.4616372724465996,0.4832954666255654,0.501567950012445,0.49617416409469317,0.4779545362212323,0.4875676653354306,0.5602586728537793,0.518642268404246,0.5145134393618397,0.547548841906829,0.531264260690341,0.543129383258555,0.5710484999765643,0.530065116364677,0.5260398895282947,0.5319460623119252,0.5294609633175237,0.5232291346992491,0.5140719999155473,0.5689293906600967,0.5399426292978833,0.48620214747641527,0.5089561510356466,0.49243027920119653,0.5150266908321326,0.5529158325302181,0.47544054822797566,0.558651241229968,0.46746053540281796,0.5290041810049481,0.560799571367037,0.5306083925490823,0.5045528885359745,0.5833311749423352,0.4897553221728041,0.5288112257131735,0.5472811495473818,0.46643918912223925,0.522786207952794,0.5158062110320968,0.622470360971408,0.5704432217803806,0.5137474761367418,0.5802835645118798,0.5291370888023209,0.6142107642654665,0.580515600141867,0.4931707714325396,0.5725408734407077,0.5082867248461654,0.5797657558777337,0.4640999211697353,0.527797883824481,0.5463906370920192,0.598884394798985,0.5036172646476326,0.5660500106266066,0.5372160593776352,0.598189000023697,0.5241089282324842,0.4940439078934849,0.5132239093932509,0.47710965679756334,0.5078155969489501,0.4640984247600351,0.567527334946759
0.49765088248040745,0.6571110144138756,0.5763775337248412,0.5202553806210829,0.48011047276083374,0.6214448397812385,0.5423877349620305,0.5373151193094254,0.4709501547697933,0.5442683555771101,0.5840558888717055,0.0,0.5177533944361612,0.4471640825270243,0.5423938386362084,0.5326165390089092,0.505154329160379,0.4719823274707794,0.6486158054067667,0.5004894312086879,0.5873970740606644,0.587696784894869,0.5177209323875728,0.5714999729110211,0.6365140687312859,0.4709609436827332,0.4620136250361036,0.4834083562727174,0.531664782966859,0.4916132230969145,0.5667706969158764,0.5475747280099097,0.587261332619992,0.5444544402269517,0.4873623167461784,0.5677552499436304,0.5477211048831317,0.49607365487491795,0.5613604716871381,0.5109302885187692,0.5905451571513891,0.5063545152440037,0.5146304391505897,0.5650790116592564,0.5611629023453888,0.49171493120526666,0.4956424593543551,0.5877639788596196,0.5353109924267793,0.4868647490769954,0.5300644097435527,0.514610183740118,0.46215152051270236,0.6338367604556601,0.5967559154162355,0.4973997208653671,0.491797043511951,0.6069887253016572,0.4733268942751022,0.49448430218439093,0.5161687418896669,0.43471244805681103,0.5136112984497894,0.44711297805197314,0.4406021341903234,0.44992274704165974,0.47476655307001525,0.49773958422366005,0.4492166321237206,0.512569307801491,0.49348288780981087,0.43800410305071336,0.438029334006831,0.5273958419113626,0.5054601621837558,0.46412739580216217,0.4845900826107534,0.5424157080189985,0.4854142122238397,0.4256014414995902,0.5134612719468473,0.49597798802834436,0.57537845591282,0.4968593888354241,0.463795913108608,0.5563734500878095,0.49525740178434985,0.4529939619857374,0.4889320024383013,0.4976871194759617,0.4899551327851466,0.5326506936495895,0.5607966655895141,0.4664910897260117,0.4587240844437129,0.6544372960005059,0.47388916656248353,0.5633682066862943,0.4192904846060146,0.4780727017197894,0.4756020496648235,0.46409496842949133,0.46767199006632615,0.5869795636144811,0.4807972403017789,0.49019164666328946,0.48812117208125366,0.5298595000139529,0.520026361019325,0.6167250020233106,0.6105045024634689,0.46326696377767684,0.48427937540103283,0.45264473006139955,0.4783906045893162,0.4816120460545004,0.5060306061328463,0.5169011357846272,0.5389471372122489,0.4389389201618827,0.4413725075261747,0.4585899341291795,0.4832986135187762,0.5593569145620262,0.43240288807116367,0.6672836923955782,0.42601552879080495,0.5444274021702121,0.599949289404141,0.4765615404097922,0.47613910492294836,0.49689848772492057,0.4266812122512088,0.4819367460417808,0.5417304562799129,0.4333423375720987,0.5441325924043596,0.49018968850714434,0.5566475945703467,0.5402214561421556,0.5256354022093608,0.5024948830024811,0.5047028733097467,0.5211209992564505,0.5507008265069474,0.47906294346334366,0.5789570260311456,0.5136389195777896,0.6092963934097402,0.4218382394705046,0.49865221122463416,0.5278720550680083,0.4886758914444076,0.5244241738994702,0.6472741713210974,0.517411893445661,0.5265697139472979,0.5631452467170956,0.47527448822820695,0.44861102433126965,0.4697554002060037,0.4762163277585769,0.4464636299682817,0.4851164893649654
