0,1,2,3,4,5,6,7,8,9,10,11,12,13,14,15,16,17,18,19,20,21,22,23,24,25,26,27,28,29,30,31,32,33,34,35,36,37,38,39,40,41,42,43,44,45,46,47,48,49,50,51,52,53,54,55,56,57,58,59,60,61,62,63,64,65,66,67,68,69,70,71,72,73,74,75,76,77,78,79,80,81,82,83,84,85,86,87,88,89,90,91,92,93,94,95,96,97,98,99,100,101,102,103,104,105,106,107,108,109,110,111,112,113,114,115,116,117,118,119,120,121,122,123,124,125,126,127,128,129,130,131,132,133,134,135,136,137,138,139,140,141,142,143,144,145,146,147,148,149,150,151,152,153,154,155,156,157,158,159,160,161,162,163
0.0,0.5830549648472119,0.5224775746936653,0.5574927569526471,0.6337903380439446,0.5894815282921854,0.6010984407418809,0.6231130597205371,0.7019086046833832,0.5041267971922173,0.621347940984837,0.5163536622129261,0.723093625006912,0.661071965822734,0.640397490998403,0.625709338331879,0.6840331624420801,0.7574734666402428,0.5309054064723419,0.6671681115934995,0.6235857621667892,0.5842065519155738,0.6359079633521857,0.6037294422871473,0.6228720531142896,0.6515143194663291,0.5900152008771565,0.6880554545845591,0.45749421573210375,0.5842851490958418,0.6296434472495495,0.636227945420085,0.5463263093777413,0.6399372175696184,0.752895291688038,0.5880736180177694,0.6734437148309722,0.6492510363351912,0.5278339566301603,0.7105673650475105,0.5734901017937996,0.7119698546183844,0.6513671790568206,0.6236935521840435,0.6611175234427709,0.6720858729260472,0.6088525896589502,0.5859635256682606,0.6836743571219585,0.6439539761511566,0.6879550021362536,0.6434993124966535,0.6075594329684387,0.5358830354739974,0.5594932906604416,0.719559905605663,0.6877009847087044,0.5937194578643041,0.6193955458414975,0.6353871502236232,0.6013124794769368,0.5911466563370776,0.7059620478038441,0.5696550765673548,0.6424883600352078,0.6524224517332666,0.6797352879479743,0.6485352379389628,0.574555493304172,0.6602173354711246,0.7510759742276971,0.6491907789547149,0.683827436272633,0.6798192043733111,0.6272134661972386,0.6531144816807354,0.6248870640577633,0.6016864719701163,0.6318586714713254,0.5865725048343231,0.6579836554838888,0.6562335637595818,0.6426172083854457,0.6356560985300271,0.7251826211767604,0.6777100176214563,0.6856739202067611,0.6166715467493638,0.6858619259664458,0.6360852362605642,0.6829187183401343,0.6248530973984204,0.6227978217877355,0.6544144999471864,0.7394424026106333,0.521382914861395,0.5244558050179239,0.6187357734166311,0.6142189541453945,0.6834305530880156,0.6062420593595477,0.5777761479700296,0.5693574166957558,0.46522002777237637,0.7335988657676672,0.681408911475758,0.5932328889160842,0.6622158926310655,0.6571226056943129,0.5993866248412506,0.5909200995983024,0.6914991475560642,0.7252557431511624,0.6061615317303298,0.7148447684321967,0.7115520942127036,0.7154045255201041,0.5191426911756242,0.5493981500496335,0.6187925749163325,0.6680337240790167,0.585861907187548,0.7262751218191016,0.7027638751434225,0.7007283154594107,0.5150297186561109,0.5867105479560473,0.5881793070344516,0.5534077497047193,0.6290950113803475,0.6289407451216328,0.6253314783653859,0.6010029329273286,0.6290882465828362,0.5512567153558231,0.654219994948246,0.5879600532467522,0.6837712595363389,0.6132589561760385,0.5984462178444061,0.5376224309132517,0.6128047876023612,0.6749335347015845,0.6270742887210924,0.6356024306854426,0.5734764458771824,0.6362386741292217,0.5786585262935939,0.5520987800658292,0.4936640532798513,0.7167262351812388,0.5915567303320072,0.5407660794602247,0.5453888226002405,0.5870082225168711,0.6831629358890209,0.632950254619939,0.6594025463397056,0.6114498379711929,0.709292175453002,0.6099038081783484,0.6870354238976728,0.5782459528490933,0.7214675688271969
0.5830549648472119,0.0,0.6634710821130281,0.5677091370626653,0.5758706636643202,0.728960022944113,0.5489562036339899,0.6949513494499574,0.571422367939628,0.5933741740216496,0.6921291977442995,0.6964491026849421,0.6108276561545923,0.5431736194825073,0.6606315535271664,0.6385155425720479,0.6710109494333317,0.5579500239328359,0.6645309416877218,0.6286821135261497,0.6941362133582595,0.7147690752672564,0.5532936950783348,0.6706399209023514,0.6493510844508837,0.5154896784354566,0.5253425985507743,0.6439181415636722,0.5676192361424948,0.5344627034042068,0.6564147992781622,0.6161152041076928,0.6003330567202996,0.6054554376232661,0.625436426632353,0.6655815444150449,0.5615358807727477,0.5876005156087075,0.6790147852737957,0.6071631546519085,0.6791090728747716,0.6208526098628938,0.5693900974287674,0.6343851984555774,0.6476688009537788,0.5724525155758812,0.526264036592885,0.628287933827555,0.5831756400941275,0.5916948645589836,0.6036952142898347,0.5919506647476516,0.5949196032944636,0.6857544556038558,0.669092214931735,0.5937112881882715,0.6043960116638214,0.6596836546924654,0.5560132270561629,0.5985296721852618,0.6970206981413958,0.5042140426078398,0.6291124657584097,0.5462212090279437,0.5499388228737823,0.5505225738012914,0.5536326761493936,0.5144123704245626,0.5019141440571732,0.5955599981979123,0.5736032769530506,0.5314608390864458,0.5279779736409277,0.622966757418471,0.693509580503934,0.523097198705961,0.5676770823546766,0.5669915433081631,0.5581632056454062,0.5004911318095047,0.6416221967919143,0.5760926912027245,0.6222440047786956,0.6040593015811955,0.573180989498639,0.6572238941710451,0.5786633198730203,0.4929190816093701,0.5749256096918155,0.581224723799348,0.5423321470014937,0.5842560916668773,0.6727877918931802,0.5783657918838951,0.5731784439179899,0.5725935562503309,0.5856759755781324,0.6294225933778839,0.506026582537304,0.5704447296701392,0.5641798152427673,0.5713338024969833,0.48819471519313684,0.5269854941707401,0.5934817856147794,0.5715335350858896,0.616652558663497,0.6581220937919374,0.5962846153295718,0.6934136659819184,0.6325087479383089,0.5489730330918525,0.5646509027278329,0.5468875490745608,0.5726389875097588,0.601384891152627,0.6377174962725215,0.5517765672015064,0.6146860890940601,0.510093477886958,0.5551089993271975,0.5170555527149946,0.5858068766309257,0.6318098711866401,0.5532544677336251,0.6305302345644866,0.5062539252727755,0.6171705363522763,0.7298156608679806,0.5426280203844663,0.5901076237704734,0.6370849692186696,0.5008227735714749,0.5850548108575209,0.6677101817429344,0.5809044734195367,0.5768903801091014,0.5781774409098848,0.6375416613731556,0.5882912197028483,0.544995489401405,0.5926268618846625,0.6072971401261832,0.647366479515891,0.6132451029062287,0.46879130039385053,0.6809851858299822,0.5974663743613051,0.6447181192724025,0.5472155923274091,0.6012858784050127,0.6179204235839082,0.5899877458150629,0.5576378483018967,0.6566695992229463,0.5950860110928211,0.5937027433685615,0.6429447921362378,0.5448307019043591,0.5232436079142001,0.5620923633179877,0.5602181804675668,0.5187787028934057,0.5794934463747085
0.5224775746936653,0.6634710821130281,0.0,0.4973205732039144,0.5611632554760209,0.6057022030271075,0.5158181666545649,0.609532571581981,0.5037946095575782,0.6329675673194571,0.6514624840068177,0.6095260763070385,0.5842439448026219,0.5125711619004055,0.5743984141469933,0.6361799199473683,0.6238604073686006,0.5254273498582804,0.5615537694349925,0.5689639394021695,0.6262783459908228,0.7399870335882194,0.5162678944367693,0.5773658989155676,0.6014836714704319,0.4841408662116854,0.5033051671512686,0.5632168140510587,0.5649389764433068,0.5001440683378459,0.5541971798526634,0.6179415863127494,0.5085506393982165,0.5308929830280902,0.5399020041140703,0.6166540824786787,0.527281298463806,0.5312734667172059,0.5884023112850137,0.5524912331461463,0.5499612605224592,0.5813975927024376,0.5621986559519034,0.5497736812826781,0.5993406104489731,0.5206147302557685,0.5139544343267424,0.6126587738419224,0.5545454559515194,0.5682312490188549,0.556106939812317,0.5112263137341229,0.5177315231270307,0.6100329239152261,0.6507985211178724,0.5180566824605999,0.5323858965057885,0.5973516635695301,0.5656285008619264,0.5387952680923416,0.6113270742226307,0.4758347296004952,0.5642028371380329,0.550934637649778,0.5080980296363353,0.5077606132484964,0.5150028819247101,0.5059714508924834,0.536356064533808,0.5504328205245637,0.5257579313398413,0.48844668740909486,0.5016229278807582,0.6002378205558461,0.6090851196821173,0.4675643030852638,0.5687908464060626,0.534811748079395,0.485608890404506,0.4397218497931023,0.5505057450044223,0.5120250555523426,0.5479348481810962,0.5276728747509214,0.5123535195405854,0.5499237274156084,0.529219215734981,0.48497920028686137,0.5129883354114404,0.49430116324821666,0.510467266949781,0.5118907158893833,0.6267842212481234,0.49571268995319356,0.5189559126728202,0.5282524997434372,0.5289762844272744,0.5449606352973722,0.464889728521658,0.5144078733915413,0.4989530627231662,0.5900306353989165,0.46014299161839894,0.49929912944391563,0.5318706348980713,0.5334121364340892,0.5901404098722698,0.5865083216280731,0.5489461017704615,0.6273119293298905,0.5686849174771132,0.5037714791472357,0.5173639153294797,0.5047735980095429,0.4936595881693013,0.5139728803618678,0.531892415892506,0.6073638964703519,0.6004415559837193,0.4588986718117658,0.5082513051415612,0.4669806301296583,0.5125205537912894,0.5367104165478058,0.48017169855960307,0.5730683880615747,0.48387739187169265,0.57909079121261,0.6590171692036851,0.5174782226693315,0.5335486398608406,0.601625686354298,0.45011389459857054,0.48352005346329224,0.6206892985271364,0.5264895296328547,0.5140884222141726,0.517076886251866,0.6292022641715882,0.5261324749324413,0.48375475919548405,0.5758212792214884,0.5357109451604494,0.6142243734296895,0.5579876171578444,0.4609253815148441,0.5758566302870558,0.5396908724111458,0.6507450772692349,0.5110820016553624,0.5080654998846339,0.5235120836174373,0.5663685814374629,0.6025145824216053,0.5640686031373293,0.5362364748880902,0.5276243915250889,0.5545469185556519,0.468541034229415,0.4849091369365817,0.5235542680936882,0.4775286239088344,0.47099317419569187,0.5022542619269026
0.5574927569526471,0.5677091370626653,0.4973205732039144,0.0,0.5598138607802232,0.6019560606899115,0.6122769012451755,0.5651114982855718,0.5206581446806823,0.47443687754151287,0.5611071218710102,0.5808657061180883,0.5141434530828768,0.48790694171287563,0.6255849545492013,0.4941659488009707,0.5505033709176923,0.5195991534802423,0.5870840697873632,0.49207334728757757,0.5864545558016268,0.5372485403999546,0.5521555555171531,0.573173645721037,0.5566838619573543,0.5369431445722833,0.48520312100704127,0.5784083419548683,0.448222349517503,0.4757520071247651,0.5659884782745125,0.5061407268841911,0.7453248501461153,0.5958436925981199,0.5940000603447279,0.5715994303782961,0.5111026416330356,0.49905283225810715,0.5137191769811706,0.5768522522295778,0.6345669824385616,0.5742145529190353,0.5126243152976352,0.6418317256129328,0.548884867867757,0.5160908913037985,0.49269081736277504,0.5178855945829488,0.53815800810691,0.5166921304647002,0.6103546581356551,0.6734867199414158,0.5187165238271038,0.6281649191973866,0.5488530114594886,0.5415806786741801,0.5338803000807695,0.602115469568935,0.5011970529621339,0.5165935535116388,0.5437258760587054,0.4636640187352662,0.6180684286417073,0.45787167909112747,0.5090747070455668,0.49513704980239087,0.5191828661688339,0.48456085815427125,0.45433160571017933,0.5449651677333086,0.5362055553128003,0.4734097917659192,0.5327283966811458,0.5708192273896611,0.5337317300934405,0.4783570558328019,0.5072939554380338,0.5203669491065324,0.5210904268062866,0.4564740107423585,0.5360446615966161,0.6070879552869713,0.5223357608453065,0.5033621430930172,0.5551949056864894,0.551991418538219,0.5301298211811054,0.4806789790994653,0.5192295607272365,0.5111701689216701,0.5877491544867937,0.6381213659108236,0.5431760810257135,0.5125901570225271,0.5583729459590792,0.5249025841390486,0.4799762813204608,0.6406916054786979,0.48365051088558386,0.5790608985918689,0.476206973364458,0.48758578838941025,0.5792728623567536,0.519308725437625,0.5602468139271,0.5054774783785277,0.5098979891281482,0.5579899297556324,0.5333264365212848,0.5295336870147233,0.6700690665326078,0.5370507415679309,0.5657733172583267,0.4769704851289387,0.5581024856668222,0.5839353200340417,0.5749031981092262,0.44279367842065176,0.6211461388225367,0.5181273562975313,0.4892494666315403,0.5441097484672762,0.5349144736180537,0.5827480610301359,0.4987969926378572,0.5145687875842525,0.4968191537948229,0.5027154374829091,0.5607066325722077,0.4750855593123564,0.4915502138448577,0.5051544950916325,0.4460681169721839,0.5791308927010533,0.4973300580578597,0.4750704889505487,0.46350145358080247,0.5638265363115789,0.5129759146158214,0.5051900072008746,0.5734727912058241,0.4740519337861777,0.5907531685600369,0.5533167304952415,0.5098850504543146,0.5059939256838516,0.5799607584142348,0.4874674145856065,0.4888047947664572,0.42673592658185083,0.6050862909355493,0.5383757202884866,0.49691441494072197,0.4694491311292802,0.617969051989656,0.5126738814156317,0.49507599178569583,0.6056741998310208,0.6297002097177528,0.521664459250422,0.49888518370070867,0.5326625818654347,0.4719825055243565,0.572214911520356
0.6337903380439446,0.5758706636643202,0.5611632554760209,0.5598138607802232,0.0,0.5585821127346171,0.645027154870958,0.6031094933833765,0.6163343556322335,0.5426836072193457,0.6252059581951444,0.5565919194629273,0.6094303458046821,0.59676173581805,0.6503614988688944,0.6362599653925939,0.654663181670249,0.6574043264958923,0.5258954342522516,0.5640387799613013,0.6147274320897846,0.596140993025758,0.6911434579440726,0.5698265982132591,0.6265003000825595,0.6238479249230093,0.6237377220972731,0.6035361284412979,0.4922937868329765,0.6286909849187461,0.6154683652479518,0.6140788307262381,0.5571175130252098,0.5926309464001822,0.6485626683798106,0.6316530057971176,0.6088106553417183,0.6310772298149997,0.5443427186135412,0.6596959192857088,0.5968079083753574,0.6838615598354263,0.6591130095665436,0.6235322015740815,0.6145328988654234,0.5987972138502548,0.635022556162952,0.5774909676956589,0.6805755343297114,0.6183740240151827,0.6585489605934177,0.5859829673636199,0.5485556178950914,0.5392417202634331,0.6015097574910085,0.6249758935841887,0.5946458761215313,0.6642611318929937,0.5913085969402239,0.5914636733406953,0.5331919263862248,0.5602588300945877,0.6313893467554605,0.582843239131818,0.5602066964084517,0.538321856509277,0.5734886701951273,0.601019783069678,0.5966183679420034,0.6340550423231097,0.623291762692887,0.5930513933042434,0.5712726753717231,0.6352290709064242,0.5848975304308809,0.5505282822148395,0.6047053705037774,0.6910587994111029,0.5729317830323963,0.5175025669485265,0.5936147570906382,0.5945991497057397,0.6422995354575048,0.5683505060948474,0.6379119625322717,0.6167939319674938,0.5890801247927056,0.5948187596228637,0.6096394826269798,0.5598804289389194,0.7449143671029663,0.6265302309791995,0.6885531530557534,0.5309480795362403,0.6457433375110507,0.548626230975117,0.4818892486376519,0.6108416525983198,0.5897854024542843,0.5886505351353358,0.5605537299272229,0.5767632561625194,0.5856109586652616,0.507761536303983,0.6417400900886752,0.6247508026338133,0.5676224102047893,0.6530120617073761,0.6459322573076008,0.5569503250387818,0.5857155043295886,0.6623228879587535,0.5744079345407928,0.6032766117957361,0.605154162282674,0.6200415998408678,0.6138333433183147,0.5578693462885373,0.5573556823762279,0.5945721460723121,0.6356958479886604,0.5937843532422942,0.5702338876465646,0.6483058695961247,0.5705199646632576,0.5403482384357686,0.5509144484753997,0.6029233211438808,0.5747287875037788,0.6064522213496091,0.6118979300215993,0.5936679800828838,0.5147306853725877,0.56239632370628,0.5176403201446468,0.5718485757241238,0.5527985029232112,0.670427742161378,0.6270902438479529,0.6139549208651566,0.5273511842886435,0.6062842256565902,0.6182074548709666,0.6540290908078819,0.626951483094505,0.5696994697584965,0.6378360904811246,0.5842180390826448,0.5785649456946588,0.5052065458252916,0.5965769964742671,0.5898550577690259,0.5356589647109372,0.5960574358642832,0.6175173741663725,0.5883718427831399,0.5314956868413769,0.6529670724997931,0.5648865705294743,0.6246882872417019,0.5886874945146519,0.5877752074439442,0.5739720562595607,0.6217892299826697
0.5894815282921854,0.728960022944113,0.6057022030271075,0.6019560606899115,0.5585821127346171,0.0,0.5475906994755396,0.658148443552213,0.5566675026291529,0.5555964602725599,0.6773119754904904,0.6733964753407056,0.5930821940647573,0.5193658281120366,0.6261177146635682,0.593716329291496,0.6216926863317945,0.5356045684252849,0.6499834158135233,0.5766774353487778,0.650801960844233,0.6382182079758858,0.5274632824972044,0.6211638802910179,0.6442682610023499,0.519087427093505,0.4931426330731025,0.6212735853342404,0.5359571736759018,0.5163431475527543,0.6371313654981282,0.5880098381061565,0.6306409112285513,0.5980392022265628,0.6255751812380701,0.6151072909068835,0.5656157370262496,0.5546957863680395,0.5982244621078562,0.5686057522896115,0.6418135047736626,0.6130528506803148,0.5499074062925999,0.6807083319735985,0.6039429554336521,0.5376548101496148,0.5124062480742065,0.6391206125536072,0.55645973746042,0.5469658955111483,0.5930535249506168,0.6260671154269375,0.5508277050639974,0.6701938797520812,0.629652105574893,0.594976249595929,0.5694439735486815,0.6673778561242131,0.5195768734531655,0.545728590577642,0.6695206730966842,0.4874876477532718,0.6559371272000174,0.5009207528786195,0.5228348320746783,0.5299754942544819,0.5362280970333853,0.5143701232117595,0.48187705185156815,0.59833790434642,0.5653450914737651,0.5029051443594806,0.5333774256377198,0.59330837717042,0.6430887094485118,0.5158066573979843,0.5374467214692303,0.5478089512979879,0.5434375078371934,0.506830243384592,0.6430772314116578,0.5707639657442791,0.5976464246684496,0.5954128473905671,0.558309715507497,0.6188785912923613,0.6008121991401414,0.47976181077778957,0.5559046910208953,0.557737514890987,0.5454918852592813,0.5895836568522094,0.6083729733123218,0.5562410864605776,0.5529763381814857,0.5905875535418627,0.5465036380599761,0.6533297140191983,0.4928085968221626,0.5623690471422458,0.5355861146286544,0.5388307372998603,0.5017864627959627,0.5363428216519551,0.579443063883857,0.5424532213557084,0.5630363050210824,0.634784066990163,0.5517362746260572,0.6545465503403798,0.6514865266344579,0.5298495162048992,0.5933385814186843,0.5169197086403994,0.5677569097626658,0.5928739775732167,0.6334008743997304,0.5070865617395397,0.659939467793233,0.5151608962064091,0.5189474453586023,0.5260287150449283,0.5908864259099303,0.622156713300563,0.5477994692691406,0.6144147789662289,0.49066529555377597,0.5680116178540704,0.6843752820203083,0.5077229781431625,0.5638459631400716,0.5954356920312797,0.49030199773803723,0.5889111989510395,0.6042682411546825,0.5436295025812833,0.5492852702875126,0.5553771638257415,0.5660218422966387,0.5455723866392853,0.5789342547702293,0.5556143471634325,0.5771596825780243,0.5946499669351422,0.5829216738864387,0.4751032867572731,0.645725776169765,0.5512186409504678,0.5948749217601925,0.5032826468163578,0.6133108427687085,0.6010037502839769,0.532738463551695,0.503620688556238,0.6611226521746097,0.5720904125802814,0.5661837154352911,0.6592220664321011,0.570354487666037,0.5238946255644651,0.540533233147616,0.5699988332869295,0.4927656467343549,0.5815638962975094
0.6010984407418809,0.5489562036339899,0.5158181666545649,0.6122769012451755,0.645027154870958,0.5475906994755396,0.0,0.548716904415933,0.5277962760129596,0.538491790276449,0.5662835610638656,0.5391210970471672,0.5825067889727856,0.5714284338778467,0.6482700758639217,0.5458512926723659,0.5705753708654286,0.5875149608014615,0.5059349505969675,0.5113934374885738,0.5684184447383563,0.5359320188341308,0.6812192513477572,0.5567050231957006,0.6233913058254801,0.6358301926812145,0.552031974697026,0.5615349457926774,0.47738392815597824,0.5128571619567167,0.5966768431160134,0.6000767021954176,0.594657271212443,0.6477942510867045,0.6426641216833596,0.611165785641416,0.6051705468632459,0.5316940124862447,0.5005421957656597,0.6555531412352535,0.5622201385247663,0.6002488141628778,0.6120894604299607,0.6626061519855657,0.6132170447276702,0.5680407450414184,0.6185759635392266,0.5737376702656393,0.6943431107882783,0.5595354290223787,0.6678598498175219,0.5842705624244058,0.5064857715628299,0.5508512508189206,0.6123926409250376,0.597825073495609,0.5374332455020923,0.5717473949159452,0.6126936133067767,0.5490926517736703,0.5179624450763805,0.5283029695819832,0.584746476449444,0.5352697551961797,0.5351383125965355,0.5223426249095074,0.5914047779418307,0.5992317837865041,0.5425164475915216,0.5648112037057207,0.587975625112111,0.5556968777850192,0.5731858988363053,0.6204245853311143,0.5094537988547364,0.5559741091238931,0.5885540429116027,0.6396942636921105,0.5296803985428048,0.48954231765431316,0.5497895654007712,0.5743770123254833,0.5626977675422005,0.5152054654551593,0.5880930642013472,0.5413535315772808,0.5635069604419862,0.6085441180733512,0.5891669785311755,0.5212784989479132,0.660391982184412,0.699506661286629,0.6112072399830732,0.511703506294061,0.6016621217424678,0.5602324570863131,0.4548004054511565,0.6504353716544601,0.5554209701394737,0.6441915843292549,0.5385605624659695,0.5488753890569553,0.6914303055057318,0.5235524330578473,0.593490529124499,0.5657097834776199,0.5351870836066048,0.5855839931296609,0.6276731392778722,0.5525352934024359,0.6453716006992016,0.5977120435207123,0.6124632339901188,0.5121446956062694,0.5761947136090069,0.554908468495874,0.5958007067277563,0.5242501481757218,0.6042872909443755,0.5579119593963435,0.5370413978548495,0.5605552258482154,0.5543984069026509,0.6232960068895207,0.5296383948026765,0.5369253224416343,0.5405600215159491,0.5586783509825254,0.573047978014969,0.5618112827331707,0.5179544991675049,0.5073915450101918,0.4737364191815291,0.515470637571951,0.49161568968705666,0.5235435814017925,0.5021793806264782,0.6693086395074722,0.5774184220208327,0.5382122212640785,0.5641696244638927,0.5468458339038893,0.6039015904340801,0.5835757589393962,0.5793761485737172,0.652889369025175,0.5518765287807281,0.5315670110443896,0.5415504939258223,0.4375602706034257,0.5851462665653826,0.5524565962553635,0.47693586822940237,0.5711046231054954,0.5987021316165253,0.554294048536483,0.5024527579301005,0.6310392573726034,0.6293884250317496,0.6342730805703889,0.5805555451061993,0.5595794257709729,0.5146033242180331,0.5527909645735272
0.6231130597205371,0.6949513494499574,0.609532571581981,0.5651114982855718,0.6031094933833765,0.658148443552213,0.548716904415933,0.0,0.6481792615056802,0.5674961349735477,0.6755966374653821,0.640388200705061,0.6439962868822471,0.5651966271280889,0.6917405067029616,0.6853732046828407,0.677800968738008,0.6139483936497127,0.6191122124620473,0.6499937904614002,0.6780877397109546,0.6550060056928673,0.5903402894950868,0.6253288837703112,0.6622370972321114,0.5644088727170481,0.5816687870709198,0.6580231584297217,0.5224249432088401,0.5959230609197754,0.729232341329514,0.6301196426492138,0.5909615277977448,0.6183085159905548,0.6380993662342839,0.6652026892523027,0.6089330017997407,0.6755166406043159,0.6808854493274374,0.6220067461469656,0.6729482840324753,0.6312753341218057,0.6444504685430055,0.6243724923721033,0.6981564991513172,0.6357388992628101,0.5497806733962822,0.6139471209141948,0.6094738046637388,0.6241740452868993,0.6358158694742424,0.5940844352446941,0.5980889977707297,0.6065989092448041,0.6480597279488213,0.6263602412038228,0.6481186162166633,0.7176647284075692,0.5575514095374462,0.6321122127518307,0.6925609063541873,0.5501109823118018,0.68423961643737,0.5596846114926388,0.5744681444940697,0.5881577557207506,0.5850459806339657,0.5544000612492824,0.5386847677916682,0.7105310976199052,0.630255327648217,0.5768812873912731,0.5431953161493043,0.6440095200434018,0.7254320982761897,0.5614088178001988,0.6063771456651716,0.5996630014242922,0.653129420348616,0.5297577523429619,0.6705282852949299,0.6115436674802326,0.6800474844110285,0.6771780257074927,0.6307210052052439,0.743879044157918,0.6679383449443254,0.5354540670623041,0.6496637654825592,0.636677743815945,0.5904491268322204,0.6008477853721716,0.6912166960964293,0.5928900090058828,0.6113471737086238,0.5730329401352693,0.5909906361485173,0.6295284902796122,0.537961055853882,0.5917593126509623,0.6025238720417299,0.6536200536116806,0.5210774757135362,0.5230523485630784,0.6632509442253585,0.6410549359405705,0.6482424838511754,0.6854837439202064,0.6333478163140158,0.6207964805500019,0.5952100123943075,0.6092519580091321,0.5774272979599042,0.628048850419847,0.6356551320363558,0.6352756126043219,0.664239884138818,0.5584550878623218,0.5565634201985935,0.554373974682905,0.6031436656784517,0.6068200957088272,0.5896313929943211,0.6814711273375046,0.5828337583700108,0.6156500789892496,0.5256883305298048,0.6787205464439171,0.6494655120286269,0.5982855746839378,0.64673546260941,0.68468639245305,0.5620469994235145,0.6122403704284862,0.6308015534113247,0.6059768505321868,0.6146420852064255,0.6169261540025323,0.6732550227014755,0.6883806063975404,0.5553972997945715,0.6118269686354313,0.621650743684024,0.6792345123433848,0.6599417727860606,0.4912176389566353,0.7321731190900309,0.6537326274338612,0.6354546663082296,0.5535264456770465,0.6690501638296886,0.6409421918906313,0.5809354414741336,0.563096318980624,0.6858658012532155,0.6722927956556343,0.5979120231915874,0.6871034087752831,0.5493388343073106,0.5647634268306188,0.5926286439705728,0.5972257081501534,0.5838859402786937,0.6168348723731343
0.7019086046833832,0.571422367939628,0.5037946095575782,0.5206581446806823,0.6163343556322335,0.5566675026291529,0.5277962760129596,0.6481792615056802,0.0,0.4862614164260028,0.5926934330081952,0.5137892177760292,0.6219897217232887,0.6102439500652125,0.6040841792409113,0.6178217261262131,0.6439028915965258,0.6924472005473196,0.526941009173901,0.6488071538532472,0.5948828933361331,0.5670101405443496,0.5967530763944903,0.5606751900383569,0.5827304351106634,0.581551387061359,0.6118154227164057,0.6410011622287429,0.45272012692204744,0.6515654148911393,0.6324678944260853,0.5729779704788438,0.5214065061829334,0.5676087658314418,0.6583275404239152,0.5677792811904365,0.6040693650544313,0.7361559140891364,0.5520506317113609,0.6173479663855257,0.581804525379629,0.6704382927100854,0.6047283249936932,0.5658897930440477,0.6019763762841008,0.6343621812422165,0.5546871061572077,0.5348503894708391,0.6010315025680794,0.6131376460371201,0.6047979115162945,0.5806025097974998,0.6096156614568229,0.5047411654050594,0.5277557607031093,0.6869577068995926,0.6765092849669737,0.6124686243015101,0.5433168856573614,0.620945654715377,0.5730295542202922,0.5813250316264247,0.6410937425340906,0.5569720127918943,0.6014892726039911,0.5964478004154232,0.5978583589983386,0.5734429935650577,0.5441752413359895,0.682444012027413,0.6710568848637937,0.6376801342082807,0.5857907371601032,0.5979711424958105,0.6576322060818659,0.6019600423778567,0.5701909595390645,0.5836961412467855,0.660437553763404,0.589317637017962,0.6479201476878035,0.6293525842517196,0.6728908017271321,0.6616313578814993,0.7010110025466837,0.7408806405642583,0.6587247396302555,0.5594075744648056,0.6587702262241044,0.685244021714684,0.6381565435439308,0.5824351331803244,0.6078206737688816,0.6148461323305252,0.6926902716744692,0.5077146168328589,0.5333000417842176,0.5742687587435928,0.6123887737490914,0.5821487760695908,0.6103557744670637,0.560604458900831,0.5195212150210292,0.4577733823567995,0.6993448675797108,0.6490226360590502,0.5715288989280413,0.6519328544601861,0.6069365544339064,0.5474536383627775,0.5279847370972028,0.6854220326709674,0.5898332442910132,0.7131769083964635,0.6738358384262916,0.6989172012400761,0.665239275102005,0.501969212067711,0.48907881616442,0.6350093182824247,0.7018499685530195,0.6188980751766014,0.6324713473586242,0.6618198700015401,0.7155556269404313,0.5055543687500762,0.5493307894504568,0.5854627562475168,0.5261278773607068,0.6141278896029815,0.7191068786331123,0.6538453945937107,0.6447854729302428,0.6830368763722853,0.5394640895082141,0.6386070743218328,0.6004971417134158,0.6252767689747902,0.5913424433153451,0.6632842072852304,0.5103389035444531,0.6026728036857383,0.6322449850140942,0.6341855035283325,0.6309746923194068,0.5020732566292435,0.6795827657651538,0.6030773749628279,0.5419555112284309,0.5420404942824641,0.6804402787466166,0.6117139869339576,0.5510017198521747,0.5168418694646416,0.5835058055192135,0.671270073966831,0.5975653741579052,0.6264831721291382,0.5551497233859906,0.6152374786632396,0.5783387167033043,0.6872118457866673,0.6513841427930299,0.7249058445894347
0.5041267971922173,0.5933741740216496,0.6329675673194571,0.47443687754151287,0.5426836072193457,0.5555964602725599,0.538491790276449,0.5674961349735477,0.4862614164260028,0.0,0.5972571076674666,0.5773804294761224,0.5629325285188749,0.5184838459118375,0.558913791146696,0.6115355074850104,0.5427200593388384,0.5185176190063219,0.4973123445841535,0.5090052352830833,0.5239862387074143,0.5686485745083139,0.5489685990579224,0.5044025523834973,0.6791370762915243,0.48956760938769595,0.5338792214485661,0.5173603611323611,0.7009509768636998,0.5204334919234368,0.5848142397269367,0.6109794838940464,0.5035715929594485,0.5189374017703822,0.5424239482545233,0.5829857328451574,0.5671630251773682,0.5378772860467829,0.531319808599244,0.5203651319520308,0.5208502872740035,0.5271608821396242,0.5766926016836833,0.5638945448288989,0.5705174862797358,0.4973699044819641,0.5336795006569248,0.6368109744172461,0.5857300531893336,0.5015006824672643,0.5124735515042758,0.46504946831240546,0.4619645944147535,0.5141165356204422,0.6870544883689479,0.5285505793326155,0.4777556021047178,0.5712927454990543,0.5393777132022805,0.49183418372345983,0.5215857009997997,0.47104630517161783,0.5074651083265747,0.5459273104942557,0.4582023052920333,0.4627989218070266,0.4923055904052537,0.5298696295428524,0.5590786441185522,0.5687983287616488,0.4952029343971179,0.5135898622853485,0.46316953213063383,0.525806704741441,0.5273410313658294,0.5053576919282864,0.5206372960781647,0.5922724510246761,0.4858574481022941,0.46069935848123544,0.5496604735541634,0.4600539925662974,0.5706137507420316,0.5436733737548968,0.4853814660426159,0.5201135439021646,0.5383614194561255,0.5032209775905138,0.5410847608982554,0.47939043477007004,0.5028498024072262,0.5194631510105776,0.6253714334835581,0.45317998081941463,0.4869555586223129,0.6337142646347707,0.44770345811969736,0.5565401253528564,0.4738775696954812,0.4918464107352408,0.5422576973611856,0.5594855096452535,0.483678547833462,0.5886073017728906,0.5072017001702698,0.510199236305621,0.5114464847413392,0.6027905330601356,0.5445079177431797,0.5602046159791556,0.5187921026630615,0.48828794276003873,0.49499700119081724,0.5187905980871125,0.4889058320019185,0.4742437973698369,0.5395592779171461,0.6814408530840614,0.554112295586537,0.48233191684232135,0.48215665690869647,0.49334637094235,0.48233049961931096,0.536273737889617,0.4832887563641355,0.6721802584485257,0.4425316428689289,0.5602152903603594,0.6532476741525212,0.5415958810248487,0.5476076396138703,0.5091736772325629,0.45987669849232754,0.4491335972167282,0.521079520742802,0.5137598144287314,0.5509991651300917,0.5357861777578252,0.6305588951302955,0.5380000531527946,0.5429870080855056,0.5840159730299039,0.48569628953088667,0.5487597243151514,0.5929215111230561,0.4792048711899215,0.5143997305666596,0.5712891654456864,0.7677233519188732,0.49655145614034174,0.49055925832496705,0.5749558502735173,0.46207186902279024,0.5832892933431676,0.5838363964376021,0.527963508383799,0.4850937709154863,0.5667375174582711,0.49663280334130183,0.49620299321644823,0.5851995111479513,0.5026851479906912,0.4908898655455302,0.47047808268182495
0.621347940984837,0.6921291977442995,0.6514624840068177,0.5611071218710102,0.6252059581951444,0.6773119754904904,0.5662835610638656,0.6755966374653821,0.5926934330081952,0.5972571076674666,0.0,0.642689002164133,0.6570316828771627,0.560937996055563,0.6337789409825866,0.6971682298656532,0.6832998421232127,0.5926893179793054,0.600827756476075,0.6207065911147809,0.648251841516411,0.7164160717544364,0.5903907799351624,0.6306766540876818,0.6986211931469305,0.5432040661116307,0.5728198063313588,0.685360826982855,0.5621389890630819,0.579247512095624,0.6359359877375309,0.6321982552808512,0.5626573684089011,0.5956256988588229,0.6459389157818064,0.6167922373937957,0.6204908430602342,0.609440435790619,0.6112405779240923,0.6115392249921622,0.5939939746924147,0.6681887383632998,0.5947174294401233,0.6388255114648066,0.6344439944657533,0.5530018787445632,0.5230645904236656,0.6874826726736166,0.6287566658294779,0.5722062027258387,0.5970892642480536,0.5653415666301302,0.5359549988744857,0.6050832442425653,0.6664130875805508,0.5957664589267654,0.5886896896643425,0.6959011118459346,0.5588968491568626,0.5632952800948668,0.6534915995383764,0.49334774640873796,0.6229533104404013,0.5479011998275474,0.5261703660136188,0.5311721803965507,0.5663705885145442,0.5482299937764331,0.547784042599607,0.668815732140957,0.5789696485462966,0.5390162875628642,0.5523215654485305,0.6281362632573568,0.6683691021152051,0.5263418822556495,0.5947786886763076,0.597832264367606,0.5447602267656514,0.5132863850930989,0.6141239742711435,0.5582766546912785,0.6362013644738689,0.6135574174723583,0.5738759606212191,0.6337867381821879,0.6401617471953863,0.5117228084564358,0.5753206005840084,0.5678137078501916,0.5812812661239829,0.5596367230301403,0.6650699817227455,0.5470305814324758,0.5777537491643516,0.5836704117272292,0.5171392669141069,0.6006984942872154,0.5098102119460763,0.554186696327277,0.5697504906623674,0.587887631861408,0.5001261476643184,0.5192563270547218,0.5875602928021737,0.5681174004615094,0.5696133119270083,0.7095163493509218,0.5713547457071856,0.6661512061788285,0.619466917270757,0.5607412585917576,0.5855227364577775,0.5797243536365464,0.5621028926843885,0.6049519030390363,0.6118687640069487,0.5876344311596754,0.6103670501627542,0.5313534487694227,0.566072991351351,0.531177976569931,0.591229085424387,0.6261142665121977,0.5679849413667358,0.6097265754982029,0.49374701618124534,0.6033345827210485,0.6536830998383734,0.5497500042347335,0.6097792826950008,0.6250735120807479,0.5305313305013203,0.5715310528707471,0.6228013099122163,0.5630256208472368,0.5804180151567718,0.5853642621344181,0.6665398954671238,0.5835726644542486,0.5472396408774187,0.6088563535359538,0.5772728871478898,0.6255096563563943,0.6365550192665516,0.49118404971064356,0.6393728901545463,0.5709019733498085,0.6461122992751162,0.5287587883942478,0.6133186394994986,0.5944121029601428,0.5729318893026826,0.5477022784901026,0.640690814802929,0.6148688641261398,0.629512301370002,0.656067382425622,0.563330487102217,0.5566770485501364,0.5530708819640605,0.5749611253021847,0.5172990057790113,0.6203192413879939
0.5163536622129261,0.6964491026849421,0.6095260763070385,0.5808657061180883,0.5565919194629273,0.6733964753407056,0.5391210970471672,0.640388200705061,0.5137892177760292,0.5773804294761224,0.642689002164133,0.0,0.5260963726282403,0.4742458489184974,0.6212585275658095,0.5727587584847897,0.5778557756725542,0.4971933319591302,0.691221655776131,0.5301307758636575,0.6258628561869334,0.6140407243210801,0.5360149386817963,0.6011388587415822,0.6285423334105552,0.48659928153473875,0.49165296325742974,0.5739163241662726,0.5668411226766883,0.515696580443374,0.6298076343122032,0.5522182439151555,0.6128432253929436,0.5805791800446819,0.5592057126957464,0.6200490941579652,0.5201584459137499,0.5306034020928699,0.6677334457667136,0.5356668636805061,0.6555200231596787,0.5582817483104506,0.5357674832627982,0.6283595545119639,0.5751017511376139,0.5102799126286645,0.4855348379970002,0.5958843134045093,0.5418187302962196,0.5206167207255045,0.5573733803248578,0.551103031192434,0.5097982493422744,0.6665778229110224,0.6649933903723192,0.5294953262492436,0.5316351454693019,0.6901068515537125,0.4935888152879152,0.5224060090155291,0.5938033067552348,0.4558353766910699,0.5713708817568265,0.48828562483638704,0.48544974490649223,0.482358155848659,0.4906117966431246,0.4712766580859546,0.4624313745938259,0.5654906583918281,0.5083540379976511,0.47525643610724916,0.47302180460554477,0.5528643927239533,0.5885337497351913,0.47417039334543887,0.5188131831904187,0.5465464775181651,0.5200844643387632,0.46254612606991513,0.565750654526972,0.5297415581212527,0.5705396770000776,0.5368985431395633,0.5206601237469679,0.5754079808347727,0.5402760102896775,0.4571716208350713,0.5220693545076757,0.5197228132713025,0.5171114908993445,0.5637760962057901,0.6170030282598792,0.5023072275726982,0.508029264949355,0.5896859099476475,0.5162675489051638,0.613166219777844,0.4629726825138218,0.5114971694314256,0.5097305375052831,0.5414827802183748,0.487845004489338,0.5809547447487958,0.5300824254707606,0.5101716135538678,0.5473324486401931,0.6052350777386706,0.5314671048646185,0.6025137374280876,0.632520467849538,0.5064784025287163,0.5037952899299438,0.5064306372372432,0.5157733076853309,0.5344984047939458,0.5715434290175423,0.5294930031396912,0.6033993919113201,0.47737773212965395,0.49408483210712395,0.5107316982389968,0.5130953413747658,0.5809683380382189,0.48936216921078085,0.6519959421398378,0.4569034082655823,0.568001409044242,0.6947959141637412,0.48548977737123566,0.530395446983906,0.5527454344669819,0.4548224306926094,0.536228174997176,0.5873778356507808,0.49821921881444026,0.5279573770805298,0.5308125346387893,0.5724915329955782,0.5614183466928744,0.5442479194951942,0.5240410530132921,0.5401093759450143,0.5804971556986711,0.5631754613564011,0.4512506269043981,0.6183485253985982,0.5464981609280326,0.6079568934497303,0.5008415595406035,0.5634941534438422,0.5842070472721183,0.5338853162674291,0.5071429473699027,0.6905568236922733,0.5321661725883217,0.5165423798847331,0.6163463589548069,0.521440276317742,0.48393792769741184,0.507934664724348,0.514938677985268,0.4862782963290664,0.5303181081226767
