0,1,2,3,4,5,6,7,8,9,10,11,12,13,14,15,16,17,18,19,20,21,22,23,24,25,26,27,28,29,30,31,32,33,34,35,36,37,38,39,40,41,42,43,44,45,46,47,48,49,50,51,52,53,54,55,56,57,58,59,60,61,62,63,64,65,66,67,68,69,70,71,72,73,74,75,76,77,78,79,80,81,82,83,84,85,86,87,88,89,90,91,92,93,94,95,96,97,98,99,100,101,102,103,104,105,106,107,108,109,110,111,112,113,114,115,116,117,118,119,120,121,122,123,124,125,126,127,128,129,130,131,132,133,134,135,136,137,138,139,140,141,142,143,144,145,146,147,148,149,150,151,152,153,154,155,156,157,158,159,160,161,162,163
0.0,0.6301047356991818,0.592675628845398,0.5511741773521914,0.513645806675507,0.6178650618030695,0.5383597810544787,0.524603982514391,0.627013126853191,0.5932908709598267,0.5928699383759605,0.5394571752827292,0.6767145238278468,0.6353086842147843,0.6143941262321633,0.6260515022778315,0.6385589622235822,0.7256865703505033,0.5828603427650145,0.7362450855421332,0.6246932691925354,0.6320480099795018,0.520097389346224,0.5929431833974327,0.6743140727714111,0.5420587910953476,0.5102681685089879,0.6154246241436878,0.55628990834792,0.550595468643738,0.6259357245777167,0.6707398812637878,0.5769911445241563,0.5523546972151282,0.69854915137184,0.5813293275416945,0.6315068465538933,0.6301575719652203,0.512174138077634,0.6026791852041111,0.562129306423052,0.5690670361067272,0.6182861009420135,0.6474188600990274,0.6235113233971031,0.6252254677458385,0.5454413414907385,0.6012379177683816,0.6280319589167336,0.6340285722199677,0.6431867751739095,0.6446422539632093,0.5216745293597377,0.5963037838641179,0.6024321226542821,0.597277346358594,0.698633537430819,0.5413996175501231,0.5954013993850091,0.6301252952788935,0.553775231260128,0.5714424885337352,0.6162662183587895,0.5393146490187043,0.6272277058933844,0.6409093467257531,0.5812970818189912,0.6370321790616101,0.5895424259615616,0.5643367302693086,0.6963878581002062,0.655901629690665,0.5928447033332739,0.6350116452643233,0.6218378538726587,0.6169128914262536,0.5266516042935545,0.5322565817232188,0.5751782431082442,0.531330803254593,0.590116307234133,0.6159690303552422,0.6233909553714235,0.607174327736642,0.6186616602960595,0.6435828906628489,0.5202910882245209,0.5893602187399947,0.6292252256803054,0.5586253052270058,0.5919813418127697,0.57702412824631,0.6328234878250084,0.6600662634914637,0.6207251813779554,0.5937234967293024,0.5351524058458703,0.5766486468789888,0.5378668393403976,0.6314974818891386,0.6225940414188781,0.4737152940251464,0.5293955916389791,0.5536174005738969,0.6734247227645692,0.6236068709406355,0.5797206752371316,0.5745464449558391,0.6005235034852136,0.5973913370069256,0.5734104659099887,0.5718374204311601,0.6335566425409965,0.5242055869038942,0.660693571585483,0.6303502136757221,0.6080460743777062,0.6145826579946253,0.5718557541772635,0.5572674880571381,0.6017831875299059,0.48697296365737514,0.596543825006203,0.6703713462668768,0.5908809569022471,0.6087929658802439,0.5351761308972068,0.5336894964086664,0.6130135337324963,0.6376639382456784,0.5866288816516139,0.593665144364913,0.5514886015318251,0.559026207162874,0.5926766641463687,0.5996734186977531,0.615542473167612,0.6215304382518636,0.5912776226800645,0.5689217946530833,0.5912319144948116,0.6313026397240318,0.6069653321488141,0.5513148257052112,0.6003260866380509,0.5261676056766664,0.5805610785247474,0.5438871509743618,0.6488684175715169,0.4836515456553501,0.6321927289868792,0.559744669885726,0.558774470540862,0.5282769215494545,0.5840767544299968,0.6344681610075191,0.5979011530660399,0.6027154365465615,0.6055745829185891,0.6261218055316344,0.539743745992441,0.6369279859226772,0.5071224809614627,0.6204287502463369
0.6301047356991818,0.0,0.6099498052999633,0.583060487356993,0.524141212687517,0.6126071408872764,0.5584995679927304,0.4941411158977536,0.6018630633144462,0.6566253121133513,0.5667276787813109,0.5789079166292942,0.5719016922484422,0.6146926099725738,0.603955484881011,0.5778074931937844,0.6507688279581829,0.6240885294100738,0.616110034775271,0.6307461442482504,0.6612036950006996,0.6627112366500032,0.5351186813507454,0.6517682233293323,0.6437156468975179,0.500079146480724,0.513244257675506,0.6002041261339577,0.6675620885792968,0.5416056815610915,0.5826269389665605,0.57820985019742,0.6182287037957751,0.5315892625696033,0.6351852989977285,0.586391689166641,0.5380149006807625,0.6085461652049724,0.5320001472899334,0.6459464007553744,0.6626128103416081,0.6067665365733149,0.5155666627420246,0.6240730497595778,0.5573796430110638,0.5804903857558982,0.5287497389930831,0.5334865328107206,0.5973774106632126,0.580588732819146,0.5924046669169711,0.6400735066305488,0.5568316314698394,0.6425620890424345,0.5752011952110392,0.644878770561772,0.6570055474084676,0.5348019775921228,0.5791016606097644,0.6260697816685048,0.5198122823299183,0.5264389081439974,0.5371207630722381,0.539267275024555,0.5888623720150348,0.5572622166809736,0.5524855747166985,0.5388551335074984,0.5095243965109273,0.5067587433353746,0.5908598497750565,0.6164893444815348,0.5415430045762749,0.5948401174363607,0.6183737503893577,0.5570409433298884,0.49109627972200925,0.562859933179186,0.532573320818764,0.5457744051246936,0.6217899349803351,0.6015304615856372,0.6669237580116957,0.562755967470265,0.6125985723916639,0.6643539860688285,0.460020069316841,0.5081180988487013,0.576246333703072,0.5948245736949159,0.5599229581674471,0.6014648182947258,0.6328981670905465,0.6235218060309505,0.6567727261170575,0.5992898711707079,0.5214601654559472,0.6065994213893782,0.5427523263688905,0.596274252663138,0.6088484832875871,0.4299780768047896,0.4987303008561241,0.5911654179665073,0.5869968293809269,0.5717674355491201,0.5620939002009472,0.613493946485137,0.6165498237015888,0.6377594483654055,0.5807390803437948,0.5588768932171462,0.5611206434260712,0.5401905789524322,0.5916782670837372,0.6788570130806187,0.6203028968181823,0.557671696428949,0.585912005452752,0.5697878114383104,0.6065067035984396,0.4630440602158671,0.5807328357492401,0.6846674105283225,0.5926084446007938,0.6225809190394338,0.532932824452862,0.5079956885084145,0.6668804117948259,0.5904797046296016,0.6276862245287679,0.5903244410180198,0.5056496466042758,0.6045207557092473,0.5763326858536699,0.5756648122075281,0.5807343591117687,0.6088961297130905,0.580497767818673,0.571074100541675,0.5657920831038902,0.6165960881281606,0.6683786967856444,0.5735455001873642,0.6023286210511278,0.4723984265067944,0.6038631047960974,0.5918696483635778,0.6558014970161852,0.5377849968518813,0.5581330370448653,0.6190406885413161,0.5891956955637081,0.5589055023033282,0.6318023972509776,0.5730185472761077,0.5772285360192339,0.6289813003882191,0.6253408508295792,0.5613646104579201,0.5667425545585212,0.644664790418845,0.5621649014848724,0.6239156469958111
0.592675628845398,0.6099498052999633,0.0,0.5966516494952161,0.5391326325679967,0.6327834662580899,0.5253445214396774,0.5631803542727535,0.5598161853118013,0.6145580454193755,0.607838272877512,0.578153487453318,0.6429867865201556,0.5773285941583071,0.5680057771347603,0.6919690829973408,0.6680039341219757,0.5901675342981318,0.5494458206220695,0.5752299085019197,0.6854118302343519,0.693026884614614,0.5050392965873487,0.5724455345251609,0.6092495085534922,0.5836673407371846,0.5301491411822916,0.571403233191602,0.5544380140835669,0.5371874792631446,0.5550278035706192,0.6348234372083356,0.5919567499364266,0.5333381474177468,0.5496487016466254,0.6247379224590152,0.5801927281861148,0.6054822014164406,0.5293167059875195,0.6041841552420731,0.5724845832996189,0.586958642140389,0.5798441174703165,0.5884647682628101,0.6300438052473464,0.5862200261926446,0.5289163289860905,0.5727626123455559,0.560684091804033,0.6118633760365038,0.6439636382112424,0.6371774567574262,0.47895803338521425,0.6591938407945601,0.622904805450997,0.5662072795455647,0.6093703084768453,0.6124528287304627,0.5467832564679389,0.6116580508257811,0.5713346537169615,0.5748154049517401,0.6079269707135105,0.5282988430476089,0.5332938846652521,0.5643468707091532,0.5800087443479296,0.597153061686001,0.5875531538537613,0.5648201895575748,0.6357496168437096,0.5403131074883554,0.5676981081726727,0.7035676394589028,0.6356298515854109,0.4841311608320681,0.5837136704220799,0.5695596457711773,0.5401858221614982,0.4812354638882827,0.5524748805038749,0.6008575275179504,0.6014684949175401,0.5739748448605365,0.6030019783489572,0.6263784612395902,0.5112471530494902,0.5374497894488542,0.5629579137030478,0.5561532814182677,0.6163198731617459,0.549569173872908,0.6062716410251827,0.5301216261174106,0.6002890696794835,0.5785937051490442,0.5365956928881924,0.5679531370671315,0.5038993313452498,0.6086441800605662,0.5350779406993517,0.5079639661484495,0.527076202168302,0.5449750578605578,0.6112145619513507,0.6503079390144323,0.6354487922466127,0.566892270364579,0.5831877093763265,0.5740477534288262,0.5796741995091728,0.5652227851485742,0.5892206147110769,0.5418351475806829,0.5731301946513667,0.6372229989393776,0.5156446209075121,0.5658741145529979,0.6191017869927117,0.5537283676314105,0.5706136481371382,0.5141196596643108,0.526163532900832,0.6150523032216243,0.4861254366446927,0.6033927729766665,0.5757354882954541,0.5984432448641086,0.6513432930157822,0.5823313419752194,0.5691931110345094,0.6921878508989148,0.5091802185234194,0.5352364746208195,0.5686082229284316,0.49240205580610025,0.5156793295190933,0.5610813155774064,0.5902845265653823,0.5511076963042979,0.5195978572146317,0.6226763002646345,0.5922289267237476,0.5916856870044206,0.5841544228236576,0.5072156862764207,0.6046331263778292,0.5464193182790554,0.6130075827935885,0.5138777923308062,0.5481429839045656,0.4940717960004248,0.5808450239702746,0.5998017603678203,0.6064746445973888,0.5851766596457287,0.5334723435220566,0.6481991420208543,0.514700837455338,0.5779105379407067,0.5069403900155853,0.5126832985028625,0.5082630826974371,0.5671756724763855
0.5511741773521914,0.583060487356993,0.5966516494952161,0.0,0.5228370897439658,0.5640025817392883,0.574065741416336,0.5607329627249812,0.5614480712757663,0.5633420991323399,0.6082799229907335,0.632478389759541,0.5562265567396159,0.5520842169042116,0.5797076946720229,0.5803087947567533,0.583140350255052,0.5420795282600206,0.5691916531674618,0.5247551107379167,0.6284419765396283,0.6119820729539,0.5472773966562117,0.567297260506789,0.6032537932804356,0.585623539488887,0.5784599892456295,0.5781459281360952,0.5277902636116237,0.5167757763088725,0.5807898500986699,0.5596936589101397,0.6682654386105175,0.5813631423001187,0.5601134601715844,0.6457655211113655,0.5607358173628189,0.579397948134474,0.5639338055217408,0.6038934671566492,0.5811918530500086,0.567946971805122,0.5274421501686122,0.5963198782684626,0.6204407064346268,0.5381522539457658,0.46384903996784116,0.5324432592501649,0.5740136408633688,0.5546124797030555,0.6295958081491237,0.5845697757700945,0.44870770861877485,0.698967758514963,0.6557955424076131,0.541687942428133,0.5735055905673981,0.6199037736220178,0.5198936667628626,0.5877703686676511,0.5525980461150883,0.5182151587100681,0.5334003090434061,0.5086938177059488,0.4965841159288529,0.505326140376639,0.6057117525048978,0.5216250882165453,0.5188652640750778,0.5631231583134007,0.56996521946276,0.524911887922453,0.5622684038045501,0.6505201996015892,0.5647406541116876,0.4600174280883981,0.5860202072721323,0.5675258224615795,0.521901436092953,0.4556518733501995,0.48874805632998203,0.6347180147530505,0.5537552234533607,0.5236188862073337,0.6091095091144035,0.595999761564174,0.5166873712267371,0.5265800932697445,0.540400890792841,0.5834999543915145,0.6258418616383125,0.6053130300272033,0.577558748199676,0.5019644815457325,0.6101302254095914,0.5861728585975015,0.5040734351565695,0.5830527399119809,0.512993687449471,0.607070674246036,0.5510743513255278,0.502724024870272,0.5889787703710057,0.5665314610361075,0.5872945846248073,0.5558786373813063,0.566776122789859,0.5522475843061097,0.5387580219138507,0.5362115233698103,0.6422128377930542,0.5914032053431392,0.5642142285797725,0.5672039150175454,0.5395491753642463,0.6038878357792109,0.4914074111502365,0.5324285954699071,0.5820287338711725,0.587969209710557,0.5442479190759658,0.5496002603440222,0.5036051130730399,0.5972848360480296,0.48338217538820166,0.587383968334395,0.5559821341735021,0.5890128037263448,0.6166614548773128,0.5349003048008569,0.5304811894157966,0.569228598495719,0.5186891945611666,0.5883239982375902,0.5545484004019136,0.44603916390959725,0.4688753279821696,0.5740551023561146,0.5857915239404915,0.565334970187155,0.5271472240977704,0.5633785122062875,0.6195905474768476,0.6081329435317216,0.5806308014266189,0.5138349147052689,0.5881596474298044,0.5014977527998596,0.5508942092921794,0.48826249463491955,0.599178079599649,0.48257713162687094,0.585778634298746,0.5370941192930643,0.6408714063708582,0.5785869711182782,0.5235694924603547,0.6262304309443009,0.5786602799443603,0.5812103503450633,0.46275829106861593,0.5132064405943393,0.5215385792914141,0.587836433429532
0.513645806675507,0.524141212687517,0.5391326325679967,0.5228370897439658,0.0,0.4679133147137525,0.5987008333351861,0.4387132820483141,0.5305744269037098,0.5114402047570297,0.540564814558779,0.5625240329180012,0.47214157013563945,0.5260328285901004,0.5413242646486742,0.5404629617594402,0.5427067629423691,0.515842384224515,0.4905635732880137,0.4917400866342741,0.5769477689556569,0.572937760599556,0.5566127362693798,0.547459432314966,0.5338133776905372,0.5388924675104589,0.5178595666195828,0.4745601988797246,0.530477145833889,0.561978728130952,0.5209732571391339,0.5075768151963859,0.50984762944205,0.5008543693902395,0.5522546946793625,0.5959956124469238,0.5018097904498342,0.5491334555050162,0.5250162613034396,0.5596429644795102,0.5431825065820902,0.5723253589921795,0.5102713240724435,0.5914977007097799,0.4998240118013805,0.48171098049479427,0.5188787354606644,0.5119044712297334,0.5828973606160192,0.5518722348197946,0.5580262718252428,0.5228929558119463,0.43048099325987527,0.5346297783461368,0.5618429846717669,0.5187122456538199,0.5281462244976812,0.548779076084401,0.5044824180733163,0.5302917604764318,0.420746074055581,0.4930416756901796,0.46527070152199324,0.5634346954906647,0.4876693074973716,0.441692935924132,0.4935287090048305,0.5042851991926263,0.5007476224138251,0.4601604105213716,0.5268422261653993,0.5377475596096516,0.4974639673147329,0.5311464962199394,0.47264744733217484,0.4352953501644985,0.4990605137236494,0.6560724008880395,0.45648950392441956,0.45275318394623504,0.45643253129428724,0.5486767714154968,0.5502113024102832,0.44361832189266776,0.5584341135811428,0.5218914525259737,0.4291121702909271,0.5031651174756222,0.4628037482511871,0.5091768034896929,0.6589428607659128,0.5713855189366278,0.6031149297409839,0.4544451324883733,0.5737786117336674,0.534624453217938,0.42557480714371754,0.522502910624288,0.5807686222257943,0.4867037020886249,0.5225694177745029,0.42551268638968154,0.5318066141446178,0.5183442966254642,0.515336577274221,0.5125136785581452,0.480173923730267,0.511476230005071,0.5216475169756075,0.508766939736106,0.563697450227415,0.612644016318848,0.46747391245258324,0.5116921752361691,0.47697818032367395,0.5321393229977049,0.4572546584869174,0.5737910268464992,0.5107280069558114,0.5383023915409477,0.6778107829631101,0.4535132628392214,0.4863301866219046,0.5496358636405348,0.49736613854176326,0.5075582207763565,0.5131029918258956,0.5252587346129265,0.5333769167896308,0.5246921265725296,0.5068768698254613,0.5124072591291765,0.4404533789081836,0.5366693320942973,0.490585896497465,0.46963546710469983,0.47527872631835083,0.5955644551043764,0.5305212243328095,0.5381584382176884,0.4404347509918005,0.5805666917239727,0.5585208746546975,0.5739682000376856,0.5760429100675218,0.5208552642157711,0.5896721840097678,0.4661119571321225,0.5320275315936979,0.5053171526888547,0.49841706609120195,0.46469073178585785,0.5557618798186036,0.5696584904544577,0.5480821365166948,0.4898239234233775,0.4538976073579774,0.5376643089833723,0.5057674038452096,0.5283266130796016,0.43657765358119993,0.5003459807288975,0.5145646186287677,0.5853888381850769
0.6178650618030695,0.6126071408872764,0.6327834662580899,0.5640025817392883,0.4679133147137525,0.0,0.4798383304368486,0.558690014690392,0.5705773856846482,0.5788715990595823,0.5807922794948872,0.5555165309214325,0.6357734231489653,0.5279377929768032,0.5370362666414418,0.6187717503934439,0.6003101127070963,0.558436273289335,0.5857279295927003,0.5791535865174637,0.6212327266805083,0.6018240264603557,0.4578389130048463,0.543893516861421,0.6185970314579753,0.510857081564605,0.46717032015491816,0.5730526915564801,0.5363927415407502,0.5233595632089559,0.5662685801163413,0.6105661453004476,0.5775348151856871,0.5089806519228024,0.5366906799500998,0.5283328855184716,0.584002006229152,0.5702097109008237,0.5093632113229135,0.5282620056232701,0.539401479294954,0.5560063450773145,0.5361514226063318,0.5883673328626501,0.5628701479929159,0.5579761492942629,0.4828763988631117,0.5724807138322582,0.5159132154615537,0.5322065286994319,0.5836455020184056,0.6321316507071911,0.48799932111529953,0.6124923122418268,0.5613163347896515,0.5896472881030681,0.6027258212988573,0.5727144920941971,0.49485493626687854,0.5486216999806355,0.6234501695862894,0.5343558733888828,0.6217719562703299,0.45864184049769474,0.5268256466895377,0.5890500338983524,0.5462071911723313,0.577105303029435,0.5012271222377294,0.5762748703332661,0.6172747461299958,0.5122594842722373,0.5386067199637345,0.60159881481589,0.6628180097280163,0.5295328529782243,0.5209139161339102,0.508348142193371,0.5447221224418306,0.5516799214550813,0.637649293636497,0.5733650826890906,0.6214512926610086,0.6247671257610473,0.5687214339546808,0.6132272909624523,0.5413798786698367,0.4921881827898786,0.5795305753191871,0.5665212649905219,0.5305875462698136,0.5245906145845728,0.5474716621696588,0.5848102653696786,0.5561057253293268,0.5940362037515319,0.5596526517371541,0.5536868375775992,0.46833819883713196,0.5728218832325632,0.5399543587068866,0.48114894556075666,0.48342785271558447,0.5342143132418226,0.5814721872424513,0.5798704019632269,0.5821088608518585,0.5515982522537248,0.5265603113050246,0.5851719189202438,0.5541717738974689,0.5049969687393628,0.6284795790464553,0.5209224130135465,0.576960945547304,0.6124413919186074,0.5590795022312651,0.5117931225899031,0.5806416364648929,0.530251242629563,0.5113893124807963,0.5033340387378931,0.5407239080619621,0.6422714661294533,0.5142993561822464,0.6234791532087451,0.5072425162625298,0.52652798732118,0.5957240574140286,0.5266186604128092,0.5784444497177501,0.6676193958077705,0.5471665237081063,0.5493439506120893,0.5658663321993036,0.5068347205238206,0.5443161317767466,0.503503776255634,0.5073268270470835,0.5349407772614072,0.5718946135058426,0.574173260211872,0.5532782123137171,0.524537057362353,0.5588962494808545,0.4547686644922597,0.5718236458976569,0.559872456737014,0.5834473317916243,0.4833047859337425,0.5754996718271151,0.5323035871481658,0.5152252970536169,0.4832272410754205,0.6014816529975523,0.6055061550176409,0.5754271709295035,0.662579859397773,0.52685014957599,0.5678488988903737,0.5137681224405655,0.5627114458496857,0.4990072152764039,0.5667758143871909
0.5383597810544787,0.5584995679927304,0.5253445214396774,0.574065741416336,0.5987008333351861,0.4798383304368486,0.0,0.43405358573403763,0.5051769757366239,0.5836319342877384,0.5278276115200436,0.5398860451109198,0.5070143643487528,0.6030424756644657,0.5465471881746125,0.5222035095726787,0.5540458897578433,0.5403231779591479,0.4926926538926204,0.4990066573189113,0.5643152593756816,0.5516265973110539,0.6312968468922149,0.5639103067889147,0.5789343724161098,0.5437973749705693,0.5403235841484836,0.5123930335581355,0.5607031159373012,0.5044347068770969,0.520702345693779,0.557797047016365,0.5341902352160783,0.5658231068633263,0.5887126701163503,0.5982330333629037,0.5251922460877578,0.5156580727577786,0.48655122770408177,0.6525799150738768,0.5248699600929931,0.5826253710453659,0.4985136384317185,0.5965559312848674,0.5312087577772152,0.5057893876493953,0.5335700555979067,0.5081043529521753,0.7014832940682331,0.5440578253971653,0.592960336213589,0.5293908676066285,0.44605826096039586,0.5606095509487902,0.5963855767691995,0.5580198717077279,0.5306716223407587,0.49840967879254766,0.6111450571169683,0.5609585161494391,0.43833926889806957,0.5052289185682083,0.4563434002152276,0.5803044898621681,0.5060373709635322,0.46700980941067743,0.5634563639185598,0.5279852349642079,0.5124159470825125,0.4528730071219596,0.5275066454192043,0.5772074752125474,0.5514026950518651,0.5761002373380336,0.46850209547007043,0.48204094893235727,0.5285775849777677,0.6489030130439503,0.4488294518711255,0.46469885450860093,0.46580983209849175,0.5501555266050715,0.5338936524655007,0.4447374460163379,0.5758694065898753,0.5058276903464198,0.4314031535243292,0.5587504503969032,0.502458927103988,0.5133687916995541,0.6179319276846508,0.6510650543825491,0.5989523400156774,0.4853329984472366,0.6226002368880481,0.5458422956260753,0.4237751681110281,0.5664705662218036,0.5953579817009,0.5765210328460546,0.5567077629685923,0.42682551424174436,0.5886610117404818,0.530310190846594,0.5240972210511727,0.5140741115779733,0.4974532326956863,0.529577838313852,0.5673357554046186,0.5482951425844425,0.6322951948658825,0.5921875236845228,0.5246782917933446,0.5011966662583168,0.4906457158950892,0.5376683299448765,0.49307525825252113,0.5911520065030847,0.5658499341575971,0.5585716689332653,0.5842427431377979,0.44239990054522327,0.5148235146001481,0.5733392850356044,0.5076221739852499,0.5211056309987347,0.5627416779835376,0.5078518457473292,0.5700722527744074,0.5397604488811145,0.5016662373058338,0.4836779766429796,0.4478336216369611,0.5123160120352086,0.48674996282129457,0.4695052171721254,0.4663964805020669,0.6276136175771772,0.5495588506681378,0.5100909560235508,0.47059033244642,0.5965409735034882,0.6297949019252816,0.5649028511723208,0.57294440580834,0.5852846639532445,0.5173247247080888,0.4785012788846303,0.547075111690024,0.47003416673273724,0.5043710323073269,0.4821554302974248,0.5269521795773313,0.6223149457673203,0.5467962195043246,0.5004307501750027,0.48244557995111625,0.5512907855826185,0.5879440689891399,0.610731011407014,0.47481268762192647,0.525150550236311,0.5128001051849927,0.5512832142376702
0.524603982514391,0.4941411158977536,0.5631803542727535,0.5607329627249812,0.4387132820483141,0.558690014690392,0.43405358573403763,0.0,0.5601194982826126,0.49382458388113404,0.5491107273387271,0.5438651048226075,0.5682149722815968,0.4731367319057544,0.5384973809652477,0.5939948760220052,0.5139459384300998,0.5181338933692466,0.5318170196903134,0.5200710046268163,0.5384202190898532,0.5403630257517297,0.44385850225981677,0.4717407971095356,0.5369116933110174,0.52704099275873,0.5156924533168443,0.522970945507294,0.4513203342335911,0.5121021424352282,0.5951431394511308,0.5414919901696555,0.565562950541229,0.49029800171148574,0.47871838106013276,0.5431384181733302,0.5589525636259104,0.5870149771498759,0.5569031222110229,0.47661227319707233,0.5059599601329351,0.46426682371801975,0.5833982006634647,0.5011850081044585,0.6285462118771619,0.5506111607800607,0.4244696146714129,0.5124412808657891,0.47353932235203616,0.5274299532211129,0.5571559091414454,0.5123948876137105,0.42807156231787913,0.5580595306538874,0.5772557846193722,0.4692460465917009,0.5479548187402499,0.6239060550958281,0.4431101662881457,0.5408162599067815,0.6603803067274018,0.5303985558056099,0.6019268870048448,0.43841906396961355,0.47208497602713684,0.5369560824247323,0.5244387632142958,0.5181783457009207,0.5205512656678589,0.7558393834659947,0.5744412033394907,0.47726950262478435,0.4776405698990254,0.5740450270694798,0.6110153754356669,0.4518182787526688,0.5603075280745733,0.4667881972276222,0.6090430255385177,0.42834247890138255,0.47846085166024677,0.5622111915975415,0.5277421049994628,0.605609385504165,0.5254284692497226,0.5904695528146419,0.6205150123668675,0.5039074993873386,0.5625841583406501,0.5384077401946951,0.5230282585839121,0.4829895663260016,0.5176225993809916,0.48573804236496476,0.4935336229126028,0.5351496470241909,0.5871392241057296,0.48312653451693427,0.432974498617652,0.5253154891390088,0.506849011761642,0.6441005544075631,0.49381393778155663,0.5067426471797964,0.5938110424355494,0.5705919909791355,0.5875834169978057,0.481185187869389,0.4853799813159625,0.4585532597269853,0.48859608038833385,0.5034936074364259,0.5099804382147624,0.5464303252386934,0.5525396437269522,0.524962211928956,0.4576692035612104,0.4998342680059843,0.4648293988458653,0.49913632407879777,0.4782361177385208,0.6727965549783786,0.4396936546787795,0.5390986515282742,0.4335434234156576,0.5813847058103909,0.47574252187777094,0.6329775750622066,0.518504860657623,0.523522528172229,0.5076290429237993,0.6008187335963302,0.5825667944753945,0.5047404449908649,0.5430859824053179,0.43383001663661885,0.4788323053857923,0.4843460671212949,0.5299770037621143,0.5863422247717389,0.5267721959994046,0.5015254703979597,0.49378835521615366,0.5204409943058482,0.5157231764990294,0.4423682178651374,0.5567005768928509,0.5049024917835798,0.5138132994192732,0.4474872059384985,0.6037251230871818,0.45410764679821436,0.5134623648819523,0.45830702406989415,0.5593021631625855,0.6224962251762104,0.49819084470002295,0.5579026463559846,0.4626449566499411,0.5090037600663584,0.43811064205872946,0.46142334994352396,0.4735926026853558,0.5009368321675125
0.627013126853191,0.6018630633144462,0.5598161853118013,0.5614480712757663,0.5305744269037098,0.5705773856846482,0.5051769757366239,0.5601194982826126,0.0,0.5518003843744057,0.587584123270835,0.5802308351298308,0.550765373393421,0.5764080411170418,0.5967769542183399,0.5894952024429172,0.5653015783503502,0.5994269942580582,0.5762193198638326,0.6103785079193318,0.601444982166046,0.6340556290756927,0.5023898587554563,0.534146312759652,0.61898881700633,0.5159768035155423,0.5419789443077351,0.5448706427828399,0.5349960402045042,0.6027245161405484,0.6877513661773597,0.564512100804754,0.5710862775933293,0.5068972023469355,0.6231426360625854,0.6050355125128904,0.5761101683221965,0.7162316188686788,0.5877266420519305,0.532429092659465,0.5737485128581824,0.5825696274985038,0.5604069863748681,0.5998538978057998,0.5736604814344087,0.5445359376434505,0.4792840984314557,0.5427287015029518,0.5571524747611604,0.5882372190748312,0.5840172821094463,0.554009643576075,0.4865740500160291,0.577735563379939,0.5893547397802369,0.5901464289911437,0.6269142256032165,0.6039152201179864,0.5111055264409059,0.5853157226366063,0.5343773341592968,0.5549000552642035,0.5501412104925212,0.5357745644374071,0.5582725631387995,0.5326618881938838,0.5550859887278006,0.5528594173685099,0.5388286967476741,0.6054721838078758,0.6332665394732013,0.6034992880188907,0.5459664103077058,0.5680179183574176,0.616364788140069,0.5111852087599255,0.5136921633769976,0.5382444408885214,0.5563386520582594,0.4981303699975092,0.5401567059118961,0.6706077084357192,0.6390856412246388,0.5775179059601901,0.621376750313454,0.6741316529531368,0.542057692531077,0.5424611438109335,0.5640000907887927,0.6397280492661257,0.60275488960105,0.5997339260625015,0.6064463650960547,0.5440009864809978,0.6311581403404866,0.6166944429516296,0.5523888081454255,0.5568797222398789,0.5696177363973449,0.536545097530933,0.6365339821466499,0.4857113468184764,0.527423671256677,0.5646893357008553,0.6510435300751283,0.5551344680098054,0.5408195349344167,0.5527494492104085,0.5277411054731566,0.5282084143282978,0.5403620422965072,0.6131456650958012,0.546542508989747,0.6313598182619129,0.5644107491060956,0.5835901317523801,0.5269676520732679,0.5719538747491614,0.5002585031216403,0.6172446462308515,0.6197639614461352,0.5507615508341049,0.5239095604231473,0.6161412522237113,0.601566273305735,0.5844977974086917,0.5218595992867645,0.5585716550799988,0.5619285827009909,0.5886555748731086,0.6450949896124278,0.6189506299176352,0.5820269559190313,0.6810308040636197,0.5948806025792529,0.533460440418912,0.5433476774915404,0.5737843361704568,0.5588427144794008,0.6604305424092191,0.5454783827435847,0.6282063863313981,0.6041187264177712,0.6347608663571963,0.6252966643244533,0.48263673958347764,0.6879381704234453,0.5315287941228175,0.6011116391481097,0.5330350340085711,0.6506376513938634,0.5483691811447322,0.5885129781025067,0.5010098106844201,0.614351836046331,0.6493009666916923,0.5303855263910032,0.5841151811116166,0.5593383028326468,0.5563966059458902,0.481739039483983,0.6120738669731796,0.5879755579875032,0.6501209314826855
0.5932908709598267,0.6566253121133513,0.6145580454193755,0.5633420991323399,0.5114402047570297,0.5788715990595823,0.5836319342877384,0.49382458388113404,0.5518003843744057,0.0,0.5451902631694053,0.5463256068680922,0.5994535050099365,0.6572806178446227,0.5434549497678647,0.6077402765322822,0.643861501926262,0.6227774632795289,0.5353727354840776,0.5634371663997574,0.5962456047751244,0.5768997647938506,0.5762589954257141,0.545553793510647,0.688649564074318,0.529411137151886,0.5589300350670156,0.5929469633116546,0.6760735563856456,0.550668270008826,0.5524390416257053,0.6431920165598104,0.5652668195335789,0.55225939895147,0.5879510764169814,0.5882106518778085,0.5622269579595351,0.5973853985904917,0.4820735765224583,0.6347044327984894,0.5662265065886173,0.6002153227210082,0.5331217870137034,0.5801955273801213,0.5718981833609597,0.5782170369114649,0.565482641721833,0.5241307092345647,0.6378259113053822,0.557046600521202,0.5877084055503219,0.5793305033039631,0.4990422186964626,0.565198027082978,0.593501344601911,0.6536322137555042,0.5812910848434584,0.5355539012584574,0.6106764042524875,0.6018417801692307,0.49878756124043117,0.563134414048154,0.518758373042234,0.5646412653740663,0.529602069101651,0.5370095980659179,0.5650643971210683,0.5730383336993833,0.576256023500104,0.5173789405502559,0.5633050458552419,0.6240900343155875,0.5569542403353269,0.60559933189431,0.5783185984778477,0.5686406838633143,0.516263620699698,0.6066600447639288,0.5188444866502804,0.5337358422496542,0.5889664981900151,0.5437409326407543,0.6241977028767769,0.5605393212476003,0.6140158879966611,0.5959193418645968,0.4700119339371972,0.5592893852400451,0.6260264957998666,0.5487364002998396,0.5821950979427186,0.6032424645051321,0.6205376307583936,0.5440461107626993,0.6299873680864175,0.6094514302735882,0.4714521351890361,0.6274251445517334,0.5550089087860397,0.6325904682261917,0.5928459887003108,0.44863906984696866,0.5455082293497646,0.6168747597521433,0.5830752806453455,0.5947437527012529,0.5676584397878057,0.6372105189468553,0.6274131371670267,0.5795787384163923,0.5598683650733828,0.5608255904910585,0.5776478694948611,0.5667637101588077,0.5728608932804653,0.6163623531927344,0.6042376151204419,0.594187642258467,0.6049446174167697,0.6183600200686593,0.5543764634655001,0.483012920491267,0.5509950851413387,0.6353157188554278,0.5327076784027636,0.6178981555301494,0.561680926062136,0.5153824905747221,0.6877092604298859,0.6011352662591003,0.6439465270004214,0.563585698672812,0.5047705085261289,0.5193460334972562,0.5078310796042327,0.5112282631727563,0.5470108018937611,0.587674953553682,0.5884620391453206,0.5522905179252121,0.5537192468164438,0.6655949177264878,0.6186295351586792,0.5660496686864771,0.6022099077539019,0.5206909321996436,0.528903108277906,0.5969954766000488,0.7022988010849823,0.5398226796661261,0.5200037739862935,0.5817844282281562,0.5204819070269482,0.6120322257185068,0.620528158536363,0.5512491804207723,0.5231068192629231,0.6386786218328907,0.5814624761656602,0.6280796504868879,0.6030531111710419,0.6017982321803775,0.5731675659557519,0.5450401991763701
0.5928699383759605,0.5667276787813109,0.607838272877512,0.6082799229907335,0.540564814558779,0.5807922794948872,0.5278276115200436,0.5491107273387271,0.587584123270835,0.5451902631694053,0.0,0.6394767114187556,0.6021243478697498,0.5437964069736297,0.5520798745873569,0.6716692828528977,0.5836394334468747,0.5364227790174636,0.5518851409687306,0.576165437584989,0.6134840393008982,0.6656138054499713,0.5218219914489339,0.6018603043173452,0.6429767959355862,0.5952860082748432,0.5621973859305353,0.5846624436872395,0.5536177621302308,0.5521332090805608,0.5927659290547911,0.5691861726293832,0.5514746320053219,0.5670536108395834,0.584881303035009,0.5767224518995822,0.6689970279690538,0.6079829458273847,0.5943526776978891,0.5642638501772265,0.5189504362208535,0.5795939374279903,0.5375751971584618,0.6335547292577203,0.6101778268282204,0.5040846470781998,0.4434605730952489,0.6766146294265497,0.5868455864322554,0.5288245301110757,0.5708508830273299,0.5414260988277878,0.41810326027082634,0.6147375127781621,0.662051682781592,0.5405365479643598,0.5718719265419697,0.6296365937923956,0.4888656178778104,0.5371769440591677,0.567718155443865,0.4800120114079578,0.5196710100164063,0.505578783116425,0.4738494775266478,0.4913127657473918,0.6089672439303996,0.5476102338142472,0.5198750018839884,0.598280194006371,0.5808684736936875,0.5245492331477771,0.5634182509129091,0.6078769226133308,0.5620247821309068,0.4601141449251583,0.5979731073961219,0.5742149288582553,0.5075449333938549,0.49345080673477154,0.4861066287251078,0.5715450222546894,0.5799821419655824,0.5484362736090568,0.5725527251103414,0.5988853278658134,0.5811929483072797,0.49716340861667646,0.5114719242627132,0.6152083411314703,0.5907885211034214,0.5255169166882779,0.5633848955748086,0.5018134281954741,0.5634236680528731,0.6165470542366713,0.48278488126209557,0.5363764807895461,0.49926756435288194,0.531332745214123,0.6018603405128536,0.5069169347067148,0.5113964739229531,0.5183756276148466,0.5499819027989741,0.5425391064719898,0.5201527835778139,0.5677021938893031,0.4931662683488719,0.5977308552419365,0.6255700317813151,0.5703139609400579,0.5757209404964081,0.5755185059989196,0.5140317802586064,0.5894972706961722,0.4740061604252542,0.5935309139890286,0.558718792052273,0.5568128881496742,0.5816462656649152,0.508276025284108,0.5417988714131918,0.5940080255178163,0.5226723851155285,0.603895903020268,0.48867133338508467,0.6108677481854516,0.5865597876679612,0.5262798758475036,0.5365264770814484,0.5879898365076895,0.6025511994261146,0.6026558665239822,0.6415243187305653,0.46143226082550637,0.515918860941164,0.5589457071146187,0.6033586546277404,0.5577937336997921,0.5015453020973151,0.6062502160296359,0.5425015723813772,0.5586445595217289,0.6527583816759932,0.4955275187621215,0.6010388352690529,0.4764471163216842,0.5741007634018913,0.5034057647973424,0.6452146566725461,0.46327789797572244,0.5881571965212662,0.49888146310143094,0.6049375127230194,0.6438985834537699,0.6268945831235844,0.626263277215805,0.5649291530796745,0.5785016873912896,0.4361020428102773,0.5319554510666606,0.4937476809172368,0.6900418500796146
0.5394571752827292,0.5789079166292942,0.578153487453318,0.632478389759541,0.5625240329180012,0.5555165309214325,0.5398860451109198,0.5438651048226075,0.5802308351298308,0.5463256068680922,0.6394767114187556,0.0,0.51601106626562,0.4985371043873603,0.5617758361202435,0.6130401740143824,0.5816328385463084,0.5147416522887608,0.6401834507056989,0.5481870912066792,0.6652197182779457,0.6006984678187807,0.557808847970258,0.5982226874411183,0.6312956889826247,0.5539772536174511,0.5435395752963895,0.563599164345951,0.5440545544564526,0.5873010511016171,0.6183744246444063,0.5450885347703522,0.5726630574433454,0.6045731522328097,0.5569931947034665,0.6229792647064794,0.5546697670874811,0.6027539268120959,0.6630255828994733,0.5499682953345134,0.5833477494848139,0.5775450318242655,0.5346690339212707,0.6234159519218418,0.5822622988208453,0.5169620605105887,0.45742208739071927,0.5594956303416097,0.5759319428113137,0.5412246193683864,0.5832213053857498,0.5598890164384738,0.43259233015588316,0.6373754149244869,0.6478000745377931,0.538579713336579,0.5882021681800008,0.692347376102443,0.4790662153169356,0.5593712422785282,0.5129334566590178,0.48637162339947554,0.510175038673446,0.5096933060867971,0.483197302172117,0.48152260577887523,0.5374334765046107,0.4916391235980363,0.48298987875179505,0.5502647639948549,0.544284509541554,0.5164689187281993,0.5134271131425865,0.578634296328826,0.5537167584264961,0.4527207461075468,0.550469631872036,0.588394696214303,0.5291538406176671,0.4772739172963349,0.4873310602293386,0.5989015391841631,0.5807107972209402,0.5116088025188478,0.6110827423978822,0.6114811764348159,0.5135588359031973,0.48735391934206934,0.5161152954066234,0.603087871525032,0.5997735588623926,0.5786919120962923,0.5902659390128855,0.4986348183398677,0.5632651482670049,0.5994703302850696,0.49125046174238063,0.5849428749857446,0.513368196164945,0.5239538144958669,0.560879806246045,0.4938193994046893,0.5441795985683135,0.5881197259670946,0.5540611470637707,0.5473553436146886,0.545872845784689,0.577641403450627,0.5091591430692217,0.5621145013354019,0.6575941816392421,0.6059462310737886,0.5075876633742041,0.5870782865511028,0.5127448536789034,0.5838058438860617,0.49304957308816816,0.58041497808864,0.5437984154682902,0.5512498203199345,0.5828449503538773,0.5212625304076586,0.517751231783788,0.6052100220165253,0.4984146226680931,0.6072898582123992,0.500556612138728,0.5988178499706124,0.6181811079866522,0.5081346372021739,0.5473968048616187,0.5831534168857058,0.5188122308509314,0.6182307152772925,0.5934462752097959,0.45101361485224983,0.5123680277864232,0.5539745048769443,0.5783564169250853,0.6276837870920244,0.4833010769201636,0.5766115970672784,0.5748999784732379,0.59272489220687,0.6279505644475518,0.49014022144887764,0.645505423105928,0.4960461130424215,0.5893043503596296,0.5409633395104029,0.6236823266916639,0.4866496811276215,0.6213347602174824,0.5099832032502883,0.7120303287773574,0.5764989643318622,0.524128286170374,0.6320079618114399,0.5238488133023752,0.5471072730521656,0.43736420123540937,0.5294669601082543,0.5431527548237515,0.6358028556235413
