0,1,2,3,4,5,6,7,8,9,10,11,12,13,14,15,16,17,18,19,20,21,22,23,24,25,26,27,28,29,30,31,32,33,34,35,36,37,38,39,40,41,42,43,44,45,46,47,48,49,50,51,52,53,54,55,56,57,58,59,60,61,62,63,64,65,66,67,68,69,70,71,72,73,74,75,76,77,78,79,80,81,82,83,84,85,86,87,88,89,90,91,92,93,94,95,96,97,98,99,100,101,102,103,104,105,106,107,108,109,110,111,112,113,114,115,116,117,118,119,120,121,122,123,124,125,126,127,128,129,130,131,132,133,134,135,136,137,138,139,140,141,142,143,144,145,146,147,148,149,150,151,152,153,154,155,156,157,158,159,160,161,162,163
0.0,0.3096232999758963,0.29395366394097744,0.26335886389639057,0.2708318271083654,0.3002079734037185,0.25345142835361767,0.2961691705025933,0.3172292818806588,0.328655586578332,0.30112377579353145,0.25912019872053754,0.4273447460316749,0.2521841136148463,0.3207225310470419,0.328471649313157,0.34481284829934894,0.4178610278781934,0.28420084592132094,0.4316121447744294,0.30262836274275023,0.30769237700503155,0.2706774767614808,0.26755421322370065,0.3673866886902464,0.23238017944733638,0.23791606458728923,0.30201543023356114,0.2557829610604307,0.2535840199241741,0.3157541931966703,0.34312624568657885,0.2740847896074988,0.2521148300489839,0.34837951051007787,0.2562718290929464,0.36310719432460226,0.29823376602585444,0.235155976741315,0.3412197264220184,0.2600161497214398,0.28564051579838545,0.3306721589348571,0.3045783734739478,0.3079406429340669,0.3715801569924461,0.24974450810208504,0.3032184969866722,0.32772959786431083,0.34703540724608684,0.35360003688238045,0.3079478927671892,0.2511419289501283,0.27801802741042675,0.27611529494594794,0.2741126562792345,0.4145400214832237,0.29085216979025225,0.30060695527246534,0.32228040067297725,0.2914303959135131,0.22362799339755163,0.30512529518635284,0.218335742729964,0.28157366184130944,0.3049546907869235,0.28642754701498485,0.2955354251623657,0.27034022092618276,0.32211056303127816,0.39333821039722616,0.2845464369008469,0.2761808931036636,0.3350103982087064,0.3207062386915924,0.28170360024639995,0.24348512824990962,0.25713200099748557,0.2883112046407384,0.22756794628821925,0.2746913484075783,0.3252051710165859,0.3086843778020195,0.2715751537315543,0.3084051622362279,0.3327652091613037,0.29161575842223064,0.3232597780691712,0.32769698006584397,0.24115472656112139,0.3390358768856844,0.28039944609829726,0.3526192709445495,0.29834580377200903,0.3197167870510362,0.2671735550458777,0.21186365131762536,0.2629054395080249,0.2068157637014113,0.32524549127300645,0.2446939152721472,0.26183411921537586,0.239389850532674,0.25239657242696817,0.3410470797602705,0.335127329384976,0.30383367406032075,0.32096520334308487,0.32658668235847327,0.29457982165571367,0.2701696106754598,0.29997538390410056,0.31455524704457966,0.2513373448625631,0.3006095377317232,0.3201004492715826,0.32554492165633964,0.3016751117172256,0.255288583167641,0.22703394949258943,0.2793076884288363,0.22833568333578408,0.2920129074310299,0.3744858002198683,0.26355853571897037,0.28789256874555086,0.22477582250345252,0.23253614741749287,0.2636952423267638,0.3203248167287453,0.2503858823808497,0.28077319190168853,0.23825690509738776,0.2576263040018062,0.2702468098068917,0.2721018375767843,0.29976565067325195,0.305937256817757,0.312734199083144,0.32944257563518276,0.2495254032949715,0.26584420246018353,0.344194880021794,0.26293301930155055,0.28452240226918374,0.2718039073762,0.2758094150865216,0.2688626930496872,0.3687007269978085,0.16640211942493263,0.3422358990954458,0.28586230349459674,0.2940013708108073,0.2375779243253033,0.29961086803966575,0.32744208988078705,0.27893216394601683,0.2973365623103475,0.27979109333169255,0.2815538984260693,0.23669147407797506,0.3192111946418022,0.21669753212656778,0.35649212874216546
0.3096232999758963,0.0,0.2861665137563855,0.274497507264726,0.22616810845326712,0.3862074329197428,0.24371616073039548,0.3653993211673221,0.283162607400293,0.3607798753162001,0.2573775179630371,0.29964288041892295,0.3123015647135037,0.2710400937250075,0.2952749551992604,0.2790750937270817,0.3097782807132707,0.26505545515136014,0.285003157811466,0.33879383540055324,0.2944350205150247,0.31419956641121705,0.24977187611141166,0.283755021693279,0.3111279641918862,0.2235784097798278,0.2287477071062002,0.2828125287791735,0.3349104063336728,0.2236356168562888,0.33516837690378043,0.29408399317650713,0.34958941261637066,0.2471920114966336,0.3162646546112788,0.2734197672329008,0.27234026006682704,0.29373097491803934,0.2585142553159554,0.3057747862895047,0.3396051335982941,0.27526013417546613,0.2266808087320364,0.26918366368253355,0.3486286509136251,0.27793328697865083,0.2566227349329033,0.24376904856947623,0.2653840559554142,0.29987375330579424,0.29182074371771505,0.3056527372134707,0.28772219134764554,0.3199342250178893,0.27957715999920285,0.3295299463182936,0.3173754854117483,0.27126995274427335,0.2772685281386732,0.32397962367067185,0.32568682159619655,0.20447705673633657,0.25109928704252527,0.2086018579051535,0.23995379961825222,0.2473623432792305,0.26872721399502025,0.2456304084027684,0.21882168276291336,0.28374206932359514,0.28513306229001545,0.28886848592812464,0.24071212840254305,0.3044697278411097,0.3279206519769511,0.2451464947678151,0.2205033958538538,0.28113700327104024,0.2653735377351249,0.23709526232517728,0.25376410984471,0.28841297105721375,0.34351155949994516,0.2692290467748935,0.28544931037779686,0.40926863155378906,0.25373525345592635,0.24021559983082494,0.2790892364419101,0.2978667442102172,0.2504090207520802,0.29562844470286204,0.31038377231852027,0.28420394929923404,0.2954304777412818,0.3146844450737065,0.24315384260118944,0.2985861762397655,0.20252740464500948,0.3256071940973492,0.25426879944916214,0.2128702054779823,0.19987013564954062,0.2620638119854957,0.28517350750078185,0.29508954256690806,0.26878346061474667,0.3386653337910003,0.30038444201401965,0.3279980925440419,0.24423481209769013,0.25225908078467646,0.29237444558100256,0.23862241531000644,0.306138033161599,0.4330403498544427,0.30303899764026015,0.21619213487846203,0.26339293664990987,0.22953122173494267,0.2822457619023043,0.24305112737067916,0.3056660977264214,0.333521607995686,0.27730693846801124,0.339598045723717,0.24863747516276583,0.2687010745479854,0.3288085398737649,0.2660664309051006,0.2962639500528571,0.27556576342445754,0.23901809094900597,0.3009753201817168,0.2684059849913613,0.23555002653888193,0.2805788727705686,0.30931857862137296,0.2781762903323256,0.2657599485012427,0.24668969992626502,0.26440184460425065,0.3743350280638645,0.25628676476149165,0.2811894007462186,0.2404012188315505,0.3146364896939486,0.2627066471381316,0.360010045292881,0.1791362120594383,0.26982711686595884,0.28071274145138464,0.24613023940855067,0.2615775566387115,0.28556331075054037,0.2954369491185705,0.2743366897166304,0.3166280730463032,0.27138458908092106,0.24480706406191555,0.23478163880935937,0.34773184854838174,0.22034979530341728,0.2780068603865214
0.29395366394097744,0.2861665137563855,0.0,0.264201786564127,0.28040098492528237,0.29656616212516146,0.2331468757974166,0.2958208206682987,0.25787531099524574,0.328529593552448,0.28994811987465274,0.24661430622379438,0.3151888696705651,0.2295884318118522,0.27137096154065027,0.33449962203112465,0.33600132080370965,0.28673355374003445,0.23672845662766695,0.2589540305084164,0.34649487456690387,0.41953011761421866,0.23385066815022337,0.269165660855504,0.28322696788884405,0.2578063084302065,0.21660768248159054,0.2655117711909629,0.23037238219574843,0.23004366546565946,0.23251897138648156,0.26445750763835396,0.24526231054276004,0.20902622855649342,0.23602646237345312,0.2423068495694938,0.27991153032711663,0.26362496938321095,0.2222202086392824,0.2964067700753485,0.2533045612512944,0.3174460871029084,0.25813229468576393,0.2483538253202346,0.2833116974352385,0.2634493601048402,0.23816921460096788,0.26896289234041987,0.2575515114776278,0.26936300797496726,0.2961677269085378,0.299385319118305,0.19868669126859634,0.28744518572166555,0.23992529596554868,0.24703499432763437,0.2651718090493794,0.290084799342173,0.25223628762759126,0.24405253657741924,0.2619854793147704,0.19863604514333072,0.2905718108503955,0.20132955905523475,0.23027019940658486,0.24694577539271212,0.2524519229387226,0.30538538733528037,0.2733939449923454,0.300168905574334,0.3257457442317634,0.20958009054395269,0.252248228715128,0.3870270483344385,0.2904518442055063,0.18289736415371055,0.25861630348527404,0.253161518228153,0.22506628044534632,0.19233721172745258,0.2559186310000631,0.31378871966561483,0.2866372478490375,0.23850300398753563,0.25557222668974394,0.3250341101564017,0.2314664465658512,0.21587628880988485,0.228183907639976,0.21813448023570775,0.29332744595127636,0.22100713072370887,0.25572939097190683,0.20095513356768513,0.2867307744007649,0.24794674470178016,0.20088430745886776,0.25286151602849305,0.18276327960920058,0.25713179780553774,0.18593138695269892,0.2451217221446802,0.20713630926447643,0.2581238364701811,0.25090603857880484,0.3155077435430613,0.2639318069218051,0.28471206881170347,0.2565069495489462,0.3086150943043901,0.24497876255552917,0.23501209891240118,0.26919781604578324,0.22200923863306737,0.22175421400373138,0.32466322193374236,0.2128994375184834,0.2564713577110322,0.2898043605689245,0.2208196065850143,0.25460840257517514,0.22001148575069807,0.23852195392503242,0.28540538656859177,0.20249572855522996,0.2552807272372545,0.2321849551653627,0.2346720494297762,0.2666988594518868,0.2533000356048577,0.24351572318500644,0.3832124861817182,0.19262953247108616,0.22117075004358833,0.2623777483540787,0.21044841290426236,0.20630678182586346,0.2412363660560266,0.2815305658821374,0.24821687681442328,0.20892430841281442,0.23460387881383218,0.2837915608588529,0.2659574499093032,0.23972299456410462,0.21354599275678832,0.3162571869771181,0.2444190482105749,0.3157584035072222,0.17079886603466676,0.2278343574484334,0.19553410594635118,0.2526399128934485,0.28249862020192124,0.2840561860878274,0.27701483267919325,0.28140052936197446,0.3122851107320245,0.19785786295175442,0.23015410339552506,0.24406350412017658,0.2091191180903957,0.22419996957851618,0.2923610518840173
0.26335886389639057,0.274497507264726,0.264201786564127,0.0,0.23904317461309305,0.2532503215185947,0.28174438498444465,0.26854369338815076,0.22497600120323685,0.28090071712972703,0.30907850566193473,0.2829976339418787,0.2629457016450702,0.2268209742994832,0.2895688358040208,0.25969863137241445,0.2896816900877018,0.2599438144573613,0.27142949380797726,0.256116761250218,0.32783877310865644,0.2763115953053889,0.27003587159006415,0.2591042642684213,0.303905270618146,0.2689707839489367,0.24633429908224813,0.26650152166496427,0.25209902574208015,0.19056561852976298,0.2557996251898822,0.24415771143407794,0.3391378869669228,0.2561707316832088,0.2618003850192468,0.2810896397424998,0.2820185981066152,0.2564167408962805,0.27960017821860217,0.3297615777543817,0.2775987363804884,0.25885084554948584,0.24625039058945294,0.29950138638258084,0.28004036253173026,0.27453948669031625,0.17611380243599795,0.2859391606806082,0.2828075304516234,0.2611470406951091,0.3431020407055863,0.2874858802810153,0.23044125685673625,0.38192369437612295,0.30220061226329487,0.22730796926380833,0.31094330226216005,0.2880003301581106,0.27445415650494875,0.2790813399195936,0.31869169374592554,0.19576143890611536,0.26582624524873494,0.20078968869295352,0.24999926179541973,0.27439021307898154,0.33343834729158883,0.21415720280217815,0.23348910597568595,0.2652595230152627,0.26408734538894185,0.2337450654364248,0.2674250633249035,0.3841799945057456,0.2666349519965552,0.20192851198424291,0.3106219771448533,0.27802187054499083,0.24259218327146245,0.19191914328659798,0.22745512138370605,0.3365845358242817,0.2373624334619039,0.2244243612725711,0.3296687765775794,0.25727870260288965,0.2967343083159876,0.2606080861007937,0.24062856900517346,0.2305097105138597,0.2978990651434375,0.262431507377963,0.260563302271594,0.23826209513207297,0.32214740473588205,0.2542733086315467,0.2058292875631658,0.2639254874249088,0.20030107348554188,0.2760932683998086,0.2359569242710456,0.28417000186205676,0.2969545715697251,0.25011093175140725,0.2589143543647117,0.2467292141275366,0.287216833079215,0.27017730157254927,0.26033421006894863,0.2832489408125405,0.3308459158095269,0.282923300406694,0.3092685544363065,0.27013055013226184,0.25373880044191716,0.2584634889809847,0.2510692503309986,0.23055957184596967,0.3039427637440306,0.23522014124509297,0.26060946700174287,0.2728835545979208,0.26699998219966653,0.27640873133146443,0.22336021177271567,0.2616675747573127,0.24461217872397054,0.24325079946417594,0.29514482542670345,0.26569386027808595,0.19610765714357256,0.27396426091876197,0.24902861395628217,0.27329712245941296,0.3027020537090412,0.20355215337747967,0.18431687566358995,0.27831712366259614,0.3171885332550113,0.28215168385721556,0.28404948395378127,0.23961676706798443,0.3431550096396359,0.2845152422527787,0.2756402479965415,0.24086836992064023,0.2601414913480762,0.2346291054195685,0.25662697743675894,0.16522109410789054,0.3207063901655616,0.24880859057850957,0.29665510172684534,0.2284392042309853,0.3099168001018822,0.2799188554068348,0.2545008676017455,0.2831934197009701,0.3209912157070826,0.24761202126655713,0.231003881679616,0.24731552977280924,0.25640714833332234,0.2954813606994343
0.2708318271083654,0.22616810845326712,0.28040098492528237,0.23904317461309305,0.0,0.20777735991559462,0.2834771240891033,0.214762176182167,0.24051004371084517,0.2632765091900897,0.2984132367467589,0.23497327246877814,0.2313666742639531,0.21683499571572204,0.2557216269763929,0.27394773180025644,0.2636093933420711,0.27858514662171047,0.20545370910684668,0.2280980368942038,0.2857439643286785,0.29189673829372337,0.28453072793042034,0.247694640927197,0.2670715618859263,0.25294010704138564,0.22883927322709496,0.21053028317020467,0.2189300719924783,0.22942196135891443,0.2361599609686346,0.21398637325945893,0.21165819795053242,0.2118019253411236,0.28472899879650604,0.24012468644189153,0.2659101533995173,0.23934734063757263,0.23729141497622758,0.2598478917358895,0.22103374395536968,0.32070021762733014,0.2533448111325782,0.28677691933387806,0.22043993197681563,0.2207609146977015,0.2189362658165272,0.3014384164400925,0.2884411909172495,0.23931301073405453,0.25439678717456365,0.22626346247877846,0.18996581939991297,0.2328520478758543,0.23786227179151007,0.21857244485992608,0.2245373261929278,0.29929401262514876,0.2316315001844234,0.20901354952512616,0.19116743026064745,0.17509967585115796,0.21743713572605702,0.2223513183063653,0.22075456508986277,0.19132202528383155,0.2379760606582524,0.24157414699912086,0.22658896676047835,0.2650855662774693,0.25746497619494985,0.22145895775205435,0.22597072046904534,0.2551998479312174,0.21135307631446718,0.18088446161862637,0.2352831837898215,0.34083311372337466,0.20101605865986677,0.18824992293872908,0.21354031638191345,0.27186004026420274,0.2589382082923987,0.18410224740122424,0.2450102716669666,0.22566132248662196,0.24066542969629462,0.21580289075075992,0.19684761501815037,0.20949997934920217,0.3749439889683302,0.25171337337336963,0.26877938750739494,0.17783442788260548,0.26995741399308454,0.231738360997391,0.1569242868640181,0.22321865111085068,0.21141921670610683,0.20389116642057667,0.19942522759897613,0.22074983788589558,0.23760246522115167,0.22435442748082537,0.2184756811283115,0.23852050518589235,0.20322820291483004,0.28877458741256945,0.24876773768608398,0.26266841113963446,0.25717866513244303,0.28101971304970336,0.22231615226483753,0.25188409002475953,0.20226864282693777,0.24074587741142306,0.20282883198995105,0.2600986640210647,0.23056061155975,0.23190195847182443,0.3138224117854465,0.20707906610377178,0.2239346344923077,0.26893180134773936,0.22575077817698463,0.215891487974072,0.19449501086180376,0.22614047163144296,0.22205687141725622,0.2265883917229253,0.20847771802562387,0.232188462669364,0.1865855068700466,0.235787162654982,0.24197852643794948,0.21596558724605025,0.19942473883826975,0.2801205974966179,0.2800525811974319,0.2593679446545545,0.19136043741246056,0.2440050276877704,0.2644861367951032,0.25142761772492633,0.2766103910129556,0.24568165974024858,0.25865095141112654,0.22104267927401516,0.2563564472989264,0.1709988611584554,0.23342043338833665,0.20503560727301617,0.2606820788224307,0.24242984178497765,0.2774888237582258,0.258925538565852,0.2071214770513095,0.2732281895657135,0.2199007457548884,0.21168092674756678,0.1995509317973452,0.22106889830010976,0.22966798330060129,0.3528807900181354
0.3002079734037185,0.3862074329197428,0.29656616212516146,0.2532503215185947,0.20777735991559462,0.0,0.20963752221511114,0.3204188945657549,0.26165440858543526,0.27392257389984864,0.25356180844844944,0.2960707003168352,0.33581835020586837,0.21451632842533058,0.2730655543828448,0.3027612186818519,0.300861908980062,0.22373812847474883,0.2701606299967686,0.31125905971050455,0.29776595316256993,0.28263038555647313,0.19305312529565974,0.23208425590725887,0.28078801914119056,0.22000405477028137,0.19979289721259186,0.25183901953287346,0.26460359647736487,0.22176445015896462,0.2939097820955718,0.33420030941120044,0.33083668137707767,0.23065130419429555,0.2629642887631633,0.24158440801665906,0.2673807144856325,0.2636409038383263,0.23792187514301869,0.2417161186191555,0.28975164281913884,0.2598392027065526,0.24105996151882936,0.28367597547293477,0.2795644228588903,0.25751543117823306,0.23780418376563955,0.25026201076664345,0.20961295581253075,0.29787868573920734,0.28334607341304585,0.34995691494351167,0.23605308168061073,0.29052513303022615,0.24957048384234173,0.29912461857266803,0.2984383633168176,0.32330767845176206,0.21412471117662185,0.26843635117726533,0.3191742879382467,0.22764474512547606,0.30125079606141747,0.18066870387122458,0.224749575714937,0.24641805940379682,0.2411368485032356,0.2597415220749478,0.20275898885561777,0.2606480677650384,0.29565151445544957,0.2244047972311837,0.24355963798209643,0.2870618188341442,0.3502669842954134,0.22184498613602632,0.2244560484469405,0.2400479741134375,0.24803241936339512,0.2604223201472381,0.2881901557264439,0.2733132416295249,0.2861207819920786,0.28253941942803606,0.2719013133647648,0.3215118558407568,0.2700109467166166,0.22685171540554097,0.2854085420751609,0.2505874444361876,0.2568925886905734,0.2815223709176591,0.2820103634536105,0.252032400305182,0.24405408050069885,0.2951603849543223,0.24968166662841002,0.29369868957143064,0.18567818110490636,0.2900747760800794,0.21423532504523396,0.212735536567424,0.20393555566740187,0.23461581501737863,0.2966408778446607,0.33885099504370075,0.29586921509604885,0.2770254376506373,0.2517395964115548,0.2777491342523601,0.24441786108882013,0.22821881177299644,0.3186241690691084,0.23711551450260573,0.2689319105847559,0.35069613238142433,0.28523668154561405,0.20316487114801385,0.2913614626743024,0.2213110919596264,0.25455599496869685,0.2501484686073513,0.2865406342504803,0.30731564965058894,0.25365421568778795,0.31141396639659624,0.2507248819429742,0.2378125016269078,0.28909824897618724,0.22997632916839078,0.2736864680089116,0.35077598785357206,0.23163797668557476,0.2705363866195646,0.2527785490216212,0.22174153180934986,0.2589673551796623,0.24007853528854065,0.22599784876586895,0.24191359325635564,0.23721691753025922,0.2577126783251686,0.2813770638300149,0.24363403262587643,0.2588546093628154,0.2237925176031393,0.3070965353771086,0.2604637720334926,0.2987623095043148,0.1760006552998229,0.25343015731085006,0.2420502468015426,0.21146052362048884,0.22016233788812323,0.2937850340356282,0.2646240258958496,0.25324862360390205,0.32105301316925894,0.2267787954197291,0.251322293583619,0.20765121533479908,0.2946270876702437,0.20549825980175052,0.2574359741638335
0.25345142835361767,0.24371616073039548,0.2331468757974166,0.28174438498444465,0.2834771240891033,0.20963752221511114,0.0,0.21049308348387646,0.20972656089458283,0.27955707930529794,0.2688833140338753,0.28630057106930035,0.24857073697491272,0.21518472143751707,0.29967438129101925,0.22930482166803115,0.229090123397326,0.24651710525139167,0.24470609390464837,0.20841057989521586,0.2569287611431066,0.26074803714700184,0.3718523298529538,0.2920728115465313,0.3039264164647948,0.2551844930090084,0.23366862626866322,0.22165779481931194,0.24063391539562257,0.2232647697664207,0.2528334169029796,0.24975026914998263,0.2480631349389963,0.2694068383228095,0.2365218135998331,0.22488944953450368,0.3042948168655611,0.20502684785640904,0.24585949389505724,0.3149841974233657,0.2408976279494203,0.2648275154551517,0.2518966496342359,0.27998438440576745,0.26259495290781937,0.2437946643402082,0.22972116827578795,0.26443497849434133,0.3999573796643036,0.21309828464330985,0.2918331466595936,0.2187702596641632,0.18192906135650316,0.26708355806705525,0.29343864154789284,0.23329770650851103,0.23076763110741866,0.24500505148668922,0.27670606292123207,0.21839295480106008,0.20001507642430272,0.17824359601019385,0.19407535318529393,0.20788817239657933,0.21243994365206986,0.19653751684885296,0.2843775526104817,0.2673828966416034,0.21526572997373988,0.228466290775975,0.25732634949453675,0.21112835647110825,0.21352625173930767,0.28628530735728663,0.18004360435892233,0.21633910871971854,0.3169312673796043,0.3028163525456117,0.20123681952354855,0.1949079191467177,0.2119105686491104,0.2613115897852718,0.2526723242349027,0.1713500737077996,0.23037207091105516,0.22263054520722203,0.22827171968772406,0.24472066275376989,0.22321822300716637,0.2180093364684339,0.2885473490895932,0.2975433881457784,0.25881783790468466,0.20937042199549155,0.2521889563560061,0.2719217570331296,0.15935483846026177,0.2598926377127745,0.19711769019244965,0.25168201019224984,0.21945596311294457,0.25396444498092524,0.27721179435875554,0.2483000699502992,0.1976680378349906,0.23739125724932642,0.20642515909006373,0.26096260926346626,0.27630008770354647,0.2969866368462357,0.3438057302997255,0.24151048845232548,0.2327992055652509,0.2039327356834603,0.20283730952306164,0.2306428124118056,0.21940438285764297,0.285818278284749,0.24669969601832523,0.19673495807935432,0.2404372566536446,0.2046836591881192,0.21795763695326734,0.3049213123338841,0.20443506872025596,0.2650885931414937,0.1964741729264522,0.2541694949255844,0.2226083281846464,0.23361452950872985,0.1859774268345842,0.1943129940497511,0.19577429880288244,0.203174915147556,0.228469270560629,0.20819686329603104,0.21405498825177788,0.2771320594454966,0.274528424145164,0.2733043560149789,0.21973529408913453,0.21751845927342303,0.27333123662990466,0.21839267878239896,0.263089566646694,0.29041335614075864,0.23791904417953338,0.2384060735697182,0.24724459309738628,0.1475044113735304,0.2538015633856109,0.22175438744653742,0.23615425763061512,0.2932001324461215,0.30781881149170714,0.2761310476018713,0.2578808864774096,0.29397870852589475,0.26529843514890344,0.2597543627753524,0.21445130354841252,0.2210264139469218,0.234497410745134,0.2791024670373305
0.2961691705025933,0.3653993211673221,0.2958208206682987,0.26854369338815076,0.214762176182167,0.3204188945657549,0.21049308348387646,0.0,0.3298878383004863,0.3237721193030345,0.25040138343185014,0.29132242630567373,0.3190585817390343,0.2313577095272247,0.27060117424655744,0.3070755109597955,0.30585774707205127,0.25357853826735505,0.2603734364062946,0.31232406292435017,0.2947660627440443,0.2682122196005714,0.22966152722442848,0.23387780474755576,0.3064805123820714,0.23659244182532654,0.24498724915243503,0.2852058083678351,0.23738785944020135,0.23766671109098492,0.36104848554904523,0.2801982619955216,0.2987041926781961,0.23965881992089044,0.27631277608837457,0.2700101071554999,0.2945628951213696,0.31495861409766035,0.26255586878934284,0.28012782708818923,0.2783369290081197,0.26430487575824835,0.2528681393339011,0.2581340396984875,0.35991212926032995,0.28679049644863625,0.22589209247386263,0.2486882857371557,0.24829686008753715,0.2774951426560468,0.2804107269572805,0.27271113980410006,0.23214484456752546,0.27225271614961255,0.25637764842684335,0.2885745680039214,0.2894660071311323,0.3370383838577562,0.2537130743908134,0.2656980888386763,0.37431676783429907,0.20529640105667935,0.27370205488998073,0.20256591931095258,0.22111905778299504,0.2439021870361718,0.2819966655795886,0.24829218095221067,0.243027815749734,0.39041100532344536,0.2926480499563156,0.2500152234237271,0.25095219835409216,0.3146937827390731,0.34699729954827246,0.21979778723103538,0.2550716170030547,0.244007741067866,0.3188568327779182,0.20770937687504168,0.250604146843517,0.29492468986745135,0.31330914463423315,0.2946266733714546,0.31785982156488846,0.4254803851584204,0.3548479785249126,0.2582788706248071,0.30203942575108816,0.28285432081691514,0.26045950350430597,0.2696579853108674,0.26736474038155883,0.23358520611175632,0.2999895421091711,0.3004847217334273,0.24558231563690452,0.2922904761164922,0.19135357773706413,0.30266195266012474,0.22629591855645034,0.27989908039329736,0.22387401453875255,0.2785694570828884,0.30515535734016824,0.3262329020735813,0.28792524391346186,0.3350873523174911,0.26748661639155635,0.2710160087156122,0.2207317617687099,0.26316335350591774,0.31697008116408437,0.2794984593613024,0.27033249449364516,0.3431983229794599,0.28928170920755386,0.22055577655300818,0.24433321989536844,0.23135205782220533,0.2577219370159995,0.3389442827048601,0.2623935255905931,0.29777528500699074,0.24915549613867302,0.28744440038377433,0.23501657775862847,0.276142405262575,0.29738723678262036,0.259307594324186,0.310376262380842,0.30686522393063437,0.2685717113213843,0.256357863786804,0.2737241540861261,0.21084862333266224,0.2515238259233047,0.26394850355585825,0.2862703954285652,0.29749678696090937,0.2413317095836419,0.23516298088835977,0.3317338001346984,0.2651252222385094,0.27966503827508704,0.2531433221590424,0.33227976121092834,0.2600560999318605,0.3613031567520152,0.17726636999588893,0.3098980593216508,0.2581280864333255,0.23689167357700652,0.2498484080582942,0.32682246192375086,0.3283082641123143,0.254789413291835,0.3272333415577713,0.23514297973167983,0.2402178854647759,0.2226800756169152,0.2927030074257181,0.2427335900611052,0.26683396929974923
0.3172292818806588,0.283162607400293,0.25787531099524574,0.22497600120323685,0.24051004371084517,0.26165440858543526,0.20972656089458283,0.3298878383004863,0.0,0.25735537266829706,0.24322067797180175,0.26354816281597054,0.2570221697334833,0.2538597144585987,0.24113986095468076,0.28135651443593973,0.2629521496520292,0.27121640770048727,0.23164916394649324,0.30247001664117734,0.2553817551298104,0.31410480452875356,0.2162963779478325,0.21851909102635084,0.27976634666095146,0.21406185303171868,0.25089413797740934,0.25229660759829925,0.22344448299774852,0.3108072536896567,0.33830227272283214,0.2534829862247758,0.24301118922618306,0.20577967656281426,0.2946652288975352,0.2404370129753891,0.25798562646537193,0.3478436455534416,0.23761149527070263,0.24034441192520373,0.23660681105538373,0.307926005433253,0.23140535777579774,0.25866344355214577,0.2773429624802671,0.24024854878788363,0.216758796018722,0.2330142532796189,0.23807429809748334,0.2602099458370796,0.23806758861453128,0.23200178357323203,0.22013651173333607,0.2401633361217434,0.2280724955295604,0.3206096066570533,0.2657932709142475,0.3025051812624512,0.22749055417844943,0.2210625664101202,0.2395953498826749,0.20642849302662947,0.23376081145732963,0.22376664932073875,0.2282886999611388,0.21734121137444476,0.2633417602639044,0.24295736070892837,0.24157231790902692,0.30820624399068686,0.29592958104280764,0.24621735612974274,0.2769510099061262,0.24526899166381094,0.3020993430876722,0.2135967800365457,0.20430754281058974,0.21761400744491377,0.2629348455434506,0.2033018344304098,0.23714575355789508,0.32733308630223146,0.31756849729732584,0.24174925758400434,0.294335178646591,0.35306052681365113,0.2826666693851083,0.263036332562812,0.24877167961364796,0.3220415353972614,0.2960504101471379,0.2928534372453058,0.2507084186132758,0.2149978198024462,0.31318119824728735,0.30412543837504274,0.22892079551408973,0.2722719232532888,0.2306953895690727,0.23088306321822483,0.23978149193603504,0.2179692163771851,0.23380484278064578,0.2514778700024964,0.2936392420456714,0.26252484334835635,0.21992071200990548,0.3087506949081511,0.2298306843213729,0.2337100752147745,0.2026359640168517,0.2911057187593457,0.27542219307298543,0.31717874604204166,0.23315608640117638,0.2911258656131218,0.252518266227941,0.2348554322672855,0.21050914496565087,0.2524777737682477,0.2742345470068603,0.26352233416192616,0.25742344418198826,0.2654434969715195,0.33317231762275196,0.2393599798621679,0.23142120302784158,0.23066849916988552,0.23680738119650924,0.25809477436861417,0.39538891811215626,0.29425831208824055,0.24295485917293164,0.2992264194605847,0.2529367406012923,0.2265763809072439,0.25409110351405517,0.2509003033441605,0.28062878808085556,0.302763898859072,0.2258312079706877,0.25399921481356663,0.2950400827486333,0.2929770009975337,0.26879320216062613,0.2572650378566611,0.3730393190285113,0.22610675985104375,0.3216129747613684,0.19095799514853082,0.2984958357081467,0.24227443437585813,0.25181865150352195,0.2524049833533813,0.28189020446278157,0.30910634400469345,0.2326826838987911,0.28224420645497955,0.24933391530203886,0.2281615761979085,0.19490460399426654,0.30026273456613134,0.26797790661067133,0.2916728706227464
0.328655586578332,0.3607798753162001,0.328529593552448,0.28090071712972703,0.2632765091900897,0.27392257389984864,0.27955707930529794,0.3237721193030345,0.25735537266829706,0.0,0.2524686917396155,0.24548951257747,0.32658597243361637,0.25784052825815307,0.2913239383572537,0.2871175634170594,0.3069914792447731,0.33670888475267907,0.256130944774915,0.27619549736041377,0.283744539492774,0.2805291205503786,0.33051322858011856,0.2560889020668973,0.4158382123467678,0.23529948128589354,0.2514864042956551,0.27940184675315194,0.3011031200476111,0.23675245262378564,0.3032051041634907,0.29136684587667605,0.24602043065777146,0.23627623956914823,0.288855606121953,0.23888353539361445,0.3323120709744532,0.2618250104879154,0.2086461597473141,0.3217717137417913,0.23731496935973578,0.2982066802820537,0.27676394027365386,0.2532429495870687,0.3020130670526367,0.2848891082514746,0.24637762695449905,0.26507164358824237,0.34879698603564263,0.24199928039765994,0.2920751905083439,0.25190670967397016,0.21802183740159667,0.2741839684797444,0.26769395329421963,0.2998675746280923,0.27177437469903565,0.2505755422269837,0.31340754088762446,0.2610865245799907,0.2852941647848347,0.20042936685691748,0.2339040121569488,0.20352476699969724,0.23687135482942165,0.2449790855174879,0.2659208896316315,0.29356737107031855,0.2778141573493854,0.3412582090705988,0.27993972511139253,0.28798543390407755,0.22369385532931083,0.33731872728176543,0.25862041803716507,0.2488846361675955,0.24184908711655237,0.3026363374031517,0.24102793727900163,0.22975298044403494,0.26432992874532135,0.2850598959095194,0.35129142926739954,0.2541140722814928,0.27675275503577684,0.3090673143531429,0.2742501223855227,0.2796398781488525,0.3057506461142204,0.2305731623609608,0.2728101829240807,0.2642758890015183,0.28333575208054307,0.21874481585699168,0.3018382125472399,0.2966280245341566,0.18222217061898158,0.2809347945059316,0.20363971043931242,0.30351747490367265,0.23643163558217398,0.2564694082944916,0.2398755194929036,0.3141086177014539,0.2520481170595559,0.28976184891761786,0.2594657065310982,0.386884276799437,0.2938428703048517,0.31707844502433846,0.24321541589647375,0.24687151392366008,0.28892694894752113,0.25793011881284916,0.2487863355494043,0.31684104578574085,0.28730209547153956,0.29182438537069755,0.26448433328410437,0.24049869792362066,0.24314025641978826,0.24667034441034014,0.24528358418457627,0.3257061024674075,0.23529461098611518,0.30538607003735485,0.22455181029520457,0.23760842416133657,0.29128629233922,0.2839392624893082,0.2921548345814828,0.25235499342837703,0.23607775121275645,0.21402321247744055,0.24030301650321434,0.22229935298908776,0.25811014488002465,0.2982823542169906,0.323883547697381,0.293657956786004,0.2559416691186916,0.25719363528502687,0.3330365530098176,0.23115934350779369,0.2690532155248468,0.26805125069738633,0.2427330909736841,0.3082745837068803,0.4320589171529772,0.166550164658531,0.2532576345773343,0.28580991395096383,0.23405617854596983,0.28386226520573127,0.30531939189436424,0.30917280382029455,0.2510068975955824,0.35479571954549644,0.2690781691850838,0.27491340878946885,0.3006822342254855,0.3099866121319968,0.2599669142871199,0.26805756134999686
0.30112377579353145,0.2573775179630371,0.28994811987465274,0.30907850566193473,0.2984132367467589,0.25356180844844944,0.2688833140338753,0.25040138343185014,0.24322067797180175,0.2524686917396155,0.0,0.3183007059677957,0.2893924833304189,0.2178081655647658,0.2618727142008902,0.3370805973506965,0.323712543249542,0.2729705220518322,0.2621955208440031,0.2643790704080993,0.30982521764795506,0.32152309540036117,0.2781713538277846,0.28360220512818096,0.3029284179253654,0.27765413998293476,0.2693252475629847,0.30199826783861333,0.2714344861721107,0.24945289767287337,0.24830674473178818,0.2632491353799855,0.24619602896555343,0.24426995413290103,0.26163918205717235,0.253614433207113,0.32465688805837567,0.26824935995323373,0.31298984111848394,0.29614081864197817,0.2413009654702867,0.2983374913809447,0.2543315525127143,0.30175311046642506,0.25627457379913615,0.2456257129786006,0.17706795151130306,0.3509046505604785,0.30589510799161795,0.23828370080470437,0.3128578624712548,0.24115334872212627,0.19980060607582661,0.3042948136023869,0.32318786719157155,0.21047966665250809,0.30154178465410114,0.35374651369128274,0.2465227702222633,0.245415677324855,0.2769815046527586,0.1713821548632645,0.26369438286174596,0.2033685165876329,0.20000214827328347,0.22438303911832716,0.28904302133925414,0.23113361326465307,0.24709654333288242,0.28624721654150287,0.273631291742169,0.2094325938409919,0.2603855612646065,0.329445438640425,0.27379320322666045,0.20530098340079306,0.33628285269336666,0.28481625323900595,0.2258090593363626,0.2071449314427811,0.2321954085386159,0.2558665803713363,0.2550937958966529,0.22651382159991512,0.2608399559907559,0.2531713383271863,0.2897321656778637,0.22866203957707198,0.22239788153944462,0.23282816741345827,0.3544936724009609,0.21315045337063537,0.3079029278684959,0.23509865175406675,0.27102813375953144,0.2526676417269714,0.18309017493193389,0.2125656198550404,0.1870822031772661,0.22807242520921817,0.23717276371679594,0.26711545475129517,0.23144249927437058,0.211094457287942,0.23848505178904728,0.23392893872581672,0.23225619819221557,0.2903691903648054,0.23325212805917656,0.30540097684084655,0.34692496149659124,0.26333436155914824,0.26168648036127934,0.27645815564150794,0.23632971359556706,0.27865768058995316,0.23387927821214033,0.27189962916097704,0.2643654633248102,0.22544443839726927,0.2842439367170161,0.21987662778612638,0.25089381189027626,0.31602076755435843,0.22292169222188504,0.2847562759613057,0.19092238367718165,0.25229338574719745,0.2532686220779829,0.2261025328912543,0.20435077556373862,0.28664373900034373,0.2569654115919313,0.2647284529693123,0.31032956974577036,0.21154914265400013,0.21754545094534197,0.24704333120451258,0.29346080660520457,0.2833560733880773,0.2300440546570982,0.2453454007160642,0.25116734079286857,0.2595308607603545,0.3252905554980818,0.2215131337414364,0.2584869125566006,0.22990762474405033,0.2572990910229583,0.18272282291517503,0.34259757666718016,0.22221477503721804,0.3605997210664821,0.21851619751740603,0.2777346414366311,0.28805507442917805,0.2842935545945195,0.2883446520472516,0.2550351600077368,0.2451563491973342,0.19863409808056043,0.248492361916868,0.21522648115180334,0.4217816768105413
0.25912019872053754,0.29964288041892295,0.24661430622379438,0.2829976339418787,0.23497327246877814,0.2960707003168352,0.28630057106930035,0.29132242630567373,0.26354816281597054,0.24548951257747,0.3183007059677957,0.0,0.24093232352888297,0.1749113008090108,0.25719651052319087,0.27325516466720506,0.2687176454844491,0.2079250664127423,0.30172155849083665,0.2607669511322744,0.3013612809914597,0.2587490503800996,0.2568663220035379,0.2844201555654264,0.31235517173167415,0.24380285978128893,0.24498745931526306,0.24043641528664975,0.24021434680126216,0.26948816879106113,0.30380568081517945,0.2562924645367008,0.26816174410463156,0.2862545110924254,0.22938308638317714,0.24313172262081234,0.29592409957824034,0.24445729213843703,0.3570957248448458,0.26517003672271044,0.2732231670502663,0.27309913031033434,0.2327011722333148,0.293998367220277,0.26531703835822174,0.2527265858070779,0.21614943892736607,0.272041933031187,0.2603117405439449,0.23765475180550918,0.30060168343982174,0.2683034786854964,0.19718054125897444,0.30418553996075354,0.300697714315315,0.24519315710933753,0.2943041098253174,0.3606836518124196,0.2024973495121724,0.24066403448255544,0.2427078456828089,0.17357782597942364,0.2352928192003339,0.18634957846998865,0.1983338895594234,0.21401835962147156,0.24964824893515175,0.21222208731978956,0.18207406969749296,0.23771290281948879,0.24647839494137563,0.19468676367467314,0.21977198783111873,0.2708979127247158,0.24823591059794983,0.20525582361414843,0.2713948019262931,0.2920375988681406,0.23309948093573377,0.20548226060146252,0.21824251557816865,0.2692346350814527,0.28136916961740444,0.19682071643337765,0.2656714250558303,0.2858429241373316,0.2527744345857164,0.22040498925079158,0.24993338706265275,0.28124134543489804,0.27531623437380737,0.26412093902503314,0.2666889911665002,0.24371347135754817,0.23467772377166446,0.32520897174410907,0.1922259047154903,0.2699070104975991,0.18065067275737795,0.23451706643951437,0.21288145159397928,0.24089819836582893,0.23854817321388264,0.2571077054122252,0.2206825004777284,0.256076299631514,0.25190162423137585,0.26988090289223904,0.23581496044398836,0.32313791978842205,0.3783376217874212,0.2673536985602965,0.23914650901852452,0.25889997323765546,0.22137607027360306,0.2864047638302887,0.24335970129256085,0.24680383154610885,0.25465340996099717,0.20161205763273699,0.24253727713774048,0.23507130628248263,0.23923168482922919,0.3052305310655014,0.20519555901056927,0.31804548286930107,0.19645352614476216,0.2805379791242449,0.2560108935590189,0.20961789417733112,0.22140167586564855,0.25061485227659036,0.2203059556489033,0.274288258291599,0.2636428944563308,0.18832898476099832,0.26300113126256597,0.2395071165306961,0.24397078212929318,0.2922270196021226,0.200492087018086,0.21725580316503712,0.2843226817281826,0.2507274691902416,0.2965920164572467,0.2774376442646472,0.36645173717766805,0.23087290669139426,0.2773931789431969,0.17421835735162805,0.3072026780268242,0.2328415960835898,0.2646127495875809,0.23597698468553804,0.3474964837890042,0.25442451673863736,0.2569549816316474,0.3235073147872964,0.22704181854713595,0.2310215206654508,0.17232689236677273,0.23892315997657343,0.21667931082182057,0.30808175440109226
