0,1,2,3,4,5,6,7,8,9,10,11,12,13,14,15,16,17,18,19,20,21,22,23,24,25,26,27,28,29,30,31,32,33,34,35,36,37,38,39,40,41,42,43,44,45,46,47,48,49,50,51,52,53,54,55,56,57,58,59,60,61,62,63,64,65,66,67,68,69,70,71,72,73,74,75,76,77,78,79,80,81,82,83,84,85,86,87,88,89,90,91,92,93,94,95,96,97,98,99,100,101,102,103,104,105,106,107,108,109,110,111,112,113,114,115,116,117,118,119,120,121,122,123,124,125,126,127,128,129,130,131,132,133,134,135,136,137,138,139,140,141,142,143,144,145,146,147,148,149,150,151,152,153,154,155,156,157,158,159,160,161,162,163
0.0,0.8020194974118192,0.7325561146884488,0.7900101646096465,0.8655106001771274,0.7404689137561619,0.8735055429413306,0.7951346210632431,0.9059062293525109,0.6588267045201607,0.8214835041865947,0.7992577963829546,0.8351773611236747,0.8272489225894127,0.8746542310223312,0.7762945117076822,0.8022376073569515,0.9692121961891978,0.8101065185364177,0.922511821952142,0.8199094825254233,0.8468935844692316,0.8906070574523888,0.8768771514421465,0.7999764837851294,0.7823256037406873,0.8061719923416502,0.7908103816074481,0.6530055875019797,0.8582613373384086,0.8513048569936519,0.7769255889297023,0.8239854147840292,0.7979627202316163,0.9161886307178029,0.7887597633423902,0.8707445842180833,0.8762158647254505,0.7729775737478146,0.8806576091181434,0.8250657210446322,0.8673600796495993,0.8460776768806462,0.8170140077141728,0.8518343491883438,0.8814364668873017,0.8487754352736241,0.7656030349158367,0.9081935174824681,0.8920374859253677,0.8578170661459849,0.8396226373994959,0.7999194739129981,0.7501183189584801,0.7087513143407728,0.793050574594484,0.9065526156135701,0.8231041787734246,0.8114185582226968,0.9019419214295291,0.7027438376324674,0.7770345260725497,0.8201841143620883,0.7867179152173968,0.834022306617867,0.7911299981415403,0.8366000881978222,0.8287826979127644,0.7917203097222096,0.8542224282537225,0.918566127814279,0.8212188377589077,0.7939351563549394,0.8298456307671442,0.7753291252534,0.8818455795684322,0.7552470979887212,0.7620974513997228,0.8145747485477742,0.6135982796376562,0.7098960754217729,0.8936654725105738,0.8185121921565532,0.7479715184237363,0.8268810849021193,0.9269705444154038,0.8562253865555421,0.8636953398948793,0.8064327096751247,0.8090336838304613,0.9262153354062195,0.8712392816355053,0.8030660433964356,0.841379055408069,0.8445111611578316,0.7498322445171968,0.7018012725718545,0.8038499470850493,0.814785620836273,0.8048061148367526,0.7449789871692872,0.7184297471864617,0.7967456591250964,0.7199028197210934,0.8838760472128615,0.8304657810746602,0.6979339419954808,0.788563810284981,0.8590249817763319,0.810533391762662,0.8171072661898119,0.8847367475640683,0.8139170525629903,0.7436894050865858,0.8659124253597261,0.8590502902797188,0.8454303655812269,0.7674584443195509,0.6939794404017984,0.7967186682962447,0.8801677494325654,0.7897012781910328,0.8782259134726959,0.8526915691613133,0.8201030057696411,0.7010829544928929,0.7381817533193362,0.8219634244374872,0.6954779038053158,0.8444742265648452,0.7854174169384959,0.7576462925171571,0.8335978802208286,0.8759741671287785,0.7948954254057207,0.7879395443174422,0.855924739225681,0.8908105115845549,0.8212584973478937,0.8769537167448408,0.7192775471391775,0.7724506585619577,0.8834430594982492,0.7630714966221699,0.8031496773425639,0.9057049979436942,0.9066932649562564,0.6740282306859944,0.7493985677508747,0.6675624261536733,0.9064334248708434,0.7430513583851971,0.8679825518005498,0.7892009222358414,0.7912833546826713,0.8933208206752475,0.8945786296895104,0.7609812566518737,0.8107983449828812,0.7503057497584745,0.654977102848197,0.9381415227621218,0.8543823397647781,0.95244704291585
0.8020194974118192,0.0,0.9261601424866265,0.8462887311870896,0.7775613696467305,0.9228450867973464,0.8806517708802102,0.9380805558549897,0.7882812065400703,0.8907790731474982,0.8930443912962327,0.96739311702998,0.8972948010516058,0.7844387248145474,0.8693026571793123,0.8608636335962276,0.830177562542079,0.7966589030716494,0.9113831298864218,0.858220084132826,0.8810561151512427,0.959237110214556,0.8231458452345897,0.8873470464774216,0.9312249299611797,0.6651238493168358,0.7995407590443327,0.7907337623006314,0.8546734138690789,0.8100364671382895,0.8850717696929492,0.9153873789751159,0.9196759426262344,0.7940106708023257,0.7924171596253333,0.876957278368013,0.8652426077872417,0.8139214391193974,0.8867378148412873,0.8440568861642419,0.8757722332794059,0.8722252393676448,0.7915837047097141,0.8172585983820584,0.912018762252485,0.8195887624898667,0.8021371936988485,0.8385015025014902,0.8737095272755169,0.8108163577023803,0.8194054888659951,0.7527214484845586,0.7844448765367353,0.899938658933995,0.8563094946083225,0.8186008375134574,0.7898554418169756,0.9002204909688433,0.8578309126464756,0.8730025345698544,0.8942057251587461,0.7159307821214292,0.7651376820871579,0.7857527262606131,0.7158474070891914,0.7287284281765625,0.8479936972375063,0.7945596677245812,0.7759243758057487,0.8910900252132533,0.7924223891309549,0.696107255058387,0.679404199524017,0.8821218978892659,0.8731002801687101,0.7801506977176854,0.8395352353396653,0.8126281513504551,0.7025222414946457,0.585635343287823,0.8444406384711511,0.7824898468151984,0.8717340432862318,0.8101693179949965,0.6941467210564098,0.8994127720680011,0.8860630167007705,0.7342048007275985,0.838325575003752,0.8123966354746932,0.7505806746875402,0.8724841279655164,0.8602016204990908,0.7472881542311601,0.731080484785261,0.90823810212163,0.7986546916266434,0.8781596505060797,0.6469319864240541,0.8026206996239326,0.7646871793607585,0.8704987729246854,0.6759687712977177,0.8839420353662203,0.7593059600722186,0.7824101219135259,0.8130124295160882,0.8480194233994496,0.8757632127204806,0.9480821480100443,0.8878697800379798,0.689347539975356,0.8126492490402077,0.7925128322058538,0.7008862846500437,0.774781335158248,0.8507297354814367,0.8730073465282595,0.8231437956160643,0.6846772960688038,0.7159680334712858,0.7481355504463949,0.7519371843599683,0.861504098067288,0.6719345134503363,0.8998835550402132,0.6945806117086373,0.9161715974935823,0.867125487274128,0.7944214274555754,0.8325689041064515,0.8377200874228591,0.7048951529588677,0.7455819487788484,0.8950555401515118,0.7223500270974526,0.8422200647084622,0.7663164823788774,0.8702456058474843,0.8929201066144921,0.8298915131608026,0.8762986873136468,0.861359211519415,0.8434016503627437,0.865849182310797,0.7419536237720511,0.8898855300149593,0.872233351895284,0.9072442409763347,0.7717669351249615,0.7621659753620085,0.8720668359463947,0.8674755825581983,0.9243450843736024,0.9283912178457824,0.9040841561474073,0.9098643102799505,0.845624721466662,0.7336867412336863,0.6520439050497726,0.8264665531227118,0.7639270256432901,0.9520015435889667,0.7577522550389248
0.7325561146884488,0.9261601424866265,0.0,0.8108258985450365,0.786867492531752,0.9600251777323301,0.8144082067929022,0.8928317628611293,0.6791677078725008,0.9183848549034056,0.9311343971688625,0.9406671823359867,0.9234743947916209,0.7406490004081108,0.7711789390760437,0.9554033344211348,0.8980130880731457,0.7492349675345549,0.8739403372953882,0.7877410691974787,0.9010509320560125,0.9228041226325466,0.7873515327860083,0.8334361172465659,0.9101211900751939,0.7001563876303519,0.7665346210610975,0.7984152540705151,0.9028675076940514,0.8050597722581613,0.7706285011430549,0.9661006462190145,0.845464690677043,0.7666692620566956,0.7054396476376933,0.8524240555404112,0.8466083811546143,0.8063429763490608,0.8365487426687559,0.82159402367767,0.8408002865035372,0.8455273500388272,0.8015847251018009,0.802234632746308,0.8486352664424149,0.7824570115631374,0.8029126039519087,0.8745129759937472,0.8366172813291108,0.7772782192235387,0.8119128734276084,0.7608728302521628,0.7265531297589135,0.8831852504624683,0.8793417820397116,0.7540375639011876,0.7568069145446333,0.9517343352392836,0.8103257834180074,0.8163593763250148,0.8924544820104459,0.7418534093962185,0.8108037082763253,0.7631386938695376,0.6464677747823567,0.7096242435738329,0.7608110600743743,0.7834862117610512,0.8113731555789715,0.8723495956945528,0.7388148478790146,0.6412579776938728,0.6661377857260851,0.9025102705403907,0.9022649574591702,0.7006005443156186,0.905963126771387,0.8655155737039143,0.6837484888744495,0.6574049041349888,0.9449766121503177,0.6825807235639919,0.8386035143362994,0.8669608865295727,0.6952647519912509,0.8279444838567763,0.8612215010156378,0.6828395380678229,0.8001582824400916,0.704398239020161,0.7559257673745788,0.7387364481455809,0.8708951516834099,0.694444904477236,0.6860125733563837,0.869336651850535,0.7421563023566735,0.8292366186112426,0.595440246896934,0.748847467912114,0.7013119542983685,0.9159600086827332,0.6454566944050144,0.8599404329315323,0.7143554810715553,0.8057791202601291,0.8706615113615374,0.859855936119447,0.8555591967431276,0.9256978481112939,0.8754706153911208,0.6588785130094867,0.8085379219180092,0.8131482132045829,0.6865657714675024,0.7608345466061507,0.8261031623851145,0.8778829931127193,0.9157730592285453,0.6570921781023606,0.6935785429456408,0.750083770664506,0.7320193257249329,0.8384720606062955,0.595948243332691,0.9221030401105437,0.6926499605150264,0.8885327308171772,0.9163589995159291,0.7496399337280817,0.7927341234256043,0.9178413197384861,0.6777506513075724,0.6591353654619589,0.8335702239955608,0.6757802606988434,0.8063866651486206,0.7026262434743521,0.8392951489241697,0.8261871719230289,0.7775842186306989,0.9211068584665613,0.7583949110796897,0.812226485469455,0.8676216637216063,0.6940356092491058,0.8083064470241127,0.9324966303742612,0.9100013826185769,0.8541654139014295,0.6738921816434836,0.8471265172294853,0.8271445899387643,0.9049282035450874,0.9263144666240644,0.8006006675952534,0.8603313778657606,0.872102983988214,0.6504750871542864,0.7138872706300675,0.8958882460528848,0.6861184087536181,0.8667920882842556,0.7118182816505438
0.7900101646096465,0.8462887311870896,0.8108258985450365,0.0,0.7375262004103392,0.8303622312122122,0.8053411373372874,0.8236265332775778,0.7059522502332256,0.7086822400283229,0.8477991361784707,0.8158972755066626,0.8344504877477184,0.7845345948011855,0.7912443140026063,0.7791771203515714,0.8527927744127466,0.7924731339093082,0.8803910939605918,0.8150969045886484,0.8864282111647599,0.8589890544716341,0.7625835722195229,0.8476521751382912,0.7677019767265406,0.7180553791450748,0.7265142856150741,0.8359662450371582,0.7121208732711459,0.6910014990202321,0.7401187851126214,0.8072606614250495,0.9138147787858643,0.7863558552389825,0.7663948734776767,0.8362297682452127,0.7497462937306046,0.7758694902446287,0.8004933539487741,0.8881723666446983,0.8790617698321983,0.7991397687483739,0.7425282537129722,0.7822472798705393,0.827703884925976,0.8214284571563547,0.7035326879416653,0.7576888594067498,0.7967446189709503,0.8415252694255579,0.8889776657568352,0.8560295272230849,0.8784662684158593,0.908775887729044,0.7831898621660459,0.6947326338355363,0.8628668684683017,0.8244526235366844,0.8474647213318796,0.908986931736983,0.9032198592456117,0.7612882326597589,0.8629102230650353,0.736592348047836,0.7749509627472966,0.8473138408487658,0.8821666730445025,0.6999762988029242,0.7270091735189743,0.793244860464846,0.793751835319491,0.6798849722701584,0.8199547091619045,0.928301255116892,0.8691196534389021,0.696442125038955,0.863863622551115,0.7157051758991579,0.7338062286824966,0.5939604793813269,0.802356646407515,0.8273072815660736,0.7209502882140009,0.7866599128518804,0.8235175197673751,0.8304241963709736,0.8079256175799311,0.7240524350789904,0.7534190320637042,0.7076298068171496,0.7889050026471652,0.7874388054156394,0.7991387887785205,0.8534768990517446,0.8580887786613712,0.7138112592508251,0.8356289647470379,0.7861690101562201,0.6605196297501121,0.8647298122894882,0.6888916368055122,0.803092174946865,0.7385724742146135,0.7168770868916067,0.8302444042650846,0.7621219686114579,0.8543396782415305,0.7559246093198946,0.8355649706927398,0.8253675739780058,0.898241782976663,0.7596251480292368,0.9272863519056237,0.7354084960616304,0.8007204713304555,0.8015348507936108,0.8245696329919328,0.725078252762389,0.8441747687390121,0.6909634259177911,0.7310724686140793,0.7764681593717864,0.8015087587475964,0.8058603278883562,0.6682651240128741,0.7465684431747093,0.8344374399687133,0.7810629181178682,0.7967901437490646,0.7334825038631846,0.6900445213077784,0.8394019972951801,0.7386680194525268,0.8136988922394978,0.8306595001756916,0.6950279935018434,0.6979503836354713,0.7476299763490305,0.7892488823117394,0.7723403467807476,0.764599626489634,0.7676998184794426,0.8942189710361422,0.8370894644357407,0.7604435887432929,0.7049976281651096,0.7951234589130098,0.7362462450530025,0.7339630613422358,0.7172268201599988,0.7938158499942066,0.7677932968880868,0.8940433615052341,0.7614150133343228,0.811667198418773,0.7942423666546464,0.8820197210311265,0.7570323787577212,0.7752212732585093,0.7535114509339805,0.7335076126710776,0.7341833308298855,0.7749486433806585,0.7973596911464772
0.8655106001771274,0.7775613696467305,0.786867492531752,0.7375262004103392,0.0,0.7669783176933446,0.8902749746685722,0.712634524523142,0.7622818107528399,0.6747258893031227,0.8731438365886792,0.8009003586037043,0.8078486536397113,0.766183236113468,0.8697610428971676,0.8321157797703981,0.7937923509681862,0.8469533059931923,0.762540125907687,0.7911279729905047,0.8386315864504447,0.8669143547949265,0.7767449870136374,0.8649632500178124,0.7630359613152573,0.820600373206097,0.7073134238064241,0.6775710715968106,0.7305218267052753,0.8554554150224748,0.7963994745603475,0.7947601091880343,0.8257089069611684,0.6864125609509936,0.8096850460679407,0.7902414191912094,0.885024424246591,0.8501577652874063,0.8238412282839914,0.8426808508208367,0.8469162894021527,0.8021793927196432,0.8843004763989001,0.9075645874840399,0.7533824309718431,0.7931803961788969,0.8839133572911506,0.8775795850238945,0.8704407679965575,0.8602173719203091,0.8858517385453193,0.8158438326926127,0.7590853896029974,0.7761171198519947,0.7746402466385991,0.7223251447384171,0.8350921231152809,0.8560611383626454,0.7542903369003996,0.8124926010030633,0.6793357197996587,0.8359007793659351,0.8471614848838428,0.7476778409075594,0.7785318936538681,0.7160270147177477,0.7333957573029836,0.9024528566690092,0.7619594287756895,0.7872221569938427,0.9169560567416003,0.7685011085460753,0.6757014856862127,0.8148301187267619,0.7321675980240073,0.7883246805963068,0.8189542576447018,0.9055167891591396,0.7272400349709947,0.7689986120884668,0.8133844404154931,0.7839985212045887,0.860450139037628,0.7251096657305725,0.7389977424671352,0.8081222360965893,0.7804706918776098,0.7898178481502109,0.6873445412332354,0.7149282898917034,0.9350771895148003,0.7706764291125642,0.8859218412382053,0.7618404469108029,0.7841647698767644,0.7906527001697685,0.6711227831981764,0.7019393977665247,0.7650213373515168,0.673558063236797,0.7676838415819697,0.7388675595970166,0.7092343122376542,0.7129049535015753,0.7752102502416213,0.7967957621405068,0.6966737821773952,0.7104610167365212,0.8643654593862782,0.8156978722186955,0.8269172240109114,0.8139719231978209,0.7449334665864109,0.6877531979227317,0.7911954863047138,0.7748340101676311,0.7339392424599668,0.8102359678092788,0.7287807987528251,0.6866972984093593,0.9372389099138039,0.758743813665099,0.7630265810022888,0.9129217275466507,0.7671224859010889,0.7707549086876603,0.6712058278184632,0.8501629278841657,0.7039377969007415,0.8604392026111266,0.6998824112327561,0.8078419080695022,0.740291532421052,0.7838615541576799,0.7774529186563169,0.8538696784640842,0.8383716262565952,0.8670399148449998,0.7540813679785663,0.8700730424303212,0.7311895907775496,0.8361056870316811,0.7689348966902921,0.754392968458373,0.8770667488202017,0.7764401351721127,0.8973399189704864,0.7645298958124844,0.7353478645822373,0.6778643873595994,0.7786493699704692,0.786133285364052,0.8048954393553142,0.7961862649449039,0.7821196505003539,0.8212501996274418,0.8403680283509783,0.7937061288003185,0.7657860843679153,0.805500126024601,0.701423279553782,0.8291667218804597,0.8090364990678233,0.9094874294103108
0.7404689137561619,0.9228450867973464,0.9600251777323301,0.8303622312122122,0.7669783176933446,0.0,0.8142375447966471,0.9111614663042404,0.7089214093015661,0.868840994201592,0.8767549298893299,0.9379850913779877,0.9136995138646961,0.6982998909100677,0.75827307169037,0.9117327683268589,0.8804343137466755,0.726879315116123,0.8742692265883331,0.7697649418242233,0.9002960662012316,0.9000205995499225,0.7693290511719594,0.8359850293146172,0.8794381930415179,0.688287927806304,0.7420687680112563,0.795000264353875,0.8164481793328309,0.8190433359932565,0.7624194305804752,0.9337724368260499,0.8449715570195073,0.7770311029105503,0.6802921589388745,0.7986422265102436,0.8267239245914935,0.7516548080273749,0.8073203070029094,0.8097893335164141,0.8118486163316659,0.8917047612163379,0.7514490767474507,0.7689938643285306,0.8356173426166644,0.7958798972612664,0.806668866075399,0.8101589166443386,0.793092405770041,0.7510277025923474,0.8130127303349987,0.7910239655705364,0.7328415831094031,0.8679425043082343,0.805666435929195,0.8147020404071738,0.7604988230851317,0.9460574542000085,0.7574352110058953,0.8141777601693805,0.8957350613961568,0.7441078447976741,0.8032758787757028,0.6944322110171894,0.6458544871248094,0.7199457639097732,0.7799287255979317,0.7830517671105766,0.7372295603672573,0.8558478511895876,0.7517920065544834,0.5965378367488182,0.6711968720343042,0.9047600688869195,0.8961180379421914,0.6924606367100182,0.8961465764368595,0.8380554999562878,0.6723523894729355,0.6691609800437363,0.9368462799660149,0.7178104623566443,0.8595143855868533,0.8110845983459026,0.700492263482103,0.8399713840059547,0.8621553927203651,0.6503069333590431,0.8155400693010726,0.7593690320293626,0.7493978579772537,0.766252449686245,0.8076535820582841,0.7111650247239052,0.6871022167939874,0.8413923141458044,0.75021677783199,0.8460091995155777,0.5775979495685306,0.7884252767440564,0.6497039683425969,0.877097159545302,0.6303878805905795,0.8107336689029897,0.6996829149988778,0.8184176933573589,0.8616971519357522,0.8499149333996383,0.8320645117663988,0.9295471826299316,0.8784920792891309,0.6408305273893321,0.8459970412107611,0.7847903410862832,0.6729556252397599,0.8048351122775116,0.8301049107709023,0.7992622873253196,0.8760610407088258,0.6672695456834898,0.6720499640408353,0.7542421716358076,0.7371497818768872,0.8588210772612114,0.5815051777214526,0.8634800477792347,0.733555106357979,0.8893810431598564,0.8554891887764,0.6913320849764314,0.8211044195747383,0.9299294927830138,0.6622219977267008,0.6826075956194068,0.7993558047713826,0.6407058415543592,0.7898472993948735,0.6701266245194063,0.7734905361566372,0.7993919061409849,0.7237429149715225,0.8592396817673094,0.8000053657187252,0.7783811885460442,0.8059836495292766,0.6932849679811006,0.8337572711325473,0.9157045607652816,0.8523173721154494,0.8004522958478663,0.6768678058985943,0.7893237950505504,0.8140883770432318,0.8940737573293933,0.9172225375823255,0.8050951144906994,0.8713895003483668,0.9098640168362641,0.6247530215748771,0.711517695961779,0.8193579281630791,0.6780653124885921,0.8654136294972469,0.7218178823555899
0.8735055429413306,0.8806517708802102,0.8144082067929022,0.8053411373372874,0.8902749746685722,0.8142375447966471,0.0,0.8107971653921392,0.8139412750004478,0.7585073799010791,0.8416183792457562,0.8749752409042704,0.8600301443675864,0.7878416647110933,0.9438608406591034,0.8059658991217529,0.7660458589431248,0.8439516725079815,0.7985968834217745,0.8182392670836514,0.836640736213615,0.9002923147795807,0.8428332901364453,0.91911570612109,0.8481246601117047,0.7797495818880376,0.7669272322706695,0.6991419664525667,0.7550523818739767,0.8368985365271767,0.8945818381104113,0.8344246636294005,0.9208173663460094,0.7627220329754536,0.8288791506768398,0.8171555299494294,0.9386444172663595,0.7974221064453946,0.850338198866966,0.8922582489150603,0.859553764649582,0.8412567615764113,0.848494083392563,0.8829548192769354,0.8647816583634652,0.8589318372074009,0.9042000714516795,0.8495251405136138,0.9175917459410771,0.8287593739777214,0.8750081144825643,0.787280394663135,0.7537870458453424,0.8195335819510803,0.7942509012852419,0.8288613056230095,0.8042053863628901,0.8386704575140931,0.8214650017037586,0.853979925371686,0.7454986255170757,0.7822450214022325,0.7693659554645802,0.7455187563562727,0.7703500297998159,0.7299089251380939,0.8747507557538435,0.9353274122428508,0.7430131545903284,0.8296668026862667,0.9143163558818774,0.7582461868772343,0.6658001712509427,0.8498530905376664,0.7347408498625411,0.8805512419136601,0.8337347689224179,0.8897324236211672,0.7300930425894628,0.6643550284082906,0.7899912718102584,0.8306672509743717,0.9144703517123843,0.7188121417807747,0.7013485101733885,0.8672912437368017,0.8359640038445194,0.8192730244124835,0.7931976481500858,0.8393590236352584,0.8458154675411811,0.9088859079206724,0.8512249630344765,0.7622884934333223,0.7661069973587185,0.8832619558750182,0.7063694873539884,0.8060731388708953,0.7202472241802627,0.7907710138356684,0.7964071398305373,0.7881639721634279,0.7516605099301641,0.7963327230089449,0.7595587084463061,0.8133785021964537,0.7199492266130384,0.759823416920425,0.9313321894481816,0.8984698011789926,0.8691321096092581,0.7560982482697683,0.7985532221334438,0.6882104980944158,0.7569395015395505,0.7887509359701633,0.7817575847676029,0.8278564272088245,0.7343910644058919,0.697467182405238,0.8254255986222557,0.778762726066018,0.7562488147044536,0.9475441368089333,0.7333796601745723,0.8281041053604574,0.6852122455944131,0.9297262912382943,0.7422447472754452,0.8773606863517892,0.7606406763838911,0.7642337967011885,0.7215364248903344,0.7688674012002319,0.8219178393443466,0.8003315241909825,0.8729501754666925,0.8823757262804349,0.8121379512184451,0.9035938260483501,0.8042646147136785,0.8166344138695739,0.8560627061451879,0.7622020993032679,0.8793419307090939,0.8415312161112968,0.932843217022235,0.820544658433645,0.7956002271233814,0.6425226716460385,0.8061465792000873,0.799688708542606,0.7981501737234287,0.9079569706892177,0.8540924237854768,0.9325055090913584,0.8956855860173166,0.8528935796531523,0.8103833699447899,0.7312601367500607,0.771377865974193,0.8202512746582528,0.916327761235498,0.8438067612462712
0.7951346210632431,0.9380805558549897,0.8928317628611293,0.8236265332775778,0.712634524523142,0.9111614663042404,0.8107971653921392,0.0,0.7856585245220216,0.8754729348297347,0.8411747319463593,0.9325190294998238,0.9279115358489903,0.7414717273845157,0.7893657428813422,0.8621113401922922,0.8383109448957217,0.793649124890223,0.8755025338009391,0.8479787741046924,0.8408730799891724,0.8801780467935617,0.8569533766039639,0.8379935134603531,0.9350393639972626,0.6757824986968142,0.8454210971500068,0.8490401669387575,0.7813110145741466,0.8220262491329319,0.8343133217137759,0.8993327303473118,0.8467624173456312,0.8464338917854535,0.7450231495616003,0.8057105160577783,0.8559274525031394,0.7905149688369641,0.7893474873127501,0.8223221776870023,0.799513650765911,0.8830390324758921,0.7612794342852296,0.7346475488321094,0.9353669397287737,0.8450132583429486,0.7897180291047591,0.7674265356198294,0.8379194506841015,0.755705712684698,0.765463447316855,0.7493968469477044,0.7115947154393273,0.8175715175545344,0.7778058094419734,0.8491228766528791,0.7649897852783742,0.8955125452110836,0.7947310015259914,0.8453826951578708,0.8831897441885179,0.6843151792758815,0.7491464093096513,0.7371967962049022,0.6546617034630452,0.7279819956154615,0.8416850837255533,0.766159238350806,0.781961567036902,0.9343982658490988,0.7474061947614868,0.6504537500064874,0.687418041539276,0.8694245191429201,0.8852186875778674,0.7698711843765491,0.8146638063012143,0.7664202100097076,0.738409908847064,0.5679078543783653,0.8053412794377088,0.7429521952548841,0.8437782312762806,0.8492291346866545,0.7013844070556847,0.921493132354517,0.9364491949847481,0.7039334917906716,0.9291805581017994,0.8278036788069144,0.7300728776580822,0.8211023600398908,0.7726461314779912,0.7142197791332154,0.6806249282771037,0.8553518380401184,0.7413682651021298,0.9209541631333542,0.5982202306851541,0.8518897395532946,0.6847037104389316,0.8691505914873427,0.6777385423773912,0.861341453228856,0.7403503804414667,0.8281300537494883,0.8135643868805726,0.9138366902605619,0.840055084665115,0.9096664251837479,0.8308769106563773,0.663257239896476,0.822976169956513,0.8308148033387672,0.7057631927621002,0.815621727426348,0.881501190631128,0.8097683904215282,0.8000682475605473,0.720653123184528,0.6572778651414298,0.802506579767705,0.7657472174405138,0.8152335013006153,0.6100120844835135,0.8417798433961126,0.6976409542331166,0.8912355853243743,0.8461376084599426,0.7357440423583148,0.8863231145012537,0.8229761698545628,0.739721912996062,0.6969675967834792,0.8202514909569858,0.6337201049058139,0.8390434644187602,0.7135247593015016,0.8665892653334574,0.8402214527070822,0.7633357750126768,0.8138201422136447,0.821315213326793,0.7651042765665123,0.797405332665423,0.7676469383562025,0.8337005853475189,0.8391394141890286,0.8968568739568759,0.7702064466364373,0.7406878098239168,0.7783079483298202,0.8211303196136857,0.9044093050686026,0.9280989975821419,0.8825562641110319,0.8946045484620757,0.8640905109815459,0.6678514740232347,0.6475734253624689,0.8074023635173166,0.7303443354223069,0.9223470794209507,0.723056665787371
0.9059062293525109,0.7882812065400703,0.6791677078725008,0.7059522502332256,0.7622818107528399,0.7089214093015661,0.8139412750004478,0.7856585245220216,0.0,0.6542547886641948,0.723835566456752,0.7496974544555735,0.7598637699226903,0.7747054930814367,0.8244932539185169,0.6837087671082257,0.683693888391329,0.8628563790232286,0.7263812058956619,0.8146472594862085,0.7016211207828742,0.8041677242495147,0.7915329451789469,0.7698388098317708,0.7546008288246492,0.6296890610769975,0.8058785670555545,0.703182369123475,0.6164405126425497,0.8502613842181342,0.8413214891900826,0.7044196480786404,0.7610028899996234,0.6836887486629635,0.8269230263608953,0.6931159234542681,0.7986898517605009,0.7645699585245515,0.7112903219155132,0.7480124438038357,0.707051168915725,0.859681129279526,0.7040794358778468,0.6991319711409495,0.7724095523431621,0.7560368537562946,0.7658953496189361,0.6613173317262914,0.7889067798562862,0.7534457952375992,0.7219902604719994,0.6924342007811184,0.7307725029068918,0.6728085344453929,0.6332700996319156,0.8458492837675857,0.757906830258504,0.7467412283442406,0.7195433362684122,0.7824347847489298,0.6606776287291084,0.6758808073926291,0.6706744722643043,0.6900264566555869,0.7404954495823212,0.6555034584575075,0.7863068518506109,0.7891619069135231,0.7104948526583086,0.8302315629901583,0.823386479636066,0.721677617720414,0.693039743160868,0.7198642808171655,0.7167156871825291,0.8053645526262018,0.6593940224003147,0.6889803946748005,0.6660778432365073,0.5374267607141306,0.625567503755695,0.8573383207632658,0.8249866598652372,0.652291845365151,0.668291965668293,0.8593429720526315,0.8076719823156331,0.778085342583185,0.7712935116021392,0.8751003013814657,0.7932092611901744,0.8752767599979208,0.7040396529995263,0.71430970714492,0.7521648870979432,0.7473477218047408,0.6587940678303208,0.7420221917476145,0.7405728517014349,0.7321228189826768,0.693130805182584,0.6470246647654453,0.6599833916186049,0.6856383349195864,0.7601961873224143,0.7113433907128345,0.5982257591879413,0.72963744069335,0.7352024112151417,0.7425142381653655,0.7015336508500503,0.7232277670658668,0.7242970714617486,0.7358973774053603,0.6899478251059934,0.7890931664020101,0.7354454889563893,0.7017906471293862,0.5929307378085237,0.8027690895792434,0.7468825561579712,0.7357972039262141,0.7188875700142425,0.7692324976099839,0.778324871796826,0.6529139831614588,0.6660518839816495,0.7734183508852518,0.6126625889285957,0.7463475254570722,0.8458934060067446,0.6780658777329658,0.772792966815503,0.831831003718566,0.7183996806242293,0.7022178760069205,0.7860769417499931,0.7695646146848489,0.7236722356742425,0.8080070463271443,0.6825647422375495,0.7032266404960642,0.8516877234933853,0.7084227528362568,0.702132963567139,0.8009907098328639,0.880490501507435,0.6450928503607415,0.7016921487889246,0.6019206808574497,0.801584719459689,0.6990387532395652,0.7746149675044344,0.7622287851884539,0.7175419614598662,0.8674808259097585,0.8239743046345105,0.7159709921335163,0.7467100951212795,0.6218838056751835,0.5933680449843394,0.8548957086645508,0.8431084637138635,0.8407569796672582
0.6588267045201607,0.8907790731474982,0.9183848549034056,0.7086822400283229,0.6747258893031227,0.868840994201592,0.7585073799010791,0.8754729348297347,0.6542547886641948,0.0,0.8207174209696415,0.8910204200136267,0.8445176761522727,0.7064126841693095,0.7166303147420099,0.8550117473392114,0.7652095369143613,0.6840104680625938,0.7840047077442639,0.7222873029953492,0.7542631318312752,0.8281654793744547,0.7662256918824004,0.7291926226670127,0.9272368851237326,0.6056419915947391,0.7849257366153786,0.7336658590338129,0.924570556298001,0.7551675991235949,0.7686449982584284,0.9041999020182734,0.7686553140842404,0.7251689159114296,0.6666460671737391,0.7898552809424345,0.8042962508875631,0.7379429575196892,0.7608578346336589,0.7144278799564383,0.7351696306222876,0.7654820349886786,0.7252096053279019,0.7122212221441525,0.8201497979324193,0.6957302952212046,0.7376836427665986,0.7931635038123807,0.7892532128898273,0.6679648315335068,0.6749347953153291,0.6243106586405017,0.6188782117653622,0.773586164700793,0.8367963592811032,0.7445534142955446,0.6339674832920023,0.8419021107458785,0.7649194060442095,0.7108875342744703,0.8114435040372054,0.629357252246074,0.6590453090743473,0.737815323255424,0.5636221471938929,0.6004439077284425,0.7005808205349501,0.7252688809840655,0.7900627232240525,0.8482781135684184,0.6354207822280801,0.6179633746136882,0.582926580216222,0.7644168100176413,0.8018475360962558,0.6994693088902574,0.7647906823981858,0.788427591082365,0.6216241533383997,0.563788255956242,0.80827920307529,0.6001081718542198,0.791562961946741,0.8171896165834566,0.586634026896572,0.7614408576675037,0.8229245675701262,0.6561458713473515,0.8136963759737517,0.6862177097021175,0.6447180515039506,0.7200879379892378,0.7833389238005727,0.5871260126380923,0.5856771416236032,0.9034381521502493,0.6587468822910141,0.8228750016289371,0.5543101323142955,0.6926936260254374,0.6978666011775246,0.8547551693209074,0.6133176688629243,0.9246448446894205,0.6345811521844664,0.7108384319142057,0.7518852425711787,0.8465872568961947,0.7670143805842571,0.8464854658477611,0.7557716543679417,0.5747362394483804,0.6978884580606882,0.8025762347540479,0.5960164681783346,0.6634308324633729,0.7731065063696448,0.8697068111821494,0.8116496228151017,0.6430818867359271,0.5917036666976111,0.7082432216945629,0.6393282519445325,0.7323368681053459,0.5563681046152493,0.9217231374596064,0.5874962940821516,0.8261440818109166,0.8850294148893807,0.7110783674575861,0.8089839770405748,0.7543902007758833,0.6297879266233523,0.5738317114785837,0.7646901054641233,0.6088908068378334,0.7794653325223937,0.6503004566190731,0.8265951519552118,0.7762066639526123,0.8004586408716502,0.8558907712193795,0.673238648403482,0.7378030375073117,0.8083593595809662,0.6696070782475129,0.7203056387783714,0.8910335390963738,0.9416594903458563,0.8042581124157157,0.6121357406566237,0.8318655045053218,0.711960883889568,0.8811736813456182,0.8823316178770946,0.7604076450609206,0.7568353010868477,0.8005935755500013,0.6214897107460978,0.6029013480911382,0.9194040765025032,0.6465160024126193,0.8594499034584167,0.60465079192193
0.8214835041865947,0.8930443912962327,0.9311343971688625,0.8477991361784707,0.8731438365886792,0.8767549298893299,0.8416183792457562,0.8411747319463593,0.723835566456752,0.8207174209696415,0.0,0.9032040359638133,0.8988266944336277,0.8378873225402885,0.8349525773500946,0.9403937530866077,0.9164690908730322,0.8528332741296647,0.9024163409745117,0.8636918767204556,0.9185819869354889,0.9512640251983341,0.8179789231059964,0.8601233774030781,0.8803603094525069,0.7438714919858553,0.7868038686717176,0.821846334104281,0.8802029939388482,0.8176890869693785,0.809784540557712,0.9338483885113509,0.8825021724801492,0.7603144021426533,0.8210726903525539,0.9219562559031022,0.866370507253372,0.9298583915518958,0.8852743279062244,0.8635773276109463,0.9129755851549172,0.8279083576415861,0.8859319528532559,0.8869506168524933,0.8453102003204459,0.797364122655787,0.7962873789213973,0.9257278492282259,0.9076121693827358,0.8916690782507426,0.8867123910382342,0.8038907226738536,0.8130160273596972,0.9021064509252664,0.9175468884266745,0.6992509896545261,0.8527965616512271,0.95465564668605,0.8758575322956839,0.8834960488870327,0.8548574154008161,0.8035232370467785,0.8957351698853832,0.8586474941796977,0.7427041296342689,0.7579504559206196,0.7685043921170214,0.7891845484411946,0.883394406335434,0.8953949253240694,0.8097586167033344,0.7605968625322704,0.7429726294985327,0.9104519487448636,0.9104306946565976,0.7524497730091994,0.8952203768672901,0.8566699618068647,0.7408948853143362,0.6608780017713122,0.8966139850063807,0.7469828974704518,0.8111727610603814,0.8948681668627219,0.7787187009420361,0.8533418491300644,0.8828629171042823,0.7862054972042866,0.7667381397138884,0.6767856834521541,0.8640172667809506,0.7653193479620859,0.9644444285231228,0.7743632227294539,0.7915691047301192,0.8382261393100998,0.7715442019258852,0.7898085784692501,0.7106299968640138,0.7310729193099418,0.7917823169369276,0.8859501977167306,0.7196197341986086,0.8317525480405031,0.8355951694814869,0.7926110342922278,0.8385009878115269,0.8226068266594672,0.875102221539625,0.8779429688231272,0.8998604788588817,0.7839554829899592,0.8213027970803672,0.8395130140635201,0.7903198342110669,0.7684500347155601,0.8437388793261109,0.9163382385255711,0.8932725458847722,0.7058933870159059,0.8157561606972018,0.8030693680649659,0.7915291843348591,0.8513975846531936,0.7116809973749887,0.8854943020959793,0.7102803186621026,0.8614357213928237,0.8871710986722241,0.844277612606004,0.7513643145507947,0.9028986962743568,0.7812686099228215,0.7596466584101776,0.8827578471296432,0.7848266266862904,0.818730649108798,0.8052691244308434,0.8811013178910715,0.8919711583415564,0.8348069343539789,0.9556328754171243,0.7935811537822929,0.8874496052174692,0.921874874097154,0.733875414212069,0.842601663542816,0.8326519553153949,0.8763158771934518,0.8562623799377655,0.773268879277098,0.914965338847887,0.9126014600182045,0.8335672643586755,0.8855388499347605,0.8241529726597667,0.8869897263990629,0.7983635100701769,0.7636629187591755,0.7841828429956105,0.8259152253600514,0.8013919716452349,0.8563933695180673,0.8203840279147567
0.7992577963829546,0.96739311702998,0.9406671823359867,0.8158972755066626,0.8009003586037043,0.9379850913779877,0.8749752409042704,0.9325190294998238,0.7496974544555735,0.8910204200136267,0.9032040359638133,0.0,0.9042334218455559,0.7285637719696976,0.8600420816058046,0.9053001557096338,0.8501443387833882,0.7833038380750912,0.9273126321604593,0.8623775025992451,0.9131223331812929,0.9315674573915717,0.8401815812017,0.9078814598252336,0.9593635278426924,0.7132730813528461,0.7631509042463649,0.7849304501393098,0.8611533869791937,0.8276795567643568,0.8867812857891985,0.942086269987097,0.8969094507006485,0.8395064829206753,0.7788273450608914,0.8778858458433546,0.8998822005972891,0.8209889599255725,0.8965607821956239,0.8388454674998914,0.8887712967693717,0.8554762035251708,0.8502005803536872,0.8559502604428119,0.9251209596091259,0.8494363666652416,0.8474399788225946,0.8894025946994444,0.8916490283767816,0.8121507556907726,0.8340802130987941,0.7839698853979438,0.7402578165822622,0.8918803729882206,0.8720508195134116,0.8096888356946101,0.8001554400853089,0.93479442368584,0.8252351531305835,0.8564519377245244,0.8695926756949763,0.7222493170279066,0.7984766827140255,0.7796228774308784,0.7034861490018662,0.7459125429088953,0.8058072838729772,0.8149718419459947,0.7731348738897981,0.8888775763605559,0.7992464575611233,0.6899632853865335,0.6568709287899047,0.8834657269162086,0.8561795308281279,0.8031617901415591,0.855313546197701,0.8529025982895444,0.7546416163813707,0.634355892355518,0.8960994669209094,0.754123251319114,0.8821185869803148,0.8358254854903747,0.7123254007903184,0.9015066668254832,0.9087717315240119,0.7228593530109861,0.8490372077109701,0.7911758684454607,0.7600503592937088,0.846080412192811,0.8719478797436181,0.7477191958169788,0.6922183398315567,0.9240921117821207,0.7746731423892218,0.9096965722918103,0.632269711862228,0.7874283738722814,0.7557710328531959,0.9100646223268627,0.7047891375326198,0.9168449485501775,0.7500168448880264,0.8327926031839175,0.844123042789164,0.8711996072628434,0.89828694491395,0.9776434445083545,0.9170505681046769,0.7012785036241252,0.7963093704025772,0.7639039395138618,0.7236664166086748,0.7739080101286816,0.8816130866258386,0.8983023475011154,0.8548148466044841,0.6523313222397014,0.7273190836781699,0.7630544775125421,0.7822552647178246,0.8929865482069793,0.6516759089817054,0.9355641134275114,0.6688733703365702,0.941441368475469,0.899750401267223,0.7955060511411868,0.8116291963079425,0.856505481190031,0.6884970244916446,0.7122751982648676,0.897310485146838,0.7265470927101692,0.8948259791612363,0.7721662329686227,0.8794336894466652,0.9180023137429302,0.814305812728476,0.8833128658017985,0.8113614113085802,0.8083135028065771,0.9071819328681008,0.7686130519390508,0.8878567864990327,0.8978852622072868,0.9380037192565475,0.7865397291381718,0.7684955286213172,0.863376802907341,0.8427597092734608,0.9269914317050131,0.9818436691417981,0.9000878504775637,0.8928458966228746,0.8859904058220123,0.6979636418961329,0.6705700663642934,0.8459058997955244,0.7640437332332233,0.9552001685551329,0.7564657556354042
