0,1,2,3,4,5,6,7,8,9,10,11,12,13,14,15,16,17,18,19,20,21,22,23,24,25,26,27,28,29,30,31,32,33,34,35,36,37,38,39,40,41,42,43,44,45,46,47,48,49,50,51,52,53,54,55,56,57,58,59,60,61,62,63,64,65,66,67,68,69,70,71,72,73,74,75,76,77,78,79,80,81,82,83,84,85,86,87,88,89,90,91,92,93,94,95,96,97,98,99,100,101,102,103,104,105,106,107,108,109,110,111,112,113,114,115,116,117,118,119,120,121,122,123,124,125,126,127,128,129,130,131,132,133,134,135,136,137,138,139,140,141,142,143,144,145,146,147,148,149,150,151,152,153,154,155,156,157,158,159,160,161,162,163
0.0,0.2762924116605779,0.2630596797569176,0.22279278940318523,0.2600379538772681,0.24664819235788468,0.22678120069548896,0.2761489678051694,0.2980141935494686,0.2731168160842788,0.2727024535442134,0.21462145569675364,0.36829096119396953,0.2510695161401498,0.27844230302444944,0.2807766056071977,0.3046980913503513,0.4169272609622821,0.24234996678155493,0.35698330198306716,0.2792281742538964,0.28511974895294157,0.2707140615905505,0.24914470891080218,0.30676443954607546,0.22095471922324442,0.22310506188221277,0.2701958947049793,0.22162648924670267,0.22678891229572454,0.27056843342563575,0.2988854966273275,0.2304369788026723,0.22907843322262098,0.3445863366089914,0.25952385913694376,0.331533468722187,0.28556343445982535,0.20020345523659192,0.3226517641345855,0.23661170631566408,0.2806564558778862,0.3165736069980339,0.25895830358019534,0.28484663986811776,0.31788569567467045,0.24221313134484299,0.27346450665708416,0.32008758772037554,0.33019208874248673,0.32065994224298633,0.28145821326757514,0.2425162994776631,0.2393593897368052,0.2597691917642801,0.2706151812718548,0.36585102152594384,0.25172928974145165,0.26587221159384583,0.3126577066557315,0.25645582063482375,0.22237478474114858,0.30068088278144955,0.2178819162122592,0.265843880717313,0.27128314544524235,0.2487396095246601,0.26875522310805045,0.2379591502898781,0.30151840473824626,0.37753352582394406,0.2851258776195801,0.2602411884724923,0.29481800762966803,0.2746330302813002,0.26526374091872823,0.21607107414194296,0.2351432468540648,0.2611156645193091,0.200931737205553,0.24537039263971572,0.31943345370367493,0.2667380446608949,0.2561963380285707,0.30165128941245123,0.30732491801459283,0.28082926904265965,0.285740469894529,0.29582491395955374,0.2189901813455011,0.32009381954324234,0.25751241271244896,0.34723875539567484,0.27594425472579387,0.3149473222616963,0.218327263087303,0.1961344881414401,0.23772372737315003,0.22539234757874652,0.28748083228739035,0.2252037410391512,0.24047013263595335,0.21029765206022552,0.2020576978815869,0.37266888147751615,0.2970339333307217,0.2604261737338387,0.2783466815765289,0.30228120557466104,0.26170490135152946,0.23354068434412012,0.30993965681859537,0.2828857587743426,0.21719305699986122,0.29788950172507067,0.29798595400275485,0.294118279406235,0.2665791776496002,0.21253829239202265,0.22625360120908902,0.2661216752328774,0.21664742952131913,0.2987257640635931,0.3147582282593773,0.25905959965993786,0.22967515162905044,0.2109089414770014,0.22333284187901994,0.23858544986337696,0.30047473490647947,0.2290663416903055,0.2466910258628038,0.21588933514233874,0.24642998031296123,0.23351173752316298,0.239097477914537,0.25079659796647297,0.30074267600021753,0.28265962372819264,0.28029399095142343,0.2074192201874908,0.2550583962615811,0.32479066629942044,0.2596302353848799,0.2561777057048183,0.23281538954664008,0.25709828184856637,0.2160931164049281,0.3128597757832712,0.16062851339524686,0.31408193796813466,0.2442811828850913,0.2599199158737681,0.20788683034832361,0.24209921334011197,0.2897918081427756,0.25827673355369196,0.24350444934653956,0.2497179701965689,0.2701954499829736,0.22500217897922564,0.3027673654703671,0.19545466351093035,0.33336584927474683
0.2762924116605779,0.0,0.268921118401017,0.24829861426660943,0.20568714366337756,0.3644643763997863,0.21565963045774486,0.377588694686578,0.25299503996953987,0.3217432362521514,0.2686154128350855,0.2926988590476689,0.2718408677175242,0.23490454934119312,0.2810144096868726,0.2526652006268764,0.267358648173383,0.23788193564905605,0.299352404099937,0.2877039108072581,0.29088961336969343,0.3042493790239443,0.23896852068609523,0.26716653053654116,0.31123220532613566,0.20049291643470998,0.2057451478567034,0.26156081834859196,0.3140061696746737,0.21086603269323856,0.3154935812892857,0.26780425562885773,0.30774769362335364,0.2244545673053017,0.2681700727990252,0.27800316432013156,0.2615386695247683,0.2714836087037236,0.24860958651496534,0.27399116815651026,0.3127424766808025,0.24911013982403565,0.21608760531727494,0.23773834699945842,0.3039509684887651,0.2419118239193438,0.2203932862867339,0.24211916655526775,0.2502323645992957,0.25834656215085844,0.2832352664131584,0.26869984592809715,0.26404366311052374,0.3106710307570602,0.2802541689151115,0.2955968853230183,0.29888917103019247,0.26334322516836417,0.2426732647407057,0.297960613442638,0.33347205484071296,0.19194234297052915,0.255579650829609,0.18605999757278008,0.21404928377171,0.21880289570016923,0.22918746223434563,0.22504151991738502,0.19437639741425536,0.29575525250934753,0.26035136270434756,0.24305523915933494,0.2083151731645504,0.2814116822503158,0.2975955926512193,0.22165235905516498,0.2065188176251727,0.25806372562209057,0.24274833929614015,0.20670614152930322,0.2469307370519142,0.2780976747804368,0.3255069126561579,0.25836630484804063,0.25779767738326326,0.37297113358897804,0.26097536899363327,0.2128847472991631,0.25120952644592104,0.262672298150684,0.2250062388047511,0.24978010752736063,0.30145291685636105,0.26231415496999966,0.2690522249480061,0.2896652738504333,0.23785495690166877,0.2523500921176764,0.19106572976332367,0.2684491722703659,0.23864304610003104,0.21304692129287128,0.1772880127117305,0.2380944145124254,0.2701831522385782,0.2451813181836084,0.23873968872918647,0.30207225145751204,0.2584090087365251,0.30471020561015183,0.23073630019177224,0.2295792686834045,0.2642797019356692,0.21213572598776362,0.2886022855646426,0.35063855112489584,0.28681469734494397,0.20386157995845858,0.23186130806452346,0.21387353458599243,0.234647233466569,0.2426439555918874,0.2724196791394285,0.3262635728687706,0.25212016146137073,0.31918676355123377,0.21536159327326315,0.2571950831877821,0.3059047242287792,0.23635013822993417,0.2560979333598676,0.26267511661108195,0.22058156531042372,0.2793078637786158,0.26167994685796786,0.20825546854232904,0.24073045756619768,0.26380474680050275,0.2603911732797749,0.2549544983687776,0.23216306098205775,0.24350207296921553,0.3297304207640102,0.25086156344639804,0.26299581422363827,0.19719048020746982,0.30789033972015706,0.2360695296695311,0.3384745644825001,0.17331107646587218,0.26765387313786015,0.27526010526213696,0.22703112078366783,0.22725508745778228,0.2690256105130663,0.28210065735985385,0.28055238332942667,0.2872599411996177,0.23673040017039718,0.22431537003290747,0.22203651330221927,0.32009563281563447,0.20187349486512576,0.2598930075957549
0.2630596797569176,0.268921118401017,0.0,0.21881752793565498,0.2454290995839524,0.2637301074441486,0.19888065752601056,0.27935795891417076,0.21576399114708125,0.31778524847772405,0.27083373430301877,0.22031955081897014,0.3023070904027281,0.2204174596461793,0.2188082085742793,0.32527704474168534,0.3326556135235677,0.25658527518384355,0.20820140366664042,0.2250803847223112,0.30822935821458775,0.36546806649070707,0.22444053230417738,0.23772930181630705,0.2543022141235254,0.22081527382941704,0.2077131344160889,0.25073375611316295,0.22419571433017338,0.21412755068235656,0.19861115619163666,0.2634328880935909,0.19789515304197208,0.19797389789955797,0.214889993884099,0.2328970683512801,0.257318295438962,0.23257309625116462,0.1965307464305453,0.28092422480888585,0.21268675970550396,0.30215060390442805,0.23201203664643877,0.21005336146182715,0.2603377936364953,0.22755144018871937,0.21783485598588628,0.24617151340895205,0.24083835340152498,0.24117068531112704,0.2627211852010072,0.2509788832707617,0.18668219656681073,0.24941778414680996,0.23731890316408594,0.23260777829456789,0.23515605438823958,0.2627195093833823,0.2230310456224431,0.23566931580575556,0.2552611476696764,0.18664126776096965,0.2613281956996276,0.18943663439304795,0.19843583121452968,0.21449137004399774,0.21790155050862092,0.24995995843022714,0.2282626076601925,0.2713274091311566,0.2678936904003267,0.19325192868164406,0.23435419597490276,0.35011880620884184,0.26715082857825406,0.17360854423009772,0.2423356330785851,0.23831008975088905,0.19050217251128873,0.17822285313062136,0.2250773868628787,0.25022000664179894,0.24843776899217762,0.22030114902539266,0.2402532413819694,0.27015070309146577,0.22076713306688717,0.18927492080096392,0.21474045465220584,0.18751773139070538,0.25616693158719767,0.19313370523790044,0.2549209624772313,0.186301347656037,0.26186990823088585,0.20448107168767587,0.17726573092915143,0.22095823727889385,0.177084884822095,0.23132333350983217,0.17153758619809056,0.23928505604700182,0.16976554123123694,0.20331103825954025,0.23858749190279058,0.2690033153728244,0.24329998724993124,0.25741745791524634,0.2382899745108413,0.2931070972519735,0.21962589639849464,0.21474539878162097,0.240301995031329,0.19937495461772042,0.1994233494951822,0.2946196364836587,0.200589927885919,0.24531966714375536,0.25518146220974885,0.20651674198198797,0.21986372172163146,0.19420345617693674,0.23047962609633227,0.24470758008555027,0.18193825072095465,0.22461214289727577,0.21309373998803527,0.22777191021860912,0.25979553418119933,0.21603642819210755,0.2271461334987667,0.3268483427492337,0.17576436536796503,0.1902795686070999,0.22163009932661779,0.1770887293192485,0.18180959127679644,0.21303171084876343,0.248854165440301,0.20956189100553044,0.16888419698300083,0.23659471713288605,0.26418529803477653,0.2524942418867747,0.21694926520848193,0.17293788098480756,0.25416011016010936,0.21112875791249353,0.29450394319130385,0.1700868758529955,0.195691134427192,0.17666040348770293,0.2237139760504414,0.2521237165509376,0.229766289619839,0.22918498481889743,0.25758169550202015,0.2604965000173331,0.17136865703771342,0.22752535171740562,0.21963760493020293,0.18962895926672169,0.1892680126397105,0.2468921335663074
0.22279278940318523,0.24829861426660943,0.21881752793565498,0.0,0.20477754148077124,0.2378815060026296,0.254482707414443,0.24297741836649553,0.18945669192275874,0.2365043651682444,0.2456529680219167,0.24519696194777554,0.2220786966402679,0.20031450260918995,0.23843199755055827,0.21153457511500048,0.24057722782804014,0.21516772319799335,0.23536562176851483,0.20768505232404896,0.28142276528863325,0.2271173828895874,0.2492140232925024,0.22214414190533838,0.27099534577951667,0.225885203000574,0.21391708911250432,0.2305058702896521,0.21408218825890876,0.1654183810275313,0.21580410786599324,0.20970067898487993,0.32050970690168346,0.23939533591684886,0.2349064436149127,0.2533517321969067,0.24365010669160145,0.21267330509417814,0.21117546451492447,0.2813412775615533,0.24540881002452614,0.24266450619123694,0.20245332236986727,0.26570647170338163,0.23739129792688818,0.22558617968862524,0.16342364954529245,0.2315660261836165,0.24180858286773294,0.2149844877914821,0.2805126817322152,0.27904712573683743,0.20483550013066873,0.31731433139084436,0.25665527877933525,0.22842895829325935,0.25002385043471487,0.24936445639029187,0.21816124291507488,0.24729738170857607,0.27221211124879735,0.1802179783982042,0.24638845015394606,0.17357619223392284,0.20784761571958948,0.22049778545444768,0.26233619356296356,0.18695190683456503,0.18018571857484866,0.2354832142065737,0.22277755144828812,0.20388392638680752,0.22739741686627235,0.3001398154985949,0.21723081349785398,0.1846263908183075,0.2512952020099509,0.24824664118500278,0.19893460131106447,0.16871095877598072,0.20400589181848408,0.286044703910095,0.20507520680447813,0.19883922352930855,0.2904443957729712,0.22643636107863818,0.2769596201150567,0.20663529445401205,0.21764196083556972,0.20321529211895145,0.24877427709981034,0.251623958529011,0.22420243743049043,0.20798027598064886,0.2743260675098665,0.22891059854567367,0.18011465131173865,0.2677532437896049,0.1894186880452916,0.2372557440807536,0.201552803319729,0.2387650929006517,0.25505872462785506,0.22937811589463675,0.23093940306000252,0.21189464639116748,0.2308151570808691,0.232696986992202,0.2228132286653454,0.24562901915001925,0.2903281015386137,0.24338584030946242,0.273495520847513,0.21570813329959573,0.22406960430108408,0.22609740596837444,0.2357793236905244,0.18365041516453626,0.27658879029951294,0.22822695945944374,0.21103693740825671,0.2599697348604022,0.25125370541322445,0.24079200010298946,0.19776511149322468,0.21672937536247455,0.21442584402416107,0.2169009352399871,0.2731999870968579,0.21702467830134953,0.17756435798843162,0.22616849324615682,0.2100012808321691,0.23804281459115406,0.2292658922427491,0.17169843307875338,0.15627246682410886,0.2374967976473587,0.24619355268953988,0.21937732245741312,0.2553171042459199,0.21108955692401937,0.30082131262688916,0.24892505640874374,0.2295291205878784,0.20185128227455695,0.22671032233379246,0.18928513010615722,0.2185273232621974,0.1504112681362645,0.26274305536752723,0.21771565955117214,0.22363074968183871,0.1918004150477275,0.2710670824255434,0.2352066087457526,0.22320748634724732,0.24864854217669582,0.3073517636035232,0.22258325109840302,0.20988188601430086,0.22380056813257576,0.216600451773052,0.23745998031821042
0.2600379538772681,0.20568714366337756,0.2454290995839524,0.20477754148077124,0.0,0.18625492998616902,0.2483305298410256,0.19811112543093012,0.2237105015357685,0.2229146952739241,0.2872341155077285,0.20337473834329753,0.2162990509804486,0.2066919536834196,0.23948116958406107,0.24469142837023947,0.23521123796344753,0.25469252384546287,0.18057325113017691,0.20361166927734617,0.24625955224499657,0.26808403255140134,0.27035662699283175,0.22364938303885082,0.23462409959866817,0.22987524285919045,0.21655330526876024,0.19552284984677873,0.19656458422911718,0.21331594710394336,0.22666983303961094,0.1977022971564413,0.1844968285962086,0.1982580368546541,0.28541441716825017,0.23895264981426054,0.2565660809048614,0.22264721597731046,0.21028104895864907,0.23263999263498988,0.19588466585721775,0.29704172648822186,0.23551809300870652,0.2573681947026069,0.20462435724254208,0.19087265309688176,0.20240218623406167,0.2880264723187664,0.26456379763193877,0.22231128824701327,0.2376278791234088,0.2006935115073386,0.17282341471009452,0.20903778306795653,0.23445905140046422,0.20691283571924798,0.20031215691644785,0.26692297159748496,0.1980636222289527,0.19710014823117913,0.17652058220334632,0.16609611427170032,0.21106968495229178,0.20982234233850236,0.19621695544426654,0.1670702868388778,0.2048207644823274,0.2169614355274629,0.19521151387708194,0.24972793580094824,0.23715441040581178,0.2069003294835384,0.20489521358322632,0.22764157967410373,0.1880145730310402,0.16706643102466995,0.2128418833323965,0.30705235502644496,0.17490661235638075,0.16586393704383895,0.18981966055464944,0.2471405359528449,0.22729898373447108,0.17311478831066954,0.21711082404720194,0.2047048745709332,0.23198876310321626,0.1943753555305101,0.1814050100198858,0.18578542842673554,0.34176997621070915,0.22538204711277732,0.2636909397658847,0.1622296913605687,0.24010519439981634,0.19938833840046985,0.1461062672712802,0.19934418238390167,0.21394390920283027,0.18230467170066644,0.19041227089488402,0.2007716654307457,0.1974540963433961,0.17623016097394725,0.21583061331944833,0.20718904462276705,0.17826379582398763,0.24702961766448062,0.2189549660507335,0.22582195862433843,0.22785975224901603,0.2590670813288295,0.20460358188033526,0.21720750653352502,0.18951296274604712,0.21711851477506205,0.18680776203128655,0.233362725622554,0.19189741183597767,0.22327640792077963,0.27774536613663037,0.19144239748111302,0.2081531617191021,0.24017103925550168,0.21538700968439986,0.18783876799435723,0.17184289141589706,0.21922834620179213,0.19730438340409187,0.21060387939754646,0.18946130882083162,0.2067580405224227,0.16986359878595075,0.21903352188388509,0.20851599799351453,0.19408245786606673,0.1762410256293506,0.27216477315449433,0.24151582114487902,0.22336306723002627,0.16572743109790655,0.22936050968019847,0.23378578421736648,0.24170356607394344,0.244446465712788,0.20560242336056728,0.24810333659516437,0.17990957510222802,0.2173094135577003,0.15877498824567512,0.2202102987053595,0.18336850316432043,0.22877344422347,0.2017574398461768,0.22016159232501997,0.22686354510707757,0.1932590204594722,0.23490225028577605,0.2007865016309733,0.2017487188625252,0.17881036399305522,0.20548182261977482,0.18696356543910808,0.30837088068073804
0.24664819235788468,0.3644643763997863,0.2637301074441486,0.2378815060026296,0.18625492998616902,0.0,0.1989882514302099,0.30763673895064947,0.21409644344744486,0.25920226282287795,0.24254013693623008,0.2821834274053146,0.27939444190215346,0.18576637035118823,0.2472739354194943,0.2630034903398668,0.2682958655624297,0.19556145166948433,0.2715150642746631,0.24723153800299766,0.27436014235725875,0.2502784470678567,0.1868734473081716,0.21659854147012633,0.2714228568717645,0.18833222702396035,0.17799195126532164,0.238949668982624,0.25173506581105887,0.19804447621887958,0.2510021185778162,0.2822042673309848,0.2885731152291903,0.20676210277791934,0.22488781928275273,0.2231931216042082,0.23286362665448126,0.221750493670665,0.20730124578794434,0.22094167180838292,0.2751953542342407,0.23916503930977626,0.2103566546441963,0.2522907238301661,0.22989968166147096,0.21527353511318711,0.20216119297824406,0.22301877291725578,0.1944050015271024,0.23510492662178678,0.24969052007185283,0.32025728615835597,0.21494825155721856,0.27716838113531483,0.2291692921608163,0.27314991461044436,0.2605327319967321,0.30860484462825094,0.18918563896615762,0.23391054472453068,0.3095041190376482,0.1976072445299381,0.28542578392743373,0.15921259488303036,0.18999504427354477,0.20367908407120042,0.197903453039535,0.21647525502568565,0.1704760276998078,0.25023800054904605,0.24193607791016505,0.18997709704513763,0.20109732336558728,0.2554498678263471,0.29670970361919935,0.19445474977074345,0.2051377184814992,0.22216503008463906,0.20797473185534285,0.22768653324884638,0.27972037976772024,0.23450419848372475,0.2603166042227511,0.2545890041655532,0.23536773666247188,0.27155798846735885,0.2511919874233394,0.1863622171805734,0.24845432013356167,0.20893036985393917,0.222153226205192,0.24232328533482392,0.2604426978910967,0.2208454290698847,0.21774254782338964,0.2659238882025429,0.21588277162021596,0.2670407683479429,0.16970607736049786,0.2424914768134626,0.1913957950181084,0.201218401961899,0.17742164297238622,0.21222820616976537,0.2482054435303302,0.2631424260584369,0.25241025237601367,0.26480981860626174,0.2181325603365828,0.25832735290810666,0.2346417115750101,0.1954558199081211,0.2683931277286404,0.20553200625840354,0.23523194573558084,0.3072122094883054,0.27369813379249813,0.17938827551186207,0.280942134926067,0.20955160021907948,0.20878513049878186,0.2452936471876037,0.24328485379994588,0.28366724362725987,0.21795447545054863,0.28110110832233465,0.21551452263242254,0.21488036054618231,0.2742488742539431,0.1941243171991321,0.23986339728215525,0.3131942750438261,0.20091179593622788,0.23354500428593292,0.2175753175507386,0.190744639119228,0.21510705341070985,0.20401335522726669,0.20249950924185475,0.2105279710305538,0.21802527956384082,0.22578747809322983,0.24584989397686413,0.2194448665649762,0.22597913411332088,0.17990495681745397,0.2685375163780388,0.2389955833276925,0.2619522822704285,0.1708921048595407,0.22686091754721238,0.2367752402293748,0.1873189282491638,0.19549750756211587,0.28348827454610986,0.2289561107954377,0.2396732892688159,0.3120662553444873,0.20883723711964178,0.22664803636182745,0.20465089459708613,0.26067118107866655,0.18740881909346802,0.22829398530943865
0.22678120069548896,0.21565963045774486,0.19888065752601056,0.254482707414443,0.2483305298410256,0.1989882514302099,0.0,0.19395123486220514,0.1864890583228772,0.22684545838913703,0.23224842730428785,0.2526683429170407,0.22382282932718348,0.20876956120493992,0.27217778756695404,0.19522665701583747,0.19459199728373103,0.21386103628583927,0.2082055178918928,0.18065553083769434,0.22930960779628842,0.22511826904234536,0.29940764229075767,0.24739764519801183,0.2618828748332115,0.25108805795348627,0.19791972839466257,0.18466714848814547,0.20897035641115708,0.1853177106037374,0.23552768044686823,0.22851596172557045,0.24091132867114515,0.24883390484642254,0.22522769930108616,0.23378190019166364,0.2887134118069917,0.18813418940356477,0.20921101407524048,0.2754308355695844,0.23404451131378795,0.23110226069628645,0.24069283825516624,0.27920600498367804,0.25035684328978824,0.2115959444488298,0.23028694751148202,0.25382136492071367,0.34031945931784235,0.20234914692055828,0.2849876662953474,0.21223360110992462,0.164730183084589,0.26168264426044313,0.2874783530202459,0.2220479038091637,0.19943525194949385,0.22194314401201773,0.24468996640508667,0.2012719659811967,0.1855047205032879,0.1826783880293855,0.19037431186512244,0.19882190057234791,0.19326897524462366,0.17756087979107874,0.2644999918011765,0.2656481413468475,0.19313758607124798,0.20839130501559772,0.24974449724861375,0.19509119324082116,0.20327554171399528,0.26015730884837485,0.15789831404845947,0.1924336374608765,0.2844079558624979,0.2713798461597266,0.18185380430429307,0.1688216898155657,0.19503778528533122,0.24536333924762155,0.22222697619116052,0.16077769159172603,0.20915086818332276,0.20048546369475828,0.22423448603947013,0.23480067748712916,0.19923694355332222,0.1998520187101623,0.27470518776176694,0.3183727934554652,0.23482938167048875,0.18437740372353636,0.2302714170390349,0.2622868840934835,0.15398080776524004,0.2557792435849728,0.19939195680986363,0.2400975166079914,0.2074447436028761,0.23414184080689676,0.28823040688251833,0.21279845019602872,0.19504444994390202,0.211659930053009,0.18715452869912108,0.21337958683383518,0.252586199309117,0.250380775604415,0.330459370305465,0.2295742129990325,0.23397941238304035,0.17416411339129761,0.193182596773641,0.19507993503813903,0.1969599333914693,0.22974080849461764,0.2342068332104069,0.18859165018882507,0.2064886243417768,0.20580775209253505,0.20338799526093287,0.26831376596007994,0.18761549307286876,0.23800817402255506,0.18870044936765526,0.2457755545125314,0.21001963655360056,0.2196759466576413,0.163621763860342,0.17257088463321596,0.17186301749497762,0.1902054574731015,0.19933853827728534,0.18632296526808667,0.1847808993586279,0.2624552011233057,0.23407845635769736,0.23744600823988196,0.2087673717016796,0.20515236959253141,0.24727782795210515,0.21325141014712887,0.24539571079173775,0.2775049387762323,0.22332201877369728,0.1974049946621483,0.2096846977773372,0.13343429223715,0.23569813378341994,0.19983129822694495,0.19240793767062425,0.26390063947602554,0.273509813986739,0.24995421433731363,0.213813530190637,0.26535615071587665,0.2497881139312067,0.24041215836381608,0.1943843141024351,0.2042156232613384,0.1987149723717525,0.23251079626452992
0.2761489678051694,0.377588694686578,0.27935795891417076,0.24297741836649553,0.19811112543093012,0.30763673895064947,0.19395123486220514,0.0,0.29195852275488327,0.30935625100752073,0.24880774343018522,0.2705030438602222,0.29994508633975475,0.21974847514067758,0.24885533329168955,0.2920515327559648,0.2970071888815021,0.2392086324255654,0.2683069505989048,0.28206955172214704,0.30257785815745664,0.24939832401182965,0.2347704238184801,0.23722722954430359,0.31089504778761035,0.21153532157222177,0.23657771749001197,0.29081999391656405,0.2354613803698142,0.23262392579331664,0.328885890354384,0.277248560011108,0.2579575841891612,0.2350774175453909,0.257084016442797,0.2716580228292158,0.2779286702862149,0.30696404235819125,0.23572384373255387,0.28152217060693485,0.2732574488716418,0.2630637856635012,0.23251538533986593,0.23052537439838944,0.32393572439412294,0.2601900212295542,0.21264744609289468,0.2308431734724269,0.25191455531307017,0.2463681473155034,0.2628118917698506,0.2505330651072253,0.22899699470660675,0.24757701682310582,0.24263396133018778,0.30229150260368937,0.28065148209952145,0.31949024531256004,0.24137967818931194,0.2641499272790069,0.3673738058812447,0.19812393853746,0.2603127289329925,0.1947827527015636,0.20097459505353074,0.2217202715372684,0.24833073910102904,0.22166976167526628,0.21342176996031856,0.3816930893496988,0.2578644368526535,0.23680324330467875,0.23207654271935302,0.30453412747430314,0.34439180295172317,0.21795322406941423,0.23538577489568102,0.24120631226144362,0.2857409725249221,0.20894936061609712,0.2723268293679966,0.267757824190072,0.3163247139997843,0.31269859694090674,0.31121494077733947,0.4265354977892358,0.3433366388172864,0.22555455053006762,0.30242025624920466,0.26698240634815773,0.22919088101344867,0.23837242875593562,0.27072278094794855,0.23146948809453227,0.2853213424403811,0.2557574195455856,0.22967328679648136,0.27867303863248555,0.1918730726530983,0.28405083604326314,0.22641386893347618,0.2618420708277115,0.19335770804709598,0.24615986763277917,0.2952712962940552,0.2868977378817293,0.2638748034397892,0.340565234285348,0.25298805793713747,0.27303115439493864,0.2108372432402655,0.2476958545491334,0.2929081253592947,0.2651856486502077,0.26700036006983013,0.3372794081193249,0.3103459074761418,0.20556698499120268,0.22460438930626211,0.23060081537977534,0.2321623420366495,0.3123145402174225,0.26567836573530373,0.2949934680505436,0.24728286947863684,0.26571872119570245,0.2207453012974923,0.2565642089406717,0.2962466305630269,0.23330304892375933,0.3157702607840643,0.29733950080256144,0.256987069953383,0.24644712644563802,0.2527659785263446,0.19582261012819305,0.23823439864627663,0.24202459319748593,0.27335977923603855,0.2872991403692848,0.21989505844770146,0.23256254090723877,0.31363512552154493,0.26103955423091285,0.2715875980341912,0.20462221491755983,0.31705248541820724,0.25740606986243303,0.35018405885782916,0.1883903067596845,0.29261389012640476,0.2653151825362532,0.223414564475742,0.22893085744663946,0.3206178453882804,0.30067133107762767,0.27266895919356043,0.31521303045577626,0.21570200826559516,0.24114547253286917,0.23427258469856543,0.3036791348844521,0.24500789785197796,0.2626624079708626
0.2980141935494686,0.25299503996953987,0.21576399114708125,0.18945669192275874,0.2237105015357685,0.21409644344744486,0.1864890583228772,0.29195852275488327,0.0,0.21035814684306064,0.22999348389577495,0.21603793800465035,0.227728052092236,0.24874996692967052,0.21529100936336698,0.2470891360571845,0.24001613145983952,0.2694009513182245,0.20914654313210157,0.2715704967159314,0.22515237476821184,0.28815330041827025,0.2047952782390967,0.20631817203618205,0.23711501062992676,0.18394754215164083,0.2369115830402002,0.23291763278173358,0.20412506520791687,0.29312504084706326,0.29225828412771276,0.21979499837024674,0.2031712033944949,0.18026582096844754,0.26980765679825425,0.21689772463678306,0.23029047662091645,0.3383940090590455,0.219030602971744,0.2219646519445171,0.21353095383947465,0.27277436521178783,0.2150379702040497,0.21598426160081544,0.24000253997607063,0.21075051037097778,0.18936634573165967,0.2045198176116456,0.22345003805258798,0.23404798113512681,0.2117889743215715,0.19782458474715114,0.22188869723252705,0.19992961610326265,0.204406059905611,0.28236173733519027,0.253180673008157,0.26155547431622794,0.2061822974299053,0.21132431111345865,0.22150902993003305,0.19384646671971048,0.21037634835173455,0.21124327009070776,0.21316446537571335,0.19155082765360118,0.22667734586157912,0.21510063783174774,0.20631057176281192,0.297438322668514,0.2704494257153241,0.23969041288180237,0.2423100152714187,0.21637318169459,0.2765624568518379,0.2066567688276161,0.18385465791247485,0.19521661044140248,0.23794992846171567,0.19654484131306063,0.2186206832867382,0.2917642552504647,0.28590329031317696,0.2289752459313263,0.2669591362176501,0.3190047789423492,0.26277341958737493,0.23346713655213766,0.2256499456533291,0.2922771569745425,0.26217076221127544,0.24708743252709323,0.24247530569565762,0.21009338395420674,0.29458343924661523,0.23311934689953426,0.21313298364149186,0.2178313912140315,0.24279861355735244,0.19927857114801031,0.2425015952122734,0.19921731200996362,0.18852052824182633,0.19808593622196827,0.27622710138193285,0.21982206279812364,0.18609110771435428,0.2654401953978942,0.20825613612681215,0.20713052983821578,0.17445341577108042,0.2727324506419881,0.22953456355540697,0.2946726177019491,0.21939394938446422,0.26862208561805767,0.2312726638895937,0.21144621757898957,0.16776521185846804,0.24212887765387622,0.2616688532086846,0.244258261506115,0.24013968253294982,0.24224656409971845,0.3514615062634078,0.20333183157131732,0.20657656952684475,0.21428158501444552,0.19876848537425781,0.23001183769070502,0.35916295038328616,0.2552761437258915,0.24232881097877815,0.2923758317069673,0.22597317430629368,0.20958398177369023,0.2283257185147576,0.22666681634849414,0.24997915131256726,0.28748229946757864,0.19321251776665993,0.23403200736737614,0.26928947303556056,0.27197575587169476,0.24377653094950053,0.19981808479792487,0.33015193991943775,0.20455807613579505,0.2616475000643847,0.18938510678530973,0.28437392833957725,0.22533574692104916,0.24005524024834282,0.20336494075592845,0.2327488374904924,0.2899767457536606,0.23482368595317013,0.23136303971261463,0.2303720480296097,0.21363311074076693,0.17833383258674523,0.2976694771413836,0.25314005573777515,0.2983975195501694
0.2731168160842788,0.3217432362521514,0.31778524847772405,0.2365043651682444,0.2229146952739241,0.25920226282287795,0.22684545838913703,0.30935625100752073,0.21035814684306064,0.0,0.23138337802254336,0.21726071406911857,0.2965744781960681,0.23020302636840892,0.23999811990500997,0.25846353909386977,0.2645603596630108,0.27170567244445454,0.22365023731962871,0.22178620095984247,0.2506149800057939,0.2438254110233808,0.2976609618218369,0.21133207037576615,0.3648537231215461,0.21510911007165334,0.22737700783791404,0.2497406222071096,0.2875451588179945,0.20287739958194662,0.25853948501743906,0.27791191386444797,0.20752051851597508,0.2200826380270743,0.25127248226346593,0.24218683569383223,0.30192012638199195,0.23057237536782843,0.18134674880378368,0.2729869103216525,0.20506841893023134,0.2626086582941971,0.24450747515541418,0.2149567565056481,0.2699444553293525,0.23631085209211114,0.21852146683905038,0.24967791285110805,0.2960096017389535,0.21187084901640318,0.2601972807407583,0.22052562411779753,0.1909886869126967,0.24565093803157612,0.2726459431713304,0.28397182239088453,0.22713971865820107,0.22541046844243093,0.24931640042745398,0.23891443002698814,0.27391459378605076,0.19457460661237722,0.22212996217146075,0.1857741227840297,0.1970241067822194,0.20810654111064145,0.2265983138216097,0.24969812760987395,0.23075750803826925,0.31221660868380013,0.24200396309263705,0.24648616315014388,0.1987879548821252,0.2922431495512571,0.23017530566632338,0.2201006214005842,0.22057775922382897,0.2740795213073841,0.20579459855653942,0.20124421734160974,0.23995091310803743,0.24733461027547887,0.2829489298786449,0.2455192175565933,0.24889232624847474,0.2632303750881198,0.26880746618381995,0.23655921216255962,0.28412537976451446,0.1978811866521194,0.2357628408495081,0.22667101328372705,0.26643180186885534,0.18994727558437494,0.26083687371782877,0.2532817076113592,0.16749524581234715,0.2504157670057689,0.19639043186120392,0.26765617853309553,0.210090014734352,0.24538780742824914,0.2010125708999308,0.2530204991047812,0.24210111387555733,0.2514898027708049,0.23623230653844318,0.32302053115053353,0.2509013906444249,0.2642994793282504,0.2123602855194996,0.2228943865483213,0.2731879080063689,0.22368445949338747,0.22770280218032327,0.2617139596769917,0.25873151536948213,0.265181425377421,0.23697068157449291,0.2310200924175539,0.19969642115534952,0.23827752044037437,0.22575627689646627,0.27197979836483765,0.20575485144347763,0.27420265800754157,0.20663983248412443,0.22342615977530156,0.287236739770621,0.24708210337418804,0.2551592886557317,0.22739620767505558,0.21194317632129095,0.18874301620595244,0.20568156575378801,0.18266280778510413,0.20811909009683896,0.25960284353928875,0.27669606648694095,0.2393112701116005,0.21346211486329594,0.24455151886356283,0.27999234373842297,0.2214650119612197,0.2379271613904728,0.21337078738623333,0.2117203588269897,0.2522312993063423,0.38622962953168466,0.16241004649038437,0.2189981401686039,0.24639345847862093,0.1926871460717957,0.24076504895572418,0.25250238102734535,0.25509588618058016,0.2208967128566451,0.2960011809021376,0.22204444952434665,0.2657116530139159,0.28119303316856653,0.26824050498767826,0.2176581567591094,0.21521626091905524
0.2727024535442134,0.2686154128350855,0.27083373430301877,0.2456529680219167,0.2872341155077285,0.24254013693623008,0.23224842730428785,0.24880774343018522,0.22999348389577495,0.23138337802254336,0.0,0.28835956596610335,0.2510135039280019,0.20817940383024228,0.23715290677792175,0.3068468727155967,0.29895579645750375,0.25162518796342215,0.24372821252975727,0.23708379042477648,0.2931299335829864,0.3188950051309427,0.26682201205701456,0.2649858902573589,0.28922791003135817,0.23741170855814875,0.25202916191131586,0.2815354401316828,0.26059221193687065,0.23987618690916732,0.23015246154805993,0.23551616063303188,0.21979430122416463,0.22188235403395823,0.2476318891620906,0.2631535365538381,0.28686541113212094,0.25835839859073756,0.2591463575344315,0.2645055668795997,0.23131962304340287,0.3030797783348835,0.22551226421422585,0.2657307891115959,0.23379178686582663,0.20964046290571184,0.17217691907256105,0.3150445738632733,0.2747722657007033,0.21530204662433522,0.2703920047353177,0.2207665656857329,0.19339495504541832,0.2747783438686381,0.2955873097540934,0.21011003290424604,0.2660832693193609,0.3477378308662203,0.2155572360393637,0.22502679543757767,0.25165997981260035,0.16001076195645617,0.2548951125809438,0.19841989968701784,0.17624941997904783,0.18717704259727966,0.2306866229948556,0.2034082588612305,0.21539008130415507,0.2839742800531814,0.23671322805116765,0.19381740035728073,0.23342605986927045,0.27015051667962925,0.2571949045932265,0.18756332439497259,0.2633409911635894,0.27075398647278376,0.1973248313715813,0.18099919421168176,0.2173323020421183,0.2316897703760041,0.23876022508877123,0.21240254077060203,0.23985657593074583,0.24322118464765127,0.27689170937860186,0.1919193543574186,0.2006986328969247,0.21198486429802427,0.3285704894787989,0.1994628939976298,0.29994096657599106,0.21240518647252776,0.24794247936664754,0.23280223687022641,0.17276368223472896,0.20314228613542878,0.18669268029917985,0.20030795871455612,0.2167446732634841,0.2351262726217429,0.19296228588356834,0.19115369561719853,0.2314435589297954,0.20574035019051184,0.19925611809366622,0.28524104810907536,0.21356364987935095,0.2904878284286658,0.2900826567722337,0.24436246337945722,0.22987328542424731,0.24263131013814232,0.22614637112685948,0.27051621255386515,0.223603608978245,0.23604713000887587,0.23248264203800517,0.2271160381803201,0.25541255452783507,0.2058922080276889,0.23964418937054904,0.28303747251298406,0.21038592773207193,0.24928463927079794,0.17203494083942975,0.2473258533042792,0.2467236035665488,0.20149732178003246,0.20535891780789806,0.2578160368500253,0.21427178537077957,0.2503868401245369,0.2659950264983203,0.18881382268461705,0.1978331040676944,0.2285612993533311,0.2698897033870355,0.241417487887808,0.1983405613605485,0.24012082211827593,0.23036039990142,0.25667576387895236,0.30659454010305126,0.190869851266187,0.24855482005188922,0.1991718791273436,0.25041769665028285,0.1917066560366424,0.29098877425812264,0.21029932981806923,0.3172632548928517,0.2020798688749891,0.2515484605527306,0.25427622009415535,0.26085577365682217,0.25814220564027485,0.2197745028135,0.21675942098724368,0.18762732673021199,0.23958034921857752,0.19061070835431235,0.3772838452773632
0.21462145569675364,0.2926988590476689,0.22031955081897014,0.24519696194777554,0.20337473834329753,0.2821834274053146,0.2526683429170407,0.2705030438602222,0.21603793800465035,0.21726071406911857,0.28835956596610335,0.0,0.19959132439030663,0.15633164424643212,0.2303132163612982,0.22695037121622091,0.22201837022861998,0.1801878938849254,0.29897323525673625,0.21399122597302855,0.27831067856749464,0.23094413552760826,0.22722268298530332,0.25889384271276955,0.2880071202083389,0.2103601932951402,0.1966360927973427,0.2037888705302498,0.2381346052442092,0.2220404860741753,0.2658110120353291,0.21053913956303907,0.24818901008067648,0.2425386490053515,0.20643805367414292,0.23469534617796098,0.2567428499877896,0.22105296233480243,0.29945522723103835,0.230282383549043,0.2840425692925534,0.2334567333707753,0.20769401230499465,0.2697580036582644,0.23139484032942254,0.2059551619765399,0.19179415963565102,0.2568284846949339,0.2274104848044859,0.19894431134321494,0.2558486023883272,0.2517272577583984,0.1788912889713581,0.29115585021070234,0.28386000528826166,0.222500348447658,0.24609573533210793,0.33169591997996034,0.176107848806135,0.20906893971323415,0.22184305308047042,0.15646137567127863,0.22321976714225264,0.16783444184621946,0.1720519896491589,0.18162935559622964,0.20063800722194197,0.18530893150285557,0.15477907513482003,0.22446618144426594,0.21203460750857797,0.1729332835672301,0.18307626724250312,0.22492532389300982,0.21613366564598874,0.17980794675023778,0.22010093723363325,0.255792478204514,0.2076314467677613,0.1807111958773119,0.2116941608767832,0.23341013366580746,0.252473653793643,0.18710150155021904,0.22810026290841035,0.25836109466665574,0.23485535503123003,0.17626507126710766,0.20838356704352307,0.24288841660484295,0.23203400949549974,0.23988354945280652,0.23419168547431576,0.21340041259832468,0.20382694171823965,0.3065520853317194,0.17949739126839193,0.2557868321973609,0.16748528234482363,0.19637940862375816,0.19305045724232897,0.213088171233949,0.20866843455109957,0.2534064665840475,0.19829189609939865,0.20966802079927363,0.20905168570716356,0.2392305482482355,0.20557673570934515,0.2954267962969412,0.34251945527874905,0.22960794823461744,0.20277977091090668,0.20991854139374244,0.20496464201761655,0.2427751650465412,0.2234063692300676,0.20988555824073107,0.2364668756806793,0.18514896482667045,0.20341712278458088,0.2286156703358327,0.21924195281174846,0.26541559810979964,0.18692261351083447,0.3139304490831869,0.16637450207627144,0.25228799943399877,0.2600045277423542,0.1816478553258284,0.1948703877446263,0.21590499320413928,0.18931584663579656,0.2503095265811008,0.24125077795967698,0.16755995588409975,0.22695212305010168,0.21287976622891325,0.2162524671277936,0.25251310147677397,0.19253005819168637,0.19483421756386973,0.23714102943513446,0.22328486487273605,0.26700634486295083,0.21990410479822392,0.31754951987204977,0.20234196193767878,0.2559251905500774,0.1702588963231429,0.27336556631601117,0.2240807196843111,0.21659165557669202,0.20289606447548636,0.34945588207823614,0.2268472837845458,0.23129262838815534,0.2853245621249707,0.20511663109477815,0.19196963986353208,0.1631895738420273,0.22765989738812717,0.19520409375405207,0.2688318055935842
