0,1,2,3,4,5,6,7,8,9,10,11,12,13,14,15,16,17,18,19,20,21,22,23,24,25,26,27,28,29,30,31,32,33,34,35,36,37,38,39,40,41,42,43,44,45,46,47,48,49,50,51,52,53,54,55,56,57,58,59,60,61,62,63,64,65,66,67,68,69,70,71,72,73,74,75,76,77,78,79,80,81,82,83,84,85,86,87,88,89,90,91,92,93,94,95,96,97,98,99,100,101,102,103,104,105,106,107,108,109,110,111,112,113,114,115,116,117,118,119,120,121,122,123,124,125,126,127,128,129,130,131,132,133,134,135,136,137,138,139,140,141,142,143,144,145,146,147,148,149,150,151,152,153,154,155,156,157,158,159,160,161,162,163
0.0,0.8339729980951374,0.7307100952126665,0.7864069205447738,0.8425478998557084,0.8286394340810541,0.8534789807219668,0.818773358293554,0.8773759991019647,0.7434486999699457,0.8761721759967032,0.8127260654676862,0.8980015416283147,0.7841611980910935,0.847297666415596,0.8246837087278025,0.8589477369981734,0.9274252239560034,0.8183918810163779,0.8837592585029648,0.8747140380403016,0.8156268922977113,0.843584198759694,0.8940202783078823,0.8700853968699331,0.8663533055692584,0.8260455775305743,0.8698595699166742,0.7398639365236848,0.8230510001292577,0.883701822626368,0.8393351221344595,0.7958980255234576,0.8604378055772368,0.9154661690529287,0.7555679035944101,0.9496952489180561,0.8178666842490223,0.7725646377178323,0.9157560715040886,0.7730106014258556,0.8748011966874608,0.8453067330225548,0.8684472380812086,0.8765877752236635,0.8741926227022003,0.8193666879916485,0.8614977962661047,0.9047004678161699,0.8106234548822763,0.8872326325696064,0.8578608171013584,0.7961632742734797,0.8224885232748365,0.7979128245773152,0.8384066061714941,0.9217056158333929,0.8174798188704873,0.8143089683093823,0.7764006858424145,0.8267563713274054,0.6635619688333048,0.8583947686415505,0.7090763681343804,0.8279532579959459,0.8560717590544596,0.8898542696128812,0.8749499818977791,0.7947478636859121,0.8594915158070434,0.9275346893055993,0.8062065881942083,0.8597441870426621,0.8899485766371071,0.8212913039792193,0.9058632059755449,0.7974247735649468,0.8547878049545844,0.8270796001025037,0.7852163900662019,0.8035522977875317,0.8944014500848706,0.8592017875534924,0.7859197565313991,0.8614570715411141,0.8660678797250682,0.8911155568862128,0.8454435299302294,0.8563566602099296,0.8155063470709868,0.8749119971844086,0.8302636976208924,0.8090725856624392,0.8774336857962093,0.8851215550871736,0.8211436545875715,0.7191046254769435,0.822037412680896,0.7109828221514721,0.860784258713345,0.7937276904250654,0.7316738352694682,0.7802260029127477,0.7282974457021634,0.8276096116383131,0.8270853222506501,0.7476493303307783,0.8476625705897962,0.8574078257170108,0.8683785836474193,0.8761406918791134,0.8368682408913641,0.8780099032655215,0.7822856875328238,0.8381358067016298,0.8837778690288263,0.887397239087513,0.7560403839672347,0.7832610019777618,0.7564633014140071,0.8135929844342275,0.7461362713711642,0.8746821969889371,0.9255257847868584,0.8434021191742234,0.7997928832909106,0.69670547326464,0.7835264022433043,0.7685798434148401,0.8373404069395284,0.7916876961258907,0.780559951992448,0.7838627088219551,0.826972519374304,0.8111193674115394,0.7861683387191424,0.8679262732016251,0.8952972740198868,0.8299165124760162,0.8183290325907028,0.7906754409025568,0.7535147760720198,0.8980477836883114,0.7519383738208365,0.8705050452396462,0.8850785246462297,0.8429898163413856,0.7525337997781996,0.7967545261641755,0.6183601669974673,0.9400924301034785,0.7958011998755037,0.822229721953865,0.7288952898643376,0.8015483764186113,0.8946362817666256,0.8499091065500087,0.8589919383439397,0.8597829325548382,0.8307725023469914,0.7749874689209162,0.9020281993115988,0.8573992492233942,0.9510138521579505
0.8339729980951374,0.0,0.8608269867230596,0.7788932730667875,0.8111154437535409,0.9381204103371689,0.8152950473456867,0.8994403490260495,0.8317156877590786,0.8984867591937986,0.8800873721546904,0.9323366796619077,0.876295689516123,0.8129707408375023,0.8196079850285543,0.8907617398866816,0.8742801958649385,0.7631164360386202,0.8406057001580797,0.8258547417819887,0.8778995998259151,0.8659732242562216,0.7872452190406534,0.8368822138345933,0.8953868972582604,0.7764805590974294,0.8507578376876407,0.8184997341489451,0.9381373925114571,0.8338009536036617,0.9324896854626292,0.885319540102794,0.8582433680282935,0.8411232608383696,0.8822342535190456,0.8638594290903876,0.8816001030036011,0.8627919983177624,0.8724273495396347,0.8483446661966756,0.8706643039935621,0.8456803049773803,0.7637796254133054,0.8711775500572059,0.9016321265495936,0.8029601191483395,0.8506970759756223,0.8724296002057594,0.8279037765744001,0.7916978386127872,0.8142110993617184,0.8154090479805031,0.819160028231989,0.9044610267868975,0.8937233048527857,0.8842926645529617,0.7992838711463722,0.9008312413726093,0.7578657211029457,0.8058767763554112,0.8693604027623493,0.7053897229741851,0.7994249478935312,0.7725189844774943,0.6722011978978478,0.7083734862245806,0.8050957072658796,0.7772993579030746,0.7651035723770966,0.823949463005424,0.8055579452692796,0.7905191194813038,0.7504794043908202,0.8353323061996294,0.9098606331230387,0.8307346775607182,0.756688392151843,0.9439274541651834,0.7751940468042621,0.7572811062988078,0.8661092248185693,0.7777277937534328,0.9200999262638012,0.8509872619495744,0.7760005328167455,0.9103955311227425,0.832331122315527,0.7548254189621632,0.8675439691704235,0.8441466795959932,0.7986650197795149,0.8740926398139307,0.8832100546634422,0.7738502310967762,0.78826674238896,0.9420689324819913,0.7940283943739891,0.8880158782742701,0.7333289153142906,0.8371288936509569,0.8411527547261504,0.7240378476731597,0.7180129082296886,0.820364086858537,0.8096947612347167,0.8082146256511942,0.7913006801399046,0.884257853429942,0.8794418720580948,0.8885930529076489,0.8495749296534078,0.7568388104185748,0.8077334222398099,0.8513042190050448,0.8002267228295372,0.8541824010000597,0.880095092662415,0.7781750929186391,0.8303745679270051,0.7979464364923567,0.7586362686229237,0.7673888142736673,0.80532887676485,0.894377575367203,0.7775788409111212,0.9487268564216584,0.7089252820353901,0.8791631896906671,0.9122933978517013,0.8265996614165064,0.8995967031434218,0.8445737275082595,0.7346166387215858,0.8193245766864566,0.8234771711308052,0.7370443371707648,0.8894726817712962,0.858885604889493,0.8424259009206667,0.8377276898635563,0.8163991555011996,0.8491912410723733,0.8753513676022645,0.8410027687582396,0.9250679787375083,0.7865506222764994,0.8947551038417013,0.9066929786647089,0.9221628645018222,0.7371784877458765,0.803654395594181,0.8889834590764972,0.8061613200972938,0.8194675075951519,0.8616004598937947,0.8083246879623729,0.7561830450701379,0.8965653410984779,0.8154036531829225,0.7504733878159247,0.8417487174097645,0.8570695619926942,0.9645115447398338,0.7820117997702654
0.7307100952126665,0.8608269867230596,0.0,0.7117760302872997,0.7759671908202496,0.8309906710403262,0.7416423306024191,0.8557840924047635,0.703679980112898,0.952272151611524,0.8537188490071324,0.8521286372416205,0.8150377513373428,0.6761952086020394,0.7758912887862491,0.8533050283604316,0.8162734469823131,0.7525760872567399,0.7854311866158336,0.7504703079152262,0.8954288681420364,0.9236303959094287,0.7231426143221893,0.7964759542513324,0.879527102442905,0.7084687280564658,0.750224382235801,0.7390332058361109,0.8617077474467445,0.7346337450920084,0.7831396191381303,0.8124104127636514,0.739380633207381,0.7118063771176918,0.7230223902558697,0.7513422972955626,0.8077064254150188,0.7419564808217736,0.7823219749511007,0.7655961474598564,0.7510609740996218,0.8276843285004977,0.8046757305920743,0.7679270603529413,0.8133107128952796,0.7267282197385219,0.7648867301712691,0.8539761433048447,0.7695499598903238,0.7231594788352262,0.7499328352671717,0.7120775705149067,0.6680801877422495,0.8459206328682545,0.8180904287813829,0.7362272470944298,0.7014433125547134,0.837555632725939,0.7882376252565081,0.6669530915487742,0.8286205956736657,0.5970201003624936,0.77057455973798,0.696246564455438,0.6526101177273786,0.6874313250106657,0.7297136178396169,0.7991217499208775,0.8608405595817145,0.839055001710011,0.7405575103926265,0.6499775105899562,0.6845352758529499,0.8338542399327108,0.8340484191921531,0.6710813975025458,0.7479755569193494,0.8147527367859826,0.6830850116777094,0.6075963142734577,0.8222639264320691,0.7093998898773382,0.8191379255108312,0.7398798650477093,0.6714560396158614,0.7770621530450159,0.7822030214540043,0.6982141024227083,0.7248552665570619,0.689555289535756,0.7217691144150973,0.7136385978836384,0.7802508196401353,0.6352377749740938,0.6917094382290229,0.856452958748733,0.7201642315739052,0.7790153072829438,0.5930742150223623,0.7064776689667246,0.6716429412012799,0.8024790943502191,0.6793396383930337,0.8269021881962692,0.6863800062236759,0.7414845837034513,0.7900524946292911,0.8472090882760439,0.7812913667166967,0.8637563149693505,0.7845016077564783,0.6593502530904548,0.7251433264926954,0.7432750041674233,0.6548699022230374,0.7060805763388999,0.7373714547708464,0.8289663003179977,0.8298532745777718,0.6397311438305262,0.64047175610045,0.6808812084199712,0.6849902957302137,0.7624168126558335,0.6301478652029786,0.8630199114358428,0.6150186228478697,0.7545797553187974,0.827786770237905,0.7688020733378552,0.7731558609344665,0.8694900837674362,0.6125629631766394,0.6376489908294504,0.842513684320139,0.6769601265704984,0.7695381300529969,0.7189125217676258,0.8738682998443666,0.7660237647055914,0.7549905724668536,0.7317287920929342,0.7272182018508295,0.7927046417244992,0.8212584373969684,0.7296544561264015,0.7886296854023878,0.8541531468070256,0.9401258744503566,0.632252412860901,0.6940183300242024,0.7575459014107261,0.7844857124458078,0.8598218019352306,0.8349269015069394,0.7855357782789579,0.7048458259000848,0.8187082163597714,0.678540445701623,0.6386999169003457,0.8688063658522974,0.6733723454623727,0.8465771747432008,0.6852883823296628
0.7864069205447738,0.7788932730667875,0.7117760302872997,0.0,0.8060101324006422,0.8404164482001039,0.8894272568257671,0.7770726578693617,0.694887944553352,0.7526759877341737,0.8184791676277875,0.839417260059317,0.725924029713462,0.670864268971619,0.8271818300849613,0.6990082646352254,0.7581774274349674,0.7524924067371228,0.8525993636302189,0.6363160263786246,0.8312929647770435,0.731533651321473,0.7988968322668096,0.7637883067834885,0.8359437925046994,0.8109708963208381,0.7380565589313794,0.7921472992140877,0.7570297027717499,0.7065850243013773,0.8040340208625439,0.7264455472961078,0.9534873017602963,0.7853866985107336,0.8030171966934416,0.7512881328113812,0.7863434919088614,0.7044282137253604,0.7147439687524867,0.8122534810028068,0.8664662491546975,0.77768711181429,0.7452198162866784,0.9009981267826754,0.7449737055339581,0.706687866747914,0.7156932865525425,0.7810537648310296,0.7884254121789849,0.673194964487731,0.8729545066007459,0.8945853980436652,0.7096196641830638,0.9018387106166764,0.8090629874687122,0.7265479340336332,0.7229726715910528,0.8767509285560625,0.7061166673732683,0.6616449844017445,0.758278746352695,0.6020714359489655,0.878777523669517,0.6054171001530712,0.6557705120896329,0.6549196664102506,0.7194815618778742,0.7263922266931901,0.6965980568112187,0.8335636946375297,0.7380326987551425,0.6543443488842398,0.7494784281029153,0.8070893901553444,0.7483827791905876,0.7310867188442824,0.6937137393060251,0.8296706133452156,0.7510209133239047,0.6802360188520781,0.8027729622115887,0.8400633504735768,0.7531914768021808,0.7197573048548395,0.7793285187145995,0.7420474111925474,0.7856648747253061,0.7338356166307262,0.7556817540332998,0.6563030480650259,0.8937212861803565,0.856402448564651,0.7704328245888217,0.6875950147667343,0.802552915943116,0.8618499324637782,0.6268758555959705,0.8527358953858851,0.6379866433046226,0.7932241001934677,0.6742070565079071,0.6661457431198256,0.9227946864521563,0.8731446775548094,0.7543273511269818,0.6693774339800727,0.6746083613159592,0.791718577598421,0.7657459784746242,0.7267007861196377,0.9133242736052727,0.7399654969565258,0.804019706685858,0.6949323105462909,0.7765411149679305,0.7821042458316242,0.8359539323518538,0.6537392284242388,0.8864101162215228,0.748587661774622,0.6233034962490395,0.8728155326194735,0.706908529169567,0.8597902351711084,0.6756402468172066,0.8322972903698028,0.641680568979789,0.673696609109418,0.7883706503170269,0.6752910154475503,0.6790035358070923,0.6607607136659474,0.623413997793224,0.7730412405750076,0.6686519589875501,0.6050555037874389,0.6710538284097949,0.8053531462036391,0.7155017286275561,0.7364605426281415,0.9443064377207894,0.643965851239158,0.8157650096893448,0.7405412323035152,0.752013101655613,0.8108848738590713,0.748064959820597,0.7334287011336589,0.7300179410588218,0.5686608856582143,0.8398924310580519,0.869443901268497,0.680370086055556,0.6333717261845576,0.9014110849633193,0.70260611483851,0.6648647395861697,0.8716394629185072,0.9250337362383871,0.7635023084688737,0.8118098319526996,0.8095010386379572,0.7990319794082701,0.8049109343322641
0.8425478998557084,0.8111154437535409,0.7759671908202496,0.8060101324006422,0.0,0.7579706788032718,0.8966599216290542,0.7687395695989825,0.8026502764775639,0.7744327090633955,0.836583978708706,0.8479500010670659,0.7424365709862857,0.6956076239945967,0.9273124827689879,0.7508476050565014,0.7808002799668431,0.8670449063459145,0.8336647078403538,0.7454086435355077,0.8815339983481149,0.8643805423942537,0.837352815887928,0.8521245295633891,0.8390170670615975,0.769733148162916,0.7853507238817677,0.7501709753571808,0.763024166708021,0.8072936450342124,0.8601185212152581,0.7608600448170808,0.8275892820235706,0.7524251329119371,0.8399827192093351,0.7734663687539223,0.8085138755703588,0.7560637998254065,0.8050976733682529,0.8444343890846027,0.8317558196629673,0.8349093118091515,0.8618320979505159,0.8640295431638761,0.7869295951111132,0.7684679182076678,0.8145483112294302,0.8118195039810518,0.8645471708948097,0.801185362484656,0.879955158281132,0.796942186055254,0.7627196134660988,0.8572550328459408,0.8133240459174615,0.7265370142549332,0.8013198572797392,0.8461765498796581,0.8104265849567587,0.710658440952288,0.7102901862393549,0.6125077742669438,0.8149745674419143,0.6905602998669594,0.8107491822474685,0.686663302144388,0.7261442586911648,0.8039380326637757,0.8076170268019914,0.8128153311368476,0.8226556135603388,0.7227539994320381,0.7207357872190475,0.8292528038977619,0.7431345010703784,0.7327906079736003,0.7264719133604802,0.8606323169226575,0.7287080978917757,0.6152493462796623,0.7220717588831665,0.8979569248285145,0.8257450972326904,0.6688541592622218,0.754749913980164,0.7767808067418777,0.7406877728253993,0.8126310392530608,0.7330156569741241,0.6919557682084517,0.9051152067042195,0.8345581874925174,0.8473079025967606,0.703449217295784,0.8192663651859616,0.8360965198635395,0.6644330124017234,0.7848970986520577,0.6659682946952159,0.7419213741856816,0.6995615365847387,0.7108106024949701,0.8137611281505115,0.8189684494597594,0.7610433483127481,0.7190929720843661,0.6973739900323935,0.7787164099787651,0.8341782478516042,0.7774920651844026,0.862091698890251,0.7994983018204098,0.7190651498898233,0.7032729123930458,0.731665390795662,0.7582358279195053,0.7754615413892753,0.7937108140599584,0.7770085981569921,0.6851403487339777,0.7634760462309713,0.7355075469378747,0.6994359956289318,0.8495034979379272,0.7179108678242915,0.8039519677699675,0.6408875412148909,0.7339346255984782,0.7505505785957539,0.8044234068308382,0.7202369735164743,0.7108408771519296,0.6083869340255952,0.7455608478987523,0.7678395789763741,0.742800169622699,0.7602451695272736,0.8736470437685291,0.8193744283206122,0.8513871989346605,0.8002577396574042,0.6892318016342679,0.8520808108177182,0.8039363769914579,0.8007142838166776,0.844348428760875,0.8669340764846873,0.7417215187969657,0.7990422492674605,0.5795290224904541,0.8242473123430554,0.8124906673284971,0.8404640185520768,0.7705603493837271,0.829555130861818,0.7703915833772006,0.697482579774944,0.7998674155991944,0.8106853486252776,0.7111036596233122,0.7536953430906566,0.7676682134317105,0.8473358525886305,0.8475778964113788
0.8286394340810541,0.9381204103371689,0.8309906710403262,0.8404164482001039,0.7579706788032718,0.0,0.7977074676338589,0.9042425484163845,0.7911476851746762,0.8601888675833204,0.8752509315779373,0.9028511241334742,0.8742793719524099,0.7840923838032218,0.7725371364381479,0.8580072211945013,0.8578679848601374,0.7308714464299576,0.8331982973840574,0.763246985414271,0.8687786843133282,0.8079371344612469,0.7481496858865069,0.7863794712407366,0.8916438386699382,0.813363439063885,0.792749324074298,0.8253373285070658,0.887359639044959,0.7792226143688652,0.8862983563321732,0.8603899734799773,0.8888425696721627,0.8384979183719334,0.8562628132424677,0.8298370189887848,0.8865437851958815,0.8271520871015423,0.796209389884571,0.8118554224838064,0.8537988861051728,0.8471537106608105,0.7376622122895645,0.8903509790405283,0.8644466649050091,0.7624628173394187,0.8027601605962432,0.8711640982682913,0.7830079129641107,0.731467786951244,0.817919316599587,0.8737441043131658,0.7655932488248156,0.9093623600182511,0.865889112213137,0.8898960213152715,0.7642375311787866,0.921004766156961,0.7104605382674769,0.7515120512973494,0.903418023372381,0.6962997314671167,0.8618553885480218,0.709904852687666,0.6328200203304308,0.7130613941403464,0.8079836783924481,0.7798904628219182,0.7349371972559111,0.8580789529684878,0.8007280811298426,0.7356038870877383,0.7938582974028805,0.8339376609136353,0.9120774294735343,0.8151108475752759,0.7444090253148049,0.905213207767603,0.7840800134292902,0.8024967025567197,0.938761099262654,0.7808042418697785,0.8737650347479844,0.8838065802911353,0.7990541117250742,0.8822053828355251,0.8965798880709922,0.7282893600184034,0.8597368515976331,0.8134411170699705,0.8115784225435336,0.8692876188695292,0.8183127636458289,0.7564853384398896,0.7928099579048411,0.9457683184278575,0.7714144583069762,0.9183124734765467,0.7114818283941928,0.8515368634728584,0.7976716585504502,0.7160239684931288,0.7635759498464043,0.8296489876535085,0.8104401045781652,0.7845516992895993,0.7729962192191469,0.885856457805115,0.8154599921448388,0.858526486259476,0.8685436274969979,0.7407766154136854,0.8832420603842955,0.8350595126913412,0.813726082701422,0.8610857635982022,0.8963492134910636,0.7037283329440381,0.8909679020571173,0.8286707622550931,0.6894197848348533,0.8374473254237268,0.8228936362931033,0.890336693711755,0.7634031331765129,0.9305878895590073,0.710945125062588,0.8216183626503284,0.9078277841744479,0.7523140429012332,0.8649661188254201,0.8498325744038541,0.7439382007482718,0.834236244938817,0.7735777953540082,0.6755751666159424,0.8195544270184499,0.8082061011396844,0.7718159827980514,0.7674638678927539,0.8684136667654715,0.8098022821000338,0.8436672809923824,0.8100308596091609,0.8898693130042236,0.790215791483436,0.8430990272823051,0.8613782527840738,0.8671951622565405,0.7101791943024008,0.8203155695429867,0.8821886441086033,0.7232207895124633,0.7295166006224778,0.8876345531907428,0.7902498057125552,0.7351314555499966,0.9362967387132187,0.8441480021744922,0.7753899918162255,0.8588804208069329,0.8762540538416352,0.9264314677659466,0.7844870009501869
0.8534789807219668,0.8152950473456867,0.7416423306024191,0.8894272568257671,0.8966599216290542,0.7977074676338589,0.0,0.7656466581410231,0.7520156293346071,0.8065259298664972,0.8423238586260788,0.8619099993716998,0.7767932822181464,0.6919991330708944,0.9059089253477861,0.7403753364125487,0.7902066125905662,0.8524054037530754,0.8673282094933344,0.7058209903886796,0.8684753378443737,0.8068665412673456,0.9049157821181407,0.8666114115936511,0.8829859350183097,0.7847144523172594,0.8030826537456058,0.8161256708257442,0.7624471765309425,0.7954579723008943,0.8448799695613959,0.7951528201493286,0.8624483244229092,0.8167235454722874,0.8195336096180152,0.7379869451810449,0.8454440544830832,0.6932920224871398,0.7617322002929383,0.9010833436394287,0.7973575371311423,0.8533111824974303,0.8123928050394172,0.8716549131564937,0.7892766247578283,0.7878490139574321,0.7868450906782611,0.8013535982747112,0.9196275261690913,0.7304473428347237,0.9249312206249504,0.8160618936409728,0.7472266506092566,0.8800525790800995,0.8257816926948757,0.7565109059569253,0.7937034865421347,0.8350439672203738,0.8327665880832488,0.7065704215602413,0.7494437583848047,0.6014948400446662,0.7987909072123667,0.6355871821622429,0.7604513422542857,0.7074603209775461,0.7835884352350229,0.8148726074526212,0.7486579869148274,0.8192284638398458,0.7903467755064915,0.6948331038382278,0.7463003637372749,0.879651859464772,0.7292627324929392,0.8027025714820688,0.7825573778679581,0.8882726748874477,0.7084962542204669,0.6726016270061616,0.7453317399107287,0.8780914368603555,0.8296991549230728,0.660774111603592,0.7683677364765492,0.7378303972773926,0.7660054134174467,0.8266689516797107,0.7902387990622436,0.6981256380006666,0.8913900964982163,0.8632925823915676,0.8231085098277497,0.7436178972963611,0.8276186417328706,0.8473380872034656,0.6230527588684132,0.8101976352587135,0.6391378394021549,0.8143036545237293,0.6982581735760112,0.7206056433845921,0.8625554928154043,0.8229927564435059,0.7364205722386733,0.709079429271564,0.7072829027930929,0.8011559593491853,0.8461905334823224,0.8095397761362971,0.9456170713898521,0.7508689083108071,0.784468770968285,0.6988781398405217,0.736188573770231,0.7855502388497829,0.8370048587236788,0.7719564143348965,0.8184072983811609,0.6941177572546783,0.6837881115347332,0.7456614085038663,0.7098969961467213,0.9201407997391983,0.690701279819075,0.8257408943978477,0.6499704077636508,0.7183502546565921,0.7536581511209931,0.7384675062384376,0.7064999934426485,0.6687044309073141,0.6288933604918274,0.7256057266877416,0.7215063153185969,0.6680444847610059,0.7359974765831825,0.8441914463288682,0.7781752426790484,0.8106165818791018,0.84352765715383,0.671665893017432,0.8974340940336335,0.742850165377455,0.7810971740620661,0.8658361434330222,0.7841197613433606,0.7824783112912287,0.7721967087142575,0.5524149669379879,0.8456622284626434,0.8408517056906468,0.7755736632616871,0.7469134677167328,0.859337034064995,0.7759205961652847,0.7516275605619328,0.8702692785136016,0.8755766710217336,0.799355717110009,0.8019720600993111,0.7936943747538002,0.8246198357546766,0.8400630808034405
0.818773358293554,0.8994403490260495,0.8557840924047635,0.7770726578693617,0.7687395695989825,0.9042425484163845,0.7656466581410231,0.0,0.8307373647501016,0.8490304046096754,0.8566010842779692,0.9090975289609747,0.8827589762625346,0.7453949154504333,0.8010776885716587,0.8993290346015659,0.8586670253698159,0.7728717068226327,0.8280002853745316,0.8048921418199858,0.8707050474891906,0.8319374920462869,0.779934506698977,0.801643420396983,0.8754044024675988,0.8068561296078332,0.8676962954581919,0.8258267242107633,0.8246006921104277,0.8477491181007628,0.9039350153388088,0.8607009455536768,0.8288062982570812,0.8348498485528367,0.8080746612328721,0.8166143520179516,0.8820844540813484,0.8477593174956679,0.8399125806930762,0.8124908209160625,0.8194946937561612,0.8212249643060839,0.8082599557702727,0.8081430017407817,0.9223546604010195,0.8448946520692412,0.8109552831197522,0.8296360287747466,0.7913305089490004,0.7751570991252908,0.8141740802765223,0.8046977379194201,0.7385983751830255,0.8587697202554837,0.8461606743482276,0.8329081398344083,0.7984788297268366,0.9315318646189946,0.7109278578231889,0.7827109471070539,0.8962101429358539,0.6910143747390004,0.8415560704543545,0.7125562932801179,0.6494977651622919,0.7403455523839897,0.797580829043508,0.7858675298003223,0.7912962971236269,0.9101390236835301,0.8125307081620411,0.7278130861661435,0.7308698139478456,0.8583766005027966,0.9202836301554982,0.7792825814573682,0.7892418470430309,0.8770859037244895,0.8409050433475717,0.6973840542932961,0.8136701365741902,0.788511274683333,0.8895794932271233,0.8520351804397546,0.773889064274157,0.9143618228603805,0.8940196416406031,0.7542909236472688,0.8817630192070768,0.832284883736575,0.8020695783350471,0.8164168170539468,0.8208733327202841,0.7375260073281527,0.7375866644106536,0.8874043431958416,0.7945654949363903,0.8544869563649019,0.6726221370089029,0.8290458972741638,0.764077657417887,0.8184612740481128,0.7281103256862959,0.7999608487663923,0.8044092175193038,0.8567803541102363,0.8306915424354246,0.8740819164668985,0.8452181033553409,0.829198210774168,0.8142856118490042,0.744319074603139,0.7861616442528148,0.8687108687830829,0.7957345557213513,0.8546116331985918,0.8302049065576116,0.7522347874300246,0.7891308946343811,0.7637644236264234,0.7088743428672627,0.8403099945371754,0.7551734602317445,0.8639277253960849,0.6871567888602,0.8998500379294903,0.693131624165167,0.887004327690406,0.8548951424721609,0.7978460963752535,0.8782703358642576,0.8830446929211908,0.7433518970461414,0.7665317122348462,0.7962634931537173,0.6596357921506698,0.8573626534143899,0.8032701518846921,0.8449791722132122,0.8596026813081564,0.7853802459302582,0.7810930489948325,0.8239639893197704,0.7958233311458807,0.8598686134419109,0.787698881006281,0.8778368587361086,0.8856252016985623,0.8805545028893117,0.6934510869155495,0.815390873331889,0.7965844908398492,0.7961211652402397,0.8004639006992534,0.863875004251949,0.8372220722896113,0.745656998825915,0.9032876902733366,0.7481515650766908,0.733860722834381,0.7865931191517379,0.7779216081430649,0.9264841078121483,0.7592426784128437
0.8773759991019647,0.8317156877590786,0.703679980112898,0.694887944553352,0.8026502764775639,0.7911476851746762,0.7520156293346071,0.8307373647501016,0.0,0.7009213697159334,0.7606980794708916,0.7829581444748763,0.8035962641184493,0.7535656113460603,0.8024623509421439,0.7621013521333512,0.7460545890193048,0.7942171754769324,0.7233020644119131,0.809329115998832,0.7562207313558366,0.7939241431043238,0.7321851452125193,0.785148711268081,0.7696424462914648,0.7448317408715976,0.8088717589220197,0.7312143699689356,0.7001623917832221,0.8575283970011578,0.8807273323347604,0.7553329405751633,0.7552886164644693,0.7467619171815155,0.8363736774853787,0.7329550149892213,0.840284601946688,0.8011871596928928,0.7634264287093353,0.7733011208003295,0.7393808875046807,0.8420827131656886,0.7254493111401192,0.7629268940588635,0.8202839967921824,0.7869008311146263,0.810925209259804,0.7430925204479609,0.7554426185239712,0.760718476018219,0.7546419396512983,0.7576068711717499,0.7574694136385409,0.7369473901416236,0.7158019319239896,0.8747215049985573,0.7912262087086812,0.7894275953545973,0.6766667580861525,0.7529575470010221,0.7468621233056776,0.6762195220825269,0.7393619759196136,0.6897012929194979,0.7212691185643268,0.6991479453426436,0.7865912901767976,0.8064056483073717,0.7074292505591379,0.8007825754802984,0.8691685366876455,0.7524007928634124,0.7274550232621192,0.7536729824566761,0.7847963774825337,0.7856411527876512,0.6929224986410241,0.8032536545025056,0.7495272395304134,0.694074148017717,0.7155687056895704,0.8590685309061283,0.8997456111649618,0.7425236878636988,0.7331141615410461,0.8843514154895481,0.8072139585982727,0.7447905093310421,0.7972485396536031,0.9107323627592543,0.7926440355781929,0.8168417473078112,0.7461035486445072,0.7488069243144588,0.7737428273007375,0.8050017685079583,0.7301708066637604,0.7712561707957082,0.7138908156445624,0.7726180716000217,0.7580396215199591,0.662692176882535,0.6705110235560471,0.6853102175579323,0.7749781339506555,0.7829098737337977,0.6644663277747426,0.7678901603373139,0.7783806602180585,0.7755790354614411,0.7320957212605136,0.7536826025254285,0.7515658979462689,0.7784806931952486,0.7547111383699595,0.8500674903231503,0.7626070501718386,0.6789914478618901,0.6625294437283712,0.7624201738552874,0.7892475798272434,0.7359250622577166,0.7575370478717074,0.8297603240389148,0.7933562153091303,0.7474287571868424,0.6803472690004851,0.8180823407829068,0.7039950453923826,0.7891870030730376,0.877746000412382,0.7601266703867398,0.7376641735558185,0.8321155204754278,0.739640612489111,0.730733829972035,0.8458436278485822,0.8175470104348923,0.7373874259881263,0.799899957020708,0.7081221219876132,0.7375989939464533,0.8479748315232964,0.7347099749447705,0.7917087316471976,0.7817206899999377,0.9341646297201597,0.7329241962656843,0.7481346134081577,0.6395680272935936,0.8134414535097042,0.7282123540777176,0.7628425893109068,0.7460115056628868,0.7339161602045461,0.8365037107233294,0.7431481944696604,0.8022846305442012,0.7477545027610804,0.6978462859532292,0.666848941810112,0.8134278397208294,0.8737266370089274,0.8411008813416593
0.7434486999699457,0.8984867591937986,0.952272151611524,0.7526759877341737,0.7744327090633955,0.8601888675833204,0.8065259298664972,0.8490304046096754,0.7009213697159334,0.0,0.8727729679272005,0.9069378520624003,0.8189414674900867,0.676913687952301,0.7951072099144045,0.8521983233293545,0.8319411628988699,0.753327454938795,0.8485631326403114,0.7394321876638017,0.8940338095512552,0.8957703085682436,0.7863118345721057,0.8234812601119107,0.9268732764964346,0.6936516801701839,0.7829026058083649,0.7905306672619069,0.9028982422067036,0.7768731319862319,0.8107512584366621,0.8431136280414182,0.7720481022196688,0.7592553891824957,0.7369992001120915,0.7496142196656574,0.8215786345412058,0.721535152960659,0.800063379573725,0.7962740216838838,0.7647753241862475,0.8422092837019066,0.7825486562091855,0.7901900044593103,0.8128671635663881,0.7382683306040385,0.7614030482503252,0.8480648983563629,0.8216908449222269,0.7004444419371236,0.7752241247510107,0.7193976969218429,0.6888072849390094,0.8733588694761047,0.8514147904696006,0.7559145564162837,0.7157715376098073,0.8570284782615494,0.7974403188165788,0.6816262853901988,0.8329986216908445,0.5906489132243531,0.7493895251517576,0.6745462099973586,0.6387404563821318,0.6734565869353508,0.7327635518744742,0.774481605468031,0.8045047049572239,0.8355300445679736,0.7103109244229922,0.6529045416673702,0.6759633205819061,0.8442174587883969,0.8311528559905641,0.7213315087209755,0.7659624799744246,0.8577871062415994,0.6750466460609069,0.6433995212628664,0.8256147986577206,0.705775243765591,0.8501669477345837,0.7269261579445984,0.6787402435879992,0.7650017768293703,0.7747389682408113,0.7071534898378101,0.7677932413158712,0.6969711447050603,0.7290163275870764,0.7492517105844226,0.8108934369697245,0.6669641618062564,0.6924005289994677,0.8855171929326604,0.6856796886071137,0.8022596084543413,0.5927665615156451,0.7356862462689796,0.6897292285376778,0.7863340922556948,0.6971345827694905,0.857953996960102,0.6805308991487318,0.724934221835712,0.7835327184892639,0.8752369580178282,0.8012805502092138,0.8887543135174417,0.8399964353353141,0.6479450549536607,0.7327700752036356,0.7561230703986741,0.6631535748142134,0.7280202228911876,0.7941349460092118,0.8506922482816106,0.8444481950283093,0.6497408173124587,0.625216179156834,0.6811096762257453,0.6877097686762997,0.8164674199046457,0.6314883264528176,0.9092320371386934,0.6120785371915574,0.7555760628652808,0.8443735886393926,0.7339101658901389,0.7851190672543912,0.807920044216448,0.6212129402605592,0.6454505845515648,0.812711051328656,0.6527988146949366,0.7858406966543197,0.7282509668058841,0.8554248863100843,0.7920145238047009,0.7851568751827632,0.7312542929933533,0.7646193754372593,0.7676763851601855,0.8222879481180198,0.7350974012938679,0.7707770019644586,0.9084109201141177,0.9440694221962476,0.6275703663218782,0.7149461458792868,0.8217045425214545,0.7858215254677805,0.8433946545465147,0.8726853010497555,0.7763834776757041,0.7399053605625283,0.8622750398121123,0.7200332372552172,0.6816082433520259,0.8824132727555541,0.7078159790679661,0.8567797257856647,0.6983786447891281
0.8761721759967032,0.8800873721546904,0.8537188490071324,0.8184791676277875,0.836583978708706,0.8752509315779373,0.8423238586260788,0.8566010842779692,0.7606980794708916,0.8727729679272005,0.0,0.8995449169717554,0.8815021126455838,0.7326855949154162,0.8566331244966521,0.8894054638713673,0.8871552274411497,0.857073876713503,0.9156883869408463,0.8333377054584211,0.9424115283316803,0.9019162446061011,0.8260716458857554,0.8957267394365115,0.942050112456648,0.7875559965514524,0.8178308320726244,0.88822716860869,0.8804294003875602,0.804406751798162,0.8759201286403485,0.8698623609985623,0.8183050729169644,0.8211968995086389,0.8496429840836948,0.7766633853755334,0.9273541188571504,0.8134345374107992,0.8707495683346974,0.8699038240460089,0.8066002129581982,0.8346306233123401,0.8674366949220466,0.8939113007312958,0.8503611474223178,0.7892252260937296,0.7294072132529725,0.9548033884052919,0.9063459007143605,0.7686614477785785,0.873234416561045,0.7939515071801926,0.756876030926864,0.9235034716271607,0.9099318499720794,0.7452311279929207,0.8592525715746432,0.8906762429610102,0.8240625621486865,0.7301900616945783,0.9135024452969894,0.614904590801352,0.8633001870298719,0.6956483981775614,0.7394507672992192,0.780141708328771,0.8156430589958585,0.8124509290951148,0.8268353775449024,0.9184955601191725,0.812324532676474,0.7399990798360236,0.7767727989768424,0.9058977065603565,0.8820734583215952,0.8203416085409226,0.8352245723392363,0.8784507259265977,0.7720979754974481,0.7498401080569063,0.8570462777380243,0.7933417177985076,0.849650381211716,0.7999317708459153,0.7859667088969569,0.811656422927776,0.8983975420424832,0.7810986871618675,0.808189140931337,0.7194468007609361,0.8184793542661388,0.7732268067389587,0.8749019000642438,0.8019057771181594,0.8038599262329844,0.8820066809626536,0.7359266625690691,0.7971142090426504,0.6424365181666153,0.7785530754105646,0.784048261123279,0.8203210899344452,0.7510698038597292,0.8147254767500205,0.7697140259534928,0.7479848767965808,0.792717260001858,0.8707711556376871,0.8175576871440363,0.9023772196390952,0.9221832428029065,0.7522927302590195,0.8232818937073991,0.8203119133146131,0.7656044385461618,0.7882786484099629,0.8600024589333176,0.8651512253242614,0.8612329017704728,0.6949705743853317,0.73200190978155,0.7429462197023001,0.78261363079012,0.9071951091533865,0.7588627811304047,0.9212708182159809,0.6300347253273355,0.7704312461082271,0.8419666587802097,0.7996918643765889,0.7521762298963347,0.8344490036883271,0.7470872590311411,0.7584641348133048,0.8947798212217557,0.7535264447333925,0.8329054817037164,0.825521390277963,0.8877080586480062,0.8626782259609622,0.853735702778827,0.7611410971306968,0.8154037761292584,0.7955705265842485,0.9114228140892738,0.7740816556075485,0.8003380294960806,0.8462182527068232,0.8886654965343119,0.6308480622310303,0.8858852438278578,0.8799377588577113,0.8729609088907385,0.7287075693512468,0.8741406468866227,0.8699969443665243,0.8549328838017246,0.8703361853047862,0.8440689125564947,0.7908610525208273,0.8320910497033382,0.8311242119202035,0.8483111753645245,0.8695713755236854
0.8127260654676862,0.9323366796619077,0.8521286372416205,0.839417260059317,0.8479500010670659,0.9028511241334742,0.8619099993716998,0.9090975289609747,0.7829581444748763,0.9069378520624003,0.8995449169717554,0.0,0.8132148555735131,0.7027486200380626,0.8686467815483031,0.8587705319465576,0.8546951682796682,0.7771063685805409,0.9440693768478616,0.7720689538039629,0.920432815746024,0.8532517255945994,0.8571859994370533,0.8639909733235438,0.9434424129289253,0.7620406196490548,0.8379719681123516,0.84497417407381,0.8966750954600246,0.8668743383447762,0.9299498457486678,0.8469903191797692,0.8804944064280634,0.85293146782576,0.8314684704499845,0.8170484088900735,0.8582938579304467,0.7985500554681679,0.8844616675251712,0.8322236106558087,0.8815422827928213,0.8367493931584701,0.8191674880538291,0.8826825315213054,0.8639683776981151,0.7961608570531941,0.7983593004408148,0.8613999138273376,0.8596787636072973,0.7486366738969621,0.8460779025961536,0.815770744221167,0.7472670292241295,0.9256355893913566,0.898168540810095,0.7954610464109139,0.7965336285911575,0.9606244692287979,0.7411235171034775,0.7461180642513374,0.8320597770911374,0.6306544726736965,0.8213639895496975,0.6896962248880832,0.6624342830013826,0.6817678877496051,0.7359313972225012,0.748846775742422,0.7542500915849956,0.8789235329147366,0.7554059212430702,0.7101700137847264,0.6946890448492988,0.842395305864938,0.8636745306397673,0.7862764451997796,0.7567207254611532,0.9239467507056974,0.7915571437179613,0.6956852995958477,0.8226986396785096,0.7920137039982681,0.8993806808769409,0.7777972206143763,0.7596769945887344,0.8542638723032536,0.821796821930291,0.741485270595112,0.8409476073576582,0.7589898345374072,0.8247185420118289,0.853806275801608,0.8777168490436711,0.7341124100895697,0.733949688178252,0.9411310324612373,0.7159047888648691,0.8798319257876955,0.6531412026770613,0.7921373286402746,0.7523642681819207,0.7660759616009823,0.7743590522237042,0.9043490369706924,0.7636548748519442,0.7679472144489345,0.7796265922611545,0.8994224345952162,0.8473988559448823,0.8609562424302215,0.9080892029638935,0.7347145721128432,0.7494462898959436,0.8054324732754208,0.764677214700779,0.817441599079688,0.8794071288555313,0.8125156226100643,0.843054842262685,0.7258445749376803,0.6929502062863284,0.7914655442411929,0.7368821737179497,0.9109788650361692,0.6900570434533212,0.962892283332547,0.6399309104253559,0.8169759145656724,0.8806357525747333,0.7542879770964259,0.8221721517090225,0.7838167018831401,0.6706357431399074,0.7590355692053492,0.8028590216934594,0.6680802717260804,0.8538192748201328,0.8273688901052796,0.8518374507571551,0.900927762883576,0.8483338551415092,0.7472554764522245,0.8380139730419484,0.7921657285820178,0.8679216958237803,0.7912194322173862,0.8648733499045225,0.8961020308638498,0.9180243289156234,0.6582938925407776,0.8346506597549777,0.9047477379322966,0.8205134845688234,0.778610253638054,0.9480282397864682,0.7929997071336669,0.7448842423398533,0.92254435043146,0.8107766988159634,0.7360884451790976,0.8124355002947978,0.8096902000391624,0.9273693458020223,0.7910771278542814
