0,1,2,3,4,5,6,7,8,9,10,11,12,13,14,15,16,17,18,19,20,21,22,23,24,25,26,27,28,29,30,31,32,33,34,35,36,37,38,39,40,41,42,43,44,45,46,47,48,49,50,51,52,53,54,55,56,57,58,59,60,61,62,63,64,65,66,67,68,69,70,71,72,73,74,75,76,77,78,79,80,81,82,83,84,85,86,87,88,89,90,91,92,93,94,95,96,97,98,99,100,101,102,103,104,105,106,107,108,109,110,111,112,113,114,115,116,117,118,119,120,121,122,123,124,125,126,127,128,129,130,131,132,133,134,135,136,137,138,139,140,141,142,143,144,145,146,147,148,149,150,151,152,153,154,155,156,157,158,159,160,161,162,163
0.0,0.8097479615884968,0.7742162280152298,0.789764383679277,0.8515804865721032,0.7650183174828005,0.9213878740102017,0.7662884354743068,0.7956264697724575,0.7037394659907543,0.8722260908342372,0.8165134238053479,0.8627532264168429,0.742017003251777,0.9018939870774159,0.8279803825774489,0.8576877044069481,0.9002722661487595,0.7792352863463721,0.8735371218644129,0.8444193437076414,0.8572838493877323,0.8598560509241202,0.8961367208757177,0.7993051842896849,0.8341215734662043,0.7250509707486464,0.7786517437632584,0.7578886989269741,0.8405017107661418,0.839225955360597,0.7978456393732573,0.81909557309359,0.8494721110618076,0.8429610552706596,0.7966501540622967,0.9276827022980334,0.8760609802582406,0.8578848429739216,0.8222052139699023,0.8410200526685011,0.8278433123643183,0.8870118624662399,0.883367639721843,0.8143724268331216,0.9020869630940003,0.8365352509805758,0.8436870212124516,0.9145217291829515,0.9219491616693599,0.9229774357268202,0.8503708198689197,0.8929204285847713,0.8420436806025826,0.8139298951764136,0.8301126553391912,0.9568636867193614,0.8121337978577853,0.7645804319117644,0.8834545524540525,0.7619428562329577,0.8111157129643662,0.8377502622137756,0.698578155436816,0.8969848692453499,0.9174805669105616,0.7739432500980278,0.8846090034327285,0.7919553137883565,0.853298343045194,0.9119770115336346,0.8031871227518274,0.7708768643504914,0.8787105442377818,0.8030152627557489,0.8748792930141468,0.8593131854824997,0.8545912575327906,0.893284937187703,0.7601180610838135,0.7627498572018407,0.9437032434292981,0.8855243585570095,0.7728956487928755,0.8926712029635719,0.8663380935438383,0.7857219852300154,0.8556553705595424,0.8036242119821111,0.8537350956099513,0.9096727392410606,0.8088085661252271,0.8852662923353463,0.9283459430212456,0.883050431413193,0.8205210626228809,0.6763895305454963,0.7226327059001142,0.7424836325187733,0.7874806229139878,0.8089407375040608,0.7831277948059354,0.7774420981190932,0.6984748176844155,0.8646836926798902,0.8597846310687379,0.8031748941380584,0.8027201586874874,0.8605688244813288,0.8614254348074375,0.8819039263036066,0.9222807080122806,0.8848629649488701,0.7265321339624016,0.8755783355430212,0.8630361692699133,0.8145708234715698,0.8008308082447058,0.7695699505578241,0.7402985469068243,0.8893115427922921,0.8214647933274827,0.9180170772581592,0.9104044585794119,0.7519515456141216,0.8161588879273612,0.8225222113570952,0.8764697312690372,0.7388095951071908,0.8191528480771456,0.7319994207875798,0.7475421972218809,0.7876257626771902,0.9046511010941507,0.8000925742653474,0.8787005069644247,0.9094280637668846,0.8567867738436774,0.7453373521923768,0.9121428915533308,0.7361761243658944,0.7917505877080115,0.9260332444678063,0.7068613700137767,0.8694623872634942,0.9233595806392393,0.8771609587925524,0.8239652656269221,0.7174429333919381,0.6274736954587433,0.8905567530852483,0.8020036069201034,0.8956897379268897,0.8194251023106653,0.8300029911394475,0.9037277094977133,0.8713905878957504,0.8460890754759277,0.7547244155415532,0.85562477538509,0.7482248068357756,0.8746473068047773,0.838202245207269,0.9384554714864217
0.8097479615884968,0.0,0.8964879363887565,0.8741976556506288,0.7428864882991564,0.7818413190253322,0.8942934272241914,0.9571094390848145,0.6831065468909241,0.9444256051199073,0.9172602566904215,0.8744022168132929,0.9229448611358145,0.8497951560340252,0.923717395628925,0.8403598693170277,0.8626439821080503,0.8790386869659867,0.7865704809354558,0.8869329923931364,0.8132869016949966,0.9519945169458673,0.8886654481474152,0.8928453559862966,0.9188345505955929,0.77500254976245,0.8455890571831486,0.8579750430201111,0.968359286994014,0.7153461693537331,0.8669310824741759,0.8077976424582979,0.9175561273404332,0.8419497561849548,0.8458134156840575,0.9474873589650104,0.8964980511178336,0.9370329280851643,0.9019094229049797,0.863317506148705,0.9220955456196265,0.7542579494226855,0.802181944565728,0.822553398608061,0.9601764235467394,0.8676263085763545,0.7452086918031149,0.8464834646386009,0.9128312472764484,0.8499599450734199,0.8117918671584425,0.7390119398968666,0.8665555781860085,0.9558739079432386,0.9399606652162418,0.7836843026054332,0.7981471215237046,0.789341716958998,0.8967038776040385,0.9043665853816412,0.9527243014851215,0.684978581844899,0.7395928999617974,0.8507549862108915,0.7052293926205717,0.7850290441399841,0.8471364558929158,0.802277511304845,0.9452866994019108,0.9553003549497551,0.7714737904480342,0.8284681192775651,0.6828300710477837,0.89845593217054,0.9378123799237711,0.7643561932841689,0.8394342350956141,0.8275513007889936,0.8597970633701042,0.6357676150100701,0.7500527319040396,0.7524312042783023,0.8459467755110612,0.941656019488221,0.692697342353051,0.9403791425975593,0.771347921088965,0.7828239450195251,0.8625830107520759,0.8621692783079059,0.7668797518009853,0.7816762123311516,0.8991480136310986,0.7592497762600505,0.8259998942823056,0.951345512685842,0.7663814615343683,0.8320340073776014,0.6113568447382454,0.8424500700854342,0.8992390700991361,0.8416388870394972,0.7059735905794473,0.8945927037593605,0.7921791740083561,0.8054133533715621,0.8606036580387106,0.9617352321738408,0.8994268012957466,0.9037426325233725,0.832583064365677,0.7425533211028684,0.8394956300195049,0.878420421545993,0.8262234707412991,0.8144889228676856,0.7907076102223211,0.8687950395814927,0.8662207815543143,0.7741821939370505,0.7609015631053002,0.8408168915018953,0.7590390823760709,0.823658263612327,0.6312589510168307,0.9636309592468302,0.7095774708378546,0.9029651352092285,0.9510037171442992,0.8937719393798066,0.8100300733260127,0.711754099548088,0.7848493039622907,0.7494896693355619,0.9293225015657881,0.7920420582774188,0.8675371047288916,0.8701188166758123,0.9233469020354923,0.8861453998075541,0.8967126964342429,0.8249689296067744,0.8893398753438132,0.8204976914203023,0.9088724667865069,0.773654584138716,0.7985601341853066,0.902434544362651,0.898989783632042,0.750118361240621,0.753244962506633,0.9023748421155078,0.9285521864471135,0.9349302685769223,0.9158750871804795,0.9378225379690281,0.8824684883302084,0.8283260577592968,0.8131839964806401,0.7060727483036174,0.923796099971074,0.7225890400910545,0.9284519124432321,0.7672510096745034
0.7742162280152298,0.8964879363887565,0.0,0.761629657209281,0.864261301265232,0.9107223013010035,0.8466111730034885,0.8424222496560715,0.6069109727264319,0.8735206689880775,0.9415218805934056,0.917509335457175,0.9027017288033301,0.7019832016061526,0.8391150955189246,0.9583513779743907,0.9411467939188667,0.7707174693086118,0.7783282072643071,0.7772384766101906,0.9407269683398946,0.9551859719479362,0.7655022268909372,0.888494007244172,0.8637651244927717,0.8340208377624878,0.6921369595435836,0.7243141064742665,0.9275677770344478,0.8111967207446672,0.7599813624973374,0.8716305694117964,0.8192987764619657,0.758507978530382,0.6951445863665217,0.879056892409942,0.9097452521019254,0.8872076525734501,0.9068471932001644,0.7978674915142562,0.8864300976576912,0.8588721115183473,0.8894579309056259,0.8973979549665134,0.8185177796609502,0.8321892040151001,0.8770758254978267,0.9473213769226668,0.8300895687834935,0.8692590181567416,0.8693124500903842,0.8454848787046926,0.779572735568933,0.9356018404870167,0.9033518215257045,0.8311420612484587,0.8169610033535155,0.9176673227630282,0.7380230408749405,0.8071179795837051,0.8477034740188415,0.8058380978826916,0.8709856280595091,0.7408638276521432,0.6888908072801335,0.7925437499694388,0.7186620350194672,0.8964622035428759,0.8580330506755824,0.8626612162873376,0.8411607698277511,0.6810110157516114,0.6185619440972216,0.9076950563582726,0.9293229677748329,0.6689047042609971,0.8902224275138444,0.9232175247826626,0.8113855250754418,0.7634778590845096,0.9119660820420498,0.7163664507801749,0.9235111260276744,0.8743166908307793,0.7499388707348016,0.8654254294688991,0.7675563581193627,0.6702940362143802,0.7246232699343446,0.7792015700918214,0.8421483561554616,0.6799571634281456,0.9192207070752926,0.7213250113883697,0.7520193067863613,0.9378232629376503,0.7324808147250867,0.7877087746202238,0.5839268731049184,0.7139681501791344,0.745538550212712,0.8825707381994564,0.6418215685765908,0.815335392333788,0.7064718650773507,0.8945013368853364,0.9457597300532049,0.9033042549011804,0.8646116835669609,0.9634348346907649,0.8843062400030769,0.7519513449470491,0.8370133815796226,0.7499670181544333,0.771194000593864,0.8222005034702637,0.7370095325553032,0.8634688052600605,0.9628029563445167,0.656546111972251,0.8234564374143784,0.7933304450330967,0.8169643316898222,0.8814804325493859,0.5676999281164146,0.9502376867490511,0.7701646625972532,0.940332019263916,0.9234138070165308,0.8042908345355614,0.7844384193585177,0.890022032779077,0.6657721726106322,0.6921313295482343,0.8650751747596954,0.8206482043279211,0.910856127781777,0.7805289243477025,0.773664101042439,0.8595120485162799,0.7357523370313914,0.9191252117321757,0.76636318362215,0.7867746587895982,0.9489020120969212,0.7529377444462596,0.8851994190380148,0.9478824435179878,0.8716288501965118,0.8490106387537777,0.6527853442021355,0.8117999871653883,0.8667674652319671,0.9344584655175717,0.9488524172936962,0.8356802129914964,0.8093097475513774,0.9221694979606251,0.6631469412635206,0.7489523404089692,0.8570089065395604,0.6510598837224753,0.8915275749838075,0.7987340023774171
0.789764383679277,0.8741976556506288,0.761629657209281,0.0,0.697499343536962,0.6620495331074432,0.907175986026017,0.8432048487699197,0.614570635750746,0.7801184937664147,0.840915095785165,0.7230454429000976,0.8950379691614929,0.9152106202189809,0.9077785933324962,0.7401140012146659,0.802608894541292,0.9187078583766455,0.6612696716199763,0.7567658789312448,0.7204605931434238,0.8397187328446655,0.928172262394027,0.8734048982300824,0.759336662383271,0.8270445522910974,0.922143249027152,0.8947655114400339,0.8346858720555589,0.6319265966612831,0.7344490080418079,0.6737743981768096,0.9757029184827544,0.8130668341906796,0.826655126295361,0.8335467934179118,0.8408117024380952,0.8646590376328666,0.7720931860222963,0.9434093562660413,0.9121228014717765,0.6533440391488036,0.7077744054487213,0.7547094538471837,0.9190238452945505,0.8858886463341615,0.6750378513430131,0.740582255130984,0.8823675173049005,0.7730200776399939,0.7913703169863052,0.7395325439275481,0.8583814402992639,0.87892728168386,0.8288864479240168,0.6892899826215024,0.770084337923957,0.6863671946872705,0.8749784223021813,0.9158015409240555,0.8902260814956289,0.6382237067366873,0.6974153863448131,0.7348425696295517,0.6669947460101828,0.7706216491802717,0.9414322560097365,0.7565983064505535,0.8673595462158988,0.8718579293747107,0.7442722683650415,0.856495484888146,0.7376426293240584,0.8860634230145348,0.80404173898008,0.7465790482270296,0.8172168051332169,0.787504981768492,0.9006233718993939,0.6186232940540468,0.6619280893978928,0.7403854619494615,0.7656114288941974,0.9106992291748675,0.6873659181925589,0.8967134391342279,0.6615434484085118,0.775470093275198,0.8532784355398737,0.846077409726871,0.7698707104505611,0.7114939056448512,0.8035152218263855,0.7671217062049676,0.9134685037258236,0.8015781038368736,0.6181758561920115,0.7043139949212844,0.5860252576283786,0.9488809673439519,0.8804604203913866,0.7097697013093528,0.7517762064582578,0.742601276253653,0.7624926879181626,0.7773548149142409,0.7573435696219167,0.852021611745955,0.914346345138291,0.7826339521614655,0.7619631146086712,0.7454214641877118,0.8555179090270797,0.8068821980598457,0.9210454787380442,0.8651191553621579,0.7080121095281062,0.7045590135987692,0.7779682112769031,0.8906346088757173,0.7479812818022256,0.9155189544402221,0.7044262256551803,0.7965496437214031,0.5989490154194874,0.8420526255880193,0.7316125589511411,0.8245584717913655,0.812603047726635,0.9090710668931568,0.6502411002933204,0.6200458995772729,0.8795078076296036,0.7721886897072997,0.768893111194735,0.7160919442749374,0.7490964749306999,0.9292449609188449,0.9174416713338923,0.7689490313443643,0.9255118046254673,0.6715006831229404,0.9033951655337373,0.6759367345585908,0.8017960480960056,0.7476433566097488,0.7045923473900807,0.8330025958401517,0.6991937372570225,0.592243202441041,0.7555696468509531,0.7891579112820917,0.8419891357778588,0.8547061752102069,0.7934729067090793,0.880903703541513,0.9072177018270404,0.7848639378784315,0.9457954705882746,0.7363432875706035,0.9152474003133029,0.6885715252790092,0.7573967777529007,0.7810854709736267
0.8515804865721032,0.7428864882991564,0.864261301265232,0.697499343536962,0.0,0.8586024981637532,0.8489107507534743,0.6743966471787832,0.6296634595091188,0.6679709129802057,0.8846642982606395,0.8350802703798069,0.8245422617643825,0.624774186756025,0.812394798982245,0.9245603881052313,0.9118743212435764,0.7516385960110752,0.7259845837067856,0.7166607822407027,0.960659271137901,0.8622584527543193,0.7210172205727289,0.8897411476539485,0.7283670423128518,0.9038528893055917,0.6085076281463629,0.6400733194139716,0.7526375884528127,0.9042922441675063,0.7009582693508876,0.8057707363962912,0.7488321685246777,0.7138529510047936,0.6646730756300844,0.7498292731848473,0.9032429949773051,0.8194209076787929,0.8566034837887672,0.7671819976930049,0.8295584410697091,0.8922685774291499,0.9384398424803222,0.951125579083211,0.6985811468183756,0.8295512288329416,0.9707736924862015,0.935974382297613,0.7970256289638044,0.8977159561965887,0.9448974000973946,0.9628839117098709,0.7633863720620215,0.8299594350749849,0.7828198732768222,0.830096564300861,0.9075144382385151,0.9179592525096638,0.6331866685166609,0.7655474572407873,0.6848744823457661,0.9113168748911442,0.9599202333262908,0.6226318140662864,0.789798293571085,0.8343345930248275,0.6584300767652295,0.9657767111451749,0.7154886565643646,0.7423877218519607,0.9605794179107986,0.6480329978459586,0.618788745860294,0.8663097823724234,0.7708107974408336,0.6772967048992891,0.8868373631221282,0.9592149208980659,0.8132622718726984,0.9181026097673693,0.9171072657359055,0.8081169568171226,0.9490592624033443,0.7288921817424525,0.8789558650718009,0.7924188956310612,0.7085731656155363,0.6585702003219176,0.6391632654609214,0.7554515600966835,0.9695874003488121,0.654027779149507,0.885952138036173,0.7927899130181828,0.7721043423138855,0.8094831801358141,0.6271014520715423,0.6651381995260934,0.6569657619205326,0.6529683577537777,0.6766785078972989,0.7785280365176203,0.6504040847690287,0.6511723020303806,0.6955622209448077,0.9350302916460451,0.8503956029747117,0.7482305320675461,0.8274251481928532,0.9035708864310996,0.8988768256424228,0.8759187512256474,0.8117003479533494,0.6154816242808203,0.7902046809143428,0.8541420918955877,0.689140798991461,0.770717342364762,0.8497935910580313,0.6141143247984158,0.9591351352711953,0.7496016923992537,0.9130112251904259,0.9481782714697321,0.6214990661440676,0.8127056510253041,0.8267542749808511,0.9036066276507793,0.7328648896648123,0.7483945009759787,0.6710756028851962,0.9239901449318282,0.6417995193821463,0.7800000025429894,0.7466265371902472,0.8900707228358122,0.9188836903102223,0.7709435636597333,0.6534874498746945,0.8413436173972628,0.6261682232235916,0.8514117869678373,0.7470380014092278,0.6710287193217556,0.9031526047545273,0.8062132405483806,0.9568619769199243,0.8652990437399268,0.6932523912742906,0.7058995589490169,0.6883610950485988,0.70927272030223,0.8122243750630075,0.8298808903353418,0.8461490158200936,0.7783619861484136,0.7811932896430805,0.9313822584392905,0.6239076548120694,0.8475249246104953,0.7167908531502388,0.6970126179550932,0.7809373295819889,0.9402869516902242
0.7650183174828005,0.7818413190253322,0.9107223013010035,0.6620495331074432,0.8586024981637532,0.0,0.7743261829378725,0.7569265438657184,0.6249074035040533,0.7880738786663216,0.8637049304206487,0.9422293059875664,0.7951539474709417,0.5814972477184968,0.7301138943685587,0.9325308145205682,0.8887308502674021,0.6709607177729339,0.8539667745150652,0.7236474750602382,0.9419507930413102,0.83534008860683,0.6859810537215693,0.7864550577996577,0.8553789284867637,0.749854254200882,0.5818934794167612,0.6605303206597453,0.8085407948465276,0.9050537338658982,0.7480023230831828,0.9301202980279443,0.6994237990110661,0.7594325760761175,0.6314699449857563,0.7716679890704444,0.8525210924802247,0.7704856063895092,0.8504429013771574,0.6726706512874918,0.7585536938000796,0.9388923298764043,0.8959528020069761,0.8896841497598527,0.6975890358784436,0.7423865697109688,0.8929228673936345,0.9166113120181566,0.7599117614724268,0.8054798247476458,0.8532125290973714,0.846660025621483,0.7011588471606046,0.833998622176757,0.824046632023608,0.8751457567837116,0.8044534971937395,0.9788068543301257,0.6281860173325381,0.7030553160627696,0.7393646742877301,0.84423176352771,0.8995158999027517,0.6354635713674986,0.6825927988914584,0.7663288081998765,0.6034279756048102,0.8552436298391936,0.7212990063023345,0.7956394598268202,0.8072019625437796,0.5843107529215432,0.6049690501238959,0.8118827794726154,0.8688335246301424,0.6814260971202235,0.8300438764405145,0.8692060314989247,0.720674265069485,0.831593178075387,0.9553671128687075,0.7122391707206001,0.8944881241947719,0.7405367416164431,0.8123460722751537,0.747404582567721,0.8420774640470763,0.6364481191624216,0.6837461713017998,0.6953302571817301,0.8270522603130206,0.7016721374929885,0.8616347849052514,0.7183607299665207,0.6565958791611176,0.8800638280020886,0.7096327491742735,0.8112361384409381,0.591033376919074,0.6253121444482361,0.6430504189284627,0.8797158867714215,0.6554965061502901,0.7738497099323935,0.6831792376394978,0.8376035318431773,0.9055200587178853,0.8272444269689244,0.7398626232092536,0.9130010474347983,0.9112433812400015,0.7236641010652262,0.819625583288276,0.6860637661481553,0.6808908218878488,0.7460367317390236,0.8041962917469787,0.8443165309232237,0.9226016195661804,0.5908721488824743,0.7650209081319289,0.735349710814704,0.8592032085231764,0.8584617451323653,0.5683232809744461,0.8616105079876824,0.7604085417868863,0.8516965105583385,0.8276739367946065,0.6606742374874145,0.8139513587405836,0.9400972458138455,0.5903817123548392,0.6706759576004946,0.7735181298383,0.7634689079434211,0.8901152878901076,0.6600253299950614,0.6324057865838059,0.8366231633911351,0.635163109793489,0.9304827361717164,0.7031209359367863,0.743248341654889,0.8708647832995708,0.7629009171038028,0.8765037275918968,0.856664988156867,0.8324345892376142,0.8554247213377516,0.6534937265536609,0.787584234245761,0.7759588839911867,0.7935856328599001,0.9309575911700833,0.7382779816951174,0.7146201306001797,0.8977360263148741,0.5688726996274536,0.7788176630349696,0.7130007521769886,0.6985418804419957,0.8590632063193144,0.7711392275340242
0.9213878740102017,0.8942934272241914,0.8466111730034885,0.907175986026017,0.8489107507534743,0.7743261829378725,0.0,0.8270876280035915,0.676664463847552,0.7874195466197272,0.9423052308134631,0.8422540773365466,0.9525743491513254,0.8204944120728833,0.9584533453918376,0.8723530492194477,0.9192939109681242,0.9348968291589868,0.758482776530119,0.8338739834511089,0.8635461035968774,0.9226546520473214,0.9462927525094168,0.9722698785408228,0.8298433981852658,0.9023206248431269,0.822412585198065,0.8560572455954457,0.8593055283898732,0.7919489473283537,0.8051604754481154,0.8001845888873467,0.92665472774794,0.8860985752723963,0.8272346039793768,0.8563321534483382,0.9680022225337671,0.9118810605247128,0.8899629429866361,0.934734590072462,0.9315707568538719,0.7961022351190196,0.8595940363057297,0.8906465411770137,0.8977645632907203,0.9599345100943844,0.8232688975533694,0.8729903859030479,0.9717369679888891,0.9007864168711278,0.9369929002353025,0.8565649477429991,0.9010078403095326,0.9326883746462267,0.8902096320674449,0.8063497684790613,0.9221331132319976,0.8175443778442416,0.8342770746288334,0.9513099567515967,0.8582506942770625,0.7663704993952983,0.8204533500545033,0.7261220959639931,0.782973788658648,0.8834415665915973,0.8704089139620056,0.8963473634544773,0.8561061458587699,0.8926160605470106,0.8823802454284175,0.8275607184925007,0.7289443690923071,0.9675533533643568,0.8508595083284363,0.8270784205828174,0.936990059479724,0.919771724420173,0.9290543996605753,0.7516904403720149,0.7747914729052656,0.841710600094158,0.9102871421192902,0.8634262138560372,0.822126941888959,0.9192465030826114,0.7387681984271107,0.8182142680839466,0.8466684839849503,0.889522929757012,0.9054672077491052,0.7605087000204283,0.9258316440946068,0.8860409800130865,0.9213742392814506,0.8725130153331545,0.6493284024009008,0.7320517942939215,0.6462259007847152,0.8774481183026314,0.867261523421312,0.8102718249600634,0.7556054039804408,0.7426085332076771,0.7951169994624605,0.898783321576259,0.8610739532415164,0.8819030146922879,0.9579078179553276,0.9155753017257828,0.9064378258114767,0.8608028230271969,0.913459103602137,0.7805183748024319,0.9268379267430682,0.9284333046224444,0.7829353557280172,0.8152409122605079,0.846039943092364,0.7802700553817656,0.8852193822588031,0.8709777018915066,0.8511131876521029,0.9424030340281041,0.647743439771083,0.9050055931015656,0.8198942889729884,0.9416851406355492,0.827367339346769,0.8964888303305724,0.7112274778491772,0.7446991691427519,0.8381933538317295,0.8312190746248272,0.8285643642214636,0.8390287094067556,0.9026742063818883,0.9301159577571326,0.8453821246636419,0.9004442446498707,0.816069964300243,0.7961568052915792,0.9506906052284623,0.7086516919018334,0.9187547419321433,0.8613835820289456,0.8480466485792537,0.9182368097487859,0.7495180450175412,0.6499209439240872,0.8149994149047555,0.8271388160864255,0.9321910489557398,0.9185851793457828,0.8836129824660036,0.9380625916955346,0.9569509458578201,0.9055975428487433,0.834150617391452,0.8647869006145764,0.8644710789975449,0.7681834775058042,0.839677507697301,0.9179900361100158
0.7662884354743068,0.9571094390848145,0.8424222496560715,0.8432048487699197,0.6743966471787832,0.7569265438657184,0.8270876280035915,0.0,0.6967796057151592,0.9417516948116174,0.8507476463011393,0.8405042006630148,0.8789400885290861,0.8180235175924653,0.8549140182346754,0.7874473795596927,0.8031251561202857,0.832412634039834,0.7756525155086088,0.8612267550850548,0.7522362918546642,0.8813492449466963,0.8551426255653612,0.8153857377535813,0.9139206577706603,0.7133043709430289,0.8402771308054926,0.8629995365312654,0.9097367759649341,0.6834424906370892,0.857099612807456,0.7867118468772818,0.8652158859562336,0.8393204179152893,0.8093865565871757,0.8954030043001213,0.8416197335072959,0.8754070816320405,0.8368395526158997,0.8030199107645183,0.8429770882350155,0.7250888090888762,0.7468120660503885,0.7491881677132873,0.9457499256574464,0.8184995326072372,0.6886714375480038,0.7768555104199463,0.856716674264556,0.7793706392582169,0.7496805561546275,0.6822745336797913,0.8019335176522989,0.8898277504836483,0.8867572475804588,0.7677316499995123,0.7403255951816932,0.7522042830387258,0.8660186874790393,0.8541796440183119,0.955481103805333,0.6454474349411741,0.6904710406947757,0.8161867290058201,0.653951835329826,0.7474325855410731,0.824454916798341,0.7419607615578298,0.9165162203820836,0.9688792074873791,0.7105160372987174,0.7820747585979868,0.684640184614911,0.8421641475122938,0.9254076627889102,0.7505251329645145,0.7877091088582184,0.7559773721914654,0.8157987397773795,0.5903392200284275,0.7006306778760594,0.7188998784643217,0.7862657228484841,0.9154958269832818,0.6562450224747599,0.8980176394127912,0.8083463685916192,0.7710658383704534,0.8915924894921056,0.8400901739554907,0.7060913621482633,0.7810853843704508,0.8247792810072573,0.7147078033261814,0.7640006099021585,0.9083786283528973,0.7714395213060652,0.85082287949347,0.5766405061821798,0.8352829058280072,0.8503681911184677,0.8389786924921777,0.7024378677796452,0.8952014652413328,0.778597607578666,0.7526247626471082,0.8228966493512223,0.949430498791299,0.8300011663978756,0.8398847693205854,0.7784991376920938,0.6825909587533323,0.8177117953467963,0.9170248239479148,0.7723759797496215,0.7646181371038903,0.7905390161711207,0.8290170571125803,0.812691766196377,0.7791472238660416,0.6835272304074896,0.847629278781263,0.7070225323868202,0.7599037788911105,0.5983335593210974,0.9092554603582116,0.6812925224014849,0.8449496704643283,0.9153255511114375,0.8289866886141721,0.8463267591799861,0.6722709928517236,0.7779488535862661,0.7030273825570472,0.8820852249872221,0.7091358646675036,0.8079534820578324,0.8003332560656633,0.8920806251943545,0.840136462173204,0.8789645119930866,0.7770316055861708,0.8531059630449116,0.7997765621981371,0.8328800186267057,0.7488160315495968,0.7403028615598858,0.8433075757864983,0.8904453157850104,0.7293485474712057,0.740109177944539,0.8647730563330293,0.8683718904811276,0.87365548006688,0.8777531288772794,0.9043461990731041,0.8334297530535659,0.7774279536065573,0.7779889292226231,0.6675577095306157,0.8753595643639467,0.697783403468417,0.9050395758833522,0.701917471077585
0.7956264697724575,0.6831065468909241,0.6069109727264319,0.614570635750746,0.6296634595091188,0.6249074035040533,0.676664463847552,0.6967796057151592,0.0,0.6245607483626348,0.6459657351933663,0.6829733209217675,0.637460565583882,0.6303869741817358,0.7077428528445915,0.613537228642621,0.613382412257272,0.7056611326077961,0.6962382372361374,0.8040809402469123,0.6306270857425268,0.6745078370205848,0.6735544168557909,0.6534128869574695,0.7111295165561041,0.587752619900189,0.6214372803593298,0.633283844699263,0.6132463110783365,0.6814393155334262,0.8326868156303245,0.6484257920463201,0.6384595855072661,0.6885577399437224,0.7909890631896327,0.6722571857159902,0.6880444858358374,0.696679377657933,0.6850844271774967,0.6068859045593286,0.6368618347523751,0.7001463592920767,0.6771286215995386,0.6634962565227882,0.6847877421023758,0.6553473402326991,0.6401221223558519,0.6368157051810044,0.6950708460593701,0.7067842306445852,0.651209808613852,0.612315239500246,0.6879865062416894,0.6425241882897555,0.6416780400085621,0.7405589551645619,0.6926058650276371,0.6407875067875285,0.6562590827760898,0.6689182074623204,0.6227879122975056,0.6148784020939085,0.6151854861395251,0.6717287937730733,0.7657195538277516,0.6620001206378772,0.6280628978562774,0.6538219672387449,0.6611530515525399,0.7294822259246578,0.6828840536228925,0.6934095931196615,0.693030170177654,0.6278945091948274,0.6534487463956727,0.7360788034796907,0.6033736189213014,0.6102093694511609,0.6660266374993367,0.5531438999055928,0.5824043758798638,0.8470308749423553,0.6710390062297265,0.6125848946337652,0.6637364566608656,0.7110355351211479,0.7492761887806269,0.7576449713006119,0.6863909807495745,0.7443247529460141,0.6554892410712396,0.8541102652619458,0.6614935504647043,0.6854874057353064,0.6699954168716068,0.6981872081800148,0.6861738949203845,0.7206995647518563,0.7640784868584896,0.6309744924582522,0.6815290517500389,0.6381792816401108,0.7056913200188372,0.6744840873371923,0.7830230574211068,0.6188602482063926,0.594143485125526,0.6694310060078852,0.627170853149107,0.6586004379861389,0.6592647216154899,0.7189555677976379,0.6613439455237395,0.6625455333221825,0.6355076442468375,0.6271373893601021,0.7106844244631811,0.6819932899213201,0.5850250589014548,0.6742552754153606,0.6455288147417327,0.6605808376113725,0.710659068500984,0.6478908251893438,0.8145661307484986,0.6389332794313534,0.6125448785803983,0.6586335377292606,0.6110370617260708,0.645633968951423,0.7714096353135569,0.5833697573460828,0.6336279704392814,0.8037781229507771,0.7049756395010933,0.6931520896894118,0.7119642053533286,0.6606135556246377,0.6324954294877744,0.7452054239924787,0.6427490719003824,0.6480927603329194,0.754809799166057,0.6877611998716929,0.6616236198010312,0.8005250268253198,0.7170718139740185,0.6023823378714013,0.6718810585384251,0.5651029947733291,0.8162860163472827,0.6866818548843727,0.7062780608852076,0.6370589629527876,0.6677833411308107,0.7463676928163009,0.645644029842615,0.6189309306065218,0.6322581732321603,0.5957656824125557,0.5826760696971314,0.8288099827474478,0.7694926977307602,0.6865503197603503
0.7037394659907543,0.9444256051199073,0.8735206689880775,0.7801184937664147,0.6679709129802057,0.7880738786663216,0.7874195466197272,0.9417516948116174,0.6245607483626348,0.0,0.8490408474349084,0.8699911983804132,0.8376580209679455,0.7587343689755409,0.7956821274942981,0.8028253198951244,0.8040377189738032,0.7564977807441847,0.8100351270343051,0.8248372826591223,0.7648916282023139,0.8686943290355545,0.7998564967663174,0.7779638356780113,0.9393605802425685,0.6732717435962136,0.7694366885532293,0.8181176935348047,0.9551918635857205,0.6797993270797669,0.8245112189754361,0.8296668877332369,0.8040163706321081,0.8120186383421973,0.7520658116501215,0.9009666158552271,0.8045641431998557,0.8338159347351076,0.8440167982220732,0.7484881453446067,0.8079784030483805,0.7251730781478064,0.7454978076425777,0.7486059918225498,0.880389819300034,0.7558141777535002,0.6827416532257398,0.7954023955308352,0.8267396668864027,0.757464546828056,0.729372832206843,0.6589539760400617,0.7600737796703059,0.8897406375418755,0.9147197270212782,0.7331706218827179,0.7075277728238581,0.767896798065301,0.8440272289903469,0.7961234995689921,0.932060903534138,0.6367957134433352,0.6827513740934732,0.8317014423394427,0.6230128304902685,0.7062661782092171,0.7477122756539231,0.7137816643574647,0.8940599526153797,0.9038732301480814,0.6700417776663588,0.7256171414794383,0.6407897149031028,0.8117408309833417,0.9313463512462798,0.7105422685375904,0.7751178555323602,0.7487901505892277,0.7360126670780389,0.5936229817498357,0.725653624261522,0.649336523256676,0.7639758495533409,0.8736282066926966,0.63736979846091,0.8199882733082532,0.7876957975198721,0.7234102893662604,0.825637922364332,0.7427956495515413,0.6750382898537854,0.7435963242576547,0.8339232638035731,0.6767935263335864,0.7028870442501948,0.9135817527615971,0.7866253009679427,0.8574284440285004,0.5573386590511497,0.7562877851501534,0.8099504283445188,0.8644947399792602,0.6652964883515153,0.9327997586660097,0.7242291605571356,0.7202681312888857,0.8485026666065063,0.9375417427721642,0.7854611828699475,0.8478468657160045,0.7891498552649882,0.6439269329771973,0.7752664830137715,0.8929957600899561,0.7034726673582472,0.70555818410278,0.7943186950277025,0.8782544350276272,0.8566589761782933,0.6894456494199889,0.6559863360425677,0.7542804241754457,0.6895743723041629,0.7344720098644807,0.570856321820968,0.9258791877181076,0.6512048703704667,0.815426512615325,0.9663258316192448,0.7722719304441452,0.8298776730330262,0.6935979871026103,0.6981778810397796,0.6354514993014734,0.8919072894490748,0.6960995453059334,0.7897664796224786,0.7370730286923456,0.8454788929250188,0.8193316721864973,0.8309889964314816,0.8268452182682706,0.780847148425436,0.8391241994662092,0.8361376810015309,0.6976292292907456,0.7154877144563153,0.8388934029895627,0.9543578616600242,0.8166935996464504,0.6757313656426387,0.888236571077847,0.8462436561469971,0.8515317161510673,0.8871720242470652,0.8267447331879154,0.7797671304351513,0.7601881172167606,0.7113604525093002,0.6527963082422013,0.8567754940538338,0.6641421468075315,0.8909286869818278,0.6577010240469223
0.8722260908342372,0.9172602566904215,0.9415218805934056,0.840915095785165,0.8846642982606395,0.8637049304206487,0.9423052308134631,0.8507476463011393,0.6459657351933663,0.8490408474349084,0.0,0.9226446964746792,0.9492488051315496,0.7647218179629655,0.9189224978799156,0.9566629551615025,0.9702997126194732,0.8650045946452617,0.8227628904233646,0.8474583690808194,0.9386155944198811,0.9709182562579175,0.8707906874398664,0.9536051495732509,0.8840602607979816,0.8752449693094174,0.7588383141940658,0.8161385555559311,0.9325416893874862,0.8349580685991715,0.8166859913283054,0.8821345415791001,0.8805294212063219,0.8534217022439223,0.783286795889553,0.9059366218906265,0.9740759375948899,0.9450813970146978,0.9607524277845219,0.8698324122079244,0.9306499626428885,0.8397628490101812,0.922606883349657,0.9380682868876591,0.8712783213861971,0.9059429819986895,0.8543279844362728,0.9592733615801649,0.9405703436098762,0.9298945524738533,0.9432362952272625,0.8630252365473303,0.8687060329797772,0.9766415633721266,0.9562592211155942,0.8031256424377772,0.9172340568745428,0.90563329189611,0.8038274707382744,0.9030610017018701,0.8866032272612059,0.8052309589334355,0.877640511851881,0.7594040720134567,0.7633111406210009,0.868953241427064,0.7896376835248893,0.9072128799717316,0.8833763884808694,0.9136346982949262,0.8782010440357014,0.7713939026644578,0.6865950210435972,0.9659050357381851,0.9333589021254255,0.7710641381224278,0.9562507490769586,0.948217509406512,0.8868104541079208,0.7822907827344266,0.8593723301790902,0.7880755217909068,0.9365785758627921,0.8919633250370433,0.8261339167902415,0.899219675585112,0.7959695892759145,0.7678723405825518,0.7968237723297056,0.8195674852010391,0.8999498673035596,0.7278352342805956,0.9834835694042123,0.841768429838856,0.8472203323176639,0.9303515862476174,0.7202642208281432,0.7589129952360777,0.6322728820456052,0.7845252481968471,0.841529177131573,0.9006234956458947,0.7078221101591342,0.7957676524703987,0.7846201744714204,0.9060620675964064,0.9440666540658599,0.9096789478718913,0.9210380061653135,0.9700165225683263,0.9470527526733729,0.8401577893417902,0.8915360116848916,0.8065166404070515,0.860111568215788,0.8757216821869401,0.792915844172027,0.8988428474565556,0.931677314378577,0.7060258050811022,0.8848054150001075,0.8450968640565255,0.8647845497101281,0.9419662469506752,0.6307816346169804,0.9697133088239444,0.793024828851833,0.9683144773813691,0.9060886806120445,0.8608351612589192,0.7465911435257931,0.8382864608771723,0.774286812441805,0.7845201354123715,0.894670008201906,0.8679301365992855,0.9410256384848837,0.8635994820310958,0.8224048726897101,0.937262552386006,0.7888357630089046,0.9042825922377058,0.8656058814063523,0.7828145389792002,0.9825938778749382,0.8071931881658063,0.8853604458723354,0.9564912704257557,0.8354984922472827,0.773459109492797,0.7663854769727357,0.8696753089121063,0.957855077085928,0.9277843189913028,0.9470955672172772,0.9091586363517393,0.9091260495038768,0.9283672117713087,0.7503699556521543,0.8445208701082179,0.8603740214593397,0.7412238731336405,0.8833657182372471,0.8874239072565875
0.8165134238053479,0.8744022168132929,0.917509335457175,0.7230454429000976,0.8350802703798069,0.9422293059875664,0.8422540773365466,0.8405042006630148,0.6829733209217675,0.8699911983804132,0.9226446964746792,0.0,0.8379435173839099,0.6492289841135275,0.812484225940913,0.926817128099295,0.8946052752898661,0.7405452919070976,0.9286357727045904,0.8348336379895914,0.9261234061440237,0.8979175934290681,0.775684785103444,0.8383072853311547,0.9517104470871033,0.7457463466829565,0.6550985270584082,0.7398493219134809,0.8908366514653056,0.8809935955202283,0.866873423935513,0.952110919028713,0.7617400843556923,0.8502652788644598,0.731861616374226,0.865389562799268,0.900741729845768,0.846030693884871,0.9433538995649074,0.7225257542794313,0.8137081819633004,0.8989675337211033,0.9136421212601341,0.9090062976823445,0.7904108397034557,0.7857845388626284,0.8409524146380778,0.936193337935287,0.8573535543495682,0.8579015616184928,0.8684135924315323,0.7983937793317295,0.7626341801418139,0.9050021364384345,0.9203125796778158,0.849180333612927,0.8427870806678386,0.949643234235918,0.7221830608852587,0.779966007716515,0.8186395631390679,0.7805506888301246,0.843007913849471,0.7292243861368831,0.7275344536988663,0.7860281227704542,0.667769032669562,0.8386562351418868,0.7965392772419956,0.8809436229548281,0.8025102522114095,0.6701138693877225,0.637747769510786,0.8494920083065531,0.9155914472520236,0.7534833731938441,0.8573002999726678,0.8676882446979691,0.766285199129657,0.7578065518346748,0.8712140955790938,0.758756838628282,0.8973030296488115,0.7885603169029496,0.8010132380558925,0.8085568495154046,0.889430189823349,0.7233569402116115,0.7591074371798568,0.7513889138671315,0.8183751781970725,0.7863210080151017,0.9283196067599774,0.7695712268846036,0.7082561639390533,0.9505578189780648,0.7700176048289982,0.8567400776798848,0.6294704995975215,0.6808126941259209,0.7494255383812495,0.9368663290355702,0.7064720848162725,0.8602871341557351,0.752498845329555,0.8196129934907973,0.91497769432352,0.8930005923799307,0.78662746266573,0.9487453985661162,0.9494869205901587,0.7645493905029243,0.8250660961404132,0.7802283106273684,0.7186475011219121,0.7553559207920366,0.8558939585889973,0.9449167835062285,0.9154799191061918,0.6288760771371054,0.7788603062997369,0.7644477327526831,0.8549021002731891,0.8689523290727179,0.6273094716481025,0.9354122830443375,0.7229902318732951,0.8935238455815901,0.8971545216577541,0.7261713726384914,0.8414863197607474,0.8560143417924322,0.6572418377975694,0.7258898451819105,0.8847664392066348,0.8030736814574101,0.9293189236485385,0.7268935234388767,0.719701391498215,0.9346984626651687,0.7143510123834863,0.9502869697934876,0.7862354410006702,0.8220447685129072,0.9291913992958262,0.8044389896911279,0.878408063105253,0.8758677716599058,0.9143702766196947,0.84922473324148,0.7459050899926574,0.8821447482932763,0.8779531122684072,0.8390709297044078,0.9743903769043261,0.8295957279424567,0.7828054048173103,0.87786634251752,0.6392019962668614,0.7766542908967039,0.7530625507385732,0.7644545906190111,0.9341997168033673,0.7919742113509183
