0,1,2,3,4,5,6,7,8,9,10,11,12,13,14,15,16,17,18,19,20,21,22,23,24,25,26,27,28,29,30,31,32,33,34,35,36,37,38,39,40,41,42,43,44,45,46,47,48,49,50,51,52,53,54,55,56,57,58,59,60,61,62,63,64,65,66,67,68,69,70,71,72,73,74,75,76,77,78,79,80,81,82,83,84,85,86,87,88,89,90,91,92,93,94,95,96,97,98,99,100,101,102,103,104,105,106,107,108,109,110,111,112,113,114,115,116,117,118,119,120,121,122,123,124,125,126,127,128,129,130,131,132,133,134,135,136,137,138,139,140,141,142,143,144,145,146,147,148,149,150,151,152,153,154,155,156,157,158,159,160,161,162,163
0.0,0.5980036602957697,0.506631714004396,0.5905982468455288,0.479406412141426,0.5486164586350863,0.5778683528938986,0.5658557482244254,0.6102399740452161,0.5177365763761947,0.6002246659210212,0.5337070310641621,0.6491856283381908,0.6021662036832628,0.5706276478187424,0.5666069890258556,0.5856893243128347,0.7597840173396123,0.5510839581093165,0.7130000942929753,0.5695510592581525,0.6060100091395021,0.63469039157927,0.525901833965634,0.6300047216351822,0.5149819109419758,0.5537088922804932,0.5561482192384996,0.5029940150391635,0.5027016451635536,0.5607201305038262,0.6091079900437032,0.5867282929422528,0.5380804332792565,0.6749259816080425,0.5747045627083571,0.6257434788959427,0.6170938032733636,0.49183090159423337,0.6444949742265954,0.538779994491951,0.6185317467630308,0.5830586858452437,0.5457195160127714,0.5972091940580643,0.5843695853382701,0.5090539241525273,0.5183113210095052,0.6694437934271242,0.6310069698969519,0.5887313090381145,0.566443622595893,0.5769003672134935,0.5306480055242008,0.5413648681617692,0.5569630972374506,0.651389940709595,0.5769952830192746,0.560181380388039,0.646119098915545,0.5340957435800984,0.5397209849096204,0.5768970325763961,0.5520412498097701,0.5681983298994894,0.5408283647166224,0.563790279580375,0.5525336789270971,0.5352795338943517,0.6306106063927739,0.6235875354896033,0.5768699607035427,0.5554547611128617,0.6086771438648578,0.5619516651873435,0.5541403150598052,0.5392351658221323,0.5122293156668651,0.5233059539773509,0.4427495598031918,0.513717365513808,0.6257148289310391,0.5367476024396859,0.5475230794553433,0.5850934888640135,0.6348376424109994,0.6095420790393297,0.5650746500640658,0.5726687385385018,0.5104550760756965,0.6454265613800613,0.5753392690466052,0.5993841044455156,0.572221439656432,0.6111409416763453,0.5359421907848742,0.4746770081555288,0.556954610902506,0.567431255098996,0.5501848349398039,0.5289435720308984,0.5241821231855038,0.50941127065696,0.5149100575930816,0.6190800025979794,0.5689580999449435,0.5086194809320066,0.5900634763800202,0.5759184065859984,0.5369594815155172,0.5558997239366528,0.6099454867949644,0.5789150232634092,0.5427591487952247,0.6046217427200877,0.5975596551286596,0.6027462699221998,0.5739471780666998,0.5146186035166064,0.5680464200479705,0.5925316549054545,0.5219715975272303,0.6400934715891355,0.5601758637284102,0.5775776590028923,0.5063679038528224,0.5257344854172384,0.5339424483128196,0.5399958368708945,0.5911679486674581,0.5243780416895958,0.545611283251593,0.5510150127861969,0.6011409942465509,0.5369853924735389,0.5271689885982995,0.5300727867316909,0.6122403723868086,0.6395356793177052,0.5725758968303899,0.5375272158187958,0.6237504626363681,0.6372175859296054,0.568887913717404,0.5734644480369954,0.551654495105054,0.5644021881548056,0.4945499056311387,0.586347201059189,0.47899377731127657,0.6014377290498077,0.5480705051197777,0.5694504935145456,0.5049119360388711,0.5551900411158385,0.6005893460179128,0.6206614618169893,0.5128609408824248,0.5965751254771351,0.5494922908080087,0.5031427655514246,0.6186112146015841,0.49422882710273736,0.6824305265773061
0.5980036602957697,0.0,0.5538065402383393,0.5944387460726768,0.4356498061902858,0.6401617022471014,0.5427774535431932,0.6553345751976191,0.5618290611984021,0.5992707887542535,0.5518659240294447,0.675745787954452,0.5989519478832404,0.5070307178260189,0.5816609607811914,0.5480362626309065,0.5503764448251792,0.5628867206800674,0.6275931432922266,0.644610975031051,0.6013599486918627,0.6231180415144509,0.5647614928241732,0.5740055870401712,0.6698222517033579,0.4727008893466237,0.49975898752193354,0.5208665695074024,0.5525130193965488,0.4747553588585607,0.5939445123355659,0.5778263376434559,0.6514501120241507,0.5496692463134835,0.5518181306071,0.5651947832715577,0.5718566985932707,0.5518501145227398,0.5478391727055409,0.5982878553107994,0.5869967070690257,0.5877139421825431,0.5220333534416656,0.528330192711491,0.623238155377589,0.5867110059025928,0.48837247644955806,0.5045858834598638,0.5693057028776541,0.5470401415807294,0.5426366204894418,0.5508602477750463,0.5630817477204874,0.5887720284219546,0.540426245293557,0.597590297996116,0.5919709705360737,0.5790081419852966,0.5080801100682498,0.6126319659660828,0.592371312699774,0.49489296581273967,0.5280747148165366,0.4907098218027087,0.5199730680482532,0.5247482781809445,0.5462926761389397,0.5078268700049466,0.4518058833134896,0.5877536322042026,0.5653294830498695,0.5004664210877775,0.474260777023923,0.5793407186059275,0.5659630557863422,0.5218002859504351,0.5143050928492188,0.5026313060998417,0.5247987628508195,0.4378916529865664,0.5439773828835898,0.5943007498155147,0.5764029059046301,0.5416569716813437,0.5324134893425041,0.6874562110472557,0.5731051424415025,0.4754742804398281,0.5695615062264462,0.5807205920029729,0.5122148697786045,0.5806176375735522,0.5522464488660351,0.5536734917595989,0.5361828423912606,0.600643132480403,0.5174165519981143,0.6143046683346927,0.48204703809772276,0.5424096909518598,0.5088074488240578,0.5307304438911304,0.46615661147915105,0.5924547123841367,0.5358097567257116,0.5628074366836787,0.5363471114824677,0.612265755903043,0.5761405564155841,0.6266052472515999,0.5680810388458244,0.519945779945641,0.5313414945271207,0.5152575856148911,0.5430963632696353,0.5783768265864431,0.604329080081258,0.5373434303773031,0.5171856645136969,0.5034461763704932,0.5084442470027744,0.5034379037912035,0.5792315542163452,0.5772573605605069,0.5062791508928487,0.580960723105399,0.48709624100449295,0.5779950010187006,0.6014448912359147,0.5365222724536375,0.5359408740152328,0.5562141981725165,0.5060313089316514,0.5700705649709444,0.5914695825223538,0.49266195437487,0.5565088495283673,0.539908380404381,0.6218228583524157,0.590007612546485,0.538812043760429,0.5678318077030567,0.6246479440794869,0.5438772925980938,0.5683094420359356,0.4751830151014499,0.6075416704147365,0.552550366124751,0.6620461371733753,0.48606687208744964,0.5588000287436757,0.5584747041743624,0.543695016246818,0.5416776605420841,0.6469432576484149,0.61967895536908,0.6175741806213915,0.560058227102348,0.5281698485686871,0.4756238502697439,0.5169867878893142,0.5551958203002566,0.5091385713172831,0.565698209413646
0.506631714004396,0.5538065402383393,0.0,0.5022565010548621,0.500464219616785,0.6412458632075985,0.4875177074999402,0.510347898636795,0.4453337751122006,0.5380462992155102,0.5869419813085843,0.5516409108789536,0.5887471341268803,0.4580676411059507,0.465677527448138,0.6525392113559222,0.608068501806945,0.4984001138985735,0.4913293090350882,0.49128013952028404,0.5904064013150058,0.6329337407166169,0.4813662775953068,0.5015219694587415,0.5255543953729049,0.48357493159287035,0.45078430017844223,0.4730792318458497,0.5369239317961215,0.4819073695928003,0.4371964877258034,0.5650234805063131,0.508900466495747,0.45184303527204406,0.4466861918015317,0.49693070177705734,0.514353849030993,0.48799527602490883,0.4545302029848823,0.5406568659459325,0.4927502063263154,0.5852368647653001,0.4995683605731605,0.48734237350111825,0.4920797764687183,0.49009630534217247,0.514444549594568,0.5170264202272938,0.49404761603477976,0.5081194808036098,0.5156386961817796,0.5496646964316851,0.469856612538832,0.5266404473278821,0.4996781150132493,0.49053448464054994,0.504642453445232,0.6352235489077467,0.4523568407600366,0.5042272857164773,0.49769746021881633,0.47271873189109004,0.5533242359499065,0.44742506102044816,0.43858815308835886,0.4545524988310675,0.45483292522272356,0.5099985129171396,0.47101044370427714,0.5090197311179974,0.5079311341117505,0.42062210789921395,0.4491033637429674,0.5732749418915029,0.5349718238003424,0.41984328520249276,0.5305779083962361,0.5360154665930487,0.43692457274620883,0.4268379334306504,0.5123425279681316,0.4718595526109458,0.526076513601924,0.4823673631729325,0.4722632424738221,0.516509940286215,0.48198950005658275,0.4279193095465537,0.4593931758558499,0.43759794342834885,0.5415122287583884,0.44565555135378043,0.5299983574199257,0.4492329531340607,0.47182191652007033,0.4977612678706166,0.42741256832788127,0.48258100254195924,0.4240795018432131,0.4597313504701333,0.4122257134051873,0.48965231496796413,0.41501266621290234,0.46950797304119396,0.4631604678199246,0.549964184894634,0.5036972118032718,0.5359422073647637,0.509485411697832,0.547677129026088,0.5149936732348669,0.461116108704068,0.48674391180906307,0.45451641183945335,0.47059085955887003,0.5573449974954555,0.4762598402810242,0.5047200777186945,0.5808447744752708,0.4493223622702657,0.48955926612341644,0.44324621485134624,0.49585618888242544,0.5067450376443086,0.41232440060487857,0.5056054666244854,0.470872100601874,0.5312748596166786,0.5428845656847161,0.4647823187511569,0.47335081275685875,0.6240581327215238,0.42562059980895056,0.4527170115361283,0.4680517064225817,0.4313683923923137,0.4715571258468316,0.458604696772592,0.5036014267368167,0.4635956431215975,0.4352694566765622,0.5529337635426453,0.48883725400971473,0.48217603286763255,0.49414279017507695,0.4424262196252154,0.5241768966116864,0.4968693556864775,0.5423992587744395,0.48307904315079925,0.43217660663330465,0.45227371259305055,0.502627838414369,0.5462846791032666,0.5208804962478213,0.46927734951116223,0.5118573723322467,0.5420577155785433,0.42411289509217887,0.46570186147260195,0.46195299161266445,0.4405669657816003,0.42119817554322464,0.5088975449968018
0.5905982468455288,0.5944387460726768,0.5022565010548621,0.0,0.417676052719112,0.5755293109527149,0.542935195608855,0.6011966258242396,0.49060285760068173,0.5244769843115225,0.5472107327340059,0.5296797136206423,0.6116240377822896,0.574979241418937,0.5321783738654462,0.5377207887374559,0.5935477524529782,0.5974727065709247,0.6130384186067037,0.616884306767337,0.6388354534814795,0.5334708277348446,0.5655008990515428,0.5136846770196591,0.5938724481429902,0.5318083323089711,0.4943352340250185,0.5632622674564782,0.5022389002662229,0.4211271977919904,0.5296172192079057,0.6242457249605101,0.6773438266547677,0.6007158664964788,0.5608601287231217,0.6447097903974889,0.5563379372732623,0.5889651350357517,0.5242059840946027,0.6794426810005305,0.6088997965093046,0.5315243913986939,0.5616294447325837,0.5426266740655321,0.6260708880313183,0.6522224433175537,0.46116282999159997,0.5004200832994884,0.596573332051603,0.6309273381443299,0.6636079630216789,0.615507041801529,0.689318617592156,0.6531951159308012,0.5988207066475666,0.5192215574853823,0.7052955042142556,0.5483676542722008,0.5997660791273671,0.7606777183991845,0.7142233428884982,0.6095979716626775,0.6298373227600215,0.5376132242209457,0.6102907988520091,0.6919765362060406,0.653030486480343,0.4986287774632429,0.48117985768066496,0.5833980702823431,0.6007153188869058,0.5630297005909863,0.5868336384143716,0.7066286121226399,0.593605187325169,0.5638987369879649,0.6164603013454422,0.4906892169033248,0.585469128208473,0.463634595559706,0.5847590309415504,0.6526552643540179,0.47979022883981826,0.5938642681164652,0.7231368463506985,0.6034498494350564,0.6322184255052572,0.5572609026762966,0.6123202459670983,0.49490255721727355,0.5564962636638192,0.5922394909533368,0.582997602923088,0.6789202999073269,0.7007876112783905,0.5013680991029107,0.596344267123043,0.5983986546503224,0.5487623537238895,0.650908894413244,0.5462714303022885,0.633743781745918,0.5675770591216112,0.5215809921838893,0.6716159316963507,0.5810744295258391,0.6902765241857758,0.5548547599860538,0.6229490030421639,0.5363571201954759,0.6315619827427559,0.6401367753257516,0.668028411060524,0.5645897843485823,0.6739015465244852,0.5491054172835841,0.674249782087752,0.5106574926095893,0.5940123430647215,0.5513457990708507,0.528596938086361,0.5912333130586582,0.6537650506216215,0.5728256127499983,0.5367822255222043,0.5322341762944107,0.6237128376901647,0.5222691356435104,0.6453977575093245,0.5790013287979605,0.463395955009132,0.5942274469909004,0.5773374196728257,0.6093435086177478,0.5775944472485806,0.5096052036067309,0.4627416355075587,0.5581122247762632,0.6094844506254493,0.5870457459738198,0.581964763244587,0.608656343747884,0.7284522251562592,0.6539002036316764,0.5901344197931413,0.49582830894725544,0.5041580648238566,0.5519856126211121,0.5563280592914838,0.5004125818073253,0.6220939541451245,0.5903723701755319,0.5550838814125771,0.4808390884342211,0.6081769211025759,0.6019678240262415,0.578248917368098,0.5186360014568,0.5959177642679768,0.5909925477031559,0.5756859477654612,0.5889908600889925,0.5642178516869668,0.5642579174817
0.479406412141426,0.4356498061902858,0.500464219616785,0.417676052719112,0.0,0.4555202757046953,0.4754088172875243,0.39762594856204625,0.41320619836730366,0.4022683200288841,0.5209529178344423,0.4579945058491695,0.46185642436208085,0.41064800748200525,0.46742595993669395,0.525613403298449,0.4839238853245809,0.46208535419124475,0.418538724990647,0.433438567087008,0.49172470512001226,0.5239011554472308,0.43793146382159187,0.4796417295543861,0.4303598473851783,0.47171076453269184,0.3958692180948954,0.3906744121834771,0.4522496916398858,0.49089114605277323,0.4092899929906371,0.4564655743570483,0.44618473288066873,0.3888111039694775,0.4302497438604909,0.4369663908922503,0.4733594922252316,0.4481669723967598,0.43709981244442714,0.47724170874288413,0.4537793785695579,0.4696395960970705,0.49869268221353286,0.4991265025541475,0.4101084822196663,0.43361444870895627,0.5173848385294072,0.515851418409067,0.4654090992219511,0.4824794353623319,0.4805841411741901,0.48862969295316205,0.42246515264331375,0.43938142712284606,0.44768704593264375,0.41337870575532093,0.4657565065823306,0.5199649833162707,0.3987245896224976,0.44221207231850096,0.38702303478593114,0.4320932101195638,0.49288840510837534,0.40908444240921454,0.4249113070134797,0.39946552275853203,0.3909507916824502,0.49687432463169096,0.420588655084643,0.42715953445835675,0.490120059333014,0.4088310116205812,0.3896151533313975,0.46339109116097815,0.4188032843764171,0.3922258949966525,0.45843292348890335,0.5484564098063562,0.4011502613344423,0.42408225481115847,0.43578311233339634,0.43167955065887215,0.4963795174150815,0.4043516092077625,0.4202097310609726,0.43814744786378573,0.4078383222725566,0.4052307831279719,0.39000378540947955,0.38707747305379075,0.5545363166600712,0.40224475168889917,0.5240273633255162,0.4136253157580294,0.426383800195814,0.4409080767687552,0.3673004438003601,0.39389121034857344,0.4158724990548016,0.3851419205121602,0.3954932823464138,0.4103309575449079,0.38350202588588855,0.3984256431972281,0.41775756486982013,0.4734555256680199,0.4085187548444892,0.4195106367507122,0.46131841970305976,0.4536033744387945,0.4550976743847424,0.4436203727601619,0.4050463548514868,0.3905995301407545,0.4370956275636432,0.47303587349027015,0.40634615003057883,0.4807401099167617,0.4408362629275852,0.396891738609471,0.5800103584298028,0.39483137827914394,0.43320133668330973,0.48109360390706796,0.40649896942249425,0.43979130120140847,0.4006416821492705,0.47768238052616235,0.41934857232544387,0.4474677205570062,0.39413813042794577,0.4843133895794617,0.3865246843123923,0.4233664354768187,0.41277786855513493,0.45854953132435405,0.4626365964855332,0.47293733581630565,0.4281730267283697,0.43800659938907843,0.39008451051911447,0.4759388056587035,0.4222901558618693,0.41676307287538755,0.4594453723035378,0.41682176970123874,0.5107984891714055,0.42781271903896706,0.429912011199728,0.40115200969786163,0.40679242742126054,0.4112250377044256,0.4480788754210413,0.4559304638269424,0.43291099258944676,0.4176988319519021,0.4491991430614796,0.4598495829117815,0.40594340626495345,0.43772202986647213,0.3939988387164347,0.4142440606666448,0.37726941279408904,0.5270107280673786
0.5486164586350863,0.6401617022471014,0.6412458632075985,0.5755293109527149,0.4555202757046953,0.0,0.5122008929157535,0.6040552009536755,0.48383400706832164,0.564382379567418,0.5772386199952824,0.6234918772336889,0.6526368827399242,0.47455557109528335,0.5010428852885354,0.6456236929394007,0.6140427790236789,0.5201183868008075,0.5631095006342905,0.541014523739973,0.6509733871148725,0.589091539236888,0.5153785163262571,0.5516394895265482,0.5963744404670865,0.5135231805221474,0.46568865834823336,0.511816602192681,0.5361918958023446,0.4864138644519648,0.49272837085332194,0.6021514794751591,0.5867123233602747,0.520768122687972,0.47180679961429656,0.5151622688779497,0.5756782659032357,0.5249668822997703,0.5022158723821591,0.5909449982427062,0.5476271972342275,0.6016948693635471,0.517340696819089,0.521343610047872,0.5526010295593521,0.571497420267817,0.5077655835395428,0.5265295130303042,0.5243450321074219,0.5153949491163715,0.5544281652356678,0.612279791166931,0.5194818834219951,0.5717898969934074,0.5202918352644125,0.5781614354156871,0.5714595346812386,0.6525679765564737,0.4654529529148589,0.562964082660715,0.5971027975130614,0.5111248300571738,0.5844130850823819,0.4457123728313337,0.4736399319891633,0.521720029542998,0.5191236706019241,0.532106060365258,0.44321651396777134,0.5669874234124879,0.5605916793442096,0.4518895536499671,0.46832264998871276,0.6174720570757475,0.579533732626312,0.48541733679903887,0.5697497062373855,0.5519847015322653,0.5079281438015882,0.4940010937887036,0.6119285367595402,0.5266679485863688,0.5911155936653236,0.5529805531181892,0.5308401701451095,0.6069555961577501,0.5665359291511275,0.4453334935382258,0.539074881466523,0.523918541817978,0.5292090161561374,0.49778325303276744,0.5342950591112328,0.5273384021912324,0.5130104826914125,0.549978787261354,0.4825172627791981,0.5562093908537848,0.44636405910865024,0.5229287759308257,0.4603346558821762,0.5437938416276289,0.44520042190789133,0.5101213721259183,0.5005558293163642,0.6235067097938463,0.5693472464105654,0.5976040863671713,0.5623230888935689,0.6344699575083711,0.5703737716540553,0.4938878175266472,0.5498333003479506,0.5028927600196653,0.533444494750419,0.6296254938824871,0.5652804633763768,0.49426870592493766,0.5756828203726979,0.4885618139836197,0.5020207500129102,0.5037971222650988,0.569298650451968,0.6007926059670364,0.45299200623553965,0.5704101205706658,0.4978120641843421,0.5863058021339643,0.5908248829309793,0.49488488127620406,0.5095700494970489,0.6833433482008556,0.49758478461114036,0.5154415774544948,0.5156101426854273,0.45822402397518297,0.5269007348026787,0.48546667296817564,0.5278268865621837,0.5306724572553617,0.48697437769722984,0.5744333761648832,0.5530341703982928,0.5033585163257284,0.5529046277890775,0.45105036851480074,0.565475558222834,0.5923576099580736,0.577323529341708,0.5002299464399473,0.4961098575111187,0.5119547723015774,0.5043142891859522,0.5326986694792644,0.627674614512141,0.5545478944680925,0.6099728188895791,0.6518184273210162,0.4684746871395394,0.5077461432647068,0.5176254778559702,0.5053592230241732,0.48710415039479094,0.5543769580460401
0.5778683528938986,0.5427774535431932,0.4875177074999402,0.542935195608855,0.4754088172875243,0.5122008929157535,0.0,0.49352857483025975,0.4608664686426398,0.523312862458643,0.49780468091707336,0.5410504811910704,0.5812047915835056,0.5025668301605926,0.604263170046657,0.5172550248583235,0.5004778659626391,0.5420982951929458,0.4909154083488265,0.5263782322598693,0.5557089345512103,0.5144005927707918,0.6025625803501228,0.5677028756179441,0.5848991248376442,0.5679734933179288,0.45742925465649836,0.4476070336631661,0.48741961234591624,0.44171208128287587,0.5471329941929662,0.6193480747586841,0.5806423490520062,0.5825521659666062,0.5261524862336995,0.5476085737446397,0.6435631186564877,0.4838549723389002,0.49953379923112434,0.6650903945410528,0.5144067946592661,0.5092287124778484,0.6110859267303075,0.5805204976180225,0.6035427848394465,0.622795127379913,0.5981333630098747,0.5456451704804849,0.6907052903775093,0.5600492857085024,0.6315512936168064,0.5388565682827546,0.4949484136862457,0.5366250356116912,0.5674072134521995,0.5375223651247576,0.5505708359460928,0.49678835586507064,0.5569555181231862,0.5904671228012349,0.4887639150944954,0.544129658950056,0.5080119383309563,0.48577308150910314,0.5402023009190626,0.5354201319680338,0.5828461437896355,0.6316849683719351,0.44939915833063665,0.4921784385338689,0.6188631108691408,0.5207974950452885,0.46940769984621106,0.6031331496647041,0.44430125443851926,0.5676445455496052,0.6053373389769094,0.5842949292248607,0.4946950151822153,0.4547221171123426,0.49714386287198425,0.5558592813822532,0.5327371324165717,0.4583806017556781,0.5229384694327104,0.5129843658442536,0.5210328135731369,0.5625756029839466,0.5438089378105349,0.498264291059362,0.5453233872187979,0.6018451269440238,0.5681964878844973,0.5330975935847662,0.5262567713940478,0.5562883256150336,0.44552664202010267,0.5455459270749681,0.5016752640127606,0.5732454713536009,0.5129323427609142,0.5593969765294637,0.5363010088677643,0.5103191240229542,0.5108237373589598,0.5896604388740235,0.5253401042904641,0.4906164347426132,0.6728367842513354,0.5880307115482105,0.6279424551965542,0.5397749570552527,0.5416222337605856,0.4446979200033361,0.5352258940863885,0.4977402184564624,0.5334543199392482,0.5797553414848978,0.5079559802843208,0.4631126694139934,0.5368037804896733,0.47913218829697646,0.5425722096525734,0.6153175979149218,0.4738042584745332,0.5419083009809181,0.5088569784688103,0.6113615632112508,0.5240618820653384,0.5798131736483841,0.4311923321323929,0.4830583908559864,0.46356857999689205,0.47083045905290044,0.5046280372598939,0.5106240313310062,0.5172991364437772,0.6184012617166209,0.5501593272666643,0.5433027154185315,0.49938647550211046,0.5547385497193797,0.5857273080978126,0.4949756625689479,0.5751631861928239,0.604729773182377,0.5221219925259054,0.5240701715040013,0.5372945001920337,0.4025565957200857,0.5278770308638824,0.4891667430589467,0.45852952085480475,0.6063368275703017,0.5492445625484552,0.5734840723354702,0.5368300374111017,0.5459131342370763,0.5281545149517344,0.5540692501846439,0.5145445665949276,0.5076329877463248,0.47413641904920883,0.5187795616135734
0.5658557482244254,0.6553345751976191,0.510347898636795,0.6011966258242396,0.39762594856204625,0.6040552009536755,0.49352857483025975,0.0,0.5645271400167314,0.5893647214128664,0.5116656764681983,0.5856249102399032,0.6026836996141192,0.5047984781886263,0.5191128382785527,0.5323771211309394,0.5291714020547068,0.5577380378520072,0.5719572269552385,0.5964823582706874,0.5444011961013299,0.5320329847858843,0.5588672052403648,0.49286933277024275,0.6587559906655622,0.47240563273501496,0.5338261070781121,0.5382991872865445,0.498416947545564,0.4645674629919003,0.5714231835158479,0.5628223096881373,0.6091714458973405,0.5540225790952724,0.516368502705398,0.5374071949973186,0.5629535428940661,0.5634715186475497,0.4965670290581146,0.5558842729062276,0.5395295419637712,0.5556444267777022,0.5077991475367281,0.47921873203636123,0.639243376032724,0.5927078240907686,0.45832341461456366,0.4618555542675763,0.5344465755277511,0.5111669744184971,0.5150879067071926,0.5197583497730218,0.5275383689840824,0.5266505150578743,0.5085025664871492,0.5972244018594515,0.5592588687818244,0.5694682600739318,0.4886362847405026,0.5903292042756649,0.6239232839929358,0.5063382769227559,0.5205613310418766,0.4745611997706091,0.48641441016572456,0.5299355119761658,0.5580787724686043,0.49132060453486165,0.46130996514348205,0.6757748080207557,0.5370287073199946,0.49387407324134536,0.4797982949080638,0.5618486407094508,0.5830565963172687,0.5271329865347391,0.5080268812453329,0.47321214083522073,0.5599663272923628,0.43008554455236386,0.535889824091521,0.5667058940569418,0.5375692494268131,0.5930747270249497,0.543336691102224,0.6990430709310009,0.6544259352210086,0.48216762215936115,0.6419707266704633,0.5861244366716425,0.4971417916203964,0.5613821636877275,0.5041483377221917,0.5261236833733423,0.5278249618320217,0.5664462086024918,0.5126254423342281,0.6285370035357555,0.4723712736283711,0.5627764070392154,0.4983554627823265,0.5679847587551715,0.48178614011394705,0.5897773195898495,0.5489320377959122,0.5684328948169766,0.5429343728556458,0.6375216390620464,0.5476455942853287,0.5368358527808432,0.5139854825546885,0.5149663858921327,0.5415317151513939,0.5690573114455435,0.5543964511257058,0.566998287757058,0.6134958004491041,0.49200945580245264,0.4905216723075258,0.5421510424475559,0.4654509165720175,0.5779753846751684,0.5519263592539903,0.5405894156544999,0.48362754055714674,0.548086002352625,0.4930532509947411,0.5529644100671925,0.5772532109465379,0.5256407134614455,0.5644405536917787,0.5453002188387117,0.5540727855524217,0.5475795458046996,0.5304181862358558,0.4491255718335795,0.5187495781080191,0.5026035347355985,0.6101973686421903,0.5880894748086596,0.5505185641126695,0.542473645215373,0.5911259904965734,0.5331078867740803,0.5422440259107654,0.4723279928251387,0.5371794736066667,0.5557017767391504,0.6295867729632401,0.48989971769913737,0.5580804496361744,0.5472792199716348,0.4991346343078146,0.5036056882855514,0.645064830807646,0.6290956835237889,0.5685345129218068,0.5503694037473355,0.5097077439163795,0.4795586393734225,0.5312142064747232,0.5506057469521085,0.541764620074951,0.5201078885765259
0.6102399740452161,0.5618290611984021,0.4453337751122006,0.49060285760068173,0.41320619836730366,0.48383400706832164,0.4608664686426398,0.5645271400167314,0.0,0.4797169905232955,0.49002895758717396,0.48855890732246177,0.5116383390158901,0.5079947060303655,0.49871114576009584,0.46965453777912186,0.4771762767443937,0.5913903377334452,0.4915029683842323,0.5890721057616654,0.4619899241594864,0.534690932842433,0.5284154342944103,0.4465951787762042,0.5445124083390707,0.41358521097917217,0.5600104242072127,0.5001160170448896,0.4462268845231872,0.5050895581237278,0.5324580951589395,0.47510634286336273,0.5045098722413435,0.4478885954119228,0.561934168229511,0.4758423822694589,0.5002424003639634,0.5488652422891164,0.4405200166674373,0.488151329910223,0.47109482602333713,0.569115080767031,0.4571716112151224,0.43924453894714777,0.5067484193493849,0.4808555632036271,0.4328450707273757,0.41766369523868047,0.5015986054639197,0.4892177068691115,0.4525079648207406,0.4556333873857373,0.4967507068528557,0.4416984116102868,0.43761481121336143,0.5408692435774397,0.5090536220792538,0.5120272868436454,0.4537676473924349,0.5132284417503891,0.46743334862322594,0.44519023461145363,0.4600314750001817,0.4717417188515586,0.4664667447867685,0.44137476414285154,0.4694441508123272,0.4564915973933822,0.4717114493850315,0.603393237540166,0.4945627920763902,0.4869646582163942,0.46062704360403545,0.4711250253400188,0.5244281591740186,0.4715185813978624,0.42446150544599326,0.42930723749749583,0.4635959772267921,0.3833147065349845,0.4441344693205563,0.5401797282234834,0.5088682803908504,0.49586350527849943,0.47570375575649465,0.6134477000557713,0.528919764947315,0.4619223348713203,0.512522310082327,0.5259494663645709,0.5045614106737454,0.51292663837104,0.47529322585265943,0.4652621702526916,0.4986193598045414,0.4999748469622514,0.43363476411015395,0.5026554482575615,0.48464180341318913,0.4620778891115674,0.4620232634232524,0.4376800649675233,0.4282633898389675,0.49328549458032944,0.5137625410122166,0.46934095864571623,0.42327528009299437,0.5565791250027274,0.4645967558416624,0.4552324963556094,0.43776252484074135,0.48883306975271623,0.4646456073285783,0.5289885087935274,0.48760527282021127,0.5379660559659727,0.5144224436753123,0.4696858039039095,0.41474247931913005,0.5414742099028791,0.47495760785989,0.48152216998531716,0.4976329786122922,0.46637662352028625,0.5178415643018895,0.445602927381899,0.43935680585546594,0.4652155901267306,0.4545571468326902,0.48936929526256817,0.6113657199544288,0.468229757328597,0.4992616416923179,0.5628317433120925,0.46782998334296333,0.44437694753370127,0.49319795149090545,0.49136402033356447,0.5412811625485275,0.5178437134468976,0.48363507267062184,0.4972462454177169,0.5343890813944212,0.4936513204885518,0.47323874746845135,0.4553908154560516,0.5377890415805222,0.44385160018382186,0.5309876195562161,0.45465776667147256,0.5140946688118447,0.4986912371974058,0.5069340767994837,0.44893995551195287,0.49507562786215537,0.5320179132660968,0.5188201941266795,0.45410086360018714,0.5019210768062518,0.43042576343815236,0.4399065709588003,0.545467093307314,0.46605766322843667,0.5536099710921923
0.5177365763761947,0.5992707887542535,0.5380462992155102,0.5244769843115225,0.4022683200288841,0.564382379567418,0.523312862458643,0.5893647214128664,0.4797169905232955,0.0,0.5029287335458118,0.5463273780479178,0.6048756674438289,0.5116059443433834,0.47918435844350127,0.5450828014505842,0.5173909098688749,0.5284390360097535,0.4930794361273391,0.5186731012236644,0.503367563973075,0.5094031697851783,0.5767980696687678,0.4604490414980685,0.6902933271667694,0.46509656655880127,0.5303353690615825,0.5001889223849153,0.5809128496216823,0.45688589608902597,0.510443911477503,0.6118455416344056,0.5307438361400909,0.5263578027259577,0.487110416547004,0.5188519577612335,0.5665736854743757,0.5126089818128419,0.4490559494866141,0.5428076931803976,0.4812855988637066,0.5389869965456734,0.5000924176975668,0.46982277970902453,0.5794421827278536,0.5315242864164542,0.48650909599082454,0.47377521060038014,0.5617414960345171,0.4788480314444987,0.49144496809963195,0.47157459573071586,0.46938202279719027,0.48790934606934727,0.5263085603737322,0.5690229016461493,0.4884069333806806,0.5296245389549354,0.5092058529072785,0.52851692072587,0.526797230426888,0.4917918233911602,0.4736269523916859,0.4868454270442883,0.4435866818644809,0.47591293934341483,0.5236885740375957,0.5091344406754393,0.48829244481197814,0.5740281791297837,0.4907115686409161,0.4816934245716632,0.461760471751517,0.5396078633199111,0.5126888060098959,0.517582925610534,0.508618803144307,0.504736227910616,0.476764853596693,0.42462470842907235,0.5122367942266571,0.4769061295538191,0.5189173254458214,0.5302573428343568,0.49410625548052534,0.5463972555688036,0.558901402187917,0.49005632759356527,0.5944273655181005,0.49329231978382226,0.4855280078770622,0.5263197639004396,0.5089666063659912,0.46447258590649143,0.49011501016517506,0.5883817743414242,0.4346434557869634,0.5887557716641927,0.46069017726763906,0.5310563843099232,0.48198390406022196,0.5362940117988155,0.4747913728461234,0.6102349898281282,0.4933661310992633,0.5342084975804243,0.5060696793608981,0.6208904077310667,0.5423371065061913,0.5328360988026761,0.4991846322224595,0.47735083517061927,0.5213513223151408,0.5240139918466276,0.493718408063871,0.5020218620805293,0.5646842936951918,0.5477547192552534,0.515068221168114,0.5144373624449465,0.44149956700022946,0.5031872645049966,0.5097372798135835,0.5101866109788346,0.4478825604670845,0.5624551426263261,0.47444839151839735,0.5265419031666762,0.594006479254444,0.5149693381457203,0.5330526050070188,0.49825531337919665,0.4878434065000515,0.4545421459487447,0.47426994858533644,0.43049055439855577,0.498925409258092,0.48560617524958977,0.5925657719967051,0.5178027713137904,0.523127426633671,0.572825682013128,0.5252681373913037,0.49994655871937743,0.5340725733747149,0.4921465157671115,0.4707004336229092,0.5470696007626413,0.7034086061129151,0.4780984541205751,0.4726935025658504,0.523861334682441,0.4495661528359858,0.5564395543590839,0.5826378969953776,0.5388745981934294,0.5129073284369696,0.5342744385325965,0.4844166902194056,0.48777180126852,0.5574800309717699,0.5066794642004011,0.4988000125033823,0.4636216885300395
0.6002246659210212,0.5518659240294447,0.5869419813085843,0.5472107327340059,0.5209529178344423,0.5772386199952824,0.49780468091707336,0.5116656764681983,0.49002895758717396,0.5029287335458118,0.0,0.5358768247796857,0.6037052668131183,0.5211183661539182,0.4960997152244053,0.6860753175619863,0.6723486709903215,0.5972220898590689,0.5589423756323444,0.5751644337245773,0.5865494908628348,0.6539175243561561,0.5311395172993811,0.5006086807315014,0.5511686805080143,0.4832062308538232,0.5049706078229288,0.5552846256176769,0.5874179347165401,0.5184531990257634,0.47052672003081814,0.5876900425561216,0.5344020823801472,0.4656923296609809,0.5309448406938816,0.536157833175884,0.5459253445978562,0.5923766484777329,0.49700331287490435,0.5690606858954471,0.5270063889430235,0.5656553979540995,0.5447357480274579,0.5306777365775699,0.4950272166367261,0.4997349725551841,0.4613678442275165,0.5552942777516711,0.5644385941723621,0.5747237742191128,0.552709138547643,0.5471369672049767,0.5388890651143613,0.541591416341005,0.5656698564482389,0.46305466487030844,0.6005832324331987,0.6807791490485033,0.4847175674135035,0.5597222358036935,0.5249120917423171,0.49119702526447445,0.6143631714650221,0.4972881412045905,0.48566350598588026,0.48137181381932287,0.4689554350799688,0.49018178958575787,0.5207480756035003,0.5812167038706617,0.5293367749043468,0.48759204604973777,0.4942726611859951,0.581585955228448,0.6084844142871338,0.46350727414007037,0.5456407300705495,0.5245399679768584,0.47040706850124614,0.45410410058799044,0.5173049418043861,0.5028654877845858,0.5112190302042482,0.5407627272065101,0.525423467282848,0.5435952405220762,0.5335616756421955,0.4715306773093527,0.4850882333790194,0.4293336524942589,0.6253943879399001,0.4577202945450806,0.6566939754485627,0.5161423899183359,0.5327198200399135,0.4916645471047829,0.4478186130680101,0.4673361619133684,0.4798962459894242,0.4607945950656605,0.47405640361447415,0.5037078720420488,0.4358428711036238,0.4705012137165458,0.5327613365045841,0.5191882063352733,0.49971488760936017,0.5474001308494917,0.510527323018796,0.508677507309283,0.5341049615062855,0.5257443119059143,0.507249147826832,0.5232443216494244,0.538177488768325,0.5695176420694348,0.5252018397213412,0.5855556909939399,0.5518114919392264,0.4953297632894276,0.5811785166181499,0.47712664436558433,0.542223046727126,0.5261165602361478,0.49077709465953134,0.5182447517339298,0.47197281386133894,0.5007923471596121,0.5462217488232979,0.5080044059304372,0.4775986676753758,0.6162255961694614,0.5086640896170852,0.5338943594305638,0.5072442755739083,0.4888816008153832,0.4891903779381551,0.5112740576116112,0.555977640893549,0.5200621054960926,0.48695789476974505,0.6250371797754913,0.5171023565996645,0.5328131489186242,0.5398321279573298,0.44112674445488864,0.5186392031644907,0.4902948503049588,0.545494734647406,0.53320675728925,0.5016028641454305,0.5288163416800712,0.607048224527707,0.4585281635740994,0.5205126347537236,0.49812679187673137,0.604756949391963,0.497929958182825,0.5055393380935232,0.5313035378055211,0.4649757731437013,0.5202244778274756,0.44347215530714607,0.6452208295795427
0.5337070310641621,0.675745787954452,0.5516409108789536,0.5296797136206423,0.4579945058491695,0.6234918772336889,0.5410504811910704,0.5856249102399032,0.48855890732246177,0.5463273780479178,0.5358768247796857,0.0,0.5515465848688904,0.43684863907384014,0.5890186374230779,0.558327269991118,0.5187451524985619,0.49633255861417336,0.6128204486939566,0.5534796549442627,0.6039504776887371,0.5759243770508319,0.5333649011031586,0.6393873312926099,0.6068640600327655,0.47910998670642196,0.44830852754580214,0.4678790991194554,0.5353821493931182,0.48786118278681806,0.5714203519664323,0.5488669069374014,0.6062708041892674,0.5388450751025455,0.4824214703399283,0.5138513200236717,0.5670953679627648,0.49696824167244236,0.5919676257153026,0.5588505162121178,0.5701634784353655,0.523716366448516,0.5336834724567192,0.5417718386353505,0.5718402865563996,0.5744625040699975,0.5026083323397367,0.5323717022704498,0.5407518119769318,0.5066384685422917,0.533173224677733,0.540056700225568,0.49322326498334784,0.5684319627522212,0.5327584120206729,0.5396387296100494,0.5559835476091658,0.5872265539217605,0.4506440377134171,0.5522677123158779,0.5320771759590065,0.4633941604475671,0.5106778905940251,0.4338804852758951,0.4787534576093136,0.4911782577757913,0.48961798469789836,0.5076467008203189,0.40947539204100714,0.5275677472787085,0.5433987630004097,0.45220315766995645,0.41588281759146745,0.5449400780132768,0.498641743514651,0.49076459674704326,0.5191694868226108,0.5375540213630444,0.5136544537580363,0.45291554139456397,0.5244967556102705,0.5284928553738399,0.6164303721006216,0.48907041232718573,0.4849795962079991,0.5954652065307751,0.5212922654892954,0.4367289516993343,0.5194103126763904,0.5506995834670652,0.48710217744496137,0.5188109956081283,0.5430236216800227,0.5205176479388899,0.4689561363012963,0.5991649459870608,0.4748845382976474,0.5436729124904477,0.4304285501018285,0.48981128947846364,0.4746287751268354,0.5312380073827027,0.4359414675065812,0.5599894343715334,0.4734299929349494,0.5718666765964917,0.520595485536824,0.5413665997796778,0.5637679587915493,0.6624955267783437,0.577462111152169,0.477001524875526,0.471948701561186,0.45745000323475143,0.5059546630668295,0.544988552086552,0.5361386059116934,0.5389409254379146,0.4875811645752739,0.4378766120315415,0.5030061050926695,0.4709727668968004,0.5160075840379797,0.6158551331409571,0.4475260357963091,0.6288189109010356,0.4384360519326814,0.6495617492601222,0.5532808003993671,0.49794812569083563,0.47504913610096555,0.5365368618272388,0.46353898810279404,0.4982558320625107,0.55753890934294,0.47470084056680556,0.6098292137988539,0.5154643736302248,0.5473550795808217,0.586704825974068,0.48553847371991227,0.5152028474829115,0.534547320963114,0.47377478258325634,0.5532520846284141,0.4482813010010743,0.6239421336454647,0.5669669323207017,0.5934815121883452,0.44344604834563117,0.520165329065301,0.5074542174636781,0.4984432258814762,0.5425842372785851,0.6454887204878641,0.5759508201303535,0.596657163914117,0.6036876282885656,0.46857694129404237,0.45825356519079025,0.47558331282933863,0.4922288083941947,0.4685078293097916,0.5368059746665896
