0,1,2,3,4,5,6,7,8,9,10,11,12,13,14,15,16,17,18,19,20,21,22,23,24,25,26,27,28,29,30,31,32,33,34,35,36,37,38,39,40,41,42,43,44,45,46,47,48,49,50,51,52,53,54,55,56,57,58,59,60,61,62,63,64,65,66,67,68,69,70,71,72,73,74,75,76,77,78,79,80,81,82,83,84,85,86,87,88,89,90,91,92,93,94,95,96,97,98,99,100,101,102,103,104,105,106,107,108,109,110,111,112,113,114,115,116,117,118,119,120,121,122,123,124,125,126,127,128,129,130,131,132,133,134,135,136,137,138,139,140,141,142,143,144,145,146,147,148,149,150,151,152,153,154,155,156,157,158,159,160,161,162,163
0.0,0.4350277875338381,0.46717186972256525,0.49650921388974534,0.5768326894860129,0.49526558899493694,0.43393327243640845,0.4996867693209771,0.5778093875392725,0.45289654879630376,0.4737580149453054,0.47049432473775604,0.5541188942680348,0.4576560900596593,0.44183546460246215,0.5552223685556181,0.6055701247704116,0.6489387625419417,0.48389068084967773,0.669623909434398,0.6102974817971508,0.45577986754745536,0.5066900524005647,0.41478801518168096,0.5675494173276274,0.46648269187205044,0.41528051350729256,0.5517285483325521,0.34026819635004923,0.5129637631458552,0.506573106839307,0.5197588237936276,0.4128621396112283,0.5226468542813717,0.6380219349991586,0.48663837086469547,0.584297592750003,0.5874392118905919,0.41350166389766657,0.4578264135447057,0.4418396303623586,0.5517733520176014,0.5734191393154043,0.5815467235252498,0.46255482400826975,0.5988690189014823,0.5540946694334017,0.5209620152424779,0.5444093991487315,0.6910907511369708,0.6511875090289776,0.727811607462927,0.5634719441340302,0.4822210992171842,0.44442917811869975,0.5585937375028404,0.7827221203069138,0.5099130893763548,0.478056902908357,0.5702275128012037,0.48175211126713796,0.4948871665583683,0.6738444787620452,0.48258713890591076,0.6038527625614959,0.678844845639823,0.4875706910822151,0.5472871414227983,0.4919849943015066,0.5455112394565603,0.7183909052909322,0.5863587663072057,0.5870850357231291,0.550498694379161,0.5790069703567879,0.5993508415706783,0.48565578449656494,0.47579181596900827,0.5234977647316068,0.4807140882864289,0.5168434253669144,0.6384511903624729,0.5237973173264177,0.49477133334677614,0.6269359597232035,0.5453412699465348,0.5085781993149581,0.6130134741648701,0.6360749724612876,0.48307606740850173,0.7262419395881916,0.5143384226594092,0.5544290680154029,0.651970266135933,0.6696075841826212,0.4589662652597324,0.4554834897137353,0.5132507829430519,0.4690742359274859,0.5348575883373797,0.44500246419529643,0.46873789198488636,0.5617462973702306,0.4624208081466411,0.6754965825054731,0.6174679411867492,0.6282284258479879,0.54152571841437,0.4908744924543495,0.501241880729554,0.5706341125344253,0.6624399122177799,0.6317408600219002,0.5590490190457208,0.5323300644200357,0.5345430843371844,0.5445306220167785,0.5239398392897591,0.5233009844020085,0.5689679556486485,0.5962679395708806,0.5590992383901724,0.5703157118387024,0.5791176161420081,0.5319911265219397,0.39732360389228244,0.5066835418653849,0.40609233249471605,0.44654453864818405,0.5236018888725864,0.49659683772153057,0.5700840654935059,0.49913235617132196,0.5335842614903381,0.48791836317205917,0.5771679704887173,0.4898506669853576,0.4749478686327521,0.40850012632316074,0.5404059417608288,0.43720677202676345,0.49536421506453054,0.6499701574974402,0.5535658635213121,0.5311463385623518,0.5229950173041933,0.5700780618428439,0.4499858354647881,0.5209566949824662,0.3458333277303445,0.6239062731285459,0.5071887370132773,0.5616305047812001,0.39605044243521814,0.528523908126521,0.5222926465694273,0.4657892146205911,0.5419688854902921,0.4521259087972892,0.653539049524591,0.4635116290896717,0.559339017107234,0.48989820470478124,0.608303352268117
0.4350277875338381,0.0,0.5292891939577189,0.5036236852790735,0.4736893735999057,0.5554498308443568,0.481286606414112,0.5563442208721188,0.4127676761227123,0.5774204127440921,0.5651815795552277,0.5068252496849455,0.5581793958059436,0.4911053033815276,0.5122307002281401,0.5467064088343049,0.5176125302323671,0.4637536261326419,0.46762762422867277,0.496941718963331,0.4794320449843127,0.5945458823664149,0.49149848739680435,0.48860699038999084,0.513664465926349,0.41788276514147193,0.42902805320260584,0.5156609034777989,0.570305148792229,0.41068505981881287,0.5190000314622281,0.4750414311134201,0.5456905960266781,0.411149372145296,0.5152669418830194,0.5243054484381945,0.49625874890313926,0.5279713078952581,0.5395310224709148,0.4372169595669653,0.6114713948818703,0.4006731009839029,0.40688541094644787,0.5088552723513065,0.5439647357563955,0.47552226916098794,0.4402795924075598,0.5226472340575335,0.5171535749675334,0.4765103467339518,0.45277809370882255,0.46989764982428567,0.509925804796917,0.6473939441187495,0.5912122762723957,0.48509372477145035,0.4743221031810117,0.4632453834596337,0.4990563464101611,0.5430234276592784,0.6058032983454604,0.3640895273349259,0.4176919659164098,0.452612541388008,0.3900980844617473,0.38577919356278967,0.46144117745015795,0.4348273786628827,0.436726127526391,0.46555165018974276,0.4445208696241497,0.5432212383053826,0.3707275468866156,0.5094905128369461,0.5056337228140522,0.44264343320401156,0.4698624257684149,0.632104692096977,0.43445070573579564,0.4323796271502608,0.4665215832549489,0.4086320688402116,0.5782987676051425,0.5369435038852054,0.41162788173047365,0.5734279361685879,0.40688082859617575,0.41121024056625805,0.4952058606387343,0.5023046033400396,0.42038771704908146,0.4318643391444937,0.6431560201670481,0.4639201451135699,0.4668474404943975,0.6247981912129991,0.4550405029506161,0.45743400116633565,0.36940069675014064,0.48929774659615244,0.5753164788471831,0.4012122693072158,0.35269723610488357,0.5100676893603705,0.433552245917005,0.4855368306707778,0.46135104912750713,0.530552439078677,0.5049237410491212,0.5539632296853505,0.43972689892886846,0.41827566264181854,0.43243356809485595,0.45827545349662197,0.5061674930812633,0.5535075799076808,0.4577089513063299,0.4461181861331042,0.5168033372223781,0.4332104272106809,0.5467498540365219,0.45935543248841354,0.4198212136761098,0.5433911863151264,0.4658721150847074,0.6543938560843094,0.3834489277620033,0.5384447500233283,0.5775899020504495,0.5181565234996136,0.47628742154749065,0.4641613841364458,0.4857804248189959,0.4369866840941678,0.5366250335375073,0.49843581045541513,0.5178614017502118,0.4837297073227802,0.47116646342033813,0.4622917287508036,0.5757410910794126,0.46353317990724535,0.4963048966211496,0.4582779280871019,0.5414656003027516,0.3539700506275806,0.5101112577000344,0.572598589063518,0.52428077449661,0.3758374729035721,0.42410078307717347,0.518460311901692,0.5068727907126174,0.5115185796359788,0.4887967607425019,0.48676030001302856,0.5083518584841547,0.5561632161198028,0.49911579088472996,0.44201449769514817,0.5463803792048223,0.4757345681013808,0.41268786615556685,0.4519582951478734
0.46717186972256525,0.5292891939577189,0.0,0.48812771576060193,0.5372286785357265,0.43857780392747986,0.45647696968959883,0.4767092916965389,0.38475706034952195,0.717268423676758,0.6245033246212612,0.47844427652636684,0.5556105079565677,0.43543298303512934,0.4762857648522509,0.5530804922805449,0.5152223165397544,0.538062993672027,0.43177860574944843,0.4446640812167432,0.49046117906025527,0.648009684844872,0.494647855929334,0.43864643193136976,0.518130803730564,0.4103677308859193,0.41516149139732783,0.5031909972655322,0.47328493163910174,0.39716958682288467,0.42382679097999276,0.45442248444525707,0.4190087473302772,0.3845884581141921,0.46776644667723677,0.49517322713138945,0.5264720678952398,0.4631747978907756,0.44653278251655054,0.41514754885675037,0.4383276774863084,0.431436624924594,0.45420810824745267,0.471979031933959,0.49770778138398336,0.46815430833080635,0.38611404878100697,0.5667910821366942,0.5345512922453688,0.4636042042966664,0.4758748255275817,0.42283461599222266,0.3923355748701761,0.61467987053731,0.6071669487025869,0.38114957049319487,0.4302285216408667,0.45050714346935977,0.49884759014638475,0.48120896560995924,0.5080370549912748,0.33933163181479126,0.4317772220936864,0.4241129684375481,0.39393943489939126,0.4135276945910386,0.44167638478324867,0.469101984985826,0.5342086056161219,0.49304674290310024,0.4543704587385493,0.4514500120983735,0.3841039118405988,0.5852279622753495,0.45905971209937185,0.3725919232946869,0.4926968481463586,0.503617767796425,0.37809987121630656,0.3272163599884507,0.39055233378434717,0.42927278597723917,0.47520304955304443,0.4426159863549029,0.3835681684002825,0.46407385917118177,0.38714271866723254,0.40688691110816294,0.43037911502320986,0.3913797898772683,0.4790275780850933,0.37582602192572456,0.5498175437705771,0.3802951131528774,0.4501385783420762,0.5243547828898133,0.3638870673727176,0.3935770038318135,0.32866102673555936,0.4393398727048393,0.431247713379004,0.45139350978643655,0.37669806972217784,0.528816894498729,0.4182562756949454,0.4617835590763099,0.4653917990843952,0.48347032942400814,0.44788022929867116,0.5312362912894124,0.4640412962522254,0.4000756943217593,0.4165056524659896,0.4132882436573537,0.42161612869837073,0.4422422944007933,0.3667671091422027,0.6209800465829299,0.5157868460537524,0.3879273450035438,0.4548966669155008,0.38235755398613924,0.3631996014002307,0.4595205399410739,0.3510152068068648,0.5644641295912726,0.3482268791997065,0.46188496171976856,0.5235312413074253,0.4791951876966641,0.3925089515766131,0.45202170773348693,0.3958813827675345,0.3531179565692255,0.5279926505562922,0.4110733139052346,0.40477761689784164,0.42137847981108206,0.4805972228780155,0.43518426890795636,0.48022525386541287,0.42963167935537716,0.4442834955493933,0.4459427305587342,0.4603327129749091,0.349603541562708,0.4358563161229869,0.46948495138397517,0.5368200769957844,0.3223640687571765,0.39483298135700656,0.39749944740843945,0.5349353531582709,0.48151633709626207,0.4590403717115637,0.4680900328888865,0.4814798143512673,0.5050409381664969,0.39735299850879596,0.41188604316373956,0.4840598234175824,0.36095765318063683,0.3569664831593952,0.45430273794794523
0.49650921388974534,0.5036236852790735,0.48812771576060193,0.0,0.5530648595367244,0.41791928333599604,0.6051539914180789,0.4809271322866885,0.43021431305570085,0.4730002713767878,0.5483113059910865,0.4221592553506655,0.5840734534431614,0.5289938509029585,0.6655931099215107,0.4768751646528071,0.4985601190096374,0.5449298292579198,0.40032441315595113,0.4704256982426459,0.5167156094246537,0.5596199630062182,0.6249902020739929,0.5809011274218608,0.48079210796860844,0.5743967857610015,0.5595467775059609,0.52508568424661,0.42995058584272183,0.40562137230033124,0.45703665562346013,0.40982977448020325,0.5927454694372298,0.4424292889338266,0.5187771611132306,0.48217803032617235,0.6068589717698903,0.49805211313572434,0.44818515374405316,0.5919712698406308,0.5527652780407866,0.45650883071951115,0.45582656727860377,0.5223215345094869,0.5439675596240969,0.5676369956680458,0.4172359770726705,0.5111928243197298,0.577440721989894,0.4963027289281208,0.5663789526790916,0.5025871676696573,0.46391576438011767,0.6012209831340641,0.5055386215307227,0.4731168294320197,0.5077525736325573,0.4293152459093323,0.500883389486483,0.5693989557091163,0.5373054457120682,0.3882638937769061,0.4938407657568982,0.40460020822632914,0.44622599900266896,0.4711297312627188,0.6477752965811636,0.5325245889252569,0.4615281329689302,0.4806536956959972,0.5401880816028425,0.5366414707254736,0.415500196340645,0.6338474647805915,0.4371635504467739,0.4389843564285206,0.5896866751601457,0.6252168832055848,0.4503824054643868,0.383254730044263,0.4398322412361621,0.5207426653917794,0.534282529097066,0.47244871669129157,0.46885623085995337,0.5379898467881078,0.47764777178128204,0.4790878869498288,0.5202562934673776,0.5087461241503305,0.5175753971950225,0.4507731235585717,0.5120411358119211,0.45046745914738756,0.5346160800412286,0.4823728210088391,0.40270871239902,0.43317406607132597,0.38181381531311603,0.5138763522337844,0.520096208784845,0.43175259906854685,0.45007882981221453,0.40913272277356433,0.4659453103273383,0.54141996506093,0.4801472214671934,0.4752850182712439,0.6231645347215257,0.5115987632898432,0.49389645211679456,0.4830096077784121,0.4966650224447147,0.48244494047746095,0.5096455910153098,0.5321753529518641,0.4266921021424631,0.41818791337787053,0.4503795321405399,0.4544213828130939,0.5540438465355819,0.48683958012088846,0.4342198451380044,0.5768181658052012,0.42372204849699474,0.47189802860699037,0.39714632277696277,0.5345713474836392,0.44542769270242905,0.7179411590211272,0.3959089460965368,0.46573725947320455,0.4998160295500035,0.4277840133805948,0.497203119412569,0.495071458750011,0.4152168651728418,0.6154347022850362,0.5606609414700543,0.4944182624422164,0.6040453863031118,0.4122308732473259,0.537874638937383,0.4696141551033265,0.5159626442540133,0.40854014526835286,0.5284415137494998,0.5009508664658502,0.4183524484327971,0.2986221324702857,0.4933840963585207,0.42605791954118905,0.5391820477427708,0.5317783450346554,0.4662253018349431,0.5785132403503692,0.6604058727645102,0.582201648439439,0.6302668540816819,0.47517073459503284,0.5593968267630035,0.4199646212321841,0.4442258870173308,0.5064423503344057
0.5768326894860129,0.4736893735999057,0.5372286785357265,0.5530648595367244,0.0,0.43844635221678935,0.5620536585259661,0.4977019086186931,0.47500537315922375,0.5286740401735985,0.5756448871970291,0.45048019322407834,0.539181839252537,0.4971433580357315,0.48288410530144094,0.5567048083083607,0.6628970811020747,0.6137127287680314,0.4413420441423215,0.5398476739265655,0.5908051149068446,0.5539668405656817,0.614243086555713,0.4815948963697234,0.5420762239359405,0.449309722371793,0.47388839300354124,0.5743381594188989,0.37363399756091525,0.490972739786285,0.46781424414154343,0.45204176505464766,0.42464401997266493,0.495501135733602,0.6356579372167799,0.5287739778287317,0.6422559317102162,0.5679931812120897,0.46536787695242704,0.461123840789527,0.4595490112022902,0.6525630392457417,0.5084707276884881,0.5744330331103591,0.4742121427604085,0.5007850805024936,0.48056612934554077,0.5429777857444357,0.658126424462637,0.5609147953177539,0.5781920440019955,0.5245703519042558,0.5105458534308127,0.5259302680891916,0.49667546844931193,0.4992313846423503,0.5252596783154402,0.5031035863123693,0.5540089310340441,0.5247341696462182,0.49490767602164665,0.390151459817733,0.5053966277424299,0.5140922192571503,0.4979246406134704,0.47442751639304565,0.4938486120716752,0.5670202998325009,0.5329718710756568,0.5754978224876834,0.547521762754716,0.5551400547021893,0.49150306935378846,0.608856057662718,0.5021642499929398,0.46251459254690047,0.5773922261720883,0.613085405478565,0.4353713335934704,0.4033899015202548,0.4902014512212699,0.5312858176192335,0.57790395931032,0.4695524247699672,0.4880831229715464,0.5201200722431981,0.48035446698153633,0.48365190417380083,0.5087983430151897,0.48605144941506706,0.6424660017927948,0.4962620137813545,0.5966196857398474,0.46525210155153185,0.6250718177824973,0.5021791047544647,0.4048698977588345,0.491961640894474,0.4329945307519472,0.4586161725409593,0.4928555433688368,0.472549914887726,0.46912405994631545,0.460184958389876,0.4902072249900046,0.534030371505973,0.5114988889460892,0.6061176154892308,0.4967848626385085,0.5972405069367556,0.5846175971186072,0.537044126337333,0.5028073553946855,0.5670694620297408,0.4378791223653601,0.4882279616858729,0.45255719789292576,0.503402362916964,0.545412267560025,0.5405837115479804,0.593782341222535,0.46643250269455366,0.46673692799062333,0.5847591994889721,0.4541596100843301,0.40591897126615956,0.4305881496796435,0.45487981399903266,0.4762392565774326,0.5118207095184498,0.4932899207566751,0.5203963615284345,0.47255845587203715,0.4666171307351838,0.5254404607082812,0.5413503036233918,0.45813791052004915,0.4691758949966523,0.4440115162198393,0.5151689429804801,0.4565004002835621,0.5010042122642845,0.6010245328901337,0.5604222028873436,0.5757735181460234,0.43908426551397756,0.5490727415822826,0.4817842949765567,0.47065135579687867,0.35710505506476276,0.47569900248316066,0.4701001048051495,0.6691769904115007,0.4500811684704262,0.5191700671124115,0.5891576173178809,0.5046311659688165,0.598333640424473,0.45745135281375626,0.5086351540402357,0.5252790643695581,0.44756794043880066,0.4790120180286223,0.6357812922275741
0.49526558899493694,0.5554498308443568,0.43857780392747986,0.41791928333599604,0.43844635221678935,0.0,0.37053778831630757,0.5488465496611361,0.5613342347676727,0.4444703544781242,0.48358609822037407,0.5600819602437656,0.47441565911552575,0.38565053584441356,0.43205683613802087,0.5868747852630806,0.48819713894250544,0.401424660164425,0.6352503096141285,0.5758435377729152,0.5471550654345549,0.45686622907733004,0.37800102944344743,0.38160507737372923,0.5825035149017876,0.359350998276032,0.36629709152005796,0.4428167978169022,0.40197125057300775,0.5476308757038906,0.6387265194895806,0.7134595811296834,0.4523631078554325,0.445312611655967,0.4916784784947362,0.5155177662406912,0.48177849293547104,0.5449785126593396,0.5092051204876977,0.34532609078777965,0.4513085968357941,0.4964952365072203,0.5049762767399975,0.5393005780556517,0.44763373062080225,0.42710659367115933,0.47119881281945963,0.5096684449226596,0.42903313519394765,0.5404633143157457,0.49042812684438924,0.4952073548975334,0.49484344817648035,0.5208642270663537,0.5026759932820614,0.5840816116760654,0.5477727588869205,0.6271185182632742,0.4069049896953016,0.4639166684004489,0.5502377443600446,0.4971548608270767,0.5396493366981362,0.44527948130686007,0.4729533593698829,0.46583182994439165,0.3902018274162177,0.4422329396126168,0.41125266598636157,0.49460550621907623,0.4937582338903607,0.46046493062006355,0.4547300951775122,0.44931440726152316,0.5955320298786155,0.5049241174059034,0.4306351312928329,0.46579020460952947,0.4295053435629561,0.52763409418189,0.5794107884951851,0.5074214403668409,0.5205719891895941,0.5074334857411379,0.5292529945460264,0.5055016977433573,0.5646791759660044,0.48619768040769656,0.5435410348767237,0.4557553591606075,0.4450845732822964,0.5323512820598474,0.6024690370674096,0.514338968186927,0.45213974015627784,0.564862481824899,0.6683449078232049,0.5608896000651784,0.4507993768855685,0.41137467686518514,0.48252036917403,0.4981646216167504,0.43478485231242603,0.4863466440210376,0.5832824328682297,0.4809264416664658,0.5555114818629402,0.4878917506015775,0.3967985095993208,0.48684246566246525,0.49100572650344,0.48975138825617354,0.5137856723997503,0.5449295388509742,0.4435705902139372,0.42515965623845525,0.5846493784611781,0.48121068165035935,0.49137868847195804,0.4503826980440332,0.4761891029973513,0.5123966697288902,0.5088502043155685,0.5088713773060651,0.5875429343215595,0.48193929654903955,0.46097273452528886,0.4465132874366736,0.48179660870774177,0.42427154156567626,0.6098654806252465,0.6984611591561762,0.46743648875395033,0.5057502837544477,0.5378345867995806,0.5049792599014857,0.5102354773687428,0.38125564041430793,0.39035092199001004,0.5407900231986216,0.4684919279420019,0.6055713640154402,0.4822107258178114,0.6119167094534922,0.5449769225088491,0.40584511889164776,0.5897964672258722,0.47073880099950555,0.5507077254161883,0.4426132701192069,0.5149754675297763,0.5542666648431862,0.4760515393876283,0.3866182048866424,0.5284746010152264,0.47944051631043694,0.4181326108863227,0.5067073853626262,0.3862014549642661,0.5109842041907047,0.41315448869252985,0.5939383974631564,0.49472924921760647,0.4366626062696608
0.43393327243640845,0.481286606414112,0.45647696968959883,0.6051539914180789,0.5620536585259661,0.37053778831630757,0.0,0.41070173804697596,0.37265354689281904,0.4692228225538366,0.46485601856970804,0.38687678329804764,0.5360589978809834,0.55509961249776,0.5642516117147928,0.40969960806805367,0.45960387804602976,0.49415762773937727,0.3705609818067756,0.4202055246499855,0.48110668241468507,0.5134792486414339,0.6382895561180866,0.5445267023378099,0.44506544686839816,0.5468906077926975,0.43804055717515206,0.4620985177444988,0.3874257398669594,0.36865163009699736,0.41594049187758736,0.41304596095103235,0.49181644515996364,0.45377198835578353,0.4764822790264861,0.4556705252726743,0.548387631253653,0.42495845018850065,0.4170813355010626,0.5325972833334801,0.5170498436320894,0.4621537275187602,0.45221528265218464,0.4945386700187835,0.5324436595001242,0.49445573808719584,0.5038946576294027,0.4653767849079069,0.6333591434737141,0.4717443570058336,0.5366219809568362,0.4399568474644532,0.43262488114034653,0.5389291037530634,0.46865294612835084,0.4513706456239697,0.4281169280067131,0.3752916931322981,0.6317614552061596,0.48739146667834765,0.46202400184314296,0.3823524557512447,0.40376663223360887,0.45821466742195094,0.4530734450627367,0.42885878812815753,0.6637938634022895,0.5843376105401022,0.49420725696783774,0.42265572595200745,0.4894882666823516,0.49150197867956386,0.4346561801601521,0.622252638220289,0.37625839324445304,0.4165198264305618,0.6286059569007681,0.606945867325455,0.39189278828596474,0.3759839693820119,0.4340594416888327,0.46565164591574776,0.4937045410424567,0.4017172511390973,0.41093186115623587,0.45148748514436965,0.4062120232474771,0.47824226143207726,0.43840611512113076,0.4612948435435066,0.4750954993492445,0.4776320470213431,0.45862352756140656,0.4151793658425567,0.5141436677078065,0.4580198242777996,0.37456828823163224,0.4430123692683431,0.38842843159759066,0.5552167362732551,0.4986942917549324,0.43320021535883246,0.48878350266523996,0.40882005837591395,0.39606314216637034,0.4724939974677792,0.4517541358927277,0.4526892780562109,0.5903035929759376,0.5312853194286921,0.5270116866636967,0.43491960321676265,0.4862429013320286,0.40963154488585873,0.42555258988666217,0.4622728112300971,0.3983683956672408,0.41820630446800133,0.49756617241412227,0.40260422323760503,0.4840594438880898,0.4114426564417779,0.40584292554642515,0.5186857481197503,0.39817921311908383,0.42944237897167165,0.4228506823784401,0.4835146165995059,0.41704980811678705,0.5822117793814454,0.37273473070792984,0.39954775520644487,0.40520374656023406,0.3815462292182997,0.45914150054000863,0.49628668692595185,0.4039726532620492,0.5289486511617804,0.454727488448738,0.44957974597385036,0.5335051771476459,0.4032113778928087,0.5239682755255162,0.44670219123191707,0.48885829179148044,0.44409833459427406,0.4623293850003856,0.49421158550722366,0.39007980245208507,0.28964044409874024,0.4231000247414471,0.41589262088465867,0.47285609845585624,0.6111038754017165,0.45479065878060476,0.5166548633893913,0.513783202657984,0.5383280915911983,0.5111273362527005,0.4599895180299342,0.5870806586838385,0.3865753794631479,0.44672475944717155,0.4537439184000373
0.4996867693209771,0.5563442208721188,0.4767092916965389,0.4809271322866885,0.4977019086186931,0.5488465496611361,0.41070173804697596,0.0,0.48037397007323934,0.47704535276685106,0.5444961398541427,0.5602733893848748,0.5482542546130236,0.4013406262647671,0.4735546333862805,0.6320374428756692,0.5829741365381891,0.45711161047327054,0.5265032486478548,0.5717303896109244,0.5626132901595452,0.47536910798060206,0.44133542593860997,0.44416696743604467,0.5515276894052938,0.4205100716055841,0.41225462596737394,0.5281938413634797,0.4032560909061895,0.48658174477000493,0.6293669361886681,0.4991707885999441,0.48288899814429387,0.44468165026947043,0.5427524867133073,0.5576792101717978,0.6086250359393862,0.6373508236076065,0.6011358846425863,0.3989041148451473,0.541112030827673,0.41609678267228023,0.512466123443298,0.5888821323988257,0.5346361555028352,0.4954421476015556,0.44353145372549735,0.5828833582167167,0.5168315622719115,0.5364937357164778,0.5252835167282606,0.5195798655346634,0.4994889670509313,0.5587415672764048,0.5262622652189962,0.46842256675102695,0.5510594142235689,0.6174438771338437,0.46446686349064376,0.505963781635035,0.7190954050081416,0.38278834879628326,0.5292122122441074,0.46423856283004344,0.4108591044430027,0.4523679503071482,0.4368550115201822,0.4879378921266842,0.4823223095574189,0.6785630762064556,0.5114386933118986,0.5110847386841995,0.4075621269422489,0.5398552289111904,0.6270627044324071,0.4541412128592043,0.5280249201068878,0.5179666160628624,0.5501794383673029,0.42608517852124694,0.5016612521565751,0.46429471635995384,0.62473446020914,0.5996726421781932,0.46226749004695167,0.6272690348902573,0.5573708801657957,0.47007038691501063,0.5602562977330827,0.5063945411352258,0.4888021437372908,0.42924282962092525,0.6112318938740683,0.49945877043496806,0.4907852269954022,0.6094489054734387,0.5239212401328343,0.4719560233205877,0.3626526715199977,0.44706877347750407,0.513054917081684,0.5293779404849212,0.40798800119127715,0.5237663326013878,0.4916310761856319,0.5396769391589525,0.5704339707965352,0.5875494064104224,0.4523450782273093,0.5467097471240651,0.5039624419651991,0.46842748615015195,0.480587393555115,0.5345880918339446,0.4810406966673731,0.47782913724078413,0.4865574432235932,0.46469063090323465,0.5164238249616006,0.4387031284717399,0.5305527327471119,0.6192764584298442,0.4274522814249031,0.5766423289025109,0.4571568000719801,0.5303147160736665,0.38854479770775624,0.533704833381483,0.5081700380356048,0.481692034671715,0.501777274415612,0.5586365737817691,0.5639710949332872,0.4587587277403351,0.6074366863373608,0.5040542255054573,0.5829087741566288,0.42907770515332117,0.4322179112025761,0.5808820447099263,0.5322633280767841,0.4586360944266692,0.5200636030236953,0.4998861991794934,0.6245978130033799,0.39825062097402897,0.6215438307353078,0.5437478710326683,0.519332596225012,0.36540570140898926,0.5412475855196088,0.547017383625124,0.5785932800731912,0.41990552182730895,0.5975882998843295,0.5928794627734577,0.49738938819550266,0.6199090646883009,0.42725635710927845,0.4677691452031374,0.46294479828164975,0.4946466628326285,0.4389912301998848,0.526430313215799
0.5778093875392725,0.4127676761227123,0.38475706034952195,0.43021431305570085,0.47500537315922375,0.5613342347676727,0.37265354689281904,0.48037397007323934,0.0,0.36759443511087225,0.43763914435268575,0.48016751024659204,0.4205043504495266,0.40281961871769284,0.3896106932487322,0.48269307806238443,0.4864286520195156,0.4613583313554559,0.5220446608040875,0.5293563556817233,0.4953923941226866,0.4268915142621785,0.394077617025299,0.3613323311508844,0.4703966702009794,0.38649739648754333,0.3848606451740786,0.48031807908692786,0.33439527065917446,0.670789061459317,0.5371327657987379,0.4852147351495665,0.3935280102857584,0.4146893896654366,0.48313339904562436,0.40325375210940184,0.4605207962309489,0.5772503245475433,0.4365122387508137,0.3613256054867753,0.40997966529222174,0.5753230535347965,0.4432542965891883,0.4840267196312778,0.38280352167466686,0.4443638495477713,0.41916913162611397,0.41394826840648963,0.4150599974333398,0.49065551499265836,0.4923223040970543,0.5162263573435099,0.5095585450497451,0.4251987562122864,0.38515406377837,0.5850059135603489,0.5816068133606147,0.6001914339133395,0.3736285935425321,0.42429921509834956,0.4422911215879046,0.49623812212896795,0.5359349889459853,0.3912054549751186,0.5195447466109827,0.4996082932359941,0.4273101732038365,0.440918418929348,0.39368705128493164,0.5220662319434386,0.5343813150152923,0.44734454988587335,0.5562323944508668,0.4323125792232716,0.5646418416681691,0.5031766256812069,0.4117865930669703,0.41386254327674116,0.47697173160079315,0.5681468584620117,0.5500511627122943,0.612007838468984,0.5181435756442545,0.4508383984879584,0.6134064319173896,0.511891546027101,0.5588479793398656,0.5072762353505269,0.49152579366760524,0.5173109693043233,0.5757481964730375,0.5242141752200925,0.4508215909486691,0.5345077637217711,0.5467423145069344,0.46002647827122656,0.5376725852379454,0.4816591862212613,0.4868650678296263,0.4069300844227764,0.4361985322449193,0.4222977455066713,0.4992760456037821,0.41218464219027073,0.5655478125956506,0.45753337207878664,0.466070754184023,0.477875312287839,0.3748143810696542,0.4013979027771341,0.44650124740175445,0.5542365420304226,0.5476154518924324,0.6700676625964411,0.4431412516525045,0.48784618104646893,0.5480177734799622,0.4111351853637066,0.4044139781471256,0.5306064899763234,0.5177589500798258,0.5802889987650164,0.5260298445376914,0.504187334484131,0.6856121033264294,0.3885445180927066,0.4889438677959301,0.36651884305632887,0.3748866367689086,0.4075956530853587,0.6427191256509671,0.6607365629897455,0.5241161934052562,0.6197412829535979,0.43610536577316883,0.4851918002217756,0.43875862306062224,0.3810436304723674,0.3406323982137525,0.5494351516040655,0.409717232128345,0.48797521129239496,0.5408765419801311,0.5700200239353505,0.47343896395696977,0.45150572031531655,0.6293037966790863,0.431546307177064,0.44244607623151,0.40446257949330716,0.6027965828594957,0.5084364780455107,0.4918250108227405,0.3340805471262411,0.4866050221049678,0.4854520354161532,0.4345920595566987,0.489984515661706,0.41669941355641255,0.5449029965975062,0.37441376511637703,0.6727289118986136,0.6180524358118646,0.5725797676978149
0.45289654879630376,0.5774204127440921,0.717268423676758,0.4730002713767878,0.5286740401735985,0.4444703544781242,0.4692228225538366,0.47704535276685106,0.36759443511087225,0.0,0.5216569199967619,0.47717715437498076,0.49706264583465737,0.420904049458319,0.4582538379943607,0.4928829207807391,0.5059327381653023,0.4926225623608464,0.44092365123046556,0.44955390729925016,0.4963228366898744,0.5521549283474796,0.4931672577488229,0.439628250568549,0.5345802175261753,0.38318867306733556,0.3729646821994071,0.4758284475298215,0.5138228775395559,0.3750025936070473,0.43173862335582963,0.44971454075215805,0.4106922171424077,0.392902211040014,0.48564840547159915,0.4934351103074702,0.519605701939024,0.43216442329253124,0.450133670782054,0.42186265906354803,0.4487063285582783,0.43299228027574205,0.4413221961107683,0.4860033451376152,0.4651467717769951,0.46396912227246984,0.41027424469330387,0.5531091211110858,0.578062773368092,0.4562599169684552,0.4786259069127715,0.4429079786783767,0.42771770838410766,0.5872469714790739,0.6055980407235942,0.41795682786851446,0.4449070952239972,0.4102812090472469,0.5345673154996199,0.4841104962334869,0.5251242321489258,0.34218246509005046,0.4186255810540971,0.42801600656521277,0.4172889969449489,0.4106082936452665,0.42429241090896774,0.4641048688735466,0.4815713522461155,0.4470719718377782,0.4576653361450404,0.4993794607188643,0.36717387323832945,0.5454665529791023,0.4261579209632208,0.40403480407734704,0.48892203693187114,0.5261111178790597,0.3796296076792468,0.3540583302090285,0.43017025421046007,0.43020210062295494,0.5106239218306021,0.4353135449475792,0.40142028837184096,0.47046329058499575,0.38890576388403025,0.4135425901220377,0.4378334384106263,0.4038521911029861,0.4385799050977887,0.40409024081724854,0.5734660496780289,0.4033781017578245,0.4846336477992963,0.5412174254849695,0.37160575541797214,0.42392288227316755,0.34885412427433565,0.431475287648542,0.448009023735886,0.43878280511279505,0.37588941597357933,0.5551481213439438,0.41168168653044374,0.4598234880957675,0.462460351077324,0.4878907816334446,0.457243136821514,0.5799352773906931,0.47418011817453204,0.4125617614138513,0.4224165558678058,0.3958714281127085,0.4107287490206581,0.4160598942556963,0.39773319250094485,0.59050604356513,0.5473051602973149,0.3883952002958774,0.4735530682185023,0.3878396942539544,0.38790877008761426,0.4891736889726952,0.381925452285902,0.5407286140707366,0.36427482413355855,0.44134348947291663,0.5646301037016893,0.47395767421480034,0.39825740705953316,0.42935278024237494,0.4008095243343916,0.3625598296147376,0.5163144939754122,0.4565012897399541,0.42950384735916725,0.42506343667648266,0.46221721322797193,0.4365357769912602,0.47217073472019044,0.4364495813039484,0.4873956197458828,0.4467925850693875,0.4756915260407296,0.35679671166299637,0.43779569149319536,0.4918409626032877,0.5854944180918038,0.32223413016945684,0.393074483780302,0.44395003276516876,0.5008879204734649,0.4927652369243098,0.46445660415027795,0.4691372898235776,0.44220472031057356,0.5111634233467359,0.4179606044301518,0.42362712457418034,0.5109205964600314,0.39278022106724286,0.38594754373747836,0.4323208650540171
0.4737580149453054,0.5651815795552277,0.6245033246212612,0.5483113059910865,0.5756448871970291,0.48358609822037407,0.46485601856970804,0.5444961398541427,0.43763914435268575,0.5216569199967619,0.0,0.5109347510466773,0.5673613168389713,0.43473413968826996,0.5041976454990801,0.6379302708151124,0.5601669027474875,0.5363027970028481,0.46601407719505905,0.49255322140632046,0.5234659452594842,0.6724118025498098,0.5260335835172614,0.49124298994820415,0.5569083819191587,0.4486680089564248,0.49856162427689477,0.6002232224745244,0.4305440546513147,0.4578979643705044,0.47796999242723914,0.4471704080592484,0.46453208321827066,0.4079077410806398,0.48363422584015975,0.517052556352444,0.5666472998495916,0.5287039958895272,0.5306549887991249,0.41787859503531843,0.4902440772055801,0.47084315039437635,0.4477507043365852,0.51944593505587,0.5130691366539836,0.48232709950574,0.37933611056618555,0.5986852465153698,0.5476170173450874,0.459718599263305,0.4692064102925218,0.4379242767690618,0.4286983553399636,0.6491100383293328,0.5593328857931338,0.4091514796127089,0.4794061211193501,0.5622757380936775,0.4754352465706693,0.4861453937048135,0.5902038437278274,0.33555864346270714,0.46536065643468966,0.4496511915927528,0.37867743521274805,0.4132191232569648,0.47233024276632796,0.4538313642150701,0.5558580327411339,0.548340644009279,0.4568338178889542,0.459071423083304,0.4072741668839589,0.5776283039761704,0.5470384706237142,0.3900507753143011,0.5372101582587269,0.5665770546289669,0.4230176412575018,0.3524912952369488,0.4270489292112102,0.4312595767613744,0.5239266257109366,0.5073998971514542,0.4071676542280247,0.5157754283510465,0.4554424454062853,0.40384735461659693,0.4568992261286371,0.4616143211731279,0.5130425969901641,0.38084307707536824,0.5777974561380391,0.42006313329885064,0.4563506198935288,0.5586892468376428,0.4019738285861504,0.4140929886653142,0.34322839152758094,0.4349023025564387,0.4978282693244433,0.45572965694127215,0.3972247602560187,0.4774567126808984,0.4253589932412329,0.4658872452788653,0.4705646001508828,0.5727520866247052,0.44455425295400075,0.5831490617309185,0.5032979573008345,0.43003362539948214,0.4159121220878124,0.5059304201025738,0.4680224765400854,0.49752978621221894,0.400903055336695,0.48790223035534963,0.519979064776512,0.44061831100297555,0.5219628721033549,0.4356172224377013,0.38532789300497633,0.5078504171856031,0.39122928772653676,0.5282712410290428,0.34765151705474967,0.5239666167106655,0.4913246508245043,0.480478543971223,0.4448098412022838,0.5052858724982126,0.46415387198482627,0.4111479048377579,0.6243434884079608,0.4532765226003627,0.4476756717469786,0.4284153385092669,0.5184675283039193,0.48700256326479174,0.5431700129476938,0.4418998141616608,0.44057198697310745,0.47141390927785753,0.5666305976556651,0.3671282306459214,0.4960575031569013,0.5188805377074902,0.48961144991624905,0.3809644811068483,0.46470122789615254,0.4353715100491883,0.7012731127027427,0.4772137637282195,0.5185933297485101,0.5306224843200863,0.525141955253355,0.5756535372617816,0.4322974303269778,0.41015376170390133,0.4919084190251995,0.3942175901843466,0.3972713868287355,0.5315758087423748
0.47049432473775604,0.5068252496849455,0.47844427652636684,0.4221592553506655,0.45048019322407834,0.5600819602437656,0.38687678329804764,0.5602733893848748,0.48016751024659204,0.47717715437498076,0.5109347510466773,0.0,0.4300263623271997,0.34108008777375226,0.4079881711307353,0.5617727016522693,0.47791301483981846,0.3881227175606462,0.5704057298843729,0.5415268461863159,0.5932954761935153,0.4524999935236667,0.4064123552818235,0.41316130851988214,0.6339930614820964,0.39355022948013435,0.37214720336816337,0.43811020561186204,0.41014523256731067,0.4935990195877371,0.6093344360458361,0.500976839544781,0.41116742675884166,0.4771946630342599,0.4608442048726234,0.5096746764764637,0.5070557743859059,0.5406396802032384,0.615797348482443,0.35721114090715966,0.4735298559389781,0.4380551341719521,0.4969424741962681,0.5768127820875244,0.4440569178859131,0.43704683006274153,0.45339064176928073,0.6142165190579081,0.45485677092831694,0.4857330950309611,0.48017139909858114,0.4823525013593509,0.42546343255991853,0.5297021753368581,0.5609385998132566,0.48355200926124203,0.5288075399031416,0.6200886865728796,0.38858157073447575,0.419100096627139,0.5030437970141187,0.38065200285141565,0.48543550532483304,0.445848920886272,0.4154728137098981,0.4587494722409767,0.4021090847201904,0.4138608370944563,0.39827916748419473,0.4898363009536661,0.46386886950969464,0.4251255031186627,0.4155670993507766,0.4356780743937184,0.553901740983301,0.4562760577732538,0.44650137913541926,0.48568041592348976,0.45901382079901437,0.4392188938097096,0.5219363674716052,0.47155019118420377,0.518619923067824,0.47118940483970845,0.48026172733681965,0.513697884031095,0.49451477001699606,0.4500317867247099,0.5066116653897822,0.48230884581124067,0.453252054823795,0.4497408323789761,0.5137976216925804,0.4944616338003604,0.43312404536924026,0.652842825166599,0.47887191039388716,0.5105840353432389,0.3739214421773878,0.38960196874797437,0.4542712247291466,0.49243899745367475,0.45124091213361234,0.6439029235438123,0.459020706284751,0.46569302179137056,0.5611221569130159,0.515814387932888,0.3986277494394045,0.5417651058905287,0.5710134242977052,0.5111518745659772,0.47656543854709643,0.5783600050367144,0.4172265504200777,0.4048056397250427,0.48646443596115746,0.5807523037647586,0.5264281656164402,0.41853681598147124,0.4550426865066813,0.511628100680496,0.44568489959435803,0.49091993589093597,0.4516743547859493,0.5672733717132854,0.3822911683277632,0.44318408473501164,0.55381371452096,0.41707584909435497,0.4882698249159711,0.5247582682737385,0.4430204384597776,0.4920895574395209,0.6227252655118529,0.4729917930275381,0.5392316417996158,0.38805647655124764,0.4063371495746181,0.6000202793156079,0.4440619459289975,0.47250440725364695,0.4618721429233209,0.5194396864532886,0.6065753860612372,0.4409828999101348,0.6279833778175016,0.474741931017226,0.6596151072679386,0.4276834727208593,0.547730986375618,0.5368062622010134,0.5001542836655901,0.40741691790517165,0.6570253624065591,0.47936726558425086,0.41643758244202805,0.5373241745375765,0.3720577996101562,0.45575161690369054,0.4012786110057708,0.4783728092901731,0.4802962424483576,0.4730956871830594
