0,1,2,3,4,5,6,7,8,9,10,11,12,13,14,15,16,17,18,19,20,21,22,23,24,25,26,27,28,29,30,31,32,33,34,35,36,37,38,39,40,41,42,43,44,45,46,47,48,49,50,51,52,53,54,55,56,57,58,59,60,61,62,63,64,65,66,67,68,69,70,71,72,73,74,75,76,77,78,79,80,81,82,83,84,85,86,87,88,89,90,91,92,93,94,95,96,97,98,99,100,101,102,103,104,105,106,107,108,109,110,111,112,113,114,115,116,117,118,119,120,121,122,123,124,125,126,127,128,129,130,131,132,133,134,135,136,137,138,139,140,141,142,143,144,145,146,147,148,149,150,151,152,153,154,155,156,157,158,159,160,161,162,163
0.0,0.3222807421483879,0.3089332021932066,0.2691267403582907,0.27702283301051206,0.3163311696427723,0.27685689032267663,0.3216566296827168,0.32688758076166696,0.32501802684593867,0.31368274176087624,0.2620841369113594,0.44881826962394766,0.2642409628571259,0.32773314346408533,0.32866497227697145,0.3410104080331855,0.42257672869240626,0.297905458928654,0.4387888736090109,0.31383543891163446,0.32322649186254937,0.2977767505471303,0.29166560997811536,0.37625153756061847,0.25560185791872014,0.25347385368419617,0.32876708483682754,0.25447443808415143,0.2574901993845021,0.3265940675118241,0.3480471004650771,0.28511723917877985,0.2761930088484692,0.3637424691090036,0.2551878734686995,0.3970524275426295,0.307786323846664,0.24359905736587972,0.36185761335060496,0.2699529181893321,0.30967271589413853,0.3313918425161462,0.3104961150505253,0.328784968278303,0.38015358570203167,0.26903766521921074,0.30243469044697585,0.36019891023401585,0.3374620733591745,0.34501473179051,0.33131631453268834,0.25753896624900957,0.28134659063085715,0.2707456214841248,0.3020337200558172,0.407849761731323,0.30020612277679276,0.29939203031399203,0.31688973770625817,0.3105553905771041,0.22964219483008735,0.320204793575323,0.22629144204741672,0.2905721318904141,0.32044272200368423,0.31338690342665937,0.33075752783637175,0.28314140610993555,0.3576256979939685,0.4362522859139493,0.29060342734884875,0.29317188047689957,0.3406999473097295,0.33092663029944647,0.31819466369622945,0.2619896481978989,0.268697381423308,0.30647154787109093,0.23960632606275412,0.3002245858541399,0.3521524924463127,0.3060404733049189,0.29437100363035534,0.31130963276774637,0.36254273058070874,0.32947879652842094,0.31673760137651424,0.34868330335702086,0.2564016183836634,0.3397679057238813,0.29650737540026467,0.32537907059698545,0.32278722072002086,0.32696731360472236,0.2829884290793169,0.22915385410276765,0.29027214894523024,0.22028137536712908,0.3397037080489477,0.2505329990644138,0.27786503012524466,0.24771050722054042,0.26400329428209757,0.3379114646553153,0.3538595857648784,0.3006474276693464,0.34068357692781026,0.3367626831517507,0.308011085142177,0.28794322480615797,0.3040385611776041,0.3284798645401263,0.25679041562361715,0.3040393320082448,0.335433808556177,0.3419825925957956,0.3070453422456059,0.2671594495428513,0.24680284916321932,0.28687317577245947,0.24984766216101312,0.31917673701775134,0.3898569377712768,0.2828859578185703,0.2930747260566836,0.23358727710259455,0.24217256545559102,0.2667362492180532,0.33529378197547544,0.26137816214574444,0.29752118341458994,0.2548652120985432,0.27662308270390196,0.28965649340563776,0.28972917889254635,0.30493843683055727,0.32423015169277364,0.31651847241558945,0.32919019204596656,0.2608524477740189,0.2705883594109873,0.3582007521342007,0.2628415668305997,0.30021243332553316,0.29589907141437655,0.2932417817356284,0.2757474085000917,0.3808857011559956,0.1756145236178349,0.3692604371746605,0.2843908450286537,0.3003572112802108,0.24085447078241604,0.31430854635952254,0.36743170529812363,0.31023839420073046,0.3068910146838439,0.290659508986689,0.2926414381984417,0.26219973752611997,0.34609031893331965,0.23567199414674386,0.3757941466156298
0.3222807421483879,0.0,0.3120743700643666,0.2762184956075691,0.22933140620103334,0.40889589966395784,0.2659906544076448,0.4199647269393664,0.30225924481382227,0.3828891179142429,0.2783178812727724,0.3303867458185118,0.3343215218666086,0.272923631804659,0.31594130400341613,0.3028439765445229,0.30711176750841296,0.27159114762020015,0.3082636569803481,0.33815690883492006,0.2944154322792631,0.3477128503103244,0.27166530582005,0.3023220856222184,0.34418423310571017,0.23572012929671055,0.257064399407922,0.3066069573409727,0.33642122433860655,0.24454353651875194,0.3802530994566788,0.32516375105820655,0.35579926279851815,0.27188550012755613,0.3125295101999001,0.27591719423192684,0.29894822365863966,0.30197245584428684,0.28171679015683515,0.3060252280992246,0.32679367173077106,0.2948606917160801,0.2357862142305071,0.27200652822815125,0.3792682590732757,0.28565721965812924,0.27265920701857566,0.2503889766622716,0.28716237202051126,0.28862683783092696,0.29066916621483135,0.3016458058945257,0.2722673095534894,0.32920311155669446,0.29732740410715114,0.3467558223783634,0.3103164445081821,0.28990229589866123,0.27113187781532666,0.3162346563543655,0.3445459307831339,0.2085006100858105,0.25703992225027467,0.21356741471806512,0.2359097856929565,0.24860034986799795,0.277329684450998,0.2703007256565755,0.23374385509692025,0.3180495595499489,0.30449646524967383,0.2758654390985974,0.2395754208790935,0.31036118300867865,0.3389465476216822,0.2647968150681162,0.2425641505681541,0.29408347828102793,0.27105480845581464,0.23530406461249279,0.26310665724998133,0.2975059132216133,0.35356728075564925,0.28339063430110756,0.2707359839644349,0.4401745893442819,0.2748860237419722,0.24594805758503183,0.30340690684185456,0.3118447048197318,0.2509510575056761,0.3021936203450156,0.31229541726762594,0.2895933585845622,0.2824472387043525,0.3620174138878453,0.2621482043434559,0.3209775964373067,0.20599180774804032,0.3317345844856637,0.2621153704588321,0.23814208815413004,0.2025286466956094,0.2787013376474558,0.28115273833301185,0.30433727155659906,0.26682406122388486,0.35819954034143364,0.29667429985159666,0.3355712697165545,0.26221511462408637,0.2471424920332394,0.2895476072747379,0.24682567067767597,0.2950144085969705,0.43070984327971035,0.30960082279768125,0.2386944625062951,0.26230232699107686,0.24216270338515455,0.27145836223373754,0.26027636022293604,0.29141891107154416,0.3533085182117348,0.2697738765313476,0.372804500567621,0.2436317012027197,0.30183640815041324,0.326296399399146,0.2781079051116724,0.31453996352574465,0.28900991760917305,0.25025536746742183,0.30441049564316885,0.2814632601142686,0.23806364675067543,0.2982768492075076,0.3079231663724714,0.2885801796449531,0.27855625031360287,0.25850348197233314,0.2739777455632226,0.3585135382968293,0.2595824790808736,0.2928132043268914,0.25631919341246895,0.3432790945035993,0.2739631168127266,0.380197523422219,0.1878080917548269,0.28377761779540933,0.2824572965350654,0.2583475780598511,0.27067694182852603,0.3005893801040884,0.31746034872382317,0.2992775793042459,0.34178059101564384,0.26864035242758894,0.2583123446170631,0.2497971617636899,0.33527816525985443,0.22592834232563638,0.2802796634185612
0.3089332021932066,0.3120743700643666,0.0,0.26802161979195216,0.2965905678473249,0.308735797291216,0.2722693430985362,0.32163792985493417,0.2571226734654168,0.3812079163730888,0.31218489731727367,0.2755529888265227,0.334813824723503,0.2332466032362978,0.2953347308305435,0.36488756705048003,0.35214843365699017,0.3028391338606951,0.26728952817182666,0.26857442532621995,0.3618209667168477,0.4396499802583923,0.2684611538591137,0.30354750063647,0.3181082761777157,0.26329909215718317,0.23833356971624634,0.29061379715369035,0.2559010224729739,0.2531492501358399,0.2577159522285326,0.2951565083428591,0.25309587378602016,0.23517524025722952,0.24536538012720338,0.23972739591885245,0.3085964476184203,0.26166294731686657,0.24584606963054617,0.324773551511005,0.25415582201753606,0.33383099164253244,0.27484696109570483,0.26008331353049485,0.30830467941474843,0.27831112527654883,0.25283276474834665,0.2798171070042531,0.29908238395852144,0.26300001178564203,0.3009440726082813,0.2991784758692184,0.2060050034264889,0.3009983551740561,0.26058602930582275,0.2504174571569961,0.2761875158911581,0.3138024077468721,0.26837641600167705,0.25184361252419185,0.2764059483968015,0.19529875765535368,0.2874020399610198,0.20422568043267636,0.23453351741552403,0.24872919894915368,0.2572685495028145,0.31736834228661903,0.27772048195868126,0.3323625211427788,0.32454147442661363,0.21845100746473223,0.24241680150840345,0.3985592138985519,0.29929152860084673,0.2057021105105284,0.28883322189121213,0.2857952170670299,0.22982665214140496,0.2047481753927085,0.2624085321807678,0.3088859412425401,0.3049861050335452,0.2370184225725507,0.25312962692491514,0.32857682985598125,0.24864383925217046,0.22375638064165118,0.2518557988612327,0.21718345706303227,0.2938461944007768,0.2353105043498717,0.2715582313905016,0.2157989492955412,0.27904163600911086,0.26547875456543274,0.20648390159394897,0.2688684186747847,0.18564995082524083,0.27275739872263943,0.19614388492038964,0.2785568991433743,0.2078652755250429,0.2817412200999374,0.2446514294432003,0.3238267076399735,0.26694741157838664,0.3067337954702321,0.27555150320575905,0.33463396248843164,0.27384876911880246,0.23157575483147824,0.2588453814826243,0.22975488791405216,0.2238332581694228,0.33624432398240345,0.23493277965638376,0.30248724628971885,0.2882299086688752,0.22398067963593246,0.26138470939575253,0.22403091517852858,0.23887879772224807,0.3205171701924634,0.20368117527106552,0.2906783363912627,0.22513095735789623,0.2602431035417341,0.2783657610056543,0.25929179985418227,0.25184640172718,0.371013849681671,0.20093130809589824,0.22136784552714853,0.2718587534401462,0.21659488433585075,0.22522849058265676,0.2557714083385455,0.3003560446750888,0.26505635924187493,0.21575442328932984,0.246752609903459,0.29675548911968036,0.25335220483235216,0.2542104414205457,0.22840566152524822,0.3115648117238141,0.2695032218455058,0.3542277051506114,0.17753341901496977,0.24054354361038438,0.21266681552343178,0.2716565436888963,0.2913127097212089,0.30848511647904836,0.296087577731322,0.30978665284006396,0.3367214986506298,0.20648232283349363,0.2474321218779594,0.2615325373762032,0.22137685674656737,0.22956990361996804,0.3041082591193209
0.2691267403582907,0.2762184956075691,0.26802161979195216,0.0,0.2557595984274005,0.25140548692936016,0.3128071737564977,0.2844674212398191,0.2325108659628923,0.2820386478087941,0.3178979562575807,0.27685727841352753,0.26333021673741874,0.25395386259485436,0.2958489870001744,0.2642085228303046,0.30862172380695446,0.28178536144438343,0.29945340574706497,0.2607153789020526,0.3475895054913953,0.2772649942328542,0.29881052253274276,0.2602998552637365,0.30262741217194883,0.29236885485412445,0.260690742401123,0.2946211810463458,0.26484040588066554,0.20142207361852174,0.264065031743403,0.2599238041072811,0.3622712288399277,0.27582814780193315,0.28318133362137493,0.2980341560874049,0.2833939042082865,0.28909237512609426,0.2962816794761424,0.3523891322045577,0.31057244193747424,0.27360801259439965,0.2703422002427665,0.3197857515684174,0.2837705949377314,0.2854047525035242,0.19256758357532147,0.2839086681936275,0.3172591657552496,0.2816720756209272,0.3677205927684956,0.3138612243527214,0.2563944369399086,0.39551157099207424,0.31533678083593775,0.23848568816099125,0.33626660961882915,0.2973633447511539,0.30193901475271856,0.2965413234533849,0.3312173808015425,0.21336105263883062,0.2948752589932738,0.2247318354584427,0.27875179533278666,0.2893328268755736,0.33624247459639534,0.22615614195874198,0.2652336833361966,0.28860561097815796,0.28526070780827506,0.25830335513836844,0.2832852615977732,0.3922000190010577,0.28670260573304135,0.22825393930341237,0.34875232328688216,0.2942832153580552,0.271082490112051,0.2071863160543074,0.2602399960215319,0.3580548059457792,0.23881979778559273,0.24676850185914145,0.3536074868130683,0.2733122078916029,0.3198446229138779,0.2843476570685421,0.2596235055116625,0.2294871619929035,0.32130680343068435,0.28464596351885546,0.28065126535355794,0.2617323861806195,0.35762229274949037,0.25792723232974707,0.23270010472935304,0.28665564902143553,0.22799528509268235,0.28737323893098893,0.25129591977778126,0.3252074310293408,0.3249632810964164,0.2671603552321486,0.28246927611359385,0.2585088005871503,0.3002159390028668,0.2797339037515555,0.2823370901210535,0.26916343476977284,0.3572824976981814,0.307378556262839,0.3243769335835155,0.3014661611491854,0.2719814602385668,0.2608152651054062,0.27986647412811266,0.25029187616833487,0.3180427961858043,0.2682223249441291,0.28717452775517927,0.32016786424500776,0.2823084444963505,0.29611828061818113,0.2448668936183272,0.26744302129266356,0.2683314855703319,0.24657068259273604,0.31263095276671404,0.30593629690723756,0.2094664197047114,0.30062774261384956,0.26504055379604297,0.2990636829009469,0.3072691569554199,0.2282390605490395,0.18758108722053465,0.3082549412912079,0.3221965811897251,0.2979798166270656,0.3088688679858986,0.2618028081048852,0.3597897361282495,0.31038315725964466,0.2997428687857142,0.2573446500688865,0.2698008578569568,0.2534135583076373,0.26507046957555386,0.18445000373832285,0.3393185358307923,0.2808389897558547,0.3213004971732221,0.2316262418691632,0.325308940073993,0.28978902872073276,0.2616540757128363,0.2826545532259558,0.3444689599543813,0.2752423217700057,0.2757810460234702,0.2730973619488708,0.3018359032943336,0.3022053490226908
0.27702283301051206,0.22933140620103334,0.2965905678473249,0.2557595984274005,0.0,0.2165550880279135,0.31520365915706455,0.23316941701292077,0.24073365564793286,0.2604590702148957,0.30832997879724006,0.24822932573622866,0.2443719246550441,0.2167813152247229,0.2811944486243279,0.288279041643854,0.2736635400989919,0.2886771230267062,0.2302823440517903,0.23712338488887702,0.3010778353426671,0.2994660644035477,0.3176404400463619,0.26141504970148566,0.2715272324249872,0.26618914017865636,0.25345435262827254,0.23119305860995285,0.2198380421340127,0.2524423914133873,0.25284944750734895,0.23230807235316167,0.23092987843613638,0.23277256356902343,0.27804877999037914,0.2501766642194249,0.2828687357153638,0.24949407930780165,0.261478057550931,0.2775037307441743,0.23855086093370323,0.31834273060280605,0.27483224483316293,0.2849160032201577,0.2343949856690935,0.2434644640148159,0.23929460511422718,0.29261901091911446,0.31468451005822135,0.2530316425100958,0.2783102271383317,0.2399210969236466,0.20120857913703968,0.24594479282479517,0.2486110471077543,0.21991812367920532,0.23918337264072262,0.32646148365276306,0.24022145001916378,0.22809562300561148,0.20577024841517466,0.1876255235693736,0.23441457890863393,0.22530039515397976,0.22896777904156357,0.20050530455728344,0.24564984336442616,0.2579397036671359,0.24269561203912524,0.2889187935902312,0.2785018276065992,0.22199323351389755,0.2224329554269439,0.27928615035479215,0.22412503938803696,0.19616519874022553,0.26686483056048765,0.3679118808738223,0.21459678069443716,0.19527309444069277,0.22575533364083195,0.2972975808799221,0.26113910515181843,0.1938720662247505,0.2439398250626185,0.2396715045088048,0.25663204122513855,0.23291915555895076,0.21679808900023578,0.20832339918562587,0.38065825152802124,0.2629100370334526,0.283888494081247,0.18978488705745883,0.2664213956108531,0.23561758644031428,0.17327224581287606,0.23368759639840964,0.2171119896593886,0.21991304357677027,0.20497842089635218,0.2510936877910371,0.247014125139564,0.23445515109912612,0.22745738154119113,0.2545894682397696,0.21916524918418487,0.2794572852248588,0.26820207521465816,0.2597610960202704,0.278754898418509,0.279520335066478,0.22459279951032723,0.2610007290962406,0.20788953012859918,0.24423782203769415,0.21684761964923183,0.28036555368115135,0.22840080603916169,0.23979289357317735,0.30778500411760573,0.23203671660170216,0.2225719097833366,0.29583012889050125,0.22163208009767063,0.23185042270464284,0.20549102425606236,0.2447763975922783,0.2210695033369278,0.24403957907223353,0.21103122297941024,0.25405902404824504,0.19508255206823388,0.2399653218470794,0.24736434445131206,0.2215381903042624,0.20363852852781755,0.2878341211531513,0.2837736653107377,0.291198791627093,0.19943763586430036,0.241895383337145,0.2814057479122488,0.2622685633257804,0.2774014300861757,0.25254946529510297,0.28029297923371244,0.2420492431874037,0.25352206145997064,0.1766995141588085,0.2483810382656686,0.2156557112375586,0.28598888263819294,0.24793898122483243,0.2901201845973589,0.27138970660625666,0.22683719524983903,0.2820599713351991,0.22028865011809715,0.22574002145110214,0.21686711097885975,0.22461103220826742,0.245829261863983,0.35006884297914664
0.3163311696427723,0.40889589966395784,0.308735797291216,0.25140548692936016,0.2165550880279135,0.0,0.23948367652442681,0.33364922242935124,0.2599288498790222,0.2899255356236132,0.2784633504445617,0.3085605533576982,0.3655324998178131,0.22230005889791649,0.2867121517098914,0.3202781238161848,0.30661329124175335,0.23111808965245534,0.2886872641693673,0.317110844534221,0.2961024838753574,0.3032286972377441,0.21512672398492602,0.25809726655463194,0.30988613679043725,0.2271868531365053,0.21684080266259045,0.2720845978207396,0.2828869260348069,0.23545439398424792,0.3146498629634519,0.3546303154723259,0.32478308931510586,0.2521707741071045,0.2730076651123557,0.23923456927257572,0.30028900518774854,0.26247871610924106,0.2527424734705715,0.2559169004827972,0.2891435145084154,0.2752306891751851,0.24418918654087196,0.29351532711923456,0.2961347174989499,0.26062460329197684,0.2530595969118283,0.25987979295134017,0.23278813477082363,0.2765816939899715,0.27722090947656697,0.34284771510516676,0.23457479770979833,0.29569127749129304,0.2582947160570825,0.3179705442131468,0.2906221542101759,0.33469012818225613,0.22062537000540552,0.2650393939835457,0.3421256169425476,0.22072442050553678,0.2914977012390447,0.18876917598557055,0.22038592395810888,0.23943255569424227,0.2513939516698745,0.2813250997040452,0.20947962570151282,0.2813451457453026,0.3034196910413304,0.22585062072646156,0.24271518897144004,0.28757235145005033,0.33830713841781984,0.2470277969146502,0.24352277987382462,0.2624091523589013,0.24389275607246313,0.27624294570624824,0.3070846500491985,0.26956621443874434,0.29379816680057125,0.28943658032237257,0.25608019138484844,0.33093944245925333,0.291704261001007,0.22618898004584614,0.29951761779886693,0.2551351016861836,0.2543733810849628,0.2903268543558669,0.2886594176958942,0.2633963479532469,0.2402371572956715,0.32018360438955,0.2558347748628311,0.31916784176400137,0.19139633218576008,0.2946730844915719,0.22700342392062586,0.2308769659304071,0.2009038500264734,0.2472671087788546,0.27526403666105526,0.33259772049281167,0.28056615165185694,0.295410707830245,0.25991390324220565,0.3065582874825242,0.2659036650074592,0.22259713630847505,0.31179789009284103,0.2389884096971681,0.25700924750640336,0.353530285663121,0.29919621743375063,0.22010925945171253,0.29845908930874,0.23245094808891842,0.25224624351185376,0.25634570221169073,0.2910672874543105,0.3307557716224997,0.261468816911516,0.332900059168235,0.24201705928876488,0.2568535133281974,0.2880343707481953,0.23633583218504878,0.2820699750873651,0.3448275377080785,0.24472888717684968,0.271484116909239,0.2628868247252044,0.2327189132075028,0.2807450771490415,0.24788051524217836,0.23429241015274455,0.2471076684616321,0.24431354633203906,0.2663689414832982,0.28530728854862114,0.24084069313036394,0.270804450929365,0.23359486567550888,0.31261673009823504,0.2754992199626251,0.3126876204731376,0.18489000335750544,0.2614840776719408,0.2529583286598418,0.2220470263742317,0.22951739767261958,0.3037926946912845,0.28480271326143625,0.28482840807355747,0.3350318086410174,0.24120835276003746,0.26249939813344014,0.22488151415060909,0.3067575099353596,0.21338956431996295,0.26973939391358837
0.27685689032267663,0.2659906544076448,0.2722693430985362,0.3128071737564977,0.31520365915706455,0.23948367652442681,0.0,0.25054480532569645,0.2365447598207976,0.29674483729853424,0.2820617645417106,0.30915074370454815,0.2752851376116253,0.23031371490029665,0.35686463468413876,0.2497452224264721,0.2497075644482269,0.2722031747329937,0.26492763202692765,0.22700306230360215,0.2893952885712855,0.30632261853574483,0.38774853713617746,0.3116343766093793,0.3255159570906103,0.2812193906544601,0.26023853264460317,0.23781071577076793,0.2435525816161726,0.23981028341030686,0.28778221127901943,0.2661266459537832,0.28906512609519786,0.28374597787564265,0.2515773874070086,0.24344961801001064,0.3391487126660148,0.23082856603608626,0.27259068749867155,0.3367841928365242,0.26765760132754207,0.2998430503336397,0.28432745295336864,0.29603804265415673,0.29902617930888664,0.27270413518584224,0.26025428569112447,0.26896039653974074,0.4040993012098921,0.23655873402812316,0.3200787693351685,0.24585315742697353,0.198195638563885,0.29483839723266847,0.2954468965819301,0.25224477173225884,0.24887228328391972,0.284967414594736,0.28818775614684533,0.23519690551576738,0.2215528463187287,0.19652968260277,0.2223615428764272,0.2214823401082751,0.232933405194456,0.21372889628190025,0.30561658697691285,0.31440985999022925,0.24762643077318536,0.27091330880380987,0.2979900731738724,0.22219921470410953,0.22590980507644526,0.32298723860922257,0.20456883598835593,0.22459887466701822,0.33987705148368574,0.3341467964731884,0.22560014028674047,0.1971088418698382,0.23466453266952345,0.30992524356537665,0.2772869550003811,0.19037842910007322,0.2451278480668466,0.26052707043945644,0.2589012957214596,0.26391485195942405,0.2475677568277893,0.23539866949702518,0.3199164128046081,0.3382798603519106,0.2678291868399513,0.21478752370311294,0.27051396964069363,0.3051314226147024,0.18385514676629358,0.29558411225269815,0.21281874799427603,0.2744657831138024,0.2271776798336448,0.2890926474280814,0.2965935182401323,0.27973294650467584,0.21916965818834022,0.2739495586877179,0.2276222023073504,0.28265410144473635,0.3041764709741372,0.30482646508623146,0.3574726337750221,0.25747925100514885,0.24869776900893378,0.22825330730762072,0.21835960131815818,0.25550954816746735,0.23386035128515978,0.2954665427052101,0.2590430970898492,0.22115195007007038,0.25757850430909457,0.23809989832325573,0.2266191466692125,0.3338308447802143,0.2132725542064439,0.28429292269388806,0.21524617734249116,0.2896651717606728,0.23428005298679627,0.26556814243193544,0.20729682002809474,0.22580146539844353,0.204881070757401,0.22452510699243788,0.24747228380452035,0.2243771740029091,0.22557165216636949,0.3024327918454642,0.29723909656082775,0.30144201765924167,0.24057515486824763,0.23323081565117673,0.3036132594178345,0.24279458761899664,0.2821875405303327,0.330375660246429,0.2863987904968859,0.26912501588523546,0.27056726600654774,0.16003735220824436,0.2706247892155181,0.23738570588985455,0.26056328861952144,0.31166925444766674,0.3512301479426266,0.3152600953496532,0.2795211540665716,0.32604106498551283,0.26614607631094755,0.26414934195574324,0.24045890048978602,0.23160807686106935,0.2598966738270364,0.29981682304036417
0.3216566296827168,0.4199647269393664,0.32163792985493417,0.2844674212398191,0.23316941701292077,0.33364922242935124,0.25054480532569645,0.0,0.35481291903865814,0.370167323761158,0.26721171051707066,0.33543836093936413,0.34221035068817834,0.24526081456142967,0.30164166419043553,0.3309742931422233,0.33686852455100713,0.281311212341721,0.3031073678358866,0.33624808792063415,0.31693907536392624,0.29265748426601773,0.2784815979444756,0.2708478367858808,0.35031612108731786,0.24615304896683524,0.2924429125302264,0.3316386722239614,0.25346691008784983,0.27503133602642915,0.4168177636951919,0.31505462060216044,0.3148726164042842,0.2788621316610925,0.2958989494489378,0.27996557290553353,0.3179995780528799,0.334151729751372,0.283902740172978,0.31452910955561375,0.2992776609217754,0.2998905667798358,0.2641542344694542,0.269805793581529,0.39337281516731715,0.3129887637871711,0.2613980805845925,0.2484497344200033,0.29417824809554444,0.2834935521310563,0.2940443050860526,0.28910347264373387,0.24898495737211232,0.28934166212509027,0.27108971207098737,0.3189188560218163,0.31161624201863264,0.3607438370375466,0.2788250606004005,0.28698552396545757,0.36825531080479995,0.2108661983581806,0.27586786880466335,0.22359933980690028,0.23369189960870465,0.2514406460038148,0.29280007664866375,0.2668217787716138,0.26606843725259277,0.404324154464761,0.3027357779464355,0.2670711041862807,0.25704090832298354,0.33691989304593467,0.37141473924368634,0.2535838625088597,0.27453999636391485,0.27925766048110384,0.3227590144804614,0.21863443816199257,0.2702894063672883,0.3140346446306374,0.3408944023103045,0.3015026448662666,0.32113682377111397,0.4760051253286792,0.34559466010877565,0.27412429871770444,0.3513798849456613,0.2942820602214741,0.27216126445764655,0.29819204942917005,0.2886694812381605,0.25655510706821566,0.3088012329230205,0.3303008752671147,0.2596814447455164,0.34355971781486194,0.20751741799862938,0.33493437869176274,0.2417537172856407,0.2965820770825406,0.23281796264515545,0.3112719861757559,0.30759100994087646,0.34609761675171313,0.2989715266005604,0.38843237516906365,0.296618670228064,0.3040126412946602,0.25040929422267866,0.2713721094168829,0.3075737152801712,0.30043167563496376,0.2768764039867696,0.38450409118946666,0.3290741348522946,0.251685690658865,0.2536978670649793,0.2556302785726031,0.26881680328246493,0.3308681191417268,0.2696368347411961,0.3325913028090439,0.25664698016035253,0.3110595501004462,0.2442384700736324,0.30327661169358594,0.30636189869526065,0.2840084959283128,0.3552886481711379,0.3230814248444388,0.26913837930111334,0.2688298871273952,0.2803485637246626,0.22323923359518524,0.28304502647874924,0.289867246807176,0.3131523198953215,0.32216487560296175,0.2509620417490751,0.25152830486332584,0.367714731318741,0.2805883511363242,0.2973507856250133,0.2846465958823316,0.3738149352791217,0.29122246388148776,0.397192286826336,0.1945302925844278,0.3202750144295246,0.28946194937352604,0.26855757566923305,0.2757188906558697,0.3633817543736126,0.34072632719300955,0.2872661440515228,0.36350302663334577,0.24927210238711273,0.2608255222566316,0.25395356277306963,0.3124148924909591,0.2666996812046249,0.282162324300994
0.32688758076166696,0.30225924481382227,0.2571226734654168,0.2325108659628923,0.24073365564793286,0.2599288498790222,0.2365447598207976,0.35481291903865814,0.0,0.2715766219591226,0.24250070626722858,0.2783540465446793,0.26448171181250485,0.2563573603878174,0.255213819431222,0.27892356860987966,0.2672132141401131,0.2824844554458638,0.24562885190524095,0.3037377787711799,0.25551367187762336,0.3087008744899871,0.24318623362045846,0.23830721901307433,0.2892280656540414,0.21943284025640578,0.27395342615398804,0.2737326021028869,0.2239058380819856,0.34146903047193955,0.3599859341285304,0.26179218101210894,0.24744302788268693,0.22762500333985097,0.2942091310041241,0.22839476523894375,0.2707168310243147,0.32281613411976295,0.24769459605337638,0.2589716670888006,0.23489991576669064,0.3309883403198523,0.23364239462043343,0.25122927320722205,0.29332941650324795,0.25288698872833026,0.2352705733097158,0.22176058305660667,0.2620611484350623,0.2509757857040063,0.2432354291845782,0.23957618914872592,0.2309542093776097,0.24228994191284328,0.2283036009286467,0.35186702503906814,0.27580703765669967,0.29646561268546917,0.237111115525714,0.22969755224025162,0.24969041659657804,0.20562241808907583,0.2334192803384772,0.22182169737831955,0.23533487740732742,0.22388332643896877,0.2731715673894141,0.2547532084001927,0.2386092707756315,0.32326574356038884,0.30289143886942393,0.2527626518722984,0.26669008809017014,0.2546179970088722,0.29850328642369944,0.23899236941046234,0.22231047933149223,0.23160278333553513,0.26323249118242814,0.2110783214162874,0.2395741048830409,0.33164747712023396,0.34549661802152665,0.23776628759368418,0.28598117967568953,0.36209476610819424,0.2911511099164567,0.26970340698105755,0.270401791264286,0.33928516142031906,0.28599318276935654,0.30532942240361755,0.24760940687571403,0.23230529505425845,0.30877044149561994,0.30505985901898425,0.2396567627629699,0.28817459488068803,0.23622455489392016,0.24991099287953764,0.24421436983680084,0.2325163066406695,0.22974682675698377,0.25093596384760913,0.2806071715355738,0.26550713164572,0.22051036677397495,0.3184267741524356,0.23985089260152265,0.2455127517205657,0.21659271095819196,0.27731907640823134,0.2651955289006476,0.3110035462149712,0.23298178744850226,0.3147158518486217,0.27056298519836325,0.2431991185956434,0.20513657440994393,0.26272736258871454,0.2710314161507368,0.27127495067107416,0.25433702589437795,0.28515560951230307,0.3207903193859224,0.24445274465358605,0.23187310109134757,0.2497511390556266,0.22969645653069623,0.261136005414153,0.4181453212386881,0.2892471671495472,0.2521895411964613,0.29975839014126426,0.2469934755480982,0.22815113107168836,0.2751072432177994,0.25909664681460415,0.27860680548726263,0.3032852127118068,0.22565327709634692,0.24974135851090393,0.31705502210268816,0.2806784156037975,0.265031828418121,0.27207819971984226,0.3931519012737461,0.23757590255130148,0.3160976006675139,0.1892851888195642,0.3102714927779145,0.2519859648152547,0.25911773683667677,0.26197952285807946,0.28065283136902586,0.31903916177049496,0.2514300510305396,0.2963494999147301,0.25793362144751536,0.24275873099113354,0.20874244729802632,0.30794067726756164,0.27770726010801877,0.2960922358929784
0.32501802684593867,0.3828891179142429,0.3812079163730888,0.2820386478087941,0.2604590702148957,0.2899255356236132,0.29674483729853424,0.370167323761158,0.2715766219591226,0.0,0.26560587416369635,0.2724507121870389,0.32910493895241855,0.25028963343032334,0.306657297365481,0.29623192877873705,0.2999343269714737,0.32711942499106467,0.2786984951170901,0.2749591095487788,0.29042122874065773,0.3105085526181217,0.34433873304119944,0.27064104316822135,0.4261290266044657,0.24061949982317982,0.2701288914548426,0.2963529761502656,0.30068607478084314,0.24717918122618995,0.32976175598428037,0.30729215203144644,0.25716351666274123,0.2552799682821358,0.2788539869904684,0.24336891732014665,0.33706809004100324,0.26462008235705736,0.22641912946759796,0.3159381806415594,0.24027894810590783,0.3168888637408925,0.2761917238496573,0.25145890637787305,0.3245222249714263,0.28619524177895983,0.25509257368457916,0.26188517760163127,0.35716718909626344,0.24043553297969605,0.2885944392883912,0.2563155901091176,0.21628713862093873,0.28535685792389365,0.27968500936391216,0.30218387096543364,0.2698486251021673,0.26545911798520533,0.30055977883546603,0.258156260745702,0.2963685219509957,0.2003493401536142,0.24336914260714035,0.20663661656271665,0.23718130480984326,0.24683521236400874,0.268640123103123,0.3078490010849808,0.28801789318395676,0.37000188851320925,0.29286508676817924,0.2678859264037519,0.22246533091272777,0.3393509571487527,0.2746953797532549,0.2538397055727365,0.26050920998227767,0.297958262782707,0.24534056764296217,0.2176357537336537,0.2674748030921877,0.29976415346164154,0.34333382641284993,0.2581996069709513,0.26358265149010374,0.33334087965781695,0.28713322781539047,0.27070350896936335,0.3143866640722778,0.23775107706053114,0.2668705421049771,0.2687604971493348,0.27779038086876445,0.22337573230752555,0.28767937320659537,0.32305044646531655,0.19940158366645358,0.3011547838011784,0.20309110678950212,0.30510442055550707,0.23153051859536158,0.28099723715422564,0.23529443092750668,0.3348494752010654,0.2503937050418797,0.2946856610923903,0.259029295801265,0.39528266437327003,0.28577012172446054,0.319629365704703,0.25791601086502275,0.240053074565504,0.28051792128436276,0.25689154953607535,0.24301836347314398,0.3189020861057568,0.28799177273974225,0.3172314402829681,0.2620893622556308,0.24522803716890498,0.23546844622701257,0.25653279576496696,0.23862052500332703,0.3331064384148687,0.22743492275137336,0.3256043729781051,0.22293157778297518,0.25726040439522635,0.2952637400570591,0.28818364675420216,0.2993786044153975,0.269496606370465,0.2336746054024411,0.22084720538323357,0.2551572950805401,0.22235015254927842,0.25824709050379185,0.29021662536276593,0.330536476420578,0.29608066888672485,0.2593448267269622,0.2565358930727371,0.32052601143892323,0.23636516486338585,0.2697151268317103,0.27685451105566,0.266588468215626,0.3046891393584605,0.4513658790893812,0.17426107574847668,0.26095455480407664,0.2779732819805181,0.24609188979544544,0.2876751958349435,0.31927250495742837,0.32443339374766883,0.2700279202122237,0.36139378501436326,0.25317486848672166,0.27268785072768537,0.31251849693010386,0.289225595238325,0.25938648008575976,0.2647896935941214
0.31368274176087624,0.2783178812727724,0.31218489731727367,0.3178979562575807,0.30832997879724006,0.2784633504445617,0.2820617645417106,0.26721171051707066,0.24250070626722858,0.26560587416369635,0.0,0.30785134573761336,0.3035271250773252,0.23930202501064546,0.26936001081135474,0.3506081094961243,0.34795411328624376,0.28650132408670803,0.2874380811564327,0.28287211375661936,0.3497630354472397,0.34544040097822154,0.2864012060697681,0.3021308006909844,0.3221427365283733,0.30477965774621046,0.26304375351802817,0.32130027799173594,0.3000026024868502,0.24611233328004176,0.25709792657769176,0.28253069195023706,0.26236333011670215,0.25478956044082957,0.28900680093101044,0.2724092429638223,0.3413641758930356,0.2912084925199177,0.3303364546695719,0.3157081842650355,0.2708782525373175,0.3126967927028749,0.2778764709863499,0.3435294354786335,0.26590542958824803,0.2526795413897307,0.19390281178858879,0.3842188016836148,0.3328555575748212,0.2535190178779198,0.32216333818623616,0.2720385541618427,0.21575051111111215,0.33638761122638894,0.32437948570230635,0.22763650091855317,0.3145632429298475,0.3605263469293996,0.26875045028040406,0.25323469328979975,0.31531074584836816,0.1827829650028381,0.28993880158114066,0.22471210849519,0.2179922017325567,0.2423559663352553,0.30751396580252915,0.25307215991065574,0.272924918352111,0.3104428930158946,0.2993650592462539,0.22741230949962235,0.28228867582328854,0.34671932772899383,0.29905286869709213,0.23002282282334358,0.3573493215928019,0.302731828250568,0.24387039639128524,0.22615022276410915,0.27839747528958236,0.27041960371861085,0.2629579145619851,0.2555946066419164,0.2725608586015033,0.269041939675245,0.32698749782124203,0.23713289169616728,0.228637277340594,0.23603704817889884,0.3663342897280159,0.2249285926067514,0.3173866419360925,0.2566280645725902,0.28811889523936673,0.27458859128115237,0.20578809752132093,0.23428333302608068,0.20415910085743466,0.23911870105813673,0.2556689695091371,0.296669437776898,0.2440201568724414,0.22905317962094204,0.24960263018677092,0.2454902222902781,0.24703082391545195,0.3096987527570625,0.25377489514866064,0.3306871399479407,0.38349030663958283,0.2755331535366574,0.2850350061648294,0.2893876499102154,0.2488716510468246,0.2822701846497958,0.2576918587720051,0.2924635489567941,0.30716057125454305,0.24684773879392405,0.30515938546368043,0.24208283617269521,0.2812919545267582,0.32912775469496264,0.2486995242320531,0.30320218779677044,0.2047588965327244,0.2588383464791001,0.28066608205270827,0.25492830198353844,0.21453363126806604,0.32348014953056287,0.26625882676400753,0.2899697792964308,0.35590934531351265,0.24285815437468122,0.2316865651925658,0.27204580517592264,0.31270924963755126,0.29094484813433225,0.25742777503104314,0.274336038843582,0.2631233509364838,0.27660245428411045,0.37564285940634407,0.23308397309969464,0.2708174774283796,0.25173099326888204,0.2799015311076471,0.20267655563465262,0.35765813961379755,0.24546491697396572,0.3706985683776833,0.23110583056145698,0.30024981698943504,0.30726840077301376,0.2984551686915063,0.3008088487918497,0.27456053923734725,0.25978096052265437,0.23542702746133498,0.28284376430060787,0.24141977600189085,0.44033930321798403
0.2620841369113594,0.3303867458185118,0.2755529888265227,0.27685727841352753,0.24822932573622866,0.3085605533576982,0.30915074370454815,0.33543836093936413,0.2783540465446793,0.2724507121870389,0.30785134573761336,0.0,0.2501589010439916,0.18305309449696547,0.2737971255261149,0.2841775583036786,0.27712988501193925,0.21908249398105847,0.3133240362673458,0.26113621631346634,0.31138532818276027,0.2806835974999617,0.279084643419441,0.2953429133721236,0.3255350623655516,0.25237753223564896,0.2586695321799837,0.24705240924716246,0.25056118348520673,0.28747686901842495,0.322302281356244,0.26101158299332095,0.28107903673399354,0.28853265158604335,0.23650957819660964,0.24862357812020794,0.3004408953736765,0.2548074138362924,0.3552401685923229,0.2745332670687956,0.28850659346870217,0.3027052658985545,0.24545659856513508,0.2936497350558006,0.28304994582763665,0.2603222856095986,0.25142024526932966,0.26923314210526117,0.2743603719061596,0.24058907580007308,0.289627219633078,0.27973112832886204,0.20364384113536865,0.30743857906074007,0.29586218135123044,0.2656622746340598,0.28430407487124254,0.3876376346827368,0.21005245980187107,0.23851399711569524,0.24601507568180725,0.17876920798787216,0.24595696714682536,0.20066593247983325,0.20304215261469405,0.2132711358450603,0.24582126776485255,0.22842606988948247,0.19962440230731948,0.2589748954370315,0.25691021261339964,0.20108455571661113,0.21725161544093055,0.2724645493365224,0.25892699538355196,0.2122445624616105,0.27268023087524335,0.309644248769374,0.24407640055526872,0.20150334834364908,0.231867531612419,0.27676657157057744,0.29896451414395564,0.20700032102763036,0.26373698503198767,0.3107335538450946,0.2615360994426646,0.22064871601170805,0.2565449925077987,0.2824705052933082,0.2807662061054158,0.2803797876977526,0.2654957692471477,0.236515348071021,0.2370609449771856,0.3632248340874726,0.20458345123207625,0.3020230971551656,0.19027999814639485,0.23983979589677382,0.20937909786353107,0.25590959423410087,0.23931057220552251,0.2926048918232446,0.2252730823171037,0.2741641850413786,0.25475998349229667,0.2968279244406976,0.25261918584898374,0.3371595381015816,0.36174774795791503,0.2660955899345353,0.2321877266095197,0.2615778698125642,0.2228206232992917,0.3067611411540611,0.25200454880634254,0.2637797981069356,0.2640886299994796,0.21520538430555083,0.2490363910080402,0.24965757739101363,0.2392159281375928,0.3053942239844857,0.20697830397050365,0.33154060412104014,0.20059547639865521,0.3136184168528862,0.27036766290621783,0.22399791593297347,0.24684600842871265,0.26342848174201416,0.21210656561168298,0.26943410469171797,0.266299459154496,0.19655005642847886,0.279657447309668,0.2539255647216266,0.2570062681122532,0.2910722326572923,0.20717496680028924,0.22626945915885022,0.28928917378481434,0.25408279641181236,0.30013385864257364,0.2979362161855065,0.40700108550532466,0.24822352314484705,0.30984537002813156,0.18967515435452875,0.29113601805415656,0.2427844505930719,0.26844170438301757,0.26531109988311213,0.3722788735478169,0.2625876351078297,0.25834115240510785,0.34365106147742447,0.2218368220801206,0.2283969643504645,0.19067191261379599,0.24217351931953227,0.22924276858388162,0.29906303509451493
