0,1,2,3,4,5,6,7,8,9,10,11,12,13,14,15,16,17,18,19,20,21,22,23,24,25,26,27,28,29,30,31,32,33,34,35,36,37,38,39,40,41,42,43,44,45,46,47,48,49,50,51,52,53,54,55,56,57,58,59,60,61,62,63,64,65,66,67,68,69,70,71,72,73,74,75,76,77,78,79,80,81,82,83,84,85,86,87,88,89,90,91,92,93,94,95,96,97,98,99,100,101,102,103,104,105,106,107,108,109,110,111,112,113,114,115,116,117,118,119,120,121,122,123,124,125,126,127,128,129,130,131,132,133,134,135,136,137,138,139,140,141,142,143,144,145,146,147,148,149,150,151,152,153,154,155,156,157,158,159,160,161,162,163
0.0,0.5658177329795688,0.5395237159934935,0.4976355146228346,0.5343606222761331,0.5558661414578504,0.5119433440967632,0.5905737825581123,0.5870113533628423,0.5193899466823988,0.6141948147330056,0.5186717673177514,0.6758288722835123,0.5657564834603469,0.5168217305890384,0.613844236001687,0.6090170338765151,0.6875404063296994,0.5359946327932518,0.6294805565139989,0.5809886370212698,0.5475873521258514,0.534147889242863,0.5237299081951984,0.6258616022178994,0.5264619418498954,0.4982269228817278,0.569769836424611,0.48120478792997673,0.5255025395349797,0.5510667851628549,0.6269916056807877,0.47366353181858156,0.4797573148150173,0.702484126745377,0.5331748259213865,0.6108171860461037,0.6305166691964077,0.47986905522340406,0.5842817615558333,0.5167213586156301,0.6078451965443286,0.5632018339282152,0.5496488605799943,0.5686058889109981,0.5462493127237379,0.5361656919674804,0.5539437735478573,0.6422758171052567,0.5830894290002108,0.5753086483096566,0.5755596993517146,0.509277243066588,0.49413827683257633,0.5298501908270177,0.5706994331515134,0.638739851560855,0.5731789247733302,0.5977935286076452,0.5600263883244381,0.5366759172158674,0.4803249407905585,0.6246508150753383,0.5350208004329923,0.5376521320023098,0.5462476005898561,0.540028452873157,0.5442722306950544,0.5329495383174497,0.6424979157205652,0.6018163256734892,0.5740646183419028,0.6420169831006769,0.6176183193822021,0.6018779375889094,0.5517707416536423,0.5370990404863971,0.5199700306760273,0.5065565480902569,0.49547671240159563,0.566508976980767,0.5453490671521621,0.5579164399337436,0.617326714084973,0.6009113785807169,0.6702001980970175,0.6034732170536857,0.5622611549805169,0.5925272587999751,0.5112325201730027,0.5970214882634467,0.5025297611004149,0.5676307904416844,0.5818723495202163,0.5800778850125538,0.490594221202159,0.4524055655279021,0.5321482463355732,0.5211795354027592,0.5750646457049754,0.5080302878352766,0.5011852177748569,0.4890432278258268,0.4593165894855869,0.6261200465532418,0.5549965399993352,0.5087044537675945,0.5833066551598279,0.5346027160469097,0.545130744406955,0.5377815913431865,0.5852792287967752,0.6049069029212075,0.5462302191674053,0.5969521787090254,0.6371251926454362,0.6261845985320631,0.5476422411744465,0.5355791484158302,0.5415758357539763,0.5957817913253393,0.49580541283171436,0.5838094937800569,0.5698599743651946,0.5795603334475721,0.5030714894480749,0.5125944330886183,0.5039482773107583,0.5277991042956711,0.5435020890225993,0.5669553757225838,0.5758142908430884,0.5610967122046523,0.5740912274755212,0.529498782228075,0.5312482903781924,0.5476061776484622,0.5624664689907458,0.528606573263116,0.542711745474293,0.48375662139257897,0.5699315046874199,0.5554718192133692,0.5200970631555873,0.5719675027416686,0.5553013143427745,0.5611531648350191,0.485919160217272,0.5707968139367269,0.45816277897972507,0.6261961683956613,0.5432204674748858,0.5129139019375731,0.48966164336565343,0.5475859117093357,0.5740909823139436,0.5845130867037867,0.5666428853269995,0.5151773518959448,0.5918443423589801,0.511742897192224,0.6495186573926359,0.48097520746511785,0.7131339138203433
0.5658177329795688,0.0,0.6142220220244619,0.5558818836781261,0.5133513645994993,0.6360536026372309,0.5732013038297574,0.6122694039656755,0.5425989745667902,0.6007574515501373,0.5668542850404695,0.5931067638989885,0.5878526048108192,0.5457571909632613,0.5936234240645012,0.5368601310381347,0.5305325659509075,0.5298964360623117,0.5484090022792887,0.5115807879348798,0.593224042510572,0.634044065006122,0.4736026070691597,0.5527468447993248,0.572928654315756,0.47307966487356584,0.46606576824149704,0.478965816465337,0.5648348261867705,0.46506127873162956,0.5874275321030358,0.597665511814671,0.5688732389910801,0.44549664760977553,0.5748002123332715,0.5838272660434463,0.5443120277722511,0.535028558092752,0.5762218643806678,0.5872751171462789,0.5832090395681729,0.5671211132996634,0.48761209391206917,0.5614239046554584,0.5548198310883155,0.518339910757707,0.5073859258109726,0.5321541611061363,0.5593301685676547,0.5486442795664661,0.5933837922629774,0.5360640406506614,0.5547388623326014,0.6281718172359883,0.602127671450622,0.5867640852004059,0.5573148499279527,0.5509590328555095,0.5945267726904612,0.5727169854250528,0.6138805427909575,0.48542410547677656,0.5433059675709961,0.49183731258866303,0.5306037940895373,0.5075278302891619,0.5679978084117251,0.5256117996851629,0.44762314556137456,0.5499910090161991,0.5833837697329601,0.5128734577610283,0.5272478113220793,0.629068698633599,0.5660573668531899,0.501834956323635,0.56356899200516,0.5466393753446009,0.45150380103951626,0.46739764848737814,0.5724191809715201,0.5798413448960771,0.6067632886987524,0.5292950872298285,0.523202083250937,0.6039364812856687,0.527394142352164,0.5126417374506257,0.542710701222242,0.5662484545380501,0.5195489804667955,0.5625612871946206,0.5921067299945786,0.5494276663786295,0.5778604847676321,0.549762299753355,0.5125167977025106,0.5174778131758649,0.4915106527108017,0.5869805998279356,0.522024797654124,0.5067060395534148,0.46128497788827616,0.47514793060570826,0.5525705179731687,0.49609569210446014,0.5231242106856868,0.4946949328211037,0.5550996273391638,0.5827120534513839,0.5775833121356616,0.5109827911453724,0.571451890849194,0.5057827181514538,0.5160767001385452,0.5596076264810158,0.5408077363030009,0.5154296957045031,0.5361387958702761,0.5013899211831667,0.5351734961016499,0.48900500850232054,0.4792343094740675,0.6075215901042076,0.5213003313062948,0.5820922293072167,0.528415562426802,0.565148791827901,0.5462604769016165,0.5271472319410309,0.5218894122674814,0.5677943990541134,0.49385005762769724,0.5872176468261033,0.5637367720296219,0.5234905562743517,0.4779523693186681,0.5399239966759628,0.4838883257665244,0.543054820621141,0.513442783501919,0.5582875166642121,0.6317551832357536,0.5653067501583094,0.5606089957139616,0.46846563585750595,0.642047266196645,0.5475018445290746,0.5359166749358067,0.43681513056076327,0.5488088201077647,0.5726833833076854,0.5059907314474446,0.558261042529198,0.5587418426114994,0.5692676782622705,0.5542355660933826,0.5975483207698358,0.5296802753444112,0.5266111590193324,0.5227461300291655,0.5445850950993197,0.4868007739090232,0.5707300251278442
0.5395237159934935,0.6142220220244619,0.0,0.4941698092272538,0.5414654630548307,0.5670385040276611,0.48876127712381884,0.597352964383351,0.5026243589756867,0.5888864322706941,0.6210424076378445,0.5580446769954887,0.587736385871211,0.5023644253455913,0.502718337974103,0.6177864134381447,0.5969616375560726,0.545080436629531,0.5302390095619517,0.5150653966327007,0.5952094895798764,0.6598763068469499,0.4781831270586097,0.5088169532573686,0.553374652345036,0.4635786932624249,0.4830770950177354,0.5101327454807906,0.5396554638578799,0.49482709454307916,0.49122974279637954,0.5863697321595237,0.4765416689623378,0.42719277576690695,0.5153642670804893,0.5405001565910242,0.5069527333240915,0.5431286739056915,0.5050033427206494,0.547594221382944,0.5201244191183966,0.5811744340018408,0.5001365446143156,0.49350849976985983,0.5225569856801041,0.4907526658216698,0.49289486474797345,0.5163362075599215,0.5360278019450229,0.5479018331965467,0.5412194782263022,0.5125200684315632,0.4943223354007672,0.5425027818824377,0.5519231204653073,0.4976837037090778,0.5407547091559336,0.6037403324010653,0.5550571964441214,0.5280566242685013,0.5485748449873848,0.4489584568593533,0.5612485523037489,0.4981849770575471,0.47933233755920485,0.4765929670341179,0.4871294163946744,0.48877991216540084,0.5081560852154215,0.5683851571989693,0.5187683491186686,0.47021528801686585,0.5160775308759695,0.6190362566203768,0.6160256818679168,0.4402601684356212,0.5476187929886365,0.5149774104511167,0.43945117842948817,0.424043464111045,0.5209380608963563,0.5026830793579747,0.5386714422843053,0.5242536325955203,0.5049593588116906,0.5735361788560354,0.5009346403932307,0.48242039230166545,0.49926316332231535,0.4670690065524174,0.5354428038174869,0.4620257749261909,0.5735657128113119,0.48318037955501825,0.5202402168008583,0.47967116895129314,0.45856341738851314,0.47791875973226805,0.4465023348316598,0.5059129096981311,0.4469454697253704,0.5079216054498633,0.43269257021999263,0.45598086266658516,0.5228926351272064,0.5025675152951716,0.518436658471405,0.5250920732837335,0.5091004404013426,0.5282012063372589,0.5170108080505393,0.4947434545588726,0.5048477851490235,0.5099806959064972,0.4858846039996916,0.5598306821997938,0.5017510264872164,0.5494120529741442,0.5477162816149577,0.46854862104612344,0.5184952772227351,0.45903996052031265,0.46240969241083096,0.5161095691853044,0.45488499513181696,0.5172495194003397,0.4921040041832199,0.5154273266991294,0.5381332089964932,0.49246664547620655,0.5259967424306873,0.6136823293183246,0.4592432711360197,0.49834810710413574,0.5220455642922478,0.4663056507735444,0.46538654264171236,0.48640143129619967,0.5084220788754774,0.5057706553753244,0.44786498823091525,0.5394448618245562,0.5261219356638268,0.5352255844958064,0.5138284133664274,0.4563846708598097,0.560850466929679,0.4961108312472505,0.5579705088009164,0.46096228774203574,0.48769380553523767,0.5000254066100449,0.546509668552205,0.548542167954403,0.526036862445392,0.5024893223305887,0.5200670792139536,0.5416350233438352,0.4456154981052884,0.4916807839658934,0.4815517756169761,0.47829863995472505,0.4471082303459277,0.5456668409915696
0.4976355146228346,0.5558818836781261,0.4941698092272538,0.0,0.4881333013071788,0.5374731107416264,0.5895753639764003,0.5379692593844122,0.46208038276494207,0.4881086774853653,0.5103914327617404,0.5447741329984054,0.4852029513498021,0.47137303068952235,0.5598622325912321,0.4581873219818099,0.478928517354263,0.48232139289457243,0.5327084385063686,0.4320849463646499,0.5411428082709956,0.5036707655728225,0.4693099738139557,0.4954621799420066,0.5094564582803396,0.48333803621201266,0.43923370365730324,0.45847387515750126,0.4730608442597745,0.41639009941393385,0.5162171692816341,0.49083436286967813,0.6878041214804169,0.4403276315832788,0.5213328411163386,0.5481133049759621,0.48008950228706115,0.47839713645570275,0.5045251369607583,0.5492577382661423,0.6031589667395625,0.4912658267240202,0.4611333035609367,0.561048239453334,0.4942141864456068,0.47493192610882534,0.4501186568572784,0.47368051070211364,0.5105522858631496,0.4892011526437567,0.5902448121482157,0.558159256385918,0.49027008781426384,0.6267894569932955,0.5580752958781103,0.48304000455084906,0.5013044497008781,0.5362432036709097,0.5158459067344306,0.5005994930992028,0.5255570849850029,0.4424085404996412,0.5419634070942372,0.43116671872493767,0.480227206393401,0.4620598031504032,0.5064410695867896,0.4616751547634991,0.4156468775448088,0.5142016308159965,0.511205705817841,0.45707063820668575,0.5001175591619235,0.5690341321952153,0.4897057009630203,0.4467286001293517,0.5101064780316006,0.5027920058325545,0.44494855023229696,0.42512898146879113,0.5019609393817314,0.5637106729271286,0.49032757453336906,0.4747759546378482,0.5096557746050945,0.5162810948007275,0.48550093328237987,0.4832466290049255,0.4887453478770862,0.4686649059228636,0.5339588819264035,0.5564300601452946,0.5246327727155339,0.4834338089339557,0.5433473482232359,0.5015763354830727,0.45252940813640224,0.5076673539752385,0.4541446090295454,0.5578870709920295,0.45551747541532417,0.4698186175180217,0.5261669378202892,0.4906354214234527,0.5216731466542146,0.45010975833780265,0.47874071958768977,0.4552508483135459,0.5054059703243593,0.47283260056137666,0.5970005455219247,0.5001891724114417,0.5278155872115562,0.46035454586933,0.5064565844235719,0.5135299941070254,0.4989629678484981,0.4364426209455464,0.5533383832211508,0.4868531693465694,0.46944171707825105,0.5265503528510275,0.43817929821756024,0.5482370035414084,0.45541812682590926,0.5211611648368105,0.494376962557505,0.476405340966156,0.5072108118655922,0.4667712236920731,0.4356159314304825,0.4799896014157736,0.44012605601787613,0.5527858678380845,0.47078516114276386,0.4405436168309194,0.4074986521520006,0.5191739131677741,0.4455626750492782,0.49435226413763234,0.548596782645048,0.45590672868626636,0.5681194592336899,0.5178598432496828,0.4902184293203766,0.46787778988213313,0.5293486184332501,0.476666467329099,0.4537593717936983,0.3851196002680718,0.5405208091364805,0.5272735599321103,0.4567309896428344,0.4585102405785446,0.5594139694822761,0.48649236932802,0.4617878961745806,0.551426700068487,0.5761591706143089,0.5095417495859939,0.47992493853099993,0.4973075252532857,0.4558605643143021,0.5307755588836934
0.5343606222761331,0.5133513645994993,0.5414654630548307,0.4881333013071788,0.0,0.47829575038633104,0.5429403103489747,0.5052048627308341,0.5375513588329812,0.4993706884213195,0.5513285930764747,0.5066193113588943,0.4997431942203882,0.5092001870382776,0.520608903370711,0.5413220586172814,0.5255100140186476,0.5603459555170714,0.4749151141635566,0.45781135857705024,0.5249877806719951,0.5540878640043098,0.5054355260334956,0.4603043041610644,0.5066479356848305,0.47360651844823115,0.506780851731798,0.45616528443516313,0.49038762606866876,0.5707363066178291,0.497190548452679,0.5264706655256879,0.4764108845375094,0.4040333920449461,0.5292707740470355,0.532194344613772,0.49313865256064227,0.5597773067996853,0.4868980378746816,0.5261114938750281,0.5163815834732091,0.5647332737701064,0.508065452156957,0.5050784547620891,0.4664270229744861,0.46946585529288093,0.5254922195933033,0.4750302264914623,0.5539587563416907,0.5464312010955827,0.5527701097952349,0.4887720557011282,0.48443526625277766,0.4785207691186892,0.5248155155924342,0.48844728954988603,0.5183237919985116,0.6044430755508498,0.5239351889145214,0.5104170150846011,0.44415418236244314,0.4709969910783216,0.5256571370852031,0.4985349710911892,0.48157718711217073,0.4365134441747265,0.457258372683802,0.4993822504289007,0.5081682924558169,0.5442464689427967,0.5215403525665183,0.4988724494585951,0.4910603755779609,0.543926475053079,0.5137999973900114,0.44280190016320853,0.514243701547508,0.5814296499426499,0.429114931018011,0.4302319499758909,0.4828745090226779,0.5157127065623963,0.5542242711138147,0.4715319662649066,0.5107537745822155,0.5263047763294332,0.4695847853988547,0.5298734145579778,0.48332309555132724,0.45130839173309395,0.6753197262345698,0.4929083627411948,0.6186191211936202,0.45186469182355815,0.5464002319361141,0.4756519718678425,0.41101793937120074,0.45254611789788335,0.5072887867410273,0.4716905929998524,0.4551078307773369,0.46708085809793737,0.4675397929574963,0.4486489730646468,0.5316868436547305,0.47544595946793855,0.4576392362818875,0.4758527738988022,0.5046958539121391,0.4478689657858818,0.48812661974648686,0.5427024631201444,0.4643971344785193,0.5300579065538462,0.48412805983481694,0.5297012626203922,0.4770545601859398,0.5323514555219541,0.4691779730271932,0.5135590746630521,0.5938598554634064,0.49620557021246264,0.42923144214879955,0.5231334511578202,0.47659577993975616,0.4779080036641918,0.4932597196281265,0.4948637066587364,0.46329263952275274,0.50725752759236,0.5146449479783294,0.5306349541137573,0.4504853974379082,0.5184082390932766,0.44360452128504274,0.4737734644450806,0.4451268179544614,0.5249142567309272,0.46203520456795877,0.5374697104604783,0.4449540228953581,0.5295591859465606,0.5280764692624318,0.5417117683786273,0.5098289037071622,0.48251705198929923,0.5753385842867167,0.4831376772984125,0.48677347870297055,0.4372278090325094,0.48410880116794835,0.51996676701063,0.5016348718830327,0.514228600492015,0.5013327873837724,0.47420224530752714,0.45393206682948084,0.5154644426801129,0.46696362057004215,0.5261625001277586,0.46315123838231276,0.5009446385525638,0.4738089676666787,0.582696563261128
0.5558661414578504,0.6360536026372309,0.5670385040276611,0.5374731107416264,0.47829575038633104,0.0,0.5123892665894464,0.5756895343851958,0.5156493257590982,0.5430693256071545,0.5567327542532301,0.5629246772379863,0.5650811082197932,0.49282225629538395,0.5057067521515974,0.5207358214591548,0.5073599736726044,0.48537073030556954,0.5388870188629435,0.47925174733071063,0.5636073784437914,0.5530538171351932,0.43177157828211665,0.4904684263226702,0.5632687958897921,0.45882865630592273,0.4183739241636555,0.4649567966897269,0.5112720904857422,0.4528464197196483,0.5421754305181624,0.5874388784057716,0.5249741496058605,0.43407338733865575,0.5350385681524379,0.5189871046177741,0.5410657088304767,0.4986707221334084,0.5074434098019005,0.498504918196573,0.5111923309317596,0.5669630151951073,0.468180457024924,0.5662397586267381,0.5007789617056195,0.47074509944250836,0.47638388894554984,0.5442156945856346,0.5041690821932187,0.4918934243778186,0.5561716709485527,0.5457750882292217,0.49664705686066185,0.5772256516273635,0.5498622793503055,0.5833651481968793,0.5177544974077113,0.5609467971092998,0.5097579203737129,0.49414450835551205,0.6090417084159738,0.4676117113060602,0.5661773811882992,0.44306765663695685,0.48756911042551415,0.4902385513549373,0.5205917520647804,0.5162808476098784,0.4253989171880804,0.5502441145951251,0.5556528682462899,0.46223177960513306,0.5386563858983795,0.5703398969999559,0.5525152621458037,0.48728044287471606,0.5251607474243605,0.5049340213164877,0.43309967325746174,0.4931028945967291,0.6015119927286099,0.5431832596621525,0.5605086011394056,0.5265198733867752,0.5087711784190848,0.544686276683703,0.5725042639886181,0.4772579449092835,0.5122571629421159,0.5178338091356632,0.50194898005982,0.5298464620219411,0.5228646406076956,0.522358473202528,0.5313327769877858,0.5447512771069969,0.48945113348233604,0.5159009971348613,0.4656974477736596,0.5382397646823553,0.479861085354307,0.4895762735468639,0.45646900474155166,0.4628310299568423,0.527865721552707,0.46770172979276914,0.49101256956820427,0.48122975219741526,0.48065583200910184,0.5575620639514742,0.5747472774909916,0.47936848572012347,0.6281909130904461,0.48159048536494653,0.4899083411163901,0.5255235662010878,0.5356850835543399,0.46975845470909194,0.569005284213246,0.49453614179892735,0.47829141266372094,0.48712703007927866,0.4866171970256596,0.5710906149718127,0.5116908610153176,0.5465021907049679,0.5004271731435365,0.5025514071096919,0.5213050302053164,0.4625294569558118,0.505944786936247,0.5689553397045738,0.48558144789307217,0.5710271237969737,0.5196423477765647,0.48171159502128397,0.45519343846668914,0.4706605082044872,0.429353421193723,0.4907715220252808,0.5096945815494912,0.5360251164447373,0.5515342074832306,0.521245423886902,0.5273358608219001,0.457012874102859,0.5763108780887749,0.4982978982561994,0.5052371208559638,0.42350555022313147,0.5405593911898543,0.5430126146881676,0.45583090297649476,0.464278997566648,0.5453768800877966,0.5329150919150698,0.5171142113136336,0.595800509238525,0.4997213363654598,0.5286423566155013,0.4872221877001695,0.5493501759464653,0.45849728445237126,0.5518622446265792
0.5119433440967632,0.5732013038297574,0.48876127712381884,0.5895753639764003,0.5429403103489747,0.5123892665894464,0.0,0.5261118232305603,0.49103544974077135,0.5511606267440202,0.49263554255267006,0.5485006392322954,0.5039385247361087,0.49783286053250947,0.6648946753710064,0.47324119678587356,0.4585666305837272,0.5022918006983975,0.48356945068202073,0.4341485581417438,0.5232519368156016,0.5040224432178112,0.5005591569130581,0.5122460994388847,0.549033432266706,0.5101242653505995,0.4577072994724631,0.4236615746150599,0.5122403196275297,0.45200710931290017,0.6029076154697233,0.5296883116224194,0.6167698246858836,0.43917748245092314,0.5303402666332155,0.5453253409233985,0.5500308921548074,0.4943957591660217,0.5445428913005211,0.5759609146070237,0.573716106229652,0.49875910942869395,0.5015176307884304,0.6008148169931804,0.5124314815319068,0.5089801666351425,0.5263814411918757,0.5069176249210178,0.585408616534816,0.4950571393867219,0.6110865338003025,0.5014464916491644,0.4844524365505907,0.5501820641222868,0.5935267992021275,0.5538780614527103,0.49858411122786406,0.512819542010592,0.5600880871042471,0.5127196895087989,0.49255986773026994,0.4791375255003894,0.4949539528570753,0.4500386154090754,0.504130951552066,0.469286724799953,0.5531463104495674,0.5608447647555755,0.42363377502099575,0.5201517756949111,0.5676224323462157,0.512095394961284,0.47062093557331464,0.5626059706026987,0.45458707081886296,0.5168467177632765,0.5523896303970981,0.6391456820476007,0.45135455297575017,0.47704109044113796,0.5312791613778752,0.561662216342246,0.6023122981049072,0.46902306384533515,0.5068018513363669,0.5196415016937682,0.5000704058631755,0.5527942162792343,0.5332832321259822,0.5352280536599096,0.5390136932199117,0.6319142042618355,0.5703207633791306,0.4877026885032689,0.5576784860093323,0.5898926262423679,0.4386606486960938,0.5057997533248106,0.49278550079877714,0.5646225465995505,0.5266216539099651,0.5012071009095177,0.5438441459241969,0.5096002175468205,0.5130619099658162,0.4744211476411748,0.47668985882004294,0.45247431266724836,0.5739125577095913,0.5037722184689775,0.5755616465284115,0.5186422943489873,0.5215180002088259,0.48136704803550223,0.5017608094933448,0.49149057405814706,0.5058670236939383,0.495987007309254,0.4864404130878606,0.4981525571616515,0.5162798124783206,0.5448050748072579,0.4323391536633132,0.6583313434004581,0.4915321331616355,0.5872829212369102,0.4918637705266201,0.5452332997936824,0.486286077541297,0.540696410361375,0.45821033711953796,0.47426277450658494,0.46712367232951857,0.5240467954949484,0.47348767428733024,0.49868897269094803,0.45185150307627364,0.5883392610837292,0.45459408717619854,0.5710693319385969,0.5581413959825529,0.4954139450559712,0.5864155552687872,0.5185240499103208,0.5624296201136301,0.5061317283062169,0.5730183671424393,0.5642638175273474,0.4818672998114458,0.38012404437803604,0.5417335434928982,0.5787408002356934,0.4294997139888253,0.5455966993938353,0.5756356190428195,0.5504100181189097,0.4750534140278215,0.6200798948064339,0.5857265689707465,0.556999128199308,0.5428130575851213,0.535009747387675,0.5234836774411634,0.5307123512844544
0.5905737825581123,0.6122694039656755,0.597352964383351,0.5379692593844122,0.5052048627308341,0.5756895343851958,0.5261118232305603,0.0,0.5478708592482693,0.5777283173751978,0.55661771287916,0.6054849153884038,0.6210024413507559,0.5208498442825503,0.5574751398985854,0.6029273026979298,0.5677851478701372,0.5751922721507917,0.5638071329894054,0.5499105168846317,0.6133008431490401,0.5493346754495292,0.524788170249803,0.5243173076447742,0.6194277293689003,0.5301764321171679,0.5030806878582549,0.5179097686756358,0.49583374092681143,0.5008251025887586,0.607614051175984,0.6419233655666561,0.5245044494670066,0.4934381269101641,0.5681055943597906,0.605765257700823,0.5743189849325588,0.6000276273930976,0.5522418225275145,0.5812198445085776,0.5730406975447756,0.552691653157085,0.5738822080848477,0.5357774487830511,0.6487381885237644,0.5910031400531354,0.5385807938207956,0.524706791345719,0.5911395041683358,0.5890786929475248,0.6126771254286403,0.5577971031699797,0.5104737995822254,0.5512552280900764,0.592142641074895,0.5621504773338488,0.6013276492996532,0.6216285105617613,0.5812048720175343,0.6057196600086227,0.5971917671567599,0.5103876348035695,0.6088351383501255,0.5176052628034398,0.5238036303909677,0.5491065890020221,0.5574762719894634,0.5280574273019897,0.49634773799858334,0.6547928513741857,0.5926870087595105,0.5337131563301969,0.5416984927413494,0.6657947438006638,0.5980835593987083,0.5158173814762778,0.5957395306111475,0.5420233579154508,0.5306738658254783,0.45702816206600183,0.5591210026162104,0.571078544784785,0.5739813399920923,0.5950091298390562,0.5864304296667479,0.6917666352920465,0.6002369427458133,0.5622092182897371,0.6351316340702072,0.5486349105461575,0.5593223407636114,0.5435686378943532,0.5856485882163013,0.5431952377723006,0.5577088689442302,0.5214318060639395,0.5028036625503677,0.5592436051309075,0.49355427564196513,0.623623115205822,0.5040110890871013,0.6106591918311245,0.5125691188532391,0.5009194799664773,0.6205261726723416,0.5837416169520917,0.5875428064619209,0.5465031440772989,0.579429993434508,0.5364744515349733,0.5581660968700458,0.5697614434641152,0.5549004498354086,0.5546766369500931,0.5770695770574982,0.5856978106369178,0.579095235763703,0.5445686654761477,0.5270938102372348,0.5188637180803795,0.5413637025886567,0.5649943381043611,0.49711279752200743,0.5913126528178552,0.4880814536604165,0.5672355725847742,0.5410131875689109,0.6077030826069431,0.5708597312919412,0.552699362936425,0.546572079426619,0.598194429131122,0.5243252681902504,0.5446908310334794,0.5457111753355857,0.48956609812621793,0.5140886482746485,0.5501602401961536,0.5362647760707677,0.6107820269495197,0.4927717815160405,0.5525864686044201,0.5855015951425376,0.5587122140503601,0.5751789898998795,0.5303038991076173,0.6073703463244183,0.5463487265317943,0.5862965016334846,0.45746420576876984,0.6005005924297498,0.5422736052777427,0.5090262116210604,0.5604158792044546,0.6153628662568595,0.5934873924333601,0.5212897974232249,0.6170481313200664,0.48071782738698104,0.5504720443089484,0.5266575018412423,0.5420125967063755,0.5128083095666112,0.560706388087439
0.5870113533628423,0.5425989745667902,0.5026243589756867,0.46208038276494207,0.5375513588329812,0.5156493257590982,0.49103544974077135,0.5478708592482693,0.0,0.4964900203165667,0.5228376438614554,0.46815564418178773,0.5323832315925439,0.5673087502055397,0.4935640951283135,0.5109229348960227,0.4943531548481945,0.5671153149794629,0.46037548628897734,0.48318028755888065,0.4905713274468668,0.5648214081795121,0.4514833482194183,0.43075246726788186,0.5061276763904872,0.4300083952451521,0.502234664067578,0.456367870504028,0.454812441559107,0.5647051436505443,0.5247419390141438,0.5464605362887264,0.4506191822527582,0.389373960162193,0.5455864592256191,0.4946766745451849,0.5106341592697904,0.5656661827749494,0.4715523445443459,0.48354785291766617,0.45988420824326925,0.6395143290456756,0.46429350771514954,0.4660789510548532,0.4659717215462545,0.4602641982704846,0.4781959592588858,0.4497224355250433,0.5128772782839999,0.5247077114790507,0.5194119933488246,0.4574341573471261,0.5187134362746886,0.4581186138291384,0.481728946051012,0.5753235511892124,0.5197011972437722,0.5427526960538611,0.5270471769146858,0.510925669510844,0.4915914862625232,0.4979736863126295,0.5028959419395613,0.4869706352193029,0.5062298341248266,0.45699574236141993,0.5002675877390896,0.5228466217287802,0.49215198595619175,0.5978217968445834,0.5565227786688022,0.5102920092913503,0.546783884228441,0.5304230728401754,0.5589693899874315,0.4758943089551827,0.5069214918066244,0.4990300338174096,0.4143420862294629,0.444230535847549,0.5006494994025699,0.563032343278642,0.5830901707443362,0.4929632566454759,0.5097880280530996,0.5459308002493434,0.5366481243520825,0.5478622387813381,0.5123382550445436,0.5230830901481779,0.5693946327396049,0.5127002745541871,0.5381147028607788,0.4804738616089349,0.5897383292558729,0.4760139316895601,0.4519290038086456,0.446450226475391,0.538571612186095,0.4868880550048061,0.48247231365172893,0.47201089492335957,0.43743523392004985,0.41317079563785347,0.5603838430366815,0.4556040775672511,0.44871748816153506,0.4652131337292228,0.46807420296772684,0.4514399158122732,0.45751827832285324,0.5179142670894237,0.5220981337502091,0.5975457451693672,0.46949958604027553,0.5260263625528363,0.48699112078562024,0.49134382603207055,0.43214637984689075,0.56992392441691,0.5454848239919652,0.5035864968858103,0.4403710105521568,0.5135590941854545,0.5608246299285952,0.4506835073278069,0.5262404445723333,0.4861220615421224,0.43247636512308785,0.49761189089865204,0.6387564231421673,0.5602303794563842,0.5220782062212785,0.5976825479196118,0.4582206932661735,0.49208226561978385,0.4390879379655138,0.47551280285907893,0.4303409736379594,0.527149299945749,0.4472081270080556,0.5681292963960726,0.5738880564273448,0.5705147607895034,0.5006888052007645,0.4573104743729623,0.5987754531889398,0.48145069132032847,0.4737487442592257,0.4392834444192035,0.5066425727465936,0.5314425676204804,0.49196816410832694,0.47923628916400995,0.4686422810118746,0.5256866586660592,0.48909087205842133,0.4979584523032233,0.46789006738090716,0.5318884879640109,0.45999271880214804,0.552839592646436,0.4990664724781057,0.5918537554942559
0.5193899466823988,0.6007574515501373,0.5888864322706941,0.4881086774853653,0.4993706884213195,0.5430693256071545,0.5511606267440202,0.5777283173751978,0.4964900203165667,0.0,0.5370161351152887,0.5482965624014882,0.5685069084074291,0.5204248044386012,0.5253956305123253,0.556901238758667,0.5017354241185674,0.5294672821434432,0.48126012311667526,0.4697475220673862,0.5129467107139406,0.5291021553276732,0.5033145456654934,0.472110117046671,0.634777975085063,0.4746169933590333,0.49704621604441,0.4608804132586865,0.6415990851672592,0.4916765231591289,0.5564186215745854,0.6031215020338476,0.4973203788034351,0.4334423022203004,0.5241115341381029,0.5339280575975722,0.5666947247419352,0.5403551629676143,0.49523834536748174,0.530712352769538,0.5104387817405828,0.5247467347257353,0.511541638711584,0.5220715670285255,0.5273743573662072,0.49373981076402756,0.5251578624032706,0.5286643608972607,0.5830666298546292,0.488890598928216,0.5224213634947207,0.46677232330543234,0.46191961066309767,0.4946799349895515,0.5923955690972448,0.5556953214092084,0.48755590522261705,0.5453705970210647,0.5647102876141309,0.4985203974010577,0.5086519858115877,0.4659836392493533,0.49504111657736977,0.49222032190762993,0.45888306742221163,0.4601680220496923,0.5084385237334942,0.5426863488492387,0.4921023657969231,0.5846624413503758,0.5145690276983175,0.5136557441620405,0.47668926352095603,0.5484257991055353,0.5123923205475976,0.5117004517609206,0.5261124016584154,0.5876331889420939,0.4489417535148224,0.46483332925449095,0.5530423736166209,0.47696322818678427,0.5983084978762648,0.5373424699462289,0.4917789048434563,0.5456212373694717,0.5288381629273888,0.5298340531713807,0.5642113808121307,0.49593687844955725,0.5104232419930372,0.5126615185515895,0.5723682400753488,0.46324599008576434,0.509768982431804,0.5940981977868637,0.42595730378575736,0.5096786012220464,0.4709485755786761,0.5210097964730274,0.5109774142009041,0.5149748921403856,0.47542182431995134,0.5357008825766518,0.5092995418564668,0.4895966374441746,0.4838929629129898,0.5210936008879296,0.536197704870994,0.5161518808871564,0.5020354466817782,0.4890999531106659,0.5110165151033754,0.5315254538803508,0.4886040234669687,0.495451659492356,0.5299909330267931,0.5860688466790828,0.5079834841518873,0.5054510691696358,0.48813165280887105,0.5077368440437068,0.4451089051320152,0.556535386329777,0.4781333168202035,0.6211474917519301,0.46576419511889866,0.5287062997739799,0.5397380377637062,0.5381796795616448,0.5390880731807587,0.5090807588423492,0.48648840993561043,0.4732336341949459,0.4809271011006374,0.47953390686667785,0.4944360493400282,0.5180004631794262,0.5002095253964213,0.5476966103625308,0.5235769205325631,0.5555564391806823,0.5111128585036312,0.5116493280317542,0.5700805661698056,0.48713034536962746,0.5200348925887054,0.570265366707064,0.6069737182900762,0.43457156779603,0.49319996713265213,0.5845961994591582,0.4387198852912395,0.5684795301705535,0.5694899879204921,0.5361649122152564,0.4864073417969533,0.5898418347673324,0.49358529876593416,0.5244889829515857,0.5755568510145189,0.5304780701350141,0.5046137703349283,0.49697795228493397
0.6141948147330056,0.5668542850404695,0.6210424076378445,0.5103914327617404,0.5513285930764747,0.5567327542532301,0.49263554255267006,0.55661771287916,0.5228376438614554,0.5370161351152887,0.0,0.5261056693085687,0.6219336851136654,0.5413956935496297,0.4872929662183994,0.628955408326839,0.6060174741518515,0.5814568576017142,0.5221932743542581,0.5361030582651198,0.5541120548572679,0.622273449958078,0.49664372326075223,0.49821173779983985,0.5751433728823361,0.47854047841446706,0.5114008169062408,0.5665782617642278,0.5450928695383666,0.5084610607048607,0.49097501375373126,0.5775690083660355,0.4707128759279197,0.4342072804290715,0.5932424129763496,0.521436849430772,0.5498265796196597,0.579139185636932,0.4819473381823659,0.54885322386829,0.4946970298296942,0.5926213744575505,0.4955396897288322,0.5205587609222189,0.508444415116203,0.46484783656484063,0.45758905091628593,0.5603758811028166,0.5752710873237474,0.5265426692266704,0.5286818822715033,0.5109189376329764,0.4697900478396861,0.5140744458414126,0.5588361770623123,0.4910728340739292,0.5460347624866605,0.6077857762731592,0.5440746706161461,0.506098581937919,0.5417114665859082,0.4333399359446168,0.5646088534511989,0.5055830296408295,0.4649053741146873,0.4633640592528933,0.4960464432782259,0.4879231339817823,0.532746722543626,0.6212677169795223,0.5148376925742791,0.49369897555494624,0.5818441056356132,0.5918734513832903,0.6148020029051252,0.45395254990426354,0.5372750400390318,0.5113374823194368,0.43696510650419007,0.4471487120924244,0.5063599990157435,0.4915977039935508,0.5188891027777024,0.55950462640088,0.5162116108903083,0.5666971726382644,0.5499211649647369,0.4910586385634614,0.49572835225609957,0.45747247373095434,0.5734212958454782,0.45362945424355144,0.570247493900884,0.4921875760485303,0.5348104876932223,0.4820597642344759,0.42766778051335136,0.4711301951867845,0.46742805999641424,0.4960785328473597,0.4727559777408657,0.4809466556035258,0.4406605259736756,0.44436564622982616,0.5371815517462871,0.4772038834061992,0.47090624420402394,0.5464953998612259,0.47646687909039315,0.5165584278123587,0.5244467306203359,0.5123634558900787,0.5440402720469685,0.5358201970308443,0.5017340731956641,0.5784452485820454,0.5112361408296774,0.5536793868537881,0.5608144417764921,0.5066171252949809,0.5394928218929741,0.4634313571452667,0.49806533280932885,0.510988176445651,0.5061921024990949,0.5045646199633543,0.4705786620088158,0.481783091638068,0.5236214082505484,0.48702950686530344,0.5247638184156557,0.5656138615589226,0.5152771316000776,0.5404463251570241,0.5166947124141144,0.4684612465817209,0.46941172314529084,0.5043841144996342,0.5143702271159271,0.4909385438479558,0.4688379106463443,0.5547475577631582,0.5076906554045992,0.5184877716569078,0.5313031664687135,0.4707018569790047,0.5249602878305729,0.45610671488460935,0.5383048280794668,0.463755457066487,0.5300686093576024,0.5066309431098295,0.5408620781299934,0.46897731649549823,0.511386342892809,0.5083348189429197,0.5805802363747193,0.5259213254695635,0.5022227831722377,0.5361707526592236,0.4615097444994544,0.5320943729370722,0.4350981608475808,0.6522865456657171
0.5186717673177514,0.5931067638989885,0.5580446769954887,0.5447741329984054,0.5066193113588943,0.5629246772379863,0.5485006392322954,0.6054849153884038,0.46815564418178773,0.5482965624014882,0.5261056693085687,0.0,0.5095484818456316,0.4429285875956476,0.5468768604451721,0.5306220439248533,0.5202565219425981,0.4844838939741465,0.6384853780470865,0.4984905712272102,0.6227510008096054,0.508395842599459,0.5195914348856303,0.5599215463186056,0.6105023673802658,0.4998891154526561,0.4353614828779996,0.47942016457385167,0.49802101367006374,0.4615260312524824,0.5859542972600489,0.5611710574713673,0.532043397621532,0.5243454093100465,0.5362760140820148,0.58657721422851,0.51465069209072,0.501310611780964,0.5649895583442744,0.5336725040639624,0.5921935687768712,0.512135613433216,0.5318286443040378,0.579943095663085,0.5781062289624458,0.5211858162483216,0.5183060701303946,0.5319153534181974,0.5632636020735303,0.5228137220554493,0.5735019918551354,0.5674227500994636,0.4578548548836459,0.5837116797891458,0.5932939346125424,0.5106841749745541,0.538249647533518,0.601184110001863,0.5142621890448323,0.5253309465642654,0.5118019344730154,0.4416673078414514,0.5435675556305508,0.4715026471411214,0.4784860666403431,0.48260905238773444,0.4839927062265109,0.46644824159748305,0.4277026285549206,0.5217970807409441,0.512646223753203,0.4676473324624996,0.4764691190796037,0.5715031001858661,0.5030214442117439,0.4664868365996995,0.5184074060888103,0.5270592555044489,0.4902235552158303,0.4315000292312676,0.5104024046473827,0.5266138534271245,0.5213666830872989,0.49243499112027994,0.5293447516412799,0.5770780751012274,0.5072216324331607,0.4806112568230868,0.5262508518621446,0.4925348990711556,0.5125735265691206,0.5469506678926696,0.5511975481032897,0.49805713297248827,0.48728728134550064,0.5290608403764508,0.45748199067381934,0.5982034630375171,0.4514799819017397,0.5488550430358353,0.4587843734170001,0.5216886752612417,0.513883776542744,0.5568912036904937,0.5218105271060278,0.5173890651850146,0.5314551208584557,0.5233106401896359,0.5298722128952746,0.5589317161510586,0.6528773108433676,0.519245726945938,0.4928121774777247,0.4618934407794308,0.5093392206545766,0.5221521443207432,0.5490886637514854,0.5247996391398229,0.5689237781529253,0.4533381704972325,0.48992652233420786,0.48582566160149626,0.483960147959707,0.5627654534119844,0.44573186568359885,0.583023405637226,0.473879893060485,0.5503733567116392,0.6028305375263192,0.47281889963861645,0.4698770987002466,0.5103035174158964,0.43430097087701824,0.5033818555770031,0.5340771296548747,0.44959203592639135,0.4976374000903283,0.5226068290904576,0.4991058892780532,0.5494188075275056,0.47132160974179377,0.4888172002924162,0.5337479214810377,0.5034318023332865,0.5379692163458005,0.5234298467044467,0.5774604229320113,0.4870066466817889,0.5735577989026909,0.4265858120534862,0.5645858742115852,0.5065653791681355,0.4798192682696064,0.5183837684390317,0.6704217570589124,0.5103160055942465,0.4706548181287038,0.6002780349868435,0.46422494557275384,0.4881767531501359,0.46997302338920766,0.4996252606101138,0.46025943931828917,0.5200531270054667
