0,1,2,3,4,5,6,7,8,9,10,11,12,13,14,15,16,17,18,19,20,21,22,23,24,25,26,27,28,29,30,31,32,33,34,35,36,37,38,39,40,41,42,43,44,45,46,47,48,49,50,51,52,53,54,55,56,57,58,59,60,61,62,63,64,65,66,67,68,69,70,71,72,73,74,75,76,77,78,79,80,81,82,83,84,85,86,87,88,89,90,91,92,93,94,95,96,97,98,99,100,101,102,103,104,105,106,107,108,109,110,111,112,113,114,115,116,117,118,119,120,121,122,123,124,125,126,127,128,129,130,131,132,133,134,135,136,137,138,139,140,141,142,143,144,145,146,147,148,149,150,151,152,153,154,155,156,157,158,159,160,161,162,163
0.0,0.30285036557213374,0.26430598794964777,0.2633262964161574,0.26441947634199814,0.2949071553918126,0.25769008070774135,0.28193263596950185,0.33001989502761825,0.28064045841837654,0.297868193961216,0.259800178983213,0.40998983497946834,0.28597185320703605,0.31344795861370484,0.3177569744755336,0.3279858918791856,0.45190478156246144,0.2924582998715106,0.4398416996890601,0.30873211836133363,0.2996903610417749,0.2605575739562912,0.28371993850057303,0.36168071889876446,0.24263650873745127,0.24220420902364614,0.28951496098107377,0.24455989417914442,0.26122196924499025,0.320553946892383,0.34305120495551167,0.27629068619624175,0.263176078600754,0.3800499031340369,0.28149454809250424,0.3503112667941146,0.331557498786865,0.23435716933267153,0.33277168613485913,0.27271580274041773,0.28531875053735656,0.3289054987062939,0.31231652571611107,0.3095544023090906,0.363655778298351,0.26290827388435845,0.28672320964381465,0.33204933837555256,0.37001673750222974,0.3485103945390265,0.3201634639053321,0.2605995156858067,0.266797823644738,0.2710403924042434,0.28484302640603737,0.43252104720867024,0.2837892778452401,0.3122349695389653,0.3612462213260686,0.27358239971760495,0.2603496377762622,0.3026865901848519,0.24458261236715714,0.300102481684481,0.32373653373299505,0.29507487020793177,0.3105294556903955,0.274321554910904,0.32455133343257603,0.3873891072961789,0.3189211961960841,0.30623691509439754,0.33098787799104146,0.32466973941853317,0.3057599428202154,0.23678382927130762,0.2536341799773496,0.2963264864611949,0.24303777426036333,0.2728173591792536,0.3289231374024699,0.30409224720036176,0.29899861490262913,0.31819053265103325,0.35858182892512386,0.2817604857293309,0.3406157914931609,0.34505681286566126,0.2704258276887698,0.34682816754667195,0.29421304387196334,0.34115979691679543,0.33386128356719086,0.310393388267758,0.26445625775700715,0.22087721779706318,0.26419876484785804,0.2425430554502277,0.36107046446413504,0.28225808162347554,0.2487062885284274,0.2583736801294349,0.250697327952627,0.3703163912611988,0.32822187043261214,0.2931647036345984,0.2975013233881253,0.32033178923829414,0.28845501760015224,0.2790246627708979,0.32186726341525146,0.3264168106115718,0.2612962720298267,0.33658618033857074,0.33825432690568674,0.3250907276866761,0.29664961087475,0.2488298535327512,0.25726392839508166,0.30180699729212673,0.23303361071399742,0.3054677885392498,0.3650757324813678,0.27867787123590676,0.27998498264924004,0.2519888150131953,0.24703242952048776,0.26382553752726406,0.32060518629858686,0.262940866282761,0.27117799268207304,0.2655069641394558,0.2963302132991458,0.27667836704470294,0.27079099944858664,0.31932830359398573,0.3192863965735882,0.29128789329542726,0.3382907110976402,0.25327082241492527,0.2900776224026335,0.3377748553355857,0.2590515073522676,0.29949634271114867,0.3012006745698737,0.27900785161001673,0.2563771798492337,0.32106662740934866,0.19610875499586441,0.36611106347921357,0.28134428170460035,0.3051403749629367,0.2273318491678258,0.30660966380456134,0.34318814269170717,0.2899819367382582,0.2946010463938785,0.29172636650213957,0.2998352791193834,0.23388544196426023,0.35703526268621005,0.2239565595824673,0.3972783396520942
0.30285036557213374,0.0,0.3067502508656669,0.2897676800466924,0.24163471726347108,0.3638565734955773,0.2773202125181587,0.3378829961114962,0.2732941666042768,0.39197203285656884,0.2787860162117306,0.302008931813344,0.3073467911639418,0.31093395704584803,0.3142454881909807,0.27669028482441094,0.30240630334590873,0.2877745136068628,0.3055632434619403,0.31546036969509644,0.3158415253736416,0.369382325890221,0.25723761223491787,0.30149938717593766,0.34488096080152536,0.21966510772382083,0.2251419108543794,0.2694725581765776,0.33754612864948663,0.2289752650260989,0.31736789189957665,0.3024972596720563,0.33956046341849316,0.23900040412678294,0.30655716106238523,0.29664503058389297,0.28087661388976115,0.2844613484282235,0.2689406228634003,0.31598574115354355,0.3301435512844916,0.3049651554911247,0.2380826616862922,0.2785113365546335,0.3343047610305106,0.2719082536548391,0.2565941697999888,0.2560709194288318,0.2910173906984853,0.2885056522742335,0.3040383016995365,0.2863727418110551,0.28577407184791476,0.3573733424412027,0.28952205799869374,0.31637441333315847,0.30709368284122424,0.26883510039705316,0.33302946523866256,0.32967973059173816,0.3215113723321225,0.22363037114023224,0.25075722420819735,0.23108241684107045,0.2595895410548195,0.25647751613558006,0.2806035674369674,0.2740045089874436,0.24372710564060196,0.29944852110421555,0.2916377948784631,0.29340842239400255,0.2437699282327979,0.3247251647704094,0.31715461811820755,0.24696680145195113,0.23669086039371842,0.29534470641795163,0.24716950005228117,0.22893443552749554,0.269543905633205,0.2911411422946673,0.3685702140762979,0.26513707230412764,0.27320421162614683,0.3733066777648842,0.2493069307851442,0.25186640184210696,0.2632980948395318,0.2911546301700829,0.2549140632500856,0.2979893103084943,0.3126566167001156,0.27513519691510535,0.30836389613010495,0.3341379147155146,0.24085021875490623,0.28753836294303675,0.22365259192314285,0.3149661387421321,0.27258801256367926,0.22864458927361286,0.2116823766970935,0.2844517871805529,0.2755092037423734,0.26999617303286233,0.26616303547322845,0.3346573897110518,0.30599968128213895,0.35966274446258795,0.27056543430510543,0.2455925931036613,0.2881269554521815,0.24114577293650039,0.28858658463773185,0.3598847819160501,0.28862985444855405,0.23822245133597014,0.28797253191870503,0.24256091261059906,0.26761020054803064,0.22919207373134357,0.2790170076942588,0.3420393956995101,0.2584163050865724,0.34534351554791975,0.2612493197308186,0.28669959061047745,0.3370005143848103,0.2752424413419558,0.29277122411298734,0.27628508885080444,0.23370052741174718,0.29216744139235284,0.2880734258991688,0.2479400421483066,0.2748232559366277,0.2917077680958437,0.29228087897057775,0.27735602054053615,0.2721236886316523,0.30692435746939895,0.37136093698039,0.2645849736023978,0.29294094388901515,0.2470178587694981,0.30568104502737126,0.2817374036676345,0.3676839688927583,0.2129521082016052,0.2584809909322307,0.3084682569969143,0.25960276187359804,0.29793459372342984,0.30629914228020205,0.31401891437894236,0.28281617152201777,0.3203617420961829,0.2729902469529704,0.24245965308698475,0.26247500565705606,0.3244591744609602,0.23418324615705138,0.2830900060432254
0.26430598794964777,0.3067502508656669,0.0,0.2586615795266371,0.2506386435557971,0.32009416611249475,0.2207317834715149,0.3041564898823017,0.24679446256849213,0.3316667219794587,0.2921773875128064,0.2691943679851308,0.3165738800990149,0.24818792274003879,0.2555803461761132,0.3573690633813,0.3252524710976304,0.2656390961935486,0.235777631377919,0.2469325433205636,0.32386843779187546,0.39167275588834005,0.21288448712147612,0.2528061343379822,0.2748652185082586,0.2549362649858111,0.22403785573201523,0.2533738528098305,0.25468687773580423,0.23600759427646884,0.24045673175875518,0.29185757294372733,0.25422328875392564,0.21321469330749396,0.23443730634668408,0.2727540196485221,0.2696105875667134,0.2815218187335884,0.23397010299170293,0.2737236691362752,0.26398989756504826,0.2897977847002322,0.24041900775681163,0.25114009961237493,0.2879786442454161,0.25377734733309293,0.24329416173730226,0.2674625357812425,0.24354890562933632,0.26701534325737053,0.28066632944529,0.28936456910967384,0.19850540105766468,0.2984689031711833,0.2638996684300915,0.24849132796324053,0.25261957294330134,0.30403747959550625,0.24921281583034982,0.25941880970150455,0.26309886761332085,0.22368728428617754,0.2796882969389948,0.2215358883841949,0.21289860573445518,0.23539648674734542,0.24742415537946558,0.28608976982817846,0.27153422257960974,0.29226584666618866,0.29152604566396706,0.21743500637418384,0.2522543601241505,0.3690723881963954,0.3161166181170805,0.1869026584643442,0.25904370366798496,0.26105055628233126,0.2221669417588838,0.19654294276689777,0.2560475651829408,0.2694269001300284,0.28414294244815147,0.26602969391158166,0.24550535002877505,0.33409027600782454,0.22522479031094084,0.21652398784751034,0.23902898364149855,0.22878228849857846,0.27771162960605544,0.22118298800848735,0.2643187344055891,0.20240645715850933,0.26006464758351044,0.266117064757016,0.21267671037375546,0.2578248447778533,0.19599220766885414,0.26992553225911026,0.20278817302138327,0.23683512782097155,0.20328578908412864,0.2676073459625119,0.25636587724333065,0.3085834106593669,0.2652244213197084,0.27044497599952,0.25206636189158443,0.28892989510065864,0.24248338976635406,0.2261087741996406,0.26455817319463387,0.23348957642253118,0.2322539383573751,0.319825994429992,0.2139060123603041,0.2608150388955202,0.295482559962088,0.24239154528981477,0.2529055700468637,0.22188937819085425,0.2255807897573723,0.2770282076859179,0.19487414079217408,0.29516837371106514,0.24744083627724847,0.2640188932113833,0.3039367098869885,0.25188460914395366,0.2635852487723871,0.38279368673373787,0.2028715442509316,0.22674114083299102,0.2571636101575873,0.20214705574138833,0.21329634273336723,0.2342460041614397,0.2626533952767868,0.24468810507135122,0.21320747906047274,0.2640510782321819,0.261813527591482,0.26102352443957294,0.2518893884421494,0.21359451371737953,0.30876013958957155,0.24973656603164723,0.31794583608037175,0.21523416735946382,0.21647555745516062,0.20208904884825019,0.2462642386340793,0.2915701030277178,0.2843172340559939,0.2597680418459474,0.2642366388232798,0.3156280933542716,0.19245616726423592,0.2344468105859782,0.2422500753103459,0.21057477154011833,0.21637320520081404,0.2652598221626237
0.2633262964161574,0.2897676800466924,0.2586615795266371,0.0,0.24099849131508375,0.26834244063786844,0.2963208409517321,0.28217541380132366,0.23908351885245657,0.268052463899742,0.2948370269444975,0.2803533340305092,0.28465304296434524,0.27536215162345584,0.3065521509737634,0.2696159654581317,0.29367970214253475,0.2783336566867315,0.27149598164766114,0.2571503579247056,0.3240803875777727,0.2755291198498908,0.26744718490343206,0.2596441379161895,0.2941459491829996,0.2817843136360309,0.2745444314486101,0.26735585469353623,0.25348646317750456,0.207147385846185,0.2752389682923902,0.26992941921447205,0.3725247767685672,0.2751845723868829,0.27597533607334235,0.31502420167986533,0.2883607716543584,0.2906849734957577,0.28563003196539866,0.3375914880393621,0.2937838007234518,0.2733947024888341,0.25011405725510305,0.29223492112300464,0.30154378894357686,0.29032033981249783,0.19344084843279852,0.26135880345493423,0.2836083207078896,0.282686916120793,0.3656447607729489,0.28987094180005524,0.25030529167998194,0.3764987947019773,0.31287079367583204,0.2476647971790498,0.3150841802429855,0.29738556090688467,0.2977998850959981,0.33241837117557516,0.3215422758184443,0.24400152934651093,0.27214037467266,0.22327849397816923,0.2630800016084333,0.283328605126597,0.366502093013671,0.2360672617310348,0.2489015470857364,0.2841230725948234,0.2710391783502614,0.26075466251239643,0.286783314050968,0.4117194823830673,0.2936764734452943,0.21791252812048198,0.3302514990547586,0.30104130699304293,0.25620496314326935,0.2075200085441495,0.2360681872551451,0.33494822682301856,0.2516455692428455,0.2556704102009449,0.335771707780431,0.28726506265906365,0.29772297690681443,0.2936599433797413,0.27422319736927997,0.26293624409647215,0.30593181876307457,0.2911819201000673,0.27082206716956286,0.25178919109243364,0.32495168448218065,0.2567769349245159,0.22648932038421557,0.2721450776649775,0.2347180350970241,0.32066746878025326,0.2731899525897702,0.28553469756117156,0.30041512606719123,0.24282144079639234,0.29145553841137073,0.26704334117873135,0.29949939390936675,0.25900444340573836,0.28215581641630827,0.26584470358096624,0.3191204211294771,0.28913749036464687,0.33486451888555313,0.31008697944608427,0.2837387060686606,0.27903948411481744,0.2639453605299628,0.22619655004878983,0.28463935294152704,0.27785459078821545,0.2737286765933266,0.29422485153582806,0.26420406093851667,0.2965955259739448,0.22774257143062418,0.27327158105073934,0.29097762453415493,0.28040978022163426,0.2987700213014924,0.288147427145214,0.22234669820148675,0.2884535899642547,0.28544890448385013,0.2984756259334557,0.28520122329515835,0.20725856092541847,0.1937958682659492,0.29360223904559,0.2934380482929885,0.2985078202606347,0.2904748381441808,0.27653434035097574,0.3614550224618135,0.2944409288680601,0.28593388014132914,0.25805788382923406,0.2767381129347941,0.24934621871503382,0.24128738548613363,0.1992412933497725,0.31064572615285224,0.2639658891027853,0.29355004434130794,0.23990677129327462,0.3157300560942326,0.3008759595584187,0.2701368628149597,0.2940125371852347,0.32147512667990896,0.2759142569565138,0.24278949859081878,0.26217698585064364,0.2708143980074621,0.2945082368249377
0.26441947634199814,0.24163471726347108,0.2506386435557971,0.24099849131508375,0.0,0.2156916346354216,0.29079272434260517,0.21761228332601737,0.25033464503765723,0.2397720358672854,0.2793099183487486,0.23736526338059433,0.23299376186539195,0.2521003808447312,0.267425892737088,0.2694952547444059,0.2672391931346652,0.27502771930394765,0.20634288454538396,0.23672804047505489,0.27922385697723473,0.281993477036742,0.26800065981828813,0.2520636267897608,0.24808191247722708,0.2459077192446993,0.23969955150169303,0.20850204972712463,0.2224719636704924,0.251296306154214,0.25867176392959407,0.2240970023648767,0.23086908444243562,0.2177551210491969,0.3158539558449116,0.2751666525568979,0.26205227204594933,0.26677474804732737,0.25488297836381596,0.25819776844389025,0.24971327986023023,0.30778033753201645,0.25012214888288636,0.3043304008342041,0.22671702966940266,0.22339701316569224,0.2453879042108727,0.2797161929107385,0.28638324028471773,0.2682245003736524,0.2648336580449386,0.23180305450816613,0.21057893409842957,0.2380313664077114,0.24515736936606816,0.22952622121165858,0.23180443474380905,0.30033441918609016,0.24522845371835467,0.23886367221920762,0.19168717522943954,0.20524996064127737,0.21924542994885113,0.25759662339474304,0.23295475796954132,0.19096304498875286,0.23747209491240984,0.2444378505743721,0.22737355333911596,0.2590722245671407,0.2562607945333665,0.25185690852206005,0.23228218863401104,0.25693445828146433,0.22409072997368337,0.19325297142218423,0.23782903635038968,0.36364127879845715,0.20563392169736175,0.20034425313792226,0.22234398178429216,0.26214657944936254,0.27277378272098834,0.19963782541810382,0.2464928342379052,0.24293541171176922,0.2331013493500479,0.235240556043268,0.20899600228409781,0.22612955841712035,0.374403426393492,0.2825556254273124,0.29646546644387894,0.19011597023100818,0.27010387427125276,0.2367345268850738,0.1716937299162545,0.22990156213316865,0.25197291235495034,0.21771796691074508,0.23294819812446388,0.20955145108394835,0.23975288737152126,0.22062188483876574,0.23634183428768757,0.2414098409337796,0.20921190027214975,0.26889203649539317,0.26578797321138453,0.2489523026439712,0.25646561435773046,0.28703530627680923,0.2257433001931848,0.2692445006993771,0.2169941682678808,0.24899578103253214,0.20955748053310114,0.24806191727444116,0.2261576083558484,0.26026574383194606,0.35487577168026235,0.21525498448362707,0.22288018826064737,0.2790753422228712,0.2399497894146426,0.22135493309238174,0.22214987646247772,0.25350072078428754,0.22861785820981315,0.2427646824470477,0.23248208979828724,0.23966397053156696,0.19860543698244207,0.26021566204573704,0.2361011086136506,0.23219958632861454,0.21509901828436548,0.30103099005544437,0.2538057155490586,0.2761637548022713,0.19681608612630574,0.2776751452631164,0.27595988565001667,0.2636111731319592,0.29128601847649277,0.2561564383107321,0.2850323507273734,0.2298638516832796,0.24090685849779708,0.20579346666482876,0.23234468537305866,0.22102264790202228,0.2706370134509487,0.253073906525263,0.26896581694693883,0.2586181411705968,0.20717170326491616,0.27550797601374505,0.23072858134247914,0.221758762089354,0.20220944354528547,0.23648634658004905,0.23292972067846457,0.3384417419000405
0.2949071553918126,0.3638565734955773,0.32009416611249475,0.26834244063786844,0.2156916346354216,0.0,0.2240191448158665,0.3157947806575989,0.259030419578232,0.2893380528094092,0.2773684572453073,0.29262956497204656,0.3489184491936192,0.23034019776773462,0.28548661000428355,0.31077290304948324,0.29723979428828706,0.2345224479035502,0.28762957395421046,0.29140830647445026,0.3196591532965948,0.3166146076754656,0.1934260937619004,0.24083106677783625,0.30805656131426534,0.21846510721799478,0.20039596421860678,0.2467311162110658,0.2495174103271056,0.23033633082677255,0.28550296334694464,0.3537331940833526,0.31438585057114854,0.2241655355811616,0.24875373013701077,0.25682936901662806,0.28312595519296246,0.2555895599870723,0.24521115552941805,0.2425542963351969,0.27204378005264745,0.28792229829943194,0.25444337277608353,0.2887930426181032,0.26883861816149063,0.25335108521570443,0.23171585952278334,0.2643721651876811,0.22006874729101103,0.28387263513076844,0.29691918177935667,0.31626839906668924,0.2272260000087693,0.31337551421190796,0.2497402420963396,0.2944284944175461,0.28559498010922174,0.3285226171508737,0.23733487316050517,0.2652471753860217,0.3391385382224337,0.25549159955752054,0.3022953567369987,0.19148197640622044,0.23774726692294906,0.25992922818452363,0.25936741834047955,0.29677369219738514,0.2242371201071213,0.28146859113201433,0.30371555843186737,0.21975134164849847,0.2527728983416133,0.3140316016966731,0.35598208228316214,0.22013653109808942,0.24824157443677,0.24582411681541294,0.23371441892853176,0.2594849707867473,0.31811123889578785,0.2792986551524385,0.30457139097547986,0.2892156008577236,0.263057482394355,0.3006184817677083,0.279305858941648,0.238318142116658,0.275342145341021,0.25060746736884243,0.25887767317472055,0.2719339251973058,0.27869500537906033,0.2418937907184815,0.24722661956427297,0.3058008934989985,0.24803883791465126,0.2765099655357394,0.1980373980445684,0.2847449524539285,0.2254338212581114,0.23493414186960718,0.21490444645549062,0.24179292107295802,0.2839447704600939,0.31454460494836894,0.3068149342569114,0.2793408028728669,0.24825950301859456,0.30193221044661067,0.2645294795328391,0.22126746458841504,0.3370788170736074,0.24980135125013816,0.25139226033371037,0.30863318917169846,0.2700507985235896,0.2179167291734439,0.3196009744163951,0.23261372120201743,0.2365216153460864,0.24238194183984538,0.26194881032249395,0.31113812333205687,0.23862568593725847,0.3062490983311732,0.2687217065704462,0.2516528391038591,0.28357906400505456,0.2333012624661624,0.2765953306290182,0.3750983074898725,0.23498364198328064,0.26043892675160096,0.2736569116228138,0.22738003252083022,0.2545593553063866,0.22461514201757957,0.2331180671386654,0.25525134889048384,0.2589049187446125,0.29267760456059827,0.27405808275039395,0.2508647790765245,0.26743619437012145,0.22732801735007055,0.3062830324564274,0.2856043702243517,0.291771311743541,0.20868331982090718,0.24784912915808233,0.25362334085261984,0.21974755480921315,0.2413249086545867,0.3170897431235717,0.28581530800076965,0.26777902815130894,0.3407593002805992,0.22288495652528084,0.25555246243146346,0.22820662180415696,0.27625886128229915,0.2192641603124941,0.2619068295978354
0.25769008070774135,0.2773202125181587,0.2207317834715149,0.2963208409517321,0.29079272434260517,0.2240191448158665,0.0,0.21913618248039973,0.2287202542159746,0.2627022999446882,0.2701147149729783,0.2952437998526076,0.2573237624703483,0.2599931645461611,0.32056250200355574,0.2371539662162725,0.24370432434916509,0.2594173696369905,0.25295712789219116,0.22239709889639242,0.2626908765916752,0.2714770783990381,0.36002747621827247,0.30503789352432453,0.2878869665981428,0.25228584443956664,0.25583150848584996,0.23021312980479636,0.26106766285022065,0.25037969615208877,0.2768085258006842,0.26229910592957245,0.289052457500944,0.28341200071336936,0.26112993502325293,0.2571399125827523,0.3090432369992446,0.23628492266174284,0.27177074147899755,0.324245716165384,0.2790903082259372,0.2750988550778897,0.2521696376370021,0.295552055189335,0.27458903855584166,0.2546810759223477,0.25049727098043895,0.25242406909875603,0.40081668733555226,0.23465869353204472,0.3061079961781957,0.2294569726457729,0.21264506838023114,0.2847367330620465,0.3134575504872567,0.25966196695225713,0.2483496742763933,0.2545492327452299,0.2932037082067073,0.25905670845877565,0.2091619866029332,0.21152963480167847,0.2026717945321499,0.23747374372607175,0.2256101617317127,0.2007379137625495,0.2897203982380705,0.2728156421569682,0.21453004617231813,0.23491601665530612,0.2668467352986226,0.24567137956429955,0.21772354104310176,0.29039371484410315,0.19734346407869124,0.24127765267338236,0.3209727469349017,0.34430823573493446,0.21199447350931122,0.21733391785160186,0.22796063736011554,0.26677168592245126,0.2815614700146532,0.19138826036306236,0.24108694091911204,0.24824126650958298,0.23004680565520605,0.2615120992972023,0.246031292445433,0.24961139045829034,0.29482569567581307,0.3468944630519299,0.2914393420934213,0.23292194757232407,0.26939945693319867,0.2883258281754703,0.18158152684130868,0.2726222751288856,0.2391790547935825,0.2684553948448972,0.27186781830725426,0.2433613151902848,0.2638881779911148,0.24524862730262859,0.22083729388998855,0.24755295281017986,0.2164612275813915,0.2573533647638517,0.30483108873102216,0.2884380703767894,0.34272166145231076,0.2561728869153832,0.23649009750459413,0.22913769660873767,0.22607185977413988,0.25049193436801553,0.2373371175601532,0.2725012224051103,0.2371631706069194,0.2298716805074205,0.26953623834040374,0.2178866787493603,0.22713886220153676,0.33345440011441324,0.22534430157778315,0.28054738811121016,0.22113461770228157,0.29820141458658855,0.23568019356977915,0.25939555428420225,0.2127751913373355,0.20775870536295651,0.21761153213428677,0.2358395474479879,0.2251016085265957,0.22885574590302485,0.23554172857354458,0.30183707989540587,0.2621260011267952,0.2965129275538936,0.2367816785811973,0.2557499544687899,0.30345713312630723,0.24024118465367622,0.2890400982411657,0.29227219139962857,0.268462098222951,0.26261573387642595,0.2402811024464142,0.181531156635675,0.25675564789072763,0.2563738268658787,0.25351109213042,0.2923921825188085,0.3037681901918631,0.2865238726026621,0.26958913490534386,0.302331945397995,0.29374190498337444,0.2767466707691379,0.22745699491350804,0.24831737960966443,0.2508180676007517,0.285044436075678
0.28193263596950185,0.3378829961114962,0.3041564898823017,0.28217541380132366,0.21761228332601737,0.3157947806575989,0.21913618248039973,0.0,0.2919022395947283,0.3130677018052216,0.2583353158420783,0.2779282918910025,0.3280319366528668,0.2516568396268745,0.27526496809753226,0.3148567209335473,0.3016550606908974,0.2682621191072627,0.2698635844455452,0.28818645993103664,0.31446506069531444,0.27341683863239746,0.2292310407907846,0.23613887669182423,0.31751128988320204,0.23745178116832388,0.25266298777257196,0.2715798560059697,0.22235961035864968,0.23613931078362715,0.3473141614721408,0.3053900236765911,0.29435610218226826,0.24701296897754796,0.2750850808202666,0.30630940199673,0.2989167947806575,0.3215281016703473,0.2560086254328036,0.2772501516701291,0.2739998882362082,0.27360530024317664,0.27364713469927426,0.25550116535162254,0.3786643566794561,0.28308098406414106,0.23238009692316727,0.2483608953367631,0.2588973688980811,0.2837239705174951,0.28741748204955064,0.2633956085599209,0.2256796781127803,0.2766477962224691,0.2651991660015831,0.27727314981191464,0.2807646413537109,0.33977160199680095,0.2816033788103592,0.28826500020571527,0.3763789048619509,0.23409388767336367,0.28503197955713067,0.2283125975143867,0.2284089930492529,0.2561710171519856,0.2793617232523052,0.2629441954347715,0.2761628078169132,0.43406281034946037,0.28376087753389106,0.26078498368187575,0.2567904520696798,0.343788239949089,0.35980800727623347,0.21990204091446694,0.2780402680153682,0.24766385178989606,0.29723116590364357,0.2001569255519722,0.2504802117006343,0.2876227739409228,0.3035444590674975,0.31602303694230727,0.302749907237719,0.3943143493605293,0.3581145184234051,0.26430664490814215,0.31527168592843585,0.27375650561530024,0.2609124547031664,0.2707398480388924,0.26763287018662735,0.2288697578332933,0.28712540964533007,0.2808974328847916,0.257609217812407,0.2965883881550206,0.20785500361008458,0.32231548219277395,0.23755691997548095,0.32188846591208375,0.2378804099292026,0.28001630239149733,0.3192446844728061,0.32076224922824437,0.30043194038633947,0.3208994742534071,0.2658984180191946,0.2727174832537291,0.2378398726275163,0.25602146640149176,0.30876317300689277,0.2797672067660403,0.2740764022042425,0.3157062420789915,0.27503042067376765,0.23036019321164014,0.2533846047797177,0.25131230327257903,0.24882184587498624,0.3346911010053622,0.24696755137039295,0.28701091512905563,0.22472865184127352,0.27601382774047456,0.2555594031236855,0.319082608664028,0.307216632305254,0.2604101981292398,0.3142845136245986,0.30966879919797086,0.2733409982939483,0.24787805613788993,0.2803227258228714,0.20476480257193103,0.2433471377966477,0.25701297721471034,0.28558124494053566,0.30092812735440294,0.25149682991272404,0.2646389146447814,0.3073601076690069,0.2655121461835729,0.28145351334053037,0.25647203476047975,0.3041406671607028,0.2656199446746405,0.32862652152563704,0.21119049681851224,0.29523377375294435,0.2586779884698854,0.24804969845866087,0.26150541592407783,0.3490481314956624,0.33461990862646673,0.25278227554892085,0.32711195144924243,0.21962291276704535,0.24464537709869372,0.23796446238100882,0.27043748394520783,0.24315243627384245,0.2559336584165574
0.33001989502761825,0.2732941666042768,0.24679446256849213,0.23908351885245657,0.25033464503765723,0.259030419578232,0.2287202542159746,0.2919022395947283,0.0,0.24064367485027635,0.23755815100361308,0.24246116906224224,0.25068714790650803,0.3006637830135343,0.257973800967902,0.2620982686215095,0.24892456885507008,0.29810950422539656,0.23208155219243293,0.2913220685053421,0.2607302163533269,0.3288760946112364,0.2131655590823263,0.2221648532836209,0.27173930106144445,0.221671955691542,0.2486055934822058,0.23548491807154506,0.21060604684671616,0.29362770148260653,0.336075617066898,0.2622965073962871,0.2538433573263567,0.21208754602432278,0.3093742115942549,0.26511874941086444,0.255936097499707,0.351080429128197,0.23396042788559906,0.24217171633282958,0.23479951681394118,0.3225783023833385,0.24297110135356567,0.25971299716747853,0.2756308124072287,0.24261505816369053,0.22566153010656317,0.2254812871871492,0.24592404188809214,0.2793707367574745,0.25651577767730205,0.24021071291717927,0.23659881980233302,0.24379323972012315,0.2321865164843115,0.3266247497409009,0.27309413672119565,0.27663734965232617,0.24953913176154227,0.243819639670042,0.22892816731137774,0.25832027301476096,0.24173522927435034,0.24784944765044398,0.2654307372635967,0.23645428640588165,0.2781957488113217,0.27596158806204973,0.2531263991048547,0.30681250992372455,0.32454911131459513,0.27627858429142105,0.30070460633992124,0.2569905937748874,0.2910431316981286,0.22686371146144182,0.21280643471486763,0.22074834911524951,0.255280056932041,0.2088053381009552,0.2361801001292461,0.37992342690343,0.31636786243232584,0.2442796157071979,0.29774735076571235,0.341598235740387,0.2715960285237004,0.29162382793413194,0.2580808625390209,0.34389520497031256,0.3116198270554855,0.3317628164145573,0.2536757857399695,0.22675301851755827,0.33696400944522903,0.29238142483468577,0.24880696544143172,0.2691823156154553,0.289163235996329,0.25372894902741644,0.2704906997375116,0.21906326265620318,0.25953761361323047,0.24201773856192804,0.3294511958551766,0.26062477980509574,0.21799967111251753,0.27183985938291894,0.22971254280836173,0.22426178918639483,0.2130834172965984,0.30631018204629035,0.2931243505352853,0.3163370974895995,0.251237837677478,0.2842069580914148,0.24573094921856756,0.23713530250947643,0.20513374024744055,0.2952397883359903,0.28812201187220393,0.2663810696017655,0.2578981520241962,0.2713509837985955,0.3471269497891404,0.22727854683836932,0.2721749582445175,0.24378185068675004,0.2320844370992674,0.2693888043463237,0.3782853816669432,0.2891294012059634,0.2558430778682473,0.34396731909922257,0.25081864776741036,0.23576437854901489,0.24132242107028745,0.2594849232131451,0.2653255173767391,0.3054565631546757,0.23908397143204402,0.28452732979378353,0.311707314666094,0.30933541234056405,0.26744471200271425,0.27882238925042,0.36441163080157657,0.2252214193757415,0.2808996531112569,0.2132603854884,0.30713410835293514,0.2453806598755179,0.25543352023937005,0.24459271941804658,0.2730179076511126,0.3218589766815008,0.23312967254685815,0.27206244784904005,0.26247273172264607,0.24853591392270355,0.20275723466904524,0.30935809442285817,0.281692549314649,0.30698774452271804
0.28064045841837654,0.39197203285656884,0.3316667219794587,0.268052463899742,0.2397720358672854,0.2893380528094092,0.2627022999446882,0.3130677018052216,0.24064367485027635,0.0,0.2450035326840029,0.25665632160146573,0.31117152803849607,0.28210266305441,0.2665617305733788,0.28992396505209167,0.2998161153577974,0.30108567276762943,0.251097147534424,0.2581995345121437,0.26905844428916637,0.2734879090871095,0.27867044308690736,0.2424511695362176,0.3755467890126143,0.22082538174186675,0.24657836800793817,0.2650661543448487,0.3437254876350384,0.2318836173132667,0.2978125618592439,0.3075818235887188,0.24728803695023505,0.23599881761349803,0.2787649940992299,0.25933859857486713,0.29386900871285143,0.26602736160709095,0.2167233961583958,0.29373733205657415,0.24275815581955146,0.2825652477181105,0.24585187584378046,0.2467161471651463,0.29365151645061965,0.26123342348885703,0.24310508687509538,0.24824081756742533,0.312823408423603,0.2360377526729327,0.27013981439238693,0.24069194068022792,0.22082169281388517,0.2776960345239959,0.28579574935191887,0.29674962297556173,0.25302909896102505,0.2507444771330062,0.3126896801406579,0.271541769812959,0.2830505461147262,0.21889710173741433,0.21972222793348725,0.2226348355962569,0.22377485527205057,0.22782030248226018,0.2550627473523864,0.26678235463923455,0.26314529905302064,0.3152719134387893,0.24895654210313498,0.28996175503938526,0.22398670398044282,0.3138905444126467,0.27373611488347765,0.24665066511657033,0.23913764031511253,0.304042189388663,0.22595324558139027,0.23359542301978864,0.26494241799563695,0.24721240300502675,0.32954163304981315,0.26894380184632355,0.260274106963933,0.30397040976525724,0.25170140082055,0.2665968636632323,0.30359396807379696,0.23668046336691942,0.24978498027550886,0.26355091055492624,0.28726885889709275,0.21828848730374706,0.2776512526245533,0.30144518052378866,0.19001959396010895,0.28014943864295266,0.2191353544895232,0.31174470642099833,0.2554194035163923,0.24293674621594968,0.22280061699818235,0.31511790052004157,0.2467221123652301,0.26927875517338884,0.2555560716058447,0.3521975454911275,0.28095053064489195,0.29539767964600433,0.2373767412266432,0.2314501008509173,0.27879677476495845,0.26659081329632006,0.2473345896699025,0.30729726419074194,0.27957708114571206,0.2875158822492843,0.2727107691547473,0.26129494369071105,0.23800895882672018,0.2368600304538135,0.23130652422519613,0.3042787716119029,0.2239944166411328,0.3329833420231599,0.24480623472074872,0.25568444709465177,0.32742352460388374,0.26661551720267096,0.3167618971906188,0.2534381583813018,0.24049948206502383,0.21972896552954324,0.23290819690778433,0.2124812426832908,0.2547721875334041,0.2739217503886475,0.28459654679899576,0.27352541004709213,0.24709368103775808,0.29105005380894583,0.3105713345145626,0.22893883104387772,0.27091116049022207,0.2535056136528688,0.2340715087542894,0.3087363117423643,0.41174005926544066,0.2096416421311728,0.2293210186296224,0.2903258481163285,0.22702734071688932,0.2882558199382591,0.296423023825816,0.2826107424615976,0.23625407327858244,0.337085250024227,0.25339883677501,0.2735807880237018,0.2976024853291486,0.29775276719995236,0.2488575040855083,0.24597384026530858
0.297868193961216,0.2787860162117306,0.2921773875128064,0.2948370269444975,0.2793099183487486,0.2773684572453073,0.2701147149729783,0.2583353158420783,0.23755815100361308,0.2450035326840029,0.0,0.333678626158909,0.3177757634854102,0.24650588232380313,0.26234916302595696,0.3617667416624971,0.3177837524027253,0.27856176672595373,0.27444922999675536,0.2675741907016296,0.3084511424650962,0.33571575711189194,0.25810526297518954,0.28846623450026376,0.3146141364431792,0.2775053378432415,0.27627200801990115,0.28366108903817266,0.27803414270403826,0.25800745442192136,0.26365899326969844,0.3012258453294264,0.25882123805107016,0.2510468973337575,0.2747586152376466,0.2981305602548431,0.3434630137553712,0.2897476404897888,0.3268442286890462,0.28678367870281785,0.254696252980865,0.28634230924304777,0.26044199920236616,0.3133063585398926,0.2808495870351267,0.2451954716503296,0.19035352113078424,0.3606380774840197,0.3063953735115601,0.2525345757901452,0.31208602319512974,0.23997031312479694,0.20201813442808175,0.32675011172258683,0.3599497068472344,0.21468419197121105,0.2920150057396601,0.3623466415672801,0.2641079878013887,0.2756558768384793,0.2826349232794901,0.19414441019747203,0.2618387866580314,0.23067764328748933,0.20058754928264808,0.2260066118803712,0.2932335470103539,0.2484215580453397,0.26327108390352844,0.29093271938324516,0.2704158512973108,0.2265745848824823,0.2705577546317495,0.3341355378126821,0.2927406418229387,0.2169241782309915,0.33436193530861075,0.2925018997035553,0.2248595769937789,0.21121125748042288,0.2304271239741342,0.2425094655774656,0.25892235497742655,0.25405285836879066,0.2510139588158747,0.2666964821323767,0.2798076637256347,0.24043476994465565,0.2348715703682646,0.24601154278961662,0.3418808957092777,0.2223205142394276,0.3304436617370138,0.24446812287182673,0.2549895360164687,0.26984994011289176,0.19700407752724944,0.21892018136407937,0.20478510037609857,0.24586321779375378,0.2680224256126291,0.2699807558765967,0.22916085361507738,0.2168586697086007,0.2573848214830376,0.2379222244187572,0.24161412941351332,0.27081770260078364,0.24147859837395239,0.3142259632442599,0.3535822947732188,0.2583797294612907,0.2653866166533868,0.2742958659622671,0.24754242276752025,0.2756039274169357,0.23069332668379364,0.2801193895042561,0.2761392625613303,0.237781193818904,0.280819381908379,0.21488855539901458,0.24702910660178065,0.3074964302582747,0.21780287605287868,0.3123694221905901,0.2047644336367534,0.2966809024336941,0.27061924421924816,0.23485724507352598,0.21681332581213694,0.2837335225588059,0.27345581689447507,0.26867545020697,0.323756611010535,0.20763612541348486,0.23678708734628143,0.25029536340147396,0.28778978644887165,0.28453726043820854,0.24112688862361445,0.28585213503062357,0.24667534404375113,0.26303125384874065,0.34331882429273375,0.22981660974237678,0.2595857464229169,0.23116207086796478,0.25273296378454013,0.22179746852796403,0.32145095131021945,0.22861088075604039,0.3467050220935887,0.2335073899793823,0.28170014882630207,0.29543534646518804,0.2903259155438388,0.28641006560790133,0.2527057588900748,0.25241268995492827,0.20149898225000232,0.2553505579601347,0.20452032669227968,0.38546017032529944
0.259800178983213,0.302008931813344,0.2691943679851308,0.2803533340305092,0.23736526338059433,0.29262956497204656,0.2952437998526076,0.2779282918910025,0.24246116906224224,0.25665632160146573,0.333678626158909,0.0,0.24530407372307853,0.19106336700733534,0.26527268456660685,0.2873064004869413,0.2691562896264357,0.22643614502331152,0.33060059420791105,0.2555993513349561,0.32834738965443067,0.27935116345589606,0.2561997884173256,0.29213044214839573,0.34143521865964926,0.23916685550413225,0.2471622939748835,0.2315003398683475,0.24418302402075634,0.2707518341470453,0.2973906847750578,0.28577941729381207,0.26675251359264857,0.28902340462340553,0.2358817658210654,0.2819565136724211,0.29566856506683925,0.2571146409789372,0.34785980768463004,0.2676904579196469,0.2717526130477083,0.2728640084394022,0.2566311158365219,0.2878059231031373,0.2790340547336933,0.2569147644465899,0.23192803530532188,0.28513329847816055,0.2797820425961115,0.252948393358206,0.3140906024914876,0.2605067222285293,0.19753333944753523,0.316398001719361,0.33782742592669546,0.2346119333044285,0.29817872199645823,0.3484600032647231,0.2259996377565666,0.2664467533181058,0.23245303516596774,0.19590008349679305,0.24341821996642113,0.21365511760813322,0.20816009814271483,0.22581028447675608,0.2406836545736788,0.22614419394972515,0.2063180095780003,0.24430011273265978,0.24425205116981719,0.2070465002561657,0.2218316505250828,0.28674838831997823,0.2523088506396244,0.20997886781798686,0.2749608145906338,0.29105408093120744,0.22520919014275131,0.1973150430095394,0.2166586615261815,0.26601347707730827,0.2768624801476621,0.20667323441273416,0.26096484768267436,0.28395687065422076,0.2392296822640094,0.23143923340034497,0.26255785944860854,0.2651687498221347,0.2775440372594871,0.2665085937512004,0.28384503193545363,0.24379109931488574,0.22946893881114674,0.3225260931879525,0.19924379301943593,0.26967119867413203,0.1976555078047143,0.2462850031386661,0.2257076165008426,0.25855744214027554,0.2534865929824791,0.2888664473933144,0.23660284810511434,0.2574291306180307,0.2619922731138048,0.25869916590883896,0.24212456353710987,0.33405762784111803,0.4030724398614371,0.26715331711533075,0.2340514671588821,0.2520136065416467,0.23215569591421986,0.27041649557304714,0.2373554401074167,0.2912258611129365,0.2670936971446073,0.21124858653739342,0.23915156899768739,0.22001322549057617,0.23112641219970842,0.29781258749818607,0.19270686820856278,0.33163829286418584,0.21016442415550568,0.31305344454238715,0.2852493692716194,0.21539604439857973,0.22340953241111908,0.24915084870664894,0.21576845562578184,0.2597806000569579,0.2777433866545746,0.1874378991104228,0.2630645462097605,0.24190027861346078,0.25644313720089634,0.3001327629092527,0.20765138329599736,0.24653452521127425,0.27121129820114614,0.2540106743583984,0.2983501079265811,0.28304422689881886,0.3297450809272692,0.23355980822550876,0.2933035454959276,0.21092460613597547,0.29114322239713675,0.23610804518322054,0.2817276496174134,0.2539379911164538,0.3627950417551688,0.2569490085483874,0.2563154542928086,0.31065203091917665,0.213424182078288,0.2352169540776033,0.18101150281854883,0.22993015825053315,0.21229357684583247,0.29155213877125113
