0,1,2,3,4,5,6,7,8,9,10,11,12,13,14,15,16,17,18,19,20,21,22,23,24,25,26,27,28,29,30,31,32,33,34,35,36,37,38,39,40,41,42,43,44,45,46,47,48,49,50,51,52,53,54,55,56,57,58,59,60,61,62,63,64,65,66,67,68,69,70,71,72,73,74,75,76,77,78,79,80,81,82,83,84,85,86,87,88,89,90,91,92,93,94,95,96,97,98,99,100,101,102,103,104,105,106,107,108,109,110,111,112,113,114,115,116,117,118,119,120,121,122,123,124,125,126,127,128,129,130,131,132,133,134,135,136,137,138,139,140,141,142,143,144,145,146,147,148,149,150,151,152,153,154,155,156,157,158,159,160,161,162,163
0.0,0.8756204193238506,0.8032226629370487,0.7949673582839759,0.7898202135376002,0.8428198113451291,0.8671820140593872,0.8153582881522556,0.877606561811851,0.8000806483155123,0.8931741990505303,0.9042162393589877,0.8932921111712699,0.7753651504703323,0.904873986119935,0.8497196932529599,0.8357047534079811,0.9365193413334968,0.8729581841363724,0.9495239484059851,0.8585193797582852,0.8992498137770043,0.828315480800941,0.890011264808146,0.931126411136995,0.8034671695104845,0.7825414989095585,0.8212483480994333,0.7654252951617785,0.8561423014077464,0.9258687448858861,0.8817581970013522,0.8283733221704237,0.8696245786043466,0.8924513512685921,0.8039065491372169,0.9406928004175142,0.8740942186716378,0.8742566164535158,0.8094919640104155,0.7943039848459439,0.8459651064357664,0.8623736587305515,0.8681015496346094,0.8923166682305819,0.8997978514025999,0.7884101230210924,0.861158839342882,0.9083776322623063,0.8598746967094918,0.8700113799108391,0.829215672135741,0.7809484998793017,0.8464391725536649,0.8239157915933679,0.8024210336756274,0.9186050380210906,0.8476142105599082,0.8054470266753169,0.8652142441539094,0.7959274196293439,0.7245103393316495,0.7938386911179491,0.7083438549636727,0.8416200185012095,0.8514801444813203,0.8581112465859816,0.8837006994906708,0.8256516483031812,0.8526242667335474,0.9089091126268718,0.7972692544876531,0.7987762338766935,0.8713188624262584,0.8539201135033962,0.8916913284218064,0.8124103616900772,0.8000442780951583,0.8464756970842247,0.7101152128863475,0.7595433202007982,0.9068819043100029,0.8770328528628182,0.7884146936287638,0.8396014975361239,0.9086167528426558,0.8095856560692255,0.8487848989693343,0.8546009082414894,0.8670978795935055,0.8719387287421135,0.8648652991157231,0.8392958158736152,0.8783812075924406,0.8484809142851139,0.8995331714943047,0.7239973794920169,0.8143457752375068,0.6928926287928833,0.8471022538860312,0.8248949924219104,0.7573193446661806,0.7793198382444462,0.8137406696474806,0.8206308262594701,0.8509786412322345,0.7706467302811334,0.836969558159818,0.8341675970512057,0.89084641789627,0.8921847769204034,0.8413504502263974,0.8515857324735843,0.8016974608728562,0.8470784477505247,0.8599108224222712,0.8476918640779638,0.8840852442552467,0.7428208521887194,0.7788148938288952,0.8242695215546317,0.7146275061806261,0.8483593656541136,0.9040996630502296,0.7679021670726253,0.8764969536273884,0.7388711758187543,0.874047185242828,0.7968980523247517,0.8251100308821236,0.7866835572228404,0.7714468208283507,0.8012847928327081,0.8887533029735633,0.892435124379604,0.7912962404041327,0.9260967540027709,0.8490345553512293,0.8225105224360714,0.907772434384537,0.7875776983925192,0.8486093970922337,0.9068839214836502,0.752542782672603,0.9035899277503057,0.9267673479241341,0.8874400381752998,0.7968439768929955,0.8853942344217193,0.610063843139455,0.9047391208411952,0.814233904879512,0.8836316249734358,0.7911838200515129,0.8955755598131241,0.9280757288398476,0.8986995062170244,0.8451135485585458,0.7771993802732488,0.7834999320295244,0.7066686894205229,0.880793654324985,0.9130947474023436,0.9441185353922805
0.8756204193238506,0.0,0.8429281316105505,0.80549490439318,0.7584274486703156,0.8186751328029959,0.89952166939375,0.7750587427733151,0.8167143516429672,0.9242842835614237,0.8258160517281888,0.8889417132640469,0.867473364422454,0.8164499947271473,0.8829019893623409,0.8001129791226486,0.8290683736942357,0.8801001183353916,0.7903410982519538,0.8530055872945919,0.8130847728651314,0.914230261512498,0.859031849150186,0.9142828383134383,0.8975708887642044,0.754353143398042,0.8337406142666057,0.805879632073378,0.862882092843939,0.8032322741194706,0.8370831609329136,0.7984403378544582,0.8675023062378262,0.8213898515105319,0.8307648830154766,0.7823389605783383,0.8479662633066162,0.7910894406134372,0.7979046493918551,0.8760066046642114,0.8379601002991381,0.8621740548829975,0.7228310096984302,0.7888417569971838,0.8674637716773534,0.8643231767335595,0.808667241210522,0.7688862640454488,0.8693075836399433,0.7678151100106748,0.7768711775279665,0.7943163355635448,0.7929393848686906,0.8378912371022792,0.7667320729063042,0.8582583064677078,0.8012091026151832,0.7783141813417771,0.8243516246804322,0.8538784479073062,0.74537599688432,0.652273744048929,0.6863225436519236,0.7107268142187676,0.7219175204343226,0.7207463032630654,0.8445086694302071,0.8227097603732492,0.7674046303039896,0.7591049625773192,0.8033182622297592,0.7519710828384695,0.6952937575743703,0.8363076259013439,0.8143738047453585,0.8023524219102716,0.7431665036008971,0.819840508997287,0.749043867893685,0.663970659163417,0.7408007835576131,0.8065229490310981,0.8926162206498135,0.7470393486767983,0.7097932624705159,0.9178139779506232,0.6798334105377127,0.7188360422500839,0.8234506179634775,0.9009138854758896,0.7909214861984805,0.8569997095063608,0.7912717290957711,0.775220023306289,0.8100321370540979,0.9090313811130962,0.6474313335564797,0.8545188490115436,0.6442415944470959,0.8737516797130107,0.7734946843964564,0.6533568341723199,0.6683885440086105,0.8541224940075947,0.6997910601438961,0.8234523046373288,0.7172277588114065,0.902637867114266,0.8884751960397096,0.9194790276564927,0.8241424541344242,0.7154489101784295,0.7693843493889012,0.7461265545864142,0.7797708709227135,0.9059384672543779,0.8198355178119879,0.7982507160971237,0.7559519594436717,0.7967091849572333,0.7654805782313202,0.6385140453084837,0.7872198888484524,0.8657122246534623,0.6838137252913354,0.8779044179494574,0.7239308326015838,0.8476579049658914,0.848793791484336,0.8121450981726387,0.8366376573060239,0.7114607442387945,0.7010421804877688,0.805021692155593,0.8085422703675781,0.7197288776519426,0.8933981609467344,0.8517482328297661,0.8576188893496652,0.8024037369531113,0.7710989057928191,0.7951258616873408,0.929927657208701,0.6970361147297184,0.837327223685693,0.8408889776184495,0.8534937793297871,0.8487354779672981,0.9091714673369645,0.6406316972411968,0.7454357599659117,0.8090701600622539,0.8385492167562134,0.9056876330506349,0.8860825540435173,0.8401995657777348,0.8748527590940635,0.8587719563104783,0.7894703585269023,0.6901297126144605,0.8172327102676672,0.7887513435236724,0.9094084226418032,0.8484640756479497
0.8032226629370487,0.8429281316105505,0.0,0.7833919974058492,0.8503263313558183,0.8979080154223865,0.8023884477529044,0.7968790893271356,0.7135370739769806,0.8331524223449411,0.882253376322486,0.8763373661910328,0.894369975651721,0.6926289063352526,0.8286095546728658,0.9304640229908885,0.8986357043793067,0.8049631821618275,0.7452101785941831,0.7511600085152446,0.9256829149634398,0.9304442819052506,0.7286411073060327,0.8776624032769776,0.8166217968349796,0.8882972365900234,0.7297608561730555,0.7197945422768026,0.8143958047715737,0.8165477616495485,0.7488213703880305,0.827587962068384,0.8360723376441832,0.7328293568702527,0.6826659132927516,0.776008750533364,0.8721708441213021,0.8154267878927521,0.8194191261770232,0.824300957223494,0.8391883180115639,0.8343600032437971,0.8246831981654084,0.8298576059065431,0.8213489625758055,0.8661535100009289,0.8556180897120328,0.8677589485338285,0.7696936732860753,0.7980434370999566,0.8477733521537476,0.8955893681413344,0.6998666937982089,0.8680470073048626,0.7891032532990603,0.7708501311005156,0.8039732259089459,0.9051390743464798,0.6892724231700776,0.788861482486187,0.7792746551139815,0.7457397917106237,0.8419147049543544,0.6280911219761903,0.6875509754971054,0.7694867018736232,0.7827299740458333,0.9170245573483203,0.8114759597725891,0.7973128326279572,0.8788340272022948,0.6398440634676208,0.6699737195157138,0.9049544844340403,0.86193034848237,0.6703314488974073,0.8415598275157871,0.8968283557914999,0.7996120987363375,0.7380098686025617,0.8800670172451289,0.7759195829120168,0.9036029340340633,0.8007819306395817,0.7450026369207847,0.8713841598548665,0.7261752183518477,0.6786919242495029,0.7422672641997952,0.8018705873459886,0.8773348271213491,0.7005877206489872,0.806859210677652,0.7108441522289253,0.7575722383267532,0.8763395185366317,0.680300027167794,0.7518762707241631,0.5687289057735154,0.7773037053970072,0.6761750452050872,0.7493438674358989,0.6677533588185219,0.7778281504461819,0.6962979213525625,0.9305159035387132,0.8376769852858793,0.8175169634571046,0.8694901397795273,0.8875487949755146,0.8294501885810617,0.7306207356458966,0.784643698959283,0.7286604967364224,0.7899701086918334,0.8912223327959442,0.6931894062905272,0.7754750507958332,0.8540212011872572,0.7068208818933441,0.8032943689201633,0.7178241082389136,0.7307905084735329,0.8916834751183479,0.5803029091686346,0.8993096156022843,0.7617215164917986,0.9056451919608871,0.8461141583517781,0.7975370647334137,0.7422906388316014,0.9065873370585972,0.6894849179188058,0.7288980580689897,0.7909511733471999,0.7090371836454147,0.8485914246102025,0.7777618289384399,0.779341432529897,0.7979941778609558,0.7147758390238753,0.8239465067273122,0.7740130186167998,0.7077251874300011,0.87092206754686,0.7813902211486937,0.8836818403008483,0.9215742666388553,0.8377874956293392,0.6636396297866272,0.7015073388702616,0.6920299603241303,0.800228107841124,0.8903858378306743,0.9102681133555325,0.8176863846864324,0.8118122403631962,0.9335422842046533,0.6591773910993945,0.7223448437788359,0.8015547555988294,0.6490009150144798,0.8396194968458336,0.8417175063516554
0.7949673582839759,0.80549490439318,0.7833919974058492,0.0,0.6943463445055159,0.7550899733345334,0.8196774322484338,0.8115482445218728,0.6813984575674651,0.7733046114841751,0.8696918677447855,0.7907425453732106,0.8588343148261632,0.8112639313719967,0.8544075202414244,0.785745015177553,0.8099477211977275,0.8590303562803971,0.7814754731618125,0.7539724327007855,0.7851086638929148,0.8272510339946666,0.7906202107247291,0.8133002195695569,0.7889835855559619,0.8301909189611122,0.8458642164348753,0.8479985404729009,0.793414674118106,0.6842163729835181,0.7725029923655206,0.7717800968486817,0.9535595766206617,0.7979918073713136,0.7670846570556703,0.8355015591402715,0.8258060439803747,0.8305391811922418,0.8190870473572042,0.8666287221413933,0.8588138139176291,0.6739857129227792,0.7697894647644894,0.7833258013274912,0.8675925433692884,0.8604788746628429,0.6499716450268854,0.7775911533697061,0.8181018374039132,0.7873337103833026,0.8540844066544561,0.789265072143952,0.7779804667649798,0.9182761715451249,0.8711001001400104,0.6430331090235056,0.8157107551181322,0.7870901232028505,0.8126120216137473,0.8675267798120332,0.868320328687287,0.6990897633378124,0.7871367767225311,0.6564124760142818,0.7117514111519962,0.8078786678114374,0.889746176834571,0.7597522779037669,0.8334267738687322,0.8289754759252929,0.7874785202415695,0.745514059693197,0.7653335900987559,0.9027720877178086,0.8535369298642498,0.7348657582572844,0.8442097626766613,0.7559329380793084,0.847345879713719,0.6320028325511714,0.6953493382864963,0.792418586011464,0.7391739965022713,0.8390073380078583,0.7824708176056154,0.8184058873110953,0.7475735427808498,0.7952442038081248,0.8129694346287405,0.7362489852465007,0.8179407097260034,0.7353142970274039,0.8087841356320322,0.7857429977599256,0.8669230989441102,0.7943194275813138,0.7181892934866037,0.7053064541745819,0.5914088010091851,0.8966035961516196,0.7923374975536899,0.7679323122119331,0.8120054106668443,0.7719151524993505,0.7929835214114554,0.7817827769927288,0.8136047849624082,0.7473752537984375,0.8472556443313026,0.7482587348110581,0.8295378791538106,0.7664288460407342,0.8203542976449804,0.8123440549270202,0.8931146720917376,0.8165675995123394,0.7211702380228028,0.7474335649867548,0.7902130908630659,0.7809966986251949,0.7249190300598778,0.7942361940368933,0.6790637874222043,0.8168103801961837,0.6110769245676371,0.8773940840571467,0.7575495286900238,0.816794277770735,0.8434650909940801,0.830190391612425,0.6388181541592383,0.7117458912738365,0.8062538085034646,0.7863337203452081,0.7976094493117084,0.6650050439820417,0.718424600629533,0.8374452016093362,0.8610162872974677,0.8018582848803407,0.90128233899519,0.7186563797673716,0.8348962375923596,0.7494163771169765,0.8048609425502915,0.7491729190700034,0.7327297776061761,0.8089105055842283,0.7340864667649556,0.5762674243011455,0.8095334740803464,0.7793753284132288,0.8343392881053361,0.7393854056450875,0.83332392364502,0.8218973094918525,0.8462485750148364,0.7852879177790345,0.8600540589665586,0.7788416816492879,0.7899106291587756,0.6934672132928369,0.7576921496499067,0.8028225246370606
0.7898202135376002,0.7584274486703156,0.8503263313558183,0.6943463445055159,0.0,0.7744603709086132,0.8435979451596163,0.6409737631330378,0.6727450661403135,0.6944037641027784,0.8355136212820046,0.8252747303320402,0.7547755162894342,0.6470311516349339,0.8278804564919438,0.8513672598358849,0.8424155418105828,0.7744754995011324,0.7312855742621056,0.7119373361548584,0.9032369014788098,0.8608912315168392,0.7242514848137409,0.8753236208848083,0.7313663620329034,0.8398492699150126,0.6421446817873199,0.6369096972572211,0.7851314480859384,0.8363874839443243,0.7178669761287708,0.7636449532649091,0.7639258869298314,0.6806525248410884,0.703260474072709,0.745195966692024,0.7972993062178447,0.7672432488710548,0.8233346623597848,0.7883092150814291,0.8414675675952459,0.7855065323074008,0.831663961443889,0.9005289013343644,0.6956690576558009,0.7901751643566435,0.9061521764242385,0.8665995329743339,0.7917827437727744,0.8283586979951711,0.859148202973493,0.8834971514541599,0.7387623066400972,0.8040195997728723,0.763933515950082,0.7002051278039835,0.8212682032310598,0.8384825119087937,0.6704526010911583,0.7520766333848663,0.6292848762326189,0.7255436083581538,0.7973358681714332,0.6426710162072491,0.7609917286270608,0.6987165779617077,0.6643101679235018,0.8659084067696362,0.7104696215313479,0.6700138563834012,0.8535244335420582,0.6745191629300135,0.6053109471838236,0.8019611828758778,0.7065758227037247,0.6763406438474097,0.7699703971757951,0.9364771564387973,0.7212189275631332,0.7984273779990627,0.8266107835939919,0.7518018168323488,0.871167920305404,0.6555436676974976,0.7432608954011936,0.7567036853939131,0.6213474908118691,0.6741559879955176,0.6413509493981274,0.7021967318379787,0.9257497313895089,0.6972391530145602,0.8740828216682831,0.7268786351917124,0.7614113050170264,0.7976527053969518,0.6030997933737909,0.6631953071858271,0.6509913221740132,0.6613832360716129,0.6776280761322613,0.6524753288413973,0.6555605143790473,0.7041954987170815,0.6613908709265641,0.8358403357896267,0.7259810634765258,0.7035689593608668,0.844841168391629,0.8318465683825939,0.8390486403149882,0.7905764706536579,0.6677655962247001,0.6150548594658005,0.7534612950198561,0.8104919421151153,0.6735930336427921,0.8025754156793253,0.7758105936100721,0.6250009539513067,0.9356464925496466,0.6216165684809236,0.7219695622345714,0.8958205134273586,0.6404839107466099,0.819032967191506,0.6913125213223917,0.8165034684246051,0.7353427948553601,0.7706213298846024,0.6487089787416314,0.8146765288840738,0.610627443702035,0.7344264178572509,0.732019128905298,0.8217322647227824,0.843337415399409,0.8090935622788099,0.6914431743987894,0.7950913614799989,0.6441834373299861,0.8132932617552654,0.7447153247502455,0.6762789407168385,0.8625676507660576,0.7635744925921993,0.8725941885187178,0.8324997596176913,0.739982994364389,0.6294814678128066,0.678998853792416,0.7310252315744479,0.7896399220600132,0.8102452023305163,0.8125781884290593,0.7187467916533343,0.7464282045259054,0.8404703696450436,0.6559280126673521,0.7379598011948282,0.699747933568446,0.6885153065955318,0.7627003156639655,0.8937352758065507
0.8428198113451291,0.8186751328029959,0.8979080154223865,0.7550899733345334,0.7744603709086132,0.0,0.7693121642011607,0.8175316670118963,0.763983327941261,0.8112143693596086,0.8540125680622463,0.906780409226608,0.8840184975650173,0.6550023235695084,0.7634312838710607,0.9078619362987912,0.8628535926019222,0.75590079785473,0.8124850873903746,0.7722347574227171,0.8938958083351518,0.8474377715541817,0.7044080433292335,0.8069335175832482,0.8688725145753752,0.8085449243753436,0.6820162797169375,0.7461277243116031,0.7430273095874865,0.8534934128046755,0.7887537624799356,0.9029223065545228,0.7733968509331254,0.795743741876508,0.6909475767273706,0.7327157341864932,0.8883714157568499,0.7751951509882559,0.7952130847137917,0.7288397417557952,0.7360190120342393,0.8821735897889178,0.8008393095647227,0.8186448002184095,0.8043705703150399,0.8247302996022826,0.8126666138025683,0.8467245179212168,0.7550021955847972,0.7515124440418093,0.8334757037568734,0.877460436564331,0.6743825385186105,0.8248683981366401,0.7677783192586163,0.8331287237696723,0.8094606546108627,0.9268481373204097,0.6427706429538097,0.7584361665058347,0.8044082092870475,0.768752656717192,0.8381764235901193,0.5856845083790363,0.6799449217178545,0.7949568719072636,0.7686346364860287,0.8845895444106997,0.7336947188712698,0.8213694000568861,0.8590001584932037,0.6124303454783612,0.7343547285868824,0.8618092194380147,0.8877821405400853,0.7430623851902941,0.8259882769744372,0.8260056297773283,0.774150936306439,0.7850893732983227,0.8986205358621195,0.7964467560593638,0.8850539782536018,0.7934586092224458,0.7948873041019687,0.8412619958650688,0.8089847524033473,0.6925365692599286,0.7964638328465016,0.8218941750103309,0.8350358643655474,0.758371196634941,0.761634375082819,0.7572476970721186,0.7235543234073378,0.8809721868270997,0.7074676129234566,0.8153435744829287,0.5879611548886459,0.7880212524491479,0.6736282461126268,0.7693113951878963,0.6953879235417407,0.7670133170029927,0.7235983365712513,0.8815443639702315,0.8262187970215565,0.824481941253151,0.7659395789910399,0.8849575177634877,0.8648020757875923,0.7118416439811437,0.8756113291336965,0.7671302321477755,0.7580841147328888,0.8567387787032722,0.781062622809602,0.763561213558333,0.8345490763387949,0.7461894190467001,0.7299968316986493,0.7312172664737765,0.792359981574958,0.8845942896017983,0.6153269186948092,0.8662560999424245,0.7910407614207071,0.8718528471555419,0.8148744958048629,0.6949264046685046,0.798694542834072,0.9083465173257103,0.7275354420502673,0.7701184049895567,0.7771207778402093,0.66690063174096,0.8488034358897363,0.6948913253526338,0.6887984897587629,0.793806180961483,0.6968799044218593,0.8586476164958942,0.7879693618120632,0.6994140646286399,0.8401319898345406,0.807985721749424,0.8619463372423496,0.8517755496242203,0.8390633450237869,0.6784111975130744,0.7532247753610772,0.7125365871236707,0.7585654894019306,0.7802838085732455,0.9173357722766984,0.8265400240262777,0.8056134751016226,0.9274679805508727,0.6340053564099885,0.7724922277280117,0.7029449667421492,0.7294033804374004,0.859070830243758,0.8302506995640736
0.8671820140593872,0.89952166939375,0.8023884477529044,0.8196774322484338,0.8435979451596163,0.7693121642011607,0.0,0.7048457173331305,0.7380354960070665,0.8477022971685196,0.8592434939885834,0.8823448670443935,0.8363067021204651,0.7663916546304727,0.9063572924430882,0.8175928487375401,0.8520543274943875,0.8935320628606777,0.8098309114140348,0.7902492651351865,0.8314929446580142,0.8785730598815904,0.9241888671996668,0.9414774486924505,0.8594215768854702,0.7898232617896269,0.8162911532354743,0.8030552155202676,0.8659555844646188,0.843496467894436,0.8014562063570141,0.8105596045199743,0.861234983655828,0.8261563656064601,0.8014008450499339,0.7566314483365735,0.8505917463519419,0.7643712469579462,0.8243097277068494,0.9131845701579231,0.8458910705091428,0.8128567493559624,0.767928445131079,0.8398438179527334,0.8033595335078282,0.8741681720761585,0.821894711101166,0.7983570749268742,0.9503908807544191,0.7840337780458314,0.8493125424464841,0.806340592930206,0.8027607054447086,0.8412779096921922,0.8100027279526303,0.7638928572718462,0.84381217992942,0.7896971913670467,0.829612291811119,0.8581611694310798,0.6966925514658244,0.6507526152246423,0.7025317672588082,0.662150772057469,0.7461022044218155,0.7160224254821576,0.7959744636076462,0.8294216339063963,0.7441242323046395,0.7255193315074171,0.7992716408517498,0.7587201592992133,0.6501920748014551,0.8554874985694076,0.7476740261038595,0.8329889810267377,0.7963382666266413,0.8978913614767181,0.7380147895331566,0.7278218477489068,0.7282764076187355,0.7775113072683816,0.8899144678036403,0.684072426698827,0.7314115620500438,0.8193214272921727,0.6454287664444985,0.7543934460011773,0.7929415311042215,0.7986733291838196,0.8615129878318465,0.8101942358585761,0.8731958519020997,0.8123269429422157,0.81791889573661,0.8570273188992005,0.5917088176705105,0.7446693032782803,0.6327996167690039,0.827831839971621,0.7754289804118659,0.6590115080825605,0.6993356447396049,0.795068795149067,0.6778351540834884,0.8149440708589468,0.7185351010093148,0.8224722864646751,0.9235621632141614,0.8876391360597111,0.888419170633591,0.7450374700607786,0.7222518837188344,0.7064966172274754,0.794627791414248,0.8861907744208907,0.8061272508832292,0.8580298640170919,0.7512342310744883,0.712617817897774,0.8284623850964211,0.6273226930876415,0.7400173670531329,0.9293694027758914,0.6606102884948634,0.8867675953799644,0.6899898504242413,0.8339162690491394,0.7900645448667003,0.8089756855210366,0.7254500496235501,0.6963177397135045,0.6890647955480994,0.7584071610936056,0.7588008608387603,0.7446282471382256,0.8793418024584663,0.884253607372444,0.8166338892741171,0.836052572965427,0.7513703443788322,0.7768619340409305,0.9027146020613974,0.6568360384542974,0.8476429606573476,0.8289810572029637,0.8188680026076708,0.8760682184901538,0.8153236826815905,0.5805294468402283,0.7470368321141304,0.8493818380104416,0.8495775024376431,0.8679133573333586,0.8647268840696994,0.7954127048427364,0.8905420698836286,0.8631481248490157,0.8112846728522892,0.786697997148875,0.7871523699038706,0.7790257567697321,0.8230560696506202,0.8945901478444368
0.8153582881522556,0.7750587427733151,0.7968790893271356,0.8115482445218728,0.6409737631330378,0.8175316670118963,0.7048457173331305,0.0,0.8322996818084913,0.7867680081206675,0.7932456979186983,0.8299549486801919,0.876779842731714,0.7004401008289054,0.7996181254441508,0.8030417456021754,0.7365624346601793,0.8078439042314789,0.7669068278132881,0.7991617914796988,0.7496517957213751,0.8069368880077321,0.7142545807182205,0.7285797156220051,0.8413791204768006,0.7678857497431153,0.8179591236105458,0.7792692692503501,0.6589314544749146,0.757346943551555,0.8669433110113398,0.8190382778951643,0.8132071359975218,0.7935613256992645,0.7105712815476442,0.7755718053113885,0.8668970581272053,0.8315425293273702,0.8001539629987966,0.7096770112769171,0.7083490533198559,0.7319385791549486,0.801120707875016,0.6961413730319136,0.9383278460541721,0.8616301952753184,0.6659340566610994,0.7372061490573555,0.7291295860896123,0.7555850592791146,0.7790743616259795,0.7204791709080843,0.6390302289764491,0.7905542665779253,0.7724816629805902,0.7298328992220535,0.7669943019430806,0.8468192357093377,0.6766143613638861,0.8030166906606172,0.9071259345813057,0.7459858523139368,0.7798202654651349,0.6118979275905023,0.6694303640051111,0.8177547981688165,0.8639219268405762,0.8061197537269397,0.8538281598668483,0.9704240738220787,0.8224264204473322,0.6557727464483801,0.7355293711131894,0.8462189574284503,0.9067883531269423,0.7161832956766284,0.8164605142051188,0.6876247701840669,0.8783927964962703,0.5767301776507694,0.6671932005740375,0.8454944089456894,0.776649715371791,0.8574537111755057,0.7377813614198643,0.8853357748792452,0.9096998941622221,0.8068174241716122,0.8926108241676733,0.8511722794624448,0.7623323166918045,0.7670304358552554,0.7050019987513578,0.7049247104932348,0.7081476065020992,0.8375935211595196,0.8015874943044834,0.7684671587573989,0.5594191265344878,0.8572386265948568,0.7114538833294204,0.888136979544342,0.7749821496046068,0.7910657180648771,0.8184565620828337,0.8294028151497348,0.8221703714862607,0.7707651593028388,0.7400377920574333,0.7335163909744434,0.7407452580261091,0.7162300511877961,0.8196947942241871,0.911375564334318,0.7885268955615244,0.7828471798080975,0.6884408103020432,0.7408005202867288,0.667464779707316,0.7921517208877203,0.6489689351445337,0.8936438444611942,0.6523076464844934,0.7674967324382148,0.5763761349779055,0.8259738881664115,0.7526199029656605,0.8892633649297782,0.7535396464567646,0.7608284883558499,0.7800703120561492,0.77056298848884,0.8320618144578688,0.754370476296456,0.8075348627695313,0.6010905519988624,0.7619905514360045,0.7119997814438422,0.7956117799998479,0.851189421244761,0.7823720131129203,0.7251174826967814,0.7866748104228147,0.74840744756199,0.7629388085566713,0.8123116132701079,0.8013009313881343,0.770195876951165,0.805685380609988,0.5813114885970168,0.8348573030096549,0.6488646459995248,0.7730112099472006,0.749312012133077,0.8509682815062809,0.9184342943682448,0.7849055911355556,0.7974640762795018,0.6651199761598994,0.6901575580209962,0.6602120116686363,0.6536265814922255,0.8648588121599806,0.7371761909556167
0.877606561811851,0.8167143516429672,0.7135370739769806,0.6813984575674651,0.6727450661403135,0.763983327941261,0.7380354960070665,0.8322996818084913,0.0,0.7560741805494215,0.715872165066162,0.8261071984046687,0.7659843974159659,0.6850663654338017,0.811665718950776,0.707427695625809,0.6680750338099869,0.805833877186823,0.7584068471084678,0.8531816513424187,0.7095344015211302,0.8036516564766594,0.7237139954248675,0.7400324583411105,0.8500479438167692,0.6592730408866009,0.7413464146274366,0.6946753675254904,0.632351171667348,0.8081123279730482,0.9235466937706968,0.7536529898904439,0.729629693084206,0.749997907494927,0.8007535699613799,0.7140101709518452,0.8121542604307853,0.7615108259629472,0.7585254275770764,0.665845322690567,0.6715485176332944,0.8280093810354221,0.7334263501191839,0.7004308011708287,0.8326863585762597,0.7757904173239812,0.725563688504608,0.6920225492857083,0.7431393931675044,0.7359438856162246,0.7076427826168079,0.6831028899576678,0.6619131999636918,0.7024697859838624,0.6736471520240295,0.8418335461207959,0.7421355560155518,0.7601566192347968,0.6812776285540891,0.7432233572530189,0.7150488288903459,0.6608752640846357,0.666554770723995,0.6501895633835214,0.735192935441181,0.7059324617943933,0.7660830930179073,0.7908542101616381,0.7385788806203212,0.8218942037687921,0.8055750848230127,0.6856638154926141,0.6925889755934315,0.7218785959398155,0.7617325046334549,0.7601166141846853,0.6727450755606318,0.6672580135586291,0.7366454763648204,0.5657504067529496,0.6303333795753947,0.8932300668044736,0.8144088749173667,0.6881824052576326,0.6800126519425324,0.8700280448077566,0.7798963100302524,0.7690231613432356,0.8026923503602597,0.9118273759007648,0.7334975446890238,0.9018013549162746,0.6790050737031375,0.6977962286998024,0.701581106019106,0.8548456685370903,0.7079130041977013,0.8222498936973974,0.6559624996275087,0.7591961978050286,0.7027984047625797,0.7001880007174469,0.7046514831394957,0.8036408663576556,0.7503160295278162,0.7442651898523299,0.650532837758131,0.7725292126639255,0.698508701270956,0.7640275779260423,0.7151914698731413,0.7120339442756162,0.7302248623924813,0.7642077176845415,0.6880197018060914,0.7543732018878722,0.7263764279939722,0.7488698589347451,0.5930783274741759,0.7725061993946711,0.6761464481697727,0.6988779638576439,0.7038120297887659,0.7483723031377336,0.7027572968293823,0.7373801459645722,0.6750364797268561,0.802990324915817,0.6629802179193989,0.7183227648816775,0.879626389033928,0.679740193969334,0.703149883936496,0.8188326685575171,0.7863672055792419,0.6655061277346781,0.8261158125588929,0.7188222135034775,0.7283458217604311,0.8255531264111586,0.6997009360002883,0.7199696372002922,0.841047514249057,0.7177347846950436,0.7373761703112006,0.8807265725154011,0.8670081673851937,0.6838752277938068,0.8354082804980228,0.5584137878028481,0.8106802275141693,0.6789298279954994,0.7567556310218347,0.7543335082614467,0.7989863048386446,0.8720016700378155,0.7436571808587339,0.7456274723359368,0.6582535917373845,0.615578018722553,0.5990151214696073,0.7670563434138467,0.9304108571958546,0.7749394178369511
0.8000806483155123,0.9242842835614237,0.8331524223449411,0.7733046114841751,0.6944037641027784,0.8112143693596086,0.8477022971685196,0.7867680081206675,0.7560741805494215,0.0,0.7909090067747192,0.8671284975706549,0.86091584783548,0.7398890036447999,0.7974227938229816,0.7982798234320512,0.8031957593078206,0.8198366901430592,0.7602580326399672,0.7730745545126944,0.7571367466761607,0.8373568041519637,0.8562578195481476,0.8305708802970718,0.9125293134555538,0.7171905089526385,0.8444186230991905,0.818828923569527,0.840399863102956,0.7994976017365438,0.781227917297792,0.8068730974127439,0.8011293753616217,0.8154605966615202,0.7253054556527035,0.7072658133281642,0.8265504790793734,0.7275774498202853,0.7306206324683815,0.8175676020077596,0.7410397980606054,0.8330461266919891,0.6933764098675758,0.7120516931172317,0.8390161585114552,0.8252209831372328,0.7616332910268779,0.7244761795991255,0.8330668782318199,0.6796441977222012,0.725342985383141,0.7229234305936717,0.6776165641502653,0.769590464053102,0.7388203114175268,0.8319317286815479,0.7271291276521136,0.7705244589683776,0.7649577879808367,0.7804933872603468,0.7411102092776142,0.6115117015247307,0.6511804559037556,0.6311875325933415,0.620216946637097,0.6774106962431184,0.8021919872213895,0.7886344148243208,0.7639365411910182,0.7716057716865778,0.7257791018830472,0.6661824845747054,0.6436287710851886,0.8090980034387029,0.7985996373515561,0.7749124096429085,0.7411939378103172,0.7900275414371389,0.7121768565841509,0.644564142572442,0.71406283200074,0.7127774867919802,0.8572391230511116,0.734016298320477,0.6546841509298486,0.8463417647199576,0.6848596519170718,0.6877918181116278,0.8494046422979178,0.8461771965383305,0.7333185622968812,0.7763376700922253,0.7336682322603074,0.7017869052861636,0.6979282148656564,0.8800639170779138,0.5957775281160669,0.8300504044092077,0.5538564844812685,0.8481271206521032,0.7031468708941754,0.6700881984631178,0.6459849610562527,0.8609664480781604,0.6420698390879235,0.7986011108444219,0.7105361240651666,0.9241766192277457,0.8271111549315063,0.8699935054329817,0.7773236856036121,0.6301680547473746,0.7409216102742712,0.7698847402213181,0.715545058060272,0.8572286446926084,0.8001147607886098,0.7848998702028209,0.7379262737771036,0.7543662056903071,0.6663807711342277,0.6412137056218513,0.7090134860382812,0.8177062408115185,0.5879120260220789,0.8647719352034227,0.665434023343911,0.8139671577306876,0.8244919465854704,0.7381248792373584,0.8456221317654095,0.6890895244902395,0.6892428488399862,0.6782168472896507,0.7313433014650566,0.6184645382278797,0.8452705781100802,0.7528464085906772,0.8223324449604666,0.7626347246803284,0.7413685406082916,0.7453895611538152,0.8281781349940041,0.6295893613451221,0.7732830612127455,0.7979136853969141,0.7667451950509744,0.8571964225220666,0.9114088776570528,0.6157734522108734,0.690971879729899,0.7597751082886312,0.756788581521852,0.8798679914686756,0.8775213375000729,0.8009383776787063,0.8423568438810858,0.857221207127686,0.719027242286758,0.6857908747899927,0.8192353733678441,0.7105054482105208,0.8570023581518221,0.752357888678974
0.8931741990505303,0.8258160517281888,0.882253376322486,0.8696918677447855,0.8355136212820046,0.8540125680622463,0.8592434939885834,0.7932456979186983,0.715872165066162,0.7909090067747192,0.0,0.8798526398563826,0.9260880002762852,0.7764666173254064,0.8878249945055647,0.9388900194348924,0.9201635469914738,0.8958293085434901,0.8509695777792107,0.8404956751473729,0.9214479170792074,0.9177752902395284,0.7914211415340547,0.899401778088658,0.8580868892062493,0.9023325061204326,0.7748759270055402,0.827066063898605,0.8593901448135081,0.8048740283277138,0.8183391408364866,0.9018777493071912,0.8780823735219354,0.8203083522811403,0.7955451473905382,0.8456635034678808,0.9394610247996891,0.9044965835581642,0.9265322547184128,0.8632306368940101,0.8595717350903572,0.7586503582693274,0.9057390343444605,0.9186326146950295,0.8594032034123178,0.9002005128243394,0.7530096945305319,0.9528501990848937,0.8943615847018429,0.8816683652775381,0.9503596450077623,0.8725812794107803,0.7896960465384847,0.9461605855984047,0.9399262560876626,0.6878891166948383,0.9330269963620822,0.8951268604556752,0.7983725817729687,0.8788302074925916,0.8578029509391243,0.7684770049533558,0.8860392331681756,0.685004927574671,0.7932629288904759,0.8807464247450569,0.8578589075734916,0.8844611570812928,0.8639369376117046,0.8470260116904565,0.9027417984544442,0.7691984043133206,0.7776807884225934,0.9572780224271528,0.8958863771274749,0.802549430314752,0.9328037999604979,0.875305637460951,0.8662853582406905,0.7806299360062119,0.8294082274287004,0.818218999052928,0.8443352900129205,0.8511081864796883,0.8628818302550444,0.8418166844204743,0.7963628710673732,0.8181231315301198,0.7994708150325512,0.7568117730793154,0.9196830775598649,0.7271943318108949,0.9264019755778721,0.873061341268558,0.8750005535972961,0.8592075527926357,0.7328905442861463,0.703780595167448,0.6332885632293597,0.8220820239209908,0.8335963512687469,0.8185511997643583,0.7651095049314373,0.7588868101907267,0.8051574399913219,0.8722122125468544,0.874805803951506,0.7767526935525132,0.8768378866544907,0.867297734771256,0.9357353998744231,0.8434524015113374,0.8604074408346669,0.8135485899359092,0.9017008611708192,0.8523035036317482,0.7654427849159466,0.8964227507586434,0.8537875527997129,0.7243825707171792,0.86656634944435,0.75450824277828,0.7807832489385546,0.9354739604197887,0.6801406601126961,0.9563929841154128,0.7562584182902595,0.8950685510188879,0.8687863079662177,0.8573212947454789,0.6687890717836802,0.8504208755930017,0.8321062626505721,0.8227147926189209,0.8876755589858285,0.792979893875303,0.8487588561464926,0.8557025923482441,0.8320038864919821,0.8903338788057282,0.8188601978715274,0.8829682780188933,0.8247217526762418,0.7707982829229322,0.9567451550435969,0.7967392160968026,0.8295282323547422,0.8816882091961522,0.8159822076180318,0.6428398820940676,0.8490172642959878,0.822024268541863,0.9017581628777285,0.7773633274059795,0.8905050837850619,0.8770391826530021,0.9163762623506683,0.8683448048174119,0.7889451585520784,0.8744092968000278,0.7668615628843394,0.7661184156151287,0.8070303862678251,0.934637013301361
0.9042162393589877,0.8889417132640469,0.8763373661910328,0.7907425453732106,0.8252747303320402,0.906780409226608,0.8823448670443935,0.8299549486801919,0.8261071984046687,0.8671284975706549,0.8798526398563826,0.0,0.8740168824886987,0.6864205776154411,0.8720944131588572,0.8996477109803076,0.8746716316781359,0.8506410876388546,0.908217332863244,0.8492976502618618,0.9064706156935448,0.8970925979545094,0.8393482406405847,0.8852717351149574,0.9413757648589429,0.7959852296339033,0.7673511378585611,0.8019898566470541,0.790749415618456,0.9290973810894192,0.8879078624959446,0.9186078517475306,0.8248571952306146,0.8797273535677513,0.7749362128942557,0.7941984339601003,0.9040759391791303,0.8135306065153991,0.8801623680855135,0.7922998413996991,0.8009761106408588,0.8897956701883011,0.8517931338327062,0.8473519101727054,0.8654879901496145,0.8981503374315059,0.8452582098479876,0.840116057114128,0.8766785165970878,0.8218546366152517,0.877976701344698,0.8493527587069004,0.7374369839371974,0.8593331989614043,0.8252987386987476,0.8227122389338551,0.8775954872804309,0.9320754129636067,0.7305936309880072,0.8473099994951749,0.7718912562038677,0.7299143768791744,0.7940472979304131,0.6463321815521652,0.7490326777928169,0.7851099154198582,0.782620323551493,0.87101577472241,0.7763792644601446,0.8320324501657547,0.8606981322026767,0.6875009483308382,0.6926533689680492,0.8825469306179169,0.8640368194496784,0.8103410123458862,0.8336642489328013,0.8590212087618214,0.8096815874983074,0.7187005862709025,0.7865600078547933,0.8555308974443394,0.9233255545497542,0.7447081568687122,0.8039202611614151,0.8854253501752924,0.769178677662879,0.7745465682485222,0.8517759238843852,0.8525451947415124,0.882477641429118,0.8566018182776679,0.8500004287683206,0.8037684367148168,0.7557169856432808,0.9196766382766206,0.6908430852423835,0.8422476956776352,0.6229765456804099,0.8244592762511221,0.7288383892716033,0.7717340225073654,0.7500185657232569,0.8617054607740454,0.7517419414250237,0.8879057444690157,0.8166334957217791,0.8644471843540902,0.8438935131466394,0.906400551892394,0.9197432199874042,0.7730459915649267,0.782757624138627,0.7885267739532088,0.7880584121946701,0.8800436746060055,0.8347075321045153,0.8856937533877968,0.7762999596887296,0.7333274760187021,0.7852441914625069,0.7148121835834214,0.7718576417744311,0.928980363070348,0.6393955646926928,0.9152116392035854,0.7520173762847212,0.9123781423525277,0.8310254221171718,0.7557892877742243,0.8190172128062306,0.8209019891334418,0.7178711322383228,0.7948686756075202,0.8212501667817386,0.7053159323527749,0.9237183833013302,0.7855080551244598,0.7763362006016615,0.9125584334104486,0.7251022517477663,0.845947972483423,0.8859014113237014,0.7279633991056854,0.8696272644541788,0.8925551588137626,0.9075288192208646,0.8704808128225636,0.9141105344274392,0.6456044034775655,0.8121968045016216,0.7928214212481723,0.8659587022583587,0.8474684728121554,0.9685480119724366,0.8613175074676228,0.8500173391851528,0.9155717684849926,0.689212288962355,0.775882179697114,0.699951956429862,0.7707660733528652,0.9252457663700188,0.8807913899082483
