0,1,2,3,4,5,6,7,8,9,10,11,12,13,14,15,16,17,18,19,20,21,22,23,24,25,26,27,28,29,30,31,32,33,34,35,36,37,38,39,40,41,42,43,44,45,46,47,48,49,50,51,52,53,54,55,56,57,58,59,60,61,62,63,64,65,66,67,68,69,70,71,72,73,74,75,76,77,78,79,80,81,82,83,84,85,86,87,88,89,90,91,92,93,94,95,96,97,98,99,100,101,102,103,104,105,106,107,108,109,110,111,112,113,114,115,116,117,118,119,120,121,122,123,124,125,126,127,128,129,130,131,132,133,134,135,136,137,138,139,140,141,142,143,144,145,146,147,148,149,150,151,152,153,154,155,156,157,158,159,160,161,162,163
0.0,0.6454254863492024,0.5788858314938183,0.42966196458771905,0.37641789045405905,0.7226962423946075,0.4265019548872583,0.5577800453541745,0.5464396126457992,0.5955966344684642,0.4447083869228217,0.39659392625077333,0.7840789992451269,0.6039299449162726,0.5342600832671658,0.5726835020399856,0.5758584034864809,0.5926589533358816,0.5075235752271707,0.7721717386105275,0.4932614965794893,0.5440913292779165,0.37978466200780625,0.4989121319967616,0.5636458420820248,0.4103241365829155,0.3653102130672618,0.6170282579913309,0.5748559569576592,0.4366158027476527,0.5494684561073795,0.6765347387901456,0.5218868036061415,0.42098154227498163,0.6106055096899081,0.4142946473293375,0.5133211718314525,0.518251481902291,0.39999129814464857,0.5192780282896351,0.4637461774330915,0.43493026516553696,0.5316681941923577,0.5319525705685697,0.5458991327836986,0.4916397066257448,0.4654695956591538,0.47813192150470196,0.49644149203270804,0.4808586232987341,0.5105635942933352,0.601255167994504,0.3770457488493442,0.48106061232662306,0.47174437693978466,0.5570894272524344,0.580297132336927,0.42074408055198753,0.59359775201609,0.4793268423281804,0.6259483896845078,0.4577108028144988,0.5456436619301765,0.41346572512610996,0.49614428084812684,0.5259939077287377,0.45321321794312186,0.6610873694477358,0.508490868284603,0.5974426563911011,0.6980114131337324,0.5611624948253614,0.4750387873160243,0.5478045988931973,0.6112768294659635,0.4956284963670336,0.4334563414153941,0.3930656351903482,0.5274739016340875,0.557577262401188,0.6133799828516595,0.4802407115702325,0.6240000849456886,0.7157704141045995,0.46675017839220634,0.6070062682512701,0.4711579019135245,0.48821794950902425,0.5439034520766306,0.4278169874142735,0.42013858370064017,0.44025156430254375,0.4847306899048931,0.5555449773603435,0.4970419580711242,0.5097860561712553,0.4852451718312937,0.4860639723181917,0.4034209396430237,0.5992557725857977,0.5071371232875064,0.4628001532149451,0.38165535692033864,0.4778995826733763,0.542687426412218,0.5594438562789091,0.4810194596172936,0.5118620054583722,0.4771292530644183,0.4831431586051388,0.4126614355312308,0.3869698543030487,0.5770258588568142,0.3904255592475731,0.5302531324897809,0.6009547285847853,0.5872185472874232,0.5050411033502652,0.5280267709541906,0.42576508782263955,0.4694333326965276,0.41856934524486944,0.5044140173715785,0.6318524948762517,0.5441099414322172,0.6169826439167939,0.4365364123523781,0.42971471452970367,0.5434062015882127,0.5378663807108361,0.5536996005934683,0.5702347675402929,0.5039341735895158,0.42561592490212335,0.471897844982882,0.5455152139994781,0.6487136575136114,0.50338771598486,0.47627214004331425,0.4437502291686649,0.5656112822005492,0.503612124079592,0.4800295572518231,0.3929023745229565,0.4346460353864937,0.4172400588804199,0.47442948172414834,0.4750193395884158,0.6106409704806826,0.38813508403272395,0.5309282919512321,0.5087211361857761,0.4005046094494524,0.427768586758891,0.4723730265470264,0.5735742071081102,0.5332553473327627,0.5528010761890508,0.5631641506961172,0.5516252450168222,0.4649513982609319,0.6702044530256479,0.40145462819040645,0.4648436536970602
0.6454254863492024,0.0,0.7476245536373941,0.5222258713278274,0.4235488606374213,0.6413239528813145,0.4950589026873303,0.6928638932078722,0.6023574290047334,0.6167888508410727,0.4727583308751937,0.4656580014010773,0.6214583652169927,0.6023152576965515,0.6349354481444133,0.6154107377031728,0.6777484989326588,0.5590992024003442,0.6157202865733706,0.709102358345987,0.615660341044015,0.6785159561716076,0.42604635818424025,0.611739947463404,0.5785465288905831,0.448256443663282,0.4007411657703155,0.6935464563441042,0.5738517016642033,0.4634583993628466,0.6149897415491142,0.6622349531728305,0.6388092511312871,0.48270081813356597,0.6263420375816294,0.4839802766993175,0.49211055917157875,0.5520274355209492,0.47468924945587554,0.6460857547109797,0.550709332102852,0.4842088363482862,0.5405558467099658,0.5675131731552389,0.6679949613708657,0.512736555320535,0.46722422091008325,0.4631319241186705,0.5479183485723594,0.5476155467438983,0.6091603148492406,0.7000002098584913,0.37542247512231147,0.6161706250195191,0.5395074114960727,0.5728385220390244,0.668296318126921,0.48039917605554233,0.667760425351226,0.5584311354477344,0.6481227076885613,0.4711898658959499,0.5259705446481897,0.4568777830525763,0.5072853070976283,0.49633151815099835,0.4959938702239386,0.5614402181621506,0.5008627644028367,0.6062690460132126,0.726088941766177,0.5532591122343531,0.5035590943294794,0.7057152176069927,0.633831672718651,0.4243248378408081,0.504115354318145,0.4309041718649476,0.5390082863940994,0.47064766092661964,0.5135858630438762,0.6013877010652733,0.6412666346453998,0.5587238013494874,0.5342953491307584,0.7430055312042891,0.4655813953018659,0.5068594971300597,0.5208168096442506,0.4753401869626022,0.4712142122780899,0.51343108882461,0.5359794839707203,0.518840125199769,0.5812133059792387,0.5171838707454165,0.5296636356400537,0.5555647920802956,0.4364740457758597,0.7282460746488879,0.505806284702239,0.5351396859237011,0.4221017989510814,0.5182131906230165,0.5823648739746621,0.6174339382686865,0.5536318928604546,0.551339735417912,0.5104667118192872,0.5048672012325605,0.4764022709871939,0.43353457567388504,0.5388060735722626,0.4224905150231329,0.5057835297328936,0.765589169685503,0.5258932806045785,0.5397512303072469,0.5838532363214863,0.4516372887921728,0.536714940541148,0.45644336472733843,0.4977540548712056,0.6987607765674576,0.5037702625587125,0.6288587523232819,0.5174422070366177,0.5054908565864601,0.6389779440102712,0.5365858066578739,0.5654866086930355,0.6746261236733581,0.4783992675182537,0.480536725042606,0.5209766065883098,0.47088668514447957,0.5305258459963612,0.5673039157474811,0.5456846372012945,0.49955574193279606,0.48467854706909236,0.5272317429733613,0.6033396135434855,0.45104274688241036,0.4595869428756789,0.45462826053247335,0.5854622169623176,0.471497487198146,0.6227642130231726,0.4239397475047949,0.5875926478597794,0.47339794710926536,0.480082391890897,0.5067587043507079,0.5474143442847463,0.5940911940377394,0.5122338270634461,0.6245926903547783,0.55850443494081,0.5680116830288172,0.4240215539097373,0.5706408931359693,0.4403256915019799,0.5083465306226436
0.5788858314938183,0.7476245536373941,0.0,0.5914179869070864,0.47926895438844247,0.561639756202172,0.5447644143807072,0.7623884266055201,0.6704420383932052,0.6274756638384479,0.5057249360236621,0.5146546476836904,0.5575492433639816,0.633154153605954,0.6099532998100019,0.691868444860575,0.7962940866619221,0.5426664267161286,0.631931691399344,0.6273607060361531,0.6875956627199998,0.7523407149194538,0.4759931189788047,0.5950242904599058,0.5961697664209359,0.4816144536904952,0.4472798639831949,0.7620784926019706,0.5899285924913733,0.5127615071303037,0.626018292220439,0.6461925257184707,0.6307987972283833,0.5215436058890964,0.647614459701498,0.5488088461792199,0.48620330612028023,0.6208226434271836,0.5192359108537979,0.7067659953006072,0.57505094336671,0.538430926168968,0.542866077514124,0.5763395557737734,0.7008389076156104,0.4865197768725307,0.4581746828022216,0.4557272257030846,0.6030117744243824,0.5771232210314846,0.6452006457274443,0.6474596336313873,0.35968903572033206,0.6454621038004288,0.5999157568650153,0.5703808658168993,0.6570808738971236,0.5565333393639068,0.672289411956996,0.5797718894361282,0.570269724994588,0.4768189058922925,0.49532848686893305,0.5193208761010104,0.47578504779663694,0.44938586854828505,0.5083178381620607,0.5186022181134916,0.5399323973060254,0.6503245163556727,0.6487072384933407,0.5627844401835976,0.5395897248772042,0.8037283024948376,0.624495251625935,0.39032305454469013,0.5608186344655445,0.47104880250789516,0.5192960987906998,0.4415388675129016,0.46364918227869506,0.6669013857254,0.6164515272609369,0.5176401004223153,0.6074755122997907,0.7912384182621554,0.47356680649575045,0.5302792560816586,0.4968728078178571,0.48875556067214293,0.54308187978462,0.5642986021876399,0.5765603729349988,0.46262509262921053,0.6714558756272939,0.5215715209709567,0.49287239122777066,0.6027255123902979,0.48574782641017467,0.6757153725633628,0.5103227205155754,0.5909130018033268,0.4634990151959928,0.548456549506433,0.6070643641692107,0.6123272235099481,0.557170912910986,0.6081031808423125,0.49795342830843403,0.4841691507692188,0.5106284730566326,0.48616895816617206,0.5107881425548486,0.47447781152316176,0.4765699891866203,0.8515447218674393,0.48540230856444344,0.5957969281505874,0.6110337969302444,0.5033501672710011,0.6134537930345253,0.5006413027591408,0.49085129207422085,0.6465797614961638,0.497441777730783,0.5933563424658047,0.5881510383416448,0.5537107363688895,0.7057964560654677,0.5261541525023156,0.6109511968680871,0.7557177893161572,0.48025572323362037,0.5252997917590861,0.5161781259465882,0.4270043100967773,0.47908561819359785,0.6021538300185932,0.6079941718101379,0.5431553316721462,0.4433127189229053,0.5797163854917375,0.6815552776680746,0.5130268117637744,0.4854930746221123,0.4975190389793792,0.6579864028548109,0.45033926955723214,0.644022710994586,0.4833235350716983,0.6056352960863312,0.45281627823023757,0.5473722346847919,0.551655705777638,0.6038232628659601,0.5724237602033361,0.47533799159876583,0.6384004275123824,0.5465517837683567,0.6076892641354427,0.3978578081197638,0.551071153336754,0.48152148485395185,0.5478418322103711
0.42966196458771905,0.5222258713278274,0.5914179869070864,0.0,0.5826774801563304,0.4287013235991261,0.6616947715748293,0.5755999276404485,0.5464497200273738,0.49924808576127794,0.5337650531618765,0.6615580474963364,0.4273576168075902,0.5172510181869199,0.49745172783140235,0.5731325960661672,0.5646697005613919,0.4154375680512161,0.5240374362560705,0.46166108268365813,0.6785802807853321,0.6061004233904117,0.5643787897751583,0.5736101687997442,0.5275352203497359,0.57290462476964,0.5052617081477145,0.5381380587723545,0.5105417100929679,0.4699292773342427,0.5466146280125291,0.4833143195281496,0.5228792244179522,0.6448846299172107,0.5426513419654668,0.6754826121665904,0.45017477198946854,0.5618855909726622,0.7325911288027672,0.6473492617530879,0.5201232931039361,0.5765527079308267,0.4523096949302149,0.5590709267144505,0.6166905153243241,0.39818175714044163,0.38138508119784753,0.43778729451971515,0.6097327236700428,0.4901851115025973,0.5554529843033096,0.4854526913041224,0.3058389119961518,0.6428258061761021,0.689659733783701,0.49578779376338344,0.49902201504733973,0.6402760494223885,0.5184140666025979,0.4921058746673692,0.4578648296746145,0.4112749338769768,0.3895514428897191,0.6207402407365799,0.38782173427037553,0.3626117111990036,0.5474896355833557,0.4188149475249184,0.4498843447061635,0.5255780250962405,0.48986040772553174,0.4772754236161646,0.548075812951381,0.6353390350070195,0.45303815082348253,0.3213439723977132,0.7542817399354691,0.5528293004122862,0.4282829785724972,0.38356804813364165,0.3678961401709983,0.6516467141002652,0.4771465087524819,0.4049833526600357,0.6664656285652648,0.5656638169262297,0.4635496284198157,0.4646761673951543,0.39749922560768636,0.5250318333193875,0.6004847989364142,0.6183842885848044,0.5042966014448439,0.3692971913958331,0.6967755900440376,0.48903997846436553,0.41043366279820653,0.6191585849660592,0.566331708375281,0.5142523308146651,0.49524399779019523,0.6475558068832254,0.554860894164686,0.5062483973190949,0.48873732258036473,0.48252741829821943,0.4771811444055587,0.5690203611108067,0.41883727096448214,0.45617512673489696,0.6422593960933798,0.6231157674626764,0.44369691293173047,0.5533883359263385,0.383463962448295,0.5520034628537115,0.3801536861670885,0.563124141370692,0.5773288715732604,0.544815480607375,0.6863844561655857,0.5253712299049198,0.45698267317460955,0.5057156471023624,0.4506426751853014,0.48541136288543635,0.6175103470059898,0.6593153339027058,0.6406930848771607,0.4384007831512386,0.4826050948325383,0.5722319715111516,0.4517492568717644,0.6274739843371429,0.5176276973953144,0.3462521894549083,0.3785610695785292,0.5715238295315718,0.6430496969120293,0.5409680467538687,0.36016262575197516,0.5687232271227668,0.6508992246653955,0.6619960707119431,0.5368701285483232,0.5588060021161085,0.670740597179487,0.3745709211977612,0.5157175928281066,0.5738040360507296,0.5871610508350078,0.3692456681556074,0.6287633916224205,0.5557331127893651,0.6532477020162486,0.5090340329858722,0.4116059636189272,0.5645971082404669,0.4917586080157593,0.5460593197885724,0.3305662310971106,0.4521654001239084,0.5472074268131198,0.579949469653258
0.37641789045405905,0.4235488606374213,0.47926895438844247,0.5826774801563304,0.0,0.361832715701075,0.6474760505097649,0.4950116016498589,0.5211452830183231,0.46303237966998834,0.46439152682826373,0.6136476666172087,0.36954396194366784,0.46278758071195525,0.4333943432075357,0.5122294323811202,0.47326384560741536,0.383794524098283,0.4307550644861414,0.38771040263569534,0.5042794588995783,0.4739699087987261,0.7544314839085874,0.4309314792838454,0.4754700421934767,0.5446552948816621,0.6628242970651224,0.44584608199460374,0.45977757471346986,0.5463999220608986,0.494234079210018,0.4287050940933408,0.43927705185118104,0.5479130602213739,0.4664526773980122,0.6535294609283712,0.40878226908893406,0.5466915411906887,0.5880317032448799,0.5055557614936147,0.4542135227444133,0.5413782045540325,0.4267398180495329,0.46596168032201485,0.49967296919694537,0.3611127990659499,0.3711193536587574,0.38220100154963976,0.5691430507557658,0.4413667549712211,0.47257636421935906,0.4002141062578165,0.28113680638184674,0.45776259956728743,0.5815528780419164,0.44781945614964597,0.4200022236374512,0.7261864935326506,0.44311387621074233,0.4377727812080469,0.36624589136747154,0.3959928736370499,0.3453948605079531,0.7167895692767519,0.34272436369827103,0.3168300285362374,0.4510272312320199,0.3811009723987867,0.4558416233163395,0.48790784180824975,0.4154880024190106,0.447761846768218,0.45929622968185757,0.4896608641616183,0.39367222807321745,0.29707398650595207,0.5920712811402691,0.6436347144530128,0.3894376364356229,0.3436040240508898,0.3269030444177416,0.516854090768515,0.4387582696424227,0.3607805265611433,0.5811208910498813,0.47871765195590915,0.41975011811987656,0.46061567367839457,0.37124988897155775,0.4659351166401118,0.7284618826760064,0.6046830579558871,0.4792161548379004,0.31792719555980103,0.5621690257369601,0.45928027140876243,0.344949814961734,0.5438945035373401,0.6701630797719192,0.4270862880184857,0.4468815044888075,0.5762196915989941,0.6469269091673236,0.5122212754584395,0.4429938816226146,0.434329429613445,0.4112141768237352,0.5232968460184518,0.3851843900222892,0.37733025004142795,0.5039240155699803,0.717769027324981,0.37306328293654767,0.6993769292788579,0.34715695251041856,0.46030600116682485,0.343280663122273,0.5651539796489086,0.4476658001486153,0.6199326493823147,0.6256909327030196,0.5865247046551996,0.38640080824085665,0.43352953706944175,0.39892026231329225,0.42686895009003445,0.5512528567343588,0.6227753590345053,0.5072206335029047,0.40860094590569696,0.4824226544164473,0.4696434323942239,0.40704063056574125,0.5207222910868419,0.40649811705576894,0.3102754358883955,0.3467687584668889,0.5183748869884057,0.5656603348218388,0.5558047496917656,0.32577942254764203,0.5356304531028645,0.5267196514172978,0.6817712821474149,0.502498105507698,0.6231904583704249,0.5661340364206551,0.35011413243843564,0.4738156683536331,0.6760362935111426,0.4751636927487818,0.3451420889437989,0.5274916223801299,0.5573860700739668,0.5834950245114456,0.4311892082312331,0.34479694823060836,0.4860507248131283,0.4190277719981365,0.49556829994326873,0.3074287574363203,0.40724781673556304,0.6239605224945108,0.49242748604716624
0.7226962423946075,0.6413239528813145,0.561639756202172,0.4287013235991261,0.361832715701075,0.0,0.411592641457119,0.5296244087840201,0.5163800137328866,0.5261187633584055,0.4471245344250837,0.3991290985320482,0.6856280837879973,0.5320042528839802,0.4949407365322992,0.5296635540335705,0.5448412692531398,0.5066596660203719,0.5179880566841554,0.7642611368567616,0.5038271067764424,0.5492991821754138,0.36177532817383845,0.5257334558920586,0.5359805809925012,0.39957611565114387,0.3444622860765553,0.5868567452042218,0.5129804478212254,0.4014116473545979,0.5161466317718639,0.6019253825648694,0.4912706886296466,0.42442026163566926,0.5709171199570876,0.40104055774830105,0.49702907308391603,0.4710855760411982,0.4026741671914276,0.4936958894224832,0.4407142531504193,0.43906293073881975,0.4747619857935756,0.526639626686553,0.5258303476137811,0.45569647332994123,0.4210840240385893,0.486073704178096,0.4655655156831347,0.45454384991389574,0.4892311624269346,0.5977862977097834,0.3642893080438898,0.5011275263374462,0.45352848403395035,0.5481535112369469,0.5576930255791626,0.407987275677396,0.5410691061705727,0.4526314051604185,0.7265114810555343,0.4211779781343778,0.5130372567120834,0.3950414740886456,0.47945503399482126,0.5150616752573508,0.46308973242087353,0.5741882469089135,0.44210815561915107,0.5354004729598241,0.6465260968989208,0.4891247924954353,0.4887350335316925,0.537071252008986,0.5737385130333208,0.45266554151189775,0.43162630073685326,0.37577487893839795,0.4779429558258342,0.5417124280069858,0.571382473895351,0.48393879275529533,0.5521881821407182,0.596552831836754,0.4557386912617389,0.5665194155548202,0.47579968109300047,0.4390339330880933,0.4811324739306592,0.43668735351446814,0.39733010187431433,0.4277422420307448,0.44371020668068006,0.557406450164833,0.4826798634025423,0.48298249744686866,0.5053063507246692,0.4804389547229395,0.3872500362835889,0.5677389826244865,0.4798422041160445,0.4496090188450443,0.36771220417316025,0.4381200197269603,0.4981438705200351,0.508556888866538,0.46895122034563347,0.4906317199673229,0.43688292120946226,0.5255021087033368,0.4277316752019758,0.3771474053097629,0.6209237484443427,0.3749163638631853,0.476583596748256,0.5677838863585063,0.5327732815196182,0.463393647245168,0.5510878042237851,0.4031526974621192,0.4467873051406375,0.3915560226455888,0.5369394106461085,0.5816264879755173,0.5408744651268181,0.5498588373457673,0.4280262465669092,0.4181497306584545,0.5262027038294089,0.4691854748126983,0.5001263051157214,0.5698725320002064,0.48861701068769486,0.43620171537984714,0.5116058007765096,0.5045317068576312,0.5572223223066178,0.46018581306066914,0.44828429683729015,0.41622648667535617,0.4993219785286359,0.48059372518588234,0.47444439087518164,0.3873750062880819,0.42638750233817463,0.40109839784294105,0.47207345203015455,0.432313993472361,0.5482025008270519,0.37793728627756656,0.5378749498492902,0.45518494162329093,0.4028575396116099,0.4049743788762922,0.4592020844197981,0.5705718095436006,0.5700500373770406,0.5334764795335145,0.5282145598559104,0.5084462268059744,0.42122693121627147,0.5996798993838854,0.3846967908127354,0.4695515821411119
0.4265019548872583,0.4950589026873303,0.5447644143807072,0.6616947715748293,0.6474760505097649,0.411592641457119,0.0,0.5759934083400944,0.5772393305209801,0.546236365303533,0.5095819172380367,0.6561168451389024,0.42575710479008455,0.5317241997134867,0.5025118445490138,0.590110151365392,0.5184482510205882,0.4192870757645663,0.4678910334067575,0.44045267189577353,0.5704336663822428,0.5373538578210323,0.6840956211864411,0.5192007401711694,0.5717934807965566,0.6529837500751089,0.5831792140674252,0.49445457116859376,0.5435528123017896,0.5289243611645085,0.6063955516173435,0.48790341493563244,0.5075649176467824,0.6520929550114036,0.5461359312729755,0.6593967507754102,0.482766070414402,0.6032754117326732,0.6572138269059592,0.6193093492453761,0.4979510747107217,0.5671479767474108,0.4732803387116421,0.5675412563086019,0.6306489332911264,0.3984437880875609,0.40138516208722913,0.4415342239297581,0.708859833670202,0.4662364845024823,0.5279279714739118,0.45007082389766256,0.29590182672927806,0.5215391557201146,0.7097786192012104,0.5366655312456704,0.46583549765759574,0.6602514239644409,0.5048955458841181,0.4726524781968232,0.4216339588768173,0.4209598589258317,0.37450396333546365,0.6729563483543938,0.37241074164477933,0.35048666656743754,0.5442442068864427,0.44578703476946063,0.47373716077624745,0.5616583594156549,0.48719670103871304,0.5107434700261989,0.5041805857847604,0.5693527523906217,0.42540308258785847,0.32893989603719154,0.7082542457324054,0.7154778806474198,0.4364949197055918,0.3952793151707851,0.36579697897143176,0.5766185686284031,0.5173845777597649,0.40798995312725234,0.63646668523158,0.5641441865726551,0.47970972286879754,0.4980645767397652,0.41204273898472515,0.5604480444945286,0.6497726006599441,0.6968342882865524,0.5095340667848124,0.3529043058765989,0.6395659972160092,0.5617347376642282,0.37739074443843723,0.6690694488535189,0.6443971221898462,0.5013187485663047,0.5395867900344727,0.6833449908410202,0.6448859628109601,0.5848076847075944,0.4798616997226367,0.4948652346504372,0.4488120823685696,0.6057356553574489,0.4257662019163755,0.4407555999265603,0.5690035960634248,0.6600187178966921,0.4301366820218918,0.627049681592392,0.3818222189472746,0.5242221533237946,0.37900814422775675,0.6461368228005824,0.5147488201529133,0.6359144844565058,0.7142539514828609,0.6107521619329819,0.4401317715101912,0.518908780115763,0.45504012450705,0.5146347715330707,0.563339923981786,0.8664413048392829,0.6087246474326289,0.46345952083099673,0.5227551353291521,0.5193125004232862,0.46973702612289203,0.563160341767741,0.46917238783283066,0.34428337398261916,0.3957587768343959,0.6368986671592577,0.6962900988803967,0.6018817775052633,0.3663924681215614,0.6068158729715573,0.5864542695703656,0.6159522013454338,0.5926321416870725,0.702431823950314,0.6534671866950261,0.38542381480714716,0.5557376236041958,0.5765326417478642,0.5704662804553983,0.3748684140358309,0.5083234626347441,0.6297936950714369,0.7392323548047447,0.5271600044983742,0.3952800922458586,0.6145905199132724,0.5007850739362756,0.576402777226663,0.3378013807411596,0.46920010714635585,0.6596618350830243,0.5520985273850264
0.5577800453541745,0.6928638932078722,0.7623884266055201,0.5755999276404485,0.4950116016498589,0.5296244087840201,0.5759934083400944,0.0,0.6844566568720116,0.6875931061268679,0.46775885111289744,0.5229145127875727,0.5310328567537438,0.6149466090153967,0.6789172805406466,0.6813965303072401,0.7269180875630409,0.5625627082884423,0.6296139450363728,0.5841590629130542,0.6638355737930994,0.6311217180961193,0.5026776112092192,0.5515552001812547,0.601967902130674,0.48700601196697907,0.45925741735812103,0.6509960533135191,0.5851615276845951,0.5612738400193419,0.7174236809553545,0.6824713264051137,0.6773649227281985,0.5270451224709289,0.6148485807185678,0.5804884586993553,0.4780078329583171,0.6558989711361392,0.5266664986768373,0.6955573955724917,0.6267932312170639,0.5146374656123955,0.6114759807392622,0.5679059830117341,0.7374986706419431,0.5250073283598159,0.5080188271750526,0.436035015274511,0.6283917586661927,0.6167040913166063,0.7107551823514471,0.6384665281007696,0.3662591331417958,0.6019097553560885,0.6173199198031004,0.5763038662601953,0.6659906289670138,0.5750019195472865,0.704099309882299,0.6286753026931287,0.5214526962435442,0.5257944599272459,0.5012072247296482,0.531978831135922,0.49043189236880447,0.45457845735543173,0.48720144883793576,0.5331950783544739,0.5656877738323415,0.6630527799176,0.6633932181924411,0.6083559554381635,0.49653274939071634,0.7621332878548465,0.5990429220713183,0.4033429394107973,0.5554965957876067,0.4934981340586059,0.5723324037624534,0.43803218794898124,0.4694720903703037,0.6846015262210553,0.6752022036431404,0.5134308850626158,0.6330870355273781,0.8306445834470808,0.45937043373764275,0.5980705984453034,0.5411116564691391,0.4830957421024659,0.5714163720860405,0.6327258918946989,0.637253360224571,0.4577956854277058,0.6649513864366157,0.5371794713857239,0.4912624498489089,0.6357332743978347,0.5049761530329798,0.7226285336321429,0.5135508957229474,0.6494318973368782,0.49886397391600107,0.6411173783496871,0.657388321237074,0.7039234418889663,0.5969031872415692,0.5944973601850176,0.545579603282395,0.45528596197374804,0.494058481518298,0.501843773745472,0.4780449728970612,0.48520543428855223,0.49706495308559306,0.7499828865257955,0.504030547526596,0.6434576380335283,0.5531539287992665,0.5142688241159004,0.6281039130150213,0.5569756711192466,0.4596552814118729,0.7075739864999574,0.47648556462404484,0.6375361076591395,0.6220245669889831,0.5912241378590007,0.7054180830894873,0.5718097991298459,0.6487256950575128,0.7087452974938266,0.46398713373715866,0.4972547691600054,0.47842002374930126,0.43206104897899644,0.49611624417994843,0.6527064164603976,0.6090928654348485,0.6269160573604642,0.4523348098363359,0.5788861157341125,0.7185922306022623,0.5218914231608242,0.4857929481185116,0.5244896208673275,0.681895328603735,0.48757462365160653,0.692537966503107,0.48284783231186795,0.5879809836602177,0.47870426283052286,0.5197489016045558,0.6212300859277957,0.6542356728236867,0.5622559589572755,0.43731552131892115,0.6663998153173233,0.5230586015013432,0.6316644272435515,0.41522009954716627,0.5515505376113111,0.5245756088862645,0.50979204344849
0.5464396126457992,0.6023574290047334,0.6704420383932052,0.5464497200273738,0.5211452830183231,0.5163800137328866,0.5772393305209801,0.6844566568720116,0.0,0.6507043714523209,0.5204326304756843,0.5406283848844325,0.5200912748285484,0.6198464545410319,0.5392783652168184,0.7293055905401202,0.6325427557686415,0.5029451283026156,0.5357640891419925,0.5555861456216944,0.5974289477930015,0.6361783181494665,0.5133646202139366,0.5279257752402717,0.667626141552854,0.5082329838203098,0.48260736397585957,0.6180824588964713,0.5949855552798021,0.596169169803848,0.6705693156367306,0.6164178993695383,0.5298615883834611,0.5386442165656332,0.6572424474764876,0.5421671636756754,0.5215792890945447,0.6594685732537588,0.5157690917715834,0.5965728356041239,0.5008132008542052,0.6016631102297135,0.5277595597052653,0.5849536747699391,0.6475341066602743,0.4408663222350545,0.44930801718327046,0.46696223078191945,0.656032383776896,0.5113772676931654,0.5631262346126681,0.5294633389270346,0.329132236597851,0.5289418772038611,0.5987465946127253,0.6469423863185256,0.5479733736272396,0.6072041397445159,0.5744128911325546,0.5058440237796612,0.490697333841525,0.45842714785006505,0.44047441180152574,0.5576626681245875,0.42439007971131354,0.40257283410062433,0.512099898455993,0.5286583711304865,0.5495731073187453,0.7224730757449697,0.5887662691665785,0.5603174948437164,0.5448802358415796,0.6248214125868242,0.530826750859498,0.37719402234097504,0.56414484052445,0.5213807917747609,0.47927891672633005,0.4478751333134192,0.43272695489225516,0.6032227502244861,0.6431210443923348,0.4882867647171705,0.609051368534717,0.6938665057817519,0.5135897481089032,0.5342296274538747,0.47517041320530784,0.5248796302716657,0.5829801762456097,0.5999662083190705,0.5425358706826569,0.41049844132060864,0.6400205401659828,0.5865850093140582,0.42531379858353935,0.6525015548781855,0.542216366975422,0.5643786401923475,0.536514584577361,0.6007078873983533,0.49582183680783976,0.5830836283916899,0.5551845408489311,0.5602852631065727,0.4826921322017961,0.6836323416753165,0.45403426585454326,0.4752269288231476,0.5079405851168062,0.5167499021576061,0.4968207570460031,0.532996948642824,0.43296331061430826,0.652290705644765,0.450881423867056,0.6777452695804754,0.560546094622769,0.5788387457018981,0.6325201173873277,0.5347646777419957,0.4904975414299126,0.5971956374848876,0.520668882936692,0.5694056801674746,0.5509765724866317,0.584411714539369,0.6347871440737561,0.5015812778141442,0.7432943949564312,0.64363681675804,0.5047343088143638,0.5393728198681526,0.48924953648675207,0.3978910193409732,0.47407848671637226,0.5866476709913996,0.5999577044682539,0.5620413892930228,0.41749809306231955,0.6570933856502613,0.6031961130743789,0.5263337488274168,0.5279343275494228,0.5706008803649237,0.6716249552813872,0.4243841273937827,0.6971934998303386,0.5245750479203014,0.6070735065639477,0.4298727585435385,0.5012638095856828,0.5511152704686734,0.6408618072872379,0.5835239039493089,0.4485765154065265,0.6668430593999569,0.5293938073029301,0.6312706095462493,0.3767831846913447,0.5735105943485478,0.5284487593144764,0.5704730508563615
0.5955966344684642,0.6167888508410727,0.6274756638384479,0.49924808576127794,0.46303237966998834,0.5261187633584055,0.546236365303533,0.6875931061268679,0.6507043714523209,0.0,0.4634363895468426,0.4629864428429479,0.5858632629029384,0.707802364097128,0.6193173476974793,0.698099058725557,0.6126169036589262,0.5936912125863891,0.5059097992414158,0.568706931187591,0.534433727938906,0.5542457941986376,0.4833312118863712,0.5017669755720834,0.6549182281150148,0.4937254749862927,0.45941057496432697,0.5952430071642342,0.6976751922875326,0.5604221753559793,0.7133358946126096,0.7017550848189831,0.599199567186957,0.48584354324045476,0.6408656962461162,0.5072451597355833,0.5349426908620243,0.6812155223749539,0.4629318666969839,0.6289465509469235,0.5360591978810236,0.4816521527644407,0.6288995186981454,0.5756964910638859,0.6671346092575203,0.5088932787452772,0.5225234521830807,0.4610180688752284,0.6448977976212094,0.5275291957869932,0.5841422572654646,0.5552496873569044,0.35357154340562286,0.49668123338935605,0.5813403304646348,0.6191767141032121,0.5697152029996556,0.5138311103499406,0.6551885966532812,0.5384742312015007,0.50129278441052,0.5175658902076414,0.4834908906353133,0.5084297599973224,0.4591439998287451,0.4468826317032529,0.486418116154334,0.6488376885219659,0.6225820383432682,0.7649753575410838,0.6664435674451373,0.7116932789246255,0.47909711928754345,0.6104624189277197,0.5491912739122383,0.4397794748364609,0.5106488718387006,0.502244971496198,0.5763091014038139,0.49467065848787256,0.4971292945431786,0.5371038038789642,0.8252415366336344,0.583534489548516,0.5558717800438021,0.7197446274716442,0.4832587925395708,0.618803172862456,0.5790804689001716,0.4767282984770378,0.5305709208007102,0.5571041765228577,0.5881075300348225,0.44730974759665526,0.5874899195826683,0.6137666672296768,0.43780432397180546,0.5884582247108185,0.49565176868016153,0.6481078653971685,0.5764638915376173,0.5786059248848582,0.4778470842936296,0.6649432982457246,0.6011132759110732,0.6701565164834119,0.5106324653281343,0.6054408392879211,0.5348584086457482,0.451703404761686,0.44784081728343683,0.4673165193345875,0.49568651771210065,0.4802757367075984,0.5092334080217925,0.6458060933944485,0.5177655549791421,0.6719899637288508,0.5204257708875829,0.5344406222654619,0.5823511145156421,0.5551326388838964,0.46312910157627185,0.7238230074440276,0.5107359056575398,0.7506345775428123,0.5123605323296953,0.5474484757622096,0.6339497723714995,0.6458743249653353,0.6988588688585341,0.5877245157884123,0.5135017331674055,0.4591065190503806,0.45088070817705533,0.454285632035234,0.5679163692207325,0.6792432716763194,0.6003633085642455,0.5798082195017266,0.5035087713532889,0.5977584732067678,0.5559340538603127,0.4628641959781167,0.5026251527489474,0.5242659579031943,0.5590729981126275,0.5066782111770868,0.7949125511744067,0.4562898220310764,0.5616945103725085,0.5030797046524748,0.4345324744151846,0.5635386045947389,0.599328278862355,0.5955239027329536,0.44898978279047336,0.6896024435396125,0.5805984228102526,0.684727226536073,0.44809661857210265,0.6348224494898301,0.5156953379513084,0.49249861264905925
0.4447083869228217,0.4727583308751937,0.5057249360236621,0.5337650531618765,0.46439152682826373,0.4471245344250837,0.5095819172380367,0.46775885111289744,0.5204326304756843,0.4634363895468426,0.0,0.5154786435136035,0.4574711837817557,0.5178585357230415,0.40344361724494454,0.5581135375938812,0.47974343353592724,0.378538721423498,0.4208625375007963,0.46638929748882396,0.5075053310671905,0.5701563520644211,0.45357965549149004,0.552775566756193,0.5738705418579156,0.5726423021606369,0.4438697534390605,0.5126366554455184,0.5270506418292319,0.4113315396824029,0.47798986768545576,0.44663647196490236,0.41142738751685276,0.5662342759357392,0.5864098482219859,0.45646198320754877,0.5672875126783045,0.4965794603356601,0.5040853823015266,0.5087881611298269,0.3888839012732933,0.6415549754065083,0.3881457897228879,0.5938120903540051,0.5194896473648398,0.3389293837026853,0.33121545162067634,0.5905894589232756,0.555421381006033,0.384450229487291,0.4241467275610442,0.4182975012253727,0.27146773992656215,0.483823888871532,0.5397216962499793,0.5456769391162722,0.4190755937466927,0.4976568431909713,0.4368689874254575,0.3815320167539493,0.46877749522905093,0.34440548409779814,0.35009623914866944,0.5139097713023636,0.33683900535515376,0.33373838098992503,0.6749521695463792,0.43406158166515496,0.40965240902749606,0.5240497643431201,0.45552767312153414,0.43336789995774616,0.736619343413992,0.4968506348506422,0.4075116198186096,0.31318166554842847,0.588774499568759,0.4956655021236654,0.3672341712771507,0.43836534089885315,0.35799286702963523,0.4715562810634018,0.44877710497253026,0.41287052810106556,0.5069552828474001,0.49347742157201246,0.6351169657788878,0.39060901706913687,0.3561463582692474,0.5969647436442244,0.46715359078945723,0.4581351579442722,0.4002609731791187,0.3470350060315183,0.5385795107743631,0.5367450096754731,0.3531658619722814,0.5434361384214889,0.49922344736296653,0.4323987298771064,0.5508652719451905,0.48387932794442956,0.4379379670866739,0.42048863916282003,0.4069204227743959,0.4046892335226704,0.37535140854148347,0.6236830566350935,0.34787049336896503,0.56907545526198,0.5935046918637839,0.49072789295482844,0.5405937671891756,0.5114870674069198,0.34357380156813067,0.48646859094232436,0.3526437697925355,0.5053821317876297,0.6323257465530325,0.5412831286678738,0.5386740414091151,0.4204397419724961,0.6047921004098588,0.4496282739969677,0.5745967061126251,0.44998087485390315,0.4328758222506767,0.5034825002278746,0.5361192646213184,0.3878238018480633,0.46275553017138066,0.49072688774622947,0.5948035772436678,0.6710933877945935,0.6009941988519631,0.33387084431911407,0.38084606708756163,0.4738321050973911,0.55433300890609,0.414791867986527,0.3502290154116027,0.5972320208350761,0.45956608925169673,0.4780879483625215,0.6193164271245165,0.5172319620538942,0.509134878178676,0.3276669682024242,0.4948187770322694,0.5171512941892572,0.6060873843843687,0.3344276285605085,0.4579881672332273,0.4159481996630807,0.5205253966207949,0.5661991011776928,0.5047595711259867,0.5394971859828942,0.5545713456413971,0.5143291681098671,0.30797952910485893,0.4896358457122708,0.4470057451811619,0.8118001314884503
0.39659392625077333,0.4656580014010773,0.5146546476836904,0.6615580474963364,0.6136476666172087,0.3991290985320482,0.6561168451389024,0.5229145127875727,0.5406283848844325,0.4629864428429479,0.5154786435136035,0.0,0.39113710786780204,0.4562929304023382,0.44222634284057244,0.5246322212266555,0.4886437685340522,0.3756869485650208,0.4733602153608615,0.4217545856517035,0.5908042110836911,0.5320698229979778,0.589603943189798,0.5226328200143819,0.5149125597370384,0.571609341419476,0.5061191446085309,0.47166478465361683,0.45753626196121094,0.47433465946020276,0.52356427010571,0.44250456951746886,0.4486325068974385,0.7203092655734845,0.4966158949496967,0.6073467028186592,0.44053937162287155,0.50860105342832,0.7379550369250314,0.5308137806846448,0.4508162804275157,0.6363274024167016,0.4153740234694966,0.5214275663637679,0.5545409221007296,0.362932313941995,0.3596082735097555,0.4238498612030087,0.5724328905588947,0.4347584772208638,0.48398697498364973,0.4296927766003994,0.28126096528585137,0.5323628293992669,0.5937504284620408,0.49875021150144117,0.44020362174925876,0.6633879405867386,0.44904265868609905,0.43404153141741125,0.40983975612995355,0.377916031687394,0.3516218901745124,0.6011452781868724,0.35182168260460583,0.33059447863074365,0.5281948572839872,0.3937190497921681,0.4105276149728422,0.48931099898293917,0.44287149636678697,0.43045329274663513,0.5213195325775626,0.5316838663773633,0.40373284942710547,0.30070500389878974,0.6903736326858247,0.5751747213579212,0.3889826007176316,0.36410770841264384,0.33851142571923076,0.5858914837763024,0.4501830895102217,0.3681791486079674,0.6056619125828012,0.5088169832649898,0.4667002755022527,0.4273301170720678,0.3674736940130471,0.5690130419953212,0.5745834053487741,0.624008572319445,0.4476244083782882,0.3358831848864739,0.5833857656377195,0.48542342907098973,0.37005284560297524,0.6364431768440107,0.5802451228916186,0.4529424515531199,0.4648252374384346,0.6035504422314575,0.570550743868095,0.4850441043994752,0.43603251447793695,0.43886206344949064,0.4240614675151791,0.5613749998803665,0.37781870061340195,0.44716012655955184,0.666005681353481,0.6463433951999558,0.4160974326648849,0.5767895659048186,0.3459188806161144,0.48804765119086846,0.35022332614212415,0.5360011356144564,0.5156098050555642,0.5483627474534424,0.6060715039157846,0.5026904913340682,0.4433338353083549,0.45766154414806937,0.4308164656445677,0.4402071898641705,0.5499907794234659,0.6801539224871579,0.5511859565731893,0.39426089848217466,0.4724754478166398,0.5079229754046897,0.431032000596284,0.632932852515696,0.49149495508498275,0.3174742258425273,0.3582592533079028,0.5029918577904687,0.567042501112765,0.5130667467975889,0.3283886476226008,0.5455469340819695,0.5685838727197714,0.6473547819802902,0.5429059981207659,0.6174894757093798,0.6660480625792854,0.34401857670068114,0.4876608024507768,0.5938402190878211,0.552966511150959,0.33835221757248674,0.566506407772125,0.5298939726420042,0.6428038591095088,0.4839919748197611,0.38476847296961825,0.5384018189479043,0.43959939601277614,0.4944531280732382,0.3043450256271479,0.4242467462282953,0.5588337116566608,0.5676351063290208
