0,1,2,3,4,5,6,7,8,9,10,11,12,13,14,15,16,17,18,19,20,21,22,23,24,25,26,27,28,29,30,31,32,33,34,35,36,37,38,39,40,41,42,43,44,45,46,47,48,49,50,51,52,53,54,55,56,57,58,59,60,61,62,63,64,65,66,67,68,69,70,71,72,73,74,75,76,77,78,79,80,81,82,83,84,85,86,87,88,89,90,91,92,93,94,95,96,97,98,99,100,101,102,103,104,105,106,107,108,109,110,111,112,113,114,115,116,117,118,119,120,121,122,123,124,125,126,127,128,129,130,131,132,133,134,135,136,137,138,139,140,141,142,143,144,145,146,147,148,149,150,151,152,153,154,155,156,157,158,159,160,161,162,163
0.0,0.45415754216627013,0.381710435420846,0.5996660505372556,0.5236563705510588,0.4621272154596364,0.5704449190652738,0.5290453022580475,0.6203158157532738,0.3667001573219014,0.49869885592668134,0.4226736623460958,0.5946442705918095,0.48338927160711515,0.5450624074166975,0.4904521859748173,0.5718396491396117,0.6990497103620071,0.46954178716592126,0.6132147991534637,0.547158783546242,0.45380349818580534,0.610867147890952,0.5187738844416362,0.5004461388614387,0.5797672356003318,0.5458117758326091,0.5638700311294218,0.3256810502687179,0.5440295834393178,0.5385562824287308,0.49847642219473126,0.5398381364609176,0.5048157696452406,0.5998668509784122,0.4514809318255306,0.6210932027750329,0.5797748319327981,0.441350416008477,0.6538337446964017,0.5362399224458864,0.6118155980957181,0.579324384763593,0.5670963540781939,0.5468722594512536,0.6982647096404597,0.5429717954624811,0.45886414686331556,0.6197884427426569,0.6358494134402423,0.6688112443258716,0.6106825448327358,0.5852535003993443,0.46575830826747056,0.42705182059115204,0.5808557657144717,0.7159703706112784,0.5167500816814311,0.5446028888231084,0.538610565891631,0.49903363470971385,0.4276370967019364,0.6535705076868589,0.44729155861550657,0.6183395103363954,0.6603153898904638,0.618970209213087,0.5526247046554718,0.5184618311483535,0.5703249717650679,0.694806321878741,0.562183756684082,0.5974517649380174,0.6077254961144841,0.5264064173004921,0.6127138942323768,0.5576117482372335,0.5098352719082622,0.5840623963817768,0.492625275186485,0.544055869654664,0.6263299142983122,0.5323861720654521,0.49864077797885925,0.6827273023344532,0.6002667696074443,0.6303122732215148,0.6069818926527264,0.581167044027515,0.5514725496222935,0.7272621813856858,0.567498262821726,0.5114805389509839,0.6328320017420199,0.6652391571784227,0.4345656900822851,0.4720072136691956,0.5393853000820541,0.4377832008249789,0.5642134375919478,0.4696250592699384,0.513146035434605,0.6126478956145124,0.39849384219607215,0.6153819753919789,0.6062956244421066,0.5434295537257198,0.5296531338836353,0.6339825719283353,0.4955536281473122,0.5517370852623323,0.704286260155518,0.6176231027420918,0.5514965681221259,0.5855533946044603,0.5980378233506266,0.62916692973817,0.3981845677809926,0.46026879162655093,0.4645346195986697,0.6278354852950657,0.5701439972631933,0.6027335871408662,0.6255154594787647,0.5928976543566093,0.3997184890075833,0.47334851802593186,0.45337333643580907,0.40453140707072277,0.6130406134656124,0.5193049603760375,0.5426764335502683,0.5339738915018856,0.5347325570228094,0.4650912965210432,0.5910931325395467,0.49939709267297816,0.6260435586115406,0.48936374224419377,0.5818660917786649,0.5068675921154007,0.45158630903973146,0.6434335742546577,0.5393476054547082,0.5549324510885584,0.5541496442265893,0.561514139239817,0.4912284674838999,0.4168748381908396,0.3214134825060074,0.70378405091535,0.5182390957005628,0.5328733476583432,0.46800870860666977,0.5171716720375449,0.6215125058418087,0.5744279515863122,0.5534419769566091,0.6044047185465883,0.586849162534101,0.5239429066745025,0.6227523238517644,0.5462279738496216,0.6640339510999975
0.45415754216627013,0.0,0.5135405827118552,0.5059469697835883,0.4396971915808632,0.6714033903189365,0.46545039087558604,0.6509609298685672,0.45646336766014656,0.4965784415918362,0.5878060875106659,0.6357600524055127,0.553451266939713,0.4560655907063823,0.49698819380928566,0.578572702871927,0.5422545144411274,0.4314507376433099,0.5367379100119177,0.532642853547222,0.5254147820699141,0.5500630070947007,0.4492546652233671,0.48299591274537534,0.5409331425030849,0.4093819211811607,0.4903641601626829,0.4870232410946815,0.48067247589856255,0.4773955839732581,0.5996689162556222,0.5776017906377368,0.6163331379994019,0.45924928567287504,0.5031687639076423,0.581810945840763,0.5099753996525243,0.5277544986791627,0.639712180377949,0.4792269103985734,0.6079539727271361,0.48248261566493195,0.46268663800876003,0.557830606272211,0.5705876557960174,0.4705322449887303,0.4562738771470996,0.5494623570545742,0.48677609313821835,0.5210413795279265,0.48554173009250645,0.45081300040742117,0.5051207023873303,0.646739562997053,0.6296145616266485,0.49348351639187477,0.47445914524177635,0.6057599586165927,0.465715671565081,0.5093703418703404,0.6571102977985788,0.40101252109409374,0.489009769026246,0.48650662933067523,0.41804301397475896,0.44089187847921674,0.4645607570391528,0.42302439483680077,0.45552909902835803,0.4952302038098179,0.45361006415610183,0.4574226301639477,0.41968866562937207,0.5063679994343974,0.6197701499540523,0.4509465023566138,0.5012520868385251,0.5113270801233268,0.43644747681075574,0.40889837943630924,0.5159564006740931,0.4315138039452563,0.5244671880642994,0.5246344127617093,0.4424248545161766,0.5385993276828461,0.5169959633879897,0.4297709066176663,0.4918675621730404,0.485433426423633,0.4435016154949236,0.5068389499438237,0.6370057361625205,0.46102402502218526,0.443367349165581,0.5936194738304189,0.5608097547763197,0.5363989340926708,0.3886604078380837,0.45490339057950774,0.5010809627889599,0.5291383667947633,0.4107091723232596,0.4871924556281709,0.4794919333280116,0.46639366726320913,0.5568446795820355,0.51193080261704,0.5219258049448351,0.5784698881561454,0.5323232619297064,0.43955954377943035,0.4647503811389919,0.4971762930703618,0.4411255806174581,0.45150961148131646,0.5062429684514592,0.4651996362830226,0.5367486143348461,0.4060901781115166,0.4539868858175729,0.4548430944470844,0.4506451614972672,0.502812930176555,0.44367904756812077,0.6050543089481293,0.40491444876817934,0.5694270747095904,0.5832793708497311,0.4971435372644122,0.5365122543680254,0.5460512016461351,0.4364238291710671,0.4481287448233021,0.5749267627567763,0.48553566645706153,0.5062961941650461,0.47759772055288285,0.5104286182031312,0.5211505108190096,0.5291094956790106,0.5422447633547898,0.4895031369417149,0.5839672778962842,0.5764069243948142,0.39150211920574385,0.550605986930465,0.5401165087332367,0.547651987351607,0.38783695206806246,0.4589371952285148,0.5625352048749049,0.5361773488200489,0.5345976121750137,0.5418857509445331,0.489468571369035,0.48919388586365814,0.5177011279800569,0.4711099822233176,0.4226280765453712,0.48045053431042306,0.45983754980609126,0.43290353863148606,0.4249658396492865
0.381710435420846,0.5135405827118552,0.0,0.4193696586093633,0.4341519050045864,0.5050860862921086,0.42575050017337585,0.4770833016871507,0.36039225107107054,0.5825214949708598,0.5609308094789692,0.5592256032880137,0.45907647910082033,0.35152148057657834,0.44288936412197716,0.5191055042234581,0.469985113924217,0.39085982561979515,0.4770379150492849,0.42115908117748707,0.501276268832237,0.5899308642541506,0.4036868351564797,0.45952208588105015,0.5191331072935608,0.3636107351702367,0.39334191821412606,0.4096059219993013,0.4699125750030748,0.4126151827525883,0.4249268775642143,0.4792134828238235,0.4368301574242454,0.37331738128011643,0.37894819504300087,0.422660367535626,0.438682515330532,0.401244835601525,0.4800115791681341,0.41447065570349134,0.44550918277582474,0.4458351309284124,0.45158320544610325,0.46135892211365603,0.43778774543310117,0.3937841678835022,0.40689144840824265,0.5633710651935324,0.43855862003185814,0.4168115785682394,0.42083577634702374,0.38330721452935346,0.3827128951570876,0.53525378287085,0.5155291292460426,0.38538678835948065,0.3919129259431093,0.5119722692096863,0.43841732074756373,0.37449366107122384,0.4859451355896702,0.31875360610625936,0.4296928864717532,0.3859348521909541,0.3690453475929554,0.3812293072841855,0.3826068315604518,0.40895241493139134,0.454025899328559,0.44466150292580064,0.38759193183685503,0.353379425466627,0.356512926965509,0.46047496967061025,0.46360399431830623,0.35836118717210663,0.4540325709917031,0.4475833393154819,0.36085727964101194,0.34199618838655776,0.4513621776525156,0.3674178603164161,0.449367992686309,0.3962317285590216,0.3662095298046823,0.4067337253724806,0.4200977814351797,0.3688768351559963,0.3804136651415859,0.36308614278358214,0.3879047838958399,0.37844386453620776,0.48763190374854487,0.3620339840135617,0.36967674910947546,0.5056671600193995,0.40529191218013727,0.42276037900718516,0.30634117670327965,0.3630423948396352,0.36208953044650677,0.5135283042035935,0.36533673441210557,0.513937416895975,0.368267084437417,0.3978646948628323,0.46977554633643054,0.4628230910020795,0.4299915301587368,0.5683977728539128,0.4806592203055959,0.362395417500937,0.38548345472060597,0.39121960675552236,0.3476361093330965,0.36785537311731337,0.40116914327034764,0.5347644361925871,0.5706864345411957,0.31870057606450414,0.369959917297413,0.3639878459757985,0.36655724487876984,0.4197641306805037,0.3450801718387612,0.527773493065396,0.330850394474662,0.4196172895572098,0.48043470852484177,0.41068491585564204,0.4073854297417863,0.47860813671210634,0.33717125927365277,0.33845554888654217,0.5193059272347894,0.40544177476703874,0.4205884621317722,0.38217555628823624,0.48266768246982067,0.42738855777347085,0.43912554452182595,0.41168779420031965,0.38546098675173923,0.4483605454740282,0.4572980774017084,0.3552590560245373,0.434864943741426,0.4665731037990937,0.5573621303212856,0.31564817689660907,0.3709238839288828,0.4342500750203588,0.4613059482224724,0.5526330097705857,0.4963330550303664,0.4191456928592135,0.42615239091367035,0.4594626246510067,0.36722910858993496,0.3544703838802641,0.4438659996911358,0.35669394551912315,0.36959361679588915,0.3684800868651168
0.5996660505372556,0.5059469697835883,0.4193696586093633,0.0,0.48499135192840315,0.5096010724909389,0.5844382391527216,0.5808227140707565,0.538778536202884,0.3982239924187635,0.5373935080056844,0.45661189493188814,0.5942323690651785,0.45991065624050687,0.5691177318906225,0.4920939955971607,0.5784434793354077,0.5846187685558614,0.5157115488174773,0.5511532030880328,0.6001432662385041,0.5062345429488815,0.5511776507835017,0.5519893027571089,0.5199269333971156,0.5083032954969607,0.5267499671552474,0.5709913990877261,0.3457454285171341,0.48493287467367696,0.5248662460192096,0.503105574916896,0.6294574435736061,0.4792080774086956,0.5217247711061914,0.4591850039491524,0.5709599886146541,0.5283560816149168,0.4781052784146384,0.6647274016865082,0.5755759232666885,0.6200362418088644,0.5221381691111593,0.5604131155107834,0.5436569198557726,0.6128586938970916,0.47413268249435925,0.469646923011233,0.5741964226166034,0.5722323125078597,0.6659948754029378,0.5723191725977866,0.60430949085472,0.5565434327780009,0.4564003233076987,0.5466225264414983,0.6276892307023716,0.5364660179121465,0.5649803204295134,0.5167145660678986,0.6130730231547242,0.4016432370927579,0.6233947618116971,0.42474329311809506,0.5703464282924001,0.6172620609006596,0.64237380852813,0.5165593769632294,0.4897200298042575,0.5805763979242115,0.6006855023310165,0.48561430328320887,0.5492938939822244,0.6807266068209633,0.5691438406040245,0.5217499756913992,0.6081677248468387,0.502405956980545,0.5139209539729926,0.458645910116099,0.5756122013206124,0.6132328344241745,0.533824362936279,0.4887218690836971,0.5881947322994787,0.569736583496241,0.6085546082844597,0.524058929048129,0.5388129908635029,0.5382726362491416,0.5823857768703459,0.5475286998117579,0.5167719266432979,0.58335638819736,0.6361335963779107,0.45636256328500757,0.5195167920224499,0.5331147826570283,0.3965207634792125,0.5521727282366008,0.4525754829223833,0.5592075901364675,0.5481169334988506,0.421148781363521,0.5437888513974506,0.5348442393978902,0.596825295570192,0.5294474680848994,0.6109711020234236,0.5443134893534544,0.6182159934335013,0.5595961182195862,0.6161874633073667,0.5438855474167116,0.509618395277174,0.5532021726795144,0.5820307126475766,0.4048995121208772,0.5123459578209997,0.4319300299299288,0.5183372117373595,0.5456304034614793,0.5207781587176759,0.6209519507968877,0.5106352799516594,0.4283442793972252,0.45784538978321077,0.45348046424089,0.4268239867611632,0.5557680876496373,0.49817564664457653,0.5817881355006044,0.4929263770026977,0.5126729395328855,0.5103650194522807,0.5348855195435066,0.4540178795531439,0.5397744911665191,0.4984664725408412,0.5664872521936513,0.5545727602193095,0.44315575818607617,0.6675959801166756,0.581048868326031,0.5460139182639026,0.4668345572486004,0.5576864191150219,0.5350932999182731,0.4295811483053463,0.31887528839301005,0.6072983312416362,0.5408858280368288,0.5758414919614311,0.4929381113332851,0.5586718541309216,0.6244440780934908,0.6217920915847361,0.5845264756405185,0.598949282946349,0.5265481119174683,0.5534686063090075,0.5319070258768335,0.538153302567483,0.5766528370046188
0.5236563705510588,0.4396971915808632,0.4341519050045864,0.48499135192840315,0.0,0.4564288202027671,0.5581155334362685,0.4544921657943085,0.4625472509394024,0.38393666281473543,0.5445930781987905,0.44233751478247885,0.5085682289730867,0.3981913919061803,0.5577395862500821,0.503261894688974,0.5046001471914374,0.5140974754217165,0.4416070092244228,0.46746381366838036,0.5427598740390911,0.5147718426016562,0.4832333767332524,0.5395987371583275,0.4788125105108286,0.4928432054861187,0.4406963717013861,0.43283327162826046,0.3489283037429592,0.5370637467032334,0.471042555260079,0.4635129302688067,0.4871275095278933,0.40070391448863,0.4550919775739559,0.41313105963072444,0.5628083348487691,0.47186660960695587,0.46106009008794574,0.5256930276642577,0.491127376648793,0.5441570381270356,0.5680717279169623,0.5858860235539597,0.4494478733368631,0.491478617311629,0.5206596073149616,0.5388666974322031,0.5343710067110211,0.5072190492711939,0.5569587423196085,0.48951846414482586,0.4526853554294835,0.4698701059350046,0.4375603694260084,0.4628740995027676,0.5045250218068336,0.526633614425335,0.4692025432680065,0.42540438636564903,0.4443167198989089,0.36750789297346037,0.5471146387369028,0.392522937384332,0.4836454281197764,0.4666830468682227,0.46254425839922064,0.5779132802417386,0.4768991558484726,0.5004483912966912,0.5541462694386414,0.430203867024836,0.42851234524486326,0.5305682655965988,0.45331232723714565,0.44363011739044056,0.5312164346043001,0.5660515817860492,0.43785326494246163,0.44817475375868765,0.5112137123862497,0.4795609084507586,0.5685112092165171,0.41860444168531447,0.4600715396299153,0.4693534671543768,0.4901583675978343,0.46098122895958815,0.42976177429970425,0.44082790573078967,0.5724570507036663,0.44415371593692665,0.517269999708113,0.4490324028341024,0.4789504737891331,0.46014362047432267,0.40743151654278487,0.4347650588730322,0.3638961793656767,0.41596886043281633,0.4077377105619521,0.4932689283755759,0.4554892351715538,0.4069468664618539,0.4407344028830235,0.4883669480270842,0.46757474049452397,0.4587576544607185,0.5248925150671369,0.5198119189329738,0.526791252530722,0.47889877748405674,0.4614423528707509,0.4414950738656439,0.4306292277306602,0.4631656359788711,0.4536356389991158,0.4360383398694781,0.4630212661058903,0.37364937533953596,0.5432989525672056,0.44593841997798406,0.4393325568070337,0.5697114028125183,0.44676076603468295,0.42357398668575535,0.3818732195517074,0.4415280135595271,0.3881414356223977,0.5165982820565985,0.43504404180732503,0.5248907781916006,0.41024413671697596,0.4206578235599422,0.4619913212755366,0.5541506395923151,0.4748602736084495,0.5055266286421629,0.4520643390452183,0.5145897674456948,0.46349778567201266,0.4217905618625966,0.46904990661757073,0.47061683666719434,0.5241883941855348,0.44113259966263946,0.5595920730775307,0.49007115993511385,0.4181466614554781,0.3006398722975046,0.4761802730319705,0.46631851825669834,0.48467609592326794,0.4999451429959438,0.49529092392639384,0.5175479100539407,0.5124688975178168,0.547222537940574,0.46502478717601214,0.45937065718472164,0.4733524537324993,0.4499359564186576,0.4465004085596135,0.5408495404326938
0.4621272154596364,0.6714033903189365,0.5050860862921086,0.5096010724909389,0.4564288202027671,0.0,0.463969397281663,0.6282325546819484,0.4566345246399471,0.46519044856569003,0.5678110083733005,0.5940141682582163,0.5755670459731714,0.4527302664060337,0.4656248918319093,0.6224268518373417,0.5839709468886319,0.4304546338991165,0.5195319697332238,0.5109439531567519,0.5485944489188203,0.5128515461137242,0.44525230550748246,0.4707822962499346,0.5225682998093848,0.4317417718287728,0.4722136756384041,0.4905274890167044,0.4415793493021068,0.5071514580777404,0.5482621287807365,0.6071334374101118,0.5849665080039268,0.468351752786166,0.48113077913252195,0.5503930335321049,0.5192161455400282,0.5283615592595089,0.5633198507511548,0.4810438594613897,0.5836904537945004,0.5125142581388998,0.4658809607146178,0.5622549484785668,0.5439971070716536,0.48445887384255304,0.489580462274661,0.5364339660215129,0.4773783018674996,0.5227327846309255,0.5077902989525918,0.48882433542938336,0.5115594094718218,0.6020376409568463,0.5662686284777957,0.531030297125312,0.4885060551550693,0.6723580451445185,0.44976902219756115,0.5137277451798254,0.6358984306178345,0.42484084256448496,0.5291392743423357,0.4653171665103882,0.41921048000827155,0.45699072344235614,0.4677129404785531,0.438174729684428,0.44809274652069986,0.49383111362170945,0.47053064326102384,0.4488316555714072,0.4360984612681077,0.5245997260043084,0.6461022280621176,0.45994337987101847,0.5282976717337521,0.5457262616113806,0.4456005542619682,0.45142629755548447,0.567781525012546,0.4375010475324725,0.5444610787450986,0.5373213949915556,0.46744732978604175,0.5402970031653559,0.5351343148442718,0.43179177173914063,0.5069737959348188,0.49344309203794884,0.46777587590823383,0.5094707812407571,0.6068112507493437,0.4744013912130897,0.4551671814768792,0.5526345218635293,0.5489754254163747,0.5514063188709539,0.39630556296679414,0.46945163169112974,0.4785933448452502,0.5314447979563983,0.4203524455938002,0.45420813319163567,0.4902785889319221,0.5004486121133592,0.5951906881303014,0.5177779376467586,0.5283542975391963,0.572417892104887,0.5451421368418566,0.4518265633060165,0.49427132172039284,0.5102582759415759,0.45523842791550645,0.48107682130791124,0.526980066481626,0.4342933840203532,0.5620774460793648,0.4218412695820757,0.46528573163311665,0.47633538524428004,0.4724155481748957,0.5295978601431877,0.4422625705900787,0.5534119966961741,0.43037448860026084,0.5741023417256216,0.5574084264909365,0.4809822432754351,0.5591525906571172,0.6250558885222494,0.44571004514810264,0.45666232176621724,0.5120449188035635,0.47390921113379836,0.5014398894180323,0.4623920713844275,0.4638353159452712,0.5112529050813321,0.49422504543965873,0.5605045978746833,0.49871894145849843,0.5721240336220623,0.5727351620143188,0.3997809023300778,0.5578130151339119,0.5623435436678702,0.5083878177986706,0.39539103211087334,0.45626789153743336,0.5475995780396258,0.5111599546821003,0.5205461269020096,0.5459956659309293,0.4815755691100499,0.48219560026038033,0.5679258462498967,0.45214694793479737,0.45316287724226273,0.48577721735312285,0.470029303413379,0.4455692352491321,0.43563673832001715
0.5704449190652738,0.46545039087558604,0.42575050017337585,0.5844382391527216,0.5581155334362685,0.463969397281663,0.0,0.4940750703526396,0.4832419285732189,0.41507589172015086,0.531917360844656,0.44245815604798455,0.5801972065059727,0.44438687317542247,0.6066112875239795,0.48874817521079017,0.5137896336810136,0.5737245815173873,0.45422997580559366,0.49058881906350404,0.5395112641519568,0.5082303344745309,0.5672098747467833,0.5329992971898282,0.5306863401217778,0.511384650634519,0.504111208446487,0.47714342056956327,0.35179221567886015,0.49122461130159806,0.512045860542079,0.5233828769757604,0.5379634191923892,0.4471873995736278,0.4949464907726603,0.4393260837459548,0.6420629579297961,0.47585061717912724,0.456651552375772,0.6224049840061876,0.48805555743487694,0.5774699318498795,0.5825382999460051,0.580276880525271,0.513778907428442,0.5533825301784325,0.5234747699476896,0.5134173278102306,0.6698298905962563,0.5393657623638746,0.6581570238951135,0.4869151999446728,0.48995646534016013,0.5052605377134574,0.47233789949698607,0.5062515165343218,0.526839993696413,0.4981927531509587,0.6189094704118968,0.46493014403830457,0.5021563486846877,0.38827614755317347,0.5369305641378979,0.4188056551818857,0.5358473910223047,0.5305283035428766,0.5933068958345504,0.6409048575896006,0.5288187887475602,0.5385744972306225,0.5894221922793937,0.47284399880503325,0.49336932158637425,0.637084563477017,0.4666107316774295,0.5153699240623708,0.6625825069076835,0.557078997366873,0.44844577356409765,0.43692385136662876,0.5117761946388661,0.531309969476135,0.542587839485128,0.4294389801032967,0.5008959007619915,0.47686461362400284,0.5535069797192721,0.5841452500085534,0.4946859863028846,0.47179533905317617,0.5862672728515005,0.5213915222634323,0.5323586317973434,0.48956925413272173,0.5494690994719235,0.47771606475927536,0.4337671325079972,0.47916119635849297,0.38325847365731425,0.49743102818532287,0.4411377547063374,0.5830693284260231,0.5562916787401275,0.42457435920861697,0.48212569454409476,0.5018623413660418,0.5188249158474947,0.47962199505927083,0.6049439366623962,0.542602837811143,0.6061998646777943,0.5130871736608315,0.5537037773615953,0.4760450304559541,0.4516834193784833,0.4668003698244818,0.5000554258624059,0.45468712671806205,0.4931133800002811,0.3981259080475355,0.5047938812103806,0.4839896606502773,0.45934793518987893,0.6017630045683432,0.4695289479289736,0.43292110697779074,0.42329012744567324,0.4539627161489553,0.4047981487796641,0.577493153153102,0.45072449880394844,0.5029111372869238,0.44031999577033826,0.42886882065704063,0.47817624265197456,0.544272499003887,0.45088775828275196,0.5473614933178029,0.48971138947710563,0.5352134131289051,0.5305169496285894,0.43992658688137465,0.5574997176479402,0.5230578132277443,0.5448585000819524,0.5133814049577499,0.5145808554350931,0.5151533636499381,0.43267750666341526,0.29810938403684784,0.5241033714849607,0.4972316149866024,0.49407085135327566,0.5620687332292253,0.5135546199601527,0.5908832731972288,0.5590629199372308,0.5585167710988859,0.552729775144429,0.5303262209567245,0.5427802197544714,0.4790961804064679,0.4837363582673746,0.5170829215389194
0.5290453022580475,0.6509609298685672,0.4770833016871507,0.5808227140707565,0.4544921657943085,0.6282325546819484,0.4940750703526396,0.0,0.5231782680902073,0.4740434819744746,0.5943804127833572,0.5710174231701264,0.6314306405855961,0.46815251796995416,0.5226386623684393,0.6038695864996176,0.6195577450382955,0.509395360840931,0.5705293703939086,0.6187551800113408,0.5836463583695539,0.5251045042676731,0.5309332398424763,0.5147269268510548,0.6203448305639014,0.4621423289176761,0.5616313806587017,0.585816962771846,0.4138591677437294,0.535515773026985,0.6288831708420093,0.5803417628085649,0.6234932404510934,0.5085483271786696,0.5392154558751565,0.531198018916319,0.5844824446091176,0.6136835347561685,0.5553061933901052,0.5433766767717944,0.6432848756293115,0.5620913520526829,0.5239414291122588,0.5761657778459457,0.628132990613127,0.5624241951398151,0.48692515434898753,0.5288133382197867,0.5501016442024111,0.5553633915226384,0.5372869308875835,0.509460556701262,0.5446264977877919,0.5759067232646194,0.5362875604279375,0.569692196117454,0.5536176582491991,0.6604509419165056,0.5068925148519559,0.5307536128296504,0.6945098178111071,0.4098986872100681,0.5674701429419663,0.48065821848235,0.46544365898909706,0.5190984400914576,0.5270467063861908,0.4669041130184143,0.5086203615122789,0.6134242163630131,0.5100127944038619,0.49911280784089657,0.47311600121860037,0.5697123712403344,0.7243904208997856,0.5204181090033321,0.5379052240171078,0.5292190011136038,0.5282586465634874,0.454325043533725,0.6144734201155136,0.48445300010282977,0.573958776956289,0.604924887201169,0.5258825840668305,0.6582975300838492,0.6502187166754835,0.4762528734013288,0.5882055654526713,0.5474007524328132,0.5021922448735681,0.5399577619342467,0.5911553049315831,0.5195543393881356,0.5059970557386908,0.5609886992992336,0.5538539056250025,0.6344787494074056,0.40128302283659817,0.5066403442627071,0.502427957433054,0.5921162287109187,0.4768527202228835,0.5059368673786198,0.5378467577271915,0.544698112639595,0.6342402890961558,0.6489684358855199,0.5900644891789875,0.6001650733067129,0.564134487054699,0.5072174155989285,0.5284986404886772,0.6068868168026528,0.5002423622942708,0.518901065197278,0.636505125303036,0.4539927574730293,0.548448132038526,0.4411550485021297,0.4887096912481402,0.5402940866109169,0.519541067683016,0.5715136478156988,0.49198230148168126,0.5358535872337102,0.42692602630260773,0.5250798950036352,0.5371103452741042,0.5569499887614393,0.632715164183075,0.6173677462262873,0.49983353924877755,0.4855714586034026,0.5687356973080689,0.5172117340329756,0.557029933145147,0.517885352435121,0.5679340561404521,0.6176879420515714,0.5864195388936672,0.517008266751078,0.5449221944740955,0.6088948565325399,0.6392342002692928,0.43568065704743064,0.5747679965671321,0.6043459977105292,0.5529020606839993,0.37224519777291104,0.541168523577261,0.633504517765884,0.5622641628441865,0.5309606868837975,0.6567363475897149,0.5842101919078443,0.5543614447976488,0.6050875659422652,0.5184705495653592,0.47031621222135694,0.5700928315017123,0.5374475766838719,0.5232249050202982,0.4853845057743126
0.6203158157532738,0.45646336766014656,0.36039225107107054,0.538778536202884,0.4625472509394024,0.4566345246399471,0.4832419285732189,0.5231782680902073,0.0,0.3553435289212077,0.45713840524010313,0.4062390098189237,0.5078689506371316,0.4780029481232027,0.5061468995706455,0.4439205617688954,0.4832586056952403,0.555904760863809,0.44120619765927327,0.5311688286435045,0.47607441818424306,0.4357584104916044,0.48435248241288403,0.4481580894554911,0.45759713417466613,0.4689845258334963,0.5194118398044552,0.4837884776108374,0.32378794440660824,0.5308289637128563,0.5506025137116467,0.44984033139823615,0.5298940335284085,0.43162392942568667,0.5553862616944095,0.43464675549316895,0.5336056945175249,0.5788151784138322,0.44404375375558347,0.5117252763551117,0.5144541081343685,0.5556480922625403,0.4717037136604554,0.5053580152420327,0.4802408197108577,0.5411468605922958,0.46162169456352276,0.41635160964611095,0.4957670071319185,0.5330370202991002,0.53231683038618,0.5054292988582809,0.5925510804699521,0.4384020048340408,0.40439725350619976,0.6019542865303487,0.5764612791195349,0.48993142786911337,0.46286747780423926,0.500457783608227,0.48633808844647974,0.42684725776651666,0.533857600968737,0.4242520389573141,0.5419732471605384,0.531503709967286,0.5504602835863625,0.4881787530799601,0.44958851813023354,0.5504317685179034,0.5967571931412806,0.5361452263863413,0.5166948048496787,0.4972970207877713,0.518797447633296,0.5606314708304135,0.47441598208044267,0.46867017210488876,0.5177553610825442,0.48718782996173127,0.526094976816334,0.598589923863493,0.5370720375178089,0.495613627270229,0.5724565424102835,0.5863392863097202,0.6042961697581902,0.5176526977675956,0.5380170528592053,0.6264090352638437,0.5686516056381674,0.5668161418551031,0.4757626395855346,0.5590826084394097,0.6181093562460959,0.43686579590527946,0.4911952211463949,0.49175135096054295,0.44694855192938576,0.49273852800006723,0.48712925601333157,0.4594607365217566,0.5017039870392865,0.3843278977549637,0.5749756517109114,0.4963626515200976,0.47280001352331313,0.4746454803454873,0.5199832168010257,0.44413768761454225,0.4670568191320658,0.5860729417068724,0.5438048748692339,0.597722021430791,0.5231719955068422,0.53682736323232,0.5533547629263883,0.36852530972793607,0.40447692266761925,0.49029201047139465,0.5642690739722479,0.6035996138826047,0.5103525696052493,0.5610255105106259,0.6808976927744925,0.39066823039375936,0.4498392254092785,0.4384966447525429,0.3821615094675059,0.5499046968736996,0.5655027997865195,0.5154864059860704,0.5719401992131351,0.6164827992986287,0.44200420104991334,0.5654878541445015,0.4645104133459008,0.5337824347675584,0.43135821426611715,0.573951904886022,0.5069048786181429,0.445757680569457,0.6031418352217782,0.5419141993731775,0.5221045570733112,0.4463412445323021,0.580053569120024,0.48648626260446204,0.3945320285440098,0.3277902142343242,0.6203971905720703,0.543262782434301,0.48706114949276863,0.4206898607332417,0.4804180732493364,0.5895738266167253,0.5131558203980646,0.504266521317325,0.5873547641207265,0.5070306976579803,0.48528139037738416,0.6522907793901652,0.5870939256096412,0.5972345451325074
0.3667001573219014,0.4965784415918362,0.5825214949708598,0.3982239924187635,0.38393666281473543,0.46519044856569003,0.41507589172015086,0.4740434819744746,0.3553435289212077,0.0,0.5034379580055357,0.5212715402546101,0.44305820344311664,0.3562923854944646,0.420400858142736,0.4828023242900138,0.42532137454796737,0.38040514614730925,0.44070141500130766,0.4025930982051871,0.4305363892180646,0.49215417068978823,0.40627930308221827,0.40255597727899817,0.5484610558046452,0.34557464314489345,0.41197805556415884,0.39846293635723584,0.5273642613904654,0.40293244670895084,0.43750644852285686,0.479607323942819,0.4198083058877636,0.3689697807722261,0.3768523132361723,0.4169555428867765,0.4378303216766756,0.3989845066000567,0.4522342196494809,0.3896278304842375,0.41438196503983105,0.4110607731679059,0.43165270214945545,0.4325308476792773,0.4333280925755507,0.377608148693743,0.38551489904181246,0.5145288336725167,0.43866767919199173,0.3876926339004642,0.3906940375755688,0.34774603399883863,0.36281725237052137,0.4660230543999815,0.5332719419904655,0.38172854191842637,0.3659835440089315,0.4686922868809902,0.4336685915955507,0.3628479339234909,0.46288478928959836,0.31600148486707497,0.3879312816218678,0.3910745146592175,0.347407317368869,0.36114810939676245,0.37623031386553857,0.3942528775550558,0.4608232585806131,0.44914199405983973,0.36416237087054415,0.3602388339739476,0.3437575128029109,0.4208520320103217,0.4370847113838022,0.3699370463184558,0.42520699636721154,0.4327645516874431,0.35275463262483037,0.33439203666746714,0.4281953390692893,0.3457025714862401,0.43224845772786874,0.39969285837479396,0.35256911037064687,0.39093326172419346,0.4247765734608891,0.37524138968535814,0.3924817031861598,0.35695940569875906,0.36613490340686095,0.37980648849238424,0.4726102754094197,0.34554162173829034,0.35603214649439124,0.554884983898686,0.381344789569119,0.4206748384569325,0.3071597796921887,0.3567447173154141,0.37826095270240967,0.5076466697910585,0.36565922699107534,0.5930322506347764,0.3613598988828909,0.37496509031888253,0.43336786384468423,0.4582708230202062,0.4130251978414665,0.49408364947327477,0.4350094066873819,0.3504026173727162,0.3738323924435676,0.4036567613255639,0.3390193868208359,0.34419933527415825,0.40003757534928897,0.5806206811486134,0.4937765160087872,0.3234010063837294,0.34693297800382283,0.36899195888101605,0.3497669336201465,0.39948257397231723,0.34366126203130126,0.5708524469629596,0.3190565295993666,0.4076784721627786,0.4808578143257648,0.41105488033103166,0.41585779680145485,0.4214429767064799,0.34336083320117355,0.32569969660398285,0.47188585440594316,0.3872034567821051,0.4162560681696683,0.3741814327124915,0.4849574280168415,0.4273964151264808,0.4698112507329511,0.4150278391726983,0.3693600559559718,0.4344307679457819,0.4557124983264567,0.35122976993751576,0.39460548817344215,0.4680777013910827,0.6176069869612621,0.3170778789432912,0.36213189919911465,0.4546855896993704,0.40824688157034056,0.5140644194566397,0.48181245497225694,0.41309820053289903,0.4017195551981071,0.4323844583359966,0.3719780844400385,0.3507790609143714,0.45843300417447524,0.3600081406552631,0.37514436840740134,0.34394475918157974
0.49869885592668134,0.5878060875106659,0.5609308094789692,0.5373935080056844,0.5445930781987905,0.5678110083733005,0.531917360844656,0.5943804127833572,0.45713840524010313,0.5034379580055357,0.0,0.6167641813736393,0.5812929168567933,0.41553019939708774,0.5672642645174591,0.6438259350801283,0.6068405128875853,0.5030920520966833,0.5917880596412439,0.5463694813128778,0.6260101802156112,0.6495067517728595,0.5271193663509927,0.5762790479112447,0.6394962220917183,0.4412929478490102,0.5035675750720527,0.529945081576999,0.43799111946399055,0.5490257746740446,0.5449503292870431,0.5615430298287555,0.5534298004166703,0.44819535910209307,0.48245822204155614,0.48118866263371485,0.5758189631720622,0.5204531353495061,0.5854472096747376,0.5317095554535274,0.5722036877553749,0.555757787234448,0.5705744768557492,0.6090664387289683,0.5306907740569419,0.49866409633187264,0.47182797251810177,0.6583792229277072,0.5842446123984335,0.5255667819187042,0.5382850759723711,0.46974278275802633,0.4780957562814567,0.6097508089196542,0.5751736052456506,0.4664685867279276,0.5155269504333694,0.6869250004777722,0.5145144743800448,0.4592562898504885,0.5835057603678386,0.36415237599117656,0.5480978271104622,0.4383861335666105,0.45265395240007766,0.46876593260146665,0.4681036946425441,0.48298887350807385,0.5306009178492173,0.5823191604051962,0.484631662021487,0.43970443311994345,0.42802929537537315,0.5755994331558105,0.5848537150707045,0.4520966068345427,0.5650158777787647,0.5556009444224016,0.451904638429616,0.42032034627801823,0.5531338061536173,0.4525576842018034,0.5752034179183197,0.4826167102998533,0.4601050304279617,0.5199177877529809,0.5438417782702966,0.45024572367708016,0.4737761368134332,0.4465624608662923,0.49969558634601996,0.45982469397292225,0.6457918337779287,0.46154376818092663,0.4618485227115641,0.5616191610659188,0.4668588930311276,0.4999601255602936,0.35851609313909627,0.43330430097227923,0.4423027905383788,0.615579885532386,0.4422476612982345,0.5207438719573468,0.4578400448478937,0.48691414462299987,0.5606556813503306,0.575309668970075,0.5441927597383244,0.6707985999479469,0.6108676046069871,0.4586168482036054,0.4660031055590121,0.49953326631790285,0.4331302345785988,0.4617990169069757,0.5144231016938743,0.5521138404430226,0.5848325120379211,0.3781236163320864,0.47751219377725457,0.4525850671282565,0.45108011191439956,0.5547455345653007,0.4360876835685707,0.5589241837014407,0.3793068317118907,0.4852968306771448,0.49828752246593155,0.5193860975315704,0.4967427646964659,0.5879332683186197,0.4256403815655523,0.42160307426443827,0.6052647410432729,0.51695860738388,0.5281758023995393,0.4899385552381692,0.5817657417035675,0.5779065570969759,0.5454587476785148,0.4733250442375924,0.48092252613420194,0.5443167905514283,0.5976779326903306,0.41587513557726896,0.5516750946332859,0.566916948215064,0.5636425834817904,0.33713109766569693,0.48697522738540816,0.5637566625031394,0.6031468410082472,0.5640474571681982,0.6261496038404842,0.5406008921297566,0.5786847295547505,0.5794258946766179,0.47617008286699386,0.44232752114613494,0.5215444189109999,0.45819416284053155,0.4535913360781738,0.4838215220324063
0.4226736623460958,0.6357600524055127,0.5592256032880137,0.45661189493188814,0.44233751478247885,0.5940141682582163,0.44245815604798455,0.5710174231701264,0.4062390098189237,0.5212715402546101,0.6167641813736393,0.0,0.49594903994264483,0.38354374536656094,0.4782119380479157,0.5863701035463714,0.5190094691410543,0.4096244797640186,0.5937333862690708,0.5010751213582961,0.5358337086884286,0.5450487696275478,0.446278455734212,0.5037225267230371,0.5728724016161656,0.3884819410678438,0.4351473234766048,0.4676502515822791,0.48932548755597916,0.47542748947898505,0.533301582252051,0.5307523220056751,0.5074210068130861,0.44381055120050894,0.44219486367064564,0.4907171085260237,0.48410118275808706,0.4677571947099387,0.63437747651049,0.4418983461025857,0.5397064068090076,0.4587177536608838,0.47583763791999784,0.5379250481931792,0.5093647266581735,0.43890658927599224,0.430026128225598,0.6055938544594899,0.477395273645757,0.46355619785776464,0.45164034297246897,0.42353183596426985,0.4287646414592861,0.591989631633657,0.5973828016436263,0.43169867627487934,0.4460545881983839,0.6141396626418073,0.4334387660512156,0.4348527864120103,0.5501270270081162,0.3501971555093931,0.4640283344862201,0.42786670820740913,0.39088251765273674,0.41162188769146785,0.40903043774208225,0.40411166412303745,0.43578236185747476,0.47857456932258935,0.41507296675904715,0.4016417290568918,0.37720964362351506,0.4735214319412537,0.5368576931699521,0.4103103789893706,0.4702703297046563,0.4865813162718387,0.417436566748497,0.38615539298739116,0.48792708519735956,0.39549580717745325,0.49969567588723635,0.4630309707597871,0.407628185749437,0.4813295616572203,0.47585889624639227,0.3900747332587299,0.4388656743944727,0.4217820674420731,0.413271706763922,0.43309724901225055,0.5753651931624733,0.4193840617619202,0.39444386992222336,0.5738281064149899,0.4671301473412831,0.49421955075547164,0.34193539829507585,0.39973799581751646,0.42856141089042743,0.5310494408510719,0.3881474054287278,0.5402043358338637,0.4173270030959554,0.4404804723029235,0.5184880473872364,0.5193247040633758,0.4716626150207937,0.6246196549998351,0.5362857913779586,0.4029308627751338,0.41096508653262287,0.44210389285371265,0.39770712552327386,0.4132221759089767,0.47166461418113326,0.5218219706568924,0.5452595365198276,0.3543685590985445,0.41619829437273204,0.406284597027125,0.41926533173649044,0.4750748839882741,0.3927108437413247,0.6403807113494053,0.35405451030352736,0.4975185864126675,0.5626240704746213,0.4435585646643014,0.46849751873419,0.5109859418185256,0.38800618962867645,0.3918666470124968,0.5930393457381231,0.44617680880666466,0.5229809698712061,0.43151997239186096,0.5171618407853725,0.5044798453834486,0.4802997947281757,0.4656803428886512,0.4254403971999895,0.4880475190332146,0.5350732109838817,0.3731983549891947,0.5019296765489429,0.5075564493791357,0.6056819020828818,0.3587608871643396,0.43160492151625474,0.5090509503044827,0.5154521124704418,0.5085405930350886,0.5722988756940344,0.46029639028315383,0.4750025651515143,0.5072274427044924,0.4127340062384338,0.38714192384103474,0.4486661886244057,0.41492858835070484,0.40236217883028197,0.4065243759949213
