0,1,2,3,4,5,6,7,8,9,10,11,12,13,14,15,16,17,18,19,20,21,22,23,24,25,26,27,28,29,30,31,32,33,34,35,36,37,38,39,40,41,42,43,44,45,46,47,48,49,50,51,52,53,54,55,56,57,58,59,60,61,62,63,64,65,66,67,68,69,70,71,72,73,74,75,76,77,78,79,80,81,82,83,84,85,86,87,88,89,90,91,92,93,94,95,96,97,98,99,100,101,102,103,104,105,106,107,108,109,110,111,112,113,114,115,116,117,118,119,120,121,122,123,124,125,126,127,128,129,130,131,132,133,134,135,136,137,138,139,140,141,142,143,144,145,146,147,148,149,150,151,152,153,154,155,156,157,158,159,160,161,162,163
0.0,0.3144923404177704,0.26319800468839627,0.3138879676363549,0.304322526949451,0.26924139975008016,0.3160273112737588,0.266166176411137,0.3740384293213863,0.26588981297945125,0.3439887901417732,0.3028008304451382,0.3608727333787752,0.3124710050660431,0.32713352880116037,0.30539394407098647,0.31501387501602185,0.529605605720828,0.3263038085219893,0.4904170508785474,0.34206030000644816,0.3594380755316511,0.3018975611361607,0.3594852088351983,0.37266341210250575,0.28293032522500394,0.28584908154368655,0.2764864714491242,0.260514412586752,0.29344465272581854,0.342075163492908,0.3167382360045187,0.33607960755177985,0.2816966314556955,0.4024135358579307,0.34819963639260443,0.4072929770149479,0.3660994886457582,0.26123380579229266,0.3715163186380547,0.327365517578567,0.3049526034010077,0.3884475226549942,0.38077467821433025,0.34040167802113824,0.3994765498703618,0.2916672688320502,0.3529946247029338,0.3947198888182747,0.4367293694314862,0.38588414041646124,0.3482083373548958,0.3151858630670788,0.33327945157742955,0.32720371476838184,0.286806211117161,0.48560703961983953,0.2905871263373028,0.32567669208911865,0.41107550658213715,0.265499275038128,0.27701468526491435,0.335247665542804,0.294544219776817,0.3687759504210823,0.3793855682884158,0.3233341714725709,0.3359761242424064,0.30181690443954645,0.31049696321549736,0.46429889434247995,0.4022060989551672,0.311687980861892,0.3297421625248029,0.29404340091317194,0.36357620935410134,0.25229833699202164,0.2943193670016495,0.3078187892511686,0.23692969332219985,0.2587651785963742,0.4206997660932066,0.3101980400064799,0.272528112258698,0.3495388974279668,0.35721847325375994,0.2988383589383657,0.37786076708961264,0.32667172812537254,0.3030585517453943,0.416247309117336,0.36332888695462007,0.3892399967124176,0.39740873176677327,0.34896986695556226,0.320508581730556,0.26791245251670687,0.2877458225699373,0.30289045024887845,0.32943236913670015,0.3435221412063178,0.2673157994433329,0.32114187041360404,0.29385645352964984,0.41398308281877855,0.3243504514969933,0.2967174448803943,0.2721015642738465,0.36360286833919425,0.32827924465850955,0.3486005918349401,0.4287350561247159,0.30761870097456184,0.2640063377017887,0.367626713295526,0.31587457768094934,0.3145452296142465,0.3394473464284839,0.25300458417330157,0.2723712480095234,0.34989478073397123,0.2481477845324172,0.33807476028190847,0.37318952703622144,0.30517431552885077,0.29822086302780715,0.2467294509125857,0.2926978305395378,0.2713665325072414,0.4287118577056666,0.25609639823782027,0.268535439994899,0.27760644370517085,0.3497775454071484,0.3290918570676128,0.28900584579889693,0.35563645377928277,0.38409006162057985,0.3547050262709583,0.3843199690394837,0.3142125735586311,0.31780723060010474,0.37130875949125675,0.3142352395530047,0.36558925113941587,0.34190018732956207,0.31133531227681616,0.24820800915751923,0.32473902076477795,0.19964668156196855,0.4358662746865731,0.29652445489695584,0.41969011604814516,0.25274381000577173,0.31221597122537814,0.38766584503605417,0.3188399366042016,0.28548617767718615,0.38225780889374794,0.2951589773257978,0.24797526264146158,0.3908322737285069,0.24369566687609284,0.4513226556682738
0.3144923404177704,0.0,0.30487545131683,0.32869056961293014,0.2539988050282195,0.3702395378754864,0.3035882858118528,0.3388445840849758,0.30726732388411004,0.35898835156212966,0.3434928808543703,0.37481805446303595,0.30729101445354673,0.3600796244779059,0.2942436776545812,0.31148441381210373,0.30846694356654286,0.3254622392635321,0.35678819324589317,0.33414626448157636,0.3595312620262258,0.38394949635733855,0.2937789279854405,0.3226992173704022,0.39601046898518383,0.2469277969561166,0.28019575335514463,0.2712004582236823,0.4308080678745988,0.29952641430198473,0.3317675276985114,0.31855073976132564,0.4230411977120442,0.25851911345961265,0.2918472783134829,0.32139358879412877,0.3349450790153716,0.3544497045058855,0.2880245741673516,0.3400140069471204,0.3639638425596577,0.3387750526388944,0.25884716304857375,0.3076484044361431,0.3618517440543201,0.309269830194246,0.2994214023332918,0.283471212860818,0.3154690689501563,0.2950598722418385,0.32674927722233693,0.3098290081999444,0.37412932254682363,0.4254237299336569,0.3303698205170121,0.34572900220952274,0.34927642840916573,0.32502610820170347,0.33826805539282895,0.37074574535665905,0.3290553067218899,0.25681957173273373,0.2894204290471152,0.2620237714978727,0.27422932933144956,0.2956176633036101,0.30736525037215284,0.30629295159181297,0.284774764795162,0.3388015354801064,0.31002505361695093,0.31394986011729004,0.26275950915800145,0.31110486222366895,0.3405901688241096,0.3291054238046379,0.2544026227932486,0.3594332175956079,0.2893026595005518,0.256746783713456,0.3034411416949453,0.3019974254802013,0.4256104429110739,0.2855038248961126,0.30662960511082155,0.40718161561167965,0.29609678327316064,0.271021739448814,0.28520744363000655,0.3624827453120405,0.29787013037855314,0.3414199054218648,0.3427061514251434,0.34599915470245035,0.354857763791523,0.4329695309874621,0.3210260541148767,0.3234098496058327,0.25549246790599567,0.286123325065262,0.32291651105019825,0.2631470795182946,0.25787768301069297,0.3722346612681215,0.31311992090693574,0.28161637295089337,0.278456398783482,0.3392082328587353,0.35757965932377206,0.41394212438610756,0.32866026105959967,0.2855994322148335,0.2831353893311856,0.2894431895624165,0.3397826238846196,0.3466271767397852,0.3256659911110743,0.25815020205235323,0.2879393712089559,0.2819489762157398,0.28537384707807195,0.26931774429337213,0.31691005272571315,0.4013731309959968,0.284328673666458,0.4231481156955028,0.2548291527569888,0.34950718467392283,0.3523182348327421,0.311562774333449,0.3344979742547716,0.30446125878337243,0.27772714468043525,0.31815280350345204,0.3177469277237254,0.26555369147101177,0.30954874257242015,0.28706410231202023,0.333407017796738,0.3223681637208492,0.3621975414658401,0.38663699575058474,0.4018500728384801,0.32395309369615327,0.37779590738588503,0.25827334998386936,0.3134733946459871,0.31175554319417587,0.42338416465532963,0.2511917853302729,0.28052654178701614,0.3979775699551318,0.31532428485719244,0.33169460880398216,0.3556893068642228,0.3749570784532584,0.3348220424168659,0.3286193791614849,0.3138318907127132,0.25768138173779703,0.29394818138695844,0.3800964309537119,0.2865628132566269,0.30826557041267516
0.26319800468839627,0.30487545131683,0.0,0.3262532431695429,0.241993380061802,0.3612712663051137,0.23754596834755337,0.33134756533040405,0.2325374606087894,0.39787601710342896,0.31051481964607053,0.2973597397388492,0.37272985543491466,0.25701462561500205,0.2360735876660413,0.41217329740779785,0.3532804932158221,0.278092130476939,0.25434334516493273,0.24105802227592776,0.35182129434876036,0.3406279100773718,0.24794144735560286,0.25191170644303323,0.32212932943037,0.2998466506975949,0.2839094991213537,0.27068241174095836,0.2758783385614567,0.2610401331461255,0.23130729831894833,0.34959675709192994,0.2796054100212472,0.25589759818180924,0.22112023612517492,0.28367602600289027,0.30478106953787,0.2793119648386497,0.22101098473902078,0.30135747318781303,0.26190841454266134,0.3491762672239899,0.2550277172328186,0.2611193272838424,0.30340425669270393,0.2994376839420104,0.26815898660211346,0.2835831373110754,0.2555885978011881,0.2605784177972707,0.2978202400354307,0.32732458266298226,0.22241337498911518,0.32966451603698343,0.29184990927272836,0.29637762231416315,0.26113550838382976,0.34502211995686427,0.25374788544675764,0.2805544836184984,0.2996462964701074,0.2709086627080057,0.3175292805866846,0.22704396766367882,0.22208274233253653,0.2949895515868104,0.2896172686726649,0.30494762808443954,0.3007689855400916,0.31215115968335033,0.29309783693747327,0.22593319089857417,0.27672956077886784,0.3986934064709752,0.34615652363351823,0.22818784292726474,0.31154217066346257,0.3117145967023404,0.23820500583228363,0.2260649261925679,0.30395175802237107,0.2659401721290976,0.29134480992017364,0.2957951596131917,0.2853752736747131,0.3085872799733998,0.2693246210848645,0.2277233956305894,0.2870174478658439,0.2515214881661726,0.2988482916480789,0.24181378649000823,0.26539167575622985,0.2285834258831148,0.2774147815070033,0.2966730101114647,0.24119727515671108,0.3179515107638075,0.20634048311772588,0.2974009236803975,0.21095239070025007,0.29930049619332316,0.2443328648481004,0.3063303984087371,0.27320093958227865,0.36629618422325744,0.32699310889066213,0.29323374550478476,0.2947050534337498,0.3228549753484599,0.28833790233865714,0.24585511373468336,0.3044961707063989,0.2740677426000269,0.25554940921586594,0.324292770862646,0.25816276879759376,0.26888143657193514,0.3466111410933205,0.28998632611235053,0.23640924654792528,0.26741521581616345,0.24841481095331883,0.29673131915376966,0.19022692399631988,0.3295831613154566,0.26426467532045594,0.29167755260884143,0.35891192669122685,0.27139724415234473,0.2952754572908339,0.4110870721458647,0.23335746977198532,0.2191226409558343,0.25504248833287785,0.19979118663042686,0.2191906036526295,0.22962442427008573,0.2776520878392567,0.2485013993584939,0.2519433548788542,0.30701249687026194,0.2763882084142021,0.28350963570976345,0.2786399244029143,0.2212145544878393,0.26829343665194666,0.2896783505086471,0.33907377765224256,0.24508560044724875,0.2183948060623633,0.22749932693241437,0.2569380769459297,0.3374316726955191,0.3325355176506575,0.27118223079964715,0.2807150371694399,0.3591936711397845,0.20834454323535612,0.2767993502482411,0.3048290767379365,0.22350956244456788,0.26391033902676514,0.2488707235456033
0.3138879676363549,0.32869056961293014,0.3262532431695429,0.0,0.2543785317838444,0.3243054314150395,0.30203747939608055,0.34831875843687393,0.27599315697215426,0.3304898194319441,0.3376281863671872,0.29911175868743217,0.3823311652532967,0.3337111861794601,0.2961185124952605,0.36052708066787964,0.3774644439054692,0.35216392583392697,0.3003592317961165,0.2949595459884957,0.39409508197295473,0.3035033658086894,0.3267649487721482,0.2762080752933541,0.36960819623206825,0.34152592641508156,0.41147022346299894,0.32714501342426977,0.28167132035358716,0.2745414619746431,0.28772914174940045,0.36133805155336934,0.3902918422687501,0.3404758891392534,0.27456357418619465,0.3222798006549123,0.3634015948044528,0.3455314770589369,0.2667730398526211,0.4073774773818087,0.29955070625729574,0.38386488644377414,0.2875191329923702,0.298428109558189,0.35579767929617007,0.4167364944564184,0.24451191019095808,0.2797755808771348,0.3133085885956809,0.31006230618369396,0.42382236008203605,0.36053843264089297,0.32473955128487386,0.41462503447537596,0.33012794693433267,0.33642264063964894,0.3711447345451095,0.36391322096917306,0.32529947124072883,0.4114844075771348,0.3992857483987454,0.34178426953146684,0.36406756323484313,0.24179956964039348,0.29514635827984304,0.4138822646572064,0.46982601706450516,0.30224483230664756,0.31968709673516754,0.37142167691357897,0.324805171552775,0.2982458666582244,0.3503437769258927,0.5153443208249445,0.37996986935621535,0.31101475878314727,0.4018487848170573,0.3890814672173292,0.3135403985703902,0.26313553951746793,0.3115963865670187,0.36056462581890697,0.3120705850904805,0.32396566860280845,0.4415679989418915,0.33926188235057436,0.3980333523703768,0.3351599019303904,0.38154549130213045,0.33072102578956936,0.3529722982537238,0.3225441419108256,0.30788414113030627,0.32078195684066657,0.3893403499615221,0.2905765808701493,0.2929181175502603,0.3436724482006866,0.25997230447251785,0.3767178546161091,0.3015291062847335,0.38160376794836603,0.34054263622618375,0.27167040435887463,0.3586844766616704,0.365368969905176,0.38809961433283025,0.30716880633397425,0.36814023957187175,0.3282025141493161,0.35492490922992853,0.3266509499125864,0.4066258054088653,0.40796538452914477,0.3523419726991127,0.3395049780298489,0.35762827452246904,0.24620324746945788,0.300910631675828,0.3642073501707931,0.2803647502928297,0.3717966072743677,0.3191155833623118,0.3814209156788391,0.2424940892194982,0.31710272644347526,0.3295210722180989,0.3378270264093812,0.35467008993600346,0.3433303228382834,0.29944410989318576,0.379026501265714,0.3747104107150228,0.2970961067487985,0.28960672205584753,0.2312638752403034,0.22638519368969928,0.2925241639884012,0.3285403944928282,0.33779439404225525,0.33431032377354514,0.35567909816631166,0.4210702199422668,0.34495110253516786,0.33848181261789645,0.26762939353295534,0.28175492435678445,0.3223878518499956,0.2979735629231746,0.23784581820789502,0.31696409899263817,0.31586979854953956,0.33546769687334177,0.29941520242046993,0.3768139709679202,0.3714800109057538,0.3404697776462248,0.3569875378816464,0.3245097702265058,0.35376523601164284,0.33559718706628827,0.3048178719338393,0.35701877127195136,0.3042243357406312
0.304322526949451,0.2539988050282195,0.241993380061802,0.2543785317838444,0.0,0.213349607403512,0.31045648077475413,0.20803351838586148,0.2749550065020122,0.22760463782741225,0.2767926552401205,0.2425591967723769,0.23246517442270856,0.2622382285920489,0.3420856287184415,0.24503602092416882,0.2520814626386687,0.30576623529806696,0.22849331558247654,0.28206474729717773,0.28976089757160983,0.31879048508413976,0.2610136717283167,0.3061037429493295,0.24993526998174825,0.2386770325829792,0.23934705956950816,0.201331838568188,0.2271296450017815,0.2598072083217221,0.3074741450972628,0.2254584384439415,0.27012083725842867,0.2138587395887832,0.382378249257813,0.2925812822364527,0.2835332766302937,0.270588432917421,0.2921555047609868,0.271614234620341,0.2806925304881226,0.2920445943061033,0.300377465009563,0.37652843176537304,0.24070685048123253,0.24468774642599808,0.26739671474272125,0.3155372296901871,0.3044025435456363,0.32729915854915986,0.28735106185244125,0.24842474054712008,0.25184502797679614,0.27392850636609584,0.26659358723747484,0.2275484103677876,0.2632578333021306,0.2625192300401395,0.26397056956166826,0.26739565346768607,0.19798849985638145,0.2179475182404836,0.24167793869190438,0.2775856198571877,0.3284957430796233,0.2248694734328994,0.23948941726646564,0.26967601288210247,0.23913603047287768,0.24295759570689415,0.30365937848501756,0.31459749305938495,0.22343143403639176,0.2551800115835721,0.21823786533172815,0.23126772674888432,0.23074219501520551,0.33874251484927564,0.21176990841914795,0.19937247280749548,0.2246060069107417,0.30687388946078714,0.27587846182970904,0.1951830353521911,0.24875130835945622,0.24316750010664115,0.23203687173438597,0.2598038168716818,0.2115935476427937,0.22941885442446291,0.34847740407744626,0.31497556177289704,0.33461869430418767,0.22847306135590306,0.28087990735386736,0.26131794374056017,0.2107998574627488,0.2332981876640732,0.28359538970266773,0.2119403147476486,0.27787571883948003,0.21877540278331384,0.24838067850512127,0.24145018669734952,0.2647226449414738,0.23989020355148438,0.22031703914127634,0.22655480749260687,0.29396625720682673,0.2661787029514227,0.2802145433228402,0.30786290275442424,0.21895329775788225,0.23538662423806972,0.23184021273303895,0.23000419374507006,0.216056493390413,0.29367823014046524,0.21779042620897907,0.23543188180745683,0.42707345809810204,0.20880602264091325,0.23389874110714023,0.2859148915320002,0.29224745561937443,0.23176659131127392,0.20948430655723588,0.2676206011851654,0.22187336188784934,0.31445048979999046,0.2229173573082732,0.2366893713678333,0.1993459094977268,0.2684019168120404,0.29167216656113093,0.30670847112777694,0.24708936396208633,0.38753315362001584,0.2722377350386069,0.2948143319172624,0.2394417207564789,0.2827333845745605,0.2892626256798374,0.28418164579962973,0.3041438214920928,0.24882750817400742,0.32798222772291713,0.22385982113871208,0.24359315855411898,0.18589867950821476,0.26544702312276947,0.238221088152672,0.3124578008564517,0.25743311000916363,0.2521137542811004,0.2812968491606254,0.2290837643085464,0.24790654664572703,0.2880402990880188,0.21773953153947345,0.2173593805066793,0.2548422635080672,0.22745220666879362,0.3415468726436789
0.26924139975008016,0.3702395378754864,0.3612712663051137,0.3243054314150395,0.213349607403512,0.0,0.2274570439499142,0.3655565574763505,0.25900868182333653,0.3452179916059783,0.3123668492608288,0.30310232318761143,0.3965840450164212,0.2529512224744022,0.2522084503018351,0.3937291224458031,0.3537766787360275,0.2476303703550404,0.28209686214935326,0.2733552125319009,0.34070195903503125,0.3108165235603176,0.22097700558379052,0.24934311750007254,0.3316101715359582,0.2544569983032385,0.27137559680894763,0.30612528481136064,0.2787975809409322,0.2694513117215214,0.27034726986482327,0.3767012802126249,0.33943252599244345,0.25415693318698185,0.22428651757280557,0.2614946604614788,0.3059445449294113,0.286023171625521,0.2440645489712063,0.26806164701150526,0.2695232364108633,0.33183048487544337,0.24588934892643355,0.27290058657948174,0.28782378378415463,0.29306098491124616,0.24282231537048707,0.26318857051624023,0.22963323797670676,0.2595217995077186,0.2913642613863464,0.31521966908860843,0.26090123001873544,0.33137792668194954,0.2646784038900464,0.3570173257235243,0.2868832736508846,0.3757421614256686,0.23449207000024858,0.28047724265329455,0.42230213388436794,0.28929198916568066,0.31339935770853655,0.20267990754306162,0.22611252942666907,0.2935512841872457,0.30290731455035136,0.2957954658229052,0.2504077506574664,0.3202704731140298,0.28815126588839196,0.2262106513905616,0.2694151910669671,0.33924528581888785,0.43808466759842746,0.2572452735777901,0.30342277267085976,0.30100437221075604,0.2571199257763371,0.326967827270113,0.39619625265096325,0.2633104721402407,0.3272933513666733,0.3489061142267633,0.2945583564728914,0.3113405275370487,0.3227313834630211,0.23500105555272718,0.3484521949621555,0.2999343931220954,0.2692953093350885,0.26366034070508154,0.2803328897693357,0.2671303554604096,0.26468796697501085,0.3329461206314916,0.28488568644289014,0.3072947909108188,0.2048700353718916,0.3151241067264807,0.2505704917587173,0.2800774106150174,0.23062172106237655,0.26505620859037105,0.2802144590958793,0.3626813725473638,0.38082101094170917,0.3524201095602111,0.2797189945859364,0.3296662185460357,0.2754749517945272,0.23409631233313666,0.3642175486852158,0.3473430396627914,0.28012558917115693,0.3669420018319183,0.30962356598737945,0.21735424567877684,0.35190429515386,0.2922631729344,0.23674518821419901,0.29996215391595393,0.27207390067166026,0.33980461422775105,0.22982510500575085,0.33165477634062235,0.2990176875530191,0.2931112050116026,0.31872832009388025,0.24907068029658772,0.357296411702764,0.47793801719376433,0.28889988957456997,0.2541415726575063,0.2733888098165995,0.22100964889354122,0.2570217644530961,0.2197591726926863,0.2543746614704268,0.2676577381214043,0.2960422582057735,0.33239349599774504,0.2828383838538376,0.2706228616214237,0.307388700040085,0.21605222026901216,0.2836408116285825,0.394293655555304,0.3050818065588156,0.2753721842052548,0.24268753346169886,0.2732516081902539,0.24818734546667523,0.28108998068985863,0.3545972751736418,0.30998461921571263,0.3034244300822721,0.44324928987808243,0.2330865709433661,0.30129791346709267,0.31120133041174,0.2752005124606756,0.27905208694221534,0.25864736240914477
0.3160273112737588,0.3035882858118528,0.23754596834755337,0.30203747939608055,0.31045648077475413,0.2274570439499142,0.0,0.2209799384493045,0.26525129620227833,0.2580001721865165,0.3039840334329225,0.2947309478864694,0.27498792525789806,0.32474787023697815,0.3107119569304747,0.24513579987475437,0.2614821174916555,0.3273360286099255,0.28352560113456055,0.27244702647903896,0.295671051967389,0.32446310433112435,0.3632985838787195,0.3376260218181706,0.2947846906005546,0.2659298146978282,0.2784404675695819,0.23576251922800578,0.27270949875624595,0.28830069943786807,0.27833425529847317,0.2953280837590316,0.3287047045527115,0.28132684844728256,0.27440186002337236,0.2999753014250966,0.3454769935123982,0.2726858494976849,0.26967192974335374,0.35934767945265916,0.3058789015348088,0.3090360323264731,0.303690124241547,0.30858787151606026,0.2955709569416224,0.284717044021952,0.3210361662438144,0.27373336823124783,0.47554810858829455,0.3018344048018631,0.37218122880330917,0.2526072925633742,0.2847928986248958,0.32546120552689756,0.34743666960467745,0.2678359256317565,0.30455486936014825,0.25331705141905964,0.3784706451121234,0.3084744339632342,0.22342969498015244,0.25260263470576894,0.24240315809706312,0.2928470868426598,0.28643904844798335,0.24826389228409526,0.3143837147428358,0.345947599820255,0.2773820929184757,0.24822806534786437,0.331833837996784,0.2943825758469545,0.2563697555778648,0.32132846921296543,0.2165588055315552,0.298622320562487,0.33632327011992613,0.3500071426237018,0.2265369199211864,0.2221094564643956,0.2400945916429208,0.31997137476805554,0.3060758424752629,0.2006648627810356,0.2619409277759399,0.2636224707694591,0.24505917303656066,0.3500445828440528,0.25240471850195295,0.26484681151353595,0.34352263818627826,0.4053683903212526,0.3403219951495819,0.28989179110311886,0.3188838026820916,0.313333347480738,0.2349879610420184,0.26660194801810755,0.2893749849589539,0.276778104029786,0.3031082901067311,0.26323288081874463,0.3050599327429401,0.2645225166018905,0.27240280720078025,0.2556350853163252,0.23804599700805643,0.24109545276437702,0.3499625097039684,0.31497810166969126,0.3856327656075672,0.30882914859589955,0.2599048869291232,0.23644973971414038,0.2517215989774222,0.24808115315416268,0.2541528734967224,0.30877914068786133,0.24985753395262306,0.23801879952495425,0.2867289042466906,0.2199409958584986,0.25551497617416197,0.3487427947348657,0.24909454534840952,0.27908857413822213,0.24673077611533709,0.3116503354699257,0.2350445015237274,0.3214879037405326,0.22779628582230707,0.2296537547841995,0.22822888271590266,0.26485554136878586,0.24984200013571162,0.2577227746540115,0.26636141236291777,0.3084223154082186,0.297718975178384,0.32747288768611593,0.2840568021148217,0.2993038731855959,0.35537600318127505,0.2996876967370421,0.3264726431760849,0.32256914247318025,0.28928886609254906,0.2598323711024122,0.26010055735500154,0.18672794575640259,0.2734258664606263,0.29111623886295734,0.31888080866791213,0.3344315960704838,0.27692696941616485,0.32359576238940635,0.30218992630202635,0.26772645020277436,0.32790542135926076,0.2944882133459172,0.2476541522177319,0.2877624515096741,0.2577287665970661,0.3110688741090478
0.266166176411137,0.3388445840849758,0.33134756533040405,0.34831875843687393,0.20803351838586148,0.3655565574763505,0.2209799384493045,0.0,0.28326735643882733,0.3200337061620555,0.28803694721841094,0.31069338812743397,0.3726507928309609,0.2570483803182266,0.24397764363985971,0.3758914239179896,0.33608840578509847,0.2750840409490136,0.29550564362836185,0.28151761902929284,0.33497669032272126,0.2649579323710288,0.2516070337199742,0.24257330074026265,0.3428353707210732,0.26790918742197894,0.32926965737651054,0.30526546489261824,0.24705751730838044,0.2779772502044011,0.312226184401442,0.33349933207992105,0.3272219676523405,0.2757606126867271,0.24015702850489432,0.2861827776174532,0.3128106329076649,0.3422707985509186,0.24769421613844,0.28791427504156397,0.2904237083159425,0.3123361039213517,0.2645730636538833,0.255026227052872,0.3631731325795511,0.319149540377655,0.2401568986787737,0.2475905366242504,0.25250320241304985,0.26378450107943346,0.27999642900596916,0.29419589415621633,0.2572965784421249,0.297863380695716,0.265365448858984,0.31569146829081374,0.29199518124429147,0.4270966357306028,0.2607639315398998,0.2997928003041455,0.4465499770129433,0.2640546796798759,0.3237408116977199,0.22663693986674355,0.22285110270653602,0.3032865105055624,0.30674393720396,0.26149281916650735,0.2957316781921849,0.491887657618255,0.26749150033799235,0.2517602628398601,0.27798997550955007,0.3565478633296583,0.4549884569379845,0.2599869338897333,0.3159086586314668,0.2839969314111991,0.3241823988262785,0.23791838221976458,0.3069000378893859,0.26664788654763083,0.3153687910540127,0.38256212116814564,0.3297412474808427,0.3787148837050202,0.42321496209188825,0.25041472089632194,0.3626922100199877,0.3102137693400864,0.26919575654106254,0.2655926412127643,0.2582201603963364,0.26326290120106693,0.2827063656352235,0.30374136303902427,0.30721822374024144,0.3426945250839421,0.20752927390843556,0.3260406289279553,0.2480470086332034,0.37307634087546176,0.26171547906758336,0.3108530176804015,0.31056726098937776,0.35588818479270284,0.3499384369834437,0.35661281428892905,0.2926373967156979,0.29515440408820326,0.266912494497781,0.25859533084717296,0.31970968669537264,0.35755807178557336,0.29799203384282447,0.3525958648363143,0.33267859005189593,0.2207654076869227,0.28049058179856434,0.30255107302327994,0.23518314534439896,0.4305696531223549,0.2609159045450113,0.3062417403502599,0.21865176191014002,0.3132761947616995,0.26114693128775496,0.3381861260556962,0.33329877112406703,0.2670253618622986,0.37963676022485865,0.372536764546474,0.3327425502392516,0.25120828904440584,0.2779315143209492,0.2012707350720527,0.25250593652060493,0.2359434718130117,0.2879490254842624,0.3039854233994084,0.3029307996907921,0.29232058935354666,0.29785241202052765,0.27761004825323565,0.3092137161178449,0.23920326995278132,0.2780654076868634,0.32266623909428105,0.32570091300755377,0.2574466054059053,0.28610532873003053,0.2907752504610312,0.2724427098296621,0.2797112058257442,0.415912002140581,0.33929292416352536,0.2928613923383974,0.3719888893684772,0.23155024839627125,0.2689550899318519,0.2892385819352585,0.28479423880477506,0.30767045053556025,0.25600115242832716
0.3740384293213863,0.30726732388411004,0.2325374606087894,0.27599315697215426,0.2749550065020122,0.25900868182333653,0.26525129620227833,0.28326735643882733,0.0,0.22606210579069247,0.2727253640212275,0.2872655161206636,0.24162477511429986,0.3027064917707199,0.3025761721505197,0.24627645132985887,0.23563077845537006,0.3271820836494929,0.2755494445140929,0.349619602443307,0.2751998076424971,0.37066823737406884,0.22992193138560874,0.281102763786178,0.27518083515696157,0.24002786700609238,0.26536378625116136,0.23124084300851538,0.2391418145903768,0.30914262889044664,0.38857681000583855,0.24325973518972344,0.33681855112989906,0.2184437818673414,0.3206191139741015,0.3001598383022346,0.2825694048933568,0.3852879135168703,0.28364878129127996,0.2551294971363619,0.3054632629469327,0.29337090604650035,0.2811401603604529,0.31629642483595766,0.276633937732976,0.2698404716205904,0.23999922368248341,0.2702278409491999,0.26836494607066946,0.3283691784735625,0.2849611687162167,0.2671048898848201,0.30606925826607967,0.29309343619674966,0.26525823042129404,0.3000319913025769,0.3209229165539508,0.2837675057236335,0.25786342169670823,0.27390982298719996,0.24060885375595412,0.2659662194377196,0.27054464061775796,0.27421230361201493,0.3251366267926138,0.268196389908495,0.289160045652514,0.29686565844151863,0.256734059856309,0.30706005672989717,0.37551278850006226,0.3370128083199395,0.2765219752024905,0.2506155363313324,0.28670223195775124,0.27181582961317874,0.21695425144397143,0.24766055527763198,0.2917391238293708,0.22078170733592475,0.2507499591149486,0.456917365148417,0.34800203208770314,0.2523883617323986,0.2908386725474229,0.35617336767460517,0.280959395350212,0.31448231596334136,0.25946720698901227,0.3892871736187391,0.33072562345382095,0.37249128297077555,0.30089846788881985,0.2835144124486276,0.343258600913504,0.3614878634810985,0.3202983045691389,0.26302750361560306,0.330422650057759,0.2449557924800884,0.3510925478308523,0.22048538125722195,0.28546319190863867,0.2865702600134849,0.35193822207486847,0.2557008064612681,0.22339212102839115,0.24834021610957996,0.25524682992538733,0.24285167092315454,0.24711010565509528,0.3434573877827907,0.27191452700385726,0.31032725596210065,0.2926482730182653,0.27727512977601043,0.25822068177396734,0.25587892813812685,0.2027875738316922,0.2920632407426719,0.3290539751495574,0.2885625135584369,0.26362799324517305,0.30861592252868025,0.3887812485902911,0.27063608595042654,0.24107388366433263,0.26639616093960533,0.2301567372476897,0.34885283684633117,0.32373643544154934,0.27817811582765944,0.28247109655201263,0.44759329980519286,0.3056488012828299,0.27696735474130585,0.2916824667505782,0.2979957707423023,0.2899045150272799,0.3610361830339046,0.33288353320647895,0.2805739025242535,0.3281653354509047,0.33637539463018445,0.315203821147062,0.28265386177707674,0.44362004395247095,0.24353011798448804,0.2777520516802787,0.20620088495714584,0.3874615109621451,0.29702123781353706,0.3176392684366432,0.2390940329488394,0.28830746063464785,0.3630677499262981,0.2697792710306429,0.2655590381675511,0.36103499257473226,0.23963310467961513,0.22008182743550236,0.3695158292601285,0.2992619115834771,0.3910374083198032
0.26588981297945125,0.35898835156212966,0.39787601710342896,0.3304898194319441,0.22760463782741225,0.3452179916059783,0.2580001721865165,0.3200337061620555,0.22606210579069247,0.0,0.2613479643115559,0.2731815789547173,0.34937465394837824,0.2794904232531567,0.23121492847205757,0.32634248174090247,0.35308919347111295,0.29652770131541095,0.2580378963570191,0.24931914177759137,0.29613717507934934,0.27269510267845226,0.28900699313231054,0.24155336755868448,0.3727594599392516,0.23846075020551868,0.2941051480378324,0.306108228458689,0.3297036068429677,0.24294265822748357,0.25022883631375,0.3361827108165324,0.26239083283330084,0.26837694725192224,0.24061097635575207,0.2583594057958827,0.2945838473012823,0.25568404109825854,0.20838899842421632,0.313686427379692,0.23983614727012298,0.3480462013308909,0.2370276054756102,0.24179346758003895,0.29487487077127317,0.29250792352181565,0.24531008555544628,0.24422124823790764,0.28895472768201735,0.23381182671658482,0.27458549823657047,0.26890345737918675,0.24820665800598418,0.30286922173931075,0.28801381620724537,0.3324288305227568,0.2580615979860069,0.27928512611498113,0.29249133045376646,0.2880962710682022,0.3324691334834792,0.2474718159985932,0.24712749523811814,0.22305585140841713,0.23072803975524964,0.27787162216587485,0.2889547946970688,0.25995958668436325,0.27240781062784825,0.30618888488113477,0.24785057343099276,0.2629112869356234,0.2539698141183073,0.34008028300603677,0.3243394269024501,0.2736956095622533,0.2831463288486052,0.3256170970618909,0.22753420004743966,0.263145132506225,0.3182061192263419,0.24509042625424685,0.2971462343355373,0.28303094478993507,0.29545188797049393,0.2784362310747632,0.27566580095412946,0.246543751704818,0.34254177163621397,0.2514704646084498,0.25730632753574406,0.2675338140791846,0.2715859013700912,0.2428122311300734,0.2937340995070694,0.29371277289095643,0.21761116289008803,0.32543933173845685,0.21679199844632527,0.3378617013253087,0.2391234546103097,0.2900046775127108,0.24129869679915078,0.31561716399143575,0.2546224136209025,0.3022715668579356,0.33292217813310315,0.3789699505538828,0.30628134698734055,0.32819916401338056,0.27286818678872354,0.24156264349394238,0.3138874651497252,0.31477439485763464,0.2507994329931706,0.3245327947647104,0.3074723571254072,0.26772722014197375,0.341903720048097,0.2968394667341392,0.22067977814661907,0.25889725804083,0.25357353579241976,0.29701806201024167,0.20576952869045942,0.3204476537168509,0.2839795958759852,0.269412767142342,0.3645012657249187,0.26318771350064435,0.3527255930021152,0.3104951268747347,0.2529416060910828,0.21439491804881344,0.23418936739764326,0.2023782195638143,0.23197191117506813,0.23988014883378384,0.2827610909636602,0.25471277126586644,0.26025973009755227,0.32038786251369467,0.32026096625555195,0.2558008608740271,0.2747909497665061,0.2301522994526314,0.21750734744455003,0.35193991381201495,0.38106687589697574,0.25592527279921323,0.21872031419466245,0.28328507954170656,0.24628626579213453,0.3175379880321813,0.3179083177578093,0.27675134247903127,0.25631463785847103,0.3709289382800622,0.24661508609459287,0.3018100482829425,0.3740623453009537,0.2672331408483248,0.2852743385602012,0.23387138066038088
0.3439887901417732,0.3434928808543703,0.31051481964607053,0.3376281863671872,0.2767926552401205,0.3123668492608288,0.3039840334329225,0.28803694721841094,0.2727253640212275,0.2613479643115559,0.0,0.42050442329800275,0.33726370929283217,0.2784618682924541,0.28919538129547656,0.39250054317322713,0.3230067333929882,0.3444572510388426,0.36678455606358046,0.3268178371401541,0.37743244129097075,0.38438703974195476,0.2854055358618745,0.35145713498964515,0.3811224272364179,0.29562921068255993,0.3164105057560005,0.28514995272904486,0.3263076576371656,0.3269607278678092,0.3041601834593443,0.3341723254794698,0.3615991932301445,0.2615968250756401,0.2764023011276324,0.3370915019495074,0.4284096307328824,0.36425567034933254,0.33582525584397227,0.3234194258820737,0.31744041643227566,0.29624731245242075,0.3189862397737061,0.3589841667150584,0.3295967676912566,0.30457289581976976,0.24051198928704548,0.40112378218248573,0.350334670801364,0.29562731703805023,0.3729012453851696,0.28718641891522567,0.27780220821084467,0.43599356994043775,0.4125476341339008,0.24351902875547163,0.3919388798384623,0.3945058799322175,0.30506152935360387,0.34011234474252533,0.3159843536823149,0.23138235020954837,0.32946432558468436,0.25444028266711305,0.24179274536236184,0.290462281316641,0.3051791155231029,0.30999446627151084,0.3119390154550725,0.329935886691259,0.3278587080762872,0.2708832009316965,0.2705249751084059,0.34770219320490947,0.3203966024720045,0.2954480230843646,0.3249800468603191,0.33351424098124577,0.2746609604438051,0.23289328392475475,0.2647260839298952,0.28602804251158725,0.3221968105754979,0.27790679722107187,0.28239826613633234,0.3131447713423047,0.32315089041454725,0.2844329248949917,0.27429204780209326,0.2856981455074036,0.3886828100377035,0.267647682364867,0.38843595959467025,0.3390382177288235,0.2889203510434215,0.36207719929325005,0.28216212501475496,0.2519542468263255,0.2284664881889662,0.2522193583431192,0.3142805885289341,0.31019641237565493,0.2737816627360451,0.2994629537249676,0.32527473654299643,0.2727871516348453,0.2805453947120788,0.2739238257382075,0.3049059097260375,0.3867206245537016,0.42525741356916097,0.29996400718422206,0.26468490242213005,0.2838199325588216,0.3104706596418027,0.28591439302178695,0.27183956793382824,0.3131239361851345,0.2811518210360147,0.2507730754280949,0.3019012260156669,0.24590887823934468,0.2767887037434776,0.380533175191711,0.2392669935035743,0.3984111946687196,0.21074956457459057,0.37405670219687204,0.29071471451740954,0.29934572788323327,0.24464661662509385,0.32061732133323595,0.299406134247994,0.2838772066028373,0.37878913564838135,0.24124953732728857,0.2960018534436139,0.2711911848340424,0.35593009394258274,0.3559623073129462,0.34673540294743993,0.3329578139439787,0.28851806913331285,0.31816906573988735,0.44285275183182676,0.2512938903967524,0.29245224125277186,0.26675838849241645,0.31454554246153116,0.2295571503294747,0.3533782394170621,0.29258664838435366,0.4271263259181933,0.27823098348100195,0.3276732901578322,0.386627196273725,0.3584680143329636,0.3096508369239713,0.30038298453220175,0.2642578618939038,0.24033050864082822,0.3141544431769482,0.2358445958644147,0.3826561287968063
0.3028008304451382,0.37481805446303595,0.2973597397388492,0.29911175868743217,0.2425591967723769,0.30310232318761143,0.2947309478864694,0.31069338812743397,0.2872655161206636,0.2731815789547173,0.42050442329800275,0.0,0.2797161161850905,0.23383441710648578,0.2715935558596668,0.33550685067515595,0.2960115286661885,0.29136287416906076,0.42501621416662627,0.3049328774736593,0.373938412617558,0.3259597669445655,0.28623956148694835,0.3328893573735633,0.38566416167497797,0.26239385542657173,0.29934547237244924,0.25528307079790036,0.3168299420684437,0.36690258417716365,0.3172963472076587,0.3144668656550885,0.3404934102718569,0.28013806346013553,0.24566081553984453,0.30999544571878523,0.3571944756615859,0.3528120994083021,0.34902582614518257,0.30657646382496345,0.33273192552890085,0.28216769616336335,0.2940145628935675,0.3045674478155432,0.3230999878983752,0.3150890780122565,0.27561303921016017,0.31943938705386377,0.3181882582732028,0.2851382029312015,0.3501958278215009,0.2878123631643882,0.26475902740166923,0.38028580405514634,0.37919474340187126,0.2509338217572772,0.37699116077335804,0.39216535226934773,0.26177965424006155,0.3260333618136007,0.26177590312168586,0.22576446312088472,0.29635838316521207,0.2402075310577846,0.23159791485959894,0.27520969801792006,0.2603286840567476,0.2713762386077748,0.2624499414895813,0.29498176541200427,0.2796054295963282,0.24554835058388202,0.2350111654234811,0.2990931678431651,0.3022751237333608,0.27755658063565014,0.27402108420613497,0.3250832479486285,0.28790597006931107,0.22636658012711064,0.25662840273484716,0.2793813193006822,0.3517878251498641,0.2535745875334859,0.2887051795520859,0.35905609264188726,0.27347168139758093,0.2622166627560052,0.293826294420784,0.31437010960823963,0.3206056612950208,0.27946093989078136,0.336463526979184,0.3231313069078933,0.26307273110332513,0.39782745925357477,0.269417578469908,0.2776776636720681,0.2161199702956266,0.2499534845967284,0.2705414708081336,0.2821089380542859,0.2777876738180092,0.3881334748442597,0.2896833425638932,0.28542538924345284,0.2855579348243093,0.27463248219803194,0.30443596841470144,0.3809278436613861,0.4074489004424131,0.298177264087427,0.23788911650214747,0.28572982987700685,0.29755769545689204,0.2981418611662472,0.27887943914761837,0.32267715159895693,0.263781906046006,0.2303961491829182,0.26278611898061754,0.24555048142291336,0.26033556827175064,0.36302774212605926,0.2171791359200094,0.45145667321874283,0.20895388115377447,0.3719675405341547,0.3070793468388107,0.2691267235441594,0.26594577168482375,0.284051169570022,0.2616045214671821,0.27886219259046385,0.31342361587255474,0.21322729593490286,0.3309109720292435,0.26047688957230225,0.31796050901982575,0.36407722411406834,0.2830741666958691,0.29468142583167733,0.2977822938121328,0.29574473753270075,0.3701896674808464,0.27399173346484207,0.34038801719262785,0.2783432345191409,0.3641040671917492,0.2396548147533742,0.31291076231735526,0.3067702249498082,0.3530619770846638,0.2878370898377092,0.3941805970002942,0.3186928899841654,0.33072322502056656,0.31582842728998006,0.2481868653434777,0.2476332839492376,0.2165569128590882,0.29127508408428915,0.24603623029521002,0.3230774324094463
