0,1,2,3,4,5,6,7,8,9,10,11,12,13,14,15,16,17,18,19,20,21,22,23,24,25,26,27,28,29,30,31,32,33,34,35,36,37,38,39,40,41,42,43,44,45,46,47,48,49,50,51,52,53,54,55,56,57,58,59,60,61,62,63,64,65,66,67,68,69,70,71,72,73,74,75,76,77,78,79,80,81,82,83,84,85,86,87,88,89,90,91,92,93,94,95,96,97,98,99,100,101,102,103,104,105,106,107,108,109,110,111,112,113,114,115,116,117,118,119,120,121,122,123,124,125,126,127,128,129,130,131,132,133,134,135,136,137,138,139,140,141,142,143,144,145,146,147,148,149,150,151,152,153,154,155,156,157,158,159,160,161,162,163
0.0,0.5917550024834174,0.4676306036450461,0.4917289481232492,0.38023641652926504,0.5527681885588837,0.5140833969514298,0.5524619957002305,0.5717025882354089,0.5166280365819279,0.5919656781550913,0.4873484791088213,0.6999422904358596,0.576949088191604,0.5559034272318308,0.5293941872132579,0.5796977584106477,0.6443985273131954,0.5165722323583086,0.6244291682827245,0.5483340728846533,0.555927898128771,0.494451155994595,0.552647041609821,0.6463134562864159,0.5364586820594809,0.4815427757967719,0.5985848318976027,0.47798210008919256,0.45290497794788703,0.591709584026094,0.6147498053553748,0.481130472730752,0.5726041820452913,0.6596681807777826,0.48965265134825303,0.6655879034091355,0.5754288043066129,0.4997165159661283,0.6223875393647309,0.47882381652333933,0.6511885250845688,0.535375284352579,0.5529885580271584,0.6198725758821563,0.5594619156925403,0.44401000031403537,0.49564439572525565,0.6280428459540925,0.5088902482538621,0.5424000635051349,0.5327875777047888,0.49893019026509794,0.5266737908215886,0.5288061608106911,0.6502389257482736,0.6065773742748201,0.4865355528501448,0.5412104698597583,0.5135395691455951,0.5940586231898352,0.47204568454005447,0.5578415205170704,0.47663220561775804,0.5553323455770763,0.6236699636927422,0.6468190414473894,0.5556205734418979,0.5201329547726258,0.6300110058063793,0.6319427068379868,0.5554279873707006,0.6128767624581695,0.6104825195460217,0.60400621292669,0.6496282031914153,0.5305239550474646,0.454088976880086,0.5485040743076718,0.4746825917492766,0.594349153577294,0.557224129040211,0.5256524328370602,0.6251283066537504,0.5813735973215688,0.6273089545827033,0.6432221239692517,0.5023762099061732,0.5796023486425251,0.614441633241585,0.5021320787382136,0.5005602342415921,0.4928754487378862,0.651171293077383,0.5769096287525349,0.5258111974786005,0.4855448136065361,0.55015396062021,0.5097137706439443,0.6185495290019578,0.5915527260308376,0.5124898567558366,0.46426900924575903,0.42878111044572736,0.5490856039365171,0.5308113323501806,0.5075791378505148,0.6309549978414234,0.5275877380726113,0.5624386745882998,0.5743431724908519,0.5385807362083117,0.6452164600610545,0.5133812585794331,0.6148363458270688,0.6133590296695625,0.6381263412511334,0.5034921195255602,0.5197654579037565,0.5365972923814717,0.5095491600829606,0.4693320892599251,0.6428342380176446,0.5849942610584165,0.5815437381527442,0.5239522750556831,0.48278148240988555,0.5000469348842395,0.5437651641736538,0.5581811126750426,0.5638057785025677,0.5212181890197208,0.5632075790973082,0.6023526049110722,0.5839185243641303,0.5846612834273065,0.5606636386805065,0.604873507136707,0.5528076982182345,0.5008434473253406,0.4917826658559968,0.590819191532351,0.5470653926245239,0.48126439420304595,0.6464202847080919,0.5539985258629825,0.5157756281431654,0.5025445583243294,0.5592400198754377,0.4682517546842279,0.6749423097146531,0.5297385482079893,0.49978281452217915,0.44621804816960536,0.5539767572931957,0.6832398514968033,0.554270089635624,0.5475534309848026,0.5351143371251543,0.5979500674381739,0.5747414766748039,0.6536996061137162,0.4791621655662972,0.6794781520550027
0.5917550024834174,0.0,0.5254410790339742,0.5265616488740535,0.384989319711427,0.5842268887424715,0.530875901994438,0.6105376007660818,0.5689837556555705,0.6429622198950129,0.5719917360360544,0.5756031199795438,0.5735368241146218,0.5438950944672113,0.6215866110850241,0.5145239210911351,0.5646616933624827,0.5717749240464359,0.5829208322216157,0.5500445781627447,0.5702586346003355,0.6437633795802377,0.4885743154583814,0.5386996260006915,0.6540430294671713,0.47044522700490055,0.4918225250073728,0.5495733158086777,0.5740360014759163,0.4576110729145301,0.6511153382529566,0.5996842134496229,0.5447784908490418,0.5257495538470309,0.5956365022020924,0.5522223861278021,0.5418423792198368,0.5655247128505289,0.5798198343576346,0.586750141604089,0.5429669143945044,0.6469698191192604,0.5082870935950962,0.5419220607452371,0.6058394854055151,0.5331504589795395,0.44273945419047905,0.465830200532772,0.5759336874340459,0.5156329047974879,0.5398730962065931,0.5097191916049352,0.5371723388119967,0.6280240455601874,0.5937088999267937,0.6147686765847853,0.5600634387919341,0.5256558448847157,0.5394960396852783,0.5265487508037443,0.5959977937229596,0.46970250084358145,0.5322582683494878,0.48661429648747695,0.5365436031684647,0.5363214698213116,0.5547001361718019,0.49552235830652985,0.5052170236951034,0.6074852505165085,0.5584188380991075,0.5162237932182429,0.516348116243202,0.5941982336178128,0.6558870900929965,0.5387274240742791,0.5058984924784038,0.46022355818594546,0.5111388601044301,0.41967014746486186,0.5790242953530447,0.5714860939103878,0.5423520525411354,0.5682110668695132,0.5385637822192606,0.6318781566419144,0.5407968255315232,0.48127360754052007,0.555294187330652,0.5925505164230932,0.491913715708009,0.5454486166080734,0.5339627191330958,0.5531821113438751,0.5585068821427935,0.5892611200424984,0.5262763677273412,0.5758219265945457,0.4958775255833156,0.5778717488487227,0.555017483288835,0.5164440438620036,0.4588125174100932,0.4889135275420068,0.5370019921183369,0.4962361609862098,0.5252610290688601,0.612559870846383,0.5401998767945618,0.53808260089902,0.580649909784336,0.5120476716498915,0.5306089246196393,0.5203705752031712,0.5491862165705842,0.5661152968803457,0.6011342588037174,0.5251456772770915,0.5310073281441409,0.5222586171128201,0.48109665284692793,0.4795444284294677,0.5082146131922959,0.5661381876272046,0.5088913132540779,0.6033012992340864,0.48358879299436625,0.5226924857176074,0.6223167286134619,0.5421568601055254,0.6019832735863523,0.5267206666287271,0.4742355521801572,0.5943079007382333,0.5932846772486571,0.5417882707183922,0.514398676753691,0.577435718418342,0.5583834903988055,0.5304009939647192,0.5136310955663007,0.5889311803060294,0.5801080756060745,0.533186756066758,0.6088900424538619,0.495670233095557,0.5632295118496042,0.548765856846252,0.6260604293630365,0.5043333930011147,0.5733064887808715,0.5936450544993993,0.5376417992690714,0.48523753246536894,0.6164802471560291,0.5935610143622264,0.48163032301153125,0.5443584909668837,0.5099050038550886,0.5096518735057811,0.5891495602216165,0.5628583465622351,0.49343074815927507,0.5634445839107158
0.4676306036450461,0.5254410790339742,0.0,0.4215620630854874,0.48928565388445594,0.5435788114226323,0.47882948791665014,0.46896429445612425,0.4212818003443357,0.5011600018842991,0.5619965553592069,0.5486918457971823,0.5122338523219744,0.4190469020140747,0.528881607571051,0.6232209443933961,0.577709806100989,0.4638108506836331,0.4627079238878465,0.4385471736057913,0.6256328396300137,0.6630637668129263,0.4193094773022315,0.5616902489567931,0.48090359462901666,0.5212205183272139,0.40042886319968674,0.41903508701801445,0.5302220454239647,0.48513942751376277,0.45788050900109106,0.5369709398981944,0.45458183996131274,0.4263730279876614,0.426078519976735,0.4787611377908967,0.4909860385219764,0.47625843764944387,0.5480451514623845,0.525588645188238,0.5021150235070561,0.5489906095497871,0.5437467550303167,0.5330214043280492,0.4750962246804127,0.4848085364337562,0.531367424855204,0.5153078971459949,0.4780964986548069,0.49501003273847366,0.5256908580031374,0.5242989594659514,0.4379288647882074,0.5468489196281985,0.526962740971673,0.4741009960681297,0.49053111612814637,0.5725323287449166,0.42878070917594097,0.4543274599005506,0.45221832195177486,0.450101695751143,0.5610994539418411,0.4184902113885935,0.45076548478249956,0.4550034392022984,0.42745741266120535,0.5312511100796925,0.46008585337090324,0.46759381505857583,0.5357867433044815,0.4119226221767162,0.4081253778704027,0.5573407468011203,0.5072724671179314,0.40959150338026074,0.5288511746684385,0.5530136652677253,0.44741677847068273,0.4277437430672997,0.545643368039507,0.453603112735677,0.5701202609268012,0.4571697338335508,0.45216584213850025,0.49489517068395555,0.4283203315271697,0.40615240753659576,0.424612960460314,0.44941571945859177,0.5038275732488602,0.41540383578438045,0.534562473553664,0.4394174059985741,0.4445108455022057,0.4969316668118503,0.4292108724336404,0.44020352956445025,0.40844903411213723,0.4366206598651914,0.419074923849461,0.48910168367428736,0.39022446951552764,0.4124811541057762,0.431492701425921,0.540649177014763,0.5077279143813865,0.4787853377914955,0.5216070468366497,0.5215125142827793,0.5220949403397827,0.44909908609790705,0.4257499877754024,0.41430574529345304,0.463536911081461,0.5254703343158947,0.4388077614581675,0.5095737071780339,0.5212800911780654,0.4039290834549665,0.5238165556247867,0.4121720751235331,0.42886555580120383,0.5486025294752679,0.3894830078964581,0.5555967782057807,0.432128511926838,0.5895726437463982,0.5186757293321005,0.48030612890988944,0.45473000362129107,0.6095750828006944,0.38196762370173276,0.4346394570552632,0.47983433226058814,0.4986798581587557,0.5060635789611032,0.4954673954406906,0.4586581034753814,0.4632601555685049,0.39151519072916907,0.5304244580206469,0.44358589510312485,0.4430824840151983,0.5387221826311896,0.43743290571867877,0.5923411323680271,0.5408355225777347,0.5072095877550202,0.4653557626809127,0.4225196885710694,0.43921368330833505,0.48073007144180097,0.5526815657152742,0.5189284152011262,0.4599031661795043,0.4202181339133151,0.5770067741882797,0.37927984383966934,0.45726455362541024,0.4784587846563775,0.4113913897611254,0.409070217642244,0.5033472916366983
0.4917289481232492,0.5265616488740535,0.4215620630854874,0.0,0.3713447772298347,0.47980316961140607,0.5563325937122682,0.5226130362445224,0.4754176536542021,0.4833359201030685,0.46665047776152296,0.5202785259809585,0.4412855045911466,0.46389808576524955,0.5770144627830321,0.41748213535882467,0.4752996226381594,0.5018600386567309,0.5688054106630773,0.4253254050303126,0.4890171554967597,0.4678908076897787,0.49304997853343135,0.4401207566178565,0.5207373684240181,0.44958117521002067,0.4650990725079953,0.5017260919795427,0.45288702945740106,0.41148067339349254,0.5527139932824052,0.47516078742471085,0.7329580403602715,0.5057596646441095,0.5357639889800188,0.5437938940951796,0.4402888553002793,0.4824081409258926,0.47849201622100984,0.5133884736459638,0.5700409050245956,0.5005569923451204,0.46439575220969753,0.5135216097688836,0.49924873233805556,0.4733996899242098,0.40578241328896114,0.39302963641608085,0.5046837528480055,0.46834458759987085,0.5380660891184594,0.5163291415917745,0.49489401771172764,0.5960002787302222,0.5389628808243405,0.4707978690507639,0.484353092884257,0.511855474152638,0.47544117081627585,0.4765368017167404,0.4702227351983623,0.44020094140953314,0.5193871905862963,0.4249641827916241,0.4791168548350547,0.4555864277934561,0.45845443131825975,0.4156009386596783,0.453635959284534,0.5309122527775955,0.4678235219448743,0.45520832990077476,0.4742342852224993,0.5132558712203129,0.5121625241217815,0.4608063274442636,0.4397440754314284,0.4206574996538272,0.4879242938694653,0.3642801346575163,0.4671331303907539,0.5655642211993817,0.43712672115857154,0.4669615846007293,0.5151321375037922,0.5032148818680204,0.45926128877207856,0.4746663550139336,0.5021600279026335,0.44552218080818673,0.519551819086813,0.6061060676427306,0.49180842747184705,0.46392705394067685,0.519121754349834,0.5061456292146367,0.4473330463206446,0.567406603617962,0.47128799830329093,0.5530721798377365,0.45111402958627966,0.453860317359561,0.5778056104662117,0.5357164810746045,0.5284821063889414,0.4303610082746308,0.46293313851717266,0.4960839155400476,0.48764815679483764,0.40696475859188924,0.5650949569858119,0.49989104416158947,0.46530506553225326,0.46108093132136213,0.5393197084027039,0.49560961913613794,0.5417416362831803,0.4239353351204918,0.512388286478046,0.5254644567418899,0.4167890088788231,0.5433609790568925,0.4251828595244889,0.49243677435142624,0.4286387049558209,0.5039656658846342,0.4695960154221046,0.43383752290980054,0.5348901831746833,0.45866751312585075,0.46436342634763594,0.4278358081189164,0.40042327881005724,0.5446522585541448,0.4348319137649424,0.42400416596270374,0.4006056190039428,0.5425982913187779,0.4652934143765712,0.48155874433708606,0.5675274164028866,0.4476812971615143,0.5468190214718915,0.500553300652131,0.470250533252592,0.507392638573225,0.47292596137080645,0.45787070085469245,0.46834753749751035,0.4129998236702721,0.5412303356127051,0.5636436182635204,0.4645699900243534,0.40702855157914813,0.5892820514527216,0.45496977976496056,0.3853425025032919,0.4761850846755211,0.5540324174743286,0.485637636656379,0.5014168084707461,0.4987255551685128,0.450990505875886,0.48535692733880753
0.38023641652926504,0.384989319711427,0.48928565388445594,0.3713447772298347,0.0,0.4083435780900613,0.4558867070027774,0.36438245324186047,0.3509057785437298,0.37163449738995197,0.425114742063271,0.44693668428621713,0.3880022039846861,0.34271116921783984,0.44777343945551357,0.4860516910768214,0.4627899865435259,0.388862593490388,0.3823110812499585,0.34054308118970866,0.48607832254917516,0.4432236137300264,0.38730355083134577,0.45238777059423235,0.37058142720426807,0.4870694101066597,0.3512153230877749,0.34463672056554645,0.39808501897139953,0.5155512215260084,0.3702876537942537,0.41525676218696067,0.4012710918764884,0.36001822277487844,0.3460379587816209,0.39517928224578935,0.3916446648317664,0.3907277717070342,0.44033553708156975,0.443642743092643,0.4457400756207774,0.43034459754214216,0.47077108931574524,0.45092682053640504,0.36700005061912694,0.41993604835442316,0.576965926348896,0.40576073143126773,0.40485632879643824,0.42477930098723093,0.4770744898528096,0.47287951345475476,0.3800149814688295,0.42042692853119407,0.41683405184718947,0.3809014713000925,0.4149738146348861,0.514382156354623,0.34875883028821314,0.39425378855323784,0.33848889058688336,0.4135385337570598,0.4722911600943167,0.34317295693763245,0.38195267280204864,0.36789156349954294,0.34088288764356905,0.44721302073279384,0.3749851499188119,0.3711454074842106,0.43785164385320696,0.3495219271266166,0.33150915539784426,0.4419931698373741,0.3852908188471993,0.3471047232995976,0.45228550774089704,0.6273364406302185,0.3855806627537787,0.4025603785670994,0.426103297263928,0.3859467848729268,0.49795120823881617,0.35502704738016416,0.3894499614275496,0.3892554924131669,0.3369011711556747,0.3588811253093871,0.35869849568711204,0.3609372558429407,0.5133008284518451,0.3632476563116873,0.48162713618660524,0.3657611114337305,0.3772229666397398,0.3919191697752051,0.33749211773260274,0.3574253158013768,0.36022922645494226,0.36251933551011756,0.34178370632644167,0.3930611394008287,0.35655727853255176,0.3501644927919979,0.36460621743969734,0.4731357109568749,0.41460830049594305,0.3740027446999256,0.46346710457807666,0.38785704631043716,0.433178216741636,0.3977299062749959,0.33969425005005727,0.3507965990008984,0.4016984661802908,0.45726667157932166,0.3636349783138633,0.40639032941559344,0.4028663683635199,0.3502649703747433,0.503151493631194,0.37384026252458513,0.3440223997833453,0.4895809336845348,0.32155010759381986,0.42746539424833013,0.3829717039317599,0.491447255695802,0.38624031654576735,0.39758859703802496,0.36662792049690246,0.46962875878309723,0.3180800223556212,0.3628368945253664,0.3467538558520133,0.40187115145894736,0.4135291481311811,0.4300017331152692,0.35694003853574613,0.41017138332917163,0.3271471073161924,0.4083625858421592,0.3790622580661802,0.36641890821023376,0.4153291962224673,0.3836539746730953,0.4947274637963093,0.47061023475372676,0.3718419796091229,0.37603542143309526,0.3490163087439111,0.373933263243575,0.39692760993139775,0.47172497495613286,0.4225141357620207,0.35830724142377113,0.3426390197440861,0.49731180551326204,0.3259513477972499,0.420786462821402,0.3860298202745333,0.34494772911488614,0.35903809335901576,0.4318474564978932
0.5527681885588837,0.5842268887424715,0.5435788114226323,0.47980316961140607,0.4083435780900613,0.0,0.4943104582648853,0.48024713911283406,0.4538071691186212,0.499185648141955,0.654731455393157,0.5411184770392455,0.569354885896921,0.44211422607903234,0.5283988984823893,0.5253563091971764,0.5212172960445316,0.4655178590769993,0.49392044162538856,0.4608927284671153,0.5537332655701865,0.6046623731911508,0.40876926748175857,0.5775773186665124,0.5537366162186186,0.5030373908005918,0.39052386413287044,0.4593979953107559,0.5431121815228261,0.4357640658049149,0.5032623034811435,0.5269910159633868,0.5075036550024188,0.4566804734141191,0.49425649642811437,0.44685197976175006,0.5876424075016962,0.4658779060650477,0.5021180374688503,0.5108172243936506,0.47709836806258654,0.5838996410354763,0.4744207108577975,0.6601479979396226,0.4816087713941233,0.4496905785935754,0.437285310043995,0.5914456739259087,0.4873114815157147,0.4349185405569292,0.4990745762007214,0.5550243216344338,0.42768294940326235,0.5809257555218181,0.5214850176722586,0.5549323188885597,0.48185669511388873,0.5217905974756438,0.4242093517594943,0.42349177020077294,0.5328104639157292,0.4117402348182951,0.5554651966680222,0.39072895351678094,0.44284802241839244,0.46570990433814674,0.4779652552258337,0.5447441833242442,0.4218145670742776,0.5169549900728928,0.5486832770217329,0.41811338332548514,0.459229436554566,0.5283786388663485,0.5159983906645329,0.46324042146311173,0.48252281065547215,0.4806630991747702,0.44440334435380746,0.49087705570863893,0.620805497108471,0.4729118090575507,0.5600500103854755,0.5141090413254611,0.4542323180634197,0.5105859575595828,0.5212017466076162,0.39863930202911246,0.4420461559380389,0.507276889681183,0.46868326629512913,0.44190001040017624,0.4695895210032204,0.4864010130265112,0.45865987942387465,0.6123955089458908,0.4314379818455744,0.4870531719597285,0.41225089814526733,0.46800255176322575,0.4665933861761631,0.44664805849661443,0.4031272941685205,0.4305144912165686,0.43800497291074864,0.46576503415743964,0.44507590666844105,0.5148569777082382,0.46020321557967186,0.6146204117395685,0.5991375038647426,0.4326669585347219,0.5377254986874351,0.41467582343581183,0.482788371686678,0.5457104458719317,0.48955445485001703,0.4520730697104556,0.6067346710498237,0.4399024777413988,0.45893423844171666,0.4206159235359676,0.506157740825038,0.5817987033879093,0.4589453059191532,0.6011810241215829,0.40855288223953357,0.4916676429511358,0.5289138302479043,0.44962721857728666,0.46854938887350167,0.5184377704755837,0.43426377223993273,0.5107507204774212,0.5248600842797999,0.5051354459128012,0.5168874119618165,0.4946934086086189,0.4408314390827725,0.43378809872136825,0.4771714643423412,0.5119696412548606,0.452069667871143,0.4242405330039574,0.564333026671181,0.44576140119878516,0.5425861983893425,0.48229220893438435,0.49983382874382387,0.42167766641425913,0.49886876710543615,0.47579427032531924,0.43592978975180047,0.4244818478671436,0.5483251013441397,0.5184665368928447,0.4952615182876497,0.6264852076195587,0.4737720957010464,0.4866295471342879,0.48662311964121696,0.4969688307417481,0.40138408657810454,0.5921208629709809
0.5140833969514298,0.530875901994438,0.47882948791665014,0.5563325937122682,0.4558867070027774,0.4943104582648853,0.0,0.484588925502636,0.46421474984810224,0.5178453838535056,0.5123810965171949,0.5690376662482182,0.4863377311031685,0.4637392112116287,0.653103377784956,0.4949118154016585,0.5387376026661203,0.5297594887380017,0.5244093260370862,0.4268040909224587,0.5417593208248324,0.5187370762694585,0.553066424535802,0.5059165687549378,0.5301390222059511,0.5132649452634953,0.48054078090155083,0.47873822847600617,0.49494286932253245,0.5151060558493094,0.5358012855653537,0.5591157233336774,0.5765317070660412,0.5079827204649168,0.49199658066811464,0.5211831845936059,0.49274380175309196,0.48450300647022626,0.5210536899002284,0.6044520036313913,0.542260987371138,0.5601757640409875,0.5384456654161133,0.5552908334860986,0.4999851272931527,0.5256586964293921,0.5086269994784437,0.4334187563613709,0.603489544666403,0.503405769183809,0.6340250465982677,0.5300163431121689,0.4882667346026866,0.5666012616387281,0.5872708905115136,0.5005983708971206,0.5167926852816855,0.5677314965449637,0.4863979147318796,0.5069642355432714,0.4417527555955905,0.4789118426388395,0.5320695353483333,0.42690126964760233,0.48840792665669186,0.4619196720510491,0.4602789666625835,0.49543675448818425,0.47441980348354373,0.5056450241441164,0.5173371468269002,0.46193902768773604,0.4422569316651829,0.5822655654649026,0.4924967848374053,0.4858875403508763,0.5343419057206656,0.5498579319824282,0.47199426778924797,0.41131564574652524,0.49229463022779485,0.5256151067189458,0.5362382349445066,0.4430033879028404,0.5076281538490337,0.4920260093835134,0.43972135217535485,0.49754495011127187,0.509048979861343,0.4591514458940494,0.6106793426385516,0.5456960813283082,0.5933966165158648,0.47632638362263446,0.508005145419681,0.522814907620391,0.4130575206008692,0.49811431970874304,0.46844436994039296,0.5349124188426436,0.45724393535571844,0.48790394268679926,0.5047262090181045,0.4701332899212664,0.48854557262836024,0.496280061346754,0.49138022324013914,0.4952896479025217,0.580051333316476,0.4496470237133655,0.6209793117165344,0.5039752599923478,0.4496399149223232,0.4541997964369401,0.5274115287643966,0.5494646857440557,0.5168975308619373,0.5066956562225465,0.5007592307767146,0.47962425053471414,0.4899430935261576,0.4864223445442777,0.42248652293041633,0.6091088325253541,0.41252978828597864,0.554033629836131,0.480829083624279,0.5251810687319673,0.5094537027612409,0.49544227013682984,0.47545486098099354,0.47046103294284175,0.399240256558954,0.4795829352255827,0.42732436274105556,0.46168687633427313,0.4572414283309618,0.5991752677867661,0.46484840339066574,0.5165990652418867,0.46199643482038066,0.5014921686044022,0.5420773141569879,0.47259716480447594,0.5155794343028077,0.5404262513862417,0.5261020422123888,0.5429770490185866,0.4817263215303675,0.41941760054136984,0.48793325680442673,0.5322114494311158,0.4809455099145082,0.49991554979408515,0.575030434298007,0.4652580112876667,0.4142958302628894,0.5673339440256642,0.47504357231725763,0.5822867421013957,0.5149276483309773,0.4733978198209165,0.4488194294243777,0.5244803904598666
0.5524619957002305,0.6105376007660818,0.46896429445612425,0.5226130362445224,0.36438245324186047,0.48024713911283406,0.484588925502636,0.0,0.6254940728955078,0.5748936273134269,0.4904653048552714,0.5284263284995642,0.5213825208763712,0.543883823608862,0.5948759306671355,0.4841018180173412,0.5318255925293018,0.6157335620711999,0.5670203574418674,0.5514393692259364,0.5236702789050438,0.5324321404865489,0.5211419021005498,0.4614278903450708,0.5993292293743714,0.46208257244700185,0.5751182073026118,0.5621967661551196,0.47243408302923157,0.4572404904051958,0.7118805046073566,0.5654538598476683,0.5227361221550461,0.5446495008432296,0.5751068805626494,0.6001998576957849,0.49328013657707365,0.6320473203914786,0.5584422150207775,0.5471632075266242,0.5394159918825361,0.5580213879112621,0.5380325151411219,0.4688236908731733,0.6923307328799791,0.5852877773726477,0.4284527439876052,0.40762142230904963,0.5561691877313821,0.5531739232134102,0.5334226948944896,0.4742678095119288,0.5480379245756208,0.5438683943253749,0.5594543595003221,0.5431602333170894,0.5693153796983647,0.5214929489457736,0.5505400938597534,0.577401124432722,0.5628259160146152,0.5079274737187545,0.5249100180539764,0.5264096280503312,0.5552157221566026,0.5583249151467268,0.5415647372074204,0.4549610897333178,0.5706728164875934,0.7094309539053155,0.5326564038135804,0.5544192598599464,0.5127558773815682,0.574365317018552,0.6829578016977866,0.5298910621166018,0.49388879430083554,0.426168129042406,0.602340330783465,0.3753516977465201,0.502962910993621,0.6106182746023815,0.48381372154095087,0.5791624879913445,0.5856769466145276,0.6765863107523102,0.5515073457865893,0.5449781318944142,0.6473849489237635,0.5665565232073133,0.4994762613320969,0.5734417552601964,0.5213297416550001,0.5245843690498521,0.569086389148674,0.5109036927490936,0.5672871341714161,0.5830984687672874,0.5250043787664711,0.6126966021212862,0.5373663997612709,0.599833542909296,0.5101517316538928,0.5009386406010767,0.6289180346722544,0.5118163234325755,0.5667031900251871,0.5936318433123421,0.5481758065243104,0.4436251184440941,0.5047425376150506,0.5688106758360946,0.48327884805331894,0.6068289756095995,0.5912294496102143,0.5305513814239123,0.59676668700136,0.5114142136464309,0.45890990674451715,0.5632305216699028,0.464985252512024,0.57636529403036,0.4649130785761595,0.5072914723061351,0.4759075728016436,0.5266966440752543,0.5179998736631443,0.5213520490815002,0.5775498653271252,0.578788177097658,0.6352633852773312,0.5027084545231417,0.4831660592237494,0.5725794362837573,0.535528783736763,0.4897070290681064,0.4757323870387022,0.5757140697208366,0.6174165562760628,0.6048890269976409,0.496823169131623,0.5455156130861051,0.5983470041439292,0.5840838947166404,0.553938076861848,0.524232215157541,0.5283842501086995,0.5328409525571485,0.605896818739734,0.5198792254987298,0.603038184049477,0.5769771952588882,0.5553038910008286,0.47729119468690245,0.602013057100255,0.5847371533338366,0.4277295980614515,0.4849445487099522,0.4719697115711183,0.4937911636646992,0.5729500612065994,0.53219367282068,0.5494324469049492,0.5033114746435007
0.5717025882354089,0.5689837556555705,0.4212818003443357,0.4754176536542021,0.3509057785437298,0.4538071691186212,0.46421474984810224,0.6254940728955078,0.0,0.5103148197728358,0.45359623142161093,0.45047078148976016,0.5074326633265835,0.5968943994358339,0.540406536960796,0.4437996203664435,0.48495212859009534,0.6201066416370442,0.484312931979843,0.5446772093174634,0.4744272044240954,0.5008423870901442,0.4802488113870569,0.4350997666416566,0.54256770173307,0.4360405272149391,0.5518528763816027,0.516418858832685,0.43015687744539444,0.44142961297883415,0.6394527799905466,0.5184909716231919,0.47155104066065556,0.4827932935917565,0.5820256922951119,0.5141899606842267,0.4865698580688583,0.6031339994814912,0.4907850148248874,0.519008382870191,0.4775480703152173,0.5758997687510193,0.47727042469422604,0.4405899419382679,0.5797206417324524,0.5403356959875124,0.41276113731690844,0.3864221087290422,0.5241783107991403,0.5131874431830112,0.4920365360527074,0.4438125825482521,0.5594890458252759,0.47551697663760445,0.4772664775995238,0.609905721557014,0.5435180926495102,0.45660191371795406,0.5467207682929617,0.5396968402407445,0.5283972587172112,0.5073122416660591,0.4746880417091217,0.5117760171207616,0.5773240600648454,0.5523602074911478,0.580503646233199,0.46258594894925326,0.5289092900692977,0.6306197702071509,0.5418106714124029,0.5849918095742094,0.541401190329783,0.5235924552817293,0.6036261158643583,0.5660266316441454,0.4627428333073201,0.40749345082265753,0.5333040732366711,0.3853175007234147,0.4981423856119207,0.6257024754408294,0.4807873178468559,0.5504414117507931,0.5709535243470114,0.6330737040331516,0.5485277324839088,0.544336375913107,0.6166661099921895,0.6550084105257289,0.4734478729930866,0.5680882291348528,0.4711146245768263,0.5337704186433229,0.6162911887105058,0.47942296424080405,0.5469173469760302,0.5319136268329853,0.5728497894130369,0.5893186424832842,0.5650013868518662,0.5097613462682209,0.4764311824311789,0.4380238743850518,0.6018509951594817,0.47603387844572315,0.49718110019517503,0.5438932509892401,0.507894861813706,0.43146530349622625,0.4585024422326179,0.5552363926433163,0.502526323505943,0.6313632266079103,0.5492970162626882,0.514642718611174,0.5743403636916881,0.46061402069637003,0.41702201241996534,0.6164547786739432,0.46427399874848535,0.534971740806746,0.4728949740768217,0.48983394724529206,0.5478832224632733,0.45973829983107206,0.5236949442237971,0.472204532120445,0.48324761717760945,0.5727448023519519,0.709135743661789,0.48007931376665475,0.5215667319320568,0.6292601394734747,0.5045471595914295,0.5140573171470706,0.45724726628470214,0.5434613221808837,0.529476629983933,0.5539685815208274,0.47583948970484946,0.5400580648102491,0.6164161002565275,0.5621946210705576,0.5336877670255306,0.500078581774307,0.509254837538189,0.5054359640279678,0.5248677975731194,0.48762218446667926,0.5868451338457388,0.5620445757825879,0.5066575393524796,0.44891439357228735,0.5155568592550432,0.6110731843907717,0.4335145450154809,0.4575141704845315,0.4822718298547353,0.49148701598813105,0.5660447259231034,0.581994502005191,0.5935565202423828,0.513799974419648
0.5166280365819279,0.6429622198950129,0.5011600018842991,0.4833359201030685,0.37163449738995197,0.499185648141955,0.5178453838535056,0.5748936273134269,0.5103148197728358,0.0,0.5159607629421302,0.5422873578667615,0.5227471322482065,0.524744694052097,0.5600111616491834,0.4936754446635229,0.5134431390382366,0.544889937469353,0.5221651758001885,0.4971156712253523,0.49919274104922196,0.5456155381991733,0.505953050143638,0.46338188632679184,0.6588134714281115,0.4436698475018821,0.5183935957680846,0.5124097614023922,0.6152181285127585,0.4505146554838144,0.615480046198437,0.5921614974147892,0.4987181657980387,0.5053064014244467,0.545336683749619,0.5480244728915091,0.509342044933541,0.5409278270741742,0.5226887753967686,0.5275457613892294,0.49661636025850225,0.548508109011169,0.5084510922730712,0.491341836175229,0.5788290202674412,0.5011484505350499,0.4360337159873821,0.4396143959540904,0.5779241205421389,0.4864170981686309,0.49730819062384585,0.4453063537096317,0.4796462363149625,0.5324488508010528,0.6089251898815345,0.5355111428885141,0.4925363873597571,0.500023925817164,0.5425642023425487,0.49499946749242985,0.5125175364460277,0.4568477140252307,0.4760015169906421,0.5017048847984381,0.4807061701084083,0.4800107678274785,0.5011595064433719,0.46881417454583235,0.5470279170338109,0.5847661118742522,0.48873582171630525,0.5117695255842665,0.4709986256454581,0.5334371449368274,0.5637735702311911,0.5201824838217711,0.47949815653948025,0.45100560832890335,0.4833776844021571,0.3863336204896245,0.5076992817329298,0.4939949915186581,0.4962523939184402,0.5260511407295896,0.4970567878552477,0.544892238791778,0.5040474758822774,0.49915934144616825,0.5554871196729679,0.5001018700353165,0.4709659158189155,0.5261172710222685,0.5291832448670039,0.4735019379104592,0.5040486701142524,0.5835713283742348,0.46332579293189835,0.5502202273619604,0.4810693791657438,0.5315799484136621,0.5323336881627956,0.5223051933387934,0.46807844188256187,0.5303895905253311,0.508945473851287,0.4679608046361999,0.4964771238087552,0.5853840946335348,0.5207480665767824,0.47320313436420497,0.5139339056596396,0.4873874424097946,0.4729013262220878,0.5197516440104597,0.5024807069625937,0.48256042687751866,0.5569473825178088,0.5812534943711056,0.4927600737265894,0.5048491269445763,0.4416784904757931,0.47703530998041227,0.4501837212786263,0.5035422138154027,0.45894180505975235,0.6018892280585353,0.4550791059700904,0.4968384908761081,0.6116524125772308,0.5364033059853994,0.574928316849669,0.46866647276048007,0.4436954279597395,0.48543093080449423,0.5113245985590777,0.4844520448584363,0.4852346918109006,0.5443442817363485,0.5744212877280376,0.5230476443257319,0.5059458536936104,0.567107777446086,0.5173130278258345,0.5154053142177211,0.5663670782900214,0.5033798545261784,0.485554591505683,0.5317046841708498,0.6897854213099935,0.4924637557946848,0.5069452519679112,0.5815863576327939,0.4841921420649269,0.4918954826650893,0.5808655166344795,0.5290274942452737,0.4285586118438381,0.4938844428754081,0.47575117624019053,0.4863575960245318,0.5929800598486492,0.5124699921372661,0.48618551040478897,0.47359907921777655
0.5919656781550913,0.5719917360360544,0.5619965553592069,0.46665047776152296,0.425114742063271,0.654731455393157,0.5123810965171949,0.4904653048552714,0.45359623142161093,0.5159607629421302,0.0,0.5480020493599744,0.6470468697514327,0.46469614198422887,0.5470672975598948,0.6237191154508099,0.5983957531061312,0.5113896735917064,0.51773600328683,0.5040623721902743,0.5919091235168076,0.6303080219560685,0.4462132385998774,0.6365703913412,0.5800317684746003,0.5400278257262368,0.42123829570509286,0.5083341545441106,0.5765052516665405,0.47128206823401103,0.511613001525704,0.6026322990039588,0.4802696591878035,0.4928801283612433,0.5078505884768654,0.4624519769606056,0.6475048125088947,0.5030772854612884,0.5483010404880323,0.5716039514338257,0.4808035133006916,0.577416736576495,0.5352181261777852,0.6422231434170881,0.514780620951632,0.4918889507916432,0.44937033698312523,0.6382161700407211,0.5592486417358659,0.47082377661920316,0.5372248359515938,0.5410830642867704,0.44578270525262675,0.5758171223578357,0.5827952706431052,0.5204892232593674,0.538902243777925,0.5388185777222836,0.4554179547196267,0.45913298519268214,0.5506084065341343,0.4302909509784476,0.5800704904791052,0.41595476156615596,0.4681746428209708,0.5056700390642404,0.49853577000070237,0.5606354827941453,0.4605195225757662,0.5417223500135162,0.5691878424752428,0.4510155884197485,0.4707160680276351,0.5873943521738981,0.5495294088090785,0.499597382088412,0.5600830865547687,0.512642171932202,0.4745739010000573,0.5163737197119134,0.6100862168196871,0.4701031426325434,0.5698430100903457,0.539249995691308,0.48292824332103046,0.5234239345025855,0.5329026368368243,0.42591516259344403,0.4708371974367067,0.49556925580418254,0.492110015405055,0.4316020969248098,0.522923847552065,0.5375008626130826,0.4757132588727249,0.5535307451219511,0.4375740530571357,0.4685095676231322,0.42417689552350507,0.4839487301930177,0.5025548889950107,0.4969698299483591,0.4071347773683049,0.4182643224273093,0.4569004482498949,0.5076121916238832,0.4856041146473448,0.5397991408374679,0.4981975278099604,0.6318173043367226,0.6270493435589808,0.45987709799967347,0.526347398949387,0.4409984104919793,0.5180712905549036,0.5717397411825861,0.512046132994527,0.5322015001936331,0.5787191993776838,0.4381145302905697,0.5098041667562367,0.42378428012724195,0.5219008292670413,0.6268912683294054,0.4641463967511255,0.632604376954153,0.4205472041565545,0.531377851607601,0.5469821818659464,0.48783580451547603,0.4709414212347603,0.5521351788495316,0.4696363619538264,0.4981600235755606,0.5581543269379857,0.5470356168073307,0.5739783584311078,0.5337166544776575,0.4866436181188829,0.467707585067681,0.4571238781351616,0.5623912845415936,0.46264159877580285,0.43463767905803025,0.6268080510954235,0.4581305872476364,0.5277157497680898,0.5168360724256813,0.5283008190346586,0.44855678031851404,0.5218576838202389,0.489103648228134,0.4799040847034644,0.4457906983542048,0.5469066905196385,0.5459213159453283,0.5564297182372258,0.6185775453241956,0.46805153665753074,0.5526136745580946,0.5031609684021106,0.5046375577236519,0.4135865674807207,0.6409425702308695
0.4873484791088213,0.5756031199795438,0.5486918457971823,0.5202785259809585,0.44693668428621713,0.5411184770392455,0.5690376662482182,0.5284263284995642,0.45047078148976016,0.5422873578667615,0.5480020493599744,0.0,0.4789967556037653,0.41998990908222167,0.6196338474238915,0.5362602742635161,0.5664316762074749,0.4892089255969962,0.6275054590248574,0.44314428220551594,0.5941637094805774,0.5562035875091401,0.5120852564798383,0.5449586217921265,0.5508653114314532,0.483987655105236,0.45137903827868375,0.4878937662645891,0.5427608749231799,0.5284152755160765,0.5444708751105561,0.5435007881373959,0.5626395320727497,0.5150715798929936,0.4695698990109628,0.5253974551949722,0.47619259316292234,0.48818817973089945,0.5968080416825301,0.5424965526723267,0.5851821585937341,0.5426761329031763,0.5408134927455684,0.5541044300040006,0.5108593594237669,0.5111176414919247,0.4836727618217532,0.45321662098020293,0.5378226645693851,0.4915003638706541,0.5631103134010497,0.5405582774218332,0.46415689669240207,0.6137594952650627,0.6005219332740642,0.47711810752685435,0.5152730509092495,0.6763808187023145,0.4409359433238492,0.4887916216744589,0.45739925205099585,0.438097251023984,0.5506017603542783,0.41641037234717043,0.4550042640600322,0.44875534874715445,0.42462007299028187,0.45429461164930773,0.45219169895091627,0.5142024078205722,0.48689541197191466,0.42761017633224335,0.4108308324201748,0.5525111765037191,0.5308966491897615,0.4437758959815969,0.4983436099388043,0.5187696295792475,0.4908964520215126,0.39897832065999744,0.5005726962133538,0.4912794852922158,0.5429328973387483,0.4600703227594861,0.4814335728827576,0.5224668285629236,0.4388093863103193,0.4327136254795134,0.48379258139935405,0.4554724260451523,0.5362613698968212,0.48914445737123563,0.582090097583263,0.4624428204654012,0.4552931377510828,0.5425438677031171,0.42776267585298383,0.510577042103113,0.422143039589427,0.48313948330752615,0.433956305770378,0.49522421214242035,0.44986505438503294,0.5095287511773342,0.4655967980020968,0.504923732135035,0.5072161891236493,0.5312357864094376,0.5378270963482857,0.47559031653999145,0.6165988293210365,0.4709283598402737,0.42086971426528297,0.4416541271905795,0.5074672629448743,0.5542599768101437,0.5105690384038671,0.5219727934114926,0.5225344132298337,0.4377209755822522,0.47121678914434917,0.46304039998271423,0.42309598316746866,0.5774628985531461,0.39197828673175544,0.6421645062784926,0.4339321213350279,0.5519663347907683,0.5762539116983822,0.4637755622787272,0.4837479150519545,0.498575731498686,0.38693532332683084,0.46862548233666745,0.4603562618268222,0.44581734782010785,0.4995806412880658,0.5367439693563796,0.4850458851852,0.5232376373095426,0.44546540783430844,0.4879546374622398,0.49044256254173946,0.45802556997776717,0.5151143618794783,0.47449767296423184,0.5655206047390987,0.5406229028319607,0.5356586470468566,0.455449195870018,0.4797731284226281,0.5148317667236508,0.5092127185868301,0.49042253152925813,0.6573166074900995,0.45887707201275074,0.41556092395758804,0.587644313857156,0.42860966818319346,0.48388558160798284,0.48113433727011745,0.44861262633789667,0.42739806373929573,0.5098997877398191
