0,1,2,3,4,5,6,7,8,9,10,11,12,13,14,15,16,17,18,19,20,21,22,23,24,25,26,27,28,29,30,31,32,33,34,35,36,37,38,39,40,41,42,43,44,45,46,47,48,49,50,51,52,53,54,55,56,57,58,59,60,61,62,63,64,65,66,67,68,69,70,71,72,73,74,75,76,77,78,79,80,81,82,83,84,85,86,87,88,89,90,91,92,93,94,95,96,97,98,99,100,101,102,103,104,105,106,107,108,109,110,111,112,113,114,115,116,117,118,119,120,121,122,123,124,125,126,127,128,129,130,131,132,133,134,135,136,137,138,139,140,141,142,143,144,145,146,147,148,149,150,151,152,153,154,155,156,157,158,159,160,161,162,163
0.0,0.547467028039446,0.49879601117094263,0.47236295706994647,0.48173302313109345,0.5547293480531947,0.48756750503072027,0.4738049033594028,0.5568815086058241,0.5218456679954117,0.5598458192158489,0.5001193596702312,0.6503331487746714,0.4834492924298598,0.545803598433433,0.5785646923401413,0.5976150588621815,0.6401970919064534,0.5323533832523736,0.6330387206397804,0.5771646907872041,0.5467852136071902,0.4709820723175591,0.5499867583005075,0.6297331552422617,0.5045781822164013,0.48665755189666376,0.5622497995235898,0.4477905654564089,0.4955800959945362,0.5763724953124266,0.5947844359115267,0.46577911721408677,0.4907389426778333,0.5958775485930046,0.4518072638275219,0.6159960295384969,0.5393097046192276,0.48852548755063085,0.5678834120347395,0.4797223790711346,0.5404854106552449,0.5229836697717297,0.5403770435147117,0.5537087418129376,0.5797234825958796,0.4705508794196045,0.5252308422295471,0.5716300654607986,0.5207766052459097,0.5661361151826321,0.5428614807933271,0.4656415937608489,0.5165397944176633,0.48048086505933446,0.5013864405783958,0.6153971032235882,0.5166958014643207,0.5340796954053498,0.5028820014038814,0.49851959647581545,0.4065229979028215,0.5091394761178231,0.41662121114990636,0.5172719286453912,0.5467072714124296,0.5730219806096,0.5567526521594083,0.5174747699307234,0.5180897993411285,0.5831415862789048,0.5035118134726327,0.5463188526936594,0.6150187956021286,0.5940393137463255,0.5639994369301279,0.4815964562603668,0.5136870607714021,0.518503144229039,0.48941163757271666,0.5266846306262727,0.5516843532925368,0.5644750122699014,0.5176906551280616,0.5353266128937072,0.5930733426919513,0.4807308607828671,0.5438787694455087,0.5963309710766457,0.49372621230638347,0.5470432623004647,0.4953792079609491,0.514415168541642,0.5601389809234858,0.5198492317887868,0.5024369098446699,0.43211887520505354,0.49273574049905217,0.40126554825749866,0.6015972186185091,0.4885206196863231,0.40397848865376035,0.4653184120201865,0.43806540597421373,0.5186560481161231,0.5554822102217123,0.5052598238392588,0.5664007732267692,0.5414935974869183,0.5530982408844366,0.5387694454065745,0.49895278067170235,0.590916927150602,0.5221421195353153,0.5359425336922049,0.6137252500357375,0.5706825949379065,0.49796742150182344,0.4793980268095191,0.45990887784981993,0.5159205488809602,0.4229336258067661,0.5176477480307438,0.6380426657897924,0.49662538632475883,0.5309775432254894,0.4524709133411875,0.4418044635919431,0.4847160263130019,0.5256337429628334,0.5093347370143109,0.523935886872968,0.4915917153186837,0.5212182289924147,0.536544654836808,0.49172658390984764,0.5704852334665181,0.5566303224735349,0.5328083662311807,0.5449191031229874,0.4695041910748536,0.4871333143624166,0.5645498343451286,0.45865148422850205,0.5639257144847304,0.5626003320489813,0.517350293213856,0.5323474560096051,0.5606277480077104,0.34560973327432426,0.5971818133092045,0.5049996415321732,0.523072181465632,0.4505770967344577,0.5533333519976243,0.5782828795504974,0.5149497617568334,0.5960359068555505,0.48745784157347094,0.5178334795661794,0.47972577131760197,0.5730354911515049,0.4604122132228133,0.6560156146980398
0.547467028039446,0.0,0.5147555392963283,0.4541187330563185,0.4814544766740429,0.5574973408096835,0.5109181809062531,0.42655359255752145,0.5195074200695888,0.6191065736770647,0.47308433694526675,0.5222514025453299,0.5197869951074621,0.511511706569859,0.5142301081673065,0.49826114478613664,0.5391419131961916,0.5016347437675203,0.4762753196062044,0.5140699724041745,0.5251244799018707,0.5445561365399657,0.4526766606932803,0.5289961311012898,0.5556637757729214,0.4418892946719109,0.4706390526814862,0.4690583654754739,0.5500438656216632,0.46005217312581315,0.5386411242843769,0.5236062931521721,0.492046572891281,0.4561913394012634,0.5777649855215423,0.48065566874546745,0.4867562243844858,0.4904036887029605,0.4682819434788036,0.5594927271923807,0.5232879397142427,0.5501108020961215,0.4218804276155196,0.5146780803344769,0.501761992034419,0.49522639076374925,0.5202193713843137,0.4550643479883718,0.5066945232823094,0.48032120879068624,0.48701747707175974,0.5111159874401547,0.47653706141172286,0.5214391123315634,0.46179946437555086,0.5796809389315178,0.4935875192687199,0.4743003218935827,0.5098338980588375,0.49873608326953967,0.4314885877936816,0.4059586996034045,0.4252200892542468,0.4425970796302702,0.4562300333794785,0.4391446165059544,0.5057520064445332,0.4770801414896829,0.44526936017188357,0.4212694992696503,0.4904976268455839,0.488487573252566,0.474388213537415,0.5126254032043613,0.5226572808568944,0.4919394631330259,0.41465146237934125,0.5545031231715171,0.43443153571593784,0.45169575675792506,0.50435751405082,0.4958218310992306,0.5835656728949472,0.46199749528060247,0.47440940563456185,0.5723160811996861,0.3942848878270688,0.46249965764341444,0.5206141723998915,0.520751543571154,0.49032202682312165,0.5663846721337722,0.5062151606078547,0.47355246931325234,0.4974654861971363,0.5488764210851559,0.40862824677552667,0.5421430737963121,0.4261657764297164,0.5741776195202526,0.48227146330943343,0.34893013833380015,0.4262925209200565,0.46239716069587206,0.46486316407927003,0.49299247081944586,0.4537355033269807,0.5562986155831644,0.5556886049817622,0.5620477080533043,0.49865616626193937,0.4581755022222355,0.5012031288628888,0.4766285267573365,0.4719520221768453,0.5958883680362201,0.5359201278539234,0.4454268920261456,0.48316209030324375,0.48426834973332744,0.49074282119886325,0.38454004706994876,0.4846816454783449,0.5649089219329222,0.479142057090463,0.5410427664490891,0.4659538449143629,0.4400914103491844,0.5332004691037283,0.49287358453725805,0.5640057158168326,0.4697296406936942,0.408250037410122,0.517606149948068,0.4728543336197519,0.46408467073689524,0.528010821847308,0.5572079342662934,0.49042550076601465,0.4789434337532268,0.4443828013701756,0.5073140381636435,0.595826864501039,0.4638012912424935,0.5311023165749541,0.5089609556630063,0.534842902438903,0.5375349402408337,0.5820129131811704,0.3747976782128985,0.45580230162523067,0.5167732061519488,0.4785970143254397,0.5254399397625151,0.532285877714234,0.46993433298525616,0.4329172725949244,0.5705204305872152,0.4813181814504764,0.4425105075640254,0.4889083971024539,0.5372786691966968,0.4567980818201233,0.5180482306909281
0.49879601117094263,0.5147555392963283,0.0,0.4414535208813425,0.5095629567148152,0.5186765754046215,0.42156046085025717,0.4918094396223179,0.49308023380225025,0.5387042851810449,0.5063380036428785,0.4867517722162524,0.5205421779706585,0.4237251832895691,0.5265580428876564,0.5435000799749169,0.5130540291194263,0.5064149509644192,0.4476373358617968,0.483868534979768,0.5823229546014729,0.6784184806659743,0.39479735724023557,0.4893038544468162,0.517197989784757,0.486599675079625,0.43599813141499427,0.42060925239175256,0.4444945686854828,0.43490513096713995,0.4945472533536734,0.4804088162011146,0.4581773405048035,0.39075463898804425,0.45725978239857973,0.45816325183447015,0.49834735050998635,0.5072389339139929,0.487282806999412,0.48402891654454194,0.4916143773160937,0.5098661194332025,0.5025887008307875,0.48478990444685954,0.5054126023184902,0.4878869839775141,0.46435614372487877,0.5026585720986422,0.44234758997037293,0.49441311047282477,0.4943167873676112,0.4938428657916405,0.41472302071897726,0.5230328204712456,0.45137978476242635,0.45222967415510706,0.4774536291676913,0.5374751573227922,0.4668014919972264,0.4343601299722355,0.4691615852239176,0.38808150825642856,0.49845259748225756,0.40651917833941786,0.4570603390700663,0.45987503568377397,0.4855068968788397,0.5488237926968653,0.536043766187703,0.5027501324492645,0.5484729639786619,0.4210859658537211,0.45511148945926394,0.5530137899349391,0.5495030265291726,0.3985959703996587,0.44352146716833707,0.4921889515719995,0.46730826071060605,0.38972512373656765,0.5011138686383897,0.5198969098486075,0.5346394660066481,0.4771446742416735,0.4577517105075352,0.5618628830658954,0.44071733905541394,0.4535894022173634,0.45087858534575814,0.45797466345819765,0.5082629756385598,0.4419730393368975,0.46636813715886916,0.4093201097710592,0.4675236535076387,0.5130376211275129,0.44056580720820465,0.4588896517233373,0.3675576181214622,0.4664344148171771,0.40860072374509243,0.40912080036537785,0.43058639469628357,0.4623176374565944,0.4600023092323239,0.5213708606446268,0.49043850704602904,0.49812532022528505,0.4939810368664836,0.4930756272783095,0.45604908724393345,0.457239716511949,0.47413918589076487,0.4752132586781376,0.4436407750307678,0.49766931553061183,0.42957866880426593,0.45397686439376744,0.4773678768873546,0.41633739807668363,0.47051867507559136,0.42703335588248853,0.4190606986875262,0.5008449072634426,0.4100432780839984,0.509817560376036,0.42531877275468793,0.44706185650656344,0.47521720162247616,0.5128084136000242,0.4748050266085978,0.5788758256311447,0.39949150495618146,0.45564521681207687,0.5347167324405884,0.44844478679829347,0.4632099676859749,0.48266460092275826,0.5247325268810223,0.49862155773654515,0.4360553862569565,0.4489188238508202,0.47690484725541743,0.4810282588853279,0.5175247260714683,0.47751724172360344,0.5813372552890071,0.5152220245058347,0.5610392851702515,0.3410079970295964,0.4557210357834932,0.43337981989513635,0.48894228244157023,0.5157262600634602,0.5446537458769062,0.5165657282612572,0.4052574927945975,0.5496657956015739,0.3979913278667746,0.3980963131323964,0.464248685223372,0.42609049131177223,0.4491735358377662,0.5004186059106791
0.47236295706994647,0.4541187330563185,0.4414535208813425,0.0,0.45845062320303515,0.47805244103736666,0.5001398165909174,0.4391474788891125,0.42145162103976075,0.44896072932033015,0.5078160802163025,0.49408469119018883,0.44427301539446473,0.41266725603628235,0.5352598437780235,0.4399524127072566,0.46191092927282384,0.4625687689558405,0.5087515446197803,0.4082561820290249,0.5008669746396677,0.46499019208699344,0.4278599767747638,0.44720552586901996,0.49231587937110055,0.48459833012172354,0.4396764283668125,0.4558970528640275,0.43139637200618725,0.39358127142344507,0.49650824263058074,0.44840040841782,0.6383793172332426,0.4334208651497675,0.48749748453455194,0.46918504387440324,0.46251306466962044,0.4552606477929215,0.4817206726030222,0.48647610350838555,0.5257263328156141,0.42804779961873013,0.4545956510507949,0.5602142390334202,0.4583899666554054,0.4437255208842997,0.38311275383929444,0.46161190954844555,0.4665526067446379,0.4449454311916179,0.5512871827337289,0.5094413226916706,0.40802233391837134,0.6187974400392635,0.5181944110457912,0.3919652513457107,0.46256744257731225,0.5273744848566582,0.447548234835708,0.4281541120396466,0.45451521668519274,0.37132361820886184,0.48636647192859034,0.3697954612732054,0.42776726304045104,0.4236578871926028,0.46950792370342254,0.43107830111668405,0.4372434048297908,0.4744604915552653,0.46103394746558823,0.4153495547932112,0.4632850015285475,0.5226802349398271,0.47200853213799654,0.40950842361556167,0.4432676495760837,0.4725378568871772,0.4529106610075664,0.38860552657866587,0.4363116430589092,0.5181616941597021,0.4317931904215577,0.4359534637164495,0.4707802038960982,0.45695178769049893,0.43031137924039725,0.4734147470146475,0.4522255381190575,0.3937999784028267,0.5492835797149439,0.49660374189904727,0.4826618455422755,0.42124942645941355,0.47487317937840107,0.49069476264330497,0.3981499822967722,0.4559475100505231,0.37130472212954024,0.5002540767363959,0.4227592387432577,0.3901538484473421,0.5654336062204183,0.4883573033887279,0.4702558103445726,0.42147866739276735,0.44343521802684865,0.4392414693959501,0.45723003079890473,0.4129610986559471,0.5632607580064972,0.4632428862830194,0.48523218888809255,0.45320103512233917,0.470623609803527,0.4613712845302286,0.4436888051943369,0.41100291575563563,0.5093517363320123,0.4369139297272667,0.421750201926355,0.47498796479345184,0.3968121007581375,0.5093950809137505,0.4026012133613964,0.5227774545956795,0.4155859759299482,0.3971335677492127,0.46856636901763016,0.4392615625793287,0.38634937737537456,0.42976808921397586,0.4021329173171621,0.4901498382290257,0.44302528998226826,0.3903536074990122,0.3829182607447539,0.5066028836755914,0.4519007981042235,0.4778025799120923,0.5571793763701759,0.4023611080745735,0.4914906322751947,0.45896774299519605,0.47082604077706003,0.48112032591313,0.4487803681821051,0.44690322029336566,0.4345794314084629,0.3143882032656686,0.5289863988608053,0.4717937473853944,0.4506727641518838,0.38215757302966713,0.5544298613946138,0.4462319000281966,0.391659646767141,0.5038732786435585,0.5496318715376107,0.4588942791708529,0.42166240649106806,0.45196609963923534,0.4166335808500667,0.503962135893935
0.48173302313109345,0.4814544766740429,0.5095629567148152,0.45845062320303515,0.0,0.4444514272574769,0.5188594515623806,0.3972149850515415,0.46243507248689925,0.48866648795361584,0.4777304383011905,0.48679261862105344,0.4414434860508591,0.4232598441099224,0.5123535355765432,0.49044161820135335,0.5268082031045918,0.5060636204881291,0.46035322854993477,0.43619110683309126,0.5681856387859453,0.5271334102406955,0.46562627296232867,0.4958727901920793,0.49127142542943375,0.4747028441918694,0.45176333601798596,0.42728117673350613,0.4452813156785857,0.4864195608133261,0.45953957183173977,0.4608198777730075,0.44912354172638674,0.4073013322277324,0.46686101418468373,0.44930043078378434,0.4483880719444211,0.47952819967792115,0.46792864228087916,0.5303428795020919,0.5112130730762622,0.5380418015546241,0.46487665297009323,0.5045361654074737,0.43206587101054345,0.4688820317418429,0.49531291381723425,0.4425763655205724,0.5003745952782335,0.4862585393870177,0.5234544941414937,0.4979201994211554,0.4324944103438426,0.48878240956460955,0.4446927860185603,0.4451736535700619,0.4905400916421143,0.5180479617756615,0.4829990802024929,0.4432997516878867,0.3847027153277378,0.38344396311653345,0.4432958581340244,0.4109523612054186,0.4622332286448112,0.4186437436736434,0.445018334132726,0.4757055370662482,0.4709105199354652,0.4243508545524595,0.4830623384465903,0.43865329102691536,0.4446053355986237,0.5178900894950408,0.46803790417177554,0.41075372801953414,0.4332772729561632,0.615906919487797,0.4283794530743764,0.42109135417898025,0.4684288493364386,0.5068766477098126,0.5246861805458148,0.4051797793534362,0.4901101004701407,0.48492096277625185,0.378287849838494,0.4670331013097695,0.43872921558215616,0.4208715376773997,0.6104391146536381,0.4810822743090232,0.5148462392597011,0.41634268097687277,0.5047549411110133,0.46216118970035375,0.37487213752666365,0.4529183041930053,0.39836363199430647,0.4567947804832967,0.4087905540905433,0.3632192101716752,0.4661344953230793,0.44814949904603285,0.44210367823977675,0.47666118605635005,0.45007405686627516,0.49006824712848795,0.5180172432473793,0.45985441013688977,0.49903588939466287,0.49907893817274074,0.43264440792391284,0.4807549106603646,0.4349793907517738,0.5107620360795307,0.45136018492140645,0.45999306910874405,0.4630736784657237,0.43229149627530983,0.5320851995126133,0.40065798850268725,0.4171610882607202,0.5371132751014271,0.4220252673916515,0.46463926174495696,0.4402030003105119,0.4063601008695871,0.44729324989264974,0.4753063758668717,0.4515565447303592,0.4874337046871607,0.37488186364699144,0.4686520810754346,0.4334609150536162,0.43843655467739767,0.43767493268169116,0.5208307109744968,0.4669481330271101,0.5119701561182933,0.4046802503211848,0.44579857623421576,0.524683986193,0.47521791660198476,0.5063775669852675,0.5030054695573548,0.5215907068837504,0.5083820475246423,0.4868476820466374,0.3427614769975787,0.4387704250839393,0.4693983710802624,0.5019368373633144,0.49430296762228937,0.5360873976736338,0.4386014122185158,0.3895537878608464,0.534039160258796,0.4240774751701636,0.44214849579489296,0.4509085379344666,0.4558318058319065,0.4838456115304328,0.5522652926141655
0.5547293480531947,0.5574973408096835,0.5186765754046215,0.47805244103736666,0.4444514272574769,0.0,0.43996729779458504,0.4842723620508001,0.5037564997506658,0.5007853836089969,0.5124225568959647,0.521612529927864,0.553127871529213,0.4515805154072191,0.49326111889758106,0.5167849300691746,0.49088697262378317,0.4589039001675612,0.4757421452432872,0.47948227431215046,0.5128299602972521,0.5188050572087364,0.38668690237370534,0.4614679726676457,0.5381998942480173,0.4730481478298031,0.416186984480024,0.4438491876683403,0.46657750729177805,0.4341156616178456,0.5709438992879716,0.5332898002982078,0.5172527651748943,0.43765800433868457,0.5282460308786688,0.46932119204236394,0.5490882296200069,0.48463627283003347,0.47942348716734706,0.4573796966528258,0.47691319705048424,0.4859354675426498,0.45146676921922246,0.5630789825042695,0.5119855761933767,0.4636008962913371,0.4471276833941825,0.5334211087040933,0.44417809479566445,0.4588589365947236,0.5003594280761703,0.5359415100630727,0.41814672976937395,0.5499988031617087,0.4837388971104768,0.501512126409931,0.47177553576892,0.5405004219679123,0.43051072587889055,0.447147698287594,0.5058275249690519,0.4115213779277758,0.49821361702731604,0.3904381985732019,0.4289553700172428,0.45113470947169293,0.499087743324428,0.5114894523266749,0.4395975081291998,0.48451826597753683,0.5310843685759913,0.43175016799274396,0.4855654863253706,0.5143072624866895,0.5456553771131205,0.4562242001607088,0.43407291145888616,0.4872690983461496,0.454915081897699,0.4485187508048579,0.5085166208793479,0.5060444006779933,0.5290355256821774,0.5129574056712591,0.4584788755448145,0.540299694396228,0.4820229422151113,0.4546342882033501,0.4990052702315395,0.48661222478088834,0.49166553645740185,0.5091873940690207,0.46863473860119814,0.45178804868886063,0.45447062136263366,0.6017315281348665,0.4424668835122722,0.5048363081722161,0.39232551068251703,0.5303240681302317,0.45916267670438654,0.3859764364166262,0.44017506133424256,0.4523255020850627,0.4847266370689495,0.4806455209781635,0.45536262311334585,0.47966830854373743,0.46209764081474347,0.5012268462800021,0.5042111436786518,0.4388059017733679,0.5814652019550105,0.4564542456365273,0.48003725072604725,0.521844449708649,0.4765109887401018,0.4170008225881638,0.502839539396001,0.46707512546938357,0.4412029382100028,0.43661341274445487,0.4601663940348346,0.5430184862164605,0.44882694896685116,0.5762826383033838,0.43868445158420094,0.45937695859579447,0.5056130216889562,0.4545004795149169,0.48422468569318017,0.5016350301379047,0.4385900754402035,0.5209282913786614,0.4919516820028879,0.43217314257062645,0.4803287901916302,0.48141201769814984,0.43780204682247703,0.46248308304057634,0.4908378685572858,0.4796894268383086,0.4922489228186572,0.4498958833066328,0.5160214770549968,0.492998708151428,0.5393571574502793,0.47843022785515504,0.5106717652957541,0.350326705268459,0.5087343413824099,0.46306245997779816,0.4336282021300597,0.4190512346510049,0.5314282143305663,0.4986176374609635,0.4217866627375626,0.5872275129445098,0.46108009354856416,0.4459388825052005,0.432574721891669,0.4977514019094878,0.41077940991514517,0.5074364698193747
0.48756750503072027,0.5109181809062531,0.42156046085025717,0.5001398165909174,0.5188594515623806,0.43996729779458504,0.0,0.37940002678637585,0.43377953434489464,0.5281187991257116,0.46989155907333674,0.5269382551871836,0.43716890646907774,0.4086094962653887,0.5365828733331576,0.4391302951962951,0.4778458038698168,0.4826831758273807,0.5151901348001028,0.4204199586364414,0.486271040951513,0.46464971273706535,0.5642655486341798,0.537131522967407,0.53933695997232,0.4184062465435886,0.470304336881781,0.47552691199503905,0.46848081202955566,0.4776707489242048,0.48043037963846735,0.4663471130889662,0.4725910137941286,0.45914662231442643,0.4760401978194502,0.40828430074408106,0.45555504486323695,0.4149029589218925,0.45447791341197474,0.5582307574659765,0.465436352291052,0.49109226188451693,0.41604071295142714,0.49718421088214265,0.4260309698609405,0.4560969212742106,0.43219278197375827,0.42113655271115075,0.5964172237133741,0.4189699942163956,0.5032301071819587,0.44826452365815944,0.4190770629507096,0.48752341934021276,0.45705907245348676,0.440799554966809,0.46826246187897896,0.4555174926278728,0.4876154440028383,0.43468146985317135,0.3835789021717006,0.34720465926053456,0.38982199201473544,0.3667791504601885,0.4277680138584002,0.3980249442396019,0.45039510748396366,0.4338529869630661,0.4012583546477517,0.40458386450456063,0.42609376949009325,0.4234941870680053,0.41374413240239705,0.4911454472970621,0.42460190180284885,0.4659484879457481,0.4282151689382494,0.5703954706291178,0.3964252543549425,0.42948690332626943,0.42564432722030426,0.4629962448174612,0.5140131407557024,0.3756109561909571,0.44318484805686525,0.4375182829413503,0.3662124909458738,0.4550916534131737,0.46855775330508964,0.4195903246130212,0.49810086711342794,0.506734023021844,0.4974649781718896,0.442930490156343,0.4584447943659047,0.47540737708152153,0.3443171809175036,0.44712089497850144,0.3675980298701195,0.48849157474222965,0.42219130385982834,0.34634041367132423,0.45133924818137383,0.4565945226328286,0.4040206399801506,0.4200219235870331,0.4108123043916776,0.48368975502978284,0.49948226930797973,0.4833419444657388,0.5745102300857696,0.42960465695665834,0.4285390789956347,0.43846717867946927,0.4169044414185632,0.49491962329042943,0.48727732914826083,0.473239278546487,0.439706183355033,0.405828393495491,0.44074057092667196,0.36906553476708476,0.40376410807333774,0.5856898843412787,0.4089188070788913,0.49815917160626183,0.3946572041134139,0.3869263625114348,0.4307579964029994,0.4247212227804114,0.4250847405554288,0.39801944870808287,0.37616485413803075,0.4380726341950145,0.41036537491271424,0.40033134346138843,0.4415329143982579,0.5096069818202565,0.4462852896552323,0.48590963284715216,0.4309403380873481,0.40748274462385436,0.539085344941904,0.4084608394724825,0.4654610517748148,0.4829487667598123,0.4415801755174219,0.4948648106127341,0.46135128020731137,0.31105381472508536,0.4540278435567992,0.5006111892092202,0.46085890077338143,0.44593213278202914,0.5261833859659073,0.43075437078481715,0.43947985601994727,0.5408602264276944,0.5054728890339233,0.47520668268782457,0.4332132395369795,0.47658786340049547,0.43159105672110976,0.5220723272594588
0.4738049033594028,0.42655359255752145,0.4918094396223179,0.4391474788891125,0.3972149850515415,0.4842723620508001,0.37940002678637585,0.0,0.5004194685678184,0.4273745626592355,0.4658190243876658,0.47428175748537227,0.5251655362440679,0.39197541471514613,0.4953155476523172,0.5081305904186566,0.43140992957859153,0.44833717996276734,0.42972878839683126,0.45082976294369576,0.45653778810651385,0.4797354485895688,0.37119133693846357,0.40633666912022254,0.4628268810505694,0.47936515063482804,0.4593822821421949,0.41508214755900646,0.36542213535785295,0.42829117848649273,0.5716246557385225,0.47949430987130215,0.4564529849219988,0.40909001045656485,0.4230868885154386,0.4446843642957178,0.5238613399623815,0.47897571115883586,0.5068861083355588,0.4124649878951305,0.41852361987484493,0.4061579020037601,0.5151259624701854,0.42457759140706197,0.6062154391158137,0.4895619026361742,0.38740718671960006,0.4504046000569154,0.4047436496205625,0.4611615975961504,0.47857080280450004,0.42828958276449497,0.36757460589461344,0.47101307595390596,0.4588272781167222,0.39792593974591856,0.4480254285754544,0.555747549773836,0.39183606339568455,0.4400398258356026,0.5514183940538286,0.402375107458203,0.49400940502919427,0.36215416779761556,0.40260149532902095,0.45087614188513986,0.48516916243586267,0.48603235466763334,0.48125636206968186,0.6360820529532568,0.5172369430567362,0.3926729988303203,0.41911753518864947,0.5157480483673637,0.5186832476081238,0.3894894432143154,0.4820524832568772,0.4157648871233909,0.5090314133749464,0.3476741528343714,0.3982240526954193,0.5008110910476463,0.45774319024281235,0.48550690121352325,0.4221231701361854,0.5182386774597565,0.5640653655215747,0.47642528591272226,0.49402691618132444,0.4632834459576818,0.4639718823228043,0.4251135038266702,0.4264435811086368,0.3951196968030054,0.40306936309954877,0.47056855241210066,0.47106568512163505,0.4119219654398069,0.344139077515585,0.4795148046070187,0.40543700289976414,0.5222342800864191,0.42820853815211274,0.4063379467433791,0.4802325261768675,0.5042775149972916,0.48252496715571963,0.4143260335860282,0.429733005625682,0.3978892549363527,0.41931228602787335,0.4233030899436525,0.4523784063110462,0.46650230596063896,0.4506843491088033,0.4494876103322015,0.3867976773041425,0.4161018799650143,0.385375178661981,0.40444921113222015,0.40411651881992106,0.5343624443334448,0.36824094697250653,0.45710860756175437,0.36124765323513036,0.48990511126885067,0.4067904488275376,0.5473352510791141,0.41625842568647375,0.4589296946523288,0.4298352586438033,0.4886673349297665,0.453686292041758,0.42936197220752714,0.480481969725785,0.372078370950459,0.4251315753888997,0.4356697845575571,0.46619344130792373,0.5063784740115082,0.4248452224705858,0.40755635984623073,0.43126805116603695,0.4305489345894661,0.4483986833325009,0.4625863037980015,0.5139691467416994,0.44200942122812786,0.44749477329895276,0.31702197588316416,0.5152333821863928,0.377893789927537,0.4392774875698999,0.4146592824918771,0.47233099830551284,0.5440241845935387,0.39414378911709774,0.48686439790672437,0.37348831650666303,0.4002848587089488,0.37447867230483545,0.3845345551048329,0.3881571003877814,0.433039471915684
0.5568815086058241,0.5195074200695888,0.49308023380225025,0.42145162103976075,0.46243507248689925,0.5037564997506658,0.43377953434489464,0.5004194685678184,0.0,0.4873541481118422,0.4494619886050194,0.46829796825827197,0.5166254951211374,0.4554116765704538,0.5018598685130301,0.48914577436818674,0.4714185160343331,0.5117773318153316,0.43027492428815406,0.4986784900994676,0.4894028589591465,0.5413856076056409,0.4091098138842642,0.44588798225120563,0.5078079732996669,0.4459598299829816,0.4813070076100726,0.4261724271475476,0.3950994408204131,0.49949615038617473,0.56455669910887,0.4902522994090713,0.43482151981515293,0.40725473377696964,0.4902924432830332,0.43887747113683884,0.510405471692264,0.5036563902174422,0.45890225152942027,0.46145916708742063,0.4376515279395924,0.5655232527082453,0.44987062292495483,0.44300935763599286,0.5104490489309816,0.49181105225726285,0.4696450493915282,0.4248660547171233,0.44855951195487764,0.4783184356779721,0.47482881845291813,0.45576251052415123,0.4224794036773024,0.45005238245675716,0.41488451879906896,0.5547898049817276,0.47902928260960675,0.5006348104843061,0.45119605182729344,0.45890033820374293,0.44602961534779645,0.41298217871831155,0.4393297671113314,0.4056837287072235,0.4574733978559416,0.4480152300105584,0.5202415616342749,0.5406851308925813,0.48173114480211215,0.5006364213400211,0.55425806645366,0.4442696860040196,0.47467246641056793,0.5071289336421976,0.5257327932961925,0.4393187290471996,0.4310069260652295,0.47417476005120845,0.4479435932981685,0.3975805996920784,0.454748147986134,0.5745439432809749,0.5847053745242102,0.45434626088860763,0.46556603113974043,0.5877596878300404,0.45753431484256984,0.4916842512880383,0.508673247813985,0.5937522922662217,0.5062670794081774,0.5126100752100731,0.4427274628095716,0.4265263452436328,0.48142048871361526,0.5011331361540251,0.4323103281504913,0.47054906524119305,0.40221413955504554,0.50852931507838,0.43306108821063033,0.3909024172451137,0.4281604702346245,0.41664625657115456,0.47988225502407533,0.5066168245292634,0.4477828186052261,0.4883102485398586,0.47261072796814335,0.4625545075687335,0.4337416576547361,0.46459153201713066,0.49033765405411517,0.5238559304901886,0.44073974988581893,0.5337475689195351,0.4451590399699317,0.4246019052389962,0.4006287484038149,0.47548502568363854,0.46864355257369567,0.43578990407379753,0.4264259149911832,0.5071936345382565,0.4473818712306741,0.451710437413653,0.4602091590009629,0.4638497245777284,0.4213766052281929,0.48746491824538174,0.6177686407143242,0.5112717837295695,0.4356460727366498,0.5107619850812004,0.46780819810091756,0.4291788739818103,0.47618598447210214,0.47501519029043704,0.4586296344821928,0.5122741251189034,0.4095119629635388,0.4639961533810988,0.5412347980839725,0.4724739491573533,0.490625422860116,0.5208622456006561,0.6236192493633355,0.48726169882432874,0.501231336381015,0.343683745534194,0.48127970269409304,0.4317227114435343,0.46919847372330953,0.4922024155990837,0.4926300203784131,0.5424436665587163,0.41236533961935495,0.5320802718903419,0.404415193458059,0.4187821342327784,0.4254919158833508,0.46875418786153233,0.4715001308261723,0.5153808329282957
0.5218456679954117,0.6191065736770647,0.5387042851810449,0.44896072932033015,0.48866648795361584,0.5007853836089969,0.5281187991257116,0.4273745626592355,0.4873541481118422,0.0,0.48738341029737947,0.5323565273579735,0.4992527671901232,0.4434059476524721,0.5344611998749236,0.49850125695006664,0.5178390140166637,0.526443735634896,0.4958954528759329,0.4859508631485403,0.5258015907842256,0.5546487686021748,0.4818440428662243,0.5240263299705773,0.6338360084949123,0.42762823628710006,0.4765632220037811,0.4704277008652501,0.5371076185269227,0.4775524289277158,0.520807016766201,0.5135482815264766,0.4594412107599766,0.43640040459664775,0.5024487247154732,0.43868340592430016,0.4919456209401127,0.46757401178840885,0.4629881085338594,0.5333630882764644,0.48255749991090663,0.5433122325631451,0.44954955143511854,0.4928056257764956,0.4782186822775122,0.4861034180775,0.48157781170353425,0.46065916637971205,0.5401737662627348,0.4528606190399446,0.483081343898736,0.4608701458618623,0.43597039082837435,0.4965812735552772,0.46269985589872037,0.4992492812373228,0.4776554051923286,0.48056866689145,0.5272529991144004,0.44654293323504946,0.42125321344058875,0.3689229761653999,0.41888566308292147,0.40864056019359213,0.44930718313265416,0.4313178653925239,0.47697662154857207,0.49074154551427746,0.47464146334744545,0.44718348707488614,0.4676843095660725,0.4504251772106741,0.44020375525618627,0.514392410162279,0.49531603206676506,0.4741583833498225,0.4220617977207866,0.5415765067785585,0.42795932262139763,0.4230078884878994,0.49042440755071487,0.47635376126720713,0.5782530077299526,0.43317165061246815,0.45438208283357406,0.5135452037437547,0.3973887455997422,0.4681400563439743,0.502590766629331,0.45961872436742446,0.4838830191472203,0.4995727644532048,0.4982911495639913,0.43955921586037894,0.47003617329295755,0.5494927424619813,0.3824784590328212,0.4968071889217456,0.3791568835092488,0.5010089460290642,0.43935158477677294,0.3658714155154608,0.4362072891431988,0.5144357699166662,0.4336070266133825,0.46974985287947896,0.44813494712254975,0.5722637208262875,0.5285432017647862,0.546220221958676,0.49941472694769384,0.43984615790878795,0.46170377232286725,0.4773048704500531,0.4341688736414885,0.5103238405691726,0.5126433035271719,0.5115424841898175,0.47253239609467423,0.4271633256110907,0.4513613905427971,0.3834948980339523,0.43423927515175825,0.553187442594971,0.4347997189647368,0.5530427929288663,0.41161308936043994,0.4120180790317864,0.4909329134750002,0.4824801689625446,0.5162937121711075,0.4564140764291755,0.39268034848290606,0.44527924487932413,0.47178743958906966,0.4437953982162587,0.5114932731387908,0.5096098895732932,0.5188931663230252,0.5059537150080556,0.45294494792961,0.45584610215869387,0.5286641237985116,0.4461539314523217,0.5159187417271978,0.5005800264453975,0.49146570295748415,0.5583093988803133,0.6387698776307322,0.33973492155693247,0.4511690918302616,0.5193690479622864,0.47461490846740545,0.5264625569904338,0.5714550325601391,0.4803320119446495,0.43535110450850156,0.5690666287234839,0.45414885535631755,0.43244616034494604,0.5031649060741017,0.491123905977272,0.4651428902336878,0.50118576499385
0.5598458192158489,0.47308433694526675,0.5063380036428785,0.5078160802163025,0.4777304383011905,0.5124225568959647,0.46989155907333674,0.4658190243876658,0.4494619886050194,0.48738341029737947,0.0,0.5139324911132551,0.5802722077909866,0.43739884824162484,0.5123252960365382,0.596870528042449,0.5444927874921168,0.513059690892596,0.5285474749494508,0.5040237212268667,0.5466977627537121,0.5473949415296394,0.44300795810882393,0.5101828415028329,0.5644412080580964,0.5060094093635653,0.48012649652946693,0.5397153851747918,0.4667750921397636,0.44836914056555527,0.5149243012075605,0.5552259890575185,0.46145528222128424,0.4632249954094159,0.5053422735630383,0.44805343765905326,0.6031703428212807,0.5001529881347785,0.5520080961979733,0.5146177737756655,0.44897856189579693,0.4617787447589715,0.5126785781505756,0.5449866959334535,0.5114629523509604,0.4752249312132093,0.38531445288484945,0.6234524785278787,0.5408498979759178,0.4742638076060515,0.5549830299020757,0.4690430992142458,0.4013998675893642,0.566895292784368,0.5729799324954029,0.4035028540067864,0.5308194233750846,0.550433673595981,0.47775403029542657,0.4528913057582506,0.5394460534783161,0.37422830779340194,0.4920506993727512,0.3900021609364343,0.4406634946454634,0.4707763075720098,0.5389817665090288,0.4873071966580643,0.4964937467361923,0.5342520422935765,0.5019370783164555,0.44118884029134425,0.501865269089992,0.6111208942673675,0.5412914705105828,0.44728377508229733,0.5585574223673652,0.5037913149247576,0.46002829502943976,0.443079582739897,0.4512867838525238,0.48535568075041,0.4741393262085782,0.48005386973800535,0.48148163315534587,0.4817211852432201,0.5054043303393763,0.49585629767452316,0.4826079991098152,0.4211440072232153,0.5249335951850183,0.4307321111203508,0.5197768282747707,0.4755529602661589,0.4711533749614508,0.48143620792177044,0.4133289902843004,0.42232247302269904,0.36704826560430853,0.4935653243300998,0.4726528848588801,0.4436817195869407,0.4505605201193559,0.4168782674676593,0.46961360406533736,0.4654244416077438,0.48345263397974036,0.47931112963440525,0.4600232414669349,0.49484945060059454,0.5806733663419911,0.4661652586654891,0.5334003327658359,0.5072660913754503,0.4668867061811069,0.48957447157549494,0.4514555619526553,0.5340258663634277,0.4898946900216446,0.4155069900495136,0.4734328304623695,0.4276020689826975,0.43996606940151406,0.5509164781241361,0.4317779379322261,0.5626372398667531,0.40849429145269245,0.44128097794414484,0.4721856118808408,0.4678466064210288,0.41241879570259576,0.4987170131148982,0.49808600031412303,0.4785617636864317,0.5589676198746831,0.4260640557280393,0.4510295530817631,0.49677587937049184,0.5194828837374597,0.5136318051355613,0.462109211725985,0.46068634433476424,0.47705800089560957,0.4514209377916717,0.5498880264971208,0.47262312429435027,0.4594682848725294,0.46872058336022787,0.48976099103765713,0.33223037312642195,0.583978504043565,0.4496223616644107,0.532444307195656,0.4023675948566594,0.5184051609459814,0.5322576121091812,0.5185165111420619,0.530576170527316,0.4796669118890802,0.5186779552025101,0.41227639610979905,0.46728050385367687,0.4116336833891164,0.596718980041372
0.5001193596702312,0.5222514025453299,0.4867517722162524,0.49408469119018883,0.48679261862105344,0.521612529927864,0.5269382551871836,0.47428175748537227,0.46829796825827197,0.5323565273579735,0.5139324911132551,0.0,0.4831934255980221,0.3966811290742692,0.5274897730717832,0.5153607562352644,0.4939927384623884,0.4550283493366708,0.5640671506006292,0.45634378531129316,0.5159722449425962,0.4921456518885052,0.49247997976657815,0.5117346280807926,0.5899564866643333,0.45383782116591254,0.481458682981112,0.4857906803329915,0.45231912190839824,0.5152750869171115,0.5820160087398597,0.5209818630892068,0.488468847221728,0.5226783220986949,0.48002959046850596,0.4538499905367257,0.5066182300071669,0.44438793039258245,0.5238970344242446,0.48328635088116506,0.46530338617389777,0.4838923202170805,0.46120462363541087,0.505273293057116,0.5217453913069564,0.4749600326842831,0.43641146006186105,0.46734541599469315,0.5168885946823943,0.4432044373970555,0.5070967199846302,0.46990024317663376,0.38434580361344767,0.526512723463098,0.5036687062674077,0.4452648355301045,0.47092544475892206,0.5910669949973061,0.43011925649572796,0.452486645518939,0.43435837939901767,0.3658977641484392,0.4289223122881502,0.3760771772026523,0.40164146942149037,0.40743305813308534,0.45531366564874104,0.4427812500536676,0.4246363894407623,0.46623038557600416,0.44894129749081874,0.4052727861692382,0.4189846266524112,0.5171881689727571,0.47530338836692393,0.42773594227461004,0.4574499862287719,0.5288353600934979,0.4394706326412182,0.3908160490370487,0.41296848274337894,0.47852618096830873,0.518089427695269,0.4151567593507173,0.4436366559891184,0.49422336175455883,0.4259112099522525,0.4533483539718279,0.5001508888892026,0.4559158751154578,0.5049192700940328,0.5084328897843494,0.49119306954041586,0.42304291006479067,0.41951744885893344,0.5379427300169712,0.3794606845045158,0.4917264229565673,0.36243776228706237,0.5062879321073895,0.4179715298571462,0.3971676123508823,0.4566640317561357,0.4898960195509898,0.4347316217490814,0.47177607890200474,0.44901908476752955,0.5078838123014086,0.4704484471272375,0.4898895441199542,0.5774377193353071,0.43443787302989667,0.4415129058740281,0.45232410306116067,0.43295939007358863,0.5130126243700424,0.4593122961660685,0.4864288220510586,0.4533277160022914,0.4136940144407783,0.42710130060042867,0.41088565119381154,0.40997368421395447,0.5449421139066355,0.3823467355105573,0.5744744922097794,0.4032934007858761,0.4736405748434586,0.4812222129407723,0.4209505556900922,0.45818247117657246,0.43777411824333656,0.39480519832416977,0.44674979429171785,0.4561461493706184,0.37460676496829914,0.48242945337141024,0.48442265597513506,0.4780864444773011,0.5120999384469742,0.4226515696476372,0.4277681997765568,0.4951471893484897,0.42237035194216876,0.48069086508692255,0.5337203637727465,0.5066210449817777,0.4643136931789522,0.521249448691617,0.3314447251701272,0.4990411340207515,0.4354555727007882,0.47989622000320203,0.4548673372027815,0.5869687227858038,0.46371890182455855,0.42546793113084225,0.5927745362862586,0.4286134769285857,0.44353267001740054,0.39069090472466095,0.4393274699821901,0.40182574547507266,0.4927538915430984
