0,1,2,3,4,5,6,7,8,9,10,11,12,13,14,15,16,17,18,19,20,21,22,23,24,25,26,27,28,29,30,31,32,33,34,35,36,37,38,39,40,41,42,43,44,45,46,47,48,49,50,51,52,53,54,55,56,57,58,59,60,61,62,63,64,65,66,67,68,69,70,71,72,73,74,75,76,77,78,79,80,81,82,83,84,85,86,87,88,89,90,91,92,93,94,95,96,97,98,99,100,101,102,103,104,105,106,107,108,109,110,111,112,113,114,115,116,117,118,119,120,121,122,123,124,125,126,127,128,129,130,131,132,133,134,135,136,137,138,139,140,141,142,143,144,145,146,147,148,149,150,151,152,153,154,155,156,157,158,159,160,161,162,163
0.0,0.8326246778427902,0.7953685876421339,0.8382476606416669,0.8976516681942808,0.8428407687865918,0.866429899232313,0.8454519338550087,0.8015543583451892,0.8419460608768126,0.883847783430495,0.843143558466955,0.9589940319637378,0.7975937660904746,0.872559043762918,0.9160171542442028,0.9392642063329153,0.9572971805277216,0.8387165847008363,0.9129492449026524,0.9119393748053021,0.8122674759972569,0.9014115068221847,0.8937640272487865,0.9250948746461667,0.8541720650198286,0.88147228007948,0.9165224305825707,0.7440448749650967,0.835734583172885,0.8840087717178655,0.9237717584873179,0.7929011041694856,0.9129345890373173,0.9259019418649631,0.8031855727792627,0.9474728430267946,0.8219104699276026,0.755842579266277,0.9226896293957417,0.7676707677353849,0.87196748208804,0.909391686136569,0.8804158534876736,0.9275970165862236,0.9521243693117613,0.8505775326893869,0.8846068440012215,0.9255648467083226,0.8907633482307813,0.9279195044169425,0.8745934912886367,0.7942238851970126,0.8454670227538212,0.8507319308784091,0.8057862149369935,0.9367157059846373,0.8627082933203055,0.8567132847995232,0.8948591009164751,0.8515405423880023,0.7267147950880444,0.8679056608631166,0.7488637467391074,0.858894923924746,0.9050243221045733,0.8740453191784073,0.8305291926338685,0.846099898507209,0.8628709625724493,0.8810859901894335,0.8601877457563525,0.8434076554704294,0.9370304873208579,0.8718560315283433,0.9092731699972862,0.8623958753564138,0.8792775306634328,0.8044057796229229,0.7696326787570829,0.7833850814204402,0.8584605216162483,0.8112855979642191,0.770250910986321,0.9047491534981117,0.821465182555404,0.8663045459842456,0.8785110392156483,0.9476419176500759,0.7458485602129723,0.9245563724024972,0.8438162177980802,0.8826383691173695,0.8909587112203174,0.8417811240767418,0.7753569229419707,0.6945044643517378,0.833585556629514,0.7018809558589745,0.9421893962460288,0.7827629274812488,0.8362964849269185,0.83653486682042,0.7541423702059311,0.8768232986569519,0.904772969654242,0.8951144207699535,0.8663657850518378,0.9274175597833301,0.9099066982761529,0.9074457014949585,0.8595483400088219,0.8829189541953736,0.8276951178335913,0.8789069155297842,0.9173471657757335,0.918004082636865,0.8570586697861684,0.8287340463067002,0.7452650082696332,0.8796748464494293,0.7417412741340268,0.8595793587271836,0.923196284031223,0.7957305267480365,0.8234522795603524,0.7717382329534093,0.8401011654036866,0.8251830462355653,0.8440208598243182,0.7908540117290289,0.819930959202083,0.7781545977778239,0.7218551581686912,0.8342861986295155,0.7907497884966515,0.8365387567335288,0.9061419006537946,0.856939360833191,0.8530743520209058,0.7634070700842105,0.796839936887864,0.9025547033128096,0.7385839758202986,0.8813938436770387,0.8718787634931549,0.7631091495067834,0.8002541640933774,0.8517396648087636,0.6219954685992968,0.9216637864279801,0.7639635211496548,0.879226057565541,0.8114473352545918,0.8435256459228163,0.8953761434043714,0.8466812397620261,0.9109751061487168,0.8234228285654381,0.8746666279653259,0.792669850466028,0.8783634876971541,0.865503571135236,0.9181300817341929
0.8326246778427902,0.0,0.8394593766129052,0.8158099767257464,0.8390296955207623,0.9312940242997146,0.801370713186057,0.8520903955631068,0.8369310872361378,0.8981459884100771,0.8428563613165879,0.8894559731614089,0.86053325975393,0.7913571911241152,0.8685788921061165,0.8482441892852869,0.8338700228709375,0.7800387971087224,0.7985777719801025,0.8008138972204172,0.8302779539020178,0.8747671020201773,0.7706200072610748,0.8434080741097446,0.8509219804479677,0.7226106519706516,0.8364856355876682,0.7954171677573314,0.9010768147655094,0.8036088676681374,0.9117724883804703,0.8305635326005382,0.8783128834701408,0.7862925719857042,0.8635060353985916,0.8241249140455545,0.8383780128981398,0.8091291033418258,0.8385382493720333,0.8282390100484496,0.8541719879668275,0.8262485181821048,0.7305905963775721,0.8547609789503046,0.8459700281632254,0.8068028754406545,0.7846876461176816,0.8295790825943585,0.7872390846209919,0.7850186677737024,0.798114071531321,0.793000647406817,0.8108896837043552,0.8848640466470151,0.8419651845155686,0.8609334269319986,0.7930556145216605,0.8623697503235525,0.7375737314573363,0.8442031064970595,0.852112041545329,0.7106378277524634,0.7537854477697482,0.7188459123250557,0.7170372044234856,0.7282034486488014,0.788968761376301,0.7416567022659155,0.7131394877540227,0.7915236238596921,0.7864063417960576,0.785999569139038,0.7100786033392449,0.8114645421219736,0.8822117557748156,0.7968153489769131,0.7535536263157413,0.889253896582725,0.7091539598186885,0.7517159489099282,0.8186637660384678,0.7893189887376785,0.9042716150956586,0.7788346213800583,0.7454427800549512,0.8440993882717529,0.7693454551236774,0.7271102198671652,0.8503182227476803,0.8444092908181499,0.7909035995645929,0.8549723019520766,0.8634410963681418,0.7847573842579193,0.7648328950006026,0.8955948194094816,0.7418179589385177,0.8079604875036246,0.6963140057024282,0.8374125464428605,0.8218894300111558,0.7202386935060405,0.6929467998034883,0.7863522330936532,0.784378897631351,0.7840149944395333,0.7869723106014888,0.8065996920096827,0.852718236963908,0.8884357844948502,0.8143584671439558,0.7217688815633985,0.7824365448166878,0.8235864549669341,0.7867594179790461,0.8774877562865958,0.8226226400540506,0.7659999223861236,0.7763212525981056,0.7733893955962822,0.8105062991260501,0.7252796015986749,0.749844293061798,0.8831839366392773,0.8026859234341412,0.9109845685762173,0.7178610928716771,0.8737706127916777,0.844247146936906,0.7882543785788575,0.8746506026246372,0.8087935815968791,0.7355993240552822,0.8064733921429812,0.8234626627490277,0.7716762021477904,0.8103187084470834,0.8428464198301592,0.777358013257561,0.8171754104090784,0.7997617136042053,0.8137072329839808,0.8638093718750384,0.7587247050057293,0.8690162003040576,0.717481369736989,0.873965913274925,0.8815735796419413,0.8407714416488494,0.6905171611424135,0.7877813270660488,0.8314635149143802,0.8163865477991924,0.8096867808090535,0.8341354042815715,0.8245703466176569,0.7854802134975953,0.9098802059871737,0.8216199488802362,0.7418328404022188,0.77387165191164,0.8393105606588942,0.923458331716395,0.8174068041057562
0.7953685876421339,0.8394593766129052,0.0,0.7673329752990393,0.8567010473863509,0.8273634641244466,0.7443648708432944,0.8426222652998824,0.7393184518338068,0.8975348544306404,0.8016091117836325,0.782550535474387,0.847715651893579,0.7471301558544876,0.827119647991009,0.8250986574817032,0.8117700582784919,0.8060791454353644,0.7075316805684067,0.7850568730248598,0.8838854118182847,0.9365864371527834,0.716015557572085,0.7960053880759622,0.8334038229529032,0.7909220034024099,0.7508845514537041,0.718624081907838,0.774829457479011,0.6717434305251173,0.7871870827859332,0.7941652202114484,0.7788223466228837,0.7252402848190327,0.7961560626000307,0.8213324557395124,0.8179775502072703,0.7760172115983289,0.7178779776799081,0.7994289162984248,0.7814648892117813,0.8459858584098452,0.8221184098323542,0.8147485306806325,0.8575235331300712,0.7865527927638656,0.823000820801948,0.8705705434316277,0.7484183328389531,0.8264606487612728,0.791874153756657,0.7979862380843982,0.697670966257618,0.8546727603833225,0.7873854669974875,0.7749584549252881,0.7357171975820159,0.8133669603562139,0.8043635683844228,0.7474139271409023,0.8176186817880308,0.6824356602639531,0.8191060240143241,0.765599197584243,0.7659848172856999,0.769998393882593,0.8022007851009623,0.8379299387467559,0.8668022756638889,0.8131478472577466,0.851290338993655,0.7275243450692516,0.7725212767708592,0.8469882130026443,0.8217287227127075,0.6762664932606051,0.7472683261317953,0.7926343963787635,0.7046371766723779,0.5758842853601591,0.8078043855711585,0.818630575594675,0.7610080372205194,0.7439121565290175,0.7488316564557244,0.8004667541422702,0.7891146440606516,0.755020917448,0.7467082098868177,0.713881733003252,0.8100369253714355,0.7740966797636246,0.7700381059773381,0.6703621918747338,0.7775350109929392,0.8310658073844321,0.7449127176226187,0.8147645593453904,0.6530409266768881,0.796662641768798,0.6739215673824168,0.7869114242228044,0.7641198759152521,0.8176649718238254,0.7799026976803716,0.811672985473486,0.8236199394176071,0.7978130495256661,0.828770615405389,0.8625769748077504,0.7760539267476411,0.7616605910095338,0.8059554302149313,0.7203580229904394,0.7275154335460018,0.763901838985757,0.7238653724559608,0.7700558182445355,0.8585169283746688,0.6928963449507304,0.7528527688166894,0.7192956941938735,0.7408085739754745,0.7470108387786569,0.6813850248705408,0.7928798163451527,0.7290709864084606,0.7953110879181502,0.8332807536211646,0.8477426614581418,0.7623174410783,0.8817197850204189,0.6198262155892347,0.6582097088909579,0.8866533534498444,0.7719240864507076,0.7169158917364512,0.8037717379501783,0.8425371917619484,0.7235453894838051,0.7568153625765283,0.7606933734529375,0.7823756794958309,0.8281691994411087,0.8400752575746347,0.7922687553410611,0.829051960989566,0.749222765536872,0.8854062575384702,0.6218008104375127,0.7272146624392709,0.6688725179247477,0.7821872631732777,0.8916718306993829,0.8165617504258849,0.829487122128063,0.6819535138391891,0.8239846744086498,0.701049197881225,0.6666316545726472,0.8312625094560959,0.6799719554225778,0.8826305923438375,0.7312932089844192
0.8382476606416669,0.8158099767257464,0.7673329752990393,0.0,0.8879751000815327,0.841563648384823,0.8774164475749395,0.7941957121257187,0.7168938162487819,0.8034926503218237,0.8821032207431235,0.8338661069667042,0.8213219987562739,0.7447038546706627,0.9011260498210274,0.7815754100964026,0.8077836538000948,0.8082189999716508,0.8086905240390049,0.7229212425329968,0.8473365758244371,0.8175064612216707,0.8013218220286024,0.8266854475874437,0.8406087282238408,0.8005621617658454,0.8104854825080239,0.8082296961447677,0.7810522686282868,0.7189353728898462,0.8389722563423213,0.7973608103742768,0.9354083452315146,0.7950273760134584,0.8527922741740168,0.7982732444090599,0.848050978664803,0.7411491733254142,0.7835973999933794,0.8560730090946791,0.8299621822934471,0.7889724202608985,0.7819319261393878,0.9334837667376022,0.8096537552865143,0.7813860477663714,0.7131549999620306,0.8575657729514711,0.824066694597251,0.7725483107053299,0.8901887546210717,0.8333888705755823,0.7425865912582602,0.9376282233270653,0.8704498017863588,0.7190477309176859,0.7934538766814105,0.8608195786071843,0.775103968212513,0.780878140692555,0.844363114256519,0.6634668885952371,0.8230157105761859,0.6646592473298487,0.7526639401318787,0.7484903051628005,0.8219443385604818,0.7567789237922214,0.73921519001923,0.8316698696924936,0.7980211224047076,0.7429071794035801,0.77642176415871,0.8646547842519628,0.7910479026318722,0.7600868176946348,0.8074783608382625,0.8608153225158205,0.7064231600651977,0.7009143946667632,0.7479341832370576,0.8615697196321371,0.7583764664520432,0.7111342523031998,0.7963516582104404,0.733392097751545,0.8135767036564281,0.7837888005496604,0.7978798054732782,0.6904672212018812,0.8960537469515183,0.849397155829293,0.8440878667870807,0.7651782232157133,0.8353271805155483,0.83024430917877,0.6751535421831413,0.7780766335816387,0.6611741958110731,0.8462675613338464,0.7517995546978089,0.7706618116237501,0.8451742544578494,0.7957124450106832,0.7960752424716854,0.7321246785892075,0.7760921576862456,0.7540046433766797,0.8175642329533528,0.80612879939595,0.9083477657516789,0.7794957338023593,0.8418307538098011,0.7655047079786451,0.7894419774258059,0.8117890311798881,0.7860978757050292,0.7533219047826181,0.8475412682546958,0.7414562957921492,0.7592819192800387,0.8099800830197742,0.723790736252257,0.8758859221220762,0.7407993744326126,0.8463881049152977,0.7135646753752877,0.769299334233592,0.7923429384649753,0.7553428533250098,0.6749523596912461,0.7308493863692007,0.7100951887232967,0.7786622744705721,0.7825978963441846,0.6931138279261227,0.68027463467245,0.8580120865976537,0.7637160452340684,0.7826956098469481,0.8912603430258662,0.7159819447566059,0.857806458259961,0.7657213558428229,0.8250920631783599,0.7692952282006088,0.7517760629163075,0.7577623531138243,0.7403468356551799,0.5724117960030839,0.8693307913795625,0.7880415788067363,0.7982950553221253,0.7203125416439911,0.8479876899880093,0.8068828099406947,0.7669609144952927,0.8776023913909068,0.9382107220489111,0.8068678768219737,0.748254443357874,0.8041493936734259,0.7999531592510696,0.87880224127695
0.8976516681942808,0.8390296955207623,0.8567010473863509,0.8879751000815327,0.0,0.8193956247072831,0.9331540747643519,0.793225344648844,0.7655556425039066,0.9014070436084408,0.8762996052479284,0.8357692181818823,0.8916879157461866,0.7996345314814309,0.8918518274997801,0.8442812348500482,0.8656209040869834,0.8855218314402258,0.771998844801968,0.7871544428151698,0.8884838921692635,0.8843716971329767,0.869498017275305,0.8595849586767486,0.9034369041039781,0.8371712002818759,0.870297587206515,0.8203887902257416,0.7792246872227302,0.7681672186615021,0.8363563848040501,0.8744605397289014,0.824177875740257,0.8330093139466213,0.8844976673986829,0.8200063922827542,0.9040082443612009,0.7471811342484916,0.7351434246412393,0.9125843714037949,0.7558931703447023,0.9263836866734713,0.8410970778734503,0.8912296073271824,0.8738824807749335,0.8317595884688119,0.8382310741406122,0.8766143673931771,0.8997355042464389,0.8408661895999631,0.9086551274500924,0.8201406832633782,0.7247306730259588,0.8843829468837824,0.8611255170186495,0.8034530371578279,0.8072189342032582,0.8464290656415311,0.882631051709588,0.8144262827070069,0.8006023722964359,0.6912985444304147,0.7931159495122835,0.7523385982811936,0.799902032236244,0.7788459757560585,0.8833561909136702,0.8569862732097951,0.8560522581748037,0.8206065632837107,0.8483270757325048,0.789148331621507,0.8416473864157913,0.9260206530176969,0.7844297409919267,0.7816459203010023,0.8522365830958295,0.9241334844718625,0.6842773420931094,0.6566168052917749,0.7205257166714356,0.8750226821812682,0.7931761375873758,0.6815608100743016,0.8254575610732497,0.7495420188205121,0.806192932202678,0.8652472815418429,0.8296256427199532,0.7198962072362771,0.9476720435131624,0.8830734702782692,0.8585261307006217,0.7514497201057075,0.8704065001644596,0.8291640927078627,0.6455316654946868,0.8255774676226574,0.7003780462226626,0.8951574695401309,0.7349238897896974,0.8029415507243433,0.8709494831493451,0.7930086583907503,0.8070635073088069,0.8061163315789297,0.8158480696185798,0.8199409305517336,0.8835053613635419,0.8921675991859591,0.9167618002678056,0.829771708775541,0.873321285399664,0.7788375032370936,0.7615505665682011,0.8325670248344884,0.7971681665607445,0.8443037536711185,0.87199909961074,0.7467932616917128,0.8140395772784447,0.7265028545584095,0.7733304150323772,0.861094880866769,0.7368408382444214,0.8079122633557708,0.774999569990871,0.8122730670893347,0.810476762243257,0.8194003210090054,0.7510125657554793,0.7681521685681816,0.6738842450844561,0.6973476826724158,0.8038661957934939,0.7185111256201396,0.7209549013201062,0.8888780625187124,0.8330798599627296,0.7742716339353628,0.776032457442181,0.7832849275002329,0.9084728012978008,0.8043943317851002,0.8620457021904746,0.8857000849407505,0.7741305106461308,0.7505196078616934,0.8308625001771601,0.5875052184698636,0.8213763913599047,0.7205662864843961,0.8389410128930691,0.8771603696106002,0.8332656995212059,0.839265934108838,0.7712643805323491,0.8897073740798807,0.8409245700814697,0.8207938701627586,0.7839377646886007,0.7784457287205373,0.8564833276166192,0.8584864870399015
0.8428407687865918,0.9312940242997146,0.8273634641244466,0.841563648384823,0.8193956247072831,0.0,0.7712299060620703,0.8900711364637487,0.8591524452094634,0.8507670869998645,0.8357194099966067,0.8830042947303246,0.8460523794429209,0.7695292580797466,0.8439552749854736,0.8352244658431797,0.8106652335412038,0.7597256883315379,0.8061782880261534,0.7814477029321004,0.8388403604884108,0.8410946252423829,0.725504393627367,0.7783564958342546,0.8494153842824625,0.7382115706347994,0.7733411299049895,0.7708893632131616,0.838688393256218,0.781770374545899,0.9384975720439288,0.8364980665591885,0.8952328511235015,0.7776237491932432,0.8686647327902307,0.8424003926993215,0.8479483353237692,0.8220312592537449,0.8257268144060891,0.7656238624937753,0.8432418896116217,0.8231075290120311,0.7591915023810336,0.9004592278465785,0.8376733661864604,0.7849057075629033,0.7755540427754684,0.8569748266740568,0.7538323166527431,0.7915102217332732,0.8188177689363733,0.8323249163696342,0.7901267323792726,0.898841445942885,0.8461823734376159,0.8569826571771862,0.7858891332732675,0.9156923068709198,0.7132984425460385,0.812227319570569,0.8829584376962569,0.7433017491168069,0.8299720077193792,0.7054457734941234,0.7304369624489927,0.7483952522635697,0.7771674512688881,0.7589739383761941,0.7189708739069937,0.842505395093223,0.8270891425529387,0.7630789831942921,0.7444918771449094,0.8063310401141118,0.9016116613804175,0.7863415499292692,0.7476494001148114,0.8431678527320844,0.7287214462553946,0.7516674010343894,0.872608388410576,0.8423304738803395,0.8616955004958289,0.8077833876267779,0.7758081499190295,0.8350158587968924,0.8595314949589923,0.7434045798578164,0.8438824949788785,0.8127609287569552,0.8210129419574392,0.8874457352540004,0.8427348210405761,0.7726814336825886,0.7732940681326869,0.9215949670079113,0.7988404247927496,0.8353458992721902,0.7137027501219558,0.8311407775877901,0.7996282846198629,0.7558805632004434,0.7444863100148924,0.8112143070361088,0.8369472046547731,0.7758681733261636,0.7960688855268625,0.7807618320121473,0.8031516139952407,0.8394367661370126,0.8245396477173003,0.7466750575789256,0.8333319321199508,0.8253618781088334,0.8009479937859655,0.8390325456959724,0.8232402374526167,0.7376666613189287,0.8054749224647948,0.8048297127230227,0.7715038838699981,0.8237490416099715,0.7571571952020384,0.8662380562433687,0.8330723745184198,0.8990723858888969,0.7360744108715462,0.8570339641861041,0.8440180208842019,0.7604497245179211,0.8564656704186818,0.8576089559562272,0.7401801531878272,0.853655596092404,0.8220811413156524,0.7613014645719012,0.7727592318089276,0.8057366299409132,0.7306987993884071,0.8112542049759702,0.8461999840990055,0.8157812858549052,0.8466493910982387,0.8005511535994547,0.8649706739525413,0.7356991288689156,0.894594765284615,0.8276324499633038,0.8243417187190856,0.6832158698303981,0.8316680260011795,0.8306877780665918,0.776283030866616,0.745437362014449,0.8544963051820915,0.8305941090869727,0.7338734377655147,0.9052204800520262,0.8109448630195023,0.7486305430306837,0.7519889180702211,0.8632695842189956,0.9427801120564635,0.8123985781960515
0.866429899232313,0.801370713186057,0.7443648708432944,0.8774164475749395,0.9331540747643519,0.7712299060620703,0.0,0.7171803990361549,0.7172112480742703,0.8659587681811527,0.852508698113316,0.7998721844821317,0.854643745803026,0.7777655300411682,0.8885257282197127,0.7873635987535127,0.8082568551277589,0.8511108835506149,0.7696830975292376,0.7278057719064306,0.8072681814506195,0.8138464767575665,0.8770759870819725,0.8359442370612025,0.8623653117821027,0.7596523748504941,0.858310799464415,0.812701657230773,0.76629821750594,0.7724076944004383,0.8131804100489617,0.8738722364354553,0.7966782310490372,0.8135395898407792,0.8303213886100468,0.746009098160083,0.8848805458831357,0.666769054833151,0.7384517424028373,0.9003478084390754,0.6872663462705606,0.8525090548649267,0.7839323904835428,0.8511178229805504,0.8022177473874517,0.8023319422731995,0.7639227574812488,0.8218965424239727,0.9276064287240501,0.7773205324924499,0.9153750723326574,0.7367275591502873,0.7397985830756634,0.853427953043846,0.8651257458310583,0.7516959643137388,0.7947372062402446,0.7706247648125641,0.8808589093118114,0.8022230601353966,0.7811611367808713,0.6681447558847771,0.7162308514514655,0.6789928038512555,0.7942699005976109,0.7552558048011123,0.879649990870381,0.8250633210164696,0.7653498245789793,0.763057965730987,0.7900633124240078,0.7707624749668597,0.7881081035160239,0.8999651544020594,0.717000866793104,0.8359210530896195,0.8881278519646916,0.924056144866856,0.6244907012420448,0.7119338928843735,0.6672752418860659,0.8272626198557925,0.7852101831375106,0.6144629557539886,0.7738962395613713,0.6582233860306145,0.758109362475577,0.8760531011201119,0.8278691366053845,0.6869647361891169,0.8841392617179743,0.8627611045678552,0.8681741545338652,0.7871370404034042,0.8521017955263285,0.779182246996602,0.6047583508995525,0.7294339965030485,0.6684682261783114,0.8754140336187837,0.7597365332049498,0.7871794978585642,0.8212861223959693,0.712868853077565,0.7476628369163878,0.7280294799332122,0.7704793548542409,0.7350490042895654,0.8533833334877363,0.8516198378047095,0.9268898119164464,0.7564766199998417,0.843904988394846,0.7507412534483353,0.7192721871881163,0.7775374452920726,0.7825315419426622,0.8564702977471578,0.7878221384242932,0.6952213983891802,0.7695870482364108,0.6740485072110995,0.7062651972699486,0.8988781840428255,0.7245764576170949,0.7936420302880232,0.7413343121811884,0.773148879186475,0.7294568448034005,0.7616692054232652,0.681793270830917,0.6771390263496624,0.6940036981427127,0.6627065892953092,0.735421489905252,0.702556715428633,0.6825290726588633,0.8422569279793246,0.7507629408753205,0.7722919506826741,0.7634635078496673,0.7501173974381031,0.9190412375004761,0.7345708199385429,0.8052956087104262,0.8176059200411268,0.6896439609016173,0.772657672838483,0.7376941588275114,0.5377263797291201,0.8095138231113808,0.7508018841371041,0.8054684293147437,0.808953859998537,0.76116972456362,0.812135327488414,0.8185218772974165,0.8506497041379995,0.8819970751950693,0.8889102584715686,0.7435082798302967,0.7774143559365905,0.7740413883403612,0.838648145637461
0.8454519338550087,0.8520903955631068,0.8426222652998824,0.7941957121257187,0.793225344648844,0.8900711364637487,0.7171803990361549,0.0,0.8571232705459955,0.809796880494913,0.8512988990447384,0.8792775331633861,0.8746258205718147,0.7113953514811021,0.851870978696131,0.8905633852499694,0.8252146700776846,0.7991893039043149,0.8006509704744428,0.8383311984910514,0.8508611243244082,0.8360894850786089,0.7515064217570933,0.818021654681828,0.8530233157465525,0.789179525055553,0.8272742579689788,0.7995915090244864,0.7577705346632679,0.8087303059228449,0.9288253072738701,0.8059162576881467,0.8286648006285657,0.7953855242606442,0.8170914707292917,0.799412681946631,0.8780919322649944,0.8741931702850279,0.8440027098649318,0.7773211049887487,0.8196789753208811,0.7764948571179284,0.8298775417187055,0.82128963530019,0.8995665600000919,0.84810780052045,0.7491892627905459,0.8579017089877109,0.7547262841551574,0.7973298634856731,0.7930071077597229,0.8069491947207711,0.7070436557642238,0.8336592311803834,0.809487649857105,0.779975193358589,0.8156260081265067,0.936146920384135,0.6873729602088424,0.8097972012784628,0.9002782385450266,0.6951307708698337,0.8464352296598311,0.6880316736843052,0.7063413260439712,0.7801484694970088,0.7763216847748481,0.7583817243129505,0.75853702968563,0.9413646888418242,0.8326638023975391,0.7437656048734869,0.705545721225683,0.8185173515754637,0.9168016412689058,0.7504017069070783,0.7663616046363455,0.80430264088198,0.8320727869402202,0.6849849695562678,0.7859852509460576,0.8100856257889671,0.8509874384614609,0.8520180990199757,0.7709169674195436,0.9048466951101787,0.9173407773821031,0.7267272062130999,0.8567771228523898,0.8319726393279594,0.8034368734901493,0.7718677724464695,0.8005736791432165,0.7552083230900708,0.7074203587975965,0.8507665045657326,0.7827339946510721,0.7999017396049226,0.6392781759320783,0.8081007236380154,0.7550358432406636,0.8359635907579512,0.7213164776332442,0.7934990250432726,0.8179251483740113,0.8542065869782576,0.8311701285969494,0.8201939303287937,0.8092415612862315,0.8308493305448055,0.7804160262725702,0.7549415546861568,0.7662869938241705,0.858838186297406,0.8198279714219042,0.8648973625018107,0.7851992678855055,0.757075696278143,0.7477201985568831,0.7324010043946693,0.7867742080143209,0.856813319966219,0.7454971701932582,0.8405856604530869,0.7025313394068424,0.8766375350994179,0.6816751025436913,0.9017690015636863,0.815717142129687,0.7978294676010342,0.8397699240747338,0.8879814916823984,0.7851545001631227,0.7678734735529782,0.8774375488680257,0.7098422090963863,0.8343259216302122,0.8113937655475891,0.8217794821512603,0.881787945675284,0.7795495262652469,0.7495377011783455,0.7736917917140839,0.7312430564328386,0.8637576216384331,0.7344472317332232,0.8950492723444748,0.8183087374352657,0.8452870131248044,0.6623541782593796,0.8667091851915447,0.7269727231303768,0.8140349331164475,0.760292331372622,0.8727456998014748,0.9153526373207538,0.7685080372827717,0.9085769078951159,0.7317264661113616,0.7113411176965927,0.7161686756383829,0.7712277452303129,0.906924907465783,0.8255932958337194
0.8015543583451892,0.8369310872361378,0.7393184518338068,0.7168938162487819,0.7655556425039066,0.8591524452094634,0.7172112480742703,0.8571232705459955,0.0,0.7504833648832013,0.7308412442819238,0.7871410085045879,0.7940882105850634,0.7045237270988245,0.7917312101219502,0.7576626126200696,0.7167877281374343,0.7266238251265936,0.7014383703396548,0.7298178728079426,0.7245922960555337,0.7953125712642413,0.6863983404652597,0.7303393605137682,0.7583596826652443,0.6737515150220665,0.771050266681127,0.7023110477745815,0.68212007388702,0.8232991633779342,0.8672716755221156,0.7481163576630929,0.76310322317616,0.7005203285675456,0.7537097125894412,0.7026834330400402,0.8009077103775051,0.7336025783050688,0.7373367079552549,0.707528910935981,0.69441408579763,0.82958184952064,0.6819487725931452,0.7228234532805397,0.7737615702966606,0.7451594217939563,0.740493686520777,0.7087372431218627,0.693079950087303,0.7080636159269275,0.7242560036518394,0.71636491302125,0.7027968461558898,0.7327097945125384,0.6985281366477378,0.8890078991800867,0.7192445799857413,0.8113476303108287,0.643254185483435,0.7470417132082292,0.7785986098658134,0.688498857877797,0.7046876739910559,0.6256718289441708,0.6715533084004848,0.6800153803929629,0.7448979866647926,0.7612714631960029,0.6620948144823556,0.8086656854326673,0.7981382958478945,0.6815470173330123,0.6682206623130721,0.7345883511523126,0.795049638321531,0.7251918351952602,0.7027596173871435,0.769957109104774,0.6651857326608952,0.6775774258893071,0.7126434616038996,0.8142369370498084,0.9085605616932496,0.7042760868453737,0.6784751892372217,0.804931302793478,0.7999397302843396,0.68989406470065,0.7898709139942942,0.9235495348953516,0.7483090987591289,0.8002784485742345,0.717886989988221,0.7010778626155242,0.6961226528905828,0.8171621302480814,0.7096056734046057,0.7303520051185084,0.6498225747549803,0.7595512943948605,0.7080424451186118,0.7028395761343593,0.6445245301462923,0.6818505883246252,0.7304857529539299,0.7433690403974311,0.6941242800757194,0.7204434348286407,0.7297062387201628,0.7694076493249589,0.7070255519585823,0.6653995183603862,0.7375366922898375,0.7863683875449193,0.7019398207961794,0.823039287858494,0.7139200647068127,0.6709279635275174,0.6466680631945809,0.7472076687597016,0.723518177931414,0.7499315769475029,0.6732436029459743,0.8022917288885205,0.7323550358401076,0.7525465886405643,0.6838439980477555,0.8371692931925181,0.6805506649577503,0.7024112197763924,0.912747418399531,0.7841260516219757,0.7221728321856279,0.783347893233709,0.7162249428873637,0.6655415472160754,0.7516208422915706,0.7216923068380918,0.667965507301301,0.767383560018108,0.6948634457455061,0.7222009774498197,0.7951499662986367,0.6873615891218783,0.7376792538247584,0.6904765753985832,0.9237779846729607,0.7689948382443332,0.7214514852048073,0.6129038665036097,0.7509470648686358,0.6876158878631216,0.7203212387498519,0.745627010969703,0.7390557475497777,0.8351902047754579,0.7252255991935003,0.8509513487169656,0.6951964673005289,0.6810299495665618,0.6467926628467222,0.750870979810902,0.8713428796002175,0.7795959333648035
0.8419460608768126,0.8981459884100771,0.8975348544306404,0.8034926503218237,0.9014070436084408,0.8507670869998645,0.8659587681811527,0.809796880494913,0.7504833648832013,0.0,0.8697818147505425,0.8656414791066848,0.8769164724816276,0.7576802818226616,0.8871472818145325,0.8607714703874073,0.8365784181605496,0.8396664395050364,0.7880536574922613,0.7863300242432402,0.8536395533174013,0.9024891514754758,0.8224064157781519,0.8474140191449506,0.9225409675743563,0.743276242417759,0.8376995670924342,0.7955993372395642,0.8815041161031923,0.7886339141247061,0.8620616611981814,0.8711551935532095,0.8020857170249777,0.7877889166481089,0.8290130588458411,0.7879264432915866,0.8827094224924809,0.7457033455068401,0.7787450207650487,0.8471433467167011,0.7569965819158077,0.8595784262869876,0.8164764130274197,0.8551404120505252,0.845915586604352,0.8093043721010124,0.8078731739931688,0.8890602181877341,0.8605879701450297,0.7874864668780811,0.8341258963213796,0.7502408644188027,0.7295905429022785,0.8643409293225052,0.8674520913761999,0.7923547701807083,0.7748292174286433,0.8367058132049575,0.8316616210034891,0.7862700161029674,0.8160333756409073,0.6632821063357645,0.7513659715862976,0.7207497255471823,0.7496330788585865,0.7474421952489564,0.8076443441994217,0.8233878345896858,0.8118428013677408,0.8211257840745061,0.7883862960316665,0.7630693621059093,0.7328898122736194,0.8607530223392816,0.8064315780546273,0.7941258364602395,0.8055007802909905,0.90419548392891,0.6756469380829491,0.6793461328843355,0.7781888579792444,0.7744633473519389,0.8532238822133256,0.7038516299735494,0.740748397755687,0.750860998386154,0.7814991413189321,0.7958944849822222,0.8301650327866908,0.7220929809757101,0.8210150922555215,0.8196949129486496,0.8676184389201489,0.7407485585594773,0.764856876962357,0.883448777107774,0.659762776880534,0.78973122434605,0.6465923460228841,0.8246210980496175,0.7527194351095249,0.793194219767441,0.75760339470775,0.8329618034645571,0.7506012259099514,0.776664722280285,0.8013867787109953,0.8183978047386707,0.8619543480195768,0.914966534507056,0.8543782143048958,0.7263333014415376,0.7938782198581428,0.7772358237700564,0.7293066082049628,0.7879503966357694,0.8016077945889658,0.8822012335321698,0.822165823497043,0.6904107504716628,0.7565754001535837,0.6868521931725171,0.7235419356909037,0.8610128101437724,0.7097327363678394,0.8893354414868213,0.695890614852996,0.8147638199230695,0.8219938196372535,0.8097795860122159,0.7865652350368992,0.7723792779241312,0.6741083252261723,0.6506147218342172,0.8328614134862049,0.7580975499558437,0.7746709556487831,0.8290726552321348,0.8257589983579392,0.8088461337541561,0.7964527236854392,0.7849395524884211,0.8335281877287035,0.7561417139213442,0.8693388741217261,0.7828477986825334,0.7720379312578808,0.8514486372934101,0.8936067718486541,0.6043626468254589,0.7718841167212407,0.7870991192522914,0.8081036297108755,0.8711677414072261,0.8437014917021579,0.8434961510269782,0.7813342346019109,0.890768229323829,0.790918658806396,0.7639222747653521,0.826456463640764,0.7673460359403953,0.8818018910754554,0.7825868745473268
0.883847783430495,0.8428563613165879,0.8016091117836325,0.8821032207431235,0.8762996052479284,0.8357194099966067,0.852508698113316,0.8512988990447384,0.7308412442819238,0.8697818147505425,0.0,0.9149669030081096,0.8979659717350321,0.7362434483205915,0.8836029559335405,0.9232754223606638,0.8987380369112038,0.8597367993413835,0.9000580628819245,0.8434372066910317,0.8918631268558634,0.8449324810759669,0.8847534066888997,0.9003864796477664,0.9273431072830549,0.7835394303948248,0.9005541093574132,0.9222638668684895,0.8454887249974776,0.8339762104946044,0.8886432669232938,0.8833118361211321,0.8161030730384817,0.8740117461657794,0.8592420991716874,0.7877600446457836,0.9216850151498124,0.8078623698239331,0.8921318165523726,0.8783774131380396,0.7793151053229256,0.792419963388364,0.8537562678939357,0.8898873179085569,0.8706927500554646,0.845736908602316,0.7001531595606701,0.9370460515426359,0.9106541620804964,0.8039382861597906,0.8846170834940598,0.7742302995988996,0.7325972812274786,0.9041511444494086,0.934377538623174,0.696489592320256,0.8878951197498479,0.9112068013417219,0.7919249303948688,0.8388839014444288,0.9063668594091258,0.6477158508098052,0.8024050643719106,0.6934652444265023,0.7466420543357212,0.7947490607646378,0.8243431840596194,0.735893000042347,0.77660656853611,0.8949536256691112,0.7686407601637918,0.7850264748683254,0.7518732945393964,0.8975623106281946,0.8716708451004418,0.8269508747002723,0.8851109439298127,0.8891040962543133,0.7521770001115492,0.7641860155965071,0.7269733446352663,0.7784608479070689,0.798401742706328,0.7527173970032732,0.8171278315554569,0.7661698427019912,0.873804827624553,0.7945332552930024,0.8712998382214625,0.7050913283451221,0.852344408065655,0.7711608534266776,0.9182321342416714,0.8435408049657244,0.7716515786555767,0.8034964998848984,0.6810065616217902,0.7523575142825429,0.6337646924210644,0.836556823433429,0.8141548838412468,0.8707393011306999,0.767506475734655,0.7722337250603111,0.7907823070537987,0.7868960666919101,0.84982865825736,0.8286643138512965,0.8363166208421566,0.8930744522744307,0.9294221410737158,0.7809392155058557,0.7977971543576394,0.8908740786639532,0.7989441790719057,0.8384829663392724,0.8389725652935766,0.9070187594879882,0.8077585083591906,0.6868105047416616,0.8204376389911952,0.742474615634028,0.7600177014727216,0.9149096940938883,0.7328384892635676,0.9130892211191785,0.677557458241749,0.8336384391065689,0.8253488337264173,0.7716750341536389,0.7205013334956804,0.7902532345179132,0.8169131155074544,0.7260075875853073,0.8964454443115888,0.7140604819457975,0.7924547813557268,0.8485412747126627,0.856289714946675,0.9088517933803782,0.795371065984293,0.7692612802891102,0.8306611834294225,0.7316512114594999,0.9077093161171055,0.7518170901105689,0.7320706144899994,0.8181294113538378,0.8333676919481543,0.6206268985147113,0.9262295025581151,0.8011167065344322,0.9239884329242997,0.7395850241998075,0.8676924577426232,0.8844890040401671,0.8968184394349652,0.8932377580525112,0.852175386942596,0.8497350891754497,0.7159676054793369,0.8222665241159075,0.8003961139728232,0.922405678471726
0.843143558466955,0.8894559731614089,0.782550535474387,0.8338661069667042,0.8357692181818823,0.8830042947303246,0.7998721844821317,0.8792775331633861,0.7871410085045879,0.8656414791066848,0.9149669030081096,0.0,0.8294474727637774,0.6761270018490303,0.8509641993566143,0.8871026990783356,0.854511196613208,0.7818064006456927,0.9270797163670537,0.8292411143395543,0.8681053104898977,0.8035903013583516,0.8567124565101379,0.8875848428103178,0.9340983049310825,0.7295597577766902,0.8492539426798396,0.8801090923717064,0.8416427852180849,0.8878386328955529,0.9379811817182795,0.8279975345297458,0.8182158881768037,0.8711522550874594,0.8368162387424691,0.7682567947372536,0.8642416613442383,0.7947226759233907,0.8936744250963755,0.8014406339585386,0.8120493739817316,0.8069121791152541,0.7892216292566326,0.8682114546974011,0.847251845264791,0.8110005774842767,0.7120542344133749,0.8660550704422789,0.8390961283124457,0.7436039381860505,0.7999825015317178,0.7795686849593086,0.6969200673506326,0.856312674814557,0.8582690426108102,0.7588364128179387,0.8364296626913934,0.9536758497720138,0.6979941203309818,0.7998237704878702,0.8339731247628925,0.6222123438225179,0.7575386116882941,0.6621483183454171,0.6738006510770342,0.7208483340818852,0.7353621778523773,0.681662430074015,0.6941996099507733,0.8648158951663499,0.7178419796635546,0.727748454475579,0.6790142926561288,0.8043846193016528,0.8627638002993934,0.7938386285716549,0.7724227924332999,0.8634178819251,0.763903140228835,0.7568590078037364,0.7396187429041293,0.7523325672080915,0.8571596644294478,0.753232521853072,0.7716211005261004,0.8223065956947526,0.8312800419966495,0.7067704114284132,0.859942537109023,0.7739480165560686,0.79412967684138,0.792438247101261,0.8547897808074332,0.7942491661375369,0.6864217857686027,0.8589904375650479,0.6647496235277838,0.8103146832780598,0.621113409795299,0.7919522005500198,0.7700450436931169,0.7809605883981333,0.7233045049039744,0.840846248320684,0.7490416517916069,0.7798933450681914,0.7905865087673608,0.8724358313398323,0.792080247590555,0.8980827741225658,0.8819314279240204,0.7314534266158517,0.7289551413493421,0.857538143052337,0.77206629921361,0.8618232664500989,0.856807662925291,0.8346895514862991,0.7706761414459979,0.6940365434753073,0.7619217339609798,0.7329317087400382,0.7581632971633422,0.8982267542326597,0.7078540838003324,0.9294275903107613,0.6381712048719214,0.8375696485365385,0.8351714219786728,0.7006899603031741,0.8121547322164505,0.7671526090721874,0.7567527763631361,0.7557379790030523,0.852775224080123,0.6535211985149916,0.858342133300448,0.8021906724876283,0.8121182603954378,0.9182971216689043,0.7675326750331285,0.7388517766096817,0.7953924006699155,0.6860535311011726,0.8723122964344763,0.7249673023217077,0.8067018040492635,0.8159183881892865,0.8688297720395033,0.655583244777353,0.8915303913016935,0.8109086998243097,0.8622038063900329,0.7247149968676191,0.9346157160065434,0.8402369422738112,0.8325009840357592,0.9362351503801142,0.7887251213170838,0.7593986520258252,0.6782916459696164,0.8412330957789915,0.8584849033881503,0.8850691427519335
