0,1,2,3,4,5,6,7,8,9,10,11,12,13,14,15,16,17,18,19,20,21,22,23,24,25,26,27,28,29,30,31,32,33,34,35,36,37,38,39,40,41,42,43,44,45,46,47,48,49,50,51,52,53,54,55,56,57,58,59,60,61,62,63,64,65,66,67,68,69,70,71,72,73,74,75,76,77,78,79,80,81,82,83,84,85,86,87,88,89,90,91,92,93,94,95,96,97,98,99,100,101,102,103,104,105,106,107,108,109,110,111,112,113,114,115,116,117,118,119,120,121,122,123,124,125,126,127,128,129,130,131,132,133,134,135,136,137,138,139,140,141,142,143,144,145,146,147,148,149,150,151,152,153,154,155,156,157,158,159,160,161,162,163
0.0,0.8118964631773832,0.7454589211877476,0.7653275786524145,0.7742123604651472,0.8324197140387267,0.7832169076858507,0.8123192934544959,0.8823446787992519,0.7275432059400271,0.776738131298113,0.6928979231800564,0.9138832314591245,0.852291151184335,0.847982447148987,0.8175951629446776,0.8801094972473322,0.944025458775525,0.7988345318913024,0.9214952359219201,0.8407880682999949,0.8021952805986334,0.766394691188106,0.8149635898930013,0.8162650467795768,0.7575882751435582,0.7291958869124003,0.8808570004625287,0.6938833848792739,0.7989681666369489,0.8345772883966621,0.8550861539849107,0.8032844227318712,0.7703520963432731,0.9146647189535199,0.7495824280031567,0.8732635406925072,0.8561583119752184,0.6789531747683872,0.839394252737462,0.7853764668015364,0.8002881244685466,0.8742143596302762,0.8259104747099976,0.845201914959161,0.8822690583670852,0.8559023379238124,0.7813437801749571,0.8544666990725042,0.881820796591248,0.9024451997732851,0.9049096159498259,0.834305890385309,0.7883135597519536,0.745550715426473,0.851299006359136,0.9386903114515561,0.7542302353400552,0.8557898608973612,0.86309288158454,0.834550365077989,0.7829419204340595,0.9041914253491229,0.7227239647902906,0.8755260106532083,0.8783911584886497,0.7987510859002986,0.8990711184090919,0.8367948080602987,0.8582945449886563,0.9418476413713278,0.883664838829288,0.8271392369998953,0.8811063207509892,0.8569310615708366,0.8875957963837222,0.7641216604880057,0.7423136583571287,0.8414404218373319,0.797463391402939,0.8329859139648035,0.8849085102552646,0.8592746966948717,0.8440477212283445,0.8854053892725432,0.8803653795638912,0.8079180389522176,0.8715770170757978,0.8940481670174952,0.7390866877489839,0.853908903718589,0.806562951067772,0.8302608188777806,0.9018196078169376,0.8951100226364757,0.742771728259011,0.7873997555431951,0.7840843066450828,0.7176444992464928,0.8863904640776972,0.789519855740679,0.736142679517996,0.7351968347418355,0.7048581801184229,0.9113756408018401,0.8865774053748323,0.8123737479128152,0.8034906686091584,0.8554622026534957,0.7933802796194792,0.769423123389871,0.7910710016987335,0.8896711462826737,0.7238569501803405,0.8911347554913422,0.8907885217176014,0.8952498748245976,0.7407975728018993,0.7736785304352806,0.7564130244376515,0.8482025030715832,0.7565127798555885,0.8602655788253859,0.9137071016638716,0.8593735109832229,0.7505357912120606,0.7669306355117366,0.7419342126893761,0.7473530933837927,0.8538250288346834,0.8153027258986696,0.8279613599638024,0.7936386267177099,0.7628909559903496,0.7558176358088825,0.8534480418147575,0.8522082888489559,0.8473301045116876,0.7681984897223542,0.8062598367822116,0.828102843836734,0.7724519270032797,0.8954355240715213,0.7350771620314833,0.7636624446609944,0.7802092527961144,0.816822803414085,0.7764416440231845,0.7606832458241747,0.6078027272382134,0.8901700972040979,0.8151421142571351,0.7860236838851109,0.7351532237580302,0.7565854130529479,0.8739481991983497,0.8499196288344951,0.8345518364324949,0.8316012494477247,0.8667758264693437,0.8050141294397953,0.9186783932369326,0.8549263867490691,0.8580716299789442
0.8118964631773832,0.0,0.9218531968014786,0.7993991815487058,0.7932544977231404,0.9230187188196709,0.7985281347038962,0.9025762664016241,0.7793113821611095,0.920225975126853,0.8705775658093696,0.8753878986349103,0.8851822555979696,0.8173995707157153,0.8829721003011186,0.906451322809953,0.8938530667766922,0.8005333279571848,0.8794700219441576,0.869808589911164,0.9105999138833857,0.9304738405657552,0.7700196996360511,0.8844788100898632,0.9112298825947853,0.6956501355456566,0.7709819170295962,0.8488385904158098,0.9218895038285381,0.7903029419873401,0.9039546997090576,0.8754786339677746,0.8840733475779463,0.7748760165293128,0.8608805745165504,0.8712529632508463,0.8478602675408562,0.8741870526744322,0.8524026920194354,0.8313965401386016,0.9045764151164729,0.7915010855914456,0.8143497362622927,0.8741816830754142,0.8932383782836792,0.7966138845630376,0.8040844314069462,0.8737472816835585,0.8421866864098194,0.8237976708857763,0.8268017756930715,0.8096427719678042,0.7749916756060814,0.9308259354570336,0.893675261416326,0.8363623511309023,0.8173847878057767,0.8584645792485668,0.8263358088898395,0.8422545000637224,0.903509623488927,0.7093374524387557,0.8052704459899003,0.7818725008214441,0.7309341330920582,0.739849610135955,0.7580647770536296,0.7979163382379547,0.8027723609049577,0.8530104667089909,0.7976612380771377,0.805005869478446,0.6948767304592456,0.8625718823665937,0.8959992904754563,0.7636008433972249,0.7731148552165493,0.8608123435972279,0.7645145846900758,0.7134933857725508,0.8363590583589716,0.7647002143933923,0.9325063473039316,0.8625478628592169,0.7440029120821006,0.9111758239166934,0.7677361564841336,0.7390634159586199,0.8307895098727772,0.7749713912897683,0.752510559379154,0.8128730414868375,0.91513878585438,0.7728515139732112,0.7750724295534641,0.9073162535756796,0.8159787028923061,0.8498734173395369,0.6599878600843158,0.8089489865858036,0.8472741169978124,0.7764982220838412,0.6648790049026992,0.864230861020184,0.7982710260191038,0.8189273367065905,0.8401160796479237,0.8875827748324964,0.8529039311409242,0.9084585550705975,0.8199295727461664,0.6938563220428667,0.7784297726414569,0.7782402114244648,0.7782988353189018,0.8220510180584751,0.8305797380663971,0.8437124401655913,0.8632491608078338,0.7128672444066332,0.775064571086553,0.7276596509362279,0.7621711171446598,0.8953869920012312,0.7419458379171241,0.9412567463807112,0.6870593881158635,0.8593213144071076,0.9262335497317375,0.8338283391523748,0.8593085821646389,0.8627080354544936,0.7150625732360887,0.7300393330592901,0.8741172584646237,0.7890210238381813,0.8781670741263936,0.8294130921884855,0.8733725320041527,0.8702622494201496,0.8624744656394887,0.8498817390683414,0.8427788551998538,0.8197929237827462,0.8763201802652603,0.6835097213829572,0.8897288458646074,0.8652120112667457,0.9213376310036433,0.7309655061020492,0.7795518001547899,0.8631530688406844,0.8389011952554529,0.8559608638739331,0.8977280391394362,0.8515846635058866,0.8311999557733444,0.912048515003774,0.8065190784850516,0.724853910422493,0.8178643212741815,0.8029742692708097,0.9458018254632298,0.749373649226302
0.7454589211877476,0.9218531968014786,0.0,0.7591351761362459,0.7970246932337578,0.8725482973396735,0.7619045831980413,0.893351037434592,0.7149857027213327,0.9572293103405273,0.8818692212201572,0.8621386936399993,0.8566572009544987,0.7688598435740925,0.8154209510830691,0.9256125679219515,0.87935152956311,0.7645139316621969,0.8306277640226055,0.8187111128205963,0.9139002501720284,0.9513882423681163,0.7470860515178633,0.8205326290942211,0.9089852195032508,0.6868359680175495,0.7620202460242741,0.8049583220763804,0.9088248303616488,0.752307332883477,0.823000703974081,0.8717709804095316,0.7960937298317131,0.7324500752543003,0.7803606595675631,0.861703662538768,0.8195888856291075,0.832670933018214,0.8227155865258766,0.7821534531639236,0.815883066207612,0.8072893755766558,0.8239380938265859,0.8148620420145674,0.8691054497633217,0.7379404579709898,0.7665053469385089,0.8798900495729242,0.8179901386177747,0.8017287219680613,0.793139209194418,0.7395835092173378,0.700099632395124,0.9042745113907635,0.8957415633736504,0.7577618664175002,0.750349407105373,0.8706949020540893,0.8348936144604672,0.769820566010583,0.8794386963045461,0.6695788138593737,0.7755142849310375,0.8022139087323665,0.6878437196355934,0.7014574972443001,0.7378056471826826,0.7881350977832658,0.8657864727246378,0.859290711847206,0.7512144413075145,0.7303609239665321,0.6978228902443936,0.8653107346477443,0.8674145213869819,0.6763422182425706,0.8020438252076232,0.8360368386093722,0.6966190828747137,0.6146953948535758,0.7804624239737055,0.7206767302220597,0.8454963618447775,0.8033643070949728,0.7119567635668617,0.8284358545646385,0.7729773610983295,0.7306912515552897,0.7576480748642218,0.6889964087371677,0.7415817909018229,0.7440321809642636,0.8757952620194085,0.6813656583823546,0.7380717395717191,0.8744569599093007,0.7771412277694716,0.813006974175184,0.6176782771093846,0.7475201780756414,0.7541485176656683,0.8455553943394719,0.6689343854658083,0.8647109276419804,0.7509639653229301,0.7826591095162369,0.8432670520419221,0.8797345159423942,0.7922632057038599,0.882214056505391,0.8034169030628271,0.6816643361488316,0.7493101546818283,0.7897939332717733,0.6943221561269199,0.7360863444569571,0.7457152745973269,0.8915193934395949,0.8893727767808076,0.661824735151792,0.7136690400251009,0.7034841949331354,0.7072264631617361,0.7918723002930793,0.6562961037976538,0.8970720946242312,0.6742043901009767,0.830757216663065,0.9184972523181809,0.7947515496565428,0.8147687029812144,0.8881395363607086,0.6526998749510591,0.6449531304080536,0.8792841290940577,0.7219910181340391,0.7870485359819863,0.7536264411661575,0.8917349213285757,0.8187907032195006,0.7931371229205949,0.8457328811449272,0.7740875255929969,0.8623434982857723,0.8580286222377367,0.6903442193530881,0.8289375177940307,0.8064965302791233,0.9477468287870114,0.7234380787730186,0.7102034649817319,0.7757268702615432,0.8417969060333923,0.890289091301406,0.8770780780625919,0.8132818771128648,0.7659963648582823,0.8524961890720708,0.7114567222410151,0.6817752922583995,0.7798774149695022,0.6919107259430565,0.8891131763099289,0.6878497370865735
0.7653275786524145,0.7993991815487058,0.7591351761362459,0.0,0.8178671110496974,0.7858997982783253,0.8843329705687295,0.7970655080413875,0.7039301562398336,0.7410966076122262,0.8308454481350742,0.7931523986329113,0.7822597812888802,0.7582568506339431,0.832058931353985,0.7554776049660367,0.7958584198014074,0.7446484036107306,0.7832031978365721,0.7073194955706062,0.8315824433718989,0.7993594920050016,0.8254236529977951,0.8329087635854941,0.8021343471983161,0.826919771217013,0.7877958681945293,0.8189929590395786,0.7418727780273702,0.6862834726960473,0.7838706463946378,0.7385726596309287,0.9185355951490203,0.8060615829212741,0.8230597249627564,0.8078804241527379,0.8048916454033617,0.7546172574922084,0.743077846648397,0.8553949622032213,0.8401354520794463,0.7691378687122652,0.7349998879326567,0.8665200001008931,0.8186492225927933,0.717969897517794,0.6954728049312426,0.7811954967252281,0.8229305741152674,0.736398507639555,0.8439687935364222,0.8316585860702654,0.6649960307716346,0.8882265646484288,0.8165125493018327,0.7376573504823366,0.743902966319826,0.8241741370608778,0.7595472633053383,0.7532222573956058,0.7977972802287367,0.6408915586419027,0.7614113965173874,0.6848931242367503,0.6643762992679432,0.6663158596457495,0.8011625124851458,0.7394607345704183,0.7314788951346797,0.809204090202192,0.7529815610445076,0.7128699035481831,0.756188832156836,0.8499819135695292,0.7441984563322184,0.6612413165349151,0.7911378602760333,0.8407018610673554,0.712104322788149,0.6377961675825448,0.6857305852890471,0.817408502069799,0.7591715841478203,0.7301615441592266,0.7843115143379271,0.7878896293290685,0.7585011968096091,0.728407321921671,0.7308321220165094,0.7213512478286028,0.8605734617045778,0.8328805324342948,0.7853048624795946,0.6876166276113204,0.8233671529520256,0.8011304371025593,0.6716572387212089,0.8209040851537526,0.6577924414949515,0.8177543831134949,0.7365621574109651,0.7233713738607395,0.8273738138622272,0.7820928137400982,0.7560638520165807,0.7303555175477762,0.7257892321827266,0.7960405638362946,0.7640799174063214,0.771461535142622,0.8789264410766816,0.7722740798347631,0.7978816853397636,0.7259982037956436,0.7420458383534152,0.8146230579802362,0.7179898261042558,0.6971430730204173,0.8558029600881444,0.7671207934750132,0.7271912480432399,0.823356585881061,0.7270913904840398,0.8267992694231779,0.6745754040899881,0.7853880384327423,0.703686390373314,0.7653647509888865,0.7971777935804598,0.728685739651428,0.6843841298131483,0.7113181073206706,0.6835324728987491,0.7786381932095484,0.737709409960532,0.6387960068121091,0.6750840070188534,0.8369531029361542,0.7946335366786856,0.7427284926951145,0.8206778694040423,0.699591508075883,0.8391350804650523,0.7702350511338134,0.7784576612075418,0.761238540504246,0.7865907839902516,0.6901002258060883,0.7194623650630978,0.5994679856046046,0.8251675502771877,0.7154656581624432,0.7696239175892019,0.7355931596035888,0.8511745296999059,0.7691819100149757,0.7625331013471668,0.870304766308927,0.8996132323094189,0.7713985349984113,0.6948614334198353,0.737145610850017,0.7791188817886177,0.8141953418587682
0.7742123604651472,0.7932544977231404,0.7970246932337578,0.8178671110496974,0.0,0.7259322726516414,0.8797571963426677,0.757092042121397,0.7821927081183138,0.7664319753580885,0.8590876390946381,0.806396181918319,0.7594709807978576,0.7828489148765883,0.8214172641465328,0.7981949185201505,0.8040824441464156,0.7668995440697495,0.758684478656247,0.7562164921936647,0.8292581859373908,0.8665796636778149,0.8641276114433679,0.8092939343751955,0.8179611773551917,0.7618602431249777,0.8310311329746681,0.7781130504525737,0.7632176230558574,0.7839070860200429,0.801697560006378,0.766307380147971,0.7830241160469966,0.7630810658769818,0.8623671108619542,0.8435029474124539,0.8006223169171172,0.8015089079707379,0.7737179006555465,0.8094197004238363,0.7709430817773101,0.8487026949421903,0.7751572654975583,0.834874868147172,0.8065144884779435,0.6812815110304411,0.735081868836022,0.8006935432197725,0.8781252712126014,0.7958354025145132,0.809587686960448,0.7333685110244669,0.6441896628832158,0.8248356547944506,0.8289491691068939,0.7282892183568946,0.7376854683338184,0.8402578465341022,0.8021179885147699,0.750200562594817,0.7176623373186894,0.6397341874173239,0.7088140127651045,0.8136781561993008,0.6774433058725565,0.6268831148235082,0.7525013737549948,0.7499445963881904,0.8218301452707258,0.7917819205503922,0.7452590564587721,0.7538518626191556,0.7583390873860514,0.820161420328282,0.7303504037410976,0.6317787482588513,0.7869025451182621,0.8735928991898554,0.6439554551673387,0.5690605836661163,0.630540966348265,0.8030913773567724,0.7678883243944054,0.6734136145137948,0.762817642174079,0.7679253230493738,0.7288457014658464,0.7734005809764981,0.6864427952762868,0.695683934754841,0.9059672267308984,0.823231435932224,0.8372736879518659,0.6435213649898622,0.8178371131668484,0.7930283210244014,0.646042249817831,0.7795993610001811,0.7322563495905218,0.7325226480236132,0.7426376907094974,0.7325878831206666,0.78099367666502,0.7687142803837664,0.7520058210638325,0.7125388433184052,0.6963767869647112,0.8035461311045132,0.7377412752205402,0.7723091487289996,0.8385049973977072,0.8430647187925995,0.7246166800382365,0.7807796765748544,0.6736924485929103,0.7509483342578306,0.6743620844248774,0.8158710004640736,0.8011793448282616,0.7447719805589771,0.8338060847146083,0.7135257299103724,0.7141417978862333,0.7587437978493224,0.7134924714842594,0.7506243296374648,0.7004649278076498,0.7859727017591073,0.7769000407165169,0.7507211218122362,0.7380778739416941,0.7254822166316721,0.6411628744136791,0.748746753150002,0.7706186886762028,0.6665309917959149,0.6968356998009047,0.8384479757366878,0.8375213644205496,0.7817371846635501,0.7213198667942139,0.7793927239008602,0.8245192970379636,0.8583125070680148,0.8168295181502518,0.8104527572893312,0.8426746881291373,0.6483631580023117,0.7776135644429378,0.650785862663507,0.7751687458216925,0.6859637464547111,0.8596200212512608,0.8075132905962117,0.79350685580309,0.7548154228022649,0.727522292751939,0.7742650228752569,0.7894437352123533,0.7298780381128431,0.6463360927104206,0.712875182519545,0.797911107820052,0.8242866674627283
0.8324197140387267,0.9230187188196709,0.8725482973396735,0.7858997982783253,0.7259322726516414,0.0,0.7418413757803184,0.9084192545309546,0.7918686924857262,0.8679911868192224,0.8328399326093561,0.8416743947091684,0.8761223172049423,0.7731315752368275,0.8058500321603701,0.8828812223070694,0.8728485787557563,0.7756368021524844,0.8909611940028405,0.8485559766538782,0.8965371097251967,0.8528130920647449,0.7014258058997779,0.7905347084671795,0.9077339905652793,0.6799384947413297,0.6881433603360267,0.8386836614812515,0.8394096871922924,0.7843196135943471,0.8860797709823457,0.8945243507613009,0.8435950732484205,0.7711872460145478,0.8354103723323147,0.8211794561596182,0.847074420779348,0.8418817816300075,0.7794531110957237,0.7447596909182126,0.8326484624661182,0.8063391996075724,0.8154712823685468,0.8718636536993806,0.8464674190406967,0.7752823531836475,0.7924430124230509,0.8595750052834299,0.7840488023202259,0.7936833425476016,0.8280654406833099,0.848569468299495,0.7660423250705621,0.8896717292373986,0.8446821378345679,0.8704581339429494,0.8134862907136117,0.8763295156832183,0.7775622035706822,0.7922813873488151,0.9193178739859398,0.7360261807990718,0.8630144121782644,0.7216390270869338,0.7334212856986405,0.7699462483752476,0.7302087933901843,0.8056756709780085,0.7773810995553231,0.8813802892275246,0.8112642533944842,0.7563390895522892,0.7342954721925254,0.8386424661047828,0.9135739552166867,0.787354679533892,0.7481179879252161,0.7823434659553979,0.7720997390868869,0.7743490998290908,0.8946883509893785,0.7801003289921964,0.8913277924050936,0.8838776151057827,0.783828329684192,0.8755514011711873,0.849763633346294,0.7399963770924174,0.8466165040894195,0.7412669303171465,0.7493715493880181,0.8193006223195219,0.8527700624647141,0.7879267929265573,0.7624205275159658,0.886373078361521,0.8400115682778451,0.8793060277370721,0.6577926904805551,0.805947499529617,0.7907061175417411,0.78791077798207,0.6931405278984274,0.8460935168135987,0.8278370144624343,0.8073817857725033,0.8418275691692357,0.866089929712275,0.7872053130016856,0.8675334689834121,0.8175758321881915,0.6833335016348908,0.8453899722295273,0.7678809045710487,0.7830589890344501,0.8000070090867775,0.8717735517366847,0.7850919864475057,0.8810292022479369,0.7324748590580032,0.7021646831471059,0.7790321380389431,0.7971158636239871,0.8810828783995962,0.758475111352795,0.8941215268259048,0.7040721966975968,0.7950705733799996,0.8929665958556343,0.7617652775702388,0.8716046686291473,0.9040771361146486,0.7274023685703621,0.7412419040264449,0.8270519756315644,0.7655117068944005,0.8460973738069762,0.7431734409519503,0.7643830704989606,0.8222857422118562,0.8665675760503037,0.8393209780543437,0.8167273686409208,0.8005242721810165,0.8291018942143675,0.6914046106186774,0.8523733331065858,0.8298655196480162,0.8857844872703096,0.714987155362368,0.8082272316572887,0.8644633006300744,0.7673145059063823,0.7513433673384683,0.8934818871406625,0.8354140085241877,0.7858888406207641,0.913809068270296,0.7678955294944887,0.7562211580251235,0.8022095851589208,0.8493824263865472,0.9328002909887976,0.7359724985969712
0.7832169076858507,0.7985281347038962,0.7619045831980413,0.8843329705687295,0.8797571963426677,0.7418413757803184,0.0,0.7441918318942892,0.7030133577576949,0.7839047720695954,0.8138341670497032,0.787660119819496,0.7984377081592922,0.7923090601748773,0.8510640479340473,0.7665425696499681,0.7867828471501745,0.7666921885639729,0.749891727534237,0.7273230271071909,0.8173207416389418,0.8077814675596692,0.908834282468832,0.8537131551036604,0.8357688901537262,0.8220548616795426,0.8082032077096245,0.7893402282304348,0.7540198591359989,0.7133121314430664,0.8035247358381706,0.7938300226739348,0.8352911641385338,0.8408137989696087,0.8428083696115367,0.811253931151288,0.8495768205335344,0.7229869600034782,0.7396686960174045,0.885226210780052,0.7695957236835628,0.7982651886884218,0.7741259483563928,0.8613522444700822,0.8429810975897628,0.7346441485492109,0.7639283330303878,0.8018035713932974,0.9335514573778088,0.76392335709057,0.8645288551581383,0.7644745756730511,0.6547180075102847,0.8484714258817578,0.840118829308717,0.7682066419552428,0.7395039923020155,0.7679619032169129,0.8504684812013276,0.7703027351114531,0.7487389047903674,0.6551132572688353,0.7068990005715718,0.7448141323006567,0.6914556120772618,0.6698048653882568,0.8439672002765912,0.8044007996658843,0.7698149610928564,0.7611142331085715,0.7674580833339065,0.7630970371554417,0.7627914349257893,0.8678742449970728,0.6929128874216762,0.6981990379488103,0.8466360283675545,0.9127115690971109,0.6632968023848768,0.6289356068627886,0.6561466464978626,0.801121109827377,0.7777927532187726,0.6699012237780897,0.7695275311162426,0.7386373100523244,0.7293940341469592,0.8126258752098183,0.7433920393029824,0.7217707612147469,0.8602595668038014,0.8748508596508238,0.8176862566019479,0.6876200840267556,0.8290757544585036,0.8063893396576199,0.6385284494622094,0.8105504421313079,0.6963823014401055,0.833391169392324,0.77017250487513,0.7476130857660934,0.8466928980898563,0.7682116650434436,0.7383031038721768,0.7420403468438522,0.7264467989088969,0.7851021725226544,0.8005160795039321,0.8146835682562577,0.9018877636475267,0.7918014510061631,0.7923054018828305,0.7000784505140377,0.7047412539071802,0.7629007179167577,0.7130368479420696,0.7869259298303433,0.8285023421813562,0.7266927609517471,0.7644546162740031,0.7180431360514006,0.7285119281123621,0.8364962218397926,0.6867778373566783,0.7783776851615263,0.7240810533297443,0.7952102543462121,0.781120824190255,0.7665050410867186,0.6839452540231151,0.6767908020317319,0.6554661375767644,0.6950514034777976,0.7432156410963484,0.6660913556365501,0.6994458784694816,0.8712581598295381,0.8195762731523639,0.7558208696865888,0.7691551123454252,0.7448031041148087,0.869828150991741,0.7750381846998056,0.8116071243363344,0.8544751845799636,0.7680960498585092,0.6915109621428958,0.7511786310128677,0.5802677450509087,0.7929980901990362,0.6995363303721067,0.7673409121110336,0.8324325530784863,0.8082843446828245,0.7866541176230976,0.7706973914669316,0.844916061009757,0.8646875058239945,0.8151759530319872,0.7011542347474824,0.7275684124648722,0.7948499876279513,0.7803782692608207
0.8123192934544959,0.9025762664016241,0.893351037434592,0.7970655080413875,0.757092042121397,0.9084192545309546,0.7441918318942892,0.0,0.8053668936256538,0.8560832332539607,0.8513198321674882,0.8537696383821752,0.8913885682530325,0.7683751272267527,0.8551479689661491,0.9190765581146538,0.875154653087492,0.8006840903536558,0.8651952253721867,0.8536332866630069,0.8910122705477412,0.882103435828954,0.7486332514819751,0.8221115157654937,0.8836569736273628,0.726069877199074,0.7795809082446361,0.8505220990667041,0.8205292541917932,0.8184887431184326,0.9023708428460473,0.8684123487440529,0.8579790055775989,0.7768064235658276,0.8085480468227194,0.8410991912264427,0.8607213203839222,0.8875521713233208,0.8333188184337953,0.786169414600531,0.8524042570711632,0.767651881454074,0.8577769195802549,0.8227394913058441,0.9139066183154223,0.8176954726152282,0.7766205968648101,0.8407936108238955,0.8006225895383999,0.821893938506251,0.8357006969189084,0.8078571087491847,0.7407830411007235,0.885275425581845,0.860121428186103,0.7969107428209546,0.8237503615646089,0.9050690209000899,0.7728750325676069,0.8320622431447768,0.9315103228959432,0.727809378483055,0.8489472644604735,0.7306597275769015,0.7174222644941599,0.760533664627016,0.7538062789511654,0.805895877539947,0.8190152550730093,0.9435380734903706,0.8175713043215498,0.7619779517697894,0.6953114869514343,0.8718412773414508,0.9119081477792428,0.7436299527996684,0.8047476505120504,0.8077855208531526,0.8227705219471317,0.6797861172362836,0.8052255910951345,0.7862391284448165,0.9016137394158946,0.8834557751665153,0.7631220112515171,0.9201880418771746,0.8536470772878412,0.7551081726615028,0.8548140166749986,0.7744098572877907,0.7724876484570171,0.7788570411419391,0.867892794839094,0.7562316513419177,0.745121911940957,0.8628714256173147,0.8354031089508839,0.8215846291935108,0.6279880131145104,0.8077594031368001,0.7890986049629349,0.8713607312974897,0.6866676468575605,0.8301580709217418,0.8257858895294808,0.8598228965657073,0.8673279593330295,0.8593262265355599,0.8193534032825495,0.8322628177154706,0.7878925247133824,0.7049281000812393,0.7767293547330725,0.8182704059152524,0.7912805416645706,0.8224282027999782,0.8009363585717743,0.8095960190915527,0.8144935792971629,0.7123264200511195,0.7402445156117636,0.8440138615793719,0.7270230983903078,0.8721709858863015,0.6816204424323802,0.8980687031789105,0.6913890870194619,0.8867270761908038,0.869058852187089,0.8128342573745626,0.8533078333245258,0.9000375679451058,0.7561795697260285,0.7144489276215846,0.8415581435459684,0.7350005478197336,0.8510403957552597,0.785115156931136,0.8480617399904317,0.9018522411403419,0.8368172183943767,0.8049705041472224,0.8070238126570303,0.7998287751249886,0.8307457809195965,0.6925029297201065,0.8875999321283027,0.8413681290300978,0.8739822796513044,0.6997168078050299,0.8165208191688929,0.8041211654965008,0.8222980077065519,0.8099887416719197,0.8895056645077116,0.8806116093417287,0.8075584542573386,0.9118462506344615,0.7477251272447941,0.7323144246249614,0.7735535029763841,0.7572844444207188,0.922641058613812,0.7381640598169117
0.8823446787992519,0.7793113821611095,0.7149857027213327,0.7039301562398336,0.7821927081183138,0.7918686924857262,0.7030133577576949,0.8053668936256538,0.0,0.681147382399248,0.75280778483032,0.7063665515909352,0.7976348425919322,0.7682519618142513,0.7771691427443409,0.770669404896413,0.7853559249141915,0.8136224701387647,0.7539044742598873,0.8360041844282764,0.7657592460108631,0.7908652774876052,0.6991228244679705,0.7368927891148692,0.7555165054541376,0.6671214527105931,0.7250873808495076,0.7840451488828316,0.6634148749129066,0.8615838981127735,0.8203800912928155,0.7599453269667565,0.7398287825913267,0.6882796601654939,0.8411207877887377,0.7165743637287683,0.7902006325062049,0.8341025155891753,0.6928195021386043,0.7183373041586582,0.7265983075867387,0.8211853219249611,0.7547199833207358,0.7484829549064335,0.7642129497133717,0.742663220057116,0.7537784895489053,0.7165951686039224,0.7437895919755918,0.7900181861925983,0.7706400045292541,0.7817476787247594,0.7378347441638903,0.725672178034238,0.6912524003295141,0.8381145588402716,0.8175447756910662,0.7829761473406506,0.7120673877208045,0.7721936489533704,0.7580170440354347,0.7131872389048967,0.7863672958975391,0.6892359461992136,0.7479657880270209,0.7202573647271454,0.7079035656202136,0.7825094951034585,0.7540615378897018,0.8366090822429649,0.8323990117823327,0.7650556817741133,0.7409256942723005,0.7620277388463907,0.8154228843089584,0.7370457796198036,0.6883887367791766,0.7048880910883671,0.7310227900781988,0.690040790254808,0.7245978577053884,0.8462762125258,0.8471704027853424,0.7660947641511696,0.7698376680656946,0.8574219500643805,0.7854853702380953,0.7457814890905285,0.7743263683554623,0.7912353698652168,0.8085334534783092,0.7712642668581139,0.7608766798987004,0.7579486942308048,0.7902271086030902,0.7315948086424797,0.7402905848318693,0.7320684857109537,0.708395673956603,0.7444330919767277,0.7305619689304791,0.6824031313978155,0.6489327091123467,0.6729844235699222,0.8175565888470141,0.768751992399749,0.6999786753688115,0.7611058799403608,0.7212107441662032,0.727031678959863,0.6991484202616878,0.7410739667514752,0.7627022293450864,0.7696921316602456,0.7562294918466751,0.8340963416041621,0.7610747027368995,0.6938830156825957,0.6831292546628949,0.76531287241495,0.8085923210360535,0.7424639657526491,0.7579535233216638,0.7987733184194333,0.818288027383876,0.6996620858241779,0.7002564460588553,0.7406688191537698,0.6860740446837498,0.7407380216231949,0.8739835779732763,0.8014801551192874,0.7547131920036613,0.8199070668258466,0.7218240533414962,0.7437154193676571,0.7899151251805334,0.7496790870861993,0.7025878811440148,0.7853406625938281,0.7279459158553812,0.7462557382117325,0.8166030933538861,0.7348432397836844,0.7202674443857553,0.702608762123654,0.887943144860991,0.6936909160859341,0.7195742779907631,0.640986812983247,0.8197431016828342,0.7346166390845073,0.7810041651133238,0.6882623557158831,0.719045908532008,0.809202133857638,0.7679538349301138,0.7724224525793193,0.7335955908858504,0.7279772757726561,0.6698446075833192,0.8303453195520518,0.8228021255054101,0.8460832452089043
0.7275432059400271,0.920225975126853,0.9572293103405273,0.7410966076122262,0.7664319753580885,0.8679911868192224,0.7839047720695954,0.8560832332539607,0.681147382399248,0.0,0.8537754358018194,0.8718776161144883,0.8379078606840079,0.7494296798477967,0.8080890520993745,0.9040704013150453,0.8440793868902388,0.7450444373487758,0.8288467318497864,0.784092742068871,0.8617631534756356,0.894998363970737,0.7654278981217418,0.8006636269488194,0.9353501997847375,0.6600165350338257,0.7518993249391472,0.7908664055392594,0.9481156954392194,0.7629478902994007,0.8342753196915917,0.8795778898536832,0.7922893271235675,0.7407970421577217,0.7664213082974354,0.833750759782838,0.8211467048333042,0.7941552885930621,0.8060772316706375,0.7642159742938113,0.799116744349845,0.7703096736967103,0.8105936393088162,0.817752971714408,0.8442637510616414,0.72821664738244,0.7725427842949608,0.8737222741033042,0.8346117302742442,0.7559048975823086,0.7715039470200621,0.7096687392152402,0.6864818543734892,0.8730265104617808,0.9048135843974174,0.7616244701378554,0.7195377770853669,0.8445923379567737,0.821378537497407,0.7481387977295144,0.8412794336226773,0.6558905038190322,0.7394648107117612,0.7705614681944857,0.6622342655598737,0.679280415383675,0.7090586085082368,0.7789636662505961,0.82982898297788,0.8316097761287533,0.7136392285394108,0.7278265902532993,0.6548236386262004,0.8247562428702612,0.8254384132038494,0.7058921505965837,0.7754206518263228,0.8600239021574579,0.6825683092724351,0.6414908287423144,0.7838350721543943,0.6716258826567363,0.8601011465991264,0.7863058639083836,0.6761871275762378,0.7887094526058983,0.7470914307528291,0.7256216740381115,0.7755212446298648,0.6702291678603856,0.7092538990103143,0.7508431562909198,0.8792586577821291,0.6741840415351467,0.69394910486409,0.9078594593435574,0.7278646118429117,0.8162212995519558,0.6035300144948068,0.7379542521991105,0.7691364838816518,0.8171357087761402,0.6663335295732918,0.903413962428339,0.7185952567678819,0.7567498654132057,0.8111082705450634,0.8761789864702576,0.7925323705577453,0.8779394012373557,0.7984490071154033,0.6399307864524728,0.7262713332315843,0.7623460566667566,0.6836631731530212,0.7079704605563487,0.7650896353051077,0.9122930685762101,0.8717337709498529,0.6488902597288814,0.6725132593411526,0.684973380479316,0.6837833982336122,0.8058143005134663,0.642937374498664,0.935357562593789,0.6386804416808342,0.8128935344833105,0.9196307605539827,0.7791123327653877,0.808215515887285,0.8137002452003654,0.640453288668076,0.606456199677721,0.832106192864364,0.7123680156557457,0.8090299593899473,0.7449508690972667,0.8648754783487265,0.8216089648231737,0.8129787179550448,0.8350127564638937,0.7466615616477138,0.8010772627057435,0.8543927971117403,0.6825409801075273,0.7779094578984497,0.8342077446580272,0.9638850093915919,0.7052317509337256,0.6901693430131515,0.8099146695945892,0.775205240396666,0.8775451103278701,0.8885517668187708,0.7885726686035255,0.7548991488905186,0.8643992145990361,0.7202612687611384,0.6905946586637622,0.8004467904398326,0.7057705810985333,0.8907391971127743,0.6524424876412998
0.776738131298113,0.8705775658093696,0.8818692212201572,0.8308454481350742,0.8590876390946381,0.8328399326093561,0.8138341670497032,0.8513198321674882,0.75280778483032,0.8537754358018194,0.0,0.8866713721902909,0.844793463361336,0.7803482978747233,0.8019093567938106,0.9160562281995085,0.8646433086211941,0.7475805928785642,0.8346395725821532,0.8171649181683033,0.8846200394130898,0.9259278767330676,0.8248338804037436,0.8640595088842472,0.9138336803718016,0.7508190084098977,0.8356060340506644,0.8668710957363792,0.8733792572739809,0.7846882384594291,0.8348579359108513,0.8256434362157304,0.7935704483762718,0.8040233563397492,0.8485972942487895,0.839285857471443,0.8893270084956112,0.851948767963238,0.8626623746258857,0.8066481082727367,0.7786049082244787,0.8435446816205898,0.7754443167922248,0.8697805868743916,0.8559934509446475,0.6835169375033978,0.6718203130010623,0.9271472052727582,0.8812477970192066,0.754892448081105,0.7859923913798098,0.7266100291214215,0.6375182581387346,0.8919545524277733,0.9110913366182776,0.7450979107212198,0.756710643771135,0.9027655283678503,0.7817367122818014,0.7456067698680923,0.8646231101087263,0.6160232314657865,0.730059841874134,0.7863252558988019,0.6424773009408147,0.6512580235931557,0.7954732946215489,0.7494271615304264,0.8095951250343116,0.8870955787357061,0.7335644088825488,0.7364590627930043,0.7543876894497423,0.8518272728014099,0.8183826859012905,0.655082082397621,0.8506643809419967,0.8834979392451374,0.6719680806633083,0.6580428970348033,0.6975528667692771,0.7355333924236394,0.8151395183774498,0.7777350624346774,0.7489979324681034,0.8159803207137325,0.8570518623438499,0.7123891100046006,0.7189479288230232,0.7430016827706243,0.7989303388263873,0.7478872545722108,0.8517148372183757,0.6792112334596523,0.7703846817948362,0.8660779851686545,0.6984980222358947,0.7936847915592731,0.6553218147122748,0.7320634964229213,0.8220321312002221,0.8159695508710755,0.6968100628016448,0.8018493804309409,0.7343793375957804,0.7239000351932722,0.7469153640287635,0.8962997245538824,0.7225541366722312,0.8899094248724658,0.8811589136079983,0.752938903176846,0.7784825567136189,0.8824431517180179,0.6805845560081153,0.7672726635922695,0.7084738582436145,0.8737961875096478,0.8721608271367902,0.7223259322765883,0.7781582017276096,0.7210062036801055,0.7665646219305892,0.8004748136751627,0.7324606797178057,0.8602304299886961,0.648616546037009,0.8332414186929504,0.8689667222860525,0.7421150672025951,0.7750863327174398,0.8150974335475297,0.7638591054534587,0.7606710894603458,0.8953349159876863,0.6738989589169858,0.7613398056514445,0.7889768473695845,0.895756500715607,0.8132352281103036,0.770073141308742,0.8396060155938052,0.7760942222718875,0.841877180802599,0.9226870265372841,0.7155648270427194,0.826233556873034,0.7041890689161595,0.8622690394462146,0.7184000329513394,0.8198053803907961,0.7261601056465854,0.8842639476739953,0.7797429249708488,0.8702890805692937,0.845966805624199,0.8559780131451176,0.857054616036415,0.8047899892001623,0.7455120639486023,0.6745214680567319,0.7468334683885083,0.8176322567053557,0.8377580613094042
0.6928979231800564,0.8753878986349103,0.8621386936399993,0.7931523986329113,0.806396181918319,0.8416743947091684,0.787660119819496,0.8537696383821752,0.7063665515909352,0.8718776161144883,0.8866713721902909,0.0,0.7453703249062539,0.673930865197925,0.7823685720220792,0.8533071851510613,0.788537963479143,0.6585767659846693,0.8847280394823316,0.7508129293764544,0.8708933006073407,0.8534031197631554,0.7889311892016184,0.8213244996429271,0.9137193785323683,0.6736580100308001,0.7418823466390022,0.7760582531954268,0.8761403700520591,0.781036382124426,0.8778155768941494,0.7986554886416446,0.7901801416320448,0.8210230158498467,0.7764981725940528,0.8504606960448038,0.7985180852600157,0.7708340263323128,0.9144272950915899,0.7157767903509421,0.7952213152303536,0.7881648911689529,0.7471411126520668,0.8571257238208714,0.8251139915425485,0.6571139878623686,0.6752617827641794,0.8693001063930479,0.8094678518525913,0.7090309722157166,0.7440668804463884,0.7003582069767633,0.6111140879664242,0.8890047405649877,0.9049514118021686,0.7381303987220673,0.6992835120848568,0.9298684726762644,0.7076199177066419,0.7096590564854636,0.7997548104992162,0.5978205766070339,0.6875211183930431,0.7388537768568992,0.6047605137463669,0.6077699754671679,0.691005620066518,0.676472728289522,0.7088670471170656,0.8111801433098513,0.6680149618043651,0.6642337024735715,0.6471554944684326,0.7704956882492876,0.7666403542787449,0.6265676072541833,0.7646849339627209,0.8594817781621313,0.658786728894343,0.6098607181861818,0.6800128664152835,0.7030552075762677,0.8054579605804832,0.7165804704343692,0.6932308887982551,0.7828729755509578,0.7847332768031682,0.656152879964516,0.6997545659268865,0.7311419326733468,0.7230957024660536,0.7927298606412859,0.8283056989795701,0.6353960456266635,0.6642716816767522,0.9072153347735958,0.6970145000183758,0.8524146502994446,0.6214638054033044,0.6895906153743854,0.759093580427075,0.7997459328263453,0.6955803299769117,0.89167339409575,0.6881784634937665,0.6916652791747826,0.7390649793537043,0.8635756206127342,0.6948424560246705,0.8657365231018515,0.8836972296277329,0.6905628474509393,0.6878114400303623,0.7890476232029563,0.6365270348544229,0.6990725445209642,0.7014218763878761,0.8565249200764776,0.8425729263756543,0.6632883045318786,0.6811634060766721,0.710214922127025,0.6975322872637941,0.776218036080278,0.6457850803773282,0.893928035382907,0.6117865129073069,0.8432237252171564,0.8937796922403484,0.672930798091297,0.7649954974689379,0.7645756807374295,0.6434108697517655,0.7085575772822833,0.8593757003796524,0.6269236624378184,0.7603743653871246,0.7259874573599596,0.8214129116887466,0.8426809370780753,0.741655409032075,0.7928299469590107,0.7393437634953496,0.8160856120071115,0.874769461976132,0.6885850768084935,0.8471340777296116,0.706836494203622,0.8893360091876785,0.728755434633216,0.7683842406588838,0.7276461669525951,0.8132231071274806,0.7726516056331398,0.9428765607858233,0.7700678307990528,0.7342307770600162,0.857814199227965,0.7172226791217833,0.6625880832599291,0.6453105043569747,0.6978713580896021,0.8499388867375696,0.7178354345742118
