0,1,2,3,4,5,6,7,8,9,10,11,12,13,14,15,16,17,18,19,20,21,22,23,24,25,26,27,28,29,30,31,32,33,34,35,36,37,38,39,40,41,42,43,44,45,46,47,48,49,50,51,52,53,54,55,56,57,58,59,60,61,62,63,64,65,66,67,68,69,70,71,72,73,74,75,76,77,78,79,80,81,82,83,84,85,86,87,88,89,90,91,92,93,94,95,96,97,98,99,100,101,102,103,104,105,106,107,108,109,110,111,112,113,114,115,116,117,118,119,120,121,122,123,124,125,126,127,128,129,130,131,132,133,134,135,136,137,138,139,140,141,142,143,144,145,146,147,148,149,150,151,152,153,154,155,156,157,158,159,160,161,162,163
0.0,0.9221892054383816,0.8844237022744568,0.8167739970784094,0.765171902679242,0.9462450753492588,0.8732007391207333,0.8731977800979188,0.8343955728709759,0.8193187209719702,0.9218418172598409,0.8976942723070275,0.9499634336591675,0.75084996280177,0.8872699599984175,0.8540559661470232,0.8962844189809538,0.9097493650505716,0.8278124318956622,0.8986782725189493,0.8813121269854233,0.9282192884310151,0.7917654265576463,0.9306325719442073,0.9283257000526262,0.8173892875495096,0.6300613928075187,0.8613057236254222,0.7961261399092342,0.7618902904230803,0.9054940555544758,0.9224059608512349,0.8414430904152818,0.9290340850452034,0.8769832606087363,0.8042016947518299,0.8924692141163176,0.9005839474825094,0.8712023051126092,0.8586450572875503,0.8296828771614629,0.9461067801714046,0.814765864923202,0.8856383776588836,0.8902227382853412,0.893036155663786,0.7763776742916123,0.8671456853075099,0.9124160549057292,0.8295912953102097,0.8650108827796031,0.8950519231300698,0.7759703398458218,0.8646314722552915,0.8441560886381148,0.930639155135519,0.8879991012889114,0.8464136682937463,0.7792851552999117,0.826359678417295,0.8702718707998206,0.7801975133320117,0.8628251256648837,0.7149569883066892,0.8192460663791021,0.8731046983535063,0.8761985693908949,0.8427383955859676,0.7521290760496766,0.9327530895787984,0.939157909719691,0.7154050969302649,0.8062998470126125,0.9065214999614511,0.8928787046456751,0.8575613395536931,0.8742131938092386,0.7635004312480276,0.911653722427069,0.7845253376202823,0.896146136125896,0.8506667926529841,0.8622725319394497,0.883265585026461,0.8543034818510905,0.9461783144677329,0.9016845875701821,0.8269134815332921,0.8510982766724247,0.9303479673682984,0.8189023128551336,0.8042259601379517,0.8104475963675479,0.8863811699515425,0.8629715300976145,0.8502272249011411,0.7265296443738024,0.8767502483035606,0.8743747351272041,0.8637050522014761,0.7620179065030308,0.8785587391699001,0.6947365990183131,0.7194334559855714,0.8141539295208424,0.869833400897245,0.8216144111397151,0.9470025788174862,0.831897162417163,0.9735750176470241,0.9122163857200972,0.860798230632853,0.935965035998764,0.82187887305855,0.8811245125388746,0.9297945751124996,0.9273959304895406,0.8258779544324546,0.8992737795463547,0.7473071181242873,0.8229389722241198,0.7375531340011002,0.9482550820117809,0.9005960832822042,0.8052754414060194,0.8597977935679915,0.7913689170150787,0.8627682983192451,0.8864720937502222,0.7636560634318769,0.8184836985545572,0.8607284764010384,0.7811529799881661,0.8834204925332798,0.8892050585001932,0.8880398079123475,0.8699656151696358,0.8155980928962071,0.762359298183147,0.858533204413218,0.711209460151984,0.8840382906273716,0.8373024992335394,0.7399028788667821,0.8885409854092016,0.8883599191486042,0.9059564624648022,0.8195405873621188,0.8875779985445785,0.8063326987266521,0.8995331482059333,0.8493789143435434,0.808362935374001,0.8148965367120324,0.9208708236759384,0.9652508141885876,0.9538490086937965,0.8926959340819721,0.7356596509658189,0.8498637765884614,0.7856914678719781,0.8709706604017678,0.9235290065109205,0.9523987428342672
0.9221892054383816,0.0,0.8809671105448588,0.9093764156762693,0.7129865388659654,0.880506847952193,0.8715909299453873,0.9742523544645596,0.8404231876844669,0.8656435654735226,0.8811951014352516,0.9082039333971955,0.9040464423430008,0.8042697541391662,0.9350875819255055,0.7930877193963501,0.8871285549609879,0.9380817315058604,0.8789925516278473,0.9242708199777524,0.8710796805486747,0.9532678298968332,0.8504281211019754,0.9288936720586043,0.8922776821370382,0.7558519980497517,0.7069246603795147,0.9463930642691843,0.798236372841352,0.697127252794769,0.9276761647814864,0.8650493411523507,0.9175506756990925,0.9671404692869475,0.9020001405715701,0.9122307007715729,0.7896581331092167,0.8915598710103521,0.9059973176574827,0.8995871086128251,0.8944699425613655,0.8957478522735226,0.7537737168781551,0.8096751573838409,0.9797578556691484,0.9261765532059327,0.715420294255335,0.7745205669454823,0.8984664106427553,0.873381603124099,0.8594204725590162,0.8611982272089738,0.8642310291731458,0.9270156887311243,0.8719204787452343,0.8471378718905084,0.8949179680326647,0.8109403075452314,0.8989382671492208,0.9271227103504881,0.9287232947816653,0.7402203838938047,0.8213613705064002,0.8408117487985731,0.8543190087981147,0.87907622507639,0.9157114532011451,0.7438140793403503,0.784654690117664,0.916382233209199,0.868850333170467,0.7412118225064899,0.8100668614357622,0.9314017494041549,0.9494759116333669,0.7535883372403539,0.8556519278626097,0.7086872197689279,0.9218516621539229,0.6630554601456876,0.7998359620590767,0.9030327357815978,0.7950520591020033,0.8500842933662296,0.8491427266213326,0.9847860329051962,0.7986350068442613,0.8969536196390986,0.8944304824130577,0.9236901905126184,0.7781323063443597,0.8709210641737539,0.8133975732097883,0.8882542247473517,0.9128202607256788,0.7951059875755144,0.7955014280033582,0.9009837897178793,0.8140133639012439,0.9555624953468496,0.7465007679297689,0.894775262676853,0.722673762536358,0.7641550193202512,0.8809888148770109,0.8297512617086927,0.8686648562247752,0.9421061448791124,0.8620692000601339,0.9199853144176025,0.8991176556888687,0.8625935403240395,0.8708014241333706,0.9017600101178573,0.8863991355355921,0.9210892894429302,0.9134657070764324,0.7990619683158431,0.8780699455611067,0.7398206728203321,0.7742855441082793,0.7488753164355214,0.8628060140942772,0.839248497137471,0.7261469699300177,0.84033704424943,0.8482342968077614,0.8488473563540322,0.9431057974053747,0.7805990672357215,0.8030143340996392,0.8176254527131883,0.7238175409719194,0.9011489403932184,0.9271149030974027,0.8125762921229273,0.7801586751115472,0.8352497097405572,0.8642124273822896,0.8779387346123658,0.7395692632147112,0.8035610482907499,0.9302452407220165,0.8344643203236813,0.8099276225917716,0.8243206308124941,0.8814953381165047,0.8007515686031843,0.8908988460742162,0.8119461572395948,0.9000978035816474,0.8662161528038369,0.8969727806666973,0.8457350410177604,0.9119263051022837,0.9351215711548497,0.9312132950217606,0.8263081691708752,0.7673096706708767,0.7551913794154362,0.7859597960006388,0.7644123057055462,0.9300115330658915,0.88316284538718
0.8844237022744568,0.8809671105448588,0.0,0.7971592723279767,0.9131307494361174,0.9340630759562678,0.933476137174572,0.8072726053912785,0.6957080969779957,0.8113795101141003,0.9659028398953453,0.953545752272231,0.9210445313349236,0.6766726633067526,0.9327641632045843,0.9669935311829695,0.9805982518566723,0.8764887199467538,0.813464431803552,0.7846623794623119,0.9572534961982795,0.9714836405222664,0.8156414605001262,0.97068213806617,0.8330122141705664,0.9091809048219635,0.620159655688369,0.771286362243579,0.8714364452375785,0.8534975528122578,0.8026436057613009,0.9584248259797383,0.8631709846242009,0.8438392879657944,0.729713698317461,0.8721954152582202,0.8659088995337002,0.9406053755154548,0.9644728541894384,0.9044704939954652,0.9232420081519482,0.9164846187810863,0.9449576730850824,0.940698400034288,0.8282068259681926,0.9483833725991496,0.894660993056206,0.9198491615476223,0.9254306964277759,0.9176364364841243,0.9581749721583342,0.9490003544107316,0.7870647126663863,0.8976510116252899,0.9374423529817825,0.8236570071515206,0.9115980578776579,0.9599239011019208,0.7285440267640508,0.8676318156219672,0.7887835681246287,0.92849701145389,0.9411997271941461,0.7080994853572103,0.804367975761866,0.8290066671019903,0.7612628758495429,0.884783195517643,0.7981453613070848,0.8362212780540145,0.9660137090172763,0.6592063115987027,0.6804620047396177,0.9574199348125882,0.8725112820418794,0.7030325172906406,0.9782009252674102,0.8903672785373573,0.9350754344117622,0.8276168089055725,0.9338608849508727,0.8035415499734846,0.9266113069576833,0.8117085777975448,0.8479877069546783,0.8970349424017874,0.7323194167274444,0.7806543419901082,0.7456434091906061,0.8152930431773695,0.9411847981325272,0.7226014473348493,0.9668767626640495,0.8281494685958704,0.8268611978397514,0.8366237500439665,0.6922941445568145,0.7635031403537883,0.7804180996959125,0.7813805211052007,0.6856803240681171,0.9650029030533812,0.6637678329694618,0.7058014247272821,0.7606952414046176,0.9717554593678579,0.90092009979817,0.8650719406331198,0.9395196609515925,0.9527792723452181,0.9347339173173317,0.91312576923823,0.7904436078752668,0.7305489874426322,0.9014773344816519,0.9544225570387078,0.801142050065044,0.9319496929338827,0.9284247264212924,0.6319505748354791,0.9485503341842962,0.7702308454255181,0.8232220303888244,0.9717058675178079,0.6363287277833642,0.9315354720638919,0.8134575373773879,0.9700664572450558,0.9100095737959846,0.8144646807575501,0.727933436735259,0.9488281321638897,0.6535069561386565,0.7881512046884366,0.8255495127392258,0.9258606940640981,0.8897463341552468,0.8595215380482131,0.7464189575056991,0.9662093308108055,0.6379353640279796,0.9402462329932122,0.795942048230694,0.745994943045657,0.927796852042159,0.8263906583198136,0.9668265435671386,0.950806908761064,0.8537874667833341,0.9140572094373738,0.7555800424586455,0.8313426802395977,0.8371348972745158,0.9233486312658388,0.9489611696390874,0.8425024949720236,0.8853414119875732,0.9550473708327306,0.6518351725970113,0.9055171039601019,0.8020752272592053,0.692511266138035,0.8818461216951697,0.9516932051675947
0.8167739970784094,0.9093764156762693,0.7971592723279767,0.0,0.6719553315408392,0.7890976890897027,0.831607103742176,0.8758022988809271,0.714146065417505,0.752432084510576,0.8219174563153503,0.8205046108069808,0.8007171839409272,0.803671100587708,0.8930279918526888,0.7119011448879183,0.8337354800490144,0.877424480486872,0.8553459123546073,0.8207267452737618,0.821600243988505,0.8679445101307488,0.8122707148365558,0.85981196828708,0.7684735950938197,0.7272585870231126,0.6952942628293952,0.9316771287690011,0.7526940096727226,0.6118002679009803,0.8078185726465101,0.7544677734109991,0.9623987759157915,0.9034820673917837,0.8767240968546313,0.9435960563631243,0.6944392545657797,0.8340136777658166,0.8545023542266723,0.8839388465594074,0.9249355373133706,0.775453822946012,0.696347613190619,0.7733453980679724,0.8958755773061223,0.8610414357246869,0.6447299307496441,0.7099454823079983,0.8243990201569565,0.8526760089737893,0.8428572905847808,0.8383714268064769,0.8946909694804605,0.9328869152330967,0.8618670361972536,0.7057308374324303,0.8560386430473063,0.7521359267251686,0.9080806142988457,0.9150538822350517,0.8933698059564444,0.705619205955711,0.8023727637868564,0.8292619190192618,0.842592911661811,0.8434364345497934,0.8672856914380299,0.6586990188906899,0.7347665482669173,0.8108474685597916,0.7889415820811436,0.7421486174916668,0.810557139680212,0.8895073140822642,0.8954966333932789,0.6637393179981407,0.8019519166154032,0.6610234381105289,0.8999957732382182,0.6116797226835086,0.7345957020496938,0.8801216822458783,0.6953800307040452,0.8019014520256733,0.8493645802755375,0.8854137995822126,0.6993710067565732,0.8832306924106115,0.7958792987221518,0.7808133549496621,0.7558267469927106,0.8426540870214011,0.7892440812575794,0.8576310307549495,0.9417558974653399,0.7063735486008023,0.7923277872211897,0.8293736148278891,0.8215041694359709,0.9445406702182669,0.715113287214576,0.8066067353037505,0.8299801544097904,0.7366840100787866,0.9144058134818651,0.7487990284533266,0.8423718976501736,0.8189696133473157,0.8288490643069139,0.8035752590372859,0.8651919978211042,0.8744312395658748,0.8192065376984077,0.8083794122525807,0.909249516200272,0.8534943169742529,0.850564694353421,0.6912373355814414,0.8636428760797349,0.736278367566082,0.7311754713834433,0.7961462807555407,0.7871261954732578,0.7718026201969826,0.6814362380897465,0.7779860246574631,0.8534349583048599,0.7560344283846319,0.9178657156466252,0.7502760385280821,0.6558444365735765,0.7486258944083867,0.6732293637246719,0.8945137341789371,0.8586311245724495,0.7505931506201957,0.6642004890416141,0.8299755087804136,0.8395816035345908,0.7946997233298042,0.7846042061356928,0.7052667873746556,0.9130138816714957,0.8564815860701057,0.7336777510999841,0.7355678568010462,0.7874832481139662,0.7344335314136117,0.7458421154853454,0.7386980601339703,0.8739048679609768,0.87167009956635,0.8798098385939235,0.7521470439259291,0.8427196557944653,0.8070699613339646,0.8395060011852741,0.7451456153186828,0.8273588959924268,0.7279787830256804,0.7614210522028899,0.709385301550769,0.7989497883833154,0.8224731808149447
0.765171902679242,0.7129865388659654,0.9131307494361174,0.6719553315408392,0.0,0.8330674224550956,0.8845643868044029,0.6509022651113936,0.5903888048296417,0.7006159201676609,0.8728646546961348,0.8491335833524923,0.8107287557109458,0.5718572688999553,0.8252022379447831,0.9597525490690487,0.8841967451361737,0.7555117225368531,0.6805120544034947,0.6272760252098946,0.8619285742885148,0.8305695966464196,0.7492489104323857,0.8563622373586646,0.7177193555361107,0.9423867807656896,0.5647902255836762,0.6176237014718426,0.8135321669405369,0.9293870731271263,0.674301253863321,0.8664094297770965,0.7522560783849404,0.6931032493287682,0.5973564343781895,0.7337260366174408,0.8353470386325098,0.8411039766517509,0.8423558468614187,0.8038164195157963,0.8233321358498905,0.8135622663034345,0.9825688443142478,0.914456260976877,0.6710958083021561,0.8390024796261376,0.9748657580644896,0.9018759948201609,0.8366190723568419,0.8064225928401415,0.8876247739609631,0.8782901536703214,0.6562108376906906,0.7536061027692742,0.8358511038341702,0.7436178486568461,0.7888957092761453,0.9450278687354731,0.5814234767232518,0.728014615948669,0.6276879395861716,0.9597249966513014,0.8873536010803864,0.5668125980256264,0.6781921730963223,0.6903031633363147,0.6200520025890872,0.9148082010359903,0.7342794676149005,0.7178850144592591,0.8957123577281043,0.5810777054297432,0.5594630152893085,0.829241339810266,0.7086736383660942,0.6386336859830446,0.9083245721825763,0.9722795304969916,0.8305263393064197,0.8961200909285534,0.8947930860590345,0.6713041885379368,0.9308543450673192,0.7016967922577537,0.738226390399395,0.74775319977833,0.6327599720543284,0.6716091752539535,0.6313135584606043,0.6914111394969552,0.9760658707549847,0.6118973641578789,0.9399914534358258,0.6903363955064642,0.6867948209486625,0.7982432029238151,0.5680640575412461,0.637826648348103,0.6927804341240085,0.6351504343770903,0.6051015998841776,0.8382409140091982,0.6188995336368589,0.6428022260913875,0.6249802832104886,0.9482784930965772,0.7774969854909866,0.7343207683581255,0.879450099772683,0.8287251106077002,0.8213696743703719,0.8237119687167654,0.6634919064618064,0.5920485998100742,0.8095998962974178,0.8588354012660899,0.6646209558292833,0.8866507708511897,0.8193512434424896,0.5730452520561341,0.9615645358906245,0.7660852052473365,0.7011608514363213,0.9442378944209656,0.5479580783952136,0.8761211353936903,0.6972521814873425,0.9287952083425765,0.7563540022503655,0.7671416233896642,0.6463300999468485,0.8858789757736965,0.5762685725763286,0.6515932389260269,0.6609215641341011,0.862135520035987,0.8803966077012539,0.8033506996647615,0.6270326443379497,0.8985165515813466,0.5639042268624757,0.8847145237871525,0.6520856789432141,0.6144313495903775,0.8854714393224872,0.7850418089686639,0.892440286206678,0.9466891369253336,0.7276940211806872,0.8078311292666831,0.6197824717866097,0.7261785114372206,0.6949853995061108,0.8700807494431557,0.8524103605072961,0.7034082613875123,0.7483762388869944,0.9390511253803816,0.5702414272783723,0.9223795060502271,0.7452502972975138,0.6141665269294938,0.762948324739181,0.87003779168515
0.9462450753492588,0.880506847952193,0.9340630759562678,0.7890976890897027,0.8330674224550956,0.0,0.8660270865694265,0.8221411250703332,0.7672717061605709,0.7820387902661369,0.9374546425224597,0.9547858169580877,0.8968614871583643,0.6524815506436079,0.8612457677958385,0.9045812626907129,0.9393167299205234,0.8284846169611696,0.873162551858304,0.8425395118674951,0.9491220626831851,0.9324047726462481,0.7400322926836433,0.9234698181379414,0.8895075170867124,0.8289811585866463,0.5594827696064489,0.7957752263119481,0.7945059805763068,0.8136967487550919,0.8561391595687516,0.9809795486935762,0.8142878633653342,0.8963740119213297,0.7854259232611027,0.8301523987245996,0.8587818015054474,0.8775423740870343,0.9211281029699324,0.8156264424613175,0.8488066474527284,0.9723886810940092,0.8842898709577778,0.938623711119121,0.8110566622235742,0.8757544446296958,0.8296079027832909,0.906020566798014,0.873003379050587,0.8757729555804845,0.9236484958363392,0.9502375296669161,0.7847835945451861,0.8897688185015439,0.8779921471919411,0.8870798544558283,0.9161632163838849,0.9345157897203544,0.718513987179171,0.8122274871050932,0.8273990135207074,0.8704573460272551,0.9409323436121684,0.6772488517160689,0.8393649568812861,0.8712446590267927,0.7697557818039413,0.8476220236233267,0.7070152323414081,0.8615444142022745,0.9571565250734886,0.6242849064064351,0.7686999569303437,0.9165722866262496,0.9001840807461282,0.7634029877711782,0.9073986490527179,0.8010716206016244,0.8843151040456481,0.827060855708657,0.9584963556106588,0.8530903794178673,0.8773304666171505,0.8129753422018509,0.9002016694925824,0.888729942758454,0.8510038720306027,0.7552071941460731,0.7550844583630333,0.8373406009248563,0.8758799160576143,0.7878617796826317,0.8714184428728171,0.8768327765861487,0.8384048040241443,0.8345334010105924,0.737685535571304,0.8534035823858085,0.8822088647742394,0.7871457285392526,0.6757978848371129,0.9391801259295115,0.7070726886291792,0.7138994543766439,0.8107848221883978,0.8954788487462328,0.8765473661006633,0.8868950675018701,0.8236506991059498,0.971464374158803,0.9651485295177824,0.9034871086668604,0.8883988278358995,0.7355781528728204,0.8514832986805845,0.911022916967634,0.9083394652196476,0.8684061164577325,0.9512967996513292,0.6587519556611989,0.8627493458234062,0.7356504647899124,0.9252682455845009,0.9293527492792667,0.7382867388089137,0.869794806181794,0.8250936444654235,0.8779290397026259,0.9006670465049474,0.7096615782965496,0.7715790487591325,0.9439416589561862,0.6757533524782975,0.8632624597391636,0.8685714779276612,0.906996848812024,0.8632184522090767,0.7664638432659552,0.6824703376124629,0.8961458900201809,0.6456612788027319,0.9403532605332955,0.8167360440547661,0.7731641039273633,0.8973130598964718,0.8589861922028702,0.9501621352195997,0.8427967131155758,0.8734978134551452,0.903685454676685,0.8476613787445255,0.8543779405686959,0.8226445641743083,0.8086385152641249,0.9539103564251035,0.8707521746466063,0.87890754054995,0.9172676397782402,0.6496302711278987,0.8880327616881154,0.7351945767418331,0.8068549318557429,0.9055008618946807,0.9575627480615799
0.8732007391207333,0.8715909299453873,0.933476137174572,0.831607103742176,0.8845643868044029,0.8660270865694265,0.0,0.8134589620756608,0.7039444198293596,0.8564836882930215,0.9262873598497506,0.9104005409615192,0.9190613891893097,0.7270008465532107,0.973734307818717,0.9109554869975368,0.9087417342513114,0.9294229874946706,0.7465002390504101,0.7307334145488918,0.8653623025236005,0.9220160532392989,0.9291316916245991,0.941373317655691,0.85208065403233,0.9275164707883398,0.7174533097815812,0.7705260663511178,0.8992885990072311,0.8472558768875987,0.8307427238998742,0.8756190086786532,0.9262544319043364,0.8334542091805567,0.758363471749792,0.8421501473890249,0.8887308409239195,0.944353408921833,0.8844914914216255,0.9388605551811217,0.9224791020666195,0.8635334185181813,0.8986339420811534,0.9105429612135431,0.8503664384984597,0.9398015183359925,0.8853628991914898,0.8725127529778999,0.9710386928653748,0.833141347975541,0.8992946470045068,0.8931001547436759,0.7310580782609579,0.8438043780439816,0.9120791070548591,0.8341068657027555,0.8302970010583651,0.9106526075549563,0.7237984357089794,0.8387629638045391,0.7448103227012142,0.8436845682339602,0.8609365802897722,0.6813632064483232,0.7243141991756817,0.7465905298321249,0.7759352143590522,0.8915543744456917,0.8630841044743187,0.8867731818429346,0.9139724243473308,0.7183389423185834,0.6404716304592549,0.9092560021185581,0.8026075398951334,0.7437216794585402,0.9152111950594715,0.9033781033676568,0.9552978509493004,0.7900034859992681,0.8613700658661629,0.7604885931096032,0.9344856941401182,0.8296419339714102,0.7697714359155149,0.9037485527152416,0.7122568554984481,0.8701392180191273,0.8185761442381214,0.8371885566896211,0.9395055096613087,0.7470857795721533,0.9280098607903456,0.7578399141253765,0.7943421362865483,0.8956358068527556,0.6209646585621582,0.7734191262523878,0.7563455866189619,0.8069086187200292,0.7265934709754548,0.8612362668037922,0.7290925676223783,0.7844663103916635,0.7227478012082124,0.9408648080450326,0.8006488746229976,0.8942253361786242,0.9675308750050207,0.8953920083843063,0.8702127358952574,0.8556916173976986,0.7576719969683655,0.7638780330024738,0.9281053084991573,0.9581260141119606,0.7796966454414251,0.8844119805818832,0.8694178040900092,0.7367384994024877,0.8987394751808836,0.8959200761991151,0.7621875913652335,0.9555160150368541,0.6163013377872646,0.9567758176044495,0.7418056621763672,0.9599594124861299,0.8777351955489813,0.879749627088577,0.749858568178527,0.832912057477311,0.6748287261128574,0.7495311058401569,0.7529375147394864,0.8500298871373568,0.8932079933448448,0.9444586744678628,0.8027345961001031,0.9501133724765933,0.718721584576755,0.8518664764194744,0.770610701384011,0.6795609540167457,0.905404803852556,0.8970582452234979,0.9152229479964333,0.9556583997712863,0.8441145509235225,0.7734679550929275,0.7383084271858112,0.8632028804309395,0.7676529794401555,0.9440137980315884,0.9487359828082184,0.8445505704013127,0.8723478248205621,0.9570110001601768,0.7320598530239957,0.8821446853341656,0.8772948771201858,0.7071250207936388,0.8965268559100456,0.9153013064605581
0.8731977800979188,0.9742523544645596,0.8072726053912785,0.8758022988809271,0.6509022651113936,0.8221411250703332,0.8134589620756608,0.0,0.8992941583518307,0.852397937391366,0.7928443420197948,0.8687368632415277,0.8324741772341062,0.7745558215913335,0.8789508462203499,0.7189217283255597,0.8096263697385638,0.8877217309485227,0.8631357962710067,0.9096139754330523,0.8031625425038432,0.88472925344113,0.8373245265309709,0.854876655854361,0.8730487646156071,0.6799393861135019,0.720314735462677,0.9354118819545297,0.7271127694723296,0.66438291001114,0.9452106357223524,0.8012095098678954,0.8680501773408765,0.9563481820255474,0.8889289834639024,0.8639886304248419,0.727943419535858,0.8088653932317659,0.8362449732845805,0.8295793401552699,0.8277556803529788,0.8636697850048002,0.6842590988021159,0.7292139808106258,0.968640664914593,0.8699041155983159,0.6675166172282455,0.6930880728833546,0.8329974061051179,0.8126756674827185,0.7862589072500337,0.7904727308758642,0.8338663000101552,0.8658667779305405,0.7877175332626337,0.8389528424954934,0.8329471772795276,0.7537287810352561,0.8821968268650129,0.8878598153048842,0.8923695429821057,0.6736630193962694,0.7453491736072931,0.8203918206494215,0.817252920329775,0.8261394276064322,0.883817130065683,0.6825043560991167,0.7364289540375789,0.8917317618090261,0.7927070705336604,0.7030970026933894,0.7918035073170069,0.8583668448191913,0.9086852691456401,0.72771483609498,0.7717890643249777,0.6469426792155661,0.8521723157707874,0.5978587889949678,0.721825684078797,0.895854788780307,0.742032929431355,0.7815244524752142,0.7971212836419885,0.9550952429048266,0.7729314396187936,0.8803013518210201,0.921779717808846,0.9263559004514523,0.712419763554286,0.92004599217513,0.7357795307376789,0.8357873814945824,0.857613319060858,0.7563694508559388,0.7899523304418221,0.9293213773185991,0.7644342310347803,0.9504131193604731,0.697832062295637,0.829153573559352,0.721427731110541,0.7790012381065802,0.8618708234202977,0.7641991254814924,0.8117309121699491,0.9228785909175915,0.7946463168856718,0.8522480979341378,0.8334579296204894,0.7932592606044129,0.8198527859550417,0.9142593718468526,0.8063391857958805,0.8611380978792484,0.9004438684066138,0.7368519269192111,0.7985456637775982,0.7475543981888856,0.6951102279575344,0.7191239102175396,0.8094224287190708,0.7656482066151838,0.6996705320499614,0.7692172022841446,0.8198243687397894,0.787957099244956,0.877921707980412,0.7186398135641523,0.8451014687973595,0.7489948635969009,0.6841496796993115,0.8725090070274957,0.8821241294707596,0.7220631803401231,0.730026301699739,0.7706730702626928,0.8422149678930143,0.8304567961987348,0.7194618139814026,0.7271918302702499,0.9305724055462266,0.8202990972427789,0.7284523699771679,0.8132031022113065,0.831199836421796,0.7326662730792811,0.8724037312605316,0.7486446118007068,0.8822979237716732,0.8129164497444239,0.865097809419553,0.8036765508396557,0.8631426957351008,0.8964129816429545,0.8634418541839338,0.7629877084254183,0.7392613997395717,0.6749130655566659,0.7254090411630013,0.7393474799244542,0.9230410151177638,0.805472412082358
0.8343955728709759,0.8404231876844669,0.6957080969779957,0.714146065417505,0.5903888048296417,0.7672717061605709,0.7039444198293596,0.8992941583518307,0.0,0.7595652600755356,0.6835214274564029,0.7778983261785896,0.7433704080987228,0.6659083459311665,0.737686525034372,0.645497034769041,0.6947654951044641,0.7629198409178496,0.773804980841038,0.8521848386001085,0.7038858135860447,0.7564884691320075,0.7232850097146108,0.7357830036646071,0.838719084703317,0.6000005719915145,0.6364204439109874,0.8044064391648139,0.6117512141851073,0.6550373234965011,0.9175573332580588,0.7364025895500261,0.7050642198279045,0.8617623605978373,0.8115254757999313,0.6890986938991117,0.6909437461080775,0.6830380927562654,0.7050772067444439,0.6829388373414298,0.668051386803508,0.8393320518351642,0.6162646993836949,0.6503487872111852,0.8350157819933006,0.743162834956145,0.6305727499203394,0.6282599476041825,0.7222637427173817,0.6871521206359162,0.6748631219576309,0.6969458279531265,0.7044484339352323,0.7162375637381261,0.6402172804444474,0.8830368992296969,0.7285123981665866,0.6802247232398831,0.7287342321355398,0.7304363359226457,0.7739301505007258,0.6033813219696327,0.6555450161721668,0.6664233745864064,0.7296218497604522,0.7370532548635734,0.7813516685317075,0.6497039192960911,0.6216721154976619,0.8288237218471217,0.7214103166992365,0.6096043688958025,0.7471378318962328,0.7229309254303365,0.7851051572268727,0.7483671363572525,0.6607602440014576,0.5852991843497094,0.7169474648659951,0.5747910205702906,0.6633325086599511,0.8194937474672396,0.6987187431941924,0.6844002596077123,0.7104466880962457,0.8470299220096137,0.8006612029234785,0.7517678615981649,0.873410618052279,0.9173205053137728,0.6311604129905237,0.8904802895268829,0.6173337140031946,0.7476528791574142,0.7247369770240467,0.7147584842927766,0.7159017574971948,0.9074312003431269,0.7190600023032113,0.8186084848039767,0.6243844963193895,0.7154334758215253,0.648770830825121,0.7147678239774272,0.7515001405025588,0.6849884757023919,0.6875265660085879,0.8554964382999329,0.661583996194225,0.7779235058487664,0.7305888878435542,0.6796359631004377,0.7737401590318728,0.8181843587439381,0.6688912800744431,0.7572728734507503,0.8549229428744056,0.6577013128190876,0.6837921146033903,0.7263817494176819,0.6123765338036842,0.627422089556972,0.7776886479302059,0.6869961815792627,0.7186847064276575,0.662291040144706,0.7192885641025861,0.6974507546895713,0.7185000558938033,0.6066768127791046,0.9279408047187788,0.6779217106668269,0.6561646420047332,0.7964359653053353,0.7775139400537656,0.643643831979823,0.7061293647815066,0.6442572144332888,0.6928551925500088,0.7271834168171726,0.6322495797162053,0.6668513273959403,0.8197133459886966,0.7039421269993535,0.6528985066160201,0.8124432181567693,0.7632016197649205,0.6374007036154545,0.8134402031776949,0.6519363923701884,0.8270951639148718,0.6915284971649724,0.7330621049784368,0.7023212299904781,0.7656340492763422,0.8421339784443268,0.7659631748571545,0.6986786783383897,0.6411921525834864,0.6084495613067742,0.6178918720116642,0.7626518063883945,0.8751984144944928,0.7263918692696825
0.8193187209719702,0.8656435654735226,0.8113795101141003,0.752432084510576,0.7006159201676609,0.7820387902661369,0.8564836882930215,0.852397937391366,0.7595652600755356,0.0,0.8131900662761906,0.8169285553298808,0.8676099299521844,0.7838137490122379,0.8585160034877081,0.776861557418535,0.7587956273589161,0.8719221141427672,0.68774148644841,0.7452881553780968,0.7210739014458026,0.8241243112880742,0.8853473402462207,0.8076782843387315,0.9292619683925678,0.7531294706905662,0.7859624086662372,0.7700750669335734,0.8883381559563992,0.7346548140695843,0.8996689297648344,0.8005261921456008,0.8246977543299939,0.8029720116709171,0.8064490047669413,0.7598945811429334,0.8479646617792459,0.8618555171666283,0.7605536995933281,0.8132421270814556,0.7682505699456044,0.7850860743221921,0.742677504772521,0.766220717748643,0.8750008317072749,0.8020110377955554,0.7373140870285876,0.7693797383948544,0.8993333172182006,0.6933365833667656,0.721443048073976,0.7209147170479872,0.6460280670368208,0.7402208501138421,0.8175969286161882,0.8442249345088112,0.7015453031392684,0.7565561372730466,0.7446657612053488,0.7370932432040131,0.741242802808064,0.660662013026693,0.6953828466984072,0.7426923999600943,0.6362721162092232,0.6701810368557038,0.7928235484403469,0.7895195454466936,0.903068047802796,0.9429941219855669,0.7674470577062181,0.7701242968225633,0.6327505254535564,0.7742417952057129,0.7493048866281026,0.8170084157824511,0.7554199088103196,0.7505372052742957,0.817017459495126,0.6724657813799259,0.7426190251397728,0.6846611766306099,0.823202365898591,0.8484327736733883,0.6537660175976137,0.861845048654249,0.7697495945780624,0.8852187602265053,0.9133079239919325,0.8571209155045826,0.7344869855584912,0.7538321845145891,0.7604697787570524,0.6793480548583362,0.7029394288146045,0.9190923285008963,0.5960027449930028,0.8121178008690578,0.685826815728536,0.7868798079034025,0.7999645170975234,0.7718964975349883,0.6767359903851831,0.8881152246756484,0.6723178148402144,0.7779073815670602,0.6839853492351379,0.9330934772756222,0.813206309124532,0.824313430113918,0.7443341426923177,0.6913588683643912,0.7391729157876474,0.9057212486033919,0.7792308762846162,0.8113922084937751,0.7767153096154921,0.8530193509035923,0.7595643679901927,0.811963971982896,0.7116718747956732,0.7999677757640434,0.7207701154675283,0.7930110157227035,0.6545627798037604,0.8923644504723889,0.6338768896315758,0.8278560427523175,0.8393351899862089,0.8271260086641536,0.8454252693174052,0.6943177048826091,0.7305015064686832,0.6898107233010502,0.7398715969395578,0.7335490417910038,0.838979056703615,0.8358960294670384,0.8552341221100144,0.8260449409358435,0.7937508249109004,0.7788691654995819,0.7128368702777174,0.6408358157093301,0.8218840303711462,0.8613326603100095,0.777158107916267,0.8180520336013292,0.9550626080552308,0.7097048553639156,0.7245125717214786,0.8574509880269249,0.683762375574926,0.8496371948180432,0.859003860227893,0.8682899577893848,0.825657015284783,0.8194855940201928,0.7605083356703844,0.7168142190836327,0.8735775084067275,0.7474605919053289,0.9095196325006056,0.766302513287406
0.9218418172598409,0.8811951014352516,0.9659028398953453,0.8219174563153503,0.8728646546961348,0.9374546425224597,0.9262873598497506,0.7928443420197948,0.6835214274564029,0.8131900662761906,0.0,0.9081716234999869,0.9593649701644268,0.7366932606162614,0.9235169943243094,0.9501396600544677,0.9660562892426952,0.9025288694183834,0.7975837127999218,0.806106355251734,0.9314505006982162,0.9589226708978313,0.8008437214838411,0.9684124388993206,0.8587386186197339,0.926078906908314,0.6242056771731391,0.8018220043483838,0.9058640185179772,0.7963965697189529,0.8042175491434339,0.949708323857075,0.878671202322635,0.853186518575511,0.790048671243091,0.859456422507873,0.9091687083482831,0.9762167501221691,0.9365261146389635,0.9187728497213298,0.911123936369195,0.8889189719099573,0.9224672792760071,0.9705557195896474,0.8381239251644939,0.9212892255075541,0.8435524777901152,0.9594885803500901,0.9507454989521119,0.8837963226649642,0.9395644161605711,0.9423416815250539,0.7779286592686618,0.8998245446442039,0.9617633344750616,0.8211799743974441,0.9038111276712554,0.9134267826968815,0.7578124455615095,0.8449039137875379,0.8267389087314476,0.8834257505783328,0.9387928008522687,0.7280849281220426,0.8004952594487956,0.8504240866029587,0.8141095573375668,0.893439148119623,0.8212474820342377,0.8701644181405704,0.9703364514056712,0.7264028020648152,0.7286985788343715,0.9522513589426388,0.8722596151142765,0.7729073010190654,0.9698002902791488,0.8713891661403567,0.9524691339578814,0.8604912795914472,0.9588146598543315,0.7888007894952043,0.899756895326299,0.8970450045596217,0.8551274788455441,0.8947504286604797,0.7944395967747131,0.8109890138278919,0.7583230996672007,0.8150328016843861,0.9135362159753689,0.7091315814850796,0.9419811934651078,0.8562046472734792,0.8581858186299671,0.8558634239941164,0.6903040462877089,0.7672368834817174,0.838947139948786,0.8012468105157521,0.769418897598811,0.9346764412297198,0.6850117836463749,0.7046702260128346,0.7774602010276974,0.9344549961711636,0.8695856025857037,0.8790791585303718,0.9193001396415735,0.9659612271965565,0.9376437133124111,0.9127787801546843,0.8623105483514532,0.7580499673368712,0.9456034836681974,0.942498217519907,0.8320048772079096,0.9130380300208343,0.9609107091931314,0.6788994530527876,0.9346569856416411,0.7819023970406457,0.8780681843768728,0.9662507608039023,0.7118384551258952,0.9489973349906403,0.7862212885016355,0.9271749876861735,0.933265936672477,0.8429569720635911,0.7025427918785542,0.918327173817911,0.7375914956052245,0.8158057053940232,0.8529474523551396,0.9698497321285685,0.8854590366838246,0.8866564745757114,0.7702232429138198,0.9085844679113937,0.7035208564782842,0.9540188145574537,0.7823728173027296,0.734931371447137,0.9694585346038559,0.8237602507294456,0.917317129975788,0.9234535662755788,0.8531115817183145,0.8841369667912418,0.8024032679244385,0.8842605620716874,0.8119627899926827,0.8659168967040535,0.9357175275619084,0.8835927273230894,0.933351835802894,0.942012303528456,0.7231605275596952,0.9473603677085113,0.8539433723151849,0.7690463929941376,0.8595148214155856,0.9747592178426553
0.8976942723070275,0.9082039333971955,0.953545752272231,0.8205046108069808,0.8491335833524923,0.9547858169580877,0.9104005409615192,0.8687368632415277,0.7778983261785896,0.8169285553298808,0.9081716234999869,0.0,0.8681933729271489,0.6452125398526805,0.9137842479247402,0.8942689716604904,0.943311925936879,0.8490697715888085,0.8891086364316402,0.8142946907937352,0.9495740026674709,0.9489083399353209,0.8162548042555986,0.9329365541355645,0.8720269245970373,0.8187058196893211,0.6067086045880115,0.8024825130594284,0.7994809627871682,0.8419543868861963,0.8794189199421876,0.9534647759415982,0.860331590298038,0.9092155947494314,0.7603882597918371,0.885530572458034,0.8132968666040025,0.8740342570088591,0.9499952871705124,0.8449314621432429,0.9001419490896618,0.9630068547098203,0.8842006943894809,0.8984566591603337,0.8427943175848592,0.9216206386265892,0.8525057471849056,0.8465127758221364,0.8875620553607071,0.9078715194488944,0.938190863803174,0.939724089523904,0.8094208609890403,0.9057533184650304,0.8904974939940513,0.8630304730658437,0.9118609922248743,0.9594476819245239,0.7338833195469813,0.8667215502371641,0.8015775325013392,0.877132592080157,0.9165812812346212,0.6982756014490432,0.8318529831227667,0.832494839834257,0.749275948756854,0.8182082321877535,0.7339365020498863,0.8551915375988128,0.9256532970074455,0.6151513687173336,0.7115119494898231,0.9309756066419586,0.901178308384912,0.70141093975568,0.9085571983875687,0.8124841854651778,0.9031347260007906,0.7556647108162886,0.8894252823258562,0.8708823150562772,0.8865570054384765,0.7620605576286389,0.8749235804663348,0.9124853590173274,0.7575490665391849,0.8020770412124918,0.7861080767503191,0.8417012533422722,0.9006104506393017,0.8346539134852311,0.9060988323096657,0.83808177311374,0.8284636964777377,0.8289461543192339,0.732148731456443,0.861764312709284,0.8178309868080474,0.8100475598905692,0.639208126845881,0.9533398437815196,0.7339122216858756,0.7637925554398092,0.811675314036162,0.9146121887580175,0.8979600172972357,0.8918400447006928,0.8744597452907038,0.9343709568527983,0.9525196590082468,0.9072874094570457,0.8001848149480849,0.7521511070929379,0.852206052897303,0.9324487963060434,0.8747026373112983,0.882097878108141,0.91483487780113,0.6530480889085971,0.8594300949444471,0.7801693818946892,0.8326602548302753,0.924582697569493,0.6457186262495686,0.8788484610268831,0.847962317000319,0.917512397253164,0.9089315938061397,0.7278069854085228,0.7932424655196274,0.9210195767634344,0.6151161192692511,0.8333747971784556,0.8367052815813687,0.844174221558283,0.8476838984488295,0.7948307060008295,0.7174693740404359,0.9688485669537824,0.6364165069353259,0.8852677796674304,0.8530823947847795,0.7947128714300059,0.853044007107599,0.873636379394132,0.9760878187650397,0.8736233064054191,0.8812820166233007,0.8924042065485244,0.8066047157475784,0.8506942685915695,0.8588898352438669,0.8780368507654318,0.9791156716375472,0.8369528455058601,0.8459049085596386,0.9173205654373294,0.6387463153102739,0.8385873118567578,0.7340089646035338,0.7195393591679983,0.9396823294940477,0.9208738450236067
