0,1,2,3,4,5,6,7,8,9,10,11,12,13,14,15,16,17,18,19,20,21,22,23,24,25,26,27,28,29,30,31,32,33,34,35,36,37,38,39,40,41,42,43,44,45,46,47,48,49,50,51,52,53,54,55,56,57,58,59,60,61,62,63,64,65,66,67,68,69,70,71,72,73,74,75,76,77,78,79,80,81,82,83,84,85,86,87,88,89,90,91,92,93,94,95,96,97,98,99,100,101,102,103,104,105,106,107,108,109,110,111,112,113,114,115,116,117,118,119,120,121,122,123,124,125,126,127,128,129,130,131,132,133,134,135,136,137,138,139,140,141,142,143,144,145,146,147,148,149,150,151,152,153,154,155,156,157,158,159,160,161,162,163
0.0,0.9693217042887997,0.8556731710713065,0.9512264368982876,0.9697025855011008,0.7794298535540349,0.8865854333838241,0.862750378121503,0.9863203635335077,0.7908455265869266,0.9560056713599988,0.9125215348180806,0.8565425027161241,0.9500967102953499,0.8203220589804212,0.858768133691498,0.8134392461038055,0.977297119936926,0.9887817256150178,0.9931590156189384,0.9787679868823785,0.9938705905460831,0.9527394551018399,0.8284993281397729,0.9613297562841782,0.8503764985761172,0.8483103147178207,0.7805732898276836,0.9824253019358129,0.9061141625798703,0.8179083340748289,0.9254724770018713,0.8964283030665127,0.75305686841781,0.9616029297798359,0.9294266011430226,0.9381062877622147,0.9687005287947333,0.7834406288907801,0.987502954794445,0.8751618095660765,0.864362940081495,0.8889874420442727,0.8187905151188388,0.8898814622159303,0.8367431347966398,0.8812561992951666,0.8716457100666452,0.9855747763587847,0.9528364570802538,0.9439282636348602,0.9669041734373345,0.9612006150324388,0.9179115056474153,0.9128565463650973,0.7760157360116307,0.9847866758284943,0.8941029120589212,0.9778811217291361,0.9839927104123597,0.833051068126118,0.955798313893242,0.9441912082542513,0.9574506614468364,0.8507788973377148,0.8308189039043251,0.8448806252964252,0.9026298500037789,0.8875835485731006,0.9248011791033013,0.9046075115107917,0.9143200400119113,0.876024694822999,0.9281438836424417,0.8066035785228269,0.8252801741629731,0.9041046521868998,0.9338560864578058,0.795543236279578,0.5887531350420542,0.7858500893998246,0.9317304690375705,0.913901800540714,0.8447745838156088,0.949541408301787,0.9788691776797329,0.9557991344893974,0.9556506396709427,0.810973823641495,0.740581837565375,0.9524634335935623,0.8299633159831077,0.9585348482315011,0.9113495148422607,0.9664971346557799,0.8625127854490263,0.8036716162341774,0.8233391549843578,0.9430961300855522,0.7797916752393617,0.8150875003960443,0.9102340968374789,0.7956050484079572,0.8738752260113157,0.9683872177918036,0.8415781287254945,0.7484456126218658,0.794395157959163,0.8587830547852474,0.807225376373126,0.881513521289928,0.941144671658807,0.8342324312347555,0.7925671885156359,0.9744472328260237,0.8286894181310178,0.9492672676518399,0.9703641819243825,0.7832322179685184,0.8416318560843662,0.9398237287584733,0.9451597550564157,0.9670508557738429,0.8468785463567459,0.9270959490352065,0.8300889829333166,0.7888738777044257,0.8174153388677557,0.9593217375820999,0.891735706226139,0.807128088466659,0.8141417364288426,0.9221340299999792,0.9832084288042612,0.841245984945618,0.8119343190537712,0.8863330099702648,0.8629408321127937,0.9941368317247609,0.8860942344822555,0.8967744382865314,0.9589819428580496,0.985181148379524,0.9549424726307528,0.8845335942456558,0.9363907076387417,0.9315269643858783,0.638287747055282,0.9819902253692122,0.7551615199195084,0.8760459007566572,0.9775595607193313,0.9607095689069182,0.8170440509395108,0.8770870167849547,0.8506697555097877,0.9568205902981448,0.6796579146045417,0.9254295382325949,0.8404131781217724,0.727104954021986,0.9841697324600771,0.9214112224986272,0.9948668549592323
0.9693217042887997,0.0,0.8596426737313547,0.9219332273710701,0.9234623844843877,0.8168694285101237,0.9065128000839018,0.9176979901770528,0.9784978775180225,0.838999475484862,0.9001523488952864,0.964354869742502,0.8684957336565798,0.8859092684365071,0.8170736046918154,0.8430365592701319,0.787363520918072,0.9301955437822513,0.9608895178874445,0.9568789089736403,0.9619595110034398,0.9641724005337408,0.9595883567436391,0.8536690571702281,0.9927107093249535,0.8575096548803324,0.8347982695940548,0.7610407608053995,0.9282666225347835,0.9061054209784736,0.8258888584231453,0.9178743660229919,0.8975256891580354,0.8371237246536938,0.9083255160611735,0.8703530717593474,0.9589908310791949,0.901139939482109,0.767382052773649,0.9842827209743089,0.8434698824071991,0.8732948372761452,0.8527396483134362,0.7910413767542307,0.9390966233710618,0.8968209545313683,0.9357097041620971,0.8368502610579219,0.956939558925909,0.8890767501083021,0.9031130776026428,0.9555699033123101,0.8897205542205656,0.885663509572388,0.8510683323885787,0.8676043024928713,0.9313453716806394,0.8770551439117394,0.9157812775552203,0.9499728984363406,0.838369023670041,0.8908945275027457,0.8769994926652516,0.8784198994704314,0.80788530524708,0.8130607000319405,0.888069967734349,0.9385873865237799,0.8333591136024077,0.9086399204104402,0.8941497853083364,0.8507997324143626,0.8181335871610173,0.9182939655246211,0.7793721007487167,0.8376169790349066,0.8997780448533321,0.9568179844362636,0.7985019171625467,0.5989430836017664,0.7958288906787058,0.9160815816990956,0.9761536010277226,0.8097088126496846,0.8799236329144231,0.9949013390028302,0.9506075393860663,0.8960671130545689,0.8743907559787452,0.8289345566914492,0.8992006190841055,0.8501199257476653,0.890333352722514,0.8727327454839786,0.8929717681272719,0.9027521207656177,0.7726144864687864,0.91757214843501,0.8680054679851037,0.8711695992487046,0.7778956452535755,0.928921912838657,0.7666760689162743,0.9049149611516006,0.8943607158104226,0.9182510896232163,0.767515048373491,0.8121040191145003,0.8853456459218715,0.8731523769116105,0.8798016200911636,0.8703851234699346,0.8257894795873032,0.7625949044415175,0.9118778365180553,0.8446843804676896,0.9490975822938174,0.9229823463769377,0.752857650645235,0.8134619021232692,0.8803440957495207,0.9161059490134217,0.9392349479109388,0.8857754657466288,0.8642808203658648,0.8555151090834628,0.7653477878059222,0.8771963431740055,0.9324317366717897,0.8544255396220214,0.8267743776285764,0.7948943947444584,0.8731935006107114,0.9258215461962,0.8183606849192543,0.7703779727675436,0.9232206696143386,0.8345193119140252,0.9635304944394739,0.8730762654857825,0.8552714043807494,0.9019292070303461,0.982343936194342,0.8776197981687432,0.8586900287252728,0.9536574638668769,0.9428361094278556,0.7226342165983224,0.9932475370858993,0.7168146201308527,0.8478745772343135,0.9088211462649046,0.9027184521661168,0.907493543266577,0.9502398766750665,0.8781220853794393,0.9632268099297857,0.7665011851190984,0.8688432339605081,0.7899458132243913,0.772937210794668,0.9331493562089911,0.9579636905560805,0.9462407911132545
0.8556731710713065,0.8596426737313547,0.0,0.9364053266487715,0.8105272655658605,0.947978260902952,0.6848276348128239,0.9443033276713063,0.8799891985459765,0.9485253756935134,0.9235795522555036,0.7679177204614013,0.9813579187726493,0.9045509450979196,0.6036884447576506,0.9936891829472674,0.9735816885642893,0.9047004855616436,0.8280552295069319,0.8094043388515759,0.8540311981730874,0.8890094279779315,0.9252108622025679,0.6314090835373094,0.882207173974347,0.6791876000385676,0.9716000823451002,0.9556912265674478,0.8899822937392061,0.9747641158927159,0.6033155436739336,0.9809313530632554,0.6805994941331012,0.641797798989214,0.7409337961566629,0.7136674974100331,0.7685654785876632,0.8773007500644077,0.5721551522336453,0.8844176792434914,0.6536700840214719,0.9938073338803485,0.6623610625647619,0.5986834791233645,0.7116967166988326,0.6799231066971558,0.7543823248807431,0.6511887686965064,0.7932629231394666,0.7573468097748436,0.7403641654394036,0.8913755460137883,0.8233567035706296,0.7010500362597478,0.6894625259970999,0.8274605938581532,0.8168454874137966,0.9847945165128956,0.787877813619553,0.8379401538442024,0.908304639448408,0.8489646225363565,0.8948540077936465,0.7863487826410396,0.6211282666055836,0.6255394554201171,0.6865878743411961,0.7348071375587281,0.9380184320858309,0.9728717816293208,0.6819682598385027,0.6827512901431665,0.9242936489587271,0.9774957950979347,0.96325518835778,0.6163761711165281,0.9599165534859418,0.8402262410764455,0.5871273880259394,0.6052112102205319,0.8633435848376494,0.7099152086539279,0.8342251962030853,0.9507512554716486,0.8875026751651407,0.8892845091586938,0.8848737447411562,0.7458985065708825,0.923907529731368,0.6400745382188118,0.9135402317670358,0.6228992737164126,0.780778663157578,0.6869309694650779,0.855279597837049,0.67498872634363,0.5856059536277711,0.7552747635979048,0.7366303514237282,0.8279905890486265,0.5879326772516862,0.7243193871489763,0.5780181477379955,0.6773393347785002,0.8182822939178696,0.883230844642419,0.8891258988819679,0.9757085624266886,0.6694772341919251,0.679944786720688,0.672374333666024,0.7352674643282516,0.9012323650334773,0.9484342573527901,0.7869185602730941,0.9939257055137908,0.9498552985969896,0.7652389772373213,0.9281059455047882,0.9667476655928675,0.7270394116070139,0.9379738556004497,0.8429474967371288,0.6716681415566343,0.6963160367713668,0.63738595279329,0.957375712827312,0.6641533496972982,0.9297024591522979,0.6578354420211294,0.9739092503268357,0.981049332273706,0.901349240475306,0.7957887864948446,0.6130610526467043,0.5883339074262476,0.6997228104086718,0.6324295074004392,0.8206002192049449,0.6645387807276179,0.6613746618088412,0.9202047116798844,0.8453144856389899,0.8205104022054546,0.6572590697830851,0.7400106373050788,0.7337317699446197,0.718147310923383,0.8867662970288093,0.9194856336333138,0.6403559866965352,0.802763343918491,0.8902818941663507,0.7763133595153827,0.7652053529365959,0.6482061877809898,0.9101720109416429,0.7711279465282809,0.6927961015300704,0.9406354723957719,0.82371912792096,0.7902721656413967,0.7410350685155795,0.8454679890807009
0.9512264368982876,0.9219332273710701,0.9364053266487715,0.0,0.9132351583741238,0.8535002319828114,0.7784689249113744,0.8984239813906971,0.9507377751700515,0.8513626030658309,0.9826233207300621,0.834783984672028,0.9210833402143185,0.9723864826877591,0.705033843195154,0.9403218230246814,0.9156165922928275,0.977168097801183,0.941569662171226,0.9226208235935828,0.9439831394885708,0.9702719989001224,0.9543910683000483,0.7185629278086155,0.9254694538003058,0.7584949049129234,0.9257218786723884,0.8857080110011086,0.9722706579056327,0.951158026967827,0.7000357791198065,0.9732509709004143,0.792924389410753,0.6809809647572209,0.87078197097249,0.8460807992514294,0.8454904999318001,0.9657071550439511,0.6743051019737619,0.9557491952969863,0.7746161853250323,0.9367514523379401,0.7793925948286659,0.7085609623830057,0.789412990888073,0.742903573228563,0.8013707946435652,0.7636882407846028,0.9037561101104115,0.8843431751472456,0.8634761432230048,0.9615074067815493,0.9411694753250069,0.829746364193909,0.82134125393376,0.7733427757318889,0.9343002391054487,0.9644529341340037,0.9158360867578353,0.9412466640716244,0.8927965179613869,0.9427764742812624,0.9722510518562252,0.9096551648461199,0.7435385528393055,0.7343780913257676,0.7561563133315853,0.8029205266739015,0.9522023736459406,0.973010198373008,0.7913429267111173,0.8133117770436209,0.9489712095897178,0.9819457384161994,0.9093116817370113,0.7071441506751605,0.9512590081515839,0.8826714238469417,0.6835221738165435,0.5869350595156071,0.8293681262428435,0.8294842038715484,0.8591504922100544,0.9257846966512732,0.9746982174057287,0.9456951906390216,0.9370939120927579,0.8729985441427096,0.8497185051563853,0.6647168636565571,0.9744202783514851,0.7182272346238581,0.9020142090453519,0.8133012805119558,0.9612473683984512,0.7529097177680903,0.7035013419213817,0.7748332776278897,0.8683166026135668,0.7902851015767641,0.7003819123387772,0.8165333049662624,0.6918344273288611,0.767773484795739,0.9380039217247037,0.8411969525519399,0.8382266393055491,0.8797551094954263,0.7544878471347982,0.725658683475077,0.7819476875440169,0.8670386587168674,0.8888621082419045,0.8912118032064984,0.9133811957175383,0.9117146809152507,0.9760027993157689,0.8838382890828549,0.8878496592868464,0.9291593004287786,0.8515797906856385,0.97973137390111,0.9304701020919693,0.7458501753832445,0.8282507967016984,0.7212462714824432,0.9007188885075105,0.7206186297771909,0.9875876865134222,0.7766703185498521,0.8841977461865221,0.9151127664867622,0.9441643586179892,0.9224440137940061,0.726977547260447,0.7014157421385927,0.7758957502960685,0.7475414676186022,0.9273949207872711,0.7738494636064269,0.7893347198324272,0.9791566575432488,0.9381946547361956,0.9371075422337667,0.7696321508996147,0.8338198861403732,0.8306615957632354,0.6436559016327942,0.9441901240725734,0.8610156002563352,0.7613086545047566,0.9274553534945091,0.9724106440444619,0.7720507627176055,0.8111655071028551,0.7352798673494986,0.946534208101927,0.6924498996070191,0.8265525621792309,0.9266653817251721,0.7580031597344199,0.9108768056105072,0.82307923395273,0.9506330623910564
0.9697025855011008,0.9234623844843877,0.8105272655658605,0.9132351583741238,0.0,0.712090996214781,0.9021740802488869,0.7988940912405879,0.9527174784358515,0.7256967630170628,0.9244630228027398,0.9024990176767794,0.7861496973580832,0.9150518771990617,0.8520442840662793,0.8160589169805865,0.7752525694386565,0.9527747681043455,0.9808948151965879,0.9704811393867638,0.971713042429675,0.971404478549346,0.9239077131068454,0.8367833062874774,0.8996473559438865,0.8611678389369349,0.8063085836427613,0.7310996609350452,0.9573287251472256,0.8741590630899106,0.8351478758418994,0.8716986271365531,0.9149732910389048,0.7191114729064527,0.9656628750043225,0.9667155906478003,0.8988559921420314,0.9567111543228227,0.82427215909471,0.9603653193394442,0.9223493012067722,0.8092025649929261,0.9302119252599831,0.8499239278731283,0.8647455490780345,0.8366795365880959,0.8883532453442158,0.8840762103646511,0.9813278205951151,0.984158565694805,0.9766237798760988,0.9456998367415956,0.9712249389763413,0.9372780156537561,0.9462276775606577,0.7103435528394345,0.987251995428351,0.8645655405661484,0.9739104646005904,0.9879995830338135,0.7476958699857935,0.9819435106062577,0.9354831835982905,0.9697499552164841,0.8886869226049144,0.8251650351605088,0.7880706103724935,0.8820730776847183,0.8599347509901385,0.8702135749709895,0.9163798347791082,0.9387894767705727,0.8271364890587594,0.8838740168793806,0.7628573923773234,0.8109162094105579,0.8670157047074468,0.9364215856361022,0.8199289148649962,0.5575932375204573,0.7246267568781571,0.9462103306769112,0.880668919810143,0.7827417846764996,0.9335390402377302,0.9357283038773726,0.8764750517236416,0.9767521398952247,0.7420316959952175,0.7065321601506354,0.9481862296353673,0.8454024402884012,0.9901946583789217,0.9107514106495593,0.9548356563466733,0.8490408369554021,0.8272030427061602,0.7680894423995526,0.967089064674774,0.7079834680620859,0.8351141715448598,0.9120858952082688,0.8387797863959188,0.8773373914756046,0.9707515516202008,0.803585695241076,0.7275009897576503,0.7330568335930991,0.8840139381264401,0.7681782597182018,0.8904128167160873,0.9729206187081632,0.75042594131296,0.7514201448720157,0.9805204591097851,0.7761424220471839,0.8805220340799842,0.9861130688816625,0.7350627557996126,0.7934427283519468,0.9754861611994643,0.9259678420269235,0.9061407595090785,0.8478938206186859,0.9314089255906955,0.833589704213572,0.757204692349434,0.822335450226126,0.9093441030700529,0.9220214556100326,0.7509082757606226,0.7743460779678893,0.8518365855802671,0.976517675592077,0.854011919498772,0.8479146499884599,0.875298506242497,0.8975492152850995,0.9780008129569118,0.9210784485761814,0.8956437167833317,0.9286416167381064,0.9656002593331032,0.9640821688321103,0.8963858237692451,0.9306738683043522,0.9417618299634297,0.6129723190884617,0.9348350666315812,0.7245940497989761,0.8884150706901487,0.9786688890701866,0.9528237113691985,0.7979760108889669,0.8482111734766944,0.833378863971695,0.8854182513776783,0.6349050511078993,0.9276459343730766,0.8041866163179988,0.656143731045533,0.9590579124265888,0.9073089773684543,0.98147152470744
0.7794298535540349,0.8168694285101237,0.947978260902952,0.8535002319828114,0.712090996214781,0.0,0.6433999183699844,0.9331994656033441,0.7992878309632817,0.9705837812754227,0.8289809236212903,0.7329635680208817,0.9744485254649017,0.8036789369250037,0.5631235294684802,0.928179358927092,0.8996016912471011,0.8016668180151004,0.745824034138082,0.7359728471277768,0.7827616313621875,0.8003205550204346,0.8396192210479713,0.6108247232672323,0.8530486244945649,0.6604423672909464,0.8856716014273582,0.9015701011341078,0.8016295961105668,0.8871689248861074,0.5704659155879834,0.9217720429184063,0.6336570884025543,0.6722878799795767,0.6659002457581149,0.6294848513392585,0.7495545062087567,0.7683831035612195,0.5323937398912391,0.8177486779323299,0.5913179817551999,0.9443976150430389,0.6005606884136895,0.559864244791438,0.6927679982827243,0.66303597281285,0.7184511405700048,0.6127541149713143,0.7192131282345476,0.6628471212084985,0.6648238086784706,0.8302825362222488,0.7151909300644602,0.6442072484131933,0.6185112354508053,0.8912622641934349,0.7268074345663432,0.8916060806357636,0.7005656774022855,0.7411448027278921,0.9413410163113164,0.7355477489040281,0.7923071582828249,0.6836272627578677,0.5643289433999764,0.6049928301751012,0.7063033212428296,0.7184365742747949,0.8263004100290969,0.8983514276545774,0.6376200754008196,0.6106195978131673,0.8424079785413962,0.9098631435443709,0.8910624463850152,0.6040330859960089,0.9155604146314615,0.788608404749227,0.5585016544784837,0.6804441489465288,0.9201442198187143,0.6481732779573841,0.8134442271049686,0.9064672100227178,0.7834576893331333,0.8304901179112054,0.8649658631925293,0.6574240790182363,0.9482929613110216,0.6697339169868196,0.7966189114638699,0.5882261600562034,0.6803874117808898,0.6401792737543303,0.7520936916804809,0.659710836142436,0.54559783573415,0.7851575284481662,0.6461808526358945,0.8989405525768703,0.5487281906235948,0.6892531328063528,0.5306232035913846,0.6411216416802437,0.7144127260943643,0.8929608623224209,0.884358578189082,0.9647807465054968,0.6311584936711,0.7074012300539811,0.6393620013022017,0.6452243825710899,0.9279544352391095,0.8702369756914525,0.7033029982699793,0.9600401034087709,0.9056898158021951,0.6818981298089631,0.9027917558252515,0.8886122238691265,0.6446731545902301,0.8332175721174258,0.8076384233988534,0.6573924311335925,0.6323651141175706,0.6221815003478309,0.8758301026366297,0.6490895596380449,0.869903333795322,0.5985514621409628,0.9420432171883995,0.9215083547036668,0.8531907894963874,0.7119782873917353,0.5765342896674756,0.5420864578102045,0.6767325771898668,0.5791511547100301,0.740145236265283,0.6056440284632796,0.615984129507071,0.8232472704000354,0.7690541833054921,0.7098201229956964,0.6163277423642263,0.6913867489348398,0.6791926343148734,0.7942819355603585,0.8300976541265419,0.8389822011566437,0.5949480018185122,0.7099161181083539,0.7753611817074285,0.7694764419211974,0.7619479918685277,0.6346826888064584,0.8862404235559511,0.8644841321747648,0.6331972439004083,0.8677223854993529,0.9331820769114021,0.7222938216373396,0.7030480758089217,0.7592051164548663
0.8865854333838241,0.9065128000839018,0.6848276348128239,0.7784689249113744,0.9021740802488869,0.6433999183699844,0.0,0.7441267804486557,0.8732274394095831,0.6619755759252074,0.7676604882754651,0.9675482999940034,0.6852876186643178,0.7555011462374781,0.9688069767193641,0.6736458906546026,0.6250909768952532,0.8106138590026155,0.9083719350042897,0.9091305103733138,0.8978386392730306,0.862353414189804,0.8270544393980244,0.9778133808221214,0.8724521190068287,0.9364584444404467,0.6665712392835613,0.595851275629133,0.8225085008503693,0.7463145156015376,0.971121640004924,0.7474778303143391,0.991533636665331,0.87831122891233,0.9217640902072387,0.9140823674092207,0.9436624547936153,0.8001360238373348,0.9312771160332476,0.8891676160399097,0.9555061674669292,0.6919608209374217,0.9576609765482641,0.9314287890855546,0.9751108231585823,0.972623588674844,0.9582950731386723,0.9282383924304984,0.9389011190233172,0.8948996541711687,0.9405534547981313,0.8581949855814132,0.8287801744847335,0.9465250628316166,0.913151905545501,0.7395117047465974,0.8873472553822155,0.7159152828697352,0.8823417099098102,0.8926436436132298,0.6702812167626081,0.8286167914382198,0.768978110610655,0.8420038102724344,0.9256140635530509,0.8986058842171697,0.8958192794762501,0.965005692968435,0.6876545594868932,0.7379548867453337,0.981007083851312,0.9093310382672507,0.6671524155264211,0.754552247334261,0.6156524504689234,0.9466859653422788,0.7512298595199729,0.9145081353158656,0.9565228214817074,0.5681023208148677,0.6650093718279553,0.9753153576461335,0.9074863692033014,0.6440716950551558,0.7689244308614642,0.8823285677891578,0.8141235818411271,0.9083647584873532,0.7020706309359511,0.8637730465427557,0.7836956364007905,0.981540559697389,0.8786435677198262,0.9261292064787029,0.8029622375519522,0.9807027950191469,0.898019349794504,0.8619322887149238,0.8780909112016362,0.7361678421369158,0.907187158258763,0.9779672683426984,0.9189695657514924,0.9910230423327624,0.8345691467997641,0.7991414226798623,0.641077482661019,0.631937230642462,0.9949373427107395,0.8987512573945227,0.9690463495606189,0.8890987059423227,0.6644239112134487,0.6039167182627249,0.8901373298201234,0.6650225498916104,0.782527373327958,0.9294653476420203,0.602479627773531,0.6461090263742091,0.9190955124342133,0.7818742661215068,0.8417123123853085,0.9755562082190232,0.9030309290516518,0.9725466555526331,0.6085454847294608,0.9675139100242465,0.7904940426534188,0.9552058530962152,0.648149492322912,0.6307157399941967,0.7264075040194565,0.8895997667215447,0.9389826287431934,0.9062858005266349,0.9853769670520294,0.9593565592634209,0.9123317311672434,0.9813315939312466,0.9278541247763131,0.7715663548382317,0.9117824036597707,0.8145004527215227,0.9551808839165896,0.9855626100430741,0.990371100567307,0.6590810286367841,0.8806617001282887,0.572912574916049,0.9517411286922489,0.8672821007980621,0.7943168124741525,0.8648631052387584,0.9348959427481479,0.968553670454206,0.8190596658271162,0.6684392889106785,0.91359841092938,0.6434410314231834,0.6413672419954576,0.8949582205426221,0.9819784540652621,0.8773411137241164
0.862750378121503,0.9176979901770528,0.9443033276713063,0.8984239813906971,0.7988940912405879,0.9331994656033441,0.7441267804486557,0.0,0.907404990375708,0.9748772560201424,0.8621995516642258,0.8452237616093002,0.9499804423051637,0.8494738776940256,0.6493611209800132,0.9140199973694152,0.8728973314651296,0.8761211586175417,0.8383820358706894,0.8237107682845453,0.8501510168000176,0.8820667449129223,0.9447871415053868,0.6892905194943123,0.9370175652605274,0.7036084057596225,0.9218876309695769,0.8684460027110913,0.851440271422347,0.9519399985685909,0.660167806307682,0.9438083340639752,0.7269535804660717,0.7450403149003891,0.7520621710222258,0.7152270145500733,0.821425098992621,0.8319938070475444,0.6043546775975891,0.8961396459331139,0.6743056238721294,0.963323361642403,0.6811845868727321,0.6213833388807832,0.7978475761278535,0.7626401358583935,0.8266088308429658,0.6652132528633597,0.8135616723951994,0.7474462836017979,0.7436473600656419,0.8744609192619175,0.7883483305196908,0.7154778710450986,0.6869660541438717,0.9342078877296874,0.8038489531358527,0.9247081056045542,0.7819968287832362,0.840277679123022,0.8801150976771699,0.7996110554840962,0.8204263811891404,0.7610558138804029,0.6393267738670564,0.6486542096420893,0.7597330859848939,0.7966237669178218,0.8567043334575445,0.940529533374296,0.7187161088897924,0.6886110475330678,0.8358468239359647,0.9335491203256615,0.8694147675890339,0.6738075967429267,0.9037799061441103,0.8644125610039327,0.6323806945804309,0.5850474758933397,0.8176376394112391,0.7487935869979209,0.9114198712882414,0.8640051808398784,0.8221111722859699,0.9296080518051515,0.8962004120652189,0.7495963629151335,0.9889438491485666,0.7526595171841453,0.8597224149034133,0.6894578792592654,0.7594660090197441,0.701651404767256,0.8089690505282615,0.7508194724158443,0.608738511785928,0.876066548825422,0.7252128318868564,0.9319031103948169,0.6113523205667062,0.7695121430212004,0.6059397107488875,0.7531507343769338,0.7884271136751326,0.9454896844399189,0.8238900971015007,0.9449130513142509,0.7271047856166866,0.7602864046723782,0.7073006809608555,0.7237502558614549,0.8584355739238103,0.856581106919548,0.7717993702014513,0.957057484564896,0.9472396733013586,0.7732994707364604,0.8156535406569702,0.8920586705542404,0.7231282160774595,0.9050442294602632,0.8391838105403292,0.7329042150897097,0.7013853547167834,0.6937377274069543,0.8587452095749141,0.7457303369785979,0.893023570238297,0.6817069937837905,0.957130127329452,0.8798850064072817,0.8500589265880902,0.7907660170369836,0.6450354463933762,0.6050748495653817,0.7712874664496088,0.6620503814120641,0.8392225451432449,0.704735460844457,0.6844194409066602,0.8614160446898047,0.8786412377133308,0.7817681076604704,0.6829638119847116,0.8034630084208462,0.7864175405199341,0.7879110535831954,0.9252514206631836,0.8042375749914599,0.6725349584510885,0.7842411111773053,0.846543249448677,0.8828249194794253,0.8548907094515035,0.7161749790153533,0.9209644587607735,0.8479270829124266,0.7032690455106435,0.8249034140618661,0.8383526544415958,0.7942465928797494,0.8180433651267862,0.8323538275221858
0.9863203635335077,0.9784978775180225,0.8799891985459765,0.9507377751700515,0.9527174784358515,0.7992878309632817,0.8732274394095831,0.907404990375708,0.0,0.8324925986303485,0.9430865616717905,0.9208060956002218,0.8733273572526987,0.9417120102347274,0.795099009471715,0.8745356289739673,0.830023822675655,0.9776076018734359,0.9751189014128488,0.9711320597613153,0.9584725983639814,0.9891294192534895,0.9845731552406263,0.8032440919765284,0.9711138719133622,0.8083335123850091,0.8843402341478146,0.8025391695261311,0.9616257236972447,0.9404687482557155,0.7966737162068043,0.9365393058178675,0.8725962647740803,0.7554645126031186,0.9286172626068969,0.897663246570077,0.9152029495042036,0.9562248187383074,0.7498926373373859,0.9819819159976071,0.8419340874319189,0.8962138922783027,0.8522886284546386,0.7729046167281275,0.8868590005423359,0.8369194442189644,0.8929619499774142,0.8171285151899962,0.9658233021683981,0.924699699264137,0.9089270776947713,0.9482999325798468,0.9405852946754634,0.8747895841756637,0.8658479075183015,0.8109627243209191,0.9578864679993826,0.9169880323798989,0.9491245138313906,0.9789189923791068,0.8249824569872936,0.9370079250099712,0.9208402496694966,0.9318598341531262,0.8104476693995821,0.7772348208746453,0.8197349869380923,0.8849976565840826,0.8980477303847078,0.9438723093043042,0.8695585386848664,0.8735409996459775,0.8691602704793343,0.9361494058284836,0.8255509023102761,0.7923266205484493,0.898181216253905,0.9319324358017336,0.7644883520488972,0.5588260714979675,0.7643128786541882,0.9100976734361227,0.9319309102742673,0.843431146588562,0.9292411524527822,0.9915936008837842,0.9399391816663983,0.9305000845517877,0.8562558928326056,0.7524887499649775,0.9538205008958607,0.8187023328894879,0.9310218560388207,0.8600619196941331,0.9433439602490163,0.849224993637709,0.7596925927275504,0.8458599649516281,0.9089554148584927,0.8095201227568726,0.7687048594225405,0.8850171372205237,0.7625587292349306,0.8715665222176271,0.9456635078511256,0.8705062638254714,0.7514434080993708,0.828712001259651,0.8461177449797208,0.792406273046067,0.8415745564983742,0.9061027182674427,0.8195389357886804,0.815226287486296,0.9362727911862977,0.8617789704984415,0.9568251424768249,0.9449745931565696,0.7753120441619383,0.8635949164577794,0.9026388568316537,0.9620621980769212,0.9307256494445719,0.8260528862852264,0.8793254677485272,0.8021015650151856,0.8110433026275689,0.8178529112721888,0.9444440924634726,0.8553953867200206,0.8498754736699544,0.8271008271805305,0.9002453351026757,0.9529812439673266,0.7977136020132741,0.7661356104146301,0.8742199125528688,0.8287643725811106,0.9830136086994377,0.8660107650073264,0.8493766093139561,0.9470886493678339,0.9895970352369744,0.9352253648883833,0.838230468866848,0.9311355327518924,0.9215364051177094,0.6626102093524303,0.9915353986256743,0.7700021558588627,0.8358013449351644,0.948010763128538,0.9582207402471591,0.8551476894969848,0.8850500677707114,0.8266541598015377,0.9487023787457961,0.7049595523876464,0.8782051674995174,0.8313449465809215,0.7269018523476147,0.9489168319241377,0.9229372159718966,0.9715209463772763
0.7908455265869266,0.838999475484862,0.9485253756935134,0.8513626030658309,0.7256967630170628,0.9705837812754227,0.6619755759252074,0.9748772560201424,0.8324925986303485,0.0,0.8227739173436035,0.7589387601091822,0.9619404900406832,0.8087543215932463,0.5767371878484241,0.9213293557029784,0.8917655822735436,0.8189998653346355,0.7575382892382332,0.7464981432889582,0.7777575109304615,0.8133677372189135,0.8826018620744495,0.6161648924882792,0.8721490705343122,0.6437373192754263,0.920689626551094,0.9003868874745631,0.7988979987940883,0.9226586382419684,0.5866028519438556,0.9202199501575099,0.6456497093576675,0.6827743248596752,0.6765137260247188,0.640646699789707,0.7505717624967746,0.7777248339851909,0.5389965180909774,0.8247574867025248,0.5998333464086931,0.9626765862068242,0.6084384542952876,0.5581984103444085,0.7139078820031255,0.6824452052637181,0.7473996043334614,0.6024869177063367,0.7337810244701608,0.6737177987593932,0.6673939994038554,0.8142150393146863,0.7226865666945076,0.6401991624758996,0.6185514204344966,0.9198443970140125,0.7309391142616505,0.9062848617038117,0.7091710509790679,0.7607884981330066,0.886380093698463,0.7394579170964831,0.7780268679508907,0.6953615842016703,0.5702066099486245,0.5870919313689121,0.6972138665219576,0.724071335213738,0.8389227624327524,0.9152461115307791,0.6422049462239284,0.6188375475841279,0.8267938965502034,0.9028875147915029,0.8893037131722574,0.6074479596100802,0.8815840308746096,0.7979683839475187,0.5644930417201811,0.6049778178435624,0.8360443901679103,0.6642673227497691,0.8407004312275602,0.8791542407752528,0.7757641897666938,0.855845914003937,0.8519627798442044,0.6742221777484283,0.9898827259859847,0.6930337345328365,0.8105239679165948,0.6103745718219126,0.6897513643791533,0.6315353707057451,0.7526918209742102,0.6749915403704009,0.5437951884776021,0.8132283789730047,0.6562562077324257,0.9110910147227079,0.5499035720115898,0.6895829310966988,0.5405476842527147,0.6695964273004491,0.723547094580168,0.9092272332495981,0.8257176351464185,0.9788529647323488,0.6470951462596384,0.7006062575671564,0.6337875931571301,0.6532303626692647,0.8705314796943973,0.8795531240303933,0.7025219296814826,0.9722917669259438,0.9078793031904195,0.6961002149565378,0.8452741354345097,0.9011643876000501,0.6509972851785031,0.8586457510606367,0.7851090649159416,0.6605756214828967,0.6335017548404456,0.6246386806127537,0.8751418795253011,0.6697491428473414,0.8504613857429368,0.6085376056136999,0.9780569356468549,0.9007298632916152,0.8294725864548933,0.7177662952357986,0.5769105748050465,0.5433456100158519,0.692802248887366,0.5897137096499709,0.7598051540263667,0.6246981745866212,0.6165454641292959,0.8205669880659401,0.7936437199505219,0.7194648516327102,0.6142716428095535,0.7172725502772068,0.6999430316936804,0.7965874612452575,0.8544435897097646,0.8337203637605118,0.6002276499194978,0.7167175555509402,0.789089302706261,0.8166522363020234,0.7796662118118802,0.6425985768180142,0.8746172652314482,0.8629738857774498,0.6344220728749852,0.8343396441515127,0.8757665274629638,0.7247400261239773,0.7309511989078015,0.7635159003167673
0.9560056713599988,0.9001523488952864,0.9235795522555036,0.9826233207300621,0.9244630228027398,0.8289809236212903,0.7676604882754651,0.8621995516642258,0.9430865616717905,0.8227739173436035,0.0,0.8088785507454515,0.9115464402343945,0.9931973915833878,0.7035672931887396,0.9417721331615978,0.9176097188179678,0.9867395027071433,0.9335386282857854,0.9293460218107776,0.9378660404846141,0.9715629556142971,0.9373838234503344,0.7101239518376297,0.9075194840193065,0.7609499433970781,0.9194152504396196,0.883193880051223,0.9899233176064812,0.9409985346481247,0.6958525536021035,0.9680174853880069,0.7823165516810073,0.6513852328350132,0.8839991882145046,0.8573355336214802,0.842487854424996,0.9865961148220137,0.6775201043583916,0.9468179690709428,0.7768806171926864,0.9207091620519099,0.7901116557899996,0.7176338236324578,0.7699641724112779,0.7211942110220657,0.7824389932722248,0.7792515818307625,0.9084420521476597,0.8992861427062799,0.8687174804141724,0.9510266762841845,0.955008605187102,0.8293634845908981,0.8386988542954821,0.7391859050474051,0.9447928691312983,0.9575297147956281,0.9298708885624958,0.9392787234882269,0.8803127188617171,0.9610023506233568,0.9911053236498809,0.9337856875876178,0.7538704450232058,0.7387153103971791,0.7436567720957967,0.7964676363548033,0.9689853350997084,0.9692792490948652,0.7938941245336913,0.8338236597800455,0.9670670216248515,0.971407236771657,0.9103542848677096,0.7071662116042866,0.9468926285207473,0.874668990100977,0.6811238849249907,0.5965223302950106,0.8279192827119559,0.825004911322343,0.8365659602897868,0.9389822533387291,0.9914772496457576,0.9292546707238992,0.937448735947131,0.8879116890989381,0.8153505668560734,0.6396982509365472,0.9855261435284918,0.7059027899818057,0.9205749850490627,0.8226619280719771,0.9808309671121874,0.7410492268923551,0.7072777330919671,0.7360674480807629,0.8909474103333203,0.7454719210149193,0.7147394259353599,0.8060359174848596,0.6940751633657966,0.7507022856151698,0.9561516202344734,0.8100001722213104,0.8065863399417033,0.8616753126984591,0.7427800914104625,0.7080388727690072,0.7760566474779164,0.8861865970420898,0.8892766654512453,0.896481543303967,0.9294574845770048,0.8923984420091059,0.9617193517636082,0.8971970053167491,0.8924625965503147,0.9314390872004557,0.8704213555603506,0.9721676204233639,0.9388691546822234,0.7342810170235146,0.8496444966233783,0.7143761470706662,0.8933509282770458,0.7026792799564374,0.9825409338293793,0.7886298571180477,0.8650416538527698,0.9153129424035765,0.9686833181154569,0.9340159497042343,0.7332038856819605,0.7164709687797871,0.7671653609875627,0.7548224209131044,0.9303665602290928,0.7736582095497914,0.7995535612479805,0.9995400242235764,0.9218056642585741,0.9553620507221477,0.7806267566552044,0.8231676248034584,0.8213356618166825,0.6148776532117832,0.9325888849966789,0.8727616577877146,0.7672132680794242,0.9449065606697298,0.9819382430369299,0.7390466428761853,0.7799119906282519,0.728556055101601,0.9415550117430332,0.6605583595773786,0.842337703909917,0.9484764075633911,0.7430997602015306,0.9260491761158083,0.8061697649874645,0.9626567061607364
0.9125215348180806,0.964354869742502,0.7679177204614013,0.834783984672028,0.9024990176767794,0.7329635680208817,0.9675482999940034,0.8452237616093002,0.9208060956002218,0.7589387601091822,0.8088785507454515,0.0,0.7682830296864687,0.7909190293301626,0.887673088649843,0.7462564915200767,0.6901454237265302,0.850167283204324,0.9250790049738539,0.9145634556252288,0.927741973924117,0.9012970297048991,0.8972349558096203,0.9269035936428094,0.9389909150044934,0.9034045769855971,0.7388257818672127,0.6612192935613826,0.8521525954108323,0.8249521139662586,0.8968238192086451,0.8221326768810782,0.9468163961840926,0.9013434223563958,0.8900520668956324,0.869468745364686,0.9563467278105289,0.8240559979964833,0.8354741891966748,0.9366707879618253,0.8866347634666002,0.7772090109427235,0.8890491068875847,0.8412057949545596,0.9803728506116339,0.9737873980519808,0.9890784058254782,0.8606938814188645,0.9368804081565373,0.8696107322971004,0.9095726611093783,0.9048684090767752,0.8335358571769252,0.9018382842695184,0.8549039243817854,0.8385617191493531,0.8894688654157986,0.7879581244284772,0.8720715701378645,0.9120064643576742,0.7379412334019652,0.8416979677582256,0.798090428123276,0.8296468424875614,0.842419180472161,0.837875891116687,0.8997290961009514,0.9701710790584366,0.7363496464089931,0.8083814529401154,0.9310363952958988,0.8494991027070807,0.7120834923417054,0.827735574537817,0.6791792789943553,0.886904833684912,0.8218351918641407,0.9588452808859254,0.8731215379901934,0.5830030253169582,0.7245282259895518,0.9395428728932672,0.9760718382743518,0.7016027718575502,0.7965511589661718,0.9431858892689682,0.865511461561788,0.8785520236601935,0.8038788084037967,0.8932680350255752,0.8235599109203209,0.9242888206069387,0.8619975823497905,0.8761326110556263,0.8183252827498488,0.9605249484816556,0.8117730400208039,0.9336548418487278,0.8426028938453668,0.835280893357838,0.8141536310534974,0.9667070674978573,0.8228520039480732,0.9657493170596847,0.8358002815101347,0.8986896158678948,0.7142731090080028,0.7170693609761206,0.9610637047289826,0.9156333252626537,0.9222959616128471,0.8525372590465985,0.7240239482452567,0.6642981734463103,0.8760561834930494,0.7528362589525043,0.8543341392256945,0.9085421856958759,0.6575448123853651,0.7103370716740591,0.8774262410691024,0.8386002919586091,0.8682101072048496,0.9537659265860668,0.8508126343808199,0.9249449597593599,0.6730529534249264,0.9623981071453171,0.8442583748741421,0.885020803243523,0.7351500935372188,0.6992884067135963,0.7675643865704823,0.882716968715027,0.8585723860414894,0.8110459459117928,0.9733637805242744,0.8801765992871557,0.9244211807240809,0.9231816956965903,0.8639631378539814,0.8114250767384472,0.9477187029516987,0.8176579796666584,0.8894949973561848,0.9802589998103952,0.9777568091121093,0.7407660159310678,0.9378853751947646,0.6251151319441335,0.8792209267126144,0.8603992856032407,0.8270267020610705,0.9442780294551724,0.9846240122070531,0.929663595837747,0.882193629223157,0.7590570378780788,0.8603331261182247,0.6923041148775494,0.71369695649701,0.8874460282292181,0.9904286865293157,0.8919561048127128
