0,1,2,3,4,5,6,7,8,9,10,11,12,13,14,15,16,17,18,19,20,21,22,23,24,25,26,27,28,29,30,31,32,33,34,35,36,37,38,39,40,41,42,43,44,45,46,47,48,49,50,51,52,53,54,55,56,57,58,59,60,61,62,63,64,65,66,67,68,69,70,71,72,73,74,75,76,77,78,79,80,81,82,83,84,85,86,87,88,89,90,91,92,93,94,95,96,97,98,99,100,101,102,103,104,105,106,107,108,109,110,111,112,113,114,115,116,117,118,119,120,121,122,123,124,125,126,127,128,129,130,131,132,133,134,135,136,137,138,139,140,141,142,143,144,145,146,147,148,149,150,151,152,153,154,155,156,157,158,159,160,161,162,163
0.0,0.4998958288930183,0.4305228904613112,0.5157507389970268,0.5647527941892275,0.48872027458636097,0.5142599458756812,0.5171689095679343,0.5524866705326226,0.41289233603189157,0.5481495347237089,0.4691241063843512,0.6069035676373367,0.5664044812172511,0.5300465171942297,0.5396120025548681,0.5656359468929899,0.736750925695541,0.5197696087226316,0.6077505717169578,0.5913690058151223,0.49000873876410117,0.5114399701918271,0.5905583134471523,0.5549715903459032,0.5536795816184148,0.5371873444765841,0.5120095112687285,0.3844699633894925,0.5455110329732261,0.5597379162372167,0.5457174966416779,0.49116755692467806,0.4672957959167117,0.6877748510113332,0.5175753897393691,0.6389002829007427,0.6080756721005738,0.4629543786855973,0.6250063706220713,0.5272854374965248,0.5666491202355151,0.5765251411757846,0.5690983894145354,0.5723468192469594,0.5986095633703957,0.5529933341309418,0.5139140648000373,0.6098111075338639,0.6027964994325474,0.6062220814014735,0.5856494653117916,0.5139800795732468,0.49489705755505237,0.4679637534746975,0.5252655334572229,0.6839657685511167,0.5328572525332298,0.5769993367122762,0.6146521866731659,0.4939728893466179,0.4929779032113465,0.5942344191824415,0.5063447751683688,0.5717545232661653,0.5971544912104889,0.558375057571751,0.5494937651700055,0.5321807637827962,0.5784120055385484,0.5942217427745522,0.6314763341798401,0.6013160489976954,0.603695421708654,0.5511499783915355,0.6126337433857506,0.5053383117644152,0.5429593205000977,0.5155313947479249,0.5120319888505416,0.5116798646018986,0.5554107038761169,0.5313821160284605,0.5467786649865406,0.6001011816714013,0.6138446975112695,0.5625116802791833,0.5885985556325688,0.5963501597701181,0.5179181455133682,0.6255321144621738,0.5304954980515567,0.5302071301870744,0.6291201620172638,0.5451515624761027,0.45640083862738556,0.46703356243729505,0.5116779697838267,0.5322905186897874,0.6010868312528224,0.5431008188940615,0.4715304636589418,0.5358357180487717,0.42604290825784313,0.6345890651052911,0.5510663340200808,0.5128618989461472,0.501134440543748,0.5852732939876678,0.5378313930275133,0.5636860604391306,0.5977030922468393,0.563799726724749,0.5265012491331985,0.6217111100492085,0.6184806324998955,0.5969976243360128,0.4505230656966094,0.4678250847142197,0.5326097199496181,0.6119897755476851,0.4825538497310022,0.5587629647034748,0.6034199001223073,0.5436764751205007,0.45488598234126665,0.4977529546102811,0.5204450100441713,0.4552144481166139,0.5716914869216518,0.5256747604048573,0.5207493938965491,0.5538487432256844,0.5501310577860329,0.5141512809088139,0.5099472810398025,0.5378420514418363,0.6213959753000861,0.4934292077177072,0.5676414862828614,0.4845112504456834,0.5338883948566352,0.5644321726070877,0.4814516106764238,0.5776031511534804,0.5625071941289058,0.5274518203766433,0.4703556592224193,0.46395208063740334,0.43869135124147585,0.6785706634035276,0.5082042358190628,0.5644881787290162,0.4677163399062896,0.5315617278025165,0.5985430878866081,0.5525681670314501,0.5552730787343072,0.5370102001770337,0.5421093826299713,0.493096956382918,0.664008906251229,0.48058362254646453,0.7179886903399157
0.4998958288930183,0.0,0.5865343639988686,0.520498447760874,0.5469003598231101,0.6295797442952622,0.5405480118266007,0.5430176008386164,0.5037033032596817,0.6037871683861379,0.5786694008557971,0.571189178709594,0.5496385329193796,0.542783960035985,0.5673018818783707,0.5348399844831369,0.5014644736258805,0.5063355075433129,0.5226040419651315,0.4696939078240669,0.5803689506025924,0.6802492447440451,0.43103971027212584,0.5397363203014272,0.5910721553814503,0.4297917549679042,0.4989356111689516,0.42748121888355944,0.5504687101883848,0.5039194870302124,0.588129803801655,0.574803654232001,0.5667602877550053,0.3923100434893454,0.5184747286723139,0.5711073622907095,0.5546183494298034,0.5260412964949973,0.5576284595789216,0.5279054721386949,0.5591590730154523,0.5741408338674059,0.47538957633268686,0.5664053975255064,0.5101833893245605,0.47366983631795273,0.5068298247314701,0.548256289681887,0.516372878192161,0.5061590564060982,0.5355801524763372,0.4646464601179415,0.5147045363433687,0.6492452250542786,0.5694545476106969,0.5434659807337472,0.49022191604121945,0.5640068269159323,0.5699827542848357,0.5235669756936452,0.5572487933808068,0.46659454375513437,0.4880498062643108,0.48454325241935636,0.4812678481116562,0.46389082323586617,0.5150378067788391,0.5380310656705027,0.4840244580844321,0.5450561689603426,0.508803100177786,0.4996231788064919,0.46510511293264806,0.5612846536349544,0.5656069035354241,0.49092818853309034,0.49991864128891644,0.6276606017703465,0.40721835125849004,0.46158435558783706,0.5576286008597365,0.49889254936585614,0.6476531268382015,0.49773928890423236,0.46233139664485856,0.5283179524975405,0.5009107575512362,0.4905975029933372,0.5072192632727108,0.5190048000818174,0.49493759813048294,0.5539949179162533,0.590832817801003,0.4740976409257923,0.49826919773214834,0.637194190527472,0.509348143553737,0.48789624987349095,0.46556146658991415,0.4999881798891274,0.5514150455348188,0.4807872640885987,0.4470615195818198,0.506587658414126,0.49835550210632446,0.44824622481000737,0.4986597214452444,0.4644377369490896,0.5453757202042127,0.610182692201069,0.5545031284595464,0.45754129911344016,0.5044409881519168,0.5205357831975911,0.4508059215861505,0.48012329754365013,0.497055945318142,0.4979746048509152,0.5021738629985713,0.4830534008736645,0.4832429522192015,0.4573720554982653,0.42578610283511037,0.5815554992652867,0.47560447812060763,0.6189724697358681,0.45899192329195493,0.5725398735207549,0.5063684432789931,0.5313009726299983,0.5615590114112551,0.5455208138494638,0.4572122894617654,0.49395040916403965,0.5589180666213865,0.49165088312682576,0.46880905490471947,0.5011730760957598,0.4598356071404791,0.5532001569583025,0.55672747594644,0.6105502192239257,0.5495749402868196,0.5474159890781903,0.5953961860225203,0.427030110452494,0.571431431518513,0.5871269698478065,0.5264160576432496,0.46225132980954703,0.4779987314146803,0.6071707867436736,0.5275472158006322,0.5859163731288872,0.5665470540603228,0.5569414689256538,0.49320113451782,0.5893522059261469,0.5028307685576044,0.45333962218317914,0.5486436240984139,0.5183872663303682,0.48943056009496877,0.4980316827043756
0.4305228904613112,0.5865343639988686,0.0,0.4476151671053944,0.45902332402004464,0.5614963847954676,0.4207644085428904,0.5554839534442,0.4222344825352361,0.630628012229798,0.5302750644730282,0.5276366594882415,0.5151622726480284,0.4665602060562789,0.4473139212719605,0.5571882345050523,0.49548637056378037,0.44972139516910936,0.4681712639235509,0.44709058273626834,0.537961292818904,0.5780841655603172,0.39689834325536694,0.4563411796484806,0.5435963699809899,0.4158457751564281,0.4597032535486242,0.4120572299208476,0.5351509660969669,0.43921307607592047,0.4744982198276961,0.5307609396666758,0.46505176406148274,0.3787415339580934,0.44389968902474425,0.5521124042101618,0.4806046956371578,0.4970454499240493,0.4712307236072395,0.4556330105332958,0.4931183674959034,0.49528012556055534,0.46341631354334645,0.4710505518757158,0.5027968619752096,0.43499909446571045,0.46880695907548703,0.5187741470829812,0.4445474563698188,0.46922204873655426,0.4554694527303852,0.43370496613189274,0.4248775684652831,0.5438956141136236,0.5210661232816937,0.45518283311033014,0.433118797544279,0.5551031970680788,0.49334201054409077,0.4597527645485827,0.5208467933970673,0.428054922881155,0.4744853015940408,0.49149340467746117,0.40899161156995656,0.4279366625621069,0.44273616061455096,0.4610882408838455,0.5264763432182209,0.5171209916373706,0.43958983602573204,0.4331870030941613,0.4336952310057941,0.508050309571834,0.5609831174175414,0.40589187901484636,0.45287663597236916,0.5033061837324623,0.3985212788037982,0.38852290350099655,0.4971120122933333,0.4202960741665894,0.48734159460378923,0.5067569082302943,0.42728769133717676,0.49459760422458676,0.47264255466626753,0.43134038475927383,0.4552183828684799,0.4293236122914187,0.44298124314649,0.44304078994466506,0.4986543551343644,0.40066351270512135,0.42575705419873255,0.5335980316992923,0.471071401185504,0.47743605041504156,0.40756716591390585,0.44529997951289685,0.4433885247453777,0.48606753756584115,0.4158339065951335,0.5173546778081316,0.4574707945522045,0.4444086520678374,0.5012462049895546,0.4729834405666227,0.4767539627122764,0.5251519672072701,0.4687788075102841,0.4211711408061756,0.4486146204537291,0.47766779216151783,0.41681898642553733,0.4340238948330741,0.44424393410460183,0.4774201251843336,0.5335770609075189,0.43331227896725305,0.4184321230534613,0.4300794117659299,0.4047478858459115,0.4528948441029003,0.3947852199579092,0.5562882150390356,0.42401013981835795,0.520351250615697,0.5584798082760094,0.47380745511124545,0.5135781461171741,0.5400161804155719,0.4046604236832371,0.4111161423634328,0.5211159290472366,0.4137192173962748,0.4359150528342838,0.43157679962984,0.478431993017224,0.46884943519834477,0.4674554989604906,0.5491992315229108,0.44144887634047897,0.5018761382895096,0.5172523638054358,0.4084840808989647,0.4759857800759868,0.4933431615929376,0.580705018074475,0.5127265627670392,0.4142232403783081,0.47168490963700443,0.48156868415571724,0.5663888938613892,0.529768087771237,0.4700623357479534,0.4150200502463032,0.5047930633508088,0.40021352541400407,0.39349236534539084,0.4995061486614601,0.4247668668711581,0.4309273432457603,0.41562475002332655
0.5157507389970268,0.520498447760874,0.4476151671053944,0.0,0.5243533801232025,0.5487142038842729,0.57207703792528,0.5265759236636828,0.48230716786403616,0.4425604106242681,0.5259861379672514,0.4871386264994932,0.5225052956115831,0.5307492784726107,0.5301371878358033,0.48163574110580504,0.49435456441381614,0.5184721637087452,0.501686049984465,0.43100289114095386,0.5522346329567385,0.49151315648977195,0.45028505596914786,0.4910453809095851,0.5131859605653835,0.4977240392116524,0.5121444472374457,0.44870737094028385,0.41369154744735565,0.47382250249074065,0.5259031117605455,0.5144261820025919,0.6772397404766373,0.4143003454009921,0.5124659898114725,0.5371505988322458,0.5402647975655247,0.5159933954407643,0.4780987469078903,0.5606779412375523,0.5624112056274514,0.5309180515075536,0.4745986827449239,0.5680262306475549,0.49432923511391136,0.49473032631803293,0.47240623877056304,0.47476457716450526,0.5082515495053002,0.4981619522930083,0.6239909095844729,0.5349244828628886,0.506774198419952,0.5996629967940658,0.5117589456783047,0.5045855112217572,0.5131820014426514,0.5689555594813787,0.5235823208533826,0.5349820979523427,0.5359609907629752,0.4977216946988353,0.5509454368832719,0.435311024295882,0.4848605708752145,0.49010512287542307,0.5479407001731761,0.5142686747912499,0.46197678017576027,0.5643235610190434,0.5239477734866347,0.49468621030262905,0.5245094120770754,0.5963535555202204,0.5296037679947129,0.497840140012795,0.5284711419736862,0.5893634398849974,0.4388188997618449,0.48470166382960367,0.5231222857154091,0.5504813350162904,0.5264501775951349,0.4975060439042285,0.5243927500490617,0.5091724125806502,0.53171612120737,0.532043197619862,0.5344508642151861,0.49023942691720007,0.5916871475400977,0.5891809253834102,0.5277546996302112,0.4967496578836936,0.5481901995577988,0.5046186372079411,0.47643677959981895,0.489654234903592,0.48518671161615784,0.5799202843486412,0.5100776155921517,0.4813309811277665,0.563818481688797,0.4542906597194119,0.5524877355058883,0.4582579499267252,0.4995450227815237,0.4425441307162265,0.5388320156275167,0.4789536106866455,0.5940460879793926,0.5061144268299046,0.5654327599279998,0.5310747903929851,0.5132165135710027,0.5230637825679934,0.5070627092952413,0.40989551982056605,0.49963499781805804,0.5579300035144867,0.4793243697741469,0.5707222625614576,0.4328484104137097,0.6030336787101753,0.46286484266917666,0.4976986441781508,0.513861487844983,0.5126741504693284,0.4574443284300203,0.500413917052375,0.4815533516894484,0.5097601486625839,0.49167309256539915,0.5417219672626459,0.4578137102927354,0.43675078673245754,0.41227137467137337,0.5178139618906252,0.4251011910117934,0.5307498161763594,0.5878679633555685,0.5066082544957332,0.5833683081956692,0.5194910951882424,0.5312475305740538,0.4625086385616283,0.5067745947583273,0.5171041148550034,0.4251068089072144,0.4125748413354527,0.5382896949854917,0.5517375300273368,0.48825232292712273,0.45891754681712393,0.5550542823891907,0.5267354472973571,0.46922472524990316,0.5987888855989489,0.5926066227094631,0.5371643619762412,0.5126211056821892,0.540836802344638,0.495975121238883,0.5399311430149553
0.5647527941892275,0.5469003598231101,0.45902332402004464,0.5243533801232025,0.0,0.47373945808467205,0.5653394451798646,0.49034594156705763,0.5832500452913042,0.44042549614822735,0.5334253901364262,0.4876655469662636,0.494446703092098,0.5899110517652384,0.615121966819354,0.4896552626638648,0.49185781745223817,0.5897594798716957,0.49029798353978193,0.487432364969115,0.559763790080804,0.5731012657845439,0.46088444916689913,0.5179314087281401,0.5122801397908023,0.4687316394454918,0.5313922356764277,0.42244540232134686,0.4269698006153818,0.5365165502537226,0.5990228697223515,0.5097266303065119,0.5436045706854185,0.3948773987739891,0.6308964351981731,0.6078239341694752,0.5325195229963088,0.5927334152548906,0.5289298375231053,0.5490761184959603,0.5802689933275568,0.5653519520414076,0.521770609895954,0.5859481360414615,0.4978703762972145,0.4916211960326039,0.5387520947705455,0.49461146155363944,0.5481325499321816,0.6139884494556138,0.5921354854052142,0.49125285989783074,0.5425417793721699,0.5454704476168591,0.5119936645862072,0.5030382407908143,0.5439317935896091,0.5485179584181404,0.5908069793751393,0.5699612499069479,0.4615920335097609,0.5068909345002358,0.5155691289743254,0.5469217904492545,0.5692571493017736,0.4756543028265096,0.5091355546606755,0.534459050515978,0.5245654509683141,0.5343156525608216,0.5637748749417253,0.6028063050966798,0.5122958271714645,0.5476125195416041,0.5158717574050455,0.4927562524170004,0.4832055562021354,0.6029865950554169,0.4319478612354236,0.4399160794413181,0.4856268499442287,0.5909007382087879,0.5594992741268279,0.46978462337172244,0.5183308630091285,0.5399397712499849,0.48703772893873776,0.5922684061103398,0.49383579519715703,0.49839784406191945,0.6467517891425912,0.6160094960452357,0.6181005423309877,0.49001236356425193,0.5702130734233107,0.507023526870154,0.4851789812455321,0.4723200499487145,0.5994141322938716,0.49970006201284717,0.5610048191222388,0.4578349127210761,0.5195747107045166,0.45499933532184184,0.5893361672951778,0.4586292366237365,0.47229787846439636,0.4401931291823693,0.5575147990648905,0.4847352033359536,0.5334250197343887,0.5731749065960897,0.4862809688412003,0.5356393118038708,0.49524030971325955,0.4954101069996232,0.4865452748673509,0.47227556097442325,0.447820849373427,0.536946901991482,0.6303618209907734,0.4910350428487274,0.4397366106882048,0.5608873781164089,0.5435874741992639,0.47539876362319555,0.4992498187445525,0.5339207615647341,0.44585222101695327,0.594098361980405,0.5199799461455049,0.5093944839947129,0.46504163070021254,0.5754825138422782,0.5091368923660902,0.5364453015447506,0.4529259886295746,0.6158499006112302,0.46027620183751067,0.602502185694678,0.5072731261674451,0.5727590259095592,0.5978334876117328,0.5913462564723555,0.5798610718242452,0.4897331178923357,0.6178343562200855,0.48605469581566446,0.45880497282815846,0.44379479458654614,0.5395357841541155,0.5572020803498475,0.5834022206239529,0.515280694840683,0.5151630030547993,0.5412210525779169,0.45322261921032037,0.506778307396248,0.5409299123588739,0.47750774768950394,0.4844741420125463,0.5660798722365883,0.5082417822159645,0.5974118344099832
0.48872027458636097,0.6295797442952622,0.5614963847954676,0.5487142038842729,0.47373945808467205,0.0,0.48625479525080745,0.5844289510284124,0.48474239646542766,0.555024204998823,0.5554851687558616,0.5251380797645316,0.5727669354209813,0.5117561930360917,0.48761552179434275,0.5311339600171069,0.49579283548410785,0.47957075198402555,0.4998734660701981,0.44227509335314874,0.5586351900548895,0.5645570516264865,0.4058392286571108,0.47590095839030105,0.5726479428507663,0.4388150103232554,0.47031903975396977,0.43151491752245097,0.48075305017917536,0.47709511336810395,0.5298890783694427,0.5737142817744816,0.5514995279847043,0.3906562838975509,0.4749659388224042,0.5182928817408615,0.5612221525858546,0.5057545838627189,0.48620675980475275,0.48827462455774834,0.5055277944072271,0.574313217454405,0.45807946886771134,0.5329456751535384,0.4950424255896912,0.4610993384769292,0.47179209231965297,0.5249223904728858,0.47095359010375937,0.46661880749359963,0.5246084165079309,0.47934014688333126,0.47888309077637636,0.6025819377551607,0.5222974702665153,0.5570534000171194,0.4715840676250219,0.5859049727238874,0.507403639065522,0.4858389842370115,0.6336841359470788,0.47465085854730676,0.5199283767784809,0.4366949211215867,0.4494979233524105,0.47321965742779903,0.5223847862216506,0.5407222582231155,0.47051507231028433,0.5937205910707631,0.5033288319283632,0.45647706490248563,0.48965511727346833,0.5640010311026948,0.5949000636220959,0.4801954285382012,0.5072750449737513,0.5621992547068015,0.4093999219553803,0.48555725770341657,0.603674509393326,0.48877781564357725,0.5867960388648888,0.5325765250609282,0.46876070542995424,0.513215876805051,0.5729907509208189,0.47313493877142765,0.518310213823982,0.5090373361912571,0.4871599274722651,0.5239001292644372,0.5086068257628256,0.46279068659184663,0.4885842481161645,0.598179909699743,0.5112204978145565,0.49492336657266844,0.4415389173960211,0.5133226520400327,0.5001740449234824,0.5009409695902771,0.4566705359284188,0.48258572890765145,0.4986181805400586,0.4486649573053553,0.5056845848537479,0.4634280259673409,0.4965340025656994,0.5592546219486912,0.5396300647940219,0.4431550643387804,0.5713143525233401,0.5317612834956995,0.45160137510465087,0.48351237042496376,0.49737786967992853,0.437706079001314,0.5300582179230576,0.5055266464102471,0.4373050936607605,0.4986659508834096,0.4283307986084914,0.5595417469005964,0.4522958877077068,0.5696563707818904,0.47055785752542595,0.5331164329864685,0.4937835665973073,0.4806782913309493,0.5606221121270142,0.5807696801082574,0.47873525637436865,0.48767756020342407,0.5053362764548098,0.44039693614113223,0.43534951740345906,0.44857336045395263,0.42417944015394815,0.5053017330570274,0.5693578964909362,0.5724562103183054,0.5194642059747174,0.5206107847589732,0.5513615449052585,0.4213776423420821,0.5191662362572631,0.5658086765151122,0.48860995795368073,0.4510346390333956,0.4759863032369294,0.5586475397027435,0.4708818161256502,0.4971035923672383,0.5667961148842006,0.5486125628388757,0.478022866531257,0.6331575874226569,0.48082085022459514,0.4687161694698878,0.5440682255847471,0.5102508436324268,0.48427481152407825,0.47975350370609515
0.5142599458756812,0.5405480118266007,0.4207644085428904,0.57207703792528,0.5653394451798646,0.48625479525080745,0.0,0.4594099534106671,0.49058723077572985,0.4540174356499667,0.5062864469668237,0.4900254101738636,0.4943289426960481,0.5319559681458432,0.5889658247611844,0.4569992833219001,0.45673353592797417,0.5098787974034398,0.48966203948095344,0.42820993668968266,0.5027670652826325,0.49933352728559766,0.47042377850583494,0.5131558883479929,0.508818100405981,0.43841640363404594,0.5134159703263641,0.42358579040741806,0.42910688448825596,0.5074334068753751,0.5634766222813782,0.5294805099020445,0.564954372132301,0.40539022612153996,0.5200720625455441,0.5027596454273057,0.5406638635330341,0.47093989771106337,0.5075013864858074,0.5556043741424287,0.49872217689732395,0.5166238208556827,0.4594382845800964,0.5511071820017253,0.4698887059804016,0.4770503404359854,0.4790846538090512,0.46774454094010026,0.5729886237196703,0.48827902238585785,0.6003372908609399,0.45162784577108167,0.5095492095450597,0.5508460372541629,0.5260289643668938,0.4987843532555266,0.4982459712986209,0.49237657556627623,0.5660559387264956,0.537564560177789,0.4752635185603969,0.4700068979244624,0.4542373022496149,0.43354461786462806,0.49965696153661227,0.4564934121190286,0.534630768856891,0.5208637439565705,0.4338613824147716,0.48977403918759455,0.5030072664227971,0.5131687310742132,0.4674192062387062,0.5476604762424869,0.46251868546098596,0.5437110941849368,0.5331503764937644,0.6366672327012542,0.39500470019491274,0.4760212321001745,0.46559856415501255,0.5252470059805234,0.5633226570259412,0.42487330887769054,0.47111693556588324,0.4600134826027833,0.4689226871845231,0.5647692252393932,0.5145068672230197,0.4934854276461885,0.5352581179328333,0.6223689131178376,0.5718797173479977,0.5053797087653406,0.5201668943175622,0.5064732608834613,0.4404763429463504,0.4424402723569944,0.48770345265387827,0.5324921182839869,0.5586206222214268,0.4562188163441093,0.49340815603455207,0.4278518239057797,0.49374124823601717,0.4246653479473887,0.45546937222663386,0.41210896031074573,0.5398064906573472,0.4942258526842954,0.5949914419575308,0.473157436720619,0.4976292318969983,0.489284321446045,0.4560320192635759,0.47144961061726054,0.4824849809943117,0.45769119640659384,0.4331325363270557,0.48537652389197544,0.4935981062195848,0.4606814684353614,0.4068616614850735,0.6311129525928122,0.4755486877177127,0.4963920355026801,0.47317076153594934,0.5210572726931367,0.42033574394098544,0.49958170773635585,0.465156204772044,0.4515854665461853,0.46661022138313735,0.4986782208605981,0.4544881487678231,0.46221928388369077,0.4229386592178597,0.5305946988423661,0.41234539055942865,0.5453515980340858,0.5189632034569152,0.5132335430398614,0.6074067976506425,0.49075748597861957,0.5232938545558864,0.4522572929763675,0.5013929525551295,0.5142384905830449,0.41844137256107133,0.38223866253149613,0.5113549300873553,0.5597870164330839,0.4905153650904117,0.4877387680527287,0.49298996949303114,0.5217343126274802,0.4981026744700136,0.5383457668076784,0.5974637852256185,0.5437611427240253,0.47558260124428425,0.5321756291491132,0.4722507859300809,0.5249103266578888
0.5171689095679343,0.5430176008386164,0.5554839534442,0.5265759236636828,0.49034594156705763,0.5844289510284124,0.4594099534106671,0.0,0.49178721743945764,0.49578949030683706,0.5578875596442793,0.5475329142273423,0.6179547484855814,0.49284672381707645,0.5034337942414523,0.6180855856093036,0.5431532836446233,0.5311371706567085,0.5212317076687044,0.49895579450343003,0.6068367854479539,0.5310712713301023,0.448339149852402,0.5092599858587349,0.58342485257659,0.5087440423720095,0.5383946224495622,0.4676780016468408,0.42724930878218437,0.5183934882496422,0.5594580675532291,0.5800036920217818,0.5228320035518915,0.4338521469905968,0.4886188611746085,0.5616901694874831,0.5938169316584733,0.5795747967053672,0.5058525667443704,0.5233123917619876,0.5354423904623304,0.5312988209237938,0.5554219736166038,0.5117845398398492,0.6202303557256075,0.5476149015114284,0.5080462033206925,0.5228228303836255,0.49842538091253014,0.5297705612950218,0.5510602775498656,0.5106050210402489,0.45960673107086664,0.5533074298021052,0.519192272516215,0.5048808249095219,0.5257482623930265,0.6764269998125935,0.5057737365183782,0.5509315878468073,0.6094545476138331,0.4926403554465983,0.5881076269887425,0.47175430567482446,0.46113020711470043,0.522818735569331,0.5228574297655928,0.529082133080776,0.5411174190969537,0.7227307336794684,0.5258123881767186,0.4853135486022503,0.4890713187344545,0.6171166289434633,0.6353270479095221,0.47803051164325205,0.5402208526170919,0.5524251320804703,0.492072724195714,0.44420687490067035,0.5299750685671869,0.4975337688116647,0.5505604343707511,0.598694270776887,0.5096851025687829,0.6037472474071964,0.6251782823905727,0.5067360583373673,0.582958574752296,0.513172537134535,0.5265243031462138,0.49654936993256765,0.5198963831853435,0.4753828741269572,0.47424748009299217,0.5206076955480416,0.5205275367307037,0.5176029064839136,0.4411025462880157,0.5480134990314884,0.4881344117700005,0.6130984293790229,0.4923102641481497,0.48741767666738683,0.5546412415860636,0.5450324904825014,0.590332914176,0.5011181582394569,0.548880479120448,0.5302993114840854,0.5266533667620737,0.492066452766147,0.5154032967937523,0.5581034788716882,0.5129065273194786,0.5287834823325923,0.5073654738393445,0.45960307444498194,0.49694688921740837,0.49502825711478116,0.47194419146183314,0.5536374659885501,0.44655047241340395,0.5498680438391996,0.4253834051745982,0.545122079623039,0.4767006981490707,0.6600568051613445,0.5124856622611234,0.530054338527838,0.556782824534706,0.6072582877623496,0.5026466138973346,0.4710942004430725,0.5305800997381006,0.43185037744382865,0.4869811505979933,0.49042206097605284,0.49796114973658745,0.5778459465910505,0.5021251747715535,0.5424763512296906,0.5034399003401631,0.5074898394560966,0.5666900902338942,0.4695669587297344,0.5366972155486184,0.5399081121974071,0.5175976886043278,0.47479140490200256,0.5239667952993131,0.4926598765668495,0.522729377437167,0.5332718497196933,0.6096286352473738,0.5876905009369252,0.4784147372908852,0.6274957997378391,0.44220008845748515,0.465144915012967,0.5120292848983102,0.48603921222556623,0.4829513197678982,0.4924647374987244
0.5524866705326226,0.5037033032596817,0.4222344825352361,0.48230716786403616,0.5832500452913042,0.48474239646542766,0.49058723077572985,0.49178721743945764,0.0,0.4007132753678174,0.4700123160838979,0.4228038162166486,0.49159043379114487,0.5703643163741119,0.5413048551835908,0.44790137115152173,0.44193815668056674,0.540314209765797,0.4254765905777965,0.4456772809676461,0.4925534324895367,0.535462801817944,0.39765254304885317,0.4560899398249819,0.45389367880967385,0.43939966468692404,0.4859453766735917,0.3896333380066838,0.37389099738377735,0.5252098726036023,0.5467178921387772,0.46842865343905565,0.4983907636099953,0.3568863670951641,0.5177197326179876,0.47945054733241743,0.5250629925391064,0.5376788754805271,0.47111916814730626,0.48581831698780825,0.4809598785136787,0.5903814772481589,0.4521423607986581,0.4926320351837048,0.45103266774912654,0.46636670252979456,0.48758325401875025,0.43742297361555255,0.4592766891993538,0.5170385885414479,0.5344438867987884,0.4601855596589414,0.5402095502368855,0.4757785210547704,0.4294642583301793,0.5753572291609778,0.5038196895856413,0.4938356520204901,0.495372830112199,0.5112882527308191,0.47493443202473257,0.5328123809691652,0.48976916063703385,0.4445341080731176,0.5529860529910238,0.4742829212646713,0.5395402457987543,0.6004589444808124,0.4582595303321961,0.5442693961158132,0.6232783325923251,0.5230668132094572,0.5071022077571448,0.5110719907469181,0.5030882325996966,0.4861183088873479,0.4714406422965713,0.529597691215798,0.40703477735461513,0.46932819222153205,0.49727628649454775,0.6483555921277397,0.6184102690451547,0.4591349542599351,0.48644332053276196,0.5220202897119226,0.5186680778111673,0.538982299456226,0.48130038080657894,0.6113388127653989,0.5652113344468658,0.5716192567635053,0.48917354444392525,0.48063240527512485,0.5815038308311423,0.47630007955965403,0.507518810886241,0.4274342514959331,0.5565222765758979,0.48356885707797675,0.5254989707729298,0.4416006765186369,0.4542655081085519,0.3886475368655702,0.54644398182359,0.4391230035634061,0.43916902945442965,0.4033456210243027,0.4909463333409971,0.4522227821714518,0.4576096059933971,0.5069356385625524,0.51690573678997,0.5470396381748992,0.4616791461141109,0.4959612559131555,0.4478085184680126,0.397878031369289,0.3938832108074538,0.5670041176794888,0.5605312002030757,0.5140776305770588,0.4156448019730781,0.5541153632427338,0.5694424087052368,0.4230901854872941,0.5113092414329823,0.5123511354515349,0.3841830102704743,0.5379590555999085,0.5624043605479745,0.5305224217440366,0.5123188659111826,0.6378441628351621,0.460216298389928,0.5173542314580549,0.41957079190494617,0.4992711313133858,0.3938982969208372,0.5427380277305693,0.47584472910033965,0.5281999813567921,0.5987616839713606,0.5419868541969307,0.515853821464908,0.4340204275116396,0.6619564410189355,0.4900643246066601,0.40083062225555155,0.40285251462941607,0.5112034773685407,0.5076884254916262,0.49147840426507033,0.46764966868155894,0.4576451255850963,0.5849059507498361,0.4590746941445425,0.5063675001691095,0.49769145589747704,0.46926850903088135,0.4643805967471196,0.5533964705785615,0.5308441235756891,0.5942169481179226
0.41289233603189157,0.6037871683861379,0.630628012229798,0.4425604106242681,0.44042549614822735,0.555024204998823,0.4540174356499667,0.49578949030683706,0.4007132753678174,0.0,0.5158671665109235,0.5531329541766806,0.4928749100436016,0.44701895636747485,0.4425085701213536,0.523827656660554,0.46754876433604964,0.42693843159162703,0.47607117928977866,0.4151526334092423,0.4922359646399546,0.5259545513793867,0.40820770978976156,0.4491727088146832,0.5586102110607022,0.38658149816463583,0.45823091405788585,0.4098862423974038,0.6338314201439704,0.45033113926302754,0.4713013757034835,0.5493673009456669,0.45897731940165204,0.37993649242717925,0.4234791748764236,0.4973178898682584,0.4741367396798749,0.4482896493570578,0.46999167994982755,0.4477118673653503,0.45963690389875195,0.4738234090456109,0.4320611970529407,0.4613830980232389,0.465575813311662,0.418373558264014,0.4465309308829299,0.4969407312002141,0.46090116889115157,0.42717859483025655,0.4454725270384588,0.4015969862165886,0.41531295907335786,0.5270430113950793,0.5460326456420793,0.44880327623551347,0.4143240616948968,0.5155197334887336,0.4851398132405691,0.4443906629507234,0.49408240102606815,0.40558129532148196,0.4247734271764625,0.44112183890658674,0.3890900464351243,0.40289647412746965,0.42953449579173825,0.44358271628146206,0.4607104783624971,0.47792919345569407,0.40909750029123076,0.41773280977247734,0.4015316231479973,0.4837701809909447,0.5012662290223919,0.42284211315935266,0.4566746611084187,0.5281441801620074,0.37126706559740685,0.40153411892010477,0.47620840089226224,0.3958626072425561,0.4987388615516387,0.4539151365778295,0.4033547237410616,0.44428443306591653,0.4420667467415808,0.42300806595743845,0.4595115558349158,0.4169528521244976,0.4182706084722051,0.44366140461982706,0.5075969155821819,0.3988658484401596,0.4070173812422991,0.5539244183672941,0.4247256847414733,0.4511530370175293,0.3881586058913588,0.43654999153748014,0.44962961818092956,0.4640095613665659,0.399623241752337,0.5149923886621334,0.4202991977435202,0.41175817527876496,0.4676832531894665,0.4525966555902401,0.4660292611363677,0.5295558132938044,0.48136451952602244,0.3916265939749489,0.4301756495229142,0.46034887951207437,0.39337435996309383,0.4138334377345539,0.4459250455770751,0.5060918302407937,0.4982721309716207,0.4126090244202604,0.3942775423471772,0.404220416260779,0.38154465259961257,0.4654720022567416,0.381769925941401,0.618221618470403,0.3997963427015023,0.49922977421420756,0.5244190803248849,0.4407612075713505,0.48984648156179483,0.4742401717895417,0.39675249489655834,0.3891676049043525,0.4725874475548868,0.3962493217795381,0.429149788946872,0.41447175396145336,0.44156201305462717,0.46239414100646187,0.4692642487171435,0.5284819802263022,0.4363738961645585,0.45890141257374134,0.49634631025882125,0.38872166811948783,0.43801421171069294,0.519953327217572,0.550015503490197,0.46011123792595426,0.399135737639415,0.49803801630370226,0.4489416550070995,0.5442468770887409,0.5141834644383196,0.4493862107046995,0.4272386699658032,0.509590758804608,0.40789893506573616,0.40604329576531023,0.4922651519077361,0.42187895066426495,0.4195063835466207,0.3986301958826839
0.5481495347237089,0.5786694008557971,0.5302750644730282,0.5259861379672514,0.5334253901364262,0.5554851687558616,0.5062864469668237,0.5578875596442793,0.4700123160838979,0.5158671665109235,0.0,0.5791549250937807,0.6074063045992193,0.5241051999965763,0.5169192630773621,0.6328960583504144,0.5638458919340802,0.5447791476627584,0.5894463607532343,0.5281610393461794,0.5871691232941691,0.5795261912431989,0.47896788686484587,0.5549253880081305,0.6362716497906752,0.46296791298704104,0.5556345467061423,0.5106935432910364,0.5027360340626842,0.5310751309447826,0.5605735302782435,0.6243270502307786,0.5062604894257194,0.43996993961880715,0.5606491402785189,0.5630149886385971,0.6144547842379318,0.5621300724933992,0.5448875240913573,0.5423953310813675,0.5153817133385908,0.5255453722189806,0.5326601714573792,0.5706196089229324,0.5547799675818307,0.4861849252097929,0.4587475270709826,0.629485999944429,0.5891403535342495,0.5257996640364301,0.5486532798696767,0.4733230314091881,0.4627050348919932,0.5942937858992866,0.6278570601970302,0.4598726535452507,0.5368372600218052,0.6202912245081564,0.5561986610169255,0.5408405844450408,0.57577116477588,0.43978232237546727,0.5258238942597822,0.4982989785413063,0.4607924725311129,0.4807375788014289,0.504165369042751,0.48923676141246897,0.5416534981275382,0.6118726155761889,0.48506821235346387,0.5129312085867532,0.4981072431940099,0.5935007995647171,0.5982066453733383,0.49640828865812114,0.5459432766265094,0.5683116888001378,0.43601528956115654,0.45533354646374735,0.49005498519513513,0.46654691063789583,0.522037495512025,0.5352712917456581,0.48702752134037197,0.5244355521802695,0.5624396508573302,0.5084379026226887,0.526385021252802,0.4557012330366515,0.522714248699397,0.48086352874057636,0.6128444474430457,0.5019625510406889,0.47377540909645477,0.5238813294966409,0.4672400151177496,0.47466983387699413,0.4483940265118284,0.5021081304304132,0.5479241509176566,0.5302736396957055,0.46282201526315253,0.47638385418283596,0.5231536108682068,0.4651328818680026,0.513200171619375,0.49458415121121374,0.5140536497927294,0.5757628284127003,0.6055594565834381,0.4808978711341933,0.5056836301529783,0.5340759955280718,0.48421623390411045,0.49612625089863227,0.5130438195443111,0.5620339345740065,0.5218130516366305,0.4676342551058937,0.49420358240817613,0.4560392640366716,0.45738209897590104,0.5475768458421504,0.4598931562027236,0.5841578840313517,0.4370827091860823,0.5576551598064785,0.5243408197319157,0.5088260054911976,0.5022962483018973,0.5262439069996471,0.5083898659033845,0.4769408270658061,0.5828064232504258,0.45486943049598244,0.4916997922172136,0.5128369695402892,0.5146791771720668,0.5524478787567071,0.516511017414429,0.5872868754837953,0.49729324615614906,0.5006157413857061,0.5957028608233621,0.4523143737893138,0.49220673353970673,0.48935594823797274,0.5295027680134523,0.47454783534012607,0.5417368065062045,0.5309562341575713,0.6034240415065258,0.4815228440984247,0.5554378638299328,0.5466010495117282,0.5609576949344133,0.5451515093213523,0.5048990029343214,0.49446918803590256,0.47345699544109826,0.5205807425305717,0.4386330298607774,0.5368732630204335
0.4691241063843512,0.571189178709594,0.5276366594882415,0.4871386264994932,0.4876655469662636,0.5251380797645316,0.4900254101738636,0.5475329142273423,0.4228038162166486,0.5531329541766806,0.5791549250937807,0.0,0.5032940069547717,0.43049732699908644,0.4993708615141777,0.5621197984348459,0.5085369514676957,0.4672687693265544,0.6496601844826219,0.48338015514139465,0.5620617482774423,0.507246164319637,0.48778212913115454,0.552982673553355,0.66198100635345,0.43158355273335774,0.48848532979788584,0.4688631232057565,0.5048157600766074,0.5064621977409542,0.561638586617629,0.5593036122348306,0.49271138773191087,0.462841432079842,0.49061438304383814,0.5456073334683471,0.5208598509408495,0.4845409759520827,0.5377957418623877,0.48794818902175224,0.5191069542588732,0.4765530274113814,0.5124314038019224,0.5331466120610345,0.5513489740016503,0.47098748503707094,0.46812881661643296,0.5522071224979872,0.5406262581717914,0.4740903059615407,0.4930865833768598,0.4533609506421066,0.41599021662361235,0.5637769698479932,0.5892557698071966,0.4392292991814222,0.47728321879550883,0.6063077153752191,0.4868715039690085,0.4924047728341577,0.4889958879711295,0.3998508115329081,0.4694565979432855,0.45926125381309146,0.41615000941873,0.4342748459957951,0.4361478985317628,0.43565715359658536,0.46639178132753634,0.5200845089170798,0.4308119403528524,0.44812220028256516,0.41789007337880096,0.5146276828643743,0.5094308461947998,0.45277785383949276,0.47158454513717013,0.534516089820627,0.4307785134596627,0.4038489103388515,0.45206887661486117,0.42831347434418504,0.49546529636794007,0.47095344631185043,0.44401852138241077,0.49846234817591695,0.4775596248575395,0.4482206292353339,0.500304250777487,0.43262612720380655,0.46208264560163587,0.47558739102477415,0.5507051085368697,0.4439118338577483,0.4118337405211841,0.5403967220079873,0.4296704710560458,0.509617413351646,0.40196433210547783,0.4691484724583867,0.4666454647498576,0.49830556936940584,0.45323880652797627,0.5821399993643174,0.4605538711511945,0.45541190628847683,0.4963365175281609,0.5005211490760046,0.49802435859746197,0.5703970553422003,0.593570050663316,0.43790863597237606,0.4303141775505914,0.45884957493173173,0.44373936829579996,0.4561804198244502,0.49818773892480805,0.5586862309021468,0.5093290593928728,0.41456664105531366,0.4321644685039601,0.42451819464764984,0.4242557424319739,0.5069227528204054,0.3958354077184577,0.6378598004278605,0.39753127851973485,0.5521469654838742,0.5624496842390033,0.4545000783956663,0.4750796248371236,0.4645319317789437,0.41496543684077886,0.41795226522798623,0.5334968083967128,0.40565296050934985,0.5091638864050656,0.4755712132431585,0.5103735768275418,0.5339320647732335,0.47520342857742615,0.49603330629192666,0.4547248099092228,0.45086776929471495,0.5303879938026015,0.44816342971874257,0.4742434242887346,0.47340592874991977,0.5839435981969764,0.4518824805083233,0.4842077456324474,0.49196044665468547,0.520863609264395,0.5020670250152705,0.6173747871570451,0.48210814918281714,0.4634978371961098,0.5406549913430009,0.43617242358292635,0.4256791417873315,0.447907754675617,0.4570620129340704,0.4145774533475659,0.4519590811190536
