0,1,2,3,4,5,6,7,8,9,10,11,12,13,14,15,16,17,18,19,20,21,22,23,24,25,26,27,28,29,30,31,32,33,34,35,36,37,38,39,40,41,42,43,44,45,46,47,48,49,50,51,52,53,54,55,56,57,58,59,60,61,62,63,64,65,66,67,68,69,70,71,72,73,74,75,76,77,78,79,80,81,82,83,84,85,86,87,88,89,90,91,92,93,94,95,96,97,98,99,100,101,102,103,104,105,106,107,108,109,110,111,112,113,114,115,116,117,118,119,120,121,122,123,124,125,126,127,128,129,130,131,132,133,134,135,136,137,138,139,140,141,142,143,144,145,146,147,148,149,150,151,152,153,154,155,156,157,158,159,160,161,162,163
0.0,0.8791226015565268,0.8056727593650553,0.8143051219540002,0.8375388782531119,0.8177218483406652,0.8396971005327929,0.8034050661142049,0.9168496363160326,0.7962631155673046,0.9139824466941763,0.8824598573643755,0.8769639793213572,0.8230634569908938,0.9089551775911073,0.8543453430592128,0.8574220716117947,0.9624147560674721,0.8955257100671722,0.9379798873708662,0.864182859424325,0.9014083638639824,0.8258400081507052,0.8571690110840903,0.9133115127030772,0.7805136792462739,0.8105558471093611,0.8367025200371797,0.8038557304578973,0.8782186363307981,0.902570160720066,0.8874456102262192,0.8521919073641006,0.803932712193973,0.911574752423905,0.8645810894828162,0.8834159938266214,0.9047528037985793,0.8674867649968331,0.8745048065920333,0.8612035208775924,0.816968964514568,0.8939700358061757,0.8727252535426279,0.873230253727943,0.8868744273698008,0.7838995770984416,0.8779583253434017,0.9019645433353757,0.9325004275401206,0.9250018747087412,0.8375349097369713,0.8359848080243233,0.8598477598372262,0.8923224088855497,0.7679993937815766,0.9426817248772081,0.8700281517249033,0.893118734676242,0.8961188809619095,0.794860856285195,0.7569642590943514,0.8715219912234718,0.7639091407348261,0.8709699116270431,0.8382435881967051,0.8308134989772992,0.831893245962642,0.8465875632397377,0.835157263628365,0.8942141750034774,0.8493199640774494,0.847369034716468,0.8820590806066896,0.8562920500358794,0.8261699108458774,0.7969780496038901,0.7828466548661992,0.847846145099472,0.6907577689997126,0.7613680374091922,0.8894842175423888,0.8833701234050849,0.7997137655390651,0.8995646841095075,0.9094273881727235,0.7860307344461844,0.9186719312713176,0.8324433463672362,0.8080189079332165,0.9277240996811799,0.8451323279812014,0.9462725700455238,0.8803112786941617,0.9077276872669873,0.8244653449826997,0.7688875571419398,0.7593558044899185,0.7338930612903558,0.8296080149984655,0.8214909894369545,0.7515543674170656,0.8036790573094386,0.7756370755104758,0.9105496289869177,0.8306648779547751,0.7906620506767799,0.8017989383170756,0.881722894611064,0.8353226206896803,0.8518211278972618,0.9050458558545663,0.8489501471687803,0.7869183574406805,0.9022441669714873,0.8612403559725219,0.8377600440197969,0.8908520159469799,0.7587160038689389,0.7261855982114527,0.8691841269646619,0.7330795695774975,0.831583387873426,0.8954427991009373,0.82211753104465,0.8629493714270016,0.7531962839799351,0.818071742983411,0.8096101186768959,0.8630977566657081,0.7883013629380375,0.787835403318414,0.7928436176600218,0.8646150407615188,0.8581408492419937,0.8141087856264586,0.8899683587530627,0.8896695915842574,0.8929112382069064,0.9290531738832879,0.8149143770748372,0.832954760854659,0.8935984796811532,0.8447241600599303,0.8816285647679378,0.8824734358707493,0.8782910141509854,0.7739329909429171,0.9080638823305691,0.6349726447804617,0.911898133463508,0.8576863289655049,0.8916807066557743,0.7943355283172927,0.8482043224893039,0.8714382256274197,0.8766204460065056,0.7960999308056415,0.8452178543206985,0.8213995326935813,0.6757557878024049,0.8880941705444928,0.9156751987266292,0.9393846171160519
0.8791226015565268,0.0,0.8177788230326715,0.8332556783083979,0.7797377333056875,0.8573111801692566,0.839547857468702,0.7410882379803843,0.8202003954643345,0.8338845867933748,0.83085976821196,0.885908987837176,0.8149964420770093,0.8284629513425431,0.8368483379098309,0.7844377157130816,0.8627751941234568,0.8263451533217971,0.8795349798065382,0.8644311080804332,0.8742726092203145,0.8768587359928055,0.7835856022019068,0.8765515010361294,0.8445920849846907,0.7200282567879395,0.7419983486181633,0.811859722562448,0.8598724729422828,0.7707378497035563,0.8145015764122066,0.8289930031681181,0.8765745446616172,0.8071166580039217,0.8637728914950754,0.870050495247415,0.7620826942843069,0.7996796234062815,0.8171186011605799,0.9061166509920168,0.9153868077597335,0.8457653330732534,0.7356675725515481,0.8379097931249985,0.8218384473954222,0.8301175488432883,0.792415763031526,0.7873356929472383,0.8204827965080559,0.8649247046803796,0.8633034933945973,0.8775916167849824,0.884088945062286,0.9006906541515589,0.8328693239286543,0.8649993753389971,0.8769930744486956,0.8060289837927177,0.874611743879413,0.8955680785151263,0.7689843432165528,0.7357346841855762,0.7953244499009365,0.7624678966384799,0.8151163495392793,0.7802053861249723,0.8099926121415673,0.7246664447760971,0.7096842571095714,0.708374336299286,0.805655137257584,0.7807226486073701,0.8298697631831158,0.8486085262782415,0.8363552193412057,0.7622113971441028,0.7323133621094023,0.773108394497482,0.753669956914136,0.6939222266463727,0.7959529433173209,0.8480798721591953,0.8447260304325331,0.7492757488262763,0.8663449257411499,0.8915429725918089,0.6767421274303161,0.7643597581671361,0.7782123440911836,0.8360962753512541,0.8307575938609035,0.8852046092210487,0.8791346251998476,0.8641734653435948,0.9121671272428485,0.7958450958742991,0.7645769011461829,0.8401947558803746,0.7399934207096424,0.8693917690202914,0.7697863753892881,0.653134499468654,0.7317884439977239,0.7617060310779061,0.8300266471814882,0.788690700143048,0.7830014563239616,0.821328991669862,0.8918217119332423,0.9005777040704099,0.8627690417751489,0.8211206576866552,0.8438755991563096,0.7106534669216477,0.8439009669350918,0.8964911746500654,0.8585978379689754,0.7588200633172786,0.8326415482941238,0.7345926832330087,0.8072963165519771,0.6527176666342295,0.8799433005186951,0.8613092013763999,0.7841554246848287,0.8329865357027527,0.8205788721635584,0.7750760382134111,0.8907994933092946,0.766184671817667,0.7952024758258179,0.7675820449553092,0.6884216694423533,0.8773060225075484,0.8144247052111838,0.7584448287895811,0.8136761481755473,0.8389144402990844,0.8171625248920369,0.7954118668647595,0.7634818856157913,0.821351416613808,0.9555672623412793,0.835249957455454,0.8167790325209608,0.7936200843318421,0.8519653713399632,0.7754966574770615,0.8749039778160991,0.6925328577076383,0.7982287861760037,0.8482086660753865,0.862990474777226,0.8486131887822806,0.8403024553576637,0.761042116598465,0.8238670426934959,0.8020737033132831,0.8321877250959538,0.7542664596133858,0.7071626734493656,0.8512900541895521,0.8906533675999451,0.8613739354696749
0.8056727593650553,0.8177788230326715,0.0,0.7987249331003639,0.7927435618663392,0.8962299694975069,0.7030632908366256,0.8268158580704748,0.7676848564567794,0.7894632748136096,0.8668650910063043,0.8294663246363535,0.8744449516102965,0.7009587351450915,0.7670101308331321,0.8871377118135934,0.8774203736708618,0.7919396951622228,0.7847992876165567,0.7729905800002469,0.9083866473106175,0.9077298718283008,0.6711744579604314,0.7977482302743577,0.7903807741773973,0.8186910739646945,0.7159723585494743,0.756787260745196,0.7352838449771341,0.7765863019329621,0.7226343436309851,0.8091381588854536,0.8039833407167284,0.6974897202531742,0.6963547548276661,0.7845228797517055,0.7949749139620784,0.8049738604198767,0.7734727701687939,0.8126450032103618,0.8129576781294291,0.8518409647324677,0.79261269077709,0.7678664093441196,0.805922328577805,0.8096764314524436,0.7585596630901534,0.82479819506473,0.7060522764283228,0.8197414570592091,0.8475376049703093,0.8726292389589101,0.7329920739338391,0.8535966755976362,0.7808957702889863,0.7650353929386075,0.816121252734425,0.9020898591228369,0.7253510211578517,0.7790934855541509,0.8271565202139346,0.7304323060792937,0.8988075650563748,0.6512483902173256,0.7257450807966757,0.7890163321977347,0.7884914574590637,0.824925809063145,0.7951612511091661,0.8084736559190067,0.8468782194886058,0.6353534508799304,0.8018367645366472,0.9016214650251558,0.8848148330738644,0.6220715912670466,0.8054622846762146,0.7694711227533124,0.7783100652159627,0.6664827982356647,0.8459663179174056,0.8090277205644112,0.8476278589820123,0.8068481468669333,0.8195081071787716,0.8752576744436504,0.7620968586604498,0.7096926818529645,0.7202069457294391,0.7781550934192768,0.8580806979298975,0.6937814890253062,0.7881525997928445,0.7293371378940242,0.8110785260191975,0.7606772547784608,0.7663328637068488,0.7309595563128825,0.6024400650711688,0.7725986434083939,0.6363362224267421,0.756215582298446,0.6960638471501042,0.7056096249237365,0.785933101041899,0.8739203638086385,0.8408837762789529,0.7960707689210973,0.8008448843688278,0.8305825715441275,0.7839468551750067,0.7664179150511584,0.853048601469332,0.7442101905443494,0.7877097544636389,0.8788436473262495,0.6998556597584864,0.7158339292808678,0.8489249399165397,0.6794988980431709,0.7528950078311946,0.7359126308306698,0.7509066362761017,0.8107559738734416,0.6240060186282063,0.7976517756695539,0.7832471892918087,0.8072666030323776,0.8104158608955279,0.7393751356069894,0.767033203905059,0.9415230524310544,0.6999587579404343,0.7634957475754194,0.7894409629898488,0.6717932972081136,0.7418809033055764,0.7163913720567608,0.7876891830719301,0.7651716991703869,0.7092613779364824,0.7658237186892933,0.7829025391694273,0.8047447545212935,0.7840572190289766,0.7354702154006136,0.8553861079451854,0.797437404993664,0.8187246606735034,0.6537946929966403,0.7414696080207693,0.6829786866441606,0.8155038755530825,0.859098215643164,0.8413253568501289,0.7888533079419254,0.7834250729274702,0.8663211711665619,0.6646890755459669,0.7166984279946258,0.6821914432382452,0.6631351580606458,0.8163670174349327,0.8195450750980686
0.8143051219540002,0.8332556783083979,0.7987249331003639,0.0,0.7123520369096166,0.8770867741490721,0.8159080517062282,0.8254758090461115,0.7488505509724557,0.7928334925026985,0.8645936989782287,0.8933300341103232,0.8156242211986746,0.7089200122399976,0.8103596853517668,0.7709879167285669,0.8009940853305192,0.7685463607351843,0.878859080525611,0.7420020257237036,0.8480609283308991,0.8130778820621067,0.7585049389286557,0.796934203444561,0.8643878783962365,0.7932513433142014,0.7518349398935165,0.8224455660650032,0.751770731576338,0.7176236798949495,0.7957398769248321,0.7971484598034176,0.9376332986515215,0.8191200300323324,0.7666796063500703,0.8214094352166013,0.8019012577232645,0.7566681218897112,0.8006689617486755,0.8345012356910264,0.8500078642380019,0.7761504170291528,0.7546518545268286,0.828867377405182,0.8324478041779152,0.7866429231620011,0.6479804861219542,0.7997989910971431,0.7737079796328893,0.7667380863081747,0.8831608161584119,0.8594591172363015,0.7255749400785004,0.9252338100493054,0.8628990508597143,0.7300563414521857,0.8069485578500887,0.8736805422237843,0.760677161031626,0.7878480148017469,0.8523549781389972,0.6792442324904105,0.8427438856746763,0.6233584088874188,0.715647868047451,0.7639049960324149,0.8548412985828157,0.7256128754526678,0.7087680021937711,0.8146807318107807,0.7808644756986817,0.6598692722918391,0.8398116437130577,0.8828419080004697,0.8212746685274026,0.6838252403688284,0.7988250167212301,0.7346910643730242,0.7856938022604966,0.6449493845653815,0.7474501528537407,0.8472481258394499,0.7644099729951094,0.7709611844095101,0.8547407504684258,0.8233577469886323,0.7918006149576186,0.7595324883170851,0.7741767276190182,0.7722410323043586,0.8445549322358769,0.8285098130775405,0.7950529975730944,0.7696436775209502,0.8414340725715063,0.8144518422433852,0.7459076391679654,0.8198714497193694,0.6221689284147264,0.8686299019769084,0.7005798095564616,0.7500947678039299,0.875113895402191,0.8107069937645055,0.811333066865202,0.7513147974340257,0.7920075815476805,0.785658182158667,0.7773228588085661,0.7955069156027806,0.9001957419116646,0.7849065460833818,0.918668913400442,0.7441638346105898,0.8168230635915769,0.8321411976885071,0.7679653273283916,0.7078252678134979,0.8808959016410559,0.7259831642300072,0.6826030653344451,0.7881423441787271,0.7530657203749139,0.8356445988712957,0.6553276457443735,0.85253254799766,0.7576144668373663,0.7661408804587625,0.8501360436635037,0.6942430891609971,0.688981029532049,0.7573378318951461,0.7317204503053151,0.8266871752095618,0.7828422191384367,0.6252511265121904,0.6872774192016291,0.7583737365694874,0.7877431471869547,0.7868603382155017,0.8480984570599632,0.7033612493376259,0.8534444837725284,0.8033267836857021,0.777219160739134,0.7968889000709671,0.7823209098753294,0.7335737848057856,0.7741056154078426,0.5909242400825354,0.8512762542761764,0.762703302075917,0.7908797737971677,0.704056226399192,0.9200229723192513,0.7930684827630403,0.8011692502817711,0.8487723372769047,0.8434325728779897,0.784219438782227,0.6552033118190926,0.7501809722626681,0.815622724497201,0.8232997858062739
0.8375388782531119,0.7797377333056875,0.7927435618663392,0.7123520369096166,0.0,0.7297031554268059,0.8324436293004378,0.6474152275516254,0.7763644918779488,0.7010074003155508,0.8546029969191282,0.81295077652423,0.7318288509204259,0.7093713876133918,0.8344515893188357,0.7885905355954669,0.772931678442909,0.7999105466319388,0.748687585367955,0.7624566332786787,0.8247779304975014,0.868887975367525,0.7435138708629901,0.8492618597402316,0.7782399866763275,0.7796893468149194,0.6839663015992149,0.6709446537298803,0.8042492617696049,0.83069181070828,0.7624587668105066,0.7351095204058941,0.7587206344713776,0.671628764036062,0.8021446304763428,0.7678730397309035,0.7943630525019431,0.7869258805942813,0.8000158291401428,0.810959019321728,0.8148495754906967,0.8111641169802737,0.7983818082094908,0.8845614069579295,0.7047548132010363,0.7183381540326467,0.8246971601349208,0.8840129736440829,0.8125308119025787,0.811647344533257,0.8142762883139798,0.7885102274298569,0.7021399476197403,0.7742370829767511,0.786826777319466,0.7254178478249428,0.7914809001713826,0.8050624421215776,0.744162730331434,0.7288682158197578,0.6392385771837275,0.6565630423363131,0.760619081174536,0.7142219765387577,0.7574370205043793,0.6644773132856883,0.6890791150921939,0.8212203109995956,0.730269820073922,0.6931956297414955,0.818714310865747,0.736077203273299,0.7069188234266065,0.7595645408249118,0.6959139449205421,0.663573007484415,0.7105762113105784,0.8799543191800038,0.6903816118853519,0.7222023111092966,0.7243736437784007,0.7746532772845989,0.8778739848613681,0.6567730226143208,0.7564485202454535,0.7733046611898319,0.6557203306920147,0.7320604231803255,0.6330210390218743,0.7207619523523978,0.9015619266605538,0.7423700477336879,0.8664756540970184,0.7130598401823197,0.8056175246032663,0.7974175697148818,0.6336085151937499,0.676688131582712,0.7093995558648155,0.6527240916639783,0.7223245962175997,0.6354594411586667,0.7048037126847013,0.717015912358194,0.7248723901093977,0.737918892163662,0.6553672506632104,0.7179038312866475,0.7888590208078302,0.8255290258073873,0.7963419477620272,0.8328979615569857,0.7012143086384643,0.6551826966027254,0.7347347466192987,0.7764778622879884,0.677926097348105,0.815944851094533,0.7395577002021826,0.6510770958552773,0.9144561801959186,0.6291776768449503,0.7604451774708471,0.8332015275068587,0.7769052265325125,0.7785737444940815,0.6501874722791855,0.7466807271050752,0.718838062937876,0.7777303618348969,0.6827977650624141,0.7351574487724456,0.6423843317607992,0.7865949655079354,0.7634274402156997,0.8000613430840726,0.822117771313654,0.8480760924713675,0.7653613511143312,0.7944925376157373,0.6919158760422562,0.7772756837656815,0.7547694611085857,0.7531751046553863,0.8699118806114408,0.8013951888898475,0.8691322371165061,0.6982825987981908,0.7913924199747889,0.6098518334838313,0.7488380813093868,0.7375453647349075,0.7864196232683318,0.8089990988969507,0.7773889125674975,0.735868959560066,0.7546878242703009,0.7715596944447678,0.757300915731098,0.7155846125585967,0.6132178607908412,0.7726028230850619,0.7917236362382424,0.9218361080469037
0.8177218483406652,0.8573111801692566,0.8962299694975069,0.8770867741490721,0.7297031554268059,0.0,0.7441143778251277,0.854512994037819,0.7631377185493674,0.8231852936776152,0.8435266945786603,0.8864890180412834,0.8852949508969558,0.7252539931341245,0.7566973479233472,0.8679256476635187,0.8741711164502766,0.7579273211494878,0.8459138343939985,0.7575265000350324,0.8834464351458751,0.8197471893108511,0.6985257010677498,0.7681035369723128,0.8369175519399384,0.8067232242087313,0.7200724054417975,0.804824702399508,0.7630322672752815,0.7828906318896903,0.7701739110754247,0.8792060676674623,0.8768242434018092,0.7938181104516719,0.7231640572247477,0.8228901401416964,0.8090757521893283,0.7890519041147434,0.7785660261070211,0.8026025447908491,0.8340066759291931,0.8250030874049161,0.7685355291097343,0.7997796395551773,0.8341968654537536,0.8345262946669869,0.7561168067460655,0.8040513407389784,0.7245135287800732,0.7982954820823847,0.8843912416487762,0.9159132921697015,0.7646304213037358,0.8893808220246316,0.830539595347576,0.8429767271706052,0.8256328718239526,0.9263414028707289,0.7142016042931302,0.8267644757633951,0.8677023170652657,0.799079789519085,0.9064078207060425,0.6349753768797476,0.710548912551029,0.8083981356654466,0.811945732640726,0.7796009988924955,0.7268467764858655,0.8080073678433594,0.8205167640265995,0.6524104837814244,0.8311875585010581,0.901665944488527,0.9021371401822132,0.7029241266720315,0.8153061769987405,0.7771951443194343,0.8067479187872473,0.7382062923488448,0.8840728284531737,0.8146694122181876,0.8420827205083996,0.8444232636687954,0.8763470093780801,0.8704909882737265,0.7949834599221224,0.7425392871868783,0.8208966733234888,0.8083360611928209,0.850698881819918,0.7945027706280676,0.807558596997724,0.7877225665585065,0.8139364868277481,0.8066296395170968,0.7861125852515526,0.8288465828898309,0.6378826231936365,0.8823100220379899,0.6805853636868343,0.7608946982380764,0.7711800526823324,0.7505894279179272,0.8334320560815668,0.8663865465065977,0.8710968835189835,0.8086905678609768,0.8150049817659144,0.82180791845818,0.8443898295014758,0.7630394619750813,0.9507196623447176,0.7659666750226671,0.8490663499613816,0.9014048174243592,0.8005229840107384,0.6934374769430415,0.891225042351168,0.7540578952642156,0.7050212369968183,0.7898008426636001,0.7877418082289879,0.8617892363081575,0.6354538946981338,0.8608879609816598,0.8535384591933715,0.8251521910927869,0.8845197735642604,0.6994681555120361,0.7941939950471008,0.889624642274343,0.7390643843433724,0.801338092179393,0.751624144719551,0.6405828961255741,0.7451211423555475,0.714379537742312,0.7299577926810327,0.7767233676078283,0.771288506778932,0.7960108219580884,0.839240733040008,0.7995050031454157,0.7818133016509203,0.7676562038716599,0.8211453697982527,0.8344408444065713,0.8141721143447707,0.6802419118876513,0.7833013990720356,0.7584531746793838,0.7754216849423807,0.7753825502300457,0.8968411005678146,0.7753078522146334,0.7814984576165475,0.9177715570545871,0.7210062273614218,0.8042045779011913,0.6995432151414417,0.7386535993530575,0.8587857867043873,0.791491634318948
0.8396971005327929,0.839547857468702,0.7030632908366256,0.8159080517062282,0.8324436293004378,0.7441143778251277,0.0,0.6581912668922372,0.7286942069027782,0.8079204288095201,0.8358720307602204,0.8833089231412524,0.745512720737318,0.7080529955797652,0.8601858911132529,0.7403815260839381,0.761562856481327,0.7933980201292825,0.8440097172974733,0.7493265229219408,0.79065683799147,0.7867516819211698,0.8957174479532168,0.8857678332834481,0.8801681153105523,0.7302864930571366,0.7385306640718488,0.764281953817003,0.8541892336938123,0.8050016405886607,0.8079859808207496,0.7840558742278345,0.8298793059678433,0.8122351832305836,0.8169396763207317,0.7515412242121099,0.8076648565009746,0.7082293423799021,0.8050898287075097,0.8878703366117887,0.8131331852118404,0.7655293353728234,0.7520980824320772,0.8783304104168944,0.7430606042171243,0.764168855755193,0.7440678785257294,0.8222444349921549,0.9318179214948782,0.748098020349441,0.845828180996866,0.7665342862439029,0.7238468967613972,0.8160536157090647,0.8474639651425293,0.7428031636745397,0.8022066338995388,0.7671612810450075,0.8200125949498362,0.7706013651617885,0.6745137237652298,0.6202391009965349,0.7070954713005898,0.6488742233195521,0.7385641829613376,0.682601104451439,0.7544518218500713,0.7437998489673219,0.6555120711745739,0.6878156600969401,0.7423951580950229,0.74196446300317,0.6963785871554505,0.7843425459716428,0.6800090597169692,0.7911929042598188,0.7426366785924524,0.8620670320522709,0.6941766404034638,0.7493375852455427,0.6916719744437755,0.7617541468362484,0.8499709731205907,0.6363824161160617,0.763600930217264,0.7363334330904027,0.6554987235920045,0.770104207112234,0.7327488962177383,0.739219414601629,0.8266488429270274,0.8359321481279982,0.8731303278842357,0.7922861195563935,0.791045787355602,0.8221221673384232,0.6168313680120013,0.7371732729429626,0.6635684351805337,0.7641599689544252,0.7724808478301923,0.6442397065912895,0.7767947206873379,0.7836930301755974,0.7099197900128876,0.7014853564964387,0.672870769727654,0.7559221368844201,0.8358430201452972,0.8678879021502174,0.9018317535947612,0.7667958001579604,0.7396500091535333,0.6549328207722602,0.7545067512557776,0.783638280482023,0.7915113473872856,0.8376086383583728,0.7548152613940126,0.6471473748152936,0.7792260956888575,0.6272005461084172,0.7545021832217933,0.9043744207280411,0.7363971663432497,0.8541824258404676,0.6424114688034361,0.7323598626858421,0.7591811917060431,0.7242102265368611,0.6605023161316186,0.6422451126838102,0.6694358262622989,0.7588992797070298,0.7398080755222836,0.7186375669808359,0.8131304922591552,0.8527054962869539,0.776881763583756,0.8154991990550686,0.768982788769102,0.7203164705453728,0.8335355557312616,0.6952045924343079,0.8282673291890155,0.8214273452802672,0.7656562660891021,0.7481591565275342,0.7932950474516861,0.5587636657100027,0.8000017932971668,0.8356562570431031,0.7676163542949963,0.7695114259204195,0.8397297602495171,0.7450541115840467,0.840245058982088,0.8113861502234949,0.8921186072753717,0.8102651228421823,0.6539821650693077,0.8378754119657265,0.7912763074359522,0.8684731334711353
0.8034050661142049,0.7410882379803843,0.8268158580704748,0.8254758090461115,0.6474152275516254,0.854512994037819,0.6581912668922372,0.0,0.809537212297348,0.7435693124207846,0.8291911136286567,0.8143192597018641,0.9063209150217197,0.704601702296126,0.7686836655688928,0.8447806111165853,0.760519880681752,0.7707120722834084,0.7781726896554652,0.7774114176789793,0.7849664435216376,0.7920017400781876,0.6592881676594513,0.7003288954303519,0.8115668498613238,0.8240152114292453,0.7828437303469478,0.7695856991793772,0.652529293851338,0.737842019419151,0.8243413923771059,0.8422095945786027,0.8204114379341033,0.7588912825577004,0.7017983838284565,0.8062329257919342,0.8702971594887516,0.8355332972778129,0.8074326575765262,0.7252482570305194,0.7378297517622572,0.6988712698015294,0.8367148209269247,0.7241402085361718,0.9312333739010227,0.8467250351173908,0.6342091022123383,0.7967961033313463,0.6960759134101615,0.7940695504347981,0.8397173274848583,0.7628470240417531,0.6717067894412303,0.8190256684440659,0.8345044650356791,0.6989242034850837,0.7937844504251679,0.8884031083267631,0.6864691864864391,0.802107499454871,0.9542527336419585,0.7879472085736571,0.8854552903365763,0.6271591649832341,0.6958654521514345,0.8394203351173681,0.902881919695861,0.8030655091121038,0.8056551783725193,0.9487648778212464,0.8469418419824775,0.6622507110400974,0.8052417454870252,0.883139884003579,0.8779626416972545,0.6754132382722874,0.8627252376794124,0.6740604002235386,0.8907289217554702,0.5997587342475929,0.714684590564657,0.8236640980328849,0.765044550005853,0.8977190755001444,0.8154034430090813,0.8738002577690588,0.9596402793055406,0.8200841886029495,0.8433991892610194,0.8404586879233952,0.7942269896452282,0.7249528700342315,0.750344570994734,0.7342546012182829,0.7494086825061232,0.780123238713308,0.8428600571462002,0.7203434445663677,0.596775983448156,0.8430568670186532,0.7098964775324318,0.9248467370537875,0.7871734255931542,0.7107795215005633,0.8691671103878791,0.8537407995441193,0.8689894321332854,0.7200078377840256,0.7424291330821979,0.7094236678439274,0.7496977456962545,0.7673137750328703,0.9053897287537529,0.8416033112242296,0.8327089219090837,0.7811875261756674,0.6811951736390571,0.7158208912433376,0.719593192815635,0.7159247751255025,0.6686763002017981,0.9200864710155997,0.6774712641340045,0.7762452032516111,0.607540861631336,0.8282710026092811,0.7671171593310632,0.8820360736846432,0.7716463688365921,0.7581745523671201,0.7369199627560218,0.8458907721293091,0.8734556643967682,0.7581420717214239,0.804497348795052,0.6171471859136032,0.7139887899256374,0.7016580714668652,0.8048079487867833,0.8401634368259004,0.7815543962193738,0.7361442188966293,0.754106318418707,0.8005274535728617,0.7764970572834219,0.766395589571961,0.7936682441190316,0.7575235617649034,0.7781037981591393,0.6083265250705895,0.8546732047062778,0.6596244405372775,0.7582459823184324,0.7165956067212514,0.8246227607234707,0.906720692156637,0.7801607674816635,0.8085262263642895,0.6831635792116069,0.7515500465526568,0.6178735801460602,0.6617456205384155,0.8373251648245272,0.742381496886489
0.9168496363160326,0.8202003954643345,0.7676848564567794,0.7488505509724557,0.7763644918779488,0.7631377185493674,0.7286942069027782,0.809537212297348,0.0,0.718304823853942,0.839021295600524,0.8036534417615324,0.8017886495107941,0.8153751291257119,0.8452830101713471,0.7755970706369127,0.7512687701157342,0.8728270825097649,0.7872514596393293,0.8806240101801299,0.7733743578355932,0.8821180673058973,0.7088154748996143,0.7476605528396902,0.8147873833062812,0.7166332247111716,0.787242535512998,0.7378554638528215,0.7183211245241264,0.813269633076707,0.8823628388116054,0.7892268236819396,0.7909987297227487,0.6999064096372045,0.8769557512217064,0.8451585525541181,0.820327554346926,0.8975844163582075,0.8242085287824128,0.7456404958649948,0.7818284601589581,0.7950434246393531,0.813787973973404,0.7864201736890767,0.8312635642803218,0.7709419608117241,0.7064901502284362,0.7992483600774525,0.7719715004323704,0.8800349249039999,0.8136981137970526,0.7451539501608913,0.7596780675672812,0.7886585061450585,0.8074522522216645,0.7588869431963771,0.830846208444653,0.8255024509960235,0.7897285989536291,0.8152282084573141,0.7651585012593386,0.7440042794296935,0.8032478740243091,0.7777257253359622,0.8089601649517448,0.7502390527141083,0.7999539609369292,0.7900906648334475,0.8388595454790052,0.8326998523620428,0.8640895369328323,0.8017778896805801,0.8335258497038731,0.7906594288220649,0.8204691109206961,0.7083685668725272,0.726765268998645,0.6934318314474551,0.7728556592544115,0.5832642204137441,0.6717587209341784,0.8866543451590356,0.8143608651811577,0.7714365873169073,0.8088833900112925,0.890450657334339,0.7971810923123155,0.8634175275791921,0.7474672485421644,0.8387545974876409,0.8641224208931871,0.8213566491261365,0.8354013242708654,0.7579058082790704,0.8631408755483923,0.8009729908193,0.7790062230483523,0.7178801267113699,0.7547901581836965,0.7446110072914922,0.7848148594456262,0.7286040902973964,0.749060996199046,0.7266164500903517,0.8889432487333686,0.7477749856525273,0.710998145225909,0.7265517662741441,0.7492960520290466,0.732649632026644,0.7421894824636792,0.8709369125455623,0.7977024431150539,0.8010763392836469,0.8006381139598716,0.7772731068317165,0.7092000969427006,0.7988807633275847,0.6742025417629723,0.7538480106514974,0.8159691817159479,0.7450455893871036,0.7495916942134145,0.7667010214344218,0.8279739548349645,0.7656701467798341,0.7363695604150781,0.7946346475349592,0.7288548496422773,0.8247611704853998,0.8164846032153055,0.7620280628369293,0.7745609521320599,0.8835775603636178,0.8365502040109873,0.7649992778580158,0.7865285760188012,0.815449121388819,0.829309293059105,0.8613691790050896,0.7623682432908186,0.8085555654978156,0.8317258137706093,0.8838593697694108,0.8186925243515906,0.8291927466645688,0.8893274422100458,0.669067478327018,0.8364911766826495,0.639501903732674,0.8611766927631774,0.749518114212325,0.8428413058341951,0.7435532837996371,0.7602154158100227,0.8536658290443028,0.7704613693460521,0.7073506412490076,0.7710012667182912,0.7052993455733952,0.5904725093715588,0.8098792118153469,0.8977481118206893,0.8689681074071409
0.7962631155673046,0.8338845867933748,0.7894632748136096,0.7928334925026985,0.7010074003155508,0.8231852936776152,0.8079204288095201,0.7435693124207846,0.718304823853942,0.0,0.8060463299495212,0.8228886608134498,0.8393412776923878,0.7321635547635581,0.7361549344878349,0.807968350573453,0.8215930300309806,0.8028126443665005,0.7917805667668654,0.7253384534818081,0.7475947665705351,0.7571861599600876,0.832648403323098,0.7432939425887392,0.9000799913595874,0.701523474068963,0.8154840299748739,0.837647198436327,0.8605066672022195,0.820279916575326,0.7317268463621694,0.8377420369787605,0.7917033686489277,0.7740830153739687,0.7210979561323051,0.716880204596317,0.786228056308538,0.7317475472771655,0.6916134594591483,0.8240894551029244,0.7445388807221193,0.7865897233913539,0.7171962291450095,0.7306853464265322,0.7636298403374092,0.778931645895517,0.7344262342630974,0.7356855573686062,0.8140257994634451,0.702242295873246,0.7751028943771157,0.750029497965452,0.7097603006676851,0.7564849266064197,0.7875678341818299,0.7973281959151611,0.7487012135627771,0.8042120691036566,0.7688110015994921,0.7593596806068189,0.7328313148673986,0.6586396780151449,0.7376254811616811,0.6251220380204021,0.6466809868958276,0.6937862309904598,0.7327851777860821,0.732955996315636,0.7523570334163567,0.7602522898666211,0.6935879933186317,0.6772159058930682,0.714735998247744,0.8004571001889109,0.7901394155331151,0.7681233022929831,0.7352625695566899,0.7851660635642662,0.7139753348882029,0.7098792975998212,0.7621249226910549,0.6856695656014699,0.8330350987149199,0.7528373377244674,0.7416594010957723,0.7726199434818822,0.6939086452434481,0.7415534221187428,0.8356384069069395,0.714143091401307,0.7836108549654344,0.7377817643320497,0.7952893432358941,0.7315953523038836,0.7283645805155067,0.7959671147969304,0.6207935512252213,0.7639323200870458,0.5984752139233853,0.81092036330411,0.6838756363143373,0.6714339603204589,0.7147821692248835,0.7936687886940782,0.7196991138446802,0.7590679099613121,0.723347832547188,0.8799570097673162,0.8096283719685365,0.7868448225314228,0.7714646922138827,0.6740383642251687,0.7857574397051673,0.7525327601279207,0.7686218232364923,0.8365238440677729,0.8310253314586343,0.7633708226737889,0.7873233713179043,0.7144306775244006,0.6566768522938511,0.679303358961658,0.7121772883916442,0.8168773281870999,0.6204604708899747,0.8473485961405701,0.6804344908429099,0.7226373208153924,0.8127383538189273,0.6943650912670005,0.813595607004693,0.7021197848832911,0.7007725125178961,0.6753974914547685,0.6650225874470799,0.6159580139541612,0.7793007470003794,0.7215233003527118,0.7788952277463352,0.7478486410277634,0.7744715774317267,0.7356778367990157,0.7682377399141698,0.6734803883043332,0.7355453333557055,0.7568714502011243,0.6962091504457154,0.834060133220266,0.8714899690907217,0.6227440939993476,0.7121614148663536,0.8194837850439312,0.7204955034118247,0.7935290068154319,0.8363202844254682,0.7160407881424836,0.8014815922962454,0.8451469679418324,0.7655375691784699,0.793444657400149,0.7720638985263754,0.7620176565904666,0.7964748083106205,0.7415045847894988
0.9139824466941763,0.83085976821196,0.8668650910063043,0.8645936989782287,0.8546029969191282,0.8435266945786603,0.8358720307602204,0.8291911136286567,0.839021295600524,0.8060463299495212,0.0,0.9191870680612283,0.9000598373589341,0.7689458828182455,0.8537900447293254,0.9215113757603173,0.8864863824778465,0.8809716968580514,0.8820370351234897,0.8476613756464066,0.8883054247652471,0.9142621321189089,0.8254809539881409,0.8482831605201482,0.9049807049024793,0.836993534663925,0.8478935883520914,0.8562738385970327,0.8113199125634379,0.8883933124972502,0.8373025445841327,0.8923692706293846,0.8414106094954985,0.8081077540537078,0.8158905124458881,0.8420915994693133,0.9068494009556971,0.877025898024279,0.883249075079667,0.8764156919008491,0.8179651691400022,0.8373038521454585,0.8686097664002667,0.8544346111412194,0.8602250462373823,0.8317908462169378,0.7092998940069994,0.9109968172107044,0.8812029512917525,0.8678749353712913,0.9281975850423034,0.8188353596769674,0.737752312723094,0.8828205451933427,0.9279337355465188,0.7170489372494459,0.8980825834634398,0.9461035546762443,0.8103688004436617,0.8493423458907218,0.8352427131652487,0.7208375248422558,0.8683713244858589,0.7042814584424655,0.762923198135522,0.7839165704807941,0.856849419553873,0.8190854800865958,0.8369641223418104,0.8710512109224813,0.8526506602027382,0.7430266014327149,0.8481520456545242,0.9291868090875705,0.8655217378381505,0.7205073113002928,0.8907920706537357,0.8363835325243644,0.801273947821054,0.7014741042363729,0.7295972213862435,0.8456945977582597,0.8671477084004158,0.7917051294391875,0.8852776556949613,0.8609886113642256,0.8282524354226953,0.8505305565303678,0.7884881963368731,0.7882472755195123,0.9511033236137215,0.7704831719861476,0.920335555466413,0.8073569112696922,0.8707295572753198,0.8142542897330857,0.7369433223695258,0.7188868678819247,0.6683468605463689,0.8021762836517865,0.7719955148334013,0.8076073958032601,0.7917703749375204,0.7397056607120871,0.847539358920945,0.8229163297052164,0.8077789600470978,0.8087678710490833,0.8172156264880283,0.8383633155333959,0.8889956103816192,0.8733759240647471,0.8629556601642179,0.8457998239235722,0.8338837256601419,0.8677931700932756,0.7487595639304006,0.88140939750239,0.8027722381297369,0.7178927551268652,0.8318534933200109,0.7652113530705582,0.7769366290252745,0.8869279863510209,0.7169462722783383,0.8758109828776006,0.7465977708170234,0.8502358255794892,0.8118206697189744,0.7859364198048853,0.7491261074228925,0.836684631817688,0.8215220705919064,0.8362552460155355,0.8428246960946483,0.70561495441428,0.8030823211176932,0.8196913161429333,0.8777920217827408,0.8992317605011225,0.769926239623312,0.8277280895384806,0.8439532983683535,0.8398064112955849,0.8900364527363566,0.8307833952628044,0.8513766971149557,0.766742159587491,0.8516191676386722,0.6410465104421917,0.8823025049867033,0.7655755770679128,0.8990882260632834,0.7854274997686567,0.8702780910104013,0.8600925304846576,0.9049710783053087,0.8481525246990815,0.8012413207365777,0.8589488735578034,0.6162418722172696,0.7799335871606731,0.8368731624365391,0.9412479030364853
0.8824598573643755,0.885908987837176,0.8294663246363535,0.8933300341103232,0.81295077652423,0.8864890180412834,0.8833089231412524,0.8143192597018641,0.8036534417615324,0.8228886608134498,0.9191870680612283,0.0,0.8494175644463715,0.7196008072230746,0.8649055349196778,0.8544376166312174,0.8457693638185836,0.799148098024844,0.9284558630889649,0.8300556717155082,0.911498486612813,0.8635499065637268,0.8279796858947521,0.895553655300734,0.9346201706509092,0.8256936939242218,0.7626640132528515,0.8230192990571711,0.8094976454727889,0.8299422274656965,0.8746195301341886,0.8789550418084963,0.8861421143083819,0.8930116487723639,0.8188772478684964,0.8577148755410867,0.8799649510153014,0.7994796683533438,0.8996113878137297,0.8724216147612113,0.8623568501151235,0.8285217469552306,0.8290756193693294,0.8987773902795643,0.8776415309588597,0.8439231047689005,0.741381945930248,0.8964653996208161,0.8702544134769509,0.8341108375285152,0.9284071678606057,0.864671134568941,0.7366739982466329,0.9248758868812627,0.9206632107826455,0.7957919516929387,0.8801702027563346,0.9140573100270855,0.7888977071163015,0.8478053014619724,0.8213977985278516,0.7097179129876925,0.8351288066672495,0.6796111669640362,0.7617623446682668,0.7840977640993343,0.8592392792238044,0.785037276065917,0.712897204877289,0.8009628865586631,0.8361588025101605,0.718803688328401,0.8083623577242574,0.9011017355477248,0.8118442568243444,0.7446895881007086,0.8465656980492876,0.8372778240796883,0.8080142195272507,0.7225345589177875,0.7536338727051928,0.8629516044525106,0.871434614086193,0.7517802501632991,0.8879489973616785,0.8644983024551733,0.7946000270107917,0.7999394185700474,0.7975389360136943,0.8537945091949947,0.8832453855498,0.8656989386015049,0.8846288513513851,0.8288867497985026,0.8347468628148125,0.8615493603098745,0.7482296891544286,0.8286198900252505,0.6702173153171541,0.8524706524610345,0.769965476028267,0.7722983308100675,0.8359386803251574,0.8031359960147397,0.8197692069837379,0.8215798190975865,0.8154026176962414,0.8170167880917436,0.8392463836015829,0.9189633828564874,0.9632974536845439,0.8488465860573876,0.8730812478190347,0.750661477874422,0.8264340174876358,0.8609655754142527,0.7977336813974708,0.8291275123304479,0.8419956518275228,0.6989575442798432,0.7875891412508389,0.7392529623135279,0.8265460198543357,0.9241352126190304,0.7107443159825778,0.911691433831106,0.7538268496899176,0.8566730083702212,0.8688215738839863,0.7396955251398046,0.7300286199935704,0.7902915870839563,0.7534941491422411,0.8473085830835132,0.8510029405758603,0.6934213881149901,0.8249038444521527,0.8214821323433604,0.8317666762239795,0.8835901379679088,0.7777301782813396,0.7938067592042762,0.8840327931453531,0.8107559595920101,0.8906936912016589,0.8684765587328349,0.867986747560442,0.7726917974154472,0.8713024749428822,0.6291188053786116,0.8926452406185439,0.7774051926776522,0.8486251673236311,0.8016231759272404,0.9477237907769375,0.8458882927228687,0.868135155767766,0.8960343324842739,0.8123239951859019,0.8264370323634432,0.623835162857263,0.8021623022254317,0.8833939176423864,0.8988640065117327
