0,1,2,3,4,5,6,7,8,9,10,11,12,13,14,15,16,17,18,19,20,21,22,23,24,25,26,27,28,29,30,31,32,33,34,35,36,37,38,39,40,41,42,43,44,45,46,47,48,49,50,51,52,53,54,55,56,57,58,59,60,61,62,63,64,65,66,67,68,69,70,71,72,73,74,75,76,77,78,79,80,81,82,83,84,85,86,87,88,89,90,91,92,93,94,95,96,97,98,99,100,101,102,103,104,105,106,107,108,109,110,111,112,113,114,115,116,117,118,119,120,121,122,123,124,125,126,127,128,129,130,131,132,133,134,135,136,137,138,139,140,141,142,143,144,145,146,147,148,149,150,151,152,153,154,155,156,157,158,159,160,161,162,163
0.0,0.2983986120308057,0.27449981461522116,0.2528295523322926,0.2933232243402602,0.2854450760721286,0.27052326161702206,0.27758633756764584,0.33906437645204857,0.2692742066255205,0.30602732942404276,0.26964079616406983,0.37553831201504523,0.2766436008593269,0.30169898001138606,0.3102232857469114,0.3155742211572473,0.44120904169129477,0.3050682830437867,0.4469261031246872,0.3311310424598968,0.3250371923136901,0.27588324637634676,0.3115434235088353,0.3603277837068396,0.25725996776935295,0.2530110974240826,0.2940206535129709,0.23449430593366888,0.2751077686943451,0.3253528152397831,0.31975480258671585,0.2641871870342324,0.2755654964394482,0.36575906681375275,0.2780374853832074,0.383087153375393,0.32918410209909577,0.24482565445120139,0.32674542189268446,0.27241780955590184,0.2887359462876629,0.33113752708796096,0.3114064586156882,0.30871406641664184,0.35506257513775846,0.2835729266581801,0.30047735338549497,0.3525865013772971,0.3588442485466557,0.35205764524536926,0.32991362987417366,0.26936643251092723,0.276002789331517,0.26099053360633717,0.27586714988045385,0.4289876459432322,0.2869180161902066,0.297771235082466,0.33680249686244457,0.2673134546071144,0.24160134938115024,0.30395170429962803,0.24288381478877155,0.3006022814129821,0.3158575331151383,0.29861227550499186,0.3382608225403795,0.2784473495334603,0.327434365201737,0.413419206634156,0.3131515991655111,0.3070915245616162,0.32485363074757956,0.31193719387251934,0.3298469276945019,0.23793063927642713,0.2790524874916227,0.29581277960688024,0.242953905811132,0.26972518583744837,0.3703463179900222,0.31057447186269127,0.28245705159949686,0.3038373174239408,0.3622210239430283,0.28953549960191105,0.3485612130207766,0.34799125367535344,0.26549616847117297,0.3642579616232621,0.30540662824590054,0.3311213367461807,0.34025261897248715,0.3102005623625475,0.2761417841978645,0.23088929068905836,0.2635670459999521,0.24485281592934113,0.34506754589178823,0.2818074949014398,0.23446123168218927,0.2637911466939102,0.256498435564812,0.3523859301752648,0.32315474227749724,0.2747770742209904,0.2917389156056885,0.31471552924687335,0.3011242582479695,0.29856803498728873,0.32519241931957205,0.31443253138426835,0.26351609365079187,0.3159329241587084,0.32706103548927035,0.31065977289176466,0.3030216247223239,0.23996509964835883,0.2648570605250548,0.2975574774157332,0.23671478173982735,0.30488713553438535,0.38026533514838967,0.2793602327581967,0.27698495827700265,0.24213484671778743,0.24403117634767185,0.2465377760999401,0.32459446481657667,0.2527704524521078,0.27143843023872205,0.25942672818785667,0.3179453604704224,0.28932717289744914,0.2620657631248419,0.32962373944772677,0.315834048374986,0.29638615583770983,0.3466303479244839,0.2521618160012487,0.27529983311774714,0.3598553817930635,0.267159932355666,0.31560435074755777,0.3300586063052448,0.30611099355696825,0.2568472826306367,0.33249602789040245,0.18038014132390612,0.38112214467840017,0.27797545167993404,0.3316761727795568,0.2218359512184345,0.3051371491601357,0.3527323587241323,0.29818550811937,0.2917432485596409,0.2814675881245569,0.2926474037247251,0.23632805150499342,0.3594798006530009,0.23199942671043677,0.4273204322843456
0.2983986120308057,0.0,0.30964403012205355,0.26225645555933574,0.25802252670258036,0.34428344604770916,0.2965598000882416,0.3359252941897264,0.2722546467992492,0.4018335909321166,0.29167029565196756,0.31762718894592973,0.30843926852411174,0.3095251257617966,0.29662264171442154,0.2861085388371431,0.2880937159256292,0.28610010793305446,0.29810641368349655,0.2934339271734735,0.3079578522234999,0.3662402924200613,0.2882830825819393,0.31381647204210444,0.36170938859958335,0.23527337042777044,0.25085554182126335,0.26762283604482423,0.3508792386676092,0.2514847677567612,0.32484460572705365,0.2997842247456672,0.3148289773288447,0.2501863659169541,0.29560733442820164,0.2843147812816888,0.30773468192732856,0.28487428331066245,0.26080064911630024,0.30901807622474586,0.3139930984088331,0.30583688557501176,0.2326509718972944,0.26898468570175804,0.34792951879137,0.272044658723589,0.2966185096923975,0.2619686184921865,0.3054357285143566,0.261119008234125,0.28996713945392655,0.2806028834996142,0.27710711202521127,0.34883005452870064,0.2894741815248789,0.3204466854689129,0.2826691329776222,0.27630073725399507,0.31174844341569036,0.30786222437994887,0.2956859407192574,0.21142647128517678,0.24203193019964905,0.22796054567726892,0.23112578125421182,0.23390733741531733,0.2773132076505777,0.2970051195943882,0.24992242542994317,0.3015229288243961,0.28281930227540336,0.28083901892382623,0.2342405157135082,0.30098102017927775,0.2917848446274987,0.27065859177462115,0.23340395409050413,0.3495447979175844,0.24773922378788812,0.23258845962394978,0.2658724890167816,0.2762065164599679,0.39228745362650386,0.2623610715470989,0.25298864467905746,0.38537226781378714,0.24942183866885573,0.2496666273027339,0.27668468684669056,0.29533810729350624,0.26150672076558007,0.3030534335251848,0.3086124994929145,0.2659667674159878,0.28990377636243897,0.3691689887678337,0.23809591233339916,0.29929102728928325,0.21746651238213183,0.3069008974786653,0.27052465957382843,0.21742693479091044,0.21185701146204713,0.2925995995772377,0.2628945405250303,0.2739355650910603,0.2405045203806818,0.34633805388454203,0.313647368468045,0.3758630660382935,0.2741771199851497,0.23799981413908627,0.2705896385859829,0.24227904927982477,0.28478507240116807,0.36396219697880516,0.28930034158633927,0.23869982398771555,0.26385446944494906,0.25304887374102175,0.257692304613207,0.23065023493717246,0.2700189596782611,0.3604655670846345,0.24705341196274874,0.3702656708675239,0.23426219789826072,0.3080248800583184,0.3179117803841184,0.27141624101764555,0.29640721400246317,0.2561617616617081,0.2335569372045842,0.2798057832362548,0.26762957416817873,0.230874701842406,0.29827262094515844,0.28725282757167764,0.29256405000109187,0.2719812606659494,0.2708807605248312,0.2978329680339285,0.35881940387286765,0.25718327090187837,0.3035253462674992,0.26354497359245505,0.30754518339532555,0.288138213834351,0.38526685680025496,0.19926863475353787,0.24909121226163983,0.31248853776762625,0.2575481744215153,0.30449537007613076,0.30448835211218783,0.30873343001445164,0.283683380606292,0.33399682771119565,0.26172055960525736,0.24128688823965205,0.26861434517599286,0.32389921098339397,0.23465671364422175,0.27814413139264477
0.27449981461522116,0.30964403012205355,0.0,0.2592972571932358,0.25600344777236406,0.31212963424840723,0.2350264499870106,0.324335080195434,0.24505029415195184,0.38655603048572634,0.3001450227898709,0.27151575118644616,0.347260210403004,0.24821906154403772,0.2551739742721491,0.3710934976729695,0.3227420756792126,0.28551109297246197,0.24910956462913325,0.245219677120925,0.32442475283768263,0.38948503611772295,0.24326896556852562,0.2555514321884018,0.30837486458832547,0.2612538346033801,0.2602783224731967,0.27352531032787886,0.2578899253347508,0.24497563247951812,0.24730437112425782,0.3106881712647185,0.24385760977986684,0.23211947995462517,0.22873540943747087,0.2585268658600168,0.30056393675536164,0.28025727276096074,0.2327107434971404,0.27996701749798847,0.24610802724490524,0.2970271485395857,0.24443768020744694,0.2357695124935275,0.3088891052941679,0.2747723231574055,0.24878499666747714,0.26326555891335923,0.2681286057711718,0.2471469414483987,0.27413832507867236,0.2741699762749908,0.20313951588447743,0.29946654993915756,0.26404191427393403,0.2519066295311747,0.2496298606060673,0.3077212981182271,0.25748606292222564,0.2570347210065764,0.2796653485455429,0.2176247875548351,0.26437146032771847,0.21372036094608762,0.20709804683303457,0.23942550372690047,0.26685480286358004,0.3058771477892547,0.2959717532111983,0.3217648445790651,0.2852801906074126,0.2178786532709361,0.2500606443028277,0.3808227611791729,0.3242045538469298,0.20869775825628925,0.27105217953001437,0.28902168235401393,0.23381556748759422,0.20131518455361017,0.26107935572354884,0.2698866980246321,0.2914835147041066,0.2792219290251546,0.24386962681678312,0.34240774854353967,0.24243852233079233,0.22789547636492716,0.27538092056915253,0.23161091661612015,0.2744519386881315,0.2251345043131003,0.25994245631830437,0.2072044970286876,0.2564771006619182,0.2778900824244834,0.2136010924609992,0.2676591136677095,0.18956045814498582,0.28690538149520833,0.20817091945733604,0.24791430280990676,0.2092604033617654,0.28497585421341975,0.2502448801852589,0.3242347509906453,0.2643736057426121,0.2948426863808415,0.2655525424734814,0.30004325011511135,0.24844770084324017,0.22291786990593646,0.26630059624730407,0.2538919441903552,0.23652437258346415,0.3155788649647682,0.2296236287003788,0.2764393673455849,0.27528137707470585,0.255113318836106,0.2322743012872111,0.23159334803061643,0.22396204604347927,0.29185165320118894,0.19015172587775112,0.3152992834197571,0.2348313768379629,0.26408967886279494,0.3010987228367489,0.2562894641496801,0.2702729230769621,0.3484615001702685,0.2150660420913437,0.21820606944242876,0.2593787412673099,0.19342084018564004,0.22117732467376525,0.23016283677248073,0.2819054988677773,0.2576550982381627,0.22345316507317128,0.2599749617872136,0.2709142112724457,0.2530172639759803,0.26198132646367067,0.22698085244908742,0.28292799218036513,0.27861490724293114,0.35375920952372525,0.20436936361905048,0.2184645281976055,0.2129869142275749,0.25775970998691466,0.28729550056798125,0.3042968285443429,0.2795068901319429,0.2796101169583174,0.325022522834539,0.19090245697337305,0.24440812966109005,0.2700640150013862,0.2146123867006362,0.23329029023944098,0.2623448713882226
0.2528295523322926,0.26225645555933574,0.2592972571932358,0.0,0.2455289834098978,0.2592160494003394,0.2972326245369876,0.2656068791076343,0.21987272339331654,0.2594065441858655,0.30105863794132076,0.2602025541702196,0.282445406172805,0.276912477471815,0.28404026476393834,0.2725574178277575,0.29101027767074983,0.2766442475967133,0.27063356054421445,0.23480634341415002,0.31903013229361143,0.2560520254556749,0.273021672909387,0.2449049213871539,0.2841687917216417,0.3127001877974941,0.2809919870572209,0.27060227545540444,0.2603126287317132,0.20872443051436734,0.2517687969360379,0.26902187324499627,0.379923981079246,0.26764471297385306,0.2612177184929163,0.28768827491203625,0.28901221592497306,0.2907655644131847,0.25928777480281157,0.3295792496299038,0.2994931555973355,0.25755906184000105,0.25503187180248466,0.29562969990358234,0.27964737994766264,0.2905616586258322,0.2006138463978209,0.26544070015566684,0.2839051905888041,0.26402150385033685,0.3644652138899921,0.3058762607797698,0.24590145804495617,0.38000761409688794,0.29868092271853125,0.23342308117173413,0.3002916462113713,0.29729386862644763,0.28906694974579156,0.3055331524533688,0.3079399267660426,0.2423128554960388,0.285461323183561,0.21148037446769266,0.24249860046049135,0.27812710405358076,0.3525319754849745,0.24669815924041455,0.26797384018144915,0.28444073657725555,0.2689918236188726,0.2532880308471028,0.276161164736099,0.3997348463675173,0.28523961859806596,0.2312013124161205,0.3323012917964982,0.32081102276523993,0.26868540067850694,0.21890087934419913,0.2550121994794084,0.3033730235983693,0.24963601582890182,0.26742654728969084,0.3139886491224093,0.27471320711074276,0.2927387648208614,0.29669977775352235,0.2785488622506737,0.23672397437801,0.3162949682477706,0.274332638864124,0.26790699848281174,0.24627977888351943,0.3090653709610453,0.25875940913279305,0.22477990969826098,0.2682795426472261,0.22034722654149277,0.30590585239825846,0.26084543396460536,0.2775455087720398,0.3179767608828353,0.2521039755034645,0.2823474768928455,0.26924505420961187,0.2847917788099049,0.2504186408330094,0.2917300462670359,0.24671055307346992,0.32100689565946944,0.2722301288914934,0.3291256044737364,0.3148815731778892,0.2899611315349233,0.26731289899638605,0.27159209221539543,0.22049508394896436,0.2869769127450088,0.2879946569751913,0.25960443874280154,0.3150832886449722,0.2518087382785542,0.30661255770278045,0.21697879889952387,0.28516452047720486,0.265192250363215,0.2548420688950802,0.29550266004904274,0.299372977371402,0.21158495327401988,0.28551347377374386,0.28533486764461885,0.2748529960206029,0.25865313953454394,0.2038432649231259,0.19074163720021703,0.2859326288273163,0.28087705575379257,0.28800088801498014,0.33575818852095807,0.26570522206392255,0.32343024014534955,0.27575465060088866,0.2889880477865483,0.2520604262460197,0.25152469923209025,0.26283953347834216,0.2357012917483162,0.18675057864319788,0.292994240313929,0.2750814403037355,0.28094936429399875,0.23022866142767995,0.31755716701787884,0.28036751535087334,0.26304917960612095,0.295242223461176,0.3287731390534703,0.28355648540104217,0.2695629598614911,0.2631574632524822,0.2810166480056932,0.2778890868542373
0.2933232243402602,0.25802252670258036,0.25600344777236406,0.2455289834098978,0.0,0.21611773878485563,0.30850856105950925,0.22496312752417474,0.25914499902431126,0.2479201184887712,0.289381915327485,0.24241484043016484,0.23582629789271176,0.2539861226118692,0.30169608087472893,0.25970362454263635,0.27359563426502925,0.30214342667736377,0.23746651595809273,0.2661021543788447,0.30067835446536195,0.3066250044668556,0.2925372763419526,0.2786681899818412,0.2631450620777177,0.242133793068211,0.24795442967173892,0.2297623073386558,0.22297735729769189,0.2519239497119846,0.2850074734645252,0.22863653752968882,0.24050154852735509,0.23425862085998864,0.3532270828432611,0.2853231613522851,0.2804590587018712,0.27434219961333983,0.28005621103104567,0.2704109039542179,0.26861451142138054,0.3039111982447801,0.2668185102385861,0.3090858699229126,0.23748599751098923,0.24096608208653547,0.2527394496522266,0.28324831555758123,0.32355549090337576,0.2871213737653233,0.2852326726715621,0.24540751492238957,0.23392114915322287,0.25834636979459735,0.2487419564327636,0.22413660777152608,0.2517841782525149,0.2933032647590029,0.2661082302325948,0.2532221020820618,0.20391848648782473,0.19922232234539408,0.2300066155579214,0.25771778904987225,0.2629349515369605,0.20294170246828924,0.2447342663180191,0.2606741588706915,0.24583544964088827,0.2762730757593976,0.27796820292256363,0.2683631366488261,0.2354097399169516,0.2723561070633745,0.2345636388791466,0.21785499161995792,0.2374639255692271,0.3646831712402375,0.21705994691695596,0.19620255366518374,0.22936431660115228,0.3082930571347337,0.27291037268544827,0.20454816383096933,0.24458097306672028,0.25821611546784107,0.2385677456790117,0.25502760938583685,0.224357239470283,0.22077633150634018,0.36886841072204746,0.30053916037340067,0.30918276565703057,0.20954136426578396,0.2798994019520977,0.2456198307743878,0.188692754815989,0.23611759029203921,0.2512692801156588,0.2330876903306134,0.24644427497007246,0.2113191616116646,0.24471909284049798,0.23577248535074344,0.2455619550792902,0.24104836245526284,0.21390717711454119,0.26906220396488545,0.27992397892267523,0.2611348551101254,0.2778841771523968,0.28602502208938263,0.23145789995796578,0.2650639245699283,0.22354560545848157,0.2483817980877604,0.22552412548491016,0.2714239714769068,0.22330987357225515,0.26507238636342334,0.3482142253837102,0.22118315830713112,0.22951651215525057,0.30207331801940873,0.25377825748480815,0.23111561896153904,0.22035370639986637,0.24016021589633907,0.22961774834747276,0.26415902134552033,0.2276171277536745,0.23944742941623198,0.2005983131513845,0.2798824427005836,0.266336375482037,0.24737266324820198,0.22688715199851625,0.329082304008887,0.26715186446433653,0.3007904884727273,0.2114773315614446,0.2623281807983934,0.3117357323882315,0.27373067037910614,0.2964493740490646,0.27051876734981195,0.30716074671462623,0.24034432811381906,0.2539285632533314,0.18731232551259544,0.25915984821155696,0.23876205171247514,0.3129691525203942,0.2395199067250392,0.27692095774600606,0.2751191824329567,0.22364201028705255,0.2644234629267377,0.24146402422796978,0.22100177822278883,0.219814006577068,0.2527427593610288,0.24209826243086566,0.37081553266683714
0.2854450760721286,0.34428344604770916,0.31212963424840723,0.2592160494003394,0.21611773878485563,0.0,0.23066574562372197,0.3205070676409794,0.25365414840260514,0.3058463434263337,0.26929758955642313,0.2949341057675718,0.34886817430323847,0.22479328998133574,0.26055362827272477,0.31971096537952726,0.28420737407787094,0.22842464049367486,0.2946753290403434,0.2707076858926045,0.29759614260031436,0.2892471207717097,0.20859356518656516,0.229945898295619,0.33345846461612083,0.22385849296032534,0.22261090639263312,0.2594676033443883,0.2469708979199471,0.2390038607887965,0.29301736491748986,0.3632925068368253,0.2899290354398427,0.24523947651869576,0.24275357026451394,0.24574687428253833,0.29508527712724536,0.2541810714657271,0.23047682485005547,0.23189708918467597,0.25310266726747477,0.2853939819549912,0.23741921728969384,0.2709780927801775,0.27604113942029374,0.25058918361643895,0.24058150720414645,0.2548337827614682,0.22453935390812788,0.24893031685281827,0.2717260603265281,0.30431700744302165,0.21929190016423056,0.3035084547426394,0.24517337474666967,0.30577299687290693,0.2585531467476613,0.3443493094810533,0.22261554250009927,0.24679228193636804,0.33064102947398566,0.24345420726029995,0.2766979089620706,0.1879974610514635,0.21284665583500662,0.2428898564903902,0.26053443496450934,0.29319601414077234,0.22673708301572817,0.2919377264835703,0.2778510397239077,0.21112636433835208,0.2501031816031245,0.2925616717085401,0.34570531509528735,0.23823887352644066,0.2423996485314529,0.26738384319764225,0.23185044460179158,0.27104282707995375,0.315663483285358,0.2676071660668059,0.2916115463272352,0.29525445093133545,0.2535130661189546,0.30156175239091976,0.29221067047037347,0.23695463923315163,0.30951529173701314,0.24733742631736771,0.2536074394746774,0.28710418312042163,0.2604372953470649,0.23389379975596888,0.23349577748256894,0.32121763684354443,0.24602319827522234,0.3120734655508668,0.19381834845898488,0.29197432193807293,0.22217499778494695,0.23144150567798458,0.22242206631344655,0.25276074291451645,0.2687992279887423,0.3098126763249581,0.28874864323496907,0.3009731071913749,0.2414238999311297,0.2871242299767389,0.26728779040309186,0.215339468596982,0.33589784419106367,0.2693701181812944,0.24373490154293626,0.2994273003747671,0.2845130998485506,0.21413815494832023,0.3036330639763053,0.255006871086785,0.214911140401443,0.25996735152856076,0.25698066115945134,0.3054294298624003,0.22882436743480788,0.313252741423995,0.2575402672363041,0.24547797466651977,0.2818805338863407,0.22390656564378908,0.2925064980957637,0.34699739778552635,0.24078263694126148,0.25226417921720296,0.2529160477643823,0.20404177887466926,0.24983386530421914,0.2157695348239173,0.23012221985867634,0.25208665193293667,0.25724229696343387,0.2836648865214795,0.26931807349856973,0.24499071731233457,0.26581749941007654,0.2435358118807042,0.2814350336756871,0.2926967936156991,0.30307623712390674,0.20684168502372222,0.24237176300316485,0.25831595340077285,0.2165197097655512,0.22820903263965145,0.33165825578666763,0.27993781129149636,0.258838594602932,0.35747885866948265,0.21738986820448108,0.2620236539852244,0.24023264146625495,0.2805524920852891,0.2296592487457629,0.24475952263588227
0.27052326161702206,0.2965598000882416,0.2350264499870106,0.2972326245369876,0.30850856105950925,0.23066574562372197,0.0,0.22421034829762937,0.23211324447660206,0.2666881172110269,0.2699980979638729,0.2978978946651804,0.2528997394824941,0.2580633259772747,0.3316071895526984,0.22683367268184704,0.24011308289774047,0.2736467243881621,0.2732515105597739,0.23278478228124078,0.2735055930251698,0.29673822960609675,0.3779644231891835,0.33119093552559836,0.29646986176322904,0.25083990235824716,0.26065390471841593,0.23640276518534123,0.2539626494365822,0.24623725780866063,0.2781090597516108,0.24466616885497436,0.30057927936691314,0.2788920079338844,0.260959887588106,0.25293329014539445,0.31343378469683997,0.23628819842389956,0.2587635720138921,0.3181170329249486,0.29796316992088806,0.27748903251636403,0.24981612134189055,0.2882594002452402,0.28265060908997547,0.25883396924233487,0.2677228933360756,0.246230599917212,0.39904899957777346,0.23527424748498538,0.3030236092046116,0.24551496356895838,0.22722230271080238,0.3028837044248135,0.28728717217213356,0.24813445062043551,0.2514764399596396,0.2545661670066323,0.30162204703163625,0.257059933840638,0.2119871651829487,0.19704357927827376,0.2096755031279785,0.22786817557544578,0.23118337880540077,0.20380698835840316,0.2854135610009518,0.2938869838015919,0.22653863979362932,0.24379033723172497,0.27234059576013536,0.24343845778539897,0.21538377421964067,0.2893874102726785,0.20168135608502083,0.2490794310597903,0.28696301269646,0.3577152643879695,0.2142776261504431,0.20745532858504873,0.22570385500559612,0.29099068400207284,0.28511081537340904,0.19130821850582344,0.22991968830844134,0.26263438687576707,0.22599472538724763,0.2646548552021658,0.24749859180224149,0.2404365924175867,0.29316738110995466,0.370252264145958,0.2743857845425775,0.2350136219499404,0.2672117919809187,0.3036488583449512,0.19199131165790181,0.2843989211310865,0.2276039781620234,0.2706652158454443,0.2595547624475946,0.2258886008570392,0.26567512172294133,0.2655053872948092,0.22182678201507292,0.2446498571229178,0.21015071225426024,0.2586009115351262,0.30541623248716704,0.2967522735850154,0.34844075479149267,0.24786135925384195,0.23221549114145854,0.2228807733215432,0.22467110837778037,0.25417972158420116,0.24056778444037882,0.2580335618845766,0.23335465942454292,0.23167984766420635,0.2518278784015518,0.21853034601230975,0.22535492178523475,0.33595758878207477,0.21829769393500775,0.28050372730144646,0.21166894986317789,0.27845817854620597,0.23033669049658045,0.26787408312015376,0.20990943780930765,0.20678922598124816,0.20601382266194923,0.2433646024961023,0.2306254631401124,0.2198988218957927,0.2394435497494955,0.29443659363405034,0.26840350942585095,0.29400768280564266,0.25596904812270715,0.23541069887404642,0.31994812588159144,0.24138210540848837,0.2806604932002974,0.3115522638139434,0.27788940677702156,0.2604334070126021,0.25022397932920953,0.16614675594678183,0.25754599695382346,0.2652594495294117,0.2683575884839378,0.27677401669233764,0.30879843052995404,0.293995195582282,0.2781716804015252,0.296239856549128,0.2909899039417882,0.2466444565355407,0.24024905860609214,0.25427666260651977,0.24784427792414113,0.2893603511154079
0.27758633756764584,0.3359252941897264,0.324335080195434,0.2656068791076343,0.22496312752417474,0.3205070676409794,0.22421034829762937,0.0,0.2771538639360967,0.3220117389000455,0.26029225406451006,0.2919113249664491,0.3438326741661699,0.23444755182389074,0.25685099173970105,0.3377587963763227,0.3084904247861284,0.26056896224888076,0.26961883854338314,0.26985651397213395,0.31794173781870966,0.27390859491102976,0.24532431112717373,0.24704941277016726,0.3233928812734082,0.2509398975809504,0.278397348088671,0.2784066134597844,0.21766277881920718,0.2574440416429707,0.3325024717974308,0.3104600423407639,0.2685267724205511,0.2569201158327229,0.24885130379819573,0.2735102486455492,0.3256120175141528,0.3041742941362637,0.2552756786350558,0.2689190260568081,0.2568185560336596,0.2831496375331197,0.26647483964077084,0.24170052085239416,0.36696209962199566,0.287308192998454,0.2553626761912881,0.2473247305249105,0.2641475335617307,0.25887296499455026,0.27954223887726515,0.26766849145943616,0.22317947085737583,0.27423216656771077,0.2528629272252582,0.28348325614863007,0.2699521311621842,0.3547089875143319,0.2562713505040548,0.2709070081224664,0.37860366413764057,0.22267708418933926,0.2804704406962805,0.21207917240155913,0.20957331384272557,0.24683201773345684,0.27300660728204457,0.28288505612962744,0.2754155147050675,0.4356267401178956,0.2745781843832611,0.2385236436825304,0.24620112478159606,0.3429417587938516,0.3579381950135628,0.23072679360689344,0.2874597841081754,0.2791139023017738,0.29550027540572144,0.20814204789354387,0.25586942171801996,0.27413529719948304,0.3209706692690237,0.31387121605423324,0.2773379207427597,0.3849595509277273,0.36020083797249186,0.25580111575938974,0.33573433119799523,0.26837412843451347,0.2600721134668933,0.2551582126681682,0.25967749447621613,0.2279605071444175,0.2621803561302668,0.2933101721154932,0.25338818423553444,0.2948443448199492,0.19273883086918048,0.3128313062466968,0.22470039688849583,0.3111968988157823,0.22593376368899587,0.2669329591194559,0.2840820327855447,0.33565469337163767,0.29452430570580557,0.33632394032693574,0.26912906287013566,0.2913064838745419,0.24425751718986055,0.23924153147520996,0.29048019158783356,0.28402232179624104,0.26208787417125307,0.3298837847625193,0.27485925499883884,0.22650088240612062,0.2448352403326855,0.2559822157578701,0.231028149556449,0.3363041604921923,0.23620127638966804,0.2996900319545091,0.20596678446311217,0.2813379928067864,0.23879910965915288,0.33070419265814616,0.284531117695252,0.2511461330164609,0.312393545161193,0.30872559885907513,0.26929063452910534,0.23404421948593016,0.26309745427940767,0.19175092860295304,0.2581196059332238,0.24102463187485756,0.2695023693104993,0.29116510005416446,0.23842352024686786,0.2527754116479493,0.30308923926942555,0.25026559962058303,0.28314547590824407,0.26253264605731885,0.3105436471997914,0.28348952803217325,0.32770014912998446,0.19730023278702935,0.270404530133997,0.2528162725470999,0.2516798678646595,0.2614844724321635,0.3449283698454499,0.3226964044815953,0.25904869316735973,0.3519836034211173,0.20261433319827932,0.24950170504702712,0.24680623447414252,0.25420677249182727,0.24331686653946935,0.24991278494434235
0.33906437645204857,0.2722546467992492,0.24505029415195184,0.21987272339331654,0.25914499902431126,0.25365414840260514,0.23211324447660206,0.2771538639360967,0.0,0.22943294642082146,0.2355325474001655,0.25946352672818274,0.2443560726620664,0.2645099325955799,0.2535905277115162,0.2541026643040527,0.24344877554433955,0.29132746276189775,0.24042545654259473,0.2955821299417922,0.2621640783203108,0.33392298843634455,0.21810211766615487,0.2416614693087707,0.2635049146370839,0.22104088722772489,0.2505542214404705,0.2286134112129929,0.19882137810787387,0.3354180456269956,0.3310811496740609,0.25631395856495204,0.23790720878914787,0.21342981677562545,0.27652209860929816,0.24369363053228962,0.2671064162605973,0.3208328242817753,0.2433158594061043,0.23570183564241393,0.2279028535485497,0.32305032099324377,0.2491571756154057,0.24922844520329168,0.266780710108309,0.2470468348800791,0.24859191559885033,0.22676694066866282,0.24962369463369516,0.2771943325901321,0.25684761510043586,0.24174653859751224,0.24105273091465024,0.24207998022616986,0.21938257283629875,0.3185671795212824,0.2803759195307404,0.2696273924220297,0.23359925066942366,0.23806957162352813,0.2215996628589334,0.23788199072925825,0.23821446139900368,0.22787931841765757,0.26498116980840686,0.23396336576167123,0.2647988550014163,0.29355513523297044,0.24242196210228759,0.28386201548521917,0.3316922427858486,0.2615758583170683,0.27305933507621627,0.2517065984267329,0.27716064664765405,0.2403557848824485,0.2108298244973072,0.2319998995244411,0.24886905289329822,0.21143516693348666,0.22724418802309435,0.3813543864299796,0.3406267362655038,0.2259568159810313,0.2745477385096463,0.3334104691188136,0.2592773547329164,0.2897012798853687,0.25620679724055306,0.34065846552958245,0.30078608142477414,0.30991392344930924,0.24941467259701897,0.23689001662365486,0.30253789540889175,0.29513737849373833,0.25016606008564934,0.25122878877237254,0.269252549125337,0.24092669203059713,0.2579567131262807,0.20681538532000135,0.23990807798908445,0.22815082258847783,0.29839378611119016,0.2568968945923205,0.21246195137597945,0.25566407752936376,0.2299159017509778,0.23604727540832354,0.21984724199926478,0.28970741296400443,0.2652807318546633,0.28929573759434957,0.2379950471307554,0.2824787680350212,0.2369609588439274,0.23973352878917234,0.1903187360340078,0.26634686386993794,0.2742466382506195,0.24472144795496553,0.24841964389982285,0.2754082190707591,0.3132201631145365,0.22440981110078467,0.24602797658205258,0.24659203535362795,0.20851518772222186,0.26880719923983437,0.35880547827707404,0.2796779581818913,0.23785915953947914,0.3307386753569812,0.25076570350753324,0.22577306003409134,0.2741597552467039,0.2490740062410069,0.2508141533286506,0.3050915260453643,0.22220506316912286,0.26084348665863377,0.3083950480475699,0.2902709753224405,0.26730276865337355,0.288375128010716,0.40920681465507497,0.22507550405580098,0.273136229319126,0.1868655300263133,0.30102284136101787,0.23629055123325196,0.26817603868683376,0.24091389730879592,0.2544563863126284,0.30907194432327667,0.24041005822088626,0.2674511663829656,0.23924902570341922,0.23904778743257957,0.19668740335434742,0.29466546382742653,0.26409685709847086,0.3135786465250431
0.2692742066255205,0.4018335909321166,0.38655603048572634,0.2594065441858655,0.2479201184887712,0.3058463434263337,0.2666881172110269,0.3220117389000455,0.22943294642082146,0.0,0.25406086994090166,0.2732521883547897,0.3090979077930118,0.25035058022771345,0.2542275533259477,0.29103965522423136,0.30702691423595335,0.27977217028423856,0.25874095366081246,0.24395620410151056,0.2836626342864356,0.28812268054365,0.28852313597751134,0.26107784346009205,0.36567666576911223,0.22184116003785248,0.2516541366619124,0.28417063019490707,0.3096469395491501,0.23213828874194695,0.2749006449920333,0.2956396089005128,0.23365383462345066,0.2468788253293015,0.25038019709307274,0.24193945198423,0.28863501207395303,0.2399789411166474,0.21549954306174304,0.28943094665421465,0.2363546980024083,0.3045160299138908,0.22742717397204348,0.23142744816702107,0.286652630885122,0.26246092531900106,0.24860318381210053,0.24190425711240726,0.3039355503425192,0.22045044934635535,0.26492559414715144,0.24972496180950282,0.2187004342492384,0.2817724351845797,0.2670339218799375,0.289228258934031,0.2444650121286252,0.2584975002873687,0.2899599113244651,0.25506891021894484,0.2865540437229872,0.19969037795642988,0.22272812790711494,0.20323394861833965,0.21106347690389599,0.2235563948266121,0.2525089043082032,0.26966427057769327,0.2514703125303071,0.3011743482918431,0.2427877690807367,0.24641316212465628,0.2212631000563182,0.3199218312210306,0.27738585918563674,0.2404155664551478,0.24738051179972295,0.3175135855917511,0.21788909404119794,0.2275590357169868,0.2744012465994867,0.2470847989860505,0.3220052123737789,0.25325160739749625,0.24432985514239902,0.3030887593598127,0.24116721482643214,0.23751890383523583,0.2993798037813374,0.2317624832630264,0.24339467380158458,0.2526307674265744,0.26533331813672917,0.2159973965604321,0.26230496925546903,0.2947644956488922,0.1903644334063129,0.28522957981387326,0.19392190600311843,0.3133641786270712,0.22493399204744402,0.2342280685783955,0.20916321131010213,0.29758092281210985,0.22703234953503493,0.2741778022037058,0.25445327716302146,0.37475396379062975,0.27478595541832973,0.32617009705590905,0.24942344969342675,0.21476068359235595,0.2713407036539188,0.25508537642508033,0.2326900027657199,0.3259432706832578,0.27586118961937633,0.2662143746419981,0.2801455330725806,0.25419763020085867,0.21964567447281025,0.22525291061749955,0.22539182641060818,0.31078826426657263,0.20071131577857423,0.3171179723212909,0.23570543146437417,0.25175474693625055,0.3164625138918181,0.24038493904815275,0.29932076708367805,0.26121454207214345,0.2204295391786157,0.21426362279261893,0.22974193104190693,0.19657745850124314,0.24575169616762915,0.24481255966178758,0.2702673473919038,0.25350774508017854,0.22892542477601246,0.26031240448068904,0.30740147214406777,0.22235111686760844,0.25488223171245933,0.24503338680955633,0.24112771140734435,0.3154129856940384,0.3923176132068222,0.1973796041724942,0.21978452295746498,0.266261610612605,0.23377760016704982,0.2875308679476822,0.3010949775761644,0.26976825420919626,0.2468385327969111,0.36297768090131094,0.22260303015767616,0.2573584170278336,0.30143459773210873,0.26076271643710824,0.2420593631697621,0.24579547602629523
0.30602732942404276,0.29167029565196756,0.3001450227898709,0.30105863794132076,0.289381915327485,0.26929758955642313,0.2699980979638729,0.26029225406451006,0.2355325474001655,0.25406086994090166,0.0,0.3139768659323671,0.314770278458434,0.26253439696390846,0.2600862465750484,0.35413186144360026,0.31569801647431683,0.3043032181617117,0.30814906080412396,0.27593447136626315,0.3316076400572577,0.34297636681054605,0.27097747588434906,0.2893414049472434,0.3273218276142975,0.29832237943576756,0.27758841969778303,0.2992157740401389,0.29121927662084907,0.2538927369963994,0.2704275741639995,0.3011845183578038,0.26879054514947476,0.2505679166668841,0.28359239660388585,0.30912405519525377,0.364116902206005,0.3163093093097091,0.3281061908485459,0.2857579193492113,0.2739540059509569,0.2675749684991381,0.27963323893429015,0.3136486318398758,0.28882044558739317,0.25509084551484595,0.20192864306665098,0.38851777202762744,0.33191439497828623,0.2608240426386138,0.33240414328481815,0.2558651534926591,0.22344597288026793,0.37540661395496966,0.3654009499574295,0.210324955602482,0.31067996723010793,0.34455312051797293,0.2861120883553499,0.285401501930562,0.30891680917682,0.19727096515525658,0.27894411046739903,0.2349188763689982,0.21172399594136745,0.24241917627260243,0.3005497882676783,0.2693237072672889,0.3060228066069067,0.3106686505344507,0.28481713756820853,0.24040326974156587,0.2744618863458618,0.3488243360788663,0.30924471405207604,0.2434454514372618,0.32193273634291114,0.3119238104131775,0.2503486940332658,0.21548447861620487,0.24625016142282657,0.2631300002609657,0.26465725273738844,0.27611256173485166,0.24999309065492942,0.27588478326261817,0.29467403154084876,0.26518208503895874,0.24506598751936898,0.23552193782243466,0.35819818174889806,0.2275390009642047,0.3353007398521996,0.2639086473801346,0.26544997454797814,0.2833631170785421,0.22196600585232795,0.22086939489712087,0.20684608879115485,0.2520243906582402,0.2811441426534463,0.27110203740263383,0.24560300370366164,0.2329688986356978,0.27372715196060476,0.23739992806731075,0.24872458907303888,0.2720001239191888,0.2558592948617206,0.3109021978057953,0.37056731678346394,0.26344227397232944,0.274645957899214,0.2840057492754925,0.2681272862798896,0.2617177075927095,0.245348059261179,0.28693448649404424,0.27428169216425263,0.25058941413421704,0.2719434860267247,0.23225486807335782,0.25351233282745983,0.319030390789746,0.2241064626550304,0.33271005461167524,0.20505470588968466,0.2803171833724978,0.27594711789765985,0.2618981191906755,0.21261329435689433,0.28950115425409023,0.27961708397263,0.2822885152560246,0.3537183154411734,0.21318654556111355,0.2393766216008622,0.26138585919065715,0.3097258498858114,0.3039124684272413,0.27916860832369483,0.2866942087408535,0.261907813105817,0.27763934138793045,0.3723305892475844,0.24060124164329538,0.2560173819439773,0.24533671686517777,0.27026333500753463,0.20743857296703344,0.3374100818273502,0.255457876732869,0.37720710713260636,0.22596849398399307,0.28645254436686834,0.31066910003820464,0.2911798289234098,0.2796595015134331,0.2601692364755541,0.2531058204121002,0.22864953700280724,0.28154842438211664,0.21971538607875168,0.3726639767345144
0.26964079616406983,0.31762718894592973,0.27151575118644616,0.2602025541702196,0.24241484043016484,0.2949341057675718,0.2978978946651804,0.2919113249664491,0.25946352672818274,0.2732521883547897,0.3139768659323671,0.0,0.24561038132098187,0.19421441441983614,0.2591118628820889,0.2837588940415075,0.2528367323220682,0.23443536228760045,0.34685387627547176,0.25509520699468285,0.3160746486395277,0.27679887830344796,0.26831801205664785,0.2824361044218509,0.3689392154118484,0.2386777482911146,0.2587490875799765,0.23053760718868332,0.24689715813339083,0.2934895532672113,0.3164972865478876,0.2808326017286201,0.26750688625682845,0.2845962997996264,0.23636690330292368,0.27142980363874175,0.31004542845471283,0.2645807878046042,0.3072167229574282,0.25296412701051463,0.26890071515759706,0.27176808735836494,0.25345973034514035,0.2828806716755832,0.2865764715014557,0.25891528030959926,0.2653442238931217,0.2820641940320877,0.2826029539653078,0.240458799460273,0.29704626296885867,0.2663206087145386,0.20303003963430452,0.32176557112787135,0.31735349591383677,0.24332792008991652,0.2832581609043667,0.35449950563557614,0.22442363269439541,0.2521679901741161,0.22822112104038725,0.1912722331793718,0.2416855456219581,0.20904254505080602,0.20075386775876464,0.21968636332433863,0.23612970827586172,0.2463807468003202,0.22014240604456392,0.2579126363584393,0.24543150471973454,0.20699652771438024,0.2158233547950226,0.2657493475382663,0.2506212059058103,0.22857759826585097,0.24672926966563893,0.3047660238474903,0.23490979599930978,0.19521940437822535,0.21777295870916635,0.2683786470385282,0.29845125127674593,0.21131118446657599,0.24741831062197484,0.3012979033937947,0.2437482032000534,0.2414699336099454,0.2748139240350963,0.2649308469549158,0.2833812548056107,0.2848435955065537,0.27105602298103304,0.24129716672496396,0.2255437120494064,0.37984974860730397,0.20749942026252266,0.2890200251368341,0.19273312518817215,0.24272710864805488,0.2210428901445458,0.24192165914170602,0.2620731577279286,0.32828624647007004,0.23975650276800411,0.25815223128321013,0.24571902572078538,0.2698971178111667,0.24600296243338568,0.3269736817787752,0.37880618101121144,0.2572001561742605,0.23239911590563672,0.2525305401340288,0.23426308925099518,0.2648711282348148,0.24529163990681951,0.286233260298189,0.2501121572911573,0.2199519991813938,0.2229186134337032,0.23013306535774097,0.22551995428517826,0.30276262027639617,0.19142730978414754,0.3520001562598849,0.19759891312146458,0.3101631727933014,0.2785327760513042,0.22215302987998983,0.23687291188306503,0.23744034032634795,0.21038202799465403,0.25160585332472873,0.26463560899408756,0.1824073731407388,0.2823177631594755,0.23715993535262106,0.260137968484031,0.30152376501285894,0.22307927078501355,0.24000911128587546,0.2738820848749632,0.25116826061945374,0.2978971660289352,0.31166881618662035,0.3355951563192613,0.236161074465759,0.32711039968205863,0.19369800751656402,0.28119961119737136,0.2545979789780726,0.27321989168481264,0.25397417024192737,0.3743058706303268,0.2636275808440698,0.24872465838461288,0.3225614302865458,0.21263975330689347,0.22713216443999648,0.18962820968240376,0.24150719066469442,0.21483766297127474,0.27141579094678364
0.37553831201504523,0.30843926852411174,0.347260210403004,0.282445406172805,0.23582629789271176,0.34886817430323847,0.2528997394824941,0.3438326741661699,0.2443560726620664,0.3090979077930118,0.314770278458434,0.24561038132098187,0.0,0.2889508265423904,0.28554444403240253,0.4206172083412077,0.3801185095598343,0.33593372252270765,0.2502523277101348,0.3385418458610371,0.2992621848913383,0.2974795023084548,0.2733124061001654,0.2731045338183242,0.3188379651436676,0.29128990645426917,0.3125892192148009,0.31901394266785904,0.2495053811835247,0.25180270075849576,0.2831907217146397,0.4013640090127385,0.2812750362099204,0.27395860944558065,0.27543369401777285,0.24884840456311585,0.4200653154829888,0.30697472976141865,0.240175082635958,0.33402338223080325,0.26370517419997536,0.2730037104340203,0.2913759675511256,0.2536016962355684,0.3928731833593378,0.36873982881971135,0.2558456450629385,0.27507933199052875,0.30823496829495967,0.3005628548095599,0.3074578941530564,0.28487051809317404,0.23675752865443442,0.2829948012508692,0.26837567423774233,0.2727991938249166,0.3133466068816246,0.3124503320277614,0.30018718297133345,0.3403518870219618,0.37746234089000097,0.24967297384256265,0.28143749776528953,0.21557974619779846,0.2206124207399563,0.28873030515787024,0.36017667658892644,0.3399933086361284,0.30866901576910966,0.3452244773046338,0.32212159348363206,0.2634055375901386,0.27372713111667124,0.4390853818490564,0.3729280084255237,0.27565335154726944,0.32727616606160714,0.3184882897868601,0.2809803277283984,0.25308664308173595,0.2798884991779127,0.25184059671852266,0.3022668976517772,0.3785304285735152,0.2701229781623393,0.3503590312646516,0.30470792459429813,0.29109363662676907,0.38385320594811284,0.2621395215082756,0.2775489650589516,0.24276677824277232,0.28703439922779483,0.27253208622027575,0.2598286521641352,0.25750519241970027,0.23261939620761252,0.2672473268626566,0.19589957719888673,0.39126028565533355,0.2657151076998484,0.27065360725583254,0.2173657458247912,0.22145291685939722,0.29205746775818203,0.4047916865464329,0.34228510546309737,0.3037620043363261,0.35348912710157737,0.30477043017112476,0.2672209211578033,0.24264737401201752,0.3298097833473588,0.29193187855805763,0.2864279683629011,0.35652118991530046,0.2942880320062419,0.2559613093325266,0.2619515067259683,0.24889007703180854,0.24935131435281463,0.24543313398191596,0.26241785383568444,0.3358253896184851,0.21755191720129177,0.32201327398487556,0.2495882898052849,0.30169869045091013,0.2674097393403559,0.2976700689493041,0.27790009996009246,0.33264604894163824,0.3022778640038142,0.22482569518742265,0.2727996989901637,0.21745238459396457,0.2872881188695205,0.26596389223920036,0.29177836421498826,0.3007916655005663,0.2506505467278944,0.28443616979093894,0.3004995702289781,0.24382714311167003,0.29734325398707045,0.24454003810338926,0.2512154124799373,0.3244722737790069,0.29102496582945353,0.19390928435553698,0.26545666858729833,0.24169808968681064,0.2749973827740974,0.26312882850187935,0.2932487800006485,0.34812823004367666,0.3502409321772404,0.3398422320038277,0.23712983928940498,0.2966995306662804,0.2750493430321782,0.2633467441493522,0.2272859348766878,0.27569763345401416
0.2766436008593269,0.3095251257617966,0.24821906154403772,0.276912477471815,0.2539861226118692,0.22479328998133574,0.2580633259772747,0.23444755182389074,0.2645099325955799,0.25035058022771345,0.26253439696390846,0.19421441441983614,0.2889508265423904,0.0,0.22789330056995546,0.27317150123996814,0.3079631425944074,0.33048263729134564,0.22136795298524142,0.27532908676877216,0.2816236419109765,0.28510508881833935,0.2519698255612987,0.23152546563474613,0.24614428554775417,0.283766347369698,0.25565510474889774,0.26821438024391075,0.3078587581354836,0.2202868047414123,0.23395696616497333,0.28242092012818604,0.2692881432759851,0.23193046606323284,0.3347617980041988,0.30915515341660565,0.2662886960384968,0.38833208756575066,0.22157230491262409,0.3224487692838081,0.29385481622784754,0.2604666847566384,0.24683675862569557,0.26529133971777435,0.2918673812641633,0.26207955684647355,0.2519871303629206,0.2353410427523438,0.3002933973513543,0.3212404187055243,0.3146769275622077,0.2713265821626085,0.31433273587119076,0.2942593537024145,0.26240740418991515,0.2597428341201235,0.30438597293167247,0.22644271639627025,0.3776064842863659,0.36238386887272,0.2660220402786221,0.30085945373309153,0.25935479189998595,0.3281917177360961,0.27315960722347227,0.2677144924033843,0.3381745257523851,0.28856864193956655,0.3233685181737968,0.268487282840435,0.29624627354239064,0.3934262603011071,0.33214594233467826,0.3129556103908515,0.2836716125826708,0.28956003162636534,0.2654156970687667,0.2901256677854665,0.26469590557502026,0.25175130449645683,0.2660418575393323,0.2654831531457784,0.2687377884207662,0.3043301820791598,0.30080328555685787,0.3075872960506298,0.2465418780220513,0.3329048635985676,0.2637141091590066,0.25884397653040475,0.30796578636410593,0.295116096410794,0.29868073055398314,0.2911506132325386,0.39952348750430816,0.23411149053917543,0.26011008325339763,0.24207994621273135,0.31866962225092793,0.30304040821147615,0.3617902451988146,0.22408349603426972,0.26267865092652004,0.2152726589361719,0.34143917393957784,0.2642302391482116,0.2511189840405966,0.25056767926748325,0.32287139104667995,0.23607473596432452,0.251087906867252,0.29581916934417385,0.3168135311672646,0.31215655725393926,0.3131501814517837,0.28515694591763635,0.26120889353609983,0.2297048111158505,0.2547780410154648,0.34197902965202764,0.32400279321618897,0.25578994784823317,0.29495267411994414,0.2890816858741092,0.30638577890914187,0.25534160683360657,0.34244644837386173,0.25614031169150026,0.2963608507312673,0.3387060377832595,0.26916811031534504,0.27606507918937284,0.2975947496753185,0.31022020408486156,0.24086068766636448,0.2611169322518097,0.22276364675599367,0.30968941119188004,0.27645016055999583,0.26139633605754453,0.2830321845115735,0.4134439135284303,0.35144472621029166,0.3092395577631236,0.319579163148557,0.24513278401298777,0.2299636200057835,0.2543309402307964,0.2746419318964417,0.2264633798051824,0.24745152506583268,0.29055474699916506,0.2691149987906487,0.25102599736378517,0.23116766130261773,0.27976231134541474,0.2533212291412288,0.2347016957183679,0.3190866513190463,0.2994147759092137,0.27875810554827923,0.32569936745547673,0.28529428671628265,0.2721775499441596
0.30169898001138606,0.29662264171442154,0.2551739742721491,0.28404026476393834,0.30169608087472893,0.26055362827272477,0.3316071895526984,0.25685099173970105,0.2535905277115162,0.2542275533259477,0.2600862465750484,0.2591118628820889,0.28554444403240253,0.22789330056995546,0.0,0.23831683174182947,0.2383802499004555,0.2943842435640603,0.2638981850635769,0.27283687339614554,0.27548064698903724,0.3380882322896478,0.24502690558231963,0.3447862548773757,0.28268768912389697,0.2364066710160511,0.23695414981181345,0.22094373948472457,0.23661086721267727,0.21965846663712219,0.39099603588916965,0.24514578371811802,0.36952747284139215,0.22549925757784783,0.2871275500511769,0.25351417224192646,0.30319160691344943,0.24628017151702647,0.30767078786407037,0.2775833254615597,0.3111921109267343,0.22693393698557865,0.3092085527553412,0.30032500779043186,0.3052674557051303,0.2988860302806065,0.23064431952607647,0.2669199647188656,0.2779656333349038,0.27274005794429185,0.3115551415822458,0.2415619878821427,0.2218674100775712,0.31809164552658303,0.2695485936030164,0.21615473138569485,0.26917283301216016,0.2529150512149493,0.2763517537084094,0.2663265631881032,0.25011213181770037,0.20797018172531356,0.23770253778702688,0.19509562160736063,0.2736341504703394,0.23236138923545904,0.27120762810800414,0.3155613938364799,0.2411015443477333,0.2775415698699133,0.3130766811409615,0.2504505745849014,0.18826891244303665,0.2953574801940787,0.2406584211155141,0.2274551925811609,0.2365437678057893,0.29145298591012814,0.2501703717290494,0.19120088004599062,0.22756182597232058,0.32267594945987366,0.2978293076903417,0.21983239624217285,0.21527878473094142,0.28271143843303814,0.223606489032241,0.2682147925531981,0.26163197901699564,0.23376657268137868,0.26115820109551585,0.2879698503958368,0.2872845125918879,0.22549237366194314,0.23344725728126683,0.29145318439757467,0.22920565064171844,0.2346991781626042,0.1948164080473358,0.27506706829366734,0.2723001911869193,0.22930647278668448,0.2222192378796313,0.26004754810155223,0.2505334411366262,0.27219121881660546,0.2467826459559359,0.22702816044099836,0.312039712840605,0.2624468043034737,0.26144359432503067,0.22176284967458826,0.22912419215730326,0.2145381747901233,0.2538112620862085,0.2525759131264247,0.22805654378240142,0.2587932172295229,0.19413382219389774,0.2066383574356886,0.26222844334747075,0.22137988985422305,0.19619476357238488,0.3433405578136032,0.22089050539441893,0.31364886728187846,0.19212531531068608,0.2832582588626358,0.22214063651503652,0.3234745415953823,0.20435562211911368,0.23093423889221484,0.2001937198955611,0.2334114112251074,0.2820888568705026,0.2678983302218568,0.2555474184411388,0.34657905522822036,0.2762726040936672,0.32319077584613104,0.29025592670419753,0.2147739585016426,0.28017249961915536,0.22726123325469205,0.266466423712649,0.2493094352460934,0.3250280386709521,0.28448187850473083,0.24881814892253595,0.15042844397473845,0.2836139070966025,0.2566869333967473,0.26416959226024395,0.24109420862968106,0.29146160373303687,0.3288263101567001,0.27831399754531505,0.29257402114117503,0.26664613222068206,0.2095136042931189,0.2431169527362007,0.23619670954484784,0.21315185271340595,0.2782696324432346
0.3102232857469114,0.2861085388371431,0.3710934976729695,0.2725574178277575,0.25970362454263635,0.31971096537952726,0.22683367268184704,0.3377587963763227,0.2541026643040527,0.29103965522423136,0.35413186144360026,0.2837588940415075,0.4206172083412077,0.27317150123996814,0.23831683174182947,0.0,0.4466359800687418,0.31606356656452905,0.29593644782584,0.33070671989555706,0.36392817350152007,0.30959207030579033,0.25437754698884407,0.266520787125576,0.3629119774085978,0.30123856297860585,0.297529376507468,0.3362829821337279,0.26313633722213614,0.27939227849727094,0.28900884711051955,0.43157562011017264,0.2566828225851882,0.28697029430468285,0.2840512457313599,0.27837430402709734,0.3421583257856624,0.3605972612432999,0.28235091859804895,0.3148029780608345,0.24668540373651673,0.27408117845566626,0.29577615722154266,0.276915460478057,0.35510352291976993,0.3399925272911012,0.2477197556242943,0.30999161406103076,0.31577966681684894,0.2920853746547806,0.3051335069446342,0.3066465557118528,0.2362142895468197,0.3077412654688398,0.2935960833477729,0.2574165033973709,0.3287110035324603,0.3909201927120571,0.27181343828309656,0.31066521906624933,0.3273655850521676,0.24319160058229716,0.2869696584737419,0.2553826127733984,0.2138997997392542,0.2814919595316658,0.3055647539398032,0.2811111818492818,0.33048754260128044,0.35657483182043787,0.303883842438866,0.2576161168646387,0.2761599695323499,0.40092175606557745,0.4015258847943175,0.26203285624724876,0.330762472306122,0.3257163701346671,0.2826407331212568,0.24983860720712123,0.2614044140023619,0.26208823639525913,0.2935071935088703,0.3323428164619876,0.29836793471825374,0.3373060774164308,0.2963975085092992,0.27876914484788407,0.34808854839477377,0.24297809318280186,0.31233057441587997,0.234658947790934,0.3179184700147005,0.2664265197076967,0.27015066360985573,0.266587525967093,0.23525851916310286,0.28065458119654885,0.2026286952871872,0.31348942637814825,0.2616314948066907,0.3088986952490813,0.2292981133610738,0.24622277208641924,0.2811797021118267,0.3832558774789964,0.3446147023750709,0.33858953380497775,0.29736576533671133,0.3110583129471552,0.28852495851666277,0.2602050321154232,0.2959651052967148,0.33977439076212035,0.2786491202165971,0.33729159972983497,0.30851065482163326,0.306962656225691,0.2967411556433848,0.28093254827208586,0.2811562064929938,0.264063387637343,0.2690014044042971,0.329466894875118,0.21770715709455465,0.33595227868962035,0.25844785446581026,0.304802401453367,0.3306120099170378,0.26324723532561634,0.2794012736951114,0.38576927279502476,0.29536706848190536,0.2390935271690417,0.30198522594583116,0.21059126049802385,0.28577545964702067,0.2592817553030364,0.3292724828376642,0.3294013107331673,0.22722008603944113,0.3360424236675862,0.30377293588171217,0.2608852302536131,0.3269792059082207,0.24645824759280408,0.26104201469234806,0.3100252383977878,0.3343267659051977,0.24317590894441166,0.2780672893182308,0.24789081883520023,0.3260189912968611,0.2636768218025375,0.33807202286330545,0.3096812427015019,0.28229433018643435,0.3377956480865886,0.21866384680352102,0.3063299286909388,0.24287032169646047,0.2573745858499903,0.24948643407049148,0.2980182876521595
0.3155742211572473,0.2880937159256292,0.3227420756792126,0.29101027767074983,0.27359563426502925,0.28420737407787094,0.24011308289774047,0.3084904247861284,0.24344877554433955,0.30702691423595335,0.31569801647431683,0.2528367323220682,0.3801185095598343,0.3079631425944074,0.2383802499004555,0.4466359800687418,0.0,0.3577312210730854,0.29737873694123573,0.34334972377448986,0.407649979779503,0.28180368580698895,0.2786347187700882,0.27369975531554547,0.31055539886821276,0.288297975739702,0.2831601798395199,0.4316634964107409,0.26591227680710594,0.27055060845014944,0.2498914753803818,0.3632960849981299,0.25792365029238623,0.29517416332156005,0.3113910533626792,0.27506531383610344,0.2984482702581319,0.35046789341559736,0.26160547147948504,0.36001471855555683,0.30072824095599837,0.3021008257866323,0.31717842135364666,0.28501141256692053,0.3197692346647286,0.3409052991074023,0.2599122570093401,0.26183318121291926,0.33966205561172436,0.31752401868207597,0.341470459617284,0.3780757903144332,0.27605886362437254,0.3028262852352059,0.263970949724837,0.2595689353432673,0.3748536625656383,0.3182252957323137,0.33439329154485636,0.3510777104100847,0.3357884961463701,0.24215720047384282,0.3053204584040937,0.2621569202766107,0.24841399413441437,0.2875431033406469,0.28106998832169255,0.2581235238802781,0.3371707198491082,0.3072671737063561,0.28544274415635346,0.2964619782392621,0.30598471763994434,0.43982259622782,0.4526654341346912,0.2833532528940866,0.32360561727504444,0.3295353021571143,0.30237397568999913,0.27698677122690574,0.3145762497969668,0.25638540619744304,0.2946611681269904,0.3362157930097645,0.35369802034242365,0.33522284051935347,0.2639522652998556,0.28828374357690056,0.3449530702605145,0.2240175263470409,0.33881720188968534,0.24563424385573357,0.33971008723714696,0.2950137078313888,0.32354348939967326,0.2299975646561336,0.23305029368116645,0.3004636495273288,0.22203703781005202,0.35251680187604195,0.26195798158282513,0.2717955558679875,0.23814324658126038,0.2405238966160875,0.29462872817270175,0.36893190720293734,0.37046311911055524,0.35747884140904174,0.34928268003281193,0.3037608051009207,0.3141286821747817,0.2868134830957249,0.3182755149212048,0.35051536294327057,0.3062482889945136,0.40483663024447486,0.360060452373056,0.26880643168625157,0.3354116644261887,0.3122061456423047,0.29773945054415796,0.25261750703369296,0.3147713583971356,0.33434814598981427,0.23051880242004272,0.27601732429077785,0.29693838372520864,0.2475945839109409,0.36419579098428584,0.2851905568456909,0.3169466918795518,0.3909770556708067,0.26215960164765884,0.2555235203109943,0.2586157455104075,0.2281236914259115,0.2796046831156516,0.29137186696636985,0.2968377075710096,0.29800039547659357,0.22300031574007617,0.3262469611435484,0.3461982914431259,0.2823717522384945,0.33039512796976644,0.2555993834352532,0.248313747933466,0.329562594371937,0.3264312794529999,0.25750364816085564,0.26668464660536373,0.2835225734111234,0.3560119247484807,0.24872837203075218,0.31337831566397584,0.26284003957157276,0.26534335165495265,0.316172198150693,0.23832419485007622,0.32644429343172154,0.29958030095367066,0.2896957121584113,0.2687936279269303,0.31103495621995036
0.44120904169129477,0.28610010793305446,0.28551109297246197,0.2766442475967133,0.30214342667736377,0.22842464049367486,0.2736467243881621,0.26056896224888076,0.29132746276189775,0.27977217028423856,0.3043032181617117,0.23443536228760045,0.33593372252270765,0.33048263729134564,0.2943842435640603,0.31606356656452905,0.3577312210730854,0.0,0.3023953422354385,0.36167252888020057,0.34580227047826284,0.32203711391579387,0.2907757007008341,0.2816998610896706,0.31184456527480064,0.265758278646088,0.27291597590453487,0.3180703139598597,0.24045134545730115,0.259523248286489,0.26682873920409256,0.3078353632118171,0.2820469384146947,0.24989399696003464,0.32875638469927876,0.2733178344002502,0.31125026114930704,0.3686995222649047,0.2372103953376809,0.36729207837959116,0.2902555442211771,0.2710767865482832,0.339045383781463,0.26733082966618815,0.31378608983625444,0.40927641347185845,0.2795234102122982,0.2574616999366349,0.39439566452898656,0.3400575959678513,0.3372709032965868,0.3161922906508487,0.3132872571926696,0.292294545455149,0.26285594932818407,0.2338898370193838,0.4282610996687663,0.2676716987959032,0.3858434549087341,0.3950162421738561,0.2644952455692147,0.2530534078287334,0.30521417243908006,0.2518749900607365,0.3332683060023231,0.32683958016562636,0.30918016130834586,0.3196339805966568,0.3542478887668923,0.3231588699673252,0.36300508765395145,0.348904626809553,0.28189665125463126,0.3699760216690338,0.3325780157693269,0.3327379341341923,0.2563673236481476,0.2924852341626776,0.32563706454752184,0.22323128614520102,0.26152282662475546,0.3270196331730184,0.3004503453090244,0.28948084157398757,0.31074400893161885,0.3478598057201866,0.2587837941160626,0.35044076744749025,0.34573738250559144,0.24509606923402538,0.37024368742354946,0.2718019552842416,0.322195687606047,0.3312063192919556,0.3316013548714754,0.2394139287404783,0.24628298480758812,0.24028778419122884,0.2416116926374615,0.3523360364470684,0.27984098591346046,0.2431164679182327,0.2631028614229575,0.25953918584584423,0.3490282666937886,0.32191036730607375,0.2797364585978636,0.27424219859062426,0.40917079149136537,0.27327551016014756,0.2809882997813324,0.3236216495881366,0.2731331148310686,0.2864657883530869,0.3598530563492438,0.32363758958136657,0.3131929778290655,0.3085504322125164,0.22541325253900873,0.2776478627895348,0.31055818246331524,0.23385135369936932,0.2734197372422098,0.35203416046373504,0.24804899688293175,0.27855335883286747,0.2506018529211808,0.25147308692359266,0.25548965667571755,0.36377865639453,0.25470178090773193,0.27024291480861296,0.25307830356367095,0.2747071289280085,0.269791734683855,0.25485755638166746,0.2842084484157611,0.3358516874563131,0.3516279441096673,0.34433673733744297,0.2765015250884127,0.2803415138099279,0.3655269556683303,0.2725208924914597,0.3165562642819852,0.2961974615244589,0.2504176658423109,0.32065178212245915,0.29904221318729685,0.19178943134981685,0.2998309304164647,0.2951017473054265,0.3553480165148615,0.23556918155011497,0.2893945489548782,0.3355504709971952,0.2859191080409803,0.2673947604956464,0.2652470445139318,0.27094021507728455,0.2891146216076361,0.31838367447873595,0.25703026543335095,0.3724360053369961
0.3050682830437867,0.29810641368349655,0.24910956462913325,0.27063356054421445,0.23746651595809273,0.2946753290403434,0.2732515105597739,0.26961883854338314,0.24042545654259473,0.25874095366081246,0.30814906080412396,0.34685387627547176,0.2502523277101348,0.22136795298524142,0.2638981850635769,0.29593644782584,0.29737873694123573,0.3023953422354385,0.0,0.30870699059229717,0.37722314598824935,0.2637899751620943,0.27197715701589065,0.2680463052237678,0.37924413454218403,0.22159528848952426,0.22012074603168422,0.30272126162362406,0.25004477025509314,0.288306277232925,0.28776430240583056,0.3541854969831769,0.28545734848073206,0.281239887453555,0.2721461148854342,0.28300577183293424,0.26991580687208705,0.29833377189443616,0.27475102541668645,0.2777283137594946,0.30843128612863574,0.24107214935457127,0.3046071380674919,0.28063690071893227,0.2689152930266676,0.2765710845555301,0.2312641841508364,0.2630551357221951,0.35520598620602545,0.28027181837360965,0.33116653424398,0.3098303677884941,0.24482475237274387,0.3457589181247576,0.2901684819227666,0.215738194911363,0.3737639059603123,0.3206432212328709,0.29158532286968286,0.3056165831342391,0.2627301866019451,0.2146544187473389,0.28354867539157247,0.22278241297141888,0.2554168193683515,0.2581155531103629,0.2274750301437576,0.2386873414824428,0.27567996176126996,0.28378351437384525,0.26721895806307794,0.24257602931266,0.23476816795113264,0.3089028607004874,0.2975372370323961,0.28052575761490667,0.2466363047835826,0.2590254915962496,0.2723084992445695,0.22245358749253225,0.25769514533604887,0.30498706727263325,0.27572649789393305,0.25234156242198746,0.2894223206078082,0.3083807236725634,0.26640417481872597,0.2818638790895044,0.28011213920829137,0.2062063351408062,0.2938453982896636,0.273262107858557,0.32026403349974414,0.299680612397391,0.25543067209810183,0.26159190984756464,0.2524182126729087,0.27049249632241756,0.21006973937607276,0.26610286426452784,0.23531286761852513,0.26685502626354707,0.2706753942904771,0.31137971662301733,0.29038210346229804,0.24990404297881166,0.2738879193378661,0.2585638954189053,0.26689406216530615,0.2700468055117697,0.3745048805918062,0.26703688341672305,0.2536228544101897,0.2506466266679763,0.2714928651413951,0.24781239988675058,0.3239527663045704,0.33035152418757086,0.2631584950059759,0.22890987074259386,0.2322359871809345,0.2364462286597984,0.2590436536380022,0.3233151698059108,0.2221570707719541,0.32286611750652644,0.2241008864862176,0.22567511099197168,0.2879812858030269,0.2550329263823876,0.23138925506302294,0.2791222562334308,0.22396603733240247,0.26707565680828105,0.28339823435249156,0.2056137632502137,0.25596084448986145,0.25878761815901524,0.2963318910129295,0.34869697091876817,0.2565841391951599,0.2674996378151874,0.297860501671057,0.2744305685906556,0.28653871431426414,0.2756651067621585,0.2571567872117222,0.26046596769117797,0.31956809433204897,0.21027039296579994,0.30671527795557607,0.3246338385161282,0.3279840948684052,0.21112631649718525,0.37161609812217467,0.26341972136341185,0.26824306911399715,0.2640168390175506,0.2315531219759751,0.26596115973114576,0.22605319940689306,0.3142046252010044,0.24351846351859638,0.28688166622439676
0.4469261031246872,0.2934339271734735,0.245219677120925,0.23480634341415002,0.2661021543788447,0.2707076858926045,0.23278478228124078,0.26985651397213395,0.2955821299417922,0.24395620410151056,0.27593447136626315,0.25509520699468285,0.3385418458610371,0.27532908676877216,0.27283687339614554,0.33070671989555706,0.34334972377448986,0.36167252888020057,0.30870699059229717,0.0,0.3332486105971578,0.29512289506397665,0.25861311598318504,0.3050684704691564,0.32788472391427376,0.23650284053778278,0.23811306226555173,0.3228344421881885,0.23097687944310877,0.24872809753075037,0.3175593108229424,0.31753242490729083,0.2655361120664512,0.28546808614317426,0.3588877573545509,0.2726069280015045,0.3109376283286941,0.3371804504912553,0.2582906325678006,0.2841708782105643,0.28143599989665147,0.24752224186876454,0.34158241648245297,0.3105625831109969,0.3211574921402079,0.32771839964471006,0.2580579774803339,0.2788957045617235,0.325957282942423,0.39045821172546247,0.2973862421388442,0.30532074533610803,0.27680517808503274,0.2668104945751206,0.24400808767495105,0.24336564558918178,0.40850336298670353,0.2693907825107966,0.31549318178632485,0.34338969554268156,0.2824218298954711,0.2292690506279559,0.2741428500381511,0.28908867679017347,0.29250610630304313,0.30290931423647455,0.28361918378684187,0.28117712582237064,0.2869990276744293,0.295401256760231,0.3408029050503824,0.332018378549198,0.2776356942509303,0.30479398320402196,0.3203153354077066,0.30548200073066445,0.24232726262194224,0.26357877500796995,0.2905425262992089,0.22516436443432641,0.25742564005451873,0.31547379483158505,0.285335342141374,0.29186971815522467,0.2891583668543635,0.3453285171912971,0.279051092650319,0.3210637769471936,0.3059573037698744,0.24505998878087498,0.2814456580285214,0.27588832411996317,0.326499583790542,0.33216065143872725,0.2788341328880029,0.25618633042314765,0.26699994038718705,0.27460994984987414,0.23727304817527223,0.3010046700224227,0.31824925572128016,0.23821143414377638,0.2317200243263571,0.2539435664141166,0.3168763530268751,0.3269942625534148,0.3024521336685168,0.2915034121199245,0.3019001337245459,0.28064620633945714,0.2820473707190107,0.30002031808352897,0.27738369262653223,0.28126131608160093,0.28525614778902075,0.2806579990135775,0.3162781896826976,0.3130250666807061,0.2437528283196495,0.2383827330956561,0.3126456169425838,0.21962700039662159,0.31019845109744393,0.3224063529120249,0.2765408923725003,0.26688711399760334,0.24036938550851736,0.24202084350779515,0.26723523438195773,0.33368244530700936,0.2549390473919836,0.29839564839228444,0.26308358194842446,0.3039288655091889,0.321389127928257,0.2794981923623115,0.36529810582167216,0.29122196677854684,0.3421230850027908,0.3460075877694077,0.24328130689624927,0.2967929646758769,0.3352390645826169,0.2836209007180963,0.333642173256207,0.30079802980997705,0.2922978492156375,0.25990549974998634,0.3420420497482526,0.2060156889156215,0.33287591116374377,0.2720693070546053,0.35140747890523,0.22143772923602015,0.2881293328439033,0.33014560209839816,0.28738724548406364,0.2612808466519879,0.2629166587242653,0.24935290688995723,0.22577310734715825,0.3291420624725565,0.23373651046854152,0.3495623797347479
0.3311310424598968,0.3079578522234999,0.32442475283768263,0.31903013229361143,0.30067835446536195,0.29759614260031436,0.2735055930251698,0.31794173781870966,0.2621640783203108,0.2836626342864356,0.3316076400572577,0.3160746486395277,0.2992621848913383,0.2816236419109765,0.27548064698903724,0.36392817350152007,0.407649979779503,0.34580227047826284,0.37722314598824935,0.3332486105971578,0.0,0.3286398505180914,0.282329395746877,0.3269629589270357,0.42531648141202155,0.31708668052596684,0.24542390469512945,0.30542449635825386,0.2616705052658483,0.2769430669072134,0.2984432665977387,0.34509001744449497,0.2949846879809033,0.30148332331114897,0.3232958968945783,0.3365767150595149,0.34897924070280784,0.36817186236107713,0.2898273102080929,0.38355275940526623,0.3315429705080008,0.318873741125871,0.36978442346786256,0.37627457557609584,0.3416213058562824,0.3253191595430396,0.29647324085320065,0.32609758970422575,0.38183024148253547,0.34214281806889246,0.3953002662532282,0.4212741681399815,0.2759111804566131,0.37546143360438816,0.29595195051309114,0.28249424949167,0.41286765007501425,0.3515510305964367,0.3451034711588323,0.34566265161462306,0.3111349989699193,0.2582307956253599,0.3732283533463291,0.264748907508167,0.3018209389772852,0.3331246035605593,0.3020939293632945,0.30858057479039863,0.33093420932035444,0.3433645998467841,0.3407151874460866,0.29362704779359455,0.31907690688573015,0.4295109596115515,0.37084083326021433,0.29453095012853303,0.3139989346033312,0.3632627857856363,0.318926716151681,0.25085342338314104,0.3327384935825241,0.37395653104889665,0.3450227929702757,0.29517953923188,0.4020689707071175,0.36276226093204667,0.3301200205090552,0.3069244035786639,0.3133328522077352,0.25516057442939305,0.379616572709266,0.30059655119360296,0.33406769563529276,0.3126062779997195,0.3633652942095205,0.27923504149239337,0.2739628438409226,0.3206377181305349,0.24280194941160638,0.3137111553279402,0.27882119000621286,0.3168650713119255,0.3160891855300017,0.2997695309222,0.334246533112322,0.3315172929267372,0.35854875355094334,0.3161338991184228,0.3501723337602493,0.3707363386407212,0.4393148807039606,0.348463715249646,0.3416175029081912,0.3110832707262734,0.32516888469090743,0.3020134954462565,0.3327319462697516,0.32222055336593225,0.32394840252864143,0.29541967484630355,0.317781493920091,0.284348120011748,0.35665511010487766,0.3868665584957698,0.25789278983287844,0.29835598534532054,0.29309383348916374,0.2771610250381858,0.3552678706475351,0.31044904348243857,0.26660875749431767,0.37922213840589847,0.2523854687693752,0.3093681542001907,0.3475236873039542,0.2516018168608488,0.27198422766121483,0.3271995105537935,0.3328521164528989,0.37196965539739085,0.26499826441718943,0.3641461480740899,0.3897941842478827,0.33632162070546545,0.4200807559964146,0.3135196430034612,0.32818034640493016,0.3105257480559631,0.3843166808689549,0.22392613035208253,0.33568998819838064,0.3150855584302434,0.36939220843234266,0.2778783455345648,0.4490384883484251,0.3270909535999207,0.28401011805754145,0.34081773828299833,0.24661653917911963,0.31122555049102407,0.300929570114753,0.31412472863219243,0.3065536989185628,0.3498765377720217
0.3250371923136901,0.3662402924200613,0.38948503611772295,0.2560520254556749,0.3066250044668556,0.2892471207717097,0.29673822960609675,0.27390859491102976,0.33392298843634455,0.28812268054365,0.34297636681054605,0.27679887830344796,0.2974795023084548,0.28510508881833935,0.3380882322896478,0.30959207030579033,0.28180368580698895,0.32203711391579387,0.2637899751620943,0.29512289506397665,0.3286398505180914,0.0,0.2495466811118757,0.3442459892467818,0.3248551286662442,0.23995865104159086,0.2574483990678121,0.25029305131699914,0.26377836191540976,0.2518588331239961,0.29642392599727213,0.26836537755103,0.28034454395633895,0.2136107120375507,0.27267312973449465,0.28816741959129877,0.3178287641540564,0.2963730840600664,0.2945909610956316,0.27692858064876646,0.27107982475286413,0.2995964045547896,0.27465954309221763,0.2853665010424296,0.3158834797917857,0.25521980451891907,0.23000557557569673,0.298466611549979,0.29816173596161466,0.27995215199596746,0.2764374935353529,0.24553754773373782,0.22994950872923586,0.3446904405544478,0.2794034276149782,0.2429378702320479,0.26767683148590454,0.2835330752360257,0.2708604134577832,0.25580983968422294,0.2653521124586942,0.20341328613647644,0.24263673265013888,0.2321600654788847,0.24711692697830814,0.22417436790059705,0.27815946853214285,0.34424444033218893,0.2796431610233684,0.3099893900959034,0.3305683012791295,0.2451211248984532,0.23872008157703273,0.31269689353631275,0.27922419821746125,0.2154385752361978,0.2457909860752077,0.29013066505053886,0.22577499521145436,0.18845677414153342,0.2307969221732856,0.34879128875313914,0.3208453995953852,0.23532366104114674,0.23245694342806955,0.3282817361476546,0.23836944630972468,0.24729450945115164,0.23958982862899947,0.26265253190465226,0.2985282078147236,0.26891535768738745,0.3122121933710456,0.22262242368036517,0.2816391720642925,0.3524861890798954,0.22659469335135535,0.23590272773420562,0.21361449359412804,0.24515680019510122,0.27054859411077903,0.22803483553100634,0.21144014259029184,0.26801215101518355,0.25303230246935476,0.26479519558301284,0.22613653393151234,0.276798669302606,0.2639665964516235,0.3192885097220562,0.2651738922145278,0.24609955738379924,0.24822432061063668,0.24701349981416953,0.23430784884389563,0.2882018922761334,0.20997300575335726,0.3024749305564029,0.24538520983444997,0.23413858856138978,0.2696375834349238,0.21177396922858807,0.22921499633896564,0.3022454673632849,0.2380887459604702,0.29776072774712453,0.21707026090906406,0.2861563049086631,0.25813481681902267,0.2976053723618182,0.24582126385734265,0.2782124579535488,0.21481048658774543,0.28324372013463295,0.3256893481010874,0.23089416069629978,0.26019008263270177,0.2714655279422797,0.3358579309367074,0.2935181634267962,0.2665041626241093,0.27726289351094896,0.2971408841887737,0.2782270455490742,0.30503243290141,0.24923739194887223,0.34337853794827977,0.2654556580308995,0.32275735594016364,0.18462955612460985,0.25854366749935237,0.23173193431321654,0.32565138186665904,0.28027070921173286,0.2879986187674167,0.3400866379981513,0.30658622360960214,0.29158908615423434,0.2462006496594479,0.2243754013810115,0.23505164258382275,0.23552776126209674,0.21882933031965235,0.33369730447047397
0.27588324637634676,0.2882830825819393,0.24326896556852562,0.273021672909387,0.2925372763419526,0.20859356518656516,0.3779644231891835,0.24532431112717373,0.21810211766615487,0.28852313597751134,0.27097747588434906,0.26831801205664785,0.2733124061001654,0.2519698255612987,0.24502690558231963,0.25437754698884407,0.2786347187700882,0.2907757007008341,0.27197715701589065,0.25861311598318504,0.282329395746877,0.2495466811118757,0.0,0.2938185040294558,0.33497562300814476,0.27329287759787063,0.3331403746497979,0.32096456113244753,0.238398130122429,0.27211697386527456,0.23932054053795887,0.24776251422536172,0.22592396030980935,0.3451838175690928,0.2631763534003947,0.2470825803596293,0.29365057872400185,0.2533219637905572,0.21234422837019395,0.33660882280543336,0.24911452263452205,0.2988910148378872,0.23679033744768457,0.22071774495620491,0.30523068043683405,0.2847521723817698,0.27122480627511236,0.21834395110113752,0.395287975900734,0.23756305075645462,0.26894249987247626,0.24885748826310342,0.22719434314419898,0.23806616951017254,0.24049192998851507,0.2478857645258569,0.26012159170067045,0.2634849874747557,0.27228019802618464,0.28697097677734446,0.20775537847300668,0.19297662541567218,0.22672353288676228,0.23658300688763334,0.20232843004863466,0.21480813073767369,0.26514660619037816,0.24391684095521912,0.250765611047519,0.2691561535239837,0.22363966945741803,0.23745287797373016,0.2291679502841399,0.2886175118140441,0.22074772101517634,0.25050928123053745,0.2570865621021469,0.34447003899729817,0.24441824900851236,0.19770382261646158,0.21028925023298195,0.24625217055780305,0.26239806621971995,0.22130014889976143,0.2598797036471621,0.30888136788553405,0.23749451057165352,0.24115046995652506,0.275258631659172,0.2344329149141176,0.28858296349022255,0.27071047586138325,0.257027251598473,0.22920099347065345,0.26727899886208795,0.22745211231322712,0.17217649927592327,0.29412368592038246,0.21992365115171641,0.2708896551998523,0.22000514564641604,0.21861508047270042,0.2569280694139112,0.2514380287898358,0.23147668495974333,0.27366330434593333,0.2206981616929527,0.35048467790952326,0.3102764665192988,0.294580487371978,0.28841720105199226,0.26052826299724313,0.22655193257682274,0.24761792300953572,0.24881883810349778,0.2949959428050438,0.2803447515152313,0.2597336761656282,0.22826504951695548,0.24637680974614543,0.23623961142059918,0.21832346595304966,0.2764963217645219,0.2973164157478419,0.20181301226483386,0.24078617143193976,0.2160933231990817,0.24800100431548644,0.25293517460867837,0.2401848931933688,0.23077362744337868,0.20987856838707972,0.2182310672575465,0.22820673686255946,0.21024019785516282,0.18513114931883673,0.24208286203446847,0.27241204616978476,0.3034270656284809,0.26773424042116634,0.20396192770291932,0.24139232729462226,0.3112324369574564,0.240140626296226,0.25593116657331116,0.32087407094623005,0.23231848117768436,0.2371076206072023,0.30443856464899993,0.19437203447445495,0.23989520175354906,0.24420041791005012,0.2745798205832515,0.2640977975450886,0.28746763471772907,0.2579876449789019,0.30606391656567894,0.2697513354860355,0.23091019388863085,0.253703496835086,0.23922858633715402,0.2517566449909909,0.2448512417121106,0.2722255555510177
0.3115434235088353,0.31381647204210444,0.2555514321884018,0.2449049213871539,0.2786681899818412,0.229945898295619,0.33119093552559836,0.24704941277016726,0.2416614693087707,0.26107784346009205,0.2893414049472434,0.2824361044218509,0.2731045338183242,0.23152546563474613,0.3447862548773757,0.266520787125576,0.27369975531554547,0.2816998610896706,0.2680463052237678,0.3050684704691564,0.3269629589270357,0.3442459892467818,0.2938185040294558,0.0,0.3345924137593539,0.2593513544499438,0.2531951993709101,0.25173323794756847,0.24489328387080578,0.2418812090567055,0.3026412602828627,0.23312054838131394,0.2667363445629162,0.2558736763814534,0.2825450469757761,0.2403173251337276,0.3309342754098889,0.2407539521127741,0.26332889694427253,0.3389444656877511,0.2905930775818779,0.2621995516355951,0.2795785737563161,0.3117092860085805,0.31752910948103197,0.2752555335774299,0.2563550006474337,0.2866986074354254,0.3573838963343292,0.24178870982353903,0.26599578555036807,0.2536074795318366,0.20989529218459782,0.27513490819161607,0.24635333650592062,0.24499556643391746,0.27808684517448956,0.2381174957658669,0.26909091913881844,0.2538675163067458,0.2343006297961905,0.17210194343787397,0.21594608401787546,0.21763108755891977,0.2343203521711508,0.22421362177606063,0.26330279142662966,0.2921913925889855,0.22024832272912187,0.25597656336350294,0.26851324094745577,0.24867972893298423,0.21035408936339026,0.2799419100003936,0.22000078795826133,0.2509285835435941,0.23358990868527538,0.31359848122867046,0.2283683051980332,0.21534942284654843,0.23631666985315467,0.2732207189231436,0.30741784390364957,0.2194361032589354,0.23283584832732768,0.30050669238285505,0.22758716347340333,0.22349656829974662,0.24435937090476706,0.24896447620951723,0.2448525039155529,0.26831254445964137,0.2720146577543261,0.2550532840018889,0.23801807953185544,0.2870767074389349,0.19996906156203934,0.2681816031084135,0.19489190748705748,0.2595257398670333,0.28945298261680846,0.22169831049911903,0.21284565816093953,0.26045728069358576,0.21388163410922295,0.25482937828002755,0.2252222073983642,0.29042352010210315,0.30687272601769167,0.39389909626237685,0.3040888145568878,0.23402881339304332,0.21741793286791997,0.20042122237226398,0.23593192653672948,0.30164199311437667,0.24591232985975028,0.2620626451798501,0.23555347081024564,0.19835564193338087,0.26706292187776076,0.1890949130514188,0.2448129220295269,0.3382517246088174,0.22036408697684284,0.2761547411428643,0.1877185467435503,0.2839310050584304,0.24060026388394784,0.2743848203728762,0.21799805999618443,0.22274682387743874,0.2074640114297842,0.23607496997180918,0.29482955750605505,0.2296715821890742,0.3296039360933892,0.3240901200073122,0.3135454782088279,0.2896044377313214,0.23547855458440384,0.22592891054242165,0.27842925306349053,0.21436811424770066,0.30091746820692994,0.2630713034119332,0.30074517698272013,0.2502394667492393,0.2879264545393149,0.16524006521711393,0.29877834786681595,0.22329553975341201,0.2995820526179685,0.27724581770096735,0.29775632573601846,0.32247124558633733,0.31650959134016987,0.3198243275827087,0.2826101794586109,0.2116340729324293,0.23713114610758648,0.248331071087407,0.21501401228495945,0.3298426908622537
0.3603277837068396,0.36170938859958335,0.30837486458832547,0.2841687917216417,0.2631450620777177,0.33345846461612083,0.29646986176322904,0.3233928812734082,0.2635049146370839,0.36567666576911223,0.3273218276142975,0.3689392154118484,0.3188379651436676,0.24614428554775417,0.28268768912389697,0.3629119774085978,0.31055539886821276,0.31184456527480064,0.37924413454218403,0.32788472391427376,0.42531648141202155,0.3248551286662442,0.33497562300814476,0.3345924137593539,0.0,0.2589200868846648,0.27275706361879404,0.2969116992115665,0.276369538940655,0.281121230907084,0.34602951668806314,0.34277546540862025,0.2527717068882693,0.3269798654818325,0.31136105534776554,0.2890519415457259,0.3813137489074888,0.2908527749029999,0.25060394830243843,0.3260270858625187,0.25918404502899584,0.3162516449797492,0.28662935420936725,0.3162768192835122,0.3506904722499395,0.3018011307064243,0.2723211769163462,0.30683493844058113,0.3652952816861491,0.2530690914831214,0.30583758242375303,0.3087250557086335,0.2216626453312222,0.32178305917830247,0.2901113585921249,0.3057840335913827,0.31948669062314666,0.3460182375076587,0.2853696192667945,0.2862107185868808,0.27972494596151387,0.21326923350652563,0.28005025307571135,0.23244098937700136,0.23220129266091338,0.27378561216848923,0.2799938338348617,0.3028153958290567,0.27810024185500015,0.36602435722445514,0.27686034228721346,0.2474392550683148,0.27282024908915037,0.32645638007040906,0.2883250414782071,0.29115539526757617,0.25274650629368073,0.33483173040042813,0.2560738291818333,0.22866721098744994,0.2721769753982619,0.3036014223071472,0.3385095208367012,0.2692502914735326,0.3117301874538348,0.36144379753602685,0.3155168438097195,0.2747852535116514,0.3269922589995225,0.2643843133809449,0.3015517944322811,0.30303475380092076,0.2916874969510477,0.2735000219272306,0.2793766620612572,0.34700656936782753,0.2143903262712041,0.3593706506326348,0.2088898013935427,0.29942062408046927,0.2678871481146569,0.28831998294165073,0.2781566069129858,0.3545688600225709,0.2634562923123347,0.2892778355625834,0.2694992642731923,0.3814402424105612,0.2838734505280895,0.4062979081873266,0.3655117917613965,0.27634683787215314,0.30246333451381363,0.2681128125055526,0.2670717661907206,0.30177936087100277,0.330637723661306,0.3153057660868892,0.30701347329078715,0.2682940389267269,0.23782739358742747,0.2542609993181607,0.2969070287103132,0.36433411819178524,0.23315192746913746,0.33373017217548395,0.23378857111061832,0.27301578402580834,0.3355841945741111,0.24845997508833503,0.2743228335861885,0.26664051165720337,0.25027486579194574,0.26655675925128136,0.3002261588925969,0.21319386300917578,0.30173243449502557,0.27122745277135096,0.33190421828292366,0.330437875421711,0.2566013346314097,0.3117501466013076,0.3304491645970744,0.26202942171257204,0.3358702790703642,0.34662711708791494,0.2853450394845976,0.27409249627852106,0.46808804298023243,0.20726971116119794,0.3265931249347524,0.30403404675606527,0.29231359137341256,0.27665615824559603,0.4616652999582081,0.3417714689561583,0.2999706252618316,0.3737638857266112,0.25507460766374807,0.2768361402342039,0.2524448499712188,0.30802405207923195,0.25416454655841325,0.3130213292188909
0.25725996776935295,0.23527337042777044,0.2612538346033801,0.3127001877974941,0.242133793068211,0.22385849296032534,0.25083990235824716,0.2509398975809504,0.22104088722772489,0.22184116003785248,0.29832237943576756,0.2386777482911146,0.29128990645426917,0.283766347369698,0.2364066710160511,0.30123856297860585,0.288297975739702,0.265758278646088,0.22159528848952426,0.23650284053778278,0.31708668052596684,0.23995865104159086,0.27329287759787063,0.2593513544499438,0.2589200868846648,0.0,0.25270296253939545,0.25429290571227775,0.2335378649836427,0.204364030082741,0.24671756804811704,0.2635543489783503,0.2674098208139194,0.2929896922512401,0.2571865541389044,0.28557696391000653,0.3100398406276743,0.3048916978092578,0.2562121216962718,0.3164759542240473,0.2895783186137687,0.2440279142131225,0.2933936147851483,0.28619476090236845,0.34211742268267875,0.31604967334254735,0.24980552022452895,0.30087367182542285,0.2834806001551407,0.26417138322622896,0.32072817068139353,0.3651276846642932,0.2128089502636677,0.29603686443855665,0.2781550511591343,0.24058082507583547,0.27907364612334395,0.2792889213500351,0.24820734002587522,0.27062529076266234,0.260955846251208,0.2626537751559329,0.30519778386083146,0.2356348729559004,0.22740100317850861,0.299438996341145,0.3847196505799466,0.2943046715577469,0.2907841160604918,0.27119511240090566,0.3187950462360712,0.2569002883927026,0.3110328730458627,0.3338609041777706,0.2591514936842794,0.248427050676309,0.31651562776181885,0.3323466413218179,0.36540128632057817,0.24261272661917402,0.25456701246383456,0.2845292975506447,0.24552481537268012,0.3038211174485297,0.32365241265423517,0.3036121030147665,0.2872020254984682,0.2705619817743271,0.26143347434551256,0.2740090162471431,0.329305931164437,0.24890667647463285,0.24193812703105888,0.2517732749148394,0.30101618373971867,0.24569109062888528,0.22983501492457573,0.2797452565999334,0.2412860732096341,0.32024143559020174,0.2531319044389429,0.2571181656641776,0.3274182967356358,0.2238357420570788,0.287039683012407,0.32917845426822717,0.27943291336342985,0.250181374427417,0.3127483927106204,0.2540588046980618,0.3060251528019096,0.3269629653161201,0.32057539093478565,0.27861519858301387,0.3434703501331613,0.295291992103194,0.2608552284161016,0.2158016064292774,0.2712385968799854,0.2904518254368463,0.2836807702388036,0.3014367113002444,0.30295700503220985,0.30493408760450275,0.2285767202189104,0.28409163118754094,0.2601581698354026,0.2736034819618887,0.2997254928869728,0.30919972363710135,0.2068673917674136,0.2775310144540341,0.2819597345540854,0.2925947945477687,0.26109981861237,0.2103710185605394,0.22038457987659418,0.3126364079207632,0.27612616084724756,0.25736797027385755,0.2520904220911856,0.2666839468348219,0.2763432925610429,0.2585013288821488,0.34615896561709975,0.30867781942672423,0.2448120912401985,0.24305501334012927,0.2586185665990646,0.19908075758373564,0.3032408048052414,0.21986150273523758,0.23699811278980332,0.24584950905624606,0.2903902210778339,0.2776698871406329,0.22911779916431108,0.2830848744466025,0.24340609364289043,0.2937442671045039,0.26643736338142066,0.26369150584059275,0.2732038276010803,0.2844959809354324
0.2530110974240826,0.25085554182126335,0.2602783224731967,0.2809919870572209,0.24795442967173892,0.22261090639263312,0.26065390471841593,0.278397348088671,0.2505542214404705,0.2516541366619124,0.27758841969778303,0.2587490875799765,0.3125892192148009,0.25565510474889774,0.23695414981181345,0.297529376507468,0.2831601798395199,0.27291597590453487,0.22012074603168422,0.23811306226555173,0.24542390469512945,0.2574483990678121,0.3331403746497979,0.2531951993709101,0.27275706361879404,0.25270296253939545,0.0,0.2971598995647662,0.2168034596841257,0.3115771639365513,0.2470605407499792,0.28273915286868917,0.24772077520221866,0.27524082603696426,0.23093155719517902,0.23778883775687043,0.2885607898821848,0.28038900764803326,0.22287976010513313,0.3100161378161043,0.2274460279554863,0.2784367270628566,0.21373409891531417,0.20487462654204747,0.2962858910808449,0.27770560873799427,0.22817353142584562,0.20390134233952933,0.27534839393830524,0.239768022408452,0.2448946778970733,0.21612130605054913,0.20827352784513575,0.22801288136819053,0.23493613254927923,0.23235005555726698,0.24311569777212294,0.2873164062509229,0.23303848564727886,0.2869788838941838,0.23155018239863265,0.20790197701237018,0.2080612846646417,0.21436005828188395,0.18263314099893252,0.2098257631793266,0.2900196299920295,0.23769142441941088,0.2716438668643368,0.27400964590125354,0.22024307598626805,0.22995759417802672,0.24700183180708993,0.30138375552149355,0.2812074326143027,0.23780476757199964,0.26827422958837044,0.3116115058425739,0.22130828261185015,0.1942104791994594,0.19405514501870236,0.22636894179697875,0.24481605419777358,0.2378313584439759,0.24825787123270046,0.2986926431602032,0.24775812762509117,0.2526176148410273,0.3184777208925329,0.25171109866422686,0.2753601469400213,0.23797165704296447,0.25080118137463303,0.21844851703705112,0.2326837595391286,0.22826902867682994,0.18668221570817872,0.2480959412399382,0.20108465035155199,0.27667588888884115,0.2334742294999626,0.22696779124385966,0.22615890228958066,0.20993774001799645,0.2408328259752861,0.27798369497485886,0.2348642854969094,0.2707955345065639,0.28443021261341317,0.2429597041842371,0.24257799943928018,0.24410633651912603,0.22996181689300788,0.32171544685520437,0.2302482944786947,0.30008665808824625,0.23303808984171875,0.2261479702204719,0.19398057475987948,0.2669140362955093,0.2261535637821324,0.234773440188457,0.2132089410329276,0.25977837259974024,0.19008413905560104,0.24027817141644314,0.22195946286086932,0.2742346238781938,0.22252233734563018,0.2520983379303321,0.27464266758193256,0.2356133870410143,0.25495684183081574,0.2165670459538326,0.20918281719534323,0.16778997439420118,0.21860709998049674,0.25432304058618627,0.29786734959610683,0.26809151819763544,0.2019466794665461,0.23612095075763714,0.26727738886823615,0.24527546435284728,0.2574663753642599,0.2472614022316795,0.2359379972025359,0.24010353349413,0.2428584266140312,0.19883689939882052,0.22517586813041865,0.204754067824345,0.29320819995718683,0.259208605422937,0.25330685668902364,0.2547982118908383,0.2937159476248216,0.2701383593242467,0.22810392352744538,0.24635622037634775,0.2137037341614654,0.2172298144750779,0.23221595105348036,0.2426480868117898
0.2940206535129709,0.26762283604482423,0.27352531032787886,0.27060227545540444,0.2297623073386558,0.2594676033443883,0.23640276518534123,0.2784066134597844,0.2286134112129929,0.28417063019490707,0.2992157740401389,0.23053760718868332,0.31901394266785904,0.26821438024391075,0.22094373948472457,0.3362829821337279,0.4316634964107409,0.3180703139598597,0.30272126162362406,0.3228344421881885,0.30542449635825386,0.25029305131699914,0.32096456113244753,0.25173323794756847,0.2969116992115665,0.25429290571227775,0.2971598995647662,0.0,0.23030673063591597,0.2640418114429103,0.23272480671779766,0.30951350516025505,0.2388480679006826,0.34037021312351906,0.27936620599347967,0.2326157469369196,0.27071127935097494,0.2842638636917969,0.21432232562333056,0.3047859431129371,0.24562309039488814,0.2669328428590513,0.23669294175154895,0.23772740774734336,0.28543090160944307,0.29584500177730705,0.21095769836371434,0.22204326051420328,0.33572548302357863,0.24892080698344646,0.280620685274659,0.2927597228083575,0.22589272463814358,0.2593508709820211,0.2393175880704672,0.23585494011465316,0.3056468895011736,0.2663083089247224,0.26826617488393784,0.30268253955637525,0.299702982539127,0.1999514336800283,0.2531394619503514,0.20962139111587288,0.20626132677900605,0.24889129730119272,0.2739919020473372,0.22461751637675081,0.2860405791225182,0.2961229343293314,0.24558380842721314,0.24375867998193274,0.2727512173758518,0.35229777991360617,0.35275471529125585,0.2735243460894815,0.284052715478528,0.2662269919970832,0.2694042359398891,0.23496841540375624,0.26125717038767005,0.2406891712245568,0.2541842444763063,0.2988226207160763,0.2745183803386805,0.31098753512242017,0.262949509773166,0.24703430035347693,0.3318000277581885,0.2135790076281792,0.27487064150293533,0.22299972598582768,0.27015482089837417,0.2716190418108154,0.25844638986708124,0.2130268442342401,0.20056575100256277,0.26473495255122975,0.1879186523117776,0.34972080431556435,0.24550238866092752,0.2248665189695242,0.21906508291741203,0.2215091608829548,0.2530236653075534,0.29673079465532626,0.28087033704189635,0.3569006816609837,0.2765791196617542,0.24713731191970506,0.28086982105393155,0.23394353461728912,0.2859407788351973,0.2990362558811541,0.2777007387515489,0.3482245572708429,0.328239063796756,0.25240560529982664,0.2700091923367648,0.27431707754045637,0.2305121762347271,0.23027202361134658,0.27018072919426894,0.31697045499346144,0.20423790207386577,0.26013217477120887,0.2442112697074842,0.20848006366614424,0.2935390530004894,0.24404114187554807,0.27411060216483735,0.2924494154324476,0.25243616704589605,0.2401534394011411,0.22561293269957364,0.19362118481248947,0.23870241244760815,0.25331428108324444,0.2825216007561646,0.26004223779377683,0.218602400974079,0.2457698214721998,0.2916852500796246,0.2323173836964809,0.2632439892103242,0.24278572900954834,0.2200742324890011,0.2797267876273142,0.2876676754443318,0.21770639769353048,0.2660396459723098,0.2402096354185704,0.30840064795135613,0.204277952095619,0.2755508173660033,0.24905308814130964,0.2929830966696952,0.3052566409307925,0.23179053037234562,0.3101524209302372,0.2637791925819038,0.26197057536981444,0.2284330503587398,0.2830925128559302
0.23449430593366888,0.3508792386676092,0.2578899253347508,0.2603126287317132,0.22297735729769189,0.2469708979199471,0.2539626494365822,0.21766277881920718,0.19882137810787387,0.3096469395491501,0.29121927662084907,0.24689715813339083,0.2495053811835247,0.3078587581354836,0.23661086721267727,0.26313633722213614,0.26591227680710594,0.24045134545730115,0.25004477025509314,0.23097687944310877,0.2616705052658483,0.26377836191540976,0.238398130122429,0.24489328387080578,0.276369538940655,0.2335378649836427,0.2168034596841257,0.23030673063591597,0.0,0.20671466840170608,0.23902725955858867,0.25721345211358476,0.26872839821224187,0.2110239269013593,0.28084408483553736,0.25676050815927537,0.25585856818218355,0.27360412797017325,0.24056229756061356,0.2879857756471546,0.2900591167138612,0.21968629059266095,0.21720473357158177,0.2646333307193583,0.2453264319563822,0.2168094874840194,0.2160891067433678,0.25619403332142815,0.26453735244573395,0.22705037702111,0.2624723853061235,0.24236437901777663,0.2412638619774935,0.32256944034656765,0.30225798683050475,0.22757810576192847,0.25043442464211757,0.24255913201025894,0.2722325145061042,0.26224339946768466,0.250747246656294,0.19636035390235806,0.2219069927612524,0.22684459269537918,0.19666162638268553,0.19956125827079293,0.23508426042899716,0.2188753573338377,0.23096112584909806,0.2438491101679088,0.2278405592058993,0.2552774241905653,0.21659176132170724,0.26440920606176094,0.2408988060622968,0.2392454381931147,0.22497906295238285,0.29462878613083104,0.21824991495172555,0.2380829158538491,0.2418157822683699,0.21416987982573502,0.25376685708866553,0.2480745316008138,0.22542719635517292,0.25068097366880276,0.2166837407420877,0.23319469891458042,0.21971537161821034,0.20691347139960298,0.2559163721238271,0.23717331345205536,0.2976032833902014,0.23366186892578067,0.25847149669260605,0.27162032561233873,0.20284260690127937,0.22431974439262797,0.21893110468515745,0.2392303978220818,0.2741764150973831,0.20759916559246952,0.20512903935309165,0.24766715975047343,0.2362514677795891,0.20703168422613794,0.20911222386349043,0.24421063948601873,0.26781526887814233,0.25112193598795435,0.26101919452776295,0.21619989485739632,0.2425606191176134,0.23597448427629783,0.2524419330473337,0.24935585415029637,0.2578083610921154,0.2503143206009413,0.25350837732358855,0.24641858664453017,0.2459574490251697,0.22477954360312644,0.24830074447246503,0.27740596463299283,0.23868888646761482,0.3619048103350087,0.21295964145414514,0.2303399270478935,0.31917817934891773,0.2553462401878066,0.21541178763869945,0.23238030642963556,0.23993408364076466,0.2594096350748131,0.22977024979599062,0.21023419189249806,0.22231568936921486,0.27266914369128314,0.2556167853725375,0.24148737590058159,0.26167210702285504,0.29769086388044574,0.2678421544485985,0.23280092490962057,0.2895312545429143,0.20747287924832328,0.2114109053518861,0.24065866150077125,0.2880197096551722,0.20061120953446435,0.2319576984645715,0.3086889634166361,0.23664903485264843,0.23068960799496221,0.24604820079955542,0.22969666232448707,0.24233313517573601,0.24453922102081782,0.285897278173788,0.2424237459092887,0.24924447486600818,0.30896912344813426,0.22026041521368186,0.253337200190197
0.2751077686943451,0.2514847677567612,0.24497563247951812,0.20872443051436734,0.2519239497119846,0.2390038607887965,0.24623725780866063,0.2574440416429707,0.3354180456269956,0.23213828874194695,0.2538927369963994,0.2934895532672113,0.25180270075849576,0.2202868047414123,0.21965846663712219,0.27939227849727094,0.27055060845014944,0.259523248286489,0.288306277232925,0.24872809753075037,0.2769430669072134,0.2518588331239961,0.27211697386527456,0.2418812090567055,0.281121230907084,0.204364030082741,0.3115771639365513,0.2640418114429103,0.20671466840170608,0.0,0.26165778838262593,0.2822154368937017,0.21123824251762324,0.2346426263662083,0.21993312248306213,0.21901450951887194,0.2868519299381671,0.27954471129471703,0.2231817494404801,0.24716396405726876,0.22376703846086257,0.30184522846861134,0.2377182586803646,0.2239964559090137,0.25140864231916454,0.2490306544901385,0.278130421033968,0.20887414613779628,0.27450306796618384,0.2424564736070574,0.2655305946221459,0.22366775828909338,0.21151290263128247,0.22341162343518672,0.21665817190904554,0.27393842227267323,0.27218119769223514,0.3021028251004421,0.2227665635230431,0.26249294503437237,0.20519893236661854,0.20831528245553163,0.22638214331579204,0.19317211933295497,0.20032327829172983,0.20667678162353117,0.2137128611970346,0.2554025397706351,0.2516215618675966,0.2730894119345119,0.23555293673698688,0.2117130490239128,0.22294734636528604,0.26622645638692155,0.26670303793837624,0.25358296072966297,0.23361370264563389,0.26816303195676183,0.22427307069407562,0.22167323099300007,0.22064881765157957,0.24097895364648242,0.3655992008101415,0.2131300840170677,0.24765502191062994,0.29799002186701284,0.24222096597367132,0.2549956420855957,0.26545446292881,0.26387428203865426,0.2937126040117752,0.24464500857207175,0.26320464349874245,0.23421511149566243,0.2347752531346604,0.24274943550764286,0.19808049119347498,0.22922940842161724,0.19999336497615408,0.22424686198102323,0.21600326565924077,0.21996141202539718,0.2210744192225318,0.22523571029590073,0.24171692302934727,0.2466774132112147,0.22328721189565592,0.25127718695988327,0.25273722747154903,0.2568513966795592,0.2503717873098282,0.2343698028629523,0.21747152384396792,0.2695936935304996,0.21464733103193956,0.27097472029673386,0.2372712477226179,0.2524315762075815,0.18872388948311147,0.21926296602228212,0.22804457548202164,0.21562200297991838,0.21741467258134833,0.2984122662853148,0.20427675500895867,0.23998772962410825,0.21466404329217698,0.2574257951144228,0.1994952465409802,0.22528069432315181,0.36279529073410427,0.26680491412154766,0.21856391122074026,0.21918758308143024,0.20234014604157038,0.18251048040586776,0.28135385969759485,0.2156219550778506,0.22415226050598525,0.3141941702652182,0.18632349182621655,0.24853903425667,0.273022979276553,0.24482988582345336,0.25283985286555377,0.24440366601507196,0.29796948528116607,0.24072002653635832,0.2654529323813764,0.194776174451885,0.23130941793515,0.23517273672126168,0.2852521489091549,0.2723567489802456,0.2589940364101183,0.2519857528385477,0.27434978735403176,0.2941360947713823,0.19040309895072152,0.25377284127933575,0.19052512582301975,0.2476037257212367,0.23298637903073244,0.255732965231071
0.3253528152397831,0.32484460572705365,0.24730437112425782,0.2517687969360379,0.2850074734645252,0.29301736491748986,0.2781090597516108,0.3325024717974308,0.3310811496740609,0.2749006449920333,0.2704275741639995,0.3164972865478876,0.2831907217146397,0.23395696616497333,0.39099603588916965,0.28900884711051955,0.2498914753803818,0.26682873920409256,0.28776430240583056,0.3175593108229424,0.2984432665977387,0.29642392599727213,0.23932054053795887,0.3026412602828627,0.34602951668806314,0.24671756804811704,0.2470605407499792,0.23272480671779766,0.23902725955858867,0.26165778838262593,0.0,0.29165629331370374,0.3018342192710855,0.27546695245978153,0.3320333918054787,0.2917092519106893,0.34707296142416266,0.2994336957178406,0.35456935082835594,0.25195023570236036,0.2804457911095192,0.2489407814758226,0.3166281134863204,0.34852522761047494,0.36791152970627194,0.27579501787522315,0.2559180299127044,0.3137681141502257,0.287696019219133,0.28607883310684906,0.3104082972525237,0.2484803121375348,0.22774155287838785,0.3132088485904579,0.3136905758945427,0.2663904772794439,0.28179772027285954,0.3124431051118643,0.25889210183804207,0.2610798772758267,0.2729013818966334,0.2200868029267176,0.2551977191094795,0.23029470885723646,0.2690627954719665,0.24943309125097943,0.27029239083120915,0.2972546353674184,0.24199491773109097,0.3316350266484383,0.3241394283303247,0.2779898279739908,0.22476705073229847,0.2871676218374908,0.285894529391827,0.2753251601189785,0.2418244782384561,0.2956040015178275,0.276361262280978,0.22078218932052257,0.24303581597261564,0.3457450722678632,0.30837279926475264,0.24890072749475972,0.24823840096525276,0.33472399029267774,0.2856170993810215,0.3063792382536147,0.29740997230407396,0.27177182150740936,0.27474155495178343,0.34785157731133726,0.3054031089591176,0.2541297770016712,0.2486921110885686,0.3412081947096734,0.2780063344443187,0.2995602180422712,0.22940718838819382,0.28548086413185486,0.31424004258033883,0.2623221964457467,0.25117035737740945,0.28756722662252904,0.28972313171142955,0.2712920356928296,0.26340431542142584,0.2729389963594035,0.26537938556150836,0.2827400522775088,0.2894095031480795,0.26160124912274335,0.2738613301615514,0.26145823284654074,0.2563392502472631,0.2605454581028806,0.2701707114007315,0.2819743648077747,0.2070435514213986,0.2387470420907093,0.2756304161459784,0.268554282783067,0.23188251464026258,0.34672594826665387,0.27381453203933964,0.33494612059712875,0.2163364777175599,0.32110642967349773,0.2487395826120617,0.28451977357404135,0.2682193247144675,0.26573196128514576,0.2434401953334421,0.29147539497360714,0.32996363504214804,0.24648662629008988,0.3052281729006496,0.32585812878503273,0.2714164185510571,0.39342649465148694,0.2685460904052558,0.2630446620901623,0.30900671294468063,0.2660681474482763,0.32050650624692006,0.30553611661950825,0.38450428627968375,0.2636515741306162,0.3083777927072767,0.1751142709763817,0.3852332866624652,0.28851229338229706,0.27129657083037234,0.229945498153538,0.3258523948031081,0.37267326420870983,0.24882927559470214,0.31870013354489857,0.25966651940104635,0.24738281347314595,0.22428876154206884,0.30768521820932143,0.23801288409680615,0.29101313677194834
0.31975480258671585,0.2997842247456672,0.3106881712647185,0.26902187324499627,0.22863653752968882,0.3632925068368253,0.24466616885497436,0.3104600423407639,0.25631395856495204,0.2956396089005128,0.3011845183578038,0.2808326017286201,0.4013640090127385,0.28242092012818604,0.24514578371811802,0.43157562011017264,0.3632960849981299,0.3078353632118171,0.3541854969831769,0.31753242490729083,0.34509001744449497,0.26836537755103,0.24776251422536172,0.23312054838131394,0.34277546540862025,0.2635543489783503,0.28273915286868917,0.30951350516025505,0.25721345211358476,0.2822154368937017,0.29165629331370374,0.0,0.2705380410873928,0.31010808875100265,0.27602784183874257,0.2943563454000179,0.31574488221876057,0.32408523179077525,0.26925354747430386,0.3138261957832448,0.2566064239120884,0.28216113879135574,0.3083312351948026,0.26975130918548523,0.32455402090322305,0.32758673190722737,0.2650985568038381,0.26619204803482205,0.33148186442566957,0.3286999484282901,0.3465336572885629,0.3022509193495385,0.24967834978825587,0.3041312940303275,0.31697527625441274,0.2721499999672626,0.3563197997125355,0.33174837768042,0.31484392960241525,0.3539054687888191,0.3273311403063842,0.30495841422605574,0.29095077061644975,0.2439936079916391,0.2509890493262569,0.30555349505692764,0.31357582949570767,0.28831339483021057,0.30829786631501555,0.3079286090517066,0.3221328045398363,0.2749875455010538,0.3013390809115209,0.4328151472307794,0.3939313963741889,0.33211747597436114,0.3323190515201394,0.29627881660964883,0.2701850327958392,0.2796500283259233,0.2962761595940767,0.2765957407596272,0.2832339021451388,0.3105102054296095,0.3216556242007911,0.31642496155276206,0.3140930614549416,0.34335926358415153,0.38568434360167697,0.23828239969794163,0.293690913393313,0.26872823278283564,0.356550123395018,0.30912864417763136,0.27838246575244535,0.2538666030789187,0.268371831694683,0.29411446389426654,0.23303088363805752,0.3592058711863062,0.262052928335795,0.33606716744018944,0.25254915706193304,0.23212858798834482,0.3360509446930737,0.3372168409247564,0.34936748376385224,0.2700204729269134,0.3197516184632186,0.27542923209415654,0.32901578459364844,0.2740535469836927,0.3394595333352823,0.31032144875843815,0.2866400594917832,0.28147378667676565,0.35768619041792604,0.3251718400456463,0.2790825804376279,0.26580441188123005,0.25711506650171834,0.2539428177064882,0.2876195775599951,0.341514838792923,0.23820376202052623,0.33026179794349275,0.2973182845153272,0.27046574900497516,0.30929722543087806,0.2835449964134484,0.29077990349849403,0.3619486603937604,0.2879026604892178,0.2522043926022789,0.2685604767248656,0.22034841612821218,0.2638497960196322,0.25860205110948475,0.2902327587174459,0.339119340287855,0.23542825464095066,0.373975326700092,0.3158513608000539,0.29073154136883694,0.32054637493951743,0.2559835221345865,0.24964787869288638,0.3070717803990273,0.3199547657973537,0.22669931920585998,0.27823799818644585,0.2802445290541729,0.2898312034647243,0.2556270846405984,0.31549540863993786,0.2779370160093226,0.28179608140692947,0.29176319945108253,0.22014516840786671,0.3785636454235416,0.25721016505439,0.3028452436114256,0.26098280390897294,0.26686455289459887
0.2641871870342324,0.3148289773288447,0.24385760977986684,0.379923981079246,0.24050154852735509,0.2899290354398427,0.30057927936691314,0.2685267724205511,0.23790720878914787,0.23365383462345066,0.26879054514947476,0.26750688625682845,0.2812750362099204,0.2692881432759851,0.36952747284139215,0.2566828225851882,0.25792365029238623,0.2820469384146947,0.28545734848073206,0.2655361120664512,0.2949846879809033,0.28034454395633895,0.22592396030980935,0.2667363445629162,0.2527717068882693,0.2674098208139194,0.24772077520221866,0.2388480679006826,0.26872839821224187,0.21123824251762324,0.3018342192710855,0.2705380410873928,0.0,0.23261085358451417,0.26176129384450675,0.2846993028348194,0.28424755815942454,0.2993439808728341,0.27147736463150773,0.3071538564991197,0.39140449514572295,0.2156041182295307,0.2753449266349285,0.3069487018753981,0.309885559331461,0.2952281206285759,0.23639530070767584,0.25169417501073527,0.2735414929187091,0.2877746145068983,0.33041987706555986,0.2968335142661341,0.2575343697208824,0.37680403386346206,0.28949547846560375,0.22556054874110645,0.28773224595264507,0.2745334103063677,0.27760618530291925,0.30254911190722433,0.2771901584615518,0.24066455603453651,0.26184626355921675,0.20477561712661313,0.24189119186513408,0.24428434185739478,0.29934886344011885,0.28819757512437155,0.2613529035399097,0.27008876127711523,0.3236758221756773,0.25548001444774665,0.21511095885036358,0.3069071597262749,0.2871999782791899,0.24626948094769455,0.24783328576883976,0.30205339929446123,0.28949161480010766,0.20594064576037685,0.24702307560970646,0.31326302131095485,0.28440359078990435,0.2596942652629627,0.24544352368551747,0.30469005259167886,0.24736645650818878,0.28139413929734675,0.26646078880926055,0.24678468503357234,0.2913544565077934,0.3159278381669237,0.2875582497976496,0.2517329993316563,0.2648483113724176,0.3297713179662617,0.27266441216850834,0.26168432706022976,0.20414830776374915,0.29889882423213726,0.27151400061648695,0.22834023073129314,0.263194685741856,0.2979631047115899,0.29851761767915863,0.2850071815565292,0.2712629586357349,0.22396970976074546,0.33909366096261323,0.23412350044927013,0.2837188705015526,0.24496923237030985,0.2668475915754712,0.2440310997765405,0.2977381122929442,0.2577960214482376,0.2507033740841907,0.21854661505122527,0.2337712818631531,0.2391297358383751,0.2496718123862528,0.2700274557720518,0.2271569265700088,0.3321351637595188,0.21841940560385734,0.3610778003209451,0.2221894040944927,0.2724433959258184,0.26395688384593774,0.33616751466485784,0.2155972295435003,0.26251315530112884,0.2231824504179624,0.26232158478057627,0.26001281880259525,0.2262949400312835,0.23164597880290114,0.3381939781083976,0.2951977459532308,0.3228274418867352,0.4139570748089052,0.24610314251424542,0.3083856650498067,0.26899254447212306,0.30686633997770696,0.25175024139659213,0.2815783974010293,0.2891879720103333,0.24739927666938571,0.1685409339546129,0.26974404798208146,0.28260689578561526,0.25723855088746855,0.24096549217866775,0.3101717944998953,0.3008011291216278,0.25502932460438976,0.2807716381129467,0.32545487098380455,0.2275867563985225,0.2527136333473779,0.2685235323683262,0.22969394772699092,0.2564947083327837
0.2755654964394482,0.2501863659169541,0.23211947995462517,0.26764471297385306,0.23425862085998864,0.24523947651869576,0.2788920079338844,0.2569201158327229,0.21342981677562545,0.2468788253293015,0.2505679166668841,0.2845962997996264,0.27395860944558065,0.23193046606323284,0.22549925757784783,0.28697029430468285,0.29517416332156005,0.24989399696003464,0.281239887453555,0.28546808614317426,0.30148332331114897,0.2136107120375507,0.3451838175690928,0.2558736763814534,0.3269798654818325,0.2929896922512401,0.27524082603696426,0.34037021312351906,0.2110239269013593,0.2346426263662083,0.27546695245978153,0.31010808875100265,0.23261085358451417,0.0,0.2728292968450883,0.2655473031539508,0.28703684390808876,0.25768838240020847,0.2379072972857419,0.2869195180850459,0.23283540997774438,0.2731396305335298,0.23986356654734647,0.2589901182102822,0.32662537950235726,0.2972302870282282,0.24238556640435643,0.23170020856420867,0.32904334331860824,0.24256625247480615,0.28022547450968416,0.290779698249155,0.20546428085179133,0.2498294046718027,0.26093652170124526,0.2564075595610654,0.2729956692268874,0.2800120224186999,0.23410293014080205,0.2852469029773972,0.23448472551131389,0.2182649042807979,0.23644893972942074,0.22546638750535583,0.2086137548916183,0.25351614941957007,0.2950268618533885,0.23115107064130358,0.22080347380571494,0.2674915510411282,0.24470182211857275,0.23688802634841225,0.26676125563191505,0.29912214606902254,0.25939895032952304,0.2840547483213807,0.28642989426897947,0.3085396172584202,0.27173874708529383,0.22558827344874874,0.23052010883344498,0.25560238541633584,0.2383996348974142,0.24734205648991747,0.2894779316856413,0.2940318919225553,0.2671828439098269,0.24049945873768797,0.3313018112704922,0.25750322868143466,0.26648860266787566,0.30592753062259365,0.2413808375667626,0.2642615242274393,0.25055847764871897,0.23418186748998246,0.20773638146753867,0.3601339064420439,0.2137296675094356,0.35053300653952246,0.25128612000800804,0.25111238293222876,0.2685533310028085,0.2399065211352007,0.2511406931202384,0.3047612014828525,0.2638635560263996,0.30479080176954015,0.27450576059730186,0.27014972022838485,0.35432060072541766,0.2668750096675109,0.2818567207473974,0.2665736966088834,0.2633279213927527,0.27402728854252606,0.31045617688411165,0.24863972894198583,0.24606567632310902,0.2818242129222142,0.22141542001456063,0.2413349786339565,0.2977126933955437,0.32593950367396884,0.19940711956789275,0.25862971559435477,0.2449860836504071,0.25154927345727685,0.3149362803212128,0.226604569845331,0.2353807847079744,0.23494481002048498,0.24178741704920886,0.2644411736277644,0.22854212367877186,0.18672137689675694,0.24426672598728205,0.25563484821143917,0.26938705281095987,0.26328104833876925,0.19684921503119315,0.26172436749708133,0.3022514346018134,0.24385211139291155,0.29113999121964673,0.3279409354515349,0.23494790105742952,0.24069485851051983,0.28336125086767444,0.20149780836681244,0.2772832880360217,0.22881816818232267,0.2459537841697988,0.21200773385362362,0.34342932895712497,0.2620340246624022,0.2477623251715404,0.2886516687775722,0.21220657425042372,0.3032375025227594,0.22360051759095118,0.25055294182407745,0.24430182968166,0.25887567307559145
0.36575906681375275,0.29560733442820164,0.22873540943747087,0.2612177184929163,0.3532270828432611,0.24275357026451394,0.260959887588106,0.24885130379819573,0.27652209860929816,0.25038019709307274,0.28359239660388585,0.23636690330292368,0.27543369401777285,0.3347617980041988,0.2871275500511769,0.2840512457313599,0.3113910533626792,0.32875638469927876,0.2721461148854342,0.3588877573545509,0.3232958968945783,0.27267312973449465,0.2631763534003947,0.2825450469757761,0.31136105534776554,0.2571865541389044,0.23093155719517902,0.27936620599347967,0.28084408483553736,0.21993312248306213,0.3320333918054787,0.27602784183874257,0.26176129384450675,0.2728292968450883,0.0,0.3279047896847469,0.2959589939684564,0.35656919526337877,0.27272740192856904,0.30827636934357283,0.3063642908791034,0.25523385304523505,0.28391945833543897,0.3844913734134097,0.2955055875623186,0.2578226891618792,0.25096539154591113,0.3169856169793712,0.34643067376169884,0.34544833022778726,0.3008244474471337,0.3112244080483311,0.26886579251714837,0.29460602107107015,0.28473877572581224,0.25948990209041367,0.3131159932916134,0.26013996579620824,0.3032229326555764,0.31942592622319743,0.24798915613566763,0.21856150483552667,0.27097014613963705,0.3071268377861278,0.28532491050991926,0.25314921406276264,0.2771561473667898,0.2544977482733848,0.2606285783134368,0.28541945787597484,0.30264859861604115,0.39665429129344015,0.29252519414426337,0.29687018264885884,0.2762622333110222,0.2945744382478476,0.2271766570000803,0.2828538985450006,0.2602715926705883,0.22500689686601036,0.25245635009156614,0.3082503506950968,0.25754179133472604,0.28236025130464887,0.29916994077609305,0.3170566736140508,0.2716405989026598,0.29430961419116475,0.28049209005003045,0.23650473462020896,0.3453483198246254,0.34359340128839466,0.32852501353264474,0.28361842555386113,0.3202369300588947,0.2635457228985876,0.22646229982674898,0.28674065993487324,0.28325514248972156,0.2988425176273414,0.33295127586507733,0.2160116005411202,0.2648092636068152,0.24777165928220962,0.3323575185440415,0.2587804589664757,0.24229572305829597,0.2841045761670449,0.29928296109150576,0.266201008329905,0.29787093765659217,0.317291526492543,0.30056285691665763,0.2699056206419939,0.2978468598658997,0.2762130519341308,0.31014595809969486,0.29105145062012017,0.27036376930310224,0.31072999343816876,0.3865780690285929,0.24623342288428496,0.3203737481474405,0.30000473852995485,0.35036027712058565,0.2604333105737112,0.25253500248850297,0.229709375016372,0.3161472800250461,0.30422573449297347,0.24460680441217506,0.24848649954205432,0.2592582039485449,0.3547372608625603,0.3136704018742771,0.29148158825928755,0.26471175973877326,0.4556902657771516,0.28807898045175495,0.29370116379176275,0.25351687278459645,0.3105687782874093,0.3421589628856938,0.2791874955973249,0.3371551057215876,0.2903712488103753,0.2792443346779256,0.22442982039587966,0.29312479976940287,0.19756337220884015,0.36519940054678496,0.27807805130740365,0.3047478182026885,0.21267079984450363,0.2787313682468625,0.29604769528829844,0.23577065014787446,0.26706233810125696,0.3350436916095708,0.26437805864359126,0.23546632226089215,0.38075457387575573,0.2390521755076041,0.3652562557602558
0.2780374853832074,0.2843147812816888,0.2585268658600168,0.28768827491203625,0.2853231613522851,0.24574687428253833,0.25293329014539445,0.2735102486455492,0.24369363053228962,0.24193945198423,0.30912405519525377,0.27142980363874175,0.24884840456311585,0.30915515341660565,0.25351417224192646,0.27837430402709734,0.27506531383610344,0.2733178344002502,0.28300577183293424,0.2726069280015045,0.3365767150595149,0.28816741959129877,0.2470825803596293,0.2403173251337276,0.2890519415457259,0.28557696391000653,0.23778883775687043,0.2326157469369196,0.25676050815927537,0.21901450951887194,0.2917092519106893,0.2943563454000179,0.2846993028348194,0.2655473031539508,0.3279047896847469,0.0,0.2888267448319686,0.3959566359178798,0.30022485234816937,0.26972363127598104,0.37297675874337266,0.22951570284090686,0.3046105594589622,0.3456521670327425,0.3033854771185331,0.2598448005305853,0.252165104824041,0.34747182781397296,0.31227966591148537,0.3985337221558914,0.355403903025739,0.285998673780204,0.2749331260290914,0.3671137511921164,0.40825302498900284,0.23177009341844723,0.3006114442627424,0.2903064896085539,0.31029676185051025,0.3542010839867362,0.2644501638083029,0.29919137290898096,0.2923114347688337,0.3799394933490758,0.27830411143727973,0.26400203872081596,0.26751226644696374,0.2529493980288191,0.3047586361902458,0.2605664537062525,0.30503443772587713,0.3500681453552974,0.299439743051375,0.30240674545147833,0.284600135573652,0.2348064752816187,0.2622479059707107,0.290642495199247,0.2798234293351325,0.20966606666059776,0.24886125284767754,0.32995682723629916,0.24438618106254617,0.2972257137987808,0.3308131304210134,0.3088390342054933,0.25844790355764513,0.33003063985901804,0.26082379277030177,0.24138337289648468,0.3646406158078498,0.32334830114785873,0.4124592473814645,0.2655733239692019,0.3427761388653953,0.29246403854241654,0.27716381761743464,0.2726206358301105,0.32085034115579186,0.2812204048993807,0.34751913749838764,0.2692753683787261,0.3302054145023379,0.26699192933784877,0.3901239007812959,0.2628790684760304,0.3020428611290048,0.24918979678617567,0.28296977273989,0.25984510123022486,0.30467164276406244,0.39987727302919074,0.30733011938762367,0.2744686157188608,0.3331638420693842,0.22878548377228589,0.2464265142077209,0.27600092351391764,0.2997402159043783,0.29270960627737713,0.3218806376288632,0.2958152690587549,0.28121718465562334,0.27244311560093726,0.273193928414087,0.2725753239983323,0.32079722807873623,0.2874198728579072,0.36507234123682875,0.33493911647376057,0.22303439230087935,0.2656261618935169,0.2554783672831955,0.3364163421546831,0.32551132101737323,0.24277492249413116,0.23047042800744105,0.31273993810227885,0.30743297997376007,0.329100934186942,0.2728439317406008,0.3587716153942545,0.3111151508855083,0.3973181314417049,0.37332715276940087,0.28377789664233016,0.2920035724530367,0.23570270398341697,0.2799789645131645,0.24332141613333647,0.3046237471830376,0.289030246308905,0.33116383235625946,0.25028029779910677,0.3010494048919266,0.27238684404066593,0.21376649905824896,0.2516101360477913,0.2653445412013078,0.27370711649857254,0.24811036842307102,0.28716266135595025,0.2587893950454227,0.28604437070707234
0.383087153375393,0.30773468192732856,0.30056393675536164,0.28901221592497306,0.2804590587018712,0.29508527712724536,0.31343378469683997,0.3256120175141528,0.2671064162605973,0.28863501207395303,0.364116902206005,0.31004542845471283,0.4200653154829888,0.2662886960384968,0.30319160691344943,0.3421583257856624,0.2984482702581319,0.31125026114930704,0.26991580687208705,0.3109376283286941,0.34897924070280784,0.3178287641540564,0.29365057872400185,0.3309342754098889,0.3813137489074888,0.3100398406276743,0.2885607898821848,0.27071127935097494,0.25585856818218355,0.2868519299381671,0.34707296142416266,0.31574488221876057,0.28424755815942454,0.28703684390808876,0.2959589939684564,0.2888267448319686,0.0,0.31684860293292827,0.29758984951590817,0.33798437538506854,0.2624940067794816,0.2848827818957281,0.3240498455790209,0.3206961582346036,0.41688497244648653,0.32852113185413184,0.2772579286744325,0.3707782594774099,0.37703581596241165,0.27369278947727055,0.3751315667639079,0.27374829499053277,0.22763374941480138,0.33376272073301166,0.32668694345115273,0.28337048200125386,0.3122781575648244,0.3261229533812079,0.29018941491615546,0.30985042192196466,0.3292823102260766,0.2287942329213374,0.28263537259658755,0.21920769976162394,0.22992782531766875,0.27163359105356594,0.3507861724684153,0.411890640231601,0.28226444633523023,0.37052755312543983,0.3626607646305537,0.2735361312000931,0.2663014733777146,0.3899709293180632,0.2782824374689924,0.2969862838917584,0.3310391784142534,0.366502598667439,0.2959543159886206,0.24682716227230647,0.26485782212288467,0.31380922723185567,0.35297601162587827,0.29493997301988295,0.2768722573605523,0.35851887638544666,0.3834321248861248,0.30906505610321355,0.32993647301258083,0.2934952684673313,0.3330999325369735,0.29704969927652713,0.29583326887275435,0.27706876703005195,0.2899997801526855,0.34322262667628944,0.24022504807313572,0.2811920246264981,0.2145737628265758,0.3088425289913872,0.31287710647912725,0.2886639107705749,0.2619828425395816,0.265349635413857,0.2892770797143327,0.33009602329154886,0.27679684738726307,0.2935854018006816,0.31742530968285826,0.39051910686449226,0.33864811502537273,0.2707227950467691,0.3143762712263021,0.26754509269193205,0.28014180718819814,0.28131918128319233,0.2667865219039054,0.27496283695765833,0.2524141486183017,0.24709374854593277,0.27091160629913097,0.26983070827662453,0.29338357464326253,0.4019188249551677,0.24465095409851287,0.3420970031795097,0.22205973691849049,0.3518866232287015,0.26375811426577095,0.30197862535034364,0.24390593829652157,0.28047211969202607,0.3256675972674512,0.2537578240984651,0.32511658328517046,0.23008748311941374,0.30528320226481936,0.29340985877985093,0.3029018241434173,0.3677607292006645,0.26851261905398655,0.2870455242228347,0.3407277161935862,0.2632296176467916,0.3767602216590114,0.30959427434407594,0.3211212369351705,0.2776426405532234,0.32425696692844314,0.17457490374824242,0.3595445023396621,0.2612759923617446,0.2980451239369369,0.2621698749749469,0.32834744853253833,0.47740904750052565,0.3455677950378125,0.36989354707895516,0.26420612348024436,0.279704750554587,0.24814138138818054,0.29600203981002077,0.2402118430037359,0.3367024006322296
0.32918410209909577,0.28487428331066245,0.28025727276096074,0.2907655644131847,0.27434219961333983,0.2541810714657271,0.23628819842389956,0.3041742941362637,0.3208328242817753,0.2399789411166474,0.3163093093097091,0.2645807878046042,0.30697472976141865,0.38833208756575066,0.24628017151702647,0.3605972612432999,0.35046789341559736,0.3686995222649047,0.29833377189443616,0.3371804504912553,0.36817186236107713,0.2963730840600664,0.2533219637905572,0.2407539521127741,0.2908527749029999,0.3048916978092578,0.28038900764803326,0.2842638636917969,0.27360412797017325,0.27954471129471703,0.2994336957178406,0.32408523179077525,0.2993439808728341,0.25768838240020847,0.35656919526337877,0.3959566359178798,0.31684860293292827,0.0,0.2855258875536153,0.3004890312156186,0.35266188345111865,0.25713374958332674,0.328952269462696,0.3198696539570512,0.33026153987046064,0.3070793166285453,0.2767074594825744,0.3018826247744769,0.32717515429632826,0.4392903246427565,0.3695752568976323,0.3170106833679008,0.3270139029383013,0.3408634291355424,0.31932891322853924,0.2594987078790788,0.4155084875821358,0.3078875039026272,0.34727838715624626,0.3693393909420944,0.281886742448741,0.2990568916316692,0.34002077724309576,0.33948475442585496,0.28741511013913346,0.3097819930528468,0.2933001651072362,0.29685420448282673,0.3921055184699047,0.3415010388933537,0.3423633723851167,0.37431601693028244,0.33330043283362715,0.3515471297759213,0.3871986137424364,0.2832217728052312,0.27985508109155816,0.2857311835518175,0.36298362349649665,0.25259505889038364,0.2905888954811567,0.3284447214292665,0.29055101126710464,0.39454863819451075,0.365022400931418,0.4227357059549486,0.29363206892899646,0.3765026951661019,0.3284349509456316,0.2864789465804305,0.38727277252538606,0.28750243711259843,0.3571121795473759,0.32728157556954957,0.38964744975724613,0.280338874784581,0.32375931538707864,0.27284624882465647,0.29764007161955464,0.29117030458194776,0.3449101055468686,0.2698387724695488,0.308053625183446,0.27219288673123654,0.44661501269573234,0.3223374704056375,0.3215611201390767,0.28283337173527656,0.31368536812840436,0.2519211677479276,0.28367922971032855,0.39558297887755667,0.3253801838810837,0.39332795079340865,0.37192273759791034,0.28566199016912575,0.28346881376449695,0.29336206420415933,0.270852964837302,0.32072808090940386,0.3763766285091649,0.32440747330503,0.3116549098352339,0.3102665245380382,0.3149946088166343,0.28822842237870255,0.32006181539196993,0.2716969224421926,0.3236646137312422,0.3935164608771935,0.30278590237165337,0.36201702620312,0.3268061139036807,0.3548779936653964,0.32312298293165365,0.2722902998113268,0.2680222222605531,0.32707360471211666,0.31954982989479186,0.38525576071431544,0.2858506383333001,0.3728509828190314,0.3339919887059124,0.3789475127547573,0.4213250006560777,0.29070959941771496,0.31346625054302896,0.2716492714379368,0.3113384960853971,0.25526244028407896,0.3193640632635731,0.3144841407094647,0.3629640921090583,0.23899631924974252,0.3113755316103561,0.3419901216097809,0.27241286911220364,0.27416058551218125,0.2678049093613017,0.3126121963538849,0.27317047243552534,0.3532429206413901,0.3077492089740377,0.32577332466643144
0.24482565445120139,0.26080064911630024,0.2327107434971404,0.25928777480281157,0.28005621103104567,0.23047682485005547,0.2587635720138921,0.2552756786350558,0.2433158594061043,0.21549954306174304,0.3281061908485459,0.3072167229574282,0.240175082635958,0.22157230491262409,0.30767078786407037,0.28235091859804895,0.26160547147948504,0.2372103953376809,0.27475102541668645,0.2582906325678006,0.2898273102080929,0.2945909610956316,0.21234422837019395,0.26332889694427253,0.25060394830243843,0.2562121216962718,0.22287976010513313,0.21432232562333056,0.24056229756061356,0.2231817494404801,0.35456935082835594,0.26925354747430386,0.27147736463150773,0.2379072972857419,0.27272740192856904,0.30022485234816937,0.29758984951590817,0.2855258875536153,0.0,0.24224037055982076,0.2763567333294285,0.2092092919878595,0.31349046187515467,0.3190884063182159,0.2800177562584043,0.25470349229324474,0.19987935962659115,0.344632921116659,0.27228603287736214,0.2851226290205972,0.31347483047697,0.22944617994365712,0.2342344022881218,0.336736903005173,0.3498660631700131,0.19808992651607124,0.28837023202132334,0.2875894829756417,0.24831444677421705,0.269793919381405,0.28876250205846515,0.21179881066333092,0.23413819216219547,0.23887784932572406,0.25915486227451434,0.23255670363222208,0.27783042833981814,0.24554313189542773,0.23687386719998244,0.2484359762631505,0.29963133931058056,0.2526897463038331,0.21482639865084327,0.29138072246768815,0.2667943224595126,0.23565208545588331,0.307887805908191,0.28498108827007596,0.28438059034666174,0.2224995812506465,0.2218892964553396,0.2898868664821353,0.25028950058421096,0.23176435794261158,0.24247006489917985,0.25190230005838254,0.25285985215762447,0.2822251630443761,0.2386428872147883,0.24799609089992536,0.270188903254049,0.2546738622255615,0.3364615738878238,0.24821188753532,0.2559156998980832,0.285022869772679,0.2657181909059492,0.20899853066202997,0.23058652709273156,0.22910477399985907,0.3162106738493014,0.29049949452153445,0.2324216890434147,0.22703405684466169,0.2519015974474517,0.2347356368769366,0.26584517696890536,0.20926532261946834,0.2563620562939089,0.2625166058918487,0.3074782734774438,0.2697351185629549,0.23320447857769536,0.2725128358834598,0.23187811084448792,0.20599160645843165,0.21891331902850564,0.30097670974518603,0.21886285985080187,0.21828012297617286,0.30304555576273035,0.2476138232494686,0.21891274976701955,0.29547030806468144,0.25192188601598997,0.3129037907649126,0.21413750402225354,0.2994252837794227,0.24439135842003257,0.27609386445172357,0.19514093695111573,0.2585612286374874,0.2616390521991367,0.2882299917151873,0.40424294129789223,0.24919962100448562,0.24851637764113022,0.28751613525989483,0.2598884945653982,0.3579287481375833,0.23887386816646985,0.2598361886879157,0.28103523354605947,0.28396303468189665,0.3529245224421845,0.22876000989120643,0.3158036728843502,0.2678356254389727,0.2376636227290273,0.19346367812048937,0.340096721398145,0.2556333372368395,0.324454484006605,0.21400130596741912,0.26839882526523234,0.30301655190867766,0.2245945707790849,0.23668853273233656,0.23925695800842567,0.2329939168834259,0.2068339169223464,0.238346324080662,0.24739678085898786,0.29762426836573924
0.32674542189268446,0.30901807622474586,0.27996701749798847,0.3295792496299038,0.2704109039542179,0.23189708918467597,0.3181170329249486,0.2689190260568081,0.23570183564241393,0.28943094665421465,0.2857579193492113,0.25296412701051463,0.33402338223080325,0.3224487692838081,0.2775833254615597,0.3148029780608345,0.36001471855555683,0.36729207837959116,0.2777283137594946,0.2841708782105643,0.38355275940526623,0.27692858064876646,0.33660882280543336,0.3389444656877511,0.3260270858625187,0.3164759542240473,0.3100161378161043,0.3047859431129371,0.2879857756471546,0.24716396405726876,0.25195023570236036,0.3138261957832448,0.3071538564991197,0.2869195180850459,0.30827636934357283,0.26972363127598104,0.33798437538506854,0.3004890312156186,0.24224037055982076,0.0,0.3064525039401676,0.2849153001309916,0.27447844555896384,0.26836368297214575,0.34023141682924646,0.3611290131117274,0.27693538987351585,0.2556383324882318,0.4180802520187302,0.28648326540489827,0.36328682963346776,0.32737911486773036,0.2625269017121991,0.31022389894862035,0.26990646292582665,0.2685154971735467,0.3538472039934629,0.2693895355444529,0.3462680554430349,0.3595432925603657,0.268038442988391,0.23253279537430926,0.2817403296290762,0.23480721801260573,0.2525377100481007,0.2823413358373642,0.3461434229847256,0.2808694514604999,0.27539859438911884,0.28368438703388854,0.31298061012806977,0.3104390966023119,0.27599993791940197,0.4294854525946483,0.27489902573551794,0.3003332587595783,0.3016642022752134,0.37050044615490074,0.2815208049027605,0.24620802997466412,0.26732943375360707,0.2933850154515348,0.29768178462020484,0.2568632873693177,0.332946531312531,0.3412682682503794,0.27333687200624224,0.2947908791539105,0.31399045377779533,0.2460523719155434,0.3210253813917234,0.28147626830358397,0.28968243626113444,0.28607017373614646,0.3473820539026794,0.23532691755917762,0.20963970308657132,0.2784620349718484,0.23130062014223407,0.36879800585634775,0.262907015880461,0.2568732132002248,0.26022811780885596,0.23845258625217206,0.2829589629107584,0.3129633654610774,0.27401983193828655,0.2848547273895597,0.45194860570555695,0.3278205733244271,0.32019012778136463,0.28912736647909404,0.2971791937721088,0.25835921270540946,0.30503140230024317,0.33911700705502196,0.3253166285609462,0.27070513521607115,0.26912563366477504,0.2630420751119769,0.29336979895150267,0.23956136446331971,0.3172370207463838,0.37579591562419196,0.2360765670027121,0.2950921781629741,0.26036963069508895,0.2604764355215342,0.295564796040402,0.3165919347788262,0.241979129472787,0.2694944620669237,0.2530254415234042,0.24896613190184552,0.24658909530234466,0.23075067138067862,0.24879657096081184,0.40256547795353254,0.3609604925312362,0.3123607055121116,0.23537968965978104,0.2845102017236183,0.41997769959529363,0.2518052234946947,0.3044102498625502,0.27726326791927697,0.2532629230836576,0.2919380102266066,0.3067973294171837,0.19180996285328347,0.292823982680845,0.27282285189204336,0.295749883514227,0.3132494108972099,0.30737679468173024,0.28900296525502855,0.321543282300174,0.29819082822569715,0.320484538804951,0.30372751415164123,0.2816244973207969,0.29608167725686796,0.2666741226943353,0.3186307401498723
0.27241780955590184,0.3139930984088331,0.24610802724490524,0.2994931555973355,0.26861451142138054,0.25310266726747477,0.29796316992088806,0.2568185560336596,0.2279028535485497,0.2363546980024083,0.2739540059509569,0.26890071515759706,0.26370517419997536,0.29385481622784754,0.3111921109267343,0.24668540373651673,0.30072824095599837,0.2902555442211771,0.30843128612863574,0.28143599989665147,0.3315429705080008,0.27107982475286413,0.24911452263452205,0.2905930775818779,0.25918404502899584,0.2895783186137687,0.2274460279554863,0.24562309039488814,0.2900591167138612,0.22376703846086257,0.2804457911095192,0.2566064239120884,0.39140449514572295,0.23283540997774438,0.3063642908791034,0.37297675874337266,0.2624940067794816,0.35266188345111865,0.2763567333294285,0.3064525039401676,0.0,0.22121368105072536,0.3057079608556173,0.3617876037631202,0.28644126333756514,0.2834099537279502,0.2783588119074153,0.28493374880058575,0.3025306884731414,0.3593022907495519,0.34484965806532497,0.35745329499886486,0.2863056665678181,0.38223264793015005,0.30375295313726075,0.2301284715393529,0.32686388519989407,0.27543778525251167,0.32373156669140324,0.3347414450983671,0.2611847399311422,0.25031348419861676,0.29282690267769546,0.26765966958769916,0.2773086367879242,0.25303905751736994,0.2527186608459895,0.25476954404680785,0.285480191437592,0.2476884614072237,0.3115911320740313,0.3198885697247363,0.2461889899201324,0.2955180410144676,0.2886541033619879,0.25537889242955736,0.23839689774736716,0.3075124570968521,0.31252655221158376,0.2316116469336497,0.30699902024499603,0.2880465191819981,0.27549768057425295,0.2981707169221265,0.2859459526830414,0.33038151751463574,0.22556608698130595,0.2962773800520535,0.2519656106274789,0.2309990318523665,0.31584398221235926,0.3161618330912558,0.3650995515033248,0.29492529727242983,0.2942083123588947,0.28516425407914825,0.27386362169951917,0.2847993559363858,0.2427811907774208,0.29137224635946213,0.29021005480858286,0.22811848719583525,0.28698731726331966,0.29830216275466814,0.31598300318476935,0.2744818101379184,0.2974884357937875,0.23954829091707092,0.3794334810359682,0.254960591872692,0.31463817479332246,0.3177646639671028,0.26466368163150505,0.2482137222969075,0.31882729454411146,0.2781661497823316,0.27339980735526015,0.23214046843700817,0.2797008283804684,0.25338478096826766,0.31242349441679196,0.2940820281753171,0.2587767346008402,0.31298890602819407,0.25265893154967006,0.3332768282505336,0.2586959292400244,0.24704326023057077,0.32983517896147824,0.3887390991532044,0.23100846983071627,0.2715156097674684,0.2245555965703856,0.30485123001851044,0.2759857323981276,0.26905734222282823,0.26956753225458013,0.36798866430578764,0.27601258521113714,0.3343959199785303,0.3317660601878871,0.2720757815933992,0.2994942041558486,0.30521951859497154,0.35807081669934737,0.2623929390422829,0.28175258157954675,0.288088690685586,0.2689309865338012,0.20685290257789096,0.2850186383233664,0.32187153270122765,0.2999699566278345,0.2639301097717437,0.3198477300975541,0.2599831915672829,0.2374295483464221,0.2724063416571323,0.30322146829839186,0.23835665557000582,0.3039855067918867,0.31526487917919066,0.27367238983074577,0.28050507261090823
0.2887359462876629,0.30583688557501176,0.2970271485395857,0.25755906184000105,0.3039111982447801,0.2853939819549912,0.27748903251636403,0.2831496375331197,0.32305032099324377,0.3045160299138908,0.2675749684991381,0.27176808735836494,0.2730037104340203,0.2604666847566384,0.22693393698557865,0.27408117845566626,0.3021008257866323,0.2710767865482832,0.24107214935457127,0.24752224186876454,0.318873741125871,0.2995964045547896,0.2988910148378872,0.2621995516355951,0.3162516449797492,0.2440279142131225,0.2784367270628566,0.2669328428590513,0.21968629059266095,0.30184522846861134,0.2489407814758226,0.28216113879135574,0.2156041182295307,0.2731396305335298,0.25523385304523505,0.22951570284090686,0.2848827818957281,0.25713374958332674,0.2092092919878595,0.2849153001309916,0.22121368105072536,0.0,0.2259606318595758,0.23895957896493542,0.2529476755014903,0.24149083755736342,0.2865764116000182,0.21795277090547804,0.27871318887923,0.2364726803004257,0.26285674342096826,0.26380021744579857,0.22490241325947938,0.23776483522398048,0.21248715997413004,0.39310129418038053,0.25046944103124275,0.3061883912031243,0.2568508918080242,0.23309038346630515,0.22751075862115755,0.2205648260440524,0.25080757239755047,0.22337302545374807,0.23333653686139433,0.23631633040116284,0.27197795691573967,0.280944057387691,0.2404435102152613,0.30584203655749226,0.26726928494698193,0.22222655781668665,0.3091982105578791,0.30034207428665166,0.2830176365145535,0.23674180863718453,0.25137518890297894,0.3060912256366242,0.21337294354102848,0.23163764507164294,0.28879332054702433,0.2852130699024667,0.31237641787924103,0.22732619694869083,0.29665823859125373,0.2983931475566482,0.29324266628569984,0.22781733553037314,0.25361452941562246,0.28628332650313737,0.2940545994599045,0.2924324375689144,0.22929036120838464,0.22099396971786278,0.29458042899725506,0.2637994774926985,0.20215846840636228,0.3326173828814245,0.24368040188341406,0.2572178656440595,0.20893422173419499,0.23492240452026428,0.2422442721099117,0.2297363697431625,0.24979704679388134,0.26806567649583285,0.23137127361843254,0.36559629571923746,0.2551908652113453,0.32179029893293704,0.2818123139741486,0.263629401817073,0.2855387970440702,0.3018878535283028,0.21472757271722528,0.32558149668582054,0.2899204644419418,0.2229265300597513,0.254895343165609,0.3004401632188421,0.23775824742115664,0.23003389695523702,0.2963455115168484,0.29053748851857303,0.2416290067902328,0.21842006627080748,0.25482935793562367,0.2462329618841535,0.2518447699636609,0.22363528890807563,0.37373118267606253,0.30135428480439774,0.21721448869896115,0.2729846553854826,0.22563437870059275,0.2128564148179726,0.23490946832625212,0.2296165791154821,0.2350744016846436,0.24815334146578738,0.19693571222916967,0.3027131544331409,0.3101925581383451,0.27330255926499386,0.2823510314056124,0.28571500275946204,0.30741418096198236,0.23892421885284917,0.3018715243324311,0.22938499794860756,0.2376662728037141,0.2375917616459812,0.2550681064364402,0.2720004702930044,0.30786883805412063,0.2801616066752788,0.25383323355363907,0.3250327970927692,0.2049812687438376,0.25823531084905776,0.25196182874211964,0.27420078384106344,0.2980805507146027,0.30805921582824425
0.33113752708796096,0.2326509718972944,0.24443768020744694,0.25503187180248466,0.2668185102385861,0.23741921728969384,0.24981612134189055,0.26647483964077084,0.2491571756154057,0.22742717397204348,0.27963323893429015,0.25345973034514035,0.2913759675511256,0.24683675862569557,0.3092085527553412,0.29577615722154266,0.31717842135364666,0.339045383781463,0.3046071380674919,0.34158241648245297,0.36978442346786256,0.27465954309221763,0.23679033744768457,0.2795785737563161,0.28662935420936725,0.2933936147851483,0.21373409891531417,0.23669294175154895,0.21720473357158177,0.2377182586803646,0.3166281134863204,0.3083312351948026,0.2753449266349285,0.23986356654734647,0.28391945833543897,0.3046105594589622,0.3240498455790209,0.328952269462696,0.31349046187515467,0.27447844555896384,0.3057079608556173,0.2259606318595758,0.0,0.32498731713805024,0.34016411138930813,0.3220169645342236,0.2763514050172463,0.348749871431279,0.31914468303884425,0.39210030575301735,0.39095677113863353,0.30093002492790116,0.2551089834046823,0.3096976896362419,0.2982332356022021,0.2104949250544128,0.37798818706693216,0.2897523091717436,0.3302283095902854,0.3073052984667883,0.28784673460007076,0.2706080627842133,0.35192277665367927,0.26750635885220736,0.33851253804053655,0.3277121171132909,0.2549807049308674,0.3178863597433446,0.3446723825589046,0.3055033190111072,0.37735503211856924,0.31282279759153075,0.23833632970535712,0.33587133454254237,0.3018930913818842,0.27439356247400365,0.29818311747643966,0.2648219926540514,0.35915563048043087,0.22668668777448805,0.2802821263474989,0.33364356371813336,0.2714283476165067,0.29192525341721937,0.296871101965636,0.2782248015010381,0.28245077689754944,0.3785991145956006,0.2888823433972302,0.20493741811810304,0.31151237706687107,0.2638841090648623,0.3444301060856105,0.2863534708337169,0.27442970141660916,0.23853487088188943,0.2988580749954685,0.24551123463663177,0.24758123336356513,0.26224008675323646,0.2801482586021443,0.33163018022814456,0.28607033448435454,0.2609224577452835,0.3549410240922345,0.31902161241935867,0.368667046440738,0.23214941992386356,0.3244608707168963,0.25403351836716925,0.30391386292621714,0.3231986518935049,0.2690878770823681,0.2685718417134789,0.31192130008348357,0.22925931113286777,0.28022085654592604,0.3209353748553164,0.23847612102369425,0.21444356223200828,0.2871236673364552,0.26593302238214267,0.2627050436180645,0.29842650084622613,0.24351725887179598,0.2714592308040026,0.2358485683542639,0.27210643898248943,0.2617247761832544,0.37487699456384177,0.21451070826505042,0.2958945132920644,0.24314805528321082,0.255691670581383,0.32409118660524994,0.26685205727659855,0.29556954783759726,0.3084563069865223,0.2962025013648171,0.40122929245962713,0.2731520187146828,0.28128972502149724,0.285383438371744,0.2851435855765128,0.34324164684259717,0.2816681132192984,0.28058993231943813,0.2792149000511745,0.2868059578678248,0.1928911257987023,0.36458001787779404,0.28559380632193887,0.31143232181962704,0.22245154256697325,0.29448745844543095,0.32510730787134284,0.23010578053359113,0.2534595786479252,0.2345075877628576,0.2611442603893473,0.26040628920671094,0.2844623640322647,0.25532379600230015,0.28839331928125894
0.3114064586156882,0.26898468570175804,0.2357695124935275,0.29562969990358234,0.3090858699229126,0.2709780927801775,0.2882594002452402,0.24170052085239416,0.24922844520329168,0.23142744816702107,0.3136486318398758,0.2828806716755832,0.2536016962355684,0.26529133971777435,0.30032500779043186,0.276915460478057,0.28501141256692053,0.26733082966618815,0.28063690071893227,0.3105625831109969,0.37627457557609584,0.2853665010424296,0.22071774495620491,0.3117092860085805,0.3162768192835122,0.28619476090236845,0.20487462654204747,0.23772740774734336,0.2646333307193583,0.2239964559090137,0.34852522761047494,0.26975130918548523,0.3069487018753981,0.2589901182102822,0.3844913734134097,0.3456521670327425,0.3206961582346036,0.3198696539570512,0.3190884063182159,0.26836368297214575,0.3617876037631202,0.23895957896493542,0.32498731713805024,0.0,0.2782894947855985,0.255256509795741,0.23708483326599347,0.42203699613568163,0.3071731153110648,0.3333797296349274,0.3465736490445091,0.3322783684051756,0.2446789359393539,0.39123341900910213,0.32713920431062976,0.24276026465967418,0.31048037728449945,0.2916849077447678,0.2917354566260553,0.26595179653796397,0.26440201170138067,0.22322732628185885,0.283660201948224,0.26767408405236,0.29681388448125057,0.2700096443932756,0.28098327076072993,0.27120065336679444,0.24772221566966116,0.26892061159779923,0.32733404680923067,0.31706813849829585,0.2779020727523327,0.28891675590321325,0.26918970990214147,0.27465440508307054,0.2592536458638552,0.30121251417159006,0.26705938087192893,0.24688035190184804,0.29743726666138987,0.3038801912480044,0.2772649945903534,0.25913722939869266,0.30008146781250333,0.27051908967354416,0.2758287844793474,0.29289667311616796,0.2427418102890444,0.23933771204290363,0.3514429125750207,0.3307423163777839,0.35563162595962905,0.29323380266870175,0.30057913780471945,0.3500157592421677,0.2511420229634695,0.2941832804728724,0.25172084299504693,0.25777049701843757,0.3692911792342609,0.2593312185963459,0.31649386882888686,0.2769952949394774,0.290353472036593,0.25247761571093763,0.2815050808199234,0.2562256484049412,0.28590246773794864,0.29604614851989286,0.40047227264165963,0.31716627359432426,0.3029365480978068,0.25623400954504183,0.27888207181573826,0.23438955953320262,0.261386948595764,0.2862279125274515,0.32318553436085107,0.2543786182698633,0.36653209317724506,0.2695965608797357,0.27730323166921717,0.33846744705783266,0.3014852083738376,0.3100090094110201,0.23608264720962008,0.25888466742031085,0.31094981199067373,0.3215918418526169,0.21264321323463253,0.27201542424601555,0.24296066696605953,0.32090443592371315,0.36629873434312665,0.30704845660722524,0.27577801970320226,0.3506755867463809,0.2715155238537868,0.32061231406036084,0.32094454868390193,0.312898876966736,0.29013876017093165,0.29689393860087454,0.45717236776820735,0.2863066356176139,0.32102454703919675,0.25395741921069537,0.2732840251897641,0.18950578885946717,0.37186707382133494,0.2966759255830233,0.29981334179264213,0.2241940018524466,0.35164311108381163,0.3085768821681411,0.2271145911655654,0.3131099783693112,0.3451926337530811,0.2679847691572811,0.2572137484645959,0.3242666055884228,0.25223613892931296,0.3513115693223574
0.30871406641664184,0.34792951879137,0.3088891052941679,0.27964737994766264,0.23748599751098923,0.27604113942029374,0.28265060908997547,0.36696209962199566,0.266780710108309,0.286652630885122,0.28882044558739317,0.2865764715014557,0.3928731833593378,0.2918673812641633,0.3052674557051303,0.35510352291976993,0.3197692346647286,0.31378608983625444,0.2689152930266676,0.3211574921402079,0.3416213058562824,0.3158834797917857,0.30523068043683405,0.31752910948103197,0.3506904722499395,0.34211742268267875,0.2962858910808449,0.28543090160944307,0.2453264319563822,0.25140864231916454,0.36791152970627194,0.32455402090322305,0.309885559331461,0.32662537950235726,0.2955055875623186,0.3033854771185331,0.41688497244648653,0.33026153987046064,0.2800177562584043,0.34023141682924646,0.28644126333756514,0.2529476755014903,0.34016411138930813,0.2782894947855985,0.0,0.3670822650564769,0.2859407055708994,0.2878436170590649,0.33539072495195266,0.28687650584301966,0.31249816384846263,0.2865487096723609,0.2323480141537814,0.3356392566477289,0.3090880770650802,0.2624852970840518,0.2933419559343975,0.3148133893174832,0.30085684969459464,0.3354278603341513,0.3186969274058577,0.23480927163229312,0.27504840581953893,0.24524491050780076,0.22998360924611744,0.2858482585931846,0.35747262501662336,0.33031661235019094,0.31731412016491284,0.3455847965852979,0.3209918116293898,0.28214929007056994,0.25146032431543114,0.37113557502553185,0.3069866309720026,0.27608399022307367,0.3012815869170907,0.3349843895296741,0.337773173162598,0.2124897629266684,0.23168595832894512,0.29215734498826185,0.3134628444934745,0.30828942274252014,0.2904223495436525,0.4361207458174706,0.29922354347983826,0.2837821050750112,0.3420949203803811,0.3003647697666538,0.27947019792126315,0.30719051666215846,0.27382105320453537,0.2614081492695191,0.2863857592751893,0.29497061674930497,0.27176132701782074,0.34741728226165536,0.21379599606883176,0.3719360632076514,0.2891538473747614,0.2874103023008508,0.2616045611247697,0.2822338941606927,0.3038250502584087,0.3733273137909724,0.31352917831285865,0.3051099333322007,0.3585966959836534,0.3322032807384655,0.2997359407157595,0.272603134947299,0.28158611163439307,0.2584361595486352,0.3304843996203815,0.32220214501767247,0.2766829663242365,0.25553169116885216,0.24266114004760858,0.2389416576506077,0.2552890337952176,0.260210525847897,0.28827613110518585,0.339179462668246,0.21917174555910646,0.33725454700842045,0.2386493698970444,0.4000355738182538,0.3153865083736516,0.3021863093887791,0.26180289035457793,0.2697720695683415,0.27398409493931186,0.24345065653816927,0.29430732786216884,0.2077505371893844,0.29564741636421016,0.3136273379427901,0.3568243596398003,0.32711602691589314,0.2612749542455623,0.287367187029843,0.3434152315338296,0.2714098646006071,0.3344482548246425,0.31408704603649396,0.28153930131996713,0.2793468201782596,0.35860973635083176,0.1929688398348315,0.3110801325066291,0.24524532073352073,0.2791318663271886,0.28300753964201286,0.33696074271548065,0.40593479420182543,0.29379838946950587,0.32901556681315136,0.2356364022728582,0.25846632987047674,0.25547607972992176,0.2626910479404147,0.23068820269442195,0.25835445318527955
0.35506257513775846,0.272044658723589,0.2747723231574055,0.2905616586258322,0.24096608208653547,0.25058918361643895,0.25883396924233487,0.287308192998454,0.2470468348800791,0.26246092531900106,0.25509084551484595,0.25891528030959926,0.36873982881971135,0.26207955684647355,0.2988860302806065,0.3399925272911012,0.3409052991074023,0.40927641347185845,0.2765710845555301,0.32771839964471006,0.3253191595430396,0.25521980451891907,0.2847521723817698,0.2752555335774299,0.3018011307064243,0.31604967334254735,0.27770560873799427,0.29584500177730705,0.2168094874840194,0.2490306544901385,0.27579501787522315,0.32758673190722737,0.2952281206285759,0.2972302870282282,0.2578226891618792,0.2598448005305853,0.32852113185413184,0.3070793166285453,0.25470349229324474,0.3611290131117274,0.2834099537279502,0.24149083755736342,0.3220169645342236,0.255256509795741,0.3670822650564769,0.0,0.30272520363067024,0.24619042745442493,0.3137515201195531,0.32756042721851464,0.36157508780606423,0.34488275231567656,0.29114396051774033,0.2963168384644351,0.25680777662148213,0.24529185709734083,0.3975856763414729,0.28566424942105484,0.30889686815594336,0.4123653425186559,0.28578646551720815,0.2989623429332583,0.31641343211491146,0.22289596088493976,0.2971985029206235,0.4111067505674172,0.3675189404962432,0.30744793780903007,0.31133531700022615,0.2893803191574852,0.3467619729298307,0.29777240332407656,0.24890741696618973,0.3863784235403227,0.3105484756210039,0.344419424063523,0.29508919764163816,0.32334820285466637,0.3948778955963256,0.24182493755421397,0.2765749570754901,0.3029666389673017,0.285901815967228,0.29409218178098734,0.32268699533591083,0.36292404165256303,0.26557138042110623,0.32779742738016704,0.4247826238497274,0.282274758449158,0.3039800434329033,0.27498896952210367,0.2827756176387859,0.34331931438707575,0.2872880654035971,0.24535665085522473,0.2616365965197231,0.27268489350766484,0.2082244760886218,0.410407110924795,0.2652907144018612,0.28537157411179775,0.2769626884164632,0.25574043617426034,0.3146740138485302,0.46631317966535984,0.37428281762092586,0.2593525120883348,0.45958710661673663,0.291682032207629,0.27506829927633,0.2841079326053924,0.28545854436872475,0.28083617265395994,0.4011248168681892,0.3153136278783001,0.3429434877211042,0.2553776365793554,0.2287569808341562,0.24157459868850742,0.27582386226614264,0.25639392162471014,0.27515311793705755,0.39653808337442853,0.2102132258890685,0.3099480416061699,0.2576799649852418,0.296895094865236,0.2723255249532204,0.3444153602989415,0.23196077398929094,0.2826733826467758,0.26752427848432814,0.22867285835994558,0.2620120954197436,0.250747673159731,0.2916843529621378,0.2998283518142999,0.29898153647265774,0.34146298989688506,0.2578970916777976,0.25899749979424536,0.3620737786020672,0.24347362954807927,0.2923231223366143,0.28212055849142686,0.25288335301739195,0.39241419241139563,0.29023307302656426,0.19113229686063313,0.28849976374875697,0.2756731768902093,0.29700607225774994,0.2701310056785107,0.3292364457483314,0.3317104005120938,0.29202756776865285,0.303280400381676,0.230110711690634,0.27208567348708046,0.29151449700438997,0.2610423770710739,0.2783644497085374,0.2740536242105021
0.2835729266581801,0.2966185096923975,0.24878499666747714,0.2006138463978209,0.2527394496522266,0.24058150720414645,0.2677228933360756,0.2553626761912881,0.24859191559885033,0.24860318381210053,0.20192864306665098,0.2653442238931217,0.2558456450629385,0.2519871303629206,0.23064431952607647,0.2477197556242943,0.2599122570093401,0.2795234102122982,0.2312641841508364,0.2580579774803339,0.29647324085320065,0.23000557557569673,0.27122480627511236,0.2563550006474337,0.2723211769163462,0.24980552022452895,0.22817353142584562,0.21095769836371434,0.2160891067433678,0.278130421033968,0.2559180299127044,0.2650985568038381,0.23639530070767584,0.24238556640435643,0.25096539154591113,0.252165104824041,0.2772579286744325,0.2767074594825744,0.19987935962659115,0.27693538987351585,0.2783588119074153,0.2865764116000182,0.2763514050172463,0.23708483326599347,0.2859407055708994,0.30272520363067024,0.0,0.22041823534540303,0.2780403142733716,0.29150520209585234,0.28606389695463535,0.3037324617659898,0.2682725311508328,0.22626810089731877,0.2129196393583044,0.32111906979235544,0.2760519295737369,0.2431387728591694,0.2707214653605936,0.28429776114276406,0.20323250522287425,0.2603040651016168,0.2729398689210906,0.2524200737986751,0.2485995204000171,0.2497293945018297,0.22594360057942092,0.3279714840796449,0.25806197826141153,0.23252757501629134,0.2858381549344781,0.26048399771205133,0.23300308980539955,0.25687650047455507,0.2457824839042915,0.2904287332942999,0.21135028614594728,0.29508161898066193,0.2709948049023342,0.23508380359462122,0.2809013956116127,0.2568892654027449,0.3169764449104493,0.2490540826005957,0.2613562126925682,0.34130666689478684,0.21955580905495908,0.274559559830702,0.3127446386829305,0.24928804364546142,0.2726077526131454,0.2987058493619969,0.2567559938104299,0.26471969555464636,0.2592206930593597,0.25437467062828234,0.23346947350575617,0.307647455728887,0.2425874008861487,0.2766998310847193,0.21206912976728473,0.20414736875329031,0.2526390109753542,0.26708990426879126,0.28060543550182443,0.3203470036263349,0.2593986811134865,0.2598119408094235,0.35515390937495084,0.29181685626905945,0.247237214173811,0.2692393105003942,0.24163173444547115,0.22285455545069152,0.27431260618361647,0.2806501045578201,0.3025796290747274,0.21851757927456789,0.2259181059278807,0.2350068454348281,0.24593442403102775,0.22987389640985711,0.2767497946129576,0.293742117574037,0.22636117151989035,0.23531350681890287,0.24685774836424862,0.2648122809207072,0.23891420836513738,0.27792632316911187,0.2816278044371566,0.23980773825846008,0.19065127535670595,0.22323003646515824,0.20533484357131845,0.24179894860458845,0.31794874623149516,0.26481912297692495,0.22398347383480502,0.26778423254542816,0.21268339621306384,0.24662579401275433,0.3061073657508766,0.24933186730092194,0.26657734875436584,0.3047868848121525,0.30347086172394294,0.26343485969650526,0.3016000626764461,0.1945335305829354,0.22089437555206504,0.27745965298130837,0.2210300211058243,0.3070883364523266,0.2688584140081088,0.25002732178655485,0.2126717566414975,0.2792389992119653,0.19658753342980256,0.23501552161875378,0.27298120095947037,0.2720438581159196,0.2515465857377002,0.22617984638853098
0.30047735338549497,0.2619686184921865,0.26326555891335923,0.26544070015566684,0.28324831555758123,0.2548337827614682,0.246230599917212,0.2473247305249105,0.22676694066866282,0.24190425711240726,0.38851777202762744,0.2820641940320877,0.27507933199052875,0.2353410427523438,0.2669199647188656,0.30999161406103076,0.26183318121291926,0.2574616999366349,0.2630551357221951,0.2788957045617235,0.32609758970422575,0.298466611549979,0.21834395110113752,0.2866986074354254,0.30683493844058113,0.30087367182542285,0.20390134233952933,0.22204326051420328,0.25619403332142815,0.20887414613779628,0.3137681141502257,0.26619204803482205,0.25169417501073527,0.23170020856420867,0.3169856169793712,0.34747182781397296,0.3707782594774099,0.3018826247744769,0.344632921116659,0.2556383324882318,0.28493374880058575,0.21795277090547804,0.348749871431279,0.42203699613568163,0.2878436170590649,0.24619042745442493,0.22041823534540303,0.0,0.29668826730528536,0.30130041041258554,0.33240747214177485,0.2620297272406661,0.21533370476018607,0.3774353336426968,0.3831584241612963,0.21290401005445417,0.28436895843840687,0.29255006998854816,0.2653671010876921,0.2477353638140048,0.28750423610586734,0.21046316948677696,0.2801313424034487,0.25381766913636383,0.2482057163186418,0.26119551299426547,0.2780010148773868,0.28207373598552266,0.26243094590001964,0.27117767262760667,0.3196679585991544,0.2810622576452073,0.2500616713337732,0.2916362067901578,0.2535451190502796,0.2334623828899501,0.2757386916880303,0.28450138239938844,0.26470750373174423,0.23590262773499635,0.25718619966700723,0.2859321899383927,0.2576558787368649,0.2684777715452529,0.2617085816750901,0.25260816748389875,0.2972081705723586,0.27854056056708654,0.23451857663772716,0.2196010870675434,0.31217994619848133,0.24641792360562476,0.32808207306082154,0.25379342676600536,0.26331811217267037,0.3119064026385304,0.23185706612264154,0.23363001155723107,0.22412355667019226,0.23940366432406435,0.3108094946186238,0.2673186778580761,0.2645015459497033,0.24854475927638117,0.2740846940458828,0.24703568718340682,0.2732314240478204,0.24676478257456838,0.2559308761227517,0.3312690333762504,0.3193828515740158,0.28209125603881374,0.2983386715794855,0.23963624527935776,0.2648874310774874,0.21706135757302694,0.2327862033883797,0.3032126161569845,0.2866528844061466,0.21993202929405806,0.30036940632719905,0.24548864717638172,0.2709453795688319,0.2923608532693683,0.2622724920612846,0.3092697601189722,0.2057101938387164,0.2670971411025208,0.3010977740869926,0.2923542227356227,0.18821091609406987,0.25829032741138847,0.26204846055573644,0.2702297213679952,0.44756352028776325,0.250257409320203,0.2596857970117608,0.30251206284329846,0.28993874032246947,0.3100530491310507,0.27980457182016943,0.28235146888007784,0.253821597561729,0.2622670763936878,0.3791144604759949,0.25160963260334,0.27911438683037193,0.23224832957497538,0.279137306905002,0.18659797631197184,0.38278112694120164,0.25199103185648614,0.29397538620719776,0.22151148743323315,0.2925183960230145,0.31268464873791746,0.2391438532399822,0.28183277408177504,0.2720686569704669,0.24056058954686924,0.22778532229077522,0.2786701086739686,0.22280609249671665,0.32290177002922676
0.3525865013772971,0.3054357285143566,0.2681286057711718,0.2839051905888041,0.32355549090337576,0.22453935390812788,0.39904899957777346,0.2641475335617307,0.24962369463369516,0.3039355503425192,0.33191439497828623,0.2826029539653078,0.30823496829495967,0.3002933973513543,0.2779656333349038,0.31577966681684894,0.33966205561172436,0.39439566452898656,0.35520598620602545,0.325957282942423,0.38183024148253547,0.29816173596161466,0.395287975900734,0.3573838963343292,0.3652952816861491,0.2834806001551407,0.27534839393830524,0.33572548302357863,0.26453735244573395,0.27450306796618384,0.287696019219133,0.33148186442566957,0.2735414929187091,0.32904334331860824,0.34643067376169884,0.31227966591148537,0.37703581596241165,0.32717515429632826,0.27228603287736214,0.4180802520187302,0.3025306884731414,0.27871318887923,0.31914468303884425,0.3071731153110648,0.33539072495195266,0.3137515201195531,0.2780403142733716,0.29668826730528536,0.0,0.30509962226546344,0.34377441706015593,0.28651803097992984,0.2531170510437446,0.31387543000707857,0.33640167599981724,0.2527284027275438,0.3592372742477626,0.27120300188360874,0.38198586688509184,0.3373947972936167,0.257168897171081,0.21627345443690021,0.2571741331283469,0.2803281776585979,0.26074867068127516,0.25744062666971407,0.30031917769660016,0.2881874878655011,0.30373516698519687,0.3007692192445721,0.3133668792266234,0.32378395214166183,0.26405572080642,0.38956678943374184,0.2674162161226487,0.31825641741671845,0.3265032843625547,0.363463250905286,0.2667266600649983,0.2253420045013326,0.25819862681851463,0.3130790670853924,0.31126422683423205,0.2641773269230509,0.3097211005574909,0.3392883260663131,0.27906524230542334,0.3177020231422011,0.30551259143815146,0.23793313521245166,0.33729524256766696,0.3124704505906954,0.34168159935617926,0.3011249547370563,0.3290046554601282,0.27293686064926376,0.21725609925732772,0.28799961927688167,0.2516418635648178,0.3164207931411534,0.3084790234516253,0.26731887189850695,0.27423283592989417,0.26984650283916906,0.2830922284142671,0.2779205000976691,0.2620250214098472,0.3077107499692246,0.3535769556863384,0.3330831869290487,0.3801425234446369,0.320667045132612,0.26910616070557053,0.25985888783456285,0.28705441310176955,0.2817583814005469,0.3044112715314232,0.3765796400151922,0.2738519994390783,0.2587957475979872,0.31302690590978766,0.22920395996824605,0.29810618545013023,0.36121884102036744,0.25163462224007127,0.2944617280797355,0.2395801171045643,0.2655793248100424,0.293537878291139,0.3107304947908688,0.2448165316634879,0.25555340624307854,0.2565693431922251,0.26993839718974605,0.2888615665205866,0.2376543827460898,0.28151459948800467,0.3501498914259325,0.37449635345666066,0.37101589801033,0.25002495130662294,0.3030892348859573,0.37670178841582225,0.27945814068261154,0.3570095671168875,0.31878911266149934,0.2792853394812589,0.2810694314030157,0.3359297062354318,0.19609381685393437,0.3209022494358885,0.28854158754757026,0.37237515436209223,0.2625230755775295,0.32990037791382604,0.3201910554107022,0.30526916482438904,0.2942688655075505,0.2860784503549661,0.3188340825633,0.27329171496574656,0.3112548736368632,0.2585013245008578,0.3532383925896411
0.3588442485466557,0.261119008234125,0.2471469414483987,0.26402150385033685,0.2871213737653233,0.24893031685281827,0.23527424748498538,0.25887296499455026,0.2771943325901321,0.22045044934635535,0.2608240426386138,0.240458799460273,0.3005628548095599,0.3212404187055243,0.27274005794429185,0.2920853746547806,0.31752401868207597,0.3400575959678513,0.28027181837360965,0.39045821172546247,0.34214281806889246,0.27995215199596746,0.23756305075645462,0.24178870982353903,0.2530690914831214,0.26417138322622896,0.239768022408452,0.24892080698344646,0.22705037702111,0.2424564736070574,0.28607883310684906,0.3286999484282901,0.2877746145068983,0.24256625247480615,0.34544833022778726,0.3985337221558914,0.27369278947727055,0.4392903246427565,0.2851226290205972,0.28648326540489827,0.3593022907495519,0.2364726803004257,0.39210030575301735,0.3333797296349274,0.28687650584301966,0.32756042721851464,0.29150520209585234,0.30130041041258554,0.30509962226546344,0.0,0.40761860595450367,0.3201134583047484,0.3486412309255762,0.30817658590200236,0.29922209338025224,0.2239566682433665,0.45010632545407936,0.2646833974408206,0.3579353045778332,0.42724978931742463,0.2620365810915596,0.3327751433304208,0.34140183325220425,0.34367619982785425,0.3882794620236842,0.3438224391357558,0.27170087260882747,0.2810844165871834,0.3384661275518144,0.259084568409942,0.3619539611301525,0.42307606945508525,0.3021441222828157,0.3411022918070994,0.33779724021919105,0.27238455222094754,0.2729276908196396,0.2554770096590827,0.3140199155294103,0.23072436691533,0.2639030242997817,0.33210140502626245,0.2540200786915948,0.30537851745124184,0.34288819777672336,0.3302572474844332,0.249846169542032,0.4250296844471654,0.29762567958734903,0.2313078248563917,0.3655443013788922,0.29358844968266706,0.43003932934764516,0.34475380727754174,0.3453122752727594,0.2368632546790969,0.3075184808067294,0.23679962604204877,0.30507950078790586,0.2930961091672975,0.3159583101616121,0.26656512108940544,0.3027311866308156,0.23430013128916002,0.455100951552803,0.33166248156497435,0.39216267025031076,0.22668443617788858,0.3418540141684177,0.2351858027439575,0.28198817890213224,0.39908279299125854,0.3080802193497508,0.31055117682966094,0.3404635777191396,0.2523902281928565,0.2715448836901693,0.3223649267830464,0.2588406857452677,0.248315944694005,0.4000514905302696,0.27101793002483354,0.2821259590370259,0.28716518998651064,0.2953616720250389,0.24954370957122524,0.3262682886792285,0.24501872171505149,0.27606791035841555,0.43136449302887175,0.23260694971368506,0.31643028578564913,0.26284451028670114,0.3138836211744848,0.32274991818188875,0.31001662792647366,0.26507023800718665,0.3378087194798938,0.28231853694994935,0.35766502024484204,0.25803002897718774,0.33319475901102613,0.3287341465446258,0.3624081128921094,0.34509795372542934,0.2749008606612144,0.30290571698506036,0.25389815715822595,0.2706863492146239,0.21601164510808266,0.3154535084405391,0.28687168435527677,0.36897400812072473,0.23736100214995146,0.266880647151487,0.28533889429938686,0.25083986198633,0.23623538463854285,0.2635348685957146,0.29960075977179096,0.2450787903891207,0.30387649744069695,0.2636468794878647,0.2999644308876372
0.35205764524536926,0.28996713945392655,0.27413832507867236,0.3644652138899921,0.2852326726715621,0.2717260603265281,0.3030236092046116,0.27954223887726515,0.25684761510043586,0.26492559414715144,0.33240414328481815,0.29704626296885867,0.3074578941530564,0.3146769275622077,0.3115551415822458,0.3051335069446342,0.341470459617284,0.3372709032965868,0.33116653424398,0.2973862421388442,0.3953002662532282,0.2764374935353529,0.26894249987247626,0.26599578555036807,0.30583758242375303,0.32072817068139353,0.2448946778970733,0.280620685274659,0.2624723853061235,0.2655305946221459,0.3104082972525237,0.3465336572885629,0.33041987706555986,0.28022547450968416,0.3008244474471337,0.355403903025739,0.3751315667639079,0.3695752568976323,0.31347483047697,0.36328682963346776,0.34484965806532497,0.26285674342096826,0.39095677113863353,0.3465736490445091,0.31249816384846263,0.36157508780606423,0.28606389695463535,0.33240747214177485,0.34377441706015593,0.40761860595450367,0.0,0.35244041584610697,0.32118044152696024,0.424383093196542,0.36729923600750086,0.24881386754411108,0.45480087250689105,0.299023893704645,0.3810759656315611,0.40203957073486063,0.3161426386099876,0.3182027734265694,0.3757161519548538,0.25111691594013325,0.33101188753996647,0.35619619368090094,0.32681618875150414,0.3531786772420799,0.32876703136767976,0.3090430553401906,0.4120699655021099,0.3249057760591677,0.297892413224643,0.4468374779047573,0.31836255604388936,0.30665360557110505,0.3529215575731328,0.32920188598109074,0.3427768723627923,0.2732543693040443,0.3156858034515613,0.38522320031938617,0.3129329822908428,0.2836838656211784,0.3438936768172875,0.3189991988546353,0.2936593015270825,0.48519292388738605,0.33491509722100665,0.24429697586583557,0.42397342337646016,0.3139985047236805,0.40334326333556764,0.3533339146052682,0.37678568851694205,0.2655893283967479,0.2867516157779852,0.24837883257091636,0.25981516433032464,0.348102282894732,0.29927813353637206,0.32070988636251796,0.3432206507832891,0.25867457128650884,0.4109777976832712,0.3295292760149113,0.36866887594065717,0.24350348459551788,0.3534604531019203,0.2780346514052281,0.3848158564049476,0.3379794039985641,0.37300238557153426,0.3061262270295169,0.3637171384376712,0.2763836885701237,0.3097069917931821,0.2819515542989776,0.2773928499664205,0.2681664371453325,0.3123221714645516,0.320405707862813,0.28310371723735317,0.4446922443580312,0.25390737212973163,0.33504570012170437,0.30203673584864527,0.2804506573039438,0.29181858832817914,0.3528686391887302,0.22600697138501039,0.3298328730424708,0.2866063661673847,0.2981874263231516,0.2916428714834979,0.2714596100784512,0.25269080577027453,0.3239358690306696,0.27059299504764167,0.40787045045868253,0.29585675118619426,0.30813701117994907,0.4167349914842693,0.33011891078305,0.35775721109759395,0.2940949082804846,0.30708002841851584,0.2978477864257643,0.2787379090631403,0.19044766448618572,0.37061839775035726,0.340550844227816,0.3259216923660187,0.24892268880330823,0.30724104178572603,0.3289068629892098,0.27508946874959483,0.301744913976112,0.2871597164432467,0.35936479202735866,0.27733549157913145,0.33485714954403095,0.2859405770513058,0.3298733854408873
0.32991362987417366,0.2806028834996142,0.2741699762749908,0.3058762607797698,0.24540751492238957,0.30431700744302165,0.24551496356895838,0.26766849145943616,0.24174653859751224,0.24972496180950282,0.2558651534926591,0.2663206087145386,0.28487051809317404,0.2713265821626085,0.2415619878821427,0.3066465557118528,0.3780757903144332,0.3161922906508487,0.3098303677884941,0.30532074533610803,0.4212741681399815,0.24553754773373782,0.24885748826310342,0.2536074795318366,0.3087250557086335,0.3651276846642932,0.21612130605054913,0.2927597228083575,0.24236437901777663,0.22366775828909338,0.2484803121375348,0.3022509193495385,0.2968335142661341,0.290779698249155,0.3112244080483311,0.285998673780204,0.27374829499053277,0.3170106833679008,0.22944617994365712,0.32737911486773036,0.35745329499886486,0.26380021744579857,0.30093002492790116,0.3322783684051756,0.2865487096723609,0.34488275231567656,0.3037324617659898,0.2620297272406661,0.28651803097992984,0.3201134583047484,0.35244041584610697,0.0,0.27907581573687845,0.32155031879339213,0.2503555735140347,0.2785531894618231,0.3825198694474951,0.2963744337619029,0.279099750872077,0.3327661060630672,0.27364566298949156,0.28638525092714845,0.38287588527994426,0.23764325792935326,0.28455480984136156,0.33370356459161665,0.28096644234278845,0.28988844533326763,0.28075731090807654,0.27747557228313147,0.35733110169437005,0.29241534013276954,0.31543611608166644,0.33568801458568326,0.33300080262852977,0.3014930699421825,0.2556404481366248,0.29965168089857436,0.35461955746531226,0.2619541194092396,0.3226062002200976,0.3199915519159253,0.28420843418801944,0.31244839989588163,0.37687470199372486,0.35412387536122897,0.2685375522862709,0.2856715318892744,0.3132385183846762,0.24412363794429429,0.361088062340817,0.2922335426602301,0.28513037920969286,0.33103095245719916,0.3353528397352894,0.25962628782065267,0.2533712904531874,0.34791089548877907,0.23746563643492383,0.34322514674485244,0.2339560611100996,0.23215415529573616,0.3093230936014854,0.28391908012656936,0.33324087524342144,0.3716735392938528,0.3156127091544057,0.2740052228854117,0.33211738881840597,0.27009804196187276,0.3466126304539446,0.32369164365286435,0.3454973455879676,0.2624569913061542,0.37185070635437917,0.3360584341802345,0.3730562317728711,0.22742283423033052,0.33832028663393376,0.329690258726202,0.2976127426926522,0.311525414250331,0.35366111453518345,0.3527237973738342,0.250420449064337,0.28833970739308934,0.29855429024742297,0.2244690028194156,0.36432975477646,0.30635668979704955,0.24473399525525633,0.32447265458502333,0.24622242643945585,0.31216314182920685,0.25011149005082195,0.24950953320138977,0.26231087969774514,0.3079654801581046,0.25381406481039037,0.26595510408527834,0.25829364640458935,0.2817710494664634,0.35345326503542723,0.2695348175505313,0.31461478584913183,0.31371475291540907,0.27160347591488415,0.270171315946914,0.31037231884415745,0.20639280011050484,0.2969072258204493,0.2886892619361774,0.25972029999312257,0.23621988354047604,0.35306160031900424,0.25408770428646793,0.23139880965958975,0.30065981980060685,0.2635620953226449,0.30180277751278456,0.28535223535304727,0.32761061092136196,0.274400883538973,0.30193859688771096
0.26936643251092723,0.27710711202521127,0.20313951588447743,0.24590145804495617,0.23392114915322287,0.21929190016423056,0.22722230271080238,0.22317947085737583,0.24105273091465024,0.2187004342492384,0.22344597288026793,0.20303003963430452,0.23675752865443442,0.31433273587119076,0.2218674100775712,0.2362142895468197,0.27605886362437254,0.3132872571926696,0.24482475237274387,0.27680517808503274,0.2759111804566131,0.22994950872923586,0.22719434314419898,0.20989529218459782,0.2216626453312222,0.2128089502636677,0.20827352784513575,0.22589272463814358,0.2412638619774935,0.21151290263128247,0.22774155287838785,0.24967834978825587,0.2575343697208824,0.20546428085179133,0.26886579251714837,0.2749331260290914,0.22763374941480138,0.3270139029383013,0.2342344022881218,0.2625269017121991,0.2863056665678181,0.22490241325947938,0.2551089834046823,0.2446789359393539,0.2323480141537814,0.29114396051774033,0.2682725311508328,0.21533370476018607,0.2531170510437446,0.3486412309255762,0.32118044152696024,0.27907581573687845,0.0,0.27543327805473106,0.24663579651733258,0.23481534484798106,0.360149536903408,0.2216075245626552,0.34363060257162764,0.3293889353924682,0.2540983639694365,0.29520800388634355,0.30256881917702144,0.2687038225017934,0.34795836124057655,0.3197269910616567,0.25089147706769743,0.2441692399323846,0.2526489302455524,0.23276494011516782,0.2787270473423691,0.34859644935184986,0.2669775824465081,0.2656339086627605,0.28494972861748963,0.32554454839489294,0.22712635481425408,0.249293023085554,0.2805694551445498,0.2572359760280047,0.2773636530360114,0.27751670969772757,0.2539811148007328,0.25854419325815936,0.31291643033243477,0.2676775577633984,0.22084966169740183,0.3332474917932329,0.2711568974648152,0.22500417397936126,0.2859331888835329,0.26954207880827347,0.32042076256913177,0.379008147101071,0.3917488043017489,0.21039029677271004,0.31019635536287865,0.21500596949449138,0.2855110808576062,0.25181270332495154,0.28102145336171197,0.21450680314992213,0.24509357100859142,0.21074322318491784,0.3553112446111898,0.2536919972031932,0.2889518045147958,0.22247527935594133,0.3124687480203072,0.22189602882099105,0.23401920136984258,0.313690808691922,0.262535428581463,0.2754499849498983,0.33281009115907784,0.2384249008396843,0.3061921400602331,0.21383080277858924,0.22924346882668414,0.24692227137630002,0.30361602188987025,0.2529321136168176,0.26774603812995795,0.2752330477373492,0.30221717200923853,0.22192874045004712,0.29229924472789515,0.21071426036372393,0.2394594789337742,0.28737513301425577,0.2236675332628357,0.2551515516716945,0.24826731047491818,0.2866487925347115,0.23512368675337267,0.31691548772301864,0.23191115832726428,0.2532027538158937,0.2298064079918614,0.2759709420647404,0.2609978644776655,0.27826274246809546,0.36784404150987576,0.33152109049069384,0.2836956640017963,0.22186041833140552,0.23280672118756734,0.2838050819152135,0.23976041755322333,0.20769378359229365,0.24263974370183425,0.3919790252760996,0.27390660353907315,0.20611652292766738,0.22217268963783438,0.25592005849438215,0.21585967686463384,0.21122139320468694,0.26088211485935464,0.26991372063728564,0.2907881644364258,0.3252384679095504,0.2854603550666575,0.2554230949870881
0.276002789331517,0.34883005452870064,0.29946654993915756,0.38000761409688794,0.25834636979459735,0.3035084547426394,0.3028837044248135,0.27423216656771077,0.24207998022616986,0.2817724351845797,0.37540661395496966,0.32176557112787135,0.2829948012508692,0.2942593537024145,0.31809164552658303,0.3077412654688398,0.3028262852352059,0.292294545455149,0.3457589181247576,0.2668104945751206,0.37546143360438816,0.3446904405544478,0.23806616951017254,0.27513490819161607,0.32178305917830247,0.29603686443855665,0.22801288136819053,0.2593508709820211,0.32256944034656765,0.22341162343518672,0.3132088485904579,0.3041312940303275,0.37680403386346206,0.2498294046718027,0.29460602107107015,0.3671137511921164,0.33376272073301166,0.3408634291355424,0.336736903005173,0.31022389894862035,0.38223264793015005,0.23776483522398048,0.3096976896362419,0.39123341900910213,0.3356392566477289,0.2963168384644351,0.22626810089731877,0.3774353336426968,0.31387543000707857,0.30817658590200236,0.424383093196542,0.32155031879339213,0.27543327805473106,0.0,0.4237745052824194,0.23157401730286922,0.33380601944367977,0.30886719262420803,0.3368032395480061,0.31316395643881123,0.341353162463842,0.246432515386281,0.30361255715319063,0.23760234664449364,0.27139286562814535,0.2844786680234233,0.31710034594391484,0.2864776377004173,0.2914051246956077,0.28570902382013225,0.32758394331605617,0.2882850186217923,0.25471263501568175,0.3779124364284095,0.29813629813631126,0.24847687777081381,0.31504080211445923,0.33218445533459434,0.28377993987974354,0.22761697788366464,0.27623086911330014,0.3326478244543297,0.29206414921639434,0.2711052740058821,0.2900783304046834,0.29778491695186904,0.2690539685012801,0.3170955311307277,0.2590785190955414,0.24220905255161132,0.34187388148293774,0.29974719535068167,0.36196243115066506,0.2870293429653888,0.32402666414630527,0.35511697758618416,0.2908278155428028,0.2651802021617329,0.22622398496980575,0.29606195176949823,0.3149167613350337,0.28665648285879664,0.29507014891025035,0.28138150902090453,0.3092206938328163,0.27154874361998693,0.31592333992948124,0.24588471632365405,0.3074388360619708,0.2978723184502952,0.3795980167270023,0.28088256296176106,0.31635570444253364,0.2718432553858328,0.323398122021031,0.2552199199353354,0.2566273756748005,0.2724962848518529,0.31366788290638464,0.2544570974913974,0.28572373724292904,0.29477204712203886,0.2532325922769844,0.34580391495038415,0.23943786017835955,0.3999281658147075,0.2532538115816862,0.29465713616746886,0.363270751469586,0.3317675483175605,0.21223520457135706,0.29816263406956994,0.25860619413226393,0.28783594974749466,0.33655817197968974,0.24473825431200807,0.23570661261015813,0.3152934685393904,0.31676092302069425,0.329833585843635,0.36013937876196944,0.3186394733523928,0.33446002545373305,0.31481289598308254,0.37657559797601287,0.26433883200523567,0.28808988741565333,0.2879036857028304,0.2890016361795829,0.19388856738255678,0.31264078625785796,0.325975286926755,0.3145226861086107,0.25840704012505183,0.340047589931869,0.3161155119081693,0.2559518712511904,0.31496697907140503,0.30799560220828787,0.2825013522199701,0.27641028851681826,0.2924712378757246,0.24784418549570825,0.2855223114748481
0.26099053360633717,0.2894741815248789,0.26404191427393403,0.29868092271853125,0.2487419564327636,0.24517337474666967,0.28728717217213356,0.2528629272252582,0.21938257283629875,0.2670339218799375,0.3654009499574295,0.31735349591383677,0.26837567423774233,0.26240740418991515,0.2695485936030164,0.2935960833477729,0.263970949724837,0.26285594932818407,0.2901684819227666,0.24400808767495105,0.29595195051309114,0.2794034276149782,0.24049192998851507,0.24635333650592062,0.2901113585921249,0.2781550511591343,0.23493613254927923,0.2393175880704672,0.30225798683050475,0.21665817190904554,0.3136905758945427,0.31697527625441274,0.28949547846560375,0.26093652170124526,0.28473877572581224,0.40825302498900284,0.32668694345115273,0.31932891322853924,0.3498660631700131,0.26990646292582665,0.30375295313726075,0.21248715997413004,0.2982332356022021,0.32713920431062976,0.3090880770650802,0.25680777662148213,0.2129196393583044,0.3831584241612963,0.33640167599981724,0.29922209338025224,0.36729923600750086,0.2503555735140347,0.24663579651733258,0.4237745052824194,0.0,0.2135483215334455,0.2964267138247038,0.28127260848356567,0.29987698664391177,0.29739048000500673,0.2861129101352883,0.2466039557666635,0.2825279983192613,0.2687142453935988,0.2472428175105829,0.2517289312405519,0.2696416284232094,0.24673191605209652,0.26653957217387886,0.2584703924826703,0.2911195597592329,0.3041636478731038,0.25455278608938053,0.31772278185647307,0.2592730625908559,0.2451254315113949,0.3201562341205098,0.3034098609221467,0.2617053170582675,0.22326217758668748,0.23208489345643968,0.28051893374892256,0.24282642746191216,0.265593926828037,0.28749177081642635,0.2639538680194772,0.2552136727841245,0.31855915056511486,0.2642365504441114,0.22385056569266226,0.3080613715875595,0.2793278275304269,0.4080750642994259,0.2724604669553967,0.3000218837956778,0.3078604499414741,0.2695785743188519,0.23852485667149093,0.2492822805315083,0.26680480869600437,0.332328653628548,0.290229164100637,0.2699760324992821,0.24790437456703196,0.3196194555906688,0.24579997422281824,0.284104499056754,0.22451769656903703,0.26341071741821076,0.2553433639937019,0.32611657529547483,0.3103017842487909,0.2728624105361537,0.2519254222072143,0.30584224279826644,0.22205851040007374,0.2402852402216319,0.31367102147390846,0.2741392524693504,0.24062269276873474,0.28971753086334867,0.2687263273915905,0.2396402212944794,0.29952751330891747,0.23922302342115834,0.365411446987259,0.23267594333220695,0.2923280306798427,0.3413467442435717,0.29463786150569476,0.19941063487657756,0.2501076263830034,0.2837866947874371,0.2711861054231446,0.3063192235455309,0.23089803183725024,0.22732517574580727,0.2941273382212245,0.2871418117436088,0.31753451994064535,0.28074694975280445,0.30380628854623065,0.2808118070872829,0.3148125827315569,0.3388616081272279,0.25415141585940615,0.2584518176203702,0.2382638710599937,0.2681042738678052,0.20329892250542178,0.3178601475530857,0.2879014708089402,0.3002522293875214,0.2250085817710903,0.28264350074305433,0.2827563712225646,0.2308168573624636,0.2572762251736435,0.2781688605193897,0.3137837191896136,0.23093425211547594,0.2719490625546522,0.22096134483667879,0.26736364495029025
0.27586714988045385,0.3204466854689129,0.2519066295311747,0.23342308117173413,0.22413660777152608,0.30577299687290693,0.24813445062043551,0.28348325614863007,0.3185671795212824,0.289228258934031,0.210324955602482,0.24332792008991652,0.2727991938249166,0.2597428341201235,0.21615473138569485,0.2574165033973709,0.2595689353432673,0.2338898370193838,0.215738194911363,0.24336564558918178,0.28249424949167,0.2429378702320479,0.2478857645258569,0.24499556643391746,0.3057840335913827,0.24058082507583547,0.23235005555726698,0.23585494011465316,0.22757810576192847,0.27393842227267323,0.2663904772794439,0.2721499999672626,0.22556054874110645,0.2564075595610654,0.25948990209041367,0.23177009341844723,0.28337048200125386,0.2594987078790788,0.19808992651607124,0.2685154971735467,0.2301284715393529,0.39310129418038053,0.2104949250544128,0.24276026465967418,0.2624852970840518,0.24529185709734083,0.32111906979235544,0.21290401005445417,0.2527284027275438,0.2239566682433665,0.24881386754411108,0.2785531894618231,0.23481534484798106,0.23157401730286922,0.2135483215334455,0.0,0.24194817813096922,0.24909680679635435,0.23083570481528082,0.2368655146274115,0.2500572355771019,0.2504451830205035,0.2335825840273576,0.21537173361464684,0.22322228249054002,0.2311299631806219,0.27784613927028906,0.2919999317147738,0.20639604377921855,0.2608951952852604,0.27981548089673264,0.2416631493199241,0.280080235904738,0.25971208436221604,0.25583654900013647,0.2738038158725618,0.22971534353773856,0.2878009277315839,0.22986185384150315,0.2827876606640554,0.32020099092500726,0.2879084246606396,0.33642235789790764,0.2630879343207026,0.2894872870783157,0.31781710200622276,0.28088004329796756,0.2337360237818074,0.295576226640798,0.36985052982811134,0.24717373575947219,0.31397121063619166,0.22146810290919064,0.24134764495927036,0.2860875896161131,0.28886059264457303,0.21973892325395608,0.3601279142309108,0.24835299389177254,0.28680073253971994,0.23704782818372822,0.2166252812374398,0.22902903051687612,0.23071045751366093,0.2552832009325805,0.29254448077214973,0.23180160448676992,0.32120732664905455,0.2514511174671134,0.2944787886784255,0.23517305128288585,0.2534449249656884,0.3288369085848777,0.265087742538962,0.2369420231840456,0.3132208981979717,0.29935105814178814,0.19807235754960884,0.24930491028990387,0.3088993065988787,0.23613819272592143,0.27743448674049836,0.3239596384966009,0.2893532162526792,0.2827351368602941,0.22645772947442347,0.28737707856032496,0.2427904413793433,0.2653419739540358,0.23357189905347145,0.41822821331236143,0.2768792292597812,0.23920982367653318,0.2717355161855464,0.21464555770367,0.22637106151423744,0.26517956305400336,0.24574608874818288,0.21345942746160154,0.24611028313038225,0.20551188336243062,0.2812974136702185,0.32169095610833465,0.25110421251305626,0.2728630877300061,0.2788395723445673,0.3111814169860866,0.2482890835234287,0.294118485875086,0.21039177403741552,0.24402065833472217,0.24641021053044787,0.20594367583968867,0.2956356858213172,0.2797631413488402,0.282518734069617,0.22734424385984153,0.3310868220391519,0.23234998088940836,0.2774430179735691,0.2680208775479655,0.31394100644740747,0.3131554011608881,0.2514839949253397
0.4289876459432322,0.2826691329776222,0.2496298606060673,0.3002916462113713,0.2517841782525149,0.2585531467476613,0.2514764399596396,0.2699521311621842,0.2803759195307404,0.2444650121286252,0.31067996723010793,0.2832581609043667,0.3133466068816246,0.30438597293167247,0.26917283301216016,0.3287110035324603,0.3748536625656383,0.4282610996687663,0.3737639059603123,0.40850336298670353,0.41286765007501425,0.26767683148590454,0.26012159170067045,0.27808684517448956,0.31948669062314666,0.27907364612334395,0.24311569777212294,0.3056468895011736,0.25043442464211757,0.27218119769223514,0.28179772027285954,0.3563197997125355,0.28773224595264507,0.2729956692268874,0.3131159932916134,0.3006114442627424,0.3122781575648244,0.4155084875821358,0.28837023202132334,0.3538472039934629,0.32686388519989407,0.25046944103124275,0.37798818706693216,0.31048037728449945,0.2933419559343975,0.3975856763414729,0.2760519295737369,0.28436895843840687,0.3592372742477626,0.45010632545407936,0.45480087250689105,0.3825198694474951,0.360149536903408,0.33380601944367977,0.2964267138247038,0.24194817813096922,0.0,0.2747515803399403,0.38874893807105243,0.4599880638690475,0.29785003220374845,0.29378686142088284,0.36582184750918245,0.26611846084524043,0.36043092340789507,0.393872142006395,0.2970889752958196,0.2899741503483603,0.32924739043071055,0.28325434795025495,0.37839905205531066,0.3680415815052384,0.30455160356127575,0.3828574357773952,0.35400806885511615,0.34882216074638484,0.30231593857802336,0.2751744534793124,0.3605202792263164,0.27665820143326536,0.2940386611343666,0.33804111446656143,0.2950157568359722,0.30174077544282707,0.386587592891968,0.35326863819312526,0.2765663612700717,0.43729431535278207,0.34670509424684887,0.24913936730107678,0.36804369246098195,0.27228313875447385,0.3702423883189091,0.47038973125244476,0.37343265468931086,0.2423664795031644,0.30109385502196223,0.24750759149306079,0.26228431525836843,0.33281356715775373,0.3065255263436045,0.2932612865953522,0.29889630064411893,0.2518748172299776,0.421958755992697,0.33868750310907225,0.38000907848680554,0.25442690718291544,0.34192831233835497,0.27299322165201184,0.34371986531249316,0.38094137572487197,0.32349926842370225,0.32023811297316285,0.38231978542178363,0.2987653466859537,0.3483619672580686,0.3227875181207266,0.261890104390552,0.2666864101170769,0.35613973478814903,0.2732544634878229,0.32061614060716537,0.3829495408885053,0.28374880312493744,0.2833876425845042,0.30576640446524594,0.2516208930670616,0.2843031349892101,0.3725989184012326,0.24166676608023466,0.3409255357395085,0.30101539672812383,0.32490365969652296,0.30827900099054817,0.2866345816924164,0.29063488743419036,0.3159106639441773,0.30571201598267306,0.385004154691694,0.26429587898071893,0.3228168492866846,0.3790370546473082,0.3186274656939388,0.3742551936657056,0.2998608137581544,0.283395755255706,0.2865069067576737,0.3127343397952894,0.21115214934802723,0.38122195606563475,0.33541084564028834,0.39147808698576325,0.22626705913009137,0.3098497262494823,0.32009151764191435,0.29241786166801836,0.26781457686128907,0.2779575938710519,0.34375350857935966,0.2628220501384324,0.370698109601189,0.2968420242321756,0.34334628929682837
0.2869180161902066,0.27630073725399507,0.3077212981182271,0.29729386862644763,0.2933032647590029,0.3443493094810533,0.2545661670066323,0.3547089875143319,0.2696273924220297,0.2584975002873687,0.34455312051797293,0.35449950563557614,0.3124503320277614,0.22644271639627025,0.2529150512149493,0.3909201927120571,0.3182252957323137,0.2676716987959032,0.3206432212328709,0.2693907825107966,0.3515510305964367,0.2835330752360257,0.2634849874747557,0.2381174957658669,0.3460182375076587,0.2792889213500351,0.2873164062509229,0.2663083089247224,0.24255913201025894,0.3021028251004421,0.3124431051118643,0.33174837768042,0.2745334103063677,0.2800120224186999,0.26013996579620824,0.2903064896085539,0.3261229533812079,0.3078875039026272,0.2875894829756417,0.2693895355444529,0.27543778525251167,0.3061883912031243,0.2897523091717436,0.2916849077447678,0.3148133893174832,0.28566424942105484,0.2431387728591694,0.29255006998854816,0.27120300188360874,0.2646833974408206,0.299023893704645,0.2963744337619029,0.2216075245626552,0.30886719262420803,0.28127260848356567,0.24909680679635435,0.2747515803399403,0.0,0.23428254945246627,0.26265572273248267,0.2803595671126081,0.2326965570496034,0.3176748028276068,0.23072831392254475,0.20804894761156933,0.24544137676583624,0.27496679719397604,0.25120698042130846,0.27643687085141716,0.3926122146598541,0.26872777338846665,0.2173712970148366,0.2855405777869403,0.32055001286856155,0.34758769480856716,0.2271344814520418,0.2869750999911502,0.3339344395587937,0.27004667886731026,0.2167629825634719,0.25646372792688477,0.2860505201418821,0.279420740888546,0.268391393769374,0.3010274456961866,0.3043097721094126,0.33983385260060267,0.2600192667115664,0.28333885636023093,0.2362356344692654,0.3685124351623217,0.296667733717286,0.2817924164946455,0.22464961965488542,0.2539000543164945,0.28415545436157813,0.23460632273048576,0.3097733005031893,0.2111238194901695,0.2685573352847462,0.2190006217954926,0.29903734336372184,0.28040949851846536,0.27150671032620616,0.28764752551464207,0.29192440655130625,0.29439134432892233,0.3131209877993789,0.27534277564411763,0.2811861292683355,0.31711481927206214,0.27243805557088924,0.27489391538990526,0.33494758425598875,0.24888847208965476,0.29561102886065593,0.279872411755025,0.25303702180497806,0.26983948384948797,0.2857259837650266,0.24945167029446846,0.30691508431633235,0.2533582339870953,0.31157702207200366,0.2103839615737456,0.31238445559319217,0.2409267071250202,0.30498717617753557,0.28338759845246836,0.22948428754917502,0.2739650886410379,0.3358402463690787,0.25484632456265566,0.26361868651402026,0.2662123544959199,0.18732099966453103,0.2328424757724453,0.24067995833089625,0.27208258939165453,0.31708737079405674,0.23114486398765619,0.3029108748470765,0.2981183405427592,0.29153479303938,0.30002061265215707,0.2868530996537693,0.29663095431330566,0.27340247514381294,0.2994554711231986,0.2307987460143157,0.30075214566602404,0.2670517134109829,0.30189504678305906,0.24474992321808156,0.42282198256572284,0.29024548204448286,0.24576005397777734,0.32892185388867845,0.20785383764107063,0.25150428589552576,0.21337975795133543,0.26759705147916785,0.25959143570949805,0.3026648162830279
0.297771235082466,0.31174844341569036,0.25748606292222564,0.28906694974579156,0.2661082302325948,0.22261554250009927,0.30162204703163625,0.2562713505040548,0.23359925066942366,0.2899599113244651,0.2861120883553499,0.22442363269439541,0.30018718297133345,0.3776064842863659,0.2763517537084094,0.27181343828309656,0.33439329154485636,0.3858434549087341,0.29158532286968286,0.31549318178632485,0.3451034711588323,0.2708604134577832,0.27228019802618464,0.26909091913881844,0.2853696192667945,0.24820734002587522,0.23303848564727886,0.26826617488393784,0.2722325145061042,0.2227665635230431,0.25889210183804207,0.31484392960241525,0.27760618530291925,0.23410293014080205,0.3032229326555764,0.31029676185051025,0.29018941491615546,0.34727838715624626,0.24831444677421705,0.3462680554430349,0.32373156669140324,0.2568508918080242,0.3302283095902854,0.2917354566260553,0.30085684969459464,0.30889686815594336,0.2707214653605936,0.2653671010876921,0.38198586688509184,0.3579353045778332,0.3810759656315611,0.279099750872077,0.34363060257162764,0.3368032395480061,0.29987698664391177,0.23083570481528082,0.38874893807105243,0.23428254945246627,0.0,0.3718895556574078,0.2952344168127153,0.256295451624629,0.2762525484301497,0.3117466203980159,0.332450456608318,0.30439297522347436,0.3014155556492696,0.29372627474141855,0.3680477594212766,0.27844017615560035,0.30707131070217847,0.4020671796872008,0.29172899184908485,0.3841575132384196,0.29175258452086383,0.29457371535845756,0.3047357614772255,0.30210923396914957,0.27458999436358866,0.24827020321458185,0.28778934928405164,0.28091059340857616,0.2903620523432538,0.27998947519978584,0.31198638900483483,0.296779115123279,0.2488664267997268,0.41470287411703244,0.27662318478241915,0.22415092446799148,0.2991216501356304,0.27343366953733794,0.3534200498361195,0.32707084667389785,0.3762586569168697,0.22856973130145308,0.27874800171907504,0.24974170249334784,0.27205103357031885,0.31768718619207637,0.32061793243641956,0.27976334037830447,0.2779820887837286,0.24764480026701696,0.3417585985207671,0.27190018210302086,0.31155785129238356,0.2574629360624506,0.34557146385786774,0.2843329122063427,0.29968066306989233,0.30544533119222356,0.28674370811727423,0.27919253153941087,0.31096787869376774,0.24947679955343888,0.3019060845439849,0.2805213653032001,0.26909587404634544,0.24605499354985552,0.31948574413259356,0.23419949756583966,0.27695759837941214,0.3182625931528538,0.27702288162070937,0.26939308099245823,0.2944307903343812,0.2531263576177552,0.28585716088073987,0.3574290470881907,0.23875470091037654,0.2803503136558247,0.2651472664457862,0.2566655068446907,0.28051194143779495,0.2804699296368624,0.2512494051285193,0.29126036457977295,0.30951114627946574,0.3259197988876899,0.29257133514749245,0.31608795753245933,0.3567151900080862,0.31486606028449654,0.3332258308029381,0.2621371465600856,0.2382674822608214,0.29258510100547214,0.2840586012976257,0.20778395434082467,0.2730273644495338,0.3661161378985871,0.3198240236927773,0.27012527568566297,0.26955535563619787,0.308782663609299,0.2650153862251496,0.25442610547115035,0.28868212737655347,0.28263902005424035,0.3318524174204907,0.3387920724411265,0.289408165533078,0.2892197557664488
0.33680249686244457,0.30786222437994887,0.2570347210065764,0.3055331524533688,0.2532221020820618,0.24679228193636804,0.257059933840638,0.2709070081224664,0.23806957162352813,0.25506891021894484,0.285401501930562,0.2521679901741161,0.3403518870219618,0.36238386887272,0.2663265631881032,0.31066521906624933,0.3510777104100847,0.3950162421738561,0.3056165831342391,0.34338969554268156,0.34566265161462306,0.25580983968422294,0.28697097677734446,0.2538675163067458,0.2862107185868808,0.27062529076266234,0.2869788838941838,0.30268253955637525,0.26224339946768466,0.26249294503437237,0.2610798772758267,0.3539054687888191,0.30254911190722433,0.2852469029773972,0.31942592622319743,0.3542010839867362,0.30985042192196466,0.3693393909420944,0.269793919381405,0.3595432925603657,0.3347414450983671,0.23309038346630515,0.3073052984667883,0.26595179653796397,0.3354278603341513,0.4123653425186559,0.28429776114276406,0.2477353638140048,0.3373947972936167,0.42724978931742463,0.40203957073486063,0.3327661060630672,0.3293889353924682,0.31316395643881123,0.29739048000500673,0.2368655146274115,0.4599880638690475,0.26265572273248267,0.3718895556574078,0.0,0.29696362265362136,0.32324734442119296,0.29338882038270375,0.27639245991032446,0.296842173939522,0.3248062311035008,0.31439232004441864,0.28144575524892906,0.32384605862047805,0.26594185711588963,0.31721527847288145,0.3923506700602559,0.27234147695151045,0.4010015699037438,0.3338131556948893,0.3309454736554182,0.30529573963246165,0.3104595322337783,0.32543751282694616,0.2443181018714212,0.25066783546898297,0.292935495203962,0.28359155558809795,0.3091326566922219,0.32773215510512477,0.3599603309561231,0.2587231944753882,0.3795265338092667,0.3662118006432153,0.2591726377409915,0.34003623364312024,0.2900200559293308,0.3706873139833348,0.364589484750157,0.324239247663514,0.2282311902738628,0.2747881942732489,0.246247936834173,0.2566983506789047,0.3914964496490448,0.3317660768269652,0.27859924732038155,0.2709380934141815,0.23402149895467597,0.3860687215215446,0.35673517823950984,0.35087934678611654,0.23581576739341173,0.41090866903206674,0.2620172908441243,0.30618117576259923,0.3256857375625717,0.292982125545502,0.3023985627068021,0.3837200963194812,0.29112440746006,0.31611883386137474,0.2795177482004487,0.23085932906346926,0.2797758900612154,0.3220131774894064,0.2618311588626924,0.2990042140464147,0.3626059652343641,0.23860301613325977,0.3011016188890913,0.3296014189224355,0.303582419350635,0.29939713995877426,0.38472454034929837,0.23860618161159486,0.29277653122316055,0.30243175789979676,0.27916798496311573,0.2725432654831554,0.24294625260410627,0.2612335096608038,0.32644884427945886,0.29251615269368797,0.3521896860244594,0.2472671277230886,0.3350790692727326,0.3861886822437996,0.30265839090097735,0.31733263140331053,0.2605085296384221,0.2504948265108903,0.3022846164247411,0.27489947969862716,0.21259827957376115,0.2935810249234004,0.29030907131776884,0.3738531550805892,0.2568179619372255,0.26978892889967904,0.29682677081008907,0.29406187430483,0.26116122478752757,0.2618536968214164,0.30179510947249405,0.26387866119813524,0.30615680050261396,0.26689746827069466,0.2840210970606646
0.2673134546071144,0.2956859407192574,0.2796653485455429,0.3079399267660426,0.20391848648782473,0.33064102947398566,0.2119871651829487,0.37860366413764057,0.2215996628589334,0.2865540437229872,0.30891680917682,0.22822112104038725,0.37746234089000097,0.2660220402786221,0.25011213181770037,0.3273655850521676,0.3357884961463701,0.2644952455692147,0.2627301866019451,0.2824218298954711,0.3111349989699193,0.2653521124586942,0.20775537847300668,0.2343006297961905,0.27972494596151387,0.260955846251208,0.23155018239863265,0.299702982539127,0.250747246656294,0.20519893236661854,0.2729013818966334,0.3273311403063842,0.2771901584615518,0.23448472551131389,0.24798915613566763,0.2644501638083029,0.3292823102260766,0.281886742448741,0.28876250205846515,0.268038442988391,0.2611847399311422,0.22751075862115755,0.28784673460007076,0.26440201170138067,0.3186969274058577,0.28578646551720815,0.20323250522287425,0.28750423610586734,0.257168897171081,0.2620365810915596,0.3161426386099876,0.27364566298949156,0.2540983639694365,0.341353162463842,0.2861129101352883,0.2500572355771019,0.29785003220374845,0.2803595671126081,0.2952344168127153,0.29696362265362136,0.0,0.2446903349292213,0.2805278935015218,0.20483259459553263,0.23332107467192464,0.28492832562536313,0.33557529491842425,0.28023166467051264,0.2858841084922102,0.34533115522159724,0.29886576880958315,0.2571124190264864,0.26262740700435355,0.3784334351663176,0.37480717108755884,0.26072476371064507,0.36786285396082447,0.2744115664513654,0.2935505311182347,0.2708736602178555,0.30297578760586164,0.2647049660353174,0.27325914421162034,0.3641997998233568,0.27210716121434364,0.2833503957167901,0.36892372285673597,0.29004767576935847,0.3127936713730516,0.24238352682502795,0.24442915008844845,0.2232689630992778,0.2880296828521612,0.27716310683029266,0.2767176845044713,0.25288092325363803,0.2929330861040911,0.2321945973838662,0.19632014989650606,0.32134491570645857,0.28750798790909265,0.3300669708360237,0.21805748879260997,0.21223435283280695,0.2761155097128449,0.28499297267902385,0.34635929524772885,0.26028660491779176,0.2720473947259835,0.27690819627697527,0.26570813741586696,0.2326809099277322,0.3623914677038486,0.3036264892404147,0.27825443886777024,0.2632218109211984,0.28114061416494635,0.22050542625665795,0.2700007875230884,0.24728725666103984,0.2329790889230289,0.3294696790384658,0.25698793516627255,0.30648566217595785,0.23381371496753114,0.29805042797056513,0.26215214192312536,0.28098434017416224,0.29017534765948244,0.2774544252557714,0.23963695033415364,0.33922801229246363,0.341379935980104,0.2483370825975452,0.3123919249257131,0.22523027441910115,0.23247310164096227,0.2352490278187664,0.2536632878253167,0.285618144937599,0.28557029589708155,0.2790226696071532,0.3021554422219922,0.2612802887073587,0.31266491718420497,0.2073265157933155,0.23749526893300596,0.31719381608523384,0.25948885763445106,0.19373801616541045,0.2925205189081085,0.2755391628129647,0.26556812134669977,0.21775669508677312,0.2702709941685841,0.3263361177130589,0.2612359480990362,0.294535072348927,0.24978167703872128,0.2820136588585313,0.28546306410866285,0.27673824377133976,0.253070669084934,0.25093428166008347
0.24160134938115024,0.21142647128517678,0.2176247875548351,0.2423128554960388,0.19922232234539408,0.24345420726029995,0.19704357927827376,0.22267708418933926,0.23788199072925825,0.19969037795642988,0.19727096515525658,0.1912722331793718,0.24967297384256265,0.30085945373309153,0.20797018172531356,0.24319160058229716,0.24215720047384282,0.2530534078287334,0.2146544187473389,0.2292690506279559,0.2582307956253599,0.20341328613647644,0.19297662541567218,0.17210194343787397,0.21326923350652563,0.2626537751559329,0.20790197701237018,0.1999514336800283,0.19636035390235806,0.20831528245553163,0.2200868029267176,0.30495841422605574,0.24066455603453651,0.2182649042807979,0.21856150483552667,0.29919137290898096,0.2287942329213374,0.2990568916316692,0.21179881066333092,0.23253279537430926,0.25031348419861676,0.2205648260440524,0.2706080627842133,0.22322732628185885,0.23480927163229312,0.2989623429332583,0.2603040651016168,0.21046316948677696,0.21627345443690021,0.3327751433304208,0.3182027734265694,0.28638525092714845,0.29520800388634355,0.246432515386281,0.2466039557666635,0.2504451830205035,0.29378686142088284,0.2326965570496034,0.256295451624629,0.32324734442119296,0.2446903349292213,0.0,0.3083393844988862,0.2617565900877281,0.31226058706764265,0.3518470387584971,0.2802190071674171,0.2719309882486031,0.2677318281609446,0.22496755265589222,0.31128204405688287,0.29675839317386393,0.2978702004942413,0.2821065096538097,0.27842550786332065,0.2601230743552018,0.26260263594288147,0.2311960724713122,0.29737278111744403,0.26288629848926104,0.2889372251695774,0.28653332290995454,0.2241601828817699,0.29509634979139243,0.34187313356558235,0.2516505664582614,0.2466524327793133,0.3366110028058568,0.2849056902976401,0.23221163486255955,0.2726736928579951,0.2620799196693681,0.26305240252052403,0.28542762288273166,0.3189642931069436,0.20559046991896243,0.3415298319026752,0.23228367353399645,0.323693060720233,0.2754592516962849,0.2626386912439576,0.261015226578202,0.29446595830350747,0.1957949795073573,0.3760734092938392,0.30345869425758365,0.3429660869992819,0.19132577271637063,0.2782132680981556,0.1903402934052041,0.21839620254211806,0.3098045411781321,0.3094423265345749,0.28211058893778773,0.3212762578346633,0.21676956226992736,0.26069515108189173,0.20752288801037946,0.22431871879746695,0.2839033979202798,0.2579922520778817,0.3130875605334117,0.25873364027213364,0.24904617680200114,0.2623412180409073,0.2185348507291452,0.39721490097053214,0.22722253087010602,0.24898749300543388,0.30147661943368304,0.22885369871583613,0.3124236421383432,0.27643324195143754,0.25930685910237466,0.21417104312873483,0.2598904609818861,0.20029331935863476,0.2290458189546738,0.2004967910624236,0.2741378901071076,0.2354061484589783,0.3292693772652885,0.2838783957381334,0.31517444820448165,0.255335949786971,0.2308648667782187,0.22821381843971478,0.2610656201912642,0.21865611609587984,0.2441380698992879,0.23386967977237844,0.26452921614209507,0.22087570189722255,0.22390921554138124,0.23120927203882813,0.23673437675171047,0.19768776684624184,0.2143366107113343,0.21119087833828207,0.315726908183579,0.2489585880588911,0.2620467218997362,0.31642864663158987,0.2086020389439061
0.30395170429962803,0.24203193019964905,0.26437146032771847,0.285461323183561,0.2300066155579214,0.2766979089620706,0.2096755031279785,0.2804704406962805,0.23821446139900368,0.22272812790711494,0.27894411046739903,0.2416855456219581,0.28143749776528953,0.25935479189998595,0.23770253778702688,0.2869696584737419,0.3053204584040937,0.30521417243908006,0.28354867539157247,0.2741428500381511,0.3732283533463291,0.24263673265013888,0.22672353288676228,0.21594608401787546,0.28005025307571135,0.30519778386083146,0.2080612846646417,0.2531394619503514,0.2219069927612524,0.22638214331579204,0.2551977191094795,0.29095077061644975,0.26184626355921675,0.23644893972942074,0.27097014613963705,0.2923114347688337,0.28263537259658755,0.34002077724309576,0.23413819216219547,0.2817403296290762,0.29282690267769546,0.25080757239755047,0.35192277665367927,0.283660201948224,0.27504840581953893,0.31641343211491146,0.2729398689210906,0.2801313424034487,0.2571741331283469,0.34140183325220425,0.3757161519548538,0.38287588527994426,0.30256881917702144,0.30361255715319063,0.2825279983192613,0.2335825840273576,0.36582184750918245,0.3176748028276068,0.2762525484301497,0.29338882038270375,0.2805278935015218,0.3083393844988862,0.0,0.23665761906633517,0.30628686016294643,0.40034867175084826,0.24827618614767188,0.2844308141544905,0.3067166354082886,0.3091746032710495,0.3289949581540052,0.27795871879429557,0.3145169294969207,0.3295843230197742,0.33169628856341526,0.27812320418652453,0.2795080080247268,0.24741568347450732,0.3515960384487939,0.23659011230828436,0.34037009189394823,0.3031862924537472,0.25396004569977365,0.3428611656472086,0.3506903234828574,0.3108874535860143,0.2955689578093547,0.3041625197898942,0.2974101346907753,0.2138838266729672,0.3226857809446992,0.24414070101867974,0.29029170360146295,0.31594153463675695,0.33505132934246956,0.22601754063270096,0.33590987487591983,0.254923382730823,0.23729403631897267,0.2708000904405998,0.2302195931847501,0.2657502960438823,0.3104942713968107,0.23040073756006216,0.4107991365609441,0.3004526505746909,0.34096641882544587,0.23865060189772122,0.29491711688373917,0.23755106207642307,0.2842236961143237,0.3235217600267372,0.31126370769446354,0.2666073143836572,0.38184458688625456,0.26119183494682596,0.3303529644464071,0.2307573129675654,0.29649872451943704,0.2603071361407691,0.2659576061989362,0.30795844881467,0.2808539857718207,0.30890288587448567,0.2445847905738676,0.2576634172351778,0.26883204504343894,0.22917774467952268,0.2815276725477231,0.29181127785960814,0.22776605667066452,0.3480632449492152,0.259673822388945,0.28228245312569156,0.25064533834768116,0.2769544644844068,0.22461492859879523,0.25586677722844464,0.23922877342481788,0.2753497114032297,0.2857285250936489,0.2802488685427298,0.2801269274250455,0.30572292869589585,0.28126779911214134,0.25606180741372275,0.2634713516683413,0.2579906442638895,0.2756949067651677,0.206932489197871,0.32030836693919845,0.32549328077616685,0.25194859261406394,0.20923906736298964,0.28603870590330027,0.269031312453958,0.23263406417365226,0.2596592949946166,0.227659195557863,0.2945358381879314,0.28030076429941764,0.2862571904501767,0.24983758859873276,0.26506668397594074
0.24288381478877155,0.22796054567726892,0.21372036094608762,0.21148037446769266,0.25771778904987225,0.1879974610514635,0.22786817557544578,0.21207917240155913,0.22787931841765757,0.20323394861833965,0.2349188763689982,0.20904254505080602,0.21557974619779846,0.3281917177360961,0.19509562160736063,0.2553826127733984,0.2621569202766107,0.2518749900607365,0.22278241297141888,0.28908867679017347,0.264748907508167,0.2321600654788847,0.23658300688763334,0.21763108755891977,0.23244098937700136,0.2356348729559004,0.21436005828188395,0.20962139111587288,0.22684459269537918,0.19317211933295497,0.23029470885723646,0.2439936079916391,0.20477561712661313,0.22546638750535583,0.3071268377861278,0.3799394933490758,0.21920769976162394,0.33948475442585496,0.23887784932572406,0.23480721801260573,0.26765966958769916,0.22337302545374807,0.26750635885220736,0.26767408405236,0.24524491050780076,0.22289596088493976,0.2524200737986751,0.25381766913636383,0.2803281776585979,0.34367619982785425,0.25111691594013325,0.23764325792935326,0.2687038225017934,0.23760234664449364,0.2687142453935988,0.21537173361464684,0.26611846084524043,0.23072831392254475,0.3117466203980159,0.27639245991032446,0.20483259459553263,0.2617565900877281,0.23665761906633517,0.0,0.2597237452560982,0.23261493224048144,0.2306449523975894,0.20857312954065904,0.29623086618112504,0.2160991878573187,0.24280737686530934,0.36713391563446407,0.29465315257960095,0.2359167491589207,0.23945711804771705,0.21767825111957803,0.22944154187924848,0.24459813859337234,0.22820934107841945,0.20074226074698437,0.22204423587438868,0.24239860087788906,0.20184357660474161,0.2557239736607826,0.29394265017134275,0.25492648345522817,0.21263289318702489,0.2783831688333155,0.22106330774090438,0.20304205664406116,0.2737624455131946,0.26104929627889917,0.30695007941079483,0.2352003889107428,0.31108540247763133,0.20908912056477438,0.2564285200528658,0.25541997846367137,0.41406253292520273,0.22354205107550562,0.30623022008188044,0.22526040002363482,0.26955947522694024,0.22733764992222374,0.30727390685728706,0.23015001700536622,0.25516375006355735,0.2432978948611198,0.241088957008157,0.22308141459275924,0.24158501500607055,0.35994647886003456,0.22941485511559295,0.2708681253940865,0.25093621680128125,0.2063139002446004,0.23170504466961947,0.26418973930775014,0.2708592006719352,0.2868792803336689,0.32712213138687135,0.22017292139415914,0.26999777769055455,0.20905681923710528,0.29159873242083584,0.19872275000423947,0.2831622544712614,0.23486562546187745,0.27599940023169633,0.2872347265464832,0.2207243871035406,0.24600193706444592,0.23226739917626477,0.2815970827188321,0.2639661531689088,0.26220704858617033,0.2224429706161293,0.2616225613515009,0.26529924157814233,0.25204118601162245,0.20946620662451693,0.35392309507274167,0.2632811363302628,0.36300821755928353,0.30662695997631595,0.2527127902710271,0.23749429583331455,0.20442920817776566,0.25319182605510954,0.32094831543809793,0.2391329108171842,0.2582846506743145,0.299008460980667,0.22866620757528278,0.23741310507057786,0.22072947130248302,0.1868268143926839,0.19230711569172804,0.23353112755085614,0.23921777435947006,0.22796736044594496,0.26112449370469565,0.26534238099625485,0.25511500376755897
0.3006022814129821,0.23112578125421182,0.20709804683303457,0.24249860046049135,0.2629349515369605,0.21284665583500662,0.23118337880540077,0.20957331384272557,0.26498116980840686,0.21106347690389599,0.21172399594136745,0.20075386775876464,0.2206124207399563,0.27315960722347227,0.2736341504703394,0.2138997997392542,0.24841399413441437,0.3332683060023231,0.2554168193683515,0.29250610630304313,0.3018209389772852,0.24711692697830814,0.20232843004863466,0.2343203521711508,0.23220129266091338,0.22740100317850861,0.18263314099893252,0.20626132677900605,0.19666162638268553,0.20032327829172983,0.2690627954719665,0.2509890493262569,0.24189119186513408,0.2086137548916183,0.28532491050991926,0.27830411143727973,0.22992782531766875,0.28741511013913346,0.25915486227451434,0.2525377100481007,0.2773086367879242,0.23333653686139433,0.33851253804053655,0.29681388448125057,0.22998360924611744,0.2971985029206235,0.2485995204000171,0.2482057163186418,0.26074867068127516,0.3882794620236842,0.33101188753996647,0.28455480984136156,0.34795836124057655,0.27139286562814535,0.2472428175105829,0.22322228249054002,0.36043092340789507,0.20804894761156933,0.332450456608318,0.296842173939522,0.23332107467192464,0.31226058706764265,0.30628686016294643,0.2597237452560982,0.0,0.39816042432215576,0.25763555393840226,0.268295413511471,0.2566976527284838,0.22697862789617743,0.34827066344149604,0.37206608780199024,0.28094824563365667,0.2677076707068508,0.25837449128210094,0.30385710537530375,0.23675308516918162,0.23004030276158116,0.28277677513312965,0.24948151325080092,0.30480686374261223,0.36431533064283106,0.233215047895035,0.2308591444102604,0.3414450684543371,0.2421658966232594,0.2276643372292613,0.345201639220397,0.25435835326701045,0.2166274783816737,0.2771316666331774,0.285387874991673,0.2988090691468019,0.39466388393773255,0.3562546696457127,0.20945207129780333,0.31346793440116394,0.22023343360742734,0.3055276031324316,0.2549288423677027,0.2897272206044285,0.25242241219519856,0.2849959799303532,0.22184686546026644,0.349092712276768,0.25998582609425214,0.3025730493652246,0.19915019807087578,0.2925619885390517,0.22036038433758745,0.2580625069191527,0.3498228534187865,0.2773650476295574,0.2532123254208981,0.31740382089963864,0.2174858123909917,0.27491922203236824,0.2736488816714555,0.2193803943472293,0.23455890886039293,0.3552272612443711,0.2379640924426025,0.2618133929026164,0.27374253578299373,0.33352763144777414,0.2110857743023417,0.30050783757603666,0.20561083528435628,0.23052134678131914,0.35651924378645505,0.21104481659759106,0.2671856041263703,0.23390369235323888,0.29645908341042637,0.3038949941769412,0.3814082535962888,0.23791287837520306,0.3064587946081964,0.23289935319376742,0.3024031974519362,0.26900982654650957,0.29092491495494716,0.3158603659339482,0.29879978167092097,0.2858947873432283,0.25549550190392895,0.2624622269394655,0.2639327468866606,0.2393702121852735,0.18865943655405526,0.3026476308888134,0.31406418786880586,0.27413032759671485,0.20928172742566137,0.24109780960383562,0.2779017878235194,0.21361160739631838,0.21134126505084486,0.2611693553248551,0.26943308262761956,0.274440906932053,0.29639892859797057,0.29621562014916086,0.28453120472901994
0.3158575331151383,0.23390733741531733,0.23942550372690047,0.27812710405358076,0.20294170246828924,0.2428898564903902,0.20380698835840316,0.24683201773345684,0.23396336576167123,0.2235563948266121,0.24241917627260243,0.21968636332433863,0.28873030515787024,0.2677144924033843,0.23236138923545904,0.2814919595316658,0.2875431033406469,0.32683958016562636,0.2581155531103629,0.30290931423647455,0.3331246035605593,0.22417436790059705,0.21480813073767369,0.22421362177606063,0.27378561216848923,0.299438996341145,0.2098257631793266,0.24889129730119272,0.19956125827079293,0.20667678162353117,0.24943309125097943,0.30555349505692764,0.24428434185739478,0.25351614941957007,0.25314921406276264,0.26400203872081596,0.27163359105356594,0.3097819930528468,0.23255670363222208,0.2823413358373642,0.25303905751736994,0.23631633040116284,0.3277121171132909,0.2700096443932756,0.2858482585931846,0.4111067505674172,0.2497293945018297,0.26119551299426547,0.25744062666971407,0.3438224391357558,0.35619619368090094,0.33370356459161665,0.3197269910616567,0.2844786680234233,0.2517289312405519,0.2311299631806219,0.393872142006395,0.24544137676583624,0.30439297522347436,0.3248062311035008,0.28492832562536313,0.3518470387584971,0.40034867175084826,0.23261493224048144,0.39816042432215576,0.0,0.33274204391087026,0.28081687527823745,0.2956433860903583,0.27412200176189083,0.350465849855994,0.3103990490054851,0.31836130074956687,0.3408156473910551,0.3302598199186455,0.3569097497394752,0.2814292889511142,0.23197472647757697,0.36174352392723463,0.2746541767519567,0.32282788860242884,0.3014062400368183,0.24231857001806864,0.3051333402981642,0.37545535462115703,0.2793431144300829,0.277359478493328,0.33786788322114486,0.3190911694109206,0.24508384328500543,0.2798384532158213,0.2417553773113711,0.25733865647953763,0.4304473906180723,0.328311261860252,0.21361047538845518,0.33232255517465764,0.24371117716777013,0.23083771191186575,0.31234873574988553,0.2657830278818827,0.3054131547674138,0.3237163506699369,0.21583767614709515,0.3687075458970241,0.32418004116736776,0.43612778195244695,0.22938802011612647,0.32288860670444597,0.2538947875858413,0.2881200750953423,0.3208414092606597,0.32802344255605786,0.28312771661706637,0.3878826517330431,0.2492209715242951,0.3218958691585734,0.24012976878655018,0.2521018918896105,0.23552271709360045,0.2727640259712783,0.26618286625475174,0.2894806204845403,0.3016113448250357,0.24807117615814317,0.25338438545832204,0.2907076598440059,0.2252060225378742,0.26111870081962174,0.3132906847869156,0.21449354139519158,0.3174655981270577,0.29405511437253345,0.26001548891632353,0.28880143814840475,0.3073926000740785,0.23515082709122354,0.2529425220190948,0.24421965258519057,0.3035228662298741,0.28298988185017565,0.29056095554729444,0.2989989070238374,0.27007355703112695,0.29607717752560864,0.24977315297825023,0.2252206658132872,0.28821021476030356,0.2606432358408331,0.20191190699898376,0.32056804467301586,0.2976075373281362,0.26349676533102756,0.21663458670705257,0.2780439093613975,0.3023439100096627,0.242427841510166,0.2552543441304055,0.22777700135667722,0.30751358145709934,0.30166578056413035,0.2857876360150106,0.29137511833951646,0.25767706843032423
0.29861227550499186,0.2773132076505777,0.26685480286358004,0.3525319754849745,0.2447342663180191,0.26053443496450934,0.2854135610009518,0.27300660728204457,0.2647988550014163,0.2525089043082032,0.3005497882676783,0.23612970827586172,0.36017667658892644,0.3381745257523851,0.27120762810800414,0.3055647539398032,0.28106998832169255,0.30918016130834586,0.2274750301437576,0.28361918378684187,0.3020939293632945,0.27815946853214285,0.26514660619037816,0.26330279142662966,0.2799938338348617,0.3847196505799466,0.2900196299920295,0.2739919020473372,0.23508426042899716,0.2137128611970346,0.27029239083120915,0.31357582949570767,0.29934886344011885,0.2950268618533885,0.2771561473667898,0.26751226644696374,0.3507861724684153,0.2933001651072362,0.27783042833981814,0.3461434229847256,0.2527186608459895,0.27197795691573967,0.2549807049308674,0.28098327076072993,0.35747262501662336,0.3675189404962432,0.22594360057942092,0.2780010148773868,0.30031917769660016,0.27170087260882747,0.32681618875150414,0.28096644234278845,0.25089147706769743,0.31710034594391484,0.2696416284232094,0.27784613927028906,0.2970889752958196,0.27496679719397604,0.3014155556492696,0.31439232004441864,0.33557529491842425,0.2802190071674171,0.24827618614767188,0.2306449523975894,0.25763555393840226,0.33274204391087026,0.0,0.3365263031420462,0.27962713274497514,0.2936557571832189,0.3649697030457435,0.2807524314785895,0.33767777619033956,0.39254353199689035,0.2869550490706579,0.3017375650379298,0.3643422632470819,0.3335154703759847,0.29538167024639744,0.2571414135190061,0.2598852150023055,0.317164839428318,0.27022477225187314,0.2797699420182122,0.31721967361350767,0.30483990760751084,0.3566229703383794,0.320823504126937,0.29724186281590886,0.3584026454510382,0.3099764278234141,0.29363772226388857,0.2441889027366306,0.2816494096007892,0.3326100404067861,0.27179012430120786,0.2499717190060151,0.2672830682246894,0.24344472024453856,0.37800323880332903,0.32317560207185303,0.2858671091243307,0.2987060274977924,0.21558785184725987,0.28794127159255006,0.3218057605410147,0.29358127550122814,0.2545075338605486,0.3449441543318671,0.29237633479597636,0.2993967320220987,0.2903779345365351,0.3853453466990764,0.33049827248507324,0.28752691667569524,0.28100920426787257,0.2644249542360735,0.23570290113237718,0.24747330709104098,0.2957488756341686,0.2754527586069156,0.2855855520325548,0.2983835097585381,0.33728242851696366,0.2574582762033271,0.29548042794490303,0.2883419689640144,0.30088762584130707,0.2609515705220327,0.31654393966240313,0.22903608801892558,0.28731025659372417,0.34291242990441884,0.2877235438790572,0.30981927161737244,0.23440277256234376,0.22807702205378402,0.2924764780519735,0.3033958033554261,0.3116280986617086,0.2748035097878543,0.2955881767681135,0.3649355264836797,0.2860670917906412,0.34680155993782186,0.28437930999446726,0.259468917459901,0.2983346090823901,0.2535020336670044,0.1874983621525288,0.31534939718367594,0.23733081847642465,0.2677539466771609,0.2643838070927583,0.29450398662991695,0.39474180803834635,0.2950687223352098,0.299198271946359,0.28301604525070995,0.2950244390956291,0.26568145708745255,0.2852375413939149,0.3190005429021928,0.31593882118702177
0.3382608225403795,0.2970051195943882,0.3058771477892547,0.24669815924041455,0.2606741588706915,0.29319601414077234,0.2938869838015919,0.28288505612962744,0.29355513523297044,0.26966427057769327,0.2693237072672889,0.2463807468003202,0.3399933086361284,0.28856864193956655,0.3155613938364799,0.2811111818492818,0.2581235238802781,0.3196339805966568,0.2386873414824428,0.28117712582237064,0.30858057479039863,0.34424444033218893,0.24391684095521912,0.2921913925889855,0.3028153958290567,0.2943046715577469,0.23769142441941088,0.22461751637675081,0.2188753573338377,0.2554025397706351,0.2972546353674184,0.28831339483021057,0.28819757512437155,0.23115107064130358,0.2544977482733848,0.2529493980288191,0.411890640231601,0.29685420448282673,0.24554313189542773,0.2808694514604999,0.25476954404680785,0.280944057387691,0.3178863597433446,0.27120065336679444,0.33031661235019094,0.30744793780903007,0.3279714840796449,0.28207373598552266,0.2881874878655011,0.2810844165871834,0.3531786772420799,0.28988844533326763,0.2441692399323846,0.2864776377004173,0.24673191605209652,0.2919999317147738,0.2899741503483603,0.25120698042130846,0.29372627474141855,0.28144575524892906,0.28023166467051264,0.2719309882486031,0.2844308141544905,0.20857312954065904,0.268295413511471,0.28081687527823745,0.3365263031420462,0.0,0.3067374096477573,0.31164825026097953,0.4495820168319742,0.26327735617054476,0.25185112348652583,0.33358554452972383,0.2649958011623764,0.2819163802876298,0.2760453197057743,0.29316998500622976,0.29094855005411135,0.24117778010728966,0.28225109248231506,0.3392258254653636,0.3823576208253342,0.27795574126839084,0.24575005649311393,0.35722656601731395,0.27662586452917637,0.3156716168614618,0.29822785031371596,0.31311458301864026,0.29265267648205995,0.2897518431509269,0.2585778395909795,0.2632950760856788,0.29874730039354214,0.33724171943252756,0.25858365784140747,0.252648759479703,0.21823880735089832,0.2943002325356365,0.2665675448734416,0.24125857566408915,0.2523219959532975,0.26730984121997486,0.29292259785115343,0.3518594054276717,0.261514733856644,0.2509840246942396,0.30500791897135565,0.3134570661912561,0.26752796367375115,0.2532652868084584,0.3029221785451685,0.24107356509114578,0.2643720293098446,0.2634466242199501,0.23769812265242862,0.2437923745648953,0.23257922725070784,0.23816265918874457,0.25079732365396695,0.2538014132405593,0.25049628996979795,0.38706191739659257,0.24283703284984168,0.28762277982962103,0.2379234016070131,0.29291442000595763,0.22820967784036186,0.3198001135034505,0.24703714077237543,0.28561147359333233,0.24994896414692724,0.2522999695674525,0.28046105470697497,0.26242379627388773,0.29308967483118975,0.26170196030146586,0.2570739594605216,0.31267553381792385,0.28569841301281235,0.25793781317845604,0.3193518135176005,0.25895429322824864,0.31614697097115146,0.2927975030195346,0.32382697615538336,0.28998603170410964,0.28925314707527927,0.1621268576768636,0.2716065150021866,0.24711776754654297,0.2381124013578809,0.274577574148712,0.28227079230342783,0.4366539409461934,0.29289192472589143,0.32393956978692834,0.23417070747807034,0.25425677119384626,0.26170070570651466,0.26917442138109293,0.25718421783285045,0.2871584950856745
0.2784473495334603,0.24992242542994317,0.2959717532111983,0.26797384018144915,0.24583544964088827,0.22673708301572817,0.22653863979362932,0.2754155147050675,0.24242196210228759,0.2514703125303071,0.3060228066069067,0.22014240604456392,0.30866901576910966,0.3233685181737968,0.2411015443477333,0.33048754260128044,0.3371707198491082,0.3542478887668923,0.27567996176126996,0.2869990276744293,0.33093420932035444,0.2796431610233684,0.250765611047519,0.22024832272912187,0.27810024185500015,0.2907841160604918,0.2716438668643368,0.2860405791225182,0.23096112584909806,0.2516215618675966,0.24199491773109097,0.30829786631501555,0.2613529035399097,0.22080347380571494,0.2606285783134368,0.3047586361902458,0.28226444633523023,0.3921055184699047,0.23687386719998244,0.27539859438911884,0.285480191437592,0.2404435102152613,0.3446723825589046,0.24772221566966116,0.31731412016491284,0.31133531700022615,0.25806197826141153,0.26243094590001964,0.30373516698519687,0.3384661275518144,0.32876703136767976,0.28075731090807654,0.2526489302455524,0.2914051246956077,0.26653957217387886,0.20639604377921855,0.32924739043071055,0.27643687085141716,0.3680477594212766,0.32384605862047805,0.2858841084922102,0.2677318281609446,0.3067166354082886,0.29623086618112504,0.2566976527284838,0.2956433860903583,0.27962713274497514,0.3067374096477573,0.0,0.30524613900951914,0.3021951536228512,0.29486394761467905,0.283700728166042,0.3551117464300317,0.3595506554328331,0.2443370130963812,0.28426324791701685,0.26201804179542726,0.3250699419052314,0.2006669141307771,0.2493391560022212,0.2756330759495831,0.25881216935142604,0.33462796233189257,0.2865267158867712,0.3255688432240219,0.25047154339552313,0.34669826194531445,0.2719069547546359,0.2214908611264108,0.3176295082803442,0.2271006223847469,0.29860329385721474,0.250190491966962,0.3074044377596467,0.23256541206111406,0.2578079093893921,0.23583771585545577,0.2287660563933534,0.2758487145455576,0.2524285742362446,0.2810517207344946,0.28778606655692207,0.2588505779344727,0.3375419633862808,0.30609457253206357,0.3221902953226575,0.2590121013827487,0.2998533994486114,0.24268677850762252,0.2592178464765902,0.2856768094091367,0.277226176826432,0.3061113764878313,0.30320776883847306,0.2480870076523824,0.24979453727625153,0.27313503955409735,0.26200371606890055,0.255788884409089,0.26503008513404835,0.2581658611938681,0.2502811296729062,0.272462274438328,0.21922199712806215,0.26297669869765483,0.2685917969118281,0.24644202833476578,0.278693986453657,0.3443420124880429,0.2538650422811678,0.316933720946074,0.2522293332971616,0.2384263568714678,0.2844853819098602,0.22503387399498506,0.2318483414153592,0.25796052254556356,0.3082492374034511,0.3026709485620907,0.27388194764266777,0.30477077978109934,0.2816456777268581,0.29444693108847086,0.3056790799870188,0.2543335858426991,0.23359024596284772,0.2702080922935336,0.2939968859731793,0.2294770038734351,0.2526268988060041,0.2674859500460303,0.3422169829949611,0.25639143215558147,0.2798404157988317,0.28263568631684866,0.24362872236483402,0.23753296284382838,0.2126093352903018,0.24854862435001432,0.2787870619578218,0.25213353417082757,0.2636038982747685,0.24951705308270808
0.327434365201737,0.3015229288243961,0.3217648445790651,0.28444073657725555,0.2762730757593976,0.2919377264835703,0.24379033723172497,0.4356267401178956,0.28386201548521917,0.3011743482918431,0.3106686505344507,0.2579126363584393,0.3452244773046338,0.268487282840435,0.2775415698699133,0.35657483182043787,0.3072671737063561,0.3231588699673252,0.28378351437384525,0.295401256760231,0.3433645998467841,0.3099893900959034,0.2691561535239837,0.25597656336350294,0.36602435722445514,0.27119511240090566,0.27400964590125354,0.2961229343293314,0.2438491101679088,0.2730894119345119,0.3316350266484383,0.3079286090517066,0.27008876127711523,0.2674915510411282,0.28541945787597484,0.2605664537062525,0.37052755312543983,0.3415010388933537,0.2484359762631505,0.28368438703388854,0.2476884614072237,0.30584203655749226,0.3055033190111072,0.26892061159779923,0.3455847965852979,0.2893803191574852,0.23252757501629134,0.27117767262760667,0.3007692192445721,0.259084568409942,0.3090430553401906,0.27747557228313147,0.23276494011516782,0.28570902382013225,0.2584703924826703,0.2608951952852604,0.28325434795025495,0.3926122146598541,0.27844017615560035,0.26594185711588963,0.34533115522159724,0.22496755265589222,0.3091746032710495,0.2160991878573187,0.22697862789617743,0.27412200176189083,0.2936557571832189,0.31164825026097953,0.30524613900951914,0.0,0.3044534889350611,0.24466784628413024,0.27095103120479785,0.35945466608534493,0.35264156958211423,0.2538828320742179,0.28895079642818366,0.30110448116117894,0.2881430627438325,0.21613966140399415,0.26960719956580703,0.3098321236021774,0.32411791327029643,0.31330326843454337,0.2734076862731912,0.34489297072198194,0.4169554576189946,0.27378882193880905,0.3159789133563307,0.2518642380444876,0.31760486316262204,0.2619737450576521,0.26164420531599636,0.2392857266631926,0.28082655858343214,0.2765155545495748,0.25179578029729155,0.27472037784390135,0.20289563272896,0.29108830358372245,0.2472813779911793,0.31681498818921644,0.24782223437522036,0.27834346761385675,0.28484076772787686,0.28811174831141884,0.2692247705511571,0.33986174085889326,0.26981797477313524,0.2738167696366116,0.2762493739806994,0.24227686345287944,0.30000490218450326,0.31247854577313516,0.2676996662516648,0.29986971762502496,0.2836303852251579,0.2575041032399508,0.24096997102713902,0.2821828232371624,0.23807223273095213,0.3358737232618585,0.24625701264971075,0.3492263596042303,0.22319689518173624,0.3036681818375863,0.23023557365133926,0.2849680383882461,0.26462714407156324,0.25786799415938866,0.29252766585897416,0.3233405774204484,0.29621420143926036,0.2636637397368275,0.27756927922944397,0.20837234230808402,0.241349151380729,0.25527546037525745,0.2845212042229172,0.34185693947909046,0.26128421544333613,0.283731627791581,0.31894401374764825,0.25495169809779306,0.3041432724432047,0.26148183410247317,0.2808487310728445,0.2760035529098411,0.32622826119861,0.19249586475620462,0.3109279917468807,0.2717629174277235,0.28016909412741087,0.23358562129736074,0.3654408240795876,0.39269851593216343,0.2990901166755244,0.34146487743561765,0.22513291538659375,0.2650251677661688,0.25790901534376826,0.29231632109338085,0.25469598200636856,0.32140942051423976
0.413419206634156,0.28281930227540336,0.2852801906074126,0.2689918236188726,0.27796820292256363,0.2778510397239077,0.27234059576013536,0.2745781843832611,0.3316922427858486,0.2427877690807367,0.28481713756820853,0.24543150471973454,0.32212159348363206,0.29624627354239064,0.3130766811409615,0.303883842438866,0.28544274415635346,0.36300508765395145,0.26721895806307794,0.3408029050503824,0.3407151874460866,0.3305683012791295,0.22363966945741803,0.26851324094745577,0.27686034228721346,0.3187950462360712,0.22024307598626805,0.24558380842721314,0.2278405592058993,0.23555293673698688,0.3241394283303247,0.3221328045398363,0.3236758221756773,0.24470182211857275,0.30264859861604115,0.30503443772587713,0.3626607646305537,0.3423633723851167,0.29963133931058056,0.31298061012806977,0.3115911320740313,0.26726928494698193,0.37735503211856924,0.32733404680923067,0.3209918116293898,0.3467619729298307,0.2858381549344781,0.3196679585991544,0.3133668792266234,0.3619539611301525,0.4120699655021099,0.35733110169437005,0.2787270473423691,0.32758394331605617,0.2911195597592329,0.27981548089673264,0.37839905205531066,0.26872777338846665,0.30707131070217847,0.31721527847288145,0.29886576880958315,0.31128204405688287,0.3289949581540052,0.24280737686530934,0.34827066344149604,0.350465849855994,0.3649697030457435,0.4495820168319742,0.3021951536228512,0.3044534889350611,0.0,0.3194665933479242,0.2807341584269827,0.3546963108922815,0.3056934319703713,0.31364506780497553,0.2952312001427425,0.2813251441728346,0.34211541238812787,0.25692758636831403,0.30905559096069674,0.45644512230003037,0.31374112192958464,0.28885847019629823,0.301178777156546,0.3445874118677016,0.3002197561486188,0.3888466023214025,0.3001812710537513,0.29692899621544,0.35447372921624354,0.31292525450423,0.311961300126724,0.3240184618317986,0.35775468236678504,0.3011152775433836,0.3053696360481554,0.25713098345739993,0.2735226760121779,0.31760831978130055,0.29492106397909185,0.26677231860331374,0.2794311854248007,0.25408116922262153,0.3719488847474026,0.3512449620361565,0.30548842148799904,0.23844073847167824,0.33516287692078645,0.2706888213494273,0.30029698978116015,0.3395750519947286,0.33737042595016087,0.2679353816739582,0.3064393997516883,0.26526492750045233,0.2673146913925373,0.2754945026069755,0.24131019663426326,0.27758896520172144,0.3159528034540529,0.2978020260199401,0.2898510232814252,0.3936987877962431,0.2955585861346051,0.30572898767112267,0.2807321565375458,0.27499486487758,0.24988428761070158,0.3933830672616596,0.23913947564433682,0.3362920777593798,0.27295634808935265,0.3339642715656333,0.3331461786046086,0.3204970686670591,0.28250045504077614,0.31457465350837843,0.286929654086927,0.4040046986523646,0.29094741640605604,0.29160805653992766,0.36696654701309983,0.30129316005840884,0.3630358983801412,0.2970960723555899,0.3487845425435075,0.2929786929236961,0.2867256989070177,0.17905693484468252,0.3760913997951203,0.2647529274758373,0.2865699137849662,0.24767722823338012,0.28949914542136823,0.40182410579083233,0.2639339559889592,0.2891413808387179,0.26357411694866045,0.2907284683750091,0.2650331870790982,0.31753853039208607,0.2868577744216619,0.3575799135883641
0.3131515991655111,0.28083901892382623,0.2178786532709361,0.2532880308471028,0.2683631366488261,0.21112636433835208,0.24343845778539897,0.2385236436825304,0.2615758583170683,0.24641316212465628,0.24040326974156587,0.20699652771438024,0.2634055375901386,0.3934262603011071,0.2504505745849014,0.2576161168646387,0.2964619782392621,0.348904626809553,0.24257602931266,0.332018378549198,0.29362704779359455,0.2451211248984532,0.23745287797373016,0.24867972893298423,0.2474392550683148,0.2569002883927026,0.22995759417802672,0.24375867998193274,0.2552774241905653,0.2117130490239128,0.2779898279739908,0.2749875455010538,0.25548001444774665,0.23688802634841225,0.39665429129344015,0.3500681453552974,0.2735361312000931,0.37431601693028244,0.2526897463038331,0.3104390966023119,0.3198885697247363,0.22222655781668665,0.31282279759153075,0.31706813849829585,0.28214929007056994,0.29777240332407656,0.26048399771205133,0.2810622576452073,0.32378395214166183,0.42307606945508525,0.3249057760591677,0.29241534013276954,0.34859644935184986,0.2882850186217923,0.3041636478731038,0.2416631493199241,0.3680415815052384,0.2173712970148366,0.4020671796872008,0.3923506700602559,0.2571124190264864,0.29675839317386393,0.27795871879429557,0.36713391563446407,0.37206608780199024,0.3103990490054851,0.2807524314785895,0.26327735617054476,0.29486394761467905,0.24466784628413024,0.3194665933479242,0.0,0.29425825613029627,0.2966107092112683,0.2716362014533392,0.31648998835064085,0.2527971232175824,0.2799594605269426,0.28959750369500303,0.2676012547484912,0.25710724705174576,0.292602362787224,0.26175440146799817,0.29487225944863127,0.3474045799319401,0.30063502672406983,0.24103015641665052,0.38137915792081867,0.2937841270381162,0.2385470265241675,0.2943166713402288,0.29840580928115445,0.3669842486810794,0.3410298713395825,0.3781672377215276,0.22949908061775556,0.2883191662549684,0.24664336771453135,0.356475782580962,0.3121689160633195,0.41697129589834514,0.23243683112684563,0.27579846882077835,0.22784660097739617,0.4087305483265202,0.29621645302779603,0.2929940534457897,0.23164979255647405,0.32335505885446636,0.24097158035226307,0.25214737279250377,0.37212115098055953,0.2784231208662016,0.28457331329976854,0.36639328066762605,0.2565065232929125,0.2836067325681223,0.2752874335667649,0.2441628546614237,0.28037986012112687,0.430903837620988,0.25288265392109893,0.2958731941062097,0.2923283293038467,0.35123588800144223,0.24947532209332493,0.29118908558371187,0.2447257071959361,0.29609818485722694,0.4102126145566043,0.2401126404044827,0.2545520729667087,0.29721175792787663,0.30580103245723866,0.2869803101058405,0.32471493598421447,0.26604038409600766,0.3763555916331649,0.2794553060805353,0.30016316869652815,0.26323139303027676,0.32731244741595683,0.3399006049071142,0.2992760351012359,0.33374533483577223,0.2645572215546878,0.2523220863005618,0.2507944025769406,0.26597843558204187,0.21869733791879817,0.30753052597121916,0.30637870771163656,0.3003675974958565,0.22835922384609741,0.23936563150593582,0.28354175756171307,0.22822947827588957,0.23430161318283005,0.34226011429128755,0.2977896310891533,0.27324204871304514,0.3635907240542909,0.2844311751619354,0.2943393655467111
0.3070915245616162,0.2342405157135082,0.2500606443028277,0.276161164736099,0.2354097399169516,0.2501031816031245,0.21538377421964067,0.24620112478159606,0.27305933507621627,0.2212631000563182,0.2744618863458618,0.2158233547950226,0.27372713111667124,0.33214594233467826,0.18826891244303665,0.2761599695323499,0.30598471763994434,0.28189665125463126,0.23476816795113264,0.2776356942509303,0.31907690688573015,0.23872008157703273,0.2291679502841399,0.21035408936339026,0.27282024908915037,0.3110328730458627,0.24700183180708993,0.2727512173758518,0.21659176132170724,0.22294734636528604,0.22476705073229847,0.3013390809115209,0.21511095885036358,0.26676125563191505,0.29252519414426337,0.299439743051375,0.2663014733777146,0.33330043283362715,0.21482639865084327,0.27599993791940197,0.2461889899201324,0.3091982105578791,0.23833632970535712,0.2779020727523327,0.25146032431543114,0.24890741696618973,0.23300308980539955,0.2500616713337732,0.26405572080642,0.3021441222828157,0.297892413224643,0.31543611608166644,0.2669775824465081,0.25471263501568175,0.25455278608938053,0.280080235904738,0.30455160356127575,0.2855405777869403,0.29172899184908485,0.27234147695151045,0.26262740700435355,0.2978702004942413,0.3145169294969207,0.29465315257960095,0.28094824563365667,0.31836130074956687,0.33767777619033956,0.25185112348652583,0.283700728166042,0.27095103120479785,0.2807341584269827,0.29425825613029627,0.0,0.3092932626640865,0.3112763387380579,0.2757148864894386,0.2655700362734864,0.25584087091232716,0.2644685646056669,0.2782855259450283,0.28927111976228326,0.2948197869030367,0.22727148556989102,0.2992187007605324,0.47697745489862875,0.28436642864285505,0.31680805393421796,0.3097956730333973,0.26081472828053165,0.2554202016876018,0.33715241083481506,0.2700664071964444,0.26556020785453777,0.3061538189217924,0.412791392863656,0.22030311581221926,0.25480146827267586,0.2800843248793628,0.3223494669675073,0.30177421423968986,0.27187340389035414,0.247045172934194,0.35435162782519647,0.20602271880225823,0.37940268496158774,0.2577018045377747,0.27717101926656934,0.2626292359038326,0.25095857839207253,0.24464979973391193,0.2861836805805707,0.4182670590327851,0.3988529844737402,0.34016933397773325,0.29121415667713,0.2813661323720355,0.28240327813322286,0.22110099485008566,0.31840477817801194,0.3562914498033571,0.2887620154982662,0.28261860402633954,0.36386745204833454,0.2563938962025905,0.3293715193816395,0.21466641244894855,0.3799940807609033,0.20600658145077383,0.28173005519729666,0.253878179594629,0.2629972248840003,0.30523353152565363,0.30943030277998096,0.3539862020475279,0.25479581018936837,0.23424228774950512,0.20275315882470954,0.247086003662174,0.23729529525931742,0.24405791794895698,0.22431514145095127,0.3398945478731142,0.31484406372843493,0.3784945420497809,0.32665960321435206,0.29495358464009286,0.23306447742713518,0.21510091101080264,0.2631698265288721,0.24559315595057735,0.29375540130201694,0.251156043313135,0.2622466620060539,0.2155641050761075,0.2678326711646838,0.2529556838726986,0.2258288436432828,0.24078320790224045,0.25473288350628903,0.371931927552177,0.24045823951110368,0.3316347320736589,0.30722160811997207,0.3250767590234936
0.32485363074757956,0.30098102017927775,0.3808227611791729,0.3997348463675173,0.2723561070633745,0.2925616717085401,0.2893874102726785,0.3429417587938516,0.2517065984267329,0.3199218312210306,0.3488243360788663,0.2657493475382663,0.4390853818490564,0.3129556103908515,0.2953574801940787,0.40092175606557745,0.43982259622782,0.3699760216690338,0.3089028607004874,0.30479398320402196,0.4295109596115515,0.31269689353631275,0.2886175118140441,0.2799419100003936,0.32645638007040906,0.3338609041777706,0.30138375552149355,0.35229777991360617,0.26440920606176094,0.26622645638692155,0.2871676218374908,0.4328151472307794,0.3069071597262749,0.29912214606902254,0.29687018264885884,0.30240674545147833,0.3899709293180632,0.3515471297759213,0.29138072246768815,0.4294854525946483,0.2955180410144676,0.30034207428665166,0.33587133454254237,0.28891675590321325,0.37113557502553185,0.3863784235403227,0.25687650047455507,0.2916362067901578,0.38956678943374184,0.3411022918070994,0.4468374779047573,0.33568801458568326,0.2656339086627605,0.3779124364284095,0.31772278185647307,0.25971208436221604,0.3828574357773952,0.32055001286856155,0.3841575132384196,0.4010015699037438,0.3784334351663176,0.2821065096538097,0.3295843230197742,0.2359167491589207,0.2677076707068508,0.3408156473910551,0.39254353199689035,0.33358554452972383,0.3551117464300317,0.35945466608534493,0.3546963108922815,0.2966107092112683,0.3092932626640865,0.0,0.3979468775182035,0.28459775950555105,0.4278890238243549,0.34544839287733575,0.3112976209624311,0.2533659916323657,0.29899979521017334,0.32708660309831733,0.3156443100612323,0.33258057506762995,0.3412138435366002,0.36278781428828866,0.3272504469282882,0.3540383008956284,0.355536481609895,0.2537091457540907,0.3542624918328423,0.26214010964581863,0.3224177101640482,0.288233983082476,0.3413040648232072,0.2531859214504539,0.2525340543858919,0.27221460529191455,0.22690211071110314,0.4075179424205194,0.2848439164288398,0.3372169005665697,0.27704490750040084,0.23818592053495308,0.3300662518438108,0.36280691633012646,0.3704168603966214,0.2873738338866869,0.3717864614502748,0.3095205059268138,0.3488407453146117,0.2883532146631476,0.36847657989677635,0.32633271527117597,0.3234450877944699,0.328121476864787,0.32433935621391313,0.29503234590220356,0.2987987564910128,0.285405506073938,0.29346243791736043,0.287338940605696,0.2864670309027296,0.3765012423583765,0.23035325480060384,0.32758229186449395,0.3041219257190051,0.2906626428279011,0.31703874649504893,0.33228199819300486,0.26382355829389875,0.3943275348649681,0.30660551874627057,0.2620144503432565,0.30139208022372965,0.23237835214557678,0.243520608960032,0.31274797300411894,0.3211154065254747,0.38324105583819257,0.2683222750292258,0.30817845409726546,0.3784273680870127,0.290183685595208,0.3389751116356686,0.26483865883024355,0.2869813840511234,0.34078165348397227,0.29818539549579115,0.20085012009088957,0.3129125542805832,0.2777873246535463,0.3415959754355344,0.27856504252260533,0.33420006583872847,0.33715629989911705,0.3341055778406128,0.3549883719740316,0.25316716445645987,0.36310123913303916,0.3050085916025253,0.2867358266207958,0.28040342026449294,0.3234090746018124
0.31193719387251934,0.2917848446274987,0.3242045538469298,0.28523961859806596,0.2345636388791466,0.34570531509528735,0.20168135608502083,0.3579381950135628,0.27716064664765405,0.27738585918563674,0.30924471405207604,0.2506212059058103,0.3729280084255237,0.2836716125826708,0.2406584211155141,0.4015258847943175,0.4526654341346912,0.3325780157693269,0.2975372370323961,0.3203153354077066,0.37084083326021433,0.27922419821746125,0.22074772101517634,0.22000078795826133,0.2883250414782071,0.2591514936842794,0.2812074326143027,0.35275471529125585,0.2408988060622968,0.26670303793837624,0.285894529391827,0.3939313963741889,0.2871999782791899,0.25939895032952304,0.2762622333110222,0.284600135573652,0.2782824374689924,0.3871986137424364,0.2667943224595126,0.27489902573551794,0.2886541033619879,0.2830176365145535,0.3018930913818842,0.26918970990214147,0.3069866309720026,0.3105484756210039,0.2457824839042915,0.2535451190502796,0.2674162161226487,0.33779724021919105,0.31836255604388936,0.33300080262852977,0.28494972861748963,0.29813629813631126,0.2592730625908559,0.25583654900013647,0.35400806885511615,0.34758769480856716,0.29175258452086383,0.3338131556948893,0.37480717108755884,0.27842550786332065,0.33169628856341526,0.23945711804771705,0.25837449128210094,0.3302598199186455,0.2869550490706579,0.2649958011623764,0.3595506554328331,0.35264156958211423,0.3056934319703713,0.2716362014533392,0.3112763387380579,0.3979468775182035,0.0,0.2856302551682413,0.2896613770091565,0.26729089140354745,0.330090578549554,0.25880438382718857,0.332068722318141,0.2788856641826612,0.2785281798711748,0.4075909654653807,0.32050607782461615,0.34307116223492085,0.29678851698032527,0.3033965486555359,0.3711097818112674,0.24063681000384307,0.317258601977828,0.23970375056976292,0.29892987482078265,0.3045693361733336,0.2940183120764047,0.2401580396905297,0.2933126476297093,0.26855738311593685,0.21562222012508905,0.33345851736809023,0.24982260906848566,0.27947031217466584,0.23788149765673644,0.2335517203592638,0.34966311230522157,0.33778690449176707,0.40573794118956497,0.3169686304528969,0.30519553220874235,0.25060251280210594,0.28109257362875817,0.27371514125214963,0.3477321429476649,0.4002870459906059,0.311678974705655,0.3238245993949091,0.33491913828812975,0.2501010557965233,0.277861609419645,0.30469989947011017,0.2610444497240199,0.29428642200732275,0.2748979814533984,0.298196394353717,0.23547690745645156,0.29378728560284867,0.29516171793127616,0.24147155050532498,0.3050949756289273,0.2967575763315396,0.3443593182109506,0.44182629030241544,0.27737937927767614,0.2785171083438516,0.2919096162154261,0.23018443721972123,0.2558291225269571,0.25253570560121513,0.26926318162499036,0.3242259548257142,0.2664936905953917,0.3194208620067266,0.3049303894857993,0.2958577417391173,0.33093268734679654,0.23490669611649248,0.2672178199968069,0.3303084836949116,0.2983759732576237,0.25491347225761735,0.2791862913474951,0.30169288949312084,0.33099957488269816,0.22145460432642003,0.32098961448536156,0.2820158002630398,0.25614827108147786,0.2975735767922524,0.21242223188192008,0.30346103865887936,0.29954102386699444,0.2934222061994781,0.2712571572909786,0.27860050748464704
0.3298469276945019,0.27065859177462115,0.20869775825628925,0.2312013124161205,0.21785499161995792,0.23823887352644066,0.2490794310597903,0.23072679360689344,0.2403557848824485,0.2404155664551478,0.2434454514372618,0.22857759826585097,0.27565335154726944,0.28956003162636534,0.2274551925811609,0.26203285624724876,0.2833532528940866,0.3327379341341923,0.28052575761490667,0.30548200073066445,0.29453095012853303,0.2154385752361978,0.25050928123053745,0.2509285835435941,0.29115539526757617,0.248427050676309,0.23780476757199964,0.2735243460894815,0.2392454381931147,0.25358296072966297,0.2753251601189785,0.33211747597436114,0.24626948094769455,0.2840547483213807,0.2945744382478476,0.2348064752816187,0.2969862838917584,0.2832217728052312,0.23565208545588331,0.3003332587595783,0.25537889242955736,0.23674180863718453,0.27439356247400365,0.27465440508307054,0.27608399022307367,0.344419424063523,0.2904287332942999,0.2334623828899501,0.31825641741671845,0.27238455222094754,0.30665360557110505,0.3014930699421825,0.32554454839489294,0.24847687777081381,0.2451254315113949,0.2738038158725618,0.34882216074638484,0.2271344814520418,0.29457371535845756,0.3309454736554182,0.26072476371064507,0.2601230743552018,0.27812320418652453,0.21767825111957803,0.30385710537530375,0.3569097497394752,0.3017375650379298,0.2819163802876298,0.2443370130963812,0.2538828320742179,0.31364506780497553,0.31648998835064085,0.2757148864894386,0.28459775950555105,0.2856302551682413,0.0,0.2457269763933868,0.281147408608009,0.3096865636201858,0.3147798848503743,0.3182015027113152,0.27208973667669306,0.26263882081549694,0.26551611522896673,0.29991839226538897,0.2838499639752926,0.2749482308792801,0.323390860857847,0.36329630297283994,0.25701585028484336,0.27022500542089484,0.2882966754519254,0.2805475303082568,0.48361930087205834,0.3032156279973296,0.23569202029798472,0.2647399687219934,0.26425189080989486,0.24199866430215078,0.31658541107320576,0.2946792244956774,0.2450191987544579,0.2638905891248631,0.2309223284214017,0.3109607448055843,0.2760526777618474,0.26894212798056144,0.2339046994782189,0.3578855362785702,0.2710915301624457,0.30394084863676935,0.2805109865968885,0.2927062344881799,0.26127797834186844,0.3196128937825438,0.2510934196789769,0.38295184773127855,0.2520420986166102,0.21856980747857851,0.2648254811480959,0.2642629097824004,0.24480415591673935,0.3107127111444828,0.3521964275842205,0.27438330852734044,0.285336716510218,0.24890404786648804,0.22903549790813246,0.24535639709171106,0.29013983257829984,0.24804981091351408,0.24536122726121634,0.27395666102077076,0.26559341796179875,0.244737773457627,0.2865651893528869,0.2850242689249733,0.278276953411238,0.23585917785132351,0.3067796661882446,0.2618057355129858,0.2820043856073805,0.35227494075456023,0.24745847422983344,0.3219564183461635,0.26034199629496946,0.22039972733967106,0.2948572079038011,0.2829209285251642,0.18144181131771803,0.3125407727452728,0.32817354331284265,0.24760809979687445,0.21101662565793375,0.2546485718299536,0.28963159978707237,0.25504379216966794,0.2479668979463824,0.2672674639594022,0.3103491712088591,0.3114806947818678,0.3753497482475019,0.2859141628382896,0.2796619723186245
0.23793063927642713,0.23340395409050413,0.27105217953001437,0.3323012917964982,0.2374639255692271,0.2423996485314529,0.28696301269646,0.2874597841081754,0.2108298244973072,0.24738051179972295,0.32193273634291114,0.24672926966563893,0.32727616606160714,0.2654156970687667,0.2365437678057893,0.330762472306122,0.32360561727504444,0.2563673236481476,0.2466363047835826,0.24232726262194224,0.3139989346033312,0.2457909860752077,0.2570865621021469,0.23358990868527538,0.25274650629368073,0.31651562776181885,0.26827422958837044,0.284052715478528,0.22497906295238285,0.23361370264563389,0.2418244782384561,0.3323190515201394,0.24783328576883976,0.28642989426897947,0.2271766570000803,0.2622479059707107,0.3310391784142534,0.27985508109155816,0.307887805908191,0.3016642022752134,0.23839689774736716,0.25137518890297894,0.29818311747643966,0.2592536458638552,0.3012815869170907,0.29508919764163816,0.21135028614594728,0.2757386916880303,0.3265032843625547,0.2729276908196396,0.3529215575731328,0.2556404481366248,0.22712635481425408,0.31504080211445923,0.3201562341205098,0.22971534353773856,0.30231593857802336,0.2869750999911502,0.3047357614772255,0.30529573963246165,0.36786285396082447,0.26260263594288147,0.2795080080247268,0.22944154187924848,0.23675308516918162,0.2814292889511142,0.3643422632470819,0.2760453197057743,0.28426324791701685,0.28895079642818366,0.2952312001427425,0.2527971232175824,0.2655700362734864,0.4278890238243549,0.2896613770091565,0.2457269763933868,0.0,0.3172269068506161,0.26338454950981177,0.24267225793053346,0.26458583722702245,0.25728264616048574,0.2570910545382331,0.276857490601426,0.27995750382220197,0.25703925214305157,0.30780457464323596,0.2980750378850942,0.2871291206973074,0.24199998223930833,0.2842440198146552,0.22918396314373124,0.27845107700760025,0.2673349542508171,0.2902186393237613,0.22466383374121146,0.2618925765295642,0.23038908429192476,0.2151368532714745,0.3002394198172998,0.273981934092573,0.37150578211757845,0.2515771917402446,0.1917196400579591,0.25399094637056,0.3051062384919388,0.32967588897326194,0.23797953684065784,0.2721302907483483,0.2535440841294346,0.3254211010155644,0.25740023506039666,0.31776131437362376,0.33138934424605637,0.2537475489354801,0.24565792830391384,0.24749401311903077,0.26772319454428245,0.2589834659145363,0.25701561257083666,0.27151751287173825,0.2964436175170287,0.236769068549878,0.311631808340359,0.20629350428410315,0.2608444116074383,0.2761211940657208,0.30700671110730254,0.26453529789458397,0.285360134751507,0.21630440916976834,0.3464193609291223,0.3428795619534483,0.23992273403519074,0.26952980836891033,0.21836084515265838,0.21003774125880714,0.23883696919457476,0.25213481917256647,0.2968169994910942,0.23005196258089153,0.29551416310044887,0.28517267551100617,0.2719601957063302,0.31193030357758256,0.233264634647025,0.246516852955787,0.29108331248902986,0.22552957165663198,0.19951386393124299,0.28498589969326354,0.23770523800071727,0.29741921656207854,0.25085836774237696,0.2661189144586365,0.30155107401092457,0.2764191598124186,0.29274758512855126,0.2250501629823924,0.34170774003493576,0.25542541260088847,0.22741956566984434,0.28051627594571593,0.2631893967994361
0.2790524874916227,0.3495447979175844,0.28902168235401393,0.32081102276523993,0.3646831712402375,0.26738384319764225,0.3577152643879695,0.2791139023017738,0.2319998995244411,0.3175135855917511,0.3119238104131775,0.3047660238474903,0.3184882897868601,0.2901256677854665,0.29145298591012814,0.3257163701346671,0.3295353021571143,0.2924852341626776,0.2590254915962496,0.26357877500796995,0.3632627857856363,0.29013066505053886,0.34447003899729817,0.31359848122867046,0.33483173040042813,0.3323466413218179,0.3116115058425739,0.2662269919970832,0.29462878613083104,0.26816303195676183,0.2956040015178275,0.29627881660964883,0.30205339929446123,0.3085396172584202,0.2828538985450006,0.290642495199247,0.366502598667439,0.2857311835518175,0.28498108827007596,0.37050044615490074,0.3075124570968521,0.3060912256366242,0.2648219926540514,0.30121251417159006,0.3349843895296741,0.32334820285466637,0.29508161898066193,0.28450138239938844,0.363463250905286,0.2554770096590827,0.32920188598109074,0.29965168089857436,0.249293023085554,0.33218445533459434,0.3034098609221467,0.2878009277315839,0.2751744534793124,0.3339344395587937,0.30210923396914957,0.3104595322337783,0.2744115664513654,0.2311960724713122,0.24741568347450732,0.24459813859337234,0.23004030276158116,0.23197472647757697,0.3335154703759847,0.29316998500622976,0.26201804179542726,0.30110448116117894,0.2813251441728346,0.2799594605269426,0.25584087091232716,0.34544839287733575,0.26729089140354745,0.281147408608009,0.3172269068506161,0.0,0.2562857506112883,0.26055258331329567,0.2721433409982098,0.29285640826377013,0.3418323747379395,0.24800436215104796,0.29722803243373436,0.3127935723145066,0.28617117398723096,0.274304388463837,0.3069780958234455,0.28064581310823844,0.3183573895956432,0.32171004073368853,0.3141475674829179,0.24976563971217264,0.3053548461900203,0.29327629840063124,0.2170206255457137,0.30596315185323963,0.24492365163650504,0.3308377996707791,0.291574747372286,0.2563830319880388,0.25724665960699433,0.25932650664462825,0.25632526829625074,0.3109500637947955,0.26378173122868614,0.29929417954668414,0.369468137952873,0.33696894910631575,0.33729803620076854,0.2871498475874188,0.2782472658845658,0.3076481335957176,0.2795918864938985,0.3096891962780325,0.2839439623142399,0.2489800208453393,0.25586037477843365,0.3057781538625019,0.29997144979190365,0.2675103151421383,0.27318140781854644,0.4014573084167028,0.22938316507958803,0.3321036808823254,0.24735804339369089,0.34131651123739076,0.2977055695324245,0.2913936548783467,0.25995738302465904,0.26785009291395373,0.25643688625927463,0.27143095563815045,0.24355108298128653,0.2184660844439815,0.2699768338242254,0.32102566034197094,0.2940535106363578,0.3077667183716133,0.24632000478868568,0.31748727564201307,0.39223040016330185,0.2900327491677575,0.36558857414376056,0.2997284172044587,0.28958346151746184,0.33363643061593007,0.30488197589037574,0.20606045220518057,0.25620552548845593,0.2940402614601669,0.2857030847968333,0.30381041037103246,0.34131750646894715,0.2933963959076034,0.2644153249186671,0.3409664110527328,0.26844197675612413,0.2790675797060325,0.285182743083645,0.28243087602960404,0.28032798967391825,0.3116129032307191
0.29581277960688024,0.24773922378788812,0.23381556748759422,0.26868540067850694,0.21705994691695596,0.23185044460179158,0.2142776261504431,0.29550027540572144,0.24886905289329822,0.21788909404119794,0.2503486940332658,0.23490979599930978,0.2809803277283984,0.26469590557502026,0.2501703717290494,0.2826407331212568,0.30237397568999913,0.32563706454752184,0.2723084992445695,0.2905425262992089,0.318926716151681,0.22577499521145436,0.24441824900851236,0.2283683051980332,0.2560738291818333,0.36540128632057817,0.22130828261185015,0.2694042359398891,0.21824991495172555,0.22427307069407562,0.276361262280978,0.2701850327958392,0.28949161480010766,0.27173874708529383,0.2602715926705883,0.2798234293351325,0.2959543159886206,0.36298362349649665,0.28438059034666174,0.2815208049027605,0.31252655221158376,0.21337294354102848,0.35915563048043087,0.26705938087192893,0.337773173162598,0.3948778955963256,0.2709948049023342,0.26470750373174423,0.2667266600649983,0.3140199155294103,0.3427768723627923,0.35461955746531226,0.2805694551445498,0.28377993987974354,0.2617053170582675,0.22986185384150315,0.3605202792263164,0.27004667886731026,0.27458999436358866,0.32543751282694616,0.2935505311182347,0.29737278111744403,0.3515960384487939,0.22820934107841945,0.28277677513312965,0.36174352392723463,0.29538167024639744,0.29094855005411135,0.3250699419052314,0.2881430627438325,0.34211541238812787,0.28959750369500303,0.2644685646056669,0.3112976209624311,0.330090578549554,0.3096865636201858,0.26338454950981177,0.2562857506112883,0.0,0.2511329915514115,0.28896738282969886,0.2969336094858289,0.26873502601794663,0.3729050108402753,0.3321393751467014,0.36121048768017394,0.27530863763893376,0.3204288082092721,0.3264297225793816,0.2743444943220361,0.3043394035519835,0.2523948684472722,0.27530355525815065,0.3196023086473364,0.31177783123460906,0.24252589772396674,0.3033562600816361,0.2577193316816547,0.2254836288861581,0.31050434559886414,0.25787662305772824,0.2671822972301212,0.3078993086699908,0.25119632173439743,0.36695226806729797,0.3803374855299466,0.3348919463537765,0.257861487345724,0.354276627950807,0.24370380049785287,0.25496661342934585,0.3112496707255305,0.2980652273015661,0.2836733964216298,0.422853928825956,0.26465687231996776,0.3083657302597564,0.2195772999013479,0.23038463000109305,0.2521836743759211,0.2785145253544153,0.3181622972211279,0.32100117286878704,0.3288034547456367,0.23993266510423145,0.29121340903424625,0.2541971589579012,0.2533020922766334,0.2948784464700792,0.3374409501080174,0.225876777908613,0.2813300105090215,0.2897994644847632,0.27352278410622155,0.27604083713814165,0.24639830700580798,0.27757246340999614,0.2857464011029814,0.27955287354958963,0.3252392438701008,0.27748623594249017,0.2552429811594315,0.3113334010269395,0.2569634764527078,0.32264588029056346,0.28773228107020116,0.25182473137860056,0.29430651519902923,0.2886311120734589,0.20124857184969125,0.32502940127935165,0.2880965532824962,0.25722705108765054,0.21394340729321437,0.2972745162682101,0.3173805366433096,0.2288511566496094,0.2577724405574754,0.22896436988572802,0.2644653837290687,0.28161070464878624,0.29820220610144615,0.2897978611241656,0.2622455055241832
0.242953905811132,0.23258845962394978,0.20131518455361017,0.21890087934419913,0.19620255366518374,0.27104282707995375,0.20745532858504873,0.20814204789354387,0.21143516693348666,0.2275590357169868,0.21548447861620487,0.19521940437822535,0.25308664308173595,0.25175130449645683,0.19120088004599062,0.24983860720712123,0.27698677122690574,0.22323128614520102,0.22245358749253225,0.22516436443432641,0.25085342338314104,0.18845677414153342,0.19770382261646158,0.21534942284654843,0.22866721098744994,0.24261272661917402,0.1942104791994594,0.23496841540375624,0.2380829158538491,0.22167323099300007,0.22078218932052257,0.2796500283259233,0.20594064576037685,0.22558827344874874,0.22500689686601036,0.20966606666059776,0.24682716227230647,0.25259505889038364,0.2224995812506465,0.24620802997466412,0.2316116469336497,0.23163764507164294,0.22668668777448805,0.24688035190184804,0.2124897629266684,0.24182493755421397,0.23508380359462122,0.23590262773499635,0.2253420045013326,0.23072436691533,0.2732543693040443,0.2619541194092396,0.2572359760280047,0.22761697788366464,0.22326217758668748,0.2827876606640554,0.27665820143326536,0.2167629825634719,0.24827020321458185,0.2443181018714212,0.2708736602178555,0.26288629848926104,0.23659011230828436,0.20074226074698437,0.24948151325080092,0.2746541767519567,0.2571414135190061,0.24117778010728966,0.2006669141307771,0.21613966140399415,0.25692758636831403,0.2676012547484912,0.2782855259450283,0.2533659916323657,0.25880438382718857,0.3147798848503743,0.24267225793053346,0.26055258331329567,0.2511329915514115,0.0,0.34299815501684683,0.22631060994382893,0.2430947608497729,0.26986393832300526,0.30518911238827606,0.23055999680112743,0.24798001252146332,0.26243806089283955,0.2749148972408725,0.23022214020597898,0.22928626895987755,0.2340245946909361,0.254228980105469,0.30550862973733517,0.2828172413321013,0.20437051711216586,0.23579148091526736,0.23415087972930737,0.250255036415735,0.2736952112913223,0.2767555288032518,0.2282943564231066,0.23389112080622254,0.1866466569556407,0.2595426980952944,0.24819823298385335,0.2782317365456068,0.2300701452719283,0.2497528411241107,0.2504189479620181,0.23637271157250792,0.2532371864301387,0.3238655533245105,0.2755954064505487,0.2586758482819419,0.2561181303189181,0.30136060140376947,0.19240784985250511,0.2428016324338901,0.2553120249657628,0.24980785995229873,0.25218503145176646,0.3101900134604556,0.29696325588306277,0.31507163166488905,0.24086374079397016,0.2890672267268818,0.19951459809904745,0.23462884968769052,0.22652584078992843,0.24817053528445177,0.2759744014635952,0.31347185472572514,0.2528204422938751,0.21135109590182752,0.24161528820607947,0.23243229353217965,0.22080657696149922,0.18405297380838062,0.25101358082561515,0.2116988664405694,0.26919571378536655,0.26457582759503656,0.22962106085759992,0.2701243232686641,0.20451772776359367,0.20274198642059502,0.2819135211896974,0.2190331330734229,0.22165783273715783,0.24739945611258624,0.2871029410697821,0.20283210826830442,0.1891059636995048,0.22893538551851525,0.23693871535345243,0.22307785084377352,0.2599909555162809,0.2449774597191492,0.3423023276684022,0.2768156598335638,0.3448402980709194,0.31413797012996253,0.24479792326549982
0.26972518583744837,0.2658724890167816,0.26107935572354884,0.2550121994794084,0.22936431660115228,0.315663483285358,0.22570385500559612,0.25586942171801996,0.22724418802309435,0.2744012465994867,0.24625016142282657,0.21777295870916635,0.2798884991779127,0.2660418575393323,0.22756182597232058,0.2614044140023619,0.3145762497969668,0.26152282662475546,0.25769514533604887,0.25742564005451873,0.3327384935825241,0.2307969221732856,0.21028925023298195,0.23631666985315467,0.2721769753982619,0.25456701246383456,0.19405514501870236,0.26125717038767005,0.2418157822683699,0.22064881765157957,0.24303581597261564,0.2962761595940767,0.24702307560970646,0.23052010883344498,0.25245635009156614,0.24886125284767754,0.26485782212288467,0.2905888954811567,0.2218892964553396,0.26732943375360707,0.30699902024499603,0.28879332054702433,0.2802821263474989,0.29743726666138987,0.23168595832894512,0.2765749570754901,0.2809013956116127,0.25718619966700723,0.25819862681851463,0.2639030242997817,0.3156858034515613,0.3226062002200976,0.2773636530360114,0.27623086911330014,0.23208489345643968,0.32020099092500726,0.2940386611343666,0.25646372792688477,0.28778934928405164,0.25066783546898297,0.30297578760586164,0.2889372251695774,0.34037009189394823,0.22204423587438868,0.30480686374261223,0.32282788860242884,0.2598852150023055,0.28225109248231506,0.2493391560022212,0.26960719956580703,0.30905559096069674,0.25710724705174576,0.28927111976228326,0.29899979521017334,0.332068722318141,0.3182015027113152,0.26458583722702245,0.2721433409982098,0.28896738282969886,0.34299815501684683,0.0,0.2660401970320205,0.28353566735125685,0.3591486873458745,0.3042494551427668,0.2790352843702631,0.2831478148879468,0.2651691107378669,0.29989417916838373,0.23232952329728093,0.25640462584613194,0.2550211328180396,0.2709289155416747,0.322435256233532,0.3009834889851224,0.241713398873933,0.29334470823988124,0.29558519074722595,0.23547731313405107,0.28354402274849316,0.2578085860056537,0.2516344376710903,0.2536634969791354,0.2359364754409876,0.2848734072440412,0.28173172371813016,0.32257374783377385,0.2828007420059485,0.30447653837699057,0.2633000653649121,0.27760786634483736,0.2609855424089863,0.34568665841318663,0.29558748220393244,0.2960750951551509,0.2625497263308104,0.371888732731826,0.20860310671497803,0.31749462475496437,0.2768334108876293,0.2505543863067197,0.28740405284848763,0.2885578848972058,0.3239508408853384,0.2718114060079729,0.2589220654251307,0.2949551675839783,0.20512326301475917,0.2901542552432897,0.28547131356576794,0.28917878824100807,0.3760333570826784,0.2467439520402348,0.269915463967596,0.24732590871316595,0.32558912475191243,0.2537454734709028,0.24189026277829678,0.21567998550494183,0.28307885631071716,0.2976608812767168,0.30202375867976367,0.28045725549439793,0.27873514842981345,0.31873787909878626,0.22468009244046747,0.25970756562549274,0.36710623307121215,0.2754945028520261,0.2367563668165071,0.2647384676392867,0.34887987497552725,0.22586551582002432,0.23140302107181035,0.2998151408959913,0.26789547186039847,0.2256413945351294,0.3148335086812783,0.23721987723122126,0.2937104818446193,0.43445085605436073,0.3260953533895457,0.35713922274630255,0.267523045496287
0.3703463179900222,0.2762065164599679,0.2698866980246321,0.3033730235983693,0.3082930571347337,0.2676071660668059,0.29099068400207284,0.27413529719948304,0.3813543864299796,0.2470847989860505,0.2631300002609657,0.2683786470385282,0.25184059671852266,0.2654831531457784,0.32267594945987366,0.26208823639525913,0.25638540619744304,0.3270196331730184,0.30498706727263325,0.31547379483158505,0.37395653104889665,0.34879128875313914,0.24625217055780305,0.2732207189231436,0.3036014223071472,0.2845292975506447,0.22636894179697875,0.2406891712245568,0.21416987982573502,0.24097895364648242,0.3457450722678632,0.2765957407596272,0.31326302131095485,0.25560238541633584,0.3082503506950968,0.32995682723629916,0.31380922723185567,0.3284447214292665,0.2898868664821353,0.2933850154515348,0.2880465191819981,0.2852130699024667,0.33364356371813336,0.3038801912480044,0.29215734498826185,0.3029666389673017,0.2568892654027449,0.2859321899383927,0.3130790670853924,0.33210140502626245,0.38522320031938617,0.3199915519159253,0.27751670969772757,0.3326478244543297,0.28051893374892256,0.2879084246606396,0.33804111446656143,0.2860505201418821,0.28091059340857616,0.292935495203962,0.2647049660353174,0.28653332290995454,0.3031862924537472,0.24239860087788906,0.36431533064283106,0.3014062400368183,0.317164839428318,0.3392258254653636,0.2756330759495831,0.3098321236021774,0.45644512230003037,0.292602362787224,0.2948197869030367,0.32708660309831733,0.2788856641826612,0.27208973667669306,0.25728264616048574,0.29285640826377013,0.2969336094858289,0.22631060994382893,0.2660401970320205,0.0,0.28590968796106303,0.24183822966206026,0.3381837802041537,0.3212284683715806,0.2986180154828006,0.3538271826734027,0.2852753513888056,0.2784728160112985,0.3567868462013482,0.3781767748419804,0.2914407422745155,0.28228769343058896,0.38079220952130555,0.2938096080299751,0.28388758957679133,0.2749062221123504,0.29931246253127963,0.30126880048421556,0.277117980426184,0.26510664913926674,0.31520960838865053,0.27133885169080674,0.3666783130704785,0.2963516950021316,0.27010062266234286,0.24316071301141567,0.27875106143054323,0.25625162669175167,0.2980524061794354,0.37139161360291234,0.34219712128676644,0.2791155540163495,0.29724530556366885,0.2599457389207585,0.26554355498495497,0.27888918945210917,0.2299981559076332,0.29562499835776235,0.3009655345404983,0.30992991141546516,0.29120072373693096,0.3366938549213124,0.31261182445072,0.262139340473366,0.3088806003126,0.2501542891673252,0.2545771638665278,0.3320829555308693,0.24269871045138539,0.3005535856588769,0.24845836742124922,0.40634418581606263,0.3178405874616241,0.2565766306752575,0.2328335167790939,0.31938687476393623,0.2902250288594791,0.3928368498103832,0.2683699996030589,0.27300748679032166,0.4349382634631156,0.33508002770197454,0.30602775869916576,0.3393871808749274,0.389759642156748,0.2604158346565082,0.289369715478087,0.1817748521805402,0.386814319798451,0.27593739263705513,0.30556867527458587,0.2325754458659014,0.3143490765892589,0.3562423618544735,0.24764613561143506,0.2726129951960926,0.2746590041747772,0.2803482215871343,0.24293675896923997,0.3177952707995835,0.30821617427841946,0.3706337165830767
0.31057447186269127,0.39228745362650386,0.2914835147041066,0.24963601582890182,0.27291037268544827,0.2916115463272352,0.28511081537340904,0.3209706692690237,0.3406267362655038,0.3220052123737789,0.26465725273738844,0.29845125127674593,0.3022668976517772,0.2687377884207662,0.2978293076903417,0.2935071935088703,0.2946611681269904,0.3004503453090244,0.27572649789393305,0.285335342141374,0.3450227929702757,0.3208453995953852,0.26239806621971995,0.30741784390364957,0.3385095208367012,0.24552481537268012,0.24481605419777358,0.2541842444763063,0.25376685708866553,0.3655992008101415,0.30837279926475264,0.2832339021451388,0.28440359078990435,0.2383996348974142,0.25754179133472604,0.24438618106254617,0.35297601162587827,0.29055101126710464,0.25028950058421096,0.29768178462020484,0.27549768057425295,0.31237641787924103,0.2714283476165067,0.2772649945903534,0.3134628444934745,0.285901815967228,0.3169764449104493,0.2576558787368649,0.31126422683423205,0.2540200786915948,0.3129329822908428,0.28420843418801944,0.2539811148007328,0.29206414921639434,0.24282642746191216,0.33642235789790764,0.2950157568359722,0.279420740888546,0.2903620523432538,0.28359155558809795,0.27325914421162034,0.2241601828817699,0.25396004569977365,0.20184357660474161,0.233215047895035,0.24231857001806864,0.27022477225187314,0.3823576208253342,0.25881216935142604,0.32411791327029643,0.31374112192958464,0.26175440146799817,0.22727148556989102,0.3156443100612323,0.2785281798711748,0.26263882081549694,0.2570910545382331,0.3418323747379395,0.26873502601794663,0.2430947608497729,0.28353566735125685,0.28590968796106303,0.0,0.26379818502340646,0.25341838403224365,0.3838644532093653,0.26350063706905563,0.2679027245383273,0.28878972877281456,0.35400673279821443,0.28022141358384006,0.27569079897620363,0.29593403867138873,0.2512717764333988,0.2908432946784078,0.33631169727128957,0.23439958122447285,0.2598610788147577,0.20266587497910524,0.2778892662015265,0.2678546546928496,0.22302737150878296,0.22385316461540006,0.26557927920275604,0.25485867416025576,0.3009970100678024,0.24605743636785657,0.3048936001013943,0.3059772715424183,0.3449197407058897,0.2799160195809644,0.24038223664326788,0.25839461432580557,0.25964703897585995,0.2673849554227551,0.32613680911945453,0.26462180248487627,0.23709319902779147,0.224331747158181,0.2387060522868204,0.2580711264824888,0.2338085940760704,0.23931943649008974,0.4384547755233007,0.22912686029123075,0.31520765285092933,0.2214650079423412,0.30436372549339064,0.24947825289838232,0.27247249054991207,0.3360894230168413,0.2806604101934679,0.2393334845085276,0.26139637449769443,0.2428803323318627,0.23546427665019748,0.3626613703743049,0.2605423067493436,0.2669863836081983,0.31658378692486777,0.2599413106193577,0.27618067592827666,0.34641397466286566,0.25550066756236606,0.3154111903640143,0.267520056249363,0.3745404968003208,0.3450111035353718,0.3355969381218517,0.1753555156226294,0.2489014386554438,0.3009737043594647,0.2617768260127175,0.31875587176827747,0.3145790930222991,0.3336898487314685,0.2865531125398585,0.4087216600647288,0.2364631711557308,0.2557083540959671,0.25536598838251406,0.28361279679122114,0.25057872751393734,0.2983934335281935
0.28245705159949686,0.2623610715470989,0.2792219290251546,0.26742654728969084,0.20454816383096933,0.29525445093133545,0.19130821850582344,0.31387121605423324,0.2259568159810313,0.25325160739749625,0.27611256173485166,0.21131118446657599,0.3785304285735152,0.3043301820791598,0.21983239624217285,0.3323428164619876,0.3362157930097645,0.28948084157398757,0.25234156242198746,0.29186971815522467,0.29517953923188,0.23532366104114674,0.22130014889976143,0.2194361032589354,0.2692502914735326,0.3038211174485297,0.2378313584439759,0.2988226207160763,0.2480745316008138,0.2131300840170677,0.24890072749475972,0.3105102054296095,0.2596942652629627,0.24734205648991747,0.28236025130464887,0.2972257137987808,0.29493997301988295,0.39454863819451075,0.23176435794261158,0.2568632873693177,0.2981707169221265,0.22732619694869083,0.29192525341721937,0.25913722939869266,0.30828942274252014,0.29409218178098734,0.2490540826005957,0.2684777715452529,0.2641773269230509,0.30537851745124184,0.2836838656211784,0.31244839989588163,0.25854419325815936,0.2711052740058821,0.265593926828037,0.2630879343207026,0.30174077544282707,0.268391393769374,0.27998947519978584,0.3091326566922219,0.3641997998233568,0.29509634979139243,0.3428611656472086,0.2557239736607826,0.2308591444102604,0.3051333402981642,0.2797699420182122,0.27795574126839084,0.33462796233189257,0.31330326843454337,0.28885847019629823,0.29487225944863127,0.2992187007605324,0.33258057506762995,0.4075909654653807,0.26551611522896673,0.276857490601426,0.24800436215104796,0.3729050108402753,0.26986393832300526,0.3591486873458745,0.24183822966206026,0.26379818502340646,0.0,0.2998449410629781,0.3735157540183638,0.29363745716676143,0.2789711714099067,0.3425930915023518,0.25026327134707993,0.2547731374696692,0.21914656598586968,0.28324019269567063,0.28285399052058147,0.28264380785186677,0.2361108220943076,0.2939002225378851,0.2666921523040707,0.22872899291810428,0.31731653933253945,0.291862436864856,0.24241610858026277,0.24326009226262935,0.22745396737010545,0.35546943992540286,0.3252880135427923,0.3455620232193692,0.2805344631367986,0.28113715874014183,0.2345960237311778,0.23357814716203565,0.2691450084281145,0.3353276546711483,0.3116215571822961,0.37036956267790383,0.2899152943001031,0.3071376325801166,0.21536219743387802,0.2943778294709072,0.29094842901041873,0.2582723365620738,0.31346917982114,0.2852687851942911,0.27152444057465547,0.25083951984757147,0.2743479581130524,0.2883922696587851,0.2336542805142486,0.33269869995554974,0.3049014222589109,0.2777684441072981,0.3461913205627302,0.347010521987437,0.2779352328513093,0.2662921421847827,0.24090077380817446,0.2555765936173875,0.2501119143594844,0.25251903752617416,0.2749198675550604,0.29243861911773417,0.2938982758678113,0.2552907005258733,0.2717409582241193,0.3091860063858054,0.22321863692313235,0.23878754133893235,0.29147700390195375,0.2765198038093623,0.2452520404214077,0.2703678201638524,0.28283594609833995,0.24541508343718346,0.20661437758880277,0.2756150143440011,0.2836550512531407,0.24285224185711787,0.2793577755193212,0.2339484079245668,0.294980898606404,0.32425935605741973,0.2938706607605755,0.26685293533009613,0.24874859898011328
0.3038373174239408,0.25298864467905746,0.24386962681678312,0.3139886491224093,0.24458097306672028,0.2535130661189546,0.22991968830844134,0.2773379207427597,0.2745477385096463,0.24432985514239902,0.24999309065492942,0.24741831062197484,0.2701229781623393,0.30080328555685787,0.21527878473094142,0.29836793471825374,0.35369802034242365,0.31074400893161885,0.2894223206078082,0.2891583668543635,0.4020689707071175,0.23245694342806955,0.2598797036471621,0.23283584832732768,0.3117301874538348,0.32365241265423517,0.24825787123270046,0.2745183803386805,0.22542719635517292,0.24765502191062994,0.24823840096525276,0.3216556242007911,0.24544352368551747,0.2894779316856413,0.29916994077609305,0.3308131304210134,0.2768722573605523,0.365022400931418,0.24247006489917985,0.332946531312531,0.2859459526830414,0.29665823859125373,0.296871101965636,0.30008146781250333,0.2904223495436525,0.32268699533591083,0.2613562126925682,0.2617085816750901,0.3097211005574909,0.34288819777672336,0.3438936768172875,0.37687470199372486,0.31291643033243477,0.2900783304046834,0.28749177081642635,0.2894872870783157,0.386587592891968,0.3010274456961866,0.31198638900483483,0.32773215510512477,0.27210716121434364,0.34187313356558235,0.3506903234828574,0.29394265017134275,0.3414450684543371,0.37545535462115703,0.31721967361350767,0.24575005649311393,0.2865267158867712,0.2734076862731912,0.301178777156546,0.3474045799319401,0.47697745489862875,0.3412138435366002,0.32050607782461615,0.29991839226538897,0.27995750382220197,0.29722803243373436,0.3321393751467014,0.30518911238827606,0.3042494551427668,0.3381837802041537,0.25341838403224365,0.2998449410629781,0.0,0.3234004303605655,0.32294123146319814,0.3378583151378395,0.3105536925636204,0.25340454336109675,0.34777626908353587,0.3095140975531468,0.3003810153555194,0.34544437166442293,0.4809315988763071,0.22724043519557954,0.2796943155871591,0.32007412474066316,0.34535806582587475,0.3177355345477901,0.28441209449490223,0.29232074291203913,0.3766934743225564,0.24133362831087662,0.41571460768249063,0.32069011205872344,0.3548892709070244,0.2784872584151679,0.315108141256817,0.2650704591086772,0.2964673870327981,0.5293528201254125,0.37397340514710803,0.3423001175551832,0.36768272420316744,0.3025604935934071,0.3500427623331019,0.2484647815925911,0.31249286941030413,0.3290212954245167,0.3438637895487349,0.3203828467585208,0.4067421906746925,0.2905712544792287,0.3334841696300087,0.23308143220050828,0.3983821714623253,0.23265193976392282,0.3390975270038185,0.2920317664465435,0.27036940216962707,0.32497786258079436,0.3077921493985899,0.32583481831676553,0.2642163352863601,0.25039352331224324,0.22563646867618856,0.30217087052012526,0.2741764631967671,0.2979790101355947,0.2282985502297833,0.3626129926159318,0.3812856961267567,0.3852925115755272,0.3468256893542005,0.31806475319142996,0.25965049649166566,0.2580550065221894,0.3075839747147814,0.2689999744231195,0.3219491497238431,0.2985295481727943,0.28576600596191054,0.23401807147975118,0.33298853369107717,0.2703527127338683,0.22803500517253888,0.2645653994745828,0.2634538380411004,0.39443560015301093,0.2680327744604024,0.3511553286441834,0.3617153440925553,0.3010781999632035
0.3622210239430283,0.38537226781378714,0.34240774854353967,0.27471320711074276,0.25821611546784107,0.30156175239091976,0.26263438687576707,0.3849595509277273,0.3334104691188136,0.3030887593598127,0.27588478326261817,0.3012979033937947,0.3503590312646516,0.3075872960506298,0.28271143843303814,0.3373060774164308,0.33522284051935347,0.3478598057201866,0.3083807236725634,0.3453285171912971,0.36276226093204667,0.3282817361476546,0.30888136788553405,0.30050669238285505,0.36144379753602685,0.3036121030147665,0.2986926431602032,0.31098753512242017,0.25068097366880276,0.29799002186701284,0.33472399029267774,0.31642496155276206,0.30469005259167886,0.2940318919225553,0.3170566736140508,0.3088390342054933,0.35851887638544666,0.4227357059549486,0.25190230005838254,0.3412682682503794,0.33038151751463574,0.2983931475566482,0.2782248015010381,0.27051908967354416,0.4361207458174706,0.36292404165256303,0.34130666689478684,0.25260816748389875,0.3392883260663131,0.3302572474844332,0.3189991988546353,0.35412387536122897,0.2676775577633984,0.29778491695186904,0.2639538680194772,0.31781710200622276,0.35326863819312526,0.3043097721094126,0.296779115123279,0.3599603309561231,0.2833503957167901,0.2516505664582614,0.3108874535860143,0.25492648345522817,0.2421658966232594,0.2793431144300829,0.30483990760751084,0.35722656601731395,0.3255688432240219,0.34489297072198194,0.3445874118677016,0.30063502672406983,0.28436642864285505,0.36278781428828866,0.34307116223492085,0.2838499639752926,0.25703925214305157,0.3127935723145066,0.36121048768017394,0.23055999680112743,0.2790352843702631,0.3212284683715806,0.3838644532093653,0.3735157540183638,0.3234004303605655,0.0,0.28702762934849596,0.28652500025740046,0.35949284221363104,0.3582168780852495,0.3119093860308225,0.3018189966224476,0.29274589182400607,0.284498484809087,0.32861863490501003,0.3145351172554342,0.26360088373962515,0.3480576396529341,0.23769286980153428,0.3479265505116202,0.2727561773122279,0.2328045239158577,0.26545766519529085,0.3089196411455796,0.3390460319995099,0.39623859576883597,0.27863641924767846,0.33408892319151223,0.3409208127159942,0.31938739505959846,0.2727907260504293,0.31273132407861887,0.30607817128354436,0.29732570831963956,0.35471810545471577,0.39328467605406736,0.3095681453579854,0.251822583382306,0.25703623267317227,0.28589140047234723,0.29543203704729853,0.2793477463415659,0.3150386038749872,0.38503449942531226,0.25799223104496943,0.31629051228910743,0.26817661779094293,0.29631699721815935,0.3121865519662677,0.3323389462032531,0.3285355255666226,0.32101595844048453,0.27553385445626644,0.305946860194995,0.2736393135283534,0.2355744154174171,0.3108689460728753,0.31218902536997173,0.32533233425393354,0.3308358646586884,0.2515234579000238,0.2877763798656456,0.36374841447181494,0.2968114187765007,0.33322249883805694,0.33256757420642236,0.36132338540596143,0.2857419186235288,0.40148700927185343,0.21645517956229454,0.2898127331542131,0.2706621265094915,0.29254532757188495,0.2758029988596771,0.35716969351617406,0.36377574309321425,0.32633365553113974,0.3495354660314383,0.23971795061914913,0.27616271011302757,0.2703374635169876,0.3130343992512893,0.2699682947958561,0.30666385813088975
0.28953549960191105,0.24942183866885573,0.24243852233079233,0.2927387648208614,0.2385677456790117,0.29221067047037347,0.22599472538724763,0.36020083797249186,0.2592773547329164,0.24116721482643214,0.29467403154084876,0.2437482032000534,0.30470792459429813,0.2465418780220513,0.223606489032241,0.2963975085092992,0.2639522652998556,0.2587837941160626,0.26640417481872597,0.279051092650319,0.3301200205090552,0.23836944630972468,0.23749451057165352,0.22758716347340333,0.3155168438097195,0.2872020254984682,0.24775812762509117,0.262949509773166,0.2166837407420877,0.24222096597367132,0.2856170993810215,0.3140930614549416,0.24736645650818878,0.2671828439098269,0.2716405989026598,0.25844790355764513,0.3834321248861248,0.29363206892899646,0.25285985215762447,0.27333687200624224,0.22556608698130595,0.29324266628569984,0.28245077689754944,0.2758287844793474,0.29922354347983826,0.26557138042110623,0.21955580905495908,0.2972081705723586,0.27906524230542334,0.249846169542032,0.2936593015270825,0.2685375522862709,0.22084966169740183,0.2690539685012801,0.2552136727841245,0.28088004329796756,0.2765663612700717,0.33983385260060267,0.2488664267997268,0.2587231944753882,0.36892372285673597,0.2466524327793133,0.2955689578093547,0.21263289318702489,0.2276643372292613,0.277359478493328,0.3566229703383794,0.27662586452917637,0.25047154339552313,0.4169554576189946,0.3002197561486188,0.24103015641665052,0.31680805393421796,0.3272504469282882,0.29678851698032527,0.2749482308792801,0.30780457464323596,0.28617117398723096,0.27530863763893376,0.24798001252146332,0.2831478148879468,0.2986180154828006,0.26350063706905563,0.29363745716676143,0.32294123146319814,0.28702762934849596,0.0,0.2812617796605712,0.2840047719451788,0.25745520924372406,0.2942907547857523,0.269469083160646,0.2387497463052484,0.24904881266030604,0.27902042047563497,0.25398378950692174,0.2643803269390568,0.2765839840945507,0.233867926494844,0.2690192538020379,0.257912400935195,0.33894375726053216,0.27632781068777307,0.22151389662884471,0.2914456038549755,0.2624440781751505,0.2662141709322025,0.26888507937389977,0.26001391616438824,0.27088445334885086,0.28368490498093624,0.27666505921913437,0.3525062007087195,0.3167878350487975,0.25863219922130887,0.2379276396881031,0.30002755193233804,0.23176808910217764,0.24098533516636364,0.27759044995086624,0.24010969028214185,0.34587571638865755,0.3166607093213975,0.2950792410542059,0.2684303632048532,0.2622745573285048,0.2450093708153567,0.2727679155597019,0.25251785357379414,0.2547480098634097,0.2525933872512622,0.3157289003679254,0.33408597286529956,0.2767606834654667,0.29573027674181723,0.2132615888447268,0.21770097451514453,0.2464853966565444,0.2596549570776883,0.31599640638417137,0.24164882091879952,0.29828792862877557,0.303212141505964,0.2809805768490028,0.3292972583107228,0.26820525598930156,0.2646635472390357,0.2430250403242401,0.2848673326878646,0.19932159538027308,0.3373412605479305,0.2529814703046218,0.2509238219110454,0.21158036715449308,0.3024642189360106,0.35341757688590464,0.2583147187138037,0.2856155861533695,0.23556973842430182,0.26964889990147367,0.23669007337423373,0.3173869107647857,0.2854784447611091,0.2946291805571273
0.3485612130207766,0.2496666273027339,0.22789547636492716,0.29669977775352235,0.25502760938583685,0.23695463923315163,0.2646548552021658,0.25580111575938974,0.2897012798853687,0.23751890383523583,0.26518208503895874,0.2414699336099454,0.29109363662676907,0.3329048635985676,0.2682147925531981,0.27876914484788407,0.28828374357690056,0.35044076744749025,0.2818638790895044,0.3210637769471936,0.3069244035786639,0.24729450945115164,0.24115046995652506,0.22349656829974662,0.2747852535116514,0.2705619817743271,0.2526176148410273,0.24703430035347693,0.23319469891458042,0.2549956420855957,0.3063792382536147,0.34335926358415153,0.28139413929734675,0.24049945873768797,0.29430961419116475,0.33003063985901804,0.30906505610321355,0.3765026951661019,0.2822251630443761,0.2947908791539105,0.2962773800520535,0.22781733553037314,0.3785991145956006,0.29289667311616796,0.2837821050750112,0.32779742738016704,0.274559559830702,0.27854056056708654,0.3177020231422011,0.4250296844471654,0.48519292388738605,0.2856715318892744,0.3332474917932329,0.3170955311307277,0.31855915056511486,0.2337360237818074,0.43729431535278207,0.2600192667115664,0.41470287411703244,0.3795265338092667,0.29004767576935847,0.3366110028058568,0.3041625197898942,0.2783831688333155,0.345201639220397,0.33786788322114486,0.320823504126937,0.3156716168614618,0.34669826194531445,0.27378882193880905,0.3888466023214025,0.38137915792081867,0.3097956730333973,0.3540383008956284,0.3033965486555359,0.323390860857847,0.2980750378850942,0.274304388463837,0.3204288082092721,0.26243806089283955,0.2651691107378669,0.3538271826734027,0.2679027245383273,0.2789711714099067,0.3378583151378395,0.28652500025740046,0.2812617796605712,0.0,0.32530810737310706,0.23372931528895696,0.3566980728752399,0.3136190899700287,0.376843740137634,0.3402344191235244,0.35261730853945183,0.24249002636983713,0.2968439187862665,0.22685162313909216,0.30437712408832845,0.3149380977006732,0.3245996650570694,0.29003408662182245,0.3403821049674672,0.23455807247526592,0.4525115141919931,0.29457450990725476,0.3430301959327612,0.21525941876797947,0.3151953366239751,0.22429821250972742,0.28316123485325645,0.3825490235284384,0.3471839179098683,0.3343956687655337,0.3215227311519015,0.23295878408496387,0.288877375435283,0.2862805988206776,0.22871098550823893,0.26434537737207675,0.3122087900843569,0.3112662314214037,0.2677385403241439,0.3218132767127721,0.29262662486991464,0.2729606170092403,0.33420192574002844,0.24781767195955431,0.24526736641365443,0.3721932638888242,0.23149669496634137,0.29330439466816,0.30904223539417813,0.297677349955109,0.2732045523716147,0.26201101360958523,0.25056401415381335,0.2928450598814281,0.27512029387107884,0.42662464311583176,0.28521737600934977,0.3066002866750718,0.3741929107395608,0.34493083985636075,0.32894861012384113,0.3114313631492452,0.27672649175432873,0.2660077058701404,0.26519086587517077,0.18989985887896768,0.34812212440957846,0.3310615012170597,0.31109575758288643,0.22858012910196104,0.25000559860375754,0.31146268895040075,0.23841049128402467,0.23742348135987942,0.29394343069014356,0.34595497400172603,0.2499794053400461,0.35060302662543186,0.3023271691018175,0.2830989430149609
0.34799125367535344,0.27668468684669056,0.27538092056915253,0.2785488622506737,0.224357239470283,0.30951529173701314,0.24749859180224149,0.33573433119799523,0.25620679724055306,0.2993798037813374,0.24506598751936898,0.2748139240350963,0.38385320594811284,0.2637141091590066,0.26163197901699564,0.34808854839477377,0.3449530702605145,0.34573738250559144,0.28011213920829137,0.3059573037698744,0.3133328522077352,0.23958982862899947,0.275258631659172,0.24435937090476706,0.3269922589995225,0.26143347434551256,0.3184777208925329,0.3318000277581885,0.21971537161821034,0.26545446292881,0.29740997230407396,0.38568434360167697,0.26646078880926055,0.3313018112704922,0.28049209005003045,0.26082379277030177,0.32993647301258083,0.3284349509456316,0.2386428872147883,0.31399045377779533,0.2519656106274789,0.25361452941562246,0.2888823433972302,0.2427418102890444,0.3420949203803811,0.4247826238497274,0.3127446386829305,0.23451857663772716,0.30551259143815146,0.29762567958734903,0.33491509722100665,0.3132385183846762,0.2711568974648152,0.2590785190955414,0.2642365504441114,0.295576226640798,0.34670509424684887,0.28333885636023093,0.27662318478241915,0.3662118006432153,0.3127936713730516,0.2849056902976401,0.2974101346907753,0.22106330774090438,0.25435835326701045,0.3190911694109206,0.29724186281590886,0.29822785031371596,0.2719069547546359,0.3159789133563307,0.3001812710537513,0.2937841270381162,0.26081472828053165,0.355536481609895,0.3711097818112674,0.36329630297283994,0.2871291206973074,0.3069780958234455,0.3264297225793816,0.2749148972408725,0.29989417916838373,0.2852753513888056,0.28878972877281456,0.3425930915023518,0.3105536925636204,0.35949284221363104,0.2840047719451788,0.32530810737310706,0.0,0.2605957523001141,0.2771277980047216,0.289224804496052,0.28926526202371766,0.3254601775948536,0.27245462860937153,0.2455686367462535,0.25844618281330145,0.3007387150041186,0.21721626901213092,0.4502894540233528,0.26205478658204945,0.2626681446325292,0.25569246301599213,0.25259056669920354,0.3283082725577817,0.4269132883784245,0.34974839641632305,0.2951838019315692,0.35213163292595184,0.26709469918689777,0.2685572895787329,0.26714872042862803,0.31827247682775905,0.3315137528138438,0.3508378258267109,0.3274596705774939,0.383176253362354,0.2538638319134648,0.2365305808150373,0.2926329684684762,0.24678553747503013,0.2833742746344324,0.2669292250836395,0.3693776553532419,0.22151681764602593,0.2908429850859423,0.27562970495187283,0.2643663065512217,0.28014271652516615,0.2962953320005373,0.3015721170861739,0.2930916372409993,0.29026093330546876,0.23916546773538525,0.2370934626402533,0.22429821550692602,0.2890813430513792,0.278939172896675,0.2645091721199051,0.3186632587835841,0.2476133751424277,0.259727880569203,0.3437453656281644,0.24581939351919113,0.2887726099282665,0.2810026845549196,0.2579872641956519,0.35212811667880833,0.30110714968928515,0.20170246585426518,0.28744015187573924,0.287552361190678,0.26578722142608086,0.2304291656895225,0.31976074335423066,0.3032762030369771,0.2712114544198195,0.331582680405132,0.23117379127519763,0.3305562668911048,0.2976891966253386,0.2845391971402121,0.2672067897475627,0.25292370349012383
0.26549616847117297,0.29533810729350624,0.23161091661612015,0.23672397437801,0.22077633150634018,0.24733742631736771,0.2404365924175867,0.26837412843451347,0.34065846552958245,0.2317624832630264,0.23552193782243466,0.2649308469549158,0.2621395215082756,0.25884397653040475,0.23376657268137868,0.24297809318280186,0.2240175263470409,0.24509606923402538,0.2062063351408062,0.24505998878087498,0.25516057442939305,0.26265253190465226,0.2344329149141176,0.24896447620951723,0.2643843133809449,0.2740090162471431,0.25171109866422686,0.2135790076281792,0.20691347139960298,0.26387428203865426,0.27177182150740936,0.23828239969794163,0.24678468503357234,0.25750322868143466,0.23650473462020896,0.24138337289648468,0.2934952684673313,0.2864789465804305,0.24799609089992536,0.2460523719155434,0.2309990318523665,0.28628332650313737,0.20493741811810304,0.23933771204290363,0.3003647697666538,0.282274758449158,0.24928804364546142,0.2196010870675434,0.23793313521245166,0.2313078248563917,0.24429697586583557,0.24412363794429429,0.22500417397936126,0.24220905255161132,0.22385056569266226,0.36985052982811134,0.24913936730107678,0.2362356344692654,0.22415092446799148,0.2591726377409915,0.24238352682502795,0.23221163486255955,0.2138838266729672,0.20304205664406116,0.2166274783816737,0.24508384328500543,0.3584026454510382,0.31311458301864026,0.2214908611264108,0.2518642380444876,0.29692899621544,0.2385470265241675,0.2554202016876018,0.2537091457540907,0.24063681000384307,0.25701585028484336,0.24199998223930833,0.28064581310823844,0.2743444943220361,0.23022214020597898,0.23232952329728093,0.2784728160112985,0.35400673279821443,0.25026327134707993,0.25340454336109675,0.3582168780852495,0.25745520924372406,0.23372931528895696,0.2605957523001141,0.0,0.25095989714942285,0.2823994517849418,0.21587084007739457,0.24691439294357198,0.28107885472624056,0.31718474782014155,0.23411495421886028,0.2627247128306388,0.21966534514764646,0.27509350763879964,0.2786376457552588,0.21226037980222384,0.24105878776167527,0.21949188202027417,0.24580867455836963,0.2859223276168538,0.21930002770388357,0.2522996770907996,0.2566289170792658,0.2913317737329328,0.24176371002020683,0.26402935244241993,0.272694475171756,0.27137829807617464,0.2519007808027168,0.27468558108912117,0.21800499570044848,0.1956186688079334,0.2007351073145733,0.2579229977864802,0.25106688378790804,0.24618986054318162,0.2655303276098295,0.3047362747466161,0.24349391241217935,0.25272525434216925,0.23884327725139617,0.3024230203654913,0.22893222061687057,0.25134859293354334,0.30822159269435623,0.23725161709022552,0.2729188410135015,0.29867882501276855,0.25303792788545176,0.21539846647082858,0.27642641477833224,0.23452198823792603,0.23550564537052635,0.2639995811091962,0.22236525419446165,0.25599706420416307,0.29682944884786,0.25032621540820627,0.3084774373422193,0.2727810617196407,0.31039546633863735,0.2553990128695796,0.2522905511197864,0.18259958394536158,0.25296184351699136,0.2148810773876813,0.22745827412107147,0.2805069594710826,0.27130938923230746,0.3419775296345952,0.2597690754577122,0.3052403168016658,0.22004832912592154,0.23167800495350227,0.2149774631907072,0.253985488354143,0.27606553346229495,0.27458320504597544
0.3642579616232621,0.26150672076558007,0.2744519386881315,0.3162949682477706,0.36886841072204746,0.2536074394746774,0.29316738110995466,0.2600721134668933,0.30078608142477414,0.24339467380158458,0.35819818174889806,0.2833812548056107,0.2775489650589516,0.30796578636410593,0.26115820109551585,0.31233057441587997,0.33881720188968534,0.37024368742354946,0.2938453982896636,0.2814456580285214,0.379616572709266,0.2985282078147236,0.28858296349022255,0.2448525039155529,0.3015517944322811,0.329305931164437,0.2753601469400213,0.27487064150293533,0.2559163721238271,0.2937126040117752,0.27474155495178343,0.293690913393313,0.2913544565077934,0.26648860266787566,0.3453483198246254,0.3646406158078498,0.3330999325369735,0.38727277252538606,0.270188903254049,0.3210253813917234,0.31584398221235926,0.2940545994599045,0.31151237706687107,0.3514429125750207,0.27947019792126315,0.3039800434329033,0.2726077526131454,0.31217994619848133,0.33729524256766696,0.3655443013788922,0.42397342337646016,0.361088062340817,0.2859331888835329,0.34187388148293774,0.3080613715875595,0.24717373575947219,0.36804369246098195,0.3685124351623217,0.2991216501356304,0.34003623364312024,0.24442915008844845,0.2726736928579951,0.3226857809446992,0.2737624455131946,0.2771316666331774,0.2798384532158213,0.3099764278234141,0.29265267648205995,0.3176295082803442,0.31760486316262204,0.35447372921624354,0.2943166713402288,0.33715241083481506,0.3542624918328423,0.317258601977828,0.27022500542089484,0.2842440198146552,0.3183573895956432,0.3043394035519835,0.22928626895987755,0.25640462584613194,0.3567868462013482,0.28022141358384006,0.2547731374696692,0.34777626908353587,0.3119093860308225,0.2942907547857523,0.3566980728752399,0.2771277980047216,0.25095989714942285,0.0,0.3363749750612413,0.339977134720552,0.27860438895932893,0.3756884478726387,0.277394999048613,0.2290805419750384,0.26394175811652687,0.2794761950607185,0.2982962785472008,0.26016238360127014,0.26047015015486935,0.37128601043291204,0.2600224215068582,0.3664001846117805,0.2969966686618335,0.2783628290949129,0.2831110046857302,0.32008599646715025,0.26237973904477524,0.3561679785440962,0.3787252526412821,0.3339746399709949,0.33897009933147604,0.3178425276167574,0.29813003370833396,0.27164525122090943,0.2827652965718633,0.27784826774735905,0.3537972352000848,0.35908587661026875,0.3183023188161245,0.3014081874267705,0.33701310990283295,0.2615912708651227,0.27888580314039413,0.29433719938949765,0.262157459367804,0.2793385224648808,0.3110380797668958,0.24299830142436948,0.3046512644556442,0.2639582753694946,0.3378610585945759,0.2772141692918162,0.23024049604764785,0.22963470602937006,0.3275520435965597,0.2964741327370503,0.345207941148106,0.25164118217291065,0.32152896138783965,0.377243748008247,0.341967643376919,0.36778989451011873,0.34999212531366525,0.2985297541751032,0.2549852928892864,0.27843242665827905,0.20715759323955887,0.33863976437214277,0.2864318134547629,0.3692391888669943,0.24774077811910475,0.3255632310814692,0.2979258459567871,0.24591039120631636,0.3038474435179579,0.2663232473270952,0.31386963910405896,0.23574290103539364,0.3389429361516006,0.285066976572999,0.3998567526835836
0.30540662824590054,0.3030534335251848,0.2251345043131003,0.274332638864124,0.30053916037340067,0.28710418312042163,0.370252264145958,0.2551582126681682,0.30991392344930924,0.2526307674265744,0.2275390009642047,0.2848435955065537,0.24276677824277232,0.295116096410794,0.2879698503958368,0.234658947790934,0.24563424385573357,0.2718019552842416,0.273262107858557,0.27588832411996317,0.30059655119360296,0.26891535768738745,0.27071047586138325,0.26831254445964137,0.30303475380092076,0.24890667647463285,0.23797165704296447,0.22299972598582768,0.23717331345205536,0.24464500857207175,0.34785157731133726,0.26872823278283564,0.3159278381669237,0.30592753062259365,0.34359340128839466,0.32334830114785873,0.29704969927652713,0.28750243711259843,0.2546738622255615,0.28147626830358397,0.3161618330912558,0.2924324375689144,0.2638841090648623,0.3307423163777839,0.30719051666215846,0.27498896952210367,0.2987058493619969,0.24641792360562476,0.3124704505906954,0.29358844968266706,0.3139985047236805,0.2922335426602301,0.26954207880827347,0.29974719535068167,0.2793278275304269,0.31397121063619166,0.27228313875447385,0.296667733717286,0.27343366953733794,0.2900200559293308,0.2232689630992778,0.2620799196693681,0.24414070101867974,0.26104929627889917,0.285387874991673,0.2417553773113711,0.29363772226388857,0.2897518431509269,0.2271006223847469,0.2619737450576521,0.31292525450423,0.29840580928115445,0.2700664071964444,0.26214010964581863,0.23970375056976292,0.2882966754519254,0.22918396314373124,0.32171004073368853,0.2523948684472722,0.2340245946909361,0.2550211328180396,0.3781767748419804,0.27569079897620363,0.21914656598586968,0.3095140975531468,0.3018189966224476,0.269469083160646,0.3136190899700287,0.289224804496052,0.2823994517849418,0.3363749750612413,0.0,0.27792911300666523,0.2542670204889075,0.3256990703671203,0.32982597026266425,0.2637848869446915,0.3958657872910183,0.301456004823767,0.3047969257099274,0.29356497743660287,0.24124861870395495,0.3383737045153723,0.30500546416213586,0.32467526910012695,0.27798986127150177,0.2455162718046185,0.260006470858998,0.31243881796453554,0.27130251282149037,0.3172477549986773,0.32732130348342414,0.2932107995327708,0.2693525297627822,0.2571931225287651,0.2521548505998314,0.28355237557855856,0.23614108883555165,0.24192093520535637,0.3007577645156914,0.2847527778824416,0.2834131663251333,0.2967955505040446,0.33132673080765834,0.2900643732051962,0.2679714328643507,0.2865575638056264,0.272497487592602,0.2753608344664815,0.2745439460028171,0.2708431354806906,0.24093179973520873,0.22754203175744045,0.33576773092709433,0.2484788457203247,0.23668915297510923,0.24197544291482764,0.31290932531584276,0.2593525471128846,0.32090075656111466,0.2563422488912632,0.3086787835519348,0.4093227997510947,0.32818178148646454,0.3103992980175279,0.3700026249955564,0.3142776570519398,0.25586488505150234,0.29384231446919246,0.19377741316245184,0.30314872570259066,0.28869087972461777,0.2582380714903208,0.2477019709416175,0.34549647846109166,0.32184356991200996,0.21774511249148892,0.2822783942907345,0.2888326170920017,0.2528326685806881,0.23034707703131457,0.33493080515976076,0.3139296567178801,0.2781340648933606
0.3311213367461807,0.3086124994929145,0.25994245631830437,0.26790699848281174,0.30918276565703057,0.2604372953470649,0.2743857845425775,0.25967749447621613,0.24941467259701897,0.26533331813672917,0.3353007398521996,0.27105602298103304,0.28703439922779483,0.29868073055398314,0.2872845125918879,0.3179184700147005,0.33971008723714696,0.322195687606047,0.32026403349974414,0.326499583790542,0.33406769563529276,0.3122121933710456,0.257027251598473,0.2720146577543261,0.2916874969510477,0.24193812703105888,0.25080118137463303,0.27015482089837417,0.2976032833902014,0.26320464349874245,0.3054031089591176,0.356550123395018,0.2875582497976496,0.2413808375667626,0.32852501353264474,0.4124592473814645,0.29583326887275435,0.3571121795473759,0.3364615738878238,0.28968243626113444,0.3650995515033248,0.22929036120838464,0.3444301060856105,0.35563162595962905,0.27382105320453537,0.2827756176387859,0.2567559938104299,0.32808207306082154,0.34168159935617926,0.43003932934764516,0.40334326333556764,0.28513037920969286,0.32042076256913177,0.36196243115066506,0.4080750642994259,0.22146810290919064,0.3702423883189091,0.2817924164946455,0.3534200498361195,0.3706873139833348,0.2880296828521612,0.26305240252052403,0.29029170360146295,0.30695007941079483,0.2988090691468019,0.25733865647953763,0.2441889027366306,0.2585778395909795,0.29860329385721474,0.26164420531599636,0.311961300126724,0.3669842486810794,0.26556020785453777,0.3224177101640482,0.29892987482078265,0.2805475303082568,0.27845107700760025,0.3141475674829179,0.27530355525815065,0.254228980105469,0.2709289155416747,0.2914407422745155,0.29593403867138873,0.28324019269567063,0.3003810153555194,0.29274589182400607,0.2387497463052484,0.376843740137634,0.28926526202371766,0.21587084007739457,0.339977134720552,0.27792911300666523,0.0,0.31602778313193103,0.3220680032168639,0.26412068889484414,0.26241443581046825,0.22780826955117078,0.27436159911881963,0.27695865934223923,0.3491618518037446,0.26895922903046027,0.25520370106957757,0.2455650969406489,0.36213856250566573,0.2725782580938979,0.3080151824369197,0.23892662183469646,0.3193575610054144,0.2684243315761776,0.3093524830763303,0.33670436687636107,0.26803057094300753,0.2752358251976191,0.3154932103738503,0.25986647787811756,0.2691251579964509,0.32533623838047043,0.2665569897232049,0.24897238833114832,0.35946059812267267,0.2538137863269027,0.24866315671113542,0.35373731130943087,0.2767026757641139,0.3175835816882051,0.26993384047834973,0.2689435841639395,0.30230515102142297,0.34634690124847894,0.22988187942536958,0.28002609926369204,0.26791968399068183,0.29876952788150624,0.2864657163197066,0.27193187782146266,0.28089604907641064,0.31912405771097374,0.2913261533481482,0.3525251861914141,0.27147496042632446,0.3330013849824563,0.3239769754175358,0.34754481783403013,0.3563946123692683,0.24205837230161023,0.2794935986322722,0.28794879587369043,0.2844389554459923,0.21269454147461933,0.2914965879992237,0.33282179017522334,0.37530838676526,0.24539830640626759,0.27048952225045403,0.26763449687281243,0.24831676054148924,0.25351533417617345,0.30053074304154026,0.32522125196667373,0.2579403957663202,0.3073096456155562,0.2401137667726309,0.3240187525264456
0.34025261897248715,0.2659667674159878,0.2072044970286876,0.24627977888351943,0.20954136426578396,0.23389379975596888,0.2350136219499404,0.2279605071444175,0.23689001662365486,0.2159973965604321,0.2639086473801346,0.24129716672496396,0.27253208622027575,0.2911506132325386,0.22549237366194314,0.2664265197076967,0.2950137078313888,0.3312063192919556,0.299680612397391,0.33216065143872725,0.3126062779997195,0.22262242368036517,0.22920099347065345,0.2550532840018889,0.2735000219272306,0.2517732749148394,0.21844851703705112,0.2716190418108154,0.23366186892578067,0.23421511149566243,0.2541297770016712,0.30912864417763136,0.2517329993316563,0.2642615242274393,0.28361842555386113,0.2655733239692019,0.27706876703005195,0.32728157556954957,0.24821188753532,0.28607017373614646,0.29492529727242983,0.22099396971786278,0.2863534708337169,0.29323380266870175,0.2614081492695191,0.34331931438707575,0.26471969555464636,0.25379342676600536,0.3011249547370563,0.34475380727754174,0.3533339146052682,0.33103095245719916,0.379008147101071,0.2870293429653888,0.2724604669553967,0.24134764495927036,0.47038973125244476,0.22464961965488542,0.32707084667389785,0.364589484750157,0.27716310683029266,0.28542762288273166,0.31594153463675695,0.2352003889107428,0.39466388393773255,0.4304473906180723,0.2816494096007892,0.2632950760856788,0.250190491966962,0.2392857266631926,0.3240184618317986,0.3410298713395825,0.3061538189217924,0.288233983082476,0.3045693361733336,0.48361930087205834,0.2673349542508171,0.24976563971217264,0.3196023086473364,0.30550862973733517,0.322435256233532,0.28228769343058896,0.2512717764333988,0.28285399052058147,0.34544437166442293,0.284498484809087,0.24904881266030604,0.3402344191235244,0.3254601775948536,0.24691439294357198,0.27860438895932893,0.2542670204889075,0.31602778313193103,0.0,0.3300712456690444,0.2254614628676687,0.3075287244931779,0.23348875326038476,0.246557221873795,0.30083570488696654,0.31294260508000904,0.25189483987292494,0.26349940889125556,0.22200861319107298,0.3445803935746714,0.27964284838173964,0.32702776680982715,0.2229030574642958,0.3232327332161474,0.25634503194126096,0.3259421955179739,0.3282397217526573,0.29898965272325945,0.2657132882998358,0.382950047700527,0.26239118456088123,0.34592147499486636,0.2569896984926788,0.23816942474891237,0.2447090657188327,0.3076369386187047,0.248995436715484,0.30243549385972196,0.32991935549228874,0.28909152273577104,0.26248649591177414,0.286031797067333,0.22556086155678493,0.2612697249230136,0.3122722927039366,0.22052164930846616,0.26821398843982425,0.3010776994200155,0.29633503761953944,0.28238522517126285,0.3196987315658886,0.28958592087116825,0.275742687834789,0.23417235592677446,0.3090567330165243,0.2792183735884354,0.29387717760333687,0.3264347881097462,0.2712074709949577,0.34214701656001195,0.2501546219978853,0.2295546878812537,0.27660341477047207,0.26244572982001024,0.19448296303982568,0.33456948955007104,0.34094076101329784,0.2897696551447604,0.20394206794684439,0.2508726729956786,0.2897830468725814,0.26675340157064503,0.23982997924981575,0.2769036057353099,0.33685870165202175,0.27451419661926024,0.35279160386057135,0.26958502994331796,0.2973924355240933
0.3102005623625475,0.28990377636243897,0.2564771006619182,0.3090653709610453,0.2798994019520977,0.23349577748256894,0.2672117919809187,0.2621803561302668,0.30253789540889175,0.26230496925546903,0.26544997454797814,0.2255437120494064,0.2598286521641352,0.39952348750430816,0.23344725728126683,0.27015066360985573,0.32354348939967326,0.3316013548714754,0.25543067209810183,0.2788341328880029,0.3633652942095205,0.2816391720642925,0.26727899886208795,0.23801807953185544,0.2793766620612572,0.30101618373971867,0.2326837595391286,0.25844638986708124,0.25847149669260605,0.2347752531346604,0.2486921110885686,0.27838246575244535,0.2648483113724176,0.25055847764871897,0.3202369300588947,0.3427761388653953,0.2899997801526855,0.38964744975724613,0.2559156998980832,0.3473820539026794,0.2942083123588947,0.29458042899725506,0.27442970141660916,0.30057913780471945,0.2863857592751893,0.2872880654035971,0.2592206930593597,0.26331811217267037,0.3290046554601282,0.3453122752727594,0.37678568851694205,0.3353528397352894,0.3917488043017489,0.32402666414630527,0.3000218837956778,0.2860875896161131,0.37343265468931086,0.2539000543164945,0.3762586569168697,0.324239247663514,0.2767176845044713,0.3189642931069436,0.33505132934246956,0.31108540247763133,0.3562546696457127,0.328311261860252,0.3326100404067861,0.29874730039354214,0.3074044377596467,0.28082655858343214,0.35775468236678504,0.3781672377215276,0.412791392863656,0.3413040648232072,0.2940183120764047,0.3032156279973296,0.2902186393237613,0.3053548461900203,0.31177783123460906,0.2828172413321013,0.3009834889851224,0.38079220952130555,0.2908432946784078,0.28264380785186677,0.4809315988763071,0.32861863490501003,0.27902042047563497,0.35261730853945183,0.27245462860937153,0.28107885472624056,0.3756884478726387,0.3256990703671203,0.3220680032168639,0.3300712456690444,0.0,0.25460745220185704,0.290203778224374,0.2735883369092711,0.37283455160131673,0.29479863185264926,0.317530383273584,0.2622734768916814,0.3409781740477096,0.24067338538669047,0.4059531347370494,0.27897994020465133,0.2907066511579902,0.27085171195248553,0.31614042980092355,0.2712388653411867,0.29388526218460687,0.44569630443949027,0.35699891920410126,0.3182060190115468,0.3460982265822885,0.27674356926210514,0.28294750782466144,0.2528580635032282,0.31952510136074636,0.35109663497679705,0.3728359706810888,0.31551417122479036,0.3508774149366439,0.321860599396957,0.37986142555877406,0.23962561277413774,0.3844607030991864,0.23400878411457615,0.30561454542241967,0.3197634249654358,0.2630452055205412,0.3072796830957368,0.30780829336096505,0.3807230306526185,0.27055865416199565,0.2981471786534977,0.21918435543034978,0.29645977679069385,0.2797199688125336,0.2962269950447796,0.2632901251532562,0.3641290571850226,0.4855089279781876,0.42589383561968797,0.3515551896116125,0.28651314490005514,0.2826059614426567,0.2656805655104536,0.3046951295834412,0.22956660659474679,0.3024375810694373,0.34813767765684756,0.2924284819539936,0.25153237626580466,0.2826182573244842,0.29884445265062476,0.24319074963143222,0.25590248015971545,0.30823987883230175,0.3680784060802212,0.2867690368574944,0.34275444356594065,0.3596308376405829,0.33062312191970317
0.2761417841978645,0.3691689887678337,0.2778900824244834,0.25875940913279305,0.2456198307743878,0.32121763684354443,0.3036488583449512,0.2933101721154932,0.29513737849373833,0.2947644956488922,0.2833631170785421,0.37984974860730397,0.25750519241970027,0.23411149053917543,0.29145318439757467,0.266587525967093,0.2299975646561336,0.2394139287404783,0.26159190984756464,0.25618633042314765,0.27923504149239337,0.3524861890798954,0.22745211231322712,0.2870767074389349,0.34700656936782753,0.24569109062888528,0.22826902867682994,0.2130268442342401,0.27162032561233873,0.24274943550764286,0.3412081947096734,0.2538666030789187,0.3297713179662617,0.23418186748998246,0.2635457228985876,0.29246403854241654,0.34322262667628944,0.280338874784581,0.285022869772679,0.23532691755917762,0.28516425407914825,0.2637994774926985,0.23853487088188943,0.3500157592421677,0.29497061674930497,0.24535665085522473,0.25437467062828234,0.3119064026385304,0.27293686064926376,0.2368632546790969,0.2655893283967479,0.25962628782065267,0.21039029677271004,0.35511697758618416,0.3078604499414741,0.28886059264457303,0.2423664795031644,0.28415545436157813,0.22856973130145308,0.2282311902738628,0.25288092325363803,0.20559046991896243,0.22601754063270096,0.20908912056477438,0.20945207129780333,0.21361047538845518,0.27179012430120786,0.33724171943252756,0.23256541206111406,0.2765155545495748,0.3011152775433836,0.22949908061775556,0.22030311581221926,0.2531859214504539,0.2401580396905297,0.23569202029798472,0.22466383374121146,0.29327629840063124,0.24252589772396674,0.20437051711216586,0.241713398873933,0.2938096080299751,0.33631169727128957,0.2361108220943076,0.22724043519557954,0.3145351172554342,0.25398378950692174,0.24249002636983713,0.2455686367462535,0.31718474782014155,0.277394999048613,0.32982597026266425,0.26412068889484414,0.2254614628676687,0.25460745220185704,0.0,0.2297603298589036,0.2987120746686958,0.20249278903441112,0.24171541577558764,0.2846969514600604,0.22230643565635727,0.25849359798812765,0.35535550835922514,0.237279390369854,0.25735802641255995,0.22287963459326463,0.28134142436751436,0.24763333116074793,0.3297818365131835,0.2900823937458692,0.2390100870404119,0.2612728607412586,0.2343035006607337,0.2347520850122967,0.2512200126233289,0.22304742682511297,0.25216088307283174,0.27303996749214415,0.2406165927240534,0.23490460964325435,0.2548774733538214,0.2295994436156408,0.318746789366262,0.23317505796218876,0.36000387149257274,0.20196489060252482,0.2981933093483907,0.28532392295285514,0.2661151640861764,0.24566981665181947,0.2388468536864982,0.22462976578527125,0.2682001588738154,0.3021818268317158,0.22737900531606173,0.29165368859126595,0.2557504650891868,0.2733878879305342,0.28820892909460033,0.321450220774246,0.26214818228524367,0.2760444052390715,0.25454257740274594,0.3523101003718377,0.29710957943336774,0.35058692055431057,0.2553246848630398,0.32340391748484504,0.17446431713221647,0.27318568038197155,0.2542447626220722,0.24363448658592166,0.2660801770140777,0.351776655248488,0.34407239698501846,0.24290057174116753,0.3591000112973199,0.26504581829890617,0.21955885918192383,0.2247174289423135,0.2640892642855785,0.2310608874652803,0.2731128632126398
0.23088929068905836,0.23809591233339916,0.2136010924609992,0.22477990969826098,0.188692754815989,0.24602319827522234,0.19199131165790181,0.25338818423553444,0.25016606008564934,0.1903644334063129,0.22196600585232795,0.20749942026252266,0.23261939620761252,0.26011008325339763,0.22920565064171844,0.23525851916310286,0.23305029368116645,0.24628298480758812,0.2524182126729087,0.26699994038718705,0.2739628438409226,0.22659469335135535,0.17217649927592327,0.19996906156203934,0.2143903262712041,0.22983501492457573,0.18668221570817872,0.20056575100256277,0.20284260690127937,0.19808049119347498,0.2780063344443187,0.268371831694683,0.27266441216850834,0.20773638146753867,0.22646229982674898,0.27716381761743464,0.24022504807313572,0.32375931538707864,0.2657181909059492,0.20963970308657132,0.27386362169951917,0.20215846840636228,0.2988580749954685,0.2511420229634695,0.27176132701782074,0.2616365965197231,0.23346947350575617,0.23185706612264154,0.21725609925732772,0.3075184808067294,0.2867516157779852,0.2533712904531874,0.31019635536287865,0.2908278155428028,0.2695785743188519,0.21973892325395608,0.30109385502196223,0.23460632273048576,0.27874800171907504,0.2747881942732489,0.2929330861040911,0.3415298319026752,0.33590987487591983,0.2564285200528658,0.31346793440116394,0.33232255517465764,0.2499717190060151,0.25858365784140747,0.2578079093893921,0.25179578029729155,0.3053696360481554,0.2883191662549684,0.25480146827267586,0.2525340543858919,0.2933126476297093,0.2647399687219934,0.2618925765295642,0.2170206255457137,0.3033562600816361,0.23579148091526736,0.29334470823988124,0.28388758957679133,0.23439958122447285,0.2939002225378851,0.2796943155871591,0.26360088373962515,0.2643803269390568,0.2968439187862665,0.25844618281330145,0.23411495421886028,0.2290805419750384,0.2637848869446915,0.26241443581046825,0.3075287244931779,0.290203778224374,0.2297603298589036,0.0,0.2391575530174161,0.2568231727162946,0.23778211474507777,0.2928884502716785,0.2742120089425643,0.2532503433242075,0.21423091062599964,0.36006508635820195,0.2487706156620772,0.3258907079624335,0.19022141728091763,0.2548730522716622,0.2045430592878675,0.23813930973437192,0.27633669853319975,0.2539685493717041,0.2599651757721212,0.2875211394425896,0.19656786039347557,0.2531650832968511,0.20955114256887436,0.21099548281315264,0.22710082271572146,0.2460466741086547,0.28249218969238266,0.23519617602011542,0.2568989722215091,0.27153646961710776,0.24195322041886985,0.2618817267260696,0.25065625294489835,0.23245814199508874,0.30431905428907113,0.22653057349814526,0.32660970216910906,0.2720035136097281,0.2721801593044756,0.27268552078980346,0.2918090723586995,0.22098405050831013,0.2201832432587825,0.22020214920542133,0.284919273401284,0.28841293087701037,0.28510683780252455,0.2613145029017856,0.3609304827194713,0.2890782000573057,0.210448602703862,0.2558908240836493,0.2569797116841847,0.22719126377946414,0.2132751466787389,0.27131263643309944,0.2961813057497163,0.2489539819219077,0.19577937256881234,0.23101190284161596,0.2889322988758224,0.20237170793195705,0.2097192392982188,0.21505426700597743,0.24150077703420264,0.25479756110192797,0.26903377571235515,0.2835362974691995,0.2101861348464794
0.2635670459999521,0.29929102728928325,0.2676591136677095,0.2682795426472261,0.23611759029203921,0.3120734655508668,0.2843989211310865,0.2948443448199492,0.25122878877237254,0.28522957981387326,0.22086939489712087,0.2890200251368341,0.2672473268626566,0.24207994621273135,0.2346991781626042,0.28065458119654885,0.3004636495273288,0.24028778419122884,0.27049249632241756,0.27460994984987414,0.3206377181305349,0.23590272773420562,0.29412368592038246,0.2681816031084135,0.3593706506326348,0.2797452565999334,0.2480959412399382,0.26473495255122975,0.22431974439262797,0.22922940842161724,0.2995602180422712,0.29411446389426654,0.26168432706022976,0.3601339064420439,0.28674065993487324,0.2726206358301105,0.2811920246264981,0.27284624882465647,0.20899853066202997,0.2784620349718484,0.2847993559363858,0.3326173828814245,0.24551123463663177,0.2941832804728724,0.34741728226165536,0.27268489350766484,0.307647455728887,0.23363001155723107,0.28799961927688167,0.23679962604204877,0.24837883257091636,0.34791089548877907,0.21500596949449138,0.2651802021617329,0.23852485667149093,0.3601279142309108,0.24750759149306079,0.3097733005031893,0.24974170249334784,0.246247936834173,0.2321945973838662,0.23228367353399645,0.254923382730823,0.25541997846367137,0.22023343360742734,0.24371117716777013,0.2672830682246894,0.252648759479703,0.23583771585545577,0.27472037784390135,0.25713098345739993,0.24664336771453135,0.2800843248793628,0.27221460529191455,0.26855738311593685,0.26425189080989486,0.23038908429192476,0.30596315185323963,0.2577193316816547,0.23415087972930737,0.29558519074722595,0.2749062221123504,0.2598610788147577,0.2666921523040707,0.32007412474066316,0.3480576396529341,0.2765839840945507,0.22685162313909216,0.3007387150041186,0.2627247128306388,0.26394175811652687,0.3958657872910183,0.22780826955117078,0.23348875326038476,0.2735883369092711,0.2987120746686958,0.2391575530174161,0.0,0.2426018178475578,0.30919892262637605,0.23380796338876714,0.24144769084744963,0.30010545816234546,0.3261672288384531,0.26599609978557226,0.32384822285073733,0.26466466176272574,0.37227533981401817,0.2774290647553281,0.3104134422244754,0.30947325433464346,0.27366415729714716,0.2851267669953122,0.2575070892828942,0.25302017830419143,0.2928338828204991,0.34802043508228425,0.21433021517087036,0.3113399222715762,0.30935211699878856,0.23488876824282556,0.2742924143375038,0.34332183873194233,0.28584844374480506,0.2395807703491932,0.25700035409678373,0.2606084466296455,0.24999405919150974,0.36083387512991466,0.2389718493101995,0.318210108690782,0.27723640024634344,0.2187143688005217,0.2624010547392228,0.23393961779511208,0.2097795626387254,0.2541212288637234,0.2619647515842562,0.26682507961800433,0.2559835172979438,0.22546775725796006,0.2894325396594604,0.3042378881932898,0.27830598804631795,0.29049023359649845,0.35313211700867675,0.27335204366703786,0.24364076506205548,0.3570113223413228,0.2373876966309041,0.26225720688945936,0.25775617994522315,0.22847926189018292,0.2563431016421368,0.41696976642400657,0.26637223895427464,0.21558678435094036,0.3250238662076243,0.22920733227191464,0.24592127667397562,0.27456448883734635,0.2892637647289546,0.30916140317725294,0.23708430170676878
0.24485281592934113,0.21746651238213183,0.18956045814498582,0.22034722654149277,0.2512692801156588,0.19381834845898488,0.2276039781620234,0.19273883086918048,0.269252549125337,0.19392190600311843,0.20684608879115485,0.19273312518817215,0.19589957719888673,0.31866962225092793,0.1948164080473358,0.2026286952871872,0.22203703781005202,0.2416116926374615,0.21006973937607276,0.23727304817527223,0.24280194941160638,0.21361449359412804,0.21992365115171641,0.19489190748705748,0.2088898013935427,0.2412860732096341,0.20108465035155199,0.1879186523117776,0.21893110468515745,0.19999336497615408,0.22940718838819382,0.23303088363805752,0.20414830776374915,0.2137296675094356,0.28325514248972156,0.32085034115579186,0.2145737628265758,0.29764007161955464,0.23058652709273156,0.23130062014223407,0.2427811907774208,0.24368040188341406,0.24758123336356513,0.25172084299504693,0.21379599606883176,0.2082244760886218,0.2425874008861487,0.22412355667019226,0.2516418635648178,0.30507950078790586,0.25981516433032464,0.23746563643492383,0.2855110808576062,0.22622398496980575,0.2492822805315083,0.24835299389177254,0.26228431525836843,0.2111238194901695,0.27205103357031885,0.2566983506789047,0.19632014989650606,0.323693060720233,0.23729403631897267,0.41406253292520273,0.3055276031324316,0.23083771191186575,0.24344472024453856,0.21823880735089832,0.2287660563933534,0.20289563272896,0.2735226760121779,0.356475782580962,0.3223494669675073,0.22690211071110314,0.21562222012508905,0.24199866430215078,0.2151368532714745,0.24492365163650504,0.2254836288861581,0.250255036415735,0.23547731313405107,0.29931246253127963,0.20266587497910524,0.22872899291810428,0.34535806582587475,0.23769286980153428,0.233867926494844,0.30437712408832845,0.21721626901213092,0.21966534514764646,0.2794761950607185,0.301456004823767,0.27436159911881963,0.246557221873795,0.37283455160131673,0.20249278903441112,0.2568231727162946,0.2426018178475578,0.0,0.2240673911678632,0.3072934850114106,0.2064587258956835,0.289132350451619,0.19847660682811133,0.3422715166172703,0.21103742102638454,0.21883947372699752,0.20340844520563295,0.2302158700085066,0.19780782383163367,0.22938624104274077,0.418301777791785,0.25541988596487397,0.2725014729276341,0.2539938470094605,0.20292446348479024,0.23869411028111456,0.22501810833747324,0.22220283790335862,0.3343172491459847,0.3203203791184587,0.2496388216079995,0.29592817642257346,0.21845123269060487,0.40604494163646454,0.1869212285361723,0.33587423787487153,0.21152374951682223,0.23069929234405526,0.2722673238693568,0.22675669930901668,0.23826126744705847,0.2447262176285792,0.35299593576127286,0.22577051973197793,0.25691569578086476,0.19314263746228655,0.25917686810806756,0.22015047904012477,0.24894351818011556,0.2026715552614661,0.32715341678873794,0.2919993117001639,0.38140038166502477,0.2853696082573969,0.2619918496125423,0.24735686970504997,0.19575059853642215,0.22337925258637398,0.2781096893263618,0.25837695352484885,0.26329711604946404,0.23873536596529546,0.19414265407040693,0.20866086743704876,0.2211961966068138,0.17745886552652324,0.1869100366370142,0.2558468508880286,0.28276112965535344,0.2264352771323953,0.32390670890620266,0.3161726110214935,0.26993593542575406
0.34506754589178823,0.3069008974786653,0.28690538149520833,0.30590585239825846,0.2330876903306134,0.29197432193807293,0.2706652158454443,0.3128313062466968,0.24092669203059713,0.3133641786270712,0.2520243906582402,0.24272710864805488,0.39126028565533355,0.30304040821147615,0.27506706829366734,0.31348942637814825,0.35251680187604195,0.3523360364470684,0.26610286426452784,0.3010046700224227,0.3137111553279402,0.24515680019510122,0.2708896551998523,0.2595257398670333,0.29942062408046927,0.32024143559020174,0.27667588888884115,0.34972080431556435,0.2392303978220818,0.22424686198102323,0.28548086413185486,0.3592058711863062,0.29889882423213726,0.35053300653952246,0.2988425176273414,0.2812204048993807,0.3088425289913872,0.29117030458194776,0.22910477399985907,0.36879800585634775,0.29137224635946213,0.2572178656440595,0.26224008675323646,0.25777049701843757,0.3719360632076514,0.410407110924795,0.2766998310847193,0.23940366432406435,0.3164207931411534,0.2930961091672975,0.348102282894732,0.34322514674485244,0.25181270332495154,0.29606195176949823,0.26680480869600437,0.28680073253971994,0.33281356715775373,0.2685573352847462,0.31768718619207637,0.3914964496490448,0.32134491570645857,0.2754592516962849,0.2708000904405998,0.22354205107550562,0.2549288423677027,0.31234873574988553,0.37800323880332903,0.2943002325356365,0.2758487145455576,0.29108830358372245,0.31760831978130055,0.3121689160633195,0.30177421423968986,0.4075179424205194,0.33345851736809023,0.31658541107320576,0.3002394198172998,0.3308377996707791,0.31050434559886414,0.2736952112913223,0.28354402274849316,0.30126880048421556,0.2778892662015265,0.31731653933253945,0.3177355345477901,0.3479265505116202,0.2690192538020379,0.3149380977006732,0.4502894540233528,0.27509350763879964,0.2982962785472008,0.3047969257099274,0.27695865934223923,0.30083570488696654,0.29479863185264926,0.24171541577558764,0.23778211474507777,0.30919892262637605,0.2240673911678632,0.0,0.2778146340260715,0.2524826317569483,0.2802880286437234,0.24085714748707782,0.3271906385330352,0.38669969538122656,0.3322539084705834,0.2850116257837941,0.37257826388749865,0.2745320255791487,0.2902501034492623,0.27155317830872877,0.372211945441596,0.28909950236662724,0.3608035575274275,0.3912899147229497,0.33672117709473737,0.23094943173089325,0.26297339650262375,0.30696911960709256,0.26009796201645974,0.27808389732604877,0.28637127403091767,0.38669851841540315,0.2223038060297291,0.3131118294532563,0.31445020113880956,0.2698567947674012,0.31041004351954005,0.30095164147278963,0.27115178810660584,0.2804034504813297,0.2799197271861131,0.26590007549284184,0.23856994223596756,0.21091808108870003,0.2460857025223158,0.3188629713093768,0.27615899606415173,0.28590586055057193,0.2442321916747258,0.26131554665054835,0.3789495459463277,0.2459883101178301,0.2863412572940815,0.29665874828333844,0.2398849608975851,0.33287986356271654,0.2751026307990088,0.19402710316247748,0.2987345781415356,0.2566608041128518,0.25687015135673896,0.2500944418924932,0.3167810031630554,0.28893465775687266,0.25980923922296634,0.3458212178318299,0.2528019527248282,0.34054756321545254,0.30626188564371337,0.299042252018358,0.2658073363816002,0.28402241140170603
0.2818074949014398,0.27052465957382843,0.20817091945733604,0.26084543396460536,0.24644427497007246,0.22217499778494695,0.2595547624475946,0.22470039688849583,0.2579567131262807,0.22493399204744402,0.2811441426534463,0.2210428901445458,0.2657151076998484,0.3617902451988146,0.2723001911869193,0.2616314948066907,0.26195798158282513,0.27984098591346046,0.23531286761852513,0.31824925572128016,0.27882119000621286,0.27054859411077903,0.22000514564641604,0.28945298261680846,0.2678871481146569,0.2531319044389429,0.2334742294999626,0.24550238866092752,0.2741764150973831,0.21600326565924077,0.31424004258033883,0.262052928335795,0.27151400061648695,0.25128612000800804,0.33295127586507733,0.34751913749838764,0.31287710647912725,0.3449101055468686,0.3162106738493014,0.262907015880461,0.29021005480858286,0.20893422173419499,0.2801482586021443,0.3692911792342609,0.2891538473747614,0.2652907144018612,0.21206912976728473,0.3108094946186238,0.3084790234516253,0.3159583101616121,0.29927813353637206,0.2339560611100996,0.28102145336171197,0.3149167613350337,0.332328653628548,0.23704782818372822,0.3065255263436045,0.2190006217954926,0.32061793243641956,0.3317660768269652,0.28750798790909265,0.2626386912439576,0.2302195931847501,0.30623022008188044,0.2897272206044285,0.2657830278818827,0.32317560207185303,0.2665675448734416,0.2524285742362446,0.2472813779911793,0.29492106397909185,0.41697129589834514,0.27187340389035414,0.2848439164288398,0.24982260906848566,0.2946792244956774,0.273981934092573,0.291574747372286,0.25787662305772824,0.2767555288032518,0.2578085860056537,0.277117980426184,0.2678546546928496,0.291862436864856,0.28441209449490223,0.2727561773122279,0.257912400935195,0.3245996650570694,0.26205478658204945,0.2786376457552588,0.26016238360127014,0.29356497743660287,0.3491618518037446,0.31294260508000904,0.317530383273584,0.2846969514600604,0.2928884502716785,0.23380796338876714,0.3072934850114106,0.2778146340260715,0.0,0.24900204185934496,0.2573898600934759,0.22087999320008,0.2995821634106529,0.2374100542692563,0.26257776284992773,0.22458626935857792,0.27525194393960584,0.2577370438246898,0.2778440781741397,0.3046731559657747,0.27230362078378445,0.2826318687264904,0.29872097098408273,0.22513877704814855,0.2467352818707153,0.2641566550108241,0.23337423974784804,0.2663356973229028,0.3321850535631482,0.253825153406971,0.259551197907671,0.3153898671257827,0.34402528824114875,0.2821105321100953,0.26806692823790007,0.28483543830859703,0.2723084314687346,0.3435577323647414,0.2210009506126557,0.24578582206182287,0.33049233458261684,0.32183411465646866,0.3291887804651722,0.3048546986418796,0.2773124723329417,0.31115336144071454,0.27419560242076113,0.33527562045398956,0.29975781017705433,0.33688660879091,0.29235922040046425,0.30906193149293265,0.3926608719450558,0.23715316081391039,0.2702041734452045,0.2729710198340974,0.24002752367796232,0.2043000813163249,0.34112087255314,0.2912618941694189,0.30571479610865393,0.20945542371024148,0.2517690127677165,0.33300437334853655,0.24512219030653634,0.2571350876243787,0.35909076752419505,0.2840392945733455,0.2539732100215728,0.3128748360265188,0.2761447822625601,0.3050618573632749
0.23446123168218927,0.21742693479091044,0.24791430280990676,0.2775455087720398,0.2113191616116646,0.23144150567798458,0.2258886008570392,0.3111968988157823,0.20681538532000135,0.2342280685783955,0.27110203740263383,0.24192165914170602,0.27065360725583254,0.22408349603426972,0.22930647278668448,0.3088986952490813,0.2717955558679875,0.2431164679182327,0.26685502626354707,0.23821143414377638,0.3168650713119255,0.22803483553100634,0.21861508047270042,0.22169831049911903,0.28831998294165073,0.2571181656641776,0.22696779124385966,0.2248665189695242,0.20759916559246952,0.21996141202539718,0.2623221964457467,0.33606716744018944,0.22834023073129314,0.25111238293222876,0.2160116005411202,0.2692753683787261,0.2886639107705749,0.2698387724695488,0.29049949452153445,0.2568732132002248,0.22811848719583525,0.23492240452026428,0.33163018022814456,0.2593312185963459,0.2874103023008508,0.28537157411179775,0.20414736875329031,0.2673186778580761,0.26731887189850695,0.26656512108940544,0.32070988636251796,0.23215415529573616,0.21450680314992213,0.28665648285879664,0.290229164100637,0.2166252812374398,0.2932612865953522,0.29903734336372184,0.27976334037830447,0.27859924732038155,0.3300669708360237,0.261015226578202,0.2657502960438823,0.22526040002363482,0.25242241219519856,0.3054131547674138,0.2858671091243307,0.24125857566408915,0.2810517207344946,0.31681498818921644,0.26677231860331374,0.23243683112684563,0.247045172934194,0.3372169005665697,0.27947031217466584,0.2450191987544579,0.37150578211757845,0.2563830319880388,0.2671822972301212,0.2282943564231066,0.2516344376710903,0.26510664913926674,0.22302737150878296,0.24241610858026277,0.29232074291203913,0.2328045239158577,0.33894375726053216,0.29003408662182245,0.2626681446325292,0.21226037980222384,0.26047015015486935,0.24124861870395495,0.26895922903046027,0.25189483987292494,0.2622734768916814,0.22230643565635727,0.2742120089425643,0.24144769084744963,0.2064587258956835,0.2524826317569483,0.24900204185934496,0.0,0.26065207728260936,0.22086293567789078,0.2696579979106888,0.2644523057149731,0.3467402590675555,0.2244005236165153,0.2601385845995439,0.2545752241314774,0.29592181244333154,0.25696059011571,0.2758680994873593,0.29346543909999045,0.2323392368326765,0.2046449149558655,0.24867695093547032,0.27778040426410244,0.23615528892605336,0.2199685991238,0.23863181584031,0.30761630231186177,0.23553636929551597,0.2724921870451919,0.2028135679594442,0.25727978346679636,0.2549867327932535,0.29556498934791625,0.2590987946521969,0.2645852953692637,0.21162854358925834,0.30852498189961874,0.2902884992217536,0.21713906151370055,0.2899615715051599,0.20920543414887738,0.20410543588722682,0.22311713958761745,0.2497811776911825,0.328884560323387,0.22128088554107353,0.3055115804391151,0.2667080851991147,0.26547555185770544,0.2940700999969971,0.22168351125298696,0.22276419566304925,0.2654291525737285,0.2438104489791347,0.20712972033784793,0.2932072886910293,0.2425572458561954,0.28510833527694013,0.2385373295130864,0.3039548178868512,0.2989377357331987,0.23286886318023176,0.25109969549627315,0.1992053539056532,0.27039274686025455,0.24397811405672043,0.2319364512932837,0.29011715690967116,0.2299716125432009
0.2637911466939102,0.21185701146204713,0.2092604033617654,0.3179767608828353,0.24471909284049798,0.22242206631344655,0.26567512172294133,0.22593376368899587,0.23990807798908445,0.20916321131010213,0.24560300370366164,0.2620731577279286,0.2173657458247912,0.26267865092652004,0.2222192378796313,0.2292981133610738,0.23814324658126038,0.2631028614229575,0.2706753942904771,0.2317200243263571,0.3160891855300017,0.21144014259029184,0.2569280694139112,0.21284565816093953,0.2781566069129858,0.3274182967356358,0.22615890228958066,0.21906508291741203,0.20512903935309165,0.2210744192225318,0.25117035737740945,0.25254915706193304,0.263194685741856,0.2685533310028085,0.2648092636068152,0.3302054145023379,0.2619828425395816,0.308053625183446,0.2324216890434147,0.26022811780885596,0.28698731726331966,0.2422442721099117,0.28607033448435454,0.31649386882888686,0.2616045611247697,0.2769626884164632,0.2526390109753542,0.2645015459497033,0.27423283592989417,0.3027311866308156,0.3432206507832891,0.3093230936014854,0.24509357100859142,0.29507014891025035,0.2699760324992821,0.22902903051687612,0.29889630064411893,0.28040949851846536,0.2779820887837286,0.2709380934141815,0.21805748879260997,0.29446595830350747,0.3104942713968107,0.26955947522694024,0.2849959799303532,0.3237163506699369,0.2987060274977924,0.2523219959532975,0.28778606655692207,0.24782223437522036,0.2794311854248007,0.27579846882077835,0.35435162782519647,0.27704490750040084,0.23788149765673644,0.2638905891248631,0.2515771917402446,0.25724665960699433,0.3078993086699908,0.23389112080622254,0.2536634969791354,0.31520960838865053,0.22385316461540006,0.24326009226262935,0.3766934743225564,0.26545766519529085,0.27632781068777307,0.3403821049674672,0.25569246301599213,0.24105878776167527,0.37128601043291204,0.3383737045153723,0.25520370106957757,0.26349940889125556,0.3409781740477096,0.25849359798812765,0.2532503433242075,0.30010545816234546,0.289132350451619,0.2802880286437234,0.2573898600934759,0.26065207728260936,0.0,0.2812490526872579,0.35830137612270213,0.2558445993297336,0.2905930006867953,0.22833192597688048,0.2725386217022436,0.23246472428680676,0.3414165224459336,0.39983879451286,0.31730609018874284,0.2869049730767924,0.3071037819494158,0.2181657298201366,0.2600972843493118,0.22925771635436132,0.2924489688651206,0.2812213384019028,0.2604339537382659,0.32177800375943694,0.2882152680830408,0.27355471836158507,0.25926821652853627,0.24786186681806646,0.2976813729698062,0.22062338695423886,0.268673590204591,0.2679552469863906,0.20828457357357075,0.24726727731808673,0.24235965515732574,0.2868626579684188,0.2524300173335113,0.2198308885963481,0.19397800621041603,0.2682806661265154,0.247008458305828,0.2968524937734174,0.27510833666282236,0.273726454774099,0.297738877726265,0.3400889328935273,0.31415941003786185,0.35535447126900044,0.23211753395517914,0.22347160985452202,0.2562751336381887,0.20556276548210778,0.3210873318172825,0.2745759968036635,0.25316217908401883,0.21865909078683599,0.3251111146657175,0.2584888376699405,0.19919656273997924,0.249733788893499,0.265063730159352,0.28686813380020615,0.235747181179355,0.29542382265898204,0.3287059227454534,0.26317635419547114
0.256498435564812,0.2925995995772377,0.28497585421341975,0.2521039755034645,0.23577248535074344,0.25276074291451645,0.2655053872948092,0.2669329591194559,0.22815082258847783,0.29758092281210985,0.2329688986356978,0.32828624647007004,0.22145291685939722,0.2152726589361719,0.26004754810155223,0.24622277208641924,0.2405238966160875,0.25953918584584423,0.31137971662301733,0.2539435664141166,0.2997695309222,0.26801215101518355,0.2514380287898358,0.26045728069358576,0.3545688600225709,0.2238357420570788,0.20993774001799645,0.2215091608829548,0.24766715975047343,0.22523571029590073,0.28756722662252904,0.23212858798834482,0.2979631047115899,0.2399065211352007,0.24777165928220962,0.26699192933784877,0.265349635413857,0.27219288673123654,0.22703405684466169,0.23845258625217206,0.29830216275466814,0.2297363697431625,0.2609224577452835,0.2769952949394774,0.2822338941606927,0.25574043617426034,0.26708990426879126,0.24854475927638117,0.26984650283916906,0.23430013128916002,0.25867457128650884,0.28391908012656936,0.21074322318491784,0.28138150902090453,0.24790437456703196,0.23071045751366093,0.2518748172299776,0.27150671032620616,0.24764480026701696,0.23402149895467597,0.21223435283280695,0.1957949795073573,0.23040073756006216,0.22733764992222374,0.22184686546026644,0.21583767614709515,0.21558785184725987,0.26730984121997486,0.2588505779344727,0.27834346761385675,0.25408116922262153,0.22784660097739617,0.20602271880225823,0.23818592053495308,0.2335517203592638,0.2309223284214017,0.1917196400579591,0.25932650664462825,0.25119632173439743,0.1866466569556407,0.2359364754409876,0.27133885169080674,0.26557927920275604,0.22745396737010545,0.24133362831087662,0.3089196411455796,0.22151389662884471,0.23455807247526592,0.25259056669920354,0.21949188202027417,0.2600224215068582,0.30500546416213586,0.2455650969406489,0.22200861319107298,0.24067338538669047,0.35535550835922514,0.21423091062599964,0.3261672288384531,0.19847660682811133,0.24085714748707782,0.22087999320008,0.22086293567789078,0.2812490526872579,0.0,0.24172004970892724,0.2562406540823633,0.2316789004147745,0.2717005321119749,0.26001338521682144,0.27617415792120914,0.2772167032024333,0.2456943453295941,0.2218756507478075,0.21935319230914144,0.23395480025877782,0.23653759427082524,0.2473502113598719,0.2696142911616974,0.2703877146524995,0.2341429331055206,0.21323293938898652,0.24371029878684217,0.22483135427172501,0.2829778383098234,0.2035786713089932,0.3154793605716449,0.20587766437058005,0.22985378130124154,0.3019434282724388,0.24676256942218944,0.2367964535802188,0.22536620793611337,0.18778846940473493,0.22845227054257244,0.2582482205912687,0.2054493806590545,0.2532883341168138,0.24992029332722654,0.27209799995063266,0.28664539836236963,0.2837736360026405,0.23066387627719326,0.2739904842136791,0.24106374464053001,0.27912594273358654,0.2905626922587853,0.25487757221057045,0.24918821287594659,0.40884688983441836,0.1912484636054313,0.24498438321665553,0.2607802159829598,0.2383639818304785,0.2481465865886591,0.39066741433650404,0.2810891283804808,0.2184331664645413,0.2720657195103014,0.22790901766342314,0.19843466694436854,0.2367385248786243,0.25301744236920976,0.24896534507550772,0.23893031787837768
0.3523859301752648,0.2628945405250303,0.2502448801852589,0.2823474768928455,0.2455619550792902,0.2687992279887423,0.22182678201507292,0.2840820327855447,0.29839378611119016,0.22703234953503493,0.27372715196060476,0.23975650276800411,0.29205746775818203,0.34143917393957784,0.2505334411366262,0.2811797021118267,0.29462872817270175,0.3490282666937886,0.29038210346229804,0.3168763530268751,0.334246533112322,0.25303230246935476,0.23147668495974333,0.21388163410922295,0.2634562923123347,0.287039683012407,0.2408328259752861,0.2530236653075534,0.2362514677795891,0.24171692302934727,0.28972313171142955,0.3360509446930737,0.29851761767915863,0.2511406931202384,0.3323575185440415,0.3901239007812959,0.2892770797143327,0.44661501269573234,0.2519015974474517,0.2829589629107584,0.31598300318476935,0.24979704679388134,0.3549410240922345,0.290353472036593,0.3038250502584087,0.3146740138485302,0.28060543550182443,0.2740846940458828,0.2830922284142671,0.455100951552803,0.4109777976832712,0.33324087524342144,0.3553112446111898,0.3092206938328163,0.3196194555906688,0.2552832009325805,0.421958755992697,0.28764752551464207,0.3417585985207671,0.3860687215215446,0.2761155097128449,0.3760734092938392,0.4107991365609441,0.30727390685728706,0.349092712276768,0.3687075458970241,0.28794127159255006,0.29292259785115343,0.3375419633862808,0.28484076772787686,0.3719488847474026,0.4087305483265202,0.37940268496158774,0.3300662518438108,0.34966311230522157,0.3109607448055843,0.25399094637056,0.25632526829625074,0.36695226806729797,0.2595426980952944,0.2848734072440412,0.3666783130704785,0.25485867416025576,0.35546943992540286,0.41571460768249063,0.3390460319995099,0.2914456038549755,0.4525115141919931,0.3283082725577817,0.24580867455836963,0.3664001846117805,0.32467526910012695,0.36213856250566573,0.3445803935746714,0.4059531347370494,0.237279390369854,0.36006508635820195,0.26599609978557226,0.3422715166172703,0.3271906385330352,0.2995821634106529,0.2696579979106888,0.35830137612270213,0.24172004970892724,0.0,0.3231418455768712,0.35475469502954804,0.2294196767840226,0.30743856769228994,0.2252114057966839,0.27255434005713475,0.44126498817201376,0.3501524009196687,0.3183778294578757,0.40758950976012115,0.25990371256001027,0.3009278224232251,0.25369274414104215,0.2546362402126791,0.29782857813902913,0.33021520900214174,0.31495389900409776,0.32950591425661163,0.2942745262720748,0.322053259503412,0.26047702948825424,0.34476657759973744,0.2506785457421055,0.2910323890708846,0.34808171075321254,0.2581116379062092,0.32228430102236194,0.2983586592965723,0.34885084176936004,0.27312936080270683,0.263938507964731,0.22971159878384018,0.29974359083131613,0.2710542315762864,0.33298540340462074,0.2834652839948342,0.33534413642783334,0.3554007411815095,0.41267107847879864,0.32987367744137225,0.29411088630625065,0.2763304272322004,0.24086572374889242,0.28587728029547493,0.22813632407901108,0.3379701623046486,0.3173229448157916,0.2835093108857995,0.2120768091756926,0.2650268883148096,0.29076643349313547,0.23023757058418606,0.2369604980685393,0.2657592471833577,0.3373081005946582,0.2560536032391829,0.3706472787232771,0.2883771111312257,0.2824450574527743
0.32315474227749724,0.2739355650910603,0.3242347509906453,0.26924505420961187,0.24104836245526284,0.3098126763249581,0.2446498571229178,0.33565469337163767,0.2568968945923205,0.2741778022037058,0.23739992806731075,0.25815223128321013,0.4047916865464329,0.2642302391482116,0.27219121881660546,0.3832558774789964,0.36893190720293734,0.32191036730607375,0.24990404297881166,0.3269942625534148,0.3315172929267372,0.26479519558301284,0.27366330434593333,0.25482937828002755,0.2892778355625834,0.32917845426822717,0.27798369497485886,0.29673079465532626,0.20703168422613794,0.2466774132112147,0.2712920356928296,0.3372168409247564,0.2850071815565292,0.3047612014828525,0.2587804589664757,0.2628790684760304,0.33009602329154886,0.3223374704056375,0.2347356368769366,0.3129633654610774,0.2744818101379184,0.26806567649583285,0.31902161241935867,0.25247761571093763,0.3733273137909724,0.46631317966535984,0.3203470036263349,0.24703568718340682,0.2779205000976691,0.33166248156497435,0.3295292760149113,0.3716735392938528,0.2536919972031932,0.27154874361998693,0.24579997422281824,0.29254448077214973,0.33868750310907225,0.29192440655130625,0.27190018210302086,0.35673517823950984,0.28499297267902385,0.30345869425758365,0.3004526505746909,0.23015001700536622,0.25998582609425214,0.32418004116736776,0.3218057605410147,0.3518594054276717,0.30609457253206357,0.28811174831141884,0.3512449620361565,0.29621645302779603,0.2577018045377747,0.36280691633012646,0.33778690449176707,0.2760526777618474,0.3051062384919388,0.3109500637947955,0.3803374855299466,0.24819823298385335,0.28173172371813016,0.2963516950021316,0.3009970100678024,0.3252880135427923,0.32069011205872344,0.39623859576883597,0.2624440781751505,0.29457450990725476,0.4269132883784245,0.2859223276168538,0.2969966686618335,0.27798986127150177,0.2725782580938979,0.27964284838173964,0.27897994020465133,0.25735802641255995,0.2487706156620772,0.32384822285073733,0.21103742102638454,0.38669969538122656,0.2374100542692563,0.2644523057149731,0.2558445993297336,0.2562406540823633,0.3231418455768712,0.0,0.3747947627765427,0.30486763465043,0.36067591651607855,0.28313262052147115,0.25057030929747887,0.28294841937812976,0.31402172226967345,0.29943037712160836,0.3402959351820883,0.3547826331706077,0.30880433632731735,0.24024804752539214,0.2528983008399373,0.26765205526940383,0.29149363477339335,0.2787471687516272,0.29526804224635317,0.35824234180267855,0.2141798765908043,0.2825316161312303,0.2790675712163528,0.2982528848228123,0.3126182420183623,0.3299364628104335,0.27403107923675935,0.33155804272032735,0.2642248609200865,0.2308927468358998,0.251403622909141,0.23145882330974277,0.30638166924994026,0.2909128445024326,0.2904464211399179,0.29922442089666496,0.2289739582119984,0.2690533496210732,0.32175129134832536,0.24343617041369292,0.29330046074222516,0.3140872939723223,0.281584755697218,0.328326737387003,0.3181158232156532,0.21138820480266868,0.256073826126436,0.23318693610780902,0.263076112001639,0.2853484535631609,0.33162771978698197,0.3266305615832217,0.2728509814189273,0.34311380952961695,0.20936315062645608,0.28509251451998,0.26884339622734166,0.2529386317134761,0.27539934139434274,0.25501089310866354
0.2747770742209904,0.2405045203806818,0.2643736057426121,0.2847917788099049,0.21390717711454119,0.28874864323496907,0.21015071225426024,0.29452430570580557,0.21246195137597945,0.25445327716302146,0.24872458907303888,0.24571902572078538,0.34228510546309737,0.2511189840405966,0.2467826459559359,0.3446147023750709,0.37046311911055524,0.2797364585978636,0.2738879193378661,0.3024521336685168,0.35854875355094334,0.22613653393151234,0.2206981616929527,0.2252222073983642,0.2694992642731923,0.27943291336342985,0.2348642854969094,0.28087033704189635,0.20911222386349043,0.22328721189565592,0.26340431542142584,0.34936748376385224,0.2712629586357349,0.2638635560263996,0.24229572305829597,0.3020428611290048,0.27679684738726307,0.3215611201390767,0.26584517696890536,0.27401983193828655,0.2974884357937875,0.23137127361843254,0.368667046440738,0.2815050808199234,0.31352917831285865,0.37428281762092586,0.2593986811134865,0.2732314240478204,0.2620250214098472,0.39216267025031076,0.36866887594065717,0.3156127091544057,0.2889518045147958,0.31592333992948124,0.284104499056754,0.23180160448676992,0.38000907848680554,0.29439134432892233,0.31155785129238356,0.35087934678611654,0.34635929524772885,0.3429660869992819,0.34096641882544587,0.25516375006355735,0.3025730493652246,0.43612778195244695,0.29358127550122814,0.261514733856644,0.3221902953226575,0.2692247705511571,0.30548842148799904,0.2929940534457897,0.27717101926656934,0.3704168603966214,0.40573794118956497,0.26894212798056144,0.32967588897326194,0.26378173122868614,0.3348919463537765,0.2782317365456068,0.32257374783377385,0.27010062266234286,0.24605743636785657,0.3455620232193692,0.3548892709070244,0.27863641924767846,0.2662141709322025,0.3430301959327612,0.34974839641632305,0.21930002770388357,0.2783628290949129,0.2455162718046185,0.3080151824369197,0.32702776680982715,0.2907066511579902,0.22287963459326463,0.3258907079624335,0.26466466176272574,0.21883947372699752,0.3322539084705834,0.26257776284992773,0.3467402590675555,0.2905930006867953,0.2316789004147745,0.35475469502954804,0.3747947627765427,0.0,0.25934759735320956,0.34361971349803494,0.2542073980636846,0.2953621971983667,0.30800178755850893,0.3234587227313478,0.33849300116139286,0.3215757503270344,0.2623003739100679,0.30043070673956473,0.25492086426348903,0.2969102433087549,0.23780100402882645,0.2623652772574492,0.29144247712300536,0.2591426194792891,0.28676604291584973,0.2183077318338257,0.2658354092101254,0.32671613854014303,0.25651718345004587,0.29764321368776336,0.3215617766817814,0.2408751589321438,0.3891507956054933,0.27050264425011955,0.2294923596445753,0.2884996435173826,0.253748402749433,0.2414278076985328,0.25622414807991384,0.2499553779766448,0.3313665045121831,0.25267108846843106,0.30358120948414835,0.300502970691797,0.3027110746713515,0.31418816639611413,0.2365437819677024,0.23914916500258399,0.34185912185216555,0.2637328616780242,0.24475783402289156,0.27512754039937304,0.2888609319627965,0.29777976823237073,0.24052640870589237,0.30829878618010753,0.2757095420131512,0.23237545297646425,0.2917637206325814,0.21231570801379507,0.3140335069868768,0.30543592453860974,0.25241768463204856,0.29154237963720053,0.2280875393893471
0.2917389156056885,0.34633805388454203,0.2948426863808415,0.2504186408330094,0.26906220396488545,0.3009731071913749,0.2586009115351262,0.33632394032693574,0.25566407752936376,0.37475396379062975,0.2720001239191888,0.2698971178111667,0.3037620043363261,0.25056767926748325,0.22702816044099836,0.33858953380497775,0.35747884140904174,0.27424219859062426,0.2585638954189053,0.2915034121199245,0.3161338991184228,0.276798669302606,0.35048467790952326,0.29042352010210315,0.3814402424105612,0.250181374427417,0.2707955345065639,0.3569006816609837,0.24421063948601873,0.25127718695988327,0.2729389963594035,0.2700204729269134,0.22396970976074546,0.30479080176954015,0.2841045761670449,0.24918979678617567,0.2935854018006816,0.28283337173527656,0.20926532261946834,0.2848547273895597,0.23954829091707092,0.36559629571923746,0.23214941992386356,0.2562256484049412,0.3051099333322007,0.2593525120883348,0.2598119408094235,0.24676478257456838,0.3077107499692246,0.22668443617788858,0.24350348459551788,0.2740052228854117,0.22247527935594133,0.24588471632365405,0.22451769656903703,0.32120732664905455,0.25442690718291544,0.3131209877993789,0.2574629360624506,0.23581576739341173,0.26028660491779176,0.19132577271637063,0.23865060189772122,0.2432978948611198,0.19915019807087578,0.22938802011612647,0.2545075338605486,0.2509840246942396,0.2590121013827487,0.33986174085889326,0.23844073847167824,0.23164979255647405,0.2626292359038326,0.2873738338866869,0.3169686304528969,0.2339046994782189,0.23797953684065784,0.29929417954668414,0.257861487345724,0.2300701452719283,0.2828007420059485,0.24316071301141567,0.3048936001013943,0.2805344631367986,0.2784872584151679,0.33408892319151223,0.26888507937389977,0.21525941876797947,0.2951838019315692,0.2522996770907996,0.2831110046857302,0.260006470858998,0.23892662183469646,0.2229030574642958,0.27085171195248553,0.28134142436751436,0.19022141728091763,0.37227533981401817,0.20340844520563295,0.2850116257837941,0.22458626935857792,0.2244005236165153,0.22833192597688048,0.2717005321119749,0.2294196767840226,0.30486763465043,0.25934759735320956,0.0,0.2592363123765915,0.34520900971604784,0.2686433605627269,0.24001664750793406,0.2757820353613942,0.29199496873548003,0.2466970508366185,0.3718177979698761,0.3161015992874323,0.22802475381324636,0.31570332061008033,0.2872131262711136,0.2379509916492042,0.23519241555801915,0.3030248984911076,0.2942375072171561,0.22134449535340656,0.24616514884507215,0.2359316501040426,0.24260907655664588,0.3170060957652758,0.22042157111402402,0.3284279291485188,0.2807745755461869,0.22738925425880477,0.24534483467261908,0.24614280459312562,0.20258236252647277,0.2886097195841169,0.24499107656944305,0.30871995621941706,0.25343876700008955,0.21757400474227545,0.2801184043695929,0.28937058977723823,0.23635392580443418,0.2936373612192144,0.3002548315567885,0.2609304347015731,0.283086388182224,0.37583769575281034,0.24479627018156283,0.2507528254173724,0.26026888185244335,0.26925589577545295,0.2585071915888055,0.36456171567861295,0.28075382281270844,0.24826981514153124,0.399416099773163,0.2141248976416065,0.2438728670433838,0.277476100381946,0.2719069913587372,0.2606121739163349,0.2912419213873545
0.31471552924687335,0.313647368468045,0.2655525424734814,0.2917300462670359,0.27992397892267523,0.2414238999311297,0.30541623248716704,0.26912906287013566,0.2299159017509778,0.27478595541832973,0.2558592948617206,0.24600296243338568,0.35348912710157737,0.32287139104667995,0.312039712840605,0.29736576533671133,0.34928268003281193,0.40917079149136537,0.26689406216530615,0.3019001337245459,0.3501723337602493,0.2639665964516235,0.3102764665192988,0.30687272601769167,0.2838734505280895,0.3127483927106204,0.28443021261341317,0.2765791196617542,0.26781526887814233,0.25273722747154903,0.26537938556150836,0.3197516184632186,0.33909366096261323,0.27450576059730186,0.29928296109150576,0.28296977273989,0.31742530968285826,0.31368536812840436,0.2563620562939089,0.45194860570555695,0.3794334810359682,0.2551908652113453,0.3244608707168963,0.28590246773794864,0.3585966959836534,0.45958710661673663,0.35515390937495084,0.2559308761227517,0.3535769556863384,0.3418540141684177,0.3534604531019203,0.33211738881840597,0.3124687480203072,0.3074388360619708,0.26341071741821076,0.2514511174671134,0.34192831233835497,0.27534277564411763,0.34557146385786774,0.41090866903206674,0.2720473947259835,0.2782132680981556,0.29491711688373917,0.241088957008157,0.2925619885390517,0.32288860670444597,0.3449441543318671,0.30500791897135565,0.2998533994486114,0.26981797477313524,0.33516287692078645,0.32335505885446636,0.25095857839207253,0.3717864614502748,0.30519553220874235,0.3578855362785702,0.2721302907483483,0.369468137952873,0.354276627950807,0.2497528411241107,0.30447653837699057,0.27875106143054323,0.3059772715424183,0.28113715874014183,0.315108141256817,0.3409208127159942,0.26001391616438824,0.3151953366239751,0.35213163292595184,0.2566289170792658,0.32008599646715025,0.31243881796453554,0.3193575610054144,0.3232327332161474,0.31614042980092355,0.24763333116074793,0.2548730522716622,0.2774290647553281,0.2302158700085066,0.37257826388749865,0.27525194393960584,0.2601385845995439,0.2725386217022436,0.26001338521682144,0.30743856769228994,0.36067591651607855,0.34361971349803494,0.2592363123765915,0.0,0.31368532506426433,0.2995269839944929,0.3002165557837493,0.27072398581799323,0.26784594631929953,0.35289630897356783,0.31587504349444173,0.3358866969119959,0.25289193587990705,0.24409098477779848,0.24899853828833357,0.295659765510215,0.24628769591044697,0.28292253563088343,0.39022167969245514,0.2280854567686621,0.3252610134075716,0.26132194173529727,0.29187373925762394,0.2831231273939896,0.40043489022632717,0.24772048637668612,0.26500487456299715,0.23336598411568793,0.23498626432179945,0.2534225899404241,0.27071772370993863,0.29090905431520203,0.37934168307071586,0.3152609300099894,0.33712654704039674,0.2732441828688041,0.29025358439955556,0.39546403047790063,0.268827506287955,0.33352592140341414,0.2702227579614933,0.250803563214902,0.3899124089063001,0.30124956638863637,0.19365081501985093,0.26043084253962795,0.29948491325931376,0.28897984023243134,0.3214262245873676,0.30820351092936643,0.30702838582300296,0.28758215393093767,0.29486291129969744,0.26562127835937,0.26617837706091485,0.32869074991637537,0.28713048936105123,0.2799433368794769,0.27789981654950535
0.3011242582479695,0.3758630660382935,0.30004325011511135,0.24671055307346992,0.2611348551101254,0.2871242299767389,0.2967522735850154,0.2913064838745419,0.23604727540832354,0.32617009705590905,0.3109021978057953,0.3269736817787752,0.30477043017112476,0.23607473596432452,0.2624468043034737,0.3110583129471552,0.3037608051009207,0.27327551016014756,0.2700468055117697,0.28064620633945714,0.3707363386407212,0.3192885097220562,0.294580487371978,0.39389909626237685,0.4062979081873266,0.2540588046980618,0.2429597041842371,0.24713731191970506,0.25112193598795435,0.2568513966795592,0.2827400522775088,0.27542923209415654,0.23412350044927013,0.27014972022838485,0.266201008329905,0.25984510123022486,0.39051910686449226,0.2519211677479276,0.2625166058918487,0.3278205733244271,0.254960591872692,0.32179029893293704,0.25403351836716925,0.29604614851989286,0.3322032807384655,0.291682032207629,0.29181685626905945,0.3312690333762504,0.3330831869290487,0.2351858027439575,0.2780346514052281,0.27009804196187276,0.22189602882099105,0.2978723184502952,0.2553433639937019,0.2944787886784255,0.27299322165201184,0.2811861292683355,0.2843329122063427,0.2620172908441243,0.27690819627697527,0.1903402934052041,0.23755106207642307,0.22308141459275924,0.22036038433758745,0.2538947875858413,0.29237633479597636,0.3134570661912561,0.24268677850762252,0.2738167696366116,0.2706888213494273,0.24097158035226307,0.24464979973391193,0.3095205059268138,0.25060251280210594,0.2710915301624457,0.2535440841294346,0.33696894910631575,0.24370380049785287,0.2504189479620181,0.2633000653649121,0.25625162669175167,0.3449197407058897,0.2345960237311778,0.2650704591086772,0.31938739505959846,0.27088445334885086,0.22429821250972742,0.26709469918689777,0.2913317737329328,0.26237973904477524,0.27130251282149037,0.2684243315761776,0.25634503194126096,0.2712388653411867,0.3297818365131835,0.2045430592878675,0.3104134422244754,0.19780782383163367,0.2745320255791487,0.2577370438246898,0.2545752241314774,0.23246472428680676,0.27617415792120914,0.2252114057966839,0.28313262052147115,0.2542073980636846,0.34520900971604784,0.31368532506426433,0.0,0.3268538401533584,0.24057791759209599,0.26315296143317324,0.2245622569891388,0.2349478547821748,0.30331330608799706,0.2599323115790031,0.25549824556872586,0.2840679847965252,0.2209142913775112,0.25071174289675746,0.20343354696570998,0.31488717994177406,0.3525125908819682,0.22853678013760986,0.291742097971306,0.2095541466470506,0.3241894257936428,0.2838202626764669,0.23564058189980952,0.2501088119329608,0.24596441755320297,0.2338479962411,0.2270120045262451,0.3206820442471173,0.22477061122421557,0.31856516129559387,0.2554415757677734,0.2951877066058558,0.2780534532227511,0.2235938150977203,0.2791579387091609,0.31869198829856615,0.23522543058109252,0.329694813619384,0.2645196330004737,0.285875782232002,0.278579580239122,0.34749839162838253,0.19187943394590165,0.2649437275407634,0.24579472027038746,0.2784188347100456,0.31623824308739173,0.34953297748591233,0.3381846489177964,0.3123862897018678,0.3613465465090151,0.22710789249777885,0.22811075996185992,0.2523061499999982,0.2617972290207896,0.24815340813627232,0.3041500783142392
0.29856803498728873,0.2741771199851497,0.24844770084324017,0.32100689565946944,0.2778841771523968,0.26728779040309186,0.34844075479149267,0.24425751718986055,0.21984724199926478,0.24942344969342675,0.37056731678346394,0.37880618101121144,0.2672209211578033,0.251087906867252,0.26144359432503067,0.28852495851666277,0.3141286821747817,0.2809882997813324,0.3745048805918062,0.2820473707190107,0.4393148807039606,0.2651738922145278,0.28841720105199226,0.3040888145568878,0.3655117917613965,0.3060251528019096,0.24257799943928018,0.28086982105393155,0.26101919452776295,0.2503717873098282,0.2894095031480795,0.32901578459364844,0.2837188705015526,0.35432060072541766,0.29787093765659217,0.30467164276406244,0.33864811502537273,0.28367922971032855,0.3074782734774438,0.32019012778136463,0.31463817479332246,0.2818123139741486,0.30391386292621714,0.40047227264165963,0.2997359407157595,0.27506829927633,0.247237214173811,0.3193828515740158,0.3801425234446369,0.28198817890213224,0.3848158564049476,0.3466126304539446,0.23401920136984258,0.3795980167270023,0.32611657529547483,0.23517305128288585,0.34371986531249316,0.31711481927206214,0.29968066306989233,0.30618117576259923,0.26570813741586696,0.21839620254211806,0.2842236961143237,0.24158501500607055,0.2580625069191527,0.2881200750953423,0.2993967320220987,0.26752796367375115,0.2592178464765902,0.2762493739806994,0.30029698978116015,0.25214737279250377,0.2861836805805707,0.3488407453146117,0.28109257362875817,0.30394084863676935,0.3254211010155644,0.33729803620076854,0.25496661342934585,0.23637271157250792,0.27760786634483736,0.2980524061794354,0.2799160195809644,0.23357814716203565,0.2964673870327981,0.2727907260504293,0.28368490498093624,0.28316123485325645,0.2685572895787329,0.24176371002020683,0.3561679785440962,0.3172477549986773,0.3093524830763303,0.3259421955179739,0.29388526218460687,0.2900823937458692,0.23813930973437192,0.30947325433464346,0.22938624104274077,0.2902501034492623,0.2778440781741397,0.29592181244333154,0.3414165224459336,0.2772167032024333,0.27255434005713475,0.25057030929747887,0.2953621971983667,0.2686433605627269,0.2995269839944929,0.3268538401533584,0.0,0.30941683265509606,0.2952218641179333,0.2726312321184692,0.25976128330328385,0.24489448934658486,0.2914989884098061,0.30227632394164844,0.3111753738455316,0.2635081730265222,0.26032836459158676,0.24907751793753868,0.2857901811779911,0.3692503630661954,0.22484309683858783,0.326379620117843,0.2402395030483793,0.2637323286891615,0.2984103157996599,0.2644996373058804,0.21330983319394212,0.2771570107016576,0.23773419302560259,0.3076150285504012,0.31397423637732685,0.22931101021398795,0.24859686498921485,0.28580655651498565,0.27357797215752583,0.32820402353619815,0.266379684143418,0.3109232536694927,0.3220749590064671,0.3009514424999947,0.411078530063568,0.3113662688903686,0.26263656336176633,0.26337953575019907,0.28973591464407183,0.19644354326694274,0.3486510424866899,0.2991225798280776,0.33795372151729414,0.23149839201948974,0.3870763911605713,0.2854807023401796,0.26017898044070303,0.31243922844396954,0.2632932886825614,0.30160972799897623,0.2476178505983986,0.2921981585799057,0.26103988273655576,0.3344823745484591
0.32519241931957205,0.23799981413908627,0.22291786990593646,0.2722301288914934,0.28602502208938263,0.215339468596982,0.24786135925384195,0.23924153147520996,0.28970741296400443,0.21476068359235595,0.26344227397232944,0.2572001561742605,0.24264737401201752,0.29581916934417385,0.22176284967458826,0.2602050321154232,0.2868134830957249,0.3236216495881366,0.26703688341672305,0.30002031808352897,0.348463715249646,0.24609955738379924,0.26052826299724313,0.23402881339304332,0.27634683787215314,0.3269629653161201,0.24410633651912603,0.23394353461728912,0.21619989485739632,0.2343698028629523,0.26160124912274335,0.2740535469836927,0.24496923237030985,0.2668750096675109,0.317291526492543,0.39987727302919074,0.2707227950467691,0.39558297887755667,0.2697351185629549,0.28912736647909404,0.3177646639671028,0.263629401817073,0.3231986518935049,0.31716627359432426,0.272603134947299,0.2841079326053924,0.2692393105003942,0.28209125603881374,0.320667045132612,0.39908279299125854,0.3379794039985641,0.32369164365286435,0.313690808691922,0.28088256296176106,0.3103017842487909,0.2534449249656884,0.38094137572487197,0.27243805557088924,0.30544533119222356,0.3256857375625717,0.2326809099277322,0.3098045411781321,0.3235217600267372,0.35994647886003456,0.3498228534187865,0.3208414092606597,0.2903779345365351,0.2532652868084584,0.2856768094091367,0.24227686345287944,0.3395750519947286,0.37212115098055953,0.4182670590327851,0.2883532146631476,0.27371514125214963,0.2805109865968885,0.25740023506039666,0.2871498475874188,0.3112496707255305,0.2532371864301387,0.2609855424089863,0.37139161360291234,0.24038223664326788,0.2691450084281145,0.5293528201254125,0.31273132407861887,0.27666505921913437,0.3825490235284384,0.26714872042862803,0.26402935244241993,0.3787252526412821,0.32732130348342414,0.33670436687636107,0.3282397217526573,0.44569630443949027,0.2390100870404119,0.27633669853319975,0.27366415729714716,0.418301777791785,0.27155317830872877,0.3046731559657747,0.25696059011571,0.39983879451286,0.2456943453295941,0.44126498817201376,0.28294841937812976,0.30800178755850893,0.24001664750793406,0.3002165557837493,0.24057791759209599,0.30941683265509606,0.0,0.3171897836638868,0.3258163084757119,0.33941531630049687,0.25237307714265594,0.27395670266680505,0.2673933613835386,0.27155543391032655,0.3073202184672476,0.3756316146361982,0.29659637796967436,0.3470811744407583,0.2705184681378343,0.3539264767375239,0.2242882648898435,0.35293787379251407,0.238153103175456,0.2831975839027433,0.3308119314895537,0.23728182780472354,0.274008989239434,0.2701733599537806,0.4058141734883051,0.28351068889436065,0.2703323850789016,0.23351178358912328,0.3211124945479951,0.28503075975888303,0.33081709323872543,0.23274478296730586,0.3268541718517504,0.3469457678999583,0.45816120039244745,0.3986473315715239,0.3631834089572196,0.2792846089708376,0.22971236156347322,0.2831079899899047,0.2536287353170701,0.33335145800914595,0.280988136643241,0.31863332348910145,0.22525849111482485,0.28282543664761534,0.27308764006289127,0.21257986380985233,0.23123167633738897,0.2708154206180349,0.3359361283801015,0.23812022069918606,0.33545553090183594,0.32352337014033106,0.33374455773542205
0.31443253138426835,0.2705896385859829,0.26630059624730407,0.3291256044737364,0.23145789995796578,0.33589784419106367,0.23221549114145854,0.29048019158783356,0.2652807318546633,0.2713407036539188,0.274645957899214,0.23239911590563672,0.3298097833473588,0.3168135311672646,0.22912419215730326,0.2959651052967148,0.3182755149212048,0.2731331148310686,0.2536228544101897,0.27738369262653223,0.3416175029081912,0.24822432061063668,0.22655193257682274,0.21741793286791997,0.30246333451381363,0.32057539093478565,0.22996181689300788,0.2859407788351973,0.2425606191176134,0.21747152384396792,0.2738613301615514,0.3394595333352823,0.2668475915754712,0.2818567207473974,0.30056285691665763,0.30733011938762367,0.3143762712263021,0.3253801838810837,0.23320447857769536,0.2971791937721088,0.26466368163150505,0.2855387970440702,0.2690878770823681,0.3029365480978068,0.28158611163439307,0.28545854436872475,0.24163173444547115,0.2983386715794855,0.26910616070557053,0.3080802193497508,0.37300238557153426,0.3454973455879676,0.262535428581463,0.31635570444253364,0.2728624105361537,0.3288369085848777,0.32349926842370225,0.27489391538990526,0.28674370811727423,0.292982125545502,0.3623914677038486,0.3094423265345749,0.31126370769446354,0.22941485511559295,0.2773650476295574,0.32802344255605786,0.3853453466990764,0.3029221785451685,0.277226176826432,0.30000490218450326,0.33737042595016087,0.2784231208662016,0.3988529844737402,0.36847657989677635,0.3477321429476649,0.2927062344881799,0.31776131437362376,0.2782472658845658,0.2980652273015661,0.3238655533245105,0.34568665841318663,0.34219712128676644,0.25839461432580557,0.3353276546711483,0.37397340514710803,0.30607817128354436,0.3525062007087195,0.3471839179098683,0.31827247682775905,0.272694475171756,0.3339746399709949,0.2932107995327708,0.26803057094300753,0.29898965272325945,0.35699891920410126,0.2612728607412586,0.2539685493717041,0.2851267669953122,0.25541988596487397,0.372211945441596,0.27230362078378445,0.2758680994873593,0.31730609018874284,0.2218756507478075,0.3501524009196687,0.31402172226967345,0.3234587227313478,0.2757820353613942,0.27072398581799323,0.26315296143317324,0.2952218641179333,0.3171897836638868,0.0,0.35905012910529477,0.3112342950868295,0.2874415776897673,0.3193569215263008,0.22777674538271075,0.32081150243849266,0.33401324433254764,0.269847000893711,0.3592658494297965,0.3750535357972359,0.3128176096350219,0.3039555424421369,0.25963959572221523,0.3775604192904333,0.22053319608236346,0.3210049670316232,0.28671973308580834,0.26474626749395835,0.3490886601475624,0.3303442368541343,0.3338439626576205,0.2769922167110817,0.23746192646090256,0.21482519232724118,0.2778968198198113,0.2389002956246001,0.28732849587914416,0.26281248043326966,0.3213183132876434,0.36243120714165883,0.3031315963908018,0.3293581762800326,0.2930766313731889,0.26382923042261225,0.2611749965831991,0.2789432181287411,0.20662703925653214,0.3289892097328944,0.27805350680198104,0.2416608004007807,0.2236613444411149,0.2950581930437956,0.30447998079078614,0.2610442151104743,0.30803323803663024,0.2829195936173062,0.4028678932918365,0.2832202146102988,0.35647768166519256,0.3141716745814164,0.28700009931984655
0.26351609365079187,0.24227904927982477,0.2538919441903552,0.3148815731778892,0.2650639245699283,0.2693701181812944,0.2228807733215432,0.28402232179624104,0.28929573759434957,0.25508537642508033,0.2840057492754925,0.2525305401340288,0.29193187855805763,0.31215655725393926,0.2145381747901233,0.33977439076212035,0.35051536294327057,0.2864657883530869,0.2506466266679763,0.28126131608160093,0.3110832707262734,0.24701349981416953,0.24761792300953572,0.20042122237226398,0.2681128125055526,0.27861519858301387,0.32171544685520437,0.2990362558811541,0.23597448427629783,0.2695936935304996,0.26145823284654074,0.31032144875843815,0.2440310997765405,0.2665736966088834,0.2699056206419939,0.2744686157188608,0.26754509269193205,0.39332795079340865,0.2725128358834598,0.25835921270540946,0.2482137222969075,0.3018878535283028,0.2685718417134789,0.25623400954504183,0.2584361595486352,0.28083617265395994,0.22285455545069152,0.23963624527935776,0.25985888783456285,0.31055117682966094,0.3061262270295169,0.2624569913061542,0.2754499849498983,0.2718432553858328,0.2519254222072143,0.265087742538962,0.32023811297316285,0.33494758425598875,0.27919253153941087,0.3023985627068021,0.3036264892404147,0.28211058893778773,0.2666073143836572,0.2708681253940865,0.2532123254208981,0.28312771661706637,0.33049827248507324,0.24107356509114578,0.3061113764878313,0.31247854577313516,0.2679353816739582,0.28457331329976854,0.34016933397773325,0.32633271527117597,0.4002870459906059,0.26127797834186844,0.33138934424605637,0.3076481335957176,0.2836733964216298,0.2755954064505487,0.29558748220393244,0.2791155540163495,0.25964703897585995,0.3116215571822961,0.3423001175551832,0.29732570831963956,0.3167878350487975,0.3343956687655337,0.3315137528138438,0.27137829807617464,0.33897009933147604,0.2693525297627822,0.2752358251976191,0.2657132882998358,0.3182060190115468,0.2343035006607337,0.2599651757721212,0.2575070892828942,0.2725014729276341,0.28909950236662724,0.2826318687264904,0.29346543909999045,0.2869049730767924,0.21935319230914144,0.3183778294578757,0.29943037712160836,0.33849300116139286,0.29199496873548003,0.26784594631929953,0.2245622569891388,0.2726312321184692,0.3258163084757119,0.35905012910529477,0.0,0.26846992982836726,0.2787447472893495,0.2878610600036766,0.2504084824262723,0.24961840264944896,0.375696808300252,0.29064852879967257,0.33332333704381345,0.26784972963510445,0.2795332105237358,0.26278406076342486,0.24369893101870121,0.3383961616545243,0.24564478209017654,0.26419239437584224,0.2920623864141222,0.3172909567595447,0.38938314265071894,0.3376679572843924,0.32639800873579805,0.2600508900666023,0.22281165460976296,0.21601250503386538,0.24569491089713819,0.26067176130211084,0.3254023348623554,0.23421885110106144,0.35568250964249326,0.31721851173926047,0.34294911456182836,0.34496778372427706,0.2603432685895008,0.2620619808206506,0.3040786097254932,0.2589065010500309,0.28677341600012884,0.2777745439110203,0.2839331375378405,0.31631383506971006,0.21874109244353535,0.29306249211045987,0.2867621540766758,0.24647140857275227,0.2853581978731186,0.23208960698840336,0.3284842099166711,0.26193274885184137,0.3015618475526097,0.388311373573844,0.28952805696395595
0.3159329241587084,0.28478507240116807,0.23652437258346415,0.2899611315349233,0.22354560545848157,0.24373490154293626,0.22467110837778037,0.26208787417125307,0.2379950471307554,0.2326900027657199,0.2681272862798896,0.23426308925099518,0.2864279683629011,0.3131501814517837,0.2538112620862085,0.2786491202165971,0.3062482889945136,0.3598530563492438,0.2714928651413951,0.28525614778902075,0.32516888469090743,0.23430784884389563,0.24881883810349778,0.23593192653672948,0.2670717661907206,0.3434703501331613,0.2302482944786947,0.2777007387515489,0.2524419330473337,0.21464733103193956,0.2563392502472631,0.2866400594917832,0.2977381122929442,0.2633279213927527,0.2978468598658997,0.3331638420693842,0.28014180718819814,0.37192273759791034,0.23187811084448792,0.30503140230024317,0.31882729454411146,0.21472757271722528,0.31192130008348357,0.27888207181573826,0.3304843996203815,0.4011248168681892,0.27431260618361647,0.2648874310774874,0.28705441310176955,0.3404635777191396,0.3637171384376712,0.37185070635437917,0.33281009115907784,0.323398122021031,0.30584224279826644,0.2369420231840456,0.38231978542178363,0.24888847208965476,0.31096787869376774,0.3837200963194812,0.27825443886777024,0.3212762578346633,0.38184458688625456,0.25093621680128125,0.31740382089963864,0.3878826517330431,0.28752691667569524,0.2643720293098446,0.30320776883847306,0.2676996662516648,0.3064393997516883,0.36639328066762605,0.29121415667713,0.3234450877944699,0.311678974705655,0.3196128937825438,0.2537475489354801,0.2795918864938985,0.422853928825956,0.2586758482819419,0.2960750951551509,0.29724530556366885,0.2673849554227551,0.37036956267790383,0.36768272420316744,0.35471810545471577,0.25863219922130887,0.3215227311519015,0.3508378258267109,0.2519007808027168,0.3178425276167574,0.2571931225287651,0.3154932103738503,0.382950047700527,0.3460982265822885,0.2347520850122967,0.2875211394425896,0.25302017830419143,0.2539938470094605,0.3608035575274275,0.29872097098408273,0.2323392368326765,0.3071037819494158,0.23395480025877782,0.40758950976012115,0.3402959351820883,0.3215757503270344,0.2466970508366185,0.35289630897356783,0.2349478547821748,0.25976128330328385,0.33941531630049687,0.3112342950868295,0.26846992982836726,0.0,0.3117024400269338,0.34784993743503945,0.22323199977024474,0.25077358995266763,0.2808726411132576,0.3099317348161451,0.2849451002056303,0.3087319971661601,0.32676009674193696,0.25960822899081154,0.29083423583658713,0.28085462905072156,0.25001303273788666,0.33161098420764445,0.337733072283633,0.2203840613645825,0.2606057939671787,0.29539944356538766,0.2936599298239898,0.24771575337377846,0.2652193862921383,0.25440615405463934,0.3231535003715803,0.27711088874894024,0.2829868273758433,0.3117085198379271,0.2824285126026098,0.31392546774506275,0.26868365046623555,0.3109285249520331,0.27867337639998424,0.24051845128333293,0.28659850853847935,0.27862063651600555,0.209020867596097,0.29781786307411884,0.3334610942747836,0.2609860544464053,0.21092101338812766,0.2812635317591569,0.2741655286272331,0.2378262941904045,0.2617815947522228,0.27057960012605037,0.3127672866697737,0.29908447906050006,0.3176900626574493,0.2457983472101323,0.2800170693300319
0.32706103548927035,0.36396219697880516,0.3155788649647682,0.26731289899638605,0.2483817980877604,0.2994273003747671,0.25417972158420116,0.3298837847625193,0.2824787680350212,0.3259432706832578,0.2617177075927095,0.2648711282348148,0.35652118991530046,0.28515694591763635,0.2525759131264247,0.33729159972983497,0.40483663024447486,0.32363758958136657,0.24781239988675058,0.2806579990135775,0.3020134954462565,0.2882018922761334,0.2949959428050438,0.30164199311437667,0.30177936087100277,0.295291992103194,0.30008665808824625,0.3482245572708429,0.24935585415029637,0.27097472029673386,0.2605454581028806,0.28147378667676565,0.2577960214482376,0.27402728854252606,0.2762130519341308,0.22878548377228589,0.28131918128319233,0.28566199016912575,0.20599160645843165,0.33911700705502196,0.2781661497823316,0.32558149668582054,0.22925931113286777,0.23438955953320262,0.32220214501767247,0.3153136278783001,0.2806501045578201,0.21706135757302694,0.2817583814005469,0.2523902281928565,0.2763836885701237,0.3360584341802345,0.2384249008396843,0.2552199199353354,0.22205851040007374,0.3132208981979717,0.2987653466859537,0.29561102886065593,0.24947679955343888,0.29112440746006,0.2632218109211984,0.21676956226992736,0.26119183494682596,0.2063139002446004,0.2174858123909917,0.2492209715242951,0.28100920426787257,0.2634466242199501,0.2480870076523824,0.29986971762502496,0.26526492750045233,0.2565065232929125,0.2813661323720355,0.328121476864787,0.3238245993949091,0.2510934196789769,0.24565792830391384,0.3096891962780325,0.26465687231996776,0.2561181303189181,0.2625497263308104,0.2599457389207585,0.32613680911945453,0.2899152943001031,0.3025604935934071,0.39328467605406736,0.2379276396881031,0.23295878408496387,0.3274596705774939,0.27468558108912117,0.29813003370833396,0.2521548505998314,0.25986647787811756,0.26239118456088123,0.27674356926210514,0.2512200126233289,0.19656786039347557,0.2928338828204991,0.20292446348479024,0.3912899147229497,0.22513877704814855,0.2046449149558655,0.2181657298201366,0.23653759427082524,0.25990371256001027,0.3547826331706077,0.2623003739100679,0.3718177979698761,0.31587504349444173,0.30331330608799706,0.24489448934658486,0.25237307714265594,0.2874415776897673,0.2787447472893495,0.3117024400269338,0.0,0.30170190377809875,0.2106766414224265,0.2564185759904568,0.3078404414114672,0.2716524435028267,0.242094102962687,0.2712028052208504,0.33463651072133355,0.219516247815744,0.272094031845682,0.2644906854094091,0.26676774134649095,0.2852915934130401,0.24759290781535,0.3309111889668318,0.28915504452636787,0.2486834859050766,0.26032195004878805,0.21023275809449654,0.19471351052792538,0.27800060579071556,0.29471145135134025,0.2596202905803398,0.2426490113013581,0.21215611981320287,0.2522863641858055,0.31725171520125095,0.21897028299266277,0.2566053671518555,0.2732320258785431,0.2719821575994092,0.28809419078504506,0.29977537249277025,0.2036128492630671,0.2484510783179609,0.22980582034688632,0.2540102526272631,0.2659283122778524,0.2972852243178275,0.26153219031831054,0.2876653423850674,0.37609498893070864,0.23341193511931663,0.29532791321332613,0.25470782317670304,0.28517109306859406,0.23475833099867655,0.32221306680491874
0.31065977289176466,0.28930034158633927,0.2296236287003788,0.27159209221539543,0.22552412548491016,0.2845130998485506,0.24056778444037882,0.27485925499883884,0.2369609588439274,0.27586118961937633,0.245348059261179,0.24529163990681951,0.2942880320062419,0.26120889353609983,0.22805654378240142,0.30851065482163326,0.360060452373056,0.3131929778290655,0.3239527663045704,0.3162781896826976,0.3327319462697516,0.20997300575335726,0.2803447515152313,0.24591232985975028,0.330637723661306,0.2608552284161016,0.23303808984171875,0.328239063796756,0.2578083610921154,0.2372712477226179,0.2701707114007315,0.35768619041792604,0.2507033740841907,0.31045617688411165,0.31014595809969486,0.2464265142077209,0.2667865219039054,0.28346881376449695,0.21891331902850564,0.3253166285609462,0.27339980735526015,0.2899204644419418,0.28022085654592604,0.261386948595764,0.2766829663242365,0.3429434877211042,0.3025796290747274,0.2327862033883797,0.3044112715314232,0.2715448836901693,0.3097069917931821,0.3730562317728711,0.3061921400602331,0.2566273756748005,0.2402852402216319,0.29935105814178814,0.3483619672580686,0.279872411755025,0.3019060845439849,0.31611883386137474,0.28114061416494635,0.26069515108189173,0.3303529644464071,0.23170504466961947,0.27491922203236824,0.3218958691585734,0.2644249542360735,0.23769812265242862,0.24979453727625153,0.2836303852251579,0.2673146913925373,0.2836067325681223,0.28240327813322286,0.32433935621391313,0.33491913828812975,0.38295184773127855,0.24749401311903077,0.2839439623142399,0.3083657302597564,0.30136060140376947,0.371888732731826,0.26554355498495497,0.26462180248487627,0.3071376325801166,0.3500427623331019,0.3095681453579854,0.30002755193233804,0.288877375435283,0.383176253362354,0.21800499570044848,0.27164525122090943,0.28355237557855856,0.2691251579964509,0.34592147499486636,0.28294750782466144,0.22304742682511297,0.2531650832968511,0.34802043508228425,0.23869411028111456,0.33672117709473737,0.2467352818707153,0.24867695093547032,0.2600972843493118,0.2473502113598719,0.3009278224232251,0.30880433632731735,0.30043070673956473,0.3161015992874323,0.3358866969119959,0.2599323115790031,0.2914989884098061,0.27395670266680505,0.3193569215263008,0.2878610600036766,0.34784993743503945,0.30170190377809875,0.0,0.23065405588745447,0.2703287943728942,0.28527104932923864,0.24510096902482728,0.2671025211281439,0.3524944444710227,0.34262721895127873,0.26784220977970186,0.2730294748397998,0.2599382289876857,0.207176103183011,0.320124838855772,0.2636203780937822,0.27751981004552884,0.29368338240763775,0.25116988152544933,0.2661127829956445,0.22928732285793704,0.2534342566738677,0.27210409762521137,0.2772020471008436,0.24771305078324404,0.28694318652927386,0.2529871477346044,0.2791334168541842,0.33371198687551634,0.25027423894476897,0.28283047016962615,0.27342005314863027,0.22960023820631,0.3002803013865064,0.3154786326870585,0.2312698686940663,0.3093633125512322,0.3863814329900419,0.2509339838431187,0.21129835971761438,0.3108613947097304,0.25446753282999707,0.23093716393819255,0.28395624433867883,0.25498288141500497,0.2935588856959458,0.327174842640859,0.3978846093798742,0.298114343088456,0.26635863960139106
0.3030216247223239,0.23869982398771555,0.2764393673455849,0.22049508394896436,0.2714239714769068,0.21413815494832023,0.2580335618845766,0.22650088240612062,0.23973352878917234,0.2662143746419981,0.28693448649404424,0.286233260298189,0.2559613093325266,0.2297048111158505,0.2587932172295229,0.306962656225691,0.26880643168625157,0.3085504322125164,0.33035152418757086,0.3130250666807061,0.32222055336593225,0.3024749305564029,0.2597336761656282,0.2620626451798501,0.3153057660868892,0.2158016064292774,0.2261479702204719,0.25240560529982664,0.2503143206009413,0.2524315762075815,0.2819743648077747,0.3251718400456463,0.21854661505122527,0.24863972894198583,0.29105145062012017,0.27600092351391764,0.27496283695765833,0.29336206420415933,0.30097670974518603,0.27070513521607115,0.23214046843700817,0.2229265300597513,0.3209353748553164,0.2862279125274515,0.25553169116885216,0.2553776365793554,0.21851757927456789,0.3032126161569845,0.3765796400151922,0.3223649267830464,0.2819515542989776,0.22742283423033052,0.21383080277858924,0.2724962848518529,0.31367102147390846,0.19807235754960884,0.3227875181207266,0.25303702180497806,0.2805213653032001,0.2795177482004487,0.22050542625665795,0.20752288801037946,0.2307573129675654,0.26418973930775014,0.2736488816714555,0.24012976878655018,0.23570290113237718,0.2437923745648953,0.27313503955409735,0.2575041032399508,0.2754945026069755,0.2752874335667649,0.22110099485008566,0.29503234590220356,0.2501010557965233,0.2520420986166102,0.26772319454428245,0.2489800208453393,0.2195772999013479,0.19240784985250511,0.20860310671497803,0.27888918945210917,0.23709319902779147,0.21536219743387802,0.2484647815925911,0.251822583382306,0.23176808910217764,0.2862805988206776,0.2538638319134648,0.1956186688079334,0.2827652965718633,0.23614108883555165,0.32533623838047043,0.2569896984926788,0.2528580635032282,0.25216088307283174,0.20955114256887436,0.21433021517087036,0.22501810833747324,0.23094943173089325,0.2641566550108241,0.27778040426410244,0.22925771635436132,0.2696142911616974,0.25369274414104215,0.24024804752539214,0.25492086426348903,0.22802475381324636,0.25289193587990705,0.25549824556872586,0.30227632394164844,0.2673933613835386,0.22777674538271075,0.2504084824262723,0.22323199977024474,0.2106766414224265,0.23065405588745447,0.0,0.22995826856887266,0.21268576248962848,0.28957754441220557,0.20217658839038152,0.2248493333602879,0.2644934192127753,0.231609283560066,0.28065957151247245,0.21492297339231753,0.2331595237830787,0.25422349301483543,0.28670579692558595,0.2058789627885368,0.25361457528653314,0.22426896864655319,0.2363164812610177,0.3294808146425106,0.2294298731516712,0.24682181911695014,0.2846363061761514,0.30825537359474064,0.33399966655873364,0.20951451282772465,0.28920314208720904,0.26432956702840615,0.2562454028119698,0.2927191978115624,0.2465201245373843,0.2642489858299878,0.23422910379055745,0.3132704338902281,0.1920458343099197,0.28845366343215106,0.23808342616826877,0.3499934401763696,0.22904864113419152,0.2793049083341775,0.2679492490506711,0.27180580363335805,0.22934121400957136,0.22098040237873912,0.2742895758457751,0.2053867728813442,0.24046272736090743,0.2222042549379055,0.29096776877689307
0.23996509964835883,0.26385446944494906,0.27528137707470585,0.2869769127450088,0.22330987357225515,0.3036330639763053,0.23335465942454292,0.2448352403326855,0.1903187360340078,0.2801455330725806,0.27428169216425263,0.2501121572911573,0.2619515067259683,0.2547780410154648,0.19413382219389774,0.2967411556433848,0.3354116644261887,0.22541325253900873,0.2631584950059759,0.2437528283196495,0.32394840252864143,0.24538520983444997,0.22826504951695548,0.23555347081024564,0.30701347329078715,0.2712385968799854,0.19398057475987948,0.2700091923367648,0.25350837732358855,0.18872388948311147,0.2070435514213986,0.2790825804376279,0.2337712818631531,0.24606567632310902,0.27036376930310224,0.2997402159043783,0.2524141486183017,0.270852964837302,0.21886285985080187,0.26912563366477504,0.2797008283804684,0.254895343165609,0.23847612102369425,0.32318553436085107,0.24266114004760858,0.2287569808341562,0.2259181059278807,0.2866528844061466,0.2738519994390783,0.2588406857452677,0.2773928499664205,0.33832028663393376,0.22924346882668414,0.31366788290638464,0.2741392524693504,0.24930491028990387,0.261890104390552,0.26983948384948797,0.26909587404634544,0.23085932906346926,0.2700007875230884,0.22431871879746695,0.29649872451943704,0.2708592006719352,0.2193803943472293,0.2521018918896105,0.24747330709104098,0.23257922725070784,0.26200371606890055,0.24096997102713902,0.24131019663426326,0.2441628546614237,0.31840477817801194,0.2987987564910128,0.277861609419645,0.21856980747857851,0.2589834659145363,0.25586037477843365,0.23038463000109305,0.2428016324338901,0.31749462475496437,0.2299981559076332,0.224331747158181,0.2943778294709072,0.31249286941030413,0.25703623267317227,0.24098533516636364,0.22871098550823893,0.2365305808150373,0.2007351073145733,0.27784826774735905,0.24192093520535637,0.2665569897232049,0.23816942474891237,0.31952510136074636,0.27303996749214415,0.21099548281315264,0.3113399222715762,0.22220283790335862,0.26297339650262375,0.23337423974784804,0.23615528892605336,0.2924489688651206,0.2703877146524995,0.2546362402126791,0.2528983008399373,0.2969102433087549,0.31570332061008033,0.24409098477779848,0.2840679847965252,0.3111753738455316,0.27155543391032655,0.32081150243849266,0.24961840264944896,0.25077358995266763,0.2564185759904568,0.2703287943728942,0.22995826856887266,0.0,0.2620128158044921,0.24473442214322558,0.2516720378269388,0.2871925119785051,0.24571851418936172,0.2351167201717792,0.24919526403810702,0.2852021757440728,0.19816085369902997,0.3850271441528538,0.2282004301603924,0.22848450410483753,0.29200036354557307,0.22639612123704111,0.2467739177314645,0.2602749592316451,0.22793287937000603,0.21498815656710155,0.23306610457525945,0.2483279798517865,0.21890942357774337,0.25015816211255903,0.2888649853853235,0.2649581491241359,0.27125943742390296,0.29332626378883814,0.24395666153822756,0.22109449167870354,0.24177761067174186,0.2975890267562595,0.2562663397816183,0.2395531980474798,0.2628997069128892,0.23630868008570358,0.24306816297179876,0.3193133243407941,0.22210705246672544,0.20732148284140023,0.28396643777895786,0.25485735432464457,0.287525577994537,0.2699745085874488,0.25587851581840537,0.24511109451748453,0.2511065743922523
0.2648570605250548,0.25304887374102175,0.255113318836106,0.2879946569751913,0.26507238636342334,0.255006871086785,0.23167984766420635,0.2559822157578701,0.26634686386993794,0.25419763020085867,0.25058941413421704,0.2199519991813938,0.24889007703180854,0.34197902965202764,0.2066383574356886,0.28093254827208586,0.3122061456423047,0.2776478627895348,0.22890987074259386,0.2383827330956561,0.29541967484630355,0.23413858856138978,0.24637680974614543,0.19835564193338087,0.2682940389267269,0.2904518254368463,0.2669140362955093,0.27431707754045637,0.24641858664453017,0.21926296602228212,0.2387470420907093,0.26580441188123005,0.2391297358383751,0.2818242129222142,0.31072999343816876,0.29270960627737713,0.24709374854593277,0.32072808090940386,0.21828012297617286,0.2630420751119769,0.25338478096826766,0.3004401632188421,0.21444356223200828,0.2543786182698633,0.2389416576506077,0.24157459868850742,0.2350068454348281,0.21993202929405806,0.2587957475979872,0.248315944694005,0.2681664371453325,0.329690258726202,0.24692227137630002,0.2544570974913974,0.24062269276873474,0.3088993065988787,0.2666864101170769,0.2857259837650266,0.24605499354985552,0.2797758900612154,0.24728725666103984,0.2839033979202798,0.2603071361407691,0.2868792803336689,0.23455890886039293,0.23552271709360045,0.2957488756341686,0.23816265918874457,0.255788884409089,0.2821828232371624,0.27758896520172144,0.28037986012112687,0.3562914498033571,0.285405506073938,0.30469989947011017,0.2648254811480959,0.25701561257083666,0.3057781538625019,0.2521836743759211,0.2553120249657628,0.2768334108876293,0.29562499835776235,0.2387060522868204,0.29094842901041873,0.3290212954245167,0.28589140047234723,0.27759044995086624,0.26434537737207675,0.2926329684684762,0.2579229977864802,0.3537972352000848,0.3007577645156914,0.24897238833114832,0.2447090657188327,0.35109663497679705,0.2406165927240534,0.22710082271572146,0.30935211699878856,0.3343172491459847,0.30696911960709256,0.2663356973229028,0.2199685991238,0.2812213384019028,0.2341429331055206,0.29782857813902913,0.26765205526940383,0.23780100402882645,0.2872131262711136,0.24899853828833357,0.2209142913775112,0.2635081730265222,0.3073202184672476,0.33401324433254764,0.375696808300252,0.2808726411132576,0.3078404414114672,0.28527104932923864,0.21268576248962848,0.2620128158044921,0.0,0.2778850420686682,0.3449585974322631,0.29244574890689357,0.2729093147927728,0.26959905789650784,0.2303531459206083,0.3654981615311565,0.2297664695667494,0.3098022191215344,0.2536782639931588,0.2951899587683457,0.2966349382573128,0.28786178795709855,0.36867443975103387,0.2191615887100536,0.2095470085723969,0.19774229171777033,0.26768136561327427,0.23294802256811253,0.24521119642310552,0.2223746729769216,0.34038281129046294,0.3268721440434964,0.30396346285298986,0.2954186547656951,0.2830892851785117,0.24992723731576788,0.2455804733051812,0.25878622196558904,0.25769990321630787,0.25967523500331263,0.2612882286040381,0.25062461714189976,0.20969795460087232,0.2844569268131161,0.24101110735869427,0.20445037363969332,0.26488323723320883,0.24729876317247754,0.311637480015965,0.2691146998648872,0.307082492117,0.34193643859288847,0.3081356751151921
0.2975574774157332,0.257692304613207,0.2322743012872111,0.25960443874280154,0.3482142253837102,0.214911140401443,0.2518278784015518,0.231028149556449,0.2742466382506195,0.21964567447281025,0.2719434860267247,0.2229186134337032,0.24935131435281463,0.32400279321618897,0.26222844334747075,0.2811562064929938,0.29773945054415796,0.31055818246331524,0.2322359871809345,0.3126456169425838,0.317781493920091,0.2696375834349238,0.23623961142059918,0.26706292187776076,0.23782739358742747,0.2836807702388036,0.2261535637821324,0.2305121762347271,0.2459574490251697,0.22804457548202164,0.2756304161459784,0.25711506650171834,0.2496718123862528,0.22141542001456063,0.3865780690285929,0.3218806376288632,0.27091160629913097,0.3763766285091649,0.30304555576273035,0.29336979895150267,0.31242349441679196,0.23775824742115664,0.2871236673364552,0.36653209317724506,0.2552890337952176,0.27582386226614264,0.24593442403102775,0.30036940632719905,0.31302690590978766,0.4000514905302696,0.3123221714645516,0.2976127426926522,0.30361602188987025,0.28572373724292904,0.28971753086334867,0.23613819272592143,0.35613973478814903,0.24945167029446846,0.31948574413259356,0.3220131774894064,0.2329790889230289,0.2579922520778817,0.2659576061989362,0.32712213138687135,0.3552272612443711,0.2727640259712783,0.2754527586069156,0.25079732365396695,0.26503008513404835,0.23807223273095213,0.3159528034540529,0.430903837620988,0.2887620154982662,0.29346243791736043,0.2610444497240199,0.2642629097824004,0.27151751287173825,0.29997144979190365,0.2785145253544153,0.24980785995229873,0.2505543863067197,0.3009655345404983,0.2580711264824888,0.2582723365620738,0.3438637895487349,0.29543203704729853,0.24010969028214185,0.3122087900843569,0.24678553747503013,0.25106688378790804,0.35908587661026875,0.2847527778824416,0.35946059812267267,0.3076369386187047,0.3728359706810888,0.23490460964325435,0.2460466741086547,0.23488876824282556,0.3203203791184587,0.26009796201645974,0.3321850535631482,0.23863181584031,0.2604339537382659,0.21323293938898652,0.33021520900214174,0.29149363477339335,0.2623652772574492,0.2379509916492042,0.295659765510215,0.25071174289675746,0.26032836459158676,0.3756316146361982,0.269847000893711,0.29064852879967257,0.3099317348161451,0.2716524435028267,0.24510096902482728,0.28957754441220557,0.24473442214322558,0.2778850420686682,0.0,0.2552037264519514,0.29554387608666854,0.2893339635396169,0.3711851668490072,0.2365719818057221,0.28931196291057554,0.258513276184685,0.2741056572553056,0.35255606757940855,0.22802596166800465,0.2850487815883992,0.2980989696056281,0.33477071367930644,0.3137287177573009,0.32372522566371037,0.2488486030878149,0.3925239732468002,0.2760115807750495,0.2948868181392032,0.22814965545541188,0.3350552876234719,0.31894157533038153,0.2963491298019593,0.35956187152458924,0.2668977076839973,0.30082306421340144,0.24312134457996795,0.2539929482481298,0.2187854734654079,0.3063939026079555,0.2592626118942589,0.33798903547191406,0.24141226754684816,0.25618263825040244,0.27777458078137274,0.23689934932440312,0.24992060782175057,0.29524061236076327,0.2835845547816771,0.23718121281571347,0.3204076304929483,0.28217596247687493,0.359202717743676
0.23671478173982735,0.23065023493717246,0.23159334803061643,0.3150832886449722,0.22118315830713112,0.25996735152856076,0.21853034601230975,0.3363041604921923,0.24472144795496553,0.22525291061749955,0.23225486807335782,0.23013306535774097,0.24543313398191596,0.25578994784823317,0.22137988985422305,0.264063387637343,0.25261750703369296,0.23385135369936932,0.2364462286597984,0.21962700039662159,0.284348120011748,0.21177396922858807,0.21832346595304966,0.1890949130514188,0.2542609993181607,0.3014367113002444,0.234773440188457,0.23027202361134658,0.22477954360312644,0.21562200297991838,0.268554282783067,0.2539428177064882,0.2700274557720518,0.2413349786339565,0.24623342288428496,0.2958152690587549,0.26983070827662453,0.32440747330503,0.2476138232494686,0.23956136446331971,0.2940820281753171,0.23003389695523702,0.26593302238214267,0.2695965608797357,0.260210525847897,0.25639392162471014,0.22987389640985711,0.24548864717638172,0.22920395996824605,0.27101793002483354,0.320405707862813,0.311525414250331,0.2529321136168176,0.29477204712203886,0.2687263273915905,0.27743448674049836,0.2732544634878229,0.30691508431633235,0.23419949756583966,0.2618311588626924,0.3294696790384658,0.3130875605334117,0.30795844881467,0.22017292139415914,0.2379640924426025,0.26618286625475174,0.2855855520325548,0.2538014132405593,0.2581658611938681,0.3358737232618585,0.2978020260199401,0.25288265392109893,0.28261860402633954,0.287338940605696,0.29428642200732275,0.24480415591673935,0.2964436175170287,0.2675103151421383,0.3181622972211279,0.25218503145176646,0.28740405284848763,0.30992991141546516,0.2338085940760704,0.31346917982114,0.3203828467585208,0.2793477463415659,0.34587571638865755,0.3112662314214037,0.2833742746344324,0.24618986054318162,0.3183023188161245,0.2834131663251333,0.2538137863269027,0.248995436715484,0.31551417122479036,0.2548774733538214,0.28249218969238266,0.2742924143375038,0.2496388216079995,0.27808389732604877,0.253825153406971,0.30761630231186177,0.32177800375943694,0.24371029878684217,0.31495389900409776,0.2787471687516272,0.29144247712300536,0.23519241555801915,0.24628769591044697,0.20343354696570998,0.24907751793753868,0.29659637796967436,0.3592658494297965,0.33332333704381345,0.2849451002056303,0.242094102962687,0.2671025211281439,0.20217658839038152,0.2516720378269388,0.3449585974322631,0.2552037264519514,0.0,0.25688551552202504,0.27051533719174836,0.2567043726701058,0.25583806678809656,0.3244709000080523,0.24152114113436543,0.28890651510737886,0.269301900071088,0.2405715057940039,0.30314758196100833,0.3269286017439452,0.2980028302526262,0.23546250005676217,0.21458706723484922,0.19280459325880775,0.24806647095771747,0.2152264925294733,0.29649881987780724,0.2609460610164644,0.264582144665204,0.30575106883231035,0.29575622397292506,0.28507435948416887,0.2624069494213058,0.2632777172238019,0.2511202370910164,0.23498743454871,0.2046949489659782,0.3079633245615957,0.27726831113118183,0.22844715400377238,0.21097340211385668,0.2964530201755414,0.2769524433724746,0.20166812783500518,0.2734041638612809,0.24726719876511208,0.30086512249359143,0.2619001473112809,0.2907945103470498,0.35569102318752255,0.24132393631520235
0.30488713553438535,0.2700189596782611,0.22396204604347927,0.2518087382785542,0.22951651215525057,0.25698066115945134,0.22535492178523475,0.23620127638966804,0.24841964389982285,0.22539182641060818,0.25351233282745983,0.22551995428517826,0.26241785383568444,0.29495267411994414,0.19619476357238488,0.2690014044042971,0.3147713583971356,0.2734197372422098,0.2590436536380022,0.31019845109744393,0.35665511010487766,0.22921499633896564,0.2764963217645219,0.2448129220295269,0.2969070287103132,0.30295700503220985,0.2132089410329276,0.27018072919426894,0.24830074447246503,0.21741467258134833,0.23188251464026258,0.2876195775599951,0.2271569265700088,0.2977126933955437,0.3203737481474405,0.28121718465562334,0.29338357464326253,0.3116549098352339,0.21891274976701955,0.3172370207463838,0.2587767346008402,0.2963455115168484,0.2627050436180645,0.27730323166921717,0.28827613110518585,0.27515311793705755,0.2767497946129576,0.2709453795688319,0.29810618545013023,0.2821259590370259,0.28310371723735317,0.35366111453518345,0.26774603812995795,0.2532325922769844,0.2396402212944794,0.3239596384966009,0.32061614060716537,0.2533582339870953,0.27695759837941214,0.2990042140464147,0.25698793516627255,0.25873364027213364,0.2808539857718207,0.26999777769055455,0.2618133929026164,0.2894806204845403,0.2983835097585381,0.25049628996979795,0.2502811296729062,0.24625701264971075,0.2898510232814252,0.2958731941062097,0.36386745204833454,0.2864670309027296,0.2748979814533984,0.3107127111444828,0.236769068549878,0.27318140781854644,0.32100117286878704,0.3101900134604556,0.2885578848972058,0.29120072373693096,0.23931943649008974,0.2852687851942911,0.4067421906746925,0.3150386038749872,0.3166607093213975,0.2677385403241439,0.2669292250836395,0.2655303276098295,0.3014081874267705,0.2967955505040446,0.24866315671113542,0.30243549385972196,0.3508774149366439,0.2295994436156408,0.23519617602011542,0.34332183873194233,0.29592817642257346,0.28637127403091767,0.259551197907671,0.23553636929551597,0.2882152680830408,0.22483135427172501,0.32950591425661163,0.29526804224635317,0.2591426194792891,0.3030248984911076,0.28292253563088343,0.31488717994177406,0.2857901811779911,0.3470811744407583,0.3750535357972359,0.26784972963510445,0.3087319971661601,0.2712028052208504,0.3524944444710227,0.2248493333602879,0.2871925119785051,0.29244574890689357,0.29554387608666854,0.25688551552202504,0.0,0.2713208335380254,0.3561613015390034,0.22581070848901474,0.29951073456548283,0.2186305862476266,0.33088346085646037,0.2577063326177973,0.2539963263234276,0.2776119938238165,0.28378499547457153,0.31975477322851364,0.2737168481170156,0.2351032178376298,0.24850978842112353,0.28139258523600824,0.2729566570068952,0.259125919561554,0.21192814551253505,0.3431348496849691,0.34417208566645097,0.28874959265665096,0.32593339601116295,0.31347813403886926,0.24138112657090907,0.21756861536853012,0.31886743767584314,0.2421401809367422,0.308434965585529,0.2638099731064283,0.25355236573788353,0.2167520258007914,0.2815984515530767,0.2668910784025146,0.24290173340040175,0.23979014127462633,0.2522890112745214,0.28531472451918943,0.25396774053611126,0.39861473876515535,0.3027281135908237,0.29297025210412003
0.38026533514838967,0.3604655670846345,0.29185165320118894,0.30661255770278045,0.30207331801940873,0.3054294298624003,0.33595758878207477,0.2996900319545091,0.2754082190707591,0.31078826426657263,0.319030390789746,0.30276262027639617,0.3358253896184851,0.2890816858741092,0.3433405578136032,0.329466894875118,0.33434814598981427,0.35203416046373504,0.3233151698059108,0.3224063529120249,0.3868665584957698,0.3022454673632849,0.2973164157478419,0.3382517246088174,0.36433411819178524,0.30493408760450275,0.25977837259974024,0.31697045499346144,0.27740596463299283,0.2984122662853148,0.34672594826665387,0.341514838792923,0.3321351637595188,0.32593950367396884,0.30000473852995485,0.27244311560093726,0.4019188249551677,0.3102665245380382,0.29547030806468144,0.37579591562419196,0.31298890602819407,0.29053748851857303,0.29842650084622613,0.33846744705783266,0.339179462668246,0.39653808337442853,0.293742117574037,0.2923608532693683,0.36121884102036744,0.28716518998651064,0.4446922443580312,0.3527237973738342,0.2752330477373492,0.34580391495038415,0.29952751330891747,0.2893532162526792,0.3829495408885053,0.31157702207200366,0.3182625931528538,0.3626059652343641,0.30648566217595785,0.24904617680200114,0.30890288587448567,0.20905681923710528,0.27374253578299373,0.3016113448250357,0.33728242851696366,0.38706191739659257,0.272462274438328,0.3492263596042303,0.3936987877962431,0.2923283293038467,0.2563938962025905,0.3765012423583765,0.298196394353717,0.3521964275842205,0.311631808340359,0.4014573084167028,0.3288034547456367,0.29696325588306277,0.3239508408853384,0.3366938549213124,0.4384547755233007,0.27152444057465547,0.2905712544792287,0.38503449942531226,0.2950792410542059,0.3218132767127721,0.3693776553532419,0.3047362747466161,0.33701310990283295,0.33132673080765834,0.35373731130943087,0.32991935549228874,0.321860599396957,0.318746789366262,0.2568989722215091,0.28584844374480506,0.21845123269060487,0.38669851841540315,0.3153898671257827,0.2724921870451919,0.27355471836158507,0.2829778383098234,0.2942745262720748,0.35824234180267855,0.28676604291584973,0.2942375072171561,0.39022167969245514,0.3525125908819682,0.3692503630661954,0.2705184681378343,0.3128176096350219,0.2795332105237358,0.32676009674193696,0.33463651072133355,0.34262721895127873,0.2644934192127753,0.24571851418936172,0.2729093147927728,0.2893339635396169,0.27051533719174836,0.2713208335380254,0.0,0.24277901538980504,0.40692575911857637,0.24594661402725948,0.3039717430915808,0.2814967869447621,0.31480340156124303,0.25787552044321466,0.3057981040482912,0.2787841396478165,0.2845316267919719,0.27375621014084434,0.26942829871048146,0.30546384141237676,0.31624079119312914,0.28148147372825383,0.37047879395051403,0.28278921446353045,0.28946286242630287,0.4046127179577239,0.26049882982455574,0.35784162666324154,0.2927937774065046,0.315230563217769,0.36961005536386793,0.3293289275732645,0.17916324196865033,0.3363884223649636,0.31643969941600364,0.3028260548997452,0.26607050845513364,0.37258875234624395,0.40086628805842994,0.3245540031356412,0.40618386520832345,0.2790880227798868,0.3158809858658909,0.2891765499119396,0.32444145078294745,0.2809512182381405,0.3571747203534251
0.2793602327581967,0.24705341196274874,0.19015172587775112,0.21697879889952387,0.25377825748480815,0.22882436743480788,0.21829769393500775,0.20596678446311217,0.3132201631145365,0.20071131577857423,0.2241064626550304,0.19142730978414754,0.21755191720129177,0.30638577890914187,0.22089050539441893,0.21770715709455465,0.23051880242004272,0.24804899688293175,0.2221570707719541,0.2765408923725003,0.25789278983287844,0.2380887459604702,0.20181301226483386,0.22036408697684284,0.23315192746913746,0.2285767202189104,0.19008413905560104,0.20423790207386577,0.23868888646761482,0.20427675500895867,0.27381453203933964,0.23820376202052623,0.21841940560385734,0.19940711956789275,0.35036027712058565,0.273193928414087,0.24465095409851287,0.3149946088166343,0.25192188601598997,0.2360765670027121,0.25265893154967006,0.2416290067902328,0.24351725887179598,0.3014852083738376,0.21917174555910646,0.2102132258890685,0.22636117151989035,0.2622724920612846,0.25163462224007127,0.2953616720250389,0.25390737212973163,0.250420449064337,0.30221717200923853,0.23943786017835955,0.23922302342115834,0.2827351368602941,0.28374880312493744,0.2103839615737456,0.27702288162070937,0.23860301613325977,0.23381371496753114,0.2623412180409073,0.2445847905738676,0.29159873242083584,0.33352763144777414,0.24807117615814317,0.2574582762033271,0.24283703284984168,0.21922199712806215,0.22319689518173624,0.2955585861346051,0.35123588800144223,0.3293715193816395,0.23035325480060384,0.23547690745645156,0.27438330852734044,0.20629350428410315,0.22938316507958803,0.23993266510423145,0.31507163166488905,0.2718114060079729,0.31261182445072,0.22912686029123075,0.25083951984757147,0.3334841696300087,0.25799223104496943,0.2684303632048532,0.29262662486991464,0.22151681764602593,0.24349391241217935,0.2615912708651227,0.2900643732051962,0.2767026757641139,0.28909152273577104,0.37986142555877406,0.23317505796218876,0.27153646961710776,0.2395807703491932,0.40604494163646454,0.2223038060297291,0.34402528824114875,0.2028135679594442,0.25926821652853627,0.2035786713089932,0.322053259503412,0.2141798765908043,0.2183077318338257,0.22134449535340656,0.2280854567686621,0.22853678013760986,0.22484309683858783,0.3539264767375239,0.3039555424421369,0.26278406076342486,0.25960822899081154,0.219516247815744,0.26784220977970186,0.231609283560066,0.2351167201717792,0.26959905789650784,0.3711851668490072,0.2567043726701058,0.3561613015390034,0.24277901538980504,0.0,0.2062116906505907,0.2867445863639609,0.19235140484327934,0.2337587432548347,0.27198355234882976,0.24001308873926175,0.25322098191526204,0.2894495349406886,0.37096584003715216,0.28430025128036895,0.33299080839454426,0.22198273477037764,0.2934753478483467,0.22452965985872206,0.26362498282001684,0.23965505330349363,0.29871481913575904,0.2983577079159779,0.32091365472344363,0.3046095185757097,0.23999817705142285,0.270973966822881,0.20777725463288488,0.243824043844715,0.21678458918782534,0.30796971644258764,0.29299206105180764,0.23713663265348242,0.19014194464727482,0.21943712448330896,0.2639252174112753,0.21124101620631588,0.20793703249565867,0.3229474456075793,0.27870125230728443,0.231531510653036,0.4190474149810384,0.3088982985733007,0.2973395665468015
0.27698495827700265,0.3702656708675239,0.3152992834197571,0.28516452047720486,0.23111561896153904,0.313252741423995,0.28050372730144646,0.2813379928067864,0.22440981110078467,0.3171179723212909,0.33271005461167524,0.3520001562598849,0.32201327398487556,0.25534160683360657,0.31364886728187846,0.33595227868962035,0.27601732429077785,0.27855335883286747,0.32286611750652644,0.26688711399760334,0.29835598534532054,0.29776072774712453,0.24078617143193976,0.2761547411428643,0.33373017217548395,0.28409163118754094,0.24027817141644314,0.26013217477120887,0.3619048103350087,0.23998772962410825,0.33494612059712875,0.33026179794349275,0.3610778003209451,0.25862971559435477,0.2604333105737112,0.2725753239983323,0.3420970031795097,0.28822842237870255,0.3129037907649126,0.2950921781629741,0.3332768282505336,0.21842006627080748,0.2714592308040026,0.3100090094110201,0.33725454700842045,0.3099480416061699,0.23531350681890287,0.3092697601189722,0.2944617280797355,0.24954370957122524,0.33504570012170437,0.28833970739308934,0.22192874045004712,0.3999281658147075,0.365411446987259,0.22645772947442347,0.2833876425845042,0.31238445559319217,0.26939308099245823,0.3011016188890913,0.29805042797056513,0.2185348507291452,0.2576634172351778,0.19872275000423947,0.2110857743023417,0.25338438545832204,0.29548042794490303,0.28762277982962103,0.26297669869765483,0.3036681818375863,0.30572898767112267,0.24947532209332493,0.21466641244894855,0.32758229186449395,0.29378728560284867,0.285336716510218,0.2608444116074383,0.3321036808823254,0.29121340903424625,0.24086374079397016,0.2589220654251307,0.262139340473366,0.31520765285092933,0.2743479581130524,0.23308143220050828,0.31629051228910743,0.2622745573285048,0.2729606170092403,0.2908429850859423,0.25272525434216925,0.27888580314039413,0.2679714328643507,0.3175835816882051,0.26248649591177414,0.23962561277413774,0.36000387149257274,0.24195322041886985,0.25700035409678373,0.1869212285361723,0.3131118294532563,0.2821105321100953,0.25727978346679636,0.24786186681806646,0.3154793605716449,0.26047702948825424,0.2825316161312303,0.2658354092101254,0.24616514884507215,0.3252610134075716,0.291742097971306,0.326379620117843,0.2242882648898435,0.25963959572221523,0.24369893101870121,0.29083423583658713,0.272094031845682,0.2730294748397998,0.28065957151247245,0.24919526403810702,0.2303531459206083,0.2365719818057221,0.25583806678809656,0.22581070848901474,0.40692575911857637,0.2062116906505907,0.0,0.20102604449161393,0.3053884203795989,0.31582211179591096,0.28708392666422733,0.22487598287326957,0.2612723530798687,0.2518856046218051,0.24017404959391284,0.2815089374232706,0.2138646659093957,0.2742117545207996,0.283061362287644,0.2837640295044424,0.33472523948679805,0.3138045545448866,0.2653635349455013,0.28686084200337053,0.2305060686336533,0.32346351948772706,0.24304853915338615,0.2576650923585683,0.3210607770519114,0.33125348372431607,0.1786912495382433,0.28524860821381165,0.2909605528691139,0.2545692847139205,0.24731389375320714,0.33728321277601186,0.3047445160272313,0.2719797994799697,0.32499601489681634,0.26138052473717893,0.25242997931596706,0.2574853081219135,0.2842545234421787,0.22255209557735378,0.27310603457145594
0.24213484671778743,0.23426219789826072,0.2348313768379629,0.265192250363215,0.22035370639986637,0.2575402672363041,0.21166894986317789,0.23879910965915288,0.24602797658205258,0.23570543146437417,0.20505470588968466,0.19759891312146458,0.2495882898052849,0.34244644837386173,0.19212531531068608,0.25844785446581026,0.29693838372520864,0.2506018529211808,0.2241008864862176,0.24036938550851736,0.29309383348916374,0.21707026090906406,0.2160933231990817,0.1877185467435503,0.23378857111061832,0.2601581698354026,0.22195946286086932,0.2442112697074842,0.21295964145414514,0.21466404329217698,0.2163364777175599,0.2973182845153272,0.2221894040944927,0.2449860836504071,0.25253500248850297,0.32079722807873623,0.22205973691849049,0.32006181539196993,0.21413750402225354,0.26036963069508895,0.2586959292400244,0.25482935793562367,0.2358485683542639,0.23608264720962008,0.2386493698970444,0.2576799649852418,0.24685774836424862,0.2057101938387164,0.2395801171045643,0.3262682886792285,0.30203673584864527,0.29855429024742297,0.29229924472789515,0.2532538115816862,0.23267594333220695,0.28737707856032496,0.30576640446524594,0.2409267071250202,0.2944307903343812,0.3296014189224355,0.26215214192312536,0.39721490097053214,0.26883204504343894,0.2831622544712614,0.30050783757603666,0.2907076598440059,0.2883419689640144,0.2379234016070131,0.2685917969118281,0.23023557365133926,0.2807321565375458,0.29118908558371187,0.3799940807609033,0.3041219257190051,0.29516171793127616,0.24890404786648804,0.2761211940657208,0.24735804339369089,0.2541971589579012,0.2890672267268818,0.2949551675839783,0.3088806003126,0.2214650079423412,0.2883922696587851,0.3983821714623253,0.26817661779094293,0.2450093708153567,0.33420192574002844,0.27562970495187283,0.23884327725139617,0.29433719938949765,0.2865575638056264,0.26993384047834973,0.286031797067333,0.3844607030991864,0.20196489060252482,0.2618817267260696,0.2606084466296455,0.33587423787487153,0.31445020113880956,0.26806692823790007,0.2549867327932535,0.2976813729698062,0.20587766437058005,0.34476657759973744,0.2790675712163528,0.32671613854014303,0.2359316501040426,0.26132194173529727,0.2095541466470506,0.2402395030483793,0.35293787379251407,0.3775604192904333,0.3383961616545243,0.28085462905072156,0.2644906854094091,0.2599382289876857,0.21492297339231753,0.2852021757440728,0.3654981615311565,0.28931196291057554,0.3244709000080523,0.29951073456548283,0.24594661402725948,0.2867445863639609,0.20102604449161393,0.0,0.2227181171320705,0.29177286148080145,0.26585073462261966,0.2711293144934595,0.33669876549294425,0.2876082557098196,0.323163316459105,0.22150882537128483,0.2262310663659334,0.18951654361663917,0.24104361400478727,0.21735136993193324,0.26332881175691464,0.20394524051861448,0.3629910079372695,0.33895449632553365,0.33912811047504887,0.2668198383054879,0.2584224942349029,0.23528343908488372,0.2601303684441208,0.24158378942710504,0.2615882108572168,0.24024064126082065,0.25054189684850187,0.24549087769206118,0.2401647587888414,0.2420791688913642,0.23818817475361745,0.2065409395278907,0.2393041265528155,0.2258102360072628,0.3636975652419625,0.26136072484610556,0.2794279038262007,0.3534718710939906,0.24471642286621895
0.24403117634767185,0.3080248800583184,0.26408967886279494,0.2548420688950802,0.24016021589633907,0.24547797466651977,0.27845817854620597,0.33070419265814616,0.24659203535362795,0.25175474693625055,0.2803171833724978,0.3101631727933014,0.30169869045091013,0.25614031169150026,0.2832582588626358,0.304802401453367,0.2475945839109409,0.25147308692359266,0.22567511099197168,0.24202084350779515,0.2771610250381858,0.2861563049086631,0.24800100431548644,0.2839310050584304,0.27301578402580834,0.2736034819618887,0.2742346238781938,0.20848006366614424,0.2303399270478935,0.2574257951144228,0.32110642967349773,0.27046574900497516,0.2724433959258184,0.25154927345727685,0.229709375016372,0.2874198728579072,0.3518866232287015,0.2716969224421926,0.2994252837794227,0.2604764355215342,0.24704326023057077,0.2462329618841535,0.27210643898248943,0.25888466742031085,0.4000355738182538,0.296895094865236,0.2648122809207072,0.2670971411025208,0.2655793248100424,0.24501872171505149,0.2804506573039438,0.2244690028194156,0.21071426036372393,0.29465713616746886,0.2923280306798427,0.2427904413793433,0.2516208930670616,0.30498717617753557,0.2531263576177552,0.303582419350635,0.28098434017416224,0.22722253087010602,0.22917774467952268,0.23486562546187745,0.20561083528435628,0.2252060225378742,0.30088762584130707,0.29291442000595763,0.24644202833476578,0.2849680383882461,0.27499486487758,0.2447257071959361,0.20600658145077383,0.2906626428279011,0.24147155050532498,0.22903549790813246,0.30700671110730254,0.34131651123739076,0.2533020922766334,0.19951459809904745,0.20512326301475917,0.2501542891673252,0.30436372549339064,0.2336542805142486,0.23265193976392282,0.29631699721815935,0.2727679155597019,0.24781767195955431,0.2643663065512217,0.3024230203654913,0.262157459367804,0.272497487592602,0.2689435841639395,0.22556086155678493,0.23400878411457615,0.2981933093483907,0.25065625294489835,0.24999405919150974,0.21152374951682223,0.2698567947674012,0.28483543830859703,0.29556498934791625,0.22062338695423886,0.22985378130124154,0.2506785457421055,0.2982528848228123,0.25651718345004587,0.24260907655664588,0.29187373925762394,0.3241894257936428,0.2637323286891615,0.238153103175456,0.22053319608236346,0.24564478209017654,0.25001303273788666,0.26676774134649095,0.207176103183011,0.2331595237830787,0.19816085369902997,0.2297664695667494,0.258513276184685,0.24152114113436543,0.2186305862476266,0.3039717430915808,0.19235140484327934,0.3053884203795989,0.2227181171320705,0.0,0.24231991572710868,0.2670695703689079,0.23765507051735396,0.24815668108441682,0.25739752729307736,0.22156238991804125,0.2664216423140691,0.19460454690839432,0.2740083422835281,0.2524974493928549,0.27890053683663363,0.29797929089078956,0.22294077522113132,0.2882490416710678,0.2733806574442897,0.24547607460728177,0.3041760011429743,0.2506078294070769,0.29988896432240797,0.27294842775513034,0.25336145656511216,0.18802986212036676,0.24882611165125965,0.21827139595421705,0.26271114580418203,0.29804622586509844,0.2813201065467094,0.34502995169977907,0.2567708656238135,0.3130228941913988,0.20405749851586055,0.2198281096551565,0.2155958186946078,0.21832098511736212,0.2235327992382199,0.24497633186351028
0.2465377760999401,0.3179117803841184,0.3010987228367489,0.29550266004904274,0.22961774834747276,0.2818805338863407,0.23033669049658045,0.284531117695252,0.20851518772222186,0.3164625138918181,0.27594711789765985,0.2785327760513042,0.2674097393403559,0.2963608507312673,0.22214063651503652,0.3306120099170378,0.36419579098428584,0.25548965667571755,0.2879812858030269,0.26723523438195773,0.3552678706475351,0.25813481681902267,0.25293517460867837,0.24060026388394784,0.3355841945741111,0.2997254928869728,0.22252233734563018,0.2935390530004894,0.31917817934891773,0.1994952465409802,0.2487395826120617,0.30929722543087806,0.26395688384593774,0.3149362803212128,0.3161472800250461,0.36507234123682875,0.26375811426577095,0.3236646137312422,0.24439135842003257,0.295564796040402,0.32983517896147824,0.2518447699636609,0.2617247761832544,0.31094981199067373,0.3153865083736516,0.2723255249532204,0.23891420836513738,0.3010977740869926,0.293537878291139,0.27606791035841555,0.29181858832817914,0.36432975477646,0.2394594789337742,0.363270751469586,0.3413467442435717,0.2653419739540358,0.2843031349892101,0.28338759845246836,0.28585716088073987,0.29939713995877426,0.29017534765948244,0.24898749300543388,0.2815276725477231,0.27599940023169633,0.23052134678131914,0.26111870081962174,0.2609515705220327,0.22820967784036186,0.278693986453657,0.26462714407156324,0.24988428761070158,0.29609818485722694,0.28173005519729666,0.31703874649504893,0.3050949756289273,0.24535639709171106,0.26453529789458397,0.2977055695324245,0.2948784464700792,0.23462884968769052,0.2901542552432897,0.2545771638665278,0.24947825289838232,0.33269869995554974,0.3390975270038185,0.3121865519662677,0.25251785357379414,0.24526736641365443,0.28014271652516615,0.22893222061687057,0.2793385224648808,0.2753608344664815,0.30230515102142297,0.2612697249230136,0.30561454542241967,0.28532392295285514,0.23245814199508874,0.36083387512991466,0.23069929234405526,0.31041004351954005,0.2723084314687346,0.2590987946521969,0.268673590204591,0.3019434282724388,0.2910323890708846,0.3126182420183623,0.29764321368776336,0.3170060957652758,0.2831231273939896,0.2838202626764669,0.2984103157996599,0.2831975839027433,0.3210049670316232,0.26419239437584224,0.33161098420764445,0.2852915934130401,0.320124838855772,0.25422349301483543,0.3850271441528538,0.3098022191215344,0.2741056572553056,0.28890651510737886,0.33088346085646037,0.2814967869447621,0.2337587432548347,0.31582211179591096,0.29177286148080145,0.24231991572710868,0.0,0.2685519491714491,0.24847660998122514,0.27870045056369724,0.2538867573285405,0.27329098343980934,0.27351099645384164,0.21739512136281816,0.24040341782650881,0.2901986529760015,0.2914142009302608,0.2526596495648126,0.2536428126506616,0.34246817171811617,0.2936089709760196,0.2696700478729754,0.3271353026062861,0.2758846711486497,0.22821560715373948,0.25917174147073746,0.38412132571817037,0.26051117022074405,0.2583061941658107,0.28303697482075885,0.25813778097560347,0.2509399605813708,0.34981787951845666,0.24559686485938725,0.21287485836531642,0.2965034493597606,0.25159371374609163,0.280473686462859,0.29121589178990237,0.2819809828731771,0.26155566162567867,0.24727793738790713
0.32459446481657667,0.27141624101764555,0.2562894641496801,0.299372977371402,0.26415902134552033,0.22390656564378908,0.26787408312015376,0.2511461330164609,0.26880719923983437,0.24038493904815275,0.2618981191906755,0.22215302987998983,0.2976700689493041,0.3387060377832595,0.3234745415953823,0.26324723532561634,0.2851905568456909,0.36377865639453,0.2550329263823876,0.33368244530700936,0.31044904348243857,0.2976053723618182,0.2401848931933688,0.2743848203728762,0.24845997508833503,0.30919972363710135,0.2520983379303321,0.24404114187554807,0.2553462401878066,0.22528069432315181,0.28451977357404135,0.2835449964134484,0.33616751466485784,0.226604569845331,0.30422573449297347,0.33493911647376057,0.30197862535034364,0.3935164608771935,0.27609386445172357,0.3165919347788262,0.3887390991532044,0.22363528890807563,0.37487699456384177,0.3215918418526169,0.3021863093887791,0.3444153602989415,0.27792632316911187,0.2923542227356227,0.3107304947908688,0.43136449302887175,0.3528686391887302,0.30635668979704955,0.28737513301425577,0.3317675483175605,0.29463786150569476,0.23357189905347145,0.3725989184012326,0.22948428754917502,0.3574290470881907,0.38472454034929837,0.2774544252557714,0.30147661943368304,0.29181127785960814,0.2872347265464832,0.35651924378645505,0.3132906847869156,0.31654393966240313,0.3198001135034505,0.3443420124880429,0.25786799415938866,0.3933830672616596,0.4102126145566043,0.253878179594629,0.33228199819300486,0.2967575763315396,0.29013983257829984,0.285360134751507,0.2913936548783467,0.3374409501080174,0.22652584078992843,0.28547131356576794,0.3320829555308693,0.27247249054991207,0.3049014222589109,0.2920317664465435,0.3323389462032531,0.2547480098634097,0.3721932638888242,0.2962953320005373,0.25134859293354334,0.3110380797668958,0.2745439460028171,0.34634690124847894,0.3122722927039366,0.3197634249654358,0.2661151640861764,0.30431905428907113,0.2389718493101995,0.2722673238693568,0.30095164147278963,0.3435577323647414,0.2645852953692637,0.2679552469863906,0.24676256942218944,0.34808171075321254,0.3299364628104335,0.3215617766817814,0.22042157111402402,0.40043489022632717,0.23564058189980952,0.2644996373058804,0.3308119314895537,0.28671973308580834,0.2920623864141222,0.337733072283633,0.24759290781535,0.2636203780937822,0.28670579692558595,0.2282004301603924,0.2536782639931588,0.35255606757940855,0.269301900071088,0.2577063326177973,0.31480340156124303,0.27198355234882976,0.28708392666422733,0.26585073462261966,0.2670695703689079,0.2685519491714491,0.0,0.23134249388847608,0.30307228717003143,0.26023866719060257,0.2905420493352181,0.3122843754196119,0.3255380534400877,0.27578532969722347,0.40159942957254025,0.32540723989790077,0.3532697297628965,0.32275405134818413,0.2976333689279939,0.3033710423281551,0.30206042292986257,0.36855368637700153,0.2712899943182067,0.29293677153858033,0.2935375777209079,0.2639551013889829,0.19473498515849938,0.2981190997248902,0.28520202939110156,0.3230511740718476,0.2793102485317361,0.2635335730245342,0.31619457815170243,0.27207301034579257,0.2581539073785663,0.30198462261060566,0.26131163881022273,0.3248420423258228,0.296555085089978,0.2847199686076753,0.2828147584166916
0.2527704524521078,0.29640721400246317,0.2702729230769621,0.21158495327401988,0.2276171277536745,0.2925064980957637,0.20990943780930765,0.312393545161193,0.35880547827707404,0.29932076708367805,0.21261329435689433,0.23687291188306503,0.27790009996009246,0.26916811031534504,0.20435562211911368,0.2794012736951114,0.3169466918795518,0.25470178090773193,0.23138925506302294,0.2549390473919836,0.26660875749431767,0.24582126385734265,0.23077362744337868,0.21799805999618443,0.2743228335861885,0.2068673917674136,0.27464266758193256,0.27411060216483735,0.21541178763869945,0.36279529073410427,0.2682193247144675,0.29077990349849403,0.2155972295435003,0.2353807847079744,0.24460680441217506,0.22303439230087935,0.24390593829652157,0.30278590237165337,0.19514093695111573,0.241979129472787,0.23100846983071627,0.37373118267606253,0.21451070826505042,0.21264321323463253,0.26180289035457793,0.23196077398929094,0.2816278044371566,0.18821091609406987,0.2448165316634879,0.23260694971368506,0.22600697138501039,0.24473399525525633,0.2236675332628357,0.21223520457135706,0.19941063487657756,0.41822821331236143,0.24166676608023466,0.2739650886410379,0.23875470091037654,0.23860618161159486,0.23963695033415364,0.22885369871583613,0.22776605667066452,0.2207243871035406,0.21104481659759106,0.21449354139519158,0.22903608801892558,0.24703714077237543,0.2538650422811678,0.29252766585897416,0.23913947564433682,0.2401126404044827,0.2629972248840003,0.26382355829389875,0.3443593182109506,0.24804981091351408,0.21630440916976834,0.25995738302465904,0.225876777908613,0.24817053528445177,0.28917878824100807,0.24269871045138539,0.3360894230168413,0.2777684441072981,0.27036940216962707,0.3285355255666226,0.2525933872512622,0.23149669496634137,0.3015721170861739,0.30822159269435623,0.24299830142436948,0.2708431354806906,0.22988187942536958,0.22052164930846616,0.2630452055205412,0.24566981665181947,0.22653057349814526,0.318210108690782,0.22675669930901668,0.27115178810660584,0.2210009506126557,0.21162854358925834,0.20828457357357075,0.2367964535802188,0.2581116379062092,0.27403107923675935,0.2408751589321438,0.3284279291485188,0.24772048637668612,0.2501088119329608,0.21330983319394212,0.23728182780472354,0.26474626749395835,0.3172909567595447,0.2203840613645825,0.3309111889668318,0.27751981004552884,0.2058789627885368,0.22848450410483753,0.2951899587683457,0.22802596166800465,0.2405715057940039,0.2539963263234276,0.25787552044321466,0.24001308873926175,0.22487598287326957,0.2711293144934595,0.23765507051735396,0.24847660998122514,0.23134249388847608,0.0,0.32309011412324684,0.22674716478862542,0.24799500531151777,0.20283216874677606,0.19882597351885567,0.266163378300323,0.22057657268985453,0.22354932376618525,0.25927048801601754,0.19431757112762552,0.28629716089143314,0.2812611031983235,0.2526133998416573,0.2546783724514081,0.2432743649920693,0.2811822427743086,0.2641689256302021,0.30206533333343477,0.24690402823379407,0.21203407037687985,0.24472228726711248,0.23678499867862676,0.28891129094768137,0.27129474827711697,0.248825529486466,0.2270702788398582,0.3047965763823729,0.19517716020128276,0.2516769349422429,0.25138712083429476,0.2787200842268022,0.2817537642751257,0.2328200136865463
0.27143843023872205,0.2561617616617081,0.3484615001702685,0.28551347377374386,0.23944742941623198,0.34699739778552635,0.20678922598124816,0.30872559885907513,0.2796779581818913,0.26121454207214345,0.28950115425409023,0.23744034032634795,0.33264604894163824,0.27606507918937284,0.23093423889221484,0.38576927279502476,0.3909770556708067,0.27024291480861296,0.2791222562334308,0.29839564839228444,0.37922213840589847,0.2782124579535488,0.20987856838707972,0.22274682387743874,0.26664051165720337,0.2775310144540341,0.2356133870410143,0.2924494154324476,0.23238030642963556,0.26680491412154766,0.26573196128514576,0.3619486603937604,0.26251315530112884,0.23494481002048498,0.24848649954205432,0.2656261618935169,0.28047211969202607,0.36201702620312,0.2585612286374874,0.2694944620669237,0.2715156097674684,0.30135428480439774,0.2958945132920644,0.27201542424601555,0.2697720695683415,0.2826733826467758,0.23980773825846008,0.25829032741138847,0.25555340624307854,0.31643028578564913,0.3298328730424708,0.32447265458502333,0.2551515516716945,0.29816263406956994,0.2501076263830034,0.2768792292597812,0.3409255357395085,0.3358402463690787,0.2803503136558247,0.29277653122316055,0.33922801229246363,0.3124236421383432,0.3480632449492152,0.24600193706444592,0.2671856041263703,0.3174655981270577,0.28731025659372417,0.28561147359333233,0.316933720946074,0.3233405774204484,0.3362920777593798,0.2545520729667087,0.30523353152565363,0.3943275348649681,0.44182629030241544,0.24536122726121634,0.3464193609291223,0.26785009291395373,0.2813300105090215,0.2759744014635952,0.3760333570826784,0.3005535856588769,0.2806604101934679,0.3461913205627302,0.32497786258079436,0.32101595844048453,0.3157289003679254,0.29330439466816,0.2930916372409993,0.23725161709022552,0.3046512644556442,0.24093179973520873,0.28002609926369204,0.26821398843982425,0.3072796830957368,0.2388468536864982,0.32660970216910906,0.27723640024634344,0.23826126744705847,0.2804034504813297,0.24578582206182287,0.30852498189961874,0.24726727731808673,0.22536620793611337,0.32228430102236194,0.33155804272032735,0.3891507956054933,0.2807745755461869,0.26500487456299715,0.24596441755320297,0.2771570107016576,0.274008989239434,0.3490886601475624,0.38938314265071894,0.2606057939671787,0.28915504452636787,0.29368338240763775,0.25361457528653314,0.29200036354557307,0.2966349382573128,0.2850487815883992,0.30314758196100833,0.2776119938238165,0.3057981040482912,0.25322098191526204,0.2612723530798687,0.33669876549294425,0.24815668108441682,0.27870045056369724,0.30307228717003143,0.32309011412324684,0.0,0.2824838008321312,0.2828335074383819,0.2879193671352173,0.248850851974839,0.22316350395203977,0.23422213761164834,0.25045428844524686,0.32106653532334617,0.23989856746394814,0.354569514052491,0.2893794865568252,0.3245181686536074,0.3126626289777737,0.22859446578507087,0.29816229167343705,0.3027996267432963,0.2820823772352361,0.2610167352246768,0.27737107146713114,0.2618422882431396,0.2993262666489082,0.24754114827360751,0.29210103578392793,0.29070675340251845,0.26594171859866134,0.31178878171557695,0.20747155930750463,0.3080400945329508,0.29381108395557465,0.28473372083841764,0.33164712558711795,0.27204410725098144
0.25942672818785667,0.2335569372045842,0.2150660420913437,0.28533486764461885,0.2005983131513845,0.24078263694126148,0.20601382266194923,0.26929063452910534,0.23785915953947914,0.2204295391786157,0.27961708397263,0.21038202799465403,0.3022778640038142,0.2975947496753185,0.2001937198955611,0.29536706848190536,0.26215960164765884,0.25307830356367095,0.22396603733240247,0.26308358194842446,0.2523854687693752,0.21481048658774543,0.2182310672575465,0.2074640114297842,0.25027486579194574,0.2819597345540854,0.25495684183081574,0.25243616704589605,0.23993408364076466,0.21856391122074026,0.2434401953334421,0.2879026604892178,0.2231824504179624,0.24178741704920886,0.2592582039485449,0.2554783672831955,0.3256675972674512,0.3268061139036807,0.2616390521991367,0.2530254415234042,0.2245555965703856,0.21721448869896115,0.24314805528321082,0.24296066696605953,0.27398409493931186,0.26752427848432814,0.19065127535670595,0.26204846055573644,0.2565693431922251,0.26284451028670114,0.2866063661673847,0.24622242643945585,0.24826731047491818,0.25860619413226393,0.2837866947874371,0.23920982367653318,0.30101539672812383,0.25484632456265566,0.2651472664457862,0.30243175789979676,0.341379935980104,0.27643324195143754,0.259673822388945,0.23226739917626477,0.23390369235323888,0.29405511437253345,0.34291242990441884,0.24994896414692724,0.2522293332971616,0.29621420143926036,0.27295634808935265,0.29721175792787663,0.30943030277998096,0.30660551874627057,0.27737937927767614,0.27395666102077076,0.3428795619534483,0.25643688625927463,0.2897994644847632,0.31347185472572514,0.2467439520402348,0.24845836742124922,0.2393334845085276,0.347010521987437,0.3077921493985899,0.27553385445626644,0.33408597286529956,0.30904223539417813,0.29026093330546876,0.2729188410135015,0.2639582753694946,0.22754203175744045,0.26791968399068183,0.3010776994200155,0.30780829336096505,0.22462976578527125,0.2720035136097281,0.2187143688005217,0.2447262176285792,0.2799197271861131,0.33049233458261684,0.2902884992217536,0.24235965515732574,0.18778846940473493,0.2983586592965723,0.2642248609200865,0.27050264425011955,0.22738925425880477,0.23336598411568793,0.2338479962411,0.23773419302560259,0.2701733599537806,0.3303442368541343,0.3376679572843924,0.29539944356538766,0.2486834859050766,0.25116988152544933,0.22426896864655319,0.22639612123704111,0.28786178795709855,0.2980989696056281,0.3269286017439452,0.28378499547457153,0.2787841396478165,0.2894495349406886,0.2518856046218051,0.2876082557098196,0.25739752729307736,0.2538867573285405,0.26023866719060257,0.22674716478862542,0.2824838008321312,0.0,0.2934320106054377,0.265873673999544,0.22063372998004804,0.21951504557589568,0.22967272551796708,0.23423634463302095,0.281053585978092,0.24307243522047342,0.30328156029644,0.27737794453571973,0.253455788808813,0.2906643877740901,0.21644272880855814,0.22135926519029184,0.2417614845221838,0.2223790150606594,0.20813951271751607,0.31361717071103995,0.251848018193174,0.2639523007382437,0.1977442094259143,0.24067017491382686,0.3175830543426518,0.2735265572684087,0.24570262599273365,0.26727130435671237,0.3359628629020696,0.2254033898262117,0.3016433051892001,0.2862054545421749,0.27616027757012096
0.3179453604704224,0.2798057832362548,0.21820606944242876,0.2748529960206029,0.2798824427005836,0.25226417921720296,0.2433646024961023,0.23404421948593016,0.3307386753569812,0.21426362279261893,0.2822885152560246,0.25160585332472873,0.22482569518742265,0.31022020408486156,0.2334114112251074,0.2390935271690417,0.2555235203109943,0.2747071289280085,0.26707565680828105,0.3039288655091889,0.3093681542001907,0.28324372013463295,0.22820673686255946,0.23607496997180918,0.26655675925128136,0.2925947945477687,0.2165670459538326,0.2401534394011411,0.2594096350748131,0.21918758308143024,0.29147539497360714,0.2522043926022789,0.26232158478057627,0.2644411736277644,0.3547372608625603,0.3364163421546831,0.2537578240984651,0.3548779936653964,0.2882299917151873,0.24896613190184552,0.30485123001851044,0.2729846553854826,0.255691670581383,0.32090443592371315,0.24345065653816927,0.22867285835994558,0.22323003646515824,0.2702297213679952,0.26993839718974605,0.3138836211744848,0.2981874263231516,0.31216314182920685,0.2866487925347115,0.28783594974749466,0.2711861054231446,0.2717355161855464,0.32490365969652296,0.26361868651402026,0.2566655068446907,0.27916798496311573,0.2483370825975452,0.25930685910237466,0.28228245312569156,0.2815970827188321,0.29645908341042637,0.26001548891632353,0.2877235438790572,0.2522999695674525,0.2384263568714678,0.2636637397368275,0.3339642715656333,0.30580103245723866,0.3539862020475279,0.2620144503432565,0.2785171083438516,0.26559341796179875,0.23992273403519074,0.27143095563815045,0.27352278410622155,0.2528204422938751,0.269915463967596,0.40634418581606263,0.26139637449769443,0.2779352328513093,0.32583481831676553,0.305946860194995,0.2767606834654667,0.297677349955109,0.23916546773538525,0.29867882501276855,0.3378610585945759,0.33576773092709433,0.29876952788150624,0.29633503761953944,0.3807230306526185,0.2682001588738154,0.2721801593044756,0.2624010547392228,0.35299593576127286,0.26590007549284184,0.32183411465646866,0.21713906151370055,0.2868626579684188,0.22845227054257244,0.34885084176936004,0.2308927468358998,0.2294923596445753,0.24534483467261908,0.23498626432179945,0.2270120045262451,0.3076150285504012,0.4058141734883051,0.3338439626576205,0.32639800873579805,0.2936599298239898,0.26032195004878805,0.2661127829956445,0.2363164812610177,0.2467739177314645,0.36867443975103387,0.33477071367930644,0.2980028302526262,0.31975477322851364,0.2845316267919719,0.37096584003715216,0.24017404959391284,0.323163316459105,0.22156238991804125,0.27329098343980934,0.2905420493352181,0.24799500531151777,0.2828335074383819,0.2934320106054377,0.0,0.284899432246726,0.2555182167042196,0.23039110466417126,0.29071751187360767,0.24662965192222025,0.29712516211051865,0.25289558689091435,0.3266774476751463,0.33612450419144707,0.36540823930320476,0.3636636405525711,0.3045044376206828,0.31597077830718723,0.22572557057730114,0.25975399506242,0.22046458024273827,0.36428540188302155,0.2934577007352472,0.28715127808232027,0.193384049460386,0.2691618961247845,0.27222990360970933,0.2210371933968429,0.24013981287919078,0.29298097270216683,0.2875976128001245,0.22496292643480575,0.38495437208255295,0.3081477452216329,0.40669384907748424
0.28932717289744914,0.26762957416817873,0.2593787412673099,0.25865313953454394,0.266336375482037,0.2529160477643823,0.2306254631401124,0.26309745427940767,0.25076570350753324,0.22974193104190693,0.3537183154411734,0.26463560899408756,0.2727996989901637,0.24086068766636448,0.2820888568705026,0.30198522594583116,0.2586157455104075,0.269791734683855,0.28339823435249156,0.321389127928257,0.3475236873039542,0.3256893481010874,0.21024019785516282,0.29482955750605505,0.3002261588925969,0.26109981861237,0.20918281719534323,0.22561293269957364,0.22977024979599062,0.20234014604157038,0.32996363504214804,0.2685604767248656,0.26001281880259525,0.22854212367877186,0.3136704018742771,0.32551132101737323,0.32511658328517046,0.32312298293165365,0.40424294129789223,0.24658909530234466,0.2759857323981276,0.22563437870059275,0.32409118660524994,0.36629873434312665,0.29430732786216884,0.2620120954197436,0.20533484357131845,0.44756352028776325,0.2888615665205866,0.32274991818188875,0.2916428714834979,0.25011149005082195,0.23512368675337267,0.33655817197968974,0.3063192235455309,0.21464555770367,0.30827900099054817,0.2662123544959199,0.28051194143779495,0.2725432654831554,0.3123919249257131,0.21417104312873483,0.25064533834768116,0.2639661531689088,0.3038949941769412,0.28880143814840475,0.30981927161737244,0.28046105470697497,0.2844853819098602,0.27756927922944397,0.3331461786046086,0.2869803101058405,0.25479581018936837,0.30139208022372965,0.2919096162154261,0.244737773457627,0.26952980836891033,0.24355108298128653,0.27604083713814165,0.21135109590182752,0.24732590871316595,0.3178405874616241,0.2428803323318627,0.2662921421847827,0.2642163352863601,0.2736393135283534,0.29573027674181723,0.2732045523716147,0.2370934626402533,0.25303792788545176,0.2772141692918162,0.2484788457203247,0.2864657163197066,0.28238522517126285,0.27055865416199565,0.3021818268317158,0.27268552078980346,0.23393961779511208,0.22577051973197793,0.23856994223596756,0.3291887804651722,0.2899615715051599,0.2524300173335113,0.2582482205912687,0.27312936080270683,0.251403622909141,0.2884996435173826,0.24614280459312562,0.2534225899404241,0.3206820442471173,0.31397423637732685,0.28351068889436065,0.2769922167110817,0.2600508900666023,0.24771575337377846,0.21023275809449654,0.22928732285793704,0.3294808146425106,0.2602749592316451,0.2191615887100536,0.3137287177573009,0.23546250005676217,0.2737168481170156,0.27375621014084434,0.28430025128036895,0.2815089374232706,0.22150882537128483,0.2664216423140691,0.27351099645384164,0.3122843754196119,0.20283216874677606,0.2879193671352173,0.265873673999544,0.284899432246726,0.0,0.2824962734884128,0.2608125594953483,0.2930604392548683,0.3130429562726317,0.3485649864481068,0.27582780176920957,0.28649906640263384,0.26475764772773364,0.27284740021723886,0.400498361308448,0.24399274712419255,0.29577076826258386,0.24194004718334744,0.283232897192859,0.19810085435118777,0.3807180158230823,0.23578117627143055,0.35369290888393057,0.22694779566926904,0.3061948385789811,0.3813558461368605,0.2592918490295965,0.25401025091537366,0.24616850214821623,0.21937751931007882,0.2342068463116391,0.26813137582991103,0.2589495715804155,0.3250181281525538
0.2620657631248419,0.230874701842406,0.19342084018564004,0.2038432649231259,0.24737266324820198,0.20404177887466926,0.2198988218957927,0.19175092860295304,0.22577306003409134,0.19657745850124314,0.21318654556111355,0.1824073731407388,0.21745238459396457,0.2611169322518097,0.2678983302218568,0.21059126049802385,0.2281236914259115,0.25485755638166746,0.2056137632502137,0.2794981923623115,0.2516018168608488,0.23089416069629978,0.18513114931883673,0.2296715821890742,0.21319386300917578,0.2103710185605394,0.16778997439420118,0.19362118481248947,0.21023419189249806,0.18251048040586776,0.24648662629008988,0.22034841612821218,0.2262949400312835,0.18672137689675694,0.29148158825928755,0.24277492249413116,0.23008748311941374,0.2722902998113268,0.24919962100448562,0.23075067138067862,0.26905734222282823,0.2128564148179726,0.26685205727659855,0.30704845660722524,0.2077505371893844,0.250747673159731,0.24179894860458845,0.250257409320203,0.2376543827460898,0.31001662792647366,0.2714596100784512,0.24950953320138977,0.31691548772301864,0.24473825431200807,0.23089803183725024,0.22637106151423744,0.2866345816924164,0.18732099966453103,0.2804699296368624,0.24294625260410627,0.22523027441910115,0.2598904609818861,0.2769544644844068,0.26220704858617033,0.3814082535962888,0.3073926000740785,0.23440277256234376,0.26242379627388773,0.22503387399498506,0.20837234230808402,0.3204970686670591,0.32471493598421447,0.23424228774950512,0.23237835214557678,0.23018443721972123,0.2865651893528869,0.21836084515265838,0.2184660844439815,0.24639830700580798,0.24161528820607947,0.32558912475191243,0.2565766306752575,0.23546427665019748,0.24090077380817446,0.25039352331224324,0.2355744154174171,0.2132615888447268,0.26201101360958523,0.22429821550692602,0.21539846647082858,0.23024049604764785,0.23668915297510923,0.27193187782146266,0.3196987315658886,0.2981471786534977,0.22737900531606173,0.2918090723586995,0.2097795626387254,0.25691569578086476,0.21091808108870003,0.3048546986418796,0.20920543414887738,0.2198308885963481,0.2054493806590545,0.263938507964731,0.23145882330974277,0.253748402749433,0.20258236252647277,0.27071772370993863,0.22477061122421557,0.22931101021398795,0.2703323850789016,0.23746192646090256,0.22281165460976296,0.2652193862921383,0.19471351052792538,0.2534342566738677,0.2294298731516712,0.22793287937000603,0.2095470085723969,0.32372522566371037,0.21458706723484922,0.2351032178376298,0.26942829871048146,0.33299080839454426,0.2138646659093957,0.2262310663659334,0.19460454690839432,0.21739512136281816,0.3255380534400877,0.19882597351885567,0.248850851974839,0.22063372998004804,0.2555182167042196,0.2824962734884128,0.0,0.24740362178903202,0.27194536319921725,0.20879458769523046,0.26180091649347836,0.27191816271763464,0.2558925489872659,0.2525387112819338,0.25869624424632054,0.29874607996415636,0.20349365023082921,0.2530490839657654,0.25781350010035065,0.22565466694958797,0.18916866446153774,0.2572611341129521,0.2993416287049561,0.23737746500166737,0.2066486619436337,0.22013271919151828,0.26675731413241843,0.20606554146546005,0.21356870890774773,0.25686362752808595,0.23395526828659205,0.2826250274686952,0.2689490863085886,0.26242389706932434,0.2548528531783499
0.32962373944772677,0.29827262094515844,0.22117732467376525,0.19074163720021703,0.22688715199851625,0.24983386530421914,0.2394435497494955,0.2581196059332238,0.2741597552467039,0.24575169616762915,0.2393766216008622,0.2823177631594755,0.2872881188695205,0.22276364675599367,0.2555474184411388,0.28577545964702067,0.2796046831156516,0.2842084484157611,0.25596084448986145,0.36529810582167216,0.27198422766121483,0.26019008263270177,0.24208286203446847,0.3296039360933892,0.30173243449502557,0.22038457987659418,0.21860709998049674,0.23870241244760815,0.22231568936921486,0.28135385969759485,0.3052281729006496,0.2638497960196322,0.23164597880290114,0.24426672598728205,0.26471175973877326,0.23047042800744105,0.30528320226481936,0.2680222222605531,0.24851637764113022,0.24879657096081184,0.26956753225458013,0.23490946832625212,0.29556954783759726,0.27577801970320226,0.29564741636421016,0.2916843529621378,0.31794874623149516,0.2596857970117608,0.28151459948800467,0.26507023800718665,0.25269080577027453,0.26231087969774514,0.23191115832726428,0.23570661261015813,0.22732517574580727,0.26517956305400336,0.29063488743419036,0.2328424757724453,0.2512494051285193,0.2612335096608038,0.23247310164096227,0.20029331935863476,0.22461492859879523,0.2224429706161293,0.23791287837520306,0.23515082709122354,0.22807702205378402,0.29308967483118975,0.2318483414153592,0.241349151380729,0.28250045504077614,0.26604038409600766,0.20275315882470954,0.243520608960032,0.2558291225269571,0.2850242689249733,0.21003774125880714,0.2699768338242254,0.27757246340999614,0.23243229353217965,0.2537454734709028,0.2328335167790939,0.3626613703743049,0.2555765936173875,0.22563646867618856,0.3108689460728753,0.21770097451514453,0.25056401415381335,0.2890813430513792,0.27642641477833224,0.22963470602937006,0.24197544291482764,0.28089604907641064,0.28958592087116825,0.21918435543034978,0.29165368859126595,0.22098405050831013,0.2541212288637234,0.19314263746228655,0.2460857025223158,0.2773124723329417,0.20410543588722682,0.19397800621041603,0.2532883341168138,0.22971159878384018,0.30638166924994026,0.2414278076985328,0.2886097195841169,0.29090905431520203,0.31856516129559387,0.24859686498921485,0.23351178358912328,0.21482519232724118,0.21601250503386538,0.25440615405463934,0.27800060579071556,0.27210409762521137,0.24682181911695014,0.21498815656710155,0.19774229171777033,0.2488486030878149,0.19280459325880775,0.24850978842112353,0.30546384141237676,0.22198273477037764,0.2742117545207996,0.18951654361663917,0.2740083422835281,0.24040341782650881,0.27578532969722347,0.266163378300323,0.22316350395203977,0.21951504557589568,0.23039110466417126,0.2608125594953483,0.24740362178903202,0.0,0.2623468572374311,0.27037956242761163,0.3034332309678053,0.23579141376588142,0.24184749949484363,0.25510448208152364,0.21075144674086363,0.3090835320080904,0.27072046591608606,0.29545764905089905,0.2843947469230294,0.3039911103164482,0.17759608869988905,0.256456671358338,0.26382830379608263,0.2578569489701991,0.2597259260170913,0.2697371012098253,0.28892990440226796,0.2469235422260157,0.2876726990750305,0.22426507467525744,0.21297776047249192,0.22091296125785675,0.26862800168162787,0.20809884619205052,0.2761451573804813
0.315834048374986,0.28725282757167764,0.23016283677248073,0.2859326288273163,0.329082304008887,0.2157695348239173,0.29443659363405034,0.24102463187485756,0.2490740062410069,0.24481255966178758,0.26138585919065715,0.23715993535262106,0.26596389223920036,0.30968941119188004,0.34657905522822036,0.2592817553030364,0.29137186696636985,0.3358516874563131,0.25878761815901524,0.29122196677854684,0.3271995105537935,0.2714655279422797,0.27241204616978476,0.3240901200073122,0.27122745277135096,0.3126364079207632,0.25432304058618627,0.25331428108324444,0.27266914369128314,0.2156219550778506,0.32585812878503273,0.25860205110948475,0.3381939781083976,0.25563484821143917,0.4556902657771516,0.31273993810227885,0.29340985877985093,0.32707360471211666,0.28751613525989483,0.40256547795353254,0.36798866430578764,0.2296165791154821,0.3084563069865223,0.3506755867463809,0.3136273379427901,0.2998283518142999,0.26481912297692495,0.30251206284329846,0.3501498914259325,0.3378087194798938,0.3239358690306696,0.3079654801581046,0.2532027538158937,0.3152934685393904,0.2941273382212245,0.24574608874818288,0.3159106639441773,0.24067995833089625,0.29126036457977295,0.32644884427945886,0.2352490278187664,0.2290458189546738,0.25586677722844464,0.2616225613515009,0.3064587946081964,0.2529425220190948,0.2924764780519735,0.26170196030146586,0.25796052254556356,0.25527546037525745,0.31457465350837843,0.3763555916331649,0.247086003662174,0.31274797300411894,0.25253570560121513,0.278276953411238,0.23883696919457476,0.32102566034197094,0.2857464011029814,0.22080657696149922,0.24189026277829678,0.31938687476393623,0.2605423067493436,0.2501119143594844,0.30217087052012526,0.31218902536997173,0.2464853966565444,0.2928450598814281,0.278939172896675,0.23452198823792603,0.3275520435965597,0.31290932531584276,0.31912405771097374,0.275742687834789,0.29645977679069385,0.2557504650891868,0.2201832432587825,0.2619647515842562,0.25917686810806756,0.3188629713093768,0.31115336144071454,0.22311713958761745,0.2682806661265154,0.24992029332722654,0.29974359083131613,0.2909128445024326,0.25622414807991384,0.24499107656944305,0.37934168307071586,0.2554415757677734,0.28580655651498565,0.3211124945479951,0.2778968198198113,0.24569491089713819,0.3231535003715803,0.29471145135134025,0.2772020471008436,0.2846363061761514,0.23306610457525945,0.26768136561327427,0.3925239732468002,0.24806647095771747,0.28139258523600824,0.31624079119312914,0.2934753478483467,0.283061362287644,0.24104361400478727,0.2524974493928549,0.2901986529760015,0.40159942957254025,0.22057657268985453,0.23422213761164834,0.22967272551796708,0.29071751187360767,0.2930604392548683,0.27194536319921725,0.2623468572374311,0.0,0.3294267670849633,0.31456830431193866,0.2587951002134907,0.27360769506435173,0.3327663212953944,0.2546837483228916,0.33398431531466516,0.3015746770768154,0.28409767848791667,0.25498278642637673,0.27323398976138785,0.1812252132976527,0.329642063417017,0.2579157504698952,0.29013375729038987,0.2561246915169643,0.28668702628878234,0.28170910267804605,0.2475983218221258,0.2650671067319065,0.3556230239120354,0.2625685699434452,0.25707050210982785,0.31682739747349303,0.24403940076328076,0.3174353556839264
0.29638615583770983,0.29256405000109187,0.2819054988677773,0.28087705575379257,0.26715186446433653,0.23012221985867634,0.26840350942585095,0.2695023693104993,0.2508141533286506,0.2702673473919038,0.3097258498858114,0.260137968484031,0.29177836421498826,0.27645016055999583,0.2762726040936672,0.3292724828376642,0.2968377075710096,0.3516279441096673,0.2963318910129295,0.3421230850027908,0.3328521164528989,0.3358579309367074,0.3034270656284809,0.3135454782088279,0.33190421828292366,0.27612616084724756,0.29786734959610683,0.2825216007561646,0.2556167853725375,0.22415226050598525,0.2714164185510571,0.2902327587174459,0.2951977459532308,0.26938705281095987,0.28807898045175495,0.30743297997376007,0.3029018241434173,0.31954982989479186,0.2598884945653982,0.3609604925312362,0.27601258521113714,0.2350744016846436,0.2962025013648171,0.2715155238537868,0.3568243596398003,0.29898153647265774,0.22398347383480502,0.28993874032246947,0.37449635345666066,0.28231853694994935,0.27059299504764167,0.25381406481039037,0.2298064079918614,0.31676092302069425,0.2871418117436088,0.21345942746160154,0.30571201598267306,0.27208258939165453,0.30951114627946574,0.29251615269368797,0.2536632878253167,0.2004967910624236,0.23922877342481788,0.26529924157814233,0.23289935319376742,0.24421965258519057,0.3033958033554261,0.2570739594605216,0.3082492374034511,0.2845212042229172,0.286929654086927,0.2794553060805353,0.23729529525931742,0.3211154065254747,0.26926318162499036,0.23585917785132351,0.25213481917256647,0.2940535106363578,0.27955287354958963,0.18405297380838062,0.21567998550494183,0.2902250288594791,0.2669863836081983,0.25251903752617416,0.2741764631967671,0.32533233425393354,0.2596549570776883,0.27512029387107884,0.2645091721199051,0.23550564537052635,0.2964741327370503,0.2593525471128846,0.2913261533481482,0.23417235592677446,0.2797199688125336,0.2733878879305342,0.22020214920542133,0.26682507961800433,0.22015047904012477,0.27615899606415173,0.27419560242076113,0.2497811776911825,0.247008458305828,0.27209799995063266,0.2710542315762864,0.2904464211399179,0.2499553779766448,0.30871995621941706,0.3152609300099894,0.2951877066058558,0.27357797215752583,0.28503075975888303,0.2389002956246001,0.26067176130211084,0.27711088874894024,0.2596202905803398,0.24771305078324404,0.30825537359474064,0.2483279798517865,0.23294802256811253,0.2760115807750495,0.2152264925294733,0.2729566570068952,0.28148147372825383,0.22452965985872206,0.2837640295044424,0.21735136993193324,0.27890053683663363,0.2914142009302608,0.32540723989790077,0.22354932376618525,0.25045428844524686,0.23423634463302095,0.24662965192222025,0.3130429562726317,0.20879458769523046,0.27037956242761163,0.3294267670849633,0.0,0.3204353885807222,0.26323861521028735,0.28415431552993897,0.2933172989879632,0.278440592851959,0.3261193072218177,0.2936530231162272,0.2560133221680485,0.26481548861198934,0.33830964033633665,0.20049252526796493,0.27383883975629436,0.24147905349005414,0.32725705430550217,0.2775410094218139,0.32012737535021485,0.31570652930565507,0.2834844363929272,0.26355607611829146,0.2637230415745055,0.2274222014367984,0.23889745183335576,0.2548185560481944,0.2337657696351421,0.28883142070572215
0.3466303479244839,0.2719812606659494,0.2576550982381627,0.28800088801498014,0.3007904884727273,0.25208665193293667,0.29400768280564266,0.29116510005416446,0.3050915260453643,0.25350774508017854,0.3039124684272413,0.30152376501285894,0.3007916655005663,0.26139633605754453,0.32319077584613104,0.3294013107331673,0.29800039547659357,0.34433673733744297,0.34869697091876817,0.3460075877694077,0.37196965539739085,0.2935181634267962,0.26773424042116634,0.2896044377313214,0.330437875421711,0.25736797027385755,0.26809151819763544,0.26004223779377683,0.24148737590058159,0.3141941702652182,0.39342649465148694,0.339119340287855,0.3228274418867352,0.26328104833876925,0.29370116379176275,0.329100934186942,0.3677607292006645,0.38525576071431544,0.3579287481375833,0.3123607055121116,0.3343959199785303,0.24815334146578738,0.40122929245962713,0.32061231406036084,0.32711602691589314,0.34146298989688506,0.26778423254542816,0.3100530491310507,0.37101589801033,0.35766502024484204,0.40787045045868253,0.26595510408527834,0.2759709420647404,0.329833585843635,0.31753451994064535,0.24611028313038225,0.385004154691694,0.31708737079405674,0.3259197988876899,0.3521896860244594,0.285618144937599,0.2741378901071076,0.2753497114032297,0.25204118601162245,0.3024031974519362,0.3035228662298741,0.3116280986617086,0.31267553381792385,0.3026709485620907,0.34185693947909046,0.4040046986523646,0.30016316869652815,0.24405791794895698,0.38324105583819257,0.3242259548257142,0.3067796661882446,0.2968169994910942,0.3077667183716133,0.3252392438701008,0.25101358082561515,0.28307885631071716,0.3928368498103832,0.31658378692486777,0.2749198675550604,0.2979790101355947,0.3308358646586884,0.31599640638417137,0.42662464311583176,0.3186632587835841,0.2639995811091962,0.345207941148106,0.32090075656111466,0.3525251861914141,0.3090567330165243,0.2962269950447796,0.28820892909460033,0.284919273401284,0.2559835172979438,0.24894351818011556,0.28590586055057193,0.33527562045398956,0.328884560323387,0.2968524937734174,0.28664539836236963,0.33298540340462074,0.29922442089666496,0.3313665045121831,0.25343876700008955,0.33712654704039674,0.2780534532227511,0.32820402353619815,0.33081709323872543,0.28732849587914416,0.3254023348623554,0.2829868273758433,0.2426490113013581,0.28694318652927386,0.33399966655873364,0.21890942357774337,0.24521119642310552,0.2948868181392032,0.29649881987780724,0.259125919561554,0.37047879395051403,0.26362498282001684,0.33472523948679805,0.26332881175691464,0.29797929089078956,0.2526596495648126,0.3532697297628965,0.25927048801601754,0.32106653532334617,0.281053585978092,0.29712516211051865,0.3485649864481068,0.26180091649347836,0.3034332309678053,0.31456830431193866,0.3204353885807222,0.0,0.2825957978243155,0.29297843023296555,0.35487326244359674,0.3120952436977211,0.3757013774163783,0.28817552414468417,0.33635460512762744,0.3281272575651878,0.30136302274048066,0.20121467199247178,0.3871929875021353,0.3162035847223922,0.382606410697978,0.25712299813460343,0.3436481100521087,0.3993805785018346,0.28641899462887155,0.30533034849818497,0.25873492791225555,0.2815794096701951,0.253341961850038,0.3192849849966299,0.3137709267506333,0.3403096466529442
0.2521618160012487,0.2708807605248312,0.22345316507317128,0.33575818852095807,0.2114773315614446,0.25724229696343387,0.25596904812270715,0.23842352024686786,0.22220506316912286,0.22892542477601246,0.27916860832369483,0.22307927078501355,0.2506505467278944,0.2830321845115735,0.29025592670419753,0.22722008603944113,0.22300031574007617,0.2765015250884127,0.2565841391951599,0.24328130689624927,0.26499826441718943,0.2665041626241093,0.20396192770291932,0.23547855458440384,0.2566013346314097,0.2520904220911856,0.2019466794665461,0.218602400974079,0.26167210702285504,0.18632349182621655,0.2685460904052558,0.23542825464095066,0.4139570748089052,0.19684921503119315,0.25351687278459645,0.2728439317406008,0.26851261905398655,0.2858506383333001,0.23887386816646985,0.23537968965978104,0.3317660601878871,0.19693571222916967,0.2731520187146828,0.32094454868390193,0.2612749542455623,0.2578970916777976,0.21268339621306384,0.27980457182016943,0.25002495130662294,0.25803002897718774,0.29585675118619426,0.25829364640458935,0.2609978644776655,0.36013937876196944,0.28074694975280445,0.20551188336243062,0.26429587898071893,0.23114486398765619,0.29257133514749245,0.2472671277230886,0.28557029589708155,0.2354061484589783,0.2857285250936489,0.20946620662451693,0.26900982654650957,0.28298988185017565,0.2748035097878543,0.28569841301281235,0.27388194764266777,0.26128421544333613,0.29094741640605604,0.26323139303027676,0.22431514145095127,0.2683222750292258,0.2664936905953917,0.2618057355129858,0.23005196258089153,0.24632000478868568,0.27748623594249017,0.2116988664405694,0.2976608812767168,0.2683699996030589,0.2599413106193577,0.29243861911773417,0.2282985502297833,0.2515234579000238,0.24164882091879952,0.28521737600934977,0.2476133751424277,0.22236525419446165,0.25164118217291065,0.2563422488912632,0.27147496042632446,0.2792183735884354,0.2632901251532562,0.321450220774246,0.28841293087701037,0.22546775725796006,0.2026715552614661,0.2442321916747258,0.29975781017705433,0.22128088554107353,0.27510833666282236,0.2837736360026405,0.2834652839948342,0.2289739582119984,0.25267108846843106,0.21757400474227545,0.2732441828688041,0.2235938150977203,0.266379684143418,0.23274478296730586,0.26281248043326966,0.23421885110106144,0.3117085198379271,0.21215611981320287,0.2529871477346044,0.20951451282772465,0.25015816211255903,0.2223746729769216,0.22814965545541188,0.2609460610164644,0.21192814551253505,0.28278921446353045,0.23965505330349363,0.3138045545448866,0.20394524051861448,0.22294077522113132,0.2536428126506616,0.32275405134818413,0.19431757112762552,0.23989856746394814,0.24307243522047342,0.25289558689091435,0.27582780176920957,0.27191816271763464,0.23579141376588142,0.2587951002134907,0.26323861521028735,0.2825957978243155,0.0,0.24432542680375918,0.24638756870644637,0.2578829257087938,0.3155284243769573,0.2233039457267091,0.2324794971665228,0.2884796070111639,0.2385754366006957,0.1646410340349457,0.2787967415415557,0.34658600865105005,0.23320335249027244,0.20435776789670082,0.2748707023774138,0.291541989605095,0.22684201419770206,0.2529456507472101,0.33743209296691945,0.22113056996639469,0.3000686952717474,0.28008694412130636,0.23490952092435338,0.24232650779758658
0.27529983311774714,0.2978329680339285,0.2599749617872136,0.26570522206392255,0.2623281807983934,0.2836648865214795,0.23541069887404642,0.2527754116479493,0.26084348665863377,0.26031240448068904,0.2866942087408535,0.24000911128587546,0.28443616979093894,0.4134439135284303,0.2147739585016426,0.3360424236675862,0.3262469611435484,0.2803415138099279,0.2674996378151874,0.2967929646758769,0.3641461480740899,0.27726289351094896,0.24139232729462226,0.22592891054242165,0.3117501466013076,0.2666839468348219,0.23612095075763714,0.2457698214721998,0.29769086388044574,0.24853903425667,0.2630446620901623,0.373975326700092,0.24610314251424542,0.26172436749708133,0.3105687782874093,0.3587716153942545,0.2870455242228347,0.3728509828190314,0.2598361886879157,0.2845102017236183,0.2720757815933992,0.3027131544331409,0.28128972502149724,0.312898876966736,0.287367187029843,0.25899749979424536,0.24662579401275433,0.28235146888007784,0.3030892348859573,0.33319475901102613,0.30813701117994907,0.2817710494664634,0.27826274246809546,0.3186394733523928,0.30380628854623065,0.2812974136702185,0.3228168492866846,0.3029108748470765,0.31608795753245933,0.3350790692727326,0.2790226696071532,0.3292693772652885,0.2802488685427298,0.35392309507274167,0.29092491495494716,0.29056095554729444,0.2955881767681135,0.25793781317845604,0.30477077978109934,0.283731627791581,0.29160805653992766,0.32731244741595683,0.3398945478731142,0.30817845409726546,0.3194208620067266,0.2820043856073805,0.29551416310044887,0.31748727564201307,0.2552429811594315,0.26919571378536655,0.30202375867976367,0.27300748679032166,0.27618067592827666,0.2938982758678113,0.3626129926159318,0.2877763798656456,0.29828792862877557,0.3066002866750718,0.259727880569203,0.25599706420416307,0.32152896138783965,0.3086787835519348,0.3330013849824563,0.29387717760333687,0.3641290571850226,0.26214818228524367,0.28510683780252455,0.2894325396594604,0.32715341678873794,0.26131554665054835,0.33688660879091,0.3055115804391151,0.273726454774099,0.23066387627719326,0.33534413642783334,0.2690533496210732,0.30358120948414835,0.2801184043695929,0.29025358439955556,0.2791579387091609,0.3109232536694927,0.3268541718517504,0.3213183132876434,0.35568250964249326,0.2824285126026098,0.2522863641858055,0.2791334168541842,0.28920314208720904,0.2888649853853235,0.34038281129046294,0.3350552876234719,0.264582144665204,0.3431348496849691,0.28946286242630287,0.29871481913575904,0.2653635349455013,0.3629910079372695,0.2882490416710678,0.34246817171811617,0.2976333689279939,0.28629716089143314,0.354569514052491,0.30328156029644,0.3266774476751463,0.28649906640263384,0.2558925489872659,0.24184749949484363,0.27360769506435173,0.28415431552993897,0.29297843023296555,0.24432542680375918,0.0,0.3262208836385482,0.37464484607727006,0.3945583081259488,0.26077870996223623,0.25352050194765596,0.2672743058467639,0.3212939582541389,0.28724067719399937,0.26334116925283674,0.30079251275008884,0.3055420844122027,0.25612337460538537,0.3013696272297406,0.27931975910679285,0.24465574855743186,0.25427481479646463,0.24597507382492398,0.3210690245321699,0.25881663520544695,0.3233943134687907,0.315838174323909,0.2816042286212408
0.3598553817930635,0.35881940387286765,0.2709142112724457,0.32343024014534955,0.3117357323882315,0.26931807349856973,0.31994812588159144,0.30308923926942555,0.3083950480475699,0.30740147214406777,0.261907813105817,0.2738820848749632,0.3004995702289781,0.35144472621029166,0.28017249961915536,0.30377293588171217,0.3461982914431259,0.3655269556683303,0.297860501671057,0.3352390645826169,0.3897941842478827,0.2971408841887737,0.3112324369574564,0.27842925306349053,0.3304491645970744,0.2763432925610429,0.26727738886823615,0.2916852500796246,0.2678421544485985,0.273022979276553,0.30900671294468063,0.3158513608000539,0.3083856650498067,0.3022514346018134,0.3421589628856938,0.3111151508855083,0.3407277161935862,0.3339919887059124,0.28103523354605947,0.41997769959529363,0.2994942041558486,0.3101925581383451,0.285383438371744,0.29013876017093165,0.3434152315338296,0.3620737786020672,0.3061073657508766,0.253821597561729,0.37670178841582225,0.3287341465446258,0.4167349914842693,0.35345326503542723,0.36784404150987576,0.33446002545373305,0.2808118070872829,0.32169095610833465,0.3790370546473082,0.2981183405427592,0.3567151900080862,0.3861886822437996,0.3021554422219922,0.2838783957381334,0.2801269274250455,0.2632811363302628,0.3158603659339482,0.2989989070238374,0.3649355264836797,0.3193518135176005,0.2816456777268581,0.31894401374764825,0.36696654701309983,0.3399006049071142,0.31484406372843493,0.3784273680870127,0.3049303894857993,0.35227494075456023,0.28517267551100617,0.39223040016330185,0.3113334010269395,0.26457582759503656,0.28045725549439793,0.4349382634631156,0.34641397466286566,0.2552907005258733,0.3812856961267567,0.36374841447181494,0.303212141505964,0.3741929107395608,0.3437453656281644,0.29682944884786,0.377243748008247,0.4093227997510947,0.3239769754175358,0.3264347881097462,0.4855089279781876,0.2760444052390715,0.2613145029017856,0.3042378881932898,0.2919993117001639,0.3789495459463277,0.29235922040046425,0.2667080851991147,0.297738877726265,0.2739904842136791,0.3554007411815095,0.32175129134832536,0.300502970691797,0.28937058977723823,0.39546403047790063,0.31869198829856615,0.3220749590064671,0.3469457678999583,0.36243120714165883,0.31721851173926047,0.31392546774506275,0.31725171520125095,0.33371198687551634,0.26432956702840615,0.2649581491241359,0.3268721440434964,0.31894157533038153,0.30575106883231035,0.34417208566645097,0.4046127179577239,0.2983577079159779,0.28686084200337053,0.33895449632553365,0.2733806574442897,0.2936089709760196,0.3033710423281551,0.2812611031983235,0.2893794865568252,0.27737794453571973,0.33612450419144707,0.26475764772773364,0.2525387112819338,0.25510448208152364,0.3327663212953944,0.2933172989879632,0.35487326244359674,0.24638756870644637,0.3262208836385482,0.0,0.3435481774582298,0.33051093983145985,0.32408451911442343,0.3183917406409662,0.3180206087795987,0.33999103441122724,0.2014100840358487,0.31307945507726936,0.343145439988631,0.3086629617280398,0.27522007772840945,0.3164462888125663,0.3336416767389378,0.27373702240596104,0.2952058551130546,0.3094506355298546,0.33036614714670554,0.26890925220688167,0.3659120746753084,0.3339665347022805,0.3405814148851637
0.267159932355666,0.25718327090187837,0.2530172639759803,0.27575465060088866,0.27373067037910614,0.24499071731233457,0.24138210540848837,0.25026559962058303,0.2902709753224405,0.22235111686760844,0.27763934138793045,0.25116826061945374,0.24382714311167003,0.3092395577631236,0.22726123325469205,0.2608852302536131,0.2823717522384945,0.2725208924914597,0.2744305685906556,0.2836209007180963,0.33632162070546545,0.2782270455490742,0.240140626296226,0.21436811424770066,0.26202942171257204,0.2585013288821488,0.24527546435284728,0.2323173836964809,0.23280092490962057,0.24482988582345336,0.2660681474482763,0.29073154136883694,0.26899254447212306,0.24385211139291155,0.2791874955973249,0.3973181314417049,0.2632296176467916,0.3789475127547573,0.28396303468189665,0.2518052234946947,0.30521951859497154,0.27330255926499386,0.2851435855765128,0.29689393860087454,0.2714098646006071,0.24347362954807927,0.24933186730092194,0.2622670763936878,0.27945814068261154,0.3624081128921094,0.33011891078305,0.2695348175505313,0.33152109049069384,0.31481289598308254,0.3148125827315569,0.25110421251305626,0.3186274656939388,0.29153479303938,0.31486606028449654,0.30265839090097735,0.2612802887073587,0.31517444820448165,0.30572292869589585,0.36300821755928353,0.29879978167092097,0.27007355703112695,0.2860670917906412,0.25895429322824864,0.29444693108847086,0.25495169809779306,0.30129316005840884,0.2992760351012359,0.3784945420497809,0.290183685595208,0.2958577417391173,0.24745847422983344,0.2719601957063302,0.2900327491677575,0.2569634764527078,0.22962106085759992,0.27873514842981345,0.33508002770197454,0.25550066756236606,0.2717409582241193,0.3852925115755272,0.2968114187765007,0.2809805768490028,0.34493083985636075,0.24581939351919113,0.25032621540820627,0.341967643376919,0.32818178148646454,0.34754481783403013,0.2712074709949577,0.42589383561968797,0.25454257740274594,0.3609304827194713,0.27830598804631795,0.38140038166502477,0.2459883101178301,0.30906193149293265,0.26547555185770544,0.3400889328935273,0.24106374464053001,0.41267107847879864,0.24343617041369292,0.3027110746713515,0.23635392580443418,0.268827506287955,0.23522543058109252,0.3009514424999947,0.45816120039244745,0.3031315963908018,0.34294911456182836,0.26868365046623555,0.21897028299266277,0.25027423894476897,0.2562454028119698,0.27125943742390296,0.30396346285298986,0.2963491298019593,0.29575622397292506,0.28874959265665096,0.26049882982455574,0.32091365472344363,0.2305060686336533,0.33912811047504887,0.24547607460728177,0.2696700478729754,0.30206042292986257,0.2526133998416573,0.3245181686536074,0.253455788808813,0.36540823930320476,0.27284740021723886,0.25869624424632054,0.21075144674086363,0.2546837483228916,0.278440592851959,0.3120952436977211,0.2578829257087938,0.37464484607727006,0.3435481774582298,0.0,0.3779783139088097,0.27761293177175983,0.3017994978264553,0.24590414011716394,0.27027855795596645,0.26087711072866787,0.2744810591039527,0.310368922549129,0.317674149982244,0.2284334751117757,0.27063342488259756,0.2664221992559925,0.21613849823579784,0.2278487603984992,0.2503122499793383,0.3019422671339557,0.24635266647800652,0.2956308765685977,0.33911175645022484,0.2765421275259828
0.31560435074755777,0.3035253462674992,0.26198132646367067,0.2889880477865483,0.2964493740490646,0.26581749941007654,0.2806604932002974,0.28314547590824407,0.26730276865337355,0.25488223171245933,0.3723305892475844,0.2978971660289352,0.29734325398707045,0.319579163148557,0.266466423712649,0.3269792059082207,0.33039512796976644,0.3165562642819852,0.28653871431426414,0.333642173256207,0.4200807559964146,0.30503243290141,0.25593116657331116,0.30091746820692994,0.3358702790703642,0.34615896561709975,0.2574663753642599,0.2632439892103242,0.2895312545429143,0.25283985286555377,0.32050650624692006,0.32054637493951743,0.30686633997770696,0.29113999121964673,0.3371551057215876,0.37332715276940087,0.3767602216590114,0.4213250006560777,0.3529245224421845,0.3044102498625502,0.35807081669934737,0.2823510314056124,0.34324164684259717,0.45717236776820735,0.3344482548246425,0.2923231223366143,0.26657734875436584,0.3791144604759949,0.3570095671168875,0.34509795372542934,0.35775721109759395,0.31461478584913183,0.2836956640017963,0.37657559797601287,0.3388616081272279,0.2728630877300061,0.3742551936657056,0.30002061265215707,0.3332258308029381,0.31733263140331053,0.31266491718420497,0.255335949786971,0.28126779911214134,0.30662695997631595,0.2858947873432283,0.29607717752560864,0.34680155993782186,0.31614697097115146,0.3056790799870188,0.3041432724432047,0.3630358983801412,0.33374533483577223,0.32665960321435206,0.3389751116356686,0.33093268734679654,0.3219564183461635,0.31193030357758256,0.36558857414376056,0.32264588029056346,0.2701243232686641,0.31873787909878626,0.30602775869916576,0.3154111903640143,0.3091860063858054,0.3468256893542005,0.33322249883805694,0.3292972583107228,0.32894861012384113,0.2887726099282665,0.3084774373422193,0.36778989451011873,0.3103992980175279,0.3563946123692683,0.34214701656001195,0.3515551896116125,0.3523101003718377,0.2890782000573057,0.29049023359649845,0.2853696082573969,0.2863412572940815,0.3926608719450558,0.2940700999969971,0.31415941003786185,0.27912594273358654,0.32987367744137225,0.29330046074222516,0.31418816639611413,0.2936373612192144,0.33352592140341414,0.329694813619384,0.411078530063568,0.3986473315715239,0.3293581762800326,0.34496778372427706,0.3109285249520331,0.2566053671518555,0.28283047016962615,0.2927191978115624,0.29332626378883814,0.2954186547656951,0.35956187152458924,0.28507435948416887,0.32593339601116295,0.35784162666324154,0.3046095185757097,0.32346351948772706,0.2668198383054879,0.3041760011429743,0.3271353026062861,0.36855368637700153,0.2546783724514081,0.3126626289777737,0.2906643877740901,0.3636636405525711,0.400498361308448,0.29874607996415636,0.3090835320080904,0.33398431531466516,0.3261193072218177,0.3757013774163783,0.3155284243769573,0.3945583081259488,0.33051093983145985,0.3779783139088097,0.0,0.32750222972123383,0.3003385211946358,0.30017905776508386,0.3259306669949475,0.2290611694674968,0.3492667040195824,0.3084106384227684,0.34841899455480274,0.25465789589263205,0.3605156532389917,0.3712874050182788,0.26148963707077905,0.3166823997078738,0.2840329016066083,0.30006076421388034,0.29154669925796417,0.36242028916717456,0.31640540675810375,0.37229380397851347
0.3300586063052448,0.26354497359245505,0.22698085244908742,0.2520604262460197,0.27051876734981195,0.2435358118807042,0.3115522638139434,0.26253264605731885,0.288375128010716,0.24503338680955633,0.24060124164329538,0.31166881618662035,0.24454003810338926,0.24513278401298777,0.2493094352460934,0.24645824759280408,0.2555993834352532,0.2961974615244589,0.2756651067621585,0.30079802980997705,0.3135196430034612,0.24923739194887223,0.32087407094623005,0.2630713034119332,0.34662711708791494,0.30867781942672423,0.2472614022316795,0.24278572900954834,0.20747287924832328,0.24440366601507196,0.30553611661950825,0.2559835221345865,0.25175024139659213,0.3279409354515349,0.2903712488103753,0.28377789664233016,0.30959427434407594,0.29070959941771496,0.22876000989120643,0.27726326791927697,0.2623929390422829,0.28571500275946204,0.2816681132192984,0.2863066356176139,0.31408704603649396,0.28212055849142686,0.3047868848121525,0.25160963260334,0.31878911266149934,0.2749008606612144,0.2940949082804846,0.31371475291540907,0.22186041833140552,0.26433883200523567,0.25415141585940615,0.2788395723445673,0.2998608137581544,0.2868530996537693,0.2621371465600856,0.2605085296384221,0.2073265157933155,0.2308648667782187,0.25606180741372275,0.2527127902710271,0.25549550190392895,0.24977315297825023,0.28437930999446726,0.2927975030195346,0.2543335858426991,0.26148183410247317,0.2970960723555899,0.2645572215546878,0.29495358464009286,0.26483865883024355,0.23490669611649248,0.26034199629496946,0.233264634647025,0.2997284172044587,0.28773228107020116,0.20451772776359367,0.22468009244046747,0.3393871808749274,0.267520056249363,0.22321863692313235,0.31806475319142996,0.33256757420642236,0.26820525598930156,0.3114313631492452,0.2810026845549196,0.2727810617196407,0.34999212531366525,0.3700026249955564,0.24205837230161023,0.2501546219978853,0.28651314490005514,0.29710957943336774,0.210448602703862,0.35313211700867675,0.2619918496125423,0.29665874828333844,0.23715316081391039,0.22168351125298696,0.35535447126900044,0.2905626922587853,0.29411088630625065,0.3140872939723223,0.2365437819677024,0.3002548315567885,0.2702227579614933,0.2645196330004737,0.3113662688903686,0.3631834089572196,0.2930766313731889,0.2603432685895008,0.27867337639998424,0.2732320258785431,0.27342005314863027,0.2465201245373843,0.24395666153822756,0.2830892851785117,0.2668977076839973,0.2624069494213058,0.31347813403886926,0.2927937774065046,0.23999817705142285,0.24304853915338615,0.2584224942349029,0.2506078294070769,0.2758846711486497,0.2712899943182067,0.2432743649920693,0.22859446578507087,0.21644272880855814,0.3045044376206828,0.24399274712419255,0.20349365023082921,0.27072046591608606,0.3015746770768154,0.2936530231162272,0.28817552414468417,0.2233039457267091,0.26077870996223623,0.32408451911442343,0.27761293177175983,0.32750222972123383,0.0,0.29444466318093165,0.21993930491895078,0.33315379171537207,0.19120607138690282,0.307250234250053,0.2485364471767823,0.25246918731482654,0.24134523366497837,0.33893314724640783,0.2895502806869966,0.21906659156183156,0.2853763577375572,0.23725184816543543,0.2547922272945676,0.21214252334919076,0.3028547030239327,0.25749241911895165,0.2973140717796952
0.30611099355696825,0.30754518339532555,0.28292799218036513,0.25152469923209025,0.30716074671462623,0.2814350336756871,0.27788940677702156,0.3105436471997914,0.40920681465507497,0.24112771140734435,0.2560173819439773,0.3355951563192613,0.2512154124799373,0.2299636200057835,0.3250280386709521,0.26104201469234806,0.248313747933466,0.2504176658423109,0.2571567872117222,0.2922978492156375,0.32818034640493016,0.34337853794827977,0.23231848117768436,0.30074517698272013,0.2853450394845976,0.2448120912401985,0.2359379972025359,0.2200742324890011,0.2114109053518861,0.29796948528116607,0.38450428627968375,0.24964787869288638,0.2815783974010293,0.23494790105742952,0.2792443346779256,0.2920035724530367,0.3211212369351705,0.31346625054302896,0.3158036728843502,0.2532629230836576,0.28175258157954675,0.30741418096198236,0.28058993231943813,0.32102454703919675,0.28153930131996713,0.25288335301739195,0.30347086172394294,0.27911438683037193,0.2792853394812589,0.30290571698506036,0.30708002841851584,0.27160347591488415,0.23280672118756734,0.28808988741565333,0.2584518176203702,0.3111814169860866,0.283395755255706,0.29663095431330566,0.2382674822608214,0.2504948265108903,0.23749526893300596,0.22821381843971478,0.2634713516683413,0.23749429583331455,0.2624622269394655,0.2252206658132872,0.259468917459901,0.32382697615538336,0.23359024596284772,0.2808487310728445,0.3487845425435075,0.2523220863005618,0.23306447742713518,0.2869813840511234,0.2672178199968069,0.22039972733967106,0.246516852955787,0.28958346151746184,0.25182473137860056,0.20274198642059502,0.25970756562549274,0.389759642156748,0.3745404968003208,0.23878754133893235,0.25965049649166566,0.36132338540596143,0.2646635472390357,0.27672649175432873,0.2579872641956519,0.31039546633863735,0.2985297541751032,0.3142776570519398,0.2794935986322722,0.2295546878812537,0.2826059614426567,0.35058692055431057,0.2558908240836493,0.27335204366703786,0.24735686970504997,0.2398849608975851,0.2702041734452045,0.22276419566304925,0.23211753395517914,0.25487757221057045,0.2763304272322004,0.281584755697218,0.23914916500258399,0.2609304347015731,0.250803563214902,0.285875782232002,0.26263656336176633,0.2792846089708376,0.26382923042261225,0.2620619808206506,0.24051845128333293,0.2719821575994092,0.22960023820631,0.2642489858299878,0.22109449167870354,0.24992723731576788,0.30082306421340144,0.2632777172238019,0.24138112657090907,0.315230563217769,0.270973966822881,0.2576650923585683,0.23528343908488372,0.29988896432240797,0.22821560715373948,0.29293677153858033,0.2811822427743086,0.29816229167343705,0.22135926519029184,0.31597077830718723,0.29577076826258386,0.2530490839657654,0.29545764905089905,0.28409767848791667,0.2560133221680485,0.33635460512762744,0.2324794971665228,0.25352050194765596,0.3183917406409662,0.3017994978264553,0.3003385211946358,0.29444466318093165,0.0,0.2482589550153074,0.2823957095380845,0.1830410692130087,0.3054344427489606,0.2529407611606399,0.27496397645917625,0.2653799866267726,0.3045233284716395,0.31721862757595204,0.2510448652295721,0.3215870658194624,0.2344233928019276,0.23286040804553348,0.2167477904915134,0.25806002423035507,0.2555535984648806,0.31411007299207244
0.2568472826306367,0.288138213834351,0.27861490724293114,0.26283953347834216,0.24034432811381906,0.2926967936156991,0.2604334070126021,0.28348952803217325,0.22507550405580098,0.3154129856940384,0.24533671686517777,0.236161074465759,0.3244722737790069,0.2543309402307964,0.28448187850473083,0.3100252383977878,0.329562594371937,0.32065178212245915,0.26046596769117797,0.25990549974998634,0.3105257480559631,0.2654556580308995,0.2371076206072023,0.2502394667492393,0.27409249627852106,0.24305501334012927,0.24010353349413,0.2797267876273142,0.24065866150077125,0.24072002653635832,0.2636515741306162,0.3070717803990273,0.2891879720103333,0.24069485851051983,0.22442982039587966,0.23570270398341697,0.2776426405532234,0.2716492714379368,0.2678356254389727,0.2919380102266066,0.288088690685586,0.23892421885284917,0.2792149000511745,0.25395741921069537,0.2793468201782596,0.39241419241139563,0.26343485969650526,0.23224832957497538,0.2810694314030157,0.25389815715822595,0.2978477864257643,0.270171315946914,0.2838050819152135,0.2879036857028304,0.2382638710599937,0.2482890835234287,0.2865069067576737,0.27340247514381294,0.29258510100547214,0.3022846164247411,0.31719381608523384,0.2610656201912642,0.2579906442638895,0.20442920817776566,0.2639327468866606,0.28821021476030356,0.2983346090823901,0.28998603170410964,0.2702080922935336,0.2760035529098411,0.2929786929236961,0.2507944025769406,0.21510091101080264,0.34078165348397227,0.3303084836949116,0.2948572079038011,0.29108331248902986,0.33363643061593007,0.29430651519902923,0.2819135211896974,0.36710623307121215,0.2604158346565082,0.3450111035353718,0.29147700390195375,0.2580550065221894,0.2857419186235288,0.2430250403242401,0.2660077058701404,0.35212811667880833,0.2553990128695796,0.2549852928892864,0.25586488505150234,0.28794879587369043,0.27660341477047207,0.2656805655104536,0.2553246848630398,0.2569797116841847,0.24364076506205548,0.19575059853642215,0.33287986356271654,0.2729710198340974,0.2654291525737285,0.22347160985452202,0.24918821287594659,0.24086572374889242,0.328326737387003,0.34185912185216555,0.283086388182224,0.3899124089063001,0.278579580239122,0.26337953575019907,0.22971236156347322,0.2611749965831991,0.3040786097254932,0.28659850853847935,0.28809419078504506,0.3002803013865064,0.23422910379055745,0.24177761067174186,0.2455804733051812,0.24312134457996795,0.2511202370910164,0.21756861536853012,0.36961005536386793,0.20777725463288488,0.3210607770519114,0.2601303684441208,0.27294842775513034,0.25917174147073746,0.2935375777209079,0.2641689256302021,0.3027996267432963,0.2417614845221838,0.22572557057730114,0.24194004718334744,0.25781350010035065,0.2843947469230294,0.25498278642637673,0.26481548861198934,0.3281272575651878,0.2884796070111639,0.2672743058467639,0.3180206087795987,0.24590414011716394,0.30017905776508386,0.21993930491895078,0.2482589550153074,0.0,0.26749118519263004,0.20619197344528636,0.22747537814129543,0.33086687831379047,0.26359957965157405,0.2690504236499638,0.321963211725461,0.290416208527273,0.25071681529070916,0.3471789161864066,0.218599781042702,0.26162024631162517,0.3721490537378642,0.24569431095752278,0.3082833795093713,0.25766800587576566
0.33249602789040245,0.38526685680025496,0.35375920952372525,0.2357012917483162,0.2539285632533314,0.30307623712390674,0.25022397932920953,0.32770014912998446,0.273136229319126,0.3923176132068222,0.27026333500753463,0.32711039968205863,0.29102496582945353,0.2746419318964417,0.24881814892253595,0.3343267659051977,0.3264312794529999,0.29904221318729685,0.31956809433204897,0.3420420497482526,0.3843166808689549,0.32275735594016364,0.30443856464899993,0.2879264545393149,0.46808804298023243,0.2586185665990646,0.2428584266140312,0.2876676754443318,0.2880197096551722,0.2654529323813764,0.3083777927072767,0.3199547657973537,0.24739927666938571,0.28336125086767444,0.29312479976940287,0.2799789645131645,0.32425696692844314,0.3113384960853971,0.2376636227290273,0.3067973294171837,0.2689309865338012,0.3018715243324311,0.2868059578678248,0.2732840251897641,0.35860973635083176,0.29023307302656426,0.3016000626764461,0.279137306905002,0.3359297062354318,0.2706863492146239,0.2787379090631403,0.31037231884415745,0.23976041755322333,0.2890016361795829,0.2681042738678052,0.294118485875086,0.3127343397952894,0.2994554711231986,0.2840586012976257,0.27489947969862716,0.25948885763445106,0.21865611609587984,0.2756949067651677,0.25319182605510954,0.2393702121852735,0.2606432358408331,0.2535020336670044,0.28925314707527927,0.2939968859731793,0.32622826119861,0.2867256989070177,0.26597843558204187,0.2631698265288721,0.29818539549579115,0.2983759732576237,0.2829209285251642,0.22552957165663198,0.30488197589037574,0.2886311120734589,0.2190331330734229,0.2754945028520261,0.289369715478087,0.3355969381218517,0.2765198038093623,0.3075839747147814,0.40148700927185343,0.2848673326878646,0.26519086587517077,0.30110714968928515,0.2522905511197864,0.27843242665827905,0.29384231446919246,0.2844389554459923,0.26244572982001024,0.3046951295834412,0.32340391748484504,0.22719126377946414,0.3570113223413228,0.22337925258637398,0.2751026307990088,0.24002752367796232,0.2438104489791347,0.2562751336381887,0.40884688983441836,0.28587728029547493,0.3181158232156532,0.2637328616780242,0.37583769575281034,0.30124956638863637,0.34749839162838253,0.28973591464407183,0.2831079899899047,0.2789432181287411,0.2589065010500309,0.27862063651600555,0.29977537249277025,0.3154786326870585,0.3132704338902281,0.2975890267562595,0.25878622196558904,0.2539929482481298,0.23498743454871,0.31886743767584314,0.3293289275732645,0.243824043844715,0.33125348372431607,0.24158378942710504,0.25336145656511216,0.38412132571817037,0.2639551013889829,0.30206533333343477,0.2820823772352361,0.2223790150606594,0.25975399506242,0.283232897192859,0.22565466694958797,0.3039911103164482,0.27323398976138785,0.33830964033633665,0.30136302274048066,0.2385754366006957,0.3212939582541389,0.33999103441122724,0.27027855795596645,0.3259306669949475,0.33315379171537207,0.2823957095380845,0.26749118519263004,0.0,0.22481737225088622,0.2676734371237445,0.29185017242755806,0.26603907978395164,0.2840434182903279,0.36599995348208536,0.3053211833993584,0.26218154872024485,0.2995941548716292,0.22677216724000904,0.25635769244544393,0.2592474573112529,0.30174495965603104,0.2545441570188872,0.2711913459513589
0.18038014132390612,0.19926863475353787,0.20436936361905048,0.18675057864319788,0.18731232551259544,0.20684168502372222,0.16614675594678183,0.19730023278702935,0.1868655300263133,0.1973796041724942,0.20743857296703344,0.19369800751656402,0.19390928435553698,0.2264633798051824,0.15042844397473845,0.24317590894441166,0.25750364816085564,0.19178943134981685,0.21027039296579994,0.2060156889156215,0.22392613035208253,0.18462955612460985,0.19437203447445495,0.16524006521711393,0.20726971116119794,0.19908075758373564,0.19883689939882052,0.21770639769353048,0.20061120953446435,0.194776174451885,0.1751142709763817,0.22669931920585998,0.1685409339546129,0.20149780836681244,0.19756337220884015,0.24332141613333647,0.17457490374824242,0.25526244028407896,0.19346367812048937,0.19180996285328347,0.20685290257789096,0.22938499794860756,0.1928911257987023,0.18950578885946717,0.1929688398348315,0.19113229686063313,0.1945335305829354,0.18659797631197184,0.19609381685393437,0.21601164510808266,0.19044766448618572,0.20639280011050484,0.20769378359229365,0.19388856738255678,0.20329892250542178,0.21039177403741552,0.21115214934802723,0.2307987460143157,0.20778395434082467,0.21259827957376115,0.19373801616541045,0.2441380698992879,0.206932489197871,0.32094831543809793,0.18865943655405526,0.20191190699898376,0.1874983621525288,0.1621268576768636,0.2294770038734351,0.19249586475620462,0.17905693484468252,0.21869733791879817,0.24559315595057735,0.20085012009088957,0.25491347225761735,0.18144181131771803,0.19951386393124299,0.20606045220518057,0.20124857184969125,0.22165783273715783,0.2367563668165071,0.1817748521805402,0.1753555156226294,0.2452520404214077,0.2689999744231195,0.21645517956229454,0.19932159538027308,0.18989985887896768,0.20170246585426518,0.18259958394536158,0.20715759323955887,0.19377741316245184,0.21269454147461933,0.19448296303982568,0.22956660659474679,0.17446431713221647,0.2132751466787389,0.2373876966309041,0.2781096893263618,0.19402710316247748,0.2043000813163249,0.20712972033784793,0.20556276548210778,0.1912484636054313,0.22813632407901108,0.21138820480266868,0.24475783402289156,0.24479627018156283,0.19365081501985093,0.19187943394590165,0.19644354326694274,0.2536287353170701,0.20662703925653214,0.28677341600012884,0.209020867596097,0.2036128492630671,0.2312698686940663,0.1920458343099197,0.2562663397816183,0.25769990321630787,0.2187854734654079,0.2046949489659782,0.2421401809367422,0.17916324196865033,0.21678458918782534,0.1786912495382433,0.2615882108572168,0.18802986212036676,0.26051117022074405,0.19473498515849938,0.24690402823379407,0.2610167352246768,0.20813951271751607,0.22046458024273827,0.19810085435118777,0.18916866446153774,0.17759608869988905,0.1812252132976527,0.20049252526796493,0.20121467199247178,0.1646410340349457,0.28724067719399937,0.2014100840358487,0.26087711072866787,0.2290611694674968,0.19120607138690282,0.1830410692130087,0.20619197344528636,0.22481737225088622,0.0,0.1804359324045587,0.21995405087278774,0.22583723550706206,0.1925164328562225,0.22168443103931562,0.17634311650522164,0.16534013518298818,0.19037558330654794,0.16529395341591055,0.214602064259064,0.21897502122899645,0.21703979633635156,0.2634347864398642,0.1916192802121333
0.38112214467840017,0.24909121226163983,0.2184645281976055,0.292994240313929,0.25915984821155696,0.24237176300316485,0.25754599695382346,0.270404530133997,0.30102284136101787,0.21978452295746498,0.3374100818273502,0.28119961119737136,0.26545666858729833,0.24745152506583268,0.2836139070966025,0.2780672893182308,0.26668464660536373,0.2998309304164647,0.30671527795557607,0.33287591116374377,0.33568998819838064,0.25854366749935237,0.23989520175354906,0.29877834786681595,0.3265931249347524,0.3032408048052414,0.22517586813041865,0.2660396459723098,0.2319576984645715,0.23130941793515,0.3852332866624652,0.27823799818644585,0.26974404798208146,0.2772832880360217,0.36519940054678496,0.3046237471830376,0.3595445023396621,0.3193640632635731,0.340096721398145,0.292823982680845,0.2850186383233664,0.2376662728037141,0.36458001787779404,0.37186707382133494,0.3110801325066291,0.28849976374875697,0.22089437555206504,0.38278112694120164,0.3209022494358885,0.3154535084405391,0.37061839775035726,0.2969072258204493,0.24263974370183425,0.31264078625785796,0.3178601475530857,0.24402065833472217,0.38122195606563475,0.30075214566602404,0.2730273644495338,0.2935810249234004,0.2925205189081085,0.23386967977237844,0.32030836693919845,0.2391329108171842,0.3026476308888134,0.32056804467301586,0.31534939718367594,0.2716065150021866,0.2526268988060041,0.3109279917468807,0.3760913997951203,0.30753052597121916,0.29375540130201694,0.3129125542805832,0.2791862913474951,0.3125407727452728,0.28498589969326354,0.25620552548845593,0.32502940127935165,0.24739945611258624,0.2647384676392867,0.386814319798451,0.2489014386554438,0.2703678201638524,0.3219491497238431,0.2898127331542131,0.3373412605479305,0.34812212440957846,0.28744015187573924,0.25296184351699136,0.33863976437214277,0.30314872570259066,0.2914965879992237,0.33456948955007104,0.3024375810694373,0.27318568038197155,0.27131263643309944,0.26225720688945936,0.25837695352484885,0.2987345781415356,0.34112087255314,0.2932072886910293,0.3210873318172825,0.24498438321665553,0.3379701623046486,0.256073826126436,0.27512754039937304,0.2507528254173724,0.26043084253962795,0.2649437275407634,0.3486510424866899,0.33335145800914595,0.3289892097328944,0.2777745439110203,0.29781786307411884,0.2484510783179609,0.3093633125512322,0.28845366343215106,0.2395531980474798,0.25967523500331263,0.3063939026079555,0.3079633245615957,0.308434965585529,0.3363884223649636,0.30796971644258764,0.28524860821381165,0.24024064126082065,0.24882611165125965,0.2583061941658107,0.2981190997248902,0.21203407037687985,0.27737107146713114,0.31361717071103995,0.36428540188302155,0.3807180158230823,0.2572611341129521,0.256456671358338,0.329642063417017,0.27383883975629436,0.3871929875021353,0.2787967415415557,0.26334116925283674,0.31307945507726936,0.2744810591039527,0.3492667040195824,0.307250234250053,0.3054344427489606,0.22747537814129543,0.2676734371237445,0.1804359324045587,0.0,0.2744045809259883,0.32235817351690643,0.19510353191607874,0.303656561876131,0.3623897497968681,0.24883272574613696,0.27990784158057896,0.3147443386290313,0.2800352677161082,0.2239096807891682,0.3756200945271544,0.2728514426110391,0.3864950466061164
0.27797545167993404,0.31248853776762625,0.2129869142275749,0.2750814403037355,0.23876205171247514,0.25831595340077285,0.2652594495294117,0.2528162725470999,0.23629055123325196,0.266261610612605,0.255457876732869,0.2545979789780726,0.24169808968681064,0.29055474699916506,0.2566869333967473,0.24789081883520023,0.2835225734111234,0.2951017473054265,0.3246338385161282,0.2720693070546053,0.3150855584302434,0.23173193431321654,0.24420041791005012,0.22329553975341201,0.30403404675606527,0.21986150273523758,0.204754067824345,0.2402096354185704,0.3086889634166361,0.23517273672126168,0.28851229338229706,0.2802445290541729,0.28260689578561526,0.22881816818232267,0.27807805130740365,0.289030246308905,0.2612759923617446,0.3144841407094647,0.2556333372368395,0.27282285189204336,0.32187153270122765,0.2375917616459812,0.28559380632193887,0.2966759255830233,0.24524532073352073,0.2756731768902093,0.27745965298130837,0.25199103185648614,0.28854158754757026,0.28687168435527677,0.340550844227816,0.2886892619361774,0.3919790252760996,0.325975286926755,0.2879014708089402,0.24641021053044787,0.33541084564028834,0.2670517134109829,0.3661161378985871,0.29030907131776884,0.2755391628129647,0.26452921614209507,0.32549328077616685,0.2582846506743145,0.31406418786880586,0.2976075373281362,0.23733081847642465,0.24711776754654297,0.2674859500460303,0.2717629174277235,0.2647529274758373,0.30637870771163656,0.251156043313135,0.2777873246535463,0.30169288949312084,0.32817354331284265,0.23770523800071727,0.2940402614601669,0.2880965532824962,0.2871029410697821,0.34887987497552725,0.27593739263705513,0.3009737043594647,0.28283594609833995,0.2985295481727943,0.2706621265094915,0.2529814703046218,0.3310615012170597,0.287552361190678,0.2148810773876813,0.2864318134547629,0.28869087972461777,0.33282179017522334,0.34094076101329784,0.34813767765684756,0.2542447626220722,0.2961813057497163,0.25775617994522315,0.26329711604946404,0.2566608041128518,0.2912618941694189,0.2425572458561954,0.2745759968036635,0.2607802159829598,0.3173229448157916,0.23318693610780902,0.2888609319627965,0.26026888185244335,0.29948491325931376,0.24579472027038746,0.2991225798280776,0.280988136643241,0.27805350680198104,0.2839331375378405,0.3334610942747836,0.22980582034688632,0.3863814329900419,0.23808342616826877,0.2628997069128892,0.2612882286040381,0.2592626118942589,0.27726831113118183,0.2638099731064283,0.31643969941600364,0.29299206105180764,0.2909605528691139,0.25054189684850187,0.21827139595421705,0.28303697482075885,0.28520202939110156,0.24472228726711248,0.2618422882431396,0.251848018193174,0.2934577007352472,0.23578117627143055,0.2993416287049561,0.26382830379608263,0.2579157504698952,0.24147905349005414,0.3162035847223922,0.34658600865105005,0.30079251275008884,0.343145439988631,0.310368922549129,0.3084106384227684,0.2485364471767823,0.2529407611606399,0.33086687831379047,0.29185017242755806,0.21995405087278774,0.2744045809259883,0.0,0.25893787515451044,0.21211303013522878,0.2945191640042237,0.25104352427176324,0.215499499445608,0.2530030097110182,0.2941336714192597,0.28054706648616345,0.32627381460362886,0.38051718464815626,0.2940943312096177,0.25843272352352503
0.3316761727795568,0.2575481744215153,0.25775970998691466,0.28094936429399875,0.3129691525203942,0.2165197097655512,0.2683575884839378,0.2516798678646595,0.26817603868683376,0.23377760016704982,0.37720710713260636,0.27321989168481264,0.2749973827740974,0.2691149987906487,0.26416959226024395,0.3260189912968611,0.3560119247484807,0.3553480165148615,0.3279840948684052,0.35140747890523,0.36939220843234266,0.32565138186665904,0.2745798205832515,0.2995820526179685,0.29231359137341256,0.23699811278980332,0.29320819995718683,0.30840064795135613,0.23664903485264843,0.2852521489091549,0.27129657083037234,0.2898312034647243,0.25723855088746855,0.2459537841697988,0.3047478182026885,0.33116383235625946,0.2980451239369369,0.3629640921090583,0.324454484006605,0.295749883514227,0.2999699566278345,0.2550681064364402,0.31143232181962704,0.29981334179264213,0.2791318663271886,0.29700607225774994,0.2210300211058243,0.29397538620719776,0.37237515436209223,0.36897400812072473,0.3259216923660187,0.25972029999312257,0.27390660353907315,0.3145226861086107,0.3002522293875214,0.20594367583968867,0.39147808698576325,0.30189504678305906,0.3198240236927773,0.3738531550805892,0.26556812134669977,0.22087570189722255,0.25194859261406394,0.299008460980667,0.27413032759671485,0.26349676533102756,0.2677539466771609,0.2381124013578809,0.3422169829949611,0.28016909412741087,0.2865699137849662,0.3003675974958565,0.2622466620060539,0.3415959754355344,0.33099957488269816,0.24760809979687445,0.29741921656207854,0.2857030847968333,0.25722705108765054,0.20283210826830442,0.22586551582002432,0.30556867527458587,0.2617768260127175,0.24541508343718346,0.28576600596191054,0.29254532757188495,0.2509238219110454,0.31109575758288643,0.26578722142608086,0.22745827412107147,0.3692391888669943,0.2582380714903208,0.37530838676526,0.2897696551447604,0.2924284819539936,0.24363448658592166,0.2489539819219077,0.22847926189018292,0.23873536596529546,0.25687015135673896,0.30571479610865393,0.28510833527694013,0.25316217908401883,0.2383639818304785,0.2835093108857995,0.263076112001639,0.29777976823237073,0.26925589577545295,0.28897984023243134,0.2784188347100456,0.33795372151729414,0.31863332348910145,0.2416608004007807,0.31631383506971006,0.2609860544464053,0.2540102526272631,0.2509339838431187,0.3499934401763696,0.23630868008570358,0.25062461714189976,0.33798903547191406,0.22844715400377238,0.25355236573788353,0.3028260548997452,0.23713663265348242,0.2545692847139205,0.24549087769206118,0.26271114580418203,0.25813778097560347,0.3230511740718476,0.23678499867862676,0.2993262666489082,0.2639523007382437,0.28715127808232027,0.35369290888393057,0.23737746500166737,0.2578569489701991,0.29013375729038987,0.32725705430550217,0.382606410697978,0.23320335249027244,0.3055420844122027,0.3086629617280398,0.317674149982244,0.34841899455480274,0.25246918731482654,0.27496397645917625,0.26359957965157405,0.26603907978395164,0.22583723550706206,0.32235817351690643,0.25893787515451044,0.0,0.2368777616719548,0.2913572076174428,0.29647684749387676,0.27772838170894576,0.2545102773300301,0.2461812969153706,0.25170130475406716,0.22628069667679762,0.2621647255734877,0.25845401568624454,0.3578016422304618
0.2218359512184345,0.30449537007613076,0.28729550056798125,0.23022866142767995,0.2395199067250392,0.22820903263965145,0.27677401669233764,0.2614844724321635,0.24091389730879592,0.2875308679476822,0.22596849398399307,0.25397417024192737,0.26312882850187935,0.25102599736378517,0.24109420862968106,0.2636768218025375,0.24872837203075218,0.23556918155011497,0.21112631649718525,0.22143772923602015,0.2778783455345648,0.28027070921173286,0.2640977975450886,0.27724581770096735,0.27665615824559603,0.24584950905624606,0.259208605422937,0.204277952095619,0.23068960799496221,0.2723567489802456,0.229945498153538,0.2556270846405984,0.24096549217866775,0.21200773385362362,0.21267079984450363,0.25028029779910677,0.2621698749749469,0.23899631924974252,0.21400130596741912,0.3132494108972099,0.2639301097717437,0.2720004702930044,0.22245154256697325,0.2241940018524466,0.28300753964201286,0.2701310056785107,0.3070883364523266,0.22151148743323315,0.2625230755775295,0.23736100214995146,0.24892268880330823,0.23621988354047604,0.20611652292766738,0.25840704012505183,0.2250085817710903,0.2956356858213172,0.22626705913009137,0.24474992321808156,0.27012527568566297,0.2568179619372255,0.21775669508677312,0.22390921554138124,0.20923906736298964,0.22866620757528278,0.20928172742566137,0.21663458670705257,0.2643838070927583,0.274577574148712,0.25639143215558147,0.23358562129736074,0.24767722823338012,0.22835922384609741,0.2155641050761075,0.27856504252260533,0.22145460432642003,0.21101662565793375,0.25085836774237696,0.30381041037103246,0.21394340729321437,0.1891059636995048,0.23140302107181035,0.2325754458659014,0.31875587176827747,0.20661437758880277,0.23401807147975118,0.2758029988596771,0.21158036715449308,0.22858012910196104,0.2304291656895225,0.2805069594710826,0.24774077811910475,0.2477019709416175,0.24539830640626759,0.20394206794684439,0.25153237626580466,0.2660801770140777,0.19577937256881234,0.2563431016421368,0.19414265407040693,0.2500944418924932,0.20945542371024148,0.2385373295130864,0.21865909078683599,0.2481465865886591,0.2120768091756926,0.2853484535631609,0.24052640870589237,0.2585071915888055,0.3214262245873676,0.31623824308739173,0.23149839201948974,0.22525849111482485,0.2236613444411149,0.21874109244353535,0.21092101338812766,0.2659283122778524,0.21129835971761438,0.22904864113419152,0.24306816297179876,0.20969795460087232,0.24141226754684816,0.21097340211385668,0.2167520258007914,0.26607050845513364,0.19014194464727482,0.24731389375320714,0.2401647587888414,0.29804622586509844,0.2509399605813708,0.2793102485317361,0.28891129094768137,0.24754114827360751,0.1977442094259143,0.193384049460386,0.22694779566926904,0.2066486619436337,0.2597259260170913,0.2561246915169643,0.2775410094218139,0.25712299813460343,0.20435776789670082,0.25612337460538537,0.27522007772840945,0.2284334751117757,0.25465789589263205,0.24134523366497837,0.2653799866267726,0.2690504236499638,0.2840434182903279,0.1925164328562225,0.19510353191607874,0.21211303013522878,0.2368777616719548,0.0,0.27310324810212755,0.25497481756844087,0.2563089307104452,0.2942644813976283,0.2059075670871549,0.2108811900462477,0.2401378162706378,0.2062030705088986,0.24280731282392043,0.21509377497407367
0.3051371491601357,0.30448835211218783,0.3042968285443429,0.31755716701787884,0.27692095774600606,0.33165825578666763,0.30879843052995404,0.3449283698454499,0.2544563863126284,0.3010949775761644,0.28645254436686834,0.3743058706303268,0.2932487800006485,0.23116766130261773,0.29146160373303687,0.33807202286330545,0.31337831566397584,0.2893945489548782,0.37161609812217467,0.2881293328439033,0.4490384883484251,0.2879986187674167,0.28746763471772907,0.29775632573601846,0.4616652999582081,0.2903902210778339,0.25330685668902364,0.2755508173660033,0.24604820079955542,0.2589940364101183,0.3258523948031081,0.31549540863993786,0.3101717944998953,0.34342932895712497,0.2787313682468625,0.3010494048919266,0.32834744853253833,0.3113755316103561,0.26839882526523234,0.30737679468173024,0.3198477300975541,0.30786883805412063,0.29448745844543095,0.35164311108381163,0.33696074271548065,0.3292364457483314,0.2688584140081088,0.2925183960230145,0.32990037791382604,0.266880647151487,0.30724104178572603,0.35306160031900424,0.22217268963783438,0.340047589931869,0.28264350074305433,0.2797631413488402,0.3098497262494823,0.42282198256572284,0.26955535563619787,0.26978892889967904,0.2702709941685841,0.23120927203882813,0.28603870590330027,0.23741310507057786,0.24109780960383562,0.2780439093613975,0.29450398662991695,0.28227079230342783,0.2798404157988317,0.3654408240795876,0.28949914542136823,0.23936563150593582,0.2678326711646838,0.33420006583872847,0.32098961448536156,0.2546485718299536,0.2661189144586365,0.34131750646894715,0.2972745162682101,0.22893538551851525,0.2998151408959913,0.3143490765892589,0.3145790930222991,0.2756150143440011,0.33298853369107717,0.35716969351617406,0.3024642189360106,0.25000559860375754,0.31976074335423066,0.27130938923230746,0.3255632310814692,0.34549647846109166,0.27048952225045403,0.2508726729956786,0.2826182573244842,0.351776655248488,0.23101190284161596,0.41696976642400657,0.20866086743704876,0.3167810031630554,0.2517690127677165,0.3039548178868512,0.3251111146657175,0.39066741433650404,0.2650268883148096,0.33162771978698197,0.30829878618010753,0.36456171567861295,0.30820351092936643,0.34953297748591233,0.3870763911605713,0.28282543664761534,0.2950581930437956,0.29306249211045987,0.2812635317591569,0.2972852243178275,0.3108613947097304,0.2793049083341775,0.3193133243407941,0.2844569268131161,0.25618263825040244,0.2964530201755414,0.2815984515530767,0.37258875234624395,0.21943712448330896,0.33728321277601186,0.2420791688913642,0.2813201065467094,0.34981787951845666,0.2635335730245342,0.27129474827711697,0.29210103578392793,0.24067017491382686,0.2691618961247845,0.3061948385789811,0.22013271919151828,0.2697371012098253,0.28668702628878234,0.32012737535021485,0.3436481100521087,0.2748707023774138,0.3013696272297406,0.3164462888125663,0.27063342488259756,0.3605156532389917,0.33893314724640783,0.3045233284716395,0.321963211725461,0.36599995348208536,0.22168443103931562,0.303656561876131,0.2945191640042237,0.2913572076174428,0.27310324810212755,0.0,0.3311545705169756,0.26356987195609266,0.395275605142178,0.23140764688026821,0.26165408843857996,0.2726225115995886,0.2762924894388951,0.3019825579724531,0.30423574843128515
0.3527323587241323,0.30873343001445164,0.2795068901319429,0.28036751535087334,0.2751191824329567,0.27993781129149636,0.293995195582282,0.3226964044815953,0.30907194432327667,0.26976825420919626,0.31066910003820464,0.2636275808440698,0.34812823004367666,0.27976231134541474,0.3288263101567001,0.3096812427015019,0.26284003957157276,0.3355504709971952,0.26341972136341185,0.33014560209839816,0.3270909535999207,0.3400866379981513,0.2579876449789019,0.32247124558633733,0.3417714689561583,0.2776698871406329,0.2547982118908383,0.24905308814130964,0.22969666232448707,0.2519857528385477,0.37267326420870983,0.2779370160093226,0.3008011291216278,0.2620340246624022,0.29604769528829844,0.27238684404066593,0.47740904750052565,0.3419901216097809,0.30301655190867766,0.28900296525502855,0.2599831915672829,0.2801616066752788,0.32510730787134284,0.3085768821681411,0.40593479420182543,0.3317104005120938,0.25002732178655485,0.31268464873791746,0.3201910554107022,0.28533889429938686,0.3289068629892098,0.25408770428646793,0.25592005849438215,0.3161155119081693,0.2827563712225646,0.282518734069617,0.32009151764191435,0.29024548204448286,0.308782663609299,0.29682677081008907,0.3263361177130589,0.23673437675171047,0.269031312453958,0.22072947130248302,0.2779017878235194,0.3023439100096627,0.39474180803834635,0.4366539409461934,0.28263568631684866,0.39269851593216343,0.40182410579083233,0.28354175756171307,0.2529556838726986,0.33715629989911705,0.2820158002630398,0.28963159978707237,0.30155107401092457,0.2933963959076034,0.3173805366433096,0.23693871535345243,0.26789547186039847,0.3562423618544735,0.3336898487314685,0.2836550512531407,0.2703527127338683,0.36377574309321425,0.35341757688590464,0.31146268895040075,0.3032762030369771,0.3419775296345952,0.2979258459567871,0.32184356991200996,0.26763449687281243,0.2897830468725814,0.29884445265062476,0.34407239698501846,0.2889322988758224,0.26637223895427464,0.2211961966068138,0.28893465775687266,0.33300437334853655,0.2989377357331987,0.2584888376699405,0.2810891283804808,0.29076643349313547,0.3266305615832217,0.2757095420131512,0.28075382281270844,0.30702838582300296,0.3381846489177964,0.2854807023401796,0.27308764006289127,0.30447998079078614,0.2867621540766758,0.2741655286272331,0.26153219031831054,0.25446753282999707,0.2679492490506711,0.22210705246672544,0.24101110735869427,0.27777458078137274,0.2769524433724746,0.2668910784025146,0.40086628805842994,0.2639252174112753,0.3047445160272313,0.23818817475361745,0.34502995169977907,0.24559686485938725,0.31619457815170243,0.248825529486466,0.29070675340251845,0.3175830543426518,0.27222990360970933,0.3813558461368605,0.26675731413241843,0.28892990440226796,0.28170910267804605,0.31570652930565507,0.3993805785018346,0.291541989605095,0.27931975910679285,0.3336416767389378,0.2664221992559925,0.3712874050182788,0.2895502806869966,0.31721862757595204,0.290416208527273,0.3053211833993584,0.17634311650522164,0.3623897497968681,0.25104352427176324,0.29647684749387676,0.25497481756844087,0.3311545705169756,0.0,0.34225163179244,0.3437904729693971,0.26065637964236416,0.2503816298146133,0.2544792399197851,0.3022909180227123,0.28130884039788784,0.33157886496486744
0.29818550811937,0.283683380606292,0.2796101169583174,0.26304917960612095,0.22364201028705255,0.258838594602932,0.2781716804015252,0.25904869316735973,0.24041005822088626,0.2468385327969111,0.2911798289234098,0.24872465838461288,0.3502409321772404,0.2533212291412288,0.27831399754531505,0.28229433018643435,0.26534335165495265,0.2859191080409803,0.26824306911399715,0.28738724548406364,0.28401011805754145,0.30658622360960214,0.30606391656567894,0.31650959134016987,0.2999706252618316,0.22911779916431108,0.2937159476248216,0.2929830966696952,0.24233313517573601,0.27434978735403176,0.24882927559470214,0.28179608140692947,0.25502932460438976,0.2477623251715404,0.23577065014787446,0.21376649905824896,0.3455677950378125,0.27241286911220364,0.2245945707790849,0.321543282300174,0.2374295483464221,0.25383323355363907,0.23010578053359113,0.2271145911655654,0.29379838946950587,0.29202756776865285,0.2126717566414975,0.2391438532399822,0.30526916482438904,0.25083986198633,0.27508946874959483,0.23139880965958975,0.21585967686463384,0.2559518712511904,0.2308168573624636,0.22734424385984153,0.29241786166801836,0.24576005397777734,0.2650153862251496,0.29406187430483,0.2612359480990362,0.19768776684624184,0.23263406417365226,0.1868268143926839,0.21361160739631838,0.242427841510166,0.2950687223352098,0.29289192472589143,0.24362872236483402,0.2990901166755244,0.2639339559889592,0.22822947827588957,0.2258288436432828,0.3341055778406128,0.25614827108147786,0.25504379216966794,0.2764191598124186,0.2644153249186671,0.2288511566496094,0.22307785084377352,0.2256413945351294,0.24764613561143506,0.2865531125398585,0.24285224185711787,0.22803500517253888,0.32633365553113974,0.2583147187138037,0.23841049128402467,0.2712114544198195,0.2597690754577122,0.24591039120631636,0.21774511249148892,0.24831676054148924,0.26675340157064503,0.24319074963143222,0.24290057174116753,0.20237170793195705,0.21558678435094036,0.17745886552652324,0.25980923922296634,0.24512219030653634,0.23286886318023176,0.19919656273997924,0.2184331664645413,0.23023757058418606,0.2728509814189273,0.23237545297646425,0.24826981514153124,0.28758215393093767,0.3123862897018678,0.26017898044070303,0.21257986380985233,0.2610442151104743,0.24647140857275227,0.2378262941904045,0.2876653423850674,0.23093716393819255,0.27180580363335805,0.20732148284140023,0.20445037363969332,0.23689934932440312,0.20166812783500518,0.24290173340040175,0.3245540031356412,0.21124101620631588,0.2719797994799697,0.2065409395278907,0.2567708656238135,0.21287485836531642,0.27207301034579257,0.2270702788398582,0.26594171859866134,0.2735265572684087,0.2210371933968429,0.2592918490295965,0.20606554146546005,0.2469235422260157,0.2475983218221258,0.2834844363929272,0.28641899462887155,0.22684201419770206,0.24465574855743186,0.27373702240596104,0.21613849823579784,0.26148963707077905,0.21906659156183156,0.2510448652295721,0.25071681529070916,0.26218154872024485,0.16534013518298818,0.24883272574613696,0.215499499445608,0.27772838170894576,0.2563089307104452,0.26356987195609266,0.34225163179244,0.0,0.28753059850665813,0.24024552066073443,0.26012656951981766,0.21734682674917963,0.24311297203940424,0.21541849500964985,0.28855558472281445
0.2917432485596409,0.33399682771119565,0.325022522834539,0.295242223461176,0.2644234629267377,0.35747885866948265,0.296239856549128,0.3519836034211173,0.2674511663829656,0.36297768090131094,0.2796595015134331,0.3225614302865458,0.3398422320038277,0.2347016957183679,0.29257402114117503,0.3377956480865886,0.316172198150693,0.2673947604956464,0.2640168390175506,0.2612808466519879,0.34081773828299833,0.29158908615423434,0.2697513354860355,0.3198243275827087,0.3737638857266112,0.2830848744466025,0.2701383593242467,0.3052566409307925,0.24453922102081782,0.2941360947713823,0.31870013354489857,0.29176319945108253,0.2807716381129467,0.2886516687775722,0.26706233810125696,0.2516101360477913,0.36989354707895516,0.27416058551218125,0.23668853273233656,0.29819082822569715,0.2724063416571323,0.3250327970927692,0.2534595786479252,0.3131099783693112,0.32901556681315136,0.303280400381676,0.2792389992119653,0.28183277408177504,0.2942688655075505,0.23623538463854285,0.301744913976112,0.30065981980060685,0.21122139320468694,0.31496697907140503,0.2572762251736435,0.3310868220391519,0.26781457686128907,0.32892185388867845,0.25442610547115035,0.26116122478752757,0.294535072348927,0.2143366107113343,0.2596592949946166,0.19230711569172804,0.21134126505084486,0.2552543441304055,0.299198271946359,0.32393956978692834,0.23753296284382838,0.34146487743561765,0.2891413808387179,0.23430161318283005,0.24078320790224045,0.3549883719740316,0.2975735767922524,0.2479668979463824,0.29274758512855126,0.3409664110527328,0.2577724405574754,0.2599909555162809,0.3148335086812783,0.2726129951960926,0.4087216600647288,0.2793577755193212,0.2645653994745828,0.3495354660314383,0.2856155861533695,0.23742348135987942,0.331582680405132,0.3052403168016658,0.3038474435179579,0.2822783942907345,0.25351533417617345,0.23982997924981575,0.25590248015971545,0.3591000112973199,0.2097192392982188,0.3250238662076243,0.1869100366370142,0.3458212178318299,0.2571350876243787,0.25109969549627315,0.249733788893499,0.2720657195103014,0.2369604980685393,0.34311380952961695,0.2917637206325814,0.399416099773163,0.29486291129969744,0.3613465465090151,0.31243922844396954,0.23123167633738897,0.30803323803663024,0.2853581978731186,0.2617815947522228,0.37609498893070864,0.28395624433867883,0.22934121400957136,0.28396643777895786,0.26488323723320883,0.24992060782175057,0.2734041638612809,0.23979014127462633,0.40618386520832345,0.20793703249565867,0.32499601489681634,0.2393041265528155,0.3130228941913988,0.2965034493597606,0.2581539073785663,0.3047965763823729,0.31178878171557695,0.24570262599273365,0.24013981287919078,0.25401025091537366,0.21356870890774773,0.2876726990750305,0.2650671067319065,0.26355607611829146,0.30533034849818497,0.2529456507472101,0.25427481479646463,0.2952058551130546,0.2278487603984992,0.3166823997078738,0.2853763577375572,0.3215870658194624,0.3471789161864066,0.2995941548716292,0.19037558330654794,0.27990784158057896,0.2530030097110182,0.2545102773300301,0.2942644813976283,0.395275605142178,0.3437904729693971,0.28753059850665813,0.0,0.23314928953256786,0.2770392806254223,0.2860294668114689,0.26593701224346045,0.25585604092353154,0.2932265016307104
0.2814675881245569,0.26172055960525736,0.19090245697337305,0.3287731390534703,0.24146402422796978,0.21738986820448108,0.2909899039417882,0.20261433319827932,0.23924902570341922,0.22260303015767616,0.2601692364755541,0.21263975330689347,0.23712983928940498,0.3190866513190463,0.26664613222068206,0.21866384680352102,0.23832419485007622,0.2652470445139318,0.2315531219759751,0.2629166587242653,0.24661653917911963,0.2462006496594479,0.23091019388863085,0.2826101794586109,0.25507460766374807,0.24340609364289043,0.22810392352744538,0.23179053037234562,0.285897278173788,0.19040309895072152,0.25966651940104635,0.22014516840786671,0.32545487098380455,0.21220657425042372,0.3350436916095708,0.2653445412013078,0.26420612348024436,0.2678049093613017,0.23925695800842567,0.320484538804951,0.30322146829839186,0.2049812687438376,0.2345075877628576,0.3451926337530811,0.2356364022728582,0.230110711690634,0.19658753342980256,0.2720686569704669,0.2860784503549661,0.2635348685957146,0.2871597164432467,0.2635620953226449,0.26088211485935464,0.30799560220828787,0.2781688605193897,0.23234998088940836,0.2779575938710519,0.20785383764107063,0.28868212737655347,0.2618536968214164,0.24978167703872128,0.21119087833828207,0.227659195557863,0.23353112755085614,0.2611693553248551,0.22777700135667722,0.28301604525070995,0.23417070747807034,0.2126093352903018,0.22513291538659375,0.26357411694866045,0.34226011429128755,0.25473288350628903,0.25316716445645987,0.21242223188192008,0.2672674639594022,0.2250501629823924,0.26844197675612413,0.22896436988572802,0.2449774597191492,0.23721987723122126,0.2746590041747772,0.2364631711557308,0.2339484079245668,0.2634538380411004,0.23971795061914913,0.23556973842430182,0.29394343069014356,0.23117379127519763,0.22004832912592154,0.2663232473270952,0.2888326170920017,0.30053074304154026,0.2769036057353099,0.30823987883230175,0.26504581829890617,0.21505426700597743,0.22920733227191464,0.2558468508880286,0.2528019527248282,0.35909076752419505,0.1992053539056532,0.265063730159352,0.22790901766342314,0.2657592471833577,0.20936315062645608,0.21231570801379507,0.2141248976416065,0.26562127835937,0.22710789249777885,0.2632932886825614,0.2708154206180349,0.2829195936173062,0.23208960698840336,0.27057960012605037,0.23341193511931663,0.25498288141500497,0.22098040237873912,0.25485735432464457,0.24729876317247754,0.29524061236076327,0.24726719876511208,0.2522890112745214,0.2790880227798868,0.3229474456075793,0.26138052473717893,0.2258102360072628,0.20405749851586055,0.25159371374609163,0.30198462261060566,0.19517716020128276,0.20747155930750463,0.26727130435671237,0.29298097270216683,0.24616850214821623,0.25686362752808595,0.22426507467525744,0.3556230239120354,0.2637230415745055,0.25873492791225555,0.33743209296691945,0.24597507382492398,0.3094506355298546,0.2503122499793383,0.2840329016066083,0.23725184816543543,0.2344233928019276,0.218599781042702,0.22677216724000904,0.16529395341591055,0.3147443386290313,0.2941336714192597,0.2461812969153706,0.2059075670871549,0.23140764688026821,0.26065637964236416,0.24024552066073443,0.23314928953256786,0.0,0.2627123444476167,0.23349765679073406,0.33307421373465196,0.23807958598616738,0.29238601295686467
0.2926474037247251,0.24128688823965205,0.24440812966109005,0.28355648540104217,0.22100177822278883,0.2620236539852244,0.2466444565355407,0.24950170504702712,0.23904778743257957,0.2573584170278336,0.2531058204121002,0.22713216443999648,0.2966995306662804,0.2994147759092137,0.2095136042931189,0.3063299286909388,0.32644429343172154,0.27094021507728455,0.26596115973114576,0.24935290688995723,0.31122555049102407,0.2243754013810115,0.253703496835086,0.2116340729324293,0.2768361402342039,0.2937442671045039,0.24635622037634775,0.3101524209302372,0.2424237459092887,0.25377284127933575,0.24738281347314595,0.3785636454235416,0.2275867563985225,0.3032375025227594,0.26437805864359126,0.27370711649857254,0.279704750554587,0.3126121963538849,0.2329939168834259,0.30372751415164123,0.23835665557000582,0.25823531084905776,0.2611442603893473,0.2679847691572811,0.25846632987047674,0.27208567348708046,0.23501552161875378,0.24056058954686924,0.3188340825633,0.29960075977179096,0.35936479202735866,0.30180277751278456,0.26991372063728564,0.2825013522199701,0.3137837191896136,0.2774430179735691,0.34375350857935966,0.25150428589552576,0.28263902005424035,0.30179510947249405,0.2820136588585313,0.315726908183579,0.2945358381879314,0.23921777435947006,0.26943308262761956,0.30751358145709934,0.2950244390956291,0.25425677119384626,0.24854862435001432,0.2650251677661688,0.2907284683750091,0.2977896310891533,0.371931927552177,0.36310123913303916,0.30346103865887936,0.3103491712088591,0.34170774003493576,0.2790675797060325,0.2644653837290687,0.3423023276684022,0.2937104818446193,0.2803482215871343,0.2557083540959671,0.294980898606404,0.39443560015301093,0.27616271011302757,0.26964889990147367,0.34595497400172603,0.3305562668911048,0.23167800495350227,0.31386963910405896,0.2528326685806881,0.32522125196667373,0.33685870165202175,0.3680784060802212,0.21955885918192383,0.24150077703420264,0.24592127667397562,0.28276112965535344,0.34054756321545254,0.2840392945733455,0.27039274686025455,0.28686813380020615,0.19843466694436854,0.3373081005946582,0.28509251451998,0.3140335069868768,0.2438728670433838,0.26617837706091485,0.22811075996185992,0.30160972799897623,0.3359361283801015,0.4028678932918365,0.3284842099166711,0.3127672866697737,0.29532791321332613,0.2935588856959458,0.2742895758457751,0.287525577994537,0.311637480015965,0.2835845547816771,0.30086512249359143,0.28531472451918943,0.3158809858658909,0.27870125230728443,0.25242997931596706,0.3636975652419625,0.2198281096551565,0.280473686462859,0.26131163881022273,0.2516769349422429,0.3080400945329508,0.3359628629020696,0.2875976128001245,0.21937751931007882,0.23395526828659205,0.21297776047249192,0.2625685699434452,0.2274222014367984,0.2815794096701951,0.22113056996639469,0.3210690245321699,0.33036614714670554,0.3019422671339557,0.30006076421388034,0.2547922272945676,0.23286040804553348,0.26162024631162517,0.25635769244544393,0.214602064259064,0.2800352677161082,0.28054706648616345,0.25170130475406716,0.2108811900462477,0.26165408843857996,0.2503816298146133,0.26012656951981766,0.2770392806254223,0.2627123444476167,0.0,0.2586983356520194,0.30897532457204036,0.2811089604170976,0.27714251539756535
0.23632805150499342,0.26861434517599286,0.2700640150013862,0.2695629598614911,0.219814006577068,0.24023264146625495,0.24024905860609214,0.24680623447414252,0.19668740335434742,0.30143459773210873,0.22864953700280724,0.18962820968240376,0.2750493430321782,0.27875810554827923,0.2431169527362007,0.24287032169646047,0.29958030095367066,0.2891146216076361,0.22605319940689306,0.22577310734715825,0.300929570114753,0.23505164258382275,0.23922858633715402,0.23713114610758648,0.2524448499712188,0.26643736338142066,0.2137037341614654,0.2637791925819038,0.24924447486600818,0.19052512582301975,0.22428876154206884,0.25721016505439,0.2527136333473779,0.22360051759095118,0.23546632226089215,0.24811036842307102,0.24814138138818054,0.27317047243552534,0.2068339169223464,0.2816244973207969,0.3039855067918867,0.25196182874211964,0.26040628920671094,0.2572137484645959,0.25547607972992176,0.29151449700438997,0.27298120095947037,0.22778532229077522,0.27329171496574656,0.2450787903891207,0.27733549157913145,0.28535223535304727,0.2907881644364258,0.27641028851681826,0.23093425211547594,0.2680208775479655,0.2628220501384324,0.21337975795133543,0.3318524174204907,0.26387866119813524,0.28546306410866285,0.2489585880588911,0.28030076429941764,0.22796736044594496,0.274440906932053,0.30166578056413035,0.26568145708745255,0.26170070570651466,0.2787870619578218,0.25790901534376826,0.2650331870790982,0.27324204871304514,0.24045823951110368,0.3050085916025253,0.29954102386699444,0.3114806947818678,0.25542541260088847,0.285182743083645,0.28161070464878624,0.2768156598335638,0.43445085605436073,0.24293675896923997,0.25536598838251406,0.32425935605741973,0.2680327744604024,0.2703374635169876,0.23669007337423373,0.2499794053400461,0.2976891966253386,0.2149774631907072,0.23574290103539364,0.23034707703131457,0.2579403957663202,0.27451419661926024,0.2867690368574944,0.2247174289423135,0.25479756110192797,0.27456448883734635,0.2264352771323953,0.30626188564371337,0.2539732100215728,0.24397811405672043,0.235747181179355,0.2367385248786243,0.2560536032391829,0.26884339622734166,0.30543592453860974,0.277476100381946,0.32869074991637537,0.2523061499999982,0.2476178505983986,0.23812022069918606,0.2832202146102988,0.26193274885184137,0.29908447906050006,0.25470782317670304,0.327174842640859,0.2053867728813442,0.2699745085874488,0.2691146998648872,0.23718121281571347,0.2619001473112809,0.25396774053611126,0.2891765499119396,0.231531510653036,0.2574853081219135,0.26136072484610556,0.2155958186946078,0.29121589178990237,0.3248420423258228,0.25138712083429476,0.29381108395557465,0.2254033898262117,0.22496292643480575,0.2342068463116391,0.2826250274686952,0.22091296125785675,0.25707050210982785,0.23889745183335576,0.253341961850038,0.3000686952717474,0.25881663520544695,0.26890925220688167,0.24635266647800652,0.29154669925796417,0.21214252334919076,0.2167477904915134,0.3721490537378642,0.2592474573112529,0.21897502122899645,0.2239096807891682,0.32627381460362886,0.22628069667679762,0.2401378162706378,0.2726225115995886,0.2544792399197851,0.21734682674917963,0.2860294668114689,0.23349765679073406,0.2586983356520194,0.0,0.2713549285855927,0.321641344692221,0.22796544309844605
0.3594798006530009,0.32389921098339397,0.2146123867006362,0.2631574632524822,0.2527427593610288,0.2805524920852891,0.25427666260651977,0.25420677249182727,0.29466546382742653,0.26076271643710824,0.28154842438211664,0.24150719066469442,0.2633467441493522,0.32569936745547673,0.23619670954484784,0.2573745858499903,0.2896957121584113,0.31838367447873595,0.3142046252010044,0.3291420624725565,0.31412472863219243,0.23552776126209674,0.2517566449909909,0.248331071087407,0.30802405207923195,0.26369150584059275,0.2172298144750779,0.26197057536981444,0.30896912344813426,0.2476037257212367,0.30768521820932143,0.3028452436114256,0.2685235323683262,0.25055294182407745,0.38075457387575573,0.28716266135595025,0.29600203981002077,0.3532429206413901,0.238346324080662,0.29608167725686796,0.31526487917919066,0.27420078384106344,0.2844623640322647,0.3242666055884228,0.2626910479404147,0.2610423770710739,0.2720438581159196,0.2786701086739686,0.3112548736368632,0.30387649744069695,0.33485714954403095,0.32761061092136196,0.3252384679095504,0.2924712378757246,0.2719490625546522,0.31394100644740747,0.370698109601189,0.26759705147916785,0.3387920724411265,0.30615680050261396,0.27673824377133976,0.2620467218997362,0.2862571904501767,0.26112449370469565,0.29639892859797057,0.2857876360150106,0.2852375413939149,0.26917442138109293,0.25213353417082757,0.29231632109338085,0.31753853039208607,0.3635907240542909,0.3316347320736589,0.2867358266207958,0.2934222061994781,0.3753497482475019,0.22741956566984434,0.28243087602960404,0.29820220610144615,0.3448402980709194,0.3260953533895457,0.3177952707995835,0.28361279679122114,0.2938706607605755,0.3511553286441834,0.3130343992512893,0.3173869107647857,0.35060302662543186,0.2845391971402121,0.253985488354143,0.3389429361516006,0.33493080515976076,0.3073096456155562,0.35279160386057135,0.34275444356594065,0.2640892642855785,0.26903377571235515,0.2892637647289546,0.32390670890620266,0.299042252018358,0.3128748360265188,0.2319364512932837,0.29542382265898204,0.25301744236920976,0.3706472787232771,0.2529386317134761,0.25241768463204856,0.2719069913587372,0.28713048936105123,0.2617972290207896,0.2921981585799057,0.33545553090183594,0.35647768166519256,0.3015618475526097,0.3176900626574493,0.28517109306859406,0.3978846093798742,0.24046272736090743,0.25587851581840537,0.307082492117,0.3204076304929483,0.2907945103470498,0.39861473876515535,0.32444145078294745,0.4190474149810384,0.2842545234421787,0.2794279038262007,0.21832098511736212,0.2819809828731771,0.296555085089978,0.2787200842268022,0.28473372083841764,0.3016433051892001,0.38495437208255295,0.26813137582991103,0.2689490863085886,0.26862800168162787,0.31682739747349303,0.2548185560481944,0.3192849849966299,0.28008694412130636,0.3233943134687907,0.3659120746753084,0.2956308765685977,0.36242028916717456,0.3028547030239327,0.25806002423035507,0.24569431095752278,0.30174495965603104,0.21703979633635156,0.3756200945271544,0.38051718464815626,0.2621647255734877,0.2062030705088986,0.2762924894388951,0.3022909180227123,0.24311297203940424,0.26593701224346045,0.33307421373465196,0.30897532457204036,0.2713549285855927,0.0,0.3228408049145079,0.3500058240019817
0.23199942671043677,0.23465671364422175,0.23329029023944098,0.2810166480056932,0.24209826243086566,0.2296592487457629,0.24784427792414113,0.24331686653946935,0.26409685709847086,0.2420593631697621,0.21971538607875168,0.21483766297127474,0.2272859348766878,0.28529428671628265,0.21315185271340595,0.24948643407049148,0.2687936279269303,0.25703026543335095,0.24351846351859638,0.23373651046854152,0.3065536989185628,0.21882933031965235,0.2448512417121106,0.21501401228495945,0.25416454655841325,0.2732038276010803,0.23221595105348036,0.2284330503587398,0.22026041521368186,0.23298637903073244,0.23801288409680615,0.26098280390897294,0.22969394772699092,0.24430182968166,0.2390521755076041,0.2587893950454227,0.2402118430037359,0.3077492089740377,0.24739678085898786,0.2666741226943353,0.27367238983074577,0.2980805507146027,0.25532379600230015,0.25223613892931296,0.23068820269442195,0.2783644497085374,0.2515465857377002,0.22280609249671665,0.2585013245008578,0.2636468794878647,0.2859405770513058,0.274400883538973,0.2854603550666575,0.24784418549570825,0.22096134483667879,0.3131554011608881,0.2968420242321756,0.25959143570949805,0.289408165533078,0.26689746827069466,0.253070669084934,0.31642864663158987,0.24983758859873276,0.26534238099625485,0.29621562014916086,0.29137511833951646,0.3190005429021928,0.25718421783285045,0.2636038982747685,0.25469598200636856,0.2868577744216619,0.2844311751619354,0.30722160811997207,0.28040342026449294,0.2712571572909786,0.2859141628382896,0.28051627594571593,0.28032798967391825,0.2897978611241656,0.31413797012996253,0.35713922274630255,0.30821617427841946,0.25057872751393734,0.26685293533009613,0.3617153440925553,0.2699682947958561,0.2854784447611091,0.3023271691018175,0.2672067897475627,0.27606553346229495,0.285066976572999,0.3139296567178801,0.2401137667726309,0.26958502994331796,0.3596308376405829,0.2310608874652803,0.2835362974691995,0.30916140317725294,0.3161726110214935,0.2658073363816002,0.2761447822625601,0.29011715690967116,0.3287059227454534,0.24896534507550772,0.2883771111312257,0.27539934139434274,0.29154237963720053,0.2606121739163349,0.2799433368794769,0.24815340813627232,0.26103988273655576,0.32352337014033106,0.3141716745814164,0.388311373573844,0.2457983472101323,0.23475833099867655,0.298114343088456,0.2222042549379055,0.24511109451748453,0.34193643859288847,0.28217596247687493,0.35569102318752255,0.3027281135908237,0.2809512182381405,0.3088982985733007,0.22255209557735378,0.3534718710939906,0.2235327992382199,0.26155566162567867,0.2847199686076753,0.2817537642751257,0.33164712558711795,0.2862054545421749,0.3081477452216329,0.2589495715804155,0.26242389706932434,0.20809884619205052,0.24403940076328076,0.2337657696351421,0.3137709267506333,0.23490952092435338,0.315838174323909,0.3339665347022805,0.33911175645022484,0.31640540675810375,0.25749241911895165,0.2555535984648806,0.3082833795093713,0.2545441570188872,0.2634347864398642,0.2728514426110391,0.2940943312096177,0.25845401568624454,0.24280731282392043,0.3019825579724531,0.28130884039788784,0.21541849500964985,0.25585604092353154,0.23807958598616738,0.2811089604170976,0.321641344692221,0.3228408049145079,0.0,0.26308370816547716
0.4273204322843456,0.27814413139264477,0.2623448713882226,0.2778890868542373,0.37081553266683714,0.24475952263588227,0.2893603511154079,0.24991278494434235,0.3135786465250431,0.24579547602629523,0.3726639767345144,0.27141579094678364,0.27569763345401416,0.2721775499441596,0.2782696324432346,0.2980182876521595,0.31103495621995036,0.3724360053369961,0.28688166622439676,0.3495623797347479,0.3498765377720217,0.33369730447047397,0.2722255555510177,0.3298426908622537,0.3130213292188909,0.2844959809354324,0.2426480868117898,0.2830925128559302,0.253337200190197,0.255732965231071,0.29101313677194834,0.26686455289459887,0.2564947083327837,0.25887567307559145,0.3652562557602558,0.28604437070707234,0.3367024006322296,0.32577332466643144,0.29762426836573924,0.3186307401498723,0.28050507261090823,0.30805921582824425,0.28839331928125894,0.3513115693223574,0.25835445318527955,0.2740536242105021,0.22617984638853098,0.32290177002922676,0.3532383925896411,0.2999644308876372,0.3298733854408873,0.30193859688771096,0.2554230949870881,0.2855223114748481,0.26736364495029025,0.2514839949253397,0.34334628929682837,0.3026648162830279,0.2892197557664488,0.2840210970606646,0.25093428166008347,0.2086020389439061,0.26506668397594074,0.25511500376755897,0.28453120472901994,0.25767706843032423,0.31593882118702177,0.2871584950856745,0.24951705308270808,0.32140942051423976,0.3575799135883641,0.2943393655467111,0.3250767590234936,0.3234090746018124,0.27860050748464704,0.2796619723186245,0.2631893967994361,0.3116129032307191,0.2622455055241832,0.24479792326549982,0.267523045496287,0.3706337165830767,0.2983934335281935,0.24874859898011328,0.3010781999632035,0.30666385813088975,0.2946291805571273,0.2830989430149609,0.25292370349012383,0.27458320504597544,0.3998567526835836,0.2781340648933606,0.3240187525264456,0.2973924355240933,0.33062312191970317,0.2731128632126398,0.2101861348464794,0.23708430170676878,0.26993593542575406,0.28402241140170603,0.3050618573632749,0.2299716125432009,0.26317635419547114,0.23893031787837768,0.2824450574527743,0.25501089310866354,0.2280875393893471,0.2912419213873545,0.27789981654950535,0.3041500783142392,0.3344823745484591,0.33374455773542205,0.28700009931984655,0.28952805696395595,0.2800170693300319,0.32221306680491874,0.26635863960139106,0.29096776877689307,0.2511065743922523,0.3081356751151921,0.359202717743676,0.24132393631520235,0.29297025210412003,0.3571747203534251,0.2973395665468015,0.27310603457145594,0.24471642286621895,0.24497633186351028,0.24727793738790713,0.2828147584166916,0.2328200136865463,0.27204410725098144,0.27616027757012096,0.40669384907748424,0.3250181281525538,0.2548528531783499,0.2761451573804813,0.3174353556839264,0.28883142070572215,0.3403096466529442,0.24232650779758658,0.2816042286212408,0.3405814148851637,0.2765421275259828,0.37229380397851347,0.2973140717796952,0.31411007299207244,0.25766800587576566,0.2711913459513589,0.1916192802121333,0.3864950466061164,0.25843272352352503,0.3578016422304618,0.21509377497407367,0.30423574843128515,0.33157886496486744,0.28855558472281445,0.2932265016307104,0.29238601295686467,0.27714251539756535,0.22796544309844605,0.3500058240019817,0.26308370816547716,0.0
