0,1,2,3,4,5,6,7,8,9,10,11,12,13,14,15,16,17,18,19,20,21,22,23,24,25,26,27,28,29,30,31,32,33,34,35,36,37,38,39,40,41,42,43,44,45,46,47,48,49,50,51,52,53,54,55,56,57,58,59,60,61,62,63,64,65,66,67,68,69,70,71,72,73,74,75,76,77,78,79,80,81,82,83,84,85,86,87,88,89,90,91,92,93,94,95,96,97,98,99,100,101,102,103,104,105,106,107,108,109,110,111,112,113,114,115,116,117,118,119,120,121,122,123,124,125,126,127,128,129,130,131,132,133,134,135,136,137,138,139,140,141,142,143,144,145,146,147,148,149,150,151,152,153,154,155,156,157,158,159,160,161,162,163
0.0,0.558081160264072,0.47845949259703746,0.5048383883928541,0.4612275490708386,0.5207398015896575,0.5175550579616603,0.5201304465099768,0.5583342701607639,0.47564493551993203,0.5508490353294608,0.48941659825118533,0.6235762177793545,0.5307429234289165,0.5366152602720778,0.5414270676135188,0.5522319655464293,0.6831405429796004,0.5578824918986897,0.6569991713759624,0.5606294572753726,0.5516658978772285,0.5102857607014885,0.5521266647332309,0.5934201378253062,0.4963190824978162,0.5046243437699236,0.5284160842839789,0.453101736124102,0.492012276954199,0.55345931270613,0.573359517911817,0.5165306620320778,0.4730807662536201,0.6200385965142784,0.4798286781300126,0.6173732733247529,0.572418649280728,0.4708638108619316,0.6187277743960736,0.5092948864622211,0.5419560687361158,0.5414657413584191,0.5268312903016681,0.5649159002604185,0.5556263184836278,0.4941919776772706,0.498777478087318,0.6113545562191249,0.5495229851796974,0.552385474004769,0.5543534991966048,0.4845580857554712,0.5127026725389734,0.47817628992992767,0.5058504137810153,0.6255872736912046,0.5215134729621769,0.5522786076542829,0.5466006237329686,0.5079700347365294,0.443112354710113,0.532917831315553,0.46304941458429844,0.5248184634768359,0.5261661750116502,0.538124316631303,0.5540435032511908,0.5259653506685359,0.5841433211488395,0.5973612126357584,0.5367352002416116,0.5327467530674274,0.5867022931868126,0.5539249023793992,0.5573517912340096,0.4883932705423415,0.493176489785536,0.507039987868899,0.4561675636828929,0.5029931438901815,0.5659077154863784,0.5284249917389353,0.5314325523728016,0.5252904000904867,0.6292612453977265,0.5416561196285972,0.547389986239519,0.5533973386386138,0.47803211348881725,0.557048960697512,0.5082868393607307,0.5187368741072422,0.5664676692319702,0.5251142136598004,0.501619494183487,0.45843571228810026,0.5069066866396776,0.4566119118648261,0.5522915940879708,0.496035435559354,0.4572600475332024,0.469780289242654,0.4641658000983133,0.546584870658344,0.5333594282652161,0.4783658764073453,0.5295675100596121,0.5457164624433116,0.5265119617446898,0.5297415635568951,0.5125004197508524,0.5466654595313623,0.49534767529507645,0.5481763195547543,0.5879065433452213,0.5724889571333055,0.5085826190477764,0.4739913544142391,0.4904765041257764,0.5354193504911278,0.4610254492382701,0.5487057621970322,0.5743784090078894,0.52207473097323,0.5022574162533389,0.46566158314080985,0.4760283380045603,0.4789312082196414,0.562675699550462,0.49963857546724544,0.5189500293176693,0.520134663670119,0.5422287376677174,0.5273322642107596,0.48697296750981595,0.5467026696591326,0.5852847022117112,0.5518895039454327,0.5453334242729264,0.4972309247666811,0.519317448348539,0.5652906625169791,0.46986535828653386,0.5440416573772627,0.5616533650673147,0.5282113352217775,0.47770607057745923,0.5379883957844127,0.39048729068298804,0.5981980318528441,0.512543637765617,0.5449250287816771,0.46242391597345284,0.5319330648139617,0.5856539236212271,0.581243617175068,0.5165180268753932,0.5348457660134038,0.5063699385167687,0.47758637204209925,0.6189732483242708,0.46093054858585386,0.6510133608777884
0.558081160264072,0.0,0.5459897984972161,0.5030184136257314,0.4450464600805971,0.6077727109205452,0.5513911536321998,0.5444232394403369,0.5413270657127296,0.6236864775594025,0.5050531452924308,0.5732044876967272,0.5708967247096692,0.5165104233616983,0.5365171700577495,0.5227861106290392,0.5087865030280311,0.5211655387035103,0.5427114154028119,0.5265235515037255,0.5472403585082677,0.5919521866553422,0.47909968958689303,0.5315913498913065,0.6166922019163525,0.4467756468307803,0.4941058776057366,0.46283267263224104,0.5507061599691291,0.48449237787893973,0.5856654832389436,0.5896203898385938,0.5642160663106447,0.45322389719311584,0.5301417746743681,0.5043422522394838,0.559490793443889,0.5153005182109635,0.5005480420785281,0.5691511984439449,0.5256431818274249,0.5644026570499459,0.46974574192366164,0.5084191616819951,0.5572624026740947,0.5111502120213701,0.5169879441498975,0.4744605176386974,0.5457699990502977,0.4956001534638303,0.5137946005056866,0.5002892648715761,0.4748953159754929,0.5569505462022963,0.4991306385575617,0.5884708296130653,0.512944180623303,0.5297777692654589,0.5264160449048141,0.5307175952753035,0.51250347244548,0.4477185480400175,0.46326502768036165,0.45594442827767123,0.4669911433379841,0.4618628279749674,0.5263305488757098,0.534933089171023,0.4649908578621208,0.5269715559350575,0.5344301662435127,0.48494075381742496,0.46549094518012873,0.5525590871186952,0.5343650429488094,0.5098211647578099,0.47622895475118565,0.5360944786616875,0.44660642115315385,0.43839055568328783,0.5122409905997938,0.5342643667814228,0.6015121448928504,0.4924474357095536,0.47310505202872283,0.6029150599400301,0.49349474536400795,0.49294023773590345,0.5424210488338767,0.5313835708099838,0.4931163122616699,0.57637906257839,0.5165373049153668,0.48743391751212256,0.4936557014704699,0.6248097161356205,0.46848702339994314,0.5483801144444469,0.4471425079151544,0.5473206610359571,0.49298599125324194,0.44802340592118356,0.44332701437493904,0.5240377503060852,0.48915281908809066,0.49945549768488634,0.47592435339666195,0.5218011055011862,0.5502994195352976,0.5709817920030595,0.5274888319373172,0.4592748305850917,0.5109884693554623,0.4897891211956109,0.4705538936376302,0.5401605779141636,0.5343866401856268,0.5017512238542156,0.47965418105339175,0.4910407557667865,0.4734760870955298,0.45167393993385363,0.4768376732119445,0.5754483540580974,0.47139676439127753,0.5878440428812018,0.47178532630298176,0.5266971052660516,0.5183550266904593,0.5234848919480368,0.5556993404942829,0.5147123922343182,0.4589404521164126,0.5128033383717069,0.5122813869235476,0.4499320724188337,0.5190755571648691,0.524760668367469,0.5082175340643192,0.5358245782751025,0.4958524711816585,0.5496758142204581,0.5921391830240493,0.4870731190368393,0.5428189591697009,0.5035884277762627,0.5698015233115614,0.5375799166733819,0.5976494609068336,0.4089631468919028,0.49327665600755144,0.5316764430692117,0.4982896810812023,0.5570078941332274,0.5690514779226972,0.5520199759784014,0.5075688643414721,0.5619631739830997,0.4936692171083791,0.4599942924400025,0.4961674630044516,0.5438421702326804,0.4791463273285913,0.5120993589327717
0.47845949259703746,0.5459897984972161,0.0,0.46323779487700023,0.4719235723201193,0.5749127725353789,0.4573505140312299,0.5229396554975766,0.4463910708125022,0.5717788585894924,0.5348815890647548,0.5272273625851742,0.5474972166115333,0.4393914866610176,0.4580529333153857,0.6026509349753539,0.541518632597494,0.48407348214496004,0.49194363486959214,0.46506510942686974,0.5719723825241538,0.6035020556129883,0.4361343829379788,0.48392206934826093,0.5379972820139274,0.45833220836244165,0.45621377448733286,0.4439264759825956,0.5139752007988153,0.47735632430642777,0.45378315626030086,0.5428519485524982,0.477266204720652,0.406594289026447,0.43272120892298466,0.46252216028729876,0.5071786547035058,0.49236893321138625,0.45679236888456815,0.5100580364386136,0.48172216765616055,0.5380653004544895,0.4820574679430748,0.4656236549109524,0.4896105715727309,0.4671030399921137,0.4889658692588931,0.48482358307080997,0.47605562332600965,0.4706959399487843,0.48624444179168774,0.4920259759297347,0.4174461731539892,0.5174184166048603,0.47177210609839987,0.46797221900021957,0.4740910931586415,0.5972771906991837,0.46317270032622354,0.45864381965000206,0.48616206597732764,0.41537398354500815,0.49413861801520026,0.4216182165556525,0.417371795769345,0.4340287649497457,0.45120905487738844,0.5131544340764842,0.501815126316416,0.529798353861018,0.48918633665837,0.41365559767158333,0.4367924892380091,0.5522550266141567,0.5426353556552224,0.41136686039357484,0.4850835037508706,0.5255091717476812,0.4280378759908215,0.4119091153591936,0.5009379253961664,0.4605688483204335,0.5281578839803523,0.4799501007863419,0.44711256628820883,0.5266253076733438,0.47065420298511823,0.4368270369954578,0.458667175461686,0.4290292690712147,0.4976335246429034,0.4366027540910801,0.4859058764375941,0.4187834525140942,0.4461808037117692,0.5139361628518345,0.4280260978374635,0.4703064626944026,0.3879653815595996,0.45592829332526064,0.4065935486591432,0.4670000194527696,0.41274734287167053,0.4829630461779838,0.4451186808297995,0.5041153853236409,0.4826605934189064,0.508613839864361,0.4907489015811188,0.5119902360403225,0.48289423404284554,0.43234412763326274,0.4612564393986184,0.46713348476337324,0.43311808051522105,0.5078704034714099,0.45535076700546967,0.4898825770185807,0.5132857531318071,0.4323986904087269,0.448727836070443,0.4386406602162447,0.43315859747911656,0.499816532532945,0.39544967264099734,0.5307489893481483,0.43616121529075297,0.4885786311121551,0.5006496210226422,0.471543111206202,0.4875980691236228,0.5939697410550611,0.4150519776853911,0.43393216871955514,0.47216711408814827,0.40491680318058126,0.46149649384992514,0.4481458603366417,0.49150286410607574,0.48019592109224335,0.43266619517285854,0.5025830264175948,0.47013238672383445,0.4593534031445254,0.49652461193850633,0.45191701953211155,0.5110635320295702,0.5052888767467669,0.5612853652520712,0.40715693541998005,0.4285044634652186,0.4510290521783327,0.4900331218907724,0.5347395054180144,0.5390282591121955,0.478553052120056,0.45635183999189494,0.5445660007824241,0.4040166616688801,0.4293667016124077,0.4631785310108603,0.4379820988424572,0.4356075125280383,0.4750922068075387
0.5048383883928541,0.5030184136257314,0.46323779487700023,0.0,0.4344700815540159,0.5117953938138404,0.5424336841526712,0.5133170015440619,0.4516743370285525,0.4782313095897257,0.5182082812697091,0.49451629388947,0.5020733403462708,0.5014078796254882,0.4935396618260676,0.4879048956312233,0.510446738559989,0.511786749435498,0.5639466227794641,0.4594375086577832,0.5700083294137567,0.4831889091388168,0.48200177563170254,0.4627336825753128,0.5356039844680117,0.5129795887301448,0.48183102886850065,0.48138873091322204,0.4658051634996459,0.41841086552347334,0.5047025411833641,0.5382277669482459,0.6327694653010276,0.4653990374694541,0.5041602147914158,0.5379412632383505,0.5141414991859371,0.5375831444146605,0.4973963297657653,0.5744837108203713,0.5620070245527651,0.4850771689989323,0.49736345051522923,0.5389813127495726,0.508965364175509,0.4981966863006679,0.4274739966883274,0.46480863404330347,0.5397948898497508,0.5087540010421328,0.6133131416144019,0.5419360179424461,0.4733614906550273,0.6269995811384522,0.5501254149489705,0.45220288076050735,0.5413214323013157,0.5543650654257488,0.5399017703630415,0.5214640515692396,0.5390035491513759,0.4683724553201399,0.5323751820818396,0.44769933639157355,0.4843728177941999,0.4948466651168161,0.5501153374324509,0.47613236060571246,0.4762277809924194,0.5547792688214133,0.52207875481423,0.49034591442835196,0.541235051720678,0.6085644979794705,0.526436535379176,0.47720503072874426,0.5414408528479808,0.5124143204488322,0.4851197678827095,0.4470947398714197,0.5090117877080291,0.5752651238873013,0.4561144675022132,0.5040350712168111,0.5766792813753873,0.516110310216891,0.5387893557890332,0.5527034901668625,0.5168394512030405,0.4315546108303192,0.5705267845239194,0.5571805928581249,0.5249386565541657,0.4954159134000385,0.5791804741547766,0.4959927451001308,0.48387082817910465,0.5149600057181101,0.4667591668620617,0.5620251265563443,0.4890008503317084,0.5096936194647786,0.6069711459449789,0.5008963618884391,0.5534021002076251,0.4718893832502648,0.5231495261995102,0.47144154942919597,0.5209097404258942,0.45305375859086455,0.6072172292534516,0.5429026599792343,0.5601145044845599,0.5459106762925755,0.5154458117177655,0.48886477082182234,0.5216907070214626,0.45637472091270453,0.539316676369103,0.5266512533456611,0.47227282465365966,0.590604439904474,0.46658434632216017,0.5494267130598017,0.46520228129310887,0.5237248134702426,0.5243301156976684,0.4554971255950651,0.513993710136106,0.509709615725964,0.4303798360144712,0.5201149804298253,0.4954064282068248,0.556711522831817,0.48182737568463996,0.4237411539061326,0.40522487290125403,0.5208552082072412,0.48428907513083036,0.5516524211682746,0.5531671790130412,0.5074339924333536,0.5913543431509649,0.5521517092948479,0.5452493364821813,0.5056469741871165,0.4696778855570095,0.49825180440848527,0.4758536947116296,0.39601158104275824,0.5622861637295355,0.5444642683100617,0.5008469843435864,0.42861794662951036,0.5876860227475095,0.5133671110669165,0.45509012346171535,0.5107887165241556,0.5668667507853992,0.5536242704250904,0.4931882977012506,0.5450072319986347,0.5311427561822114,0.5290216865533364
0.4612275490708386,0.4450464600805971,0.4719235723201193,0.4344700815540159,0.0,0.42268348924155585,0.5013719866308907,0.4022819297819874,0.435758500720863,0.4060878989485419,0.4892852956611198,0.46742632780850474,0.4262125038649793,0.41326718007877183,0.48647275788432665,0.4765739009718377,0.4617315713979916,0.4616969136593404,0.44603471328220023,0.42020821775941464,0.508509771435823,0.5233162875077592,0.43729463433716237,0.48132463719531454,0.43691897266701707,0.4518447756423559,0.42165116926729496,0.38601302595038695,0.4304847944122785,0.4893363962850728,0.43730932706672465,0.4434668635504087,0.4514859374190084,0.3761039988236018,0.4417909394618838,0.4448008859853016,0.45136178477149796,0.4622183608340645,0.4711776461412536,0.488425189339392,0.4775343776294661,0.4751963310359039,0.47164484973451426,0.4895850854569026,0.4140678557419838,0.4238461186363258,0.4774101849077591,0.45380400794411235,0.47851755837396576,0.48140382785062963,0.4913369352289238,0.46260074388794487,0.4059047847805163,0.46515246160554946,0.44378601724753014,0.40631719734025945,0.4667609467660619,0.5178362868972859,0.4295160510642745,0.4389134987267523,0.3816382647994062,0.3977891127239181,0.4461095451070921,0.41226441452225326,0.4314468660764445,0.38874617911582215,0.4045899649886394,0.46897802274732764,0.43546474213594893,0.432993494419998,0.47869995187958425,0.41932172649367916,0.4026662850969565,0.4725112652001451,0.423947067304409,0.3844622300816823,0.4461610777401466,0.5547750284013228,0.39452765199567275,0.39697460152720015,0.4158345513444464,0.4698629259053004,0.4841745651511905,0.38881552044403694,0.43134452850970306,0.4505872022851631,0.3975859963464744,0.4353974030928943,0.3921353221643834,0.392425523497252,0.5662352159914171,0.43484660862633423,0.5098429561568039,0.40212202439757494,0.44553151426902726,0.4427121619902825,0.378799844530842,0.4018912145055291,0.4145533165698351,0.398167471132595,0.40172938943251274,0.4001473591432697,0.4122124665141987,0.411552564470012,0.4246226670011987,0.4374904962696689,0.40682499955605966,0.41048184755694056,0.46051170377295414,0.43062488207176214,0.4720532061555631,0.4596022037129891,0.396167856912424,0.4181957378236141,0.41176803289969055,0.4562650872701373,0.40100045510072846,0.47027642431243233,0.41902212552421625,0.406512795129081,0.5535172573895728,0.40474746510828036,0.39895852514787034,0.4849760540442874,0.40840561205774406,0.4394091609488461,0.4098845828177552,0.44891784369903004,0.40609078991393927,0.4567807064318074,0.40304577098824257,0.4700251105271121,0.37996621178669887,0.4506115528827006,0.4240319601917116,0.4245303113451764,0.42282727692673217,0.4922030118892136,0.4291248504238265,0.478814789791155,0.388214802660119,0.45356873799116254,0.4568915228340349,0.4412356189604313,0.4698280259270567,0.44754494085111696,0.5297109024350761,0.4252946641747501,0.427829441856575,0.3654193637131156,0.425407414299295,0.4221950204145237,0.493808183782407,0.4571190870262763,0.45501492654087455,0.4258156801346506,0.41097744524382696,0.45395076626508907,0.41233331904201087,0.42401606598003877,0.3880886103479642,0.42685688612664185,0.41094920033948756,0.531936417784025
0.5207398015896575,0.6077727109205452,0.5749127725353789,0.5117953938138404,0.42268348924155585,0.0,0.4851655568825343,0.5458548568805068,0.4660672788782981,0.5563837830588552,0.5214040481654962,0.5179002797388691,0.6328990600650225,0.4788635285712286,0.4654751558504606,0.558168546274941,0.5184150780753612,0.47826628360351575,0.4980678159272974,0.47056427102919723,0.5401230812289243,0.5366326635349724,0.4281707254469102,0.48841657025489293,0.5601824934712157,0.472394884557004,0.4496597022078421,0.46000298316686317,0.5134769912288035,0.4548098264490965,0.4910332825859472,0.5892484278185584,0.5450668685104738,0.43487519726068147,0.4610864060632573,0.46052623415439,0.5772002067001086,0.4872195445449924,0.4548456372918414,0.5297569761248931,0.483891781813716,0.5299558013210873,0.45601420946338483,0.4981919189041985,0.5157641574420269,0.48683841293690483,0.4797968944943235,0.495550379857755,0.4831503187786933,0.45369949471535115,0.5058062764097763,0.5280283263465421,0.4389940331889134,0.5449840234760038,0.48163882182258355,0.5462405577490157,0.485654477736996,0.5496856267400773,0.4637839188785697,0.48106946752034446,0.5689208776877146,0.44684983437620374,0.5015917528729844,0.4055540297433402,0.42532502410620254,0.46486651039547977,0.5158511676026387,0.5518233536320093,0.4479438414705411,0.5413979301691825,0.524629889689752,0.43349270736875223,0.4680263031676704,0.5653221868884585,0.5496388299663556,0.4780855952479413,0.501457480591942,0.5281286364802041,0.4415321892470754,0.4843436367083202,0.5586591119465825,0.4826447274755288,0.5623632017720481,0.5305758963168443,0.4618448270862507,0.5468973862066681,0.5328157083684704,0.4517348447813165,0.5193818119899539,0.48576454333075153,0.48111909272697173,0.4833241726756389,0.47382045369008935,0.4706584369783893,0.46667415970085835,0.5738176136096246,0.45529665865307284,0.5059997605799311,0.4069941974351499,0.5326093422963527,0.45293474483140966,0.4608110495854953,0.4260351478525764,0.4684479418359544,0.4663145131473681,0.5053980769176093,0.4830993366193531,0.4998716506560872,0.5032643044264067,0.5500513858031867,0.5155269161369445,0.42963279332508963,0.5646913625383251,0.4723460462666615,0.46969566745621194,0.5474481232919786,0.5048320408355098,0.4433245564115587,0.5230012525804305,0.47837849354163636,0.43841619709551355,0.4669761577857129,0.471024216139808,0.5672099632198425,0.430893144737185,0.580193266748773,0.46318300636007087,0.5086677456833494,0.5083021777041294,0.4742648378330358,0.5024697041897955,0.5622169324985694,0.47555569376068296,0.4779561976925163,0.4720646435332013,0.41584089158657483,0.4758228863891817,0.4614280092504251,0.4543553834110715,0.4747243762620493,0.4925451251062434,0.5251963807125659,0.5093111297156923,0.44918882638289714,0.5158219752413866,0.46008369896836426,0.5052328742956121,0.5370528648703384,0.5192908001590911,0.3999849040271386,0.46691997141012814,0.4866388579035327,0.4469936450850393,0.48224355366108934,0.5460926340353627,0.523143788549146,0.5120600020961121,0.6194563742917097,0.46379202554843796,0.47989229831193264,0.49127384541929175,0.5004087389917236,0.4452919932575479,0.49139441186017496
0.5175550579616603,0.5513911536321998,0.4573505140312299,0.5424336841526712,0.5013719866308907,0.4851655568825343,0.0,0.4654052847846561,0.4810139754974506,0.49883805296049055,0.48959621652793095,0.5624830380851746,0.48410837664757994,0.45438055760478807,0.5880673435492175,0.47374801471826194,0.4682559668852386,0.49796738163757603,0.5395528597221559,0.45659361890835365,0.5411911256134116,0.5154827260168744,0.5283387038231522,0.5593878315948181,0.5532881305094133,0.4699541019520574,0.47212049161490843,0.4330508685406445,0.4701249635337803,0.4820488481480249,0.5587919615343963,0.524381003385701,0.5613158599623871,0.4588964912593463,0.49209527784963536,0.4735380191142335,0.5412629062167484,0.4690303759162557,0.5289324529242686,0.5921045913884597,0.514636955075359,0.5147239461836861,0.48486874630003796,0.5398600473617127,0.4954051700543622,0.4994298188642091,0.4887138571052956,0.46541578926014326,0.6091219443048702,0.47856084087526674,0.5669269951970444,0.4841062573481072,0.443969849055776,0.546165722684562,0.5045031781041451,0.49558812616950565,0.5118502537738554,0.510315919695403,0.5131105108470475,0.4997371106831137,0.4497253649336573,0.42240964570518547,0.4426794351436058,0.4161500429792217,0.4750868588177649,0.4434319967093362,0.512962425059219,0.5249040604308506,0.4236417381009433,0.48418566231369126,0.5230997713951594,0.46634196897511654,0.43842533495988173,0.54595420471309,0.4457827987404962,0.49152544987426816,0.5132498247695896,0.602604575980475,0.4337914709206181,0.44488817828502947,0.46198394722386865,0.5541481725169813,0.5591986999738868,0.4185109177640717,0.4770329002858344,0.4990041308184555,0.4600770151814189,0.5116190975453966,0.491748874420095,0.4819229925420615,0.5282702534476119,0.5863295116962378,0.5258246246229388,0.47656610544556055,0.49699234987908086,0.5479743116303579,0.41993832948234144,0.48634971659446785,0.43514101198811356,0.50995099958708,0.4764975414880213,0.454407909018002,0.4890718678038716,0.49085452267189084,0.45888681275419035,0.46753204878157206,0.4548256811487256,0.45771492986884943,0.5440911884611073,0.5166307892890384,0.6100457989232632,0.47834762137509546,0.4689946544362165,0.46240303955115036,0.44887268242656403,0.48985932514801833,0.4863357486415566,0.5093776099681857,0.4478334218362929,0.44844437285476874,0.49326907551505483,0.45340097323304307,0.43711787089079307,0.6326100923960192,0.44895391847377136,0.5373217286738318,0.4498270442699717,0.49984657900662843,0.4505367592556734,0.49819680639968716,0.442936985256376,0.4625554329180027,0.43577563639801414,0.4941734332062068,0.4719441865304589,0.4365324836038647,0.4634548720355634,0.5495834018340565,0.46828424570531496,0.5730487547150488,0.469525492455217,0.479449648124876,0.5912918473842029,0.4664053490161118,0.5330338362268617,0.5214116177391428,0.5363264521699564,0.511049636435822,0.48184388468944206,0.35772398690162077,0.5135372104688707,0.5043443195186945,0.4846891386487508,0.5090915162066199,0.5608576570523255,0.5265481466995665,0.4899944273417011,0.5511157512225324,0.5145431491441865,0.4967043338008414,0.45365012693505635,0.5121285349013045,0.4867994162175944,0.5417596119610563
0.5201304465099768,0.5444232394403369,0.5229396554975766,0.5133170015440619,0.4022819297819874,0.5458548568805068,0.4654052847846561,0.0,0.5159962445622228,0.5320217562884875,0.4819617118872827,0.5352215608467942,0.5851332703016797,0.4639561645289696,0.48808476342827,0.5358441521881677,0.49766798674034457,0.51267002871567,0.5190551314281276,0.5054660845590287,0.5231142257512895,0.5078811741477006,0.4719143625934216,0.4668163054582643,0.5753696230683932,0.47699129762131043,0.5305324847621221,0.4797691568649802,0.4366484274721206,0.4707806696700606,0.5507370017243455,0.5647358891994251,0.5264755893950972,0.4699467483998996,0.46604243559689357,0.4869198489305491,0.5544160792616406,0.5215105737714122,0.47337416183222264,0.5197124401857106,0.48312316216094575,0.5022572443925972,0.5012758302312839,0.44936688461917146,0.6400139448515044,0.5437871550953826,0.46303884586713984,0.440740119975073,0.49679495148758346,0.4852329947981262,0.5068483315797205,0.4863863581576107,0.42681308473117846,0.508397193815406,0.47558997115091606,0.5036303540807354,0.5035396113832633,0.5702961768848515,0.4758631046219806,0.5201615259081663,0.5622528836227603,0.4503775426818164,0.49204753318883643,0.4263953936418282,0.4362332441296856,0.48048731167009046,0.526937161719718,0.5079260977632927,0.4955266634650129,0.6619720012471749,0.5197062345373636,0.44809877471240434,0.46216930805706,0.5738568291903219,0.5568047043904436,0.4648490616760716,0.5078687257768252,0.47451261099014624,0.5021802753595195,0.3968825687155945,0.4678162465778723,0.524070895727911,0.5128364381285186,0.5260428533806584,0.4810675775173955,0.6157492072843522,0.582557331303283,0.5022620814776823,0.5864672424442919,0.5057390935038881,0.4906723564438068,0.5054308116648357,0.4657592917251023,0.45446583701355947,0.4621723994550601,0.5247269216418305,0.48010628157889906,0.5279542412046037,0.4082942799878557,0.563085801907623,0.4435916404223555,0.552371420309435,0.4672218811653739,0.5012235720557365,0.506258929007818,0.5457404489190718,0.5161627754373932,0.5155369351130589,0.5140589835508416,0.47725727072088336,0.4849166644798034,0.4603796624692731,0.49759010408327486,0.5172017599848446,0.48302184822816696,0.5283463448831093,0.49331849535394495,0.464014075248359,0.4511234508369435,0.4806857759386178,0.4318309023529637,0.5400807329546775,0.44367877399471606,0.5157720908312994,0.40858897187374354,0.5292060386787842,0.47098628271519705,0.5549198482901336,0.49150539781302977,0.5023805361809266,0.5240475086201818,0.5283550377433581,0.4848091913218931,0.46865989586371426,0.4838839334768501,0.3935920687179254,0.4740483738881394,0.47644877181593837,0.5276213356387555,0.5465107485733722,0.47039656642026567,0.4852456484243834,0.5247539991332807,0.4699344695307928,0.4974904308280977,0.5153762639029213,0.515454434742884,0.5052047469207258,0.5459992256291315,0.3933173564110971,0.5102169121719891,0.4573623632943199,0.4823377144376598,0.506927909495701,0.5700601348837607,0.568379846996963,0.4728159321672666,0.5451351903436213,0.43374903221264943,0.45216955590329927,0.46116294367377064,0.4706414607952608,0.4693963860131217,0.4698835193624679
0.5583342701607639,0.5413270657127296,0.4463910708125022,0.4516743370285525,0.435758500720863,0.4660672788782981,0.4810139754974506,0.5159962445622228,0.0,0.45695625530129796,0.4528085383684584,0.4588085501378435,0.49381537478409854,0.489192375867848,0.5037651155606522,0.44771133299008326,0.44095566229352734,0.5271758794261748,0.4484240348308513,0.4880642940835659,0.4564487929217304,0.546675465167061,0.4467424431807087,0.4499716187796309,0.49498281716037557,0.41093804368687215,0.5254833001089825,0.42606971529485216,0.406633530709441,0.5044740766627307,0.5349465888015984,0.46971215959001,0.47525391701403696,0.3937288014504074,0.5038685767878865,0.4386732168073793,0.5010032844666044,0.4917400267649724,0.43839150555513945,0.48549898242022155,0.44097881831140756,0.5641134117420816,0.430677332763943,0.4285853760273521,0.4868692530889878,0.4553517551800384,0.45147854112008806,0.40150344089179546,0.47815483828785277,0.4651519940980903,0.45701907824289884,0.4344555740183135,0.4339825214529857,0.44423270777084933,0.41276870007815913,0.5381766524241893,0.47011782832601984,0.4805287591566826,0.46313357531828303,0.4737950160813897,0.44341875332378494,0.4162774954860445,0.4226271517981274,0.422687489104432,0.448231025532975,0.41669908624755875,0.4886103677954125,0.505228964114972,0.4635877716477327,0.537481970772883,0.515017948192331,0.45323571479577895,0.4524684297592471,0.4806890997948016,0.4816908199611598,0.44206998059291835,0.42927561009292986,0.4513530662490388,0.4106601675994823,0.37711073208129414,0.4205063077626869,0.5612804610067706,0.5403675076217789,0.4343007699020263,0.4374274280087675,0.5570674003754703,0.47864816386586784,0.4828116842604006,0.47689701533875817,0.5398829314946597,0.4951164440679422,0.5210223939189413,0.444359154781347,0.42937934404596634,0.47692883782736295,0.49559688593826295,0.42602954940457444,0.4555019681474757,0.43750654980949355,0.47201367304078257,0.4384414432243158,0.4140405048318017,0.41542742274650135,0.4298372274422504,0.4690654435049012,0.44589086099704356,0.405420549278579,0.45848249811339425,0.45831317558141155,0.4459179333275235,0.43305189505824426,0.4469042423412015,0.4564434010385483,0.4861106900078129,0.42683922084399833,0.5098110385575552,0.44300527643586723,0.4359720576251127,0.38740495125481983,0.49263305488252834,0.4597418419544327,0.4464500366962196,0.42243556443193303,0.4794875318291121,0.4632525927607631,0.4334482535470196,0.44349541844266577,0.47090896662839604,0.4021710068785764,0.4833461595126344,0.5745624989380548,0.4611592629879212,0.4501567944941909,0.5207548850233868,0.44712610335014136,0.4142741803684167,0.4491552549277685,0.4810549392673698,0.4572626961121561,0.4966513652753501,0.43213661783511326,0.4671121931444003,0.5477185732734562,0.461184953966631,0.459045556481876,0.48658638835173373,0.5764779301929596,0.43747817085578333,0.46588369105834265,0.3667995232967552,0.47712547010945644,0.44461196802366054,0.4861849323051753,0.48157299496799416,0.46254951715596215,0.5288614449916487,0.4647360065747838,0.465687468330941,0.45328171280798385,0.4173456772076738,0.4126451031237122,0.4912342620563112,0.44968094284448734,0.5212723747364783
0.47564493551993203,0.6236864775594025,0.5717788585894924,0.4782313095897257,0.4060878989485419,0.5563837830588552,0.49883805296049055,0.5320217562884875,0.45695625530129796,0.0,0.4823297031368167,0.546583750917702,0.5358930256425825,0.4538252687251077,0.4639099032368727,0.5169848045371775,0.4961185566055844,0.48230446790267223,0.5177376770561051,0.4661682995051356,0.5115824868710152,0.5252032152671786,0.47666147579641,0.4718892390353733,0.6216105309636638,0.42012423277292243,0.48864058334811544,0.46441728405283383,0.5496529384838649,0.4615424911174585,0.4913624606069593,0.5658696388258023,0.49062542926290303,0.4377180237687389,0.4454935672571118,0.45606380497003385,0.5070635058648467,0.4688588313727057,0.44881685666536536,0.5151775635022433,0.4676638144349667,0.5252065443398919,0.44866807305951567,0.44791581952532405,0.5111081130157632,0.47618334289470643,0.4653929130962043,0.44238695888056895,0.5119040630910864,0.4409510466281712,0.46960513744810134,0.44954885459283417,0.42524246750617256,0.5042039927739692,0.4773573772096862,0.5096145663872417,0.46071132353461675,0.514497637381532,0.4995416148391772,0.46806151297358206,0.49320312601730665,0.40684350047470264,0.43526580230658884,0.420080714718702,0.4153531685484004,0.4332223775952703,0.4774446827034847,0.48401804497035594,0.4676862811692755,0.5200316458636088,0.45749647111668823,0.42925274497387456,0.43160884180869796,0.5261581518471837,0.5135649284119744,0.461480326238662,0.4671235672277586,0.4995166686838168,0.42236407103240214,0.40911209208950006,0.48850803864232295,0.45700320310302245,0.5264680685158492,0.4678490318594377,0.44326472370577774,0.5173310322170628,0.4692754984764414,0.4560148232137533,0.5190543761703035,0.4561791955674401,0.45187491093772264,0.4843002129900039,0.4729408779499547,0.4328359759998364,0.4467959859823547,0.5564324196320907,0.4221062849590324,0.5138969511322613,0.39184442751301785,0.49915913135858525,0.43200123393205336,0.4568053100907425,0.4273973059431628,0.5450884889672521,0.4402195450386501,0.47163859368471145,0.47190633859517245,0.535089226307285,0.5019792564309238,0.5239505438667754,0.4907434700153536,0.41964322944516796,0.46885357719190646,0.48273387972174947,0.42712874161509223,0.4844723993732827,0.5034959249944871,0.5031848907624897,0.48290929065289867,0.4455234984477342,0.4106730049311627,0.4349119176819407,0.4307470030955033,0.50757470062817,0.4045187331699853,0.5666454664103059,0.4327533794228635,0.4700850611198563,0.5116453608948587,0.4671164455769675,0.5215219240732626,0.49104686444240264,0.42559064035149413,0.428802736997396,0.46241385210682245,0.39458646436798017,0.46663414831427985,0.448084960537981,0.4995825625809252,0.4949017363942321,0.46636490685572823,0.4929366290766942,0.5040086984421158,0.45192240381712967,0.4915520759184166,0.462394122987147,0.46783037714094483,0.535559156547315,0.6148823988002109,0.39386866409693033,0.43867479275344373,0.4961762000888531,0.4596742452832495,0.5405415652297461,0.564360448939765,0.49513054555312336,0.47019442913089293,0.5400693302285952,0.43412361006897804,0.4379433938216018,0.4994279207483927,0.4684642868151564,0.46355709778216897,0.44451742274957046
0.5508490353294608,0.5050531452924308,0.5348815890647548,0.5182082812697091,0.4892852956611198,0.5214040481654962,0.48959621652793095,0.4819617118872827,0.4528085383684584,0.4823297031368167,0.0,0.5099596034756185,0.5644463358743284,0.4900319290881469,0.4688652790916413,0.613272070485805,0.5688304187002493,0.5250665505762678,0.5519535648581463,0.5185487935169679,0.5720830527644472,0.5810314547041905,0.4720701444435259,0.5022964281921795,0.5561171308091318,0.48810749128584074,0.4876501562172459,0.5131781181411031,0.5281922441566327,0.46773340355513576,0.4758288761728562,0.5722467186460569,0.4826048148254788,0.441364564770721,0.5179256250863621,0.48815429833231067,0.5722674288570824,0.548847991952662,0.5045583968133709,0.5467109642868685,0.4796686425300506,0.511037659457423,0.5097181741744004,0.5375007791315515,0.49203641677617427,0.45381592055376374,0.4189175914980326,0.5790813814921022,0.5684571794286034,0.5030458560464232,0.5322812674513995,0.49260365870777256,0.4256363457803187,0.5558475092442995,0.557823118498739,0.42768062436396254,0.5391771445499208,0.5910015997669913,0.5018817857148506,0.48216519127403673,0.5209450624859426,0.4136114571216308,0.5142036823022362,0.45588917328795975,0.44428165108901796,0.45243440046445926,0.49284795111073965,0.48585763693634726,0.523771848048694,0.5643601185912518,0.5024160461088493,0.46748259896316313,0.5165429936869008,0.5809324433202943,0.5484112479218218,0.4428568169850139,0.5474423610948653,0.5204410780276372,0.43715591254088826,0.4489628576322444,0.47240693915355414,0.4815286124916887,0.47065737399004404,0.5013377994266276,0.4952979371181165,0.5045225584595434,0.5413842322971449,0.48460410813996296,0.4583895813808196,0.41096006780789507,0.5541043995949464,0.44244830927575035,0.5469042030352589,0.47499131733935424,0.49475651018012623,0.4866918248433264,0.4318479664577606,0.44791434596617047,0.428371425749019,0.4621846223196171,0.4762832370396628,0.48581686712997757,0.44543207290041315,0.4447488044483436,0.48896805061314996,0.4622717584156125,0.46920626738061666,0.4925152592225105,0.46730438094564763,0.5021379629240842,0.5692029599854656,0.48918044466528765,0.5135428784108522,0.5112208356256271,0.46561585617327045,0.4964145535548029,0.472604608897518,0.5624812221179867,0.5336110565511475,0.45885622774468854,0.5113577032945905,0.44941178389679515,0.486124888659255,0.5145908208781249,0.46589628961517593,0.5250093322007231,0.43886544836337893,0.4631526989351172,0.5000215863773937,0.4854365999428919,0.43695052346282715,0.5478027744461318,0.5046626684393241,0.5064129177299711,0.5339142097586015,0.43360937655463133,0.4490395304178215,0.4976339155558707,0.521026903190902,0.5037706435678274,0.4629496365174811,0.5501457173874383,0.48768251913123395,0.48824451579682704,0.5599219530435126,0.47004215674937644,0.474518813019029,0.44829878379980825,0.5129239802368779,0.4136038252213653,0.5225118566554001,0.47637792654632166,0.5753528244970022,0.4261953717002179,0.5139332299932398,0.5050640215125736,0.5483024299349102,0.48970875862970886,0.49401174901262335,0.5152302021009502,0.42874589957564574,0.5095703556566853,0.43207077022087836,0.6048074112750126
0.48941659825118533,0.5732044876967272,0.5272273625851742,0.49451629388947,0.46742632780850474,0.5179002797388691,0.5624830380851746,0.5352215608467942,0.4588085501378435,0.546583750917702,0.5099596034756185,0.0,0.5036474483569211,0.41857062121568717,0.5197733385843074,0.5322449025472932,0.4870407858204967,0.4621753522488098,0.5699488443408374,0.47805904629395424,0.5477670477852307,0.5221280269192359,0.5314001125954345,0.5711085795816526,0.6098193380633203,0.47010918883379127,0.4834478502882558,0.45188991358507286,0.4919806922326842,0.5018943073775932,0.5570528094275947,0.5351436947729686,0.51997497814816,0.5053427322309149,0.4682751634273325,0.4820060099254944,0.542046462758312,0.4662771877612286,0.526305780194705,0.5345270210567344,0.49845454616174634,0.504472236846534,0.4886954276393618,0.5016280660492644,0.5636215623397218,0.48920531364602227,0.48821492042426523,0.48201996042911904,0.5527551230203903,0.4595841406191064,0.4971973291433731,0.4781550959532968,0.3930085697213668,0.5305009678918982,0.5054300425728361,0.48136687838897685,0.479397949887906,0.5833060114557209,0.45322735173347034,0.48193138421705883,0.45681060487966885,0.39592702311342426,0.4382200310461925,0.41688243866150815,0.41043197452598784,0.4173750635166797,0.46593305628417714,0.4770267843917017,0.4310805557297149,0.503404243212499,0.47277071806482,0.4242875517918993,0.41194663073236837,0.5254774782318576,0.46243128664659083,0.4357710987117945,0.4875906489188825,0.556710531620107,0.4456056231309973,0.3992038253305837,0.43343160678160686,0.47898848220478424,0.5382426494108526,0.43499205634367916,0.44559901063407087,0.5359812086211221,0.4706124151539031,0.44832670318286316,0.487391917976754,0.47877958654342584,0.4867092376768562,0.5089729808869964,0.49242052436374717,0.43041108179601195,0.42620524801164056,0.5784252719573534,0.40753015835079986,0.5292002559523765,0.39530362377151695,0.4875598610489544,0.4339397802348163,0.47103727667766476,0.4488206889324941,0.5499575460345429,0.4375507595821076,0.49913785987044185,0.4602053096635521,0.5141557552706117,0.5056125683695446,0.5502873820982448,0.5732426324542024,0.44402209754923244,0.436353666403098,0.4455801712900417,0.43406665793498145,0.5034592758478066,0.46774907978922536,0.5294105757459666,0.46562045607479985,0.4246377385126037,0.447918214581472,0.43691711569103875,0.4390639379749531,0.5411116615139819,0.3949937027774448,0.5900771726602393,0.41614399066308355,0.5702868074934818,0.5050325856403438,0.4587652579977736,0.46628990074015814,0.46694931969976894,0.413983115723609,0.44552561943481417,0.48778597845816835,0.3880918411940981,0.5160781258396061,0.5009435805381938,0.5237518359240338,0.5344844894256535,0.4318600620772997,0.4699773585818321,0.49625506598802116,0.4358308255678479,0.5138463997520683,0.5277610857291177,0.5388172425409116,0.472903101462432,0.5699256256804556,0.38150140510632374,0.48369187882447506,0.442487523443687,0.48721026032828596,0.5452279424093037,0.6133004004380752,0.502251534343325,0.47377961398618623,0.5730635743076121,0.43341627061709986,0.43426022248587604,0.41795027644717664,0.4530768007737496,0.4299290440229007,0.4854378227653063
