0,1,2,3,4,5,6,7,8,9,10,11,12,13,14,15,16,17,18,19,20,21,22,23,24,25,26,27,28,29,30,31,32,33,34,35,36,37,38,39,40,41,42,43,44,45,46,47,48,49,50,51,52,53,54,55,56,57,58,59,60,61,62,63,64,65,66,67,68,69,70,71,72,73,74,75,76,77,78,79,80,81,82,83,84,85,86,87,88,89,90,91,92,93,94,95,96,97,98,99,100,101,102,103,104,105,106,107,108,109,110,111,112,113,114,115,116,117,118,119,120,121,122,123,124,125,126,127,128,129,130,131,132,133,134,135,136,137,138,139,140,141,142,143,144,145,146,147,148,149,150,151,152,153,154,155,156,157,158,159,160,161,162,163
0.0,0.7686451064561545,0.700809348740882,0.7770675222133293,0.910695982693269,0.7151317650079637,0.8287954789564387,0.7720549006512579,0.8862928004446912,0.6740543464294847,0.8651030925499881,0.7461551489757196,0.8317991114688673,0.8614711419975603,0.8057701554895612,0.7953472925732706,0.8387056525593283,0.9513765324429976,0.7994462161649023,0.9030110532465401,0.8451144732740183,0.813661491914214,0.8718985517313901,0.8160332762623083,0.8083384052610213,0.7850849099264072,0.8103190273275935,0.8343028462564648,0.7008441048133179,0.8440737680265661,0.806427819704974,0.7881013644984671,0.745095542265457,0.7766995816077406,0.9545555850302121,0.8078624953258143,0.8897506447463297,0.8913217421907382,0.7254845529126815,0.8105838786932487,0.7685762922336036,0.8566111990914304,0.8641463906506399,0.8264613056213034,0.8105871453428358,0.809999366255672,0.8293173959539608,0.8023927491987042,0.9037978820010503,0.9080084652581347,0.8957002517015417,0.8515085649095621,0.9056724349909191,0.771147868958902,0.7714268904686844,0.8157099833247782,0.9564643275362648,0.8068671077109357,0.8480310169562162,0.8743978844445188,0.738249566856216,0.763429049958115,0.9054935086273843,0.8289603585670031,0.8624631249236564,0.8344045425948329,0.7753274903760804,0.8360633085874705,0.8436743361408896,0.8715194162099784,0.8918087481279201,0.9082124957597161,0.879397999655366,0.8462101352997637,0.7901701613330017,0.8483868547464377,0.7688537169429137,0.8046901602561771,0.7670987046604926,0.6916397348443142,0.7081661800397717,0.8962661610217988,0.8161182296649994,0.7782991519370328,0.9153652074770191,0.8620014384063159,0.8717979289614363,0.8928388889750751,0.8198314936497209,0.7648936237029252,0.9380492284174065,0.8035683288499129,0.852032782849815,0.8892297114644759,0.9176105689288391,0.725319706167228,0.7003531950758844,0.7443775417984586,0.8693625156341762,0.7838222162133748,0.8056995374003945,0.7134795037553642,0.7816853523286729,0.6978201958120408,0.9527900905119515,0.7909611764104371,0.7067386529955212,0.7940378240712832,0.7850227422610571,0.7697573696729298,0.8249708528813259,0.9365694485983178,0.8266179186910666,0.787311430222834,0.8849738116776666,0.8407681212859235,0.8506899711422817,0.7874335721180223,0.7463208123100934,0.8236400256571135,0.8965801969343669,0.777629902055991,0.8863814582285742,0.8321020051116842,0.8754321977472764,0.6980394962608658,0.746183651224236,0.7571665580541279,0.7204649620828397,0.8047207760163734,0.7709640917203261,0.7463530593178748,0.8270556192580824,0.8855509144073449,0.7687501801360793,0.7905638711430694,0.8170359026878263,0.8502383995149543,0.7997926477791899,0.8191798244134019,0.7546591273913527,0.8031763759609601,0.9147776136395914,0.8024104307021994,0.8174147108685845,0.8618309291000292,0.8334769953260088,0.6405885690444569,0.7387352813720796,0.6720023517488901,0.9121648801233951,0.7957043470969621,0.8889525990923096,0.7056955996659293,0.7397662808316262,0.8433138461597594,0.8242408184340396,0.7432844397456281,0.8325010040016746,0.8301391531416564,0.6831692642819461,0.9397025675418945,0.8076874989937135,0.9630497700929995
0.7686451064561545,0.0,0.9249333053505467,0.8254525761164402,0.8338516667851323,0.874868494704385,0.8413469321541234,0.95783074638562,0.7180511960524187,0.9331170398771925,0.9414208965842568,0.9244434705881147,0.8753297628765286,0.8219576716686545,0.864695895733058,0.8869621797400938,0.8325845670951939,0.79488691688664,0.8555622343777911,0.8061759598481969,0.9127686462081648,0.9507508157628762,0.8098956985854774,0.8718597180535779,0.9241771323204311,0.7175924325885819,0.8198131208802659,0.7809742630771862,0.9772930076162998,0.7653151785054362,0.8665544423769097,0.8514257185247727,0.8714202943332138,0.7381481381248322,0.8284655672487237,0.9258926401718448,0.9025205474837832,0.8618030742308208,0.8869104705061543,0.8141753980313748,0.8963033092611952,0.784480306247474,0.8243890807397872,0.8635995355704147,0.8884849150201647,0.7665526826840864,0.7927714722652478,0.9281813951481918,0.8615644682039214,0.8061693323614542,0.8291569403171353,0.7454278090202093,0.837490368606108,0.9644835192089268,0.9560598105035805,0.8162562520529142,0.7749700632265801,0.8795192255664881,0.852728249463537,0.8349429942189682,0.9468167256689551,0.6812154583204731,0.81714085136327,0.8254854530711526,0.6875590218230999,0.7016216628809547,0.7738375364589595,0.8240328703686738,0.820205540309638,0.9082671671527363,0.7644395105072438,0.7949640082355101,0.68080226966358,0.871074898438102,0.8497742038669392,0.74298823222233,0.8173780573835996,0.938047658660514,0.7105048643231683,0.6429957564995623,0.8716538679057908,0.7272006149535111,0.9554558585530619,0.8748115966039464,0.6945041337903258,0.874963745318133,0.8487772210497068,0.7473364329661262,0.8159130713346033,0.8089551934831074,0.7640497619893557,0.7836038408717713,0.9313674168927749,0.7241739458939985,0.7585945156035842,0.9444712476559067,0.8344313525679843,0.7941699130278153,0.6777088073706947,0.7523684120931475,0.8707112762880515,0.8460995423727259,0.6880316736486131,0.8872583734043037,0.7807478832064525,0.7543697811967655,0.8164783247302116,0.8415949527053913,0.8488743158649459,0.9244223470618231,0.8580996599222781,0.7123815962126899,0.7519505521615195,0.7941838782541966,0.7596457503135394,0.7491387754123071,0.7952498790383149,0.887463822687005,0.8645965804391573,0.7184084628572074,0.7428944505929965,0.793308095668902,0.7097613826019726,0.8674648630279699,0.6986110192407109,0.9554741209675911,0.6324660953022476,0.9243016375454003,0.9178505738315746,0.8381352936085792,0.7883082478829451,0.8105351269585339,0.7326233691060983,0.7292179820346064,0.8944233258854954,0.7530965435650633,0.8484917474272342,0.8112941638263528,0.8939958212629388,0.8699009333563901,0.8993745224185761,0.8735046408039259,0.8231580374540454,0.8599051719275621,0.9353671256546822,0.7015312191167616,0.8556855133312763,0.9042777703191837,0.9124896996468526,0.7554890759821418,0.752920340148695,0.9288346938353033,0.8505101885416518,0.8791500502682693,0.8933963086757569,0.8813358978510706,0.8235416384087787,0.8817794179114516,0.8138190179643586,0.6928222119446561,0.8818809882422077,0.763707469822241,0.9404737115497326,0.7523347236408834
0.700809348740882,0.9249333053505467,0.0,0.7383833734306132,0.7733771103456135,0.8759923549628198,0.732839930663488,0.9377693405065589,0.6619645230214286,0.9608702295964368,0.891865084057264,0.8593317595065894,0.8643822585033111,0.7850886210778576,0.7308819654017873,0.9201780259632737,0.8601326162556969,0.7486281317906528,0.7874510040134658,0.7666242136917292,0.8930199777664579,0.9150344110382314,0.7478440640914135,0.7623654844282904,0.8851393316948223,0.6769670058968638,0.7852455960518019,0.7648977572537125,0.9436221705371232,0.7407356253158254,0.7400613835222939,0.8604966035172757,0.7529013524628249,0.6902382839634238,0.7345207379736595,0.8768410410168592,0.8126203781736784,0.8275223988656524,0.7725704876073545,0.7474456901558986,0.7929127113192711,0.8105162790424981,0.7786963043466872,0.7556520396401943,0.8325004609594054,0.7069506952127588,0.7880973609827217,0.8605037225462979,0.780647816841792,0.7696488952677755,0.7501110692525065,0.7061270488350048,0.7530190160062227,0.8757998488897467,0.8803648471053361,0.787087700004413,0.708160483411017,0.8753556539605551,0.822184770438572,0.7666364518398818,0.9069996449886109,0.6846743430207345,0.8011827859993537,0.8356295675876084,0.6204964495668297,0.6677124237789869,0.7074669846342035,0.773207283940931,0.867941093084312,0.8724019119552539,0.6891928041212423,0.709538385704993,0.6901259385278747,0.8478584884445001,0.8857243754033057,0.6432457158695299,0.788191889244467,0.8626155757795774,0.650024841480966,0.5817000603951765,0.8834923133807128,0.6431656823603078,0.8513531510164896,0.8714175643560401,0.6766488762121556,0.8191829267242833,0.80669867338238,0.6986308818944009,0.7645680626835842,0.6836536709473917,0.727179056130744,0.6896186249725674,0.8544813378027036,0.6314041149476993,0.7072881651250873,0.8574491161246472,0.7880949166661366,0.7795407756517142,0.6352747078461226,0.7048678006524742,0.7346102223587981,0.8453808713882246,0.6424966097468267,0.8445692867806465,0.7368978204225372,0.7594910982989208,0.8537707689046307,0.8652307119857842,0.779024766671437,0.8716655091526421,0.7755360008472414,0.6673917060151514,0.7327509725254963,0.8119781738250645,0.6834667390027043,0.7162855047853088,0.7509994256035736,0.8556544878440794,0.8933771223713051,0.6997289969049277,0.6728761332195206,0.7260116614461603,0.6900855803518242,0.7391909778985811,0.6183149501894357,0.8736921853553691,0.6605813093912506,0.8445032017227347,0.9249080496542379,0.7643368953194127,0.8282782356740235,0.9047831629813554,0.6560459926981731,0.6360290440792239,0.8239549034951117,0.669170100730372,0.7711446126958892,0.704633996141554,0.8556494768466159,0.7588521968428953,0.7804299432145279,0.8935454843000563,0.7373429667126808,0.8591461206282044,0.8532248369695158,0.675423752423686,0.7661125873189539,0.8589435274223007,0.9332922763684253,0.8396635187709528,0.6415495453538792,0.8221762657971604,0.8163901570973809,0.8912512580682173,0.8410889585309834,0.764980519081239,0.7361163176657153,0.8266477555847378,0.6841756835781743,0.6497750068634851,0.8760827058272004,0.6693187263505206,0.8714871718356627,0.667989703943047
0.7770675222133293,0.8254525761164402,0.7383833734306132,0.0,0.7821670109416133,0.7863196726263627,0.9022117515156095,0.8237885781644103,0.6713416550607875,0.75589173073628,0.8235764562040407,0.7829609789138647,0.8151043223443675,0.7953906937808805,0.8179643388033784,0.7394881618034763,0.7775822146584743,0.7937287657247353,0.7644997740821429,0.6819920343403703,0.8027373863076124,0.7765908479969754,0.8469130626562085,0.8162424964346029,0.8073357162079521,0.8224582592720412,0.8144523241331655,0.7935584541664745,0.7769593868546156,0.6946253376564034,0.7519317864503299,0.7277655806872025,0.9501337480521912,0.7639418677641078,0.7993869430084014,0.8011345031141107,0.839640929870783,0.7533748867781467,0.7034895983245949,0.864798904998068,0.8688968846280042,0.7475873940945058,0.729720079926127,0.8283857335397364,0.8078136551878493,0.7755717346382777,0.7547140772038379,0.7687498670993728,0.823791288518821,0.7183697974460717,0.8590435815601963,0.8676807182264306,0.7912202257437841,0.872803167984624,0.8072989189282045,0.809249711386981,0.7442638872608939,0.7987428177326056,0.7828711177148181,0.7895768697489193,0.8158346648159396,0.6605482144156504,0.8304358241966335,0.6836813439345276,0.6540932780683384,0.6908741856307612,0.8036658499471102,0.7879010858425725,0.7373617967872339,0.8401886199193844,0.7480568694297859,0.741153222839704,0.7290660883974174,0.8552435594368493,0.7424485855065284,0.7484556145899861,0.7693514023032381,0.8829383520058894,0.7364054479016603,0.6810552439901,0.7772865999740068,0.7657802850495785,0.825044554924198,0.7973310386648738,0.7465233105244478,0.8072817814377061,0.7755919353777485,0.7443695178364447,0.8281071355336885,0.7665423466987922,0.8311551477835784,0.8157766617584664,0.7948772128359719,0.7243676694873301,0.8115158043205372,0.817914120527027,0.6299751804668448,0.7978547175900831,0.6675590841766114,0.8662548687324991,0.7541203954430479,0.6919502256891965,0.8133737165403339,0.7985364620722036,0.7729941728503984,0.7389354962641165,0.7098836260840512,0.7893489104807017,0.8366294834362037,0.7711336696616915,0.8512256802514924,0.7275678005433247,0.8259957416216217,0.7138682643813763,0.8495526087645806,0.8347609622007822,0.8017553382715444,0.6929785228094506,0.8405384502615132,0.8165874081535275,0.689811996777583,0.9505051417004382,0.7118825556338371,0.8760537894799867,0.6560111269885296,0.8029171212326225,0.6855170478729123,0.7709058482437607,0.7906606516900874,0.7577631202810216,0.691014487848028,0.6625348538079385,0.7179641008035947,0.7549017805064293,0.6920297616352173,0.6388796331486788,0.7068885893443334,0.8239728124887776,0.7864175787830628,0.7327463866123441,0.9254108107573452,0.6948802330930344,0.8593300916399146,0.723647297206197,0.7745781214195476,0.759793952914965,0.739251433511457,0.7756925586837371,0.7163160758506091,0.607764200047074,0.7708031960581412,0.8324324638026324,0.7319500130230246,0.7466597093198747,0.8396999470719771,0.7721743978570426,0.7784608140831608,0.9033266598299684,0.9275937327634032,0.7770938923166507,0.8488464085036518,0.7816725068865883,0.7955897108151612,0.7811910230921695
0.910695982693269,0.8338516667851323,0.7733771103456135,0.7821670109416133,0.0,0.7364931906896657,0.8450626893871184,0.7975794704658994,0.8813036486425957,0.7253368814410586,0.8898529858865695,0.7918340914916083,0.799829515665225,0.8602637006773521,0.8763623218090882,0.803485611548468,0.8109914441547923,0.9087555303558695,0.8003907137461632,0.8531367009054487,0.8724126372026519,0.9054123613733747,0.8171169945339133,0.8271454552993441,0.8100587560720092,0.7465245431208091,0.801097152924124,0.7571769598544442,0.7759555066052278,0.835041832138433,0.8490712230453266,0.7803397276713111,0.7996501000421112,0.6970719932954363,0.9362690079385502,0.8820335106280859,0.8641872373724088,0.9119385785014748,0.8061147321274224,0.7965423465535749,0.8414561070413668,0.8397267096003042,0.8769235197999373,0.866021746811481,0.8027808708327057,0.763016028739707,0.8545313742248648,0.8463404239275467,0.8730880608260693,0.9338939790016638,0.8937563463796715,0.8061936754096519,0.9412578124119997,0.8397884505288092,0.830508800061183,0.7828827584985223,0.8838878110463192,0.8434983305195936,0.855173961999602,0.8572892698313489,0.7489421183320667,0.7691717017810963,0.8934078877980506,0.8633628790334132,0.8592054933677481,0.7400260347458415,0.7398778908580557,0.8625431289380582,0.8576047086671326,0.8733799398856598,0.8997911848421423,0.8915359136775532,0.7842583657328693,0.83579103061954,0.7949512228927733,0.7541446089691667,0.7594424572384716,0.8617187458627347,0.717228566336071,0.6156273578355818,0.7326413183244457,0.9038978267357265,0.8833655587974987,0.7648151213334881,0.805710719246914,0.8622881464097722,0.8138129905244206,0.8648697317741196,0.7480424725848082,0.7582880329053029,0.9275382640643411,0.8261013663590913,0.9199653858315959,0.7833659385262849,0.8994475421112871,0.7982776481301741,0.7713058218765032,0.7278991126856268,0.8584627858933993,0.7212525971279634,0.8282667842425686,0.7334304843501651,0.75012953507725,0.7545660029405277,0.9175624281466764,0.7456392644801806,0.705527115945385,0.7607831498438815,0.8046509774190612,0.7793804713663556,0.816376746471982,0.8918953798989201,0.7518206575170747,0.7753934313574619,0.8189547220030671,0.7801876604989422,0.7697920948036656,0.8306220956675024,0.758405729563492,0.7857756661853847,0.9151302776272136,0.79633703133054,0.7645260463582193,0.8329480024031268,0.8494957132478973,0.7569630321002675,0.7084534751133794,0.8120640278881884,0.7509344489983454,0.8548702048511911,0.7685362953267978,0.7769934419146448,0.7326178551259722,0.8754934034468731,0.8164562931281515,0.8462794214422581,0.8057683228822902,0.8691852394334288,0.8174278115150426,0.8667968117940761,0.801079605081692,0.836797925733784,0.9018773566866864,0.8902521833957159,0.8579156270820503,0.7985843244496713,0.934899455424241,0.6949753209236988,0.7763498455483789,0.6894177203340914,0.8426754133483373,0.8485157552171818,0.9091487331834683,0.770688136647797,0.7650313468988676,0.8428169526278049,0.7752239243990501,0.7469516276810586,0.8285774479852673,0.7393753130388502,0.715041823616271,0.8586381685291512,0.8706138764138488,0.9117213752608266
0.7151317650079637,0.874868494704385,0.8759923549628198,0.7863196726263627,0.7364931906896657,0.0,0.7473243933851951,0.899208454829696,0.6726291388603505,0.9015545269622077,0.8609022547904701,0.8975896873259795,0.802442746255937,0.7092916163660281,0.6943640648336591,0.8507711487772587,0.8135601950281295,0.6946272673526183,0.8593040295018102,0.7114488124315074,0.8681322244357915,0.8134766188494846,0.7301636872619132,0.7113197392465851,0.9145531888335486,0.6457805695757873,0.7080016015273972,0.7683781876432114,0.8774226872272701,0.7653278219071592,0.7621180700362281,0.8642443723840062,0.7656851771878103,0.7295267215328809,0.7326954501781381,0.8157364108914648,0.8094131308836632,0.7567810628241045,0.7372148783093293,0.677944097307866,0.7549450344021649,0.8403175354237531,0.738575417899975,0.7979850681205465,0.7595331337835058,0.6531257224588286,0.7451655630819113,0.8387324349576812,0.7582914352863563,0.6947578077993157,0.7614319153990801,0.7549084611880588,0.7152827236131127,0.8629006960234666,0.8522246587721538,0.8761675261804346,0.6936434657153803,0.9215138611821097,0.7357353851913296,0.6987537007877236,0.8788076832899043,0.664588184285218,0.8285787567568318,0.7203483660407438,0.5977460536887158,0.643694716713775,0.6613492892571035,0.734094948669158,0.757600718301814,0.8754308359937304,0.6639366544823948,0.6504363031040649,0.7057876690458771,0.7921635312038575,0.8531798111509552,0.6926890507103509,0.7412968284283111,0.8262563668101481,0.6319694522567111,0.6938165444723071,0.9592516056500523,0.6647280053433072,0.8384502581857597,0.8264771773891805,0.7075649054419582,0.761519409993935,0.8994023014768873,0.678418481465733,0.7869223148938697,0.6695140338465407,0.7329907177293247,0.7606814879892493,0.8088565852719929,0.6534729615317718,0.6858321616655249,0.886003648218788,0.7365772544747156,0.8494145741968021,0.6361709235680717,0.7044372961857428,0.7022170837902195,0.7949917792167205,0.7014354421978323,0.8742279890761869,0.7361499735641224,0.6885616030846179,0.7818628328515145,0.8517083178907378,0.6951143563273712,0.8431499315702916,0.8434064400218207,0.6496128758403313,0.8012792634724598,0.7853075809273594,0.6735931801261702,0.7050332072340011,0.8387977851577247,0.7912296738192973,0.9220776567435188,0.7373598437855592,0.611734605601238,0.8010584548576297,0.7176538197873491,0.7741582644825448,0.6375168632537118,0.8613685729535618,0.6489042495991784,0.7596529274371351,0.8902475066048099,0.6506612800666861,0.8299941427697732,0.848153698448367,0.6516841372633889,0.680354863615634,0.7536527694229631,0.6186138757200829,0.7404672547497658,0.6525836611704553,0.7292294668078193,0.7370129092532824,0.8168700104994032,0.8446677779134791,0.7422723309735583,0.8074488174279975,0.8075126999170006,0.6881567939443133,0.7442927572997378,0.7973533282737194,0.8742897241613187,0.7813994677569793,0.6889952087893173,0.8810466720302601,0.7390503810144424,0.7324928599504626,0.8927302326020806,0.7254929063495941,0.7055085336425535,0.8790375022192131,0.7034649735816995,0.7043249030678312,0.7958728242750782,0.7556845540711786,0.8655560141277974,0.6806824678269305
0.8287954789564387,0.8413469321541234,0.732839930663488,0.9022117515156095,0.8450626893871184,0.7473243933851951,0.0,0.7965314056459004,0.701397836163528,0.7620165917936879,0.8354298805696587,0.8108526335824927,0.8293360258052966,0.8213456622403824,0.9112981471008227,0.7533298979032242,0.7596604763917766,0.8232489425713309,0.7925114454096479,0.7475703107084615,0.8399421615677202,0.8125683517710004,0.8749083372752678,0.8871619258328234,0.8315161896479735,0.8205550191183978,0.7925192947501557,0.7567131057455567,0.7834155447983067,0.7153975527123637,0.8505712763488091,0.8004707960321484,0.898686556992634,0.8041076705725466,0.8538545407565512,0.8501299464408312,0.9213535454889811,0.7555197733506873,0.8027119318348402,0.8821050680273468,0.8452809974905916,0.7358487898214621,0.8329951894226713,0.8864589352777461,0.8661304606993304,0.8499450489511517,0.8273941889115802,0.8407573954139745,0.9243145527212031,0.8129393586415691,0.965013915805223,0.8064261859031395,0.854632530363481,0.9049537124943005,0.8805060505307454,0.7975014361851884,0.8196918826480633,0.7655517721770303,0.8886895689875048,0.8724253544761973,0.8229937708303997,0.7413128461931778,0.8057626500850169,0.744448978937416,0.7866249280110902,0.7946085641487779,0.880714015810187,0.8926511174505306,0.745935886122574,0.8078566300944208,0.8529849930717327,0.8391110000921366,0.7318146385649223,0.8977749912242305,0.7018938944144183,0.8707336381775098,0.870868220925087,0.9311703152872229,0.7307249116154063,0.6937453121178222,0.7325596460181313,0.8444128118170282,0.8658342253101556,0.7237136502075262,0.7660704644529601,0.7781884091975076,0.8013157869859755,0.8767499896943185,0.849577911598486,0.8171731303049657,0.8299722074126171,0.8904742724546896,0.8767044272695059,0.8299446360897431,0.8469776041308636,0.8319607845913121,0.7176050767376715,0.7622710008853651,0.7326898398087656,0.8800462066299053,0.8668462797236738,0.796500905023973,0.8326192520899474,0.7744306464211976,0.8121750717738873,0.759145255601513,0.7622866580820497,0.7310374016389595,0.901061605621627,0.8361844389729446,0.9239786184693424,0.7881503638491946,0.822931034897021,0.6868624363318829,0.8340682571786567,0.7605937578072639,0.7949254434490227,0.7953265341465943,0.7900412690938723,0.7265985182075679,0.7745403855387796,0.8319652259569125,0.7227982283990033,0.9557289059097436,0.7197695266277253,0.825301761501365,0.7107795344907553,0.8678796431308162,0.7731142012886272,0.8375039764621331,0.6528798420399173,0.6592131590193928,0.7390727350928639,0.7505304705709821,0.7784679846499263,0.7501044082801389,0.7655392106673363,0.887355400646625,0.8077056700561247,0.8325261799577063,0.8811879460635811,0.7539511263317522,0.9443878851451464,0.7710405150085388,0.8519665377676648,0.8201455394639373,0.7949020633801335,0.7907861291420567,0.7378402877008277,0.5823228681911309,0.8463819378251587,0.8390405078234706,0.7803830157948246,0.8092468157507793,0.8084095715867273,0.880704711948736,0.8250669871257084,0.855621655024917,0.9165240256102996,0.8321104356098129,0.8098954448892246,0.7999671375202205,0.8403840118160126,0.8015216899030607
0.7720549006512579,0.95783074638562,0.9377693405065589,0.8237885781644103,0.7975794704658994,0.899208454829696,0.7965314056459004,0.0,0.6987237641031661,0.9401777447230131,0.9394570186484513,0.9242916611687553,0.9040079943893954,0.8007920471006605,0.7825754047008596,0.939336896389607,0.9063887099001318,0.8062660118618025,0.8766754210359117,0.8206482278404179,0.9321360088934589,0.9001271579002945,0.8520593597534873,0.8358622716726508,0.9509484097999987,0.7318282487158485,0.8457994857260378,0.8582960970146237,0.9412077316635218,0.7982275055730738,0.8033150795183609,0.874838256035644,0.8236622544222462,0.7910504653764481,0.8027831254585305,0.896002509681756,0.878747221203232,0.8721925654948659,0.8032475189685498,0.8094306539670741,0.8608131023212826,0.8256655244362261,0.8182211564865177,0.8128584597084365,0.8955979039276404,0.7831328728599024,0.8023192799708752,0.8819989535707465,0.8564275132243695,0.7887787415830133,0.8069563745079168,0.7848939192327239,0.7938416610424417,0.9117814283642299,0.9104285686025361,0.8323234072862015,0.7858903952646222,0.9266774434134099,0.830111494095065,0.8314684343219707,0.9348698871738621,0.6702756807615683,0.8541833637781545,0.821833394109287,0.641808853099236,0.7129202903331766,0.7400556979557744,0.7703685812239401,0.8558233400836147,0.939442907346252,0.7128268750843316,0.7584541073471208,0.7126133486927554,0.886002217263933,0.9102590796800675,0.7295146126504835,0.808283434357531,0.906069059289014,0.7446814281640476,0.6462041156695842,0.8899600461730239,0.6848023506846606,0.9009675708650221,0.9325445281767973,0.7436886289330222,0.8999503902632607,0.866486851506519,0.7272085607759733,0.871441621688677,0.7500718488874584,0.778031392897251,0.7433532587195867,0.8917517682304525,0.7144488832916766,0.7356828744250462,0.8872951738756015,0.7592421753857236,0.8474144444462619,0.654563503812496,0.7761223685041365,0.7851198799992384,0.8421370181976665,0.6992936853979383,0.8905308772156526,0.7891061002559342,0.8133684365584883,0.8630947153001183,0.9408092024227312,0.8303739576822528,0.9078642664187393,0.8493664354680291,0.7152729286712044,0.7659586062529083,0.8427040068899665,0.7801507786799395,0.8016481945985601,0.8618852457392749,0.8638055113855853,0.9128652680243647,0.7495926788370295,0.7045114331321607,0.8054502575702982,0.7578987161528922,0.8268140275869148,0.6512880066499438,0.9155888793528886,0.6550818317350711,0.8750029465617116,0.9553363291790634,0.781277435145239,0.8494926036721713,0.8546583996334748,0.7296013207852534,0.696024543543447,0.835238180703908,0.6745667222030843,0.8520838052735767,0.7668580983506181,0.9039683737925175,0.8274406821982419,0.8464909759892068,0.8664338411627137,0.7952138177368078,0.8254064760683458,0.8875998476863461,0.7231928339885115,0.7915378641293437,0.8750856661559084,0.9405708076398936,0.8217394777570902,0.7324492946273479,0.8918244231268564,0.8535934497473059,0.8575857965788147,0.9221012215740675,0.8173894871433633,0.8107625183229092,0.908114602653896,0.7645749554296553,0.7106129218629,0.8831444679841309,0.7588235451490641,0.9085629782744514,0.739629430974055
0.8862928004446912,0.7180511960524187,0.6619645230214286,0.6713416550607875,0.8813036486425957,0.6726291388603505,0.701397836163528,0.6987237641031661,0.0,0.621522043869439,0.791980370333775,0.6787423596220903,0.7023471474496007,0.794051820826199,0.7342936522962031,0.7100317208821051,0.7305656805460075,0.8456894254915358,0.7225545457443454,0.8037111237716504,0.7279518555343126,0.7995105497533299,0.707433767108862,0.6810121453300172,0.7052661416960608,0.6184624896856106,0.7340749544384709,0.712714107123256,0.6609709178901504,0.8490142211242229,0.7524825238711486,0.6908830026438282,0.6689813271954306,0.6035414489031965,0.868050731910485,0.733759998770597,0.7411792061739746,0.8538863730622623,0.6901105591207115,0.6655114585578678,0.6918004605430436,0.8389260864370538,0.7350289953652606,0.731264319721015,0.6635914740971712,0.6348071246901351,0.7081870020721036,0.7090373800029257,0.74541492823536,0.8251698858128896,0.7455111543412407,0.7062208956704827,0.8763321750239058,0.6871250749889461,0.6867872920828064,0.7466811020832537,0.8146302869086035,0.7687050884965113,0.722774496418261,0.7396560664178905,0.650588073252601,0.7058787049000158,0.7944728126708913,0.7724066146220527,0.8017097447921449,0.6470903758718677,0.6376404061245446,0.7339624396192606,0.7848450011001432,0.8146122284319663,0.8010990724325489,0.8000469339744816,0.7819152262092965,0.6999484031497332,0.765667229715778,0.6870343561152715,0.6401532061734556,0.6948321432066493,0.6215244077783846,0.587714555182312,0.6434842684272699,0.8586797224718967,0.7764249847781465,0.6933787859796099,0.7545039013152279,0.7775522035045459,0.7741039334547093,0.7750064812137671,0.6623877799263476,0.6992822065985786,0.8606033076177543,0.7340859270711544,0.7841623829045828,0.7289314806406763,0.844502882459563,0.6819603651314387,0.695658777881519,0.6363314323428864,0.8641187845225193,0.6167274448867593,0.7265959666392412,0.6149920273654516,0.6493062590157955,0.6408251507701678,0.8642115403456878,0.6300550740173909,0.5830593415192099,0.691230498091399,0.6429552316329091,0.6537343525658074,0.683851272379283,0.8222606376058688,0.6957298756245469,0.7843760042719732,0.7183341049711961,0.7322308128423745,0.7057844196088415,0.7228713720546578,0.6429068232036927,0.7990488231631407,0.8455564804511074,0.7102489300655827,0.7257320831731422,0.6985452508202962,0.9046636030609365,0.6277026802056344,0.6689033477377858,0.6629198644047991,0.6287387537923889,0.7153789319983963,0.8026594098979201,0.7348051087296577,0.7372727698069153,0.92413082164608,0.7074651662399746,0.7739738869697905,0.7130046961873125,0.7312497563698488,0.6849118856777124,0.7568362221688985,0.6860965540815309,0.7696207609151581,0.8090308748235611,0.8146273965473374,0.7184688763928164,0.705449495314005,0.8549046605593181,0.5756840415931695,0.6757146206549463,0.6765201954634185,0.7864428732563895,0.7636370318129154,0.846749695998222,0.6247380883719956,0.6451563323672002,0.7353314356692932,0.7088311266534,0.6267927743541502,0.7347300256550465,0.6860077265585263,0.5832922205497294,0.8659444521993972,0.7535070373947595,0.9016704594973429
0.6740543464294847,0.9331170398771925,0.9608702295964368,0.75589173073628,0.7253368814410586,0.9015545269622077,0.7620165917936879,0.9401777447230131,0.621522043869439,0.0,0.8735491047428805,0.9053336483951029,0.8467681043754944,0.7392643410305485,0.7340485748213708,0.8946963114213594,0.8237608562710885,0.7058611604669799,0.8264005812173044,0.7336345944243148,0.8773950141604435,0.8678244653353656,0.758048866274455,0.7661151977705664,0.9159533522826662,0.6558661793355385,0.7607507574491511,0.7618871501245884,0.9643895407997707,0.7232060968899069,0.763924057085968,0.8875466980351957,0.7669047119354266,0.7296436994136232,0.7099093460711767,0.8597777707714437,0.8204290826698682,0.7649628403827622,0.7996973854606639,0.7353780465096532,0.7810150027378816,0.7652635327883778,0.7668538222322959,0.7649858599953744,0.8359394881916725,0.7098545013611195,0.7520785724410168,0.8641427784268656,0.7938098485838552,0.7245155337332368,0.758335308486128,0.6815246811869444,0.7250659637321218,0.900843453922679,0.9186116778948828,0.7757690487499079,0.690981010190976,0.8601790581540252,0.8110059609117273,0.756055751750708,0.9424621584303334,0.6563074144463754,0.7584718520772342,0.7760973283416612,0.601121755211426,0.6660529913764512,0.7116739170640205,0.7484442771688491,0.7965757379201838,0.8488336371229613,0.6562235712903091,0.6834725037667447,0.6514548132099863,0.8403792573633045,0.8418412690789041,0.6820150619889753,0.8154972870635963,0.8701922252530809,0.6414799603038808,0.6118657988279792,0.8820754529417272,0.6234524180215505,0.848445175729061,0.8299513432098158,0.6555834921995972,0.7691542044006898,0.815054514909051,0.6926190135287635,0.8006782816661742,0.6828212588135112,0.6857872720621228,0.710653524776585,0.8526788392242457,0.646319932779135,0.6683564770805733,0.8859964305171685,0.7821707032846449,0.7910088057038598,0.5987222509773599,0.7214340616192326,0.749706781496004,0.8953541600647541,0.6532909677584101,0.8737302384125949,0.7009064236165581,0.7294898349746277,0.8764150380764465,0.8429666217642726,0.7768448348604103,0.8966694959990152,0.819967130023906,0.630269258596786,0.7295692125009551,0.7793149684444876,0.664294625938092,0.6821086145675687,0.7743922006296055,0.870144751084644,0.8928697722631083,0.6594374442153601,0.6271553570027428,0.7229580165329027,0.6637448312611366,0.7719436185578042,0.5915471938058181,0.926850844689258,0.6310890757998312,0.8565394254498251,0.9384361218350006,0.7282301615480763,0.7796632555253968,0.8351249939761743,0.6524595976306812,0.6070909628495309,0.819940566180078,0.6426281611325018,0.7681951606981844,0.6863816542085955,0.8275651829859578,0.7753143597930674,0.802814382445825,0.8640740384563155,0.7350378645757177,0.815588905925837,0.8514643151781887,0.6623466885616657,0.7272590043604005,0.9112984747625363,0.9315393542564826,0.7860648029368738,0.6500145714977433,0.8519453192170435,0.7761244222382461,0.8695768764370165,0.8739098041471256,0.7689815276781973,0.7454810948965669,0.8591058555084918,0.6898908054769026,0.6703475043410048,0.8803508703272822,0.6647636419718814,0.8689667649100202,0.6361849659419515
0.8651030925499881,0.9414208965842568,0.891865084057264,0.8235764562040407,0.8898529858865695,0.8609022547904701,0.8354298805696587,0.9394570186484513,0.791980370333775,0.8735491047428805,0.0,0.8880203713372092,0.9221026182829362,0.8677115912162932,0.8250058604332329,0.9445618462125868,0.9262302029468903,0.8928449859535577,0.8884712267990945,0.876499690788005,0.9332235631866995,0.949748383694069,0.8766155950478476,0.8549929095216792,0.9278201197268701,0.7289857945635357,0.8840483712545246,0.8857260441291234,0.9105510986166815,0.8757123584815596,0.8295025182751589,0.8876410354760607,0.8138013727228992,0.7637895738435169,0.8745241497451253,0.890513994748342,0.9200235045387961,0.931196025655821,0.8296262414054643,0.8323837021362297,0.8451115810249206,0.8748342488780383,0.8509498022351912,0.8385945418510685,0.8664247938844337,0.786555978244962,0.7958133730401125,0.8987470812170489,0.9126697128670677,0.8585971667827144,0.8654095230754857,0.7855404503231274,0.9011886147993036,0.9041035513838733,0.9153632667473512,0.818027631808959,0.8738011784142925,0.9303616618119036,0.8738849795911265,0.8801064173150808,0.9176552011760949,0.7053595519523582,0.8905115054856204,0.8504033776059781,0.7228577105803895,0.7454490715852301,0.7652784460497413,0.8175378599725364,0.8956399739605575,0.976800125124264,0.7818776168684076,0.8320726405124739,0.7698560501296389,0.9112827226626535,0.9291792102079792,0.7800805438413944,0.846207791193477,0.9190431735262286,0.7241196746937417,0.6849970861287838,0.8441401313665847,0.7568663234445324,0.9387224723175481,0.8995679264142951,0.7869545522798802,0.899199996362379,0.8988142614804362,0.7988130939982396,0.860501928029101,0.7596900884610763,0.8547911710913882,0.758518083212187,0.9534008984487321,0.7935784253887254,0.8259823750465252,0.85485581288658,0.7723750099049034,0.7727668824011276,0.7236489725771464,0.7642359823375804,0.8416828503592833,0.8301767385820967,0.6969402332943611,0.8182969205545167,0.8548159982322433,0.7870376687590732,0.8141109774608354,0.8954337945914997,0.8259942910466529,0.8846810600897107,0.8616838483491386,0.7793230094570427,0.7919772206748953,0.8935501245110044,0.8088053344796005,0.8296212477299091,0.859329648399004,0.901030561178024,0.8581513174131309,0.7829344578815299,0.8000297913272766,0.794921309778768,0.7787975275811798,0.8649907799566787,0.7453802802424271,0.869444429267563,0.6794779296453691,0.8632882405498316,0.87315493045283,0.8179633301240181,0.8586967130900246,0.87227472671859,0.8157831625087966,0.7819995570771497,0.8534547120089117,0.7473772879352804,0.8585888583645758,0.8075079071921215,0.8917419348467825,0.873857271008549,0.8411733753679297,0.9061605836907172,0.8649831144239466,0.8690241958116012,0.9031123640389666,0.7358222719937675,0.8408066553087261,0.8283945797852406,0.8874463365641287,0.7951668947254557,0.7967493525985541,0.9256628030562727,0.9420721858819489,0.8201103950590974,0.8546344648269487,0.8624479644688221,0.8818197773670124,0.856926583353438,0.8158801454289705,0.7782106772256868,0.8154478610738365,0.8353716768017435,0.8916583576775214,0.8473505722845822
0.7461551489757196,0.9244434705881147,0.8593317595065894,0.7829609789138647,0.7918340914916083,0.8975896873259795,0.8108526335824927,0.9242916611687553,0.6787423596220903,0.9053336483951029,0.8880203713372092,0.0,0.7921187870530657,0.700012874476254,0.8108898566419587,0.8628292003990553,0.8030388662709835,0.7297224863407914,0.9590306898892483,0.796432218878798,0.9310208645604039,0.8442748052438921,0.8060038950196609,0.8302963392834913,0.9662320779165673,0.6775715337903245,0.7238189426050191,0.7675970629978294,0.9218262957764077,0.7815448602694698,0.8979728426488809,0.8736025923020875,0.8097622116403207,0.809070709002933,0.7989411728692369,0.8941894889208145,0.8642055670305295,0.7998283151295112,0.8921185274819595,0.7251301065461688,0.8528629847200051,0.7581324427205864,0.859825338742384,0.8842081615059042,0.8509895859897281,0.7459509548546738,0.7876406862519604,0.9249810040546886,0.8492910637318651,0.7703973224846188,0.8216236788475385,0.7523379165278964,0.7585217736464663,0.9282637139978247,0.9469928956639325,0.78303822126109,0.7745335101183256,0.9079836397539433,0.7856305566167032,0.777374895137429,0.872625664298909,0.6458801813048995,0.8205864494371189,0.7735223189523792,0.6741688289256866,0.7037907513634102,0.6801092427743586,0.7453376775704006,0.7490780138850125,0.86619007107913,0.7091001541573302,0.7357262950001434,0.6471175705879213,0.8076488043638183,0.805957756659835,0.7737310827288036,0.770946704170652,0.8787702796221395,0.7336056168226818,0.6726492176671413,0.8813713083305619,0.7041143820463431,0.8879425715534989,0.8107835646391761,0.7191019177828734,0.813664933943416,0.8710600776998084,0.7245500723808357,0.8236972579311691,0.719456913417857,0.7303701567067659,0.8072776022218615,0.9047584123946998,0.734486192673404,0.6777199728067687,0.9344794287628608,0.8136523020153276,0.8564986574005578,0.6521789811324297,0.7133539372477634,0.8092189272029182,0.876801223536968,0.7300204396389941,0.9440862873926767,0.7634988918756137,0.7347852854517609,0.8355436223774346,0.8403531464543396,0.7816732779901495,0.9158453469261534,0.9144440533056295,0.7044733840890001,0.7143993931027596,0.742913689930273,0.7288707652416383,0.689679678826743,0.8694828475068261,0.9029293546883004,0.8691839969091858,0.6580984705122546,0.6855187728304583,0.7731280654606874,0.7280252770629976,0.859924656648036,0.6705236316021097,0.954861390162805,0.5937027259389621,0.8646010144117742,0.9281082250529015,0.7342814264872919,0.7547139627874436,0.7787568923734143,0.6656538827130642,0.6915560542381849,0.8749388261271627,0.7108737897479894,0.8761214559235592,0.7457385116398958,0.8214758652092271,0.9017724795140111,0.8526681272549541,0.8365017853938872,0.7695774768985282,0.8126293511714193,0.9094548015392131,0.7177718059683617,0.8165287360439659,0.8475346581450061,0.9364437830219464,0.747037712877303,0.7852225940556277,0.9409509598290781,0.8021286402233064,0.7831513906778517,0.9584866792761831,0.8203215641972765,0.7535453035593207,0.8747908426045438,0.7435580348161088,0.6917635652098736,0.797001423265242,0.7826091185801773,0.9365183636236496,0.7143144918507202
