0,1,2,3,4,5,6,7,8,9,10,11,12,13,14,15,16,17,18,19,20,21,22,23,24,25,26,27,28,29,30,31,32,33,34,35,36,37,38,39,40,41,42,43,44,45,46,47,48,49,50,51,52,53,54,55,56,57,58,59,60,61,62,63,64,65,66,67,68,69,70,71,72,73,74,75,76,77,78,79,80,81,82,83,84,85,86,87,88,89,90,91,92,93,94,95,96,97,98,99,100,101,102,103,104,105,106,107,108,109,110,111,112,113,114,115,116,117,118,119,120,121,122,123,124,125,126,127,128,129,130,131,132,133,134,135,136,137,138,139,140,141,142,143,144,145,146,147,148,149,150,151,152,153,154,155,156,157,158,159,160,161,162,163
0.0,0.880861200768813,0.9131240413364088,0.829232655794002,0.9005291151051701,0.8598608120652603,0.8927888979295736,0.8470063649459006,0.8496038332321048,0.8839130936424558,0.8962176092542515,0.8152136792706061,0.945965154330421,0.8633644279363406,0.8970253667236661,0.9081946102868825,0.9072681728812448,0.9688178147647872,0.7885322432289399,0.9335579109807474,0.9020980781969947,0.9272193701776383,0.9193157327953392,0.8773418940862946,0.9353724910799367,0.8573596924211142,0.8746333960024061,0.8873001471599092,0.7944377900127993,0.7850041790918196,0.8663296066932382,0.9128903924574383,0.8317828129127333,0.8739728052766811,0.9420167938095672,0.8580100678187212,0.9398453157605386,0.8553884752185974,0.7137564599842354,0.9344271837310728,0.7765651282512017,0.9185777053640208,0.9026349117920796,0.866161724177902,0.9291992821314038,0.918221353870103,0.9082482599628398,0.8821434011142688,0.9411387416625593,0.8979373754868204,0.8952766465869559,0.8998326403442088,0.8081254310665136,0.8480337970726523,0.8457501160136455,0.8664126686690415,0.9152815299031016,0.8516920665406981,0.8499886218855431,0.8998035292739233,0.8392542215563507,0.7928521476239536,0.8751059781426889,0.8255712527173587,0.8612214993308768,0.8473958583462807,0.8760425491920459,0.9042045290405547,0.8732052645761679,0.8832047681399509,0.9501710312264036,0.8536962848035816,0.8497014654260133,0.9092482045314401,0.8320286354723605,0.8953793338364961,0.8429902954694034,0.8759518598523928,0.7671581683684892,0.6434525784534587,0.8091082479019623,0.9263718183806677,0.801512849956766,0.7654129915938087,0.8728076160845906,0.8594739367228378,0.9039500997740276,0.8501681461340765,0.9076068291211571,0.7575204824406445,0.9269066914247225,0.8961664816604483,0.8954849745940563,0.8570107270296984,0.8788043158985155,0.8342131392344527,0.7389047397381832,0.8910151345196442,0.8055735604655094,0.8915865125329963,0.7810567131759123,0.8305552954903422,0.8097749270835741,0.7933073724435099,0.8947244601324097,0.9102526593670264,0.8220221690513168,0.8678882702064193,0.9162875584699545,0.8998190673709878,0.8797618020280726,0.8705255443722093,0.8799069606517032,0.7837272274973583,0.8646912875107856,0.8850825949150661,0.9003401229422949,0.9077154831779221,0.8367181430535542,0.8401677635514176,0.8747316725088586,0.780201798234039,0.9084514668906813,0.91090075609421,0.8358381230533489,0.8061421697707135,0.8160173821879368,0.8621723139525815,0.8512690403219817,0.9020867805195882,0.7948915047163798,0.8542810395405175,0.7316958194869057,0.7685843313019473,0.8419563350074593,0.8042436818402945,0.7728308122569716,0.9215119264988149,0.9257385797858774,0.8225141895962375,0.7759590211254012,0.8643368675189551,0.9263580522941337,0.8452718436262393,0.8995150426676898,0.8825808397486447,0.8458721844245014,0.760710294285054,0.9253379549486126,0.6253013683273017,0.8945917778183322,0.7297622669690623,0.8560782530790736,0.8769302302899766,0.8252069720839309,0.9108731238430485,0.8832608826468666,0.8440258445452822,0.8395770746754239,0.8368841756508401,0.8302217749386802,0.8776394115610211,0.9254186409751135,0.8949171523338273
0.880861200768813,0.0,0.881894138447282,0.8026003958377115,0.8080310196420359,0.9392342366270422,0.8015279914580855,0.9154876971344963,0.8952321055814298,0.8698409564063028,0.8389639146608177,0.9324676754508456,0.8490950484244851,0.7412987724883265,0.8824333274908688,0.8470178070083553,0.828344097677007,0.8127111979252263,0.8614444529423362,0.8696855361330634,0.8586331086231376,0.9117163604416708,0.8246294065299569,0.9042000561283972,0.8946334215229297,0.7241531097598621,0.8223783855438048,0.8396824404895231,0.8373165264940943,0.831672522752978,0.9087033861741511,0.799042363021663,0.8776432308017563,0.814975287625503,0.8373443426193621,0.7807370665248212,0.8396657884706697,0.8001047476242475,0.8014569791492777,0.8313544041592281,0.8404141116982573,0.8844649961899312,0.741604321294791,0.8007061724262409,0.8611267953744984,0.8417679564618609,0.813999909576233,0.7825861757306832,0.796771505436205,0.7677719967188847,0.7739491683081888,0.8488196095473269,0.7842353725740647,0.8371629893182077,0.761603657946119,0.9072456640912557,0.8387219603572776,0.8843551489799641,0.704052611678019,0.8362551899850064,0.8431804948305863,0.6964970883520906,0.773159604017769,0.6983228538235263,0.7371486928624217,0.7294081335209253,0.7702657545300586,0.7798814552062746,0.701810896871689,0.8519551361691954,0.8340375657768574,0.7176117163455854,0.7052844019668311,0.7961451762868029,0.853779234983199,0.7988675522295839,0.7281611773302342,0.8263080764090925,0.7538294457543526,0.666765739821234,0.8222753916491623,0.8652471617323004,0.8950733583802365,0.7680543343253888,0.7443854581200581,0.9383799356267569,0.822426192150832,0.6887376629593145,0.862302343399771,0.8764255030327532,0.7858455564421398,0.8551086110677473,0.8051636105640452,0.8096814611890332,0.747984866641968,0.8872286851592639,0.7541996701889656,0.8771817376535834,0.6969591994111993,0.803512837697324,0.7376271131998697,0.7199885936984843,0.6756046248357049,0.823784596185077,0.769737506538679,0.8368716662843212,0.7459766356437535,0.8762129964716313,0.8258337047439076,0.9138465985181917,0.8108211861245112,0.7224739074893383,0.7595558470499181,0.7684861498516719,0.7826549042459918,0.9277706094630019,0.8704366413546302,0.7721970709829736,0.7451863868947532,0.7863863901115393,0.7747909448682261,0.744226305901535,0.8133279750643508,0.9254060836430271,0.7600219086729538,0.8824695117548512,0.7123682128652987,0.8807400509469389,0.8231191525795305,0.76021743345461,0.8711122617775039,0.8349981800614401,0.7120003449625448,0.8305371254556564,0.8291149101761264,0.7154281212224443,0.8340548677479375,0.8116381850642395,0.8261425948036393,0.8631973442762652,0.7534908725228732,0.7706008290096508,0.8701450844397001,0.7493544506243235,0.8245327803443219,0.7387714603940816,0.935258315047127,0.8484158542050136,0.8976844931795388,0.6602842437282066,0.8383586051443068,0.7687120988230954,0.825308037741259,0.821366537539645,0.8884952425038517,0.8845753969607275,0.9071345215754012,0.903521173449334,0.7750467476465447,0.6945732502966587,0.7413679089763966,0.8460558350660358,0.9496219303809498,0.8661970351269864
0.9131240413364088,0.881894138447282,0.0,0.8352429705076565,0.8843993868493688,0.8927146927603791,0.8741664556589482,0.8602210218100893,0.7894662986298244,0.9283109519590825,0.907534411036778,0.8359906543847673,0.945658952207391,0.814815692930833,0.8429519854216896,0.944698169576725,0.9356253221142238,0.9022708701809454,0.7906572684160543,0.8650962800021871,0.9358205321826435,0.9482214894905472,0.8901932246540947,0.871881245601521,0.9168366691881729,0.8373985039932567,0.8594980389620703,0.8872041443604488,0.8082244162135409,0.7762428321416427,0.7924978125632375,0.9172064532190025,0.807768563789674,0.8513544209248352,0.8328789844286277,0.8307172182975227,0.8979988432592257,0.7909603043380903,0.7100814733219283,0.9264878403555564,0.7513027024180098,0.9371420219982389,0.8566646047758023,0.8142811210460736,0.9026780081970317,0.8902283232476635,0.880334344162533,0.8582354490077123,0.8983019525872645,0.8590494632312925,0.8849453885284213,0.8823172636471189,0.7763635176925708,0.8707414340009709,0.8401802266259345,0.8474553182763475,0.8750312180046368,0.8805071342193744,0.8308096647264764,0.8708400087326027,0.8755658629195574,0.7666884629446789,0.860100643327109,0.7814257499012845,0.8040785942501373,0.8225884191246543,0.8627096339572139,0.8799268589336801,0.8515455233978406,0.8654897097454968,0.8985172700769002,0.75502367616646,0.8265106884057427,0.9345735529772594,0.8529785224881448,0.796197762602724,0.8845868280023506,0.8882194731103461,0.7082002765244492,0.6278899659617684,0.8174343801155096,0.8839634123059473,0.797069909639554,0.7329721145534976,0.842005836101551,0.8227927067089268,0.8700909941852493,0.8030580002790368,0.86752626429623,0.7395488582203523,0.8952372135950709,0.8428104093219441,0.8666555191612714,0.8027632706812808,0.8472418331848377,0.8076790710913515,0.7342085900366297,0.8632416804221381,0.7333632766734713,0.8746696080169495,0.6974833650713014,0.865138431658188,0.7719825895373554,0.7704382105370728,0.8300960540194084,0.9056712444833037,0.8617823135873438,0.8700534756678979,0.893370176153911,0.9179560965389685,0.8871209584841804,0.8108591184336454,0.8640891703384377,0.7856449687191661,0.7894146203883828,0.8824915601269511,0.8443185637398972,0.8900264493624727,0.8636435026821611,0.7880672365726192,0.8076291811006177,0.7506121601273921,0.8509024908882422,0.8913796513830382,0.7121922763814252,0.8066377795218713,0.8181115939838391,0.8655954966451461,0.8595334892262345,0.8289304410352881,0.7852134463974979,0.9220204114707258,0.6777866975561465,0.7139138562344263,0.8232981799091229,0.719125233438007,0.7247277829624265,0.8302716572323015,0.8931751787721662,0.7771211388866124,0.7192866711658897,0.8481411120403076,0.9076483178061158,0.838378881873337,0.8553337636316769,0.8385680265520947,0.8242443859776486,0.800785093072027,0.9120892011083913,0.6307385384433478,0.802843389451031,0.6822529628355114,0.865925634314803,0.9032139726957413,0.8324619161220805,0.867047464098886,0.881309425752343,0.8735232046986459,0.7541492740245758,0.8204323829169018,0.8175809477366209,0.758247725759478,0.8827843687654149,0.8387244724212555
0.829232655794002,0.8026003958377115,0.8352429705076565,0.0,0.8027802522307393,0.8509907611863057,0.857296086482804,0.7744029460078888,0.6923759502741883,0.7965110006827055,0.85811279770469,0.7954745885602705,0.8090282477625165,0.7759285424117178,0.8176067917295677,0.7769470676132846,0.8323557079352619,0.7992369848697473,0.81430735189523,0.7484182926912558,0.8807639865836251,0.8225071375159153,0.8117045783243549,0.7939268142574981,0.8344073806692254,0.8261520678309104,0.7465052009422136,0.8311147292006148,0.7786711546771078,0.6424283453100357,0.7643342448662981,0.8137078717948408,0.9264799083440827,0.834966899202835,0.8437190467823387,0.858212352761269,0.8015680428883911,0.740116038365216,0.7045533069297069,0.8615739357838965,0.830508445235685,0.8065497314810472,0.7906482911905299,0.8889585706295621,0.8200895592602545,0.7843115976189382,0.7620397672825275,0.8309217224139632,0.8268941722544549,0.805206464484311,0.8842401334184993,0.9171718641049412,0.7661334536749755,0.9377681576274193,0.8724685178188705,0.7396708090286254,0.815073361009612,0.8353204412576345,0.7868366296272798,0.8043914457211453,0.8527261646262879,0.7348394859030829,0.8778218332424284,0.7371688951595291,0.779806373773181,0.7777604549390624,0.8150598468791016,0.7667788153314078,0.7602749104165296,0.7923185736786702,0.8248767240491237,0.7314601369311333,0.8271514522712716,0.8656423663747181,0.7779472018806088,0.7432524773728688,0.8066277423061837,0.8000592460434847,0.7089130328662576,0.611024889344775,0.7898274079509793,0.8814932573865275,0.6758283952950687,0.7150064605811003,0.8572601750765843,0.7406374013867473,0.8329539146865528,0.770850733980494,0.7797550259854316,0.6531991764464479,0.8743755899016328,0.8682879806340781,0.8341114589495126,0.7834217199837278,0.8576026041723664,0.7849495609104067,0.7383600289385917,0.8641806257234614,0.74573161255478,0.8483436182020007,0.7061236163965305,0.786450183395301,0.8537007007187377,0.8092211555856658,0.8426847384244269,0.7659667777064278,0.8020517101147225,0.7663628527521669,0.8131717805051556,0.7961656795138923,0.9281749522534863,0.823294709134511,0.8659523773278173,0.7041268495754588,0.8165648121057916,0.7868339095239489,0.826669815862661,0.7547872879783539,0.912936071616055,0.8016655258869695,0.7353650580129837,0.8436410098592237,0.8193633375589465,0.8331401497400281,0.7308440723632056,0.7962762275792724,0.7934889174208126,0.7484088824974846,0.8754197910543452,0.7543207692285679,0.6574646006346401,0.7841106681729658,0.6389886650287344,0.7785394966443261,0.7783521840484325,0.6821376844129091,0.6162537442388333,0.825819076545562,0.7938645897147152,0.7104574452508776,0.8468484821812593,0.7631295599377943,0.8722218682961271,0.8485183354264519,0.8085840987550043,0.8008058788032751,0.7432029809498852,0.6850034781312186,0.7803028818454638,0.5934657533045488,0.8576701556286319,0.7331080434908245,0.7863205586916523,0.7443647431321494,0.8381676862307568,0.7624189658286908,0.7471927737904268,0.7935946453303372,0.8962030121536186,0.813966600629671,0.776114363764321,0.7899763351266753,0.8003497964293965,0.8081880218270954
0.9005291151051701,0.8080310196420359,0.8843993868493688,0.8027802522307393,0.0,0.7870073012937571,0.8920675879147151,0.7493877433751597,0.7851889464414288,0.8215731067354334,0.8957532189775411,0.7961621280195759,0.8451151657017161,0.805588973363227,0.8747708132869149,0.8653761124029508,0.8491672279953383,0.8856891339466682,0.7395746850872903,0.8163157941960223,0.8712756631783118,0.9091026627066645,0.877401024613668,0.8437832871059683,0.8568885319272349,0.8403116117818085,0.8237018195296925,0.78377180427616,0.7980643477199545,0.7752413656203442,0.8042064945899872,0.8431475383296095,0.7989386176224457,0.7903492394223892,0.8767102620745936,0.8331573022998838,0.8771035850734423,0.8060377074350771,0.7280748643538119,0.8840559503298203,0.7612872176826604,0.8772294666188989,0.8698705833269627,0.8735096881427862,0.8293345609055705,0.8106205973843448,0.8671483776790615,0.8821236817170639,0.9034873894010222,0.856624441996068,0.8680855588261263,0.8407151651588143,0.7379724012802382,0.8243210556573836,0.8415198740783575,0.7862595158925841,0.8375531815971236,0.8470400665635636,0.8038724982531263,0.8192120984303367,0.7367786739547207,0.7461234894325417,0.8196889272056413,0.7962404360323574,0.8068206702499899,0.7452295563345113,0.8034423405729674,0.8658770352430039,0.832733335250929,0.8071667383446932,0.8906007932069417,0.7956419857641158,0.7937729135873054,0.8559953317342784,0.7465552191996837,0.7673027891391891,0.8228834160956062,0.9173465418189997,0.6778404142987368,0.6229240783271208,0.7344010104344187,0.8730552180306831,0.7745945794679159,0.6694148791749249,0.8136474584526602,0.7698075031607037,0.8061626165846743,0.8086162183673985,0.7727979787633283,0.6965552738278479,0.9361596574681048,0.8455981546054647,0.9004599283398245,0.7499334547456048,0.8437394894382624,0.8085889383672638,0.6671415845232055,0.805145077943384,0.7876517982414311,0.794632433862332,0.7384325352760179,0.783514595789444,0.7887524510780554,0.7624554794300393,0.8174182560185269,0.8233826114838153,0.7519209075219542,0.7863103846398297,0.851885543034671,0.8370932940841326,0.8622826186199021,0.8549357300975108,0.8005930000696092,0.7367502071161061,0.7710060593485478,0.8090219481904276,0.7711813146209817,0.9013938733923049,0.8085129225570233,0.7851842005519662,0.9004020988869024,0.7395722652949829,0.8112949779641764,0.8657667000549261,0.7869661441163533,0.7740970527607569,0.770298873770168,0.8239168214040531,0.7906676186848425,0.8494951481472477,0.7237007970604581,0.8099395055742751,0.6466397853576669,0.7415089486328073,0.7892777478100339,0.7767621816356912,0.7118255581279674,0.8945943694181399,0.8540208847520036,0.7949664510629287,0.7241249323198947,0.8309840776333262,0.8596539088571927,0.8330577766713543,0.8826753001688683,0.8406468141527069,0.8306424627464696,0.707643740151409,0.8426563744125717,0.6043413219866183,0.8160755845266039,0.6890606103915449,0.8316345160974027,0.843562968133801,0.7851751764843131,0.8181881540901137,0.7960048543337452,0.8009722492381302,0.805575988504407,0.8044307383496694,0.7451383591307006,0.7905085181804243,0.8459098937727909,0.8875974961778155
0.8598608120652603,0.9392342366270422,0.8927146927603791,0.8509907611863057,0.7870073012937571,0.0,0.7903328916279402,0.9119013693754865,0.8210029605909679,0.8627132082224308,0.8563107530893086,0.9037577470727876,0.8645904648593499,0.7371373044825853,0.8229557602042951,0.8690541864371477,0.851953149907645,0.7913214569126427,0.8550198575236745,0.8138403643946185,0.8691240050542937,0.8697032768258977,0.7959711851083415,0.8480124252994481,0.8862869090073309,0.7540593160926662,0.7904153994522533,0.8585825609528265,0.8338002341641171,0.7957987313018939,0.8454154370102573,0.8182931596363361,0.8936594875288149,0.8191767776902704,0.8039234701672233,0.7790167029048803,0.842115007892716,0.786716604074964,0.751364841432985,0.8197443630369834,0.8262686916042202,0.8707330662294817,0.7443884503606083,0.8153165955512902,0.8407303420088202,0.8261311195625186,0.7994835470027134,0.8006608700568131,0.7786050791775493,0.7529218410958349,0.7940103557627648,0.8909601923372246,0.7694044502475597,0.8552065070752135,0.7795264850209441,0.8799893437653685,0.8246900853799402,0.9194304302501599,0.6970903401420253,0.8144324146581343,0.8878615580108258,0.717350623790538,0.8296940494918176,0.678477905029751,0.7145134130224117,0.7448517348083568,0.7702441859505946,0.7811195631610575,0.7075358414694101,0.8700903463857985,0.8255838224532359,0.6911983148254209,0.728963515007071,0.815400531009432,0.8783665131081682,0.791081579338138,0.7534484726715592,0.8315244209549892,0.757933270370624,0.731514246045983,0.896029861182177,0.8404403121334135,0.8499727063203995,0.8123544328253179,0.7708310038520595,0.8885986477338861,0.8675543404827686,0.6900914856671191,0.8678477774659225,0.8100437241602872,0.8025321703698473,0.8351355439280508,0.7973059557626402,0.8038834593696148,0.7542238210367851,0.8721708502171812,0.7506064149370962,0.881439689000443,0.6866945429698705,0.8169258185447716,0.709603821421526,0.7463283972639129,0.7005903932763181,0.8181063736293616,0.7813113159050731,0.8381368100226263,0.7744821054845086,0.8681531253943443,0.8097444593849865,0.8841671744163082,0.8315805502709419,0.7198315633907797,0.8027472325410716,0.7783681025400622,0.8048063175555203,0.9207233030473463,0.8860917561335442,0.7397662474380978,0.7995192491547379,0.8094053801843488,0.7338033868638842,0.8123638839707003,0.8193773241014275,0.9236469013077593,0.7223057074520255,0.8914632372862569,0.7311605553894458,0.8503632943262391,0.8514148429457379,0.7305906568136896,0.8317739655241821,0.875012355405468,0.7289146820790033,0.8082517206934736,0.7841230852799701,0.6770467813954487,0.7745512303732752,0.7739500936193034,0.7813766437858315,0.8003725720435407,0.7851752261811864,0.775803374639774,0.8476007520623389,0.750139430329238,0.8140430482378643,0.7370518568440169,0.8677616528351881,0.8563301033169352,0.8641402691319046,0.665270222125493,0.8250726067047333,0.7735422725508145,0.7845489892834026,0.7832937475699602,0.9006569535414952,0.8428317202373583,0.8720319202651985,0.9282171392457312,0.7789339978395684,0.7382475992815284,0.7680312929656053,0.8371521002309288,0.9048789320662289,0.8397383489352789
0.8927888979295736,0.8015279914580855,0.8741664556589482,0.857296086482804,0.8920675879147151,0.7903328916279402,0.0,0.7443927125018633,0.729799603355249,0.8955885818404902,0.8037034942241392,0.7646267747326289,0.886166707519418,0.8519532880981641,0.8710575331906198,0.8063147278427412,0.815200156355709,0.8721503567198311,0.6884994069546125,0.7748387649812173,0.8547916322974802,0.8529982469756432,0.914116004555688,0.8243374651301282,0.8939043626095431,0.9045554565776802,0.8092492043990852,0.76030643113142,0.754255671841711,0.6798436924543608,0.8007395492140627,0.9066212674180802,0.8234681617099965,0.8722430746267131,0.8738072799716073,0.8619401807947303,0.9190204157609274,0.7045317326739775,0.6531733034342646,0.941181723281649,0.7116417773468078,0.8788269863591349,0.8771639143508768,0.8755858749441606,0.8993807576153043,0.8593446445800844,0.9300225370309075,0.8649737035480093,0.9574309863622592,0.8533253894288828,0.922289514859771,0.851019290369714,0.7173415393954671,0.8489446603704467,0.8685132599602056,0.8397484198663343,0.7875160479769411,0.762929562348593,0.8980797963176977,0.8357358983893273,0.7631240415530011,0.7988666387107167,0.794311224574679,0.8177173376623329,0.8303731912200818,0.8008848241920415,0.9240648210160096,0.9416839274222496,0.8496639642857416,0.76481170991179,0.9203028775000466,0.8104846688679201,0.8589875480791775,0.9165631732708106,0.6835704479011933,0.8392578361825745,0.8881658218035637,0.9242600233676411,0.6521826686597005,0.5862480056994314,0.7248231031257379,0.9021745701396477,0.7326021728356443,0.6297257653403071,0.8398129802636621,0.7204749219500356,0.8289124319701742,0.8971221273236616,0.8364393152100491,0.7038563123910007,0.9197293068581402,0.9510331297035342,0.8496862480309529,0.7468449615439964,0.8838786916662824,0.8295085169556519,0.6663342438482311,0.8908298127646128,0.8128062659794072,0.9180497800446537,0.7387213149622849,0.8432726735742743,0.9086956476331776,0.7880251119502468,0.8317436805215979,0.8493863051825993,0.8011694597804933,0.772599307188521,0.9208358818695124,0.8699685519469761,0.9275571535351894,0.8609254406740333,0.9047012338185203,0.6670643989908556,0.7656964730029607,0.7695286043670961,0.7937502789416389,0.8870337930914659,0.8738634232443857,0.8039631958117683,0.7905874480297215,0.7529794723486251,0.8327121198893845,0.8684489550423367,0.7381105539922793,0.7644802471383274,0.8540412422898547,0.8360009797864673,0.8244614746850671,0.8757091880629887,0.6906002403014858,0.7443222491055997,0.6008646837604419,0.6693679575307805,0.7603723118943277,0.7320532230566195,0.6591619316900647,0.9114099974888638,0.85351440248407,0.7126769019933326,0.756941273894219,0.8355738884077023,0.9258216724007083,0.847793692382487,0.8695966665200533,0.9531694933699596,0.7633186449018664,0.7045559836567126,0.8467570422925567,0.5449048222518629,0.8010627391054271,0.645610778677415,0.7447970745110355,0.923163681029921,0.7849218348249167,0.8372829962946547,0.7516981477050083,0.8195681854447274,0.8415840214020445,0.8694798415337225,0.8409122995926178,0.7584808011574183,0.8689569848002938,0.7717212342528554
0.8470063649459006,0.9154876971344963,0.8602210218100893,0.7744029460078888,0.7493877433751597,0.9119013693754865,0.7443927125018633,0.0,0.8858767957875654,0.8429223068458537,0.814849132918632,0.9147476526431125,0.8460062059011414,0.69366635609068,0.830356869205403,0.8573691500793738,0.8044208368386241,0.7931802810220884,0.835798350682512,0.8424071231573578,0.8174506921921586,0.8565831641775556,0.8092392332357938,0.8453880165121904,0.8838953319988407,0.72095732543673,0.8426370653362036,0.846794325190487,0.7548396058780752,0.8508912100070704,0.8844673277976858,0.7761375908728426,0.8286507792301107,0.8058381933616107,0.7721029917830033,0.7342069500278545,0.8367122271994837,0.7961163140068692,0.7650133879476795,0.7829017307350642,0.7780131144268957,0.8483501271902295,0.7423936171498551,0.7361168641807087,0.862743402110031,0.8397986617727188,0.7736290974612322,0.7450722073771695,0.7578562220013686,0.727574981518566,0.7379925684459001,0.8069810221065132,0.708960890440711,0.7767522760337208,0.7224513327717054,0.8712795350555469,0.8041073070947306,0.9064195387968431,0.6627116242775737,0.7957202865069898,0.8531978061647845,0.6720070839204285,0.7669533908076537,0.6556112927510448,0.6828400233399277,0.7156728788443719,0.7456869132833547,0.7612657301179483,0.699860268618236,0.9277158540779754,0.7996852433611095,0.6701661434285132,0.6768137845083267,0.7756935978618881,0.859898007075051,0.7599297681514823,0.7218804110784847,0.7804219067262088,0.8023001771980937,0.629807567418198,0.7777418080358779,0.8195659898155719,0.8770854143946656,0.79979511071773,0.7193395557519726,0.944122359002885,0.8789779502511953,0.6687002619367034,0.880401766524931,0.8726730274483753,0.758792972800512,0.7925438957933687,0.7452477155708227,0.75436094022032,0.6933008744851797,0.8557856146854331,0.7283054240032069,0.8481337416693097,0.6411887454990137,0.7792084727970997,0.6820932397070654,0.7608244546803692,0.660576003939433,0.8123926311906313,0.7459286866352685,0.8500472825205416,0.74123993190917,0.8859435236487319,0.7822346259008653,0.8556875014026388,0.7600990556734364,0.6906486856434315,0.7303789237749451,0.8063189571419177,0.7672008178230613,0.9167564915858504,0.8299281603333833,0.7434401541155342,0.7063490694810898,0.7633723313320117,0.7117923004865523,0.8098643026383843,0.7650331032351674,0.8773740411620906,0.673789921767434,0.8580890938388435,0.6799824214845995,0.8825420572590691,0.7839503446354448,0.7273932698793949,0.8807493633367292,0.8325213329644258,0.7540590510869623,0.7683317412344112,0.7874411752384659,0.6418934374990023,0.8333514575603711,0.7546602188661581,0.8226039812151286,0.8755004252869468,0.7263734521503661,0.7233316549519878,0.8042750609736773,0.7022663267857836,0.7783202556788421,0.7204090713526303,0.8956076820894826,0.8393564732660809,0.8794816921737216,0.6433611313160313,0.8283106551007169,0.70562327604756,0.7871058300203149,0.7911093136188273,0.8915328050750386,0.8937920077544331,0.888432156966937,0.9064868787587474,0.7066078737010166,0.6715714976082257,0.7069622567859977,0.7769320553475872,0.9164301370623392,0.8181721642226949
0.8496038332321048,0.8952321055814298,0.7894662986298244,0.6923759502741883,0.7851889464414288,0.8210029605909679,0.729799603355249,0.8858767957875654,0.0,0.7888569608018067,0.7827861840079802,0.8544415297020741,0.781518993278077,0.6874923548906299,0.831669574320732,0.7871963498172849,0.738811854508157,0.7940186533233006,0.7672084341078241,0.8266597416291752,0.7412310323513717,0.8661829792506538,0.7837224032914865,0.8111442853757492,0.8324531451077267,0.6508585600735214,0.8479387293696011,0.7724600329831504,0.7261635578316727,0.9232937577316976,0.8839901543440235,0.7176469536865561,0.7577039999342701,0.7108764815216144,0.7815369691570387,0.682110231156346,0.799947048495703,0.7865231146863222,0.7413253640253444,0.7339267921617091,0.7178536244624829,0.8626388156178905,0.6910266070225939,0.698957370945038,0.7794083239156415,0.7557482133657625,0.7522916496217346,0.6965590443522812,0.7379889354114865,0.6988221115944693,0.6823368800348673,0.7226586149574373,0.6929467969849733,0.6981115147400397,0.6597068490638109,0.8762193020356834,0.7589469544780884,0.8421989242558044,0.6383581992123016,0.7430174430826783,0.7282950708236207,0.6305890227277816,0.6834762487233972,0.645606169751039,0.672574420328066,0.6410295715832155,0.6974749808059799,0.7470168928308024,0.6806854864395628,0.8784139696271052,0.7739546279684865,0.6712137971077928,0.643791364860992,0.706833274262851,0.7936422344362151,0.7303504009593225,0.6568851562747082,0.7568079090773064,0.6922916837590534,0.5981777285195726,0.693688181917533,0.8047109284683042,0.9157119674582301,0.7071430196586513,0.6586946858106543,0.9112967782628757,0.794728668944576,0.6484361776292847,0.7955815641009046,0.8936259852565362,0.7439003568216336,0.7722484321699683,0.722794404469046,0.7024458899624736,0.6776318391552972,0.8388906666643079,0.6600116899825479,0.769556320574444,0.6517176631095261,0.7037641449779448,0.6811267886836189,0.6618670138744318,0.6103317400221125,0.7548879358421388,0.7009482057674297,0.7625939581127191,0.63471985557559,0.834707007740849,0.7235100930640329,0.8073133992716697,0.6936010696638693,0.6665208067605655,0.6725983280996277,0.8011573162998264,0.6910761900625083,0.8779562034520487,0.7580992532853187,0.7377545031654739,0.6288439556124051,0.7548450579972906,0.7425782031100857,0.7094719042370174,0.7169697127907909,0.826902576647422,0.7398606079016672,0.7675083485701564,0.6369573295095797,0.8241666623017354,0.6804003080264396,0.7114853543934265,0.9275648913125528,0.7591192239826009,0.7265779075078885,0.7958292468793087,0.7460283962544912,0.6671272406407024,0.8432676949513721,0.7440154686866263,0.7705317646834667,0.8672732700358143,0.6771607295655654,0.7052138300240812,0.7803856807368161,0.6785722086970299,0.7418443208577675,0.6918152034906829,0.9324013057722229,0.7593328825797295,0.8288515426604026,0.6209677901842556,0.7845332329641879,0.7001216262855408,0.7806378501919231,0.7669321371462232,0.7949289675513235,0.8661646883883821,0.8718030276600248,0.8267554086075645,0.697783852142831,0.6269395831988064,0.6413767926078313,0.7997891216307772,0.8942653985933775,0.8602145461393971
0.8839130936424558,0.8698409564063028,0.9283109519590825,0.7965110006827055,0.8215731067354334,0.8627132082224308,0.8955885818404902,0.8429223068458537,0.7888569608018067,0.0,0.8135975889657199,0.8173033225126358,0.9222846791951854,0.8056688832039621,0.8262098606517402,0.8731115781602684,0.8412674375899618,0.8705621763253477,0.7180568260102016,0.8006883048302422,0.8247682047328553,0.8671811797172976,0.9136862284203471,0.8125812610160041,0.9528443130077211,0.811914113858947,0.8806978580089535,0.8247392051121806,0.8171870018100994,0.7762948229213384,0.8127574116908088,0.8953763406332295,0.7976216419177906,0.8463838470161936,0.8182607306706742,0.7894956710074582,0.9141526872243095,0.7366806503472658,0.6402248133757867,0.8850583708121971,0.6991445801007397,0.9132556593299681,0.8167075554982348,0.7832340558064332,0.8958692228391915,0.8590094191849175,0.9066750964159072,0.8082727715001927,0.8954412422697117,0.7805884517386681,0.8204444341536602,0.8114296738297814,0.6998117357711526,0.7869831802441553,0.7982919761412038,0.9044349015682419,0.7650632468840155,0.8211798687780921,0.8103782172781107,0.8096141842297664,0.78951880288216,0.7436216799422076,0.765439982497836,0.7556585381017944,0.7344303781039855,0.7526121379493688,0.8469072883580592,0.8983688704433109,0.8337795861303525,0.8509937612463352,0.848134007241239,0.7470627871885636,0.7801527186964918,0.8656149345124905,0.7634773423009701,0.8396410688571679,0.8172287659634153,0.8964043395502413,0.677563217038613,0.6088067349189116,0.7752794370305683,0.8211849960606441,0.8168031896276898,0.7060809529208191,0.7690677241839285,0.7969427432659726,0.8494982751016931,0.8024335823095075,0.9065660331375801,0.7613487118680605,0.848389337867019,0.8731727901279368,0.8034907559062595,0.7199042611187947,0.7841305910230568,0.8736276975938938,0.6460742590651686,0.900201030758921,0.7223739300731359,0.8737451516206785,0.6974801026210896,0.8067285425980134,0.7826675070009481,0.8352655945450472,0.7781677913528005,0.8740250296974975,0.7756859202290036,0.8831139427955129,0.8807733806750235,0.8904013050507572,0.8322461980605713,0.7529193603421449,0.839944100424034,0.750829742620031,0.7485818674958856,0.8398383260433281,0.8425588542215454,0.8665730800739831,0.8192549367387408,0.8119690087774148,0.72161388131444,0.7523108943791714,0.8042316941577254,0.8676279905117029,0.6841021702684061,0.8222398019587318,0.7775675028790312,0.8519116061443647,0.8324859076561361,0.8192120763678516,0.8186777030155915,0.7835297279974817,0.6449569370782103,0.651752994924541,0.7347334044698317,0.6705009299022193,0.7420450875202271,0.8224767066200993,0.8701781583416852,0.7440258547414477,0.7484057820513402,0.8162616654305627,0.86501226059424,0.7680921805724571,0.8279366800014186,0.8653115639974841,0.784100800294106,0.8078949872918555,0.9388472613129596,0.5932923045898422,0.7528072430918004,0.6832338039013726,0.7392804368802484,0.9241966184449678,0.8356188486480396,0.8534439692321318,0.8116492651415269,0.88771689967636,0.7629341706669326,0.7910948132286061,0.8612584462279028,0.7658375620172821,0.9145532884908943,0.754781789137933
0.8962176092542515,0.8389639146608177,0.907534411036778,0.85811279770469,0.8957532189775411,0.8563107530893086,0.8037034942241392,0.814849132918632,0.7827861840079802,0.8135975889657199,0.0,0.8233216153955204,0.8627669803251473,0.7992446388424534,0.8243802441705115,0.9118496836972003,0.9083472735205969,0.8722122067165133,0.8309283746452213,0.8634079923065214,0.9029605779207048,0.9242328867381979,0.8324116239004952,0.8352635860561082,0.8670960126609006,0.8073784222287467,0.8298857604089037,0.8952374059456115,0.8568964895660599,0.7590303063620121,0.7914310067188159,0.8330851124332466,0.8278266450234493,0.7975468407920615,0.8817299403547281,0.8404008840994385,0.8530927343410498,0.8873337404300167,0.7665231242910612,0.8579839445653187,0.8091319522919934,0.86165123089952,0.8298038611590862,0.8661729480603337,0.8276765184397272,0.7880835548516798,0.7695403654157995,0.8991549318090999,0.8516048112500312,0.8401484019254997,0.8421929662757908,0.8713137322733303,0.7688278789184162,0.8743477488794785,0.8632920254216889,0.7533419821521808,0.8827755229690849,0.9146082400177051,0.7673248912801972,0.8234745727698372,0.8546441082235466,0.7201451008246426,0.8831349375844282,0.7797956677797963,0.7764227063571337,0.7625570799644301,0.7873522023692001,0.7856473624734968,0.8203958919208894,0.8834557968022863,0.847865511915824,0.7720231163015133,0.8116786867512057,0.8559162376594618,0.8756081882097264,0.7420016519688696,0.8082482397543043,0.8343170994441075,0.730536651865941,0.6564026092339513,0.7989036165170504,0.8536518149212027,0.7444885670051543,0.7933711810527326,0.8429400311983148,0.8199141326750808,0.8837191100235536,0.7537793003009505,0.7795549627182959,0.6869789803736718,0.8987660971742406,0.7915360017169017,0.8931976674338784,0.7989266821069981,0.8408209460979156,0.7926271911156271,0.7337344512221977,0.8075168515730412,0.753127582156406,0.7825759316072226,0.7521142048354384,0.7932176971473838,0.7503215139251934,0.7689340117288767,0.8453058040534729,0.8030890861656026,0.7811966799887283,0.8355532973656327,0.7979851910841183,0.8348100734279649,0.8626732341343302,0.8374430601160443,0.8188060116690933,0.8394344538071615,0.8157730857313173,0.8469068846615682,0.8176271268534435,0.8555725627116807,0.8482374686777664,0.8084213953281857,0.8590267141967441,0.7882224226358834,0.8537596547295819,0.8414207761766915,0.8122026451216828,0.8132548883221845,0.7510403389944305,0.7931591907700811,0.85671342529712,0.7985517271790243,0.739068988230842,0.8910190804589728,0.7570270313569717,0.8230693811230402,0.8539408170247158,0.7485171212379311,0.7076363380478021,0.8391952522534527,0.8754710352115058,0.7972829503397376,0.7709676354729641,0.8326039427087021,0.8366336695736802,0.8501558606186967,0.8853444753844791,0.7713115039180471,0.8122938211227162,0.7076522735245847,0.8587550604275992,0.6804073719130037,0.8723628777492963,0.7427984199849087,0.8972012663803213,0.760787816041724,0.8216967197352805,0.8207897111875184,0.8657805740352946,0.797536792117098,0.8311607681608915,0.7920522326220925,0.7330946856156523,0.8365850586516174,0.8232075797166326,0.9314670346676449
0.8152136792706061,0.9324676754508456,0.8359906543847673,0.7954745885602705,0.7961621280195759,0.9037577470727876,0.7646267747326289,0.9147476526431125,0.8544415297020741,0.8173033225126358,0.8233216153955204,0.0,0.7743879363070689,0.6518506683971758,0.8618097087342562,0.8109352947030433,0.7723420759366786,0.7425988078377581,0.8883097465256123,0.8074199711999349,0.8383609400127695,0.8549322534168,0.8105834920193353,0.9053261299202269,0.8856272819754639,0.7124948894684291,0.7759952821934164,0.7958588201760797,0.7948449642140948,0.8378551017367549,0.9069295688246832,0.7294583740665496,0.8667399521092827,0.8066133186763976,0.7806963333103014,0.7350545892764807,0.8085258596145539,0.7612581529679261,0.8321651417559311,0.7696641380303766,0.8474238816068953,0.8390239644524164,0.7211065240850559,0.7978424768159645,0.8192151326767264,0.7839874102423201,0.7599339613496288,0.7725561555997585,0.7527281822847781,0.7022917862855705,0.7258055557321407,0.8219825711346391,0.6792854776091402,0.8041078942245498,0.7280776089407479,0.8551273242004782,0.78168749754619,0.9205855701874736,0.6374476670542581,0.7509341317211472,0.7815264695025644,0.6238094495904856,0.7373666047856774,0.6387812685035664,0.667323304918592,0.664031446916197,0.706264336354592,0.7280632658511996,0.6473330601096597,0.852397141132949,0.7717252690695158,0.6463783863880824,0.6460095523779225,0.7390818863826594,0.7911696482717667,0.7146620554845361,0.6822796106101944,0.8076046876905857,0.7758050318343739,0.646964563699102,0.7691750998714613,0.8171870050004062,0.8855939504188178,0.7332608108499928,0.7010725171687742,0.9256558101238,0.8101781664521164,0.6311103580152458,0.7938061730320691,0.8680217198794102,0.751332518580644,0.8082162383326837,0.747515066843919,0.7273365083085849,0.6744522347717118,0.9019862791507937,0.6916426890856139,0.8689864271935439,0.6355970259785778,0.7352742241757982,0.6785701644351533,0.6978941618775866,0.661862549231581,0.8798194225010343,0.7045315643002183,0.7965104849337656,0.6946053517347702,0.8776562809299804,0.7581272157206954,0.8854914015392198,0.7976224188555614,0.6889089600805149,0.6944213296335517,0.7294373239283213,0.7315987389070201,0.8896596616214629,0.8114951657717244,0.734409597530156,0.7167027407110723,0.7289208643465068,0.725698543945745,0.7574286489834766,0.7663210130917,0.8981973672813182,0.6899544522688833,0.8985019398240146,0.6427404593459709,0.8553487084754905,0.7948634504828455,0.6911191699356543,0.8309661452847732,0.7818307254805263,0.6671008744345215,0.8095164345255836,0.8086437167769223,0.6465548945036104,0.8448846334133759,0.7703422730403982,0.8011233830274065,0.8898322671282394,0.7340239645589386,0.6946109597492063,0.787755575470668,0.6901065207306339,0.8039742951168298,0.7079432113737618,0.9387369075000198,0.7966340135370962,0.8740019556305683,0.6323787905490875,0.8417440342487701,0.7250226557339955,0.7798887576556008,0.766689274070759,0.960836357237369,0.8544711224720091,0.8535658094370401,0.9214463249301575,0.7338858513845451,0.6389697174794827,0.6687833926562955,0.7951096451116144,0.9112316830596364,0.85936516421983
