0,1,2,3,4,5,6,7,8,9,10,11,12,13,14,15,16,17,18,19,20,21,22,23,24,25,26,27,28,29,30,31,32,33,34,35,36,37,38,39,40,41,42,43,44,45,46,47,48,49,50,51,52,53,54,55,56,57,58,59,60,61,62,63,64,65,66,67,68,69,70,71,72,73,74,75,76,77,78,79,80,81,82,83,84,85,86,87,88,89,90,91,92,93,94,95,96,97,98,99,100,101,102,103,104,105,106,107,108,109,110,111,112,113,114,115,116,117,118,119,120,121,122,123,124,125,126,127,128,129,130,131,132,133,134,135,136,137,138,139,140,141,142,143,144,145,146,147,148,149,150,151,152,153,154,155,156,157,158,159,160,161,162,163
0.0,0.3177364190664767,0.3041697151941748,0.33018753592763006,0.3848809128421948,0.297291885630288,0.30488713638810727,0.33543614975434877,0.46832724167647377,0.3044935935338586,0.35842569014930714,0.28254428954610133,0.43097683210615273,0.315326286223832,0.3493507302507235,0.3454469085189743,0.41646309987354896,0.5142410713405862,0.32528611551457376,0.4085902532691986,0.39256446004499385,0.3406381290929561,0.3883560189109516,0.345273190006537,0.36202298917750825,0.35424001530521887,0.3606811511551808,0.40619550250020525,0.24025532546702658,0.3794817600694246,0.33527074951356706,0.34790868872254976,0.2827012822439148,0.30443701134872125,0.3950414498949664,0.2980833556628166,0.44284855666557693,0.3846096766361246,0.28107548212157485,0.503839433392639,0.3112965182476082,0.39409343571706174,0.3561770634620385,0.3224010026493601,0.3327274948287913,0.44905284982967963,0.32256060365417266,0.33768769224585793,0.4142425452220915,0.4079540053869664,0.480629502896864,0.377388842514531,0.3733112995581627,0.3190907423078748,0.2897324802184267,0.3618097213790739,0.5334283414210778,0.335236480537743,0.347064083426272,0.3638749998102798,0.3264852330589078,0.27316766390121405,0.4174288533838119,0.25284301995636993,0.3698269106313351,0.3887044697947733,0.38918491209910994,0.34961736360875195,0.3203706373914623,0.35753683679947923,0.45251512658085274,0.3449266892379596,0.43957136805184777,0.4422769150800038,0.36291113727865804,0.36368195458660124,0.31369005737989175,0.35228131283400443,0.3838694929871491,0.3126217178291079,0.35304802623808496,0.4421262299483249,0.4122897851179751,0.32909410249175775,0.4619609921296499,0.4190498891054322,0.37709430332840055,0.4470707063074155,0.3987765452410775,0.33652700598046,0.5179935919456613,0.3110285616751793,0.4022610698206787,0.38195746787109747,0.4720671148342158,0.26654841454230666,0.253173870179085,0.2798883059279633,0.27809597523856244,0.4228320060183998,0.2934621021360963,0.26250275447788496,0.34055651710094764,0.22494026694067823,0.44032501983390626,0.37365644837057327,0.33804884632694593,0.39016988954518095,0.3998772419508418,0.33225251008038653,0.32472171630896446,0.45288382648477293,0.43279772628056007,0.36489367144998675,0.41034055977957734,0.46333811632547706,0.3920942755328105,0.2874248415901679,0.28025529892273565,0.30475494105941864,0.37514596027695535,0.30631344406553923,0.38257336109691725,0.44935298901542026,0.36454735617052564,0.2690984808215676,0.3055879909313455,0.25306993216596874,0.2617729489859245,0.3883341208054437,0.3214323157693953,0.3552684126634429,0.30860898864347047,0.36803337078990694,0.2936520331361602,0.3245706633127111,0.3326582634448218,0.4185534500796447,0.37550333286226534,0.3892971179442678,0.27047475052574654,0.28836063585726285,0.47551126922761744,0.3736609912235384,0.3529246789023575,0.39368497276565534,0.3854614283413198,0.33276902772696687,0.3478782268641732,0.18466143753484043,0.45181116677955524,0.344501241542111,0.3782353888461974,0.2928064779102084,0.31354767994297805,0.3450000285275525,0.359726923029669,0.37287743635214454,0.3443057286103744,0.41967727571283964,0.31613918756692566,0.40560677135060114,0.31096788474984877,0.518744166993956
0.3177364190664767,0.0,0.3025962728836932,0.2752102655530684,0.3148020364858997,0.46847347014870033,0.28635770433356056,0.3741072545849736,0.29265973465341155,0.40402490376726613,0.34195004614966534,0.3688367489972037,0.33376720581398195,0.29821397443179876,0.312675905243728,0.3416552646943531,0.35294757858050774,0.27097280709493377,0.35869153229609313,0.33653762863573455,0.36012002039073704,0.3439133937353689,0.3191552322634787,0.3192343820547481,0.3988235821324684,0.27428563447950227,0.2895839272922442,0.30700350940798177,0.3822203069894107,0.28029404001106645,0.39877534751362187,0.390969304843281,0.3295192118969573,0.3101237575062798,0.3931009492583619,0.39952718039903556,0.32202435950815045,0.3424735760880857,0.3476924958200412,0.3521336629490099,0.4019367867608735,0.3212159715729372,0.27400953589789234,0.33413809639969366,0.36133585227542636,0.28075982681821704,0.35031731311297787,0.37459466757251303,0.333908030008448,0.3423403405731667,0.33114407612050417,0.32201983334812306,0.36958632852353396,0.39873448482821555,0.4044083175213569,0.40688158540101954,0.3157280853896808,0.3464666906610454,0.32551712588008924,0.31950299390678993,0.357148946940791,0.23392160246903665,0.3042981806382875,0.28501732731282475,0.26436984720432294,0.2542512428121215,0.2853126170029455,0.2623748780668985,0.2573667832922415,0.29821825365169163,0.2788475426347547,0.32964891465800134,0.3001773031090018,0.32323095843407607,0.36408412717622357,0.311213211157496,0.25572152704887785,0.4181759587419334,0.2852874637400196,0.3035236099335694,0.3490157996398672,0.3008692341286471,0.38369449513473086,0.3323358914848274,0.3399433313236862,0.392612461272173,0.30986053418444814,0.2937647747560516,0.3335352052059378,0.312921777182895,0.29722116349719047,0.3490874259273305,0.4521156707988379,0.3076928978021351,0.3276982785629981,0.3674807276230495,0.2913552978312746,0.3675298445985878,0.25803747353417344,0.3385768540034653,0.30676521606856116,0.24179127355381363,0.2448475914171445,0.2756310784437971,0.3342371599597643,0.30056415494484146,0.3118421049331929,0.41563287514848496,0.3546759407305759,0.3964862690380862,0.30631756747099703,0.3213827398112689,0.3633298626995966,0.30173745157851467,0.34295103231180607,0.3780131082681181,0.4013827874109356,0.26398425835237277,0.361687323593409,0.27501887735415914,0.31678433787719384,0.283873913073037,0.3704848640586894,0.3459212236709329,0.35410365490641144,0.37116831193588673,0.2809288372623508,0.2872750824795818,0.4329818597572535,0.3027879830209503,0.363182935003976,0.30009853987045754,0.25933025040804336,0.3500778536973052,0.3262910129887517,0.29138134818305894,0.35851816841558665,0.3966675796354063,0.35496375002289643,0.3056435695532542,0.27996355811178103,0.33980592636089374,0.3972101964092747,0.3675988403606373,0.37679791956411196,0.3028394938591471,0.3624722640714972,0.3278151672722859,0.43804791253132475,0.23076783148165392,0.29632183733744644,0.41829815737149906,0.283959076619667,0.34526613662967853,0.3332234158616711,0.27879787916611287,0.2739093270733495,0.3414198717192642,0.30913092681290427,0.3093750384946041,0.3139214295079994,0.43022467901998995,0.270891571512514,0.29754637493876207
0.3041697151941748,0.3025962728836932,0.0,0.24792691732017963,0.3244285307342196,0.30753872761444984,0.23694697451914684,0.3032726918925552,0.2882679154264111,0.39926982103185216,0.3654314164192913,0.301846689413649,0.32077551727719344,0.23594753893498163,0.28746570980294817,0.35437035991316657,0.3260070247315528,0.30249763570714955,0.2952440453039346,0.27216360769651454,0.37384019953650155,0.477503380740541,0.26235285844767936,0.28955441854840064,0.33507159309901785,0.2562171919814918,0.2684610040230161,0.27275478647182655,0.265877236194068,0.28554973025365266,0.2577664961564889,0.31080663163765576,0.23216546727842363,0.21538447817389306,0.24475534254895173,0.2787788025559811,0.30687584298309306,0.29758730167939335,0.28443003319940874,0.29422647580372185,0.25930797731084904,0.33622445805456186,0.3106780521910037,0.25704539311108265,0.2791371501910468,0.2608948369063956,0.26454187118198086,0.3538620578003141,0.2914157548648831,0.28679808183874833,0.3025183200686991,0.2535633222207483,0.2390570272054068,0.31043502425187863,0.29786564296681345,0.25603850751475693,0.2738198066869954,0.31895521122136206,0.28591437368129485,0.23577202202180766,0.2984680139643843,0.20941745437467738,0.30962792642769127,0.23544181274312093,0.25367427239722323,0.2613866273326408,0.26157380569486405,0.3188133481272134,0.3369507827319665,0.31770932986812905,0.3030323965222153,0.22076185532523626,0.2842044856684971,0.3656414498864722,0.33162096301615585,0.21672439624426465,0.2670358639982143,0.27651167874659943,0.2484546360803342,0.21268137700211595,0.3085863735051594,0.30610220688932216,0.3251131195993844,0.284282890274343,0.26980767319075616,0.3118357335797118,0.2726078477696955,0.260759115909887,0.2553883396359581,0.23610674886208516,0.29302137320660027,0.21640955454602054,0.31567848422436373,0.22120149590846627,0.28627283236555723,0.2850180834309761,0.23742982141855257,0.23922574490208945,0.20185826876909216,0.23782085346580614,0.2155225961655774,0.2682102505573562,0.22996773453192226,0.2812326270879412,0.27779082008463685,0.27723900746152447,0.2874795969077796,0.31893040658389166,0.2719191779077072,0.3503443235794257,0.26583612459527,0.2651618310518794,0.27783083637502337,0.2731966502017699,0.234513228885749,0.27289680718232784,0.23812951772127305,0.3609068672607367,0.3028589883309007,0.2207138903180801,0.2443893964406441,0.227249794680675,0.24840386556739752,0.2752807495005223,0.2340428219493728,0.29949019305107655,0.22721927915106652,0.23795051429974567,0.28606469338286944,0.27958682307996097,0.2774246635205748,0.3671624061215821,0.2075078814112312,0.2336818947385778,0.3451494924618372,0.24921468072270722,0.25420039248546894,0.24935908005561536,0.36249961924599094,0.29774118039668035,0.24575555433476529,0.2625708367710151,0.270991602711188,0.338898315798985,0.2932181219673877,0.2334991199019742,0.3363997357530602,0.2903611482235132,0.40740775297290704,0.19737545990839528,0.24635985039670816,0.2482266709210697,0.30068811584681704,0.323344181563226,0.29865818324477955,0.2834718572849757,0.29757519884956396,0.2983990130535419,0.20592483827667593,0.2461137513238199,0.2981230713358971,0.22649431618210605,0.2565053256254358,0.30190074255051363
0.33018753592763006,0.2752102655530684,0.24792691732017963,0.0,0.29600439300211834,0.32728382056511496,0.34614868613169786,0.28612574831081683,0.2783002357366874,0.2703927117290804,0.30860499440134864,0.31491184026634245,0.2988351730516731,0.23179881353670753,0.34820765889066796,0.2578129817690934,0.28239642238292345,0.2883540945730279,0.3291909266835502,0.27610407130702724,0.33610036982162705,0.2653896835000257,0.3155209222897338,0.28478092542147243,0.3459395897902074,0.28890263125962407,0.2740008668200232,0.2902538247895739,0.21906570820439727,0.255091519024064,0.31021467824664234,0.2661872965284319,0.4515041733784872,0.28215680350578026,0.3077269347671288,0.2701817524804248,0.34793158401804025,0.27364959335371053,0.25761847821915673,0.34830151601827625,0.3129761671922715,0.30222118702865786,0.28859595978216507,0.36775394382512594,0.28092699924187786,0.3049770009765819,0.24087406082691226,0.3084239018833987,0.31204245789618573,0.28530826602871207,0.40760745993666986,0.35083523571134595,0.2707786633112648,0.37636757997931153,0.2809244520660063,0.28511303613776545,0.3209525812402848,0.32191230149621375,0.28322169308277856,0.27498395399907516,0.30517799831714326,0.21878572067319688,0.359328552309702,0.19531524186269184,0.273341090089892,0.3033925600883683,0.3229167618696972,0.29349130969929205,0.25020046100321386,0.3023175260630035,0.3093495391616077,0.2515373686103232,0.2808537578376862,0.3878465735489995,0.2775097947323222,0.2556090281071906,0.29250168690340017,0.30503117908295724,0.27781399091452386,0.2337393896031365,0.3013725932286352,0.3649839083396861,0.32168529853051686,0.2633876656441491,0.3199413528325335,0.3042753298491687,0.34187507730746997,0.322904341470237,0.3041076606634524,0.26468488849256167,0.34043080247952934,0.32850006157222195,0.2732941776852979,0.26395794872296446,0.3082843921755881,0.31994625561493234,0.2308128582544217,0.31359079389248107,0.2085791010430205,0.2988739442567373,0.2454112340242451,0.24596590325824702,0.40856477425699933,0.30519046303996616,0.2959677938364048,0.28013337948363365,0.28971162205888595,0.3020232908078885,0.29038519154606096,0.28803520527763227,0.38251632087839815,0.29572099488135234,0.3670700472657509,0.2869169044592743,0.28996019793711136,0.27843089279479216,0.3261452473087797,0.22128703142298867,0.34253309785098385,0.2453159868354805,0.24996508937529935,0.316779564057062,0.2779054292777198,0.3530735901627618,0.255667977911432,0.27974230309417925,0.23741844521372465,0.22828941488728385,0.261654472628924,0.28795853853307884,0.23710928632916148,0.28650309642000443,0.24843425811273986,0.28478287525282653,0.2787148748395008,0.2566881301470917,0.2413877528912764,0.31198040410394706,0.2980273267000323,0.3300134654223041,0.44650061368928384,0.22543184809332234,0.3421184516332609,0.29107354556884446,0.28635888577312557,0.3201860852545913,0.32813370718528023,0.2762696923547796,0.26265478345330967,0.15568273739085747,0.3668791855609773,0.3206385680220164,0.2772986149484844,0.24192886295904278,0.3574842880005087,0.3124919594532492,0.2898444914153668,0.37936563560956976,0.4328057270324439,0.2813185995900058,0.2731826437781474,0.30175079807423244,0.2693799078327856,0.31570359280298427
0.3848809128421948,0.3148020364858997,0.3244285307342196,0.29600439300211834,0.0,0.2808003975628032,0.36366057579513456,0.2778128793427477,0.3306243852050672,0.32652026865270384,0.38491459409032247,0.2620536376874582,0.31845868514125525,0.2929445383287488,0.3576579217301091,0.3036059646308468,0.37587150558869337,0.39122314093310284,0.3036253891749681,0.3108756137790469,0.4152633583305986,0.374902579826257,0.40676908163804204,0.37579492116017277,0.36206668648666246,0.2965792758005582,0.3100693400053509,0.3336761686096806,0.24224016685044725,0.341388296276084,0.30158482443860374,0.27329352687802205,0.26047367635772856,0.27187681869840014,0.38271736580556204,0.2802257807427694,0.35447510358129425,0.3180132975114528,0.2561305409651403,0.3765571846289293,0.3079986903155133,0.5137101272415853,0.33286488574103174,0.33856178738002146,0.27127595068443094,0.27752326549024414,0.30998640938896616,0.34660387487065303,0.40335549000267507,0.3143659196440517,0.36120327439920147,0.3007706767405023,0.2922909867955762,0.2973173221991032,0.2653841409049214,0.31388544076781666,0.3082868375913558,0.34670327965449055,0.34486309359940365,0.2581995403368787,0.2626171137763524,0.2091746917015323,0.34437176521313645,0.25054602336509907,0.3122454167937761,0.2661713752509057,0.2879763481693938,0.33114295203889965,0.3094637592761716,0.37689286707501046,0.31149178490979457,0.28118831354273416,0.32521319638330926,0.3698444597829774,0.30574634928544286,0.2646806236436498,0.28192152472275683,0.4089357820122312,0.2587192083829765,0.2588786412226564,0.3690515579289661,0.35775119917693315,0.39405532807349153,0.2687342704962449,0.32108339103029576,0.31318515782015593,0.3229577748733402,0.29148762087825125,0.2712902664494056,0.2590342113362674,0.43026632202685355,0.30394417960574494,0.33323884695650613,0.2540398287277542,0.3557253656578805,0.2608774671243242,0.2185928337350207,0.28462391298182455,0.2428289581080729,0.27365048413039395,0.2556812420800923,0.24477930560861302,0.2860692477442324,0.2400156376315392,0.29353777819401927,0.28024918330272447,0.26849193360502405,0.43555030126995536,0.34368985681489245,0.34906140309235595,0.3324175286046163,0.32357784138317824,0.3292785836575808,0.32855306706713117,0.2753926254082464,0.3480682397856002,0.32577972289711166,0.2718759013932484,0.29806241593356875,0.2829391971825784,0.3272347325170787,0.2525517295716562,0.29800192303015105,0.3696248735834001,0.30151320233353374,0.2437444051381107,0.24100099361717156,0.23341547046798317,0.258997498838013,0.3077153215773238,0.3217464320246655,0.319755156105985,0.2245568308594984,0.30596853941010427,0.2913054038083034,0.31526415854004286,0.284298424569246,0.37490282194137,0.3462346775779384,0.32972377195042935,0.2656553646609663,0.28288587008006255,0.34811019347069716,0.33368422188339303,0.3332156510501574,0.31615950609383486,0.36238277681729325,0.3062600442360463,0.3142206813944216,0.1887486892495084,0.31107194784073455,0.3239191854787646,0.33748843508115234,0.29929348231627795,0.3391774712521359,0.32108642157600514,0.31589279233749984,0.37866304645970406,0.2949682473255824,0.2814868869613343,0.3338976501475073,0.3230647553797926,0.3008759128631892,0.45432402228140445
0.297291885630288,0.46847347014870033,0.30753872761444984,0.32728382056511496,0.2808003975628032,0.0,0.283483922526262,0.37317610076642205,0.2843209044367554,0.30432806571186616,0.3492080415404386,0.4186351807417274,0.35446510958404764,0.256730632571774,0.33564478994448715,0.3708223861725988,0.3252427838036187,0.2464483739100408,0.3750171665089659,0.3034350844551953,0.34261000540085756,0.32558028417118073,0.25778380766884534,0.27259093183939836,0.3671712159078628,0.28785696527095006,0.2838862389445408,0.28741237006239,0.31913974100849024,0.2715376928544574,0.3867097263116376,0.4110487923907485,0.41866669874286033,0.29421759351017046,0.34647914436853045,0.37819978995120146,0.32051001049572514,0.33760245002819295,0.3201020446419401,0.2881213529368848,0.41852017658288637,0.27716886736080637,0.2798241984441333,0.39107240458198583,0.34892168706073146,0.2754000474473351,0.2957015299776783,0.3536226073662344,0.2714759848942993,0.33964357199081957,0.33255042548411634,0.38328608159591276,0.29162512643355915,0.4759866967462878,0.38859852491198416,0.32963761723602275,0.2940098865443241,0.4481119137992023,0.25761705387114786,0.2920120909216607,0.3566314568821718,0.2442267081097172,0.3514533640424307,0.24163455038890366,0.23559430061693912,0.2513931842110206,0.27855980552199255,0.273109320298306,0.25866569066063677,0.29455779231124224,0.28739969248851116,0.26777349730193445,0.28081522439955686,0.33072896266385715,0.3824149135005835,0.2577361936036064,0.26701557541639,0.3501306898617306,0.2825304288872802,0.2692166858623762,0.315752637297421,0.2951025155136656,0.34207424362538424,0.35508090536460063,0.30046401996038846,0.36632036362890685,0.3056136467716828,0.28400404533755325,0.33689459266676647,0.2964533067226095,0.3239583298101339,0.3636244644952451,0.4097390299188354,0.26405317191285377,0.2760612161504914,0.4145755847733556,0.29274999675305313,0.37871861126761636,0.22270570158148378,0.3216386565735667,0.274305643805972,0.24055968428044347,0.27891193146973087,0.26962827878940415,0.34566161340182183,0.32700901951828576,0.3244158046300747,0.3339087012557771,0.30035045238131297,0.3171110044538792,0.34175348648660014,0.2854696106834954,0.3655397444613681,0.29761998944958945,0.3323411346197778,0.3428574161144908,0.3244245196062702,0.23838956266296957,0.3968334681005345,0.2710468692886659,0.2864004728903263,0.3261232903326679,0.29975773755369944,0.32190884356081584,0.2831755862909654,0.4120938136403838,0.2667147225211464,0.29219767924618484,0.38808375136953105,0.28518503850845045,0.31633174460153096,0.33510907601231577,0.26093295137341227,0.32470249203660206,0.3019485302971448,0.2496512227469317,0.3139511700282322,0.3281264877860002,0.32540854305724276,0.2923101453619155,0.33572530950289065,0.30916257847818474,0.30885578840303657,0.3412265895845403,0.34295491833135106,0.2996354594759179,0.3724466182311762,0.3112962314651222,0.3297992551439233,0.20332312555606988,0.2898398188027183,0.34950027606039324,0.2620061448562295,0.29218332592165636,0.3938758443451385,0.2680953245728676,0.2684353615022984,0.38821772067801413,0.3031458440451295,0.3027820913084204,0.2675210624456694,0.32861993988959043,0.23092923594115344,0.2737699378993195
0.30488713638810727,0.28635770433356056,0.23694697451914684,0.34614868613169786,0.36366057579513456,0.283483922526262,0.0,0.2421968681639833,0.24638723524973258,0.29152773186332437,0.29572671020903574,0.32636415968303933,0.2765136799949105,0.23849500925802544,0.3778213055392028,0.2370234261419584,0.2791540794882281,0.28582189324006774,0.3621779328316029,0.25684733647787644,0.3414371558740216,0.26646479039504267,0.4310077637369068,0.37726130464354496,0.3666705075655916,0.27929075578483764,0.2630041787847962,0.29091510334180654,0.24244734705003243,0.28458883140716823,0.30260331279966474,0.2740626524811074,0.31083474116657206,0.32640227369412816,0.3064417378265882,0.2518229142470889,0.3502872013275891,0.2444623522108171,0.26028098033457114,0.37729068721935843,0.3479676528113673,0.3474337890957144,0.31121971456389763,0.3888168174652446,0.27202889476153,0.2826129346723583,0.30980672015924654,0.3068344459753572,0.4427473227145384,0.2615742589121464,0.37555980072060324,0.3164162333286626,0.2639805403625769,0.34452962920991703,0.29126697106359756,0.3075266820239568,0.28641852109304067,0.2831003179751053,0.3505824207935251,0.24802262460018232,0.251501915054966,0.2046211157656112,0.28374573383296287,0.21814021582300072,0.2887627358016509,0.26049410470573314,0.2957964456652235,0.3240926912205325,0.24385434240992887,0.2757793574725248,0.2953245883877281,0.2536992231450669,0.2583162457382757,0.34380043666483284,0.2282567445231005,0.30218370229914165,0.3189081717462379,0.34981539805651435,0.24839188030074164,0.27120583962755257,0.34467093537627363,0.3215615892285394,0.3367515585871566,0.2250464485949493,0.27968968491125046,0.2668082080091901,0.2840557164264508,0.2942344575004537,0.28043039161694133,0.252136861529924,0.3198766526628515,0.3797900786772326,0.29410071743298655,0.2829021773938875,0.2983641669249451,0.313482749797602,0.21278672313527078,0.35452277937146986,0.22028013492635318,0.29430583769976953,0.26127218449629197,0.2563252539709269,0.36970159310494677,0.27674108993190727,0.24397902449820028,0.2599661282423154,0.2623476306916688,0.32288448417885696,0.34052680085911097,0.3580184515539378,0.5015698996138551,0.2755309391633127,0.3076070759144434,0.24438423461902548,0.25198931959727655,0.2628654151371509,0.3398245515984714,0.26121189099516096,0.3256929439835225,0.22790797629059878,0.25171149094053014,0.26207296276498926,0.27566075656358946,0.3910731390518508,0.2647954448259556,0.2875088532576814,0.22381651542067837,0.22949549952030454,0.25735444199766544,0.28539092887157297,0.23973346805081178,0.24312661778689065,0.2154063145705953,0.2531222730545827,0.26863520008608305,0.3025575162791362,0.2803978245371904,0.3365815979735697,0.28660305833291094,0.3357381092537553,0.3166028906450365,0.23051013771368062,0.32810482566357047,0.269494639762912,0.3094754429247464,0.3438431372540283,0.3011590402592126,0.3049649587806414,0.2669713405526888,0.15948168958038744,0.32645888171760257,0.3528276303279589,0.2683994783617331,0.2989070840905372,0.40488410580637235,0.3102342452667369,0.31129437309479807,0.4011230697090544,0.36533885578899483,0.29868939920674104,0.3327061791560029,0.30858037220227946,0.30351619020169407,0.3219064024991155
0.33543614975434877,0.3741072545849736,0.3032726918925552,0.28612574831081683,0.2778128793427477,0.37317610076642205,0.2421968681639833,0.0,0.3398339253475247,0.29968296712731834,0.3368332064926687,0.3163915837350369,0.40355789808282355,0.2589093704407915,0.3150522607893678,0.36141767961432053,0.34749433149835923,0.2773360048738117,0.3159222025117638,0.34470696244888116,0.37889512745416376,0.31391285332885704,0.27764299592893515,0.2968983199894888,0.34422654821915877,0.3143546680703778,0.314743903487844,0.3217023263832072,0.24128256466981476,0.2994955566375043,0.4174334294910927,0.36123424089360767,0.312737580854118,0.2745564209332666,0.3092723276758749,0.3391660882195238,0.40769440080809016,0.3537669788980438,0.35134949076744104,0.3296824618323726,0.3343736430117385,0.3002793999616785,0.3463658264740739,0.31867971646721044,0.42083525367251384,0.31125272241405716,0.28749713620143963,0.352212499369005,0.3165000630095478,0.3388893573835616,0.3415466149045787,0.29315047145105716,0.2962460021160842,0.34282458608208605,0.31967943224786943,0.32446069750009426,0.32103830988894977,0.42021836283338104,0.29979554743222225,0.2893920412597425,0.5643820370724453,0.2366393028067149,0.37143943208933866,0.24935456451302723,0.25643965671916086,0.2837555645218213,0.3294314314955975,0.298512681514922,0.3068996325831887,0.43944832302260844,0.32420850216345387,0.2780966623244746,0.3130032727160175,0.378367628397874,0.41843966586595227,0.2747952330580631,0.3319378875171123,0.3406529636910398,0.3671961311526685,0.25268023511060406,0.33648272425411563,0.3207346926262366,0.3811544339673532,0.3917817747256739,0.35508551982584313,0.4149831872942298,0.5561535431478185,0.3345975320880894,0.34494110265736944,0.30694379890720913,0.299713294387091,0.2788896954794719,0.36133251003304095,0.278207550332185,0.3166471161308574,0.3154610960214001,0.33487865131736305,0.29931392801851064,0.22398506047391253,0.31607950084133707,0.27989104797819325,0.3438958203561835,0.2611330393940266,0.23972594543945458,0.3606952352529379,0.3312651088529781,0.370808868006928,0.364456423934668,0.333622317400352,0.32117143020801353,0.2847199265179917,0.3264165505940818,0.377039096471195,0.33625457837122164,0.31761056950960687,0.3210487920285085,0.34081232253384947,0.24583362918272816,0.2890099226069203,0.2425377361592394,0.2799493139834152,0.3977209579356618,0.30492933543004125,0.32529124756218647,0.29830376108926326,0.30696916864416324,0.2564574176988374,0.336418976439677,0.29853105181589856,0.3275657997681852,0.32944792603576184,0.3606573079901967,0.30508110226809326,0.2928193636615385,0.3409759844590604,0.2673637213442958,0.3300927541382818,0.32284995778220443,0.364224863172772,0.35505758438498225,0.30127761781313167,0.2882469338310035,0.35445348889639017,0.3811362296921577,0.3900040326234618,0.3013438318174674,0.4141598899799349,0.33279885475869925,0.36660946596440686,0.1943115682023178,0.35467021221415895,0.3410392257991383,0.29223688162859635,0.30094836921512075,0.34043716037051625,0.34463632367851604,0.29493606508511927,0.3496952712546611,0.2691451823682261,0.29559397377265,0.3009423514208779,0.32244144556969573,0.26871690753784233,0.29179245387807207
0.46832724167647377,0.29265973465341155,0.2882679154264111,0.2783002357366874,0.3306243852050672,0.2843209044367554,0.24638723524973258,0.3398339253475247,0.0,0.24777291116688208,0.31239633268083083,0.259316699075461,0.3701250562181598,0.34975127822247115,0.28794942592927136,0.33638391401825557,0.38306825591742394,0.4174748429408263,0.2597162563644784,0.3738963820424021,0.31877688080389976,0.36035152275520793,0.28799652517902685,0.2720364986218407,0.27993211657306843,0.3300868410458956,0.3990637046914375,0.3532250046670408,0.21779570706847667,0.39939463555882343,0.32242234634592387,0.3125341541192998,0.2723916927543228,0.2510712924464806,0.34040687073437,0.2803434802083438,0.3427482182295911,0.4650981573484188,0.2924573238952786,0.3521331704763227,0.2919453167628401,0.36567218458774353,0.30212838714029583,0.28597800375283333,0.32140791959317233,0.36864555814865235,0.29231136854815726,0.27848574437457296,0.30201917468384426,0.3832537570887481,0.34408491381484896,0.32030781150799936,0.3741470673135159,0.2833062866604082,0.2519909728064971,0.35687390826829984,0.40476470383503965,0.33157347690874717,0.29860631063364446,0.3072539723642312,0.32062999661365454,0.2853828515451579,0.3410970471295397,0.26262013806209616,0.3353774401925747,0.33397155044003096,0.41386269021842287,0.3442289586306597,0.3343170163308303,0.3322908214849417,0.4350384928546051,0.3330458066875082,0.4569972832196541,0.35513786401453223,0.4202240512325266,0.324436602486018,0.28189405131056744,0.2932838382909624,0.39164921338096603,0.3037925380827496,0.31448390242082125,0.4140358687927929,0.3707984828940523,0.33877352304857006,0.43615551319830076,0.43910817199823626,0.348515096222268,0.42490209887699887,0.35388279312282905,0.4218608606357341,0.4484592800719563,0.2966220732757601,0.3204840138021355,0.33650747605577824,0.4724323286866327,0.27703850755715664,0.2895602958728858,0.2636272679847035,0.30338581108173507,0.32336566318395504,0.30058655660452505,0.2364279209701643,0.30257435293515844,0.21141873179125475,0.42135758103088744,0.3655681393098608,0.3071388714543692,0.33769285657878473,0.3446042636832923,0.27383648917914144,0.24778076947727717,0.45687174927236013,0.4041507082861032,0.4702463020254232,0.3518156821674054,0.40741237419459325,0.3156222333794764,0.24620856085890358,0.24349197391160282,0.323416330945889,0.3835194218621764,0.33024072606652927,0.3534353030377369,0.3344764967961764,0.45481171563197864,0.24504373453775605,0.32380844394834307,0.2526899308020724,0.23894290382662167,0.3832690323160731,0.42050367124486204,0.3806633656462526,0.3373163544617682,0.3936298908201219,0.2976833472888233,0.31728325173043004,0.3107119121778302,0.3413211860782303,0.34546550830224676,0.36810685924643766,0.2611845114170334,0.2865864809903285,0.40882473238518147,0.4090533962059649,0.35753507644929045,0.341988741863214,0.4313048743474407,0.31012750940018613,0.30493505260715786,0.20408054104030499,0.36984544602931335,0.29866414856739903,0.3457113191305279,0.2866746381297015,0.27610112172631895,0.35215241102736183,0.3292772040281967,0.3148886954805536,0.30908349711788724,0.34437524202255265,0.2726374351316256,0.3699069364053175,0.34820227826555283,0.40819394370209183
0.3044935935338586,0.40402490376726613,0.39926982103185216,0.2703927117290804,0.32652026865270384,0.30432806571186616,0.29152773186332437,0.29968296712731834,0.24777291116688208,0.0,0.3292772517756466,0.31915382587512237,0.2937433529346485,0.23853051129657413,0.30552416320787845,0.2847750885088315,0.3043057313989874,0.29222084818813054,0.3339765982272779,0.2734584305873902,0.34310552842891995,0.32614121560417797,0.3469955548392828,0.3062295707210286,0.43688057327474744,0.24030686450406102,0.2533418440525726,0.28014304548031904,0.36956635992654974,0.2573769070803764,0.2982191081695597,0.30428015782804174,0.23895323345326183,0.24781822091236838,0.292065917450696,0.2852941083855173,0.314302254942983,0.2540828544711453,0.2661786477284915,0.3328609464493967,0.2767594442674747,0.3225771074690078,0.28893760384909845,0.27915049237833994,0.27211671717447183,0.25897976776508286,0.26241326135066273,0.36046035597571213,0.360853128192349,0.2570963413888382,0.3119728063034556,0.2535403596710831,0.2617937388647447,0.3256942149725144,0.3303350804893807,0.28953594292548923,0.27674839106853694,0.28526723614415983,0.3322207474984996,0.24316426304056266,0.29798538993199036,0.19417917153658767,0.2743911697505148,0.22627419380932254,0.2584241059492902,0.2481505446321219,0.2559919609244597,0.27060303074056063,0.2750972863840794,0.3067455962091464,0.2588638218986933,0.25739029839263056,0.2499144707034313,0.3315393018148226,0.27264462880817797,0.25780965159032737,0.24953301416627344,0.3405657072866959,0.23586163967060628,0.23743091078467998,0.33205813599943734,0.2914537676171326,0.35004507467239765,0.2568267285648263,0.2827655319984462,0.28000119915554533,0.28482094261952573,0.2744319820487466,0.27249668353209516,0.22803892839979475,0.27545567958144607,0.25971927256966,0.33090826994565464,0.23741359283523356,0.2995851301637957,0.3078894196268991,0.21026285255368274,0.27312599645801583,0.20997099321061824,0.2685792808091128,0.23887702471473,0.25660559319137566,0.24922657799843276,0.32039919423597524,0.2545183010031331,0.24709425540003807,0.2712929594479236,0.3882446780874049,0.299605403645416,0.3827842055621158,0.29713300495835887,0.26449300993953706,0.29829154731842283,0.259672341715322,0.24879054538679138,0.27472480124194626,0.31581387345835593,0.3506614826332703,0.33075127516674224,0.22636185887195917,0.24085285097443898,0.23465802090682447,0.2614118056075299,0.3141994123585122,0.2555987305412275,0.3356342487023024,0.22385602252908418,0.2270875048584076,0.3362358301544111,0.2712259039932868,0.2771387318001929,0.2647891667123597,0.21454134593382757,0.24162319495751305,0.3027174704827649,0.25885272719386404,0.280676365188179,0.30137861759520485,0.368634656081735,0.3021897604232489,0.27089368138551445,0.263891482458878,0.32092443036802626,0.2885814783829912,0.2985343068359843,0.2695170292327127,0.27825625338209614,0.32404907017514695,0.4981543228247549,0.18608030731264807,0.26999455443820514,0.3502073302268362,0.27057985620747477,0.32732417127083074,0.3246094023012149,0.27309090828762006,0.2662358836106174,0.3286757967142964,0.2654165049397608,0.2629669456565047,0.33307407859071664,0.30245435291641276,0.2709170682871112,0.29057676398693244
0.35842569014930714,0.34195004614966534,0.3654314164192913,0.30860499440134864,0.38491459409032247,0.3492080415404386,0.29572671020903574,0.3368332064926687,0.31239633268083083,0.3292772517756466,0.0,0.3750568819003272,0.3549726376625307,0.23915699232398074,0.3474900165454339,0.4174982692690248,0.3764168007684934,0.3211155414188147,0.3937260168869881,0.2998660360472844,0.37862786102307683,0.4283777595774855,0.34635540701639483,0.33420695129435635,0.42970922169354114,0.2878258459130344,0.35302571949445033,0.3742609125456296,0.2686043624832782,0.3685896842014319,0.3449141099837469,0.3546590812176931,0.2733151791264616,0.2716873214960253,0.29282333646916464,0.3183901062425199,0.38543510902504263,0.31013072637395445,0.3605117933785266,0.32979365058633575,0.2896408341721994,0.3649730686210178,0.3303433167773199,0.31435071568578193,0.3039627381905486,0.2813214056623632,0.24144668714237655,0.4508511395655658,0.35810566708034863,0.2878037093233093,0.3831832209950563,0.2646638338614933,0.25653071930485816,0.38723215170237285,0.37923046207010774,0.25511415683867267,0.324743797300418,0.46767592774229744,0.29406244048832003,0.25998913024134224,0.3387801497924312,0.20042055815212537,0.36118463312524374,0.23243384581149212,0.24195510592093605,0.26765508197517024,0.28028790133430675,0.2888755008246944,0.3478775572250648,0.38086713842065273,0.30082273621989425,0.23225107700148337,0.28892750794571825,0.3908697156941063,0.378271562680184,0.24828213997084791,0.32843704991354083,0.33795594654224825,0.267056161256033,0.23214629053638744,0.30991268373352304,0.3116606055496439,0.354674606310133,0.2880905932416879,0.2818171485199867,0.300867557660505,0.3302897841161814,0.2946581506716066,0.289201614250274,0.24581313323166573,0.3829021704790341,0.24351979592436246,0.4103635084871225,0.2585209881870803,0.28571073714189515,0.3041421459625841,0.2377465836233125,0.24922247156465857,0.20049973906471563,0.26410793966850465,0.25060533679055164,0.29815208766578116,0.2650925019652692,0.24589931989740707,0.2912690034397548,0.26591049339253936,0.2997501181759777,0.39539039782497404,0.2824433732200936,0.37291547596274777,0.37175908790298445,0.2771911701980869,0.3067848352245802,0.3190656208699325,0.27243073843678356,0.31519766651140874,0.3007953384623436,0.3149500736162452,0.3142970412521099,0.24184352669156906,0.26199340822586625,0.25568851376339574,0.25326277255669594,0.3632085516412912,0.24337022261553465,0.3275815212497539,0.213326091148254,0.271145355448896,0.2806513308178464,0.27235164868433825,0.2862288765886972,0.34552115558219465,0.2502603036383858,0.27304848009642146,0.3634457475422016,0.25261382711374414,0.2895289071283821,0.291358507929954,0.3938424060488147,0.3596176293845974,0.2924431413801727,0.27343441251271283,0.28859546610434356,0.32708529323524654,0.33536640855646294,0.2703453706036209,0.3400134375219996,0.3115961173132152,0.33481919383710607,0.20432884917128577,0.35933077020825427,0.31932818398841845,0.4237791388882309,0.3009589934960606,0.3409655393620952,0.30471589721312037,0.3290476269886271,0.3566758639678827,0.25995775188837494,0.27973205708912097,0.27111627934779003,0.2781817946357713,0.24270149923301357,0.37654643134361687
0.28254428954610133,0.3688367489972037,0.301846689413649,0.31491184026634245,0.2620536376874582,0.4186351807417274,0.32636415968303933,0.3163915837350369,0.259316699075461,0.31915382587512237,0.3750568819003272,0.0,0.29416493355787193,0.20370094007309655,0.32025215125715456,0.31231610936168697,0.2935228047009207,0.23246346067340895,0.4088267273456219,0.27679730452790563,0.3250716416093686,0.30163723370296136,0.2767782963898416,0.3072772525078595,0.392238636841295,0.2747670279320083,0.27321165878827053,0.28122920294047804,0.30912159548180024,0.28439194284748764,0.3550387918304172,0.3249180481637026,0.3349336958126577,0.295040462638949,0.277386423096155,0.3089864636140229,0.342170696341019,0.269430404206522,0.38448239545811935,0.29668076541158167,0.3733142432744094,0.2526401533840327,0.27485901147130093,0.3962287424254378,0.29913713166951644,0.2790515346790724,0.2532327883128847,0.40879483508573844,0.29586527712741173,0.26761843164349675,0.3390813947102336,0.32443270539173114,0.23960664935987505,0.4794791435203149,0.45681475087531515,0.264208177714774,0.2905127777069497,0.40234332216371665,0.24524101610020163,0.2538076257443808,0.31794677900619894,0.19787276677478285,0.29124063797653676,0.2076647216183372,0.22187665695547715,0.23998835727202442,0.27144193184201687,0.2481650659157655,0.22831460941944393,0.26221265533456334,0.2624956428927937,0.2265348159296137,0.24293618411910126,0.3020417258984033,0.28817956491666286,0.25255485729730115,0.27985853556232787,0.34105047082465495,0.2668714387937663,0.23935425147258918,0.28561633289395094,0.27327704464678804,0.3213859487958753,0.2574524767883195,0.27589239881485644,0.3010560274110583,0.2847390863084642,0.27001375736285643,0.2991916311261677,0.26495810207518844,0.29638061118327497,0.2995843632651753,0.3495403357677785,0.26843768504795473,0.24570971570175704,0.48066367673276894,0.2346616105847805,0.3180143268934112,0.18849542677468306,0.2726390210226913,0.2534228059952618,0.24981489471418616,0.2899017908647517,0.3240742958085882,0.25329144465090525,0.2703525548846568,0.2981319301461083,0.29958622968638554,0.2892916684184122,0.3417512219128083,0.4291388869281306,0.2690305875721807,0.2989565935899009,0.26505155845634887,0.27188285324101397,0.274482973224435,0.30856986151755067,0.2908150576874259,0.3605289246178333,0.21512188955913936,0.23722106852606692,0.2785106591419054,0.25022457393054504,0.3348079246626475,0.23227597157852745,0.5140461284762909,0.20522407058255127,0.26432508723111475,0.37246190188206396,0.26932413560624796,0.24185175534008646,0.2688806897631165,0.22930484030605408,0.26405978187127627,0.315330593910647,0.23344161325135684,0.3170713050182927,0.2975748927480167,0.30868055532195204,0.31264231860753444,0.3057344876714679,0.24078867273620472,0.2882758227913703,0.2910649612479892,0.33760831414352377,0.31119362939866524,0.344400693803157,0.2927500964644663,0.3572508708760364,0.1805538795718522,0.3210648519488538,0.3324105615175117,0.2738947982648418,0.28804039992045777,0.40895852148765816,0.259744466238224,0.2733225606067904,0.3760003622770432,0.3045332632086381,0.26264492494504743,0.2411731612513611,0.27844454303897065,0.2259318068119063,0.275984200157641
