0,1,2,3,4,5,6,7,8,9,10,11,12,13,14,15,16,17,18,19,20,21,22,23,24,25,26,27,28,29,30,31,32,33,34,35,36,37,38,39,40,41,42,43,44,45,46,47,48,49,50,51,52,53,54,55,56,57,58,59,60,61,62,63,64,65,66,67,68,69,70,71,72,73,74,75,76,77,78,79,80,81,82,83,84,85,86,87,88,89,90,91,92,93,94,95,96,97,98,99,100,101,102,103,104,105,106,107,108,109,110,111,112,113,114,115,116,117,118,119,120,121,122,123,124,125,126,127,128,129,130,131,132,133,134,135,136,137,138,139,140,141,142,143,144,145,146,147,148,149,150,151,152,153,154,155,156,157,158,159,160,161,162,163
0.0,0.3299588404908048,0.2794713156903323,0.27580113274200485,0.2861553399415792,0.2822278933473209,0.29526009366686223,0.3223722240798006,0.3661479726017471,0.30358007579288715,0.3343235769934505,0.2790709995409536,0.41534781540453536,0.2879054301546372,0.3606028667700056,0.31004415243946093,0.34710993923420475,0.4837809032382488,0.3122128302296147,0.3933921986344126,0.3458331139722854,0.32591398279120953,0.31953940429511557,0.3392925876771828,0.37625223760772153,0.2954806513733718,0.2984872284963661,0.33099358414768004,0.2518235679040524,0.3005233671283661,0.3593183006116839,0.35113758490098035,0.28852015608457654,0.2994035706564314,0.3749116547001963,0.3122364754796982,0.420416887035255,0.34626873480854486,0.27556235719811706,0.4307878527941803,0.30961051990061017,0.33584993085380793,0.3597144384456471,0.3189891081253357,0.3584638580581868,0.4337428384344747,0.2926996012573195,0.322970056303503,0.4053406027373528,0.3769815008340112,0.40252734458041906,0.3198164845166236,0.29334108418344956,0.2949643040433805,0.3040321163045803,0.3282548143480166,0.45003190761767736,0.30190456616843525,0.3265799009402544,0.36727826820359016,0.30152755801708475,0.2662197735268439,0.3307930818114977,0.24289553105742193,0.33152547004373345,0.358000276132644,0.3473153495791198,0.3275740977298702,0.3063083764207398,0.3442432002200927,0.43481952247433914,0.3248311404860153,0.33284307694355453,0.3728072523432064,0.34223499758686543,0.35267611889500444,0.2658940744767732,0.29114985410902894,0.36090870536243763,0.26271617840909406,0.31298057702916166,0.3921636421928088,0.330692353791702,0.3099840932183825,0.37532323019603486,0.4036135593234081,0.34147283236538084,0.36732892221908275,0.37413986848248465,0.3116309762530115,0.388084618525278,0.32212369083114256,0.37042909303167715,0.36329394203875576,0.35538711405367324,0.27518189009352406,0.23896933436357423,0.28394014206245055,0.2611657760882142,0.40609712040779977,0.2975136791308949,0.2814670833492314,0.29204671327295667,0.24484378393588022,0.3933318148062781,0.3438147228392302,0.3153127617583667,0.326631340619295,0.3972837915967433,0.3350209792847026,0.30722141924154234,0.3873941996354889,0.3608110665236422,0.27791066196077097,0.38815828857693446,0.3702738224999837,0.3617021996551914,0.3000558584852294,0.24715203760658674,0.26402270012827994,0.30954417496196346,0.26266098419161366,0.35255896654348196,0.4201911294645358,0.305415986082057,0.29861984008305364,0.2651980657439249,0.2708702326642783,0.27701707140162907,0.36998648098284026,0.28534545405260103,0.2773485512436351,0.2688910119195916,0.3192054724107961,0.3066779586565846,0.2922509982688857,0.32629900942831236,0.40122102075633387,0.3389585400035404,0.3959677218778863,0.2547228563448943,0.28395773196526297,0.39366162138564853,0.29473283185748805,0.34698514378147816,0.34867712930765044,0.3202442089320213,0.2948018485915979,0.35647407668158465,0.19807967548569946,0.4279044964012279,0.30406547758375346,0.345030275366964,0.26137817456612145,0.32966331257764603,0.3817395424421333,0.32066719863142396,0.3184924085132844,0.30055003947580916,0.3286485831930626,0.2876640019511876,0.37611231483172813,0.26145709701081604,0.43106888003760724
0.3299588404908048,0.0,0.3031972230586527,0.2744345254223798,0.25651409174213297,0.38870221152902695,0.282991231903933,0.36332523059694616,0.3010991865264817,0.3899679492866843,0.3203229356293475,0.33450567533706693,0.31171701351329323,0.2992069273894254,0.3286183512680374,0.28505338401613745,0.31638530282470895,0.29048967124053576,0.3271373670828663,0.30786347355079935,0.3242069046894652,0.36589382378664553,0.2894511504948391,0.3103741528335645,0.3660893501703528,0.24245969995160724,0.2697018312786133,0.29821722744835855,0.35118998780840444,0.2649652309453204,0.3769077161342446,0.3259756128149284,0.33585207788023613,0.28191355132116613,0.32307757585911523,0.3367397563629759,0.30601303366923055,0.31014560199323676,0.3078123322279977,0.32877174620926697,0.35106533853350963,0.3479233394180687,0.24832807057470643,0.2859457065619561,0.3553002893406741,0.2844564758252552,0.28240465240991136,0.28494831117922276,0.3016505864517181,0.29893313679353745,0.32664911647012573,0.28627165749732997,0.3162042230415017,0.365713036236473,0.3312130093396948,0.3646853149898516,0.30564915666306675,0.30920481238840525,0.302410491621249,0.3199461959938238,0.33797195311730566,0.23037274365952748,0.2764784343835652,0.23548069455659454,0.26550490620391937,0.26535231941714377,0.2930171565518719,0.2698695400511122,0.2606122527175528,0.32637096243495817,0.29402942982989605,0.2775828447621473,0.27496363636026655,0.3152839554188212,0.3636312798274788,0.2844930888883585,0.2403752440000461,0.31555669052619156,0.27776795159556367,0.24830912426782714,0.300115739773224,0.31945500699707496,0.3507194442343581,0.2840536350882928,0.2982475028410547,0.3889764503830263,0.28895229607053735,0.2620850537912798,0.28850895337279137,0.3232304311885102,0.2845227058798087,0.3334269559170152,0.3423480190412323,0.2993780728535325,0.3165394452467506,0.3472312377178971,0.266663483374575,0.31734178699319127,0.2362494153653308,0.33314472027898334,0.27983738220763904,0.24718793277155746,0.2295258261911072,0.270088604737583,0.3013401317486093,0.26979910191817363,0.2803370524725816,0.37085602370043563,0.3289390520234693,0.3813982946726694,0.29135381860247095,0.27346078962181736,0.3288142888533376,0.265294290993336,0.3153390931963347,0.3806368212878092,0.3290329008072791,0.24080601987507838,0.28036982568272073,0.2659277037069389,0.25933403152504403,0.26081428680230445,0.3154715700288294,0.3603852875419857,0.28123791627647204,0.3595454928094699,0.26988660166059525,0.2943761504202398,0.3548731655926747,0.2811399254155866,0.33674567482064577,0.2796034496893527,0.2378777633867488,0.33321437531809467,0.3044848853058328,0.2526173433631729,0.28562875051355363,0.329449788155727,0.2994119176512643,0.30096027393532654,0.26059131520187934,0.31280181762675563,0.39159875494842356,0.3043554295321049,0.3233144409422989,0.2767087710392476,0.3314109517646973,0.2933559725982156,0.38373008724540175,0.2241780466674836,0.2898886926345531,0.3390332202144599,0.2801747034564809,0.29685588378641303,0.3224204310481351,0.31935766274394284,0.2873457188847254,0.3211593560874941,0.26803159207246496,0.26294418525387314,0.2849534212256943,0.35737353405702194,0.2521278156398408,0.3019353876482981
0.2794713156903323,0.3031972230586527,0.0,0.2415536973694868,0.26783593685155177,0.32387426679449277,0.23773208092885947,0.3108993064742626,0.24823518529212532,0.3419904005303488,0.32029501629403617,0.28877327568908645,0.3260013125188842,0.2272420566213054,0.27615765246457435,0.3560859125132878,0.3355586234020761,0.2704016922357732,0.2523647731685164,0.2431629780658512,0.37336751807271007,0.4084756842514636,0.23273575617239348,0.3028695025283865,0.2942014529191162,0.28271014512726006,0.2455253173494771,0.25777056058918546,0.25351375457258696,0.27690930583786594,0.25036155069080646,0.3113391679538666,0.23957923890010638,0.2276327863150296,0.2238953912384175,0.2689311731930738,0.3070204428822335,0.26711035440744774,0.2692433850835626,0.3111536608848459,0.2673016260878265,0.33038551352480033,0.2792767004850564,0.261110312907441,0.29441662584284084,0.2765354127938777,0.28143881990288616,0.3138873925962432,0.26625888191736774,0.26890739287142573,0.3085199904970145,0.28571956164423845,0.2146572691633535,0.29457250490002135,0.27278612963023174,0.2667107083361526,0.26572460915315466,0.3165034596680663,0.2552799472298261,0.2516531001321063,0.28477402220799136,0.22423799503681616,0.30086485439501093,0.20834085298072866,0.23367904112579088,0.25965177258557326,0.264854626912967,0.325706276012027,0.281695674981689,0.29174946049778056,0.31847759660737257,0.21080914754208577,0.26057433839051564,0.3867369239123078,0.3243056187639091,0.21416692891975564,0.2816093808610865,0.28800865286783434,0.24562574189133327,0.22930291071509495,0.3049686647219596,0.28736386898367206,0.3155185219640272,0.266486589808956,0.26604825307764185,0.32287184914195194,0.25690162264074096,0.22814591607084334,0.2550415630967355,0.24181852451057204,0.2853374817863444,0.2240634929246425,0.2825036401539742,0.22226019762327726,0.26825690511235306,0.26400516103389393,0.22261792704198735,0.2539174624228823,0.19770040521625853,0.26894271154836624,0.20612193687842204,0.2707423212938264,0.21235604043053627,0.2514176459245975,0.26001890744624373,0.3179162276600744,0.2878338392640467,0.27479935532020555,0.29006935040991205,0.364224762217233,0.26779915562590895,0.24470786776572015,0.27628916604480186,0.23587095159813515,0.23592734164540863,0.30911669278817566,0.23204619820194713,0.27912627190655803,0.28628842617850103,0.22321873009983492,0.2505675042399336,0.22651893677146057,0.2491203253741287,0.3100234950534287,0.20664234506079066,0.30443703538162886,0.24308892295889323,0.2792352971015106,0.2881661151028053,0.2603902868893291,0.2677372720184097,0.3792452753396021,0.20104666181778696,0.22531914427972627,0.2868296811962872,0.22245628912925114,0.23716200091170617,0.24664496790396695,0.2806278607537848,0.27360622701362874,0.20829478311555852,0.25802813478542613,0.27532723420277494,0.27655415682932905,0.2833795549734519,0.22302231997667468,0.33191287590833285,0.2885210735648664,0.33980090328693047,0.20599559969347608,0.2326410712492677,0.21552356213500443,0.2580893958325984,0.32136517387702174,0.29951863463501577,0.2824507237952711,0.29049330829016834,0.33752043735524156,0.1881112617413809,0.2508721075474275,0.27764447964354505,0.21805873708741613,0.24179232258016495,0.28449017159298234
0.27580113274200485,0.2744345254223798,0.2415536973694868,0.0,0.23238521982760493,0.28516946560019213,0.2961496005370794,0.2705115511675004,0.2411843269358753,0.26329954797381977,0.29467757639716613,0.2797455138616508,0.26463658881862345,0.2440898375074651,0.29265493592268765,0.24113754374847238,0.27797152535021324,0.2725842049733363,0.2911661378326837,0.24189732810617004,0.296905693269743,0.2556814348914477,0.26814769932783483,0.2421255529734992,0.2994817356649027,0.25914524328193395,0.26574032284498256,0.2802253838295856,0.23925973360173655,0.2153379227486464,0.27706852852321995,0.2555323777571438,0.41292710055289944,0.27607160666947467,0.27319948131517957,0.28115137020587466,0.2765160973268467,0.2678297736478931,0.25847573508091914,0.305162038399564,0.2950317624180133,0.2890530913457317,0.2409985450925094,0.30964707901749394,0.2700707816088109,0.27319491205607216,0.19357000963533263,0.2545462494247363,0.2680736153913135,0.25879198074302173,0.3472611476598844,0.29883355700426106,0.2538180558880927,0.3620191655223163,0.28393311293293994,0.250367799459091,0.28968532248868933,0.3038977312299407,0.2659354908567747,0.27762070753306206,0.3060267783792962,0.2211119427546494,0.2916055594124108,0.19796655680055208,0.2577153548466272,0.28334621595011533,0.31919729482810094,0.22863894577824526,0.2510944651664236,0.2932728994551841,0.26269305970581364,0.22925342748099728,0.2856291849381285,0.3510441321618087,0.296829490425299,0.2329962486891752,0.2776453928649285,0.2622023556428546,0.25717570537289536,0.20860081927214458,0.25716122814188996,0.32755089670591164,0.23841757275742417,0.25020879193196915,0.3096865838562154,0.26879620197144605,0.30498343709207976,0.27317521857348004,0.2620944152584531,0.24687174122126035,0.30953235872825363,0.30672889161327693,0.2556204331144725,0.25173937305894795,0.30369878960019897,0.2746365114420338,0.22255190401136113,0.29488254928798163,0.21529033996148392,0.2967559491737841,0.24184661544442865,0.2660747647366402,0.34480828552835063,0.2771805946116445,0.27864147483140833,0.23749696066719733,0.2760084862830252,0.26759230437410075,0.2650724568877336,0.25849321670860803,0.3419627350645485,0.26969001583863056,0.34159961620543033,0.28403206663602576,0.26842231972952496,0.26291440443910485,0.2836612634342502,0.20849049043526593,0.30735529698799147,0.2681702133946656,0.22810392562088974,0.30648368076788507,0.259216340363396,0.29503180640570176,0.226851125213303,0.2717711770272187,0.2592711005038241,0.2299754765502058,0.2822058836644613,0.25755858877796994,0.22898243980463912,0.2673450059048138,0.24794929030470816,0.29203039188331864,0.26646585054424726,0.20944195362944548,0.18935552716609635,0.2727214212553502,0.26169265471537306,0.28451323531979533,0.3455831384628129,0.24348427639383285,0.3286524190627111,0.28104521704789065,0.2674622396837753,0.2618783759512008,0.2556345916915541,0.24237950320098528,0.24089171423596317,0.18198188835607088,0.31707700883810985,0.28299365174371244,0.27457305693812534,0.21455140516714827,0.32788784672815413,0.2858514471265613,0.2529789529596091,0.2902142975575877,0.34821943959045204,0.2615548333081417,0.25676202866883274,0.2726748881325904,0.26303463238113506,0.28514996621553074
0.2861553399415792,0.25651409174213297,0.26783593685155177,0.23238521982760493,0.0,0.2327626158245195,0.31367688409168343,0.2257221881439859,0.24710365743690899,0.25496227665852966,0.3054541417828336,0.24235213927966137,0.2468178269407788,0.23122058848076313,0.3166511047550665,0.26237341971672906,0.2646555997752552,0.2769940364578222,0.22647877482947734,0.23271125013842156,0.30996055226504,0.29301559298173746,0.2804221769803129,0.3052999847642237,0.2692061688663886,0.2781499460050323,0.23673297945097235,0.22067747273032623,0.22975623000798998,0.27083638405107957,0.28484847209971287,0.2346021063528785,0.2346341094635938,0.22960136636144568,0.30400122016825726,0.2643010258793196,0.2942057482583287,0.250321813049587,0.2656563367570407,0.29004576059383935,0.2654059292572847,0.3244763030599585,0.28226524194314795,0.32399567860943257,0.23581408808310245,0.23973837132959092,0.2747795682334881,0.3339768715672647,0.3044130800622028,0.259202157489914,0.2987490653418425,0.24778115577830212,0.2168195319374782,0.25367162127890575,0.2565982495415372,0.2471916090094734,0.24051775321135496,0.29509713955152866,0.2486222758047385,0.22772865510488915,0.20755787534134965,0.20033387708069675,0.2528790948035377,0.21874612000727153,0.2508638234729954,0.20934955559132012,0.24603053273707728,0.2794784920420511,0.23210596116503773,0.27331704986968564,0.2850817902253795,0.23766391148995245,0.2290136523612918,0.2747819489875781,0.22777765039002648,0.21759750944001058,0.2453509448848186,0.39336723162513415,0.2230576642308274,0.2318350640649154,0.2691953290237919,0.28926732828734836,0.30205518153800054,0.20762809176624353,0.24942034406271554,0.2476266211582957,0.2581722355483196,0.2382701103953251,0.218301489380916,0.22806239436000927,0.35770496032642446,0.2766695049494789,0.29840473081174673,0.2062820963800826,0.26471430771859855,0.2413219054388261,0.18248211549954185,0.23264729085077812,0.23060713353048579,0.23119330949857794,0.2317413974040119,0.22320044930084482,0.23977232663534742,0.21213911024291518,0.23822222278055413,0.24682898121456232,0.2174966989657116,0.27121445901465757,0.29441068840955614,0.2833310374214321,0.2780005008394887,0.2759604448508724,0.24943359461568027,0.2396792618755749,0.23289504631813096,0.2570445505179117,0.23570054214379677,0.24783108426130018,0.22606503615191798,0.23383696669057583,0.31859220109395114,0.22059927153009243,0.23531647738915812,0.3304462014254666,0.24764274330879332,0.24390145719881592,0.20836085157946757,0.2537361735293458,0.22622392919513754,0.2573901814243156,0.23006112887424407,0.24716012906025653,0.19239902802293046,0.25719467933214274,0.24989420740997373,0.25680735479964034,0.23440958927380226,0.33744998722431674,0.26181005782054073,0.2890400306659216,0.20769094187085835,0.2525624670010244,0.2756407142621951,0.25411810961408265,0.29909625679833746,0.2613910068378578,0.3108870076752604,0.255099883705342,0.2502078504797264,0.17961453579685063,0.25993847827705163,0.23998904527701787,0.2558960321330254,0.2593869853168759,0.28219966703397975,0.2760959670288225,0.23127468387085182,0.30968476907229353,0.23482711461959727,0.23384413319175587,0.23762725100339088,0.25477383418147986,0.23828020060891084,0.3514848005321535
0.2822278933473209,0.38870221152902695,0.32387426679449277,0.28516946560019213,0.2327626158245195,0.0,0.2693311226663703,0.31938193987791913,0.25024321639324615,0.2911033565551518,0.31782589932661115,0.3516182085347297,0.3347488075252211,0.2287548867473896,0.31497886037576794,0.31530884018599004,0.31595843830307563,0.2328734101392405,0.2979734530458911,0.2554882271260007,0.3190884098603508,0.32697518870248504,0.2171051886571157,0.26245749829472786,0.31072986845570455,0.2511357018640153,0.23491657881413117,0.2684847705007838,0.28731242016474406,0.2500058019990389,0.3068940206603457,0.3325965345159353,0.3537422288689981,0.2534416674224524,0.25929019109631685,0.2762864004956992,0.29405911656874656,0.26075371322852076,0.27390361975363203,0.2669043564047199,0.3338845483255341,0.2999596468964352,0.24969970552151433,0.3274009255219709,0.2859306662435515,0.2613978780494394,0.24917840149812467,0.2821501720069123,0.230562335239157,0.270488773260036,0.31063625430893177,0.3514274935116555,0.23703298633153935,0.37030984030894837,0.28857133106237953,0.30336678681606793,0.26481328185294534,0.3939946710262013,0.22431273290512688,0.25726575075138614,0.3280367609686987,0.23546104103264975,0.31742744709375564,0.19005293434988377,0.22200917219129582,0.24364004040148352,0.26264652469705346,0.27969105095175184,0.22958436441486368,0.28371981266016255,0.2914720098204411,0.21289470018005652,0.25025517217576454,0.3106031544857488,0.35742333951189104,0.22958376281508724,0.2591989626388571,0.28178634133616437,0.24637545819941478,0.26417998331815573,0.3243046121520181,0.274122823854041,0.3034528256744772,0.2847307067614491,0.2581682232992926,0.30124452758305603,0.27482860316140667,0.22852066251478284,0.2813947286525284,0.2640931901956374,0.2979877004364757,0.3091802619965901,0.30355996547899766,0.24086282895756495,0.24415919596020522,0.344428434627687,0.24172368376921619,0.3136651257613945,0.19395434547621931,0.300769281673014,0.22782029473820717,0.2345795307740835,0.23295553713023087,0.24292754398898142,0.27088105892190517,0.3100821082433137,0.2966221584461333,0.2963369987475157,0.27584688280730824,0.3200330628884872,0.3107919822442438,0.22704172493179256,0.3317550435772238,0.25215259825357733,0.26854967808389374,0.35030732796990544,0.27811064914144923,0.21006161029691447,0.33948018986432055,0.249982223109666,0.2367242892033262,0.2754101631277309,0.2603434301975464,0.33561377335352793,0.2278586522476061,0.3699075948071679,0.2537143943811403,0.2735291291426588,0.31320426237795895,0.23611398463669725,0.2841118485006921,0.33737680931012237,0.22340025140637418,0.2717197907682304,0.26022219257118107,0.2230782995031336,0.2584457975929147,0.256821034164618,0.23884016253542023,0.2552122523454496,0.26547755601845374,0.27351711484822533,0.2783909748934614,0.25558105936954156,0.28332367436258,0.24540929193277186,0.32029045892747054,0.3081936736008158,0.28012298367941263,0.20340681814013697,0.25307588808967185,0.2717679715969711,0.22984168523342485,0.25927083113721433,0.35927299623562364,0.2702536494133836,0.26681439696801157,0.3832188170523304,0.2405538976549911,0.2646211335933346,0.24893092019145266,0.27215944715424506,0.21845584312565072,0.2734313884098925
0.29526009366686223,0.282991231903933,0.23773208092885947,0.2961496005370794,0.31367688409168343,0.2693311226663703,0.0,0.22946668604813134,0.24737542937159693,0.2752922780115677,0.3086436290842995,0.32268060255406006,0.27003795380858614,0.24604467224707324,0.3466361596841214,0.23997479247672043,0.2605448351517412,0.2781215922546802,0.2944917477555354,0.22619149602003474,0.28150091716403797,0.29418979144700685,0.36509255187681,0.3084185711946943,0.3208923354464034,0.25426832387028336,0.2644995371404216,0.25102644273812913,0.27377489184448245,0.28181797039328643,0.2887113024663615,0.2723491512352745,0.29636146429818866,0.2807225293981183,0.2755668659064505,0.2531333733706109,0.3290547692350742,0.24028283045408413,0.2654694811598395,0.33366560998514516,0.3015179486775399,0.32754209985987426,0.27050596701067126,0.3324540616491051,0.2582190964658571,0.25367199670260737,0.2612424324570805,0.26979616944317103,0.39436924913967,0.24145432216721505,0.33109487509117946,0.2629330696728232,0.22663968703759943,0.3087313955146648,0.30828240055265493,0.2721867319265185,0.2565801364154825,0.29714517941158597,0.2846651879493871,0.24062925450111683,0.21855634508734606,0.20699812282882707,0.24274111194334766,0.2169304640441495,0.23317308755387714,0.21169847833726257,0.27055072188402784,0.2908618324481395,0.2365494496671202,0.26712103403722237,0.28398587457660746,0.2275017755887401,0.23367714732920694,0.3024377616260513,0.21774884731504582,0.2528315886079301,0.29663124584914585,0.31816481520667445,0.22126457334908603,0.2245522882969534,0.2630128205630044,0.28863296515840714,0.2960384271986433,0.20266097683719428,0.2444283815082453,0.2542289178070371,0.25411612160034297,0.26522849597232173,0.24441380181754727,0.24118019103843738,0.34425767474373553,0.36852969529272267,0.30361153221353926,0.23558793649023818,0.2728068546010296,0.31592021429708983,0.1867108820754809,0.29341771697924024,0.2272099586970177,0.25967337841024146,0.2452608870185167,0.2430053235555778,0.2942948196996047,0.2508809421857777,0.23107510046834087,0.23973881508211892,0.2179185308041535,0.2801063779665787,0.30572494754740476,0.3005422881667495,0.3975296675521194,0.2579144766426133,0.26200208165520755,0.22976018891146094,0.23336224210952644,0.26432437494715133,0.2630118281460956,0.26902039215916684,0.27004195296843764,0.23600733297930185,0.24815650847975554,0.237735569098473,0.238344205186421,0.35233973876877045,0.23461959439030405,0.30193642223106887,0.21629923116041028,0.2590879793327508,0.23996915935084395,0.25116152982871337,0.22930972818432585,0.222069569349122,0.20713836653228557,0.25019547335164266,0.22805543566113712,0.2403749971067697,0.2401729604195951,0.3005101968934082,0.2618747253423031,0.297976504286181,0.25438371139201416,0.2480933009331836,0.300064585548321,0.24946811171300054,0.28683637301474385,0.3114069087567804,0.2845439436693142,0.2692214220579815,0.2533806963733747,0.1737499573734313,0.2720059916399045,0.28998801533033225,0.2606545899573623,0.2753868222868665,0.34282499797070687,0.2887577699289983,0.28597682147002096,0.3229557619182584,0.3077813092323971,0.2846509791008759,0.24602304356804652,0.271533965910677,0.24782700456563325,0.32064120342092867
0.3223722240798006,0.36332523059694616,0.3108993064742626,0.2705115511675004,0.2257221881439859,0.31938193987791913,0.22946668604813134,0.0,0.33232014356267764,0.32540187707846513,0.29640744185858603,0.28911819763696156,0.3611209851253984,0.2638845027426409,0.290414746691588,0.3186903342655556,0.32550978179263806,0.2903672377193738,0.280076984333682,0.3047904825551857,0.32516689948968003,0.29231384335451804,0.2634958519691355,0.266721315652891,0.3358783017086311,0.2645090955077153,0.3229633347837457,0.3286783732754603,0.23455585087139436,0.2736377023385821,0.38895855033667315,0.32598079625512055,0.2873538096290959,0.2802987712574504,0.287902090022902,0.31588890921344953,0.3342261156129393,0.3332501562227576,0.281747526417228,0.3124216684784064,0.293117253059466,0.3231004111598773,0.28100813744295244,0.26082487648985014,0.4169665799305581,0.3084780010973781,0.2525329729685351,0.26612786462570764,0.282593723443484,0.28730225263852316,0.29998581999348567,0.2603253327226826,0.25414777132699046,0.2833932180505656,0.2773010075527675,0.3175385695633604,0.28687453451346584,0.36567386547562164,0.28591129782813585,0.2879950543076182,0.4275741173600283,0.2332136144066257,0.2996338174604541,0.2328440904020701,0.24029451777679633,0.2769366937177921,0.3237189158728756,0.2665372321112629,0.30603265518534295,0.4530993512182,0.29329829976514155,0.26026252403005,0.3043304594448518,0.345743211145409,0.42186088858998416,0.2657041319444521,0.2818104930390541,0.26849680841893836,0.3345220858516726,0.22196916045583134,0.2918457940329465,0.30531760030813127,0.31039194851982344,0.3483872671297341,0.33438244154248337,0.41287608985465996,0.43602253856163303,0.2824429551612628,0.3479818092047798,0.306042613860343,0.27728981577496825,0.28720540202371914,0.28867886256264735,0.2574566275917549,0.3042414119784685,0.2837568049780995,0.2797823561961706,0.31906200061719836,0.21963901719401532,0.35818966732078755,0.2568510119114576,0.33015924622303244,0.2519379160343624,0.2597036177347664,0.3437684534885227,0.3130113073138778,0.3184580821225811,0.3626025385223751,0.30781011860103913,0.306873129010366,0.25399603381578867,0.28247381996195764,0.34516558663132724,0.31380324494858197,0.2948406171986872,0.34668746813262624,0.3247782498984855,0.23090458437159395,0.2482332368078618,0.2646346534612567,0.24064002826450456,0.3501330890252113,0.27991137687996515,0.30705165134605883,0.25219775841624104,0.2905668652131976,0.25896435019716696,0.3164041266022711,0.30463097185977145,0.27974667014893984,0.3668140931719584,0.31133282478106866,0.278475548426757,0.27207982167780564,0.29959004911646964,0.21947165252041775,0.2624366526513386,0.2843356267442321,0.3165553145025814,0.32243343612644065,0.2552474699288616,0.26965966489866977,0.338516612507153,0.30747586037328684,0.3167708107245204,0.2760393806692245,0.3227869828087022,0.29306310118158535,0.3556035742525249,0.21741441604183354,0.3311483118050149,0.28613767213115665,0.27049324820049675,0.27488710408871325,0.34669020625218905,0.34888422271003094,0.2772678196413806,0.3293410985822972,0.23170487199271397,0.26258500733745527,0.2832926397580684,0.2999054885470231,0.2722687623164262,0.27808594489412725
0.3661479726017471,0.3010991865264817,0.24823518529212532,0.2411843269358753,0.24710365743690899,0.25024321639324615,0.24737542937159693,0.33232014356267764,0.0,0.25619519209015196,0.2510524056596982,0.2491363220547346,0.28875016411302706,0.3213928275241589,0.28977819120361187,0.2619810101991137,0.2650797166532029,0.33405504575565814,0.23677046144110617,0.3170600792266494,0.2694255686999814,0.33166005066232057,0.24473613492054921,0.2551219655460404,0.27875316917865245,0.25176291480718255,0.3135218019652924,0.26461312127147374,0.2181398097643166,0.31395577315231665,0.3706732533006562,0.2783437846204632,0.2628889180072142,0.23495590916047487,0.3191491783026544,0.2784156431709159,0.29620542183710724,0.3675258737817187,0.2805591911975411,0.2880070988553533,0.26043958379281096,0.31860081881190155,0.27068495968021533,0.2630850353788705,0.32547733251875866,0.29801370667678684,0.25189504127395795,0.24546724226010327,0.27676338365280057,0.3037629451178643,0.2821393556612803,0.24306839450465131,0.2907554599816717,0.2555943103913649,0.2488189193979545,0.3538106843691211,0.3053825004574035,0.2644946399885131,0.2855856202033187,0.2728639470667047,0.2782707927757433,0.2655105661564474,0.25154816658928714,0.2544114301541696,0.30096047362162837,0.27333738359966997,0.36095693129612016,0.3100346627795802,0.28005569898423477,0.3119800882131408,0.3784965572484978,0.31155157651878634,0.32387466957537725,0.2848438539017571,0.31691676400746477,0.29016021633556327,0.23742108949144536,0.24277584222366524,0.31585641621774546,0.23769557651465736,0.2649041442164812,0.4028374749854136,0.3430298318224773,0.27415745899627847,0.33305055215524604,0.3830569277851975,0.3144048606004281,0.35080162438232226,0.30794117577712987,0.43366071454620164,0.307420209730384,0.3431295220571796,0.2785816026110017,0.2730101325053241,0.3854010646068272,0.29354355154682915,0.2835296942515109,0.2707944405276045,0.30891694640765466,0.29351821810988943,0.3182881220342445,0.24086111081704942,0.2719825908759091,0.23117863383606704,0.3578769014083247,0.28676110041864283,0.24613104419251403,0.28290815716440865,0.29184387071212425,0.2593185271439496,0.2237068681145796,0.3579010863305536,0.32112515696732,0.33964364220754356,0.2853911071214412,0.2971065579634577,0.275657071577119,0.24197045999774563,0.2007745774468274,0.28755522049451976,0.2978469707130317,0.29077494825798755,0.28744518180982226,0.30438429719017585,0.4072271496872095,0.24521537063880833,0.2817888379571492,0.269883975929149,0.23305476087959906,0.3272201485201523,0.3928073793220786,0.2818028935971333,0.28782072122155583,0.35771012938510466,0.28821859021217755,0.27254203405258304,0.27968677719757673,0.30058762174633313,0.3136889619496112,0.3560354211752729,0.25380984020757597,0.27368641893464596,0.36380039191484925,0.35137606227918805,0.3161371484798529,0.2971897361147813,0.3893695699575771,0.27173475871393776,0.3001767068862138,0.20187998494941606,0.3490636198977393,0.2741899885093586,0.27598990603158086,0.27561871141224814,0.27352314559141966,0.38055866971128305,0.27105369263915713,0.27991089420173254,0.2877355249588043,0.2672767842900694,0.24358043739813962,0.3353659214493715,0.32908464098565116,0.32236367895066215
0.30358007579288715,0.3899679492866843,0.3419904005303488,0.26329954797381977,0.25496227665852966,0.2911033565551518,0.2752922780115677,0.32540187707846513,0.25619519209015196,0.0,0.282712450027244,0.27174351635564165,0.3094079348509783,0.26375203288066673,0.2881606459377602,0.27844398461699654,0.29731509517446403,0.3105494014758807,0.2712035312932703,0.2504714051283734,0.28222017098716884,0.2888605496363962,0.3236661973755994,0.26132660789952217,0.41245527947653066,0.23832803540048766,0.2843898609525144,0.2913148507101847,0.33946604322513096,0.25679001525293144,0.3233500530656053,0.30443390320077507,0.24132517222617975,0.2601250412796425,0.27652432709797325,0.2727735824514033,0.3147672601951622,0.26609443708583425,0.23377264482066665,0.30829469799096476,0.2505833840687034,0.33113746294635427,0.258977967780592,0.2485725815737332,0.29709723785102804,0.26882505526955175,0.25029183159311164,0.27494774446861464,0.3232404833042544,0.23305531481324604,0.28795322941063733,0.23485592409468556,0.23306652774766398,0.2820417787408637,0.29869609699027805,0.31791145952869077,0.24981357064034673,0.2726957040726375,0.2960117140803835,0.253168340315615,0.29696780808840384,0.21367725641268517,0.23951445050620193,0.21482396856859168,0.23669422506656068,0.24435510447424716,0.27136583833804373,0.2708853606483593,0.2872583939790836,0.35281886068596696,0.25624206785681447,0.2587228561266897,0.24503543390252772,0.30960019419235946,0.2956294178184574,0.2715828587121341,0.2399392534349317,0.3073263540196558,0.2441925277860522,0.23984922173385703,0.3022932498778821,0.2772464153331573,0.3170709654687006,0.27347538872627136,0.27437090123000124,0.29401535748985375,0.2923686913570504,0.26956790952861304,0.30966184081469006,0.24733105983139453,0.2697739709697718,0.27373136161053124,0.2884627520371626,0.22872589263596182,0.2830692154443801,0.302819004311509,0.20008205690523423,0.2891795628210024,0.21825161292223832,0.3143483722350888,0.24845505085434855,0.2648093443673814,0.24317309328571143,0.30308352853786324,0.25359241290018,0.2562100448267238,0.26310470399350594,0.3975258922807994,0.29635803826454826,0.32353365573633586,0.257221166805015,0.24596722923318887,0.3097698038183531,0.27890031196210624,0.25401403073194145,0.3051400938139167,0.30749637228045773,0.28951726069744926,0.2662823910565828,0.2662281294611151,0.21817526031449738,0.25668122200031346,0.24639719022910497,0.31776589195757254,0.23208471275586084,0.3363586602671362,0.23963571241500717,0.24843039143111142,0.31835914318425057,0.27005752290884877,0.3339822071290163,0.2530532364043165,0.23036694981554065,0.23432784867450532,0.2544288190356008,0.2201813706266097,0.25270947717572484,0.2916778543625968,0.3025160854092081,0.2943705387495182,0.24987096526762345,0.27542733412684944,0.31518153060715587,0.2499973506591192,0.2856471052253405,0.273017819666517,0.24538623816983082,0.3219813785154833,0.42876312490709606,0.20780612966568265,0.2567735296394854,0.31162059496856426,0.24281204568875334,0.29077348417540416,0.31497626401881923,0.2988011845116641,0.2496112414249279,0.33837001943641454,0.2474353857042534,0.27317063478170267,0.344147977281975,0.3070064797588278,0.2736710449940707,0.2652642349683898
0.3343235769934505,0.3203229356293475,0.32029501629403617,0.29467757639716613,0.3054541417828336,0.31782589932661115,0.3086436290842995,0.29640744185858603,0.2510524056596982,0.282712450027244,0.0,0.38205923568004,0.3302642981153209,0.2377492042910647,0.3255409874327414,0.3642431219319721,0.34167261913908503,0.29438104826350636,0.3337040644674413,0.2714394950971792,0.38621903226329674,0.3597884817033517,0.2974327711499812,0.3471518049454813,0.3652098113977974,0.32381962704243145,0.2854873847383634,0.3002230355278196,0.3014986539774486,0.29953073510202943,0.31525341500822707,0.3380195551090799,0.2825022774139451,0.2815331829506967,0.2854418414888378,0.3356295670460498,0.39682053130079264,0.2993882567021476,0.38025404828068177,0.34850175601208894,0.3086713759898353,0.31821796499792476,0.32299673754392305,0.3572992847885165,0.3042002761451765,0.28523849984147875,0.23095224010737933,0.44883931825940077,0.3488249985934013,0.27768605674045954,0.4038560528517255,0.2782923627935545,0.23368858220339295,0.3780836413465179,0.40467816636462156,0.2456357263134429,0.33010036481401434,0.4107516168735086,0.28432422792788725,0.28234726099456364,0.31169548654180396,0.21018105349534277,0.3371152304426883,0.22357260832817363,0.23267759677823888,0.2627532259352941,0.3005556853093812,0.28544239879307476,0.28394759709211453,0.32537236735301167,0.3208513418094792,0.23341919438622502,0.27637960110268217,0.37737236004095576,0.31502805711281706,0.25624666544228364,0.35499433220188487,0.3314586665824017,0.2693415080213507,0.24359571502164615,0.30230914895395333,0.2914236013489287,0.30728030736648576,0.26891123065898603,0.28525345242379996,0.2919764178754939,0.32359702236566273,0.2679523789838803,0.2628821424178416,0.256909352428448,0.38986697953571786,0.250172352726287,0.38878009045109974,0.2776290127012395,0.2799178851227944,0.29472068744488644,0.22419554712674372,0.24365216315670954,0.21183169595355178,0.27356414228530057,0.2674794316102761,0.31168067956043116,0.2601808194481335,0.23348934331368584,0.28673665014482275,0.2669391587862032,0.2797132517675439,0.3028761303889601,0.2991245989223132,0.387809865781828,0.4215925208167911,0.28641726980422844,0.3061681440028248,0.26973554783170056,0.28464942727060927,0.3025074383742419,0.28237226757028006,0.298754064292745,0.29551684844939635,0.23764537311657258,0.2847560301596167,0.24664268688501342,0.2746955820841743,0.3980977826144969,0.23573465803589327,0.36592999510312074,0.21634309130894766,0.31424907553479875,0.29524820490212883,0.26612176225453005,0.23232450936243731,0.31541194819741647,0.2552886360959671,0.2860713862465797,0.352948402685256,0.24198453588711236,0.2717778462583702,0.30209174121697085,0.31984642521026074,0.341055894049888,0.25917079404430887,0.2856275333002585,0.27961314468688914,0.2913308106447434,0.3883192450821978,0.26020159548957683,0.31203158884937154,0.2849238915924977,0.2943990500818436,0.2099441586309201,0.37781075963736627,0.2780068091387221,0.3503028894367712,0.2750263677653632,0.3323284912330279,0.3199716626638982,0.31566905883349133,0.3388327365676138,0.2564990822135981,0.2815610240248212,0.2496836287747309,0.29172975574270466,0.23485515548552166,0.41637184236086183
0.2790709995409536,0.33450567533706693,0.28877327568908645,0.2797455138616508,0.24235213927966137,0.3516182085347297,0.32268060255406006,0.28911819763696156,0.2491363220547346,0.27174351635564165,0.38205923568004,0.0,0.2671177146280579,0.1947010092979166,0.2903456423978334,0.28913034309667124,0.2915898765214371,0.23675661565740494,0.3587684639867832,0.24907568837451335,0.31721252666833666,0.30448149219436926,0.26980686606218424,0.3087421120725354,0.3459200716986096,0.2534602413282725,0.26491140325961254,0.25867967750545307,0.2843853164834372,0.2961602519891691,0.3033233785019947,0.2848361772048681,0.2927770460536952,0.2809269707720414,0.24932008673935,0.2757216357193858,0.3078196402151145,0.25687001270853405,0.3377201233009993,0.28866577790196596,0.3250585186183775,0.28911562768125587,0.2535129135468364,0.32371598599388707,0.27771859779446034,0.2619937833664246,0.24057631874475505,0.30556476708033053,0.2809049443762275,0.24989135962224873,0.31674411591821905,0.296336429241898,0.21078586816158937,0.3608285837809184,0.34536013093252627,0.24105086557224373,0.286717549499162,0.4048728753674393,0.2206861812838806,0.25154386158605235,0.24576773774668548,0.18600880103079084,0.27688217813482274,0.19806849807988555,0.20211678884168502,0.22322307778495507,0.23898373167422113,0.23108865799803027,0.2203606237895807,0.258943280710325,0.24873118576231293,0.1991976130726798,0.22807248847303715,0.2883045559487224,0.2720726208381481,0.22131385522820307,0.2571023464950234,0.2874514454905796,0.2387109258766112,0.20588401681553994,0.24110395193552495,0.25687239658233474,0.28658630113247974,0.22147120768346304,0.2539609428650184,0.2930097671984024,0.2490807118507953,0.2246651436394031,0.2536794462374788,0.25701123466144143,0.3104018006586954,0.27927595962735524,0.30316363872549407,0.2447319814621837,0.2287370158538661,0.3679312720026694,0.20013789545330504,0.28718774781236855,0.18641830065906906,0.25030728921159107,0.21729789575984318,0.24065534499357347,0.25978415791037385,0.2847438607533394,0.23628723351305939,0.2512266728460694,0.25541958873865234,0.27852283921748494,0.2669556808117454,0.34974351551885513,0.4251013792936698,0.2533650958479595,0.2457782205687985,0.23722162042924236,0.24459442758061917,0.30652244160105685,0.25787797726169526,0.2696282792531357,0.3015056307586928,0.21353962990668304,0.22875961272496234,0.23327193497565946,0.23682841869475568,0.316722764440323,0.19804551585197566,0.4061001131876032,0.1993015899111408,0.2903690591582768,0.3001685507086243,0.22144537844209428,0.23588217566447287,0.25164035722192357,0.20619637413965805,0.25869508011434206,0.267604005671755,0.1950756946712346,0.273045890296829,0.2615698439405074,0.2612195317407381,0.2810346033680855,0.2274466364232153,0.2347832722400053,0.26706408641696994,0.25105208226771714,0.29608413615141765,0.283174160928614,0.3303819566350909,0.24917136984621677,0.30082060986515113,0.1958384616200664,0.28903301257975283,0.25985036685326796,0.2786000334903518,0.25899906771424314,0.3843794815642066,0.25066150866908343,0.27301551025694887,0.33443595641878876,0.23571190357487432,0.2363171694847542,0.1999425727560141,0.24650423058724047,0.20385623653613993,0.3054160954118942
