0,1,2,3,4,5,6,7,8,9,10,11,12,13,14,15,16,17,18,19,20,21,22,23,24,25,26,27,28,29,30,31,32,33,34,35,36,37,38,39,40,41,42,43,44,45,46,47,48,49,50,51,52,53,54,55,56,57,58,59,60,61,62,63,64,65,66,67,68,69,70,71,72,73,74,75,76,77,78,79,80,81,82,83,84,85,86,87,88,89,90,91,92,93,94,95,96,97,98,99,100,101,102,103,104,105,106,107,108,109,110,111,112,113,114,115,116,117,118,119,120,121,122,123,124,125,126,127,128,129,130,131,132,133,134,135,136,137,138,139,140,141,142,143,144,145,146,147,148,149,150,151,152,153,154,155,156,157,158,159,160,161,162,163
0.0,0.6515989137433505,0.6558700105446891,0.5558077959262454,0.5516811635446769,0.6128051267782344,0.5917747641092294,0.6466254213848954,0.6284057409677937,0.648881509853843,0.573130932511633,0.5507664385347175,0.7041246551237194,0.490752638213596,0.6551675332565182,0.6320312958554122,0.6368911798410225,0.6846113257227553,0.638215970169601,0.7559098605540376,0.6134146176877908,0.6355243448188745,0.5659819574672393,0.6017382345073204,0.65753771056353,0.5323798995614525,0.5341220671085866,0.640361114708427,0.5670385562760872,0.5792999877922494,0.6560193570176533,0.6414614262940498,0.6541585058858748,0.5072915366106872,0.5925836075251989,0.4746799852718382,0.6566701433998364,0.5805423512379363,0.543618761434353,0.6897536814209965,0.6140701220331544,0.5470796090005523,0.6403308449522706,0.6048302741821314,0.6275050335731459,0.6864631900213825,0.5986366276006957,0.5957226781692593,0.65037903675595,0.6093807936606935,0.649037641287483,0.647640356774699,0.5053558305055841,0.5910563575678055,0.5383280360669422,0.5474427213358959,0.6803613749687589,0.5923844607365524,0.6235607229079766,0.5335430770654929,0.6138633856046785,0.41797469480458843,0.5935928831280188,0.44848091170210935,0.5720451853396933,0.581314008728721,0.5797941680043245,0.6534514366224927,0.6269373988328134,0.6430941605610118,0.7683672581619788,0.5340276850745345,0.5303855106410972,0.6508399737126841,0.6265731329007643,0.5916760700628184,0.5478851844829103,0.5450280253635608,0.6329948047653551,0.5338706083140342,0.5972039908718151,0.6472710463001539,0.6345076193741581,0.5387181909122912,0.5567717927244126,0.6745217087280105,0.5917352891230033,0.6295869340933765,0.603723249673366,0.4930058274661656,0.6117739166249935,0.5714013127678724,0.6064408653325215,0.5915679989244175,0.5809391743059712,0.6137007204854079,0.5242427291496934,0.5750004622076769,0.40447688842695023,0.5925167684342059,0.4763947413627844,0.5694340472833016,0.5260374084386932,0.6214258620681917,0.5631579617040406,0.6552586204556882,0.574586875377845,0.5989531278174735,0.6855404670159246,0.6129175782813229,0.5501227076530762,0.5184655085435759,0.602895319078372,0.5145067588963739,0.5417416144136495,0.6238781446645565,0.6447848091115818,0.6195530002359946,0.5468157605918382,0.44801625799560046,0.5662581780391647,0.5468803060916042,0.5650982534530645,0.7455910706850122,0.5631763572679637,0.6760917171359835,0.46929330528470364,0.48171858513993093,0.5238225012191624,0.6651387687510447,0.5421422381861979,0.619437778587504,0.5218446930928676,0.5076570334892632,0.5823107628145126,0.5607835098484708,0.6270513889573306,0.6306848909794432,0.6460477036961751,0.6554537937180139,0.6003002898002091,0.47893359596810625,0.6554496456335767,0.5199319305105647,0.5543388487914045,0.5678552894064997,0.6107857538375469,0.6070371053169017,0.731833008119915,0.33120034265598314,0.637605284971876,0.5922091796537556,0.5707449456027845,0.5749115130556548,0.6088769570914877,0.658065371657922,0.6564064030184487,0.6128138220540936,0.6030326821565433,0.5425607437591613,0.54447508850388,0.6356362799995768,0.5355895229446239,0.5946855518778714
0.6515989137433505,0.0,0.5931851266537703,0.5319786372115058,0.5028244174679899,0.7342100208042112,0.5465097063533588,0.6999285250443603,0.6604229195177124,0.5916682840907337,0.5238023894849819,0.6092583402867818,0.6789982183780107,0.5290287109295548,0.5357372440776195,0.6366959650942339,0.6151713554317919,0.5200313519220502,0.5649616051450298,0.6728844680754161,0.550961990037781,0.555728379710776,0.5331418487471857,0.5452629165705912,0.5736117921531994,0.5224518768732727,0.5645004026553865,0.6062064723686367,0.5920901717037815,0.5906757884943712,0.6879358715912538,0.6534246081625801,0.6799388046820805,0.5743323939143802,0.6029038582018286,0.5170625534018227,0.5976691611639997,0.5731811779996202,0.5500812987999537,0.6225923567640117,0.6057199003741762,0.5388200982117609,0.4998430396468711,0.5568149351322423,0.7105351614107764,0.6087381653175282,0.6183070228825548,0.5245836103245588,0.5552160097568357,0.5747118787376388,0.5644902252931532,0.6348740747330271,0.4807808103530938,0.573926002432856,0.5324548254968258,0.6603575561086996,0.5876075090980684,0.6114669478227223,0.5091156614665066,0.6001355119758054,0.5965817498398233,0.4533110435159821,0.511774237597305,0.47339641309612623,0.4736884809165118,0.4990410841539224,0.5767801681731671,0.5298044533016474,0.5057017802364492,0.5386644604759986,0.6204117067112221,0.526154648074575,0.5189425801886797,0.5772827900442831,0.6243404869111877,0.5424105044746882,0.5234812046652486,0.5647336994323068,0.5695878018673419,0.5292112725474176,0.5224140336513218,0.5790400973973221,0.6210518886251595,0.5486682627656176,0.5370112528167706,0.7813183730523299,0.5584126073684844,0.5419364332041027,0.6276726998191581,0.5870063277159934,0.5634058466130951,0.6691320429658391,0.5715689027995148,0.5529619303441943,0.534990341751005,0.6287984558959899,0.5325076642094672,0.6665729820088162,0.43833970826651303,0.6720902499385311,0.5009972819340848,0.5027663365868454,0.48041530257371645,0.5350167204727269,0.5620153153768591,0.6770813441071886,0.5487991052311212,0.5885613424775458,0.6250383352597573,0.5929900228595194,0.5272268129401446,0.5040977894441594,0.5881281488281963,0.5196657136933394,0.5345585351864256,0.7675609933580948,0.5950684145150398,0.5021956906245039,0.5171030530389737,0.503489776203664,0.5537022858845415,0.5393811684197418,0.595997268677964,0.648840947672531,0.5382173334136655,0.6638899416866457,0.5244073857559697,0.5813213567729404,0.5738263263332255,0.5608646334467986,0.6412772088483959,0.589517213774155,0.5337515656960006,0.5564889328195084,0.5228283988912017,0.472977312556024,0.6228611221979607,0.6010065671450205,0.5571834152146374,0.5689751521254993,0.49812318709007064,0.5261942266526277,0.6915094885945462,0.5158362879956158,0.5406453409335488,0.556809210453547,0.6620301145424813,0.5481072556107826,0.6495982225533802,0.368179664101311,0.56634253542623,0.5191669620810441,0.5380232000610183,0.5947143423925307,0.5608857167496957,0.5618696230324953,0.5689542121343214,0.6179178843327156,0.5512359482141834,0.526805485970743,0.46745287653784556,0.6095930687250375,0.4978136744156715,0.5339963731194561
0.6558700105446891,0.5931851266537703,0.0,0.6158095993160431,0.5773269131409112,0.5902256765598501,0.6248863359953607,0.6638864696888456,0.592951714684871,0.6968805585168171,0.6063869261693503,0.5850108716269645,0.6414054921972102,0.44414505724870407,0.6002050616970483,0.627372193851673,0.6466091582332031,0.622884396023979,0.6511860476042521,0.6069508183820616,0.709157096229166,0.7111385373679987,0.6064211314747844,0.6501338475982982,0.6987866072014489,0.5466272783514143,0.5434114831520732,0.6500925889873356,0.5101606929225175,0.5754309654823926,0.5586374727470634,0.5787154861666007,0.5842422330054027,0.5010204969287446,0.5039628095146099,0.44542644651672414,0.6297701722446292,0.5300737100105102,0.5329018711188951,0.7148662876476405,0.5585293124975748,0.65826977702299,0.5899623272108757,0.5567216088209902,0.5827186887658882,0.6072498153592906,0.5271430379957446,0.5672555523026559,0.6394081648273907,0.5383294731822248,0.6340823213845695,0.6123248707055953,0.4517162361089535,0.601575702961371,0.5060176216967506,0.5439120637162331,0.6210826167133858,0.6433824631717782,0.6039337802452722,0.48061674686937284,0.6143674820158491,0.38467229115529733,0.552068942755079,0.4194268967372066,0.5251162080609121,0.5398289776102805,0.6093019063483838,0.6436545095717374,0.6006879439777582,0.6969779708372185,0.6698852725844189,0.4614942341581536,0.5372529601508608,0.7374709085512621,0.5955990051282589,0.48723435933668635,0.6071184311338697,0.556716818744998,0.5570918560705453,0.499717421172869,0.5689498793259856,0.6841811829747385,0.623309982873738,0.48444139849140094,0.5609409860305653,0.6211546395698355,0.6081341801932464,0.5540202904621156,0.5325878821437815,0.498688663376627,0.6235395261709964,0.5327449414808474,0.5317894651278112,0.5119970095795223,0.5883632673724336,0.5788981932030218,0.4841334229593683,0.5716343308995726,0.37826682060811984,0.5522995697842319,0.427978076661242,0.629464676845005,0.5418721455170833,0.6264541956462786,0.5002615551446861,0.6166070325486507,0.5762405568708536,0.6683586037950874,0.5951010539982925,0.6806385719908512,0.5998430444821323,0.5135130075519767,0.5940004080652916,0.5361893637814851,0.46987938878790897,0.6186816926287789,0.5573804056595556,0.6000592823946924,0.5856419515357311,0.4303658777751117,0.5205537239514044,0.5425659638040568,0.5349879841138827,0.6929529402200271,0.4963197328944077,0.5886015977178436,0.45933253453275147,0.46244882149403926,0.4972920952113152,0.557015419590196,0.5290113801858749,0.6870674934752545,0.489942244853877,0.4912490553898983,0.588631998611015,0.4737756453533513,0.5227100190500379,0.5382003896107866,0.6532285435705032,0.6333949170259183,0.5221807542744779,0.4491544906760719,0.6535414688039006,0.5263057889579763,0.54244675482334,0.5630228166684483,0.6071166859614355,0.5812843565403187,0.6820049689423336,0.320620367322687,0.5992799356056593,0.5157298397442583,0.6079505594533563,0.6192950322270621,0.6971653962606148,0.6815832871485726,0.6889717361229539,0.6960489039060788,0.5312098694157343,0.5202854347513176,0.5147389259806262,0.5421006128747611,0.5788948608494732,0.6250154726005168
0.5558077959262454,0.5319786372115058,0.6158095993160431,0.0,0.5801445622232132,0.5347078892674831,0.6133249329179336,0.5676365025761207,0.5099852493737094,0.5590280736429185,0.6988048099927304,0.5744183909891135,0.5498401726130553,0.4689280865573416,0.527619340504959,0.6011671141209857,0.6320816443224042,0.5290930365600829,0.6363740069929705,0.554204390218794,0.7185664206056446,0.5904713686368166,0.5896737111027001,0.5665675705401584,0.6058377057416873,0.6247256391585355,0.5381874276338636,0.6291871338924192,0.5441403918035179,0.4829024523177704,0.5362311999126687,0.557063440794684,0.5977678658073065,0.5393185339907769,0.5350402291723787,0.5014334962353474,0.5862694879688348,0.5712495804823848,0.6159425895927286,0.685742136146545,0.5963492537048402,0.5655813204853792,0.555112252987111,0.6427416169283762,0.5579874383425423,0.521425289602653,0.45107957425369843,0.6273820275881165,0.6421784771643374,0.5539980424481731,0.6699819598203349,0.598093459121537,0.4354271756339647,0.7150222107489016,0.6058519273617523,0.48087035630802016,0.6108734872064532,0.6654332094675701,0.5983435261414244,0.4878852670492346,0.6235776856473858,0.3967252728319189,0.5367389993944747,0.46484681031638675,0.5019543928080616,0.5090058435633534,0.6691666211363212,0.517241670628171,0.5623410823717545,0.6022634544597647,0.5988080111227572,0.490096259521844,0.6471240388526593,0.7031166423519691,0.5640405505201924,0.4536526921435944,0.7067655893049314,0.5811830144816313,0.5420591096675829,0.5206320228121917,0.526535783104828,0.6644555571518892,0.4952668570490285,0.4894102295536245,0.6786715961454419,0.5579362838759457,0.6541042625606226,0.567895450040202,0.4868096700107926,0.4634435847377377,0.6865357873377178,0.5553196818148022,0.5661203450717033,0.5024715284987581,0.7068206545694763,0.5415623349462695,0.500628895113187,0.572158781509678,0.41697159172767867,0.5377512225263061,0.4709211863811735,0.6718178923068349,0.6774978529690387,0.5732067390940668,0.5328555036996041,0.5353069696734066,0.5867392496465134,0.5841002195867665,0.5381995978879278,0.5783669492259816,0.7556453886621859,0.6266393176124693,0.639849856657319,0.6109160074451,0.4723986250371621,0.5364669189223951,0.5178957294905948,0.5782639714210792,0.7135317513080969,0.4637337681218594,0.5692534362439448,0.6130437987566317,0.5769167412707681,0.6077952243519532,0.5507184950484584,0.5766306247617196,0.49714580981972006,0.4573015685641941,0.5469205110389864,0.5397832928522759,0.4582199140388142,0.6602906975956797,0.5373899919900909,0.5710811351053268,0.6342903015894581,0.46000032397612445,0.44543730593884673,0.5626865266322135,0.6362892700973648,0.6241414256715676,0.5144001118709934,0.48367291691023173,0.6563235436681804,0.6551283520670833,0.622282597128218,0.5577804047987399,0.5410810270750692,0.5044032783940307,0.5841196673419607,0.34227611769565264,0.6806233509109033,0.508813016855497,0.6520356832887951,0.49820688400395535,0.6709310967363664,0.596638810777752,0.5745014326042406,0.5753919144312928,0.6153512306436334,0.587047768049547,0.4694681406511565,0.5677089741069766,0.6383599985737113,0.6584683787425296
0.5516811635446769,0.5028244174679899,0.5773269131409112,0.5801445622232132,0.0,0.4667684431565627,0.6898077809286804,0.5189850535939842,0.5589915205148877,0.5387939795530707,0.6517732618871616,0.5868283253707353,0.49999298662016795,0.4316662620382953,0.5747393921307822,0.5490584412619366,0.5273260916008222,0.5237740734003048,0.5452605873921387,0.5285980553665349,0.6042395017840462,0.634616590745074,0.638038707311179,0.604372590822419,0.607977622196677,0.5721966497086999,0.5484579469836885,0.5152083315990384,0.5010356225392688,0.5389002203426277,0.5553800134052248,0.49407739702635567,0.5195282011602533,0.4857725708361968,0.5226452101151505,0.4564296300879505,0.6023896162943375,0.5254112577693864,0.6012696737605017,0.6080628854649485,0.5211558008132533,0.5955578354682617,0.5526120966322646,0.6032067838885715,0.5220534649751805,0.47990412580650743,0.4591454463437855,0.6137694873387849,0.6716885552868516,0.5071308788072273,0.5641440006610998,0.5013959149235389,0.39181879380823004,0.55025491953587,0.5271693813845818,0.4795838573301968,0.5332796355079391,0.6134007457077405,0.5401878943011275,0.44046026808047645,0.4859331312935191,0.36346207222220395,0.46224792026151157,0.44309948842689506,0.4722022419423131,0.44189349101225,0.5756986810201145,0.5477445708271116,0.5454727121428143,0.5829212500179453,0.5757025433266839,0.46271257589685655,0.5189012696562412,0.5730879416112404,0.4745566488268359,0.4236581191004976,0.5806839960983594,0.601496780474275,0.482408725757597,0.4573285538925729,0.4574339499747814,0.6291581770081799,0.5305438643894806,0.42804933778849336,0.5382767963323074,0.5316124121291805,0.5761561520806584,0.5313669905972251,0.4432792804522967,0.47793421500128846,0.6698364680935414,0.5310448979619259,0.5242716464992151,0.43891944043385644,0.5737678497162265,0.5722369189342777,0.4259834922594089,0.5205518154154758,0.3986904468481975,0.46305004606305844,0.4442352319242033,0.5714191480876687,0.5851232732194196,0.5831409047909101,0.4670239242566184,0.49685024881707207,0.47259841107339956,0.5610447714072156,0.4983184427349675,0.5785400520485313,0.6218613058236218,0.5723481647389124,0.5085426038879236,0.5412395201480678,0.42130879151828676,0.49919764670996436,0.4557318086108785,0.6660400188253219,0.5230939056357563,0.4296185487310386,0.5806261089507021,0.5211956573408019,0.5053732071379482,0.5705991754090312,0.5262519252689954,0.5289774757915617,0.42856628283786974,0.4559732717368267,0.4648385428222113,0.5252759914420561,0.4597712435090292,0.5392409415240519,0.47581985699956175,0.5179705652145467,0.6008787853466661,0.45040521890419,0.464956886229326,0.5723566526830516,0.6521809276970174,0.6299444874437502,0.4643716723277166,0.4483760653708117,0.5695355372213806,0.5549248648071612,0.594151480124087,0.5986022007488333,0.5995164812101704,0.4623483141097788,0.5797941732729525,0.32036762045445255,0.6156400812692885,0.45871680078718935,0.6036093667316618,0.5389258070720725,0.6199622336326831,0.6082946434620583,0.5534977689593316,0.5528953336728443,0.5487731246402623,0.49276987163390074,0.42670599640919304,0.5182515449194158,0.5774709433091243,0.708176161086934
0.6128051267782344,0.7342100208042112,0.5902256765598501,0.5347078892674831,0.4667684431565627,0.0,0.5073404378318207,0.6817247927492361,0.5660591614609751,0.582771359313665,0.5134817227335584,0.5510589563241459,0.7271759050289334,0.5334652171325424,0.49467749443376435,0.6521131983559274,0.64205621094245,0.5097020995285618,0.5487042564969669,0.6204069001046674,0.5415920802986138,0.5187855616934696,0.4990224079757157,0.5047502800173407,0.5494599276559917,0.5227928637008429,0.5330408075378603,0.6289822654642967,0.5944487877032474,0.5400347030557584,0.5933819428889078,0.6857097258344843,0.6696271280664582,0.5577822086374598,0.5581102326943597,0.5070905682305019,0.5757924708374622,0.5666302360469545,0.5107238841509821,0.6026688972259333,0.5919566264101632,0.509296075461134,0.4918086758636236,0.5388531820569411,0.6580010926111812,0.6117161684994398,0.5891454025874452,0.5161119180255469,0.5250817769341543,0.5585698749128323,0.5639496659575244,0.6684204931374855,0.49287555954980644,0.5696588556728076,0.5298130124634759,0.6134829974151099,0.5810479613282138,0.594907926162306,0.5022196145248903,0.5968485014419342,0.6493545464928863,0.4698771045128936,0.5400762758089492,0.4604039643783377,0.46528942526994904,0.5197321132256644,0.5657860624050756,0.5181307220720588,0.5060364060230267,0.5331640599188983,0.5978371493026451,0.5167036507458241,0.5282846575269123,0.5833358184391619,0.6765115208507361,0.5568162417761331,0.5279042418994934,0.5430583841765708,0.58254345068672,0.5717311675151622,0.559631048808442,0.539565000127586,0.5735568058394084,0.5982503590880411,0.5431706088323146,0.6966112834253017,0.5612674254490426,0.5337311028312235,0.6593830506539962,0.5314135236288305,0.5442423530615847,0.5989462042180909,0.5598656509849567,0.5704638460049208,0.5311442133387577,0.5795130064934193,0.5466879346209096,0.6339431039427907,0.4301620219158165,0.7113698082846074,0.49285183093837515,0.5060586418472365,0.4747153546677663,0.5114359571523474,0.5707452888415073,0.6897362728930625,0.5819665890986537,0.5717962643224568,0.6209389715621695,0.5581673272124664,0.5120523959149068,0.4891620809363701,0.6309973803414741,0.5186465062998631,0.5607648638183379,0.746676643405734,0.6249454236872398,0.4750825642920273,0.5434574785642999,0.5066191579862946,0.5209934709217634,0.5544490397578355,0.5952813915583142,0.6317386005986965,0.5168729281769082,0.6642212067895819,0.5411114296589583,0.5460889271291086,0.5945998873916554,0.5472357225368728,0.6007290333504606,0.6169246227021595,0.5497663617187937,0.5308722497812397,0.49636664097083594,0.4650560470373334,0.5743415753060485,0.5545530435155903,0.5249867313931651,0.5358047602849663,0.5113867923323512,0.5281647077638016,0.6388989328451202,0.504629037906118,0.5246199880579098,0.518174944276429,0.5669404042695159,0.571107235650866,0.6098555143477189,0.3729765628360603,0.5395191046014609,0.5306155661104187,0.5068847193759577,0.5410142021263584,0.5443787899714191,0.5340993381987768,0.5533875268071454,0.6110360662664465,0.5406198321685076,0.5533976973194585,0.4888281949328168,0.6013138108435232,0.49071142805719575,0.5045778240197973
0.5917747641092294,0.5465097063533588,0.6248863359953607,0.6133249329179336,0.6898077809286804,0.5073404378318207,0.0,0.5722431362593244,0.5956135183578919,0.630460638146229,0.6266066717371084,0.6327283535895954,0.5487073443877458,0.439306298782584,0.6041270123199252,0.5709682516569721,0.5480815277191993,0.5485525484642543,0.5705824058437651,0.5473410676312068,0.6220632084939647,0.6526151519895376,0.7205124586170618,0.6490232618548631,0.7107775502132011,0.57922645293398,0.5796390614356516,0.5522729181464612,0.5111060857718231,0.5725041085469019,0.5911876633213282,0.5312933323578178,0.5521936773395512,0.5190705919424519,0.523624702271963,0.452961829911594,0.6712210732013711,0.5174874527552337,0.5735939572687221,0.6685981672494137,0.5242611420297778,0.6605488710289379,0.5591997820029213,0.595133898215704,0.5673656258603674,0.5187290045025696,0.493720416090332,0.5993442365057388,0.7392478313669614,0.5046478528985592,0.5870125968005988,0.5245680355422375,0.40146211607874005,0.5644103496964448,0.5250722964251566,0.5352040713300202,0.5450631181030229,0.627306464225802,0.5693998640305661,0.45390091530493365,0.5181998116157832,0.3699767211691162,0.4707549474585041,0.43327080143174185,0.47858433208169465,0.46238349733798895,0.634499223212151,0.6086675221217636,0.553302768408777,0.6274990746668645,0.6066749943515443,0.46344905623085886,0.526518165048301,0.6208688445979694,0.49302105176027783,0.45236018758697566,0.6101235762769939,0.6252028763771907,0.4992669967550254,0.47400587369679537,0.48128462343865847,0.6614242737801388,0.5891232049652682,0.4402770930684972,0.5427139722873923,0.5641220924325426,0.611841981390446,0.5534470669745939,0.48207919691509565,0.5179546595370915,0.6542151115628949,0.5715194109521599,0.5208282681615938,0.45590994516991223,0.5761137427301138,0.6361734061685748,0.4335666286967213,0.5727654736739453,0.39309873379090277,0.5072263528436433,0.4445760445386488,0.6008444161370459,0.6002165093530911,0.647274579198194,0.47255122397251714,0.5353054029675758,0.49457748081874386,0.6238063471599424,0.5343916828948517,0.6603045082166242,0.6528399696593694,0.5461248658937747,0.5478067980968185,0.5446915033135897,0.4320500542361202,0.5391895212320594,0.4879488002754814,0.6651568774493947,0.5427180772970509,0.4376599745443894,0.5422526476543095,0.5354802164060861,0.5203760587781475,0.6320842792370702,0.5142723896664125,0.5671077632374648,0.4410071776130899,0.4740347588609117,0.47869681334914393,0.5361322181233693,0.4971418331330325,0.5531195806367778,0.4844453701154812,0.5061790718975456,0.5903469650025454,0.4476432255732934,0.4945483203588528,0.5735629131327538,0.6746583107247838,0.6444110290589611,0.4869643477244652,0.45125180548112176,0.6204701012636854,0.5377269420054311,0.5887614259893154,0.6635312122566261,0.6185941898512758,0.49880228236247287,0.6390717332640521,0.31809330019328913,0.6247082617110774,0.4739769644404268,0.5777165386946065,0.6157170015692128,0.6915007731934978,0.6759397573273211,0.6092464385231167,0.6390590444157943,0.5617131865808668,0.5115058364848304,0.45356357395369873,0.5352530957979982,0.5949097595051561,0.6686744178702366
0.6466254213848954,0.6999285250443603,0.6638864696888456,0.5676365025761207,0.5189850535939842,0.6817247927492361,0.5722431362593244,0.0,0.6639434939103765,0.6657053419957099,0.5530158198897034,0.6327098983314057,0.7040422172251358,0.48923306270490413,0.5507089746155437,0.6757400833052067,0.6306216508979892,0.5499422465099479,0.586248419960052,0.6357269404831685,0.5864346721072209,0.5838743860564225,0.5843456205796668,0.5652193743950904,0.6428515606743335,0.5517426201648492,0.6087614861850029,0.6459050402945081,0.5549256748497006,0.6309386789237699,0.6530655230106044,0.6374796657767238,0.6415621262736019,0.5668729303398025,0.5470370740397024,0.48664918413987324,0.6467273948015011,0.5703460834422956,0.5460659193245149,0.6516195520068847,0.5784679981578797,0.5848713189668868,0.5331634249909093,0.5467936732939677,0.7071304277854654,0.626364939798265,0.5803082724552204,0.535862362052228,0.5882221905112944,0.5473374948220461,0.5810539173990894,0.6130716809875657,0.4542616904632575,0.5691743291774429,0.5250486289270145,0.6412143768959971,0.5895301893682311,0.6750503244098227,0.5250545345753063,0.5434023253143744,0.6205127860642665,0.4253209080244628,0.5214417148930234,0.44895079336427335,0.4737259763133258,0.5079665208337083,0.6078656510713839,0.5729968182706455,0.5456543674982895,0.6280002015223386,0.6334270137315618,0.4959964786995049,0.5230832060821412,0.6264374620809402,0.6259806619356916,0.5203892849023645,0.5672591158464789,0.5827945640846588,0.590442599162903,0.520436327943201,0.5356443775848564,0.6041742332336242,0.654724713456839,0.5376884838114807,0.5516688049574431,0.76360003557961,0.6222022092785656,0.5525323457128387,0.6238470345896748,0.5807751323169578,0.5924920684895071,0.6120938623882026,0.5477403261600764,0.5208649280258713,0.5461251792560845,0.6456141407321957,0.5046918889155056,0.6626089961981737,0.41098739655207894,0.6356569409700075,0.4707141578390782,0.570880118015466,0.512312428382535,0.5894079582255248,0.5371482499280931,0.7060540960183147,0.5670575643381406,0.6643024534316861,0.6164014301957248,0.6179705193400563,0.5467079719796046,0.5112836810970178,0.5942979090377077,0.5570269032697267,0.5081288914941541,0.7378840860191855,0.5814225470994743,0.534177681426113,0.5329512088513728,0.48545102539342666,0.5304093228720226,0.585987458031892,0.5649633663031149,0.6777710834394394,0.5080452714171594,0.6623182415694823,0.49774212796412864,0.5514785170112031,0.5472921327865202,0.5623833155832114,0.6386349568237416,0.6304061671602339,0.5389639922507916,0.5257031656387533,0.5356982449798473,0.45545590925463825,0.5939932350545353,0.5709033359074127,0.6092566483262278,0.6171908254644413,0.5079636513288504,0.4950300247763835,0.6695447566651447,0.5193658128586496,0.5519508915392058,0.5805566236768066,0.6488667509143472,0.577842516307645,0.7046352526563822,0.35085611353997775,0.5869629231080897,0.5133874613511098,0.5494724242845153,0.6326808247040205,0.6343678389393849,0.6230047307463464,0.6066129046097676,0.7086120199485518,0.5355103230358931,0.5319241097116894,0.4852605028911621,0.5797494312620383,0.5430864584605775,0.5568855369094441
0.6284057409677937,0.6604229195177124,0.592951714684871,0.5099852493737094,0.5589915205148877,0.5660591614609751,0.5956135183578919,0.6639434939103765,0.0,0.6101286863418093,0.535981909484058,0.6417752536933,0.5885008218091925,0.46109441216074765,0.5748142769637361,0.5783207100359968,0.5339991135565971,0.5256363919346655,0.5328732104068842,0.5974860650748834,0.5330438474932708,0.6098484868061153,0.5850415037824053,0.5796154093378699,0.6228532356563051,0.5061114593579206,0.6040364631311782,0.5423691595306724,0.5200845866381605,0.6997842995847013,0.6884218855413622,0.5448297453896545,0.5673487557933553,0.5142784520797832,0.5478598992991696,0.4571930403061464,0.6331574257665882,0.5265591792745301,0.5401131298433769,0.5850421411799297,0.5214608129893964,0.6082412156820516,0.5006671961333377,0.5281148173589431,0.6200921808718173,0.5365963258307173,0.5550336596774176,0.5196288702879269,0.579855125175145,0.5041328629226107,0.5190101408684171,0.5217115666965049,0.4163253096548056,0.5128994382338502,0.4857096816575383,0.6457544743068266,0.526717226171096,0.6078280586015008,0.49141595031314683,0.4881183816283988,0.5143410498368245,0.39075797904030146,0.45787984115537694,0.4350574446819852,0.45105790039335375,0.44783571610968587,0.5603409876921185,0.5690741964490644,0.5095550927535079,0.5856575974409194,0.5915395007277622,0.47141989118456523,0.4785409122535243,0.5432694724964556,0.5233592388108086,0.4760764356452262,0.5084102913203623,0.5686711589382669,0.5061938828209169,0.46468268283030534,0.46991431730360234,0.5905335412320073,0.6999403602512919,0.46754583387897475,0.49060201121297625,0.6742366454048123,0.5663556038998322,0.5129275896663116,0.5296268913046522,0.6254088194973285,0.5646225802510599,0.5998257662776556,0.5095868239240692,0.4650992016177022,0.5054867139372097,0.6891279984222708,0.449147866845687,0.5943922791358157,0.4017917985750628,0.5311085913602542,0.4546622337720266,0.5052612138064086,0.4780169278975465,0.5752058634436489,0.48245377550287394,0.5755375724904552,0.47309283288356463,0.6129961126112503,0.5408831414746714,0.614428240046272,0.5164510420079282,0.4868987619207229,0.5162238236491568,0.514553394212536,0.45096215604888573,0.6280397299956829,0.5036219328508829,0.5439650598759724,0.46985996918007333,0.459903420990681,0.5256632891082069,0.5114349908941799,0.517500191275542,0.607819178512748,0.5067666876244994,0.5829058600039394,0.44545138891870945,0.5378225175002355,0.4816074075382328,0.5290499598283832,0.6400161745688957,0.5339800886599357,0.49140485137089424,0.5138019353306844,0.5274085542511907,0.44373299007236006,0.6018650777145009,0.5657585676783787,0.589630952698372,0.5901252351314759,0.4697806949480365,0.4664436801129419,0.6067721845005568,0.4890171397130918,0.5312592880255949,0.5878543113926128,0.7544574045389962,0.5042218680540037,0.6555230671579747,0.3347515269631312,0.5609503198748259,0.47075373457424985,0.5324235296848382,0.6552896804431971,0.5832788572842493,0.616850305277731,0.5860148890811732,0.629102383055386,0.5168612156485513,0.4717110093469635,0.43741278794380956,0.5441119275645656,0.5078591058833807,0.5707293928054454
0.648881509853843,0.5916682840907337,0.6968805585168171,0.5590280736429185,0.5387939795530707,0.582771359313665,0.630460638146229,0.6657053419957099,0.6101286863418093,0.0,0.5509642498124284,0.5645028668177283,0.6596283620061646,0.44973941594862626,0.579198934315541,0.6149879000515358,0.5942296881184863,0.6185490568583889,0.5709310323551193,0.5752194286165988,0.5897285828043547,0.6037850870648969,0.6336909728701671,0.579354613734979,0.7493773878899049,0.5338760330568185,0.5781268697652653,0.6153063654340595,0.5238168887838816,0.6285784099521459,0.576952212574582,0.5863103025264094,0.5711123780387531,0.4999872172489117,0.49972852923389055,0.4345423301242512,0.6662597103590803,0.5255239692004671,0.4944360532701803,0.6643127238250424,0.5292732836171181,0.6247405514050031,0.5708203107054574,0.5317822130523184,0.5848310691453809,0.612210429235302,0.5664510844114783,0.5364729250376613,0.6414358799782383,0.5044188757770354,0.577247939558981,0.5617850601512635,0.4385488821899705,0.5281326092874118,0.49007566181723605,0.5931168683013663,0.5650116336270651,0.6062326358271847,0.5720669831531476,0.4736919714104289,0.5615798023744755,0.38845776482216615,0.5132976013596188,0.41457009741632805,0.4892537801888643,0.5121929892075464,0.5877739033663796,0.6900870962514912,0.5994977032502831,0.7021064598832447,0.6276475841559362,0.4687098889877303,0.502406856032456,0.6347881284011249,0.5620996601455056,0.5222633695442883,0.5594751381609374,0.5753797877990501,0.5566028002396867,0.5144953282839226,0.564906719120854,0.5938780030619774,0.6935835527457638,0.49218416927540476,0.5294346601491554,0.6204959806907141,0.5996330235134474,0.5624966268526307,0.5789377055363534,0.5159092173395731,0.5907300477166035,0.542914823829325,0.5179303402845673,0.49210239574028247,0.5467394754747206,0.6347484285396761,0.4509931422326775,0.5870944301841815,0.3790751613072037,0.5594789903072567,0.4345628064515073,0.582324125260739,0.5317303571242215,0.6794427960185202,0.48864214145193,0.6280060033618251,0.5350571125747677,0.702626382504604,0.607021976266379,0.6340016062287689,0.5398012831833271,0.48979010783351545,0.5721375258951715,0.5387464509435881,0.47070077954450723,0.6149943878108974,0.574890345264093,0.5893401262654944,0.5332079356816364,0.4425703045582237,0.4963678398959539,0.5519559333129676,0.5161005157285028,0.6981759375823001,0.48873961492177564,0.6153530227579346,0.44716883199840723,0.46859068461361986,0.4892000244439812,0.5670281496444591,0.5799815457099816,0.595993001898512,0.4968852336460307,0.46716643138626934,0.519801237146282,0.4623897453144628,0.5663199742104936,0.538897939482081,0.6283388799179086,0.6268619244958361,0.536735208798481,0.4502862502633227,0.6091597748058848,0.49110338654539154,0.5357521772724939,0.5818972606923203,0.574741557713361,0.620835350942241,0.7351162519864421,0.3203115344393498,0.5612363949412594,0.5283952013930321,0.5189460856176502,0.6554453962952607,0.6797708251749446,0.6682893115726293,0.638470234949967,0.7499501005587896,0.5313730855499355,0.5210231317384533,0.5405020111700514,0.5584796328598144,0.5855199117314075,0.5653829107034858
0.573130932511633,0.5238023894849819,0.6063869261693503,0.6988048099927304,0.6517732618871616,0.5134817227335584,0.6266066717371084,0.5530158198897034,0.535981909484058,0.5509642498124284,0.0,0.5870380502538999,0.5507174436547966,0.4689911829536089,0.5316176483349231,0.6222656537444848,0.6083935415954321,0.5305926108948857,0.596118640845158,0.5723241131251707,0.6796317247636935,0.6213988605328511,0.6179233479486725,0.5904333156323495,0.6303037674741568,0.6474662733536148,0.5650455208814306,0.6092014558388679,0.5515446496855899,0.5073683129211155,0.5505674393996646,0.5439418444986504,0.5523790916224693,0.5348526994861379,0.5566503529968199,0.4916220707966515,0.6422547224773176,0.5857439038863997,0.6435098848401135,0.6696897904942367,0.5577133292864799,0.5908846531815688,0.5586090323515871,0.6666784324904419,0.5568721275379607,0.4986543518878232,0.4457039954927098,0.7217572820789577,0.6939741358347364,0.5396093038927791,0.6186810885229465,0.5535432821852402,0.4124937753405991,0.6356166969306739,0.6010908743544374,0.485328021786713,0.591256249316596,0.6744394196891426,0.5760120555074286,0.4715925885551672,0.5801844642187269,0.3850294898993311,0.5058444800993616,0.4734385227230593,0.48475218457646513,0.4810851675172356,0.6810426074277112,0.5316882351305804,0.5737311298899085,0.6215045440642758,0.6003419495159036,0.49440156623692644,0.6386567210672264,0.6531788648170718,0.5367300986502899,0.4449530151180149,0.7008739157488042,0.610959615284371,0.521587248280806,0.5209185022620562,0.4995182660331677,0.6408509612559887,0.5075825859158544,0.4799809018778294,0.6399467151862012,0.5603448948605961,0.7091203481928612,0.5574873395497733,0.4699716404953031,0.4779515055659173,0.7092812717170128,0.5402924768685458,0.559104946604722,0.4820890289420814,0.6722490692864704,0.5630490798587611,0.4695904104698194,0.5551972325269403,0.42047324031825434,0.5053135941608127,0.4827475290429183,0.6505882052450439,0.6351245550005318,0.5610305930426032,0.5134642879173887,0.5228009426714995,0.5321460668869967,0.6011428966764044,0.5138516463318566,0.6060983445635533,0.7340755073852618,0.6424074391574078,0.6127577909561945,0.6296316367473946,0.4552272883922059,0.5300968364507352,0.4927883976826279,0.6384734340015135,0.6395133561849167,0.4638878755418015,0.6112674879211958,0.5809620326125061,0.5915743305449734,0.597152770255243,0.5863616566848947,0.5687454785189533,0.47024092287693514,0.4648207120494006,0.5250694250808315,0.5421459519782499,0.4642763751922298,0.6286695097424769,0.5603681979519364,0.5841094036951159,0.6842553599776569,0.4618685123515649,0.4600042106404015,0.5809960381509386,0.6912588929576895,0.6343580700693747,0.4934113101928992,0.4906746925087427,0.6134099708492156,0.6338615352829173,0.6785299575495741,0.5802460909393068,0.5616159101990458,0.48045030209508555,0.600087206490341,0.34213866511207114,0.7193324695452619,0.48735326543875046,0.6673554378803253,0.5006566859336385,0.6542888485852026,0.6315941542918109,0.6141695352729786,0.5714115578781624,0.6211681975033153,0.5711252115630244,0.4469361890161022,0.5764377293410388,0.6252487027000345,0.7910957556611826
0.5507664385347175,0.6092583402867818,0.5850108716269645,0.5744183909891135,0.5868283253707353,0.5510589563241459,0.6327283535895954,0.6327098983314057,0.6417752536933,0.5645028668177283,0.5870380502538999,0.0,0.5473630060939273,0.45253697732593545,0.5204088229957381,0.5935586877204785,0.5478946771210607,0.4732803500857153,0.5469105446250189,0.5546953462414722,0.5716336939633292,0.5832265210339687,0.6437106475008727,0.6073142207692808,0.6160515773392605,0.5690440133206625,0.6252205204877695,0.5569375877683198,0.5186621625844136,0.6036959050166782,0.6238499257905892,0.5298202280837823,0.5581246970451823,0.6063020206237951,0.5370663775447133,0.48230328415475626,0.620658063813391,0.5231042869630017,0.6028320649403627,0.6059823468419845,0.5252259462356783,0.642524629839397,0.47737464370626287,0.5547843906014972,0.6318872527609778,0.49657676530295924,0.4911140530373478,0.5438808338182644,0.593266087008703,0.49169923823417855,0.5251356195797731,0.5276915547290837,0.3887105568740223,0.5525234052138565,0.5167307509179985,0.6057618315482786,0.5173073624938526,0.6928067939185569,0.47630700472560983,0.48232618188281506,0.5190869305290801,0.3834858619390411,0.4416777033361289,0.4505679834897762,0.4244927138486011,0.4280235933581902,0.6117932323179807,0.5060322365244573,0.47646504081328056,0.5537823601778841,0.5479297877570816,0.4556743396138948,0.5120742776823978,0.5606746266170327,0.5035651540452759,0.43089998290687276,0.5658456410295266,0.6280680131674484,0.4887010696086983,0.4665652909125911,0.44556940666017747,0.5919338302001822,0.5812147107657023,0.45201410833142075,0.5254242054175966,0.6323355409560515,0.5966034793353339,0.487346101078971,0.4883733661094975,0.6432503952924009,0.5911899154148076,0.6194762240319733,0.5000390243851267,0.4457312124064586,0.5215575864139393,0.6453572153346723,0.44051224308349646,0.6556426480386319,0.41385513822803066,0.5294285908462503,0.4583657076880166,0.5293810872452036,0.5169667917863102,0.5553995836201265,0.47295681964752523,0.5529549103477088,0.4812415127749025,0.6434525827488915,0.50534205267379,0.655511751474733,0.6098516415636874,0.5295993356253265,0.5296157744180269,0.550069805956275,0.4326814517926447,0.6150093807312443,0.47311906870886594,0.5294720958735474,0.51319037758655,0.4753844146038543,0.5384435797124026,0.5259681201510557,0.5552044659818667,0.5812637093368463,0.4974774273004854,0.5652712926053441,0.4648555550019318,0.5633239476132447,0.5126517701838496,0.4861886507284589,0.5596738100970804,0.5440021271835693,0.5005472706799461,0.5608680431871774,0.5559143100403126,0.40744654073514747,0.5134839459044024,0.5552397433372686,0.6050311877518859,0.5762519740223133,0.43558184904603375,0.4784000179560035,0.6203499746679715,0.5236837029386958,0.573604642898399,0.6273860061937916,0.7104437592085787,0.4640607093557373,0.611341257130907,0.3488180173564374,0.5869574797077857,0.4377182037438765,0.5708381403190337,0.6101286783916869,0.6320521739612851,0.5885893570727835,0.5704420056343773,0.6471343904460536,0.51685220333953,0.4876803934418646,0.4061778941890721,0.5234054018966243,0.5269332271166127,0.6075129147528973
