0,1,2,3,4,5,6,7,8,9,10,11,12,13,14,15,16,17,18,19,20,21,22,23,24,25,26,27,28,29,30,31,32,33,34,35,36,37,38,39,40,41,42,43,44,45,46,47,48,49,50,51,52,53,54,55,56,57,58,59,60,61,62,63,64,65,66,67,68,69,70,71,72,73,74,75,76,77,78,79,80,81,82,83,84,85,86,87,88,89,90,91,92,93,94,95,96,97,98,99,100,101,102,103,104,105,106,107,108,109,110,111,112,113,114,115,116,117,118,119,120,121,122,123,124,125,126,127,128,129,130,131,132,133,134,135,136,137,138,139,140,141,142,143,144,145,146,147,148,149,150,151,152,153,154,155,156,157,158,159,160,161,162,163
0.0,0.3887631357256523,0.3513187324710693,0.3056053347578705,0.29089155371284536,0.37648030451860387,0.28953334788958185,0.3932741453128698,0.39472054677492935,0.393002179625631,0.3756236425591974,0.3104504250707268,0.49829782838397496,0.36336113199145365,0.3416445701497228,0.3927574630650661,0.41988474650259633,0.4920412636996719,0.34595856068392106,0.4790894637677887,0.3803321066037508,0.3547892904130099,0.34118219519576776,0.29955146607538213,0.45590796250103505,0.29561422800505516,0.27323883832127144,0.3933511236969116,0.31654463599692384,0.29926112657655046,0.3678552084356973,0.45523659098519353,0.29449604099800164,0.3507300897068104,0.4977477400509615,0.3738617636510834,0.40553005651957186,0.4381147814224427,0.2851239879849696,0.36245067032792405,0.3089889561564896,0.41076648549453965,0.38447864423277694,0.3681021545945724,0.36705083931662164,0.388562385913791,0.315038200145583,0.34075876357012186,0.42391412954459595,0.44706672507613726,0.4008882782920822,0.38619069598195843,0.3386593035811014,0.3177177994688098,0.36803634453297207,0.4597942319686531,0.48685099037131363,0.33840537845814955,0.360587421231302,0.40927640513411034,0.3759236448173418,0.3521772562143875,0.4171564432764246,0.33641564988890477,0.3702781336151182,0.4090359977792854,0.34730920412291566,0.3620541126717228,0.334039670567943,0.4385158272794612,0.4570359035436305,0.38038652885797447,0.4314282937276016,0.4000987448724031,0.4450381457491293,0.38058865664259994,0.31177201994481907,0.27995240842494934,0.366250668061065,0.29333689368961435,0.3946375780646587,0.3868584388939451,0.35696604849204727,0.455042977241671,0.4335830994756723,0.4497989393735254,0.3848882460639176,0.36760492346968304,0.4158099425756383,0.3612467371062886,0.3919983355343889,0.32161404193413956,0.4211257915581407,0.4320592114268857,0.4350999179320863,0.3221128980291245,0.2811978989062451,0.34654075080708474,0.33421334060954794,0.40010365967672884,0.3357914271575301,0.34994762137151353,0.2952625030712547,0.2894703399226128,0.48605744268399814,0.3811204104148983,0.38659070256642425,0.4383997639270374,0.3484403437650295,0.34499828494037943,0.3379350618992782,0.4254163466062386,0.45517366790279035,0.3338938664718954,0.436647033891759,0.4081818004860421,0.4158954683152628,0.3967890513712664,0.36068859388121854,0.36257452496196363,0.3587529444827195,0.3208198513430137,0.4353378748692484,0.3840663871282478,0.37733746678548946,0.3146465449991491,0.34860528156042037,0.2941154708689946,0.3889355982551716,0.36355886107335816,0.3700220548932944,0.3601818195049185,0.34209771872745665,0.3810698171368967,0.3536293327477954,0.3865347781562588,0.3546573799221948,0.36495116869684013,0.3254728626705365,0.3671159420103849,0.2891789143947627,0.41247034374853,0.3967768387564473,0.35540309924706526,0.37935122325279397,0.3363876431869561,0.353013712035598,0.29946935776998546,0.43437829019997437,0.3008641937090304,0.42079444034857205,0.35290581811561494,0.3401723980790244,0.27455623545251023,0.3697560034995078,0.4018323185319755,0.3450298901737627,0.34768511643577765,0.31640401046286315,0.4526256002339323,0.3373346982483636,0.42606883255894945,0.2850261236625359,0.4546662106179053
0.3887631357256523,0.0,0.3833129612254103,0.3973319489052436,0.26942644438464175,0.4112472062929119,0.33499334578058965,0.4541423250276761,0.331252200514021,0.4957080793628222,0.37331460789595017,0.3543036920980602,0.3918959375302789,0.3692834287621959,0.4226048732740469,0.3307780944107378,0.3779992416427856,0.3701773606887098,0.4035488290369441,0.3860333495410053,0.3805358040148269,0.4486952703765485,0.34871189658596496,0.35539108535929353,0.4189881836699096,0.2897855409886292,0.26102445929141144,0.4073298420544414,0.42392221951356757,0.2539029557170733,0.3955005200401162,0.37637170476912657,0.39302640000941097,0.3284162179464218,0.40456438791292,0.4172972863308275,0.33979838139802004,0.3757592893886725,0.36646130989794673,0.38025006210692613,0.4240465612226573,0.351564382336699,0.30318244754595886,0.3407206802935612,0.40493503633400635,0.34528662500919105,0.26751272502320117,0.315254484018906,0.4093785066587076,0.373462205997255,0.38922996361220596,0.362879103760991,0.37262590728037237,0.4517445555803519,0.4263639517564727,0.407190289266714,0.41908979304169697,0.3080805392972466,0.3988109653204912,0.43558757759059885,0.4765676822247192,0.2918302003040371,0.3504274426725166,0.29382100473841055,0.3511671915296855,0.34461636378316446,0.3496375287823804,0.30925327372730943,0.291794171174649,0.40132144421507404,0.37986065786419493,0.37525696976998335,0.3113048857682143,0.4503310180290688,0.4170738972653163,0.30692990865286984,0.3351735587316798,0.3264332214301692,0.33661323598587106,0.26847836549367665,0.36055062667612764,0.39507248235017073,0.40301585935918954,0.39913070563725844,0.36584494362058373,0.48918761797386184,0.3268842259230961,0.3092187223560238,0.3450014138463745,0.38020971748895593,0.2996968609666221,0.31750403002554234,0.4074805339056204,0.39120201827727097,0.4126144189291577,0.3749829552279482,0.31356434799660693,0.3322742634228903,0.30008441787130324,0.41744808429407393,0.3751868498461593,0.3135219559259786,0.2534719052089024,0.3158241719870616,0.35843784171402254,0.32476820153762004,0.34799420045018525,0.4274308862269356,0.34442615999094717,0.3694997414354523,0.340217579854173,0.3371564564599098,0.38531823376170343,0.29673016256389084,0.4231951498889401,0.4395797861615253,0.38452770074279957,0.324656857227893,0.37718964855927833,0.3201075456814447,0.34442315164656606,0.32697849117471645,0.3539886915811907,0.41067998798998007,0.34712309900441496,0.41856634008778537,0.3482558257751372,0.33116185108440044,0.4743933440949926,0.3687206037760586,0.3398528700289178,0.35329606151862836,0.3240930035081862,0.4208543465617414,0.39527261315888185,0.3533898036704122,0.3164544678772801,0.38245905248129053,0.3512686835384941,0.3484880731370937,0.3458738148254302,0.3568468225980161,0.4332924671738272,0.34270774020699424,0.36794933471353847,0.28784762797342717,0.3967012275091253,0.34494472374262514,0.42747852751327375,0.28547124530330836,0.37842540951788356,0.3855452928458613,0.33514610011062246,0.31513456563648257,0.3676228651822714,0.38850906423555615,0.3737495655378387,0.3830426485325054,0.3483974267212036,0.3583216567889738,0.3878135710222544,0.39252059461683647,0.28992791900731907,0.3800800195576439
0.3513187324710693,0.3833129612254103,0.0,0.3005941452290432,0.34753630570948874,0.34551316033593343,0.297736202148416,0.34362734035075276,0.30274794052178616,0.38275938461015996,0.42538482401182953,0.3351887875487605,0.38573421656575274,0.32214657948174885,0.33126261206560254,0.47682724236912805,0.46653235952967825,0.36545371602354254,0.2872882170758363,0.3090000537693852,0.41272845211595277,0.5181161668168341,0.29161660805480666,0.35311234592643687,0.3086180981376131,0.3363943000926942,0.255800037526627,0.3444061427701215,0.3408495968404946,0.3198295411258021,0.28895291277402,0.35859602676937086,0.2853609685038902,0.27351286659955343,0.32130328487706084,0.3461525356287591,0.3368123157092274,0.34966550728845464,0.32797684231876695,0.360254630935937,0.32366859277462895,0.35987955022637885,0.32913381226304816,0.33717451896428,0.34692701627689704,0.3139951809295976,0.31208207479189615,0.3648918056843504,0.3554218216697503,0.3638979240171327,0.3833791155194564,0.371283906419325,0.2755662665160265,0.38202368573263,0.3853008769565448,0.2944853915302295,0.3503294293871843,0.3616513714619597,0.3213348384349933,0.3525377534498294,0.323925305226879,0.26886071726914085,0.3840176412067033,0.2863852199747121,0.28698622632329746,0.28917009710141534,0.2836653160939377,0.34538871231556034,0.30570219137250015,0.3417731624965091,0.3719408228159701,0.2994720869147352,0.30513958728589763,0.4820986069193339,0.3675542730491452,0.24049715247932485,0.3748457399959666,0.34791590811612394,0.2722660558619645,0.25742181007617837,0.30068347265369677,0.3182060877646713,0.392706331286696,0.3131973923832973,0.3101657564770642,0.3817247223011711,0.26157665275429903,0.26777997817862975,0.28486265114354,0.27993178797221285,0.37255952934527786,0.2517904972239656,0.4101696356070743,0.28046715677044115,0.3501140692758343,0.29427890741159285,0.24736445627800546,0.2693616833851016,0.26261158168389387,0.32532406928495416,0.27182077427584295,0.29729792197202315,0.22718035034790218,0.25821110620400717,0.32526982837614976,0.3630476963711447,0.3234615081972701,0.3283972047710895,0.32062868466069516,0.3679546770218952,0.3227961072413001,0.3004847895910355,0.2968868192706467,0.2699224937961115,0.3184700048694511,0.4435541850173218,0.264237833751076,0.3679284090254656,0.35943049082068596,0.282754811888926,0.402620844949885,0.25186601613229526,0.28563570615448514,0.3672934689458769,0.2532829652052859,0.3468982666468111,0.29604995844711063,0.36846042984799243,0.36393192719883144,0.31068007758468486,0.30083337304659624,0.44152968877509846,0.25373796245739755,0.2920487655329235,0.3087172638222163,0.2863780127352214,0.2898072984678048,0.31856646419170137,0.3089874428111166,0.28974109866038644,0.2408688300741283,0.3412562680278871,0.33128888791779565,0.3190578413449155,0.32011180964883845,0.24808040393862202,0.40405120063246974,0.3060837022185856,0.34481894330000123,0.2629423796911111,0.2784132721117098,0.25689981721449173,0.328718227550808,0.3401001418833066,0.30112218906201244,0.2971910270409464,0.3372107906969912,0.3890542225741536,0.2438992218956508,0.34523763543415503,0.29463517417639845,0.2597178360214761,0.2321881894689836,0.38843102238682525
0.3056053347578705,0.3973319489052436,0.3005941452290432,0.0,0.26206497505389925,0.30239698692424083,0.3904185165374889,0.36202512014671395,0.2890164088131877,0.3532639307517039,0.3073924772175162,0.3520838248096966,0.30596244181008686,0.309258689256639,0.4150257737183961,0.2691762686264999,0.3052063778793541,0.3267472229009599,0.33169340869511604,0.2953885914676682,0.3393823863908914,0.3399198498575724,0.3616981275313181,0.31506482320142754,0.35049227367069224,0.2975875633467251,0.2955353896408198,0.3205447001988366,0.30920267126706436,0.22710644784656725,0.33826810232152504,0.2860826026160254,0.48040837601098507,0.3353853298167853,0.34429109803425845,0.4045656425251455,0.30849724094193715,0.3226047176086762,0.3283942513973559,0.3694260276554338,0.37316408140442664,0.30503923549788403,0.27620772369937036,0.3279376248527634,0.3672748685420166,0.3186991839417787,0.23362370976362862,0.27343116276684865,0.3566091407546556,0.3216924585544245,0.36232644306057843,0.33649617050919756,0.30837128185664403,0.41922095681825616,0.39169629677794904,0.31787689767439137,0.3397374593593331,0.30040840890433906,0.3295496261629166,0.3836309078498037,0.3529508593364676,0.2669781063445758,0.307342640754609,0.2784988681269008,0.3261861389974744,0.295965231109041,0.3586213186820032,0.26025985470068264,0.2666886461445185,0.32158044052953527,0.30829224424828494,0.3196413789782018,0.2920740570528982,0.394476705445926,0.31047640340217064,0.2550615104545667,0.33479521470966034,0.31435963696160873,0.29193878132436607,0.20891803401056344,0.25949255819524286,0.41930022206695855,0.2904521290433288,0.29615419913817165,0.3697687492679538,0.36035928091717423,0.31168462658012647,0.3013368954583896,0.3212254523157335,0.3275249738727161,0.31238441440357706,0.3514552470203026,0.31960625484625843,0.2966286341721029,0.3823080655325902,0.3274304736997148,0.2648005558068136,0.3448621325901835,0.298267401236997,0.3665698904957138,0.31089436821606564,0.30317051508120596,0.31931119199614716,0.33067266920910676,0.33335521228673715,0.2969550296287191,0.3129162209723569,0.3192844084629912,0.3230906728006822,0.296110521233197,0.34845697026833006,0.3484066913690979,0.34157209715331016,0.2927758353298899,0.34487908451203925,0.33086722605495017,0.30121684403642407,0.28174067455201696,0.3395400324384942,0.32182409031772796,0.3120889906151784,0.3387356256106945,0.2999433818318803,0.31387320170490757,0.2736434640016814,0.3125156912710157,0.32727978684672,0.3317036914238114,0.37213342972491004,0.35352406859736885,0.2702813134955126,0.28506971961423405,0.286734199557359,0.35565162688570084,0.327600647017387,0.260929516210115,0.23374604805140464,0.3787323010604089,0.3533226161348186,0.3123347369229535,0.3565078402041735,0.2877550224962326,0.4181231735721679,0.3418541685096708,0.30457375164031886,0.3111432053361127,0.3556353047408594,0.27300605059184135,0.3057411456333544,0.2400068739870499,0.3455922271677501,0.3123192393351732,0.31659664121757547,0.29447172321714327,0.3543255528544499,0.3364135254523913,0.3151114741681894,0.32150956215218585,0.40458414178025937,0.3085901458709402,0.309070519071086,0.29122474323986897,0.2797288771224035,0.31653293563391255
0.29089155371284536,0.26942644438464175,0.34753630570948874,0.26206497505389925,0.0,0.25857935787933267,0.3150651611243915,0.27026354925508334,0.26895175396132315,0.29639078343526915,0.3421021036526907,0.28711519177435696,0.2808264433127716,0.2713995056937927,0.27581002005637456,0.35988604079797165,0.3440734349308488,0.3045559029794596,0.23388373860302397,0.23754624588857887,0.3135207397391681,0.3133039536788814,0.334159053741079,0.26582812351317225,0.2778065502896333,0.3057862293579544,0.26948543902128874,0.2613892281696886,0.26914881225317705,0.3303711018940439,0.26372489937453325,0.2743467834019035,0.2371092347801595,0.2591490530853252,0.3025507654317709,0.3288452219724157,0.29729682796921,0.30562795001513526,0.2772286906374881,0.2785182440119448,0.27414760347800327,0.3516975144878142,0.2896898214234439,0.3093841245130905,0.2526880626892669,0.2596636288899644,0.31972679862338665,0.3253730558899684,0.3172828283126661,0.29787346035552814,0.32293787651646744,0.2863379428603741,0.24883893031246973,0.2693683649319801,0.3162413811563051,0.28108724337943336,0.26762086896428683,0.36969733803859217,0.25674597161476487,0.2806630080982381,0.23017080022424527,0.2624417810738902,0.29113489766934936,0.28713792417576933,0.23976028956053605,0.21991348984629253,0.24270091219207976,0.28708606024237665,0.2600966772097617,0.30059629368710183,0.2875206053408292,0.26317750000416645,0.2608377789028036,0.30407932778964675,0.26476513102290855,0.21805038261557522,0.31008768081358856,0.4257964500142899,0.24517152925992453,0.2501214447393992,0.2690214533231302,0.2722528244497156,0.3342355760260811,0.24952153004135985,0.2825188811254852,0.2780443726740851,0.2528561663061835,0.2582930953275289,0.25418817706420077,0.25722855947879747,0.4474371764089947,0.2708177272625505,0.3807783100544153,0.22254298339424242,0.3075676043569912,0.2619991321714423,0.1959609888798461,0.2534247530406899,0.28082916960874166,0.2485379428206407,0.24197833608043084,0.2612230464206413,0.2541617160901344,0.23503720534942843,0.27723158526634645,0.304436467624982,0.2591523373080319,0.3210541349612104,0.2892565190510617,0.27970999542186603,0.28607271767232967,0.3202105680127557,0.25699725208962315,0.29706550384317254,0.2666796712541079,0.3170136736886952,0.243707020398602,0.2900954515644207,0.2791048189373471,0.31157738688960335,0.3710558682362102,0.2719243452147188,0.24605509382542606,0.3250975427805214,0.23925491175421917,0.257522154868801,0.26901153849227255,0.3167312110072172,0.28067944140102186,0.2566202957724796,0.2751781210359257,0.2978624108225828,0.2332515535046805,0.272157800424547,0.23391062410538455,0.2542217021112579,0.24890574788313038,0.29048685328805857,0.2540497190157552,0.28754966994293285,0.206880502516824,0.3095878549747208,0.2916251502609463,0.3012507550653395,0.30315951866854435,0.2625262079727005,0.32639013743313444,0.2715004009403708,0.26913842990022474,0.2648294704869031,0.24613609321025073,0.25266650395115453,0.29327117459436547,0.30216840278429347,0.2864169506302998,0.26330414387785706,0.23831720894234507,0.3464028508533659,0.22772547647501037,0.3058011712844834,0.2452107767930922,0.24679372786234507,0.2503671460003692,0.35174257846948415
0.37648030451860387,0.4112472062929119,0.34551316033593343,0.30239698692424083,0.25857935787933267,0.0,0.29008613030790675,0.33896454116060043,0.3171857463113023,0.3161070514182643,0.37827646474516335,0.40923237926597006,0.3636125407115281,0.25673078337975824,0.3452475068718839,0.3417940192053744,0.3511852391264536,0.2750381543246434,0.3966546617693328,0.35588073031873985,0.4050878026658785,0.3692085291869066,0.24299453396543522,0.3097494138146204,0.37015250414388245,0.2621565036817658,0.20507365194980734,0.2900959744848572,0.33176867506651486,0.29148577179984564,0.34291495506100084,0.4092781700103998,0.32659270307191746,0.27801138823114996,0.327766239747417,0.31607669256192267,0.34469627167256667,0.3020420675714977,0.32687277173955714,0.28469502116985895,0.3426308610172785,0.3605817814582106,0.3375399365278695,0.41265241034707695,0.2808157918272083,0.2796947665316048,0.27795149440926686,0.3514809073305295,0.2907911292354354,0.34797374099450495,0.38296120290980046,0.4272965669077625,0.29282260408690836,0.37949344855402967,0.3359852649694085,0.37750992918930976,0.3868235458573047,0.39352065708962014,0.27592498168615726,0.30655350456854435,0.3802954188843321,0.30655698756497046,0.44739965942634574,0.24069732729988566,0.3164044749929673,0.31043822115594955,0.27301753541730983,0.33998779861015005,0.23785786289273564,0.3235229420550029,0.3884387017739268,0.2692599743787346,0.3083968485758047,0.3591757089386368,0.3577245412895865,0.28028062868390746,0.31244342704501193,0.27658277993185243,0.27339700237128545,0.3227165471298428,0.42960294021405643,0.34897523931347235,0.37060194594265405,0.33275765682226854,0.3315543588072147,0.3403169443078057,0.3507185855377419,0.2763289030289466,0.29045037143058783,0.2974461600190803,0.32349008460074224,0.3119412797178608,0.3747393776355675,0.33704641408438674,0.3138557565711022,0.3681308125777581,0.30476899989611916,0.32214970171693036,0.27512980033814255,0.28983883454176057,0.28413272758743435,0.29184590839358254,0.2569302553734262,0.27568710082071535,0.34329648906043264,0.3262171448048237,0.32951281543062083,0.31350054347932005,0.27515453459655725,0.3779134813882145,0.3783445637510474,0.29373320712655365,0.3784239212161505,0.26396131183657806,0.30990277191696575,0.3528917829540153,0.3488510174598134,0.30351212395104976,0.424740520448684,0.27353797207992314,0.3182738550237398,0.29549211181962304,0.35272487578735084,0.3869758307020588,0.3491539975417195,0.36305577138854106,0.3090871190117981,0.29417368908531494,0.34370304563264636,0.2681484812014764,0.3057250139099785,0.44918111115798726,0.28461347884485044,0.3582219596276383,0.347361393650088,0.34173160200306046,0.33663122244241406,0.27527926040282935,0.25456924765599787,0.3029918711320198,0.2921093235455987,0.3533401610421668,0.31834773828879864,0.31865105353409723,0.3339503719909611,0.2675751780577694,0.4310522390745955,0.3007619358074903,0.33965176416873805,0.25923318722136185,0.34633145429895573,0.3298190259904247,0.26763735663755256,0.2667325486987227,0.36125300459460147,0.3257367451399367,0.3324414427994951,0.3781539745762565,0.2845751702813604,0.34921420034307094,0.2648077862500126,0.37467358095890985,0.2589041074599813,0.3787653480481315
0.28953334788958185,0.33499334578058965,0.297736202148416,0.3904185165374889,0.3150651611243915,0.29008613030790675,0.0,0.2931657763725459,0.25952464108354906,0.34280245710968077,0.31833981805072314,0.36845686013020656,0.3333217350781537,0.3228279564419828,0.44104000695793133,0.29306121043659683,0.309988925466827,0.30502022907896265,0.2781293850830991,0.2436370754547284,0.3305989735768809,0.3275577678666579,0.39060722519770535,0.32853837604912317,0.32628798433245637,0.38769313231253627,0.26648351451606417,0.26801705499272493,0.34838416753273904,0.2575415981867388,0.3292207144790722,0.32588114426033743,0.38087004706477867,0.3359571861132809,0.31956697182009336,0.3584795134356705,0.3669331082172477,0.29499946042967035,0.35208277075057504,0.39350048061679777,0.4001566587742923,0.31885200802886043,0.3458256549889086,0.3981624679370474,0.3529138653540698,0.333302987833463,0.32479117980702293,0.3257729171244284,0.42279620996900225,0.3055130686347216,0.4142763643712244,0.3240097016140899,0.26035618490921514,0.40358121170684363,0.44199442584207477,0.34263558393950594,0.29408889869774224,0.3157095968084902,0.3410266863111412,0.31784831156680043,0.27639762445087873,0.30922405613467285,0.28993628993710036,0.30439187496453224,0.29104636168650405,0.26134456283999086,0.36556419394136264,0.34562350654346374,0.2749642387046344,0.2872791934893498,0.3585180909964291,0.30673993161581176,0.2714471953172502,0.3947178654564776,0.247772825237466,0.2661821383296233,0.4266337145673935,0.40466870420578294,0.29356598187699506,0.25402276968430776,0.3186462439794786,0.32652066455452794,0.3403559337926968,0.26572805047727893,0.3158570523250406,0.3090754455563181,0.28010901299600843,0.3080152606910289,0.3013907972020098,0.3212463054696093,0.37603364886588614,0.3847017643873791,0.37209123359865354,0.27050664242987177,0.3437385394338317,0.37408105493655053,0.23162490706369204,0.34757395596549034,0.30943745211174417,0.3676859745024225,0.3226846631009535,0.3320194242044022,0.3521729579681018,0.3004105676306154,0.2864042307814291,0.34576767003415876,0.3035465110898595,0.3108884161339652,0.4114248026228831,0.3278185187219341,0.41591500075564736,0.33173955831991814,0.3155166076295767,0.26941886577246477,0.3289685743879336,0.3299747871751003,0.28389365085445295,0.32463542378825444,0.3588893206409226,0.2989640525080062,0.34797725154779546,0.3179210866417616,0.27560133325540337,0.38848506967595725,0.2665346190167189,0.38723641637905065,0.3033453055682023,0.40691015237613654,0.3489484214390377,0.35154471701463746,0.2568309406280031,0.2677398801079398,0.2581799128742083,0.2826357150066305,0.2773609115960425,0.31992872761959656,0.2794385493924489,0.42287752067129614,0.30458057966037044,0.3300484801370351,0.3067047510532347,0.31742108270898056,0.34581888922018245,0.2996631925355687,0.3659941343823925,0.35140406172205335,0.3472325623062554,0.35609642762257127,0.28889797680628015,0.24211544322528875,0.30407976988930446,0.3083140581629617,0.2719591690395636,0.4176883134203643,0.4017371773803595,0.323736475429083,0.28792643223896613,0.4067313074888864,0.33593226230889384,0.378679572996064,0.3333527956673996,0.2760652182935175,0.2999365065726239,0.3248788742875993
0.3932741453128698,0.4541423250276761,0.34362734035075276,0.36202512014671395,0.27026354925508334,0.33896454116060043,0.2931657763725459,0.0,0.4044468802009552,0.42426238230910823,0.33746318467751635,0.3607025202003533,0.36108720525828425,0.34102611324904236,0.37679021462003126,0.35600709269802067,0.3854545355168505,0.3854517359481882,0.39758159803729776,0.4102485361635051,0.3976618237103929,0.33600657502452835,0.33334042735438574,0.29392437113859365,0.4182541510270366,0.28246230359779306,0.29367377816292933,0.4043718615969197,0.3123234564884446,0.2847240904258124,0.4930048112993435,0.3842411006131139,0.3449037414930456,0.3551647086574213,0.4410424773508636,0.48869089253996617,0.35790047928926766,0.4838147098607122,0.3761772517063016,0.3572381500796109,0.37223254660016736,0.3263450614496071,0.35920857816772483,0.331339724382024,0.4607804733913583,0.36194291620360336,0.2798775290941957,0.31346564414001526,0.40784942237066896,0.3973369107358555,0.3975253804263076,0.33533428640084456,0.36107065367326313,0.35891789684064557,0.4129270209016157,0.3678082382031832,0.42702632384849304,0.3639896521870839,0.42707247201402854,0.4199580521230278,0.4687525774975558,0.3091043555803224,0.3715469648721831,0.35582111780037645,0.34964097331022165,0.3400034115012354,0.34580324637714893,0.3022736057425424,0.3419690090906329,0.5212347301651655,0.37505573832303374,0.4209893573821621,0.34195735251598625,0.4319397116468379,0.44847240880843464,0.3246636060985927,0.35079397767738474,0.29601624953329414,0.4140148873080733,0.2502850944219142,0.3373779729684256,0.420182075081286,0.3829083864897118,0.43950347098076775,0.44102912270364064,0.550159391517684,0.4204316957541025,0.3778439617791722,0.4506479954112095,0.3724553800432189,0.3263318039312544,0.35256130148439707,0.4126704864689075,0.352835412097422,0.4726708835523872,0.33636893315891214,0.3544898206720696,0.3753522820308426,0.3420497240389602,0.4337138202181188,0.37118046000615096,0.3952182636694857,0.3066295676753983,0.37091807686381195,0.4887475438884796,0.3618064064802473,0.37231828847505827,0.4170266924282693,0.32774127642995826,0.32263624767947896,0.31473133252354224,0.39775237740454233,0.38727491739882414,0.36954091036246717,0.4173498764263031,0.37019703321369046,0.4097017947629241,0.35558401201275336,0.3230305481384527,0.35631469652493314,0.36086434283226015,0.4318092934158094,0.34061524889521344,0.3767694834882289,0.3612790186757577,0.3449450797411512,0.35269040410884533,0.3515062474609033,0.43832225847257456,0.3581295267281824,0.40341808372870647,0.3585462937761127,0.3791470271902153,0.39173030882460697,0.3921421430684134,0.31955018403058993,0.3165896249897245,0.3612965141820277,0.38514327079411936,0.4166198508175565,0.32363355714065084,0.3412358480492923,0.4597666132478454,0.40555661446137364,0.37639017943941017,0.3200693588969772,0.42435837900298684,0.33093869222930977,0.4486244242983328,0.3041469407689167,0.4636215378363971,0.4152619426864244,0.346076157787724,0.2946807772332811,0.4202593379883166,0.42484503376988414,0.3243720017837957,0.3615780153771401,0.3110199055193577,0.364632765941553,0.3447772752644081,0.41113386527015683,0.3371475460606976,0.37608840984184555
0.39472054677492935,0.331252200514021,0.30274794052178616,0.2890164088131877,0.26895175396132315,0.3171857463113023,0.25952464108354906,0.4044468802009552,0.0,0.33176961911611463,0.30711299417576804,0.2887953977100755,0.3144690960521499,0.4034854838689477,0.2863508021876865,0.3478981454451799,0.3545602535944032,0.39691113336873546,0.3268102331248709,0.3699459551208169,0.31921183547744497,0.34789472747220546,0.28713743003960385,0.23776807468236447,0.3588542487166622,0.24969189431757105,0.3150743276929012,0.3759716868716266,0.2809645842059429,0.35293164062976956,0.4132398192297875,0.3835692237687522,0.2666523407623976,0.2994959751625051,0.41606739022570544,0.32919863588583964,0.2924893686211972,0.47562661126915945,0.2970867538986294,0.2870850579353113,0.268585083919397,0.41083604816410674,0.30232237394197187,0.2883798424079187,0.338354452120484,0.2919968558713763,0.24819776432286328,0.2542460163424841,0.32871265184509385,0.33050337478690106,0.30929778106670136,0.2825964148679623,0.33387301331826935,0.28301112910559295,0.3125200028608405,0.4025391158033225,0.36515229604323235,0.35639112799445893,0.34076873637554844,0.3147838955926976,0.32579177856212177,0.3434597157818303,0.3197821067154545,0.35063101521544704,0.3440491857465616,0.3139543191762327,0.3269729224239917,0.2833150396881895,0.32225741069816355,0.4466677048544604,0.3532990689646092,0.36828756706661986,0.435244425574069,0.32551117956012693,0.4484595648684484,0.3254949138271915,0.28571392026147835,0.25082665206795485,0.3250145090329315,0.2762223616002994,0.3342309990441847,0.4115973933934457,0.3361463316328085,0.35569646482269524,0.4377408990635116,0.41424205464688457,0.3859713802572055,0.37753247073163737,0.3760671256667574,0.3709246747401956,0.3511568129716899,0.3789800201480727,0.3294035418078465,0.31991056833802234,0.4591746679736392,0.29465883858575537,0.3545757872491019,0.35789779786632714,0.428175834011641,0.3280709736707617,0.35412611095235874,0.3230881503772024,0.3128040544438801,0.28988210615938836,0.46368148481238947,0.29922194839768906,0.29332565578487274,0.3854144731617468,0.2702229402553027,0.2570399162200681,0.2674443792600399,0.4018369426736346,0.36432487356330445,0.5107954891288634,0.3294170862509764,0.3448070646947358,0.39035296859945584,0.330282646720128,0.2634228378782049,0.44219576835883123,0.3356162748685553,0.3655744795099304,0.34084218493427193,0.3202463212089334,0.5073120291862075,0.27490373681907265,0.374514304807232,0.27565193412599326,0.3183325376260172,0.2998582642291973,0.5665073563620076,0.392170424986769,0.37162571246252646,0.4392327473863712,0.3065357508641497,0.31113282539467796,0.2710662039671359,0.291064792774844,0.3259598280254706,0.3790032583398528,0.28364876028336605,0.40215415037433133,0.39078906731068513,0.45196538988678525,0.32751818360604845,0.30335079728065045,0.3659409293116542,0.2879741980207966,0.3766632503485556,0.36895595822234656,0.40580089570813754,0.362150940711143,0.3256517743817728,0.2526785248309392,0.337297181522069,0.3730295532419606,0.28708797432422656,0.3031286350141624,0.3039351045566512,0.3771651400645222,0.2851051443747223,0.43920070559560376,0.41265544004368004,0.3645204722514706
0.393002179625631,0.4957080793628222,0.38275938461015996,0.3532639307517039,0.29639078343526915,0.3161070514182643,0.34280245710968077,0.42426238230910823,0.33176961911611463,0.0,0.3309028281394875,0.3107263714578032,0.3805468291505006,0.4014855072984736,0.3666600454314947,0.34268745789636496,0.3569928921894162,0.44353305019164124,0.33398220035313436,0.34149400836352867,0.3392336051420073,0.34961472534988924,0.41499616719356097,0.2849214246967177,0.4810495292869985,0.3114795989854604,0.2941262944978107,0.3625185651542759,0.44218599334150227,0.2732551720178596,0.4191073699673424,0.39944314528744534,0.3140809514651221,0.3387244994597607,0.4438670703123442,0.43388876605701826,0.395326806272867,0.4123063752773307,0.30200833549916617,0.3628659802091123,0.3284242814640746,0.33495143472032296,0.35014447846168256,0.33331569489336826,0.40899560946385805,0.34105771371971877,0.30071481987677157,0.33276208761354464,0.506863683807082,0.3458249410604997,0.3726252198709206,0.3201749755016659,0.32110404490439814,0.37752335597237374,0.4797714283532706,0.39954725963976895,0.35661058757943687,0.2921620767989859,0.4268364096419703,0.39631431691828306,0.38112196220603684,0.3125478487249664,0.3209244389575396,0.3410724437657443,0.33369705750590567,0.31334059468324066,0.33164554488235143,0.34021294374699473,0.36515912348059326,0.4501398509899011,0.3600195124369632,0.47476619994723357,0.3026380566902627,0.41368707728322557,0.3473468622401222,0.345578878236869,0.3301413033993546,0.357236795944713,0.3331175965613871,0.26419782499146666,0.3293553596666392,0.3722559239383965,0.4022666566715421,0.41807392102807417,0.37455445841379653,0.4455960051044193,0.35111875911961193,0.38307620266392217,0.4066163341300802,0.3349598910997372,0.3345247091631749,0.33705714878538473,0.4279371977796377,0.3146337939930964,0.43544945945336494,0.3826520636976157,0.26914507726863907,0.35501879072240333,0.3621728261000188,0.4042048715118933,0.39454813216261736,0.33410322545586385,0.30206114183487004,0.37762590695528325,0.3855924204683688,0.3364915923740766,0.3191555682239917,0.4255206827925131,0.3469028792346153,0.31995382640108727,0.31117743876523435,0.36964509222913844,0.37957053215773573,0.33007619159674584,0.39919600690613566,0.35140974087034216,0.3768163041771756,0.43268132636878776,0.3367670383227459,0.3769296051583232,0.34611877643290456,0.35748706639458894,0.3202276413282707,0.3836690855103586,0.34304752375753084,0.4112485124973395,0.3299348970409564,0.3244587341149936,0.4721256348554624,0.4141447819728498,0.38025538125734804,0.3047498325092564,0.3484411821982909,0.33678891833336067,0.32878666566801723,0.32484573975728526,0.31932309432087924,0.42028309967885186,0.38730457611035873,0.36227117007815857,0.3406119912405341,0.3939458364877704,0.41087081274844367,0.34321727616277314,0.38312420199138364,0.34495744083115654,0.3255490368877205,0.3470035836065604,0.5411980572380107,0.2769633164978612,0.34448404206475053,0.4145286988765091,0.30115116489512717,0.32390509692229585,0.3561093895966493,0.3854068106372497,0.297284480063971,0.36527710100893246,0.3524161919468889,0.4230143588446348,0.4385061349492484,0.417791079393553,0.3166402480994174,0.33102028869280115
0.3756236425591974,0.37331460789595017,0.42538482401182953,0.3073924772175162,0.3421021036526907,0.37827646474516335,0.31833981805072314,0.33746318467751635,0.30711299417576804,0.3309028281394875,0.0,0.36696688812368117,0.40935351141695797,0.29844559134508375,0.33394821929893553,0.4305996571654076,0.4215757984406456,0.33640954603098805,0.28231303726321255,0.31380271260922876,0.36437442967606504,0.47397031986876115,0.3232223597153509,0.35643130839751225,0.3565143354093774,0.3354752712448201,0.2973386701638738,0.3781911901275083,0.3524949897603506,0.3139626500967701,0.30192923585930986,0.32766641598507357,0.2807156565642692,0.2970585545925277,0.3467953051536967,0.3451986178132649,0.39304076346102224,0.3351544086828627,0.34223238820302265,0.33042205358925353,0.3068391918860343,0.4183635185398627,0.29592932350545315,0.37629495612605185,0.3224794008378606,0.2903423074590677,0.24736227237961725,0.3977654996257596,0.3512457023839751,0.2969905601019624,0.3389925771859808,0.31397346134239584,0.2498114813197243,0.35183620091099965,0.38993596158817645,0.3177729910482185,0.31935308824516956,0.4285115251051788,0.2845070858613561,0.30297928123856716,0.33935206412732466,0.237706671273335,0.35163995862417513,0.27802825219447275,0.2412825173916432,0.25722979420215286,0.3235241445942473,0.3155682201378714,0.2898376466533852,0.36491471595954333,0.33698370178028414,0.27189431749887716,0.32817741213773893,0.38298743940808505,0.35530799826353404,0.24769178136404665,0.3853484079845335,0.34127502875480775,0.26236120443457056,0.25529867245401033,0.317698098991017,0.28563578629409414,0.34683113936048166,0.3367612649436141,0.299789976068441,0.3515310672904073,0.3220209700451472,0.24468987170928347,0.27426723914860457,0.33131582006914057,0.4021504457996959,0.25014142679935136,0.3845295927858643,0.2822946126620711,0.3147496828242924,0.332544483343714,0.2234588612567337,0.27216204394062465,0.25618113140844795,0.29879307821879636,0.3071591079402224,0.2866689022209546,0.23618504707321478,0.244991916816014,0.2918140546028481,0.3166059025101742,0.2757929809491969,0.38821787941219443,0.2862977849585745,0.39863996607058255,0.35300411150023575,0.30199670376139404,0.32101407267434495,0.3028330018698659,0.31834273602324353,0.43617756992322054,0.2776126915356629,0.32234051758322146,0.3691507484241894,0.3112140677424263,0.37235445719803195,0.26208786224301295,0.30593788989004606,0.37038840507725923,0.27862320027678467,0.35179203371710493,0.25206341145626976,0.36429171989035,0.34743458363784424,0.27243564764874273,0.30204428509574804,0.3536749609745144,0.30180762976221653,0.3277940013005369,0.34712594770511906,0.2922247431268928,0.3131306839967328,0.30756460722573914,0.3038968358543578,0.2858914363639314,0.2613089028479718,0.33210291172300377,0.28492645737536054,0.29627900792534534,0.3808752228975619,0.2615591028670051,0.3670127484187919,0.29213524492573484,0.31400734964910243,0.2971569926340459,0.3365537489246557,0.26167876957587033,0.35797189514103694,0.3012018810418779,0.32763535060185606,0.33840313387236975,0.35981924919155256,0.3908385188821543,0.281913841402812,0.32330074237107326,0.26904310390993696,0.2934933714584938,0.23464937066677033,0.5186390335601929
0.3104504250707268,0.3543036920980602,0.3351887875487605,0.3520838248096966,0.28711519177435696,0.40923237926597006,0.36845686013020656,0.3607025202003533,0.2887953977100755,0.3107263714578032,0.36696688812368117,0.0,0.2851616082033864,0.22921021072696027,0.35404634896224774,0.3373739012667723,0.3589457533128663,0.2689855531964375,0.41571345254821757,0.3018753662854205,0.4687246586078214,0.33410034890769297,0.29936330895424434,0.3270162902205075,0.38715861573184757,0.310965682192535,0.23928489813214096,0.28571113029163664,0.3131154860171591,0.2969155555335526,0.3704826739468812,0.338306046909051,0.33217059093960044,0.36355046043108574,0.30792954522500066,0.383357940834013,0.3364831793412731,0.3308782567434988,0.4703277429441431,0.31874612497258653,0.40463407677731167,0.3412869499265568,0.3720993914502879,0.4145731234892915,0.31257668524906657,0.3137000547530263,0.2944264881969303,0.3539062376169634,0.3352704470804838,0.34330004087483657,0.43088822395579046,0.4072080612731952,0.271974219150148,0.41115936095751626,0.4326785720967414,0.32806924764671447,0.3884435294957332,0.45509924420024556,0.2700784665927703,0.3176159487529992,0.3027730525720863,0.28237954688426287,0.3856743937996402,0.2801530939184553,0.30320892919724246,0.3019789681455705,0.27214814598202675,0.27639802962845517,0.2408557462788201,0.3110673998076268,0.3453226660605708,0.27154418385274826,0.2800025442585799,0.36656470010272324,0.33341689663213314,0.258567322487098,0.3639981550642811,0.3396820700663298,0.31037676204703857,0.2624154453417037,0.35112485954403144,0.372646669290847,0.33988410897002813,0.28406207671181183,0.36825085860535184,0.35188410039416657,0.30274180193642736,0.27683742380018794,0.3182515648734861,0.3225247678352498,0.35636581556100394,0.33699230032577576,0.3707992656679034,0.32031854314233366,0.31467317307386355,0.3762585437932801,0.2700128265159945,0.36326034665968016,0.28180730550863137,0.3031956350859991,0.27769356288802893,0.34638424573422,0.3198518421655006,0.3505870165492404,0.3160148307791176,0.3461675259879598,0.36944965245008815,0.32636256823445814,0.3008104664870603,0.3736444887287999,0.5234990931422537,0.3716826534096576,0.3117409587863456,0.3123027507840673,0.32175680657301026,0.3459352138583279,0.3196547099310791,0.36163420306105454,0.40818202132665987,0.2891521172204223,0.3375196102507705,0.3392593760515998,0.31029331617162537,0.3692854781909345,0.2672536358502428,0.3977333629736312,0.29857979840425775,0.35470785366952823,0.409531008983998,0.27528524518085873,0.28285074406627053,0.3548437346886015,0.2592912847834746,0.37062396571332523,0.3509602622365964,0.2920106540009422,0.3180592605853739,0.32071343298963995,0.2771815584744572,0.37267997656303764,0.258244390896432,0.3144831245693127,0.33977680914198116,0.33297455401093756,0.3824953140634866,0.3384118494457042,0.48497239021156907,0.3220554254480926,0.3522786008129303,0.30521709088517635,0.38041565086733214,0.32779599570084195,0.3151749535333951,0.29961723349030184,0.5203404965260803,0.3024013814668356,0.2900508591324706,0.39494734188742525,0.2574778091895794,0.3395655336032873,0.25938164838809774,0.29929832783043003,0.29439695643159286,0.3924732757814269
