0,1,2,3,4,5,6,7,8,9,10,11,12,13,14,15,16,17,18,19,20,21,22,23,24,25,26,27,28,29,30,31,32,33,34,35,36,37,38,39,40,41,42,43,44,45,46,47,48,49,50,51,52,53,54,55,56,57,58,59,60,61,62,63,64,65,66,67,68,69,70,71,72,73,74,75,76,77,78,79,80,81,82,83,84,85,86,87,88,89,90,91,92,93,94,95,96,97,98,99,100,101,102,103,104,105,106,107,108,109,110,111,112,113,114,115,116,117,118,119,120,121,122,123,124,125,126,127,128,129,130,131,132,133,134,135,136,137,138,139,140,141,142,143,144,145,146,147,148,149,150,151,152,153,154,155,156,157,158,159,160,161,162,163
0.0,0.5904320101539784,0.47063535176069277,0.43532053302283413,0.48504429480269584,0.4300922511104532,0.5238189852385632,0.490298532171497,0.567104633826044,0.44568115224581645,0.5384435906775028,0.5073464294771203,0.4910555744075364,0.5455761449518542,0.5424755547145622,0.48309821144752524,0.465556676241885,0.7163227198674713,0.5520379308314194,0.6510391831135087,0.5356722117561233,0.5702003392511515,0.47680858238540874,0.5710487210545049,0.5584315977908973,0.45854700763132705,0.43883335438070364,0.4253706529844459,0.5482958132417026,0.5281100764329693,0.617655549757446,0.5174205117464603,0.5321425322765948,0.429852735220133,0.5837188595312757,0.5751221175229142,0.5812312017941971,0.5887609631953219,0.4909825406520791,0.5468691263972743,0.6005298597139418,0.45277436716363656,0.6836405742295901,0.5710724897441565,0.5938596154984593,0.5533108511225527,0.5659199510923767,0.5868022433948484,0.6060787568812305,0.6446754111186596,0.6161237875673052,0.5136703037463376,0.4735223867679501,0.5205375003485465,0.5728101753604297,0.4466636077258868,0.6482207877812408,0.4903338376772867,0.617447523386709,0.60913257785218,0.4456635225957345,0.4737183037289148,0.5364327788778008,0.5099134892189265,0.5546542067503548,0.5089434354546701,0.47060533555823997,0.5585411301851333,0.5503552864081509,0.5414342447913185,0.6628557427629932,0.6063580147315472,0.4665206149403792,0.49926723543844226,0.46420948745612334,0.5409462462451529,0.4289539809706618,0.4664351842634134,0.5431598812489844,0.41631861747372495,0.43485514787856244,0.5713232427558428,0.542754558458741,0.45812824674463176,0.4959239985465389,0.5898109730009704,0.49456562303566975,0.6113308718389118,0.4597571945180669,0.4637805345340026,0.5774771258242569,0.5664073882664846,0.6643411987812008,0.5691436924337459,0.5228489582853921,0.5254950183692972,0.47970625380141557,0.46402290552356107,0.49752735818395166,0.46605376341327986,0.5393505112649624,0.4907883786991961,0.4877381469805349,0.5277916849107334,0.6433604604088725,0.4781385996248579,0.43351576276224135,0.41985442384031374,0.5972517292436613,0.5459895431887029,0.49624583285117113,0.5271612405170137,0.4544459017409236,0.4036122254448376,0.5735065777582834,0.4685318390434619,0.5024701391325345,0.584145700576974,0.4117204162814409,0.4240598997436788,0.5356725426532725,0.4418798777224037,0.5182314802321408,0.6040395714763064,0.5219092840229204,0.5946744044944792,0.41615223986606453,0.5425178266863652,0.4795920677152732,0.6022623740734291,0.44137369752730826,0.43593284652069364,0.46340393346272696,0.4950804947404954,0.536313653298587,0.4625187289041296,0.5923540292419005,0.5765088178569011,0.5438533768530289,0.6437349158385952,0.5076168762447729,0.5156615150951883,0.5504651770368817,0.48603478859726956,0.5345694267623664,0.5099036071176591,0.5344576037120803,0.4185705180240719,0.5895588025084215,0.3825951834897082,0.627113140264229,0.5368541551250142,0.5211781221176476,0.49035604073104505,0.49669146801930314,0.621817098170046,0.5268539329111834,0.43165673145321115,0.5269800335814704,0.4435401887597469,0.40879791989974545,0.6412512901625994,0.42565802697547106,0.5722011958615408
0.5904320101539784,0.0,0.5813749484213305,0.5275748475199802,0.4375412794517669,0.5353237382130049,0.5324042238960036,0.6078816609053973,0.5640511647986364,0.5173821634235213,0.5529930343304236,0.5497496354785679,0.5503761703605241,0.5648102484161472,0.46917866108784273,0.5161848969660315,0.5118308717456671,0.5714860706161978,0.5545187172814094,0.5085744640851599,0.6019395406369609,0.625012361105973,0.4622191478218674,0.5426240310011993,0.5683489698552164,0.46619000061545635,0.47601727429992946,0.4570789620118168,0.5772815751415167,0.5260292886231681,0.5135079163636666,0.548093381237796,0.6191103328634645,0.43247155650780017,0.46210405035253965,0.5478468349813788,0.5613256386420105,0.5474806309632247,0.4692643940894863,0.606701085791055,0.5971410292897572,0.5478612236720704,0.4889159302918436,0.4950444877631894,0.5917154547851339,0.5497092943577542,0.5130783863711718,0.49600624964926254,0.5208012846339293,0.5242722153069392,0.6369381607137569,0.556293982417302,0.484120002701418,0.6175427288008992,0.5438477044295277,0.5398036571178533,0.5886849689500623,0.5612305421231558,0.5731353142032036,0.6244754602431459,0.5591509651471814,0.5036258141741317,0.5372928179194103,0.44657821797233255,0.4733192732834933,0.5097121672068298,0.5547479301112689,0.5573437847424826,0.497020070587944,0.6031195918882177,0.6146935636623181,0.4789968927637175,0.5098643219662125,0.5914969349148006,0.5480022521792661,0.4834418468637937,0.48810488402483737,0.502856824732924,0.49356283611711194,0.45293799534972395,0.4869797260631744,0.6037632221852023,0.624710750179745,0.48601571583485875,0.5252292825346145,0.6385976106705562,0.5402617679581658,0.5152776439185865,0.4884067134289827,0.565738111050001,0.5671680573312761,0.5944953838158534,0.5487836876474131,0.5379819679499891,0.5912969544142462,0.5424624694947777,0.5246306825100181,0.5026388000326886,0.4584607273141533,0.5414088316185725,0.4826626357453653,0.5356098919381864,0.47562817935986945,0.5046941075957986,0.5834584849251709,0.49801859124357845,0.4824242107955468,0.4525824567420004,0.5938567878181583,0.6240355741206716,0.528877878798282,0.48805096101206497,0.5354409445373508,0.4531615879417116,0.5221776466486044,0.5614869567800924,0.5067508476752249,0.4564995222638705,0.4583942251690578,0.4779675738689161,0.45737792218505297,0.4982189046771503,0.5055689491470399,0.6814827140855603,0.45560804608784927,0.6202388364038033,0.4886555219419883,0.596704106356619,0.5138391467675963,0.5035047687203095,0.5140759057028388,0.5181706832764789,0.4972281654835544,0.5296723156959703,0.4908970068673479,0.38906386982782004,0.4680558775953813,0.46427159456790035,0.4848578825715811,0.5728071594496472,0.4964263289285811,0.5392130083597667,0.7051839131245381,0.5275601996315895,0.5173668557896931,0.45371971246888393,0.5384294627270472,0.4771111424279812,0.5498199626969079,0.41382736072602405,0.5284778011288933,0.5304512606892431,0.5200501210983519,0.5588730340367553,0.5555281886315444,0.6432886404161128,0.5860672692409945,0.5156173230757518,0.49849214648591067,0.47378731557180365,0.4361252904676073,0.5693214121265823,0.47726786771972557,0.5431127975376134
0.47063535176069277,0.5813749484213305,0.0,0.5255606155550467,0.3826375042389816,0.6121375350375622,0.4473371266100717,0.6765102480710872,0.4391871318861862,0.5833727592654704,0.4995801732871207,0.48848793479247204,0.6364405277039833,0.5184304484241318,0.3688394070117255,0.6151835257952945,0.6307320865875174,0.4905084392263129,0.46956429003172123,0.43982448558980924,0.6281822070181775,0.48579333764053273,0.4557602623465596,0.4541456586706078,0.5489730052726963,0.5286842929882154,0.485912200362527,0.5019128568759319,0.5080501607845481,0.47863476812266637,0.4000172680123774,0.5791209812169331,0.48766521612654284,0.45761005172552344,0.38077078939890335,0.48171477242013344,0.5152854288363095,0.5076631117386323,0.3848036377457823,0.6068106171089827,0.49412007725224344,0.6153188492654041,0.43717954017265287,0.4160851702292912,0.5679151324603682,0.5500235577587946,0.5069660167338572,0.43625967110280894,0.459189596631494,0.4478417559877366,0.5502320524868353,0.6004771465541306,0.422405186997192,0.5179810673280085,0.46518100289920006,0.5987650834795072,0.5104463548893753,0.5974737119949111,0.5103157856949284,0.549168120201478,0.6105773037442026,0.5280775050576896,0.5388420950660388,0.4195049715492107,0.3933204604620973,0.5151277049108604,0.5780124956388251,0.5149077827016589,0.5111469524943846,0.5883127955205296,0.5035753606466822,0.4126521675842071,0.5677278629669417,0.6868528019366857,0.627073313787915,0.4332226811637014,0.5415558254950413,0.5145506499905922,0.49303039728438297,0.5026962658975715,0.5520382394885314,0.47203767603292685,0.5304932872581725,0.5479940157576696,0.5839507204938591,0.5973368475688612,0.555675987305202,0.45115439823361164,0.5174575010795212,0.5227247790907249,0.5262650084177284,0.47670698432223585,0.4467001050765332,0.46403472025373704,0.5546176761910433,0.46015455425475604,0.46247112423315867,0.5614935295252648,0.4127086357104606,0.6265039318662671,0.405443513326597,0.5827649259119749,0.4741892471882005,0.46143816596022286,0.513649476768498,0.6061197496021288,0.586871971727146,0.5360095935146304,0.5637850036412524,0.6067668714475284,0.4923140703816239,0.46040556105203706,0.6315608442667998,0.5029684306142995,0.4946898736354857,0.678762411384903,0.5144764976884529,0.3925565665713563,0.563005628328224,0.521634377891489,0.3958791783015835,0.5346035394175536,0.5375001460976637,0.5680724504435121,0.3800442605794831,0.5271697136577362,0.6026034971744798,0.5424395086616847,0.5910044554662325,0.4377692246702706,0.5668730539663679,0.6755934298162427,0.4974352724294272,0.44265144532334166,0.4129079083023873,0.33124212603502823,0.4139356898455542,0.3901606530640986,0.4601611046405604,0.46943072961349613,0.4202872300502199,0.5422799092256763,0.5764868548527364,0.4896545477905585,0.4837023987529711,0.4430390070998509,0.4329595330640348,0.5137349984363572,0.544666886990646,0.49292856591651163,0.4299292842056635,0.45264447634019783,0.447825820343708,0.6097736545269338,0.5903492791762625,0.5254094606307195,0.5116918817731276,0.6236012499090073,0.4028809923313708,0.506183368784552,0.4787876729160523,0.47837141730791555,0.5212349600712521,0.452465595595172
0.43532053302283413,0.5275748475199802,0.5255606155550467,0.0,0.3860795787219156,0.5242554928087622,0.5028350393631218,0.5311582279341368,0.4137928500073586,0.5003536997532904,0.540638862646563,0.529078977174177,0.48395297040102386,0.48021799508941704,0.37171355776304155,0.486518202766773,0.5034887141546324,0.4321029648545259,0.48960841127304244,0.3948717471788632,0.5464030209162584,0.46019948112603665,0.4672521775144931,0.4423594656021889,0.5254140053878812,0.49609539414111786,0.4784554560462375,0.47810020737224823,0.5251643806959735,0.43106770273029166,0.40374634460722786,0.4877669829759082,0.5500686483502361,0.4646738391899673,0.39137919819977535,0.49518985447509534,0.4838795782366675,0.4622022629073954,0.40284466766193355,0.5491759151964398,0.49143715570287083,0.5371805483872445,0.4003509203062504,0.4451546121728409,0.4954166815340663,0.43698217480316265,0.40271824278999574,0.43980835324097295,0.46492991367192876,0.41057998843456994,0.5322665671220242,0.5192343286071971,0.38203468701255433,0.5791783430789763,0.51591639852933,0.48375154949976934,0.4581123655201589,0.590995264185575,0.46956948505514495,0.47731155087608207,0.5368680226307393,0.43418385411649585,0.4619217656636519,0.4009391251864012,0.36770416934676897,0.4206998275953517,0.545857737831806,0.43363975051167747,0.4353325351515718,0.5318963569370133,0.443810085523213,0.39403822216304335,0.5502122230609879,0.5650146009255123,0.4926272315473194,0.39222852759229265,0.5164011447931082,0.5029245479999663,0.4255114805786884,0.4459876602743884,0.4437338813312397,0.47030921782606333,0.45441540369731837,0.4525606393049219,0.5334762555933392,0.48765192916322936,0.5338011731517168,0.42998012651265766,0.4391742191979715,0.46897920611766203,0.5314869481923796,0.5101924146316478,0.4432350373824004,0.4222787276260192,0.5390026789008983,0.4738064857068273,0.4142828814759963,0.5287844475071534,0.4158818532085584,0.528540664903587,0.41326817984446873,0.5117574205859243,0.5295598023363665,0.4795971685380756,0.4736465586021554,0.4393666887242946,0.4622940473698975,0.470770226913268,0.4623390776537472,0.522470544473429,0.5842457497752801,0.4599345840761867,0.5689069841317633,0.4782490820574263,0.4393138410540834,0.519488943145866,0.4510551726709891,0.3851382808020795,0.5762758655997262,0.5184661295616247,0.3813011052958549,0.5313265124622185,0.48138392296708815,0.5195799010020447,0.3824546045613433,0.5219234637044741,0.5036258358942057,0.4818301265377462,0.5520508041720908,0.39556341370702347,0.44802644353562043,0.48330373015231204,0.47005464384286577,0.478449143793764,0.4079268661341403,0.3135791200249874,0.3642352845679348,0.39195149002408514,0.43305673220908286,0.44940852481466187,0.43962918477017376,0.48539362139647707,0.5552110931651508,0.4970240196414393,0.47473884795426,0.43440449214672827,0.41308512192864116,0.4227869285009286,0.4652536023371507,0.4342939693569019,0.45309725515362637,0.4397650255757989,0.44289644723383964,0.4553696562140444,0.5815245851945042,0.47633139221761484,0.4792807090149929,0.5308810621503276,0.466335777663354,0.5018703329291692,0.40182062085910436,0.4731540053080984,0.4713558848232002,0.4670678550630544
0.48504429480269584,0.4375412794517669,0.3826375042389816,0.3860795787219156,0.0,0.34154635274333023,0.5252491066657742,0.3736593618449076,0.5125460767427054,0.3528810064591757,0.5098930876974304,0.470960161504104,0.36366469305272736,0.43786688321302986,0.534652592744524,0.3851732709778903,0.35869290801894327,0.4351143057295038,0.4098710186729103,0.44452672311373154,0.4321160442148491,0.536552970358787,0.41014798961830434,0.5104263221947685,0.4271172784982426,0.42353378306654016,0.3868846142634037,0.32785633329708935,0.4592790642013609,0.43654784115455664,0.5679907888978268,0.3794849376208407,0.43951848004953437,0.36058706034136845,0.5634750723801486,0.5296222217476668,0.482671899797473,0.4719430832726912,0.5884366926883973,0.42731603836283105,0.4734684205811644,0.40229992560274486,0.4827624745076835,0.6177839987214804,0.4341026293788053,0.3716960053390378,0.40956649791955285,0.6168418843339736,0.498619308213485,0.4859743280950945,0.4596002899646896,0.3852891749605403,0.3483789798943046,0.4489682798568601,0.5206537716483103,0.37325146329061704,0.4356284565530689,0.42649407969391306,0.43758534836630536,0.4183805083149512,0.3478783686371012,0.3694908670676984,0.3799301150405309,0.4978263503846268,0.4321846657561728,0.3523584246773689,0.4113601829205909,0.4502788181804619,0.41146270084603415,0.4155089212137233,0.5053100199713138,0.4870305356591507,0.39556912124581184,0.38982770526028776,0.3460798597639418,0.3647032281197568,0.38006319002752426,0.4565184247486953,0.38090706343927033,0.34438957789543995,0.3337488464001665,0.5145659508379584,0.4400842265013258,0.3446918928822237,0.401311202132339,0.43185090150115296,0.4181169910383204,0.4597859109332569,0.33381901526578267,0.42960049600633715,0.5267370513052724,0.511510019775421,0.521047059511928,0.3811575682418682,0.4483398775368103,0.4991648599319166,0.3772558680359795,0.37990325859058854,0.5341842012753406,0.3495873589446774,0.5225329868593217,0.39910665759684133,0.44110108349282146,0.43073374121516206,0.4432638351315553,0.35851431659331934,0.3330918979277838,0.3438799892899707,0.40605269500899943,0.44382903880601593,0.45985338836328027,0.5204124015507408,0.3661560942029837,0.35969013503789626,0.38399198863164363,0.36275226139897965,0.3462865392043959,0.5388640479815463,0.34828416908171955,0.3783243762453985,0.6291522624363138,0.3804925828720927,0.4108580005068124,0.4454899832243437,0.5428063848945004,0.44548693321699845,0.3489265508975372,0.494599457079456,0.37906966207157483,0.47270953875809085,0.3532679596014705,0.35759903414734073,0.3878185350141687,0.5231137411491016,0.5302292526307728,0.42205804938305885,0.4220712410202133,0.5825240235458303,0.45147029602676364,0.5161842641100588,0.39343381849728437,0.4454624260205644,0.43897429563316126,0.4712071434606012,0.522781344008017,0.4686380640276193,0.5829656992860228,0.32656259577717406,0.4253140580598097,0.33870444743343114,0.5413631006880354,0.3891156913673603,0.47106360360185634,0.4130306642926309,0.4096251764502169,0.4930291183365213,0.4073340350338584,0.36028032180047365,0.49717316085553703,0.3647961537496287,0.31314407575672,0.46737941528116456,0.37758956759918133,0.6046289869116108
0.4300922511104532,0.5353237382130049,0.6121375350375622,0.5242554928087622,0.34154635274333023,0.0,0.4159818026596554,0.6196708147080008,0.40430318135856597,0.5891273453783339,0.44126567902283304,0.4511816714179991,0.575876896298912,0.4571012121205384,0.34316259476134675,0.5258280182041759,0.5556329267585364,0.4416712459111799,0.4619003110260325,0.38886033029177214,0.520970459945387,0.4236806992214348,0.41108713468563324,0.3956051989213655,0.506214966894464,0.4380022714000081,0.4344835706258882,0.4957372478431462,0.47514680767398565,0.4541158196861128,0.3732859966570357,0.5590400341216201,0.4789753671039054,0.4228622991346333,0.3481189489499124,0.41873327220986073,0.4576617794445683,0.43965076363277866,0.3512287429646817,0.49644195188788826,0.44522500215138416,0.5418144212420761,0.39110889884190786,0.3832524246756255,0.4714296369539503,0.4987403323156614,0.4536257208778411,0.38761396947654186,0.41095777205362455,0.3937865815409231,0.4998709121404163,0.5527258638069258,0.4235882383287778,0.47915879983517284,0.4255744457651661,0.5762151020035259,0.4575594676005877,0.5465030933910695,0.4480554619962649,0.48334463854820076,0.6271527431669331,0.5027346151012101,0.5173823735738591,0.3591962395214897,0.36612160316623943,0.48715460888435247,0.49129222760594077,0.46310208981569834,0.43829154806723775,0.5457100978837595,0.4430291471181297,0.3716041426233196,0.49407132387309516,0.5766460680132599,0.630851706327191,0.4382731374130468,0.48684631729688227,0.4569702624869187,0.4464323098393803,0.5303593690072662,0.6000991913767953,0.42758396174398516,0.5005771961730286,0.525807170603504,0.5079803113312427,0.49960398486920216,0.5113597172626667,0.4139826377915488,0.5377720834381593,0.46209747621551817,0.45811447659305615,0.44750656315158216,0.41072784002646356,0.45122594465809623,0.4860797111562529,0.4366519755515773,0.43866330256227937,0.5150401953310587,0.3699835283503833,0.6043987953658017,0.3722266071072231,0.5121421375814619,0.4343964598604048,0.4422772399412183,0.4650368346797814,0.5124639672812854,0.5482702534511492,0.4911312930720482,0.4954643111654977,0.5061096211418629,0.45362843294720123,0.39618841198608934,0.6212432183520791,0.47137686429265674,0.46448550744937517,0.6042985054160479,0.5380675920217802,0.3552798094649625,0.5373582486675579,0.4942361867933783,0.3471494531941097,0.5244572416437867,0.45984378680318766,0.5386710185977254,0.3510266257580938,0.5072119031092672,0.5483710231797616,0.454927144402513,0.5244083903362238,0.38662132964411294,0.5564583260620821,0.5957351580661497,0.46472846586883654,0.40509296271184864,0.36422626893824905,0.3104552354976592,0.38070543818162655,0.3482770770597747,0.3870830600482461,0.42498326996556557,0.4295238204851527,0.47445050490677837,0.5223207774357818,0.4326254493410299,0.4196332377413686,0.3885195451824975,0.38789309409255446,0.548562154562,0.47420724840587397,0.4424039752974892,0.39410394590429804,0.4698728321559168,0.3924332704120335,0.47702275497660945,0.5426948619241373,0.45836186869133777,0.47129910018621757,0.6251905984495971,0.3850522698470438,0.5083420035490228,0.4930711045460605,0.4559012398853543,0.4809140630765727,0.4016341706589777
0.5238189852385632,0.5324042238960036,0.4473371266100717,0.5028350393631218,0.5252491066657742,0.4159818026596554,0.0,0.4547798590754135,0.5176979945716721,0.4498935849827746,0.6055401763425491,0.5606738326966507,0.44713918233401456,0.5202178095952662,0.48267468777101724,0.45399925104416433,0.42291430251087775,0.48454166584372743,0.46833732493903935,0.43963959257257684,0.4861819881982605,0.5471677159905836,0.5079379277314678,0.5165164700698003,0.5381721342837751,0.47572920686514425,0.49320377709669666,0.39909706016134583,0.5756165381903874,0.5155618903477418,0.540443549542571,0.4729957828449266,0.5349632582353927,0.4275994236515477,0.4960031505095266,0.5447302984107305,0.5980608962091799,0.4939688612024841,0.5036358622646506,0.5344514975654393,0.4913164490726546,0.4891051909930371,0.4726255950380299,0.5583082797761159,0.510569746765923,0.4279868511694219,0.4420522627597237,0.5574266803535087,0.6117577000214757,0.466394994164713,0.5565464675461267,0.43435853559156545,0.37775296395675423,0.524641526792511,0.6357783134289764,0.45363689181096395,0.4743929276784085,0.5155064214094979,0.5145072982558231,0.48693662045815234,0.4248254341338618,0.4200931490012805,0.41844274363440276,0.4592550444793553,0.4151902433821754,0.39404097680476774,0.5194039920794402,0.513812447279089,0.4589665502777605,0.5145615079063698,0.5173680661860881,0.4781697000684309,0.4670772716019825,0.48469590467190354,0.4059899863453482,0.4235227481419046,0.47929247238883865,0.5655910350892436,0.4093776549313915,0.4066331666627599,0.38217824424760477,0.5325045689119738,0.5215532180762785,0.3935134421583138,0.4630332217003901,0.47662304430993196,0.5090957191733653,0.5279768951808949,0.40723294347750977,0.4993185794003968,0.6145767240159449,0.625772291397606,0.5531133560527266,0.4261493851647591,0.5237302447095098,0.5869523932997787,0.3950260619167867,0.446362681242752,0.4983280734668016,0.4398615461593893,0.5309927692692432,0.4872553730592632,0.5210903275146314,0.4891577020141753,0.4856361116992667,0.40713917793458654,0.3865155870899669,0.40422828851385256,0.47324269404550934,0.5265172141138933,0.5707727076756851,0.5096585369339921,0.45554798468957514,0.4276140927716688,0.42655884451305004,0.43769689919976473,0.407965024356525,0.5257457079851883,0.4126345172935844,0.45720592451202735,0.4806891721592209,0.4580468299395596,0.4480682401674978,0.5603470536064609,0.4700893423434301,0.5579766440321602,0.4145964660396693,0.5813214002404188,0.4439837261549775,0.46937850778989965,0.41959581654475736,0.40564187587518474,0.46469956596418327,0.5172755326072734,0.46916006782124947,0.3692877008557097,0.42334838004478864,0.5080754929918276,0.47356500003271906,0.5492886484948307,0.4530142560420931,0.5125185266082043,0.5495663637792136,0.5028161354410877,0.5506007522431215,0.5107851565099542,0.5043485599593159,0.3875760768291792,0.4787781355696269,0.37035055937817196,0.5481081958901917,0.44846027917992265,0.47734729687333566,0.4876314758248921,0.4943565442912591,0.5640568046088774,0.5077068121584843,0.4485233456192887,0.580213583218751,0.4670266705554621,0.36245755832540033,0.528469262314026,0.4334717015346342,0.5793573255727436
0.490298532171497,0.6078816609053973,0.6765102480710872,0.5311582279341368,0.3736593618449076,0.6196708147080008,0.4547798590754135,0.0,0.4605978535562249,0.6565155897430824,0.5034353247250002,0.5149447496665994,0.668756594005006,0.5252545560863279,0.3722375375542415,0.6349493742943817,0.6338571177725634,0.5137312989967583,0.4986121755123797,0.4559887341621782,0.5937318465161291,0.469015728905064,0.4965396108391205,0.4516047092373395,0.6257099840533251,0.5136370641972996,0.5357437050061709,0.5548816353189471,0.5301040476464157,0.5269229487093335,0.41932622366510075,0.6141337920002524,0.49395407494990706,0.4917401772464949,0.3902904385824538,0.4795186536500094,0.5420291013669339,0.5308108076538862,0.38720037712699346,0.6031007333003123,0.49465476125183155,0.615716349431598,0.44495430739074865,0.41578496835793055,0.6072591714931611,0.5808841378592783,0.5034330611407548,0.4322313289841393,0.4829944085113885,0.4416357755794616,0.5407798400860415,0.5735683786782041,0.4229250674267747,0.4983031447412408,0.47313724170863886,0.6481618431340894,0.5226839549416533,0.6259401669926631,0.5111085767057678,0.5671240493507882,0.6177247011569241,0.5210554312917711,0.5255598997609991,0.4201967374593264,0.3905985675954739,0.517698445876006,0.5759074271943316,0.50669602505677,0.5219026007478069,0.6821596259485035,0.4922531506850468,0.4259921918149542,0.5529320502427886,0.6509291696541544,0.663649798680013,0.469301350036191,0.5280941828820833,0.514910849986897,0.5289412407131053,0.5208075789396585,0.5534792026425626,0.4677373112735375,0.5569691059033346,0.5917391942075112,0.59942862973171,0.6480115423688749,0.6048187706246941,0.4651970729486912,0.5947692707569389,0.5510128312256348,0.5234837783613494,0.4949025969405318,0.45334372064878353,0.4793040224929804,0.5428070984664328,0.4812982938800287,0.4523630187346708,0.6108343840646314,0.4157282555084267,0.6692917999697597,0.42026281638755614,0.6025183458598316,0.4887911561588434,0.5003369536562833,0.5284936599752104,0.6192034275269748,0.5771060551473887,0.5966561785131874,0.5735727107094342,0.6047224071583053,0.49188226495847753,0.462302445107276,0.6199132833105115,0.5424213034040142,0.5167572238091792,0.7307045108827908,0.5761289476383902,0.405389703590366,0.5323891778081891,0.5538764377960435,0.3912293072706417,0.5721042814936118,0.5499300823860268,0.5951805913008208,0.3865521891790293,0.5680085671177499,0.5605599985487124,0.5487405344525537,0.6138317856442148,0.44190488439133263,0.667204544783191,0.6131183088991935,0.5439039919174569,0.44582418690656883,0.41099570717665307,0.3300890790456887,0.44033215161982603,0.3947814629986911,0.4784296046633324,0.5001850146407483,0.4392123259445013,0.5461647269172089,0.5832600033682659,0.4791547637146679,0.4925397066724154,0.45324200134901316,0.4288805587842301,0.5366054220701262,0.6018363343139589,0.5056843098735283,0.449219618674412,0.4838529218364753,0.44553872178795495,0.5819328430779819,0.6546847960675108,0.5518955329520903,0.5405919311006302,0.659791266935751,0.41576922307691094,0.5267928575472572,0.4918726736887324,0.5184963648199152,0.5507888118079806,0.4561113335008607
0.567104633826044,0.5640511647986364,0.4391871318861862,0.4137928500073586,0.5125460767427054,0.40430318135856597,0.5176979945716721,0.4605978535562249,0.0,0.41997492551008975,0.5014373361605087,0.49575161847013166,0.425277560074768,0.5151740427793958,0.5300844123263365,0.426188052592302,0.3977014508729212,0.5105513101538609,0.45295215140127104,0.4965509617794402,0.4727682745386514,0.6175281823460301,0.421308795792051,0.49866952927173525,0.4919144135489333,0.4183887199008767,0.4303365525981201,0.36347005903420065,0.5036299487046316,0.5145960823141141,0.6528897247896166,0.44159297327330893,0.48941024541476635,0.3752062685648816,0.5294435915587523,0.5352868466481708,0.5379777282914234,0.5347393275242246,0.5337497953362799,0.4639195351309338,0.5068359541350618,0.4727950764787538,0.491794827104202,0.5255592603933744,0.49458408512791,0.4345851104786087,0.4674784951923566,0.5219485839272484,0.5043509903035317,0.5155959852012247,0.5059432558765181,0.4221712102891993,0.41224374011326936,0.4810750260110975,0.5106159488572483,0.4668130442635336,0.49212335595168694,0.4684374396422169,0.4990642734340279,0.48868907175062176,0.4124666308195221,0.437677708232886,0.42554703312823816,0.4858910764387545,0.4812470801149071,0.4109212497255537,0.4734333500909427,0.5403457562297882,0.45797383680675763,0.5064615866605218,0.6102297613523913,0.5202252162257697,0.43682651240585707,0.4404402103851716,0.41285843250453125,0.4332697187596137,0.41001261019377394,0.46917656189533147,0.4250368539807508,0.387000546016987,0.39303904267861944,0.6182696492269363,0.5671355832271272,0.3993127887974172,0.44435734294769413,0.5265728135570147,0.4896971963988117,0.5192287345906746,0.39719001570602464,0.5532931374771298,0.5326017225547702,0.6194475828460954,0.5366869043470136,0.44074467254735816,0.5184980367961749,0.575890984874986,0.45629453160784916,0.42735227720851315,0.5357881917954298,0.4064736053871091,0.5494886020556674,0.4542264558674347,0.4480859361808565,0.4729966842854507,0.5177579744714149,0.4062916813309632,0.3784572235809078,0.3833965734486686,0.46803798245573425,0.5018349915053869,0.4566804407659657,0.5066277658617157,0.4240054153729888,0.41249435036307747,0.4305032073255505,0.41787844542223973,0.40522552156808417,0.510466757758812,0.3673515824122784,0.4337061339635074,0.5305403439204528,0.43797276989665135,0.44208702576188313,0.5260190247880621,0.5696238461269253,0.5072928745898647,0.40000040545275967,0.5595188952744865,0.4117356993096774,0.5250813517309184,0.4470597235048268,0.41615506366802946,0.4505519390284242,0.5680669452700914,0.5286771174370658,0.4336337238158308,0.46983084980279305,0.5126021283745584,0.45971126952294,0.6116515597010992,0.447476993107021,0.5094809848472859,0.5408421868514315,0.5254724814648103,0.5364521592496732,0.4607856494085117,0.6669785346701838,0.3886074657298521,0.49414785473575584,0.3710343179504542,0.5560605866438659,0.4664385935618393,0.4869389602109715,0.4833324301839189,0.4586098021979385,0.6423094278967693,0.46650829862358695,0.4110340777812012,0.49655919297116274,0.39931886551473916,0.36436102648931273,0.5589009178840629,0.4462895215074143,0.576912981427222
0.44568115224581645,0.5173821634235213,0.5833727592654704,0.5003536997532904,0.3528810064591757,0.5891273453783339,0.4498935849827746,0.6565155897430824,0.41997492551008975,0.0,0.4602664125647755,0.45121812259340505,0.6775054883797371,0.5189661195478416,0.34835765363777316,0.5987849777340707,0.557926293155209,0.4796714851026145,0.4264849207789536,0.39745903991089204,0.4886190828206218,0.4177151175393083,0.48167006761186776,0.39559913631953497,0.5857290061949313,0.4952895970977363,0.5611358899402901,0.515351628700933,0.5329210966655549,0.5164945555206227,0.38885383304509924,0.6185527368625086,0.4611680789342448,0.4520337930544195,0.36086930003495665,0.4303359905732023,0.5356664028694831,0.4824543743806994,0.3521087560991719,0.5478683276272452,0.43299674923665143,0.5552512157053938,0.4155510469919922,0.38752564770656633,0.5207080051961134,0.5265895981180861,0.48924932066345916,0.40379997782575333,0.462580489184678,0.3952886455785242,0.49357646892551915,0.488469064591813,0.3935858622642064,0.4370109500924032,0.448831453629287,0.6542877733726897,0.45125177535559147,0.555083930537818,0.480128590602264,0.4961005584663974,0.5540644799951341,0.526232741634007,0.47225120145884536,0.3876394756418216,0.35776303389750996,0.4689279278786528,0.5507147490395431,0.5200756170981236,0.5166844585967825,0.6492742240066948,0.44900492498467726,0.40578289846373655,0.5051081352817375,0.5819189121663022,0.5672175828373179,0.4786591491295305,0.528994972364594,0.5360178577216151,0.470894249114245,0.575451278404611,0.5527177735540106,0.4133345557708372,0.544519744237231,0.5720368209081109,0.5274626198891638,0.5213721089113523,0.5768473018208119,0.4615642158532315,0.6415473564303623,0.4975662266494181,0.49148532690623686,0.46078052864644714,0.42629103616027547,0.4313812087311893,0.4991380965347164,0.47493116018105,0.3958444298639561,0.5387863953274991,0.39442974637703654,0.6447766060006043,0.40615604019168144,0.5716266826025168,0.47512393452388674,0.4747473270789266,0.4737584315714052,0.562141919553393,0.5211609237276388,0.5577121085037762,0.5390834701940318,0.5103265708232446,0.4441172063874058,0.4202624646013575,0.6171557707005211,0.5567139649229935,0.4778403016807255,0.606985407889296,0.5425569259198775,0.38721438836348976,0.5006713122941131,0.5857031659400943,0.3609451587214137,0.603874492904811,0.4705053580102247,0.561522077790891,0.3620408277556634,0.5522144266173777,0.5349955002279473,0.5021263921628386,0.5386629570000376,0.4232505055110222,0.6649396854315041,0.5394388796609814,0.5503044018458547,0.39726236357421335,0.361869291465429,0.3124659734746913,0.40887877902805614,0.3707539790610963,0.4313267902707662,0.45805431157333365,0.4401738290600014,0.5270466959849852,0.5116284352748186,0.43595545043101747,0.4623006796647881,0.43368905739138186,0.383156645032254,0.5902270375892708,0.5351287903016191,0.4672135631483257,0.4031598856165243,0.4783421484603733,0.3845584563500653,0.5571322734518928,0.5737063475523513,0.49929845541585016,0.4936902486986664,0.69596486137306,0.4044898920770261,0.583666989278418,0.5374248128289651,0.4877319358923707,0.5523830222078046,0.4094964505999068
0.5384435906775028,0.5529930343304236,0.4995801732871207,0.540638862646563,0.5098930876974304,0.44126567902283304,0.6055401763425491,0.5034353247250002,0.5014373361605087,0.4602664125647755,0.0,0.6389334990687497,0.48465361060860185,0.5392737062789233,0.4438502720262254,0.5347708355603114,0.4966219369656233,0.5034649340009504,0.5327207250366148,0.4971246121877368,0.6040172071574949,0.5623111161950577,0.5563703970709609,0.5801370091867012,0.5932911568170459,0.5633540189106961,0.5212339749968014,0.45529829111863196,0.5978167264049208,0.5205949584243033,0.5094040087034508,0.5069388253671789,0.5128110834562685,0.4965941645138597,0.49766567286776714,0.6197900129123668,0.6275330730743929,0.5809101785022511,0.5343475394069123,0.6134079737930687,0.5427076374669416,0.5373696581575366,0.5016619853204811,0.5690423032983013,0.5852660693814333,0.46272590218173626,0.440489631877872,0.6257243655942585,0.6467720604246284,0.5040804555450148,0.5998536787338782,0.4916471178962673,0.38663374062818584,0.5809128921094437,0.6957421890174167,0.466796065582166,0.5514477179971786,0.6102037722625528,0.5372112166629526,0.5419139809894236,0.4739490762006247,0.4387575258643932,0.46035621050291875,0.5172928203161479,0.42256932624377425,0.43264444678251424,0.5785280044054119,0.4883908288401924,0.491785379692776,0.5629379662967169,0.532974091778821,0.49603518109671974,0.5513491348265759,0.5507694226438574,0.45784676571218724,0.4227304721445671,0.5384337098325904,0.5893337746891277,0.4657861242486694,0.44602195260509664,0.4111796141693589,0.5456963044263606,0.5057583122506909,0.44172382804083116,0.5694804990427104,0.5507591944803695,0.5895927779959027,0.5096251917714806,0.4260885266353189,0.5243482201690217,0.6769170612864431,0.5701079208431361,0.5637620548495048,0.46319157203963485,0.5888658940564744,0.5316723511660775,0.4285799930708822,0.4993228621647999,0.521548433940568,0.4706497934480998,0.5403919187061854,0.5638062871487655,0.5577898180139166,0.49450321111033574,0.5352406400248099,0.4567311702656729,0.4385914519815262,0.46093130791300757,0.4971904752901334,0.6306905545324247,0.6850865284197167,0.6178197335257566,0.4984119144932285,0.4833193892629299,0.46477494202764585,0.49189173293977256,0.441234978771475,0.5299387220718406,0.4708007700080884,0.488940477542461,0.5189816443295634,0.4888193511299925,0.5612288360669015,0.5827466670825896,0.4817582954352754,0.5750927409714824,0.45400369110250766,0.6271592451765051,0.5274546166749805,0.47626677448340876,0.4408139648602439,0.46730226618216764,0.5340854348481399,0.5825189590307915,0.53589673600251,0.3669700404892901,0.4427929004501687,0.5025394222487327,0.5524721590311351,0.5964995237271067,0.43220820200996696,0.582164275870003,0.5811935935509182,0.563223442839309,0.6619317674382845,0.5215223417295857,0.5064812577922742,0.4002511153698361,0.5395243283192163,0.4441052508848325,0.6158680583821287,0.4508400058281245,0.5679593732607908,0.4944166845078981,0.5730479049212669,0.6128225555377022,0.5722499753823622,0.48081485129797236,0.5301528043558451,0.5001983605103936,0.37453434028223814,0.5669588669445305,0.48075560239753606,0.6899368639263366
0.5073464294771203,0.5497496354785679,0.48848793479247204,0.529078977174177,0.470960161504104,0.4511816714179991,0.5606738326966507,0.5149447496665994,0.49575161847013166,0.45121812259340505,0.6389334990687497,0.0,0.45865562008406485,0.45653309410218523,0.4230070303426927,0.5011372611042304,0.47842884559020954,0.46034993368504185,0.5584227845628413,0.47385748457647436,0.5790411109659815,0.5217222538212593,0.5544864001799092,0.5766587887441073,0.5923449357691275,0.5067833845319438,0.4891040346633383,0.4554238321305918,0.5079463773392792,0.5331771088679045,0.4923616316640146,0.47468330532138453,0.4951012512820216,0.5222975213787718,0.4611445651532085,0.536055557824506,0.5528688604437029,0.5003332335886007,0.4879434414003998,0.5425613837008939,0.507667393347168,0.5599593808631369,0.45643793409804245,0.5118823876450126,0.5652742912051165,0.44456594781805764,0.4329519534814586,0.523347349733651,0.5583443008367677,0.45475809654568644,0.5288563142887966,0.4924679796785193,0.3650886905806193,0.5414714446501477,0.5454487383864972,0.47850084513579966,0.5049049902715044,0.6297890220426082,0.46558160127266035,0.49400469167953304,0.4490307725683745,0.3999370032307686,0.4362154125083207,0.45017135638542305,0.391215537239531,0.4055441520851776,0.5075782976389738,0.44739330777843095,0.43868166936253894,0.5310342637675216,0.4798978491406753,0.4292590702250823,0.4941423418634831,0.5098261410681454,0.44377615561881273,0.3965292914861452,0.4791597719292864,0.5257520576549958,0.44646556679308536,0.41064826906213464,0.39262343460180466,0.5195321930204532,0.4970127126588309,0.41530503407197095,0.5153505356843365,0.5467028284941438,0.5396085307183356,0.44523675069115964,0.41628046286576054,0.5387838211080558,0.5811716763888606,0.5572737773226313,0.4850084342143672,0.4322067621489155,0.498188289710878,0.5190890289640625,0.4034292022174044,0.5336442529863049,0.4524342066276299,0.45922976219240497,0.45145657396943006,0.5021845948314059,0.5154230985536254,0.5104676294318101,0.4798006224514441,0.4478573108619679,0.4193261938806506,0.47770001985025756,0.45982544232494404,0.6399126012889965,0.6645474913209394,0.5234432695880677,0.46413123195776235,0.4463897260841605,0.43264222244245193,0.5058414211162106,0.4342751530655975,0.4699305112950525,0.46139359782216394,0.45900473266736774,0.45110629983270983,0.45633596211846666,0.5368030242973979,0.5389913534398927,0.42654040684344824,0.5302023351553643,0.4275563184859503,0.5876705728564277,0.5098018449446042,0.4186743359300128,0.4529538904587867,0.44510660719987816,0.4601611600546264,0.5327208316300671,0.49027975418147635,0.33790543758213015,0.44038166491781006,0.4526416222025066,0.5072591503672303,0.5315805917138473,0.40382400684665154,0.4950957262300845,0.5447903211436135,0.4905385759401093,0.5394885120408984,0.515932198578803,0.5070501765397399,0.3820227409060377,0.5295773620350965,0.423023909323369,0.5597215248014712,0.41761615810412206,0.5297884557832934,0.48367248460362083,0.5956556109966568,0.5444691181942843,0.5272552569735153,0.4918476030246811,0.46590137680130356,0.4469902128814714,0.35463855814581974,0.5083484124313885,0.4424551350428141,0.5984344610527507
