0,1,2,3,4,5,6,7,8,9,10,11,12,13,14,15,16,17,18,19,20,21,22,23,24,25,26,27,28,29,30,31,32,33,34,35,36,37,38,39,40,41,42,43,44,45,46,47,48,49,50,51,52,53,54,55,56,57,58,59,60,61,62,63,64,65,66,67,68,69,70,71,72,73,74,75,76,77,78,79,80,81,82,83,84,85,86,87,88,89,90,91,92,93,94,95,96,97,98,99,100,101,102,103,104,105,106,107,108,109,110,111,112,113,114,115,116,117,118,119,120,121,122,123,124,125,126,127,128,129,130,131,132,133,134,135,136,137,138,139,140,141,142,143,144,145,146,147,148,149,150,151,152,153,154,155,156,157,158,159,160,161,162,163
0.0,0.3177999426239587,0.27835480352001524,0.29788124737337074,0.3493727886108978,0.3161559857544996,0.3199708113775635,0.3194829949290089,0.37876585753123304,0.2677683008243516,0.33220161628448347,0.26391409542490063,0.4568633023308205,0.3455000100925892,0.34357920784552304,0.34158888552722544,0.3475671284215152,0.509486775637407,0.30066597809922124,0.45207225570656695,0.34406375196781763,0.3428960097769353,0.33831019015172387,0.3743151665478259,0.37034236583017477,0.32279456065194506,0.31910900746917453,0.3339635786550772,0.24215796016757396,0.2835712276626715,0.34716137863157104,0.33532696390522615,0.2912641882153063,0.3281955718877513,0.43565418262438393,0.2815361073256022,0.44703037739253015,0.3488829993477683,0.2593761483360559,0.4207228051885758,0.2791071731481242,0.35723998122018463,0.3330902006120205,0.3123133009255862,0.36165208119398307,0.4036459360335267,0.311582076467003,0.2910814582781915,0.38707456584103633,0.3434277517766017,0.35815447478526613,0.3604299325967546,0.31426832209394195,0.2754032198346616,0.25587283407905115,0.3319743230598125,0.42083927970008994,0.32476912326723806,0.3184582182597933,0.37182828365047904,0.30503696356235094,0.2847396796910843,0.3288704610153069,0.2657880598588621,0.328897105826905,0.3467333841163543,0.3832427805756083,0.38870072285754476,0.281829597821056,0.40713721439495143,0.43812724654622404,0.347398717704483,0.36515961367087674,0.3711596676980216,0.32592976991947176,0.39359253586130927,0.27882081294034494,0.33929098278525605,0.3307082281900125,0.29241418347299897,0.2996614192608671,0.40970185458299346,0.3212320370205693,0.32659331901286753,0.3406821722591694,0.4058509277341451,0.37216289625106946,0.35849814643835226,0.412117591740871,0.31168140647081033,0.3992936494930253,0.35438837895130043,0.3106885078874539,0.37014162774788567,0.34043183556592554,0.27146955173851545,0.24717334820306155,0.3048167509450284,0.3076578849064458,0.4330969393864384,0.31854074141263206,0.2656287803928697,0.28653297867325783,0.24342949678365683,0.3755802049120818,0.37259160354384513,0.27522787371034013,0.3430982275428413,0.35359128888142677,0.3207367968382494,0.3132765163681326,0.34801405857227413,0.36178314999475597,0.3089091770392294,0.36454055776454636,0.42274200577681104,0.374367726201647,0.2780285219954034,0.2496004864298061,0.3409217086633891,0.3529933560817631,0.2823289996303154,0.3858999125820746,0.411595354592573,0.3375714544729308,0.2743910071073687,0.28852231441435766,0.29249108989074557,0.25527332043947853,0.32971068588866703,0.2816037695715008,0.2997340552930955,0.329413726214684,0.37903880392408856,0.2936661338733364,0.28336681290505583,0.334351702941938,0.38209765327583184,0.3301781213151036,0.34924450049316175,0.2669472702035086,0.3112799374341962,0.4240329547155787,0.2744453494424694,0.33031886400750604,0.39007541124432726,0.3217287049292086,0.28458873130121526,0.3135944770189392,0.2185088210301184,0.43960242338041805,0.29019370287205254,0.33126880252522944,0.23235127917477688,0.3198749534145132,0.42057959476733797,0.35373282707119147,0.3270402446634155,0.34059343554202093,0.32556652864706676,0.276211879953821,0.44246982994003875,0.2731954373337835,0.5329001704216405
0.3177999426239587,0.0,0.3602447772309235,0.28298614265825,0.3016041585017487,0.442207183020892,0.32216091447049094,0.4533956481359614,0.2997348739669861,0.4514261792397436,0.3443664719145385,0.4012821810324691,0.3416190850222189,0.2994098237311132,0.36255159483009575,0.34304075888944885,0.301171284140209,0.29865128628519577,0.3544205526367245,0.3218996780654334,0.35587322203825,0.47995884659980675,0.3101350370104363,0.3769456795911168,0.4830723830285397,0.25153278501741644,0.2877615906843485,0.27945716933878845,0.3287510727361896,0.27293953883754823,0.40365572123134097,0.35442815196227423,0.32931873266499273,0.2848350359648929,0.31569117963093424,0.3229610662518881,0.35438359747264425,0.2878307958863765,0.32472741839918445,0.32452555817489737,0.30242034817094027,0.3703628599526875,0.2806810590262209,0.29935375623485533,0.3948356485909643,0.28421137991753576,0.31902404815155355,0.3223858927528709,0.3296907982236115,0.26939283651123846,0.295146027366931,0.27979478192505236,0.2774120474482923,0.38349049582803546,0.31489259307833245,0.3326131300051799,0.2848902483301897,0.350059517271238,0.319140913952296,0.299752346567094,0.3437949716839638,0.23044365528006755,0.273059436073414,0.2535203257465664,0.24978492975069097,0.2542684602970439,0.29300517884998356,0.33918945702134573,0.27017527641979117,0.38771507499206853,0.30018298282981637,0.2705928880023366,0.2407684924511637,0.33100434950222574,0.32750116166488624,0.2760314526314342,0.26951131675807183,0.3771177182634397,0.2557912768767535,0.2274420668685062,0.2979242780388065,0.30254760121485186,0.4241053293077489,0.2876786232003929,0.25685158329418,0.3932110912032229,0.3168587711742209,0.26016350560285045,0.3074426392325367,0.29662239495237414,0.26948478455690705,0.32408771276188597,0.3170299574129828,0.2591814460338637,0.27383359167963556,0.4574893690363116,0.2650461589697979,0.3399672866414561,0.23613674326135137,0.3078788112031117,0.283635229170719,0.2810767059317013,0.22582960509291386,0.3329043854942224,0.2689427466509099,0.2931851675273518,0.26723896213641785,0.43013491844648305,0.31533818585804685,0.44514895956201267,0.3155686173714477,0.2438909978690743,0.28226493840042,0.27053524186360695,0.27881869940721404,0.3529425163390118,0.32196504665413384,0.28423660118285177,0.30295999615143543,0.2672132341701463,0.25647971611743453,0.2506158606375617,0.2751710130328216,0.36309033988330947,0.25077267603157755,0.3843325841853677,0.2417227185325314,0.3886759286540546,0.349868923015597,0.28173327172757723,0.31694347915426335,0.2949398684422837,0.2409062734702118,0.2919524835933042,0.3366907802377988,0.2504378707464102,0.3413367483520936,0.30092831288513966,0.37565683570210523,0.3055917830057344,0.3038622462994335,0.3462376478105021,0.3446054458960845,0.2791239458825747,0.3364303382892911,0.3021650272038723,0.366687972335792,0.3297542707345722,0.4552700554107058,0.25101579662457335,0.28023524007326556,0.33779237689298935,0.28054666312429233,0.3442210566376123,0.3745028130150434,0.3568524836290438,0.30416642515014986,0.40250235971518233,0.26053229794465327,0.24034183539769483,0.29879438527872,0.3153614002656217,0.24790587181331689,0.29660887718564255
0.27835480352001524,0.3602447772309235,0.0,0.24333596855419526,0.28164618089574517,0.3517206025532978,0.2469617819109972,0.3528067661445535,0.25549355805417917,0.4333873361546617,0.30649877067394965,0.31452316258508195,0.3375066200765403,0.2656170071855848,0.274962388579501,0.38364943890864495,0.31930678903701004,0.2829708399967272,0.2701968345053812,0.26844048756101285,0.3229879096625348,0.43614574042728915,0.2525540452753239,0.2736429042306615,0.3329883784772528,0.25183120190519476,0.2759508374494383,0.2634616035468891,0.3036710748903874,0.24503981437065478,0.28013605423904797,0.3371245148966867,0.25661314577926103,0.2509813582739347,0.2533801426830925,0.2868812102620897,0.2992693458967714,0.28686259737588843,0.2684398497425868,0.285204958525091,0.2580393897278357,0.3166241731059267,0.25933578661183687,0.2466109150635543,0.33031430140631474,0.26139036864084014,0.28068269251436756,0.27985662352097795,0.27555365931234155,0.25455296189022325,0.2531667939937107,0.26795203644793264,0.2242006512496921,0.2972281584825885,0.28688847176074567,0.2615551345723185,0.2454883977162081,0.3441185711001791,0.2629719439179394,0.25799433524335186,0.2870905399695598,0.22932132292185073,0.2702301950090294,0.2589780025559873,0.21705899581401844,0.22946543119148974,0.2527599538588721,0.29656354776706917,0.2897325925961243,0.3415199560172796,0.2766316794162852,0.2288410588905323,0.24771861076363022,0.3271044109268312,0.33859845251592696,0.22458378821686753,0.263315642958584,0.30980490910523617,0.23335747282648964,0.20129204410482443,0.27703669464156944,0.2620907638166919,0.2879117398082941,0.28962312325220624,0.23847037227323561,0.34576052118045103,0.2669956136774203,0.22720306283899122,0.2857246079420625,0.2278799921055643,0.26233235110479514,0.2527383898920204,0.27656389005822346,0.21123497941043926,0.24716813035322044,0.30977640412025115,0.24250357783555004,0.3081065034498679,0.22144089627869765,0.27643474676725976,0.22232070397489798,0.26877954999344394,0.20510001798938265,0.3331264027446001,0.25576661258390376,0.3073273743018626,0.26034509171366793,0.32710620105124255,0.274670006332562,0.310673656420877,0.2582765411771413,0.22824258046547458,0.24886178286333496,0.26486668740650027,0.2336257882147877,0.2999820026009198,0.2559804682815093,0.32678880461172854,0.28893874834138566,0.27392500087278415,0.23920927399019745,0.23392329588929245,0.23966066139597378,0.2805870459536069,0.20844626734003985,0.3473831877507283,0.23915184837716474,0.2998022107018256,0.34566507769355465,0.26400449593552966,0.2913722105792477,0.3451179692359976,0.21077598362542127,0.2373338761709153,0.2808340322612158,0.2145186344300936,0.2464380853299815,0.24755955055107734,0.3224965380795196,0.2585318072486614,0.2328254844910924,0.3068457175115849,0.27200450124737774,0.2761084418124257,0.2808571768729905,0.24721119596080698,0.30055515751093553,0.28904045505032117,0.44751003489278357,0.2730753405222916,0.22265923719806885,0.24085103625586893,0.26431337063796617,0.2998574937722114,0.3159751692019093,0.27816255908251,0.2625025890028393,0.3029202619988418,0.19810187434806797,0.22757818688357734,0.28913634027533863,0.22903532465572982,0.2363244459013424,0.2588854727806137
0.29788124737337074,0.28298614265825,0.24333596855419526,0.0,0.300302160168614,0.29527778871650734,0.33951604039424493,0.30261864066729194,0.24568289297715573,0.25414114835983953,0.3049815661429225,0.26727602906639225,0.30888619130315903,0.3548151451414966,0.33153427132713215,0.2940454909649534,0.3513527591213086,0.3402057147580445,0.32647136890461176,0.2879939178988152,0.3791584105282937,0.2593781774206246,0.30190623809308875,0.27233116407185143,0.3022932663252312,0.3424236020247986,0.2936859538756662,0.30743041021058726,0.26807538180295737,0.2309570178593114,0.29940507076974676,0.315393795714295,0.45542879275551423,0.3182516100986302,0.35351294761982904,0.33764745442054267,0.3142328199336298,0.3577801912088117,0.29504867863263173,0.4006909849812426,0.36754178419436706,0.29322792461108754,0.340428929430098,0.3630563845146256,0.30862734853556534,0.3396615266535011,0.25617776207870946,0.2831184544434906,0.32898106066938415,0.3449113764018447,0.4612992857320544,0.38833887536647466,0.34720797881694776,0.40212825627857857,0.31298760260737857,0.2681660924879441,0.38744735948961556,0.3281860402662535,0.36925108359914655,0.40267580262218716,0.35746000149287155,0.31987524771828263,0.37970051940086147,0.2626024431717413,0.3270076335074867,0.33367657955506136,0.35507062159586633,0.28525248975613315,0.29746814165857083,0.33385647997403867,0.313726239208014,0.3400335471917648,0.30992167104102014,0.44442986119144734,0.33501256698093085,0.30301986665906844,0.3772754268784242,0.36854489405822677,0.33605682494279604,0.2746766552711273,0.329845871464548,0.3519976591041982,0.2747966530176683,0.32833432972369436,0.3771607165086959,0.31642064270188924,0.3614860079859492,0.38312882950801896,0.35672930596474434,0.24373062137798487,0.36265071536978405,0.35834963798586394,0.31997164871633055,0.31387981869248144,0.35631266610436857,0.26037901768043736,0.28923611371924846,0.3181400116023182,0.30032063416936783,0.3680321539786813,0.320906780246293,0.33712893256950216,0.3697865795033497,0.26876710220374894,0.36934656897080476,0.31649958615754875,0.34225539241101094,0.2739746834082968,0.35550778439904124,0.2527682769144136,0.3728478290974021,0.32913865613048837,0.3896058685919359,0.3874742321877382,0.37060128365398887,0.2925542287196789,0.39478423665105017,0.23855339136228781,0.3160573547078077,0.35115688764163766,0.3279849368596185,0.3977576556331649,0.31824429440099683,0.3646861873576364,0.27828572988820754,0.28818993263393367,0.33465986933473,0.28290156748214906,0.33068877039925143,0.3660070156650653,0.24139731864647324,0.3373278297738029,0.32310436516483537,0.34490806930046936,0.27579050474595024,0.2705573775967609,0.22465037400108157,0.37243496765595746,0.2977113985905348,0.3380854099414937,0.38979470645264347,0.3296452626270819,0.3991384330723664,0.3198969767822537,0.3371809870270399,0.30220588264813036,0.28657514748682933,0.30975354875849187,0.24905452114528415,0.23972903414449778,0.3589724935889532,0.3795294497886117,0.30981718312995477,0.2279731193976585,0.34516039665573617,0.31464310994235434,0.2704821772216178,0.316869038091171,0.4168121587724548,0.3313750602424618,0.3459901701901887,0.3602769469866284,0.3398207769965171,0.31694200900327407
0.3493727886108978,0.3016041585017487,0.28164618089574517,0.300302160168614,0.0,0.2792193673450062,0.35005904389790393,0.29983811925141785,0.3022327716889435,0.2604829625628433,0.3147108104710976,0.25756730382940796,0.3168458114128589,0.32980799694792384,0.3817927864379366,0.3245404580251967,0.34656536349049827,0.38331665231070683,0.28487349467703527,0.33903730047604363,0.35791653787576405,0.34351346782413805,0.3503298598612159,0.31273257736719573,0.29407367679572854,0.2838524451378691,0.336719305496749,0.29603599507131595,0.24047678922749272,0.3082779937420727,0.3465741111158303,0.2952988883052582,0.32727509224022683,0.29329631188030747,0.41591213480470124,0.3379349154788972,0.33651769019958905,0.34969096675032935,0.2992114185647,0.34595216322252315,0.33293967409259306,0.35783255872308867,0.34048836729800575,0.3310984378641422,0.3089616265338418,0.31395852581995487,0.3307605208355469,0.28629300206348135,0.36518828267167447,0.3672712156232161,0.3456528028345455,0.2958958021503423,0.3067266965846395,0.2923284815991489,0.2667902855375242,0.26400131254365095,0.3002263484654372,0.396714499946159,0.31505829833627774,0.34039643686155974,0.2595468823878483,0.27064283088688385,0.3042106336581889,0.2991731113544498,0.30018897862447774,0.24651046201102747,0.28960368510403367,0.31001194492817596,0.3012263494534644,0.3881777059482342,0.32717944649784136,0.3120052129306862,0.2705436466607619,0.3527745217719898,0.31974950106600214,0.26962384122427596,0.28983772906191346,0.4360651254591154,0.272885243625741,0.22891180141024262,0.28863134906717847,0.3614980809257663,0.31286126520051083,0.2744345764345712,0.2852092565750705,0.3284992774757604,0.3231343429484371,0.3164159678219309,0.3081633964862804,0.2390906723814869,0.4371176399766621,0.3779117657579474,0.35183593742453706,0.24510507064576653,0.30168972529741184,0.2583591750640942,0.2458142123778174,0.29377287727759394,0.3005964167186417,0.3090658546367236,0.2882627882657887,0.2655687893778421,0.278146987962112,0.25195233428124475,0.31901254985977817,0.31331464129353964,0.276335308938442,0.32504202373826313,0.38100945490210997,0.2670837094879192,0.3040656380171245,0.3111825635594468,0.2808650085052439,0.34556562317494494,0.2856665495981626,0.31087034734303665,0.3100760966427911,0.2758146750013423,0.2431158033343169,0.3315931480853922,0.36388172697716603,0.2896002948996315,0.2741703791559376,0.36353640884326244,0.2795354311021434,0.264825938801034,0.27894457452697163,0.30343625768644,0.26032332971075917,0.33316120611607347,0.2862193368592936,0.3155083113921175,0.23751674386734314,0.31676933035596844,0.2751742190256109,0.28358030684327495,0.2608815440707451,0.4059740074808262,0.32678869151947604,0.3803027652405176,0.257285973568275,0.32423567932082836,0.3804984354128973,0.32317399490559506,0.32495233839406873,0.3161379544160046,0.3600538886277414,0.3146680089589391,0.2788179780857729,0.24299036651811107,0.2994137728435261,0.30048594219834385,0.35609601625051546,0.2676528920588627,0.32572282400198876,0.32585290960094343,0.26696973164877286,0.31724727752470283,0.27318121822133407,0.2557185481634578,0.28355067258178834,0.30808356700709294,0.28070525180145195,0.3751686222202684
0.3161559857544996,0.442207183020892,0.3517206025532978,0.29527778871650734,0.2792193673450062,0.0,0.3031591873680237,0.4010219652403704,0.26378473536885116,0.3496719388347002,0.3470794659196552,0.33959605345508015,0.4019635003410009,0.2632172344430282,0.33904892583767005,0.36593867059072166,0.30751935231508465,0.2652932433889678,0.34766197165318496,0.31234339303994724,0.3490971168274659,0.39859450184225703,0.2628668049621964,0.315993363714735,0.44760663826327535,0.24997529888617237,0.263462165611244,0.28063415294652544,0.27960860409485966,0.24580687106848662,0.3490558769235338,0.37497269131058514,0.33545563402876344,0.27865634903074393,0.29523795365649685,0.2942918612859813,0.36778874618236856,0.26957728080771154,0.2802463591737653,0.28581834189650845,0.2917492039875309,0.334670633257792,0.2729178207395213,0.3245552121813318,0.340675694890767,0.2698156629434177,0.2703951609416782,0.31480068230769853,0.27990078791239953,0.2601773872424647,0.27919649036542865,0.30828155267352597,0.24600706514391307,0.36376148142275083,0.2715287421331623,0.3158210527826459,0.26569942204446034,0.4046349716868775,0.26869676154011746,0.2653604304449066,0.3935773131503568,0.2392695430288017,0.2921395418815745,0.23042371118155586,0.23395809490593658,0.24879325027915813,0.297394431603958,0.3426542020865859,0.25697654964671407,0.3701557873588592,0.29380938393332895,0.23501940127058943,0.2559888448996854,0.3274474796615321,0.35078443326084785,0.25865884235188374,0.2769138118914926,0.33700322181953174,0.24353954533013994,0.25740176119628005,0.33938550018918706,0.28731390080103353,0.33495578748058724,0.32097903839395964,0.25262653660083223,0.34116132156562207,0.35479960893034995,0.243377999458843,0.3166968394019953,0.2633764701996781,0.27128048142833366,0.32642842590118126,0.2921902494075762,0.24184332830820085,0.2504527310492634,0.39469412167560297,0.2569070286182046,0.3629984688546863,0.22068355819314978,0.3019794508490667,0.2621945821460741,0.28111309118320404,0.23467057137490893,0.3026066610022729,0.26288587777951367,0.31447409339777554,0.28504029125363395,0.3873023870821609,0.2801069024097118,0.3890826744311182,0.3222476729426952,0.22826575243318875,0.3313003807378656,0.28080442077408574,0.25505380875730826,0.31372407727382334,0.3125658046884935,0.2494733427923656,0.36293858697768594,0.2763888133802746,0.24135891094831993,0.27073980190872515,0.2825684110982522,0.33397202293897166,0.2528717471147375,0.3450399099031815,0.2531895199463504,0.31472921738496545,0.32395924309249013,0.25586337652305735,0.2953153052952648,0.34149786649519104,0.25604151877388004,0.27542023578240094,0.327142873411563,0.24145936137245602,0.29837671611947275,0.261969410780112,0.32429068605942335,0.2807725634291025,0.3191023006989148,0.33327714905301536,0.2965702056197843,0.2668002469945774,0.3189893404905831,0.2853645913035364,0.31938408375695765,0.3404748568648158,0.3652646173737244,0.25168028874484866,0.27014183777591955,0.3058316327857927,0.25420943173515126,0.2823278180583484,0.42000608060339656,0.346979439904598,0.3134514707936921,0.40602663924197785,0.2627359427145027,0.24798871205598624,0.29307802010126105,0.30059153109261105,0.24439833480787454,0.28709674704416116
0.3199708113775635,0.32216091447049094,0.2469617819109972,0.33951604039424493,0.35005904389790393,0.3031591873680237,0.0,0.29890185371244976,0.26820202988147956,0.2728743580361113,0.2795728710605809,0.3412283919103097,0.31791738084536103,0.2876659415253437,0.4457351739037033,0.2703702299948504,0.28496690755338316,0.3124462897158001,0.33615218389665247,0.2868852601618285,0.3165550653194661,0.30674988742414777,0.41988620608977384,0.3765597731136509,0.341877459961805,0.2802761204438001,0.3347845315271275,0.2905889368705954,0.24341123263613393,0.30140598981400996,0.3775499281421622,0.3126586045089694,0.3876146257591466,0.3842454379128685,0.3140338179227015,0.28475856587545256,0.38662482574852314,0.28052313706647397,0.30032643945535087,0.36859991154683847,0.33499178398791674,0.31518120688734186,0.3191281368525574,0.3267320407885485,0.3656218937466652,0.3297910814835674,0.3449133459720336,0.2594984740342229,0.4326696558464576,0.2843535208156158,0.3642574950428629,0.294492847355345,0.2730238731219445,0.32597832764279966,0.3016885072809676,0.28876363615628536,0.29594126365575246,0.31740728840995475,0.32250297522753024,0.32376621700159763,0.2613279464063936,0.2544641364002907,0.2646684539511472,0.2483740364631859,0.2727665883493936,0.24599126873675445,0.3131571242238148,0.35963349152990765,0.25163051135476705,0.3172469774053664,0.31735945337161503,0.27862461231643354,0.23281487023774006,0.34995986068548396,0.25181656002177094,0.32044073266165957,0.3528397646008864,0.41980415838609736,0.2664666101340552,0.2416531956075107,0.27774478766731014,0.3367565436898017,0.3306728315451565,0.24041350593474717,0.2610776356054625,0.32879806299915487,0.2957311158754315,0.31592450476916817,0.3588152942661908,0.2663580441222792,0.31574895316611445,0.48142246532981725,0.3059233908663726,0.2828662739044371,0.2746532123289081,0.3239944076590499,0.24614255062201773,0.3692791848442766,0.2622428006320584,0.34690480878130536,0.3032067756949417,0.2872332433911831,0.2950300067319766,0.28804031797442337,0.27285698341472775,0.3223222293220034,0.2655144023753279,0.2961831695064716,0.37561991102976683,0.3048639370365136,0.4040595408305692,0.2678628093754189,0.2718661775786531,0.27365690872528786,0.2722255663606698,0.2930925753597238,0.3228385380711854,0.27258002603138726,0.24489733773022013,0.27234395938487704,0.2734179437762397,0.2756407349269852,0.2556193814057947,0.42021012068874597,0.24017396714456943,0.30948343387815375,0.25011883949527886,0.35352384164228284,0.25508467858437456,0.3165635572707175,0.2545030053574131,0.2553473010087388,0.24012747776141946,0.2734215218485363,0.24823190507441123,0.25944985929908737,0.2905832094306313,0.35406762333285585,0.2936572701712817,0.36377365777993276,0.2921937533318828,0.27297590224033447,0.37304043217146865,0.26791343545064844,0.3097823364604889,0.37797982766685395,0.3430466925925241,0.3263111666479349,0.2740037061783526,0.20103753954561882,0.3108131169615099,0.31924139605295926,0.2908488886532603,0.28273744368548076,0.3702850055026036,0.3576534215798731,0.32542768159135826,0.3731822451934704,0.31544162082002564,0.28560977167464013,0.28482194220187185,0.29379493636852294,0.27389517970277755,0.2978847747239315
0.3194829949290089,0.4533956481359614,0.3528067661445535,0.30261864066729194,0.29983811925141785,0.4010219652403704,0.29890185371244976,0.0,0.3215688866243518,0.3713856079350362,0.3009051345668702,0.35022854619851934,0.38992177245591936,0.28319779882940055,0.35587161653078037,0.3739019909871573,0.34677394621157764,0.3161821409822043,0.3380365341091442,0.32370088065027686,0.408472206796599,0.3582961320751547,0.3183454791387892,0.34970579631299215,0.4146447556064257,0.276163700779688,0.3490485693714777,0.30226537855270114,0.24288081966682087,0.2991580932142705,0.43050723926783946,0.3747710711200228,0.3315070441845745,0.3118666541776133,0.3041582962005936,0.33492194343916776,0.37143755196320577,0.33801506018086797,0.29548445720822303,0.341143335423991,0.31186161018828124,0.3832854268058909,0.32477808612374703,0.2873941485105346,0.45505890651570163,0.32516729282587753,0.34491946295959963,0.2752692301992708,0.33658665865500864,0.299553551661847,0.3048668490588,0.2944063899888095,0.270677937681676,0.3142475922185488,0.2754271816795489,0.3389227905126588,0.3014722605439158,0.42238221025532446,0.32456989179216644,0.31872440302550853,0.3827068996583318,0.25811615880464833,0.3097638903112237,0.27726252740847745,0.256690222297268,0.26886547407563277,0.3006856286740015,0.3391612040067466,0.31816229210370606,0.4703844175854313,0.30208563391824295,0.2803715989077852,0.2628801567355369,0.387865889241327,0.40660764341284467,0.2711464277204942,0.3131928201472113,0.37610798933344763,0.3062640659455993,0.22738191799609347,0.3126561027640775,0.3196809914528504,0.4021316740739765,0.3462530775352735,0.30077122859423255,0.45414678933557734,0.3850656028548136,0.2810299721041595,0.3944750934014774,0.2991908624791217,0.28630062210037244,0.3280619121448798,0.30536381211919034,0.251255475097357,0.2859788553381168,0.34205357239030326,0.29042535001737724,0.3883009930964504,0.2449265768574518,0.3540222348624634,0.26946194230035203,0.3469705413920525,0.2505916814239926,0.3089790071107261,0.31570213883272863,0.376740596081373,0.32292498774285333,0.4589962836364539,0.3343987673214584,0.3745819345905184,0.30180472093081706,0.2707510701576409,0.300519324325476,0.3215976703710673,0.2965644487668068,0.3805958550751626,0.34103449530818847,0.26560895645615423,0.2773881644803914,0.29642302945504934,0.27295569149925836,0.3133780301088727,0.27971988748871984,0.3427462372897422,0.24226193975226717,0.3033128319470244,0.2696539386585096,0.4459248410599592,0.32184822586486767,0.3036720372389894,0.3792021685071251,0.3482673472953557,0.2643249713430976,0.27470432519085175,0.3072230416578408,0.23653941163434647,0.33609131789244184,0.3075623207015869,0.3706881967363925,0.34149738267118734,0.2918105872916865,0.3316077008723978,0.3477819353725256,0.3008542171740567,0.3450562758112443,0.3319247346494468,0.4018869314766825,0.3689134945902435,0.39164792179980584,0.2632646647373758,0.29231334365961553,0.32707924317167114,0.3008631936321532,0.3335946374425845,0.45268278777880294,0.36516381617504756,0.30197607544151456,0.42851252808881857,0.23510429405768585,0.2581064613162071,0.32474734011963763,0.29504501443087994,0.28178042816424204,0.2880085973732882
0.37876585753123304,0.2997348739669861,0.25549355805417917,0.24568289297715573,0.3022327716889435,0.26378473536885116,0.26820202988147956,0.3215688866243518,0.0,0.24138284648594985,0.24320797436123992,0.2514832726962889,0.28348631613968145,0.32158942788864847,0.2909967438190087,0.26663076462055296,0.2740843735207706,0.3649119138539927,0.23590204608103293,0.3029614989223567,0.2743342811362075,0.34522705940076537,0.2635804029718035,0.2803276904640909,0.2684659209540981,0.2647690101271313,0.3075162752715451,0.2562016422011573,0.19858131847393992,0.3469829389035872,0.3247543043053382,0.2600640975669919,0.260767565270398,0.2429151757416519,0.30289702705610955,0.24357957409849865,0.2863363981766109,0.32596636965642384,0.2380064861235885,0.2900670382128055,0.24223509615604458,0.41385971213484946,0.26253141266195457,0.24158753075988418,0.3007298126878884,0.2889131348621119,0.3097618951297782,0.21500938032836697,0.2726007547287417,0.28333965093920577,0.2669771255257548,0.28246147302847385,0.2856994142108371,0.23406886119039907,0.2091090030993734,0.38698466218691235,0.300753372584806,0.2791674893881145,0.2599692546297746,0.2731737387264679,0.23944297812729268,0.2738012472830847,0.26796024552239045,0.2443628385826855,0.2969860137184297,0.2637628219635421,0.3009163203495797,0.34697217626090743,0.26055884698799964,0.33090483973286294,0.36455735985573334,0.29233739930814906,0.29596255816027756,0.2810845123346219,0.3008933571305368,0.2770825230306422,0.2367435051048471,0.2662142683228071,0.28517889624477333,0.23398336602091263,0.25019104062987707,0.3858775705676349,0.3932667618380269,0.25791192371245336,0.28812318161572886,0.382417176274109,0.28367120491796494,0.2936571130132725,0.30143199952627825,0.412584767089029,0.3278477417148588,0.3257185192412486,0.24362584980047008,0.26227095911725024,0.32819044973346884,0.2799187061809837,0.25547953199819107,0.27865866851905374,0.31029555728874153,0.297083157810518,0.26356918198226026,0.2224568991307659,0.2486576206420334,0.22363578233894524,0.31698231167396557,0.3079277580976839,0.22274720222420194,0.3030929359686531,0.27130714933557915,0.255645985175862,0.22870304248179754,0.30286157761600835,0.2789512974683085,0.31229398433265343,0.28028737394290576,0.3838829860571482,0.27222553368638747,0.22384230899360164,0.19786289245035565,0.33223808760298107,0.31203636391541517,0.27369404282665577,0.28180311832114663,0.30326944693202657,0.3231968299059658,0.22024080485644237,0.2790477696585453,0.2954355525233686,0.2161259948751769,0.29053195706007373,0.4260464983367225,0.28977629856708653,0.2664969363609572,0.3565087413011732,0.2423109220067989,0.2508302582590305,0.30844741610660104,0.2899657140217613,0.2761096044323793,0.29359465293220427,0.2346777853852671,0.2734206019724898,0.3416461986804092,0.27451766360247604,0.27096114786234293,0.3315150066470988,0.4157268052120814,0.2573019108788902,0.26792062121080673,0.21709592501611327,0.3052017426615546,0.24904622896066614,0.27297014391670343,0.27461659674712896,0.2665136948485104,0.33540056761808584,0.2694518232623837,0.3044383201976746,0.258783753074322,0.2558444790032835,0.2408826628764944,0.3155259267707666,0.2885405897616763,0.3520871632603937
0.2677683008243516,0.4514261792397436,0.4333873361546617,0.25414114835983953,0.2604829625628433,0.3496719388347002,0.2728743580361113,0.3713856079350362,0.24138284648594985,0.0,0.275237651123274,0.34540305924450737,0.3132554526608478,0.24715223720414575,0.28916824237543237,0.31665632989590536,0.2856809345750124,0.2685483186116182,0.2822562636372344,0.2600470633099253,0.28894284054980673,0.330583214329861,0.28396615881950277,0.2865161638571525,0.3968986125567512,0.22674014302176423,0.2751023063033113,0.25934542444058006,0.36454608594983284,0.23850553862686152,0.3286962179275806,0.3276364101315489,0.252836931733357,0.26552245463579904,0.261620999056332,0.2690799766543628,0.30105969413396416,0.24395695226805494,0.25781786489516967,0.2845249020051391,0.23855153504005053,0.30767669016493787,0.2497387334834532,0.24307316181816296,0.32449007585060546,0.2562827899862184,0.26699261775886435,0.2722953041164323,0.2927536444034646,0.2280414606041331,0.25431502564911657,0.2400324179621673,0.22505442973423767,0.29773968198268375,0.3026772600386937,0.27909486517051557,0.239857627991087,0.298868980747287,0.27594292222601124,0.25571932606171466,0.2949557204257347,0.21026093839095744,0.23399629891704474,0.2243402310787373,0.2125926129008354,0.2195770465957229,0.2487841370487596,0.2742547026741171,0.24500464207511144,0.3255646720815166,0.2411016690463171,0.23842441258054914,0.21356310540532436,0.30252534763354977,0.28650847975643173,0.24075018257057973,0.252697221662367,0.3312591827784322,0.219223688916975,0.21122909341420898,0.26174252832196554,0.24743800913692626,0.3174077170921553,0.2579657934089765,0.23145067715123663,0.30784159628206353,0.27087432816066026,0.23722516857213433,0.30412371703266844,0.23145273610643957,0.2364799935510906,0.26754794542252003,0.2743376576287193,0.21283540006057372,0.234925108589218,0.34197623521742054,0.21357807148107047,0.3034848582840011,0.2098225172037879,0.294797249064379,0.23624842103260238,0.26483121091362055,0.20533176482560572,0.3301746022755049,0.23312819532325887,0.27045962636656434,0.25283002295573515,0.37198667918682476,0.27164631195914324,0.3332027337595714,0.2613243509845812,0.2143780568370182,0.2526512100231374,0.2568695433974865,0.23390261376607033,0.30344684763744856,0.2865548085865076,0.3177385520374626,0.27294771790117184,0.25039580172726017,0.21968225232938482,0.22815168281568546,0.22786958875179036,0.2945285358641014,0.2057970903854845,0.369533371318918,0.22599764517735982,0.3134575763136585,0.34359787499411665,0.24429389608199795,0.29075649308110135,0.2642756637374245,0.21862214470113764,0.22553366812904072,0.25693092995175854,0.20382715371585935,0.271925766420313,0.2573941211967384,0.3117662223035453,0.26160504980083715,0.24073686268001857,0.28897700870113424,0.2872170770652719,0.2350066410101846,0.2686073784084663,0.2637507267578431,0.27053289965009986,0.307969652520755,0.45602655600543945,0.2336088796085018,0.23109024437490933,0.2791392996699031,0.23852932227873222,0.29302994725148995,0.31439331479202565,0.2766874474168168,0.24693080207807017,0.3471655704246336,0.22048726503378374,0.2366459461466767,0.28622361395556495,0.256858803400282,0.22608877908335942,0.24194715398633693
0.33220161628448347,0.3443664719145385,0.30649877067394965,0.3049815661429225,0.3147108104710976,0.3470794659196552,0.2795728710605809,0.3009051345668702,0.24320797436123992,0.275237651123274,0.0,0.3131593783838697,0.3562775179720125,0.3180477465802935,0.29080057098398887,0.42802152637282775,0.3925435227076678,0.3316322278371039,0.38409712420557734,0.3285694021886453,0.3735913539637036,0.38060241912580256,0.27826673129286167,0.32229822910398576,0.38783222836049586,0.29020044425102776,0.298047110137333,0.3499987644938595,0.33820635265665533,0.2662158239544499,0.3051636885736059,0.4009229582184222,0.29685305627513264,0.2799923719854369,0.3493786255640094,0.35892626920200577,0.3605555842527687,0.3422512323417925,0.37006326553061936,0.3223313633555954,0.30942618211727263,0.2942488753065908,0.3275940939828799,0.3553525280016428,0.3098869572428147,0.26683018868285296,0.23052352228152917,0.41922092123079285,0.3543903313869667,0.29378444829081096,0.34195384578470395,0.2835206275202629,0.2690114570425322,0.40772206893081375,0.381398414907768,0.2327528928712388,0.33476822644698395,0.38868017793611376,0.33245079327265853,0.32288673262064993,0.39515538062952116,0.23122789307423935,0.3140482717407286,0.28617556081156564,0.2435954519478785,0.26428166442708123,0.2995205085444425,0.27744825384586896,0.34029745570600506,0.36114882420995154,0.28674464227931834,0.2742936909938678,0.29842820351425026,0.36447030599064717,0.3942501416019408,0.29773937356877833,0.33895227796349386,0.33596618701198944,0.2670302018483517,0.2567399296673718,0.31016648216829756,0.2659912337329158,0.275214872787359,0.33718085657041946,0.26661032547097596,0.2863162160951864,0.3445675821351835,0.2880213678183992,0.28654286130256496,0.22398800709665884,0.3476855153427112,0.2518700866228698,0.413011883483933,0.3020170518459174,0.2725364849085847,0.29361221193635073,0.2632029859270613,0.2554621033857486,0.2412084139504845,0.27969701977817973,0.3268754561366125,0.3396415821704693,0.24282600210007246,0.2477952706814524,0.2996288692880998,0.25206093275216146,0.28593466241503646,0.3169775931759674,0.29006174212895075,0.33809716760591735,0.3997571013249356,0.26426128555307593,0.30885559321411304,0.3204071954081243,0.290764132887302,0.2787802291443531,0.3237649808389109,0.3218697655173967,0.33396450353921964,0.2852917479646905,0.28804189435835564,0.25396610032082356,0.2980100729367743,0.3331983457118045,0.2627333166747658,0.3547869590216271,0.2351649492690553,0.29953961127773004,0.33591020909639363,0.29167851531240796,0.247100529703843,0.33838375347371735,0.3009662811815109,0.3067445562223082,0.39649860879864846,0.2571839227098708,0.2794984536474533,0.3012638097991544,0.35919275894498964,0.3182365130969237,0.3203951800744921,0.37810645776432683,0.2825166494885527,0.30154975830716707,0.3998131734864642,0.24629691303458887,0.2609383089052474,0.289639432490427,0.3038146580194484,0.29171319114635214,0.35484855547255023,0.3295536098949411,0.40492029881460595,0.24354563202531976,0.3145609327467835,0.31059148496325956,0.30250172666027386,0.2894274445248835,0.2997071291807847,0.2763479051944331,0.2870525095954856,0.3431656529904681,0.24006934290428034,0.3659121281373351
0.26391409542490063,0.4012821810324691,0.31452316258508195,0.26727602906639225,0.25756730382940796,0.33959605345508015,0.3412283919103097,0.35022854619851934,0.2514832726962889,0.34540305924450737,0.3131593783838697,0.0,0.2708221237201556,0.21010029285041873,0.322603694530551,0.30252394092785034,0.26445438811983524,0.2503153882434446,0.38399425859348285,0.2596692900429012,0.31511995894945294,0.31941056399927625,0.2916998418688497,0.33485249220589264,0.407991997642623,0.228926639720219,0.2793595652898733,0.24221755457254265,0.2789563770508253,0.28995295207544186,0.35014365964036753,0.31133082944173657,0.29920572125922906,0.2903490554656837,0.2503660429860615,0.2849371582925524,0.3118602829166969,0.25104699415652065,0.3320383316642504,0.28101458583451083,0.2887291434429054,0.2863529107524356,0.27768473468490995,0.27766071709506496,0.3230873001734354,0.27159709065355325,0.303526761320818,0.29363624471722477,0.29991539058346844,0.23885617366589867,0.2861467397455775,0.26114388784858794,0.2193312914697156,0.33814032436843516,0.3538126859233929,0.2564969812325528,0.2670484550912159,0.35676222817190406,0.25077923777430405,0.26882684005563967,0.25825323356957297,0.20427987909569714,0.24466755752435917,0.22417302749173088,0.21404074062346098,0.218940550046275,0.2310957113374654,0.26318918068040104,0.23358553248210248,0.2866830790406059,0.2414272276511389,0.21983647915943297,0.19874469323920277,0.2801929613552098,0.26155186033116634,0.24138197795005525,0.25922279775858537,0.3301613956143685,0.23687644126240895,0.19974954662627284,0.2366632488214892,0.2615451714526767,0.32422964900304807,0.228409406460579,0.23124128060520788,0.3034669923956981,0.25271922636732225,0.23678741592430413,0.30576164964278063,0.2482830658708054,0.2533461517239748,0.2993538426250286,0.29308465313883253,0.23579875098172065,0.21484970084743332,0.4191501235264326,0.22257034587111993,0.3159688818618352,0.20053951025293973,0.2648609178796335,0.23405465756178354,0.28075166230564963,0.23723551717487204,0.38582639361876375,0.23495630121697283,0.27272869209689427,0.2539947236991258,0.3036643884459996,0.27373451092289675,0.3633593661399841,0.35187914999496667,0.22733973591440945,0.22148007031813385,0.2382659857597894,0.23978233711772443,0.2813042456766874,0.27513072385602283,0.3192602336062542,0.26531541362416083,0.22126562755243478,0.22190906862024595,0.2330804765786991,0.22233269624964228,0.31063349829463616,0.19253718760602725,0.41125906685981356,0.20138541293542186,0.3791085140074581,0.3312337085412281,0.23804697514692008,0.257455922488031,0.24207239129349808,0.20839549668100296,0.23015617490808368,0.27953364610376463,0.19915293282665006,0.3237306423293747,0.26256021402041074,0.30134968101745907,0.30082697172359196,0.25102941208426893,0.2549683759213619,0.2740383682736135,0.2378175713246121,0.27975923512875167,0.29675556325607355,0.3346122441602241,0.28207658309801464,0.3732704139561866,0.2261186608816411,0.26722052165440063,0.28298424688381374,0.27329372429252036,0.3056511678860841,0.39264887931489934,0.2730060240764719,0.2601932944976076,0.3536455390696467,0.2259336072431528,0.2165129277447041,0.22835912146020518,0.24192963740589887,0.21642363602381864,0.25115173630321835
