0,1,2,3,4,5,6,7,8,9,10,11,12,13,14,15,16,17,18,19,20,21,22,23,24,25,26,27,28,29,30,31,32,33,34,35,36,37,38,39,40,41,42,43,44,45,46,47,48,49,50,51,52,53,54,55,56,57,58,59,60,61,62,63,64,65,66,67,68,69,70,71,72,73,74,75,76,77,78,79,80,81,82,83,84,85,86,87,88,89,90,91,92,93,94,95,96,97,98,99,100,101,102,103,104,105,106,107,108,109,110,111,112,113,114,115,116,117,118,119,120,121,122,123,124,125,126,127,128,129,130,131,132,133,134,135,136,137,138,139,140,141,142,143,144,145,146,147,148,149,150,151,152,153,154,155,156,157,158,159,160,161,162,163
0.0,0.8844628143532763,0.8348784849686884,0.7647464406888638,0.829525255967634,0.8635959829638633,0.8241526322360835,0.8898341571106867,0.8559131024322717,0.8377797434813047,0.8563906332939809,0.8371441607104241,0.9204032518907327,0.8046537128712341,0.8522897370384811,0.9013616734468506,0.8852526884004259,0.9358980793943527,0.8528336179609302,0.9479126966159429,0.8772921007178542,0.8590354304055473,0.8268484038707908,0.8684617282066585,0.9210200105051669,0.7667293783424859,0.7696600642254816,0.8735742106037185,0.7743309658383055,0.834092197674885,0.9000081960540749,0.9016970044172712,0.7883055525063015,0.8193510278307194,0.9294146973942358,0.777566914865971,0.9150556071179097,0.8722115123705685,0.7767895345723286,0.8201735882945279,0.7874419449230294,0.8425465359002715,0.885448724603253,0.8586296395427434,0.8912153866700385,0.8874171651519168,0.860223566286094,0.8510600598528972,0.8948462001638822,0.8588830575523766,0.8769130897518043,0.8746608261814478,0.7779609275876803,0.7984088460541882,0.7836250199601063,0.8203249959989879,0.9125567886676106,0.859963128306703,0.8593401343200806,0.8629476811126376,0.8375788733446986,0.7093180099006059,0.841567675334355,0.7460173022823698,0.8202365287668266,0.8364028775199436,0.8136302092478521,0.872067879337623,0.8290533122493061,0.9379765914855572,0.9266897558325192,0.8336240421179599,0.8034743960473278,0.8825379376113603,0.8785016096495601,0.8756041070975251,0.7883145336001807,0.7996948865425417,0.825313385171322,0.763060685700892,0.8084298388751058,0.8625964734052015,0.8589202399908014,0.8255083528012006,0.8252042854437751,0.9029066565393361,0.8915716077526178,0.8556494122005622,0.8963301599721708,0.7849455733272169,0.8793950676865854,0.8365773867843629,0.8424135765307047,0.8678928203409723,0.826686022364554,0.8229653137247464,0.7180998087686375,0.8333533285249415,0.7015874927208408,0.8777212739154914,0.775338719273923,0.8351713679099501,0.7400036194656365,0.8073404968733596,0.8637281653540774,0.8787319249430902,0.7926475005413819,0.8661164597245399,0.8436841035939844,0.8901030980531458,0.8324881117453626,0.7907875914285507,0.8604815099410756,0.7956026265350148,0.8439867894258246,0.8939465301150643,0.9022662906014992,0.8560337859902446,0.7814657597296819,0.774093710108577,0.8455729026926159,0.7829020237466557,0.8595236555112271,0.9161025875777365,0.8119409981779522,0.844221991391286,0.7378713706197504,0.8233507752832756,0.8094973251537634,0.8047293050454348,0.8237989998676187,0.8311387133108319,0.8090990494013021,0.8019075522531681,0.840720033449454,0.7926422201934127,0.9103523157577996,0.8251823907162381,0.810687645246859,0.889769391521636,0.7834337299431325,0.8295988499864827,0.8825218597711165,0.7137458458337436,0.8539393010920924,0.8439221350101112,0.8390319274850017,0.7887408444339762,0.8930606044750429,0.6437899641746461,0.9155711413433824,0.815259975572885,0.8328014603117303,0.7848849437730558,0.8662073134790073,0.914235823758338,0.8743285239535794,0.8626865756626874,0.7789481551963457,0.7898023027974133,0.7581968621087669,0.9278619256449729,0.9002894299846369,0.9144080331002841
0.8844628143532763,0.0,0.9265808407326965,0.8396592961087204,0.8249726163561771,0.8897182322989482,0.8692327673086585,0.9568487506999006,0.8477692556494647,0.9167560999109807,0.8507785618738783,0.8801850468553428,0.9190305427561983,0.8233499736298056,0.9134551924539908,0.8680242810706219,0.8420165443108212,0.8607460344379095,0.8014935949083674,0.8473054933385658,0.8627149095568349,0.9466669461882596,0.8018221594283332,0.9133711328263389,0.8762250371277983,0.7591780514872893,0.8216383023252306,0.8188392465214951,0.856946234519765,0.7916315006740725,0.8978511601270713,0.8314699146930866,0.8992435558438641,0.7659702824309139,0.8537620142406392,0.8072263423738012,0.8839130948888154,0.8223137508413055,0.8429961306964308,0.8704958861256757,0.8533641210078681,0.8392669131969047,0.7619300958035433,0.8219210937902405,0.913888307095771,0.86468290638561,0.8298380096808099,0.8070365132713639,0.8379220179481045,0.8014877454448066,0.8434920309298343,0.8340250112848591,0.7709353536771225,0.8775481714619068,0.801265835173839,0.8540642560794686,0.8240401587233199,0.8556092158448135,0.8277247480304402,0.8729432779821759,0.8956246469044012,0.6846153749132909,0.7602346089656975,0.7064695935297338,0.7434014398091685,0.7519543882660947,0.8747582035945428,0.8670540694685106,0.7603790998700781,0.9106452005475884,0.8991047022732434,0.7668476105399938,0.7166839203426079,0.9003641918216508,0.8652007432148044,0.7738919636295469,0.8117977654394614,0.8660432169407593,0.7611297145143548,0.6907555504361266,0.7750854436521086,0.8676847345117141,0.9234551212560848,0.7999036814879495,0.7162223472511356,0.9299549425057311,0.8074125377954096,0.7567099009981846,0.8553228388536136,0.880581347766114,0.8240541946943349,0.8612167200217553,0.8243578284897809,0.7881721765498878,0.818571595915085,0.8969171136764382,0.735957915510814,0.8154278088484858,0.6461904379938781,0.8983437825322633,0.7785125486285245,0.8059997652634137,0.6635396030232819,0.8220603736129719,0.7742342501754987,0.8518561406373784,0.7752766800929765,0.83917210523074,0.8775086977742097,0.9174871208305969,0.8138784331589184,0.7033285153127257,0.8158916049925784,0.7882647934778707,0.7884831958860824,0.9232927653816461,0.7945447308113023,0.7852473139374889,0.7667548179607045,0.7836302277131951,0.8069807340668657,0.8117419622356363,0.751649242636584,0.931291612078123,0.7181358909300937,0.9133505451470328,0.7400162780177535,0.923063027055783,0.8225583860317823,0.8181841487687973,0.8342031139816181,0.820552233700237,0.7719111730442387,0.81417426276792,0.8446878964040357,0.7344450054640993,0.8538544412311341,0.8393947750140432,0.8274942348198691,0.8647454821121978,0.8068961696394361,0.7937915440950949,0.926550430677907,0.7317267732341186,0.8422255076088536,0.7587476747106291,0.9051123320033779,0.8653733885302998,0.8595658568325832,0.6334799516639001,0.8169437251448584,0.7830786983807241,0.8307193686405325,0.8913905144915568,0.8817283772429136,0.9301911650369219,0.8872296817072415,0.924618274632677,0.8049420709934016,0.7087752779698052,0.7737237615682846,0.7963083211573235,0.9292876019233027,0.863451078994291
0.8348784849686884,0.9265808407326965,0.0,0.8091597207936932,0.820288177214121,0.8530604915459398,0.7960902647083758,0.9227471114888162,0.7791718860338659,0.9089859009683059,0.8433131195203645,0.8308331903963833,0.8971330227768797,0.7928755413705183,0.8318884276226876,0.8853414898217156,0.8729229825672372,0.8483019900528066,0.7643060629689022,0.826179543676663,0.8830314314387309,0.9362836929168896,0.7771433473133567,0.8681230566665191,0.8496537891680591,0.7766369189446912,0.7969946439635821,0.8108385254796006,0.8296644339445493,0.7482917527518357,0.7886172544954341,0.802653176217285,0.8326349579329865,0.7367662819415841,0.8006277283012684,0.7993572212200291,0.8279111999375528,0.8209557272356844,0.7604335020250652,0.8491868894576681,0.8288432724728176,0.8431312371977026,0.7658394942189772,0.7762015437713765,0.8821909884537957,0.8283308583898978,0.8221005789572849,0.7948206485172331,0.7959048577913928,0.7985087519776639,0.8065177833305092,0.8414866421305798,0.7301831276565846,0.8467748714656516,0.7636322329700158,0.8000390404918984,0.7917632511526446,0.8594488239919456,0.8264043227304855,0.8191827903400783,0.8561108125340268,0.6580661887027701,0.7820816712051318,0.73409275100399,0.7125079120411746,0.7392296185932986,0.8235705256271267,0.8340026270728035,0.8269177357604048,0.8911274757218403,0.8507505738667854,0.7221400170462667,0.7422102686275706,0.8984733865351447,0.8757566843707311,0.6957377070844784,0.7849067003135672,0.8244481592743279,0.750167812215128,0.6344286655668614,0.7748227783011132,0.8109763415015252,0.8446810259082871,0.8037122966482536,0.725897522341326,0.9037976755165025,0.7727941367568598,0.7209879799763061,0.7940202578408774,0.7928630816539275,0.8298376104198532,0.7696491627423663,0.7831923365395049,0.7255946947472356,0.8015237000037083,0.8286946971825555,0.7065966933677214,0.8131981699161948,0.6179362302133375,0.8500789279856389,0.6902960885165037,0.7970830053734391,0.6687188020751259,0.8191880484149512,0.7569694581402432,0.8585601549861703,0.7916248470417081,0.8634328644817673,0.8452367926438119,0.8828125589380708,0.7785910649470775,0.7107608225128004,0.7974848141751697,0.7780095420965202,0.7621011879362379,0.8966142284533589,0.7615274499714543,0.7653610989119787,0.8276229367210631,0.7572682837111174,0.7757713853678512,0.7745829987325681,0.7549404426434642,0.835870910743028,0.6604927857074753,0.8460513775309152,0.7450085220280189,0.8496272668307323,0.846824727798081,0.7949051941659895,0.8094790522075321,0.8679136710485951,0.702077762568248,0.7446006981181285,0.8215236669667445,0.6943657635561434,0.8019029936666427,0.7941205239868436,0.8442372760481262,0.7848878189118076,0.7563028168974252,0.7765596012984244,0.8508597793674119,0.7467502392060997,0.8087570679304671,0.7611078423437049,0.8467553389243077,0.8102988367494162,0.8761492432981627,0.6616560465556212,0.7461541008486781,0.7214136881710034,0.8269764528233895,0.8899678053339438,0.8681360979295026,0.8524191375502206,0.8202880223124512,0.8803057764891875,0.735906764452083,0.6674687616725178,0.7788913715172971,0.7245560375079759,0.8696513681719203,0.8182023806855725
0.7647464406888638,0.8396592961087204,0.8091597207936932,0.0,0.7855735155310692,0.7411439331003777,0.8686872255133752,0.7916334224843116,0.6572032702112226,0.7767931185014251,0.8687809416271847,0.7774732152576057,0.8147730724151322,0.8069565901511138,0.8405799976479216,0.7768388539537189,0.81848631801593,0.7936450014059007,0.7617978665487768,0.730069365573485,0.8223886672719507,0.8366135541096381,0.8009144058136635,0.8612652586494408,0.7599202291708513,0.8165028910285922,0.8069780093162865,0.8240839579347904,0.8324508929679757,0.6472609977930197,0.7348621441375928,0.7282593410027547,0.9291506055550862,0.7537747961732736,0.8030909516311006,0.8239009183000553,0.7759567802346391,0.7662686111686035,0.8029415179318331,0.9054833524098853,0.8770950356157534,0.703870348936247,0.7074295459411378,0.8251156246439785,0.8222126287130387,0.7779614700566317,0.6713954601705657,0.7790235509031949,0.8222403545849989,0.7620967425836792,0.8611540161700902,0.8154083166677399,0.7271290815461426,0.9261556044660858,0.858179356009136,0.660638883736098,0.7828776060665187,0.7791676266220235,0.833340528181552,0.8280529504431999,0.8555550346010042,0.6208737255627456,0.7443775313763951,0.6928841911690596,0.6919936951134159,0.7063955215435889,0.8599481747039772,0.71463641666139,0.7302265521185604,0.7937427492110661,0.766879983563963,0.7421209752117217,0.7465168174143838,0.8982859335469252,0.7777147174255755,0.676280552298054,0.8501534507790428,0.8254750039830632,0.7245299706465729,0.6434289501975918,0.6784113801894995,0.7821239659840677,0.7239849160527989,0.7457968491057795,0.7413401495945129,0.783250730545859,0.706497135522155,0.7281340976962497,0.7396816868905917,0.7026346819155987,0.8376250458896313,0.7535964533933455,0.8163694977839503,0.7467330079600252,0.8663901481733043,0.7492364850298343,0.6675201385731572,0.7204904231509363,0.6257736559037159,0.8596548254746974,0.756673509205683,0.7634710176838136,0.7486123395272838,0.7449072957445145,0.7431575674559084,0.7419772255676244,0.7557824274150985,0.7496254230771141,0.8284335656412974,0.7868376212256212,0.8519708616019963,0.7432629341207856,0.7859067073315312,0.742994696149633,0.7853576698922724,0.8350818906806663,0.713940574730552,0.7158926382327366,0.8344592491333457,0.7446579902514627,0.7795710813215747,0.825232366230317,0.7043478733913774,0.8314750627332218,0.6538926939866706,0.8383523600695695,0.7293931549537565,0.783081404472756,0.8204075339322804,0.7710685976078416,0.6394273025921074,0.7092522186126051,0.7445153729830621,0.7841852038090567,0.7803608350979621,0.6598854173620672,0.6829456642413793,0.8458856612178481,0.8217374739218752,0.7527349308472547,0.8179287554440421,0.6975848136982347,0.8528431458804829,0.737359110048209,0.7926609797952934,0.7031945480366295,0.724441298049352,0.7487390025459313,0.7125820478938609,0.5963087179056953,0.7908392698210682,0.7309692572794962,0.8226487497716003,0.7566258286484306,0.8074831310799082,0.7777229448137863,0.8309382118825148,0.800941866041897,0.8950917262433961,0.7547059699172215,0.7279700051256355,0.7121149378641599,0.7284811172358638,0.8325705438160702
0.829525255967634,0.8249726163561771,0.820288177214121,0.7855735155310692,0.0,0.7206793598440645,0.8690791043662816,0.7960491772492924,0.8059007245318541,0.7801745568652995,0.8527560644815824,0.8316967207128165,0.7819865586951055,0.7678659306164317,0.8636566749099419,0.813105524898214,0.7842684711145023,0.8253245483783034,0.7471129464370506,0.7816618752896909,0.8087001990628536,0.8835437256859017,0.8233867639344316,0.8383678124109564,0.8068642264033772,0.7672615766082514,0.8117670097544398,0.7530459783066319,0.7810025651336332,0.7994634799478048,0.8336895879119883,0.7503269617100956,0.7951470947564743,0.727121650105093,0.8567048048758014,0.8106866970958718,0.8190115792898153,0.8180637737529167,0.8255313033762098,0.8077502318851625,0.7892736819036346,0.8055167536884882,0.7854432626855322,0.8265745476591083,0.8116924126626883,0.7513119760276807,0.777548401982278,0.7962550329311519,0.8504662488979545,0.8038569549218575,0.8135749191638351,0.7549886561442457,0.6735296751977737,0.7904250361283682,0.7936752305909885,0.7273999971923772,0.7739870608785642,0.8571562357899009,0.787899682699938,0.7875217654398107,0.710562469028909,0.627287241529529,0.7057164267223623,0.7596189463375608,0.7084136576824974,0.648678571160591,0.7658858532784069,0.7900081059021831,0.7912093557635648,0.8369208369632737,0.8188868230124214,0.7595514551622249,0.7075654239553193,0.815178782798637,0.7418879746385199,0.6712974840241756,0.7747729744528981,0.8708714266354806,0.6927611308331149,0.6014187369545572,0.6312597221121238,0.8289571995704242,0.8096163306665533,0.6788088792868746,0.7144027835364922,0.8132221066386448,0.7362462121693976,0.7793694663307321,0.7215170641620721,0.7517537022057942,0.9302724339858276,0.8144738410823735,0.8344381341534265,0.6864108458620967,0.7998683318175611,0.8096869341934333,0.6219711177855946,0.7377941644946868,0.710223899962045,0.7542560460432712,0.7332312370547983,0.7559644575475601,0.7315213372961857,0.7798966420437199,0.7452300260586919,0.7576440141548406,0.6740929294597275,0.7720499517640933,0.781015670886106,0.7917672064476441,0.7975116445972784,0.8023860487387325,0.6999361869879839,0.7781529877560482,0.7137289477502123,0.8119983090360109,0.6900270436466944,0.830540839363292,0.7168806230848364,0.7552970592828931,0.8820794847397163,0.7678575481939619,0.7025745811658816,0.8147068903438317,0.7145479613039848,0.7896344606604732,0.6866869653554399,0.8360765487404316,0.7395022677563289,0.7752643171085475,0.7393896916547018,0.7243024276549115,0.6897079625427639,0.7928014184292582,0.7816065243274785,0.6965066685678938,0.7677559288740194,0.8427504782579376,0.805258465293252,0.8500574351740203,0.7098637468784162,0.7653703741631812,0.8321004456342841,0.7657357619916143,0.8283389374094532,0.8044906346252684,0.8576686408911213,0.6975695149016183,0.788053918984097,0.6175155886551222,0.7975058829782028,0.6964279887894926,0.841012496476591,0.8133800819464035,0.8052899116900741,0.8094085251362156,0.776290428020338,0.7901452924605936,0.7677505682028591,0.6933416742313113,0.6455645815585961,0.7418988122888339,0.8169355453247927,0.8887981359313442
0.8635959829638633,0.8897182322989482,0.8530604915459398,0.7411439331003777,0.7206793598440645,0.0,0.7461547245039467,0.8901532213859251,0.8251023158220357,0.8459608057047462,0.7769266563739913,0.8411658994600602,0.8517984647541029,0.7202108750848378,0.75341795525272,0.8323204271574445,0.8138039991997598,0.7700964861295255,0.8270053058959738,0.8168465333493286,0.846249672364462,0.8215673416340508,0.6997701239187465,0.7778211466259535,0.8636182192389577,0.6676978608884083,0.6752077350920445,0.7833908114197846,0.7474787960643303,0.7824756998002848,0.8341087446627817,0.8710828882473217,0.7621861889458736,0.7475891467774924,0.7850636323173242,0.723354762821251,0.8204042136198789,0.7457245824639387,0.7323754385692106,0.717610232218282,0.7294307623908635,0.8651816767133448,0.7311412315347353,0.7867927558182704,0.8006469012872599,0.7806738067888208,0.8021604109386906,0.7728622660859255,0.7445432163928393,0.742608292411119,0.796168037949454,0.8417835552391868,0.7450591228428769,0.7971966147762242,0.7213048536126283,0.8733944953580542,0.7950756908885989,0.862443748573237,0.7371800304796314,0.7701975447203078,0.8629092505540575,0.7070588045458825,0.7971844152544946,0.6436384076217662,0.7289366459252249,0.7675394227549501,0.7570801755966392,0.8118192442601915,0.6964029726104396,0.8638887113979367,0.8449059045898857,0.6761523482909343,0.7567590738815527,0.8163300712517254,0.876565938214856,0.782643973553338,0.7339017615265788,0.7405963055586051,0.7127430184450129,0.7654080209120528,0.8625890531319503,0.8288655677595045,0.8463678611248567,0.7770349191802334,0.7463871042470678,0.8378250458306443,0.8797027910479183,0.7118788093850927,0.8293136618754761,0.7947641829942415,0.7599493421740182,0.837161218504973,0.7403518787751616,0.789298059020738,0.7519015182966853,0.8322867432046747,0.7578825555190143,0.8414360831963935,0.6396400018169457,0.8249540190846727,0.6830363252780564,0.7821557136792813,0.6583778863315797,0.7811951212518531,0.7738813368500868,0.7948854841217686,0.7711324526344734,0.8111794574107706,0.7446655568291891,0.8718576921794495,0.8005402688740827,0.6614790011878704,0.8769377025095614,0.7492593850971933,0.7335090857305056,0.8366457322314583,0.847691698907025,0.7258538753242068,0.7915701885594713,0.7574580052770267,0.6905953080046813,0.763797962677115,0.7929274636359125,0.8572416730315883,0.728802757264891,0.8146124055926274,0.7544589572063275,0.7862253303708925,0.788028568025097,0.6756887862911732,0.8478664964079944,0.8898845091815337,0.7221553284778367,0.7880869575953168,0.7789002778134353,0.6937799807802834,0.8075908713546307,0.6837580604939397,0.6832943004944912,0.770823434706181,0.7385844276487258,0.8096071226413262,0.8506811711612255,0.7116047990748212,0.761346699328861,0.7349229852020663,0.8328134743487927,0.7848421064601848,0.8374530912225236,0.6587066574582244,0.7919253235129782,0.7788718691084686,0.7454193054754925,0.7434007203311497,0.8496471527062224,0.8332167484403176,0.7896772724892673,0.8741454239385317,0.6897377749441724,0.7178099443361083,0.7201282922526776,0.8377813519906752,0.8858496626568766,0.7932681849365437
0.8241526322360835,0.8692327673086585,0.7960902647083758,0.8686872255133752,0.8690791043662816,0.7461547245039467,0.0,0.8251729550125331,0.7571580238008023,0.8579876242891232,0.8477861842206336,0.8493626504943191,0.845313271492847,0.7865629408751177,0.9115610451633621,0.8036673064305629,0.7709292871260403,0.8223345658794409,0.7524302389756047,0.7494321038580137,0.7809384112238239,0.8549256642871266,0.8834548820287401,0.8885803813997224,0.8460844843572178,0.788636846851151,0.8622907456946538,0.7905644672567693,0.8230450244559614,0.7744283807880564,0.857242971786269,0.7931716318914344,0.8670945631236849,0.7840604679190046,0.8201584800874211,0.7668142301663547,0.8877621706809294,0.7387522168920078,0.8339764305525563,0.8842693931512091,0.7801325977000035,0.7709333096584738,0.7534909651760417,0.8213824512213226,0.8611356512319879,0.8073125588621856,0.7616297499674297,0.7922719915270454,0.9181134666031606,0.7414830282926077,0.8536840053999709,0.737243883218765,0.678591753285458,0.8280502553878695,0.843509609808015,0.7556723002774011,0.7661423314790271,0.7977404467703437,0.8328257542802342,0.821225254515868,0.7848856353346491,0.6204489870097939,0.6691661007325889,0.6724353164901428,0.6875149687474108,0.6747799130322317,0.8797279382046662,0.8331054186010163,0.7312771731927337,0.8434409172121478,0.8107005997356924,0.7559904473711555,0.6799962309253496,0.8732832190634039,0.7176075379167931,0.7496480432289295,0.8829533113624762,0.9363277632597854,0.6940934808181584,0.6610456569132491,0.6409203167879857,0.8029649085715046,0.8501924918537117,0.6791091580513304,0.6832977971147994,0.7914745845372027,0.7542748183555354,0.8088725809406616,0.8034577668443159,0.8021372892895776,0.8514318831241194,0.8468444136739377,0.8295560008447875,0.7298876034129367,0.7892936127583898,0.8524635202234377,0.6090330712935033,0.7367646635707835,0.633115745091131,0.8579627262726216,0.7904673905255417,0.8220308205983005,0.7388390557237114,0.7804410377242444,0.7023026149476206,0.7688446972973813,0.6999122438541561,0.7692440883124133,0.844809275366613,0.8437432090977371,0.8527518419406364,0.7125512666207751,0.751276188019606,0.7569868115916413,0.7284528045237206,0.8339397485854254,0.7176613228178457,0.831316347837111,0.716060674871472,0.7352084987387613,0.7929951617195771,0.7864818745908041,0.6792142952656559,0.9120661700666752,0.6651113821767424,0.8755789978467605,0.6827731179382713,0.8900146976146769,0.74344653809558,0.7874993804256493,0.7170993826177451,0.6674258231260267,0.7541676842740422,0.7340014801356908,0.7631270222469873,0.6670691224222174,0.774586939620072,0.8618013445788313,0.8134040302832976,0.8565261511947532,0.7741736357137355,0.728601898243809,0.8807045475976408,0.6784047111267661,0.8296422552536427,0.7938746419658441,0.796760506684049,0.7890402926687005,0.7662803077891163,0.5481605089520222,0.8112496092956587,0.7248840062031267,0.787086797989116,0.8551206851222553,0.8279357431712001,0.872112103942278,0.8705535308975625,0.8715777340362577,0.8504427696044238,0.7773074635020031,0.7017449053580004,0.7408079888073743,0.8163354071615974,0.8462948745775484
0.8898341571106867,0.9568487506999006,0.9227471114888162,0.7916334224843116,0.7960491772492924,0.8901532213859251,0.8251729550125331,0.0,0.8562578944355279,0.9225314471140057,0.8120848678767862,0.9057894840298596,0.9148014063737842,0.7620416634448672,0.8504711511853925,0.8980350796021954,0.8687767876816709,0.8617743278724233,0.8178494890582075,0.8697583169500215,0.8688741090546326,0.8855047351678584,0.839464171895629,0.8891934300577061,0.915016795195683,0.761857508320544,0.8235914471687497,0.8504980502477577,0.790715264920646,0.8425852237871444,0.8811492492845632,0.8430045962641983,0.8310241687113445,0.8165873637119432,0.824271183041149,0.7724694696351899,0.8712066791463313,0.8160665994883112,0.7728145032297361,0.8389519437285413,0.8132085947234478,0.8746135761105642,0.7817841081001208,0.7705023889634166,0.9327166342965987,0.8882505024164792,0.8760305958243474,0.7635086038943022,0.8324312844356682,0.7835982657091821,0.8075215118612947,0.8512741925491063,0.7265600617415465,0.8061441449253025,0.7424041032753239,0.8845718600540553,0.8224707150990764,0.8973285402675931,0.7868439720749303,0.8538450879457996,0.8406048622017335,0.6668996053232803,0.762399408865441,0.6977441496142964,0.7078132638019479,0.7501329166016512,0.8166157931057608,0.8398852693188067,0.7762729422073855,0.9321502872108355,0.8551289010627896,0.7298361412570435,0.708002014655344,0.8794139704940374,0.8755057142656814,0.7697137191379367,0.7727432843499894,0.8363086317471349,0.8007772432033328,0.6686664454063951,0.7649713730468535,0.8321852727938835,0.9149177927354742,0.8038385731273678,0.7383638845113563,0.9605667576950517,0.8172953787644123,0.7373010293432619,0.8949851367371309,0.8761182135213017,0.8232018237228979,0.8437876222584498,0.7769224576619764,0.7646912843028734,0.7507203785249135,0.8681432981979939,0.6924981871114999,0.8840929483506679,0.6198375381004232,0.899253488752415,0.7028057186711515,0.8093117071079822,0.6807806950533556,0.8596075458024172,0.7667667289302128,0.9133110313220416,0.7896905991714995,0.9176014558581285,0.8610775370692966,0.912805637454758,0.795273845529718,0.703452914593695,0.7852431848242636,0.7994067662640169,0.7853050091538814,0.9522486730093599,0.8342982326976942,0.779215245133934,0.7651359191501746,0.7810380490231225,0.7592018040924312,0.8079839494456922,0.7802859259208249,0.8976768620089531,0.6627393787800013,0.8714600879234577,0.7307553517499227,0.9081427613929653,0.8333897655862272,0.7715616793403656,0.8961014650338199,0.8291795250678231,0.7334771295798158,0.7558860268427086,0.7979920373486609,0.6736443910678247,0.8974770293315627,0.7971098044700127,0.8334714255805374,0.8622491297521293,0.7454971230925567,0.7658938282273816,0.886187376271364,0.6831303804660293,0.8024946013149319,0.8105989089952853,0.8878134004581015,0.8390923475207764,0.9143309767367602,0.6579080628829256,0.802698351814933,0.7429737385603612,0.8130279233489138,0.8976509865461191,0.9279435437272036,0.8979967790451232,0.8499692180497329,0.9483594420954242,0.7274683748133509,0.6893026185782442,0.7566887571586907,0.7841147593236873,0.9440321786313036,0.8324096927532012
0.8559131024322717,0.8477692556494647,0.7791718860338659,0.6572032702112226,0.8059007245318541,0.8251023158220357,0.7571580238008023,0.8562578944355279,0.0,0.7859343376333362,0.7224808301145186,0.820059020828235,0.7736405546311188,0.6925924572703542,0.7823370052351607,0.7578217722417243,0.7137259084687623,0.7706640260418011,0.7312789032524593,0.7876117387148969,0.7413153381481111,0.8348471490152908,0.7171444053486168,0.7557457225110613,0.8189731274249937,0.6247418653010364,0.7219608480882472,0.7014521112601639,0.6704640763582557,0.8854201682162777,0.8797362990481467,0.759608483556477,0.7027967929311557,0.6808508568372268,0.7831927097378413,0.6699144523687327,0.8024287996044374,0.7305836258768837,0.7195070044719201,0.6824070955278251,0.668060594971225,0.9123163806049875,0.6954318178826601,0.7077433075841633,0.7666625106470377,0.7265013749155919,0.8150340432440156,0.6877106470580769,0.7337849786765323,0.7100614333679819,0.7082919820564819,0.7145406683390054,0.6677008422095819,0.6828476664478783,0.6373267182268377,0.9091215817766741,0.7257550977039892,0.824753372489769,0.6804421068402623,0.7203651542436155,0.7022783274423129,0.6365359064718352,0.6651592563266187,0.6395687439573854,0.6901294677599392,0.6455615978960179,0.7139745700115763,0.8265508853273102,0.6909429623329271,0.8549418317534124,0.8273942991969088,0.6632746168591547,0.6664477040313781,0.7255370426008184,0.7587296353113265,0.7105449907050735,0.6624122234780844,0.7415923985507025,0.6477350886285442,0.6229273262215881,0.6779429687938606,0.8523705997702525,0.9029272042853863,0.6608262687997537,0.6492971548792106,0.836261997942339,0.8015081122831224,0.7038990993916249,0.7610726843878824,0.8747387853586305,0.7756512804814412,0.8575346059933573,0.6949662088898282,0.6799432503394267,0.7001589139101121,0.8370612446911642,0.6512326133424439,0.774845018864541,0.659286792901857,0.7297529960053384,0.6540208606121204,0.6882995959850711,0.6088327810557577,0.7459709350408874,0.7036276903778341,0.7453739230152613,0.6287154223481972,0.7756607764706557,0.6988302856797585,0.8045310345379435,0.7014774072540496,0.6553464923439882,0.7158808490871619,0.7534041130234435,0.6486197236191626,0.8088476891241329,0.7226561452407781,0.7296602148092811,0.622958794148212,0.7571145931741556,0.7232242910362578,0.7071896938555098,0.6995174081957535,0.7959313083397282,0.7295942830697248,0.722197495976252,0.6699751987653446,0.8077133887067955,0.6522562852963444,0.6743716557918875,0.9245801633066291,0.7598561428739389,0.6714306710856425,0.7858371631704224,0.7244727473421025,0.6659023131244862,0.8166467855727629,0.6929729778378781,0.6765380286997288,0.8030388913068898,0.653381575974073,0.7439548177395018,0.8270644459267025,0.6792683236741948,0.7178263195801147,0.7634786538059789,0.9312576837549092,0.7046120680402171,0.7966141645161011,0.5998873875477325,0.7540005164122757,0.6844775582336117,0.7375940841267888,0.7863572760546247,0.7759193683141363,0.8422487763947442,0.7485036454934592,0.8150240867405489,0.6503578827400199,0.6236192398748454,0.6219383965057699,0.7785396311427764,0.9055167011810545,0.8131860897828032
0.8377797434813047,0.9167560999109807,0.9089859009683059,0.7767931185014251,0.7801745568652995,0.8459608057047462,0.8579876242891232,0.9225314471140057,0.7859343376333362,0.0,0.8177809609004917,0.8512222500875022,0.9125994990148392,0.7763240318737952,0.8381170981402685,0.881820425957923,0.8173108782465166,0.843888950552819,0.7512194915094113,0.7878244478004826,0.7872424672575701,0.8622028500932859,0.8334618367135542,0.8382636517207732,0.9136335612445433,0.7437356792849981,0.8430012067715472,0.8121879486058061,0.8655905447401124,0.8173885171270603,0.8415735041111788,0.8468299776524418,0.8183050356974538,0.761458149554599,0.7829022493440047,0.7347049906048696,0.8925771674652009,0.7748949497363574,0.7390411539372598,0.8296828565376603,0.7600159923354732,0.8180775426969439,0.7642816589083316,0.7581041860957142,0.8797378302654356,0.8327885862604494,0.8369564544104177,0.7803482239462098,0.84942360517912,0.7222577329421082,0.7793892258076945,0.7565750990684085,0.6866549730000137,0.7740243826720694,0.7758679264716974,0.8367006435623453,0.7486276821272996,0.8394978156101988,0.8026523943989838,0.7959201694324186,0.8158900778693373,0.6427631648452091,0.7081536891644418,0.6725940099899859,0.6599018956054093,0.699695522574933,0.8142179098578963,0.8721645536268293,0.7986298523205824,0.923969382536018,0.8024573184336629,0.72617599129956,0.6685311680757059,0.8529117513880158,0.8096593711076084,0.7776572011757366,0.792973215890039,0.8812432021194369,0.7305821788476987,0.6815554878835008,0.7467031945526738,0.7421440756080683,0.9058567175247435,0.7779283389732214,0.667778724046282,0.8580818910209637,0.7972021306923048,0.7581469889585641,0.8752154208810544,0.8136631080115221,0.7922131016009617,0.7946716616601915,0.7853441356387211,0.7141966790547079,0.7206926324291245,0.9004830830631039,0.6254474576185788,0.8033110114452255,0.5903319165778684,0.8564196743775709,0.7267028292921084,0.8154321779197106,0.6683447467685026,0.8616456981042975,0.7075715786049193,0.8382584400918964,0.7353190383764373,0.8675760568384803,0.8464741416369677,0.8739924193112789,0.7644257028634969,0.6454232878876689,0.7693829028739256,0.796648227703555,0.7409799759673759,0.8690697728480227,0.7864656215681981,0.820492111263506,0.7497633976423143,0.7592364185381261,0.7138149931178137,0.7937545085915636,0.7056400434649348,0.88280406603253,0.6377780563895619,0.9118797117407732,0.6719623545978702,0.8746215161092187,0.8030360956100504,0.7835536426787516,0.8437262035142062,0.7513509273347231,0.7401723826712034,0.6723235521454738,0.7459234965735145,0.662060048544278,0.8523890564129843,0.7856301769625529,0.8202593924909722,0.8264310752634971,0.7857489796365311,0.7669952708203106,0.8199438351687184,0.6495724163787449,0.8063447353101356,0.7772523260568313,0.7978306390420516,0.8714349835886205,0.8943494727690957,0.6104434082678455,0.7412325082403803,0.7619177931022759,0.7432146159330242,0.8951180763451143,0.8771933560467927,0.8732524071621759,0.8436224272430431,0.9267833762188417,0.7530194155017007,0.7151377857772813,0.7956431809534761,0.7544200655448776,0.8922981120824154,0.7737425429947048
0.8563906332939809,0.8507785618738783,0.8433131195203645,0.8687809416271847,0.8527560644815824,0.7769266563739913,0.8477861842206336,0.8120848678767862,0.7224808301145186,0.8177809609004917,0.0,0.8291619004583062,0.8778299390445095,0.8309410554825434,0.8158423909247521,0.9036930219791963,0.8875699261122105,0.8465950087252082,0.8123460768842766,0.8426738990735613,0.8597680041919867,0.8816132467167977,0.8460466778694061,0.8820668020118445,0.856373762563126,0.8114660262025902,0.8341119872322353,0.8948703063618929,0.8831961289602627,0.7398081929130436,0.7878138034531603,0.8181259113167166,0.8105411399323891,0.8016278494635932,0.885841948243335,0.8166264813489558,0.8761813441492461,0.8625320522538509,0.8458473838146343,0.8728666565739981,0.8005341705598394,0.7766918560451718,0.778943239289646,0.8678865386856397,0.8481331423995166,0.7728826894741253,0.6888160803978034,0.904437943641874,0.9082876303413426,0.7946705377734782,0.8464952946691793,0.7919893855463727,0.698572212503326,0.8686140681174592,0.8966482941933619,0.6937986698262814,0.8414819113553114,0.8524863784466917,0.8491970820089596,0.8263583043152504,0.8636981761345698,0.6133913492206247,0.7543997692168576,0.7698767086792118,0.7019899461269112,0.7200743931811155,0.8562226902444149,0.7528373267705786,0.8075831781487115,0.8812088563567675,0.7934584023214138,0.7976148766789025,0.8114894207837551,0.8984649276881723,0.8324525607801364,0.724013584699674,0.885824409349004,0.8553255601192434,0.7319889386058602,0.7202852562598536,0.695228452675152,0.7671405926509273,0.7625337102430193,0.7904603083617978,0.7882927641486941,0.8163638883168747,0.8352420681677402,0.764937769692022,0.765117364606334,0.72156294531665,0.8748900288349728,0.7336155535830968,0.8641575206614548,0.7822866649550004,0.8536155477405981,0.7809782194669733,0.6552967336609045,0.7372545184697699,0.6734928935213766,0.8155620247315171,0.8213668405507734,0.8338200631311806,0.7150171899842905,0.7482501557562763,0.7707425828891786,0.7670449496611299,0.7504587726407803,0.8281991691458759,0.7897728909221751,0.8609234746311429,0.882441465358721,0.7993918543877058,0.8200365525556963,0.8709721599730718,0.7753474013937428,0.8476798294300066,0.7575261048923945,0.8615065417608768,0.8399857265869924,0.7642429270614622,0.8621173275907565,0.751047239676794,0.799011827292422,0.8465866969138688,0.7571354587937561,0.858979293525988,0.6948440506606914,0.8069646554902699,0.8432486497883042,0.7735320643098872,0.7027078583704323,0.7758762780408579,0.8580209159111569,0.8189121469890801,0.8675775500480819,0.7029872087486092,0.7707588096486498,0.8379851298036856,0.8621070563230651,0.8158885012472341,0.768532282098027,0.8244129966470053,0.8274707854290794,0.7552122941365854,0.9083903024753026,0.7480564763084915,0.7515960421312129,0.7241876152256166,0.8103210790698483,0.6742617592236065,0.8683136938760616,0.7453018634222115,0.8904181880779992,0.7475852714776804,0.8276998990276898,0.8436763294561721,0.9107206537591247,0.8111894813136306,0.8563928372888421,0.8083556967241666,0.6908350507468263,0.8089442140091071,0.7595617549994688,0.9375592454646091
0.8371441607104241,0.8801850468553428,0.8308331903963833,0.7774732152576057,0.8316967207128165,0.8411658994600602,0.8493626504943191,0.9057894840298596,0.820059020828235,0.8512222500875022,0.8291619004583062,0.0,0.8074572498213431,0.6752389383477818,0.8101758328447387,0.8579275372013548,0.8132758911657272,0.7639150222490215,0.8750674767891256,0.8296559644932934,0.8709573635581971,0.8305750929021855,0.858478356129587,0.8732618254360939,0.9238591421259911,0.7294923894413601,0.7707537512197645,0.8178812870644075,0.7569664649624545,0.8549899641199078,0.9027075175166591,0.8277034269269646,0.7657793757794369,0.8723631549619046,0.8124657867892767,0.7690117128543664,0.8474446437171981,0.7511241660748202,0.8499441668264851,0.7703160765449402,0.755065158968591,0.8694494336787277,0.7672352394003231,0.8081561505066794,0.872922067009911,0.7900691324548694,0.7871301933816496,0.7876224913219686,0.8526879907926259,0.7432532954509946,0.797395746002311,0.7888847190614461,0.6462098676669119,0.8009582503084554,0.7764115348895777,0.822173732054111,0.7966771325940265,0.9351792086196087,0.7303391422371756,0.7899853947280254,0.7705030219591245,0.6011829321570272,0.696412199090672,0.6824814418076284,0.6696216031047091,0.6791636884365057,0.7652129296119523,0.7507684961539914,0.6894863182127863,0.8612382476200271,0.7766803239516359,0.6792523496505979,0.6908079215237485,0.8219897044756617,0.7793184651193832,0.7159911989329435,0.7853228571366566,0.8364616778855197,0.7292649657544632,0.6525506847751935,0.6689941421834034,0.8214727873862112,0.8470706296702672,0.6899075374402581,0.7448624972651181,0.8562098855984721,0.8307215654977151,0.7091489682142881,0.8045647307924579,0.8333602308856305,0.8136714960809723,0.8706964151919041,0.7716595217925887,0.7292080151423547,0.7035920180725612,0.8515474944086165,0.6485851450159414,0.8751722185670014,0.6305915126114457,0.8081171599596627,0.6937675411896678,0.8394570316134935,0.7249316730134385,0.8530314436858111,0.7165357240547942,0.810080864017119,0.7389137020617573,0.8716186284741608,0.7600174767437937,0.9046228446050084,0.8888164995105007,0.7335418476612926,0.7322864053289296,0.7819877241870482,0.6980513085546095,0.849775691718834,0.7819748341371439,0.8318926278279185,0.7505792420108517,0.7177386921328007,0.7458962401907709,0.7392836261930282,0.7720346917486649,0.8625964833513856,0.6606475295474471,0.8404553192340375,0.6800702491635119,0.8829353080881446,0.8041460571426592,0.6752151426419717,0.8155523665452674,0.7633320323581715,0.6950254637139344,0.7737434122319023,0.8144807096798559,0.6224042807378416,0.8461067362070063,0.7519288705835311,0.7798825816326644,0.8851206488849074,0.6727599716493343,0.7567262013396733,0.8527078392334255,0.6951278331817528,0.8213152238501107,0.8264650088928583,0.8702403399300978,0.7246998052478275,0.8792758942741451,0.6499141658086862,0.8500356763935477,0.6931839667904646,0.8242460599113965,0.8102297875880579,0.9418159378208447,0.8483884462815601,0.812721791358705,0.8956510946814358,0.6965773965992826,0.697399056600949,0.6279966882372361,0.7694214709049996,0.8809553629513632,0.8474307487698844
