0,1,2,3,4,5,6,7,8,9,10,11,12,13,14,15,16,17,18,19,20,21,22,23,24,25,26,27,28,29,30,31,32,33,34,35,36,37,38,39,40,41,42,43,44,45,46,47,48,49,50,51,52,53,54,55,56,57,58,59,60,61,62,63,64,65,66,67,68,69,70,71,72,73,74,75,76,77,78,79,80,81,82,83,84,85,86,87,88,89,90,91,92,93,94,95,96,97,98,99,100,101,102,103,104,105,106,107,108,109,110,111,112,113,114,115,116,117,118,119,120,121,122,123,124,125,126,127,128,129,130,131,132,133,134,135,136,137,138,139,140,141,142,143,144,145,146,147,148,149,150,151,152,153,154,155,156,157,158,159,160,161,162,163
0.0,0.573391001067914,0.5410531991161696,0.5030734993650331,0.4965866459639713,0.5323940813832998,0.5299711735687445,0.5171825311966886,0.5690253253972887,0.5357979761463817,0.5841683486456046,0.5270813187886225,0.5897331555191829,0.539319589321824,0.556934829318499,0.5706059148961222,0.568845337446613,0.677078171385589,0.511431148575702,0.6861766282099686,0.5855689171718396,0.5908194581535142,0.5330891408535348,0.5284410793751442,0.6534941537912521,0.5210047225727199,0.46171488555943463,0.5483132269351703,0.4937931751149616,0.4869337528828182,0.6101326025909072,0.5918326723905116,0.511398542934935,0.5677725359661504,0.6556328013040861,0.5600532131572441,0.6397900514160715,0.5673628981794697,0.4898764883489707,0.5155559093062064,0.5041238201442583,0.5692177376043742,0.6109318503625624,0.627249121734636,0.6132536795744816,0.6122885526673817,0.5212972512585208,0.587173874943997,0.6386280765909873,0.5909840422173731,0.6019728074054518,0.5901130375777116,0.5112457051914038,0.5415816794707762,0.5724079695493524,0.5573260915336327,0.6295333637324554,0.5243470078268718,0.515732049696205,0.5789374233828002,0.5155598973421038,0.5036378062924809,0.5742524853309874,0.5146766430016597,0.5842411626274423,0.5953071082432773,0.5577810486920637,0.5898062665745685,0.531760546933773,0.5577115632319616,0.7365229845135621,0.5772406254819867,0.5196962975905363,0.5671589964293445,0.5368553720223149,0.6226883307521919,0.5090588958535945,0.5119025916804603,0.5340137079832072,0.4488180514018509,0.5229536194365533,0.6227356541774071,0.5313576295388879,0.506773835080554,0.5658900739401781,0.5789286019399091,0.5470139914178056,0.5198748151033337,0.568930979325535,0.5173853707625692,0.5934820775284523,0.5964227752780352,0.588916990061483,0.6055074987404276,0.5917063267938627,0.5735751026841344,0.49101706178975363,0.582476175507575,0.5120073420913108,0.5434799766013926,0.5485900315579277,0.5085070970585075,0.5057881559128163,0.5336578926368969,0.6099035968729359,0.5808167792702991,0.5192688461440599,0.536704752840594,0.5644663904767216,0.5975511266608415,0.5841197972336972,0.5768715409962375,0.5604754212155998,0.4817982998995912,0.5832973972265509,0.5325910933249205,0.5723705375896238,0.6089732312832155,0.503407295575482,0.523192799655062,0.5656043759526108,0.4791488928235033,0.6033319709814992,0.6290221266748348,0.5508806058640028,0.5469421707310689,0.46584232474641946,0.5352371117038509,0.5609268876707468,0.5723184570971678,0.5003973072759558,0.5249365567103889,0.4906012913473083,0.5247169312464055,0.5747015309762938,0.5560474977214017,0.5258560090405238,0.5492872911688019,0.5264852900505601,0.5361325156918756,0.522357147864653,0.5819810912683893,0.6015582373524089,0.5427662039708486,0.609099634134045,0.4760326575193405,0.5541799001533994,0.48372392987964913,0.6340575521280434,0.4207616322206819,0.6272815256604565,0.5033765534276939,0.5290438658951844,0.46753484065255957,0.5554343901869685,0.6522566897009526,0.531095908786826,0.5303524821448691,0.5126141227456236,0.5418665175474597,0.5053625655524006,0.5770015681075424,0.47861651088664603,0.6030852807429021
0.573391001067914,0.0,0.5673557605601788,0.5468415006882537,0.4592412559555496,0.5518925741827766,0.49166547878974,0.5472774876732884,0.5473806853458365,0.5599802672834634,0.5745280506764531,0.5908808843238526,0.5419270705581115,0.49379412331963646,0.5550354808739248,0.5447288309969094,0.5709635942731411,0.5632102892415435,0.5391051322671134,0.5802353660983456,0.5714394126663765,0.6345602251718288,0.5238245556684743,0.5966473228201874,0.578933507763137,0.46362956737822847,0.4957461269848538,0.586422802332586,0.565799776011454,0.4879908397279758,0.5546157062631926,0.4890978900880977,0.5959173394533537,0.517482247991267,0.5334908806774173,0.5165662379223438,0.5218435373940737,0.5455267804842682,0.5220882222892319,0.541717900723936,0.5911071222430048,0.5447470659915128,0.4662535068264499,0.5302328661383965,0.5608713570389648,0.5765046548014827,0.4525734692371695,0.4879350633025832,0.53006328732053,0.496866779232216,0.5124348207818052,0.5631224379256516,0.5314083302945859,0.5759685029151339,0.519744048940945,0.556127013676998,0.5782817217726801,0.5302134023500281,0.4475875459598136,0.5777057338983966,0.5359085519941583,0.4398018729363213,0.49884195475171733,0.44734966320539815,0.48226982476706,0.5004779281862883,0.512857740752001,0.4720348149970391,0.4406516523412385,0.5265625782042186,0.5493625785922156,0.4950302045889677,0.4371691738944167,0.5266096065426897,0.5820538069042585,0.5135331727077656,0.4653294815544732,0.509911597650973,0.5202622044115977,0.4437852131042818,0.520704055307117,0.548993609413644,0.5848707372520738,0.5173548729801116,0.50056280979694,0.6689523822039566,0.4679175422430496,0.4172073507577294,0.5400711554043747,0.6012232604352429,0.5044529658736664,0.5264065393086397,0.5436286995916285,0.5649555262504908,0.5357165201086458,0.5678304004498619,0.4836011911079712,0.5478792482040261,0.43989304054653267,0.5127834603470272,0.5155529017332041,0.44309643861734826,0.4208739825905018,0.535958697452832,0.5055137283863627,0.5409290130261055,0.4958095896909488,0.5732682978629837,0.559038075108495,0.6137989744406178,0.5268135122748563,0.4866775312438242,0.4747391126375933,0.49157675527515615,0.5475789504318456,0.6462384834375288,0.5449591280796456,0.4869823291024953,0.4704952635026503,0.507043616684514,0.5183105073544809,0.46031307552824746,0.5171233174525852,0.6376574613793693,0.4815914229705799,0.600845049909163,0.4266296501579069,0.5406474651515952,0.575468272535817,0.5130838004291285,0.5362052939025791,0.5191006037805637,0.4820789303432487,0.5506956306358002,0.5466912977133859,0.4789980873777438,0.5243202887486215,0.5150005513256011,0.5333932285672381,0.5306280116587869,0.5152944668690577,0.5039471690525411,0.5905122008581833,0.49527912448716854,0.550814489370442,0.38962210991506996,0.5800510558962882,0.5418636435769829,0.5831654134131844,0.4471276151238089,0.5328125008557959,0.5204271409035544,0.5607003028238529,0.4711611408577302,0.5906573239629785,0.5877903351984336,0.5982838183033651,0.5764232832308822,0.515425137507382,0.4622254098054487,0.5030125821797107,0.524711938076748,0.4820036745899627,0.5870960371606306
0.5410531991161696,0.5673557605601788,0.0,0.5507523987423691,0.49125086525656697,0.558562513038188,0.5280564724556415,0.5309364288567963,0.4530161010131671,0.5809186230046058,0.5926871921864254,0.5396710908367703,0.6318439376951698,0.4855258908401758,0.4974139146468739,0.6483579863265067,0.6535189026641566,0.5492159163824746,0.47784417703168913,0.5069398438704386,0.6268438172212523,0.6176147925577327,0.5259409531412876,0.5489246535550142,0.5595387587247634,0.5557239247006308,0.48009628749855204,0.5634283379488566,0.5022266333372007,0.46425602046107994,0.47029168097192453,0.570131553942645,0.5252951332547361,0.5438936131070721,0.46580715678062523,0.5192675970734162,0.555627425878373,0.49185074729509826,0.4638844841164066,0.5735354946310266,0.49768818261174314,0.5640420863957252,0.516747820803697,0.5169423989125884,0.5906390665120794,0.6053126169495018,0.5039462263794974,0.5230010044913121,0.5522309096441405,0.5190910336131817,0.5932191217133664,0.6014817950750001,0.4694023770357335,0.5885313214960874,0.5534096837011165,0.511996239568658,0.5479195335848595,0.5525107256210193,0.4796030284934678,0.5639209074703492,0.5471770190048485,0.47399706902832833,0.5518952666922688,0.4460038532040541,0.4681814103424041,0.5323387875673165,0.5513323838790911,0.5452498632468488,0.49879432667782375,0.5167721845917779,0.5784913324734143,0.4546650014127151,0.4727868235231875,0.6723168326210931,0.5451169403197682,0.47233913438535585,0.607939147304615,0.5612113768275302,0.48240043292564483,0.42934404247634356,0.5031436481656495,0.5224479601901812,0.5220386424491745,0.47864490370408935,0.5123643325814087,0.5325845215720388,0.4792334069391952,0.449653134095394,0.5256683784253541,0.4883312000622349,0.5629730808543134,0.4917832835335912,0.539964005855651,0.5068466554045259,0.5309579831800818,0.5095647160059408,0.454544246194382,0.5240320976409041,0.4204372053350975,0.5605943117306865,0.4487266918716985,0.5269214583587892,0.45444527625527453,0.47993555216982814,0.4985886022638527,0.6366373090673059,0.5780790111847909,0.5351542718177289,0.5880124379047629,0.6105080901261979,0.5855426559968834,0.4897754203283741,0.523190933484878,0.46239909851620936,0.516840038619838,0.5953511169394444,0.49031636069248996,0.514310846412222,0.5580227113469068,0.4747363754259054,0.49267451973506626,0.46188744407679977,0.49763597137951576,0.6061102158876077,0.4113616915787111,0.547849757224069,0.47760839625002566,0.5858952946297712,0.5806436569244391,0.5010821179465729,0.46784407056495836,0.5712183580432599,0.4434816578075844,0.44975208049939386,0.49549365503174786,0.432492667564719,0.4532138822336262,0.4812458872786568,0.5148865264226358,0.4752465730211393,0.45662888421177517,0.5206766476014811,0.5618129871672184,0.49569317458655465,0.527709538041105,0.42994123626064173,0.5065387236305807,0.5203586886084641,0.5479577763281184,0.4151460413398149,0.4781099275731428,0.4401956145838396,0.5257058294848571,0.5439188862083701,0.5484897536330335,0.5406746205287957,0.5364455518237901,0.6107313519813987,0.4459010009349555,0.5250533637334007,0.49994929040355096,0.4440079888057864,0.44371791726318344,0.5146204625762154
0.5030734993650331,0.5468415006882537,0.5507523987423691,0.0,0.4417488438750725,0.48956040960920155,0.513153652527111,0.521271123352926,0.4429645613755403,0.5129015954749776,0.5759134449707676,0.5043100497939902,0.5295129012097529,0.5071618401075657,0.5041867887730298,0.5162125743856756,0.5661731154364812,0.5334609278932484,0.48512941152633954,0.480493195453886,0.5568309473568945,0.5490518733718043,0.5273522433925525,0.5071965309514247,0.5184148842123946,0.5303213519894132,0.5110334867526248,0.5909490977365409,0.5019211627929475,0.4112736117396044,0.47109201440678833,0.48513188209004343,0.6421693180711396,0.5316805430797041,0.4916051218209893,0.5573992406658144,0.49724338798782314,0.5088889172356572,0.4745225066787818,0.5775022429688567,0.5545969018315821,0.48876813584658824,0.4704209379699639,0.5150444677509084,0.5626042707547596,0.5443832378859851,0.41765324987805463,0.47515411315306766,0.5279814502473179,0.5004074969648892,0.5651338862404536,0.565757193089598,0.48238477829240517,0.6451821068089985,0.5778846860144397,0.4572879113191886,0.5325294391931733,0.5161105088962652,0.47622756090665874,0.5640019928461649,0.560629122969473,0.4513767199851693,0.5229079304402353,0.4522062248094923,0.46187466843701874,0.5024361047944654,0.5621580776865523,0.4560890716516649,0.47473479483449543,0.5165713960150295,0.5204630606244325,0.47397171163154717,0.48221464173644213,0.5979807529884124,0.535445178462676,0.4533760633440455,0.5380504145003495,0.4976763871482833,0.49628801743174533,0.40336246055034175,0.46878138694813565,0.5373570616042083,0.4557737679080344,0.4905668088366989,0.5256533912604299,0.5266737677402908,0.47148082191601903,0.4446443187129965,0.5054261517502896,0.46726923240961815,0.5475121879348507,0.5069914800221722,0.5286903770108622,0.5013071738257447,0.575184667180862,0.4886680074886646,0.465378883442714,0.5158696906817268,0.4353299012672151,0.5590024845724084,0.4772060079332578,0.49044526916839876,0.4868992911515579,0.49719780397124647,0.5216811261093657,0.5146852385364852,0.5312104755421999,0.5054254404175423,0.5467698911199224,0.4997143219861759,0.5695615909158092,0.5132241889976684,0.5088894750007908,0.4845294165366926,0.5445645794902273,0.5496772367410333,0.48157374334260034,0.45975813592347203,0.5392189104285267,0.5132130303769135,0.47677795730021255,0.5048952396038638,0.4773331296008367,0.5463802545736827,0.42710670548998414,0.5319807413660611,0.46740397596665495,0.5048884011298997,0.5888785619172884,0.5010050118839603,0.43271521552367587,0.4957479085344414,0.4641914860552758,0.49692260282634043,0.4942598879014339,0.4201009540541608,0.40611514590944187,0.5062781806373998,0.5358560525535534,0.4769526043782088,0.5221456228129064,0.4804780232393597,0.5758836878297945,0.5273236356809518,0.5161999809586933,0.4077207858724568,0.4692655527705389,0.48175436165031,0.49260132350518543,0.4140584250110335,0.5126485147978777,0.46114407661190443,0.535838663857478,0.4523221173033045,0.5449609054297097,0.5198303754131605,0.5061276349917416,0.5204197202706248,0.5371775115134351,0.5071572099834293,0.49036621168840033,0.4579916230100932,0.45737635631950085,0.5180851685082638
0.4965866459639713,0.4592412559555496,0.49125086525656697,0.4417488438750725,0.0,0.41952042354118707,0.5387173839949959,0.4078766811357775,0.44370553163270876,0.4376339272781646,0.5118024443572019,0.488705948256264,0.4410314934617957,0.43646302101234524,0.5272118580052894,0.4931989639612996,0.4738273670726694,0.49119852646681333,0.42599381190469165,0.4535459685781131,0.5095729105227251,0.5281803703464611,0.48913981814541707,0.501878510549552,0.47035878354715754,0.5000857712209096,0.4187892423904518,0.41339263260536196,0.4619894635501462,0.47087414262335764,0.47785238461201235,0.45596488988576145,0.46149591111970056,0.44419461759393036,0.48562833154262963,0.4996850499610215,0.4895449995748618,0.4695376236512033,0.4809365142737942,0.4735817193085962,0.4786273494337802,0.47312005278448505,0.5257198659771547,0.571394367274517,0.4593531544199986,0.47235221210009093,0.5063709500901016,0.523122352648313,0.5331962664508498,0.5091148893872639,0.5231214877262451,0.487516907672914,0.4207396102233796,0.4771347143012668,0.5135875209537717,0.43469840934683585,0.48567707822065637,0.4871814471186489,0.4309561924487291,0.47379822024842844,0.3919599090900928,0.4328413032038046,0.46156094158321054,0.45442459737025126,0.4652029950780659,0.4251458181494597,0.43519855455286227,0.49960859909742644,0.44635079480478373,0.43200182454302904,0.5344762120322886,0.46639560177692396,0.4067201070815961,0.47307082018550684,0.4154559969993664,0.429298939513306,0.46436797804066127,0.5741937394291362,0.4300387264656112,0.40010663427837473,0.42176791254678353,0.4919006517960681,0.485615953343786,0.3949811742603367,0.45609264001814853,0.4541542728344859,0.4089798778924919,0.43937548767490997,0.41872181020526,0.4267297031915801,0.5849237813463073,0.48422356113785453,0.5656490478936952,0.4357995469049084,0.47970216125791537,0.48830960732417,0.39046217870134176,0.442724385235009,0.45598884889223623,0.41991566728470003,0.45145154864805004,0.4289629573446672,0.4447319509649973,0.4561536863219486,0.45587380923267384,0.4803247639381828,0.4291307693176859,0.4285427742430956,0.4996866076764211,0.4779690142635087,0.5108069750703439,0.5083380789858343,0.4121778288756916,0.40957361735625286,0.4525981411567786,0.45223506014261294,0.4186756070539088,0.5476306964204326,0.4335657515132456,0.4291650144927893,0.6031838045469311,0.41555262117720315,0.4376351864689893,0.5293879553778184,0.4338222962312376,0.47643367469653986,0.40643726853116174,0.5079329858162167,0.4542157569908859,0.4922591649762207,0.4035751528972251,0.44748522568042987,0.38938630380584177,0.4430878258407911,0.454639395820878,0.4761962482403813,0.4452440705086239,0.5257436176675475,0.4534091916688554,0.4783810747464549,0.4148345754009911,0.48042407678657983,0.47812686644270586,0.4684187253208527,0.5183832477250288,0.4283572142953198,0.527377258058689,0.4296601113998901,0.4710030680889221,0.38029987405044435,0.4595536331396203,0.4207891434004866,0.47665939574959837,0.4660213404000764,0.4708042200791723,0.4659045020167994,0.42498987715029063,0.46829353212149777,0.43572083777263465,0.45606235800410816,0.4127116678939073,0.4355081284924834,0.41864953064984545,0.5268319482217194
0.5323940813832998,0.5518925741827766,0.558562513038188,0.48956040960920155,0.41952042354118707,0.0,0.42634291698820453,0.5531583981231925,0.49699902371355753,0.5161959452078839,0.533813367880325,0.5600221321242282,0.5361986700624287,0.4315440540935719,0.43295887057968724,0.5830697757442538,0.5703508013172172,0.47938359681152515,0.5402995514851061,0.5104492128925698,0.5787011615740866,0.504351657889038,0.44027595986207696,0.46240488168597327,0.5688237514992041,0.45079459003065786,0.41077549509592415,0.5488213219970453,0.46629049031174,0.4933303048356736,0.4906833038705513,0.5376906406975879,0.4743703164890724,0.5119273953611784,0.4502638112555009,0.4620562323046351,0.5159355016844457,0.49714469772238745,0.4588637191889972,0.4390394422794386,0.4689902132558599,0.5703031510080295,0.4639560041311887,0.5014043921552079,0.49353926643697354,0.5178304534950049,0.4407403770762356,0.48823338738978306,0.46216614007746054,0.4553438900537216,0.5040174304038395,0.5876283792960483,0.47100372465002593,0.5149033633048243,0.4802147540918297,0.5722550685202007,0.5410620205280081,0.5905007646872683,0.40486083957770813,0.4902674103161241,0.566875722692112,0.4628386639326039,0.5592602036914489,0.4013235858746009,0.44708439080658224,0.5225546396892786,0.47084564376089666,0.4724979626734787,0.41879542275554477,0.5402954647399922,0.5300846609059109,0.42676137675880604,0.45377337094058834,0.5113956082784242,0.6177705301167412,0.5014036447534068,0.47721881397087434,0.47343869723360354,0.49500963335128934,0.5051031963814862,0.6059432882975719,0.5088093179305512,0.532518165179562,0.5242829872888826,0.5202724401707396,0.5486065220231128,0.5417858495800466,0.4036383604537687,0.5368142673258468,0.5167178121758255,0.48448086322254036,0.48600533939432033,0.47828907170660506,0.5405717131620656,0.49119906817742265,0.5199210047070046,0.49343029733214044,0.554446499771962,0.4163527029114981,0.48459846149216407,0.44568679911930303,0.4832907540067405,0.4221034871971458,0.485645000469431,0.49659134599618554,0.5395344150788556,0.5290416483280924,0.5462060085383312,0.46610344397743564,0.5681326125089137,0.5293454190125275,0.46020901571372713,0.525958521159884,0.49204763340926416,0.5000536294001099,0.5578941607213849,0.5603628161527797,0.4471801863432588,0.5034006778236113,0.4937583012660881,0.4450799168409803,0.4815492304111066,0.5327329164272564,0.5901958006085577,0.44593917882241585,0.534872382106827,0.4394320516197312,0.4929697289084899,0.5448562667861843,0.42879256759364404,0.5373798957145897,0.6321093234398516,0.4806940278303796,0.502382508064824,0.48478380171825936,0.42574888363098107,0.4751695198279617,0.40950477800790086,0.421199781657923,0.4844881929781266,0.4591191066374105,0.5161834959105218,0.5153236609714684,0.47623190037506863,0.5124509113405259,0.3828391372656095,0.5118116112866167,0.5176980705925788,0.5425239584736231,0.4596559352293374,0.5068432469417479,0.48440866751770456,0.4711650751644269,0.4086294735930155,0.5833867157126309,0.5351891592882256,0.5049273434352012,0.6094193493193857,0.41789367707647446,0.49566672030075276,0.46974906703510766,0.5079906074035447,0.47511160989906653,0.5164504273489378
0.5299711735687445,0.49166547878974,0.5280564724556415,0.513153652527111,0.5387173839949959,0.42634291698820453,0.0,0.4233807070802346,0.4343635317909104,0.5301190899934386,0.5001677246622149,0.4535781570227148,0.5180673707769521,0.5521235960280116,0.518843878154009,0.48364426932370724,0.5002347563792835,0.5544952816847416,0.40288961514905375,0.4576942161206224,0.4925498493731186,0.5392046784532314,0.5923155694603918,0.49238776659571537,0.5132011075534161,0.5541003055779121,0.492401226096689,0.46087547898657716,0.47518911901310873,0.4166673211287711,0.45983065225170505,0.5135347865577332,0.4972270427922818,0.5077008045852834,0.5227563894949858,0.5382568855999925,0.5293060006225999,0.4503533592009435,0.4143568923717226,0.5886271916319711,0.4526337806665582,0.5146633392316083,0.4996469378714777,0.5230205918168255,0.5442428032376432,0.5108577201304327,0.5465960892726962,0.4885561555618663,0.6592022268692612,0.5181153673715693,0.563774900470288,0.49415268666384815,0.4285131881721875,0.503104083154072,0.543494748392786,0.4769726181736642,0.46888243275812735,0.4468219297448245,0.5652088297479263,0.5176479293567062,0.421537385153395,0.4585953312877644,0.4494981024094748,0.5117339250879255,0.46960798255156533,0.45298388316862653,0.5555185521810175,0.5659966030563315,0.5438457405838695,0.44146185471707916,0.541984950740516,0.49956333263100144,0.4849054963460761,0.5622716395416357,0.4214994831856595,0.4612078674120677,0.5257922464614359,0.5634198376692279,0.4147569323501414,0.374874533724624,0.4139827805605758,0.5069046046458217,0.4551279683001436,0.4017640286460281,0.4723881480447181,0.45142872048211724,0.4207221723217797,0.523884538569429,0.46644310006081957,0.4367224566445708,0.6081554663598744,0.5576722418679759,0.5329689433245847,0.43882328109279656,0.5424343806565481,0.4969002581682338,0.385478821161194,0.499252755194503,0.4776354209471708,0.5441983354954792,0.4583250895118595,0.44583156500626664,0.5225809514469051,0.4703741833991623,0.4804843843404348,0.5033474833335754,0.45322608604511466,0.4617966474717215,0.5786492618923775,0.5053370429404881,0.5508517646419403,0.5117286462319851,0.49146280012026977,0.41583549979143314,0.46677343724349163,0.4746091196264486,0.43805361178261476,0.5441997190659178,0.5045111440468909,0.4795090590434897,0.5000911340924354,0.4196155122945994,0.46214598696297204,0.5110035437042055,0.4226383894463233,0.4672639441889405,0.47776722503932545,0.506425433215107,0.4988866289462613,0.5355017721078309,0.4162304831047598,0.4266751867977342,0.3935989231653478,0.4196402882286222,0.44053656163933685,0.4353089623765686,0.4075121220413297,0.5689159093686824,0.5162715461648137,0.43315090504436016,0.44823764694426765,0.502015827199946,0.557260250370101,0.49182388867753973,0.5014630506834908,0.5355355319443483,0.4560835097219468,0.4280322790414669,0.4957777707437347,0.3663431286790335,0.4491500888943244,0.4113660431662006,0.463080241558262,0.598612659117398,0.4637102591846868,0.48015907098871685,0.4436833846521231,0.4771044828122778,0.4989464826187541,0.5131131867208419,0.4679946105232903,0.43275100794966126,0.41457973564106704,0.4769032022835746
0.5171825311966886,0.5472774876732884,0.5309364288567963,0.521271123352926,0.4078766811357775,0.5531583981231925,0.4233807070802346,0.0,0.5429763051385308,0.5193513190801344,0.5332897431045096,0.5685629786800172,0.5352768748893755,0.44053064494868943,0.47806754416474206,0.5683901591695943,0.527929863280306,0.515769051006938,0.5216234138126847,0.5214331336712967,0.5245697472575044,0.5130329077448862,0.4800716973417323,0.46312015596023154,0.5638675790604397,0.4636851544718034,0.5002452227024804,0.576089241492847,0.46148836528680115,0.5066196818955402,0.548390707467227,0.4930451161306624,0.5214159208663336,0.5125326039416321,0.4567294062013861,0.4851107837676433,0.5238874836158535,0.5538261125987638,0.5001045714647441,0.4567281388161651,0.49894004158755745,0.4976352669754932,0.48531963669274636,0.4653692496266089,0.5713559931279641,0.5685976809777729,0.4140142370318574,0.45593521238507423,0.471854687053577,0.4644319648122907,0.49117442975843517,0.5071941364957351,0.45710058198959896,0.5029205024925356,0.49807595765648965,0.5089789473427987,0.537117801526582,0.6027231727505297,0.40413978238792264,0.5270523286825209,0.5961379095174918,0.452453285566474,0.5240107009177526,0.4099352123543747,0.4364868552738274,0.5038249956908996,0.48946355082512566,0.45760846211552203,0.44755849452931323,0.6928155226219045,0.5216850240187272,0.4481995361975198,0.4243761804710333,0.5104911169852637,0.6257374881362111,0.48304009845048845,0.4845025021131623,0.46447605626755567,0.5835569363589724,0.4244866401152648,0.4983832729407379,0.5198746517081066,0.5321580830432144,0.5642430644981086,0.5009509760408786,0.6342840906520176,0.5702374532414215,0.41804290293751983,0.5909837132088996,0.5686363816890164,0.487677631690651,0.4818775588834882,0.4866462839170754,0.5004569974079045,0.482802709192502,0.5305866071508336,0.500682953469467,0.5216834188963418,0.4077665812842153,0.4913515912019322,0.4703512020102306,0.5475884771155438,0.4301579208081576,0.5232006618501055,0.5158165006305987,0.5584208317177622,0.5247792558685589,0.5478929350714707,0.4879240664979703,0.490957243000389,0.4766389179955625,0.4723702203423134,0.46537351416677913,0.5501339402053735,0.5317588264204208,0.5625574759835701,0.5089270114041059,0.4610386930489116,0.4344242729624878,0.5082480765173006,0.4494631617357208,0.5810410812211787,0.4611986590982294,0.5625422110979832,0.42524656454374865,0.5681191095259164,0.4189262046978317,0.5653274574214572,0.5249770603864329,0.47227954295800195,0.5467479831808164,0.5511738504661982,0.5344128279047116,0.5003113208684444,0.4967892198826657,0.41213981865112537,0.4828385414609562,0.44089170705732267,0.4907743461326906,0.5589473824969803,0.4916928501875803,0.47751638252093975,0.5100321026421529,0.4818380333772249,0.5136094946279391,0.3813396278082878,0.5262064441940377,0.5343050600090019,0.5483414375758829,0.44303757618462897,0.5451176960731385,0.4768310219259361,0.49869352225762303,0.42488648134071855,0.6009952460001586,0.607616269554867,0.5148966755016554,0.5705049606173261,0.43481707731655733,0.4622392832448839,0.46523766064261896,0.47824019233224996,0.4936174145053951,0.5060008497747588
0.5690253253972887,0.5473806853458365,0.4530161010131671,0.4429645613755403,0.44370553163270876,0.49699902371355753,0.4343635317909104,0.5429763051385308,0.0,0.47589610294999307,0.4940570772660741,0.5666312168877775,0.4584238578878413,0.43454273776295227,0.5069107309887544,0.488684869016517,0.4645959838710682,0.514125032702884,0.5233658276670432,0.5661254536597842,0.4970850192153013,0.5121407234510462,0.46761312639353353,0.46086568792192995,0.5683593242235935,0.41641400909566173,0.44253158363927575,0.47406810499986596,0.4482778438947865,0.5663418467420815,0.70391568656302,0.46662712219387953,0.4654568851573124,0.47157784034362715,0.5234165134943759,0.4741160373878124,0.5113361632418213,0.5509113370750616,0.5260572170578087,0.41883489326251105,0.4786996631703789,0.5277451844850803,0.48312690029251276,0.5006762524814858,0.4956229087482174,0.4991168688793227,0.4298213672044883,0.46026165149691906,0.48451101683941017,0.47110144192242387,0.46734905782115505,0.46928235528378137,0.4626085766767884,0.45853629116793265,0.4674183275640431,0.5544483882516664,0.5341158561304106,0.5342391640827918,0.4025522005229341,0.48776699851346805,0.4621825252730976,0.4362147019280912,0.46635878585691076,0.43065339701322186,0.4790027694039347,0.46497743866366154,0.45062849172093966,0.4605799390678426,0.42111254640014634,0.5626767246971666,0.5395742874905034,0.482333052361406,0.4149656947465235,0.44499483980171917,0.5132840316681808,0.5159564368980196,0.42034819157116105,0.4550527589066276,0.5090907526585232,0.4283115737710553,0.4789722329392446,0.5680444505139431,0.567645521614038,0.4740980333499911,0.48922845801361786,0.5959239118343624,0.5224318771701667,0.42409616851927967,0.5150359737862387,0.6104935493081867,0.4849144231441984,0.5467975541214557,0.49507249197151465,0.5033772439099451,0.48788681354932617,0.5703069137004768,0.47776542490042945,0.5205211429090648,0.4600912034215701,0.43439129573560264,0.5067158254553987,0.4555945809996749,0.4257032603899173,0.534861906782296,0.5094469878820699,0.48050444913921797,0.44238905553921154,0.5053016008693185,0.4542879898494687,0.4946899097115971,0.4681205323762337,0.49589750233001134,0.436780702979503,0.514123303547277,0.4802247941277358,0.4888327021644568,0.5116794860281701,0.4981083975040479,0.39567950149050757,0.49927120283728965,0.4954435657721547,0.4888348764492313,0.4789491639952522,0.5538854321564192,0.5282501080354369,0.5116782099370867,0.397279207681016,0.5023599915259046,0.4644372294945988,0.46958280676485253,0.5820291048613071,0.4906035499610323,0.4892614355631494,0.5703084917404783,0.5189672807425079,0.4766720015951822,0.536595307628483,0.4548575088219904,0.4496437204182963,0.6059715868350379,0.46737374707452883,0.4925334349802073,0.5198258225874531,0.49447153797258947,0.5359964537071662,0.3915132534361488,0.627830241893346,0.47436175450677315,0.5615819722367323,0.4310907883919391,0.5909601889835455,0.5076112209703341,0.49279118794808663,0.40615544189388547,0.5567013247057819,0.6109765264666107,0.47468346414533424,0.4987175441456797,0.44082676028404644,0.43536158969917776,0.43041296359038733,0.5621778926177395,0.518165537513825,0.5631726358629933
0.5357979761463817,0.5599802672834634,0.5809186230046058,0.5129015954749776,0.4376339272781646,0.5161959452078839,0.5301190899934386,0.5193513190801344,0.47589610294999307,0.0,0.5146927284079921,0.495412176417777,0.60393931194644,0.5323708203989107,0.4657508861815354,0.5743841469210877,0.5674652360351725,0.5765819716489214,0.4427829179248339,0.48995195365099786,0.5093964859370932,0.5097237483656183,0.5934038395595403,0.46351260582982595,0.6454053402865455,0.51005151734008,0.5473388088025137,0.5657433338583813,0.5445735521298252,0.47857880735480496,0.48545107354232675,0.5660064242670693,0.4975637743215962,0.5419843061549533,0.48240455484271916,0.49805311042244277,0.5674261678449534,0.5112846591904835,0.4185376390923441,0.5355099597767349,0.4678600143935396,0.5634137428236301,0.48808560595215233,0.4832001198850641,0.5692080334066727,0.5728874781339692,0.5097081123791336,0.47119362171762863,0.5822860350387394,0.46866500600366306,0.5121506478309011,0.5061362465195623,0.45245427095478585,0.48060890293563513,0.5184964145399859,0.5934768562578786,0.4936535197644441,0.5064425453728769,0.4915771499628718,0.5259365539164328,0.4895785897385359,0.4775926883822473,0.47711754126703254,0.4671702952613923,0.44036038031550934,0.4922019567914886,0.5478310237907033,0.542443424629151,0.5356045419879568,0.5391925574627755,0.5201028090717278,0.49599027041791877,0.46935215318463575,0.5518709739269958,0.5183858020068193,0.5474337545937096,0.5085671779344623,0.5585914360932042,0.4821804001825949,0.440696925727573,0.5127287765325174,0.4797205369989969,0.5303139893889985,0.5044382091568503,0.5092898584361586,0.5327007039201057,0.48740795577395063,0.47395707480212823,0.6229111479964997,0.5037891320021084,0.5322059788772343,0.5283313401023229,0.5110347317631485,0.47372848824507907,0.5309003623194574,0.564951866319566,0.4126454761098965,0.5875533534688179,0.4485296122680539,0.5695403101681027,0.4818726613068234,0.48182979063864567,0.48136482742325587,0.5583682699058337,0.4979948123277816,0.5791478812522449,0.5066559396957757,0.6163386499437926,0.5775045036549785,0.5406933984334961,0.5024445556676939,0.48586700259235555,0.5214391506451422,0.5158486151480453,0.5129574906799148,0.549371499814657,0.5424135314195555,0.5181103880056332,0.5081810715901759,0.5652025759736702,0.45516021235227616,0.48755357827628826,0.4951482300860498,0.5692884451353419,0.4336453906856371,0.5545663299243314,0.4625432848505858,0.5150048059601284,0.5810563956318248,0.5217631202488209,0.5480565515398546,0.4929154663709209,0.46770798054087687,0.4377277796984188,0.4437855823696969,0.4230889593649596,0.46779851538390504,0.4811499526862168,0.5245135245739547,0.48281922455712795,0.5001306696597592,0.5412779409138491,0.5447317248317778,0.4861977295609836,0.5400005469560348,0.4479880420312279,0.45783506932871115,0.5502500401327494,0.6335792952998369,0.4311785226911364,0.46505131616474,0.4850233039615991,0.4502626771534315,0.5328262100541951,0.5636885270703139,0.5404955165758005,0.49065904947342603,0.591280335093499,0.4740699427693797,0.5359923289201199,0.6008253733122031,0.49312643681815194,0.5008308476141401,0.4759151442621242
0.5841683486456046,0.5745280506764531,0.5926871921864254,0.5759134449707676,0.5118024443572019,0.533813367880325,0.5001677246622149,0.5332897431045096,0.4940570772660741,0.5146927284079921,0.0,0.5692853620934712,0.571411401277724,0.49902862829552336,0.5474396579066193,0.627613057966917,0.585360758120169,0.5605849953100364,0.5120794441218267,0.56504883118902,0.6160792513849691,0.6412113484993297,0.5139179726686787,0.5866013727454744,0.5874725376087971,0.5711927876943559,0.4835872694885341,0.5604187325079997,0.5661541096643065,0.4677844650096839,0.5435273660448537,0.5121448217503238,0.567020493090691,0.5313076598808849,0.5466754304924731,0.5515691431204864,0.6201654479402929,0.5895774283789589,0.5672171522895927,0.5430779372808073,0.5592985287932696,0.519353102609091,0.5398381053958052,0.6488481427448722,0.5753781510398257,0.5494519877246404,0.4380748141688083,0.6674587789529794,0.5701416746627677,0.5207893496610316,0.564951502196817,0.57604170317125,0.4668652586546349,0.6125246748154701,0.632966446878899,0.4898221029524168,0.5910962907600718,0.5773646482521066,0.4538480387980795,0.542996490668409,0.5684774719234833,0.4521786685926577,0.5579904235522264,0.4675452305273536,0.4828750606177295,0.5180328862939411,0.5552427268356525,0.5167989871963281,0.47809900117426385,0.5763551924142238,0.6127162576952478,0.511328655483688,0.47250321944832524,0.5692859250203665,0.551385030179236,0.4917614605165171,0.5471086798374807,0.5610646122907296,0.5395425660898637,0.47103875528186295,0.5181256155970482,0.5480095980283064,0.5322682447684861,0.5395273225378454,0.5363285504022413,0.5881389777022533,0.5459317796001472,0.4413582129847305,0.5022576587830248,0.5223488646548696,0.5694126183229974,0.4961161459929536,0.5838278491687654,0.5423753605485803,0.5616355550679412,0.5767976384122325,0.4784717796541566,0.5145820440820468,0.4554390882819123,0.4926288091325604,0.5588113747237968,0.5170538957696701,0.4603733494506999,0.5137863781034332,0.5289155103207286,0.5500621032741366,0.5133830669065073,0.5349941498415933,0.5336136678463689,0.6060484873304851,0.5967368332376741,0.5464295910938821,0.5148977432145697,0.5070432613701322,0.5599747649262685,0.5586097189025462,0.4957567363813393,0.5454716376933748,0.5184797559702266,0.5067836584770667,0.5826985674073524,0.502585579987138,0.5422803161663943,0.6464521420156266,0.4983041288968711,0.6317265026155349,0.4290971791483921,0.5738799545689136,0.591822241374874,0.5422933473483424,0.4591000823153165,0.5541021608055459,0.5359186907405756,0.5535406612955653,0.6176440464628017,0.49514722381990506,0.4929147210710083,0.5416531703603463,0.5581214717528511,0.5409391139468146,0.5266953431388577,0.5435454291786944,0.5352861973610473,0.5258191243387608,0.6731754157008802,0.4092040045142571,0.5531121724533061,0.5023631860410259,0.5624263814385826,0.4410631250838066,0.601071409148386,0.4852901138532448,0.5576604074886561,0.4455168029909241,0.5942362833017799,0.6427446283200977,0.6060371446121284,0.5741456287284027,0.5357709809243457,0.5175201672980201,0.48037595949220957,0.518381672182413,0.4784218454878475,0.6736050303918144
0.5270813187886225,0.5908808843238526,0.5396710908367703,0.5043100497939902,0.488705948256264,0.5600221321242282,0.4535781570227148,0.5685629786800172,0.5666312168877775,0.495412176417777,0.5692853620934712,0.0,0.47412449755033537,0.4180720816629657,0.5042297678493104,0.5578070513727035,0.5346437255401063,0.48967563769031863,0.6015912841003427,0.5352649043806144,0.5959251282259053,0.5617365723880671,0.4976043027526424,0.5301473499453873,0.5784940551727108,0.45457552677474516,0.4484780598065958,0.5223756264605732,0.48504527502239886,0.5682398502173439,0.57959699114426,0.4750145588040112,0.512645870249775,0.5240475561422825,0.48683271356173935,0.5010011488861404,0.5041057981691037,0.5364290226026395,0.5724822556248701,0.4527436927951084,0.5410309681442342,0.560256166243417,0.4830214961191357,0.5357168021972529,0.5139691891456143,0.5130670112982537,0.4373593950502718,0.4912173796742606,0.49016084732963855,0.4760560627864653,0.49742420281709354,0.5463147173365526,0.4529293519865973,0.5322645845271124,0.5030391361743645,0.527131430895689,0.5551151759768899,0.6797606990991778,0.3968053111947385,0.5044246370057976,0.48798326936753866,0.42437256516238114,0.5029868363507394,0.42125463951182085,0.4491285758913562,0.4599093368652009,0.44983146540931335,0.44558557703696683,0.41431706482583125,0.5468489466169919,0.5212874735921533,0.4418002901835039,0.4150935350867731,0.48529416420117155,0.5515658313348374,0.4553033076461086,0.45430033719748564,0.5039567788365901,0.5194730706518977,0.4361639621124471,0.4928829024399132,0.5503671653358402,0.5730626957783502,0.47879440997030714,0.5048662027708959,0.6211061160153014,0.4968672332849145,0.39852262279448974,0.4938018854211578,0.5715819484984324,0.5168921852261875,0.5171339373178876,0.5184204276358758,0.49587104456475234,0.4838150994473143,0.5669063514299263,0.47018859368360855,0.5547821012542535,0.4284489302909947,0.4472777271894137,0.4635275883413096,0.46881187943813146,0.4280876114182345,0.5624749209327904,0.48885939266890416,0.5220909661976241,0.48215582842465504,0.5569807692532607,0.4747405928541978,0.5558317391489258,0.5413282743263556,0.49680400672786923,0.43858580067605224,0.5005194930306351,0.4881343040701059,0.5622837359173107,0.5052193876634354,0.4901001909330179,0.45038336923309336,0.48188859287940566,0.5033940696221135,0.4857478192454258,0.49298594647025396,0.5959780871908373,0.4540047316315642,0.5652801867897798,0.40672272347452537,0.5500552937911712,0.5340331804212831,0.44789610997346896,0.5355759554251013,0.5472906082657701,0.4575520823114224,0.5590737360879091,0.5324995464248574,0.43435941967175623,0.5186352677714142,0.45637528534986826,0.47114306444961995,0.5742513079841138,0.4513829170715664,0.488528411976011,0.5248509665303576,0.49512468522790126,0.5452980411703587,0.38861067886257417,0.6649295905862002,0.4907136219284499,0.5732178299260782,0.4604644859776449,0.5545922829079193,0.48088840797504534,0.5507447397681068,0.4282842741746358,0.6672734815872602,0.5547339077849973,0.49653575385545345,0.5815583654166139,0.43354822674707955,0.44331934045863186,0.4272593399152633,0.5001932317788073,0.4881702417589316,0.5940186134345817
