0,1,2,3,4,5,6,7,8,9,10,11,12,13,14,15,16,17,18,19,20,21,22,23,24,25,26,27,28,29,30,31,32,33,34,35,36,37,38,39,40,41,42,43,44,45,46,47,48,49,50,51,52,53,54,55,56,57,58,59,60,61,62,63,64,65,66,67,68,69,70,71,72,73,74,75,76,77,78,79,80,81,82,83,84,85,86,87,88,89,90,91,92,93,94,95,96,97,98,99,100,101,102,103,104,105,106,107,108,109,110,111,112,113,114,115,116,117,118,119,120,121,122,123,124,125,126,127,128,129,130,131,132,133,134,135,136,137,138,139,140,141,142,143,144,145,146,147,148,149,150,151,152,153,154,155,156,157,158,159,160,161,162,163
0.0,0.977127990652008,0.921284217638624,0.8549529307929481,0.7077721967815321,0.905452969575155,0.782921161930384,0.8983767029280603,0.9094748118801227,0.9108755847655389,0.7562672445143546,0.7069749787508481,0.937751082282024,0.9484681121469867,0.9400334913234302,0.9228342457435048,0.919237491881871,0.9742547396346153,0.9477379083948764,0.9922191318024892,0.9616306540155323,0.9384727837030011,0.7276822670179387,0.8957753437303091,0.9512952861815832,0.691989950433388,0.6853856082056251,0.8903777893736614,0.9768349491565234,0.8600854258999837,0.9183343409807265,0.9388451493370084,0.9621778850001038,0.7092216537816213,0.9198284788640327,0.8429375759696356,0.8951364290161378,0.9585152202962015,0.7060116427365134,0.9503939749105623,0.9216961804130749,0.7210610395786244,0.9578754466280746,0.8855737457121325,0.9374791545324918,0.9182538512788404,0.9227896973127575,0.8370535550065449,0.891239031465219,0.947187675618644,0.946601478728448,0.9525539005692027,0.893244741352728,0.9532641845666838,0.8763013554678258,0.8703216999839071,0.9740289964336892,0.806465645408631,0.9314185884381007,0.9475757809983258,0.9057212187770332,0.8927444235960691,0.9286123326526696,0.7553877579028803,0.9491896755553431,0.9184883184091687,0.7559642011833918,0.9635563265877882,0.9229230627749924,0.9389313727746058,0.9812707914519543,0.96256767651489,0.7634737585833463,0.9205483252977148,0.9018081285293775,0.9294212474808536,0.7176415633300977,0.7252605763183767,0.9067558155440371,0.8390969548774394,0.8764717488696563,0.9341286193890601,0.9429589448366416,0.8974139733727523,0.9269204351080014,0.9631317340712418,0.7895661137693644,0.9229439124121979,0.896854521053328,0.6949197832845393,0.8463171466721832,0.8759348642480903,0.9490437563876917,0.9419474596828388,0.9316545369954844,0.9080042756616034,0.9225846760496874,0.877594526709768,0.7407439698033527,0.8989829282294454,0.8877865739139987,0.8300652056945699,0.7221768967428464,0.9538591130385182,0.9600465128250744,0.9189635409978876,0.8709898939766231,0.8252084370764478,0.9269527152744365,0.8520145529452784,0.7226880101679859,0.7187239674329596,0.8707835579698678,0.6439802763383584,0.9280316850372408,0.9174834879693817,0.909887603590726,0.9039263145422636,0.8157776655489349,0.7810913360544033,0.8453661632216048,0.8540992914718044,0.8719462487053423,0.967740051817632,0.8750460510959861,0.960076370654279,0.7953143050860754,0.8045861074895381,0.9475435782324299,0.9658079482347819,0.8684903173387412,0.9118458827775644,0.8399732230571376,0.7181082874756246,0.8313729055163215,0.9437820865474422,0.9475286418545366,0.9160731043985922,0.909733586575136,0.9074803343691089,0.9413486103370531,0.9036058304757283,0.949801636659596,0.764412886902712,0.7698259147089278,0.7215382609289913,0.8546958730339863,0.8479787382257449,0.9870672909532272,0.5817936139568389,0.8893601994132786,0.9012991235324225,0.839524768299482,0.836798158963881,0.9336182660213825,0.9378672935588279,0.9178009893565016,0.8658680295457505,0.9399629708813056,0.8775989942687134,0.8630595037186951,0.9748619494867684,0.9754374703068424,0.7891404308398815
0.977127990652008,0.0,0.9149827704521799,0.8098521591160628,0.6712677747877531,0.9296131322032651,0.744816097380716,0.9158347547346558,0.9084506566260555,0.9228588104589084,0.7118220085815978,0.7046732483431666,0.9288712436198985,0.8972407125172868,0.9232814861929811,0.9028486445995659,0.9085937784855713,0.9585318019673219,0.9536435492764538,0.9711287249694681,0.9339943829069873,0.9102904216841944,0.7000078988848444,0.8827777634764588,0.9324170438246913,0.6433154969507994,0.6644981819028863,0.8871668606361297,0.9573146193595804,0.8794503178393989,0.9012220915918973,0.9163467224593181,0.9605418527301016,0.6810717447090824,0.8683332705356194,0.7831078845219208,0.8557145019286035,0.9218109240224528,0.682047654714757,0.9195649461887938,0.9222864110191354,0.7113325101256095,0.9185666607150748,0.8340665908439744,0.9067983998983862,0.9268163437004835,0.9242693918828382,0.7823370303426966,0.8375718689465698,0.9073824019045856,0.9084337719530041,0.9495093052378758,0.9038875989106886,0.9145696630472757,0.8081096745425492,0.8993246951641012,0.9591670208900305,0.7907547147029428,0.8860123358733992,0.9349445701662854,0.9017918198523812,0.8767952482989342,0.9187804916858011,0.6937900019749353,0.9289132680081478,0.9141047795594099,0.7153015682950106,0.9399572825289296,0.873425950945513,0.9251666088779974,0.9529045389941734,0.9164481774815265,0.7072002022334711,0.8886146888285907,0.9148444780978034,0.935179680315632,0.6740682872293134,0.6957409735107497,0.913105947584047,0.8543907024145275,0.8969971848476326,0.8999253780458638,0.9781965038489925,0.90439867134841,0.8700916194608875,0.9803432158587961,0.7510164216899832,0.8711128744178449,0.9127904192852451,0.7129883236946107,0.7908873028659554,0.8449392244237668,0.9137890616601577,0.9431802424338449,0.8732993103811615,0.8969210344961569,0.9196500760913514,0.8696328217853905,0.6834464157872274,0.8910854142923533,0.8380308877242802,0.7836427917840001,0.6635778200947424,0.955208520821611,0.9251979842314184,0.9252480994287102,0.8671234826944889,0.8372107844140808,0.9268330487485166,0.8451842196802452,0.6798368814634533,0.6602294094174156,0.8366009484982109,0.6230540319853243,0.9247510882688537,0.946134987254862,0.9262971271050979,0.8464259910044433,0.7752054738967176,0.7455830757623897,0.7967362924657154,0.8304158624401538,0.8348639025673392,0.9749346032210632,0.8322327823827956,0.9639326430488164,0.763803734085861,0.7853062759835946,0.9184296417830661,0.9362368444375295,0.9117089089021861,0.9127919679459865,0.8135294804306371,0.6912488141265444,0.7905882763716272,0.9265238507308208,0.9694425728894815,0.8690412801489994,0.8582130890835579,0.8980312644869002,0.9366437266004921,0.8453905560002464,0.9292003951919594,0.7051828314692217,0.7218579170270489,0.675633709998249,0.8505517379598837,0.8801736348368718,0.9777427590478093,0.5727581090137235,0.843960055930206,0.9144243878074491,0.8011064568738995,0.8316949829671479,0.9428939382296387,0.9166987526734005,0.9155791881502547,0.8962732297552234,0.8902243086487164,0.8327060968297993,0.8774982441179461,0.9595495834794718,0.9796890878156083,0.7553769400708095
0.921284217638624,0.9149827704521799,0.0,0.8820470997821108,0.6660514854106913,0.9329982851823865,0.7564774609641332,0.9201003655078775,0.8260743421779478,0.9550765658553338,0.7248986303462263,0.6761795949832856,0.9644236106321326,0.9161342658099417,0.8218152515559835,0.9693339164880337,0.9643870438995862,0.9189433947680884,0.8576190291917486,0.8889458362110751,0.9421221707415977,0.8813818019079426,0.7288883847535033,0.8041636712270891,0.9168519797784705,0.7204021784051556,0.7260236143540506,0.9190549267319501,0.8844585944062185,0.8444513560295814,0.7907354652627681,0.9565327893013608,0.8887315166402056,0.7243665943849374,0.7975301803422773,0.7855387101398322,0.8562204155775583,0.866448393785656,0.6104173316086282,0.941347206207399,0.8238762554548524,0.7819854726317043,0.8835768253520219,0.7727418601182274,0.9169819451632614,0.8933157520469446,0.9165292301443999,0.7574691840795289,0.8314309827673781,0.8784822855559706,0.913543255570468,0.9404384274497057,0.8406938255828993,0.8924301381645022,0.8029863715070438,0.905361321032231,0.8970302063398149,0.8445968919941609,0.8975805703769869,0.907216308745162,0.9093185079612326,0.8938688004253718,0.9041305650391591,0.7084708756788093,0.8565958990776638,0.8856484815470568,0.7694828135552247,0.9433587844355048,0.935576484165443,0.9244401273299067,0.9114444156976361,0.8429034761446754,0.7956678675149466,0.9640987259909413,0.9088594085378562,0.8644103482818353,0.7781969516811044,0.7403349048383359,0.8427402215993421,0.8067728606194599,0.8580043501016557,0.8553500949201542,0.8960461422672988,0.8742025197388289,0.918386238225595,0.9044692404092343,0.7827252062530407,0.8822910570180322,0.8946041792819851,0.6733228674991344,0.8430680340086428,0.8142646409812302,0.860649896599765,0.8667822732615728,0.8913282798604806,0.8269040822176382,0.8541630240406857,0.9013805562075868,0.6775904671422652,0.9338766297923502,0.7452313689853148,0.8588894497847243,0.7178676687538996,0.8678422906758941,0.9011365119807937,0.9459588622021623,0.89848148536572,0.8852014274524836,0.8960164882059714,0.824596962843081,0.7048021204783054,0.6712942832843984,0.9041710481306019,0.686490456037447,0.8740336009070181,0.9560098309656461,0.8738868177811124,0.8127650982521611,0.8859182734909301,0.8344022124886558,0.7400145428412213,0.8695945615799093,0.8325796401915297,0.9049434067841708,0.7356566296989593,0.8789153824026438,0.8799804879515728,0.7973073629706708,0.9489759488971365,0.8760341875815871,0.9043314607221644,0.9646113712776095,0.7846107145415382,0.6349203048543035,0.7233010177488931,0.8196835457890704,0.8515465729813141,0.7993415912330623,0.8410163545849505,0.7934599940707481,0.8559481735622596,0.887830867289031,0.9211354416394064,0.7348489781858987,0.696253273461685,0.7307537123105408,0.7727238751087329,0.8384871495000443,0.9377101383703641,0.6212889526890356,0.7658219178067296,0.8231950990005372,0.7806661765120809,0.8916708408994443,0.9039835083555323,0.8523068257728632,0.8622201615965295,0.9247259879821309,0.8056112852944983,0.9051933958663783,0.8526485108978668,0.8513966909463334,0.9090513883513072,0.7092600960664597
0.8549529307929481,0.8098521591160628,0.8820470997821108,0.0,0.7521970577680772,0.7836594739134523,0.8691898428593466,0.8138735769310388,0.8017757582178664,0.8210409423359172,0.8394485520024719,0.764123826826911,0.854913739105621,0.8945772344878211,0.7959063621223235,0.8952705599806308,0.8498293673239825,0.8140680297284557,0.7943873534010923,0.8358299021534833,0.9174714337131538,0.8883670280818846,0.8325771175497568,0.8332400302396082,0.8959637610200842,0.8460213922061964,0.8059805518193945,0.8319487078374987,0.8181388350342633,0.7686914586514513,0.797332110381405,0.878230800048042,0.8048315593587283,0.8577407682363921,0.8411399576129445,0.877223096346247,0.8980287318146735,0.8211003254372393,0.7007461168088395,0.9197277290965556,0.7390511805191673,0.8227208875386433,0.8358709372091344,0.8304896760304727,0.9255747146787106,0.7663608685322901,0.7866420689589086,0.8379989129699102,0.917440536934863,0.8435785156143202,0.8857138137006276,0.8123756475153215,0.7127140336150439,0.9163271302341758,0.9197753482855794,0.8012791828086521,0.8191117561674269,0.862586350441335,0.8738838583112724,0.8290065884108851,0.823648757710902,0.7842071724093399,0.777871764339344,0.817800298929083,0.7834910152477358,0.767577922900228,0.8897283891317505,0.8647131095354185,0.8772344624932051,0.8528751583766004,0.8548363204771395,0.8159883475442402,0.897294547451174,0.9306244716444358,0.7605582774593069,0.7435296531579453,0.9235586673620553,0.8320295532559567,0.7250873015939704,0.6890802671103086,0.6985830001521087,0.8815877898675144,0.7696432435170831,0.7298634005306566,0.9357355226623821,0.7938298072196118,0.8584944673914515,0.875164294777513,0.7539193247489413,0.7031994737062766,0.9099059871194335,0.8666996153634283,0.8262544523317906,0.7627301701860408,0.9185655208924157,0.8201976757002545,0.762171830417583,0.8725743005343573,0.7863649575672841,0.8441528451212607,0.8000908628247243,0.9281940010668454,0.849354969780256,0.7818960071537754,0.8355161362095832,0.8048615058037988,0.78500526806393,0.8017611819834113,0.7787368102986921,0.8374605433519572,0.8709682401404495,0.8105728772656388,0.8799697288079485,0.7489543405734501,0.7520691875806996,0.806559488557124,0.7309002146809193,0.8862257165719538,0.881948262378813,0.8641159836556588,0.7977598664652542,0.8134322121509496,0.8504788297976923,0.8079435253812066,0.7630301074363106,0.7882271863185927,0.8645902546365649,0.874829440954336,0.88533113219286,0.8047735555099474,0.7459438099810154,0.8238677653126759,0.7924128937074447,0.7196093830034637,0.8060461061871032,0.7433722996897751,0.7388279392738719,0.8283550209509182,0.9018934610172682,0.7665745427270733,0.7465052190368212,0.9332144245737036,0.9047741089275553,0.8635306262094425,0.8033984345525059,0.8467622040403862,0.7796193361379185,0.6818081051418513,0.846969569149327,0.6182524503435377,0.8389866185454176,0.6975739668191153,0.8632238291588679,0.8517787660349455,0.8488035348716986,0.8541506198905111,0.8336862424359067,0.8040688069439479,0.8360874833466041,0.9010080542842672,0.6970799529744525,0.7825751670464375,0.8168631745305792,0.7880674754050039
0.7077721967815321,0.6712677747877531,0.6660514854106913,0.7521970577680772,0.0,0.5714185431404399,0.8664637537043975,0.6087170775692793,0.7914075930117193,0.6040026998024691,0.8233641439787717,0.8469034970029635,0.612520979188375,0.7165803313274263,0.7594777364389425,0.6749070144400042,0.6306425929910274,0.6636525178768858,0.6680942988766849,0.7102777378041305,0.7483766499910964,0.8306395369725893,0.8322746178101947,0.8076389076759455,0.7178529198795275,0.7668131906657223,0.7620705677064376,0.5969981271891897,0.7074135140206151,0.7291087924256104,0.7797981124472799,0.6390411520851323,0.6703116551025852,0.7098620728031064,0.8352856704578342,0.8672271159041659,0.7473762620342029,0.7418947899055959,0.8537211400131899,0.727774207511843,0.6743768260246988,0.7546208071214879,0.7114661546994365,0.8342084824696835,0.7255496529844384,0.5962207705167035,0.6522273695703847,0.8017234477678001,0.8374607671853894,0.7367194122160726,0.7079682286765596,0.6295851489204923,0.5819941126759375,0.753090974165829,0.8305739591398389,0.6365923648601098,0.6716580043911353,0.7863476414176163,0.6952444736028545,0.6636703668815628,0.572915476299789,0.6052013416790093,0.6035837171528514,0.8879450435173449,0.6684301240257214,0.579573286387195,0.7053482064150797,0.6863332939957467,0.6973650667175888,0.6623957768712427,0.713300000853907,0.7311174667979817,0.7086031103389783,0.6724044301190772,0.5740911630040038,0.584102158650508,0.7044561777654802,0.8775749193855895,0.5885517378182461,0.5343067389331153,0.5383051273151687,0.8138130358939492,0.6636046758838683,0.5524142579168915,0.7229076802843492,0.6718712488003775,0.6766128451325465,0.7165655442386184,0.5623664715876622,0.7005666868533641,0.8823536320229636,0.8279429865781173,0.7426898098687295,0.6012656426195042,0.7692517218086264,0.7721833391724396,0.6069920622024281,0.6929490615846876,0.907084214892264,0.5990679644409715,0.7761111481229434,0.675642848852444,0.7865756794265606,0.7006224827910839,0.6765875773645607,0.6079807834769411,0.5685598732395792,0.627490651863437,0.623987639196705,0.7094265143833758,0.827714528202686,0.9282405793695618,0.616316565125654,0.6625967562440372,0.5971753218342573,0.6205709458585709,0.565808697970825,0.8669754555354103,0.6355883261283227,0.726222658587277,0.9158935541604994,0.6261117712578973,0.7016272379418024,0.6549022268298331,0.7795350002517554,0.6439580331174662,0.6375241257266091,0.8224044454753822,0.657067128550521,0.692520390384385,0.6058836987748762,0.6083082095618226,0.6181366895218355,0.8448919257892685,0.8096087555404892,0.6681681237704672,0.645924505167445,0.8371991007571081,0.8388051431550223,0.7392633325333422,0.6017242469824294,0.7864433437395612,0.7405766603937662,0.889604390070358,0.8494985872598974,0.8180582566658193,0.8544945012483715,0.53397107807353,0.6970025627453207,0.601495347217403,0.7975421685405557,0.5818235645854493,0.8868642849112147,0.727893954255142,0.7070278150861389,0.7242020443078754,0.657801929974622,0.6034373169321623,0.7623706677470168,0.6419445971485324,0.536009809387421,0.6748185129035714,0.6978528528488092,0.8748091576196009
0.905452969575155,0.9296131322032651,0.9329982851823865,0.7836594739134523,0.5714185431404399,0.0,0.656415720822467,0.933112995457369,0.7842785872290601,0.949627731567363,0.6646233827408229,0.6187345464134905,0.9735857461947811,0.8500937542549121,0.7952489560536391,0.9252928707190259,0.9343666131230256,0.9056623566558023,0.8779212472926069,0.8836650785771355,0.8762724129264544,0.806346996487267,0.6256850095813216,0.7702398879995725,0.8835153422668028,0.6273143349469998,0.6249912002779717,0.9285887864102507,0.8896217213591183,0.8023901129153462,0.7696106390462222,0.9283220388518272,0.8913098413564109,0.6560796553651917,0.743429437122012,0.6822687534442995,0.8161967125208808,0.8357484948533948,0.5786318210537019,0.8681111564060894,0.8284775701794408,0.6838125130874452,0.8460040382323467,0.7290817790175836,0.8531653541431007,0.917430063177189,0.881016192809476,0.7189149537232725,0.7434254465445185,0.817834431656598,0.856155349254859,0.9438333410499858,0.881213734749861,0.8411240110633431,0.7272637090370153,0.8976581155989196,0.8982974949652519,0.7510694396520293,0.8332491466313279,0.8813206191557773,0.9711662403273225,0.8789900504963636,0.9258160526418666,0.6056858638542882,0.8513882693318042,0.928376724376951,0.7048179857740253,0.9111319208721653,0.8452362571347409,0.9184897239201423,0.8844629547139204,0.8142396452532789,0.7040451681262314,0.8939297157004998,0.9531196337865617,0.9253631971690456,0.6850563286356375,0.6383230543172052,0.8947414228310628,0.9287323356652009,0.948353373957853,0.7819261646057981,0.9203575966542418,0.9590623156381317,0.836157522799187,0.915539937838981,0.7611417835101678,0.8086507439477127,0.9422848803749637,0.6592677998704977,0.7098776948539104,0.7262779792210112,0.8168142323143223,0.9225530192400425,0.8044801420735589,0.8023698352596399,0.8924600947045213,0.8336180413223864,0.5887260202979999,0.9178629442574108,0.7349807523250038,0.7908619989470074,0.6116338960002131,0.8505415507342104,0.8711640761125274,0.9424614493169886,0.9092309119766725,0.8595425997875108,0.8943747446598456,0.8081657825467509,0.6260700997570161,0.5755759874093239,0.8875626218548796,0.6282242364072793,0.9119895768994755,0.9621750775681462,0.9372537904953592,0.7322821791415043,0.8201822884964814,0.7327936587632558,0.6711039575417972,0.8422263144977786,0.80746251768407,0.9316801186597029,0.7233025566984734,0.9237596828156492,0.7780132806102178,0.7139353429475805,0.9172865014869024,0.8566084345240657,0.9130247566032237,0.9681017126237219,0.8362264310458823,0.5993972154529201,0.694405277769624,0.840461810927932,0.9001313750045731,0.7381867074952649,0.7545968955178719,0.7791836883121074,0.912047321124457,0.7973476644249318,0.8455489741365727,0.6236895786173696,0.6459604792420398,0.6185953556174151,0.7189078179466563,0.9160557703355745,0.9134726718577133,0.5819574964151853,0.7402147797648777,0.8856653310210095,0.6904254158130406,0.7783602825094,0.8863867762609298,0.8477928068631199,0.9017513582382054,0.9473837009537162,0.7892934814723861,0.8621526541237764,0.9168387206936965,0.8845907785647545,0.8925763964410872,0.660358492458205
0.782921161930384,0.744816097380716,0.7564774609641332,0.8691898428593466,0.8664637537043975,0.656415720822467,0.0,0.6775821474473676,0.7807160235635959,0.7306033060349889,0.7934987487253748,0.814198903738747,0.7254282325962449,0.8213399211729532,0.7937190372264573,0.753279051513453,0.7155554303110744,0.7334588512275926,0.709125474448979,0.7660213352506887,0.8295341462194786,0.8483181609993506,0.916467792601575,0.8559650906190112,0.8323174488896071,0.857318668013799,0.7833063754668534,0.6819116659671665,0.7574217107101251,0.7265990394406218,0.8037444909557058,0.7679356313612701,0.7335466561347584,0.8697424468065527,0.8546340712468203,0.8944051311794503,0.8518085119607538,0.7377725731792616,0.7510844760490928,0.8638475873281112,0.6928309419220593,0.8142187512635444,0.7789936486146963,0.8552424177324994,0.8567728072285539,0.6846035822410682,0.751967229549577,0.8308829177490531,0.9519803761526852,0.7932773591462285,0.8128896139134882,0.7117350280070633,0.6374658776501172,0.8364185268038241,0.8972490647325022,0.7571861105850357,0.7320206903317692,0.7608380760026134,0.8268571697831031,0.7492897004585213,0.6644901742402215,0.6958177940950557,0.6655427958514487,0.8901256194653012,0.7331060761996336,0.668125226676211,0.8620629075685153,0.8044151692678667,0.7790725774387617,0.7126819531630187,0.7932383068097568,0.7898361312530715,0.8212097832406119,0.8076931640674435,0.6273174495933453,0.6711772686461047,0.8481562782770686,0.932496865988886,0.6394522320312079,0.6018628121470547,0.6043027602097389,0.8645927254536866,0.7183515003711107,0.6071372254981597,0.8280164589280404,0.7111089216339825,0.7430651081395604,0.832040728366879,0.6556577494293458,0.730893549211321,0.900964944290017,0.9374863840585361,0.7831083809935832,0.6757620990925077,0.8590814384689497,0.8255669823963991,0.6636555393138337,0.8414826865573579,0.8849229915640603,0.7428804632145113,0.8051919860434998,0.7954452632710021,0.9068486980332464,0.7566671946684843,0.7437454076779789,0.7069486974299724,0.6671471213346276,0.7070093820075433,0.7177222516842277,0.8208297683199405,0.924336679460244,0.8853200872635447,0.7550426797941991,0.6429454409829186,0.661407982512919,0.6929114270550945,0.6436164816525239,0.9143949966244593,0.7660953507799578,0.7847379704832992,0.8469123466786228,0.6743107393315283,0.7946452046993221,0.7403092994305143,0.7699842920315377,0.7122081108397086,0.7779171758208069,0.8877837710582942,0.7693612788128538,0.7587195330264884,0.6594595910193796,0.6703361200566025,0.6621869060344943,0.7347920604649515,0.8050372927512415,0.7064159519839421,0.6922808515171948,0.8673612128430346,0.8877706865933436,0.7418757112260129,0.6641744360171453,0.8759181872497724,0.8612031663599407,0.8757397138807073,0.8490414827575917,0.9452205910384194,0.8057739449958735,0.6006542348347179,0.7823954672318999,0.5446443044695893,0.8142547341308612,0.6279933430013834,0.8341256059026942,0.8755914340024703,0.7796901958440601,0.7988243764403382,0.7345149247443602,0.7096306850978135,0.8166097826561333,0.7841579249990642,0.6160675523692066,0.7250418099923787,0.771468768607925,0.8021054486934842
0.8983767029280603,0.9158347547346558,0.9201003655078775,0.8138735769310388,0.6087170775692793,0.933112995457369,0.6775821474473676,0.0,0.8428943327842263,0.9128306373029582,0.6751803615754975,0.6804670156336576,0.926692077673214,0.8256912312431847,0.8375093246534423,0.9167698317859889,0.8972577195912547,0.9042024826292233,0.900144033488237,0.8846448146540768,0.8778438074327878,0.832009640431094,0.668706036593668,0.7798150312086395,0.8821662597743595,0.6389660971357212,0.6880082453512331,0.8974694260929634,0.8478485289206232,0.8657777488754487,0.8256452586452713,0.9022842866880251,0.91316807174721,0.6727494945950089,0.7593487388518029,0.7292288112275429,0.8148886197002293,0.8685258815451251,0.631206860107209,0.8544681659316542,0.8493973918475402,0.6847249171577618,0.875437749107529,0.7334196670726593,0.893196555429349,0.9127759956214287,0.8732413581520633,0.7110601840275945,0.7594658573259363,0.8439561070968197,0.8670220824122239,0.9085865285398568,0.8569839903081095,0.8513957148468434,0.7567647347792631,0.8576534822349946,0.8985207050526944,0.8304901591742188,0.8163190827558376,0.8975841433978112,0.93012550621998,0.8696766725529784,0.9075240036581509,0.6269145059879113,0.8485056868947367,0.8911324275805764,0.69445455129519,0.8921512088443052,0.8580715655924527,0.9647704419988661,0.8878266677343434,0.8171672383995041,0.6789904077853592,0.8853401231535873,0.9283454801238497,0.8829977455217549,0.6979330374672883,0.6553192270995191,0.9053745428022497,0.8074403835819878,0.8718395342480595,0.8299839109439984,0.9255332064741741,0.9108915735105018,0.8318765460638367,0.9407509659838801,0.775145198330001,0.8293483940902355,0.9236486282337888,0.6883742956393605,0.7534685007231322,0.7674617830010362,0.8396920972393385,0.883288769469323,0.7951024660639927,0.8247871386583182,0.8928669035663933,0.8310702663035322,0.6067304704933035,0.8892074009218497,0.7380101189394742,0.853679832069485,0.6442783860634593,0.8956721759960098,0.8859645481342854,0.9356345383314509,0.8905937623248646,0.833823504619281,0.8849570818447362,0.7673639928898012,0.6339212006216395,0.6108436942533537,0.8163876371294629,0.6668415995029557,0.894316413820578,0.9409378100913981,0.8885225908657663,0.7685052490136283,0.751433805733463,0.738643017899838,0.69905985743648,0.9360381020586693,0.7501354326594157,0.9158272959382195,0.709177988851374,0.9203284783352762,0.7673111313191272,0.7898000580940769,0.881049610610511,0.8658276006938067,0.9161002678813233,0.9359433573377947,0.814158648722422,0.6233642444089522,0.7121635852060578,0.8230350839568544,0.8953280061215905,0.7683424982039468,0.8003960374360561,0.8498255377591005,0.8879857039331333,0.7813899259867887,0.8608751188336581,0.6618511414508452,0.6541757572361614,0.6438338627768203,0.7794755916520585,0.8816454483795545,0.9139727592685858,0.5742069671571098,0.7770128193673972,0.8574596822028289,0.7431450869709713,0.8064403974625748,0.9236713390492046,0.8668616148330465,0.8607766395244014,0.9166132466020123,0.7757378254855942,0.8198153481698828,0.8565947706236405,0.8484708409359618,0.919831594128834,0.6772397793324424
0.9094748118801227,0.9084506566260555,0.8260743421779478,0.8017757582178664,0.7914075930117193,0.7842785872290601,0.7807160235635959,0.8428943327842263,0.0,0.7899507235220119,0.8015254142892521,0.8210502001458788,0.8008142243706428,0.8383640823808851,0.9136541645398175,0.8325430552502299,0.7888386271819496,0.8592255965157662,0.8777846355400843,0.9175827389014724,0.8728073586738441,0.9589698209848978,0.7553634698950767,0.9021563018584067,0.8945168693698602,0.6680636252923974,0.7504509782008186,0.779210166897599,0.891271071878413,0.9098595956955022,0.9418115576451626,0.7919179715570642,0.8700540008973354,0.6818384637844105,0.916911102189597,0.8278851797638382,0.8582525307527125,0.9259265894520151,0.7994742200097413,0.8378243133796138,0.8493728904089785,0.7621807666679262,0.8522508891862957,0.8657966432468932,0.8659069998422781,0.7810146000946243,0.8026293796356521,0.820541523522292,0.852739574954348,0.855080811533355,0.8220026733370585,0.807642747196429,0.7653749803577838,0.8671494263568245,0.8296383936810038,0.8246412417204209,0.8598106296435026,0.8644956554969719,0.79584147152166,0.8281641818321845,0.7729350507831999,0.7472699133062343,0.7864686996861642,0.7614623706695284,0.8308848683743536,0.7586549993636822,0.714581082537698,0.8491810284273711,0.817363550676956,0.8956774852530068,0.8834594293611897,0.867936887666496,0.7010377404008703,0.7912655371063896,0.7870870168049086,0.7815319107369348,0.6657195387668755,0.7508971517548677,0.7900148900122148,0.7045845606748972,0.7307862221209961,0.9225955292488307,0.9044353494497984,0.766885414554122,0.8052623925985521,0.9241344914461819,0.7800124047612582,0.8097381959027562,0.759099467158671,0.7926291812850353,0.8440742172250348,0.8672431853270978,0.8674600799653558,0.7975454371167267,0.8417807588786419,0.9346134160454328,0.8034037957187652,0.8145866630288746,0.7637602303897968,0.7483526311585393,0.8668907197509136,0.7494748142346618,0.6824624507857233,0.9061344892522404,0.8416867279190833,0.7847739656080811,0.7158614357584653,0.7912130823125422,0.7885258482097505,0.8168713124974053,0.7192597678382066,0.7500204219977377,0.73769018087902,0.6976093459593744,0.7873368162236977,0.8350645800756821,0.76473726781056,0.8915003256301344,0.6892096068000643,0.7821961705246863,0.881412130453269,0.7896215753480582,0.7965749529491236,0.8559669719579752,0.8771033698526775,0.8589860059831074,0.6820036330892296,0.8480128803690483,0.8022425002387905,0.8577357873336524,0.8465910711032165,0.795064816756606,0.7952920584755679,0.8262394727319594,0.8608662107235184,0.84289500953487,0.8808075459839995,0.8953371973667081,0.909820638636916,0.9069880235030625,0.8124497284569479,0.8396045025267067,0.8696151021814592,0.7837165094462436,0.8007818215123211,0.7149009096396182,0.9568513238032139,0.7218828173856584,0.9052670949145138,0.6059217589414851,0.900476116979568,0.7831880235986229,0.8943793822598536,0.7893395036344909,0.9035709839825319,0.9123301159538184,0.8582687457329654,0.7868501677284563,0.8867627279196268,0.7294799370204668,0.7109650002965034,0.8877147350835508,0.9152266897449388,0.8728253904234773
0.9108755847655389,0.9228588104589084,0.9550765658553338,0.8210409423359172,0.6040026998024691,0.949627731567363,0.7306033060349889,0.9128306373029582,0.7899507235220119,0.0,0.6584593120548691,0.6325293058351804,0.9752757314959174,0.8963488442963458,0.805087227423809,0.9280696062274366,0.952977856976225,0.9242946524234537,0.855226604249947,0.874723366703107,0.8874473066846199,0.8170611672545179,0.708893900936248,0.7711421343313225,0.9086993393997989,0.6609288424721947,0.6893800726516203,0.9335676843372839,0.8749310728092335,0.823825616640827,0.7715384538874646,0.9691006156122163,0.884481027319477,0.7106758855283063,0.7611978991632004,0.7272578634448024,0.8228248583164091,0.8207817410552325,0.5685292534258066,0.926529094434395,0.8128811343555774,0.7315424877620332,0.8648199163975152,0.7278569865024115,0.8947556708758012,0.9271538690623576,0.9349671113389172,0.7051549543005433,0.805616815535847,0.8497449303867521,0.8940782077102192,0.936352511091346,0.870254119398208,0.8458608215119454,0.7544720841992509,0.9233258073615607,0.8911188235204605,0.7596949158221152,0.8989011880096764,0.9128066668809316,0.9138568677199775,0.9067969652058971,0.9030684538696107,0.6573819700275837,0.8590894946755174,0.9146531501862983,0.7389484069257549,0.93508762037941,0.9051835657929598,0.8939120425829028,0.8872643928606728,0.8348023109431592,0.7462628162687207,0.9414855962372183,0.9171326284928831,0.9155127861332748,0.7322256915483857,0.6891337629923968,0.8604408849280596,0.842281281707897,0.8960229553067897,0.8084969033141732,0.9033670471169006,0.8926335448596858,0.8755376976212932,0.8895750047740327,0.7353729629455396,0.8744160742471508,0.9496956432286101,0.6523711549332067,0.7695277481422915,0.7926222322137515,0.8395203636363474,0.8953149617268694,0.8460298116694923,0.8003171439252026,0.854433170568808,0.8937601118705307,0.6308571833581699,0.9694014727828418,0.723778347734052,0.8185703037991519,0.6810755806415719,0.8715246769744462,0.8865374520002933,0.9616487190291774,0.9198935218830286,0.8799670086452122,0.9236022228499056,0.8054741882082119,0.6594349790595213,0.6120932850247609,0.8957614418410011,0.6371564796775046,0.8947178717292347,0.9585457037781233,0.9239491285183278,0.7764460141949875,0.8503484064073166,0.7814226165786239,0.6836072816890185,0.8344437390495735,0.8033176357793254,0.9184426928263034,0.7059293832444726,0.8896034773309096,0.8620507326438185,0.7449283295264867,0.9341988607626368,0.8710268991735717,0.9215335476999527,0.9298633093154978,0.766588848714064,0.5818271402085115,0.67564685557562,0.8203817128898465,0.8695223166706366,0.7672571599556794,0.7932201004288952,0.776629509149601,0.8791558385087471,0.8341010825031564,0.9075125246972537,0.6644327354900929,0.6468528482636371,0.6941862579421522,0.7187404485265,0.8903124879836769,0.9348857098762461,0.5723274506248003,0.7275781107909953,0.8578537712242731,0.7136815074403708,0.8803548590018676,0.8804822054008103,0.8282615094546326,0.858293189055787,0.9355380970300902,0.787582256602098,0.907891423947093,0.907242218838314,0.8568676532229886,0.9077538967907318,0.6517200659722298
0.7562672445143546,0.7118220085815978,0.7248986303462263,0.8394485520024719,0.8233641439787717,0.6646233827408229,0.7934987487253748,0.6751803615754975,0.8015254142892521,0.6584593120548691,0.0,0.839657980802359,0.7058645400698581,0.762780223225201,0.7136607760483012,0.780815104043419,0.6970572721578501,0.6808206225628493,0.6990033104548273,0.7603729038446783,0.7857716569639278,0.8600072464451214,0.7844261031256283,0.8337939292630926,0.8165383686873653,0.8167222188545933,0.7913702852607813,0.7059416532411913,0.7749653742826415,0.7292110840104652,0.7593438203077707,0.6920125586750699,0.6728114747099124,0.7830738450038304,0.8371227106176378,0.779683031008791,0.873837345527427,0.7752053698537839,0.7887606004909373,0.7563665360786657,0.6439683775032323,0.841155499908061,0.6977292154832246,0.8421238727393326,0.7676383682345278,0.6070902996669114,0.6256122617031902,0.9070500836837652,0.8411028325462829,0.7002334911177422,0.7039910830532886,0.6626341136600858,0.5851963662105505,0.7820370854082932,0.8404273019123484,0.7154094345497718,0.6950868843808599,0.8414658565792692,0.6958223869373681,0.6593429102698192,0.6869930864298441,0.604126424914952,0.6351801881329805,0.8021114782288112,0.6534211338142171,0.6140722768415063,0.8255214522710259,0.7247241058251384,0.7146531813454949,0.764870162710368,0.7321549164119334,0.7198472961686986,0.8254340372802911,0.7258905684926484,0.6371626899750723,0.616111290631109,0.7884521187533156,0.8424924456474185,0.608468848817606,0.6378772017721939,0.5868873964466439,0.778239595564376,0.6934434784669246,0.6307180521012985,0.7688905247302239,0.7161535320629802,0.8852954288129593,0.6939998308165471,0.5980848123555957,0.7806148011184704,0.8246041904275581,0.7478320795573236,0.7103206866158011,0.6401529420334691,0.7901145271748488,0.8200552920910583,0.6303091614395192,0.740662205134841,0.8040277570561587,0.639964805213388,0.8241565679780185,0.731353212403385,0.7191416332558558,0.6780237673264523,0.6849666156414299,0.6341443405847539,0.5954627916046074,0.7559396621230824,0.6158380421677944,0.8345089665860572,0.8742523037560069,0.8319491724731878,0.7442985013224932,0.8192136020604843,0.6196904761934071,0.6898055736320033,0.6022035762435113,0.8360062750615181,0.7432125721853287,0.8332165229855173,0.833111020356939,0.65792482983634,0.8484426986482756,0.6887861272944995,0.8297094597238441,0.689706204527883,0.6417046581156444,0.8099697038390727,0.7279506945707481,0.6801754399032425,0.6648009839366106,0.6870320260072997,0.8272609075883741,0.895049100206874,0.8760552350491322,0.6647617621604376,0.676296556556563,0.7737568157982837,0.8578691266029339,0.6995807469372948,0.6377875669719784,0.8627472746413903,0.7309237843398793,0.8180889185649532,0.9198908528592995,0.7692593879204981,0.795979964449177,0.55546557279373,0.7411298553887936,0.6982947416788856,0.85566547093965,0.5975561936359793,0.8587049851750203,0.6752510092761961,0.7656668736827161,0.8138815718942999,0.8172788473546113,0.6921318499912334,0.8212413916386762,0.7212599885970028,0.5615272084132334,0.739981465268254,0.6996333896785891,0.949614538643538
0.7069749787508481,0.7046732483431666,0.6761795949832856,0.764123826826911,0.8469034970029635,0.6187345464134905,0.814198903738747,0.6804670156336576,0.8210502001458788,0.6325293058351804,0.839657980802359,0.0,0.641197781805668,0.6631718735581483,0.7388643036132562,0.7068332201726577,0.631793360911787,0.6440007199532888,0.6974398440777627,0.7172901421443311,0.7466027151439597,0.8147642313551972,0.8345485186845137,0.859411290421657,0.7772160734317092,0.7493542470845952,0.7887509826314063,0.6350125983077963,0.6977957010744347,0.7762722536380617,0.8002582028044786,0.64034956574045,0.6706506380337817,0.7928553197342045,0.7787337199853435,0.7540095440829037,0.7995771497793729,0.7133028432270773,0.8587833059379724,0.7151167357335751,0.6509445898710108,0.7938528139977159,0.6775923114601995,0.7890877271973432,0.7605530513459846,0.6035735987581161,0.629703549250484,0.7944641367637026,0.8012260322018938,0.673122446074388,0.6719142447424288,0.6272012982531755,0.5647685786233125,0.7363452845501717,0.7713393923841271,0.7115296198834473,0.6636028507370698,0.8385839721561644,0.6404568959677034,0.6464871708421454,0.6179254734377053,0.5744145201192824,0.5925719193428444,0.7293855961835614,0.6298507462353788,0.5791035191668032,0.7353715487757851,0.6844109748362118,0.6403396842528998,0.7128500942599256,0.6979345487933599,0.6731752524423107,0.6640018750951268,0.6691493600654225,0.5897389328664155,0.5906116484765274,0.713884035717769,0.8583124288654137,0.6030197022375076,0.5716002715342184,0.549338144992263,0.7791566152962514,0.7152153258079136,0.5743657048056687,0.6831393753175716,0.7156834034770542,0.7615046822154261,0.6555394410211988,0.5841276776109215,0.881575170001138,0.7743759894158114,0.7851373508573074,0.6845543609852854,0.6061537401407588,0.6929577868085643,0.8309000807961159,0.6049058646766955,0.7415047059821537,0.738823455549303,0.610576716390803,0.755714374967386,0.6990686743217891,0.6916421234449465,0.7109880429443045,0.6397865597726189,0.6256582391727693,0.5700965305419716,0.7104646866425776,0.6104712238911615,0.7944327555975056,0.8288696284333368,0.7838487077559914,0.6292832835265864,0.7077720241808971,0.5905282050280739,0.6686017541878292,0.5761120242195158,0.8068438953497109,0.6197872638753997,0.7078617899317291,0.8045046013992758,0.6397362685205115,0.7217292524825645,0.6815218555773763,0.7348660301617105,0.6788395708198054,0.5909612819998119,0.8996148926838566,0.660303125101311,0.6540279927335024,0.662007632334842,0.6240986329781512,0.692001308112226,0.8381861689470494,0.823617858575981,0.6329845776809565,0.6853802870222809,0.7674548871184371,0.8265560558261009,0.7435751190867674,0.6002354627757568,0.7352536993942321,0.7183217011725563,0.7441640545894396,0.8420533936574617,0.7575888698359751,0.8708970526493423,0.5506593304826577,0.717168141430792,0.5928207622591486,0.8190876254903678,0.5749360532968154,0.8291454107956516,0.7183533420714291,0.8016227635422952,0.7872128140190829,0.7412104204348234,0.6945724684910525,0.7325372853796879,0.6277371337531285,0.5340147768618367,0.6771849108178084,0.712727385486908,0.8768292395319678
