0,1,2,3,4,5,6,7,8,9,10,11,12,13,14,15,16,17,18,19,20,21,22,23,24,25,26,27,28,29,30,31,32,33,34,35,36,37,38,39,40,41,42,43,44,45,46,47,48,49,50,51,52,53,54,55,56,57,58,59,60,61,62,63,64,65,66,67,68,69,70,71,72,73,74,75,76,77,78,79,80,81,82,83,84,85,86,87,88,89,90,91,92,93,94,95,96,97,98,99,100,101,102,103,104,105,106,107,108,109,110,111,112,113,114,115,116,117,118,119,120,121,122,123,124,125,126,127,128,129,130,131,132,133,134,135,136,137,138,139,140,141,142,143,144,145,146,147,148,149,150,151,152,153,154,155,156,157,158,159,160,161,162,163
0.0,0.6030616085946668,0.5038562117982539,0.536947509659131,0.44708628910735915,0.5594550535425574,0.5695889436789358,0.5149858991436206,0.6014327799915589,0.5450021236134732,0.5917276537329911,0.5916927069615596,0.6078892632533922,0.5420751535426306,0.5798701164705645,0.5589138787600669,0.5806082957589472,0.6956894399262864,0.6079672406861888,0.7233455967447437,0.6002755911598349,0.5965353107635093,0.5491551074923063,0.5351394319642743,0.6900941849208789,0.5174442716386439,0.49292098099151777,0.5570132980957907,0.497822490567011,0.5179803930860276,0.6572068015227388,0.6245557519109532,0.5370212807346609,0.6009471081720482,0.636208627466629,0.5597696239461966,0.6627209420351261,0.6145877661328025,0.5732518844219758,0.5280111120846067,0.5425244247572013,0.5855195246549041,0.5844250072874563,0.5903821212279499,0.6105133852216941,0.6451195788805776,0.500688417382141,0.5355261507410359,0.6510623995183122,0.6051651705295124,0.6105521076893211,0.5687384273231906,0.5471477766302504,0.575762864950923,0.5489109064552136,0.540944280541495,0.6696382952760077,0.5613366683733583,0.5630513981618065,0.6093491560303186,0.5198784868578479,0.5136979041567745,0.5336659448592944,0.5062841057335616,0.5894248449926139,0.5967451035446336,0.6007569491652641,0.5866830424448248,0.5771206995137541,0.5717921351800638,0.6514866151988596,0.5579314482594172,0.5549686138383929,0.6090407380565154,0.6004505504962249,0.6353747425864437,0.51916344131668,0.5046026621396167,0.5921173111966636,0.4686502697829446,0.5348195915357683,0.6554416933771565,0.5558710916709728,0.5468502279661397,0.5658139521293645,0.6563370354567998,0.5303993744649067,0.5956072738527521,0.6002660115858789,0.5644084685107792,0.6133652375273327,0.6097115940276382,0.5738146934370683,0.623570530090421,0.5717592653028699,0.6125713753851321,0.49810986990818534,0.5694181609621343,0.5013784514608405,0.5931745821379867,0.5718119416965364,0.4708195798172522,0.5459680987419729,0.5613792649001684,0.573350689216938,0.5779526131958868,0.5379711675220324,0.5826419166058353,0.5742362463983453,0.5903300496724255,0.6276943591700002,0.5809453254010909,0.5979403825162717,0.5537977204720659,0.5937542609957022,0.5683606829880796,0.5871017465754319,0.5974062903590484,0.5121341281803767,0.5444695299392049,0.5507437536441638,0.486654489599978,0.5954839056364455,0.6345589020321877,0.5383228011802665,0.5844274161281707,0.5234783307488655,0.5169862000453996,0.5559449423228743,0.5694439889074543,0.5309664843897262,0.527725737950646,0.5425972851515151,0.6291771924637497,0.6218450353975414,0.5383857713562743,0.6049582042874341,0.5626286518997712,0.5391700642858784,0.6569097241975564,0.5334704461890837,0.5936851795756073,0.6421269647253537,0.5307174378905203,0.6499008293843708,0.6834166174911765,0.5733986467962235,0.5499089371456451,0.6309088543460495,0.45511125385163126,0.6456799817324198,0.5626824755583923,0.6208367493636839,0.48071003023426384,0.642119217980851,0.6743149396426208,0.5496473552288039,0.5428273397300211,0.5084508591821406,0.5392422472116462,0.5081636848342974,0.609681389634401,0.5213953488586315,0.7047472646117108
0.6030616085946668,0.0,0.533974876972554,0.5369864171181775,0.4302223916414269,0.5343189591665547,0.6051716534534335,0.48377610982098523,0.5384738540814101,0.6659078700214459,0.5273893781497111,0.578535368157545,0.5775010081589754,0.5556585541199263,0.5619108085085653,0.5142777674783522,0.5632812248640917,0.6094600010590006,0.5262292027993762,0.5834027276469571,0.5494221181490077,0.6184440259743765,0.5729460614782086,0.5661970559948997,0.6301070548708648,0.4789290888033276,0.5294806159477381,0.5365771174912327,0.57320536635769,0.48095656112812984,0.5521541260847963,0.5382798182377863,0.5707226082724798,0.5482376236358951,0.5634054012992038,0.5314929369313033,0.5519211387661644,0.5383314067656628,0.5061553233498269,0.5854296892964519,0.5683493380128825,0.5908755925261324,0.4708723206083755,0.5158191285982058,0.5802289770423414,0.593993143327427,0.5127240455292965,0.46790340935487196,0.5958076161898815,0.5205074215043642,0.5212704657954556,0.5314072188058616,0.5365642123307524,0.56101840778759,0.49939076885914196,0.5823157999747713,0.544342236464985,0.5013403381354852,0.5577513917510956,0.5853586279160562,0.47946715351530744,0.4629255088541774,0.45561357164337923,0.493804971075164,0.4984176546833815,0.49801015486582334,0.5762511779543844,0.528375098963244,0.5223934280141799,0.4921711103561028,0.5362273711848415,0.5151870496152843,0.488416215508974,0.5656752707974242,0.5542105257136029,0.5459328617459998,0.46775468498971623,0.5175749860310064,0.5073376237004783,0.43558223965994103,0.5095108556458422,0.5477991342015303,0.5751495380249645,0.5073187977293033,0.4936247027330482,0.6563001990475674,0.4399316066250203,0.4959538235784018,0.560343074900451,0.6020403906449918,0.5321306577142084,0.5857346435765218,0.526129327044795,0.5258748201161298,0.5343686960196732,0.6248686732380777,0.4447961622167348,0.5835223601790969,0.4648350844047906,0.6039164172948958,0.5218379241833454,0.40831247528390924,0.47552283481136476,0.584823891803949,0.48797223231250725,0.5467723064886628,0.49271222026034955,0.6355681792920123,0.6187161248154354,0.6286614153749814,0.5515156144970524,0.49746718798069683,0.5250646459909611,0.5102265841708609,0.528913777553984,0.6188303439752534,0.5511400838605319,0.5159800096647822,0.510199054215639,0.5356053197081133,0.49971521091921234,0.43496965153062916,0.5360863032752997,0.585009347128794,0.47709850310995544,0.5847374625244044,0.5003751503666448,0.5012088860307389,0.5803302325616497,0.5482785660736623,0.5633304746175894,0.47932392783435657,0.46687956211088666,0.5473948915040031,0.5342346553444937,0.4810691694630651,0.573986835051681,0.5618660944914374,0.5670783425534964,0.5441753646687246,0.5129978175693376,0.5405904602376358,0.6397974465090076,0.4892835711226716,0.5714505650958001,0.5731934106064347,0.5425487172265893,0.5804934640598378,0.6410791221863491,0.4581875528398285,0.49474169201819707,0.5410601533023582,0.5664245891193568,0.5787760522796103,0.6155865174893171,0.5633576649735885,0.5341031460808849,0.5545634403638403,0.5119801507193915,0.4695258050942347,0.5485119188507281,0.5343286183676189,0.5011256078436618,0.5723156479539694
0.5038562117982539,0.533974876972554,0.0,0.4895397447494243,0.49379848197464643,0.5901538285137681,0.49328418986311656,0.48417901038832867,0.44164408240149744,0.5261953744202462,0.5674588588773459,0.5564380679187643,0.5855289765731182,0.44400043936189654,0.5039177637026022,0.637480060713558,0.5782629253247181,0.5039865263658218,0.46532693279009385,0.47145728761145594,0.6085570622421091,0.635870733231308,0.4484686119384467,0.5364022855373167,0.5134418747093595,0.5764771962063857,0.4384820546637663,0.44931224804715314,0.5067109626020264,0.4847380829800757,0.4612018231147208,0.5212185132873407,0.5222580551483726,0.45644826403359373,0.4333184472562607,0.4866086625747228,0.5580783511436794,0.5033708419348584,0.5058637717627645,0.5142639356941554,0.5306354447171133,0.5269281814795782,0.517638864539536,0.5219816132633568,0.5132935626205846,0.5517539588863295,0.5381646373614721,0.5400960183341302,0.48087661981406227,0.5001101561754335,0.537036116315486,0.5819005888120323,0.4480227936542914,0.5571359503954967,0.4900590193875659,0.48060187715861663,0.5031202713812546,0.5993776001053625,0.44378187057760754,0.4947705395205686,0.4802628566620902,0.46921518700245085,0.5334221788547744,0.4181086163394885,0.44254996840929495,0.4806595223249404,0.4909442102266033,0.6151728870474922,0.5066754392806178,0.49522264225526547,0.5665066626354838,0.42164065276495477,0.4363045493117709,0.5917672737625549,0.5357095025285532,0.43354858042222055,0.5250644490867501,0.5831978920203159,0.5013998283593654,0.45542630164750486,0.5356831040888393,0.4867625065072146,0.5870257115427853,0.501734595920103,0.45877090587711405,0.5564672694264338,0.4453227715337748,0.4381755357173121,0.46779444841070994,0.4908509019367023,0.5612588935916037,0.44789985433140295,0.5061208347965137,0.4513019902259998,0.46359222924414484,0.5640702892929887,0.43276296752288135,0.47293515953181,0.3978647924880211,0.48767121954954173,0.43160360029434913,0.44771669447912865,0.43541967746950844,0.4878412339496799,0.44673922597121885,0.6324379563177163,0.5220512364235514,0.5134627337015972,0.5561714974485955,0.5741275296109272,0.5232470723469782,0.4595819785500135,0.48938486401650894,0.45640854367507827,0.49505205171813904,0.5809642838852426,0.4453595650999036,0.477137442336745,0.5399566866606464,0.4498763155927638,0.501066483941158,0.4504605161416815,0.4624626376563212,0.5823881629454422,0.395214926261621,0.5911103629486775,0.4670554515043997,0.566236274492097,0.5274436341919526,0.5004513967289956,0.463194649196663,0.5896273125533062,0.4330820409911338,0.4614800638158434,0.4928993157988707,0.4455119250329172,0.522805335732115,0.478834056992287,0.47971809781317537,0.5002278177497118,0.44777657754227546,0.5068786269326121,0.48208029183473905,0.4497387119435527,0.5449528567272485,0.49012314521282085,0.5647665117184147,0.5994687250456513,0.5256767556803777,0.4325493932461352,0.4398352009947502,0.44428932782113034,0.501694658615717,0.5638456192891922,0.5805499993027201,0.5135360229575452,0.47896328811530087,0.6412008637100148,0.40826127353617175,0.45568756420298934,0.488422740698956,0.4280321390276831,0.4421431740307217,0.5332559041245677
0.536947509659131,0.5369864171181775,0.4895397447494243,0.0,0.39804708280844,0.4910653937726409,0.5277087062004227,0.5117727865996085,0.451917401639219,0.5225572843708913,0.5679699520832949,0.4942222314109795,0.5710352647109,0.562535223236344,0.533858930922497,0.5067130012335239,0.555987983883721,0.6004601981619432,0.5256626868993227,0.5137810282604192,0.5357061856512206,0.5287552645304632,0.5179597758341148,0.47965298343208324,0.5385858226509735,0.5377486145362964,0.540607493587991,0.5786510944321769,0.516275610678062,0.41248265821387936,0.504954271715233,0.5263493089369913,0.6880516633874215,0.5348728117084351,0.522166520206978,0.5803210740538958,0.5345478235236644,0.5756834674364844,0.5245820127502308,0.5773844341718731,0.5951325169570502,0.46190060823055284,0.5064038351420014,0.5161948094810299,0.5829722890384458,0.5983164271672937,0.4172292390150616,0.4748639045347675,0.5544954150811038,0.5423057839891459,0.5915618305440161,0.5340846576586622,0.5403920395963805,0.657613150829898,0.5917998506323012,0.43758589252603103,0.5644600882735431,0.5112863051269183,0.5625213651723941,0.6077596337984372,0.5814872491932606,0.4956952393060687,0.5264859642835796,0.4755231624680811,0.5020910731677878,0.5602638336803906,0.6305216357512752,0.48478990760791363,0.5789417284179037,0.5493480063267105,0.5301698125916037,0.521278300193675,0.5323746157701883,0.6432196244965994,0.5951812457214912,0.5126720329311393,0.544523483457861,0.47418672397132994,0.5890887985639347,0.42320965759981943,0.49500019952575863,0.5465334240210145,0.45565467162898754,0.5825355268157806,0.5348966953714358,0.5602902948838641,0.4849929340545446,0.5517894651900987,0.5613458014598971,0.465901424336164,0.5604385441628693,0.5134215280210004,0.5455786451408945,0.5417200846473947,0.5738665412438563,0.5145784662021045,0.49166418861798583,0.4964050427900969,0.45012494986552537,0.638855676149408,0.5429988862245716,0.47680967987946893,0.5589415838056755,0.5270016840184657,0.5503815191451463,0.5188905097195251,0.5638946974595868,0.5125242734434009,0.5833696551160643,0.47468894335636147,0.5618505186819694,0.5336123866908173,0.569160315687111,0.5532194389115473,0.6346460238176458,0.5300447741162652,0.5105786573145119,0.48392307495938003,0.5415740805076672,0.5402394891492617,0.4778005311517634,0.5380198247197275,0.48250018397291616,0.5442443523006155,0.4482597191231254,0.5852980554768034,0.5266817375289341,0.4777628568513364,0.587111846460681,0.5707028213380365,0.4371563734919223,0.48606817359529003,0.5441575612235836,0.5461163819955821,0.5304986239553025,0.4552046349121887,0.4422833693599468,0.5514118137201303,0.5726774795721502,0.5524449274264498,0.6397959661265101,0.5070004500583455,0.5782080076213579,0.5240982988595047,0.5572016633485192,0.5122694850404279,0.4566313932188905,0.555848877811108,0.5072770349614519,0.43555777098872583,0.5470355447224724,0.539042778953489,0.5690161108799862,0.44861759220655845,0.5780289433809427,0.5524266695914082,0.5081719581895551,0.49647561859719697,0.575551874747905,0.5327684196397402,0.5463238249619626,0.49677962312029966,0.4934545436470388,0.5384829354185829
0.44708628910735915,0.4302223916414269,0.49379848197464643,0.39804708280844,0.0,0.4390376604676811,0.48764378939192043,0.36169767527138036,0.38546992571405647,0.39881334021599013,0.4812517826047572,0.47264572120154624,0.427003613992909,0.38206417869445813,0.4736537645093175,0.4933964962038186,0.4723185774465183,0.434592010265556,0.41625678115158415,0.40746024957874905,0.5118338536989736,0.5030053257772422,0.410571749649232,0.5150350148891071,0.41645437952742315,0.48449877495788957,0.36268545863862756,0.37143385514772953,0.4455815917677933,0.4781171573616697,0.40717304603855475,0.43192132887003426,0.43150045763513006,0.3910744243394783,0.40346072397057137,0.4212887604027211,0.45316929770847497,0.42575086206399276,0.4717199643298027,0.4475318101588788,0.47550444815786297,0.4439240085318196,0.4760580053962813,0.5311094998456863,0.3952653272884375,0.445671883066893,0.5495196059652054,0.50880123412854,0.4483794839858872,0.46103616181567153,0.48523509153895694,0.5046124751114199,0.41158442074242535,0.4567113263536624,0.43311783322467484,0.4005399747803821,0.4557686180883071,0.4825797845368229,0.39077153064204534,0.4256045143226176,0.362472584790642,0.4106543679117667,0.4523459140205082,0.3813701756869109,0.4240803629891619,0.4010383199574154,0.38664494817733047,0.5067442760681911,0.40658036436247336,0.38310734946499375,0.4862927364571452,0.3924102490765516,0.3703646723367715,0.4534467443319753,0.4047272530199301,0.3931132269639207,0.43447840811978167,0.5928340923371249,0.41161902047157034,0.4540452267409619,0.44606726100389493,0.42465523861492066,0.5136602901462702,0.3841640722213728,0.4048231028566435,0.42875954466826877,0.35886431199812974,0.39231672697258146,0.3784003172278297,0.394636889800421,0.529033337035129,0.4010513990344576,0.5013567886779748,0.41383839022544344,0.410000205093129,0.4536402326321763,0.3609083149163268,0.3882168413914747,0.3840527696069026,0.386365184779437,0.39257145223059314,0.3656923328134631,0.38549078450826385,0.4040253057361302,0.3877325435412121,0.4777964578142018,0.4126888218086555,0.403889992831635,0.4781354164313505,0.4783225265379337,0.4779104020757541,0.42590950271021394,0.3899647244599873,0.3734189799720491,0.4254300579521482,0.4624088424411264,0.3911818101114636,0.4569657028683855,0.4372399998815675,0.376190131879075,0.5657573276485854,0.36653547265845954,0.41031669261371845,0.5251191317092907,0.3800051664028711,0.46850800957464084,0.39391986951958513,0.4574031507685109,0.4164992708606144,0.43557481151050537,0.37705615817276306,0.4589299888224417,0.36057091960738624,0.41441045511717994,0.4158957096618663,0.4647896516263055,0.4870378984626098,0.461385886728895,0.392255565810965,0.4452133768685716,0.3756027773783511,0.44206659597777803,0.4169513033599527,0.3907643730523826,0.4733381674391617,0.43158868544797935,0.5148996348097914,0.4661365166980843,0.41959348824316417,0.3767066804894099,0.39105819022265076,0.4065464379755531,0.4470379912205751,0.4582421470556704,0.4525226966655459,0.4093662557425128,0.4102758335065233,0.4853266474627368,0.37567503192338814,0.4194110662104936,0.39890502076062445,0.39587194136310083,0.3829419843996546,0.5185213553683453
0.5594550535425574,0.5343189591665547,0.5901538285137681,0.4910653937726409,0.4390376604676811,0.0,0.4824371259218307,0.5117051712698987,0.49086992675674906,0.5337620684064989,0.5491958727249908,0.6012350540018003,0.5906784344286571,0.4489406019519949,0.46324356073143663,0.6185284183268941,0.578785295377776,0.5009309410136689,0.5333304227772819,0.5078724938098041,0.6103215639330006,0.5417394463091328,0.44961068898101103,0.47581425356037044,0.5846691073652663,0.512834335131978,0.42251960736653055,0.4845698861009477,0.4709270514673131,0.5202802240343403,0.5056031375110951,0.6204147215981745,0.48643640369303964,0.5184715270044722,0.4577517098875244,0.48774197099925953,0.5908283878821015,0.5132276178200901,0.49942063530768466,0.4606938859621198,0.48275794722635573,0.5983908497100024,0.5172566483603971,0.5317271552115507,0.5165847474538601,0.5460133126847283,0.5117207726320391,0.5249052927116276,0.49200830855423294,0.49770304516757646,0.5529457549144459,0.5933654063877074,0.4640565625260248,0.5405838108058624,0.49256560742174504,0.5490627354387795,0.5358257096054494,0.6504456542999862,0.44801801681244247,0.5009416597268922,0.51523252002311,0.5097189306212296,0.5531916729697742,0.42223802832218577,0.4635894695359902,0.5246061240691923,0.5062069798695618,0.5850994915600838,0.4889876937374013,0.5321118113532244,0.5741100045560673,0.4316278455490043,0.49001150086363515,0.5775876467837595,0.5924548624939003,0.4950840952000704,0.5236235044710912,0.519394108757621,0.5113763632478712,0.5044874790048084,0.5886068571026104,0.52684139922925,0.5682618554507342,0.5247200565931995,0.5082351525327748,0.5596081746535165,0.5189787574127058,0.4690693756741387,0.5267255130014967,0.5195749923509285,0.5544800673148327,0.5039236646272494,0.4955413260066394,0.5015485947688478,0.4829291792323986,0.5856679621131432,0.46810846594339717,0.5385434228718955,0.427921688671533,0.5208644509401522,0.4506247449988176,0.471884458058426,0.4734455922093646,0.5049332254820195,0.4860483639823276,0.5949634982269384,0.5469067209422078,0.5466131766924658,0.5015812932474153,0.5829715466125183,0.5791050654449251,0.4806618469291877,0.5797208262925364,0.5019836581848914,0.5020442935309304,0.5583900317792386,0.5131118031908055,0.48434544943102614,0.5545062906781076,0.4950995654292435,0.4684929498551566,0.4785401456216869,0.5239516309522779,0.5976383148255279,0.4315502693588675,0.5679608701044333,0.5107214164165073,0.5244700748316244,0.5391345727585556,0.4601077924064145,0.5221316374750754,0.6276471563910839,0.47391873922398353,0.5106489261588147,0.5020687672374559,0.44128615243167646,0.5299943427409428,0.44109393670138447,0.4372081925514828,0.5247629838402417,0.4565119946132381,0.5626590807901366,0.5199930751961235,0.47508503440377087,0.5572837551708446,0.533822494925495,0.5492269993131915,0.5688421637978646,0.5577837795597217,0.4637615940500038,0.4905107970084681,0.48061497008061793,0.4947950136685495,0.47003925165576704,0.6294374585896282,0.5421755988597772,0.47919384700300083,0.6386359579214781,0.4096417708380858,0.5090557902156521,0.4767871333679396,0.48876393114036265,0.4765913695559335,0.546238914163487
0.5695889436789358,0.6051716534534335,0.49328418986311656,0.5277087062004227,0.48764378939192043,0.4824371259218307,0.0,0.42907174156304306,0.46539111714899045,0.5517505561711703,0.549375874808016,0.5686196810493722,0.5341997948823217,0.49467872139707897,0.5917990865415809,0.5159039493395583,0.5544878972281784,0.5854153747071265,0.5203743420551286,0.5083653700159536,0.5383744336024919,0.5693889722005516,0.6393935770496273,0.6202513470466545,0.5612758336884442,0.49193498591177603,0.5067827883567364,0.5145136525682863,0.5633090292833361,0.5106896480135414,0.507321363676992,0.5226945884741135,0.5545084864552989,0.5322928009777441,0.5159988075022635,0.48901780672718487,0.5439813184764345,0.49267537361311853,0.517210007185795,0.6209832481191055,0.5501902489738363,0.5238790423347656,0.48464988146949994,0.5412214248356793,0.5079933142153685,0.5749344279386381,0.5139749351859945,0.48215948572606393,0.6771280498459461,0.5052476614579988,0.5529819669560976,0.5185814185430386,0.5070744877638971,0.5446237688491065,0.5156509941982581,0.4863735473106266,0.5450292501799743,0.49597944605537186,0.5252024898116305,0.5585961598698957,0.43555601211297235,0.43833307441236935,0.4479502273207258,0.444497792170183,0.4835588236805013,0.46868585980205296,0.5125630843682074,0.5234830966459879,0.48222156530127636,0.455375139588804,0.5124796704679573,0.49001031555137325,0.4418861951117504,0.5586302508948008,0.4844378382890326,0.5345177255168122,0.4939363304240708,0.5903400152305869,0.4771833451896401,0.4577244747651961,0.4746203494146712,0.5012435051782387,0.5727510394861057,0.44859496971715956,0.46971626924994037,0.5290236381149115,0.40734552438499594,0.48798613908491123,0.5109229349707641,0.4952851050206652,0.563323844171042,0.5198405209296423,0.5756192910207413,0.5235918707013587,0.5003248107721437,0.5529006833434328,0.3985326950387407,0.48288744873667483,0.4343408025654294,0.5346998992792522,0.4991814485369447,0.4005830682909335,0.4613866950945085,0.511876163596092,0.4513172872529535,0.5216680305988014,0.468679771958835,0.5313368294527436,0.6315910292148967,0.5815477078427581,0.5918642578597911,0.4802145302314533,0.47144045441810434,0.46307114091642265,0.5119817747211298,0.5840292454554146,0.5084889436110263,0.5548897680488194,0.4841825286014098,0.466307998279157,0.5315786834552684,0.4118459055275692,0.4804743861242073,0.6476222427632535,0.4416319719713959,0.5845811933289433,0.45676115409843937,0.49223488188078013,0.5085880955545993,0.5214502971978723,0.46300625211509183,0.4506342097949146,0.4422071875832938,0.4899505320994397,0.4805323873593915,0.47684713552260477,0.5590062032547537,0.5835116896515494,0.5169214255943286,0.5407120029493492,0.48005106670642483,0.49875844156841154,0.5714347091118611,0.4446424217780765,0.5462996979686667,0.5363352604206523,0.5060599260320526,0.5746830062361801,0.5257137941018464,0.4083359682796106,0.47678507073392457,0.5219600718551557,0.5532957071516251,0.5408567054382484,0.5616843858221371,0.5075314874730423,0.5555449466087754,0.5519429481900858,0.5143853912374932,0.5064140968117545,0.49874386036838597,0.49618599111926437,0.456036705804451,0.5990599275522154
0.5149858991436206,0.48377610982098523,0.48417901038832867,0.5117727865996085,0.36169767527138036,0.5117051712698987,0.42907174156304306,0.0,0.5262826294175248,0.494959584365654,0.4858886985630189,0.5112419176597367,0.5669872260437975,0.4499454292191234,0.48102265027833585,0.4975361402447711,0.4657318529952914,0.5084745903094218,0.48096980184196964,0.5039510990665852,0.4727829189871682,0.49584628868756453,0.4413343181214736,0.41919651834831406,0.5342146871301802,0.4699873610463591,0.5030593152637316,0.48850731848830287,0.4081546577127707,0.4421821066100988,0.5575456214409212,0.5176810546888014,0.5041708325905851,0.49807376020526717,0.45016921613421795,0.4888911026910314,0.5540607616605998,0.5149636706304789,0.4916674342665812,0.4357298595571358,0.4478870691273613,0.4612088930612503,0.5009472010663495,0.4327545271969528,0.65293902408924,0.5508613863439683,0.4047715567930328,0.43590385233164874,0.4577301843609162,0.47751432682427114,0.49055425063703517,0.45378178214587045,0.42637645895209086,0.49527982729541586,0.4800907987455979,0.45667422783689643,0.4840534711117977,0.5365480739330699,0.440714632805396,0.5062767410011657,0.6043071682944482,0.4718982603882724,0.48839857141672094,0.41349880892767943,0.4366977916310806,0.5080753484441034,0.5516062903731482,0.497863335416168,0.5364598808313936,0.7234000268952419,0.5202328414228018,0.4306726577445747,0.46325699803236486,0.5392258167858552,0.5703465370813351,0.45757411837980044,0.5043845832057405,0.4144550142891918,0.5606338044186463,0.370597162448045,0.4364970693823653,0.5336110963940969,0.46537930468182875,0.5426805556868303,0.45928728962557985,0.5721535713524561,0.607859647559429,0.5039121300829431,0.5705591835102727,0.535310511814099,0.48024740255675763,0.48336325046156214,0.4431173764301523,0.4503900307234385,0.4504301294717777,0.5272668017511681,0.5055913120419891,0.4840192222715928,0.39630818453954364,0.543222996403463,0.4520190903029968,0.5701628401931281,0.4807769324327854,0.4986323033331018,0.5063218427495331,0.5246116374370223,0.5154736741347474,0.4860657074296572,0.4657249951667838,0.4451014271577985,0.4636253225199947,0.45658214217979953,0.5112183110326052,0.5258407297603043,0.4967502763726047,0.4822973183858261,0.44590834256931405,0.4554402475516902,0.429188604289804,0.48501069198378577,0.40761353674308604,0.5828811020396919,0.4281266413601697,0.4778563685426149,0.39538351314998055,0.516213862721635,0.46676478633595225,0.5458518350161511,0.47655564847021464,0.4793292871172336,0.4894142227571506,0.48523956187984213,0.5277947252185683,0.4762582438767185,0.5071399728349251,0.39192499435534417,0.454193548779644,0.43779107501109293,0.4932972179293039,0.5388231834480142,0.4914947838378311,0.46198750589093845,0.49099004270112734,0.46719280022788134,0.4816723249505458,0.5128123155085568,0.4871447958310276,0.4856793955771138,0.5074209508401234,0.4000783069195973,0.5300660008676937,0.4309648223047577,0.48529929355467777,0.4417018158692172,0.5374216891916277,0.6170099087250148,0.45930456610393494,0.487930712352415,0.4128610164072355,0.44045468367863144,0.4348857286270404,0.4321094324083241,0.44752893935051374,0.4608336051643306
0.6014327799915589,0.5384738540814101,0.44164408240149744,0.451917401639219,0.38546992571405647,0.49086992675674906,0.46539111714899045,0.5262826294175248,0.0,0.5009975043929885,0.44910132127344876,0.5187121888681638,0.4904816502366245,0.47205274625836635,0.4994962135043064,0.4501594506618944,0.4538243690207591,0.5426960644376891,0.5003513709332245,0.5791678820032609,0.4757650771422027,0.5072001676569514,0.4661313930442224,0.4339469457216459,0.5763909988697102,0.4205589449713264,0.4611599819945916,0.45881912605947506,0.4115803247679593,0.4842170640697195,0.651825260767662,0.5032328929471593,0.46128704728754794,0.4921492860824054,0.5354939868490382,0.48509190959188603,0.5195836609496699,0.5156724695628901,0.47672872725294435,0.4282588785469387,0.4514472967214808,0.555789328237206,0.4750437998926422,0.45490752443459775,0.5448618967619328,0.517376791292009,0.4542478375719426,0.4210595468315196,0.49054129964850524,0.4962437113431835,0.4732499683813391,0.4561754035412845,0.4675008644126146,0.46072946515405805,0.4390914173038225,0.5634625205661166,0.5012514203525381,0.4865518782592447,0.4745732816943575,0.499179301915892,0.45817059914203784,0.46294177990728885,0.44167015900255796,0.45946301356944563,0.5009128736717102,0.48552964731229153,0.512147728060127,0.501879867985327,0.5002696803357757,0.5373885815602523,0.5347175932319652,0.474860527645613,0.48209981810667507,0.47911342705364407,0.5150445058768193,0.5140614271501843,0.4244795884776264,0.4177864882270316,0.49565118491228743,0.38288461003869545,0.44974245516377503,0.6168272975141218,0.5037924777922677,0.4688708671575762,0.4768874251393674,0.595127377745491,0.5011527655911111,0.5198585990488865,0.5401116671642181,0.6166018790579306,0.4897549582720931,0.6175301576078777,0.45067083184189355,0.4746322421865535,0.4852294677580731,0.5613833130040784,0.47521167783922125,0.5539772824228352,0.4654039635443255,0.5103605845622552,0.4737430580547479,0.4319824138534772,0.4872302126455115,0.5385407527540894,0.509547226917139,0.4852625390798717,0.4528868964427474,0.517637772732409,0.4660460884539546,0.4804002110786376,0.47099030791298513,0.49067280138520697,0.4975668485335938,0.5121426609078635,0.46916741275505186,0.4796998823752011,0.4973846539322103,0.47883711737596163,0.41576578459582464,0.5179323592270683,0.4415943629511097,0.46543252792571027,0.4829567795492264,0.48657290846593937,0.48274304866574747,0.4683889031534683,0.47505427888014584,0.46965632102374527,0.4592173286018267,0.4804685012851382,0.6026793329106078,0.45764962411353816,0.46515554783222557,0.5507246739628603,0.5144112887400569,0.4465073558070474,0.5115396106954105,0.45987047897069755,0.46535903246291954,0.5570383309585096,0.46416444885601715,0.49334327677813056,0.5634921761048604,0.4928943114626406,0.4995407211660568,0.6062427133635566,0.5552424012160888,0.46330654027055557,0.5649203119427813,0.4160916413054937,0.5386385222060427,0.47629960385067577,0.5000356317776757,0.4549578648124253,0.5377403152572766,0.591943325098152,0.4399833431926143,0.46583746155456673,0.42719396322519576,0.42630907970525667,0.4406763694031938,0.5173053348223167,0.4969454895215014,0.5091949816655214
0.5450021236134732,0.6659078700214459,0.5261953744202462,0.5225572843708913,0.39881334021599013,0.5337620684064989,0.5517505561711703,0.494959584365654,0.5009975043929885,0.0,0.5038842166027963,0.5540169438533578,0.5739558442353515,0.5222630396150323,0.4908828242349105,0.5176414988089254,0.556137379765446,0.5739375056644613,0.5146685006575331,0.5317957334278357,0.5210433118049604,0.5373567034027983,0.5748122970078478,0.4899030371871284,0.6647061667076393,0.4615138545696362,0.5392061106152485,0.5564280744296166,0.5557926086261027,0.4781201449508897,0.5137106815880546,0.5574338141224123,0.5164058935721912,0.5522578895256424,0.49946610287231125,0.49886774086923386,0.5361960672436067,0.5184723229326933,0.46587582073742134,0.5349805357244118,0.5070494636258475,0.5757126508972696,0.4612264158733056,0.4723404477590359,0.5573895007769865,0.571316492606913,0.4833636855665657,0.44418665870007973,0.5712351956169057,0.4801306256158152,0.49851882947144005,0.49329945339296877,0.49622863095208153,0.5154511539836175,0.4883602542250599,0.5666944864763298,0.5102692063079252,0.5018766693493977,0.5414303184725928,0.5412794684629233,0.48335779976813975,0.4569171851359181,0.44517497790731764,0.4693287864782879,0.4604052974990628,0.49041826171252995,0.5547791064501839,0.5061929214530052,0.535572894323933,0.5077657673769778,0.49218616568861295,0.4840031764728634,0.48246387512228156,0.5538320069274545,0.5608141327654874,0.5445208174817888,0.4715326483104903,0.4979471746264997,0.49742666725201906,0.4331786791229372,0.5119550933593381,0.5003613420351392,0.5378659900826306,0.5127425551501757,0.4908016410521687,0.589641339876929,0.4500503996098986,0.4940552771888401,0.5982651867280123,0.5455338408294887,0.5046822454142226,0.5458892393584989,0.49603771973708033,0.49375135605445175,0.5086848832250628,0.5905637804536067,0.4286962492690273,0.5844090129651451,0.4394268052669565,0.5967532063704658,0.48941742340224104,0.4223920974614463,0.4815175139560188,0.6055098336484105,0.4742012329591586,0.5346158398738151,0.5032226405426293,0.6824729851456556,0.5699066693289434,0.5687318163493985,0.5243942697613743,0.4749054833160582,0.5244223215183231,0.542137642725977,0.5018777084974338,0.5659975947712362,0.56179288495799,0.5117055587378486,0.5110698903193259,0.5355894351568057,0.4469593990682005,0.4464312091508565,0.5052752115338731,0.5477543022154675,0.4423799601249997,0.5727530249219981,0.4942990599378068,0.4748385685383839,0.5794547756002904,0.5077770813333355,0.581180949060671,0.4772257198953215,0.4696683160319744,0.4898656965782834,0.48786842079186266,0.43438273217242773,0.526276450282212,0.4901131751603008,0.539636852456641,0.5304246625996109,0.5030174571660272,0.5292783005283292,0.5824332562666611,0.4771050381321635,0.5417856956055649,0.5518054465946711,0.47892316588405087,0.6032892240192095,0.6646124856881551,0.4603473141266355,0.47095788884424916,0.5381705296579973,0.513417178637513,0.5462580504053653,0.6257404888945898,0.5387995280741255,0.5036446552052999,0.5531733126423733,0.4717277352859589,0.47865068769656527,0.5723728963500961,0.5127704314855702,0.5180227739057099,0.5056646326999917
0.5917276537329911,0.5273893781497111,0.5674588588773459,0.5679699520832949,0.4812517826047572,0.5491958727249908,0.549375874808016,0.4858886985630189,0.44910132127344876,0.5038842166027963,0.0,0.5643907069642885,0.6384361925974597,0.4959399400104816,0.5674413913883991,0.660539741344703,0.6141346606300551,0.5814752967486113,0.5504782422307585,0.5411418614973545,0.6182412067637827,0.6197867681713604,0.4969475620839956,0.5613356031810803,0.5554583547866017,0.6005981952481037,0.47311809593376386,0.5298586196699436,0.5538007203443303,0.4779715937735671,0.5181139590577012,0.5963581654712217,0.5705316139937134,0.5240768847950809,0.5080555471053066,0.5409628880183777,0.6608360396432266,0.5684950721920662,0.6353102813719713,0.5570201908626495,0.5576781285753786,0.4830673114339245,0.6091548938804459,0.6271277245733383,0.5547815575269134,0.5956464675812264,0.4602941719749002,0.6702822095877015,0.5933856513970054,0.5710407192319478,0.6599247255786088,0.5701554689653876,0.4960566282998694,0.6696922587169164,0.6620633974401815,0.43728487043577713,0.615097054000958,0.593936878991649,0.5038173929772495,0.5709008504864315,0.5523886591970667,0.49035040221122317,0.585112891508663,0.45078594905267183,0.503614206766637,0.553969486375805,0.5548022000822294,0.5773639749555475,0.5525924722243676,0.5436544394071587,0.6030914239825554,0.49096578305056265,0.48762919094215285,0.6782824141972343,0.5728163042002683,0.5108983264953746,0.6459291683483368,0.5614427077818747,0.5596826002240641,0.4902435061113174,0.520779912300408,0.522995343600004,0.5232018774513681,0.5465553391712051,0.5083575814468069,0.5423742119865944,0.4990065429580186,0.5185457781434802,0.5108742083746175,0.46302459537322815,0.6170648030019334,0.46975197560601356,0.6342736536248844,0.5631223922923457,0.5146163087554584,0.5525429034358204,0.46899057844047987,0.45814511157906124,0.430780040395531,0.5260877108840335,0.5352696834226474,0.5029650371013106,0.4846308378516432,0.4846504338611595,0.5080132049309942,0.5703109455036951,0.5594959606543062,0.4963147713900828,0.5738839482194599,0.5563392215004725,0.6491244195648943,0.517836260302706,0.544612131539358,0.4982097721872922,0.5875707810471134,0.5448678776809466,0.48524720061416615,0.595527929365095,0.5508807257909155,0.4664975515417263,0.5639420321343243,0.47978756555086166,0.49790161604159794,0.6531848918733937,0.4471754696311236,0.6986626619979963,0.4760317886576841,0.5518727312608411,0.5551876859394163,0.5550561455813677,0.4280295368378749,0.5493945924422629,0.5343111684430522,0.5203115817844449,0.5870985607604827,0.5053592586469007,0.5262363095221622,0.5499593890387982,0.5275416513540412,0.5793339341498867,0.5239542544476686,0.5527869321380763,0.5189370622773416,0.48363439266965647,0.6340705929595392,0.5091533401386641,0.5136003587941449,0.5744929043088446,0.5216583946582533,0.4318186481236238,0.5487451256394584,0.5048987721347575,0.601479203704672,0.4631912449975492,0.5774047096800677,0.5755170619695812,0.5890677386863353,0.5556532096381943,0.4944348937494763,0.5686726378976904,0.4850680769712026,0.4856319891368888,0.44940193550463026,0.6485195829063826
0.5916927069615596,0.578535368157545,0.5564380679187643,0.4942222314109795,0.47264572120154624,0.6012350540018003,0.5686196810493722,0.5112419176597367,0.5187121888681638,0.5540169438533578,0.5643907069642885,0.0,0.5616710179899557,0.44069338789977675,0.5464208406915257,0.5912572912404933,0.5564773974237945,0.5332595550895656,0.5971921085329293,0.5372012894760505,0.5874599358677273,0.5850141917065186,0.528848605639066,0.5449434650628585,0.6263391803490457,0.48873648875584436,0.46300292846768265,0.5019941415672653,0.48811551490793137,0.613219690173514,0.5778414266361986,0.599812305152519,0.5121254565222698,0.567946044432419,0.4854206015655377,0.4966350682038545,0.5965249287521681,0.5018609947198858,0.5651067374229938,0.48855822776961977,0.5022523704563976,0.5741799586526561,0.5409533231874578,0.5368993991863338,0.553333919589812,0.580263335829385,0.5278033380193589,0.512439545856403,0.5638043464559166,0.5147362231649925,0.5620051717142008,0.5387629237566885,0.4626562636456475,0.5484278710268964,0.5176836205228322,0.5174393137651043,0.5518656987590368,0.6394996832731481,0.46120184732883157,0.5335495618530924,0.4747772030277027,0.4613960783317867,0.4959541830321202,0.42527407522185406,0.470504938526669,0.4878640952035591,0.4904570166005619,0.5559891349629212,0.48606829702441506,0.5226985157605191,0.5490873743781822,0.4421318513286512,0.44420546696209245,0.5683001774255858,0.5364738755691387,0.5040959033407868,0.5175922130260023,0.5392825939097826,0.5073696113238758,0.4433549741474082,0.4871622868478594,0.5370862667271776,0.6167645388943943,0.46875719955578743,0.47652178140662765,0.5685104247056918,0.47295108208595443,0.4836090300851889,0.5351201494712595,0.53499383751444,0.5653002823327403,0.530876846151581,0.5398625526827281,0.5029553042885943,0.46249967319309954,0.6196463940804605,0.43790356388405904,0.5216956402851268,0.41799737193535985,0.5167193845010866,0.4590722591694957,0.46276096434345754,0.46729510911015143,0.5465316037190902,0.4709458753403618,0.5774138563260154,0.5087301315288696,0.5471566042597543,0.5340633972466595,0.5984502582724492,0.6129002908734676,0.47577693525798825,0.4879206163046497,0.47684017300098475,0.49345710617301763,0.5674446447661036,0.5035340095511279,0.5747504535758036,0.48661969500052155,0.4592598140065169,0.487495958092114,0.44842295150725775,0.48250779103583064,0.6307031248771424,0.4202698186183915,0.6127993156430203,0.4632561538783978,0.5754072365245666,0.5174552384852871,0.47372403245698647,0.5148142159559492,0.5161864976706759,0.44863937306558865,0.4934656065446033,0.5154537725734378,0.4431166002525488,0.6163360666882517,0.48411550710836593,0.47729828715934614,0.5849177415815352,0.45338178824263675,0.5178248187353361,0.5396059643875694,0.4565514167028013,0.5434564789386367,0.5723749617940272,0.5957336477094975,0.5522704242042433,0.5843856681990621,0.42450684195007815,0.5097856704963153,0.4810724237435471,0.55358703238269,0.5171884856562612,0.6388346015436615,0.5502684783919582,0.5120767405803599,0.610794777491238,0.4244026072174931,0.4863152888451409,0.44741063261830827,0.47634266329748753,0.44984240002637355,0.5690662351010028
