0,1,2,3,4,5,6,7,8,9,10,11,12,13,14,15,16,17,18,19,20,21,22,23,24,25,26,27,28,29,30,31,32,33,34,35,36,37,38,39,40,41,42,43,44,45,46,47,48,49,50,51,52,53,54,55,56,57,58,59,60,61,62,63,64,65,66,67,68,69,70,71,72,73,74,75,76,77,78,79,80,81,82,83,84,85,86,87,88,89,90,91,92,93,94,95,96,97,98,99,100,101,102,103,104,105,106,107,108,109,110,111,112,113,114,115,116,117,118,119,120,121,122,123,124,125,126,127,128,129,130,131,132,133,134,135,136,137,138,139,140,141,142,143,144,145,146,147,148,149,150,151,152,153,154,155,156,157,158,159,160,161,162,163
0.0,0.4648309295513651,0.42921797152424107,0.3902613170561374,0.4007816342485242,0.4740764595343939,0.42382033865075047,0.4380755194166888,0.47208714533869467,0.4597186061905895,0.4837476777506554,0.4382238501012188,0.5601513991159589,0.3866227855692958,0.45301255311523586,0.4797428214686082,0.46919487608072113,0.5308964116861438,0.4373573278569069,0.6304424903274284,0.4723374879673043,0.4776768036241463,0.41246002323242237,0.44177352889359606,0.5962615360789564,0.39780182352060695,0.36209643280407994,0.47415419977461565,0.3776425572362991,0.37692239785620985,0.5192599209652456,0.49381711031271136,0.3945530733683173,0.5061651336629802,0.5163207239993854,0.39132874167622783,0.5805486885343268,0.44557385566455876,0.4149268035779947,0.4435600347345183,0.37209618706282677,0.46747178244349075,0.4460523830006688,0.498846004371656,0.48262287853367064,0.5250028344597732,0.38911133306614715,0.4498626670896739,0.5110868477009864,0.44514333360712266,0.4756654816046879,0.45819309002669667,0.3921659171900144,0.41950974073637814,0.40724734608477714,0.4610513858688503,0.5352225177298408,0.4421392812325668,0.4163670197944357,0.42665781753644694,0.44145617322722536,0.34830671551365877,0.4227095869433496,0.35037267601507227,0.4283271796946692,0.48631920016248964,0.5091127712604578,0.5062772662381417,0.40700023568980315,0.507312336697943,0.5883863217014424,0.40268431040527997,0.4595549160642008,0.47330608837117116,0.4863406860312307,0.5174648175363905,0.398478345892526,0.4135630647982935,0.4544668390953181,0.3715228826117954,0.46031218188204004,0.5126455371309472,0.44987202099615997,0.4336929730817773,0.4343035950992678,0.5225688061138876,0.4741919069874578,0.4457368094902128,0.5119075105447526,0.4513682386483822,0.4746528145251962,0.4641863320265027,0.4265565056793368,0.5042644800207945,0.4541151336398814,0.48142452935890856,0.35074360047449693,0.4545825972117899,0.34183078024211394,0.49441525649473855,0.42781974669534767,0.40296360039005324,0.38770924347760005,0.42166142993929945,0.43219308339581375,0.4840519800306561,0.4184548426422809,0.5146374673389206,0.4354588834699446,0.47513639846971456,0.4861067736049398,0.444408968343353,0.5001465299901572,0.41772086222084787,0.4429248955966945,0.4516127977706835,0.4844702660301255,0.4667883767269927,0.4153736812349389,0.40338695258607205,0.4106086034048241,0.3689761123259197,0.47413629667706875,0.5670079065217661,0.4164052234086931,0.4535421898859942,0.3646827226546187,0.37639456833642543,0.41792904074979437,0.43048057221467684,0.39187427869732283,0.4123649560755205,0.40170534784115836,0.4740158087810062,0.48230898946825923,0.4540959174354,0.49406681143679865,0.4300241417008524,0.4364193714665177,0.49804228978432624,0.39819527215518835,0.425874402176873,0.5093327275545695,0.38859589123687877,0.5106620633310649,0.511452157818071,0.45460735029784466,0.4307672480509976,0.5565288382692278,0.302200615186465,0.5544061056521514,0.43022064547093897,0.4501535955536246,0.33505660073478283,0.5298499200686901,0.591774557562894,0.4236874185513686,0.47620839936570214,0.40369995726159713,0.440648254870318,0.39230996072189184,0.49678382781780867,0.37280796917654446,0.5915479206463155
0.4648309295513651,0.0,0.46541413457241065,0.4026725880384073,0.36489808653744926,0.4587437042323782,0.44785014623808483,0.4926361874528761,0.422321020306341,0.5646044221183252,0.42892330222733716,0.46719110925708013,0.47266373812925183,0.43498401123835095,0.4522488265045964,0.4297345239372819,0.44952814366964083,0.44954334771269633,0.3957920998997601,0.46016972124010896,0.41637566809485915,0.5404635043455299,0.44979121893732416,0.47704553674017447,0.4949201792562753,0.38859088650468215,0.39155312660043823,0.47296894845197757,0.46293978056767515,0.3471131522702584,0.4868332158541115,0.4218170991575344,0.4461965489681477,0.44993220581989934,0.460405945943504,0.3915066901749293,0.43105393901659667,0.4159479441400473,0.4060425095460611,0.44018815048092597,0.4346660897734844,0.48059913417497185,0.3393854075893571,0.3999836780829672,0.5592522437661477,0.4479298968393541,0.408534159200293,0.35639932563214277,0.4558625838821394,0.385406546431309,0.3906765795870162,0.42368913584506135,0.40857414219846677,0.4614242958516088,0.41073264100314183,0.4659656740115584,0.4134333051435961,0.39568611406285503,0.4178885868661087,0.43640131407975985,0.420479730018181,0.3036940019634596,0.35815588381376195,0.34228369033715056,0.3595509576131917,0.3908877665413326,0.4458796018120953,0.4111837166140884,0.37634708906817393,0.44221872201563417,0.42419732364478835,0.39944735365271455,0.36610983698401733,0.44711546322517925,0.4649627647959186,0.413802507974066,0.36729774122755654,0.455898229461861,0.4050402205450279,0.3197438136295613,0.38179724744976695,0.4107786714047695,0.4823308032198813,0.4013639708823508,0.3748727215926096,0.5817421106576728,0.3578259801986524,0.34270022511626336,0.4322557725544027,0.4827047593012001,0.37953056902970755,0.43432218795866606,0.39809679473417153,0.42059700728426364,0.41229005007235114,0.5171902065765407,0.34527136883427123,0.47912409572796555,0.31382487554957145,0.5038591952819582,0.39622778222183963,0.3304535151337964,0.31650809784699385,0.4108174053227391,0.36618195479516713,0.4385714708739676,0.3677030825885624,0.5881085891144714,0.4495149860671212,0.5115307817065677,0.41637223583873934,0.3608531355141054,0.38852603427387455,0.3677679169620631,0.4428020141502031,0.6106508266961732,0.43728872462422924,0.360378714157727,0.3959770626801795,0.38352055195768353,0.3960353400763299,0.3355642292619087,0.40668551096253613,0.48575574749602324,0.35284791046803504,0.5112796215386677,0.34995398803062777,0.45326279745486286,0.4780871600178704,0.40441491522022105,0.43812161992252063,0.37197422609225916,0.3481389542942058,0.4467661115555359,0.4079875277129147,0.36987208185081066,0.45450166885674054,0.4421474377370581,0.4306054472292889,0.3815121100842156,0.3896495126935048,0.40414779423040365,0.4872866339435085,0.35617649019126557,0.442245346715256,0.4342975161770461,0.45014810111499753,0.4303542634895604,0.5250711410777841,0.3111883662834869,0.39475590160539825,0.40342895818955066,0.40005838824300194,0.40361653867338015,0.4517604410591171,0.45895087534196316,0.40030512988227157,0.5070539685890347,0.37423598620330517,0.3594911093736368,0.4237562949902852,0.4197484410279803,0.3399281165389135,0.44080895011609394
0.42921797152424107,0.46541413457241065,0.0,0.4036505997667033,0.4203172813906584,0.44537747355164603,0.4278306790437295,0.44694497736931627,0.3796324757648673,0.5097941790691225,0.4622739519355813,0.43696817997796034,0.47790277347963134,0.3503314118315357,0.4670889264595854,0.5169140378750431,0.4828276245116022,0.4581126581744361,0.3768211745598811,0.3918000830630567,0.49840529762093594,0.6061231319125056,0.3908312688478322,0.45317643709154076,0.4406331441218339,0.4608442376236067,0.3584036063684685,0.4290832754637754,0.3697409323317286,0.358571026890351,0.40335505871761335,0.4226155316357372,0.3992013701286712,0.4034660990209678,0.35825061415109327,0.3692503356422453,0.4494677757313683,0.3950985982786094,0.41291183649723195,0.4329070843490642,0.39290458769029346,0.4452193919352336,0.40062584869801393,0.395543665046511,0.49151865692524,0.47393400001640035,0.4015698694196874,0.40379083978688574,0.4417738609961309,0.3812190927334411,0.43182442267988164,0.466873291693228,0.33519228929900474,0.4655768063678173,0.3973932136860176,0.3616326472159367,0.4057953425989744,0.44489658071601795,0.3950287141936138,0.3900242221745137,0.39472508741577716,0.31795836848025044,0.42451188219450886,0.3167054884936777,0.3571650207702971,0.395404664110065,0.4195373406306888,0.5017782100268072,0.4277412914773848,0.44274894827023203,0.48503193966527913,0.3382447899111025,0.34646186891534325,0.5529610566775249,0.45665798146609776,0.33541309453549845,0.4518064001936419,0.46533587825596306,0.3989341899333968,0.3082754588587996,0.402178936939016,0.4415549439041488,0.47216909247262895,0.3851771181459063,0.3585779337556716,0.5245866208539272,0.3430090655165729,0.33864501618958964,0.4134259779990837,0.37844722608689085,0.4185331204540988,0.361595258170335,0.3847194112935935,0.3434433316636087,0.39446386406905726,0.43075776265899784,0.3332768866892945,0.4155594832044159,0.2881711171848967,0.45383556303063727,0.3271103761705359,0.371261706908753,0.3248787931669334,0.4188440949235366,0.3544421849555463,0.5349150934466661,0.3942799271433822,0.44410964763987637,0.425432561077138,0.46332719134963307,0.4198674185834461,0.34779399864398375,0.3668747964406914,0.3580270331096409,0.3941868032233136,0.4966337933913455,0.36061094251664516,0.41375860423286337,0.40709121176901125,0.3606695012770378,0.4033682962937224,0.3355884938612728,0.3401235620135077,0.5092260695501337,0.2926630355466531,0.4795842974564258,0.33908654233589786,0.43359196825947033,0.42972226581793965,0.40287066462430243,0.3623352995011745,0.4864110358659466,0.3138636872945944,0.36092226198915617,0.40599722650202585,0.35072885944145993,0.37772462334959384,0.38119536800664716,0.4315404385147724,0.39064807792400874,0.3575147047674345,0.36294439005428825,0.4174846546864516,0.35904002865695794,0.40842792481154555,0.38936353315402256,0.4860596204206362,0.47173814671378805,0.48104508457488837,0.29359478606322625,0.36045911358187294,0.3354423009564099,0.4005533168641378,0.40763154891720466,0.480523494067631,0.4483055851230235,0.40465292850558526,0.522801080076706,0.2999106621777882,0.3620951392856024,0.4333300432895567,0.3166282921834002,0.3481591286662497,0.444814066804264
0.3902613170561374,0.4026725880384073,0.4036505997667033,0.0,0.35425679257842496,0.3501151838798577,0.43510551222059535,0.3987448719651839,0.3358340097726066,0.4047241540589699,0.4536985193899744,0.38782839369077104,0.40317885700261546,0.41850479053220285,0.48373575973018307,0.3968379292777938,0.4679743311892772,0.4748298528737025,0.42967880875242276,0.38539974530474147,0.45109147997502086,0.4123092748497863,0.414120885639431,0.37371049990525196,0.3939723662113604,0.4589131959155595,0.3957858373298388,0.46089690226568314,0.4145018943788023,0.2968818758105255,0.3878195826749559,0.38778842395205915,0.5699653286304135,0.4113052394192732,0.4042548194766984,0.43156053238124653,0.3737876134488177,0.4547903501171058,0.44630076754526504,0.47304816884270795,0.4926773159080349,0.3512049127290285,0.4146507927703853,0.42346558068921347,0.4371887765356247,0.47593747718323304,0.29774626629086937,0.373656885741874,0.43422731596215125,0.4297425444232333,0.5177470167691721,0.4454449102731919,0.4263617661342993,0.5567376466035818,0.4553568110776335,0.3080338862087297,0.48797860900140877,0.40390630017789086,0.46553375238251316,0.4663907560064147,0.45276763540588627,0.3465068541229989,0.43280932561774316,0.34571304855700363,0.42803308289887226,0.46011355792773756,0.47915404842747045,0.34057538852357866,0.47651742477119624,0.40980120597869424,0.4050442257237411,0.39638679730122084,0.38542998387988764,0.5569609976625726,0.4758828980587256,0.3614363268426465,0.4694075273061626,0.4112153763355054,0.4766260827495165,0.29851049520436596,0.3770883918267269,0.4670051412665853,0.3446299551162244,0.40863000757922563,0.4454912701200926,0.41403792551866236,0.3666403521547895,0.43372844986093906,0.41497278804904,0.3360920931521405,0.447703468879584,0.3853258965464328,0.41825137747236224,0.40455143297884094,0.4688875842675719,0.3642219746563461,0.3640000693120099,0.37870507738527065,0.3275276136210654,0.47219307671854227,0.3858042018526558,0.42420679451797216,0.44128930894585316,0.3962828507433401,0.42705075774819423,0.40854102013115706,0.4569839231283314,0.3880813248876468,0.4676096150708111,0.34477310032928987,0.4603208386290032,0.41199842534631725,0.4227187950372308,0.4482529610881276,0.4789784651648335,0.4106140628933705,0.40971937176609363,0.37243466546669024,0.4183734286634709,0.3973767215608035,0.4119474279566145,0.42414838646036024,0.3562048423521961,0.42668810185808553,0.3217442743460787,0.4387756739017834,0.39355926911311817,0.3652838745269429,0.46173433247220735,0.5076766056157072,0.31339107821585355,0.41332025070679784,0.3766858866141795,0.4234909043147238,0.4168947438965506,0.3507483247183167,0.29969898363270103,0.4692878149438292,0.4641776075209293,0.4269346329494024,0.5138935075172004,0.3724229532984262,0.469949165560335,0.4059088134189087,0.4174519532524791,0.38265628820878483,0.36572612669914756,0.4294633957853393,0.3741908195254259,0.3055264029899911,0.4414835751280679,0.4387353317711034,0.4697536867927229,0.3381646960800073,0.44962752914764975,0.39801932366956816,0.3666219503090628,0.38897891646001276,0.45291069227348957,0.3885876659049943,0.4591049335176519,0.3719886087397685,0.39763677195943653,0.41328624806534675
0.4007816342485242,0.36489808653744926,0.4203172813906584,0.35425679257842496,0.0,0.3321185343449481,0.4509158771850712,0.35420456775096837,0.3386446496882008,0.39552268429979487,0.38692207285141117,0.3748572325992206,0.35634787279872765,0.33069431451151193,0.4337763587838167,0.42462958592306266,0.4290290654147116,0.4408739780355984,0.36046795644397617,0.36918477965109314,0.4471452870417767,0.40755690691590907,0.4338408174887266,0.38555082972966087,0.3864108203980703,0.3863127734718761,0.3418455965292726,0.3557100495607935,0.33482041251165734,0.37828114534486357,0.38708529406345016,0.35838782423880466,0.36732531678249064,0.3693984431466357,0.4106032488075688,0.3982780237032659,0.38696062242801493,0.3809763822116497,0.41109461291759297,0.39360111751484383,0.4089687743217301,0.38814582877980464,0.42551087097776225,0.42108853589599454,0.36091721732393084,0.43450159990232545,0.43166566112753935,0.39588210691750464,0.45405409493274146,0.41077872124638953,0.4327971058465988,0.4028830928647557,0.37001251199358215,0.3744895588134276,0.3650114802936972,0.321191242115712,0.38175253401372766,0.445161113168088,0.3812252633173455,0.3869671128526886,0.30849130608918074,0.3257544703043695,0.3629272195334389,0.34574208000465245,0.3776221104827228,0.3325672336113312,0.3487698276549335,0.40415383863161675,0.386903578205801,0.3937957159925055,0.42122409638838737,0.36137784520355576,0.3094306368997553,0.41233371020324744,0.36107880762717653,0.34027800340417047,0.37392136569428935,0.5304703072652712,0.38845968569258676,0.3117834482092415,0.3674567905431083,0.429409334546918,0.4168401375519386,0.3146125401662125,0.3597317740308742,0.3839310298050485,0.32389630880325093,0.372097288841156,0.37158449448540004,0.3162565110771456,0.5218565199620403,0.41649867469181384,0.45219966653863325,0.32262601294935833,0.3914221459020776,0.36530599785339,0.28483970796121666,0.3584608409139384,0.3211065977402302,0.3738514312028995,0.322630181677707,0.3480599499689732,0.37332390572617297,0.39705750007501195,0.348981574541184,0.4379682436915914,0.36344215782838696,0.40572681126390675,0.46404144457640073,0.37992036233865994,0.39678592178761535,0.39383251210532144,0.32568966458310417,0.3663430274538948,0.36322668697770505,0.37704296668790366,0.3583667926663436,0.4064706206116873,0.34796694865357597,0.35709700062101296,0.46598685277324553,0.35283587368455527,0.32276603675556126,0.48574992822314234,0.312618570062927,0.38310377991863503,0.340478624903666,0.3690766513733199,0.36755658401142327,0.37768665176933064,0.3226316663390302,0.36464114442409634,0.2883229510811539,0.352283033029986,0.35757526248730187,0.37157486481898155,0.35680516151206104,0.42636105462950236,0.38613708658728463,0.45805464162473697,0.3195340964667828,0.35340911354312976,0.44724835120408024,0.3623645646675761,0.4040795312029418,0.39595445394802437,0.41325888103405184,0.4537574666845078,0.3950988363942051,0.28723609579389414,0.3537949785660812,0.36790588423004955,0.4242283282877374,0.38347938585414054,0.45166803407529854,0.39229475924951684,0.308260841811897,0.4282861782456437,0.3118178404737002,0.33755581629856574,0.3660788328415574,0.33753484823136065,0.3755766891108806,0.4611924902768072
0.4740764595343939,0.4587437042323782,0.44537747355164603,0.3501151838798577,0.3321185343449481,0.0,0.35872674113984065,0.4169149546027963,0.40519716803410943,0.39343107394333393,0.4360183703255429,0.4718870850576782,0.48968346571768706,0.32148258396022156,0.38524632026775735,0.4613145341920851,0.4266994005540676,0.3471052521584475,0.4098075130104845,0.4512841460260594,0.43964668850582833,0.4488620438304803,0.3171985961279176,0.38045265253395455,0.4742322640988776,0.3625532014527054,0.31409974686998515,0.39029073980181683,0.3605703364289393,0.3623643335784869,0.45275351083464155,0.48877558903948914,0.38695939901404103,0.42087466340063834,0.39300483681407666,0.3450583721283517,0.46684596677881846,0.3733945039889093,0.38232246364692685,0.3406323818661147,0.356580786764175,0.45898878456836345,0.3682230001131054,0.4458099112073609,0.42179389563890035,0.3850502687797924,0.36751716044014876,0.4040309453662225,0.34725000480776874,0.3714884613719105,0.39325300360605425,0.45656823272217845,0.33083867622941787,0.4053593688207486,0.3607948317189142,0.44854587121741807,0.39179059275196537,0.4965752125841278,0.31285877417808905,0.346102651343542,0.4290760456118039,0.3403939845648728,0.4193408826790273,0.2924274980679807,0.343557547321257,0.391313364532154,0.40120804047351444,0.4426233028823174,0.32795224414835017,0.40819664080534884,0.44215030261151894,0.3124936209318419,0.4034827679158187,0.4054062514145974,0.46954372739316413,0.3898331217426936,0.3640511681963737,0.373256765057559,0.3627402752254365,0.3992416293855334,0.4592533717148492,0.4113271159461916,0.40137434956741913,0.40015098795893195,0.38020169010236343,0.44249128688004485,0.44395431699283017,0.3317827260022109,0.4188944129515262,0.3973050351300942,0.3912376639749902,0.43408098307410053,0.3616823971068691,0.38751686346298936,0.34308562932979625,0.4740972688359932,0.3649314971839004,0.48401985915320145,0.2992902636608915,0.40541973315081714,0.33817040384206565,0.34399805945294043,0.3348896850645999,0.37030350654814215,0.3756161375136421,0.4613113911456549,0.3919382456621593,0.4434264466818927,0.3522583986282539,0.46540636397715385,0.43583330572022716,0.3422477450191602,0.46527197073672183,0.3718618421842358,0.3635518955147293,0.4508894974232301,0.42385596645337037,0.34657508821058625,0.43936511121542143,0.3587563640123467,0.35217260801800543,0.344371857677608,0.44486635689240756,0.44932741161035633,0.3761772534804223,0.4462239265501876,0.35601643145906786,0.3722698214236753,0.4027201775956099,0.3233034883840406,0.40677720797960315,0.48255242044598123,0.3543311530845958,0.417366467097306,0.4206544953522374,0.3537068535259893,0.42493637403538165,0.3370240632141921,0.3334396728846537,0.36776757888818534,0.35156846106398065,0.4126767457427013,0.38998733850117173,0.3548374174436815,0.42054166824412237,0.41273031754436423,0.4472555022905926,0.39273427172168107,0.4525909210328119,0.3126446449684146,0.40480253284674683,0.3537375543229965,0.3376956156440098,0.31703807948090945,0.4691004805862886,0.4400573859261543,0.38514994421102067,0.47712180665631937,0.3217603119588713,0.37599570153499584,0.32984181623846787,0.42645458330016034,0.3326428519967942,0.431569312575521
0.42382033865075047,0.44785014623808483,0.4278306790437295,0.43510551222059535,0.4509158771850712,0.35872674113984065,0.0,0.37670374611688373,0.3526230017534729,0.4659008334376595,0.4183402300539104,0.45714766458744904,0.4279788779328924,0.3739124547587117,0.5508423016365379,0.3917587978992966,0.42197545693723737,0.47133059269684396,0.41058445031929935,0.36123387988828937,0.4109147380792221,0.4810614861260715,0.5994690493873195,0.46147813236806096,0.4480800535866731,0.40082178593741113,0.4115457830596232,0.4096998087902475,0.4076203109021787,0.3802140872907503,0.41373526538176186,0.3914112566938103,0.44092236132893753,0.4269413974964506,0.3837476619739263,0.3558453985400777,0.4347720386404295,0.36808985850951803,0.406791341564309,0.4843098678277672,0.438223692702927,0.4227552920823025,0.40451660613150997,0.39716243137587137,0.4428592328822699,0.4635813166032854,0.40571003140279244,0.34414854557540925,0.5586197187897844,0.36422208668909695,0.44207087377196735,0.38926903029935916,0.3572703378506672,0.42375242061963936,0.4142826008973541,0.35297136728692863,0.3954443948886095,0.4127941950499213,0.4371754092758565,0.3944024815331059,0.322172245308212,0.301773164064741,0.34514702563166055,0.3413203432605329,0.35571757197789866,0.3300652938371982,0.4015913165425421,0.4196215122318309,0.4008815985230416,0.3944883304391456,0.40838047679875766,0.35843577573432406,0.31051086636153447,0.4618081404123392,0.34860184272420996,0.3723497638589395,0.43140067180545805,0.5020515036688512,0.37924078603286443,0.2978903846500982,0.3563581387509978,0.41415120590639615,0.42385489689785516,0.315121786088481,0.3507006582368738,0.4273782551658091,0.31756174828009986,0.3745483606390342,0.4125058897223856,0.3451958931535442,0.45071929381641435,0.44882275427935775,0.4263007401081994,0.348859384454264,0.38684685282652553,0.4204484008451756,0.28145409248485703,0.41665754158001694,0.31634555681931903,0.4295934521948518,0.3414153202824849,0.3618458407080381,0.36663484449803896,0.43025435614728536,0.3366741602145938,0.4438404061096872,0.34461761036106164,0.4469406796759995,0.5046533383462019,0.4160503791451908,0.45843199889793096,0.3625065960866069,0.3277301614890779,0.3535938722942361,0.38069582648903016,0.4634434509345613,0.38283116981052556,0.4334556622253047,0.3656192800346441,0.35085631023741526,0.4013200671447785,0.32745387374693674,0.3243562014205751,0.49860364714151534,0.30157821371343024,0.4611172437817536,0.31960745093193554,0.4275359574161741,0.3727280942408019,0.4131297222596815,0.33921507103415627,0.3351186526204777,0.30350417451928274,0.3400183904849845,0.3358703797431723,0.35227704989201375,0.3798275206062468,0.4526669179749459,0.43203627190862715,0.4195648809978401,0.3734739196743505,0.34483376510129876,0.4469259158092161,0.33268150121810613,0.39089924031341666,0.45736325561805163,0.4070901139170738,0.47198615141633227,0.419675906842481,0.28168903806787854,0.3593287641200095,0.3974901866027817,0.4161781489040586,0.4318607449547793,0.486960092321404,0.4156317236021692,0.41091388790224825,0.45464502807155077,0.37510579809073785,0.37624089141042544,0.4085568137228582,0.34737749220204023,0.35710169611696846,0.43799198015068624
0.4380755194166888,0.4926361874528761,0.44694497736931627,0.3987448719651839,0.35420456775096837,0.4169149546027963,0.37670374611688373,0.0,0.47658048900045136,0.4888523228465844,0.3821661927668236,0.46934939761019157,0.4432795584517645,0.35409128144599444,0.43003207679707955,0.45374620621256984,0.45175420113701514,0.43135310262479615,0.3904369888810058,0.43705772619035477,0.4240002909854335,0.42309744699772994,0.3954068076834404,0.3636000779753359,0.4576420458424,0.3775980071500691,0.41383246083726005,0.4447510178911519,0.3276060114154758,0.3695975478680782,0.5494988155548152,0.4173859314667982,0.41353889791621323,0.4454240555205128,0.40547606354668947,0.40458935671653995,0.4374019743017762,0.45462226424836577,0.438550719900861,0.3834429277631304,0.3739233245036803,0.434162467231898,0.3964097369016316,0.36876998240471137,0.5550588026175991,0.4685619378518932,0.38448614029060535,0.3474630409937033,0.40835937660172433,0.3938728840190818,0.4104350000804482,0.397740787978484,0.3781900721316701,0.40151414820923653,0.39462771648386963,0.4031724446459096,0.41268482186227046,0.4789264652665199,0.3941141504453417,0.3962849810995516,0.47158932835095835,0.32643086164187696,0.40136441636681397,0.3445014764159937,0.35993139244684036,0.3889352143480255,0.4278021787378574,0.41159026204600646,0.4284758618974197,0.5673325261743577,0.43143699180298273,0.3717363382159697,0.36711766818160096,0.4522294341452196,0.508966681154242,0.3762366749006614,0.4201855264145454,0.3951409823476443,0.49255190685717365,0.2867917472086477,0.3609327691357118,0.44821392742544647,0.44480882307933406,0.41559748967652305,0.4092258147879245,0.5620829268238121,0.45416721429229173,0.39389667542997786,0.5144332356354542,0.43611414389500225,0.4018763540717308,0.4316223279649361,0.38253037004191415,0.3606125157927398,0.4271406949213036,0.46618660795609984,0.3886017358415057,0.47016519255116485,0.31230965172936076,0.48095858294266236,0.3488085761823485,0.43784657995128146,0.3578386486195268,0.43639104634319675,0.42007727076320694,0.5004992138717497,0.41652688356181483,0.5269187987211656,0.4025947825252708,0.40805559156483406,0.3713991783160121,0.3801769864641427,0.3972305035571943,0.4388046728103161,0.4126703218523299,0.47997022920171023,0.4222535360378727,0.3710963161475361,0.3506177823255326,0.4039016081056488,0.3728014472711436,0.4590906744566352,0.3490837685270645,0.4484867510524969,0.3215209110464283,0.41718855509695096,0.35535277582418207,0.47675561680040335,0.42452871743977777,0.39275181185829505,0.45707325493095297,0.4064842039135705,0.3769240103165707,0.3911259845815476,0.39988377716727214,0.32916788047970913,0.4011973142694516,0.38174711381289955,0.4192704576142868,0.4277873615553809,0.36461659780106026,0.36141903193471253,0.48171340123740525,0.38746720019763686,0.41542711897695483,0.46414621778396337,0.4917257912396972,0.4287435042623726,0.49013666986464843,0.30741490244786746,0.430616791871075,0.4001734526189003,0.3985041061647676,0.3664577542829856,0.5031527108068627,0.48722399713802134,0.34615922953857303,0.4782584085230502,0.3139652805341599,0.3563370622284255,0.3792120105962586,0.36718264901939884,0.3719530001046844,0.4008651828729137
0.47208714533869467,0.422321020306341,0.3796324757648673,0.3358340097726066,0.3386446496882008,0.40519716803410943,0.3526230017534729,0.47658048900045136,0.0,0.41275715904314264,0.33614144096275284,0.44749510866035164,0.37577729120344044,0.3584782016611651,0.38243170516886427,0.3909139262974196,0.3757407548528635,0.42038925303697866,0.3880478247645577,0.4521785106928622,0.39069836964892246,0.4120260348533511,0.35122004063838513,0.34315470460043795,0.44363800904642753,0.3453770364310586,0.3704734733186879,0.3838977428025273,0.30317667804151305,0.4628398025011418,0.5459106846230845,0.4329652981743408,0.35135469079071474,0.40598146350243264,0.4122897785707409,0.3537531221785915,0.3851297742086503,0.43215954696161013,0.3730602735317783,0.34520751970992564,0.33126935434196225,0.5057937936873239,0.3802546549440166,0.3713292822327102,0.44506858856272774,0.4101125265268522,0.39527024521975435,0.32437296734952614,0.3864720973828388,0.38216202065836224,0.3700828857024545,0.3786963403760169,0.35683805618589404,0.35555992516340634,0.3400720867960398,0.5043737737040547,0.4124614858838765,0.41251749235506874,0.36533328245851526,0.349347596894881,0.34586859452166896,0.3500935492982591,0.3723075692938242,0.3451893124174349,0.4001833066009744,0.39367404838906794,0.4026924716856381,0.40296245172582107,0.37453585821777596,0.4321355197731473,0.45546386938942973,0.37779351893047664,0.40278653902204437,0.3774559350983101,0.44265420944454925,0.40627463499039473,0.3346427282142687,0.34157806768835103,0.41665473436042744,0.30935856023287706,0.3764919435620622,0.4916287346089766,0.4847769382826242,0.35547984854511555,0.42416359396589765,0.5098807058010153,0.40924563608706643,0.41794767598826,0.4514950043410163,0.5084903819853989,0.3912814562511835,0.4817878615885139,0.34702029246953925,0.3710761533056085,0.41660938853509066,0.45273606042701386,0.3961765745514336,0.486328591847243,0.37316317986516795,0.4070334133224568,0.3556356315813657,0.3511685295555887,0.38853222680875793,0.4004413014971196,0.4337772805040984,0.42395540049400365,0.3551209548920043,0.4497235855605518,0.3589752744478028,0.3644490019537694,0.35926461753691785,0.4202951887919994,0.38819235619683373,0.4380886780012468,0.3748922741626963,0.4193655820345551,0.4406952578025582,0.37678456418196654,0.31235107579918886,0.39605157504646615,0.3688408794327791,0.36604789994919373,0.3784064497047126,0.4200725734732508,0.4134954223111263,0.3670378923127244,0.3604789050990108,0.381236540209133,0.3576414895986006,0.3831016943803631,0.5892338913891488,0.41939981090516354,0.3405999343666997,0.44281194277051944,0.3746595217796305,0.3568813502641268,0.4451461294698533,0.3593030769249772,0.3940295116352834,0.431982546998236,0.3467828506080168,0.3885444680834229,0.43652010280571135,0.4114801053510353,0.40198900348294286,0.4899850772315908,0.5370441847400796,0.36774380124419204,0.48543868759297537,0.3115757105068548,0.44830967283463563,0.38415058708694644,0.3641683425662343,0.36936463239444295,0.4380890896378718,0.4468397714729945,0.3239854603715535,0.43005249710391047,0.32473841686852967,0.35976782259934564,0.34207008595395844,0.4276835591082165,0.41484073971386626,0.4018454088796292
0.4597186061905895,0.5646044221183252,0.5097941790691225,0.4047241540589699,0.39552268429979487,0.39343107394333393,0.4659008334376595,0.4888523228465844,0.41275715904314264,0.0,0.40352845143831045,0.4277056392813556,0.45187827725039165,0.39555645451812044,0.44445105195820583,0.43767151793262016,0.4548291325265223,0.5178794365833326,0.38736983132319025,0.41131540826891844,0.41447067425717865,0.4622369356821494,0.5095691235463061,0.4204143705260767,0.5652262420773653,0.38444607893332056,0.41164747473107627,0.46857476444452195,0.4259921831799303,0.3628761279418033,0.4844117531744923,0.42034251603549583,0.37437542059932655,0.44711617976442214,0.42393083790672786,0.36799864194009785,0.4574039481180287,0.4045236733172401,0.36748730702181476,0.434578905160258,0.3635734861492504,0.4779846419173796,0.3791892447606455,0.37554760767468953,0.4986798700764617,0.46053005026832045,0.3965989080091976,0.36005702320976146,0.5340812241007719,0.348559762902869,0.39261197568742345,0.3913613640168234,0.36241589848849887,0.4181003022442373,0.40508901243868745,0.42966688567818695,0.39236599569347824,0.3907580586867988,0.4495976349066153,0.39147315334366495,0.40098237807846043,0.3053667432944125,0.3504820537470495,0.3381279932174046,0.36357474840613885,0.3819119374351551,0.41785386317536666,0.44121091846394606,0.4426530272823696,0.4981998092222007,0.4071402241598177,0.4090904263343661,0.3438054183403684,0.4677920792399407,0.43321081659460825,0.4143886901210872,0.3927837103135542,0.46374394206669756,0.4005386971758258,0.31669183164360604,0.3951418705485618,0.4158213272269128,0.49634800435192933,0.3967048134174946,0.3772768787115835,0.5176521821638046,0.3706916291244978,0.3773477733904615,0.4820829986365372,0.4081014825757728,0.3955495335226049,0.4153501012286633,0.3861246963175311,0.359510318122934,0.4217096175237731,0.48851876783398174,0.3068598386372092,0.4741167890242825,0.316078633215778,0.49043145097557844,0.37721892503441634,0.3675379285079147,0.3538716538677904,0.48456406756661263,0.35088000105598544,0.4466306416419603,0.3696252064418225,0.6363419558081028,0.43306449655399765,0.4725728213425254,0.401904231019792,0.35893827281590085,0.3813388477348806,0.4050926295851093,0.4013405969052625,0.5082827162466375,0.44197045904226284,0.43314707733461594,0.38506113192807506,0.40907447681613235,0.3710540897997141,0.3549712525820189,0.3507993128243125,0.4946549402662741,0.32419803050123597,0.476207469608467,0.338993760569023,0.4039902082341369,0.46249060208750054,0.4085047234120496,0.45600449561408724,0.36770622529782626,0.3475370546134694,0.36633874452815557,0.3794850370249472,0.3531863678678823,0.4262680382256149,0.4184958785070047,0.45617082950471327,0.4125912022441601,0.38876208515869115,0.3873868615905226,0.46859886797820566,0.3408745228454799,0.42235669861804953,0.4690604557080509,0.3983678656277508,0.4970707213159147,0.5931758121488975,0.3051195362736733,0.3805288071211996,0.42720836480349866,0.3930944042317087,0.4048724246132664,0.48957109820285355,0.4676137307191891,0.36359674028671635,0.535347986910195,0.35651485726803817,0.38253261919841636,0.4952625753816801,0.3962206260366249,0.3889980648798374,0.4228276432161086
0.4837476777506554,0.42892330222733716,0.4622739519355813,0.4536985193899744,0.38692207285141117,0.4360183703255429,0.4183402300539104,0.3821661927668236,0.33614144096275284,0.40352845143831045,0.0,0.42023297829438977,0.515015241288834,0.3884093459655774,0.43354827560050824,0.5082214486774179,0.5010859773851679,0.45844123961528793,0.41724134788338385,0.44152850326325666,0.4894938803580134,0.49205719845579204,0.3798424043128271,0.4517216801678807,0.45218208881966454,0.49628455482498374,0.34022278251850596,0.4801210894211531,0.4585131506605453,0.33102802378429474,0.3987218195456726,0.44640763163258845,0.4174727013503191,0.40140381222420707,0.44140972906560016,0.4033772770195945,0.5254067860880707,0.42772669722311196,0.5062562615211164,0.4418031700822375,0.4212718947839498,0.37666058241781536,0.44925215120023854,0.5229219099770395,0.43732841898155833,0.4463160948297712,0.3130247681319731,0.5618347492951102,0.48413831356910114,0.3947306023039371,0.5067628692202202,0.44426190107342733,0.3613163958194573,0.5385741635481606,0.5055202167003863,0.3336868329215236,0.4755109602823232,0.43869705282117816,0.4343931290616252,0.422772486514992,0.5164106201461731,0.31431057806442914,0.45304086971403595,0.3264850775940925,0.36114246078180257,0.43091415769442387,0.5070503724536783,0.45370826323544955,0.4398199571642923,0.43230016849380315,0.498551927752283,0.3694214823146219,0.4011108474644682,0.551503001820762,0.45498478171043816,0.41211383365750837,0.5415067407348728,0.4320404128376997,0.43940677636550707,0.3702923445830535,0.45831851617028446,0.39874426133728186,0.40827370343921954,0.45863363197413304,0.3774209784092231,0.41983819470842465,0.4253253054596975,0.38592006311807575,0.3850764579325758,0.37217349458178955,0.4754121418791884,0.3354230017448307,0.4706127231492009,0.4437467609727267,0.41043288931518024,0.42932008320367265,0.34149796845382635,0.3422046786194557,0.29727656544756886,0.42235655726129223,0.4395784141199417,0.41473146264001026,0.3557411088630092,0.3466880699410777,0.3821138339081179,0.41547082408307606,0.40349428239134466,0.41501660113685634,0.41684168958981477,0.4695430213137678,0.5376799754252523,0.3739793357655057,0.45239550924904237,0.3895407122125936,0.4499247954037469,0.4193873763164903,0.4057328489586434,0.4278878498060783,0.4614364428517338,0.35650881015450114,0.43704185859895006,0.3537336436917675,0.409690702774624,0.5315964063959665,0.35824988568067917,0.5364326883027914,0.32215601786263615,0.3992196758037719,0.444778515007908,0.4193065830623868,0.30245600903533254,0.4536291659787118,0.4332997539454617,0.421466849132651,0.5377027800928592,0.4179020100416056,0.4071328304898432,0.41545267020377297,0.42733402645046076,0.4288561404905357,0.46228900415103313,0.402947980327087,0.39185372454688266,0.36398416800722866,0.5302859512242127,0.35724940881687856,0.3884393621996061,0.4474581858584744,0.40203285911708486,0.2944923295161006,0.5220431489291532,0.39432305369112697,0.47149083190323127,0.333549230091689,0.43146378327351903,0.4896703008736572,0.4297768244389637,0.4538223242147577,0.4178949297147099,0.4080215500534113,0.4122962943782708,0.4239882791778317,0.34200662479870275,0.5712456913127401
0.4382238501012188,0.46719110925708013,0.43696817997796034,0.38782839369077104,0.3748572325992206,0.4718870850576782,0.45714766458744904,0.46934939761019157,0.44749510866035164,0.4277056392813556,0.42023297829438977,0.0,0.38724959257036373,0.2973480911790541,0.44027811204361605,0.44166298357672706,0.4468383360525776,0.38197888433349764,0.47786962338314654,0.415050149865038,0.46755898463191786,0.4420101966895227,0.3973424391072166,0.40271301972547247,0.48481692363830836,0.3551080051008083,0.37457304426006255,0.39193250620219977,0.35376877245310445,0.47153616710457646,0.49916331710187234,0.4402815362106238,0.4098059578230644,0.45272638532773535,0.35951630392568673,0.3729461949814654,0.4178054272448973,0.394611513762692,0.48855875966711854,0.37750427887178034,0.3950350627273131,0.46394477305878257,0.41371112354572664,0.4164260743516946,0.4182588217182701,0.4448008302498543,0.4376059213687438,0.3603541516742062,0.4070490688718245,0.39937684556754166,0.46922544802899124,0.43798218382464926,0.35594191941707554,0.43798248233594095,0.41795346089089613,0.38917467101706626,0.45845261990150543,0.5394256409216627,0.34099542538506405,0.3859975389134308,0.34552249927124984,0.314485635612936,0.407923346237905,0.31535786709888514,0.35453262158502974,0.3695714683918738,0.35025651284524406,0.3849021090520766,0.3553036698356707,0.39894748754506154,0.4151782690400972,0.3167288173120558,0.3328055352988822,0.42769843172973754,0.43638905889263524,0.3669369475350514,0.39256570142539654,0.4223820068229507,0.3992531840991608,0.30447147458334,0.363735996965647,0.4466828587297147,0.4633179140674063,0.3222782533881748,0.3848705590763834,0.4606262490716233,0.3442501156201246,0.3802235010277368,0.4430615136633963,0.3961339703204932,0.44890574657271204,0.43845507019595,0.4212225126509722,0.3841911767291414,0.36429511208213966,0.5077455144430115,0.3305289134523014,0.4385114911230742,0.29914945166233214,0.3919695896451544,0.3146976051785206,0.38401729356851083,0.36571578287967543,0.4465304615040599,0.37529778045329826,0.4571626397140124,0.4120516580552028,0.43904385087870273,0.39328939287727693,0.4462221309475519,0.5054912840711203,0.3809325930046473,0.35720467304185605,0.40205850890660505,0.36920418800646815,0.4702869414438893,0.39647353063917373,0.4350822990051295,0.38014756041160247,0.3490723266578942,0.3707750075315032,0.3547236722171341,0.3385990581657859,0.47804988821660416,0.2963735358725717,0.47461283630489737,0.3367114176925399,0.46148388162987025,0.3928081074926668,0.3468639674630734,0.4037011850737014,0.4077587932652695,0.30759966402663347,0.3922537226101542,0.3674841406000472,0.323859244899116,0.45032899528991566,0.3620368588333114,0.36372945253075845,0.44698268627171117,0.32200155123320096,0.36075493087251664,0.44800521852498565,0.3735913712195191,0.40458552868351044,0.476958447783162,0.5936861888629175,0.4204009247244874,0.47179645384817015,0.303843460703192,0.40719891228135313,0.4020302869627903,0.4195618247275174,0.3822421358789706,0.5299017215631352,0.3880759677069186,0.3583588024659352,0.49617805394773984,0.30293344430710234,0.37502598007981625,0.3144027940370923,0.3506060148507367,0.33768603350016074,0.42796815769911994
