0,1,2,3,4,5,6,7,8,9,10,11,12,13,14,15,16,17,18,19,20,21,22,23,24,25,26,27,28,29,30,31,32,33,34,35,36,37,38,39,40,41,42,43,44,45,46,47,48,49,50,51,52,53,54,55,56,57,58,59,60,61,62,63,64,65,66,67,68,69,70,71,72,73,74,75,76,77,78,79,80,81,82,83,84,85,86,87,88,89,90,91,92,93,94,95,96,97,98,99,100,101,102,103,104,105,106,107,108,109,110,111,112,113,114,115,116,117,118,119,120,121,122,123,124,125,126,127,128,129,130,131,132,133,134,135,136,137,138,139,140,141,142,143,144,145,146,147,148,149,150,151,152,153,154,155,156,157,158,159,160,161,162,163
0.0,0.8778271752659086,0.8158940126194305,0.8290247218231569,0.779539061433993,0.8772854104071428,0.8729064246033986,0.8218292657324242,0.8526645291673497,0.8482899679200316,0.9082464751419324,0.8325142786318472,0.9491751440374803,0.8371141919500589,0.8750262694173898,0.8694111322114361,0.9064764365270344,0.9495645500927687,0.8260090001816311,0.9206678627207663,0.8581451575856279,0.8861103815874894,0.850688078123208,0.8538979313890693,0.9231253366949308,0.8109565135593501,0.8046317693213674,0.8854874649865379,0.798329159622371,0.8105043432407897,0.8639517610233267,0.9180962358854157,0.805546536684729,0.8692431155340231,0.9170932251027347,0.8119692761027691,0.9269779387766387,0.8637185378341853,0.7793779188869315,0.8890967886502904,0.7551001381799562,0.903286530167029,0.8650160877374468,0.8506580977526543,0.8883731383061992,0.8851622069173771,0.7815675479234013,0.8532339354322879,0.9094380675235441,0.8645131796119266,0.8947878164098991,0.8422776276212119,0.8250478118339504,0.8554358467118538,0.8627956986564724,0.8590292733791317,0.915262387169296,0.8369906358373945,0.8237027172044407,0.8705539034500608,0.8602396461855824,0.7681431233109076,0.8541783294066597,0.7294128623954808,0.854665450508368,0.8630600989196687,0.8692152229014831,0.8557297004969662,0.8188278530577973,0.8751103844624657,0.886003596390475,0.8431495109149708,0.8438178067191279,0.917650059975535,0.8721675573823451,0.8615956920039086,0.8611292428676808,0.8014633117977189,0.8103157594985784,0.7443815693480047,0.7923635053832448,0.8814351306642781,0.8316459908127596,0.8119090865119584,0.9079598303007571,0.8600896021725091,0.862923697292265,0.8289456107475439,0.8843010981706958,0.8016192861161588,0.8790483837994513,0.8221503124321073,0.8705033819126665,0.876404022121218,0.8955153595988017,0.8189428977435201,0.7062115022281034,0.8036971681292725,0.7514678635069894,0.8819006596608919,0.8228055503691175,0.8009749764106198,0.7561731773939957,0.7153026760405582,0.8704544992086768,0.8506064837525825,0.8250767512592343,0.9028553435417819,0.8525397593274845,0.8768233397911747,0.8863393698069739,0.8696036725314723,0.9055333875578625,0.8065912848633158,0.8945763350887868,0.8974517844905213,0.89823001516654,0.8560464005506099,0.838101646371291,0.7915510283640459,0.8167626138483324,0.7320791894869396,0.9015654122538723,0.8753340517879116,0.832630112002982,0.8211542878255532,0.7837836536332704,0.8241948835977595,0.8376949968179491,0.8296872681046611,0.8072660497063323,0.7997833222263385,0.7960521371835932,0.8273143754211706,0.8345495873977273,0.813264639520601,0.8259947431585575,0.8751816631776509,0.8521547673571893,0.8231330059514592,0.7679492264507582,0.8730721638511787,0.9041650544718842,0.787034728275074,0.8757488583370365,0.8358001956664547,0.8047207350565745,0.7866527573033467,0.8720225908917905,0.6502321865889296,0.89018573762009,0.802076658852422,0.8483113199035416,0.781881583116478,0.829022202858832,0.895840935139462,0.8813332881937898,0.8452351965313734,0.8262542001158352,0.8837113528930276,0.7863135803858438,0.8854384067278913,0.8814039208232614,0.9128720046369232
0.8778271752659086,0.0,0.8481997367869408,0.8428141971749097,0.7503329778825569,0.9003963709604886,0.8317255993314285,0.8417185823312114,0.8158570829294144,0.8997444969903194,0.8717254119095953,0.9005337686339364,0.8701710456514938,0.7731557503872649,0.8914033041279638,0.8273820725597175,0.8695890448249359,0.8387854268767145,0.855442740084452,0.8704301809713868,0.8602084493598944,0.9073288631072975,0.8077434852606037,0.8872146027005876,0.9034770127393146,0.7500253971225259,0.7743037129259038,0.8403724058079978,0.8855493388251127,0.7705961714836377,0.8725857782134396,0.8283479305306963,0.8716417037410066,0.8306978093986235,0.8673307915901226,0.8303585682913689,0.8365998524567737,0.833153762523562,0.8278887766768377,0.8685809371739738,0.859421514863181,0.8636016588383826,0.769551125090294,0.8376723755968888,0.8682425067927612,0.8376117293898093,0.7527823811873028,0.816050838339513,0.8265655948789828,0.7995016293271074,0.8194668891459505,0.8358001380270895,0.8288243864768424,0.9000613361896792,0.8441134566060924,0.8649678084841347,0.8474012982693447,0.8353131369923075,0.7534672404381759,0.8411607562776304,0.8498064395184809,0.6942819255964395,0.7973881502912734,0.7002378895627779,0.7693313171958062,0.7683617801111134,0.7968595986964273,0.7681431624015322,0.7224853518978291,0.8157449919363862,0.8067450459636119,0.7619964404368168,0.7339701919545168,0.8515302051429651,0.875077620624914,0.7692458326115532,0.7733207919523241,0.7875325297121913,0.8027202413294572,0.7055035704662624,0.8054309305702837,0.83638459029828,0.8491984007707225,0.8153928054153977,0.806606436371327,0.9231906217115351,0.7664486763573254,0.7012767050411934,0.8239175424838572,0.8514707470404996,0.7947791250750716,0.8182674228948731,0.8419449821444354,0.8146422827450028,0.8127196071746221,0.8692899400053674,0.7265369172559725,0.8477451085029573,0.686534698327912,0.8316172520172413,0.7924623546907493,0.7231084328610629,0.6885787246449717,0.795970988099001,0.7856568552922405,0.8095388329774712,0.7958875973382508,0.9334941298480429,0.8452183717083462,0.8984032698193513,0.8567639556289355,0.7708718651277178,0.805306985126822,0.7564150197690467,0.8452688080713361,0.8998988495151279,0.8745875221126487,0.7917404214569744,0.8371925440675936,0.7541228468813344,0.7681555515217161,0.698536796068169,0.8423623294967257,0.854308627664204,0.7638117987392126,0.8799053529258694,0.7174800955590489,0.8242913879992199,0.9126216889258099,0.7853804031397266,0.8287065094580748,0.7785330908749876,0.7139808397997054,0.844805622452739,0.8588750341458846,0.7721934562799015,0.8393824095328127,0.8561354441712147,0.8698022070283753,0.8149874789643488,0.787148442567274,0.8127008447179271,0.8753743870789952,0.768839679425067,0.854555435439037,0.7385329443481591,0.8450937618389789,0.8260521309333047,0.920304129498064,0.7016191853104103,0.8184097289853245,0.8378871871730986,0.8391360586928115,0.7985713498938004,0.8922396562309717,0.8438978489153707,0.840967537524064,0.8579785471893568,0.8138411226047937,0.7536297676488014,0.8016511851560393,0.830914393732417,0.9210576212259083,0.8561262722101003
0.8158940126194305,0.8481997367869408,0.0,0.7527950290821473,0.8879673944446398,0.8906700390031678,0.784762377851545,0.7824828458863933,0.7224269441477715,0.827536490074998,0.8761912869836009,0.8310997755217511,0.8711689818943774,0.7224963092639021,0.8400443068352484,0.9145848288540156,0.9032691001050889,0.8046781798713594,0.7300661080013628,0.7715044982783624,0.9347095725026391,0.9605636922476,0.7103025961562474,0.8601445963866686,0.8007344652034691,0.8646994018766716,0.6875366906756972,0.7083612703150589,0.8280276446387477,0.7783427905705055,0.7366747473007732,0.824012173092892,0.7888569817609254,0.7094027160966226,0.7361876047972397,0.8225749351053602,0.8386411165315121,0.8408363392668401,0.7945876639806078,0.842118178543756,0.8304984183758441,0.884820589325924,0.8674502309965526,0.8527158247222804,0.8022557869587481,0.8199948353949765,0.8677972769060783,0.8895233040534992,0.7616619600456077,0.8570873667400216,0.8509708463966198,0.8851740510427321,0.7462548102353196,0.8667069111144191,0.8128839521674965,0.811493705694599,0.8129105905636957,0.8884186709232722,0.7174414057676343,0.7762619827410645,0.7799762018105555,0.7721096122577006,0.8961561114822475,0.7060016581357867,0.7655899167990172,0.7669439262710639,0.7473954965425732,0.8854667760826228,0.7900529111163367,0.7849182681461934,0.8985044509738415,0.6853314357943604,0.7209575744051413,0.8840698702966224,0.8362484150807166,0.6488229503300665,0.8219745536115741,0.8701853532804984,0.7702183127889741,0.7267821204207005,0.8730296803495201,0.8069812935186158,0.8713306971597707,0.7819950762602229,0.800874710420498,0.8570714276606486,0.7417549747056352,0.6897774264011435,0.701199166372484,0.7515624113568455,0.875665709752082,0.7108502032270033,0.8463444951207323,0.7099257230253562,0.8001458787148026,0.8249636740015369,0.704594116284761,0.7542364822914599,0.6709210869012132,0.7428115156322819,0.6728276576104573,0.7694825115152522,0.6741813283544135,0.7157880447986431,0.7534717306640906,0.9103919700440106,0.8436307429707711,0.8343626138899352,0.8576700427669358,0.8774867119841137,0.8167211326165431,0.8097821114511641,0.7835759758912072,0.6938140214917853,0.7960783608966013,0.8698151166169237,0.7159355591043848,0.7854716375062953,0.8770334325646955,0.6933629746150576,0.8652926631108453,0.7077029401643269,0.790944143428957,0.8403028627788759,0.6607121642772317,0.8270813577148745,0.7545673898106569,0.8695438662523582,0.8585751905870997,0.8292056455630222,0.7520915806161393,0.9325786904281971,0.6359126477186332,0.7365033806827276,0.813557000235313,0.8187254208026654,0.7996323553849954,0.8189459186813929,0.8018876435718661,0.764217525732395,0.68082445929135,0.8555943441470046,0.7758384823514966,0.7920094495008746,0.8828237114712575,0.7491708197343281,0.9063902200594712,0.8441759652623657,0.8649852439490787,0.7104348121834676,0.7000408506732606,0.6936155310677156,0.8019230059968618,0.8856784453898999,0.841925297464503,0.7919294253296469,0.7501936434488379,0.8838268732693471,0.6677320965519882,0.7394063863767592,0.801109120423287,0.6785307076132765,0.8587509925764771,0.8421086383557987
0.8290247218231569,0.8428141971749097,0.7527950290821473,0.0,0.7145831657949678,0.8271564567125037,0.8609437954210466,0.8124415358391603,0.721143211607596,0.8040639835298731,0.8327044614060165,0.8418205576073418,0.7961833640098863,0.7479260363642418,0.8771795047625893,0.7400536929193461,0.8011739368459562,0.810609361411969,0.8443200309083636,0.7406886945046903,0.8099246911574269,0.7996082899773264,0.8158268739456497,0.7958979193111325,0.8562153845613282,0.7777570378594735,0.7629186889366933,0.8296934647065528,0.7876904536215474,0.687546891253452,0.8354397204388649,0.7810299885920167,0.952116182120494,0.8461358969202758,0.8611048901110213,0.8537160805175185,0.7941809339525754,0.7723600653516756,0.7701643989207934,0.8432650831988336,0.8589438066495133,0.7754435924790308,0.7705810219288157,0.8503431694706169,0.8347804616209034,0.7905619362660172,0.6857799244941128,0.7717365777426806,0.815698363890967,0.7716933197548752,0.8566042097435725,0.8415671257472105,0.7743787935916476,0.9197969215846049,0.8684157597798167,0.7368584956906336,0.7994999947574164,0.8191087138701862,0.7577756355881101,0.7963198493987937,0.8289344873828781,0.6851261054185038,0.820408306602045,0.6611453530895018,0.7534647380044774,0.7503656322553198,0.7953112235283298,0.7232463411707012,0.7216227699579741,0.824766393342565,0.7679811573137828,0.7350320976789328,0.7713527721835524,0.8463653782048879,0.7974737243460368,0.7333318070167635,0.7720957234695329,0.7431807859350937,0.811461171503213,0.6455087431502925,0.7286501269531233,0.8685861288934609,0.7262376471599291,0.763040441625661,0.8476055776226438,0.7998824092536835,0.7815871810343575,0.751121541878458,0.8016959825580722,0.7122584391015424,0.8334369983057757,0.8668797792927705,0.8132385627036911,0.7666383738187571,0.8439980692114593,0.8244585746908172,0.6919632848672529,0.8493448056290367,0.6894631617930114,0.8589462040695555,0.7482394787008874,0.7435233772677545,0.8479042797633034,0.8338499412070283,0.8305019819305703,0.7347875099402531,0.7723226860882201,0.8277218597293872,0.8002157869144699,0.7664754209876028,0.8880835334315732,0.8198090310769479,0.8272806106122985,0.7284755685131856,0.8701644975867489,0.8162163797073283,0.8368003850402097,0.7301506867375674,0.866940276332692,0.7858849404907269,0.6956566336447839,0.8227625169085044,0.7684850737772018,0.807435955299674,0.7034703953657072,0.8312794126722068,0.7334389027948099,0.7471955961970739,0.8781655541395277,0.7411262374585295,0.6813706318428808,0.696405412312016,0.6858617883156869,0.8324097409510716,0.7668847211933693,0.6714510567191113,0.6825933423037494,0.8563991434131103,0.8164212956951886,0.773268663957392,0.8830597875488873,0.7217985450099244,0.8664468698026346,0.7899594322565991,0.7840383130268503,0.781171877227183,0.7454912256212776,0.7297654223256322,0.782615969270123,0.5937189127734491,0.8700283556880352,0.8217147970716123,0.7776176896074448,0.7014935378035242,0.887968672142861,0.776871194371887,0.753517722452056,0.8018151345026053,0.9066849023723875,0.7878169155619535,0.7662303577688901,0.8012853626041783,0.8285262562206087,0.8117876959264255
0.779539061433993,0.7503329778825569,0.8879673944446398,0.7145831657949678,0.0,0.816830197717772,0.8167566611769824,0.6652951968400037,0.6592360663957455,0.7270097917255702,0.8480922348159304,0.8131453089251692,0.7916741295765558,0.6555080727680842,0.8159329986247209,0.8973569023032322,0.8762193319635574,0.7628616975571542,0.706788541907284,0.6827977405881327,0.8982758590327811,0.860570024947494,0.734556067930425,0.8536572223011102,0.7397938164795633,0.8768416708545073,0.6567997150061958,0.6703422017393724,0.7860606353134766,0.846219243861531,0.6873098202821878,0.7828588145072246,0.7487275785459708,0.691866442183938,0.686666402165005,0.745478405768505,0.806826233600838,0.7748464389777652,0.7772899943182051,0.8255973111946109,0.8069989506910914,0.8382071123403105,0.8617000304052653,0.867158500521078,0.7015112609017525,0.7864389508180868,0.8993821998201715,0.8661277690177622,0.770282898945474,0.8090325675557168,0.8526255255514351,0.8744215495687747,0.7018958742025039,0.7940391297602334,0.7795637422289863,0.7499863677933873,0.8002494007685579,0.8856039258115695,0.6554421413091843,0.7394235215960143,0.6594524806958465,0.7453789675573715,0.8536914841107902,0.635492716669496,0.7199862199015022,0.6927179570549067,0.6637872490006735,0.8597820516199612,0.7117088610468818,0.704014020803147,0.8490814705070083,0.655123987852703,0.6485012640128395,0.8267224553108435,0.7298705304615877,0.643692527380101,0.8087633055337236,0.9518171471575605,0.7247459747377373,0.8020395096543842,0.8260505830663396,0.7397349996546638,0.8876542268098013,0.6764545110179768,0.7729546908484299,0.7545085174319004,0.6581828569948606,0.6636994733560899,0.6584211581205883,0.6808897334803844,0.9170607398297645,0.6759978890207107,0.8684601468241099,0.6928455670334309,0.7452840134157505,0.771921424561489,0.5884181587662477,0.6778491247882625,0.6594143350300596,0.6796366815958564,0.6418362246673577,0.7043037029116358,0.6578973874194738,0.6625837967792803,0.6839812533049779,0.8830742108342916,0.7665627525086386,0.759509699999008,0.8439835472697919,0.8214344904788323,0.8131537466104344,0.7991403200520955,0.7003443026764061,0.6409876448967285,0.7698138055142619,0.8578489005144123,0.6871702615058618,0.7743232909000647,0.8093169954222414,0.6506060202899443,0.9335599486588065,0.6664906382060549,0.7347811817334919,0.8753220474647995,0.6224957044252921,0.79398676830996,0.7020447594760757,0.839063974626107,0.7578423676332331,0.7642398948309118,0.6798757622656953,0.8659534056951875,0.6002037881795159,0.6934904957899595,0.692475084977929,0.7965460802477202,0.8056797770475085,0.8176543923983699,0.7006823445539637,0.7696107794590186,0.6240212403868876,0.8053702684842593,0.7263995480691565,0.6911585023095708,0.850883252449483,0.7262705554423544,0.8743970892463854,0.8393328439653881,0.747163021935187,0.6631180557601549,0.6640439883661011,0.6838718948708726,0.7554878061273934,0.8297194345770285,0.8034210735886484,0.7034498516116615,0.7244263077317268,0.8880490128628832,0.647919247808054,0.775823722607993,0.7200818380283533,0.6676473014220796,0.7657028208588961,0.867981596919167
0.8772854104071428,0.9003963709604886,0.8906700390031678,0.8271564567125037,0.816830197717772,0.0,0.8033357969133724,0.8320510297545897,0.7781823458594507,0.8277017687846726,0.9018477207196809,0.9124127628114767,0.8732047254451969,0.7048465473541349,0.8555056573137994,0.8843063405135089,0.8834334013145307,0.7889369083963913,0.8402956124143388,0.8050314523693478,0.920587771678061,0.896291866296633,0.7319010994595392,0.8691021362413596,0.8836061706795405,0.8243321878607449,0.678491329309579,0.7741562378443457,0.8446801736798402,0.8010122154345896,0.8420060408316509,0.8422515904933326,0.8582227608585291,0.7930393209638714,0.8048188863552221,0.8070423968155699,0.8795994397661925,0.8396496594948378,0.8321420847806409,0.8104531346993301,0.8532637366613121,0.8838073855834971,0.8350793691507205,0.9191719972887508,0.8136280017003807,0.8145692867147692,0.7980611298088934,0.905381156291684,0.78048293296077,0.7945464478893063,0.856017084712713,0.9228973343093098,0.7642630185814989,0.9023929528127422,0.8411388918843703,0.8739314524601716,0.8467919871734827,0.9242512288202173,0.6824032255235882,0.774268998694279,0.8440373013918645,0.7386867408156881,0.910280288861964,0.6428140980742407,0.754180935701924,0.7827567044564424,0.7541513926538833,0.837124646767142,0.7058455817722998,0.841553997332225,0.8755607709748784,0.6902688942566555,0.7331797832430956,0.8564288818782286,0.871890258449827,0.7378478726430828,0.7967019768398595,0.837979256192811,0.8391265799096204,0.8025835951693784,0.9261189936211056,0.8401839642230086,0.8901361335139428,0.8476684940861114,0.8386026298905391,0.8954414859512447,0.8329301327695773,0.6791699892767484,0.7738726262873034,0.8134869447190877,0.8493510041841443,0.7824318453517962,0.8395764210146452,0.7909525114175773,0.7887345085341637,0.9022870783020968,0.7281792028322576,0.8391116811303672,0.6740727242036428,0.778088906826297,0.7381764481434617,0.7589109533458411,0.706365747832482,0.7832268330251403,0.7847541080166787,0.8558630097397292,0.8143479149293016,0.8883281311353792,0.8098875267385706,0.9064725881805437,0.8829473249192702,0.7896221753600654,0.8420043665644926,0.7237214632521313,0.8554114046537684,0.8982523211163342,0.8417421834776302,0.7651655564376131,0.893265753649896,0.7437509577049882,0.7998218124244747,0.7635780941485554,0.8656978652304724,0.8989567540875496,0.7482762886532051,0.896605165129678,0.7169124013074413,0.8454269957925478,0.8960657759390516,0.7485139228495611,0.7899998145595086,0.8788942400482569,0.7084617791174092,0.8515750864731306,0.8362575391601851,0.7937894151239208,0.8519327843707714,0.8075948735770649,0.7549740630805444,0.8085544180887712,0.7745048394713423,0.835381809233455,0.8044811412596743,0.7553729751276079,0.8998427073520494,0.742429958769641,0.9008459083909185,0.8429011097179706,0.8770145546593479,0.7019207318172117,0.8200059505850257,0.805509946278778,0.7797858479993819,0.758183063956991,0.9354805823644893,0.8381608062638144,0.8021955631010849,0.9320283245961865,0.7539273041611545,0.7821985151819124,0.7790914612449525,0.8248970030559768,0.9088588678839785,0.8960573266152245
0.8729064246033986,0.8317255993314285,0.784762377851545,0.8609437954210466,0.8167566611769824,0.8033357969133724,0.0,0.7244157629149459,0.6917745909603101,0.8644850179343829,0.8475405026004785,0.8553805634880739,0.8579346190999674,0.7680474377327936,0.9019918929140679,0.8193628595207861,0.8563419143491969,0.8588932797070293,0.7995872341750808,0.7598313910153711,0.8425623776514541,0.8151697239208865,0.9321171405826194,0.8711928735811261,0.8927382466976367,0.8409840480224917,0.7830338056080183,0.8121772567893112,0.819287936240612,0.7782211701871654,0.8200600669896891,0.8871801251837577,0.8373797851895992,0.9078027608793022,0.8351381430914204,0.8177927845670836,0.8767353691806471,0.7337934522692117,0.7750885902248908,0.9327470506354055,0.780773424318599,0.830596184786875,0.8570766313553904,0.8741245188668243,0.847560116870336,0.8771842229013548,0.8225768656028859,0.8284959819410066,0.9547314146934214,0.8179535916518651,0.9220850580003102,0.8255919370120014,0.7570943414076479,0.8637007691476412,0.8974897344644989,0.7936742877586923,0.8392454016052833,0.8061368580679691,0.8303591145779547,0.8463332640118393,0.748982410107975,0.7372630359072303,0.7830435451999536,0.6939664815224135,0.7923641531347845,0.7756212181149469,0.8253135780664201,0.8317430707029664,0.7513763250402571,0.7548725892899227,0.8155896170864422,0.7929226553435784,0.750937821241631,0.9028427501991894,0.7266957381809328,0.8282780976772011,0.8733380643397287,0.8768246383540921,0.7473891552022284,0.7274827624504876,0.7328023550756063,0.8154020397302311,0.8089154910603582,0.6746943608516321,0.8527750749273038,0.7439804043790335,0.7301972957774796,0.828364783199326,0.8400991335452039,0.7230625036600498,0.8828008588195666,0.8599561208323847,0.8943860492830015,0.8026361403378728,0.8377075097633463,0.8203733949810097,0.6081705193868538,0.8018812264924656,0.7178103710759405,0.8816387732265821,0.7771980974997225,0.7726660979877775,0.8232343916257485,0.7562286194530966,0.7714028794384119,0.8265573301566993,0.8071629987852306,0.8327387201184037,0.915201831885929,0.85457966866434,0.938295410011105,0.8429771023552612,0.8164534870814898,0.6921176706120881,0.8357034474423108,0.8365749359765026,0.8457348087984221,0.8663756821750119,0.847979504490645,0.7201498643543737,0.7905828865795742,0.6986958885860362,0.792897081873364,0.8963561517851839,0.6841965279475284,0.8453617635213369,0.7649434867880051,0.8238633896569564,0.8390785206515392,0.8032821461548358,0.6851087556730464,0.7102787419145147,0.6692751284003677,0.7078007702193688,0.7375965026526732,0.7379486931940737,0.7737189202954435,0.917772741912739,0.823374637260657,0.8090832045130075,0.7496814550482804,0.8044709427372567,0.8889743967066265,0.7330019121836128,0.8522566899686876,0.8712699942475703,0.753265848548538,0.8084233643432988,0.8196764212926443,0.5796583318670345,0.8046118526764785,0.781318913270474,0.7784576291963258,0.8353753592440571,0.8496873574340083,0.7894338189398543,0.8059377432501341,0.8602270112984199,0.8304427114745828,0.8987563012835355,0.7989901708639664,0.7828567417691354,0.8309917474202002,0.8305300185790763
0.8218292657324242,0.8417185823312114,0.7824828458863933,0.8124415358391603,0.6652951968400037,0.8320510297545897,0.7244157629149459,0.0,0.8584597080131424,0.8041557500957496,0.8106916157275569,0.8313728774354113,0.8360422193066063,0.7167278525086179,0.8366811055289329,0.78283382320981,0.7703442779343969,0.7988245103089553,0.8005806297713726,0.8215418521022185,0.7705869288965589,0.8252190402872973,0.7299777661016364,0.7523484396609971,0.8403879754685724,0.7223833135483901,0.7874392480887109,0.7962451119039031,0.7347769316712912,0.7360093741491824,0.8981113414564198,0.7873219625572829,0.8231544989420848,0.7777183613870088,0.7852342939710744,0.7983168033294967,0.8159687703713562,0.8457081344791857,0.8074370663964912,0.7498954048082835,0.7582879057624697,0.7639753549184288,0.7827312545940464,0.7402307936174154,0.8933632097084462,0.8117733554871432,0.6637960140004598,0.74993521378772,0.7411563919776283,0.7664731790406982,0.7753789644424139,0.7451398144473865,0.7268820054644596,0.8224371435022192,0.8046811905755619,0.7626475728141622,0.7893860654971977,0.8290831603290446,0.6878934922467463,0.7956148232925101,0.90536699087556,0.703919291064047,0.7966399484078959,0.6499959790323454,0.7180889354051272,0.7675830793579556,0.7859498580429359,0.7367219914046874,0.7417287956037231,0.9402341076367156,0.7879475638522505,0.7051265963441085,0.7115127809597326,0.8103802530766944,0.8753869777322557,0.7114501012067795,0.7672049394560235,0.6916687561613934,0.8739424402582618,0.6142908075655026,0.7066901437883211,0.8409540042095636,0.7677426431816319,0.8490840409904598,0.7653541913473453,0.8978229133801983,0.8894105635070017,0.720859410337836,0.8396254934270628,0.8330304819597023,0.7525367719642272,0.7667960759460495,0.7599017423685198,0.7394382044120246,0.7415422671202545,0.813974387605817,0.7930769674134855,0.7734985843116957,0.6312777569094937,0.795447095540005,0.7459731765509926,0.8378572140895156,0.6995336117810963,0.7590781432142807,0.8234868700177194,0.7775310595584495,0.791095541456898,0.8208317186021407,0.7469204795555703,0.7540380293793868,0.7632923836838471,0.7441921413032058,0.7725587445935489,0.8228779667015746,0.8161399228192419,0.8015276948089584,0.7614169079976942,0.7425071130128187,0.7300366602158189,0.7438778801288307,0.6797125304437979,0.8560925618456986,0.7164031020703172,0.7657336350679014,0.6719410039915099,0.8157715282512155,0.6918100480124667,0.8293320905169586,0.8021843397022198,0.7586747665727696,0.7994851366924199,0.7579912405656409,0.7750372603806123,0.797620189770944,0.8288858779072564,0.6662101831041115,0.7501632673702672,0.7605824449707134,0.834306014939991,0.8421721688402725,0.7806078221143548,0.7388195954864,0.7931377053256788,0.767802869020717,0.7733615763444116,0.7127610562939025,0.8018314563242886,0.7539998416284983,0.8321926738196178,0.6405531045154348,0.8556071908415703,0.7332485369790455,0.7874806993461424,0.7176651765370965,0.8317480630075575,0.8861324755339293,0.7724152897440928,0.7823616546752743,0.7328938969857801,0.7097475362810575,0.6960944322764794,0.7302973095732007,0.8817507507536954,0.7667706750602267
0.8526645291673497,0.8158570829294144,0.7224269441477715,0.721143211607596,0.6592360663957455,0.7781823458594507,0.6917745909603101,0.8584597080131424,0.0,0.7532327295439321,0.7624814750192338,0.7566891144534966,0.7871265720202245,0.7352451061661477,0.7531432521397848,0.7330441099754456,0.7496280573385959,0.8178274428247334,0.7465351121704554,0.8470208726794973,0.7126880737307133,0.7986087292513191,0.722621756350481,0.7055287026940777,0.8056435295993423,0.6494778625970713,0.7828856202920645,0.7884326745133078,0.6815784797395072,0.7664453558011888,0.8250458598292297,0.7407456975031775,0.7182433401071149,0.7197720055760896,0.8165741396726981,0.7161140924873869,0.7607911713273837,0.8230180152471419,0.6944023997761436,0.7056081125431599,0.6763444852922929,0.8323100136750873,0.6984657537078808,0.6822785781687077,0.7897924542262557,0.729048996907,0.6608059128438272,0.6811386645453702,0.7203498183904435,0.7302229621928837,0.7022773799133386,0.704267964177329,0.7218280316908776,0.7150166123886977,0.6942930766523644,0.819441863411482,0.75742192213387,0.7687764258816204,0.6745220743055822,0.7433336240041135,0.7697920743984444,0.6577338292474033,0.7207639466308873,0.6690592116658053,0.704851190831122,0.6958914755644681,0.7268660418107771,0.7034755755640604,0.7401794464736621,0.8627661755325587,0.7420344304840636,0.7086725730370173,0.7311041557976488,0.7367259089479609,0.8448812171601461,0.6999221499227442,0.6800957609953568,0.651020585028664,0.7300786026024619,0.5981750055514086,0.6664841642932545,0.8124254074269656,0.7523154932876209,0.7705697383354885,0.7383909916351393,0.8764195132389333,0.8049290414547727,0.6928493037754391,0.7845564823773495,0.8296198740415149,0.7394486238683853,0.7504568458404386,0.7054414644399923,0.7101271868111984,0.7436739325216926,0.7507799135021656,0.6930457762656661,0.7551552201777711,0.6787469473561475,0.7371148706961439,0.6958056846226406,0.6903372632928687,0.6445803208671474,0.6951008060840319,0.785006753760835,0.7170195929295294,0.6767836900743893,0.8484073699364247,0.6810474712665417,0.7241155972487604,0.6997639142316198,0.7266604203499105,0.7428428285418479,0.8297445903398089,0.7400551962317379,0.8050884615731986,0.7640609556577936,0.7054979158292478,0.6777074596337768,0.788599417962504,0.6779390420364518,0.7182639679015049,0.7485429549639946,0.7067274697277675,0.7609799064868055,0.6994462331053252,0.6776372541418196,0.7278074479613738,0.7141907601131303,0.6978620403080055,0.9243124187162347,0.7166191465014157,0.7347383539747915,0.8249016529753207,0.7478570728154502,0.6593622880013666,0.7435508288085185,0.7149833940690465,0.7665934566725794,0.7519853871841352,0.6962530132393612,0.7336990647331328,0.7856349117475113,0.7356617330097579,0.7103846631892173,0.7101520972381538,0.7822366078624592,0.6645402649198794,0.8050922018100596,0.6651794581247692,0.790998607883111,0.7098298644517876,0.7784401904823476,0.6852268122226084,0.7432349086566479,0.8077427836598247,0.7472965262085594,0.7202893640319084,0.7042070480044662,0.6745517147989305,0.641973078264064,0.7846145881785558,0.8444469060495772,0.7852468856745466
0.8482899679200316,0.8997444969903194,0.827536490074998,0.8040639835298731,0.7270097917255702,0.8277017687846726,0.8644850179343829,0.8041557500957496,0.7532327295439321,0.0,0.8391251836835804,0.8440831726434855,0.871172326834104,0.7960128895098839,0.8437593356447429,0.8149997009052591,0.8293187022941501,0.8531810604468493,0.7835775414761594,0.8066341787638425,0.7894647800281085,0.8455431116012249,0.8543780631090726,0.7982979466385459,0.9441598969279162,0.7440955929952251,0.8163036077142776,0.8207176462327183,0.8923426204645283,0.756813357326034,0.842384735275775,0.8719381992481985,0.8045524072936387,0.8321514100267589,0.842035249972172,0.8169430257333413,0.8539637668062464,0.7855269306248178,0.74499128484544,0.8434632923995593,0.7488428380650849,0.834748595848555,0.7985216415907088,0.7977042103455723,0.8682065745192197,0.8101234717797583,0.7629372331926035,0.8018405844424651,0.875893888689275,0.7719435158600552,0.8062909089742606,0.7508070865959553,0.7353020425283672,0.826464977378737,0.86733924271111,0.8247830283448039,0.7720693295828985,0.7947526487899704,0.8152370102694964,0.7981639956104892,0.7947684659846578,0.6975184891092014,0.7463930720133765,0.7346204851903562,0.7268222981895532,0.7361717197905197,0.8018896705177158,0.7930548469656197,0.8066714286517933,0.8209935588576409,0.7638231941550878,0.7835554744821304,0.7424335313083174,0.8428056650833549,0.7973444291815021,0.7947745680953963,0.7896886559730533,0.7884593460283841,0.727787154818007,0.6617811133363358,0.7409274329964031,0.7639106651708181,0.7970857305858595,0.7598196586246064,0.7736528042596438,0.799731105638568,0.7713109915494333,0.7812608799647938,0.8527916386019586,0.7486642658704391,0.7928149100862966,0.8185368607082083,0.8363676944737116,0.7395910592601037,0.7840494822360737,0.8695844214440485,0.6403291899541652,0.8324922114701506,0.6892071464816505,0.835178781368245,0.7822321807997368,0.7611078546837974,0.7460111171996897,0.827136341955018,0.7682405245289411,0.7794876030396835,0.7725257639923694,0.9159005154367332,0.8357051478276272,0.840748623994656,0.8318171055948012,0.7554369324584799,0.8037136862681401,0.7657967842599462,0.7834792612778813,0.8001723387418349,0.8456593720245754,0.8663254949090564,0.8294769939974779,0.7526543011447482,0.7069750307210828,0.6995818074215951,0.7749891931294959,0.804514560953318,0.7023779353353136,0.8625723197006215,0.7153367537773191,0.7934764694396709,0.8907357451455254,0.8022911425968888,0.8004919443700999,0.7134857403078481,0.6891373016709449,0.6980041181385114,0.7775910367445033,0.713095333246043,0.7857586399343335,0.833933202716681,0.8900090743000598,0.7832416461554992,0.7891927091087095,0.8254095608327846,0.8296052587925197,0.7592840435345356,0.8353662003301763,0.80700105775179,0.7404029217566822,0.7981105532879786,0.9648089403587147,0.6466055645970401,0.7665866612938781,0.8103738011985194,0.7658678234552536,0.8267872824803667,0.8487155530640179,0.8117202913111451,0.7866717370743973,0.8147798670327577,0.7954661537464812,0.7839817841821397,0.8445364870618653,0.7858859590030981,0.8926740627876979,0.763687079756527
0.9082464751419324,0.8717254119095953,0.8761912869836009,0.8327044614060165,0.8480922348159304,0.9018477207196809,0.8475405026004785,0.8106916157275569,0.7624814750192338,0.8391251836835804,0.0,0.8950249084059951,0.9199756559111858,0.7539287749384402,0.8778380846352436,0.9457181438317463,0.942620250977681,0.8734704429095347,0.8557022764281796,0.8480817992596055,0.9064914060200769,0.9254749519479217,0.8242785218816306,0.8960096903331268,0.8933106592431667,0.8318961287619042,0.7850560156879148,0.8647835967834062,0.8901316725659878,0.8538301239857553,0.8221659878445118,0.8849580297655413,0.8223718030052865,0.8187511593174113,0.8254134101435534,0.8026573888904387,0.9157632209578274,0.8945321125238653,0.8765113555676181,0.8824668660625707,0.8131772583169732,0.8638740424940508,0.8738562422637712,0.8904723458640155,0.8266047327435473,0.8405436224561429,0.7520724491483859,0.9222644263766743,0.8774138852797086,0.8314035158733888,0.8890648618835455,0.8477332088985133,0.778224976008753,0.8937159420286094,0.9121067896368813,0.7715690797603159,0.9103955484989167,0.9205399213410116,0.735844854710977,0.8319249128706009,0.8598399172615514,0.7197900693278879,0.8784221744921868,0.6743319004443723,0.7660002411474546,0.7897150214292384,0.7879184793916096,0.8259933223691213,0.771200959684583,0.8758673539530413,0.8501774395688877,0.7573919170383802,0.7468566398330915,0.9067279446573658,0.8904270966157392,0.7674944162233784,0.8867372928915569,0.8702501713254507,0.8147811785458334,0.803811959355616,0.8269466159336394,0.8033609064620272,0.8728765050866482,0.8298839239117589,0.85519503803537,0.8469348057404282,0.8315317759247484,0.7320213310562846,0.799478536133634,0.7563567485714987,0.8865249265491473,0.7269136308239801,0.9244945253706134,0.8344849622705709,0.8237597557740391,0.8351301244349942,0.6827774777618533,0.7314370997343601,0.6709280991367141,0.7794572052964469,0.806033682212325,0.8126176598403959,0.6907046779983123,0.7171105805421197,0.7894032147067963,0.8459367815547387,0.8288875257809016,0.8866165439543001,0.8348980847552674,0.8886731154517332,0.8984940194156382,0.8256640221118935,0.8178135839398921,0.8175897082986128,0.8661567769566116,0.9058612198623286,0.8233428383408987,0.8782007681563598,0.8525598145749139,0.7252231654016291,0.8654409127984742,0.7368188692358058,0.8302835861993881,0.9109052722560852,0.7491174834074538,0.8987894276539595,0.7072511287325456,0.8583151477114853,0.8607617622013605,0.796606576212414,0.7530440845582083,0.8592783825643927,0.7943715053825611,0.8180192106936708,0.8498359556551269,0.801622140934872,0.8478549873675315,0.8544060746333345,0.8426674621783107,0.8695942856061915,0.7512643351090433,0.8675516846341501,0.8154382076877897,0.7581786476945266,0.9268192142859247,0.7324863948969761,0.8330533534933633,0.8511534848802269,0.8573078403679147,0.6979846056546057,0.8466331108641647,0.8140735035415383,0.8763603196485706,0.7630990590617991,0.8725872317207677,0.8562809005696799,0.9017287915417876,0.8917727376452621,0.7924389633421663,0.8666907435670427,0.7485316620200151,0.8154109114838963,0.8274504331552038,0.9523581749614983
0.8325142786318472,0.9005337686339364,0.8310997755217511,0.8418205576073418,0.8131453089251692,0.9124127628114767,0.8553805634880739,0.8313728774354113,0.7566891144534966,0.8440831726434855,0.8950249084059951,0.0,0.8203723436098201,0.6565038661036354,0.9025240734977718,0.8633202749637736,0.8563069571810727,0.7726794709069374,0.9172957892422939,0.7783313348238914,0.8895244422564679,0.8608901898444825,0.8220395356644853,0.8944922991795103,0.8991936580646395,0.7709589595401622,0.7308089699116123,0.805373073528474,0.8588686425286317,0.8560990684787028,0.8922969112484543,0.8342926402318422,0.863980343548947,0.8493749749732452,0.7758354817609405,0.7922379353300955,0.8483882057074793,0.788787807603731,0.9163392120376401,0.8193004719560697,0.854993492135122,0.8310786332930257,0.8252244444774731,0.8817842105273669,0.8132101132411423,0.8280393423154098,0.7543505529538768,0.850136638756754,0.8300952649622187,0.7680786276080032,0.8561517882587869,0.8395529929433775,0.7452514723833352,0.8983444645656193,0.8792675591246593,0.7954942966455234,0.8524324582785743,0.9289401930103371,0.6732669821621037,0.7999863007872798,0.8052418629172328,0.6775448613856333,0.8192556387547366,0.6099623740658572,0.7202974723756279,0.7281870393960077,0.7209579468908577,0.764701319965921,0.6634792373726424,0.8236140912819395,0.7917097491030277,0.6745518698336228,0.6577694635637736,0.8390145943572179,0.820656962902458,0.7458310038592812,0.8135659353035549,0.8502500354069579,0.821783384201001,0.7578002671716692,0.7957514601860697,0.8093585906724344,0.8903839100960921,0.7452676648841273,0.7936444335760937,0.8447767066016458,0.7743503802293711,0.6790328844286064,0.7993534423746207,0.7980189163928002,0.8255859678469735,0.7914872271007515,0.8798130604842768,0.792466313364989,0.7322254010220919,0.8824455465419941,0.6773539352805492,0.7939880424481272,0.6250414628545371,0.7636970238132299,0.744662113655778,0.7781939344965875,0.6983837953686179,0.8063473363352813,0.7351050454107719,0.814371148084628,0.8015811955242581,0.868005701037163,0.8167107034652634,0.8767163798734113,0.9085257087499694,0.7569316946348948,0.7403523402482076,0.7346501613062097,0.8106450974961457,0.8715956968941734,0.8348219678242694,0.8256664481496276,0.8112243878817847,0.681295166864972,0.7768529998787321,0.7413235191076135,0.7607709939223337,0.917704206264129,0.6659934996900938,0.9322856925405542,0.6661676577592982,0.8662199085799646,0.8596900129153151,0.7127963689612298,0.756608596058573,0.7922768682158688,0.6938132915717501,0.7972977664229024,0.8085471025605658,0.7186234716095866,0.8601323894239611,0.8123644957503797,0.7755304106341189,0.9121362121086521,0.7484366994207353,0.7762349919259847,0.8141295886957998,0.7143333730847379,0.8626224827954305,0.7172629087874789,0.8697406484698014,0.8651496707971006,0.860121351003299,0.6571233543141074,0.8348576573651703,0.8291172184554639,0.8176375959839404,0.7585095663704159,0.9572839573596644,0.8156133581242656,0.8236668433752282,0.9176060812343916,0.7540306864484823,0.7880434492871029,0.7066790694615637,0.7818677904777152,0.8798542206944667,0.8721086408171611
