0,1,2,3,4,5,6,7,8,9,10,11,12,13,14,15,16,17,18,19,20,21,22,23,24,25,26,27,28,29,30,31,32,33,34,35,36,37,38,39,40,41,42,43,44,45,46,47,48,49,50,51,52,53,54,55,56,57,58,59,60,61,62,63,64,65,66,67,68,69,70,71,72,73,74,75,76,77,78,79,80,81,82,83,84,85,86,87,88,89,90,91,92,93,94,95,96,97,98,99,100,101,102,103,104,105,106,107,108,109,110,111,112,113,114,115,116,117,118,119,120,121,122,123,124,125,126,127,128,129,130,131,132,133,134,135,136,137,138,139,140,141,142,143,144,145,146,147,148,149,150,151,152,153,154,155,156,157,158,159,160,161,162,163
0.0,0.3174447379998743,0.3491809064021306,0.29326112804434007,0.3564684869054749,0.34476503528210634,0.29304406361432117,0.35044949519758484,0.3498971046196144,0.3473967729501881,0.33715322816942195,0.2972018809093362,0.4517023593262113,0.28516727214687143,0.3193762378437688,0.38674307512079564,0.3888453038336392,0.45099715211973,0.3000660231392307,0.4636041657361381,0.36758660582781044,0.337820936128076,0.3508023537068457,0.2824663961440179,0.4278740883583706,0.28479337124457316,0.27184772147552794,0.3653357182347353,0.24753998297095028,0.2745897459148406,0.34878369898679734,0.3733924761883976,0.27123567896362594,0.356556311390082,0.43770708315755535,0.30093994797357143,0.4327608138837129,0.34604042996400197,0.26252005395677064,0.334485016759536,0.26430789967244506,0.3776249845748605,0.3510030923217436,0.3515224631643933,0.34662586882307406,0.408718004518461,0.3097106678492492,0.3356368530492726,0.3903443063666002,0.3761266044858681,0.37226740042224543,0.38579996177552084,0.305894239246534,0.29196627317565854,0.29506307099722695,0.3532986086594706,0.43105506998863036,0.3506473740024826,0.29458681898670636,0.350418770293787,0.31904184722326473,0.27091724638055015,0.37003658299584047,0.27536091314044847,0.3271912041353495,0.3661107847419354,0.33485394234278176,0.34973635125800023,0.29020470954070854,0.40179907404519,0.47928698071439996,0.3194280938121548,0.3366690093306518,0.36042661877655147,0.3641131777720246,0.3689785187737593,0.2995237544147389,0.31088795000440533,0.31598958997507975,0.25673135203604003,0.3280793715132151,0.4065509144081201,0.3120792545300514,0.3136153508608699,0.362321370356941,0.38342026030022575,0.36521968369693136,0.3278215939588985,0.4214505303008712,0.28569189156571057,0.4146638444244524,0.34554637250904635,0.3520302943837701,0.3604536033599025,0.3864396679744286,0.3005748413987477,0.2443395759409783,0.35436246664263216,0.2672797449249025,0.35580516142230534,0.26728117386849826,0.3150210019163398,0.2822325596060856,0.29316362228719683,0.38849427656772473,0.4114934831995228,0.3407045589727105,0.39906158597836844,0.33617464073037895,0.33944462570438333,0.34033182566442244,0.3746704119922567,0.38448467859130564,0.314524520645649,0.3302537890099014,0.3535258389419464,0.37212465399202704,0.35980894503040356,0.30586961660940754,0.330495150941983,0.33795015795095823,0.29921340502669125,0.38046569699606053,0.39982198178654343,0.3148977346483724,0.2805168032300808,0.2787993483496631,0.27316753019495577,0.3059548557847513,0.3240353680174597,0.28924114908497245,0.3379501190105501,0.28484831904028607,0.32196727913655654,0.3140538649652209,0.3315898540678447,0.29966020948116107,0.3236836627732754,0.31005684613963197,0.34344156734925824,0.2605118122683615,0.3249019858505732,0.4186797780510957,0.3189517071693357,0.33955482962317607,0.3222780859698533,0.3387648154094807,0.29085720065793985,0.41285355060073375,0.21258280780797348,0.39389859154755297,0.29974449578118156,0.32571019045231336,0.24329019938213126,0.364322902488644,0.3887503382366433,0.3183817396541559,0.34117591749630727,0.27948394790762604,0.3539351818535021,0.2934749772291683,0.3503299215474247,0.2704308393285422,0.4213356723217016
0.3174447379998743,0.0,0.35234640441985776,0.3096732841482769,0.2700438584698172,0.4046002257802173,0.2977222280940179,0.44534852334942726,0.29474273382704563,0.40975237095644695,0.3300382766910491,0.3677514415578062,0.3569454093210216,0.2730979873842529,0.35734726773137176,0.32278777484625826,0.31857561423265573,0.29552038647313494,0.30393346695895107,0.3422908157172784,0.3079038586737053,0.40297474559728297,0.3227277261295851,0.34581539435794284,0.35983454155618183,0.2521911131089401,0.27265289033724444,0.3424174421279619,0.3415057450884819,0.24382450694930502,0.3796955064165689,0.29920385554824214,0.35121492556709977,0.28978349508816453,0.3255189432495252,0.30088959077169786,0.3176309975511931,0.3067058049270651,0.3209145276852681,0.2973376938643607,0.34933225399501966,0.2991223206953447,0.2413043414833609,0.2878225813456078,0.38399063959081087,0.3146753802230746,0.27179765522060345,0.2791947508320439,0.3181090911395749,0.2862040314239679,0.28313134946513774,0.3070568764077429,0.3060473764655257,0.35176458837190683,0.3184592077413031,0.33710039131633024,0.3161376571499927,0.304097372083043,0.27487050462311685,0.3405418198031352,0.37227892889235,0.21218323689093094,0.266491413100357,0.23266443906620607,0.24587375776933215,0.25187720102129385,0.2941789309772605,0.2750937529266521,0.23342633202069263,0.3285600861015004,0.3003620572157439,0.28486899049716685,0.23017880442080504,0.33004420287058067,0.33924530004586606,0.27363735408201517,0.27252937446566783,0.3444224568414831,0.27755080844964747,0.23237236432998895,0.28203512810622705,0.2993412475036787,0.3631676127397803,0.30912435958226525,0.263370308160091,0.4474295045884647,0.2764460577679601,0.23377517249556592,0.3265853555509267,0.33496225742902347,0.2564296168670246,0.290367443673488,0.3306422182177391,0.3018423137163987,0.28637188965141447,0.3954666830530462,0.26161811599094736,0.31947831316066755,0.2156918338620105,0.3337356961774817,0.2973917075648591,0.24483053206406033,0.202129677223797,0.3036187196751944,0.2678861325337302,0.3189709387672873,0.2716014529641358,0.4018012515870183,0.30739230814500346,0.38147131316805927,0.27670739471544586,0.25535723258742443,0.2784202116386659,0.2641680881386474,0.32027619580920613,0.45579416483467966,0.3163659737652786,0.26073543911618013,0.28113187603178963,0.2652231211441977,0.30569323634186246,0.2738627605326315,0.28569938913579795,0.3665952713943623,0.2774763048867123,0.38659800975143044,0.24043454239056,0.34876251631525573,0.3489501612284038,0.29099053750835385,0.30009741978187976,0.2957369261164299,0.2721073763055935,0.31323017077708204,0.3231571611768705,0.2732910630071302,0.31612861905688733,0.30735081486563215,0.3027728207486213,0.2875964702806259,0.29640255791467535,0.2700358445390987,0.350254918708867,0.26669256720687134,0.3148878550516808,0.2422156323494125,0.3804663080913641,0.32276652301658426,0.3718711290892669,0.2104407980319405,0.29673685267513,0.2926175999535644,0.29096166332481543,0.281428943071014,0.325227130931332,0.34083067116048577,0.3478513688633041,0.3897910940995042,0.2792650054991243,0.2560053763916289,0.29934479403622466,0.30707709007139655,0.2394345977111175,0.3157937549509549
0.3491809064021306,0.35234640441985776,0.0,0.2933112748326898,0.3644145930419379,0.31512043597927303,0.30512031229241127,0.3237399898605981,0.25609801724536463,0.42451229115422856,0.3794066253726118,0.3033794932874335,0.3878480127891504,0.26105081123623486,0.33226333776657774,0.38656773671056555,0.37422477533563164,0.3650912003293709,0.2654846341246093,0.3016794028218625,0.34963846300263696,0.5036944505012875,0.32611839226182515,0.31761135204013474,0.3323358893563767,0.27798008222370685,0.2614054390767367,0.33176164454108864,0.2753367230227235,0.24540898165890823,0.2726111015765372,0.3035179955215538,0.26624490667096035,0.2691445086588509,0.2924533271610793,0.2851054479548653,0.35055467356091297,0.27632587608663,0.2768699302271152,0.31404572804824876,0.2683807663501137,0.3304491886705184,0.2909433591417778,0.283616560093646,0.3509491294080811,0.323082041905913,0.2642587170313918,0.32148974409523606,0.3467024360472568,0.29644692964384417,0.315173706853841,0.3061911727561235,0.24399121629190218,0.3398224168884498,0.3174602424651798,0.24815628634844025,0.2914706956098365,0.31866183217188415,0.289032398789487,0.30998326645608576,0.30467879740266796,0.20953134603224308,0.2979071083130504,0.23743759683841492,0.2566643431400258,0.26730739534604847,0.28499393442274423,0.32505009113205097,0.2911383995149202,0.33250185571400387,0.3368929752119369,0.2530017061872632,0.24767106004161837,0.41476325184500973,0.30862909848806147,0.23292863074280218,0.3213919746817552,0.33304413087714774,0.23966801727092302,0.20055590787279054,0.25470855940610215,0.31210352162690963,0.3042421734821065,0.2576491853400522,0.25298741656654317,0.3357834603764249,0.25270052615621497,0.23519168222865044,0.28574674426749175,0.23574643866256778,0.32098705410653977,0.25449647767488576,0.3209026652622021,0.24146691651487748,0.29626459473483335,0.28995936051080173,0.21355224982891496,0.2740862101384109,0.20524314756031142,0.3027441962605589,0.22977071897294546,0.28269988507074073,0.21301377191333878,0.2900462419499345,0.2650175657348705,0.34669804218056327,0.28517959071309057,0.32740223092361265,0.3054773802398374,0.36699268029414395,0.30130911032718316,0.25378786212030136,0.2633333855682449,0.24478449101694227,0.2610461112704984,0.3461853314187029,0.24561513691782538,0.3527991428487565,0.30194938409738714,0.24806340666061225,0.2980811679473678,0.22631475838953719,0.25252107480316416,0.3296091309645566,0.214489997270205,0.31772835003790706,0.2292911925824088,0.3072822977481708,0.30977014530450525,0.2852104918921784,0.241471884832016,0.3289275700691167,0.22133560283171638,0.23810828113488824,0.30240188096308596,0.245454061124213,0.24493649112914634,0.27718601831021805,0.317404245086183,0.26681138739207294,0.2430200281623353,0.2701734143611822,0.3215329962202646,0.2766359219071765,0.2781090706150128,0.23217649382303687,0.31672940383240106,0.2943828558838809,0.3567403929834005,0.19274538851365458,0.2542686584152894,0.22765319537188208,0.31278247488593375,0.2868146930458088,0.3023828024972591,0.31327020371113046,0.3332837748543573,0.3391054545538826,0.2245349360633094,0.25681966070200324,0.28887693241214546,0.22406385370438842,0.21802138648510927,0.33310412294086483
0.29326112804434007,0.3096732841482769,0.2933112748326898,0.0,0.2866812074436889,0.26408513254854815,0.32954399309274757,0.29051806335441477,0.22994253774017406,0.292019677212631,0.34128444294625904,0.2680583720949894,0.3046919852018517,0.298524213542275,0.37204888914454615,0.2773090202720767,0.33071017286856536,0.3272513565456234,0.2862422984110714,0.28862160764206496,0.35183387889166323,0.32033831044994987,0.3288199825473754,0.301154105727759,0.29661126578960484,0.3272680878759193,0.27446772731741714,0.32965094420025165,0.2925841875512707,0.19703365296827816,0.26982906136375007,0.2620258135367615,0.41738391291447197,0.28247086686925976,0.3259479581886448,0.32991569138218185,0.3030345739617838,0.30377910386309204,0.3024644767595392,0.3685603339522127,0.3727461766287229,0.25883337554515773,0.29227306160593486,0.3437351571868563,0.3134183582133416,0.3333676668362837,0.21370527254638894,0.30941577200382314,0.3378182739948356,0.3195112739425526,0.3812031328277084,0.355695564931369,0.31094814968221496,0.43136796412220635,0.3381586627953386,0.24491725001533166,0.3611170153299229,0.2714324192738014,0.3192677633433047,0.36623861879635267,0.36894523046237265,0.23619416662405587,0.3296798853818664,0.2423175387590385,0.31188854522842935,0.3146249469895552,0.35631083519887713,0.25260491665245505,0.2735202101059741,0.2856563809537744,0.31855138271729516,0.3074137440812619,0.2636927116495224,0.4069707753379926,0.2970821428078711,0.262723547341401,0.35950409528157773,0.32411464401148865,0.29272258979617316,0.21446559753205707,0.27899061113264645,0.3619515777573961,0.25297826886987423,0.2837969688038114,0.3300130553288999,0.29837664651668233,0.29835591068311107,0.2883538310880878,0.2970802574733231,0.24102732991777714,0.31869642987513125,0.2818917469560841,0.3266721473091017,0.30224875182970945,0.3591132992621453,0.26649391555516866,0.2518254057395231,0.2789403594398116,0.2397652523483884,0.31823060762985184,0.2872158299675462,0.301304311515965,0.29049364771468084,0.26763772769615496,0.30731222243003337,0.29510959069458803,0.32168007350055977,0.27534356722559467,0.34795160527098545,0.2832788027036517,0.34697430297933013,0.31449493288069275,0.32801376676504934,0.28869064764670926,0.33383768933068575,0.29201868364620515,0.2930865357997618,0.2628662020759552,0.31686855148680604,0.28248680072774257,0.3286076641320051,0.31676383989172296,0.2928347146950203,0.3193371060669261,0.2587149159928002,0.29064997246939045,0.27016442671327806,0.2763607429306809,0.33948121786964763,0.39641282989771115,0.2069096238181054,0.3013491986681689,0.2780883073993848,0.3036148847457365,0.32421172653500135,0.2802028424814244,0.20753519027162806,0.3688147845745571,0.3456332571460338,0.292679398408895,0.3808101842935803,0.2652191470937602,0.3663029932666547,0.30930583227073355,0.3148887928048589,0.23863439080779825,0.2839000229493894,0.2830377523228749,0.26653766696350345,0.191257776913846,0.3353263117400469,0.289793263983074,0.32855583450776094,0.24744855229068116,0.30049982785553003,0.30760026409204744,0.3142377028058226,0.29426920397344464,0.40219821947131806,0.2836557980021016,0.34831101375039114,0.27500989533342635,0.27512907263600883,0.3094888815224291
0.3564684869054749,0.2700438584698172,0.3644145930419379,0.2866812074436889,0.0,0.2611288688888341,0.3346797586526757,0.28344726398410813,0.262806418560736,0.32650534213823346,0.34712147512607117,0.26258344782098764,0.3219217472396428,0.26775498622413363,0.3048544594607995,0.37387144389719185,0.3709359619221609,0.3871349254139209,0.25242336974770435,0.29449889102797505,0.33985686556586897,0.33821466934805383,0.37213443714544653,0.2721072404676708,0.32004097068490345,0.28644360695646964,0.2750854945991029,0.30736346072788895,0.24394850854925354,0.27164820198814305,0.27919293687360724,0.28498618597204045,0.2550579884662068,0.28542255580886866,0.35414981494656417,0.301869336850143,0.3537760240773945,0.3031217567441449,0.26955258787639186,0.29840277540615456,0.2633654694514189,0.3552112618227263,0.31680602404207187,0.3202694702063161,0.2793968384425259,0.3147141946935821,0.28984843063442917,0.3332673816380908,0.3827439537229599,0.3049206103394496,0.3305496962367889,0.30331561238856575,0.2634654449021263,0.2811824979970844,0.2923272065575588,0.2623229518799218,0.28740079894268533,0.3537756795038635,0.280745104760602,0.29714838163884577,0.2570594909827081,0.23091621130041007,0.2908071226461599,0.26754674226750963,0.26592067447849393,0.2489651442830816,0.27670425758941997,0.3167824325478412,0.28865889189808225,0.3518144514819856,0.34119147837226393,0.2771500323585434,0.25244845383135084,0.33930359919605474,0.2805382955034209,0.25600477912853686,0.3131118925823419,0.4125461819884715,0.25864232711680973,0.2237949919564143,0.27686384906457456,0.32820469672558816,0.30602629759303374,0.25005556448332267,0.2750109250411951,0.2907458607761775,0.28559999342770315,0.26621419095408716,0.295281157638338,0.23393989685328076,0.44177854885664863,0.29630393773307423,0.3593652188978313,0.23832630333657984,0.3234251743287004,0.2710879293163149,0.20205186783428578,0.27897217508144045,0.24399765777390103,0.2750801320560781,0.24164498065479062,0.28320997695302974,0.2568740546030415,0.26690857160980264,0.2795944346297498,0.33662949297041544,0.27202203367266475,0.3469457685027285,0.32436046441435895,0.30798072817018013,0.3110965446189334,0.30736312196588356,0.272346244201197,0.3002898731277967,0.2620319662281102,0.29382029907364215,0.27186918820717226,0.3224692217095152,0.2751649601024332,0.3071621823805392,0.34735041615943024,0.26810879266840476,0.2641169224145988,0.3674720337520219,0.244904579992403,0.26474578389609965,0.23996078072213348,0.2791005183193363,0.27748154754166615,0.2869332797859925,0.2488755099369271,0.29712437967104466,0.23632377260069667,0.2598131251823491,0.2700416321512047,0.27572277559104125,0.241887447432966,0.30601923246695667,0.29698848299166947,0.31342961656824025,0.23643396066892106,0.2901809749331468,0.3484482730514434,0.2960203728563335,0.31254767704819963,0.2582534341621443,0.30182551850827705,0.29924104828577364,0.29805055748218956,0.20547564151857642,0.2717186688768157,0.2586617978229399,0.3306016088328125,0.259935850933979,0.31950054824697804,0.32133732283633176,0.2660826123645464,0.33925305834397745,0.24378503448167987,0.27907189210822353,0.2833256918749061,0.25583484219746405,0.26114560786329366,0.3842765700022505
0.34476503528210634,0.4046002257802173,0.31512043597927303,0.26408513254854815,0.2611288688888341,0.0,0.2543171706711289,0.3578043150995868,0.3143550077103478,0.2924805399354767,0.31436752912148386,0.387703364599241,0.32923765998947846,0.22069785599211836,0.30386023127216144,0.3469473360167463,0.3120568662345901,0.24846962173255785,0.3580074342721251,0.3667418620351016,0.3437007491314968,0.32773836566836934,0.24359933514487514,0.27490139053228246,0.3735595378390794,0.22825033753728102,0.22140302991824587,0.2861978196861067,0.2721033731897809,0.2753015502345374,0.3825671211938419,0.3826773616316652,0.30385661689269283,0.29119087919381104,0.3051496484116853,0.2758070591296682,0.3222208404237926,0.28895376162889386,0.29973173381825385,0.24098914486344952,0.2873547707807937,0.3261047196882364,0.27728628004040945,0.3303465271814551,0.29743851386227055,0.27527316792168144,0.27021776312114487,0.2958372098691857,0.26127165701985744,0.29862728046040593,0.29531123200144194,0.3485925880769834,0.27926670299288525,0.3080771402371866,0.27944209669970854,0.3480155192057101,0.33302914372585246,0.4086108412184728,0.22604279360883586,0.2799547176764785,0.34030125516810833,0.2504779383559315,0.33350827274331946,0.21977037226414262,0.26312445403363977,0.26812534124185977,0.25143843122391996,0.2838034405041165,0.21290553411148883,0.3153566075126346,0.323089582731152,0.24083374676389727,0.26114381515218604,0.2917378129680609,0.3517073951285801,0.2865320509618544,0.2597650831158075,0.28440591131301635,0.2549565900575123,0.28377615522748656,0.34485175963689,0.32532708501087987,0.30826279977763904,0.28968014748973153,0.29495552880381565,0.3486949864534252,0.34844929756151893,0.24239828418917966,0.3251413743043761,0.2725104565671669,0.27685185843119564,0.3374153822070434,0.317100135938609,0.3054327936220911,0.2637510759996176,0.35506925513591986,0.3032890367816032,0.37082095601733295,0.2342329062597418,0.27231746307716537,0.25512202144132573,0.26764688705779704,0.2282980961332485,0.29048939468148816,0.305296799124485,0.3241022626670427,0.29426819577553615,0.32717367576960205,0.25308391392459006,0.33999737912588174,0.3136908859237398,0.26573901585165016,0.3151304837247972,0.27651417334496764,0.2708320170019964,0.3271002467340411,0.3581604735282222,0.26814483674046863,0.305391617642859,0.2645884656837502,0.28453040681887665,0.2843759095727364,0.33228208572126344,0.35122960069090847,0.3201695379530283,0.3212669229642911,0.26084526464624114,0.27990623925787783,0.3016382164457769,0.2383983423126922,0.3076281722115882,0.4076858355493719,0.2611892006597936,0.3257851419499371,0.3173768490152873,0.27824295533277754,0.30021283847679825,0.24501328148562646,0.2449716119847349,0.29353842499227667,0.2596644172955962,0.3113488411810335,0.31264611817189364,0.2989319856174557,0.31099575438330246,0.25412403421147645,0.3868447223960085,0.2841718634681783,0.3605612922156194,0.22569624873005056,0.32177931045188596,0.29048933708682484,0.2613076679044672,0.2233958300294065,0.35102452837312276,0.3215694132482523,0.30403236181505733,0.3482854137171735,0.2403090676824651,0.2779634141635897,0.23751650176914588,0.3478992615273703,0.25456380702463727,0.31488674256035815
0.29304406361432117,0.2977222280940179,0.30512031229241127,0.32954399309274757,0.3346797586526757,0.2543171706711289,0.0,0.2679191191445393,0.22768495829682284,0.32952564593449307,0.27871745735483144,0.27815780462308026,0.3429456254566528,0.28580268961537597,0.4068368908175637,0.2641326653373367,0.27048327888982904,0.308611380966796,0.23767695677417613,0.24393084797994888,0.2867900778523623,0.32571336081091024,0.42013618146966797,0.32192528202906284,0.317619934163938,0.3335543054958552,0.2651849396600163,0.2610587523621768,0.2534871244495461,0.21830303534005346,0.2907253044585238,0.28500181902445326,0.3129437743209086,0.30449529875451253,0.28368873538647266,0.2683215969837609,0.3597234126486681,0.23959448554792265,0.2592155464484584,0.3498185188461778,0.29723900935835773,0.2875566041400268,0.29718910583679203,0.3050645062067212,0.3582834267272183,0.32532527853023446,0.3208540732091316,0.28212988824004065,0.41112089805913815,0.26450923236671287,0.3353271192874709,0.27362954055007166,0.22888952276018892,0.3114991357778215,0.30113801604818785,0.2698452820757839,0.2526152619220877,0.26149793240185903,0.33181799725405337,0.2776586534483302,0.2515134206497992,0.2310807949934464,0.24050777556613637,0.24988548477778455,0.2571295410495549,0.2414524455676125,0.36970974907833565,0.37650563310795615,0.27853677292330464,0.27385451177029435,0.3234937447242224,0.25697664064753617,0.23793729588896065,0.36699912873089874,0.21903993370844926,0.25272460980715933,0.3684968692477421,0.37162456528996524,0.2458380205060668,0.20608088364521232,0.2589422997967625,0.30102174570783113,0.2883028420372017,0.22184435456402682,0.24438136732655086,0.28476213887381946,0.25346196622359646,0.28192084892319846,0.2889296730478996,0.2513645348887731,0.31574235117670607,0.3416105386979832,0.2830404384889217,0.23384667471350634,0.2834631063716788,0.307543791971461,0.19737108088377947,0.31274544239606056,0.2261442060711538,0.3557800474480084,0.25265141804961444,0.28383149401868935,0.30017896425871926,0.2837076714188148,0.23553875506289526,0.32663980870869813,0.2551290646405571,0.2932385018237822,0.37921776950285163,0.31913562207518736,0.34059754913842477,0.2594328266357019,0.28370194558939593,0.22950084436486717,0.25912534320909586,0.28934967791823,0.25345064917209414,0.28743126910937505,0.2872732577262147,0.24056930767062185,0.27530362605433323,0.2480664668536075,0.2393609269761705,0.349424308399002,0.22023507983169568,0.30277780643575014,0.24274582149539825,0.3213167297501876,0.2628553372597501,0.3179617289662261,0.21324137593705844,0.23081003098405203,0.21688430147637067,0.22233959323449587,0.2529439254391331,0.2654743316521377,0.2424356331115112,0.34006841270802635,0.29805247196136175,0.2843119945320467,0.28404811976551686,0.24351497541577116,0.32174852826085854,0.24452434207440793,0.28840827073091735,0.32218631385443125,0.2830401231773189,0.3113325181060466,0.27683617141519484,0.16973161846923718,0.26183318442083625,0.24618875038978272,0.25153355213861933,0.36736637748473705,0.3309510992331299,0.328598205979034,0.29768199238884197,0.35395744095682935,0.28272098711641547,0.27980644414911293,0.3122140055565806,0.23181745697084477,0.25018668851779563,0.2818851030338789
0.35044949519758484,0.44534852334942726,0.3237399898605981,0.29051806335441477,0.28344726398410813,0.3578043150995868,0.2679191191445393,0.0,0.3605670840955966,0.36759741790046374,0.31248462365131446,0.39555797100314766,0.3459846267637994,0.24233083387231008,0.3349352496276827,0.3598893584142703,0.34516899156045366,0.3048891656481627,0.32348984180819074,0.372930204957844,0.3367022532992325,0.3170179303057121,0.307065923901761,0.2969203234763744,0.38174867105847965,0.2504021586916629,0.2832042831726662,0.3447077563398436,0.26016386593662294,0.2856599166339038,0.4614113467095926,0.3102038401300796,0.3115876444412859,0.30710741990845,0.33696925386540494,0.32190838582522324,0.3586100863512488,0.3678722504356555,0.3437725965385743,0.2843451269489039,0.3168837807633432,0.30475163864735144,0.2878139326244234,0.3052181353829532,0.3872247166260066,0.33788193875631894,0.2805195986480888,0.2931626513832794,0.32535909550223613,0.3028865050207478,0.3064934014158772,0.30886333341458777,0.2984084407710124,0.3006608024576446,0.2975057309885753,0.3220788418884489,0.3409941900847971,0.3912608045513634,0.280422283304298,0.3160428763704296,0.3920397940244019,0.22319915969898182,0.3008965909951508,0.25163540466267137,0.2536261930342741,0.26757397306211284,0.2896265069735763,0.29344823433928424,0.26227855635085573,0.44505759927014066,0.32766835806985384,0.2885622543168712,0.24725285728076427,0.3325374563001362,0.3888350441833335,0.28461960874952885,0.2967353569372062,0.30757456438905123,0.34911401270219583,0.22990948820851068,0.3009521312304969,0.3252854243815452,0.3877761293474032,0.3385190111349545,0.30503913458084,0.5063269819866547,0.35618717205977773,0.27069630920898335,0.3915404965059362,0.33520703790419876,0.2885303104657993,0.3021717653791336,0.3305718052096011,0.2941932028657192,0.31728162834535284,0.3803817145104514,0.28030794745034887,0.34329409909395986,0.22445290608050605,0.3194283176839838,0.279401818134799,0.3051482078121668,0.23291366684680664,0.34289691583643855,0.31197839056772453,0.3615500889953664,0.30572324561987074,0.4378265756783004,0.29471760200457975,0.35280182977344965,0.2798653472201922,0.2889990227452997,0.2976151213000494,0.3217761398673998,0.30784163639122447,0.3758274659663888,0.3446687525225015,0.28240077719894946,0.2676138844367688,0.28016350894558883,0.30920686859347685,0.35089361690842136,0.2815492754402343,0.37522936069221235,0.28080103026811293,0.32998010722812166,0.24069247138299782,0.34652877170561036,0.32384788040035006,0.2866134911568381,0.3385324423318975,0.32465315970524505,0.30601442285589636,0.30458630230338196,0.3353597793607923,0.27349402665768285,0.34040269521596644,0.28242622326344924,0.3052350731003325,0.35514585777256147,0.2831117728613885,0.265197998116421,0.36838620514193077,0.29542481420799094,0.3421514447634736,0.27284725354556427,0.44698900735415054,0.33113387019472196,0.3943945733611625,0.21853720497942045,0.358324524693738,0.3234474462804527,0.3087137161431867,0.26048719368169354,0.4006578619679044,0.39443465634057767,0.32222084119687056,0.40894964845168347,0.2524506249031626,0.26569997813587265,0.2791839047162859,0.3208415785008338,0.2756089551319512,0.3484619427115479
0.3498971046196144,0.29474273382704563,0.25609801724536463,0.22994253774017406,0.262806418560736,0.3143550077103478,0.22768495829682284,0.3605670840955966,0.0,0.26794157939430335,0.2567200929885901,0.3138133197513294,0.2696189337843125,0.24161829951445812,0.25135064839239557,0.2959914875608005,0.2822920557078772,0.2936228825646053,0.27963664649692815,0.3193836487498701,0.2668316364412538,0.2849138919128656,0.25307460192493303,0.22744892182231913,0.3073844000844055,0.214088461463344,0.26289947609889774,0.2916682210397227,0.2162777030184828,0.4046622821261372,0.36625399393336877,0.2888585418057874,0.233071339296356,0.25015070443058024,0.29214869656020165,0.2287540374132025,0.27087587073239733,0.3294812163397316,0.25346772508229115,0.22831957542580392,0.23076510430100008,0.38641704365815965,0.24665378713140715,0.25262878628609897,0.26620551013308885,0.26687210425301333,0.25433229252446277,0.22550098990395806,0.25539516095233006,0.25503818486073154,0.2486489828804101,0.2582452470253521,0.26499333245518997,0.22736915284665776,0.223582882065476,0.38861634073016305,0.300054522696272,0.3505608560030506,0.2232118219716385,0.24147603711365992,0.255792919429579,0.23961518447196498,0.26514574585372397,0.22520588265809982,0.25853249070414974,0.24966823455614187,0.25492618724431265,0.2570190159733002,0.2291634274393808,0.3460293466097067,0.3024802066750896,0.24746441868238667,0.27671147093805504,0.24828567263210816,0.3398923902376672,0.2783844368334725,0.22740386385110195,0.23816928825059444,0.2767703909859879,0.2493502738294765,0.2925302215120302,0.3273558355503717,0.361311929874438,0.2623058000940689,0.3059031850461943,0.35996682012259734,0.32240572060781736,0.2633362896028343,0.30879377132983227,0.3525051502403731,0.2955245732434397,0.3109685106698311,0.254798007921413,0.2664340439224565,0.29457589890323693,0.2956206953617159,0.2650476747307321,0.3100421569469262,0.25666194282216653,0.24728524544371183,0.24279672841653868,0.2447982418331846,0.23761588787761187,0.26090080995318554,0.30060047352919483,0.28022905748350385,0.23788493435253044,0.34512026818570624,0.2337540002218701,0.25357780577894223,0.2317655206095184,0.29001720950167753,0.2733893362725695,0.3663290054242417,0.2514941280144355,0.3272820156667536,0.3270194214132931,0.2510042941428102,0.20930467437558,0.2977775279785245,0.276381240019666,0.2911631900783441,0.2795304057602024,0.3003775587126549,0.34626363139628097,0.24532745080617227,0.24424912236666677,0.25281039656269444,0.23000947541342187,0.2383073508742798,0.4942079541553479,0.33168075849743955,0.27288373800876015,0.3272363499640623,0.24977639860988562,0.2551365383725171,0.2984133511714565,0.23126362424298091,0.2423777421776388,0.3173203521684703,0.22972181868619201,0.2727367556471323,0.3076525150919861,0.2955441624934073,0.2706339708937918,0.2629193740984807,0.40914767328194424,0.26229629074868244,0.31695850289860156,0.23408898029205505,0.32509957989244315,0.28115144531961644,0.2656022132542736,0.2304590580383664,0.3054005739803545,0.31514080693806595,0.2633426167302206,0.3123919360600797,0.23109611653844564,0.2606985209540028,0.2226872579881826,0.3476879376089965,0.3163457771994161,0.3232677362750099
0.3473967729501881,0.40975237095644695,0.42451229115422856,0.292019677212631,0.32650534213823346,0.2924805399354767,0.32952564593449307,0.36759741790046374,0.26794157939430335,0.0,0.3044209785741533,0.3017723003957601,0.3534414711397822,0.2714441681319967,0.3297073189058255,0.3178901132309528,0.30822867379042335,0.36637108798887963,0.2677122471417272,0.2939144680865962,0.30054705463690534,0.3498728256098536,0.40553016902069483,0.2888196817864069,0.4345065736907186,0.26460030909459714,0.28075554908877076,0.3068334193969901,0.3182924623736421,0.24396518674073606,0.33773655201837177,0.3071945696999086,0.2619400412648756,0.28482742391746724,0.3298843537590978,0.2929945234009102,0.3909387152034689,0.2821027883024718,0.25469770597484154,0.3007761017652858,0.25567089053398284,0.3207682890388115,0.29464190368210164,0.28372902792991395,0.35226864636085625,0.32178335889104787,0.28802842010316576,0.3115857805249235,0.41770203822988067,0.2670784190733388,0.2952641867377899,0.27611605259155203,0.25024264694397563,0.31235863527241564,0.3378372731126201,0.3087829821902183,0.27905183909368086,0.27177582770718656,0.31088039560750763,0.3023938805437023,0.3078294055142231,0.2185994270672377,0.25909413234138895,0.24596803401176456,0.25662434881257856,0.2572009277222125,0.28618060239005283,0.3367898074321129,0.2964146813160677,0.35490692659443124,0.3157810088633275,0.31199729374848767,0.22573480565974702,0.34661292440719593,0.26983770168460713,0.284098055796634,0.2906495690927626,0.35604473182886126,0.25602116544252757,0.21305161517355808,0.26869038511450954,0.3080660976022697,0.35093522709766567,0.281931046212556,0.2644207651223097,0.35383180922017055,0.28792830683357956,0.27283410089112625,0.342016566480702,0.26376205635855315,0.2917391843140586,0.2893811972874294,0.3240284850000055,0.2438283943311698,0.30822798155116915,0.37015219202986915,0.20894300976963606,0.3179522977239254,0.2320684032133912,0.3093234911619664,0.269984482697542,0.28295201426625555,0.24058206305914542,0.3582414888930914,0.26818617283858115,0.3269498907300696,0.2660546698939581,0.3982384205128796,0.30925154406723215,0.3618084635453265,0.2825123346035389,0.26930603145796056,0.2792516405821801,0.2622962673600019,0.2756721278526322,0.3106311404019564,0.2883387662153158,0.3725153489121183,0.28088255359337627,0.27578003623074054,0.2806185581621762,0.26362070096906987,0.2577791941250922,0.3423720313674832,0.24479548967206022,0.3428126231474617,0.2269694043471099,0.30534399990755595,0.33547451615483265,0.31831809708634623,0.2797515588059325,0.2592615768151774,0.25458587927937154,0.23826734796537535,0.28556851478360606,0.26116610400690676,0.28556971603921455,0.3121074255508794,0.3381494469750812,0.2935987115210374,0.2843565964290667,0.28228885080919475,0.33715338576643145,0.26306500200841243,0.30642165204988464,0.2802234648827185,0.29391386035429606,0.3222314890247035,0.4594723071193668,0.19052948685433094,0.2682174405364909,0.28717705447148667,0.27229498708959493,0.29616114988488235,0.32020121856445277,0.34327023986407573,0.28411685932907144,0.36983347376170056,0.26585924371210273,0.280597394862111,0.3453364799676527,0.2800781654707114,0.2541625686159766,0.28776544266232595
0.33715322816942195,0.3300382766910491,0.3794066253726118,0.34128444294625904,0.34712147512607117,0.31436752912148386,0.27871745735483144,0.31248462365131446,0.2567200929885901,0.3044209785741533,0.0,0.29678674432707763,0.35758706415354513,0.27695967453030823,0.31691903549799916,0.41132719229255726,0.4173096151856875,0.3529878727703445,0.2919618556440293,0.3235379128962609,0.3648556529795895,0.405217798321626,0.304684890899349,0.3071018922045036,0.33250844720719464,0.3095803405439517,0.273964295672023,0.4125680565878231,0.3228797639477534,0.24828929777277275,0.2794088040441125,0.29712579691284535,0.2953636982808327,0.2639760803726747,0.3365889908569514,0.31598861420480073,0.34528265055393365,0.33363764955202696,0.3394696080551822,0.304452400463158,0.31567293065081675,0.30514052289966265,0.3004325866348701,0.36125093378516865,0.2989408241461337,0.305729727790623,0.21514393182364752,0.4001807740070123,0.3467922050200518,0.2913520614938117,0.33060511020808736,0.31203594176311994,0.2727441848740526,0.37942079068438345,0.35122054174333367,0.24247705482650744,0.343755219404702,0.37218421757935066,0.293250991543771,0.311708388947542,0.3889482107772288,0.21026737001347137,0.3331230158527266,0.2532434883085699,0.2451900559292673,0.2696872551748157,0.3115320184445847,0.27030670869288287,0.3135315148144148,0.34745025274913144,0.3232424690366215,0.2700080820798149,0.27542805663493436,0.3837089397813786,0.3691680640885137,0.26040816872393663,0.3661321891214429,0.3284449909393062,0.28185354003747237,0.23419008015248954,0.3129519780233206,0.28283508904930127,0.2858309051664226,0.32319026492737596,0.2795690595217219,0.3132658770517225,0.31856196458842845,0.2461626809753614,0.27442283727045796,0.2490343094180258,0.3740465727206453,0.23359338245615047,0.37831156639648883,0.29085874256991795,0.30839839908298433,0.2966615849828815,0.23252738112889074,0.25008636140869617,0.2169284943367176,0.277209581973862,0.2963454520558633,0.29926787022205925,0.23503088665857805,0.255289729744435,0.2804873981032942,0.2905204582998286,0.28327593419809427,0.34786695899047876,0.289267664892242,0.34007163553415587,0.34439137013477256,0.2797343605240291,0.2994494973846325,0.31486271938583,0.3202764260332594,0.33215604244221386,0.29195716841724073,0.31026129390627816,0.3268101041741511,0.28855715783492286,0.3589922889367626,0.27197074111769853,0.2892504569313013,0.35499351095606224,0.26578332263571697,0.3381296381951821,0.2227961772557225,0.2892897826893018,0.3361801471902945,0.29634637632689004,0.23876788148838832,0.3593477551393818,0.29127505333825215,0.2976770294374216,0.3870568050810137,0.2991414771403025,0.25369985096234265,0.29387042524265755,0.3207032195433396,0.2996486436496518,0.3107429377104965,0.2926023500900197,0.2828609992261139,0.2879085281445805,0.38270947504185787,0.21829377707645298,0.29114803970015724,0.3109065362772338,0.30347064538184415,0.23385412277699533,0.35349054761213183,0.276056566962042,0.41638225077805247,0.24057023907741015,0.31531376506766506,0.32896747339218624,0.3261571796269518,0.33429760757948357,0.2874941480123692,0.27285416108853,0.3053796427169833,0.2880824733523151,0.24824221616972797,0.43279988553686166
0.2972018809093362,0.3677514415578062,0.3033794932874335,0.2680583720949894,0.26258344782098764,0.387703364599241,0.27815780462308026,0.39555797100314766,0.3138133197513294,0.3017723003957601,0.29678674432707763,0.0,0.265603007176722,0.18996038212621402,0.29697850673489834,0.31130033733606466,0.2950537328525914,0.2376696214077868,0.3518104992775901,0.3126144472215419,0.35338356532182763,0.2966341639688282,0.2677927413353334,0.29475921380867187,0.37591628195910975,0.23670243939873137,0.2326917673620145,0.2692109327013616,0.25217385798506087,0.30025958941381664,0.3900631552178735,0.2840641502738807,0.2827575252932628,0.3060807213136981,0.2643332131591599,0.27253637523909446,0.3080574451844477,0.284444566362887,0.3694950227310955,0.2472115256731113,0.31004505437652885,0.31127127458788817,0.28141069461079354,0.32096236120904914,0.2884319681739635,0.28733550952632714,0.29190630541436663,0.2969395644233918,0.27307057791460415,0.2710688403924911,0.30181478791084343,0.31997745704533853,0.24645927083946062,0.30884019645717387,0.29720511919753806,0.3078951360499466,0.32171694366446485,0.40839206299761976,0.21693679715551284,0.2597836872348211,0.28230633387168824,0.2094253200588266,0.29057787469758223,0.2168197498825296,0.24177200629674983,0.25515939915963903,0.23942856327967124,0.25297707754082355,0.20654230669568607,0.2978316184374935,0.29209222901493254,0.22310427601373525,0.22270927326487255,0.2776237125879253,0.31751239029058737,0.2544518676575771,0.266399930299749,0.29666841180672154,0.2779198479935607,0.23162528377716254,0.29855403208435305,0.3116045396620325,0.3415582686880264,0.2486996936870374,0.27534017244764614,0.35123218539889506,0.2812985815720545,0.23417866015632754,0.30895803945771805,0.3025273799906937,0.27612358174141877,0.29750508836102907,0.28604292301419687,0.2839750450706271,0.24868062582910969,0.4037672905652487,0.24434810936365775,0.33643618512187506,0.20439239083253968,0.25377838159593397,0.23172456068449948,0.2750623233772043,0.23955272836172622,0.355606845892513,0.25404738680997363,0.30901630346973674,0.298125165126522,0.3341495563907798,0.2578552310904995,0.36561805381364926,0.3531443260001091,0.27450619234512097,0.26124045916369115,0.28914312988648777,0.2531573581942909,0.31910217953284564,0.30112351866762055,0.2960478746042536,0.2834423390615767,0.2391468679048228,0.2651075299747825,0.2879131186297636,0.26355828198236886,0.33310036321052866,0.23847616057826046,0.3535255205355199,0.22060536448425808,0.3136392011254125,0.3069202623282341,0.23595772205271984,0.2883173834924464,0.30536151635613273,0.2323099340245364,0.30038991315143193,0.3122689038384827,0.2490077312602093,0.3377598902356181,0.24868763073048744,0.24661673342884788,0.33911238886657863,0.23822035353694465,0.2465975440613747,0.30401723739826986,0.2676205293114466,0.31497289518092025,0.27997157168023157,0.49954477229810357,0.29547713171464424,0.36817920746433047,0.2193265737818962,0.3282269127817104,0.29205812330843506,0.2750315919012376,0.2555035162896673,0.43792408477756445,0.2952012957642019,0.27722430943579823,0.3885702323384032,0.2192429861551841,0.24647452863094366,0.22534693804063108,0.27433370085255127,0.25883921685152855,0.3161410255579821
