0,1,2,3,4,5,6,7,8,9,10,11,12,13,14,15,16,17,18,19,20,21,22,23,24,25,26,27,28,29,30,31,32,33,34,35,36,37,38,39,40,41,42,43,44,45,46,47,48,49,50,51,52,53,54,55,56,57,58,59,60,61,62,63,64,65,66,67,68,69,70,71,72,73,74,75,76,77,78,79,80,81,82,83,84,85,86,87,88,89,90,91,92,93,94,95,96,97,98,99,100,101,102,103,104,105,106,107,108,109,110,111,112,113,114,115,116,117,118,119,120,121,122,123,124,125,126,127,128,129,130,131,132,133,134,135,136,137,138,139,140,141,142,143,144,145,146,147,148,149,150,151,152,153,154,155,156,157,158,159,160,161,162,163
0.0,0.3343322601003089,0.36175688143827256,0.34989929460715535,0.39775797614770253,0.3625234949262469,0.3167456448072551,0.4379591778981007,0.38744965873532256,0.34646786975483557,0.40574693542579165,0.3844564453987694,0.5165798812023413,0.3183253332445306,0.3194294793338364,0.4562140113059058,0.43662379047276445,0.5272498164659404,0.37713431305282463,0.47851288856390345,0.44630904433698276,0.31981476893831506,0.34767883470324573,0.33401798812950223,0.4651126280076083,0.3336800697114096,0.32464124981089026,0.36799123660177313,0.27730780723815035,0.3719379533736809,0.3801924860747193,0.41718819055024675,0.29419577224942756,0.2992721667015368,0.514003269709716,0.33388979072263936,0.46410012482687096,0.46726997308294466,0.3029290928078819,0.4219487354656935,0.34633346152145594,0.3910232076651894,0.39218422026627187,0.41193788463760844,0.3571323057427805,0.44054030006217043,0.4006217933724674,0.40815468993310217,0.4432856103802356,0.48470884288004606,0.43701514770302713,0.4477912057170311,0.34757087629997485,0.3206094886206468,0.31596989165594297,0.362823760206815,0.5823815339628909,0.4526993988471475,0.3963908579679047,0.39774241489181494,0.3561723475887159,0.28578310770314874,0.49938006863290396,0.34499399924380275,0.3669212553783356,0.472093493809859,0.3604737816295293,0.35614933298184426,0.3669009998148825,0.47409840781516666,0.4499837991472478,0.3972674073467816,0.4714308443566743,0.44247818541019635,0.45244302372006046,0.41339597738036993,0.3510225799728401,0.3379672305953753,0.3451351400318403,0.3370025932644746,0.3783392756860668,0.3752554065928137,0.3595053994869284,0.3997476498209991,0.44839745412222,0.4538433886566889,0.4227641852899378,0.4336836876553464,0.4873745616307599,0.32209266674824755,0.507328334483038,0.33091100494334114,0.3804838258506116,0.45944755458390335,0.40155124191420244,0.31330901685833895,0.2769432878595544,0.34831052482344643,0.2981439229419558,0.43542971487389526,0.295957144409295,0.35862713623119913,0.39777768732286717,0.33621293315843037,0.4546705529666662,0.3967044469360258,0.4180872529132329,0.404280882175348,0.3910238046015587,0.4044572514393561,0.41453072456956674,0.4556168627620667,0.4257247221602619,0.3939442688208818,0.3786419386782269,0.45112256266050377,0.4426155544672199,0.40338868634398295,0.39296470124413674,0.3467120336164103,0.43595162279439975,0.35604091596684667,0.3669965685962848,0.42004167520269803,0.3593793152583852,0.3218839815319338,0.3275690708364791,0.29925932401599287,0.30829612504845494,0.35783651885126644,0.35890130725246594,0.41175062424710757,0.373790203571909,0.3618856034565671,0.3804415865241547,0.36867620924014805,0.359048539138957,0.37774914058773773,0.30135379532152134,0.4191234114969561,0.30440072426827225,0.337222329021831,0.4048857983104572,0.32235157879325843,0.39237433690966045,0.39793979598546386,0.3713360131401208,0.31798047339867536,0.39677838812022603,0.2505660204022537,0.5422884441409753,0.3677139309303351,0.42044105404359755,0.30802004736965627,0.4246328487794553,0.39852985043280104,0.37088402801041626,0.4198256967758467,0.3266413492813465,0.4036870923779622,0.32318119446713534,0.45726463204248025,0.3170787156076281,0.5328425092846347
0.3343322601003089,0.0,0.4069376384567483,0.4157128918805674,0.3582492239079758,0.5226252389450815,0.38886327124424824,0.46864242073429274,0.33530145474122813,0.4786369401919307,0.3746475428479572,0.3739322165745253,0.43059623830471927,0.3908974389150751,0.4107851331992759,0.36360973487257625,0.3301398020126638,0.32124818255043247,0.3163671137257052,0.32366079913958634,0.3438769689715832,0.4655684225530699,0.2879368116695558,0.3199413543003925,0.36263468927542225,0.2889889846393935,0.30736983354190006,0.29045222684095706,0.4364120964605368,0.28813515842892123,0.43322286751779737,0.40782800870494457,0.4422865472079151,0.25265484298262364,0.3773200584349053,0.382409545763311,0.384344323379824,0.35581825829761704,0.43749379626735285,0.3399758314032199,0.399951010702384,0.34429843165977697,0.2805120175823658,0.37511557417135516,0.3948365186616896,0.3220060828478145,0.33349906413648955,0.3595290260893425,0.35197490656820674,0.3694407902042772,0.3793901917695299,0.3235294552766468,0.383076820586004,0.5190833359789675,0.45595195122040705,0.4124439185620933,0.3342055168874391,0.34947626466204845,0.41184677621975363,0.3933260271174303,0.5094355738965783,0.2868092021274026,0.3112164159618725,0.29612720449580976,0.32374383970373843,0.29673125770960074,0.41406110151716563,0.36174825986477754,0.29016947338709476,0.36727945938999773,0.3929572849371902,0.3753134863821336,0.3103405167679023,0.42610619163914415,0.38178377133153285,0.32093390543647743,0.4109082484629924,0.4844848669582103,0.265904630679757,0.3264181313157051,0.3499380890615941,0.348926729740461,0.44953396824183445,0.34764540772234903,0.30543880646986554,0.4112915642404943,0.3467238664310381,0.3621784205558818,0.3573150758966837,0.4007576066281916,0.32452085792311763,0.37248105794474934,0.4565475529604551,0.3315623058356744,0.374314645411631,0.4756418664208656,0.3396108425757056,0.3123234795294763,0.2950414857132316,0.3976629975817849,0.3852743823093137,0.32669823182057667,0.2613004171576511,0.30701310478041133,0.33906405269319023,0.3211548732185183,0.33135736717503494,0.3147686965345616,0.3635787797660634,0.3851779824354819,0.3335637073915465,0.30609775957209345,0.3985460237031511,0.35949562760570525,0.32799348328611794,0.38627664597259714,0.31408765383260484,0.30794080910925153,0.35457097651370584,0.32778870449026337,0.3913677705649205,0.36351748808182505,0.279436107563975,0.4173477761156213,0.3549143880904406,0.4679959294322088,0.3499082037117699,0.43208071701737344,0.35074660489184534,0.37876051052006743,0.3576044228039746,0.36830336883282455,0.379104445096698,0.37588039045499727,0.36718107076900164,0.3584999986061938,0.31452867387979394,0.3548424229127341,0.296131972995451,0.3490442485000074,0.3980479341701626,0.38640362266334805,0.4352617050291587,0.35954989996254744,0.3863982452322197,0.2807958933686263,0.44059476066616793,0.40329523643733006,0.34569577455236294,0.2304632299242659,0.3125707618606085,0.3996215701864682,0.3205536376843404,0.4046063043519519,0.33282445700476054,0.39335085903705747,0.353596630501068,0.4202870491326308,0.37662635413279605,0.36316866068653925,0.36654260253711135,0.3728676938166506,0.2996172440375836,0.3405126581976805
0.36175688143827256,0.4069376384567483,0.0,0.35131687016452084,0.41579816363681127,0.34605721561279806,0.32855196897654737,0.41827980328573544,0.3045645957865114,0.5067517128624323,0.4629450950477239,0.3619377571730991,0.40614369214733026,0.3082410786578304,0.3442437446848883,0.393607223394367,0.35979473584758676,0.39787853502118375,0.326721242035635,0.3080319379516228,0.3857987169593192,0.47987747747928294,0.30056618727772194,0.320390297147197,0.3735504310866659,0.2818699446726537,0.3034359132394706,0.30980276606419027,0.34518465810392635,0.3148598001377543,0.3248593709337957,0.35651050618343866,0.30537928067788933,0.2273260074832543,0.33465977856073686,0.34438534559676726,0.3797064770503541,0.3654918021288686,0.32723242795085533,0.33240492697956725,0.35354156168726164,0.369906838723352,0.30470480107207326,0.3514284980816973,0.3292385770403766,0.31397698554750025,0.3020963723964785,0.37160056767607785,0.3687696995453781,0.3467884475059731,0.35017745227749436,0.3132022154705405,0.2842175591678625,0.3888601375812594,0.37033465802501236,0.2884867974664797,0.3277021887157311,0.39213094607455473,0.41672444226609046,0.3314285228716004,0.3564549687450637,0.2335139651579026,0.3490525366511706,0.30328415867511044,0.29939897075751726,0.2997160446722175,0.3108155524316209,0.33471068304354284,0.3715705206369261,0.45274730287387616,0.3427012503719307,0.31373090331336334,0.33093735057086504,0.4725156277147904,0.39545014157702335,0.2745705461838394,0.3502795423826316,0.35025105219920755,0.25458570494627963,0.24413207089838315,0.32913609327427173,0.3230141824277679,0.3480384908223624,0.3255437993221346,0.288561732857856,0.38148577789473775,0.3188835202177833,0.3032293252591275,0.30752700073919786,0.27951919494714045,0.3804243533330139,0.27068470952461643,0.3716077758020811,0.284826380423756,0.326202352196772,0.3496390780352751,0.26390707376235895,0.28483283087050726,0.2456842472720244,0.3309972539086652,0.26969169589513126,0.3491781661944721,0.2745513127306293,0.3746883669285633,0.3169689678858475,0.30416556450786464,0.3145591787230869,0.33849697733424294,0.3266043957282365,0.38540364867595994,0.3408307217756542,0.2925939567455375,0.30938342045316897,0.32196159837023997,0.28259480176693275,0.3577115999731357,0.27835583513078405,0.40599899581216636,0.3695401261820788,0.292336146382554,0.36509218568048313,0.28927381174325845,0.2483555192333474,0.34651622307451985,0.2655575048560198,0.40305870448097686,0.2741949798437423,0.3278093620377856,0.3264849384631061,0.35185125677433615,0.32866276932759236,0.40608761878025335,0.28508495377304083,0.2855946074629282,0.39312035696479436,0.3019503152181638,0.26960794645249414,0.3034972700725492,0.3109393936919655,0.34727449090132945,0.3209482630563188,0.3093358452440037,0.31957664362042226,0.31386629971813945,0.3519439872327876,0.2671790516401914,0.35741583358468165,0.3329861714178786,0.378598222132074,0.23898259766467905,0.3039489285519304,0.3015500917719246,0.3817891720107583,0.38903132881960395,0.3619493310872601,0.3577672077221178,0.3799508724400533,0.4061169799001043,0.2716281472344219,0.28797333966714284,0.37428193476043375,0.2977663379551887,0.28155332034393027,0.41545014416380244
0.34989929460715535,0.4157128918805674,0.35131687016452084,0.0,0.415835016804373,0.34004048194849845,0.476510079496519,0.38450317909114323,0.3144177875311919,0.38476044640758705,0.3902035497817208,0.32523971102234345,0.39031086648526797,0.3839728964291151,0.4847986503949183,0.3144666009838241,0.33461088115198223,0.3747286102752084,0.32063643587499735,0.3048046393567521,0.39256904509365614,0.3805985297661841,0.33686617153960446,0.3578208078107883,0.33680995102886163,0.34630444904421803,0.3354318523580106,0.3018384248861287,0.358383935551531,0.2862069195379708,0.37116515623725577,0.33263021564854905,0.4686355454363314,0.2533593894116943,0.36037176386058106,0.35740683385384076,0.4099860913240895,0.35796601310217335,0.3997451852863117,0.46000881285639944,0.4269667797199838,0.35692323208662446,0.323998168308125,0.3961285340059927,0.3400857014203592,0.3653504011833306,0.2927574119783184,0.35638261555818385,0.4022229014148222,0.3792166217064247,0.5197794616478972,0.34551793673000764,0.3839215242430597,0.4968261128837219,0.40281258747348353,0.33882451794753254,0.4007340141475592,0.33698747034086224,0.48657818143435605,0.41085388507525583,0.46561934808780536,0.2902450751639052,0.3660366374151296,0.28039997453746096,0.4087248133703641,0.35648169626730464,0.4893869262058856,0.3659505862865686,0.3151013942392083,0.37930895355196753,0.4235341054200113,0.38155311695014266,0.3361976674194764,0.5422920079183918,0.34672581137100794,0.31952106522085055,0.5229263335319474,0.47529152213646997,0.2921165131606598,0.31595133964056266,0.38583611793100014,0.41871054495686877,0.39802091679909085,0.3196696079250226,0.3570794442242603,0.36137826135452356,0.3948909988008691,0.4483348719871282,0.35305867551494136,0.343688327778061,0.39320400871856315,0.35372214543162844,0.39871666408748435,0.35008286224231927,0.4375877849124765,0.3423307998353641,0.31108593641858234,0.28204301381402125,0.3055269131540908,0.3925749921794924,0.36576008486847567,0.38191639214959494,0.3455380831233578,0.28859973279898354,0.3513615461751487,0.31719221473532117,0.35660044315141676,0.2912254653323789,0.42746188818947045,0.34712481347868057,0.3971145138937161,0.35274410028828596,0.43433233535602517,0.40810966345486155,0.3380289024179416,0.347941082210523,0.3269731076682545,0.30393532478923607,0.3379136384003941,0.3296500134611234,0.4202224548622306,0.40664991484343577,0.28066031677917685,0.4678394100521826,0.3367701866898632,0.36714757084711186,0.3531593872775094,0.3689915618392659,0.29657203846112906,0.49376420583766767,0.2925306260177213,0.3939873890368884,0.40350037343947537,0.36428426355262883,0.3702443706902149,0.38354952266475717,0.261809740188209,0.41398939618095,0.32172934476621323,0.4197562488728702,0.4546406556379367,0.332271421114884,0.46643935594468655,0.3591624802318855,0.38511018205580094,0.29786985664472676,0.4124653857886592,0.400547854006117,0.2838707998496291,0.20967338945708297,0.3865079795416964,0.4026880991458386,0.3776430697041115,0.39056104097947897,0.3481422628290426,0.440115031836994,0.42067253028811924,0.4223955348547842,0.47946471943543095,0.38493084599612043,0.4188591127012359,0.3607084675675586,0.37054348389446456,0.40836370241118847
0.39775797614770253,0.3582492239079758,0.41579816363681127,0.415835016804373,0.0,0.34027157834116417,0.4185693190488555,0.39604197465797164,0.3728971583285317,0.4045666295502501,0.4265643441124605,0.31922296680003287,0.38448917845588776,0.35880770732882544,0.38001833369632254,0.387386107060104,0.3863798304818688,0.44306576361868516,0.31391008731795333,0.3228726913904901,0.3986570252655516,0.4165276009110075,0.3464210900935681,0.3039147510998823,0.36101911068487363,0.2927661579982782,0.3494805679438853,0.3144234722788064,0.30192776145171335,0.38262239843001844,0.3781603252661849,0.34589655576443734,0.3336968890308898,0.24868495173331662,0.3962031066165265,0.35437402374408244,0.419467262852502,0.4116609758739853,0.3582418171981534,0.339227881392767,0.34136352733936554,0.4984354278022297,0.3413097504928775,0.3935055554876952,0.30267095951516937,0.3297272283527735,0.33288631738403895,0.36062073362530056,0.4106442004499433,0.3905087832532275,0.4413089450735417,0.3168688554057459,0.3575341582168304,0.36677824498169564,0.3557341433142282,0.33862694539108884,0.3517105197295568,0.44599071899278375,0.44304037966097265,0.3462590594510455,0.35729249443271877,0.2804022854836889,0.3562104902296751,0.32413032437188594,0.36624819385089274,0.31011739982178327,0.36294923923029915,0.39373964087905194,0.37435413273769436,0.5228109315555932,0.40410628506014706,0.35034138531244124,0.3621499097324715,0.4537557465884963,0.39403085682776356,0.3070849656325584,0.4231681118603196,0.4531870984244762,0.2790475367758412,0.2975215372369361,0.38517163843901725,0.3917716339850393,0.41868894931297007,0.3187576191415126,0.32731042186604925,0.3589415007888666,0.39470315777015313,0.408444245764246,0.34085586464127177,0.3240145223001468,0.5369209444766674,0.3523397386841043,0.44699711995016317,0.30034171513797003,0.4114894358104271,0.3476326276805193,0.2762361716987681,0.2885864753238901,0.3100149699864589,0.32649138413616313,0.3153410405889046,0.3744550365117152,0.33604903555299237,0.3147395059246363,0.34940026440878336,0.3213057138421243,0.32732698638693114,0.3620389781067793,0.3587912574610748,0.3532172229797518,0.3671349550588508,0.3535204178498497,0.371928949704439,0.486261915803754,0.29253319681301826,0.3458604737491635,0.30892415953515534,0.35016225555475505,0.3281930799920434,0.3827406755390205,0.43355609684702745,0.37537079262546985,0.2656877868456047,0.44584640856346686,0.32793317876171096,0.3260980569524224,0.3291090045140705,0.33945477556202835,0.2800040216146867,0.3687031844168509,0.3772444553972687,0.4291950933017917,0.35343294319173996,0.34751743135450924,0.3566676934205933,0.3700227495916469,0.2757125499712314,0.33017014283803753,0.29324249697330973,0.45147743573453125,0.33828119359155034,0.3654894674781628,0.41143053624758336,0.3735377243780243,0.39672505450039436,0.30707284159048204,0.4094756754047206,0.37896991841110933,0.3100119667629993,0.24197754459951068,0.33894137053659895,0.3716296781113819,0.43619855286206305,0.35950709960844546,0.38178858819511535,0.45945793703367,0.3584173120594587,0.4411912624476996,0.3199065567651263,0.3605212005443416,0.37743761850805957,0.3488203595153766,0.3664934351539906,0.512693105829696
0.3625234949262469,0.5226252389450815,0.34605721561279806,0.34004048194849845,0.34027157834116417,0.0,0.31971681170851657,0.4219919372561642,0.38956283918540224,0.3682483419123541,0.3394478153477963,0.37159389605032617,0.38683168029115056,0.32670233108535285,0.3434589326465549,0.36533759092913737,0.3171244452394395,0.28311723683015544,0.3624610651438978,0.34849777266683307,0.36649848399543905,0.37270652657510894,0.24381540825585016,0.269685516218448,0.37633622532610184,0.2552439874661093,0.26163293031274615,0.2609273604768526,0.3438606154548706,0.3269175737355741,0.4555047229868946,0.5212770054983451,0.37074081038799034,0.25594157905974846,0.3662044406950289,0.3605559853120129,0.3735831669041773,0.35288908071134434,0.3938814617951145,0.2813380169277193,0.3320369609629808,0.3967902264360121,0.3046296722167761,0.39353364167589716,0.32356006381241725,0.2864053834876837,0.340851593600363,0.3516248142475868,0.3028081272290708,0.3897752714391474,0.37817574868532694,0.33545180892711307,0.36989369969429353,0.41279106790889003,0.3778025165677694,0.47337431775087385,0.34961816550962094,0.4176826948202967,0.3417182179886682,0.33598481056642837,0.4659073973944381,0.3430149086234532,0.3609036423885203,0.29398858542057643,0.36140436935143205,0.3156979432068995,0.3514326556486007,0.36304091094560653,0.2700494450308693,0.36399103488290896,0.4080422657874524,0.32787545015822306,0.3667164575092187,0.36422283606222444,0.40870230028791016,0.34546827398603935,0.3640636928922182,0.3806424476605762,0.2552759147254401,0.40057727164928075,0.4247067269699934,0.38641372217314696,0.39320188121251776,0.33945893440925806,0.34908480126334007,0.36287141931424083,0.4356189317443078,0.38099862484399855,0.3582973592090979,0.35957505763833786,0.3326222645176941,0.4393881255902963,0.4246939023146517,0.34415906976108285,0.36459343618847184,0.4225631392700365,0.4133325390026588,0.3542789576490692,0.340972053172807,0.3334229791346708,0.339510052242457,0.35630320764896306,0.2908754580770399,0.29553287799097383,0.3971394277704773,0.31089898455709686,0.3504302754817919,0.2953496464644162,0.30187566225881873,0.3569127943536106,0.3508919409702398,0.32758991378327507,0.464428611017198,0.38861390647954747,0.28865757845092105,0.3143814239841236,0.3556967209838471,0.3094944590400901,0.3618053648362811,0.3363610623451246,0.35955257987248096,0.3810454654586819,0.32628167010283765,0.3840657066049074,0.44719820433005103,0.36249271305645203,0.40421333236776896,0.3453552980529782,0.31185218736297077,0.31626536387021376,0.410498196960197,0.47321284739508135,0.3725194835981103,0.4187202041030188,0.3627900865070261,0.37195997388112106,0.30745635005123123,0.29190351961194183,0.2549722959390664,0.3627093915935228,0.34582025683019535,0.467356893822112,0.40902434184679554,0.4248360973268645,0.3815878826239287,0.29881704005147885,0.45751219533343834,0.3509719277710123,0.34702717591304166,0.2549733232395903,0.33785995655279927,0.4157752769604158,0.2966102597295637,0.318192922040676,0.346797156195675,0.37537072688616846,0.31619552100021003,0.37121104176279274,0.3209863163349924,0.38870537269234623,0.30459392064138513,0.4442977885982847,0.33857403104927497,0.33689075241141236
0.3167456448072551,0.38886327124424824,0.32855196897654737,0.476510079496519,0.4185693190488555,0.31971681170851657,0.0,0.34260702056827624,0.31845054611789203,0.378836809648283,0.34313837726383556,0.32693650093312404,0.3655252846713381,0.3496686032940339,0.5568536656189368,0.2907660506588454,0.28633186887458634,0.3394791424077836,0.30221629498315855,0.26781600502273994,0.34121721583762127,0.40392458018656247,0.3643431962114698,0.36741651351769344,0.3404346774613036,0.3168201468320303,0.3194728244443282,0.27693856037788445,0.31532435852280616,0.30267667557606787,0.3862644870727046,0.317328322125535,0.45463231328149284,0.26464960652328473,0.3104028079562779,0.3015591520273932,0.4203355902024584,0.30227544209334856,0.4080454092504956,0.3724764103254919,0.37279971070742096,0.3442261876897923,0.3193952251017283,0.37142532843886295,0.34327270675498517,0.34905664857212065,0.3128066097015167,0.33318816110073635,0.4221453163604343,0.3053860022697225,0.42293534288157103,0.28438108162988407,0.33299026287907496,0.424858061869864,0.3768718018027257,0.3543515966299912,0.31393817142282066,0.3077707336458493,0.42074675959181046,0.33178447764878655,0.3813663849267112,0.2864097958774601,0.2874211088373041,0.2563488003085304,0.35451004113490847,0.30028008891117436,0.48071466402769725,0.45790411548315507,0.28527297609301344,0.35874797527477054,0.40884550936293834,0.32095961098575726,0.27260903837808514,0.4284738105758169,0.28097850252534157,0.3280687254005977,0.5180782002312393,0.48587646314573013,0.2681385736209259,0.31457725824096194,0.36350592911881935,0.41062322038808036,0.4473918629953788,0.27238551372739717,0.2872898842334111,0.32396852661307374,0.3408155734129587,0.3686260270106071,0.3422035229198501,0.3821828481693604,0.33877441824431637,0.4061871508816857,0.3603149465651285,0.3170605072823335,0.3852681848998826,0.4110262596340415,0.29920347711303685,0.29056442357446494,0.2737636834476773,0.3653561047660335,0.38801771541260505,0.37907856545525515,0.31794282646403,0.30814821106990076,0.28453704038718597,0.30970149046238277,0.31044431983409626,0.28218643258961723,0.4043837836304354,0.3617938659086857,0.3896317892178737,0.29529957831048936,0.3447550050569607,0.33902824847101715,0.2866196531765704,0.3099645185583019,0.29208530752555595,0.3148040651983603,0.28256080610586953,0.29227977380966136,0.34545029973382324,0.359859511077712,0.2400732257503457,0.49006675892916307,0.31746727521526175,0.37706656288651447,0.2962786856329276,0.39061367288681265,0.2606549038678817,0.408286140168993,0.2814333621034598,0.31425749561343486,0.333198301628127,0.31608692008191003,0.33537358670282214,0.3989755515581517,0.27752163263995033,0.36340243770343,0.28528871380134774,0.4252857005731817,0.4613996336051599,0.2969059187211751,0.4271327139320327,0.32868751473079705,0.36729212486252016,0.2963763683723377,0.4128423278024022,0.4782157243908852,0.2734107130662116,0.19244871885835246,0.3417749963633036,0.3909060738950687,0.3208461455812097,0.39924176987283444,0.3700082174321711,0.464775206946476,0.40027484153411985,0.4546245774214609,0.41887603967552034,0.35093415489711893,0.41301915179163545,0.305581137246431,0.3975872338370281,0.35785398566584214
0.4379591778981007,0.46864242073429274,0.41827980328573544,0.38450317909114323,0.39604197465797164,0.4219919372561642,0.34260702056827624,0.0,0.3556566823041807,0.4330247008455746,0.40783496631511734,0.46215781823974666,0.4990872447106826,0.31733827105225026,0.36593327027916617,0.45883187372097123,0.4329807495150513,0.3878977552800672,0.38961980620971004,0.4067104924795365,0.47258381925667714,0.35240787408441376,0.32849711230043604,0.3437844246613693,0.4536178165244588,0.330452854487222,0.3507089478549128,0.3363176687614632,0.3077528613006129,0.3608660528281043,0.4807994543716619,0.46222733199537874,0.371336487764226,0.29370313394040554,0.4609559503981634,0.4772735913886415,0.4901354698306311,0.4789558845803071,0.4007092154205048,0.39438214784845527,0.4491654678784972,0.3674922773224686,0.37624011226739024,0.4692322058656736,0.44156269530798886,0.40126600800665607,0.4148376499929574,0.4371985659445216,0.4414451364068258,0.483898907706544,0.4321884089136917,0.4059817726765705,0.35682785599759903,0.40943062927289836,0.40259639982647843,0.37470132700591047,0.4398556907775818,0.5078767319431823,0.46150855987775713,0.4359180261683118,0.46033633870265267,0.28144223490643483,0.4225528660638614,0.36789858608670245,0.3383292762973366,0.36892044240624733,0.3649754704243793,0.36382538450016855,0.37473243257002503,0.48575939227976134,0.402679580727082,0.4379470255865082,0.38505027039562395,0.504546291869547,0.4966765627433581,0.3602058440378322,0.4064079757792513,0.418770993975695,0.35121956506798385,0.29900317605614135,0.37320085380524265,0.3619549121302386,0.43161525390583577,0.41286291186145113,0.4178286848589049,0.5322679808498586,0.4387498679684822,0.41123416678574576,0.4688503308293288,0.35575814523562843,0.4234566499552926,0.35875460292645683,0.4519730898198122,0.39143819795584434,0.39424745684080575,0.4215741834638484,0.3260589997783763,0.3856784704966302,0.2913820442349257,0.43742190059606445,0.32502533154284596,0.4174565755814073,0.3488840153273604,0.3833197642590224,0.44320882975533776,0.41515011208642555,0.4498324131778759,0.4073048703350618,0.4254306944096329,0.451942081550865,0.42225961400149736,0.41116401815599457,0.41199191641541616,0.3888993928547727,0.3640945768186661,0.4046915080653651,0.3989581700830292,0.37650868997917836,0.41888247851733107,0.32309950254109615,0.45706549900334603,0.39483461915517243,0.32225677616198767,0.4204873868436986,0.3334856035663793,0.3972606659455923,0.3316198642011029,0.4178341691960283,0.3805192259549967,0.41198200212632435,0.3970893478633613,0.4233477827498489,0.36794598357328945,0.3384907956871562,0.45127856566526964,0.35199813452540923,0.38160736204711926,0.39129735642439495,0.3303438458539365,0.43859718947365445,0.3520544741812303,0.36064080345987365,0.43192633345213965,0.3700076986671093,0.4951351771598685,0.3768169135817858,0.46530824991439784,0.3753607654547844,0.4244748460666499,0.25692479302116156,0.4198019536308001,0.4061594973356648,0.4114862232842419,0.408362507561038,0.4733818422848566,0.42345110499136723,0.3625441289607145,0.5103404211171653,0.3214557524034461,0.3638928439899259,0.3695285461572521,0.40946966985586336,0.31656469096401035,0.4105905286030781
0.38744965873532256,0.33530145474122813,0.3045645957865114,0.3144177875311919,0.3728971583285317,0.38956283918540224,0.31845054611789203,0.3556566823041807,0.0,0.3055228114743705,0.3012472599103068,0.29646987561091925,0.316450013496905,0.35282512565676505,0.3030820276695624,0.3142397975097054,0.31106298542548,0.3321646345138256,0.28101154533611594,0.3005720593249324,0.3074996247917367,0.37454021626792144,0.24875647628446015,0.23601958686645347,0.30197415245306364,0.2576733244043695,0.28522982827068183,0.27169681286318026,0.2611466690120466,0.4067174328522381,0.3719813540612026,0.34641634196765897,0.30869618453788483,0.22498083376906414,0.33142285780412467,0.27792707721666216,0.3215036138528546,0.3545102311916602,0.31067252550961083,0.2758186761024218,0.27049521877649235,0.4864161486840579,0.2722739086411134,0.3220544903587393,0.26734106950030073,0.28230370285493994,0.3060526384780965,0.2713843807634174,0.2869792840860899,0.3284263864503474,0.3438128095022069,0.3059269454863229,0.3857745159587832,0.31038934503273796,0.2806069373511172,0.46367369503703165,0.3332312276458058,0.38554700777877826,0.3075679921219765,0.28189479623974245,0.3272581499155513,0.35168841354990804,0.3355931941072572,0.2704224225220775,0.36074347504440485,0.30317253121824506,0.35295706380536845,0.37251794344332473,0.2830193895803271,0.37574242629969207,0.41221619992363057,0.3049927966210216,0.4081015211439091,0.3206806710408679,0.36931052155495425,0.3153640476895742,0.32402437159715847,0.31665215505185385,0.25994044109963393,0.336053750156268,0.3551131482796363,0.45746469525516603,0.4327108011567246,0.27818067299128996,0.35936743948674227,0.3336612578001163,0.3845067670913435,0.39134203095236353,0.3122414857336324,0.3994671812297733,0.41795383531228775,0.4189106674378176,0.3207842737151215,0.30774773409968353,0.46090950932174224,0.3587279443311028,0.3572494085366278,0.29784800761791136,0.35191763371820683,0.29740173656144075,0.2969057980953197,0.302936058578934,0.3122551298918951,0.2563508935121177,0.37067595978486656,0.28473876109256185,0.2851536788006214,0.29409697769625265,0.2768877486529463,0.2710735281104229,0.2872792272289486,0.35003973176136927,0.406753532302071,0.4537571643178667,0.2690854761132366,0.33380865944118937,0.32101069969053747,0.27434011563377986,0.27075943732801144,0.38871280000264,0.35757813769389923,0.38889450267405934,0.285951858805761,0.35492327028206583,0.472059442203034,0.26907637329493606,0.37759580379680147,0.2823296993583374,0.2402208382781115,0.3064023814008438,0.47409561748282913,0.43228418133216434,0.33872449399128957,0.44850008545294995,0.2756594723600019,0.35249803415146475,0.2604158519746539,0.27412243701027855,0.22959303223156888,0.3437346434671192,0.3053659298223859,0.36455897208082527,0.43977741802022235,0.4407271664965929,0.3168632592642944,0.3144211323450482,0.4692978246351177,0.32762237823777945,0.2905870758469608,0.23910775477836643,0.3409461358022408,0.37977784892287136,0.30537466786252515,0.2932413656140029,0.2965539768804778,0.3496818652831271,0.28086353952410814,0.3406429915878254,0.32368348677490083,0.3681651354678153,0.2782929777864465,0.39830305493727636,0.40034126188746544,0.3722505664279576
0.34646786975483557,0.4786369401919307,0.5067517128624323,0.38476044640758705,0.4045666295502501,0.3682483419123541,0.378836809648283,0.4330247008455746,0.3055228114743705,0.0,0.38261845606577205,0.36925501738905714,0.38606995724867454,0.31057580779044175,0.37931417804100526,0.3507814910155757,0.3175694056483268,0.3638951671761921,0.3277511653490949,0.29954617244040926,0.35539177237011976,0.3968457358990067,0.3170788124548142,0.309773221019693,0.41941055709017067,0.27203388093304415,0.2936018494766504,0.28115121407566607,0.42106191292356265,0.30567812203982914,0.40465915022211496,0.37269838990616433,0.3228817918583596,0.23368198407562477,0.33773073599248554,0.3334999245742943,0.4184834113236909,0.33137626424187705,0.35573944072575703,0.3323828720465749,0.3237825573697149,0.35593206067449273,0.3163790993286077,0.3579902851871429,0.32935524164307306,0.3209382900167862,0.3098206179119395,0.3820697803340029,0.4140443926604186,0.32208242242724416,0.38858427375442633,0.2912187289766463,0.3072652936286636,0.4153106006847406,0.43889620193073603,0.33094502437031026,0.3292043177170942,0.34066535308466744,0.4584339196426073,0.33044138629022834,0.40734534272798184,0.2504583748599123,0.30969775998531185,0.27867495507206463,0.3196411397860138,0.2971696253196561,0.3397664439276187,0.3723240544472125,0.33435829579698545,0.4256222043834979,0.36005266884781206,0.35061336303794793,0.2836848630128859,0.44680094126491154,0.3350090059871515,0.3084490207737976,0.38898028830925546,0.41914539222215663,0.2587484239523369,0.28499436522252597,0.356269263870551,0.332282541518017,0.43752765414300104,0.3190463583897462,0.29106366727785227,0.3658381394361919,0.35580545711593825,0.37502506548377723,0.34152283936754324,0.3105032924284097,0.3393871905564355,0.3059131397108135,0.41876849146641865,0.2909226706244788,0.348016569617565,0.42727434774448025,0.2668469770621696,0.2839966631799228,0.2669152333806664,0.33557801108615165,0.3221784485433429,0.36738313771133013,0.2870926167643873,0.3864533069174255,0.30516514512642956,0.29976038574132224,0.3109210902799535,0.3324991587556281,0.3342212941518489,0.39616955872815796,0.34033316755592746,0.2929042893263826,0.3411360287774704,0.34279318237217443,0.2869675406653113,0.31697421979973067,0.30256923435652106,0.4181237084152968,0.3422162324567026,0.2935676809743872,0.3529320788398812,0.32475190846534757,0.24547267848121412,0.4117637989827359,0.2979495010994068,0.46070356935511425,0.28313494871914674,0.36008578647839445,0.3271371289344195,0.3665007918408686,0.3348920977160622,0.35730918099095477,0.3428178357682525,0.28808509451560055,0.3692028539256368,0.33249109943268146,0.3006658902979238,0.3161916308796556,0.31232903703393855,0.39553913103013416,0.37391585602765015,0.33344452872970853,0.36423020883292795,0.30589355036328725,0.37148697074821385,0.28727637130840317,0.36060213689088355,0.40059674394728695,0.40922803348326187,0.21570315795498823,0.314504239998598,0.38366969313167454,0.3330862082900573,0.39650744001125093,0.3630099404274083,0.411996413274603,0.34712957970519404,0.44570308726450336,0.3206352864192203,0.3421233011055677,0.40127943339514577,0.34548433922917293,0.3125485538204939,0.3622358123756647
0.40574693542579165,0.3746475428479572,0.4629450950477239,0.3902035497817208,0.4265643441124605,0.3394478153477963,0.34313837726383556,0.40783496631511734,0.3012472599103068,0.38261845606577205,0.0,0.3696533970969209,0.4609221540138236,0.32315609383961696,0.3294296080968796,0.4459666079516444,0.4227893402446476,0.4265198509275667,0.3539090271827243,0.33444428591914566,0.3882152402901237,0.4224165068150177,0.3338596344224068,0.33971848544742345,0.4037147102178615,0.30775988141604216,0.372131913747202,0.3814166806257869,0.33470751437902924,0.3515868312880095,0.3278170966488392,0.39520141828461747,0.3052100980284188,0.25073398394892665,0.3849477013324783,0.3718042555885789,0.43207696697030673,0.38814233284347316,0.368151863801039,0.3660720456754119,0.36099958160576473,0.3787903902539314,0.321312940178435,0.4005302950541858,0.3349628595120302,0.3296338537401096,0.2775079827113472,0.44601470874518223,0.42943613970866734,0.3576439177993697,0.37888427069986835,0.30925701150923823,0.29076042060752466,0.4097630128381683,0.4013464067976208,0.27771952555477203,0.3710393732136825,0.45285270228270474,0.4294327807630774,0.36694264083016886,0.4035080663849429,0.22910399596062778,0.3573155098217498,0.3184776041326226,0.28711664915401164,0.3196340791912542,0.35130543826645105,0.30738062599806687,0.4084265421692289,0.4352835776120421,0.33228441220968097,0.33971920952085904,0.3807652236718337,0.49061045986237767,0.4562342995827445,0.309466181828265,0.41972807427366315,0.3753657917837285,0.2671045431817785,0.27481213238291846,0.3350510437989893,0.2950244497175086,0.33634445724019485,0.35322561397658253,0.3133298212318775,0.35361420665869775,0.36489968675496315,0.32833825305792047,0.3299541669483341,0.2853821429659924,0.44059213322380025,0.2654239639845799,0.42905159776016505,0.33527803115311555,0.33163769066321097,0.32894887002771406,0.25366987849433176,0.27398105633425834,0.24965063320343597,0.3463584673193646,0.3136117848373783,0.38177088047451063,0.30157630258429585,0.3017038987186068,0.3331849560278617,0.29270771457700634,0.33201911289641123,0.3574280137195597,0.34190435300573224,0.415085762702186,0.4288993079661443,0.320023188249605,0.33610508689145685,0.3751324583307959,0.30645612489665064,0.36410406784727445,0.3124714688354758,0.38499889895139505,0.39627130894823825,0.30122798702806025,0.3933928934675973,0.29291219404479013,0.2743439182462274,0.36877721532120494,0.28591337759698493,0.38224861261763415,0.2653458041265386,0.3360098918422659,0.3196221376805744,0.3466748595489222,0.322554643635914,0.3800809819179911,0.34921143184228026,0.3029339323480461,0.44123148581589555,0.3137013440118355,0.2920173469408636,0.32647246801315755,0.3270104126696201,0.37167249770573874,0.3462962548041375,0.33135914685432855,0.31535765178626357,0.3130483279645679,0.4113344618477219,0.2742885937961372,0.3176779984960935,0.3369338929657702,0.325450707801287,0.26359978328115224,0.3809456286773959,0.3286919490956718,0.5205424369592092,0.3503730616123786,0.36178753042605977,0.3608441953392946,0.39533784187239307,0.40529234022880894,0.3202876256401174,0.32094321641159257,0.34621177884552445,0.337048424994546,0.2766807022961827,0.47598664890240255
0.3844564453987694,0.3739322165745253,0.3619377571730991,0.32523971102234345,0.31922296680003287,0.37159389605032617,0.32693650093312404,0.46215781823974666,0.29646987561091925,0.36925501738905714,0.3696533970969209,0.0,0.3624154967688859,0.24013581881765633,0.30872059600291635,0.413825391753899,0.3674002133102486,0.3144807611580338,0.4300947805968625,0.36937057013178654,0.47077740098755344,0.30066061231906765,0.31265023421657434,0.34865818401671744,0.49433951672662446,0.3082422410558969,0.29661610861060994,0.30036401957607906,0.28719509974793744,0.34192309918622066,0.41941593309591535,0.41151699669597713,0.30262630050352235,0.3186800448573989,0.36445551868204706,0.37132026800585377,0.40259251462346995,0.3562099209766095,0.41460137092203486,0.3450001339112989,0.3708984498987392,0.32728755713657626,0.3794623083132767,0.4099389721535637,0.37474423949411334,0.3672507168728045,0.4129708358540567,0.44365968105824327,0.3987379469988952,0.3903497093299913,0.3913276821585016,0.3756249046850292,0.2834885506819488,0.37478800337788193,0.42046402889137274,0.33100457231743985,0.4295760196906967,0.457318982191412,0.3331944081010008,0.34709026109249685,0.34952952288413836,0.2524422685133976,0.38285851084781103,0.3227557504038015,0.3055772232959998,0.36831928253011414,0.30353926152991856,0.2905936459748064,0.29902682224023175,0.33969330847571816,0.3309902257630825,0.3192617335856508,0.32226433501796664,0.374880766226202,0.370721722838788,0.33719436538817715,0.3593645663312538,0.3690036164427753,0.30186239120540176,0.28603013155132456,0.3285806458969613,0.3268491464886902,0.3347391618439694,0.3150422454474972,0.38962169190613877,0.3900448001135846,0.3576612366547938,0.35182341628292746,0.42909085718640966,0.30161455478799704,0.3428881675614781,0.327502961773151,0.3699661551286686,0.3787035568037586,0.29724478297709817,0.393004585475649,0.28417250844697844,0.38359458389032514,0.2557282188711694,0.3562969122458605,0.27893798957067245,0.3990051810394343,0.3636336710003364,0.42939069205040453,0.3405356259542645,0.3570271550223508,0.4550863433884936,0.3394228075450184,0.35535556172543314,0.4643552923518036,0.4861116543881292,0.3973290481221974,0.336480274883751,0.33655304869578073,0.31123340506088554,0.3400370852266388,0.3868977714827625,0.44520831611038764,0.4086520544628779,0.2651290191132379,0.3365933883097764,0.3243397135307782,0.3067476628180753,0.35834974623151467,0.2760058881880288,0.40049278668246635,0.28268657038771694,0.35770313839886064,0.38394690119934166,0.3168184884587209,0.3158461851823549,0.3459820498475713,0.2904483496600051,0.3012123577647943,0.4168497075153585,0.29708954359416484,0.3723326703171552,0.3443100803077979,0.29267573923007895,0.40880853846588633,0.28067206389145755,0.3084010325300988,0.3498810857872293,0.3180629188363204,0.4062908394373591,0.38925353346978075,0.40466821749985027,0.3119274805996785,0.44591524597548116,0.2622923646462753,0.43172317745336297,0.34559236785843817,0.3671270560323735,0.35807122339839487,0.4780387994204769,0.3286125494924318,0.3028673531172271,0.41259664262433193,0.2707154495988541,0.32470764093715104,0.2877829789342167,0.3317937523688171,0.29024321889949256,0.3360065555349939
