0,1,2,3,4,5,6,7,8,9,10,11,12,13,14,15,16,17,18,19,20,21,22,23,24,25,26,27,28,29,30,31,32,33,34,35,36,37,38,39,40,41,42,43,44,45,46,47,48,49,50,51,52,53,54,55,56,57,58,59,60,61,62,63,64,65,66,67,68,69,70,71,72,73,74,75,76,77,78,79,80,81,82,83,84,85,86,87,88,89,90,91,92,93,94,95,96,97,98,99,100,101,102,103,104,105,106,107,108,109,110,111,112,113,114,115,116,117,118,119,120,121,122,123,124,125,126,127,128,129,130,131,132,133,134,135,136,137,138,139,140,141,142,143,144,145,146,147,148,149,150,151,152,153,154,155,156,157,158,159,160,161,162,163
0.0,0.37106909911269276,0.31551402301264647,0.26398171107157775,0.23221602017625645,0.3367231387442749,0.2913953015678851,0.294841267470611,0.31930232405547604,0.34725545823667475,0.33927241780742606,0.29816812833022704,0.449032323422736,0.28037499383915043,0.3403650197589677,0.31363058739420957,0.31438332351292325,0.4253493651665918,0.3568884786362143,0.44553386151632585,0.3234165782477981,0.380870979551272,0.31242374588813154,0.3153984419343791,0.4578111894167307,0.25786799870582866,0.27532093892580595,0.3423501143011271,0.28847623486690743,0.24806624864825957,0.34913708839092833,0.38797547129086907,0.2905844342158461,0.35177528126759083,0.36305735260225896,0.29597471388104546,0.4073488595142278,0.34416736098367123,0.2732731699389163,0.34866455154579473,0.27144528606686186,0.3288443889477197,0.28466451705605633,0.29723736870414075,0.35089851819585377,0.3699509738884247,0.24072829946002428,0.27195652384412233,0.4165693369195899,0.32085793173350075,0.30512201287923973,0.28830756668267193,0.2559104167944335,0.2890716909706674,0.28626917515264316,0.3232139915701374,0.3760323035003098,0.29546424514675995,0.27607300933603046,0.329901573764913,0.29005439175415987,0.24807578008584794,0.2674473582977408,0.23706754173987787,0.28524303393656264,0.30930433057468826,0.34617398831705715,0.3320017742901022,0.2887585541621912,0.36420811835348904,0.3749921702153871,0.2658211605039577,0.3208338621612976,0.34359190809638973,0.35694920799049096,0.34376054274331136,0.24781505197680423,0.2613964256188834,0.30506560181235437,0.21746539305630805,0.3047507308220348,0.3696394225055062,0.2865269711553379,0.3356050847931774,0.3024265314832151,0.45123957723787733,0.3133815863470504,0.28900652170764923,0.3687442188765289,0.3078694956103781,0.3136235954246367,0.3041627999150479,0.302434586145128,0.3474396173716119,0.29476556707986246,0.33624633889040306,0.22321348014756567,0.3020165509699176,0.2388074751140821,0.37432352410222797,0.2962684281936189,0.24782259720111413,0.243818217440644,0.2870465276275713,0.29838928317982544,0.3173166847523581,0.27075567745317375,0.37152976488339107,0.3151131934099541,0.31035178647619366,0.31673165808864645,0.3115224720819985,0.34790585799829243,0.27570274156046826,0.3381671428375564,0.3407703122216683,0.32352337263802217,0.36692502464877136,0.26588658347671273,0.28518753993880314,0.26019249701311503,0.22919504676217142,0.3364591869278529,0.36746358120286404,0.26974211477606785,0.3266823681668567,0.264572979142566,0.24395868850732688,0.31056125753550784,0.3308470683086037,0.27258034872795317,0.2746686180429266,0.26240407222329026,0.3521638766267261,0.3440329657787257,0.2737940272286081,0.31950934936896336,0.3433035402707836,0.3505223913747892,0.3575013100278537,0.25589221270099355,0.32051430088005967,0.3450738992929197,0.2677004913734134,0.3601603198883603,0.38220056290655724,0.30101976276941195,0.28952700208668614,0.43142932363849423,0.22673032669537257,0.3525071013848731,0.2730134077585511,0.3444802469879603,0.22684187991172813,0.384555862072737,0.41245242445280866,0.35531156846058637,0.2989951846072228,0.2669484019549594,0.3068503456906422,0.277390715554218,0.33981211066193684,0.23927585906032972,0.4391717190397324
0.37106909911269276,0.0,0.2917620759721509,0.27078202239321586,0.21999983694244932,0.3172090891375972,0.3436427429663386,0.32647531375362804,0.306012299685518,0.5189234453383204,0.26153958188928184,0.3231565308679355,0.31040333506238904,0.3007314815180921,0.32769466159208865,0.25120679397989815,0.283204464727548,0.32620254646363644,0.3232350077937476,0.3098080995135491,0.2869221250435113,0.3584472934871439,0.3695949307983832,0.33013889490737724,0.4194071605550188,0.23439649158412046,0.26894938096569876,0.30640200925750927,0.3338696281919906,0.23364496032937318,0.3512247959939609,0.3143520086862098,0.29559816701968866,0.3274897110460233,0.3210610958722078,0.279037345923126,0.29958982270144613,0.2807298923375711,0.25200027014333415,0.34926074348916486,0.286007224489646,0.4104819730649993,0.2224072909431751,0.24912692812076132,0.35095063506731206,0.29766636373001865,0.2787805874238825,0.21441027312748892,0.3711773360041629,0.2588283166349126,0.2709166135716028,0.2764861342138693,0.28443109644351405,0.29597503206356335,0.2676558373025759,0.4011100456444327,0.29448993234424753,0.24989811146705548,0.2963182270666694,0.31035982534625134,0.2635751479392857,0.2224182442367284,0.23081081733864386,0.227825820231071,0.2701979421653431,0.2649237185287264,0.2958690365593398,0.287432118691741,0.2431695763446321,0.30887918509766477,0.2965746158850584,0.2663941357058328,0.25438152682029175,0.30571836589296114,0.3069426561447947,0.311075490959244,0.2297668589569536,0.28405576223551743,0.26310592114660736,0.20681804822153596,0.28061486055943435,0.3293004914761442,0.32693047001208186,0.2657509206492367,0.27816519768426123,0.451355803371307,0.2488236450080882,0.24368308451713044,0.30374403336236055,0.33298219194903006,0.2535782386164951,0.3291188726560451,0.2618070993693637,0.30786270617217387,0.30671987791127675,0.3640293521086349,0.21789484859702704,0.36249279383099703,0.24224523023105587,0.35033030867614906,0.2593890889786664,0.21415373810097152,0.21616588486332938,0.2909713037540605,0.2511894559709432,0.2720453731144372,0.23581323338543045,0.4738782828565646,0.30946489302058466,0.35818938389500515,0.2925250117584323,0.2640221618966989,0.2944183166070216,0.24106016934779934,0.29862789295479886,0.40847161959291334,0.33578124125401565,0.2666174359673026,0.25840172528212635,0.2845706604131222,0.24291167334436167,0.2219281264935376,0.3100014235957386,0.33512030623859546,0.25273826788424203,0.3180703969023581,0.2720101565471214,0.26888027820734967,0.33684348637413636,0.28597268855012486,0.32430047517393973,0.2407116208313182,0.22336980786959126,0.3423917121158114,0.27098582632077295,0.251501198504848,0.29799317613820875,0.32514717820035777,0.300661609795321,0.2816392013686264,0.23989322039443992,0.30218112709803235,0.38889267078116263,0.2478788997986225,0.2984343035323202,0.363641324196676,0.3186103032928524,0.2814765584052886,0.4401230525758544,0.22695068402941895,0.27196654700556044,0.30355515157219487,0.2684751646846409,0.27904884992983925,0.32813997162803676,0.32453667375710327,0.29597612002116924,0.32746517085393256,0.25876164629669623,0.2618687368851917,0.3100329955448524,0.3274375736354839,0.2534768470596866,0.3122263743004922
0.31551402301264647,0.2917620759721509,0.0,0.2435345875185654,0.27589656671561774,0.3622870693067182,0.2803405637607453,0.27378681792340676,0.256701264628724,0.30470174011255236,0.3311399897680246,0.31521188575794434,0.35601246966090155,0.22355650222602624,0.3188571636913684,0.4531003213429353,0.34826883811147724,0.29714539187722383,0.2606433853791698,0.2508244326020652,0.3690517257660984,0.4576051480633447,0.24936313070637606,0.33915396780098495,0.2888810382177709,0.3375878821744362,0.2529142685723419,0.2655696323437758,0.2553255100244787,0.3036143006945828,0.26553353667168933,0.3382782633666381,0.2586476667519246,0.26222532806521726,0.22381109425992854,0.23812344737123559,0.3291360700498627,0.2736057313514644,0.27801547274272426,0.318593235023916,0.24980818318911338,0.3143023600320797,0.27550686352421716,0.267345552834483,0.3046446049847638,0.30970743442779813,0.2987192475315573,0.2849601628791155,0.29054796404053723,0.2591515097459473,0.3080335470057219,0.3320558324448918,0.207439816516148,0.2914342721504822,0.25470723815737256,0.23916742251432432,0.281977523638275,0.3664337778989205,0.2256804313238673,0.25885184343714585,0.23575763071098427,0.22964492287191732,0.2993487343232119,0.19150146594182674,0.22151225498155025,0.2454421470221958,0.2589758230772386,0.38933652489414733,0.25756742384404246,0.29281346496445965,0.34288081088169264,0.2044230635513194,0.22949640308542063,0.3933821515593277,0.3212941894759899,0.22170959403935073,0.3088532328398873,0.3394029303691149,0.24951294740941865,0.2276834953169965,0.27742199296374437,0.29066585653119253,0.3556598906138106,0.25484192487327695,0.23853525864455014,0.3643859617189707,0.22375558607121,0.2238895386479501,0.2854477342624441,0.23658207632145178,0.3172331577272918,0.22621774932200633,0.2748003498239264,0.22806433922962976,0.23975364458475074,0.2750391499221091,0.20101148874790334,0.25115887064002357,0.19085359212331973,0.29008345627229576,0.20279161762983702,0.22330590804673026,0.19632379263135072,0.23727961328209426,0.23765630453289088,0.40790842285508905,0.25545337289715586,0.28120401091409236,0.2888569974475214,0.31049451336590184,0.28458509462936693,0.22776507525038048,0.24534642405890386,0.2379989006171953,0.258900515773701,0.3935974906666758,0.23169748026502202,0.29269277468284105,0.25216726416863666,0.2401997763850634,0.2919010915484566,0.20576376323964476,0.22433479009286847,0.3856432961842994,0.1845561182848908,0.3320631778459037,0.23356549215353883,0.3142157339724105,0.2602770680904254,0.2574362917991426,0.24324373009489,0.3996578494334176,0.20152827827686226,0.24261369510826475,0.24699561966220665,0.21544256726023034,0.26768893201770266,0.2589409245371734,0.27320543438498435,0.27079823706016476,0.20032937179861765,0.2630022421624701,0.2656885426264119,0.22499016207106953,0.2781343290794792,0.2657965100267025,0.3772489177232622,0.3166847392754398,0.3119972973360122,0.20185706345193263,0.2285758410371976,0.20615145512959424,0.2626994041645301,0.274183291767028,0.31365106277757776,0.28118879704194505,0.31394928031906844,0.4000632399258171,0.1811818233521301,0.27303078808854,0.24720896835625814,0.20895096574448951,0.21095585827820607,0.3380040478637361
0.26398171107157775,0.27078202239321586,0.2435345875185654,0.0,0.19166770767819025,0.2552623431104766,0.27228734769822693,0.2645896327094881,0.22646337048361254,0.28342344968406813,0.2827837973405897,0.26898414383529196,0.25436123527769733,0.2791872651660535,0.3053680505038823,0.2414995776615376,0.2774671055755479,0.313653634646306,0.35911919097166556,0.2526301059794058,0.29695840729610845,0.2481939703164082,0.2619341917211913,0.20755194546277803,0.2927507440731964,0.27811832908169365,0.2513337377187625,0.2921468048258381,0.28424369384582066,0.18221480764455483,0.28360504979057827,0.2970027009367375,0.45465735608519064,0.29669940514276344,0.2815809059456138,0.3605238703098636,0.24216578867225164,0.3469299452114436,0.2993949705288808,0.2971840336235341,0.3340686135132301,0.22422120070284535,0.2755073933999544,0.2862393432867272,0.2860869654923752,0.2953064038645594,0.1794330263540603,0.2366038651931242,0.2943110268406895,0.3012981705494827,0.36443497920925755,0.2976136301562989,0.2906476744252975,0.40862001492562827,0.34323102869379085,0.210164864009141,0.338078824104937,0.26935598717914955,0.3061024899654107,0.33638540982435733,0.3146958078328323,0.2778474358713557,0.28534597044439103,0.23416895306000635,0.3156614478042655,0.3251290471567685,0.3216997738473121,0.215273851723893,0.32865092667321544,0.28497670160007843,0.27163727740521465,0.2671331040931072,0.279268630648317,0.3694379624745961,0.3541522668782034,0.2566720456109377,0.2952346339439656,0.23639418814404353,0.3362507595200032,0.18901548264030918,0.26212533473843,0.37456781018873814,0.20552819182807278,0.3162658826368773,0.3453095999622946,0.28997413511517584,0.26829412875649966,0.33962531154024905,0.2959386850758043,0.2215337218454153,0.29747487097638814,0.2831958345893563,0.28193575939463783,0.2900875530983593,0.3332947693016168,0.2609494196864428,0.2609436839384748,0.2753944372046242,0.2521904438378455,0.32878682185785163,0.27180582062352754,0.28310270398706977,0.3504538588881798,0.30589924385472816,0.3331975437230246,0.24877145528240954,0.31202473183166485,0.24851027078560864,0.27444356035036793,0.2006313312473597,0.3224063730982879,0.3115064526181842,0.35835463514649646,0.32440036364185093,0.354442841580927,0.23791820924169915,0.29818469705376405,0.2652764674577678,0.28989954055754014,0.30576476801916336,0.24835088506341174,0.33647190893628964,0.2532909355959271,0.2635186622137856,0.22858444165487438,0.3057042795897233,0.3245983480871334,0.21486146773430642,0.3573541237476457,0.3433509795873217,0.21045207007430689,0.27833062808069736,0.2700458169323058,0.3477432665494141,0.299815058845932,0.220708228683951,0.1816124942770073,0.3110914146352248,0.30147267881749984,0.3146328016274348,0.3904187050771366,0.28099226056576027,0.3316158839925352,0.304361983469522,0.2913993190377293,0.28809711454947057,0.23964605729899602,0.2618159661444784,0.2672398854726071,0.2267170897523817,0.3265381534850308,0.3338925869011074,0.30000345373696663,0.1953072999930231,0.3266897245141623,0.2709971961213202,0.23111611281039343,0.23402800965997161,0.32674446769983273,0.2905924786739443,0.3132915032470648,0.2836523155502728,0.28913053399108885,0.2632213965242119
0.23221602017625645,0.21999983694244932,0.27589656671561774,0.19166770767819025,0.0,0.21241119572790762,0.26479082125917003,0.180931867081736,0.18960575814050845,0.22464005196112802,0.241046008247176,0.22604571716476068,0.2079685252682082,0.19523492366866732,0.24877624429308476,0.2633755464839893,0.2564863384461903,0.24325085370893254,0.21736595826156754,0.20111402072452322,0.2671962232458978,0.25636240667014165,0.2438191119695545,0.25189210085980607,0.21405831134021316,0.23474887809460332,0.19822229329576632,0.1985503927043606,0.2256855217154464,0.24778796437491296,0.20962622816524298,0.22147890169760404,0.2110799292002607,0.2051349630813803,0.225362746598076,0.22370311701885592,0.2160838066323084,0.21251755736660205,0.23304092702300797,0.2531643100781682,0.2472321653734782,0.23575201226405587,0.2289448491897288,0.24265792665230915,0.1899094469897973,0.22987530861566705,0.2777366465028194,0.23644223028170477,0.25930103527796555,0.22852364180998505,0.24830716680304007,0.24712705694572515,0.20245935694753178,0.21443373848275854,0.20950575254308118,0.18792556804885996,0.21832120138771655,0.28600881044491744,0.1988096039303846,0.22048377459427704,0.16509392701417408,0.19526439139801124,0.21244130801218328,0.18998534957867685,0.20680000771096332,0.17365485249396792,0.18717816647949756,0.23292254722101138,0.19998662584868723,0.20874492313103482,0.237956271427388,0.19266999457910744,0.17974701191356934,0.23345587742797755,0.205222801265549,0.19416172532533982,0.21120957997145398,0.3896331056742292,0.1961018981407595,0.20855598693993993,0.2263480597650871,0.23678968250618077,0.24650195273082015,0.17687871839531052,0.20299647475017812,0.21610077109412543,0.17562800821143057,0.20006509098638664,0.19969678211579064,0.171007315038608,0.3159114974032701,0.22776443999053425,0.27404601089875136,0.18664459177319132,0.2117342088005658,0.20288326730829467,0.15459079563972916,0.1962132171937876,0.1938587675468192,0.21019852126080377,0.17883640823563673,0.17662170553221862,0.1900957833220559,0.20538930505318784,0.192394841288884,0.2410521232917222,0.19324476623805098,0.22044703525560216,0.27234967677123356,0.21978152409773336,0.23348568024768665,0.21780590413410794,0.18715237138066926,0.20054726008896928,0.20390345424448242,0.24712946443126835,0.20289882154830344,0.24267115771459521,0.20373449646442335,0.21545926243376984,0.2882855429505596,0.1853305692800135,0.18875039556367837,0.2913607602935212,0.17869930779263937,0.23320049930969527,0.2064497929238803,0.21712071308626968,0.20937092836856394,0.21069868211258766,0.1886496612466963,0.23014902675211646,0.1580103877386775,0.21402271932697203,0.18881491352154195,0.20466297630108135,0.2097299528042512,0.26048750175960467,0.21291190021674117,0.24521108533568212,0.1652493593437662,0.2209308667990833,0.24725697956445053,0.2011551145376988,0.22744460782520937,0.22378841386432216,0.25271589208606304,0.26017938029851667,0.22403224358778898,0.1825981080762532,0.1900635236153426,0.20383786830928935,0.23538306543066112,0.2333233686120561,0.243688244189334,0.19677621659991046,0.19293521045057577,0.24944968969604406,0.1781218193818034,0.20751573096125273,0.19926763225203292,0.19850571381923746,0.20177102236793523,0.28828514729092625
0.3367231387442749,0.3172090891375972,0.3622870693067182,0.2552623431104766,0.21241119572790762,0.0,0.29895793427907774,0.2585626536436439,0.24199266560967417,0.2890401886876983,0.3371273593648444,0.3620196643402033,0.38981938968718355,0.20824182077507475,0.3217410003612308,0.31442979654304126,0.2896147422463838,0.23916822991404588,0.2843687014373451,0.26487840699221993,0.3155454574709707,0.37570193004876734,0.22725028604490297,0.2915120687483487,0.3317904070739452,0.26659626343883147,0.21790222044236698,0.24798955960378638,0.27714175354882986,0.23945589582521754,0.285610095367683,0.33813912755522496,0.28957498226127537,0.26718777078059835,0.2442153692597605,0.22888155855816678,0.37207765205644633,0.23720642614901963,0.26116626002946475,0.26851342599675415,0.255549968344691,0.30382292838996966,0.2520536498376391,0.3128287759587576,0.2749147803669959,0.2692539904215153,0.23720142288087517,0.2777102706748926,0.2506169350582227,0.2405387425640696,0.2969304601340867,0.33686506032292607,0.2009649732648997,0.3094277993955092,0.25311014865753884,0.2805721856891995,0.2614691193502181,0.3538061125722046,0.2000942852244836,0.23532451932390058,0.2709386415466084,0.23003439972961628,0.2942508025967719,0.17196544833934738,0.21282379463923867,0.24023490804906453,0.2764174969309905,0.36774626492301465,0.21144004901185845,0.2702411769978561,0.33428361647912025,0.19041213298698131,0.23669517958852174,0.3178725794093025,0.2877158591323818,0.23721283342189345,0.2722883226279883,0.26471709469469024,0.2284244214891927,0.24333723382407832,0.3176701322628672,0.2846348620559412,0.2941493717907738,0.26545417709929126,0.22864615452520684,0.3142797377709969,0.26578062445465345,0.2158997774278308,0.27333087449224097,0.25368585049946457,0.29694559173384577,0.2668008738940742,0.2553620778694656,0.24002465750115667,0.21947125729025743,0.35736909673669365,0.20147860531410794,0.28553471068632325,0.18614820133974017,0.2768373709926217,0.21381955293700608,0.2068900624701352,0.2093527499652438,0.24064583804941017,0.2290389697820441,0.3433568047320567,0.24636859223473373,0.2813225606991379,0.25382109777483614,0.3323428571680587,0.32501383314242765,0.21293328048353893,0.3153593679629461,0.22339788341495806,0.24715113982692044,0.34718314222900076,0.2485132847721524,0.24946772568875275,0.3110808426844545,0.23596267896824444,0.23407621324728695,0.21954190539351087,0.25926019233535297,0.35322692985610626,0.21395424968507074,0.3677659006840955,0.23299248940626185,0.2655357684816241,0.2636727863656907,0.22540099707989797,0.2314457140965549,0.32687212981075425,0.22588599725236844,0.26710277155775847,0.26482471012699427,0.22422686645676185,0.2887188237368032,0.2437301431870621,0.23203659360360193,0.24864154393575547,0.2333584342933411,0.264022970726559,0.2542209577666753,0.21222006662378778,0.2781480654129571,0.2839616315415749,0.3410634150312366,0.2926091634771526,0.2938572346680496,0.18863353868658372,0.25089965771064926,0.2224764346919544,0.22015155325333433,0.23411247388986894,0.338438972535167,0.29859708974650684,0.32929374342086987,0.3741057937736296,0.2198591677666436,0.27129941195757634,0.22123853740993157,0.25329405350644935,0.19955125546250058,0.33135163119474864
0.2913953015678851,0.3436427429663386,0.2803405637607453,0.27228734769822693,0.26479082125917003,0.29895793427907774,0.0,0.23445263653720758,0.23201227059072554,0.33026636931626496,0.2628626112826124,0.38450408857687945,0.27415573773380525,0.23189450155129104,0.4180154695573413,0.24729815418025225,0.2817418302597396,0.28472631912166896,0.3046276212731921,0.22906151352814605,0.2988511813680811,0.34068595864567763,0.37440950511199067,0.32689165731869546,0.3213031659329073,0.25389581444062304,0.24448631574288657,0.23544534143242696,0.330581000865024,0.24919043779782654,0.29467992997579223,0.2797469810720285,0.3314095117543909,0.2900781979654767,0.25377639018742765,0.24854465584727167,0.3102817339217839,0.23923809250852335,0.2970640589961326,0.3666450608359233,0.34428675758474453,0.324235873169444,0.27169938661637616,0.2954636009250467,0.2769932117911724,0.3046712655828856,0.29433304899204,0.22559390535062612,0.3660013417421508,0.2425868797556131,0.316701525409716,0.29560713039503234,0.24255667086065982,0.3153887727069831,0.283519850257416,0.276137289497119,0.2696407882734212,0.2982494615188568,0.2610360802505748,0.25934084939737817,0.19992575431107434,0.22262326146043568,0.23264292910034806,0.21643620308707634,0.24609996320733604,0.2101321014399655,0.24496254138296583,0.2950219398119315,0.22292953306852112,0.24374756621288737,0.30549468916951467,0.22888966133174835,0.19805741832709786,0.2998934399345393,0.22597433610369064,0.25685431155122646,0.26202472015567624,0.3449418017008332,0.2421854304877198,0.2119726556650583,0.28195703387201837,0.30163088738477617,0.29483216701879716,0.20236855074677873,0.24246276957271534,0.2988380598470042,0.2050509141407588,0.23357697100802954,0.27018857288280623,0.23519781042910257,0.31475709971380506,0.3654590021124503,0.301497560849921,0.24054280285119517,0.25760708389526765,0.3467457651883199,0.18561718230191473,0.3315917383490888,0.2310536125533294,0.2814504965083522,0.22439505889191247,0.21892157439277207,0.23960386566181988,0.31570960226020833,0.2190910809879493,0.30702370886610336,0.2286034441562764,0.30214453242967415,0.3660351896254825,0.30842724717416553,0.36205837351928855,0.2474511007424738,0.22465048253273898,0.2200307381515735,0.25354358325004045,0.3275089625408223,0.27059342249111124,0.29572871294342723,0.26507756649572994,0.24879743423668715,0.26841927873074384,0.2187239920727044,0.235316945342034,0.37117142407508685,0.2096843850323565,0.3582544089413199,0.22877402678623324,0.2852440279239635,0.272132641145278,0.2688873036989301,0.23072056964444956,0.23079543992258267,0.18531277650239872,0.25191154882576566,0.22063911605481648,0.25287862544943024,0.272936398259783,0.33632030349625885,0.26343611777867226,0.29209247612420924,0.23038125212346366,0.25677403663689224,0.32178627240454905,0.22178529877764716,0.28924217254528384,0.349726860630455,0.3119601528473137,0.34871726166250633,0.30711534315537975,0.20520868403306716,0.2352064928488057,0.28690798068711654,0.2567725986765074,0.2998870424905934,0.3946877152598842,0.2700684876652539,0.2778578912584957,0.32371038640046323,0.24909502117080518,0.2641434437118494,0.2728353405584924,0.2545129725473867,0.25316329603170373,0.3175085312702982
0.294841267470611,0.32647531375362804,0.27378681792340676,0.2645896327094881,0.180931867081736,0.2585626536436439,0.23445263653720758,0.0,0.32002624300699023,0.35207780291124025,0.22888281394008037,0.2869041491425602,0.29684819157994624,0.2329559463394132,0.2842074336468794,0.25200607170501144,0.244645810844181,0.2905462402802591,0.27261432323301177,0.27860503063923797,0.2532194664188327,0.26363977564623353,0.2737712821515209,0.22655485350414056,0.3237563229050902,0.22757303880265145,0.3123533703456071,0.28722340902511845,0.20468104748380483,0.21936853056423644,0.3932188721138804,0.28706165987170673,0.25775711377440996,0.29678649093102877,0.257521954527022,0.26742241253438104,0.28915877961774517,0.2839578227467805,0.25609711080536646,0.26054177185479316,0.22219248046361778,0.2730372890297265,0.25109097160761634,0.1995882283487763,0.41785187514242444,0.29153100558162914,0.2210508631949728,0.19830261596917959,0.27389408940964743,0.2418324296814659,0.2511304557184392,0.2235697838831089,0.2255194475472919,0.24132985741533616,0.25096201387178574,0.26176224332807835,0.25808258926380945,0.28032197856699365,0.2545372960781953,0.2710595356234615,0.3335635948434934,0.2206414250765095,0.24525215326376035,0.21174609081090193,0.2317626661218452,0.24955849313471443,0.2947245169136646,0.2540691771614954,0.27624555673862944,0.43837554744312746,0.2655431332469572,0.23646980867597273,0.24379654497726871,0.29962249013407005,0.31582844252921055,0.25474822344618,0.26037263478795647,0.2192953693861007,0.3005439794812058,0.16218027738704438,0.2142561773590493,0.32160710417486665,0.24980557551145283,0.28453771917511467,0.2667962338836645,0.3868977495884428,0.3703611059390575,0.27432814861101446,0.3759495003858253,0.2715239752815871,0.23257628520010173,0.2820952951843255,0.22440343897097315,0.22867653595095402,0.2644811546678137,0.2737186723754299,0.2594868166871814,0.31041194229854335,0.21551174827713826,0.35587973495575803,0.2257201728841782,0.29773813635530044,0.23369551574474373,0.2809121315048404,0.29712398832391057,0.28586909561689616,0.2508356788798788,0.31658512294276736,0.24779514887189266,0.23804615945278665,0.22404878511744794,0.24583013738913992,0.2666247276902777,0.27439234626012676,0.26778310907028763,0.2966192828264148,0.2779903276556607,0.24780413842748453,0.1975879798035288,0.26988166187562823,0.2042215442806391,0.32756409933277275,0.22108955729366503,0.2552401717248858,0.2040935445491339,0.2553827340802413,0.24548796162040257,0.309514999554567,0.2588349920724166,0.2568975339533373,0.29961759981042857,0.2399775149930427,0.26173836135839684,0.25987074793842735,0.25584690022495665,0.18410227405017857,0.22691143773326286,0.25201817757254924,0.3078846687970147,0.28303279821170363,0.22620055867924502,0.22723348985655167,0.3192322567708701,0.25206723851226687,0.24044929359074427,0.3210561216397463,0.29470206367104657,0.24468477907709482,0.3348600902354549,0.1962981278070804,0.30467279028207517,0.24594277950689566,0.2414006099867804,0.22509428584710484,0.3013307238672924,0.33213558119622505,0.24129214728075118,0.2696780901872617,0.20209039096311554,0.23150063617792732,0.24155012475252222,0.24570116337841577,0.24019168748125558,0.23710794116440378
0.31930232405547604,0.306012299685518,0.256701264628724,0.22646337048361254,0.18960575814050845,0.24199266560967417,0.23201227059072554,0.32002624300699023,0.0,0.3094924945887757,0.21976719156987345,0.2740312448434849,0.260434709251267,0.2810811050282125,0.2683343994138497,0.23820329552780659,0.23495278380989418,0.3164638802870209,0.2509687477085641,0.3026228566622831,0.2300973975701102,0.3131732807161601,0.2484123824569189,0.22130796568527084,0.30139737836716257,0.20033649301716136,0.3295000483938359,0.2771666370946325,0.20474215448982072,0.2843299366231696,0.36845995816520327,0.2868602204055449,0.23344461777794065,0.26346700220225056,0.2863261552634448,0.2434105541249146,0.2479088632911576,0.2945420482663372,0.23304800761375477,0.23719452313431466,0.2035437457741028,0.3245569380934128,0.22265576382759283,0.20306547942610242,0.32447819653959503,0.26240583437068654,0.22281274901245812,0.1862676118143356,0.26594477243964326,0.24424868986952217,0.22733837634652157,0.20791607650604366,0.2324525495385936,0.22873440035121667,0.22222672020212142,0.31845513224918937,0.25462635509739984,0.23527409280397246,0.2609235696225514,0.24782185531380896,0.23228080348466262,0.22338476476460709,0.2061679019730379,0.23572675298359272,0.24930044143249525,0.23792405169617542,0.29367999027902286,0.2594739656732867,0.267632526228371,0.2958697662210408,0.27627336550541115,0.258538537868354,0.2708962355405334,0.2556459080039136,0.30275109985371873,0.265524334345284,0.20774687557551547,0.20201617534901112,0.2441775691954475,0.1661527016151092,0.20892771643290278,0.33522809946123167,0.3061059658855854,0.24034927570981052,0.25159450782567705,0.3630389769910454,0.2492502725821229,0.29726231706288475,0.335841317044633,0.3609292435216587,0.23911214870818034,0.3141414049598643,0.22267224992112097,0.23104381848524427,0.27441853551756645,0.29205269019714475,0.24978594856456104,0.2920708676455964,0.25428892801367287,0.2977918802156298,0.25632934911163424,0.20577852434402097,0.23516176145370485,0.25556403933340616,0.2906551300788331,0.2497592791672626,0.21220805361269732,0.2950502037794311,0.23028362210105016,0.2254762822536104,0.2134710465797391,0.2557533978798948,0.2519560624286746,0.3099523096838503,0.24213028229466177,0.28000645587402395,0.2599608778780424,0.2611091106146453,0.18049803201986245,0.2908357720135787,0.21187509023845125,0.220650431656456,0.22086776504689437,0.24843940612985627,0.25930368422935535,0.23311627703669524,0.2425734609665471,0.24557490039130997,0.22671133699755405,0.26298498972934076,0.42974548484517744,0.23897615744918815,0.23344561259936583,0.2967090504956845,0.24761335153640884,0.20392106454538977,0.2709560066362544,0.24048763648008237,0.31419975805421646,0.28105256935568257,0.2338084299406367,0.2508221911423507,0.3025837026159718,0.2827899967391395,0.24520542453360927,0.30887321128869205,0.3312805156513909,0.23125489445865335,0.32047099945449137,0.20088300637873988,0.2806177115045699,0.2391218877116159,0.2541447748630635,0.24891535487254252,0.2595901540729809,0.30495911494052913,0.24074961243133633,0.25236014945267893,0.22557700375723605,0.2276995612563703,0.22257991499791485,0.260737048014334,0.2561718821869548,0.2533432889586791
0.34725545823667475,0.5189234453383204,0.30470174011255236,0.28342344968406813,0.22464005196112802,0.2890401886876983,0.33026636931626496,0.35207780291124025,0.3094924945887757,0.0,0.24450729730730794,0.2947124020798118,0.3075150196867324,0.29299289156553593,0.311549845322955,0.25953110073251173,0.29157860051728307,0.3697680462522141,0.3068270003834543,0.29338709707726296,0.2779929819649414,0.30470077704851967,0.41210536604521925,0.29028060394250804,0.4694793600042234,0.2361924958320201,0.30760847705134076,0.32659977035044746,0.3038890081002624,0.23930454090068015,0.3765205861793294,0.32004927420415774,0.2629485645747079,0.3520393487110876,0.3141422656753991,0.276348280372451,0.298057820989037,0.29013828090901106,0.2324367949317699,0.3401598356389823,0.25742109069201397,0.3750227877380964,0.23169736332235943,0.23290282967653245,0.35222328492937904,0.30096424915128206,0.26563934364463027,0.2082228665777904,0.40008507031824964,0.24038237256773554,0.2622932174210326,0.26202899523976886,0.2654973817958689,0.2693098056086202,0.2626157658923974,0.36119534664826836,0.27858661394365186,0.2523103906706565,0.3082286307317142,0.29190570812544203,0.2638119857716391,0.2242198397205955,0.22479787024953107,0.23287145045827212,0.26954271069216684,0.25621032486878054,0.29131321000662047,0.2810716868087803,0.2760346164929697,0.352223769374685,0.2699363672137708,0.2844709193237895,0.2521368321548242,0.31148772410876924,0.3145557661375223,0.32308928776281653,0.23608592296476516,0.2914399716384374,0.2655284025096371,0.20612502233065255,0.2869516265321485,0.32995724453077185,0.31615936061454647,0.28682082533675596,0.29172283571813484,0.4299004586501284,0.26358555097165925,0.2675724135450766,0.36739163324977203,0.2959331626268713,0.25659436744282077,0.32981191044984215,0.2572233518739387,0.2681300927469258,0.31709584622414855,0.33046778429728635,0.20816253399746415,0.3879740753358583,0.24946600581976355,0.38615316368786745,0.2590285121725567,0.22569358587692795,0.23721994469319382,0.3352922538197083,0.2551987934915695,0.2816911854163602,0.2395416229322402,0.5260416760714108,0.303578923712474,0.3073619663706173,0.26949784875450505,0.26627616589299485,0.30197508293949155,0.2802929163058674,0.2850542919794065,0.38493461022069836,0.3573443896228219,0.2918165592934737,0.25217548707047727,0.326838745567264,0.23580422252511143,0.24517077962936953,0.26730262722672116,0.32804993016782624,0.24095269255296586,0.3045525889691903,0.28264468294160733,0.25206617251541485,0.336453538282653,0.2886683095154853,0.37837924668570433,0.24442864605358805,0.2354501717180751,0.3017810037257141,0.2532492021392204,0.22976729884430763,0.2790040643365915,0.3179279525114723,0.32768673677293153,0.2924476937886474,0.2425304625240714,0.2898919272526284,0.38418214187834515,0.2456418699226148,0.28459118328243893,0.39324692720636417,0.28160350287443037,0.3144907559275091,0.5056558169403411,0.23146038471229463,0.26765372281491656,0.319419337190192,0.2590004906600274,0.277586262688917,0.3465584988812364,0.32742616365895816,0.27011796587245085,0.3362638165284658,0.25563092109281055,0.2816929791276178,0.3647896536812068,0.3216306543425027,0.2876711432168699,0.29015118002443424
0.33927241780742606,0.26153958188928184,0.3311399897680246,0.2827837973405897,0.241046008247176,0.3371273593648444,0.2628626112826124,0.22888281394008037,0.21976719156987345,0.24450729730730794,0.0,0.2883411546880939,0.3632769235579108,0.25639730936379096,0.28433244904400595,0.3732861587374864,0.3730222945745942,0.30091309343218975,0.29190195592750307,0.2705373407692658,0.37642066915233025,0.3595355627560749,0.23238766614775483,0.28936272877327684,0.2834664543250093,0.3804346322084709,0.22481724143640688,0.294968379814056,0.34036415157030275,0.2354960694672237,0.2537676519599325,0.33929663599035187,0.2764270570673332,0.2520810345512013,0.28639314438750013,0.2843880044527219,0.3703922550713378,0.3082179090396756,0.3466737973446728,0.31447073560685956,0.2892838546468273,0.26826376361149407,0.33485615581978645,0.36834494106940574,0.26334691877690036,0.275134873932226,0.20665230186486439,0.4040621929312308,0.3083118530259421,0.28251348696101786,0.38544863592276285,0.32946760110085854,0.22407018392524464,0.3587587463377671,0.34956464674359466,0.2150988299123351,0.32916200929110734,0.35064102204211556,0.2509963835431217,0.27914829087026116,0.3041463059436954,0.23664865800868012,0.3655882390387807,0.20774673891079254,0.2350153119822319,0.277065981390373,0.3064048708013828,0.3247872895480998,0.29601616023564575,0.2860595684355147,0.3737855475010958,0.22618379954772244,0.2833826211459503,0.39497587909136234,0.3378870843367803,0.2598344000685507,0.3758706875082879,0.27129294187532627,0.28568547990310406,0.24589564943048292,0.3375288613322549,0.2750569339004282,0.25797794684611713,0.32379020962597543,0.2564142321452933,0.2754319530182888,0.2805666274117224,0.25752100977787074,0.24087663374372562,0.22184837824159187,0.41158572604871063,0.2095371981886508,0.33650466634284454,0.2894344015182939,0.2588189790573196,0.271376144954838,0.21764291153058007,0.21071413725601532,0.20652644206997312,0.2645806485711241,0.26269754518651217,0.25316981893182117,0.22755780866540604,0.20583199216571993,0.27213203088143667,0.28692958207082264,0.2720795506791596,0.2524693940001476,0.27851311539972246,0.2928355983270188,0.3845583633983755,0.25729257346782103,0.326331541121299,0.2612678556284284,0.30539781806187744,0.302766455373628,0.2574131109810558,0.3085600075061734,0.3146036296664811,0.25231219380682257,0.30308174429453694,0.23107051760091343,0.2812320893420703,0.3568358885150996,0.22904156331791511,0.3744667998631027,0.23084338619122327,0.26125898281328724,0.29144286543025877,0.2806173008698612,0.19744586644640408,0.3737002865742618,0.27192878427364026,0.3084810780378581,0.34721765590502746,0.2607540581581648,0.2628021717704583,0.29683134637214714,0.26669945554855434,0.2871450761493856,0.26292102108564075,0.30467691637626215,0.2455404701445719,0.24255223444922075,0.37343956675460216,0.2427002358043944,0.28050260250335696,0.28111654532653124,0.25515826506785666,0.21454228621983618,0.3422442443279198,0.2433351989713818,0.31410107859514613,0.21635790238747002,0.2801281588777802,0.2946764446070435,0.3016710524573182,0.2894704874138884,0.24869783552195004,0.30687062569064794,0.25013431926190594,0.28950087680208736,0.2144615429922391,0.4565854143963729
0.29816812833022704,0.3231565308679355,0.31521188575794434,0.26898414383529196,0.22604571716476068,0.3620196643402033,0.38450408857687945,0.2869041491425602,0.2740312448434849,0.2947124020798118,0.2883411546880939,0.0,0.27923415038474353,0.19071336751697862,0.3607381254215254,0.2827168464985713,0.2910527993116501,0.2588137540244726,0.33702271913897996,0.24244337258161883,0.33732495065882323,0.3392821895179132,0.2801844524573267,0.3113184950991072,0.33384568092543887,0.2636581895074866,0.2552084825795815,0.23587433078321832,0.25414793342195974,0.3096858792178161,0.3160057159701554,0.30561763969107264,0.31024564364154955,0.2963135950392101,0.22973533299579593,0.25956469055086945,0.31737756172089304,0.25470480907035925,0.31078198727472633,0.29952207390141056,0.29781597408398564,0.32709642958267043,0.29228621642770175,0.2880590230209952,0.28856528254269453,0.31781080868819167,0.3119087863593312,0.24054667703289107,0.2888320139228529,0.2629047272576027,0.34666806218492824,0.32425081867927164,0.20808343982207603,0.3259303693788267,0.2859057299138306,0.26684077725605526,0.2955540197079173,0.3660423624094899,0.21135874139831926,0.26401811413364146,0.20859857981513683,0.2228174686039082,0.2774121869686436,0.18937728800236148,0.22492114604724422,0.23158773016192066,0.23229761859840747,0.2951149296533428,0.2256585481583102,0.24926659742014148,0.30313400579862215,0.1983594881874491,0.2032019511451541,0.3147945247194831,0.2586998925981816,0.22536023982597986,0.266578176231764,0.290153803165979,0.254460422953095,0.18675559388737256,0.2511668568532612,0.30846044500301323,0.3295227144297849,0.21292201965440213,0.24718420035452265,0.33595597208331307,0.21394890506097783,0.2328266096694894,0.2934294292816735,0.26819977856825516,0.3282631465574647,0.29102857443652047,0.2842325160161765,0.2379194441296637,0.2227527027948983,0.3965219965494044,0.19421514071547777,0.296676010603743,0.19261912923389124,0.2762975972228472,0.19941470872895395,0.2251463440998923,0.24504038100689296,0.29518718374237285,0.2358735969200225,0.34685618976042837,0.2592627392316658,0.27957762903227834,0.2938303198899855,0.32595577471930853,0.37952740309535277,0.24668366530169974,0.23595938135902975,0.2276488419823599,0.26589179666105206,0.3769321080051146,0.24314563413852128,0.2969441483529402,0.2620968204055639,0.22616221541189876,0.24310152286844622,0.22214632134237905,0.2187978572037645,0.34512208431770686,0.1770380094382818,0.368763326017401,0.22115276390481353,0.35049231977387313,0.26805304077819975,0.245588142228134,0.24537896056608582,0.265613170224126,0.18604414934375996,0.24827632130584826,0.23495564893322612,0.2039576464253242,0.3196069799054429,0.2814630695976669,0.25333008305978366,0.29070619244111195,0.2092542264392103,0.2379119405603159,0.2783894468987864,0.22370110766078888,0.2764572536597888,0.36250490496265936,0.4512255153864456,0.297619152254405,0.29945003172511037,0.19237358433796084,0.2530652688417931,0.23507850529635757,0.2617308124578447,0.29796725918473277,0.40274614268873365,0.25707623868243634,0.2747747413437878,0.39301830041012575,0.19880442925488034,0.2543664937076903,0.2094066357123529,0.21855263248727547,0.20593825328909857,0.3084150348112597
