0,1,2,3,4,5,6,7,8,9,10,11,12,13,14,15,16,17,18,19,20,21,22,23,24,25,26,27,28,29,30,31,32,33,34,35,36,37,38,39,40,41,42,43,44,45,46,47,48,49,50,51,52,53,54,55,56,57,58,59,60,61,62,63,64,65,66,67,68,69,70,71,72,73,74,75,76,77,78,79,80,81,82,83,84,85,86,87,88,89,90,91,92,93,94,95,96,97,98,99,100,101,102,103,104,105,106,107,108,109,110,111,112,113,114,115,116,117,118,119,120,121,122,123,124,125,126,127,128,129,130,131,132,133,134,135,136,137,138,139,140,141,142,143,144,145,146,147,148,149,150,151,152,153,154,155,156,157,158,159,160,161,162,163
0.0,0.3868079196716765,0.3498287755944683,0.35583428213264173,0.3462153496267918,0.3616119351101787,0.32163863995355446,0.4183322634361409,0.35134106799594056,0.44264983489962634,0.4137085639930569,0.4117206190776338,0.5492412811709712,0.313034522842924,0.40296074477889804,0.4520016426280931,0.46093207208894177,0.5611562864480766,0.36966862217879937,0.45786817447218336,0.43649671750700375,0.3475808405474465,0.34682601754312664,0.3552426198051609,0.5559743465843856,0.3152656231122497,0.348938960191325,0.3506241187583745,0.3362004229791723,0.3333814263865257,0.45406102854209424,0.45881615596718145,0.3182600901905142,0.34823648397912166,0.48795518327552256,0.39583031464440277,0.506713517512706,0.41726571006634816,0.3510297201186294,0.45716141530108356,0.33831592868033883,0.4010747879751706,0.4155753490175532,0.40272640287727757,0.42903091081041494,0.5360265191055129,0.33407273967156137,0.418353705899807,0.44636353010069824,0.4616341337340068,0.45537300645167117,0.3562951252893928,0.3459894402274051,0.3538395187984453,0.3860327919801305,0.3608209626455074,0.5274919208252479,0.4360354139144284,0.3857154007180139,0.46949579258446705,0.37130549818864955,0.30972842589097416,0.38451354902221,0.3115940793204957,0.37193626008231573,0.45702538360126077,0.38091959499136663,0.3251079079604319,0.3558608768338072,0.446936128207225,0.40380994073205234,0.37876004160050303,0.3824572180385144,0.4708457419283933,0.4585152990246399,0.3982141691031216,0.3222499876168886,0.35625494943789704,0.36143804632972093,0.30658892511324426,0.3439765287758452,0.3857650067869007,0.34820882151161736,0.3615692203117704,0.4552281091755736,0.4333622980847935,0.40848413100520503,0.408948176533613,0.5101733533196544,0.33732304798941576,0.4572961238120982,0.37077141919825135,0.4290050424158772,0.41892145691779265,0.37430854886450765,0.33251243321404567,0.25868840908746826,0.35374498278091576,0.2944918621108323,0.5003502446606914,0.34363133384703975,0.40819126174526443,0.36092557046868184,0.34193977352068766,0.43033731858647317,0.39671995572116553,0.4505613754277348,0.4163038481923661,0.45320956168702553,0.4564698384424585,0.4068750552546783,0.45439920347403384,0.4206027984535757,0.3740652541620014,0.4350631202767222,0.43273842834823734,0.45616275070030987,0.42163263720491306,0.33491246647163275,0.3259220537648999,0.3719324863662569,0.31329770502776183,0.3866934180325159,0.4411782922690283,0.31971473329397626,0.3857622161670044,0.3273897529516863,0.3555282942126981,0.3777379917408278,0.3620966306517735,0.34480795554693167,0.32846034121149037,0.3336466265988303,0.3415067850148094,0.40448230092318943,0.33808030338944756,0.36469977970554734,0.4316526899412138,0.3538892474711738,0.49528052559292784,0.28744768651523406,0.3767983354213468,0.4392927875659372,0.3220712786143155,0.42323279530434965,0.3866879971775789,0.3338157541979175,0.36225383250942733,0.4530293977456094,0.2839579224284719,0.49555964509635525,0.3746752920872839,0.4454546765171142,0.3062751992185421,0.4784685449941087,0.432709824958114,0.3337501510470055,0.409105967651095,0.3127509577534383,0.3686829098532821,0.33286849740615576,0.4059448721085183,0.2949061900292274,0.4961567630943695
0.3868079196716765,0.0,0.35514529546638096,0.3991504507547434,0.3387114120222558,0.4520887560998787,0.3462465988562217,0.4289688950303436,0.3622489005995496,0.5074865890811643,0.35220584894366747,0.35254080794287307,0.386894492092941,0.36916060216837926,0.45660719947238254,0.30819065164307496,0.34354744009136445,0.37473069652493546,0.30117941533756915,0.3411846500030674,0.35413239111373096,0.4463962225664715,0.29919200310950084,0.34161999757457245,0.3705265781087414,0.27748994920519504,0.30404430361186274,0.2957686168289679,0.4133683876091725,0.2695809293120165,0.43396753309660396,0.32511575341889265,0.42313824825787744,0.2683956180105751,0.3959184648930506,0.3793437388136398,0.358550588814055,0.34708666584813286,0.3785715327940903,0.35755271483706164,0.38993444208893857,0.41883040799309423,0.2822141297136864,0.35285318262311344,0.3902218119092697,0.3579529456472328,0.2921113604872421,0.32469851682091116,0.3228666655858191,0.3637407627941124,0.36858817089717577,0.3132348480629385,0.4308850303632226,0.4438603634722787,0.3605232592745239,0.4186608306413286,0.3477874484005838,0.34860744610632527,0.36695693896361,0.39615782697934493,0.43468293712809103,0.29123153827442794,0.30517052204875206,0.26940667088333803,0.37436436859715144,0.339738843395941,0.42281395556015783,0.3236346537238795,0.2870150050745302,0.3957632049215378,0.3641294128412699,0.35684994019004024,0.31912902766867507,0.3972447128321927,0.42597396923046477,0.31104440011036266,0.30541550682247515,0.38376580699855584,0.30355957774141973,0.29280317475569084,0.34211982682196806,0.40049367531532204,0.40111509470638207,0.3234491518322852,0.34655741014909974,0.410165728062782,0.3502619553932513,0.3139550569011615,0.3350527271878789,0.42522997703886095,0.35144308375319916,0.4003787307835965,0.36948701840557185,0.3384231100650637,0.3935782297299895,0.4126044516458226,0.2929366463272741,0.31815174654211487,0.2980716279485236,0.4118056459659942,0.3628412975532346,0.29629992558772283,0.272315939980091,0.30791353687975787,0.33577702969832796,0.31463509434318687,0.33930375336337815,0.39618056504934435,0.3939057815914155,0.42397863935246954,0.31213280269993815,0.32773510539635037,0.41216168029203126,0.3570434482022696,0.38244411898669206,0.4603729871559887,0.34013597132085815,0.2702982260455288,0.31155992166166097,0.34035221469388965,0.35781599784619356,0.330313551806176,0.3282455118308678,0.40184432758311717,0.35008847624279077,0.39245446906132375,0.35854907877112524,0.37825171495455867,0.36862821374059723,0.3511327989948048,0.36980339165858306,0.3245182200272703,0.31705650729904755,0.41092216849771446,0.38384961337618834,0.34970374268588933,0.2984880891487538,0.39307366143414196,0.3123303618119915,0.3633578034011334,0.34454579391994306,0.3671434325060032,0.47858524006619824,0.32980569824905237,0.3778778850506304,0.3054040146608598,0.3934322984476556,0.39791987312429467,0.3678772863878501,0.25894880378855867,0.336350240862072,0.3807519044046359,0.3397049355250142,0.342388993164481,0.37132032947283095,0.44273969523187373,0.32417249984741403,0.4097520487055232,0.3402133150818527,0.29362615081717985,0.36898218540208244,0.38935716411962223,0.31173823605275747,0.4024531905479607
0.3498287755944683,0.35514529546638096,0.0,0.30076983004308355,0.37712639159703426,0.37550032306826236,0.27945946882079,0.34914405978996144,0.2966810978882821,0.3501528490413095,0.3806218892517205,0.3156983858701575,0.3850982731034168,0.28749953400995576,0.3514323448837821,0.369780303401338,0.3531766628716158,0.34848223172243226,0.24991266660689962,0.28701325316436493,0.40754496120305167,0.480888642616355,0.2466498319374175,0.3404106537249962,0.30300368595248883,0.3657847454488201,0.265047074159287,0.25498445555243154,0.2879404525229079,0.28878719248931295,0.2972612802410289,0.3119934405304914,0.3064567377859549,0.22815802126878104,0.30327875166543794,0.36741331616007145,0.3738006589524604,0.3425605425243688,0.3129198458046855,0.330890307489043,0.3733096927820192,0.37888286718356723,0.31677981157861385,0.3619074418530009,0.33146238775633147,0.33888931585831256,0.3748442634220931,0.3895570362822607,0.28870486980571025,0.36520061624012407,0.3590061683597012,0.38045745031832057,0.27760431457112944,0.34940142579110567,0.3069772208762784,0.3189873291583895,0.31052704389982416,0.3700904963548373,0.3055153092462012,0.3283951229760607,0.31223489053728465,0.29087372065726513,0.3859112776512377,0.2832739696607669,0.31157285947088986,0.31679631444768686,0.32270281349094315,0.4098607542682559,0.3305595527396305,0.3369589629910595,0.43204943855694256,0.28421337719895345,0.3233955071900453,0.42993994415607045,0.36785565118864394,0.25216862102180926,0.30770959897496064,0.35151647461611996,0.2852840328154617,0.26164266479801684,0.3712572185205468,0.3578009093541914,0.3499175663949101,0.33079200203837145,0.30500837906330236,0.40574723939005325,0.2961657052813257,0.2673419696769647,0.2860929070576252,0.31425068237142806,0.39789577515577634,0.28203383895706746,0.33075752878336767,0.26776842374571114,0.33041465936177894,0.32698449513336925,0.27094101151460287,0.299445745984699,0.27309148851919,0.3282493660933628,0.2560977044351388,0.2885135494673338,0.266834541283504,0.2991754764329656,0.3300450825419808,0.38151215356398693,0.3269000990240626,0.2958420015774688,0.35871515102633095,0.4050153718403272,0.30640523934822705,0.3234675981309577,0.3305730324809058,0.276854188736849,0.30879630588721696,0.37567899954510203,0.2531887451644562,0.2837483864566033,0.3466899649396497,0.3016206609380832,0.392222455528737,0.28571951832011366,0.29035377977021654,0.35251308106780466,0.26815007447120437,0.3386363634273146,0.31188726299870456,0.3649373016564235,0.3153806254935835,0.35854004425560737,0.303879054842824,0.4426265490748571,0.24647947978006732,0.3051407406178889,0.35822905059431476,0.3228434686454329,0.27149712135503423,0.3204951863989422,0.28372061537623167,0.3118229332396803,0.26743680728661595,0.30790974082484085,0.3186378419575785,0.33147649459834155,0.3603968908466951,0.27095399608924625,0.451108324389304,0.33187214181169555,0.328599033910134,0.2587180778853896,0.2793467738823961,0.24792016950805174,0.30977036869973756,0.3855852578372962,0.33732015348081695,0.3470849350966393,0.30820685618077054,0.4156823408230727,0.2334731646516964,0.2623229272393191,0.35950530317594115,0.2682407520025992,0.28178884040469465,0.3956672761450384
0.35583428213264173,0.3991504507547434,0.30076983004308355,0.0,0.29195151442782885,0.343878928509927,0.3347605132285628,0.3264854800034542,0.282141985720454,0.3868076683470342,0.3713873395415233,0.3162092356209576,0.35852499260856346,0.33474547094916923,0.45425842793576754,0.2931040632094815,0.32998998305645877,0.3750543069956074,0.3046582944448563,0.31114435909452676,0.3309198198772856,0.3516700733119009,0.2758177387320544,0.3060304702230356,0.34391492366033527,0.28782009347136867,0.30455957267761824,0.292286016228371,0.37828454127759586,0.23226577021610326,0.3741275860001448,0.30720948313006585,0.48665338191139734,0.2608950693431179,0.3557090578208565,0.3643446439804713,0.3446112741058569,0.31886704577552477,0.3648001401425583,0.36321679258250905,0.36839388966678094,0.3093770633909295,0.29452665290914176,0.37233226410950104,0.33919153625258897,0.3516847129719023,0.22167674285577918,0.3323464941231025,0.30665569533462333,0.3405061497645169,0.4225493155928555,0.30929241041069266,0.3642066451419287,0.4895559613659443,0.38491094513259305,0.28024418129323286,0.3606485975318868,0.32039593484729467,0.3751127534140568,0.3932937105632655,0.4541251958921233,0.27580486582430297,0.3131795104894376,0.24613843791259107,0.3734881323571207,0.3617541535957926,0.42513787606843984,0.2740729481758191,0.29716471819544626,0.3490209305807445,0.3306664256903434,0.32243540382724123,0.31358458811641976,0.4366350469040871,0.37272668408798676,0.29448753493347857,0.33420415733522874,0.33387131668378306,0.2875735980540609,0.26149216458681,0.29885206892572375,0.3854267252121525,0.29026920844098175,0.30328388908665443,0.33661576169442387,0.30482044197767777,0.34186631797111316,0.36063666509602943,0.31787015970887034,0.303591124076119,0.3507123475719067,0.3384477704937321,0.3576402384632014,0.32954216272206,0.36467080892359605,0.32787782446855357,0.2731311941007684,0.27611318724088635,0.2709201971393071,0.3927472587466564,0.35148011323031914,0.329352971992765,0.32854062463590944,0.3007643091429354,0.33608147782104264,0.27112665128231034,0.35027618681421013,0.28658010334371214,0.35969618828729816,0.3281687039896483,0.3581032581068092,0.317227323728849,0.41239369054187974,0.34621225033760084,0.3482672304581679,0.32728296480159597,0.31584151500281593,0.268505312571489,0.32102802008962245,0.30819375534077686,0.31274876624958514,0.33504843813683627,0.2821762545986544,0.35556181300515644,0.29160274213101567,0.3754516838809438,0.32653215833265664,0.32066601835850284,0.33136707903547286,0.36279228825264775,0.2637329744087399,0.3054829351879941,0.3355838638617646,0.3568134262272408,0.3719060632054828,0.29697534929036645,0.23673442329365166,0.36281471180505415,0.3125075356178751,0.3636542184499798,0.44117239938419245,0.31656737171778193,0.4182391295327512,0.31524584885184526,0.33661149593162354,0.27013417362271547,0.29362224827056593,0.3303396212279651,0.2852604462148991,0.22088522872965277,0.3754632189975137,0.3657616406592172,0.3507685695494476,0.2752020719954831,0.3322439403400699,0.3825166249122473,0.31147097726398437,0.33499547148197223,0.4476947370861906,0.3006002273466218,0.3414726644620362,0.3390375587343748,0.2839707934695886,0.3742980810459277
0.3462153496267918,0.3387114120222558,0.37712639159703426,0.29195151442782885,0.0,0.3415739076741748,0.31597743675158985,0.2998691982056229,0.2819477107343006,0.37468752154438684,0.3503583031553414,0.28321359565716553,0.3340894310386981,0.2992233166550247,0.3414528811408614,0.35962911046007084,0.33752103313041004,0.34910625075141616,0.24019612203061463,0.2700813584418468,0.3670919387787439,0.3580320516898866,0.2579552227958107,0.30295187974215926,0.3134550713227627,0.31505135288632247,0.2513610627228465,0.23880971386060632,0.3171224699165123,0.2903386913545548,0.3220619085571164,0.29931866086631953,0.2934125350633429,0.2301901269131791,0.34843046594888627,0.31781393513704514,0.3612840484151053,0.30493519653446344,0.30238442481551314,0.3151239424712566,0.3004237262285735,0.38568331449398585,0.3164920625651856,0.40160740031642106,0.2801683421619964,0.3078817729792202,0.33115400777360043,0.4182191959170459,0.3064047835316896,0.31690175492026873,0.3609125887591676,0.31493817430524296,0.2918226243804585,0.3250070561902462,0.31538608622649916,0.30799004716084794,0.28785529755678857,0.37212395330831594,0.3045138028746672,0.2903885766251585,0.2841827359324029,0.26989900113062876,0.3122677645472967,0.25353826512268923,0.31299670528655393,0.28063900577731177,0.3142612667330274,0.3620129283249988,0.27991343335096175,0.35103003963620955,0.3645891744335385,0.30225886404828745,0.282262186433601,0.34415396173092655,0.3162307565675245,0.27030062334588,0.29877187931981214,0.4785152573369534,0.2674299704443271,0.3194661934289878,0.34892911895296286,0.3207210774176019,0.3842859907519022,0.2688674267959007,0.30166318557176103,0.29257382131517906,0.31629221808173363,0.28831862725970325,0.28092093121431677,0.28573427612241914,0.45648920109100977,0.3209037849601938,0.36884245624369316,0.25628439039528284,0.32950635963328395,0.3205287180767864,0.21994706344635281,0.26268781868698543,0.26893437157751915,0.300600466248424,0.2750316746614918,0.280761571246466,0.2722106537130674,0.2672571430848583,0.29443805899205894,0.32900598396304215,0.28826440144126186,0.3222540910675409,0.3624018401901439,0.3599810077928368,0.30413819905998807,0.3083858862223554,0.33593450047543433,0.31115441604888894,0.30190357064913276,0.33295736496289424,0.27715245710767156,0.28022165172269203,0.298519587903478,0.3056037274715755,0.40841494240394666,0.2773479258776973,0.272902172199222,0.41227572883824654,0.28226486966834363,0.3298299764740641,0.27757179028550716,0.33634345688777323,0.2958514120596272,0.30367291254042367,0.2922282501317997,0.3263405196806483,0.26100673516513967,0.2937553275918714,0.3024661005762482,0.3267417118161003,0.2746768579465869,0.34517264971105077,0.27205163066542015,0.3266726383655054,0.269670176020985,0.3487862809498926,0.33911554096410973,0.275412483701614,0.3695791261369176,0.2781924786960454,0.32790506835373096,0.35702072214803127,0.30711336474433565,0.22978814793204158,0.2785758467016636,0.2967504523870534,0.28920070680713916,0.32243902676196445,0.3449908467886057,0.3615162646286818,0.257918260078835,0.42469522458351816,0.26611358412423564,0.28912440298649883,0.31170166575120056,0.30924632727373985,0.27458806632632393,0.4154216060958775
0.3616119351101787,0.4520887560998787,0.37550032306826236,0.343878928509927,0.3415739076741748,0.0,0.31474759445868167,0.3705880385768096,0.37151812741969364,0.34436582303626134,0.3556461096665442,0.41408060043462724,0.3486689749943148,0.2880743144731045,0.41028349472270415,0.3401639222232583,0.33795494321704544,0.29599268083535735,0.3142261582031226,0.3131006266097952,0.42008087842818487,0.4366526362656131,0.22941891277065418,0.29708985116710673,0.3445395712487356,0.28488325980807166,0.24852120556056287,0.24719628593024245,0.34324758794721694,0.3054421267170604,0.4075359571279828,0.3651257425013738,0.4081655129384341,0.2502185163628879,0.33109703780007843,0.34237608445844564,0.357952832580467,0.32350473108643074,0.3795805495711737,0.2925192952937428,0.35889192422079164,0.4378288172927279,0.3235192443540193,0.4339548390110075,0.3106258887717503,0.3138573528980771,0.3036792506942642,0.35466766474143907,0.2623266192867935,0.3741392150100738,0.39904911690102407,0.3820610309607472,0.3399610244408448,0.4247641027888909,0.3312245779614901,0.3856099732862102,0.33901955143060836,0.482711206610046,0.27724761087930844,0.31303570283270854,0.3610650001082729,0.33693349128215067,0.4018321851265276,0.24086469269839855,0.36580811343998415,0.32962809800588283,0.3348888855228994,0.36475842336414827,0.26186554047397137,0.3553008303612183,0.42173413158198036,0.2797326507832712,0.32410672299152204,0.36585191258557825,0.4126454877954443,0.281047481251105,0.3138347388435006,0.34123351791850814,0.2816125287088839,0.32657805546244995,0.39978423489136067,0.41651527047968123,0.3800823568471357,0.2953841874565841,0.35082036296638097,0.3429124501650786,0.37007578262891677,0.30212855979211517,0.307584992803341,0.3480145777914373,0.4172740187266307,0.43638437370914523,0.3609418142033619,0.3008432920878677,0.33738501301045604,0.428638545183311,0.31520106594606123,0.33151720032417037,0.2915449362779349,0.3197937917545079,0.2921957427214022,0.30052488605109573,0.30367285804926825,0.3003478398183672,0.35567760564153333,0.35264117733839895,0.34653545959375115,0.311259224328808,0.324567680229374,0.37925174473051093,0.3575478855412109,0.31978097623932145,0.4197075984272607,0.3387583670991492,0.31931099956335046,0.3785711345665455,0.31852172605246504,0.27065093241430965,0.34830691005873776,0.31988754481119475,0.36128332300210664,0.34450690600478384,0.32065917378780207,0.40912430290598334,0.34102220441552794,0.38752624879968117,0.35586549448220123,0.35213000235397723,0.3260589520836428,0.2926213248931746,0.34595890648030264,0.4493870180471526,0.280380741455587,0.39800930460361233,0.3585408788360438,0.3448238411132758,0.29254058981527875,0.31159487995201074,0.2547818124491381,0.3479654879644328,0.3189178195032729,0.3957083947580762,0.37475920959114867,0.3410371778047563,0.37834369274615964,0.3088551027846956,0.46955641279925614,0.3666616978651659,0.33795827612158885,0.25401411908869376,0.33035908137265374,0.33699841860826785,0.29248414534325207,0.3056146737590964,0.4151890782526781,0.3795354653408537,0.2900059049747552,0.4208140315875087,0.27894330983332705,0.3048036847528154,0.28389867258022494,0.3594305460519378,0.3016650064220518,0.3999470211516186
0.32163863995355446,0.3462465988562217,0.27945946882079,0.3347605132285628,0.31597743675158985,0.31474759445868167,0.0,0.26019961568383937,0.2582536664546298,0.36412792263504573,0.35318265807263305,0.33888436482170886,0.3537296115410578,0.30130064795296396,0.4256785760932471,0.28464722222586764,0.2908008236449157,0.3129387469311737,0.2939613248276408,0.24136505715748327,0.27802068577389394,0.3450573325610525,0.362890464604847,0.32361420919138145,0.3292579078382362,0.2699666556167593,0.3027004243728902,0.27826267363688373,0.36968483673478947,0.3040110254773154,0.3196173243472667,0.34407837118623763,0.3310093585958781,0.2829602398963546,0.2909973364034379,0.26623508786466454,0.36902954471589394,0.24631098094001072,0.3371738831621828,0.3560966344262893,0.2988198692572071,0.3174252051694421,0.2764951809469729,0.3297590611333406,0.28819632891139696,0.3084219504130002,0.2657667869983684,0.2965329439144969,0.40962012616471666,0.2641834487783505,0.36503154562873924,0.25966906800161194,0.27728161798279405,0.3454404095682774,0.3789526530844704,0.2945335162676905,0.28493294657719576,0.29414222256377476,0.3199798249110338,0.30334847573374063,0.285557780379238,0.257433289701945,0.24766786903805205,0.22582997687929013,0.27142919190126735,0.24916191253955067,0.34303616960198086,0.32918077378848304,0.24814537398869965,0.28652176822815223,0.3132923747624134,0.26480718861884783,0.2446518344129236,0.3535924077222411,0.25154831431559976,0.3232536134049064,0.4092752950578996,0.36656984555392186,0.23108445996485916,0.2869496242085843,0.28650888145121084,0.29146825524675857,0.3335274501784822,0.23018936974630216,0.2517053233784933,0.2605710465867372,0.26515949187134835,0.29974394352581124,0.3055732853465741,0.28321523504788587,0.33408558050269604,0.34090995272225455,0.3761539621924023,0.29921696189637653,0.2963570127986735,0.34217580929221314,0.20779234078372516,0.258369719972692,0.24227127969219397,0.3267534118082898,0.30760910603779296,0.29158170694581664,0.2676991073021284,0.25616709096081036,0.2431543187956005,0.27036130756985505,0.2579780571580343,0.27521381735634615,0.35781621154666876,0.33447833637916713,0.39323439316003816,0.2545207056659513,0.3007300192894782,0.2617384406451949,0.2697869541082601,0.3159866087438072,0.28108618749559483,0.3345084007914248,0.2781184327266432,0.25872545058937985,0.28831503529795005,0.2570358545386966,0.23650284587249823,0.41471882233055735,0.2605188505259195,0.38908056487331705,0.2589684495868995,0.32407710257177463,0.2607928362244502,0.2823645810572006,0.2461892446302217,0.24330810644358178,0.2751520030696971,0.2628173933022594,0.25584289537584903,0.2985155969699495,0.265147298306982,0.321096172850966,0.25340376742154797,0.31798926982488673,0.30094061206689526,0.2872533990273049,0.3397390943275856,0.24721573505115055,0.3018131773226222,0.271969488121315,0.2845976321432439,0.3681394462243405,0.26400845624350217,0.1963255255472397,0.2838846337504926,0.32384655625116465,0.2847033926038402,0.3224834958364406,0.3168405411611134,0.3219356705145973,0.3539383990144544,0.35572266321290197,0.3529968503459809,0.3685889528544447,0.2921576911294621,0.27981555133844926,0.25834390355690867,0.3393241164664868
0.4183322634361409,0.4289688950303436,0.34914405978996144,0.3264854800034542,0.2998691982056229,0.3705880385768096,0.26019961568383937,0.0,0.39937521788597174,0.40262142060907335,0.3475977191470947,0.35371372616952784,0.3988874576098517,0.31815504367449343,0.3556593290265524,0.34087617820045474,0.33828997694885254,0.38299896887736556,0.2955396187686937,0.3768656078382369,0.374349267060931,0.34735275454472386,0.2733131011912861,0.29650560853472724,0.3897508762776208,0.2967141602373517,0.3297100978140898,0.30483213281444693,0.286011460462728,0.27998148712677107,0.4677119087694822,0.33222826433916475,0.3414299730189323,0.27704542043245806,0.4195898790978885,0.42954167099577656,0.39687047633805045,0.4223222212947722,0.34185998135743595,0.325426603676857,0.35539403120900864,0.37152735614322996,0.3299347826245548,0.34919621082826446,0.44673149210819824,0.37157960346046776,0.2987835318342975,0.35266576246193254,0.31174392901125575,0.39593197989942325,0.3420783204866537,0.3132171672052575,0.3358859308384927,0.3278144478775339,0.32342162200941765,0.34779682590733363,0.3483329566371803,0.41142561174477765,0.349762612248484,0.3683157016245213,0.43426538258568936,0.2818955906449056,0.35619404341055605,0.3004261732119389,0.3385524057371776,0.3647994870106535,0.3852273578054871,0.3199994676247858,0.34824766587675726,0.5337421448344287,0.366049149954984,0.3674746162630368,0.3738291221439093,0.3765294962490146,0.48540916339828066,0.32040752907818143,0.2927978320534013,0.2928675225978939,0.38321351277604215,0.24916493137910173,0.32216776938085046,0.37807395550750517,0.3422753002151859,0.3972949199069782,0.39574844665845876,0.47388280103196684,0.4885881095722707,0.33517387498485496,0.4018986540946928,0.39102055617353965,0.3665315451296645,0.3662632537141702,0.3291750138565208,0.3228292868031193,0.374433578257481,0.3702551366406877,0.3107645717905104,0.35164466109799486,0.2864627103173472,0.4213464051439737,0.31891252383354707,0.3574540944130464,0.3320524324436366,0.3596764279787129,0.4433621759223754,0.36033015517341316,0.3633516244045909,0.4023803302806165,0.35929117606340066,0.3779839344122344,0.29906069181987205,0.375277660650396,0.4083816596589076,0.3720570650445782,0.3744546686235664,0.38615264533713406,0.35625783553329504,0.28448234879181034,0.3022593099674097,0.32737502485730835,0.34907318162513146,0.39786534395443635,0.33072771721465516,0.3418246935291241,0.3300231121169008,0.34189767242019475,0.31465023896199856,0.3712682519180333,0.3660125988268902,0.34127257884509593,0.3950333618043773,0.3281005599011378,0.3455122902256588,0.35945162195416286,0.4528594547994891,0.30686335806036963,0.304959397501387,0.35119107152428514,0.33537526349191127,0.3862423433218743,0.3287683705765364,0.32310953182407937,0.390116354504987,0.33270357916020155,0.4114703221723728,0.34026923506282364,0.3707280958280456,0.32475558296850005,0.4163708587730622,0.26716109400647176,0.42845848831783817,0.33056107669332513,0.33577627797719894,0.30976743328209655,0.4204262016870562,0.46814144194683716,0.2940547105148331,0.3925482859904237,0.27918871551175384,0.27092153919513157,0.32940236959265706,0.3799657703268467,0.309839032433314,0.39315269970813965
0.35134106799594056,0.3622489005995496,0.2966810978882821,0.282141985720454,0.2819477107343006,0.37151812741969364,0.2582536664546298,0.39937521788597174,0.0,0.3396281941159857,0.26965331230248485,0.29037975099277386,0.3082147297201058,0.3593093066263369,0.32033271902924715,0.2813852086399471,0.27370753905762685,0.32782269866674657,0.25822298647620023,0.31382454658758546,0.29714295961384973,0.37381865306205797,0.22945221063646376,0.23412256584758404,0.32003652503455743,0.2487320264800346,0.2934134383634442,0.24955588072947368,0.26750743820492034,0.31122665520085746,0.4136079796140973,0.31702996812897555,0.3092685104535625,0.2294512406432158,0.34284866366243366,0.32505492880096276,0.3027022610820573,0.37761035233608703,0.306901430505344,0.2568322438776764,0.28022610752269117,0.4252294925265676,0.2762400215502639,0.29662257760259847,0.3100182795248155,0.29533882909667253,0.27900785516780735,0.2696931258448048,0.2544355555477464,0.32089318411425255,0.2939295824277196,0.2649951907515016,0.35733490230908754,0.28780213439232966,0.27126193528688564,0.4511651582251568,0.2951131899624137,0.3299449747354782,0.30449923653643346,0.2855401780673488,0.3327351539542321,0.36009937838806577,0.29440095913778486,0.2847620899781851,0.35604871867875315,0.30862281863225133,0.3752965800155497,0.35196164015735476,0.3040531615793761,0.37178884133552154,0.38255078471187254,0.3147087235607952,0.380035318816141,0.29274183945194343,0.3854157652990794,0.303899807056793,0.2541393078887072,0.26733028782916685,0.30385931976179625,0.2746967400407973,0.34769583726182135,0.44815367687787677,0.387784024969544,0.3164093669324753,0.35464218879452414,0.3704454434309514,0.3875772560589765,0.35157633358370516,0.3334402596839691,0.497744116172247,0.3274419343343961,0.44342476569217365,0.2902379967571933,0.2763595146595877,0.42363189269258644,0.38892563592110196,0.365895843340017,0.32562730479279406,0.3596297922259171,0.30825249125218734,0.330370290778954,0.2874278020728428,0.3222502167413691,0.30462716385343547,0.40290290249314153,0.2988818031162775,0.2876678637526624,0.31701767589249324,0.29097501774854195,0.28546254549897954,0.24693528707521922,0.36603763496170744,0.39671253420719443,0.43659313233508584,0.2940684428816137,0.29977479833391624,0.31690324620525673,0.2557348732445952,0.24994292805995472,0.37271259495672404,0.30579149186098514,0.36183751429786537,0.30548206568125974,0.31315220076698563,0.4825533432166407,0.2825421467437356,0.35995148846119884,0.29790661861549944,0.2787683242070063,0.3184708203483239,0.52635696537345,0.3501554417431087,0.316941166143262,0.4325061734007399,0.32844920359674457,0.34546290897306325,0.27223116147635856,0.2794602996468323,0.27811219352389804,0.36121581310234396,0.3319821259610484,0.3574227402589111,0.38811016733693127,0.4331025348034107,0.3422833200267034,0.30298358527492514,0.4136055057292982,0.3397780410990041,0.3500416966141745,0.27585922767602006,0.33349541243093495,0.3508277884050464,0.27676463307575416,0.30552803675834067,0.3334875560045794,0.40417906284364863,0.2531515149166713,0.321468574377964,0.2891765229321327,0.2705669435576157,0.2984369657554129,0.377593627920283,0.42067724450598826,0.32403424701593014
0.44264983489962634,0.5074865890811643,0.3501528490413095,0.3868076683470342,0.37468752154438684,0.34436582303626134,0.36412792263504573,0.40262142060907335,0.3396281941159857,0.0,0.35812804564424855,0.3275369515059049,0.4172404054871112,0.37011931201089165,0.4288798702459884,0.33336452238868436,0.3447255508673935,0.48758400285983755,0.2902843140590875,0.3398441222547395,0.3311699688739116,0.3636717506678008,0.3619015195966665,0.3196410129519135,0.4808933579607865,0.2913214134167226,0.35275231560549686,0.2985343970058301,0.4164567942489243,0.3001365039944609,0.4839752079843696,0.35399952213114355,0.32666464534624506,0.28052154774108146,0.42358004712320957,0.37289571514398684,0.4617245629466512,0.35714781972781745,0.32325011063605036,0.3694085364940707,0.3170268107939002,0.4068673907582644,0.33388020498473886,0.3548899855309927,0.3892000999954584,0.3832224563954476,0.31001793760797636,0.36233747520116133,0.40372858732830136,0.33081071955583347,0.3867942589516339,0.28403703444152,0.35211903231347413,0.3765682024070972,0.3956699718754761,0.38544095631051684,0.33287496286933294,0.3373045673435594,0.42806368802723405,0.38329643098667254,0.39400960420784636,0.28871746352722116,0.28866670456551957,0.286761940462899,0.3590234534048331,0.33584237003117007,0.39858066980534784,0.35713742814422544,0.34990533940763574,0.46519443526172394,0.3508225378085478,0.4114388797120107,0.3131023539492606,0.4090057402127959,0.36136725116636687,0.3737170436633863,0.30952407186424796,0.4246031905945497,0.30192148905568456,0.29884385236519423,0.3381828034399286,0.36995172261634035,0.4058402743490551,0.338606542527004,0.34760722354676127,0.37154000037736884,0.39049849939820774,0.395590014458258,0.4021902741697604,0.35891562619029366,0.3844143529008121,0.3841839158840715,0.3979480508320698,0.31236823720475126,0.38505795159515804,0.4031488568262576,0.24764570074126568,0.3224074216857074,0.3166715227193714,0.42233019512088676,0.3878486299882456,0.3376474063536767,0.3204947297367129,0.3574681480553846,0.3414239284759913,0.31886915009227407,0.326029223665975,0.4169087846055717,0.4041983107600512,0.4185085249417808,0.3190557772484671,0.3430859923462993,0.40051429605990246,0.38388886822892015,0.35724212971320984,0.3804729643252781,0.3615591621548494,0.34212277795208534,0.29615130077128116,0.35962841080438185,0.3447775421394835,0.3351290625673681,0.3012868526764012,0.4133031627128012,0.3297305756469495,0.41672777080534873,0.31510051336532835,0.3780672930555752,0.3501419686794925,0.3827764462842196,0.3898772809231887,0.2911065746622058,0.3519622296608307,0.32683301056967623,0.3519147806128179,0.3282642146716862,0.32404124495993697,0.4066796455512466,0.3389733622328133,0.4164455273028723,0.3493965622264841,0.37471443957147427,0.45576080952869163,0.3067459066264841,0.39999347214527237,0.3505732449295387,0.3161153442436232,0.4221656084256625,0.43025958663371766,0.2463763967208983,0.35077848347297136,0.4174797884436143,0.3335145400396159,0.3486755621589093,0.37403602671884856,0.46624604843349615,0.30398504386138675,0.43371994886487186,0.3578787376757419,0.33210447264469617,0.4222633512108356,0.4312508005514622,0.3307951293336721,0.40809976648163754
0.4137085639930569,0.35220584894366747,0.3806218892517205,0.3713873395415233,0.3503583031553414,0.3556461096665442,0.35318265807263305,0.3475977191470947,0.26965331230248485,0.35812804564424855,0.0,0.4296581134798846,0.45425115899306145,0.2846464177539954,0.40216589988155527,0.4451725569889573,0.44203960629633515,0.3974388117443561,0.3390858761456674,0.31540707051568234,0.4068579156196953,0.37498843414715355,0.31309584716735045,0.3877467197581821,0.3767921502905372,0.3438543763646951,0.3440728433194291,0.35101563655276746,0.3812842496690767,0.34343262602447605,0.35297768242330335,0.41896155111142636,0.32432008708602117,0.2878904859222968,0.35512971666657683,0.3657715669561926,0.4560491425314585,0.34089059373973474,0.4427049037230764,0.4106190310772045,0.35952475063165595,0.33153888561637557,0.36784596193313024,0.42006162778391065,0.34056791443679074,0.3953109570264479,0.26378036620775264,0.4634862667111956,0.39244336588926826,0.3544422208614575,0.4806937051044372,0.3298703578938516,0.29912567899886183,0.40561215507977644,0.48067402094086104,0.26604809754559633,0.42562771511351377,0.44936204433402993,0.3497200616583886,0.42335748906430354,0.37734179835888004,0.2602664222337339,0.38207806525055854,0.25190490968386814,0.294561256607603,0.33564042861649,0.3443209573990903,0.30646443521663697,0.31649273011764156,0.3703668499783406,0.35734598989470684,0.31374776289644146,0.30952183021033924,0.5035886208648123,0.3987643406767574,0.33253590969127267,0.45038976450517365,0.37703658562156794,0.3030876722364833,0.31774891234643127,0.33146942906079974,0.30547185874389404,0.33401230890164374,0.31998753027659665,0.3283859457661379,0.32559089008392506,0.3372190399069406,0.32586384492746545,0.3704849406610978,0.28299202416713964,0.46034472848546987,0.27257755353082425,0.512728986909596,0.37451637189941617,0.3107700154127603,0.30586242748777875,0.23796446889516049,0.2538284142196341,0.24167493954691188,0.3807021921135171,0.3314768174267669,0.3796220341391185,0.28301652482783257,0.26345042829759435,0.3342960089612268,0.33401153499265046,0.35794350734638236,0.31454791877210786,0.3858733454775973,0.41963778751019654,0.45837074953132484,0.3173724528771011,0.34588917390888646,0.3223547964713045,0.37176810525328,0.40752917000526195,0.3430329776720768,0.367561510547611,0.32534758693771004,0.2784773843252064,0.4015797168592123,0.28331103960949894,0.28968985665661856,0.4894548921027661,0.2655687944059123,0.469413300311355,0.26770553533027963,0.3856079694041528,0.33357033087160165,0.3199794931033204,0.26698996974185135,0.35485903207314146,0.3501081463950133,0.3018502977365099,0.38423579739841085,0.3071488062552128,0.31471900624117566,0.3625657581373806,0.2979966760523149,0.40094844928108886,0.29592388025048166,0.3190119571691527,0.3243324801124876,0.2747266271843409,0.4029826705184798,0.26479126495582317,0.31833410152789315,0.3725018670746983,0.30191889918081344,0.2446914052214787,0.4359050440751495,0.31661209796650813,0.45207178208571014,0.30570964294885306,0.354969187726117,0.3552280066244719,0.3727865922440406,0.4192274776092179,0.311280099339144,0.3509887632839252,0.30882327969088275,0.33035744053648636,0.2541205225657098,0.5166834690619903
0.4117206190776338,0.35254080794287307,0.3156983858701575,0.3162092356209576,0.28321359565716553,0.41408060043462724,0.33888436482170886,0.35371372616952784,0.29037975099277386,0.3275369515059049,0.4296581134798846,0.0,0.36334446833385914,0.22442524698966393,0.34802882113488187,0.37992577404843736,0.3865370169910989,0.3185595386888163,0.4082300927791974,0.33679161000830293,0.4053465191555741,0.3188935735461807,0.294483318420471,0.3856685394319255,0.4386527210441065,0.2780400588619927,0.3004295244043599,0.3085369247004753,0.30992331800575523,0.365453611790692,0.38267608761379807,0.38631615115884055,0.2995674229989966,0.3199922778257148,0.32790924462750637,0.3078017824947066,0.38786699674401026,0.30677220239866587,0.3998477156083795,0.3468247318310878,0.3438653771612381,0.34161054923585793,0.3419031391094305,0.3811685681789773,0.32216684484822494,0.3672931254477639,0.30580443124867457,0.3625629128445585,0.34433072282116794,0.339732090000709,0.40460695563973487,0.35705708600246866,0.2713843287566286,0.3499156456224706,0.36962711462108877,0.2917615723247043,0.43011120968416616,0.45250457719106246,0.269819174712277,0.350923664356656,0.30426556608337285,0.2409284450172809,0.3589151070404012,0.23523541978265367,0.279092624803246,0.3350986855326614,0.27780684487988605,0.27333383612444523,0.253695615009355,0.3214429719677073,0.3114864760568388,0.26265256400082343,0.27856078471116114,0.3733343113117723,0.3589847553929124,0.3151292654064433,0.3210746928108533,0.31099313124633776,0.2836498233678399,0.2927825251610678,0.3056477097558657,0.3040972159859937,0.3313929180311707,0.27846098738191005,0.3251806473001034,0.34251823740306525,0.30119103103448364,0.2906870835881539,0.38972855565519926,0.2939049107971815,0.3613458882782819,0.30345983097102486,0.38549594765396455,0.36777314973306713,0.26371940521235915,0.34802032653328646,0.23043114602780118,0.30997989934355746,0.22313009385874985,0.3394539139859946,0.26991988794328386,0.3223494642321971,0.29907398845626765,0.31365823870944637,0.29459985921879733,0.32781915674422835,0.36700365948950414,0.3244264075933636,0.33260528107045334,0.4539948940549925,0.5031682903046353,0.3138847744879794,0.3102932805297937,0.29268544276297853,0.31538152040624406,0.4167122078172261,0.35637438974340174,0.35760041292279393,0.34091837604206243,0.24955937642515955,0.3033232901656182,0.2698515282820197,0.2904023915255463,0.40757104856209936,0.24563589559024965,0.4261950541736031,0.25721728773600466,0.3425505025484336,0.31980518875695957,0.25796942001579615,0.2882056653916382,0.3090117124627298,0.28369011032014824,0.2979712386751503,0.336350043331931,0.26715981944323386,0.36761389851632365,0.315948784549083,0.2625471458406865,0.37832021587711967,0.251725897662189,0.2819819661156054,0.31941023415596825,0.25570353235132015,0.33893278128307275,0.3134909920456884,0.3691675845891881,0.31884891983159463,0.3360559294125892,0.24064870733600147,0.410318673894085,0.307958104840949,0.3666982165993262,0.2831431245152204,0.44279819895966716,0.3124986592573356,0.3357445681728142,0.41923678725658203,0.26681925504240334,0.3142540210850507,0.2443874141028366,0.3106153720185863,0.24050773643150694,0.4136124212066953
