0,1,2,3,4,5,6,7,8,9,10,11,12,13,14,15,16,17,18,19,20,21,22,23,24,25,26,27,28,29,30,31,32,33,34,35,36,37,38,39,40,41,42,43,44,45,46,47,48,49,50,51,52,53,54,55,56,57,58,59,60,61,62,63,64,65,66,67,68,69,70,71,72,73,74,75,76,77,78,79,80,81,82,83,84,85,86,87,88,89,90,91,92,93,94,95,96,97,98,99,100,101,102,103,104,105,106,107,108,109,110,111,112,113,114,115,116,117,118,119,120,121,122,123,124,125,126,127,128,129,130,131,132,133,134,135,136,137,138,139,140,141,142,143,144,145,146,147,148,149,150,151,152,153,154,155,156,157,158,159,160,161,162,163
0.0,0.5802265467981746,0.47962967497137704,0.5143479801698564,0.4818545327682377,0.5508176237114648,0.5437939200755303,0.5398953487667013,0.6142285752327628,0.5046173356165334,0.5909467185830742,0.5338246850323155,0.6187483869605815,0.5779036099953369,0.5641927296100211,0.5681119941118176,0.601591403470994,0.6924069813099799,0.5570397644809985,0.684394674850967,0.6080333125164813,0.5694592173292768,0.5295747128859956,0.5514242982576811,0.6427368395790759,0.5384162561343749,0.4889561943518877,0.5588710153597708,0.4626701243663144,0.5241999162615404,0.6320806868261016,0.60363309870667,0.4952276487776311,0.5829469272311217,0.6746662343296462,0.5489765331010312,0.6769281927865789,0.6093192741728422,0.542062733082641,0.5365628795375106,0.5162313238006365,0.609253774538004,0.6017381770861054,0.5913244735978901,0.609101093089282,0.6140368281984261,0.5142954701140852,0.5471236777791799,0.6241505061195264,0.595467343770881,0.627008952928482,0.5745437634230661,0.573073316739042,0.5623575333460467,0.5409878113914421,0.5747302923899402,0.6787085187940332,0.5483832849478077,0.5786449952353583,0.5970309987523446,0.5541404138427861,0.5266538604894789,0.5744553504533847,0.513404902028316,0.605776856379375,0.6197502272969303,0.603750832454176,0.6007016922972459,0.5556057121799811,0.6057295804997875,0.6423758055644782,0.6029210702696332,0.5948491342016767,0.6199886294896085,0.5980316305326517,0.6443894262885156,0.5338639526426218,0.529218173901987,0.585261618414508,0.5116178792787583,0.545134424725181,0.6299769050725272,0.5858483805699274,0.5633429927154404,0.5996893564041342,0.6158264783135088,0.5779603265667298,0.5977487238149345,0.6108937173952999,0.5850921142734813,0.6040437746721972,0.581770755261108,0.5695406504920115,0.6454627643664275,0.6057369174668076,0.5457995282021579,0.5113848002630647,0.5468326369004424,0.5383947635221755,0.6048840512423354,0.6107406241145358,0.5021097887326799,0.5306247396184427,0.47530492541546565,0.6077986311970943,0.575820369441467,0.5436169239799997,0.5912132241837668,0.5609700496396414,0.588322110876987,0.6048783353420841,0.5941134756881934,0.6186956212985287,0.5598458814728657,0.6275975442473927,0.5911761502038906,0.618328825531473,0.5243873368865997,0.5088049626005865,0.5596219788273162,0.5716006946457834,0.5022043884058903,0.6266954152518721,0.641277447762588,0.5799906790569793,0.5293237291932328,0.5258803780299194,0.5354161066924911,0.5361158819713026,0.5545365577175685,0.5512415501381391,0.5319707368721658,0.5712557699319212,0.6256626824674846,0.5878398729264205,0.5601913248418279,0.6084276704887527,0.5641131416202274,0.5230654991304947,0.5976795959673248,0.512368317716551,0.6024512618318814,0.6409787747171384,0.5310277470406403,0.6412450757597355,0.6117936934104781,0.5625064787107953,0.5351756249371278,0.5649736608722431,0.46845401249222896,0.6805470564611357,0.5741984186043454,0.5880964221627907,0.4699001698335566,0.5826132607980232,0.6670431226706938,0.5224853589069314,0.5642624478065665,0.5154547588917344,0.5708504667530128,0.5201005513661134,0.6538039428712236,0.5130211395812213,0.7211075873130406
0.5802265467981746,0.0,0.5667209980241666,0.5409110395303501,0.47167735983072445,0.5599823116774382,0.5570452576546489,0.5489780090238674,0.5323181457823806,0.6631308654835242,0.5824927222098524,0.5843916703982454,0.5915171690675729,0.5747541155272152,0.5938655600577939,0.5566089586542639,0.5918482737729412,0.6006762120160338,0.5336293704028588,0.5735663197512355,0.5957549577847903,0.664909463515658,0.5289700984270937,0.592133516670603,0.649520271381745,0.5039371864593034,0.5190711225730541,0.530418460994739,0.5968012618289975,0.48297673188767376,0.5849262108423718,0.5464604811936948,0.5612428881425128,0.5263057660386361,0.5873972638728474,0.5793485634361861,0.5788004441358576,0.5728993764639048,0.5510321765041848,0.5760343398366001,0.5912034960082004,0.5799111460195585,0.517576909026502,0.5593458502817865,0.6132689556461525,0.5704199239101526,0.5124031363209578,0.5247033206074375,0.5751560352131654,0.5364033729883032,0.5501223709615954,0.539006187037837,0.5572802120478982,0.6322790716763458,0.5619426103882024,0.569078087963643,0.552564379952767,0.5386960871982374,0.5743333228116732,0.5718568464503739,0.5484953586115138,0.47590090240911515,0.508541484192411,0.5150266451541398,0.5102505350667662,0.5149113402723303,0.5658996797268024,0.544590078586992,0.5397619690168917,0.5557667561788532,0.5434435751674277,0.5459800505076019,0.49895816132689147,0.5941816032504165,0.5936647564882792,0.5292796659789011,0.49382095105439805,0.559984761821172,0.5313341307522004,0.4576291161921194,0.5418564876636744,0.5424783955395339,0.6182303814154968,0.5589191940505112,0.5129593035761104,0.6356160271210147,0.48680334503154754,0.5029392658126984,0.5617032440907972,0.5868121424196411,0.5355862936961308,0.5586790577411639,0.5696983196641009,0.5226450602952787,0.5522294400655885,0.6318416550942862,0.48613419707370675,0.5647040325305269,0.48166357949764904,0.5804532133089891,0.5724167487973222,0.4615709739981331,0.4810408652451521,0.5518757689435746,0.5217756186410425,0.5454260293201415,0.5262078960247857,0.6471519274099439,0.6041072323447964,0.6331162038577353,0.5627910595412116,0.5121900786578725,0.5308124692352387,0.5312049143448462,0.5589948987885306,0.5921540639044378,0.5635470421595086,0.5130156196347059,0.5445656178939003,0.5340022627631414,0.5156006863365872,0.47372348172919476,0.529367371054779,0.5991213865960652,0.4946632416897706,0.6266720145363431,0.48658299876327793,0.5494258606061664,0.6375755673581189,0.5625520662278558,0.5650919464558338,0.5071678705914062,0.486750113061292,0.5481420701632583,0.579392266304343,0.5124160457334949,0.5849674080814361,0.5731371123246002,0.5937051607385126,0.556283812081235,0.5481245877704825,0.568570105584406,0.6042083171788332,0.5227540315582729,0.6190028641280165,0.5200639512584924,0.5593710001516846,0.6011985013407778,0.6497379268898673,0.4892768604911025,0.5239460544718583,0.5925223405992655,0.5701813375604939,0.5563527447886827,0.6314757279838485,0.5877460481136478,0.4990288909294753,0.5919108751727369,0.5220914067825171,0.47835331986554713,0.5872721711643644,0.5456361692315982,0.501813396369549,0.5699757775515748
0.47962967497137704,0.5667209980241666,0.0,0.46328152539712214,0.49855709109780416,0.5573190592423034,0.45724600965313794,0.5216369175207265,0.450620015194951,0.5624244634258463,0.54427747576243,0.5216429284573699,0.5512565673451594,0.478877129745497,0.49547168393591884,0.6026130841454685,0.5643186129675057,0.49591047693266993,0.449416588349691,0.47782797282269457,0.5932264642235877,0.6458727832129979,0.4301167719787066,0.5093026651169805,0.5184069559747406,0.5283587589486166,0.4399714228903503,0.4378141557494384,0.5306012099363563,0.4539474528043845,0.47363579843102366,0.5084176137101595,0.48660185405428713,0.43869346038767915,0.45686304817855494,0.5345392992762223,0.5237577952149262,0.5231510675106461,0.5011588666812942,0.49342207352235784,0.5281446362308155,0.5263915005900586,0.5196209530627782,0.5118342261856116,0.5306554637541419,0.506914303984973,0.5335477139209805,0.54090128299039,0.4643079687411419,0.5082437690323108,0.5100472029293657,0.5283418654444304,0.465650814252127,0.5653593050364701,0.5101797287162172,0.4938836301393858,0.4818211394904378,0.5612639840444624,0.4735294620895726,0.48762099322672187,0.5068086015193208,0.4771674846355822,0.5353892474130125,0.4697934010460445,0.44940129199325357,0.47359591294848924,0.4826110075591559,0.5617351342704467,0.5355326359261305,0.512914481775366,0.527634192409498,0.45065159555933754,0.45074699522228434,0.559689183431537,0.5506104242528321,0.42476201745960707,0.4898273188940069,0.5606377304457252,0.48861038473282925,0.43342179137073555,0.5353399095573758,0.47580491860057383,0.5656951816835997,0.5281018108641653,0.4652139508425861,0.5482203245309126,0.4612953708102356,0.44412920742806006,0.4655398010548368,0.48961039304013315,0.5162510421245796,0.4550809347147035,0.5128339267510028,0.4345794459438658,0.478158605264701,0.5532821161249903,0.4665730241126802,0.48760453686538663,0.4281142530937861,0.48017703711429544,0.457102718085617,0.47215769063878965,0.43493263519059217,0.4840850728728645,0.4700472050234714,0.5640952467993491,0.5272496200460447,0.5332520041765583,0.5340298144573604,0.5530053654983628,0.48920709108821636,0.4679572831674336,0.48094105909892776,0.4715250828066412,0.49034959349166957,0.523626504109073,0.45468766358423546,0.46618492386574895,0.5527589709816239,0.4651006657470822,0.4904251791717906,0.46093800998422924,0.4639758056496928,0.5197941478429018,0.4151611701851963,0.5604813034301362,0.4672070273459676,0.5671478434393441,0.5802665850379466,0.512227895042028,0.49356651605678076,0.5700868429365205,0.42726341645378013,0.45994036906013336,0.5154394009151221,0.46502456780273893,0.5080139118821123,0.4806997370590294,0.5073989055226468,0.48470837774036846,0.4561322138521956,0.5394082150984518,0.4810864649420557,0.49042523324983234,0.5553979570616607,0.4686135243817846,0.5491119323053821,0.5613755338631241,0.5669715968979228,0.4880634780514528,0.437764681692625,0.46728522176102294,0.4962387280855005,0.5754107920473207,0.5531520972294125,0.5049920789163865,0.4263620918995681,0.5737688788438324,0.4102628815722146,0.4316646778818411,0.5232832217515958,0.4371437602712123,0.45149342818182514,0.4880982959853055
0.5143479801698564,0.5409110395303501,0.46328152539712214,0.0,0.4349227354896179,0.49620133298314556,0.5578277953622207,0.5202984442215486,0.4549497510340221,0.4995251793220793,0.5327715157412343,0.5088145287422071,0.5169652734232025,0.5182724452767343,0.5518787900835063,0.4782395084797714,0.5221349177535427,0.5411896509087383,0.5042899766884511,0.461543143525529,0.5185718834003396,0.5041193080516095,0.5172482209170889,0.49634070411176134,0.5334340777025462,0.5278222967423004,0.5129410307793709,0.5275848662568179,0.4831332396414981,0.4264871560078163,0.5124529554573781,0.48139230522755033,0.7025380546300778,0.5199134682934681,0.5290052391214439,0.5482151494634507,0.515273512092818,0.5116451937291085,0.48671103245263914,0.5526354742914198,0.5807740496934087,0.4759021442078363,0.4866503710383335,0.5353410550492403,0.548345703101036,0.5251390640004141,0.4382377412934262,0.4654674037809593,0.5236139236464348,0.48745078740674047,0.5633284982410511,0.5447453332206659,0.5032867584360431,0.6271506756032184,0.5507662576310717,0.46149443574147064,0.5055042919315779,0.520795501890108,0.5091078811380161,0.5277580256936294,0.526748658153407,0.456499782883462,0.5205611990270363,0.44247405178941723,0.4630810025464463,0.48175823354007763,0.5315084050864803,0.4758852370210337,0.4961510474754183,0.5439664034079476,0.4914378598078596,0.4903671151738113,0.48894436769887983,0.5699142760228536,0.5236733221096179,0.479655305606755,0.48823275670347016,0.5044398146571373,0.5296608876941186,0.42129790280719687,0.47393082114145624,0.5217038984747167,0.48515541604164497,0.5204240719038743,0.5005796271412808,0.5263436163990055,0.47355594003784596,0.49886891513229104,0.5311791020095978,0.4744446989112662,0.554594546405359,0.5346838483144517,0.5203064151277518,0.4828491811814046,0.5281610458130945,0.5294913584798836,0.4456889275843938,0.5137577947440227,0.447384816054257,0.5946087006835313,0.5048254600652893,0.4547522849417599,0.550188689664989,0.5211837666420225,0.5168024213311905,0.4871580344740765,0.4928252224825059,0.5220874975635705,0.5428570578921122,0.47050013981059613,0.5587415356358638,0.49659440276962585,0.517607307252637,0.4922982824045073,0.5860845273397586,0.5449790280273744,0.5104573551518886,0.43303376384778414,0.5378543832175553,0.5343272969910662,0.45528729449842753,0.5366715240372316,0.4617609209182423,0.5440120228880017,0.43516131309678396,0.5513725853013848,0.47539426458523226,0.484672424470352,0.5544984630425459,0.49948304684259065,0.45033367679498765,0.44699504203831436,0.4696069489955787,0.5189429869887646,0.4693681616102216,0.43010478133804175,0.4465314193260699,0.5495345971570931,0.5165186955662221,0.5013068626529632,0.6274311686280317,0.467444933092844,0.5516795092424802,0.48362015287283716,0.5131380338185059,0.5060474586718366,0.46861526226937583,0.5114701471880567,0.4793529042266074,0.41548534788623165,0.5273697717279093,0.5370443427724682,0.4970116417801909,0.446472979776786,0.5772125866258954,0.5038172337511985,0.44898107272029636,0.5360749433676427,0.5960976391301942,0.49717411744067475,0.5200041052496159,0.49437316084736654,0.45474336117224995,0.5215472676163039
0.4818545327682377,0.47167735983072445,0.49855709109780416,0.4349227354896179,0.0,0.4584215470349125,0.5045448769741455,0.41790254041634345,0.43681075410009884,0.4290966540770881,0.5003127534443278,0.4929296446189347,0.4556655919014307,0.4335204632617488,0.5172985147355925,0.5163380229531631,0.5114706060281673,0.4828711857456569,0.443133695629022,0.44167454053019156,0.5504843509428198,0.5309494342368938,0.4444244104659754,0.5197075270302316,0.45459427794025586,0.512857604147695,0.4061407361242733,0.40479763457755874,0.44796669707924586,0.5033648476664545,0.4584643740558574,0.4617745237474609,0.45840843165161,0.42404798486264295,0.45642072438883985,0.4845672943107929,0.4797801798170915,0.477920803459263,0.5003784730368147,0.4780757367299295,0.5135396756363457,0.48844864054131687,0.5263782369273461,0.545782432647954,0.4461197438148214,0.48155147510624646,0.5771282258635939,0.5030544518154343,0.4784605755371206,0.5138608867996362,0.5343236817589335,0.5278260649762662,0.46328859781082926,0.4987624190527621,0.4742616593072585,0.44349191624801587,0.4934629085982005,0.5259682791980254,0.4388317155415416,0.47373174185106126,0.4044159521761197,0.4583276183169543,0.5034315142023813,0.4330398259138452,0.4672040106054784,0.4365823167494934,0.42276296067321895,0.5222693784809284,0.45447524044457643,0.4376754716949486,0.5149818243986639,0.4469532972279648,0.41326442163510974,0.4973682923341238,0.45065910735372156,0.4223425900971012,0.4619655672295729,0.616336479362504,0.4551493062610784,0.4488496225220371,0.46653092503657306,0.4751425970289069,0.5511742426771419,0.425063863911538,0.45494304242219974,0.4728461157907593,0.4021842743905371,0.44298866139707843,0.4244190865045409,0.43714514826902,0.5818535928399534,0.45357553774097686,0.5475183740951455,0.4393454938174332,0.46344117196147144,0.4752697683691386,0.4052649302157329,0.430235745044582,0.44121384101552286,0.43223039957506093,0.43779208652018636,0.41463356048368594,0.43210481169431547,0.4265245463528412,0.4471993418494466,0.508804029261181,0.4553799663171137,0.4481827850032714,0.5153978408126386,0.4811393750525391,0.49827941636366585,0.4810305467000169,0.42155021291274775,0.4218955797832143,0.4763446929622705,0.4989798714252539,0.4339046529435025,0.46039350878642227,0.45954676411390794,0.42828377291472874,0.5849719891433686,0.4210062198915046,0.43686471360231705,0.5426566614596654,0.41689269176163,0.4795613899301344,0.4382974733289681,0.5094912903322097,0.4569031599867935,0.4757183611844975,0.4276612131611109,0.4840552907259176,0.3924998909743377,0.45810479470704796,0.444219607196532,0.486734333026594,0.4997511722975443,0.506235116947452,0.4332528452250678,0.4877870565910858,0.40966157858437036,0.4838724475828191,0.470812246176059,0.44640337422605825,0.5086417968455613,0.47015563383521186,0.5559871962467428,0.4910285403187903,0.45372106653318184,0.42019491659720365,0.4357203606512172,0.4541400330666912,0.48900195737923347,0.4879453100776328,0.4887448121042103,0.44712169243347544,0.40552862246684224,0.5145904667164741,0.40812964679066677,0.447376796399481,0.4389611733515093,0.4364863135993228,0.4225881455050353,0.536517649550186
0.5508176237114648,0.5599823116774382,0.5573190592423034,0.49620133298314556,0.4584215470349125,0.0,0.4722390737121353,0.5420658498777274,0.49977415465716735,0.5414340958814562,0.559513474300462,0.5792936356107191,0.5580248442231561,0.46571198668348324,0.47429316719088743,0.5780352029791036,0.5637923467321305,0.49725750507577404,0.5336053079300324,0.5041235027647738,0.61253610243921,0.5426366392212875,0.4390279399501741,0.48488755155857355,0.6155946007710242,0.500265741557029,0.4159772000929188,0.48018674863636934,0.4827001824505079,0.49187310560242314,0.5296920030197201,0.571416797856744,0.4841855376421792,0.5012527020028477,0.4941958824236843,0.5060268111857954,0.5809113832103961,0.518406138516718,0.49643892996831274,0.45554407433836436,0.49181690640830633,0.6061352490464459,0.5226869601506081,0.5726124374927022,0.5172706399282232,0.5017466707801737,0.5009673908108714,0.5595592708943549,0.4845147815407399,0.48575977226841005,0.5410446165993937,0.5836448115181522,0.47728113995107263,0.5672216238661214,0.5118469439501461,0.5750547147970715,0.5177211192947179,0.6243061410681372,0.4634994113355891,0.4771293385278872,0.5502194636240105,0.4865708593398537,0.5846255804051103,0.43815285874080123,0.470092971441043,0.5124354894158378,0.4946474489231899,0.5606047307008756,0.4822874905234074,0.56988564051248,0.5441456910980648,0.4523506732571886,0.5067632661355953,0.5518159659213616,0.5892793785417748,0.4936467076088467,0.489275519189689,0.5227787697442865,0.5054997088709595,0.5150708617854066,0.6182899667627878,0.5207459098446184,0.5795727947718515,0.5504766023744393,0.5164918304513296,0.5464759703859973,0.5624463429212933,0.4644715287373006,0.5182220738215788,0.5193593672321679,0.5291680548856952,0.5161540595536485,0.4997067382798657,0.4918321146056576,0.497688329530931,0.6059888107742036,0.48608964747440153,0.5649627128427198,0.4506247514679355,0.5102444487995796,0.4775329221267767,0.4856132858798516,0.48265211824397863,0.5116389146492086,0.5054049921784439,0.5318554865716871,0.5250495683367222,0.577629551538134,0.48410149068910396,0.5897310940474455,0.5766701712454989,0.4843654021120757,0.5851041267460789,0.5021350383145253,0.5095108719807212,0.5327883216093234,0.5462654949490762,0.4615468248080385,0.5993534153389423,0.5091096058659864,0.4616475045365434,0.4958440630605911,0.5399092999020674,0.575303036673785,0.4656137399716488,0.5634662109544293,0.48056957739686434,0.5091464430442312,0.5732789574250922,0.4571927201041257,0.5417749321314494,0.5784634942794696,0.47073003782508843,0.5244230614765221,0.5191415831097137,0.46138638041616165,0.5306083568156054,0.4500423574894394,0.4453493758629718,0.5055139946976835,0.49405432697982327,0.5612942800897212,0.5152725907346016,0.4940358480971452,0.5709132699958218,0.5053914628807918,0.5429652971208774,0.5382905882835205,0.5712882814205955,0.4803287745924873,0.5136545257227493,0.527427160695153,0.4788614060185439,0.45037164837479393,0.6353987148767838,0.5406484373506651,0.44680424410563024,0.6393462235543028,0.4354460824546019,0.49114191361217585,0.5047797770105421,0.5277652621788093,0.47695171754218374,0.5399007550893729
0.5437939200755303,0.5570452576546489,0.45724600965313794,0.5578277953622207,0.5045448769741455,0.4722390737121353,0.0,0.45573400261408126,0.4530695174337276,0.5146017998946097,0.5478496070737302,0.5496304789140694,0.5214485312149867,0.5008605772229076,0.5944638696863253,0.5044241466354,0.5400171533541961,0.5559775015332533,0.5179905067640778,0.47780922813053817,0.5240760087295274,0.5194237721850035,0.6339299326534851,0.585065387695505,0.5503597467865103,0.5001350631665491,0.5143670389563705,0.5244016576065098,0.5064240307079585,0.4961559969171664,0.5211469314820532,0.5232766178061824,0.5452979087246401,0.5593625068983485,0.5295998135562338,0.5055610302981326,0.5411331953857148,0.4770012097753351,0.5119796863377909,0.5978509863473794,0.5206829904383304,0.4974449849292281,0.5027417752677524,0.5459886825193936,0.5253680150062486,0.5443704183869864,0.49136079439122254,0.483445391315822,0.6626148653585427,0.49709957428669843,0.5872659888907366,0.5050105234044696,0.5022176570656119,0.5666242710340784,0.5625842770030818,0.4697126367607127,0.5293372761226681,0.5007061146564862,0.5355315883534029,0.5527123553458297,0.46139311329701954,0.4426718502542268,0.4675366501297994,0.44110979117218246,0.4753880969795821,0.4665191816622033,0.5067872636138293,0.5000203018863244,0.47184013698817523,0.4791705193774749,0.4876601976677818,0.5001471421606344,0.4508108831150174,0.5695179481155882,0.4747128127125635,0.5267411213248,0.5214896064116246,0.5965254442489893,0.4735755917332912,0.4489882201870908,0.45019118642591627,0.4934981931713166,0.5434996575589106,0.4458987573765328,0.4773018333040546,0.48838819928938976,0.43054204638288146,0.5128362985273421,0.5275022682527363,0.4747814090925249,0.5575803533461524,0.5284812882603284,0.589468544494658,0.5138866534235946,0.4996662185085663,0.5160076392536066,0.40545302414657725,0.473981034759154,0.4442979788250632,0.5586380122286768,0.5152890551166596,0.43880911560262553,0.486511580173245,0.47234753634629173,0.4712931638531323,0.4948466414671537,0.4756688629967167,0.5102096538870708,0.5856039534328605,0.5258211881956053,0.6175628277911083,0.4808481985736071,0.47254825813726875,0.4597147719804331,0.5260644496889935,0.5490483005445784,0.5136445041305605,0.5127928209755516,0.48547193332191857,0.4675065663766765,0.4988585591949328,0.4378964789932162,0.45987687799023086,0.6180989628255628,0.43340775436292317,0.5552680230937582,0.45455806516605246,0.5148766168775611,0.5053307845854449,0.49321794566593374,0.44849406938331915,0.4320577421832945,0.44554452993096655,0.47372581793603386,0.4616691462357264,0.45263093745954347,0.5093170468000251,0.5766604844727719,0.5029152299285793,0.518519689422871,0.4912061084976965,0.4848775313388014,0.5650619368890435,0.4481799403818367,0.520475741244981,0.5264820777028434,0.4772917019721067,0.5268062877120634,0.4855978756684532,0.40060419252241586,0.5019440668041797,0.5264662730477683,0.5253507305437524,0.4963999676112184,0.5343557322617002,0.4934384244783879,0.4961885562166941,0.5489470224760603,0.5396038427868821,0.5399425990950331,0.48321236004279555,0.49112015769321565,0.4337321879059446,0.5487918132947078
0.5398953487667013,0.5489780090238674,0.5216369175207265,0.5202984442215486,0.41790254041634345,0.5420658498777274,0.45573400261408126,0.0,0.5545221921414835,0.5335520491174396,0.5245197726836458,0.534259647347048,0.5770135192737982,0.506148003353267,0.5195498245065543,0.5491658503306442,0.5319982360025928,0.554448651149622,0.5077013957515758,0.5383141529997053,0.5467445696854898,0.544380974834288,0.4667554051090363,0.466611661187737,0.5772033293209551,0.507411250387348,0.509244829929972,0.5058274398369706,0.44865745928914774,0.4739426785405225,0.5914447437905429,0.541600412437337,0.5106772609954731,0.5097302213071014,0.503845126293642,0.5580256720768488,0.5677553267474404,0.5857126455146553,0.5326317355931437,0.47814206625765493,0.5073522086520188,0.51794911894736,0.5545917526193987,0.4844265020049298,0.6641171040795145,0.5764351117394015,0.45762256284828445,0.4779050243144553,0.49135487297291497,0.5292745796073862,0.540399832718363,0.5031578541697329,0.49441795200541955,0.5526838592130963,0.5261883368840942,0.5123963821055529,0.5338265509389066,0.5802068829317731,0.4949640134475498,0.548215729998172,0.6342374975162623,0.515627397869361,0.5538599855739093,0.47204069928355175,0.4868074771073282,0.5457379999394417,0.5567811272599484,0.5278667500517431,0.5645196283157015,0.7509252138339257,0.5506713701926368,0.4948704597178414,0.5006267908389324,0.5839251723468136,0.6374687809833742,0.48857699855363235,0.5181861921424656,0.47673790483791123,0.6039867145595864,0.41721534838375307,0.5006152188525735,0.5622132352748844,0.5321469799782772,0.6041885465410957,0.521177584436388,0.6218721887575727,0.6080779484968302,0.5268431254721246,0.5975504331384208,0.5700071506848753,0.5229826732943769,0.5221385265253465,0.5027024202219015,0.48635884890937975,0.5143642299334832,0.5471348234681019,0.5538308834354958,0.5284665627591989,0.4546479203486801,0.5667656487354057,0.5113387922356156,0.5931433953768289,0.5044113058577017,0.5055367754969242,0.56778824279611,0.5646288384215999,0.5729303165076894,0.5551141081875356,0.5188054096428542,0.4911849045038496,0.4991876536573168,0.5132860478898784,0.5300498884166458,0.5816062948668199,0.5569241976523909,0.5286934073923545,0.5080181779656433,0.4693379667440066,0.47751473046786785,0.5345076049927808,0.4619242946012798,0.6091907461404424,0.474382880336101,0.5284392454677687,0.44526186697201725,0.543759263787819,0.5007881762999494,0.5851978826237716,0.5447989016310266,0.5249258392763114,0.5520532069548448,0.5373715793384759,0.5309551713364821,0.523194264351097,0.5444699185687656,0.4471106138075266,0.5033058830480839,0.48487789356455996,0.5317484535902665,0.5797850669539725,0.512983360078858,0.5256195686825077,0.5440477442888709,0.5308620194995503,0.5502362548376476,0.5125104390252114,0.5365504658073548,0.5478841507957642,0.5606277589698875,0.46880597503584637,0.5549446365372642,0.504684476938586,0.5280188377637465,0.480479406335236,0.5923836385005419,0.6248807110513254,0.44910263764538216,0.544922450448004,0.44272636174114893,0.46965163787957553,0.5057867738176461,0.48782635650966844,0.5026229922110617,0.5046358031220891
0.6142285752327628,0.5323181457823806,0.450620015194951,0.4549497510340221,0.43681075410009884,0.49977415465716735,0.4530695174337276,0.5545221921414835,0.0,0.4713399127034673,0.4732462075629391,0.4867717731550685,0.5026677501594076,0.5221104265522902,0.5040753334752949,0.4850301660857762,0.49984547829207226,0.5792276384141549,0.4931201556044693,0.5946676004174528,0.5294247079327732,0.5202763199674129,0.4556629402792755,0.45293180391940324,0.5515386144946012,0.460963544352394,0.45704806133695874,0.464972524174241,0.4112500132231147,0.497761594932264,0.6193732246115649,0.5091678774075691,0.45148035891166194,0.4790526756844429,0.5757112067349501,0.5250141433344737,0.5294475401605528,0.5923203340662867,0.4964396857309654,0.449544150870421,0.48158674764238035,0.5946939108183246,0.5256246518769867,0.48928397429378107,0.543002005204572,0.5334853888855671,0.4873402538512016,0.4502641052486835,0.4912116947230462,0.5517289670042796,0.5166822277123748,0.49954777775886344,0.5381140746468658,0.4842009928430865,0.458627537809528,0.5933948084370306,0.5565252521809197,0.5145345340098127,0.5053128660732615,0.5270251266105938,0.49362387473745056,0.526588322344578,0.5121634158790952,0.5103759797493279,0.5716116540669285,0.5405340238019819,0.5237415554253222,0.5293060389758895,0.5254017182244624,0.5822018304019961,0.5846859335337615,0.5444683146381724,0.5393126259389944,0.5109935055880954,0.5659856721336656,0.5254716406908003,0.44928768092064497,0.45631495816913054,0.5448052450870374,0.4327273300033096,0.5062720384944788,0.6572364808838316,0.5397404669661924,0.522394650397927,0.5551926903387743,0.6163880522477407,0.5493476532036077,0.5460152863918776,0.5486433353242725,0.6172404298259314,0.5343268307670594,0.5934694382526156,0.48696364199599596,0.5116306327740079,0.564725798460072,0.5146040713896923,0.5399200035497266,0.5439733753510985,0.5528199472282868,0.5187992297435902,0.5238790806417531,0.47286857310622615,0.5049425986657385,0.4724993266311603,0.5940074438693856,0.5194992810859552,0.49739948003545686,0.5379184165757099,0.4897879167479073,0.48657809186546386,0.4804577513483519,0.5690233968395206,0.526611166828916,0.5734602990843627,0.5279716284362311,0.5107126628668123,0.5388276603394974,0.45764355693727354,0.43971662540889184,0.5742481436131192,0.5070191931730745,0.5188119543801685,0.5301180880351581,0.5160290197766494,0.5608113373707084,0.45934238051408294,0.5194716338071217,0.4929480036118152,0.47934058997466045,0.5153643209917744,0.6331341806831555,0.5172817930564192,0.5046391866942228,0.6285782823808994,0.5324197489694187,0.5124835065787156,0.5237350847365728,0.48688019392872717,0.47186622695196506,0.5791137080109776,0.46626493203486663,0.54990294353571,0.594736807192802,0.5589456179454374,0.5504283227925455,0.5528172897273446,0.5902343728521571,0.4914795356707672,0.5407315863547979,0.47795778351440665,0.5771390351086755,0.5274231379490288,0.5277520493302374,0.45260202700249313,0.5391738455178455,0.6049856288725516,0.4269298677067266,0.4920946297580076,0.43985067178651943,0.4600765219073608,0.48318128490056084,0.5808865729746269,0.5562991047537009,0.5614993045562914
0.5046173356165334,0.6631308654835242,0.5624244634258463,0.4995251793220793,0.4290966540770881,0.5414340958814562,0.5146017998946097,0.5335520491174396,0.4713399127034673,0.0,0.5379441812076621,0.5665722017896927,0.5573670200435359,0.5200628255926223,0.4997459268291296,0.5488591254400179,0.5606102381559468,0.5294880140490282,0.5118994828630079,0.509384078732297,0.538660289454042,0.55859303772695,0.5140448722442195,0.49706000216457263,0.6426622729459661,0.46208857752806903,0.5056694408206556,0.5202670982414547,0.6083963925627339,0.4683226998333746,0.5244616949522757,0.5631329013573841,0.49610476434968215,0.5176866109120531,0.5030635723712062,0.5384390477386863,0.532231510537971,0.5171388799103749,0.4977889190029911,0.5104332981346508,0.5068705337816948,0.5359792918139072,0.49043115596360076,0.49458169844369565,0.5663335493074618,0.5209462721659113,0.4801208102559664,0.48795188533753675,0.5420198105879109,0.48605662576702463,0.5071629701210572,0.4785315614333085,0.4931835912353636,0.560545004541995,0.5557518511024874,0.5205756525979653,0.4945568440891451,0.5232488511461957,0.5438099233632919,0.5211622722772453,0.5261445102208414,0.45739527859616996,0.47177899478586105,0.4884030593031291,0.4540065577560096,0.478344810758304,0.5131974260756421,0.49612745204112585,0.5340631819446456,0.5315441523970887,0.47601575077453406,0.49054790973075596,0.46965747005202,0.5542881851512648,0.5628201420716774,0.49999276087633165,0.4872921843247313,0.5246857537065669,0.48332523941238226,0.4320059579968214,0.5072422684782778,0.4743022551516464,0.5416813253225405,0.522605002998801,0.48126542749724993,0.5376333406968212,0.47192590641139526,0.4859801628064633,0.5539852824761763,0.5019120002461817,0.488921133584813,0.5124934033602839,0.5334451143832101,0.4720589343535428,0.49357512471081405,0.5824857146641776,0.4518714001490948,0.5395420166492185,0.4438845334714173,0.5426914819017603,0.5114788367127383,0.47050900279295155,0.4656776071731876,0.5533086638557305,0.4836919702287569,0.5079552414249295,0.5206301088006943,0.6220781390447423,0.5412994396001326,0.5622827968778176,0.5276353101264233,0.46748220900959103,0.49859858178505995,0.5215667597512526,0.49599649828793035,0.5139862443018569,0.5373800061635532,0.5220648657654334,0.5374317822098071,0.49790568097191984,0.44825824860113267,0.45710070994724533,0.4784660764323101,0.5303242774673932,0.4376204189454178,0.6088412734726972,0.46707835997773073,0.5129553749604507,0.6382992448609438,0.4987142350387416,0.5435449173194555,0.4833311720636096,0.456994659270404,0.46655873779448975,0.5101284753379285,0.4454064999148649,0.5192733938680563,0.4865519805909916,0.5453748133999224,0.5150894792767758,0.5051211417171455,0.5499393849930556,0.5338923611430602,0.4948558016345029,0.5530666437254853,0.4931130296399757,0.47847872362302357,0.5780474912337391,0.6644053429629309,0.48824138355606034,0.4703709733885917,0.552526508953352,0.5106532350844969,0.5343409998191384,0.5917811283924514,0.5194226846629674,0.458701321564839,0.5505705723655431,0.46091264633634815,0.4689765671227134,0.5608953724065804,0.4905882083077688,0.47802755550550124,0.4784499720359394
0.5909467185830742,0.5824927222098524,0.54427747576243,0.5327715157412343,0.5003127534443278,0.559513474300462,0.5478496070737302,0.5245197726836458,0.4732462075629391,0.5379441812076621,0.0,0.5818651677479589,0.6398893831748231,0.5169482679752637,0.5672109496862691,0.6531096355663802,0.6170650891647775,0.5721768770183167,0.5513045150404434,0.5500760695406808,0.5955627597125716,0.6241665018938147,0.5137132336780861,0.598798627288308,0.6018441045069087,0.5388208995885081,0.4957059438798637,0.5578161846142149,0.565029605812413,0.5049473919348979,0.5466167622082914,0.5884826624061885,0.5225514627183764,0.5363535766735282,0.5424085643358373,0.5323109430728182,0.6646835061309471,0.548927266136397,0.5997470533782724,0.5534057078868679,0.5223023658822765,0.5146826483931812,0.5712828892692803,0.5988541011767172,0.5747204999031308,0.5482775188515789,0.4649389570349328,0.6506845538654036,0.602455935357596,0.5288623023432366,0.5971814357566106,0.5277144295532591,0.49885301081680355,0.6399383756745044,0.6570362438423207,0.4715592098786704,0.5778163153250719,0.5788350381799368,0.5181416653598071,0.5497932052322825,0.5861563805838426,0.462622098337605,0.5505662668392575,0.46035030297113194,0.48504559893157223,0.5179933163076905,0.5405176961864223,0.5503178362718185,0.5261117747374086,0.5778251642648368,0.5410935667460843,0.5075404097016143,0.4867868008558395,0.6314042457719576,0.5742643882265847,0.5196788778997821,0.5926302475534986,0.5822020908335198,0.5196604085827607,0.49564204541758844,0.507424302501468,0.5002512326080575,0.5729715347547262,0.5444650514783695,0.49865831264936056,0.5372955136654798,0.5225506516641273,0.5017468739328897,0.5302600151442152,0.4942077545156481,0.5553423007951452,0.47743411378392375,0.6182731228015659,0.5466960364397621,0.5079706969037912,0.5580741777103851,0.46308313306270277,0.47078048279789636,0.4412913699606295,0.5292341923005248,0.5680864180415217,0.514835490474436,0.4606224243722854,0.4687125631122501,0.50444583382639,0.5330610690150065,0.5286621260350409,0.544289428892935,0.5450918911993794,0.5997309515069608,0.6233148830987593,0.4948532454379389,0.5293906726298495,0.5054020737514229,0.558370561139992,0.5591507801792793,0.5142668412591935,0.5661960993852486,0.5380175600925609,0.4739057895528296,0.5306253893398772,0.46878801261416114,0.5047521485508623,0.6316593130556504,0.4635371835414921,0.6566904481568766,0.4529136975403611,0.5758901981436465,0.5657824801027151,0.5195747818573739,0.4691171009389303,0.5147691111070019,0.5313683950805737,0.510171890045534,0.5772067409433673,0.49500207441541955,0.5684160382565512,0.5407609083691265,0.5414833885843411,0.5475237784187554,0.5155056706509545,0.557654171639535,0.5245406720886021,0.478481089498901,0.6136720641857595,0.48780854663668327,0.5124950711749298,0.5528663295736989,0.5429163772642738,0.4503124828622416,0.553685964980571,0.5319333939563782,0.5829680379860516,0.47236011574825143,0.5652862417075546,0.5741782414168133,0.5684473804138537,0.5836200836590346,0.5074119140950969,0.5458227778067863,0.4910126032822387,0.508894618961009,0.441188222306201,0.6143429271506515
0.5338246850323155,0.5843916703982454,0.5216429284573699,0.5088145287422071,0.4929296446189347,0.5792936356107191,0.5496304789140694,0.534259647347048,0.4867717731550685,0.5665722017896927,0.5818651677479589,0.0,0.5165571850698895,0.4468541821422284,0.5452131323612137,0.5717026789083471,0.5541479679786765,0.5085581949709179,0.6448288176110419,0.5054091824970153,0.5871175381372842,0.549413537369855,0.5222104202317199,0.5331895359207268,0.6399395402071918,0.4699990501052088,0.45881305507845127,0.5086522880402412,0.5212918921903491,0.5654482351476093,0.5945218328687786,0.5758478035674844,0.5080814099904468,0.5607998769064999,0.5042789638382876,0.5285633838547275,0.5524149959565637,0.5021233332454537,0.5928464001929755,0.4777317290485931,0.5162716653907262,0.5353123522334832,0.5493501360723724,0.5643750886473587,0.5390960924723485,0.5226994317234713,0.4912766197092869,0.5291601419720567,0.5560727009949971,0.5004867409739931,0.5639347245401963,0.5149568877278904,0.4779824495878382,0.5944458377178741,0.5898264650329075,0.49147378784270035,0.5331272183561845,0.6475643021975245,0.4741599169488589,0.5157830273346535,0.5001668746615974,0.4507999263677342,0.512551610305896,0.43816758601412603,0.4648331782875394,0.47263797701995947,0.4647377793362675,0.4955246699839826,0.4723275934132937,0.54300813286095,0.4939522376234001,0.45944404401695255,0.44242039478036194,0.547891320795773,0.537177806569771,0.49644441018815316,0.506584482492594,0.5543868604493488,0.4987110496317493,0.4494987531054545,0.48829911738004705,0.5051050140326481,0.5845955205913298,0.4772022243507569,0.4853190475177517,0.5216186920774583,0.48717401096135055,0.48052114052736206,0.5312443173399524,0.48996286020077534,0.5352459675489298,0.5305343112442629,0.583356841137024,0.49356353144382425,0.4673801655625031,0.5954702763276393,0.4498940962116056,0.5190809109270548,0.43242877912958044,0.5006449879351317,0.4875575362260517,0.49631084755771576,0.4780431776208831,0.5490355470169858,0.48582423682093945,0.5104437698990582,0.5131492862970166,0.5521666373635291,0.5119143105709144,0.5574561057889368,0.6329845280960006,0.47668580428915697,0.4710436932031582,0.48583622302189505,0.4988282153214316,0.5185282435920417,0.5316183634271254,0.5553566998449488,0.510531739781368,0.45971806413286076,0.47151000609371585,0.4680481977880849,0.4680502714819433,0.5985767270572036,0.42955635484145915,0.6406987289088144,0.443417748524708,0.5561961280030832,0.5610944389993532,0.45934415938386225,0.5016579056759525,0.4908515809811162,0.4443886917163156,0.48661716382543424,0.512835872838508,0.44519333420422325,0.5665306399668566,0.48359925537968673,0.48057340186097913,0.5727817809488149,0.4808499124448346,0.518949566066567,0.5259196303900563,0.4749554668919413,0.5462927376635692,0.5037716156481545,0.5387293067666789,0.5409323852927961,0.5797586869690857,0.4481526405080045,0.5238255864807515,0.5412991142798401,0.5399764894104293,0.4745161132340592,0.642001305467341,0.5156481024073728,0.4611382120539928,0.5910295238586558,0.44521092753963204,0.4900480285813484,0.4616305134382001,0.4926886670073121,0.44862476251284544,0.5297808572150504
