0,1,2,3,4,5,6,7,8,9,10,11,12,13,14,15,16,17,18,19,20,21,22,23,24,25,26,27,28,29,30,31,32,33,34,35,36,37,38,39,40,41,42,43,44,45,46,47,48,49,50,51,52,53,54,55,56,57,58,59,60,61,62,63,64,65,66,67,68,69,70,71,72,73,74,75,76,77,78,79,80,81,82,83,84,85,86,87,88,89,90,91,92,93,94,95,96,97,98,99,100,101,102,103,104,105,106,107,108,109,110,111,112,113,114,115,116,117,118,119,120,121,122,123,124,125,126,127,128,129,130,131,132,133,134,135,136,137,138,139,140,141,142,143,144,145,146,147,148,149,150,151,152,153,154,155,156,157,158,159,160,161,162,163
0.0,0.6054811220589781,0.587391254932241,0.5404607462216131,0.6110442549529542,0.5854056473758126,0.5985167044136783,0.5758946989010664,0.5985303855074852,0.5783295311597632,0.6555584245784475,0.5831985829930654,0.7093822407081489,0.5882916312753573,0.663372046107634,0.6506526614119948,0.6287151343490005,0.764497005977896,0.527820017084137,0.6537312928399728,0.5965631074295431,0.5976495823317434,0.6022931701404315,0.5950822047455415,0.6921621979599315,0.5934833370906797,0.5964720467582529,0.596643424298854,0.5316243582467514,0.543747514363125,0.6623690603472902,0.672501946512903,0.5684250985263452,0.5889980524310863,0.7108495872925013,0.6078683236834401,0.6496803362938406,0.604724367440515,0.5452121035981996,0.714163527573825,0.5759748743831192,0.6298687825401036,0.6174351912757027,0.6177178119810427,0.6917869999752746,0.7088392490386228,0.5702810764135676,0.6164789647370216,0.6815551628349835,0.6083368226996397,0.6271110410815584,0.5804079868047167,0.5173671548877209,0.5114782527201078,0.5767853117174482,0.5682454107152467,0.6283650684321733,0.6307411778410159,0.584483766263422,0.6556359442507979,0.52779840619409,0.545264048980056,0.5724200619105244,0.5423222797004222,0.5658877686631332,0.5831011008356216,0.64902842784037,0.5786282573420531,0.5574870496878237,0.603377376021224,0.6778115405962717,0.5663454743373302,0.5715310128486263,0.6386754472772614,0.6010156503631171,0.6090025349536985,0.5631272749655972,0.5810934085752293,0.5764910476348596,0.5024573250973364,0.5738059130181437,0.5970170832408261,0.565211297769259,0.5670925980211218,0.6068226636879978,0.6726571819410508,0.5887279002832416,0.5699448469525752,0.6590374769811719,0.5514162636182397,0.6754161588349452,0.6370413927658433,0.6216210745991705,0.5780973351177374,0.5802853970887653,0.5437023354033168,0.45234043271143337,0.6150549548802071,0.540976096314882,0.67294874007632,0.5523819541629789,0.5253386164674174,0.5489894784411878,0.5277712921568629,0.6278941795009089,0.6497375984106902,0.5492937478441392,0.604057726306196,0.701967977124168,0.6289318324321921,0.5885723785674218,0.6122920714825402,0.6189345804428307,0.5600092055852816,0.6332814442169508,0.6526721328318069,0.6458149049140208,0.6019421038123464,0.5195942903239089,0.5647089907504651,0.6150924381746471,0.5046184722847193,0.615179385066884,0.6931399885589543,0.5603797583263557,0.5999111783169065,0.5358282602449973,0.6097057547836282,0.5899015659533785,0.5949682572950723,0.5503974851115823,0.5652623800088703,0.532639364325223,0.5695394017204128,0.5625001368314709,0.5471814249815895,0.5566694869223606,0.6846290659215305,0.6502778254349819,0.6329849490281464,0.518856596924751,0.607375723200119,0.6145471895330052,0.5476741037128657,0.6297436143819054,0.5684192280717388,0.5822857125206244,0.5664826086446366,0.6359105448713609,0.5046935736217282,0.6669306293512134,0.5382095907941568,0.518014720312181,0.5513965956640421,0.6429032218674251,0.6766191070538862,0.6198811760754248,0.6264594001588832,0.5586549611765917,0.5591207229639112,0.5385306141908226,0.6096722014598132,0.5261161735795655,0.7052010406816648
0.6054811220589781,0.0,0.6254198924903579,0.5428569879755579,0.5453410861393567,0.6718815828576011,0.5553185201178868,0.5484923796360113,0.5991254918139249,0.5670920452121786,0.5712764581933868,0.6492841612624691,0.5633957680028686,0.5017731483796544,0.6318968252697005,0.5358451766901312,0.569077924217074,0.5550209000997773,0.5664933468351188,0.564406971766029,0.6069367529751241,0.6935416676842111,0.5000295877889093,0.638318871915361,0.5814323836585694,0.4636759129582816,0.49752890916268117,0.5344589936584451,0.5177950321817999,0.5013739931002409,0.5874314956038077,0.5517961882099522,0.5864530210009627,0.5040226817214833,0.5611103641581028,0.5427196208015815,0.5082799233845501,0.5022273138289616,0.5613087052119626,0.6078592801400329,0.5851257962615374,0.701736446009582,0.47228888139368685,0.5413378378643585,0.5591003577839182,0.5689368930420052,0.5017588397537601,0.5073403811935957,0.5276655696835487,0.5305531101901715,0.5533969212128522,0.559580757350868,0.5489523845447861,0.5551790232009183,0.5051736454347809,0.5879885206792482,0.5655261832734974,0.5838686602108009,0.5143503505967213,0.5852371894867407,0.5306515905307024,0.4721495515841077,0.505739509981023,0.4634386904313282,0.5350530381526483,0.5131201100885118,0.5629138283714467,0.4908005415609332,0.4433769383217247,0.5099510019241948,0.5732985244508191,0.4634743900450625,0.49989701870710646,0.5768781250127966,0.5985599113549679,0.49540125648768846,0.49590035897852897,0.5124157173027496,0.47474763617128457,0.45695458847195664,0.5544624858090799,0.6186492708368839,0.5736568884030528,0.48295139066298476,0.5204204455789715,0.6279796786504742,0.4887444935297616,0.45572719466198164,0.5328482585571009,0.5947839384272794,0.5350659568189927,0.6238557089062818,0.5399199525124394,0.5469104957855894,0.5400725958143744,0.5199493330520089,0.4743612258711946,0.5779272654056351,0.4692398449511406,0.5832399851021388,0.4744264159183519,0.4549026962720833,0.453464688108774,0.49689986731045155,0.5198724255132878,0.5293640674876766,0.5142294781443881,0.5480059880968753,0.5812977621523395,0.6984173732441108,0.5784686234579252,0.5007253277476903,0.5442789333162451,0.49606286545728295,0.5051247874876086,0.6481005526847917,0.5699605826973158,0.4923854528171414,0.5001790682332898,0.4935551826073662,0.5220336235755668,0.44161852000475765,0.5343249796271843,0.6288679584903049,0.5060740523137238,0.5517007146039887,0.5094528835843956,0.5498561373059504,0.5450165645221823,0.4841914747484564,0.555079970419742,0.5644933226790966,0.45151605344753665,0.5955091421670556,0.5642049178724181,0.4957027927250977,0.4910721066960037,0.5285061334807996,0.5183280078131056,0.5481927017900873,0.47272653000621806,0.5249955100557198,0.6640955467372988,0.5318062133712318,0.5251994750727284,0.45435201853120294,0.6584325683811947,0.5493103919594217,0.5569620586662453,0.4801408608764647,0.5480126175369398,0.5149029159054102,0.5410785131485054,0.5453882329495519,0.6055780769302391,0.5784664213483535,0.5991440049167733,0.6053257142927153,0.5003984195701943,0.46363694451896365,0.4856028852302151,0.5269947321143185,0.49180918650561284,0.6260317381201536
0.587391254932241,0.6254198924903579,0.0,0.5308499976510276,0.556601267654498,0.6645081726789209,0.5113421805316888,0.5873775752029081,0.5287965836451928,0.5515745194954079,0.603780957543255,0.5910401148616832,0.6253274738795428,0.5063306168988724,0.5755513134400033,0.6104456563288004,0.6144010299313323,0.558469351394447,0.5221836660015203,0.5634124654291376,0.6482990756989359,0.6863234397445636,0.4792596689932382,0.5815107116028438,0.5632181767482386,0.5228333278606104,0.4924658707402904,0.5273753768904513,0.4973694120172218,0.4767547578843895,0.5419311742447082,0.5989619151250523,0.5510110189302466,0.507724572572499,0.5301589347526459,0.5823806012375173,0.5293527802402116,0.5201911705583195,0.5441057569665863,0.6049880696578629,0.5601774169550195,0.6308966510157954,0.5243953905880523,0.5401797323223233,0.6113585221628164,0.597272941819701,0.519200227926745,0.5562260285756544,0.5172751016814021,0.5761799401646753,0.5880402328026976,0.586241579012112,0.5097594718200872,0.5597611215421586,0.5321022706134583,0.5283709822978722,0.5672299147696397,0.6300798552634668,0.524268464697324,0.5931195718956986,0.5680302624816098,0.5123149427228599,0.5740931137223045,0.4866029425096251,0.5283627551885917,0.5528493611408585,0.5841598805268801,0.5206416761618355,0.49304028134763245,0.535979763562313,0.6145038414563077,0.4613417616257535,0.5337991579377372,0.6500640272941282,0.6293905869494124,0.4702537988594569,0.5556494543491233,0.5165410811685796,0.4995049413660266,0.44541058683715185,0.5567145254234227,0.5904368772349471,0.5247842184864334,0.5131415621448001,0.5410765776594642,0.6106862789469457,0.5270519884765743,0.4769441899569074,0.5290514771719912,0.52589687452917,0.5675937095837146,0.5529285695298887,0.5452377502987834,0.520330021837557,0.5353697061588082,0.49692887861030466,0.4909307225629003,0.5607025050709036,0.4652753172711178,0.5975329581726982,0.46086672369455234,0.5201344692267783,0.47363391952334927,0.4793885920324343,0.5499941006944858,0.5961350036504074,0.581214259395722,0.5358035355573029,0.5933293122742533,0.6384012067870455,0.5714507225478014,0.5231564006709754,0.578637409964186,0.49758061259882175,0.5252387171274799,0.6116591707824448,0.5301440319522427,0.5064810075127949,0.5439781458169964,0.4871747220988493,0.5291764800982289,0.46506172028856335,0.5373603556703759,0.5860263312382143,0.4695103925519847,0.5460928918210405,0.5485768244849977,0.5998030641328495,0.57935115907938,0.5042652532496394,0.5106961714414433,0.6505152939069574,0.45684536230212863,0.5348551534978977,0.5770222811093703,0.48518330698252565,0.4724967240833113,0.5223789861757818,0.5469597006325412,0.5324400130019707,0.45950471727009584,0.5503906428236474,0.5892293537253859,0.5520213001771181,0.5368003729223906,0.4783169207409897,0.6064503816549768,0.5348328031682642,0.5640651430418571,0.4965222242747896,0.5368436333986768,0.4712347147602722,0.5358979809769946,0.5667965139487784,0.5876519037226916,0.5778703988963063,0.5506106075187914,0.595046737077882,0.46076610079410857,0.47678084994349146,0.48731174594312876,0.48358619682530235,0.4753047855430577,0.5774131053265342
0.5404607462216131,0.5428569879755579,0.5308499976510276,0.0,0.496901547619498,0.6112543011236108,0.5233786157093373,0.5129145905700032,0.4652025363617053,0.474280500991773,0.5944577191907954,0.5442141820363565,0.5143842156639371,0.490488422896161,0.5586279144822864,0.49674317683493396,0.5479276486461584,0.5134983916678931,0.5783429267156116,0.4867564686453982,0.5914088239958954,0.5418065633780529,0.4593739819906431,0.5109110782996382,0.5151703188100766,0.49581745967782775,0.45186819226134833,0.5364139279982358,0.4829497964553687,0.41612184701130617,0.5171064023148864,0.5303967159422315,0.7173969095140806,0.5022939848276464,0.547072272514709,0.5996324607397384,0.47764061946041186,0.4926162865806939,0.5393007963268234,0.5610797465704942,0.6127607668720711,0.5135349578101256,0.48593634110201556,0.5990509191725486,0.5180765108767035,0.5185947610912861,0.42905459552090763,0.5255334279730921,0.4977624120206422,0.5362788356300618,0.633740886691916,0.6160468092808898,0.5361767169333045,0.6553993802798356,0.5794940582878337,0.4505289065188188,0.5546360455901127,0.5889275418005935,0.508964962752752,0.5537144887751089,0.5756944514895549,0.48890706375648707,0.6083751737159876,0.45007978388974834,0.5311583105579438,0.5336768345253166,0.5456448414418594,0.44808226028991177,0.44532140496182354,0.5074160598303208,0.5422375422314061,0.45392004720430823,0.5599781658302051,0.5975397725046258,0.5802049940768418,0.46451696991034375,0.5237594336975191,0.4707622825309873,0.4860923173458676,0.4432572211301635,0.53507879694965,0.6060298705767098,0.44636824498615446,0.4938686479537768,0.561843152488009,0.5155224957629335,0.5121186381104549,0.4747301704073867,0.49552772960575286,0.44419666573605043,0.570956337686397,0.5807911549957655,0.5503276180593005,0.543556840595362,0.5641436025268541,0.4696396255228297,0.49384163277806375,0.5323408856890542,0.4702212575088422,0.5852025224435504,0.4664195282553955,0.48701659896109983,0.5378800762045792,0.483836210190486,0.5764453467529995,0.4781123526516125,0.5404736520847776,0.47099303669498904,0.5264831976448555,0.5077400593876747,0.6638389219157332,0.5295581192027528,0.6056823230793454,0.47919625013947226,0.5486585736274082,0.5281596537502824,0.5388904832848768,0.45307602304718414,0.5980680276609667,0.49372331092793414,0.4856443816526304,0.4941602226464839,0.5082002613966191,0.5603185436543562,0.4816446473025043,0.5327187769091374,0.5354451034373403,0.4779042900767436,0.5701978205158141,0.46224975494175463,0.42819145750082,0.536503405575466,0.4533286787421843,0.5988561495383715,0.5294444380268996,0.4643833878629797,0.4040965952195627,0.5125957646108472,0.478818153340943,0.5052357671463209,0.5384656074929018,0.4942361705244479,0.5902236727647758,0.5670751910269587,0.5026343131870108,0.44647669455456973,0.5035305573648025,0.4836585594182323,0.47247013449132447,0.4506221916718656,0.5968924999903569,0.5119578044049047,0.5105319477226323,0.4261839302771378,0.572549092270559,0.5077682901353465,0.5013448858866019,0.5200499332867194,0.5657172241459745,0.5087308603025771,0.4678951772091831,0.5057863888615541,0.4593552919540135,0.5748034585986148
0.6110442549529542,0.5453410861393567,0.556601267654498,0.496901547619498,0.0,0.5296013160792807,0.6049799787309839,0.47976628268339394,0.5295397987139627,0.5404157974676049,0.5859734537302027,0.526659297310261,0.5586017786361065,0.5508895538126933,0.6205554527703586,0.5748755374966916,0.5450063475236682,0.6044794429572032,0.4653159198623201,0.5110739194187721,0.5413641679406329,0.5646423853805181,0.526526890831585,0.5295463465032246,0.5693734213354221,0.5547196007052398,0.5207457066148916,0.4773120424421367,0.5574173664231457,0.5266914621642634,0.5708543249169372,0.5715641749836338,0.543523874195523,0.477376465669722,0.5972973672479008,0.5685835633578192,0.5698919524633216,0.5544517874400605,0.5193688757483892,0.6057787396311168,0.5579129304922193,0.5704918629192705,0.5610873672993087,0.6274787938010048,0.5280289607041418,0.556331287309689,0.5853707623252783,0.5970205324433988,0.5928740992037833,0.5513229789394525,0.576707906360747,0.5282998872968097,0.48956560054762266,0.48262024267021414,0.5517387613944337,0.5264008859229125,0.5333888754644991,0.5807510122436056,0.5296028400913241,0.5493289653240738,0.4553716022233011,0.5316654821032203,0.5207437630184287,0.5148837871101528,0.5210432554293593,0.49199956291285424,0.5394108079958781,0.574354068898283,0.5148534741804875,0.5171532505880923,0.6101942544321457,0.5335886597062938,0.4994379215927327,0.5475796926231523,0.5113915979645945,0.533906656905057,0.5130976850646002,0.6485842853895066,0.4924210868688418,0.5082944987368311,0.5550973551284322,0.5345490249076472,0.5617924014700946,0.4980771672982794,0.5347940852554735,0.5497308661284797,0.49859660063688377,0.5284250749255213,0.5299673491988875,0.4918227296490823,0.6697213555373116,0.5904875917339063,0.625345910971796,0.49492077112871613,0.5494512086464811,0.5434469270474636,0.4159310867644126,0.5272438281023056,0.5453366806032038,0.5320771776437234,0.5280881687486754,0.46678860639479147,0.5150674995612932,0.5061741742943893,0.5435751856919284,0.5467254394022231,0.48368329117037717,0.5117929071544355,0.6268986096232825,0.5460093421494986,0.5338997272424664,0.56525013320647,0.5318076517679856,0.5132252587215869,0.5428595074698732,0.5466937846986349,0.537999265615735,0.5643850011359056,0.49186135507918377,0.5366989759862568,0.6309561139265089,0.47899063271172376,0.5158476720652102,0.6385515643312801,0.5396994032529702,0.5726440456789393,0.49814426592541194,0.5523924926621907,0.526939980770158,0.5700101891698974,0.4990306779784496,0.5242176094170089,0.4715684353933288,0.5281422018554707,0.49115202396021485,0.5561597052512761,0.5034189421956471,0.6436023961809539,0.5302082476241927,0.5749070546745976,0.4987619742669623,0.5897639721653416,0.5466710076049861,0.5279356447332886,0.6023636970202693,0.513373409129487,0.5625749780458547,0.5555161796910706,0.5516471633461616,0.4811025355823636,0.5339805440485591,0.5327782759502325,0.4669327913957859,0.5353246478947167,0.5686997859276325,0.5538463508058302,0.5072299103141348,0.5767393566797242,0.5353236008072315,0.5268408040252798,0.5237174400606713,0.5590669400805739,0.5136545015391178,0.62242708780093
0.5854056473758126,0.6718815828576011,0.6645081726789209,0.6112543011236108,0.5296013160792807,0.0,0.5308285429995289,0.601956948673195,0.5482254906903146,0.5448148624950553,0.6133818139849998,0.6426743664624989,0.5911434576842988,0.48737483952321903,0.6029548024907091,0.5591423844066243,0.5702433299844839,0.5343406894415893,0.5618231834077325,0.5217263896198909,0.6139985541100901,0.6505251009667287,0.47268258320573125,0.576833308448528,0.5724685258334281,0.49491377028517364,0.48611900616377945,0.5355898576071272,0.5053465598568184,0.4833000118036859,0.5700563611256416,0.5635109007613645,0.651897386854203,0.5006310353554579,0.5292900336672771,0.5484221777227217,0.5276649097654385,0.503943095557371,0.5582903937568011,0.5786560700584492,0.5819141173210074,0.6267774226904936,0.4879101260606355,0.562750426615554,0.565295896437629,0.5603507674707778,0.4780821250958483,0.5391776541155276,0.5038015568960706,0.5189079110242525,0.5816955971325469,0.5948813509552424,0.5152293061818063,0.5876213561628314,0.5307303586520155,0.5441755334690377,0.5518589595729817,0.6646690218843817,0.48718597599766916,0.5592877727334051,0.5951101265060762,0.4857559525990676,0.5657366510736805,0.43946016350522543,0.5068887724576966,0.5236250817425415,0.5702747393711209,0.5024679435804335,0.4489876896446056,0.5550309367428472,0.5882344073530291,0.4450523489218229,0.5111463088423952,0.6084473783115125,0.6299432042796878,0.47926381613888985,0.5301580728186518,0.5122006889623352,0.49063973201208194,0.4647099784040652,0.5745405442790749,0.6105207887640317,0.5483546241316671,0.5124638849038102,0.5247189180534518,0.6035643061116537,0.5412181912482013,0.4567670555991568,0.5345529727601842,0.5502497316362582,0.5556539832290165,0.5864414891660171,0.5329976423693699,0.5289878691652854,0.529955300287474,0.5294344962382991,0.4857714774409292,0.5652818117973853,0.4505436643457515,0.591710117450639,0.4648194362585585,0.49473660153450205,0.4728314937333449,0.49943216597683054,0.5338761320580009,0.5356979100703463,0.5349403458100306,0.5268335090211308,0.5557187329939908,0.6212702536938665,0.5981180196435474,0.4964043383894173,0.5904191386275874,0.4989568705696828,0.5227732199920996,0.6318029130044848,0.5465015607678457,0.4722166182635194,0.5363030786660573,0.49996172501477193,0.49622242919398213,0.48426811761036775,0.5154510713754783,0.6330385561332609,0.47686936400170504,0.5814513430538163,0.5126739101153179,0.5668779650387886,0.5566555593875336,0.47501181153796096,0.5151458604394537,0.6015631685712656,0.4675967570742305,0.5841880276005531,0.5501604755840168,0.4685220631373334,0.4634672151586161,0.5081742575475645,0.49953378130912535,0.5367055770070258,0.5031333445899933,0.5162609724808096,0.6027047850753505,0.5301632099626918,0.5232037099348166,0.451042639698422,0.6186611836937711,0.5486669131183536,0.528021455228557,0.46632651556466415,0.5660959411490186,0.5023940844387609,0.511315819632027,0.49984843481547736,0.6285573099482743,0.5819786421470018,0.5786962442613791,0.6478720911798594,0.5033885092829747,0.4817255972242479,0.4821681575998277,0.5077011450065537,0.4767893928896215,0.6071246229330537
0.5985167044136783,0.5553185201178868,0.5113421805316888,0.5233786157093373,0.6049799787309839,0.5308285429995289,0.0,0.4685907880564546,0.5146215247043346,0.5911513683337074,0.5405765840620033,0.5282272745725342,0.556813647678908,0.5495232453707561,0.6002261199400715,0.5174032952550619,0.511391781382764,0.5739880301902626,0.4622665803773471,0.47824104109214677,0.5003124704120223,0.525551211676019,0.5696967560442058,0.5096563834321838,0.5967025078864466,0.5075241860462637,0.5388977455827588,0.4887447055490172,0.5403690880294582,0.5067668000857009,0.5656885414774518,0.5929038418435073,0.5532435515298458,0.5042676006214892,0.5817528910271093,0.5304161932409055,0.5642584661118797,0.48625303644640605,0.4750472102950193,0.6087152425835548,0.5018394113548522,0.5818268403074655,0.5037058695687161,0.5754666533771964,0.5263151784657703,0.5344719447595456,0.5600824027163478,0.5283471027606258,0.6343833069871885,0.49934410448689226,0.5654537908030197,0.4959788508910096,0.47096959730049015,0.47682299933429934,0.5425414774862637,0.5510915006577543,0.4957903056013354,0.5308644274318044,0.5544087743643309,0.5321316794021629,0.4504424326138421,0.498484216281115,0.47127947751097826,0.4772393569443157,0.49085840924634766,0.46992750277564715,0.5623784973513082,0.5579319392636487,0.4867240173531888,0.4971309134349776,0.5490854989231871,0.5026746884388594,0.5003675742528308,0.5443859132787545,0.4788016298769626,0.5612584466375825,0.5135496899994197,0.6084546644792541,0.44826155856635086,0.4759747360372121,0.5060072482615546,0.5219953496691087,0.5407349107051828,0.45605103854758117,0.5037417401404051,0.5030614594815335,0.484565950770358,0.5447579800292275,0.5544685464612458,0.49102285680062824,0.6057366181655168,0.6789758067420526,0.570961339405807,0.48383484879954314,0.5295220468713614,0.5519191649355597,0.3942430353651126,0.5438173132583769,0.5136576523265857,0.5860193022052139,0.5066206588697856,0.45259032910886643,0.5328578301371657,0.5115708252097755,0.5100272740954396,0.5025319507317237,0.4614422470769456,0.5056062743290857,0.6003621801996147,0.5457666949217881,0.5595543752522872,0.5109358289881442,0.552918373325846,0.48688587203329026,0.5014735654320844,0.5285310033141609,0.5452225013482314,0.548216236689558,0.48989044120465164,0.53199082784237,0.5127899749134814,0.4576507191589715,0.4913961595304504,0.6214607215004714,0.5009092444712928,0.5563293201058346,0.4995421590190336,0.5234586709951912,0.5078770852380118,0.514150805257155,0.49606016691082083,0.4666962046528944,0.45071232902316183,0.4911633517311059,0.4556966599247445,0.48249867291256,0.46876926613643155,0.589396095821176,0.4994663307882344,0.5239775965979259,0.5066558550863427,0.5461521633776358,0.5741993517644542,0.496096910311095,0.5389571451739422,0.5473989276282768,0.5060268520624717,0.5287299671547114,0.5295566404081073,0.42921214538868285,0.5161822599102951,0.5200781780398446,0.44196872208182364,0.543023441096368,0.5495853298993079,0.5313604642820049,0.51184221150606,0.5751797637801479,0.571597495967185,0.5486120105930082,0.5124335927581001,0.5440524040991113,0.4829792234326649,0.552756080180431
0.5758946989010664,0.5484923796360113,0.5873775752029081,0.5129145905700032,0.47976628268339394,0.601956948673195,0.4685907880564546,0.0,0.5793321917079615,0.5180198780347839,0.5687703860900137,0.588264017011363,0.6136848244028399,0.46761154336311794,0.5749109284866304,0.5834399452019816,0.5232417455683234,0.5439641238032623,0.5044356028293482,0.5398473308192556,0.5330803115079624,0.5623343410832481,0.4755342947251974,0.5128190640595559,0.5698952045914828,0.5090017440474784,0.5376665586552342,0.522413633533258,0.4556388826160369,0.5087839216731745,0.6141552816851481,0.5508828080043566,0.545247140014849,0.5034291233465013,0.5045711367964439,0.5217421416748016,0.5627687555692406,0.5292247173519381,0.5442098862002871,0.5234614147342723,0.5115182877299055,0.5367865958861047,0.5299435278274627,0.4961983004324579,0.6497683304750557,0.5922381609389298,0.46291907071430377,0.5186972600093949,0.4924894770089508,0.5068953757776355,0.527616128245979,0.5066680805354599,0.45202657789433753,0.49029040596573215,0.5072199677785928,0.5094172774617757,0.527700804622893,0.6560398327651211,0.4555529454193993,0.5456191677873263,0.5824931949654285,0.48441574745451516,0.5398089722969461,0.4366125063170182,0.47040792975825085,0.5174629091491816,0.5576545309793542,0.5085545871247644,0.4783133150721915,0.6705770149743158,0.577160686736935,0.4480915076967929,0.4736895842956306,0.562910252760053,0.5998902240452376,0.4768064347423966,0.5292567462567529,0.4826653167098773,0.5473893514759198,0.42972766360270653,0.5036824936731845,0.5526982166677392,0.5338806370284207,0.5449778394842634,0.5005551351067311,0.6374080360646076,0.6339247571232215,0.46988699396500266,0.5771496705406775,0.569788626468004,0.5275355828610145,0.5225766072682269,0.4994696361557698,0.48674655302155756,0.4779917542248198,0.5153728287729936,0.4708678950265142,0.5275518995640502,0.43137886628437483,0.557155853091043,0.465205224562683,0.576420641933903,0.4649378196080695,0.48947628613895644,0.5359403934623441,0.578232829643527,0.5247752300862645,0.5231369985630954,0.5312279776277004,0.5318619830166282,0.49997092992259295,0.4903805897566738,0.5255874828574492,0.5228264369883806,0.5262767062168167,0.5772868697308995,0.5050951766912298,0.487592064608444,0.4529081313275575,0.48883417127970646,0.479222507010054,0.5299740121624608,0.4785028070488573,0.5668087003458289,0.4466222522844416,0.5629398017837448,0.46992243743502693,0.6611863292592012,0.5109145041467766,0.4936041537345497,0.5293476128576448,0.5622582153446034,0.5094023937952775,0.5146783949149709,0.5348281281210919,0.44301789897423643,0.49333888012332655,0.5002103625526484,0.542962537705118,0.578107873291054,0.47830542310083934,0.4948430733391033,0.5185327050257845,0.49191042139596547,0.5162456729964939,0.4605879231441039,0.5844915367356845,0.5277127228165032,0.5396364643176836,0.45457486464704977,0.5854476967235528,0.4594396463512099,0.4819225754143386,0.49436152987667387,0.5917061553998234,0.6509449411073691,0.5541609819997332,0.5948140059781394,0.45364394396563923,0.46006334096056656,0.45703578223561575,0.47746725067278634,0.47084818315037175,0.5455900580590571
0.5985303855074852,0.5991254918139249,0.5287965836451928,0.4652025363617053,0.5295397987139627,0.5482254906903146,0.5146215247043346,0.5793321917079615,0.0,0.5446267401325644,0.515887036971402,0.5385696882035648,0.5601238922527029,0.5026935988995409,0.6200751007886031,0.5208066415832322,0.48181065782523697,0.564214881367651,0.454578532597376,0.5169031207822187,0.48810485458154956,0.5811705429372479,0.4844338968719462,0.5069524104892362,0.5637032934356712,0.46525437952705107,0.5607943076212405,0.46557343260040207,0.4760752989077541,0.5745756165205941,0.6554182228031608,0.5177192447374462,0.5196825482719416,0.44943785974633127,0.5328287868753284,0.4894526172870936,0.5591002754003844,0.5215411347114144,0.511542670755309,0.5235917213801655,0.49390964734935994,0.6095488730512303,0.4814535977484807,0.4911997780889746,0.5477388787943379,0.5432956258618973,0.5073577050899918,0.48367309852084583,0.5066269796578078,0.4841137305040627,0.49239804867665876,0.4650855535130653,0.4651314620232954,0.4478617540355728,0.4664695749847902,0.6294127553641463,0.49597799023318573,0.5537817613703758,0.4647836392165307,0.5203231595386414,0.4792538269195803,0.4808032299547135,0.46217115243483764,0.4461155307753876,0.47916453790245456,0.4670159930085888,0.5494538836426573,0.5544443891243065,0.46335183361703175,0.5750475598011704,0.5845826268399074,0.47422045199096824,0.45454925567285936,0.5041848783493881,0.5243997989236612,0.5090549445753421,0.47260363712246906,0.5208835442647798,0.47617614551509974,0.44951671019750117,0.5053537676455012,0.5568228256195175,0.6604275569319398,0.4895475063761819,0.47465716018046966,0.6200987466399833,0.5330801835508705,0.47459349519205096,0.5555698720850653,0.7214922158066123,0.5270664540456123,0.5834582554909815,0.4988895981843887,0.4691453265730885,0.49597977110731745,0.5629579070744629,0.4293269285191551,0.5145637872963129,0.47068514837455633,0.519772249019846,0.4933886205221013,0.4642466840839656,0.4429612217699387,0.48451705568714404,0.5011036697833571,0.5231642132447716,0.4518496610752229,0.5139646236218414,0.5386057369093471,0.5394022047361724,0.46439108778749477,0.48283745874477546,0.4997623306327679,0.5291257527346598,0.48445141728664787,0.5688664541052747,0.5015181207284076,0.49001443776057585,0.4143513727190874,0.5255559977671974,0.5108451386071633,0.48193773618321173,0.467203917190775,0.5895520924815797,0.5052314911029488,0.5321633064060096,0.45981409715449995,0.6005180232653107,0.46109872217002046,0.5165162816028351,0.6428437867511082,0.509240185465292,0.4922754012763469,0.5374969204827849,0.4901715948145201,0.4829432488542762,0.5215661213012468,0.5269156516064348,0.5035474527246906,0.5820167688431235,0.47298564353941,0.5142531865077572,0.5474802771663108,0.4881573245852491,0.5255997466417068,0.46192354367040495,0.6592400784883741,0.5527858402057576,0.5356343171484087,0.4449205697058939,0.5294538944266716,0.4894507902196989,0.4556289143152373,0.544851391357163,0.5482134694885145,0.6519085679833391,0.5432219431086176,0.586763173887921,0.4783284282029782,0.4505393575210845,0.47575693133689567,0.522042862290377,0.5121490022614503,0.5734898044511909
0.5783295311597632,0.5670920452121786,0.5515745194954079,0.474280500991773,0.5404157974676049,0.5448148624950553,0.5911513683337074,0.5180198780347839,0.5446267401325644,0.0,0.5346416123946387,0.5299713828609645,0.6072023824124032,0.5573033131855557,0.5451978718467505,0.579237268366052,0.5192620347155446,0.5925450994772204,0.4427380418244218,0.49284641361111975,0.48452359885343604,0.5131414593093764,0.576871386777712,0.47946998478445163,0.6968045330709866,0.5144949404122278,0.6276782065549521,0.4954194882586704,0.6125502063617057,0.5629048847644909,0.5841000876717198,0.6064190570910738,0.5121064479077467,0.4951802911684365,0.5497828981225396,0.516741161869965,0.6119977198629191,0.5357837247268807,0.46186512628362375,0.5696846335882646,0.4927025576603173,0.5898991205376993,0.5161675190462177,0.5265187336354366,0.5552502214601497,0.5517237537659351,0.5873144991244377,0.5293956517272828,0.6016065865064318,0.47582082914012647,0.5038139494957038,0.469570168662321,0.44589902181444185,0.43904857869862907,0.5199960459667692,0.6255680975359794,0.47840771400743937,0.5578940758889754,0.5184003116862002,0.5147123970664101,0.4547288855472688,0.5058126993317063,0.4628345528672519,0.493525786277005,0.45245795785165155,0.4640555523328435,0.5508143418126548,0.5859444846764389,0.5343362985080243,0.5595228027324561,0.533998093990391,0.5170930957108054,0.47549094744709003,0.5176363135483907,0.5073197770863827,0.5888734216636382,0.4905764499353775,0.6391978730708862,0.48263588462485635,0.500438769863318,0.5501054059527715,0.4779803046864931,0.6039220806160328,0.5219954650872345,0.4988217335887046,0.5569104329626922,0.5243806597127536,0.5239981430154275,0.6369702119220321,0.53245539048053,0.563229806866131,0.5951978784575356,0.5431745631123415,0.456728841149338,0.5013829523704287,0.6246728757267845,0.3889543906495591,0.5824256684630073,0.50280061423592,0.5591943961234445,0.524723672329483,0.4677561053577567,0.5052414282177371,0.5782494876106933,0.5049229781067226,0.5484304991546766,0.46514004949327287,0.5952182060222573,0.6064735378422785,0.548812199740726,0.4865956636449189,0.5005202986044414,0.5320912622124889,0.5576761020274054,0.5089762649327167,0.5419912183347315,0.5715453929010015,0.5708156753290253,0.4718183342402803,0.585687597151186,0.4971277099686147,0.4900560974105185,0.49479096161982405,0.6025860590302095,0.49680059962596296,0.6203874248683311,0.4720673823427568,0.5538907416218021,0.5384539885818704,0.549650691920458,0.6170394064909458,0.48679093982910016,0.4889490451325705,0.47064686731215294,0.4520576746535473,0.4735124344930174,0.5350246455030753,0.5631337592168605,0.5513950931645802,0.5604198674656038,0.5166305145756723,0.5854675361042094,0.518775381512899,0.4857318991829724,0.5821039040521696,0.5293406049319664,0.503628074352666,0.6138373341505535,0.6598691977698091,0.4856834180738708,0.4959596871283201,0.5423619943816904,0.42202897870766604,0.589511561344816,0.6012505381457776,0.5705243012135658,0.5065625184557359,0.635166311775695,0.5156790783744901,0.5157446991139556,0.5880276317851889,0.5642747313722241,0.5412907968819505,0.520774982798015
0.6555584245784475,0.5712764581933868,0.603780957543255,0.5944577191907954,0.5859734537302027,0.6133818139849998,0.5405765840620033,0.5687703860900137,0.515887036971402,0.5346416123946387,0.0,0.5872881871251302,0.6411419372995486,0.5507008781926862,0.6185533765006942,0.6703540257194756,0.646860026030991,0.6277981101792808,0.5766295862127981,0.5925985974354139,0.6350623275674413,0.6026919271033369,0.5228649328559827,0.5651935384784579,0.607548704049078,0.5713827554017364,0.5326896039591208,0.6031653728036336,0.5634460355201387,0.49348031591566804,0.598729900147682,0.6565670431903087,0.5991603631630846,0.5475663919243031,0.6217552620098625,0.6452234961728781,0.5882182402163515,0.6068781508382531,0.6300778580081752,0.6393877405978146,0.6124041457678668,0.5475290209312621,0.6078322710180214,0.6586354941464911,0.6065540122957416,0.617482071167163,0.47765082129760505,0.6949254246499729,0.6016317511468124,0.6128938389855972,0.6746162900379707,0.5849511914022164,0.5346155945882661,0.5776364828403641,0.6910434387265354,0.4811357021394433,0.6516818863057595,0.694630061676231,0.5507726663447197,0.6400579123944661,0.6001653871984374,0.5411638436839704,0.6478888755065676,0.514318007658216,0.560521826490029,0.5941723353946261,0.6043257641628503,0.5148380848414608,0.5248351937882111,0.6014436231188626,0.6283076191680781,0.5310299771501177,0.5679417103308915,0.6613304715711854,0.6617586670032491,0.5436002830875977,0.6163612324385472,0.5524309289961282,0.5660830702531996,0.5134574579106076,0.5908118817785318,0.5798946103794745,0.5101426256516928,0.5869288670573234,0.6162435607923664,0.5941658506785525,0.6054978499346196,0.5340282312255975,0.5783022817490656,0.48385885526652817,0.6465565372549622,0.5600224884681541,0.6872340000835784,0.6015398049213841,0.5829951575090984,0.5116047874870713,0.4890704126822515,0.537504206925431,0.5107028503599328,0.5957605461957505,0.5552926528561899,0.5727028228698677,0.5310434908921295,0.5010611507045226,0.6392112966286922,0.5709367738175127,0.5926792772291517,0.5334705432666946,0.6126423779854664,0.5755456613336615,0.6354281075127823,0.6008466223489636,0.6160195148475681,0.5652940071731621,0.6323571163576972,0.5796318740691947,0.5948913386505739,0.5890855827275916,0.5564273019895173,0.5257042856169332,0.6014914059986746,0.5223346380218015,0.5663055827284942,0.6641157628023044,0.5396384833739538,0.6413305906151189,0.526413966297538,0.5757225253799323,0.6200553989378552,0.5519623956965625,0.4775163642853807,0.6168020438824371,0.551322047105655,0.5949970217030994,0.606511693949936,0.5417893230639711,0.4877469140418799,0.5999207357272481,0.5876583558343632,0.6282031578836931,0.5375770339692529,0.603841820727112,0.5791636079505952,0.5824056506217552,0.626874292955254,0.4788262893650029,0.5451200006731806,0.5617034644049068,0.5656718458243339,0.5235759984875328,0.6933104235983826,0.5541464995314767,0.5496334053996613,0.4735195121588486,0.62605496115559,0.6173570289273885,0.6181131458739328,0.5798604577285476,0.5620431410747976,0.5789393953630869,0.5108568763491192,0.5699288739727173,0.5070056768385035,0.6945339830061318
0.5831985829930654,0.6492841612624691,0.5910401148616832,0.5442141820363565,0.526659297310261,0.6426743664624989,0.5282272745725342,0.588264017011363,0.5385696882035648,0.5299713828609645,0.5872881871251302,0.0,0.5506860650220281,0.4445794897239095,0.6131627347667779,0.5501535242119614,0.5530240377217601,0.5238513769425003,0.6091642735417139,0.5476161680955102,0.5814697890805849,0.5941543401317112,0.5209865359986879,0.6494119879659099,0.5965615942556922,0.4745543091801496,0.4958425231948569,0.5592157544585314,0.4872146451407048,0.5195655027919837,0.5945716049047707,0.5330913727836125,0.5830624540964172,0.5554406273841465,0.5298154545346401,0.5167013717672451,0.5146179343855624,0.48275401371534593,0.5581547224538045,0.5623923510050289,0.5603529906202803,0.5853498277434864,0.48888455245603624,0.5358205204300197,0.5845560989244153,0.5622779905923232,0.4789149913931789,0.5173363695762555,0.5208177004878767,0.49733132919228934,0.5322924763645775,0.5560959294206954,0.4678127349127557,0.5328176139510721,0.5060029280165419,0.5162214229952872,0.5417210034360592,0.6496982197841156,0.45930944283701775,0.5433913490661566,0.5147732607218828,0.4338511359639528,0.5092321333183139,0.42766181568455247,0.4724565899525848,0.4835665677581311,0.5060164902502173,0.46440823260912073,0.43168708029648073,0.5288848748873085,0.5253603830331004,0.4316653876907714,0.45749260908254785,0.5508260505197381,0.5622524063936566,0.4691712206257507,0.4876075884057325,0.49552458935282206,0.4972837208128529,0.43074868566160474,0.4962084533658215,0.5492098879682297,0.5418850875286692,0.47725392145772483,0.49056483875841383,0.609982041235519,0.49852599031765565,0.43441333206264865,0.5283207099650189,0.5418812695806567,0.5232717151525517,0.5532746307089043,0.5165731715576042,0.5081431012207341,0.46915979871314356,0.5169242362501391,0.43899990966835034,0.5731700760598866,0.4222676796890284,0.5492563703695587,0.4435337549274664,0.4685450909902793,0.4522019877925382,0.5213354900386352,0.49319390528701174,0.5368401877432785,0.49779003043732545,0.557217327261563,0.5396440893654157,0.6372224907456022,0.5857939132214544,0.4747375622547314,0.4958885376316716,0.4653933029887543,0.5027880441035056,0.6383844814267676,0.5430549933093901,0.49355726513377995,0.49019389778469985,0.45665438935184327,0.4819642364330154,0.4443463854400615,0.5066240246537981,0.5990666954615865,0.4444416739068195,0.5747642558107571,0.45164288753271886,0.5721439597009316,0.5435923108809856,0.45284206805050004,0.5120105017596002,0.5182644345883818,0.4389855116134825,0.5243820309865432,0.5377339189529952,0.4403044282945871,0.5131532029233477,0.5119195198576693,0.5310243015852141,0.541338094370816,0.46300221070974046,0.47399549980711786,0.5482881586921484,0.47067847811370644,0.4988329885769924,0.4594703574695249,0.6074428808251148,0.503728554197085,0.5532354537939191,0.44822156401360475,0.5648175321891735,0.4722950618065114,0.5168980134082978,0.5013915044529361,0.6416680880241797,0.5511414248081915,0.5857651059929299,0.6210827216776362,0.47298999296228667,0.4478843857444196,0.44187394413443626,0.48645681873548036,0.44213357244835266,0.5885665610796431
