0,1,2,3,4,5,6,7,8,9,10,11,12,13,14,15,16,17,18,19,20,21,22,23,24,25,26,27,28,29,30,31,32,33,34,35,36,37,38,39,40,41,42,43,44,45,46,47,48,49,50,51,52,53,54,55,56,57,58,59,60,61,62,63,64,65,66,67,68,69,70,71,72,73,74,75,76,77,78,79,80,81,82,83,84,85,86,87,88,89,90,91,92,93,94,95,96,97,98,99,100,101,102,103,104,105,106,107,108,109,110,111,112,113,114,115,116,117,118,119,120,121,122,123,124,125,126,127,128,129,130,131,132,133,134,135,136,137,138,139,140,141,142,143,144,145,146,147,148,149,150,151,152,153,154,155,156,157,158,159,160,161,162,163
0.0,0.9362662871936576,0.8858551230567768,0.7613893641268822,0.7848460513742805,0.9091763728065981,0.865848669069548,0.9062716832817896,0.8890403833769364,0.9039929233125793,0.8044072662742285,0.8503128659731889,0.9344368445848589,0.8085049426071097,0.9250423664063772,0.8839248749647504,0.8759542946646346,0.9494731491304627,0.898913318117622,0.9753042712373771,0.8722707065638599,0.9164901682697213,0.8419164355781046,0.8800886995478852,0.9382356459907949,0.730492140600707,0.7783473963494343,0.8691077719577605,0.8144387531881487,0.8707120444939404,0.9349363758891274,0.9363337028306351,0.8606847944849451,0.8382299751189453,0.913820742145816,0.7930952538860745,0.918834510555264,0.8884542915173967,0.7947256828036413,0.8297768172490557,0.817506191978019,0.8439501326359864,0.8859574458332634,0.8216049125183961,0.917871371731761,0.930047099600522,0.9165963098277526,0.791237996858736,0.9112510901048457,0.8559050183237539,0.8620571018610973,0.8805366515136365,0.7672218524234934,0.8112349297581192,0.7439334941440403,0.8569522871153429,0.9035149063851383,0.8589303146430435,0.8276466514933941,0.9095882744574656,0.8462028939482065,0.7689239775690898,0.7824788490708893,0.7028265748299455,0.8113545682309216,0.7990794007932606,0.8183423519638433,0.9290915825008674,0.8541113677607234,0.9467864319303887,0.9522584586556908,0.7907239373077071,0.7083038088935418,0.8865024523490207,0.8933783827409815,0.8831815275943796,0.7648969820486045,0.7859889176838812,0.8655097385895476,0.7105547387360924,0.8020321656997647,0.9315555825402377,0.9046905100861925,0.8171817312859884,0.777962598069052,0.938218080915342,0.8808131009599025,0.8501788563483766,0.9176529339835634,0.8197436537492772,0.8669101870254389,0.9057509167764688,0.8322864793296604,0.8338779217735333,0.7957596657278907,0.8956729538363728,0.7372763005886207,0.8779387276540479,0.6856360839716249,0.9003463007692644,0.7628276063998171,0.8488140664375221,0.7256759475480612,0.9246190964517794,0.8258694737147632,0.9208248101217311,0.788419443322953,0.8740411263781768,0.8903295337272591,0.8948765194820569,0.8095866902971265,0.7192266770851183,0.8721203311013547,0.788964968900738,0.811591766950692,0.9057490905573553,0.8939747985696316,0.9159394653823166,0.7287253967984674,0.8459541230045373,0.7947055871815581,0.8516316718330619,0.8892612810582925,0.9314795565099867,0.7776526355646247,0.9067618110791658,0.7819127278039446,0.8637117167351829,0.853370197988865,0.8423772350451665,0.8571224692279953,0.8318595886728458,0.7943134215536427,0.8098619154114383,0.8501254141669118,0.7753872406570322,0.9432252563939107,0.8411169394662685,0.8233291724202859,0.9458268535593121,0.7931936170818416,0.8858394730128095,0.9378456200037254,0.6968344133195473,0.8281253241344246,0.8589171944396793,0.8910699204045477,0.8599410536467074,0.9566856748133084,0.6225831781983421,0.9008335416671223,0.7983313181803002,0.8424007129935801,0.8625214803234688,0.9098658370279662,0.9408090522119782,0.8983653254375147,0.8669951851338621,0.7437617475232269,0.7388177988958858,0.7795488258659179,0.9402898786151601,0.9479269423740473,0.8744740877636551
0.9362662871936576,0.0,0.9211896173459682,0.8171424754315375,0.7725145770301063,0.9012989027807419,0.9066033188349482,0.9600950260248504,0.9047469009338095,0.9569689551890357,0.8008881119156858,0.8978491847654737,0.9423142395466644,0.7905154729258521,0.9409830985145933,0.8667295832024539,0.8493527193215051,0.9001827156609661,0.846219822834058,0.91412253704668,0.850610704965051,0.9544768311149249,0.8909585764193995,0.9350699114111494,0.943514740212631,0.7430188115736209,0.8588272719919051,0.8706429223181008,0.8290512191274216,0.8725124957657998,0.9248424475694428,0.8562237804728092,0.9065105948913683,0.8555581501454432,0.8522931613291217,0.7588063791805952,0.9200807219321322,0.8256303496536956,0.8002328469629075,0.8804299695398476,0.8230868998207397,0.8785014135373068,0.7775246773874067,0.7619505788501941,0.9598705324769176,0.9137172631952979,0.8903442084501644,0.7396881006635835,0.8934693048418962,0.7704408436919802,0.7987909419466557,0.8392464527630155,0.7095038655659411,0.8159208228043421,0.7041135944110614,0.9051097513478624,0.8260350347866202,0.8587385843791078,0.7787002188330417,0.8897505738319256,0.8518806284992985,0.6786055123216523,0.6983804247622702,0.6496596901079534,0.7178209184527107,0.7201582408013939,0.8785161045139909,0.9115101274987157,0.7866645511385749,0.9468228222560088,0.9004191486042958,0.7171980279601151,0.6473345244717685,0.8883030827824794,0.8574682269111767,0.7981224706048332,0.7700165118979367,0.8193720939032417,0.815590572875454,0.6568041360303389,0.7399618886346484,0.9139630529045907,0.9443624645984174,0.7781176103395148,0.6868723347898213,0.9832076388358054,0.8367451701518678,0.7466571718564274,0.8992560795267788,0.9093488988082786,0.8252681310720185,0.9089541915857082,0.7630804902359026,0.7552502661728414,0.7529054944237814,0.936448853666488,0.6817383602760351,0.9054906644026247,0.601873200328786,0.9239381784170403,0.7264751738524481,0.7962672735773878,0.6542225088103015,0.9399363310439219,0.7222866468520209,0.921141621281462,0.7414104021670551,0.9265125542340391,0.8921864024816551,0.9398988229682242,0.7980393152958069,0.6541404517897971,0.8193930843138266,0.8098280380337317,0.7521964558028198,0.9645229293367915,0.8166242227729665,0.8389826828955032,0.6995466447449569,0.8709826058872334,0.7533046156696019,0.8279152026200293,0.8240122529529244,0.9278509503895758,0.6813627489748516,0.9178273894011095,0.7428071996704624,0.9235867703678023,0.8427403049988658,0.8155342537416536,0.8945122636264453,0.7918685990294183,0.7739630267509171,0.8055545496371633,0.8340181900090017,0.6881628655586837,0.9325820101383154,0.8442611878061576,0.8718330025167625,0.9121558814301395,0.7595960827775637,0.7968955073764522,0.9566111077212279,0.6489736397221638,0.8094000900698485,0.8413491065681984,0.9226129876459503,0.8671955435338119,0.9467222874749605,0.594790978984477,0.8350100069759209,0.7234455460025141,0.8396640258730349,0.9410685605291911,0.9492143441420019,0.9670874061382273,0.9431255283834356,0.9230802100581039,0.7478752337988971,0.664781176045498,0.755402674049391,0.8272597423040634,0.957672007389883,0.8672673228140383
0.8858551230567768,0.9211896173459682,0.0,0.8215553853140437,0.8626965455356131,0.9225591344698169,0.890628877980277,0.8877752183207451,0.8066732090370704,0.9008839895478887,0.8637719442922313,0.8768075040952645,0.9450437970752181,0.7653919060165726,0.8820607293312399,0.9606452465648141,0.9278366150346011,0.8579094901348331,0.8065538505752451,0.8415239892163477,0.9292034490356038,0.9534751930480052,0.8448771252334843,0.9287492689003358,0.8814438678994521,0.8459943265545274,0.8026702397878688,0.8348645178362152,0.8508384883876379,0.8619105537447254,0.8193741553962148,0.8763543962282627,0.8779265648129171,0.8203993362115519,0.7795135894903344,0.7781265452371044,0.9154117913719192,0.8330981432181821,0.798098483259884,0.8911543463984113,0.8339587985038004,0.8718300990588641,0.8151691493258548,0.8152748675023394,0.8962781654098281,0.8874186398379292,0.9140236187080567,0.8181171590142113,0.8682964009035017,0.7915732488078887,0.8520998926318585,0.911423823933546,0.690427673752166,0.8474191790173797,0.7417388964522285,0.8506274229960333,0.8314223141242618,0.9275748129083411,0.7498934998551603,0.8641951925319326,0.8344012002571922,0.723040460659762,0.7587115663419981,0.649869879546531,0.6983628954006988,0.720422976379165,0.8415364137752113,0.9330827302809208,0.8045536438801336,0.8963319507171615,0.9150548493021691,0.681076632903457,0.6716720263921434,0.9379175421024982,0.8574342827143574,0.7370207037798505,0.8583287455644607,0.9021815578653466,0.7989493403715173,0.7368836487418292,0.783709658399313,0.8587580381028217,0.9212993827582058,0.7826726083257968,0.7375698389235811,0.9208150026761801,0.8128613151770558,0.7205259244625611,0.8263025976638873,0.8320001031737119,0.9106855923382958,0.8161069380489439,0.7990205349241712,0.7338264461197079,0.7695994205605172,0.8874998510791976,0.6613033630627386,0.8464988283664044,0.6028419424596818,0.8748884963216891,0.6824101229545386,0.8401892795597204,0.6651060707835678,0.8539743025533238,0.7102837400250623,0.9576784648151443,0.791890148746354,0.8895632145586785,0.8913619952487439,0.933852235894225,0.842985265766192,0.6931333532862638,0.8425988718469796,0.7854167002992181,0.7553063564301784,0.9633402551303151,0.7699237193072069,0.8309234866974491,0.8100912821833196,0.83721811447054,0.8135981957003804,0.843608626790136,0.8388428403399381,0.9389784206631848,0.6349513866923717,0.9132164637948258,0.7991690322832824,0.9282244517099695,0.8833528653040705,0.7994522857557432,0.8252165771061952,0.9010933507527888,0.7408827035123398,0.7695784700356836,0.8010425209401714,0.6859371601025552,0.8856427485398162,0.8243585944941739,0.8270767177046685,0.8582890024647629,0.7111404261537502,0.8677808056225205,0.8897161698992944,0.6667894236343336,0.8524116829480006,0.8217684938708492,0.9022075001704766,0.8723910747380809,0.8902918867085235,0.6784913426199445,0.7671863832337238,0.6882220326682449,0.8368867038330986,0.9284894069728277,0.9354392183962567,0.8891975018417889,0.9051340138261899,0.9476817115403732,0.7015992868596594,0.7305677596261049,0.7491695490765625,0.7584767840517294,0.8827592047325079,0.886877620674892
0.7613893641268822,0.8171424754315375,0.8215553853140437,0.0,0.7321885829008313,0.7119131406798584,0.841730426592582,0.7654397217667329,0.6661482299448059,0.7679697509710655,0.8734209877964296,0.7332534490141432,0.8370130069727024,0.8617241496475185,0.8359262724942418,0.7914389388492074,0.8373457064264869,0.8045348012090223,0.7350468793384071,0.7662575747590477,0.8071314898892874,0.8562445687233816,0.81569761919978,0.8649618117193695,0.7389281148820338,0.8347402031580482,0.8294618986779896,0.8559545448223578,0.8694095387928729,0.6597233800429523,0.7136669978706031,0.7331756883876086,0.9109968580985621,0.7792106932763354,0.791349388638893,0.863735307150966,0.7858828540039248,0.8114959371993301,0.8072037659676632,0.9441747983722769,0.8606909169768932,0.6898705777527868,0.7169821997949248,0.7677610437652004,0.8454237135459711,0.7955081212581064,0.6928051920671504,0.7636976120242314,0.849000305699463,0.7742947689282877,0.8190409605164156,0.7855492853952539,0.68752445052836,0.9183866232488076,0.8533882456198848,0.6646217034808428,0.7884724557344311,0.735160741448134,0.8281280759613511,0.8710916331961961,0.8730451251036402,0.6468475022097563,0.6918792661884396,0.7343766535435204,0.6807607210668056,0.6960074089097967,0.9115471647281399,0.7434618039907835,0.7825394502738188,0.7762044258771731,0.7777696020744528,0.7476855798900056,0.73269980039951,0.9086586098391941,0.773012954517492,0.6649204885167203,0.8794368065865728,0.7772734467779023,0.7530167198312101,0.6208925728335547,0.6517113335435819,0.7744669145148,0.7223713411832348,0.7578415789411989,0.7372548217676583,0.7908126709152153,0.7027460548452134,0.7215920201816428,0.725946476618161,0.7083200972140322,0.8090157981127309,0.7131721461406353,0.79396240391082,0.7262990915170543,0.8651744894136861,0.7314603627428299,0.6649090864395755,0.6977218884195248,0.6207123265401299,0.8524099403175032,0.7945173286847577,0.793607069209689,0.7108629276483233,0.7226389245737156,0.7119613768770717,0.7774669307514479,0.7609084140688652,0.7477061754188421,0.839722584240641,0.7841595176263104,0.8194502104602708,0.7431121623084297,0.7972726620744133,0.7725845117644471,0.763000030257305,0.8236515158965835,0.6739610716581598,0.7595169935626339,0.8070067745036994,0.7782090951461368,0.7882466788674958,0.7971367001412931,0.747039117176396,0.7948273071871964,0.6384952776391593,0.8296023193792255,0.7694651549777091,0.7959889203937984,0.8894964587903237,0.8170326982040786,0.6485864673290807,0.7173407050628803,0.8274199737571495,0.7802491460349321,0.8275196596249441,0.6614446108095327,0.704764752179789,0.873282042249333,0.9020026495810008,0.7559888439134514,0.7562318188019284,0.7473232717500722,0.8376929724908496,0.7294186990296041,0.8102107831633847,0.7062445493450485,0.7248610983770897,0.7469156885852244,0.7265312673068115,0.6209046876235084,0.7763324788264692,0.659325748830472,0.8769644692953658,0.7872306780279185,0.772137357909458,0.7943188331819734,0.8823738228908077,0.7554617307561401,0.871289472795237,0.7387068106417293,0.7112842735113691,0.6808931206042182,0.7153379999105339,0.8186732748025988
0.7848460513742805,0.7725145770301063,0.8626965455356131,0.7321885829008313,0.0,0.7679356711638515,0.8661760024926566,0.7186050381497362,0.7283430763547363,0.7339283064965676,0.8874830875760362,0.8371591852779776,0.7760285695384759,0.6798956108721145,0.8203160195175109,0.8841495800682583,0.8080325954238632,0.7384709012600521,0.7281539867232208,0.7385528307503418,0.8741694051799136,0.8745061339419945,0.7859955711088537,0.8706288822430777,0.771589807130871,0.8645138828321205,0.715622531942513,0.6849917794181899,0.8023535194396026,0.8174193558785937,0.7622308745873188,0.7627470825624932,0.7646080050585768,0.7434004373257056,0.7550058472180892,0.7800304816386991,0.8509615405829041,0.7887605698143872,0.8690099056160879,0.7947710224628661,0.7718838356102269,0.7938710490413219,0.8005417372559556,0.8935005130513107,0.7603923680261837,0.7353016866420765,0.8202720995954397,0.8944873248569302,0.837406406744157,0.7589945129203057,0.8097779514362189,0.8043936056932611,0.6022428084963051,0.7876435219942886,0.7746382537834842,0.7329876464478039,0.7588615971566643,0.896021303278075,0.6641458651971359,0.7448121974554975,0.6668413314170064,0.654926492062114,0.690078175800504,0.678482835336828,0.6526708699836079,0.6156884915287039,0.7346590388219999,0.8423253263457499,0.7136284662073926,0.7575016070624069,0.8393953994895151,0.6575218119821042,0.6259545156827765,0.8100445223746969,0.6898165564772244,0.6334075355552243,0.8356870770327017,0.9366779752497271,0.6861793031422874,0.7295022196087253,0.6701045022222011,0.7871998180639056,0.8252382341215826,0.6416339746705984,0.7065221747281037,0.7761835956472884,0.7329573138894409,0.6733000025412863,0.6616010512989906,0.7405352104216278,0.9431510377286402,0.7480088208502306,0.808238841741221,0.6482213645090654,0.7253344655180024,0.8171537276161689,0.5811756975083827,0.7207360081048706,0.6882474036592867,0.6949145797375795,0.6939493655379425,0.7677449794418646,0.6805843674410126,0.7443705698630274,0.6435944357489978,0.8093639007727085,0.6700950296951784,0.7491828805072012,0.7663184740638094,0.840922324613479,0.8630831928845244,0.7866930237724057,0.7017183444435838,0.7053096899308626,0.6613662510521205,0.8080463732514486,0.636576087956863,0.8588509607372695,0.7455271017183498,0.7284609573288588,0.9197946659994097,0.7283058934172815,0.7699032129895349,0.8509134094926754,0.6638690554344954,0.8170681256921684,0.6886685782098153,0.8682673909290761,0.7572164325054157,0.7326507147503567,0.6983544149868305,0.805176808419644,0.6681531523507005,0.7878621420420623,0.7812701870728569,0.6782126511893664,0.7936655626519693,0.8102748201301263,0.7446750686210925,0.822162595285756,0.6167568212853735,0.8680885720658379,0.7655804832685306,0.6878447825079438,0.914176848533205,0.7877368661602313,0.8642212662882706,0.7230269980858954,0.7658245904093659,0.6776563984467862,0.7467757273574666,0.6134342247734136,0.8089352082932955,0.8136559301368347,0.8276052070222815,0.7830694224755298,0.7911671604113816,0.8298461630073903,0.6690406590567599,0.7148218667290145,0.6134971742596507,0.6993814007670525,0.7651836307888704,0.920835193863679
0.9091763728065981,0.9012989027807419,0.9225591344698169,0.7119131406798584,0.7679356711638515,0.0,0.8066462442649919,0.8999003899359013,0.8481851193319405,0.8892159923612665,0.7618843943160415,0.8671115386294544,0.9096923834228107,0.6869982695120148,0.8240533651560209,0.9057023464907099,0.8751352925228093,0.8322503705552794,0.8705385775936156,0.8643509128804604,0.890151604431233,0.8745663040224877,0.7722071897185477,0.84495557279011,0.9012745847187201,0.7085532862558135,0.7118308814885034,0.8153294925368735,0.7467171888027195,0.8922534951817248,0.8453277157150684,0.9244406106921883,0.7911193581888325,0.8061058722245527,0.7462415876566754,0.6848903316606848,0.8763391682002953,0.767101374470036,0.7378166333066439,0.7677449835418263,0.7483584292617819,0.8837620012784032,0.8040855346270686,0.7582884862549373,0.84578069798807,0.8810732845725389,0.9195198339353781,0.7500081030500121,0.8013269498212287,0.7581465825840252,0.813913224875103,0.8911783133781012,0.713210814366948,0.7705577714835476,0.6613254185453108,0.8916684267643906,0.8357492767930397,0.9041389183924461,0.7059133970381269,0.8205025406668375,0.8278212183543491,0.7438287753829101,0.7696993708993,0.5774452309568491,0.7238596959166014,0.7585224349170256,0.7569262601431458,0.9128320457458142,0.7391368764920841,0.8973790102968766,0.8996774802170451,0.6412306136949708,0.6507838975477402,0.8610814603215071,0.8850214225810581,0.8047551282503163,0.7635279498331234,0.7927661169844628,0.7924665706076098,0.7658689964858221,0.8398217449306593,0.865447174561588,0.9223212492028364,0.7689476271213858,0.7305548249302993,0.897554215949029,0.8612694695136867,0.7142264257434973,0.8744890455071435,0.825585476908398,0.8137894794803437,0.8374820772719744,0.7443277160679006,0.7741228662548719,0.7024034539288204,0.8682705251198788,0.7044550815157501,0.8741206530227231,0.5728760044749412,0.8505687050789754,0.6291876373822671,0.8299640977337269,0.6243799659377152,0.8547030470660871,0.7210918052875924,0.9299533188826976,0.7945760291369995,0.8734482885113333,0.8269621076810589,0.9109227204597976,0.7962803297338413,0.6230076868895694,0.8548091436142569,0.7445597714666466,0.7335047274492478,0.914574035155577,0.8539322523936237,0.8008011029695181,0.7403412673554627,0.77788536710544,0.7174737550127627,0.7983807693373015,0.8485189388537495,0.9229527709645325,0.6492691273608673,0.863713604288989,0.7772176719019919,0.8584428936906037,0.8051714988521513,0.723356399143351,0.8761901154096715,0.9171340632226292,0.709151092104546,0.7389100591137422,0.7619810482356938,0.68693020608136,0.9111397638054602,0.7165230882413849,0.7159393759153441,0.8573463071389729,0.6934137968568289,0.8388915870004177,0.8763227794109198,0.623915992233592,0.7603088561509871,0.7937847356048691,0.887965005383427,0.8731466607060935,0.9062318057315298,0.6432888205840844,0.7750882223570088,0.7262041819195866,0.7696924507764795,0.8534679732070742,0.9198353934486093,0.8774586254981819,0.8567721634271716,0.9237171627785802,0.6257182532408065,0.7114965347863059,0.740676757671205,0.8199471679032451,0.9106036427356746,0.8192777504853328
0.865848669069548,0.9066033188349482,0.890628877980277,0.841730426592582,0.8661760024926566,0.8066462442649919,0.0,0.8515319983914023,0.8215133644540307,0.8913527270084494,0.8666599770053632,0.9002441184924223,0.8907936656056702,0.7835682283489652,0.9181347231782508,0.8750257766625456,0.8207374381500924,0.8294303077805505,0.7656324393488697,0.8201652354718508,0.8411229261680868,0.9328201285409222,0.9454462436753575,0.9495180860346034,0.8996053346954679,0.8480222213213828,0.8802796195104993,0.8059851674131397,0.8488455879440651,0.8477789199549464,0.8710968533995032,0.8229988641905324,0.8684010963694013,0.8842594665169584,0.8356564224626524,0.7954528392481167,0.9466982283559006,0.7907946152312199,0.8479161515316018,0.9094473349231899,0.7874042277401875,0.8548456057352706,0.7749329297450055,0.8178152595136812,0.9245861976759405,0.8343024342662629,0.8539171726760608,0.8086323520213122,0.960716274644393,0.7493641167905161,0.8116787872175134,0.7881915962678139,0.6266381802864486,0.8162942905648247,0.7775274258189141,0.839364940240722,0.7728915559756186,0.861241074727152,0.7658598279234583,0.8407365857469532,0.7643384418114173,0.6437702977613234,0.6482086296671596,0.6920567889142968,0.6617482978364507,0.6473442355960247,0.9120384933838255,0.9000225285703699,0.7686625913391268,0.8659328374888088,0.8630611448772101,0.7093507358899955,0.654811904529478,0.8883729094030605,0.7344406947308602,0.7164460522643235,0.8696210043094403,0.9246027944279017,0.7320424367848778,0.6575653944876969,0.6554323163078251,0.8574786951426848,0.8962333465691207,0.6848642399364334,0.6838644956482344,0.8813498151821486,0.8071556764236776,0.7489153563712694,0.7941099448392005,0.8688364579318569,0.8929530456781107,0.8787517146904644,0.7825189112069959,0.6843159123220678,0.7569331148647196,0.9178888808335476,0.5950547812807389,0.8389614142290001,0.6509784792861747,0.8609739241608061,0.7606131784487331,0.8198364608587446,0.7296609022504851,0.8621343297594767,0.6658238345340652,0.8711421961596385,0.6919343910209114,0.8671798110357904,0.8568229725221514,0.9277787951573748,0.8773353744234313,0.7254596852763363,0.7818961562235118,0.7987373197829238,0.694421490653951,0.9033326380034482,0.7042077564238903,0.8952210709541355,0.7189747604129235,0.852024941509496,0.8179265136857955,0.7901470278631532,0.7943365478305326,0.9055718059185782,0.6579982496978649,0.894303179871342,0.7300189941109492,0.9560388900585965,0.8166087468857838,0.7984177713087562,0.796328984439411,0.7391525421767323,0.7597631686334432,0.7872897366259509,0.8188513151509705,0.6515434737012427,0.8611111104664451,0.8859430242683642,0.8810753988875499,0.877605402762261,0.6921345915620818,0.831096204416039,0.9017156243459757,0.6640984045627989,0.8960193899471949,0.8929262459798519,0.8894274980869955,0.7872319801255735,0.8682109320415119,0.5817300041105818,0.8147876243472548,0.6420476548345252,0.834392319691809,0.9421937612827974,0.9094091805014605,0.9173068999256856,0.918945206666247,0.903589829052721,0.7665382978125145,0.716147525794825,0.6779879219012539,0.7490931594003442,0.8702268666120277,0.9014371661441082
0.9062716832817896,0.9600950260248504,0.8877752183207451,0.7654397217667329,0.7186050381497362,0.8999003899359013,0.8515319983914023,0.0,0.92448711380823,0.956320777829235,0.7458079704537715,0.896237767020711,0.9178376304145296,0.7326781452798006,0.8754056028529792,0.842281546747861,0.8092993492036212,0.858280464338414,0.8259026811232738,0.8859531323266929,0.8030112123547932,0.8949490483782844,0.8756999789229176,0.8700817920647893,0.9514226724818589,0.7021951860278941,0.8536643337322307,0.8592254053330445,0.7495783167325588,0.8869522268901229,0.9161382728105519,0.8457316564387264,0.8395482791155818,0.8650439857478281,0.7955730664444942,0.7023158009141653,0.896947611492965,0.7787638658484678,0.740834603290347,0.812853608045058,0.748575831927534,0.889983388579154,0.7443331193243953,0.6934258645111339,0.9509638718250761,0.8860913792207504,0.870318638108829,0.6822856870053282,0.8424223356851456,0.7183970020734318,0.7446617059901646,0.7929460703083985,0.6673541125808374,0.7457211430081001,0.6470641371728973,0.9279519611071879,0.7771497716666116,0.8592983252643234,0.7241145106079748,0.8386236802651363,0.8265623562692564,0.6573537626821844,0.6686323757403336,0.607923739079541,0.672286495672994,0.6942177984858259,0.8415448062844301,0.8811074778300617,0.7638271481026865,0.9685675925465882,0.8508604186237583,0.6625259988996849,0.6277768969233131,0.8423243242035066,0.8442954673880065,0.7774319301858215,0.7336623914260197,0.7733606254431972,0.7944898673202041,0.6202606960546804,0.7095691647260619,0.882601014316798,0.9284526107485569,0.7563502280555824,0.659746173351571,0.9707859863464434,0.8758027784284621,0.721074539667797,0.9144116138240133,0.9223805921289617,0.7798979993417203,0.901760389056386,0.6982896779415086,0.711494697341932,0.6868400884201302,0.9208007683265309,0.6587201575955547,0.9336354562779273,0.5640371986546235,0.9060004428453572,0.662119416997231,0.8063481018698084,0.642760125308216,0.9419338079739917,0.696517078700642,0.9081014939485208,0.7192807822164825,0.9452017934226341,0.8348091320440172,0.9053273217084241,0.7519946998979555,0.6136960292744332,0.7938093314165804,0.8356887213371477,0.7106436003300552,0.9418929329640655,0.8064783201692142,0.796458841912704,0.6567178476351951,0.8755280193060889,0.6802911259782355,0.8492539560921792,0.7907671687936537,0.8773599541132714,0.6290281360458402,0.8651019417633792,0.7229345769626232,0.9071724472169256,0.7951449595299758,0.7535619748549715,0.9367324386338395,0.7722086485221433,0.7502384628967713,0.7534839976844352,0.7762957479804312,0.6296679211393005,0.9172033793249119,0.7694378626236978,0.8296330540300438,0.8836463619334207,0.7146041976976856,0.7531249117489799,0.9161408236937972,0.6135313373943553,0.7486364108229286,0.8487309800501525,0.8999768682517534,0.8339806474380544,0.9494537324179059,0.5874522294479152,0.8047998057761455,0.6836709087027739,0.786485774228521,0.9211751219506438,0.944281601247416,0.9485706311322252,0.8923530279265577,0.9148117220504953,0.6783609311505454,0.6317247538272085,0.7205998787167441,0.7891624157593844,0.9578595436603302,0.8060814554975647
0.8890403833769364,0.9047469009338095,0.8066732090370704,0.6661482299448059,0.7283430763547363,0.8481851193319405,0.8215133644540307,0.92448711380823,0.0,0.8847598587656338,0.7027308111573138,0.9006044517955634,0.814820466065858,0.6727322367677168,0.8336166490886987,0.7710169349271946,0.7185539315538851,0.7940981934103686,0.7963626635385054,0.8630226103326587,0.7479412120239423,0.8591593630628862,0.8329111371278324,0.8123801581278901,0.936506555730632,0.6337546836502307,0.7938863544743908,0.7556510928507948,0.6788406108065089,0.9172181565295158,0.9500688912412542,0.7928118426746739,0.7416865118431951,0.814567938150531,0.8067426361718548,0.662035528783562,0.8622456072092276,0.7329107538209744,0.7311146655185614,0.713882563636492,0.6708277158286633,0.9233415230216354,0.7072060765915866,0.6786953869475177,0.8696574203546604,0.7837774833489121,0.8435790100468521,0.6576642771484483,0.8047584585200609,0.6805493221193397,0.6822698178950624,0.7163105038840043,0.6156847220714589,0.6705757434107009,0.5968578628984526,0.945707466415089,0.7206150711704875,0.8398291026611135,0.664822368335198,0.7479263272944535,0.7078178633093716,0.6105253673483899,0.6094682637985223,0.6091892191606958,0.6515464682850496,0.624817579709666,0.7636620749634435,0.8451426457095803,0.7052127408999647,0.9130477960959678,0.8137666529470804,0.6321993699999607,0.6065882638006076,0.7394435266404139,0.7555336604520622,0.7328074845456781,0.6556058737116837,0.735777330114651,0.7000818425077078,0.580610905843682,0.6468602990804325,0.8911766746107996,0.9098319145280895,0.6554705659893939,0.6185956361725218,0.9144957402003406,0.8744430037321699,0.6952106318736541,0.8272808260407124,0.931194104457633,0.7560015889923765,0.9462473428164744,0.6556453992208158,0.6534832899584089,0.6424004840415247,0.9238096271598165,0.6181679577705954,0.9263301981749217,0.6139662046534635,0.7896817069412319,0.6365968569782187,0.7248994260996551,0.6276964186016735,0.921443816801428,0.6594021833506811,0.8135983709606375,0.6219086355131177,0.8977694893406859,0.7354291362885771,0.8700854094230424,0.7231166763030143,0.6158650786004733,0.7230425948874463,0.806291812092809,0.6282691380718448,0.8556332951633573,0.7496816378762279,0.8005106591735897,0.5849008353355478,0.8558865220613064,0.6678287977857282,0.7466462651487545,0.7702564567349014,0.8129904589321078,0.6797011301042516,0.7778228586208276,0.6617723818548034,0.8622427140014819,0.6898534039308244,0.6872173258942117,0.9586178694591077,0.7163993294328588,0.6776793793239886,0.7880138096788956,0.7587995623588805,0.6139997288543054,0.8973837173237716,0.719494755149416,0.7506052340971762,0.8684966504413617,0.6445626029165858,0.7468904128782057,0.8746304422531773,0.619889721853721,0.7283586398898138,0.8728705756634785,0.9274718203021104,0.7326074396727849,0.9292864064193048,0.5719250271937303,0.8042602536412438,0.6431874183537992,0.7537842531516362,0.8673327013071419,0.8925455010068785,0.9150090081762993,0.8104865971618126,0.8505968164232627,0.6271874413001484,0.5764851885438567,0.6299286545721635,0.8039283475716549,0.9564328058768443,0.8059709598067761
0.9039929233125793,0.9569689551890357,0.9008839895478887,0.7679697509710655,0.7339283064965676,0.8892159923612665,0.8913527270084494,0.956320777829235,0.8847598587656338,0.0,0.7541504991047054,0.8680054485740453,0.9491549848222206,0.7732019633180452,0.8762706103444712,0.8631226866364271,0.825711410514556,0.8784118436806319,0.7807023946177578,0.8575667629141286,0.7883248206329307,0.8896882129583266,0.9049442781679519,0.8720157913148691,0.9548907732205983,0.7302983395274506,0.8805743101198636,0.8627781029701816,0.8025982476574843,0.8858263505684772,0.8848158846844623,0.8672702953349266,0.8488756061894371,0.855658425292926,0.7913954122514306,0.6972109343051041,0.9208358706845081,0.776570011502631,0.7107969384279066,0.8501467825250947,0.7480781025499379,0.8794618289779815,0.7503080776078523,0.701638569566431,0.943974366713789,0.8965362181480113,0.900857859966797,0.6965450480090031,0.8787899650139854,0.7126456566461736,0.753168392757213,0.7905337096103157,0.667869919043094,0.7363221223166169,0.6631494040954636,0.9272994756538905,0.7638726500028444,0.8387729970588186,0.7536308122630695,0.842930215800076,0.8070641167742462,0.671772994582638,0.6647573818684619,0.6171138370418529,0.6625984112679386,0.6906333418508273,0.8575704036991213,0.9162360897898405,0.7986861418925421,0.9482068364544683,0.8486422215392493,0.6844204101024046,0.6256070463321056,0.857898138200812,0.8251298870852888,0.8024689431794662,0.7552946654552813,0.8176157905637894,0.7820975264277843,0.6509363196247661,0.7233626135005394,0.8347030596134183,0.93941360901959,0.7656392018073527,0.648624287578799,0.9457400129135946,0.8351540726245315,0.7440687460353302,0.9301786495500761,0.9000640516040705,0.7966497503183134,0.8832747045546395,0.7173397181482251,0.7073411931296602,0.6951433693048342,0.9314245705430027,0.6206161723916005,0.9127364663697348,0.568232053657505,0.9262679637645058,0.6813967268057926,0.7851088810666086,0.6487616896898089,0.9384480601246126,0.6837214595468963,0.9217985260135654,0.7154889621024924,0.9496207412684081,0.8709361850717477,0.908776192535407,0.7471786340276761,0.6049652311621843,0.8083023288694371,0.8263211914000735,0.7224530056220161,0.9492198014825768,0.8115754376506776,0.816971803270065,0.6765114099279701,0.900003527078252,0.6892053601468154,0.8293612855177978,0.7818006457662563,0.8959907706870311,0.6207771868194955,0.8912631996051459,0.7280071162107099,0.9071186359494433,0.8097846149462775,0.7832723635458629,0.9245112615240708,0.7563952316403714,0.7565404311842701,0.7039649340497572,0.73778092298696,0.6368235163383122,0.9218128240483703,0.7943230271089493,0.843902267589894,0.860277834887391,0.7336969441640505,0.7786854380221696,0.9032617217961171,0.5920471876520869,0.7644598062564022,0.8616566630103345,0.8673066425597615,0.8683453253506336,0.9513847715397474,0.5779791985008484,0.7614657337777322,0.6976472893458637,0.7554757997711277,0.9514873534850506,0.9283420123619233,0.9310208002993818,0.9047376616734502,0.9314325588341512,0.7044981620565621,0.6697884986343752,0.7640274841732817,0.7914279756124339,0.9440034657960952,0.7950541003196173
0.8044072662742285,0.8008881119156858,0.8637719442922313,0.8734209877964296,0.8874830875760362,0.7618843943160415,0.8666599770053632,0.7458079704537715,0.7027308111573138,0.7541504991047054,0.0,0.8057270984620616,0.8363060247878147,0.7854895361995403,0.8305965245251623,0.8987001088732586,0.8746917388606545,0.7879852458074023,0.766856740193846,0.7873598360499424,0.8803588845266855,0.8977135921174056,0.8230096652373415,0.8967967137998123,0.7827007367097513,0.892143732336421,0.7853160582944758,0.8122087327916285,0.890459547073807,0.7515810584926654,0.7462980265165593,0.7789085294753528,0.8301264686404113,0.7924559564748686,0.8139414391709349,0.8445461236148264,0.863299913645025,0.8599095471392034,0.8886420184847508,0.8821835054074151,0.819367736006942,0.7575075569318814,0.7835196499197216,0.8873499248703346,0.8094778209069408,0.760438191228368,0.7407448415105968,0.9147671411656869,0.8906724691885718,0.7849180492963038,0.8404441694761299,0.8146691083428246,0.6395537921314947,0.8811742771493712,0.8789187499590977,0.6955637154830562,0.8110922401121669,0.8553896035850317,0.7455998519203244,0.8122855888846231,0.7918744621879958,0.6469864113496421,0.7137957201610677,0.7373917082945419,0.6697393637358697,0.6612772804471889,0.8372900496952816,0.8001286172852909,0.774053567980866,0.8016657685178483,0.8240636539471452,0.721597948890814,0.7283966482790745,0.8870958628261304,0.7597336639701933,0.6565455006998971,0.9184434857894828,0.8825806075359918,0.7272051839595419,0.7230832188358571,0.6738258379213452,0.7847722810911908,0.7779390295200211,0.7272417018955302,0.7707182042031637,0.7938573279838657,0.7800282807514929,0.7042669083933483,0.6923207249954384,0.7242693069725903,0.920324547217758,0.7192551377194456,0.8418960044764263,0.7084414188532447,0.8237181618616779,0.7845788731652427,0.6221083826701335,0.7083735931175926,0.6814864040596535,0.7609109263548359,0.7933501156920755,0.8215116159473794,0.7024275982701842,0.7291967776448935,0.6931960084526495,0.7987062961138668,0.7214685419350746,0.7732148434192962,0.7937906337109266,0.8430534170534407,0.9027223353057229,0.8180712076640761,0.7904326640919166,0.8088383486155444,0.7218348423834221,0.8341380721049139,0.6651286566000886,0.8661287053138381,0.8302599814727091,0.7810719852813311,0.9079134822975755,0.7723999291795524,0.8255296898186142,0.844118648538838,0.7012822853298464,0.8523019141207845,0.7231625508429239,0.8426565986389452,0.8597595955699926,0.777098093858198,0.6750745105584901,0.7978308240685961,0.8335363168439289,0.8465452070352228,0.8617491570960489,0.6852388016055806,0.7633357121362254,0.8585377193661584,0.8413057036948353,0.8088822985110318,0.6868925414481436,0.8803493956239893,0.8008870148485935,0.7368345252179238,0.9412710567511792,0.7510144163812743,0.7965893990452169,0.730151688024455,0.7637299933835909,0.7258800579162391,0.8168684226492942,0.6461437138181537,0.8993582677547369,0.7851514501220398,0.8183437299878185,0.8120154258516284,0.8924542590156599,0.8049287473273115,0.7913616161418149,0.7877389124602786,0.6494810368171431,0.7329694548330753,0.7367000792475514,0.95055708849305
0.8503128659731889,0.8978491847654737,0.8768075040952645,0.7332534490141432,0.8371591852779776,0.8671115386294544,0.9002441184924223,0.896237767020711,0.9006044517955634,0.8680054485740453,0.8057270984620616,0.0,0.8321375928784241,0.645075625233774,0.8411372370199709,0.8632780031942093,0.7830416528073669,0.7524259534400157,0.8184164315818268,0.8229007475529264,0.8476388391921534,0.9005343754417505,0.8949272955171942,0.9114807229160957,0.9342157891366057,0.7461893596607017,0.806302371292652,0.7721907722477953,0.7260078779415542,0.9346731735992743,0.8992643010886577,0.8039348687712312,0.7646749904885335,0.9084283152037242,0.766842177410541,0.6977535545488891,0.9103950240464111,0.725850179528561,0.83142901975873,0.7782701530000562,0.7070517539249259,0.9494462824211451,0.725029982042883,0.7536500638351793,0.8838190356784783,0.7832803536439578,0.84863001875218,0.7474487820102861,0.8583069267351885,0.6846054764792394,0.7335042943284663,0.7672581348176347,0.5802975297802201,0.7404883220843637,0.661038049750891,0.9155556466722752,0.7401128214031851,0.9404649982142014,0.6452656094566386,0.7577182846622476,0.7189549116511121,0.5918504831150785,0.6181309996751021,0.602834016174788,0.6178866659368099,0.6076847556833358,0.8037221088774105,0.8548456549811927,0.6703178634068533,0.8754730694758103,0.8207168903776493,0.6001057981492907,0.6074873627319353,0.8051515987374191,0.7329217265265766,0.6732901088775628,0.7757269322175151,0.8619689149066003,0.6946284938944456,0.6391666046195599,0.6415937429119898,0.8706822109665096,0.9274537024221561,0.6342377294076259,0.6560962732722011,0.90056744497884,0.8659146843776955,0.6500825036879659,0.7726266597553407,0.9358706665560107,0.8276545589364134,0.8968223170577643,0.6900514389363177,0.6445257313346654,0.6510157663921021,0.9292711099302864,0.5866812609022051,0.9134986571860638,0.5913149376838277,0.7862610115508727,0.6379505087652229,0.7914088879931304,0.6467559384619161,0.877378029801604,0.617901239451168,0.856787107541638,0.6553105503874772,0.917150356116129,0.7545905321731382,0.9563776862065809,0.8594725148184243,0.664577001261732,0.7269044872750718,0.8038453890662417,0.620136243252965,0.9011245371495604,0.7004102744178468,0.8380455277489693,0.6610017688991626,0.8055036575647765,0.7379155608863065,0.7345673688412541,0.8110237066295983,0.8707951907379697,0.6237637064030943,0.8264034632465099,0.6768170996962954,0.9516930952483901,0.7485707518283913,0.6737469651595736,0.8825068035815069,0.772680113417941,0.683050906120076,0.8077210977017892,0.8003201408577404,0.5915308535693284,0.8913310286855272,0.7488584139924571,0.7782951067376339,0.8776549240788569,0.6020329398592513,0.784402638188227,0.8688070424053919,0.622926454085853,0.8235153877643603,0.8848021398939273,0.9582415495834878,0.7394593681939478,0.8993546739930849,0.6241103768876206,0.806237298096753,0.596624492009016,0.811645934507015,0.9085444866246754,0.9646037303847624,0.9077701453762448,0.866304127951442,0.9315111170141382,0.6286139069880412,0.6271555800752514,0.6005785994583255,0.7338636688767508,0.9036945245110383,0.8897703205000339
