0,1,2,3,4,5,6,7,8,9,10,11,12,13,14,15,16,17,18,19,20,21,22,23,24,25,26,27,28,29,30,31,32,33,34,35,36,37,38,39,40,41,42,43,44,45,46,47,48,49,50,51,52,53,54,55,56,57,58,59,60,61,62,63,64,65,66,67,68,69,70,71,72,73,74,75,76,77,78,79,80,81,82,83,84,85,86,87,88,89,90,91,92,93,94,95,96,97,98,99,100,101,102,103,104,105,106,107,108,109,110,111,112,113,114,115,116,117,118,119,120,121,122,123,124,125,126,127,128,129,130,131,132,133,134,135,136,137,138,139,140,141,142,143,144,145,146,147,148,149,150,151,152,153,154,155,156,157,158,159,160,161,162,163
0.0,0.5990063046006783,0.5326321253664442,0.5451573436528979,0.5781530935033578,0.5675541213712113,0.5934694868700271,0.6186921953851451,0.6538870372342204,0.5123374585248262,0.6005124633616696,0.545942018466388,0.6453468367932702,0.6199589725620299,0.5948490700464641,0.6027640610140382,0.6190133074413309,0.7498154924925122,0.5902636043809639,0.6989880444469566,0.6279450629592525,0.5888320065148723,0.603014497734103,0.5784287384084755,0.6327633008879106,0.5705034809444763,0.5321192700483942,0.5960818676419769,0.48355113318689463,0.5917732687120002,0.639395312012754,0.6293962759998024,0.5520423221713628,0.5660674089209201,0.7092650994609629,0.6023108453301053,0.6659123061099135,0.6727434014022926,0.5415580459153393,0.5954250586979213,0.5979633976306087,0.6143295348173359,0.6590264390006524,0.6134475972199971,0.6370143150006106,0.6444268741334068,0.628500796708888,0.5805140687799218,0.6881390099379617,0.673215506913972,0.6652388025410064,0.6407353169002047,0.5791060065248107,0.5537191217366139,0.5583549344862675,0.605696397466755,0.7062943367124948,0.599737034684497,0.6367006352745473,0.6603513447963746,0.5700184401986677,0.5795313356901444,0.6493590764531554,0.585030965867929,0.6240123385766589,0.6118258110091497,0.5912752677223915,0.6384299330929573,0.6027716808765232,0.6711886952556377,0.7213739090824454,0.6423165344517848,0.6132389330039698,0.6363046886250026,0.6114741302554509,0.6381996871664337,0.5697595514925595,0.5636099921342788,0.6143337563832658,0.5411714271297015,0.5899103742979258,0.6573147763573026,0.610507579637378,0.6104723612759447,0.6256066137707341,0.7085081620101608,0.6325160495497638,0.6481625321202616,0.6304365343001885,0.5698576336558542,0.6743332655064571,0.6213942197260479,0.6285529507976586,0.6495981476289747,0.637585092665099,0.5514293544732103,0.5402964603027522,0.597044217122323,0.5951032683976788,0.6173584389802488,0.5845940274128919,0.5737998357943944,0.5705688405433321,0.5255590261944598,0.6939025445028472,0.6255173389906172,0.5625413694095243,0.5860724151913961,0.6218581169659035,0.5951992631426253,0.5906112741812093,0.6329422004449592,0.625716291006246,0.5621821316470605,0.6519431855960974,0.6249878591328677,0.6510033327599655,0.5666521613189557,0.5357795709083019,0.5887509020427331,0.6369806516696614,0.576275293119415,0.6508835036561085,0.664122480379894,0.6290328874745061,0.5446449026616728,0.5683381530639825,0.5796750499138292,0.5510675167931209,0.6180962855924524,0.5842952281368285,0.5900967810052379,0.5927190374018979,0.6198811122156167,0.5764023353924471,0.5853248507896597,0.6109514742385305,0.6126408697940783,0.5579564332258694,0.6485923477638162,0.5483301708241616,0.6066541218600106,0.656050704902958,0.5817139741223625,0.6151385136202323,0.6151780705485477,0.6336769060833598,0.5441438919789352,0.5840401877033286,0.501727180201754,0.6904301927186695,0.5984412425065204,0.5857740746124689,0.5331984003418648,0.5998371744788092,0.6721651241074068,0.6210811345497451,0.582968096161349,0.5614829638320447,0.6057233160369803,0.5501969507342976,0.6959087666923364,0.5554381042052097,0.6970491273094802
0.5990063046006783,0.0,0.6644575970548512,0.5864681190234909,0.5379373814944634,0.6394000657396773,0.6164554598928994,0.6970035347699877,0.5687114130525227,0.6311846058244651,0.6326794564829676,0.6458608737716212,0.6432660367595758,0.5783602587305396,0.6238505432836184,0.6059188737129234,0.5965012134810694,0.5892122528414643,0.6112051866190602,0.5869756120053872,0.6334045914438228,0.7145404970828109,0.5647554954514391,0.6252717488090217,0.6460132118014836,0.5168854895641496,0.5422099700044993,0.5691293489738654,0.5898703718147243,0.5426019921152914,0.6262170423228871,0.6167400392306888,0.6321737947766263,0.5347942980140933,0.5818351213065769,0.621514558975727,0.614387473535459,0.5857756562394038,0.6063605720655882,0.606359110706006,0.6409135590111403,0.5929322023009382,0.5534362926503037,0.584194569840052,0.6514603303983011,0.5863814543948189,0.5596124640193195,0.5825018716845283,0.6179908570824173,0.5795254019437203,0.6095741679372942,0.5717256445826499,0.5532370362117232,0.6632721171916988,0.6196580041758502,0.5923824268154485,0.5871449217577355,0.6125637006627753,0.6054081627914337,0.6279313029538134,0.6580419120944268,0.5188737960936131,0.5634778439223647,0.5358477794539571,0.5301899979752067,0.5352927400390906,0.5895041441609518,0.5821595104461341,0.5382845737534051,0.6332323107675669,0.6015761011823471,0.5396846229943623,0.5231812640812001,0.6464513816561167,0.6209542062145965,0.5395956811270509,0.5870654075654288,0.5844979033089008,0.531533360583478,0.4937915073143433,0.5743620914555962,0.5885802102645565,0.6509208101928251,0.5787503722273623,0.53137785818555,0.6695354994362037,0.5716975998098266,0.5383308215022558,0.5836572082538287,0.5940950902892209,0.5626582469692843,0.5970889600372161,0.6274476757776171,0.5616011980855115,0.5694291461927982,0.6269669486000407,0.5537846894879724,0.5826136822043817,0.5012641653386035,0.599078592710301,0.5620790514805596,0.5816646104639611,0.5019406690095111,0.5717368740780171,0.5662140619009366,0.5671868649519711,0.5671744722294053,0.5786785141766007,0.6178968397844227,0.6800126577205642,0.6062517228072916,0.5245160564176403,0.5728627808945022,0.5378129796211741,0.5497556489356871,0.5966832940560864,0.5709708861821355,0.5716040041857151,0.56446319183966,0.532099108182916,0.5406206457885424,0.5389430353577888,0.5375511374208825,0.6514115419545142,0.5194490656634838,0.6601604183980572,0.527214087819965,0.6522205286539705,0.6112085778604412,0.5724143198085686,0.5744020019460305,0.583723323782091,0.5330780066642665,0.5630035821863034,0.6124376059026617,0.5183215941912985,0.56292265174566,0.5629435249326252,0.5736276033617611,0.6091430324474812,0.5679752749505382,0.5849078647098063,0.638932274725736,0.5762022913163172,0.5959298012226029,0.5110776342278756,0.6440706330471835,0.5979297033778127,0.6192121115827572,0.5010235439958455,0.5700813816984969,0.5897067043291583,0.5895244092798111,0.6193839094151996,0.6338143626064207,0.6425025291604209,0.6522035562824074,0.6261125227631751,0.5479559333335441,0.5287446506282096,0.5554689883316003,0.5581394037816503,0.5242903666049358,0.5777924123826349
0.5326321253664442,0.6644575970548512,0.0,0.5329873766027655,0.5274158618636113,0.623175786668727,0.545837378894607,0.6314186643742035,0.49193628271701245,0.6576140229334358,0.643322271710541,0.6144324567624744,0.6328992375238834,0.530034460737421,0.5188917907637537,0.6765833620351893,0.6346772702681167,0.5414631550708391,0.5675327638779248,0.5396177664130078,0.6234956007984748,0.6564368420897099,0.5417039531331156,0.5615887373095593,0.6106733756208685,0.5075879096807682,0.5234884059747661,0.5688191357814171,0.6010220095426622,0.5335341244522711,0.5215114711285844,0.6269702745684735,0.5346628502817721,0.515999883124072,0.5065745465744751,0.5763669083193527,0.5683863210938602,0.5501885637976666,0.5414143070528477,0.5651938031838105,0.560540114801246,0.5770105673732386,0.5361311677438384,0.5305566088470302,0.5913578633453866,0.5410878119628749,0.5407794501880347,0.5738327962251633,0.5744261691363611,0.5421562000130652,0.5648425011292514,0.5414407427847876,0.49661327030894703,0.6023966770778005,0.5986910041337012,0.5322358421537207,0.5419994851801873,0.6288241818218961,0.56272641813325,0.5671402414361038,0.6115837625190945,0.4941471943544677,0.5496837717064637,0.519874980970151,0.4749279784968654,0.502623002538182,0.531031304524001,0.5414340962205956,0.5558498607041864,0.5907022513693466,0.5334188207515224,0.48761052269743377,0.5045498556570266,0.6328420973538689,0.6175372997299293,0.4839178719781632,0.5981861599208079,0.5777480040732762,0.494719662994518,0.47762154353584896,0.5521297641045866,0.5069122614039979,0.5780893203616457,0.5573001544493795,0.5088236247286773,0.5843349164514996,0.5371061808122567,0.4988955224664537,0.5390921782565821,0.5064635666364622,0.5408578091901437,0.5085512234999646,0.592618851498333,0.5040080818916531,0.5192451911468486,0.556938563199024,0.5008023049703583,0.5425784376630105,0.461093914310163,0.5445840084506373,0.49553898506044164,0.5861704465371521,0.471967151617928,0.5355417357213044,0.5187866733294462,0.5611389062179457,0.5742143494548406,0.5846209232003573,0.5665222645935736,0.6378836218266001,0.5724854558381617,0.4930493152336367,0.5373834767595612,0.5240148052018822,0.505498722904526,0.5640943323622613,0.5303794729860677,0.5774708897898436,0.6027821850947646,0.4957230471946791,0.5028470052007287,0.5009839109773148,0.5121723169133376,0.5732430322707508,0.45886215818264353,0.6157056959312475,0.5097531629908998,0.6037023310084073,0.6271604697937515,0.5185084599283472,0.5453470804592647,0.6058521339123802,0.4936624638206203,0.48990729636349023,0.5535188186347686,0.4654031586382713,0.5224860131431774,0.4986283266105896,0.5553264414331243,0.543250178244243,0.49674565777869184,0.5798069797734849,0.5498765401184843,0.541643948555841,0.5580925634051273,0.48629433768951374,0.5511748363505896,0.5684588505975725,0.6212972173680088,0.5279947251426296,0.49805316589569787,0.5263973378315642,0.567312960570085,0.6151594549860308,0.5943313041501563,0.5509898086313599,0.5862432721753632,0.6005287310153926,0.472754845258179,0.5152787640519975,0.5289057239049686,0.4949192368216188,0.4882715578601998,0.5217287669170466
0.5451573436528979,0.5864681190234909,0.5329873766027655,0.0,0.5113651823384819,0.5584610463258212,0.6244884394102994,0.5846160481417206,0.49573653605104745,0.5136277128104122,0.5916238321007501,0.5475770705598096,0.5648353835278273,0.5650273910673204,0.5483607911993091,0.5319784605931043,0.5681764969489548,0.5469111718248868,0.5554508063187477,0.5016781971783115,0.5945398192887332,0.5536247065836172,0.5652992071955468,0.5539604030963106,0.5601453540736886,0.5720585216429798,0.5300004989662048,0.569553803689113,0.5059350279334528,0.469934110945595,0.5299717542567195,0.535977047615188,0.6918826870079299,0.5438776916180473,0.5537395691141364,0.6016536341845558,0.5574872227567067,0.5537371403277938,0.5290163627644175,0.6221127399664732,0.6405800472033184,0.5435812191801618,0.5110827954703385,0.5820747853738233,0.575951775330105,0.5413191540894103,0.4911457345815234,0.5291163469779062,0.5804157991107474,0.5360891205277679,0.6220973180664843,0.6091696137912959,0.5151726513834847,0.6522697001791772,0.584470470373675,0.5261974906414404,0.5558116722772182,0.5792298566541003,0.569954865498677,0.5786515604012841,0.6038963569376371,0.5065167214017914,0.5656603661466565,0.5039088816856904,0.49916864826455937,0.5151048279928401,0.6024560081944527,0.5211728141779898,0.5060857473502722,0.5836783989659728,0.5567634986797688,0.5176241313701314,0.5670457739030385,0.6356347773507024,0.5580995956386264,0.49693734043027643,0.5865981652507279,0.5628682349005579,0.5270853329524529,0.4928356880673458,0.5386952147486285,0.5808518111046916,0.5237832047339952,0.5538655068336105,0.564800303161096,0.5817284439907143,0.554620737971062,0.527710352191702,0.5400359752705246,0.5222344300070518,0.5983347038382831,0.5851571713015513,0.5613188259028461,0.531337497106544,0.6079800957226537,0.5380480008915097,0.5037629606194873,0.5724666105800699,0.5091219953980113,0.6196354966232707,0.5295231130010958,0.5415442548554776,0.5780439186328606,0.528687014533366,0.5646436211358115,0.5264697906274564,0.542198583965382,0.5400189024215057,0.5712442729051808,0.549479160763985,0.6353174293074848,0.5527439534764551,0.6051330678938921,0.533927504042406,0.5627445581778574,0.581684290778943,0.5408432922907632,0.47590296428831624,0.6111602226258371,0.5725901534524463,0.5158810211799625,0.5952616326868092,0.534465353840759,0.5984324359090741,0.5008093762478866,0.5565741857578361,0.5548948673145436,0.5420952205448446,0.5789115463145986,0.5269538281024154,0.48803476582560545,0.5348205972738328,0.5306263418803641,0.5849729780869921,0.5235873575667206,0.46329392885347437,0.4614317862304347,0.5558219842606811,0.5282749398891918,0.5437133363392889,0.5782576307896353,0.525751588602074,0.6216755561442602,0.5681702531420343,0.5593907001819279,0.5175461569239956,0.5359600689824839,0.5263506027791592,0.5052750747090733,0.4724303833228758,0.573842124086074,0.5465535735545659,0.5376969272268273,0.5066738301181121,0.6086271144825403,0.5602661332742145,0.5631336338985645,0.5875432435455423,0.621108136368734,0.5688022938580898,0.5308627887986492,0.5462243983893824,0.52413799908237,0.5788832367089607
0.5781530935033578,0.5379373814944634,0.5274158618636113,0.5113651823384819,0.0,0.49794436947374787,0.6120216729697914,0.5138300845220721,0.5486212803722095,0.4790106662053194,0.6127331719621754,0.5491472958574035,0.5249860815553449,0.5341705653251982,0.582250499722882,0.5589769224934098,0.5334046169340939,0.5582477043050108,0.5125913556662949,0.5260676175849656,0.5694456635052851,0.5998414389337585,0.5499050360875369,0.5577191484430348,0.5422229481997468,0.5454105859546661,0.504209901344656,0.4830052013757786,0.49883189215673307,0.5709272994080685,0.5665485543885939,0.5315660826958435,0.5244661689223016,0.4843496524390118,0.5855777489206586,0.578668725783543,0.5844652617886769,0.5770226224049028,0.5731919957220936,0.5428473379468293,0.5613594815453901,0.5551666507407661,0.5757293793097237,0.6145761175248005,0.530165504158361,0.5074950417158922,0.5561653975270544,0.5949659562668772,0.609378646963495,0.5773683600420841,0.5853846497998626,0.5312400498561224,0.4785767188559512,0.5354026998263752,0.5658593255487503,0.5102965708387656,0.5509724748223639,0.5903218206896619,0.5328576997658939,0.5417665882770877,0.48225644904439513,0.4992037455367421,0.5295505389323852,0.5439990778763953,0.5128687466480049,0.4721146363950681,0.5139040897267397,0.5723928247249448,0.5300745745684992,0.5536636973611403,0.5905679387750846,0.5400842429125782,0.5051193642937754,0.5518033065857452,0.5022301891217602,0.48276073324962104,0.5473143690411394,0.6206097524187316,0.4906782054104734,0.4838475927315835,0.4926652832595597,0.5620095376528841,0.5754470047154168,0.4912118268164137,0.5202708211690122,0.5557298687215966,0.5249601635525624,0.5415442371183767,0.485247188455427,0.5091881245343364,0.6569808523557469,0.5508201547227476,0.6228646935361862,0.494167564555533,0.5517087124637226,0.546588856469003,0.46258630311786747,0.5012966609821489,0.5481153561331211,0.49045053354733353,0.5380530416799011,0.5193488452636893,0.5133254026589964,0.494973309137951,0.5383562812809811,0.5171405673563793,0.48078642784928427,0.49989898986246684,0.5370540271803566,0.5403634480746865,0.5651160840807702,0.5720863283888763,0.5035610632011137,0.507414195448785,0.5084719071635943,0.5252332144845656,0.48670624829387515,0.571138196094781,0.49697541791921246,0.5162674556919975,0.653979034496052,0.5146840846002658,0.5106684521069068,0.5826497937177725,0.5380917480206342,0.5273534268522952,0.49187062740820403,0.581092461441381,0.5004967911810089,0.5499078292193886,0.49418614223985763,0.5263516235712911,0.4976729453914184,0.5602079449057038,0.533055877501824,0.5237940676084997,0.5200153636349687,0.5858528440383833,0.5138088351670876,0.5839861348184344,0.4843412587838039,0.5626338615386403,0.5505354755855421,0.552385030891173,0.5901335287441641,0.5396332418846335,0.634728716612653,0.4885182017175412,0.5169512736315126,0.470891536777735,0.5550741095022366,0.511523570550704,0.5549132405766933,0.5271249727403965,0.5420453675722614,0.5556666915705217,0.529768526116413,0.534904854105926,0.5192214864328074,0.5267517778499131,0.46470333639642053,0.5380746718628909,0.4971815359030625,0.6417156301036835
0.5675541213712113,0.6394000657396773,0.623175786668727,0.5584610463258212,0.49794436947374787,0.0,0.5416095656021075,0.6552285713337282,0.5328866862582075,0.5925785549212979,0.5777193118772664,0.6088221892654201,0.61096236272986,0.5190400144041084,0.5043938759880093,0.6092216225561953,0.6044147123510993,0.5338344416461148,0.6180436006441204,0.5333881149485976,0.63438442614534,0.5696460898094764,0.511099588977552,0.5197442918070522,0.631659351735563,0.5002362382872072,0.47524578439928716,0.5615861222350164,0.5209036964972994,0.5475753426367246,0.5525008273120959,0.6574786530863498,0.5475970493053308,0.5321809115717756,0.5159532702491819,0.554798133835975,0.5788033328901001,0.5473292836156053,0.522227857015267,0.5205340140576707,0.5532010169934554,0.6257022983128463,0.5318109326022205,0.5567367168964035,0.5612487660831716,0.5488280398873685,0.5522628620352145,0.5493253715483145,0.5490189547701367,0.531160554606541,0.5957890473823085,0.6024099801419915,0.5283232736303396,0.594115044315117,0.5575351678221835,0.6192736056149148,0.5647119081013109,0.6568643874648334,0.5378718343571174,0.5574698836086645,0.6442053763762308,0.5389038597670237,0.6037467534394986,0.4856743962647409,0.5022133332651323,0.5422827451016383,0.5385245570708665,0.5614049857553801,0.5065702623622493,0.6203442848923991,0.5691469625050163,0.4875423253452248,0.5424131889743192,0.6147532608321179,0.644331777362549,0.5376956566296345,0.5720121377023736,0.5526041527573445,0.515079641851595,0.5482436006474289,0.6559115315665193,0.557450759885237,0.6019370143057768,0.5793402803246843,0.5530977419696792,0.5945581724804517,0.6090331190548081,0.5143321063152698,0.5868166628433467,0.5389041543937245,0.5522154290371315,0.5736100566080105,0.5603004489571111,0.5513855760338353,0.5485081160682865,0.5767346976024891,0.5425439638875326,0.607245209999211,0.4874629603683136,0.5784790527894904,0.5001406105824121,0.5850328458307017,0.5101610442735316,0.5458174460704819,0.5578938093945788,0.5597596079526548,0.5856581854302331,0.5785104338612186,0.5441112292223107,0.6220884623577423,0.6059041952778227,0.5075219015809408,0.6241960180228929,0.5418753067513925,0.5284570296522253,0.5740397504368155,0.6099734956084741,0.5121293502030246,0.6125547141646868,0.5399793862765494,0.4879948407390195,0.5560971914842193,0.5524929376143244,0.62438930755007,0.4966120271535483,0.5897926194127303,0.5509944990511627,0.559845133980995,0.5940736089217472,0.4937190733563397,0.5888917938740899,0.6482223070715089,0.5193673417775175,0.5399564725916082,0.5303079433367004,0.47409250027405203,0.5191767291527438,0.4762771433857347,0.47887042005838293,0.5582264698544844,0.5277548733963534,0.5860769041483537,0.5938682514150049,0.5559549521672169,0.5562791589526608,0.49998765215421176,0.5713093973017004,0.5866165113987194,0.5831843005857973,0.5188886086796352,0.541009191111967,0.5824633137976746,0.5204574986410843,0.5212220719968671,0.6398091750631242,0.572668241097953,0.5587797961476847,0.6541208444675691,0.4838990332902139,0.5617404607527176,0.5459851571676767,0.5630584029674809,0.5321695540116539,0.540441525048246
0.5934694868700271,0.6164554598928994,0.545837378894607,0.6244884394102994,0.6120216729697914,0.5416095656021075,0.0,0.5809469872635945,0.5517326606299001,0.5472148785137937,0.5968202834956607,0.5786663412565736,0.5865573503820064,0.5925252967373628,0.654831017868732,0.5522018041393417,0.5396135239767127,0.5814623511199142,0.5247185943631841,0.5231230766541527,0.583828820557505,0.6019243407017856,0.6108969837931424,0.6008743178067805,0.6062578948409376,0.6008695267430728,0.5529130056275968,0.512388943715935,0.5304146050441693,0.5256878297324473,0.6221347515508239,0.5667095269411387,0.6510463758548911,0.5384162097730855,0.604897162196514,0.6190014874853315,0.6622732028835658,0.5720760837104834,0.572636087863711,0.6351387182086767,0.6155764510675172,0.5714246641380424,0.5680186299906186,0.6442009333341028,0.6170924199303057,0.5634436940286947,0.5809388059204951,0.5902643606650664,0.677407121443356,0.5629237009099833,0.639261070469289,0.563675006956074,0.49919215189088906,0.5994910933384625,0.6132599742519568,0.5843561484583905,0.553500706878832,0.5787756016801832,0.6037729017959863,0.5859657782650419,0.5469393308411665,0.5263445512026516,0.534743156977953,0.5383754706875963,0.5220944404050746,0.5059237992859544,0.6303719638486576,0.6433649030792332,0.532196258023714,0.5994199973998482,0.6293538751298096,0.5665505580743015,0.5350022619691147,0.621060462716011,0.516039593548441,0.5358155492181665,0.604842974631115,0.6773121391593138,0.522768873077081,0.5040091695122826,0.5295777229265297,0.6062029356937975,0.6210863992966602,0.5275791332841484,0.5422540861350144,0.5997650067033188,0.5699647027387164,0.5890424159058075,0.5533988277185,0.58894599432158,0.6381322606898565,0.6618864035669109,0.6105925055990143,0.5208893791001289,0.5991547829731309,0.6380805369783098,0.48554380164228467,0.5744881914876352,0.549559274609403,0.5982435619895554,0.5893895277646017,0.5622885167239804,0.5858271094814038,0.5570051204139115,0.560555892310111,0.5509449033052287,0.5160882820855185,0.5355364195039721,0.6202407820312326,0.5993025032428074,0.6284681178397349,0.572045976591881,0.5792875629873632,0.5283533250286186,0.5468500932835538,0.5630961706029249,0.5279603773109889,0.5477123494075641,0.5422024189077134,0.5686074789033968,0.5781140015801844,0.5810219752307064,0.5284717675181385,0.6681694507702114,0.5375233379757238,0.5992784222353438,0.5343030325341186,0.6459629602787771,0.5485456954685838,0.5992354538155822,0.5158587498855144,0.5217816923529566,0.5331453913977382,0.5710186066867966,0.5460272064883458,0.5121880582820131,0.5225308107632518,0.6447110097681403,0.5529961463735598,0.6040887259869252,0.572985226463203,0.565424367781096,0.6326826345732851,0.5687841043526594,0.6260586586923803,0.594532112949072,0.6213116036405095,0.549125054599541,0.5436378047249916,0.455540807211924,0.5903684765566567,0.5512966462183513,0.525452975192662,0.6042263618165021,0.6133486094684641,0.6359797110954885,0.5785077035174283,0.6216619202286024,0.6227093603580154,0.5706282762903612,0.5363894642208777,0.569033907815611,0.5419743490420017,0.6086221047693062
0.6186921953851451,0.6970035347699877,0.6314186643742035,0.5846160481417206,0.5138300845220721,0.6552285713337282,0.5809469872635945,0.0,0.5853785980557207,0.6318460068474105,0.6082844267188057,0.6335120759991715,0.6930809575883403,0.5788335428976263,0.5541639831279636,0.6638842394858827,0.6505992838904515,0.6153742751450741,0.618551091707077,0.6081743517877918,0.6528715937921612,0.6025347634909725,0.6172540871746391,0.5735261095031648,0.7074897365663789,0.5540268618522519,0.5745520282269141,0.6377490228478652,0.5340096834280242,0.5844653919106576,0.6125635438474362,0.6705580407344016,0.5766930896296657,0.6005361049448596,0.5673877027303261,0.6105915409358584,0.6440241262892086,0.6296106589471054,0.5569303027687719,0.6007010272776989,0.6049424395252557,0.6362434807276508,0.5821138251249368,0.5572566868878941,0.7034746980399741,0.6413725781027485,0.5834119941551098,0.5550625808801298,0.635005853952258,0.5806682426647477,0.619188020543,0.6006744371243166,0.5387237531417125,0.592655916814272,0.5861146608600102,0.6494686360729167,0.6169001496962901,0.6683951515330826,0.6000426405967243,0.6495789654294831,0.6706004585692616,0.5558189846556305,0.5947283126396593,0.5471620272598583,0.5234268373287668,0.5732119598490005,0.6108903398065445,0.5890213359383354,0.5731332655015625,0.733012545996447,0.6060086677183346,0.5506325387994268,0.5628347035563951,0.6791077055814048,0.6787712240572613,0.5728939489916105,0.6171888406466722,0.5896502444973158,0.5938167737683405,0.52600688363126,0.611202732485073,0.5890852187323862,0.6410694288376416,0.6471725175871226,0.5929742289073273,0.7434155062849671,0.6508100849380901,0.5663079614650952,0.6863364119174974,0.615811939434115,0.5905048769078601,0.6045760542998972,0.5958281612999252,0.5748214246048183,0.5866185171840835,0.5948028019997611,0.548347640168783,0.6588656615998982,0.5180440285488954,0.6583184150843341,0.5514251578643209,0.6512629781170435,0.5443414200129644,0.5802506543601749,0.6063031924642294,0.6475066251397722,0.6245929497727953,0.6717185836420615,0.6260207389926176,0.6508042176940662,0.602565439672625,0.560155517397983,0.6149900728071248,0.6095756901566813,0.58529006581598,0.6463059958013628,0.6390693876954832,0.5581344782198906,0.5774987541653691,0.5868815396870937,0.5328652795993405,0.6088057252397805,0.5846180897476528,0.6589694245771127,0.5169089626684227,0.6195150288534258,0.5706282558929884,0.6512387176377217,0.6339857028648953,0.5672664775618776,0.6506851491529317,0.6345319578129156,0.5830997251376857,0.5630939830874053,0.5719150947642478,0.4907279342810302,0.5805771922570704,0.5415797127969061,0.5804599792733314,0.6446136101557909,0.5448353238572633,0.608155414302206,0.6470088326310296,0.583255636157696,0.6110758207369952,0.5528541008425762,0.6059768542665315,0.6222635768043346,0.6555158819418818,0.5466695922638863,0.5939802972994594,0.5898037040425637,0.5728470740247378,0.6036824239563771,0.7029673114056284,0.6671292263657836,0.6290915545510459,0.6835572708374286,0.5175876799849777,0.5755951472955307,0.5827418804766881,0.5902477172993533,0.5829859223855285,0.5785804518777595
0.6538870372342204,0.5687114130525227,0.49193628271701245,0.49573653605104745,0.5486212803722095,0.5328866862582075,0.5517326606299001,0.5853785980557207,0.0,0.4900943185584419,0.5384112817958017,0.5283073247157948,0.5470601917755005,0.5586564780647143,0.5486194165044199,0.5308206055026541,0.522407067321064,0.5951017064267157,0.5309386908340971,0.5756456655917224,0.5433129590457264,0.5674151777677767,0.5337047581843597,0.5063552809156979,0.5701336788410114,0.4852376066989435,0.5182689782546436,0.509950182211751,0.4528864558047526,0.628722148352805,0.6277693827712703,0.5554243597576772,0.5004263097450903,0.4900343758144014,0.5974027057670447,0.5368563375350578,0.5862425447308712,0.5916443754132683,0.5284333589482965,0.5075753530743732,0.5157681709934013,0.6345953092569487,0.5369716768141825,0.5309034130439175,0.5451040940174943,0.5324360694204332,0.5438021152934315,0.5031404855289143,0.5756402796702043,0.5630395429599682,0.5603454123739056,0.5177877418762413,0.5211011007099811,0.499457468629043,0.50205566978628,0.626560595316,0.5750622157630996,0.568098056427091,0.5398016483220798,0.5628163073451232,0.5173780940915962,0.5332638897224824,0.5232858626243747,0.525818152039837,0.5484534817716364,0.5089701113621745,0.5452662039264834,0.5804968505297919,0.523978293338941,0.6238994241208085,0.6182022118550646,0.5531792591206366,0.5429893165059084,0.5436316411248783,0.5513365652449835,0.5464256000925789,0.5204485132881055,0.5281631466940009,0.5049768944645658,0.49280645724507316,0.5193380713557848,0.6390022556154528,0.6167375503251188,0.5177230261650027,0.545571548877047,0.614735371340203,0.5969079366184015,0.5733520856764138,0.5541925306974814,0.6136173058300213,0.5935441767767278,0.617921812026195,0.5514125458510929,0.5375290580030896,0.5829909947043964,0.541676246269069,0.5097506151280725,0.5360254783039069,0.5744790737859867,0.5280228669964084,0.5438374715203935,0.5289088267997766,0.507894871626131,0.48740211511636455,0.5843872532901513,0.5240432612791456,0.49013593051370696,0.5257594433052368,0.5208804550959525,0.5344681194752409,0.5236920643788454,0.5621701876371951,0.5483292626163341,0.5680108394894092,0.5154631731060787,0.5505864062932394,0.5413321690594668,0.5233512571064177,0.46030940108412083,0.5772955452553633,0.5673172329481146,0.5489393433444212,0.5345375132241749,0.5834645939086297,0.6044405192445579,0.49490136474317215,0.5291178789098716,0.5552508659857285,0.47717242500186385,0.5347156315548398,0.6295290283772476,0.5482799935490502,0.5563315614755602,0.6232277798849496,0.5260639735344155,0.5195310346439741,0.5357830440215261,0.523502732254059,0.4849778047683991,0.6155709416182845,0.4895541061623622,0.5713914860513412,0.6227214412208025,0.5698903349274351,0.5567324536402587,0.538381757284059,0.6622981785501841,0.5066844331932399,0.5277631434994007,0.47949187644203184,0.5981272114539782,0.5462696690991267,0.545912304048191,0.5079628176663833,0.542419166759035,0.6269907726786897,0.5514986715682343,0.5378803861299954,0.5037611441021893,0.5323963849930912,0.48048065004421797,0.6159821159931455,0.5562955759280156,0.6270097959197597
0.5123374585248262,0.6311846058244651,0.6576140229334358,0.5136277128104122,0.4790106662053194,0.5925785549212979,0.5472148785137937,0.6318460068474105,0.4900943185584419,0.0,0.5665599807532586,0.5800094494614785,0.6081282016489017,0.5341358774799164,0.5038812633269084,0.6098119215553803,0.5547958600385011,0.528040432317469,0.5199572062635259,0.5045277693510675,0.5411320368608156,0.5598747101688565,0.5478775530673602,0.5003094222246115,0.6570616334988351,0.491861999729907,0.5404762973608312,0.5331886507053012,0.6401760366932683,0.5264465278421517,0.5396419468911438,0.6191979042489544,0.52703630372903,0.5080567627537392,0.4990293187925868,0.5522589787022811,0.5838651491810133,0.5422685052975423,0.5039218442965767,0.5291190294492338,0.5270173263463049,0.5438706806801833,0.5226287951120034,0.5135372355085696,0.5818755361770545,0.5252542268499374,0.5381084772840644,0.5436028903579851,0.5725275069066442,0.49556553014809335,0.5245134475182315,0.49304923610841156,0.46869361889203476,0.5342455577879476,0.5858533393855141,0.5588914381395307,0.4962910840323325,0.5805924825636584,0.5515169990841136,0.5290746519706844,0.570004735426823,0.4937922713480573,0.5033738078707108,0.5103611343446426,0.4502334862190728,0.48000994707667477,0.5271750124890293,0.551139896766974,0.5561868723167779,0.609470681854028,0.508655068711756,0.49658568694038063,0.48214130181211956,0.5664784509001685,0.5631522054150828,0.5139987674872936,0.5498361265904477,0.5777581317400826,0.49154501970262765,0.48137812364833016,0.552298782856958,0.4795650554693345,0.5839757328773248,0.5678740237701383,0.4909262460296769,0.5619654804199373,0.5519672833784632,0.5122045767653498,0.5770451108706212,0.512174980708591,0.5119954487874961,0.5251903367246078,0.5591906577229054,0.47458869217294836,0.5001596709655148,0.6230374098815233,0.46805527278214115,0.563057229263905,0.4634482072204341,0.5416332423013273,0.5152221733312798,0.5754822904094027,0.48757667951063133,0.6041124367323066,0.505640450718977,0.5351311139761107,0.5317995884707837,0.5910261111111423,0.5551319398896661,0.5825514178772565,0.5270895139700104,0.4767978057099012,0.5301971689428062,0.5405450360524984,0.49430549278614017,0.5184092751948483,0.5401858103492186,0.5748762623629053,0.5553738970084824,0.5191275289457085,0.4661076979191989,0.5279395777940373,0.48797462784410345,0.5597261189911201,0.458648103978147,0.6606097629457109,0.48580083600879465,0.5782942043415803,0.6136688814353326,0.5247370207835973,0.573899465349035,0.5361791744479829,0.5036204586675914,0.46622995117087346,0.5069326937736853,0.45208886847769447,0.5269232564234767,0.49122244412699984,0.543509340941906,0.5470729225923348,0.5360833202601403,0.5740417659138649,0.5241150652157737,0.5199887050103361,0.5614135181095198,0.4950103000932092,0.5103344723425328,0.5975971522570795,0.6643134279217681,0.5099750435192876,0.48629452997269096,0.5559618883616334,0.48492105656126155,0.6029151170042224,0.6058690223410467,0.554499097064774,0.5353098682772334,0.6004055774929484,0.48270828736155647,0.5128272411753699,0.5758418487838523,0.510129153627171,0.5146279730442743,0.48169676453510946
0.6005124633616696,0.6326794564829676,0.643322271710541,0.5916238321007501,0.6127331719621754,0.5777193118772664,0.5968202834956607,0.6082844267188057,0.5384112817958017,0.5665599807532586,0.0,0.6116577680789548,0.6247903959742838,0.5994907948289709,0.5606599788545434,0.6727653524141575,0.6453691191799519,0.5949657221341977,0.5874120205859787,0.58799663055966,0.6509233181092513,0.684043893623429,0.5949162202573499,0.5939375573059892,0.6358827389104609,0.570544356168621,0.5646127889960892,0.5989248896423867,0.5984728411605342,0.548803859640343,0.5704276969473467,0.6072003068114622,0.568478254030747,0.5436488861792567,0.614834562626307,0.6551956187520492,0.6351788100048749,0.6498406416910768,0.6006381877458223,0.6059094491316521,0.6133751578117149,0.5992350299730793,0.5800301036579437,0.6262019130617164,0.6091033648272194,0.5388287008751539,0.523416642780232,0.6705140129526057,0.6642804686450212,0.5944796914287542,0.6125698728669484,0.5721425008361211,0.5052987471870136,0.6296578661693881,0.6726660668366874,0.5334617062371935,0.5946743602087942,0.6726287765129352,0.5983955481855989,0.5936421136220837,0.6027916620584022,0.5093030328320969,0.5800421801995962,0.5980153212712709,0.5096245295555792,0.5127648385399534,0.5782819118535378,0.5592002925206234,0.5976985875508426,0.6510208847672004,0.5835000360965781,0.5592880822787297,0.5755551296389129,0.6465634628515636,0.6135198153939587,0.5038381619127877,0.622768683469229,0.6207369335630635,0.5274088167878944,0.5083930445843018,0.5482482850069608,0.560214943343212,0.5729182500846866,0.592425497015728,0.5674747479807873,0.6268819003841973,0.6038385998464643,0.5464945257079536,0.5356128231059615,0.5260851259222925,0.6398485006399532,0.5500931691951155,0.6632682470880267,0.5342805852889442,0.594691483394739,0.58025180847332,0.5072128854449164,0.5599363158706135,0.5379871499662804,0.5492522122187096,0.5767991430061353,0.59034701125431,0.5291925811383301,0.5436500181094883,0.5803768925945664,0.5525174732020006,0.5488050982218432,0.5962817892948853,0.5671222216596191,0.6256222586371235,0.6357587570833246,0.583773791857526,0.5801072829792441,0.5800715207021734,0.5488581667152708,0.5805637630375451,0.5428971804397702,0.6135481228579552,0.6168918881066916,0.5610125851283692,0.5990600253029015,0.5503097305018371,0.5765216022127555,0.6034448811267245,0.5458113669112055,0.6082256973957351,0.5264003843743431,0.6034548141355405,0.6281224986435199,0.5664095385269884,0.5358769425170895,0.5995374509076994,0.5660741990880993,0.5887866684920355,0.6160439181004953,0.5092407239885627,0.5317377182107008,0.5774027937372193,0.6037595083790565,0.5972437630481787,0.5358593300073043,0.6349053908826804,0.5863025148774949,0.6109993343262522,0.6544250264112278,0.5323873195824603,0.5926935288131714,0.5296681202337059,0.6053885337549436,0.5552438608924409,0.5896739729210231,0.5577903649729015,0.6322826312041689,0.5467315090135884,0.6194501910683367,0.6030787511754889,0.6326956414314416,0.5852615208036409,0.5602903594433295,0.5678384745635277,0.5155890315132381,0.5713417588186566,0.5237840976258256,0.6514393082137572
0.545942018466388,0.6458608737716212,0.6144324567624744,0.5475770705598096,0.5491472958574035,0.6088221892654201,0.5786663412565736,0.6335120759991715,0.5283073247157948,0.5800094494614785,0.6116577680789548,0.0,0.5474143558756578,0.48926391293895094,0.5476902183517507,0.5918127317500664,0.5616886571825591,0.5126097765203994,0.644298182989924,0.5513432773845387,0.6383413237795917,0.5990121623819455,0.5677469870385302,0.5909339051287767,0.6681147412898673,0.5143708945185692,0.49151901805622966,0.5322147343071184,0.5425148195314115,0.5488836467065449,0.6125385476651681,0.5804360499573182,0.5480979577126033,0.581012119182171,0.5491802100853524,0.6040387586601379,0.582107365874121,0.5463986825313535,0.6068623758504909,0.5261940113931477,0.5826727912957056,0.5908373462837392,0.5502355354454082,0.5970237083165328,0.6056486491575528,0.5237133884313171,0.5377454164362949,0.596789286805962,0.5897591592868038,0.5337805483866404,0.5638503328297826,0.5550421068332824,0.4657821291650384,0.6057945541606182,0.5985914060391684,0.5602942671071157,0.5428175090401389,0.6745047287760995,0.5224725524856698,0.5414322249985152,0.5529104761363794,0.4741696053769262,0.5288935744186852,0.5192720543026813,0.47935804669696624,0.484195339831921,0.520353437859179,0.5226081258898023,0.49515709546589515,0.5864533368463262,0.5397942522042227,0.48847345841816076,0.49843159895528355,0.5721532153040597,0.5489224487962007,0.4840613477082903,0.546029550994821,0.5736536349411212,0.5125401886480297,0.4721288709900375,0.5238410185096515,0.5495040993039629,0.5807530677513368,0.5202005788859393,0.5244971273625565,0.6059900076105796,0.5694142270478059,0.49504192584842155,0.5249408293861368,0.550939590543318,0.5500378472955244,0.585121651632746,0.5722608054211226,0.4987910607933088,0.5114338447398921,0.6236235316385372,0.49784615478023725,0.6330822166122527,0.4865957766595943,0.5279681226626716,0.508790216348785,0.5729409181300509,0.5196787333718844,0.6221689188188818,0.5242933091421802,0.5392913309236885,0.532949470779638,0.5911983261922972,0.5320064969568816,0.6679266698458088,0.6552461043721516,0.5252544139883243,0.523928684774854,0.5131895592149475,0.4962085468770335,0.5389763996226026,0.5377854221531365,0.5760449650706599,0.5777415477057086,0.5017846044853864,0.5107706133574678,0.5186598509168029,0.5421491108284203,0.5864879057544762,0.48651612860448695,0.6178452949844853,0.4891316462980879,0.6193454963499393,0.6202925461186899,0.4962971341753807,0.5411723114078989,0.5527479708020958,0.48285469714654755,0.5371105519396626,0.5936677935728305,0.4635729946246171,0.5517008054413984,0.515988376996796,0.5398929175344911,0.5888174512232268,0.49779111108259005,0.5559454626010328,0.5607056816052021,0.5506929491650173,0.5898090336028725,0.5364094997750846,0.627042602674596,0.5139290973007465,0.6395199499120059,0.5102132727062134,0.564440985102715,0.5227727328029431,0.5547891785609094,0.5553042956838901,0.6944049777886684,0.5745823527067571,0.5414755833339308,0.6101539895291401,0.4850068016559869,0.49658717468014174,0.4798305136080927,0.5287058212520226,0.5060082336966858,0.5556631231446566
