0,1,2,3,4,5,6,7,8,9,10,11,12,13,14,15,16,17,18,19,20,21,22,23,24,25,26,27,28,29,30,31,32,33,34,35,36,37,38,39,40,41,42,43,44,45,46,47,48,49,50,51,52,53,54,55,56,57,58,59,60,61,62,63,64,65,66,67,68,69,70,71,72,73,74,75,76,77,78,79,80,81,82,83,84,85,86,87,88,89,90,91,92,93,94,95,96,97,98,99,100,101,102,103,104,105,106,107,108,109,110,111,112,113,114,115,116,117,118,119,120,121,122,123,124,125,126,127,128,129,130,131,132,133,134,135,136,137,138,139,140,141,142,143,144,145,146,147,148,149,150,151,152,153,154,155,156,157,158,159,160,161,162,163
0.0,0.7917560456761881,0.8107397388877714,0.8382918714337524,0.8004904540212118,0.8492207453941517,0.8155574604409485,0.8010263166166398,0.8890600411450946,0.7033120923226535,0.9020893161044844,0.8256319161114969,0.8976676957700628,0.8086573760381158,0.8907506831617019,0.8461976881137655,0.8675642265013437,0.9514639355076234,0.8472255716560736,0.8814383388519689,0.8596283883636373,0.8810672352357154,0.8191870473655223,0.8116012459975104,0.8417822105047869,0.8359912265749737,0.7867465253160913,0.8551100333534486,0.7031360920060666,0.8545078163038274,0.8441410760009492,0.8690915341358583,0.8441166419650765,0.8356560735753948,0.8742420946060034,0.8639545840460222,0.8929457945428529,0.9155236972376504,0.8229382724185113,0.8235832260138707,0.8337223225328124,0.8425167200839883,0.8841520799466325,0.8532823293380236,0.8421629945610757,0.8802226165917474,0.7576307498788584,0.8465340731091677,0.8868012584163989,0.9315891046666495,0.9253826335361459,0.8647670235337264,0.8170297039316679,0.8594092211911839,0.8467212890167025,0.8283785965784533,0.9426537854916873,0.8803203310317678,0.7669743944507543,0.9050816085583939,0.8070694362801043,0.8546463740696209,0.9149778594924376,0.7145983161864176,0.874890419449584,0.8488485377945821,0.8197956573027488,0.8617918906981136,0.8549766642750256,0.8468496732773997,0.9067437680222697,0.8226831417020679,0.8586742335122782,0.9077900537369935,0.8757509223918746,0.8298484826713006,0.841356719603381,0.7713265678560446,0.8490549406189559,0.688182724159641,0.7918343968162699,0.9139913086027378,0.839088214154021,0.8514429719952418,0.9441204509472363,0.9231225641446598,0.7982801983988835,0.8696857033650783,0.8506849831654695,0.8461729948554947,0.9338263344976981,0.7978242797959844,0.8881462545191408,0.8879196544414053,0.9250899918890091,0.8065366282840493,0.7565496789661091,0.7502296109572735,0.7696587408054687,0.846496786072951,0.8098158028870368,0.7681259794502266,0.7949687546671972,0.7159928043430347,0.9083969337728452,0.8511190178563559,0.821769394956113,0.8035769275236857,0.8301221784862954,0.7796195419773015,0.8556063743029958,0.9519035944037255,0.9052625551618075,0.7949264415674762,0.9305742354039006,0.8787479030960106,0.7931643344987046,0.8023365995532185,0.7986690500330048,0.8092076859575373,0.8295080158238312,0.7876541091927821,0.8429956531654683,0.8606259950553183,0.7807078321551456,0.8011266062385676,0.8454766252920288,0.8286853719659778,0.7741011981306798,0.8494803325300561,0.8064095144389134,0.8329891765649201,0.7837116312792026,0.8986313271906743,0.814741589225347,0.8028175815350419,0.8220660105740212,0.8645919461557259,0.7987268743221695,0.8761934966731999,0.7837781821383893,0.8351105760087025,0.893082553558484,0.8465532816563667,0.8510977640095498,0.8790633351953698,0.889921671043098,0.7738569859534236,0.7574180038268331,0.6657512520745622,0.8711230693105098,0.7677055071045891,0.8774534018485749,0.7524054865124262,0.8290052261765086,0.8501310238130437,0.87916723526522,0.824460791802033,0.7741925536731752,0.9011185031646396,0.7106636252349715,0.8297768686755738,0.8804026516164829,0.9261892439399634
0.7917560456761881,0.0,0.8762765994237266,0.8102898579498561,0.7533327748602879,0.8476055961285875,0.8511734957896231,0.7165859254755444,0.7000733404447076,0.9115652811863432,0.863934068529865,0.8943707200823153,0.8054464939939506,0.791213599827114,0.8529713587533663,0.7971410753919597,0.8562875777455057,0.801099058560791,0.8804877275327598,0.8128283360670213,0.8514050779655671,0.9073796393259101,0.8501846158414564,0.8595194487199148,0.9006927713721221,0.7082058502817763,0.7437720428232738,0.8215473163462652,0.9274429402717844,0.7454080208854188,0.7828318978609811,0.8243353047743438,0.8527321921301089,0.8126534624492385,0.8332763953245192,0.8913305096548834,0.7686961228331567,0.7963794606998797,0.8182520401085014,0.8463668064241905,0.9143552085129614,0.8207430251190293,0.7437280503651486,0.8383407101757616,0.7839707508911815,0.7646734606142389,0.7450403996983536,0.8226935674158031,0.8843185496134528,0.8061111277800678,0.7982774012510528,0.7888450315616847,0.8314138984528474,0.9122692414247409,0.8762109589723028,0.8419084624035993,0.7933422190721517,0.8010034677091417,0.8410914783263032,0.8309566358234365,0.7502273501137557,0.6797660930040331,0.7566996131940946,0.7879870750594025,0.740311609728484,0.6961481966068431,0.7277365131983343,0.733251690272292,0.7604951843582157,0.7122850991487506,0.7302584173762844,0.76500590975802,0.7043608810558313,0.8225160950158653,0.8220186981361367,0.7443315073505088,0.7329441322245687,0.782096453883572,0.7022157966369361,0.6517047122790365,0.8188112086982351,0.739932350852703,0.8172191270143508,0.7738759124561088,0.7591629358048273,0.8529800436886283,0.6518125188821459,0.6912653394872814,0.750763435855994,0.7625674463836216,0.7686256816364746,0.7945761016904532,0.8963319032489793,0.7750735331576935,0.8094671636966234,0.868351402316752,0.6927105573687761,0.8374801365525839,0.6843662768864899,0.7790828744805346,0.8031861584695656,0.6629781024431132,0.6874989123058723,0.8471405907840224,0.7283884051455252,0.7402360870268481,0.7740696943908877,0.9102894237358192,0.8530980713390295,0.8919110900922165,0.8629983410712221,0.7494979923116248,0.7648997575897843,0.7028990081896144,0.7700563176782952,0.7996963022335379,0.8453419497814878,0.8437945149172885,0.8963936161861712,0.7039119365811822,0.7348246596163523,0.6415966416683162,0.8075154680862328,0.8061537629494527,0.7110791077232277,0.88476940431317,0.7132282943333288,0.7567512237616172,0.950091730740301,0.7875324480682545,0.8053318188545993,0.7495996194640266,0.6238775738979425,0.7660243750460515,0.8308139930405378,0.7769695859084806,0.8196701470867751,0.8323125343608002,0.8583039582835008,0.7814784499913874,0.7943104628091138,0.8404948186958436,0.8582742160983291,0.8253502357324985,0.8518080018407551,0.7333681017709379,0.8074947872039135,0.8282817771060818,0.912819616329945,0.7750779991604986,0.7036023024715901,0.8946046304301811,0.8472097688958504,0.8514733364329881,0.8768083759506107,0.7289050782461582,0.8225892271111893,0.8028521376738489,0.7863905250598434,0.7258568815286509,0.8562749963109664,0.7778134611283702,0.8895846924171039,0.7778160490750713
0.8107397388877714,0.8762765994237266,0.0,0.7604174958594497,0.852435014893261,0.9255503560610903,0.8019874850263625,0.7759097316840438,0.7027540325505384,0.8528054764012398,0.9461089399235918,0.9180527722871744,0.9093598421181912,0.7195576212888031,0.8448912964679891,0.9601580551313554,0.934298169491167,0.8002883050311285,0.8328829515053877,0.7984597969918206,0.9431445376948402,0.9614189310649435,0.7654804942509685,0.8712179370157754,0.8719489895157855,0.8292129596970733,0.72493329298382,0.7704147450745931,0.8624326878527154,0.8656216810400671,0.7703870742401291,0.9231929490590794,0.8040320540274888,0.7770466288669245,0.714465046089678,0.8733497835189109,0.8763997414338355,0.8597372882825501,0.8809566218586329,0.8281124665075135,0.8613822233192692,0.85721606724807,0.8703479876748552,0.864762522175879,0.8121996401757358,0.8367347571227517,0.826218675410698,0.9365968228955679,0.8510691265679647,0.8716140380057927,0.8793388405618487,0.8369897953551941,0.7379507002991331,0.9048184560945705,0.9058064323691484,0.8342755176422394,0.8493032882778063,0.9195931076634951,0.7321517174673946,0.8399345544345623,0.800692629387861,0.8064078889792673,0.8715557789737864,0.718144975082825,0.7309107453353273,0.7647504915860667,0.7458164726012229,0.8756010494559779,0.8193942565476325,0.7810591937958234,0.8415859183099735,0.6885543126607151,0.6959197247286578,0.9146052756380255,0.8731772413913854,0.6875094247223236,0.8755205420876186,0.8817416525251189,0.7639961971195629,0.7436707943794715,0.9011602497600169,0.7502387223007978,0.9207240688763758,0.8337263571504097,0.8022205359440411,0.8756632822919422,0.7303854123900478,0.7139964740852288,0.7554046550564929,0.798152017092493,0.8529764302401621,0.6892275557613216,0.9373863097604467,0.7603474168381956,0.7727111521355194,0.8694054251780287,0.7278528531895613,0.7374909984061039,0.6251451753343917,0.7431764442490543,0.7552828383995922,0.7753791801094571,0.6682715857290603,0.7548898845937745,0.745025273678773,0.888989819666478,0.8885532853901489,0.8552482591868237,0.8716527159419627,0.918996579964787,0.8708224218082726,0.7912087449287356,0.8001410460315468,0.7469136321007103,0.793474569568333,0.8433335444828052,0.725116041936093,0.8939944004941826,0.8919277276629223,0.6688071767671315,0.8210534130758478,0.7060679417754484,0.773897207947818,0.8810704053305335,0.6119547610488167,0.9131016033701872,0.7624810210977577,0.8896946197294713,0.894056852080256,0.8242281635306825,0.8006652654132783,0.9248120546409405,0.6837931037385324,0.72573819473509,0.8479602252718256,0.7912680397167638,0.8872867738788954,0.792848674209864,0.8160960243194589,0.8499296221469554,0.7182562976936373,0.9337240338918643,0.7716098941502044,0.8215233014766988,0.932810473947576,0.7444928261463821,0.9005580408852558,0.9235035733709158,0.8794513176354836,0.7989008402327314,0.7077610604203687,0.7558330988488291,0.8559212095837688,0.916511672429101,0.8864923270827707,0.7938468558996191,0.8618059865485629,0.9061947752993017,0.6549381819754074,0.8147664374732365,0.7923651293376864,0.6667163895851576,0.8839931161222897,0.8237911048066653
0.8382918714337524,0.8102898579498561,0.7604174958594497,0.0,0.6890422491095327,0.8368804149650287,0.8276134406799056,0.8176107880250217,0.7633700508537354,0.7391910944558987,0.8352213168237909,0.8359192588635583,0.8172570609088426,0.7572969697177271,0.8710323552444725,0.7389408700381677,0.7657411958502855,0.8107801894666352,0.8476229303461229,0.7328141942939648,0.7888608080821512,0.8012082160595074,0.8140940213115865,0.7674215623253942,0.8538766078929015,0.7964701081667289,0.7871941749942155,0.8455317707013025,0.7183019713601723,0.6996446598681106,0.8371590030587246,0.7704405501033462,0.9669982460582587,0.8821150797444274,0.8357062351371433,0.8702726868706049,0.8219557456371045,0.8043851972594648,0.7819914221873444,0.8043985046052922,0.8731154875595529,0.7446220534903666,0.7701830995069469,0.8306110098406154,0.8461038760461213,0.7960401694387528,0.6550254053551156,0.7793752007897239,0.812861000425213,0.7723381774447304,0.8511577867293447,0.8284249810420992,0.7241273388298133,0.9017329612598305,0.8495101212575092,0.7816490107520234,0.7864313436290179,0.829796211358766,0.7311954086465172,0.8096619024738588,0.8276593318359561,0.7243770225792052,0.8319653162455705,0.6390565940225469,0.7198372238526562,0.7502567819863422,0.8363739082963146,0.752517270655148,0.755403384576845,0.8293068359367224,0.7839326829747946,0.7169634007067432,0.8040151776000161,0.8499606098561184,0.811054594224485,0.7407835361589196,0.7713876578606162,0.7160218077632589,0.8239668325503331,0.6121843312462507,0.740141299915794,0.8661178812901741,0.7491136572466884,0.8377131900000951,0.8424104640563392,0.8737428505712964,0.7808409237285443,0.7786160792762002,0.8407407925170147,0.8271139936664768,0.8282809475328425,0.8714895532225718,0.7904500436935015,0.7622899646727515,0.8496746932157876,0.851730209683466,0.7279747174914928,0.8552907206068265,0.6612927421051715,0.9075605790901597,0.7795911611037013,0.73457925542582,0.8897488465884027,0.8244901404244256,0.8373484132972304,0.7447049332993431,0.7676093857269324,0.8074206986310983,0.7814640690374234,0.7359359319550729,0.8642830357030563,0.8221589982905889,0.9028774943027903,0.7492595135873369,0.8806826200523175,0.810765313530369,0.7815651973236208,0.7005209917694915,0.8406894701775947,0.8411598624721859,0.6693570238226051,0.8288846532389056,0.7444811010389797,0.8003073703165242,0.6657856766390438,0.8296528819542025,0.7650155518829689,0.7697048914608727,0.8293602336785886,0.765745935891487,0.7202956012305259,0.717763525098384,0.7309852488394243,0.867640434709236,0.7731639877044582,0.648451997840217,0.6990901336611981,0.8316940994018287,0.8023948506181683,0.7961427740715569,0.9141803613476611,0.706468043638077,0.868221078054822,0.8100284992639772,0.7866674749878031,0.8366678909313534,0.7905065697446022,0.73842982257286,0.7371090190475313,0.5990536010906323,0.8570915344809015,0.7828516002285519,0.7646204309379195,0.6991072201046292,0.8902276656859553,0.80392687793087,0.7947161585633408,0.8123290496440684,0.8895359225925704,0.7985824322860879,0.7447187197154058,0.7814551960387093,0.8602720355459582,0.7992456170163347
0.8004904540212118,0.7533327748602879,0.852435014893261,0.6890422491095327,0.0,0.8186910326677271,0.8534179349750771,0.6201690171029297,0.6498756344609955,0.6794458854829749,0.8528139209653157,0.8125350470440014,0.7823988004469432,0.6490947465864289,0.7975365312771103,0.8704114627320976,0.8841834389300571,0.754716722113771,0.7268785049669345,0.6886971584979947,0.9003974964725936,0.8513864423471734,0.7603181120401901,0.8953013542780429,0.7342752723826096,0.8500095249609212,0.6254139566458088,0.6614072314947528,0.7603166426441241,0.9051133593445427,0.6690680039180873,0.784700410248385,0.7364444145544132,0.6950558024252671,0.6848124136698687,0.7356894314347081,0.8056743535436494,0.7562192510857895,0.77375587750835,0.8309480823757778,0.8288393660592438,0.8701538355350605,0.8045870471610183,0.8913517556454572,0.6623487568878387,0.7673390078975348,0.9415758415667125,0.8805961109270971,0.8273328674700483,0.8082248215804961,0.8508355743814976,0.8869786936954943,0.7098713974809147,0.7840872844977287,0.7612343973829457,0.8505979306136019,0.8227740568840324,0.8396919346192414,0.6407228673752235,0.7462558334333728,0.6307917539643824,0.7533739292776759,0.814185397938972,0.6337048621910616,0.7256198410673981,0.6755268878093595,0.6413494156363057,0.8748276822157569,0.6897227874086096,0.6538921077182024,0.8280628702984504,0.6584722079685141,0.6348032926450463,0.8103222271178842,0.71014755810115,0.6662816320311029,0.7816403162470832,0.9599036440251292,0.6866422638196047,0.892397986179056,0.8825738841144701,0.708587233315434,0.9412398817719879,0.6814471365367796,0.7774926707961163,0.7666410115288037,0.6179082878476334,0.6397715991731557,0.6295231294786428,0.7254620033636435,0.903219622202281,0.655760743166831,0.885532556672166,0.7403507341535225,0.7603777617408364,0.7727582576277969,0.590143915670837,0.6636177813348976,0.6807558915048475,0.6506934150187014,0.6692850697421621,0.6383156968132527,0.6314537529322953,0.652480191619867,0.6539909694925672,0.8539713679153804,0.7318452682252116,0.7552727269071495,0.8527989097884451,0.8792011584989015,0.8413152223024597,0.800610012864128,0.7102090271528272,0.6149978441334386,0.7563902282419739,0.8717052995449176,0.6858931051062651,0.7735991204001759,0.8192888458206834,0.6349456036220312,0.9473883315166378,0.6201757403512618,0.8156165315355544,0.912123336176063,0.6543862884812738,0.782901762430769,0.7125220957985093,0.7929537847237167,0.7365026192172399,0.7510215488499076,0.6956030173799785,0.8417491475734441,0.5972659647220717,0.7205532473672913,0.695840218999413,0.8452453556761393,0.8917734157831031,0.8145315498052134,0.6706992635841166,0.7547234612934203,0.6251261884631419,0.8370480491108276,0.7260905298931319,0.6801681755903201,0.8683111689542812,0.7438525233808495,0.8922926754203614,0.8389788488822644,0.7120315506965909,0.7026624135312025,0.6441897217076836,0.7023368479511876,0.7609604977972407,0.847300822719275,0.7913803225605919,0.680499902514254,0.7915515209446671,0.8940131234834198,0.642486068912831,0.8331606728394818,0.7135418862029077,0.6988337989140491,0.758574443696377,0.9109945581632091
0.8492207453941517,0.8476055961285875,0.9255503560610903,0.8368804149650287,0.8186910326677271,0.0,0.8114648594871231,0.8091275726461654,0.7412958649139683,0.8045983754893059,0.925656505750025,0.9530219445218242,0.8815765093873671,0.677192717185322,0.8491041914569467,0.90892397464211,0.8936971803395183,0.7802500718765251,0.9077004986353101,0.7699585797749349,0.9405992164293348,0.8972685879915568,0.7497230322912044,0.8303201204760798,0.9033101376071907,0.8325904168205719,0.6880308509085574,0.7878682429363187,0.7975765444530005,0.8617331337538471,0.8228313434737718,0.9197507455359121,0.8620372250455235,0.8411416873026095,0.7413555244674234,0.8743860775715752,0.8861153914875491,0.8411557865204587,0.8696955934006297,0.7754863506315142,0.8731849987561919,0.8631679089355896,0.8748641079442814,0.9102819977335039,0.8108494367651559,0.8290488700675094,0.7971973464030574,0.9214516895155193,0.8232054979695003,0.8431385211049177,0.9155304445671456,0.9002297300144124,0.7358559818686544,0.9302521526044554,0.9019206289134017,0.8832842847674617,0.8583017688959031,0.963922577270668,0.6834300212886929,0.8125230472240458,0.8245237636186712,0.8236692201434326,0.929312075108706,0.6454600066011272,0.7413903690690072,0.7874089724054635,0.7408069224485232,0.8623148724032361,0.7699962772554318,0.8199918697841728,0.8565955663436969,0.6547319099472984,0.7361587682264191,0.9032711188056213,0.8816300430586811,0.7344649910060482,0.8532493137660192,0.84103631439098,0.807782706804617,0.7565141928868407,0.9306275726431991,0.8182216395670914,0.9000978312540073,0.8510526879319874,0.8676795489197227,0.8818167603978563,0.7864802441003175,0.7313894502096518,0.8010421530392404,0.8126352930986305,0.8804517664800282,0.776087241359458,0.9012475828847352,0.7925630505433874,0.7829002786111842,0.905196087881772,0.7531896984299546,0.8210108839074517,0.6379149200766238,0.783596062450516,0.736233447773079,0.7862181485444305,0.7598983123612579,0.8044221873792419,0.7969040376522118,0.8630088310115873,0.8787847331838871,0.8472456197670973,0.8196249602574484,0.8747787740815571,0.9279194679895186,0.8140812368809165,0.8780096819454304,0.7450107626694659,0.8362598507330927,0.8462803874748847,0.7975574230272872,0.8210683465476916,0.9214460283623234,0.7229268451949401,0.7634778686214707,0.775550634709109,0.8034992635585005,0.9038970237584965,0.6344766212258043,0.9142866607233229,0.7822793610523049,0.8628967647991197,0.8878504355521795,0.7584739224518056,0.8017129264279886,0.9058972015605776,0.6963728406537039,0.7988830217769873,0.8224588184465942,0.7425179160854963,0.8490561850135152,0.7689473309219806,0.745253298419253,0.8617350241976912,0.7812610753809438,0.8722044171329755,0.8029183267486463,0.8259882531442444,0.8980296386058717,0.7930926684516035,0.9112435912428251,0.8786606177020461,0.8391135747425341,0.7335411959173436,0.7818964113035121,0.7979281890907363,0.8095047498380553,0.7950774244277881,0.9521094310395263,0.8034227251814723,0.8225528940096197,0.9341286586780919,0.6927184472200746,0.8568510625967659,0.7584350013560928,0.7428810304498134,0.9188301877032187,0.8421910132868845
0.8155574604409485,0.8511734957896231,0.8019874850263625,0.8276134406799056,0.8534179349750771,0.8114648594871231,0.0,0.6450190445474946,0.6493878001258409,0.7705472520643549,0.8325909109788936,0.8458386204588298,0.78109072641673,0.7369439627274874,0.8693979641031934,0.7765670052514487,0.830708364681594,0.7875026394576845,0.7880614685324834,0.6979448722938972,0.8486445596476155,0.8285327850594648,0.9083025649040587,0.9032270315479138,0.8286280619090682,0.8160783844915247,0.6927744950703278,0.7392099859143817,0.821801992044363,0.77148536870251,0.7369615604030704,0.7815943038975154,0.8651301849007405,0.8301728077486019,0.8038277340187575,0.8110354674820711,0.8034601124690773,0.7323231246853535,0.7643415493369542,0.9086282163415245,0.9038427970494257,0.8234981598143539,0.7621312123214149,0.9173209530475066,0.7281418530350183,0.7801881699283912,0.847921209718782,0.8389202345505077,0.9306854416478246,0.7769083483723748,0.8559630658312953,0.8710864863111127,0.7507321551186923,0.8596256604506121,0.8233541949191334,0.8871756895681538,0.7872869315887793,0.7902991569245889,0.7689279657235204,0.7839827391841049,0.6663902690522345,0.6988262070348337,0.7682425239546014,0.6765389815529717,0.7353877319042138,0.6778258535040608,0.7242590996296416,0.8098234135944925,0.6966992372959918,0.6681268661281293,0.7755386563438151,0.7417326303297478,0.689241518312729,0.8216200105923589,0.7013567410974484,0.77906529467359,0.7509781712527014,0.8866100355609388,0.7009230493879287,0.7610743039526149,0.8232629561009515,0.7465270755946979,0.857381993501374,0.6963943359473719,0.7873529254152104,0.7827381274056691,0.625791302052139,0.7006639312187143,0.7105355159525847,0.7519410623996923,0.8579718922475337,0.8174510392963295,0.8776917689881036,0.7678838680058943,0.8267082909966683,0.8484536917623566,0.5984729347979934,0.8073730524738477,0.7198652729084272,0.7874747193201939,0.757691779999677,0.6302095004276963,0.7569319673490187,0.7789287606246305,0.6898528999388294,0.776076188490928,0.7192124419309615,0.8228895691537736,0.9012045809728293,0.8806641712367741,0.9149545541615891,0.7994595543431903,0.7794372179112604,0.6190939681266754,0.7996899054755786,0.8443884635963973,0.8025433720437167,0.7701974695727641,0.8896707330494857,0.7097374512455921,0.803960647835516,0.6441866939640346,0.8359406823432726,0.8924743515643491,0.6978137860612283,0.8377982640442042,0.7256875267512487,0.7562834746613367,0.8314923809614405,0.7772348262189562,0.6867835457041944,0.7169424241634922,0.5994726385963962,0.7524029822273554,0.717890411995112,0.7824529246188883,0.8214710032647623,0.9094140350726657,0.7542238219587714,0.748639955812903,0.7614943421983622,0.7792178905382837,0.8420695984973865,0.7159758440387385,0.8547913704703228,0.8421182294584592,0.8144756170162912,0.8141917673554798,0.7624010209397643,0.6360891017672038,0.6996855994720367,0.8134439191834986,0.7454667926439282,0.8420710494431658,0.8608854411049001,0.7004457902462518,0.8010654175203122,0.8701817503613197,0.8271957147629757,0.8317810552600735,0.8275722110993796,0.7985587559939616,0.8204437192275875,0.8491949418143909
0.8010263166166398,0.7165859254755444,0.7759097316840438,0.8176107880250217,0.6201690171029297,0.8091275726461654,0.6450190445474946,0.0,0.8380571481222358,0.7136186416951418,0.8291524206401834,0.7968977981226304,0.8751068604058592,0.7056195249977514,0.8133807684892419,0.7930602839432161,0.7191754141606015,0.7850635918142511,0.8010643718287528,0.8113955641177056,0.7461752779364076,0.7938404077168404,0.6611265737475693,0.6714345528213216,0.8193054610315267,0.7622811910125972,0.802339690345057,0.7955963468971758,0.650427370670999,0.7095466142552368,0.9013233735611426,0.8345464539621825,0.8105603016376874,0.7997577978425787,0.7223753331896884,0.8564334063593931,0.8702996994455691,0.8861214836024552,0.8512691538714393,0.672359882086717,0.7262824795013314,0.6571100338635003,0.8582841449913108,0.7194306142323861,0.9464047587599084,0.8303097393601525,0.5883038255996689,0.7852501782763945,0.7185145802019124,0.8102546780856995,0.8123086961816638,0.6964998258049059,0.6457039271325471,0.8270935380363786,0.8651470091977032,0.6572270503832381,0.7899150601922319,0.8449135510897162,0.6695215829452715,0.8238582585904392,0.9787612072974109,0.8209365113327134,0.8552505984642825,0.6411594342736541,0.7108821541340932,0.8517857773858877,0.8732081879472204,0.7708590340747203,0.8412384065151093,0.9765017358062964,0.8190248758244983,0.6937526008794478,0.7647320577575406,0.8518289914506034,0.8905737196325633,0.7017022693756656,0.8555161860547839,0.6423562689519923,0.9104779316346253,0.5561517444187964,0.6814231318548211,0.8462031716540783,0.7159818574561789,0.9459380071461404,0.7929253241630012,0.8843023829455713,0.9657436144159083,0.8545124596829656,0.9149097845739331,0.8650880905378636,0.7474781062982224,0.7152164394475441,0.7571928849463234,0.7340306753492094,0.7267853477627652,0.7970627326633349,0.9046652709359501,0.6995528518310133,0.578556717748988,0.8230573175065214,0.8086867258041338,0.9480112920912223,0.7796116731680436,0.7273306681993141,0.9077255112094036,0.7804409297041818,0.8721376329578316,0.7064453926774471,0.7002199934606405,0.6690974818905251,0.7423299528341617,0.7865409974637849,0.8628977798111472,0.8890385584488267,0.8351271189815246,0.7040943377590971,0.6481733467854848,0.761075714247747,0.6992282636010875,0.7348186374120881,0.637523830565633,0.938932489982612,0.6242236150327033,0.729271455402994,0.5891951989824115,0.8145175622153477,0.7388838682449593,0.8651018395931799,0.7564376639050523,0.8006637883670612,0.7362625376266828,0.7922476413813823,0.9084832600246554,0.7710839383869491,0.8688330152586259,0.6311055766973312,0.6998095092756017,0.7097055246457544,0.8188090190466735,0.9002262539043903,0.8192276609565832,0.7412084072452396,0.7358301737202232,0.8533319668652825,0.7846711957343394,0.7424682480296222,0.7857854635779027,0.7355659303692798,0.7490618578207591,0.6181122693839908,0.904692286440771,0.6629432874246157,0.7802542051404046,0.6709755936438145,0.8031263871550954,0.9449525866757073,0.7945008051257105,0.7432735172087833,0.6763108368325094,0.7527954621400159,0.6386206359159349,0.6335333999102432,0.8568124678030609,0.7091807153981129
0.8890600411450946,0.7000733404447076,0.7027540325505384,0.7633700508537354,0.6498756344609955,0.7412958649139683,0.6493878001258409,0.8380571481222358,0.0,0.6422210928767004,0.795516748334312,0.7278883621548896,0.7902312445435734,0.7704204003139041,0.7763463041003217,0.7305229596290317,0.720339810992191,0.8614072419962656,0.7817332093107037,0.862618009224647,0.7123104538182071,0.7819300366322097,0.6876045864663433,0.6500370436119952,0.7644332286935004,0.6904083378160926,0.7931857192229113,0.810849464568442,0.6146495497947948,0.7492437668338817,0.8398151079734135,0.7669609882061184,0.7453644281528199,0.725302487440834,0.8326863334286486,0.8024528280036279,0.7845614007022137,0.8896675731871484,0.7589826842006223,0.6594954342469195,0.698666170202305,0.7287137425943269,0.7841121710390442,0.7007287073901045,0.8075484742387746,0.746533780103798,0.5961360031142562,0.716498470562226,0.7312543840465725,0.8322283806973753,0.7724812504166055,0.6954315455707824,0.7239379044253267,0.7504762530190641,0.7619566923334117,0.6866673872864318,0.8147236085126263,0.793039851305633,0.6941722207233926,0.8041603648873843,0.8100701330981392,0.7727499235346392,0.8068433358910453,0.7023706534977563,0.7866839670564355,0.7751417901498334,0.7720353718962224,0.7203674328915893,0.8446474033369019,0.8784527119562834,0.7902060763131681,0.7693006311475595,0.85157926465805,0.7777824104044176,0.8602624636602649,0.7115198104251563,0.7414184186271292,0.6147796452341673,0.7909025939565766,0.5475111895554227,0.6429215847571548,0.8813042951004431,0.6924459070844932,0.8278641415293844,0.8277232098388517,0.8554056632200882,0.8415060891334037,0.8560335800394596,0.8135277691393656,0.7933299790251319,0.7892575585520205,0.7440765160072501,0.7493898472923711,0.7579388557526366,0.8193507263769767,0.7213737618428453,0.8002407797586872,0.6785685684339512,0.7325890138146031,0.7523484922116136,0.7681701196757296,0.771101348467383,0.747153980027554,0.6717292695683553,0.9255400885188053,0.7072381175422686,0.7341246045114349,0.7091859378705344,0.6575318349850183,0.631889691638307,0.706173856480367,0.85559016525404,0.8176811074828649,0.8735026659821047,0.8058024348656871,0.7245680294306626,0.6849754918102984,0.7280776759169093,0.6621938769069946,0.8142859193653011,0.6852349412722478,0.8114337263892023,0.6912730658401444,0.6888721725810995,0.7704255496757456,0.6986225503721603,0.7590451315560214,0.741657535524061,0.6804030864035279,0.755685483025363,0.8140860209198996,0.7426819867745645,0.8276492797907765,0.8863510307277895,0.7884714321790129,0.6767007179129136,0.6814018089197341,0.7198958142777544,0.753890792933385,0.8256060936503812,0.7522660228544868,0.7408417436860747,0.7936383007508625,0.8646700341451304,0.7241473039659394,0.764942251231198,0.7831799689843425,0.6387458805309327,0.7015596050977232,0.6392921124640448,0.8788065339183252,0.6888736598921718,0.8294428987749267,0.6214683715798172,0.7200996506065549,0.8296614273334546,0.7606975445512204,0.671256764838076,0.7056049484264805,0.73959054972206,0.5865973920584558,0.7547182143918411,0.8095130249307957,0.7840746101163345
0.7033120923226535,0.9115652811863432,0.8528054764012398,0.7391910944558987,0.6794458854829749,0.8045983754893059,0.7705472520643549,0.7136186416951418,0.6422210928767004,0.0,0.8116500276833571,0.8494843315485975,0.7731020600074274,0.7474545994622113,0.759005176702244,0.774843064232026,0.7833315202659704,0.7298728333889822,0.8058989086033226,0.7380846584807594,0.761233445584851,0.8263116714565838,0.7975377885975696,0.737625754654717,0.9131575146995791,0.6561706099267258,0.740030671514827,0.7735230149935282,0.9457589490493464,0.7082043165374143,0.7509309467868349,0.8261468848783057,0.7703700999910619,0.7651280024665569,0.7465880571324508,0.8435988875845457,0.7428678874724811,0.75330641654539,0.7575814245600991,0.7407731636246653,0.7898885150391937,0.7476839889105859,0.7168865627007819,0.7589592849472903,0.7594195206964487,0.6949272349707074,0.6917632734586474,0.7854052135586257,0.8274117582011339,0.7201058822943613,0.7195041065736621,0.6827518823690557,0.6943429157357917,0.8229874386947678,0.8643349149060598,0.7662394591034304,0.6865573842582376,0.7658274917539952,0.8043097233526718,0.7370571101039078,0.730030526396337,0.6473639861188313,0.6959753778273743,0.778927528332194,0.6307666093361637,0.637719759013441,0.6822202152675741,0.696478930789167,0.7798560946246669,0.7111279948421672,0.6574701059299274,0.7078430076975437,0.6539445406665497,0.7582432206979453,0.7812857046351811,0.7089074604432412,0.703879060335172,0.7358192870844198,0.6541020538503217,0.6033890593856964,0.7610645455231109,0.6448993321883,0.7523973500657615,0.7604934240250859,0.6743550180156516,0.761889543967677,0.6556424451781117,0.6829206422455085,0.7486882806149253,0.6762447691767582,0.6969547622766624,0.7320205532558152,0.8324178910797121,0.6559437584020947,0.6924039923527535,0.8638376523611457,0.6507203444031627,0.8071846903951789,0.6194136648430643,0.7183714287226189,0.7678287279383679,0.6740730257911496,0.6697399825346834,0.8759676947300523,0.6808580188499047,0.6868795144374144,0.7393259965040897,0.8882166170490199,0.7666327789694672,0.811957247704892,0.7797600694022919,0.6637351398531526,0.7170335003918283,0.7187006958532566,0.6866036155692514,0.6923319979931476,0.7837122464621048,0.8660902524032685,0.8507382313167966,0.6765070933364395,0.6384116337993456,0.6364733079484935,0.6933880316782359,0.723155396119645,0.617373339390702,0.8766504566751046,0.6462487746090676,0.7231161374049976,0.9411883152080812,0.7387416410351049,0.8023607361727245,0.7024830800445627,0.6099818765326317,0.6429748907399074,0.773313796629962,0.6780196431485854,0.7624848892514703,0.7307957913269779,0.8359570306137338,0.7407632946294704,0.7777333603701965,0.8297373265997979,0.7289526390894684,0.7859458268320634,0.8086410232796205,0.7020625780881815,0.7110751138332065,0.7984387820281196,0.96140872014219,0.7792261364022556,0.6476298169321149,0.8536285658472772,0.7464862120168264,0.8159992969236455,0.8371078411439542,0.6934281957300541,0.7356673659961346,0.7495392355169743,0.7105249899719632,0.6832426555870417,0.8516201683988257,0.6984428947179274,0.8505246505105172,0.6624858905947385
0.9020893161044844,0.863934068529865,0.9461089399235918,0.8352213168237909,0.8528139209653157,0.925656505750025,0.8325909109788936,0.8291524206401834,0.795516748334312,0.8116500276833571,0.0,0.9318743994169253,0.9441461291063835,0.7678478483021552,0.9014901138533612,0.956634593928579,0.931748841350943,0.8776512943809247,0.8765671122696354,0.8461084656820109,0.9305218955219596,0.9693249995927148,0.8248832854821445,0.8700464811302815,0.9054080130954919,0.8650235701941706,0.8015299724118938,0.8447128123364314,0.8257423240408746,0.9037155197579757,0.8402875484883349,0.9292288024244212,0.8607801167240152,0.8330753034887364,0.7951141650746855,0.9078935240752395,0.9358699103757039,0.9354688793981729,0.9123513243413892,0.8479148975986921,0.8790077771532802,0.8645827988481992,0.9081773645687791,0.8941435001654597,0.8607756474537348,0.865318813138357,0.780673285103759,0.9453440449307702,0.9045026434398235,0.9074506080567987,0.9254629696787772,0.8552598937732713,0.7497001792187523,0.926172669931982,0.9404653987097839,0.826953268457498,0.9057262474117225,0.9621057746688916,0.7412694644005943,0.8858545628291842,0.8441613408152583,0.825455023488295,0.9148673524990337,0.7202436720988388,0.7648852681873082,0.793205575650704,0.802769483851775,0.8886027199719169,0.8640605608294611,0.8604044231772613,0.8837910744390461,0.7479788286357593,0.7624692430952379,0.9462500792973457,0.9123479175792785,0.7368732535283097,0.9065109659236101,0.8649033190286923,0.8257735936426948,0.7278565188952902,0.8540891073872843,0.8261400513730209,0.918444177243404,0.8865221708644111,0.8700269177666062,0.9337501634419743,0.7996037274777452,0.7864045557438977,0.8172518782358166,0.8535734866496608,0.9209465551180962,0.7390367637882777,0.9594339081072353,0.8085098784844358,0.8389453453501884,0.8907053681017466,0.7497569970402992,0.7505047117796029,0.6724191335257865,0.792041079186251,0.8231895526718833,0.8103901048422286,0.7344075148005368,0.7674220107505936,0.824921882767566,0.8870375380096798,0.8762616068712102,0.8668714471337926,0.8608907018943746,0.8734792932264283,0.9000589514283338,0.8765376793325561,0.8595765877153847,0.8228124964085655,0.8676643460407496,0.882444838090732,0.7472747876022453,0.896712657703438,0.8722092325841447,0.748534045637263,0.8415552369358499,0.7786598263359462,0.7942597396885519,0.9030110011441692,0.6742437704193448,0.917099628897086,0.7808415394619602,0.9098379488049284,0.8718767788934104,0.8568673634713321,0.8238155515564115,0.9086829252485821,0.7689557347119008,0.8236375692182716,0.8709762463294752,0.7865106873238544,0.8826995405931095,0.8493027378981909,0.8524256881661889,0.9143136439045669,0.7782882838999363,0.9190310415414804,0.8231543182766653,0.860416883685031,0.949098668879277,0.8030624606088876,0.9284328765215909,0.8794209576625877,0.8514303145164723,0.7571046864104369,0.8064751024338648,0.7795727867167361,0.9021552735258728,0.8477573523459732,0.9081750977642183,0.8572660225971213,0.9213682633196453,0.9076578937426149,0.7298877876722544,0.8825557917752535,0.7489439480721702,0.7384660662610312,0.9113492000088517,0.9038021416092517
0.8256319161114969,0.8943707200823153,0.9180527722871744,0.8359192588635583,0.8125350470440014,0.9530219445218242,0.8458386204588298,0.7968977981226304,0.7278883621548896,0.8494843315485975,0.9318743994169253,0.0,0.8505471965663851,0.680568514033356,0.8877885338712382,0.8857858371019938,0.863773614589929,0.7677455703326895,0.9380253637310236,0.7901451863547134,0.929562433585764,0.9114920540926106,0.7942762559021606,0.8640298688221577,0.9430941857094568,0.8057793836848065,0.7016181616109449,0.7809088176173364,0.8548929193404483,0.835303756025235,0.8658576038720593,0.9038797008316254,0.874129120894348,0.875493774955522,0.7776375577118466,0.9129774708012288,0.8789479750396036,0.8355951412370802,0.9216179699626966,0.7869465839143411,0.9022713853003197,0.8301135695867252,0.8672860034267772,0.9298068620094772,0.8285828564622262,0.8111740738942829,0.775552850739462,0.9372655396826944,0.8697636720968618,0.8372226196064632,0.8921345564138963,0.8512570075937642,0.7212352978506918,0.9534655810055229,0.947037103380854,0.8463944604806058,0.8399165211734537,0.9350037968939268,0.7144513458106637,0.8145705656982247,0.8106620305779724,0.7620905405597215,0.8676211053279281,0.6860885224126184,0.7373762482428465,0.7504412827537176,0.7419894244227321,0.8275155284012372,0.7568372301896759,0.7994636824567587,0.82278599814894,0.6869194496853025,0.699938089260197,0.8785473381222186,0.8435512464477176,0.736659502908201,0.8340979187181063,0.8428815198304916,0.7917406898016005,0.7194520241150393,0.875941915388869,0.8023888037266784,0.8885142723513739,0.8200012737065353,0.8257901460667341,0.875639811686265,0.7635873529629108,0.7271718326951028,0.7829731913878609,0.8189841634870529,0.843636400556897,0.8043247702711129,0.9273018454143994,0.7788572188240139,0.7639727090788107,0.943951878067062,0.7441521016111061,0.8401585742675008,0.6457565750011169,0.7669318922610016,0.7940097556899167,0.7765507506216237,0.760344568297615,0.8582633061332542,0.7728934513157406,0.8223558027290047,0.8531629786124143,0.857862003398548,0.8281304439914525,0.9054431502058302,0.9500321118736885,0.8108677082898116,0.8223955267936467,0.7320210408630471,0.8056049893211741,0.803795363304157,0.7915669431430784,0.8800657552038152,0.9127972538836517,0.6918814318918862,0.7633838590641394,0.7450180898350517,0.7898454893495929,0.8927981056368873,0.6545287474472101,0.9555861391954094,0.7232146729348262,0.8654392544026647,0.9284169490939975,0.7760312119051149,0.7736936058169982,0.8475604206135766,0.6797672657016485,0.7922996231826556,0.8722110567691922,0.7605377381114968,0.8720425197737431,0.8061575049131908,0.7973725945493785,0.8908237770073416,0.7979732013616957,0.8709101056944578,0.8053830799859868,0.8387460480446502,0.9351397913574718,0.7921040245902483,0.906164428011301,0.8673575146813619,0.8924680805912636,0.734619720679929,0.7904408978238953,0.825951266524883,0.8269815043590736,0.8178453655088529,0.9747025595123587,0.8093786482427308,0.8285803153062155,0.9062384187562629,0.7218914870597188,0.8101225749200182,0.7554694602917733,0.7491531679987217,0.9411461503821488,0.8281021541182768
