0,1,2,3,4,5,6,7,8,9,10,11,12,13,14,15,16,17,18,19,20,21,22,23,24,25,26,27,28,29,30,31,32,33,34,35,36,37,38,39,40,41,42,43,44,45,46,47,48,49,50,51,52,53,54,55,56,57,58,59,60,61,62,63,64,65,66,67,68,69,70,71,72,73,74,75,76,77,78,79,80,81,82,83,84,85,86,87,88,89,90,91,92,93,94,95,96,97,98,99,100,101,102,103,104,105,106,107,108,109,110,111,112,113,114,115,116,117,118,119,120,121,122,123,124,125,126,127,128,129,130,131,132,133,134,135,136,137,138,139,140,141,142,143,144,145,146,147,148,149,150,151,152,153,154,155,156,157,158,159,160,161,162,163
0.0,0.9139228730626385,0.8419464820062589,0.7771474299917602,0.861328796720565,0.8414459746990802,0.8473569832728283,0.8699711021136272,0.9130000161350178,0.8555958449931589,0.9183603668292288,0.8661115057841415,0.8956580634181734,0.8282295697227726,0.860782717226086,0.8831741295336136,0.8682942529660685,0.9405358884871541,0.8691427279257855,0.9414930155364332,0.8721366820016632,0.9155400893989432,0.8423993402831668,0.8552651513713431,0.9269206047499979,0.7695474335688026,0.7955889361587235,0.8530952192509558,0.8621214131805273,0.8573858108095667,0.8854218558140675,0.8925107339760535,0.7994980688187774,0.7951934010835562,0.9273414134488361,0.8038403952399871,0.913682519727147,0.8844024806342817,0.8218326183981779,0.8461440806604469,0.8018638010531096,0.8638358921547796,0.8890911934016047,0.8441780311556478,0.8741213475113013,0.8415958298734306,0.8168647126293039,0.8779681642580582,0.9107165728606007,0.8690576359181367,0.8856717133115951,0.8366808215139473,0.8300247225687041,0.8294910174931887,0.8496679105605224,0.8071662166741314,0.915854673703443,0.8717540560381551,0.8947267613814655,0.8394414455801428,0.8285324980702274,0.6891550314677413,0.8560948501268432,0.7636552203521024,0.8245344642601966,0.7966479083796147,0.8230108625893664,0.8635907462730104,0.8249828419499755,0.9222982634685681,0.9112152699721234,0.8294752163670756,0.8398693076825453,0.8813059456318609,0.85680776602921,0.8352921988750635,0.7913716493954969,0.8187278099001378,0.8269739012989343,0.7261132659095328,0.7862392372409813,0.8816796170752589,0.8897272632435426,0.808251286087625,0.8612152020237865,0.9047578035490955,0.893321725966529,0.8887222032654424,0.8348318248143988,0.7867580773722102,0.8936220271044673,0.8245545277044308,0.893713344251596,0.8531733773843004,0.8929630653827219,0.8338876102987712,0.7215509079876307,0.7840554214219788,0.7399584426659312,0.8171782665035533,0.7913343841620016,0.7930615408670543,0.7291575551595225,0.7653611960550973,0.873412425987269,0.827077637517727,0.7393053592548571,0.8641364839689216,0.8275235462725614,0.8649482395726089,0.8349769543219977,0.8501960561929828,0.8478067083400126,0.7940343332975494,0.8520543160110554,0.875626660895859,0.8862207024062768,0.8848098716693275,0.7723170065278072,0.7602308461473692,0.8520547212244461,0.7452814608847448,0.8763937983083337,0.8886053919961381,0.8589206114298886,0.8492646612943928,0.7242905468860197,0.8012489700623044,0.8120929598489042,0.8143558725342394,0.8131542353160119,0.7994859064619869,0.809333388095159,0.8687333286297088,0.8451061951705732,0.7962520851539833,0.8941331332327638,0.8469816461800713,0.8626627976524905,0.8927396481605042,0.7891071190117874,0.8302317758582927,0.9032102840356536,0.8080288782562598,0.8790772761840452,0.8700698643560366,0.8723789068767671,0.7642369666955708,0.9554525711257129,0.6473075835527613,0.907587724122704,0.8745705642367708,0.8598050247796764,0.7634811929438571,0.8316576344583619,0.8960297005105352,0.8718439619929487,0.810012283440376,0.8329032635473899,0.8003143247133429,0.7148926297502712,0.9225851739272405,0.8992216034133268,0.9505862354627181
0.9139228730626385,0.0,0.8810496893763263,0.8392387360785791,0.8043319895344875,0.8905676907193468,0.8610085161331044,0.9387360617538154,0.8667227869296619,0.8874063475325423,0.8587329702876243,0.9067980588562866,0.9036665087695942,0.8312944243242523,0.8630197996913935,0.8541007644593447,0.8610409148236191,0.8526770006203336,0.844988052466653,0.8777140769984176,0.887737029749135,0.9030038495497137,0.8280913294364538,0.8936085380809297,0.8893197590033823,0.8188861930487151,0.8021577658102075,0.83404939125151,0.875843439115068,0.7921702197933262,0.8742744856570795,0.8541893821723757,0.8844878863530728,0.8389920629343554,0.8781709067992874,0.8438133145671634,0.8751484211357118,0.8352778041769002,0.8277218042146116,0.9041733282422669,0.8745460751162578,0.8494457318230119,0.784733241218262,0.8262275520378282,0.9447512457144667,0.8838636019907992,0.8428859943873853,0.8192370165800625,0.8479079919330327,0.8336709578911503,0.8753974843459306,0.8913580786916108,0.8312544605326554,0.8893400185764326,0.8367387818927816,0.8748584802001846,0.8693946179168045,0.8626954437625082,0.8466131171844742,0.8815432056969739,0.8783734549957973,0.7142268086427299,0.8256952333130014,0.7394478246162739,0.76504255099011,0.7823610014054774,0.8889832286343028,0.8289145876312177,0.7371044012526764,0.8597950057911836,0.8930612747018484,0.7826515853196715,0.8041035389770993,0.9070515172450748,0.8524193101499667,0.7883065041994729,0.7945089707508329,0.8484171063684344,0.8538522843122803,0.7095673300215384,0.797100411712979,0.8862502156094524,0.9066032666752869,0.8256205232904502,0.8398879442356435,0.9654694807410253,0.8338815575498946,0.7960147537463756,0.8573964987058924,0.8846951421682295,0.8457675201270523,0.8743223218044672,0.8437009123027525,0.8311959261026296,0.8771114088076214,0.8609590490255588,0.7558772966919508,0.8615947908435554,0.7225026721237227,0.917345953111674,0.7767906005661871,0.7588849757196121,0.7233086425303166,0.7810905341519633,0.8424151412704554,0.8879776855944423,0.7864613943879386,0.8781763601944215,0.8923379517802913,0.9037774899334698,0.8457137920272592,0.8052901717085686,0.861765835732835,0.7576479037854351,0.8697969300329998,0.9410034263441193,0.86896238277482,0.7613271185591419,0.8046133437061992,0.7878401710630331,0.8042132516868477,0.7775114305942226,0.8678833201421631,0.9076733667115567,0.7736868152270001,0.8878164752460116,0.7870852527331602,0.8801913503012561,0.8864369500749075,0.8010874292457583,0.8204845862524663,0.7980916026191245,0.7719831535599277,0.8790115032951955,0.8254551418527273,0.7275015188859197,0.8662317766321703,0.8567134488517687,0.8669698313747186,0.8415033619403768,0.7902404048059293,0.8013399457632709,0.9552017344250826,0.7951404340086052,0.8573078312309633,0.850465617359929,0.9002720816556017,0.8224776313700874,0.9246050631494688,0.6664959379402613,0.8545389969606004,0.8262723021582038,0.826306172070489,0.8486154454142939,0.8769506976663508,0.8805985509724263,0.8522177298455801,0.882465350265974,0.834962588806357,0.7570607256445893,0.7491664127776084,0.8523372775982653,0.9344122135224728,0.8837479758917841
0.8419464820062589,0.8810496893763263,0.0,0.7851713716776257,0.8160091494669889,0.8538586831081726,0.7522378811959257,0.8869101590399255,0.8142011909562687,0.8478300381518176,0.8512611857121742,0.7985795325780739,0.8794444850528251,0.7628875399173305,0.7589406711223609,0.8727160814997199,0.8952247889157993,0.8463408510005622,0.763243029151378,0.7987006923651138,0.8863661496205815,0.9262559140379418,0.7535143754087034,0.8135154688767674,0.8072678651064724,0.7845175572460711,0.7773073791107887,0.8120516765141271,0.7856139696738785,0.7808006528814969,0.7096260912516401,0.7798318150524004,0.7805899564096732,0.6992750801653856,0.7539846855804603,0.7385950121229031,0.7863698325555698,0.7989378317607857,0.7033737823540346,0.8478361857518905,0.7861609233803861,0.9020462473242965,0.7368545062623512,0.7241267366085704,0.8113811911689464,0.7908038567585878,0.7971457733171928,0.7534224330367584,0.7506565696943238,0.7815263413814938,0.8012594823620928,0.863734207105312,0.7695484579039394,0.8099684697349655,0.7204121563230343,0.8038848067340997,0.8040967197549971,0.8707301625625514,0.7865599588158682,0.7698840228122088,0.8245428453862599,0.6502925483771728,0.846992019011902,0.6834317044561997,0.7052810704609418,0.7297080181975073,0.7864678517986959,0.8155284681134187,0.8061619143341604,0.8677249339104388,0.8319293278698595,0.6664031386116189,0.8043277784499775,0.8986099697088413,0.8832982816323594,0.6491265219331386,0.763322067541871,0.7887533266603123,0.7474757271583458,0.6477006157108214,0.8021515102299032,0.8151283845872499,0.8506492815794048,0.7936680501739797,0.7870003924428348,0.8996304069191492,0.7730591038607757,0.7005009255037308,0.7419041088012442,0.7689366537903851,0.8518613361217924,0.715153798898719,0.7591609165032567,0.718378809962475,0.8432174832346244,0.7533974268838115,0.6894220476536215,0.7624043567512555,0.6337604793307041,0.7942748344374062,0.6298223642262336,0.7185554089443505,0.6467842708092065,0.7103579527497498,0.7629019762717429,0.8620504529934698,0.759613857198095,0.885341556819877,0.7964999352273524,0.829057739474422,0.7523987375332397,0.7392630848960942,0.8130451660201533,0.7617224245564714,0.7691234649708506,0.9329963825051335,0.76297145545038,0.7013726027053792,0.8194692876509722,0.7419375616036488,0.7524767942951739,0.7265196079829391,0.7902966494975444,0.79492795212023,0.6768565149002495,0.7561369051966733,0.7595661815555568,0.7650122802186269,0.7966669437314927,0.7302553906696073,0.8201414097107469,0.8991404686297755,0.6911020223840219,0.783958206362774,0.7467045888145842,0.6598618932749236,0.7564176403138392,0.7383113893254695,0.819467139287332,0.7262224723122832,0.7042967383335342,0.7409896597639356,0.8423628832292122,0.7686654239088414,0.7466567654566867,0.7599618545512145,0.8420813759943514,0.7721103279805626,0.8559475229677598,0.6554521753133634,0.7227405505688681,0.7222977729245764,0.8216673425597005,0.8359941718633048,0.8076615314938361,0.7840792413405542,0.7974364004067136,0.8428308359329784,0.7172803759211689,0.6920511712173394,0.7352020593591879,0.7253515664057172,0.8143910084251816,0.8506654299173421
0.7771474299917602,0.8392387360785791,0.7851713716776257,0.0,0.7468988233738273,0.8231995223048809,0.8661575471953015,0.8120009443862398,0.6869316584685463,0.810504561835837,0.8368835860567692,0.8534036378015567,0.7667320306241184,0.7206885251899818,0.7982137965049695,0.7371261793948177,0.7922244330588221,0.755643858080858,0.8444908784368855,0.6965324646221115,0.8388234563620504,0.785259439974158,0.8034927855273475,0.8022564542598115,0.8278193241296838,0.8156772980713433,0.7355778655232748,0.8111505565125169,0.8399940932433537,0.6741856729651372,0.7532358041696935,0.7426005659473185,0.9393075347648558,0.8018613416416619,0.7866383428283185,0.7971954404083917,0.7648625426994154,0.7246345577565911,0.7524781277940531,0.8508570687179005,0.8770093141768597,0.7436652709114221,0.7204552418414466,0.8365928050557329,0.7946332138885462,0.7458990784180157,0.6787335453379633,0.775712697462776,0.7936805397320712,0.718104697256322,0.8666344459054732,0.8817733513249915,0.7384068191668028,0.9228299155935347,0.8531648783152895,0.6992970027194304,0.7660422062350439,0.8416689194939208,0.7815480200035244,0.7482279810157437,0.8247683530480125,0.6130810792045742,0.8215814022672561,0.6332925401478485,0.6782721782502024,0.6922694294267998,0.7872804235836728,0.6978736417408197,0.6787160414393729,0.8089896184178976,0.7421315927961675,0.6725243170693269,0.7732936367904494,0.8584938988356999,0.7652902292847963,0.6849020578024507,0.7595315539945027,0.7904180789430127,0.7774188272102355,0.6593417027344655,0.7484513640266843,0.8066449274061256,0.7370529407192203,0.7458725492658195,0.8113223324860447,0.7826071917228365,0.7657683292533883,0.724912004813625,0.7458498154476358,0.6853948922917665,0.8337226893052759,0.8132269604010574,0.7882256460579832,0.7344895056462714,0.8333624160499344,0.8037982943564731,0.6602984159319554,0.8193215428108248,0.6383405397043992,0.8431368494379038,0.6850850843582981,0.7186861592189642,0.8563791804007872,0.8358070127751223,0.76586224871374,0.7158648408176914,0.7291731938403041,0.7979548176919182,0.785378624422771,0.7690131817016069,0.8911781263918923,0.7553244479180331,0.8274836621929686,0.6928005765369334,0.8106752717969469,0.8204628465604024,0.8051853906865702,0.6794641411031336,0.9099908166892177,0.7396803526484712,0.6787762856775127,0.8432803138503864,0.7508256334792629,0.8288209844164848,0.6697887040392855,0.8591322704075731,0.7080304847637974,0.7128261665904556,0.8765692382178278,0.683209248081208,0.6587950592571267,0.690961431747906,0.6764287900102653,0.8031194996821597,0.7227024159023908,0.6198685716709602,0.6734031140364568,0.7859096699003472,0.7807554778020784,0.7391660400129866,0.8673919989673669,0.6678725461564907,0.8457975078640241,0.753087561677315,0.7596801986402603,0.780089787018718,0.7380754648710557,0.7309675083119432,0.7691319421649947,0.5874841353346081,0.8144065549375007,0.8200993729559336,0.7458660890615338,0.6822605855069149,0.9027279823470091,0.7311393758676722,0.7516921189956327,0.8279645814337037,0.8891918011958966,0.7610236233483365,0.7320129495067149,0.7731490283716035,0.7708303472124894,0.8105056526167785
0.861328796720565,0.8043319895344875,0.8160091494669889,0.7468988233738273,0.0,0.7234574132287077,0.834093982238736,0.7487184987354726,0.8321072519511663,0.7463738272831341,0.8706878257723726,0.8228583807658151,0.7501105122944479,0.7448440609548319,0.8514165135844401,0.8066882155224127,0.7864658535942555,0.8519443464961483,0.7758055345652864,0.7927917040209996,0.8302132773411343,0.8925512607212239,0.8008297312323247,0.8132813457202313,0.8013942132710524,0.7785730382051591,0.7566191750330515,0.7275547642259038,0.8128690025710781,0.825792247773653,0.8058744493978925,0.7480315022956202,0.7736984613151472,0.6894565572348771,0.8490202409738976,0.7925404259816005,0.8054579238324767,0.8363519495466971,0.8133939565598728,0.7970703423972297,0.8067109201533845,0.8069142267340008,0.862789718521,0.8324693431651228,0.7599007906946875,0.73129875715002,0.7983060011636435,0.8368391900232233,0.8387245192508409,0.8357588466459696,0.8353822347111401,0.7822624283466763,0.7343501584185014,0.7860464995188431,0.8071383261191014,0.7034127785047626,0.8105690296996574,0.8598158205400174,0.7917873834844789,0.7512341202973152,0.6779552349705009,0.6366704739341955,0.7913346793128104,0.7472840553075968,0.7606628235284535,0.6542215134460053,0.7054698535854614,0.807264276650469,0.795427243897608,0.8190473586561413,0.8434244395086569,0.7596780015338871,0.7318197369370769,0.7948031357722178,0.7413943948545669,0.6723793332666252,0.7300634209627376,0.8513910491860777,0.7309810583808704,0.6325827968726555,0.6771030259516474,0.8366955923888129,0.8319024887603179,0.6850545597435617,0.7712080109494891,0.8110890338252021,0.7375601447769129,0.8046731800936642,0.6793797975655074,0.7028782744485006,0.9315790251298351,0.7709351129550525,0.8739679908155329,0.704772338736755,0.8335732136555518,0.7916871760971038,0.635463713845398,0.704183920645704,0.7254294631248361,0.6873693381298684,0.7133309635865541,0.7046638072974172,0.7269192221736563,0.7499908652456356,0.7819251496426162,0.743869414309598,0.6476846262133357,0.7616386785779456,0.7717800886732008,0.7588525451847672,0.7823920382444318,0.861093892555526,0.6963512886131124,0.722981384622522,0.7531572651793871,0.791836264550446,0.7159460024001623,0.8421695421571816,0.7235033198296592,0.7093703551883901,0.8866454129191852,0.7214327264775601,0.7366060023811954,0.8073751574365179,0.7740601360047874,0.7776160049663627,0.6634432047876103,0.7631680980361112,0.732045174170144,0.7862470708548324,0.7203801243492042,0.7386107858707612,0.6709302345308371,0.8172676946564833,0.7690222358096582,0.7564044624483167,0.7866719010957511,0.8450101814814958,0.8159548006510645,0.8533831806806885,0.7222502411906118,0.7541199586303694,0.8076685023880248,0.8030501627227693,0.8328941608492171,0.8296445868435989,0.8766941397491105,0.6833967324888799,0.8306502001957436,0.6155446999696383,0.8024091807539283,0.7724733718726882,0.8276631106246445,0.7577724336467632,0.7839255764067053,0.7734721687966032,0.744355422700867,0.7468264061344381,0.7765431100314344,0.7078605194582895,0.630368993947713,0.7846254663699851,0.8129781541235944,0.9168305081419142
0.8414459746990802,0.8905676907193468,0.8538586831081726,0.8231995223048809,0.7234574132287077,0.0,0.7682091278634474,0.8961241103332271,0.783507708193073,0.8540693930798279,0.8100173547967279,0.8676408547669799,0.858886763560797,0.740590438510461,0.7205135686172092,0.836796102452039,0.8490638338510463,0.7490928213223302,0.8312956922832093,0.7712213641547815,0.8608250585577792,0.7913687358785982,0.7346203606424264,0.7647653851853512,0.8680812627983568,0.7691832389742831,0.7006332585462297,0.8157348946301388,0.8032069826274784,0.7622277708775859,0.7727973925113945,0.85933135740161,0.8171375246909574,0.8145997585435091,0.7775930301912839,0.7627013670370031,0.8162239043733599,0.7557395439282507,0.7105367840277,0.7696675202027478,0.7795428845320315,0.8585360035160745,0.7142590525364335,0.7903925368609958,0.8187866187469812,0.7768965057765208,0.7924031587041495,0.7784522106863828,0.7458329576589553,0.7294379390175788,0.8218622762194622,0.9184196445090032,0.7583812913190388,0.8344992625683599,0.7683555380372469,0.8823675173925025,0.7909273270681639,0.8920282663518883,0.7230801942468247,0.7675918556106976,0.8673631476347377,0.7102259514383887,0.8601056404102273,0.6481845131984948,0.6776341627983027,0.7506453031609532,0.781914243296076,0.7723459486498488,0.6832936935645503,0.8386894421483321,0.8031411890662913,0.6658026597786003,0.8249913954095445,0.8479810941925859,0.8600371643646171,0.7484108198292223,0.7474862788784282,0.7845008078227068,0.7805498201929428,0.778665339913063,0.894620730656532,0.8034251808140673,0.8315948399802212,0.831979027828057,0.8466692682568836,0.8622028977452767,0.8785651280293505,0.7086863210897353,0.8289151673985807,0.7868842045353162,0.8058385544638593,0.8225442025812744,0.7522964626636719,0.7759434011932709,0.7993127443058728,0.823992969269182,0.7181528270819884,0.8953971722663306,0.6749981888163471,0.8676673351136968,0.676876903026455,0.7293042208738886,0.7302016622789318,0.7688801558578116,0.7986736617405212,0.829478755273927,0.7783109106799971,0.8763052284300344,0.759612552905342,0.8458862291767665,0.832697223128837,0.7258925910133865,0.9299002795382119,0.742110106674328,0.8086168885872337,0.8925715227682691,0.8947552163462282,0.6691448722540422,0.8849865536132813,0.7973299162449071,0.6813013284795889,0.8052583861923821,0.874087036849898,0.8467216866583209,0.7101147347201873,0.831268944344988,0.7936498331980043,0.7703153466570762,0.8842583473754078,0.6546465032603068,0.8164299753966818,0.8402692608586787,0.7279475858043315,0.8234762676049282,0.7206770600659839,0.6344236598391361,0.7733520005131266,0.7062466183205454,0.7042334771334882,0.7241211803273522,0.7618831318835095,0.7796385813830689,0.8554403824396818,0.7445119726027607,0.7717347575938261,0.7990327585337762,0.801966728874402,0.7777521742755685,0.8645464073707847,0.6818285989123853,0.7855465436659206,0.8013272013454995,0.7275023062482143,0.7148329810219136,0.8820083913340938,0.7679336480874539,0.765195472742869,0.898860353575226,0.751945368267922,0.7737391423122372,0.7300417048897461,0.8348885051043634,0.8594422145998434,0.8042864809729213
0.8473569832728283,0.8610085161331044,0.7522378811959257,0.8661575471953015,0.834093982238736,0.7682091278634474,0.0,0.8025443149315823,0.7534151716984547,0.8588634507311497,0.8450016850289533,0.9167593418188876,0.7961608541782631,0.7161034546574049,0.9096581386560033,0.7706302940015308,0.758009285657229,0.8112624858928928,0.8443795539000902,0.754358885372455,0.8163853737255287,0.8105982336286504,0.9201666117653229,0.8951048042018159,0.9071186496446448,0.823824767719211,0.7807954228013785,0.7837016921651965,0.8560848645740912,0.7775810708181021,0.873897131328316,0.797269912770067,0.8797345714614178,0.852034521645837,0.8266629171060649,0.7663079468801045,0.8857380293453236,0.7270881623051056,0.8396698501245153,0.8862871790528782,0.8250963491637553,0.7547631836663696,0.8283966563135707,0.8667622603948206,0.853776499174724,0.8234350302504448,0.7709599945710247,0.8385445757038634,0.9356427629494334,0.7413640857180991,0.8894824161365018,0.7930280461694731,0.7138069471329285,0.8519286133049925,0.883708932738616,0.7453248375000846,0.8006301961806274,0.8168996134774676,0.8259327808581011,0.7781243690944448,0.757761483939803,0.6068908644721394,0.739468386275822,0.6433224656801299,0.7198381996611386,0.6948911104544162,0.8220338258348433,0.8129342041805381,0.6802538254340565,0.8196781475052837,0.803655902986126,0.7380909730062422,0.6913092969942126,0.8484743808474764,0.6974493429668878,0.7932995183563383,0.8136537231903157,0.9025821671755259,0.7901650687672066,0.6986763868395833,0.6903482816994294,0.8178523628521144,0.8606216655071764,0.6812932676675147,0.7564834496933468,0.792501760776944,0.7767244883184595,0.8205458363551228,0.8008481401061023,0.767544689936925,0.8362215677799671,0.8543299484431058,0.8488303608166465,0.7689242845058859,0.7841854230401166,0.8722258925994306,0.618879927236347,0.7819205223213868,0.6482337592928871,0.8284204053871601,0.7620001973702312,0.7839749960761981,0.8181390266659782,0.8355860260557879,0.7337990774707323,0.7632005733911628,0.6923115808876407,0.7914611243826342,0.8566940027147196,0.8459159997434297,0.9046601662815056,0.7640130977826433,0.7561422931926365,0.6799671751523928,0.7874633598862647,0.8091684105735895,0.8055771354651245,0.833305282463201,0.75704946002577,0.6866764273131472,0.753473315924736,0.7594559092108149,0.7353612090624774,0.93549781678563,0.7058545089052481,0.9212386661023999,0.6436385296916728,0.8119563123085161,0.7874427772897321,0.7587091012001451,0.6824810175587034,0.644352173876363,0.7102848169363484,0.7637931320868011,0.7603460233261573,0.6858965171638226,0.8161991319862886,0.8698988334764545,0.8355704842271484,0.8831189659104488,0.8221154288276338,0.6895131604946879,0.8615472116920503,0.6946951880552305,0.842607394996356,0.8727155856409053,0.8001038500705399,0.7908117874789082,0.8350903319007541,0.5462194380163724,0.8701687994321325,0.8255518843067847,0.7533009674033737,0.7806675171108954,0.8975897187614654,0.8427440195396222,0.8297043237057706,0.8657067538146125,0.8834642153833281,0.7923127779108254,0.7059914232024662,0.8072279962229044,0.8370103482945138,0.8555530089637216
0.8699711021136272,0.9387360617538154,0.8869101590399255,0.8120009443862398,0.7487184987354726,0.8961241103332271,0.8025443149315823,0.0,0.8587637534958279,0.9041181866035082,0.8193215617725402,0.8852647711146177,0.9021263881636873,0.7768462466285972,0.7907831951996956,0.8601079728084554,0.8544743801624475,0.8256804932233427,0.817587065703095,0.8274673624543546,0.8449757938835603,0.8547426228599511,0.8154759586719057,0.8183395859266203,0.882284491867095,0.7796655294476976,0.8151606246254428,0.8434508781970323,0.8035364492976272,0.8143004765200182,0.8207928944291111,0.8489806948224655,0.8294436444677297,0.8219655431497944,0.7969158892540492,0.7793726497121684,0.8435871121184257,0.7983624673820086,0.7513886567370479,0.8431351533391379,0.7965898246707442,0.8645564111970048,0.7494520002872,0.7441170710708913,0.9186992359098872,0.8618384335292832,0.8179640766810231,0.745725079221599,0.7969978055682483,0.7731529408362289,0.821747066055365,0.850870096481585,0.7706146919591204,0.8207404851381678,0.7716080345751606,0.8811557582023883,0.8176478274479748,0.8819819910991171,0.7783371895253627,0.8340156391772869,0.868404619573404,0.6959212995906658,0.8069260304273352,0.6838059895464238,0.6968527639416886,0.7501690742997761,0.8389498628931236,0.8023654631992984,0.7446595130560634,0.8976620894478863,0.8284898486964857,0.7068154961861904,0.7788986958195596,0.8867232382057035,0.8674405729339066,0.7475819712742378,0.7822805316935161,0.8035145188670714,0.8273337955287369,0.6714628915299926,0.7721300124421778,0.8347157198369424,0.8882641944278165,0.8195458012705421,0.8056260548414617,0.9421239625298202,0.8526946691235748,0.7593557958010897,0.8781886997651946,0.8664668488663264,0.8202638189209838,0.8230635397242313,0.7774972425617516,0.7691792452280426,0.8046891510548374,0.82443100733879,0.716286034870542,0.8550782953866578,0.6647260121008838,0.8998796030974805,0.696819739208147,0.7867697004596877,0.7008844485229886,0.7686601116970363,0.8037595935753373,0.8970057906421682,0.784714535145268,0.906593850264332,0.8333987915896973,0.8490152601301999,0.7925695376812626,0.7419664422711542,0.8367482173798372,0.7856806509257486,0.8187606838358931,0.9407318635205265,0.8478868063081478,0.7228928357449269,0.7781215953583199,0.7854403488226277,0.7208738167658435,0.8072712979067699,0.8090214466703698,0.85348531745907,0.6891330122159378,0.8371578453687055,0.7769785202321713,0.8550916744116662,0.8442341888028223,0.7327046591430246,0.8656202708738037,0.8103009724124435,0.7531021770797265,0.8065692970297423,0.7502672903829791,0.6427841617946018,0.8275541900007549,0.7671594588853015,0.8234791832012676,0.8018232053857691,0.7454341784545796,0.7616936804981462,0.8994435932200492,0.7487631954792733,0.7750629475721804,0.8293464222573891,0.8523920023755303,0.8159521062748393,0.9102380417684071,0.6619444224311423,0.7966625337152542,0.770751354586337,0.7892513216331865,0.8377501772125706,0.8685199201060841,0.8416465766447068,0.8164063351138752,0.8912191394845734,0.7552442326115557,0.7371952736981076,0.7275146284917171,0.7882666934358109,0.9048546433251324,0.8200317952365631
0.9130000161350178,0.8667227869296619,0.8142011909562687,0.6869316584685463,0.8321072519511663,0.783507708193073,0.7534151716984547,0.8587637534958279,0.0,0.7992694490069921,0.8105233627886096,0.8193394609268763,0.8018852756757325,0.778781477717614,0.7880601239141188,0.8088517630526065,0.7822400153672452,0.8570124656238458,0.7697600890310096,0.8795467574372968,0.7820932799436572,0.8856728408047488,0.7673759441840057,0.7620895455868982,0.8426499364120414,0.6781781426684094,0.7796671204781422,0.7568087933743672,0.757468855929199,0.8735588878659563,0.8476241707848622,0.7918218495859668,0.7198744595138868,0.7049491683908176,0.8593726581217245,0.7583944399273556,0.8148234979467682,0.8475181645122479,0.7514003674072842,0.7377431467050515,0.7264220861720956,0.8935145160553872,0.7763302086672336,0.7367477200404373,0.8103595777280519,0.7443375403435157,0.8104161447244037,0.7494156184861863,0.7888957041126229,0.8099478336243886,0.7552810127407886,0.7482207669733291,0.7470209151625836,0.7260854416928754,0.722251831849149,0.8418300070347623,0.801029283834991,0.8419188931058038,0.7691193139933191,0.7680568561236798,0.7215156452860779,0.6661663683356498,0.7500653883037687,0.7609688875020264,0.7445843983913397,0.676048101671388,0.7343768484600256,0.8062507083546684,0.7994117653327584,0.8735944846015071,0.8427752231995654,0.7534849769014415,0.7735292912754363,0.7677827403162952,0.810236077566322,0.7137045579150935,0.6822139754909212,0.7481443853662063,0.7219402937896063,0.6123737908001786,0.6866226987681665,0.8537713983609462,0.8718288035585148,0.7324886349521975,0.7612586471767318,0.8972152076536944,0.8224977565304056,0.793647652849917,0.7560375408224664,0.8201646849945934,0.8416504545627311,0.8045974681014854,0.7862321626983185,0.7195041459227092,0.8056593494654958,0.7995908749257956,0.6840743756328964,0.7653010043028364,0.7415156596517951,0.7273631514352542,0.7064286496491283,0.6943782647838643,0.6571107741591257,0.7286062524678849,0.8088626010384238,0.7734449735781107,0.647979518020319,0.833198148335479,0.7296137338523613,0.7825265520268002,0.7191534968726937,0.795524449099589,0.7418761938409526,0.7907262548063518,0.7336303144136002,0.8309462839648822,0.7678449671620187,0.7949198365901512,0.6739836911872271,0.7676716004788608,0.8000455398737806,0.7078887947668386,0.7901996916494707,0.76806749404268,0.8079065665631752,0.7347218639390852,0.7046787828475323,0.781307096549194,0.7226001751368328,0.7463289482846541,0.8929942600006411,0.7728481913281287,0.7197543329108113,0.842533289666094,0.7707411122923337,0.7200794108561601,0.8422309670521415,0.7652984722926834,0.7905186111023145,0.8253154379387064,0.6856970052707073,0.7962977440953489,0.8445461562169964,0.7988410616158379,0.7818796827878599,0.8401490824975758,0.9069179874292617,0.676284777913866,0.9163373605801235,0.6646328383891547,0.7980782902157803,0.7535158754665998,0.8161156578987814,0.7774598239448843,0.7621936760973104,0.8271786220813242,0.7591912282215048,0.7469190171287107,0.7172882330538497,0.6716881009570613,0.6212000006295517,0.82651902791096,0.8992933328611187,0.8699547878462526
0.8555958449931589,0.8874063475325423,0.8478300381518176,0.810504561835837,0.7463738272831341,0.8540693930798279,0.8588634507311497,0.9041181866035082,0.7992694490069921,0.0,0.8248263152609685,0.8463306394810091,0.9110914641671635,0.7565188543232217,0.7760144947024165,0.8505355131519198,0.8311909608065295,0.8460404597704166,0.7746062561077361,0.7562890046482292,0.7730478205415675,0.8114898851386253,0.8856434133061768,0.7989641343275355,0.9294261594322877,0.7741203476585264,0.8580079049379599,0.8586207263923735,0.8472081691989989,0.8393397870739419,0.7746947389683688,0.8364045585291459,0.8111644324356961,0.7990014413128527,0.7628527826992184,0.6959686959927618,0.8781194472709519,0.747548987845313,0.6801162426471976,0.8602898639442239,0.7408902525005577,0.8510453848327016,0.7319991585132963,0.7299409824980321,0.8492281083878926,0.823142060433682,0.8057644540961616,0.7409673641674381,0.8458869203216826,0.6882670675368997,0.7848356994302419,0.7889426201564322,0.70625568414871,0.7570872957660011,0.7561191909543384,0.8629277535173905,0.7557418296470262,0.8461152570813352,0.7786125436993195,0.7593385067383294,0.7963967028755568,0.6249034907295915,0.7468156064038989,0.6251352018454054,0.6372579903001998,0.6855179005789254,0.8087444063104658,0.8372139059502227,0.7609301593004864,0.9098429134924223,0.760902041861647,0.6851335315880995,0.7272551051694821,0.8553317805169445,0.8017531599544001,0.7810491609314808,0.7727346959944668,0.8547595430607317,0.7617919015130253,0.7105669863182824,0.7629148573735536,0.7412358535146609,0.9100036459375908,0.7851587542970692,0.7319283921576214,0.8550874136089807,0.8148494928189561,0.7551875693016781,0.8907887384420927,0.8024756885121322,0.813455662668358,0.771906602067314,0.7605129359212819,0.7227282478563928,0.7536629067092271,0.8459412553550413,0.5919674244478546,0.8106939368252378,0.6114027800680185,0.8653453656212884,0.6797635475330067,0.7301368592970554,0.701018277963519,0.7976251598061068,0.7203200285854607,0.8395655902070136,0.6981456636583625,0.9404816061901801,0.8254951056790494,0.8334154899000386,0.7740710134324448,0.6734204511144215,0.8112274747674693,0.7750954176695766,0.7792422204925646,0.917993113963952,0.851564996767908,0.7467872456700126,0.7711071132990317,0.7682611086315966,0.6738839948740616,0.7722330131744713,0.7519895453299577,0.8664708022805465,0.6542833710111174,0.8582116332139886,0.6806942213442335,0.7856235994208157,0.7956383665855811,0.7178002429090077,0.8486234859402917,0.7196357264272772,0.7465325523016474,0.7162324156023111,0.6724256514050727,0.6108568869032701,0.8279753245902897,0.7571529750149901,0.8205255870528299,0.767591940581672,0.780751102441359,0.7158536976235493,0.8265918618244109,0.655440380151736,0.7544487941705508,0.828432826224985,0.7616422289743712,0.8560848047100008,0.9029015930252882,0.6020277602871147,0.749440899750709,0.7966224580146887,0.7217042579550208,0.8287450482405161,0.868288164037568,0.8115818629114753,0.839652336154487,0.9267997283408379,0.7893358039674453,0.7749663771474387,0.7953731713546167,0.7893106551496852,0.8496524424796316,0.8005865250951831
0.9183603668292288,0.8587329702876243,0.8512611857121742,0.8368835860567692,0.8706878257723726,0.8100173547967279,0.8450016850289533,0.8193215617725402,0.8105233627886096,0.8248263152609685,0.0,0.8418982176034372,0.881078973218039,0.8231651910586895,0.8029838647562627,0.9061508002695211,0.9091198088558735,0.8990311949412069,0.8526131614727346,0.8552197251659103,0.8717461549674419,0.9067889757003805,0.8605097259481909,0.8382669320294226,0.8771705683810705,0.8012401216199819,0.8348605459772054,0.9017564655872367,0.8926206542464906,0.8213056247505823,0.7800972868577484,0.8528605312692753,0.7960812835408096,0.7818787445659843,0.8704363795344587,0.7890880184586423,0.8728104907223777,0.8676217972533175,0.8044497552818897,0.8782472544046449,0.7891127245340299,0.8455073130457742,0.8156950706194817,0.8233085273530957,0.8158547088434784,0.7688918816960502,0.7082939267967949,0.8737408472308891,0.9058559506969875,0.8201972083627728,0.8790759349318279,0.8180222473924349,0.7781034588250679,0.8495831632365053,0.8800814820336323,0.7198454438803452,0.8845046335844259,0.8936985010536252,0.8681336249727862,0.8095224470815152,0.8406325460121471,0.6416908103950286,0.8394547402904096,0.7394836302831128,0.7415539666151428,0.7322013327974023,0.8211505266985659,0.7792619436301421,0.8289170157697314,0.9090240989215705,0.8190783030220701,0.7745371938336173,0.8667922134821554,0.9099186410469469,0.8610796448587354,0.7386700280298866,0.8550861133377279,0.8410888296183715,0.7553685818364035,0.7250996472077303,0.7364831267051777,0.8151485789787799,0.8131257744433644,0.7941937341532019,0.8654133063161931,0.8348331813485793,0.8615920556720741,0.8219697129505725,0.7680573836570225,0.713423500985541,0.9192777623622428,0.7460349378343057,0.890449639672729,0.8053358219291079,0.9102918301763893,0.7738833169483287,0.6660806053506018,0.723981626627075,0.7029158069267692,0.786298794013461,0.7613069357050835,0.7894981226636181,0.7190897557742739,0.7176427658497989,0.8222850689709083,0.7670878943106471,0.7293791610423299,0.8579783888292649,0.7800923962683457,0.8240067404830567,0.8566067499663863,0.8428309918218114,0.8410700322791842,0.8420070856729015,0.8153151144564638,0.8762641374713557,0.8132943738180999,0.8565055994324431,0.8233098773286738,0.7617463547710493,0.8353904729932983,0.7443854985599497,0.8368842641048944,0.8479925187153485,0.7930120944712792,0.8255884396214503,0.7167840531875372,0.759954066868832,0.8171756173691748,0.7567354915937751,0.7478666717353819,0.8022416021449181,0.8282768684067362,0.8562026980469553,0.8064764637074818,0.7125175613452241,0.7780763608227015,0.8153390854135814,0.8666131361903737,0.822923699256826,0.7664650266484334,0.8104729125568789,0.8620855864350307,0.8085950804788679,0.8589348160956036,0.7942598601208802,0.7920061510384366,0.7246032125372143,0.8568596726788135,0.659676463109887,0.8624346547739964,0.8250456852913591,0.8881455757259383,0.7148086044123497,0.8087591519998313,0.8177055104931785,0.8909225082392382,0.7945634708318153,0.851873927950822,0.8443601397220928,0.6736549633055459,0.8519027496600055,0.7821976901310773,0.965700994671826
0.8661115057841415,0.9067980588562866,0.7985795325780739,0.8534036378015567,0.8228583807658151,0.8676408547669799,0.9167593418188876,0.8852647711146177,0.8193394609268763,0.8463306394810091,0.8418982176034372,0.0,0.8047796216568189,0.7043100686886129,0.8506149603771208,0.8095275389467863,0.8021980424909723,0.776952605775587,0.9089650346992864,0.798910033731028,0.8864649857312484,0.8276009149716713,0.8688254122755742,0.878700590946019,0.9228567220435803,0.7934575865355129,0.7490816913223072,0.8050589041943699,0.8100993876514713,0.8192810164455284,0.8945303295655108,0.8393563357946663,0.8558286039328256,0.9012798161638671,0.8295198769852564,0.7981134109120833,0.8611232487998107,0.7464221087435474,0.8539340637446822,0.827418549588769,0.824814973789008,0.8374780206089963,0.7994741172768846,0.8543030667755346,0.8781153066811158,0.8211780740830833,0.7999222628874935,0.8176504556618663,0.8684681975830133,0.7672649614119129,0.8881386352973909,0.8591476473540792,0.7325859831026691,0.8746176064135186,0.8482104076688648,0.8273122709041535,0.8335394009014515,0.9017521051287298,0.767969840807726,0.8022576374697682,0.7986224708504602,0.6462500374673682,0.7828967989368376,0.6593495853017138,0.722252575320005,0.715717957189306,0.8036591861422676,0.7792596388522929,0.6612002632623855,0.8354991539923674,0.822235700681347,0.701846783344707,0.7406716057217914,0.8589137424399038,0.7639247953632561,0.7624432744372583,0.7996878787463699,0.8616241094872645,0.8023578827089309,0.7033747149364048,0.7283326965434869,0.875989820169734,0.8778143955501572,0.7066972504174305,0.8252221400674796,0.8573104128443757,0.8373275554837033,0.773632948416995,0.8164899700008975,0.8302494657365865,0.8451451454845395,0.9051316084458666,0.8247013613384881,0.7875912231115639,0.7912014872365082,0.8701419131456445,0.6843015108627122,0.8729221143249222,0.6777293183447026,0.8490221952091874,0.7243097311639266,0.8000748355880458,0.7988509638851921,0.82837874028274,0.7763721711813576,0.8102365487311334,0.744591694357457,0.8441828293457634,0.8099384767058521,0.8840756439929374,0.9303911471830668,0.7900359455014296,0.7985094880555648,0.7145382260003754,0.7835891895647942,0.860663093262257,0.8480064459704467,0.7869921730816984,0.7921688706099556,0.7246786947630427,0.7475151538348263,0.7789391575015728,0.81006729861355,0.9203016889506553,0.7163205685647486,0.8860464206322055,0.7144570139765605,0.8475567866709264,0.8347566352689805,0.6940880116420229,0.7584316321919324,0.7318128848094339,0.7050052956819598,0.8351438740446294,0.7858794006829312,0.6598367035000228,0.8313896729670717,0.8017881983044967,0.7832657130733794,0.8757449745718326,0.7579660711951753,0.7349857413575124,0.9117587098570907,0.7478591745863172,0.8306749331138494,0.8879479423775126,0.8747220597127269,0.7612854099285751,0.8810371359478836,0.6089759385107113,0.8864562970810026,0.7990379070029435,0.7905008716346167,0.7747534170943018,0.941908039693503,0.8368517800493144,0.8071477060358184,0.8983452041289222,0.8005355005616297,0.7720219984999338,0.649350570753763,0.8257181940916495,0.8944822994890387,0.8699508411044211
