0,1,2,3,4,5,6,7,8,9,10,11,12,13,14,15,16,17,18,19,20,21,22,23,24,25,26,27,28,29,30,31,32,33,34,35,36,37,38,39,40,41,42,43,44,45,46,47,48,49,50,51,52,53,54,55,56,57,58,59,60,61,62,63,64,65,66,67,68,69,70,71,72,73,74,75,76,77,78,79,80,81,82,83,84,85,86,87,88,89,90,91,92,93,94,95,96,97,98,99,100,101,102,103,104,105,106,107,108,109,110,111,112,113,114,115,116,117,118,119,120,121,122,123,124,125,126,127,128,129,130,131,132,133,134,135,136,137,138,139,140,141,142,143,144,145,146,147,148,149,150,151,152,153,154,155,156,157,158,159,160,161,162,163
0.0,0.846026352319925,0.8255575190368359,0.8102070783971314,0.7875536922159128,0.8594670132616344,0.7831985005732257,0.8819422170060839,0.8126065669924919,0.875326789568067,0.9547299979827116,0.8908595244179399,0.9663369998967338,0.7403862727445161,0.8037121332847875,0.9257459024320411,0.9268385832623909,0.9126087657154193,0.8684592201814041,0.9301982279106593,0.8872166305619532,0.7776957060521285,0.8280258050278649,0.9093497498111819,0.9433142657567324,0.8883818683747727,0.8187130119500172,0.9380597208115068,0.8042694567385368,0.815253760963617,0.8819944477519867,0.9025066321271851,0.7664275936051944,0.9091232889229353,0.9113678125255317,0.7501905797375238,0.9527009239495922,0.8341358956103362,0.8047944128211958,0.9491201986010206,0.79435314987713,0.8972613681943341,0.8527145751235464,0.920686171446647,0.9129018259616688,0.8999502660995012,0.784699265726711,0.9481676807233778,0.9109430769035908,0.8236750188467472,0.8804537212481637,0.8835490304976062,0.7304235304741521,0.8333722738875287,0.8564570183936212,0.8108718438707783,0.9275014773465214,0.8656486044139272,0.8858187458522182,0.7926709369733479,0.8773898058685239,0.6454872415574774,0.8981373093431035,0.7374525243254065,0.8144010140249206,0.9315796908269953,0.8940294217938527,0.7734034976879416,0.827181198150985,0.8859334093268918,0.8854060084640292,0.8121137473655521,0.9156218736974054,0.9286142301005483,0.8990681822889478,0.9054869004666777,0.8405694354161733,0.8198872178819471,0.8465623149745207,0.8474507519574515,0.873247774605424,0.769934115012383,0.8368785874780085,0.8525574360187081,0.9027886517800799,0.8759760485242958,0.9198806124104697,0.8266338827627064,0.8866663015499305,0.7980228774157575,0.8578017668891805,0.7456806003828031,0.8191188038359918,0.9274577985279474,0.8328056149701982,0.7953469840258017,0.7062564801275999,0.8540672353472557,0.6711407769526501,0.897310099534163,0.7719668010028345,0.8158614788413587,0.8054439174770199,0.7461038628457715,0.824131757754633,0.8606787631597246,0.8579999049052751,0.899386670005194,0.8761736933772766,0.9457526486621097,0.9223435683151375,0.8483000028463576,0.8948417177159079,0.8188111298338191,0.8719557773581803,0.9253031459138892,0.9431952661823454,0.8233570574442272,0.8990736670751304,0.7046842752978553,0.8419281601438793,0.7067976568322336,0.9152638533074098,0.9197151540373577,0.8064193717737573,0.8874180320363144,0.6954802852406482,0.7758931329773563,0.8593491612688916,0.8539263189667677,0.8133831144437553,0.8364617245285507,0.8375368773672327,0.7698947491080578,0.8965329519622218,0.8456178239843855,0.914095239198151,0.8925973506820934,0.8604694693424466,0.8407706354021866,0.7771581617700393,0.7558694291215212,0.8009398503317114,0.6939942288122556,0.9236926042992769,0.871399773650203,0.77335717384738,0.7957358003088152,0.8963261817732797,0.689112780541208,0.9749189180518357,0.8095278357809643,0.8273598766421126,0.7743863680379649,0.8775230902318397,0.9021415131449781,0.8798153428540681,0.9472701221980386,0.8443579410137398,0.8580663688908003,0.8524269911271739,0.9062765306962633,0.8543021896935096,0.9544640877177261
0.846026352319925,0.0,0.796140478302927,0.8248480186498256,0.7581723623774183,0.9656422022426335,0.759897675810598,0.8689589630030823,0.9322288451086209,0.8314690999438399,0.8396486040301614,0.8723079575063082,0.8806306409950249,0.8762130334557393,0.7614218664392853,0.8430859135374985,0.8349347807772223,0.6993768229811559,0.7716367462858394,0.8005211317386697,0.7840189734808531,0.7851381222971752,0.6802833213234263,0.7517441564623843,0.7646712084552139,0.7762809163377701,0.7953926990431635,0.7877976131791111,0.9253072048890186,0.7630639546804352,0.9345209422588263,0.8993525752640767,0.8955759276240557,0.8101166430382034,0.9174578024673606,0.8745313539174019,0.8218166439327569,0.8490679798676237,0.9026522455829855,0.8419600410723543,0.8669128226449289,0.8339219698023546,0.6621622889739546,0.9021126638666659,0.8547914651599939,0.7824714710280231,0.7889313457921877,0.8248560164281264,0.7489537516269682,0.8472841288427942,0.8546556735049258,0.8433580721696796,0.8977206249610261,0.9183583805666007,0.9143527120215387,0.9219161380196026,0.8213485237528256,0.8605428873945371,0.7667120674300827,0.872733071463985,0.9046505845674304,0.7903081260077038,0.8145368787831788,0.7959179996703558,0.7471937074241299,0.7844340174257634,0.8931834590045868,0.6851607101288091,0.6702509285864886,0.7279698072644029,0.8761097971304436,0.8479664823542515,0.8898090193404316,0.8369551797225223,0.9311894948158583,0.8449963812546262,0.800308327937086,0.8739864729117434,0.7246061579037848,0.8505251980579273,0.8552804483792621,0.8151769129031372,0.8791097404043289,0.8485714744045468,0.8420268263177514,0.8579340574798389,0.8257673938158829,0.8010896443983077,0.8563947349814447,0.9254813602416241,0.8275401335096829,0.9087712142929639,0.8854714476431015,0.8844581107150584,0.9363730413764212,0.8631241626266976,0.861592880620186,0.8295156356868834,0.8104766473487097,0.9214117483691271,0.8785486094694238,0.7041222778693946,0.7146137098494822,0.6643346484008972,0.885784667381201,0.7716133875573179,0.8189056322361705,0.7381289143072868,0.850034797557423,0.8174332962744666,0.840280757310017,0.8171061878805621,0.9029078603301752,0.8773942402518474,0.8511229013767938,0.8962697503858917,0.8448759766743887,0.6718458477776571,0.8268363890098359,0.8381926406336724,0.8760979128455552,0.7800940001876172,0.8255003374755766,0.8840181556647683,0.8826389529303128,0.9129886717756779,0.8474426250475169,0.8835425909888301,0.8729718353194195,0.8320618857120488,0.9084028109521499,0.8683902791312056,0.8399025985867591,0.9410956637995509,0.7979950757884774,0.8577355782317856,0.7795685569376919,0.8691406766430332,0.6913502386883607,0.7707170050605552,0.7770467437646396,0.8838372835875504,0.9304806814901831,0.8800530464631231,0.8962141425002325,0.7441469314114817,0.9151049226458686,0.8629144933297744,0.7712043115960565,0.7957461805731618,0.8373790551883334,0.8881333004711188,0.780515849852051,0.7897380038520445,0.755293772883234,0.7669849859601294,0.7467056975561643,0.870486488286708,0.8755210813235914,0.846500954357033,0.7526239292729991,0.9046097805606147,0.9361038655222496,0.8170024653152989
0.8255575190368359,0.796140478302927,0.0,0.7818783247035594,0.8074912829921738,0.8122960855326213,0.684419347598628,0.8507689197647075,0.739480185197521,0.8169712220347963,0.8404465743653613,0.8253110933227622,0.8164673273878376,0.6497794644674663,0.7985794348098089,0.8074647659314148,0.8306554576319618,0.797142719197265,0.7972642693925637,0.8130549160567413,0.9198229627674737,0.8820215938096185,0.6903290964367297,0.8548194264600207,0.8180993991239708,0.8090150582232948,0.668907536772023,0.7721841457283233,0.7166801990109101,0.6688803992903657,0.7610717863912376,0.7558890160832196,0.7496277360637089,0.755004418545893,0.7719914513664189,0.7214570385648087,0.781920510883805,0.7471071584657312,0.7594422781131422,0.8262802689599714,0.8056976455752,0.891760751938671,0.799321257008755,0.8360874779038818,0.8150702602022121,0.7918535582065193,0.7480527674917908,0.8571920923946155,0.7352272057848129,0.790944323437612,0.8096913007500044,0.8623916936837,0.6945576978869966,0.8541965588831749,0.7510065793949378,0.7311676625216873,0.8086190561121763,0.8276314536524911,0.8108709948359314,0.6984859590001375,0.8207520311364018,0.6015686810681304,0.9037408407797446,0.6868501507558235,0.8258654936577691,0.8485004773961513,0.7802504507847147,0.7518972526037274,0.7957621072465138,0.8159787434569326,0.868725215081556,0.6742615033112446,0.8224602423199139,0.8717671169288791,0.8427859327210923,0.680335588562727,0.7345177216894373,0.7103079792353244,0.7691166448265823,0.6672669060075417,0.8608532547106048,0.8246313232167376,0.7543419589514635,0.7592527751718524,0.7998921616802016,0.8253036642304757,0.7979779517328018,0.6888617363021527,0.7136857899176416,0.7219025414336475,0.7924288821174031,0.6878892981977385,0.7182496356120597,0.7571732317661316,0.7865426328120788,0.7485478108510212,0.7423079012422716,0.803279694620833,0.6079900711230353,0.770983410785911,0.6393829838549931,0.773889958794701,0.7553673582794105,0.7633033897400326,0.7476706767420392,0.7904583876555623,0.8259283979088482,0.8079458080550244,0.7882457094410243,0.8712197700925101,0.8298102973276094,0.7740735886388025,0.7954302704111944,0.6841823060858834,0.7526438449953337,0.8113418285767592,0.7769214529650602,0.7122949155088474,0.899061289543235,0.6305331779641002,0.7474161988062824,0.6744807372456736,0.7972417710011493,0.7755480870923981,0.6880658893863599,0.7808785958892188,0.665605743173135,0.7059295053672591,0.8006527698235734,0.778872674607376,0.7242995797780787,0.8954424417549108,0.6609407242814506,0.7155061553252631,0.9020836804862845,0.7910782825050917,0.7618689809005561,0.772275021761801,0.8022559388227862,0.7361303904917104,0.7257898579824444,0.6714570629513197,0.7409517081770188,0.7375519035425416,0.8003253595718339,0.7778580932845605,0.8415819118198599,0.7198623597344688,0.8376995802925332,0.6382868159271611,0.8151928527348749,0.6891975850964956,0.8033859682005946,0.8312196736564854,0.8516080431107703,0.8139729855009701,0.7276727202263807,0.8526402624341073,0.7023194468534029,0.6688039219194326,0.8216835186182774,0.7220352403486061,0.8103973512227719,0.8315206048673089
0.8102070783971314,0.8248480186498256,0.7818783247035594,0.0,0.8546643301037417,0.8414981922846321,0.8768704853928854,0.8208327951285856,0.7799368766124364,0.8246032454974458,0.8477077237350268,0.8909154253755635,0.7619937910999117,0.6672943648138107,0.921124417887694,0.7379688302481574,0.7741638077401863,0.7582834858821298,0.8618982491897395,0.7044711938050452,0.823279368701717,0.8035379158865246,0.7376946973263319,0.7926277024049292,0.8102659423719277,0.740632634725459,0.7373845145549037,0.787651439615927,0.7652553801384174,0.7422257580931485,0.8417784662294494,0.7725078168923757,0.9251677564144374,0.762473553519467,0.791515779424191,0.7347392269130477,0.767581283774878,0.7028347807971099,0.8211152718412863,0.8282041299908873,0.8360779066523916,0.8500315187462057,0.7195196983524912,0.8910595918003048,0.7588094382690505,0.7460131985116107,0.6875314424182749,0.7809552509312772,0.7789502644009985,0.7395695991019099,0.9068010421313618,0.8273145081028097,0.7604047410548335,0.934210410065026,0.8403163714763665,0.7260919040636374,0.785146311483924,0.8792240886159457,0.783281512031811,0.7200281967979587,0.8125775555642973,0.6173089225466436,0.8408726890751385,0.6294518626317149,0.7770200086505985,0.7431441458818627,0.7704496452467425,0.6881242254093927,0.6745481462083354,0.8188831859984284,0.7895607506149537,0.673881479233864,0.7813190521200472,0.8565823697787721,0.8022842089349478,0.735343214055298,0.7749556900239059,0.782831459260756,0.7009534985831979,0.6944349639926729,0.774699071536979,0.8932299267911997,0.8030944179700741,0.6994307716255488,0.7780600016963035,0.7427548145555591,0.7752231340917499,0.7633811520155445,0.7559110178903208,0.7123515661895345,0.8797161195214731,0.8180797588312163,0.8021995573597854,0.7779367086246212,0.8434034626507966,0.8180951975431544,0.6995755596114346,0.7748958522382738,0.6300883634451226,0.8080425299282045,0.6790871571594603,0.7446703119006798,0.8425985621615756,0.7913116151224844,0.7573354538390744,0.690020626731794,0.7531847927817371,0.7302982829982808,0.7774484686699544,0.7697040706602749,0.9172450755837869,0.7454415946140637,0.79422557364228,0.7250758611308475,0.7513768207533119,0.8030992800523193,0.7955322945616065,0.698716772848559,0.8479275379598911,0.6785467489790777,0.7029374140935191,0.7747319212109404,0.710643075280622,0.8752997179047166,0.6911159978334964,0.8487172141021475,0.6808024055529327,0.7081373683773248,0.7621267433450013,0.6953865231671691,0.7060362058452574,0.7410390545517801,0.6777058491964357,0.7761196387018412,0.7524228872949205,0.6858165942361338,0.6869780427820839,0.789152624051897,0.6929593164701469,0.7956609411751445,0.8720873915090256,0.6636546305079292,0.849040538514723,0.7547233206747314,0.7530131724938582,0.7489613603403289,0.8125634771045438,0.784812074970136,0.7239825869406696,0.6083067893823243,0.8586368342754177,0.8602692188984774,0.7775516823912793,0.7003193516890405,0.8547178510230279,0.7502462333761133,0.7300493888725992,0.8835034846642184,0.8758088184584611,0.7756484365030748,0.7464408558313534,0.7761734302184091,0.8083180062203524,0.8465042490048731
0.7875536922159128,0.7581723623774183,0.8074912829921738,0.8546643301037417,0.0,0.7566599801081484,0.8569622916041608,0.7789768461644162,0.6929426265540235,0.8202951800176379,0.8183102109471688,0.8832614467748051,0.7543385195674368,0.6378771493407787,0.8603635652801953,0.7879704145394023,0.813790887030053,0.7899334264302452,0.8349104437133121,0.7166055027392846,0.8393168046965597,0.7512075575837376,0.8024829635478379,0.8085526713135122,0.8057366136851014,0.7788513242969881,0.7622092143332369,0.7913130914978416,0.7390467573920451,0.8155465106423411,0.7830828342829489,0.7818407650272078,0.802960409349608,0.7849763916754399,0.7506546102235535,0.721722610813635,0.7528514125591481,0.7067258148584994,0.7827593672671453,0.8540783591253357,0.8093373727748447,0.819534851044861,0.7939107352530748,0.835053705002486,0.7664935859148305,0.7967951923787698,0.7698904240256658,0.7677688320250032,0.8182799879893736,0.767496168030504,0.8922619571716103,0.8134238943012411,0.706686709152078,0.8316911735175644,0.8120022980373391,0.6828083412286047,0.799034304446824,0.8814450009358049,0.789751570967032,0.7277291570756969,0.7174569488329569,0.6128226179082672,0.8227002250770956,0.6496297976636168,0.7474795149873052,0.7401407424943176,0.7061277353463709,0.6832635481852566,0.7372189148031407,0.7686217926147206,0.7499285898434978,0.6769147539201016,0.7258758229301652,0.8554724828641302,0.7650193065947544,0.7217270464316164,0.7850517845097295,0.833343304244985,0.7293374442946389,0.6769196917693215,0.724475521657256,0.7753583243666036,0.7887010817964314,0.6779788811621473,0.7837811854758406,0.735033379080274,0.7076541363567651,0.7738145257820744,0.7586826544556425,0.6580973072988328,0.9079754822385395,0.7471886565933518,0.8198482467358966,0.7498784531997019,0.7556413478831755,0.7425910716189849,0.6320176346694827,0.7604544143112897,0.615643217580476,0.7806000828772216,0.6440894331067287,0.7622238745724448,0.8296008511871197,0.7788324286488538,0.7309277652644085,0.7511741670764154,0.7849671823057874,0.758304628770655,0.8336664347407156,0.7606660919825131,0.8782121493079836,0.7664801541615653,0.7092394140708923,0.7046766671438943,0.7503398041049488,0.8060605375876844,0.7893042150268345,0.7658052197956405,0.8168702448648516,0.6405339566651345,0.7436137389378055,0.7133081180553481,0.7061375046142585,0.8508009143270688,0.6210334348975063,0.8155567707674168,0.665626478132461,0.719299905311988,0.760395187213517,0.7214285422687288,0.6936162077363631,0.7385315760799505,0.6387699943907759,0.6796837095247614,0.7116344575498832,0.661296092198942,0.7313407328145067,0.8013508798454205,0.7381880840349936,0.8281737253482808,0.7275184553119619,0.6578844688011607,0.7806907202538155,0.694079402291945,0.7482011129567381,0.7905910995175832,0.7667834297901478,0.7984932282571497,0.7585537285840288,0.6169093405189003,0.7944885971088652,0.774030271409141,0.7891671276393056,0.814184873934383,0.8475845317503596,0.7006883391642174,0.7041455414088855,0.871980844054574,0.7476926500076221,0.7670796531103001,0.7410593768703899,0.7190721080462912,0.7745130731327037,0.8038641083528945
0.8594670132616344,0.9656422022426335,0.8122960855326213,0.8414981922846321,0.7566599801081484,0.0,0.7496029156781225,0.872268587962627,0.9456253099014095,0.8271683666028921,0.8581709563225965,0.8495241191584793,0.8861001532706387,0.8467734255704524,0.7742143039755781,0.8248761848731019,0.8027361113914268,0.6980056032976963,0.752661437285315,0.7801311433709307,0.7807520810091226,0.807548597503648,0.6509985818500836,0.7471709811536913,0.7789197475218916,0.7910967029728482,0.7474972972351025,0.7614333430438793,0.9029387965411523,0.7314062420045607,0.9290656694522009,0.8678601754940278,0.9072722407569864,0.7772632457757552,0.906774118062446,0.8352562623161222,0.8590638218020076,0.8326490402160213,0.8665377546600622,0.8103669002726501,0.8426204262643878,0.8544922978262414,0.6683030021924927,0.9412948992352947,0.8324907222173462,0.7495816211342478,0.7647387469019093,0.8727987581750445,0.7287658693416669,0.8003823340955727,0.8397535463689098,0.8490463851875278,0.8318727213374244,0.9144312895925418,0.8889033593929815,0.9356272026192824,0.790070763253421,0.8595832786137024,0.7405965059530809,0.8065578996304886,0.924574867954438,0.7584418073093511,0.8413994214755536,0.7528788995389143,0.7372321708586892,0.7800425421452339,0.9064895741286605,0.7529199994758702,0.6722854740384527,0.7757302914409661,0.924530912408358,0.8102703922364194,0.9017092092671185,0.8255680948846962,0.9079505881748388,0.8275658878483673,0.7819468895500585,0.8550553123173813,0.7181152324364763,0.8685761074812237,0.916600063804802,0.8332113479256072,0.9020112642886443,0.8581142391250071,0.8181137933510295,0.8476473259100464,0.8879465397423586,0.776058289935945,0.8216940528464411,0.9263248946976848,0.8248357118883918,0.8846481096921849,0.8336877487433944,0.8495520481665354,0.9284105542952231,0.9198489767212228,0.844919948383654,0.8262817148135844,0.7789477055354249,0.8859408978140122,0.8577772072765417,0.7073004453246462,0.7277794206169361,0.683816973284599,0.8614115276234754,0.7503385754564861,0.7786341213239948,0.7342191201508798,0.8022740367942701,0.8298473145164552,0.8375668772148825,0.7930154551598659,0.9507837756394474,0.8444525841067301,0.8310017104062558,0.8697832919191757,0.8227382911099024,0.6539090088946741,0.85022492653724,0.8285021266899923,0.8354874223327204,0.8083907631053517,0.823931360833228,0.886079106314534,0.9081784743774509,0.9164498396307794,0.8013920745000982,0.8471284880009152,0.8492170420175206,0.8218150206810515,0.8828247820197487,0.8748233127994742,0.8436414118529917,0.9418096928760137,0.8135977475224168,0.8804473235993409,0.7686721283813259,0.8466765117454514,0.6780742062394461,0.7427131120243203,0.843110433257184,0.8529296842282852,0.8788950768087626,0.854691144745436,0.9066601466213056,0.7440372190567937,0.9283369100630174,0.8367731124974233,0.7650048236354897,0.752739083557181,0.8535736501473905,0.877795697505533,0.7325927770888737,0.7383750128765708,0.7708368206024622,0.8101966226530112,0.7492894373885288,0.8996786160140356,0.9036072582940176,0.825036347246647,0.7822012512956114,0.9140806802303936,0.934416008383161,0.8424549192041464
0.7831985005732257,0.759897675810598,0.684419347598628,0.8768704853928854,0.8569622916041608,0.7496029156781225,0.0,0.7118544193009122,0.7170153072706364,0.860830766100911,0.8341963268087826,0.8335971273135195,0.7458635745978458,0.6440176532338969,0.9039177427372749,0.7192151449302542,0.7302234605050323,0.7648732724852411,0.8219874842338404,0.6619560487931926,0.7328708285766671,0.7466985671228942,0.785013741823515,0.7681837666442459,0.8015760809756604,0.6683167885232952,0.7746855518427941,0.7786758300914267,0.7611825474623164,0.8222936209270608,0.7949216657661484,0.7912848067098641,0.7951955523652248,0.7354339607428471,0.7271900315304055,0.6533489060545825,0.7765632909496758,0.6347583806538197,0.7900740766059721,0.8176184763572805,0.695522418679057,0.7985944322892503,0.6979251597258403,0.8042683496348285,0.6974597634885501,0.7189775998285236,0.647304992019699,0.7427666610358299,0.8542142775098073,0.6746811887201746,0.8814643204273248,0.6958055476306091,0.7161995591490313,0.8173560840338223,0.8320569467516725,0.6746355657696009,0.7531842336492384,0.782858456737961,0.8203074549779624,0.6929318676836851,0.7451279097083462,0.584384777034162,0.7059170378426111,0.5831071402376456,0.7344302314782166,0.6934599218403784,0.7499458450114154,0.7047835024133758,0.6459920228658846,0.7667846280673948,0.7072719459978384,0.6578473087138131,0.6997676810188236,0.8252208809465071,0.7087733951629127,0.7873951730817116,0.8406253604617971,0.8180975228490294,0.6244872270345823,0.7185915461549973,0.6798837303300423,0.7606122354512027,0.8326891091019558,0.6204479744138829,0.7030087209146865,0.6413465259712434,0.7182062125102527,0.8103640032566335,0.7538842021525898,0.6599915009214824,0.8126486990863284,0.7522301023432073,0.8162947452103279,0.7720335232492654,0.7690389722201592,0.758730719924054,0.6008610157645209,0.6685545494902454,0.5912615127152671,0.7574037170729652,0.6793652800448713,0.7522351293477114,0.753157352925632,0.6997723780582816,0.6732493888277735,0.6376708683558928,0.6941050468346408,0.6787179159200974,0.75155525851611,0.745857880610225,0.8898245142273911,0.6677436843750524,0.7298249207887924,0.7129203454699139,0.6797803060412545,0.7326842924619384,0.7585120138146745,0.7995157901183244,0.7307728201825587,0.6217344325329087,0.6717070654775972,0.6683829167387284,0.6456641564550093,0.9010067597933595,0.6518773510333243,0.8203902791710124,0.626359080100607,0.6785791638080108,0.6756455195065715,0.6577109958922057,0.6575644865718444,0.6451334552567566,0.6822717450321353,0.673720481522238,0.679297257870801,0.6568891188722505,0.6725611518538892,0.7380252778156139,0.6537137901759935,0.8104148048721544,0.7888418983365376,0.6440294327165065,0.8119380454751722,0.6539374631683397,0.7133545370108092,0.7024037657802241,0.6836727478056981,0.8408932541083302,0.6745369206418986,0.5601765069328688,0.7983555291029767,0.8633640757994284,0.7441021557423636,0.6936643392515505,0.7583054253843365,0.7329431107365495,0.7874450589293012,0.8346067015326977,0.8509771131078958,0.8460671510626419,0.7002356664755375,0.7415486626783712,0.7169921668740747,0.8060435786431643
0.8819422170060839,0.8689589630030823,0.8507689197647075,0.8208327951285856,0.7789768461644162,0.872268587962627,0.7118544193009122,0.0,0.8603992114076975,0.8141558648811953,0.862211264398666,0.9134940764082846,0.8985885394561844,0.7725145219337334,0.7821031305380448,0.9145364387478441,0.8971718046133744,0.798511386260314,0.8284443972307337,0.8731300395244486,0.8569613988802928,0.7532049838926994,0.7590084162842547,0.7958324569535304,0.8308651454661564,0.8840698496527455,0.8437711472269241,0.8579284790026152,0.8071474722016484,0.8026433997536987,0.928825899602654,0.8858702992225863,0.8390794389485314,0.8813306390988876,0.8952200564888572,0.8618527908899469,0.8476147090778636,0.9023833290970795,0.8741100528795012,0.8701954901448927,0.8874631308121402,0.8029946808332721,0.8182109524294232,0.8782889042559573,0.9467616635078556,0.8937135306294004,0.81875246927356,0.8490244466292518,0.7926564151410206,0.9003283341346175,0.8772693965763283,0.893524313943819,0.7770913600214274,0.8681038894002382,0.8887480758206249,0.8044302765197239,0.8851600388290087,0.9466235183440239,0.7762284283916246,0.8594336009140349,0.8786859035535387,0.7339811424665122,0.9276525672641291,0.7976717370652603,0.7606990136459301,0.867106735203335,0.8376556466196908,0.6843076745859674,0.8141175973854792,0.8553499750887108,0.8779595859795564,0.825719115945418,0.8726010538869632,0.889391251711936,0.9559038671328054,0.8103327644930656,0.8110159484095375,0.8194446987408296,0.872863004060617,0.7499571456688922,0.8100175747255968,0.8061356881622865,0.7991067837986595,0.8878676442672293,0.9083855075419381,0.9275572417737559,0.8841725895261155,0.8325133003955287,0.893115785755242,0.829169559399914,0.8918013397003858,0.8132597944151104,0.8570237168796228,0.8569497624784506,0.8285283872082403,0.8021061731865328,0.8123105715961343,0.8760611074285432,0.7326958607484421,0.9136340784392114,0.7823976421216086,0.8408067819177287,0.8165021592857791,0.7484252682415797,0.911229214586468,0.884933859697976,0.9108728226179406,0.829344329421859,0.8930814539804428,0.8085367654701625,0.846559586717098,0.894777222405274,0.8331813034441496,0.8781834926277208,0.9076924656168458,0.9210505886607777,0.8749872462892118,0.733488969913934,0.8531782027761287,0.7696677315897937,0.8632884746134519,0.8468314486771785,0.847335363724482,0.8483996135810409,0.7525971445528034,0.8961412408985092,0.7803760383047067,0.8741337942553363,0.9013429328426218,0.8851116771990041,0.8651908543777729,0.8930736238782286,0.8094852032313695,0.8234560084591281,0.8388827139594615,0.7672750119922689,0.8485535576416391,0.8995144047597559,0.8205099254937925,0.872583384285585,0.7512215771825156,0.7969804429382968,0.8278483400587102,0.8101858922258283,0.891871451324988,0.8427776058783707,0.8767145411017194,0.8057023325933473,0.8618304208065398,0.7658592972281488,0.9102084208759663,0.7867931011020933,0.8309487919156364,0.8222463591612158,0.8536108149515359,0.8078921803110776,0.736425509612145,0.8908986611975932,0.7782882509366258,0.8028435682001541,0.7630161576701529,0.8373466468284315,0.9263441684377296,0.8274656062019184
0.8126065669924919,0.9322288451086209,0.739480185197521,0.7799368766124364,0.6929426265540235,0.9456253099014095,0.7170153072706364,0.8603992114076975,0.0,0.7619457115116567,0.7949853797858806,0.7942309270384237,0.8588750516433068,0.8641243828332741,0.7363673432383183,0.788998337269976,0.7527390704720376,0.6582783132857845,0.7019819346381552,0.7466985226447987,0.713689573576914,0.7652949012077367,0.6195886167102375,0.6903794259022357,0.7133346514099295,0.7375217142401811,0.757716632624381,0.7220587667683119,0.8467364015955869,0.7303341214118587,0.9166336208295749,0.8547160340892773,0.8586490876337596,0.7416455578984398,0.8587300926251311,0.8178138248327462,0.8216977994373461,0.8085984407416681,0.8658566741388825,0.762765383003597,0.7770784915200811,0.7922621593495693,0.6257537093300288,0.843244499271048,0.8078304775640034,0.7287013220668318,0.7285881134558042,0.7913902403784085,0.69140736680585,0.785650287202237,0.805302279766962,0.7730101396676995,0.8427765284038649,0.8553830610497659,0.8571862749314805,0.9223515630896487,0.7597631175067572,0.8058226029454214,0.7015801574075368,0.8199681606012649,0.9138502192644793,0.7934349053140755,0.7709760135851047,0.7401429923581699,0.7125126241415344,0.7498210259259298,0.9102777215853673,0.7257976046687024,0.6337356600039532,0.7379645356211468,0.8993908289736801,0.8057480641105841,0.8570660292195774,0.7885097843106612,0.87651379200529,0.8156898999501327,0.7913856519068395,0.8213627922164123,0.6795866693209331,0.8382620663142492,0.8174721755293972,0.8168368475362906,0.8858098579556439,0.8208716075622767,0.7752842779329512,0.8091242250077659,0.8617991852226,0.7861869804170346,0.8173372030560663,0.966274107401445,0.7744134330442228,0.8773016512229433,0.8138352629754196,0.83312368740859,0.9041425819788734,0.8568177134349662,0.8709060319964013,0.7603062750020515,0.7917376070288599,0.8702922889059697,0.8737624529250011,0.708584534728913,0.6687421090746466,0.6092696229751764,0.8491953447225181,0.7226600279426126,0.7559354973261986,0.6727032251205064,0.7700215605619797,0.7638586213183096,0.7718832697004987,0.7577272584737883,0.9077547070594076,0.8655079155471535,0.7969584535900375,0.8311079293834246,0.765315817661545,0.6269210857930804,0.745752005118431,0.8322645216198776,0.8212907238619959,0.8068261121024431,0.7671167947309652,0.8471379087613498,0.8854953896982471,0.8574947129149889,0.8250580930041757,0.8747405275565199,0.7867645401972251,0.802753586596925,0.8852489023787755,0.8445188443016657,0.8693090519672008,0.9352242959474913,0.7630652028294593,0.836895724358056,0.7285187728602147,0.8012196749069067,0.6336747728232364,0.732022051861093,0.7694130844505755,0.8603867237104557,0.8857781596573341,0.8529069005876845,0.851910110965711,0.696898710694444,0.9112013068567484,0.8294707069891202,0.70043357503239,0.7508802182366087,0.8094793365417094,0.8233386986268507,0.7135008965709995,0.7253590012683515,0.6920799155082952,0.7921742466938736,0.7318773429337414,0.828851683001843,0.8477568587410185,0.8215354661940204,0.6938278191442518,0.8639251506842933,0.8972207255186612,0.7817539286838115
0.875326789568067,0.8314690999438399,0.8169712220347963,0.8246032454974458,0.8202951800176379,0.8271683666028921,0.860830766100911,0.8141558648811953,0.7619457115116567,0.0,0.9109601640496419,0.8845731910063562,0.862875870261408,0.6997240355297857,0.8538172292145958,0.8360654118112615,0.8181901151659788,0.8329837217189062,0.8305136392191474,0.7824352431924899,0.8019485258077869,0.7893403820767102,0.8001189106231814,0.8277437610172661,0.9199157354752774,0.7746071732721678,0.8034582285765237,0.8390538016884495,0.858463859215218,0.8149480887654844,0.8626281608646329,0.8561227673235803,0.7903310197108228,0.8091128056752354,0.826130195205203,0.714915391727021,0.888376467552421,0.7450830253511599,0.794377746287953,0.865603244498797,0.7561399447565542,0.8539808507358817,0.7871775138156275,0.8877231400053658,0.8104103711988074,0.7880449857747261,0.7367716482067919,0.8861143904013811,0.8816351252444111,0.7337965554789089,0.8446766536900008,0.774968793890276,0.6937247965742621,0.8249069879525658,0.8684407422184865,0.762595945405086,0.7996109986673776,0.8411326869099179,0.8574234943918827,0.7245697704501468,0.8095731945529531,0.6123606605209825,0.7925174241329882,0.6734411203402076,0.7296464601612693,0.7748328764353091,0.8091604010198798,0.7739814581487124,0.776516356544163,0.8585414235839419,0.7851884419429548,0.738568803578488,0.7862239430581819,0.8560321718686261,0.8030574113227648,0.842956454551002,0.8090428782301958,0.8440995416935767,0.7277958313107273,0.77664782538286,0.8080857704447104,0.7282536762881875,0.8702008364300646,0.7513144112980659,0.774385664312557,0.7617477656004756,0.8316727942607148,0.8090492556483709,0.8199189689027417,0.7291488647454337,0.8226011945475425,0.7511943450845994,0.8228645649112669,0.8051675787057498,0.7714077793599832,0.8562076879630541,0.6434891492912139,0.7824717530084685,0.6321323531207379,0.8110994145895207,0.7365887339137832,0.7842671893073071,0.7854683757962144,0.7949874235533297,0.7398902598826047,0.7409289526571984,0.7599669443927392,0.8104312136492956,0.8159573683581808,0.8619628085351831,0.8887245701164899,0.7402014257090945,0.8095873173011566,0.7733701528433342,0.7641459878028835,0.8066571293959459,0.8492843075140742,0.846222310969908,0.8434420463171414,0.6719702884660483,0.7360567579038686,0.6985785499611903,0.767033825562034,0.8964033468733464,0.730979010909338,0.9161638752924351,0.644233674752048,0.7341464394188254,0.7954775072649845,0.7838119653268206,0.7649624485886866,0.7342757642990116,0.7488412894317666,0.7056160834677522,0.7958457162739672,0.7616811755929761,0.8097856586403278,0.8233053986518336,0.7785866854054413,0.8249454953449586,0.8351792251275184,0.7150860699075263,0.7707593796095442,0.6817854164709486,0.848734457921178,0.795706008461123,0.7359035255703096,0.8508905763950515,0.8443243340630282,0.6335114143403778,0.8606082005716328,0.8663411864967775,0.7537210173454684,0.7806784771709032,0.8531297562970651,0.8260187987147567,0.8123883920819848,0.9152088998342618,0.8534476386215201,0.8195275743402065,0.8577913716131664,0.8290454692840018,0.8278166848928886,0.8457674347721263
0.9547299979827116,0.8396486040301614,0.8404465743653613,0.8477077237350268,0.8183102109471688,0.8581709563225965,0.8341963268087826,0.862211264398666,0.7949853797858806,0.9109601640496419,0.0,0.9076466305236175,0.9278015161192888,0.6955779103198122,0.874193414177086,0.8876132706562078,0.8781361287968389,0.8863566033573483,0.8973305637208321,0.8610259332946869,0.8838545307379775,0.8423185982489194,0.8087518653037934,0.9220020940958075,0.9412839236469595,0.8171126200142221,0.7954918788904616,0.9094563490182487,0.8110653497956334,0.821416956530815,0.8717855795754427,0.879669446799139,0.7784697323630342,0.850134181140535,0.8470171618366904,0.7089007735781079,0.9428196496069604,0.7697813711256141,0.852734210509258,0.9208912709247872,0.7642404987201536,0.9026468354920237,0.8285735398700022,0.9145566683927824,0.8495528044009883,0.8434106788434552,0.7086649888114795,0.9518142664316734,0.9098276532959286,0.7715068352501484,0.8986030781453093,0.8247755243233453,0.7202812318024675,0.8707930015531625,0.8727051246921815,0.7603779597916027,0.8970969769045977,0.8654751041858931,0.8795038884263514,0.7496670156769087,0.9032392925136882,0.6076366325595812,0.8637894832444245,0.6694049892412308,0.8166654701237995,0.884246697816674,0.8811535629600078,0.7902315629306566,0.771498443922925,0.9175244716052233,0.860917361833783,0.7442691499389907,0.8504556935791416,0.9379765675251023,0.8665732122298336,0.8652773919684396,0.8846715686565901,0.8176281775709361,0.7748302180344097,0.828247648249789,0.8511164925974207,0.789716151364522,0.875198878547222,0.7839344752885892,0.8331991576121988,0.8041786827889263,0.9125638307838273,0.7998369682431113,0.8341861953021333,0.7678575556226757,0.8318571020655233,0.7231889714581554,0.821246431335888,0.9009399483777899,0.8181480133744256,0.8080695877055315,0.6946260598923036,0.7816962900858596,0.6225210188457295,0.8392851655326211,0.7460418407295264,0.8579606621617841,0.7698918424905228,0.7412407472996164,0.7642137460501995,0.7820604291633731,0.8223603345372077,0.8389783490043736,0.8235371856469907,0.9442382599567438,0.9532433897528862,0.7764390040385423,0.8661527454011021,0.795795356206334,0.797942359113038,0.8640946778109135,0.8807049737726587,0.8598920441306025,0.8697789448536186,0.6574579744996619,0.7873474070421667,0.6913887016855466,0.827832458257712,0.9506301280751254,0.7673123234596175,0.9047697713487314,0.6526779856749354,0.7489426592220736,0.8012660164078493,0.7885074956122502,0.7529207359561725,0.8203719779407203,0.8142179895984455,0.7481426866623635,0.906523403195033,0.8202721105729252,0.8472763290706217,0.831065166163914,0.8126004039296145,0.8623623041827009,0.8068190843233,0.7167643929481098,0.7984197880193302,0.6847201112421546,0.8848711598532112,0.7923790585818403,0.7699434973677751,0.8375354528971795,0.8425087443885668,0.6359871347849495,0.9639623226528333,0.8318616637483593,0.8391052438664983,0.7419884194756777,0.8723417512136292,0.9275669205222705,0.9231402546775365,0.9529185618508558,0.8566929344086002,0.8533924585660199,0.8100398279022037,0.8541518728961007,0.8117716367663949,0.9684250627635587
0.8908595244179399,0.8723079575063082,0.8253110933227622,0.8909154253755635,0.8832614467748051,0.8495241191584793,0.8335971273135195,0.9134940764082846,0.7942309270384237,0.8845731910063562,0.9076466305236175,0.0,0.8603581636361511,0.7182847236520383,0.8526498620999691,0.8999569033943527,0.9228188899742412,0.8387834141497434,0.9368236342074817,0.8475313081087704,0.8943653041059889,0.760233974810489,0.8623263814273021,0.8638644932019499,0.8931967710885097,0.8376458061262908,0.8672026905252012,0.921105613411375,0.8343112175777373,0.8858979737076226,0.9167603765413692,0.8923567835107428,0.8543401301288562,0.915767156233187,0.8783263709147302,0.8144962209979534,0.8336822919487351,0.827272000885558,0.8925253403356331,0.9276922422490387,0.8933460678293771,0.849045840052083,0.8287961377802749,0.9065231267958181,0.8949660256649283,0.8944322081875303,0.7988157738235342,0.8404369704419504,0.8871116074481846,0.8579697250813286,0.9331250483906078,0.8875443148291258,0.7824492620276311,0.8992209865924142,0.9167787997379973,0.7611739663190786,0.9144599799850817,0.9720217455341531,0.8286028052528387,0.8386894345878461,0.8272858656736275,0.669200485051128,0.8892006953057393,0.7392460573141258,0.77477401282553,0.8336286774247733,0.7888344051077358,0.6539669042162978,0.7749499011819369,0.837964788335729,0.7955779399775816,0.784639868480937,0.822036624803084,0.9154471948394127,0.9086284261781398,0.8345218862974182,0.8343103590978073,0.8653352684254949,0.8338104172479002,0.7566641800136691,0.783541616733901,0.7984835455686549,0.8256430089425955,0.7991237597868133,0.8987700277443731,0.8596575583264068,0.8117549526083453,0.8312173776792334,0.8904403463051536,0.7568269610945472,0.9284900605084472,0.8166544493700842,0.9066101242005153,0.8796786637003144,0.8134943153693454,0.7966533222924532,0.7187739531356303,0.8627719487703862,0.6843415449715854,0.8956918787609534,0.7463001950837422,0.8182316880123034,0.8513506034821549,0.8046300866679689,0.8440600276253569,0.8385588647176401,0.8877646109141437,0.8564976546672063,0.9094613486787136,0.8383668339706677,0.945871053637388,0.8614367348957491,0.788076589949015,0.8391596845693722,0.8685813357242351,0.922356257943864,0.9237749854298781,0.8133813324286976,0.8762220532391404,0.7167027749569036,0.8296600573575078,0.7705868755358012,0.8192987015104957,0.91723254163038,0.7117976686664202,0.9251759201300592,0.7265801257753455,0.8122817686934329,0.8822315742568984,0.7959154709877456,0.8126031119777526,0.8125629826346613,0.7547008216509956,0.7795307301321086,0.8099881348388311,0.7208751811309781,0.8473137608301798,0.895178337416148,0.8232983940429438,0.9295349856864197,0.7663232087008998,0.7470991548496889,0.8557311947984986,0.7541396503057632,0.8583430580635983,0.8430541393815167,0.8200438024649597,0.8456004310904202,0.8651205542830732,0.7120393071183576,0.9251926014125567,0.8660746822051495,0.880940621700152,0.8114044710908234,0.9154140456471028,0.7729645672692569,0.7791098816859036,0.9335331298636629,0.8197881287785966,0.845395183072528,0.7637251979483322,0.8425570094825159,0.8796606195042627,0.8755141904983921
