0,1,2,3,4,5,6,7,8,9,10,11,12,13,14,15,16,17,18,19,20,21,22,23,24,25,26,27,28,29,30,31,32,33,34,35,36,37,38,39,40,41,42,43,44,45,46,47,48,49,50,51,52,53,54,55,56,57,58,59,60,61,62,63,64,65,66,67,68,69,70,71,72,73,74,75,76,77,78,79,80,81,82,83,84,85,86,87,88,89,90,91,92,93,94,95,96,97,98,99,100,101,102,103,104,105,106,107,108,109,110,111,112,113,114,115,116,117,118,119,120,121,122,123,124,125,126,127,128,129,130,131,132,133,134,135,136,137,138,139,140,141,142,143,144,145,146,147,148,149,150,151,152,153,154,155,156,157,158,159,160,161,162,163
0.0,0.2674924316192075,0.27083333209182087,0.23587950383702821,0.2793491791410973,0.2636187478090779,0.23792173887966248,0.2917254651202947,0.300384129821239,0.2695556365213817,0.29576262886347965,0.24992028808898373,0.38058956938007804,0.23899341382072153,0.2769594543466539,0.30576794675190916,0.31763607695346785,0.4112560151397917,0.26349014660883435,0.37598794209840775,0.3185053400837048,0.27052545870165956,0.2537323722081751,0.2763256512248989,0.34083527960569054,0.2467235849323294,0.23375429285415286,0.2856275614980286,0.2114089185623697,0.259239424705206,0.30023874272638357,0.30903319079443015,0.23314820874693534,0.2388244301662117,0.3602324732052589,0.25248877454217317,0.36709540881626845,0.2995511314940447,0.22071282790081628,0.3303395482291977,0.2548230865549013,0.2828455668880514,0.32305279267646536,0.3096970523222776,0.2922357578596753,0.35212524409402185,0.2759642592507811,0.3134376047338197,0.33142552626096083,0.3398941971085449,0.34516277905840426,0.32129713217518546,0.23826467339591867,0.2515711390129425,0.25249469779316547,0.2732452425077469,0.41281674587850453,0.2778865207386872,0.2833716259826577,0.3040970826210837,0.2664898928360861,0.21266825608957218,0.3260273800432031,0.21936210246289228,0.2784269249972785,0.32703065679880106,0.2784861391544001,0.2946960492741353,0.2643072063127709,0.30988244210125215,0.4045557996001974,0.29554697712814365,0.2943394899736144,0.31528741065791216,0.3058141236895517,0.31038375170515303,0.2360524144820171,0.2537435485141917,0.27663628210018576,0.2344607916493905,0.27736931029848066,0.31556810923761913,0.2851649819285631,0.270542419652804,0.31555117426634927,0.32801768739719384,0.29525050140051673,0.3111573920465068,0.34010483744903197,0.2406410792765413,0.3457535629657977,0.2663212891285197,0.31569036867753425,0.32198175808686297,0.3048892659501156,0.24061874365588476,0.20819039503774586,0.256538499317558,0.2122352750811399,0.32868940455982437,0.23676146113780897,0.2492475198243161,0.2529317301000785,0.23090116956118742,0.3540017325114612,0.3165064962574769,0.2929528421031392,0.279640935375697,0.3197791256241708,0.3032661034435219,0.2815279673897135,0.3200765222327784,0.305090405235633,0.2399964544656059,0.29400338970052753,0.3128563869036007,0.31508087558536046,0.28136713350055154,0.24250500145440906,0.23014153417682104,0.2863554527823448,0.2295812329185126,0.2839548657476477,0.36383333780663424,0.261931142121687,0.255606560859576,0.21483088874357076,0.22800116069270102,0.23522061004079423,0.3035558028620148,0.24493467577895534,0.26693514794199963,0.2343577321159317,0.2534671892363332,0.27015195604409237,0.2669838515547528,0.281692291867388,0.30525368322464114,0.2591299707371773,0.3077235822545467,0.22762042149662584,0.242548425291789,0.3218398954011543,0.24526241487981654,0.29217095403511834,0.26607270453829013,0.27595250873502214,0.23875285305306437,0.3182906257242846,0.1607751621943593,0.3837547285660602,0.25729607927440096,0.2863496431530179,0.22092255312439904,0.2865527280595107,0.3205166890831166,0.265521162691385,0.29557517822065243,0.2552774181183377,0.2843472585087185,0.23807480811555723,0.32916923286538297,0.2165588297311633,0.3643732450053832
0.2674924316192075,0.0,0.29594061292033086,0.25628950660561045,0.24074453434284374,0.37161691388470286,0.24770488771613847,0.3407481819144466,0.2635587993224699,0.33814811364705216,0.2828353920760988,0.2858875901702202,0.2891872711112589,0.27146660973616477,0.292577595574351,0.2713014106160819,0.2744629554135197,0.24301385573812764,0.2568682528933864,0.26612782932544576,0.27402056559584537,0.3398370556440891,0.22415352710759986,0.268770271521438,0.28668350808369525,0.21245323034593785,0.2268258095724018,0.25814927798333936,0.33365785715070306,0.2290345034102295,0.33298650588873746,0.2800706169047738,0.3199876451965139,0.21280299717983736,0.27999009064028263,0.2662447651591207,0.2686902082186701,0.27150903912419355,0.27771434588652444,0.2667511219662353,0.3134371002186044,0.26877568670099194,0.20688686586961502,0.26366369452863564,0.3078485047384427,0.24343937669350857,0.2428605180256718,0.250083212672854,0.2505057537918924,0.2570166464772625,0.28263513434883086,0.2615244550614105,0.2652205182918269,0.3432920528601761,0.29731125329719604,0.30754881636000403,0.26792990857395954,0.2658840786307915,0.2643516804891012,0.2831250604089746,0.3318998438801123,0.1915285546739092,0.2376504239329957,0.19763524425319895,0.21987895157111345,0.21938391154835835,0.26216829877460585,0.24742985986654242,0.2132993115993729,0.28234556947386735,0.2786750106711011,0.2591565487162998,0.2225833527062218,0.285157769735695,0.30696993582749216,0.24042401278871273,0.2320405106471192,0.3115182241711601,0.22286427246355278,0.23412799502214432,0.2568986812245529,0.2629215414293048,0.3434627350643337,0.2500796297193394,0.23708222843435184,0.34206164629505403,0.2418663966482048,0.22757765228250024,0.2575116137902222,0.2877651804871689,0.23891746346047507,0.27378160690549336,0.3180231033567623,0.25797142785626703,0.2717825602907526,0.3269038122072681,0.24533911879188008,0.25497618050552706,0.19539162066347127,0.2920683269261849,0.26210089117176477,0.2126760068765204,0.18388100699691928,0.2355288171667822,0.2575617526207564,0.24650151155187636,0.2379884234173278,0.2791538541113295,0.27451475504708134,0.3132091296877327,0.2434154040890815,0.2194510645811561,0.2683466997651483,0.2362595213936371,0.26187640232815373,0.35542041960191956,0.2615672183059009,0.20780873788460236,0.2400169823518962,0.23204046267421477,0.25807641196473485,0.24039283363441274,0.23460494928819786,0.35016106554841997,0.2522329523583032,0.3604251645039927,0.22266394779064486,0.28483616784101706,0.2828955755235237,0.25193326928128834,0.28511149831439997,0.26895816124048993,0.231562562097958,0.2799282680146448,0.2582516321662674,0.23081000488939452,0.2459246721584924,0.26952765338593376,0.23503733888016484,0.2504046958964549,0.25389049694127536,0.2621562097951442,0.3300202789485611,0.25141515124148683,0.2801295961194808,0.2014490233084722,0.31333004620122257,0.26655498316166465,0.2990781786564212,0.17021305510315524,0.24901722278730642,0.27882577319738155,0.237167214500753,0.25736159678952475,0.2608304084043036,0.28622864136980336,0.2637088501696958,0.3153242409265304,0.2529938821054638,0.23940064083131435,0.24292309295000683,0.30355548179589076,0.21288827788466744,0.2628498229455722
0.27083333209182087,0.29594061292033086,0.0,0.25226703152044644,0.2663913656492726,0.26660051890250125,0.22864552193487633,0.3149069020725208,0.23056166382839202,0.379714532651476,0.3012252418050741,0.2513595630285358,0.31217961473631445,0.22380206885951073,0.25710376485665837,0.3106060282609799,0.3075703870612684,0.28208236437671597,0.2346473418988332,0.23186673841046648,0.3247609456917092,0.37594929519148124,0.22764481854171872,0.2549313584221383,0.2878801349780513,0.23167080819933625,0.2290727058953309,0.2597889021461632,0.23360006118824803,0.22826641087571567,0.23942582350685762,0.2794435863095419,0.22434251007082096,0.20043232118875484,0.23010124916305438,0.2496656337289434,0.28765573478811735,0.2525247867451246,0.22913299070944315,0.28375118829498086,0.24277376544063126,0.2979991197768929,0.2423632121423555,0.24233964282272163,0.28589277929259016,0.2555501909084243,0.2241902250040829,0.26645386272554966,0.2707310611749671,0.2505393468328799,0.284059939811257,0.2534386471092502,0.1938790818832533,0.2928561053107597,0.2663755262700185,0.23434977632829027,0.24974713057985456,0.27087065011891326,0.2719236987583078,0.24752664918205403,0.27623401905673844,0.18384298218878936,0.2624621402298629,0.19780300325033598,0.2202070272098568,0.24201601539778456,0.2502456042608344,0.27057708692011195,0.27257505742566507,0.3059454800343163,0.2883377455245829,0.21704080117848723,0.24231502607600827,0.3959202666117532,0.2983940396705043,0.19864667354689622,0.2639144258099365,0.2583039823072904,0.20753059425042417,0.1846900562521738,0.24617884270651683,0.27263653783727027,0.2660582873519739,0.23478051312747078,0.24097040324664262,0.30066468499581217,0.23546675376705523,0.2154812623471396,0.24102423591413294,0.21195110758138058,0.2671308665464801,0.2110414227282782,0.2614054520683616,0.2059689497460313,0.264821837043538,0.24363290266117113,0.19802233010758277,0.23677306302142628,0.17644286649664132,0.2673221978715141,0.19327181571982202,0.2670223272552052,0.1990147442897885,0.25423697558649316,0.24603229305293564,0.2704876350080971,0.2604450584035556,0.25768525128166386,0.2589797264048152,0.31390835050234234,0.25144100928757945,0.22208482904587482,0.25026442932501286,0.22100255915591985,0.2131194092850079,0.28471878596924366,0.21196635864914332,0.27533720517931387,0.2649515850260576,0.21231297055556403,0.23573224962481207,0.2114456393111506,0.2095591889898912,0.27914300697004735,0.18863287356774003,0.2815050172944337,0.21198529033961383,0.24420893389039225,0.26688878704600716,0.2530864903970107,0.24584521386461716,0.32535108248503514,0.19301918019840703,0.20104327348010503,0.2715457908270922,0.19968516160572655,0.19419716054793265,0.23104199053815302,0.2582855285168049,0.2501435534710087,0.2075985237672541,0.23048010972940033,0.2698489254057797,0.2486544461403452,0.2515130085020103,0.19354466268921597,0.2717694829144424,0.24533881714154096,0.31373137264164874,0.16741356270792845,0.22480731587543015,0.19888173835444004,0.2557274321206699,0.2806699241659805,0.27493688001713074,0.27484181349817105,0.27589976571336317,0.3068638145244963,0.1885040802420384,0.23081025384782933,0.2661711253178526,0.20720829917550332,0.21581389615114818,0.2682423799577028
0.23587950383702821,0.25628950660561045,0.25226703152044644,0.0,0.2580557902625769,0.24010466589715485,0.2960300213177039,0.24948517674972992,0.21192763982284454,0.2489326788578668,0.2879076872363937,0.2483809484950287,0.24465343966190362,0.22960786299700747,0.2861653734732557,0.2327497211069502,0.2585271300080259,0.24255382245435778,0.23477955043600576,0.208484278800943,0.29045233432601525,0.2607804519498864,0.24511469077647824,0.24210200987027572,0.25304440437083325,0.2531475016895377,0.24678711728297414,0.24133236645606512,0.23232668208234228,0.19577852683757827,0.23990236146204375,0.2225433303812149,0.34642652711535005,0.21623534505584543,0.24099895419118433,0.24841942930560645,0.26340451737432613,0.23812047635446962,0.25184858590700604,0.299795268708297,0.272367093011464,0.262687544372283,0.21762111229291378,0.28904801177124706,0.2418525384359549,0.24803983285658845,0.1789337416282714,0.24990600179032169,0.25812068401356736,0.23491715757416323,0.330589898172798,0.2688825866454169,0.21996543276650893,0.35684129538057724,0.27621613203228845,0.22447742194051676,0.26630237362403375,0.2703071346694685,0.25491999547457966,0.2542634529268203,0.28389855709165956,0.18704441457862253,0.25959008963814734,0.1833600111083833,0.23296961936964114,0.23999568820007108,0.30813501067158333,0.21641741839042766,0.21816768099058925,0.25549621917865656,0.25707650664680426,0.22026426526596185,0.24296335968075242,0.3481028452047261,0.24637581039104506,0.1997317898654075,0.3039134974941659,0.2954345685654472,0.21062552211844518,0.19187432947220495,0.23092052728712475,0.29536983460486294,0.23354922871440717,0.20724447374573887,0.27232739327232164,0.23703607567959264,0.2670378613454372,0.2435998278143517,0.23010224000275598,0.22100071295331994,0.29037706392847445,0.2571815894926943,0.2507456605144936,0.21930108621731564,0.29246410868392514,0.24329400699369277,0.1973821233730362,0.2383790440662286,0.19406646840254474,0.2577106669856687,0.22297073065404452,0.2570065526918132,0.27097788064695494,0.22519794488575254,0.2411331002811326,0.2238785758599206,0.24780501022003223,0.2262087575684662,0.25752548101350375,0.25023637140241395,0.30723715884985175,0.24299838360294998,0.2798733233490717,0.2623047567920641,0.2283446709415967,0.2462212131738425,0.22615515308055642,0.2004140482138003,0.2650254731128397,0.2419110477967538,0.2465302937149832,0.27052501447689264,0.21466814231402936,0.2910191421003985,0.20448142767550492,0.24914109044113317,0.22329330179755436,0.24092608143973682,0.2420018967882505,0.2623256459454639,0.19662230128674202,0.2635207026397192,0.23249657137118102,0.24649868222705867,0.24608219391369074,0.1997211304524953,0.16557962698364118,0.2612416505899212,0.24336715809902454,0.25413219791471137,0.291007200507799,0.22341123256023226,0.3057032579523409,0.2570544475717529,0.25422725369884935,0.20757983593697316,0.25431067960616266,0.23015630910305526,0.20921051970037652,0.151460308805968,0.27356124105978147,0.2364630861305654,0.26451462950617605,0.2227966349678337,0.2772848027758243,0.26506832755955134,0.24807782739197975,0.2851956049893526,0.31293028330401323,0.24488428632297665,0.2398346478596778,0.22844067609550747,0.24394247711534953,0.2708203545135106
0.2793491791410973,0.24074453434284374,0.2663913656492726,0.2580557902625769,0.0,0.20718605017884212,0.3142741308815275,0.23668666698131915,0.25036651625557066,0.2723859319014648,0.299827828816546,0.2333673932712448,0.23642224334837028,0.22929444850292263,0.29146925559456505,0.2521595143628422,0.2550265177295771,0.2892663406305134,0.2135043368979254,0.22446111294740365,0.2895175456352252,0.28646634797335485,0.2918632119934971,0.24787564793474587,0.26951976267534955,0.24013091204104056,0.250040455664794,0.21712676448719562,0.2098762023399821,0.24665539056155167,0.28169386593198864,0.22314257481119976,0.22258966244381684,0.21217573532729067,0.3110488663322315,0.27139017028924683,0.293110591253159,0.25587130373230804,0.2616728895267803,0.2601778976607265,0.23984298001844262,0.33866163438556823,0.25989754190651965,0.30202740617879925,0.22872958727802628,0.2306443712261194,0.22931634571080056,0.29312442638699976,0.3151629686258412,0.25874351990034683,0.29575813895930275,0.22239293167879118,0.20943881455643745,0.2525271995334361,0.2644487387983936,0.2345959337831207,0.2333433087515024,0.28771196451930164,0.26219977463175487,0.2304589939752819,0.2098765083913287,0.18545806394217604,0.22822811304522017,0.23018203393005807,0.24776926547931102,0.20184035588422694,0.25345503814714815,0.2559209288781193,0.23839731917473383,0.2946312136052315,0.2819224537935042,0.24524520956486806,0.23086330117002699,0.2786693162159299,0.22318342103815408,0.20456139299957268,0.2578097102180344,0.3566519526652543,0.20252454470758033,0.1896014858189419,0.23422759894692222,0.3019999156991544,0.2687019176511357,0.19298108383286244,0.24533061007030343,0.23762120750093718,0.2617844696615452,0.24936733429573577,0.21875488029780454,0.22399491154963705,0.3799432676500101,0.28119124681211427,0.30477976430848797,0.1934698373815909,0.28802971315618986,0.23953722904735802,0.17537946370723004,0.22622391045839943,0.23134215758002438,0.22181443891703348,0.22508332579263934,0.24358556627685607,0.25102859592187793,0.22148292582089976,0.24084563053425512,0.22950733792708566,0.21445921788625036,0.2626045642583132,0.26622349838007453,0.2621963340046929,0.27577776299381745,0.28903019256758605,0.23846664971563983,0.27054459372976636,0.20729185417659185,0.22894022839330888,0.21302409674380163,0.2596140776166914,0.2159156257682315,0.2507563203973765,0.3131115877846207,0.2347833804670506,0.2087500267738822,0.3064788195931611,0.23805786551400301,0.22429714003142734,0.20508529835025213,0.24348587461586962,0.21325748362468372,0.25545953207093364,0.22576120465682867,0.23997657188051905,0.20037172897591998,0.24777368210239054,0.2546214430369026,0.2377711087170278,0.1941234243208522,0.29505833661091235,0.24927966462318105,0.2999204708136313,0.20640994351225872,0.24726735291790364,0.293828281277071,0.27630185888740183,0.29535193064533644,0.23712213513098332,0.2886224925684256,0.23288652756173028,0.23886330990648919,0.16494726196716666,0.25719943602667034,0.22728580363907158,0.28266006324745674,0.24566791066360294,0.27652934099975884,0.29608480083962563,0.218720887013144,0.28734455390039226,0.23088676043232917,0.23110579694636862,0.23015029936207226,0.23786149064857545,0.2502207415013593,0.35351349661543624
0.2636187478090779,0.37161691388470286,0.26660051890250125,0.24010466589715485,0.20718605017884212,0.0,0.20826958787510824,0.3026421243049573,0.2525616237048785,0.26157621943083703,0.2513933467806308,0.2748892108517563,0.29261568745626093,0.20967243295749657,0.2531913860293325,0.27323523986316794,0.2568279386507703,0.20265967129763016,0.26324859548332835,0.25513205527728033,0.2628113839396143,0.2622699102269719,0.17624235077366393,0.20899440835463867,0.27502645148898097,0.1916168204200894,0.19450919599879807,0.2330678603264752,0.2468034049894558,0.2223385459820465,0.3012452396007765,0.3209195047849833,0.2923586862692671,0.20717893752142003,0.24376109905805093,0.23241962798408067,0.252992238255403,0.24090136735694584,0.2360823823111446,0.20829652042780694,0.2590493807138169,0.26267315522916745,0.20982445373841252,0.2729465575784769,0.24379614305648287,0.2187638907362813,0.2178319979208131,0.23828285501551077,0.1984473957654706,0.24656387256659834,0.259175106240214,0.28454529230953246,0.22371189030535266,0.2930437355044724,0.24700757191578313,0.3076401136285176,0.2508000516578382,0.31047344474000343,0.20581178433974276,0.23366397851011392,0.3350337654576261,0.21376876820672808,0.26437528047468906,0.1737418364685307,0.21230763283632068,0.2227253679130657,0.23429794993694608,0.24189010755323206,0.19194360660135643,0.260073895993331,0.2687861489090963,0.2066888851167779,0.23617649485890566,0.2544020940155346,0.3299908692047247,0.22734994464585037,0.2205475145335619,0.2421188307411359,0.20578785362672555,0.26726104716450017,0.2957834504932891,0.2545403833054392,0.26743875520503396,0.25801868433698394,0.23973498655716657,0.2699187440204871,0.27567065986689593,0.21759997108534107,0.26783793429021696,0.2430822533685288,0.2308125812082149,0.2854120005328634,0.2679510626930261,0.23802868300015934,0.22946139038866475,0.2987091300236476,0.25750038059201913,0.2789093834891488,0.18602805242654552,0.26080816949203756,0.219453105496876,0.2176624610436925,0.19596803143976746,0.21698832648482508,0.26701960225361826,0.25266935152688,0.2609798422156484,0.245443451255569,0.22038562051223684,0.2609914868577497,0.24527790210505346,0.20525223352269276,0.3094979443423305,0.243274030353107,0.2251186356161598,0.2772085262264627,0.2683460342560702,0.18967536106870017,0.26401935837576346,0.2306470451996013,0.21740450073848439,0.25713097473136565,0.23878693630756578,0.29458655549977114,0.24989137349823573,0.29426514661932346,0.23573048180997613,0.22718644005986321,0.2533305479723455,0.20998797552663917,0.2845979566294628,0.3280404364570568,0.22679934539061947,0.2592892229267846,0.24189418248801733,0.2146847293031942,0.22032165989804237,0.20764428065638105,0.19100052080219407,0.2311606006950006,0.24116683581709938,0.2590953272808802,0.26364961367717005,0.24544426968297509,0.2499570792886128,0.19603428493809735,0.28448720810668177,0.2498413945617574,0.2563014212037763,0.17429735878780944,0.2420673412345351,0.2537627826268097,0.20159753238683092,0.2019935649656107,0.27633098376615856,0.2582300591118451,0.23222797033578693,0.30751461290756726,0.22141826001918657,0.24553685689477311,0.21351510711394056,0.28796929213880995,0.2111736263298994,0.23308422899708336
0.23792173887966248,0.24770488771613847,0.22864552193487633,0.2960300213177039,0.3142741308815275,0.20826958787510824,0.0,0.2122891623227597,0.21979602944985782,0.2586223036912106,0.2570887700114693,0.24755473644561626,0.23684209423960048,0.23956878282259444,0.3133147347892029,0.2086143041196705,0.21192012525002876,0.24554401110113205,0.22125699450242914,0.19028995324656928,0.2406228516733841,0.2720868901465536,0.31284929328430855,0.2598561835455733,0.2644778791996047,0.2361378625809719,0.23598735704901805,0.20831771879089178,0.22372383694225018,0.21906203613249892,0.25194847463960884,0.22724856077383804,0.26562150658396283,0.22182793861879913,0.23486603785011756,0.2254417198279744,0.2818380255343251,0.20850654115478462,0.23611134376961146,0.27980934239339483,0.24371854563778336,0.26590401210731474,0.2275495147181757,0.2710075601204786,0.24294681910151095,0.22306473977582672,0.22714962591602128,0.23840295139791207,0.34811424266946506,0.21059674257133276,0.28793630630715533,0.2094998227940384,0.19399347094222563,0.27521267309719916,0.27554641966500126,0.23285101913667602,0.21344733778333427,0.23689197821813524,0.2838336853087442,0.21423897589993915,0.20567638374094832,0.18082723270264123,0.19599686493505847,0.2031281046229475,0.21305627972031008,0.1871691574772902,0.2905904228930143,0.27908903908789795,0.22186790450669103,0.23692544593079226,0.256013274370956,0.2112910768591007,0.21199035724921295,0.28136052961596986,0.1834886529461505,0.20737116214412307,0.30442465105439603,0.31598947536908073,0.1842304658247218,0.18556294060637346,0.21019349150540745,0.27363194111927,0.26077844128197275,0.17112739376984162,0.21213105875317526,0.21803716084762698,0.22513935890051692,0.2514928465032685,0.21464692714639078,0.22298787229351769,0.2872383108853337,0.32286117712718687,0.25043376795367156,0.19456380050864058,0.26443328141016564,0.2722328276683052,0.17065176857464065,0.2383476063043175,0.2036633378593071,0.24514019649689558,0.22781218630561356,0.23755510107966377,0.26683629585455365,0.22266082197023257,0.20291287470039204,0.21028590372110492,0.19309374540131538,0.22596155761374434,0.2637966662859046,0.2545719846020683,0.3072345994801431,0.2270110861079815,0.23363400580680785,0.21315306469466663,0.19375136938360574,0.21760443863242118,0.20401052073188447,0.23803558855592674,0.22277600526590682,0.2114399778137328,0.23059591062001067,0.2182140748830288,0.18786007215104208,0.2997634964480263,0.20612963476964533,0.24698676669010056,0.19880191589658042,0.2499110879834062,0.19903610988837886,0.24191874199777735,0.1927166276631779,0.1958877055955323,0.19163623273332053,0.2124075372549031,0.21093065703306765,0.2094134839895232,0.18531947237771315,0.2595703143489627,0.23335141102329104,0.25891275725866036,0.24251751986760128,0.21267895532066136,0.2850185565883722,0.23389985655594023,0.2471024311766351,0.2534402077486767,0.25370105584940944,0.2379502203254006,0.2124674809779481,0.13999501356853686,0.23566426549448782,0.2357601392104679,0.23081511454277695,0.2718482667640277,0.27465215870385357,0.27503578062033496,0.24113958728423923,0.2841123570812614,0.2763324233378338,0.24396990632975263,0.2262757334020261,0.21626027976174284,0.23676738908181916,0.2609091197414317
0.2917254651202947,0.3407481819144466,0.3149069020725208,0.24948517674972992,0.23668666698131915,0.3026421243049573,0.2122891623227597,0.0,0.287771438460923,0.30165879132625073,0.2794940346249416,0.30174506584044264,0.32953216788727174,0.2197350051860907,0.2603982599837361,0.3355863175251313,0.32787694138158996,0.2570935152867363,0.26383691295928674,0.27559469734029735,0.3202641292417856,0.26145525839432887,0.22642471201040182,0.24660270296629103,0.3038875299568135,0.23576508511399438,0.2608818743044727,0.2846609205852795,0.22334014725775145,0.270586745969231,0.35320652534998503,0.29713191594382365,0.2666725894393606,0.22802857692782288,0.2694888316001492,0.28098624632588237,0.31174476893904174,0.3288621190330547,0.2704359295757464,0.2787882613655091,0.29059803662697214,0.2727924928558385,0.25330937579994733,0.2715391965494352,0.3357108175256859,0.2831942071917909,0.24528095379279302,0.2633871484016735,0.2646043946611137,0.2740087807707392,0.28827399344071036,0.2692026888315835,0.22448085855421568,0.27180247447562833,0.26232124414513297,0.27879354228354497,0.28857929883854927,0.3749202731849375,0.256558517881631,0.2684071411236577,0.355269090939758,0.19459982317005103,0.2837941358991656,0.2082486392986118,0.21013600398149657,0.24119353261987495,0.25696089186831383,0.2443145107198613,0.25358492316116094,0.39550775995798465,0.279063967416805,0.25060166065499045,0.24891427006245834,0.32975823516611863,0.3846517526237143,0.23076188770928957,0.26667258785755854,0.27139808729853016,0.28859789363708194,0.21470889093168613,0.2673517024328506,0.2627737826524595,0.31828398444778905,0.29713089467049575,0.2974389165434283,0.40465153416606936,0.329323080009933,0.24522376783197697,0.31734285051031547,0.2657755849771424,0.2694113163976954,0.2454474851986507,0.28786428207604137,0.2442983271394483,0.2737620327136332,0.2820806773937354,0.2378315581868547,0.2767381662625364,0.18484581720539392,0.3020907782102519,0.22285437535649374,0.2919047627369648,0.21489631587558106,0.2552996065011687,0.29767522670900287,0.3091524144698259,0.29747404766275415,0.31823937219315424,0.2801846443632478,0.2953433277328307,0.24461765063998533,0.2532903463242781,0.283590887150383,0.2794693121137069,0.25959576935765305,0.3406603291558872,0.2830266548746399,0.22601251902096464,0.24244903742187235,0.23162079229050506,0.26116909756717616,0.30885285368240667,0.23270763245172424,0.3181317993911348,0.2233858495181708,0.29214192157188407,0.21734002528990612,0.2953043585781003,0.27809721230379114,0.25702402426727156,0.3206722187662461,0.3180158310301388,0.25066207424210574,0.23418325802981033,0.2748933850260934,0.20880852131238026,0.25216586289450443,0.25747257274617097,0.2477740024287862,0.3012946636152008,0.22689562879679326,0.23654189804069348,0.30257817320510966,0.25339721021313705,0.30394982578762497,0.22872205283215424,0.33206001951006436,0.27166767243630263,0.31955982108719944,0.18279339161907907,0.29647877750639284,0.25743221709137093,0.25967451609894565,0.25379919823843367,0.3394297149516145,0.3098196080632617,0.2591258332967208,0.35974723657246466,0.20975466951206684,0.24691827275020756,0.24142789465897144,0.27583511377454567,0.2349467104290806,0.2757465575394038
0.300384129821239,0.2635587993224699,0.23056166382839202,0.21192763982284454,0.25036651625557066,0.2525616237048785,0.21979602944985782,0.287771438460923,0.0,0.22461986322981342,0.22727925205630684,0.2403542797826883,0.23497135055095952,0.24378683836051115,0.24130721912725636,0.2504799455523694,0.23613284331573453,0.25357396023655426,0.21706175324163293,0.25341624690277115,0.24615671280924736,0.2954935383804196,0.19390317030091467,0.21143007957926818,0.24296393605142905,0.20489524611298604,0.22565637147095585,0.21667445284308448,0.2014540727681067,0.3253913883642477,0.3297737096394367,0.24786269283993048,0.23033455280022833,0.1855631789253331,0.2575532902650756,0.21876986429709125,0.2531662859774001,0.3080313252283212,0.2523022153305937,0.22658443611485568,0.22081409718166767,0.30371954824758884,0.22418348306166516,0.2529394764632631,0.23941891333583948,0.22971249115791448,0.21924745082690064,0.22053180338770448,0.22961612225614636,0.24641221664882593,0.24898914859713006,0.22356520234343738,0.24030809286786303,0.23401421344619242,0.21958296532168034,0.33052381894852717,0.2653276571852958,0.27437829944825715,0.21809336371505672,0.2139982633501477,0.23535959444221988,0.22264213770756328,0.23095332287757778,0.19938575366110242,0.24613052234938568,0.2189590434505828,0.2626549157825594,0.2650862382674346,0.2112689308717027,0.28197174205962705,0.3262940250814402,0.23988084349880456,0.2567024308673454,0.2391948901657129,0.2767653280542755,0.23070572440829193,0.21707648223768924,0.2294833646206862,0.23524423320511487,0.23347758179099992,0.25015462597610316,0.3478593003362101,0.34580219937241025,0.2164554335064812,0.28033284899947425,0.3063230015453572,0.2747818895254373,0.26780717233055473,0.23902087703742866,0.33899551330275934,0.2831752107424304,0.2962220552169294,0.2488155806333555,0.22893852741473514,0.32441452670375975,0.2812857538415132,0.24935205092885848,0.23341212772034617,0.2443744845347259,0.22073969000830276,0.248910230431619,0.21855817272858896,0.2176194630629681,0.20500914625244573,0.27866122882834504,0.2359750056167232,0.20927712653440222,0.23955219685717485,0.22340303006338344,0.2219838800544621,0.2046930209918735,0.27901171867538366,0.2664978393392366,0.3012352362863718,0.21832647735723643,0.26298950474257726,0.2379525317815593,0.21701428602903325,0.1833439664822216,0.24706089963412053,0.27786051392617994,0.2670884689927616,0.22894566920194592,0.2895130808715674,0.35124092398581597,0.22479771243719104,0.23344342744966196,0.23234022916665933,0.19621931879804283,0.24939516910232742,0.3596062441472031,0.29651236490408867,0.24254883925009005,0.31545089031521223,0.23280192341153744,0.2425031551473156,0.2319333457361355,0.2327300851523977,0.21540103996580895,0.30319196872287313,0.2142638010096241,0.2502016597526936,0.309417981933937,0.2980038705448889,0.2660492301861574,0.22864593649534,0.404240182662269,0.2398789193001621,0.2529490770096095,0.1727295335497842,0.2934343861227069,0.24983578036598558,0.23641573634258028,0.2267500372702005,0.24844391823687112,0.3069509478736776,0.22664563361040896,0.27356452944909704,0.2399129931401111,0.2478495816296694,0.195917698241652,0.3009782124769486,0.2882966821930587,0.2944336070145641
0.2695556365213817,0.33814811364705216,0.379714532651476,0.2489326788578668,0.2723859319014648,0.26157621943083703,0.2586223036912106,0.30165879132625073,0.22461986322981342,0.0,0.262029667494219,0.24019355999217964,0.29005483956963013,0.23420558614319115,0.26416080475108694,0.2714002150881458,0.2732454946691151,0.2807840723366183,0.2290420739741893,0.21838981890016881,0.2652113325178669,0.2786810386691062,0.2661746166657308,0.2342269718392823,0.34073196679328027,0.2163950745447643,0.23453875860625797,0.2498863154663515,0.29670621848468565,0.2306486856157506,0.28273322995529576,0.27334898994596957,0.22050996676628065,0.20231202816740007,0.2480260792659063,0.23058736655097906,0.3042576286421306,0.2348645546955464,0.21128654141165165,0.2697713016319504,0.22197399157158143,0.2879891386994404,0.2387345964369308,0.24214973388844663,0.26052524266493704,0.24440714736485986,0.22996849675349487,0.2630362680339093,0.30495190981798753,0.21470312612754433,0.2779990566857384,0.2247889219507918,0.19712885088444146,0.27554795154001505,0.28555684223543026,0.26863314842839475,0.23112565317085984,0.24238371003706596,0.28368889687888377,0.23086814623728605,0.2745061383360863,0.18240584136986082,0.2225304282594951,0.1884348119874625,0.2118164657606239,0.2165173704968884,0.24072925454555077,0.27063061922081,0.2554557056373134,0.3155540000814435,0.25854968387622723,0.24902471398066317,0.2059673333577754,0.3109430756899513,0.24944248296895777,0.23005954655947813,0.24557198527413784,0.307292243353043,0.20195590149483483,0.21584994267466284,0.26256717670366164,0.24638875979999433,0.3166407741048893,0.23020334609541573,0.22984480235980545,0.2647408109014745,0.2493479255631064,0.24524317553092587,0.27105099117377224,0.21302404425918456,0.25223933588002284,0.2329374974269808,0.28044030644177376,0.20006769412437647,0.2593484626837129,0.28453696931695327,0.1778339955222576,0.24071951513930512,0.18617130718463648,0.2708084502982368,0.2197513697777694,0.2509073887481766,0.20864405873001873,0.2743282356935568,0.226252787059285,0.24498307993269847,0.23649587388724025,0.30212839650278644,0.26130021171037054,0.2967785323425827,0.23750867512118473,0.2116939219312798,0.25669799259025755,0.24085366623923604,0.2155853574546535,0.27145803553128556,0.2428307739419962,0.27824537164395635,0.24437558612532373,0.22948819920495142,0.22150424840003807,0.2284614028172875,0.19762197196922002,0.3165545067691849,0.20211700109412875,0.31816094815138457,0.20009873592985972,0.24075153444501143,0.2662815228218107,0.2566026914087748,0.2738816769858074,0.25091095640949995,0.21351347798122036,0.1937779826667759,0.22741659256992353,0.2065131920749153,0.21807914862131245,0.25174965049321363,0.2512067828852984,0.2606919283768715,0.23560412165772804,0.24235950004357004,0.2781119161233658,0.21651933846433016,0.2570113747680035,0.21339329776383362,0.23308305778475338,0.2897985779009043,0.3469707774449847,0.15953578720107076,0.22375171000334243,0.25588793531225296,0.22143065208997745,0.2717059461754016,0.2724083774060963,0.27770868643563196,0.23179810592273015,0.3438284292531963,0.22478137192969225,0.2581382740568839,0.3026416613769305,0.2573414036875364,0.23233052036337828,0.2433277771728565
0.29576262886347965,0.2828353920760988,0.3012252418050741,0.2879076872363937,0.299827828816546,0.2513933467806308,0.2570887700114693,0.2794940346249416,0.22727925205630684,0.262029667494219,0.0,0.30498251899793694,0.29483932187501805,0.2194404630557294,0.25991573056483924,0.31894702791866086,0.29046360647922176,0.2744421537434046,0.266342451443895,0.2516610073095834,0.3127496485879414,0.31270244073312864,0.2634075343173372,0.2882462301468419,0.32318927305287004,0.2646801021393481,0.26556648806453287,0.28637679712055414,0.2571017616581702,0.24274861409860377,0.2646482059204341,0.2661933684835384,0.23927953930229262,0.22542102905227707,0.27319759716830616,0.2830305541568294,0.342399664830622,0.27616152720416637,0.3004955315605988,0.28209657832206647,0.2589477400171253,0.2817507375837708,0.244305816567008,0.3140910117298932,0.2662338235614198,0.24130707894771133,0.18677784940664718,0.37883887962103796,0.3155453687419775,0.2360778288361767,0.30079545402794566,0.23288812973176945,0.19924244671900251,0.3232966954993624,0.3298416663557234,0.2157492505813169,0.28446735572541787,0.335183308584798,0.26555756578082235,0.24916493724990685,0.29696770777187836,0.16483334352059215,0.26253225660265367,0.2100756332243789,0.19886666930707497,0.22748965960116765,0.28611077720643097,0.232101773952136,0.25572541560730344,0.3055612184960105,0.2657945483735222,0.22379802637492996,0.26277236157164463,0.32969471467076605,0.2843201040632498,0.2221665804474998,0.30567995856521973,0.2965677827339407,0.2170302215939664,0.20143811568279774,0.24360399983775557,0.24614700321195368,0.25414290012033475,0.2410800124352962,0.24907987096681822,0.26325583041579637,0.30175939608857,0.22481965777083288,0.2298016830421476,0.23566310588891784,0.32259654746616245,0.21266456978837447,0.30504967324961935,0.24450645568223367,0.2584336608088953,0.2633418685197936,0.19225495361416942,0.21670351450018693,0.18550885348110951,0.2404162417157502,0.2479508649485534,0.2736330767723272,0.2298159377464281,0.218259996558245,0.24764995658258,0.21822806071498027,0.23197075828982508,0.2772638481982288,0.24205736968044267,0.330927622397078,0.35072424123680074,0.25490853940050984,0.25806539521982164,0.2601484129148629,0.23751608784913777,0.2597425771115009,0.2355599213493935,0.26242010977148905,0.26323914748581856,0.22399930204452217,0.2720736828380373,0.22067925535445065,0.23176382778407628,0.3133314561816742,0.2188256204973694,0.2976405848403475,0.1818577753879424,0.263216274416243,0.2546938575905833,0.23876705701233042,0.21086264593763068,0.27168922443185145,0.2467162844680339,0.25143697083267763,0.3466076008688988,0.21460431888971987,0.21302189953844436,0.24990144543334722,0.27702615795768337,0.2825195910236145,0.2456247012458144,0.24191059341248336,0.24376525242052138,0.25510279984029083,0.35661148629864586,0.20963689362706278,0.2527309001097012,0.23001594117128066,0.2592966468568745,0.17984267696259615,0.3429425147406477,0.22982769106872086,0.34542328870741357,0.22691229015556283,0.28545881328337674,0.3038436571498962,0.28320676733368205,0.3043570915483092,0.24548618497654012,0.23251209425460143,0.22478068844452379,0.2606459232807502,0.21294958351396742,0.3832930345448763
0.24992028808898373,0.2858875901702202,0.2513595630285358,0.2483809484950287,0.2333673932712448,0.2748892108517563,0.24755473644561626,0.30174506584044264,0.2403542797826883,0.24019355999217964,0.30498251899793694,0.0,0.22466568902716325,0.16867300231375634,0.22934488924602428,0.2701257204327592,0.2538542839984075,0.20916077504958816,0.31725671662212235,0.24201417643749842,0.30177852002286293,0.23774982886772997,0.2364799989341107,0.25659128848515583,0.3232419671363322,0.2218681386027424,0.23413413825254528,0.23088821801968756,0.22416446663323034,0.26570015329083624,0.2961026841685599,0.2445617230459949,0.23902320470087568,0.24922801389472327,0.23499955462760425,0.2491770359301689,0.26433157961594556,0.2536048480366481,0.30977027139475577,0.23709860723841003,0.2741480113872655,0.25373333298315137,0.224632765475349,0.2841928685954738,0.2526802224973105,0.23328850173913024,0.22431500616365635,0.27416832560437576,0.2545342823534592,0.23193320921577015,0.2653536006718494,0.2597166659553225,0.18835395486113288,0.28657907108282626,0.2898526027303982,0.22431627966070963,0.27670507629659297,0.3750532940827805,0.19984813617013855,0.22515402737690618,0.22574460059723925,0.1604480405564705,0.2440879624194416,0.19639784216400955,0.1863367945038658,0.21047364198750904,0.2148902432283107,0.1927320129257,0.19481973597996674,0.24368125425654477,0.21970444961897873,0.1924516070786619,0.2148435457847841,0.24547517430611895,0.25834514513308077,0.203575357006551,0.2302995923507794,0.2680524468417217,0.2187006388464675,0.18668850510500362,0.21105622392777673,0.2401278598935109,0.25060705332390654,0.20220823660731269,0.25462421977915206,0.28186018482281605,0.24060251241469413,0.20896021894330838,0.24581475710287345,0.24137081648978864,0.2623304358251166,0.25047964504710646,0.25074562874260714,0.2310495822778935,0.21513602159265022,0.3085568206555256,0.1905934114340666,0.273781569801197,0.17509454630600405,0.2227722955390976,0.19674399416257124,0.23462223110408753,0.24350581673749863,0.2838283953461641,0.22529933669159122,0.22769857252841924,0.24721851149850962,0.2564347514668664,0.22493171160294537,0.30546261396372837,0.35729243631804575,0.2598497963704933,0.21757508233583533,0.24870164399298134,0.2116909607610392,0.2590621980790797,0.24149564217648378,0.25330953616592466,0.2546654126433387,0.20041630117338285,0.2222024137216719,0.22788703252574513,0.21425715615564692,0.26846415276334057,0.19002555014118908,0.3113419867069999,0.1806758577251649,0.2579153521855489,0.26198430476901313,0.19978939870444473,0.22745547120342288,0.23690613854940906,0.19698060101199308,0.24650402974624736,0.26157057612824264,0.1764776068463918,0.23678976371956312,0.22662063782687045,0.22360964562331814,0.2725256822320195,0.19607783443605703,0.20879618170080377,0.2512707792502219,0.23984762870135948,0.2816574204746893,0.25343817064862545,0.3192854484897879,0.20963975034752524,0.2902227363127059,0.18276697928404897,0.29353500502224217,0.2348857690272853,0.26207360577050337,0.21918012696149491,0.3629557593330327,0.23307110575731926,0.22539254076139295,0.2979375185568109,0.2007552535752632,0.20961838792613768,0.1755874805013606,0.23351926551902727,0.20466665032952114,0.26904635453648224
