0,1,2,3,4,5,6,7,8,9,10,11,12,13,14,15,16,17,18,19,20,21,22,23,24,25,26,27,28,29,30,31,32,33,34,35,36,37,38,39,40,41,42,43,44,45,46,47,48,49,50,51,52,53,54,55,56,57,58,59,60,61,62,63,64,65,66,67,68,69,70,71,72,73,74,75,76,77,78,79,80,81,82,83,84,85,86,87,88,89,90,91,92,93,94,95,96,97,98,99,100,101,102,103,104,105,106,107,108,109,110,111,112,113,114,115,116,117,118,119,120,121,122,123,124,125,126,127,128,129,130,131,132,133,134,135,136,137,138,139,140,141,142,143,144,145,146,147,148,149,150,151,152,153,154,155,156,157,158,159,160,161,162,163
0.0,0.8785636980650962,0.7345676788368422,0.8008110006180708,0.7744276191683899,0.8798838647465576,0.8196456212889981,0.8812169339066044,0.9100655239101869,0.8146899833170298,0.8872569315330647,0.7963072495676957,0.96568206757697,0.9065268351170109,0.8812397673398247,0.8990203284056307,0.9212577087724372,0.950430328952498,0.8694771909646724,0.928045774030115,0.8654248419141407,0.8223338190226019,0.7918109334886559,0.9120155645003379,0.9088734874806422,0.8016636350909997,0.7736696895405768,0.915171999800595,0.7982602954553828,0.8093967244864562,0.9035524648780993,0.9127592360414493,0.7895294846015736,0.8470899238637595,0.9514553129259699,0.7420798941943741,0.9249146725186905,0.88515338543111,0.7783037092619408,0.9328893745279698,0.7517107117920696,0.8578342355116746,0.8919206037225909,0.87490241044597,0.9114292668757886,0.8846092303398121,0.7590702843989853,0.8733831278525935,0.8768291882846413,0.8331618174955654,0.8997835885300102,0.8376978829074941,0.8037205712657938,0.8307438109771336,0.8378268778613197,0.8552668164107626,0.9271026206783575,0.8082715115663861,0.9109891633064046,0.8571223929621322,0.9110290164369351,0.7261116325498151,0.8669644113005022,0.6837037766854898,0.8531238555813115,0.9014420597141892,0.8818919094350898,0.8627618067642536,0.7936444109189111,0.9364620477477086,0.8911164832124989,0.9308044180583095,0.8686832705760607,0.9238928494624219,0.8966728430466023,0.9180800988381964,0.8231269496165499,0.8106102829198312,0.8402391092235283,0.90213760420078,0.8168874603945065,0.8162576510900916,0.9189357366939295,0.8537095867383202,0.9134887826059255,0.8574215300366452,0.8981712476736354,0.8652612135116489,0.9118860509751975,0.8233057832185292,0.8315982603471561,0.7947293434939436,0.8491757561177785,0.934129693974482,0.8959070385197528,0.7663940810415896,0.7214712901309686,0.7641832555900568,0.7382782058170083,0.9416625349362314,0.8852451793790499,0.8269719945447033,0.730090250962046,0.6964054595580284,0.9010186945180578,0.8650066756309902,0.8333363552820908,0.8735628576550029,0.8694097121116968,0.8925547822733202,0.8577697020467024,0.8099395970206952,0.9024930692550338,0.8175925002901834,0.9144057916433427,0.9467304694456301,0.94950060123362,0.8090835637798612,0.8076292459313772,0.7406172505027092,0.8983225957393827,0.7084111372458726,0.8768273431267506,0.9373213507713887,0.8636937052066646,0.8550715454855584,0.7372920447855004,0.8272031520306988,0.8119497003361893,0.8293989382996896,0.869809339026849,0.7991999016141635,0.874449432354195,0.7931137594032606,0.8272135756994161,0.8253751089480525,0.9154010721932111,0.9133889915438356,0.8371580963979898,0.8300037288458295,0.8226065171294357,0.8600960888856998,0.8718737763844149,0.6731464379603874,0.862384674144994,0.8001533578635207,0.7533734696033477,0.819894517006395,0.8227878936213944,0.6292223012182764,0.9434062858571273,0.8660514007568271,0.8017459512884496,0.7100515190089883,0.8212731941412272,0.9340162822761495,0.9031444682686159,0.9156017963880142,0.8906855941855616,0.8763149793542816,0.77385594536765,0.9616378697154332,0.8482401491611223,0.9231334173643384
0.8785636980650962,0.0,0.8832698431649443,0.8463087109636397,0.8064808918629366,0.9599687193648387,0.8034961708892402,0.9568669863131012,0.8822293092517445,0.9121761299821414,0.8917464268143509,0.8734780869598257,0.8941106503820679,0.8630208717448732,0.9217521521804218,0.8777963942675499,0.8932500570367422,0.8419537043067941,0.8915376839784345,0.8578918622521035,0.9279665041639534,0.9505212354353946,0.7269285490335833,0.9027109282247979,0.9008612799188074,0.7320424809943459,0.7261495362070954,0.8381497203418115,0.9087899093820132,0.7527806848982265,0.9262222100067738,0.8814689029936551,0.8754216091955379,0.7830710759801608,0.9028004639592135,0.8618413452198445,0.8441888491269162,0.8697605579664764,0.8658072266359041,0.8773588072934151,0.8539180139682224,0.8814136861113574,0.835424190750155,0.9048611005451727,0.897506467348635,0.8096808907238159,0.7469495116151948,0.886518081305193,0.8033620022057002,0.8371408246437281,0.8818504945642122,0.839728688578465,0.8145811217432959,0.9561904764673856,0.8909914375154848,0.8540002139959815,0.8540275892222052,0.876184192969396,0.886317594185964,0.8271036456973229,0.9525642596649625,0.718369949149684,0.8684008486985219,0.7170374401734873,0.8217538140587437,0.8249622353383581,0.8310484736604794,0.8114058684501378,0.7663567265062345,0.9136066888283493,0.8588676264531936,0.8203513395778745,0.8111703818905164,0.9121741517388029,0.9366778074484403,0.7987064079969496,0.7891424733333383,0.8172011272483939,0.771087713377662,0.7870668798905984,0.8446867773782052,0.8542985548394654,0.9314146071872956,0.8355050008368042,0.8400689219463698,0.8742963080730434,0.8486758581778634,0.7796532656224134,0.8251998978925934,0.827123563792643,0.8001288290179678,0.8497279983954503,0.8684254279118766,0.8434636961113582,0.8844172678023312,0.8550589483117085,0.8141167752361407,0.8071256541685609,0.7169253727538308,0.8810709606732515,0.8381295014604289,0.8300770210910138,0.7163704628374168,0.7843381601702176,0.8732057183183661,0.7959387343006763,0.8538617072184184,0.8511091560755678,0.8473821065818234,0.9066652151995139,0.8678638839676849,0.7609416192637597,0.8594342595830963,0.7928648356805663,0.8297188829932532,0.8784844920592365,0.8787259605517285,0.7966402862033312,0.8808833673262424,0.7252739551498504,0.8217721494758208,0.7353236206821933,0.7992636453833606,0.8933874973251099,0.8011375238171311,0.9256465262534401,0.7512562473165927,0.8709996805525314,0.9054186881002239,0.8016431924576485,0.8869775731152938,0.8717895692429046,0.755715166634953,0.8240883071096936,0.8925764775860462,0.805535961001923,0.8342616962853657,0.8633080487190774,0.8314143697156727,0.8213333032572704,0.8578904152988363,0.8854152268449708,0.8848263027260794,0.8151127734138366,0.870208879000692,0.7287434354704888,0.8799561976836031,0.8465378010734875,0.8823919847820146,0.6965454019178644,0.8651661543379359,0.8846083937895411,0.8244936145942782,0.8011645994714961,0.8850164212573536,0.8854270248070184,0.8226089946522046,0.9217699376514316,0.8546329659214705,0.7715787903049793,0.7829365740010327,0.8641383926992356,0.9341798503223762,0.8463977608505552
0.7345676788368422,0.8832698431649443,0.0,0.7182794910256841,0.739034081243512,0.8589675448825097,0.6486781726609676,0.8806870441072544,0.7623242301188904,0.8483656471531039,0.7624607861186095,0.7544285807871072,0.7755579100782234,0.7753615232970048,0.7651077199040038,0.7878457870715729,0.7960977536700442,0.7303948571962907,0.7359548935093381,0.7743206406034053,0.8666850062225238,0.924660658444144,0.6103307886750364,0.7633569733987717,0.7780712861804857,0.7054154751330023,0.6191343109836829,0.6922489304922247,0.8233025872257069,0.6223066216644718,0.7574597550858763,0.7431161059869257,0.7651968200254109,0.6575898371582175,0.7789089100243325,0.8678393822765097,0.7130439098424755,0.8400752008705473,0.727607529370054,0.7350725420507312,0.8210516467749289,0.8219535196667127,0.7615365707353614,0.7886472450232526,0.8113269288226486,0.7004955510590176,0.7630966303078317,0.8084320318604179,0.6595150095511757,0.7946702925237948,0.7291150573320219,0.795344402650566,0.7151033311240969,0.845784089085007,0.7520186303540543,0.7902535965671399,0.712637297190884,0.7926790238574928,0.7847963981491691,0.6994525312648353,0.8193637926450513,0.6887307286274735,0.8265927988364528,0.8164131560742423,0.733827716261194,0.7336131617336853,0.7135203640631063,0.7577535827252952,0.8145315978114853,0.7957970439922808,0.7970447493163334,0.7060149866457648,0.7636174445971501,0.7846807268099547,0.861755892816671,0.6418710564147566,0.6549000840917781,0.6926228160602257,0.716073072688131,0.6322275720105495,0.8180714955449442,0.7650038067311857,0.7704621207406034,0.8150171488034286,0.7406830953922361,0.8599470187771012,0.7440483013547177,0.6600200093004788,0.6778633018916934,0.7198229039601215,0.7132680037593001,0.7292742869116213,0.7287838933949661,0.6785385794474375,0.7789170777615854,0.7948678953464757,0.8112546865031732,0.8094631388965708,0.6936285318930004,0.7362271859461504,0.677910100806005,0.723764877859001,0.6645386456902087,0.7852401324348292,0.7940814232913942,0.7626677322070992,0.7873166065053169,0.802623884141376,0.7479560444712983,0.8064530380888838,0.7199071338761017,0.7202912407688349,0.7656030522067857,0.6832965233015134,0.7237546835740677,0.7499215764151486,0.734759055608912,0.6908760841705297,0.878863898460925,0.6865597193748317,0.725298781409467,0.6838270227511268,0.7487374820234961,0.7048264053255401,0.7073092505766997,0.7904561779640137,0.7300015210911369,0.7570395791249572,0.8977554366761398,0.781220920446362,0.8474643727681805,0.9045643255798117,0.6153001223110687,0.7241920970709148,0.8493643842114585,0.7543326451491609,0.7284258443791166,0.7457996946457179,0.8087081810400539,0.6779028268627015,0.7574039303301565,0.8191075872301051,0.7305142422089375,0.8754605647343008,0.7891459508231593,0.6933545907772687,0.8766725027197114,0.7251980295609932,0.8907255345509962,0.7844977759662329,0.6972834144513111,0.7318031198671371,0.730444635451573,0.8639982366340943,0.8079029046845205,0.7555228693681164,0.6626726016776749,0.7782794276683374,0.6865727002348758,0.6117951909041713,0.7709038247643135,0.7061680079087622,0.8883091188861267,0.7006140802596654
0.8008110006180708,0.8463087109636397,0.7182794910256841,0.0,0.8793273172579872,0.8473327356122613,0.8928435245797347,0.8447723255865893,0.7902278748364837,0.7825624013859218,0.8423007307844698,0.896285189589322,0.7546960568747048,0.735836056833725,0.88425030441944,0.7552674657730125,0.8064745837206606,0.7550113562154441,0.8762621551751456,0.7073409407083802,0.8519106072400388,0.7903339945589583,0.7888875490059086,0.8406252249649856,0.8481140346784412,0.7787569782032199,0.7533415868506449,0.8160713759510031,0.786238778618521,0.7470253145430844,0.8722920425595926,0.7771342790863812,0.9364384929702814,0.8197496413420311,0.8613793105045695,0.8357423694015721,0.7758133160787456,0.7391735460848425,0.808009576480899,0.8524619636953313,0.8429698125068357,0.854609015142015,0.7523506076315036,0.9077015136717128,0.8070351145164719,0.7255570479860406,0.6707152560892022,0.7784980674165299,0.7999742268718082,0.7312449870967418,0.880316323892298,0.8352226572964503,0.7015556073601278,0.9204475263826688,0.8570344388073332,0.7646854702277761,0.7766356024660309,0.9177031547401676,0.7742537195658892,0.7570133761986225,0.7973070157125799,0.62336851705272,0.7859690256739673,0.6170315653659975,0.7045219873752517,0.690476059040556,0.7659608563506491,0.6901586649286329,0.6627637532753045,0.8478139408970289,0.7320386195946337,0.7090961401371768,0.7790019060594279,0.8481436320302778,0.7776301145650935,0.7163490450896497,0.7617762868505028,0.8468211485816397,0.7127697143170216,0.7094660974369246,0.6929602525004588,0.8671276846861414,0.8063799196540339,0.6891992582089511,0.8420484895735171,0.7591370849169248,0.7814705818705253,0.7519078281984588,0.7623213966870962,0.7424370000508494,0.9128630804351617,0.9514267091372494,0.8117025737351705,0.7486224968295828,0.849209231823789,0.8178954578618095,0.6501978474033661,0.8297736242701876,0.7219855123826948,0.8542936753443524,0.7384665340842816,0.7509772247394497,0.8838779119387304,0.8077644643053514,0.8025013551315385,0.6953319284906485,0.7349133431008091,0.8051301122648484,0.7618641054889516,0.7813612144839561,0.9192658504299386,0.8138125511593829,0.7896412766960945,0.7569288920566692,0.7701554724206597,0.8525344122256178,0.8069159882475223,0.7177767392899672,0.8601690216365974,0.7904569042236116,0.7299867823596045,0.8456532753957238,0.7275878708529665,0.8525257293487742,0.6973027887454312,0.8392108692076155,0.7297848663420199,0.7868468965586538,0.8236905179792382,0.6481027890725899,0.7386243085066473,0.6904864078325973,0.6804583004641492,0.846377859389709,0.7314629467629812,0.6217329579549893,0.6997130280099425,0.8572689062695675,0.7444192731440863,0.7808992585957351,0.8261744301183058,0.7221755399321461,0.8791843725518504,0.7634766705018657,0.7725626406396522,0.8061007289485002,0.8027912932482203,0.7102708485855224,0.7373763078813894,0.592113561985859,0.8708714724393197,0.8044321519212834,0.7717121355092688,0.677207474919231,0.9123409202424011,0.7517285309018228,0.74290795888094,0.9063578039712916,0.9054821093457356,0.782991770460051,0.6560142595861393,0.8139743462627174,0.8173516816991526,0.8523247202773114
0.7744276191683899,0.8064808918629366,0.739034081243512,0.8793273172579872,0.0,0.7615801536065268,0.8806984805215035,0.8145966544050162,0.7747761453107912,0.8017510456759054,0.8480499909767985,0.890679515225074,0.7429693725874443,0.7463247736668411,0.8532430281013541,0.8046908644887965,0.8281854772048868,0.7727018389109069,0.849212652698661,0.7184788101263515,0.8302359162756547,0.798383298805766,0.8335942744724949,0.8108709731347356,0.8347835916134924,0.7530785279179709,0.8301399319555078,0.8135838503422196,0.8035173555905739,0.8141503376800107,0.8454368320561918,0.8002758949594567,0.823088092481173,0.8114278502924336,0.8351777330050968,0.8653418712332281,0.7574237877966487,0.7785638264842203,0.8245641872019103,0.8446994053097774,0.7886641589398283,0.8391852589320209,0.7949120748495405,0.8359557192943711,0.8082677114097166,0.7245503424583302,0.6952507463396214,0.7615836657604398,0.8320188595262267,0.7778531310062311,0.860763392330182,0.7504931488842115,0.6804819217624225,0.8529523044780609,0.8778602032020839,0.6912527317605942,0.7746795504722812,0.9292269710869676,0.8013536118176914,0.7817658962957832,0.7376003147454654,0.6353558032563466,0.7385023870283263,0.7089833195555069,0.6886285616613919,0.6616605792508017,0.7206375582174149,0.6687841497784659,0.7466523977931462,0.8259723493436725,0.6909054275046178,0.7405015523299004,0.7392818602215795,0.8402977372808378,0.7654793982836724,0.6944643052688584,0.7871215366113454,0.8889360141454712,0.6861586513646213,0.658538552483847,0.631691354301355,0.7900162623329103,0.7855959808653388,0.6538897938734748,0.8217316573344701,0.7275603339947014,0.7318751952977629,0.7956632793273682,0.7525762745088935,0.6721905009216448,0.9437215240519453,0.8739889754055358,0.8637814058492311,0.7166380462480907,0.8053940081291947,0.7650704218136667,0.6141092332139954,0.7620648055287792,0.7577380711263717,0.7984029585221385,0.7324883579713954,0.7901457628900261,0.8354208071405531,0.7747562182887042,0.7890516377186484,0.7086585671707936,0.7422740584709548,0.8006359985956382,0.7695641768027436,0.7468123206977175,0.8735343395803289,0.8547590624916435,0.7076804525927042,0.8183104753565629,0.7323741300113246,0.8094289027526719,0.7659444013377377,0.7968088351833204,0.7965089970879818,0.7433763099437161,0.8007884865139744,0.7709118308817805,0.6864797051299811,0.8061050157050641,0.6537525869143208,0.8144760082360601,0.7258871859437092,0.832386516152476,0.8070655558258809,0.6747359188932878,0.7530649687706233,0.6880280545101414,0.6635444852362218,0.751564070418772,0.7155098538565917,0.6122130754109931,0.7075454186341487,0.85917389840641,0.797551705341601,0.8205032053104742,0.7341499348121925,0.7718614751822258,0.8417592513382199,0.7907030828259392,0.7743423987069392,0.8196800088322044,0.7715870418174667,0.699773687845831,0.7672348231782665,0.6509050559680487,0.8120064604263094,0.7674350355537677,0.822907105964933,0.7620427349643993,0.8515212637621105,0.7152588988468649,0.7248434984811194,0.8296955688189402,0.809105556736708,0.779334095142984,0.6234697099196842,0.752303040867512,0.7888236402539631,0.813251018414227
0.8798838647465576,0.9599687193648387,0.8589675448825097,0.8473327356122613,0.7615801536065268,0.0,0.7654527638412993,0.9230785553807042,0.8902936741774561,0.8677839409288224,0.8611727601901054,0.8202290382106121,0.8811483411360723,0.8548960659583718,0.8719820332492109,0.8254748599203963,0.8417474248340022,0.8098534675851258,0.8333833302563459,0.8210397301130944,0.89039158599763,0.910841148834947,0.6767732369066859,0.8576098765008379,0.8850539724471501,0.7621908456044507,0.6679770504488292,0.793162101351742,0.8672754215081305,0.6993040533077252,0.8910810904617321,0.8277799177682799,0.8842342629055988,0.7456571241939831,0.9083791444084244,0.8149520292515051,0.8520754384682568,0.8506909336487519,0.7805010582745954,0.8261680074315045,0.836240013231145,0.8935549755675332,0.793667882844459,0.9327702562078867,0.8535422313537827,0.7598940770674608,0.7429084451127407,0.9003388394411842,0.7529243538136383,0.771633545659065,0.8334911509077011,0.8751750722499982,0.7712202214615518,0.9186396494047556,0.8276285369593605,0.9319186433816513,0.7998942896864506,0.8459468454351443,0.8248187172658167,0.7499826600866523,0.9341257286042988,0.7006813800738014,0.8870324912539929,0.6781418632925372,0.7878324498139344,0.8053707379073768,0.8301843560900207,0.8557471287760062,0.7423550979474771,0.9175986488124048,0.887642314723216,0.784461794186228,0.8473045878947517,0.8597980677260132,0.9023576570278066,0.7803913105838803,0.729169602992278,0.7794014147887638,0.7647857636835048,0.8120219755905387,0.9007001423671992,0.852725639363531,0.9133463115877151,0.8755572374309394,0.8220162556290654,0.8826488542814948,0.8905162864759004,0.7343090934679795,0.7879435949463204,0.8517633177718106,0.7865350149506154,0.8468039604745509,0.789722857548625,0.8050148467588631,0.8813543737571073,0.8940642990576473,0.7918840304501021,0.8471646216363591,0.7303984226833842,0.8579179862761894,0.8112855436159331,0.7577591005859333,0.7326709382647519,0.7968740001997867,0.8578946220136974,0.7691135215144477,0.7849845106962439,0.8498928534956836,0.7911516292967726,0.8974120078606157,0.836824226433354,0.7403933002683345,0.9217852898140185,0.7446693548140675,0.8250758034632073,0.8663134571632192,0.8641302728514578,0.7230945537806436,0.9174079652522364,0.7860127063432767,0.7650260903904165,0.7711410446232567,0.8351784314430297,0.8644544436791927,0.8540959844289273,0.8924742073246851,0.7280233393160815,0.7928892143855446,0.8893679881223052,0.7766212351143414,0.8914393322228827,0.8587124409980704,0.7494136757617379,0.8596261872299166,0.864937357368613,0.8051195338711031,0.8114363397620987,0.8359253283490943,0.7771799435413269,0.7452015801593577,0.9041663681556673,0.8502702793100483,0.8330281666689804,0.7823514336925816,0.8662058595279833,0.7406587817591749,0.8804786088590913,0.7972779856531286,0.8563587441888464,0.6680043430400381,0.855748197480785,0.8624957752355668,0.7395430391261331,0.7237131769644725,0.8854579727519557,0.884557543991483,0.7885677401248232,0.9345560815527353,0.8775120324443886,0.7416859200744819,0.804692159920207,0.8981383771372443,0.9366222099873123,0.8484543836042069
0.8196456212889981,0.8034961708892402,0.6486781726609676,0.8928435245797347,0.8806984805215035,0.7654527638412993,0.0,0.787162180697633,0.7495801956734036,0.8175767836287136,0.8785504106379228,0.9010304528003088,0.7951827067026634,0.7564484527697568,0.8872316094962112,0.8171308819475915,0.8188917421019468,0.7941317589287809,0.8930922389189018,0.725543381241334,0.7842536344379687,0.7385368512348669,0.9136219845686239,0.8508956469603683,0.87996359897917,0.7266466248088875,0.8854732377790662,0.8813602887585382,0.8149674688170538,0.8774698698954371,0.9033998041147822,0.8777275131354675,0.8115788284768177,0.8900415778683495,0.8334627377255527,0.7560666376812227,0.8398418707861678,0.7096192777655911,0.8649467352398916,0.898288604656449,0.7108715918004029,0.7881305080867503,0.7969641963693159,0.8421666247323275,0.8170188512385199,0.7693658821723692,0.6458957410524688,0.7788879412333194,0.937683219505781,0.7261006183124662,0.9152475079926532,0.7013708189415124,0.6926695073404632,0.8393616854320957,0.9375864992753029,0.6950549682581938,0.8175946879637789,0.8631050696057938,0.8371710219776144,0.8216214347324428,0.7840715672306785,0.6255791983737548,0.6961096141362406,0.6046029392696545,0.698049643267092,0.6973976390361681,0.7960272176255118,0.694732764889527,0.6709048755749224,0.838665759259414,0.6844169028650791,0.7813259799863983,0.7200765517406263,0.8744854809180724,0.7355943588485582,0.8136378679554681,0.8982973264049919,0.9509997000470631,0.6764523816922831,0.7731858846033687,0.6256899941271182,0.754604629735559,0.8399801255680355,0.6359569652204289,0.8128747838062186,0.6659792722537784,0.7775216536636976,0.8726789268255235,0.8457506982465077,0.7072199107569151,0.8768186157787421,0.8786755657151968,0.9030450316974197,0.8064487713048806,0.7915438840343209,0.7607484454136368,0.5889525796102264,0.7002314707436705,0.6812920979100782,0.8650048367494778,0.8403089439214773,0.8608831800349841,0.8090635568081691,0.713589527421981,0.754472387959214,0.691708911397466,0.7477317965129777,0.7694444291224939,0.7935110391177979,0.7817873856894362,0.9396421199382186,0.7700789923296133,0.7418644467581856,0.8452468479063067,0.7461353050586905,0.8107654611036595,0.8197681727995471,0.8628375843693425,0.739129108261591,0.6925923823780509,0.7721553807197055,0.7315841885618525,0.681771558291244,0.9154283341192755,0.6731900614463034,0.8658462501316232,0.6822790446158983,0.8667467293418294,0.7507176269989947,0.6606825896343475,0.7042241315102293,0.6296645816406176,0.7699809186476307,0.7201848878111202,0.7039510972000091,0.6180506802605156,0.7466489006710143,0.8611042900170371,0.7583094043085356,0.8832434388201287,0.7558600079564399,0.7715249491725807,0.881305506952141,0.6690608021787551,0.7904230129229372,0.7897675503286948,0.6727504395831805,0.7627665590086025,0.7235841949281753,0.5566785155681534,0.8874229998131099,0.8212011534618961,0.8026383247282487,0.696012924654484,0.8243497861554188,0.7781520813292389,0.8351567896467299,0.8784974552589543,0.8933461478171385,0.9266221240869932,0.6250589658053294,0.8149528501165345,0.747102578725504,0.8415158471587486
0.8812169339066044,0.9568669863131012,0.8806870441072544,0.8447723255865893,0.8145966544050162,0.9230785553807042,0.787162180697633,0.0,0.8543961714946146,0.8958407690305433,0.8719752921541262,0.8817603003598921,0.8871526682033101,0.8314747688611085,0.908581215232364,0.9017871034281817,0.9322632160142557,0.8733016438985354,0.9090998869450935,0.879155120306769,0.9470115360734012,0.9013510631412545,0.759564131836911,0.8954366492026885,0.905769221488915,0.7706255754894247,0.74962836772807,0.866061458225755,0.8712623215828869,0.7735515659278789,0.9164083429360157,0.88152832895926,0.8684900341255847,0.8171526504889877,0.9008398720250146,0.8904394382852748,0.82436497381482,0.9163975409165012,0.8410197045239848,0.8891441476996822,0.8865307601100153,0.858519612267113,0.8944235239163832,0.8834959076359045,0.9367616208810144,0.8562563458851999,0.7910092179303287,0.8560793832957251,0.8108469706807985,0.8782392495358933,0.8914157635581509,0.8750058013198813,0.8121826609492865,0.9297533014907076,0.879254803826552,0.8132055087761068,0.8781180539425311,0.9121370676096072,0.882592044961856,0.8543217611816983,0.914840471544476,0.7340906061470237,0.9085444015818389,0.7472242634855353,0.8209694139638348,0.8426884786553465,0.7892183813578859,0.7785215178333568,0.8182396026177865,0.9308355917147695,0.8400898797437024,0.8332303587770635,0.8022373703244094,0.9197918672372428,0.9569387326067219,0.7957818813208871,0.7779180636971069,0.8065966974332379,0.8510961766440435,0.7533236532722641,0.8283661031399795,0.8417118814040707,0.8933947017939581,0.8584665357368143,0.8875008922252694,0.9160433398497349,0.8301448872635707,0.7964887599654855,0.8550746455466124,0.7734442242965527,0.8372101394582873,0.8386746857306285,0.8758021911904212,0.839895237621566,0.8555967936019031,0.8192616419031642,0.796464473104597,0.8427347090795891,0.7116210144354542,0.8994458232061027,0.7951056486104725,0.8479380266545348,0.7564728736320225,0.8142930825388245,0.9165308811434087,0.8672619574537814,0.8970812152603773,0.8969987227674708,0.8833302572209323,0.8711262051732406,0.8579729788021969,0.8119879092906409,0.8222503879336888,0.8014871427669216,0.8795974397286267,0.910898725089883,0.908039011102964,0.7995682733158384,0.8854230029206592,0.7278077432636798,0.8287739416853911,0.775190777346015,0.8073368932735414,0.8779815881905592,0.7469273206442901,0.9119612852628404,0.7638717154798939,0.8740673360883923,0.9372399221851822,0.8165523617221766,0.9002513515881015,0.8721734276029058,0.7345717625210781,0.7859006287310634,0.8608040573582038,0.7744461671401496,0.8593177045249789,0.887161155251164,0.8841403629712341,0.8469233290271475,0.8394240672808753,0.8535808700068356,0.8686746090602515,0.7990343177025527,0.8469290567596759,0.772625858340678,0.8582878804074957,0.8411461169212352,0.9125160884926213,0.7288165528139345,0.8683659269640523,0.8734036883239921,0.8387105806386629,0.8178316501709991,0.9164896841245627,0.8513660226187721,0.7956781708842452,0.917775646669361,0.8201020860336222,0.7670586350006176,0.7888724757645834,0.847515511722128,0.938934029036145,0.8296708946587139
0.9100655239101869,0.8822293092517445,0.7623242301188904,0.7902278748364837,0.7747761453107912,0.8902936741774561,0.7495801956734036,0.8543961714946146,0.0,0.7661543060650277,0.8393565576802821,0.7512930488534416,0.8694580444573253,0.8928079902604805,0.8446035826487777,0.8055710182156084,0.8374912447119224,0.8553373258479543,0.803960580664752,0.8379699775843398,0.832265097613644,0.8791734488663582,0.6830212728707278,0.8252681022671035,0.8135090105485003,0.7138211084726537,0.7019299901029522,0.8054317137068506,0.7707549826428919,0.7388120818932269,0.8444743094419381,0.8130604372566592,0.800405884579469,0.721210130366467,0.8981618402170156,0.7470537554374249,0.823316018717742,0.8558500939974981,0.7540675087514452,0.8250114957112243,0.758096410013176,0.8845928812747167,0.7722378025207918,0.8376124155980058,0.8063952184485046,0.7658296549672775,0.7073339474363008,0.8154352893832836,0.757309061659791,0.8006872358283152,0.830237564934586,0.8171965482496861,0.8039886412871418,0.836357622905861,0.7754490341411204,0.8637072615370407,0.8351858294301994,0.7936571593793875,0.8264063304861455,0.7810751820835351,0.8858821157423622,0.7218503065061461,0.84963346748925,0.6706007675181528,0.8279842385570703,0.812826555601264,0.8240268341241156,0.826226047523972,0.7503728470664461,0.8885376049894169,0.8891869355653319,0.8195049867360473,0.8590449948613732,0.850027238166668,0.8932649995993018,0.7892888678534529,0.741667968145249,0.7387128423770929,0.7343344244631553,0.7999841543732147,0.8125248534914778,0.8664483485645963,0.8832666016013434,0.8155678972175715,0.8274308660470572,0.8424998503975654,0.8479194442024613,0.7692446883504369,0.7860642149989198,0.8331178124063148,0.8057651973412211,0.7922041714096042,0.7876942340205173,0.834285516164817,0.923470370361338,0.766792862155328,0.7711317060482418,0.7331338776550181,0.7715548445630207,0.8377794615199848,0.8064037491920907,0.7380103668609159,0.6775115001079951,0.6768228160316087,0.8713657395432708,0.7532748793089649,0.7581071135571523,0.7870977230273609,0.7715909233872402,0.825787053597534,0.7900309493192934,0.7608169811212779,0.8781521429064492,0.7821949060241262,0.8196072423065033,0.881845815909344,0.8350016368784972,0.7175535175961797,0.7909975423578078,0.7767550342204655,0.8484146275216783,0.7171216695559952,0.8055468853686066,0.8435962824073231,0.8809661051753752,0.7902622079490391,0.75501484516446,0.7643429263257218,0.7660617550605378,0.7733301485030908,0.888355695858004,0.8381736238569244,0.7893429062529149,0.8744008401492637,0.8119584959297644,0.8149121005274241,0.7866660494705503,0.820307867500938,0.7402885249399118,0.7488688903862888,0.8102663296898143,0.8338484903259549,0.855016759910474,0.7552952547009306,0.7970787767338626,0.7103112498814949,0.8442815796017893,0.7586286487114154,0.7600889437956793,0.6421144981931498,0.8533804645105109,0.824432366057573,0.7795499681991577,0.6785527593873271,0.7691884675392281,0.8667010842393159,0.8118270926743149,0.8403465288334336,0.8473093857486164,0.7674162020231433,0.7324174420994702,0.8878985927731413,0.8419621801695888,0.8874599103883385
0.8146899833170298,0.9121761299821414,0.8483656471531039,0.7825624013859218,0.8017510456759054,0.8677839409288224,0.8175767836287136,0.8958407690305433,0.7661543060650277,0.0,0.8733948822743743,0.8685753115899977,0.8622748528774749,0.8214318908955808,0.8679077293307553,0.8958010015943069,0.8478493291501392,0.8161807836064278,0.8432932770359586,0.791236031301921,0.8252239403753261,0.8542537819229622,0.7678277728168172,0.8226365944438772,0.92730316735434,0.7087943500455827,0.7806954144067461,0.8173804488609187,0.9780130151930649,0.7938711582266885,0.9064005735054559,0.8974989051805828,0.8060161050629633,0.780204832613735,0.8426362304663203,0.8265197686883773,0.8500330387451112,0.8382867538362395,0.8269675428605131,0.8312688910734313,0.7709738447756421,0.7986554357871717,0.8573962428343763,0.855710227114634,0.8661535704158432,0.7734053112033109,0.7470406066803054,0.8741456964306277,0.8344329026471511,0.7652538782547339,0.8270768225657736,0.7282374192382893,0.723103286553481,0.8525827868450928,0.9230653622941952,0.7738836902367516,0.7793232990457162,0.8647266104119854,0.8658884382654967,0.7796930001551272,0.8499125719311585,0.6798350151324736,0.7742552128298441,0.7218442959156223,0.7169900307906312,0.7401495530665144,0.7610746144482493,0.7917429036603737,0.8175272550721906,0.906009731533442,0.7449443177144456,0.8164731039106029,0.718322027350104,0.8495290180924727,0.8444943979173402,0.7995394863502892,0.7871364876703781,0.8787842101221012,0.7297663848666163,0.7599518216155774,0.7699291958594103,0.7077742019874238,0.9064070378484261,0.7897857157777176,0.7610569605329591,0.7728839027570511,0.81405725936359,0.8068138594846148,0.8341958951787052,0.713156565036398,0.7777118132439428,0.7985342777350034,0.8857743876967153,0.7677506080592857,0.7571192066591937,0.8754514974546312,0.6794831013601922,0.7659760024100063,0.6692659227915106,0.8167844332989705,0.8398766281978671,0.8544899032387089,0.721366117109493,0.8239145553322644,0.7910740858923571,0.7593498020839251,0.798197326093851,0.8482113953295063,0.8272019899665227,0.8431460367653052,0.8261968363351591,0.7059004297125197,0.7708130323780956,0.8208993275993351,0.7714148551433673,0.7836403172609351,0.8439358893731277,0.8724704539581463,0.8264994335560266,0.6958567969741559,0.7459593340407656,0.7267761974499851,0.7199016062994308,0.8543951875113719,0.7129928007326898,0.9611922772622211,0.6582628343865069,0.8683810244727761,0.8896120528372965,0.7943361465455242,0.8614344721818479,0.7552791373809112,0.7361333581420006,0.6790019271439727,0.797578274522463,0.7316324433007083,0.8390310595349633,0.8375916425964035,0.850457869022566,0.8366706250868765,0.8358998039449962,0.8888058063952642,0.7839115908539529,0.7363836146256613,0.8685869976091771,0.7418743099293029,0.739612856020056,0.855842652021221,0.9256040503591012,0.6863887841666222,0.7975898190451537,0.8780779812408498,0.7568612676103178,0.8304405501464787,0.8685843329105721,0.8220650122974947,0.7838822839894168,0.8886390134618857,0.8144770462124292,0.7793657027644613,0.7789138156931595,0.8159483726770019,0.8919533611714422,0.7567368239900919
0.8872569315330647,0.8917464268143509,0.7624607861186095,0.8423007307844698,0.8480499909767985,0.8611727601901054,0.8785504106379228,0.8719752921541262,0.8393565576802821,0.8733948822743743,0.0,0.918982959493043,0.9026415247497411,0.8310881840143858,0.847841127770642,0.9328760213319157,0.8978722524972425,0.8170128963754496,0.8978192692189232,0.8552327559149495,0.871316968660502,0.8654757496416472,0.8438889884349161,0.9370765290998986,0.9553924954858759,0.7816404355424437,0.8481730993418783,0.9190356025268479,0.8905448820723972,0.8386043167885527,0.913402220202438,0.9049022757872424,0.7705706476573021,0.8903933799468083,0.9113647031249181,0.777291838292028,0.9342808025279786,0.8293978691908176,0.8963259859200301,0.9097376385899776,0.7151762741830253,0.9090802739798681,0.8108225753416919,0.8915033051453742,0.8963337331251555,0.7599584135361234,0.6377231149109202,0.9256237191910155,0.9150635621284583,0.748033211718484,0.8598117451913273,0.7392155669005103,0.6804094858950892,0.8738348591292223,0.9345863393995587,0.7947327288700753,0.8493620231143838,0.8907634175692473,0.853007830428305,0.801031547664304,0.9004070641460105,0.6026271429253081,0.739178451430605,0.6953229260743087,0.7078879159799611,0.7445960902377537,0.8895766473596596,0.7551335622449084,0.7316439603093151,0.9273425954986254,0.7533928113562369,0.8133997177218573,0.8295880714761644,0.9076680629017742,0.8360708760686527,0.8004050244503123,0.892735244925828,0.9123290747386281,0.7091012850595354,0.8394580383718012,0.701550854932272,0.759560028661095,0.8867496046506091,0.751950285142308,0.8520856782670264,0.7786537243688025,0.9205476743591056,0.7894252471920064,0.8199004312365655,0.8414884137266521,0.822864451183487,0.7948288682158413,0.8627039973675468,0.8305649299512274,0.8286777768351354,0.8141486209959896,0.6519066948350513,0.7541711912050936,0.7021977245494803,0.8506694054845196,0.905618317031062,0.8794544529142465,0.7245570750615693,0.7161293523720721,0.775065577638182,0.7439467681102097,0.7764408427137041,0.8945035486508168,0.7636060416590139,0.9335145816435557,0.9414279573275954,0.7994685196452336,0.8405842364337237,0.925035881748426,0.7559379512100503,0.8695941280958321,0.8369458047259131,0.8831773440574184,0.8273180800495581,0.7214215762043448,0.8531272664651879,0.676527904611039,0.8224738288028811,0.8991564704911567,0.7958517197428353,0.8979687910221144,0.6707955051378973,0.9048029413969861,0.8421142941271004,0.7019282457015846,0.8204622199368209,0.7566065816566019,0.8663011315253274,0.8075365376422918,0.871537969842823,0.6846908193060182,0.8371549201664574,0.8565782008994146,0.8676677125898925,0.8425946257220567,0.7595506063883787,0.901255700777939,0.8455366648721293,0.7184355603106644,0.9362120960766519,0.7784438707082365,0.7500372750903798,0.7468908949933561,0.8405444883244384,0.6799989359761552,0.9332291286137409,0.79750054390032,0.8542236130729143,0.7199040476187684,0.863195010532861,0.9048995897967564,0.9184434383858804,0.9251026650412743,0.8826039899199022,0.8685615688545009,0.6487553327424157,0.8774286880608735,0.7993333943462178,0.9384816402933721
0.7963072495676957,0.8734780869598257,0.7544285807871072,0.896285189589322,0.890679515225074,0.8202290382106121,0.9010304528003088,0.8817603003598921,0.7512930488534416,0.8685753115899977,0.918982959493043,0.0,0.7913183480132164,0.7224042063098814,0.8724543626499348,0.87084861000685,0.8699221862023528,0.7637636596757815,0.9466406827027044,0.7753725581655169,0.8831225784538791,0.813056575674012,0.8733412810277907,0.8987088105558003,0.9190482131775743,0.7445795471247928,0.837100703914998,0.8842106728959682,0.8763811868490748,0.8383862637551529,0.9195402568232148,0.8620994883073851,0.8267214013122003,0.9045110161735541,0.8488137017741583,0.8548222856261782,0.8154981409010879,0.7779821413900762,0.9359615199065457,0.8756848936566132,0.7918450281292412,0.8355222319168738,0.8126982577466231,0.8755500834680411,0.874097897187963,0.7582739248085153,0.6522222978993354,0.8305494811422401,0.88542915379563,0.7581008920771791,0.8784080166575872,0.7488028672033873,0.6817158336990218,0.9107316203859119,0.9566726033692401,0.7092463494514742,0.821806528999763,0.9585795940280387,0.8111083639925464,0.811747345139963,0.822654847037191,0.6001234203919834,0.7338258458602203,0.6781736201959289,0.6861524902511273,0.6973050378238096,0.7667596665604058,0.6583745228037393,0.6912842937790195,0.8630168666918326,0.6828179222126209,0.745922887553082,0.7306055091636664,0.877861979504438,0.8026067095550845,0.7435124852641617,0.8489489553699138,0.913948298359135,0.7197035778012377,0.726018442795193,0.6575827225182383,0.7667081430421792,0.828645366793139,0.6865459498608999,0.8409181991653059,0.7511797238842634,0.7969437367690267,0.7724737108865437,0.8029120007386579,0.7346219710354602,0.850475602909738,0.8608745618244339,0.8926398727395525,0.7784864330166141,0.7698620673061126,0.8023726731521944,0.6434336966036717,0.786627944569192,0.670760901235289,0.8324856111857776,0.80328891962958,0.8741656400732413,0.7946110264578858,0.7939977109197125,0.7699917656570943,0.7279629838012077,0.7977779977856083,0.859487616398213,0.7807499004705156,0.8415370879937155,0.9557886113642506,0.8087508602365594,0.7338841523028844,0.8582336129633245,0.743774721772213,0.8302396975853361,0.8217044268264073,0.8634059622516973,0.8235656407500254,0.6851063296775061,0.7800001972260959,0.7304010200032042,0.7302984323372966,0.8705440924859252,0.6688572875064615,0.9087834716271175,0.676177755809663,0.9064896428880116,0.8724126944387898,0.6569095775177776,0.7584993809955134,0.7088129194210555,0.7281377738931485,0.7611928250043412,0.7994912305982831,0.6196809831314981,0.7777884704665762,0.8473745154927643,0.8457040270683646,0.8859591723864463,0.7499030522098673,0.8046067286631897,0.8532549572112228,0.7484649550799515,0.8458968279654883,0.7793213298608276,0.7592465918239264,0.7475365132909686,0.8288083361240153,0.6769173615340858,0.8848778631936103,0.804464028671962,0.8614047121780007,0.7430213346262927,0.9241658063111534,0.78360717173226,0.8069899978672119,0.9012490614601855,0.8324402041988518,0.8181224605690476,0.6274736199600728,0.7928063783526068,0.8075441848952343,0.8418940671285017
