0,1,2,3,4,5,6,7,8,9,10,11,12,13,14,15,16,17,18,19,20,21,22,23,24,25,26,27,28,29,30,31,32,33,34,35,36,37,38,39,40,41,42,43,44,45,46,47,48,49,50,51,52,53,54,55,56,57,58,59,60,61,62,63,64,65,66,67,68,69,70,71,72,73,74,75,76,77,78,79,80,81,82,83,84,85,86,87,88,89,90,91,92,93,94,95,96,97,98,99,100,101,102,103,104,105,106,107,108,109,110,111,112,113,114,115,116,117,118,119,120,121,122,123,124,125,126,127,128,129,130,131,132,133,134,135,136,137,138,139,140,141,142,143,144,145,146,147,148,149,150,151,152,153,154,155,156,157,158,159,160,161,162,163
0.0,0.5600568737151101,0.5023606327090714,0.49880715427572253,0.4661171859000948,0.5243790928737353,0.5158470195652942,0.5298874840654754,0.6025865359908076,0.5050571690281397,0.5535391110013537,0.5244181806906393,0.5745117652169497,0.5031487854448476,0.5151197309886647,0.5483353593657034,0.5730583356407293,0.6559259514413581,0.5830885768013317,0.6953641351623008,0.5975467474455984,0.5530563924931924,0.5192071693811605,0.4977357503633151,0.6178923342166168,0.4910898341601155,0.44172336198795914,0.5449056289226419,0.45737043995739246,0.5327001756484928,0.5875829725918651,0.5819708022768867,0.4854285907816126,0.501530796349303,0.6135393597924503,0.518439914764198,0.6230631925102902,0.6189692309869482,0.502225358983219,0.48547813850639754,0.5276831013280047,0.5475743499512543,0.6005395768234696,0.5857508160981819,0.5546996378885419,0.5809036725115163,0.5285925159550701,0.5430733881680087,0.6276765407165427,0.636406073827556,0.6264914002168634,0.6011055913685617,0.5373039847715304,0.5602545977846374,0.538589493415182,0.5489002763319387,0.7079760632291416,0.5304240991621811,0.5678348214053291,0.5481984045715297,0.5254794483779913,0.4594141006937605,0.6041006672683824,0.49401164848007834,0.5969089723369294,0.5955877650742671,0.5227318593223396,0.5819477491298999,0.5725589261392491,0.5750891829383694,0.6720101755779884,0.5773720829610256,0.5633196468426861,0.5836168958691361,0.5737792413590365,0.5929900947775999,0.5050028560593836,0.48612973931373554,0.5574309605816308,0.47193687619505365,0.5389078213962675,0.6250989990928969,0.5670440529151437,0.5358876710499981,0.5809065562761874,0.6236576225395305,0.5334286352130113,0.6016489042771628,0.5586797874003626,0.5193809919321565,0.6027975750175653,0.5402432429573928,0.5906616335586978,0.6405486520852697,0.607064634371612,0.5553590682291525,0.5211236917568814,0.5332954367193424,0.46250163985978876,0.5295495104347603,0.513843851971853,0.4875596142162132,0.5247984068543917,0.5209024425817783,0.6106999413655846,0.5551216517051839,0.5350290332945544,0.5382029381295582,0.5320586912908744,0.5552476379548044,0.5664003984867034,0.5825494951418864,0.5778718959136748,0.5070720424869618,0.5701972079006117,0.5376669374965267,0.5748062231783945,0.5684267334682014,0.5209331366686485,0.4861657899753203,0.5604025450910759,0.5023038874321556,0.5696958136176821,0.6004415324311717,0.5625366157932388,0.5207099831836938,0.4809256569425291,0.4690450989446896,0.5112106935266661,0.5628680151037863,0.5308177142935349,0.5421571254296764,0.5234753392768605,0.5513429503223417,0.5736388373369526,0.5580051897967319,0.5797196533262411,0.514553398641929,0.481208690397954,0.587493339390353,0.5200272472429023,0.5244987492322373,0.6077444227628195,0.5432537440574433,0.584602621440282,0.5520938992057821,0.5796486532269153,0.49236044964123454,0.5928541172888375,0.37407824260639855,0.6288336751951772,0.5621849182455997,0.5890501441808386,0.46948354632783945,0.5564247340102673,0.6054615207026327,0.5287319906867509,0.5218364179534889,0.49083774133730806,0.5668142120539654,0.49612405130841725,0.6181872161807244,0.4967292374933658,0.6220087352090892
0.5600568737151101,0.0,0.5432932767664556,0.550222075522507,0.4407630170888313,0.5305790492387709,0.5464169867596381,0.5352531639445083,0.5122457478157572,0.6051964651487725,0.5475828314287257,0.5515001593793225,0.5880148769368044,0.5675069937064744,0.5198296863880713,0.5439423793950093,0.5648534679750264,0.5466396525152356,0.5152045537772807,0.5520493368369725,0.5433986566124184,0.5720020859459346,0.5301378629318783,0.5227349895441401,0.5678241595144425,0.48724241555556264,0.5015869821635202,0.5377715971308878,0.6288827502172287,0.4813337339823897,0.5508321355907743,0.5380459699454367,0.590921351066687,0.4937171113669642,0.5603012946520042,0.5637279919496355,0.5676780333439686,0.594980401732681,0.5249104940096551,0.5501291043558395,0.6270642485665356,0.49696236469288935,0.4760808730379951,0.5460337658102776,0.5823992047119454,0.5581255121467201,0.5029717275751455,0.5057903159842896,0.5837792199924811,0.5457825571432431,0.550761283451463,0.5468724807994781,0.5358808836097695,0.6362152938319984,0.5929409035227272,0.5620943005788518,0.5619579939743709,0.5049829477080162,0.5407972166605958,0.5992656683162679,0.5493611124981478,0.4550617279108233,0.49504582806071923,0.5014154981007469,0.4764473164945433,0.4950796476110707,0.5492058577752443,0.5115721892398911,0.5049308406925425,0.5102860839335811,0.5461213439386909,0.5710457033788359,0.485521110844254,0.5699722354267591,0.5642630725178166,0.5324610010600546,0.5022676216337022,0.5447962374472625,0.5125976960380827,0.4644945409443803,0.5158275555802205,0.5175863656385119,0.5996796817026101,0.56332206781476,0.506256714806364,0.6535551270891898,0.4623579402090994,0.5042593274363142,0.5592920625224153,0.5815953884139577,0.5261550483618372,0.5351032965120435,0.6079652962170479,0.5537914417450224,0.5695873761492829,0.6292957629263725,0.4942767461734411,0.5292491078132772,0.45147991696248263,0.5685914565182406,0.5720860072287663,0.44399049253031464,0.46239275609853103,0.5338176668802551,0.5282007302715805,0.5360620832918509,0.5189105051128582,0.5440500136344223,0.5956317016522358,0.5730118143287225,0.5311794399780435,0.5068737391190348,0.5261753062301395,0.5095512490194986,0.5587934566155698,0.5849288012786751,0.5256750578306063,0.5060247221084783,0.5269602391071658,0.5147311279742895,0.5295249595049073,0.48840411942469075,0.5035266951582458,0.6006395795242602,0.49394431622035223,0.6432157420510642,0.4780046514737622,0.5247621579210084,0.5977543653015756,0.5866458716429983,0.536789825829743,0.4995861798391291,0.5209619177572271,0.5345588862085766,0.5317987113872085,0.49235894070642183,0.5493326955110911,0.5521589915051689,0.5168782503082522,0.5404024816144205,0.5522385053763598,0.5340990086334125,0.6108941915003456,0.5220845200682581,0.5901806519157776,0.4680018053384898,0.5502397501275089,0.5587943390676281,0.5849470207320515,0.40144978226505734,0.5067683803065365,0.5732216174305791,0.5523136699431704,0.5474027210518372,0.5537909712963424,0.54890265263891,0.5479156473893594,0.5552026419064509,0.5491203937282716,0.5224160849127713,0.535991959633862,0.5435803506033217,0.4863418002758288,0.530366029137302
0.5023606327090714,0.5432932767664556,0.0,0.5145554790598298,0.4838606696742087,0.5257853715273062,0.5131946682896554,0.5196781073940568,0.44049089871122776,0.5966301844505647,0.6052341679533169,0.5394823068280359,0.5934946432717088,0.4425176241753776,0.4748984204718627,0.6363711214060395,0.6026072368582325,0.5195539818291155,0.4906330102290493,0.47439142851799704,0.5977501163099289,0.6115676881140713,0.5009596182139613,0.517363457653466,0.5482310559588925,0.513707954496273,0.45857627653638333,0.5097014744198518,0.5194784164988817,0.5012867402881424,0.45088357195907175,0.5288566474629358,0.4887473143151622,0.4458965184662321,0.43592364780846027,0.4673886057192025,0.5622480807177217,0.5066547660954024,0.4762099488940807,0.5170996164654573,0.5080129412951164,0.5169286064259246,0.5100645949291653,0.501926300692065,0.5099375476491332,0.5204942827492813,0.4942500402714784,0.5359278384687802,0.5403533388601567,0.4958463497723285,0.5547664566502156,0.5352914040652273,0.44190911368404395,0.5840753890417476,0.5370619468411142,0.47818279056364593,0.5180446509271689,0.558137268719338,0.49205934305718685,0.4802709675872049,0.5257187018340984,0.40698933502505835,0.5300574257566321,0.4202307999316381,0.43633022675619365,0.47494250213570394,0.48959790307936396,0.5601791210841757,0.5386065646730783,0.5328913852325522,0.5231223495395596,0.43750593122943926,0.45307940426800436,0.6300552177952259,0.5364660078866711,0.4367653814405492,0.5767064192978367,0.5638643268374984,0.46901859606491675,0.44348322661299355,0.507054130407913,0.4730385837661805,0.5819312039456052,0.4904225485792409,0.47143847545033085,0.5293650379835935,0.45892323416836756,0.46017764665694144,0.4780883890711673,0.4673019261031344,0.5438939974306295,0.43218912440229457,0.5398176716993106,0.4628317493713821,0.49633275838648444,0.5371846200745266,0.43288574043292,0.46018434010380754,0.37518091766976736,0.48105839356341973,0.42778166981005683,0.4933354407845987,0.44115295419149475,0.49444818041813,0.4545267105854916,0.5510169309122602,0.5331699012174167,0.5301227746127617,0.5288581213234268,0.5718778312424015,0.5333844004311611,0.4605950269853401,0.49082850611893514,0.47033886551859005,0.47008576230641147,0.5449665365703643,0.45447000667270915,0.5274164960259499,0.5762636814732307,0.42622700401306274,0.47925801861918405,0.46478718842463274,0.4459673786116581,0.5656665387512002,0.4006770253788733,0.5685835279412683,0.4355798177249312,0.49330460389245007,0.5161102822962909,0.4991835060789532,0.4712086316139842,0.5605533978855369,0.4498880783424601,0.43243160489716026,0.4910485482655174,0.42916589788979864,0.4869670974551301,0.4573043357689266,0.48713453825111186,0.4961657551951678,0.4641241755858023,0.4705392970182237,0.4975372376717075,0.4701140018709921,0.5259894217225045,0.4502185257215786,0.5101982938218169,0.5440095234043438,0.5437106710888269,0.3607346879049718,0.4496032515966085,0.4653239200403938,0.5339299832388655,0.5716860527631082,0.5508100514455866,0.5115488248013389,0.5319771623350307,0.6068158688866342,0.4297430914078252,0.5034736832880077,0.49590731978947444,0.4361460851953267,0.4445496913740601,0.5076412646927582
0.49880715427572253,0.550222075522507,0.5145554790598298,0.0,0.4280514208467429,0.46432145758684684,0.5769378783756591,0.5405644542529564,0.4563740660825412,0.5360247523675999,0.553677270064732,0.5059667165321081,0.5475392829581304,0.4955427285555361,0.5092240818884399,0.49744699487673033,0.5214951387511719,0.5282596191589451,0.47756982744562343,0.46396522002015417,0.5257199829484686,0.5336939518833492,0.5641313248678653,0.5067367051132416,0.5332026095909337,0.5464439946748254,0.541846229007163,0.5384061259326489,0.492005177828221,0.4320507636577091,0.48086058855140096,0.47300654279024296,0.6200640679337006,0.48199379368208417,0.48159363989495,0.5061990621897742,0.5513732362787741,0.5269572527909513,0.484561694777357,0.581941934715327,0.5649277468153104,0.4759269940070396,0.4659597442577478,0.504799126473201,0.5592976232390398,0.5237295413957134,0.42988701249324857,0.4744954054249082,0.5679471151538625,0.48558521506345,0.5560469093787048,0.5173406866387122,0.44902813549482906,0.6323925780713369,0.5586985646213343,0.4768374580213118,0.5100284593511739,0.4981539871695746,0.5248498798842526,0.5116873875354289,0.5540141551732508,0.4074512477179087,0.4820609144772007,0.4382525011019313,0.4398116788282987,0.46992847987322106,0.6004676726530084,0.4979150918112017,0.5093033084064816,0.5460064977933389,0.5118228434801575,0.4837336633364625,0.4890129024027192,0.6148377356299799,0.5036453643554625,0.44893305956614254,0.5569974306117124,0.5228362691631777,0.4983187525578026,0.4163233816804835,0.4593717454628351,0.5181267681621304,0.5076522110647251,0.5039840255900675,0.49756976104343836,0.5558876072458159,0.4734321693460837,0.4935765667857299,0.5038272340447332,0.5182288944899549,0.5456529699189392,0.4862937683630905,0.513827419105934,0.4718154749128593,0.5680505279823929,0.543717136322994,0.4421081532668149,0.48870302557495515,0.40250798031146023,0.5583144649023655,0.48281921046753634,0.47679430484093904,0.5157689837835774,0.5171599116488967,0.48535310780964963,0.5006026283347493,0.5015800930367044,0.5175954785689701,0.5419293048093438,0.5039211245418562,0.5457128666793865,0.5024983797944349,0.5205814483377139,0.5078920413420968,0.5080941463562331,0.5454588595056118,0.45620482271794444,0.46156803986819084,0.5351293680703463,0.48651030317866933,0.4713236955988023,0.5426571121449598,0.44915627657691864,0.5489074737672789,0.42773480769037087,0.548434118732137,0.45639306428360976,0.48272300215175745,0.5180942459153015,0.5367847432926633,0.45119448842391086,0.4686532030523889,0.5057472851628689,0.489896014870101,0.4921735596207311,0.4153170073990748,0.4365095695812759,0.5226316698811423,0.5345805584796389,0.5094908088283204,0.5552006281032856,0.44814258953107733,0.5630231301910581,0.5004352586365116,0.5357878453517277,0.47370707000478374,0.48461884389525167,0.5037202391743844,0.4900777972873115,0.3525226618679076,0.5057028738261832,0.48019202062279615,0.5256486431615349,0.5126987534798592,0.5595405046343753,0.5448358223400783,0.533777159922897,0.5514799653668933,0.5673423269498894,0.5193616656365518,0.5017413629071479,0.46549450266619835,0.47973384164985033,0.5218093814123212
0.4661171859000948,0.4407630170888313,0.4838606696742087,0.4280514208467429,0.0,0.4129207779395759,0.5160958354468119,0.39500129703052556,0.43055279171503047,0.4122004590618897,0.5156071718039525,0.48792273117770335,0.4251789317142807,0.3928353559076125,0.47625615919923636,0.47807703448467687,0.46309428098729755,0.45144702632927963,0.43738723580467737,0.42686610398152575,0.5156450849291921,0.5294674205605319,0.4538864124912876,0.4977057357924593,0.44442182494769455,0.46788454835251664,0.3888051579230655,0.39511625855475113,0.4286781099511864,0.4998849835262332,0.4351514246438479,0.4280490151694544,0.4255376090883065,0.3934108457532599,0.4360327653643654,0.4361496204631372,0.47576339717671035,0.45384171226736725,0.4861332589580209,0.4429771460932143,0.46784908428625943,0.46858385473462016,0.4817076045549763,0.5315642535547409,0.41424406503577393,0.42645995850910207,0.47793592439238985,0.5125800053838057,0.4982055773679028,0.47944880495965747,0.5029019938119401,0.4724667242893594,0.3977581100745221,0.48174552260782544,0.46825786138293046,0.41747878375285924,0.47183099162585934,0.4883211685763585,0.42452763210712735,0.4215344708964701,0.385512730901774,0.3741813073536217,0.4483825166908582,0.40684747384314424,0.43291297044344523,0.3971780959256645,0.40891445155994066,0.4918002462740729,0.4345604915400953,0.42249228701554054,0.49301348773567083,0.41904263468916725,0.40269734393409057,0.4689375683931863,0.40895483670272126,0.38593329775173607,0.4610231589683131,0.5493669842628969,0.40418510701434407,0.41019056369257806,0.41442084234898574,0.46533235613194335,0.5121934249148944,0.3832820307158136,0.4304281281461104,0.4440170547323516,0.39200724626541134,0.4258987308806453,0.38268263838030897,0.41916136672013826,0.560061454254971,0.4213115283301094,0.5196394663743533,0.41307787922391215,0.45672264362801507,0.4691433129422499,0.378330140276642,0.4006212161315168,0.3891292384836853,0.3881983393253391,0.4059745718162286,0.40323308339818026,0.4185607861892378,0.4238739454615784,0.41301297676238996,0.44364415471590074,0.41203389576655686,0.41783525000759353,0.44641504090106193,0.4755218501636747,0.5001896539540082,0.4692595248067166,0.40281257037191437,0.4021390964179203,0.4086733745695772,0.44594618685672177,0.38852724365980157,0.5015983733098232,0.4420302485896177,0.38537631826704,0.5702058918233541,0.3996276714650107,0.4111686140807626,0.5005045285518782,0.4128950382472173,0.4476086338621822,0.38901338215835063,0.4428476784208454,0.4107180211362087,0.4484153488794402,0.39728312405431826,0.4537020472152536,0.384295399479371,0.4371771242386137,0.4499424538140957,0.4468640587562495,0.4492265285499298,0.46325898115063946,0.4117475006744322,0.4701124561854232,0.38967088133222727,0.42977389864637294,0.4493584805996994,0.44062476454563954,0.4896671534282926,0.44056100793330183,0.5486932620214185,0.41772719247769413,0.43579629280541743,0.3333946181207545,0.4322826610144558,0.41237387182476554,0.5022928054873516,0.4648494171141194,0.4576577495306142,0.43984284421239433,0.43137737605037124,0.4676219493109243,0.40473883452428283,0.440789558364394,0.38536348599897347,0.41544768716309993,0.4052578243287822,0.54759915316201
0.5243790928737353,0.5305790492387709,0.5257853715273062,0.46432145758684684,0.4129207779395759,0.0,0.4407944263793293,0.5370564925511985,0.4886762702369821,0.5192593362570022,0.4978489759580756,0.543891402891388,0.5475287237698422,0.44613933755769153,0.4100276160185534,0.5863932565519223,0.5566868414493916,0.45925826814505416,0.5339742461234864,0.49198659343933626,0.5575305866653694,0.4678148680295001,0.42999514379772225,0.420313462603239,0.5520390889896185,0.45564098205862485,0.39535132145622337,0.49043714760839163,0.46379505532161325,0.5249263393768525,0.4939690997613425,0.6319310827131616,0.45020479264685814,0.4816951594930541,0.45381446730808456,0.4799753870280041,0.5438686316906233,0.5229716856081318,0.46119490005702707,0.41921679427797104,0.46803191486616125,0.5308920303988721,0.4798139574308688,0.5115095522307878,0.4852339624009736,0.496712283864536,0.5010772114734761,0.4983630681308138,0.47464197709136685,0.4894523870652418,0.537321395095105,0.5762054086823334,0.47141780867197164,0.5254581099476732,0.5072923203248143,0.5980357676202205,0.5333870452070903,0.5857770909869938,0.44095532136862275,0.48900942816018805,0.5497271261146536,0.4919089640995159,0.5701492679125709,0.42547262529501606,0.4456624830361985,0.5129491958379285,0.46602599566195285,0.508993192787285,0.45516854489394687,0.5183301707182922,0.5307116806754949,0.45025069904069875,0.49960717160609647,0.5272950778519355,0.5975705969257268,0.5147824670196344,0.5023328651775064,0.49101207242663397,0.48443737619337435,0.5579030077295734,0.6128202254298137,0.4914427641730772,0.5551111688904413,0.5481648804468209,0.531513495543422,0.5352915913547288,0.5376828589419648,0.4708146686564347,0.5463029268402487,0.5022562110613841,0.5061170598069265,0.49620292855154835,0.5084081360939009,0.5293514531691378,0.49969235946739865,0.5502399794525461,0.5128448861509128,0.5365805108988432,0.42757620045787215,0.4999102551686805,0.45627071321235313,0.4853141868521612,0.45889645193695805,0.47839784772565247,0.5192318673562993,0.5353210959572693,0.5572603846857112,0.5116823273504835,0.46429261234989594,0.5266297937540513,0.5293655246329094,0.4758818866677552,0.5862813110919851,0.5060071020914784,0.4936895278261166,0.5130413181069923,0.5445029717952589,0.4587217470209214,0.5543178832414287,0.4918778908050722,0.45065863123442224,0.5144340405397397,0.5162434321322925,0.5622507385842412,0.454757493407183,0.5355998446541101,0.49798881387400806,0.4786473907640332,0.5353159794034178,0.44164855955523846,0.5625961709694542,0.631726276851893,0.4995264083589853,0.49431131343153384,0.4661210493595469,0.4332223672822705,0.5011904449738184,0.4078368689365168,0.3943834057131272,0.49841815148965435,0.4552919846342551,0.5550954238661231,0.5188312759670101,0.49802762986173926,0.5284147953670866,0.45309171488045247,0.5135713085210698,0.5220426288223858,0.5403483846080904,0.4150656557887122,0.4846116159171778,0.519091635745465,0.4632998968459506,0.43448615289234677,0.5487533897178221,0.49728325569595205,0.4558664923874981,0.5817265571892639,0.40662464017844296,0.5720381821972956,0.4696059510805175,0.5280368404524234,0.4810650814727192,0.48072956857184856
0.5158470195652942,0.5464169867596381,0.5131946682896554,0.5769378783756591,0.5160958354468119,0.4407944263793293,0.0,0.45331197994870415,0.45662623929998514,0.5223800849980224,0.5359503161387172,0.5126607253319589,0.5060812913410141,0.4779759625664366,0.5662427974491795,0.48288068279967955,0.49907843133164603,0.5293003309342315,0.4643682754349245,0.46562594768963445,0.5435408195668173,0.573942193700804,0.5793317131132366,0.575656370838669,0.5280286552752272,0.5351862215474666,0.4726473319572365,0.4622263723230977,0.4945114177265771,0.44890617110498543,0.4896823875079814,0.4740827312028306,0.5437129634447014,0.4624524643999125,0.4987552381392797,0.4959980079271389,0.5584964990957447,0.49035476651208054,0.4998767114966595,0.5873798270331307,0.5457595730467532,0.4966458025504184,0.4896883702646766,0.5624067398482084,0.5140787732692024,0.509516436080029,0.4920055684101721,0.5120596367018383,0.6523584037382355,0.5087033674785244,0.5814479394601453,0.509379406369845,0.447065331771728,0.6019527628663455,0.5504917488591132,0.4855023788073392,0.5101414042380873,0.4710855881852474,0.5655587146572774,0.4931908004716455,0.46013334202589135,0.400476771409602,0.45762182087068715,0.45114353685797387,0.4745061387369805,0.45494438308355095,0.5536345083589617,0.5587682829589263,0.4898283085239682,0.472216906055866,0.5435933690191816,0.4945450823197442,0.4658000559925905,0.5815280074025226,0.4444341425271697,0.45401427886825524,0.5379891214275819,0.5927999098007343,0.4522521901642635,0.42219392143670154,0.45041828739737144,0.531435269261952,0.5470647107764381,0.43226348865699693,0.47891755012530135,0.5089017630291766,0.4298421329000025,0.5089962641338334,0.458507204287688,0.5035501058260075,0.5697862638212533,0.5068953396482221,0.5502724979465289,0.46850887878701614,0.5631816229747485,0.5597470042698608,0.41564506238844967,0.4722095886933532,0.41553443114892996,0.5050102812752235,0.4796365625636815,0.4433024342992269,0.5065834599788958,0.5043829458722087,0.4591981353345247,0.48909931910253784,0.46802436104805234,0.48109478946171635,0.5647201742268286,0.5571791837084735,0.5877949617427706,0.5116519756857917,0.4860174100955116,0.4497164644102859,0.4677441374565487,0.5030248060132015,0.4423248804337345,0.5213794740087667,0.5139573231566192,0.44190583832258257,0.5321578312014457,0.45340585777335524,0.4509509617074011,0.5811791427346824,0.44645500912141023,0.5264225083645633,0.4431106321307154,0.4801689684947386,0.48019842891018444,0.5539066566628498,0.4310899545732655,0.451219777090729,0.4394513864614217,0.4709757244683213,0.5015260792048025,0.4626057603171145,0.46079302599651856,0.5685569930661621,0.5056257377225769,0.5101244556599679,0.4917249454949361,0.4549783361305017,0.5714531049779396,0.4917710554491896,0.5565730011738531,0.5164476229477248,0.5254156088105839,0.4866394920568623,0.49308333417952044,0.3369162829609779,0.48629045867353393,0.47071879622603663,0.5248646672252759,0.594624086372077,0.5295851326408705,0.5293629562464277,0.5134884654198223,0.5362224927119613,0.5378215543536633,0.5076303766422733,0.4823669309429584,0.4645974723506975,0.46615972906295144,0.5503350058157277
0.5298874840654754,0.5352531639445083,0.5196781073940568,0.5405644542529564,0.39500129703052556,0.5370564925511985,0.45331197994870415,0.0,0.5195562162636471,0.5343584479160601,0.5211633604097535,0.5417327595775508,0.5835671407454742,0.46907294484208284,0.4611781681260239,0.5599395674553935,0.5337057448473174,0.5167762168879964,0.5320287700934111,0.5268042937426817,0.5325675876783025,0.49681046782168303,0.48655062226484325,0.4418950570789578,0.570322803302397,0.48992427556854307,0.48603281198597514,0.5514983687940979,0.45185131639391396,0.4874884089021633,0.5450623378145663,0.5525422179933318,0.5058175611342239,0.506377590135893,0.47418228633532244,0.5151026335562162,0.5746933243885711,0.5868505314248154,0.5028858288439695,0.4608971306638488,0.5043923157166788,0.4806552901782327,0.515159928723815,0.477501384258091,0.614011822477156,0.5627535653778478,0.4427618166547356,0.47413122039922445,0.5105683554495438,0.5163365963564419,0.546194482491205,0.51475899748329,0.46147557352740043,0.5558772719632987,0.5472290431989992,0.5091802330264181,0.5510360089957925,0.5666444253555624,0.4763714486239847,0.5365597375713239,0.6683542610822835,0.4582704440662653,0.5464646593372204,0.4436907898297109,0.4525794427665788,0.5314127017838627,0.5362102514695696,0.4982333283604006,0.5268942334814024,0.678967343020459,0.5383384544244557,0.4830271951581977,0.4947867502644583,0.580407458611564,0.6168719747615051,0.49127636170813077,0.5479031453967325,0.4665295415970363,0.5780511895370148,0.4291153747764644,0.4932852601228989,0.5295198835296879,0.521829215569557,0.6002814738557651,0.5277088418798924,0.6213076664134819,0.5937093004688861,0.5188055070646553,0.6052738306321354,0.5464945460013055,0.5141998394073071,0.49215533395429195,0.5111777158839738,0.5098125786570543,0.5181539996061367,0.5466277973097684,0.5420100699626452,0.51798083542844,0.41065728092733983,0.5488684195673952,0.4831206337876531,0.5931944181701121,0.4964774435914176,0.5181104329344823,0.5552800224597453,0.5575347975514486,0.5852556102766044,0.5295959903570845,0.49872998552643555,0.487233814916625,0.5050377883328167,0.503721841920064,0.5383587438859935,0.5658463098869839,0.5336833146530168,0.5241092996857358,0.4994793483272823,0.4821697264433485,0.49078886313800635,0.4953478245276581,0.45202081628597923,0.6498081498060471,0.46702889230144706,0.5364824749469117,0.43459666803551694,0.557395348217528,0.47584722584840966,0.5246465216796761,0.5314105069295546,0.5078274873346756,0.5315050392165104,0.5454326847702695,0.5776181060718694,0.49535285382535243,0.5153165391935155,0.41984882782710864,0.4868179196302701,0.4519509100024132,0.4817419656372976,0.5700343366731657,0.5098500319755792,0.48866383993447465,0.5390113052979508,0.5198808922552672,0.5338158709319182,0.47032942792197235,0.5125912377022701,0.519609401772882,0.5509468839307238,0.3848722820526815,0.5492502362804959,0.4947404428014209,0.5213689075313818,0.46604009207624786,0.5729105433206861,0.5890952906112872,0.49588909874060605,0.543993937751417,0.44389670550269056,0.5232961272687793,0.47678747077185274,0.48783537173044955,0.4955791564302145,0.4861235756437844
0.6025865359908076,0.5122457478157572,0.44049089871122776,0.4563740660825412,0.43055279171503047,0.4886762702369821,0.45662623929998514,0.5195562162636471,0.0,0.46178542452057303,0.4874959392563278,0.5095080832314901,0.4709475781601785,0.46829434641513856,0.4592962372794961,0.4768963861866056,0.47926311607177396,0.5209454330559694,0.5446337847125706,0.5679845139348778,0.5106899378383513,0.49795589842383,0.45977461596237296,0.41991737686646036,0.5451359627366111,0.4197694029484078,0.42644401178246116,0.47219358793486577,0.4183099242129262,0.5447392746847295,0.6058164904641012,0.5150597424433407,0.4380980561403381,0.45070392093120853,0.5537207908603947,0.49626889846315253,0.5208312105736328,0.5851718960987426,0.504209000487108,0.41264491413936827,0.46604845377413473,0.5450599607840131,0.4948043304731961,0.5006662467169167,0.4833674333684799,0.47495984818303055,0.44771558140856715,0.45779745326992843,0.5132967842472967,0.5436477581353746,0.5214206740405654,0.4803901121490382,0.48930212073686347,0.49102924047524854,0.4870355857960441,0.5459248138256305,0.5672020349084821,0.5205324334366003,0.4800893062436705,0.49247036882007744,0.4814042204223944,0.4502479464328949,0.49420755233956837,0.4777044233760662,0.5267321796360709,0.4891573860190876,0.4763316490103758,0.4852850171532557,0.4902953957258005,0.5534689049775188,0.5572929791873126,0.520015438688627,0.525101857227029,0.4861960083947304,0.535043379935811,0.5062285509245966,0.4551091161510305,0.440951390986714,0.47718969507953435,0.43037037469878914,0.4747256783920695,0.6332525671869712,0.5204491561007853,0.47677751177140537,0.5437334056235599,0.5576835630377756,0.5398656819393873,0.5468196914297586,0.5037334376262064,0.5375770966636186,0.537780571884322,0.5660037365436239,0.5183476036158374,0.5220044981477076,0.568784693187755,0.5262374053236805,0.528315346397478,0.5019159425619731,0.4859515314869089,0.46079819278865347,0.4973001345446558,0.46841568465169336,0.49391229656080027,0.48541794565830804,0.5765467852532526,0.4620830553782816,0.47095220418229017,0.4820182556239768,0.44267291803469394,0.46838839168121715,0.49693574843130683,0.560430031854901,0.5094164941811866,0.5543618611526729,0.47109168176551697,0.4654662691723005,0.502648816797699,0.5067833507664283,0.4378726699320975,0.5059151919823309,0.5027263212884652,0.5163680039739418,0.4929634087504981,0.5085141226432353,0.5854579746873152,0.4603913959141832,0.4699274253407333,0.44520864000633653,0.4523039917550049,0.47795621064900423,0.5749750055557906,0.5117048610225526,0.5146921170552483,0.6171658322706643,0.5227915298920525,0.4837120515430903,0.4829618878831808,0.44426599946556905,0.42042807863670817,0.5888928592855264,0.45999775998519277,0.5171263344172898,0.5835273171903484,0.5893963242292739,0.5329374335267955,0.4869327676294722,0.5866095278727755,0.4453860773858903,0.5251763404473084,0.38437522453257555,0.5940637402783782,0.5301733741049933,0.5518869306256674,0.4184392438812429,0.5103304430597067,0.5552206471670127,0.45006000326532736,0.46213788621166807,0.44145252514970673,0.49976331965703485,0.42533175529809314,0.5967288385727919,0.5280060396103965,0.5569180085322165
0.5050571690281397,0.6051964651487725,0.5966301844505647,0.5360247523675999,0.4122004590618897,0.5192593362570022,0.5223800849980224,0.5343584479160601,0.46178542452057303,0.0,0.5217662191940298,0.5257545861222984,0.5699772373943673,0.47799563166956033,0.46206993273356395,0.5383343862124146,0.5623476596169077,0.5322578261395517,0.510672198428397,0.492121980170766,0.5462960645384112,0.5350347755628411,0.5371672773578847,0.47473296240063856,0.6192529493513174,0.46323057623005753,0.4808988175274961,0.5488663691544223,0.5439763668681489,0.4668047875019553,0.4766521267496457,0.5444948730916657,0.49481755039826286,0.4763932139589946,0.4616269594690043,0.4816978328217095,0.5374310395751065,0.5146843186562289,0.4557068083779664,0.5092986392757952,0.5069942212892328,0.522978680048607,0.47478111334728235,0.47972824105102857,0.5299187625231149,0.5287621964672521,0.47330940619627193,0.47339446708993993,0.5658040325158352,0.4824393707630749,0.5271670650126566,0.5017978069403902,0.47167141273505037,0.5642160981683956,0.5329237146141161,0.5301041207741638,0.5119921850101798,0.5017658593153584,0.5567977289133291,0.4964122619818523,0.5424250341183933,0.4150575862271145,0.48300245090359945,0.447025831793272,0.44924731191465855,0.4917916210865775,0.5244140191129433,0.5123100752779749,0.5374598737805224,0.5338873521254981,0.49502034373288745,0.47330923376056067,0.48170428306863167,0.5876900526759365,0.5495271063963,0.49087615828623143,0.5172599718551291,0.5067553204826145,0.476276054522034,0.4383426714607729,0.524368169762727,0.4836445584826788,0.5439884853570174,0.5108714927740233,0.4960159583546141,0.5448608890307587,0.46725624978217034,0.4921117971015685,0.5433752424812014,0.4938830952029266,0.4985703270809509,0.48076241772392536,0.5194507449971889,0.48549207144475814,0.532442528463107,0.5633275464627235,0.45031805247766604,0.5218781965939925,0.3965432864384719,0.5341511340114119,0.45880246885790055,0.47661785654144195,0.4760935584511134,0.5705208551472593,0.47706498169329553,0.5152274227767724,0.5387517470095851,0.5856502032306035,0.5364718268871405,0.5593022283180719,0.5253754973977375,0.46965730301413494,0.5240083102446785,0.5137979368578286,0.4779979139178527,0.517870239643979,0.516133068624154,0.5190364259465678,0.5707358979781965,0.4643570132277938,0.4425279434480409,0.47890139666894355,0.4660147083951135,0.5445980145917441,0.42871799527934895,0.5695485249771591,0.45705496987438615,0.45568761923749473,0.5580341425470187,0.5070826547005963,0.5221140540718132,0.5078563877792396,0.4693893372589628,0.44674698205022706,0.48951716100871373,0.42878489205434406,0.4775794518487659,0.455454552349686,0.4989575489936452,0.5089393177046105,0.5141456500494891,0.4832142471890706,0.5500389750341769,0.49930192361480813,0.5300959280337005,0.4658681923697764,0.47220192619038476,0.5659289249296524,0.6151735861764326,0.37170139897016896,0.4641892087523539,0.5312143036534781,0.5077797362325139,0.5506370311599628,0.5809558370654417,0.5259508480304511,0.5105963775670774,0.5639418334651723,0.463063497351094,0.511875251144708,0.5745356795297655,0.48217688024665656,0.5013600118166768,0.4752112894449185
0.5535391110013537,0.5475828314287257,0.6052341679533169,0.553677270064732,0.5156071718039525,0.4978489759580756,0.5359503161387172,0.5211633604097535,0.4874959392563278,0.5217662191940298,0.0,0.5711936062436791,0.5734458814716445,0.47158902717725476,0.5047804155197337,0.611038559070639,0.5727722979820018,0.5352858677137223,0.5102614356017605,0.5200285980468241,0.5901174350145992,0.6598424632031923,0.5311224381976805,0.5500999960778117,0.5706789599140594,0.5450957195333977,0.49014612933241886,0.5301464770961488,0.5257255481027903,0.5086417004097307,0.49807050311008244,0.5070211748853163,0.5051849489625213,0.46920681171162726,0.5057849908229654,0.5014229831141971,0.6382980213340107,0.5697262283943757,0.5431757406599443,0.5227086454964933,0.5251901708482383,0.5257603211514468,0.5172292565051189,0.5705337535123268,0.5328899482874807,0.4917926126149076,0.4490005754586684,0.6200771332672245,0.5979710351672772,0.5165542660557961,0.5575691828513417,0.524635706092394,0.4303555038622195,0.6129977981539274,0.5934998244994112,0.47659807993329845,0.5460669979913265,0.576982781677389,0.492707148877078,0.48798367489557604,0.5321652167942151,0.4000992006162615,0.514013085804713,0.45488581107487264,0.44647665555960697,0.4613788354126114,0.5277935915019853,0.5390038773234113,0.5399235683496217,0.5724478817344056,0.5478742587405621,0.47797714895516535,0.49153453224720023,0.5995743336560829,0.526674786097014,0.43837255764758853,0.5764945458639232,0.5648159546366246,0.4794750505574806,0.44526406185060374,0.4703336459539624,0.5111760429579292,0.5620895519787532,0.5026534339596304,0.49499726805878197,0.5642325185744728,0.5059076698695995,0.4765767807558551,0.46388204672460326,0.5058630690138767,0.5941500897922163,0.4547705985458112,0.5657941874114865,0.4764399016279889,0.5348257988286753,0.5757688700748702,0.43959395780163657,0.46758157461634575,0.4070068774606235,0.4715293916696799,0.48498285716684875,0.49057616548599275,0.46498292742102854,0.49481091742445693,0.4805364589984247,0.5098056211184513,0.48744528466559134,0.5346641847867989,0.4951594317703383,0.5795463845941454,0.5807375694422048,0.5166218276876394,0.5085294109172513,0.5055168285592846,0.48084531054894264,0.5424546536723156,0.4470568378324039,0.5625625965957468,0.5508322311862915,0.45702396971809367,0.5470057076926771,0.48501542411410326,0.4829675883186245,0.5642528396987702,0.4571595450677646,0.5656407859336304,0.4294929836256482,0.5072689014583328,0.5147701759289358,0.518927758463985,0.46862809353352075,0.5287999471806359,0.5131281808676009,0.5071990230084416,0.5713716407320885,0.45036698654013185,0.4984773273417201,0.5072634519685346,0.5252607754783402,0.5296757595314621,0.4828620158706826,0.49264949291725546,0.5147261280279746,0.5055947543188972,0.6042863913187773,0.4747547317243873,0.5558294408927903,0.4755719359756066,0.539008347706032,0.3703139154069725,0.525490896092128,0.4673848883281115,0.6139738216880247,0.4984996381970568,0.5567315508079315,0.5645415316421524,0.5929083641950859,0.5595729345069315,0.4917376919212633,0.5178782602440667,0.44705345100749366,0.478557696919889,0.45334676685833686,0.6373094884728127
0.5244181806906393,0.5515001593793225,0.5394823068280359,0.5059667165321081,0.48792273117770335,0.543891402891388,0.5126607253319589,0.5417327595775508,0.5095080832314901,0.5257545861222984,0.5711936062436791,0.0,0.4984133863502495,0.4339854175812923,0.4734062042650375,0.5804304120706802,0.5399236717450456,0.47439685355527994,0.5995421951487775,0.5214320720201453,0.6261964974264759,0.5262443030663891,0.5184623404308051,0.49668216722168196,0.6179955109541112,0.5015074169202769,0.432742603244033,0.487491934726856,0.4929072606203802,0.5548394467772014,0.5736615966365414,0.5438480640127703,0.47986628981515317,0.5374007764540445,0.5003302958781356,0.5406176817821304,0.5763672656107347,0.5586840493967627,0.5942340008643587,0.45329741791646716,0.5316878858957864,0.5397687944179076,0.530579601187544,0.5964864336423576,0.5344494978821552,0.4973797438632455,0.48904108981435446,0.5627837639536682,0.559653870616172,0.5221130724248157,0.5593951922976595,0.5452621680189044,0.4314885285626904,0.5900107381884578,0.5888380299391235,0.532337265003832,0.5510964295785666,0.6542711116304041,0.46002388724137294,0.4948801224370658,0.4949827450279917,0.4289061378984007,0.5089483806067654,0.46591681733549334,0.4524134031593764,0.46581209893457265,0.4806042323424859,0.4959070277274891,0.46799239901098255,0.531423087399571,0.5329094719624571,0.47221139550546265,0.47432019706879924,0.5368449148239998,0.5160664788723873,0.45979408691340695,0.5215824371817066,0.5544789359383882,0.5046974802476671,0.46163952405936004,0.4910282189234371,0.5351810287425298,0.5686754451791516,0.48512521885112964,0.5365396365085203,0.5748412046734366,0.5182509358764751,0.479274973586285,0.4912469986283042,0.5384442792825694,0.562140880509,0.531843673000483,0.5626565907015123,0.4851715101760154,0.5098340603375506,0.6343529577682231,0.47327607348234224,0.5627409642370788,0.43689923038471035,0.473240705247063,0.4821908229399073,0.5069431573336628,0.5107268817859114,0.5789873736435037,0.5031196282464145,0.5257148090853005,0.521149552083967,0.544684721490633,0.4816304622305336,0.5774509721399292,0.6407144232897137,0.5475476679118225,0.49304684494075335,0.513185327718434,0.47371105476996883,0.502949447472675,0.4883856521790767,0.5586730404997268,0.5400402377269371,0.4684717726233805,0.5155137148094896,0.5122923419754637,0.5070651380685774,0.5755470611656273,0.46301287889841264,0.5826679867229339,0.45218775651369336,0.5295683116082751,0.5584618731522221,0.4726937128841508,0.508921544944323,0.5434282701907427,0.4750569442792503,0.5281199769225586,0.5552410061560562,0.439907882461951,0.5348686819353331,0.46828963409048124,0.4613033921826231,0.5951743030643283,0.4526305171472479,0.5223422728151369,0.535841025221592,0.5373149695556886,0.6243759796547294,0.5089412843695493,0.6158461979480215,0.4820225050344813,0.6066708662579435,0.4001933354217035,0.5486804152813621,0.49171286444900925,0.5524045951788793,0.48143525659291214,0.6626328580231777,0.5387041839944665,0.47029452742301286,0.5788012152758549,0.43428097325295695,0.5110010543973704,0.43379768377280115,0.510196707655693,0.5003537200021858,0.5526507383299453
