0,1,2,3,4,5,6,7,8,9,10,11,12,13,14,15,16,17,18,19,20,21,22,23,24,25,26,27,28,29,30,31,32,33,34,35,36,37,38,39,40,41,42,43,44,45,46,47,48,49,50,51,52,53,54,55,56,57,58,59,60,61,62,63,64,65,66,67,68,69,70,71,72,73,74,75,76,77,78,79,80,81,82,83,84,85,86,87,88,89,90,91,92,93,94,95,96,97,98,99,100,101,102,103,104,105,106,107,108,109,110,111,112,113,114,115,116,117,118,119,120,121,122,123,124,125,126,127,128,129,130,131,132,133,134,135,136,137,138,139,140,141,142,143,144,145,146,147,148,149,150,151,152,153,154,155,156,157,158,159,160,161,162,163
0.0,0.650567980943233,0.566924251158221,0.5272622381740636,0.4971004614202525,0.5830728605397868,0.5666698630658674,0.5411810693467055,0.6617167974346997,0.5898475964965804,0.6523742707091592,0.5782044126379676,0.6463346847200347,0.591510206177021,0.6000864892044486,0.5992893443740394,0.6123047866930726,0.6974786912548864,0.5975343038483085,0.7094042895083335,0.6244400271610195,0.6595005276311411,0.5503170106680569,0.5991919362559565,0.6944002847143407,0.566740342601507,0.522941452536391,0.5996499691006084,0.5703476239771141,0.546516716317806,0.6431764161213166,0.6443151536002925,0.5344028639688306,0.589081092650631,0.668219533767618,0.5593879386211155,0.6750881357933673,0.6317310857738297,0.5662612929276717,0.6041267105197392,0.5517090032589866,0.6132594345332212,0.6064337136185863,0.6187253622021678,0.6300605081709367,0.608054968687208,0.5283648044931243,0.6038029806754283,0.6647957441707052,0.5991700782983296,0.6305172921381894,0.5954567655697303,0.5618455849110864,0.604826153274475,0.610752511589295,0.5958563994968521,0.6780051556363648,0.5577030920760646,0.6039277688659257,0.5741463077655505,0.565043667138235,0.5057434227028303,0.599667182114719,0.5242229262258781,0.6106845152435011,0.6185243180440216,0.6243658232912539,0.6331770036786609,0.5865999286021172,0.5922414364166426,0.6879128477578962,0.6007626090982744,0.6209779897073039,0.631926935105058,0.6123528587682088,0.6388060290066052,0.5461650546585108,0.5449383526325003,0.5975141357171051,0.5171194446956678,0.585134343111111,0.6419795769983293,0.6322217532995288,0.5890231641027018,0.6113371957429957,0.6605389920250949,0.5644388285502704,0.5987602878226305,0.5950401190472137,0.6056633763351065,0.5987795646611471,0.573619541001691,0.606283082784687,0.656640240362949,0.6364391384550245,0.6073641559605535,0.5332924025768778,0.5657860187799189,0.5198677854786732,0.5978069893793445,0.607269076016199,0.4904740631780087,0.530168367264394,0.5152515495957205,0.6182460364854848,0.5829790443233804,0.5439118101388869,0.6069205452325135,0.5840847464685978,0.6170483147575515,0.6122715312817936,0.601035884758592,0.6284959098170093,0.5518637824638422,0.6341591648976029,0.6088752155411,0.6144775316201461,0.6121508484099387,0.5473397645736499,0.5429348877573115,0.5811807988190003,0.49640239581208945,0.6244836491123179,0.6608608515329085,0.607526284504714,0.6109920227610777,0.5159871548792991,0.5292373276777271,0.5876337807207402,0.609686897687638,0.571868088101692,0.5646916598703835,0.5626472167407651,0.6339045135756126,0.6299732045025286,0.5893893412012252,0.6464667860909207,0.6127889721002364,0.6208134070536034,0.5914295604123959,0.5534916271800486,0.6033033430794517,0.6272003344115471,0.5718927681485184,0.6654212520993481,0.6083395765550773,0.6057936214063486,0.550314663250077,0.6734721025074469,0.44340323230376816,0.672804172665472,0.5946408097490868,0.5809587887907801,0.5175835183353995,0.5960852803344544,0.6646930098846816,0.5884253479393347,0.5785960034746599,0.570311156154148,0.6003852732774126,0.5437631331046857,0.6552657603257459,0.5233734273213875,0.7112406015583255
0.650567980943233,0.0,0.5816493388061643,0.5544837445729697,0.48736024309545134,0.5920098719750364,0.5853561230726755,0.5236838422303819,0.6001766288560103,0.6543529979329676,0.5825304042818379,0.612986522808978,0.5924515654807163,0.6085511512121797,0.5711266178319326,0.5717946255260012,0.6405394995763605,0.6192024957248302,0.5990389519521759,0.624931884176285,0.6310100080578793,0.627156462057251,0.5791622519498685,0.6137329398753153,0.6587777019587707,0.5461353213768214,0.5383667035514437,0.6063557275873749,0.6595174233526498,0.5269954199018381,0.593716157308322,0.5987123048934742,0.5766416028482244,0.6160382444101832,0.6319387508776996,0.5909326387280901,0.5692255203483201,0.6090340468034806,0.5478995676464633,0.6610335355728912,0.6296621410388796,0.6269424370392445,0.5241340062044891,0.5885856656776277,0.6127158843504885,0.603760561448027,0.552456169841628,0.5284364632351455,0.6253246036429485,0.572750779152624,0.5938786411414995,0.6291063827536865,0.5998518937217464,0.634395153364036,0.588050456666263,0.6529337143069445,0.629463094364118,0.5503101822632658,0.5937069333832522,0.6039350524443253,0.5318318947404959,0.5068725142494332,0.548652398338329,0.5411612921865933,0.5589331403314822,0.5618267080869821,0.5927383054300187,0.5463883494109111,0.5336186270850374,0.5253538771821322,0.59117730421166,0.587364851895368,0.5790141172111015,0.6085022831699683,0.6150524735726267,0.5948462059477884,0.5084122679882032,0.5710823734861566,0.5780472111860658,0.5113437759050028,0.5979916889868698,0.601161849803124,0.6349667578484103,0.5783241371626323,0.6101690034363819,0.7032183700429696,0.49050483393812644,0.5373793544488691,0.5972953033936785,0.6333823873064053,0.5754777822203307,0.61499580834923,0.6010140094203701,0.6178677600324675,0.6411596862754488,0.6089867133361214,0.5164085990518366,0.6398074338162674,0.534046320952089,0.6386428776143593,0.5843128213808647,0.44659987516745014,0.5197229068432153,0.5465682511510639,0.5852135669920948,0.5852746349752678,0.5479588057801081,0.673540521322345,0.6332111672958801,0.6269406130155233,0.6070097315917746,0.5839435571188685,0.5810754455774444,0.5508624741151718,0.6313371789431191,0.6843390984528684,0.6554523774718765,0.5399598746910874,0.5801245917215876,0.5786592132711281,0.5609096376051457,0.48167578331149313,0.623996527324343,0.6498659576609653,0.5640909574608559,0.6278725122541218,0.5433306766499786,0.5241786655904782,0.6906638127691531,0.5825381947678705,0.6141051541060056,0.5490021841751347,0.5089728022225352,0.6433965574464954,0.5658560429413095,0.5387082060425998,0.6168255476141509,0.61999226977479,0.6239172156861047,0.5647430802549527,0.5399584147645524,0.6007771927452471,0.6834454456000605,0.5766842546713034,0.6349363973989808,0.5723508062470911,0.5977964931307618,0.5857552418786206,0.7018550368554216,0.48656782518902764,0.5708567004584706,0.6298073500702874,0.5745055430303985,0.5635528569082319,0.6324482627178565,0.5719729643819645,0.5397298393364102,0.602596725715325,0.5752733029075386,0.5607650030304343,0.5828590655298808,0.6391736275158431,0.5455709921634591,0.6274869861448015
0.566924251158221,0.5816493388061643,0.0,0.5200461834932185,0.5278084278309124,0.5951516771188493,0.5185259527685567,0.5512523328543781,0.5279348799015565,0.5888302025852511,0.6070832644846763,0.5719317050847231,0.6171256422998102,0.5066996298680946,0.5322409385587105,0.6717885418388655,0.6571251793986862,0.5762713281513201,0.5278462716619783,0.5328027707920944,0.684667857120495,0.6727592582448841,0.5047998551003315,0.5686990726993784,0.5757629942380961,0.6188627876175515,0.5030482693333593,0.5330876815946964,0.5394098440113452,0.5400289053441373,0.509415239049902,0.5899185611906286,0.5203097603659417,0.5157746429914688,0.48799139266479985,0.532021607854294,0.5743063864270953,0.5709409061839208,0.5293409396920531,0.5959394042744814,0.5520518180063111,0.6102480101590252,0.5747216712726045,0.5394700350124817,0.5749105710049843,0.5925258232680537,0.5555450501790867,0.5507926992393758,0.5419025874714718,0.5587483229295265,0.6117433501978435,0.620969102051229,0.5093067440392149,0.6015772854780417,0.5560728886027868,0.5504285279840229,0.5846344740538973,0.6189230139742404,0.5225000625186244,0.5360593557014691,0.5448035890322749,0.5034929655568202,0.6284738676788632,0.4730572720446748,0.514463902201528,0.5589650601403022,0.5541188956800266,0.6223894726390201,0.5714274714166141,0.560499743400732,0.6217628604455071,0.4852743982879353,0.5333042553314594,0.6752176126988084,0.6135564257815285,0.4859590040108865,0.5820376193999585,0.5923442297673829,0.5625597353817355,0.490165608936297,0.5924982175828174,0.5653354469197993,0.6361326175556848,0.5551204712976063,0.5654956819390987,0.6141948703319035,0.5073062280699813,0.5096547689077955,0.5312778512154794,0.5493257010981282,0.604517754702126,0.49639814345837824,0.5598620906632222,0.5186240951510702,0.5676666131470336,0.5488615581550148,0.50475477189695,0.5254394194322215,0.4530808004190301,0.5518308492772989,0.4788266816979916,0.5056357924404911,0.4918211693365666,0.4896245642240981,0.5363853437346968,0.6558661017681353,0.5913030778239786,0.5832837275721111,0.5876077998292031,0.5753507472935184,0.5619598111934041,0.5431977658440563,0.550150690956895,0.5289799680464278,0.5611436447434978,0.6380358228204088,0.5174658522316942,0.526840393414408,0.5758605201802462,0.5008229274299117,0.5403363031115377,0.5032089031229298,0.5184508110166033,0.6164897573705802,0.4583911715973062,0.5826317337033373,0.5261593078302937,0.5575924514160827,0.5787803825315394,0.5523888271885847,0.5423005212113804,0.6769876321455205,0.48313881542410875,0.5232762784427416,0.5332041376479417,0.48742456528188083,0.5426975812401162,0.5249239152213935,0.5682417196840547,0.5421407668062472,0.47848568190761775,0.5530011533117287,0.5584401700294163,0.5454044901076389,0.5851493519219253,0.5319582716646092,0.602602641177906,0.5982911636279995,0.5983046532929268,0.4473719134170059,0.5103893454266843,0.5058558071678564,0.5521514090876832,0.5963784361456549,0.5982411416238048,0.5606689216089008,0.5102231241726171,0.6475245347335006,0.4587278585296886,0.5412929268409689,0.539337297034499,0.4928331053742021,0.5087048388257766,0.5803405295495007
0.5272622381740636,0.5544837445729697,0.5200461834932185,0.0,0.4520348311417303,0.5443550015802247,0.5712688709660999,0.5359168583046339,0.49330305723785534,0.5500410748734723,0.5507132747920245,0.5958919058731725,0.5089007715357406,0.486818234524883,0.5434822819046077,0.4973347184198329,0.5335762809178797,0.5265648038586099,0.5851087609586045,0.4717858942979876,0.5562791028150946,0.5251548505441519,0.5410705542113011,0.5057269161833532,0.5795965832744974,0.5460920997549886,0.5127881271185879,0.5601646496205762,0.524229430201502,0.46432946392545965,0.5345882683522422,0.5144235340470126,0.7020524696465587,0.5707246818425074,0.5194092623737576,0.5510695577757437,0.5137844862140127,0.517046238684068,0.50414437277035,0.5562972464104984,0.5893492592607527,0.51606527167153,0.5034247439420281,0.5570197253153256,0.5511694016243933,0.5202841851484458,0.4557937611385791,0.4840414696394628,0.5374567095757751,0.49368353476880555,0.5865858379047446,0.5921746683615474,0.4843500303376745,0.6600911010529926,0.5895624254222318,0.4930340999696042,0.5217439237585698,0.5792988627194503,0.5024064068136133,0.5047202610985271,0.5209276728968284,0.45293092725570455,0.5579236416338795,0.4427707124426626,0.47388185997278787,0.49065964063401774,0.5246609516752673,0.4849867149127249,0.4979526285648861,0.5484954336616212,0.511881048135198,0.47118718702780826,0.5225636729029357,0.5751163837243164,0.5378608393984345,0.478873258762108,0.5001654160637858,0.5093431086569128,0.5444265524670634,0.4306574338944682,0.501374760102558,0.5680645969309208,0.5067007316039147,0.5143057631782826,0.5442283975141035,0.5479821454040379,0.49325252962196664,0.5072484542602046,0.53028169066595,0.4928865150322988,0.578916141813946,0.5695040740357136,0.5287343863189501,0.4909126358121331,0.5465155103252366,0.5711964039110741,0.4671195565020115,0.5769390592087542,0.44885898220175513,0.5799036923571692,0.4768888972973169,0.46385261375824544,0.6099771027994219,0.5955773955744575,0.5388822265299926,0.5001675119710436,0.5073893115993239,0.5484682668054964,0.5263760379905209,0.4840723133064272,0.615000411797464,0.5255813749092395,0.5348431512061032,0.5018737007448133,0.5639949473641114,0.5544711392271556,0.5307300793322574,0.46926808178021934,0.5934838661115781,0.5287694379549489,0.4550621289653793,0.5514719334659185,0.4798785398456826,0.558096508811755,0.44676023651502844,0.5904896982014604,0.48891276746180823,0.4780351215683216,0.5943485473428365,0.4896924373885269,0.4798349105334942,0.4832640561491982,0.4584884191526502,0.5457788706777764,0.48211412209034654,0.4269120059378599,0.4575574069442133,0.5332125162421051,0.5383955801029526,0.5157712331212226,0.6029471042262828,0.4734727676889248,0.5635707274857871,0.5286684014270816,0.5199644461673746,0.547346172931412,0.5089119066700208,0.5037922917035985,0.5318876559846343,0.40570201915323234,0.5567261328249276,0.5392805393801408,0.49980740503292004,0.46676408993240553,0.6401919695188018,0.5045810865830629,0.46037229867593255,0.5644429596095711,0.5758870550312619,0.5293709515847107,0.5017722725858973,0.5091729187503882,0.48000007998949595,0.5334611347477634
0.4971004614202525,0.48736024309545134,0.5278084278309124,0.4520348311417303,0.0,0.451702506414823,0.547912405468397,0.42064137780831373,0.47117779108649244,0.4637988273128093,0.5155034717795336,0.5306928835001722,0.45195160128328554,0.44171152507895606,0.5382214432448643,0.5137679203992443,0.5152399826627464,0.502952618626996,0.480123028055422,0.4577766331801779,0.5555230058479004,0.5515436337380338,0.49759808517238036,0.5401857329061188,0.48014924253622954,0.521620597484392,0.44177512933910024,0.43374357490405824,0.49638581768654005,0.5477855942308453,0.4765122735777478,0.4767305780393168,0.4736848265077962,0.45161762254619797,0.4731087882940517,0.4932741165061021,0.47637388202017034,0.4934857347773138,0.5159136941610601,0.5187063089231058,0.5327048668030204,0.5091187330037616,0.5321268545605683,0.5467145576128702,0.4567110192494856,0.4866276527720699,0.5641215344892127,0.5001932971943237,0.5225253234135552,0.5234300897673942,0.5456409484458549,0.5266124594641447,0.46302843698059726,0.5071195473132958,0.5057633924725076,0.45670167387638677,0.5123340312993865,0.5315224365400809,0.4635782878420689,0.47481007877120845,0.4023932534691866,0.44318721423847757,0.4987295277046659,0.451211690312668,0.48623546624946046,0.4416888035718739,0.43559382907884625,0.5117443524707237,0.4738179191768616,0.44164706655714314,0.5202498539466827,0.4621516983580853,0.43520962362389065,0.5024778136917839,0.4540303506564342,0.434978672087931,0.470113804257194,0.6064838301921108,0.4676399519631896,0.4423908747922031,0.4680004718572629,0.5031963272649668,0.5568989750890843,0.4246271079696841,0.48500108318955104,0.48896309632261487,0.40537549607924445,0.467853939907192,0.43417858119682234,0.4501888046204619,0.6038794274224475,0.47600869319366285,0.5743552906786251,0.4528057935887646,0.4937354976357617,0.4908932599329145,0.41153567463962215,0.45177746489595655,0.452622261576154,0.44070034943744757,0.4433833600579536,0.41379703757147823,0.4618365675846553,0.4596845500077089,0.46481505684223806,0.5039595567595224,0.4563049213599576,0.4675144623940827,0.5241699752131163,0.48015092667139625,0.5186919527029519,0.5182054041879586,0.4258544783336847,0.43969288095925396,0.4797526231124373,0.506183111751541,0.44952612041579215,0.5231444073916146,0.4690724645869904,0.43652004979222603,0.5927960011033178,0.4267053498201192,0.44649574211077614,0.5467321467397187,0.43863211414686853,0.4994719526250013,0.44458854672380915,0.4840811757862177,0.4729582756698547,0.49637660299830827,0.4462656698148362,0.4879209571771223,0.39834374419600455,0.47842490896256284,0.45496273550256544,0.48752566005733944,0.5044206278446874,0.5405667712951184,0.48079385142343073,0.5103928938070577,0.42211618991237687,0.48164987060837283,0.4920821425830235,0.48182042219886134,0.5170780511263541,0.5019093613356695,0.5762769536236418,0.4848981741107637,0.49215856550223464,0.40293369962742265,0.4577065125627901,0.471818162785374,0.5082532932441555,0.5214169830971208,0.5059052338357449,0.4533165443496349,0.42785688617235934,0.5080329240613093,0.43750030166639764,0.4755623572265319,0.4432487449710156,0.4561066388880054,0.4500213734292432,0.5559844036034343
0.5830728605397868,0.5920098719750364,0.5951516771188493,0.5443550015802247,0.451702506414823,0.0,0.49765921096177707,0.5458494619352303,0.5188760897717195,0.5663277972777354,0.5902718500747304,0.589456372103284,0.6114305876138232,0.4974933782265184,0.4873340033650431,0.5945499383638171,0.5908970842819274,0.5147639940117128,0.5566041943733446,0.5212964358465912,0.5964712730804637,0.549546855063158,0.47383167464420556,0.5212552923850936,0.6099956525049856,0.5620976063107325,0.46018201657403174,0.5556704312796034,0.5445263218983418,0.5023162410900666,0.5273972678138217,0.5959794946617747,0.5403040764952125,0.5651046928577592,0.5096935698094839,0.5100733850274303,0.592028132375765,0.5340751110798522,0.4954954136392054,0.5244461236120168,0.5215890042761233,0.5787420554775585,0.5093071553008773,0.5723858235487593,0.5552724755122547,0.5316598848823575,0.4988905868453234,0.5623543883570687,0.5134873815385571,0.4919636424671209,0.5617741486683366,0.6518647958947904,0.48475439039174434,0.5947435368404189,0.54958799557093,0.5960412766646719,0.5455842308433527,0.5987392611091674,0.4759325318243729,0.5007652453654389,0.5787978249460187,0.48769759633749843,0.6111374656281581,0.4413682089711351,0.47322241859346925,0.537264323612288,0.5419503131847834,0.5577394794926884,0.4874005179886934,0.5537174165555552,0.5675298376150982,0.46936167509802645,0.5530303848027048,0.583090420100836,0.6040838050719886,0.5230821026046398,0.519000932351446,0.5316426637647255,0.5460441965834568,0.5437028025355458,0.6232958076094299,0.5341857645369963,0.5871747896585653,0.598866056708544,0.5508661504966241,0.5895932889447616,0.5545948223374633,0.47844653147805977,0.5511487187904718,0.5583552707466962,0.5397899073276292,0.5187421857571161,0.5122572972844833,0.5401125448736356,0.5289296270887643,0.6014058539627433,0.49696635741022693,0.5834806821335425,0.45303865560705386,0.570580502213142,0.4943815139934695,0.4686545090076838,0.4944617114989058,0.5048420337791248,0.5321809801170955,0.5641525232962434,0.5325568989763461,0.5912602282200683,0.5142554336960343,0.5842610702999798,0.5912597930900899,0.5025541305275922,0.6400283377028422,0.5060554353987428,0.5696425342562546,0.6173169018112415,0.568062721594909,0.47283837457712974,0.6308085960888683,0.5310178137516358,0.47448087735985833,0.5045178376236679,0.5730046106104156,0.6082090232440707,0.4803263820774784,0.615558879404523,0.5006514119564317,0.5138125028714274,0.6161061130058488,0.484225588273548,0.546892648688496,0.5827614382717111,0.5082940159426399,0.5566320663888156,0.5135960250529925,0.45936405681855724,0.5435616480668913,0.48916482742873507,0.4952656705771915,0.49713269827170514,0.5247649772393029,0.5457471140590956,0.5347864191091222,0.5028518036102405,0.5662463328345844,0.5212003842288098,0.5444227774167966,0.5393011219233739,0.5796629386609852,0.44961181978537196,0.5422496425774879,0.526301922192681,0.48069261872862123,0.472471889797082,0.610820199812801,0.5432368169291296,0.5129750735023584,0.6652060304183561,0.4945345348234522,0.5601729081975078,0.5138879030416112,0.5485191078481106,0.4772948331935186,0.561952738914913
0.5666698630658674,0.5853561230726755,0.5185259527685567,0.5712688709660999,0.547912405468397,0.49765921096177707,0.0,0.4602071212790775,0.502963446303712,0.5832721618849764,0.55016514819432,0.6071754814020925,0.5070284673804888,0.5062603461835857,0.5964357255727183,0.5151303417957841,0.5568661348988315,0.571146002516899,0.5660342253952632,0.499523897723246,0.5778102095488817,0.553575486918695,0.6755438525608761,0.5968985408646916,0.6044495389536244,0.5457787773157959,0.5162190842326603,0.5335108471220716,0.5794691517895231,0.5260877401581447,0.5436761357767506,0.5424540783742843,0.5679380299516152,0.5883079554845115,0.5547767245267156,0.5374461199932692,0.5330567714037837,0.5126547123632118,0.5192702044499407,0.641180800533856,0.5783300289951798,0.5594578783789876,0.5306973447704778,0.5980392252716187,0.5310107452343085,0.5466322828542407,0.5473507861205309,0.5076622523303655,0.6880597830965595,0.5244699030141146,0.6104608240637618,0.5681265987510628,0.5065416384601276,0.5884989414314498,0.5873539420808406,0.5251605618648271,0.5532610721062868,0.5329488210533005,0.5660292689860851,0.5274668459673612,0.45176566493380416,0.45391468762553944,0.5035861740970109,0.4777944031662098,0.5157380251766097,0.48698920013395075,0.5181249205630702,0.5278729313907569,0.5022211882145777,0.4834746688643512,0.5301707344310878,0.5184055848162051,0.5008958582468046,0.5709591071479138,0.4898445716463952,0.5296554731952514,0.506102021593747,0.6155179693161639,0.5083480483594155,0.4662263738754977,0.5021412905125713,0.5538642354628924,0.5746812157651358,0.4633375782806075,0.5445201863018658,0.5327257288697248,0.4429407451407136,0.5383522528913182,0.5228556249956307,0.5029577599426175,0.6122457205084888,0.5922116460129179,0.6027100435013876,0.5195644387513495,0.564303952014151,0.5711153725240953,0.42983393302172307,0.5542783814093302,0.481973118099776,0.5563754340775524,0.5052277010186264,0.4341351937533122,0.5642722788118639,0.558035060492807,0.5100990152914114,0.5202377545064722,0.49142695641867784,0.5595776966145317,0.6004814997049069,0.5436934584811213,0.6566087313504131,0.5510901598372409,0.49913533913084246,0.48325574347352646,0.5408684446501033,0.5634178831746683,0.5525206349601142,0.5623061246964101,0.5481663592545576,0.4980865218935534,0.5280478751383796,0.4600424475964489,0.5042842242838996,0.6282349593423475,0.4787836126272282,0.5842626567181417,0.4850358424068055,0.48762791758112667,0.5614828516658527,0.5278035602126294,0.4893842472526338,0.4717172230792433,0.4388816551923742,0.5210577488688132,0.48455044484274223,0.4815475166856931,0.5270713285202522,0.6185734666543162,0.5601456855016295,0.5421817914383715,0.513367051833746,0.5065247083874196,0.5994049158483076,0.5142117531003938,0.5615111186886663,0.6153408785219082,0.5343376448142203,0.530179793168215,0.5698321357182892,0.40676899190384563,0.5281713763334824,0.5629918184394269,0.5231352588521664,0.5480068739782101,0.602492085064336,0.5032880568641775,0.4853029733018206,0.5719167068693707,0.5668697410554697,0.562999717319877,0.5184134198452562,0.5387678953214308,0.49441796166578367,0.5818722530064957
0.5411810693467055,0.5236838422303819,0.5512523328543781,0.5359168583046339,0.42064137780831373,0.5458494619352303,0.4602071212790775,0.0,0.5720492731763044,0.5309475659853786,0.5400865355528383,0.5509709223197051,0.5832635817124553,0.4932394676370431,0.5169134705402944,0.5673993838335271,0.5294036191379102,0.5415045562149613,0.5317686440166842,0.5267502844398492,0.5400686259264365,0.5370255638431843,0.4791910110249878,0.4682113458033532,0.5583993619282176,0.546639756590045,0.5442435684501182,0.5412957132511564,0.4658544466590211,0.5004919902146505,0.581600030594799,0.5688469550534844,0.5293924606113711,0.5382005048753947,0.48432733881681883,0.5418139262660461,0.5650007189881251,0.583198824446424,0.5455744433713255,0.5016800283517555,0.5054233576570357,0.4994213411602464,0.5655012480370132,0.48138686883420667,0.6693244234355529,0.585237766821097,0.45037876153568623,0.4850795752692979,0.4994494310288634,0.5301816859641432,0.5648687360628872,0.5149565103009113,0.4775213915284554,0.5568744915142776,0.5664917612404944,0.49975510230281445,0.5505330299268586,0.5997187583033994,0.48176699259474537,0.5432629042967131,0.6498294784322242,0.5172483755301217,0.5925845473654514,0.4537825579090069,0.4856095017962749,0.5624705133986263,0.5698670411782129,0.5285188847208736,0.556050640089726,0.7191803252460799,0.5725298634882231,0.4832892542458471,0.5186619197084736,0.5986810358913239,0.6270291095435987,0.49104370746552256,0.5695198904109328,0.4770654670907238,0.6449167452942235,0.4259654115651638,0.49811473416154184,0.5782286019452513,0.5303512003979347,0.6036011548356226,0.5461444545019662,0.6139613444782595,0.630404724420263,0.5461307536361278,0.6026246049563005,0.5689401459368086,0.5337136291125468,0.5086358365199256,0.5120060606964295,0.5050765651928473,0.5229191361675237,0.534037813347591,0.5791099201651949,0.5125903255206801,0.44340542907602776,0.5733091006142511,0.4984772691409299,0.6253481945786699,0.5170961983975386,0.49037158916147605,0.5931696215205857,0.5794517168837326,0.5858833363109383,0.5229316910192465,0.5155869933313191,0.470812058645204,0.5058484361581698,0.5274476976370065,0.5371293738115637,0.57729435168155,0.5764950452421014,0.5400613517598241,0.4972683721885037,0.4938491317466555,0.4752607680446806,0.518516537939858,0.46464905804315704,0.6562951835942812,0.4659962183203424,0.5389265947952646,0.4416497184228872,0.5681232974820647,0.5084567012136285,0.5865915678210258,0.5359980614211846,0.5308914348792507,0.5326552442416358,0.5655565146529632,0.5591771805781337,0.5285109249064693,0.5277482957741831,0.43704950966639067,0.49336084705202116,0.4911043542932922,0.5581271569744821,0.578818756067117,0.5106634890448172,0.5088538184431497,0.5350363048976655,0.5460378579404044,0.5344427475287695,0.5141647000130154,0.5440415039922506,0.5348344429360855,0.5498148921890528,0.4289293618526289,0.5838566697519915,0.4883135827572873,0.517213127359926,0.48372781335896237,0.5670872150488142,0.6071405684826136,0.4809945460483167,0.5449900133427533,0.4562794695710661,0.5199921921710218,0.48017501034372445,0.48051193352799587,0.4990035734769704,0.5060506872986983
0.6617167974346997,0.6001766288560103,0.5279348799015565,0.49330305723785534,0.47117779108649244,0.5188760897717195,0.502963446303712,0.5720492731763044,0.0,0.5515003484876406,0.5503818795486406,0.557685460917431,0.5517991992041227,0.5630619871752484,0.5618107477435254,0.547289103223013,0.5515642506681592,0.6361715162094729,0.5597589559943771,0.6607766312853254,0.567843934429633,0.6007371962796884,0.5271921178331876,0.5138015696544018,0.6126402487948787,0.5133384663637451,0.5429840196701818,0.5433595641476107,0.5070423896288574,0.553469580286568,0.662210800476289,0.5705845939691132,0.5022122359861483,0.5415125183377686,0.6140052726628361,0.57071351166826,0.568029369861794,0.6622650196854004,0.5623245452957716,0.5309516624880536,0.5360142815523963,0.5883559717320266,0.5693986706708077,0.5277079844153996,0.6127781093542491,0.5760469234725921,0.5025152352272596,0.5025408114633004,0.5723515409133371,0.5963107830471034,0.5631699318909568,0.5280770165970334,0.5430079051594918,0.540717560669852,0.5496396717545676,0.5778834484663704,0.6164973736585557,0.5533714616917239,0.5527198152410414,0.5681255532925508,0.5230385105692308,0.5133716851695325,0.5450155277472661,0.5460034111547964,0.5811780491280973,0.56064256315231,0.5675726099041872,0.548489487403507,0.5851270988261117,0.5946468183382458,0.6182292025270517,0.5868594063363496,0.570665485236127,0.5623150700450871,0.6035831980253623,0.5538959574358853,0.5004810948400042,0.5000998724234275,0.5964248540324618,0.45070476553360983,0.523108056388164,0.6598296658445859,0.5841886597318933,0.5611273251659229,0.5974818837701332,0.6869997223908452,0.5469859838743922,0.5885794056452863,0.5787475118953918,0.6296621866427464,0.5728719066522151,0.5849029501223402,0.5626474032050731,0.5587568938687655,0.6090312220212136,0.5630243792095343,0.5526607095901117,0.55819431886582,0.5389209776018343,0.5514947891743276,0.5681721098859797,0.4901061215081198,0.5234410729634993,0.513708776704144,0.6336058903059779,0.5576796647465421,0.527552942571563,0.5779701000107313,0.5425104568733907,0.5191460339202524,0.5245402381758573,0.6172336987350812,0.5376867073802463,0.5968202158601404,0.5798512354911292,0.560116485682981,0.559223789454541,0.5636090929526063,0.47691791066380895,0.5618168315647913,0.5550862603858961,0.5217011428968864,0.5459004241957576,0.5630999901872811,0.5732231936707052,0.5412293243707551,0.5200708574169083,0.527004230193944,0.5447234191130954,0.5901408069400356,0.6282165670480754,0.5493888029092803,0.538132366862178,0.6449198384558564,0.5844122555569689,0.5341760668669034,0.5791451737225484,0.5651883142317522,0.6023563855406616,0.6245233692133054,0.504033238406075,0.5773099920977721,0.6150323249515327,0.6142512656344363,0.6032033780392351,0.5788588522922292,0.6287180980463966,0.5220396062006855,0.6489445776547046,0.4630991763124766,0.6259378729436688,0.5587183064089153,0.5846940283699419,0.5117566254023571,0.571319994938487,0.6248546540307648,0.49656624512227154,0.5212653647358085,0.5001534773842256,0.5199924565388947,0.503055755760886,0.5946678371173117,0.5578818017878567,0.6069340343609734
0.5898475964965804,0.6543529979329676,0.5888302025852511,0.5500410748734723,0.4637988273128093,0.5663277972777354,0.5832721618849764,0.5309475659853786,0.5515003484876406,0.0,0.5548456286730012,0.5723720463275295,0.5981667022749505,0.5681596711235458,0.522004018676212,0.5791461668012245,0.6323741944618049,0.6236739276847141,0.5580236110614668,0.5499657707218142,0.5939843677330562,0.5651166219829951,0.6206901310194508,0.5360806375563031,0.7122686345583702,0.5454531755821276,0.5718713890398416,0.6214166717620685,0.617652971329362,0.5356388304231197,0.5415099054060116,0.6183258180056839,0.5316021253810082,0.6004364681857832,0.5393524288805223,0.5380951698276832,0.5683883017407649,0.5774578035162721,0.4921279867252485,0.6306308021462778,0.5513127091243494,0.6350468243013034,0.5278324138984618,0.529478775777087,0.5865989629957186,0.5999323908000568,0.5428729466009253,0.49763126631078075,0.6324805417105767,0.5247673316166586,0.5770700632443626,0.5677159502566803,0.5387340374228149,0.5630051557367366,0.5637458028970925,0.6361409030404481,0.574392190505274,0.5511573709197735,0.6042947925949619,0.552594677793183,0.5212608435824607,0.49504313680283313,0.5318944751142132,0.506524147981508,0.515680876638553,0.5510225005300229,0.5861281720897089,0.5601874403609766,0.5781001436945732,0.5531508314056358,0.5497335523324416,0.5443069981384491,0.5672036636295448,0.6177536228343187,0.5985652310580567,0.5905915070635127,0.5261686667310598,0.5758451359473824,0.5627314011320473,0.5043167551460841,0.6021807385169968,0.55077529102648,0.6125381860153217,0.5668732148732926,0.603883526309291,0.6182162902188899,0.49902860663618304,0.5554876797665045,0.638709643221797,0.5701805196495249,0.5702895202942495,0.5722911447752659,0.5613234839805166,0.548427700819083,0.612990730865857,0.589135555638473,0.47318108910517537,0.6268962019424578,0.49133875497913165,0.6360445286990086,0.5289139145288683,0.46796264546548666,0.5473339610589333,0.5702764235353184,0.5525631249346991,0.5869003964196414,0.5580420543585112,0.7450039425783322,0.6173918095136984,0.5752955310464213,0.5738624620409463,0.5560693816635044,0.5776903284131617,0.5892596349508044,0.5804414158046307,0.6250218181164486,0.6515694833763354,0.5489847225811156,0.5817367770265587,0.5751604690613549,0.4997041541821404,0.5022681732249352,0.5571423961492757,0.6189555807962878,0.5004865845280575,0.6071252014329371,0.5353171382448657,0.49704600870829196,0.6447816956088965,0.5603587387587698,0.6288545607643541,0.5434412836806314,0.5032032579355334,0.5349718690480995,0.5050076811981047,0.48110375287726626,0.5585197586829798,0.5481830982885545,0.6124122880935945,0.5582541235064992,0.5352189206717016,0.5706215988007272,0.6246563593543093,0.5539343021704319,0.5994612291880614,0.5859582495957114,0.522317249769518,0.631118385309313,0.726162450074333,0.46233785480061784,0.5285889317651421,0.6175345050610315,0.5219870042018334,0.5789279084349296,0.6544235876205352,0.5587892298489892,0.5141439468024783,0.6255567873329245,0.5284072799946747,0.5893613862825435,0.6529742540248378,0.5866033088199811,0.5827949870053463,0.5556043322174128
0.6523742707091592,0.5825304042818379,0.6070832644846763,0.5507132747920245,0.5155034717795336,0.5902718500747304,0.55016514819432,0.5400865355528383,0.5503818795486406,0.5548456286730012,0.0,0.6052026412878826,0.6384677208455014,0.522701323706449,0.5665695950464664,0.647796222111881,0.6095022802688681,0.5884613893018518,0.576857928487534,0.5767164830854471,0.6231098996746867,0.6713730751293816,0.5271875232720822,0.6070010063102007,0.6301667163626586,0.6043407639564599,0.5189434047125574,0.588170164626033,0.5765856345469342,0.5410548351407947,0.5653584918423825,0.5994239956194074,0.5370110224140922,0.5601137273829132,0.5572040594717571,0.5292973237625038,0.6799672029425269,0.5827976765372668,0.5849828398423966,0.589210675085395,0.5318675658157199,0.5719502714128367,0.5796965825228165,0.6139378891744112,0.587824044071222,0.5494053185481893,0.4791080080847767,0.6665238302515774,0.6084991491235255,0.5400081808886311,0.6126712622956406,0.5759112008770354,0.4871853587399423,0.6287219435396352,0.6417352292384253,0.5211518321797537,0.6056534823527591,0.6065612363172985,0.5209932042312141,0.5261682712725462,0.5805776558515923,0.4667772882352495,0.5971500167336963,0.46933442730771824,0.5113786874673525,0.5432837818007176,0.5856537058054986,0.5966623450176027,0.5466630284445247,0.6010971671784916,0.6134890517637175,0.5106906342427256,0.5582965650982181,0.6389020458979612,0.5875044837817957,0.5216230561638513,0.5967166208044472,0.569803822768032,0.5531056554567872,0.5115196813486437,0.5422309001693401,0.5667808364209794,0.6056433408325537,0.564392749036788,0.5556269477272611,0.5913606428205914,0.5685814677055592,0.5233104055301754,0.5300910202846587,0.551904335681491,0.5966199021395714,0.5022785516706082,0.5844876530666393,0.5615793107355656,0.562960625675755,0.5894150123564196,0.49146437556668016,0.5093453142461833,0.46046957893416496,0.5404445901668308,0.5466726973679349,0.5075297788440872,0.49771805530773244,0.48841983907871644,0.5434761850084062,0.5564620059284754,0.5266800187028163,0.5695125075374778,0.5352344963516394,0.5984903014158686,0.6328301862223672,0.5477589291317764,0.583927387326997,0.5312979382680445,0.5707870517315211,0.5987511935547845,0.5237643652385693,0.5848534628769958,0.5624265979016839,0.5026254018387863,0.551534522287677,0.4970536480162535,0.5490778040845632,0.6400279506785265,0.5096344781516448,0.6361699306808999,0.47727433906107186,0.5468796783854482,0.5676034296510322,0.542385337009709,0.5082798361121581,0.5706385531959595,0.5543333949080183,0.5780962256742452,0.5987636556751152,0.5040936758475114,0.5698339524453366,0.5601953429928976,0.5902855345165915,0.5542589031460919,0.5242038791993241,0.556917239871431,0.5480199305017445,0.5284204289759454,0.6336149399236335,0.536535420551533,0.5770689010598617,0.5283826215220679,0.58490119483823,0.42887736825439043,0.6145410562009033,0.523051836802039,0.5700420172643155,0.4933191394521969,0.5873519797715415,0.6120685669987531,0.6125799666693028,0.6046266650918797,0.5389254703065146,0.5915071295889046,0.4896981769497675,0.5451733806807462,0.4778158691805394,0.7037355283697614
0.5782044126379676,0.612986522808978,0.5719317050847231,0.5958919058731725,0.5306928835001722,0.589456372103284,0.6071754814020925,0.5509709223197051,0.557685460917431,0.5723720463275295,0.6052026412878826,0.0,0.5343837303488475,0.4860480327971132,0.5922658568233087,0.5768658981962138,0.5810338633348002,0.5448139849473451,0.6700050151684721,0.5247990779767929,0.6383275413001972,0.5896227285990697,0.5737857008512451,0.5793822284418823,0.6323930212088911,0.5622836408094117,0.5132562871098607,0.5526576678246934,0.5607988333914826,0.5841372662271164,0.6179459752590464,0.5799534723332668,0.6004937715458738,0.6208709375916434,0.5413031206451456,0.5751231869110421,0.5654427309373503,0.5560282026400699,0.614179675974378,0.5643181086890804,0.6015981705053405,0.5768837550273146,0.5638842789654369,0.6129372711819977,0.5814426072727561,0.5639076806318957,0.5202024013964159,0.5392907723990888,0.5921297837458774,0.5430797373687247,0.636751021701418,0.6105097972476825,0.5023543740389804,0.6622946098686732,0.6368898480764875,0.5429247569347342,0.5874143322978909,0.6838516790540435,0.5013702658688942,0.5467844846944846,0.5135130930594111,0.481417735623012,0.5717941759474623,0.4658922485800297,0.506323081399153,0.5091081473512812,0.5226775324762087,0.5299589470197459,0.497747288873618,0.5539412777996725,0.5656443403737309,0.4944837007179623,0.5060185253006749,0.5975871670758489,0.5599228143095293,0.5106728126627389,0.5407828319685986,0.593765936926021,0.5670095106581725,0.47385297402130755,0.5258187912792402,0.6038792660035978,0.6212128483540843,0.5119744765329535,0.5683979735724222,0.5994960331065765,0.506838703611316,0.5216662903996371,0.5506240926775308,0.5593955538265319,0.6238159993660103,0.5967430538016149,0.6076381029500847,0.5323980015402388,0.5481567097884297,0.6255056330493605,0.48875879929348337,0.5805836418397925,0.4747191207368023,0.5572243856839161,0.5097855042440651,0.4892323516252399,0.5521754880301746,0.5724585349526466,0.5500792909600094,0.5594727114997065,0.5369942766617396,0.5740702343104322,0.5601920917646092,0.5504692650897665,0.6833813587734692,0.5610088746666163,0.518092273674963,0.5224931937968058,0.5661155244624266,0.5997691780428097,0.550866902180266,0.5512985982516238,0.5511830453701315,0.516005598830997,0.5244857592843977,0.5242714898763964,0.509288232414981,0.6581892031392996,0.47318970224758783,0.6624585733977614,0.49746151394732774,0.5625922841922907,0.5999426149839836,0.5121948758682862,0.5307110497315836,0.538469972506872,0.47493803872009,0.5815433618784419,0.5286415833257746,0.4677497859019599,0.5550396972120489,0.5601764320534756,0.5472128989253653,0.599714852833513,0.5173545781887926,0.5306822580069591,0.5951890741643218,0.5471839842593696,0.5860574361312451,0.5705198067148586,0.630093704958486,0.5484243633193961,0.5978352803688881,0.4374045180429249,0.588919004810544,0.5543142317562807,0.5583542433463988,0.5183651692402786,0.6905619128077938,0.5453590369880185,0.4949777656900868,0.6347525112615398,0.5137430336200978,0.5567388963654669,0.48537057082588364,0.5363081421502917,0.502351292773776,0.6052125701356582
