0,1,2,3,4,5,6,7,8,9,10,11,12,13,14,15,16,17,18,19,20,21,22,23,24,25,26,27,28,29,30,31,32,33,34,35,36,37,38,39,40,41,42,43,44,45,46,47,48,49,50,51,52,53,54,55,56,57,58,59,60,61,62,63,64,65,66,67,68,69,70,71,72,73,74,75,76,77,78,79,80,81,82,83,84,85,86,87,88,89,90,91,92,93,94,95,96,97,98,99,100,101,102,103,104,105,106,107,108,109,110,111,112,113,114,115,116,117,118,119,120,121,122,123,124,125,126,127,128,129,130,131,132,133,134,135,136,137,138,139,140,141,142,143,144,145,146,147,148,149,150,151,152,153,154,155,156,157,158,159,160,161,162,163
0.0,0.6620737156207837,0.696001955022002,0.5310747711921031,0.5252612036844102,0.6663889768090364,0.516636498269892,0.624522438697764,0.6505443513211154,0.6765217005125471,0.6516775814401392,0.5330830322566771,0.7843144681318545,0.5646603652682427,0.5122131721677675,0.681773022888586,0.6527772583395065,0.6583365535113707,0.607441317594352,0.7347965343076233,0.5947700230955166,0.6867905369079857,0.5509717920720468,0.5288479666852979,0.6686103103389127,0.5099011617882724,0.5075438623068419,0.6543076978581496,0.6358389395998596,0.5102798919735848,0.5221084226539352,0.666039078880335,0.49810934528226514,0.4823732228291189,0.6681092752035859,0.48040645638941026,0.6187181973766931,0.6147875414254231,0.47896908610646344,0.6232380945333851,0.4951836672889883,0.6284460751995246,0.537774110108809,0.5227912303202382,0.5461194324112291,0.5030099877712543,0.5089880758359178,0.5524305251561265,0.6428718356998846,0.5517149293500726,0.547647533674672,0.6006955842309573,0.5329028929502405,0.5493873249150311,0.537536829122032,0.5883934527285142,0.634691296988357,0.5768721399860816,0.6001047531022043,0.5077182825826557,0.6281602960727883,0.4337852990292088,0.6302926964099108,0.4980175969470707,0.5235433824103121,0.5117657577569076,0.534667179525988,0.5857440863797215,0.5339615119137371,0.7060432809222368,0.5981613701605433,0.5454779295234848,0.6500116407736605,0.6467428318921249,0.6365089321248663,0.5219888518404445,0.5583152361693465,0.5357799895551248,0.4912425205709513,0.4948932670997233,0.5828388383931438,0.5728698203812382,0.6235153462810472,0.6400038247048205,0.5656163399116854,0.6723990339088992,0.6318200325127421,0.5557304287743785,0.5700818955907493,0.4873600258651617,0.5598933327718962,0.4749709550120882,0.5588102111086035,0.5637972451802192,0.6136648124452854,0.5410079935551936,0.4842777438566542,0.5217063894590788,0.46566846565629677,0.5378191813124927,0.4838263828423465,0.4899986801166436,0.4496264282785289,0.480603496001721,0.5697146895778978,0.5505163812783435,0.4937442202168051,0.727843445048346,0.4971396727996397,0.5313447295989713,0.5253507533802767,0.5305635206132827,0.6252720168455063,0.5683632119115332,0.5491815663347989,0.6810526607269878,0.6305254341422758,0.6231605186521235,0.6128893506408755,0.5270307684090981,0.5763268975265555,0.5015581875433596,0.6000634524756858,0.5452873013053857,0.6209223035778844,0.5253236176598644,0.49489329025402734,0.46083589955773524,0.5483228868794084,0.5524841449436175,0.5760469639670577,0.6653248040268623,0.588210094532242,0.6074407620794489,0.545084607323822,0.5348575672918658,0.5819712259836813,0.5486784281544381,0.6407727240555818,0.5051543819390911,0.5274002616819488,0.5583333780342232,0.5815626088632725,0.5388701919122959,0.5450373508719971,0.5599187595567181,0.591471587788786,0.499452330110271,0.7038696553554294,0.39337099151623817,0.5784083335666117,0.5843965795867098,0.5430234346860789,0.49390762849412373,0.5260195850557859,0.5466313005275744,0.6465677928062361,0.5638223575218346,0.5766437741362793,0.610132620651462,0.5215177037206483,0.6641431099678762,0.47563132341120756,0.7106759628285778
0.6620737156207837,0.0,0.605045374771033,0.5685416575385288,0.5085577050391926,0.7104121898131011,0.5882714329503571,0.712826257330145,0.6032003957691552,0.7007651868444633,0.5318640630755204,0.6411191774139372,0.6750795005336928,0.5707244358927341,0.5668214857067847,0.6212796797280419,0.5799188845516027,0.5494619428852182,0.6236681510914166,0.6570304497239515,0.6167387525088045,0.5679096936673539,0.5764254403234702,0.5683730048543688,0.6628494960873971,0.5776376082072081,0.49007070450806184,0.5435674463064986,0.6774817084779111,0.48167483992032695,0.6471438581794579,0.7250811364984622,0.592095723824917,0.589608407715871,0.6952926903454898,0.5619686324691436,0.6330712169175403,0.6040156337725616,0.5572072907744018,0.685505230790891,0.5799080179213486,0.5461928483583907,0.5531777986602735,0.5812302897438756,0.6756962767413104,0.5732407519095487,0.609503087499143,0.5471108596647016,0.656983839111616,0.5833795749288586,0.5999740724452405,0.6794790384294326,0.5519769847937142,0.6232625367236536,0.6115481258148515,0.7331893775157591,0.6377782149719192,0.5696961709163068,0.5870645464989215,0.5909739155636934,0.6339539969283529,0.49655483309969956,0.5910882887127903,0.5279047803262933,0.5361807944119785,0.5340625060383524,0.5896731147857801,0.5865013690988897,0.45908377543766615,0.5825821594099284,0.6485603178382034,0.607864509053881,0.5698427935813659,0.6506635056871214,0.5549109224791293,0.5835795758612612,0.591289958656051,0.6285272553156592,0.5578427427938891,0.5249698764633236,0.595968607461295,0.6261538767032682,0.6896753391455318,0.6358673506505321,0.6073886130131874,0.8055434622829283,0.6087110120246982,0.5932830754890573,0.6883917331240975,0.585942960948247,0.5392478208161602,0.5925376665517222,0.5928124460943398,0.6073230874766268,0.6127485471083398,0.6360723924504239,0.5462994292535115,0.6508951437433532,0.5231367561529473,0.6784455326744143,0.5543342826695914,0.5198120857506494,0.49794205082525217,0.5282351495737051,0.6113086728186128,0.64536049743238,0.5493614265455273,0.6398921484311819,0.5799260691377741,0.5573223269097075,0.5820347255851894,0.5737687542785739,0.6165297744951989,0.5441273870107244,0.6212401268337354,0.6691239231888301,0.6935988145787105,0.5758234348725242,0.5945513249299004,0.5594215287092118,0.6052328198697795,0.5659101463302586,0.6124521685520524,0.6270379020967463,0.6017265436420121,0.6258004486437251,0.564054373648866,0.567201187003386,0.6542051855539234,0.607396400930533,0.551399628354971,0.6084205917315477,0.5764143807457922,0.6594380852029007,0.5554299834688785,0.5453428864613287,0.6591758642763358,0.6617779432076656,0.6301329920266672,0.5592296288963233,0.5447122659828437,0.5910787536813786,0.686502960533809,0.5630641409639298,0.6069456491466981,0.6583193658200176,0.705597004991919,0.5604259993692576,0.7347042573423338,0.40747928385154397,0.622400038659525,0.6110988030563138,0.49600366786463346,0.5684542366692888,0.587863483025348,0.5695220047835808,0.5481306055463555,0.6501439495934425,0.6014443301451456,0.6378369613815835,0.5486218709025305,0.690829186607894,0.5214776903049911,0.590468703164182
0.696001955022002,0.605045374771033,0.0,0.5446381465080308,0.6530883062011313,0.5690549704958856,0.5407778719436025,0.6286127618643997,0.6679551085356196,0.6722523910881697,0.6487677115006191,0.5558241982133206,0.6327048594777278,0.520386124665667,0.5283931371934689,0.7067338599505819,0.7027305644260726,0.7146353969150825,0.635163662643684,0.625306973553368,0.6349972500904226,0.810992817116319,0.6249707357317431,0.5230336637410081,0.6263518493873256,0.504145925657838,0.5550983884093786,0.6432710423089719,0.5810546656045515,0.5834706033497067,0.5011958725352942,0.6216897029757207,0.4914714305028832,0.462893737274405,0.5797462463017329,0.4833494355560378,0.5516988635764634,0.6173614683198596,0.4888618375733945,0.6411375222356709,0.506367907820744,0.6989506950138566,0.5622462959283137,0.4946706664536597,0.520835590135609,0.505371781846727,0.5224972518422664,0.5012479341423288,0.6615072879421392,0.5828507080185732,0.5724712974834487,0.581157695118737,0.5342324286398373,0.5460452075809866,0.5297646711085148,0.5361128709575067,0.6468315335618027,0.6646655047021898,0.6058458811035989,0.510893439199624,0.5487628150987895,0.42713320218441453,0.6300300291723244,0.49515177391253945,0.5273856213935366,0.48613685839675325,0.496924596743343,0.559863576434149,0.5791920887483827,0.7381699621246088,0.5732333488267904,0.5139336844729386,0.5869042046675139,0.6876805516487143,0.6368037500241349,0.4691559882839156,0.5840418563651161,0.5650373632694943,0.4810131805227162,0.4467527267909846,0.5334829328453659,0.6018571896315016,0.6332084292716152,0.5454774491897684,0.5724516988577909,0.6425386457299839,0.5536875811124041,0.5696267555594787,0.5401851157816038,0.46229320005353913,0.6498315222808644,0.47003185048262175,0.5955461158897818,0.511062728672617,0.6277941646309098,0.5065829941770088,0.46372188638482476,0.49666617691684295,0.45344319246463516,0.5068750476088427,0.44327121128061137,0.5079256465044639,0.45925993907772233,0.48822716223966844,0.5579410706272311,0.5552498013647582,0.5027821843396098,0.7150722643694427,0.5047426867105703,0.4906725219273239,0.5213222879417659,0.5538806706401503,0.5269924795413372,0.6049551617468593,0.5170703942061791,0.6915624819983002,0.5694592995393822,0.6999302294381342,0.5721037072055378,0.5086467794682947,0.6056929013931479,0.5157741913997355,0.5123733252927171,0.5347464440972404,0.5270104412369746,0.49859542962443143,0.5017233323075925,0.4603134568482878,0.5159159055348647,0.5448433709639259,0.5791242433515611,0.7238078776379095,0.5127061064871503,0.5706424453939816,0.5089734578795311,0.49699346069977063,0.5285546262742562,0.5397535240726518,0.6660915619077132,0.5368046557116393,0.48288551619833897,0.528432344898594,0.6008578693386925,0.5730288133018014,0.5185940656732116,0.5612044383520208,0.6323189303973596,0.5062638407087318,0.6649337697890015,0.3885991620176893,0.5393650083211062,0.5634845501080346,0.6312570200887005,0.5363844124171991,0.5357173915216635,0.5154169421411128,0.5650495991521585,0.5561936359345233,0.5128094119004055,0.585583296859099,0.5002787713416055,0.5613466491054194,0.49101026007445703,0.7228751318445161
0.5310747711921031,0.5685416575385288,0.5446381465080308,0.0,0.5309611087649643,0.5443442279596146,0.660868243606751,0.5880201191310588,0.49233292025434755,0.6026499711168892,0.5106318981964918,0.6344737515312217,0.502724752618874,0.46916267124562344,0.5921077638906858,0.5133098809557503,0.5176558519223541,0.5141141204839378,0.6918516324119458,0.49838137357122186,0.6307566917231107,0.5188998056160089,0.5957635432573689,0.5297950943454095,0.6106659908392261,0.5776495280165137,0.4554491902788747,0.4954488945835631,0.5720710036622112,0.4354689759500448,0.5690109703234654,0.5507535978810644,0.6700035272114729,0.5377785301275647,0.5675712826904524,0.547425386027929,0.5293025750314898,0.5350157637181958,0.557228831592799,0.6218025727029652,0.6323716925897669,0.49695505542040447,0.5711372660176469,0.6119350724188398,0.5461421726295089,0.515715703121509,0.5067066838162153,0.514155897010197,0.6269928936260788,0.5363898107689605,0.6425920800892344,0.6513533437987248,0.5012002774889747,0.7005838768950777,0.6342146625349517,0.5109360674437464,0.5712111244780727,0.5777807110659327,0.573790272506996,0.5009895497492604,0.5403133578681495,0.4391676606563216,0.594400631368544,0.4698334030056555,0.5282683346063561,0.49270160365691473,0.520412785271682,0.516340956443547,0.4442109296808824,0.5640360557189175,0.5611404233004044,0.5179461857916885,0.5224826747990379,0.6172001011811337,0.4875240953808769,0.48643568127406384,0.566210800166446,0.5927453995660735,0.5389219423844613,0.457546481875654,0.5443736938802209,0.6534433862881464,0.5392133067675814,0.5113111244333192,0.6078014750207505,0.5708360386776647,0.5428325585335503,0.5772016705388794,0.5419269341858924,0.4645844428898385,0.5671262283373408,0.5816308443517841,0.5740215708802257,0.5089212774179946,0.6104589860481366,0.5832476399243499,0.49270746384128267,0.6024415469725428,0.46994720996004913,0.5608719646812071,0.4774097250895018,0.5343372211593284,0.6358358063392905,0.6483340649829719,0.5588395372178879,0.5257795733902526,0.5280862551752004,0.5533799435216994,0.5369372773507524,0.4801048839269997,0.6585420713809472,0.5940949531250219,0.53176581672094,0.5118696687125531,0.548309223975027,0.5230789331919566,0.5839836962235267,0.5509606666314312,0.6543528942278714,0.49601977846319184,0.531171807846568,0.6429497258521742,0.49708392820020675,0.5783125533554578,0.5081774546520016,0.5855570334356475,0.5054799279327614,0.47205058465785393,0.5917801216030364,0.5435225085965928,0.4450687451791042,0.533241676936047,0.4734886056369299,0.582152352214226,0.5139462559031798,0.4859068258013131,0.47968794306406265,0.6144604017993038,0.5858021281183934,0.569314239994281,0.6020610331928106,0.4803119172737877,0.6187010652462753,0.5824124099246695,0.5569194335486592,0.6328184934618221,0.583338497965321,0.5212191858951621,0.5882903939221981,0.3635379249008043,0.6182209546170606,0.6132121427114886,0.48041413102997277,0.4955006960529931,0.6640498776191022,0.5113742279619771,0.4597495053188791,0.5863979133423151,0.6295927742252841,0.5861743988964794,0.5332403895726077,0.5706607966943412,0.5423460834769054,0.5578106141657189
0.5252612036844102,0.5085577050391926,0.6530883062011313,0.5309611087649643,0.0,0.47436539264031996,0.5244412466690791,0.5377582755268181,0.5609841869037477,0.5583009021094435,0.5531230568926059,0.5338839631891523,0.49215890253099487,0.4713895804383559,0.48528406595432266,0.5918936397168626,0.6140814891067398,0.5826690035550419,0.5660636050330273,0.49289492840630694,0.5667218931177237,0.6071427301499777,0.6454833316249882,0.4579215423211473,0.5213758077961431,0.4734845493984807,0.5693587634587041,0.5485455134920025,0.5201731261803341,0.6012178939278204,0.45521162350327016,0.5271904929752778,0.4686980595382525,0.4332019968044006,0.5018500425431877,0.4829584275179949,0.4618257645547851,0.5654218216771789,0.4672882570909102,0.5602598661164546,0.49688488001973213,0.6040472346471826,0.5162010325401225,0.4537057909583153,0.4628726564934535,0.460178493903017,0.495802968135183,0.43456219967606147,0.5763522572230618,0.5533667330781393,0.5380476566976317,0.5197791045526098,0.4893575728698766,0.5014505240001521,0.5022777927995753,0.46285890965368814,0.5522039145100547,0.7033479822821989,0.5278544500129904,0.48587207425668666,0.4520135160294281,0.41600054852749796,0.5457984674542364,0.4848887913932016,0.47161050443843844,0.4245870506858467,0.4344399933242454,0.46962864155990336,0.5538145191217173,0.5832265185611158,0.4879725235730796,0.46967236277947155,0.5061890915196183,0.5803105268645387,0.5484212380825502,0.4093508330329453,0.5314638084857586,0.5599251059545445,0.44359337259132137,0.3966486862405752,0.45694708262158434,0.5450683407194661,0.533298830384474,0.4635050941943106,0.5385742771224332,0.5394259526786304,0.46314593965563655,0.533548159263196,0.4787413410256014,0.41319499974550433,0.7287167616300999,0.4561541452877972,0.5889055963282915,0.4379032475684835,0.5693960034119389,0.45517118731844014,0.41830742927829717,0.46082601306035154,0.44829165884991473,0.4558723283369933,0.40414646017645184,0.4728177348631073,0.4622742988605307,0.47467521957106507,0.5175733878671557,0.49986655174397343,0.4703612767207432,0.5823883068196697,0.4739144649856255,0.4199481607255845,0.4844280327430574,0.5507164072915088,0.44259173003744134,0.589179141778969,0.4687841424400441,0.5818206164270004,0.4895715455779416,0.6054183733652504,0.5104884809105616,0.49449418944539375,0.5706687590073528,0.5133696944131707,0.4376848293869035,0.47798066357650104,0.4500091313169566,0.4522175683148026,0.4937021315332129,0.43766847529943914,0.4778549005747533,0.4887493626708074,0.5215575767585802,0.5967968528400404,0.43827319634947204,0.5170195015526404,0.4358045369291115,0.43055690433913735,0.44618096430759485,0.5018184831655722,0.567386413604846,0.5185163741836933,0.4304632165313656,0.4863932467142839,0.5528190839912106,0.5749973471637757,0.46868181665681813,0.5263966355837045,0.5684460458326143,0.4662410518888593,0.5472952401675013,0.3899871510753536,0.4711990134128138,0.5105483041078362,0.6225909444473767,0.5143077862411733,0.5030622014909593,0.4400505863732555,0.44707750927636397,0.4941975484167429,0.4562222174403092,0.5302054226030234,0.4459305457303921,0.47985780697629327,0.47691360585829756,0.5842989157152174
0.6663889768090364,0.7104121898131011,0.5690549704958856,0.5443442279596146,0.47436539264031996,0.0,0.5291182524173951,0.6018761345159346,0.5472074229288458,0.6067231986051569,0.5521459977794232,0.5685238128479408,0.6855910979631149,0.5439715478610827,0.5130448331566498,0.5875157296021049,0.5467650836720283,0.512618707479282,0.5718016473706472,0.6128819018786936,0.5620137316334387,0.5454268857740237,0.4989622426497935,0.5392293988203638,0.6269620671439828,0.5468987876642843,0.44687815249566587,0.5310863388000153,0.6685800557876708,0.44865319286782196,0.5720474888145066,0.6452477718820935,0.5579087950154548,0.5370618007202186,0.6786873867178002,0.5043257274592787,0.6480230435521932,0.5511125572156763,0.5014188476023527,0.5888851414148707,0.5194716711686745,0.5218633010123166,0.5072817114175086,0.5936192386157878,0.582366810737974,0.5018701008515879,0.5255858385715559,0.5951870410584598,0.5798727585521581,0.5131766943230474,0.5413255799014787,0.6552003083300953,0.4988505394403074,0.5868681911406255,0.5692726817539784,0.6531481448769609,0.5681051300373402,0.533792559705581,0.5247308689953436,0.5095657088408408,0.6448283871834787,0.4551667051687335,0.5828596157009964,0.47821808093663093,0.4895453357439843,0.5039821758973866,0.556012792587482,0.5707896957212669,0.43903241684258876,0.5621393290829242,0.6000067171154089,0.54283253449401,0.5741348708557895,0.5822556301560097,0.533780430526723,0.5556011019129526,0.536775972135508,0.5566536063707016,0.5066809391336168,0.5515064738871834,0.5945072036673612,0.5496010633984709,0.6087755125363614,0.6490573078352933,0.5429392649696736,0.6481524589757854,0.6349484781018966,0.518695936587537,0.5811597135938271,0.533192529987998,0.5021055763370633,0.521168386878427,0.5306680930749257,0.5780068048142837,0.5524690866796901,0.6274011058541673,0.5037046230728685,0.5873876338751961,0.48270941877183,0.588931804072861,0.5323820627528452,0.4747073515750507,0.46145915202946475,0.49281079576227926,0.5523499137224381,0.5524936030048423,0.48966200323799486,0.5965525961714954,0.5040830696066435,0.5608888395681615,0.5609279467939011,0.5100223252312776,0.6785729061616583,0.49438389372146563,0.5758848804161503,0.613989336118619,0.6306206761063708,0.52031067168482,0.6352820328411024,0.5299097769850908,0.5401751589581456,0.5116749362357236,0.6449058818909768,0.577527430654349,0.6168657375274754,0.5974511766566822,0.4977356642286708,0.504050568714911,0.6099391152573518,0.5333471979115573,0.5099081558379014,0.5655382637426376,0.5805663398205734,0.6282927083250315,0.5427870626505795,0.5262689951820919,0.6138777368889852,0.576099408726363,0.5505571846514651,0.48681691984165903,0.5621085089476976,0.5577983406091854,0.5654080363896187,0.5029169889247406,0.5714701028654134,0.5745037307491666,0.5947214463525318,0.4987735571621976,0.6317193712870232,0.3925134290081706,0.5981855595084237,0.5648040484443958,0.45791235936551616,0.4783420697926674,0.5396455429185025,0.5415035570084732,0.5703501773218728,0.6085807003731813,0.633795350818754,0.6021730715032771,0.5113855990434474,0.6929810244122092,0.4613429068651263,0.5884637119174851
0.516636498269892,0.5882714329503571,0.5407778719436025,0.660868243606751,0.5244412466690791,0.5291182524173951,0.0,0.6090340012332374,0.4894270382281556,0.6542910882406113,0.46782563062424964,0.7269694154848643,0.5019942597706393,0.4404775720525752,0.7259826350231348,0.5012197839049942,0.4846273506386214,0.49756450274678465,0.650725600193134,0.4986443131366831,0.6710670382724018,0.5080270696378211,0.6214346509241501,0.6306823782496805,0.6490623617638824,0.6295755968183738,0.4353316173015698,0.4514187723291869,0.5318458521849276,0.43251781128033284,0.6502822757835269,0.5511494691256938,0.6444110334639678,0.5815142334830701,0.5224727799874215,0.5217707917569637,0.5671619083036942,0.5016357294518855,0.6254629514695964,0.6686454300268718,0.6353521007110332,0.4900628614912262,0.6215401228329646,0.6221229028063389,0.6005578472462049,0.5878305961163129,0.5814530692316702,0.5227935234627612,0.665824151772268,0.5242515791650754,0.6645049241373435,0.6241619180678843,0.48449207429888025,0.6729499971383768,0.5994401743837806,0.5696478127489286,0.5709167770697255,0.5307920608848048,0.5827791803965483,0.503276873153723,0.5319851630649436,0.43926008985872117,0.5406216946187566,0.44903815474164555,0.5598315025616012,0.5238028179015112,0.5667105013604735,0.5922825427085305,0.4146751783587526,0.5351818703810185,0.6204876021398129,0.5143704605689726,0.47278216370220755,0.6273957724610191,0.44911036250302444,0.5213940029873109,0.6048330470527484,0.6755861849983442,0.5834919875635448,0.4790235730466541,0.567539885029106,0.7110445139107939,0.6290850826956077,0.48167995262868935,0.5893391845555058,0.5884535723612926,0.5378529101370847,0.5794519756545301,0.5717850239856452,0.5367092116168188,0.5169971375795227,0.6331642606935699,0.5436166369647449,0.5210763179456983,0.577135055084812,0.6507051992601469,0.5051838507840548,0.6508886566050568,0.4500607631084041,0.5938469247260566,0.4862797780710951,0.5901956268066423,0.6474265326938707,0.7075362368224017,0.5172396350498646,0.5898421357560225,0.562155890768212,0.5425859965087778,0.6101146707940148,0.5391052590475782,0.7038797411976356,0.5789386421454483,0.5149589475729637,0.4832747011477587,0.52934323038855,0.5091416328020809,0.5814271716291725,0.5740867597384263,0.5649617949859045,0.45573618425784146,0.5348589766487925,0.6155207638274837,0.4914646333598977,0.6864899304238545,0.4907218996374198,0.6398686383728678,0.4924034547718151,0.523978362387152,0.5623844473307574,0.5860482842048784,0.4393796479121019,0.5237764535737505,0.4631973784544973,0.5322995046968343,0.5463060029021589,0.5119117136837447,0.5390560153233721,0.6554744405247469,0.6013753353687732,0.6505086663855761,0.5621328522486747,0.4644771156292634,0.6462616881731348,0.5403151674554102,0.5981577070629257,0.7147890652002019,0.6650300746409271,0.6047847080091194,0.6207553431859175,0.3449546870970122,0.6296639578643565,0.5805952739461087,0.4528314200876727,0.6058213103118424,0.8169596131085248,0.5800063235381672,0.4696542547105076,0.7134847139455347,0.559268920372228,0.5562379905408312,0.5781320698656541,0.5468075944667222,0.6211981991143035,0.532003100298327
0.624522438697764,0.712826257330145,0.6286127618643997,0.5880201191310588,0.5377582755268181,0.6018761345159346,0.6090340012332374,0.0,0.6206520951409236,0.7208822443676036,0.5224090721367736,0.6701533088926847,0.6182497265940113,0.5327082681148356,0.6080535476178592,0.6213103348680236,0.5818413809341416,0.5802043557150884,0.6684266729458844,0.6262794094132001,0.6513805339446672,0.5794656846905025,0.6408003148978705,0.5587896826521696,0.6626979163382247,0.580693288402521,0.5171726391490805,0.5411834622385977,0.5961060018872468,0.5047106301298954,0.6569949644622772,0.6981844891289255,0.5881756558233986,0.5748628752677675,0.6192795456762153,0.5705550792760714,0.5969110470145481,0.6191590411335803,0.5863018144025254,0.6968329123469261,0.5970844527503847,0.5495910694154666,0.6138219063939622,0.5504054360495912,0.6850449008418066,0.611116863757182,0.6150908045510181,0.5136597607024671,0.6903466010304007,0.6245240063549801,0.6453946519122082,0.6421540557268769,0.5581667352494227,0.6231259164567504,0.6166699124189615,0.6313649710372194,0.6702206446189647,0.6090383687151233,0.617136176770495,0.6035262970583449,0.6056113645712347,0.49494121092401416,0.6090740578276423,0.5254871941401142,0.5644797357165413,0.5419662307055659,0.5721043979942614,0.5846974133159173,0.48219350537834266,0.6317319671128337,0.6526628427592055,0.5924376187846965,0.5459916902099323,0.7022003353068295,0.5572450368034338,0.5494101754473336,0.6354712425034771,0.6346876970008316,0.5874291652069475,0.47742408319562657,0.5662310425403179,0.698227503557155,0.685005545967773,0.5851883231381886,0.6355969858336759,0.7924484869433579,0.5971303542883173,0.6586296636421793,0.702793641770661,0.5579337464454525,0.5736309634226446,0.5955038288847483,0.6201877028183379,0.5730821666969983,0.6317184010444072,0.5971044020593734,0.552795127835014,0.6207761072972037,0.505288311602159,0.6506096720113657,0.5173143200059943,0.5857692035903466,0.5313408497188964,0.5570289923113686,0.628751147521013,0.6790937096953851,0.5876091770468799,0.6320040869962327,0.6050064924161275,0.5188840950590048,0.578370600543758,0.6125946843962802,0.5550327552031915,0.5767543575973958,0.6051906379376841,0.6360224597048796,0.6514584655782185,0.6325038377878006,0.5571900691850766,0.536400245204087,0.6121361501814894,0.6316238050749597,0.5385626571287407,0.6223439175640456,0.5422458132318733,0.6023517582764871,0.5709557844337548,0.571883977230073,0.6078159366351202,0.636533939619834,0.5450277507279477,0.6313499463434213,0.5438907830909187,0.6125107852006118,0.5476960404965254,0.527730819151249,0.6053533098546937,0.6591805625660074,0.691727923547517,0.6348293512865867,0.5302363799986393,0.5548334747612818,0.7293813578039421,0.6027055980439376,0.5894419985746474,0.693364850904637,0.7556504406703047,0.5869480243288393,0.7425176468950904,0.3955654513648838,0.6277145597830086,0.6099501886659506,0.5262873203229241,0.6182379407082358,0.619903409664695,0.5763530512066646,0.5172818883049698,0.6375161784617718,0.5498438375612379,0.6229031444496526,0.5512876306187728,0.6085877663379692,0.5619826657926983,0.5812527222658915
0.6505443513211154,0.6032003957691552,0.6679551085356196,0.49233292025434755,0.5609841869037477,0.5472074229288458,0.4894270382281556,0.6206520951409236,0.0,0.6203838464076624,0.586729488875939,0.5257552240989021,0.605704362710954,0.552322374108079,0.47148899253833865,0.6547042123477963,0.64343748109799,0.6276449918551242,0.5495952224220731,0.6092835468476415,0.5298408278707464,0.671211848983854,0.5895063644822888,0.46311040073229637,0.5699116551778723,0.45709600768550923,0.6312143506886088,0.6520567386666981,0.5582141773183249,0.6350087972159147,0.48650064082371974,0.5927469178256976,0.459397652060587,0.45062312022782436,0.5853733286835812,0.476059938998643,0.5129289060748504,0.608842521941482,0.4516523878203545,0.5573650198480974,0.46402481032654885,0.7056379211755803,0.4844345843847052,0.4468333989928623,0.5068703476312457,0.46629242853135977,0.49722171827338313,0.44955400942728885,0.5788237208333831,0.54292264688667,0.4993348381633469,0.5137624719900387,0.5023871202534617,0.48504818277732803,0.4892200246453894,0.5507749022034981,0.5634013466511438,0.6292078686250331,0.5340217607665331,0.5083462076362121,0.5080877399158246,0.4272519959912812,0.5316888828333707,0.5123925593362479,0.46600844223557036,0.439382485742063,0.4699518901129838,0.49593067723163076,0.5723784024039869,0.6608022378356218,0.5104985757152236,0.5026432238903972,0.5729197278584922,0.5754278899652709,0.644984590264273,0.4472859341721193,0.514749144322639,0.5168690597397058,0.4442230800474354,0.4151214819511756,0.47150789792209125,0.538983297991673,0.585191709700383,0.5341677325494466,0.5239032751710566,0.6342340744150061,0.5251956172612962,0.5330180786517411,0.533083867324367,0.46762382596589364,0.5985546923218952,0.4635202781268374,0.5474413701587669,0.47193562210260476,0.5640407952634446,0.4843047968865622,0.43925082523197606,0.4852046190513531,0.46873549740370746,0.49137723966898783,0.43568324483701826,0.4579643245388041,0.4245578164496592,0.45245274916735545,0.5440909229239931,0.5164802169243533,0.4582509625736359,0.7043118133118148,0.46484839826749197,0.4538111828503846,0.4652057632149519,0.515924147741172,0.4970053231320688,0.6281988461929066,0.4880207757905775,0.7143485435210439,0.531833646951444,0.5902512639782369,0.5023283319999844,0.5556279604771573,0.5544678875714919,0.488485533943279,0.4948102717164506,0.47945770067075877,0.5122396223735599,0.46167159980904277,0.5033717530610833,0.45860014396285415,0.49493801442334767,0.49921447485998516,0.7472508410268128,0.6147657144777218,0.5100949654815602,0.5699857436917071,0.4624951570484203,0.44690384482343704,0.5088342519669512,0.5016912974062788,0.5973033291890244,0.49139820041192267,0.4426569945817898,0.5430736665716682,0.570278769590813,0.5468499459796204,0.47977317622195076,0.5370930407226965,0.5934103571808633,0.4596771624207333,0.6209695478829725,0.41549898137746527,0.4943778582740159,0.5138454068854886,0.6043838034650243,0.5130406035854004,0.4826606374200827,0.47553536616985886,0.5224957198984659,0.5043379554878337,0.48119154453679924,0.5367243855908438,0.4493905355035359,0.5416118757175382,0.4557660825691669,0.6162184515065903
0.6765217005125471,0.7007651868444633,0.6722523910881697,0.6026499711168892,0.5583009021094435,0.6067231986051569,0.6542910882406113,0.7208822443676036,0.6203838464076624,0.0,0.5505708778276183,0.6428029926067249,0.6306598728598252,0.5097533000435741,0.6382937753999768,0.6079069677527477,0.5845497908120602,0.6302651279034046,0.7014399722212155,0.6279119842531156,0.6866490863620266,0.6313764383328956,0.664205834291131,0.602296953215894,0.7806849625263934,0.5677815727080959,0.5021902967476891,0.5535717385752326,0.6026622586926835,0.503803396793961,0.6154519407148848,0.655891122057461,0.571569841687985,0.5369874647078097,0.6116935708648381,0.5145315454802927,0.6273759850965033,0.5881470577695862,0.5510665710208771,0.7359985005109063,0.5725161360971943,0.5949037518109263,0.6251345399247401,0.5667982198654838,0.6146006725906684,0.5856549482554539,0.5901230709508138,0.5390141092830834,0.7744197403792668,0.5781437163267859,0.6373768869056505,0.6423310880379838,0.5438481535783329,0.6179318723523419,0.5821802745856103,0.6350970538216915,0.6646811904199252,0.5912781859278184,0.6669092903805004,0.5359904093595474,0.5990490484839638,0.44880997360714026,0.6149707351594879,0.490620183508595,0.5840076531971602,0.5447883200746347,0.5740360759204005,0.6477792066387318,0.49263300699708124,0.6798432025559985,0.6652371869185387,0.5603904916565476,0.5544783162357668,0.7224785830436724,0.5481333342237202,0.5524308351804714,0.6156972264728152,0.6258188651212739,0.5583075462128383,0.48912851014964576,0.6077893479871246,0.7088175798121237,0.7479164110404604,0.5636682511082224,0.6145216053074022,0.721893362387978,0.6053233209789257,0.627894002442237,0.636865071166186,0.5374359367157813,0.574362129013511,0.5578989430004201,0.5902215195877497,0.5676101635762296,0.6475212500447735,0.6176486472312097,0.5119072014854902,0.6021952358585939,0.468825873083839,0.5996995867277312,0.49409109743128826,0.5626353432889514,0.5294977542666612,0.5892577586077208,0.575585481882045,0.6230398633951929,0.5523035626338376,0.6937297477844658,0.5844663694178223,0.5545551867189444,0.5994160659643514,0.5836140465187477,0.5736911335797996,0.5600606067273755,0.5657895522682442,0.6263723313158746,0.6709611769017518,0.6858920288205236,0.5944338683703484,0.5060024398350186,0.5887254347022688,0.5779130896938927,0.5465325156310662,0.6431236502363497,0.5604543035845914,0.5948982112587626,0.5151838515803363,0.50710429431705,0.5719550717545555,0.6235600602888465,0.5366588800145581,0.6275442482481287,0.5294394145519671,0.586758106128575,0.5659162291225367,0.5489042923313894,0.6107359778739324,0.6341756382265221,0.7237546901988663,0.6150611547329359,0.5643254128154587,0.5222272874827164,0.6899530089326174,0.5733454558906658,0.590519997277261,0.6822342332386764,0.711552058572868,0.5899368969923124,0.8191009139799087,0.3720100945545174,0.6354572407959149,0.6393213480141404,0.5237470079077415,0.602780586578176,0.6524527841119301,0.6049066241126404,0.5608064060431904,0.6732928215067044,0.5817077876080193,0.6106178541417695,0.5918017626289034,0.6324101247531175,0.5677027537872599,0.6387866275687617
0.6516775814401392,0.5318640630755204,0.6487677115006191,0.5106318981964918,0.5531230568926059,0.5521459977794232,0.46782563062424964,0.5224090721367736,0.586729488875939,0.5505708778276183,0.0,0.4823355761739698,0.6059477724246548,0.534338690866331,0.44410218880374513,0.6443251231732803,0.6444947107691947,0.5920702748348947,0.5354353206301916,0.5821708375687061,0.5350274000352498,0.6855149936659015,0.5189199934488804,0.463964067101496,0.5617413293101421,0.4690533895612649,0.524311270663074,0.6785090566357359,0.58162518195552,0.5090676370007556,0.4444787873715492,0.5503880281654292,0.44357967215314,0.429796328881566,0.5905578961093184,0.4490938787272076,0.5297624782863749,0.5830150804133334,0.4369557945701206,0.5400503510289343,0.4441913764774314,0.6558741685767062,0.47299525454133307,0.47435270349147973,0.4634321914381893,0.4248184743479309,0.4308033899325446,0.5115179147554908,0.5654436674184056,0.49936503284737804,0.4882324186510933,0.5175226648608892,0.46189352266323636,0.49586961762174603,0.4970182914541908,0.4864869664481229,0.5442316054328339,0.5895734325844083,0.5237320261119575,0.4504370713747017,0.5310323519802738,0.39339165177788743,0.5564885401798431,0.48397548450303596,0.45235254027371413,0.43461842008114465,0.47248864373769156,0.49066626540832886,0.564573283996304,0.6576662472337382,0.49926994930885504,0.47952628859208457,0.686611017534072,0.5672363082876393,0.6141373130925946,0.42765623129114544,0.517436890273376,0.49408675383911044,0.42355631151507017,0.4408579227185999,0.4858855543402678,0.5042134312692553,0.51085520053374,0.5473422539340006,0.5199313736418736,0.5477404886589624,0.5660994733473836,0.4903083758151931,0.46546619309895304,0.42342013758452024,0.582165501717244,0.4215440517593477,0.5177103258664086,0.4676868333872796,0.5734310741380148,0.46972563673598877,0.4210715599251817,0.4546492590076777,0.44562058644059455,0.45339403218916563,0.4344733476873929,0.44477327092684404,0.4199419435618955,0.4318158929213582,0.5115779166665883,0.46415999656112655,0.43535992368007775,0.6568750322856513,0.4266907845032739,0.4642068283789064,0.48532809488555395,0.5064006226441492,0.5476899960717735,0.5846891670176299,0.469966826397735,0.6032686794981099,0.5040497217802377,0.571988982959023,0.5953123124573279,0.5200944132897403,0.5428425006567378,0.4622182657836063,0.5341552498057266,0.46408904599735185,0.5596540992714993,0.45230667189552437,0.4588614843905588,0.4118319982393623,0.49085340895810214,0.47148320879341826,0.535089041135624,0.6145526231983722,0.5395040077666003,0.5845438123804922,0.48705382687770415,0.4536604729050399,0.4645654402631559,0.4799215933729865,0.5705575491001659,0.45028017592805236,0.4601663908819508,0.5283350663874461,0.5062425137972502,0.5277002496883421,0.49234645178922737,0.49557355710511625,0.5134175886347538,0.4250785600147288,0.5635851982831604,0.39892353649220175,0.5075500639637176,0.4985307377592334,0.5768180216583336,0.4330353207941899,0.4694697201151969,0.46983142555293356,0.5756329903321712,0.4843216986693936,0.5274457266508732,0.557130447730284,0.43900386764139426,0.5576074604475987,0.43259077424770315,0.7664277774177422
0.5330830322566771,0.6411191774139372,0.5558241982133206,0.6344737515312217,0.5338839631891523,0.5685238128479408,0.7269694154848643,0.6701533088926847,0.5257552240989021,0.6428029926067249,0.4823355761739698,0.0,0.5252005644714053,0.4680636071897645,0.6259315628930379,0.535916416572987,0.5081670566907127,0.4922271764395416,0.6375886758992159,0.5207297358409,0.6400510820210834,0.5162507676966731,0.6319923694484028,0.5909623968221843,0.6373285761998223,0.6262636458750905,0.4632976515433483,0.4724974961034267,0.5590865748280115,0.46001539803767855,0.6746349476661709,0.5844577364540504,0.6395720355390299,0.6295218216355514,0.558951601888082,0.5609217166453914,0.5726853241636588,0.5292703238925349,0.6199353750058206,0.6520437582248823,0.6230380892411357,0.5107782397381436,0.573543232372223,0.5985267991157949,0.6456667904331062,0.5687373616793044,0.6045721300683274,0.5146482459159001,0.6438165011853062,0.5406245131855792,0.6266280307153562,0.6406604740113708,0.48312414091759176,0.6505732152270773,0.6117310868893746,0.6208431967527116,0.5716745317593397,0.5757139641053376,0.5447725136780279,0.537358661751483,0.5373627707973831,0.462352153514959,0.5374995094176785,0.4783002853590979,0.515195637159044,0.49637899466938185,0.558372900921952,0.5558847134029833,0.42152017748922277,0.5408625704464866,0.6005562120225728,0.5271816595004752,0.4901840733148304,0.6180112528421623,0.47203868715270364,0.5093494631821766,0.5984420513368971,0.7050703387107068,0.5662653118594445,0.47391147493411656,0.5346875902517366,0.6704187940395722,0.6437466355882414,0.505746373644608,0.5928493496187099,0.6465491464130586,0.550684617880297,0.5692379248799705,0.5967075404812314,0.5734223786745387,0.5367602157247002,0.6650954414775456,0.5590723594378693,0.5163061774236855,0.5679727383148859,0.660693756266756,0.50628796415456,0.7058479488864994,0.48302729803675554,0.6203992787255262,0.4996491766914763,0.5575957915863077,0.5861348858415827,0.6256385628806278,0.5423114331951812,0.6158645369760433,0.5495042462462995,0.57301679321449,0.5858171170910554,0.5307315092853532,0.6590356019370189,0.5887744352815159,0.5214010379219134,0.5058126011060481,0.5442750261031318,0.5583733703840094,0.5813544714965622,0.5578440562625545,0.5632738463582516,0.498113790571409,0.5563382100085005,0.6214787358110065,0.513783893771623,0.6403050764239905,0.4980553425615074,0.630874241534437,0.5266816789220033,0.5821027069137291,0.6033079962386004,0.5642696640194266,0.47716423184878215,0.539931926377241,0.4817259992532387,0.5774460408253512,0.5291345254575018,0.48449812457713337,0.5619423859065341,0.6594396719762625,0.6013735896222119,0.613206782590464,0.5210858865883803,0.5005198722304375,0.6649500438525872,0.5538209386761881,0.5941316989879107,0.7738364106662544,0.7483392069251223,0.5598090664852563,0.6413724825829732,0.37239192922348824,0.6144307712792039,0.5540851810513343,0.4685527257095926,0.6132414178141112,0.7092274788956221,0.5522129796315748,0.47108306538510436,0.7052185500366591,0.5476581899185238,0.5674577294717094,0.5195148688883081,0.5594214287366835,0.5649270088176019,0.5408269140914298
