0,1,2,3,4,5,6,7,8,9,10,11,12,13,14,15,16,17,18,19,20,21,22,23,24,25,26,27,28,29,30,31,32,33,34,35,36,37,38,39,40,41,42,43,44,45,46,47,48,49,50,51,52,53,54,55,56,57,58,59,60,61,62,63,64,65,66,67,68,69,70,71,72,73,74,75,76,77,78,79,80,81,82,83,84,85,86,87,88,89,90,91,92,93,94,95,96,97,98,99,100,101,102,103,104,105,106,107,108,109,110,111,112,113,114,115,116,117,118,119,120,121,122,123,124,125,126,127,128,129,130,131,132,133,134,135,136,137,138,139,140,141,142,143,144,145,146,147,148,149,150,151,152,153,154,155,156,157,158,159,160,161,162,163
0.0,0.6363542957822543,0.5270053873842655,0.5385851665927458,0.42877336323908233,0.5682130580590804,0.5369875697764273,0.5667762267259261,0.5924530204616589,0.5696976888595129,0.6051298052558343,0.5352309684458596,0.6434823376408491,0.531141679702517,0.5504327231349467,0.5670549279269881,0.5715170715052413,0.6406310890520267,0.5786545871191895,0.7514879384072364,0.5760594451561863,0.6098473199270484,0.49139218513826133,0.5728513106323216,0.6721444607942587,0.5185469112920121,0.4658189025548136,0.5600984776824638,0.5635095932031251,0.4831524218004504,0.6082650840379559,0.6057247980456121,0.5499579381966121,0.516426901205746,0.6274022007639105,0.4736293993146812,0.6739415043109573,0.5739735182512179,0.5202873908733813,0.5757584683918932,0.5039155152430503,0.5726230945689318,0.5697574451195567,0.6124024172399408,0.6041994698347274,0.5613406670611112,0.48125382278662837,0.5555253445532867,0.6223938703202478,0.5358809176136168,0.563653840997308,0.5779295244045529,0.504638914172852,0.5945737173868273,0.5533173494534134,0.5658387511052888,0.642615187782783,0.5145097812569723,0.5775745479052559,0.5052694025276205,0.6001758543929933,0.43083859604608127,0.573009772795704,0.4711712493388141,0.5661892214388619,0.6112757830963885,0.5859432748703364,0.6003929169886028,0.5515610747139889,0.6356726127465544,0.6647224752117092,0.5619277516274389,0.5641088664075532,0.59384364657282,0.5810908656842233,0.6198644866100669,0.5267793448648463,0.4868440033917273,0.5508903583904314,0.48732358988303975,0.5545280186833605,0.5794265043860966,0.5727948781668224,0.5536831472537068,0.5459990107715615,0.6108827456849231,0.6153448902724461,0.5374758866792309,0.5452423875143141,0.542403535471003,0.5232295105609567,0.5182673761442508,0.5242316066070295,0.6437063471802209,0.5721922906763468,0.6257545036609399,0.5294830222136406,0.5481312534403016,0.44899419972779286,0.5503614778866658,0.5423147677253027,0.5403534328031757,0.48488238974263653,0.5311428140710927,0.5433058410293923,0.5401496344485085,0.5081633794558105,0.5793696811847644,0.5310183999164341,0.5906109408723045,0.5883130384843671,0.517128769165074,0.580412970034885,0.49681251587187236,0.559837370931098,0.5685151540487606,0.6088672297806093,0.5760209888584894,0.5529511043475586,0.47680378950291347,0.5380667509294689,0.4801023129451776,0.5913043722451266,0.6136827908831952,0.5777024672659187,0.6034706006755374,0.4506292775458057,0.49008475404193,0.5388267418820416,0.5824090986042664,0.5288379508197855,0.5408383359713622,0.5579922936095694,0.5592773204849775,0.6274709126039338,0.5761169251507063,0.619897356108727,0.5662358853157302,0.5662716920545166,0.526559646687751,0.5964942144608059,0.5414022584299077,0.5674567049959436,0.48817754685719356,0.6103460718439196,0.5553845284617078,0.5411869465078669,0.5018572079953991,0.6475326348309084,0.38021459392815854,0.6653411421578661,0.5654353785894785,0.5458375413886146,0.47145360649482093,0.5649519778479002,0.6753647601397366,0.554861217036997,0.5441528800247826,0.5937663700054512,0.5433115196886799,0.5231625340919219,0.6673356941137822,0.4773837311160295,0.6457853829929766
0.6363542957822543,0.0,0.558296038454182,0.5894785692374994,0.4269531288915776,0.6002240671190067,0.5465986891057399,0.6807572530334215,0.6167347027479051,0.636396899620216,0.5590230526276132,0.5904142937855889,0.636540595863064,0.5873923986616805,0.5475528252739814,0.5901195657439824,0.5908435840094767,0.5817580126053878,0.5587492685333567,0.6318584814703867,0.5713900741496498,0.5992911099025519,0.506454986185712,0.5429965328154258,0.6256731276493699,0.5342673884967094,0.5267620656151222,0.5539757885042239,0.6544746708257615,0.5015316175992303,0.6460238203808611,0.6184345435314825,0.6662546750818609,0.5404139302633337,0.5959177332021961,0.5331717539651215,0.6066702220566482,0.6240463430174937,0.5560739117519666,0.6132659122826897,0.567616313931638,0.5709444712506039,0.5250095802157352,0.5703776830700036,0.6943081142884748,0.5955792804330234,0.5091231208862556,0.49597543763143126,0.5804728152741728,0.5509616765623001,0.5649498633708167,0.5886373815332339,0.5304966518371903,0.6438504534025975,0.5878086314960008,0.6392938946542261,0.6102443018637124,0.5568047089975134,0.5500213936599972,0.5764824951337804,0.6204449432867367,0.47873729998007775,0.5486086665113612,0.5038073030339134,0.5173016693764483,0.562625167380451,0.604251355925944,0.5508100384915081,0.5378423297860707,0.6206456429396214,0.6245226060237881,0.581558813723761,0.5356716106829301,0.6066544799931414,0.6352574022608594,0.578786137217074,0.540753357703515,0.5297863781612779,0.575602510463592,0.473572350771718,0.5463371338245853,0.5821853561203443,0.6148639559871363,0.5948755807625407,0.5590522734061742,0.7246031897376891,0.5736798894140716,0.534282041245546,0.6047199174686586,0.6418322622012445,0.536324838339093,0.5840481767956714,0.5499820790184086,0.5892376071661474,0.5876275452236059,0.6978759311664259,0.5712482010718322,0.6098979375403963,0.4825299677920907,0.6243396930889094,0.5730570902946169,0.547592485684812,0.4907207222162384,0.5610211211368635,0.5717233994752122,0.5882256963998737,0.544950926563776,0.6003593871151635,0.5862301433365686,0.550750888475499,0.5629816055343425,0.530452676298179,0.5503473208941367,0.5474901282461071,0.5936680044962962,0.6476503581459381,0.6015787670421588,0.5241704693975547,0.5424446171543856,0.546974696414862,0.543618431157205,0.5397302597918493,0.5449402541704698,0.6247974895038091,0.5265535230834838,0.6900884706474698,0.5023900516433,0.583989973880114,0.6149519036006734,0.6107845655463173,0.6148367232680743,0.5632151089418866,0.5632668622048813,0.599068955322574,0.5615096691697011,0.5130597645865628,0.5934982311318423,0.5936239502576489,0.5799692090338552,0.5521064700061465,0.5837643671799889,0.5928429289216901,0.6334571533698424,0.5243053281790386,0.6199121665381078,0.5438113544315615,0.5853849598268469,0.5584035533523126,0.6654095686370552,0.42487655501518157,0.5884108594258691,0.5829383158236221,0.553182205476989,0.5334624401813721,0.5987894313766795,0.6227788065756252,0.5027608532758044,0.5846514611828287,0.5780231935395356,0.540021466996843,0.540863362771304,0.6205588222421786,0.5122131904573376,0.5705783407395177
0.5270053873842655,0.558296038454182,0.0,0.5461696202676524,0.5008994001880679,0.5608492134334978,0.5318186066153171,0.5511951308367712,0.48477838342677343,0.5895387896945068,0.5585783157507541,0.5517805471534197,0.5653969817002025,0.45517099004466977,0.5070536991962707,0.640012294185521,0.6257891139193126,0.5431504953640561,0.5048311140631786,0.4915069298119917,0.6682794101231647,0.6358134157741919,0.47864478683588674,0.5530589060720676,0.5533995872823114,0.5887092162172584,0.458020033528669,0.4821539103391374,0.5424036651208185,0.5112150460569274,0.47641891165077305,0.5432683079737807,0.5469832859478145,0.4552602244230479,0.4519112201123444,0.4612855275343256,0.5441938665956421,0.5264559904618765,0.49197737366067834,0.5930673082950556,0.5306167655399978,0.6149806377643916,0.5537169428736346,0.540832845507895,0.5240177484359521,0.5489055925928268,0.5527153473955727,0.500616422784924,0.5240186722566564,0.5092019369531717,0.5713207199067527,0.6324577615652247,0.4633773480450125,0.5917872011556202,0.5088640163758427,0.5327458279897668,0.5495466494545419,0.6082039739549949,0.4998020966677973,0.4740127815658232,0.5113611023946917,0.4314031921580553,0.596345915829136,0.43143107114429613,0.4813754880613913,0.5168728874608842,0.5024290301496335,0.6126590924190104,0.5445277009137616,0.5697913955148955,0.597778593346587,0.453111325050066,0.47739794430284005,0.6377038018768708,0.5569379442699973,0.4526116087848057,0.5652565132933552,0.5902641210717781,0.513854813666371,0.46642312492829396,0.5724472788769177,0.5277918140059354,0.6244188127701055,0.4941442899694093,0.5209344827138517,0.5651706048902685,0.4936018906833978,0.469438764487798,0.4819035140124004,0.49259907435829703,0.5789092412529948,0.4679480734953618,0.5111858701859299,0.4760546223051676,0.5330108590798186,0.5678932973431894,0.46784017987029963,0.5151963028610249,0.4069299981838847,0.4994486939302521,0.42899836074048675,0.5496069544416438,0.4715239568743831,0.5289626678739914,0.4760027243248655,0.6164424598392674,0.5458951688985639,0.5679864944776658,0.5605845424619862,0.5410148781879012,0.5523513193606027,0.4939842330978887,0.48898699425223724,0.48560143891510793,0.49724180819622044,0.6100898615857743,0.49857874925489415,0.5050696440082458,0.6050593875918707,0.45202605045811123,0.5262205775358753,0.4983063997089433,0.4745117957032231,0.6043413400655289,0.42659651771565077,0.5754012468540352,0.4639868037791077,0.5155924727980293,0.5280258867844194,0.5329269646788506,0.5101960382155271,0.6698051899172982,0.44392809443405534,0.4734042171356162,0.4903307386683335,0.46650403844382,0.5114579181591515,0.5023976198914989,0.5182147850655647,0.5056776320122435,0.48083383183857026,0.5014390315885343,0.5239677587196037,0.48159686968272836,0.5522933358782853,0.508188224684093,0.5674981487290865,0.5731621313472363,0.5759956061238162,0.38333234529300647,0.4749589004977654,0.4910447451484772,0.5218389605757152,0.5898081534883851,0.6075061312561064,0.5294166575887408,0.45711649214297334,0.6613255363616157,0.45019374069235985,0.5003415201657232,0.5366641449692894,0.4754821157053945,0.4911449697777101,0.5523938255095037
0.5385851665927458,0.5894785692374994,0.5461696202676524,0.0,0.43975505777143636,0.49145858698524864,0.6043339084998595,0.6340983769666739,0.5271594926631041,0.6259274526376903,0.5535433531480122,0.5665036696076903,0.5428189488198566,0.5369829163415425,0.5383757710773556,0.5601215403924881,0.6130832791222964,0.6057829817284807,0.5845201561962041,0.533096926389328,0.6173071245664736,0.5632583841501958,0.5952035804679703,0.5146292119976098,0.5983330900719013,0.5654154496965649,0.5901798210330242,0.5804314006051892,0.56354337050147,0.4814109247743027,0.5479370111995495,0.5740885170180839,0.6428767981253424,0.5427724453156407,0.5188109015133158,0.543136975241073,0.5320754488121822,0.6138900775481909,0.5606301276236942,0.6894001088240148,0.585377548979731,0.5636619685196146,0.5535931171249202,0.5308704684895651,0.6175571796082322,0.6024010215522306,0.466424998245234,0.45592994401561243,0.6348390754196183,0.5653280600294559,0.6385570585264455,0.5586580234599878,0.5223030085651388,0.6874273378332098,0.6220528752667115,0.5127560213640635,0.627718705641914,0.5790431359421172,0.6361830754565391,0.5684969631901594,0.5755173152250699,0.4623601164271022,0.5474710528308308,0.5058745176915964,0.5342008359569402,0.5649218722714402,0.6108931115373857,0.5054241653684921,0.6003760001721369,0.6403642245354897,0.5660382870281593,0.5553016283555698,0.5541104583876465,0.7072901666638319,0.6014179448448882,0.5065787914506789,0.6385605529192099,0.5418007313957205,0.5800745091874435,0.4358084772533283,0.511546269178655,0.618229295641187,0.523096638474889,0.5201132249725512,0.6526482144093355,0.5961641460365142,0.5379200497659761,0.592254817192352,0.5701326761345138,0.5150088403327076,0.6033425932534303,0.5680024404861413,0.5677583522269939,0.5362962289609555,0.7037135249470181,0.5498110962620831,0.5356194170085289,0.5687898937638882,0.4690006651979855,0.6092478870652673,0.5107365957093905,0.6814081448562184,0.6072827940471827,0.5877446375144014,0.5726213658974584,0.562486961384896,0.617687651926261,0.5880993303097104,0.6034770332758898,0.4859176333325735,0.6135768364389954,0.6096707384778857,0.513343132220706,0.6392885264113652,0.5563982396144683,0.5731566859347729,0.5613947844037398,0.5508933643778299,0.5641467579658614,0.5295448804279339,0.5338834981688397,0.6240323044407611,0.485058214551979,0.5890957290717618,0.4716949473917291,0.5887817448130578,0.5333497760571325,0.515830739946626,0.5846892193248318,0.6035911286585754,0.5174568997693222,0.5665156848968479,0.5216211527096193,0.5537580466599658,0.5252252620772676,0.4638682355187226,0.4660267542046955,0.5738167551212524,0.6318271544308275,0.6082609151739099,0.5528514673173153,0.5341263450617627,0.6910021186007249,0.5977090122001937,0.5977146346562808,0.5563389341020696,0.5165695208938044,0.5680968191846388,0.5928412292935107,0.40602224890584404,0.5775253688567002,0.5777954958353493,0.6334353562960624,0.5374673662704418,0.6518015810992744,0.574974236424903,0.46432968712330974,0.5515363412768423,0.5562562908556131,0.5848251438209974,0.5573413139837142,0.541959792888277,0.6110458424696597,0.5574651826517998
0.42877336323908233,0.4269531288915776,0.5008994001880679,0.43975505777143636,0.0,0.40281686412379397,0.5120502890259699,0.41319478506091833,0.4194624035171727,0.41417065503990075,0.4674734232506747,0.5023686618650811,0.4045367076017455,0.37929831902816935,0.4965087339209518,0.48544629316447274,0.46602685717619646,0.44290156557130106,0.4414129137506258,0.40374343457901346,0.5201149526819384,0.5088846654925673,0.4432856640075201,0.48651651887248537,0.42239675329784626,0.4896936637856955,0.4016230679178698,0.3806358781651319,0.4386530036581308,0.5124312844677702,0.4319308165020154,0.43007503273163644,0.4576891634476457,0.39114333895215925,0.4030579311242842,0.4311679974981173,0.4302125575088659,0.44514400720536096,0.510157499183071,0.47134800938452337,0.4820502234558291,0.4590367532235399,0.5160774435266527,0.4944931415845858,0.41735381026248203,0.44398472894264407,0.5015074366251203,0.43863460355063716,0.46577735068006393,0.48215669194605576,0.5099939764665326,0.47715885726795176,0.4023086276531057,0.4816390867306459,0.4642757236515305,0.3984428047735109,0.4684639605367467,0.530225601839178,0.4132274752445981,0.42379596538521036,0.37590562806756267,0.38919298075039166,0.4658352399974613,0.3968594342022492,0.4364534166653919,0.4003797432961262,0.39053937006072376,0.46642904691298737,0.4371661533869407,0.4276722338632671,0.4825366768257416,0.4047910069180315,0.37922414354160894,0.4723535107526273,0.41132980028687843,0.3730892742850715,0.4759816950027964,0.5682527326593684,0.4232551387537107,0.3854057962752767,0.4085096703628856,0.46526227770399414,0.49834309807323945,0.37220662259070575,0.43456009554225666,0.4346839535089183,0.38441018535810495,0.42449095362000966,0.3833889392822085,0.39782705209391794,0.5658557397320084,0.42208802067808066,0.5108358221186308,0.3967275779419187,0.4400638738208511,0.4491030312443526,0.38846781315085566,0.4004242792970726,0.387034399143822,0.3886249933417063,0.3819159584966928,0.45373381808313773,0.42504623272910014,0.43541950038101657,0.41139282923374937,0.4682115778074325,0.43196259452674257,0.40944957858871817,0.47018730245699897,0.41637524221447425,0.48086757294025034,0.4642269782616157,0.3683708187158321,0.4023712233297272,0.4135319804032521,0.45115403847953545,0.3896529442528502,0.4905884180300087,0.4260117162659274,0.377842633149293,0.5668647622488736,0.42187081281405875,0.3780902557782504,0.4938952859030085,0.37457234170634307,0.4577102523694155,0.3975394366995117,0.4774575891604959,0.41110807481941875,0.45476993373169405,0.39368410528650954,0.4741295704944845,0.3618986047497262,0.4181578124567107,0.4143017432807464,0.4281128129177564,0.4326279467763669,0.47828708348883114,0.42761782429984435,0.48061543115331623,0.38206471570334544,0.424125662035245,0.4420782241266399,0.43198573258969974,0.46138204109785363,0.44715286713359054,0.5437980204780994,0.44139629568011335,0.4313006512028298,0.3441344618648402,0.41559843008305725,0.4113788029391923,0.49364791396905916,0.49527741204912307,0.46642661736268026,0.41678402204356835,0.3745356715218382,0.4669379214348639,0.38624529939037117,0.4259918701109385,0.3896235612094211,0.3931561550503012,0.41282638813604616,0.49162850033471817
0.5682130580590804,0.6002240671190067,0.5608492134334978,0.49145858698524864,0.40281686412379397,0.0,0.462536024387931,0.5456165052956473,0.4941934356643153,0.5525084259854902,0.5442482700856328,0.5120385741347621,0.6672855994600659,0.49636321056774363,0.44007915247063784,0.6173378832640473,0.5764578042592572,0.4859213310707728,0.49059132643998576,0.5367847466693987,0.546048885689556,0.5210273058609032,0.425465653207255,0.4950741832228444,0.5614179849646889,0.5204474002700871,0.42419216855760394,0.5055453853494525,0.5677921890859134,0.46666265745147967,0.49318897999796696,0.6059763564903227,0.5046963723463925,0.48845841300557846,0.4834334072165972,0.44496282736827253,0.6056353859251489,0.5176369854382631,0.4634966457950826,0.5109995524767256,0.4662940842146328,0.5602718256123863,0.47311537635916157,0.5397105279781291,0.5322539310687693,0.5071993962240267,0.48404988653096204,0.5253612400887906,0.48895245644316637,0.46357313704220265,0.5037477782793546,0.594374054011974,0.4585636002639723,0.542059319173386,0.4989364788714996,0.6430629950220567,0.5307934942544823,0.5234678659253861,0.4615750741491467,0.47230306396023214,0.6126632811812583,0.45134718702463583,0.5496271486333827,0.4269983863790202,0.45016797761017124,0.538041744383982,0.5381410280551459,0.5624792113105176,0.4650081014251955,0.541903123942828,0.5712006524866122,0.4697848681695164,0.5203627777057205,0.5509360353313303,0.5865983425489317,0.5338551471281401,0.5204875120937371,0.5059158357856564,0.49700188602717066,0.6012360146360737,0.6304116598363237,0.480732889461982,0.5783379490775912,0.5899421377717071,0.509517914686836,0.5647316014338396,0.5845854752698587,0.44732344292887305,0.5219358077631163,0.5522030837713194,0.4764721701328914,0.4691280942554612,0.46850712890309254,0.5489313554601506,0.5038369266115468,0.5926411570058856,0.5017074298097118,0.5394296844550052,0.4264842141964764,0.5329693057204533,0.48848049286396233,0.4974996599112134,0.4287088631608593,0.4623583371278911,0.4843354687873402,0.5576910141011137,0.5096829375910485,0.5593425135777379,0.4900213838386474,0.5900249490605707,0.5299407388684056,0.45683322771601814,0.6061698712418193,0.4826236161598434,0.5165173589716477,0.5995820246613032,0.5564839918998145,0.45536422261998943,0.5917298953944182,0.48867939131557775,0.4782089460570831,0.47047531442029966,0.5800028990363228,0.5847437869913266,0.4854796912199139,0.5922378471988844,0.4648097922863151,0.5082096539518366,0.5552319579536589,0.4845599490939941,0.549341388704416,0.6119170068053221,0.5453485392576203,0.5132845228295635,0.5017773945653612,0.4705343983927244,0.5602827176451948,0.4630673142789451,0.45758844124832965,0.4566403855568204,0.4960724371738464,0.5701742248448316,0.5029197460620222,0.4495739026414901,0.5647001538588353,0.47235419404045104,0.5037311172211179,0.523183328848575,0.5619747401858419,0.41624375042361306,0.500418191825025,0.5006491065088551,0.45590378842933765,0.4581455667617917,0.5335902422514159,0.5464914739789536,0.5039509288256453,0.6189775979144878,0.4760558095821003,0.53937487741173,0.5081426316753442,0.5628376897215952,0.4572186722706747,0.5284484942504656
0.5369875697764273,0.5465986891057399,0.5318186066153171,0.6043339084998595,0.5120502890259699,0.462536024387931,0.0,0.5303458027095828,0.5076116883484002,0.5610998942029072,0.5505277148419502,0.6129051688772822,0.5094798143095226,0.46631275588226806,0.6128936273554288,0.5457895805961096,0.5473366769809159,0.5675589205202899,0.5593982749651095,0.49886014733447787,0.5903269995724774,0.5857228940329026,0.6166501291628566,0.5781372074263824,0.5667535208246669,0.543435339014158,0.5274336520697113,0.49830110250426424,0.5254513733537535,0.5365067249125877,0.5532835453594319,0.5531011957263983,0.5760800059107787,0.5133184697124501,0.49188939600603265,0.49014401384740314,0.5433519658021253,0.5151754944559311,0.5900935752236223,0.6488235489918055,0.5273966050704783,0.5475129473374786,0.5822995107384062,0.548917571752839,0.558262238657181,0.5675552680936987,0.5004590138317782,0.4724744723493648,0.6992877804774931,0.5418976293902245,0.6448568050895123,0.5183010713856107,0.4694341680938821,0.6157243778619815,0.5976499662182926,0.4833949566863888,0.5827428465206503,0.561233380698996,0.5659700823891763,0.5211410812612156,0.4824797092747142,0.42533421136338867,0.5009825274689792,0.45206239283684685,0.5174322253169068,0.4980911477083868,0.5297551576436633,0.5394558234988774,0.5253950477758883,0.550260109611982,0.5630935618592051,0.4978488230067039,0.4666000988333577,0.6354478867298222,0.49115568174466584,0.4824123616548018,0.6465729497540736,0.5963458871367217,0.49986384604040884,0.42179054762893803,0.45746127822205584,0.5807513670337401,0.5681307439091409,0.4349531171460043,0.5279739238684364,0.5202246646194172,0.4791530369008874,0.55993656482719,0.5024405445573425,0.4930836716301877,0.6067106582261268,0.5366984078590099,0.5828897046806198,0.4998281166412427,0.5547057287216954,0.5516735959286647,0.4567544155765256,0.4930594766472269,0.4302081378063725,0.5211815730323865,0.4714582328144787,0.6133092535390933,0.5314835041131455,0.5353982920768113,0.4906907467184073,0.5353392315306865,0.5235149894799084,0.5093120724679806,0.583220743255711,0.4989607950063461,0.644177251949122,0.536676793142252,0.4547367863971835,0.49735968849233986,0.48843090615033946,0.5335136076475342,0.4909040132235664,0.6457801669739891,0.49366253759560347,0.4449627390978223,0.5558676704747227,0.50044934836515,0.44223507478752977,0.6238891496933106,0.43647629671122146,0.5753818622388667,0.4626907843134492,0.5446330802756463,0.49158328475908725,0.5549787152859565,0.46787963406005684,0.5056346876699143,0.45226269846840667,0.48560404631790205,0.5003953386130241,0.46373121051573063,0.48989168148607215,0.5814522375888054,0.5578813838595233,0.5927841217799596,0.48198872698273054,0.4892020677021947,0.6013649720262181,0.5023829465310166,0.5549798671070596,0.570156855892012,0.5490916757755744,0.5268691418590037,0.539030958163727,0.3611112910744882,0.5385383917774763,0.5049991845391495,0.601253261123434,0.5835508669207793,0.5799954282536274,0.5454574592497965,0.4691600394193752,0.5522843040671105,0.5044165736338537,0.5492154722758339,0.47366555477876326,0.484116196694873,0.49597432118308976,0.5655852499124286
0.5667762267259261,0.6807572530334215,0.5511951308367712,0.6340983769666739,0.41319478506091833,0.5456165052956473,0.5303458027095828,0.0,0.6135005885860215,0.6961100587225335,0.5069944645247224,0.5909195997141307,0.5687536908323496,0.5411863244891315,0.5147655292522222,0.5676249407757858,0.6060115514061387,0.5978563750999327,0.5875329346532226,0.5786481773617514,0.5821185281551507,0.5433320394757832,0.5539585281591832,0.49064658458613525,0.6370361153869194,0.5198196988095108,0.5748909340931425,0.584598639805697,0.5527471065048648,0.5140852507466993,0.599995423463727,0.6008983042179377,0.6220211919553715,0.5578260305959852,0.5305746697442119,0.5360203967240621,0.5340567023668572,0.6339061912350051,0.5215856035622397,0.5917856676085683,0.570670582289864,0.5934706746061804,0.5324646350655651,0.5040680461598754,0.6824349795818351,0.6363674450191098,0.5037627010545527,0.43821405176484807,0.5692488058175449,0.5516936215544979,0.5691344921576139,0.5739082717160605,0.5350195999821252,0.5986264337549356,0.5502138214605382,0.6145769014055084,0.6091868258741171,0.589921962335483,0.5670819059838321,0.5814583351212267,0.5824970796271529,0.4837805591318837,0.5484125606004513,0.5053056717819667,0.5161379612531763,0.5713090358708173,0.572241847817122,0.5073185338425876,0.5821697276770774,0.6777150088955015,0.568232370119825,0.552994249721702,0.536000868127809,0.6214046152900826,0.6811355770596144,0.5444153048627651,0.537792014802982,0.5089722085027266,0.626170479788139,0.4364183995146298,0.5373309635011013,0.6052195126912432,0.565406982173871,0.5729656228019862,0.6200204886373611,0.7301959428394748,0.5583828867936603,0.5614657371845909,0.6711158903101039,0.5888436691728086,0.5543551869995812,0.6079162652801994,0.5312359813578353,0.5428204944544388,0.6114872287999313,0.5974388245336065,0.5684455564130623,0.6848162879001239,0.4746365221184502,0.650724821015541,0.5041308338700746,0.6065503291466431,0.5515109486207231,0.644275891958085,0.5947987593216996,0.6137121475589984,0.6074366599016372,0.6714495049467624,0.5959717394382958,0.4934793342624885,0.5435233028614855,0.5606868908573733,0.5173534178197297,0.6366325384666636,0.5802994652355412,0.6303623762594471,0.6386870739111741,0.5124228330542513,0.5337977679524757,0.5693571960185635,0.5007015116291355,0.6297567093816764,0.50627386225302,0.579167731833351,0.47604616455318965,0.6010796554417548,0.537645409604775,0.5389214064599139,0.6150276820954877,0.5836351188119101,0.6855177557884946,0.5789094880143478,0.5234739192232237,0.5584857011774904,0.5096886457350221,0.4592749635840264,0.5228606431445485,0.5406899865994043,0.5954795552707676,0.5965936019905139,0.5514727414734407,0.5503807326278407,0.6804541821015504,0.562031733775749,0.570212014421067,0.5660709226227808,0.5481223076045841,0.5872484540751156,0.7010965574969314,0.430971821749037,0.5639062853448502,0.5958288022819359,0.5689360336221341,0.5510328009622796,0.6750772504065333,0.5835832514201569,0.4524900790283132,0.5749860738515734,0.5106450012489758,0.5327658576150153,0.572946369164247,0.5761087825255233,0.6020875364630787,0.5234140381734328
0.5924530204616589,0.6167347027479051,0.48477838342677343,0.5271594926631041,0.4194624035171727,0.4941934356643153,0.5076116883484002,0.6135005885860215,0.0,0.5484679584676181,0.4942767645825439,0.5445816557892954,0.5012622873240479,0.5150550403816202,0.5324114984267687,0.49125685235351085,0.5002445304478744,0.5659297027026728,0.5401955764797032,0.5887554722740905,0.5190041252885029,0.5598543992501179,0.48995122633912475,0.4760595575547689,0.5829489248859181,0.46099403818237356,0.5032500809879197,0.49144708918954305,0.500529970013591,0.5005209105211442,0.6625510323546114,0.5209541574260735,0.543521450516753,0.4791403184822755,0.5815269197586818,0.5002410193435752,0.5216798914609707,0.5848768859705812,0.5246845478341876,0.503923359505118,0.5087207058253187,0.5791651377401218,0.504665614708056,0.5086496806442014,0.57104889157187,0.5158097294144462,0.4655143450730466,0.44039930696693635,0.5361132449853256,0.5275877583672706,0.5126490349397879,0.500279048468992,0.49426238130117883,0.5361270839637027,0.505611429488473,0.5795249431884198,0.5541074680307628,0.5239118945240583,0.525888110185975,0.5051983910241402,0.5073904113939236,0.43990490432791673,0.49147507258431317,0.49599156043292875,0.5271716350532338,0.5017701517444098,0.5264042492872735,0.5003331865580282,0.5306493043198145,0.6119646354995079,0.5681241724079811,0.5429510698745434,0.513220421987258,0.5191981804086637,0.5529521729239429,0.5081455676231047,0.4689532015725965,0.4631224837592474,0.5181667909850486,0.4073601045631327,0.4772327100231858,0.6373203617946902,0.544178946347163,0.4943263080668956,0.5345749680579127,0.6276888317258512,0.5452063541401142,0.5355154834359505,0.527082961045105,0.5884479998547172,0.522976435649281,0.6036727877534952,0.5001846026957038,0.5046770289165614,0.5704643076796895,0.6025940680335694,0.5363520327503492,0.5715717802174615,0.48416942351972286,0.5156254764826943,0.5069199034801372,0.5143604179522712,0.5029506540710099,0.5732785525461114,0.552819811560635,0.49713639628556744,0.47914775605902776,0.5468510323128877,0.49840484242127375,0.47609643270553,0.5059676495498087,0.5377544428898797,0.48490626835285805,0.5480204591091533,0.5005683149448624,0.5238893154515095,0.5354435802844469,0.5134003918731603,0.46363586399424583,0.5220220237707757,0.5079758800472227,0.5281422719843695,0.4880551343379345,0.5239820595320437,0.5353295244609009,0.5232134965030482,0.46946737603682603,0.49270489683157154,0.5017932360198005,0.5482609045392549,0.6191208759647747,0.506167116304672,0.4951719604727719,0.6015620557466593,0.5338605598578624,0.48791570327871686,0.5122688535890414,0.5318875350053652,0.5325295541628698,0.5618092830690252,0.5245144543644404,0.5198217409780637,0.6083585596443272,0.5449967338603217,0.5464489910350365,0.5476522883921924,0.5901805556805855,0.47861195211490365,0.6081896174721293,0.39684645753325265,0.5868859351408001,0.5449805879795308,0.5515219215367224,0.48508039280691295,0.5580472044721162,0.5864689888463399,0.44029836302597825,0.4924846064272753,0.5147832187041642,0.4700269089307737,0.47544326047096086,0.5877026333901858,0.5319468643848084,0.5497283521280416
0.5696976888595129,0.636396899620216,0.5895387896945068,0.6259274526376903,0.41417065503990075,0.5525084259854902,0.5610998942029072,0.6961100587225335,0.5484679584676181,0.0,0.5344894523655077,0.5646597541874687,0.6078582449054234,0.5079530079311841,0.5143612328018294,0.575930157375967,0.602990621104781,0.6091253273925707,0.5695822536257833,0.548445423809987,0.5851816480658183,0.5694034249256513,0.5516107625524358,0.5121368408356918,0.6851012381946295,0.5165897834281495,0.5444546433159642,0.589698734760521,0.5597974755897027,0.5014453196085232,0.5439589999386883,0.6108423830525748,0.5762916976323774,0.5263438050632037,0.4953583852430418,0.4791440188289167,0.565829077164714,0.5553852661049802,0.4938997157401412,0.6122703555941295,0.5151057491689438,0.6144056139964994,0.5334397858055206,0.5028734910658185,0.6178201408948598,0.604066942383748,0.48787646960219383,0.45702344472019923,0.5963384501750447,0.5084921535833957,0.5682186063150537,0.5480819121100452,0.4993636491802973,0.5928356369713682,0.5414309354948148,0.5858718282984038,0.579601739319789,0.5582050824647061,0.5921339338031848,0.5190101176738147,0.6004371737011255,0.4411765002718517,0.5381065956322234,0.4576035084095775,0.5045905801101083,0.5712411636946086,0.588534866594952,0.5511109778950577,0.5869116195753289,0.6944038297981558,0.5627346161035831,0.5055375594606234,0.5274421376867386,0.6615844481449263,0.621441959080758,0.5414961235883475,0.5747234211706738,0.5139205205002337,0.5518328895448866,0.4470622091917004,0.5494625543412671,0.5639367814627406,0.5777654900825069,0.5344473009100071,0.5650577270448242,0.6079407343582621,0.5616725875356308,0.5425831660543848,0.612898659572326,0.5443081429828223,0.5339806376558303,0.5349076135804572,0.5111123927724996,0.5307495071460671,0.5826521648975093,0.5967399345982809,0.5087723880363832,0.5919393806136138,0.42730818333240317,0.6096687741905715,0.47668259001178764,0.6256575221990868,0.5235156209746176,0.6097561928325769,0.5246439689739337,0.5787072900242652,0.5796981913160373,0.6638021543697191,0.5751437750435641,0.5280315084226836,0.5640801502059871,0.5096045949930605,0.5343426853023693,0.5742250337741456,0.5269045881323092,0.5959773282192289,0.6022397723117567,0.540129448900437,0.5618017778729688,0.5014987002632927,0.475048452048737,0.5505438612057747,0.492160451355329,0.5953744248669884,0.4569320114348422,0.6057665334786707,0.49006629026623355,0.5027250169969704,0.5645628989649044,0.5571276811898709,0.5941922827458035,0.5693485618529269,0.5099984905223705,0.49864027153788715,0.5107130738544493,0.4546817078357008,0.5112718026912744,0.5106650973938365,0.5845983908459084,0.5523450930788234,0.5589229464461903,0.5171948393695692,0.6153071745483972,0.5131572656913568,0.5574589201969089,0.5465447405443667,0.510269708256749,0.5974873123394173,0.6761707486553334,0.38939732635852903,0.539078011303162,0.5681801853652949,0.5409819297500263,0.5570478484553071,0.6533773817274457,0.6017402602264015,0.48814302880264593,0.604664560182851,0.5105553063269704,0.5453963792266009,0.5985606206416866,0.5421284076471063,0.5547200310038694,0.5260731952960267
0.6051298052558343,0.5590230526276132,0.5585783157507541,0.5535433531480122,0.4674734232506747,0.5442482700856328,0.5505277148419502,0.5069944645247224,0.4942767645825439,0.5344894523655077,0.0,0.5556026154707466,0.5996053652415138,0.48391015751447686,0.5043356475563386,0.6218673835818381,0.5853673430341412,0.5371117271238199,0.5377732998326595,0.562832137947779,0.5976973313097274,0.6279190118642315,0.49154298342589714,0.6169480906579395,0.6059649487528652,0.568482869061125,0.4636061032530363,0.5383152401893109,0.6047071184593484,0.4824273156122449,0.5102601298630564,0.5544874379467647,0.5159378217078538,0.498600241282702,0.5264280635587637,0.45315521104623246,0.6726669327411099,0.5359360063864765,0.5422558209826907,0.5900875353242404,0.48347471488718274,0.5739158550482729,0.5256284809924484,0.6322932376258061,0.5312801050594619,0.4921720338696779,0.44167077785299214,0.6315284605956614,0.6096569458779555,0.4856387017213319,0.545614319161324,0.5463645964854567,0.43662159802390516,0.605403945241564,0.5742134118159256,0.5047736159003771,0.573924328031125,0.5440867274867434,0.50834466227482,0.463591313501975,0.5630773961924834,0.3995663309406728,0.5274880210574409,0.4420505068734911,0.47550328054724555,0.5076601383900154,0.5649842072179936,0.5622986606078931,0.5041216342130282,0.5810641105379304,0.5769888692241972,0.48810296508717527,0.5287869216449907,0.5961357445569522,0.5294717392746969,0.4886264659054769,0.5980232901950767,0.547585122306101,0.4859948668167993,0.5179909340757769,0.5158624912943081,0.5120259288198855,0.5554650068210562,0.5037706154093751,0.519859640881437,0.5353140272045882,0.5791995636485983,0.47048676487438057,0.46829507767361034,0.5052499594813037,0.5331279406712497,0.4592854811324661,0.5145173388015389,0.5333284832857473,0.5400480887859723,0.5851668952190453,0.45733053562615383,0.4889469263939084,0.42105934102536946,0.4862820580948635,0.5083152851437783,0.5366158270906801,0.4579965794418247,0.4803826399630048,0.47302704396282663,0.5076245946078858,0.4832700719333753,0.5586415031657985,0.48924171012821915,0.6189876785598794,0.6538790826536811,0.502003275675552,0.5401530633770875,0.4945508902821192,0.48936857190667005,0.556302900860001,0.500821003520453,0.5734822976837504,0.5938740344243802,0.4524268096373102,0.5538090204258679,0.4587413692917505,0.5498797297178895,0.6031427532724694,0.5086072428830967,0.597895387871675,0.4270512105838733,0.4939278481193312,0.5220191293251024,0.5135968008032585,0.4694617354978877,0.5531058791442617,0.5458871147717096,0.5344370076900758,0.5981594800848525,0.49388586848446786,0.5347176544278673,0.5283499621463191,0.5429931221950625,0.4970755350868221,0.5048463937840953,0.5297721273359403,0.5107983857551109,0.46973123480167833,0.6422552838268346,0.4998610019774047,0.5173539542921654,0.48021649644093134,0.5594504037664976,0.3806714990155561,0.5772999544099101,0.4924258457977136,0.5507610533756878,0.46093338714063364,0.557276003787584,0.5948390065755503,0.5882640814270554,0.5717236641080993,0.5540558515249938,0.5565343507715148,0.46658635190672526,0.5508554320413107,0.45864875047487996,0.7300737431498763
0.5352309684458596,0.5904142937855889,0.5517805471534197,0.5665036696076903,0.5023686618650811,0.5120385741347621,0.6129051688772822,0.5909195997141307,0.5445816557892954,0.5646597541874687,0.5556026154707466,0.0,0.5135478003726434,0.4630887998098866,0.539926157872935,0.6126208158160091,0.5868938648802647,0.5239723280150175,0.6080808722950203,0.5275067419672509,0.6232060910792576,0.5624690472288824,0.5895532451148574,0.5606552462112913,0.5922361138285751,0.5481839700282648,0.521525289705953,0.5145240777530325,0.5511680595033794,0.6179030908892315,0.5913112495349111,0.5751765547390831,0.5626546496087644,0.5678115704468166,0.5006046901159423,0.5159536930833809,0.5443720904353527,0.5588709134233957,0.6339360455842478,0.5778142460692672,0.5506125705256699,0.585313658355837,0.5589277911986763,0.5569582176152955,0.5859791576415945,0.5632981007696,0.5202994675103516,0.4766357444244503,0.6121231486160899,0.5395372940888459,0.5909832619366304,0.5549315854828984,0.46183431066349573,0.6020423433872546,0.587514657319443,0.5343537722082969,0.5948514537355215,0.6813697888258315,0.49465002282099874,0.5377616165186716,0.4898939979466272,0.4439363112665282,0.5120773249325559,0.4693030729040022,0.4810823766515232,0.487461982733036,0.5045303654998663,0.5042363844200077,0.49756964070874676,0.5627307462660888,0.5504470148999767,0.4951777838782506,0.4667308444529474,0.5908961312268138,0.53392454054621,0.4789685235635181,0.5877099552527442,0.6165228661746448,0.5360982183120883,0.44518797982193953,0.4765471361120543,0.5634967549653058,0.6081053899971818,0.467825046254326,0.5557975433256138,0.5883772311856429,0.5042056364125109,0.5081135083487215,0.5239672327466119,0.5475891998944002,0.5980159581430217,0.556933684893969,0.5745939284080036,0.5020102848142669,0.5308716394713041,0.5930304911292459,0.476879255241173,0.5577377313020386,0.45161255456428245,0.519421136615495,0.48053644194452094,0.593081561330406,0.5106988662610056,0.5643157333552914,0.506428123141101,0.5836835191954926,0.5406250042372275,0.569845769105908,0.5560020310790835,0.5171677216008931,0.6342395334937881,0.5518498751664422,0.45537447997182257,0.5346661048463945,0.5037387147298046,0.590979376987107,0.519651908363614,0.5884199016543057,0.506144371773782,0.4785323812461117,0.5676195134221241,0.5249368333853126,0.476144516065614,0.6251164772772835,0.44511936096888777,0.6152663113196628,0.4753939310167578,0.6163983056374321,0.5457718714587257,0.5207399364339543,0.5366522958078099,0.5543431292791627,0.4699957513119792,0.5285115517589652,0.5070793124703314,0.44825171359759647,0.5489464699724882,0.54987049704666,0.5427695468006478,0.6161984569627811,0.45957473437632124,0.5326536862836588,0.5887699638264408,0.5113520490273362,0.5885787919066426,0.5609586993125907,0.615050557094628,0.5311130488231884,0.5998153976150447,0.41026715369294087,0.5472663492501423,0.509511504546308,0.6058682833833777,0.5611994567878481,0.6517867708399327,0.5382258402518827,0.45667935030739465,0.600863797787103,0.4695796328931313,0.5326642199926298,0.45738880098382406,0.510682526814154,0.5143104554003501,0.5733357870494236
