0,1,2,3,4,5,6,7,8,9,10,11,12,13,14,15,16,17,18,19,20,21,22,23,24,25,26,27,28,29,30,31,32,33,34,35,36,37,38,39,40,41,42,43,44,45,46,47,48,49,50,51,52,53,54,55,56,57,58,59,60,61,62,63,64,65,66,67,68,69,70,71,72,73,74,75,76,77,78,79,80,81,82,83,84,85,86,87,88,89,90,91,92,93,94,95,96,97,98,99,100,101,102,103,104,105,106,107,108,109,110,111,112,113,114,115,116,117,118,119,120,121,122,123,124,125,126,127,128,129,130,131,132,133,134,135,136,137,138,139,140,141,142,143,144,145,146,147,148,149,150,151,152,153,154,155,156,157,158,159,160,161,162,163
0.0,0.5625505781818487,0.5216974789197835,0.49201626054505226,0.4499493470381979,0.6124677050209953,0.4629436278695167,0.4775443661283223,0.5737229014620222,0.5208198871175674,0.5006768866881527,0.4607606806605907,0.6508099281257739,0.5564080652981416,0.5111639961513954,0.5828203191231586,0.6000836139091414,0.6500341288198325,0.5674612660503977,0.7482105625202468,0.560978784166377,0.556342784222958,0.44829577370440826,0.493859232893324,0.5959279781890855,0.44894308325305016,0.4278568275486964,0.580323271540214,0.4626613470965284,0.4904861740039453,0.5308849801383614,0.6243952535987495,0.497551519076247,0.4608296979086942,0.6301365116405178,0.47159008940843616,0.5548438622269122,0.5764687166852417,0.4365571074520231,0.5041230517796701,0.48386641555224763,0.4961427583941033,0.5250856917310727,0.5302970949405522,0.5203141525239524,0.5246395204509959,0.48211542069409696,0.49140540565751284,0.5484478111493979,0.5576168480787179,0.553395627643709,0.6062155133956528,0.45270188626627483,0.5205408923191231,0.4782626163672372,0.520824951354919,0.6481129467189253,0.48701437805438674,0.5517948536356171,0.5461520386721639,0.5079117377388456,0.47878129912158934,0.5407345369557588,0.4558492508137321,0.5307171868473262,0.5295456656166571,0.48882114321476966,0.5859810562863561,0.5256645813821162,0.5284551489795587,0.5963714843511182,0.5611989596666306,0.5357969974807267,0.5905183617289754,0.6067368952869024,0.5184813025433809,0.4625599600821027,0.46132489586847386,0.49786962358080267,0.48774197153140686,0.5332669232501754,0.5478325246907807,0.5834693944735234,0.5875164718051886,0.5222773549857105,0.6180736346561879,0.45615386510867034,0.5514231197147078,0.5843072673176657,0.4597696019704487,0.5171170201548558,0.48187181814846497,0.5331066804138801,0.5697311119181049,0.5345978776973177,0.5132886182152353,0.46864412200261274,0.49494665559132345,0.44342019225455054,0.5699007963100216,0.5077058311205233,0.4004952443613803,0.4432879413396693,0.48661068686585096,0.569864041662292,0.5635919397195914,0.5053252813513427,0.5411989790178734,0.49280016853680897,0.4962160989842596,0.48369373775849045,0.4696401977833636,0.5899908115826478,0.4817371046333001,0.5511462902049209,0.6050230429833785,0.5546406247479383,0.5250921821733732,0.5239349388852595,0.49851911779680924,0.5291069860291981,0.43195818268183195,0.519721605943058,0.5762446671906032,0.521150046375531,0.5085634818327361,0.4938390540662786,0.43523844541266926,0.5123191532046771,0.53553868595422,0.5390088548254962,0.5731977812488719,0.5191459055427475,0.5087580089223146,0.5044776864477957,0.5073534818951412,0.5806878049152085,0.5095767446541345,0.4907222214994247,0.5063642602536913,0.5223701323493726,0.5414223673126254,0.5491667642287519,0.46106946047424063,0.4951362831957273,0.499988461909669,0.5226587213004511,0.49014735592968905,0.5636688992489127,0.40588511377797976,0.5418772543856185,0.5137344592308271,0.5089096138135174,0.44386025148563596,0.5144743454546372,0.5382595686072993,0.5396823611864413,0.5477633066229669,0.5146917868562223,0.5610432187406841,0.4631484110514393,0.5962324700180622,0.44301202296659575,0.5651516702438326
0.5625505781818487,0.0,0.5621489978699218,0.5109674867654973,0.47191560795086185,0.5538181728302267,0.5459469690288417,0.44237610242383846,0.5091575550660769,0.7059551734535318,0.47029304899972685,0.5046906055543583,0.5504005887026916,0.5770346361320773,0.5495662895043136,0.5316131364865428,0.5658073771678461,0.5491150393201185,0.5334780715746381,0.5828470914635138,0.5695291519109743,0.5857046063582749,0.48906311037737027,0.572233327070638,0.6069789677414307,0.4440676219410578,0.4434188272356835,0.5084498246289836,0.602870285220525,0.4589478979400061,0.5274833969631364,0.5530307938154044,0.5524869179092092,0.469464084283451,0.6002270737397851,0.5063801239986895,0.5052132792531601,0.5326729109521835,0.4589873945201715,0.5837308629956524,0.5608690292390145,0.5017688919826073,0.4622747570880693,0.5433593608865845,0.5190479431624881,0.5088650881979255,0.5227301740938822,0.47005099983844645,0.5793670911182879,0.5183869390468847,0.5196899486217046,0.5593571246907139,0.44828220173650185,0.5653706563375775,0.4951023719093878,0.5777767301122738,0.5494511737410752,0.45934754037244885,0.5986659102687453,0.5558439025069922,0.4569085537139171,0.452892936885204,0.4446422201238888,0.4913702434266989,0.4891245700041509,0.459475035069999,0.49736919899742665,0.5352168763694678,0.4662748943766436,0.4495358616942441,0.5244311005941698,0.5718653431221863,0.47091845486184286,0.5599138248654031,0.5141336227371937,0.4833096190714147,0.4443184949885581,0.5364319896350779,0.45756078117809984,0.47309754853489866,0.5198078608288854,0.5148746682407611,0.6539879684824508,0.5062648689213944,0.49337990439445706,0.6168330503564913,0.39679718278166953,0.4951742911487521,0.5379293458819088,0.4987282485493525,0.48530421666405144,0.5336873585588429,0.5506849093947953,0.5014563655686644,0.5386710714070427,0.5880152801115238,0.4351487384939208,0.5472814088529453,0.4573551388711043,0.580120450981688,0.5363063776611469,0.37158120843951786,0.43913556323858427,0.5734773572782332,0.4911518967105129,0.5378958038718404,0.4878217723585053,0.5757743790554163,0.5555523326910956,0.5607500656809071,0.5017026085388018,0.46192825117842573,0.5086519572834174,0.46846216742773356,0.494099757777523,0.5942504935000943,0.5307925970230083,0.5296033011812011,0.5487965109943368,0.49877303356603775,0.5384109620195546,0.40384356591398746,0.49523457107919044,0.5962825872096126,0.4981743035596033,0.5701771647185728,0.49233710895362937,0.4512000273052014,0.5921389323645327,0.5585645732185607,0.5401540169863602,0.508030705391071,0.44767725360823407,0.49567919020969403,0.5001302798474981,0.4946855631196589,0.5769535266873743,0.5724921304034938,0.5354270114987623,0.5061454894339417,0.5094901180287279,0.5485810230463268,0.599789874642014,0.47100960941721803,0.5248494733717188,0.4911962475015592,0.5412425297622138,0.542582436580704,0.636820949054473,0.42613734645549656,0.47057327034764906,0.534173371932102,0.4969923944311842,0.5677514969118794,0.5602820995821256,0.50412577406302,0.5017955001909473,0.5918950874617998,0.5508681505045675,0.4967880784074606,0.5039051220760142,0.5569225358630382,0.47891084976036424,0.5171249726235341
0.5216974789197835,0.5621489978699218,0.0,0.5217938006790461,0.501739643122425,0.5582835669335597,0.46073212880252223,0.513961723819962,0.5094258704627252,0.5900353921827121,0.5386362749441541,0.5140312068593489,0.568544284315287,0.5088366973808408,0.5106342554156962,0.6442200804424734,0.5753140748965475,0.5254466962813309,0.5085267083740773,0.5309306486835571,0.5746407398798457,0.6965440453575054,0.4450169884999046,0.48502460238996165,0.5587325551349054,0.4682557341324163,0.46624969748940337,0.49959110782992877,0.5203497349761108,0.4813103152620368,0.49918176804903475,0.5474838403077398,0.5233665384382754,0.43077952862618196,0.5129171394265531,0.5217322156197953,0.5149733408061993,0.5727074572326644,0.47344665880177905,0.49934609175411165,0.5058164022557718,0.4911135972491054,0.5033166650113722,0.5045051317125947,0.5300025614807451,0.46833958949222443,0.45673947104693424,0.4960152876360231,0.5036526836765318,0.5295928242574285,0.5187633547468342,0.5236894227825981,0.39660563509294916,0.5692106736812096,0.5211820067866251,0.46965549322350814,0.5146265265252464,0.5615288523000128,0.49840610592652357,0.5060612491029342,0.49339780373873954,0.4474553571253252,0.4919164137761568,0.47041804050346786,0.43855455823504363,0.434784868226926,0.4701058729653206,0.5343009556297463,0.5592963492029568,0.5382420339887207,0.5234345215667003,0.47774136314948595,0.4727973321129744,0.5953031432050253,0.5713543200298558,0.39893655796904776,0.48674125678146163,0.506471506958446,0.4549149046798712,0.40410812768855486,0.46182025632386137,0.5087274642237488,0.5643760208498128,0.5291389063948683,0.4744651884518998,0.5935014001791687,0.438681945215252,0.48834130431023176,0.4834502908244132,0.45048620510830834,0.5337435511118219,0.45840254385201473,0.5374961076895953,0.4266310959958038,0.49425957056433784,0.5544662315812706,0.4436894969682727,0.4781131530281664,0.418113392211305,0.4960635879068877,0.4622740679593666,0.42153561721847804,0.43691206377649633,0.5350586484269986,0.5020733524216601,0.5368681212645834,0.4974211921494646,0.5324205914197809,0.4737531069921956,0.47328396229019365,0.47433936778743724,0.4609132392938117,0.4871227655265637,0.49726728711793755,0.4652137742542722,0.5493319657310064,0.4370543231743954,0.5442541860730038,0.5467010511284291,0.4844496505819171,0.5107854378332048,0.45119514429726715,0.435076383796361,0.5087423033623633,0.42655000442159996,0.543040825807434,0.4758820574228518,0.48625015923060266,0.5519258535958061,0.5191927506754566,0.5127875150520852,0.5966958009313402,0.4553247008157643,0.47374183170356143,0.505386366644853,0.4254839889906086,0.4819975310368657,0.49643452120320386,0.5463240093772809,0.5022357216248847,0.4748623288703845,0.5328219006073645,0.5024036938172868,0.49435391834222314,0.4999631706121767,0.47696592530720017,0.563232655046293,0.47672803127325797,0.5853796404862103,0.42767619541218516,0.46758069372251737,0.4460883874424582,0.537052908575783,0.518824747237397,0.54012571745261,0.5002621018325525,0.46374373668928104,0.5560073341076686,0.45622013129045746,0.4708506843580609,0.4274561872809474,0.45397925113833715,0.4354765190731057,0.506191391564277
0.49201626054505226,0.5109674867654973,0.5217938006790461,0.0,0.5044031552853218,0.4690893639696038,0.5571078335749757,0.5051460638234598,0.48523173103323625,0.502099035608905,0.5425926868405389,0.5331933168604764,0.5201141064543389,0.5406723531881732,0.5527030261429872,0.5607009128675643,0.5297122449667258,0.49740466000717615,0.509629945471228,0.4990095510642209,0.5944894541272312,0.5551837833022026,0.5182269048941369,0.5262727799483848,0.5442028019197996,0.5994411946159185,0.5250005558637298,0.5020869396294386,0.47675647242092495,0.4370016107757696,0.5402986965003984,0.5164060959195628,0.5973558483434181,0.5174609675615498,0.5434845057586908,0.6110416359569213,0.5478889010384356,0.5990851041735143,0.5797205328080046,0.5923806604598009,0.5492300693182779,0.46278796097505237,0.5066422817087037,0.5593072630382302,0.5963115365808699,0.4877156515393654,0.41502836308221625,0.4979656758003249,0.5897193412326068,0.5407977740823122,0.6009065989864831,0.5149501370274061,0.38396449037220276,0.6667618897597821,0.6264777090501121,0.45666927180161127,0.5457162951341782,0.5378349270512467,0.5328349394230062,0.5642850778025296,0.5082485944058306,0.4652006892120758,0.4555644066494842,0.503237502932563,0.44926709659407665,0.44396257342258694,0.6173893774765687,0.5053089836458685,0.48836282010748294,0.5232554689015884,0.5399531118149072,0.5407972444444523,0.5174607583585037,0.6828910224935026,0.4896275420008557,0.403269363720994,0.6318459721001356,0.5844578677836612,0.48981123192247705,0.4219917313716993,0.42824286636181996,0.5884241505258412,0.5086761677362982,0.49719652736399106,0.5600304621172618,0.575384099150135,0.46526181799349137,0.5552587482435324,0.49311318813926797,0.5015165145556726,0.582089906315951,0.5251907180182757,0.5512683472891127,0.44308831339730237,0.5905701829238389,0.5356243021043953,0.4518779021349675,0.4961759054415741,0.4723441810511554,0.5720190175747195,0.5725484941534923,0.46510577171106676,0.5569319147298759,0.5100280327286312,0.5295955886487814,0.5325317200325183,0.5288408995186971,0.5006837029889609,0.4963219604665839,0.4670278879426647,0.5749931765103055,0.5745780772739313,0.5150969069370653,0.5773134626599721,0.48283725804606525,0.5282798851614287,0.4244391285728614,0.5315675776172348,0.5276415940903779,0.5413552199015108,0.5897759749564808,0.5294266851030068,0.4483610290058474,0.5523194187782312,0.45189059246195473,0.5400825921123027,0.5407077460715298,0.5421418979673485,0.5511790524889686,0.558248074099107,0.4404414039742129,0.5314861429641748,0.5410286861928644,0.5597596094161524,0.5438342801483211,0.41307758780984877,0.4344492908146924,0.6058116710682252,0.6090387403977258,0.585379529776951,0.47661145946733413,0.5332854070702271,0.5835959343854974,0.5592472396224326,0.5895744376787693,0.5380564030590355,0.5455667054958213,0.4675173571422386,0.4990348266393364,0.41907337127818334,0.5686627819931994,0.43535175272302845,0.5645861550518169,0.5022363073099709,0.5889331836001728,0.5582684064103502,0.4815665411214038,0.5690731130314759,0.5572665834170358,0.5668046530643651,0.4125981783148657,0.4722103236748338,0.5111155400498585,0.5628669273907856
0.4499493470381979,0.47191560795086185,0.501739643122425,0.5044031552853218,0.0,0.4237226349451072,0.5278397409971359,0.4015028687545422,0.485412474344282,0.46694410851777945,0.4902156783678698,0.510077891680985,0.4249433376268307,0.47716656189794227,0.4467218476384994,0.515960104987642,0.5297295955687851,0.4579474547116405,0.4663663252234412,0.44745477678217593,0.5446972118607694,0.5312475845254468,0.5288625909252502,0.4635968561446095,0.48472514588286425,0.4616632042070322,0.48414673687034493,0.4536075362702908,0.45817287688100083,0.5147800325168936,0.4420264478382818,0.45788383745640504,0.44235041467055514,0.44011592554738627,0.49581964050115546,0.5153014860822257,0.43716519723502434,0.5227841631305569,0.4626406846100606,0.493880762597278,0.47724962356056416,0.545233437667939,0.4315504542804223,0.483510719039157,0.4363388396975762,0.4070935847328268,0.43650564450726864,0.42387714930702364,0.5325398525897388,0.49230869467119914,0.4872870911805914,0.4697439319269668,0.3659261996919366,0.4851253076052765,0.4715481305235536,0.4534592349477214,0.47776736572539974,0.5372488373167326,0.4691759109586218,0.4723377287133658,0.3782070984224608,0.413899372957482,0.40007854901591267,0.5204010129957987,0.40790560223200295,0.36985442004873104,0.43507663163222077,0.4333426209834701,0.4652739482734376,0.4271559770296758,0.4459688752468249,0.46638463833244675,0.4698058850403042,0.5041538501297221,0.4456978680461109,0.3581608642032584,0.4610235276930974,0.6010016806810871,0.39284845464056156,0.393004849330006,0.39400491347943895,0.49689595602738723,0.48970765843103997,0.40215514355290866,0.505477444413977,0.49163760860053235,0.37909687529241926,0.45991938959435436,0.41071668575813985,0.43195985521026437,0.6340404468137553,0.4866757162298644,0.5202473773328096,0.3843619207376166,0.5292898435347692,0.46102339050046204,0.36898498192052653,0.46719881380564643,0.4939880112913103,0.43660901709986494,0.43898204757262826,0.369941348347013,0.4664581921121939,0.46668765142857627,0.45066219747477193,0.4569763997493752,0.42802395926794873,0.5092142056463865,0.43324374917308167,0.4322235700309,0.4991988873858897,0.539660036682048,0.42015447928232086,0.531198764318872,0.4018903970769289,0.5086130279682396,0.40002958019607865,0.5106083679037533,0.48676894684745126,0.5217718972361195,0.6148134050504175,0.4127524038807813,0.4290071493744119,0.4663166000137926,0.4329174861080269,0.4289391184429907,0.5011656693199358,0.43772875691279745,0.4768837267738955,0.4451543388043484,0.47529350250562047,0.4957137344525384,0.40499079954682965,0.5146758177955193,0.4307728352551645,0.3821842676686907,0.4093238504680385,0.4936538686890712,0.4797482538858055,0.4897478582272808,0.3763735607959609,0.5262062839674729,0.5273195319870304,0.529230979034655,0.49582959195767723,0.5107635737487307,0.5358840261458447,0.4087016177207551,0.47953804173744385,0.4669855247969655,0.4345961872699659,0.4094806493301527,0.5826332435822749,0.4972877774184666,0.5064600876901936,0.4227980708733039,0.40271733207326654,0.48834832439606124,0.4363678804175749,0.47732286398536333,0.3702685170173085,0.44587063088733125,0.4775370239374084,0.555089978084823
0.6124677050209953,0.5538181728302267,0.5582835669335597,0.4690893639696038,0.4237226349451072,0.0,0.43478783517424135,0.5044703530711943,0.5300950592274672,0.5373221381404655,0.4864493763860097,0.4839295328756,0.619641610522508,0.48974848987323066,0.48711110726383544,0.582731947343925,0.5264013107980631,0.5080739084542826,0.5451625511131546,0.6023628487786665,0.5581954647419427,0.5411819945892183,0.40100719533115553,0.4691100620887387,0.5929220211639937,0.4427574360108845,0.38978766113767016,0.48386431847565553,0.46596853296888885,0.4575772499372793,0.5519624557511666,0.642109252267759,0.4870762281169771,0.4469412451495475,0.5308932324894187,0.4691713640711061,0.5727566743253041,0.5305482417597247,0.45809357579779175,0.4495462979834456,0.46225027170363037,0.47435110303214967,0.5158855461295182,0.5407514393993951,0.5195791758041831,0.4902015994244385,0.4637621935518027,0.5323554268364927,0.48545630931971945,0.5072357705331062,0.5279420875349834,0.5604886633732563,0.4168941161672534,0.537667703316551,0.49103201123479895,0.5302094521994194,0.5530515495664692,0.4967858594073831,0.48589551019975646,0.49420750131202623,0.5551852806998431,0.48312758314421234,0.5308162135980699,0.42783643082255207,0.48515367127249787,0.513023981012515,0.4856105624813515,0.6123556900785809,0.4677845964942849,0.5286623864894203,0.5968436005870954,0.490730391595648,0.4939979743843454,0.5578315844986844,0.5696470380553658,0.4841439093364277,0.4701082918751717,0.45689388985068374,0.47988618278740786,0.49644559017334633,0.5565327842351443,0.5267146447127089,0.5905710664905042,0.5839153566064891,0.48908099078781264,0.5751652566889993,0.4918294024648761,0.5017902729042591,0.54457564482793,0.4758321157724865,0.46826696370732435,0.4769415601588315,0.49678104986947574,0.5139706837634774,0.4861198892037178,0.5745425403791113,0.5075641931168617,0.4979765034258989,0.42091968095960974,0.5284567758913523,0.5002613310244635,0.42581972269380663,0.43160493373088665,0.49712202029331987,0.5273193080817219,0.5420326770414575,0.515305764277905,0.4976465691338209,0.45918902125852484,0.5146229326906911,0.48538469599255046,0.44194861855333695,0.6044425306811239,0.46340482804575894,0.4941491428344485,0.5144395733083879,0.5030443916305867,0.5065749106765711,0.5290976927017728,0.46782836257114463,0.4766072575719566,0.44294806372354695,0.4898177463635289,0.5652601534197466,0.4855379776140231,0.5530888912908519,0.4746204088047599,0.4609704964061022,0.5217368010611667,0.4957053545811444,0.5124561537052439,0.6148221717616335,0.5091550801360809,0.48790995301160656,0.5338777767831527,0.48163796564308803,0.5555749213431015,0.4578222864432698,0.44975434738761644,0.49742938961266037,0.5137131718378576,0.5486845122643853,0.5038759628944486,0.458741133147396,0.5060815806874586,0.46932548373702343,0.5397484593631425,0.4960829664475032,0.5701321734529248,0.4028023759012075,0.5242962810629201,0.4828532534838047,0.45670256651505503,0.43690061350883347,0.5282061208257016,0.5586162758092337,0.49633999301485254,0.576932153884903,0.45851277506475874,0.5150250753589904,0.4464058230042229,0.5341992633218378,0.43968943304425384,0.5003559205441919
0.4629436278695167,0.5459469690288417,0.46073212880252223,0.5571078335749757,0.5278397409971359,0.43478783517424135,0.0,0.4040464533751984,0.451555710803326,0.5321197635514071,0.4559465307295482,0.5395774635504785,0.4513548792495972,0.4927509800609387,0.5228881253926055,0.47737714146403687,0.4918777989151889,0.4596774912331646,0.49071798963393226,0.4661430679085688,0.5499334824824534,0.4943970205202088,0.6059114658875863,0.596132094650318,0.5421972981855494,0.48720218591048,0.46339783704022247,0.45669273776802766,0.4971792830168078,0.4409566618402889,0.49918434305800763,0.4816149851218342,0.5052168898521794,0.5326131803269769,0.5213862592335842,0.5085077525316501,0.48196639995864904,0.47802348693673974,0.5013291701370577,0.6126803286949806,0.5172853832133866,0.4839661306108163,0.4372386889129657,0.5391804376410118,0.49199962251095514,0.46113500881885494,0.45672965708543617,0.4456990369783305,0.6660294486553017,0.4734720626285024,0.5219840304725695,0.4813369830949903,0.3812079201596483,0.5409911629706263,0.5093582919887986,0.5050201711182353,0.49767102694722287,0.4507069912772891,0.544084232822085,0.5145312069033915,0.40441789741673195,0.41620843020397924,0.3858633445974971,0.48365165653113695,0.4375071311495788,0.40433600562133837,0.5232985546309189,0.4700882158622329,0.4101387880027374,0.41069955810661923,0.4705764045894772,0.5195370333329118,0.45072308881076023,0.5369473168488295,0.41624729814033473,0.41673895215455503,0.4914476145219025,0.6749844796024077,0.4211238219042075,0.44368679733270117,0.41964631552893095,0.5108084804054492,0.5368272473602564,0.4083175552654641,0.506080735605692,0.5035533060053661,0.38174243317445017,0.48500098951536896,0.4622805967116221,0.5043141133609732,0.5029410264500151,0.5688479752064182,0.5181315298404067,0.43571355179345617,0.5391018175756944,0.5219186198339254,0.38422489899532103,0.5194209325250926,0.4734449902680705,0.5309165128028326,0.5284703849487925,0.3779201317300376,0.4965303707602937,0.5130402358933983,0.44101215655765025,0.4837311447286786,0.45659411238748315,0.5099596315743911,0.5088391073708501,0.519942601545676,0.5901720942815392,0.5091474731002603,0.4535840458659856,0.47697435844419594,0.4272227022808019,0.5070361378794969,0.4401624288223507,0.52753557689919,0.49349558609281385,0.4817429907288307,0.5655300636914623,0.4043895197055458,0.45551892266628513,0.5663013695013597,0.4535685103366298,0.49940862860468244,0.4911330701157462,0.46747159682746653,0.514114444588465,0.4919827157837739,0.44119399643082663,0.4464574247646944,0.4282005811016869,0.49440844814658613,0.47007333402646384,0.413517518876106,0.45708917020801104,0.58973927357576,0.5186086180364559,0.5229458133449042,0.41999313672971866,0.5018316999097509,0.6073940119126724,0.4776339030087241,0.5486927881208994,0.5411052892052387,0.5100679905896092,0.46675549235248315,0.5016699295359156,0.4011144296324556,0.47219713978603967,0.44280702394147275,0.4944901804939171,0.5730102490296816,0.5633977970862094,0.4776376369062265,0.4599056926177712,0.5648722946397309,0.5309995964893666,0.5191344600758595,0.41660460882649286,0.4841705778901167,0.5169930203340058,0.5240033342755569
0.4775443661283223,0.44237610242383846,0.513961723819962,0.5051460638234598,0.4015028687545422,0.5044703530711943,0.4040464533751984,0.0,0.49729153469518167,0.44852693791513,0.46307448601108725,0.4874386765060922,0.5313445396576792,0.42317228808045204,0.5067647555763142,0.5387585370754284,0.44856359906773974,0.4589100669152835,0.4812594787458487,0.47815892001602567,0.4855153392155998,0.49373781272676254,0.39522792805591883,0.4194235132437952,0.4896813150542151,0.47214301965270256,0.43436425660326733,0.44244422712451675,0.3878076611871532,0.4383558323003622,0.5674686934672439,0.512803854186314,0.5118649148349254,0.43410643762393375,0.44208005109679754,0.4844571260255584,0.5303866690465201,0.5142110200747625,0.5033150801236375,0.42054151204316276,0.44183237419261145,0.40112734921954085,0.5548854388765777,0.4508991975217088,0.6080282207989322,0.48336897393803907,0.3943256032836328,0.458289769570153,0.4374045584130174,0.49123263594890043,0.5137066491554936,0.4601443923702243,0.3607154487443587,0.5147148605506594,0.5061006638189803,0.412853036381367,0.4829647425872166,0.5462690753620248,0.41785973495064754,0.48460338801768693,0.5830892767083452,0.4620530554440603,0.506085372424125,0.39366536076930253,0.4170938190487659,0.4532009592210656,0.4738457471802774,0.5144732564456417,0.4777290618631046,0.6844853646944772,0.5359883485042258,0.4286999677189773,0.4253938642445167,0.5516828487871774,0.5080918058375303,0.38875270013551066,0.5299418805333256,0.42456634452084224,0.5152939611249581,0.3653232854891609,0.4058428552593088,0.5246807008464572,0.48481461004902804,0.5199349208908504,0.4444699504404246,0.5395032714593186,0.540319949650679,0.50793728173836,0.5082156589240966,0.4578785016194836,0.4699586090724356,0.43941536275439363,0.4602894685343974,0.4121968413335526,0.4290823887850485,0.5047808207660368,0.507899326391401,0.43125775301262714,0.37545041160614095,0.4924894901434482,0.4428606390812772,0.574669933588216,0.4498050829777493,0.470552764668038,0.5146154943884916,0.531623282501411,0.5165228030046717,0.4259043184884152,0.4283853215254155,0.40266331106555947,0.4387073577811487,0.4343863210222323,0.46378577199667326,0.4682634955367045,0.4637856038876858,0.45768073734706327,0.39377030336330465,0.4707899007496472,0.42199496674069237,0.4332707145304684,0.431350942471127,0.5931041088320805,0.3806128865805842,0.47734957032905495,0.37681497288337157,0.5144050658984282,0.44255992819671397,0.5773577789255477,0.45230860899715913,0.4813781882759403,0.43408490908096126,0.5288496188780633,0.5048634717783812,0.4388594788366431,0.49219158777236727,0.38072889637009444,0.4391023830736317,0.44293741286448524,0.4750127421198339,0.534358265533711,0.4675845718354082,0.4438658957778429,0.4504217036961555,0.4496497544542247,0.4517098271585387,0.4577205430481767,0.529505616033193,0.4415946799945615,0.46541729047070257,0.36062496813298567,0.5330962133539885,0.3920379973984884,0.45641250831021984,0.42901526247305294,0.497970432965699,0.5595219900997245,0.43012201865847083,0.5065010989788735,0.40591320560219235,0.45095236549088935,0.3756051953676218,0.4025157896924832,0.40629685569762397,0.43808810334968873
0.5737229014620222,0.5091575550660769,0.5094258704627252,0.48523173103323625,0.485412474344282,0.5300950592274672,0.451555710803326,0.49729153469518167,0.0,0.48706448762637006,0.48428809951457713,0.49268015492963896,0.5055398514134086,0.5017406163497353,0.4666835900755758,0.538385066643864,0.5184482557830729,0.5189110008798583,0.507108143810912,0.5430264099175351,0.5227104264839674,0.5597699588848439,0.44738531687852773,0.4352891977855743,0.5467220617177246,0.4315390485149803,0.46250787630132184,0.4929366764020598,0.41902634874093103,0.5606009247630028,0.5277189558255319,0.5264171219100195,0.45624008350795564,0.43584219395947477,0.546155307096618,0.48125354354215105,0.5004266987768882,0.5667031768234793,0.4458529229948316,0.44510592149905,0.44445135327498214,0.5726706412391412,0.4655788024596941,0.47156510424561676,0.4872646179554334,0.4426009736471332,0.4409711827711561,0.43431878693405623,0.49286988843099233,0.5094679879473307,0.49585618448246693,0.4939805177928549,0.3915758615182536,0.47811949853754176,0.4513400140457479,0.5342987393087261,0.5200141223483045,0.5539533253077844,0.4675289307577594,0.4884428127884568,0.4499755037104075,0.45496956699423685,0.4569964842015536,0.46365449496733385,0.4478868552565093,0.4227657793573624,0.4653221032189244,0.5071761703126403,0.5060395132634166,0.5436026063018605,0.5236478292504363,0.47910224274821694,0.5189462535418295,0.5246199842200828,0.5441556908353821,0.40742448338291387,0.4537874096502119,0.4654304326023045,0.43305637836636973,0.4057834811540548,0.43565430736353483,0.5839378252189457,0.5571667714993426,0.4774925983927677,0.5048737296480315,0.5861015183976803,0.4622314819071532,0.5106815895775918,0.4889573150773228,0.49534935093483184,0.5582261811295587,0.5102761180514326,0.48407560724521637,0.42966549086945205,0.5197673970634177,0.5114457340010714,0.43458521103154335,0.4932765877078047,0.4663215638575189,0.48357782453971876,0.4559592634841378,0.4034404406352018,0.45216213485789697,0.4779162635013911,0.525637655942476,0.4930056527206077,0.4507076518402828,0.5250140331990973,0.4259131124542403,0.4422147916321506,0.4623028606278928,0.48979262328115053,0.49932046800436847,0.553459750478196,0.4403973735578542,0.5453498771142271,0.444699503229802,0.49179439500305944,0.4602682118632957,0.559360160738492,0.5084664445930619,0.4601672620042102,0.4528845459198722,0.48918564592867847,0.47671539944753444,0.446441840720948,0.5077603094320935,0.452749823168184,0.461186682050488,0.46270470533400965,0.6369502403916273,0.565168310749355,0.4772141140707752,0.5542719619417634,0.4665414721425214,0.40949200171502875,0.4629638155012464,0.4576274068322237,0.45801314057720455,0.5113010688678323,0.4278403067398998,0.5369894098667809,0.5460818559821775,0.5112601294761281,0.4776096560911455,0.5174100965738724,0.6058118025567434,0.42840292797185864,0.5195746271160876,0.4296672565773503,0.5046991232111847,0.43703512691577034,0.5317406175774503,0.45065468764178424,0.5093599648051765,0.5040886593848842,0.44332761344589067,0.5145304370811822,0.4404581013910636,0.4861186929409409,0.38796782799709645,0.5040065658250719,0.46477235887151536,0.554293282738389
0.5208198871175674,0.7059551734535318,0.5900353921827121,0.502099035608905,0.46694410851777945,0.5373221381404655,0.5321197635514071,0.44852693791513,0.48706448762637006,0.0,0.47247244704649555,0.525552746106582,0.5269559298710506,0.5258324307954256,0.521509948020546,0.542289106701301,0.5583178729305762,0.5248613080384659,0.546651059509213,0.5462651639088392,0.5647214761166833,0.57204964192182,0.4953712440858842,0.5275897414166759,0.6277007847187699,0.4326686545842817,0.446470788195379,0.5056740322346965,0.6077136766291015,0.46617709447014377,0.5161697861905572,0.5652229118113825,0.518176328439997,0.46880887578146796,0.5443096794061335,0.5054394179112444,0.49199161005973874,0.5186068890881689,0.4607321392344303,0.538944859781577,0.5271995083436478,0.4966650029497133,0.46829039000182116,0.5174193573748306,0.5111561194904871,0.4895820924890066,0.4987859246280024,0.4642948390503568,0.5745718518774969,0.504787454455077,0.5110984214852852,0.5164173566626691,0.42555996594546336,0.5547738017687334,0.508836159841784,0.5303583141649898,0.5236156809189159,0.47433419253030285,0.5818945596841862,0.5276821864556469,0.4514493142081805,0.4395182917635431,0.43722812329013155,0.48516879919124745,0.4645186701865059,0.4431688487304804,0.47489326022376205,0.5095004489478658,0.47788492668429183,0.45612340073942514,0.4923953746810117,0.5260421912512385,0.4571589294846848,0.5538575191989182,0.5095722388104118,0.45669695491902096,0.4510203355627159,0.5281640469480757,0.4449183149479475,0.4418889398518694,0.49346690086360845,0.4941920298617622,0.6004011025730387,0.4850810238889729,0.48386198210307985,0.5674721942314312,0.39790611205350546,0.4940710932531887,0.5246635906459849,0.46630718593373516,0.48106387340218115,0.5150834770537598,0.5501242884949,0.4664729112715982,0.5099821894819805,0.5781433145812126,0.4250471168989229,0.5359988318854636,0.43780189976575756,0.5408364983426948,0.5003588557388077,0.3838288398172985,0.4436155536060893,0.6156036009256498,0.4781471871264174,0.5188845982492923,0.4928758216475452,0.5751837243810143,0.5241538174657547,0.5318738912454478,0.5019739385998229,0.4544178695683266,0.4829670613933283,0.4753960852654669,0.46421799674184316,0.537895318876906,0.507759502258209,0.5759259843011184,0.5498615944368833,0.47764657900745483,0.500140463364619,0.4059613888776101,0.46375812653005266,0.5556062766507311,0.4581308986469077,0.5725201084648815,0.47789859726330836,0.4480144748671736,0.596671354525128,0.5232380544594936,0.5287279957191362,0.506162995904072,0.4318829067098869,0.46396650219120333,0.49051506865953426,0.4556157473855022,0.5346246915998285,0.5221502640838086,0.5350496297244964,0.5106321442087862,0.48740313714744227,0.5392318748261392,0.5615961717975453,0.47506551998047614,0.5122808653503977,0.4881605123703593,0.5153438845288907,0.5291113783162152,0.679834469523743,0.4254229872237718,0.45781798535922535,0.515230494114079,0.4986943155973103,0.5661634203775457,0.5706860860728431,0.4875332760962738,0.4734054836916725,0.5708845812231982,0.49657027380633956,0.4872886787250908,0.48256421034672164,0.5115485181413184,0.4745475811321168,0.4862065160882297
0.5006768866881527,0.47029304899972685,0.5386362749441541,0.5425926868405389,0.4902156783678698,0.4864493763860097,0.4559465307295482,0.46307448601108725,0.48428809951457713,0.47247244704649555,0.0,0.503630845139711,0.5345685250622441,0.49865217515662946,0.43999261909676485,0.6260784706915362,0.529970774642991,0.4616733159527469,0.4775366832981401,0.504406040123259,0.5171385064359082,0.5996306725169223,0.457008746250717,0.47199370658339823,0.5391322000902375,0.4883406767949779,0.49893485014420696,0.5377707007895141,0.48088724496824126,0.4580016161937698,0.4635755765727411,0.5003057651475532,0.4479678207723431,0.45629124399157134,0.5267595037316786,0.4818068244495694,0.5602080507337454,0.5454690639687814,0.48560758919216174,0.4750767948305835,0.42453523896840045,0.49235810984064554,0.44517740836404174,0.5048672839901837,0.4923453893651858,0.39835857675680997,0.3666867329607745,0.5515935413212661,0.5266690296033069,0.4574661801983245,0.47465679686033874,0.449063227301525,0.34276030564191134,0.5236591915311081,0.5423996721729399,0.42841146146459,0.47877493994681547,0.5521205340753584,0.4502723421987861,0.4482830187466314,0.49077984680844905,0.3900443379030776,0.4264056407582276,0.4618857127561339,0.38615510353871485,0.3889669119715823,0.5080111368139869,0.4638892721151885,0.49662504589215783,0.5372336001904764,0.46608047138293135,0.45137873589395006,0.5352031698963422,0.550033827065087,0.49628979611406826,0.36627014672127667,0.5463270076611079,0.4963766866581604,0.40330311056467794,0.4078159571452964,0.39485715644239205,0.47072715408899446,0.4682853925628503,0.47839884850918507,0.4715256585621353,0.5018302248547745,0.491683848463106,0.4522383420704124,0.4223610431945457,0.44526529338840815,0.527537581000119,0.42234740446906405,0.48171932626971625,0.4016307970794079,0.48631105890134463,0.49802637215857126,0.3926293918467279,0.43508245156422204,0.42198583292768643,0.4463512144243953,0.4912136051217971,0.4223600532183255,0.42979813725257426,0.43390076478074235,0.457269687425307,0.44479718480756625,0.4290901579037681,0.5123648455539666,0.3959740071185504,0.46849997357620987,0.5165232783956751,0.47529536966229796,0.507620198423181,0.5471271730764249,0.41174286952321804,0.4985553833934995,0.3899093383559878,0.5464242366876741,0.5273382571579623,0.496780362953154,0.5118625968943339,0.43172346993790206,0.45550956714191554,0.46168479154459957,0.44812710937007133,0.47489903543710754,0.4379765343905944,0.46416475866178863,0.492027549351144,0.4413218182816301,0.44822366244195794,0.5191944189335901,0.5545243893526749,0.524348237021855,0.5328666926952019,0.37741923558138524,0.4205608785099635,0.465166257417795,0.5294815223778686,0.46102436082157877,0.41829304183938265,0.5375703667948375,0.46236559541714106,0.48201122230548693,0.5274618597262491,0.46911710754773217,0.48637020669554926,0.38925848056760176,0.4866353424028278,0.42975826783889376,0.5116601438940691,0.39010236450340063,0.5662757011197247,0.4160970975934243,0.488115898726174,0.4991833231503471,0.5334841609575194,0.49723795771391605,0.4866628964164967,0.5100801103408226,0.35736569797582707,0.45073560592664763,0.4101844273664772,0.6074971637727073
0.4607606806605907,0.5046906055543583,0.5140312068593489,0.5331933168604764,0.510077891680985,0.4839295328756,0.5395774635504785,0.4874386765060922,0.49268015492963896,0.525552746106582,0.503630845139711,0.0,0.46375375073183306,0.43714279989395394,0.4887566254851166,0.5549983906752416,0.4868004752690104,0.4301946540749686,0.5460032520488326,0.4847781551383053,0.5849038141586831,0.5140112204317213,0.5195221724075373,0.5153165073396715,0.6080370605622022,0.49990424795434296,0.4567912840572567,0.4561658058744886,0.45980979214091633,0.48776187204482524,0.5792022464794649,0.5226408513440093,0.4722130065153978,0.5785430612696891,0.4950623063202741,0.5432272725830593,0.5301610628224768,0.506713015348488,0.6030209025713433,0.47337132492432965,0.4699353548119877,0.4976129618346779,0.4804799092528529,0.5384770882326518,0.5525243907847619,0.44185454999197216,0.4242132897488412,0.4944548314552443,0.5628268232562083,0.4751191876460584,0.5138647594269431,0.46659112137607717,0.3472200785890233,0.5527808548926739,0.5604706069662313,0.4895029022570377,0.4879542531647794,0.5759571582945087,0.45589692823286676,0.482995383611368,0.4438909301874148,0.4190869750761169,0.4072896326116923,0.4703308966087487,0.4065283006486734,0.39904467344248823,0.5020804776444736,0.4701563839427861,0.42501973656992714,0.479462976269328,0.47918328901889357,0.4566000561194873,0.45425073492001955,0.5404469578683584,0.4442117464856143,0.38447086091103355,0.5419368220389178,0.5846501588349207,0.4380629947505081,0.40857499651402607,0.40408028272779895,0.5289900017418584,0.5285761666469764,0.428671196140867,0.5056498135939479,0.5304828423393738,0.456051066160277,0.47675227877120696,0.4604895494240766,0.5288283381484845,0.5111091025787786,0.5436836433797567,0.4983274398784357,0.40559324737037034,0.47640467752241866,0.587023080849363,0.4129119508358695,0.544378430150823,0.4459394211766442,0.48496702252154644,0.49338699701371513,0.4515473720197732,0.5099478698946681,0.5568550137622119,0.45828965489110307,0.49952364913531055,0.4798333570328521,0.5227336531281462,0.4383391772376885,0.5070495624297753,0.6151706766591463,0.5142650344304733,0.45738980180035327,0.5216320540592229,0.40974784913219936,0.4771154402235467,0.4134103173751582,0.5928672438283659,0.4937875496959066,0.4763835240676856,0.5097538640005771,0.4566126070271153,0.44507167362394084,0.5207265864807195,0.42338879515590366,0.5284513545071422,0.4724372519091863,0.563032866451242,0.5349230486258594,0.44961000485147584,0.46616913787113246,0.5025922429599385,0.45470502216458614,0.5043284827097654,0.5324843850600932,0.3785030666197421,0.46309619606235947,0.48805749682906724,0.513310760710063,0.5745261566816611,0.40308960517904274,0.5267596042303699,0.5241048420760712,0.5070625280594769,0.5704926457345628,0.570638062426489,0.5888694952664312,0.4316432771169698,0.5546330857023788,0.4270803131173306,0.5262831879964401,0.4049013984115868,0.5166164526963449,0.5093799621979771,0.6457752682342941,0.5188973086564292,0.4407020330602827,0.589314652565649,0.434666617652479,0.48866036722399336,0.37003164664120847,0.45078835751378216,0.4883205350843713,0.51336061050975
