0,1,2,3,4,5,6,7,8,9,10,11,12,13,14,15,16,17,18,19,20,21,22,23,24,25,26,27,28,29,30,31,32,33,34,35,36,37,38,39,40,41,42,43,44,45,46,47,48,49,50,51,52,53,54,55,56,57,58,59,60,61,62,63,64,65,66,67,68,69,70,71,72,73,74,75,76,77,78,79,80,81,82,83,84,85,86,87,88,89,90,91,92,93,94,95,96,97,98,99,100,101,102,103,104,105,106,107,108,109,110,111,112,113,114,115,116,117,118,119,120,121,122,123,124,125,126,127,128,129,130,131,132,133,134,135,136,137,138,139,140,141,142,143,144,145,146,147,148,149,150,151,152,153,154,155,156,157,158,159,160,161,162,163
0.0,0.8609010475231794,0.7601224991694766,0.7716882437562048,0.7560204252330627,0.8374641363807359,0.8295038237647512,0.7957803424051586,0.8879773032892425,0.7385661505330399,0.891160820294243,0.8082707317614788,0.8872517732984587,0.8315990614868973,0.8610507281130891,0.8125033755989176,0.8352196460807775,0.9281681608837925,0.8371636016845886,0.9169928422600356,0.8361684048294116,0.8685694361399608,0.7788157595115727,0.8689938475936609,0.8792448227823699,0.7906421164658997,0.7131803646628009,0.8318629932989698,0.7695377043796258,0.7915846478300214,0.8762462848111923,0.8552432547114962,0.7977220566112935,0.8246108457355091,0.9100106823889723,0.7734232935041718,0.9170682861239682,0.8889712700612409,0.809920551116408,0.8252012470955689,0.7852956491327362,0.8557648892336853,0.8461848139230923,0.8728901405228446,0.8586641908258105,0.8382869571367693,0.7548593545455295,0.8658632329029096,0.8947269002058041,0.8338145149601849,0.8625201037040984,0.8372653166575638,0.7980727029304872,0.8318093410366735,0.8168190358862889,0.8466667304037232,0.9152159297420092,0.7943787767900353,0.8396588283907177,0.8147253574460787,0.82458412282685,0.720807681569139,0.8505469005701997,0.7197165409063979,0.8483024383595202,0.8576600560112223,0.8456835377776591,0.8670406382697334,0.7989118936482118,0.8721024763713736,0.910629753319443,0.8399333668367295,0.8573673358676471,0.8618469076604455,0.8431786825835637,0.8787802407084597,0.7856343091902697,0.7581845337646161,0.8525163806342686,0.7719348314472766,0.8111173026825796,0.8762870601861745,0.8575191724625011,0.841233887844344,0.8909624805723861,0.9085612824210747,0.8472697480902373,0.8442336841967125,0.8226038830876897,0.8528126808289971,0.8286483674963527,0.793958849409739,0.8235471581103402,0.9025320707105002,0.9119961139923494,0.834124164199915,0.7446234446258803,0.7790815731937845,0.7569361362156616,0.8329448343669981,0.8490707596681306,0.7355448086496128,0.7220650536645175,0.7168755500438878,0.8657224003498397,0.7990814746735722,0.7397331208855348,0.8360916601483923,0.7990471726780877,0.8640697032942825,0.8556698634832915,0.8536691971272858,0.8742549028945575,0.7599179327228693,0.883958387146156,0.8552807423017563,0.8681070860120871,0.8023487926443763,0.7867064973515865,0.764627470755262,0.8166028462948027,0.7102829455437368,0.8906800641700879,0.8809675631904086,0.8576549442141178,0.8215169964246841,0.7260192716287058,0.789591846651921,0.7800418720028,0.8197198099670848,0.7979101625946715,0.7698037111118176,0.8236226824180598,0.8936828339258849,0.8562397882599315,0.8480923957226729,0.8983528562965287,0.8497590033220005,0.7953322505611987,0.8310970587944495,0.8028720938477806,0.8359345133807599,0.8753172058851232,0.7569920509617201,0.8777082332502515,0.8805541212631457,0.8484945736579236,0.7485312162032146,0.8136908920136626,0.6369366488246433,0.9187500860705896,0.8340152448700873,0.8150677158136613,0.7101945005876341,0.8172438424912785,0.9130918401932799,0.8888439154717115,0.811993679303566,0.8337591599708919,0.8372331139735201,0.7460476167037574,0.9195535791967175,0.876235078213207,0.9411260830678854
0.8609010475231794,0.0,0.8667129246403306,0.8264639068887077,0.7387179073798967,0.869029076765999,0.8616847177420829,0.8464135163857842,0.7897463514359203,0.9043095358695076,0.8903508239790077,0.8925395981034835,0.8764315172728147,0.842190326653791,0.8751415643280535,0.825387320581334,0.8616477388385291,0.8542463141613316,0.8627487480238202,0.8510592518981047,0.8621208885524959,0.9251245717177792,0.8104193283690613,0.8908092330882974,0.9166393449560825,0.7602356463813202,0.7630688535592386,0.836301605207688,0.9145749308491711,0.7503244809666937,0.8622721983268926,0.861503436705577,0.8730353484692339,0.8364650704701175,0.8559009937078452,0.866287312754511,0.8529934704911227,0.8591400899991951,0.8465778858072883,0.871379946522761,0.8723051601859901,0.8484322666059374,0.7868148770733349,0.8526067981508136,0.9083937210740809,0.8280147364290419,0.7629751796770751,0.845007257234617,0.8796516309718835,0.8094622747220427,0.8355585670089283,0.8189212696262023,0.8050560929977417,0.9227562406691158,0.8865177972017141,0.8477705354514762,0.8337454842013605,0.816747374447801,0.8882245001092868,0.8416859345715236,0.8537979440485594,0.6921586019228388,0.798577253048189,0.7692035601975351,0.7568387492112079,0.7723851618544211,0.8324200087062394,0.8036383361739131,0.8036406847491152,0.8354350873328691,0.8170459900162103,0.787101082727561,0.7693326066530413,0.884221065468989,0.8769071562316971,0.7834687141861674,0.7809077902563433,0.790608347940357,0.8027260512636654,0.7006839046930725,0.8121560697818799,0.812285278444598,0.8625830706061148,0.8426620197638894,0.8050125523976699,0.9290455564909081,0.7614323844739254,0.7629155204329519,0.8207922759649409,0.8478097305091395,0.7825844734396582,0.8218212455095417,0.8538337706124112,0.8082500485539104,0.8624638110894073,0.8991338336835801,0.7541546069487376,0.8523126767751167,0.6986523428945405,0.866914880753305,0.824371266058296,0.7320333100462972,0.7053450230679907,0.8213677337293936,0.800864253811973,0.7921380887400735,0.7915547240505306,0.90546630564645,0.859290539389547,0.898582211651252,0.8698092844340408,0.7703085595178712,0.813204904941337,0.764239960052645,0.8315129647174505,0.8526598889509149,0.851829362490968,0.8213111576868604,0.8626290881436175,0.7549821869257074,0.7535657160312446,0.6967774190915946,0.8093889202247064,0.8582900392684912,0.7388831588836642,0.9163015434422966,0.7388136696301859,0.8288815881066458,0.9260052306949377,0.8216527088863341,0.8294522499000981,0.7658717001561824,0.7231897691996023,0.8202514934568202,0.8657727106925831,0.7738467924443649,0.862105140432185,0.8481186217133639,0.8792697513362873,0.8174238257633503,0.8325286225876979,0.8485955829654184,0.898445366655682,0.8133208672590808,0.8763781218533825,0.817204068288466,0.8416465788269529,0.8262980529995144,0.9210945486741343,0.713090924701248,0.8042512955552984,0.8704611170293659,0.8340519291603998,0.8311916588317075,0.8915698898614361,0.8510392515085188,0.8454036761470611,0.8407969244584215,0.8251147881977744,0.7525921369070319,0.8340322094920565,0.8113712678863562,0.9309311657120197,0.8300649375096334
0.7601224991694766,0.8667129246403306,0.0,0.7367314237256204,0.8268186176781964,0.8808353174512509,0.7811151154196754,0.8071614578240173,0.6800359486012202,0.8520617077179741,0.8914964510665605,0.8702663515037444,0.8614934431853482,0.7039108480253737,0.7928432105462198,0.932706703687658,0.9108623336980893,0.7665181455915446,0.7760461010097445,0.7387554898123437,0.9233510364924374,0.929082383498808,0.7155791486696214,0.8577864649459248,0.8175720578202731,0.8236676504433726,0.6845943983111961,0.7305635724508128,0.8726928892350357,0.8012248874669612,0.7295300830479711,0.8559680279348384,0.7825018390456645,0.7195607956400373,0.6881556249949358,0.7987672138591132,0.8250877219420695,0.8232993624805877,0.8255700411330218,0.8188562442722825,0.8273202490923065,0.8522629185111682,0.8306089586107626,0.8207318279351764,0.8054583974008914,0.8017617504851267,0.8363317990488872,0.8703988718421231,0.7790984312816005,0.7955189580211373,0.8367848567310431,0.8353825579801498,0.7114151820991657,0.8718876359626391,0.8402170779942235,0.77889595467343,0.7916741711644127,0.8942434829451608,0.7344985969515951,0.7637784861876383,0.7950365859857845,0.7308811452435837,0.8554915723322825,0.6835286591516627,0.682142138817714,0.7335521371054121,0.7245895231948041,0.8543173606622556,0.8063386708294241,0.7996403090583544,0.8228180210128146,0.6508666542029488,0.675720019782174,0.8987526285656992,0.8610961009194906,0.651195093664954,0.8431741763003839,0.8712934032532753,0.7643676493648238,0.7407080505724267,0.8610761633952227,0.7253197399154158,0.8966902947830043,0.8029744879211246,0.7599914114643473,0.8518383848571348,0.7217289649196679,0.6648781003748572,0.7098892605532219,0.7527438096067706,0.8158245418511643,0.670272148882813,0.8433592236274148,0.7062135620156678,0.7562964143342558,0.8367199984450303,0.7044951913870845,0.7377178649370343,0.6020082873768918,0.7314528113837874,0.6860169641773343,0.7849758211007317,0.629262093364437,0.740443367790686,0.7068890022301115,0.8786177206469001,0.8542361145170139,0.8393454296808481,0.839447892264092,0.874482457422588,0.8218896862470416,0.7255031531121474,0.7398157076163097,0.7212057028409061,0.7588256354984966,0.8432735946557234,0.7177040776083528,0.8025272383257855,0.8712519788416876,0.6569394506443482,0.780663615232814,0.6918205253288401,0.7282625779568834,0.8529191207130239,0.6155466851732897,0.8861776188996123,0.7317873717452428,0.8747668468063037,0.8703545274563819,0.7728103772689959,0.7710800810359859,0.9137476131733014,0.6539844500485497,0.7019709599764069,0.7906049978977906,0.7308149998710799,0.8341757090551724,0.7533664767766458,0.7845009337395058,0.7826103806185345,0.7037619517398069,0.8552912962231035,0.7499862315456586,0.7609236472203073,0.8588872207693057,0.7304422947827143,0.8602676138630754,0.888655646171784,0.8607013260992543,0.7495004793223691,0.6803464949064686,0.7404191001404169,0.7952861488229174,0.8922167804233532,0.8648145286359525,0.7727981563005268,0.7768497305406518,0.8919457112742744,0.6627682712392735,0.736427551471654,0.792276240273175,0.6641263492394648,0.8373952281152433,0.7925732952148368
0.7716882437562048,0.8264639068887077,0.7367314237256204,0.0,0.6930337588753169,0.7935000866781056,0.8659305522728427,0.8102924210930366,0.695380990953987,0.7611105303085034,0.8126700689717932,0.8270947099945284,0.7612680891467406,0.7419563486372264,0.8247935061836725,0.7114029645113661,0.7712457378787992,0.7765970588900284,0.8283017970782157,0.6810522995486878,0.780889373367279,0.7767130504851321,0.8148276997108462,0.7849897653930679,0.8171597588626079,0.7770168181179877,0.7577056757084563,0.8200430762996264,0.775702839960715,0.6750726474083111,0.781878130267367,0.732393440966125,0.9549725173568772,0.8295721371403725,0.7875743836312744,0.8196134183566096,0.7640163446235134,0.7602687832214502,0.7513479314421847,0.82800827515806,0.8698665560947468,0.7470823702449282,0.7209176434470106,0.8172492679333643,0.8149465341718357,0.7540937994598358,0.6646972524131879,0.7414930458896944,0.8004842934768504,0.7136699264684321,0.8320795360097023,0.8295239358951122,0.7213096753301315,0.8958878787430361,0.831341504224815,0.7214674778463177,0.7506660749686564,0.8074264147871238,0.7627045351247113,0.758333410470876,0.7907905945406227,0.6387141267185507,0.7935311517341251,0.6297286436811285,0.670931898309024,0.690973931287341,0.7739219633584622,0.7067143113957057,0.719430178749509,0.8228204319327385,0.7321654473383223,0.6851882773177651,0.7544073166777845,0.8333976711483897,0.7813544303829001,0.6931176537589692,0.7377189529507491,0.7369507857449191,0.7995058009831042,0.6396017169691639,0.7186625755129501,0.8105002587985759,0.7389827248624545,0.7705074467777965,0.8096882474822221,0.8139854730909143,0.733611523544045,0.7379355634833453,0.77556731764608,0.7258511421856595,0.8142209717143556,0.8384347911315725,0.7704411430244134,0.7196544576693649,0.8389901386364751,0.82311395697023,0.6652397482305031,0.8384225244316199,0.645672457555755,0.8750585762561992,0.7157566246160254,0.6950320034990607,0.8728641784605525,0.8293076447980215,0.7863072002368141,0.7061750036427082,0.7191523505444027,0.8090068630429431,0.7795433640931756,0.7362786623172278,0.8618027324205472,0.7642873911086931,0.7843678267869618,0.7228406761816969,0.8342312398258499,0.8140306797163281,0.7882150353969034,0.675222019846452,0.8511414949106997,0.8048831077684621,0.6615612206863686,0.8362526684817598,0.7074388468286087,0.7988535062427731,0.6456265136129515,0.8307824032064219,0.7275603808330381,0.7307144618498936,0.8400572413217768,0.7129485856558527,0.6844736700592869,0.6675743639791005,0.6741680582761647,0.8074587039475274,0.715920152420617,0.6327568594731794,0.6887834768003789,0.8066947045623242,0.7772138165268765,0.7460826459141661,0.8814833769828624,0.676672550036638,0.8542534103918131,0.7549203501119591,0.7498249393371769,0.8197689947569411,0.7421626331435129,0.7270395971010657,0.7339914924943004,0.5915010632741905,0.8055883769109966,0.8142139454967948,0.7391421264802045,0.6870201529820603,0.8850706472232747,0.7412250600735848,0.7387031015597378,0.8026760729627651,0.8792825047783818,0.7620239701992544,0.7539018927552269,0.7528517758710753,0.8011887018982959,0.7827262470083511
0.7560204252330627,0.7387179073798967,0.8268186176781964,0.6930337588753169,0.0,0.7492291449498367,0.8400891511877089,0.6541667084836514,0.6766385103602229,0.668887723078295,0.826267972826063,0.8202172641816158,0.7288201964987073,0.6402762671543709,0.8227357512047215,0.8439228181444254,0.8261313320361393,0.7510558100784365,0.7292949478583496,0.6739575847446644,0.8795246281318457,0.8423893147363151,0.7376708818731711,0.8509099981330811,0.7125821460486121,0.8517875841629556,0.634892436134734,0.6369677152885106,0.755580517068501,0.8729479858735368,0.7153466407102309,0.7532041585690176,0.7498574749981716,0.6749988789169744,0.6911775249516405,0.7591012241252705,0.7743712330483755,0.7817790642519798,0.8253665558590373,0.7931892871159795,0.8275969848321854,0.7997883309754504,0.8640791045538899,0.8572850198371942,0.69209898836664,0.7655231912253616,0.9100953234120573,0.8313023769519505,0.7901803252713977,0.8254489130115945,0.8707412922163372,0.8395901559512056,0.6927364249287933,0.7892812046739419,0.7808303754103321,0.7037057916449408,0.8017845572062305,0.8667338286772994,0.6614087796925178,0.7385995553309637,0.6268731038042663,0.7366019444706939,0.823675077056444,0.6510690406700835,0.7210280160293424,0.6598393793469476,0.6317683835988334,0.8408838194554853,0.7117933322613904,0.6932275669239591,0.8368586345543647,0.665025404170591,0.6091578330415365,0.8072254362113268,0.6980882632831602,0.6299470241024394,0.7900426977586149,0.9314419250315007,0.7317616521825037,0.7542895713308005,0.7574032400793698,0.7491202285079435,0.887650147224738,0.6534505271351532,0.7615848210217583,0.7604262504101587,0.6281408104441619,0.6844036754719521,0.6228630919280227,0.6882131770040563,0.926950389696117,0.6855812877525794,0.8761438540255824,0.6861135203024529,0.751267167703416,0.7660139478005225,0.6048761448399472,0.6547557801735898,0.6768821426960497,0.6421323484139327,0.6614134801321399,0.6843543411515951,0.6593988800686692,0.6745980770321192,0.6839426659040574,0.8346422469567836,0.7233727673116388,0.7022503737028875,0.8262171083241676,0.7766562453397967,0.8112767774436688,0.8241456555944814,0.6400061557291721,0.620679724530196,0.7466827720304983,0.8077015085586923,0.6546891234595064,0.7772692939818557,0.7520925164310888,0.6230945918170646,0.9176977898696977,0.6607055391298221,0.6807661277429269,0.8705840336255627,0.6293673525213205,0.7870025778892358,0.6899646694209169,0.8379312652483869,0.716614127986378,0.7568761205982837,0.6583177298877382,0.8111003236058099,0.5909820450740169,0.717430982333092,0.6984952972185511,0.7696778098393157,0.8170090137188976,0.8096145289377443,0.6876083688462278,0.8138346717331267,0.6383639813907962,0.7797373377194211,0.731301817660917,0.704995775199009,0.8229711575020998,0.7742026701826594,0.9008156706810714,0.791004639540016,0.7104075821916501,0.6488811734549804,0.6789568553733704,0.7027610811039785,0.7722912757009148,0.8195428595252041,0.7884204683425617,0.6956472271369845,0.7059055235903682,0.8334565143364421,0.6543882090646648,0.7555883844170264,0.6609883252722694,0.6631236311305028,0.7637448895530521,0.8561426925151101
0.8374641363807359,0.869029076765999,0.8808353174512509,0.7935000866781056,0.7492291449498367,0.0,0.7907036699600887,0.8243631810375426,0.728275336585827,0.827913242898725,0.8849395610815733,0.8816922884344417,0.8801665551378022,0.7101634393406225,0.7607634223191173,0.8754720334023463,0.8796419323063177,0.753527100330674,0.8421255693237808,0.7602613108508586,0.9000088297765119,0.8483081715242,0.7032959199175375,0.8226175673865349,0.8933171795845837,0.8049228843430539,0.6376443139423527,0.785943688600997,0.8254185543415727,0.780263606546805,0.7792584740559304,0.898955207092878,0.8054251550955334,0.8117128711522964,0.7461490029893174,0.766246541278767,0.8748021274529103,0.7928181547966313,0.7763957410411308,0.7680487837374467,0.7870981810616294,0.9012955072945106,0.7951401830702577,0.8721154372504399,0.8037658354018211,0.7746757323964754,0.7883919652256011,0.8816709125656116,0.7839722580091115,0.7373645286104571,0.8460150042050396,0.8955265597057912,0.7121622180571178,0.8762600425890743,0.8263548159728797,0.894177335494819,0.804366765772751,0.8926995116120647,0.7144443482024767,0.7294682445777939,0.8518615595100605,0.7338460394550812,0.8918064626171844,0.6295546083971906,0.6916412496395398,0.7840480457671795,0.7641459399963746,0.8525954801438294,0.7279576629705493,0.8445243646243028,0.8352431573192974,0.6520998289594515,0.7883633433660329,0.8747750222426803,0.8798955302470051,0.7522465522527093,0.8051578326923623,0.8101220687631323,0.783837795166205,0.8232231885427825,0.9374670216799815,0.7725347442818964,0.8748385042818966,0.8556780244120065,0.8476971861823225,0.853043008894351,0.8373427936324208,0.6845118982214521,0.7826160602326079,0.795285997145579,0.8028565429511701,0.7560513432136123,0.7879243450735437,0.7797106721118453,0.7880352651482395,0.8836162063519415,0.7246747024165685,0.8559920173943841,0.6405447731355723,0.8051580444403309,0.7160819319731537,0.7611952830523987,0.7083546438729165,0.7711361289610351,0.760517805598814,0.8251874857120288,0.8131207269781819,0.8832313150985581,0.7665380650066144,0.899009345806487,0.8924162753276715,0.7282175171379639,0.8922201973077688,0.7305998723863487,0.7979595721328677,0.8526389970719366,0.8495932067350113,0.7442584407270126,0.9357370965625995,0.7448118857619633,0.7132108710535947,0.7400245526118467,0.8443390506369335,0.8811946539303672,0.6923460192242922,0.8839970199008018,0.7587949076780071,0.8040593057655088,0.8843009087576524,0.6972835877984492,0.8149230292741689,0.8740456969089461,0.7157548638514241,0.7874208558830113,0.787106084988237,0.7154737846362584,0.8350806999698673,0.7210881037998529,0.7067554676464374,0.7487027233933005,0.7760118784412023,0.8551845032408687,0.790086121711928,0.7401949581503812,0.8568243912071076,0.7997430177665165,0.8282549392955801,0.8238117728819294,0.850086695393882,0.7148893603314252,0.7732544768712244,0.8054988916970452,0.7290724221410837,0.7362712925776499,0.9137916658673032,0.8065360498594405,0.799648066885701,0.9229360559210679,0.7263129700998813,0.8175832428315084,0.7880886027303492,0.7975018992095565,0.8701606935462821,0.8263388519508243
0.8295038237647512,0.8616847177420829,0.7811151154196754,0.8659305522728427,0.8400891511877089,0.7907036699600887,0.0,0.7424239872631094,0.7217744783319283,0.7864705522195768,0.8703355948559576,0.8987806798303939,0.7936440776702526,0.7349100889556665,0.9154743471395431,0.797016798100666,0.8240981030422146,0.8298610174693617,0.8422524474368813,0.7260947097190994,0.8451789466304419,0.8443829262453365,0.9137156760259783,0.9058687300363325,0.851901918600798,0.8275441873648613,0.7601134365842904,0.7831194026074608,0.8410543506598426,0.8158737660700667,0.8315986556619918,0.8012604719916183,0.898023269174369,0.8471471350796518,0.8059129300420355,0.811433114107727,0.8407205638484405,0.7863799637910153,0.8460796614078516,0.8985034559723929,0.8847990207056804,0.8019608696720251,0.8188774846678214,0.8934264483679483,0.8132746876058858,0.8240969989017665,0.7991754418592429,0.8261660688208116,0.9338584061775266,0.7795897448852568,0.8998295440172358,0.8366343791864792,0.7384697586683311,0.8828682025399454,0.8781465800360547,0.7652856975845743,0.823548157599126,0.8417655023401517,0.7921716153653663,0.807651324474872,0.7233657616374541,0.6661881887486142,0.78646405434139,0.6589633153136397,0.7259473749193964,0.6959910025815045,0.7552291094588328,0.8067216825063526,0.7232293769849989,0.7799604372566247,0.8010605329845322,0.7434029381847894,0.6765192976494235,0.8629496833318046,0.7386633290482426,0.760282500756619,0.8072858904805771,0.8846935594991797,0.7905613412650758,0.7297281726293455,0.7449254044325524,0.8012379974404725,0.8773545679958541,0.7149328146747468,0.7965584026437067,0.8209065920166644,0.6932806210900678,0.7772129324952919,0.7708762328789146,0.7700571436148242,0.8820447701891406,0.8296535717979383,0.8878361304079398,0.768618015790682,0.8232267450585692,0.8656816428719665,0.6215638522423824,0.7774327214615885,0.6782108443000073,0.8131311558282216,0.771414525000415,0.7045751931702553,0.7831302320817807,0.7984924325916346,0.7388471980701599,0.7834238690124417,0.7264943264852073,0.8112759934741209,0.8805263559345263,0.8271594006742441,0.9157996556138056,0.8058293916667431,0.7280949137064001,0.6884414971754189,0.8268994120075019,0.8528493531693887,0.7909040527933727,0.8071524995141832,0.8107967877860335,0.7145416171125317,0.7969575832409537,0.7222573458804583,0.7260312570870437,0.9212774514896594,0.6757742462146091,0.8913103304038884,0.6837293999260219,0.8272821798197796,0.8120477331857676,0.7841054620270258,0.7024495031211718,0.7020296944099158,0.6690160677048621,0.7794225008956139,0.7453577967270777,0.7316978961552327,0.8313810601557654,0.8962109631819447,0.7974260086248205,0.8547330253567175,0.7978124370426558,0.7529409549437024,0.8665132267433312,0.7168727155536397,0.8449214697080599,0.8690866624046861,0.833885752352168,0.8166337280117513,0.7799581882510722,0.5997786557025054,0.7983430311387282,0.8381426377947252,0.7885856194951708,0.8017514302192132,0.8931972668033601,0.778301577009271,0.8061710831369399,0.8713636166341967,0.841453571931229,0.8291764019072361,0.7515772456997254,0.7753718583018387,0.8427817158426394,0.8691959468202725
0.7957803424051586,0.8464135163857842,0.8071614578240173,0.8102924210930366,0.6541667084836514,0.8243631810375426,0.7424239872631094,0.0,0.7926303015290445,0.8235369103191897,0.8186381226429027,0.8328123667194582,0.8498613900578329,0.7548979257150547,0.7972967703551611,0.7929321394130275,0.786403799731367,0.8011366492651261,0.8153404930027085,0.786669929764479,0.7820814225698312,0.8235503900308292,0.7427521428529715,0.756063856130007,0.8531773951242576,0.7358976237231439,0.7822528969820232,0.8187491446130682,0.7634715066703089,0.7257207327244277,0.8419173709224396,0.8343604475538532,0.8205161328294325,0.8094065421009824,0.7548549464433713,0.818985137931636,0.817401260421018,0.8367907251542032,0.7953108709516166,0.7589277057054284,0.7700018632839702,0.7620978711884002,0.7866663199127238,0.744640146707707,0.9309359978454605,0.8175844000630588,0.675316294616791,0.7600293023316013,0.7734947376942718,0.764962546259418,0.7964788118604643,0.7487144061000545,0.713536824697369,0.8414851824648738,0.83236228371013,0.7587884268975587,0.7785701782931919,0.8243342578843234,0.7698320677349045,0.8042916939944352,0.9030768589035758,0.7203815576863875,0.8035813868482374,0.6825909466876758,0.6907729889729889,0.7777799475536171,0.8129434972806152,0.7565088518645836,0.8263686146701341,0.9419320887450013,0.7783900547513641,0.7007889364927514,0.7492479402473723,0.8571195918741772,0.8915049402173878,0.7200928944696232,0.7941235434481937,0.6997902158752662,0.8511024179367905,0.6212318936981984,0.7267566771118431,0.8007352989943742,0.775411215053096,0.8583183490727271,0.7817100574970898,0.8874759449713063,0.8553417218660087,0.7924002900490194,0.8675992103478427,0.8112020810922039,0.7462888274515401,0.7658354935676602,0.7645477287441562,0.7353826416252022,0.7673137579352294,0.8220090811573133,0.796799958720546,0.7949357982199288,0.6213763173159605,0.8574074895715346,0.7406002176838575,0.8706250689499784,0.7304303250359185,0.7768280617688644,0.8333688996771155,0.7821367017897511,0.8219271989620666,0.8254386837748096,0.764818581163865,0.7616744747772134,0.7808703963660967,0.7316041017311617,0.7874553131544602,0.8449076387996959,0.8043610439051581,0.7867339070723167,0.7665291339846583,0.7530156724521542,0.767444100477753,0.750820517547594,0.6591085733328756,0.8464272157866255,0.7026045318628267,0.7727161778116374,0.6393786137363642,0.8411214677491163,0.7470033363208666,0.8298823724750322,0.8316760463172624,0.7589523044117068,0.8112807077270552,0.7583506047016245,0.7604469338701781,0.7539760049268673,0.798492947455278,0.6564888364759022,0.7608364095688587,0.740762997564976,0.8235493676729752,0.8167472681567634,0.7970035576154045,0.761065992648053,0.8137183811661036,0.7947254727825228,0.7752190577844907,0.786614584560447,0.7794723736753167,0.7701452603192335,0.8333234442221591,0.6622857508708557,0.80778174984657,0.7570240679369159,0.7783362746437039,0.7463506012766318,0.8423095526004325,0.8499358441013068,0.7721414463885519,0.7872878002534793,0.7298295235356121,0.7252847875361405,0.7355049961688922,0.7107918736573007,0.8743593467677919,0.7371241905880606
0.8879773032892425,0.7897463514359203,0.6800359486012202,0.695380990953987,0.6766385103602229,0.728275336585827,0.7217744783319283,0.7926303015290445,0.0,0.6815150389582373,0.7601061907464483,0.7431294447291353,0.7508954521127615,0.7784987410774613,0.7916153400378236,0.6949717461827618,0.704129078449062,0.8396363360301823,0.7632435375844113,0.8613591636300519,0.7174922697433996,0.7959933517123751,0.7073162075227605,0.7316902286859945,0.7904229079140415,0.6596712156613485,0.7069097449638997,0.7356581219501361,0.6731124816638379,0.741432756225754,0.8697767601024705,0.743061173058808,0.7209799753949642,0.7238072772073947,0.8697832813646389,0.7495817687739205,0.7801735770399468,0.8329183038241176,0.7479118746195637,0.6935206312339285,0.7037317567286886,0.7983682152595962,0.7477923121280526,0.7411805539268392,0.8019484629647963,0.7259841810147533,0.6736627338120557,0.7241236502870163,0.7693782007064135,0.7847229905279814,0.7366486040168709,0.7063854578137077,0.7341190042771434,0.7311882808808373,0.7201258023152649,0.7887758438964052,0.7898903904666045,0.7271882222365308,0.7643966516589672,0.7493148084723115,0.7357639100723827,0.6750878823791232,0.7301562889526146,0.7416834906911328,0.7938022164217498,0.7305914384901837,0.752449552634468,0.7429149827883402,0.7744049461064738,0.8299238028730507,0.8025353319325068,0.786473950114587,0.7932093842893475,0.7319110143529962,0.776627493196207,0.7503489964822093,0.6671387048619325,0.6444400600491544,0.7487656523082752,0.6099977658254955,0.6658253924872172,0.8744346099620943,0.7526407632849752,0.7364674818795209,0.7746981529268754,0.8531685489138198,0.7935827210662892,0.8214990339682485,0.7504435181957274,0.8273323257182683,0.7470018498138,0.8080220802567388,0.7284747643319476,0.7557773850938926,0.8189743189826519,0.7645777989239222,0.7436260045911397,0.7439950728151394,0.7804679932965226,0.7372014016567978,0.7656057504746272,0.6866053519918012,0.6929941862016901,0.6957169869440522,0.8478045300210787,0.6878522225302899,0.6470866513620048,0.7502247420684695,0.6846005767705698,0.7270064643487077,0.7253922179448198,0.8059893988805339,0.7489111258703783,0.7644313610422945,0.7507378228833416,0.7380959741087193,0.7499624478980652,0.735592101128624,0.6624146187079545,0.7619546449773337,0.723312852503904,0.6976163395968574,0.758304868823036,0.7262667117607348,0.816466734838239,0.7077466184542103,0.6932895643304193,0.7233451849236963,0.6886499852922657,0.745705566579941,0.8337492531728004,0.682134558404351,0.7357438869707849,0.8651478690568872,0.7920255851450787,0.7496312994930466,0.7768851313612244,0.759316887984016,0.7423825801264441,0.7883135667038523,0.7284324390198991,0.7515000302500139,0.8309179085197836,0.7888953908767954,0.7506984056533508,0.8365434842770764,0.8147591382319611,0.6334564362232475,0.7642751157895366,0.6204821990332428,0.8526204157972511,0.7410116611346431,0.781019732656406,0.6626397243774764,0.726442483335942,0.8332622137255946,0.7434087800806813,0.6841518177871672,0.7409294523443833,0.6774255135986954,0.6283256331918171,0.8215140932819207,0.8524013856869753,0.8121211810478813
0.7385661505330399,0.9043095358695076,0.8520617077179741,0.7611105303085034,0.668887723078295,0.827913242898725,0.7864705522195768,0.8235369103191897,0.6815150389582373,0.0,0.8275352223275679,0.8539909427501767,0.8228289131781656,0.7449972126677156,0.7610104001234959,0.8042183570938415,0.8013405055180151,0.7574891276542817,0.7989344139943595,0.7352333350645262,0.7687974999960988,0.8243033639995626,0.7827754287133661,0.7694367666613878,0.9103455972447534,0.687049405227062,0.7587641014396915,0.8017739965569713,0.9310305619480569,0.7273553138290619,0.775093501650101,0.8441744854946033,0.7867399066205802,0.7800787245777475,0.7300262547624353,0.778564762563421,0.792765752631314,0.7676747359295099,0.7553295764301241,0.770540590836305,0.7634334917148722,0.7760412266371185,0.7291700928867283,0.7559567567797209,0.8272310637431265,0.7381248369891524,0.703778555777529,0.7817301938242216,0.8133160362195748,0.6873514242614163,0.7360177673351921,0.7096663709509543,0.6815444883343982,0.8208846721148867,0.8504711237530334,0.773107901282254,0.707245673912288,0.7887065224994607,0.8006159344370127,0.7294878200596638,0.8014536334512182,0.6243076056962934,0.7167512119735138,0.6943436833989813,0.6225975251361622,0.6726472791168127,0.7340002590626844,0.7368174033577198,0.7976073469909388,0.8159728653619979,0.6907829580808752,0.682656472213214,0.6707037252911148,0.8011833703361124,0.8238394180250411,0.7261439772366389,0.7402925926717154,0.7544579081419767,0.713143638345615,0.6582167034283193,0.7654496320473917,0.6653043929964663,0.7981675167537272,0.801687672434845,0.6879678684242477,0.8014918101575711,0.7287586048709428,0.6980047344604424,0.8053734221245199,0.7306552104860043,0.701076283378845,0.7258890366936183,0.7867433687739359,0.686320214290651,0.7042973887175198,0.8710663165616829,0.6549006174980935,0.8044979862630923,0.590334399826941,0.7764721596789578,0.7364461010413634,0.7339368078810444,0.6639723863939393,0.8462148622498937,0.6919890879083977,0.7254168273935041,0.7487244953068001,0.8984915153071423,0.7734582250082078,0.8181855632861607,0.7854852834599966,0.642094879626217,0.7351783206018873,0.7738974238936351,0.7199592341802323,0.7525338310530825,0.7972284906823865,0.8161973964482765,0.8282190638040149,0.6997510233727455,0.6377594898540446,0.6785396521073324,0.6973091865075627,0.7716389857307973,0.6265542594189786,0.9046129161173809,0.6353704807321127,0.7644658492294037,0.9064928771383702,0.7287063185026204,0.8171185192917716,0.7119407582638424,0.672902291356982,0.6648126892188561,0.758453346579676,0.6567369573365472,0.7899536631373759,0.7256973893579003,0.827436764646293,0.7528063047368435,0.7949939190437713,0.7943490882819348,0.7476695363235814,0.7247650194152437,0.7971807513013934,0.7322494599680586,0.7188977920763538,0.8242935549328383,0.938122488180452,0.7051689875777543,0.6942618992749624,0.8317088526249291,0.7258429124688395,0.7975299996195218,0.8622149147167327,0.7586931592388946,0.7651959808355294,0.8033672334013057,0.7341172708053909,0.7081174997532985,0.835588178347606,0.7165081660088548,0.8506924015012535,0.6994911796895933
0.891160820294243,0.8903508239790077,0.8914964510665605,0.8126700689717932,0.826267972826063,0.8849395610815733,0.8703355948559576,0.8186381226429027,0.7601061907464483,0.8275352223275679,0.0,0.8948267600342331,0.9210212614734773,0.7990854951708458,0.8562686400093905,0.9282065128235433,0.920990639063944,0.8607053526396415,0.8511835832904395,0.8346320459852582,0.9159449305837475,0.9413174307633476,0.8084329825483585,0.9131459234797503,0.9039851062922261,0.8602260539719481,0.749340875376823,0.8397791646045566,0.8900437352198335,0.8236206960713597,0.8235882107405914,0.9068037235044059,0.8258233418396084,0.8303601322841135,0.8213040150085975,0.8258477306545089,0.9371147111967326,0.8986373772244957,0.8834268422592303,0.8758394457574447,0.8284766732842749,0.8749283631036496,0.8698700667541182,0.9063829803991389,0.8661931163831478,0.8190082396548888,0.7678304044609089,0.9448901225861283,0.9167067854102314,0.8250499978157204,0.8984747612915862,0.8464466664323945,0.7347011122965244,0.911672721502222,0.9231388717904826,0.7966769396324622,0.8816857302728425,0.8930578672683024,0.8188282001299015,0.8109731666465777,0.8583577815227924,0.7103718791021877,0.868258245955431,0.7229862550837185,0.7434886766967658,0.7862190913411568,0.8339793910084706,0.876678078011876,0.8328154341904817,0.8833355802891947,0.8726281660597176,0.7605310779824271,0.7960726976672264,0.9383186845031177,0.8749717779986629,0.7625488116311717,0.8989602267669153,0.8696854724233697,0.8106544550837578,0.7952619961086956,0.8348387191972019,0.7971385208219232,0.8949871149313855,0.8494879434058226,0.8618571533552164,0.8817481447586846,0.8308139448131773,0.7739492432629812,0.774588949213135,0.80495224787303,0.8685276964224714,0.7361435993983594,0.8934838510666399,0.8165947444974484,0.8692274932091605,0.8777284028870772,0.7122113256173312,0.7620599228795091,0.6845988969083598,0.7991498569955131,0.8233041959824965,0.8114223096403359,0.7042365538144258,0.7469368722834513,0.7897708980921171,0.8348513789069842,0.8091457370357792,0.8753179878851662,0.8309665516775869,0.9143520746837789,0.9196768376982074,0.8288983550674381,0.8409502255181878,0.8066371981365457,0.8346392044608378,0.8712411697498905,0.7937189857241237,0.8714813175024829,0.882397599225721,0.7313398087843438,0.8329247367951941,0.7262988905385882,0.8291784998909301,0.9126080427154033,0.7387521495654292,0.9171775567206513,0.7229866995726931,0.8697760353440352,0.8724518508065087,0.8117210032243999,0.7643992645382652,0.8482546050203921,0.7912598759796563,0.8236552201786306,0.8687805894183261,0.7864050983826242,0.8779650543187607,0.8400114402353824,0.8407088999311456,0.8448612972752252,0.7833221875476667,0.9003748769513886,0.827292343155028,0.7901312291472218,0.9465598577873156,0.823145746395445,0.8571059639492264,0.8247248669478132,0.8613845506122413,0.7091006849024226,0.8336650561495988,0.8117069159311601,0.8541262896795299,0.7910316325207032,0.8837876156422105,0.8746815584728864,0.899794239014574,0.8878065837701565,0.7973618686235866,0.8660256499830319,0.7610501326100094,0.8021805159869163,0.8545436360341196,0.9242054539708292
0.8082707317614788,0.8925395981034835,0.8702663515037444,0.8270947099945284,0.8202172641816158,0.8816922884344417,0.8987806798303939,0.8328123667194582,0.7431294447291353,0.8539909427501767,0.8948267600342331,0.0,0.8038446727224405,0.690004919055733,0.8603936311546369,0.8602608519710387,0.8588768099642483,0.7722179221242887,0.9219430772257632,0.7580884626785224,0.9131284502905408,0.8796175277726171,0.8312002129734691,0.8664985354762113,0.9101253649032721,0.7888211732400074,0.7091006069853422,0.7810832757410835,0.8649696476177917,0.8443683827106041,0.8657800079157089,0.8867951692202961,0.8516202505831844,0.871300160715643,0.7771041851980584,0.8690026927392553,0.8400948895372191,0.8098939362767963,0.901234306777916,0.8022103779730102,0.8608826600869581,0.8586329511149958,0.8553024178423958,0.8908070084605447,0.8451879421616814,0.8008613402109025,0.802186500435865,0.8610919352127838,0.8757268894723466,0.8044684804730083,0.8963100082712222,0.8404346228627728,0.7184300295956602,0.9239825713750428,0.9213581818377922,0.7923411272635682,0.8257539256814945,0.9374843785261574,0.7611531414635344,0.7958779906239305,0.7810587403006988,0.7046562804955919,0.8317945412798574,0.689622212884356,0.7148896437236915,0.7152437106420594,0.7263022008106351,0.7957070586594429,0.7462740886204463,0.8287045219367446,0.8006879783529832,0.6872339234301598,0.6957305990477495,0.8774877742778514,0.8200077323316409,0.718616946633083,0.8278972263500941,0.8564768291329856,0.789677832474217,0.7115308282059193,0.7857857485064795,0.8127840220893223,0.8770749460723279,0.7462635184497477,0.8293204645920456,0.8444348764813923,0.7600085667728889,0.7543493423265061,0.7747518604547793,0.772291668059821,0.8560008085792746,0.8384563533868917,0.8927451954760303,0.7491632199692928,0.7769765021424841,0.9027622829530481,0.7032015261869005,0.8440904937598249,0.6684986028924016,0.7830615131581401,0.7376091870566623,0.8026286122324616,0.7741908736474942,0.8487283514091963,0.7694638381727243,0.8038999106010621,0.8139042936568317,0.8532796602574583,0.8193455383424374,0.8604479557330238,0.9446787790749188,0.800549404221498,0.7457115643103701,0.7398269789387406,0.7781129918502236,0.8170252601741986,0.8034075319237952,0.8572555465601341,0.8670626087261117,0.6993124524964296,0.7573040104494669,0.7487375636090843,0.7425468454454179,0.8890965379617167,0.6561675964760666,0.9275418597800345,0.7246013474683013,0.8690364543658924,0.8942907350548035,0.7318917646451447,0.770698693643875,0.7948049054703777,0.6559714646071149,0.7781078315350796,0.8045440536206524,0.7089045912827178,0.8401158446215188,0.796295462971621,0.7795961038933291,0.8837039452043223,0.7644994059965378,0.8295906185356914,0.8475052038087872,0.8070457269866673,0.8674738590679039,0.8597993097811683,0.877387651487552,0.8190287355869964,0.882643690110251,0.6952497844945903,0.798136528524591,0.826457564409197,0.8219324368952228,0.8089884376716763,0.9583445893493086,0.7883932830492452,0.7704540625029915,0.8844679399196679,0.7386530273781371,0.7908415459605477,0.7177821801830228,0.7496570569530456,0.9085076880825074,0.8258159501347816
