0,1,2,3,4,5,6,7,8,9,10,11,12,13,14,15,16,17,18,19,20,21,22,23,24,25,26,27,28,29,30,31,32,33,34,35,36,37,38,39,40,41,42,43,44,45,46,47,48,49,50,51,52,53,54,55,56,57,58,59,60,61,62,63,64,65,66,67,68,69,70,71,72,73,74,75,76,77,78,79,80,81,82,83,84,85,86,87,88,89,90,91,92,93,94,95,96,97,98,99,100,101,102,103,104,105,106,107,108,109,110,111,112,113,114,115,116,117,118,119,120,121,122,123,124,125,126,127,128,129,130,131,132,133,134,135,136,137,138,139,140,141,142,143,144,145,146,147,148,149,150,151,152,153,154,155,156,157,158,159,160,161,162,163
0.0,0.30399404053900564,0.27848224649542497,0.27950605818633306,0.4091244712882315,0.29263271893464715,0.3083664757292813,0.30391012411836327,0.36954636624000886,0.28570808352541077,0.33830667420343796,0.33842318278743894,0.3676601027135923,0.28422404451026095,0.3155435143377373,0.3679395554170126,0.3548421534227891,0.4715864126380105,0.3087952141887489,0.49930258352961243,0.38392442917061015,0.3410191816462893,0.30425480133794053,0.3247699966307074,0.4170154506007721,0.27935705079520196,0.27022692601354675,0.28740259308977106,0.24499942272391032,0.30430525375792195,0.3973466689219874,0.3272780135580706,0.26418887133453206,0.3349554403960046,0.4056471110181595,0.32541687745371406,0.44846790751784554,0.3520571288802298,0.3035761316586864,0.3156530126967314,0.2751780140430293,0.3214282101264736,0.38491376337879907,0.36266075634696515,0.341257773454869,0.4102799996961541,0.3303568288492456,0.36418003567481916,0.3705056550779509,0.3990950143365194,0.4182707498335956,0.34372491669064553,0.3412227610859575,0.300775174805913,0.2934051482015479,0.2795943304373196,0.4704670199843325,0.359711079914321,0.32475971020202343,0.37073880577569,0.27839971273392206,0.26412989247273766,0.32290779829681054,0.28614008340321734,0.3363865802399135,0.3493952216919619,0.3233073093384371,0.34778221354960537,0.28693223797692213,0.3711010224020407,0.4348025072898217,0.34118687322381147,0.3205094431544306,0.3528137947295487,0.32977258355011707,0.3672368251773372,0.26687176967649845,0.3560245337325277,0.3196096986409315,0.27050909074035173,0.26796697933897723,0.4301219949365443,0.33922817579087383,0.2656102709749589,0.33148764465874087,0.35778541884798537,0.3230983838392055,0.4216876713346904,0.39820340563903245,0.28917069336444706,0.46741002813394056,0.39149651157045845,0.37619204111680654,0.36174355281527876,0.34516146764054795,0.30182717340921866,0.24318890011224778,0.29295971324567,0.2823474604684039,0.3630942992334938,0.31821466838087403,0.2788587461673771,0.3158920958097,0.2967388423226947,0.3763759316205026,0.35236718403720774,0.30309962170830124,0.3233022257168465,0.33146367301839036,0.3571780799865438,0.3598428519538527,0.3900685764142047,0.3390172126663961,0.32695409501418454,0.3359898896526116,0.33084795551541507,0.34606400635333057,0.33565055258086063,0.25109623320264945,0.30869888057181216,0.34736491779419576,0.27475687452821884,0.33772189577252054,0.42571092581595454,0.2985442662689928,0.29446830852004874,0.26990845113980866,0.29957904568195975,0.2657026115511813,0.3021083129814072,0.2622331268930254,0.2768565453822015,0.2913448609688785,0.3734355987068068,0.32091266680167124,0.2792953516124377,0.3714786221361772,0.31144774625428273,0.30401929649088943,0.446715071321605,0.25939268409818134,0.30985249438896106,0.4527746413576606,0.3050375248672264,0.3647438295434125,0.4049304284187451,0.35143132395449583,0.2914362140878392,0.36109726318634117,0.20231854624406068,0.44678354924948016,0.3337096734859782,0.3951582047021533,0.23021898489124853,0.3664636306630056,0.39616254165935527,0.27941227715277944,0.32394413704736,0.28080701671497094,0.30385225866594423,0.24003427560152732,0.37603620296889084,0.26184241324053553,0.5257346199070224
0.30399404053900564,0.0,0.3411495182189518,0.29452392140385797,0.32994393148114715,0.33910151156610857,0.327705674953507,0.3670243607061977,0.27074820307408864,0.41110239708389146,0.3457183750637415,0.3554778055312845,0.34464949194002165,0.3258304350614184,0.3203896134371978,0.30848761837556804,0.30431393792970357,0.3296817947297266,0.26708995747012315,0.30467575360250726,0.3322723545081591,0.41953964257316645,0.3251830193549552,0.3492814657962923,0.3643607210686728,0.27251902990986876,0.27472089044486053,0.2646286314045767,0.34986650037095157,0.25308748155964195,0.32161064252621907,0.26905951021729013,0.3285848581619057,0.259251982129142,0.30911647789935476,0.3114764243684205,0.35319125576854604,0.2927379127539653,0.2879759139535811,0.306483374426922,0.33484373546589996,0.31579438973997914,0.2507283406048433,0.2893721269447451,0.41409953904328184,0.32439908265231554,0.32926748529121824,0.31149320790224366,0.30861336298895264,0.2742869199599826,0.29774570245191934,0.28864960635286757,0.33158495592671244,0.38894717397386674,0.2986319890041012,0.2955800908509401,0.2831264947081869,0.31531726797043413,0.3350541813403066,0.3416901933912325,0.3143149423177373,0.21746735961968222,0.25564833151742844,0.24631998109337855,0.2403906884662967,0.2521205435131622,0.3313967603018443,0.3241938129181396,0.2733536757864509,0.3241755463487713,0.2788615510517792,0.2934895570818935,0.2408040701403771,0.3276596783956577,0.3008792184191484,0.27186236810968734,0.2526023129678626,0.44962509835184056,0.2761266760726089,0.23022823018126512,0.25969635755540943,0.27949363725467985,0.4217145909391144,0.2736459695450218,0.2550635875516042,0.3932153158607959,0.26772853762531207,0.25209590542099647,0.28845264183706953,0.3322404312867433,0.3033945506967706,0.3207254976574116,0.3113870922635969,0.26218164305754793,0.299511757743484,0.40130003372647577,0.23461163368917712,0.297293531495624,0.2190882063372441,0.32910151476581956,0.2908229496286032,0.22897689002971036,0.2337116640868665,0.3182459552437891,0.26338365916939666,0.30833649701064025,0.25588300166606087,0.38266824090425233,0.3693548674271666,0.4808710751382073,0.28582355316830693,0.2520466222008039,0.2740693272059552,0.2688075386863378,0.3322868557791068,0.40519691342198255,0.284638513554863,0.2342956114035199,0.2760558096288506,0.2659298892414479,0.28833299711369414,0.24150214319937494,0.28326759950103175,0.36560365023435687,0.2411499186627702,0.3896243412473451,0.23509528857931125,0.4047213750301455,0.3326894715607363,0.27833746611699856,0.27892235000437604,0.24788468337616595,0.2527605265981338,0.2824142907590085,0.2989843743647923,0.23890914774333216,0.3271823888287247,0.2949863750214257,0.3253140729277316,0.2854286081962553,0.3105410092087233,0.2967747520683582,0.3804664527928884,0.26351942247156157,0.3330226566468683,0.2870832723496355,0.3167668466706124,0.34518943993253176,0.37891024073154317,0.20938735287465993,0.2529740235630211,0.32338719069066596,0.2877058836804453,0.3392004295492818,0.3381993814833786,0.35412410907322106,0.2921755166911819,0.3772562442677927,0.261077797286385,0.21994772976167673,0.294893318511978,0.3023276354451386,0.23989259652809444,0.31455162747387494
0.27848224649542497,0.3411495182189518,0.0,0.2776261081262383,0.28381401562650926,0.3224302166648474,0.23905447425780088,0.35280505302500387,0.24286191024910714,0.3967746564458507,0.31265602576680845,0.2705219098180468,0.38103256881953823,0.2711105142515509,0.25892257573104016,0.34744210869833586,0.3166515702175202,0.3113862782041598,0.224115935983394,0.2590997584574578,0.3124913110629873,0.40446280520359296,0.25667128853177223,0.24834771448978418,0.3057022410745501,0.2918751356320844,0.2667441533768455,0.27091238769393455,0.25582941038388957,0.2154736188312929,0.24239566757354727,0.2782913878199534,0.25807394067646566,0.24169288434512637,0.2429856446513354,0.29779794979008395,0.31826783673644216,0.2940011152722309,0.23966914443856885,0.25824714031918294,0.2767259193657715,0.30443910244557093,0.24267412816042133,0.23972991736372842,0.3399326289975026,0.3179725650496859,0.2817200008189174,0.27792061412827224,0.25853213518068485,0.26115333380171313,0.2652404563112156,0.2940417638110581,0.24087786430167932,0.3086424314096373,0.26303418773415266,0.27247696332481586,0.24270459845077277,0.30815209992509,0.2731740078613804,0.2854164073937089,0.3143196003400981,0.24398612198711936,0.27739755354616336,0.24985009723721505,0.21854073072851488,0.2593316657716993,0.3136891362367354,0.33351508068084473,0.33255468052841763,0.32476820854848565,0.299873328808245,0.23260520312756794,0.27031304750172364,0.37039583761305656,0.33647507881827965,0.2200724641426702,0.27147362852661716,0.31842831708000496,0.2683198439953387,0.20106820116983476,0.28816975722475385,0.2780570935159091,0.28650170467926445,0.3398159471591743,0.2467001884450619,0.3817239741408748,0.2592412545614964,0.22992653043569222,0.29386542826085643,0.2749196766225515,0.28514282668434515,0.2464911702991592,0.2555274772264777,0.2129693739357059,0.2754523650701911,0.3088921579632537,0.23523927075140372,0.30325684829880384,0.2084990361916747,0.3170180617382561,0.22700821359313106,0.2464077194014584,0.22929419204298607,0.3204211101404484,0.2611246802569839,0.36638811564033413,0.27746101151209435,0.3254065092048308,0.2930910146266648,0.3301961969543103,0.24362457670573257,0.2424521871862927,0.29047751500052305,0.27550365447379266,0.2734635764589297,0.31863414308974175,0.2395950753014198,0.24386243759278348,0.303068144069569,0.3036052325561514,0.24100420054261618,0.26565086163014373,0.2503212176428127,0.28299074196188584,0.20306549995807716,0.31708089696838476,0.2574336533539051,0.2893525474430616,0.33651734410320605,0.277136341273185,0.27075125163928737,0.32330202457222285,0.23612894805675927,0.24133933872749905,0.28336255596222215,0.21507108581281617,0.23272521220486878,0.2293478305192626,0.2849518909891297,0.2530247884840329,0.2607192309804377,0.2637669160784232,0.2862709539677782,0.28301232547980987,0.28345292429110813,0.24588623312651928,0.29348266974077436,0.3217428516374846,0.3572730703096995,0.23404500249389618,0.21851581898521888,0.22748414889703766,0.2640088002960741,0.3038364796086126,0.322256429095036,0.30684999482509545,0.26168677939976465,0.3255349420883372,0.19507465645230457,0.21914084926695243,0.3345585196451132,0.216394379013991,0.26141166922880227,0.2686180718504877
0.27950605818633306,0.29452392140385797,0.2776261081262383,0.0,0.2671136779981539,0.27451890174973465,0.29413622557556734,0.2727428575815801,0.20757425557117373,0.27729163323388145,0.34108501744986836,0.24980279843508063,0.3591669758250531,0.32781633585897824,0.32455148658038746,0.3071605477428123,0.33829246971993115,0.32669839344373897,0.24950963516733576,0.2635181347526198,0.32072787661964997,0.2801265986725717,0.2780498445446817,0.28346239633433834,0.28415114727562824,0.3600749930590413,0.2942655060354767,0.2910128348461422,0.31417482618412546,0.20330527681597738,0.24844286497604218,0.27331758647363363,0.4102643091234646,0.26372743384278685,0.27955097924825295,0.2837034900730881,0.3184966044165754,0.28756115979087055,0.26257060588810643,0.3593961059239791,0.3422937876000308,0.2466347140326952,0.27514627183883483,0.30655143097629917,0.31302637342690526,0.360413921962298,0.21837543261278386,0.30061091195457385,0.27770189782466437,0.28270068932715786,0.3835419371966831,0.3317570346865192,0.3017630396465403,0.41011363128688655,0.29648403760817754,0.22425018376755274,0.32086012945658243,0.2912418831514228,0.3315122626191522,0.3631958442918577,0.37699770013220013,0.25572825200490995,0.3081714884030822,0.2114854928784618,0.25064293407162025,0.32083752800504484,0.40745280140783585,0.271436222218579,0.28693832446374096,0.29614533824979267,0.27662875437507223,0.2787763110932337,0.2715881453931042,0.4526206517680862,0.30996602491728287,0.2600213859151482,0.33838247861814075,0.365460052535284,0.29997354132136883,0.2501668295029039,0.27218848873127766,0.27261303615083027,0.271883655958155,0.30607291506815143,0.28929055507482393,0.2803948647060658,0.286682221093671,0.3055586364827844,0.3030158441074601,0.24243311226099015,0.31995384086214856,0.25873253464728924,0.2928750487182044,0.2760495851289457,0.2985607315712937,0.25692410268115895,0.22826334618502306,0.24857495557703574,0.2060259583802117,0.36083093135145605,0.29064601572668997,0.2778432079462532,0.2912971039345699,0.2451229036632722,0.2829197824285223,0.3007659262779329,0.3144596929473961,0.25805218811234604,0.38211991594600986,0.28484351326455376,0.3133414652336026,0.2569451665650893,0.3423124204861427,0.31099521089088583,0.35415003322902766,0.31934668893786594,0.3010022587869795,0.21146355038838974,0.29607884684166913,0.2766698111276285,0.27143292910675026,0.30072027199369294,0.26561378383066603,0.33763504169262487,0.2172919663172213,0.3308288298986514,0.2592872456654697,0.2815073195630874,0.3176201277585408,0.33453071850303123,0.20489694014716484,0.2764856212442026,0.31923760972271387,0.2653018097915387,0.2665979714739865,0.22601311897156315,0.22095104160235066,0.30714039016148914,0.2958192491445501,0.2883762338369556,0.42049363143276075,0.2656710093888246,0.3321978042823239,0.2511944210252705,0.29977715426950674,0.23611441335333652,0.23056803261700667,0.3210947540414622,0.23752766933184405,0.1874823107603152,0.28881681289876787,0.30222979187290777,0.2878565874070042,0.24898779999507897,0.303147858644743,0.29634561456514774,0.2979986094209802,0.31758143251231724,0.3673815182647616,0.2707273401897503,0.31850769012445307,0.2745733382169544,0.25544354082564996,0.29948197453701886
0.4091244712882315,0.32994393148114715,0.28381401562650926,0.2671136779981539,0.0,0.26579072843596396,0.3129645370428499,0.28671313603868964,0.30599278270213137,0.30016913691289127,0.32154467696918415,0.2551887385949918,0.30330633731373385,0.3224546052496071,0.36784994686387773,0.31157534419806837,0.33472080110078084,0.42038582443943545,0.2555971613642134,0.3828271429941356,0.35077649077245376,0.36727886964392903,0.2850738832022634,0.30501890518821734,0.31640539817865393,0.2646761440494772,0.24028710608884835,0.26540706359428734,0.25384129540425676,0.24398878431220364,0.36573977713043965,0.26203997130520296,0.2860008411973493,0.2616916925910837,0.5575464330891863,0.3424829032158606,0.36573326265659356,0.34161491121724163,0.32200996060497433,0.2834736778326406,0.3061327251873672,0.3171322763384975,0.33696108819660847,0.4052314719568233,0.30366655449305463,0.3174216507038229,0.2981263258798287,0.3763590734692052,0.36182656722545176,0.36884409812270363,0.33369026107471067,0.3030816350346468,0.33068042692620797,0.3096756105875916,0.28060774268628097,0.25562846918698506,0.3060360909680009,0.31341749002799163,0.3418957561389893,0.31155720971437884,0.265252460231682,0.2330127116100447,0.2818524102260725,0.30341450700894507,0.3486377145338227,0.2701817702435662,0.30120341628255815,0.3464012542565459,0.3075594070166217,0.3618758929928522,0.36307957091006954,0.3746628755562403,0.2717056502058568,0.3213112553959094,0.30336473113492585,0.285798886993102,0.2504529661939276,0.3733812058359832,0.293844138043916,0.22611054534055244,0.27572818129601867,0.3676377314263805,0.3407692637892301,0.2682935290639405,0.27490988205063976,0.32454524000988727,0.29091103333874885,0.30785767066242686,0.2881818739490146,0.263652341353186,0.4249554854055713,0.3636813621037436,0.36486849037619645,0.2640424336347618,0.3374937280981618,0.3131265868991954,0.22919749980599208,0.27209050333762197,0.2730817161368922,0.29574028759399995,0.3190350050351229,0.2359081585053674,0.26972765802139775,0.2878937001305792,0.30510834478755033,0.3119836501850185,0.2571543531097814,0.33972348496177635,0.3453725514267992,0.3335275744810156,0.29685699303546903,0.3127220853175456,0.29578427286091297,0.296916383716156,0.3046638221297886,0.2882215037209349,0.2856400290796498,0.29745133206497876,0.2624804134757832,0.3038032134301599,0.4316180043710284,0.24988129513420534,0.2891919774274541,0.37889023191009585,0.3233171171449381,0.2809817609839342,0.2422010640553598,0.2727566559878613,0.28957133629270393,0.3227972613200921,0.2570738412465209,0.25900048721422086,0.2491733307248777,0.3270105522694121,0.3617272176989557,0.3476586850393338,0.3049197559136411,0.39438796386345304,0.3084048236009403,0.34833698797646484,0.2879473236464667,0.3096659001452957,0.3915249417999269,0.2865438457596249,0.36860966428035574,0.31554571397683556,0.33968834911091456,0.3042538577470365,0.32052605867252254,0.20051190586489243,0.31766235444649893,0.3085324181911088,0.3556790432997984,0.2454389974245745,0.3322972975192434,0.389475924356631,0.2448750822723532,0.3143560097594613,0.28371923390628384,0.23449879363526663,0.27708323019971226,0.3215490912759528,0.2544014465697722,0.4584325657775872
0.29263271893464715,0.33910151156610857,0.3224302166648474,0.27451890174973465,0.26579072843596396,0.0,0.2333317779995287,0.3796897450050064,0.30233971570693907,0.32575241081675843,0.26805778559206583,0.3410566853834428,0.31747652075467997,0.23321723052486162,0.2501295565746398,0.34746397010604696,0.3058429515568573,0.24637420837992724,0.31357768389078616,0.2926247221122919,0.3537929865858957,0.2953246809298585,0.22542493851835554,0.2250036287063854,0.38024626877096374,0.23959923924079773,0.2332155853664439,0.26094781724885086,0.23145030763514407,0.26576483207202156,0.32780349182380464,0.37412961062016975,0.27715149756321106,0.28217157175762914,0.25966979557758474,0.28167961976328776,0.3000716829911452,0.2783312963583398,0.2510163777319298,0.22264771013943177,0.25136424279826103,0.37076707269823317,0.2649499887718855,0.28688512731244475,0.30013687116580895,0.27817819637504415,0.27674123799312844,0.2739441299710883,0.22915624795691833,0.2745218665802318,0.28361074841145584,0.3159404601733254,0.26587600639455905,0.3046568626132333,0.24497317488866582,0.3389259669086897,0.2726136215815493,0.45623712125335564,0.23514654887688652,0.25774058799459565,0.3240055102920181,0.28972096675626646,0.31103502600240684,0.2187694678128509,0.2527523272706525,0.2875636013198637,0.27764014627829775,0.29071867978285715,0.2469293178216347,0.33818745473557804,0.2812962279921626,0.22384831865293062,0.2958914828312518,0.30179655682039913,0.40238659255338927,0.2592820614573732,0.2502283584890667,0.2980097731005515,0.2617923476855754,0.28890246193707203,0.34433382537151996,0.31683832551244057,0.2980567123369296,0.2937261792380853,0.3200272135517371,0.31522565920213363,0.36026147282098064,0.25893377920587735,0.34519171341383836,0.2698526227515037,0.2959424552113058,0.377414566854527,0.257427734634518,0.2439472394657375,0.26323988820309624,0.33451289582046295,0.28031190187423877,0.398861366666223,0.23099911966566947,0.301823717190785,0.2269921614641867,0.2769766952727862,0.2862358911987202,0.3013426083375848,0.30506997961207166,0.338691381197476,0.3360483643569303,0.37211611506797587,0.2526854530056809,0.3131928283861029,0.2932294436989258,0.2622766155176538,0.3748014425045145,0.35306534373851783,0.263321629096762,0.3014459225710648,0.3429176479045767,0.22419065731331236,0.32505376738536645,0.30294094216276185,0.23416553343170607,0.30546818589085956,0.3095998479918147,0.30038453122142456,0.2536576086200579,0.28947939154016594,0.31532405033439675,0.26910539364532987,0.3148766820263003,0.21982454824451872,0.3513912638974377,0.3995948842469882,0.24757621186658577,0.2930863558380764,0.2797714058660635,0.21498720205210126,0.25345403033935004,0.2142636085341423,0.24141662384661353,0.2915376663972197,0.2626980684742078,0.3429807568535327,0.3112400858248945,0.299944100229194,0.30070122572304375,0.307849302860139,0.30328417986785106,0.32468565960728557,0.3614891804435748,0.26862071796838216,0.26934765900388513,0.2936646842907773,0.24175811557422086,0.2359499023268568,0.4226506323500386,0.3067589063102857,0.23216850234738587,0.38576606031645755,0.2013259327895987,0.25781274005690186,0.2611939476165105,0.3087578590627284,0.2930612335343289,0.2640669913456268
0.3083664757292813,0.327705674953507,0.23905447425780088,0.29413622557556734,0.3129645370428499,0.2333317779995287,0.0,0.23365484395230723,0.2232995751047125,0.28164352647023666,0.30650065941488297,0.28826854614609776,0.308668230865348,0.2904147218548691,0.3498562020954103,0.24478110329968014,0.25296076113861854,0.3237332847614894,0.27758864220099666,0.26412515831428507,0.2545374169916464,0.3106760236185601,0.4412242292849172,0.3684900835235866,0.3056757356763829,0.2593831927725741,0.28805026821347435,0.279556345577218,0.27298502581541517,0.25543679725043156,0.28257991723358955,0.2595886028257946,0.30181725996789854,0.30397498844426796,0.27859301248654716,0.24862685938841683,0.3452457731920639,0.23545627951337986,0.2540198955490121,0.31452603384376054,0.30388410704851226,0.24622709909694265,0.2527802450771384,0.2787339918914666,0.3228748179427281,0.3020392963611937,0.2753315625249897,0.2631661287679918,0.444346060167031,0.2424607753727237,0.3024970770234704,0.2441798920245331,0.26028602762279945,0.30207570434734793,0.30261976169397675,0.22849393335844617,0.2665697098651716,0.23898346256988612,0.33208018200737743,0.30360688552840204,0.23957559084639102,0.1975133100505259,0.21289545101138518,0.22103267584040834,0.23153126266573362,0.22207328405853927,0.3144612388757862,0.30980347592240126,0.23881574303436015,0.2558950172236852,0.2682871227376895,0.2636136367153042,0.20862356223027462,0.30232608198409144,0.2129001587580603,0.3099904405835993,0.3050308938600373,0.36850396544383174,0.23034695038341813,0.22215922567806723,0.21955598266894147,0.2608047483907155,0.2959103418370121,0.2108701605316723,0.21184877158539644,0.2716580478982718,0.22397797497267163,0.28122735545559596,0.28747853881916474,0.2428931609357173,0.2802864932166901,0.3308628800020929,0.3001139593628326,0.279621462392966,0.25090553431511875,0.2934407553345623,0.19191976781144934,0.25585953452155685,0.20637806495606253,0.3097320388267172,0.28900402853363155,0.22383829841995215,0.24309610349613942,0.25937836081250565,0.22354905054731727,0.25787590000516475,0.21486442325999966,0.2618762390073303,0.3452592216052902,0.3170795820779809,0.34009900902474643,0.23124552895247205,0.2370004956399582,0.21772610006196996,0.2579819034296437,0.2821290096867215,0.26230466998308916,0.2668798465801934,0.22308963015378006,0.22011424080193046,0.24767261456802506,0.20866711881069436,0.22738427929282398,0.3674658656847472,0.21332961139817716,0.318393495448174,0.20115289778285775,0.29536787699371453,0.23347210740183594,0.2811375806727302,0.2024522503496533,0.19374088776058015,0.23510790677081458,0.23171992449070547,0.234455313619439,0.2277704455371842,0.2794631788112825,0.2918567344940923,0.2771647294723974,0.29736588566791794,0.30327612253138736,0.22524729264562848,0.31486043084503146,0.21693046948410963,0.2726664562127651,0.2890276996477649,0.24508437783207077,0.28430683016520464,0.2530330765023545,0.16006813660835204,0.2654768480183915,0.28016871240539987,0.28134307411857923,0.26909575503759675,0.2796436037120571,0.3167168621806103,0.33753319210873306,0.2988957116459174,0.31748985181815664,0.25067666802040245,0.2606053838266559,0.260337021679432,0.21391313876160478,0.29162996621141807
0.30391012411836327,0.3670243607061977,0.35280505302500387,0.2727428575815801,0.28671313603868964,0.3796897450050064,0.23365484395230723,0.0,0.2835613181777144,0.3429189337599556,0.2932724377794795,0.31800453946097484,0.38111445900601604,0.248692059638877,0.26169794042579025,0.3872477788865648,0.33820480718225776,0.28239743745998985,0.24766593410226614,0.29282921901849035,0.3524068582128176,0.3068648259861358,0.25348361121802465,0.2619271961989328,0.34746563922023216,0.2822029662829866,0.27214573564824096,0.2699701051200776,0.22510481687945277,0.2563968047204922,0.32606959997016516,0.30139270067474944,0.27367072388278657,0.27526416120704816,0.27231044925549613,0.3044073147024685,0.37838909028247514,0.31672009729130113,0.2778525161447916,0.25282639375890237,0.2658855488492876,0.3341299734070502,0.28331329580501347,0.27596986515978345,0.3793775828486391,0.3276857453123317,0.30297553321443055,0.30226099332685985,0.2616931449726109,0.28309667900439667,0.2912249728955328,0.3028517181717383,0.27071315678175795,0.2868108539508592,0.25355577594689455,0.30970422194810154,0.27417645136494384,0.40279034745254627,0.265202141885666,0.2849154549092278,0.40711439535189387,0.24536685840327177,0.3091233191844907,0.23190571052995257,0.22727719479628344,0.28112263411441685,0.30900132500354693,0.3471634953066493,0.29231404755391094,0.4706754598751735,0.302248021695444,0.24827434318881567,0.268585623189019,0.34860814811084223,0.39873913254207083,0.24843519251005466,0.30205059666994194,0.3243516776993611,0.33770053312628867,0.23235645775702632,0.2907185710098516,0.28117351989791806,0.374522804951949,0.3528145957080267,0.2833899356904319,0.39748020298227166,0.3888268175167502,0.255674718197238,0.3542893409384848,0.32511015112217856,0.3027642411743707,0.2802874543102796,0.2713183966488474,0.24203492915469088,0.28227339790108996,0.35337453028636334,0.2559539947604995,0.3151431444846989,0.20086313127501926,0.32091853854729235,0.24052921748658135,0.3136924516558456,0.24683802014601838,0.28950936281521505,0.28724405843864365,0.4069099396483544,0.3186184501303096,0.4217215433367975,0.2920581447427467,0.37849663096031316,0.2641680534969007,0.2568280869092386,0.3305021227172763,0.31766923532122915,0.29294385418567587,0.35574238923623963,0.2909987060990093,0.2206794551218294,0.28467352348704,0.287724315209525,0.25811773668355464,0.3534587637018257,0.27400144197106024,0.3301977041818261,0.21921893252707422,0.29297993931852956,0.25372817538978326,0.3758451213306925,0.3237089997424458,0.24822198248681704,0.31454333124311395,0.3124633471765083,0.2962711829943848,0.2590465647948148,0.30797119425468805,0.2210505600841793,0.3075708749154319,0.23331899526628105,0.26539793324901007,0.299785294411706,0.27045926939207726,0.28047581704555047,0.32078933460519193,0.25934000860335366,0.3402380173503673,0.2901830375595669,0.32909285965969926,0.33931890973791684,0.35066489661648953,0.21844113463800832,0.2727985723656113,0.2721774968716801,0.2697118252133105,0.2774412086419555,0.4014969709259494,0.3812480243306783,0.2567434094387267,0.4262586194420463,0.20054867019056816,0.24064088329127756,0.276430907889716,0.2593398112706695,0.25986852836717794,0.29705622204821563
0.36954636624000886,0.27074820307408864,0.24286191024910714,0.20757425557117373,0.30599278270213137,0.30233971570693907,0.2232995751047125,0.2835613181777144,0.0,0.22389700237914917,0.23720493725357764,0.28426359805610146,0.2458769556778451,0.24840977231500655,0.24886979514661853,0.25312242646727257,0.2409620414257844,0.29300233790110664,0.2450018974414795,0.32266986184406965,0.2808002747385266,0.32239286503519005,0.2106432885633537,0.2377715043591182,0.2726259790646471,0.2313073097452886,0.2205153994400302,0.20509605222544913,0.19022955934555585,0.3491592114722634,0.33569182654103513,0.26207957690847783,0.23178400548859845,0.216275385869489,0.2769069101434206,0.2614908923401666,0.2767573190076336,0.3170674145341147,0.24772036912188466,0.2081196493986271,0.23765216884794318,0.38403836242508305,0.2876776648622606,0.272434942203734,0.25496242499545496,0.26307303207158905,0.3153004389575279,0.25795690375270747,0.23022882047966323,0.3097061710849318,0.26260895645510945,0.2676113806944033,0.2761480168669008,0.23016604831880486,0.21006739571759753,0.352864649272282,0.2870473394861502,0.3073409186312925,0.22813447924906394,0.24057154911672327,0.22047884643033044,0.28279851820056906,0.27817475500355093,0.24417643561510696,0.3103760917266191,0.26491427368780385,0.2560887861610824,0.3315141333268179,0.24839537711899656,0.2851292699488554,0.3622251329093059,0.2598893949565733,0.29450880420963366,0.2378133342905143,0.2862909955783764,0.2614284230549645,0.2015399026063122,0.2418833135750198,0.2779101154485142,0.2387983026409613,0.26651248766474195,0.40399037220758216,0.3555765730380423,0.2382038276590189,0.2926664827835224,0.32721473629537,0.29361142805235746,0.2914562055203446,0.2597038019339253,0.3693454502211609,0.324436072372947,0.3508530410905032,0.25228679143039856,0.2499811830812807,0.29502762187183107,0.3194771051604008,0.27442484687470153,0.2769076458095064,0.30052460544585796,0.23156739407667057,0.24715221149243652,0.21667370586949722,0.27432813886676194,0.2529363418550865,0.33054253315924753,0.2857604423572767,0.22930304287290587,0.26768714707945207,0.23883452593575544,0.2629653390096306,0.23019141897782103,0.33191172314273326,0.2845270066077871,0.29557800254309047,0.2539969261352147,0.27161351559892133,0.26411995281708833,0.23144263103732116,0.20364476112105248,0.27128296979978433,0.2869956078297765,0.25585066364619163,0.29896164584741786,0.2756579269697698,0.34808629528010293,0.22206060069126246,0.2606271770021652,0.2604163038772721,0.2143528714451522,0.26293956261535323,0.38573835655606625,0.29766720136871894,0.23134162982090734,0.36409340153944597,0.2728032425611648,0.26092426094799487,0.3234486249675674,0.23286286334627784,0.22915913652542264,0.3178216841036293,0.23239261278613388,0.28371218290633476,0.29873735015604186,0.307206237999533,0.29096406955119647,0.3333229787031765,0.4406782265138408,0.23941062888225859,0.29558950471519374,0.2128558661913144,0.30708544553845024,0.25489901127006925,0.262365043065252,0.2427926367170602,0.27839707182902523,0.31843422213290995,0.21833980045235557,0.2737939979052244,0.21336231204335507,0.21935591295250362,0.20613459294200404,0.32456050121498703,0.2871377317691619,0.3350800176114998
0.28570808352541077,0.41110239708389146,0.3967746564458507,0.27729163323388145,0.30016913691289127,0.32575241081675843,0.28164352647023666,0.3429189337599556,0.22389700237914917,0.0,0.2930661705908812,0.3014431168741853,0.36219456176738063,0.2587696360049874,0.2647231133022398,0.33272123756104455,0.33498285903127245,0.31275013420005554,0.23470988086489858,0.26131232443861574,0.29066496097066724,0.3035501156936645,0.3085718376436376,0.2777479656816536,0.3762743765251942,0.2482619506753201,0.2720764074649664,0.2882104667981995,0.3180314474186459,0.23545188880367726,0.276776787807763,0.28318710560677157,0.2368506543321625,0.26190025458053057,0.26495870455233017,0.2585188923961801,0.34324694209007567,0.24498684999219686,0.23793695821759286,0.2772102799602861,0.24070800452440994,0.3120040098914418,0.2433960488272575,0.2491000083757676,0.31665282554484003,0.3169236632764016,0.2775996811270186,0.2875225269240066,0.30456232426902985,0.23062039689999145,0.27238646729594823,0.25746392999135737,0.25366000414300577,0.298721748914779,0.2822116471990557,0.2857741907409071,0.24699653457978046,0.2928040188060612,0.30553356212586613,0.28388946809765303,0.3271755235251782,0.21100310098867625,0.2309026223300037,0.2165797219840795,0.21258462799869096,0.2410134047296407,0.2905230777778337,0.29756800860585103,0.26627700278945976,0.3157726736186115,0.2444276297998004,0.2583250702003556,0.2290944748723815,0.3427305977917754,0.2886872655995583,0.2553015939657851,0.2745982509727885,0.39862470777312115,0.24013857409859152,0.24716864055831259,0.276033650367169,0.23922461795264177,0.34958941563984547,0.2771628900027211,0.2427937492418907,0.3051192090553044,0.2590385294453934,0.24393998418605617,0.3338046803488854,0.2624535593171982,0.27255503049927604,0.26443881532381003,0.278293868608368,0.22370747822392273,0.26180540724076873,0.3245609150230034,0.1892635875858113,0.2843747067703653,0.19575190571234902,0.3438951931774667,0.2503780619567121,0.24722725518673433,0.2225096561724457,0.3048945437944601,0.22740757215518573,0.3170939338413229,0.2784599758855926,0.42621279975767684,0.3080706433320395,0.41301288302559275,0.2610537663117577,0.22331703140401574,0.28255741204490986,0.28813813436411545,0.2634889969007333,0.3537512137373483,0.2845462420401698,0.25654843385415965,0.29848174513708914,0.27115176075833564,0.24103669324543003,0.23749145410259181,0.24172554979310049,0.32608559290548844,0.20126262083766794,0.338536857906956,0.23888713835873926,0.30968818573690304,0.3339362208925338,0.23778123314302052,0.28354857035453396,0.24905369262716553,0.2514112674603024,0.2194745961603297,0.24712360721410323,0.20660901222019798,0.28415631371277844,0.242208199206037,0.27131951042311503,0.2637309120100874,0.2498327231369805,0.26781886950556677,0.3259803811773431,0.2237021725067669,0.2816118749799546,0.26094366456438584,0.24358739111837446,0.39908797527553086,0.3721993641209273,0.21107322945666732,0.22537990386738835,0.2817847168661152,0.25489524789466894,0.2972316232651213,0.32229868185624144,0.2981339083574916,0.24783915532302747,0.4343008950049111,0.22351041044514108,0.24451531870883256,0.31801751464256633,0.256314711885816,0.24337161799304624,0.27747203177343943
0.33830667420343796,0.3457183750637415,0.31265602576680845,0.34108501744986836,0.32154467696918415,0.26805778559206583,0.30650065941488297,0.2932724377794795,0.23720493725357764,0.2930661705908812,0.0,0.33445894276905147,0.3628139381068306,0.3074815632377934,0.30550516306675773,0.3932806625035924,0.36957288412761036,0.40904804574369075,0.34247679427940403,0.3157116699667573,0.3416873485000231,0.35463677175460506,0.307054304108791,0.3088042649672473,0.3474743894175023,0.302387777897138,0.29824074820512975,0.3543054023644425,0.33058026125738577,0.26466358525224665,0.29899487573484185,0.3360139004818623,0.3137948441547398,0.27358454051700765,0.31535122756597395,0.35046508417040645,0.39014340847685475,0.3474900416479896,0.3757392251394442,0.306599591353034,0.3228802960593716,0.2443838981236276,0.32387279630959726,0.31903235476896347,0.34669053624158,0.34713658204175246,0.23024135372175444,0.40515367869404945,0.3835788178878221,0.30564572850176835,0.40477961862147455,0.28075443835843283,0.3105382799546989,0.45608584279750847,0.44834298309589277,0.20490834692189927,0.38363278289697855,0.34117234096964705,0.37856403917806397,0.4148852339926703,0.37424774297944324,0.2248144491576713,0.3020845951278883,0.25308504626461087,0.24613359990528083,0.286157343988899,0.3203962569779967,0.28496264771959884,0.36422833111806857,0.3375398446039557,0.298849866684502,0.29328212992210295,0.25977321962452515,0.41648364008108324,0.35008350514950565,0.30460960849588403,0.3569485160749527,0.3627462640700707,0.31252855429883425,0.240778190420327,0.25231999553629886,0.2763162020442789,0.29553437412647504,0.3089764476706444,0.25999818164265565,0.30390946466609026,0.2848687712777621,0.32852310888635256,0.3178658023000497,0.24055314386664378,0.382969954933657,0.25211992850006926,0.45081470550604014,0.327009709349972,0.2911022848891164,0.29105047968145387,0.24792831896737785,0.22484803033270187,0.2115596963813219,0.31764833085556105,0.3396996110307293,0.3113474949880823,0.25957748652530754,0.2638552494947014,0.3110760871270179,0.273708392416991,0.2915933538018672,0.28348131551635425,0.32219740489489845,0.331507721830663,0.38189336938672336,0.2702045847715732,0.2869180733694336,0.3021288868812857,0.3609401773827611,0.2892828016305935,0.2981625162002241,0.3072507478424855,0.269766290807416,0.2601557964043951,0.2993788738588826,0.25510807632873367,0.26267274524349365,0.3902542834955082,0.22769398099224514,0.4148388986829674,0.22241790814588916,0.3251566611818157,0.31503783281050135,0.3008022956612207,0.21573802553544888,0.2781980387677701,0.3322033623001056,0.28033932565336256,0.3566046308621187,0.23753577525957892,0.2756810619646642,0.2837042846443014,0.33021166071679064,0.3619499810657129,0.3500992320301164,0.2932759957151389,0.31284635198637345,0.28096886954613093,0.3683404933017848,0.24615381886696197,0.249380323043438,0.3193730891451195,0.2877701063815192,0.21045064675068775,0.3646469973291558,0.32927987548019094,0.464282550158546,0.2369210892935515,0.30127826539036295,0.33768372268855273,0.3061444743576937,0.29609473454019364,0.2887228308580631,0.2665700241249652,0.278160544070874,0.30089694115777993,0.2272045145303669,0.36696159878569334
0.33842318278743894,0.3554778055312845,0.2705219098180468,0.24980279843508063,0.2551887385949918,0.3410566853834428,0.28826854614609776,0.31800453946097484,0.28426359805610146,0.3014431168741853,0.33445894276905147,0.0,0.27734629604797384,0.20856178341422513,0.2642970010233114,0.31551648374781677,0.2743823900693379,0.26840883012266376,0.3822803455267714,0.32139750078460605,0.3303429510636261,0.2811648436801098,0.26801754496803654,0.29483978232401536,0.45408189172828756,0.21925418748782174,0.2510208474605412,0.2538576079495154,0.2551022863960118,0.33008825070252434,0.37090664633476783,0.32868473283297517,0.2591942174327666,0.311454477150721,0.2603986548089369,0.2714592688592795,0.35024196119593676,0.2709908142176573,0.31221052085542483,0.24030236821723017,0.2582049544743906,0.28154907876654434,0.28301461387007365,0.2951573469445671,0.3037998598520948,0.2956467963553469,0.3100991508039703,0.30962202226375946,0.29151121768668387,0.26415382128936465,0.3297493801414626,0.28164613123256566,0.25574947442404866,0.31750788285224724,0.3235241401708124,0.261148643676238,0.33723131902169895,0.3594952067569646,0.25176455360002137,0.291739131527205,0.26431797000366136,0.21184180797668747,0.26836287777657963,0.21220821650161878,0.23004049968225845,0.26843825455540443,0.24374692927485228,0.279733923164941,0.23159436365153965,0.2956842894108771,0.26634184245292725,0.22474796137133363,0.2292376861064436,0.27723745716731313,0.29011117015650023,0.3071251172897487,0.24813335550234789,0.29540290373917133,0.25728434978681936,0.23613350220449214,0.24147175617504768,0.2824581422812061,0.3397493009967045,0.2305036903605875,0.2478220068043661,0.3079812334448513,0.26773682498406326,0.2862285263362825,0.3420228427095369,0.2724236741583563,0.2895456532474815,0.30920462585479447,0.30574409619652926,0.31310028336353457,0.2360513108133629,0.39241474677252564,0.23190751202869828,0.2935922327632568,0.1939465322378785,0.26559074256485293,0.24607239837612535,0.2718694615594174,0.26365418250869854,0.3554860406103258,0.2650042464789888,0.2710775356629904,0.2741381703465452,0.29381246298002023,0.25753416163836496,0.3826714768687299,0.40127519832718966,0.25184364388250347,0.26598216992726886,0.26541652194806914,0.258281192416746,0.27393737274792446,0.303123652373386,0.30750189059184474,0.25168691329110826,0.2256321565304231,0.22209663536979457,0.23951066281758265,0.253416311472154,0.35484913800696477,0.21083832645159378,0.37789563621267935,0.21065326560263645,0.3154493617250265,0.2840579439258107,0.21861129398606705,0.2578530355433497,0.24325641668429676,0.2463752682400629,0.26326511213450354,0.2861023640287453,0.20811270147799893,0.3592409215252522,0.22099177090086203,0.248093494005633,0.35513910679878197,0.2515228556591768,0.2581600162481183,0.3082623322021437,0.25069695557757327,0.2978354350668155,0.31220042612785853,0.33039463150226084,0.2636361851756868,0.37593159541400795,0.19438131256943061,0.3260134436163483,0.31986437288109143,0.2955344942227636,0.23998709997026296,0.37769823651169854,0.30370826344171853,0.2673309811484199,0.33948304669780616,0.2218384630129758,0.24458154153200734,0.20485114476645436,0.281301955127557,0.21879168030671664,0.2885865307040365
