0,1,2,3,4,5,6,7,8,9,10,11,12,13,14,15,16,17,18,19,20,21,22,23,24,25,26,27,28,29,30,31,32,33,34,35,36,37,38,39,40,41,42,43,44,45,46,47,48,49,50,51,52,53,54,55,56,57,58,59,60,61,62,63,64,65,66,67,68,69,70,71,72,73,74,75,76,77,78,79,80,81,82,83,84,85,86,87,88,89,90,91,92,93,94,95,96,97,98,99,100,101,102,103,104,105,106,107,108,109,110,111,112,113,114,115,116,117,118,119,120,121,122,123,124,125,126,127,128,129,130,131,132,133,134,135,136,137,138,139,140,141,142,143,144,145,146,147,148,149,150,151,152,153,154,155,156,157,158,159,160,161,162,163
0.0,0.6120995156163591,0.5413655640889646,0.5626810844946581,0.5048414532908995,0.6135482075141657,0.5772414875782526,0.5994262885746401,0.6514849060796524,0.5563834180497019,0.569558787407884,0.5491520368563823,0.6716166360707301,0.573894766457924,0.6194878181078592,0.6051000414007431,0.6670778967908119,0.727245624990123,0.6423058330820102,0.7345816908557243,0.6518170466322915,0.5914824201568462,0.5737510427730119,0.5651456016073986,0.6570554524959565,0.5480733878756665,0.5131497665053992,0.6516630480320876,0.4874540213519591,0.6014183766541744,0.6750883168975732,0.6608116107222098,0.5656761723170056,0.5838410727020439,0.6670228104094204,0.5719852747272263,0.6718641513858408,0.6652612066592463,0.5593307963838774,0.5642940270311382,0.6080896790903185,0.5963097548240257,0.6666913608048671,0.6283702930713597,0.631119835838715,0.708202313633033,0.594556993071127,0.5655328932611402,0.6608753683355438,0.6996779634325732,0.7084399100684772,0.6749706941032827,0.5763487522764607,0.6089770643841388,0.5629929090474997,0.6253963484624135,0.7689391472318494,0.5821003507974568,0.6289178845533843,0.6460182946618088,0.6058126074647107,0.5563773755322055,0.6387661074680645,0.5318044557794358,0.6669300235588472,0.6769943234447586,0.5967969023852726,0.6599781091199969,0.6511427670935181,0.6359013944780331,0.7426532178495325,0.635679283634033,0.6042222264957473,0.6740965661512117,0.6810669899616604,0.6677731252261554,0.5645079451955951,0.5346557325031472,0.6752718293421381,0.56771202650188,0.6310904048147763,0.6973924813548308,0.628572652113559,0.6240220888402256,0.6416194587102493,0.6997460165819973,0.5793968834592226,0.682913350976045,0.6863180384005859,0.577776003389143,0.6506135224905516,0.6232156330757391,0.6357847356430997,0.6970006114093298,0.6456997855111807,0.59276710931478,0.5869245862096248,0.6076259153344541,0.5174753834333851,0.6645245747983473,0.5844390657137432,0.5464852653272932,0.589597948374984,0.5654832775745596,0.6672977654370705,0.6709277194335008,0.653155248205165,0.6172407701451248,0.6355564578714007,0.6077781497485578,0.6002217653340449,0.6036149143643819,0.6829538352125077,0.5738996700302672,0.6444146634034769,0.6381952079343066,0.6609963941487604,0.5793458197862217,0.5714407770424785,0.5580294675111068,0.602822001242245,0.5808650818950489,0.6285931061777907,0.7059986184012103,0.6078766466163676,0.5787095987542992,0.5835654089834564,0.5323665536330199,0.5680200051520166,0.6371912802972333,0.6193736405668825,0.6190260076378004,0.5883134802800024,0.5884703147822726,0.6091490846062914,0.6231294138792836,0.6456151093943826,0.5990923168504784,0.5372942117742486,0.6859521379024396,0.5729767241774103,0.5780273893076782,0.6942562717781655,0.572752060417499,0.6134084852774302,0.616755853913873,0.6251887672467562,0.6092723820468204,0.6137314562658038,0.44645792724143935,0.6767981888941672,0.6170101787970894,0.636111423623646,0.5350268880706356,0.6352146529973551,0.6832023377405508,0.5986682226755553,0.6181418781879883,0.5499054120869187,0.6434004757422511,0.582350524821974,0.6747075127143235,0.5826302219734893,0.6408602112935815
0.6120995156163591,0.0,0.6036973550527921,0.5762976787126092,0.49469398751077914,0.6055768602199816,0.6034659301367483,0.5813242679327513,0.5685178251586714,0.693039259449672,0.5848292998073142,0.5903077351208124,0.6500752341016722,0.6115352135739357,0.6223799782107279,0.5985378724652398,0.6381231318945623,0.6018133144325917,0.5810831375960631,0.6173253010249679,0.5958870034810406,0.6511190269416496,0.581664415028338,0.593291754395023,0.6397068114405626,0.5174722515186354,0.5662964014682637,0.6183199055932743,0.6383111528427966,0.5521723213050326,0.6324647068352257,0.6043719286968202,0.632047160071227,0.555818565633749,0.6319651770132914,0.6094691724315764,0.611885326277875,0.622462644606586,0.5813011292943754,0.6018072241048601,0.6692389722695293,0.5624526309549072,0.5386699122931762,0.5972188552916515,0.6376119987625392,0.6016634383345958,0.5593859934140794,0.5556233591831296,0.6320313861522406,0.5974170469033743,0.5902142147903977,0.5783072971392839,0.5381741981703803,0.6606630400299034,0.6064595853678537,0.6132674951253071,0.5918837565955506,0.5595844481775542,0.6035345912387355,0.635697950555122,0.5914583236844585,0.5085124473228441,0.5239492124760949,0.5517577786333422,0.5274863743394341,0.5289263270749551,0.5833390151429537,0.5710766905465389,0.595868163317822,0.563991201542564,0.5838133387063292,0.6007221751528736,0.5256156980596045,0.6220391397376374,0.6374261206593982,0.559912765809717,0.5367402002446642,0.5718737469867589,0.5595777586155474,0.5140534871794236,0.5675984521251175,0.5662467040958062,0.6410627114736439,0.6036422374795204,0.5400933776805832,0.6842511651934056,0.5051007717598438,0.5578570462544478,0.6104857454678556,0.5953129854805747,0.5700763991390985,0.5985423960828073,0.6486194790235142,0.5640647619498544,0.581307222596147,0.6805933736497564,0.5307345432978642,0.5978019687106509,0.49652731419138435,0.6313324533733891,0.611657738892201,0.49182853039517005,0.5119980305908748,0.6084138876151866,0.5604576965808654,0.5924377479259261,0.581058081310805,0.6352029841913867,0.6489551655116214,0.6450541748620311,0.5709794091674235,0.5313525899895755,0.5812468739827967,0.5541225060096636,0.568923683089445,0.6334181447340692,0.5749880339355903,0.5749915169179665,0.5855273274358693,0.5547558929699873,0.563954754942826,0.5226926495945385,0.5553926318062824,0.6396795991139158,0.5423935099820071,0.685137789245543,0.5373677429463326,0.5665622060327538,0.6527495409856964,0.6273302191463855,0.6248537622916907,0.5543682246083894,0.5394838175567759,0.5533422556186832,0.5970342971366055,0.5507872826684133,0.618049888596805,0.6231905773864904,0.5861367636132514,0.604577200512899,0.579348727959618,0.5854470838665892,0.6447106868001036,0.5552914571616819,0.6122849865954941,0.5363447312974314,0.6023183783071324,0.6297934526996012,0.6588877726920601,0.47548176373095574,0.5486324558281319,0.6005454272521734,0.6196009044607915,0.6245142025464114,0.624116095657656,0.6008498297952214,0.5978977455246224,0.6190480369608983,0.5800944353166636,0.5494886559847862,0.5844922359879242,0.5819279763114733,0.5387389416742782,0.5644444117262291
0.5413655640889646,0.6036973550527921,0.0,0.5320803509120174,0.5556179752784337,0.5969430511312545,0.5604441954048284,0.5586622485839875,0.4899488364682875,0.6323541875904569,0.6365405563192444,0.6014355329468066,0.6205347638364417,0.48871680841326515,0.5877580614083645,0.6745856464660867,0.6235014926773735,0.5409288899150512,0.545742394597445,0.5330083269048753,0.6435768127197736,0.711951582019853,0.5205858130508104,0.6059744503079173,0.5944513408593877,0.5475880070874418,0.49477480121603423,0.5313635705082903,0.5802375441300477,0.5515789253740168,0.5410539061499936,0.5777531029857792,0.5523622833312748,0.49807248571849017,0.5043968559569433,0.5399799613852458,0.6157644536956419,0.5529052581147413,0.586812450679063,0.5525543870314517,0.5840844806959556,0.544754704730327,0.5841302356018069,0.5945506304188001,0.5702718873173607,0.553076049412337,0.5488891866201865,0.6465853340349952,0.5724198031564205,0.5556620083175343,0.5884536432839367,0.562126835629833,0.46183185960661377,0.6480511700288188,0.595363297694581,0.5202105086360727,0.5464454798582989,0.6075754516038822,0.5283340953411423,0.5270280108621659,0.566191175480372,0.4646960253183701,0.5458313381040855,0.47851841639575243,0.48650750454790426,0.5012337252513733,0.5254122688993547,0.6193177048193496,0.5855464484279393,0.563009085889636,0.5762434692735176,0.4886311844987762,0.47823212989295233,0.6355668274493458,0.5748056659809387,0.47073124065575966,0.5860691733993146,0.603699983677875,0.5214353527154074,0.497761682306591,0.5517021710165412,0.5219760028672066,0.6315045868412926,0.536495000247892,0.4988864932551001,0.5757888334553716,0.5015422301389724,0.5029909157240516,0.510662902668777,0.512877754241812,0.5695465688077266,0.4939561371812273,0.6054690777663263,0.4900428210372211,0.5134129882714592,0.6319687325720383,0.4896509286443321,0.5156547765081766,0.42895101689561305,0.5203378751663276,0.49883625858688174,0.5389131886897653,0.48326915541393667,0.5650381446608892,0.49417527763230745,0.5943192905202533,0.5814365899439321,0.5687637507658103,0.5783973360367601,0.6549728849758893,0.5750622918521576,0.4952596582545661,0.5296545342716782,0.5006444511349148,0.49998472937656835,0.5627948384400852,0.48770249507357427,0.6048503038159794,0.6105949610291641,0.46496598335010614,0.5424453994697369,0.5017334464318951,0.49467106681801226,0.6145130872939598,0.45880768302477354,0.6708605641923215,0.48093069683212525,0.5756198987522476,0.5815615513183728,0.560246071691142,0.5180363838123896,0.6027194859038223,0.48247931290456925,0.478355755203174,0.5900120882203492,0.5070013109992153,0.5687674159222686,0.5382438707887224,0.5480301342729451,0.5685963616917482,0.5070844237258768,0.5326702119049022,0.5296279039889327,0.5129912815869552,0.5882041706644239,0.5047417559600972,0.5986180806166631,0.6019037581200949,0.6064922617744309,0.4309263731074861,0.5018347946370938,0.5032161404774587,0.5847440918137201,0.638164014368817,0.6149351320815851,0.5710849133808668,0.564112235107654,0.6555872998357434,0.47653211328387807,0.5152771466742113,0.5243501614254573,0.4810668002768784,0.4898610470027417,0.5438438085099033
0.5626810844946581,0.5762976787126092,0.5320803509120174,0.0,0.4937911661019863,0.519411634522467,0.6348885081085968,0.5707964495853478,0.5231852213513606,0.5460323515206295,0.6258056914699445,0.5476976301167827,0.5866663801910911,0.5667793081368777,0.6031816256845552,0.5460376608641995,0.5788948121928912,0.5711895520750155,0.540491178464876,0.5302413506799838,0.5773135722863746,0.5915083795136497,0.6086872388364023,0.5689847529669676,0.5856321442908633,0.5993602488917292,0.6119534328301954,0.6142888278515309,0.5200680978822618,0.4899941330022818,0.5685814613537065,0.5252314815921078,0.6697670312308703,0.5597800790921563,0.5896794862951876,0.5871426111794352,0.6140655042068236,0.5970948672359626,0.5728673257730786,0.6217719902239855,0.6240657968636242,0.5335068934827762,0.5285522536950872,0.5977890478761317,0.611637340345979,0.5465954571056774,0.46505277467628436,0.5477797684026579,0.6268593099306218,0.5507450467196942,0.6071126406259573,0.5587754945775767,0.4676058217253014,0.6768574295037681,0.6102819519241485,0.5201926536733386,0.5591845543337886,0.562137913213453,0.5721519136674067,0.5625866242187019,0.5955407704112599,0.46754709952803086,0.5157437052120518,0.5108075656493111,0.49464141435610326,0.5018727387329246,0.6579441324181612,0.5419002553410238,0.5860782127734989,0.6017959972386618,0.5648769327525408,0.5513696281910047,0.5633848037731254,0.648583115645227,0.5608244311461476,0.4841183526061571,0.5935785304559713,0.5587465833680686,0.5525113592612583,0.4774711309775168,0.49921532270819846,0.5912660501237361,0.5344443203782057,0.5570708169195874,0.5584091541811652,0.6004906911254286,0.5409066474227686,0.5590699334044696,0.5387576183993978,0.5545440843711701,0.6233500780308118,0.5654340906565372,0.5727363910695462,0.507737013921051,0.6148321478274873,0.5943275520704908,0.4910521807238235,0.5528438308952425,0.4795111467511771,0.60832419199062,0.5749800754332092,0.5245350348098208,0.6005605189249089,0.5624164564690726,0.5458064129035741,0.5388683691188901,0.5467888020616,0.5793717724538897,0.5669091827297156,0.5533596044901744,0.6124109658721287,0.5716645791299527,0.598344142567198,0.57726813972887,0.5421671360119728,0.5857054106100127,0.4985333999044025,0.5200115514727119,0.5926327492242459,0.5642701963634064,0.5458811694076248,0.6016602177564634,0.523300143164873,0.5894312370701251,0.5132731330714322,0.5823700104764317,0.5261110182948645,0.5328004407350745,0.5719117128273074,0.5836812113094573,0.5052813552676355,0.5203665502564648,0.5711438067937646,0.5755775250811054,0.5780621952900422,0.4777188413778315,0.48521935728581944,0.6270325635919567,0.5977382864278167,0.582636983783808,0.5830516179229801,0.516121372000733,0.6117824305311272,0.5647720605520458,0.60323790849442,0.5566438245009394,0.5473224580453838,0.5287227481100584,0.5313171492644648,0.4277765609745264,0.5985889720461423,0.5166459359748822,0.612132929480797,0.5294821381529771,0.6204409486846345,0.6073942982815367,0.5837094451236847,0.5886098729605974,0.666632299715271,0.5728041201905681,0.5144305274975746,0.5354788475761919,0.5406898850460258,0.6055031425305007
0.5048414532908995,0.49469398751077914,0.5556179752784337,0.4937911661019863,0.0,0.5017947952267146,0.5855898467356022,0.45138377274849756,0.46828304370419,0.4717689046110526,0.5829284749846249,0.5521572008359994,0.5004128286680828,0.4477026179962332,0.5252607165694376,0.5717472729238297,0.55126282616353,0.4813417042435432,0.4873855780403802,0.4712555150896748,0.603637465210009,0.5747094466368716,0.5114189779403615,0.5914998153904208,0.5080252231193777,0.5734742278795835,0.4494671391028693,0.46300119999449063,0.4781003685695445,0.5637068593719898,0.4866971650583729,0.49530118058277445,0.4832756901643214,0.47674156159799763,0.480910753703741,0.4917460347432753,0.5566847527346223,0.5042738500129142,0.5540918374572852,0.518159822360655,0.5258954414869629,0.5512758166611811,0.5249017040613102,0.6134160283969569,0.4772024133874103,0.4809219201029375,0.5320391976284116,0.5996072283683487,0.547891871142242,0.5125829753101281,0.5592967820048397,0.5450741792141173,0.41836836259638094,0.5439693144830824,0.5155022448234564,0.49672689353267596,0.5144948003653788,0.5723318742439619,0.46600933831994645,0.4751621697455839,0.4510695736147678,0.43819080786959047,0.4872072908857977,0.4536476647302435,0.46006155406271965,0.4436501328891792,0.4839479995195812,0.5642528708639936,0.4817105370209691,0.47599893285973705,0.5446367066078102,0.45951428552710255,0.4632525603353408,0.5468485617369635,0.47122005606061135,0.4276033523091524,0.5501609279951368,0.6843798098757168,0.46317378861092157,0.5261457356427759,0.48736406942074834,0.5095189319160104,0.5794274653219516,0.4474194201145558,0.4946835829005818,0.5035170176851442,0.4561503326551871,0.46465093602730184,0.4395557153158835,0.49167737532150557,0.6153641565175532,0.4804207715052586,0.5499721508824986,0.45359463452386023,0.5042239956297232,0.5346261099990934,0.4232394460120115,0.47554043512752875,0.44373338329281053,0.45937152266597203,0.46781484124696754,0.46411030964114364,0.4787933510034569,0.4710392031045041,0.4536845792952417,0.5281776235483986,0.48759385533462085,0.5020745783178479,0.5063774728515067,0.5844901887575528,0.5874021718301581,0.5156874841955936,0.4841102471992362,0.4697407111550629,0.45285285116232393,0.5309847927907516,0.4400901320884343,0.5256719824057289,0.5367913972649322,0.45316964623464284,0.6171748650135822,0.46135409574736747,0.4906408159613324,0.5849873959837891,0.46213924455108035,0.5145596788656276,0.46566522672857175,0.5250677053934013,0.4840329847756564,0.4894743718144733,0.4623631810703936,0.5430409631877702,0.4479984110868358,0.4918869958125918,0.5088474003460981,0.47774992257236665,0.5062007373931002,0.522193201647878,0.4658770814079886,0.5254964495288625,0.4269710252688083,0.5030586508713153,0.5034420599941563,0.4850867075588969,0.5698764319809196,0.5088736600558386,0.6016188556622353,0.4939428787050673,0.48717063290897816,0.41410023852302497,0.4822972134518842,0.4479454874941628,0.5436916162402977,0.5386288427134633,0.5468215412815539,0.5036594399499912,0.5036879269063352,0.5979684701907613,0.45353856718860497,0.5155621986615567,0.4398410187746163,0.4681410687459851,0.47878645861779784,0.6057116717335902
0.6135482075141657,0.6055768602199816,0.5969430511312545,0.519411634522467,0.5017947952267146,0.0,0.5214939316766599,0.590328573127005,0.5645874017749473,0.5755295210115059,0.5656508767786697,0.6044496608160269,0.6141904083140823,0.5094763149825409,0.5328785095662094,0.6473089785079605,0.6287397766023469,0.5402823945926649,0.6228714520042113,0.5789091159449328,0.6340095866363139,0.5714504763345675,0.49222042533584803,0.5107280585806081,0.6204194570474401,0.5100617527801371,0.4600540871848613,0.5530734806602488,0.5205257998640075,0.6169618905117931,0.6190675556198453,0.6922140207764531,0.5385921127145988,0.5389888586401943,0.5520137256063494,0.5637056465830697,0.6173792047180919,0.5916300593408805,0.5650430225630985,0.4900124787092184,0.5652602887941539,0.5782147668436961,0.5908879193918731,0.6229984632519387,0.5628961298561266,0.5698079682733285,0.5849163590932235,0.5912361273994047,0.5499996428347343,0.5905675852133512,0.6218082979034782,0.6321519552326551,0.5120064890665881,0.6104078801938482,0.5757918987927836,0.6129252023264068,0.6003942513540484,0.6566834773275048,0.5139749585256338,0.563200600772288,0.5930335353079689,0.5563830301879461,0.6173091657451768,0.49164630568517026,0.5294983937111507,0.556430513550436,0.5161614121971777,0.6015928512539114,0.5520173400947163,0.5848949649404541,0.619742568105397,0.5217661710446511,0.5303432419646111,0.5980558955364031,0.6656337693093726,0.5555415070148555,0.5462369385670771,0.5471701431037164,0.5613451618974343,0.5842696695396526,0.6452433696523057,0.5746893081220116,0.6333466440978024,0.5953236466646344,0.5621067266499886,0.6068643970524842,0.5670908037313986,0.5498490357951858,0.5927914519182137,0.5395956080483125,0.5864278018380998,0.5780352806317607,0.6126453734570639,0.5667550827976201,0.5417487813301063,0.6435169371095227,0.5699073904126064,0.5903928801020141,0.4858750634045815,0.5622944383924012,0.5317804766824084,0.5405018207811192,0.5212153842550883,0.5658080775282219,0.5784723711715974,0.6080797994704881,0.6227013430039489,0.5718992790616488,0.5487595381117619,0.5996206224259644,0.5873077207369446,0.5262848548628966,0.6185065335282401,0.5381817292885852,0.5488186176196621,0.5733807027072636,0.5831177589609993,0.552834937832831,0.6016552987741453,0.5283197319633266,0.5348102925460725,0.558528988447742,0.5610603812647629,0.6469074114420081,0.5241203404958111,0.6275891834881874,0.549883644008808,0.5542579244148883,0.59425458372415,0.5284937336873017,0.6147386774429182,0.6693366979002858,0.5259768962682693,0.5425123814571502,0.5610925864991024,0.5346826565670054,0.6030711600498535,0.505480563526863,0.47105688178441474,0.6006253500557154,0.5244809023937446,0.6060405535930067,0.579306709341202,0.5490470653045089,0.5873690842648398,0.533591147245397,0.6248942858597542,0.6000808498701287,0.6124033554985271,0.47714609523302975,0.5588991409596207,0.5746899146883803,0.5542153640184182,0.5129387465677406,0.6284301875897192,0.5748644570618335,0.5211167474029603,0.6453047528688867,0.47571535334508475,0.585619558878492,0.5238357422190035,0.5783482548610636,0.5273093011464455,0.5507288515320414
0.5772414875782526,0.6034659301367483,0.5604441954048284,0.6348885081085968,0.5855898467356022,0.5214939316766599,0.0,0.5096524600572013,0.5270172638748497,0.5728213533999635,0.6271754327996626,0.5795638259542027,0.579343407347625,0.5432606328006214,0.6227592292945026,0.566240746211727,0.599475959100419,0.5719184941842125,0.5363269386649312,0.5303139504378843,0.6062743057039546,0.6406251180290059,0.6749040522187941,0.6584888867565032,0.6023847258312881,0.5824736411872483,0.5741557590673216,0.5732438208103833,0.5394367142397533,0.5486177799278872,0.5563681139506416,0.5399171246251843,0.5866389599293201,0.5540901298794856,0.5777531921611387,0.5504379222743712,0.6262082305054362,0.5558965283798276,0.5686220590152394,0.6534061379557528,0.593350551451533,0.5975799036649188,0.5293694966654028,0.6233275252544845,0.5685741216294874,0.5430155417353637,0.5238404895072956,0.5681540339493542,0.7121433253876882,0.5497264539617142,0.6110661264148669,0.5596679550893495,0.46425017760300025,0.6316068176988181,0.5805703172394807,0.5602706144513765,0.5597687388619033,0.5585698807127465,0.5835087229885655,0.5496076264758178,0.5178954162600216,0.45572275545055946,0.49058116154397907,0.5074846638110493,0.4999037048931984,0.483066116305292,0.6063912604300693,0.5866478713279075,0.559174098201112,0.5381606667626024,0.570462184726647,0.53737910679363,0.5306841516809564,0.6397289352177197,0.523773557332075,0.48843366219996276,0.591283129062959,0.655068763674841,0.5033555645735106,0.5047583394018883,0.5027716325645322,0.5752472276425289,0.6038403405847919,0.4965372705974869,0.5384128472053115,0.575553085523221,0.4916580924365783,0.5429778501105594,0.516348036151329,0.5658063341698808,0.6470931824842129,0.5696710145610667,0.5970636851965474,0.5042766633703444,0.5949423451572196,0.6106324570798084,0.45310278073507826,0.5468009293357499,0.4783892306059079,0.5709192195477979,0.5468606118503592,0.48721031697889033,0.5510964542076157,0.5476322227867522,0.5044522504971897,0.5494955210023327,0.5237961798742498,0.5938444634806382,0.5895754455935711,0.6423379116526158,0.6531403980105254,0.5555847867896316,0.5607680669234131,0.5348640459214011,0.5039562125170716,0.6060019301336133,0.49820321886735996,0.5693891569199885,0.5867066926602957,0.5243581932652187,0.592819384521519,0.506434243107618,0.5317490850749673,0.6384526498914248,0.5129346948199465,0.5745916452873155,0.5143066874219645,0.5401473492111162,0.5469916852513683,0.5677641048130586,0.5213602823154122,0.5216953668091813,0.5085518194555361,0.5426044243321015,0.5595498688338797,0.49606522794503644,0.5244269050006071,0.633596453944707,0.5674655895576204,0.57597802932016,0.5115436483781396,0.5294295160468845,0.6237231337193606,0.5362661906684747,0.6132471771030833,0.5839012613266427,0.5864309780444645,0.5413227665768608,0.5478669970284958,0.42192834768440973,0.5469185039149363,0.5097734396872483,0.6216908526564181,0.6185037295636661,0.6132339035314797,0.5826240755470531,0.6071312042515377,0.6344624849329861,0.5919045545095502,0.5749005676759456,0.5081344742925248,0.5322367434347719,0.5313787041728248,0.6439578790487951
0.5994262885746401,0.5813242679327513,0.5586622485839875,0.5707964495853478,0.45138377274849756,0.590328573127005,0.5096524600572013,0.0,0.6031471382739922,0.5669252094329003,0.5720794865227238,0.5729090323875137,0.6433598670851263,0.5290793212088035,0.5724457725710539,0.5959044336853678,0.5729335211278479,0.5734313964469309,0.5813728422977726,0.6034032714595066,0.5707151440675645,0.5791539858930685,0.5248643985945519,0.5084145554277922,0.6194487739060974,0.5271701931205278,0.5522161933793703,0.6021887368393101,0.4852219890132371,0.5456662565143117,0.6764177400042762,0.6009520319780566,0.5682395281613158,0.5572632955242797,0.5621545904442145,0.5781247298565093,0.6446715252373664,0.6292157920949588,0.5890416286897807,0.5115768290130203,0.5554478610346083,0.5286408150452995,0.5909958711044627,0.5429907066162096,0.7003731118466091,0.5957753792799187,0.48652062929920503,0.5404998201269933,0.5606596982652999,0.5831977505853659,0.5896670384195302,0.5411795397739144,0.4794994220528195,0.6026047749217475,0.5853796039920942,0.5479280056202689,0.5830961956489991,0.6075423664272934,0.5319627428148154,0.5845568086075392,0.7149673875082436,0.5136303421230176,0.5630820494184666,0.5006595512267188,0.5117066474717854,0.5554455148052322,0.5909760118185303,0.5676352988192824,0.623174992850482,0.7577354084291928,0.6022639714594628,0.537804533203616,0.536767880226269,0.6237475547157999,0.6639556002611892,0.5206025990585511,0.5783199341164433,0.4992750607025215,0.621304902602977,0.4676391449829994,0.5221981371452694,0.6014057140870266,0.564365430480087,0.6316847704127456,0.5483862106947488,0.6633918810695076,0.6504984307846514,0.5871764133420228,0.6273102276881218,0.5871244030831547,0.5631790165699965,0.5598900081803537,0.5629275569741766,0.531763365324743,0.5448734170843674,0.6116146942781354,0.592036593752317,0.56352180925845,0.4650823401272652,0.6018826301951745,0.554958659063201,0.6431698498541676,0.5450427600906435,0.5685364213323251,0.5970446193851536,0.5957131698644523,0.616576296689315,0.5753343008769419,0.5447518807017769,0.5418536758702887,0.5442809609972782,0.5368838711734053,0.5949808784073425,0.5917527915165695,0.5548196490957513,0.5618915522656247,0.5251489440405837,0.5495677478869302,0.5257271289608775,0.5374626256214871,0.5085091531791485,0.6632272948316051,0.514691958220357,0.5774732492390665,0.4990924814623547,0.6026051084013377,0.527750843624994,0.5913009602140626,0.5650986688545961,0.573642474840707,0.5881141397900275,0.5807193014527706,0.6067168457881427,0.5422311996587068,0.612423388335857,0.4875564845362869,0.5480393363880388,0.5333900593941271,0.5534727259395008,0.6450485614208753,0.5552937994228737,0.5396739490999466,0.5805339388137541,0.5596508756637613,0.5747239018754516,0.5442473677387117,0.5889189826105796,0.5558731519168864,0.5929671112709298,0.44426777011528945,0.6243716610299979,0.520570239494164,0.5943852724118512,0.5210795522365932,0.6144362076288578,0.6814005689481261,0.5558953107627286,0.5823398660975531,0.5029406225523505,0.5423627642829657,0.5043506646296023,0.5318539916392825,0.5310578166797383,0.5390255620110341
0.6514849060796524,0.5685178251586714,0.4899488364682875,0.5231852213513606,0.46828304370419,0.5645874017749473,0.5270172638748497,0.6031471382739922,0.0,0.5230865505940143,0.5198548190746873,0.5488753354910652,0.554802989822164,0.5343690641297794,0.5412039383785102,0.5330752187195487,0.5472091482068816,0.5722100811676815,0.5808311310786595,0.6251993429344334,0.5694088973602625,0.5450617144384082,0.5300349125293476,0.493321247692753,0.6166802659277515,0.4922606747056285,0.5054001506363525,0.5548831645184921,0.4489189903855721,0.5898286115906469,0.706693147584194,0.5788677088907866,0.5051632205327053,0.5515746745520326,0.6134872273592388,0.5499386008733905,0.6009119066039442,0.6176985411845588,0.5541601498532401,0.48731971616379655,0.5250309267333652,0.6211483155557482,0.5493682423853613,0.5501188003344418,0.5805235055917233,0.5565927036827334,0.5092872383409375,0.5020564963672906,0.5709997023661971,0.5841169941035481,0.5772708981102287,0.5408922265015627,0.4975896147545403,0.5406794484168139,0.5163206465165405,0.669263366991776,0.6023878061261096,0.5664798352711866,0.5423236710729308,0.5618464573406298,0.556537890736389,0.5236799748108351,0.5211215976196965,0.5240736075346154,0.5649191696537871,0.5468647106935648,0.5787535609793911,0.5646399414570166,0.55745286652275,0.6183097823548679,0.6219903413846244,0.567864030247171,0.588284798541622,0.5650580764386114,0.5979940115565818,0.5537713151745308,0.5205491529823058,0.49564370457934614,0.5600644957192139,0.5009850765342386,0.5348318621888821,0.7128993579286663,0.578758938973132,0.5454200687916897,0.6033366565397611,0.642792524353477,0.6099400297472034,0.609707835333609,0.596665677560644,0.6561074850544366,0.582768333646223,0.6742388983973082,0.5407325873066136,0.5540015703828768,0.6068241343843349,0.584909270679644,0.5697834874615839,0.6100159956218907,0.5375079762919808,0.5737817337924291,0.562958443017444,0.5330846084755007,0.5753379753035543,0.5413825468442208,0.6092088135383323,0.5537982398037522,0.5549281042210397,0.5787159099189536,0.5172091557836012,0.5486109555652257,0.5529621292884606,0.5933512118926293,0.615156324136895,0.6221224416220429,0.5212041054616373,0.5501377013321966,0.5596615824794158,0.5304024407920984,0.49898825454504653,0.5870874443435028,0.5408592160056599,0.591502185192374,0.5736657227735874,0.5803700844687795,0.616568236372072,0.5138074979217915,0.568649449967333,0.5197706051157289,0.5148111565920315,0.5408153981794506,0.6888419695021221,0.5717628080438476,0.5795624122769659,0.6358457687401432,0.5830404218083141,0.5200136843430907,0.5462900835408261,0.5205387286744233,0.49072772617086385,0.659879158631973,0.5028386534371596,0.5661371508615879,0.6657821480964656,0.6019946053683812,0.5845949262471808,0.594033311356045,0.6383071235388198,0.5222087466166125,0.5740423076080858,0.4543413125409239,0.6553857306082765,0.5432253944199692,0.5892905862610962,0.4977505821245618,0.5990490548439413,0.6620017853577606,0.52024284795754,0.5565738973285039,0.4987335370728823,0.5560669407154735,0.49007174224752376,0.6339087490519957,0.6261843603912608,0.5918941625212737
0.5563834180497019,0.693039259449672,0.6323541875904569,0.5460323515206295,0.4717689046110526,0.5755295210115059,0.5728213533999635,0.5669252094329003,0.5230865505940143,0.0,0.572458859306309,0.5876441160411006,0.5985999090776863,0.5304207566635625,0.5717656124686014,0.5777770980068547,0.5969815929447603,0.5681826679478302,0.583279815618991,0.5687143791339666,0.5818437719006754,0.6302531658647532,0.5660975886103379,0.5505956806102091,0.6738975855380887,0.4835394732313312,0.532150161832793,0.5905724803681807,0.618232501155039,0.5282809081059605,0.5803454642169674,0.5925497890577556,0.5534801726600233,0.5280768872967614,0.5516751133428291,0.5539970848898302,0.5793043229529948,0.5610583331500353,0.5482055039985402,0.5457878834195925,0.574272267621144,0.555701813623536,0.5356212608151948,0.5527343728934543,0.5874913342336285,0.5516437022741889,0.5163989341034911,0.5449608891488653,0.6103935481114567,0.5441663085994807,0.5557765632249186,0.5225116466553732,0.49048067100528303,0.6182851002903341,0.5890583091127124,0.5566262952250002,0.5442706642839388,0.5482351678948325,0.5994431555677259,0.5458007730152495,0.5719023770156809,0.46239243513124295,0.5010654845030429,0.5144440470218398,0.5009644261757126,0.5065846577863391,0.5440810128987689,0.5498274071754308,0.6057347639558852,0.5664737006501372,0.534379217138052,0.5291779059217702,0.5028091372497827,0.5971108766254856,0.5969045481102155,0.5181209210358528,0.5276491567309014,0.5339421477791345,0.5167946486176375,0.4742740131549317,0.5457650620419359,0.5303389864375403,0.5844227431057685,0.5471515633561231,0.5124201040402592,0.5886964396780375,0.5009565414719681,0.5361569369046141,0.5647405651489881,0.5265229961200735,0.5314462059885087,0.5466343666063948,0.5917599230667515,0.5104603222355905,0.5379162782923353,0.6499863286403665,0.49954695943829175,0.5713824888388772,0.45123718711773,0.5616393868842976,0.5337718675280444,0.5089187785112056,0.5068706522255201,0.6605283746657369,0.5154946794429123,0.5430470904847632,0.5669491454010238,0.6305371785909224,0.5756424423019134,0.6261244889852333,0.5616875852175165,0.49888005719512835,0.5475762758010496,0.5371679636720423,0.5028931117236104,0.5434535869889278,0.544754430879367,0.6208914831267662,0.5923767227202356,0.4979886015315366,0.4991055499399395,0.4989152595828006,0.5117459931138508,0.5780106785571981,0.4933608351145008,0.6515435059521386,0.4935535779697092,0.5143882449624866,0.6198839347451415,0.5622875398445014,0.5803195385124151,0.537729438549649,0.49512412795565147,0.49229053055855854,0.5868168470083748,0.5043015243260822,0.5578827096569298,0.5368892655018259,0.5742532515931147,0.5789876999225828,0.5539718383944181,0.5423739980962147,0.5774206463602757,0.5384952836851646,0.574768783907699,0.5194951441409098,0.5430472485029281,0.5965182360438571,0.7035224950996435,0.44401255112577565,0.517638451603288,0.5680645277676664,0.5852337811306596,0.6032717035328323,0.6274962493535353,0.5755671666056752,0.5568929435030914,0.5853608779340731,0.5172589287512004,0.5158511852093794,0.5699105391198757,0.5287574176096669,0.5271840260558,0.518267045743004
0.569558787407884,0.5848292998073142,0.6365405563192444,0.6258056914699445,0.5829284749846249,0.5656508767786697,0.6271754327996626,0.5720794865227238,0.5198548190746873,0.572458859306309,0.0,0.6541312955668139,0.61799434647597,0.5237717217391618,0.5983723263245968,0.6838399939750471,0.634821279361975,0.5470884943676332,0.5749443107568638,0.5584015214089731,0.6726854342990705,0.6896606101156589,0.5922085539633245,0.6415594880253437,0.632057833767947,0.6374564135602232,0.5548336157118772,0.5853831831336587,0.5680437453514326,0.5573379239456344,0.5874502427500762,0.5776769549931856,0.5729808297603379,0.5730911819150086,0.5672190127084039,0.5943142262324128,0.7194589629979171,0.6138935871859055,0.7154913035035356,0.589104415122174,0.5978501371551415,0.5716472957943445,0.5886249996893219,0.6870279315754753,0.612764139203869,0.5401265046478367,0.4925027469395704,0.7493313698349032,0.6638758467603598,0.5723915239533254,0.6306134676812263,0.5642148422204959,0.44717232941539825,0.7159220468561942,0.6982727417518414,0.5261939905871733,0.5811321439442603,0.6611353947028638,0.5435469175718914,0.5494685785528602,0.5984915588906896,0.46771440271706854,0.5330435387641368,0.5192998061395295,0.4897919363498116,0.49926631670795746,0.6113932756752525,0.5895141085409855,0.5873256258353381,0.6091832090861258,0.5933184342038866,0.5290606207769357,0.5402369849613852,0.6784600815090874,0.5707350776805076,0.47346095412650635,0.6977509069047372,0.6561163270501837,0.5403827440954745,0.5221752596243825,0.5182475140603303,0.5693749453191799,0.5921242316464925,0.5490520734975168,0.5563243214983614,0.5983171335305574,0.5710207408141439,0.5366294474877518,0.5145723576774746,0.5595710954493742,0.64775397036747,0.5333290440912152,0.6311724655795056,0.5060515596153496,0.5725489809254143,0.6503133168291445,0.49353224456679107,0.5414270094550281,0.47200537371318246,0.5432457241835629,0.5759630706992712,0.581946844019897,0.549183807386759,0.5565485288782869,0.5249517731565608,0.5739449119947561,0.5747247849069398,0.5973432348177029,0.5546023421402253,0.6684255400441903,0.7030618725173913,0.5760891871355658,0.5803050691719026,0.5747524550697172,0.51235187163877,0.5775519675125329,0.4871596797860715,0.6358367005480398,0.6341451101759441,0.5163198708204396,0.6107568728243384,0.5564425572370364,0.544292909986349,0.635824699699631,0.5108398575708628,0.6548427298042946,0.5066085010900807,0.6089151379653096,0.5993852459097652,0.5686700809077282,0.511844980795949,0.5934613311036051,0.5672316687399428,0.559382746241923,0.6820148679877374,0.4978832092442639,0.5408427548606387,0.5951303611055156,0.5926826871602466,0.6251957898490351,0.5137967780425505,0.5700487047560053,0.5710493451739864,0.5688645688271725,0.7142109213482596,0.5550665839242687,0.6157625689916341,0.5430314253510193,0.584267557478339,0.4523205009644605,0.5951318329849556,0.5006917270994543,0.6803284775317522,0.5652844428199624,0.6637107071508851,0.6360831762911358,0.629979044793588,0.6557919191143415,0.5437711173285091,0.5846411438892192,0.48656002987857727,0.5232377192736554,0.5308238195984246,0.6602434335782686
0.5491520368563823,0.5903077351208124,0.6014355329468066,0.5476976301167827,0.5521572008359994,0.6044496608160269,0.5795638259542027,0.5729090323875137,0.5488753354910652,0.5876441160411006,0.6541312955668139,0.0,0.552900874010575,0.48259655536172,0.537602485767134,0.6402562043809672,0.5923184271375103,0.5019927579361307,0.614566924014037,0.5493289655130639,0.6375596290876828,0.6074000438144577,0.5721297896967863,0.5628361207151032,0.6694996648356365,0.5363282192129922,0.5096680337807002,0.5523421793986275,0.5410303705797125,0.6286068547987114,0.621511397237637,0.5874006809148825,0.5203617462377851,0.5987671691027951,0.5513168626871331,0.5789998953745787,0.6305939844840727,0.5721308121387345,0.6597293642291389,0.5050614562762524,0.5488393618262963,0.615372279723149,0.5507934782142152,0.6308302847548168,0.5791648553436465,0.5070431294207856,0.5074073462219426,0.6248449959023691,0.6030972107531132,0.5386755077612305,0.5697598151716621,0.5419880483206592,0.43122444640427265,0.6179265561589945,0.6157408385862679,0.569820532593507,0.54511629699788,0.7234931931955755,0.49773151473547167,0.5206696474879253,0.5362473424599707,0.4616697767770419,0.5014584262267237,0.5097418865648723,0.4661596342308785,0.4683025510056116,0.5302770891741271,0.5377189995357202,0.5310913202203309,0.5749227176706381,0.5438006523840636,0.49374406871807064,0.5125372680893855,0.5802838485654612,0.5565708423895631,0.4657500903036389,0.5728617542235026,0.6027004051428111,0.5087279078477008,0.49855975027214655,0.5040291665661958,0.5543258110981267,0.5954637739207229,0.5118288755104975,0.5399449649850544,0.5863034351619837,0.5580474155837815,0.5083234994521587,0.5125568157750864,0.5705732710564233,0.5977619973790723,0.5707380263513737,0.5845851429884222,0.4809342701108198,0.5223911594444535,0.6926142756602344,0.48141708562750596,0.5997182572070343,0.4757405248502253,0.5149621476798243,0.5274241416402702,0.5434893216639235,0.5369591839378007,0.605134817371463,0.510235023879609,0.5481895282629797,0.543217584990035,0.6227244566070813,0.5074242167120327,0.6531889787148804,0.676044452946693,0.5475073746307122,0.5410235525527677,0.5607705050599698,0.4760026854709922,0.5484396199786934,0.4971790247161163,0.6217811018905669,0.5957346172967426,0.5150570930833791,0.5435738773161324,0.5296155413966533,0.5422947206355236,0.5896021464195045,0.49733601602118255,0.617729911911525,0.49795987272780173,0.5910834130378985,0.598633759405635,0.4989235068612192,0.5704444511934164,0.5750969618032999,0.5076533171431344,0.5486635404794658,0.610542585300364,0.4632653097507668,0.5580157817008079,0.5214063835155797,0.5226198094798657,0.6117989174811763,0.47348612923249545,0.5748316553149444,0.5582772254948767,0.5577626422814991,0.6400234154308578,0.5701959459525081,0.644887237760762,0.5126706983328219,0.6330478134738325,0.47615759136401353,0.5660986489991067,0.4943446152767214,0.616346575461909,0.5453148825899308,0.6961558510333741,0.5763381839267213,0.5323209342460954,0.6403830923466506,0.4789971113245056,0.5358886607717658,0.45489151768331604,0.5252845175282347,0.5255722359270253,0.5880792531369536
