0,1,2,3,4,5,6,7,8,9,10,11,12,13,14,15,16,17,18,19,20,21,22,23,24,25,26,27,28,29,30,31,32,33,34,35,36,37,38,39,40,41,42,43,44,45,46,47,48,49,50,51,52,53,54,55,56,57,58,59,60,61,62,63,64,65,66,67,68,69,70,71,72,73,74,75,76,77,78,79,80,81,82,83,84,85,86,87,88,89,90,91,92,93,94,95,96,97,98,99,100,101,102,103,104,105,106,107,108,109,110,111,112,113,114,115,116,117,118,119,120,121,122,123,124,125,126,127,128,129,130,131,132,133,134,135,136,137,138,139,140,141,142,143,144,145,146,147,148,149,150,151,152,153,154,155,156,157,158,159,160,161,162,163
0.0,0.8868750851482443,0.8469523298276802,0.7795265919467322,0.6883113392212262,0.9055335783783199,0.746221934823998,0.8689244597641802,0.8770237413435721,0.8412934174518931,0.9372178243054446,0.7898106320938828,0.955552630781103,0.8749923404784737,0.7453228627826642,0.9063976829135483,0.8809889747108064,0.9046017294671693,0.8324187256297222,0.9608738271737726,0.874267013371737,0.8694946712724549,0.7088916641500077,0.8566433794899629,0.945239424043391,0.8137973318180681,0.6884163837747203,0.8998100019669375,0.8308924312071742,0.7238787383591418,0.8651072580068981,0.9291858241157676,0.7240249361610852,0.7810104990301292,0.9651093065713692,0.7145907668291082,0.9279904341729535,0.900814207551986,0.7222453641350746,0.810901807726678,0.6996719269068804,0.9001521333717514,0.8087228984911256,0.8978788702803584,0.854586213290428,0.7674405729922555,0.7253910222946498,0.9067034839925515,0.9074795606757711,0.7741478312683816,0.8210255780799264,0.8891911934049962,0.7234267525426933,0.816423792829895,0.8248552763252145,0.9123851869296141,0.9166984480990137,0.7768252745906231,0.887790644385262,0.742822207415527,0.8932461343323372,0.6457894890712614,0.9059652438684608,0.7907611005174879,0.8353607458839897,0.892151536803675,0.8523187534192824,0.8785105450508088,0.8099229098710445,0.9414345461395249,0.9235130248837978,0.8951047214149296,0.9493172222052723,0.8905937174712756,0.8969739357619437,0.8914608992962348,0.8279731586647937,0.7448746418205747,0.7625585503886201,0.8415109389262725,0.8980317041925667,0.8320546819702472,0.8686050625710362,0.9450380718920938,0.8786020750792675,0.9248917597277063,0.9129347122959258,0.800660919119962,0.8639004318964111,0.8415582470223566,0.7588427851169354,0.7255732451180225,0.7517430099230588,0.9309275095078001,0.8998972775636601,0.8506990458744845,0.7627450486907456,0.838122361569034,0.7782532572795724,0.854524948097188,0.8504030833182725,0.7740964777020722,0.6724447822321631,0.7274569913963296,0.8688289767620823,0.8049186493487668,0.740616993418598,0.8987671029996034,0.7126889332426742,0.8965054126663655,0.8732054564694494,0.8061838802421731,0.9146826464866886,0.800468370409675,0.8612724318945553,0.8937537452780537,0.9122014991242243,0.8513352851819723,0.9190902291600371,0.8332616899509621,0.8539468360625633,0.6795443652067853,0.9279102972012412,0.8729359548094141,0.9031186233012561,0.8279482780662748,0.6961058050255932,0.7423350444883872,0.8480783959080382,0.8110755218856623,0.8664279321615104,0.8843003896496954,0.9123976406202309,0.8979706921884991,0.8991163754906242,0.882622631021087,0.9101491890787797,0.7962158987606383,0.8050908782022544,0.7200612345435514,0.8455669203442144,0.904702675189699,0.8110149952553268,0.7166016544211777,0.9074500232647659,0.8267377128283072,0.8314450886977932,0.6994668550036187,0.8929384102736028,0.7369930991700833,0.9384993828816431,0.8478153182004692,0.7726513718457414,0.6550904039626072,0.8421591060428117,0.9023848356046449,0.9259124164066728,0.8772172187796734,0.8571073156622349,0.9266747462070929,0.8120842509427652,0.9602773013127928,0.9102891753242863,0.9602790870331164
0.8868750851482443,0.0,0.9073320395327276,0.8829891232199379,0.7009319208616877,0.890424383064378,0.8509507483119516,0.8888237130832941,0.8171035973779773,0.9272641036643221,0.9180631749700618,0.8206093545997672,0.9294443124272361,0.9125473373215718,0.8512859002809943,0.8615409068839412,0.837615311533126,0.8504120909036931,0.7940811162479536,0.8566174830740955,0.854775608455566,0.9398340218093097,0.693882542913965,0.8867267106829279,0.8740125217695476,0.7892612067781384,0.7268425240993321,0.8342112849349023,0.9457349281844954,0.6752266589999772,0.875458012827457,0.8809578108027493,0.8691729933760486,0.7227735356523823,0.899307501096934,0.7811335480190174,0.8785573565200109,0.8524077249651728,0.8313162312928123,0.8757129100006145,0.7881916361435162,0.8317690579922243,0.7378683661999623,0.8825111366504083,0.8603768614973625,0.7689608573238971,0.7085846371033556,0.86929480319199,0.875172178109789,0.7688725320130563,0.8518579897595329,0.8382345943933082,0.7844930838632022,0.9433080704917577,0.9196513222645578,0.8730042392885257,0.8507659484885045,0.7545042349924003,0.9206235064181264,0.7950692995819192,0.9292298340047561,0.6692050621784544,0.8350784959168182,0.7686049537991206,0.8077730121367225,0.8250899431064688,0.8864627490712279,0.8631047383576206,0.7625617523529088,0.8793128944952695,0.8997575117406589,0.870946727406555,0.8430704994155775,0.9232175819501359,0.8692424762952531,0.822429014402447,0.8874838416029794,0.8164384041191867,0.711015398770352,0.7832530410271016,0.8592864613646083,0.8451362954440852,0.9178252281011968,0.8917282457213062,0.7719792350026521,0.8982236382862973,0.8173720520070663,0.7721164647512879,0.8307093681097665,0.8805089557250942,0.7324995403807149,0.7885083443670136,0.8089764267974211,0.877951493652671,0.920166356544309,0.9026880706594022,0.8137135123519821,0.7748887312093721,0.7367943558811103,0.8852875712185416,0.8853434491034069,0.7766480938158081,0.6248450221859794,0.7398652888793444,0.810343383973774,0.7665735258545371,0.754193095519953,0.8169674353284329,0.7818182190084867,0.8800168792880892,0.8661887671771149,0.7337101871599578,0.8597250722028383,0.7717847278152979,0.8287064954844033,0.8777580010293548,0.812917334341812,0.8239736663286326,0.8882527350073793,0.8079162776705022,0.8432508250905908,0.7048199282112568,0.8085212027177799,0.9071024917323153,0.824927890609533,0.9176472656280953,0.7220639428435689,0.8372846014738813,0.8578935468518191,0.8681880173973238,0.8076418161255924,0.8466767747909938,0.8603025696328525,0.8803805357473328,0.8890828362786536,0.8690436214441017,0.8315898837337642,0.8412711653927945,0.8122904487631744,0.7381525628760376,0.904215007216457,0.8789305184284747,0.8945763062316077,0.7653917513732968,0.8889732117271477,0.7230436927071586,0.8771302269678779,0.8152516953525767,0.8388312010537203,0.7055207907777905,0.8457505772309143,0.8844494681013639,0.782730423502363,0.7635133146517444,0.8269879437948304,0.8847931307470943,0.9159445918865455,0.8935817130918342,0.9096249596991021,0.8659539955837334,0.8609664579833732,0.8492738942488042,0.9282450073070926,0.8880020952665951
0.8469523298276802,0.9073320395327276,0.0,0.8500891001046772,0.8114224903582283,0.8435312625998798,0.81302595701382,0.9010039001376977,0.7866492348627272,0.9190211605889917,0.9235413858399886,0.8667144925803941,0.8867586910519201,0.8326453886590965,0.7974568173433433,0.9387447726418013,0.9177101388058045,0.8751001022215527,0.8218541048887064,0.8291859732623891,0.9107264225424258,0.9399766244237323,0.7516733918519609,0.8465809876255938,0.8537814238816127,0.802504896318574,0.7681588941277004,0.8588410337230894,0.9032696639011807,0.781390333645319,0.777732694985252,0.8843650875841113,0.8034232294934869,0.7173627324366555,0.8276272392573379,0.8041484357748508,0.8147965725126987,0.8858086526486824,0.7938394933789666,0.8600013436651966,0.8011030681897284,0.8713856095968561,0.8010200758611445,0.8229572466363196,0.8277203432699412,0.7773095457280812,0.7775443926338168,0.8229073934261074,0.8716889852916894,0.8243873953388196,0.8759399045644312,0.8600433524850168,0.7552407915795163,0.8904829468938373,0.8933378368492819,0.7877821734265454,0.864945090200824,0.8799519810690385,0.8742170205001428,0.8017556368482395,0.8313436100715921,0.6725561333951143,0.8877209305546827,0.7944557418096316,0.7585397522976604,0.774450295399344,0.7678602824526181,0.8103600607975688,0.8500340873444153,0.8942756986652327,0.8363289968469487,0.7979406645205438,0.8063938673309297,0.943287438280907,0.9077199031795765,0.7203402078780358,0.895671564248775,0.8614290994783956,0.7217471760848397,0.7177976905535144,0.8109094038058299,0.7988231438115155,0.8907043173239738,0.8524444888213828,0.8041324345747625,0.8904719951456479,0.7604996524517289,0.7700368447986218,0.8009798199022421,0.7543473166720445,0.8357498668956049,0.6995482416099913,0.8635796854899007,0.7892423169872339,0.8673007858036836,0.8164523455075624,0.7272039094758809,0.7616664667318293,0.7010728112782544,0.8117335657751689,0.7442522165355067,0.8183929711865011,0.6493195979442127,0.7694163172735515,0.8140667552312378,0.8200655038036321,0.8028548348957111,0.8545127442044298,0.7875529460099188,0.8147236483892122,0.8385443494044552,0.7806909621913855,0.7711398962443271,0.8161447087644353,0.812401732380426,0.9070411925980426,0.7884409000097119,0.8783253462605509,0.8979997202072714,0.7858222016803763,0.8708743824428136,0.7388515792583523,0.7664257817934651,0.8491829782267999,0.7202875925802762,0.8597899075684644,0.7466999859618063,0.8320036801071741,0.8629827976610777,0.8248531026674529,0.8384831710292223,0.9186440962697694,0.7667282430669794,0.7943909353648905,0.8097930343066201,0.7731562628210598,0.8116685109501369,0.8035393419744066,0.8288477865613546,0.7797661693545183,0.7838508497914645,0.861026995092515,0.8372097492247101,0.7937609052595215,0.8319061901119835,0.7487856943512712,0.8838922686571774,0.8020127156241111,0.8620399958563963,0.7657584185509028,0.7713966352022672,0.8199958596495354,0.8542191254828464,0.8199171042576154,0.8558665251581712,0.7859557380977958,0.8342690784625048,0.883792073415762,0.7770192513455967,0.8415100888689312,0.8046418427580618,0.7636359814664526,0.8830814984197644,0.8685409103488416
0.7795265919467322,0.8829891232199379,0.8500891001046772,0.0,0.7301186003510067,0.7432458831601223,0.8983732371213813,0.866427823843057,0.7240229591406222,0.8266332417286115,0.8423635579974709,0.8005229708979058,0.824555474315277,0.8337378984298643,0.8685039080167154,0.7956532966167268,0.8140553786362831,0.8292435149568116,0.7587702639754222,0.7559263712238689,0.8132485799129006,0.8676135390253632,0.7720329674737746,0.850605740220923,0.7712483820483107,0.8039630624634544,0.8104575552752659,0.8195628017915549,0.84040190767135,0.6631487519673932,0.7683183977685202,0.7574722192172241,0.9322976346995455,0.715455101393783,0.8046996553787661,0.8101194902823612,0.7646717020562355,0.8068585188984246,0.8002699104371649,0.9213324361551589,0.8543120079801244,0.7495239479090967,0.7155172526966799,0.7801400027496249,0.8379944112880097,0.7825799938629856,0.6825286527069274,0.7456486780697081,0.8472727561599644,0.773246807997425,0.8622923056755454,0.8079673411060649,0.750196732914689,0.917010137466781,0.8767984512518027,0.7204673602174486,0.805842435132437,0.7604461694503858,0.8729160615905784,0.8290762527828548,0.8141099663628836,0.6315860627402196,0.784493943473197,0.7391518157192486,0.7300806670087658,0.7347638962271545,0.8087791522841199,0.742975851598402,0.7611151424827477,0.8186801465138067,0.7864344751725927,0.7967077775935764,0.7533712892088881,0.915215412256028,0.8027465418496333,0.690652753771439,0.8758526221363467,0.8166438314847827,0.7164862738415302,0.6531916254148966,0.7094504140809481,0.8188738594409025,0.803836140576636,0.7896880520261106,0.747208032338699,0.8488931777933405,0.7006336743223023,0.7615386303281774,0.781409558679436,0.771013661492404,0.7823839930298898,0.7552227777014505,0.8088588825178789,0.7633813391368001,0.8720666726120903,0.7739357165487997,0.7064445900414266,0.7227672733774475,0.6705241514724397,0.8722229485777244,0.7582902329423706,0.7563192116156701,0.6890492891232519,0.7380555433732477,0.7730871767432533,0.7603129370040982,0.7528339657370804,0.7732066067688083,0.821550578135115,0.756217578131374,0.8148065834484028,0.7535260125700765,0.7334579869587978,0.7497174902531392,0.8144942125480736,0.8744529746262834,0.7227480952102208,0.7527504806012459,0.8141298161654733,0.7698636415905583,0.8136060068018299,0.7860020930402399,0.7053960965175711,0.824316905095235,0.6788653419419157,0.8299106552332651,0.7347842427180865,0.8296364403948139,0.8077071577133643,0.8428400038323516,0.7172450240699639,0.7520321658444596,0.7483208040580355,0.7881538175870584,0.7686194369632712,0.7156353300393741,0.7264135608075789,0.8674423773574435,0.838186386121851,0.753011086684298,0.8215842786910267,0.7351703974155384,0.8893293066400672,0.7476860611860466,0.7736624836569646,0.7174889004317468,0.810823438511101,0.7732218676541149,0.7446045753444117,0.6594731665825947,0.766954302839813,0.7685200647200622,0.8129333198069302,0.8146320392329416,0.804645642272552,0.7685911021393554,0.81463581433864,0.8268868755246561,0.8585589727343055,0.7933319777272427,0.7837880928012481,0.7114048674665018,0.8094955521279776,0.8163870413973522
0.6883113392212262,0.7009319208616877,0.8114224903582283,0.7301186003510067,0.0,0.6432244436018631,0.7830206927044072,0.7019500817562896,0.7063792559286244,0.6905801088630116,0.7529334116129899,0.770292177937603,0.6738820625590705,0.6882724052804345,0.7405225534775656,0.786263323491093,0.789126891910676,0.7648214003735967,0.7082062360241164,0.6593920521768717,0.7694219846683352,0.7882758060162907,0.749589634560411,0.6977366408659369,0.6584635627803029,0.7004351673960217,0.7546735830301542,0.7030960503660557,0.7243619364481204,0.8669828605079438,0.6521711709625714,0.7045381780711205,0.7122457017249455,0.6102116466559798,0.6857737219768142,0.7742876045184838,0.639972979870128,0.7778504190764826,0.7349723892511055,0.7408084146180023,0.7679934316420342,0.7461025609773398,0.7441184439639157,0.6857587596074406,0.6600106316788402,0.6821135768448097,0.7883783621142391,0.6518907287575875,0.7508880349514503,0.8184787183163017,0.814849629764504,0.7302093871199584,0.7023213706300419,0.7247365348647663,0.755388156849086,0.6123409990424007,0.7476815541153579,0.8687230931825736,0.7043494745505098,0.7561348768391257,0.6061847188028562,0.6781705877592962,0.7544844955995468,0.7339637450114362,0.6738152724621134,0.6017440223210387,0.5898726711136164,0.6594724245485823,0.7792038395468399,0.7145679282611406,0.6878816586664133,0.6858436239040789,0.6403967341942028,0.7684498621160156,0.7370231972334716,0.5708671456513777,0.7539795836910238,0.8508519542627057,0.6307984368750645,0.5823944391260276,0.617758918363095,0.7259208342901661,0.7592970182014788,0.6448574570674825,0.7048616151577453,0.7210487838328046,0.5861474691481355,0.7406780332583711,0.645069001551042,0.5945736611953741,0.9230318820144545,0.6605467665921891,0.8837404905517583,0.6243321857259911,0.742353908080502,0.6477542046962016,0.5796583142472054,0.6144828549451891,0.7003677925376297,0.6384165525895077,0.5999810935483343,0.6751953731125865,0.6412329400742488,0.6696388415672233,0.7237759029219036,0.7186849732647537,0.6816920456740314,0.6883319774135257,0.7275046430009865,0.6225634354387395,0.6923670860264729,0.7797411308609457,0.5851555209402426,0.7324722204103962,0.6940629771097716,0.7769148658883753,0.6295184452330239,0.7843438743750606,0.6887373449943508,0.6967130983598752,0.8743394486058275,0.7224906261390454,0.6051361781094764,0.7088520266543346,0.589456566246713,0.6798184834297805,0.7231791794101855,0.7552729786890642,0.680567052742822,0.7158474214530495,0.7150283141097862,0.7622580198915462,0.596948990442128,0.6788160482996412,0.6204999298277786,0.6442745699549316,0.6645837773851528,0.7396938809211272,0.7012295778207589,0.7975537632499697,0.609671201861732,0.7146044860278129,0.7478176167994626,0.7693333130191349,0.6654587410735344,0.6839488691661326,0.8355064722707344,0.6879348804657025,0.6798760985837192,0.7069721974118885,0.6249992264109498,0.6887357106267386,0.8299472014857341,0.7906217047912895,0.7025088887832088,0.6040850244232046,0.6436843759077872,0.705561833561093,0.6338333225104809,0.7159393822469783,0.6187040410326371,0.6136751464569558,0.713994976748375,0.7466499431639524
0.9055335783783199,0.890424383064378,0.8435312625998798,0.7432458831601223,0.6432244436018631,0.0,0.7150538837339112,0.818791826638804,0.8228474056672336,0.8423955424355773,0.8943639436897141,0.7761826437868128,0.9162041697738159,0.8139929236647439,0.7001629635624487,0.8507433723691037,0.7949602550798275,0.763312440228007,0.7814513303849411,0.8508304984740509,0.8385883738804618,0.8529263176025892,0.5973729120555229,0.8054747354725734,0.8909617555767954,0.7441987850698558,0.6001535617846323,0.7852520941476606,0.8368027128834954,0.6661072425176315,0.8357792041354642,0.9210544716468915,0.7088023244923902,0.7062642790313699,0.8541252414133803,0.6618702870661651,0.9111730210263487,0.7856530688217361,0.736299768143867,0.7280176605573415,0.6454970893823463,0.8800555086126155,0.7141150466976609,0.8978157055688952,0.7716205002346803,0.6833169867718727,0.6734712883916775,0.9159996736058729,0.7890949257875736,0.6829096336631097,0.7808568645477009,0.8311392961505809,0.6935190322735802,0.8365833051296928,0.8107939817563631,0.9605700878010094,0.8130815993146957,0.7404998840118133,0.7883626505682528,0.6663103717201321,0.9336387832887525,0.6533864448765818,0.8491982818422432,0.6820752789139254,0.7748332519235519,0.8459715059186018,0.8501941874979125,0.8991965351356299,0.6932533173254287,0.8686147296125805,0.9129381900747198,0.7677218853095106,0.8944444457482292,0.8380153884183056,0.844938626407517,0.8564874725074857,0.8320114744757826,0.7359913475023334,0.6664135513099664,0.9057302730117719,0.9576108000613012,0.8028066558677849,0.8915333684808617,0.8852098817577021,0.7794991009963782,0.823973193088131,0.9263331887687171,0.6931808131422651,0.7802295914765863,0.870405662075838,0.6738953015384963,0.7264999402842625,0.6970315223903866,0.8892141132732404,0.8443152351572937,0.8973192171816506,0.8179563727462288,0.7847269511663434,0.7175728825992275,0.7945869740358255,0.8407206808457439,0.7695890266513402,0.5923715266751314,0.6718599927730696,0.7686901197900124,0.723065358182304,0.7089434341234674,0.7978383707955681,0.6482339469504383,0.9128923650383848,0.8717967502857513,0.6842527057051084,0.9477186244450286,0.7368547093755847,0.7534763853567181,0.8041292227523152,0.8345260341799198,0.7703425105822465,0.9051735944466338,0.777106038605229,0.7585019369031342,0.6455858878714057,0.8729597462267819,0.880067746874729,0.8914207494627544,0.8428977214416294,0.6807543200335926,0.736283130474479,0.7998850395872231,0.721836752602211,0.8171147093470935,0.9063163810018622,0.88899681449237,0.8863315704272388,0.8875859590487835,0.8644966713619534,0.8324057488966932,0.6941735083731008,0.6876152059685519,0.6481331353804647,0.8346590035710902,0.9134307697350023,0.7769618836251833,0.7031499199637149,0.8893944302101044,0.7088868538852134,0.8307137907984224,0.724273885444132,0.8200372156551795,0.6961254642804432,0.8649829383106422,0.8300021575461848,0.6878347111893615,0.6183330080028745,0.7976303353865587,0.8931662836404421,0.897993933059721,0.8948274128299939,0.8125511438503819,0.8975979896780605,0.7836714321597414,0.91561330709233,0.88067818314238,0.886085743068954
0.746221934823998,0.8509507483119516,0.81302595701382,0.8983732371213813,0.7830206927044072,0.7150538837339112,0.0,0.7648711473392266,0.6823150938116078,0.8097434900217253,0.8074844959289363,0.7902310474516845,0.7866478287686746,0.7870509277713478,0.9268007450161423,0.7647140442992945,0.7474458620166844,0.7774010796299079,0.7048386745242965,0.7065181191498986,0.7784921460907549,0.8433747566962616,0.7423551488363952,0.8597564119678045,0.7441995866928939,0.7987936042737073,0.7483243973413344,0.7255851513094237,0.853133788645301,0.6606519759687595,0.7865250478965631,0.7396955007379606,0.9135339489887825,0.678346318651094,0.7668811690251952,0.7685173757298518,0.7717335426292563,0.7465485715504381,0.8483000639424031,0.8954337808605004,0.829508782692849,0.7051593995226256,0.7237921932772182,0.8106943337054883,0.7886308621738243,0.7610793890857186,0.7225423603760618,0.7631345506517545,0.8494726047424603,0.7384447084456685,0.8635176575503719,0.7583402216888798,0.7124789986230652,0.8839418650192215,0.8894189651077589,0.709877951140029,0.7585438792523854,0.7151390152232744,0.8361682298865195,0.7806399124916757,0.75559904595192,0.6291914000528837,0.7304237721174093,0.6922293984407855,0.7256928580016913,0.6989233784802855,0.7867315906911136,0.7862782738213849,0.7009339840959038,0.749979262538848,0.7967623070493521,0.7841034046037432,0.6818485196939701,0.860401679165597,0.7097103634139931,0.7009450593139008,0.8806561414530631,0.906172340035738,0.6769585075243207,0.6774791577579304,0.7006750846928786,0.776413693714196,0.8538654076032106,0.7249398188506057,0.6807679397929991,0.7768813758656938,0.6670153615920504,0.7568860322204042,0.7319952590250821,0.767270913199804,0.7535632551510527,0.7643549697642583,0.8265622745569813,0.7372003729503096,0.8117950854416303,0.8072370461425254,0.6594983453434472,0.6715042612394497,0.6555635418131192,0.805406379772775,0.7788111703304691,0.7369071421960968,0.660602406588171,0.718858670927663,0.6998931615206005,0.7327498493175757,0.7023732740802515,0.7062988067630779,0.8354658155404426,0.7578149264655732,0.8095096392817405,0.7098887445389797,0.6992078451855588,0.6713033675587479,0.7631699200302356,0.8012971715077412,0.6774764147093378,0.7797432890815844,0.7591891554689919,0.6965479321619279,0.8375102162477716,0.7157185379944623,0.6680256301991021,0.8704820916714817,0.6705969743495503,0.85969364744854,0.6649172233043928,0.8665468585257421,0.7512731103518357,0.858590811068609,0.6577471674590698,0.7044579835538695,0.7144769126884708,0.7341526952666021,0.747749764742516,0.7544546066453184,0.7346460273089829,0.8839929356123081,0.7841184486188828,0.7742012077377042,0.8052604651802687,0.7222766700178552,0.8341486201616094,0.6891000090078951,0.788724640876909,0.6990084410238743,0.8256426605064318,0.8190428343630677,0.7119825648329454,0.6003583489883502,0.7327794078360754,0.7626203240895841,0.7397488020498694,0.8520202093618251,0.7728182670952681,0.763844724620627,0.7939605549233449,0.8338260389030514,0.8445479415521558,0.7880759137936754,0.7768171924021452,0.6904507114732358,0.7973742630331152,0.7900924711855983
0.8689244597641802,0.8888237130832941,0.9010039001376977,0.866427823843057,0.7019500817562896,0.818791826638804,0.7648711473392266,0.0,0.7897045199219083,0.8832061157163814,0.8786016558074321,0.870022626306906,0.8915487266103491,0.8347401062624904,0.7911438290330339,0.9084179146123591,0.9050039184760993,0.8920426910848422,0.8692719217061868,0.8872775217723985,0.8860322380856736,0.8544502420080484,0.7882443778530265,0.8365420766365962,0.8810801512320251,0.8187722623715284,0.7815266253982742,0.9106500866996011,0.840414551919883,0.7362060492128019,0.8481623839107503,0.8928624675144368,0.8125133112378743,0.8064762725028299,0.8728095436863621,0.8455164123295053,0.8176970524167546,0.9142589006533401,0.7842113370363508,0.8557079403590828,0.8152461224207894,0.8062853992386075,0.8384585196553855,0.8076139286775479,0.9204382101261271,0.8486318465773869,0.7542823502636987,0.8003637455086423,0.8882059904352974,0.8484791768915622,0.8692093006968259,0.8768211431259397,0.7565118810788227,0.8715262929343951,0.8928008843343489,0.7781862665138983,0.9044038378551499,0.8456441592864682,0.890895094446437,0.8591990050126933,0.8576086289588595,0.6945085181369932,0.9018427225951736,0.831867569607177,0.781320188293662,0.8406279478272094,0.7879336322326539,0.7652852880622789,0.8510864952450864,0.9214733885284019,0.8266269615456469,0.8595979399362563,0.8271505523450671,0.9332048264530476,0.9164380873260404,0.7754588549666096,0.8596480977505752,0.7667070897568393,0.8215026472050592,0.6929210311241663,0.7860530991491531,0.815009782201715,0.8130097202327761,0.9047088037534774,0.8650405848814807,0.945368627313988,0.7955238321548892,0.8337373949931874,0.9119186249403374,0.7705698867810008,0.7950844543823781,0.7532809411759291,0.8275646884055298,0.8393161302652374,0.8435655617117377,0.7951889987339299,0.7787997230638473,0.8377160368182073,0.7225464133358697,0.899400309130046,0.7713284176801165,0.8829191120050077,0.7347186911006797,0.8185018708316517,0.8987549107140514,0.8631268114676237,0.8597676726537851,0.884182861274912,0.8056187320067731,0.7991809052981138,0.8373895539109749,0.8273165404491394,0.7804089280871076,0.8221352578860979,0.8943173986764034,0.9061934824160841,0.857133227721898,0.8570219353587121,0.880874237398924,0.8048725919297582,0.8241205650528995,0.8226570253875358,0.8001694465218946,0.8255616036539093,0.7236588548817444,0.8578544257975284,0.7619356312348102,0.8387173648160428,0.9093520137449218,0.8437612757724187,0.8331897358929197,0.8560963051366764,0.8001165894779466,0.7980562370321337,0.828824582479155,0.7557652388952132,0.8433448778336146,0.830124112426405,0.8788223466083902,0.823578778720058,0.8111332014293217,0.8289074251663151,0.8458193235504651,0.771919988530499,0.8261386729337714,0.8122757393236536,0.8269547942067614,0.762841379486269,0.8933838697330627,0.7749844748994223,0.8469529057687667,0.8192477243256343,0.8417203330626779,0.7692573678841713,0.8891337392682727,0.8090681846650826,0.8268549379159705,0.8512044236934689,0.7895205100272743,0.8376292834538542,0.8086615762737897,0.791925382619185,0.9188895526395706,0.8369360339469786
0.8770237413435721,0.8171035973779773,0.7866492348627272,0.7240229591406222,0.7063792559286244,0.8228474056672336,0.6823150938116078,0.7897045199219083,0.0,0.7606110687141088,0.858940033142285,0.7004336321949954,0.8131913350204967,0.8621279724701314,0.6823944473769478,0.7960306018544431,0.7870642533520843,0.8315563755516255,0.7452918747564666,0.8080557289828764,0.7425614268841157,0.8680563195842915,0.6280433616290125,0.6887904455552946,0.7837851979101478,0.6427228459541297,0.7021175252117284,0.7955920422286609,0.7664440720264135,0.7777082985078234,0.7702867091878925,0.8270310003445317,0.6717741188197991,0.6174384427102017,0.8596839030893635,0.68642400683465,0.7732892511622417,0.8467611781877596,0.67719313561358,0.6889797791124203,0.6262096166810148,0.910234278089619,0.6721376296517544,0.7454400380085385,0.6935381291532834,0.6255221451982379,0.6304851101193797,0.7495345199910177,0.7606367568038039,0.7424381872880678,0.7395622536804213,0.7299479211428725,0.7543688491587164,0.7398844900867793,0.7440425970071616,0.8152964777070613,0.7929247205016213,0.7781465419456371,0.789092493969632,0.6937580237773623,0.7911491227597226,0.6688139553892396,0.7958838708363837,0.7524230954930191,0.7704922493545842,0.712648190998416,0.7318389456841008,0.7652864869428871,0.7989959315701535,0.887599312489079,0.8055730020540309,0.782836793322976,0.878343110328678,0.7785094221471168,0.882842019816505,0.7279655151987007,0.7394041832747714,0.6717548117980389,0.6050634383952336,0.704286075334335,0.7553671250885378,0.8458747358594362,0.8051190310834552,0.7939023551634655,0.7566202887944089,0.7911961512018779,0.8065405350328921,0.7888539064284046,0.7271583546596837,0.7429460928124381,0.7770974005981073,0.7252878261484926,0.7465840039944597,0.7711835227955979,0.9027883538804964,0.7555885638778279,0.7358793705458618,0.6774415108116222,0.8296115074816407,0.7038150503630445,0.75045303563424,0.6761366611464501,0.5776229404481261,0.6233357754951967,0.8346939228774761,0.6496167236282517,0.6269883332718487,0.755613787842002,0.6068188747337425,0.7264449005635432,0.7242421714892928,0.7335333015189651,0.7998688687489204,0.8740382374113657,0.7107693681664634,0.7927845685187549,0.7485492097451509,0.7724288524864885,0.7590516919285756,0.8753263259579553,0.7893109686737791,0.6879086934433599,0.7507309045227061,0.7300660368002413,0.8486516504106028,0.6944430467766726,0.7344570340877283,0.662129983584795,0.6970225185139317,0.7052046281554698,0.9133117363062092,0.8481681038739594,0.8128744586741757,0.9139122351997264,0.7582027667176026,0.7759226135708763,0.7176064089243368,0.6789776595147957,0.6767417152028491,0.6721137354677901,0.7484395961117155,0.8811354610249963,0.824210052248807,0.837532395289617,0.7497902714189765,0.6818273563038749,0.827958291927128,0.6274892196014171,0.7481729909671737,0.7365071320003959,0.7837304978296759,0.8219803185233302,0.7924458947407726,0.6008674507733669,0.6800133878220175,0.763395708108743,0.793899619615832,0.717769111092473,0.7689045458310173,0.8252983146054637,0.667782437195993,0.8445455598702813,0.8131223773053285,0.8754624590969144
0.8412934174518931,0.9272641036643221,0.9190211605889917,0.8266332417286115,0.6905801088630116,0.8423955424355773,0.8097434900217253,0.8832061157163814,0.7606110687141088,0.0,0.8950526636796721,0.8176120406639735,0.9016300751540303,0.8585733170310099,0.7878661254658501,0.8788488538687615,0.8411530067581184,0.8482474453571136,0.7784743132445923,0.8245474506833443,0.8179067226992135,0.8857210351026887,0.7295829463023569,0.8258143363168045,0.8925462833962352,0.7687441554283149,0.7542714027212885,0.8425819705154751,0.9577044462888232,0.7025751104032205,0.8163099885986353,0.881098863100049,0.8026977004813116,0.7205812367083857,0.8443758649389835,0.7578777334201537,0.847593635886226,0.8449705543375815,0.7555095474497635,0.838861689043391,0.7504860873741036,0.8087831112581629,0.7562045950928662,0.8213914756094387,0.8398250919352483,0.7527439888126285,0.7157944111864395,0.8358988200952934,0.8780142750868062,0.7364424826654917,0.7946314934007498,0.7882331478293406,0.7165357631173167,0.85469526155316,0.9020406664215606,0.8141233526376288,0.8006335756619222,0.7726090027090916,0.8957397423059607,0.7538187856556734,0.8601884275588394,0.6310238415550734,0.8072564856752599,0.7697299760031945,0.720545345403354,0.7715923142439015,0.8084175548571035,0.8214881768331624,0.8128528168890118,0.8903206952256594,0.8083067505052072,0.8295480349099439,0.7950085830370159,0.8831632930270216,0.8555779314239642,0.7893948106152545,0.8453362461348467,0.8105101371593685,0.7083741228250123,0.7380354706135394,0.8212195755703744,0.7297176072884155,0.8720785813696053,0.8772371118635461,0.7447078122412268,0.8604841324835516,0.7887118203823436,0.7688979377874259,0.8395589039181599,0.7812271496409025,0.7297511440933518,0.7081660188554137,0.801991653796318,0.7941663688910392,0.8243348249919096,0.8778756118681135,0.7099147724382523,0.772134962426347,0.6789407431572817,0.8313333562633001,0.8132886710714287,0.7897098782743366,0.6371682245095135,0.8041838689009777,0.7730429944114893,0.7658939221034395,0.7446171784363287,0.8473317857707499,0.7664839222085943,0.8320664439954728,0.8121268764960071,0.7067196102253284,0.7996820513314106,0.7903233565426347,0.7971907862995921,0.8415636393886766,0.8078160581075055,0.8734027322714876,0.8785053244618347,0.7828150998068724,0.7771811926717869,0.7068124758009919,0.7707145172788087,0.839830624993531,0.7506508254070332,0.9102884407388219,0.666324327701396,0.7930557832530686,0.8675847599329966,0.8379681550283573,0.8199290873327162,0.8118994491342253,0.8095988749109039,0.7636331611962335,0.8218519153642387,0.7853252907718299,0.8249181578677294,0.7991328432935317,0.8315873651423079,0.7359298036837951,0.8684653881131321,0.8497095153222437,0.7896387913267282,0.7237320828836301,0.8505663861104334,0.7329255019514221,0.7833419985619022,0.8112423543923195,0.883544417639838,0.7172135663168847,0.7822204670913735,0.8675439370013658,0.7557322543945184,0.7748752610476848,0.8401095869124237,0.8229927717675407,0.8576611581315043,0.8678060544848808,0.8368467817166544,0.8326094039151224,0.870315497954008,0.8012908131805498,0.8935958676708342,0.8196387683982237
0.9372178243054446,0.9180631749700618,0.9235413858399886,0.8423635579974709,0.7529334116129899,0.8943639436897141,0.8074844959289363,0.8786016558074321,0.858940033142285,0.8950526636796721,0.0,0.8322053839771597,0.9514469884097733,0.8932640344479424,0.7684652804788119,0.9379920294295025,0.8938188206619989,0.8826918881870116,0.8059722124515784,0.8936545895445692,0.8807207988943948,0.9444612722616509,0.729318346302986,0.8713134989279989,0.923664079272032,0.8244641473998323,0.7498507988309967,0.892818212035944,0.9084355224373165,0.7494516998704994,0.8265005747087842,0.905187675353753,0.7631795768853215,0.7445049862149092,0.9221673634341728,0.7420369360242998,0.9184505061958297,0.9038032707500012,0.7750337625133177,0.8485355376195969,0.7193815611381307,0.9270953791892507,0.7690727221203871,0.8879642354036983,0.8396284617331785,0.7273112815198821,0.6956680403131719,0.9082451634548572,0.9155418465399996,0.7598776477529088,0.8251399337316287,0.8470545598666441,0.6956068550454569,0.8645046301679532,0.885815705159657,0.8762903340520571,0.8691954425309458,0.8270138372242865,0.8782039808004128,0.7417548125257898,0.8952128398612809,0.6194090286138682,0.8605103979882467,0.7925047438759121,0.7533343654361722,0.7967728254734935,0.860121497682299,0.8686846702734703,0.8261416286479901,0.9534594130811301,0.8856123766246479,0.8476905904014334,0.9142341262823104,0.9230126448392847,0.8987570199768112,0.788440620866398,0.9032289149221328,0.8286635169948184,0.7058310765492523,0.8055768054182364,0.8450001402827907,0.8110794815196751,0.9022221446733079,0.9085913177927228,0.8249906628000481,0.9046697235280994,0.8796980723707359,0.7621858532627331,0.8006842704402932,0.8431409947365209,0.7968540369022137,0.7006700841469939,0.7905070436331773,0.8444274443115644,0.9153713953846829,0.8761136442922841,0.7193271618136127,0.78517633005711,0.7515308480293491,0.8209567372812309,0.8426783252095877,0.7897330933375569,0.6408760426852513,0.723813480406356,0.8122463174609305,0.7761960423017377,0.7209461665305769,0.8895728187472574,0.7135696485420447,0.8885649325407337,0.8840134961894912,0.7896254079780506,0.8778053094484991,0.8527106007409199,0.8055818786033124,0.9072205140920584,0.8155910008410602,0.8786425061142024,0.9271393273166844,0.8489800226746204,0.877702105859158,0.69849044925674,0.8607630515859194,0.8701053076553625,0.8486165360058657,0.8580680289909497,0.6946992318589703,0.7932427253906766,0.8494971986121066,0.8109540889530588,0.8620232049803522,0.8995560907215105,0.8970140646935589,0.8987292498995935,0.886508721415024,0.8217029908759134,0.8514721234006228,0.806130438210496,0.8255379785774213,0.7231740243496139,0.8313622290097336,0.9194647109548657,0.8209221856962675,0.7610471861901672,0.9161646769541086,0.7792229888920192,0.8633895546354238,0.7186894706929875,0.871859722255716,0.7525254846977351,0.8746394130889479,0.8152483049431685,0.8154104576896659,0.7108422971593329,0.8429424356958621,0.8806726951469763,0.9356448970269791,0.9010141812350663,0.8700307814583198,0.9175820230778432,0.781688308352548,0.8809464925808236,0.8797740166051251,0.9718480588795888
0.7898106320938828,0.8206093545997672,0.8667144925803941,0.8005229708979058,0.770292177937603,0.7761826437868128,0.7902310474516845,0.870022626306906,0.7004336321949954,0.8176120406639735,0.8322053839771597,0.0,0.7865800215212673,0.706504304629455,0.7677261152667025,0.8798951012198208,0.8632463530190335,0.7769348923156139,0.915467329458782,0.8272878693990869,0.9321262565787034,0.7949973056858222,0.7995626897407577,0.8469226311768613,0.853122611060837,0.8147761998426721,0.6931775915089669,0.8210190900981216,0.8020518773431832,0.7458151312385143,0.8374268997918918,0.8543696013317484,0.7545696243472623,0.8465758472962264,0.8083314239499139,0.8610110586324745,0.7673825381179271,0.8249035382908861,0.8621539061674909,0.7967956208444051,0.8215939357801806,0.7758842842497745,0.8638850573055129,0.8373553998285751,0.8614451118439013,0.8045443707237175,0.7967902245668131,0.7989598293810452,0.8738091342185792,0.8318431444426431,0.8740023738095469,0.8703611585291138,0.6745592400412426,0.8634422066804901,0.8999742042084358,0.7261434011036815,0.8688411867159219,0.8755311188994557,0.7956433213240341,0.8049210740470019,0.752453679540926,0.6501733860747473,0.8455073942635577,0.8050672185018235,0.7411768063012928,0.7683376958633422,0.7063888382643346,0.7105025729747472,0.7494059498712056,0.7947370297374587,0.7700498686950471,0.7696919704775956,0.743572265367053,0.8654054077836707,0.8023978647855746,0.7063846415401261,0.8328950078700328,0.8130813377559847,0.7923976990386175,0.6773623029890007,0.7366864726035713,0.7775794398050492,0.7775704670531657,0.7818182610991161,0.854739204794531,0.8595617233089208,0.7292227591007949,0.7467844250990578,0.7960542993645646,0.7161801524368903,0.7864789767779078,0.7809693051079187,0.8350452242155876,0.7789608302848824,0.7474292678861703,0.7739106045395682,0.7167770747080712,0.8546230711578297,0.7040688456921387,0.7986051531375951,0.7116964226667548,0.8714639716294024,0.7838774021951813,0.8594797779976024,0.8056888837388091,0.8453693681238403,0.8567973710710169,0.8399687073372373,0.7757372910393998,0.7954679968295949,0.9085036295754404,0.8498157234971209,0.705654728007952,0.7229060396053989,0.8064204209691633,0.8262245837928889,0.8069316995006388,0.8911825473669467,0.8701944621239524,0.6975253281925466,0.8301431106546096,0.7214557518502255,0.7753694818547849,0.814914457433133,0.6707365877824385,0.843801675844758,0.7119757116035729,0.8519705397676011,0.905271430026296,0.750497879060689,0.7392327022307077,0.818261652127017,0.6948932450679725,0.7449993638270382,0.8079808666656391,0.7129259537316036,0.8326081399294581,0.7964631448931003,0.8218813346938825,0.8630357798461362,0.7046922412257585,0.7908465010994306,0.786454342328641,0.7469961665485257,0.8217809611355449,0.835932703386851,0.8493302420551447,0.7118059655538468,0.8795220290531504,0.7676555190693162,0.811057773741306,0.7433261953326062,0.821835352247957,0.7707263177532203,0.9384363552855264,0.7400536361475759,0.7503032071281799,0.8413065151519837,0.703047946899263,0.7827375466159999,0.7046643888659133,0.7333758298065338,0.876057168672425,0.799825738662178
