0,1,2,3,4,5,6,7,8,9,10,11,12,13,14,15,16,17,18,19,20,21,22,23,24,25,26,27,28,29,30,31,32,33,34,35,36,37,38,39,40,41,42,43,44,45,46,47,48,49,50,51,52,53,54,55,56,57,58,59,60,61,62,63,64,65,66,67,68,69,70,71,72,73,74,75,76,77,78,79,80,81,82,83,84,85,86,87,88,89,90,91,92,93,94,95,96,97,98,99,100,101,102,103,104,105,106,107,108,109,110,111,112,113,114,115,116,117,118,119,120,121,122,123,124,125,126,127,128,129,130,131,132,133,134,135,136,137,138,139,140,141,142,143,144,145,146,147,148,149,150,151,152,153,154,155,156,157,158,159,160,161,162,163
0.0,0.8562972929156748,0.7261752490713158,0.8154657571741623,0.8788432321387685,0.790977315155983,0.8967557228374415,0.8226200333835292,0.9061665929390438,0.7306686203462465,0.8652784336319563,0.8400880673576624,0.8839461762955132,0.8354123771496876,0.8979525730511191,0.828572397576659,0.8319398625824832,0.9699521108727256,0.846987675558905,0.9471699459098568,0.8449808180708159,0.8669106403542538,0.8749198871010415,0.9054315756361422,0.867809510284172,0.8095045344589418,0.8551681687071457,0.8215084930468715,0.7191963233917866,0.8831491628789244,0.8962652457363585,0.8380888369186158,0.8504107154583413,0.8259689928250685,0.9188147115386032,0.7586227488796862,0.9235144779239443,0.852596839229018,0.8090289565666451,0.9345084117314874,0.791105518633892,0.8598728466855933,0.8676942869938373,0.8357105347927493,0.8863442131272461,0.897962502961377,0.8218438453415736,0.8076969484529313,0.9054321147240985,0.8573862124989894,0.8796253639549046,0.8302151286931096,0.8190172541304669,0.7897741590197094,0.7618507261929969,0.787972154363641,0.9144195278449996,0.8474177703350293,0.8532163466816872,0.8796712047941047,0.7758382587186945,0.6918139191163504,0.8024618393991992,0.7293456161944175,0.8279791530583973,0.8139131795391881,0.8886088835226764,0.8671066524344601,0.7913521644656805,0.8954795858915332,0.9084462278997057,0.8304803260572834,0.7886874004486158,0.8724219838713116,0.8021172158412923,0.8624393189804955,0.7903652297984332,0.8428791943630983,0.8487795005969102,0.7081917486676802,0.7155253128119552,0.8977215624444355,0.8677005130219687,0.7416960011082193,0.8346773112043379,0.8820879538334181,0.892853237025295,0.8772003070583921,0.8408943155802462,0.8069412504741464,0.9156541880429601,0.8800523599724086,0.8340736832317723,0.8468623183419959,0.857958075564253,0.802746966321035,0.6961591514762411,0.785722876243464,0.7334539397625714,0.8402039760691665,0.7986958813764738,0.7656640961257287,0.770594084327298,0.7369414997058124,0.848608978540837,0.8440843555781068,0.715802567545372,0.8196366493595966,0.8927753303883179,0.8526022524219367,0.8471868967517956,0.8297514465626742,0.8244691120877675,0.7922525057161877,0.8569084211623801,0.8749266883486136,0.8802334871768961,0.8238398449852856,0.6845276969888403,0.7522697206400123,0.8623565274458761,0.7534389600188376,0.8811393974324792,0.9070302755227202,0.8225551824001951,0.7795608676279429,0.7053709588727918,0.8437038700816308,0.7115291627001046,0.8484883287180328,0.7908226139475306,0.7536624202755927,0.813449084056151,0.858740125361962,0.8103417813912126,0.7665120520383791,0.8944160438866823,0.899131703368953,0.8741858777227912,0.8926830211955037,0.7823126178761766,0.7994455735847243,0.926973661958407,0.73555288256338,0.8432184795758584,0.8958102160740019,0.8575745257750631,0.7527035533855123,0.7948669144224085,0.6122663934973364,0.9190734930186016,0.813000097515311,0.8734301549839034,0.7780484175675706,0.8182634791779588,0.9207066490093474,0.8921197814724786,0.8064972305988317,0.8658301474526183,0.7528207055594568,0.6806886613738843,0.9342154191783268,0.8582773698058279,0.9602518950616001
0.8562972929156748,0.0,0.8924257685536701,0.8127673372220733,0.8115430993104459,0.9346743492673586,0.8506107847808334,0.9449091189822297,0.8513767805820115,0.9007216071441011,0.8600335455295425,0.9587717871765371,0.9015550225242323,0.7844105698410939,0.8654443738500008,0.8867119784708111,0.8453768107822015,0.8249543605338707,0.8704173143049642,0.8943853435637716,0.901218011532596,0.9348959905647604,0.8137779899326661,0.9013741818928948,0.937689105006629,0.7360345477621666,0.8270122308094117,0.783759438587372,0.8517637995541946,0.8507681350609466,0.9065815399509914,0.8794947351135718,0.9046431295228549,0.8183132724950024,0.8243185688207587,0.8214323584674024,0.8894081476283299,0.818609049125342,0.8502653500812317,0.8766744332509663,0.8472734215885088,0.8885464097991421,0.806070586806941,0.8157867855647901,0.9443517530080074,0.8575059005021443,0.8530055207608875,0.8307929035203597,0.8297326338111819,0.7974122066420203,0.8095208931506285,0.8074968570896679,0.7695200002979607,0.8716151394524773,0.8048413441871075,0.8525894413255184,0.8048191557134156,0.9194522302789926,0.8153447823296462,0.8456213027291144,0.8639832814942827,0.6824571681063254,0.7643252726565855,0.7401323604755562,0.7164215585096761,0.739857190351653,0.8540078433538006,0.8404176068192355,0.7679161498817755,0.8967787780545162,0.8278801173241317,0.7246745220307342,0.7001776940170366,0.872783523977783,0.8661672899284462,0.7691740927450784,0.7745840616719358,0.8780879983031115,0.788706146020725,0.65678416316742,0.8183167909936071,0.8215355142762899,0.9156197086183642,0.7978207576840477,0.7358245614009525,0.9269895368597697,0.8817403772538489,0.7500960173525656,0.8389534887602608,0.8493258573266717,0.7934443893668903,0.8943625369528326,0.8202329695026722,0.7454524732021803,0.7452664796178506,0.9255678515831324,0.7593733064234146,0.9061778672255938,0.6627640633297939,0.8348292728781916,0.7579396574074081,0.8120044989614288,0.695534873060631,0.8766229977093327,0.7689571645274907,0.8642030229792704,0.790113510722622,0.8991888667236995,0.9013828867300392,0.9474629252835239,0.8478251898058246,0.7083536961387423,0.7978339134819779,0.7962316498872775,0.7494362633230103,0.848678583685214,0.8640761538886985,0.8334888533001339,0.7795809148599372,0.7285816074215782,0.7407146877662394,0.7501236783355407,0.8192302410756604,0.8783481243615747,0.7054607088584847,0.904500694714614,0.6990734218198869,0.9261903792646241,0.8597979580681803,0.7998827693359684,0.8638246261808376,0.838607155318388,0.7091823069478004,0.77948422976205,0.8572726878775033,0.6989018560850312,0.9050067607955846,0.8038896951304559,0.9108240179162287,0.8689190594749321,0.8012214321089198,0.8525026097759902,0.8906282220274795,0.7787204850779467,0.8716156326340124,0.8195505724198889,0.8914458642026921,0.8747125098131101,0.9405551017653015,0.7009724373381805,0.7923576974989708,0.8255168391185511,0.8401380646351285,0.903489142929184,0.9412991503400532,0.9008191056599744,0.8312134740053444,0.8876584816538766,0.7528180653387366,0.6597994835605883,0.7874679532077241,0.8108437248595122,0.9563504997526779,0.8037984642738617
0.7261752490713158,0.8924257685536701,0.0,0.7348978536560895,0.763326832003579,0.9062793113248276,0.7180804634658581,0.8797862149750956,0.7310395884594788,0.9052233358259952,0.8155080402703548,0.8559719517955178,0.8343717060063692,0.7075149764758777,0.7372547903217661,0.874238396140088,0.8286284214242629,0.7350770692327246,0.7667655986059287,0.7725403776070843,0.8743923091115171,0.9071872448064497,0.6982335862821217,0.7786142552075416,0.8493956613574356,0.6976056423954167,0.7361825358178422,0.7109128285666477,0.8430574869269389,0.7549537095520267,0.7463578096121553,0.8070566739205706,0.7887432950359229,0.6896869898921951,0.6979175721043118,0.7729966165392639,0.7754408201388507,0.7667323558377259,0.7440505119060188,0.7643911118193768,0.7802986620797195,0.848393807057598,0.747198399523068,0.7314470917788007,0.8208633306171795,0.7316311647891452,0.7969931280688342,0.79433623734767,0.7116322399924803,0.729475211374151,0.7189610123150909,0.7610180961998521,0.6816475905596623,0.8184129910202078,0.7462006520032156,0.7668140848294795,0.6958346264086527,0.8936428164784949,0.7486628796954962,0.7163011753823293,0.8184483419589115,0.6376600038958031,0.7692947955118405,0.7156917451548266,0.6328843983151089,0.66697697062975,0.7290663220456233,0.7862775930737222,0.8104651274048212,0.8419529231604261,0.7375286815534575,0.6204263029663832,0.672261797838897,0.8186721301084252,0.8623583014260411,0.6257720167545459,0.7175156619018749,0.8051524053504541,0.6858058403408862,0.5914856075541783,0.865368688101064,0.709925031196538,0.8141967536014505,0.796285310909783,0.6679131836842295,0.8310312025433628,0.7961611777766616,0.6509291085450424,0.7136942142694663,0.722182958959869,0.7356505171902048,0.7332262392213413,0.7431872748165196,0.6240909630193275,0.6790029478643995,0.8493874168275722,0.7182875186448694,0.8337090922110912,0.5904472926846874,0.7137955742184962,0.635503253195895,0.7786695216864705,0.63008853752406,0.852946248560248,0.6889318237712813,0.8045636764638999,0.7820165280888554,0.8661783583991239,0.7871595145483749,0.8603349004479082,0.7486404540072359,0.6384759481317711,0.7430718102194258,0.7549925052330398,0.6499750406963479,0.7614443821994303,0.7406122940519642,0.7674916558464883,0.8514132174583431,0.6721962910590051,0.6587355771650626,0.7058448482350385,0.7281934823525222,0.7423405150461188,0.608465063740199,0.8335684248196897,0.6696053026170196,0.8104347421644185,0.8664344920180196,0.7249302198110434,0.8107933097821911,0.9128418389490452,0.6064746178247993,0.6664863402199703,0.7900263316215975,0.6352433377200647,0.7748082225898711,0.6808346088027386,0.847223579791517,0.7364139695840061,0.7300071288362453,0.8108512510043892,0.7448574774236183,0.7760955900505503,0.7917125152092014,0.7207985264764785,0.8012570454700384,0.8266214473099471,0.9208879160988747,0.730440248581053,0.6519672735824219,0.7314637405520493,0.7684415261202674,0.8758346235060772,0.879877845558858,0.7687904948980246,0.7135568492133354,0.822967645742522,0.6279456135392338,0.589610536694096,0.833007289456415,0.6664755295415868,0.851175098661977,0.6963155898896873
0.8154657571741623,0.8127673372220733,0.7348978536560895,0.0,0.7547350550354271,0.829638203146607,0.8497569064701814,0.7911227660542401,0.7079100289712348,0.7409168781689822,0.8636656103533081,0.8409804732801643,0.8173114821292713,0.7484031125770294,0.7825906940774282,0.8031750021006857,0.8555788774936656,0.7991965512741384,0.9051747223016509,0.7938135313207302,0.8718358669375679,0.7895069482330924,0.815112166056797,0.8201852650568658,0.8236549218692729,0.7582002464323505,0.7704251759509313,0.8541251219436267,0.7507630324735287,0.7516149253810803,0.7760258064238031,0.8405048975281673,0.8966140520267075,0.8448487562859796,0.7866831526643748,0.7763218458077663,0.7957983370337602,0.7472104908771775,0.7920394133376492,0.8833389242870974,0.8080626765004456,0.7700500085367052,0.7752407942372483,0.8124348091289579,0.8114169795741132,0.807015204017819,0.6854059413708841,0.776709899594277,0.8325406453408428,0.7803256361346615,0.9018577880824127,0.8481074226510882,0.8079162868609666,0.8948901711531831,0.8228348750756344,0.678923009511431,0.8533017658824505,0.8587763696499582,0.8250486357766152,0.8373165069312638,0.8661458111323355,0.6675337292596545,0.8379144806049094,0.6670727376083745,0.7351627942915805,0.8003278540891849,0.8267731754216029,0.7033598410727258,0.712832987013992,0.8186149143759224,0.7481560489255066,0.7039327690615822,0.7956494681614116,0.9045544291525138,0.8269793372933709,0.7650014182619971,0.8396717160065144,0.789015110523684,0.7696332341569556,0.7007060612822249,0.7475037891661643,0.7978679794598502,0.7339123081926605,0.7329086745593699,0.8628048550129599,0.7522539857140256,0.8350641907581569,0.7837364500975043,0.7945586423527156,0.6743022039607548,0.8326679016302333,0.8121399913205518,0.8208382238476444,0.8219158742481802,0.825451489778686,0.7415428400977675,0.722845052349443,0.7717805909101473,0.6479020789180625,0.8488129799907175,0.7261939946847613,0.8123464024542035,0.8246295999362994,0.7412838579141768,0.8031141284002644,0.7465998405368364,0.8185659268154402,0.7743110558691378,0.8187062609786466,0.7974278735051495,0.9240754680618825,0.7528641077345793,0.8551410523668523,0.7714364974752924,0.8110174551587113,0.7942075395162548,0.8741954230590935,0.7681341280746882,0.82627888881054,0.6986169804633163,0.7108487586398802,0.7915657249738335,0.7989220106913477,0.8449029093226179,0.6807782346899335,0.8005657257206349,0.7422689412143322,0.7592378187132113,0.7945611109089862,0.6933246296912507,0.6818116954735837,0.7652265636208414,0.7422584909002214,0.782440666329787,0.7664135516484318,0.6477124376561284,0.7236438875512459,0.7584013246249878,0.7862470052855215,0.7949907205028629,0.8107504642510509,0.7589211282536442,0.8784480939170101,0.7563608141779143,0.7731709816715202,0.7580824724043486,0.7222116679607766,0.7549201689541097,0.7441437109505269,0.6315196177318843,0.838397504485832,0.8280357556052979,0.8428520540780873,0.6901778351835108,0.8384443905547986,0.7689365368565643,0.8211250635852487,0.7820869877474325,0.8396805196423219,0.7901993952406965,0.6942380001112068,0.8064387764457671,0.7507462304713929,0.8160079947780698
0.8788432321387685,0.8115430993104459,0.763326832003579,0.7547350550354271,0.0,0.7389933720204336,0.8462048593920166,0.7472198110781455,0.8316153138496388,0.7100378953904178,0.8525478995384059,0.8190208737086896,0.7722702766957145,0.7740045322239402,0.8993649514853582,0.8019389371917551,0.7782547563274633,0.8794160395492224,0.7889864350452789,0.8516757319601234,0.8498211508570866,0.8933977488697108,0.781664740747509,0.8617526881881108,0.800698133598038,0.8022729206974225,0.7627278989861008,0.7002003909930496,0.7501804082641147,0.8278217027425354,0.8519096283544999,0.766942343856282,0.8345292124524609,0.7094057070724299,0.8733702321827396,0.800095911846474,0.8397011817572865,0.8583483419888118,0.8362793212710323,0.8443805839947622,0.8439353029989255,0.8035707710297374,0.8931254646580997,0.8762582695362602,0.797708137464704,0.7825171569890094,0.8287167084081664,0.8476148053770394,0.8320065996553407,0.8733053881915708,0.8444147947314625,0.7959497935519305,0.7686534414741009,0.7967852382242206,0.7741646672902868,0.7099072455476549,0.8300856434866117,0.850908919555006,0.8051407503824659,0.7929338614460746,0.6905148486531921,0.6752218460863354,0.8043966991068499,0.7670023697119205,0.8110548723209224,0.7063572046952794,0.7498964314666371,0.846817697599652,0.8026301655823278,0.8187486070542027,0.8868219963727821,0.7965078071280479,0.7061644567031995,0.8012978698451828,0.7426078368037046,0.7222179030522737,0.7322716882656606,0.8652733734612952,0.7697642559940441,0.6419573210561951,0.7046337366575672,0.8561707088641572,0.8300897508844356,0.685954635018181,0.7599882200169564,0.8194932013913008,0.7796048775530678,0.8142119692528167,0.7000510553284175,0.7226813559830357,0.9291960104356636,0.8258409473299818,0.8573418392172694,0.7281333007076459,0.8183668263544966,0.8094876122715895,0.6845158891175199,0.7304157418414123,0.744186398881101,0.6972072713402516,0.7607192689209474,0.7304524705455071,0.7548376167171871,0.7628211259108095,0.8018283717411306,0.7734278077544849,0.6753176011344224,0.7427538643892009,0.8449782462810165,0.7974604520450966,0.80304808776956,0.8439616485389668,0.7043331454369032,0.7221071580117285,0.7701577479095942,0.7670573719713191,0.7445369893251482,0.8288955265461923,0.6940716144976533,0.6906250244139476,0.9119876248075197,0.7272072163437088,0.772127125027155,0.8340033236202029,0.7963300262358634,0.7767726343466695,0.6537129525013468,0.8146491394636012,0.7114797967071298,0.8730931285152402,0.7221621213253876,0.7594868079987599,0.6780156972601813,0.8204000455677037,0.813736310491321,0.8110381060283229,0.8325377949045701,0.90001105177657,0.8482578555318139,0.8712312096166804,0.7620687163287849,0.7964169062704687,0.8238686314030942,0.7889102831802297,0.8623016463352055,0.8335925956708302,0.881006064702088,0.7178026114748418,0.7875683956321704,0.6222967195693709,0.8221894983081478,0.7867868796012487,0.8490952441624291,0.7783627995098747,0.7967804869274383,0.8285062347118668,0.7631248446861633,0.748517420990841,0.7968154511222518,0.6691165672812547,0.6571746303490648,0.8224872523105361,0.8312213586405689,0.9080061938326023
0.790977315155983,0.9346743492673586,0.9062793113248276,0.829638203146607,0.7389933720204336,0.0,0.7860482642607739,0.933399447545623,0.7658522645816255,0.8918871540399966,0.8341646960712831,0.9015874853159611,0.9220663943164612,0.7464966469750156,0.752565542053649,0.9022965634175004,0.8739369187782375,0.7591383630065882,0.8229006614268257,0.8016004731793338,0.8787780420271449,0.8603875080425014,0.7654727934013729,0.8245870500292554,0.893232476284015,0.7513791479902255,0.7928664495247489,0.798730584749966,0.8217863378887348,0.8100052151745015,0.7906378560048185,0.8738109449295002,0.8610791124887058,0.8013633723746413,0.7293492847084324,0.7572257009679585,0.8480618251254392,0.7604550378866513,0.7546649311772237,0.8415289918782951,0.7818500670600875,0.8799306962808268,0.7325821628724337,0.7542812783860723,0.880789853731624,0.8165745627112996,0.809744153411817,0.7848828169299192,0.7635395140499537,0.7198662926995525,0.7750184368501705,0.8330689404447909,0.721936375897031,0.8383790828912645,0.7607729429049824,0.8464508294468572,0.7540882780295729,0.9221747230500024,0.7449883087698597,0.7920772421891562,0.8982810313725251,0.6856525448698917,0.7836402435938563,0.6687472419154536,0.6370081407260345,0.7279860591351225,0.8288511689875186,0.8030216997223606,0.7381045836946447,0.8768729251094421,0.7631453192996445,0.6439463787273146,0.7138635392658225,0.8779997546153068,0.8953205388831741,0.726598223334541,0.7842842580272152,0.8559335270285394,0.7494530166170571,0.7070050708207256,0.8965083323474953,0.7412626858957327,0.867320075000051,0.8449704288454293,0.7319670446254283,0.8716383053841114,0.8813908838876273,0.6826171034024829,0.8351288773219944,0.8008387816230741,0.7606491093216449,0.8038835453512372,0.7545781648062413,0.7122713885746733,0.7087673610846041,0.8644139577268509,0.7181840959286485,0.8935892700064796,0.607431901005058,0.847657461241976,0.6836579287505177,0.796627635381922,0.6635353764323283,0.8178792798787713,0.7223798792674103,0.8711837454229976,0.8181459523807748,0.9114867599292356,0.8419244816861309,0.9101684192086665,0.8188038086078104,0.646847193160025,0.856855800340356,0.8018748100935518,0.7312125149941681,0.8682830772829437,0.8558833513229043,0.7506735289030328,0.8438556485281834,0.7454843957226228,0.6628291058519683,0.7775535993842724,0.8082095241746822,0.8422208853837809,0.62994117072606,0.8676923468324323,0.7287396783603958,0.8695118526974263,0.8676425234607253,0.7033052852503777,0.8526147426868089,0.8922295198944425,0.7069021624553293,0.7210341420339101,0.7657303485079149,0.6167577544574577,0.8249750016478332,0.7051026261201531,0.8173176832368722,0.7654318400276575,0.7626597710231838,0.825376606316657,0.8280884072620166,0.7230122891948668,0.8017617243656081,0.7589689241426077,0.8028074413683871,0.8911901536235161,0.8807338044054059,0.7224164311062439,0.718230810958666,0.7742842385821598,0.7708716714297016,0.8506156853279514,0.9198029488531553,0.8187980470799787,0.8055609025914526,0.9231987305794999,0.6973139950607465,0.678052324496161,0.8267904399578035,0.7522891458702736,0.8724939870318985,0.7454870539661946
0.8967557228374415,0.8506107847808334,0.7180804634658581,0.8497569064701814,0.8462048593920166,0.7860482642607739,0.0,0.8022051342833298,0.795696126158445,0.7868550822847157,0.8535449772857336,0.9019622619965465,0.8544180345735152,0.7426919685759066,0.9040918680851303,0.8232029943997179,0.7983831598712952,0.8697758200808784,0.8835356495065048,0.8459226765950663,0.8335706885833053,0.8190205936689761,0.9369029831948459,0.9200643451293014,0.9044518051900815,0.7796663356346452,0.8458369919714603,0.8124113948057782,0.7595564625235511,0.8756713070542488,0.9001373117207194,0.8777065000415367,0.8641359113068936,0.8903199650044145,0.830220338804598,0.7399199889521422,0.9269890770491672,0.7408760039201764,0.8466233205975711,0.9410340348208507,0.7653677735688482,0.8055795420712041,0.8611517890992372,0.8391898275964959,0.879943310074301,0.8980902523029968,0.7976711147148,0.8133924045840399,0.9584909579486981,0.7821264391745276,0.9041401784968636,0.7577072581654112,0.7506689371030641,0.815713787462024,0.8216888985913602,0.7539139783025227,0.8604526279378489,0.8400358412260412,0.8535920895800809,0.8573189182638533,0.773509975634118,0.645570113834839,0.7208957004792705,0.6648724504396415,0.7594835868707572,0.765483885170444,0.876764982907661,0.8366423564218389,0.7131132590520347,0.8452230990457277,0.8142769781466358,0.7640691883035915,0.6845989225527133,0.8816832491721199,0.7321678998454809,0.887779950913943,0.8633431480528514,0.9134869039794906,0.7803935865214063,0.7275530593953673,0.6815890804088003,0.8189751260015578,0.8668317550195459,0.6570382058049533,0.7680874340414299,0.7838930561349345,0.8441830325229727,0.8702692112163283,0.8642787582563045,0.7744412304524736,0.8444856927088638,0.8891215239169159,0.8541066924665861,0.825931003643725,0.7604201857028073,0.8280461781814367,0.6454221099101357,0.7735318115023462,0.6539423939988039,0.8501063454193222,0.7948248561291628,0.8361073951018293,0.800550573418606,0.77511018426287,0.7479016153189466,0.8055319966033316,0.7409430760774062,0.7930121426977991,0.9165186981343456,0.8752844445017117,0.9231649453739557,0.7445490499995365,0.7678957208206636,0.7480689824845979,0.7740437784987256,0.8063751989620463,0.8727581805126683,0.877401270844924,0.689828976956,0.6637480767228321,0.774084745205688,0.7205086553942543,0.7700938354465962,0.9582059803810274,0.7091537085094536,0.8510671424492108,0.6562328659753536,0.8687081394480208,0.7249862632141486,0.7820588468646283,0.7321231502254365,0.6897757074269197,0.7615289261438604,0.7400328895711443,0.7812919344055066,0.6994480483635491,0.8721928221786552,0.8572599687550401,0.8467066171419096,0.9203812300052421,0.7842075299750271,0.766129290145664,0.9044120923269717,0.6856604124691478,0.8398191473753676,0.8700027932338664,0.7948679289425876,0.8237277444436053,0.7961760271228586,0.5682056545160018,0.8813855401269916,0.8280827802180816,0.8237305550690194,0.7998960926261859,0.8616179514157346,0.8901839461217549,0.8977355069165712,0.8467362520972962,0.8501917178137292,0.7939702326121286,0.6875199432170331,0.8492556226570102,0.8334591675556913,0.8605662645250526
0.8226200333835292,0.9449091189822297,0.8797862149750956,0.7911227660542401,0.7472198110781455,0.933399447545623,0.8022051342833298,0.0,0.8460395056589095,0.8927998465253216,0.8069451468349532,0.9230113785799298,0.9138776535470763,0.7328951104131276,0.7969618775824727,0.8782791010401554,0.8331483195401154,0.7995860479988984,0.8213335413680016,0.8398037376934557,0.8482786331463209,0.8750398636976295,0.8086208296698584,0.8432832127532268,0.917609099906995,0.7292528550593737,0.8524698077238655,0.79282724312089,0.7765699641085042,0.8616415146461681,0.8481069798986588,0.8536774578326378,0.8469377268740939,0.8128642058854235,0.7481698873782415,0.7463011805831247,0.8671715336504281,0.7703495802655468,0.765264925527746,0.8403682699232243,0.765448475194392,0.9035772062382494,0.7549980712735974,0.7259012301666012,0.9347814033739088,0.857195080154228,0.8385818503744001,0.7497680729317943,0.7829404298774308,0.7297372057992892,0.7580406778482015,0.7836731443567203,0.7025363854895409,0.794519454569858,0.73354580754809,0.880929420001684,0.7575428426517162,0.9165973533874557,0.7462038311791878,0.8044934907438833,0.8523782944728533,0.6597585850054329,0.7352791571794545,0.6725876118465265,0.6489037698308925,0.7123055343932612,0.8369556332653961,0.8265303744223206,0.7566196533536707,0.9258639095776549,0.7814887842054431,0.6560009584436876,0.6789402520919697,0.8574349722258614,0.8666043883839641,0.7352735288342075,0.7616633212381683,0.8374265186429088,0.7818787280128997,0.6313777465773954,0.7840008826763045,0.7796594874452891,0.9086045373808753,0.7971683334705765,0.7054079638067717,0.9259414969440323,0.8936272264790828,0.7088849013392673,0.8671170749315332,0.8676050644525873,0.7648677447851759,0.8411256097435826,0.742545288876235,0.6977806657719423,0.6878451881681925,0.8820583253209684,0.704117551822026,0.908902608948061,0.6053979124237293,0.8491980875348933,0.6800428240682118,0.8097658664966907,0.6673665566515598,0.8425956024437337,0.7237671877623436,0.8983415958083916,0.7783000688979036,0.9330439664770066,0.8558320094912177,0.9033667825427631,0.7893028499988375,0.6545482841922693,0.7860204206300102,0.812775562022861,0.7170767606967126,0.8807322675636305,0.8394090899208784,0.770342950534786,0.7436330814931592,0.7391055109006954,0.6693097689170067,0.7905294417802341,0.7754443478426839,0.8395728064398855,0.6288801446927862,0.8473200069010292,0.6960436224432368,0.9110930991711994,0.8111116815463078,0.7316619377881848,0.9095815112895115,0.8353192638604493,0.7021298720644743,0.7194238081903916,0.772843531777286,0.6147658314388804,0.8748177515050819,0.7304006765339555,0.8682032307172964,0.8173271269266252,0.7400028554528674,0.7880480286052471,0.8493052944037234,0.7100813742760601,0.7873477853676237,0.8107100209844798,0.8511340510998494,0.8699878001596744,0.9052268093338234,0.6804569289569375,0.7429169306768286,0.7467731766706159,0.786840647914163,0.9059274993678892,0.9272723002907647,0.8750513280134721,0.8112603885444118,0.9170352695532245,0.683342716689247,0.6449447077131817,0.7685209966167569,0.7467895176215659,0.9255094902101499,0.7551543003881596
0.9061665929390438,0.8513767805820115,0.7310395884594788,0.7079100289712348,0.8316153138496388,0.7658522645816255,0.795696126158445,0.8460395056589095,0.0,0.7176854244598192,0.7478584492571633,0.8010874145847471,0.8051228859480154,0.7651240197795169,0.8493617213502469,0.7483209791959764,0.7278749785038672,0.8705388380210962,0.7323019258263699,0.8608630136974453,0.7580667830502424,0.8592471418301547,0.777013811357888,0.8265490056760162,0.8083571047767981,0.7159409855980214,0.8245218727909814,0.7059229819927261,0.6609426613368817,0.8688270409851896,0.8673520618997497,0.7270722576897362,0.7951435119111009,0.7125515833683735,0.8351401837387042,0.7032435231653956,0.8388775546459961,0.7980289528508918,0.7303013958992318,0.8042414800670221,0.7392203142716224,0.89648608979287,0.7473838362972222,0.7286494876782061,0.8408628564121102,0.8016076257043341,0.8499468137171683,0.7027740337092969,0.7659634915494677,0.7635332306195298,0.7280636719583816,0.7558457067542106,0.7156896228313336,0.6975592976608578,0.6482471198134697,0.87207265885744,0.7643092861158272,0.8072533990670884,0.7215082759782058,0.7703785565902191,0.687772958368021,0.6446180006608845,0.6946012240184485,0.6904831486627856,0.7282083335297705,0.6690598730489753,0.799341628296208,0.8629878982928839,0.7455447388947601,0.8644516332969391,0.8690141612116599,0.7247754696696269,0.690710224289825,0.7528723971390041,0.7504432187638759,0.7255458644327073,0.6606907194176034,0.7760725495784452,0.7529778453482654,0.5898775439523213,0.6610162921643816,0.8810328207247463,0.8981692883736704,0.6910514067598242,0.6906237928477291,0.9289880280091972,0.8156550186012699,0.7439605075352658,0.765370452933325,0.8978253798696931,0.8301051475134985,0.8690345396123794,0.7125402529966527,0.6888834037914962,0.750277814900484,0.8193341269179711,0.657868271387973,0.8048307939134676,0.6979853220167208,0.7559149006184344,0.6937733051944331,0.6633797052684576,0.6652243900028668,0.7410650979717597,0.7513388689650149,0.8141603801384278,0.6173393996562246,0.812875774120994,0.7984534372204103,0.8041371008042838,0.7107341980931781,0.7317868657497794,0.7198616005725766,0.7462757895183544,0.7201603645895504,0.8601717822487708,0.7521159816167258,0.7215009605397871,0.6077317099159493,0.7735437105435495,0.7780947847425543,0.7335198996731472,0.7767540922797856,0.7998705280779353,0.756865532834719,0.7100359483198523,0.662043137500826,0.83345525938755,0.6510421895025815,0.7923425506379865,0.8833552710258752,0.7241627929059992,0.6933961840900454,0.8264954257031131,0.7443475650011456,0.6958813228183046,0.8688576837729486,0.814606243081869,0.8117089497326058,0.812131316399001,0.7006810531622109,0.7295649643189365,0.8579951211446758,0.6994237344610995,0.7544963068847595,0.862396167293875,0.9256528823422983,0.704365497048022,0.7822549705260197,0.6022418283213878,0.7870486799203948,0.7014426149564741,0.7810952563854271,0.8288815456916117,0.7847493812480685,0.8851183653296552,0.7732846476485752,0.7914084254826871,0.7313295399225302,0.6077944536784202,0.6342231465696146,0.815290073951856,0.8975478469073475,0.8624417897188488
0.7306686203462465,0.9007216071441011,0.9052233358259952,0.7409168781689822,0.7100378953904178,0.8918871540399966,0.7868550822847157,0.8927998465253216,0.7176854244598192,0.0,0.8157480101391895,0.9020429770349585,0.8675639714107188,0.6969925945166225,0.7417694071505615,0.8850150667757706,0.8081067377003769,0.7381452793933352,0.7999280672681233,0.7606482129768146,0.8003283653883759,0.8349328078010483,0.7907783737249658,0.7796913908893063,0.9325773193264774,0.6576189638542891,0.8147930836471529,0.7669804253457371,0.888190257370047,0.8082304656334316,0.7858506784478745,0.8739160576410381,0.7793930875512668,0.7699161987511335,0.6911346728601299,0.7276710299357526,0.8301977259490247,0.7197619633304871,0.7476540324852211,0.7833671249887143,0.7147328558394509,0.8176963053793546,0.7413428074169114,0.7120936830280282,0.8504478552661932,0.7628997778361386,0.7723987692960577,0.7771988152441945,0.7852423349156279,0.6714045374171965,0.7154885699921143,0.6764701924118242,0.6463146624603249,0.7795107695484789,0.7835902353984254,0.7788034482968862,0.6870637961967972,0.8729316558814205,0.7619428214103728,0.7301711016302148,0.8209839746521432,0.6052200547539633,0.674230839856745,0.6672311771642384,0.5929618030278491,0.6469678195772917,0.7525886113698014,0.7736223437723333,0.7706365420094765,0.8658350279701313,0.6777909943652332,0.6300305093139992,0.620607659899575,0.8122179345962046,0.8152353377349455,0.7157016551986563,0.7621056150402888,0.8479679516234501,0.6755990664885205,0.632273047388668,0.7876479980374245,0.6577378553422829,0.8423851695580078,0.7614335650935304,0.6370935945168468,0.7857030142033965,0.821703616552862,0.6871205525873382,0.8161809223106647,0.7351047045154167,0.6970920323337422,0.7543784820852742,0.7585040262521953,0.6453864794535549,0.6241921972148147,0.8846265062998178,0.6378873550756048,0.8324388619529185,0.5605762077867585,0.758461437547389,0.6763633958659011,0.8257996611512562,0.6395192679743253,0.8871710192010971,0.6500737191447182,0.7862831176527298,0.7645010805826595,0.8995304360605301,0.8074349269550107,0.8757707895627684,0.7761526701070606,0.5929283344456661,0.7245487605923258,0.7930150315614195,0.6399391479658773,0.751827182383276,0.8052260224801246,0.8309358470993419,0.7855335760885445,0.660300502762845,0.6126687167756496,0.695784250145488,0.6909124411903704,0.7887479132069688,0.5835262365778847,0.9049458065226876,0.6164459622684682,0.834429863333169,0.8546227173739935,0.6993043538142651,0.8250706126051248,0.7766106100815768,0.6572005907806308,0.6131141530174447,0.7462949350805889,0.5940047124779576,0.8198742528769083,0.6772417535264653,0.8579869938716123,0.7792378770047833,0.7577861788292275,0.7992726417238656,0.7463367075416808,0.6882976802720815,0.7913516555532787,0.7343229541479727,0.7367782829498241,0.9060952019053984,0.947190760204674,0.6828339467614305,0.6685527516985688,0.783087716288702,0.7337799950180705,0.8750121735880875,0.9065764123920278,0.789852084083655,0.7714526780017811,0.8631593230725391,0.6597884412329686,0.6453095126383543,0.8503895993984711,0.6941587752476481,0.8517023213790715,0.6699794271931075
0.8652784336319563,0.8600335455295425,0.8155080402703548,0.8636656103533081,0.8525478995384059,0.8341646960712831,0.8535449772857336,0.8069451468349532,0.7478584492571633,0.8157480101391895,0.0,0.8824052578708714,0.8803306316025884,0.8181245868167928,0.8237387870941333,0.9292493617592205,0.9168714754907188,0.8777702423996464,0.9235153550269498,0.8895537516252746,0.9030683062134417,0.8903880020443675,0.8454179754451794,0.857154715949776,0.8940381593594589,0.7505294697493451,0.8356266857746117,0.8717625050346747,0.881765419076389,0.831420681077154,0.8257336356923476,0.9154697400911254,0.8388698138933156,0.8141223282251678,0.8477396228366857,0.821508795070291,0.876941577469859,0.8713313613191737,0.8751927966467371,0.8955636619386266,0.8122495879643344,0.7976178861577228,0.8765262827916148,0.8613422007416635,0.8385854634626263,0.801771715039923,0.713770666496087,0.9055501262808741,0.9087471060106822,0.8438140653426504,0.892901200000648,0.7746386957421874,0.808869166361753,0.8928122206058464,0.9109483669959632,0.6753050281465331,0.8893954792299481,0.9190922236563384,0.8897271654912562,0.8552489306642069,0.8756778691055314,0.6682990106287747,0.8416543933749443,0.7636403798631345,0.7539919466027442,0.7808071462550352,0.8123748654937318,0.759718736842337,0.8414868403158797,0.8952870061362898,0.7776956299469235,0.7862585435903271,0.7799411496481876,0.9133403639190604,0.8838799926638855,0.7925859442180373,0.8768995468922205,0.8686332028481355,0.7650029357120616,0.7310264798297366,0.7744558982718617,0.7650907136942258,0.7901056755252974,0.7986248194557957,0.8322590323483999,0.7830501019960596,0.8929139386703157,0.8311883302198642,0.792954077703699,0.6738123215085461,0.8679189434318273,0.7731045692284649,0.9320042463124777,0.8204994890216969,0.8234598260478935,0.7994798890804503,0.7220515293337066,0.73543231479213,0.679934008240452,0.7675045491281164,0.8161284143126438,0.8765016749039923,0.7380618246777527,0.7750100742533029,0.8192971782024547,0.7617403881533231,0.8120707749291025,0.8189799836100343,0.8403514588511007,0.850083078640146,0.9094378732750166,0.7835592198906288,0.8094767483070334,0.8690215761527749,0.79880616839362,0.78001206787949,0.8679003514125914,0.9233573596426299,0.8205485467672153,0.6912341120467806,0.8047588951257808,0.7362178322386792,0.8158576780660729,0.862605358313149,0.7493098353685952,0.8808488208889912,0.6775929887019426,0.8095893694207047,0.8377175827755874,0.7915227933195893,0.7225299890781424,0.8282856082694751,0.8125774793812197,0.7800905741717529,0.8566261665747139,0.7332363076739424,0.8123414657833984,0.8097141744086704,0.9034879001000261,0.8804169607972915,0.8240286499396103,0.8866668890506327,0.8390306408694385,0.8097763178726327,0.8968330910688006,0.754627928691718,0.7587564260966563,0.8016323936962262,0.8499017694747382,0.7023986809129786,0.8495460919366545,0.9014362527700283,0.9238166280048808,0.7346823880622887,0.8474622909452868,0.8262442430756576,0.8834499184391253,0.7780777919930076,0.8401829108954707,0.7929741951622615,0.7206572405429236,0.8535398932037153,0.7904212151162111,0.8710715887202855
0.8400880673576624,0.9587717871765371,0.8559719517955178,0.8409804732801643,0.8190208737086896,0.9015874853159611,0.9019622619965465,0.9230113785799298,0.8010874145847471,0.9020429770349585,0.8824052578708714,0.0,0.8869305940583674,0.727544906297398,0.8766137327649138,0.8998645257821057,0.8455985025616802,0.8136639231486372,0.9175581349919336,0.8671376600091603,0.9044966008924049,0.8952177929598265,0.8744441184626061,0.9266992465709731,0.9621263925926635,0.7474815425021027,0.8406522136299927,0.8103823599353119,0.8562419723481355,0.8737867255951886,0.91111339627717,0.899733392331882,0.8984223551593261,0.8735247570457806,0.7982477213705131,0.7968893463941613,0.9069189838706159,0.7810855321324963,0.8844111798640409,0.8955283459693596,0.8299679102011942,0.8504160872046378,0.8363149913514857,0.8282489589354988,0.9371116736844071,0.875124817884772,0.8185603309320283,0.8454003905206489,0.8804500746318704,0.7742451214311694,0.8403946463777658,0.7797089962102539,0.7349311836528535,0.877319841479192,0.8429902193007803,0.8005335354605081,0.8184161097087502,0.933426787184806,0.8103925754257297,0.8440466664491297,0.854475640579539,0.6429685653509106,0.7440173573646544,0.6965934184723716,0.6997705096921045,0.7338668109294475,0.8391058852818528,0.8155972062250495,0.7361481874657089,0.8945156848344163,0.789148471692281,0.7088792743115984,0.6605367828383107,0.8873258300535438,0.8255326359464886,0.7930459230265414,0.8282571467022619,0.9179387395770289,0.7973897487377519,0.682429748864703,0.7713948338030352,0.7910109458818696,0.9070376829799229,0.7464854481695975,0.7351199420836191,0.8679693360965609,0.8773212815669165,0.7611714106948649,0.8567670706796974,0.8132229519889229,0.7924739238442934,0.874245473127565,0.8452555590142737,0.7609336113797246,0.710068070794231,0.91214515755739,0.7104450104200107,0.8687484786849629,0.6243082470599963,0.8293864859805575,0.7615819926598438,0.8699194868609276,0.7221871543808883,0.8826982701172718,0.7351252274474813,0.8511946244930032,0.8050540197870564,0.8869579683136065,0.9082455237358116,0.9481885753375948,0.9025582294110234,0.6990877338012664,0.7587690316096163,0.7901303082416847,0.7396675885569806,0.8273986636467979,0.8734733230041974,0.8792225114787516,0.768573155589393,0.6748772949287931,0.7293566575178172,0.7455380426415195,0.7801689229937984,0.9185477556418449,0.6670968222551855,0.9402184430449806,0.6553992820227925,0.931317896708006,0.8474437628327142,0.7684201433869638,0.8092975867328974,0.7928550954363957,0.7183653397159907,0.7360335879319109,0.8436611865383199,0.6728392090371327,0.9084355640397606,0.8016463029747692,0.9122020805867573,0.9139788631185936,0.7947043655829734,0.8176384925663894,0.8729266113441049,0.7347901279450065,0.8758995551786379,0.8143692912947998,0.8484402393640685,0.898814832256539,0.9223311883151513,0.6599865481578469,0.8156179185450594,0.8352973689320363,0.842365444231811,0.8776988147217945,0.9708971884077146,0.8947854085050563,0.8628296071771436,0.9061888995937355,0.760920198835102,0.6990143384176903,0.7495389017408111,0.7950013791448013,0.9128984900251776,0.803933528303546
