0,1,2,3,4,5,6,7,8,9,10,11,12,13,14,15,16,17,18,19,20,21,22,23,24,25,26,27,28,29,30,31,32,33,34,35,36,37,38,39,40,41,42,43,44,45,46,47,48,49,50,51,52,53,54,55,56,57,58,59,60,61,62,63,64,65,66,67,68,69,70,71,72,73,74,75,76,77,78,79,80,81,82,83,84,85,86,87,88,89,90,91,92,93,94,95,96,97,98,99,100,101,102,103,104,105,106,107,108,109,110,111,112,113,114,115,116,117,118,119,120,121,122,123,124,125,126,127,128,129,130,131,132,133,134,135,136,137,138,139,140,141,142,143,144,145,146,147,148,149,150,151,152,153,154,155,156,157,158,159,160,161,162,163
0.0,0.3021806989560332,0.2653745223822326,0.2925623953073263,0.2884579518426161,0.2998479116651681,0.2576185770458914,0.2999773985924821,0.3243723287334396,0.30557992140710816,0.3060278048319711,0.2841227438460025,0.44515413396032083,0.274443852784928,0.328962486127234,0.35019725477888597,0.3721241685649116,0.47929826276863513,0.3012335371534797,0.42355838006441493,0.3343291176579989,0.28792039114002776,0.2715581629445784,0.2862104719340331,0.3905965942702317,0.2505548660363513,0.27162980830805766,0.2950262511252246,0.24767023540598726,0.28184347545887517,0.338743563821262,0.35434794265012237,0.27108685727771675,0.26443049472053143,0.38377813470605726,0.282008816476227,0.3793225834978388,0.3389754970402697,0.25402689932583045,0.37050745533193885,0.2725472820382485,0.29991730830574725,0.3310908813356636,0.309788811910939,0.3161762863363488,0.41643370228227006,0.2665047910823137,0.29858562509181935,0.33351731287551,0.3849373069603012,0.38519558613513133,0.316144791037899,0.28337960142591717,0.27938657191729027,0.2704905300111503,0.2797422057419564,0.474376636318512,0.3208319759962848,0.32463423110981177,0.384722316432523,0.2888542038682288,0.2566209940610595,0.3106930626705474,0.23730162110399683,0.3077365588012902,0.3473183839694922,0.3086233045808152,0.2895839587640526,0.2820351773107308,0.3409117369708095,0.3504216761008285,0.31676937412916933,0.32006517261365125,0.3806967909155982,0.35394632455611585,0.30627254119224046,0.2492377316088479,0.28262692681504015,0.3018474388858157,0.26142611691021106,0.2715856803418526,0.3271749484654094,0.3156891368907872,0.2927736239404702,0.35041430498570053,0.35663497647675285,0.2973589654170004,0.3752068752839961,0.3899938113995194,0.26934091996272563,0.3878923681531731,0.2936754117626835,0.3495985377079001,0.3338359928803194,0.3168376512037067,0.2565971582145022,0.2120840610432002,0.26005037935831826,0.23323827892768137,0.41220648990521236,0.2797160267256275,0.2627454149086333,0.2835290129548181,0.2500639505904451,0.36416929357034894,0.3368273161621061,0.33122195060623466,0.32370005507881217,0.3468608401672715,0.3129978111974739,0.2950763437233997,0.33863296095064854,0.34816584203697465,0.30354391262604774,0.3498542046863784,0.3775406624951576,0.3533613074608166,0.2954746797231683,0.2558548260180919,0.2619832100124976,0.3141257562662625,0.24513137853978223,0.3042718556608034,0.3802113464354734,0.27226219428853154,0.28703200465171474,0.2687982439346386,0.2530240803082731,0.26482820807422297,0.3081521866818707,0.27395240343213617,0.2804773651080715,0.2784548282080522,0.29171447881467766,0.28346636752417576,0.26684010096801014,0.3166995396476388,0.3370935060101403,0.29510393777280874,0.38013310886286555,0.24437120651226876,0.2889513588777161,0.3725686518060376,0.26182301066469355,0.307572775893185,0.32468504807969073,0.2787913580825485,0.2902092832192802,0.32639397205656817,0.1959278559296267,0.3845474953144243,0.3046912429652563,0.34182994498740504,0.23852369448218033,0.3338108159540325,0.3330865157053919,0.28474675943909816,0.3274428493266617,0.28410376554331906,0.30884688715090225,0.24231650214331305,0.3535493944472043,0.23622841916021775,0.4245899472159047
0.3021806989560332,0.0,0.2897210597432685,0.2942064096642054,0.2732671614749409,0.3892238543222765,0.27538889669140715,0.3377967373480034,0.2733445046415108,0.42255799269845823,0.27105326218093373,0.2920476663547608,0.3172434555899638,0.3064970718304751,0.33151511860307514,0.27293868473479016,0.29974770510739596,0.2860859770168181,0.273582349931976,0.30581662187076614,0.3098553251017304,0.35689350691030197,0.24773348359039313,0.28878835872513836,0.3329248914486652,0.22045078157020356,0.23297233353516777,0.24203889746038454,0.33481493449460786,0.22166839277247502,0.3338184177772478,0.29434692745764385,0.336879593350205,0.22399864279440598,0.33483497101424264,0.3103208246214653,0.28548139458473326,0.2821357509876882,0.28264135239822674,0.3099955970621781,0.3314675990700573,0.3109781456743592,0.24015055030180962,0.2935767545392904,0.3284924533513419,0.27376303120514656,0.26434554329468773,0.2775044719427822,0.27565180131925077,0.3044092055014655,0.29714036979770336,0.27193355083045556,0.314725334835582,0.36536822212026526,0.2897501722918708,0.32912650393820875,0.2871442566790502,0.2802522931981699,0.3339849763487088,0.3200210680863773,0.3283756067421077,0.2258469923003901,0.24178327436842978,0.2350811092978348,0.27304089764336975,0.25306077522049764,0.2996334878159774,0.2668907121261174,0.2396028031514033,0.29304539563190096,0.27827635340200985,0.3118163408063062,0.2510171551151434,0.32190478745314466,0.3239122092996267,0.24315071145647882,0.23154716253553737,0.3246318344065505,0.24132259663718866,0.24310074130079762,0.2733048506356898,0.2916305543954372,0.3627806010559762,0.26470825205238213,0.2821479817062522,0.34590538063630094,0.260612975943806,0.26298606991097107,0.26971433162703656,0.29562429691174913,0.2702753453884666,0.3214722234724678,0.323481424447395,0.257901380783314,0.30782235906414845,0.3396495708414816,0.23123201601235385,0.28294279586192234,0.23036784523533196,0.32544960788740546,0.2802865440647075,0.22311143596260852,0.2183936384037546,0.27171096730305744,0.27524574916848743,0.2716559133315329,0.2784777541200398,0.3453699175483338,0.32587392852681907,0.3679857006044824,0.25507632682550646,0.25754128048794955,0.3159791511239127,0.2664530959377732,0.29360222968857536,0.3635925262438497,0.28834736081636714,0.22792273183696696,0.291394971479106,0.24887012716587803,0.2897300449280023,0.23728399225914495,0.2830175664164044,0.31919161539664465,0.2786503084943858,0.32744712970573736,0.2761601010670691,0.2870289500170913,0.33501546184682973,0.2810209161341553,0.30264618999699777,0.2647478006451369,0.2375320778301886,0.29578299393874896,0.29951303501788284,0.26466326038506355,0.2776430349327369,0.32390402949889285,0.2910945012529715,0.28415918817389313,0.273000159747434,0.31265109192966534,0.38500116608204227,0.268018866592549,0.30428873519620114,0.26100849289337524,0.3058588767577616,0.31036302072258154,0.35257752371370893,0.20911479017232135,0.2513284941512855,0.32224246743428386,0.2610297361003374,0.3137648033491635,0.3086970235866598,0.31340153689265887,0.25358889699800363,0.33013629342473017,0.28046893912298204,0.23658527701834955,0.2747090833303533,0.33674076863898644,0.2417169541573649,0.2883222187871733
0.2653745223822326,0.2897210597432685,0.0,0.24096794723574552,0.2768207575968506,0.311690577822646,0.20856430743786883,0.2843189458794425,0.2521569082261201,0.30888393358461813,0.2905016899052421,0.25579963434666514,0.299686437472937,0.23698288726098535,0.264633712042592,0.3161861885298716,0.2849812534779027,0.2640522027073763,0.21864917820574645,0.24121613466006728,0.31672163359141725,0.41117831790849607,0.19582949988047246,0.24726355420403362,0.26145925133505643,0.25523835856509575,0.21378885229229241,0.21513770166221874,0.23991589244081685,0.22577478913868856,0.23821067341978536,0.2581366667968991,0.24724748709071043,0.18225173999181035,0.23676605283221405,0.282871294043876,0.27217366713944324,0.2896949518986867,0.23653291606208338,0.2500708096091126,0.2779902365419779,0.282480674621976,0.24424632860156534,0.2594120451030851,0.2645409495838042,0.24402716217596362,0.25912813077730057,0.2906573758782862,0.2247680920706763,0.276453478560407,0.2674857453873894,0.27750410911832063,0.20226256131975856,0.2866246734332688,0.2453596861948147,0.24442501746691336,0.2385098966035005,0.2977230746405532,0.24378029956427408,0.24058545771315415,0.24991168619515064,0.22108149656544174,0.28148335726258805,0.23082937639516585,0.2217507402266872,0.22950591118886393,0.24328876250512232,0.3057067961524298,0.28542907547979807,0.2821586844892387,0.3042914860079967,0.21512997861613792,0.2542680083844141,0.3322568024675852,0.30142530578003085,0.18034921166906273,0.22854843292286248,0.25404805373632966,0.2223987371714287,0.19119788487668407,0.27254093202640894,0.27937801382649075,0.27896380981214347,0.2728860387402054,0.23475317586959768,0.33386273691612844,0.22671913635772087,0.21765440811543785,0.22249583247329027,0.23264573536788974,0.2876653858456934,0.2171002968790925,0.2580127727840958,0.1917288589680037,0.2543212520354285,0.27771777918843465,0.2173493926668244,0.24380885432146102,0.20134957906643275,0.2442628296460204,0.19969599106835279,0.21829267595622176,0.21010920890053297,0.27590713138769596,0.2568979638824359,0.29060899855125083,0.25330546698043677,0.25936272247487524,0.24991047883696602,0.2892870688222131,0.22632598820015817,0.2360982744247653,0.2631439677113644,0.23260048358368518,0.22736537898217993,0.28534334070532424,0.19844864113092592,0.2462605636701727,0.289904065630139,0.2372765615231517,0.26371645983953795,0.22351020567369373,0.22206018848933526,0.2567808103973112,0.20782291816773937,0.2798494306559922,0.24124331092187307,0.2503442899119679,0.273739897011745,0.26917744251915254,0.2558958587414714,0.37217713656779106,0.19420550862701455,0.23319450776766912,0.2837341577697733,0.22536435181807177,0.21477359092972628,0.2373992766983001,0.2578612259627106,0.250023568757746,0.22244731997173992,0.25001698120183896,0.24532104944411723,0.2746472843478148,0.2634727439894917,0.21826557783731418,0.34042345158623294,0.2507751516737166,0.30889661399737917,0.2088986853111013,0.2131575812344256,0.20016275016473123,0.24664676108735312,0.30189942899050026,0.27803103551646524,0.264460298316346,0.24273681036438138,0.3039021484468109,0.1877574212219379,0.20379145349898617,0.25601223161518255,0.20898117161347318,0.2240525095912751,0.27695329749554576
0.2925623953073263,0.2942064096642054,0.24096794723574552,0.0,0.25666764416949267,0.28189004988077876,0.2907726945254862,0.26991318341901294,0.24273414451872194,0.2805926650112402,0.30627052597232185,0.2727421915002563,0.30554538502536494,0.27108738365204227,0.35204422145639436,0.26379005209048906,0.28400506458788255,0.2952077048712639,0.2636073912311116,0.2713552694933089,0.30701981053245586,0.27604771541740514,0.2475246474353728,0.2662055276640881,0.3008502407010867,0.2673552842293875,0.26355866206256984,0.2479061352470878,0.2625071587846417,0.20507903212657555,0.30417542806086534,0.26368984675651985,0.3868811507467089,0.24000676534367651,0.29771223343316827,0.30121652114524844,0.31541141276801454,0.281065076432803,0.2948007713646735,0.333378083914784,0.2946318524624415,0.25993897838932867,0.261863771746827,0.3165987398650351,0.2948635333736561,0.2973343583323297,0.1916641813371418,0.2907299133333317,0.2745287470885052,0.29176589194902847,0.38549667577208835,0.27187926292578474,0.2655203212076474,0.3951194619276285,0.3070647847127106,0.23789735630023207,0.3171792619246881,0.2888205899728477,0.3147346866397705,0.3275383291923964,0.34563789938157274,0.232136558830868,0.26785783376879824,0.20778446438007786,0.2783338333118321,0.2938266651475176,0.37824429917605346,0.24681169808505507,0.24678209004880952,0.2874092760763235,0.2784156758481777,0.26994805303573416,0.2753685932428819,0.41422631066686094,0.29270538643686195,0.2259265487340315,0.30550783207521287,0.30214481160353157,0.25103985043613586,0.22109053069782655,0.24231276998512294,0.3301624510500091,0.26514647672864894,0.25507337179199685,0.307289514293941,0.2738873031643901,0.3050181264411256,0.3270947582914275,0.2750280095576132,0.2585634236129888,0.31225783415392866,0.28939463218672606,0.2811997530906774,0.2552392602710136,0.30731872088110995,0.2685889140930343,0.21981805786610312,0.24343697560365307,0.22084360653156732,0.32660103373079763,0.29135373622856187,0.2673857534351589,0.30554626022977494,0.2406942295672562,0.2861980409879099,0.25254591091141043,0.30001187238631005,0.2541605381189815,0.291935030080996,0.2753997590482564,0.31409533523174854,0.2807651509485846,0.3580620378352046,0.3118775938237586,0.28746603406266896,0.2745437183436904,0.2678464725157746,0.2210425019984446,0.2769899426498997,0.2516720090276146,0.27428348444270856,0.28309126286418146,0.2538060810478303,0.30859721502222115,0.2410494244588687,0.2896378585989124,0.2715800842566428,0.26787147207728484,0.2709143509069873,0.29690317416542833,0.21527247264876218,0.2714409824668911,0.29152292147638975,0.29455188816848066,0.30514961913241345,0.22865302285101197,0.20788098068198607,0.30933641032257525,0.287940672744081,0.3274682997483759,0.33610445292829194,0.26410418244253697,0.3583816591383699,0.27362998251247345,0.2922721191748106,0.2591763036894556,0.27008149521220715,0.2678009863750232,0.23670966904798865,0.1764727353216992,0.33369780946311,0.28726578511179196,0.2964516032217069,0.2337245461438995,0.3014489467617716,0.32200500719825303,0.26717252622911036,0.30845386760288884,0.3673615890130659,0.26177549242871134,0.2470155753247813,0.2829848954944824,0.2532636035044251,0.3205810321364753
0.2884579518426161,0.2732671614749409,0.2768207575968506,0.25666764416949267,0.0,0.257043720426157,0.27915236908261415,0.2374143854361654,0.2581161321982644,0.2771602214828398,0.29488106452951557,0.23480121163259823,0.26509141354760624,0.2703129364446199,0.2750752775738331,0.2887520907121479,0.2980930038954928,0.29941604599022953,0.21077417792626843,0.25136532092010055,0.317356975413341,0.3065111082661572,0.2471037011791379,0.265650466253505,0.26904200066563594,0.25363074130788943,0.23394839149120752,0.21587631506207375,0.2365146836226335,0.249519896089853,0.25979314324878244,0.235266699122357,0.2429027326306839,0.2076559220229368,0.32589036210145034,0.26410874240624566,0.2880479233916328,0.27581626520348734,0.24428496469517036,0.2758201485711705,0.25575843599541126,0.35663894559000003,0.2563999290993732,0.324679332868044,0.23456036040352166,0.23752351682714598,0.2557453372094505,0.306230414855035,0.2793498738262162,0.2744652656444353,0.2814431154526647,0.252205401956666,0.23378389949186498,0.25864435344614545,0.23756807032169852,0.2511975625445893,0.2436780294465724,0.31969467730613976,0.26950909081383384,0.23899500178771643,0.21818535000171604,0.2060603139198517,0.24167275833951826,0.2375320607369966,0.25151355970476025,0.21480500197468874,0.2634074379282154,0.27502419123930777,0.2420559089718383,0.2940927196691277,0.2713801969967118,0.2600331613245693,0.2588450496819152,0.2877385122228053,0.26046791331497177,0.20655258678046218,0.24093709219722137,0.39011478423963847,0.21525775358302565,0.23167828323120968,0.2629526469860592,0.27215572754093537,0.3134716727087045,0.2202472024861123,0.2640108786599498,0.25604010194503507,0.26107157171197,0.2425244946280965,0.22254641821324403,0.23930427583357744,0.39527626688780254,0.28455727536220565,0.2894925204095606,0.20152530135086155,0.289237228308025,0.25252049272375254,0.17800134829476394,0.2342674514134066,0.23412702579886235,0.23924016572210025,0.23557329691256762,0.21211391902498825,0.24261512959900908,0.22450243712319404,0.2435611135101249,0.2584757995430071,0.2283543347030159,0.3107043922278705,0.28813242808383815,0.2877590755991858,0.262141980241625,0.27755003444304205,0.26856878602434237,0.29629319756178363,0.23404426715130644,0.2840152029527838,0.2302351578332124,0.23074488039039318,0.25546242556838544,0.26891590973981383,0.3529104079427891,0.22000055925438075,0.2415497321669762,0.30612900698495177,0.24906986005473214,0.23493666098610466,0.2331552930473868,0.24827506816207173,0.24206087636340576,0.2501969862045444,0.2585538866392733,0.2675758165931768,0.2118757087578713,0.2683958127092419,0.25495702539993537,0.2537500998738727,0.23009285911764205,0.30222353996572093,0.25883686480491286,0.2785727360301525,0.21843642503877622,0.296309917639694,0.29589915116861826,0.2555555274297574,0.31445284870211354,0.2643383157351284,0.28353334686140996,0.2665328653427083,0.2605425176233474,0.1990087751256694,0.23641046671685073,0.24366952069141667,0.27123669382039006,0.26461914343031856,0.29721438201185424,0.28896313957246017,0.21943055927423322,0.3257680887302462,0.237907555266997,0.2266518297749601,0.23310010427336428,0.2623675694264376,0.2435597869856828,0.3758434539802156
0.2998479116651681,0.3892238543222765,0.311690577822646,0.28189004988077876,0.257043720426157,0.0,0.23531455319184535,0.32752593616562603,0.2880829229591644,0.2903686459926484,0.27872307103470245,0.3147312827392456,0.32929745044563186,0.24324421656484915,0.3240547809649859,0.31109588509207026,0.28840748581033443,0.2436206653206956,0.2828836106023451,0.2905015034582438,0.34386188102044024,0.34480318910080043,0.19169866922060055,0.23911528983730085,0.3083275587575548,0.23131112879887605,0.20928939771795887,0.2168283418426305,0.2600723631592981,0.2378906714065272,0.3293191873011834,0.3501902983394566,0.35349989390119607,0.21355613231045634,0.2789176231410698,0.29481924699674567,0.2937058710201122,0.2804056672947521,0.27841962125294917,0.2447238194304805,0.2991932411143108,0.30045953566350514,0.2752533318266654,0.3307288553759487,0.28401390831629736,0.26111420994991535,0.25270023913269635,0.2936043055114688,0.22031355753809398,0.3297804933277862,0.31819978243888475,0.3181988783870768,0.25432608588683153,0.3567661070344655,0.2700039258356491,0.29634633310355596,0.28509166053302704,0.3723264944375638,0.2463222207621407,0.2721735331461973,0.31731708948510295,0.27050954145685013,0.31501341286558826,0.2053905872735737,0.26697366765223396,0.2643561364869628,0.27115258251457125,0.3061507208323063,0.2364198219220037,0.2885489727361206,0.32128060068176884,0.24042779299424624,0.26151199862566277,0.3181842527481908,0.3650695192613524,0.21939071842973987,0.24392928424978016,0.273774493881342,0.24353793749139235,0.252974039845747,0.3051664487649266,0.3134316027813318,0.32411907025804976,0.27977145527171116,0.2828953723090563,0.31069221533908903,0.2890609155508291,0.26568047877208295,0.27468922876864005,0.26657800379917534,0.30419890746493533,0.3260787711969983,0.3082284752862328,0.2342776560987013,0.26395165127929465,0.3443671799433722,0.25985658551019897,0.28220559101114395,0.21630887576516908,0.2835832667100021,0.2375688403248648,0.23468981125299276,0.24329861180706716,0.25393790188921855,0.313849740703926,0.32278204776976355,0.3119017500330753,0.27543079971697726,0.2680785312163198,0.3012489589984457,0.271178417381121,0.24985022329023662,0.3539415160085107,0.27363191312798024,0.26987303752188857,0.3049994243968456,0.26514958856911425,0.2217608831473548,0.31176995294613197,0.24215829683864082,0.2748248047833155,0.2623022373831685,0.26546797119092747,0.31118113665289815,0.2608051128748087,0.32074336938785575,0.2834177144362028,0.2723219985346405,0.29025204724350623,0.254073826631111,0.2855234680841779,0.36503601112367995,0.2330828218084975,0.2904985695342953,0.2959403329983302,0.24956321217410882,0.26163307363006405,0.25777422668632394,0.2468528020224685,0.2833760185488034,0.27956598149376427,0.32282774680196646,0.29645029971451725,0.27898596466027903,0.29959499223457375,0.2616250109125136,0.34931511848936275,0.29838302387261223,0.30402969458167917,0.20198546776275825,0.2562630256144752,0.27600252500909683,0.23406035196106648,0.2618360293631184,0.3449188976039577,0.29546509730142073,0.24124139924372887,0.34374550336730764,0.23107575208953773,0.2477534322816178,0.22800231829825254,0.29135812617708734,0.22816671217250126,0.27766173874021344
0.2576185770458914,0.27538889669140715,0.20856430743786883,0.2907726945254862,0.27915236908261415,0.23531455319184535,0.0,0.20892586512911826,0.21220045892466116,0.27163818336402706,0.2744292412700389,0.28888111753468215,0.26618269643263964,0.2379630951345873,0.3287245831670229,0.23026911846837986,0.24292244406248178,0.24885701158666476,0.2665059721129466,0.21695578454839112,0.2508617278099115,0.25712719895964015,0.3561278998157214,0.3125119057286928,0.2900599263643725,0.2266278685493811,0.2570153244499729,0.24196019460032228,0.2604699598465326,0.25936749834191397,0.26862185368236347,0.26589502779189134,0.2699709335335894,0.2749747618665876,0.2521474256782085,0.22292378902795598,0.31169551408757257,0.2113779815698885,0.2705746755885119,0.31729640795641123,0.2587087489918764,0.2672059737195723,0.2346135788692925,0.28538476058287504,0.24989445351285472,0.2519234735204076,0.22811887796602845,0.24818730772524128,0.391431084173968,0.21901470670988646,0.2992487481365597,0.21909043031566108,0.2178280144581532,0.27894896758144366,0.29414231151276155,0.24968191387259323,0.24545855030943373,0.2400835875473031,0.2831491053618559,0.25181197062993205,0.22110757687716479,0.1946570919121678,0.19542946476181788,0.1981751991285145,0.223232407091681,0.20261525620632934,0.28241008825866887,0.26127917160882885,0.19589126362218515,0.22871177090445854,0.24602900606097328,0.23037685091893678,0.20525137615494649,0.2900217694327403,0.19708467780250535,0.2658399097473876,0.33168497769025246,0.3297043435125975,0.19661818689772123,0.24288748497475868,0.2339570811718482,0.2458306438571675,0.28194215868594363,0.18645679342306276,0.22321971292734483,0.22617623304648046,0.224372107143748,0.2493484080349675,0.25490479725721366,0.23633545313940543,0.26583122619563465,0.3041959902044766,0.2890214211947151,0.2519982217831566,0.2481853077506611,0.2718887646819556,0.17143379583295182,0.24377874844570652,0.20396608170323288,0.2668490988432903,0.26763394960389036,0.23266970354120395,0.23857482857113746,0.22359572913030223,0.20003791391759396,0.22920487421808494,0.21595130706385568,0.25113246782768855,0.29516388835691504,0.30091000782110466,0.35824221999280526,0.2233608386455053,0.23947278826729135,0.22262069287741035,0.21502089740337457,0.2500595527868875,0.24740943306650043,0.26701234844408833,0.23093694899345982,0.20882399424963852,0.24619697294803114,0.20585783242290975,0.2159933772161819,0.34824706771911595,0.22131078273804042,0.28414726855895317,0.20694771539051443,0.2597528922103147,0.21893737600316449,0.23747250845306095,0.2043435260038717,0.19971554591773968,0.22444388876513283,0.2201512238118939,0.2226364100749061,0.236921888602753,0.2379359829668685,0.28107082394809063,0.23300984450404394,0.2890231522658128,0.23936054438791401,0.23283839240172247,0.2928192064588432,0.21243743843770382,0.2671387687924904,0.2547122037301835,0.2432660161540978,0.2811105541244312,0.22445719590849705,0.16145115088198952,0.25509060875674044,0.266462149423164,0.24864073804961603,0.2659760102832146,0.2875721934639886,0.2754037152804708,0.29662969370368714,0.31066099982990103,0.3044056745202621,0.2857733501462095,0.23299651363348384,0.24585018076965534,0.23722406301346413,0.28347841379335886
0.2999773985924821,0.3377967373480034,0.2843189458794425,0.26991318341901294,0.2374143854361654,0.32752593616562603,0.20892586512911826,0.0,0.30102477324686616,0.30206475994341464,0.2634002892973847,0.27111181430871156,0.33739456431032866,0.25205884110021626,0.2842099351448012,0.2986713330941864,0.28179961846170504,0.27084764096867786,0.24832018709097442,0.30157029806110763,0.3176605940623555,0.283990403632804,0.2136189561430269,0.23770655620573922,0.3113145243192129,0.24467187067992321,0.2477529080924505,0.2402806114725617,0.21577819031768508,0.22518635123278574,0.3654639533630879,0.28642763369206026,0.293806169694681,0.22056971625382896,0.3018940855890715,0.3230036587712342,0.3261432269346243,0.32272669043989366,0.26826226469616693,0.26414069780363003,0.2797153732134567,0.27245577051457726,0.28687151077870565,0.27896472668451044,0.3811921057439569,0.27954092406269776,0.23937583886318303,0.2833884878090459,0.24724453639531016,0.31411907649035886,0.28369036576235396,0.2576648030432253,0.2380161508265106,0.2825182748169517,0.2584038629290262,0.2701573438015749,0.27283117226566767,0.34308971810249556,0.2795817080246387,0.2807731336261675,0.3949492149426984,0.22789203666630808,0.29231945007900734,0.23087490397333146,0.2439359134425849,0.2650184589550243,0.293555179550024,0.27553458983428986,0.2826848392688335,0.43799924099291804,0.2932966470283893,0.27251353088730135,0.2718003907107146,0.328377213239893,0.363541374194744,0.22084586274510432,0.25691550773548466,0.24859469906676346,0.30166864294117224,0.19874732418987187,0.24847957727130188,0.29578632783869335,0.30110109685143316,0.31920939814343957,0.30164724801606824,0.3782882821354225,0.40827117550849434,0.2778121955840351,0.29989567515656984,0.28095640783431886,0.277978711663546,0.27889195887509177,0.26837817576030465,0.22740618943989233,0.28312910326452173,0.2986656406879104,0.25950404748303696,0.277324572881322,0.2084954484141368,0.31049576034460397,0.24322113436108728,0.30412355461998003,0.2519781487186743,0.2707166010265823,0.3321730573186666,0.3103983652238224,0.3059853991446613,0.3171695148020168,0.2751007498383647,0.28564415186942005,0.23507238101137098,0.27371180624054164,0.3312938661445744,0.2826813060645028,0.27752073875006544,0.29682622083039384,0.2637720208020243,0.22060385913746916,0.2559036165044672,0.23748403384385106,0.26472861926334545,0.33467434460460027,0.25579568070413716,0.2716759240237495,0.24349979333998023,0.26976663173495596,0.25065472901839153,0.3178277046528345,0.2902140467758047,0.27315906473056883,0.2983797866398138,0.29221074615948084,0.2732533737259072,0.2586123726541563,0.32692411100405977,0.22379390948242445,0.2539046968706071,0.27409860264578967,0.2886715475461804,0.3069493391452729,0.2684329992263767,0.26612556415670297,0.30534822758712976,0.2703680993478884,0.31277999901872944,0.27713810535129185,0.3104852398816601,0.2634343559860316,0.33136720220333105,0.19452938000531528,0.30724789500150484,0.25797149115683016,0.25288814209441307,0.26371443658804944,0.3366435618744194,0.35571644882109243,0.2359518336026818,0.3228931244872873,0.22413041935219444,0.22318442854805146,0.2388565099245857,0.27961897856001255,0.23261278552765582,0.26815440451315226
0.3243723287334396,0.2733445046415108,0.2521569082261201,0.24273414451872194,0.2581161321982644,0.2880829229591644,0.21220045892466116,0.30102477324686616,0.0,0.24528751685976669,0.23037456669868817,0.2311931577890515,0.26475846770087413,0.3079600311392737,0.25531132371405224,0.25524574820875673,0.251020003854426,0.2926480365634386,0.21421797294357864,0.28113717903701796,0.262701958824963,0.3310212855681677,0.19902512964512803,0.20599110823020528,0.26086255661620555,0.22861626971044316,0.25286115989690056,0.2220466482422596,0.20157182753376351,0.2787308199613881,0.3126551704846879,0.2571786217853145,0.25563674950968746,0.19482078176838336,0.29960613099172406,0.2664264989854491,0.25940496076813063,0.3486868783862508,0.22957944376512596,0.23373854578436826,0.23502453693581776,0.35047549757532037,0.23505476420978244,0.2534444427210773,0.2642897094456379,0.2500531393451291,0.2358914198650656,0.22612755436346216,0.22025223111686423,0.29027089820708746,0.257104361134706,0.24549308462372346,0.2594527214378163,0.24337706441494555,0.21465353584655117,0.34908573944500604,0.2637204425717832,0.28278684695148126,0.2469047970763135,0.24100579056656352,0.24601787682049986,0.2799388045098149,0.2535597664180471,0.2370206488256564,0.2789824937464864,0.2506491272448109,0.305733978730353,0.29880239261372604,0.2674592850793112,0.30145773272144055,0.3316670395891582,0.2660071988655989,0.34391772465664316,0.26096690595178934,0.31373079610368904,0.226094355039474,0.20855749095184103,0.22453005263463327,0.2614477995350712,0.21965372465095392,0.25347220820434646,0.39167348929498497,0.31803562659604073,0.2584949775835784,0.3112527844729818,0.33429596640325193,0.2900852121152055,0.3023262868450366,0.26341266240892064,0.37496920733323164,0.32606074204191443,0.3341344203573135,0.24065778745235472,0.22195156266338784,0.35986211010037683,0.30190432779536824,0.2568523165757578,0.26312690032298686,0.2814697218222085,0.26010376096694954,0.2558123662736062,0.2123023792203795,0.27764023155656725,0.23509764065991529,0.34481850579028883,0.2737672617477529,0.2347200866082774,0.2755511703921953,0.23857014159974022,0.22893476989216896,0.20468961576346917,0.3196960010216022,0.3427011088090691,0.35292070536617115,0.25254274926435727,0.2854332460200703,0.2437707747038408,0.21085277528721053,0.2165303387204337,0.30701878029053625,0.28340424191920344,0.2836628879379654,0.27029301315257936,0.25848499271807696,0.37090998526312774,0.21767832203270762,0.30360381480600546,0.23328689945565803,0.22836030472021182,0.27482875643805815,0.40775545037952843,0.3065771434567211,0.25760274024594904,0.3519824251466879,0.2577737826779957,0.2532731850184663,0.23217924558400213,0.25302619214803096,0.25105548821842016,0.2941088064153984,0.2487949229394772,0.2860785948696672,0.32334603246311266,0.3321645097950524,0.2749260246766423,0.2877939062102997,0.3600973660997725,0.24403644884958767,0.2798659976984764,0.2083260655182731,0.2828515877574055,0.2494365852086583,0.24704968792252502,0.25778558881047237,0.2694984107677422,0.3180468818568019,0.22035220748247575,0.2766408728838485,0.2486608212909074,0.23674021993304864,0.21618976867179387,0.3053195406283227,0.30220272202371995,0.29412735356766845
0.30557992140710816,0.42255799269845823,0.30888393358461813,0.2805926650112402,0.2771602214828398,0.2903686459926484,0.27163818336402706,0.30206475994341464,0.24528751685976669,0.0,0.26370110337576297,0.27116055680201706,0.31262153994366554,0.2724425025838882,0.303866245354987,0.2771067438881098,0.2902255173265003,0.3199131339593571,0.25475650410446404,0.27756989755999545,0.2781810525321226,0.2892260281621108,0.27221392851081416,0.26325449348123664,0.38911867153297186,0.21261690251216295,0.2446610172799391,0.2392909722757013,0.3542873469218909,0.2310450975862183,0.32543436914230794,0.2890934153885373,0.2511463826731022,0.21701842780740888,0.30512971516597825,0.26891250962806185,0.3141849227931251,0.2608173209502562,0.24020555126790846,0.2993005735636488,0.25320207825244717,0.2884390201202305,0.2565441168596112,0.267219822065643,0.28882447755815993,0.269722317920256,0.24184869958070748,0.28164950209976564,0.3100957195961332,0.25146152982422515,0.28636995153815487,0.23076903387678774,0.24661710361557865,0.2980149265587436,0.2910736054607714,0.2811124207198174,0.26206656776693044,0.26120934533810725,0.34302393016697574,0.2767127154981322,0.29320666527314065,0.20747782518628946,0.21894787658177053,0.22090541530627297,0.24687868603209592,0.23542668919066598,0.2682417637244657,0.2669222286847748,0.25951674667923147,0.3138239405515338,0.24938778345935061,0.2975784734812965,0.22882202521957368,0.32117651685691834,0.2697714382064637,0.2495150470179459,0.23010016513584933,0.32365500655187046,0.2226699379315585,0.23408521651477948,0.26296127283333376,0.26055499803412946,0.34086717871018013,0.2528143712656449,0.26092516556192735,0.2898781135019359,0.2619753859379632,0.2844623433290231,0.2859606014837731,0.2414468867608226,0.2655682052911027,0.2755459393962558,0.306203889869504,0.22437188186680126,0.2813095682602858,0.31088455188492103,0.18820635563455057,0.2572449299466068,0.21692566367896288,0.3034136652087532,0.2687565212849338,0.23921220378711264,0.23035686311016215,0.31128755861702345,0.24615433319376728,0.25214574718913124,0.2559429495524321,0.3443623508298883,0.29755318933717145,0.33926420960019427,0.24600297148264405,0.24092982333049143,0.2862247483352157,0.2703587422978861,0.24975930748139802,0.2987792626172581,0.27949484265152896,0.2852660917836995,0.26754315256708583,0.24232453385254887,0.2552912301782167,0.22815486357553488,0.23491505280922012,0.3080406147636256,0.24093386819005538,0.33554007779145334,0.2373210035448543,0.26050135099163885,0.30472483238350845,0.26879537573269446,0.2931105088560499,0.2383785990429484,0.24116263902363308,0.23120348954699274,0.26424927160986345,0.23434533110561842,0.2704755558578414,0.2919643595596388,0.2919337166159637,0.30151542158762557,0.2587557057892737,0.2840163974314349,0.3378211100240053,0.2332407314186742,0.28524703089950565,0.2630598555747614,0.24378092611143656,0.32353133316953864,0.40194946549433186,0.19193408439409287,0.24561296568720983,0.3168548053515042,0.2493862654064181,0.29583200421821254,0.3004872951345297,0.3027331372359214,0.237144824370825,0.3378854058126095,0.2700389205934412,0.24668998394591918,0.28690854035863184,0.31718079007896677,0.2457698476537101,0.2818596758611471
0.3060278048319711,0.27105326218093373,0.2905016899052421,0.30627052597232185,0.29488106452951557,0.27872307103470245,0.2744292412700389,0.2634002892973847,0.23037456669868817,0.26370110337576297,0.0,0.3479800212913026,0.3410189772852897,0.2319035674792364,0.286315152541064,0.382944431506925,0.34150497528819257,0.292624880415394,0.2886978732107661,0.26079661918366204,0.30918890120535136,0.32206509965562213,0.2608284543165429,0.29055098166858745,0.32098448296410803,0.2639792164672799,0.30237804669524515,0.2898580974024389,0.27191788725802873,0.2792469012638641,0.2775163971817515,0.33136022645979213,0.2518624945115705,0.23962359325775803,0.27308232517517883,0.28789766942472234,0.3516898464214616,0.276873609069365,0.3577327150119506,0.2983235929128639,0.2537881565640962,0.27362793473772057,0.27690664013755917,0.3046811155755858,0.2741729665086733,0.2651988490042998,0.1914904460448677,0.37015919177290774,0.31124265811035123,0.264727918087361,0.3428893365116783,0.233985565746281,0.21122024912001644,0.33144053078007696,0.37739143474557707,0.20150647730947074,0.3074365724783116,0.38062979096513777,0.27247225292953436,0.2942221734337583,0.2913379942645224,0.19283393183180983,0.26706400994020446,0.21442165417322132,0.20936305195387941,0.23625471537687628,0.2780514898391036,0.23873786516870701,0.2725929453753917,0.29591813297114294,0.25915941314287094,0.22925177769544045,0.2559248061930544,0.37423282419190995,0.3137465136129932,0.22501978300460987,0.3499511749021876,0.30046831060381196,0.22547978012729464,0.22361329595126717,0.22936332295188355,0.2403535320915344,0.26262486962428017,0.24799576550330563,0.24813293680668835,0.2515446371094361,0.26904835498349083,0.2637262179659334,0.264928168920032,0.22263515227857564,0.35174483506379817,0.21513133100731405,0.3781320265051139,0.2496597502701819,0.24281792413894807,0.2512818119052475,0.18885999086777247,0.20396077549966166,0.1898740886470316,0.2631320774600472,0.2603746603391478,0.2856019733565718,0.23049641007685295,0.21001929921282628,0.25409163128583945,0.24188404602900762,0.2659628596046866,0.2693001982038661,0.25637112827911057,0.31303196936795263,0.3616027892458067,0.24773477174075556,0.26561221530727297,0.28527019392824143,0.2507347421603411,0.2848444125869957,0.24409148980548495,0.29302334453473206,0.2667154707826086,0.2230262920094975,0.27961128157945253,0.2149434797681386,0.22604620537303402,0.32672232087876474,0.20689207705624008,0.3284652084363641,0.20541400741773042,0.28630074363159397,0.2566592653118968,0.23700356911783785,0.21669196369279398,0.2818891284501617,0.27895286879008546,0.24528494078754487,0.3174524129970009,0.20997862999244735,0.24174379226701181,0.2594210469883985,0.2778259576323149,0.31438423025017176,0.2386203689314093,0.26693567610205704,0.25109784646019845,0.24307265600202316,0.3141252631279959,0.22527364369090924,0.2508487894031239,0.2591404581682904,0.24472189968777264,0.20301196737021823,0.3292077005407937,0.2424752813049754,0.39198985762860045,0.23840133051041576,0.2814976514484948,0.27597201223303985,0.2870973393910911,0.30093766473180833,0.2483873290523929,0.26072317702577374,0.20924345714823445,0.24650243455556214,0.2004774868745605,0.37579761622452834
0.2841227438460025,0.2920476663547608,0.25579963434666514,0.2727421915002563,0.23480121163259823,0.3147312827392456,0.28888111753468215,0.27111181430871156,0.2311931577890515,0.27116055680201706,0.3479800212913026,0.0,0.2743237787547625,0.1837719273318104,0.27436282673208945,0.30337096783275397,0.27931587081784,0.22963737985502247,0.32977015853873737,0.2649010565922609,0.3143786888095766,0.26531284264548105,0.246915302750617,0.30382172055507967,0.36732043528043673,0.2302979155297497,0.2555762359930658,0.23670522387897933,0.24547266093186307,0.27512711131427875,0.31078069617808174,0.3166054388237568,0.25188466817573546,0.2782209684697117,0.2482160282351087,0.26460939903227837,0.32012878371145986,0.24065660767630354,0.35062781480418237,0.2722590185925834,0.26034439985456975,0.25687052018539247,0.26124723550294526,0.30268279527662584,0.27352240238391123,0.26973177075616367,0.22916180611283343,0.3134190958806352,0.28151738140587695,0.25556355718001234,0.3190812395739735,0.2563675318242152,0.19836427894625955,0.31489748234112497,0.3478638459474096,0.22949603264915502,0.3053499560946544,0.34259547277163155,0.22503313085695148,0.26940991595274005,0.2479714334538139,0.18950003711783547,0.24122084555014336,0.1964618037724346,0.20820390195948424,0.23536509503166975,0.2429278525904725,0.22392956164171868,0.2018008203499903,0.24087818730643143,0.23767152517087203,0.2085307758020618,0.22028991559142158,0.29533219038912795,0.25635544151626577,0.2277209526834531,0.2752703256030633,0.28542702020099675,0.21745133830726565,0.21798976494930228,0.21989461188194045,0.24730432483652473,0.2737982801574412,0.2099978188737631,0.2528076281509942,0.26521999361344484,0.24279433650804153,0.2450939131707017,0.29572404719411466,0.2460000788489953,0.27218173471647433,0.2533791034004524,0.3064233692044197,0.2577511383959575,0.21359396661601057,0.3199984823445957,0.18701441599017643,0.25392476757221094,0.1800693939314688,0.2613638509993594,0.2310250462348981,0.2564800340893498,0.24890960670203865,0.26815084214471196,0.22693881935290386,0.2557092753387239,0.27786790880242085,0.2593259030796324,0.24947996015863874,0.3509733534739598,0.41409930322841015,0.25145189753607033,0.24995450184358511,0.24658921072349427,0.23324859964460032,0.2753222692967602,0.2566321388398913,0.2985425267642086,0.2730441713837284,0.19667097395546335,0.23263609596034723,0.2126090513738988,0.2267190633562059,0.31115329420106297,0.1934464828354822,0.3550450061879545,0.2025823612569472,0.2859242147883204,0.2766107981671862,0.21346446562264354,0.21747604015405786,0.23828008814343435,0.22727987011247466,0.23768671068162303,0.28327560809017244,0.1953285408005263,0.2877070774503256,0.24867771872393402,0.24457716613216332,0.30808054500229337,0.2112150678417189,0.23517815461906139,0.2623937581838225,0.22749617444517697,0.29016465959639387,0.27783987007315225,0.29699893946800704,0.24520882500499327,0.28783952242272004,0.18718117277900034,0.30866636699187094,0.241766188393046,0.2876465973223925,0.24695246580525756,0.3487376339413727,0.25174741538263345,0.2587753717804012,0.32993284720104493,0.2259702724358639,0.24427941672304943,0.18407403718919832,0.2344307707237214,0.1974578751061963,0.2905032605968853
