0,1,2,3,4,5,6,7,8,9,10,11,12,13,14,15,16,17,18,19,20,21,22,23,24,25,26,27,28,29,30,31,32,33,34,35,36,37,38,39,40,41,42,43,44,45,46,47,48,49,50,51,52,53,54,55,56,57,58,59,60,61,62,63,64,65,66,67,68,69,70,71,72,73,74,75,76,77,78,79,80,81,82,83,84,85,86,87,88,89,90,91,92,93,94,95,96,97,98,99,100,101,102,103,104,105,106,107,108,109,110,111,112,113,114,115,116,117,118,119,120,121,122,123,124,125,126,127,128,129,130,131,132,133,134,135,136,137,138,139,140,141,142,143,144,145,146,147,148,149,150,151,152,153,154,155,156,157,158,159,160,161,162,163
0.0,0.29112639348132274,0.22295200481400285,0.2764976767184047,0.2473396283423877,0.2502832877051692,0.2721224974298264,0.2654543195647337,0.35231711783839786,0.24527429744499332,0.2945187685383696,0.2463101731290411,0.3649726948048258,0.30246192222917834,0.31354235508461714,0.27630356188579647,0.30532992811234283,0.4927201246752263,0.2738061105383486,0.39613095028828293,0.2941206876602958,0.2880669061049293,0.28428767054116394,0.28542943073168253,0.33514347293298963,0.25705132355068333,0.25460830875532026,0.2726120138981063,0.22502954462799615,0.2538757482858374,0.3138505431415673,0.31483894628932585,0.2835477762070297,0.27867417227726154,0.38352601819184395,0.317968193853787,0.3485859304536836,0.3460561911980534,0.23358293704421987,0.35590831684775065,0.28004058672421406,0.3065339120564917,0.33039191630050635,0.30658050227357964,0.31820928269572196,0.38455837376077123,0.25171671463304174,0.2724723178100946,0.35613756762199567,0.3849491973799254,0.35509460871896736,0.2987811681093956,0.2943375754124463,0.26358306239867424,0.28913579176990245,0.31115345455597715,0.433012907190962,0.26344060344341425,0.30222326665067567,0.39149807187787455,0.2552005642338226,0.2958098978772759,0.30289191245258607,0.2592483325814194,0.33470836810587795,0.34997641349675795,0.3130141473401673,0.28906965906666277,0.264665045721145,0.30739229866393697,0.3982158747584136,0.3430643630679398,0.3137174735965475,0.3217257851997637,0.296064746112675,0.32294347498349346,0.23586103991620114,0.24457997370611514,0.3177264495021954,0.228309694729609,0.26092358390813886,0.359504386537448,0.28184787527418403,0.2870804449634874,0.35976039562314976,0.3596842434609519,0.2913461918393274,0.33974592888624205,0.32263612662783697,0.3132721270225293,0.36828461814009594,0.3164353996047351,0.34599568239794937,0.36094235182916784,0.3412657114873009,0.25216743359874344,0.22269877098000357,0.2650021552256019,0.2913670749572413,0.35173194837784905,0.3075710844713783,0.26008989825856554,0.2786810431626894,0.22455405282236152,0.4059005195504028,0.30769823600754515,0.28104212395577455,0.28300955336775874,0.3352238663331266,0.27748193706403984,0.28014768211320734,0.40244786343822786,0.33272288395712724,0.25745997095843964,0.39921922413850763,0.32800933642928143,0.32326239259543615,0.2735096954754272,0.22668650819093153,0.26849016446664153,0.31664981915984103,0.2426743139468958,0.3527564662237398,0.3399170790542208,0.29737065462727535,0.2503994090252243,0.26443476139028965,0.26249140818912897,0.2629920291020084,0.34444378461112307,0.2595032702229952,0.2445652176097001,0.271531445949513,0.3296371485405278,0.27215181146747336,0.276271752811176,0.2989069993166494,0.3619779914626566,0.29986937227453764,0.3528305492113667,0.2466275071625697,0.30549104176958675,0.3518822775951466,0.2811581813850419,0.31663546096906375,0.32010439849422345,0.2765340997232392,0.2387177734676237,0.2846398712055099,0.21299357730384832,0.39129621082091515,0.2771956408286804,0.3200658459733843,0.22376619902920508,0.2922670299332807,0.35582563313321425,0.28827253956023796,0.2669600267802716,0.31398073930636416,0.3110287880071114,0.24271262012338543,0.3672328242875224,0.23251000077429718,0.4175146173839958
0.29112639348132274,0.0,0.2788586973476432,0.2989443639470715,0.2177043229331911,0.3455236509574033,0.26307173466770783,0.32853199895671814,0.25942216591523637,0.3453763506505862,0.312625982388723,0.323397071509465,0.28186044767363655,0.2932615972037639,0.3025825077606856,0.26350679294800555,0.29149092552815103,0.28907283252713306,0.34104180810127127,0.306176264720584,0.32753943769393307,0.3743596472889134,0.26491618070712347,0.2893736859272029,0.37156778805589663,0.2090292843728232,0.22369348623298535,0.2635542863211876,0.3217735886442932,0.22540188947950876,0.3065151754056443,0.29530966762846905,0.34277613691397296,0.2487359909525253,0.2816650647052214,0.33938857224975577,0.2759504420750272,0.2941645339390633,0.288550722453847,0.3068527068397839,0.3338443760634378,0.3151916166585955,0.2415777598021948,0.2716434168466213,0.32554583051053204,0.27048645304945723,0.23035742656606897,0.2637278316549283,0.291948850771724,0.28495356586750326,0.3013162504410859,0.2623457824920467,0.319511256447966,0.38162679396999605,0.3124565735561349,0.3031991667081067,0.31093955267450674,0.2813966816483356,0.3178737602573575,0.33486533574496624,0.3279147984190021,0.23132385985872433,0.26617511819468814,0.2394407349083389,0.26861572818608626,0.27502842241480907,0.27117028982358166,0.24541981383268183,0.2499031580628015,0.31198799309820474,0.2674690179502914,0.26588695649312255,0.24224856085031105,0.3116844386050206,0.33879247694892795,0.2495614269133549,0.2318405179055122,0.26854302800077307,0.25737682619243757,0.20327149808541972,0.27793768142554887,0.28970933484175254,0.32868043965691573,0.2687481894315692,0.28368582810496545,0.3545791672213818,0.2663615894430439,0.2355793576429064,0.2470132090762544,0.2977202375220255,0.250364313573908,0.28655849927033966,0.31213316879292335,0.2916937853994603,0.31138839939590424,0.3325492395068798,0.2573407127572616,0.28157099885462356,0.228715248282862,0.2773369169836224,0.2760557807606531,0.2533149019274607,0.2185077572953853,0.28856442005838673,0.27666015516090525,0.24028026784072323,0.275576337343941,0.34090448888385605,0.3018283985190668,0.37273591016273766,0.2909558932279235,0.25819467169330984,0.28080633820672424,0.24252060178404042,0.3036567319875033,0.30346425662024584,0.29801761647485886,0.23824542387592534,0.2951606300216739,0.2362970550370019,0.23940036163999687,0.22990413333930892,0.29351527714674797,0.3162174510998571,0.2475388512174988,0.3293453464043352,0.25326664763215356,0.2840914998185163,0.367486322970435,0.27039259539834115,0.28389804702421245,0.27011928285629283,0.22434177922666498,0.297744273908255,0.3274288736060416,0.2480661706197603,0.2579018101779469,0.2740814407160775,0.3140247722852199,0.29101505190747007,0.2837202957403183,0.33178075576133004,0.35504845052100614,0.2948004445669134,0.3133882902296334,0.23702978509240133,0.28733762837279697,0.27701684045037306,0.37522955113112594,0.25726682391234795,0.2635005119103335,0.3414550178250738,0.2807411049196949,0.28872936475751915,0.3296339990498304,0.3216927745858772,0.28619934165867267,0.2835521826932527,0.2569878458459941,0.2267053268883096,0.2771869656722742,0.3079029886819355,0.23772467177620543,0.27872854096476624
0.22295200481400285,0.2788586973476432,0.0,0.22987991534943011,0.2173046628128048,0.3177473336671128,0.19787357060977737,0.26459200337632477,0.20210425073590482,0.293477139284846,0.28504057870269967,0.2729080536492668,0.28823131208649166,0.21505857461291986,0.21947196531329743,0.3521883948835172,0.3111398885707639,0.22369678406769553,0.21102791329739035,0.21278543266796712,0.3078582421486789,0.34214494745245844,0.19253022799657724,0.23985312289216618,0.24343483619807102,0.2499466342763227,0.20373785874128744,0.21929426727130513,0.2453251461745715,0.22758068695449837,0.2031718552962873,0.28239572176908595,0.22883403474693836,0.20548226697300978,0.19727976839576053,0.2646187345991864,0.2433039247994126,0.24031623580110453,0.22621252981681053,0.250753635009731,0.24413449657403025,0.2801273714867,0.22871734074128638,0.23775058262095736,0.25154283746615247,0.23319397503243888,0.24380471659736613,0.275030892613818,0.21314292026144535,0.2442236802377312,0.25876232645962977,0.27259500401522146,0.19390575600629928,0.274907756358401,0.2642205837520411,0.23628876287654657,0.2259514131938655,0.297037876184417,0.21189840531889037,0.23884630986088357,0.24551977430054867,0.22636525191168308,0.28096969057639903,0.20592932314179194,0.1941130980521541,0.22468420809829734,0.2199963265397921,0.2573562272821945,0.2335737797140708,0.2392999410502373,0.2554009907567914,0.18859125122663709,0.22621581639952187,0.32056938095987497,0.29024588566405235,0.17618928779639426,0.255267351396169,0.25416966985108885,0.20264392230728617,0.19342198414414985,0.2586678415809846,0.22107415259225435,0.2652544873565051,0.24731557370930107,0.22918243726962872,0.26932375334138803,0.20986466514237212,0.18596295186548104,0.21367806439209147,0.2132500625275974,0.24939936708258706,0.19566481890609677,0.2558082099816518,0.1916290959340763,0.22876995250729146,0.24362785213109467,0.20137421747219034,0.23559625207640592,0.18458852441507093,0.23157912358288885,0.18473593500550003,0.23196103270877563,0.18204285472684026,0.2281071109612235,0.2305866395849529,0.2874955699563005,0.263780843351823,0.23901527146225388,0.24379017236566045,0.2932334467481553,0.23677210327978598,0.2106749553836645,0.23859514070757196,0.20800146038183442,0.21680034541739157,0.27906437088708275,0.20226523734565968,0.24099381247341806,0.2983544958807599,0.21462269751862612,0.22786805650420894,0.19992133777412302,0.21809060715711132,0.2502575557656249,0.17166909890410456,0.2808928026845604,0.22785417414875775,0.2713687523924142,0.3075992948343697,0.22191784280944885,0.23678922814975445,0.35792603147419333,0.18017179465683242,0.20033826250647618,0.23190523846333058,0.19079804257561075,0.20570966782813951,0.2057813738040858,0.23225469171232904,0.21108708958457742,0.18985007003629167,0.26439054926387984,0.2262540554533094,0.25056766967313915,0.24182494924870993,0.18453292960974388,0.2780391816622394,0.24128157649552312,0.2842712199620874,0.23363740740834374,0.18623831072701405,0.1899109001327788,0.217423332795107,0.2909883362270098,0.25540529470080897,0.21822329501775672,0.23254207994107076,0.2911497539016945,0.1674446625462992,0.21970995905170235,0.2310789086257371,0.18337542356841896,0.19490238588811104,0.22766254390390056
0.2764976767184047,0.2989443639470715,0.22987991534943011,0.0,0.20429289397364003,0.2792595782746563,0.2730359953299172,0.2946463510118976,0.24342901460185656,0.25482988160407427,0.2609032893989581,0.2632849102344322,0.293152242905635,0.27536479653092044,0.29067200475814453,0.24782288347075312,0.29107064639928376,0.2945983761398864,0.2696982347181762,0.2675812492154193,0.3005050846088992,0.25333475702386105,0.2761837073859814,0.24257147726215447,0.3016490600656441,0.2494595361544437,0.28486623957043794,0.28180114189682315,0.2188337549973743,0.20740490839344697,0.27303485215684026,0.27160941884858913,0.3880077551992961,0.3098072206564122,0.27267199401815534,0.3058314531497968,0.2776539453342061,0.2848189993271517,0.24191224747066625,0.32669642966382,0.28090039243849835,0.30167576479439606,0.23633701123130596,0.2640906025367286,0.3106089998831486,0.3130321475656665,0.1968715651621269,0.22036306071194703,0.26460889040421887,0.2812653480524949,0.3455973494317891,0.2949517955966595,0.2880989940711911,0.3333215718147472,0.2762129906831106,0.27957281000030165,0.3111349424614638,0.28061526734101494,0.2772780181541293,0.3640926803115728,0.32667594872378897,0.2675958306035208,0.29197242066531204,0.2112491397898303,0.2726311981815038,0.31632826961155247,0.3518479383575215,0.23076553049871287,0.24028015476332462,0.29909248430229785,0.259361856864138,0.25411675064942885,0.2859106721747386,0.3869350114498341,0.31485339401670626,0.24098510548387733,0.28640688368142325,0.2615342308084969,0.2637430743160453,0.19671954965067784,0.24023950546079412,0.33204981793508404,0.2426180656413796,0.27183402693356035,0.3472785104492358,0.30362902314391194,0.3103555688599875,0.27482142860880665,0.3023641729574383,0.2866307277879438,0.27826825279942813,0.30970167652718483,0.2522316292414663,0.27299849486623495,0.3167474281981704,0.2442565779702631,0.2367789404808359,0.3016704676159858,0.2336633749757665,0.33854224438449343,0.26249759647640797,0.2753645207991982,0.2911465022834496,0.23759216372594053,0.3075367128371849,0.2700920302868608,0.30634867944394945,0.26642730965298883,0.28790976753363895,0.2599511112387556,0.3022217553816236,0.2825085942819461,0.3498926160941914,0.2940851625655311,0.3030535371540045,0.2848454551504318,0.3044001270572872,0.1974385821654501,0.2677832428303568,0.2809683388268568,0.23203747198815733,0.29565129937918405,0.28104338359316267,0.29063543571280137,0.21929800689273796,0.2479063507284475,0.296846775432376,0.26530924758999874,0.2959869452730423,0.27254353813116144,0.2468073827307667,0.2712667859133401,0.27256051152233207,0.29243967514480146,0.2567404067011703,0.20541388645691488,0.19415271281115098,0.2738977108971275,0.2692666562517648,0.28191892256108614,0.2899627976688376,0.26874900239193816,0.37538905887746815,0.2901225110992698,0.2624277193752541,0.25298143104384213,0.257407758491892,0.24101757361449744,0.23781628774658586,0.20870223604595192,0.29541043645868853,0.2731702391418493,0.269212271729449,0.2248437145622195,0.31008701742954314,0.3107511940292482,0.2739283541454693,0.2790355214843088,0.3115839970148984,0.2669502004708707,0.25715232577252556,0.2658366098706133,0.25725525231187585,0.26577809598399205
0.2473396283423877,0.2177043229331911,0.2173046628128048,0.20429289397364003,0.0,0.2033704439274503,0.261513669981502,0.1908339482555863,0.22256872074352768,0.1958157386700417,0.2481226768962029,0.2066280944674464,0.22080913947616762,0.2280597154700776,0.2662200202778525,0.2434647858423302,0.2416461185809767,0.24758544377747382,0.1822458969860091,0.21695668263807624,0.2528017165763436,0.25189962982197417,0.22800799320892648,0.2522567522683616,0.21379839067332387,0.2325018819156305,0.20360058698266337,0.1829798521168249,0.19661149986114534,0.2468491278473933,0.24286763675364584,0.207278191018133,0.21838215712044343,0.19548655059134354,0.2895735256632605,0.24938896167475186,0.24730427681826314,0.23937749213475007,0.22630499855343839,0.23812956567376153,0.23829720247586225,0.26669292278814416,0.25414624264915,0.3055159773361472,0.2086470922928063,0.209691578914534,0.2627101305464554,0.2804661243035577,0.2503752446800049,0.25860467112041124,0.2511045003815466,0.222097939885567,0.2045541227564932,0.21570671798810828,0.22602054284933465,0.21660807859773729,0.2149047822042493,0.25654339266195314,0.21323454763422414,0.22307970708168545,0.17309172512060086,0.20457503964168994,0.22523345603271971,0.22530212833135171,0.22521228645449912,0.18374386207973478,0.20164523713153645,0.24080005172825164,0.19940054807113639,0.22189456328827364,0.24526891287156521,0.23536349972266793,0.19564654784292995,0.22992146931241994,0.19959431035872616,0.18706689585624442,0.21349259684965402,0.33227079750946814,0.19375798542807524,0.19984277759692903,0.22044777366926593,0.225384310957086,0.2699486077022443,0.18929329305582157,0.21776513795395125,0.21952603927365472,0.2088946232542418,0.20875408239308427,0.19039104812320395,0.20457724660050797,0.3200927574652308,0.24787928330248613,0.2853699960239076,0.18400157214118565,0.22997039064261846,0.21122377868264094,0.16572057067184276,0.20460374082544583,0.23060994066675727,0.19199452660235622,0.22214800031022217,0.18814455913802375,0.2023513927901335,0.18234920338497018,0.22319163047268972,0.2304659891941802,0.19571508552335418,0.22414604365003507,0.26127961691666135,0.2294217174321285,0.22855526861741404,0.2510785559997552,0.20333002763461622,0.2116056938343367,0.21544251814044799,0.22684073463162052,0.19892646047889054,0.21499738830075252,0.19906360079964955,0.21111123302718826,0.3375002700007977,0.18733811284007115,0.20808374826140788,0.2656532096136189,0.2235851469519666,0.20189794220563656,0.19127427614963996,0.25073612164425013,0.20231542707814418,0.23754803653141385,0.20989163901502034,0.22059054095042133,0.17341215211740718,0.22183161827002595,0.20671858969265336,0.24523313448867862,0.22149747660558286,0.3001645568229969,0.21917126688842295,0.24248212745450134,0.18495610426671133,0.2547694359686692,0.23018315030035696,0.22894689926401565,0.26102311762648506,0.21792150780002179,0.27974038112842203,0.21217875201450517,0.20575977298926837,0.18610083288129875,0.20964940049978717,0.20746412414275847,0.22624985247549043,0.23295060751189248,0.22599075628186624,0.2304827803905496,0.19463179756445254,0.2590924427591274,0.21417471340119953,0.2048366462793546,0.19273196443043913,0.21604242198040513,0.19116880732931124,0.28133467935098966
0.2502832877051692,0.3455236509574033,0.3177473336671128,0.2792595782746563,0.2033704439274503,0.0,0.22797162430884133,0.30586135657664176,0.2242783449300509,0.2692632037343589,0.3197577274317107,0.31806702453852936,0.3221020703565002,0.21250190552106188,0.2720263509771793,0.32223232448333294,0.3207029811189228,0.21994994697132225,0.2820905296769425,0.24936440256787962,0.34532264165043297,0.3287802158960104,0.1953968738615986,0.25066673231390724,0.3008704607013033,0.22305816783899385,0.19942477068518177,0.24670051663727266,0.24339941518442385,0.23000590676904226,0.2509851510206452,0.32344902733565717,0.3094091404851548,0.22396261348657,0.21755242743777914,0.26465620662725503,0.2710226019748603,0.2403577896499889,0.25338859054090557,0.248215051946559,0.28237052030606724,0.3053409650701578,0.2502016363997345,0.2941015087343229,0.25019916937915077,0.2466651373496173,0.21599455505504006,0.26669800321948695,0.21447618318820125,0.25752727655322766,0.29346749065317806,0.30727010534191246,0.22768692987245795,0.3358360063125116,0.25374465995052975,0.2792541642259138,0.26525770669524595,0.3663666802104152,0.2183830763142061,0.24867666080823142,0.3327376255356484,0.24601846289963303,0.3243062661335435,0.1862571319299328,0.21902182027505043,0.2516527334926384,0.2421632588055138,0.2656036445258877,0.21541180270953308,0.27195670836130503,0.27174352480389985,0.1947889625951636,0.23089501575310184,0.319763087455064,0.35211898070524583,0.2016587935746817,0.26883822391383727,0.2472700474189518,0.22323286353446428,0.2394064304295505,0.34299676929811523,0.2478165474849736,0.29891284864924245,0.27680441515426935,0.2524843658906727,0.27078440631681083,0.26507326557241145,0.20336052398278637,0.24777382109721444,0.24396834528164144,0.26221810278816543,0.24173494243890079,0.2819977337864048,0.2279119671995708,0.23374985940277893,0.2991477230422532,0.22947166233350227,0.26289464513366584,0.18590676856945418,0.2543164469666742,0.2142012987637857,0.2474373254325903,0.2063408418468692,0.22609478187231785,0.2466569162889684,0.297664170804519,0.31631976132808204,0.29293909651957256,0.2504096119456394,0.3377319033906808,0.28887670910223895,0.21226642079874958,0.3039255109496261,0.24255062858213464,0.24595725383086872,0.312204833262156,0.25797522703793746,0.2052021421545654,0.3684074293307735,0.22276786060572176,0.2236157932476523,0.236001845779245,0.24663114406287645,0.30467943895043625,0.20479754708942907,0.30112632980850007,0.25166330622550714,0.2703875547475663,0.29675666491116204,0.21657718026038447,0.26305909935369953,0.3924317720336175,0.21263998794658284,0.23856121488790968,0.26747676749194577,0.21945839036257925,0.24537589838235,0.2126909216174492,0.23487329126624118,0.2419013893060799,0.25183028767597854,0.29410122249103027,0.24793729963652816,0.24696438942299795,0.2756500595904673,0.20439595678945371,0.2989878037466543,0.3147668828460917,0.26402552738908547,0.24073602684538253,0.22673685779954325,0.24973892033322104,0.2225813317802674,0.2638005793209907,0.34372157312500123,0.26343491823255816,0.26786407430031767,0.36726310986728694,0.20617945248687683,0.24450040582697635,0.24499580060996498,0.235298281363382,0.21265478726080886,0.2594417296566755
0.2721224974298264,0.26307173466770783,0.19787357060977737,0.2730359953299172,0.261513669981502,0.22797162430884133,0.0,0.20719848172108027,0.22316310393271452,0.22684884868361788,0.2734600139626316,0.281336603672609,0.26995020948357507,0.27100070787906705,0.3127974877633108,0.23128800807241198,0.25285203932176065,0.27072796133586785,0.24806123823944012,0.22649228858015108,0.25897447322148665,0.2580656776681002,0.3331800027564898,0.2876310688367586,0.2688005245713099,0.24935274085257483,0.24244678524563942,0.22472727557323063,0.2500721219216268,0.2611654335767358,0.26559027151098497,0.28128238350555346,0.29950952978842166,0.2840809046404389,0.26425460732458517,0.26915784234460083,0.3202114247215317,0.2461365290678578,0.25375906285387495,0.3320554042169841,0.29808665054104594,0.2810239718847956,0.2803689008120588,0.31207506301319127,0.26447952369660593,0.26077706720293364,0.27307549676015347,0.2485017664442774,0.4032217943772021,0.2600546244164989,0.3387565247313957,0.23878432660397356,0.2324589009662557,0.28365589586573176,0.3232070650739451,0.2631762482412192,0.2598641577391737,0.24950247813949245,0.29059548997305934,0.2729286619271642,0.2026351356702689,0.241037429865074,0.2289521972393542,0.24199911581632597,0.23228703216110944,0.21095808695451235,0.2657605393047683,0.28098299112612013,0.2203330827299563,0.2301484942611229,0.2835540922927246,0.24880771258350734,0.2164304357314774,0.29716346013663814,0.20008887698678587,0.2567303419302495,0.31603039602642347,0.30518027632748423,0.21826783111029505,0.21267535298834997,0.24655061229586603,0.2507440958192133,0.2813798034130839,0.20004829282067796,0.23895895303372322,0.24404131221650263,0.23010649797920735,0.2724213060262568,0.2419991965480801,0.24317900501974332,0.31347610354688726,0.34727795453319865,0.3237625618352386,0.24767716452034313,0.26150167796572404,0.2775594314761927,0.1880777817824204,0.26189827878893607,0.24899259994444395,0.25905170007703715,0.27304938808135376,0.23864022324461487,0.26519931004782016,0.21833412279492537,0.23672468190385818,0.24818128890478192,0.22297869526192718,0.239548345916163,0.3363376590119282,0.27217638121478877,0.3623887913062564,0.2650367077744926,0.24328354981974304,0.21493887039440024,0.2470712951253526,0.24463351507257244,0.2501912992732522,0.25784969386473405,0.24265882432637045,0.21911776666462535,0.260405227724421,0.2124100880246534,0.23556277603491463,0.3359911364101975,0.2218589456580935,0.27515688544264,0.2214084283935985,0.293291759707848,0.23178790369666413,0.2697154738995514,0.21416412199296278,0.20803556254470573,0.20701618491631998,0.23104984561440822,0.20789999783269128,0.2502379582722178,0.2501662243840096,0.3072256871836351,0.24699936880192475,0.2935255985586011,0.23928870515662629,0.27336365315266387,0.285028597901375,0.2431126270483867,0.2982253868337735,0.28568946896164776,0.26431555667410594,0.2581194793922041,0.22343195848862002,0.18800538226203972,0.24766251894410304,0.2694927286812895,0.24467888487839093,0.2875780676332051,0.2837808204965858,0.2763509229415426,0.2687352270816571,0.28407919580868696,0.2921823485078238,0.29521531857618144,0.23055897020503768,0.2547873666370237,0.22287891646466879,0.277470810122018
0.2654543195647337,0.32853199895671814,0.26459200337632477,0.2946463510118976,0.1908339482555863,0.30586135657664176,0.20719848172108027,0.0,0.28076397635707406,0.2854835511111439,0.26616462576400696,0.2575900605775065,0.31997804859523055,0.2601396554443996,0.2611364608583607,0.2932919832651446,0.29292861938708237,0.2709252502113101,0.27149649576533186,0.28712806945571623,0.3052118214682623,0.25651223612560325,0.2356201433999625,0.22483681226711255,0.32233416613563237,0.22439866153180615,0.2700666893269062,0.28759453885563757,0.21120982974605323,0.22329490210790132,0.33427083840813376,0.30525896282165016,0.2934667165218933,0.26744943881293054,0.264361901893805,0.3302288890214229,0.2783737378625186,0.3246830885981112,0.24295377203884622,0.27122232583582506,0.275129702041566,0.28795881919571037,0.2615818250537645,0.23945087923114144,0.38471726287055985,0.28130437496811067,0.210090209237764,0.22979299915841594,0.252431378922254,0.26890793230464805,0.26759871887696435,0.2397244495147533,0.24884397700224223,0.26505274663078054,0.259366167899752,0.2852312013860731,0.2682584584061258,0.3356663033718462,0.2853158668396785,0.2930209056614239,0.41625147526496326,0.24799678451576823,0.2862286740539823,0.24270275659641252,0.23077963085894188,0.2735642439834705,0.2936192742664239,0.23234779669031697,0.2859120588594179,0.45389148345570496,0.25497126636205036,0.25341431714828117,0.26949620079007813,0.3253192992209274,0.4071097433133921,0.23508719826118346,0.2720399922948961,0.2311045144728704,0.3014412138589706,0.19179836040844744,0.27333755966511475,0.2707768275537833,0.2770470644045465,0.36098722381904774,0.31607410507785005,0.36989222890621243,0.3985562662935893,0.2493406644183784,0.3239781174130731,0.2902479333972101,0.23986409109610776,0.26879454085237864,0.259359506299905,0.23658100900693763,0.2909677742998831,0.2543058077314116,0.2811175553724344,0.3173532313335834,0.21929902099799523,0.32332856978034996,0.25576059048126865,0.34242803457398513,0.24295699701025503,0.26623628324537424,0.3318170957501821,0.2885826232466562,0.3087783575790637,0.3410842412385741,0.2650063926264296,0.26484621580916345,0.23853212214124944,0.25940094782450296,0.3154007845864649,0.30438584042465144,0.2882892516121953,0.28830837812544174,0.3108462990643344,0.20935470991284738,0.24847712958849213,0.26533900690870565,0.22060842498190644,0.34579594753843224,0.2599638763102321,0.2653389999620693,0.2271474782828706,0.25558334902306323,0.25745820725988666,0.3045367200399667,0.3217679559229836,0.25305753448952306,0.342015875314962,0.29709984205483436,0.2828256862784422,0.25612910420107254,0.28301740867158176,0.20507346538974838,0.23100784505320265,0.2397420168422607,0.305103895897582,0.2965588557853627,0.276031720698487,0.2834671394593028,0.29548064949806524,0.29724493948098873,0.2896955757081765,0.23323465723490835,0.26804518048627635,0.2770672702491535,0.3098938196990534,0.25446667077401197,0.2972964195192727,0.2893258144326834,0.24942755676691367,0.2480175983372333,0.3646445198611622,0.33223070317575715,0.2533820939075742,0.29430405655295605,0.218740272586,0.23627932848438937,0.27201338993902197,0.27431741422762007,0.26683302241111573,0.24430715579573556
0.35231711783839786,0.25942216591523637,0.20210425073590482,0.24342901460185656,0.22256872074352768,0.2242783449300509,0.22316310393271452,0.28076397635707406,0.0,0.2102198793968373,0.2300060315849484,0.21471716239741914,0.24110054467559294,0.33790078751201225,0.26139205071206184,0.22542741449882658,0.22985291586673995,0.3399927375803091,0.22487790815657369,0.3101129125698406,0.2398244460136331,0.2902681316542435,0.22013496647798736,0.21750880139775264,0.25314644501878114,0.2211811480043281,0.26158070052720844,0.23633476282188254,0.19415765261133783,0.25088396196604357,0.3343177548722561,0.24083245028444877,0.260465059367948,0.21743086709603,0.3340681396115594,0.283045241821477,0.2449427314031966,0.37454267999849394,0.22941041095578577,0.24371874667712787,0.24756768699685217,0.28873118032396106,0.25090232047068856,0.2487536894322907,0.2771428666343063,0.2590497363705739,0.21022603973180004,0.21374796044242306,0.24683499318045438,0.2948151108652763,0.25391951907252236,0.23173467944793616,0.284501011783023,0.22587104513584907,0.2284861546497858,0.30233958607389516,0.28816251276362737,0.24287438292267674,0.26761717653864886,0.2666215132128535,0.23109289351233547,0.285570913247532,0.2456029973919082,0.27540452097922924,0.30858163298934127,0.26434711112266657,0.3015820131726958,0.25977362983429025,0.25566842408409407,0.3046964348812051,0.33563279411694796,0.3296094954137309,0.31639576912886647,0.24269787154225514,0.2876068660143936,0.2616597576621569,0.2020749121810301,0.20213192277050385,0.2943526414676837,0.20279822466166245,0.2402400250416403,0.3933532867474136,0.2769645008808312,0.2656431116801172,0.31435664412780023,0.3455670246740119,0.28321126392697366,0.3168663602338099,0.2751214274081476,0.3776549987125059,0.2994488944943505,0.3489446793177146,0.2558774379446933,0.2573415481121253,0.36580988048024216,0.2559219309242669,0.2751657783013775,0.26048729069506676,0.36086329704022113,0.2654657205177108,0.31921886643963926,0.21509705348838337,0.282610064504673,0.22950377315229145,0.38996911246371085,0.2503172553962117,0.2138112256304036,0.25482699279744175,0.24255019530657337,0.20816915263626057,0.2047174301326838,0.3569521354067719,0.29153014781440345,0.3292632647705072,0.29666166236122776,0.2647158440792494,0.26552429942175815,0.2162385523170089,0.1849196470196469,0.3164609637904254,0.2925240239815923,0.2815963452853435,0.27594826604005257,0.26329415670949835,0.41681796286936545,0.21213382021801655,0.2707895468391366,0.23419046028415463,0.2212960253091488,0.2965372570122044,0.34648868118880943,0.2511040194147614,0.28640022770888784,0.3988438476664639,0.25730647731952927,0.2582976838380834,0.23418538539131262,0.27368581229214195,0.28221949685351017,0.3187846515409967,0.2684093320138082,0.2742558399027825,0.31667967389444196,0.33130082686156254,0.275581787171712,0.27185775486307373,0.3192068525728813,0.2232437223565021,0.2547594621835683,0.22574370780342154,0.35289604245690437,0.26675235729247854,0.25664778895600887,0.2148936222343134,0.2597680172970306,0.3444594511853984,0.23581835401493956,0.2339826208201061,0.3018387008415909,0.2412537050032188,0.21878413514887315,0.3526226720618969,0.3102836613689366,0.3238816923367806
0.24527429744499332,0.3453763506505862,0.293477139284846,0.25482988160407427,0.1958157386700417,0.2692632037343589,0.22684884868361788,0.2854835511111439,0.2102198793968373,0.0,0.23505358689452535,0.24244652482785956,0.2870393866298892,0.26542150632004835,0.2279280589812214,0.2651770075334782,0.27171066291286206,0.27471935292288086,0.23029558642899775,0.23044928264687134,0.23808942039095563,0.23946914484957388,0.2673742280999007,0.2048917799248867,0.3606780977550817,0.20593946041279135,0.24627695663511123,0.2494445703632339,0.34463091931657935,0.20789354443961405,0.2635281012261835,0.2964392997844933,0.22724399878762863,0.24138261298661137,0.24818301568167833,0.2721847241325785,0.26531849225336235,0.25346124403512,0.20250159497414602,0.25963431016214356,0.22066074943763483,0.2661382177170616,0.2271354303406243,0.22080382771601106,0.275832028037326,0.24095542209389234,0.21380968296995317,0.23384091674242316,0.27593877678539624,0.21587782993331067,0.23646410016617006,0.20848658066528714,0.2204963218329839,0.2557625409961432,0.29471258952780965,0.2870208881042703,0.22191188825104885,0.23654719650046405,0.26834050365269374,0.25657845697954357,0.2775828138344731,0.22505916777671242,0.20852908858721414,0.2230847235651345,0.20764571418811834,0.22363774967787345,0.241607441066241,0.22221711176107467,0.25225566407337946,0.2949502049716876,0.21255396168071006,0.25822613678334694,0.21601910369643984,0.2702570361492039,0.2724865182464174,0.24374441098032365,0.22139060274526243,0.2663096325001214,0.21585637809029773,0.20945478486002858,0.2567378257999913,0.21846007330631137,0.2636806659894584,0.2771507997552689,0.2552222034589118,0.25873550511504945,0.25549876362467394,0.2384566147689914,0.29426630474136634,0.22692288668248375,0.22399405088218957,0.2433754940598663,0.2647832082167379,0.20765279039274182,0.2547631679393252,0.27719054204851384,0.18649177874363917,0.27270392324781767,0.2194585323578132,0.2832521914361006,0.24780822289435017,0.24763601168927324,0.21553931087631156,0.29544462146630696,0.2373167957764886,0.23684610156877087,0.25546554562902324,0.3389811247183485,0.26192602456882713,0.2619575678245391,0.22203713902579206,0.2270236034365471,0.27289216613562906,0.2667418775435577,0.24138933629511478,0.25308976867246136,0.277748765679463,0.27350061715558444,0.2647340647292297,0.2583609533092767,0.19939801658875422,0.2340457052576396,0.22773151407892145,0.24977135527825528,0.20501733874655115,0.31219520654551586,0.23805721064849023,0.2390217620601694,0.35198465164053494,0.24816772122501135,0.3090838888849366,0.22698707555112252,0.22765855679993924,0.20539740753772456,0.22187768846937883,0.19450255672623507,0.22510618760152107,0.24673818272523756,0.27401785420814884,0.24585681654024952,0.23718167528158066,0.30047959923560885,0.27210300151625716,0.23321335181413647,0.26312511423744966,0.2293210463504613,0.19779484294098204,0.2889054712077468,0.4011835244279826,0.24622900448064386,0.20886164372374724,0.2888864517217934,0.2086492517264769,0.26147798370036746,0.2752135760379039,0.25370191370615214,0.20872263154538986,0.27899934632327483,0.22957088367310885,0.25581667741313907,0.3154921095703331,0.26736348815733335,0.23877383390168852,0.20894882943581908
0.2945187685383696,0.312625982388723,0.28504057870269967,0.2609032893989581,0.2481226768962029,0.3197577274317107,0.2734600139626316,0.26616462576400696,0.2300060315849484,0.23505358689452535,0.0,0.37248716962778977,0.31939297607593,0.23303081476108745,0.28547828608318426,0.3742218741285324,0.32314273665108934,0.2734838718652855,0.2915679889288591,0.26479928512863876,0.327278899155731,0.363368636314255,0.24908828060053587,0.31288271713657445,0.32792122638181276,0.25696613494933507,0.256353603879086,0.2607470633255481,0.2775087962241481,0.28335464722201004,0.2723198464786548,0.32238528008140155,0.2806836800642272,0.2480730944268845,0.2508788529026789,0.31811483994474377,0.3481277402876462,0.28312291662236744,0.324782045028384,0.29219557284023495,0.27608263147439355,0.2880364662920804,0.2823860046897199,0.3215011186672834,0.2875615373452643,0.25775032987137764,0.2107666689010206,0.3589700376056505,0.2942002150868496,0.25814138272235887,0.32841491787449717,0.24612450892282728,0.2207721861239223,0.3434038889155361,0.37776417176956095,0.22379159263065226,0.29823879086605587,0.38976659847060807,0.25223805208925837,0.2827907195023633,0.27311687078303637,0.20800365308755273,0.29598606510491693,0.22184311093750037,0.20188124518635076,0.2273068333388902,0.2527648809391265,0.25882727183973003,0.2483359103690478,0.2834982165429507,0.2758234134937791,0.21690480489007147,0.23279985952294793,0.31577993176829533,0.289646525054398,0.22424046461962988,0.3131020810672904,0.28608280076820475,0.22744817135804152,0.20715967792666032,0.24871499744265232,0.23217267946964795,0.28750257775029553,0.2497517450306703,0.24275165207365215,0.2723606915611418,0.26350715566271316,0.22541807793398796,0.23603103526040428,0.24582002128170174,0.33180592403703074,0.22424399507740717,0.3842566899951764,0.25493167149932605,0.23924528640282688,0.2860353420998824,0.20831751865401438,0.22095881325220687,0.19791711677969256,0.23365046440585338,0.25863026152761154,0.2735907696950139,0.20875733008986264,0.21840135439296834,0.2614791261917939,0.2526046390775767,0.24962829157267039,0.26469054694295374,0.2649710983604008,0.3592393446135611,0.349019904045561,0.2453348939183588,0.2461386773278393,0.235713758295823,0.26390898397304685,0.28550017637465563,0.24059117216454518,0.26935045449375167,0.2733963753994775,0.2137760621455748,0.2668841053945628,0.20400079268145757,0.24318365835404457,0.3380753359867424,0.2032195248743806,0.33702231799058147,0.19435000009938422,0.3489776745130908,0.2781608482315563,0.2333345950710897,0.22304640181268356,0.28513995402350595,0.23759567183088232,0.24337116618447743,0.30026278015667174,0.21806153138476017,0.2751929480361199,0.24761440136809576,0.28722245892091947,0.2849069066024135,0.24150297456219166,0.2989302235509716,0.2392001878222433,0.2613445867158127,0.34340920729507457,0.21641356050133315,0.28008883175533944,0.2503414605984879,0.2599970468159285,0.2343087156666701,0.28818373326045027,0.24480576360917983,0.3183774848973122,0.2646686686739867,0.29138200673831827,0.2910754724044855,0.3000012410050395,0.29268833529675414,0.23277002668652252,0.2443277448783755,0.20760526821190187,0.2459192415616941,0.18891114588525484,0.3494379025890296
0.2463101731290411,0.323397071509465,0.2729080536492668,0.2632849102344322,0.2066280944674464,0.31806702453852936,0.281336603672609,0.2575900605775065,0.21471716239741914,0.24244652482785956,0.37248716962778977,0.0,0.2433377206952367,0.18850274747477408,0.2693958591209118,0.2810804597234531,0.2762435401509528,0.22572054021061302,0.3555281126234765,0.24299970573966723,0.32993270734343133,0.30451065643175684,0.23395272401452546,0.2925613388501568,0.32339281226778804,0.2183816368632927,0.21869588788182387,0.2228305143844981,0.27185664716419244,0.26223229937052533,0.268390432845728,0.2856811358082807,0.2840052098137174,0.2572144816256341,0.21756913494112498,0.2858201764727649,0.2840990912534236,0.25309318699606076,0.34719662368273324,0.2664513914581497,0.30365357504095813,0.25361886865939204,0.26494911667221127,0.28737389343552755,0.26180995881307545,0.2519267513041678,0.21756094385013275,0.2901061060308147,0.2634713852549786,0.2503203159925316,0.3214778585679288,0.25994854870015566,0.21249983098950798,0.34585005697454135,0.3702961246864264,0.21590228716932505,0.2967318886295957,0.3456601441088497,0.2199101723315814,0.26939479297222546,0.23346949932960726,0.1996616720343055,0.2680814586896107,0.20084050758188246,0.20473908550706477,0.22648447449520126,0.2127608002689914,0.21998075265199407,0.20424647510301305,0.23896532404060375,0.2389210538481647,0.1953694373485362,0.19926881748069766,0.28196116084539075,0.25864643325292425,0.207785855138762,0.2577428534313292,0.2578245057848107,0.22422873134384647,0.19093512830734394,0.23654430454986725,0.2379212601787936,0.27592559158762214,0.2127060032972171,0.23760258245951982,0.2697461412466016,0.22275875079022528,0.20752614192361515,0.23676847923141758,0.24144366727263072,0.26638380250980315,0.2401468370840249,0.31389558483173696,0.25007094346280195,0.21532121879587948,0.3218394330460339,0.20544114620149115,0.2433289717162866,0.18386350789802478,0.22331708831666178,0.22122013282238387,0.2532948670122791,0.2242967758858141,0.28636526808377555,0.2299176987721431,0.24189171525718162,0.25792990731405674,0.24016052755700973,0.25110844844250424,0.34260810649229995,0.40001083603467325,0.2365964761986767,0.21607063398466236,0.21784957514964293,0.24257057860909556,0.26267046292306917,0.23567960537492758,0.2836919928699946,0.2813490920496354,0.1904094106465627,0.22190244540972195,0.20478171951038227,0.2242861049116646,0.30094055763538796,0.18086817223188775,0.39305819457660546,0.19370896541567176,0.3065465609560205,0.30746739544485396,0.21040496376521783,0.21147431295133873,0.24931894090675788,0.20055390585904578,0.2379309937808698,0.273781332877794,0.19496677668009046,0.2678093641689237,0.23025315778215424,0.2519907314022262,0.28540026140778735,0.2206562362665424,0.25213146429896943,0.24451229389340806,0.24269110225277457,0.290311375242126,0.22930688872613872,0.29966124630134244,0.2490072995345584,0.28827172155250164,0.22262979842060504,0.261126022379972,0.25134003716298037,0.2730387160191332,0.251781941311261,0.35605751203002894,0.24520782539569025,0.27009879959791727,0.28337830987580503,0.2061778742268263,0.2215629715213625,0.18850297501795882,0.2232354273701109,0.19301053170328772,0.28287352455492626
