0,1,2,3,4,5,6,7,8,9,10,11,12,13,14,15,16,17,18,19,20,21,22,23,24,25,26,27,28,29,30,31,32,33,34,35,36,37,38,39,40,41,42,43,44,45,46,47,48,49,50,51,52,53,54,55,56,57,58,59,60,61,62,63,64,65,66,67,68,69,70,71,72,73,74,75,76,77,78,79,80,81,82,83,84,85,86,87,88,89,90,91,92,93,94,95,96,97,98,99,100,101,102,103,104,105,106,107,108,109,110,111,112,113,114,115,116,117,118,119,120,121,122,123,124,125,126,127,128,129,130,131,132,133,134,135,136,137,138,139,140,141,142,143,144,145,146,147,148,149,150,151,152,153,154,155,156,157,158,159,160,161,162,163
0.0,0.2992675652301017,0.2710777101329568,0.2513536316919492,0.2690266041750744,0.2949649961336966,0.25846848566862013,0.2583711868563958,0.3194620578755059,0.2823608998640103,0.3083207341406501,0.27548062632628667,0.3625690195190193,0.26424130324760636,0.2937629044509765,0.30943168194701787,0.31368988998319236,0.4097579935120208,0.2967978106407741,0.48066123925847154,0.3316207528621084,0.33050633118073075,0.25520715997895543,0.3048456341351613,0.39127425033397895,0.2485723002710511,0.2325187698656637,0.2928679956461683,0.23714470008518174,0.25453059304204845,0.3330114563692169,0.3175159287565875,0.25727014406524945,0.2992676883113921,0.36311286573328805,0.2730403732887409,0.39301625779255034,0.3087099296516574,0.2477005977601057,0.29024474557704655,0.24962305714024344,0.28803836266555266,0.3236388983072767,0.33777602690873687,0.3062811579187357,0.3487128922797115,0.2602109097571781,0.30631729035244115,0.33689819210402316,0.3388319011553605,0.3411649041348237,0.3278914948262936,0.26102727894230393,0.2910866987612999,0.2682769895086923,0.28243270575643853,0.4161596506720555,0.26789250056531416,0.27638374936723453,0.3209580954267684,0.27204079633511113,0.23456840042190638,0.2873266311193191,0.23236784691505089,0.302846985673193,0.33231328118851217,0.3047772882862277,0.3464909713257459,0.2691654239254637,0.31045814644390607,0.41888490987359794,0.3052923566328274,0.29759993207799434,0.31242042580774715,0.3110157312374596,0.34624466733165915,0.23275144276604343,0.2718306267469003,0.28498573139804195,0.23497686901392703,0.26990444995052687,0.3694088809754081,0.304239115348868,0.27345879179954363,0.29222613310819157,0.33656482911077534,0.27906299437377785,0.32222160488616625,0.34067561572983773,0.27549882230202477,0.3369759694049144,0.30358962960280267,0.31446259062595955,0.3544162400392854,0.30384502270970126,0.3067346868413953,0.23376003578718524,0.2707588421383041,0.23235761693615178,0.3284524736922054,0.30115159380820083,0.23369215106226643,0.25411341479348043,0.26749953142194344,0.32550998303176265,0.3176789135104472,0.2803763630923089,0.29326825416926366,0.2911286373494013,0.3094624236464142,0.319351939949644,0.31147233847341976,0.31483275515071263,0.25763257595865047,0.3045083305195997,0.29789894872757644,0.29960941732879787,0.3142422869156571,0.250541641897318,0.2628784621699328,0.27852178663340554,0.22466255052452308,0.30441082889538346,0.378033686905531,0.268758341031234,0.2863466847320858,0.23030259141336037,0.2399576016024092,0.260111511582507,0.31545204543893895,0.24556730574209606,0.26072150489055107,0.2524042304323357,0.31438514432334586,0.31090513809984605,0.2759516582230429,0.34330179339678796,0.29473149477878297,0.2870591423125795,0.33093605577859336,0.2608226749725156,0.284780744504157,0.3518311478429395,0.26233356042782485,0.3363774207669504,0.31629692790397956,0.29634911024332833,0.254817557898275,0.34933403807174124,0.1776924733279024,0.3744191855135986,0.27292877895946893,0.32942090826163806,0.20670747020765468,0.3139631136837744,0.3693798604008828,0.27191165045959326,0.2944848312035706,0.2769092413531816,0.29118262439294534,0.2356078541423272,0.34453673234298154,0.2235242663231064,0.4107287660145175
0.2992675652301017,0.0,0.3004464977649517,0.2605248988573565,0.24532362961928078,0.3049781917533277,0.28827988308412233,0.30864629863193777,0.2722020712068584,0.40496927562642826,0.2891531161360032,0.3000408703325004,0.30047714734254855,0.3199848001692789,0.2902971950890112,0.28531446284754836,0.29649752099235377,0.30581711122158045,0.2759550004385917,0.30029289623919236,0.2964549956951272,0.367825847436157,0.2907928325852561,0.3221830971762231,0.35224188085882857,0.24105172784447815,0.24633568766410496,0.28874161662847997,0.36505037476139107,0.23912207154003026,0.31376527686218975,0.2722275293114727,0.30880277544126217,0.2575263797730254,0.30207753758297257,0.2626337280741602,0.29314242229363674,0.2907744779257868,0.24654957369712216,0.2990924335662736,0.3062825704263667,0.30604413958172993,0.22304672361892042,0.27058788558034463,0.35207492294888926,0.2830243917168964,0.2733408176947106,0.24205061121709734,0.3052229296112452,0.2467498986827963,0.26625610567609687,0.28316171080521607,0.2794401365140318,0.3398301963376445,0.2735844575404899,0.3141537689536958,0.2825164681237115,0.258920135185289,0.2957908927015684,0.2997790808926709,0.27660107585343285,0.19975749038623977,0.23156339491447214,0.22405290526151891,0.22881881396299453,0.2418907692790385,0.277376911983711,0.2829702293044333,0.25127876324029874,0.29845295741970457,0.2768386200972128,0.2919820303668817,0.22569127753746107,0.28723396766047365,0.29507455460849186,0.27942275809983225,0.2207943000074453,0.33963738043631836,0.2596539623957801,0.22253981840633807,0.2603181924446208,0.26297876338900533,0.3846458835038409,0.26375717323305753,0.2492037431159888,0.39288777127490426,0.22910727750513293,0.22749156460275535,0.27487402351104134,0.3111678100121746,0.2540856534717612,0.28726141635332353,0.2850792707330233,0.2761457077065776,0.28901696131070903,0.3749140633789072,0.23078301886465255,0.30301272929008993,0.20908336516526194,0.3077290123162518,0.28426363594213766,0.20169569343353666,0.20502054619091056,0.3009927120614392,0.24785517600841342,0.2779655164871087,0.23251986269559455,0.388392769659981,0.3129668043401541,0.3606527758910824,0.26908812079328776,0.2336918861794061,0.24673728018872354,0.24173440886872055,0.3034323059463957,0.39987882341491104,0.2922817800366434,0.23169030799686993,0.25509116001272086,0.25913063697258043,0.2653558722335047,0.21828269447083423,0.2653314082439469,0.3637559506443426,0.2400461929855785,0.3814196554445797,0.21626868943866331,0.29691404916442454,0.3278910257389893,0.2746610216360548,0.29983084972225404,0.2442194065600627,0.22878061366787958,0.28021070867247283,0.26522561316823634,0.2400733970559261,0.30670457299283616,0.289557637550595,0.29163890868703346,0.25816861093532156,0.2812395260387819,0.2900488052090929,0.3400800842605251,0.23613628339547568,0.31351440272854597,0.2548895863183756,0.285021631327005,0.29283724596402816,0.39022756643118145,0.20165464692056373,0.24888815657608795,0.2992504106166057,0.26603570183080716,0.2770601439430744,0.30769473308149664,0.3127867305003346,0.26641151032259514,0.3453750751888477,0.2619726396895335,0.23157292331818452,0.28509776637051903,0.31511448713098134,0.23312806231492045,0.2894034703859475
0.2710777101329568,0.3004464977649517,0.0,0.2717496885589202,0.2530842508967817,0.29661330093658655,0.24115094104748813,0.30212707810847456,0.24236514997489453,0.38142859583827665,0.2941602151929291,0.26500783463647354,0.3427652778342592,0.2476608016932533,0.26740429081933437,0.37537495357066386,0.32766944339022425,0.29861668429302424,0.23405162300342924,0.24121220295946164,0.3299800180566064,0.39395343851161657,0.24212510156036612,0.2591522603249953,0.2988732114289458,0.29918232577498255,0.2491483699948056,0.2758713486861444,0.24726846068136585,0.23124935262676022,0.24872331181378393,0.2970757030678014,0.25350820409782987,0.2489419759907033,0.22895875361118262,0.2582950640249931,0.3031407481370923,0.27804918260619604,0.23151614698824885,0.2763614875185374,0.24418782440525466,0.2891117393324336,0.25191617726625165,0.2463426916142394,0.32995477678553725,0.30109785959205065,0.25077702270747854,0.26180334008869555,0.27321692219373894,0.24605654626550308,0.2809420732867374,0.30247110078013933,0.202182349598754,0.32651161458283595,0.2712882176182824,0.24974104606998312,0.2521745873040967,0.2881280426873564,0.2490642448065327,0.2616569983965459,0.2671625200516028,0.2236282335653477,0.2710860895007952,0.20939861766172585,0.21319849728265847,0.2551111390275493,0.27831723649064105,0.33013424138485953,0.3041490431845167,0.299671815474146,0.3099655310737187,0.2271413677177421,0.23421173965795036,0.39231797266877844,0.31351336693016757,0.20986812034089786,0.2816719371413122,0.30655978108068255,0.24785242238287103,0.19465997107865135,0.2562968240506342,0.28051019078351713,0.3021908615436376,0.27534077400153406,0.24327468378804565,0.3512447751540008,0.22399433000448973,0.22248257142830521,0.28160128855079647,0.2432578791495655,0.27881852920131406,0.22803480503812204,0.2535072584994904,0.20827916312701672,0.26400882297597783,0.2911840933787244,0.217441280333046,0.27869517643000113,0.1883820811630485,0.302924725722845,0.21505093751533091,0.23826637930016487,0.21303848140949702,0.28355531583436905,0.24814081533241272,0.3697783388922535,0.2712772233157653,0.28866953347014856,0.2737018941778915,0.28942993382789783,0.2564781167396418,0.22691356267207913,0.2574735782690747,0.24537248197702186,0.25765689499035876,0.3234244472752064,0.22508255237725755,0.26723121044787046,0.2734886179182294,0.26246293190378706,0.2434034700418219,0.22899345960521714,0.2179036253089647,0.3115931979457686,0.18174579624148593,0.3240036937750619,0.22735956114861774,0.2776679092868476,0.3123185820315235,0.27298905586669536,0.256571978214464,0.341588881618475,0.2095019594292098,0.21731043082629822,0.25385233055525963,0.20044206686887667,0.22429466378767932,0.23955699839135944,0.2829704766612287,0.24689051888054428,0.23336432681439515,0.2577381190353038,0.2714627924568884,0.24611822233902195,0.26786208813888035,0.2309772368798894,0.28964111076506177,0.29066507973622663,0.33769698776754886,0.19562986363553525,0.21701117241253626,0.20649016678308277,0.25588173166336176,0.27602195863524126,0.3092075369933803,0.2826289672549394,0.2525995264652225,0.3466559793896122,0.19039395518542626,0.24856317344998055,0.2869030700262575,0.2035879934356121,0.22895145470207384,0.2576425130208355
0.2513536316919492,0.2605248988573565,0.2717496885589202,0.0,0.23494213821949772,0.23721166365878937,0.28564292083662257,0.260826950774189,0.21840327318141822,0.27298565527049323,0.3038556047385407,0.25714336765917817,0.2841733792586969,0.281118213840108,0.30685722900565393,0.28517520755730386,0.30685613450132404,0.3026161472345632,0.260793507375394,0.23730186094869762,0.3097228014228291,0.2698824551010673,0.27818954520814526,0.2448217251635013,0.28012255061400265,0.32516094440640825,0.30160740789400176,0.2848473975126343,0.2699736196655781,0.2029079671952369,0.2520589478657341,0.26131862614436474,0.38578217430110884,0.2741463551531614,0.25556905531641166,0.2872030982455861,0.2763007864960197,0.30108361236586156,0.2611404389629952,0.3213047742865221,0.2937935746737237,0.2429884953315715,0.2593389855271997,0.28075125634100123,0.2982193821065782,0.31923219843325473,0.1913146707675419,0.2533486794361805,0.28143718850555827,0.2620697991300598,0.34802184275518105,0.2946865570652502,0.24644771446756708,0.3958540970231152,0.31016502145076685,0.217437453304575,0.3010560814707511,0.2851570807997951,0.28013463165288843,0.3133565249453435,0.29404534652858594,0.23733178026793142,0.2758218822540801,0.213579609698174,0.2424866129436659,0.28618014807890113,0.3507442085063045,0.23662440710753027,0.29614464649156186,0.2783164761950174,0.26251855683512926,0.2602822905416179,0.2542617716428183,0.3973069387562752,0.2955711798533759,0.22960756090096032,0.316839551055657,0.3209139851979675,0.28661905017980244,0.19694042708055434,0.23254307062252713,0.3019202724620706,0.24105134825482546,0.26562008647090146,0.3093637671157462,0.2739503608008798,0.25676325470691497,0.2831022716926308,0.28931973651795573,0.23481670639049462,0.3108076324339708,0.25863778311625657,0.27173807177476705,0.241796618789743,0.3064704264352908,0.25622468357543055,0.22356199346235037,0.2597906651552491,0.2116544969238832,0.3135556892328426,0.2644142072093743,0.2714652297615784,0.2979718585267752,0.25590762594567595,0.2832524609554318,0.28621295949037656,0.2936533116541266,0.25457920266493245,0.3074626261136079,0.23628781425264628,0.30002734073394444,0.2692804391952803,0.28816082470825494,0.3146745938705429,0.31221822017370804,0.278249381497911,0.2578237997706785,0.23017771886543298,0.26449100675815723,0.29029512593566986,0.2632833534238211,0.29066605662927314,0.23251272640095957,0.2961057516161865,0.19883649939897954,0.2985949940937065,0.24778231075564158,0.26750125376895495,0.3098940751267269,0.3276214309396439,0.2100773440425827,0.2719602111471629,0.2678105097916607,0.2577837743794691,0.25746890747677553,0.19975166340530956,0.1900658029902646,0.29979747254879213,0.30985742178838616,0.2800236385591187,0.3365330624443617,0.2598631623918216,0.3127902992920612,0.26647306062551124,0.2850916528832267,0.24279080633938915,0.23952542760140497,0.27224762240389105,0.24305869979915365,0.18965558881862918,0.2785071207439888,0.2642079103731098,0.30074651537328795,0.22898920085070745,0.3129738748783202,0.2735161449444718,0.24717339613218697,0.2845248586881759,0.30643055287737975,0.26944440406019277,0.280918496692625,0.23940183613935234,0.26404222737842126,0.2668810320008032
0.2690266041750744,0.24532362961928078,0.2530842508967817,0.23494213821949772,0.0,0.20174357899964362,0.2907338791396367,0.21066337672035876,0.23126396098649052,0.2481866963698866,0.25640519080183893,0.2406657899662578,0.21594776351411638,0.23196224362037549,0.287133252198698,0.2518831765788297,0.27466485706246735,0.28866648202129663,0.22493576087547545,0.2505380127098465,0.2988448679140656,0.2855517583696192,0.2837045870366899,0.2663482024221405,0.24830560185972464,0.23785005821694244,0.22751887152275516,0.21742844901149597,0.21282711020270517,0.237657489172753,0.2611501569225117,0.21481183437659662,0.23230664597782763,0.23458430111212164,0.3237764500740709,0.2880260267878513,0.2571341709774296,0.25478958068775637,0.2740745148260647,0.2534040200473396,0.2665359932738071,0.27316740981931303,0.2656642120763514,0.3010920165591826,0.23056635380434826,0.25212164803048626,0.25924242604572323,0.2660773565811494,0.30525383228751746,0.2878653839517601,0.2798920348388198,0.2536558102071798,0.238307196855259,0.2584756138417483,0.2435490329837411,0.2095815860569165,0.2477059123163729,0.2707459064059044,0.24820751114444306,0.2584627353870083,0.18925286975740047,0.20063721493058326,0.220627024472007,0.24887765552270708,0.26445717633481,0.20431517031228896,0.22619633568907613,0.2503853115867299,0.23930551253400387,0.24014623602014218,0.2692433532722129,0.2684375692204038,0.20957459398680933,0.25851525994464386,0.22109868076232211,0.21216152290553947,0.22494818380586115,0.3675195348793451,0.2202391282613366,0.18484486090076718,0.2138336733621697,0.2976280382294178,0.2636814590509809,0.18897030860567232,0.24136409512529622,0.24257343525259664,0.20361118522460447,0.2398342706888382,0.22067812916640414,0.21045183379357454,0.3585793243911255,0.29783963057502705,0.31014644006334774,0.20564336130167868,0.275946682637874,0.24203283500830897,0.18240672321819557,0.23269611589114603,0.2367873965229076,0.22710923025916693,0.232001169759712,0.20259643007033767,0.24240402397584496,0.2470012504842109,0.23539219871473435,0.25447983478111247,0.22204325933343308,0.2544682073651618,0.28730362750905486,0.2549710671377918,0.2707133606441987,0.2839337260440208,0.20803596808925673,0.2403065240039044,0.22336614623874482,0.23754628955384952,0.21320475393093483,0.2674191285982323,0.22138065089604617,0.24900442087676633,0.3511045741239481,0.21174120579654623,0.21593180696564235,0.2936453936987189,0.22260979123780775,0.22565711835504185,0.21690338342575302,0.23698128593391324,0.23809476326554285,0.2560556853164783,0.2102627534676034,0.2228189496943552,0.1816137128030794,0.25172545556443104,0.25155740491265577,0.24109149170893962,0.22383237544171547,0.3151624644840313,0.25200443479250917,0.2845954997853966,0.20027001701975358,0.248500698565124,0.3136671246880223,0.2612151684093382,0.2832040405840215,0.2559794576321346,0.2860425677865972,0.24528148388217566,0.2520393496813304,0.18155832787378484,0.2349149631669578,0.22591040569312112,0.31043399308772845,0.23964207544031182,0.2724018549577617,0.25210222049088693,0.1934673900709644,0.25600051898892284,0.21888814129144568,0.21016562420742652,0.21567102504984115,0.22542743302594093,0.23461237472869162,0.32821558075046603
0.2949649961336966,0.3049781917533277,0.29661330093658655,0.23721166365878937,0.20174357899964362,0.0,0.20652468715737948,0.2874197058225542,0.26314919116359614,0.28057694518302606,0.2729841711972987,0.28751441356340124,0.33688262248961964,0.21089647223939267,0.2419488185373819,0.3214695553429518,0.2801904875491143,0.22412686947327518,0.2764677984244432,0.28178568906935003,0.2960101647503654,0.2804491210778325,0.1921096009068756,0.22645920451373672,0.32781990850852716,0.22343265770702928,0.2061594983230859,0.25693584696611926,0.23375821180610662,0.23941424477764017,0.28834451862237986,0.34044382788630917,0.2632096816521256,0.24697163641333533,0.2366603533969121,0.22445460752501692,0.2983830575249526,0.2527165578628711,0.22136987003225003,0.21028603131615345,0.2266372729650729,0.2890952150144376,0.23716661065915992,0.27624749899952505,0.26154982309396113,0.24804764052773998,0.2247907596543474,0.2558442960558136,0.21098419501192708,0.23523563439978837,0.25621974781994133,0.29958222229919107,0.2090402763553167,0.28017582392199003,0.2293113031980703,0.3068824612359638,0.2579792979127828,0.33241736064580907,0.19909946016942032,0.22707559854454037,0.31061253710361497,0.238802552902281,0.275201491674543,0.17842339835867266,0.21211234879899987,0.2552847902964798,0.2553456414006497,0.29457041513142995,0.2195586939093941,0.2826384520502478,0.28047341187252944,0.2042775265215258,0.25129460708619694,0.26916840722287133,0.3443535652513322,0.2459517741699455,0.225583279465512,0.24478697938919516,0.23593581865648436,0.27703476438869845,0.3233936738830741,0.2635332518067089,0.28071883516480456,0.2906236846835306,0.2545016279856746,0.2878277863783391,0.29577863957854855,0.21957534341096804,0.2992605596755648,0.2541420579886304,0.24708577672155357,0.26835763053487516,0.23724742792666648,0.24160534281956889,0.22222067943892368,0.3265786291336085,0.2481273560821457,0.30561696867900584,0.18691051987012708,0.26787758013417023,0.22432091878474966,0.2188393628681088,0.21702129830104358,0.24930456057107375,0.2593637985843638,0.31343398586307425,0.28044043750508335,0.303305896847758,0.22378486109393964,0.2841956958846725,0.26120539211733707,0.21320053812202447,0.3243788248779374,0.2666095761040997,0.2436260388737526,0.29422896622689604,0.2836560919899572,0.21179211890795668,0.28668115833819274,0.24899096978602425,0.21286378080586066,0.24053895091741329,0.2673231591107062,0.3024161294984545,0.23343310814207577,0.3036189085741744,0.23468701699939298,0.2324770978096965,0.27089896943720065,0.21291657761079558,0.29280998845233575,0.3561019879637956,0.23834319765725456,0.2502279224597166,0.2661619037031238,0.21062512848753343,0.26034038649815217,0.20343773143136687,0.2148738209217255,0.2432131033710127,0.24981987342005102,0.28163852921446114,0.24727051769608865,0.23013428385584428,0.27495951188341045,0.23610594491543116,0.27344034780066634,0.27681671878313446,0.3042046642122079,0.20780620705665498,0.25060607494020576,0.23745165984103575,0.21441155493522068,0.2018919335941371,0.3240073590389797,0.28985924210869607,0.24337413495644258,0.35325828232861095,0.2047574450935558,0.2524282927034342,0.22736312679553744,0.283316912501962,0.2264588084991558,0.25410340776774093
0.25846848566862013,0.28827988308412233,0.24115094104748813,0.28564292083662257,0.2907338791396367,0.20652468715737948,0.0,0.20797605098671074,0.2138235916067462,0.27257446163473126,0.26204891158398796,0.2826155355744215,0.2472454729020228,0.26210035855285163,0.3130000152064707,0.2255667068162244,0.25216967023480946,0.2842397657968185,0.25715213244974067,0.22469402827962967,0.26218709567069165,0.29828299020039506,0.39870243711582454,0.3137287056465834,0.27376115826530506,0.2494955031401131,0.2575428728297523,0.24254962238552372,0.25686056138834146,0.23483742127034724,0.24633539067153962,0.24036635622093777,0.27621419903666644,0.27726891450271374,0.2479787291821952,0.2437055646604747,0.2788540930408767,0.22717988688735624,0.24484759181541588,0.3178244189066174,0.2794424212686356,0.26606108963221436,0.2414971518065613,0.25870796963782033,0.27512163028431846,0.26381907441834285,0.2630380202392651,0.2202915468741925,0.4060283115047076,0.2345181367822468,0.2932099933919153,0.23892217026128715,0.2261816425709959,0.2908570043203947,0.28175325301875526,0.22384930480715268,0.2489828861789865,0.23686208253177912,0.3055205904589504,0.25973367094661287,0.193955205193756,0.18887557256084722,0.20047404241923697,0.2360625213066548,0.2253444763898052,0.19853117065838718,0.26797396675496815,0.267902657977649,0.24364088231575382,0.22179062125189003,0.2508699710673372,0.24306046503274434,0.20742933851270642,0.2911712580751877,0.1979930339211537,0.23705241717871592,0.2803514291890594,0.34770626378423525,0.20879528682583398,0.1858471293937821,0.20276588038482724,0.2677182365695616,0.26035373043206134,0.18003007219154235,0.22328065985628961,0.24803411987830698,0.1915904485948023,0.2533720152023402,0.2394755189062641,0.21813003516205426,0.28910318714429123,0.32258897709585593,0.27428860464242666,0.22582665785548867,0.261195380819314,0.2696572792926483,0.17713451649054018,0.26074383656171646,0.22030809295236473,0.2726111489532851,0.2378676502222706,0.2118176990597569,0.24826822006231597,0.2553067047273217,0.21339324971458776,0.24648257100878443,0.20692818738976934,0.2553995295347831,0.30977031836551744,0.27575150373839713,0.3261958237146944,0.2395843976165852,0.2105409214797158,0.2119496672992895,0.22458897725420235,0.26499668940295107,0.22659967942868886,0.2691300821726654,0.23354888620116984,0.22458707014660462,0.2534876814536757,0.19364818226112274,0.21110603789502605,0.3062790363235653,0.19405340518749967,0.26888844080278357,0.20802107030679054,0.2691458983955406,0.23130802875486867,0.26272489088589834,0.20153724096769074,0.195268461387862,0.18813481451842892,0.22052032085564668,0.2119498989449303,0.2067395011651842,0.2275815732068186,0.28836974991160313,0.26664156731066396,0.25767779736260443,0.23187284056537166,0.2280191801694129,0.3101354398973911,0.2251152969361021,0.25716300034690576,0.2952515786655615,0.24953753985947807,0.2535677739831778,0.24631557190480688,0.16737162319518867,0.22702037826082128,0.24444749233916033,0.279214455746614,0.28156242547248783,0.2799860889981026,0.25452663254518226,0.2519043782795743,0.2651749867748469,0.2598637252826206,0.24360194216289993,0.23680169361738718,0.22709887052148742,0.2229527958798727,0.2734105437372216
0.2583711868563958,0.30864629863193777,0.30212707810847456,0.260826950774189,0.21066337672035876,0.2874197058225542,0.20797605098671074,0.0,0.28257173611998765,0.3056194297436468,0.24403436016030317,0.28620133608730786,0.29774887008407497,0.22202262378176715,0.24883690236343678,0.32199498089384565,0.2963483483572485,0.25827752447715585,0.2542012915428058,0.2601888150400536,0.2940318313217381,0.26316999172538674,0.2266648766909858,0.22357565706329804,0.2960688938929247,0.24110155864707747,0.2592925823642802,0.2737265922039262,0.20885281141559692,0.2412773641864316,0.3334315839539462,0.2709711795344799,0.2632138269748048,0.2539768035432324,0.2368121351216276,0.2552312078974636,0.29330624216875345,0.31072396651690926,0.26100520760740314,0.23409462719130653,0.23819008892056673,0.2611570135104884,0.2576289629319264,0.22906540278864737,0.3485545999047594,0.2839483251277314,0.2272153671038912,0.22636402845613038,0.24083057951095357,0.24325926356690422,0.2621243181680118,0.2584970975543327,0.22312217819729974,0.2682216884960437,0.2471119568340026,0.2580184013874627,0.2629769682432937,0.33656174672159284,0.23128757209693313,0.25278582624994494,0.35730646144674444,0.21386650885174915,0.2713929837173748,0.20224045135297694,0.2081066898889111,0.24500257508112908,0.2568473116160566,0.2652241460780217,0.27319649104810273,0.45042812252930786,0.26540767598662524,0.2327038092054735,0.22453437123575376,0.3084931638009865,0.35923449387060863,0.222221073147454,0.27105086297808495,0.25567790389277695,0.31872497224639135,0.18997329999104273,0.23569442886022052,0.27249340565462904,0.3031401473069417,0.29952978302123145,0.2617745127212638,0.36438425606665803,0.329139652002955,0.23863016633409653,0.3306919092405146,0.2709341451872945,0.25028710039983937,0.2458024874404203,0.24104230868578175,0.22026795144858857,0.25759674357819956,0.29655719722296964,0.2630281822334314,0.28009933649489943,0.1846757357345979,0.29161878775953964,0.22240597393722586,0.29939370409969474,0.21878965838784453,0.27748418007481723,0.271066987081778,0.33183448954108724,0.28184046945174357,0.32771423659554444,0.24508426105564107,0.25645642673384095,0.22757422814994668,0.22859512633915524,0.25637361834478245,0.2905602351740155,0.26451398294890754,0.3130172762767882,0.25737885432948066,0.21910213981773544,0.22398978020875046,0.26243106196646226,0.2260144090487047,0.3522220061756089,0.2135808682072212,0.28976737327569096,0.1930334101132374,0.2777775252678639,0.22081085854758675,0.32018181621313857,0.27783637434157926,0.24228187800666212,0.30537563777754345,0.2904739842552628,0.2648147100869986,0.23276689695487063,0.2574063490345207,0.18829336397900773,0.24523499121082692,0.22617356780737216,0.25429021556841,0.27847997970390076,0.23820746390328884,0.2360690660208461,0.2884784326628968,0.23544975089459488,0.27058824455917496,0.24882060900569902,0.2997466747197499,0.2777660739069731,0.3111638026217506,0.19471652777146917,0.26557235288686837,0.2445453820761347,0.25184407945699716,0.2266372495031848,0.34214131157270694,0.32184062666785657,0.22583670112651752,0.3299286182144493,0.1898178548731732,0.2310097095148836,0.2357996839817141,0.23513663893615144,0.2395933235506759,0.24368565490751476
0.3194620578755059,0.2722020712068584,0.24236514997489453,0.21840327318141822,0.23126396098649052,0.26314919116359614,0.2138235916067462,0.28257173611998765,0.0,0.2357953152475662,0.224806631269764,0.2860886111071386,0.22625088783165134,0.2402502662792836,0.24891454338352859,0.2524546948436492,0.23760744276989085,0.27624929514842567,0.2619993042267232,0.307445404562519,0.27249720325992927,0.3114733730656079,0.20591991206564375,0.23352415609136665,0.2773880456613911,0.2169545014010305,0.23023299563600047,0.22967221114449973,0.19701213719989774,0.3212802873249203,0.3660553095545384,0.2600195904945854,0.23675944986338837,0.22963384075375776,0.27096139623364834,0.2442570860945591,0.25280345359869966,0.32855312939384174,0.24844814931489026,0.215741120164646,0.2264318127185619,0.3132448813626071,0.2528495911067335,0.25437946388009913,0.26990794950944413,0.24882034692887525,0.23608841332231587,0.22079633644953034,0.24104646774893704,0.26942464698927565,0.24878477005977193,0.24949545221605324,0.23388612819431054,0.24958723492755713,0.22051765497037348,0.3114644948380666,0.286289644993203,0.2718917234345889,0.22156638785171234,0.22998461878055332,0.2160413194072408,0.23397134981456297,0.24403892707157313,0.22356669004559193,0.2711565836315677,0.24736044686442735,0.24836540718525787,0.27198676622806894,0.23833427941488813,0.2826849117010388,0.3189654504686904,0.2608933949991503,0.2597547591527511,0.24201975037279416,0.29224317464797106,0.2455174713999838,0.20027748359425018,0.2210091720686961,0.26456400053592866,0.20303414239999176,0.23433054992956737,0.3856919189935233,0.3324938221587334,0.2283889304793646,0.28111172793740224,0.3448846331792361,0.25431193302304467,0.2732653832422188,0.2666158275205351,0.341539879603954,0.27377663893225235,0.3144028327308203,0.23699965025880873,0.2416109981178467,0.28623163068940016,0.3155256716877184,0.2751295092493322,0.27755807299097235,0.26028366937632186,0.23855687068501663,0.25829389608101627,0.20617075487490102,0.24844341745513407,0.2569298730868373,0.30158246368005476,0.2601812956780069,0.22008355385554706,0.26294657819675427,0.2177592327902177,0.2292652280796456,0.22742827181451128,0.2873344427432054,0.2509311971474193,0.29387449037219954,0.24456061829769735,0.2696037697373249,0.25232487687558675,0.24487269599666522,0.1915209279319185,0.26431533630618015,0.25969620925212983,0.2419535454740094,0.24483859639374592,0.2753997795304612,0.2988463073384755,0.23772820091135927,0.23271929739378328,0.23832586849649112,0.22287382926556704,0.2626343633837987,0.37658996469295686,0.28958479809583965,0.2272884662432163,0.3363225489165412,0.26283614089205204,0.22644613209145878,0.2828271266447787,0.23736650994723385,0.25037616969202403,0.30825705678765586,0.2308403264908004,0.26268541740409057,0.29094484350669525,0.28558724451321477,0.2749537471550437,0.2887287331980655,0.4132514968496013,0.22550521025700979,0.2988277084930253,0.19495036587588735,0.3141706387567165,0.24230310895182466,0.2642338423506565,0.219213878886028,0.28019358022048374,0.30441850312080254,0.21701557324527243,0.2713526496800145,0.22162785072692442,0.23000361286700316,0.19991685666964076,0.2995194767078989,0.2730936152894265,0.29783380547227223
0.2823608998640103,0.40496927562642826,0.38142859583827665,0.27298565527049323,0.2481866963698866,0.28057694518302606,0.27257446163473126,0.3056194297436468,0.2357953152475662,0.0,0.25284228976023104,0.2658500447507896,0.30748911411459473,0.26491980061028964,0.2587225471704365,0.2979756444383623,0.341899146330436,0.3178927699500748,0.250347991184283,0.25781861957778834,0.29047340069557326,0.2975950008667895,0.2997365935771175,0.2683434099560381,0.36461859764128596,0.2316170214010998,0.2516897298923178,0.31657754196864263,0.2930872273180376,0.22233142413469592,0.27470929717492004,0.2855262584381613,0.2368317025023335,0.2764724244603134,0.26712460412703826,0.24313208475767753,0.2853022991929318,0.24654373924676165,0.21431209882974575,0.29649335003516814,0.23538034436181673,0.3195621312344499,0.2284665973205505,0.23815091566473842,0.3100602376831277,0.28993429299663703,0.24306914085753387,0.23022189547050248,0.32451266667288925,0.22462198290438629,0.26491414525688733,0.2696876531876323,0.23158308950878206,0.29847920161742075,0.2683406233478904,0.28936255520800014,0.25582105238858643,0.24697431409567036,0.29767971115185354,0.2707345291557292,0.2807797413734546,0.19914780514103833,0.22403290521809407,0.20950652679201529,0.22524104725472285,0.24348535153188783,0.2630096524452918,0.26780022826111377,0.26553792472918736,0.2939794006502782,0.2511584574739689,0.2704583695586573,0.22361732579941662,0.3300577183569822,0.28969598890117804,0.2538567130128417,0.25075682104259905,0.3222435083105476,0.2302414485384819,0.21562970690555108,0.26488185140894555,0.25661655079010276,0.320661665240165,0.251099109676698,0.2556546544035717,0.31623314921151857,0.22330956307334632,0.2300979187013798,0.31151445662106336,0.24503907391096516,0.2492450885456245,0.26283553742553056,0.26164642410777084,0.22915093321140184,0.28517928977041296,0.29512910103288914,0.19376107068494886,0.30942698599799223,0.19578088664835386,0.3419797221503603,0.23619440735313715,0.2275489270001094,0.21154970423343802,0.2993686460290964,0.23018743847524617,0.29594449104265025,0.26435292059342,0.4085780778651229,0.2880632390114436,0.33007584175296883,0.2615614334560701,0.22354294945167325,0.2613245542162711,0.25648487875301196,0.25092871275974393,0.3568564056660717,0.2845349148827383,0.261518599212291,0.2833205176324931,0.2711571090260187,0.2322520276840597,0.2165917424352586,0.2304685550866233,0.3230322615466044,0.19614158762124584,0.3079038155059229,0.23465939699130545,0.2536664326655823,0.34336372432571816,0.2502955263444722,0.30454125692279355,0.2549075388689327,0.21514670106128264,0.22004096809745455,0.23163855246374013,0.20517439574625948,0.24950959954755478,0.2556318763207094,0.2775758964373451,0.24401894605015376,0.23177274051259159,0.26624698015552695,0.33180937314903336,0.22239317858368104,0.2612936258340279,0.24985325906376696,0.2359814878583751,0.32260728479148776,0.3930673685058979,0.19996696101042402,0.22230964289142152,0.2628700057703267,0.25160885846923203,0.2731378161922287,0.3073838368463096,0.27478658032436876,0.2307239872773099,0.3693258924053178,0.22584396590451405,0.25858428438999176,0.3229642076590937,0.2527299914300516,0.24150069241452973,0.2549232054766521
0.3083207341406501,0.2891531161360032,0.2941602151929291,0.3038556047385407,0.25640519080183893,0.2729841711972987,0.26204891158398796,0.24403436016030317,0.224806631269764,0.25284228976023104,0.0,0.3063665361920054,0.32766193602302923,0.2527688580663508,0.26683928335246093,0.35354008540601894,0.3060226881705695,0.29949644500493217,0.28338293132853964,0.2850722737290625,0.32276817399918023,0.34168509835726074,0.2530687874289281,0.30490981055219707,0.31949824916231045,0.313206825626138,0.25173970147437613,0.30126259995161847,0.2959196025186134,0.23191692281531792,0.2691442944651521,0.28239717978950035,0.2733832382023774,0.2543960809764457,0.2765069407320028,0.27847401033139885,0.3848117996174142,0.30084338756774265,0.328754596231012,0.2692750678550992,0.2604878942058701,0.2440366635839199,0.2764070141010141,0.3271586825908655,0.2937433827141531,0.269459855154447,0.1906376529428916,0.38801724594195175,0.3188389788930185,0.24653240725407574,0.3235721146256552,0.2634522434655303,0.22118672465305236,0.39171584232033474,0.36656660148925135,0.21054703476391837,0.3147863301666492,0.30433904798520045,0.26340868307278803,0.28205674288710264,0.32503745503792625,0.19366505734367956,0.2741263555998448,0.21273491052289625,0.2100540448172377,0.2542513098643591,0.31920416287906556,0.2889700812445245,0.2862378743145707,0.29211540060228824,0.2998489580181328,0.24029407548391662,0.25248988904237457,0.34664577506380184,0.2904649708807051,0.2538191923571552,0.3238221406999463,0.3054227352237703,0.2625465719616101,0.21804061199997596,0.24674272591794869,0.2585972743573364,0.27004438283772086,0.2850961435153777,0.23805420683029507,0.27322422636631893,0.2809254413566852,0.24831352652092692,0.24894527304565006,0.2513615212091741,0.32294026363432266,0.2161923707259631,0.31615868535405145,0.2793354100727547,0.2561567807646819,0.30465564828892827,0.22323483148446477,0.2139141446540775,0.19241308953982278,0.2528731107116109,0.3080454420937242,0.2525354818092727,0.23046319076883784,0.23079019570425077,0.2562841959829292,0.24992171491991716,0.24789852561140752,0.26433321029122675,0.2508619675093563,0.31379568415631226,0.36376370784673406,0.24772308349021419,0.26602035298018195,0.2632099560778908,0.2862056203763319,0.26376037063513363,0.23884487221636097,0.27638891474098404,0.2684741223228963,0.24018818667433883,0.2739356814889803,0.22324901737852856,0.24850169718707685,0.34097008238435167,0.21896614302757839,0.36306576196279283,0.19172064256867044,0.2848940738021078,0.276138569642014,0.26285683332178544,0.19806089675070535,0.28077735857606695,0.2932057069790333,0.27307802993893215,0.3714965300615073,0.2258104121057553,0.25471981688939543,0.2552633211332242,0.29376767570390033,0.288524102549527,0.30066638199008644,0.27078216676494926,0.25229774595621574,0.24856324833467874,0.3838896626603635,0.22605169188084612,0.2514952534820614,0.254375983800294,0.26513414287863374,0.18843999521299643,0.34300057521942345,0.24143027700841174,0.3554040073305745,0.2090314523792695,0.27923391716826124,0.33962974882817265,0.28674432266449845,0.2919361240058257,0.269165817791138,0.25117631551586755,0.23155356310686004,0.2724326924640923,0.2095600265578443,0.37429483252687246
0.27548062632628667,0.3000408703325004,0.26500783463647354,0.25714336765917817,0.2406657899662578,0.28751441356340124,0.2826155355744215,0.28620133608730786,0.2860886111071386,0.2658500447507896,0.3063665361920054,0.0,0.23600054580286106,0.19147738573222556,0.2631599103873943,0.29396547814361856,0.26605704143035075,0.24358310875852612,0.3511411429618064,0.26221340463243115,0.32114299141351743,0.27887866798178235,0.25857776204532973,0.2645766553539335,0.35465895645017853,0.23117724558381858,0.2567512820916827,0.23743343432395284,0.24140507296541097,0.3259608252805573,0.33099252631774156,0.2811604927059147,0.26535536404454196,0.2910981404673978,0.2291478465965329,0.25908443813889714,0.2916439839618202,0.28516767102829044,0.3216352934269073,0.23582796674908857,0.2563859008652687,0.2757090540406149,0.2627998785342402,0.2771936106048748,0.2709293903201019,0.2718634189993204,0.25642276742669634,0.2538358922379608,0.2718232499068693,0.2455039399886492,0.30486628369999175,0.26788338527939076,0.21434704467897273,0.31120015884445956,0.3025194618087301,0.23968673656255832,0.30587762267656526,0.36974538138761354,0.21333047032847993,0.25336134609207733,0.21650663934002867,0.19730365876079203,0.24770077802062468,0.2056397516102522,0.20922469715796582,0.22693009869624586,0.22481770909345256,0.2433066070642656,0.2260532215703399,0.26349084224964103,0.25202096050643563,0.2083519562890144,0.20899390076674876,0.2632442852035132,0.27115749286241664,0.23549589560171455,0.24194746223586266,0.297750035924832,0.2534076497274894,0.1963051427936337,0.22143166570536396,0.28246562143918347,0.3129293531021092,0.21007192145166892,0.2522966582027948,0.30598091818606044,0.2281466551989026,0.24543639942322537,0.2880695115243453,0.2723180001572379,0.29756283236858067,0.2810058120618249,0.27961370786904455,0.2495993315460397,0.23170392028349215,0.3701577924131404,0.21506285504440176,0.27625193639769186,0.19463552892169164,0.23540588749082392,0.22332912515444092,0.24005311562127613,0.2540646888229723,0.3278671316303187,0.2480721086590882,0.27255068561903306,0.25245586576231127,0.27416500262006677,0.24003073648474724,0.29297651973334354,0.363972312583457,0.26085274600906266,0.22278020623137754,0.28249255939013274,0.24324083201048843,0.274735199524309,0.2456668680641932,0.29415091197718507,0.2320366397733891,0.23175040624552642,0.2338152386838699,0.23194031205215584,0.2155569956983048,0.319481705247967,0.18945357601592022,0.34827330830316205,0.1983969037617762,0.3075371479907636,0.26302846431702187,0.221668088219953,0.2537192676088877,0.2497551028031164,0.21216464612157912,0.2622886539597291,0.25293633805042065,0.18831638911124507,0.28926963611109513,0.22764360270754103,0.24825034835533852,0.3197788221584649,0.21872740107885225,0.24462508467802382,0.2789248947411117,0.25194222393916027,0.2966456349281696,0.2981729715663993,0.3637779257291354,0.253629769069733,0.3231717078204989,0.20102253485027122,0.2800065570401932,0.2654570710675179,0.2936526470337931,0.231474508352348,0.38432258394533336,0.26239965293294437,0.2354430201619102,0.3219309239003946,0.20022010529699957,0.2377468606073247,0.18796678707950631,0.2400273440156057,0.2237618633746011,0.2854502642040098
