0,1,2,3,4,5,6,7,8,9,10,11,12,13,14,15,16,17,18,19,20,21,22,23,24,25,26,27,28,29,30,31,32,33,34,35,36,37,38,39,40,41,42,43,44,45,46,47,48,49,50,51,52,53,54,55,56,57,58,59,60,61,62,63,64,65,66,67,68,69,70,71,72,73,74,75,76,77,78,79,80,81,82,83,84,85,86,87,88,89,90,91,92,93,94,95,96,97,98,99,100,101,102,103,104,105,106,107,108,109,110,111,112,113,114,115,116,117,118,119,120,121,122,123,124,125,126,127,128,129,130,131,132,133,134,135,136,137,138,139,140,141,142,143,144,145,146,147,148,149,150,151,152,153,154,155,156,157,158,159,160,161,162,163
0.0,0.8432557082195483,0.7039762065896843,0.8281397397263265,0.9119695071995592,0.7220977553103629,0.86580891037388,0.7789460559515688,0.9280822122665836,0.6912173523334754,0.9166325269871276,0.8317012401143256,0.8310793549639058,0.8402911594956236,0.852325088809803,0.819461095704736,0.8245595464482623,0.9611275125301773,0.8699525763963806,0.9589154539590157,0.8784851485199547,0.8790468054127658,0.871739802928575,0.8433472479350267,0.85820361396477,0.7610715058425701,0.8447722843422134,0.796181044173998,0.7764133576740146,0.8994321072544122,0.8596654136747591,0.8218821112584059,0.8171778489384275,0.7520225997238318,0.9357107640487126,0.8205534891867916,0.9119710373375578,0.8987358936760832,0.8301626939505673,0.8681877486590245,0.8166376438002307,0.8327391472810243,0.8933106288612187,0.8561353334369983,0.8320096589217503,0.840459367498348,0.7948397874050344,0.8517800394899998,0.9160907112816009,0.9405014355190795,0.9207849977504002,0.827496509248001,0.9440432620519108,0.8465958553212481,0.8513069437779942,0.7448361729380202,0.9707760030992638,0.8517271232110787,0.89888708505963,0.8721507753597932,0.7531712264003803,0.6966095278676475,0.8824922947824524,0.8202955364312345,0.8779111431761851,0.8524496555561246,0.8108108395050926,0.834621375381524,0.8443090352561933,0.8679751047679196,0.8758900017328194,0.8954942551736983,0.8501403902300448,0.8612356177355016,0.7917529677601849,0.8240270793188804,0.7804707244841443,0.827957900334296,0.7999021134364618,0.6727440391517855,0.6753989249888186,0.9126742948188888,0.8821111502660612,0.7325967029126079,0.9116713327618302,0.8671258453535943,0.8580208609731753,0.9435654970320376,0.7700515496694629,0.7734875313384655,0.9528110224218758,0.8308001252501748,0.9334317825427039,0.8775623601369212,0.9476494602861458,0.7898350183322879,0.7399731748629691,0.7089834125394974,0.7944223002461768,0.7389648251195952,0.8301857750824619,0.7418716444078586,0.8167022669327868,0.7230452736150185,0.9051325490536656,0.7735262459905837,0.7135289156240794,0.7706800485251479,0.8342679333449136,0.8014027699435653,0.848243932911756,0.9306362251522775,0.8023237335913733,0.7923978937995302,0.8707886454488435,0.8195314338132478,0.8432286695639155,0.8806500056642753,0.7085366492209405,0.7282573624543247,0.9188049965653875,0.7435997401991619,0.8679772208953848,0.847175937919344,0.8789131599879128,0.76414234347641,0.6964017461545041,0.7849929470645675,0.7193360245044789,0.8569457957789882,0.7546868950018587,0.7406329774129903,0.8291965573368689,0.8893792342071336,0.8284886236264366,0.8171063122322854,0.8806630920886754,0.8843717175747574,0.8728758785917785,0.9011943876724718,0.8168007026796856,0.820253111767859,0.946310519941447,0.851603138558287,0.862463120062754,0.8937790007658566,0.8548354287067755,0.673974950252864,0.8039291453474555,0.648452334022004,0.9155685914456811,0.8933069069085928,0.9566050232885474,0.7473931820112838,0.7801298147089951,0.8710799581147911,0.849569499806091,0.7154466382671563,0.9018404611217506,0.7966794957573186,0.6248830818208734,0.937836946226577,0.8512952525453132,0.9739106899846106
0.8432557082195483,0.0,0.8145840893021349,0.8390136906394416,0.815983383579956,0.8528119731801928,0.8258170229199988,0.8665749115837931,0.8042141371354308,0.8521238184341368,0.8931775897069032,0.9220135874138342,0.8679875164373081,0.8693629666635149,0.8020651056776039,0.8716764050317083,0.8338739809406962,0.809500717363262,0.8445812343268786,0.8853212680418314,0.8813680398093313,0.8713911023650021,0.8115890894506161,0.8197419042756549,0.8945819355650346,0.7602759350301522,0.8345419422629154,0.7662874394525263,0.9713328100844909,0.820643565512024,0.8600373695444262,0.8716780283422797,0.9028912791298056,0.7804994346793259,0.8736400274443225,0.9172837683005305,0.8911499350922977,0.8900650922994351,0.8602986233535375,0.8589073175648774,0.897367014891496,0.7769614390609947,0.8108254001288363,0.8557703008096356,0.9070931307057876,0.8228285226083578,0.8315424819610946,0.8828177229204781,0.8481111290574544,0.874449007428645,0.8493045780390467,0.816157336370333,0.8986075729161667,0.9387552924157062,0.9356403181809645,0.8397231109554443,0.8471683317248547,0.8744358700570231,0.85213032727883,0.8919658138303311,0.8517624322558968,0.7499173513888097,0.8234173919594243,0.8621483836829598,0.7352127040514203,0.7716963428944971,0.8234571514104322,0.7812162660871571,0.796732069886708,0.8149097637124296,0.7907951032679659,0.8627039824082824,0.7686412296838677,0.8488685971586677,0.826334523509487,0.7936395034014586,0.7773868023428653,0.9006786821157897,0.7904284326127087,0.6975408250065774,0.8014392971871485,0.7727985161455964,0.9080755252521929,0.8381533085756437,0.8282395452471878,0.904000352081298,0.830934310562702,0.8332936338491781,0.8086498690870324,0.8387077323819012,0.8309923242628161,0.8536536834541271,0.9370060430266258,0.8039645796101249,0.8394379679226391,0.9244524126149942,0.8067679278961583,0.836248870597736,0.7840219554744764,0.7879378458539957,0.8741896765981271,0.7549917864696036,0.7518776249517768,0.8349739736129456,0.8566817561174747,0.8130949902400993,0.8033835750281085,0.8221313208226917,0.8904031324764408,0.883901286248065,0.8395726737429853,0.8221281748028079,0.8135123473664222,0.7978881676547485,0.8553902223540093,0.8046421775852813,0.8541526011220272,0.8565926226666678,0.822075291865036,0.7585416307533391,0.8274770464694867,0.7694634893186572,0.8471865711261432,0.8365044034889907,0.7890470044120241,0.9193277828848541,0.7246939948629707,0.8873779682925153,0.9123066525775267,0.8522517037872734,0.79681782671871,0.7739391646898969,0.8007941729786898,0.8268075628948721,0.8373702628339307,0.7594453476717109,0.8978781819072276,0.8508625630943556,0.8994131282128945,0.8533891060943108,0.8715055718464007,0.9068852361731035,0.8949662033902023,0.8723656984697377,0.9251457035722502,0.8083297360591194,0.8319161468953883,0.8095920926216696,0.932025710354236,0.7549127875217322,0.7966586023400297,0.9341441060547422,0.8645855037640591,0.8757034220896138,0.8744812677789987,0.8200926024298095,0.7924968869633097,0.7983033578963974,0.8599930296063689,0.7508988619155429,0.7792863487006146,0.8677311369096973,0.9367873083759513,0.8052463595514064
0.7039762065896843,0.8145840893021349,0.0,0.735323605717808,0.7627404441617516,0.8431329311703949,0.6656121556961087,0.8241628455577695,0.6911957001598918,0.8729691127399938,0.8324354164760944,0.7712251393459829,0.8151832657834598,0.716241178891015,0.6567392225663986,0.8612415712103628,0.8285979969244412,0.7395756966030723,0.7070082937158012,0.7170008669353662,0.8524310555517662,0.8635042613185349,0.6798524824345415,0.686752740878082,0.796272119739133,0.6964129211974359,0.7463956389555281,0.7062214062236034,0.8466439151628822,0.752035716028661,0.6456154644295221,0.7596013159828271,0.7210502862122959,0.6092573034237329,0.6728726923188323,0.736377956443531,0.7453187690996997,0.7739710278530119,0.67242986487461,0.730273596036527,0.731190878620474,0.837114242795445,0.7200007808782951,0.6910629663979545,0.7247270752470599,0.6668294881348237,0.7517057918511223,0.7735426273476627,0.6891518949953216,0.7273854797438839,0.7096077696955412,0.7527295761354409,0.7033781006501596,0.7899586976446742,0.7486980093524707,0.7348616074083499,0.6903579873609883,0.8693853349659977,0.7316900348197662,0.6812274838370544,0.7806763754156747,0.6315170892773772,0.8275350446586254,0.7209465973942801,0.6097925218013591,0.6460358140542332,0.6637205336053145,0.7644731573463366,0.8527959529807062,0.8220553495536459,0.6863886800807886,0.6421664543465602,0.7209132693060919,0.8050636560423831,0.8375510409896054,0.5834110508975223,0.7081240938688235,0.7836385392051731,0.6383919629774358,0.5945570708181332,0.8876424546412894,0.6512853266560381,0.8039147958797126,0.7854809602265659,0.6962945573513188,0.7817001716608466,0.7499500317911899,0.6663269609236314,0.6557068164695208,0.636985786828716,0.7721519098234749,0.6284695738892444,0.7563080511852622,0.6038823699943746,0.721134288544935,0.7827810079074022,0.6628732812418585,0.7187153163391555,0.6161355794013686,0.638236590589533,0.6247665427710164,0.7142571489887902,0.6272303414454714,0.7778057509716348,0.6974179742714922,0.7579836307421702,0.7528805391388098,0.847912658024812,0.7179099832477931,0.7769414239437158,0.6918445647748606,0.6720348550623492,0.7399347381020377,0.7584000389233619,0.6688315742099146,0.7512632816234823,0.6844698785711413,0.7422646250752355,0.9031813413927052,0.6755575535692045,0.6794316737345594,0.7043842246030751,0.691774854891569,0.6769472748221491,0.6152792110372167,0.7613665999580806,0.6565496330196783,0.7141550570776422,0.8102673536438241,0.7041249570191179,0.7909402549034037,0.9034266181395483,0.6401986228014735,0.6529932477448778,0.7072913740103165,0.6256171377648397,0.7080297470832109,0.6565799189006635,0.7962064760752052,0.6773263305971194,0.7201887142760973,0.7728934115895414,0.6926215556518105,0.7843920071835997,0.7438531932653878,0.6787836799825387,0.7274728646435283,0.7584477380935901,0.8745212624278837,0.7074414123250673,0.6133673899307095,0.7314320357261124,0.7685674749074416,0.8646030636915812,0.8091876768307967,0.6821952069321692,0.681363791780661,0.7798789791241355,0.6446763175776307,0.6351466878973818,0.8331731534357365,0.6496164997085115,0.7674944148238483,0.698499868637326
0.8281397397263265,0.8390136906394416,0.735323605717808,0.0,0.7560044656801476,0.8008640878099362,0.8688307532824352,0.8440001454163616,0.7281764285727214,0.7929992664683013,0.877491391125518,0.8445662752445664,0.8819555225565826,0.7764302246580649,0.7632973252988202,0.825736941516609,0.8304985776971282,0.8273191951574086,0.8416252221315236,0.7777940024482235,0.8326558596052681,0.7848503152754817,0.879403613508549,0.7978480549171056,0.8741209010625537,0.7864661156568504,0.8663842492075213,0.8404506064140235,0.8148710175682768,0.8064458319046316,0.7590663904514713,0.8342513495312187,0.8858918781999233,0.8028369535493285,0.7740685646220214,0.7608514859900143,0.8827594405694658,0.7736338148872467,0.7539179381527136,0.9052368575247496,0.782562385457584,0.7655436829568336,0.7742652667658017,0.7767835593984403,0.838697621169282,0.8427516321270971,0.7142915573082241,0.7880409495823162,0.8622827447569869,0.766419663117353,0.8775767167957529,0.8105334699993884,0.8100038723042178,0.8763337656481317,0.8569680846343782,0.7373118939938867,0.8327740165661889,0.8454047197285649,0.8273172257712591,0.8233012217287407,0.8706244257468814,0.6610053167788679,0.8220645482515182,0.6930065315852239,0.6873840575233506,0.7976854122436724,0.8583860447297886,0.7658367677993488,0.7662397594645955,0.8593283054156312,0.733296923422532,0.7505185059333878,0.7723391198014247,0.9124340528351894,0.7889574907293054,0.7906334187662135,0.8474684162562502,0.8522210671220365,0.7684482280064905,0.7081926403842733,0.7303287307244548,0.7459554598663015,0.8359607617140778,0.7635199858343735,0.8234119373971672,0.7873506234181753,0.84458928129712,0.8227343968078543,0.8391641233117592,0.7358388259135065,0.8365220999079804,0.7637455569570512,0.8445952283020596,0.8019884674364469,0.8162052119884706,0.7948544363316269,0.6636913067940335,0.7428173885413879,0.6610494473342808,0.8370525118192631,0.7566542471235443,0.7866979988730499,0.807751760414914,0.7555268995514152,0.779660723752282,0.7831239623416765,0.7911823206125147,0.8147773855857712,0.8457448156698184,0.8075638411835129,0.8658036846854171,0.7512692753790354,0.8594480443369483,0.7832236345467689,0.8304191952110316,0.8358111451464164,0.8502371415667503,0.7913746575199744,0.810476910799299,0.713318251381617,0.7275917633350187,0.8086264851976701,0.7589684690494126,0.8530133677193047,0.679246496364277,0.8326809537270955,0.6890215851289544,0.7814482903047667,0.781685691484713,0.7476591320264439,0.7166589768954847,0.7145758413891026,0.8152989109221215,0.7371688042768315,0.7203886776738128,0.6484240495343742,0.7737346004928383,0.777354620833399,0.8338930986314302,0.7957752735203045,0.8693982602818203,0.7519655446906951,0.8698761274622795,0.7357493017504986,0.7881382638544069,0.7906673937916767,0.7081742271650575,0.7995680244649468,0.7747095460385406,0.6281288039538143,0.7951177909201383,0.8553581846531354,0.8167567320690325,0.7648583538389904,0.8589026095329348,0.7946145526049251,0.8547737031136542,0.8505066968632848,0.8755440832478542,0.8311819051224398,0.7683046104229112,0.7965435707864764,0.7773859241282213,0.8024678549264243
0.9119695071995592,0.815983383579956,0.7627404441617516,0.7560044656801476,0.0,0.7047335107369689,0.8217604943306062,0.7103651640644798,0.8686445478007222,0.6749458222276183,0.8819463451500169,0.8031377876546684,0.7572866209661211,0.7610519923734433,0.869586088248434,0.7848333806547734,0.7702081769653997,0.8923869861017301,0.7939632579217811,0.873773360181227,0.9152680515884591,0.9303809213038825,0.7627279045845128,0.8611762386379206,0.7990278614330134,0.7686878932385823,0.7338828420298472,0.6826190726776031,0.7736293680547132,0.8347827503820945,0.8123428900113355,0.7384968598551773,0.8020030798449572,0.6466970534763835,0.8690065127280449,0.7926071760796477,0.8573937999768307,0.8545830476576275,0.82406479533521,0.8156383307679738,0.8491375135108835,0.8202896377358416,0.8977970671793681,0.8861886764211429,0.7540763986050819,0.7613226896268607,0.8458082735490208,0.8946945429110381,0.8289543113284801,0.9089056130325196,0.8691264320063038,0.8381244236978359,0.8662787264423588,0.8430019233477525,0.8022139195075455,0.7135248807073147,0.8782353108138649,0.8287225819230424,0.8335431543065979,0.766697004618303,0.6796458039177549,0.6525685618983909,0.8885739196982635,0.7870989499870676,0.8740063641033012,0.765378898690749,0.722080886542942,0.9073715448778878,0.8144256045719248,0.8037162500223558,0.9088574418689616,0.8181558414666298,0.7546433423821246,0.8027727486507074,0.7310940531618345,0.7082976637241696,0.7150200522325265,0.8412366567462636,0.7451980975785197,0.645967851555281,0.7409419122855501,0.8975021748331781,0.9096563142186621,0.6839607070757667,0.8014837398621898,0.8360138827987467,0.7626631121608355,0.8288104221722711,0.6480997226293529,0.731167756815928,0.9248005416999117,0.7701077281139665,0.8900891550881231,0.7628972850356561,0.8882114679207618,0.8167916079310377,0.7202874599228768,0.6736960983476052,0.7477001555053784,0.6367558935794422,0.7606112569254012,0.6894737468473328,0.7556616780600793,0.7486448786397205,0.8135668748511862,0.7449380096699193,0.6627827893657176,0.717640266466948,0.8080809945532608,0.8169631367120322,0.8004603301151215,0.8820927741021787,0.7174278851297062,0.6968231956442255,0.7830738968158345,0.7557141248634318,0.7255132483827188,0.8454051789502006,0.7215098175718165,0.6613164714779529,0.9329090967277606,0.6858531333426008,0.7960859621815631,0.8167650804712266,0.8471353810638668,0.752711794010127,0.6346244622925832,0.7546300882740421,0.693961627897624,0.8657685338330993,0.7006789499879978,0.7656245087103435,0.6972949881430056,0.8400503154900869,0.8445331116557595,0.8688784667437316,0.8576831205384268,0.8672748258615378,0.8359857857480637,0.8535655010809022,0.7951863008032606,0.774464673983059,0.8375238068713519,0.8390763873690638,0.8653277726569628,0.8309051525619774,0.9214533315753497,0.6705377698628856,0.796169528789531,0.6168554992775932,0.8226356952797025,0.8323957686575852,0.8928801724907185,0.7904974931305866,0.7824612179702434,0.8374635439207551,0.7651888369049393,0.7140672274933989,0.8241125024271448,0.6903037494559066,0.6494574525137503,0.8357214407602422,0.8414092949869525,0.9493136859979368
0.7220977553103629,0.8528119731801928,0.8431329311703949,0.8008640878099362,0.7047335107369689,0.0,0.7011165968719455,0.8879200923457264,0.6876250912968761,0.8502446414383467,0.8199884231362177,0.8435528503002351,0.8837642193967497,0.7733376720562526,0.6252788012559479,0.9172023526974645,0.8750396817046742,0.6929279289829107,0.7634989967439634,0.7242313766144959,0.8188768526654843,0.7415695107027709,0.7297638107748362,0.6660601892106478,0.8173321355993418,0.7349519004021492,0.7871544951477382,0.7828526707234763,0.8681067838366627,0.8081074560232376,0.6904047486895591,0.8870051179098539,0.7702475977001927,0.7572616237942345,0.6966491762180714,0.7876359981859472,0.7944055802689068,0.7855055872119606,0.6979115081874903,0.745632513451163,0.7328717539443141,0.796651118183944,0.6910734607982288,0.7106583523310468,0.7918639112065945,0.7388932841993852,0.7728134416511843,0.7546880815718138,0.7211043610620441,0.7275732090892199,0.7627890033596343,0.817791121445609,0.7518578531253227,0.8110088172319192,0.8147607047397196,0.8720326392201965,0.7365861205785889,0.9224983604582027,0.6918361544347895,0.7939556468643583,0.8742637332931186,0.7685800093955489,0.8266248581995631,0.7235882500140078,0.5818676926647413,0.6991372076774234,0.7244137959718161,0.6986125411757804,0.7480412094128659,0.7950013625262481,0.6691250537541346,0.6842724206337812,0.7610704380573504,0.8312785510778249,0.8784108482001791,0.6989717782997686,0.7881976200081167,0.8546187911263116,0.6997511452666062,0.7624478170805002,0.9097116248240426,0.6363348818105595,0.819027425678612,0.8735571516129206,0.8025456527361989,0.7964334524555541,0.8362201163034725,0.7078651440436878,0.821615641339772,0.7261685132003722,0.7750770652795801,0.7186200833006754,0.7968086792770365,0.7031616167448952,0.7222457102682442,0.794526110817243,0.7025832260230951,0.8247607185012834,0.6834833787514395,0.7860139142058772,0.7052499726541797,0.7524632024730835,0.6721325068406426,0.7248519365865987,0.7642563955029696,0.8405850708632425,0.8641118967616764,0.8585744448167649,0.7572878925155296,0.7799039584409061,0.762572016690282,0.6927491018553203,0.870374575405309,0.8336049966475306,0.7709621366986638,0.8340459217182845,0.8279719114072863,0.7209839521667526,0.9009546541618053,0.7845534430552983,0.6763897346964507,0.8181601893539937,0.7818688442892551,0.7553634216246743,0.627537996455544,0.827031026850931,0.7839903321726694,0.8174877366898211,0.8982291987107105,0.6637506478536933,0.8443577143952513,0.8831240045265399,0.768470874242222,0.7052752558252323,0.6580208505617664,0.589202642150249,0.7504216256589153,0.6611463365352908,0.7210895569790217,0.7026981123079249,0.7170197084510153,0.8723558870355963,0.7689073285525448,0.76136566093476,0.7696408914211018,0.7083517093717542,0.6969167147954642,0.8332228156618072,0.8313215788248197,0.8128279766889442,0.6581217591045758,0.7935595914944077,0.7427321900042676,0.7793937055411004,0.8316281277619814,0.6695649243931205,0.716785885618226,0.8796593917206034,0.6824640391118731,0.7774617468618571,0.7587845266158005,0.7371153122522,0.7942039223159874,0.6875515220951391
0.86580891037388,0.8258170229199988,0.6656121556961087,0.8688307532824352,0.8217604943306062,0.7011165968719455,0.0,0.7202080796105793,0.7278427243349669,0.7394826600256678,0.8523491609466471,0.8815241824924388,0.7985297111809369,0.7213904523585967,0.8838161859201019,0.7653601377671302,0.7490156427325947,0.8312338957044921,0.8937851154719092,0.8262942879126627,0.8617311108830261,0.7896157159191355,0.9122870441571385,0.9353993665486848,0.8848010327567523,0.7629699148588707,0.7681401576257497,0.7558200331770007,0.7908604472367259,0.8010369377611147,0.8509243100363645,0.8265348696786932,0.8461959523033222,0.8285298023320437,0.8140088771235556,0.7508361650535179,0.9298168614919229,0.7265860035390657,0.8652218005851066,0.9154097210553782,0.7897501307594659,0.7089354639591084,0.8719386106677679,0.8684423904857067,0.8334052410605909,0.8997375653794375,0.7559900047501281,0.866052404018406,0.9632532781942619,0.810299557535623,0.9514749679769983,0.7553557870434459,0.8322136252426694,0.8944441523362575,0.8956223062792577,0.6854805308816444,0.8974018578848335,0.7589644579075595,0.9009428956705252,0.8282985910125278,0.7696379278175789,0.6296379991868187,0.7542924422297187,0.6913493381765269,0.8198545818718979,0.8743632340773952,0.8659368542043354,0.832394102967881,0.6933381934958498,0.7602007686915662,0.7994947630975143,0.8049040697658886,0.6916980178263256,0.8747059293913958,0.670207565215646,0.895058978087481,0.860765884127913,0.8816600907791765,0.7675051213857609,0.7362492066465967,0.667393262138028,0.8100859666861259,0.8775276367091274,0.6344472138636015,0.7941019896335717,0.7291725059974832,0.7759484538999105,0.8882945947554195,0.7882143421320116,0.7544627472513895,0.8032827869930853,0.8175826108313764,0.8986258868338468,0.9006278944163497,0.8027418843695963,0.8105364286269691,0.6762229004428987,0.6853192613573608,0.6701003050288117,0.7791179019269072,0.8241647397781915,0.8044160760464871,0.831023990152571,0.7491515977308079,0.7489193774656566,0.7450045631366169,0.7581045803332563,0.7040297610555049,0.9029498284209354,0.9058837879117876,0.9639735652039195,0.7839857742249887,0.7551437394290997,0.6729251781606359,0.794213502329231,0.7309801233609159,0.8349847063351441,0.8993023927590637,0.7047471472102231,0.6056946163419434,0.8019269072609676,0.6651154584720631,0.7542348985795801,0.9533243991311663,0.7409760730016856,0.8527176220492831,0.6205859852784823,0.799541632789973,0.7128420559242451,0.8002760317443668,0.6208722846311376,0.6358049069055356,0.7648916352491073,0.7289724725066524,0.8128132515838863,0.7635528379700005,0.8664290527535743,0.8542078251421371,0.8314998107203813,0.9026127734860987,0.8392023543328803,0.7271165745087,0.9023262771549727,0.7120366167663782,0.8523674551605578,0.8352009746445728,0.7529981947468888,0.7878838827139378,0.7648641898974289,0.5569674192037881,0.8835813117583542,0.8784466165570309,0.8313294594892143,0.7845309886115025,0.8384110842369793,0.8849500819457508,0.8975759400735931,0.7968154256385178,0.9042457149435393,0.8262856769433028,0.6915361931518585,0.8274738960249156,0.7912947091054057,0.846546953394577
0.7789460559515688,0.8665749115837931,0.8241628455577695,0.8440001454163616,0.7103651640644798,0.8879200923457264,0.7202080796105793,0.0,0.7537211527558635,0.8361844988096279,0.8577699853183747,0.8494398215563802,0.9081147841232486,0.7987222680814009,0.6944048507553456,0.8935574687865194,0.8446706928525106,0.7675380636823305,0.7953111072734123,0.8010453603036237,0.8217088714718555,0.7945558519508518,0.7662424116127279,0.7090154195316309,0.8551074989724862,0.751417759870573,0.8518824275037636,0.8042555957013725,0.846430301300352,0.8031022091941775,0.75709548352833,0.8646970902197634,0.8147585702560526,0.7628231020422974,0.7512109636310509,0.815706402697298,0.8507287531958109,0.8409281243727487,0.751843064874837,0.7842305286123964,0.763682203711523,0.7702128131838073,0.7576077611551493,0.7271798051856193,0.8805388591708365,0.7968433264918673,0.7251079777091508,0.7836197312254378,0.7643400653087817,0.779918157761105,0.7914759789451935,0.7778152899924615,0.7770218865769416,0.8434496684528303,0.8483509414207769,0.7932395911375543,0.7853371544683133,0.9037732270989413,0.7546554841476445,0.8261637741335502,0.9485444775087073,0.733618003097392,0.8475323520098936,0.7544545258778266,0.6379658958191339,0.7700057831229502,0.8048947200871653,0.7336903628068808,0.8104022928206327,0.8996669245676888,0.7212844878778428,0.738322010381237,0.7797325709311619,0.8645162268996478,0.8846737719384808,0.7212842965004364,0.8064848091972562,0.8044616103420025,0.7858098587975065,0.6637521599019823,0.7835942334527349,0.704350983804306,0.8199229036737722,0.8954905618870591,0.810388531104269,0.8602681142683812,0.936343050775394,0.7766030426361166,0.8415667042042092,0.7752401962363062,0.7917467361574794,0.735884469067128,0.820442627847451,0.7334030730269344,0.7618892825852364,0.8156460499366895,0.769365332439675,0.7928831623796593,0.6854715164749902,0.7972056493868239,0.7510402761334304,0.8352172978523262,0.7177587212684222,0.7602678747361783,0.8176514949018762,0.8365276421792393,0.8586218790237644,0.8488943200300161,0.7848197542182399,0.7779298413049622,0.7661804664217442,0.7395112379575158,0.8544658883361027,0.8582220615546197,0.8117014174368188,0.8166850917844641,0.8083549284298727,0.7710143885635398,0.8181208100053983,0.7627236519591153,0.707429219151178,0.8870265581918403,0.7690928246995478,0.7603565946644633,0.6657030315930488,0.8400602158193197,0.7356560222779785,0.8422597487004224,0.8624949138786501,0.7422532207590002,0.8200046530341795,0.8336650875496172,0.8348613152930571,0.7395844334152798,0.7386497903440752,0.6297777422725382,0.782699623522769,0.7190452306479979,0.8313618295687657,0.7751953996965448,0.7960752945869632,0.8365288199386721,0.8015127011820409,0.8005143201983933,0.8012427734483246,0.7466770399934226,0.7333562873117927,0.7960872842293787,0.859058727434569,0.7458036073160945,0.7391255431388178,0.8055107903624875,0.8048407765521146,0.7908227019687384,0.8435768332591534,0.7768125550905777,0.7680863579243924,0.8173847047245889,0.7417792586023947,0.7534942099284273,0.7427206551771123,0.7558842882144741,0.833343855903622,0.7306477944572534
0.9280822122665836,0.8042141371354308,0.6911957001598918,0.7281764285727214,0.8686445478007222,0.6876250912968761,0.7278427243349669,0.7537211527558635,0.0,0.6380658146177991,0.8358259547260024,0.7415958336755145,0.7445119275981059,0.8434172782344029,0.7868000613780815,0.7480718772498506,0.7522743352483676,0.8953383390895565,0.7599844816403021,0.9109051404478538,0.7828570928769718,0.8691791736393343,0.7325159310163487,0.7261082428523614,0.7573468744714174,0.679683518803394,0.7876790738258327,0.7089951770098799,0.7302973452599801,0.8329036186133708,0.814508731534855,0.7254203503826813,0.761319632236352,0.6365318202788126,0.9200820546482003,0.8133118728966539,0.795132087730822,0.9227768748671166,0.7649571987237667,0.7388783467513319,0.7879895148704477,0.8212871942662414,0.8000410539631339,0.7877260262263269,0.7539327871459662,0.7074311211833185,0.7518395721520268,0.7746366512986099,0.7747526635919206,0.9099575761158529,0.7863126560870505,0.7685982193854535,0.9032113379821648,0.7634146724671474,0.7578200582617487,0.7432626149169158,0.8547748688715712,0.8106189929282599,0.7980523116043993,0.7929925586859794,0.6852489608546165,0.6976542077139731,0.8420900855795954,0.8511613229764909,0.8338112865366197,0.721554926632841,0.7119751807697442,0.7693932720498748,0.8500777520275997,0.8352032099385117,0.8463861220167067,0.8626147119580057,0.84238635673632,0.7403171813377942,0.788004265732609,0.7043098739690047,0.6567431573179029,0.7242954647495116,0.7293676993512812,0.5837380768473014,0.6431441600755553,0.9012195697873,0.8098677371065078,0.738664672331879,0.829321099693273,0.8806583163204506,0.8100755382234379,0.8511278539413517,0.677122710958404,0.7576331633385371,0.9067264653472051,0.79628748472651,0.8462448589322221,0.7513321429649213,0.92205668097366,0.7606892262799008,0.7648867467355384,0.6863550509389578,0.8327884419153795,0.6488770618021459,0.7795679357415786,0.648154087557161,0.731747182651039,0.6956188290044394,0.9049500825297984,0.6935073515018734,0.6210761677497494,0.7224867155468059,0.7215277897680799,0.6921986633651859,0.7093698686567581,0.9066962155960896,0.738481591459754,0.7851779729231472,0.8021026150086954,0.7632104168489974,0.7363984579403076,0.7810670103267076,0.6550944164600663,0.7671276872285746,0.8901349727494802,0.7439064235621397,0.8163010645792175,0.7156588117983502,0.9144231979536619,0.6837145915479147,0.6881165673375832,0.7242632845924064,0.6797312221305818,0.829990129395616,0.7956825551102437,0.7404628101410429,0.7645406514132764,0.9345796394146043,0.7918119753920632,0.810397015592075,0.7966148185172884,0.8257656671221199,0.8058647964808514,0.8128698391087715,0.7717738894198792,0.8074014027495039,0.8586044326496548,0.8994288768241117,0.7987957720066159,0.815600407537925,0.8808039794743412,0.5889618465248517,0.7701642978861408,0.6802554830451959,0.8291426951345258,0.8242720314944001,0.9000665502383085,0.6908396976329797,0.6951977344492972,0.7938240796562878,0.7224893157907645,0.6217972553969314,0.8220340005697332,0.6775076972687236,0.5724729254543064,0.8945267264567898,0.8435861253307658,0.913474682367582
0.6912173523334754,0.8521238184341368,0.8729691127399938,0.7929992664683013,0.6749458222276183,0.8502446414383467,0.7394826600256678,0.8361844988096279,0.6380658146177991,0.0,0.8306090937587118,0.8499950331981722,0.8417125803425507,0.6996443255476684,0.6565102781372035,0.8547501021384327,0.8252949703459368,0.7148987509714018,0.8019318690310794,0.715936537807309,0.8106757325613577,0.7779186076596375,0.7788905216945655,0.7094415495943188,0.8914169744945899,0.640489630622795,0.7905240790440432,0.791690197507226,0.9047017924653745,0.7586755956304649,0.6754938992910212,0.8488116310042843,0.7299450606134811,0.7267114011760655,0.6628531349213639,0.7174931569746009,0.7728733774268289,0.70667512424887,0.702430248759813,0.7658878466024048,0.6925322383981143,0.7658768979270982,0.6989388840717251,0.6785543593761638,0.7688609784331156,0.7187958342420298,0.6775970632781012,0.7527862187846543,0.7672585758430334,0.6818713414337523,0.734719170580305,0.6751500015765811,0.705804538326042,0.8201600536148187,0.8225439595191149,0.7129701483215752,0.7077201772706946,0.8262878952534322,0.7795408312298976,0.7235226842084197,0.8650418832695415,0.6083116473402754,0.7190748428194398,0.6776002529393248,0.5895027868978601,0.6790931593278767,0.7172585693456166,0.6838189659506342,0.761678421046561,0.7967020313894433,0.6162932841432885,0.6462633595952478,0.6811520900694391,0.8362641366762754,0.8070732735756796,0.6812294652514813,0.7891193157860007,0.792797567656824,0.6326292818453823,0.6419688000507009,0.7929032332207354,0.6090505976891935,0.7833920244481808,0.7408868475578809,0.6945325443795385,0.7123180804043523,0.7589566043695699,0.6964859757610816,0.7681360437879432,0.6388459314904382,0.7011092930640621,0.6578244076883836,0.7802867517974538,0.6730480825434659,0.6766333255579565,0.7843234679561084,0.637557377225289,0.73512946276438,0.5848240065232031,0.7209090262409009,0.6672543505421591,0.7879360377553201,0.6457757146371913,0.799823847468144,0.6686817690924324,0.7236451006770803,0.8263471571926003,0.8663006932985661,0.748067189311754,0.8342325153473982,0.7772841177718124,0.62702796667619,0.7494662083814578,0.7710394208484336,0.665687423505289,0.7272283047239594,0.7882038463286628,0.8037048982142804,0.8761125462705005,0.6394057386892662,0.6230501542299636,0.6644898528411045,0.6753905202657127,0.7305879110602238,0.586019910959319,0.8448226827719016,0.6366902533795109,0.7294012969458695,0.8493576391621781,0.6590503362514635,0.7500357040962283,0.7633296824730851,0.6893458626264577,0.6102907815223318,0.6998572939477659,0.5845150718986746,0.7252199368573811,0.6434948406917275,0.8000573749252107,0.7129271207475001,0.7459134288423896,0.7607749915980115,0.7324471779074705,0.7156510308103727,0.7386284092725626,0.6673019751413983,0.6402685690964317,0.8532841343997891,0.8912471570931519,0.6767234454906493,0.6424905209333205,0.801514852094931,0.7601891866073904,0.8296278203590501,0.8555029633708824,0.6945474743916201,0.7629837603764018,0.8172805362290887,0.6821924220149217,0.7163453689424042,0.8474657157004494,0.6696007479878879,0.7467621654608527,0.6585478434102376
0.9166325269871276,0.8931775897069032,0.8324354164760944,0.877491391125518,0.8819463451500169,0.8199884231362177,0.8523491609466471,0.8577699853183747,0.8358259547260024,0.8306090937587118,0.0,0.8975166610709607,0.9100950718086217,0.8067404860757403,0.7995130471450121,0.9283849200278094,0.9147991048774595,0.9305823425388964,0.9145431892806511,0.8972130662555745,0.9361974922447437,0.9249116554917797,0.8930748681322894,0.8361725901758266,0.9340124927252921,0.7373137402288827,0.8978251864130075,0.8670760112947966,0.8812503247179904,0.9411543395401404,0.7949642056507543,0.8854661584081501,0.8157346676015536,0.7508693084689628,0.833166078739989,0.7941620915883065,0.9166818114805398,0.8758198838432383,0.8181286045525518,0.8865489255402415,0.7973199671658167,0.8816109854732035,0.8607266863293118,0.8102332331615679,0.8255758886601985,0.8229998473037317,0.7577699266427251,0.8686558761136376,0.9109381575468671,0.8642922553673266,0.9004794068500339,0.8024763880321522,0.8895809645289438,0.8921705715951334,0.893030766105112,0.7343551462137666,0.9230030743399982,0.9436744823698529,0.8850914457722859,0.8429757589569339,0.8546916178719873,0.661043796510299,0.895486999260621,0.7694794260597915,0.7594793557851771,0.8043593747659117,0.7873332833437443,0.8154402756684211,0.8827977684538703,0.9412857695662793,0.785632326089545,0.7955816839715123,0.8091683445435534,0.9347166788712652,0.8802305209748563,0.7760348176339738,0.851005090744312,0.8811808818624709,0.7476221149674455,0.6968129799656212,0.7678089337242745,0.793266956942341,0.9261258936201897,0.7789241796528923,0.8563606580659608,0.8450012741509978,0.8771142435474361,0.8599632230993108,0.7958778972698659,0.7184892818027546,0.9191833515327471,0.7438954185285996,0.9420367371710395,0.8227339254441457,0.8718586920113582,0.8166022229154574,0.7033972450169377,0.7036635250971427,0.6963385108726051,0.7349142169226326,0.773419258648706,0.8104473150725858,0.7362029693100324,0.7693687534469486,0.8266454393396429,0.7909974782415546,0.7912002571734927,0.8702570636947624,0.8298537067541426,0.8591057705565288,0.8663234639308269,0.81323797686328,0.8086279073735652,0.8579436544371519,0.8118210728916623,0.851430000643097,0.8570657395133778,0.9185763993595664,0.8104088650407328,0.7077123540319323,0.8255786525086785,0.7457439825712633,0.7988090692650067,0.854627548669228,0.753151238838771,0.8393369746530694,0.6750008096328762,0.7917872653074273,0.7864735850602048,0.7949734248178059,0.7985390169887184,0.8324523751786245,0.8251164679777301,0.7889538030433092,0.8072955903688275,0.7277437535632026,0.8583028982782156,0.7959881181392695,0.9004478516976429,0.8756073511481689,0.8236149713137818,0.8347841865877296,0.8871462299650533,0.8294255292151813,0.8503640197609185,0.7898610388130793,0.7962025167899895,0.7896273292892699,0.8793998990827686,0.6781876462507767,0.8205593373745068,0.9206763014373903,0.96792833666169,0.8052594682406894,0.8603167978374773,0.8355195732353455,0.8994591341913983,0.8096672238965807,0.8375435647048084,0.8138175760642323,0.7134838225311301,0.8450771134972489,0.8281718750522084,0.9064956580498602
0.8317012401143256,0.9220135874138342,0.7712251393459829,0.8445662752445664,0.8031377876546684,0.8435528503002351,0.8815241824924388,0.8494398215563802,0.7415958336755145,0.8499950331981722,0.8975166610709607,0.0,0.8439670250303799,0.738739051594786,0.8243055570572757,0.8668329494801621,0.8069615864812636,0.7839838625544051,0.9440427358132681,0.8564208264154148,0.9216564090775179,0.8237766461735307,0.8554103786669185,0.8749219606423451,0.9572532694021739,0.7483773850141408,0.7776708350254026,0.7742891173460937,0.9146353606325573,0.8405531069056758,0.8791212907536758,0.9001363944883737,0.8623464646909988,0.8445992227112388,0.8110762055438754,0.8286303436453588,0.934782051745098,0.7957421557153177,0.9068598087748125,0.8389760676558845,0.8368381912111634,0.7400023992560528,0.8711602003244331,0.8764906228249392,0.8871198811928703,0.8666672319041152,0.7847766009866097,0.9205232063778019,0.8987847222947669,0.8212995623628288,0.9010784199858366,0.7852882609636767,0.8238289554627867,0.9488480726386749,0.9612200969138242,0.754556446872269,0.8734373867268915,0.8741333395153639,0.8312259306216063,0.8460420418227466,0.8648060919347006,0.678637247753695,0.8118072907564542,0.7431701305697622,0.742078148266633,0.8308828409656017,0.8023057189617926,0.7911012248334199,0.7251898418636301,0.819005671102404,0.7722685930728982,0.7919220303458256,0.6948521408307837,0.8685424218914564,0.7652667225127494,0.8480501611392548,0.8453254267308293,0.9089295418484937,0.8079479130851003,0.7524692956822343,0.7922162309167806,0.7602493318724799,0.9212833536218505,0.7453139928322903,0.8092325054857683,0.8072794350232129,0.8639730679212937,0.829351482112125,0.8259665637267511,0.7860559660524858,0.7923390511360979,0.8215982543724171,0.9306732865778913,0.8509338385160146,0.7586821678440574,0.9117140649047821,0.7614030035761246,0.7879871603674763,0.688759972636922,0.7681393806206364,0.8383900193379511,0.8597635117311238,0.7803540027466045,0.8522325954449919,0.7848328665134305,0.7997569870229262,0.8476315201680901,0.7901283730172133,0.8748011425810153,0.9496715713845251,0.941847229299044,0.7731975544651812,0.7742557630058834,0.7428587647679677,0.8071548278598702,0.7522952339472663,0.8819254680336526,0.9178347655877432,0.7961492643360386,0.6505391493866566,0.7806982088840684,0.7362911722179706,0.7931170188328419,0.9179597229281403,0.7280056582545983,0.9654611300031727,0.6454186609632492,0.8745600438868568,0.8528628237641511,0.783997304867377,0.7087595297844751,0.7380839607084776,0.7864798166102179,0.7481465897349904,0.8509576848312939,0.7367089180180267,0.9273246581220455,0.8073130157398452,0.8553778371667894,0.9172747167005405,0.8553082452173308,0.8213191539283974,0.8584772162688542,0.7754569963118,0.9132033586178242,0.7947666928300138,0.7912697200561205,0.8605128549112231,0.9066961544106026,0.6592871651365223,0.8449743927495644,0.9330518845006063,0.8428892617434036,0.8175841300510533,0.9531974509635968,0.862546307530938,0.846730152720932,0.8584631295279318,0.8254659783243096,0.7917541417995263,0.7286236370684546,0.8348794578653083,0.8829095154498067,0.8004024131262394
