0,1,2,3,4,5,6,7,8,9,10,11,12,13,14,15,16,17,18,19,20,21,22,23,24,25,26,27,28,29,30,31,32,33,34,35,36,37,38,39,40,41,42,43,44,45,46,47,48,49,50,51,52,53,54,55,56,57,58,59,60,61,62,63,64,65,66,67,68,69,70,71,72,73,74,75,76,77,78,79,80,81,82,83,84,85,86,87,88,89,90,91,92,93,94,95,96,97,98,99,100,101,102,103,104,105,106,107,108,109,110,111,112,113,114,115,116,117,118,119,120,121,122,123,124,125,126,127,128,129,130,131,132,133,134,135,136,137,138,139,140,141,142,143,144,145,146,147,148,149,150,151,152,153,154,155,156,157,158,159,160,161,162,163
0.0,0.5263307491587671,0.3745112681468259,0.35567315133290994,0.3678403300118551,0.34441112696138265,0.5242164734361944,0.38739926467967295,0.510619759807907,0.3860499693020507,0.4740782755094666,0.4503568710322812,0.4139666566218104,0.4194388541955748,0.462448922213338,0.35969064897524783,0.36605433197680853,0.6148632796231147,0.5205280549098423,0.6246078839985675,0.4465605084007464,0.6401433356397753,0.49346768490681914,0.5234962276045317,0.5037722358357375,0.3691062786134616,0.37652515815477583,0.36051775047986623,0.4334351571157179,0.38094370160025237,0.5195331924962817,0.42104570714963185,0.4789606783196084,0.4508538766707801,0.4581150406451092,0.5837306711233301,0.5706857612294389,0.504538718874199,0.44179348463585816,0.4469318242724788,0.4952007318436327,0.41366630512958047,0.5640333795032246,0.4450463743513926,0.5126321545746689,0.478645911032472,0.41255702590283305,0.4668857141819048,0.6623017613113616,0.5576127573612397,0.48153482206432024,0.3935923431757035,0.4621359804873208,0.48208768581833433,0.5305011733882745,0.393529827064465,0.5410622983859076,0.3872822578377216,0.4279086321574006,0.507255087317471,0.3616433865094967,0.38479386094894275,0.3960879646583754,0.4470649278889886,0.4794632283255182,0.4133551849768065,0.40537357371646204,0.480716344719834,0.4379930552071642,0.46218181536006553,0.649371692279954,0.47643744742412747,0.36367033160196666,0.4014254279538306,0.38452943883153257,0.494458998112352,0.33285014219213793,0.38920326606083766,0.46801054176198853,0.2834800991409664,0.34051220303245894,0.7273609580100872,0.40328135597544057,0.3616794269806029,0.40418493134344363,0.5274106816272274,0.43095445958619927,0.4937804347505962,0.3925561007658905,0.41303354549581767,0.4906223729288287,0.5736924492057281,0.5622282311316923,0.5049115893726865,0.4543410706135943,0.5304042997224597,0.42309378388990126,0.4013592307878553,0.48217927799978594,0.3790375977283606,0.4869966695923137,0.4000966662322826,0.38649813400881833,0.47274288923612906,0.4988072238417467,0.3890997811118836,0.3483689796178978,0.3760511995036707,0.47245116679306914,0.44963123635095353,0.4640172480954439,0.5660250275544594,0.3771413670300769,0.32460087086711675,0.4830541450650148,0.3626434967530181,0.39335882838585917,0.5519355269977848,0.30789733639618166,0.3694123828807152,0.39096759607385817,0.35653643758895853,0.49949111746250435,0.47479227413757996,0.4125293904096738,0.45496584379424027,0.3356600556015196,0.4357421955150248,0.40560588316207763,0.6009886548309417,0.3359574190427481,0.32436631243910014,0.3484872117834779,0.5726743094478658,0.5124607086972263,0.36310688431006616,0.5155276686391425,0.4999621243828839,0.5480885587005447,0.6367078988693382,0.4092393661690292,0.4491999700327618,0.5292385389796553,0.4692123518098242,0.5385635596237024,0.5562611304657231,0.4858054961233946,0.33817596158880914,0.5564008571478057,0.3101796204438289,0.5372606558533624,0.4297025222047324,0.6424515499596443,0.34465120232131546,0.439875069017767,0.5992071127954552,0.4568484902583896,0.31844548340503337,0.4307524964493918,0.35986146001599123,0.35492243634691306,0.5015424879639176,0.3439506320628523,0.5834259398539403
0.5263307491587671,0.0,0.41051315528662013,0.41433325354003997,0.29742600590394164,0.392341012800524,0.4805164850481873,0.5114608873805957,0.44103444961245186,0.5008120934459054,0.4967028643553515,0.5628402679231672,0.4402977599316698,0.47950798941570877,0.38677774299834916,0.38178599970002963,0.3897530043661707,0.5436880701304799,0.5708293423048306,0.44012738884117936,0.4724304992070859,0.4816391267029934,0.6727695500445546,0.45530902685194685,0.6294708705408874,0.4042244272863755,0.46437260741983444,0.41988021599559244,0.5624523986690063,0.46930140732417025,0.4452911157650976,0.4232222555947892,0.5114316440772555,0.4951360382808114,0.3587359412372499,0.454269833825448,0.5859111993913992,0.51625453188111,0.35169820110911276,0.5001006867745748,0.46183386656670594,0.4922971691653466,0.37778618411784104,0.34205574674304284,0.6244310915011163,0.5162139864457245,0.4725181635283692,0.3512417979907065,0.5351171486094406,0.3788374674870566,0.48234087345956234,0.42501090121585244,0.48546818867105207,0.4994884415877733,0.4449303860525119,0.4774976269979727,0.49683431402696093,0.439510679951968,0.4315769282632683,0.5695606831238195,0.40988158960799953,0.38403744384666005,0.4226243835259067,0.3419855369627934,0.35126410353992377,0.42671458625360315,0.4468740701416198,0.503616326875646,0.477813743547451,0.5648905646079396,0.4413977912653889,0.3667755270579118,0.3758453122324243,0.4291872827097562,0.4305561280574196,0.5394952656165438,0.3492056820300183,0.4429741722947814,0.55273229774788,0.30543412645538637,0.372489187063531,0.48335609977781485,0.5296585601856757,0.4132707448601694,0.4294654903467897,0.7384828173054926,0.468679672445309,0.393789182326324,0.42155252925940595,0.5636389948666908,0.45994678335205125,0.4762136534543365,0.401390918830007,0.5249661212355333,0.49586147636555666,0.5736450567215111,0.42294294872586463,0.4739151795889537,0.3578811368585239,0.42360053851858054,0.3936540436548131,0.4037228075228838,0.4144862466536623,0.548881510146504,0.44698534262437195,0.4084142901335421,0.34964864727978134,0.5138850689689499,0.5220090545297681,0.5757202053482061,0.4845201804494185,0.42894344003538093,0.40153786029832883,0.3573458707322486,0.5724307644722376,0.4942956298263428,0.4641831789274986,0.3759114129222888,0.32789964700879776,0.4168677788490671,0.3165756980542271,0.4116994089901329,0.5312919100674012,0.5677360861214781,0.3365639224841853,0.5775832648446385,0.3504563653289861,0.530994407788748,0.46759036232004975,0.43083996383484885,0.4232981416395626,0.3476145482579443,0.3965043141732293,0.45094948363089427,0.39583799692507343,0.2922248548075574,0.43845885057744816,0.3874150953858004,0.4903300853960851,0.489737006221493,0.4257459960145423,0.4605916224518427,0.5863093616874624,0.43141651105537404,0.48786361029372594,0.5155702619085443,0.4141827045514403,0.3832281990487564,0.6767009219728419,0.34652491327464224,0.42132876957982696,0.5132761302128551,0.45800537329520813,0.41956803330488623,0.5102454526346671,0.593087424297281,0.5757266151165129,0.4044482474806266,0.36494900038526523,0.3621249841037358,0.4057846333714995,0.5024403696105889,0.39033085593954847,0.44133781171166575
0.3745112681468259,0.41051315528662013,0.0,0.397156922775322,0.30662117589874227,0.5262038966278351,0.385836626674448,0.4838883261263623,0.2928654184460284,0.49003910292939873,0.42624255502508335,0.4000414168641387,0.6286562493394375,0.34611213388719875,0.30261541785645074,0.7105527556815666,0.5854688603107585,0.3820382130242807,0.34855749487406584,0.31429950265369655,0.5089634797833513,0.4247603189242366,0.4499096932251539,0.4095088963418309,0.44033861586787554,0.5506293692118487,0.44563002137741353,0.43650698063048976,0.3966718048586422,0.44837375987935574,0.29160638557561197,0.525976025351133,0.34705806716061494,0.49129256938492355,0.26698849785276163,0.32625494085495405,0.49451258494281514,0.3494049790997611,0.30376375681629136,0.4913138727566775,0.3357464025635248,0.5331350432595046,0.35970498425702724,0.31977656614164385,0.44488280936555424,0.503632649288514,0.4728034094366942,0.3684151753819157,0.38852881923941013,0.3160846889831213,0.42073397409279717,0.5118646500805617,0.32877157278375607,0.3895214503866668,0.35083196992585286,0.46802057414535575,0.37081197836819113,0.5354936028716091,0.3201884693785771,0.4025962935752837,0.44630689887183145,0.42020172666040495,0.4343385207777427,0.269398412902113,0.2760402263816723,0.3977006727695436,0.4351339906112618,0.517464505223719,0.3773561430453041,0.44332460566782994,0.4035363954537396,0.28122963558365804,0.37103921913889615,0.5831827597481345,0.4609531881614254,0.37440447541094696,0.5606914190291881,0.5666697819416077,0.3939055809536678,0.45795183327544603,0.4689023745520757,0.34081868180851305,0.477877858711451,0.43710835725804337,0.41162188967745245,0.4400192101105728,0.41336165701045025,0.3071834177447219,0.473418924913913,0.37241495168821054,0.4212157284760397,0.33086620252377313,0.3551093273633687,0.3492171164915324,0.3717212957179837,0.3640140243736488,0.3031654991428891,0.4457668928459429,0.27904346862778534,0.4691785931672262,0.28661362829782566,0.44203320490183073,0.3126079421735311,0.33957234338861725,0.33457408159606605,0.7194379032460854,0.4400808326041091,0.4563481002299293,0.48043869065812433,0.5320697382995992,0.40935431525546995,0.3246299357561446,0.4398908355097227,0.37879493357815003,0.3887153017293469,0.6021233600436473,0.42307999809368496,0.32499937083160557,0.4253320334931608,0.43035805772770463,0.31589827051758534,0.40917075733470515,0.4171036953128115,0.5241173947311036,0.25040641247658124,0.44199399270011147,0.39733496155279974,0.48120820472532605,0.4638955729153278,0.3238131038888624,0.40170480279342463,0.5323062223377298,0.3714557212239249,0.29897018695502664,0.2915526975841448,0.2490589162377158,0.3571722042574743,0.3017174554577068,0.3518436733129589,0.3430024318156167,0.28810379085415955,0.4129330775720501,0.41810335164043977,0.3282562815946016,0.38119446653525,0.34352811670180206,0.349538734691586,0.5180763579989947,0.4419068641713019,0.3581454633609651,0.2899620493034296,0.3197652613385477,0.33535503623394086,0.4587180327279885,0.4742560336089654,0.38691645640430095,0.4721460393507409,0.5789560413262963,0.26229168235267075,0.4904016981280732,0.4275591631059086,0.31516742451220153,0.39730989749348916,0.36164720249310117
0.35567315133290994,0.41433325354003997,0.397156922775322,0.0,0.2443532919953675,0.38872118425908697,0.3631649546916739,0.4458950321953679,0.2938771970589737,0.4512026543110485,0.40778750793304713,0.36282207611814826,0.43375694190662784,0.4353939461013006,0.2925264803377098,0.40616346601646985,0.4498889878441256,0.41982079672751593,0.4349780158520306,0.3357001602784175,0.43020726045254815,0.3290664693432604,0.4780311994819209,0.29862536767220044,0.49032871069031064,0.45837808470444197,0.4760082280001546,0.47655568973552603,0.4600677285232528,0.30090528658674826,0.3090086504993058,0.46813244700400286,0.4972689728628134,0.5631702544066771,0.32113986501926467,0.4235671001095239,0.38691656857631324,0.4336522102034481,0.2984760053280626,0.45066682369156946,0.41125130356390127,0.4204327446789746,0.33557708420839166,0.3397338618506485,0.43797516790596114,0.4637286872709093,0.2987480028726785,0.320641043164277,0.3933534696128778,0.3370261073058764,0.4200311343097926,0.4861861660190251,0.4131499117114349,0.4789444825187146,0.4079048102699263,0.39882010089648007,0.40691065987458874,0.4398859605056544,0.38632592423139445,0.46510140628654084,0.5154201083260198,0.46068564297518355,0.4329947102771424,0.32034941233170355,0.32263611432621303,0.4891980317128141,0.5151886544415964,0.33044317595729134,0.4707539531284147,0.4998210791607807,0.3435563343949378,0.3346423767664418,0.4761031549041881,0.5077571793753495,0.4947451860208305,0.4355739173288058,0.4347193964116473,0.3831590362115018,0.48337623172212446,0.33228006063947335,0.4147438025870011,0.38759351619176224,0.3166215134857331,0.5203549902955682,0.5447588097842868,0.41866898971381195,0.5100405433461656,0.36969468135252637,0.4392442026410036,0.3696119690585888,0.4026829748108929,0.38281786502803977,0.3505414694093572,0.4191521159254406,0.47067896888576044,0.37874920405521595,0.3723862468852721,0.5373354302568386,0.33469083774637254,0.4676619019521736,0.34982420444969486,0.5155028864174666,0.47995173936231633,0.4546045323183382,0.41618216091265947,0.40069430499927633,0.42989954282654436,0.4323364416471837,0.43385230929130836,0.36888848673037217,0.4423183592456339,0.39162095524101304,0.5415404494856091,0.443699517208267,0.4870960553275826,0.39987927004011725,0.530992562695215,0.31046916875567493,0.4598625853952467,0.5379863810184907,0.28127777733723197,0.5881400806398162,0.48356352380314505,0.38973387351548655,0.29695506455119486,0.43404140740216274,0.4490958689085802,0.33862535533989535,0.6536515973774683,0.38278228231804523,0.36491199366638377,0.39136147415363287,0.48794589263970356,0.3918309692540762,0.33927776390536596,0.2536458753271534,0.27339958767565153,0.32910463640039733,0.4031849062354738,0.3635379590113189,0.4830035657213416,0.44564577136876055,0.45720381239546887,0.40773366154504087,0.40364397053552825,0.36613600680047936,0.2735570336404755,0.379712928341925,0.44181665455653396,0.3948135427590296,0.366576727946929,0.4457891409183915,0.37255381597994974,0.33702445998729774,0.5193064456434037,0.39033639960234645,0.39573340516333666,0.3580662076644713,0.404357629261212,0.4443737370140856,0.5094937218030047,0.4108365018950732,0.48260467481025854,0.33128451042316565
0.3678403300118551,0.29742600590394164,0.30662117589874227,0.2443532919953675,0.0,0.25532520829420596,0.3537488335854487,0.24069955681525998,0.2966056107842064,0.2484687679525629,0.35696131335195214,0.31511034409382316,0.26525354649303295,0.264774755871109,0.4238915613710056,0.299917699446109,0.2764795816793361,0.32477124972929355,0.29942120631428304,0.3310271440353824,0.32870222878176236,0.39407489066228546,0.2995923566907334,0.41627061079826805,0.2847331362004814,0.3198758040861869,0.24316278496357577,0.23896557473666652,0.30825833593999824,0.3021077357122888,0.3758203325500837,0.2702565037755175,0.29785124056167406,0.2770573315028612,0.4049813501791753,0.3355786431769116,0.3417872076855365,0.2923964651083882,0.43029241056969997,0.30424277733841815,0.3307354804585121,0.2743670808306192,0.3808484384288431,0.42794345050911875,0.28575672635017413,0.2910498165045127,0.34585331751687637,0.4652967806959607,0.3545366310979697,0.350895499644248,0.33147240930053146,0.31273303099219885,0.27807516334143617,0.3202262169078187,0.3335912220735095,0.24301840752024603,0.3099514030632348,0.309423982391834,0.26745383535234823,0.2935731561997823,0.23473750904779309,0.2521202556485319,0.29743456999911344,0.2964462380005201,0.34888639295116386,0.25149687572574797,0.25831439163438263,0.3460624760799687,0.2693049644669777,0.2747171619603591,0.3820408406866211,0.31713519406076573,0.23705362829567642,0.2783689341831581,0.2410638572700503,0.28167985950768565,0.26676888673678273,0.3886084684045074,0.2778899430350976,0.25896242535316566,0.2538763722920508,0.36721129292019106,0.31499648775057726,0.2340040084395038,0.2554645099753611,0.2878978456605675,0.2627628183746729,0.28427561892964487,0.23996511675965082,0.2531491058880012,0.36550146873948147,0.3153418142761088,0.3870241268736037,0.28347311471020487,0.2792831695809391,0.3197344832447115,0.2558078340181049,0.2529621492463659,0.3125482713549564,0.24692914806623226,0.31615759106392904,0.25441236115737764,0.2568149472218807,0.2789265376600359,0.2837445365725094,0.28512628069009294,0.2363785779255892,0.24510550824011418,0.3161823460607361,0.3231864236281125,0.33002275530381253,0.3172703515141007,0.2448368200729131,0.22245604289969242,0.28622893466410854,0.2680520620818115,0.2526987919502565,0.4063696394096694,0.2444538477857857,0.24994352137433054,0.465998988989462,0.24099035375976166,0.2883095007933412,0.35493908245550443,0.3396073055423978,0.3208353396772215,0.2271947018170047,0.3288937461569302,0.2659331085780929,0.3348477833036968,0.21912106731397396,0.2593453541159537,0.2321911107330975,0.3278481078610117,0.3677852659165189,0.3442153426068135,0.34299698040917403,0.45740574926495947,0.3104702454835658,0.33025693341205825,0.25987508722764013,0.2868706854472163,0.3049800401056291,0.28302566889156455,0.3340568557088882,0.3082322472926318,0.41683143697636715,0.25771892847554745,0.2939249321352192,0.21770871987233548,0.3404305480726043,0.26897908456558406,0.3437285329465603,0.2679437491305118,0.2812057079807593,0.3076557074600153,0.2860300673752351,0.269992587729594,0.2984562765293471,0.25272372433800716,0.23554479432268682,0.2936513285650344,0.23328957894344862,0.41990640955759934
0.34441112696138265,0.392341012800524,0.5262038966278351,0.38872118425908697,0.25532520829420596,0.0,0.3717804762692402,0.45079180064175506,0.2876849498175313,0.5196304798087908,0.39368036882477236,0.44556854265866425,0.5162517721343489,0.2941598665189221,0.29415399991867475,0.49685439931324427,0.5299798123562682,0.324474897772623,0.3833308604041456,0.29803957057290265,0.44368119222991126,0.3639963193296189,0.390073647108385,0.3378994741909031,0.44712134676639714,0.40028972962064613,0.37761978858943346,0.48551249790326784,0.3905486971015899,0.38520395602051194,0.29704076818161795,0.4613063924357034,0.35840197358285253,0.44864329614748294,0.2560911451081065,0.29714196673973026,0.4189419341481448,0.32293598653703404,0.28277394771127734,0.3921050737541396,0.34262003296539156,0.4913432280824794,0.32295230559075716,0.3182274253786496,0.3651456323314169,0.4156798308387139,0.35906173884960185,0.3052522341193445,0.3292226083049061,0.2833055490447086,0.37752589830063416,0.4946907463902039,0.3067308432870614,0.3748534522231609,0.31892459873463047,0.4707791255030897,0.34765253104496435,0.5578413067750916,0.27744090466393884,0.33964626292589145,0.44204794714475226,0.37914889152235354,0.42928432248372894,0.2422663713390698,0.25594971653849896,0.35427446412187347,0.35915720911410925,0.3993836667177103,0.32065827386059914,0.4295363780616336,0.3521089460272446,0.25078881110347634,0.33736578849654525,0.44859199899915875,0.4762182896222663,0.34849113199142334,0.4449259919381175,0.40253426266314973,0.3619181134888295,0.46951044138926745,0.5683426721736009,0.3221680534932487,0.39181634051357994,0.42583975076678393,0.3752677203486106,0.3953412525628774,0.4063954973497448,0.27828308768156834,0.48246546397774653,0.3435419667212458,0.393692616905998,0.34057311864007117,0.3182969153357461,0.33211168605612246,0.32085501962777113,0.39153490158614435,0.29799215755372993,0.47987577921945035,0.2580939415619904,0.44932904369837473,0.26513818167642594,0.3849300666597079,0.3204659124209639,0.36261659929047185,0.3078492597468611,0.5545677364528355,0.4640798398237216,0.5633569011617113,0.3886197403008596,0.4466536233374845,0.41479182504777434,0.2929079534017878,0.4476977509683057,0.40403552469644394,0.35830691335252096,0.6031684300581017,0.44478577931623664,0.28913794733211595,0.512572166504581,0.4252974390760109,0.2674021124120302,0.4304372126549834,0.38212818849538044,0.4684049504577028,0.2473508797956906,0.4506985381970058,0.4094539897159683,0.3777938774229124,0.4409168544479793,0.2811096089192051,0.4349309688191349,0.5484491662512652,0.3421065228014689,0.302484253904306,0.27588141122493237,0.2382778089334347,0.33619806742040004,0.271673018323161,0.30268115106023247,0.3243699486982653,0.29915076012873876,0.3676071969369966,0.3600072769748039,0.2980828165245653,0.3491192934440469,0.33916581761608267,0.329251136810594,0.5798886843041691,0.4104866361478322,0.41724550670132743,0.29459754913253433,0.3342705979972146,0.3033311508268035,0.3709246883811105,0.5251670594650273,0.3547923751096486,0.42162167204374784,0.6662284135396158,0.2637419678115072,0.44813440711002966,0.45351192323709705,0.32985498546062225,0.3827194324880168,0.34700061916730457
0.5242164734361944,0.4805164850481873,0.385836626674448,0.3631649546916739,0.3537488335854487,0.3717804762692402,0.0,0.3355276945717463,0.3740817673578516,0.35700258253063416,0.49933017667995805,0.5405072384111118,0.39484347187296776,0.39292969358554064,0.43523630725300344,0.3486197970921543,0.3596860238485678,0.48240504806360457,0.4514663431878752,0.4030704399333869,0.4264314684508271,0.5925757692567869,0.4920389402768589,0.5053946470237854,0.4446300585952404,0.4132325471342076,0.3504202346281833,0.31368818202937765,0.4918580275293004,0.379218786987371,0.3975975739448797,0.38517858696658364,0.49566330271416137,0.39828325923263325,0.36382059354442287,0.4685702179995502,0.5578879561545694,0.4039703477513255,0.3908953888049079,0.4681277574684885,0.5515929012490556,0.40598974454162057,0.46622617536509825,0.4444234830898097,0.45983036406826805,0.4122941594862709,0.45764425316599017,0.4193603736230557,0.5810586914173675,0.4195904018298059,0.497980983527388,0.42674576882400056,0.37907483513033946,0.526942134731846,0.5176304239619347,0.3431417749653157,0.4383818027216957,0.4180169351307063,0.4024051479258617,0.4134602957465863,0.3053334448159214,0.3432316329118598,0.3908746976729136,0.37190765599826114,0.3499071314678001,0.33208128369042555,0.37546267117543114,0.5167941909315176,0.3997001094892331,0.38188996912038503,0.546758040459758,0.35859186403955084,0.32873549830051263,0.40797168654155275,0.312125490789892,0.38453623211131427,0.35898368467535696,0.42052986045959523,0.37692575067087997,0.2741198471924423,0.3256592567206923,0.4729452499883806,0.4084276199324127,0.30343044107457257,0.33680149806767845,0.44141439624686235,0.34947079262767083,0.4249719022288042,0.3217756837997839,0.3615937633103476,0.550472522075369,0.5644132627452197,0.4768258294290166,0.3872952294372106,0.3844861989577444,0.5948285837219783,0.33754334810055375,0.4011734758558908,0.37623171460069554,0.35274342127473757,0.3649535670906481,0.3407431518666222,0.40446836497416927,0.4576935183711332,0.38739726301094246,0.3812904596392682,0.30423213315120773,0.3467098911021676,0.4826205719406284,0.47005332015161766,0.5514216480440255,0.43749591996532766,0.33817452277439425,0.28006566909174885,0.4027688123723131,0.3921751383357636,0.33749278346835004,0.4353003891936215,0.3634006891175478,0.33493567933467466,0.3600117710300959,0.3256436651171896,0.40037944585362567,0.47158970281706475,0.3136183849807137,0.520737334987045,0.30831640471641947,0.4752641391830304,0.3741752342953276,0.4312386877318487,0.29509719108942634,0.30958563671307043,0.2990318990828302,0.416120313393976,0.366795132900911,0.30818147468496915,0.4460974976823252,0.4246462759285803,0.4643086643461671,0.45318101429734015,0.3986768495898209,0.3984343990854011,0.4354264327968736,0.38520049757608693,0.48464127305835114,0.577390890545212,0.4323106616152585,0.3374743820953906,0.44562589563921134,0.27437490666413167,0.3897507198083092,0.3802081331205415,0.44863958904523227,0.413207595315171,0.4385959107312621,0.4689908098008693,0.4526539425696522,0.34940590838003277,0.39055732782228264,0.347419794435442,0.3147191003134128,0.41693961544511127,0.29980501926953346,0.5044896601145489
0.38739926467967295,0.5114608873805957,0.4838883261263623,0.4458950321953679,0.24069955681525998,0.45079180064175506,0.3355276945717463,0.0,0.3920962332199564,0.612146793985366,0.35633711421140546,0.4048795595739411,0.5220474850746063,0.3879224970767756,0.29381454144974267,0.4598597553164787,0.45858110114832695,0.40615360445904997,0.4050946801152083,0.37464778137024407,0.40243438056292186,0.3518198659914518,0.5008908267289562,0.33139009762550037,0.5393893575822816,0.3715724209550129,0.5880815815576126,0.5678621290569608,0.3737262069732401,0.3777523654031407,0.3807401745264036,0.4745396849513486,0.36048211729593493,0.5789761443887997,0.3057803137561481,0.35521210309307844,0.4287626571456912,0.4084966336986069,0.2949956196237656,0.41329444549306665,0.33177445741240175,0.5338544123867466,0.3102292036260625,0.27057663632208817,0.5190696944004206,0.47476361960272945,0.3514145302875062,0.28114933262204084,0.3813380990133858,0.30366665713585983,0.36108730277661144,0.38698859367030575,0.3831017118679351,0.35553569116194367,0.33493973012962774,0.5661597593087936,0.37229604653940956,0.4502086532169857,0.3592340641698137,0.41706921071436626,0.5811348944503562,0.4012708762005327,0.3683735836748971,0.3019072193415069,0.29154629306441937,0.4225865897544224,0.5042650041187691,0.3796659885374683,0.41938331281062213,0.6373533264588241,0.34461445337244573,0.316269039399822,0.43559653807715726,0.47629675132434146,0.5658846379407715,0.45743071570740534,0.4185866939387998,0.3727417453512302,0.46803905507928034,0.34565691219626543,0.4318687280385942,0.3846887659204041,0.40309507559703395,0.5529339670926442,0.45625544919983885,0.5381589964116076,0.5711689895258898,0.35137204733315053,0.6228506895265509,0.4753938069478172,0.34455060530034676,0.39037152343601217,0.31433103853341354,0.3829318445471515,0.4182793844856802,0.3991673851930806,0.38099381975691277,0.5926649426842561,0.3140629912976109,0.5690291574009033,0.3373537288147654,0.46532525950652304,0.365265779173455,0.44314411049729746,0.39412912338583256,0.4961750575847559,0.4169711376157817,0.6255339739175955,0.40193943116182723,0.4423535382612324,0.3516511860869033,0.3415680111334518,0.49639951366368806,0.504383076911149,0.4158668203632824,0.5599594130305364,0.5762831628465742,0.3025044514922253,0.3592758839813019,0.5665036285436859,0.2575957081246481,0.5906312751912438,0.4309068107837159,0.42059917017956944,0.2958050310132408,0.40557120488621234,0.4287483506803623,0.39633184304159275,0.4976989647647318,0.32547155059938365,0.6008072584649721,0.4139907540786687,0.4985543456403675,0.36545904589711886,0.32461122584267343,0.23991332966676224,0.3378801651477104,0.2908513714436556,0.40572406011562445,0.383113855994416,0.34949134330406323,0.3847103563662984,0.4942874603532005,0.377407460166831,0.3662866323912393,0.3812131660856591,0.33181525791816374,0.44776060281889,0.5283905451067052,0.4049785480956932,0.36462286019694234,0.4063985276331757,0.34969857916727687,0.37640275128750644,0.5168070396427795,0.4606700270084256,0.4507307494156971,0.4590715628924039,0.30053291715400615,0.4278115470223496,0.4704358469158046,0.40684847762724424,0.5390088345416408,0.3382970916503037
0.510619759807907,0.44103444961245186,0.2928654184460284,0.2938771970589737,0.2966056107842064,0.2876849498175313,0.3740817673578516,0.3920962332199564,0.0,0.329734094895561,0.34983571809160197,0.41567002863591707,0.31074951928500194,0.3808981830841308,0.3762490721013174,0.29272628938806444,0.2883295223820654,0.4489303852873623,0.4166796902948688,0.5621178880862432,0.3331736855527552,0.47013638005961594,0.384450994160636,0.4375866388909275,0.4065033509077902,0.28064765697872385,0.3853311784226468,0.32223737934940644,0.33466525098750655,0.40791186786893796,0.5585549625943034,0.32707159099022387,0.35531949486486075,0.3524881795481766,0.4282222277879579,0.41908155193276764,0.38919812175792917,0.4328698205001875,0.39670682945986446,0.3267702063786232,0.3743892033283481,0.3607273131693819,0.421685500923621,0.3493104461489539,0.43727845338448773,0.35229507518513903,0.34605079989178456,0.35824289160386746,0.42504289419023666,0.4232425085962673,0.33817082121513203,0.29224085332070837,0.3905130974106596,0.34570238052250385,0.3659724330119523,0.3698808077686391,0.4005960117727785,0.3192992319591402,0.38536397364087077,0.37849081517289357,0.3182661080851527,0.3048409843592496,0.30080188103536093,0.4445428479745185,0.41401907550291656,0.32971278911874813,0.35669631570864574,0.36641703354103083,0.36235002566385555,0.39484671921443554,0.43144064691153233,0.469661429952312,0.3321756006679559,0.30681283030610884,0.3337376881222544,0.42530753499788787,0.26835476126599994,0.2937391670645586,0.38122484259636924,0.25001257885433154,0.281237383435262,0.5385721532183536,0.39816591832036197,0.3156145434237242,0.3390876857934711,0.45425998978767734,0.3775466875204136,0.44425438949860296,0.3582139904524839,0.4559459917907734,0.3449852334089193,0.5012992448699161,0.40247280587172224,0.39042672004235307,0.3742050092701274,0.44387942826504845,0.4264910268250076,0.3664616413474961,0.49093730448094763,0.3198254107578578,0.5020816325498477,0.31510413463228615,0.34850136834661943,0.42702821885687814,0.4296074809746827,0.30285109243950803,0.2747506432768934,0.33683870237710123,0.3432120313982447,0.36963673885613274,0.3311893472651896,0.4281115425837555,0.30165598809964084,0.33390278648453897,0.35322060981729914,0.31625853802114245,0.35193057295402125,0.42943353188110034,0.24115787243337986,0.337144877192219,0.3366190172439577,0.32126316866290167,0.3691326886261289,0.35211904842539066,0.46131004932718866,0.35306990226249446,0.28768095045671926,0.38378765247223906,0.307750970376265,0.44244102186024636,0.4067579917802117,0.2812368493542112,0.34612856631588507,0.5000424331965034,0.45869917648892417,0.3101451447025301,0.5133279441605285,0.3756814556002116,0.4729636859013835,0.5007151386118422,0.3783564587388124,0.3451228675802773,0.4175458248410072,0.422718129763546,0.40131254872474453,0.4267849328195488,0.501427051763997,0.286306613492278,0.44130281071902266,0.2812888067422611,0.5381257839700744,0.3786025888952516,0.4603513118116756,0.32694634315860727,0.3468026976668563,0.49352020350982423,0.37744589136277507,0.28692330847991343,0.41725074629861575,0.27805342622542056,0.2847286929312263,0.46670226122718494,0.35413728724194116,0.45757889315861056
0.3860499693020507,0.5008120934459054,0.49003910292939873,0.4512026543110485,0.2484687679525629,0.5196304798087908,0.35700258253063416,0.612146793985366,0.329734094895561,0.0,0.3490805955275861,0.3711248567744002,0.5543229933429387,0.37701624344551726,0.29187027267931004,0.43110545364559477,0.5022719249089596,0.4166446715575913,0.37878614494882773,0.33831066367390666,0.38801818580902847,0.34728326188150854,0.5520096507853385,0.3248666162006319,0.5449504483210803,0.38075268266118173,0.5181440513228552,0.6392355473880218,0.3721014706274469,0.34161924735976457,0.33636670234950083,0.47100030750081745,0.3500075366064652,0.5935035717400308,0.29987273441506446,0.36247090141859817,0.4221953388228466,0.3678078608501186,0.26862614329036155,0.42905901435771726,0.32278054689094415,0.5414728490510476,0.3024112404372906,0.27230662245068693,0.48411459617136277,0.4701394369820658,0.35430822048306215,0.28188247865030525,0.39645978983119295,0.3010813589628153,0.36352475185769173,0.3950736098425834,0.36055971818623805,0.36349052141871996,0.34347042864635163,0.5798194860786617,0.3515638066406529,0.40479014960749665,0.34815941934546357,0.4228631851532198,0.554341591206297,0.3958661998606307,0.35826701581507386,0.2894958167912549,0.29289645418119176,0.41590278232163946,0.46474144398663847,0.37668311250989683,0.40722271563484136,0.5217130479715111,0.33901644287123317,0.30640601985623084,0.40408349073494326,0.476462421553485,0.5486799497221908,0.42016755573633274,0.41849102179519687,0.3887054314850489,0.4093791712656516,0.3771613102850476,0.46868078363028814,0.37923042322478484,0.3690331591084417,0.5232242431649575,0.4490084528154056,0.4814621239364899,0.4633710805950082,0.3268221601213953,0.6345919491720168,0.4240914699298475,0.35265008000338244,0.3800909874403952,0.31085385275513244,0.36491839277035926,0.40882764766747903,0.3797674596625679,0.3215559929138214,0.5668212746262797,0.3012567786596712,0.6456523165571756,0.30687051196902104,0.43132724495253844,0.3502037185211467,0.39388788013921405,0.3605027705736361,0.49765003782630335,0.49042041881146364,0.8104517460658295,0.41679886921628256,0.43587580916731467,0.36335275161518776,0.34161818698772783,0.5706940631497863,0.47636439053350155,0.404874822018961,0.5851695976308754,0.5167135822929977,0.30240167070437357,0.44443695465843364,0.5330480001781897,0.25353831683190636,0.4775906187030915,0.43378202999874194,0.40587636763574814,0.2691196566371887,0.3865713126792007,0.5195862734027917,0.372174584532233,0.51943135741572,0.3302099232449908,0.5652448482635798,0.42362615497517675,0.40187937315731864,0.3360729956246027,0.3021947067329699,0.2349292613599819,0.31350571763919394,0.3048937551023344,0.377168432052934,0.3448371202737258,0.3191265420013199,0.3902502040719699,0.47100695573740486,0.35048496803188744,0.34963889981043494,0.3951846540631999,0.3003204052929437,0.5039330123919908,0.5118232962771766,0.4432887035978758,0.3208315785856546,0.37185066433289715,0.3338734782796867,0.38537026675604247,0.4754410846356,0.41611390855781544,0.41278994001804314,0.5339059195166668,0.2928747597643038,0.45975446726176367,0.6036106872565729,0.36585537882526487,0.44756329661580907,0.3175234885775785
0.4740782755094666,0.4967028643553515,0.42624255502508335,0.40778750793304713,0.35696131335195214,0.39368036882477236,0.49933017667995805,0.35633711421140546,0.34983571809160197,0.3490805955275861,0.0,0.5368844737140459,0.40672385719165305,0.4441530287664907,0.380135270453354,0.4507162728503184,0.46506319655695727,0.5220022607137581,0.5354999106542744,0.41284019753928164,0.6266942835420093,0.5368564530409717,0.45472890393528914,0.487907991879583,0.44318030926386204,0.5611233406723295,0.35317502245285437,0.373955199042818,0.6384338971358661,0.42933151123933605,0.3690127018770802,0.4224720171373277,0.5365431830023205,0.40708012429163326,0.36871237607744367,0.5075478494890576,0.5982874733875814,0.5603493627682736,0.45791453607774485,0.5020508667304366,0.5671556342507984,0.39751935295138413,0.5387450095615901,0.4947103013744092,0.45120726604095235,0.45817536939202136,0.4321796315914142,0.537110375963908,0.5431185702783013,0.441181574368966,0.6606357808516325,0.5373731405922315,0.4921333469646582,0.6727968966594101,0.5752441611708522,0.34655246752864916,0.6100014614024342,0.4963263012169358,0.445866427786401,0.5143075510755619,0.4013103216892166,0.40219449195818263,0.5724648678845713,0.36385091057617686,0.3668519067523843,0.4114691293165643,0.4106381082184657,0.5403316869872956,0.46197261907452025,0.4379254654875431,0.5656400072998198,0.38192692799327527,0.3703174262321756,0.4750675189850573,0.39593185438144707,0.4655434781212126,0.4621714897224639,0.4932200996510545,0.5168984423087067,0.357600010436093,0.4309409095449787,0.4650815432561481,0.46864627091136946,0.3959565711704617,0.41373384933985746,0.47136349927763804,0.4381940547193387,0.42631617709340536,0.34317183076207997,0.38734220361622695,0.7508478884697753,0.4136378198825762,0.5560258583312301,0.5289700060670294,0.46795542935472606,0.5000874931856419,0.4499436052014702,0.35558693241857364,0.3824291352911993,0.35579484190495203,0.4225821076730677,0.41573266373722084,0.4114613792521781,0.42808190896693527,0.4909541698700635,0.4275963494027569,0.3680291291680203,0.35594078749196445,0.5245090053708305,0.5272386699661943,0.6295569458542312,0.47644468691817055,0.39468508947774916,0.3484383421886028,0.5613508196091521,0.4199901323515803,0.40432944726962045,0.42989921960936434,0.3838940099336681,0.3903843464051744,0.43593850093786707,0.39828652350542804,0.506587953574677,0.619441246959923,0.3484732471688811,0.6133247962368581,0.33699701385295017,0.5393853061551349,0.4498887894672704,0.46297065436596585,0.30182071144195094,0.4356522556757033,0.38877516732489587,0.48759960591288554,0.43560177777576214,0.34186904805446455,0.4448362623988716,0.4266119047882353,0.4725014243566092,0.4923725338901598,0.45095423941066565,0.4960884617948992,0.4643039662654616,0.4798397317864958,0.6802317305838435,0.43252197727079295,0.43475474456751534,0.39973441827958694,0.4626219854019078,0.33089469350948797,0.4601069914665917,0.46685845502634316,0.5142774861603093,0.38611361813200623,0.44104434506901175,0.5124860043935552,0.48417893926019456,0.3778282133714292,0.38597059639612674,0.4057165093074224,0.37582806585445,0.5203274760104956,0.36612212543081557,0.582397934134725
0.4503568710322812,0.5628402679231672,0.4000414168641387,0.36282207611814826,0.31511034409382316,0.44556854265866425,0.5405072384111118,0.4048795595739411,0.41567002863591707,0.3711248567744002,0.5368844737140459,0.0,0.38115159152385913,0.35326712032223795,0.3734970374251571,0.3872492237424419,0.38257738893556364,0.4239915622776495,0.5414650535067379,0.37532838744855523,0.49271026397708734,0.4985027714737057,0.4664195715493787,0.4601995605053868,0.5010021329843181,0.4014833898115425,0.36674019427922866,0.32746211641722067,0.5128736498424007,0.5400810408276361,0.3987145059488245,0.38601745413409577,0.4878257753883214,0.40980738840104963,0.3160068763258305,0.3907755235091059,0.5762399279053901,0.4460401804720883,0.38076128201689136,0.42945498566673035,0.4792194092969588,0.4817465478474455,0.41777100775536274,0.40506225382551453,0.4443558132277618,0.423098374074915,0.5075481095921156,0.38037599971239033,0.4440824065079874,0.3577071282319236,0.5118816239292081,0.4733427632017984,0.39548952392581116,0.5233460923295432,0.4257204542537424,0.4055535071466278,0.4647865320167099,0.5278923220122701,0.34776979342203057,0.4148714118852499,0.3241838556950068,0.3464122604690165,0.44937578808710726,0.3029267506609088,0.31010562289649174,0.35032160821694913,0.35055718948297154,0.5285847485367763,0.3702235346304509,0.43901842933595864,0.4666100607146284,0.30735845647824217,0.31910233531942184,0.3900514028019397,0.3586742266944617,0.4108886712403337,0.3520759623323225,0.43152705754161413,0.43223721509526836,0.31012617594872277,0.3808052779796418,0.42352859419401767,0.5622042185864685,0.334663242523129,0.3566493125194932,0.5244264187909186,0.3884859243017665,0.34906220600789545,0.34376782966052694,0.46502145264248657,0.5478455870762807,0.45686564775650335,0.4168865546242563,0.4314276215900269,0.3853804796649541,0.6486543238598494,0.369909588859656,0.42110637479219637,0.3206810094058765,0.3283589514133357,0.33090390185659235,0.3544777753323136,0.39012241543777815,0.5171564424485376,0.39054963102288015,0.4070427730605426,0.31945336902605126,0.3916971486942668,0.449259264160685,0.563931797094538,0.5875412303732103,0.3848900424437623,0.3367442720584404,0.31994054609257544,0.428519170827276,0.4646674084538611,0.36878812187347504,0.3739313978606567,0.35269057518573393,0.35431772653117555,0.32962711328848854,0.3691073083469577,0.4188391520934883,0.5506574313423218,0.2973744431761409,0.6105381166366874,0.2987920792523146,0.5811397450350945,0.3849535555007163,0.35337267525816607,0.36564837736773953,0.3589592647556868,0.3306780705513355,0.4128816381778975,0.3467402641104213,0.2850192500615828,0.5011117615846593,0.3436625943790251,0.3978837607133118,0.44851507328214935,0.3810910821420316,0.41146949137376543,0.4380852326265853,0.3870836745132557,0.48362656618323,0.4776234337107142,0.5092686456359651,0.3786833234187409,0.49466477467010134,0.3051955354996054,0.37761736984000643,0.4361791683151546,0.40195565607071904,0.4167954437487861,0.5292960637436903,0.4767164309635348,0.4954756166719256,0.4342451014213731,0.32720791313686004,0.34765457961672314,0.30993053233810636,0.4309607936828081,0.33436363945168235,0.4910758852239807
