0,1,2,3,4,5,6,7,8,9,10,11,12,13,14,15,16,17,18,19,20,21,22,23,24,25,26,27,28,29,30,31,32,33,34,35,36,37,38,39,40,41,42,43,44,45,46,47,48,49,50,51,52,53,54,55,56,57,58,59,60,61,62,63,64,65,66,67,68,69,70,71,72,73,74,75,76,77,78,79,80,81,82,83,84,85,86,87,88,89,90,91,92,93,94,95,96,97,98,99,100,101,102,103,104,105,106,107,108,109,110,111,112,113,114,115,116,117,118,119,120,121,122,123,124,125,126,127,128,129,130,131,132,133,134,135,136,137,138,139,140,141,142,143,144,145,146,147,148,149,150,151,152,153,154,155,156,157,158,159,160,161,162,163
0.0,0.7962647846365277,0.7555958822617315,0.8026448843671422,0.7682286636873591,0.8265525543926405,0.805941602318645,0.7870397778273297,0.8797521030238612,0.6795354586023363,0.8830291994150725,0.7571033067186009,0.8961986613317361,0.8205779296906399,0.7950122133426181,0.8172198013239655,0.8716485971704943,0.9129135253758641,0.7847316137558685,0.8921982375053267,0.8218594525748172,0.8345756869671407,0.7922670008339743,0.8309445116994586,0.802149047546271,0.7835736783148488,0.7227954373578398,0.8751441024753167,0.7010863429487435,0.7788841986505656,0.7819992560883812,0.8132438957211648,0.7677037744224178,0.8137412828535808,0.9090979956577868,0.7464419042485786,0.8696292436881247,0.8642092062822926,0.7433370594784776,0.8162951974841294,0.759084781453195,0.8953680681783088,0.7951742176981434,0.8304249367055719,0.8056381869569428,0.8143119397194231,0.7315865015500121,0.8083470917521218,0.864904690371496,0.8359851477199367,0.8497878800535931,0.8503616875489024,0.807094021511947,0.7886692313592225,0.7518168447756306,0.8802244882114331,0.9030308380609328,0.802768546991602,0.7988162964780525,0.8143783551040988,0.8138484704888195,0.7392178986364096,0.8729657422474689,0.728580505837574,0.8224301759273807,0.8413149491218903,0.8271710304179019,0.813835665214425,0.7680255994627313,0.8616892885860452,0.8872688312183291,0.812841476221295,0.8881122478367885,0.86796619528214,0.845631726608583,0.8236909374973737,0.8205123727967514,0.7425294354167471,0.8040244120094968,0.748236453615118,0.8078144679983863,0.8338919192754715,0.8146248406674989,0.8414583985017094,0.8937437250904551,0.8898752562918983,0.8523577303380134,0.8100380146701979,0.8262187386242671,0.8405792773861812,0.8526106098920943,0.7562015787029617,0.7885740926769161,0.8774648734711314,0.904297064295493,0.7334318057997987,0.70061057297246,0.7666192343224562,0.7839554035040304,0.8253761429283043,0.7719756400433379,0.7233102344740155,0.7078240380892533,0.6474994462282557,0.8757255764049359,0.8115320758654069,0.7473104181773057,0.8483147122257558,0.7623153496960164,0.8266241551441688,0.836764079730807,0.8925446206600472,0.9079405169969446,0.781830960197118,0.8791826804701378,0.8895631095966914,0.8739573709089827,0.7243108939739368,0.8155102788389923,0.7886362039891791,0.8371275723966891,0.7205005408920903,0.9106926753033444,0.8382731741560258,0.8608993023854372,0.7222561870273618,0.768881400984376,0.759463001531849,0.7420127194372882,0.7575964626231645,0.8011118939102814,0.8070422519742644,0.8352374845546706,0.8930910125835966,0.7896132622916091,0.834079576315287,0.8151638809795201,0.799159408993738,0.7522688261757436,0.7702518077298138,0.7384525336104683,0.8037904898857128,0.8431287698717449,0.7496938019509054,0.8142774199842305,0.8497666091787361,0.8292728574006087,0.7109225656313338,0.7167270464746186,0.6999442310539377,0.8992004128819738,0.7734888609457449,0.8208444370268131,0.704086715598204,0.7754331779482176,0.8661661087838248,0.8968199982532169,0.8113792360010106,0.7992676965148344,0.8762343973972297,0.7159794579532024,0.9040675211100768,0.7958309291646448,0.9538443287444435
0.7962647846365277,0.0,0.922785995811443,0.8530224394918368,0.7359455718443457,0.8920882560930632,0.8462564362831917,0.9256690934449737,0.7360964979052033,0.9013813350848483,0.9225457740587208,0.9223892031484912,0.8888604980793958,0.8133380161416663,0.8912978106768973,0.8618083983270801,0.8798096392761693,0.8087623311547474,0.88193338388938,0.8734407905308296,0.8812060536412064,0.9533016938355909,0.8047226317369974,0.8814679546140558,0.9138368957101778,0.7103840381823304,0.7543552257357955,0.8466332862549689,0.911087506611635,0.7152968974475298,0.8923237281246869,0.885093482767112,0.8827588984955071,0.8331319000343135,0.8579513072423938,0.9325138337788085,0.8264749929276851,0.8651988172454786,0.912804303503913,0.8363450699307051,0.9013128310481382,0.8275173397191519,0.806158646541915,0.8564292716863687,0.927398931104341,0.8174259351645006,0.7286315429464502,0.8651235333811744,0.8811302339294016,0.8518954829955835,0.8346509922050439,0.7763627214200532,0.8353817783973942,0.9527845652344175,0.9350587565968033,0.8207893128752893,0.8170940905308579,0.8471685876692083,0.9116501455899965,0.8629722884091741,0.9259514801380405,0.697783257870463,0.8097913016476759,0.8458127073594,0.7549672561314847,0.7725079505021472,0.8144943029395609,0.7526907519493347,0.7938026257784248,0.8589199543214752,0.7820868246411631,0.7856161169896444,0.7301380483488923,0.9010432077987959,0.9017761705949601,0.7279384228505209,0.8453365451600642,0.7814167304659047,0.7720138414219883,0.6393018590631161,0.8389837392164603,0.7630678391020552,0.8402172857885245,0.8732769350836843,0.7560360061745339,0.9177709791055206,0.7819113957871077,0.7485878486923584,0.841252774946677,0.8246550615155854,0.7396875803622057,0.8193063357482024,0.8985874052803267,0.7793688048416485,0.8061645576999266,0.8800131734791882,0.8067642824476974,0.8652685147163152,0.6679490079840973,0.8268333045682617,0.8362274286284237,0.8369797825935812,0.6789930936626469,0.8357921980971078,0.8072910372063534,0.7848379699570265,0.8692259356795082,0.9062440246461149,0.8498350103829714,0.9147207186548459,0.8877813468975969,0.7574381681244716,0.7956098611920756,0.7873720938386014,0.7857645601711433,0.7908111038267048,0.857039535272237,0.8581187687116053,0.9220271605192377,0.6838716941118231,0.746190551035329,0.7043831774245002,0.7688516241179266,0.8263575309100681,0.7033215707343364,0.911040540202018,0.7160095943126753,0.8654576806579101,0.9529281367518206,0.8220966514089929,0.8078984880873689,0.8176741643099993,0.7010770430586172,0.7714554617177116,0.9274609202812291,0.8218450076607879,0.8307931895770941,0.8114892542536933,0.8955189380827582,0.869223711045955,0.8434300288415677,0.8701935326368063,0.8482206495013139,0.8791747387249587,0.8932166922302223,0.7309931963845208,0.8535479880482053,0.8632653675159966,0.8991106746880607,0.8041353686462475,0.7850466987419009,0.9108113231941131,0.8702317503810082,0.8726120044210355,0.915638893267863,0.8686664677281197,0.8512185566764461,0.8376415887023774,0.7814278306465507,0.7156427524710545,0.8662263971145522,0.7445504392280017,0.9451610240546862,0.7707458473999391
0.7555958822617315,0.922785995811443,0.0,0.7674862116019222,0.8301281251736314,0.9074763159935417,0.8133044783030559,0.8785826460590064,0.686763032344008,0.8929094046678978,0.933709387869788,0.9265569634793775,0.8776871573571402,0.7367653784220062,0.8433360504124703,0.9468127249240811,0.9130344935929846,0.7760389718945631,0.8345640033404145,0.8052830460335186,0.9166835785546489,0.960713151270412,0.7614337929007036,0.8563691317184193,0.8801139396872585,0.7447968788134285,0.7102243831788455,0.7730881881917347,0.9114544620651882,0.7927373394866963,0.812771350693675,0.9099703442781977,0.811112487024216,0.7542209760759209,0.7532428160972064,0.8970455089285652,0.8282809182796848,0.8674519477104582,0.9011755906353243,0.796299265661103,0.870546561639556,0.8509108962892641,0.880640056376425,0.8625163331995982,0.8492696010526457,0.7969745900300399,0.8233102534773357,0.9053422712828937,0.8421518903428448,0.85899156619061,0.8432815087137484,0.7871620922896342,0.7677990827440673,0.9054094713066769,0.9193267729832668,0.7950887384914401,0.795080495039874,0.920994193253043,0.8198078895902892,0.8060766937378534,0.8467758335870422,0.7476450918529518,0.8564957360565475,0.8118336995523262,0.7100075472817304,0.7317169248035518,0.7204540471609064,0.8105115412196469,0.8223528202040865,0.8437581584549524,0.7971069917064464,0.7058669851421473,0.6740853210330009,0.8949307131217209,0.8866694907739959,0.6545858249422477,0.8748724403122153,0.8575926255340847,0.7447115812592926,0.6771480922758282,0.8892357078456748,0.7082414345545931,0.8956520632946795,0.8421150350513292,0.7350450977500003,0.8684138350898928,0.7533493551626552,0.7086573041326943,0.7626933870343511,0.7446707171030078,0.7867365931586779,0.7226296793752596,0.9282448628231291,0.7084053184651682,0.7445936407088158,0.8729438662529078,0.7489994638539387,0.798370558690603,0.631358604572697,0.7256796679588849,0.7445166530171838,0.8703617681159426,0.6383208564544505,0.8122270029695512,0.751657858061247,0.8435430337228446,0.8861191543532789,0.8821376700344782,0.843866848378376,0.902023062657239,0.8599298760686787,0.7463434812005404,0.7381876889810509,0.7684615664234488,0.7417415729831255,0.7817495430411886,0.7805332338266109,0.889673642974039,0.9279297703011022,0.6404848044443333,0.7880781176467918,0.7012686431714229,0.725613933603934,0.8383115189615838,0.6316401120063488,0.9104834522590982,0.7011456285263739,0.9015071292256143,0.9250123402453806,0.8040279813651756,0.8062411964082832,0.9048429583529723,0.6448350808350091,0.6961875877451557,0.8657586244161681,0.8191513732748356,0.8565333232744136,0.7646863689095595,0.8362176965063284,0.8745774431461563,0.752215197150954,0.9101042326046445,0.7587830705591456,0.8511106579994189,0.9059446526155265,0.7159810693487776,0.8878540722322341,0.914005925477397,0.901162327326977,0.8424890583864062,0.6944124472860426,0.8494339260755479,0.8418168274774236,0.9191171632219152,0.9126810931704439,0.8051622225048749,0.7930851551389877,0.8794032742387021,0.6722653550528694,0.720128777031209,0.8464480035294323,0.6718075016452129,0.9159526859343659,0.7603837484375603
0.8026448843671422,0.8530224394918368,0.7674862116019222,0.0,0.7111064978494205,0.7861530434730779,0.877477034658591,0.8455068477590876,0.7197055243091133,0.7239734311490156,0.8254757859405378,0.7975835111362031,0.815515356214449,0.7882852532874841,0.8854907347690494,0.7389910073212448,0.8158155926451325,0.8277556328305213,0.8099714107564194,0.7617300913588457,0.8102598407988094,0.8280502857508045,0.8317444254970839,0.8458945158236731,0.7758219101485506,0.7644024635990546,0.7656799985030682,0.8493937641304324,0.7394089802013641,0.6599529789855157,0.7902050836675393,0.7404983826662046,0.9588390693823087,0.8294699393442224,0.8363938221367894,0.8344294529683274,0.7603713942567109,0.7850143661781296,0.7855307501723208,0.8796586976015819,0.9032944012105385,0.7666958514805422,0.7321504364003559,0.8080379567203573,0.8578981232435394,0.8399667269370443,0.6780795395510285,0.7400790233058511,0.8275272288997924,0.803992924400613,0.8618413382785589,0.8362917922588038,0.8429669072895194,0.8938908647675422,0.805749365379787,0.752454079703763,0.8167463848588438,0.780758228964436,0.8343992517130856,0.8572021912997124,0.8443253953951008,0.6793615947873717,0.8176701692494066,0.7019185770666067,0.7631927327116294,0.7728606463622584,0.8352017568531969,0.7088201271303483,0.717349695152422,0.812157769902462,0.7811016304212137,0.7490112188347137,0.7600556572163047,0.884406763875736,0.8109788898197734,0.6995973704943316,0.8032893171465816,0.7309618845531284,0.8281344830460371,0.6159240291770658,0.7412427254024034,0.8385280542858298,0.7557184354671268,0.7954487108215104,0.8025928386176853,0.8750458375263345,0.7229348415236228,0.7595448207918349,0.8247190092948705,0.8002342710080271,0.7943935405170801,0.8438087992782017,0.7961097516130454,0.7898258080839311,0.875460405583952,0.7563185430292195,0.7296462365604685,0.8115929945699768,0.6620723582925555,0.9172134721303001,0.7420428519985786,0.729665530298181,0.8048704627819426,0.7383322384221305,0.8298498557999912,0.7620478082267531,0.7873062673148987,0.8071808080240511,0.8407257082138138,0.7798428230203409,0.8562001256181533,0.8070749257458714,0.8024076012460124,0.7190816631228182,0.8817991814481402,0.848997135330472,0.8138447329234828,0.6843624442714931,0.8427465544775321,0.7432854039632885,0.7284718535485174,0.8134008671558887,0.736493004712516,0.8138799225628796,0.6668455294556115,0.7764426049635385,0.7643014761851838,0.7740887746987892,0.8057355527802735,0.7741197839971532,0.6947456675106216,0.7231938286417828,0.6967008842801158,0.8259078233041127,0.7749760906690603,0.7146362722559675,0.7036799871096102,0.847929768291112,0.8118034351436215,0.7784043611972183,0.8493805011714909,0.6988916214148915,0.8962168752019408,0.7791905272697085,0.7581206695646864,0.7715758740514357,0.7923130895557144,0.7606715898927058,0.706350132989156,0.6473345810931105,0.8306083627626826,0.8074351189867952,0.8137199777075116,0.7583985722731285,0.8384548125933777,0.7994900124872386,0.8147307135871316,0.8049731319043645,0.8760792998536561,0.755549556568944,0.7894911153211096,0.7336303236589968,0.805460826084623,0.8064442148260174
0.7682286636873591,0.7359455718443457,0.8301281251736314,0.7111064978494205,0.0,0.7866768786612148,0.8368151023819762,0.6914697642932208,0.6690459195862251,0.6797870433757748,0.8385233982773368,0.7909125250721376,0.7843506509214585,0.6623419964928698,0.8054688055596212,0.8784933319871499,0.8575492971563414,0.7702339512901869,0.7137388670843945,0.6850381858710078,0.8522837109613958,0.8265280178428789,0.7515095833616106,0.8230655486142943,0.7159244044849821,0.8414600141106691,0.6579548865709508,0.6818841804623772,0.7348767178066826,0.8907266443344681,0.6942435992831552,0.7800654218587664,0.7507436607371458,0.6768714588302149,0.6875761651492178,0.7441621513488741,0.7922806126470182,0.7944397122886299,0.7806205837804564,0.7866834762597069,0.8103953964894031,0.8192181272646593,0.8795967045819019,0.8513929794862606,0.6970017422792033,0.7909080524000728,0.9432725606877798,0.8243762382840714,0.7966048909564585,0.8272858158393904,0.8718008287470397,0.8432245339833171,0.7206931694939531,0.765298644068913,0.7624344765309917,0.7517175342489871,0.7989863989811357,0.8831863319389028,0.6732049117129505,0.7531725306280475,0.6644886857006147,0.8086317795151451,0.8708775879254917,0.6641512405771142,0.7069332148710282,0.6796071166958669,0.6397117373041226,0.8629829166620031,0.7254247232805735,0.7305606989790842,0.8481592741392809,0.6666083895783904,0.626306645051135,0.8253996498815902,0.7390486217305613,0.6343717611332512,0.8380261387861121,0.9306382085792034,0.7354789244267778,0.7756744000023233,0.8210299566525995,0.705538028853078,0.916928517584303,0.7058931008062753,0.7463090434483667,0.7740625956695544,0.6504637342366619,0.6906101502485871,0.6699161210089208,0.691110277887185,0.9262582194041482,0.6644609367144492,0.8716548885298547,0.6899839583512878,0.7353355490472073,0.7437259911891735,0.6072836797608386,0.6635368522933078,0.666544009015293,0.6604591625792416,0.6507966371998393,0.7187820596690272,0.6404106723468836,0.6579286184848618,0.69868054785841,0.8814787667765837,0.7530561601223885,0.74078508208759,0.8292113545030187,0.7794129910882605,0.7966844308587514,0.806843986273858,0.6709656385181869,0.6641044907250551,0.771451521458851,0.8300785075202926,0.6915269704353304,0.7509966572019466,0.7869619525784495,0.6386816504068936,0.9271110893925609,0.6997686781107947,0.6888458764852924,0.8842539347913768,0.6110666667225225,0.7612910147610509,0.6986813804603869,0.8461423888415244,0.719972686299204,0.7565486589839167,0.7020135206004929,0.8501237814922411,0.6098193242759412,0.6903110426250448,0.6844281639200945,0.809652513277571,0.8248158747654948,0.7836559667924021,0.6863572689826585,0.8148422083766208,0.641047594538224,0.7895239623423254,0.7110459936435246,0.6963591303318284,0.8102172674791699,0.748649585682297,0.894519977845422,0.8358242372062042,0.694478508233839,0.7015678459744107,0.6580627388112205,0.7256526185847029,0.7548456495223343,0.8208271780746343,0.7867646371294449,0.7025637554566,0.7359624678368007,0.8799234299523591,0.6413265485496912,0.8059886527007621,0.713949062227579,0.6581271599233824,0.762060768709343,0.841778518240651
0.8265525543926405,0.8920882560930632,0.9074763159935417,0.7861530434730779,0.7866768786612148,0.0,0.7982542622460362,0.8600790626986284,0.7398897035911812,0.8160096776627825,0.9169055487936605,0.9238713501425148,0.8694921420533017,0.7055943658596434,0.7969673374420144,0.8983334898159133,0.8881251863818105,0.7428717278344882,0.8858461727970076,0.8285018660230182,0.926396229736819,0.8973225876595011,0.7128132399054923,0.8393458111666875,0.8977007215640619,0.7360882375529502,0.6345037907350015,0.7862343604851253,0.82700063860186,0.780764550792006,0.8452527200503525,0.9244525244081582,0.7950324096191617,0.8147288104388875,0.7923180355543016,0.8393172453878784,0.8567145240250091,0.8192937467942497,0.8658283705880537,0.7440706113850231,0.8178367267227582,0.9048665310861607,0.8469599654234624,0.9134712312339399,0.8161571756813727,0.7677697932289259,0.788550001525266,0.9153955312891273,0.8159706831267428,0.8195707443671798,0.862454914134978,0.8505440735345913,0.7684934644388408,0.9001191308272318,0.8702582378401346,0.9035746440412129,0.8287195706438792,0.9183636612333477,0.7671933563948193,0.7671214248187174,0.8758789106635453,0.7589015167083966,0.9047251599162673,0.733017770806998,0.7496741460732068,0.7927076005059954,0.7388608228505056,0.8139846015945075,0.7296056732287235,0.847291605615295,0.8386638780104262,0.6764792976231112,0.7542335827016071,0.8745194943384147,0.8842485501973125,0.7309805342909053,0.849165033710677,0.8029819977078219,0.7492021939891901,0.7568082334963562,0.9595126571110765,0.7722483620727787,0.8764605473793461,0.8428387350766601,0.8136835711677498,0.8571042780028778,0.8602320716526098,0.6981280807408323,0.7805673341120029,0.7922868293181332,0.7814692181745405,0.7942998921743515,0.8570791802235201,0.787346625763684,0.7705400616308133,0.8681022323353301,0.7842429923525349,0.8719539884689549,0.6731686506332744,0.752477562691487,0.742918007059057,0.8412815037338348,0.6891689228666831,0.7809947146635718,0.7929638400371988,0.8115037220976066,0.8600450533904176,0.8725630098774122,0.763354437014929,0.9288000261965418,0.9268010910341092,0.7675048911961095,0.8573738101937216,0.7427457134501207,0.7556876789997139,0.7890213909337797,0.8784965594078792,0.8150864700216628,0.955885027689332,0.672742857549733,0.7566705119067266,0.7173215485821165,0.83495832830392,0.8665864590506722,0.7221444537372779,0.8642348287291397,0.7311005604084073,0.8387893607806168,0.8884646326845355,0.7085503798648822,0.8121023753359005,0.9143649561162149,0.6856872631109231,0.7874431352704563,0.8709937928712934,0.82017751949243,0.8496118418982619,0.7151216991964535,0.735579241655564,0.8278683536045076,0.7604841565629608,0.8994843445546817,0.7894489589318892,0.8294406015099933,0.8936520680387262,0.7584055934122635,0.8947964728433535,0.8290005909252216,0.8503089931479604,0.8021620146354604,0.7928265286720676,0.8578933800012173,0.8031977041626948,0.7786294111794997,0.9241989699673718,0.8342979671708932,0.8089712455277734,0.8981057713687701,0.6913115244343973,0.7814574104157984,0.7747898824205033,0.7871470682318862,0.9140934517157392,0.8127928237536162
0.805941602318645,0.8462564362831917,0.8133044783030559,0.877477034658591,0.8368151023819762,0.7982542622460362,0.0,0.7810715273619148,0.6707212758989544,0.7690494439545549,0.867920435103798,0.8439305443309205,0.8526425563349334,0.7602904174290237,0.9413950097739018,0.8255446747471101,0.8359172931811832,0.827202576313681,0.7770268472771271,0.7358536924882976,0.8336572784531086,0.8474719468030476,0.8921881205677715,0.9047090784980836,0.8149996186493085,0.8451195210141511,0.7563862358376042,0.7788757406418925,0.8086559638497256,0.7610603876318838,0.8185358514591711,0.8080637704590046,0.9148410386126553,0.8249459001257221,0.7997381415147713,0.820567362697144,0.8593058233129227,0.7913452561095226,0.8362174260442864,0.9082191845340383,0.8937740708442944,0.7718729807114865,0.8447139118722014,0.8935654191622145,0.8423893994932019,0.8800533517120622,0.8220888519701477,0.8382569245644762,0.9299364138275964,0.8089380395752175,0.9045781677214233,0.823125808160393,0.7679181828263895,0.8651255846348854,0.8644431753987176,0.7860388315554071,0.8088189688384201,0.8203796213209317,0.8174632285483975,0.8386981152022073,0.7736689254360807,0.7247468121964311,0.8110917657345056,0.7002254934089397,0.732241713899033,0.7350491491413568,0.7944030468091038,0.8365216748844412,0.7303722266174195,0.7892238721484841,0.8277349098097183,0.7790013217826588,0.666369477641373,0.8907515842048582,0.7505199284362402,0.773601765372355,0.8809755575183793,0.8933029715448836,0.8122207696704075,0.7187198108717543,0.7919131040104631,0.7489713111091822,0.8872340687328012,0.766939536949706,0.7499307751450721,0.8317728635696339,0.7033429500987803,0.7946084075116607,0.8263440361624566,0.7944591653436623,0.8427280328220049,0.8032516397971138,0.8888533445770673,0.7653936614601584,0.7955833875783642,0.8308204709532244,0.6479336439188326,0.7651307165514987,0.6579370230226602,0.836302270223097,0.7936916372691796,0.7652610782980274,0.7625539892068104,0.7542596275241666,0.7421990623484637,0.8394117096024643,0.7835853125008713,0.8034449170444272,0.9288668158997854,0.8417034069889465,0.8845845725112559,0.7920722014049074,0.7513465198090354,0.6878364531363227,0.8567668019167595,0.838855791030611,0.7904190034020465,0.7830679578962463,0.8389695125492579,0.6811982654344705,0.8225162229018241,0.7583899988515398,0.7159029768002798,0.9288649934721922,0.6483918013898592,0.8594464080429682,0.695437316352028,0.8762577151122956,0.8074391745035291,0.8454430672197798,0.6880678164327781,0.742319509343405,0.6851550976100523,0.7241981037770904,0.7600863690995966,0.8013517912594661,0.8297548741487414,0.9116452873947835,0.8108497384359333,0.8611443566023699,0.8134335199441672,0.7642535757301411,0.8156326098546745,0.7198551339532518,0.8568736236918674,0.8217990910155651,0.8343243630383838,0.8804381690041609,0.7449506206047877,0.6480126937187751,0.7705579311045527,0.8324746922093542,0.7707190258906559,0.8605024219297882,0.8680204851853848,0.8159434186215281,0.8375911952108799,0.9022818012855636,0.829855384688581,0.8381484305693137,0.8426806977088079,0.7277905911292115,0.8364918258211611,0.8225344492774299
0.7870397778273297,0.9256690934449737,0.8785826460590064,0.8455068477590876,0.6914697642932208,0.8600790626986284,0.7810715273619148,0.0,0.7662930505396955,0.8609761167304978,0.886623770315599,0.8904542086439107,0.8684010230187258,0.78712424151987,0.8430711554516229,0.8391710199017842,0.8506674561408043,0.8066331116321893,0.873219934104386,0.864533824066097,0.8392430226161063,0.8989957694089029,0.7899154039609192,0.8077989402732886,0.8931151390311998,0.6922748800133304,0.7723254928719862,0.8606241988612983,0.8389166849255504,0.7135052132043678,0.8916370673278851,0.8707246539023772,0.8484440298363585,0.8348268773818813,0.8325471258904288,0.9144612295217641,0.8032274461087405,0.8735687598580316,0.8721382367705123,0.7832647730997393,0.8455446888944451,0.8002514124859885,0.8087389256312912,0.7950326287722032,0.9373489149555542,0.8088102095836757,0.6832457975177456,0.8111241005537189,0.8375507423277628,0.8406887681017848,0.81244378071876,0.7477808257645707,0.7960909098674922,0.903444679135439,0.9001570665302805,0.7741809906224011,0.8033240296353966,0.8524692193802778,0.8666174907618954,0.8507605587646602,0.9332472667334001,0.7096299202783245,0.8148143807285051,0.8238182287537646,0.7312680671933248,0.7751890235220108,0.7958683972545465,0.7179124056351691,0.8187476154846373,0.921058215083164,0.7582963827018082,0.7580373375349856,0.7425058253188352,0.8796214835074767,0.9169782730062963,0.703827439920116,0.8310209708838057,0.7245647169126579,0.8051890774942911,0.5950376642676144,0.7793398771967684,0.769381770200719,0.7846664382188171,0.8842612411103065,0.7670850505374434,0.9096461693631446,0.8369552587022808,0.7863412311428092,0.8812328228901959,0.7960342433267731,0.7348363591565535,0.8050519650186269,0.8525731691936924,0.7515372282832717,0.779978256330226,0.835290668374856,0.8200774680646439,0.8534460784329153,0.653166733318367,0.8248038203707047,0.7902528502581898,0.8932552487284577,0.7123700793579376,0.8213261312708748,0.854193627968633,0.7733829362345908,0.8690718804397746,0.8880048972748301,0.7951507332186691,0.8342244988807417,0.8409456709367182,0.7635474415450015,0.7843272695431036,0.8368900267720301,0.7847549130809841,0.7684206538646545,0.836019725476649,0.82844254722875,0.8694642040936074,0.70282529239016,0.6994353593955689,0.7923935002082103,0.7355341598471533,0.7731786208553598,0.6678711007413626,0.8616873951957696,0.7235898885936797,0.8443394338461341,0.91063855588655,0.7865797425708406,0.8205454183414773,0.8039788532767989,0.7223680196514525,0.7593129494653308,0.8890614170577927,0.7398175397593365,0.7826851758924452,0.7637534646532339,0.8778486581986675,0.8731307995589207,0.8255577116521203,0.8308736427847686,0.8235912792185691,0.8817160693870671,0.8342245589235543,0.7423178299760762,0.8174620031840254,0.8062339215123888,0.8719428763037907,0.7904160937642289,0.8080234637034639,0.8565610306512992,0.8585374722493619,0.812829681476587,0.8891554059530485,0.8604502162598691,0.8090257692369174,0.7945744613352973,0.7429843977247804,0.7048706291559802,0.7987560486728851,0.718530172652622,0.9211156039102965,0.7393816669692557
0.8797521030238612,0.7360964979052033,0.686763032344008,0.7197055243091133,0.6690459195862251,0.7398897035911812,0.6707212758989544,0.7662930505396955,0.0,0.6409616950634386,0.7727486374575238,0.6893454034678645,0.7559568690434233,0.7808182040457612,0.6916853815109852,0.7102242197556983,0.7658841677568594,0.8326870651812596,0.743671585876034,0.8348855204836997,0.7139279527160668,0.7689351059020864,0.6955506026920062,0.678283757713164,0.7255611686401346,0.6177082914063294,0.707384992378253,0.8147468243379098,0.6395058753061411,0.7365806741208037,0.7359416505128581,0.7298165046086429,0.6785749393726618,0.6880721057916408,0.85353873334539,0.7096996368400352,0.7110364088680556,0.8177708658979358,0.6720031384637353,0.6760168485465956,0.669336321059786,0.8503643606586078,0.6773045058037556,0.6863205299466,0.7135040976759831,0.672439023287169,0.6207285782352461,0.672417141578382,0.7280590001877608,0.7773578230692233,0.7194987097371867,0.713116867469361,0.784318753238828,0.7046070554952422,0.6728050432506064,0.7795308298112974,0.791029909212621,0.7441717443114734,0.7362562907746774,0.7411736823768907,0.7435617216811768,0.6851582580175839,0.7609675743799602,0.7342755955571695,0.7642889193553427,0.7164494251935151,0.7069357013460642,0.6654035729164849,0.760035583871064,0.8263498545190125,0.7425435985709007,0.7373998642683528,0.8634744759994378,0.7414869530836844,0.8341566334160889,0.6845163583829839,0.6844855510323329,0.6156899619019139,0.6669653577788472,0.5945675585657956,0.6776636078400409,0.8099305806512962,0.6944623514940104,0.7513628144738376,0.8005190280386735,0.8074365755790477,0.7902881946656708,0.7721411200749506,0.7409423262892821,0.7394503806609277,0.7642673849995499,0.737544620127086,0.708092770057456,0.7497915137520548,0.8376383279531824,0.6586992504678135,0.7045186582792826,0.7085766088412129,0.8093194257610566,0.7136643296507075,0.6792102064244963,0.6601435878764828,0.6473767023315163,0.6189457205686613,0.8764554990666634,0.6648389827655493,0.6640922587848029,0.7693761618656353,0.633163161897725,0.6880439912849983,0.7071149674939428,0.8087596773998398,0.784704540367518,0.8264237289603846,0.7309656368815187,0.7654204820841561,0.7787782048518699,0.6699971452157427,0.7051930021631301,0.8067057289910763,0.7109197015694677,0.6924244975036663,0.7728806047809527,0.6738209160412627,0.8302909753946454,0.6308242939012754,0.7483475852229623,0.6547767336194747,0.6712375371056517,0.6571325745087259,0.8560276603543198,0.7373573927704385,0.7471909479277439,0.8769872084224252,0.7209723137977736,0.70784726419509,0.6781361159930166,0.6715577442703841,0.6824567861586235,0.7045052989699998,0.6723355108203817,0.7458056115714633,0.8004031740012822,0.7867588620370263,0.6822538211239918,0.7352220314910899,0.7568699667838671,0.6048178258325093,0.6781459167338555,0.7117860500037918,0.806803609132814,0.7266657484427356,0.8035824835261235,0.622734334811133,0.6795964645626529,0.7452548458519245,0.7476160788524624,0.6616596272584953,0.7029955970023666,0.714291070119552,0.6072929166116345,0.8235074925153651,0.745394467596468,0.8164160580077588
0.6795354586023363,0.9013813350848483,0.8929094046678978,0.7239734311490156,0.6797870433757748,0.8160096776627825,0.7690494439545549,0.8609761167304978,0.6409616950634386,0.0,0.8515263864906435,0.8802870829950312,0.8080029956591338,0.741442711231324,0.7810448680636557,0.8345526065305229,0.7794726668696164,0.7191333596370275,0.7879853917865021,0.7557216275329851,0.7590135740753495,0.8500396103024139,0.7680549058719862,0.7421586750862895,0.9328409734800872,0.6359633765135326,0.7422736697916544,0.7523677823262329,0.972562137285208,0.7055117044572826,0.8477794275089526,0.8713387615288654,0.7698374324870476,0.7429936742481195,0.7537370176289726,0.8670842504451033,0.7871938729518402,0.8072663464202525,0.8274804417289972,0.7159748405802958,0.777400148653012,0.7316032388263748,0.7829793819561832,0.7772572736930269,0.8382709516239281,0.694548948501163,0.695215539600905,0.8339131067910122,0.8324879675924222,0.7227208809153703,0.7088613264453558,0.6400262260934039,0.668577785319474,0.8204035121075629,0.9296079606119874,0.7308001074073557,0.6673051728129472,0.8046120126628388,0.8321582716172278,0.7216551054215172,0.809155497976123,0.6283479969122417,0.6961263778554763,0.8342318483266989,0.6048499994491257,0.6315994459776225,0.6898685076398855,0.709857690852879,0.8231786159406456,0.8348254874072717,0.653839905785626,0.7281776474592474,0.6201034829646772,0.7695057192771435,0.8044874658727251,0.6916856759878124,0.75777471718985,0.7603335286789983,0.6702196961816691,0.5952012830437199,0.7709333490526541,0.6061833675301451,0.7851850302442218,0.824419774807162,0.6265279807911881,0.7758741944090086,0.7455616961067993,0.7216466681355517,0.8022974209211762,0.6801536825338945,0.6613889712030205,0.7266100051561002,0.8566567557179786,0.6272222915494344,0.6494914111729502,0.9147595614284294,0.6798979282907623,0.8088574961379827,0.5993221812031897,0.6905458855993357,0.8011969210725277,0.8294589960116788,0.6447828564786181,0.9171369093486668,0.6901146011869523,0.6946913147315656,0.7681930100902332,0.8740022424529166,0.7583048833683713,0.8187772658327203,0.77182803652109,0.6350295043973742,0.682803397571812,0.7861143905603607,0.6606395111330882,0.6578594152252489,0.7746235980551003,0.9236402798501927,0.8501846919435516,0.6386538739461757,0.6396963732579827,0.6777422035586451,0.6507809561509375,0.7264472880965587,0.6153005864952508,0.9327310732364883,0.5905439439264932,0.8018991201191646,0.9356246187782898,0.7729320149421565,0.798967157484687,0.7254291532496174,0.6410468376246186,0.6117649531378159,0.8207077685244312,0.7169636774033907,0.8029039620120364,0.7188123206796765,0.8632943143940774,0.8272417375444691,0.8282407410766037,0.8602686242129141,0.6797373451472353,0.7991258969688181,0.8580555651375585,0.684878368077784,0.7249623794135616,0.847630213111909,0.9672643368269433,0.8056518596996733,0.6595452995164043,0.9081584249136663,0.7369389056438729,0.8434070857802971,0.8751605653352084,0.7671320950980289,0.7307038375262488,0.7684955356918585,0.6958134273600657,0.6501352414830139,0.8767073995787447,0.6738004748787042,0.9043586691966589,0.6383891716106919
0.8830291994150725,0.9225457740587208,0.933709387869788,0.8254757859405378,0.8385233982773368,0.9169055487936605,0.867920435103798,0.886623770315599,0.7727486374575238,0.8515263864906435,0.0,0.8998107923947363,0.9553708360981608,0.8198108462000459,0.8746445131957745,0.957682580008014,0.9504427384300665,0.8834989422179608,0.8526809247038559,0.875570046906359,0.9055441451230194,0.962945979144877,0.8352056602567628,0.8893304232560084,0.9142238357588723,0.7893660703121498,0.7717320762715092,0.8719024987743824,0.8869647093552601,0.8352853072680352,0.8490572694603871,0.9286857265634937,0.8404432882753706,0.812605955684968,0.8587907193024771,0.8696942722445783,0.9144804801630734,0.934482289631974,0.8804438868159787,0.8528421582714958,0.8611158074757796,0.8965664085640384,0.8917329469200884,0.9009486521558097,0.8769019089041555,0.8344645086388057,0.7959905433565173,0.927387079164892,0.9311151313704454,0.8740843959105031,0.883730900489065,0.8239320117093571,0.8038824814454778,0.8983308022568743,0.9174113218573968,0.8480802124323554,0.8680290695692973,0.9215646839627887,0.8577643385487937,0.8460275205861747,0.8838504052684123,0.7504136007807891,0.893197609036233,0.8081291988678089,0.7523437433661162,0.7829155716109649,0.7953262352924629,0.8515339429252922,0.8544188474227616,0.925748172057739,0.8525568904163227,0.7976762239228145,0.760786652573045,0.9334958341431174,0.9198874155649245,0.7642351774656518,0.9114083193531272,0.8621464636189079,0.7966730258047908,0.7368786787289381,0.8932694992015942,0.7540966865505362,0.9191997372011453,0.9093175206956028,0.8056316368618942,0.9184808536470337,0.8378914388131453,0.7894432173907446,0.8469306739647983,0.8027841304518653,0.8495998148638217,0.749503022596796,0.9381182913415368,0.7957047618785056,0.8291410595051341,0.8702269164627717,0.7299510684574114,0.8015525419758746,0.6938363920942094,0.7896046838011199,0.8234422727815545,0.8501845909663328,0.6774716841742986,0.7763535005858236,0.8225339854790398,0.8549414294834495,0.8478419185721113,0.9292869979020826,0.8512606047693544,0.9156983638199696,0.8938496541332168,0.8171868681441182,0.8290649431580338,0.8376346740751373,0.8331968631104345,0.8577761075375837,0.8605471535426581,0.8823416036205062,0.9258492557209976,0.7234082671244293,0.8407803557953092,0.7451873753555949,0.8075990170451276,0.8914133940145313,0.733549112291485,0.8942955493076086,0.7183423454657983,0.8856327572088687,0.8928606038105775,0.8363440342969394,0.841985153657948,0.8873441445428399,0.7674710527686865,0.783027581591592,0.871867692071544,0.8631740280392933,0.8965689951245766,0.8267737191181809,0.8585317587935468,0.8904796523771047,0.8069614041980127,0.9218904443689826,0.8098804231650014,0.8310466969423718,0.9348524137785634,0.7794912983606783,0.8846689060023953,0.8810095981979555,0.8667776019934156,0.810764129710444,0.800538723127984,0.8948253372073469,0.8700945552692924,0.8525103732635796,0.9028260337145914,0.8806448440538017,0.9005873910899913,0.901268019108937,0.7730379948679383,0.8341098411282329,0.8439206168774869,0.7945551008152538,0.9071157607912185,0.8711143237674756
0.7571033067186009,0.9223892031484912,0.9265569634793775,0.7975835111362031,0.7909125250721376,0.9238713501425148,0.8439305443309205,0.8904542086439107,0.6893454034678645,0.8802870829950312,0.8998107923947363,0.0,0.8223667410796461,0.683341171572406,0.8595862045559419,0.8915745206325336,0.8706454249330741,0.7359985861710365,0.9327994081635954,0.8081506480007651,0.9204490018805486,0.9016945607087867,0.7834015597244639,0.8510372746064827,0.9197719496653647,0.7091428065477298,0.6717691450669322,0.7793043106176614,0.8842141238194186,0.7851364279766938,0.9059734329348446,0.9278189389492587,0.8317034406308742,0.8486205880860123,0.7763070168251662,0.9169693108056288,0.8124490923219896,0.8157210012160868,0.9483079735563934,0.7580075420259352,0.8786799529816751,0.8253992033406948,0.890656307554218,0.8973455374360509,0.8584058176246272,0.7998258848846722,0.7939230496787958,0.8906616354026868,0.8603188644398047,0.8466554829138201,0.869661123121431,0.7938690970984835,0.7725008800395299,0.9329726184701294,0.9483021330897285,0.7915557705537797,0.8111233886296073,0.9277035769161096,0.8058988692543009,0.8093482923930385,0.8470245812390494,0.730296521205168,0.8479720278360593,0.7747714824416212,0.7359137160463839,0.7461573766190687,0.7023177891200879,0.7569518346241373,0.7443184663848046,0.8286932104187191,0.7731887332043229,0.6928192165559808,0.6645711245349513,0.8696716419439902,0.8569411441427348,0.7071355745219816,0.8533873313999771,0.8208919482395487,0.7698821006243719,0.6695732621050104,0.8659263354761728,0.7441570146909408,0.8626538576229991,0.7940196431669382,0.7641273302687133,0.8422517160620396,0.7737585477522797,0.7312948744168354,0.8051503736147098,0.7422481910363278,0.7636935057271308,0.8284981188252541,0.9295337615798198,0.7467890193853332,0.722525447036781,0.8914390529579296,0.7786257412229523,0.8729082562426785,0.6391854660206913,0.7454977905448631,0.7532114909174221,0.8974394081191318,0.7175115128070052,0.8697939337682938,0.7750297174855482,0.8027313344913061,0.8983224440394717,0.8637604580766839,0.8173548396466631,0.8989306145235629,0.9320624832970162,0.7566726099405858,0.7362172158206152,0.7364215647136875,0.7407859812674753,0.746279662667193,0.8565398195310776,0.8981487593376758,0.9247496133727662,0.6215051001150851,0.741211680955537,0.7218965311688663,0.7326835652084079,0.8548735183848737,0.6384454125711092,0.9285377242546742,0.6917201992892335,0.8839477781231656,0.9386949576200125,0.7417656738549651,0.7745370671292711,0.8510299326007641,0.6265432507185085,0.7159689584956825,0.8783063625324717,0.7910778262624145,0.8550373641661796,0.7486728411372776,0.7972891904140674,0.9358327482626609,0.7750336895880491,0.8721799753245062,0.7897852775733865,0.8534806440346466,0.8902437471218752,0.7508491396640532,0.882105694647636,0.8799254597981933,0.9044289236087402,0.8011308609704607,0.7645136669356322,0.904331096920562,0.8316795803321629,0.847358143862937,0.9713686005238942,0.8026688338826362,0.7707469050497351,0.8714092528561834,0.6827662309694975,0.7328603023278484,0.7909147280646669,0.7106391672058798,0.9502112090065487,0.7462649675388798
