0,1,2,3,4,5,6,7,8,9,10,11,12,13,14,15,16,17,18,19,20,21,22,23,24,25,26,27,28,29,30,31,32,33,34,35,36,37,38,39,40,41,42,43,44,45,46,47,48,49,50,51,52,53,54,55,56,57,58,59,60,61,62,63,64,65,66,67,68,69,70,71,72,73,74,75,76,77,78,79,80,81,82,83,84,85,86,87,88,89,90,91,92,93,94,95,96,97,98,99,100,101,102,103,104,105,106,107,108,109,110,111,112,113,114,115,116,117,118,119,120,121,122,123,124,125,126,127,128,129,130,131,132,133,134,135,136,137,138,139,140,141,142,143,144,145,146,147,148,149,150,151,152,153,154,155,156,157,158,159,160,161,162,163
0.0,0.3224875087438697,0.26495398905884593,0.23998851246432382,0.2703087883821259,0.31028333102817307,0.25670139621309873,0.3058780862075036,0.3643424242392881,0.2832078884853984,0.2959821419514062,0.24607567485143014,0.37582241868961697,0.3125817143171224,0.3153139724422027,0.3141747548656445,0.34127031307563177,0.4218435161823171,0.28395083594517295,0.5056646116301708,0.32764536070945466,0.3107929631282895,0.2439188816604296,0.30322443250451375,0.3500329254974235,0.2548785524379448,0.20818594031606932,0.3076256844738633,0.2494158570570124,0.27122073818850123,0.35571341182472455,0.33917442111554075,0.2711602225279652,0.2835063772299829,0.3972286628484775,0.28711354892336305,0.36896284405075036,0.3230814930029585,0.2467560926854786,0.2899958066019141,0.27852854158953455,0.29042886530462325,0.43181834165350275,0.3631823346111743,0.3218822188039515,0.3442779816040811,0.3131994262606789,0.32583265886195,0.3234199275189881,0.39226041979313514,0.4044617867013795,0.39044641277579845,0.27763637155673515,0.29036241448612643,0.29561257842155475,0.33691603014634697,0.4682871491252506,0.25724498538728385,0.3447023740570326,0.35165286480010954,0.32859829009866287,0.290953812632327,0.34824241240823,0.2589442915508049,0.3444389042419003,0.3612761468544996,0.29381743173956015,0.41183020752157773,0.29549288081990904,0.3413584154988543,0.5386043293685868,0.387281927243685,0.3105844493383544,0.31796673453052327,0.34069211676243866,0.35700138824215133,0.2469968243812045,0.2549888069598521,0.3553671787407924,0.30017050815016455,0.3147805471008644,0.3725033228916728,0.3640505859866804,0.32628165534480313,0.3169422952323266,0.33624041966299106,0.30337211514257817,0.38712440973392276,0.3383453720850999,0.292889518570053,0.33142345612020285,0.3141249579219313,0.3763862990406056,0.389194373879174,0.3565736093809672,0.2895583581464166,0.2865832943486939,0.2776805607403147,0.2698203933211652,0.3458218852483123,0.33013491202703943,0.2838483842832295,0.2558054298378792,0.256217558691448,0.44262757442979195,0.3573111069058938,0.3270127707540275,0.2919850066491351,0.3116190118224875,0.3086647664926868,0.28631294937630797,0.31700161271061017,0.34554579154692017,0.24357174901047132,0.3446567402680297,0.31465208279364726,0.3418417640365233,0.28842057479426736,0.2636391396235478,0.2647029076431119,0.3069898468117405,0.26627527566323095,0.3429915855943991,0.41584734050496264,0.3310500140842277,0.29356593004581627,0.25086067338970724,0.265960054719606,0.2781586339428854,0.3410105681383049,0.28289329049136824,0.2787665154715044,0.2821162589160037,0.30687127920941165,0.2950745699094391,0.3305494096891507,0.4055279490702727,0.29829085913363906,0.26481945096741677,0.3351790639913733,0.28161413074501557,0.29533024377764966,0.36924632940828656,0.2715181239737816,0.3145973291036815,0.2811531028298998,0.3148957642406182,0.25540950098046283,0.33971078557226847,0.19266152562465275,0.4114432727726464,0.3174057163457453,0.28316192304437887,0.2229166764768747,0.2831441737951064,0.38777386216063175,0.26055816536083093,0.2979105967162322,0.3101832434831275,0.3318163688463002,0.2508292731188558,0.42542946222903655,0.23701859389133503,0.3736161517023855
0.3224875087438697,0.0,0.3864194519768538,0.2946998726442967,0.2512958251926423,0.3467909668992531,0.27064745607256846,0.4114007481173473,0.28954633147953235,0.3835960673531939,0.3650759697452234,0.30549023181013474,0.3559651600615243,0.3740615838014276,0.33771389113877487,0.35634453082426315,0.3807639666033702,0.3325866306475392,0.339525397790559,0.35789975988713124,0.36065876764288535,0.44868864232071026,0.2727455920341628,0.3437668497079487,0.3605914248983108,0.2769114959772387,0.23380138524841898,0.3866487373763759,0.3992384782199446,0.26349111520777224,0.3441442210150531,0.31768042208897773,0.3725055017901628,0.2721302792943755,0.32874238860844274,0.32022698329914007,0.3191964502983044,0.3475153609125758,0.2927772838817005,0.31837276362798184,0.3936138576333599,0.2771162490945183,0.2898338306764803,0.31431153579710974,0.4404140292659807,0.3066612461441199,0.2635209085801292,0.3060089243385973,0.31411732743606646,0.3041277777207172,0.3620042739679095,0.34369397139824365,0.26822426313888714,0.450334466597622,0.35448788344316456,0.29628548818328265,0.3523749720392189,0.29582701200630973,0.3641416064473896,0.3643908619159817,0.4160707339853616,0.22948078004836917,0.30544303759554287,0.24576856362675786,0.24456208504311547,0.28093479822056105,0.29222339390748236,0.31993364630932075,0.3268314314336862,0.392847575694681,0.3394157558858255,0.3408809487241018,0.25220001745194964,0.3728364536742411,0.37128635964302376,0.25575446278625924,0.2658246855430548,0.3180707651232558,0.32953374414407105,0.2529958906453581,0.27630208512600957,0.29379426219525484,0.4601683055516091,0.33497041528204347,0.2785433701551462,0.43996291844081653,0.26678534855053965,0.2663790679786864,0.2819745595124719,0.311228277755762,0.279391729093612,0.2734279920115461,0.36811314083999885,0.2967211800940911,0.324775132201206,0.360650451902705,0.2935499225906507,0.2874435902273749,0.214992432808301,0.3622455336945428,0.32812953082675667,0.2719368560361499,0.2240886347152598,0.3176741874546114,0.31875293744861494,0.3223312408174076,0.29912934530608604,0.36388037604294254,0.32574802449063806,0.3630930789893679,0.2907819044869421,0.24416711535824326,0.2814733174933931,0.2445444843083054,0.3586284058710869,0.4355519459413275,0.3001098136391144,0.2555612276191304,0.3084481995813852,0.25411978795428664,0.2851394351954355,0.2659336493245132,0.2827163936065421,0.44542543636977255,0.2546127305815212,0.5134496330540751,0.23726656631530438,0.3471224012281336,0.40564538786223403,0.30667596193379815,0.30867151175634605,0.3124830278952914,0.2661218855647696,0.287701760226812,0.31767637658040887,0.24735177121087762,0.3161163791381917,0.30779817569947227,0.32898035593758135,0.2926636114814192,0.32685154801857963,0.30592133702665464,0.3527436748548449,0.26849265377384307,0.3247640457279255,0.23405586366677397,0.308567055830588,0.29784282311340143,0.4057794659762416,0.22279861988218175,0.3063820756976941,0.31080685060881935,0.29483819667103334,0.2918347809152167,0.32776592278062633,0.3573307200824516,0.30594013460185104,0.3703365848127895,0.28298468262851717,0.2663764841446925,0.2826539545803078,0.3402233014792494,0.2299265522939248,0.30228201174883995
0.26495398905884593,0.3864194519768538,0.0,0.2894294003569125,0.248052600213368,0.2906042475384494,0.24903286226647448,0.4066053051564134,0.2644422210414346,0.46978791395895003,0.299374473606392,0.26614278640023387,0.34388637615219253,0.32394405244262486,0.2633970092930095,0.3942538771882058,0.4237624848795431,0.2997003327488944,0.25435349651024003,0.2683727355301843,0.36464510819587415,0.4044397024745083,0.25743231195211236,0.2780588596218317,0.3134456667010832,0.29345591988412995,0.2366057344829916,0.3581193488571048,0.3089223448777796,0.2430129545055163,0.2705715210253217,0.31479955038025825,0.26738180995615896,0.27742715230643966,0.2699629849445286,0.3077126711824422,0.2928596876696173,0.31113203569777165,0.25384957572446143,0.3197585987970356,0.2892402955457396,0.3060374874782133,0.27373116116069673,0.26664264637272234,0.3980001566268054,0.2899316492205636,0.25668025635843933,0.277003998198955,0.30471912958856223,0.2764112985170097,0.3170746917444892,0.32646431468949094,0.21527065189067535,0.38290262557575894,0.33682417250845553,0.30586581524702844,0.2808445998779027,0.2783227429246221,0.3199544964603881,0.3052045051835,0.3574134661347442,0.24212506888262875,0.288564221527836,0.2561643217670581,0.2278172849716036,0.26244799665560686,0.28791299027013206,0.30569462001152664,0.334436825103584,0.3410228264207357,0.31761361811672234,0.28116611813578724,0.2685488767607023,0.4633152308197516,0.34055742756109053,0.20862118965316778,0.31907112986940406,0.29824411693705694,0.2759475184978567,0.22557508047274002,0.266655159378127,0.2901146976941602,0.33621488026689506,0.31110363518308204,0.2927129712298583,0.38949937969991333,0.24790704341232056,0.24073060159277226,0.2727854092439509,0.26836175666420997,0.2724998508411957,0.24896303769138642,0.3000409743934245,0.22447169576721518,0.3383185262920536,0.29410413463261803,0.2513215341545727,0.31518428193638637,0.22011501061272284,0.34776988451997903,0.2583966747747166,0.3124047102958882,0.22269288665031847,0.3082913004267948,0.28597579359620284,0.3557994274619713,0.3145394405479125,0.32830348835963685,0.28683137371732315,0.33179268413448615,0.26369368839440377,0.24628393707700444,0.29540253016997653,0.24689435338064256,0.27346004521137673,0.37152457400239386,0.24952265937091098,0.28612766178202753,0.3456637999623745,0.27846637276062874,0.26342568339384115,0.27310786283800786,0.2655317392659428,0.3236465082392969,0.21726587164982397,0.34507450317764876,0.2764367066437796,0.3110636098305637,0.45203488357504035,0.2809529805399274,0.3199340765629434,0.374214747979806,0.23979338409948878,0.2319912895659808,0.2733478290150844,0.21274656704040062,0.2364013606709416,0.2677553107017312,0.3046945624008356,0.2592233525510414,0.23622661430176223,0.29578454234283724,0.3303408096850249,0.287464884266273,0.27586081501082604,0.22273018308026876,0.2953240449690852,0.2825999547608395,0.4008612646255956,0.239234657618699,0.2421612472040687,0.23073071523349925,0.2691893846291281,0.32728622467750373,0.3121720976123191,0.29767098917576745,0.26154478459735453,0.34925426513817753,0.22388125480531543,0.29534278753569126,0.29987829399121824,0.2375690205971912,0.25316879448836843,0.2506402710834877
0.23998851246432382,0.2946998726442967,0.2894294003569125,0.0,0.276040083362246,0.23610544724369734,0.37239265770171476,0.30722002460493,0.2404438549154007,0.27444346504433703,0.3079297121881414,0.29938384793532963,0.27563757172826236,0.28798880586634495,0.29827119314527833,0.2938046466217387,0.325544841089737,0.26820552887539567,0.24609299644205807,0.23538142881311203,0.32700323539712617,0.30172366178023696,0.3538350285797491,0.3154029759747092,0.29544535531842897,0.3406370288706176,0.3320340740084246,0.308711294733839,0.26982996007600335,0.23298657070869477,0.25437153743678814,0.23689739808116833,0.3609606248389285,0.3335077103029612,0.2693272302675773,0.2953313392752703,0.291900537893425,0.27865394579176067,0.2686987410124772,0.3562635247871662,0.29565634871356844,0.31103511787203425,0.23479533653617954,0.2905294197659079,0.33715340379126996,0.28094578553655153,0.2089332768462935,0.2542004314596873,0.3057208713049307,0.24154732462040387,0.30919617699895396,0.30069877996140704,0.21250935082933403,0.3592465570430536,0.31330784984238313,0.27081078331992875,0.2713771895449506,0.33067405691430785,0.2702255149168067,0.29377721712076543,0.28115478644055203,0.2106022383908748,0.2557541459053389,0.24293094774279284,0.2108187245255886,0.23103675662878398,0.3527790601226036,0.23380674777182855,0.25290598011250887,0.297251114814167,0.24442580358196248,0.25306984128607807,0.27743112159138134,0.37530233466011725,0.2587874743510081,0.19688618852518586,0.3370332806259735,0.37184453449909843,0.25388634178678643,0.20033262607739571,0.20678146850134055,0.2936432273485299,0.26948149543526173,0.23417118921773675,0.32396463569125283,0.29356712116243117,0.28003384179373025,0.2328631652593005,0.2575418929055635,0.2875691779082883,0.3213657429322398,0.3014654234285624,0.2554891468809966,0.21400100821605028,0.32480634619385035,0.2754175548473998,0.2060106516346986,0.33014694831840025,0.23260252724186437,0.3119921727250702,0.2647286180701706,0.29716079344784835,0.2976608088792261,0.26600107707599363,0.25611769916958427,0.28958694649699934,0.2636867439048374,0.3172234911668562,0.2947825225248919,0.30207893206782577,0.3194196649181989,0.2735755289684992,0.26165687068712634,0.28691740541632016,0.26170916756972346,0.341448397082466,0.24129392772170813,0.22104903500752315,0.3056641184835324,0.3119488358740273,0.2827444368963685,0.29586836650984927,0.2651597764596024,0.29891976337260795,0.20759202863759854,0.2725859015275368,0.2507267700222276,0.3610837094528376,0.32648700198045116,0.26909214740282444,0.24400550754471914,0.2588309696294856,0.2628422872268448,0.26305071993746637,0.25095609090631915,0.1818083973188415,0.19999114676805,0.30628467019098427,0.32675027142937363,0.25412321472142485,0.26144423176785214,0.2612752637070188,0.3409558745355897,0.28082394469951905,0.27649578486000626,0.26656275557605874,0.27985544605465457,0.23814802137643587,0.24955074680021336,0.21630822001136518,0.2780659197817967,0.22914468408211253,0.304744277210019,0.2840823340516179,0.3502560757392473,0.2826996157815701,0.26719292463797717,0.33242445949779836,0.31437037681342106,0.2634312060550429,0.2331942869921355,0.23142503817536145,0.27061560814963886,0.29029740733413345
0.2703087883821259,0.2512958251926423,0.248052600213368,0.276040083362246,0.0,0.1991819141475634,0.34354599724555174,0.2709997992590283,0.2864878888577907,0.24839223777823932,0.3183992717918092,0.2961439648089393,0.22763995183674732,0.25889326929586376,0.302487437301996,0.2767189266595755,0.2791408950144852,0.27412499602458196,0.22320837529546034,0.2554296211285325,0.30847537054087604,0.2948901984580698,0.37212493494810694,0.27613914709160026,0.27926863277040564,0.3091865609895007,0.2869570515005446,0.23794077510500655,0.22024056527998623,0.27227615386655674,0.3277345989859962,0.22246398366565323,0.23833468509525585,0.3068692460417265,0.385572762744313,0.4030562195309537,0.31054320456338314,0.3110853246082615,0.3622019010268085,0.25480472819583166,0.2737246469693211,0.3241320330372538,0.3057408604465811,0.35518419932653233,0.29034613318732383,0.24286159111721944,0.25614686032939493,0.33575855044132324,0.34171342691553497,0.31353873413611577,0.3086355190351256,0.24395584583283225,0.2162543982867559,0.28245830672781147,0.327222927417306,0.2537365941534331,0.2530847545342271,0.3161859577278259,0.2668023757243213,0.2718976259017495,0.21654066525142726,0.2230174400560003,0.2329131756556717,0.35370535459037206,0.24710052814990635,0.20500382992859265,0.2734707436378273,0.26137672773076964,0.26615413417178907,0.29269037443344886,0.2815827417734922,0.3059651229532917,0.25210774696653193,0.2790245260073334,0.22507464337692729,0.19445378431498223,0.29047629642739353,0.3863414849534337,0.25505739996508797,0.1893764357989398,0.2016736523364074,0.3215533095731687,0.28877227430467167,0.21345572198571075,0.2879744737978041,0.2746094738494295,0.27084002505866744,0.2703116903567523,0.22705911420753083,0.29516090070966955,0.42722646880576953,0.3456436909151661,0.34134054241743955,0.19809760962031395,0.32491334613394973,0.28133793528676965,0.20183273829405746,0.27735887298344303,0.32526906717405984,0.23474960255921748,0.29514545827218225,0.2753840283939013,0.32391384794423084,0.25670064257203806,0.27799099369237734,0.2699372341873929,0.24134652123758454,0.30730394796077903,0.26453113331993494,0.27950559198590597,0.3135774509234614,0.4004988261089973,0.2336851905084378,0.2999076902293567,0.23916126800987197,0.24207263760125472,0.21303936797896492,0.289416701669628,0.24162970524398603,0.29630395759431144,0.4023851627990675,0.28291621771694286,0.2524354048059206,0.29095953499309435,0.27038733943623017,0.23144639825506363,0.2392621648430062,0.33130857759358207,0.2732939890540184,0.26532014215565003,0.23842526375506812,0.22987850021863454,0.22697867819119671,0.30914487584889805,0.2985535520782813,0.23513710365717125,0.23207674694837568,0.34772860709303094,0.2930512133990511,0.32668944918758724,0.2054723826427057,0.28418871743146823,0.31860224346555954,0.3546288532497621,0.35973499019250754,0.3194538455390691,0.35380081639068167,0.21872378940968207,0.26324269408797807,0.23398929032838353,0.3014665258124819,0.22713181802823001,0.3442770093716534,0.26644937194026974,0.3046747593148817,0.3080633529838015,0.20146654173710035,0.29169816419304834,0.24489217508689443,0.2423656469022718,0.2024892503818231,0.24409447892688146,0.2721681179196559,0.360710321451118
0.31028333102817307,0.3467909668992531,0.2906042475384494,0.23610544724369734,0.1991819141475634,0.0,0.20032360184868447,0.3452532246357095,0.2725308712596411,0.2965299916352529,0.2668998741859169,0.2700357867270195,0.3412463005354261,0.23571708663725938,0.24263753161481702,0.3207064648249641,0.3336725907651094,0.2374232151602725,0.3301474311431127,0.33055588431279126,0.3175510882736048,0.263574909531302,0.19310219420764996,0.23410739748911347,0.3343852264389178,0.2110711243606481,0.18466852680691206,0.3147059601566236,0.24737258226460238,0.2525426737337273,0.28741076085272976,0.3690137602208951,0.2713228844215471,0.2545859393295633,0.26011229176185,0.2416424687237729,0.2677897333586136,0.2615237415101266,0.21853410986163105,0.21971202191499267,0.2683511279171292,0.30014438698025986,0.27491002711952034,0.2921418428263552,0.2640282082502793,0.24479666845626066,0.2421594250520712,0.26294829000497244,0.21836728257495777,0.2684967102212709,0.2807506010515474,0.35951824179916353,0.22189532157578556,0.289627840646733,0.24083415020206467,0.34662063854787156,0.3054460561756877,0.3201174829995494,0.2465624311705212,0.25593240798478184,0.4078455829082837,0.26184841815371607,0.3246828280116273,0.20153182737433542,0.2384281710342202,0.279989100100485,0.23495873616199037,0.2843932153829182,0.2447557330117398,0.3142599890601648,0.28854510026765123,0.23686351109312775,0.28060753378558245,0.28013343451721573,0.4049100458935819,0.2503508246768298,0.22710665327086935,0.22340980105508074,0.2677311044706053,0.3401392690882945,0.3782037753157168,0.2616095093151627,0.30535099705642116,0.3367926016099297,0.2912414992077678,0.2864233881392684,0.32078111284490773,0.23656887607083923,0.292061951451549,0.24586590087148277,0.23650079672799793,0.2731642360759382,0.26818699069410584,0.2718755144791191,0.2513208289958217,0.2935481079157718,0.29982387441425085,0.3320345146394128,0.20460900977834837,0.2956224758372862,0.23778307011367333,0.27040571807650365,0.22682796514123194,0.2616568970798672,0.31137071861289756,0.3089516974957232,0.3431377929708502,0.33324802025414696,0.23379902199315483,0.30508112379228725,0.26532024569730456,0.21918101130043993,0.3461863413264424,0.25104183969046434,0.25672931815522737,0.30969828889398865,0.34922320253171113,0.21258828425944545,0.3543196967643682,0.24736099493467611,0.21480168994207052,0.2685557294074768,0.3142956823454563,0.3141000621757828,0.269780992496237,0.3011606874234121,0.2612273645100851,0.22860509777517157,0.32410708814963796,0.2211359443746106,0.3514786983546354,0.3925993379658473,0.24541222380947836,0.2497615331717216,0.27418734149959995,0.23031820196376174,0.28016270278824246,0.20634634140691452,0.21568734593189356,0.24462333043710177,0.26123730355036323,0.29486827985546765,0.26539804855022037,0.24966324338547033,0.2622122450095694,0.21832672733854044,0.26022446510692393,0.2709245164098332,0.32126344589660927,0.2501389583380246,0.2754527276247852,0.2802574130615379,0.21777975416690276,0.21280013897775973,0.3254867987421578,0.2833556901553551,0.23757022697743163,0.3465190116951053,0.2238325461182314,0.2698093278370474,0.24787025998966147,0.3428649329854967,0.2435994515820198,0.24358291475596855
0.25670139621309873,0.27064745607256846,0.24903286226647448,0.37239265770171476,0.34354599724555174,0.20032360184868447,0.0,0.25371082568161074,0.24880818878167946,0.2560629935500191,0.3333214753074712,0.3114606338431494,0.26270795892919946,0.3151360862384754,0.3043756011167316,0.2663432923467666,0.269954431471564,0.2874079540905243,0.25543313422399416,0.23411422013645,0.28300755086081386,0.3029988460630212,0.44694646061961735,0.3179056346966166,0.2898432408031177,0.3393438093006768,0.3042056082000848,0.27620749871805506,0.2648696853766106,0.26560118879056493,0.27697059531848633,0.2511260397549814,0.29264271041119216,0.3373359354555954,0.29356757894429014,0.329798109215222,0.31838691923907325,0.2851980429151625,0.28682048106837577,0.3230515657314384,0.3015234536352352,0.27505431825401294,0.2779262117676124,0.3154445925801508,0.3382133054671773,0.25360011472809535,0.24923507963734465,0.2840115718583209,0.46721770995225226,0.2597794617529734,0.3266296784896213,0.24575473276078297,0.19930681981626341,0.3295912963819688,0.3984356865747136,0.24221257397372092,0.25706038977120305,0.2949496280119901,0.324337855575674,0.2782937136785009,0.2227974316409768,0.20772811440861544,0.2214205091894413,0.3178208692312899,0.21270750522897688,0.20001838558581,0.33212437040833714,0.267415670057959,0.2911850753064741,0.2718192112166112,0.2619974705898791,0.2745570056940117,0.26331279782689965,0.3285434827942388,0.21009886401289524,0.20890163117627858,0.37577030376821924,0.3813574548727334,0.24156231034681258,0.19063176698756676,0.19240524275748264,0.2848164055882461,0.2744394358664457,0.20861936725978608,0.26913638821389163,0.27009377341640445,0.25442850372675174,0.29106730045517903,0.23643607474599848,0.2659702410288999,0.3704685457288488,0.3549694476698616,0.30406870006751974,0.21235824314590612,0.3062513565209231,0.2926384556251727,0.19320693779382034,0.28909749956420283,0.274625380588811,0.2878212592324969,0.29640527591523574,0.2891939654341222,0.3387659474919716,0.25560858198289776,0.25661160050093684,0.2569948946605924,0.2240385422819979,0.28379389614135925,0.2917261727498715,0.2760751689735468,0.35937698991516687,0.3066094765803007,0.24092306213005144,0.2544009511186842,0.2472849221812297,0.2720861069578036,0.21752181306451493,0.2896638710523218,0.2695743093746794,0.2700617618129752,0.30317036667160147,0.2545890455416397,0.23932140186800374,0.3022504482054012,0.2190414217575476,0.2833784622272352,0.23291610540708424,0.3811367348278951,0.27211760258299195,0.28136777491002324,0.2223037288835321,0.21315954759172054,0.2384776013009262,0.2531453358521916,0.2447239060505725,0.19475086419313373,0.2236059088077462,0.3243653319418643,0.3329845886912651,0.2887864686112568,0.2442956508395991,0.26672105941302493,0.30894196472026647,0.28830271888849307,0.30416738479506567,0.34098599016225767,0.2830145426324199,0.22441069271839473,0.24643020495758003,0.2022929486926472,0.2848017927865277,0.2334105632924209,0.318751553483475,0.3081392034252613,0.3132722483220433,0.29328187959525276,0.25238065757738626,0.2987441786045233,0.3017419051090298,0.28511873758133915,0.21582522508554536,0.23933972972203754,0.24440950719064375,0.3031456294830411
0.3058780862075036,0.4114007481173473,0.4066053051564134,0.30722002460493,0.2709997992590283,0.3452532246357095,0.25371082568161074,0.0,0.3399982150736371,0.38408375172830317,0.2996061746289337,0.3068644048841964,0.34522244970608984,0.32063922890064467,0.29799210136061766,0.45550407090201234,0.5166434167504288,0.31009537081302174,0.326121183009017,0.3256817921580809,0.4308119345670392,0.3288698574232535,0.26859289771310263,0.27873702630493796,0.3585134312140817,0.27803893939558355,0.2598205751740727,0.41107510852692075,0.28842816158413725,0.31365748655203163,0.383558517087009,0.34938452326208563,0.32268896694227844,0.3181907027211689,0.3172745905651918,0.3509984889543434,0.3212017211068489,0.4419212001404694,0.3062728184455072,0.31724883988576064,0.33742812101526776,0.3262141105094661,0.31901302812884974,0.3110978700507968,0.40973609846230274,0.32635608651335407,0.2775845607291945,0.2822440836184141,0.31389062701233933,0.3172914014519834,0.3758651285640323,0.35297066763072654,0.26514285905122187,0.3569146114290471,0.32616047999409875,0.3567868060380424,0.3524305908383851,0.391226143853288,0.34225633852126025,0.32652716602068377,0.4304047910278728,0.2707956333998615,0.32705764038022095,0.27820154807007325,0.25111166276608915,0.2808794446396834,0.28927136098776207,0.31136194682264307,0.35424067342880433,0.5057401319438823,0.3344240733825938,0.3245211775763914,0.284906868882343,0.43055090569357657,0.4780894344500407,0.2441478016242402,0.32819082884814854,0.3200833312894469,0.4000271478343317,0.27888745634011597,0.3196018410168023,0.32729135836451406,0.4490176398935769,0.3818318687162088,0.37132314751278034,0.4935973626009569,0.3184119083910578,0.2893371647600834,0.3645912089604265,0.3242658200462789,0.3151155888451953,0.30268560277301093,0.36239439573287247,0.2642857099191646,0.3934644869118411,0.3284449898770445,0.30137444574763067,0.35573335806992407,0.23892995170905146,0.3723176220394566,0.29723707024877116,0.37105980572442127,0.2558509825029155,0.3416109622360792,0.35755697904460326,0.42999623665650333,0.37417307054879506,0.4482318321623723,0.3039347413733777,0.3303026903109658,0.27610972429533986,0.2811523458127003,0.34179028511817816,0.34147363752805576,0.3285955723865393,0.4301524133675432,0.3306090467202999,0.26741973463267754,0.3244126822901041,0.32955068219119893,0.3078711785063328,0.39025712244950145,0.29413254572131664,0.41859135222192684,0.2601008077190389,0.34680407235037247,0.2989401262948522,0.34353000177826176,0.44751601575195793,0.28899745401622856,0.45121125345416324,0.42023446573403384,0.3043567403801849,0.278463980348765,0.29805026926201844,0.23818219694678283,0.3015741051061531,0.28820598102345635,0.3029611655921623,0.3537125693444978,0.27004073654770205,0.32361983838973724,0.39821542418022554,0.3090734307428104,0.33986988417053693,0.2617347259747687,0.36642064830074744,0.34787695082580533,0.41395993352629007,0.27678898397982554,0.31243461879817236,0.32659579174543435,0.3114592603998057,0.2980556433616431,0.4584990545268307,0.3701753088804617,0.273156345776946,0.4314078639658684,0.24211850991886552,0.33064800841434805,0.29284224492975036,0.32357396735467747,0.3153356528466356,0.3062680950157151
0.3643424242392881,0.28954633147953235,0.2644422210414346,0.2404438549154007,0.2864878888577907,0.2725308712596411,0.24880818878167946,0.3399982150736371,0.0,0.2472711096629758,0.2621320187454315,0.28184084271795645,0.24826878971416957,0.3068502835171233,0.2632910309913395,0.3283969809023134,0.30551389465100093,0.3089398797650314,0.304395874094613,0.35849302045915,0.36662117197337435,0.33743950121469624,0.23661105906008553,0.2820233824711457,0.3248512608933109,0.26763872489504403,0.22218900506765038,0.27206811385424573,0.24168031862959943,0.3742684285802953,0.4376329872509459,0.30544618092475617,0.2508044001042808,0.2735967668973449,0.36942742725804717,0.3091504122560864,0.2971317258489911,0.4565908115329113,0.29599687911938904,0.27382646022374296,0.27927512250757686,0.34356092329962223,0.3454260665921406,0.3523983165208057,0.3333757790756077,0.26260706379299,0.2642744598705929,0.2875483032233047,0.31087266543690184,0.3296960163518363,0.31268416440794744,0.30824372657587296,0.24589033117737613,0.2925227903101775,0.28759598854274315,0.38170609935816247,0.36356354305077754,0.32837497135583327,0.28062853414902517,0.26704108153963474,0.25599934982718264,0.28778324203618094,0.3018007821491027,0.30524177598384544,0.3197696077136811,0.2767225335737692,0.27032414236477237,0.2964903572028331,0.27386496257966103,0.3692181790772074,0.40528755183556614,0.35631858481079415,0.32914323859964034,0.29263182195048126,0.320409786843951,0.26411008713896916,0.2474962959091001,0.254081261805546,0.3389166744597054,0.29052234421640527,0.2854394180879348,0.4779609192155993,0.35156663363667645,0.26963436799870616,0.427551826410005,0.39915784467395243,0.3352881078286362,0.32412093741849646,0.26962329487958664,0.3455042035575332,0.3448567382164081,0.38882006522618984,0.30700313122837025,0.2807952347713631,0.41405647736317436,0.3121401640639753,0.3225630475819694,0.3470294992972398,0.38694680189356845,0.2658510838765431,0.3424368897695472,0.30637397959645324,0.30497019619243254,0.28610842942350295,0.39818622159800754,0.3024804096834894,0.26068450737972665,0.314310124495149,0.24924566322918357,0.26816923854980884,0.26576370230964663,0.4017502268882271,0.30831468627555475,0.3205251534372346,0.2849580487641522,0.30671443991493863,0.30702879072962297,0.30341188473189024,0.24392812832572364,0.3076265602320991,0.38404291062701573,0.33579220304817387,0.3630223034481326,0.34024227184971334,0.487739818032544,0.2651249108765012,0.3080560974541897,0.28587200640690724,0.29845564429914573,0.292638554914087,0.42490680084242266,0.37333339236806884,0.29207254851230746,0.4033940038992404,0.3107593986104818,0.2728286088969116,0.2979733483766544,0.30479386060628977,0.2898016961499154,0.4073502861333103,0.23288765601713857,0.3542647588759283,0.3604984460531909,0.35107592985157765,0.34069743679286907,0.3201898236145127,0.44630319731007806,0.23531948611661968,0.3561570301437552,0.26828665269358987,0.45391039576389525,0.2803078719008401,0.30463522355041384,0.2458764929375313,0.34338175874454185,0.39147621025867635,0.24030263203140287,0.31465335643313513,0.2790765006606967,0.3207608335752698,0.21753456020095488,0.43674666552701924,0.3632604873738355,0.37556778019005826
0.2832078884853984,0.3835960673531939,0.46978791395895003,0.27444346504433703,0.24839223777823932,0.2965299916352529,0.2560629935500191,0.38408375172830317,0.2472711096629758,0.0,0.2842092964210453,0.2561021946183119,0.3514351043983954,0.31441314486230737,0.2698725738041709,0.3824146054466646,0.4154283535836572,0.3204414724217462,0.2616636055900808,0.2669723418223029,0.3103891579014148,0.30843882051025595,0.2819166809187086,0.25140847028774466,0.36158314254143514,0.2738566856976271,0.24432917246827782,0.3830056410850088,0.36371148673748854,0.2509468369985167,0.29693471731156384,0.3311710060360324,0.2577759765307604,0.28069833287213625,0.28705974474292906,0.2824196716900852,0.31817108644251374,0.2984643966714571,0.23391374954634767,0.29563925332823465,0.260486659113298,0.27808019488072316,0.29060742320482036,0.2679686116558661,0.36000818400958007,0.2928245210334269,0.25192340849126754,0.2851441759099961,0.3304261145763913,0.2517823971961972,0.31753142234738424,0.29318326176815473,0.2119158340792701,0.3428931790278102,0.35289524712419157,0.30291885612177205,0.2737181666682074,0.27171151864001264,0.3310391570440206,0.2936733208553269,0.3679702630922095,0.23567718323289658,0.2629493516501807,0.23679088397178327,0.2155270944800629,0.25001168598808265,0.26577312623166993,0.3018277006926449,0.33982515048298234,0.37681143455102056,0.28511448678330575,0.32192814782976614,0.23626539330875687,0.38309313433891296,0.32324993845744143,0.23641386081012317,0.29550292883799156,0.31949789513172616,0.2781087425289359,0.26276238538734287,0.2701568357608901,0.2575688967383776,0.37568654810137564,0.321206716415758,0.2751012858645709,0.33562840305931807,0.25858054307747946,0.2693851087104226,0.3281235820449476,0.2487283353708333,0.27236114863730143,0.2517579924009769,0.3213453735881558,0.2236113232397361,0.30060989244419717,0.30957405586537834,0.22068056055779842,0.2972231379503955,0.2132524689114294,0.3723260133636722,0.2791396007758617,0.30356178160608827,0.23113973203779525,0.3212505269187636,0.27707070350079066,0.3422120443862954,0.3164555606945534,0.3858992978155382,0.2880210912141084,0.30421732986981576,0.25435879839805253,0.23173916317663784,0.2923473285743963,0.27103683360878833,0.284177950885463,0.3658273635004002,0.2845548188346062,0.3009447226076432,0.318430361660616,0.2829915521766028,0.24814220814574436,0.2778410095807725,0.24289556674621116,0.3603607151687226,0.2140150408072456,0.3998279112429871,0.2489766688065456,0.29219091397276664,0.4315771101216199,0.2784581627748508,0.3351074226484971,0.3000755756099948,0.2587052368039329,0.2139647112059167,0.24284960626832233,0.20858473113619366,0.2636333082294147,0.27941690022104,0.29445421342275135,0.2692091475870964,0.2566937831607118,0.29574137483314,0.3127297512774214,0.2397450044858252,0.2797584571452041,0.23652947687072873,0.24133785134292662,0.3285987343658314,0.4207158320215519,0.22877465903509794,0.24718372205795328,0.275346825014515,0.24926555551682864,0.2844614692177651,0.3130858318282961,0.2945428515576572,0.2341163895856474,0.39757662511975106,0.242920500679262,0.3213744783288412,0.3214830405453639,0.2848552024259776,0.24641186344719482,0.24409461731447354
0.2959821419514062,0.3650759697452234,0.299374473606392,0.3079297121881414,0.3183992717918092,0.2668998741859169,0.3333214753074712,0.2996061746289337,0.2621320187454315,0.2842092964210453,0.0,0.3806361624630807,0.3036140228195855,0.2790571782205275,0.2701431426839618,0.3443561626832171,0.2988190769895517,0.2728629657128312,0.26881006771400284,0.2922279658509705,0.3199154508368313,0.3767786635615213,0.34117421068301157,0.3757942469279863,0.3795573934489937,0.32717387652261887,0.28701659868718365,0.3203380165576172,0.3105552032515106,0.25529349576923466,0.2951790891518557,0.261494523737684,0.26248189197124183,0.3404742396421225,0.3069929334309566,0.3289840374654767,0.4023938407742499,0.29917680046127115,0.35556670823019226,0.28674188042223964,0.2639089666442275,0.32658192167435834,0.2467337406833312,0.34467846649702294,0.3514281474719454,0.2462874767080172,0.20481276562832862,0.39767170914191463,0.36579009340496693,0.23149236803576156,0.293602122698076,0.2458372009732046,0.20300583148166476,0.3813798783057713,0.40694476926012696,0.27722419511459306,0.2808312075631493,0.3274090547124438,0.2861978183113917,0.2696506140032282,0.327810182705115,0.18506274698563308,0.23744634561682604,0.2726146185316244,0.19557628850653305,0.21578084937734296,0.3703562933040477,0.2789932232839124,0.2570951478961478,0.32158528698593797,0.27434473013434124,0.25439638404952175,0.2878224493947189,0.31507747892413307,0.25229446052369847,0.2239192432806917,0.3503332949515771,0.3896089658892314,0.24187630879358227,0.22566127947832468,0.22710005681482331,0.26394761527427624,0.31370901893496794,0.26264286689476746,0.266426325470415,0.308163508853794,0.3315843392595747,0.2284455345365745,0.2333770157267519,0.3749426165265909,0.31152236910774334,0.2637353949051136,0.3109522013120255,0.24713933637375274,0.3002376349417629,0.3610441388368846,0.21630719900662146,0.2733794494741594,0.23872378100615604,0.26224031764518757,0.36264711370298425,0.2913614854910928,0.2505061977674865,0.25341418678556515,0.24821296410895086,0.24540237574861848,0.22583268260247324,0.35367280918040506,0.2401676044885314,0.42226311120834414,0.3898591173061467,0.28936701700230155,0.2693358070616164,0.2764048593298148,0.2595302194948407,0.29088994116249905,0.23466488612748662,0.27098821471005013,0.30364854933090274,0.27586101356349074,0.2950103257392555,0.24134416958451652,0.2950483614723891,0.34186972392925247,0.25491301229594115,0.3336941388685772,0.20313015252488723,0.3875445967824329,0.32359611952778644,0.23668745042560624,0.23737206365709282,0.2493506737138864,0.30828896423286384,0.31521554913837496,0.36932793416454707,0.21466416041593853,0.27216810766176114,0.26251310342461787,0.33782583729228977,0.2767097326996343,0.2598808323270713,0.29923000552311135,0.28316174246340253,0.3032552113535967,0.44083896636176856,0.2692801875973794,0.29217271452583843,0.2317317806795739,0.3018030474281977,0.2392233163852372,0.3508617342716821,0.2369530529831543,0.3435978426717816,0.25570163751278807,0.3200565710225206,0.3848713228654263,0.29553711583743336,0.33476298377726943,0.2948694532915455,0.25451394728067744,0.21502035269457398,0.2835175641207978,0.2344763346910929,0.41801213555036315
0.24607567485143014,0.30549023181013474,0.26614278640023387,0.29938384793532963,0.2961439648089393,0.2700357867270195,0.3114606338431494,0.3068644048841964,0.28184084271795645,0.2561021946183119,0.3806361624630807,0.0,0.2133735996576964,0.21687646898099794,0.24090649171190187,0.2997154711330668,0.28273525164970914,0.2249478899746362,0.35633986600937695,0.26187141058004365,0.35239798839070147,0.28237406108488694,0.2912586009483657,0.26557838557590113,0.3551225455759375,0.26035952643417326,0.25429652658258356,0.2567458450751463,0.27123647241042015,0.30270136118298374,0.3256431176209573,0.262990788295167,0.25914607448637134,0.35748440147729355,0.25489494014101044,0.3182984482995625,0.280204192014183,0.3057954269032225,0.4181075393134193,0.23936303677910192,0.27484858628268216,0.3162298895137779,0.2632155698537128,0.31534884604954566,0.27759560259708727,0.22655026293797376,0.22399675802127741,0.2935312391698711,0.2919975280838369,0.24916917636955124,0.3130192421592727,0.26836853135756394,0.21226392841379024,0.3416253022177964,0.38340855081577463,0.2554661694446602,0.30170508220718756,0.43446167500639704,0.24053394201767744,0.2516766685507597,0.24332317490781066,0.19997679937250742,0.25340839307511265,0.27589177463907844,0.21162695545090388,0.21549242626840534,0.24633803766368784,0.219056801385482,0.23068938594751967,0.2952154212525962,0.24322520701376993,0.22537136930709234,0.25832565813268354,0.26896185492369357,0.27402600966875384,0.21012199760046976,0.29112305618796136,0.3385066474100694,0.25200969288009945,0.21346709747532033,0.21841624534688023,0.29945628900884164,0.2869027214765224,0.2128878878233648,0.2978942252681534,0.2829950844930345,0.2798363415620881,0.24595256366390783,0.2383576616664838,0.30330721926497045,0.3201637490023619,0.32364691255993056,0.29310466308903776,0.23966472550571497,0.2893106715187633,0.3390223741849151,0.2360120937940204,0.31587820980567216,0.25870118499451455,0.22601094170721578,0.257323098303401,0.32008894521403836,0.3013947704496554,0.33278001263525325,0.2681026262801751,0.23766836094282304,0.2555867971195903,0.3026926207778054,0.21810500070398048,0.30800770561683466,0.4688889093341833,0.32746105035662926,0.2373175481136988,0.3408719514924807,0.22569996353455518,0.25013877479448215,0.24220679791283076,0.30144388406238376,0.2868910870942901,0.2810643322787184,0.26453723484028563,0.284419985639157,0.2613234809381439,0.2970585420935781,0.22855093419889042,0.32282362783374835,0.22914845526964164,0.3319093746927191,0.3232385449459642,0.20680672432568506,0.2629896358198113,0.26616432308306703,0.24272599909888393,0.35059205054598075,0.29280360665502747,0.1884361417231203,0.24032117579562215,0.22737078051568674,0.2646997255774401,0.3228268799447931,0.21227909777089574,0.2914127934944089,0.31045296617466067,0.34597058867131053,0.34751102427515496,0.30605220907443853,0.3544032620293273,0.2223094885706568,0.3295312585907453,0.28896814336978105,0.3254852575464216,0.2823565713898301,0.3232230024325882,0.2299625529670207,0.4148767358058749,0.2732466210651806,0.22327308970640278,0.29116953064968254,0.22258744361840158,0.256178288149306,0.18261729237169735,0.2660152111368283,0.27252992835677087,0.32473706941609176
