0,1,2,3,4,5,6,7,8,9,10,11,12,13,14,15,16,17,18,19,20,21,22,23,24,25,26,27,28,29,30,31,32,33,34,35,36,37,38,39,40,41,42,43,44,45,46,47,48,49,50,51,52,53,54,55,56,57,58,59,60,61,62,63,64,65,66,67,68,69,70,71,72,73,74,75,76,77,78,79,80,81,82,83,84,85,86,87,88,89,90,91,92,93,94,95,96,97,98,99,100,101,102,103,104,105,106,107,108,109,110,111,112,113,114,115,116,117,118,119,120,121,122,123,124,125,126,127,128,129,130,131,132,133,134,135,136,137,138,139,140,141,142,143,144,145,146,147,148,149,150,151,152,153,154,155,156,157,158,159,160,161,162,163
0.0,0.5340509032992418,0.4463257048458751,0.5932075441505763,0.47423679545327785,0.5360299858883888,0.5913296899419747,0.5878176671995291,0.5965042602909304,0.4433420982794032,0.5288282846524972,0.482717081145479,0.6559811859205279,0.5694816349837636,0.6103523540077842,0.5377313559275348,0.6082618898897542,0.7683323566960714,0.5603659007494374,0.6675489306460951,0.5959392551085503,0.5206831952621047,0.6139123160266524,0.559231377014945,0.5777105767021173,0.5541687060023206,0.5582756543800761,0.6015023731208138,0.39806921179169924,0.548965544711158,0.6140299314943964,0.5837536917294971,0.5892429101885452,0.5637913280729347,0.6615363963885205,0.5411531036447983,0.6649374143651771,0.6300211567041166,0.49807100095872586,0.6317040824099968,0.5878533989248838,0.6086818188036974,0.6227865550234429,0.5774636344329285,0.622376837433358,0.7419476204650974,0.5660950414455799,0.4907083294000344,0.6634570103917943,0.6660876931410668,0.6523999416154274,0.6353120723018569,0.5653169711343282,0.5294108681998911,0.48191200324103783,0.5987085592584385,0.7175659402582859,0.5546097897145654,0.5736653290740911,0.6833861522021796,0.5559433544911204,0.5589836584499013,0.6031074693580079,0.5167073208984732,0.6318725551137687,0.6458198522117063,0.6085910684390207,0.5980598030276041,0.5853223961575348,0.6434713552672163,0.7036317237185534,0.6120138095705044,0.56976142669392,0.6461312485511075,0.6017514613881975,0.6698904357755014,0.5557348434845967,0.5117646686607544,0.6182456643920455,0.50923047860696,0.5708942739772603,0.672661035316223,0.538170281301819,0.5779648154180456,0.6211046784069875,0.6783307556447256,0.6271559981452183,0.6188484076325966,0.6681397466683208,0.5495526034572659,0.661516857428975,0.6291217998461589,0.5554594361825042,0.6585102717489719,0.6003887811465253,0.5061234126146094,0.5298330406582067,0.6032923127696884,0.5392060231696055,0.6608208018286591,0.5492683773209864,0.5628907995212633,0.5873103892156055,0.4848611527382331,0.6381819010421078,0.6451170533361625,0.5901281733732389,0.5701852356577648,0.6701728404168602,0.55102576515123,0.5834254253969493,0.6114655141760876,0.6347190626469955,0.5573219620814296,0.6326555397145353,0.6374593766470128,0.6553658514038742,0.4799766674625621,0.5011898829549098,0.571333563349976,0.5954476936606463,0.5955761560133309,0.6385694715608657,0.6446962498819281,0.5776812220704041,0.4789534367387727,0.5669855401456728,0.5367341731861339,0.4870162562306289,0.6436258360255824,0.5634338833313974,0.5693945351721245,0.5754887678587995,0.5736567732154162,0.5378453611774718,0.5725075094960722,0.5488278707555525,0.6544913297373257,0.5229879984766888,0.6474520473417126,0.5347428523321475,0.5495044635075255,0.6723168769122662,0.530984675874119,0.5840567678583845,0.5969330810325408,0.5758941463817125,0.5449060933447468,0.49578262023933334,0.4487383959183154,0.6759868100848008,0.5453138463347399,0.6081483196988422,0.4995526983092333,0.5905767393400289,0.6829501648263258,0.6264158255297473,0.5687868380274151,0.5659496883733137,0.5883010854798024,0.5685238167017868,0.6581233854342196,0.5670224185458058,0.6472367207587634
0.5340509032992418,0.0,0.5689627048405898,0.5474910797447073,0.4471039516268664,0.6459820526835898,0.5582894418039644,0.6793781133860894,0.5244244858013134,0.6221364889120234,0.5821053904283249,0.618491144238186,0.6156562225025193,0.5166690173806848,0.6225218147684808,0.5648739421386054,0.5493254105645438,0.529624738911915,0.589730966714826,0.5569574027045043,0.5608028320735896,0.6720973329020776,0.5211145959608049,0.5525111705171246,0.6454156644306155,0.44400951473598566,0.556564875009459,0.5248412940529279,0.5355437584789169,0.5286109508987125,0.6593747507294972,0.5998922675688896,0.6409999146024511,0.4853447640415618,0.542050674829712,0.5722222154210506,0.5958093756243281,0.5521190315228078,0.5996853936052774,0.5371588551273513,0.5893428944781604,0.5636460985341817,0.5147695819495582,0.5451491251085621,0.6059906294594046,0.532854233921307,0.49455533831412457,0.5253395876834563,0.5679760838240805,0.531684584137551,0.5234328099405211,0.4837578977239059,0.4963682206314395,0.6201540792014478,0.5639072997960899,0.5590641263409833,0.5158744425496422,0.5891933097075188,0.5221476259283852,0.5655065587647328,0.6287912432303175,0.46912579269095445,0.4880385861939186,0.4978983078401561,0.4752492807540329,0.4777944556644317,0.5239397820646394,0.5223310159050683,0.5318349034469563,0.6137536160940543,0.5232450474747498,0.49584564231045136,0.4489448130940998,0.5674247065841993,0.617582513044637,0.5092443989888691,0.5238481930352866,0.521397846956371,0.47426334434274225,0.43823708156560975,0.5361020012864083,0.5145252395335093,0.5809211243942575,0.5435816790217547,0.4662966704673422,0.6014012245822239,0.5527829093328793,0.4845955780708688,0.5557203309376578,0.5373193849053274,0.4971286170915882,0.5641661454089566,0.5840817693057546,0.49168800172698923,0.4830082832962486,0.7035848867122699,0.5304608457903577,0.5635303650099939,0.4474992620094578,0.5224619464830212,0.5406755609565256,0.5682230373187145,0.45496968366031076,0.6039545774623395,0.49707906888193204,0.5103501880661395,0.5429560037201089,0.5627516824653838,0.5728988569280977,0.6341177306175846,0.5539440787142875,0.46289245374468707,0.5103215194137246,0.5254096271583308,0.47381600936504326,0.51560150499354,0.5290473283823031,0.5591390290547413,0.5169459893806847,0.4847632423551295,0.4795496205219684,0.5041828824885684,0.4792994844402309,0.5676185529742878,0.474637886210782,0.6496780103480361,0.4615708568651902,0.6130944632504661,0.5631593764129135,0.5564967618662237,0.5965078613160116,0.5467849777620405,0.48598800397581915,0.4888834654808889,0.6115756962120067,0.49945194530803305,0.5398421967727343,0.5324453431543256,0.5435644922597032,0.6010803049520879,0.5614239450557038,0.5739566956835148,0.5555455710663902,0.5293428798821754,0.578320534914176,0.45672118870314815,0.5860990038408491,0.6040169502041806,0.6070663795923977,0.48203010907522537,0.506294443443781,0.5592049501143895,0.592676741067977,0.5879892958856668,0.6237896812816842,0.607099979958668,0.596905768151716,0.5706621834389529,0.5046672509637089,0.4617947012434268,0.5462652005574689,0.5097681861199925,0.49745102199483393,0.49513878276357887
0.4463257048458751,0.5689627048405898,0.0,0.45970373718647134,0.48881599878000526,0.5989858413169027,0.49935105005340635,0.5071824305708379,0.4042410486099302,0.5894351844634277,0.595365181170136,0.6061387520163587,0.5403100794089877,0.4218267860833031,0.5086854687872415,0.6192944859288335,0.5360057819195407,0.4460937159891146,0.5097962308320892,0.46004049739352765,0.5620171514108129,0.6385656389277624,0.45482399442241245,0.5380376217647064,0.5454828045133483,0.4397883225322916,0.4411743494464308,0.44683737805198154,0.5680115579599074,0.4874612206021728,0.47942707761363806,0.5553816206004667,0.5035123243242656,0.4334987260546578,0.4345812161258068,0.4989901080773221,0.5269598682998056,0.46322669701224495,0.5383576066819004,0.48119317487052443,0.5101442049652946,0.49584476280826584,0.5090041766237015,0.5286828668774364,0.4958029944424746,0.46005022409848545,0.49736209060918934,0.6068069809309944,0.49883540604624305,0.4742956545806222,0.4836662658312389,0.4602328394110255,0.4130622496246126,0.5736487486019106,0.550244795662117,0.45022222790453426,0.4504745323080931,0.5866746940139804,0.4526812790865895,0.46038082102405825,0.5066476828258568,0.4145582540775237,0.4719420179853616,0.4390906463592535,0.41064868891801387,0.4219632078260089,0.43290953047582137,0.49863357729507984,0.4905405087521412,0.4920731873871294,0.46223490186881666,0.4106217673966196,0.3949653074826556,0.5241302235975138,0.507348985797429,0.41496668784401486,0.5157246238624275,0.5471792322988553,0.4166109812137851,0.420241689330082,0.4985010889252381,0.4230910968919344,0.5200219772320002,0.46142915216784297,0.4128196768493781,0.47508366455924633,0.46013921229183075,0.4149940499348172,0.4403162399104504,0.4208672539016934,0.46336436898890965,0.43677467952496934,0.5489491740442781,0.4166167395593527,0.4121849204215117,0.5861158265776,0.4361879171884282,0.47022971447682477,0.38153630212022904,0.4307069798199037,0.4334741282474532,0.533449739357945,0.4046404314852488,0.534972682967704,0.4173400822012181,0.48365207472610217,0.5084627818034513,0.49501705398899754,0.5054758922506014,0.6326594399881447,0.5336803210188984,0.4107531569720082,0.4402744935170482,0.42952304440201766,0.41311559306899664,0.45251406073092443,0.44044214812072974,0.5839331665051491,0.5670678419565074,0.3960081545270587,0.44713057299705816,0.42193120467580764,0.42790521301104506,0.5062282357648802,0.3896873970449065,0.6372366666764089,0.4056201126810245,0.5644460604279021,0.546096543778324,0.47055898947333713,0.45697147380141073,0.5385240747348465,0.3985663185626758,0.39878283572331286,0.5315827190192274,0.44485572850561655,0.49514057002247575,0.4569096684770922,0.48539563678020303,0.48639900601347996,0.45147798042320386,0.515253459761139,0.44011806740093595,0.4527882478471127,0.5214144112259632,0.4172645066448676,0.507506515350507,0.5352449655865206,0.5637664462792006,0.44537811324883025,0.41720932953582973,0.4544977360195199,0.5091803379042531,0.5936134463100808,0.550812358322961,0.47606625484597176,0.4981762241700202,0.547907737110831,0.40785162104939476,0.42230087733966865,0.47637897920600564,0.412591652822837,0.4138626426862984,0.43958036740518613
0.5932075441505763,0.5474910797447073,0.45970373718647134,0.0,0.45334918279925035,0.5258072100431227,0.6007170064323528,0.5780781173245529,0.5176854700769679,0.46373311054100497,0.583265421271153,0.4799159303806927,0.61340043493148,0.6308704912884473,0.5834518845871978,0.5248582775009983,0.5891683856487766,0.6183195110481986,0.5481244986559606,0.5606632620357748,0.5912932096189657,0.5436126278973396,0.570295800899539,0.5296517158020383,0.5571054186414616,0.5444834697152822,0.5993480966684962,0.5921330356919824,0.4348084036541775,0.4676086863717697,0.5661445774331597,0.5624309410320534,0.6745991816534198,0.5250343115898989,0.6147784304337699,0.6020109327141536,0.6123587218989698,0.6401353104188551,0.5444505438035424,0.6594170090625405,0.6251307574870201,0.5598140116688289,0.5452321869408754,0.584667686496118,0.5908916139772427,0.5862524408232255,0.46225976234219923,0.5038956663901439,0.6347368340352313,0.613030464584462,0.6454072282032264,0.5560962217885996,0.5533611385040362,0.622586133607768,0.5478449263442892,0.5255079977094996,0.6208903194442583,0.54868376262604,0.6137358315905932,0.6520710026255137,0.6625082785312636,0.5410208826890924,0.5566855684390134,0.5440651090277803,0.5691491996188306,0.5795869984971497,0.7167052103815226,0.5322108400990596,0.5793228208938696,0.6373632961401521,0.6044968261419356,0.6040076913915449,0.6021226226201126,0.683191249901763,0.6145240999553249,0.5545339710192994,0.6291146162836855,0.520089107137387,0.5417497837540579,0.4936000548094463,0.5579824224671669,0.6305027234396036,0.4910617367235798,0.5878448339320707,0.6167156295374339,0.5939823862401418,0.6420285234924744,0.5937402912375261,0.579675303274723,0.5158523334852386,0.6166543601470345,0.6060365948988793,0.5776046219425511,0.5859664331847676,0.6793087883035739,0.51283778204631,0.5646274855244243,0.5574009283324322,0.5462090727032785,0.6305061832691152,0.6179283233997507,0.6128257509412086,0.6025645239182942,0.48707755757077237,0.6138896959418133,0.5338279695946172,0.6069338228533276,0.5349420268629064,0.6137611898848404,0.5317118959494994,0.6225962405115905,0.6146103746286244,0.6749553462814541,0.6363735113671702,0.5689193660134962,0.5506395094253507,0.563434017938826,0.481314329464391,0.5477053417647998,0.5996905713538049,0.5634422528188705,0.6547653098571729,0.5653914926916725,0.5935909864466573,0.576922055639023,0.5033912171463908,0.5856001722969103,0.5231936101598694,0.5200094716498044,0.6390104630988857,0.5016758621208189,0.5716924550940446,0.6283161302221557,0.6104037897159802,0.5797666357669944,0.5351783646316453,0.4552761313676252,0.6267660881503381,0.539887498999531,0.6230663464089554,0.5915847263512527,0.5792664462639968,0.6824847837084563,0.6243052672878106,0.6309652943109166,0.5094180668921714,0.5226947804355545,0.5503841487731569,0.4822125894425435,0.4728570204536976,0.635270231195125,0.5646070434125284,0.6488111663419807,0.4821989138552247,0.5891648353062697,0.6555898966638748,0.6230249163641042,0.5373509465183298,0.6792484636571384,0.6036034960162249,0.5820002627654529,0.6035868137070806,0.6121834974528338,0.603866875233656
0.47423679545327785,0.4471039516268664,0.48881599878000526,0.45334918279925035,0.0,0.494106053573825,0.5384899875836693,0.425604631616123,0.41544473202132315,0.39923188655588565,0.5447294624386582,0.47758576937509123,0.49227775209900265,0.4134238904474589,0.508721704106529,0.5449797996219115,0.5066898372818223,0.4506001030423816,0.44060097765726663,0.4299569063609141,0.5519950418576204,0.5254965882933877,0.44736653660908116,0.5623124836046959,0.449445166269719,0.5307396397214094,0.41309261000867264,0.4092550786986396,0.40785633807250116,0.5274250312967401,0.44536186055043275,0.47484302224308583,0.4758359027381573,0.4151258606109437,0.4337711888747697,0.4468961920334994,0.540626050487961,0.45825581137709037,0.4984253708678269,0.5003716710531803,0.49048085308499423,0.5043273127487813,0.5143681341863995,0.5813674228431245,0.43745309846005814,0.46118199013907074,0.5385310409086159,0.5703313874049508,0.4918412522387365,0.4836493077474615,0.5266940463130646,0.5148387444528245,0.40801471815680523,0.48905518896429434,0.45791028007630596,0.451123949452801,0.47734195915206373,0.5496342587737434,0.41547547741759194,0.45233403742675765,0.42832190630830486,0.43587563759500847,0.49209324229142504,0.4058904131231024,0.43400734483295217,0.4244671661377263,0.4372452197016508,0.5643967852291101,0.43559994360030774,0.45183984401714894,0.5296872498596342,0.41672558592601794,0.406287102972134,0.5110102134915591,0.4403835689016194,0.41319107211935885,0.5372910499861518,0.658943510412943,0.4210442857401859,0.5105767697735687,0.48153339078119123,0.45549933995518593,0.5362391615538409,0.42163927025232906,0.43715829637354414,0.4564834425819669,0.44584005672756727,0.41973050131278855,0.4105361302408557,0.43244806665114466,0.5609276364160563,0.43333626021499183,0.5153677886778847,0.4325360363047452,0.4390339741438524,0.476035499874012,0.40054173194920356,0.4237292663380151,0.41082358764807747,0.4185918413821604,0.42771413258771923,0.4662839418910964,0.41802607147306853,0.4065544848945865,0.4185758763400688,0.5018452772236902,0.45694890878919453,0.4325302160086466,0.49733158570859404,0.5349065795392279,0.5345272866669888,0.45186195032918575,0.4453488252899347,0.41570637538995187,0.4292694901815258,0.4888635296923061,0.41427623043647155,0.45771598361842747,0.47383499041928284,0.4081887467119317,0.579634060838574,0.4317834920074875,0.44544141902409917,0.5642306007032555,0.41698677306528614,0.4662076233471907,0.4228655268889042,0.5408950056288347,0.42253850317829655,0.4678525150046801,0.41488644449031764,0.5348464937610204,0.41322669655431493,0.43538489637387934,0.45529813381117257,0.4752383810858332,0.47177826810319795,0.4930098411435882,0.41441326605305284,0.47992014447800424,0.4040123998906477,0.4807266284337137,0.4468609230095036,0.42877261161324476,0.5180118096588673,0.43655167071087186,0.5573537016456245,0.4802057246577558,0.4178426882828146,0.39745920930358336,0.4358943026089552,0.41706060031615266,0.4819805271764165,0.4901803360989414,0.48420034256092653,0.469598419260161,0.498052960993908,0.5576187556714182,0.4182330583926348,0.4711952381743029,0.4249206457099184,0.4277732195689017,0.420557634106492,0.5415680706637376
0.5360299858883888,0.6459820526835898,0.5989858413169027,0.5258072100431227,0.494106053573825,0.0,0.5446665574823791,0.606509180935754,0.4961555672330254,0.5472945499351888,0.5939236749982368,0.6080474713455625,0.624574654438836,0.48398137851655837,0.5607204740425801,0.6432469238509755,0.5992466866412217,0.5127105738114297,0.5878867900611083,0.5242184983004101,0.6281834812426835,0.624391440003901,0.48962674961413577,0.5434389617237907,0.5976921954714572,0.47148753399752114,0.48363335960698134,0.5031651120878912,0.4986241663121907,0.5848268059996629,0.5777130193403761,0.6544035467271795,0.5844304600859175,0.47762195870559204,0.4987277369185554,0.5440499037293985,0.6091145454703604,0.5453023209932025,0.5799620821021251,0.520120132102155,0.5761350071908793,0.5962015061568295,0.5492530352233826,0.5853041562647668,0.5438996035619449,0.541239763616416,0.5511549942074109,0.5640293004561413,0.543935012069537,0.5439008370219748,0.5671265364134455,0.5385163002251949,0.49927636693222105,0.6099678607057302,0.5473150103451865,0.5667252218975162,0.5387678301300077,0.69123762437528,0.4879854650120633,0.5511000011574743,0.5984466344689984,0.5084818928178769,0.550788066345547,0.4677034510040236,0.48182242165372896,0.49773261477642,0.49713988589615965,0.5671981462089164,0.5118556542981187,0.588251130629794,0.5582748724863122,0.47221297819003255,0.45316703458630186,0.5926654103645502,0.6303897915376618,0.5083146274950363,0.5660705952371751,0.577106490604734,0.47941619579617295,0.5082648244085025,0.624663370972325,0.5132198543978816,0.6198366883218858,0.5419828511131032,0.48709937605698594,0.5696385283506763,0.5607089639023122,0.4773072164959142,0.5397762535910856,0.5061564868695815,0.5361408099381832,0.5353939890389939,0.6021464275695254,0.5062675149583836,0.48489966432808085,0.6317034534038386,0.5267726906298029,0.544523673170157,0.44784928995543044,0.5069855964144011,0.5019764180856744,0.5924315764075633,0.45681128418892447,0.5347115744572463,0.4982735861542897,0.5530173512015281,0.5870850704745805,0.5398856109461969,0.5722690145915522,0.6454856626562125,0.5872920787140099,0.47128128507009026,0.530353915143079,0.5139681185333559,0.4825775558103116,0.535398229385397,0.5361557221332749,0.5336666611899277,0.5540052104628459,0.47832209333221193,0.5059134302614914,0.5154840666154362,0.4943433616538736,0.627431186884761,0.4650135089529106,0.6197891951713095,0.4834616144435686,0.6231414543412365,0.5444712865808832,0.5256259756908045,0.5687798310441458,0.6721786178853038,0.4788793300363541,0.48552871664178254,0.5546808811075893,0.5098722621242839,0.5438478534894906,0.5007590988996753,0.4745858672641962,0.591285644295603,0.509765853899506,0.607095703136493,0.5389629014108697,0.5188515461434429,0.5866742665109463,0.4552563891315311,0.6111676114998007,0.6560641144160181,0.5555287291623513,0.4953992245447581,0.49383881388775985,0.5483807330668444,0.5633134562101628,0.5552576757279652,0.6301216620095239,0.5694860463264726,0.567363952591604,0.6471037632780913,0.4613884278415909,0.5004668166111554,0.5412938710630572,0.5083682295414109,0.500230132563734,0.514073936953413
0.5913296899419747,0.5582894418039644,0.49935105005340635,0.6007170064323528,0.5384899875836693,0.5446665574823791,0.0,0.5358208912018674,0.5180159834895073,0.4825661940292433,0.584337680577717,0.5150279465315323,0.6332733037950176,0.5430110051391536,0.6458693760891648,0.5495196812816134,0.5572152377361392,0.5720244741235218,0.5017653633544096,0.514413875808249,0.5813681082451333,0.607782732188813,0.5745476299589716,0.5910751283688545,0.5626899158702591,0.5440163728491811,0.5599274506499147,0.5031840083282968,0.43793890822381765,0.5359785925786488,0.5659693439764768,0.5816713288129601,0.6065898708946675,0.49681876031020306,0.5498872475479413,0.536346088154188,0.6994516686027721,0.5331020058274607,0.5343865806073989,0.6439638314696178,0.5439563476915605,0.6260530627617373,0.5513686926305004,0.5976795162838934,0.5682156685719999,0.5580078820690407,0.5471974949623005,0.5370306320864164,0.6623725208158823,0.5655450171755941,0.6273885646405429,0.5302070887846488,0.4803447397439751,0.5762318264316546,0.5265342119009893,0.5682673346855655,0.5465752822753287,0.5629309877902104,0.5565065711424163,0.5710435433761608,0.5400873933938776,0.5012598832530666,0.5091959905628328,0.48731383314873483,0.5148193191988433,0.5000711252659309,0.6166589599629508,0.6627307511226336,0.5436123437447133,0.5727378635653458,0.6220083061543766,0.5146549171216954,0.5041673218665246,0.6587279976016264,0.520367997228795,0.5149848687511875,0.65651043747109,0.6168146704950112,0.4683026243491147,0.48150273200393345,0.5146836054196801,0.5800488877519255,0.5737884666112214,0.48526533307934244,0.5090369954395122,0.5463364054096566,0.5589666054177288,0.5521527686889296,0.5271603956506774,0.5369894031911108,0.6306323483530101,0.5896367008898523,0.5731112287741637,0.5062847600516001,0.5493043116061587,0.5657671553832329,0.4713179036674145,0.5239124957048112,0.4870056168500119,0.5629377918192903,0.5296461058941015,0.5716863861746698,0.5213930107304601,0.4769993476072988,0.5079592265918687,0.5446430517870461,0.5296680545466858,0.5122631809761672,0.6149211664483407,0.6048423504531849,0.6337429112903388,0.524337064633129,0.5780207455087358,0.5133107309875211,0.48828307371003105,0.5516812955059921,0.4965144913418677,0.5166230103585226,0.5176181405240118,0.5099690343901127,0.5646613923855108,0.52402450309875,0.5066839216178368,0.6385739296426387,0.49624535980489337,0.5132681889117733,0.5216527283012815,0.6080399668841048,0.47818463113759674,0.5862483651724022,0.508142545855271,0.5465054080652534,0.5014206332055985,0.5093172847400516,0.5323924632305165,0.5125792026719902,0.48779161032183865,0.6078028635239947,0.5023223581406097,0.5732057721363482,0.5038997537342093,0.5616812105627335,0.6118960292819756,0.5258811381192791,0.5954497371192603,0.5445075502373766,0.5888091499832423,0.5457036054040839,0.48300393410329856,0.4216690031242146,0.5332285416987089,0.492178027929431,0.5753922782547863,0.5968304718151375,0.5626473875242168,0.6236958106185505,0.6297891289833498,0.6019562006078883,0.5459582010664724,0.5575267552048973,0.5184708395284442,0.5165476798394897,0.5090763244709482,0.5856656101723703
0.5878176671995291,0.6793781133860894,0.5071824305708379,0.5780781173245529,0.425604631616123,0.606509180935754,0.5358208912018674,0.0,0.5744455455682846,0.5599759533572487,0.5556341760361452,0.5782280351707932,0.6451013636540652,0.5308738350882974,0.580365437715654,0.5591370493803755,0.5736457941094949,0.581806823253487,0.6173638817821879,0.6294745784406431,0.5680109963251645,0.5721037217034933,0.5792115262884664,0.5355207136980268,0.7031530389136962,0.4685066873050892,0.613237801440754,0.6065309437944512,0.46330054354294137,0.5373983910287733,0.6886440861282536,0.5992233227961725,0.6058000160555879,0.5486224946103694,0.580238698006195,0.5658597618603423,0.6231717112114966,0.6032345801262774,0.5459434758898193,0.550345131868688,0.5798768613121578,0.5947685672647983,0.5380572167839365,0.5281661626498355,0.6849400829030089,0.5881985809840232,0.49066556733768274,0.4940769821814983,0.5947531047487484,0.5477510078632191,0.5333098263191036,0.5105575894539488,0.5005264354442053,0.5651659399510285,0.52214323162396,0.6009696035675101,0.55807657448921,0.5950487881027238,0.5358137470755663,0.5973798348096104,0.6509582160778298,0.48420672354244426,0.5103966249385434,0.5149221171151754,0.4954951434306886,0.522469340184153,0.5643932589408058,0.5178569997946773,0.5673315846975884,0.7381617266013204,0.5414136429214503,0.5274920303283108,0.4913545011051943,0.5861391287920005,0.6724219539449362,0.553848709440899,0.5238527195634872,0.4940424987711709,0.5404761419150265,0.4467856497406829,0.5457801860418995,0.5520144995763048,0.5493597910808373,0.6048291137790085,0.5179229431939342,0.7002965118598986,0.6483924369516746,0.5167227626569639,0.6510907814386939,0.5750174759575825,0.5191893784684177,0.5972561953667278,0.5425422572948692,0.5249839163163216,0.5107141865314475,0.6125835324915555,0.5435629431029516,0.659824434411033,0.47005926977337714,0.5803936074594068,0.5455696672787873,0.6044573121843381,0.5040524083717761,0.6078272368085399,0.5452095742806516,0.5541467112846795,0.5763486013169093,0.6549894480004078,0.5799560990215272,0.5989762565769339,0.5558463047133034,0.5042764436306847,0.5525766197988082,0.5916907343344595,0.5147825033927581,0.5556313813979304,0.5995053792346966,0.5228214060255615,0.513818709169394,0.5351000529283578,0.4822922525493525,0.5671288794501441,0.5356947656062859,0.5665881999771275,0.5012271476596651,0.5665492431650464,0.4891365628451066,0.5756471932706319,0.5601286956739676,0.5688216864340543,0.6737084181641761,0.5558586428593943,0.5410095100608163,0.5199560427212022,0.6014490541308835,0.4870986921371278,0.5536340182014885,0.5437276216931031,0.5775208492787767,0.647812361808873,0.5638890549225494,0.5613508254220775,0.5887863958978546,0.5394927998723322,0.5859435373836439,0.50102493428496,0.5652107277304439,0.5763905521750692,0.6109141620472781,0.4950789145850336,0.5725038692619294,0.5594989821403186,0.6045960859236373,0.5388665525539227,0.6827196673396443,0.6778101835649746,0.6098705972444269,0.5763139716863979,0.5170776185124283,0.4850501605131431,0.563169428168746,0.5630218720964403,0.5508109568284842,0.5209234586768461
0.5965042602909304,0.5244244858013134,0.4042410486099302,0.5176854700769679,0.41544473202132315,0.4961555672330254,0.5180159834895073,0.5744455455682846,0.0,0.4288899168997476,0.4562737003238364,0.4594132612488276,0.5182031222357287,0.509731977650963,0.5441677253643,0.44748188139370243,0.46710326305640587,0.5503441627922003,0.4881518473311605,0.5300419126938211,0.47943708793658274,0.4876783996298491,0.5041110698770541,0.4684474749403847,0.5201993804751268,0.43734385193364345,0.5380201397732505,0.48725636546022455,0.37450434027767593,0.5264480055216152,0.6239194580592573,0.4854718833174965,0.5246087590385571,0.4644789830460656,0.55337293909873,0.4701991266046675,0.5494465112879692,0.5296933277611576,0.4707516656809075,0.4898849267863988,0.4865451915568792,0.5942889026539856,0.4651354845540565,0.4736889872065964,0.5219626388063476,0.5228669482614402,0.46128863097630446,0.41693622048359386,0.5149928471696213,0.49788125557673524,0.497824827781867,0.47216881370516506,0.4911127477853566,0.46310865158997233,0.4252484273852257,0.6628518028162811,0.5207278371677121,0.49088439944337975,0.4779212770526436,0.5300699704549312,0.505646759075071,0.480600054253282,0.4574435671356494,0.4504442286423758,0.5120247923226148,0.48736756419530525,0.5550500648188742,0.515099502520975,0.4702931744835867,0.5943850212868822,0.5578721171213699,0.5086848336265853,0.4875799976724518,0.5014434013272648,0.519677208571297,0.5431829633482755,0.46597624094542484,0.4507886080996404,0.4802806393847973,0.44098368781973724,0.4826408128197769,0.6349409697831505,0.5317627817150822,0.48647475521609507,0.4996210247526696,0.5919683033097148,0.5843640368495232,0.5135620916308083,0.563146537049528,0.6776339250265991,0.5128354852181608,0.643912887285568,0.46229385256370176,0.5071970272166507,0.5283435915880642,0.5074029052534687,0.4965101891297946,0.5360508156206274,0.49925078500850584,0.5336419232067146,0.5111419302094626,0.4847344696334474,0.4881259175726198,0.45690916922204405,0.5217917442311568,0.4848532811642267,0.46513111857231526,0.5002944473369939,0.5002434884108452,0.4854713535607713,0.4806735725738019,0.5008478594762528,0.5325491046666051,0.5531773245753714,0.47626449648754343,0.5272923704933936,0.5199530427301086,0.42536546213825055,0.41292474491113307,0.5643361223602099,0.48152319886794426,0.5551647223810817,0.4944792458158568,0.5338521481099074,0.556275857902363,0.43684033277616613,0.4926851409076498,0.49472432595029975,0.42066563508510896,0.5147772785793048,0.6404807175319945,0.48701684113004623,0.5402271873421927,0.5815307606331582,0.4847322732483208,0.47787700492227897,0.4759325694980485,0.5081978101765027,0.44798824504493207,0.5781220134488507,0.48996178939757945,0.48851762601900595,0.6185162588654654,0.5012139051564085,0.5037072982698452,0.48971133621941354,0.5755233901139357,0.4900389041107098,0.4518526254799006,0.41454134597722453,0.5719950808637011,0.5000189236202058,0.5122846063712286,0.4602127769811635,0.5190006534840504,0.6431732122868719,0.5366602866774122,0.5060308647945457,0.5121588482642959,0.47388015418375806,0.47680983370253854,0.583426028765689,0.5667643468416449,0.5459990853245302
0.4433420982794032,0.6221364889120234,0.5894351844634277,0.46373311054100497,0.39923188655588565,0.5472945499351888,0.4825661940292433,0.5599759533572487,0.4288899168997476,0.0,0.5229887614184585,0.5703444058094125,0.5231040310146134,0.4471987275348017,0.4950450127537934,0.5177378033286958,0.4836776576312056,0.4529872384334107,0.5166976279646011,0.4749108960178566,0.4864208369752934,0.5655725974171592,0.4691042515972047,0.46493747614304853,0.6081103626638693,0.3952983823620256,0.487065057285486,0.4679532994894242,0.5863465013793866,0.4545857264556721,0.5248989799463091,0.5551176761595734,0.49909435428547894,0.4423270202895934,0.4563647145165705,0.5079651767193646,0.5067209057481467,0.4671991135484688,0.5069198333866173,0.4555624033685925,0.47900122355537456,0.4817952705254723,0.46855163783405596,0.47060537513699496,0.5236849317748764,0.4495661981729766,0.4395709608342735,0.4966331986934682,0.5035411810279147,0.4531701051094539,0.448858887642101,0.4119915233826172,0.4176825493382167,0.5323225724977705,0.546504120057598,0.4636438911648905,0.432431823740155,0.513758019568066,0.48533496132856685,0.4621244375867133,0.5356792067888443,0.4075513106977671,0.42713098814469486,0.46412957656998227,0.40784216306945015,0.4177920661743296,0.4494251393549839,0.45646641473871313,0.5127203684760224,0.5242313459310181,0.43339093572481713,0.4295653466546024,0.40300861341738653,0.4901635915586378,0.5176080195831649,0.4393237706175678,0.4698893606917489,0.4632666302549301,0.41198613287881675,0.3830887457130835,0.4675315581665814,0.42404465233891514,0.47978220302691765,0.4729039124493983,0.40906690427880443,0.47894235778278466,0.48312390001230426,0.43637094517605285,0.47784234952543797,0.4340637675253192,0.42684576423963494,0.46932555091798894,0.5110344419026496,0.412899007630639,0.41520332700323087,0.624289270900272,0.45111651889933874,0.5016862434839122,0.3906579934259254,0.4479480745394273,0.4608558754962046,0.5366109107330953,0.4164561637279229,0.6440303989764486,0.42874740342189455,0.44175782830357996,0.48694896870991555,0.5162222431613538,0.48112413720544134,0.5527523184163209,0.489854056347139,0.4046625464335452,0.44501180965549686,0.4621399880652082,0.4054448174139533,0.42364254558069686,0.46190418399719846,0.5985843880922154,0.506384760133924,0.41635724234090465,0.40318111361094505,0.43421880307485167,0.41847551231086777,0.46419444758866707,0.40357848697362214,0.6213214979168509,0.4040391908315496,0.5074822233925744,0.5566735480063113,0.47282783769831327,0.5023662139668519,0.4717862760333121,0.41464646183710663,0.4008086754445418,0.5362296227749096,0.4259706475003682,0.4693470495178966,0.44454230694430874,0.514799737820873,0.49537514413568107,0.49855681612117425,0.510903615383157,0.454183224004961,0.47243498592537236,0.5021303057037504,0.41960728693214155,0.46243876406673096,0.5163416873172163,0.6458081618934822,0.4480214263828199,0.4276824486239768,0.4877811055594258,0.4916125507225414,0.5492391496483198,0.5451353366426258,0.49370872291181395,0.4820761358266183,0.4861610457532199,0.42864524400426646,0.40951250078008256,0.4977436556880827,0.4304009461517615,0.4347530327936429,0.4101385445875615
0.5288282846524972,0.5821053904283249,0.595365181170136,0.583265421271153,0.5447294624386582,0.5939236749982368,0.584337680577717,0.5556341760361452,0.4562737003238364,0.5229887614184585,0.0,0.612332234270029,0.6068302839515909,0.50044987127675,0.5857138477113553,0.6982404883448143,0.6472004650349354,0.5285004179749766,0.6012732164737646,0.5419877299202782,0.6956725818650888,0.6553747682176562,0.5456228643418767,0.6115026371874461,0.6070102955039963,0.5333836563522016,0.5189750779829789,0.5337137393333781,0.5372973580384899,0.5246260619902503,0.5563740166922372,0.612890584370395,0.5965982017824685,0.5082178256507505,0.5361027712762179,0.6113613753952654,0.6418510645593327,0.5936050727648835,0.684682290051895,0.5844413860030272,0.638911232575337,0.5509110748727974,0.6085000014239517,0.6989350857110456,0.5645430819868175,0.5287441295470661,0.4969304214642614,0.72240513629682,0.6319276346379223,0.5810015570458108,0.5988558289229557,0.5375937100602194,0.4711144381532208,0.6968326666099282,0.6662110487644366,0.48409250060362413,0.5619567126645538,0.7050278771354702,0.5229295550585416,0.5569563186807399,0.5899382927738605,0.47658379468589085,0.5535350318956626,0.5230011635600269,0.483490441806937,0.49239517121202964,0.520923614018314,0.535297703691161,0.5620714632745049,0.5885717037669508,0.5469641896973375,0.5045075389880227,0.4751216635129908,0.6358178539702074,0.5906988572698366,0.4788672371845205,0.6451923650581772,0.6286259205047705,0.49600884549997826,0.4965858126131514,0.5608114580181849,0.5047360742462602,0.5346830566015627,0.5469628749508835,0.5137570575756681,0.5545066359959836,0.566726138197114,0.49057252113780464,0.49954841092205937,0.4661707940154128,0.582558873776678,0.507506563326177,0.6949674039458136,0.5007745626502859,0.5077766266530779,0.5934243470804647,0.49923709404318434,0.5278632303585542,0.4628149273670102,0.4942180212271458,0.5456083740846162,0.6479257382697571,0.49288140753651905,0.5442542556544718,0.5051918149063718,0.54012875745226,0.5957978598247179,0.5515156129194977,0.5820927388210448,0.6531616507039898,0.7000255766017487,0.5225026596628811,0.5238690800980441,0.5327520199329646,0.49391094712577377,0.515443019534987,0.5084137759526614,0.6221071914056047,0.6349982720393773,0.47384387453451954,0.572080892272685,0.5179025380335043,0.5192156384422508,0.6035538503800167,0.48006106524295805,0.6422205616194708,0.4714139399746124,0.6070835674011594,0.5970874998838178,0.5676810661191948,0.4822256828625504,0.6275551573624986,0.4993228398960972,0.49728965170841793,0.6537107241295328,0.5236744673713823,0.5173087882094073,0.572094777450792,0.5575857760661932,0.6176197231913135,0.5184992868152858,0.6212631928303642,0.5231839466979687,0.551831408357934,0.7097471636276531,0.47229078543394554,0.5614715213623293,0.5713525054133854,0.5609287804551321,0.5106362236703187,0.528364329317356,0.5296038728442877,0.6713410400360811,0.5343691892552548,0.6565867451318302,0.5731205165272089,0.6063572824273672,0.590106232823375,0.5072227729436349,0.5222100451990942,0.5228063986630931,0.5067718676088955,0.5018373649805571,0.5634140301733052
0.482717081145479,0.618491144238186,0.6061387520163587,0.4799159303806927,0.47758576937509123,0.6080474713455625,0.5150279465315323,0.5782280351707932,0.4594132612488276,0.5703444058094125,0.612332234270029,0.0,0.5419620487440323,0.4303625771354072,0.5286416386607741,0.6149811359799224,0.5416182687600578,0.46261069742386973,0.5899268681776956,0.5167284428740414,0.5750354075733577,0.6096694998764077,0.5151345365793855,0.5749673806677391,0.6354026542287374,0.44593827269786446,0.48601269740378983,0.490255337381996,0.5213510662710322,0.5609709368771688,0.5657970161791619,0.5578891022436091,0.5122260524942018,0.498105710286394,0.47981470452387953,0.5191809235263468,0.5690889339087198,0.49985593305414294,0.6004155761386414,0.48565603189237316,0.5259031389823765,0.549298207195672,0.5129174642719402,0.5438870572129363,0.5482605226573963,0.47808246361691903,0.4861182499419105,0.5755614139284135,0.5389428962144859,0.48210952160114595,0.48267047511291783,0.4684902625066508,0.4128057458293094,0.5572216026907465,0.539961907931638,0.5013645666104295,0.47833302401976324,0.6599696984138691,0.44885106220650184,0.4843198702474159,0.5162657372536128,0.414576036181157,0.46119369852012776,0.4607820153901435,0.41831336786677026,0.4277247488996271,0.4540186951888149,0.48191705209751623,0.48024925785144956,0.5426667003167652,0.47160093026787914,0.43242598870502524,0.41123961743146714,0.5174373400589832,0.5303600497499942,0.4381235836640202,0.5047225679023696,0.5393284287692743,0.447543550484811,0.4277906445152622,0.4861862574164979,0.45426659203548186,0.5501162306043681,0.4813117301145239,0.4391625597326806,0.5385206575112913,0.5135999054122408,0.42538581894685085,0.47524717689796286,0.4840343952211383,0.4780669680485733,0.48349882459938887,0.5389876016055768,0.4367529168391141,0.4250279352304927,0.64900989554798,0.44829658822085444,0.5409135561641278,0.40654660919225466,0.449897879147903,0.46509327349241364,0.5454665216701408,0.4276858833952597,0.5959008927606438,0.4386461212277467,0.5000571208940414,0.50338417962969,0.5730019030158839,0.49900072790431504,0.7016477571194424,0.5721106172727188,0.43996797556593487,0.45104149179220543,0.47265881159560746,0.42672009619513646,0.4857432825462889,0.4745983777153156,0.5948707013999726,0.525918134544843,0.4276742542653626,0.46382147091037235,0.44858984340500524,0.4693506504766399,0.5265802670063673,0.4213190249318716,0.6274055178221347,0.4123672711024483,0.6141984952463483,0.5586172861054101,0.47117883019515827,0.5264572340824526,0.5317411939386295,0.43266171799099123,0.44126297501633044,0.5852928743281397,0.4405037146983723,0.5644963281439226,0.479368246892276,0.5199933071585112,0.5494357148115772,0.45426908997086535,0.5305044507765312,0.4699111463881246,0.4700562462526848,0.5625372243353253,0.4488985572349082,0.5672206357603753,0.5146851148415719,0.6243939851300112,0.48341000828638264,0.46923578942218164,0.46887573900725726,0.5586950524947665,0.5596924215114015,0.64130234798437,0.5263642463597505,0.5398925546668735,0.5781691407661238,0.4272805892173059,0.42996010547202973,0.45508334455471927,0.454006259847094,0.4469531679748457,0.48040333887876435
