0,1,2,3,4,5,6,7,8,9,10,11,12,13,14,15,16,17,18,19,20,21,22,23,24,25,26,27,28,29,30,31,32,33,34,35,36,37,38,39,40,41,42,43,44,45,46,47,48,49,50,51,52,53,54,55,56,57,58,59,60,61,62,63,64,65,66,67,68,69,70,71,72,73,74,75,76,77,78,79,80,81,82,83,84,85,86,87,88,89,90,91,92,93,94,95,96,97,98,99,100,101,102,103,104,105,106,107,108,109,110,111,112,113,114,115,116,117,118,119,120,121,122,123,124,125,126,127,128,129,130,131,132,133,134,135,136,137,138,139,140,141,142,143,144,145,146,147,148,149,150,151,152,153,154,155,156,157,158,159,160,161,162,163
0.0,0.3529333527708472,0.33672685599310587,0.32675050524108595,0.34963383492910105,0.3544915472232492,0.31633802437409664,0.31678571573376113,0.39818753616514546,0.33296108977991157,0.38096175873451743,0.2910069708101476,0.5051798527639555,0.365934585426701,0.3685823272697256,0.38891621027707546,0.3819895457719124,0.5191088210668355,0.31092095974750883,0.4860639869862966,0.34486667965184653,0.3884036672582942,0.3425206845164105,0.3480282676515731,0.4176863489657555,0.310328583757317,0.31895037017596345,0.3585640815268363,0.30035705159504794,0.286467765217424,0.34662034381831114,0.3933046933524188,0.3225130839593049,0.3348067706864704,0.4704542626143321,0.32392418212330404,0.4129842347565758,0.36758293152330346,0.26386852975906716,0.4265629812287309,0.2901204163492264,0.3753425879009309,0.33833157770444383,0.35325706567112447,0.3737266229233031,0.40410850525885433,0.2842078217483088,0.32839848053805515,0.3911656405120947,0.3681503363660414,0.36266902292154485,0.35038926473276544,0.3079572763179722,0.3011804675962875,0.3174240145039862,0.34868962210846466,0.4186421333362389,0.33986069499863514,0.33528622274475584,0.39370543439341804,0.31202166246408897,0.2994612085340068,0.3419441810282575,0.2914604495937149,0.3310299228762797,0.3462557986978012,0.38566410041733146,0.35823641527481,0.28853851372191647,0.3769656568712307,0.42878369560808494,0.34815058026666196,0.3791471439573799,0.38218589390907637,0.34138787666870285,0.3504371491529592,0.29153495849219746,0.32734286474616814,0.3154268244414241,0.26879214860637257,0.3214534286251196,0.3800852866253364,0.34347588188433437,0.34605521318005283,0.37218468347820904,0.414040969105808,0.3488425326971159,0.3395798233872634,0.3873650198468442,0.3302052778711575,0.4019403885914606,0.349977423503539,0.37904782127123215,0.35379175393327567,0.373200597224462,0.3032883013290803,0.24203227985284884,0.3277340656608155,0.3052791229661184,0.4045438311643834,0.331828235743544,0.27693157406374713,0.28147313930216333,0.2665241132411488,0.40838410074628484,0.3847054786898632,0.2961150540925633,0.3807857130953152,0.36275556087057326,0.327917365128659,0.318620670430496,0.37662546509944855,0.38036290316651483,0.31760729704466867,0.3912693150188772,0.4179854399083534,0.3791167698796018,0.3356604616902187,0.2917844584839356,0.33221880602949133,0.3679243413087545,0.25969005080834373,0.38330758932801345,0.40636055839868285,0.34070431266001777,0.30792729827382476,0.29319879651969527,0.3029682874491935,0.31592382983839296,0.35730357813313524,0.2994126419079209,0.32726820603974655,0.31424450499794976,0.36744914086980657,0.30551282738033947,0.3127667745777982,0.33781606050888063,0.3888871690370148,0.4085614303213857,0.3389199119983269,0.2973907998175939,0.36905168101240055,0.38871728245151255,0.32521741145789335,0.3482150326753218,0.34032514950811443,0.3231656879914869,0.295302462164722,0.367587611012013,0.24335357492832935,0.3974828535596957,0.3031952112765004,0.32525791884188915,0.2664833291748562,0.3399532442488633,0.39927072715884554,0.36717814765696904,0.3492011600650976,0.37506672946115754,0.35215677750210017,0.2825644619758328,0.39842609710439997,0.26016880945108856,0.5028345658974058
0.3529333527708472,0.0,0.35511556110832254,0.3334547363253513,0.29372266360106164,0.4604932067367104,0.31257769639302474,0.40233727947650283,0.32856881465871435,0.4326275422456753,0.3270063046522683,0.4083878673295174,0.33025226187943546,0.3145743113856043,0.35849764278186746,0.33025401069140287,0.3487159701399921,0.3179927233417772,0.38328282577022726,0.39375481264267403,0.3963708486420117,0.4254345053224069,0.31688586720506706,0.3958660405653096,0.44379771267385354,0.2587625989171762,0.2652479400744445,0.3237616560104763,0.366036896989052,0.2617220325430917,0.3725326105888061,0.35281425003313954,0.3662811729393963,0.31635085300778737,0.3608198746661368,0.33819659656086665,0.3134150550985819,0.3118273187658627,0.3159178587693897,0.38553336465123,0.3538032942091481,0.39686312168573357,0.2788423953455547,0.32379990764549565,0.36754800936936566,0.31061527719458376,0.301022347671928,0.2992485740675957,0.3432013976744252,0.31915864927813153,0.3264316859954759,0.3505797191566123,0.34837198798269187,0.36739912635874106,0.316068063854079,0.3772812504234744,0.371314036381409,0.33296557684984246,0.3435414863044207,0.35468970276654516,0.34282606343722055,0.2534557773687492,0.3147877988872199,0.27128266520798217,0.3107204934561447,0.30929800429637977,0.30371598986252085,0.2969069312825147,0.2444366265180895,0.3415795813643129,0.32531237681649405,0.31067942293386264,0.28399749330828244,0.36146462997745016,0.36237095294533334,0.2960608156075749,0.27165284096371445,0.3381598179900417,0.2816320042023286,0.2517099075777957,0.3386219945742389,0.34875331805289794,0.40960698214530805,0.3023109561612853,0.333921722974963,0.4329885113034011,0.30526392800469143,0.2646911231313401,0.31737903189477495,0.32835402676206354,0.281562063207646,0.34298996033567586,0.3328371058624402,0.3356811497789152,0.3442560808190353,0.376399872852169,0.2796112235848563,0.3756010524954517,0.2706036634507675,0.3361686435977123,0.2967185913204249,0.2602150820715574,0.2398979614639008,0.3297629026568274,0.3118893547853883,0.31580294027731914,0.3013519367496823,0.45200104207861047,0.33271667421496304,0.43882358094107443,0.33842810681649604,0.29802556866588764,0.31632446264077585,0.2805009845887691,0.333376052635019,0.4235032716648403,0.3924085245950033,0.2871368211130115,0.3510029220924394,0.28398830492956895,0.31248789205241156,0.2541383077938764,0.3545406926317819,0.3785951256646399,0.3123889654963674,0.3531387260975056,0.29447055898202296,0.32174732832438263,0.40369189555991125,0.2938151110193445,0.33061925283461835,0.3418384650369458,0.2567514738318479,0.3741814869279298,0.3448518567459205,0.3002664432234826,0.33638981019314906,0.33249162985092523,0.382246821421755,0.3089871243230232,0.30396575346352905,0.3556847611439108,0.4146796250401237,0.3178576871465366,0.3447365261445283,0.29523671151690534,0.39438775901172973,0.3176363094591597,0.46599335206761167,0.2713646073958936,0.3250285144698133,0.36041413139199385,0.29110244151612386,0.32343763550281673,0.3788271218821056,0.3470394814731579,0.3374639272284077,0.39117290200955374,0.3106070173359604,0.27502589639029845,0.30210735977609393,0.3768120258866342,0.27652768169980885,0.352983489849596
0.33672685599310587,0.35511556110832254,0.0,0.3037928004440682,0.3124482023398023,0.3950770414378227,0.2560652602093987,0.3366667444323025,0.3126440807143863,0.370560006271358,0.3388024390405059,0.33181959900522784,0.36371152240956267,0.29259312015680355,0.30718718534953926,0.4228045060261509,0.3894691285321342,0.3271100194929614,0.2866949318022068,0.32061635635569813,0.3713679678322306,0.48325309257985305,0.2662886547323217,0.2936881290438821,0.328001783627995,0.29001402205731996,0.28064765538569486,0.30939569634169584,0.28923647118845325,0.2621147453286875,0.28366035640338805,0.3612761857770067,0.2992948408508925,0.283169433505965,0.28900500585416594,0.3216225206130324,0.2985960910609837,0.32146429829861123,0.27549207619472127,0.332966741725367,0.28375098441738833,0.37411432278683693,0.2873828455006891,0.2785145638342929,0.3428890773938306,0.29844431319689624,0.27925886984428605,0.29560358889439037,0.28882060453326835,0.32357855532558316,0.317627324856225,0.3383940533086107,0.2559971736777995,0.32504689461011915,0.307368009216966,0.2842370182358426,0.307421533822376,0.3691224424251566,0.2765545189306951,0.30677427152058995,0.29175264390105365,0.27031515797595174,0.35107194540289033,0.2743598019720487,0.2686560576590322,0.289903079348917,0.28560809848242025,0.3103096572125835,0.2915494714148065,0.3318802544604388,0.33906279818190177,0.24991753631820526,0.3090359422833416,0.3955240599868706,0.38306089792342235,0.2287718736710293,0.297366489897312,0.29891318893241575,0.2549885224066181,0.21092448198131758,0.29220831670729674,0.3303660379265773,0.3075303528219731,0.29863817240678786,0.29820650215842603,0.37644495491578467,0.26812047886441703,0.25017156663097767,0.29577350156237125,0.2570764902858782,0.3205047369732193,0.2728262863193927,0.30832419548358847,0.2471769911327668,0.31135837242678205,0.29169857268539173,0.2563371662788151,0.32126047951774733,0.24922776143035294,0.30793911974557586,0.22981782154854064,0.2686752078869106,0.23161431733197532,0.2904780442247622,0.3194975536352126,0.3578093121410182,0.3081080274423622,0.3360724460957906,0.29152621373669124,0.31666188765862574,0.2929040557939656,0.2799793830789216,0.2966306402213164,0.28519067780737467,0.278065777842605,0.3734925657496799,0.2732362846484221,0.3249531806623723,0.3315834977508473,0.2983260367233866,0.28821234651499084,0.24110269635628281,0.2812484862869094,0.3047699648325936,0.23413780902354478,0.31055247401507596,0.29015916615771187,0.2994747923573458,0.35574941112886255,0.28785957505128207,0.2994362096680811,0.44637225840987793,0.2255110214240055,0.28935905801045075,0.29202996412583965,0.24218064917775176,0.24817883069059865,0.2777622652711285,0.3521473334690212,0.26923908351678894,0.245906246052993,0.33543701866197423,0.31668219035138245,0.342492762398867,0.2854980847412258,0.25809204056489865,0.3677095806931373,0.2766785827005941,0.38657287610633817,0.2713354401276713,0.25940033450246747,0.24300776458336876,0.2865159384677713,0.30258621895464155,0.31858493191660175,0.2868155528391333,0.30292158371397454,0.32453028608363216,0.2274408980994156,0.27278231584619517,0.275038516230037,0.2433282383110371,0.24185663881690617,0.3176181678643705
0.32675050524108595,0.3334547363253513,0.3037928004440682,0.0,0.28622618289664303,0.3517756519858644,0.3177267201214352,0.3326038435924547,0.28036190972493424,0.29816571272123793,0.32433817142552707,0.34805413971520777,0.32216041499209874,0.30350105875688616,0.3684136142781366,0.32206647922672016,0.3699549898506433,0.33875315751036017,0.3715369310809133,0.3370701785546994,0.4308280354575547,0.31331638712452653,0.3013261929580133,0.2976672503778513,0.34987072517808876,0.32347226095565235,0.2891190968614951,0.32564097826958305,0.27692346072701435,0.23404596177776568,0.32657667154742814,0.34556350091056137,0.47008121750854315,0.3520782384149459,0.34470830414166576,0.3884382866429501,0.31433821424112784,0.343846111222853,0.3348593452502604,0.40444755338614163,0.3577160292188843,0.31047426906661024,0.3410446816560424,0.3602044784850375,0.3472137054659852,0.37267702310553275,0.24643424788014917,0.3068902957347293,0.3296271961776102,0.37865617942096036,0.4720430798177959,0.42275484721047185,0.3508405378465765,0.4431020520382662,0.36537214107290505,0.287187982160065,0.4411880414711635,0.3466736828948046,0.34896387737110257,0.4331761051884645,0.374921632333712,0.3265668556646657,0.4001945379905286,0.2677091177992799,0.3704653422747191,0.38634650888578426,0.3632000806040075,0.27641127115316594,0.27780029919601595,0.3143325076748931,0.34070079343949,0.3245768294490108,0.3236849184628301,0.4831661946559352,0.36465482948424016,0.2828011477885074,0.37168807594211906,0.3377727621553215,0.3314269166419733,0.241961750039149,0.3073746646128604,0.4441365380635761,0.2911170206910365,0.31258659498400193,0.44212335455844065,0.3440930375536592,0.34282504048912094,0.35602308985803816,0.36521297803788905,0.2760994597110969,0.3483215746720392,0.3557685011296356,0.3403964614159741,0.3419561563224309,0.384329319456083,0.28374822513233405,0.29951514332306506,0.3442454962503415,0.29399017640883435,0.3798601395342073,0.301990085888023,0.3319010688635396,0.3501063219323877,0.2942785784344618,0.40235620054940163,0.3516109062463958,0.4013388872909304,0.29447003771405655,0.3345635062710426,0.2948172916039219,0.397128540822336,0.36894822469102007,0.3922356121729721,0.3461459714033615,0.39102755768837955,0.31891617219663304,0.374490346896018,0.2783424314301134,0.3497197004093111,0.3209613840187107,0.3345925385284316,0.33854069823184707,0.34227983652001387,0.3490038331015613,0.2780076880385002,0.30776819126115945,0.3581518120511933,0.30803386094753227,0.3873154078299721,0.34380196550915154,0.25018121329512305,0.3763148064408234,0.29898777451080727,0.371305456848263,0.3280229183873914,0.27133593195548117,0.2378345328390642,0.3562494473646492,0.35539300611756725,0.34490868007665787,0.3541704241983452,0.3291321272115641,0.4479501193797363,0.36968883009475195,0.3297825186466649,0.30386062402234554,0.3461299201168647,0.2983367573080608,0.2980119262899026,0.24575387133930254,0.38422133261934466,0.34346209160123997,0.3240956135948302,0.25300670898436983,0.369754403497223,0.3237680001105667,0.2952493861896636,0.3303849401311846,0.3764894829977327,0.3314017091064322,0.3022161433969449,0.3247728704114923,0.3057387427900044,0.3323106864109376
0.34963383492910105,0.29372266360106164,0.3124482023398023,0.28622618289664303,0.0,0.2690347369173181,0.337047454783571,0.2631264281843667,0.3142682329285996,0.3004936980090226,0.3154428560799042,0.2661092821013762,0.3050124513048142,0.3351897890164637,0.3316482937054073,0.34601231948545896,0.3543829304204715,0.39669989551433016,0.2603847423918059,0.30826984954269104,0.3281068224409752,0.3395700146642664,0.36452563079601824,0.2898999131466723,0.3066914183641212,0.2863007106134207,0.32135643463433683,0.28177324616622057,0.27444804510476795,0.30784404339632737,0.30106163143514214,0.29793146436780515,0.2945147182885447,0.2767573942319061,0.3982450490787294,0.3309547914348508,0.2933980123893247,0.32946498418663,0.26145908481934294,0.3483529912417512,0.30856902759464194,0.3703162587430191,0.31945377891907717,0.32594787124245544,0.283355635758628,0.29842960239749794,0.3187233061250182,0.29562728725336895,0.3539846949284041,0.3409408911003142,0.3143910278900832,0.2930571254316403,0.2863442377486422,0.26887049062019075,0.2841670645467298,0.27892831479086766,0.2910962492933162,0.378855141625987,0.2956757328116696,0.31923835584287735,0.22583057208695403,0.279199885919229,0.28991811162156733,0.3196850432088541,0.2915901215247851,0.2412136122584475,0.26931488833869627,0.2789417585222954,0.2820154749218282,0.31930411959339106,0.30607726377638333,0.31023645560032403,0.27899315703018046,0.3105438762942201,0.28869647642938384,0.2545053892695965,0.2672078344122605,0.41023504752785445,0.259219552656934,0.22824117341164232,0.28338665027937304,0.318068709690428,0.31164918585761464,0.2554978360661643,0.31323996491464695,0.30151932111472507,0.2748509750678326,0.28902589162350967,0.2850201766451349,0.24030685199374444,0.4666471546720739,0.35452979978223553,0.37515297133829734,0.23786388242128415,0.32649057358821376,0.25656464343263546,0.21011746471902468,0.29782920382058814,0.31368604998531885,0.2799912826861892,0.26283733591984243,0.2470312178227883,0.27937271427984856,0.26652482894451945,0.31912272998377444,0.31722255410582834,0.2643424946941558,0.34857261502350717,0.3705474613197304,0.2662790834204265,0.2833881031838421,0.3486916050675145,0.2672225909688535,0.3285958115612444,0.2932827846621484,0.33002242604972687,0.29694096564739636,0.3056169588191431,0.26398748461402793,0.3342258270302535,0.39499118152258317,0.25780200955187005,0.27911056282888547,0.32659882547022456,0.2837789093914481,0.26143768912093507,0.27974079413014474,0.28907499670278214,0.2871495024021668,0.3110022393767845,0.2968856976261598,0.2986432462164021,0.22449736916287472,0.2964125824784983,0.24698027520938157,0.2834588224398951,0.25861558927055406,0.3934312419414701,0.35447718996333466,0.32641401799131003,0.2444485800197005,0.3511313558793212,0.34559863084351466,0.3315888590675536,0.3100205186741702,0.29815090201134337,0.3168308268714373,0.29529892206959685,0.3127251000783635,0.2684956772898853,0.26907248958571794,0.28713936694726855,0.31035144099750633,0.30614845076301334,0.3148555986817779,0.28260887045094035,0.25028228740097563,0.31164088217685254,0.2874653392459394,0.27366663650111883,0.26634429632681794,0.29299167323287645,0.27523363586611194,0.3637396618709864
0.3544915472232492,0.4604932067367104,0.3950770414378227,0.3517756519858644,0.2690347369173181,0.0,0.2787927691978588,0.38082555234190724,0.2950272753740192,0.3379102118957432,0.3741236086531442,0.38055605276215115,0.42052263373335935,0.2677453238433669,0.36281710367197767,0.3711583044962815,0.34242684913431587,0.2842183383557673,0.34511662400255455,0.37458544968241975,0.380860514261618,0.41451645236774504,0.2586381112759413,0.3403578563386554,0.39696368975116536,0.2749253200122725,0.2575403970628205,0.3155950613842891,0.30613859209746286,0.24456709947057378,0.33469862010522133,0.37002212695755554,0.3908808809160416,0.2936328897093736,0.31623888300787356,0.3127264091572193,0.35072771081573983,0.2969805588818275,0.2970750988244802,0.3206086980477643,0.3254693257379642,0.32956612439911115,0.28297441560577313,0.34485395350574083,0.34267558134205095,0.30593531890653436,0.2542410801325442,0.33021706926204486,0.27977271643517887,0.3138872390493018,0.32544262585792555,0.3697071310103238,0.27969106203863825,0.3716719055449805,0.29909466679182223,0.3234538474518177,0.338094401975579,0.38144300037683493,0.271439226730051,0.31408721065889156,0.40115055073998385,0.2626361735973612,0.3546225735691995,0.23083372820767173,0.2690815574639956,0.30150803328691206,0.3247506207408931,0.3289047812261849,0.24315958246625166,0.33426057395077535,0.3362336828599278,0.2535204407849886,0.289319182699974,0.3791303216084151,0.38463776323783283,0.25832344719431427,0.2936600434339201,0.3030842084424235,0.27407626816812575,0.2601721101951936,0.34670173981409713,0.3300440419135449,0.34655676521328643,0.3480369915160945,0.29942964614520307,0.3866098532690597,0.3372588695724214,0.25189701306677725,0.32341837008729857,0.3047359372581166,0.2913139492984202,0.30440441680702474,0.3128896489696372,0.2926574533059673,0.2901358230019826,0.3701669587027305,0.26857821241161506,0.33526086288304696,0.2304736549705989,0.3258273233557342,0.275941369735358,0.2594536836696329,0.24045123166268817,0.28927545016202805,0.30976184551578617,0.3582950186790405,0.32103470493436115,0.36600742161407057,0.29109796951983924,0.38524848058865013,0.32852443574575907,0.26459648110376427,0.3673595414281799,0.2822077726675588,0.31512284037380717,0.38218467104803994,0.3245405571226673,0.26418332047731197,0.3905506421101473,0.27323170190666,0.2892230923281609,0.2667922851333261,0.32437393536030495,0.35619903235539796,0.28321810466397557,0.35624521469003184,0.2837433052078486,0.3072961656460155,0.35495913427475495,0.2746466819124797,0.28389315281811456,0.4035048872521066,0.2823857976898757,0.3288325068146612,0.3607434817667661,0.2717905860256386,0.30588366253925914,0.284943261065392,0.34505527776519274,0.2879232220484415,0.32783134342271864,0.32105476759099827,0.32009907677062865,0.2940848131374503,0.3265473511311063,0.26883801122257495,0.3770095347766699,0.3196883874790123,0.3618405832917438,0.24391243286090045,0.3143464450963381,0.2896353562337617,0.2656020082184477,0.27759014869359394,0.3888761235426825,0.35614039263606123,0.3765504869611413,0.41154193184512183,0.29562774728083935,0.27849433137844715,0.27245469407573736,0.3127152867091498,0.24056931160779635,0.3428481686081227
0.31633802437409664,0.31257769639302474,0.2560652602093987,0.3177267201214352,0.337047454783571,0.2787927691978588,0.0,0.26477831324532847,0.26349743782846824,0.31588596363027066,0.2707333488330206,0.3461173082897932,0.3049427257619556,0.2958009960423528,0.3898007570595211,0.28062596809695745,0.288809821462844,0.3148794840974047,0.30631389267380194,0.27554254179564686,0.3130477994139807,0.27914130544341154,0.4182733025252237,0.34186841389855716,0.3552886228340884,0.30503134124558756,0.28664006330056385,0.26820679224611005,0.2804155709737085,0.27423192443692596,0.3471762411507561,0.3464939050780289,0.34862831974954,0.38631172648688483,0.3217291485032472,0.30595905461275186,0.3427379682028217,0.2712194823748348,0.2864359809496537,0.4028493064119333,0.3242260250825263,0.3161249228940877,0.3366714260766646,0.3485131714692318,0.34594874588861513,0.33692029268539836,0.3715836023810351,0.2871438265712507,0.457913270335437,0.2902236740642515,0.3716387339500827,0.29850928153843576,0.26777259337756826,0.3085005658113028,0.34552141366772304,0.32009006269935864,0.2985224199659185,0.2928835691163094,0.3557473179686002,0.3143555737939627,0.23652691840706688,0.2857191521387732,0.25907819440637364,0.29506321312923467,0.29862379423461954,0.2615286147834906,0.31888313080778347,0.3365715386980648,0.2522081812061928,0.2689919105386996,0.32616526861453876,0.3007817429735585,0.25535275204907365,0.3358664027382266,0.23376686372250952,0.323285707606501,0.3506558919115435,0.3946187970057371,0.2753335791319413,0.25464925778608977,0.3001093541234659,0.3195133604057281,0.319151295233958,0.23243546698597264,0.30320774106426807,0.29914718451744554,0.2695293236920254,0.3258860438637941,0.3406993930001222,0.270651712589296,0.3310887224193827,0.4616353378729505,0.3336407147931572,0.2916056186268018,0.3066713705173151,0.3176073211141338,0.22286459273953002,0.3902121555715659,0.30106752103927753,0.3581892853145145,0.2944604419806952,0.2921007627011175,0.3378479683863219,0.3126370207696416,0.28381544181089313,0.3405058963952653,0.2774371518467411,0.3129002057860756,0.4006650014783921,0.3196227850278687,0.4005713405740093,0.3138477939266883,0.2880957112861148,0.26032495238496733,0.2951438829413571,0.2849815378834136,0.33828472404332877,0.32118810030413564,0.28527848227844643,0.2697770904865427,0.3054634795057929,0.2555634201883955,0.2835933502883245,0.3960341696545937,0.2632054146041108,0.31721172754296273,0.27553347620162516,0.33570104893779107,0.29794142725922496,0.31823935435485845,0.25326798190520916,0.24746924929470773,0.23138010195442116,0.2623724855283582,0.24835647255975313,0.2924195932052541,0.2956068792339353,0.38500920520040327,0.32369341650899724,0.34493860139328825,0.27883389356795174,0.30231405126539673,0.361936598964934,0.27925508150914513,0.327232834953813,0.3892634442497441,0.3062277257122022,0.32340451456168023,0.3096997695380663,0.22388855259892984,0.3043901896362507,0.3211798410860711,0.25850790792061906,0.35523672685924834,0.3780044494064142,0.32302751224403525,0.282450000347572,0.36563158976272053,0.3297483616996978,0.33032558178174654,0.2957011260270428,0.3021242849122648,0.2931824802295915,0.2945831807861572
0.31678571573376113,0.40233727947650283,0.3366667444323025,0.3326038435924547,0.2631264281843667,0.38082555234190724,0.26477831324532847,0.0,0.3500513949794407,0.34141855145098016,0.302101040364128,0.35118693636297693,0.3538637801069328,0.27069901455519996,0.3563236192247783,0.34542928937164086,0.31893923594986096,0.305586307154634,0.32681184751068665,0.33157840162006397,0.3591295130473608,0.3257012883700172,0.282398440943855,0.29510402087716386,0.3631609185503433,0.2794042693838137,0.2985901977314729,0.2992830701431043,0.2594209025850612,0.26695387963086004,0.40511384453590743,0.34502582933512016,0.36182063096280764,0.30236006505182905,0.29984539657972237,0.3373216291744117,0.32359459571650045,0.3433782356147768,0.3062892152769579,0.33858546971839176,0.3114919683520713,0.32526585818719783,0.32237028806954554,0.28205870097793184,0.42782044214300663,0.330684922302683,0.2701971834487327,0.2744367143760074,0.3003808134464763,0.30787370609132364,0.313339882531825,0.29854931048913125,0.27605352179270787,0.3036687686164597,0.3043163326229418,0.31462742887662964,0.3267919351511414,0.4063968576645871,0.30285751047819226,0.32425545646011666,0.39473608499389073,0.2732202180665237,0.34452009071426126,0.256385457356795,0.2723373904365908,0.28755837939927376,0.31000022204233585,0.291663366755905,0.2732105634245081,0.45712006708902764,0.32253083686444384,0.27931533965460625,0.2693303728247714,0.36958489320518606,0.3809350765939162,0.2542352571037457,0.3267988972881613,0.30231927137651704,0.33878887684673603,0.22079555177520266,0.30219130812407013,0.338688428598781,0.3575051770240798,0.3487768337065099,0.34400134289218576,0.4513414495477834,0.4163776197936721,0.28169556037569393,0.36355171713354023,0.3167975622500043,0.28085130008130604,0.3123314240636779,0.30153953932218885,0.263884632845377,0.31750969590475375,0.31313289500658703,0.3046945455054207,0.3458563417657215,0.25054962398606356,0.34160974972250346,0.2678585513972356,0.3554701175154873,0.2547439495153079,0.30411608441857685,0.35547782950677725,0.36545299085081345,0.31880264189104385,0.3705377333319819,0.30529214615184347,0.29964352488450857,0.2725141873748298,0.2989563663269824,0.31680233947588954,0.31867506471214135,0.3339529234063381,0.3651934684729322,0.3369421476625253,0.2687234680171456,0.2698260712432102,0.2837481650001646,0.2916457710167203,0.36130493430985083,0.28760821934682435,0.32752372320125006,0.2639437065723684,0.3103866070391345,0.2784371063389499,0.399162434450344,0.33946302305546755,0.2994599973778943,0.33370327788114273,0.35542690861667314,0.29649135360075196,0.3032369208273626,0.30507455448941256,0.24684175086798674,0.28986208262003743,0.3039351133383308,0.3756829548214311,0.3364075471607378,0.2985566656999302,0.30321881805484846,0.33634126330264474,0.31609643340919585,0.31262944196124565,0.29245425948099474,0.3973545376691056,0.3210960809079469,0.37198692958871205,0.255407285171597,0.3440239939399242,0.31129073483721864,0.2688772958058515,0.29192644799054357,0.40307320988240203,0.36523913938473695,0.3028961168052777,0.3693910833936363,0.25784493074388387,0.27037006268751873,0.27882497830331837,0.30188492711961934,0.2780642292404106,0.3029285482196024
0.39818753616514546,0.32856881465871435,0.3126440807143863,0.28036190972493424,0.3142682329285996,0.2950272753740192,0.26349743782846824,0.3500513949794407,0.0,0.2874660045679932,0.30265261780737535,0.29396739155773444,0.31921428681195246,0.34742464250785055,0.3168431791447052,0.3333643669663098,0.3183873659428234,0.40286539599653537,0.2659726431557287,0.34452716430231345,0.2920425747877016,0.3914165907819737,0.2774702607118737,0.2751256825739609,0.3118097051561098,0.27423336959263156,0.340160522043368,0.30831612462969865,0.2538112369170297,0.3456825977224465,0.3582999648432767,0.30298092895136475,0.30198501743385375,0.26206143865983483,0.34928788415858203,0.2889545186170263,0.28694248609061695,0.4127576931894211,0.2606261042676407,0.30773693767532234,0.275548263608022,0.3864488544147929,0.2777502850145797,0.27846913011282387,0.3278391336341862,0.3072841967483789,0.2688791217999239,0.2501973344687796,0.29272873317399734,0.3076216292489069,0.2796144398870173,0.28755301338034767,0.2846635562368045,0.26140400165041944,0.26186295312947305,0.3511653305052109,0.32265383635681977,0.3377017971788877,0.27799100315284975,0.29276041887345233,0.25657891675808925,0.27925569745800816,0.2933694218251241,0.28094789932506486,0.28679861146740504,0.27308646340215564,0.3092274822922794,0.30526047236224363,0.28963381025907886,0.36781028094165247,0.35349878756791414,0.30804808603388784,0.3164117783296016,0.30066589646634506,0.36859485682650434,0.26650196836850215,0.24938823460793844,0.26816281386290725,0.31612170070147744,0.22782496297387564,0.28068713452288024,0.3609565460169348,0.3892114144013537,0.3108755432879,0.319369171160295,0.4413731766327681,0.29201190973388613,0.2952923651380771,0.325559935736273,0.4018941250574965,0.3593771960481953,0.3188417902330093,0.29519079423460337,0.2673987339060989,0.3489401445424416,0.3117417186079686,0.2573355796455059,0.3042289718542819,0.3035967339557983,0.3014687476320467,0.2896983736443588,0.23540684224934644,0.26158881704742915,0.2691193368461638,0.360013026063828,0.33455741498110386,0.24527727166091817,0.362453443363426,0.28579366226988084,0.25696792312352534,0.23961681565186166,0.336607348393512,0.29545881347498243,0.37930286168960387,0.3326736884038262,0.40634767287568535,0.30364122296524565,0.2713450581100542,0.22979070886233852,0.35183496919322554,0.3441937623282712,0.27962679066623586,0.2856900023006219,0.3239664161596006,0.33741688582233575,0.2721216820780131,0.2754693410804965,0.3001094600373881,0.2727199956485563,0.3149789344387037,0.45008068147176133,0.3302780757268294,0.28882884418281585,0.37270094960549555,0.27068921027571047,0.2747758496250827,0.30936036607470413,0.31180484122177476,0.3615486279400316,0.3253965194502155,0.27993052543571423,0.3116210385536353,0.3209515666110712,0.3145089795544619,0.30210364343534973,0.30200917690108414,0.4103793705652194,0.2794119642113436,0.32816033788146376,0.26914066731835995,0.32744086957733354,0.28081126214030416,0.2958090832325994,0.28617660285667373,0.32200797410290316,0.3488342343588372,0.29785412482277124,0.3323191903092684,0.2933264652751005,0.2769179677070234,0.2534079869693061,0.3272579324191507,0.29059812418062536,0.3814669701674629
0.33296108977991157,0.4326275422456753,0.370560006271358,0.29816571272123793,0.3004936980090226,0.3379102118957432,0.31588596363027066,0.34141855145098016,0.2874660045679932,0.0,0.2789031368217337,0.31766570258421534,0.34666010028485705,0.32137412805519927,0.31364059612962586,0.3403961649524961,0.3275518425036582,0.3485167896008595,0.2908351406563647,0.3063629371831144,0.315360010122453,0.31602349311050354,0.3671723363062091,0.29528064433094187,0.46827329567379433,0.27792059972228206,0.30570153163564656,0.2887326177614598,0.40429741906538813,0.26558632479760713,0.3462334316924341,0.3717037542256135,0.28253186238250044,0.3071519679911167,0.3403140572708736,0.30437047327355965,0.34071720938942607,0.30062498355666245,0.24598133571976055,0.36460246029313487,0.26736711959445814,0.3469353553474505,0.30173514970775595,0.2879573076284615,0.34504309258521837,0.300114942626326,0.31140594402893085,0.2936876039162374,0.38276694049727744,0.27069408809069984,0.2911664154265916,0.28800918745489873,0.26483557938659397,0.2969606683099471,0.32687281145791197,0.35650198280427775,0.29292862889297355,0.2962719232322109,0.3264967628056968,0.30445768337436496,0.2827149543631199,0.2647046804030423,0.2690216146937463,0.2757187542762434,0.26547333355120417,0.26365526102232245,0.284777533811681,0.3086569160500989,0.2733177859816034,0.3431896817065951,0.2879077301318724,0.3354259314241717,0.2552508805339657,0.33300217602794,0.2919883088007621,0.30766014541851744,0.26936009234458974,0.3844295376631968,0.25875308944856956,0.2538392673563955,0.30997358217930066,0.28956124295056124,0.3743507207627839,0.30169492549891314,0.31260539510860597,0.3464555840898117,0.3010028942761038,0.296851804465859,0.3720666834804913,0.2647051272129806,0.28791337190467853,0.32199481674518926,0.323043940838945,0.2543864380567253,0.3184033204308493,0.35015352101916114,0.2187656082022245,0.3658348222012567,0.28759739033620285,0.3346890685384119,0.28780187903784443,0.2703607503369509,0.2598900556346785,0.36168146888644837,0.29413722532994313,0.3215176093396461,0.2788819463095412,0.42860288293907006,0.3321154130263114,0.3297605410877068,0.2840837172111724,0.29071227245133463,0.2994675563630312,0.30536458592577637,0.29846766928475266,0.3436191459899538,0.3587249298908208,0.3683419110929901,0.3092910715773016,0.31807316061920915,0.28396037868045937,0.26263382775638755,0.28837210814810066,0.33386864140754025,0.27301449492814395,0.3597467291024669,0.2720587498961037,0.30419743758098017,0.38862080278159256,0.31718373522684307,0.34830975635190203,0.2846942085620155,0.26191219493248297,0.26607315419036937,0.25771214837139395,0.2578318799490683,0.3150133129518038,0.34844467051409317,0.39092053420671224,0.2977761192075054,0.28736923150980975,0.36586803669368834,0.34826981583059674,0.2815124706692636,0.32458171596722435,0.32345078483125705,0.2850033568813973,0.34153249272825303,0.5371087887361882,0.2577061663169767,0.2678522470639453,0.34672927417404464,0.24429058124356756,0.3272476555009377,0.34263637624954313,0.30320412220681464,0.26559341980410617,0.37027639113478783,0.3041890881509378,0.320445119333366,0.3497768534178596,0.3458732188546409,0.28664471799620306,0.2835022508571875
0.38096175873451743,0.3270063046522683,0.3388024390405059,0.32433817142552707,0.3154428560799042,0.3741236086531442,0.2707333488330206,0.302101040364128,0.30265261780737535,0.2789031368217337,0.0,0.3367220079572712,0.3795683397898883,0.30269940009156976,0.3155243698399837,0.4462497523670127,0.4029841002092968,0.3419153304665838,0.3323991720180335,0.3576626242818499,0.35090706160562746,0.4004158856186618,0.2773780802378252,0.31821419112043003,0.36685190692184677,0.29661385172681304,0.311278486505924,0.3762589757054027,0.3305550947555308,0.2885091888259712,0.3084959251434802,0.3736513212343783,0.31495990360612325,0.2911763379411005,0.34281215716606106,0.3313790035345762,0.3504853863152792,0.3415947062707812,0.33423245035043153,0.33280885217695405,0.28715762140575346,0.3421679011446399,0.311845287660587,0.34846559153274825,0.31367917139587687,0.28667849146227825,0.22075900311115737,0.3883246526850835,0.32189319978644887,0.3004288484207948,0.3447503287071641,0.29512845403587107,0.2662735238308551,0.3438833987407135,0.37463656250704613,0.25739052382417194,0.3547875858390886,0.4212774838583855,0.29249197055035464,0.31490609492114063,0.34861321231126063,0.2445877466044605,0.34513773085295396,0.265361254378452,0.25145826918063563,0.2816963225750463,0.31818475906115756,0.28324421398662214,0.3020693546936328,0.3501417511572837,0.3241016690277842,0.26086632054830033,0.3236907697611261,0.35871851402827737,0.39569620873927736,0.27416277821763396,0.3403049949152194,0.29938598409645345,0.27291914146865576,0.24813177180694307,0.3038980426172604,0.28836087664796606,0.2908643590135519,0.33003324892838526,0.30066976839974124,0.3127243738277292,0.3357644166411654,0.2741905562598291,0.2904203078789837,0.2615034881456878,0.3706004889031047,0.25581523485150137,0.38296217775092084,0.30644100613620956,0.298711491976046,0.29411142115100325,0.24783314192846134,0.26225302598540545,0.24314353181551943,0.2802700944108314,0.302177577910273,0.29626071745719185,0.2424985231484907,0.2440201061267362,0.32589463740678537,0.28177637993814403,0.2855687650869644,0.33283942530502525,0.276519760997613,0.3202330152607395,0.3536110495936605,0.2877885253454221,0.32604427530989677,0.32752075015768967,0.313017531527274,0.3332929614391653,0.3146546148940261,0.3193962387928163,0.3180806538207164,0.2921497065051827,0.31426312717522353,0.24816889747659776,0.3107082768181074,0.34333983977933025,0.2768973814523276,0.336548658966609,0.2433917437894977,0.29963136015416797,0.3302016525126875,0.27593405074412647,0.2684861398806029,0.37161675493188906,0.30757899312065157,0.3258095371097966,0.3605754985675639,0.269865172299877,0.27906779374441915,0.29153051296933336,0.35577803687722104,0.3090882595122164,0.3025288314327281,0.3510584002156618,0.28308882069295693,0.3131839336635063,0.3603304835505867,0.24501251431364449,0.29690157212290086,0.27022075897506825,0.30956282340728536,0.28337619049747415,0.38312115441915773,0.2877018392724759,0.37251096600075473,0.24296433789075084,0.311047955026388,0.33087633634351016,0.33658705616147216,0.3106278004727429,0.3110854118852759,0.29430060120869117,0.24939355554315212,0.32051446332660777,0.2336432630547257,0.4283508668152729
0.2910069708101476,0.4083878673295174,0.33181959900522784,0.34805413971520777,0.2661092821013762,0.38055605276215115,0.3461173082897932,0.35118693636297693,0.29396739155773444,0.31766570258421534,0.3367220079572712,0.0,0.28655419018065065,0.22401293991444066,0.37957787660325537,0.31404761831421607,0.30394384581091644,0.27027425833730323,0.40855441133064985,0.3022695067696017,0.36427122176491855,0.3426428605414381,0.2933236201690964,0.36451353850372664,0.3739464909785178,0.26489554424924433,0.28093186629638134,0.27915115994060474,0.2937352243203217,0.29174150720892117,0.3616261210164615,0.32522338101983295,0.3791954107703278,0.32994563547324146,0.26833431725677015,0.3229957568541639,0.3160367744652412,0.28830494366448317,0.3935669391246891,0.3316897151119837,0.3548235956506831,0.297925974140147,0.2985073185672384,0.314601427800889,0.3386378960974661,0.32747017390830374,0.2766122403632786,0.30202890676559685,0.3063687899075992,0.28943578883730625,0.3620715134732632,0.31884803938708056,0.2589258891362028,0.378372994806736,0.3811558348797843,0.2785899288519578,0.3420204820695874,0.37230264129372753,0.2641758781742759,0.32807660225157886,0.28708748435641934,0.24282986903621037,0.29229233903321467,0.23028741354432097,0.2656471552309574,0.27005836687489543,0.2737994470312188,0.2691556782140093,0.22513646490489614,0.28180727417847684,0.29126466501776505,0.24422905217703475,0.23134029506594855,0.33709791317372056,0.30174083975711324,0.251484281116779,0.305362902020775,0.33575320009589366,0.28440806103083577,0.22387317570608808,0.2763756566691205,0.32942642991354454,0.35157475328445015,0.25266284713869924,0.29261175261002753,0.3545077642855165,0.2642068600174287,0.2554423861214508,0.3337449378388643,0.3075778885975765,0.2845995016939103,0.31674494195759784,0.32592056946630343,0.2927374359292352,0.26264407227783987,0.3814411835776824,0.2507079479968089,0.32231063493583934,0.22414416354150768,0.30605339656659086,0.26371417084941257,0.2826331780173376,0.2617659272918378,0.34799496824065423,0.27777272932891894,0.3265615794051022,0.30354304475345306,0.30299949219996686,0.30234633444037184,0.362120811996704,0.38871888711397123,0.27744723426934914,0.26110715667422024,0.2724320570529715,0.3032699029949718,0.3364246738245625,0.3025719502988646,0.3106494321666461,0.2895796276063961,0.23898824201599658,0.2729954183565406,0.258635324957624,0.2593043324719623,0.36266165877226364,0.22441273150574811,0.4120073297320372,0.24249268024247997,0.3728325842101338,0.35039242854951264,0.2723988745397033,0.2622201575555092,0.29861572937487985,0.24001158856260116,0.2951889382647995,0.31055227801565655,0.23554234123200782,0.32554750813339095,0.30059654646530565,0.32995504172382534,0.341661756401801,0.2772702830001899,0.2685417933785568,0.32364311460775774,0.28464078656980774,0.31110482850055005,0.2965513239321196,0.422586454888835,0.314657891018704,0.339259039754549,0.2376936712936676,0.3250780313143121,0.2963084484252335,0.29371472507981333,0.30647814017774777,0.4241549200049273,0.3009329356438417,0.3180228446634244,0.38574962993197154,0.2658635211988164,0.2559340997110185,0.23693960664677066,0.267258108584999,0.24794266732473497,0.3138939733866632
