0,1,2,3,4,5,6,7,8,9,10,11,12,13,14,15,16,17,18,19,20,21,22,23,24,25,26,27,28,29,30,31,32,33,34,35,36,37,38,39,40,41,42,43,44,45,46,47,48,49,50,51,52,53,54,55,56,57,58,59,60,61,62,63,64,65,66,67,68,69,70,71,72,73,74,75,76,77,78,79,80,81,82,83,84,85,86,87,88,89,90,91,92,93,94,95,96,97,98,99,100,101,102,103,104,105,106,107,108,109,110,111,112,113,114,115,116,117,118,119,120,121,122,123,124,125,126,127,128,129,130,131,132,133,134,135,136,137,138,139,140,141,142,143,144,145,146,147,148,149,150,151,152,153,154,155,156,157,158,159,160,161,162,163
0.0,0.8637061708123811,0.7874156905166809,0.7969546217833194,0.6843019722307524,0.9065697147879311,0.7610456338712202,0.821879196440709,0.9089311042631366,0.7761744852419531,0.801056665142771,0.7060833560347705,0.9581984349634156,0.828396043241741,0.8659968098927382,0.8662941370595636,0.8984421527427804,0.9270949817282478,0.8455001326427252,0.9633395873339083,0.8511268624461087,0.8293425498505245,0.6788091989002586,0.8544798570921305,0.8696766002823131,0.7540247852769554,0.6906805177066643,0.9052172531448848,0.7475381158919052,0.7977243933575182,0.8685000253829814,0.8991773547767447,0.8609710497334356,0.7452448822111085,0.8988138045831822,0.6983644462429832,0.8771944352713523,0.8596565840471002,0.7138633519918449,0.9344020896381873,0.8057733929527948,0.7808838077015038,0.8576084907038297,0.8836038560699301,0.8583720626456672,0.8819499889890934,0.7987789889555106,0.8282929316930308,0.8545125210140136,0.8465867762117802,0.8884239404484876,0.9109092515217904,0.8147041209955097,0.8197841869443612,0.7698089488052166,0.8491099147362043,0.9380734149665426,0.7483443597547993,0.9041016423292773,0.8150114211216192,0.8907523497526847,0.7402268192351926,0.9048320369876034,0.6707034465606972,0.8671793868318888,0.922684943920284,0.8297569747942699,0.908734475565268,0.8417509661160661,0.8509705412536411,0.9429807907478155,0.8635689966710483,0.8471262697275259,0.905747783579619,0.9070315392705763,0.9097281878062315,0.7628634089505661,0.7133081111592884,0.8714656541283154,0.8717649669237834,0.8974072363613871,0.8443951716385376,0.9317319920635623,0.9036313364154873,0.8714205668465018,0.9115645843348898,0.8036776775193278,0.8670069367110577,0.8888474032901837,0.7713627063806249,0.8075881166044194,0.7623760532424232,0.8198245886292,0.9422514599097901,0.9131841869532897,0.7999738659252801,0.83629451679938,0.790531920980347,0.6376577383696544,0.8988350071348694,0.8052719981643076,0.7283049576238816,0.723482502856967,0.728768729012204,0.8686920700140802,0.8853731396073947,0.8349912770288989,0.833331789454294,0.8510994669752057,0.8274812545918344,0.7650587687178819,0.7292918475808304,0.9090678254810572,0.7201738638838716,0.8930485335200322,0.9201173291278506,0.9097994493476621,0.7640102916695669,0.8210100587096747,0.6866162476534223,0.8421571108852235,0.7046403537948697,0.8377484615459206,0.9521540094934302,0.8562240889082331,0.8434243152259266,0.7179851486071653,0.7212726538106908,0.7797201531452246,0.8940461747826848,0.8517796686625241,0.8768913820583116,0.8430237396090963,0.756647100715731,0.8141605765139386,0.8995556721062197,0.9332616189452428,0.8860706393570971,0.8203709440994694,0.8095350798556544,0.9029690337052486,0.7676987852267706,0.8504949664843057,0.6931144771722616,0.7891262466248405,0.7858115006791498,0.818063211933205,0.8256827416464028,0.8260469175971777,0.6121683246553853,0.8965430019213003,0.8533836587733724,0.7578968718964719,0.7371518382018116,0.8215618574780087,0.8917002523977027,0.9028987916480591,0.9118116827113681,0.9182988175081304,0.8729987882474325,0.8153859021346515,0.9281640509906666,0.8805752363066913,0.8570047939122373
0.8637061708123811,0.0,0.8753199805056382,0.8031302845098227,0.7206881365227618,0.9511163565901743,0.7901799161309436,0.8125188405335562,0.8460868203202947,0.8835432888212517,0.7986523051943768,0.8158677805053552,0.892905193181373,0.8747116553119048,0.8224154308481704,0.8881186390884539,0.9195659755567568,0.795141583591143,0.86793944069722,0.9160431475737484,0.8807966625238822,0.8677002392551791,0.6751817041384671,0.8376338819198104,0.8631660804517102,0.6960508115902124,0.7048224347257799,0.856776668607388,0.9075310164820698,0.7792970354656265,0.8860435766113297,0.9308782340079852,0.9038547913464576,0.7740732928481076,0.9031256148610843,0.8257313572403862,0.7961276376255354,0.8639115557928304,0.797805759300721,0.9111137368202288,0.8926019870495563,0.8003217046597321,0.769410164402673,0.9010059318797916,0.8704229905844789,0.8153231964206961,0.8225665244714744,0.818695262553176,0.822970344152007,0.8641164921718709,0.8518776681823867,0.8773473756257503,0.8173306525598719,0.9127283710839165,0.8628894807912676,0.885409452682214,0.8686910273301601,0.7950795475006679,0.8953151908551865,0.8611878182240015,0.8698096491717827,0.7767673285555549,0.8248871104236057,0.7896300863225264,0.7910112069170566,0.818820480019063,0.7885974153965644,0.7821620370438266,0.7854800656565627,0.7524065933288645,0.838941199204587,0.8609664555734357,0.8077125984894874,0.8729804504073372,0.9168124077497571,0.8293407443592509,0.7488630371052113,0.8070719919559598,0.7832748649844831,0.8104264292092045,0.8619664011907046,0.7918266341909077,0.9118626568759627,0.8713906432917957,0.8469993446440364,0.9080380674120073,0.7306393789400758,0.7999914102871352,0.8480217881131517,0.7881603851103212,0.7696176437527443,0.8726011906999245,0.8921735833779646,0.8728834862857776,0.8912858791580434,0.8667183258086151,0.8669053206064973,0.8861480734893565,0.7080946305167172,0.8896963829486927,0.843847546099611,0.6978021294352607,0.6848358251348932,0.7979190970250611,0.8529363951664417,0.8428262774804106,0.8578751870527956,0.8480129204568803,0.8554728368593009,0.8535106689065314,0.8037184450113166,0.734368385083077,0.8468429097110524,0.7476400589882375,0.8329170403632309,0.8838311421804691,0.8784634839030789,0.7899884600400626,0.8994117739850322,0.7269037028591646,0.8472425514839524,0.6706246608513428,0.8205156712835167,0.895659079616845,0.8223404328830132,0.9155737939853137,0.7889306673388173,0.7871178446021747,0.9219545069836855,0.847497159390969,0.9079965490795546,0.8886572562857752,0.7619294146221458,0.7860876439872574,0.8294114880911401,0.8439610883551942,0.8893625548792363,0.8774330288691236,0.8248534864477749,0.7941416997287852,0.8409139273160217,0.8768268443047195,0.9026747531149886,0.817462528890735,0.8303276097343391,0.7449022490419729,0.8679414646309638,0.8295382534129084,0.9070229260916609,0.7334241834423735,0.7928844337340931,0.863722553671215,0.8010062395867836,0.8808142569523973,0.8579508139934553,0.7894282155101652,0.8074003913579308,0.8925612593247285,0.862274912397567,0.8101615269671241,0.7835632383813149,0.8762139063978451,0.940037755374058,0.7591215166086397
0.7874156905166809,0.8753199805056382,0.0,0.8075722480993368,0.7421695749194224,0.8832144274852032,0.7097769762192242,0.869417688217375,0.7889468865852995,0.9060531422990064,0.8313034899383445,0.828048808429371,0.8422344340514022,0.7139721082666376,0.8310136767242046,0.8788058534467068,0.8549758604963974,0.7775692861026888,0.859334240751996,0.8387531191155253,0.9113427678179483,0.9443337041373475,0.6393744494472473,0.8110296085506883,0.8766409129713537,0.6852120462588464,0.6831123517432144,0.7977284620724482,0.8274937076362802,0.7457723201943802,0.8246947117039196,0.8481366104459461,0.8352821276208033,0.6856255955171972,0.7597738607859831,0.755644232241962,0.7782676557796062,0.8067642527821195,0.8025408334846856,0.8041745892908038,0.8159036178730491,0.797217549596221,0.8227302279239258,0.8262033272377542,0.8355894059528588,0.7605663707460842,0.7217027222521942,0.8306505043978953,0.7614017655576375,0.8018080902414308,0.8143911639127099,0.7917538251505593,0.7172183043345258,0.9022676330915385,0.8343696213060856,0.7345887676791016,0.796037678278689,0.8504833730328655,0.8395753608250143,0.7349571090222629,0.8734948721649042,0.667266292081631,0.8292910892992207,0.6904259158571906,0.7455256835181655,0.7771015020371933,0.7377256117684131,0.7937034637948763,0.8577386434115575,0.8445951272060357,0.8062502457058657,0.7048202628991728,0.7360265878829858,0.8797659020255569,0.8846799435868536,0.7031141768023448,0.7679187680686245,0.7237701689801066,0.7561802974451054,0.6668247505958755,0.8049817195838948,0.7870966810500301,0.8524844711904918,0.8086990411895394,0.7528545214385467,0.8432878943561251,0.7636699685448749,0.7445294754713903,0.7520336167808639,0.7001294795101158,0.7526632119543127,0.7168562505793343,0.8108335816212257,0.745410699817226,0.777444890829791,0.8511619989460395,0.8299462546583636,0.788000126569128,0.5757227472345776,0.7575145566296442,0.700830371660894,0.7986140942525687,0.6989014614670298,0.8782282502064647,0.7698374255703272,0.7906816943493264,0.8428463654271758,0.8288495330225526,0.7637324617785022,0.8135756880532738,0.77616165753727,0.6767095636203155,0.770810733255571,0.7314021194652335,0.7317867074609248,0.7683913380517402,0.7564876622196446,0.8359259639058112,0.8901757877818929,0.6168637234574682,0.7199146441625249,0.6970372831375925,0.703659695556065,0.8040247138648945,0.6822007630488409,0.8815964058576437,0.6689027767574318,0.7441687492021857,0.8435541201424965,0.7944670636529901,0.8058192296455188,0.9175501891584623,0.6943700155099704,0.6807271284656525,0.867943077188696,0.7574706544169286,0.7950434940785224,0.7496179257792726,0.8818000093001318,0.8060598494084128,0.817885554328649,0.7507392920963741,0.7665010672938682,0.8127184118157832,0.7800413801074316,0.7001240550279834,0.8568205330786793,0.785888525865243,0.9163097277579497,0.6372270730038913,0.7649815025530333,0.7662672006371678,0.813405987749426,0.8856135520436654,0.9183888349407472,0.8129512787211303,0.766576229521985,0.8652065666785177,0.7247062465264306,0.6914072198985781,0.7416226965846335,0.7153565650309194,0.8715378159107238,0.7232964200658687
0.7969546217833194,0.8031302845098227,0.8075722480993368,0.0,0.772458185726013,0.8394166069566801,0.8106156866296941,0.8759694961715987,0.8283174906130388,0.7218716206978485,0.8683519236503249,0.8738226526269186,0.8203865930443993,0.7177487964951754,0.8088083905791628,0.8512352713375384,0.8399972390397451,0.7280396486879679,0.8853317533148046,0.8163846546878706,0.8998674865218025,0.8499371067632437,0.7183614558160952,0.8351150489485024,0.8120099079512315,0.7851581887458842,0.7645595974199576,0.8572227245389361,0.7079205941914138,0.7712622655517775,0.8500910894400099,0.8307859784386387,0.856559246869167,0.8125751295183373,0.7879349802828212,0.7772598581752133,0.8012104562240292,0.7920042298468488,0.8853433012861411,0.8516097518488922,0.7780577743283327,0.8021324172868651,0.7736120785360246,0.841408576816962,0.869222965220823,0.7503752744126115,0.6395409568016047,0.7974175128761608,0.8068108862688994,0.8015391966159229,0.8848664502193626,0.8037348809426382,0.6796032201043745,0.9292907024999287,0.8607819596864078,0.7156747230236404,0.8390901478712373,0.9001459097241311,0.7631525843207934,0.7832959449564739,0.8897257826160866,0.678968021271027,0.7958135488463283,0.6702316976575997,0.7164581301322064,0.757034557502044,0.8396816702129999,0.722723494043987,0.7342103138650977,0.834826347957195,0.8043983234791778,0.7004909006997899,0.8214077602087461,0.9243075053228241,0.8377340412024769,0.6822837459357264,0.9133958515219305,0.7564351402252631,0.7517381285147793,0.6780062531732539,0.6924087283737826,0.8889925917336156,0.7800628490651286,0.7572824586031109,0.8609944012396669,0.8222233382459179,0.8224294241063977,0.7700113438906072,0.7500565355447824,0.781918206708956,0.8600174669926682,0.7927744762859619,0.7938374995730815,0.7735271261983948,0.8479775389607683,0.7670571367279156,0.8183309403864691,0.7715804526562611,0.62194761986759,0.8162751212625312,0.7369480270148665,0.8453160392267289,0.8370901923307408,0.7066723098470227,0.7966194571072669,0.774903813960675,0.8295270683957988,0.7655093005963722,0.7171264181309195,0.7770297623005287,0.9076269047192952,0.8044394503552282,0.8050231011070932,0.8044006896444982,0.7369202497125004,0.8219058893394595,0.7152294704873347,0.7637126901973953,0.8217421042249976,0.668833023867155,0.7849197496413649,0.7626754579061662,0.7286439633621706,0.8268150836261202,0.691375939423823,0.8043289986249474,0.7422223940613494,0.814138641803078,0.7820124286942773,0.715651813699704,0.7349269732820347,0.8666558895914911,0.7804035848116396,0.8074974285031182,0.8493046593882373,0.6713874963865963,0.7242929963532424,0.7779103447849552,0.8137252601135637,0.8267719284610596,0.7357384930577796,0.7425245407230375,0.8577352129346905,0.8342115501457489,0.7826756465734286,0.7790919911220235,0.8729452010564012,0.690285298148212,0.7469408998245375,0.6352312008323553,0.8994874065040893,0.6840698037978843,0.8923349096417423,0.7356014258289009,0.8717335601185432,0.8253204724379007,0.8150180018977973,0.8645611118159165,0.7841108953597111,0.8073081719586206,0.6147958092365741,0.7204767335522331,0.7923291218065124,0.8345869295505152
0.6843019722307524,0.7206881365227618,0.7421695749194224,0.772458185726013,0.0,0.6748904263203495,0.8012640597760762,0.7101875534669729,0.7495246010177302,0.6971858823486021,0.7829188467529963,0.8284607569103233,0.6704157294590362,0.6567673431713253,0.7342187036274004,0.7573095226109737,0.7459127256622299,0.6703152558448842,0.772389073878468,0.7129423409146403,0.7669937540323837,0.787176672411138,0.7768659523294223,0.7336364767963411,0.7339448270542259,0.6591027836286055,0.7873342375817048,0.7332810522923198,0.710985529244675,0.8072746934011168,0.7490176665221404,0.7149094364219402,0.7126178059504941,0.7054282782415078,0.7310451491008293,0.7431693775092967,0.6748165172889627,0.7328587887958928,0.805812771341152,0.7400414386497716,0.7160184323149323,0.7611380574732908,0.7004406611753299,0.7378743040778603,0.7235005357402662,0.6393386215108829,0.6250812171030118,0.7002544561284888,0.7807721604728891,0.7344168954646914,0.7337152417806952,0.6613934241190641,0.6127444419191768,0.7643887716786955,0.782558940268608,0.622100362742756,0.7109189870810864,0.8287937329374135,0.7019715463402251,0.6949102162540529,0.6716170116091204,0.603586904568585,0.6576233647060402,0.7103018948201064,0.6321694225635959,0.6095497311123578,0.6504837995717196,0.6185023597462682,0.7237975374680023,0.70334703734222,0.6575067148909076,0.660493819515711,0.6736557058464661,0.7404774765448057,0.7070650223528577,0.5943456340575154,0.7355778513619827,0.7721408744062236,0.6324053723011669,0.5699302970910637,0.5873426979997634,0.7267743151855234,0.7013961217329953,0.6323866615692325,0.7170187321203935,0.7074859237656026,0.655200049762066,0.695664958490495,0.6389930221054,0.6476726665716086,0.8431960591587009,0.7244031377201396,0.7749779401757704,0.6369011179544213,0.718349081669214,0.7038800248896137,0.6528693064615738,0.6859076643968498,0.6263600315485985,0.6515686434195148,0.6608339816204094,0.6950670401538718,0.7391146581132807,0.7152612322281833,0.686000437473742,0.6594141643469116,0.6777425820825779,0.720369502571473,0.6506184032854857,0.6737185338629162,0.7713000454075192,0.7708357926348574,0.6233157660609945,0.7513028665477367,0.6295749907103753,0.6975346517371955,0.6289386742121349,0.7993642030498448,0.7039096448229791,0.6253098678627229,0.7784019752493674,0.6403866993971826,0.630483568122512,0.6869865017251596,0.6296916518397222,0.7117549171797192,0.6422434663747226,0.7193034552236071,0.7106402654313341,0.6567048327385212,0.696992133805279,0.7085154133940125,0.6320745893437933,0.6993289722997663,0.7234174925840542,0.614537234363454,0.6656283975198862,0.7412350366378354,0.7894435885768324,0.7714042230940471,0.6273929249513932,0.6973665050468538,0.7344720236130976,0.7948596872834588,0.7134390810231906,0.7436364979083793,0.7911310773427283,0.6116952114468382,0.7272806028992417,0.6400370041517098,0.7197520296221878,0.6364312870785709,0.8583494653892864,0.7580498099809562,0.7644177967049297,0.6658491844250166,0.672095292213642,0.6976465829587761,0.6765842144851119,0.6721224194090304,0.5566950835334922,0.6403257240973438,0.7127053615112572,0.743411480326335
0.9065697147879311,0.9511163565901743,0.8832144274852032,0.8394166069566801,0.6748904263203495,0.0,0.7446151524996492,0.8785550574278801,0.88530213775034,0.8523423342494659,0.8360174670752059,0.7872220169265886,0.96334636611506,0.8722584755525249,0.8253287357997239,0.9186591578871489,0.9056938425608003,0.8115560758711952,0.8411261725717051,0.927090055029037,0.8803693848110369,0.8760826832425703,0.6349856306238062,0.8309468181882385,0.8825006727735175,0.7679642584571106,0.7029043532812782,0.8653431133040382,0.8506732655291661,0.7624423911467442,0.9026700563708733,0.9400370346573989,0.9151432714269898,0.7672801303440729,0.8943811476378705,0.791955175669453,0.8774758820363725,0.8875501087584983,0.7888015012682463,0.8955369929762326,0.8449950298606794,0.803070353464577,0.8032553485512066,0.9216031807940356,0.9076009820976145,0.8270969101192353,0.7848187505123693,0.8731768802994225,0.8019464915270603,0.8431597538945217,0.8671098655842728,0.8963327368985595,0.7852900337009918,0.9088171726596832,0.8561738712716254,0.9060623628163217,0.8735906736380159,0.815590958707836,0.8601540256731175,0.8322370246074442,0.9532223798281684,0.7809143042670754,0.8761433972198721,0.7362876125435535,0.7874766970099997,0.8612075682499141,0.8670496451006375,0.8646279599346746,0.81259175897251,0.8391269678677262,0.9103844580555129,0.8428937456969181,0.8633734065583035,0.9126581838238583,0.9408398811948671,0.8397658438335398,0.7995966329486281,0.7826843927956877,0.8245424020136274,0.8529828712801107,0.8937113480739064,0.82391436849583,0.9324525327361319,0.9367170641238629,0.8616541237215943,0.936161028554971,0.833679160188616,0.816553465170236,0.8660859807724708,0.8379364124357213,0.7811558515425404,0.8278436503817855,0.8420715168768524,0.8803674083712536,0.9025174304488818,0.8961477823812116,0.8967766918868639,0.8696415750145435,0.6799020839192798,0.9100179692567064,0.8553961921134455,0.7589007940467063,0.7134639635547071,0.7705797083789352,0.8727185309867161,0.8724073367441297,0.8674682165406511,0.8460374731261805,0.8275723843224491,0.864687602204569,0.8015179886386172,0.7340792638922542,0.9359263938009261,0.7770802951392752,0.8542094932736279,0.8986452684760633,0.861449623956053,0.763392860780407,0.9088672544777365,0.7414103896177882,0.8235371158345601,0.7383283824183928,0.8400310115815983,0.9194711032542274,0.839656153458741,0.9225270886083355,0.7773559822807348,0.8079732544496413,0.8892960313720047,0.865894901366409,0.9000693361263735,0.9425604152495537,0.8473268044303015,0.8049011313159523,0.862316324239264,0.8429734373695257,0.8922260422360109,0.858567625674319,0.82527592410801,0.793505350453649,0.8887301107274943,0.8641317698453931,0.8649364483424679,0.7961024462309403,0.8577374258509126,0.7631495418122513,0.8788603649421293,0.8275795665444077,0.8813835963206719,0.6967415099398924,0.8564775402177592,0.8319508514206289,0.7658796266045734,0.8114765077795966,0.8708318562863698,0.8766228149156221,0.8562218465430758,0.9540745301027949,0.8881349387324231,0.8432004728986434,0.7868907157327599,0.8876811297838996,0.9384337341793187,0.7969163648482515
0.7610456338712202,0.7901799161309436,0.7097769762192242,0.8106156866296941,0.8012640597760762,0.7446151524996492,0.0,0.700268161741942,0.7318790581574175,0.7697423334926476,0.8100424627808405,0.8407755118021435,0.7493073257424375,0.6877731144511147,0.7839712358291332,0.7781218657125852,0.7796922574065333,0.7136358060652941,0.853063357176019,0.765713095853258,0.7821243136855213,0.7692967659581486,0.8490545570544147,0.8404361438362598,0.8299676723568973,0.650420973889836,0.7529851841676946,0.8267812127025693,0.7685276157720846,0.8174358005418664,0.8000554131769044,0.803222138585855,0.7502109703465698,0.792471409167647,0.7699215507870437,0.6860475093464575,0.7587369704020525,0.6959769489023934,0.8061267983426107,0.8468453469393927,0.7061636044256377,0.761892554143932,0.7108455194145192,0.8064759518572822,0.7502804924987708,0.7010501780203965,0.6445204794891701,0.7548578697366753,0.9269880216188457,0.7103504156141857,0.7921662319112994,0.6915192779632816,0.6603048719710918,0.8007914296413507,0.8229787794532791,0.6942740913034078,0.7748880835004888,0.7533732826926862,0.7905792173529544,0.7280684415000684,0.7377966750311205,0.6086983085922771,0.6692719398938871,0.6443550667140138,0.6800815757867597,0.6801608306817848,0.7338908087785568,0.6794113350461943,0.6686921638383064,0.7070312314351656,0.691590438382509,0.7069390106065355,0.6940146738903628,0.7956286959577351,0.7210565824044,0.719956209851741,0.8014150415913105,0.8178441632721198,0.654824388865748,0.7072537755986703,0.6571567036845422,0.7186834757715078,0.7882683904441501,0.662276026527335,0.7357710944968988,0.7053887071307726,0.685140425368494,0.737340221334224,0.7241103941116381,0.696088024689806,0.7482136351152664,0.7581987273027149,0.8045280326616262,0.7532213844970539,0.7465914459714663,0.7512315164250681,0.6659952254261181,0.7066647588593995,0.6014478220962094,0.7382047058110232,0.7414285419263359,0.7005894393923537,0.7074236549203718,0.7118546857965922,0.68365312049784,0.6820041981647306,0.7115582146060506,0.7557307894707149,0.7097175772832159,0.7845697261445113,0.8774878788910012,0.6877170365162203,0.7047680969259187,0.7136919635927212,0.6719820804656161,0.7416639283313543,0.7288541119811822,0.8560815791901272,0.7398139788016178,0.6073958789141412,0.7488441166608157,0.6020949244110472,0.6904060832578871,0.8239979248739537,0.691659067829596,0.7945589365041443,0.6314456659944435,0.7125773500044746,0.7280292444537718,0.6774294295951203,0.7017845233305948,0.694879893087239,0.7054084528187389,0.6901078216447587,0.7528721534395665,0.6740652770814511,0.7507311020219809,0.7705321553241081,0.7698175206836124,0.7914405259147256,0.700815442444614,0.7129168174375451,0.798981233943305,0.686601308681495,0.7527984428937196,0.7289233009623144,0.7281860873463075,0.6922168023654205,0.7507452222344421,0.5976570858844413,0.7880028416320892,0.7222063782661422,0.8032820884516728,0.7364039155429334,0.7997487910031957,0.7363587343088857,0.8189992595941252,0.8006585450620336,0.8076530459950997,0.809177912969984,0.6210991102830863,0.7406762234434422,0.7351305873539575,0.7832422869455958
0.821879196440709,0.8125188405335562,0.869417688217375,0.8759694961715987,0.7101875534669729,0.8785550574278801,0.700268161741942,0.0,0.8682926789159298,0.7777801090416613,0.8108629007524344,0.8164650337572145,0.8870600046416836,0.7585644834108539,0.8498691040203404,0.9150703776901035,0.8436056408612895,0.7874403535913932,0.8340551016624657,0.8433322499007536,0.8565660771127671,0.8364354544864461,0.6548879340055506,0.7525204697510215,0.8214258774233233,0.8121891507970046,0.7774123660892353,0.819632693486414,0.735843048281841,0.8081863072302901,0.9187583796918246,0.8908052217392708,0.9065321550001529,0.7557429678071406,0.7856537641935768,0.8151266343602546,0.8360112835387248,0.8917677369701195,0.8505620730511133,0.8106924964065297,0.8235554316601637,0.7086864730046962,0.8906502025024332,0.8235019652436479,0.942940858771636,0.836967358829681,0.7313763102637493,0.8060392826884115,0.7606028426696051,0.8657175675671334,0.8973888070792789,0.82308505054226,0.7212891167056117,0.8820345363260494,0.8748114772667356,0.7355247102738232,0.8459449030364087,0.9234352436863056,0.772743563569943,0.8258219151428139,0.9286727591614271,0.7777881574538067,0.8896907907701181,0.6958187414207343,0.7475915044420048,0.8231618104290307,0.805019088453505,0.8154479572732078,0.8656241545711573,0.930241745694965,0.8803380800747005,0.7640170749053702,0.7674064114139586,0.9243571931004556,0.9074589559963492,0.7415688426181071,0.8751952995970793,0.7497258186677768,0.8731077488429042,0.6864497168666882,0.7622739810781709,0.8571439995550655,0.8499297807723847,0.8743269369693392,0.8397655748120719,0.8995598971967323,0.8640375057548512,0.8659475455569189,0.8462456082531802,0.7724137488461342,0.8602276312121117,0.7861394756277219,0.8373759274583038,0.7836123373943156,0.8016311930288046,0.8284783452746847,0.8948894691604923,0.7826517722781262,0.6281613454207303,0.8522557121274217,0.7645794480894491,0.9264812097402786,0.8421374996066688,0.7802197804371318,0.8833776700420701,0.8883290245440671,0.9051406787673857,0.7599464931969739,0.7947825662237938,0.7268554602755513,0.7641555290437632,0.7761656605416727,0.8047526643002832,0.8247658685812622,0.824250863564665,0.823061306096696,0.754238953663172,0.7794848596058603,0.7854373194471221,0.6951256356576782,0.7789184816115359,0.8992867988934462,0.6971216098570275,0.847537799681074,0.6774491129481678,0.8825604569530348,0.7574796349127587,0.8800998577962373,0.8155186512282558,0.8471930235139239,0.8115857713450052,0.9307293542734699,0.8110764254738468,0.7368064081071019,0.8195272562831553,0.7316378440523278,0.802416423802848,0.8169730857837281,0.8521483710338034,0.9028426161747861,0.8247721956188573,0.7758547224888914,0.8037507863579063,0.8271563988257203,0.7892137555811098,0.7872101583978676,0.897257124166075,0.7896446149471509,0.8165688680993901,0.6536428840391701,0.8694126177416616,0.7405897410287573,0.7977510481367126,0.813714932414058,0.8811737977453021,0.8640667248535073,0.7638334538221209,0.890869517592344,0.7463804511855863,0.7947948736495855,0.6990669567817577,0.7304721496913097,0.8953637798617484,0.7332416588278768
0.9089311042631366,0.8460868203202947,0.7889468865852995,0.8283174906130388,0.7495246010177302,0.88530213775034,0.7318790581574175,0.8682926789159298,0.0,0.7272725623610568,0.808860165327623,0.7387985827751533,0.9001091795461129,0.8550281917778885,0.8292918445462926,0.8629094980221736,0.8462861989555664,0.8230686929941471,0.7871846503782062,0.8872946868495213,0.8146488477073599,0.8442418533965942,0.6436501530563188,0.7733226580102465,0.7973934342535743,0.7784915750670566,0.7589712450581789,0.8287334264499787,0.7325133155045086,0.8170872219097429,0.8939856849903807,0.8641404308199717,0.8762141644439669,0.7282733866126223,0.88893656887827,0.772083416910797,0.8482482494411431,0.9006448021918806,0.7744282547065402,0.8506420494801561,0.7974081778683215,0.794459363040336,0.7991341979684881,0.8539020103035877,0.8713530332430002,0.802054846313434,0.7498684631331519,0.7985308795869194,0.7778626189823218,0.8552134347257645,0.860547515919714,0.8496130524174765,0.757975166652158,0.8309753451723242,0.7981986779381466,0.841550584532761,0.8648266655222955,0.8227545129471314,0.7962229922424259,0.8246168342284531,0.8791637764208999,0.779751874191805,0.8542242214176774,0.7215671030745328,0.782072230584603,0.81575944326216,0.8405223636533199,0.8415758121177934,0.8235500844576279,0.8566255110903279,0.9170807426306082,0.8340330287447956,0.8582393555872784,0.8752572328587521,0.8931246868450068,0.7877200576153207,0.7927850156575812,0.7492867022301604,0.8098198351476902,0.7690932845205017,0.7858177923873001,0.8845131363768789,0.8898396579442943,0.871238230837066,0.8587023587775953,0.9149354863663742,0.8304282777956036,0.8517021624384096,0.8282154925416095,0.8382117775762317,0.8808132143169843,0.8236659035858049,0.816487058450517,0.8337144492397836,0.9204582319906748,0.8135309622380766,0.8546761136476659,0.7799014522749574,0.7028766589672041,0.8610028584266723,0.819030609333537,0.7548358622014518,0.7438034489131474,0.6890847706160489,0.8875128293797693,0.8419428577849625,0.8013443251317443,0.76855521328021,0.7803964599219629,0.7565997393567189,0.7475744155540746,0.7975038933300636,0.8698422717588455,0.8099500582802706,0.8361786470281085,0.8923907355723247,0.7858346529011604,0.7247756281210114,0.7710841130762234,0.765530965841432,0.8830952832708915,0.78610999247733,0.7793282820362493,0.866005895407246,0.8269252403944304,0.8127348354078404,0.7820966934468647,0.8076347135125802,0.771402692034176,0.8508736650546956,0.8791382489997459,0.892641977801777,0.8531083060523448,0.8436602243033645,0.80105288330112,0.8003369885043814,0.8281351371916349,0.869895407155954,0.7859055414586122,0.8114020830436761,0.8209368809661902,0.8141733425363901,0.863404240283494,0.8026657440234799,0.7987764551624056,0.7965760626318481,0.9175640654088868,0.7514003572233895,0.7736758838411145,0.6655313155375083,0.8784922378615101,0.7653109574209185,0.7880650722460111,0.7503307520950895,0.7840923689129975,0.8596838494645545,0.814977525368945,0.8624648108072172,0.8590080927713648,0.8320876603744468,0.7021021161115423,0.8463539469242022,0.8845879576026433,0.8424406686781254
0.7761744852419531,0.8835432888212517,0.9060531422990064,0.7218716206978485,0.6971858823486021,0.8523423342494659,0.7697423334926476,0.7777801090416613,0.7272725623610568,0.0,0.787381141472154,0.7972614472550497,0.8298553279238473,0.7282608927725835,0.8028173283703417,0.8571535960788195,0.8302701086424116,0.7780593137700609,0.831421241216442,0.8105384417544721,0.8099036129675643,0.8463403626234558,0.6893451670649499,0.7785511593438333,0.9072054672768873,0.6265817776092129,0.6909916450688098,0.7976797371892206,0.921717030087906,0.7799709484221962,0.8129028794010569,0.872210506379966,0.7962812496414522,0.688153456818838,0.7596291008140393,0.7143114042083537,0.7730786914872462,0.769039786563056,0.7431935149553384,0.8021444671726246,0.7777649311931851,0.7382941926086037,0.7908245615916362,0.810782427832208,0.7856455168020314,0.7531344281813819,0.7548145388151416,0.8077868735546861,0.8210073869613232,0.7472348314340788,0.7690770075626548,0.7338833313588816,0.7216172088180101,0.8168082650767198,0.8337630232651181,0.7464105363774385,0.7617693453028956,0.7688970680343216,0.8628578009307002,0.7250821361127264,0.800042396473847,0.658888799063679,0.7610078043364858,0.6827456415225609,0.7158901925154036,0.745612322477224,0.6901114276492848,0.7801090062488247,0.8262795152406162,0.7770166193895126,0.7402632137053671,0.7403686281014403,0.67139698893288,0.8069829485345819,0.8285953736940658,0.7709228317281015,0.7175278870409694,0.7731049630212324,0.7222466195452285,0.721624375963085,0.814655667065064,0.6740468433031843,0.8804858118202978,0.7895691700514265,0.6981478444216696,0.7809140003714325,0.7018696315218852,0.7526790732965308,0.7858754676939026,0.6586352022017214,0.6910338774884677,0.7123222820181487,0.8374732876135876,0.7524084523324857,0.7172875751871906,0.8726957643056019,0.7404012855182915,0.7690497363362387,0.5770157326029961,0.7478146790326495,0.7342792127140024,0.7223777607910276,0.6474545373948543,0.9115919573556704,0.7265475286450563,0.7571909915116436,0.7871117373514801,0.8364835787064091,0.787602962458985,0.8078901919888413,0.7415637210740227,0.612677354101981,0.734817674212042,0.7029730413176278,0.7263004225144108,0.7377244946305004,0.8044931104623878,0.8928018605129816,0.8426436546396157,0.6104295493566512,0.6875377771861841,0.635240244827687,0.6892818778453259,0.8233094772321319,0.6883551608060643,0.9241403148445313,0.6254159966121628,0.7053487108041271,0.8403744593595376,0.7955665069979617,0.8177741708809353,0.7990684172411314,0.6838736927225317,0.6189661626712085,0.7801943542451235,0.7718790191748086,0.8468055866724618,0.7561133923076985,0.8450325342267688,0.7902314915644933,0.8380737030936407,0.7614958807351455,0.7322320578455355,0.7098100058514356,0.7726012003137199,0.6766472751216154,0.741546549286591,0.8353119070756003,0.9498004225212978,0.6346538806641583,0.7105625456139498,0.8385912498882799,0.7255551833651178,0.8825191076795359,0.8759408712027618,0.7606068983078763,0.7671998037521044,0.8528671974810165,0.7573802939633301,0.7245740158259253,0.7942563645494536,0.7569656007604482,0.85886482780148,0.6713845778981772
0.801056665142771,0.7986523051943768,0.8313034899383445,0.8683519236503249,0.7829188467529963,0.8360174670752059,0.8100424627808405,0.8108629007524344,0.808860165327623,0.787381141472154,0.0,0.8768849588165922,0.8485545789551585,0.7266558257522747,0.7447199140790753,0.8947245156729856,0.8116581491264641,0.7018176114705553,0.8115958889878739,0.8304160542410612,0.8499898056868923,0.8874980152868215,0.7284857936300874,0.8644313195597354,0.9165580959161725,0.8035487641185883,0.7773418252341833,0.8472749388881617,0.7911288586098261,0.7593353906353882,0.8281370566410072,0.8217051630757716,0.7447996523688678,0.8025390359510469,0.8179259115748816,0.7207645559844202,0.9088087030757711,0.789053764066498,0.855024002564563,0.8187508581011739,0.6787013831924842,0.8855955246438094,0.7378456197682344,0.8915461667817878,0.8411540533900337,0.6645091529984868,0.5956426749445551,0.9382254484442643,0.868930296516131,0.7036190104296871,0.7651213541872828,0.715502684651053,0.5969884042185226,0.8523517533514648,0.8707576573828916,0.7523889451828081,0.758657904214757,0.8596287400333955,0.7480321818663245,0.6850506192849566,0.8686987228889015,0.6034066495354249,0.7146024904789957,0.6912655662650724,0.6398624502479084,0.6907029930749654,0.8893691192522214,0.7590639117394925,0.7500477838548187,0.8523100593700597,0.7629651145874311,0.6938250416955252,0.8534801953669722,0.8544153723129964,0.7833696495108817,0.6675758994634541,0.8951905873894,0.819407156458138,0.6785300970201413,0.7299113190795248,0.6846803267582866,0.75362413788459,0.7934871943382253,0.7606715605925787,0.7805203137961041,0.7875535479420444,0.8948980355676557,0.7046275079008103,0.6948747518534739,0.8119106932434257,0.7796303641682619,0.7067762936901197,0.7435230528268741,0.7156820257477134,0.7866121186955028,0.8587735901773138,0.7144696946140096,0.7691252058248514,0.6122141818609946,0.7310652647430461,0.7876750476211929,0.8048686842082934,0.7373236701530872,0.7212369624116758,0.7097837648200839,0.7096660005121078,0.7207096537762225,0.8595522524905321,0.6454827056381739,0.8854272801038157,0.9183164681200324,0.7558679036358789,0.8395551934218913,0.8442715610525465,0.6670513035999888,0.7642487856782312,0.6817257313300479,0.8505353023973385,0.8720396541106142,0.6681013526172771,0.7718888828316867,0.6772801760204614,0.7893409528251121,0.7895086189781126,0.7635077095711202,0.8272950897656958,0.6360909543691105,0.7796625288047412,0.791872936472687,0.694214820609267,0.7486618228355096,0.8201219690560567,0.8393473875438715,0.7882596789061099,0.9227412908252884,0.6658466162190356,0.7577174178045181,0.7565483466067827,0.8853604631242948,0.7572581202553346,0.7258855735530001,0.7866813502979132,0.7382610648251479,0.7750106000490792,0.9071350204131404,0.798580240202787,0.8106629002942297,0.6437471874849313,0.8199832774198921,0.6447892747369874,0.8885936252587546,0.6549214284936564,0.8224221627898737,0.7115215022611576,0.8776086876202579,0.8777276785262977,0.8929261239544957,0.8804084458597851,0.8256910331647338,0.7874559752528365,0.6010191601920643,0.7554346490107716,0.7647243279571232,0.9003592593602754
0.7060833560347705,0.8158677805053552,0.828048808429371,0.8738226526269186,0.8284607569103233,0.7872220169265886,0.8407755118021435,0.8164650337572145,0.7387985827751533,0.7972614472550497,0.8768849588165922,0.0,0.7584884046891084,0.7018111012903225,0.7427838952299087,0.870764886958903,0.8086287942632596,0.647898772843348,0.8474715715127108,0.7742316935191027,0.8521228157359663,0.8223486975557328,0.7928722659953816,0.8145448694873559,0.8439845602418974,0.7540645342383303,0.8164556565620311,0.8051704434850048,0.8149590138659908,0.7824743099656125,0.8447154687764811,0.819954401046101,0.7818026117402995,0.8615730033076179,0.7743645422232689,0.8329728233945327,0.7728065936325802,0.7762785048156405,0.9424784840800142,0.801789373794262,0.755272033009856,0.7832562980506074,0.725018267236605,0.8341435648441644,0.8605018446386464,0.6781026541997159,0.631071170908647,0.8141174220880586,0.8378350740602228,0.7472263427447222,0.778867808439953,0.7055230706638398,0.6102357354440752,0.8877802320104038,0.9304062351697349,0.6992689090263194,0.7428612314625576,0.91536887256159,0.7244985128122935,0.7485666510166028,0.7951137757052181,0.6418663664143304,0.6849514169736256,0.7564848241451922,0.6200132154609028,0.6521495148866234,0.7718105098480768,0.649002774181008,0.708546642521297,0.7541766925625165,0.6920530229387146,0.6890925356678559,0.7368389512455582,0.8258933980378064,0.7653098346384191,0.632545365571252,0.8696600417653483,0.8754120839009584,0.6814523599214145,0.637828742321406,0.6313838450230228,0.7335551760219339,0.7467501136961687,0.7095722244459908,0.7821821860263606,0.7754972462886877,0.7606147273346651,0.7066858756746887,0.7011461049609734,0.7615641890747095,0.789964588703949,0.7954383436370536,0.8078352166797643,0.6838072139743173,0.729665550149225,0.8198733983470191,0.7263508588434581,0.813230613217324,0.6455496266843879,0.7413904505362673,0.7576708646029108,0.8032610381113005,0.7942818365670947,0.7776802648383253,0.7210242387635556,0.7240955918364479,0.7696626737324279,0.8099761965075236,0.6825261503346518,0.7931765106616829,0.9157096994282826,0.7913830548541319,0.7132853785184827,0.8273297489923466,0.6642663399674535,0.7418931333304202,0.6704337054821164,0.854210113696609,0.8281409552456747,0.6653996335395975,0.7681686199563317,0.6907658747413975,0.7088107723800439,0.7550309016068854,0.6547961490884057,0.8435838153618372,0.6914531261095925,0.8543363175401179,0.8559488938189647,0.6767143501503853,0.7373161575050842,0.7819837679206622,0.721361286385188,0.7486103816697542,0.8401443232181147,0.6177965593891401,0.7252900722933611,0.7701218239039417,0.8785660291030478,0.8110960412816218,0.6688129816145648,0.7926608830353884,0.775823805626794,0.8483652886209773,0.8437289879686302,0.7993118606679037,0.8289427977219026,0.6546815168493202,0.8256012794400659,0.7109643497936702,0.8000822006898586,0.6523463586989697,0.8679093750249885,0.8262486689879974,0.902228941657854,0.7490909437610813,0.7482584099681566,0.8261901786125216,0.7245391035365091,0.7417595761282306,0.577787941807748,0.6801190523976542,0.7862029125922296,0.7493337246528992
