0,1,2,3,4,5,6,7,8,9,10,11,12,13,14,15,16,17,18,19,20,21,22,23,24,25,26,27,28,29,30,31,32,33,34,35,36,37,38,39,40,41,42,43,44,45,46,47,48,49,50,51,52,53,54,55,56,57,58,59,60,61,62,63,64,65,66,67,68,69,70,71,72,73,74,75,76,77,78,79,80,81,82,83,84,85,86,87,88,89,90,91,92,93,94,95,96,97,98,99,100,101,102,103,104,105,106,107,108,109,110,111,112,113,114,115,116,117,118,119,120,121,122,123,124,125,126,127,128,129,130,131,132,133,134,135,136,137,138,139,140,141,142,143,144,145,146,147,148,149,150,151,152,153,154,155,156,157,158,159,160,161,162,163
0.0,0.5725990552808312,0.5762770433308245,0.4864710222358114,0.48026979006343845,0.5328979026901329,0.4827377046208958,0.5621675692963441,0.5424657779985458,0.5758560361620917,0.5584205991349775,0.5026096715568381,0.6191243912925805,0.47302676744197314,0.4963974702381373,0.5779969929208926,0.5783938648931429,0.645197548572751,0.5564826228876922,0.6606718755479819,0.5763805768668651,0.5729420657700306,0.5150358017025577,0.49461534540612073,0.6224995563562584,0.4660949615276159,0.4580761868678686,0.5378119145823173,0.5149496211755542,0.4866989275386908,0.5244869012933079,0.5833996211530795,0.4742192936532835,0.4402259083985308,0.5944761368792852,0.46904380987383204,0.6048297787846673,0.55710581795678,0.45035980899199474,0.5323982282417539,0.4882935247741462,0.5335621280366488,0.5601319625056065,0.522987682129467,0.5345607915122991,0.5296876736509198,0.5035907160273705,0.5380773343599267,0.6113427389080488,0.5750640706438517,0.560567033965674,0.5736474926632003,0.4879841112267382,0.5350512099898133,0.515328481269683,0.5110203838656168,0.6367489256102271,0.5307528108811501,0.5274037413997603,0.5068450825724101,0.5415517368160707,0.4016217525156987,0.5833412583028047,0.4507823086705774,0.521218680581936,0.5149879943183868,0.4862142286297489,0.5345272632234493,0.5244542536078368,0.5990368072745824,0.601216378760401,0.5246983830640402,0.5149509630099899,0.581318689638555,0.5528554416187709,0.5235219780261479,0.48843449700325164,0.48658889334858685,0.47494821844042684,0.43459322494841673,0.5021639072482363,0.5649149554087296,0.5212003511016376,0.5037614126249094,0.5355166968061821,0.5782662371723535,0.5587583331011045,0.5283757838918444,0.5382174722638878,0.43857681889408207,0.5672527084709253,0.478999921007716,0.5659298441338659,0.5513576002074111,0.550700263801393,0.5162985364967604,0.4635801241181273,0.4991375107622763,0.4141172363998247,0.4988111560150351,0.44607871551492956,0.4963894264262059,0.4525150662275056,0.496777144162702,0.5560699764719091,0.5300397900455408,0.49617396179016016,0.5387655591480314,0.5158746882879406,0.5324522505614905,0.5122096967746627,0.5169988560617852,0.5373831632122937,0.4758168574424805,0.5143771773126091,0.5498938719739329,0.5676432209498845,0.6034353347561073,0.5116411523709162,0.4501433697142809,0.5339472342110338,0.479885600857578,0.5354575085860539,0.5416403557881974,0.523549770267853,0.5096072335135311,0.43427075515632707,0.44319984816935715,0.49729491239342144,0.5470189211967367,0.4931687213640519,0.5466800232814081,0.4840288492219986,0.4835641890999814,0.5333549708377944,0.49425447749446294,0.5091450459655152,0.5203900398895952,0.5181112552617166,0.5126120400319295,0.48611207081740115,0.4866628414364698,0.5682856974580955,0.49593471861562877,0.5212638192654065,0.47048476398498323,0.5284453451341452,0.4575433890167406,0.650815185181763,0.33313797331438477,0.5643583712087139,0.5076671522785455,0.5526742663536954,0.46454689503545105,0.5072321850327844,0.5410778198384716,0.5437730218219341,0.5049945836847399,0.4944701990108083,0.5198849532857235,0.47959707742985197,0.5817097519427366,0.4449308162841,0.5798526562242322
0.5725990552808312,0.0,0.5317773800023186,0.5230412522001497,0.4430955605193311,0.5955190154435627,0.4877443544048067,0.6534232832889902,0.5521911409274968,0.5901772688758432,0.502620027907828,0.5550134239427628,0.5861727871405942,0.496984830382835,0.5104660688051903,0.5417429591694884,0.5116866388045367,0.5001974103887209,0.5098870324839249,0.5323242583943655,0.5237926639517406,0.5301574300479914,0.47982286991470324,0.49521448147358677,0.5500313638974594,0.4673205064765387,0.4833852906315949,0.478811252926349,0.6243293305721827,0.4729712286674853,0.5943484992102867,0.5353049009320374,0.5924678722045134,0.44359206275424334,0.5492863511633859,0.5024918366354731,0.5838770611722506,0.5615001701054698,0.5100945535343946,0.5434043718216378,0.5624802435918597,0.48378740282227345,0.46148564811843656,0.5182818363968773,0.563262486280668,0.5305938015822033,0.4878805084701311,0.49110878321326035,0.5229615266620369,0.5103695439141681,0.5227450285688842,0.5463902828729251,0.4962650244686378,0.5771304372432048,0.5374671096497604,0.6089271800780359,0.5541504615494793,0.5283046890164093,0.45375132721847533,0.559924936518927,0.5952827133534225,0.43215604651961853,0.49624933620211975,0.4346372558095596,0.4553209097654209,0.46714391692368007,0.5176813766132822,0.49502141544943257,0.42224531528489195,0.5432668173290803,0.5708369164064824,0.5293559739443703,0.4493330964163537,0.5338061272878687,0.5359945923087059,0.5239407669127477,0.48475046727724225,0.5495618265100933,0.4810156442868964,0.4732742325379412,0.5064967415171504,0.5455900678980959,0.6107826536191829,0.5399390032757301,0.5018299337290657,0.6649772112846978,0.5352297287881993,0.4693266412919088,0.5836796267544906,0.5629707563336148,0.5030960946676452,0.5370444318532754,0.5567734216502391,0.5370773753753109,0.5323002179224144,0.6236087593220887,0.5011468355252486,0.5182268308131533,0.43222792625521883,0.5376385807555798,0.5153492348696445,0.4709580492389704,0.4246166230755064,0.4927081125150468,0.5293805549891997,0.5300116247362607,0.48919739287564107,0.5014683859140476,0.5467647884491067,0.5289578442942684,0.489401382320766,0.4862304383858525,0.5129351905146993,0.4986217208087568,0.5285379938077719,0.6022763512013874,0.5332470445990757,0.47546038985198746,0.46068600786524366,0.5048351324364397,0.5273997932302874,0.5446262121843077,0.48878520767367284,0.6030976442207701,0.5128799159473234,0.6246179891759316,0.44829443504443306,0.5439070948600133,0.5243081217662511,0.5530092325147193,0.5280887472720409,0.5250825176722113,0.541293567200906,0.5478847056971076,0.5043282811621994,0.4640242026661533,0.5161329526321021,0.545357141710053,0.4807581487711326,0.5355253678438188,0.5090144224864542,0.5049946509016255,0.6146027518398398,0.4925450378368385,0.5488809174699614,0.41877068461659694,0.5999929282471591,0.5252324685945579,0.5667148005020943,0.35425570280437463,0.5334213440799476,0.5315311383751813,0.4888156976592273,0.48862162137076565,0.5230896554230009,0.5520412185781272,0.5347179115101245,0.5721122370416579,0.5378178174051556,0.5025248106177646,0.4831581568035927,0.5844462247372445,0.4760156290954949,0.526305961939135
0.5762770433308245,0.5317773800023186,0.0,0.5186313273374357,0.5271636269040649,0.5166429407956091,0.5042528159149983,0.5490554541483968,0.4815059460314228,0.6264534158039469,0.5774578195038865,0.49450891317625134,0.612367684781553,0.4398847612780012,0.4711693436643009,0.6137651841042965,0.6091484036463615,0.5852912378032795,0.493729816278536,0.496247277924683,0.6030025008339175,0.6255881431066203,0.5290021467551713,0.4995974373024234,0.568194908713267,0.4897096269162702,0.4871144489388979,0.5187840551302835,0.5001892841173422,0.49503140576417476,0.4446083739630117,0.5330768607669898,0.4663297315767192,0.4109953187869578,0.4623512902449996,0.4347155375938998,0.5634300371484179,0.5034376511248563,0.4284360149266782,0.5802008458667244,0.46904919907019077,0.5917588517715693,0.5077974359213008,0.47323307393134345,0.4909451137657631,0.5031637610359384,0.4891464056865857,0.4967456244517524,0.5685711046252703,0.504687404712562,0.5520511421860718,0.547793163976103,0.44242935511848974,0.5309484579623911,0.4837718049702451,0.4955919074825842,0.549011193072418,0.5638923896541449,0.5012206074325366,0.4670522566482611,0.5232266297307561,0.3807647736441885,0.5419781352289881,0.40908485732823346,0.4563218546584876,0.46608339114653974,0.4874065347221273,0.5518555305332306,0.523841354794183,0.594832554785899,0.5494141656397948,0.443734990892522,0.48331261119641333,0.653177024885043,0.5314663257566429,0.4364439855111579,0.5476840813089514,0.5449698454965141,0.43385164709084056,0.4235111511405245,0.4894307965764025,0.5253096700187728,0.5411085114565051,0.46018509744589914,0.5044041978477359,0.5287164609889966,0.5076588548557897,0.47556821609054695,0.48635683565532184,0.4297653760424199,0.5992654893624281,0.43668578567691313,0.5196494146287237,0.4617592549043861,0.5410286250087866,0.48818984727330655,0.41608685168611365,0.4608998691647799,0.3763481075991891,0.47772028940644923,0.3972815114832766,0.5074623162906029,0.436252222275381,0.46853190707687087,0.47395320932219187,0.5321107584428032,0.4961908780133121,0.5451763707526897,0.5112570328821118,0.5275160260461342,0.5058361001859025,0.4817691397284895,0.5064850628964401,0.4840054611920186,0.4546993327835967,0.5843272647741244,0.48070161778585463,0.5417136480944629,0.5322426189636299,0.4337888220139324,0.49936085694291144,0.47924064084799856,0.46228712843095743,0.5357273360487486,0.43050880668169145,0.4857154209855372,0.4323904572884453,0.4419317959183565,0.4669454794058246,0.503301311342107,0.4785513435673302,0.5958001828101068,0.44731836281517756,0.4408814931972197,0.4722701322733241,0.42273245296820205,0.4423554706170664,0.4729649691357348,0.5050976152561693,0.48250981785319597,0.44189892146369475,0.45399409368705645,0.5444348668065582,0.4795747417159946,0.49242152424849595,0.44297311289562186,0.5101198965333199,0.4797652539057423,0.5588719037629734,0.32260586972646527,0.47123955791759314,0.45478086227425485,0.5456391531353105,0.5280434085932539,0.511745242614957,0.5080868148973031,0.5414577018858383,0.5622819022348502,0.44924880170512377,0.5108258063699195,0.48085421700697734,0.47060030635091865,0.4498744650127993,0.5573625005301046
0.4864710222358114,0.5230412522001497,0.5186313273374357,0.0,0.4538252422703744,0.4780372665926834,0.5548248873710423,0.526641391300041,0.4345912850545712,0.5624125810112821,0.5260423355582567,0.5101021363884104,0.4968310093684167,0.4433706770805026,0.4935470172607092,0.4823662906892901,0.48965137705411615,0.48342578443495143,0.5003070475086544,0.44236280713271825,0.5510893881412824,0.5030166071840558,0.5184947770887335,0.48253655866075135,0.5423710542109671,0.5139936812490311,0.466511778807449,0.46913733440090477,0.5358457799547297,0.4011294326843574,0.47859688685124774,0.47716329591831247,0.5871784789181057,0.43612410823754694,0.4825643991830346,0.4825593883551263,0.531993724227739,0.49258982030388115,0.47715163113263626,0.5759414089871567,0.5367080007179104,0.46933122479439254,0.46997047805892317,0.5333467803277754,0.4980695560861916,0.4735307779799873,0.4180108983042643,0.49574786014112054,0.5553947273768877,0.47251944180778077,0.5626939612597084,0.5242693406342394,0.4301061097646162,0.6545839803549492,0.5709428274927805,0.46188661603022546,0.5056284701304544,0.5111362165472217,0.49264458500943387,0.46543653821921555,0.5475544572284907,0.3820402096717092,0.4888012162681087,0.4130480525629791,0.44455900378541796,0.4481856291938751,0.5357781201249197,0.4718843235398695,0.4357912768549305,0.5349493006701745,0.5115417422673065,0.4663336920009974,0.47638814948482144,0.5794641238246612,0.4644071058256086,0.43669008014481353,0.5367985787995037,0.54133188068807,0.4470212628751408,0.4232007874870732,0.4681017949363946,0.5468000739775213,0.46853394404255444,0.4558047105248795,0.5245928392981423,0.49756206053868934,0.5185639257793275,0.4780262155621121,0.4753674147209306,0.4359135715641197,0.5399906255407007,0.4965550429151416,0.5159580261216663,0.45762685538353354,0.578305918557403,0.5323885149665029,0.43622069781080647,0.4919044354634303,0.3984123378696807,0.5008554698633793,0.44688814970519253,0.5131085151349287,0.5210620142136235,0.530248037036614,0.4835406634322099,0.4619706813288016,0.4856230869859387,0.47994129630546495,0.5031409579505264,0.4859488652786057,0.5743433942351556,0.5154771001111891,0.516422237853802,0.48641612619718744,0.4646691201633017,0.4855479665555593,0.4693412682530824,0.4796513853618625,0.548718610293402,0.4572290587462285,0.4738897647122485,0.5737268154183789,0.4496592495462276,0.5364844544202423,0.45223977994955483,0.5387796950909693,0.43366156707656167,0.44011758251843647,0.5037486015291766,0.5060175845296304,0.4105696873846579,0.483966254641234,0.46698592121893406,0.4857779725102454,0.49020641021381606,0.4132409346850555,0.39748402605044597,0.517078710009318,0.49669668594709293,0.500935140991912,0.5282445079969967,0.4395787797272021,0.5699954423067612,0.5182197241831241,0.5329910716633908,0.43573732149229055,0.47549107397380597,0.46745945218519774,0.5012570465760162,0.3192237189818681,0.5269075670424862,0.4834740829902082,0.4823617763483832,0.454589513348561,0.5542859109436513,0.5097701827022556,0.4790834392353996,0.5299376488590833,0.5849737608254756,0.5198619121968762,0.48129885746844,0.49453532056123406,0.4919393383097621,0.5178544942971012
0.48026979006343845,0.4430955605193311,0.5271636269040649,0.4538252422703744,0.0,0.4150204364360524,0.4934270515559931,0.4297941141084674,0.4526187129661197,0.44874359214760223,0.5375232000256203,0.47539784553958386,0.43652768622227645,0.3940047228837478,0.4632711675751994,0.48654052149108623,0.46755913296177043,0.470515823473618,0.44493977401477713,0.42872264007470706,0.5112763348401992,0.5622294538041992,0.4724240694852363,0.45992352960256944,0.4627506664017285,0.4442094280047335,0.42889125054283955,0.40907865190822146,0.4498172145836571,0.4761196862787689,0.4288672419319094,0.4366169640757044,0.4228072965903899,0.37042503402523574,0.4472680521540738,0.4236538233630229,0.4750815757474178,0.45740910583367544,0.4493506651583717,0.4692163641438621,0.4379589313972609,0.49955730259343495,0.4697052954892248,0.47729763149492227,0.41516523625175844,0.4086151571870281,0.43117566735587387,0.48117874930796206,0.5092194726400436,0.47357982293405704,0.49214104810723414,0.4523130150798261,0.3870202203368203,0.47780670315877216,0.46618540163224625,0.4121772202963215,0.4708219702213891,0.5201984333478855,0.4303301682858102,0.4123261349864487,0.4063862346755557,0.3511181130225743,0.4483070839703351,0.3997667992997868,0.4235378310775469,0.3836662179419926,0.4139184277210491,0.46368647660620615,0.44519969118319114,0.47122380803676844,0.48203084659662293,0.4137815924235553,0.4205510213884695,0.4870207989332275,0.42090789352235397,0.37154235019276677,0.471462716350513,0.5245520412531705,0.37857893009686394,0.37550001145522116,0.39730048333336077,0.4934217631651292,0.46865121293297285,0.37826460890718816,0.44407809980808116,0.44051044080957946,0.4328812866083249,0.4349809708289475,0.3878097256769813,0.38785982438346434,0.5945138059972271,0.41831952682981927,0.5079699977693763,0.3952045954491459,0.479156279537348,0.45038395838459766,0.3731218321572949,0.39921769373792493,0.37941375060407556,0.38715071238409343,0.38174631020195676,0.4390566210830634,0.41544006852163856,0.42434468632679845,0.42496623486525503,0.4240546814351344,0.4051061095857713,0.4285972374323012,0.4276245897859998,0.4425132665741352,0.4787734285944715,0.4774235901005124,0.40963888394478104,0.4291145586875829,0.39127921855255404,0.44867717519336703,0.3919835314428187,0.5372325114394814,0.43787607229166875,0.39417426744933853,0.535877262767653,0.42658839997409237,0.4029421021058245,0.46276563402177107,0.4210371159807552,0.4281136769488116,0.3854938165331922,0.41640552840323003,0.40274757162991,0.4460436621567077,0.4014193374632221,0.4729443071136878,0.3902020628899049,0.43703532477248286,0.44488421606229256,0.40791433122670645,0.3946671448773617,0.46146108150126686,0.43878696479042745,0.4606186923652441,0.38708771038583417,0.4218280266600154,0.47040167290157064,0.46646522145153435,0.46473123077965006,0.4183092741410356,0.5173242474474048,0.39417772111075133,0.45449335420223197,0.30855336449222165,0.44448690016968806,0.40414016585636087,0.5279923625719237,0.44755457225352513,0.44587797587999906,0.4387582510315557,0.4349951810283142,0.44885004322547745,0.42044100829032605,0.4406454755536922,0.37843466818988386,0.42362197335102386,0.40791025032260897,0.555244485742207
0.5328979026901329,0.5955190154435627,0.5166429407956091,0.4780372665926834,0.4150204364360524,0.0,0.434912395357727,0.5741112638639755,0.49185865245832544,0.5431657617839446,0.4770912609286746,0.5143934557614807,0.5594387447711879,0.4499501200566347,0.42432662470734256,0.5469717050690036,0.5126036112597119,0.45200304200920594,0.5007253947102173,0.48261753278470726,0.5148543283805547,0.46570835220331497,0.4248692519429562,0.43042747947325843,0.5276846324362999,0.44360060050870254,0.41218159376926394,0.46424794913032325,0.5342298968875182,0.4649979123063022,0.5017431537577802,0.5633631326505482,0.49203010651200707,0.43034084525929167,0.4776464493614572,0.4559694799365921,0.5422978929355705,0.5072293367278357,0.44491458028399705,0.45868122064563244,0.47879397140457386,0.4901301761614674,0.44215733823937675,0.49588983112674506,0.4833569245569106,0.47987225073644835,0.47602112066890867,0.4811074773713898,0.4652528165059081,0.46552900252752416,0.5001347203600329,0.5661156122765756,0.46659701374376183,0.5195977646612322,0.489287786969832,0.611674598429171,0.5171982739553338,0.5412919088753195,0.41749082826287903,0.4871804627689905,0.5781472840878494,0.4383706321618285,0.5239961006082754,0.40103718309771536,0.4279370660937206,0.4649569239682182,0.4653885815921274,0.47834989514192355,0.40276232122260963,0.5160402586962262,0.5275400862779164,0.4597081421153292,0.45824280688075764,0.5038952038519369,0.5441402099551448,0.5104482421445325,0.4677518219477989,0.5058831023755382,0.45061838458313996,0.5379851608968614,0.5624519158153073,0.49326780338041176,0.5469926288326644,0.5357962782064399,0.5032401333716682,0.549358905095617,0.5586674292108083,0.4399500392835144,0.5532666691427781,0.48418508759664175,0.4805909521817481,0.49239648536775094,0.4980324531466465,0.5183613893721576,0.49417301805550734,0.5525990689929454,0.48438274611949816,0.5145313137215627,0.4151439038089083,0.49997463393379354,0.45343531625131134,0.4612604160582181,0.4147960455541828,0.4587390928945435,0.506388978008372,0.5071425986313224,0.48954575794523675,0.4874846227996187,0.4732148933843757,0.5038224482024778,0.48115821179345053,0.4546801928442499,0.5511543525567625,0.480779844801066,0.4926182355353044,0.5489368647701236,0.551311290553592,0.43602377586849916,0.49049276062781183,0.4927250117985471,0.461883723066724,0.5259544696838753,0.5009094271241785,0.5575770015983482,0.4817710484309388,0.5497983004343348,0.4522090251381638,0.4742525999762151,0.5095851941090033,0.4581031110463655,0.5211991846731802,0.5719911312244116,0.510136977190843,0.5045018969903325,0.4520129413200616,0.4283843209907429,0.47400989301155777,0.440805473439402,0.40736593739859944,0.47441495937028877,0.4671276292614737,0.5086475621826241,0.5342837301686977,0.46659350968312996,0.5047934046980679,0.4033898451918104,0.515721629375766,0.499727451678823,0.5286497974164481,0.36002551110112274,0.48853517200804364,0.511566379800161,0.4367308276234528,0.4247188640582382,0.504028668446035,0.4886061405589258,0.47588849243930387,0.5707655879706942,0.4545023733731366,0.5253920035114281,0.4658393612661114,0.5729448393851878,0.4574324798629194,0.48405716576089347
0.4827377046208958,0.4877443544048067,0.5042528159149983,0.5548248873710423,0.4934270515559931,0.434912395357727,0.0,0.4643539488021409,0.4249497286144771,0.5434348997583301,0.46536794816426635,0.4903291228543657,0.47900691822864166,0.41748032569958443,0.5465386070154915,0.4451065720597744,0.43488559666423504,0.46449434915516913,0.440273788622964,0.4231506869037946,0.5196485759660178,0.5088071635154036,0.5108676315482598,0.5147333662758025,0.5202351274876044,0.5121310063319694,0.423997949248925,0.40016232122114864,0.4578397728620038,0.3916872281272042,0.4843839379764564,0.4780260133972772,0.505136064492408,0.4250711024738728,0.4593877972662563,0.45090323962103057,0.5602412179502726,0.4239220019237303,0.46084237746645174,0.565154520443634,0.4580714524336353,0.46869753740821113,0.4888924021865525,0.5260132749706595,0.499572008231352,0.4711827674381276,0.46987968980274475,0.5026508725721502,0.5975447611238227,0.4686838282242525,0.5767539348619134,0.47277543264296296,0.39649669312432567,0.5726550779444533,0.5276313670692989,0.46862640234034825,0.4656616034566714,0.44778211969259724,0.5265328848010702,0.4409856038254724,0.4659273603354847,0.3724777975506428,0.43695152144596583,0.39945372152448977,0.46056811598213826,0.43514895243150276,0.5569248670461977,0.5685938366603724,0.4196074664383748,0.4648041424891884,0.5483455448551648,0.4427245881925581,0.44402189454801577,0.570473752686717,0.39457233551494125,0.4295421800250069,0.5649941503992649,0.5630204944316969,0.40161652415544324,0.3890472723825669,0.42012903094951987,0.563632145436628,0.47868230825146557,0.3829383567264531,0.46335245214812487,0.4441892064877747,0.4705170655670007,0.5126991824582907,0.44124410731522434,0.44106670339623644,0.51428966123208,0.5190354111107581,0.48626573788363847,0.4279243115669607,0.5203596188932064,0.5336108646218163,0.40443468630465923,0.462353289838177,0.384951286991267,0.4904640543287744,0.4207538980112995,0.5180264067655103,0.518758578741645,0.48278083597643007,0.4378157131069153,0.45556326879430853,0.4528436680285031,0.42596653040524374,0.512315991439926,0.5188487531284712,0.5916303155476395,0.4816825889078368,0.4883812002873901,0.41009249452527485,0.4125531670032859,0.4350150914787568,0.4200291611768918,0.5236479251860613,0.4811613914584322,0.39994349005589874,0.4671560400938807,0.46462105576516505,0.41922837820940523,0.5335124258405265,0.42250490441396943,0.48863754605821896,0.4231903892747601,0.46078862891049294,0.4362431267285559,0.5068525145398386,0.38273556991406354,0.4360472056359552,0.40286989770197734,0.421986396898859,0.48016145600327836,0.41895201890163974,0.39523637272888135,0.5250793950705772,0.4667659275911864,0.4723111835045383,0.45266030833722093,0.4190092347719143,0.5636214395828827,0.4732446342956038,0.503614572676801,0.5012239759890397,0.48996184609716453,0.4373420227307914,0.47492352187536474,0.2882361167377361,0.48598245129168166,0.41767798227567965,0.44255800796778644,0.5595104601925773,0.49144087210850046,0.5179461190595793,0.4565217803362448,0.510667169282338,0.49810069415843844,0.48719152259875537,0.44443114340554196,0.43687521319415173,0.4442017980685076,0.4773075443543633
0.5621675692963441,0.6534232832889902,0.5490554541483968,0.526641391300041,0.4297941141084674,0.5741112638639755,0.4643539488021409,0.0,0.5450974306358266,0.63034983445028,0.4993739370622033,0.5884932852907899,0.5736405051678382,0.45030981526277564,0.47863983338992516,0.5724768163553815,0.5455441626860222,0.5182428227514416,0.5671389572439458,0.5513623311864132,0.5661933539778555,0.504205174601561,0.5251714184158149,0.4870688038937242,0.6164592443140423,0.47505412513731243,0.4934742131851697,0.5254464773827539,0.5319543821598453,0.49630322641867025,0.5631769437215247,0.5389596480614915,0.522853825393183,0.47158693062233276,0.5043773301652021,0.4799414909230415,0.5696103859045565,0.5744450546860386,0.4898733797601114,0.5285623596720799,0.5409775639868238,0.5107452677861313,0.4888504140794297,0.4871764224030776,0.5753955829303208,0.5618504673544348,0.4770123776937447,0.4712559248329203,0.5335610187915825,0.5015763755987438,0.5215033791748794,0.5577242318528729,0.47030905780087345,0.5418741322222321,0.5072677878956255,0.5926546510791839,0.5833566353660615,0.5771054992142957,0.4541923343442301,0.5320007407978034,0.5954526380940853,0.4135572037161796,0.5163320880547163,0.42586199643761585,0.45290901670520445,0.48851826919052804,0.5030799194075715,0.47932597562331963,0.4397912527375039,0.619026954116734,0.543605295242315,0.49642837144010843,0.4561013359241819,0.5522348220410904,0.5696742272616905,0.5095181342992314,0.4916429503718641,0.522496620634735,0.5282228955241238,0.46164594073625015,0.5218411865297012,0.5483035334181231,0.5776944789689011,0.551515476012306,0.5475567061695678,0.7169076456490527,0.5802449852209453,0.46793382589525,0.6288796342091,0.535820109265836,0.5096095686288734,0.5099669089095666,0.521365591530811,0.5234060518156831,0.5265827631855963,0.5661937519369663,0.490057838722084,0.5631482074565717,0.4092922956161641,0.5313751721604831,0.462766848805184,0.5207789190923753,0.4492180825976254,0.5420659111592893,0.529521472667507,0.5744923381388898,0.5328050809787188,0.5836950340501647,0.5335880864467962,0.5277127913001842,0.4975962576560445,0.5054738272679267,0.503098677055315,0.5457792934769962,0.5205806175345961,0.6115824987017308,0.5782699671191985,0.4905696215780897,0.4746532023874058,0.49032841146754436,0.4929509361638556,0.5930029636585783,0.5016988118345435,0.5822635215326901,0.4752444708251718,0.5807191526406725,0.4426974080515287,0.5038814062183877,0.5349639883789147,0.5216950433853672,0.5571774045476556,0.5660384488338599,0.533796956005732,0.5130219084234021,0.5048619501492495,0.4311670412266397,0.5190189248606667,0.49720733725387506,0.5083023648430716,0.5786025490752378,0.48266829363265423,0.4788849257402118,0.5924652853880414,0.4946418139350845,0.5427348767971377,0.4308793212173891,0.5614007364829369,0.5339645579987734,0.6464855326866037,0.3551365156924492,0.552476546592509,0.5232959160842464,0.5058192246914684,0.48292878340132045,0.5979325586047829,0.5653185349081951,0.5200048350612374,0.603150982901401,0.4746209068994376,0.49944396471334496,0.49518044811880285,0.5693229435060817,0.524203587376736,0.5235277298153833
0.5424657779985458,0.5521911409274968,0.4815059460314228,0.4345912850545712,0.4526187129661197,0.49185865245832544,0.4249497286144771,0.5450974306358266,0.0,0.5006026451006538,0.48804487845133676,0.49748946095748864,0.46831556987883705,0.4305842052530629,0.445468622188856,0.481451229394173,0.46013961082797045,0.48525079636872775,0.4880478074177679,0.49750949443163794,0.46730705947166973,0.5395811316230306,0.44147408991687487,0.41664905978989236,0.5069796282566768,0.3831974638662329,0.46367358930832797,0.4471417421497503,0.4695761797201571,0.5601135623149944,0.5165896071807717,0.46449865793517925,0.4321824282910007,0.3768060105264502,0.4940214627172414,0.42558538282221137,0.485462720640183,0.5175460044371527,0.4537008377370223,0.4257771460022152,0.4355502695437204,0.5461722115944366,0.42372780798476933,0.4351713658212788,0.4399744967889527,0.42255917903503815,0.41529269961561055,0.42516442084980893,0.4661949925529496,0.4596402816372666,0.44591688554740894,0.436627579984429,0.4371786379994624,0.4531635684626331,0.43907799930813474,0.5244702062329942,0.49067609739262213,0.5288379753966007,0.4127037837173475,0.44383608009601344,0.4664547820123622,0.375743633619276,0.4394993384930008,0.40626577028814975,0.4289504723624422,0.40073668965339687,0.4267060511280324,0.44240571565473025,0.42738698753830306,0.5604019674747506,0.4861535736354511,0.445778562108112,0.431661332602546,0.45258725978149367,0.5111720860149526,0.4274340479854101,0.4206588165617736,0.44945741160368285,0.3997742614584932,0.3964339767860902,0.43166984230571953,0.5285450249451097,0.5408385295603841,0.43849616350395015,0.4533765102057286,0.5348299520179854,0.5079152923482657,0.4340841433689321,0.4596216076616705,0.4807517580445844,0.492124411709059,0.46645222318260715,0.4811437239015032,0.4384044738532125,0.4876391644122672,0.5046454858834779,0.43420151560438636,0.4389984261202539,0.4063327351646706,0.41184214606600256,0.42277199903047874,0.42942787523221,0.38688269255767,0.4443610476752399,0.47119156494385095,0.4265938760144943,0.408032947310664,0.4727507760119702,0.4164404732199175,0.444922839674741,0.42725059093269874,0.4543023643711913,0.437414341607953,0.5172545812298641,0.41367722798605283,0.49307699284511497,0.45318819660149023,0.4793195757842246,0.39669935645713456,0.463681754902382,0.4773785732419322,0.4709457445822281,0.4281052534553412,0.47017571785957335,0.5043159123924206,0.449252590418242,0.3988296089424865,0.4300443174471057,0.41444451968405804,0.44528009861782547,0.5925586013250275,0.5010704866369039,0.4695184448403247,0.5287582521981659,0.45952759139519767,0.418869124057486,0.44429799284250765,0.4308411466204188,0.4225748821458341,0.5013919161105405,0.41936568975882754,0.459583138613154,0.5233911104172003,0.48749026487764063,0.46398044662119503,0.38977649503293704,0.5847545207097464,0.42523306714719256,0.5116440223050734,0.34043855189332234,0.48475910449670073,0.47194732606410583,0.5173746780314239,0.41834913445305205,0.45846346307682845,0.4901020949968425,0.46772328264771357,0.4583037618187734,0.4327081215273823,0.43167520502575274,0.395754099253789,0.5225373510392629,0.4527156998344048,0.5367793403778663
0.5758560361620917,0.5901772688758432,0.6264534158039469,0.5624125810112821,0.44874359214760223,0.5431657617839446,0.5434348997583301,0.63034983445028,0.5006026451006538,0.0,0.5083412686195726,0.5178585145655423,0.6189176742636269,0.45015676455358,0.4986058536397389,0.5431902529430117,0.5391188839949163,0.5664856807274598,0.5144673622962446,0.49982138205595955,0.5769291845300665,0.5503561115786721,0.5465430537920732,0.49813054047514577,0.6489330186707524,0.484674967711306,0.4868425031415185,0.508683499987302,0.5083922980068466,0.4633346999535321,0.4990321262544791,0.5583116159623234,0.5095900250394264,0.4411361903823932,0.4763596610524938,0.4470817608325968,0.6041918702087309,0.4977744505790015,0.4428196503353429,0.5853187202871533,0.4851661566858774,0.5577831922875117,0.503979466790786,0.4835870572424547,0.5412287979813157,0.55058236046781,0.49314057249141824,0.48122047438256477,0.5927159457027201,0.49073979494890485,0.5660299586213158,0.5381843639892628,0.45879311999490735,0.5551408175557375,0.5018258607181633,0.570316490460492,0.5467172142410658,0.5232167260703838,0.5300027851952291,0.4865024768071555,0.5844666057715168,0.39483695628005455,0.5138939709750109,0.40814842047352856,0.47460940382480626,0.5001660535123106,0.550222282088305,0.5722370243715272,0.4796177057324166,0.6179688780212408,0.5706826175372453,0.46828274891070437,0.48272596492199144,0.6476572084886316,0.5159757840973742,0.4991882720258478,0.5479155107254152,0.5363913690017237,0.4607154268301273,0.4386473182235201,0.5192116015532643,0.5681824992332567,0.5663825703586057,0.4763612989329554,0.5228243688423078,0.5546959532676764,0.5556183126950515,0.5096239625430767,0.5702389508486972,0.48004453901492844,0.5341055772397375,0.49709631728743914,0.5071253381179077,0.4933487064740484,0.5617831437190615,0.5520742025680238,0.44715480064469476,0.5186689341539756,0.3861202437220212,0.5472288050901639,0.4269849511614878,0.5471479940987342,0.4750490073205753,0.5307109247672295,0.49252041061882995,0.5403143816086105,0.5238446689714267,0.552053143269885,0.5504284894592401,0.5548353550630775,0.5275753776282953,0.4849402363746318,0.5513123219105243,0.49852588199510567,0.47250493816179,0.5547333411068072,0.5339056776107411,0.5269939685444344,0.5171910996831142,0.45266961951153906,0.4655983827679299,0.5318118482638861,0.47046449530606554,0.5854169585938654,0.44951724516166,0.5347325914391785,0.4462118945592388,0.45884590673828,0.48777439805391604,0.530350003042286,0.49598954501134357,0.5451024067637555,0.47454154576957064,0.45252356822100154,0.48812776414155584,0.4300009301624897,0.4557035160619487,0.48746555190647023,0.5067036163089786,0.5192906087205097,0.49715167222259515,0.4552429496738623,0.618077904993364,0.49018744958393795,0.5150127253061756,0.46068357222979134,0.5100448233148003,0.5311060461037341,0.6018535712563223,0.3183759219441575,0.5103107888100638,0.4965505493779841,0.4903040356321572,0.5453926326342252,0.5632878343927638,0.5742756294455368,0.5421270561985313,0.6116486974176583,0.4874696380788977,0.5286746194052139,0.5446387748384375,0.5121971480891134,0.5031731993812053,0.5150948630093738
0.5584205991349775,0.502620027907828,0.5774578195038865,0.5260423355582567,0.5375232000256203,0.4770912609286746,0.46536794816426635,0.4993739370622033,0.48804487845133676,0.5083412686195726,0.0,0.49737473003657645,0.5286745551133505,0.44819629060831084,0.44466920100082263,0.5865913461573135,0.5703561009176406,0.5287383648350045,0.5021463722942422,0.5072658146254688,0.5535581893850803,0.6040615413341636,0.5136580840291448,0.48052965916169527,0.5422067637744977,0.474233530115475,0.5007995899510727,0.5367837357224826,0.5411004838700855,0.4802013120572861,0.44593709118455044,0.4791352183282757,0.45037800546553347,0.40737025352544537,0.5124772424228018,0.44528682195039826,0.5485806818376715,0.5523311865266214,0.45796949791332003,0.5230770600749746,0.4651182664472833,0.548393422345097,0.4668934025131534,0.49905295916226766,0.45878533176379044,0.4308080774287966,0.4032212357363176,0.5393857272849493,0.5579883148458744,0.4819667236527152,0.4972508458799232,0.49620506747977683,0.41129727341959604,0.522591932345981,0.5104771167458325,0.44745580491919923,0.53401264651381,0.5810310171337939,0.4557288281677637,0.4437918639290321,0.5042240437393694,0.3602401828886667,0.4950794074044399,0.4299978029854168,0.42476961249341244,0.4185110082064471,0.4686692909549732,0.4587057617527535,0.49263216724235537,0.590227662367642,0.4950238339965353,0.4570701137663451,0.5030002287715747,0.5421880110049384,0.5208840213215695,0.406881491380996,0.5052826413503254,0.5171168629499048,0.41730597214845655,0.42516683134589506,0.4448288561311761,0.49797442694029187,0.47871957225399836,0.46722490902274244,0.5064971797275186,0.514791348447559,0.5365356277879855,0.4418923711381159,0.43503985281413904,0.4175561168979071,0.5979781424795525,0.4204798228738045,0.524104585415626,0.446464473323172,0.5433315686101613,0.4788582832321523,0.4028159252808699,0.43889180062894256,0.3965965174774472,0.4258336330505852,0.42692245910819077,0.4649616655674782,0.4240169566605036,0.4470897694099884,0.47175235236690155,0.4514629634884023,0.43776094520959435,0.5321215704175055,0.4385840290425935,0.4927908743823704,0.5087655715789305,0.5123477518234756,0.48579369368369846,0.5270730378263473,0.4393869339927681,0.533285425518625,0.4492729114786862,0.5439438853132471,0.5150105868259165,0.45523105806419956,0.5434209150343381,0.4723487891706324,0.4850774246559513,0.48716359973786255,0.4888299776530455,0.47251378428544144,0.40325126463407673,0.4207477672671094,0.4669811382632577,0.47081596041328866,0.453279316777254,0.5421361596786176,0.4992498339706758,0.5098750977161769,0.507535010981138,0.41733983469554237,0.42411156838240394,0.4786813966140449,0.5113867024497342,0.477465676208815,0.43622313214612257,0.46859603929165355,0.500215435099619,0.4995052304127751,0.5261847326900501,0.41489635744675735,0.49496653231151094,0.4160994708804577,0.5237194573040872,0.3416000245602177,0.5125169555063124,0.4493296948316448,0.6132276443714689,0.4221602850799075,0.4906305532517787,0.4904784587209582,0.5603288985548545,0.48734330095241984,0.49716148661968723,0.4994061356410085,0.4138170291385338,0.5066848669973661,0.4392864739931447,0.7131729749847201
0.5026096715568381,0.5550134239427628,0.49450891317625134,0.5101021363884104,0.47539784553958386,0.5143934557614807,0.4903291228543657,0.5884932852907899,0.49748946095748864,0.5178585145655423,0.49737473003657645,0.0,0.4743510629078865,0.3975793751770864,0.47828381383808516,0.5218112002537988,0.4806258431666068,0.443417437625588,0.5618334609081532,0.4917443307432542,0.5705051522145389,0.4768072800311302,0.5310066033308047,0.5260514943827866,0.5928086743464994,0.4960782314174526,0.4391678867693686,0.4510611816947475,0.4932666932775802,0.48707300271390336,0.5801899356361473,0.4775964767533317,0.4952144168232447,0.4961286082295472,0.48894171009567317,0.4707658747820164,0.56011525566861,0.5061532535060688,0.5444238691948903,0.48775247268432964,0.5237929388760743,0.49736194763138175,0.4771940752864997,0.5410476055731769,0.5281601249127638,0.4826954951879056,0.4585004133005618,0.5061818298583329,0.5284908173703742,0.46119319686217025,0.4982752859991191,0.5311217133043427,0.3969728761836663,0.5322971157058844,0.5055588816684566,0.5466045329330556,0.5195474677875213,0.5928800717677646,0.40992420850849803,0.46479559992527253,0.4819818179333057,0.3775192288501385,0.4586016906418425,0.4077978700493961,0.4179610406785096,0.42521459032388376,0.4681054293920353,0.4534192136998145,0.3884152710050429,0.5208634629017621,0.5076406566886463,0.4493374786545099,0.4214579700465608,0.4939482071149314,0.4558134605088308,0.44110263211816175,0.4736061112341418,0.5678253539511499,0.4827180951718807,0.4492604369348827,0.45686299101644745,0.5318293815741998,0.5501098952295594,0.45275602346852306,0.5134209421730768,0.5894513301193904,0.5414033116365544,0.4260243058840571,0.4885937858554022,0.5388071726134022,0.5032694542331044,0.5182511740246171,0.4915660947168981,0.45762202738144925,0.4755321739378283,0.6025443233450811,0.431380652133853,0.5712681177466659,0.40300830341630717,0.46128615701456654,0.4457778582444086,0.4898460650031036,0.46109952539717547,0.559508068850541,0.46366639466537707,0.5120292734726346,0.4664212546141603,0.5337206973313423,0.47441025775079526,0.5537822513974427,0.559794335384504,0.5121464375667697,0.4530370605480072,0.4797803645144977,0.4518501778468706,0.5241365340762244,0.48629883374621835,0.4895955566981957,0.46375152661782887,0.4467229244500004,0.5023524544945633,0.5282326615556824,0.4928445146236082,0.5664200661835064,0.45784015819287227,0.5615403070941514,0.40460037520097974,0.5170063540937407,0.5050706357480751,0.4606415197478552,0.47113571153036327,0.49707739051083794,0.46506330866678947,0.514937998699313,0.5139780340197697,0.4055440838479464,0.5076810967359058,0.4957898934596737,0.47634085137285126,0.5676633863615663,0.43093493262921057,0.4496974989714589,0.5278350672968843,0.4682907326158704,0.5680041653867723,0.44618988254363257,0.6150178555835079,0.4558457308770532,0.5787357971447317,0.3420073221040021,0.5667263391305237,0.4540269074042613,0.4786784424373598,0.46004005069089826,0.6419401845752475,0.5308096699216809,0.47345807208141616,0.6058540208024917,0.45292095834937834,0.46108306429666107,0.414924357361833,0.5216644751169638,0.4942923535271011,0.5458795231713919
