0,1,2,3,4,5,6,7,8,9,10,11,12,13,14,15,16,17,18,19,20,21,22,23,24,25,26,27,28,29,30,31,32,33,34,35,36,37,38,39,40,41,42,43,44,45,46,47,48,49,50,51,52,53,54,55,56,57,58,59,60,61,62,63,64,65,66,67,68,69,70,71,72,73,74,75,76,77,78,79,80,81,82,83,84,85,86,87,88,89,90,91,92,93,94,95,96,97,98,99,100,101,102,103,104,105,106,107,108,109,110,111,112,113,114,115,116,117,118,119,120,121,122,123,124,125,126,127,128,129,130,131,132,133,134,135,136,137,138,139,140,141,142,143,144,145,146,147,148,149,150,151,152,153,154,155,156,157,158,159,160,161,162,163
0.0,0.4993072556014119,0.4259609502841339,0.4298995466137212,0.462890811878569,0.4935238636728117,0.5168287593928383,0.5068767739964932,0.5726021020048616,0.4148020161196622,0.4983476843138518,0.43686845304489447,0.591433382989694,0.4857430461520199,0.542236460964815,0.5023746877182559,0.5502757289376574,0.6392650376821348,0.5014817788167292,0.5881237089712104,0.5490954467414804,0.5041337454809746,0.5361787702803184,0.5204119449315555,0.5429037176518234,0.5165843592132148,0.47608633648340737,0.5892646447933347,0.36269513291026423,0.48450277458159535,0.5775966018279919,0.5366049091973636,0.4350194390146726,0.5665095093599835,0.5828582387271569,0.44675391469424525,0.6276067167560793,0.5380977540154255,0.4713089865486432,0.5376461716708355,0.48018968420954,0.5618285243198007,0.527582014508781,0.48952352974901825,0.5608726112136221,0.5981156773564479,0.5060422995254975,0.45643023324864535,0.6108275942948469,0.5103465820165515,0.5587386363612474,0.5435071644972287,0.4786985228760744,0.46195903121453846,0.4218989832469876,0.5263093571121705,0.5840836986779652,0.49716761299816714,0.5048176978516703,0.5100958243640316,0.49439303866620615,0.4278566617294698,0.5025010621632283,0.41707081961030723,0.5101573755822123,0.5135923210642438,0.5811985214769235,0.6061187161087506,0.5073647799781501,0.5667779073833881,0.6766537055885539,0.4830328794378366,0.5151114629390506,0.5810636958591637,0.5513936932310193,0.6129153686554771,0.4890737005795657,0.49407244081478346,0.5758375785357148,0.47085230414763213,0.537158230527397,0.6357447870076703,0.5245736084374636,0.514845606171917,0.5094499790754331,0.6586164322018628,0.5400973729933711,0.5386322114333103,0.5996658258672424,0.49521572892240795,0.5592967414001306,0.5338699519913818,0.476370725158635,0.5492524510598669,0.5248147676391469,0.4518593278080426,0.443797540185597,0.5159833813086889,0.4295222334024723,0.5988515611479209,0.4750178937502817,0.4354075550419559,0.45612782628072357,0.38791937440542196,0.5151481098858647,0.5702006594157795,0.47128912321248956,0.5581139121086823,0.5508268378134179,0.5143326332223925,0.5153898702144822,0.5009203280902745,0.5859034866758257,0.5048120555846669,0.5243813613669035,0.5806375070252032,0.5827044846111763,0.43447256330815,0.4192286764248818,0.4987419550023211,0.49427873485087337,0.47270588799679913,0.5724107948488694,0.6536985364934148,0.5128790913566078,0.4437547303420973,0.470698862277565,0.45305912271028537,0.4328854722960259,0.5201072295463426,0.49095251894731223,0.506326886918908,0.48393393904462606,0.5599957751071101,0.4882967441053503,0.4809939063358638,0.5288442736193071,0.5461764538681882,0.4841799681691165,0.5667296385782957,0.4213366302463857,0.4668605165424893,0.6215385483511218,0.4652141110479644,0.5426451389241707,0.6146132872168211,0.5613902708672814,0.5196547379906074,0.47516207498364854,0.3536326060279367,0.6128204882907003,0.4882536322135644,0.5032227119982704,0.41847783007130757,0.5261891581352551,0.6280282247618562,0.544883987805071,0.5381805285598896,0.4398231986745082,0.509507528045207,0.49772041687909724,0.582277342455674,0.5006075388178893,0.6556987644383545
0.4993072556014119,0.0,0.5325199218170598,0.4128591615679978,0.4329537619610379,0.5442991013299757,0.5257163675783497,0.5149255980015875,0.4668281391821167,0.5794655095348145,0.4971814702427028,0.5601446820335193,0.5374516430929172,0.4451318548615331,0.5289705456649145,0.5027215140950981,0.5090035244856126,0.4692367570520194,0.5047256607850257,0.49310922194025225,0.4977693461045653,0.5814612719677021,0.5230249584006209,0.538316815696243,0.592555159279206,0.41788155337833083,0.4900024927718145,0.5238617808816951,0.46861826447941535,0.4643300521016165,0.5667157612783333,0.5229525612143415,0.45903133244595207,0.5336392814943562,0.5020702356007637,0.46576141310435343,0.5170221026934737,0.45516662622361526,0.48843435731671336,0.4987895896250465,0.4896718740234885,0.517863586179843,0.43229536129156526,0.45598895481144575,0.5713578546445685,0.47607265936175186,0.4956944350917315,0.4493599795869396,0.5386416009898884,0.4349576715310118,0.4508712038602613,0.45008807196871964,0.41590197474761315,0.4958703514290897,0.4521166932297385,0.5081427537027148,0.44015467019567767,0.5011495070169559,0.45805176043998,0.4655491978111554,0.467028424674467,0.3722716054919723,0.407634624498057,0.410859798632136,0.3917090888831674,0.39305419860179835,0.4662575354116233,0.473671327759553,0.4551768341207389,0.4772902938857164,0.4583098481284735,0.4110365861175536,0.40063614535768044,0.49840578139285774,0.5115461537238384,0.4577438555995345,0.4296513385956261,0.5073578842972669,0.4356175688037318,0.3811735845674629,0.4580029809883342,0.4553024299681946,0.5395427494329811,0.4577739952555323,0.3992548061280878,0.5813293403413969,0.4289285945443081,0.4209984481378135,0.5098576602857505,0.472544036409886,0.4442511448847183,0.5073348114411669,0.47569823773640346,0.41931059446677904,0.41380609212339836,0.5552203542991062,0.3978947177871764,0.544163054004781,0.3742343638456346,0.5107685277721997,0.43468009726472295,0.39319996753383996,0.38516995662418363,0.4531185040196017,0.41632499229183767,0.47835873209617613,0.4276740109554982,0.6091235321091272,0.5162045768939009,0.5884976782161324,0.49138326674230287,0.3967887048297073,0.44762852545644066,0.43350264707860275,0.4209966635412635,0.511960678337832,0.49161644077261074,0.46465255604680533,0.4379654361408264,0.43299441679055223,0.40669192573789975,0.3948080935366838,0.449091721101501,0.5280791509940559,0.39996181122854924,0.5538598094125013,0.4008881758843311,0.4910767202574897,0.5143307031873848,0.4509310991371371,0.5166493014491376,0.439292355518704,0.38437314525988053,0.43902806933009725,0.4758268628678615,0.39934588421517847,0.540657884696089,0.488220241650463,0.5224683158150539,0.47910752189339845,0.4127148627486798,0.45518348708763956,0.5117014019133663,0.42840376167771876,0.4908437662402129,0.48798494924331304,0.5380104190207957,0.516077834967155,0.6052459029175622,0.36982607482137714,0.43812438199864656,0.46219317719686576,0.4729077610556433,0.5062777326469121,0.5444111724013257,0.4860189449466076,0.4820765360362272,0.540253063197382,0.40642031905779236,0.39962057381402,0.4654461501931064,0.44692835182838325,0.4109041457996524,0.4536040818480749
0.4259609502841339,0.5325199218170598,0.0,0.3761684821171258,0.4551874332157577,0.49711180646772146,0.44566507012606416,0.4834549657746461,0.3894091060973099,0.5635295161936633,0.539832709227114,0.5270250624400215,0.5035047789225745,0.38076117537635823,0.4812967689153499,0.5690792815934227,0.5002698862159892,0.43001524125079593,0.4764659006699185,0.4401733313553174,0.5208362514817033,0.639754621094526,0.43860902224686055,0.507337673842833,0.5192553070393228,0.4093009015343609,0.42092496469122376,0.4505152842765224,0.4700805391679635,0.4406682880310842,0.4603637276315985,0.509413312293808,0.40080881821431186,0.4313267165967592,0.40114056395146974,0.427261339028574,0.4866408345850574,0.42743274524684644,0.5196158319561087,0.44652361397241763,0.44255081448590433,0.4547350213518287,0.4660558088915799,0.43237550161739424,0.48669731111567155,0.4407071457105831,0.4436598404489062,0.5010728811711281,0.47952158601949446,0.4210678800287219,0.44159427287844766,0.40983765276635864,0.37811950966171,0.48887104750739885,0.46544516547912207,0.40182430311512685,0.4189692732501776,0.5156030634523483,0.42733602363536216,0.41259058500372886,0.46794868514518606,0.3501827333609711,0.4162362424306577,0.3778141834475591,0.3744774775377931,0.3846828862023282,0.41678689344384556,0.4733893133727352,0.46513518117901137,0.4697424958048627,0.4367821961739728,0.3667553741553877,0.36476735549713574,0.4997691835755463,0.4875258809605326,0.39021499681825284,0.4679246868798958,0.5003096963399818,0.4085095051558665,0.36785792280384083,0.45052466095350685,0.4067917519313817,0.4925421119857901,0.4259613004777402,0.37412250939838293,0.47027747444279777,0.41684408834106595,0.3913217868575034,0.426443897010825,0.39019170490295696,0.41915641948653753,0.39546785241795557,0.4745857352741993,0.38247321374631305,0.38029998308396407,0.4820345468963285,0.3906598113623943,0.4220904284113954,0.32917093484983356,0.41309994063926353,0.3870917182529985,0.4441855358156553,0.355181654896428,0.4179546518808899,0.3797603763196887,0.45917743336178046,0.446129724577158,0.49327111256766243,0.46669273750042034,0.548796023089414,0.465448461032038,0.371964421563089,0.401657166202832,0.40811603451778783,0.37941808957415285,0.42692927118377577,0.41208169356855506,0.5350191034120289,0.43471772586148627,0.3598548595989877,0.39400864676682806,0.37581986492192665,0.3888369843344296,0.48435323080250464,0.35164065404912925,0.5584044889605573,0.3636862486011668,0.47601503211518587,0.47421416320711196,0.4287721579256945,0.4173444649862387,0.4785245700850066,0.36122346864494964,0.3752553129100184,0.493083839269689,0.3893392888937615,0.4751309476214365,0.4186799749845869,0.49646097913205334,0.4671146684740758,0.37633638776674033,0.4309158044738244,0.42232006703020813,0.41176075657364536,0.4752377101461374,0.40786750205746636,0.48403089078127126,0.5251044732561893,0.564741639037928,0.34896927777775855,0.3955309543049456,0.41486474798697515,0.47096349435615326,0.4926815989528301,0.5025002537252027,0.45827529722980204,0.4570870035585951,0.5014737582601727,0.3481376846486439,0.37934650950080206,0.43652347078783693,0.3762246432905541,0.3859459235356605,0.41712170293183504
0.4298995466137212,0.4128591615679978,0.3761684821171258,0.0,0.4005633850963452,0.4345438026415753,0.5047821218745712,0.41073699154438625,0.3626873563226037,0.3760213776917367,0.46395364766092856,0.4140289544711632,0.4028289576171197,0.397882207513075,0.46885119886760457,0.3835639419868506,0.430589185532611,0.4249845713950988,0.48066482703415997,0.36869369125004375,0.44836553349413105,0.4043380775871886,0.4481958238693332,0.4088554417110658,0.4407087467621401,0.4637837136923679,0.40029468268105234,0.4805480153400166,0.37566757352848396,0.3447545112144181,0.43191055885233337,0.3973054972147401,0.6401246579228195,0.46165803930510607,0.472929245892243,0.4492106673695587,0.42209291376392466,0.4190550707132406,0.411270975130634,0.4534322538284211,0.5478584941948046,0.39166917566675974,0.41247637534674997,0.5212323136528998,0.4190437944402201,0.4006346685571001,0.3623045105841276,0.4138160711845929,0.45289200373448174,0.3962048232444438,0.48894387576759707,0.5187089471362547,0.39378048727457815,0.5393609472738482,0.45009083521236976,0.36244080626349023,0.4109426107792646,0.46885929016706,0.4125271371576811,0.39398646758396183,0.42964400791485213,0.3512125803683205,0.46925678064491533,0.35328427605301777,0.3810509997387629,0.3784375381653958,0.42089799488263396,0.3899742469416155,0.40824082848683074,0.4535003632178184,0.41615509969581715,0.38214944871257966,0.43015815125961643,0.45943170502597275,0.43034966743166203,0.3963264998585197,0.39905444314459754,0.42361679697373444,0.44637676196239673,0.3675493712079479,0.42955842398295796,0.4619228844093235,0.3706371121981979,0.4319697306570434,0.42335264684766344,0.4266674867983246,0.4184340860885904,0.416421133331167,0.41565237646903225,0.34325263121523186,0.5036995772436554,0.47565525806017817,0.43328710188144803,0.39330928702771417,0.4392531849089575,0.4330032781591916,0.36742556599075793,0.46890562193644225,0.36617319347565214,0.4678176500891952,0.39276144206292835,0.3691913424153823,0.547417704038803,0.4467675245005491,0.4331655762934221,0.38157390631465277,0.39027055103555097,0.4287991763459923,0.4275020047600532,0.37879035412814716,0.539019792305277,0.42068385763142946,0.467748257719986,0.39857329541235964,0.4578282011494529,0.42182747002501625,0.447117442326172,0.35363481272190506,0.5137047123372542,0.4461241735762818,0.37026566420094514,0.49606774794234015,0.40478069246438153,0.4601964905878807,0.38527923399583003,0.4478120883782713,0.38779099669028466,0.35568314946552165,0.4525097124952095,0.39778413063849055,0.3449601716396046,0.3787849652755677,0.3679838319730707,0.46751415279883357,0.38819956217052687,0.3588863642483607,0.34613987007559355,0.47506419253224774,0.41219811425555164,0.41649476027583626,0.5676485881042275,0.3665717484671181,0.4513121032192992,0.42310269202411627,0.4259575668260859,0.45427957275319275,0.39588450313276924,0.40269956316731476,0.3844803226942075,0.31284533299384065,0.48240278801848896,0.46882599617115195,0.39928058648330494,0.329853600008287,0.5136078550901241,0.39812625881008323,0.3776787814190538,0.4388223910361798,0.5711023199741493,0.43234456455470777,0.4335810183825251,0.44250011479054324,0.39001923051934717,0.45461347654170003
0.462890811878569,0.4329537619610379,0.4551874332157577,0.4005633850963452,0.0,0.4321105927460353,0.5270450284265455,0.4001989963675305,0.4022222269758399,0.39241012537505865,0.48836974313054066,0.4489723807781126,0.4399312527304639,0.3863059780836947,0.5031818821102275,0.48564906846945466,0.4955037772184562,0.4572322210052622,0.44663150012772296,0.41188939869952723,0.5358422180254515,0.49158473033657885,0.4780260159074326,0.513886178305552,0.44716852521253875,0.49331544193897536,0.40337540699873037,0.4260683266544579,0.37841798517387615,0.47193047406947625,0.44116814019123085,0.4462928342885501,0.41509770834203175,0.43547148579864225,0.42976940493991045,0.4204145198251198,0.47326687166177195,0.4407803430533631,0.47366199811702786,0.48249343706668146,0.48172888624692006,0.4710384376656099,0.4884165163422605,0.494474098036712,0.4255856374754039,0.4533426720118202,0.5089052675924697,0.4635651006482841,0.5080521679602045,0.44818390417851967,0.5073468387005804,0.48923680074599124,0.39824906768396645,0.45291673098114477,0.4204372326094952,0.40650871561270935,0.4575401849634164,0.5132477745699071,0.4162657966036954,0.420603156169905,0.3870121073878686,0.37343748468904836,0.4493550305244416,0.3738192378887427,0.41210680501434743,0.3909876960342132,0.4127474376141111,0.49935397901889217,0.43146340060720156,0.430631828712676,0.4892546658788175,0.39105603369390507,0.38785746811681965,0.49051881401173353,0.43024558763280973,0.4061819234952368,0.45594312310060064,0.6107271056392208,0.4349313159103021,0.42441348755098784,0.45716418785039,0.4600209063269319,0.48933518765874723,0.3979853898924795,0.4192196189925652,0.4600138817809598,0.3948224151172152,0.4187207481665643,0.4119844151291854,0.38474514933447135,0.5506004000249699,0.4307010215165622,0.48854941708412974,0.40491544684403336,0.42696909852190407,0.42781985722795834,0.36257833104947595,0.41964298430821284,0.37124519733032135,0.4186666540898757,0.3896549272825915,0.39014602094413464,0.4051995938297425,0.38081451348289963,0.40266805411030493,0.4745519101860675,0.41692636129844085,0.448689244738489,0.49207055996829585,0.46041270954892155,0.49963329440039705,0.43363817958051765,0.41027873290914635,0.40662513718726295,0.41719215811851956,0.46801666896077615,0.42359113418635114,0.43304780738238713,0.4185412230147861,0.39336224929581565,0.4842578260853545,0.40207093779014225,0.41677007432445456,0.5563027265111599,0.3872957601281417,0.44150455128789934,0.393623819125016,0.4315015585492985,0.40901359025126455,0.43870174550553925,0.3883955937954221,0.46065351716736846,0.3629879710605265,0.4272417976583285,0.4145869452616515,0.41947195983606594,0.44563329438803323,0.485302564712777,0.42375633382874967,0.48361923671948975,0.36931757853397384,0.4156660608764103,0.45686645653698826,0.41507611732573296,0.4818108411699363,0.4677163317837548,0.5200336712425837,0.4793184831558956,0.42360973309429556,0.3342047136941166,0.42672389454093324,0.42342409353145316,0.4566651971934512,0.42416457148428294,0.4880686959528936,0.43329446288829676,0.4206670652598893,0.5082396829293391,0.3788818964743421,0.43218177406567015,0.42238974356810627,0.41670202886028873,0.41662589482586454,0.521671722724924
0.4935238636728117,0.5442991013299757,0.49711180646772146,0.4345438026415753,0.4321105927460353,0.0,0.480015182337449,0.5033319078798167,0.4317534652098934,0.47749322579283054,0.5119252541859229,0.5651409920854776,0.5055650430494474,0.40013591530157466,0.4665893437356066,0.5002994959530656,0.49217017145359654,0.42659565393966753,0.5381453781929676,0.43904375530922884,0.509899836071799,0.4922269732035818,0.44016190101369174,0.460756630750647,0.5691589456444183,0.4342208614947026,0.4003892564814641,0.48981967080309263,0.4245388544297135,0.449809069055794,0.5331143282493628,0.5313620807676516,0.4662500271992166,0.5235971671903349,0.471178002216334,0.4483346687541775,0.5264767931254865,0.4362627736730831,0.4626473507567875,0.4283362259440376,0.4665139335263234,0.4984880841137446,0.4451196328707337,0.5129008726355302,0.492071036385752,0.43617614107316466,0.4653335381424927,0.49282863002308086,0.4740973639462226,0.4138899623268275,0.47061406445712173,0.5079802058976932,0.3911605061584875,0.5098734650831127,0.455718973934033,0.4770980015921722,0.43009096389936036,0.5930722433946655,0.4036734677728264,0.4177089037487324,0.479589985038414,0.37779593011315665,0.4647122870726551,0.36950256504892826,0.37918374324506887,0.3938556198199953,0.4295159855306598,0.4753105658029302,0.42188089344004553,0.497742761528568,0.46350896857347756,0.3776863063614143,0.41273974461061197,0.48367059960659303,0.5079499229796197,0.4428978403721075,0.4287219358891812,0.4869794625537389,0.43716170271418187,0.41400066006165726,0.49920200444958357,0.45525906209616873,0.49290821003595964,0.4676880066392225,0.40769921342970267,0.5069432898234311,0.48244957490040274,0.40803884897784704,0.4782470608946705,0.4189472404573217,0.4647286082155446,0.49753680027173963,0.4548510294244808,0.4132951820848099,0.4013650498288846,0.5685175555700837,0.3987674952350025,0.5562646838923773,0.36586813967712367,0.4769395279299761,0.4051435166502678,0.4051192584959693,0.41104567887978055,0.45589057055858506,0.4230844558213004,0.45561744533306675,0.42405188354469026,0.5300793249579353,0.44529489632236313,0.5215871459087498,0.5449176119823576,0.3934403842975535,0.493160440386248,0.41430618511834,0.42427775082707253,0.47704352733676725,0.49398667040897914,0.4191885838157196,0.49552768018992005,0.4334318653954809,0.3843174966189933,0.4292179189371812,0.4563954716939118,0.5332252316339338,0.3929646798918637,0.5504923918801764,0.39695156860185055,0.4515469031346226,0.5052514458012893,0.40037523911260087,0.45666578836419885,0.45976797168456995,0.38143144550819075,0.4477476544742196,0.4437201935229813,0.38065825747973897,0.4744631487041779,0.43115206896355035,0.417859257789013,0.4503250282716636,0.43208623174530925,0.4426363638857882,0.4634421774518633,0.41861440440915304,0.475696247920861,0.48641945590954744,0.5110641569918793,0.47017111344361556,0.5131209880759547,0.3575880852862616,0.45912118971122273,0.4576024388028203,0.42006282904810666,0.39811755908717755,0.575346458898071,0.4562757560938725,0.4324135863041175,0.5747158711939272,0.3984888680074641,0.4224096863674376,0.43170463135193776,0.45565766312898176,0.39213428139484985,0.45639137630724713
0.5168287593928383,0.5257163675783497,0.44566507012606416,0.5047821218745712,0.5270450284265455,0.480015182337449,0.0,0.450515248670203,0.44742046102480953,0.45547850588513616,0.49628271120601475,0.5093573081535989,0.4701629351868255,0.41529214036880174,0.6090990818106093,0.4474314338597698,0.48683359164180395,0.49741085247812294,0.5016627240046027,0.4244413267935217,0.5102906530457485,0.5079539082448901,0.6293840876066674,0.5573253959121889,0.5499546353356685,0.48248319931824196,0.47480100424473953,0.5069439863127679,0.4039489720618226,0.460874441357882,0.5173387266728116,0.4493681561168056,0.532732603405202,0.5175949657173893,0.5042834101708565,0.4374312256852591,0.5124934973808118,0.44178353160121975,0.45132146032336207,0.5464239113669669,0.5390307519046706,0.5242546836582548,0.4498058544222317,0.5214886818098875,0.48154732809236866,0.46836426947950427,0.49002465086488767,0.44047173817744684,0.5818358817251904,0.42205309781097067,0.5022990936504658,0.5204766447529687,0.40593687343248874,0.4971879875206637,0.43193354065416306,0.4703621083254674,0.44577483090678954,0.5228749297641138,0.447200511461161,0.42895776708228456,0.41523871955511543,0.3578296913266417,0.43459508276642483,0.3725693460260222,0.4032229564225825,0.3871375491415088,0.4577065211705548,0.49701808874999065,0.4397854338152113,0.48548068000300987,0.4765014315105567,0.4020543437476869,0.4105157730114821,0.505981527664552,0.4496855988407354,0.4460846271528719,0.4276951052324814,0.5668687664089753,0.45303875395895626,0.3987230739500626,0.4604485732565603,0.5054420236063082,0.5200396433833759,0.42254066491878245,0.42145362991213403,0.5236531625761891,0.4204331297888509,0.4341672110456734,0.47151248598658707,0.431038357196631,0.5512149130414989,0.5412793787898391,0.46739755215247636,0.41082105208389774,0.44403752375067496,0.5281858186099845,0.3594046930917205,0.5363990204865822,0.374431328899885,0.5018813336393408,0.4070731388972755,0.3768082553457564,0.4610389678426585,0.4736028485155037,0.41652935470788177,0.4586484276882708,0.40139586201112076,0.5580368571530604,0.5193157351858011,0.49612273610396357,0.5618975152331824,0.4264803227163427,0.4547768544695447,0.42251093451707594,0.4398871317018425,0.534305302099748,0.4878895192059969,0.416453639802398,0.45757385948370805,0.4492067442130602,0.42102572354667506,0.4352519304218293,0.4389703037125001,0.5976052624565954,0.4033876203071199,0.49376995996312506,0.39482794328599213,0.4247800673185497,0.44931660984954064,0.4430057664862802,0.4363298430186911,0.4145362155330027,0.3727988923069701,0.46460935564316425,0.41894013348843756,0.3924133782927927,0.45863260643643944,0.5483650328239849,0.47464086631869057,0.48549597685288953,0.4532581570485401,0.4011908834237091,0.5246649331353364,0.41868491620711873,0.4789877387014547,0.5665983075128304,0.5252124927800196,0.4876149659172047,0.467279830262371,0.324493396688295,0.47347972548848627,0.4754463732213548,0.4451537141290057,0.4375220258165791,0.6127445633770952,0.4676753128019705,0.4527930429322896,0.5932505014205767,0.47503711300588136,0.4314947524081228,0.4709231035102827,0.4695888918984205,0.4290891828262306,0.5366929813635535
0.5068767739964932,0.5149255980015875,0.4834549657746461,0.41073699154438625,0.4001989963675305,0.5033319078798167,0.450515248670203,0.0,0.5126966443698057,0.4708499355465971,0.4783775397032019,0.4999518627455899,0.5626671512130377,0.4192556701210807,0.5103258439859558,0.5099198060843934,0.47639817933468587,0.4814542720019783,0.4833962334772407,0.4905948685018045,0.47952686171863723,0.5169846036087068,0.47983064934539127,0.4556071119312292,0.5431846378765977,0.43987646526562374,0.5150364777200638,0.5172338174749277,0.3748721865220252,0.4762420081464839,0.6057463770852227,0.5273434154854058,0.4319772085374876,0.5217461325421197,0.455148225298369,0.4475046074815092,0.5564893051634191,0.47361580903695755,0.4945502365503391,0.4503875372381253,0.43750325849091726,0.4812765592324582,0.4817233119197504,0.41751718497616497,0.6623891547930382,0.5128565740646044,0.4414697197216498,0.42724047802387105,0.49265326240414276,0.4456342905903854,0.4680966251926528,0.4308084303348946,0.3952096789673313,0.45873527326887864,0.4363220476178184,0.46493868094981516,0.4528888789509616,0.5381868310411754,0.4307944379866809,0.46661645320516987,0.5355386779764769,0.3917656236318178,0.4387280723814836,0.3863150694033016,0.39820370039916947,0.4234354136402844,0.4963082226181964,0.5009267583398588,0.49152689356963847,0.6395309410878702,0.4967552244335307,0.399690309212938,0.41097310287295774,0.5254596886185698,0.5395114394957534,0.4468990506530703,0.4812874399991539,0.4499655345273078,0.4922323930095666,0.3625074115291508,0.43187417208873563,0.4970388132844782,0.49936837545171053,0.4805934996185661,0.4122536172526248,0.5905718144156024,0.5423863089806407,0.46121647183814024,0.5614273596347797,0.4849220534159773,0.4559514969931936,0.477312131252443,0.4426284055321586,0.41573234624823546,0.4117611796150732,0.4861701902502572,0.4360827733514307,0.48505292106241976,0.36209903251564296,0.5182732573479805,0.41830621705793847,0.49925529081393005,0.40444522724430776,0.4128713916916383,0.44648893095802433,0.513959365948017,0.4589455671925845,0.5215767864707253,0.47649260578526353,0.4704370304519407,0.4555786536502662,0.40971153119588904,0.4591498363175142,0.4735108268331471,0.4308674892626067,0.4843439308619716,0.45209379285898205,0.44589838552384686,0.39144576696026584,0.4322468289593809,0.39451268030806647,0.47554535979064366,0.41618786506507016,0.5040975500958751,0.38070437741798197,0.48646863222837755,0.4118618279020388,0.5391465970951209,0.4413038201094164,0.45403978546177554,0.49903445308784383,0.4681955478564599,0.4273923928823286,0.4355231408778376,0.4739701908793568,0.3778534172525086,0.4828805291938375,0.44790171951344254,0.5002469922277606,0.5300533146152114,0.4011886657878727,0.43101230931473694,0.492627741440633,0.43563983622340907,0.46930745691390985,0.5015881769996764,0.5372539484548392,0.49487318231571237,0.5097507144974652,0.3470005333134868,0.48730804214872525,0.41853099103853175,0.47010300183296816,0.45178154170335283,0.5188623904475351,0.5642528136036499,0.4695096383715143,0.5153712122632406,0.374436007398941,0.4107107920884384,0.4264331319488834,0.4200620732298294,0.4219604640645923,0.4457784022838953
0.5726021020048616,0.4668281391821167,0.3894091060973099,0.3626873563226037,0.4022222269758399,0.4317534652098934,0.44742046102480953,0.5126966443698057,0.0,0.3976880801894493,0.40070438947839476,0.424677054715775,0.4870866911319688,0.4128569656109922,0.4666645724140275,0.4322148610981095,0.4359336181007466,0.4960592398226626,0.4249144114513507,0.5083209260164185,0.4381817464566927,0.45098640098234505,0.4906838644663593,0.4447175772652824,0.4848027361420434,0.4088948799066992,0.47530010141641227,0.4644844634106263,0.32204064840268243,0.5359482988555483,0.5564775695809416,0.45889211571732896,0.37293177769803454,0.49073276214695877,0.46308471458679423,0.38775618893080915,0.5086093472129138,0.4425644624865546,0.4140562663418636,0.43278541938105175,0.39058277450677975,0.5674818941264835,0.4283849956189263,0.3848922256318554,0.5187379077569455,0.5015685591969576,0.4831823546641781,0.36942805174647286,0.4817665012473872,0.4265680288623574,0.4303488590491345,0.4163909793992678,0.39618330178028216,0.3796800777615287,0.357157391161313,0.5905733752932891,0.45423095694274507,0.4416316542410809,0.41642503080240567,0.4463333073684282,0.4133502709446591,0.3832869393361417,0.3893515973171993,0.3762945002066974,0.4183260582244752,0.4138061349283982,0.483573716611433,0.5095986757146261,0.4302023429848283,0.49778895285443114,0.5089510023114718,0.40609215070690563,0.41509488642454256,0.4564515999643673,0.455575583794204,0.47884414218189497,0.41377532796970534,0.4246896521750715,0.45168173847743465,0.37347067917412635,0.41073844080688277,0.535854346587927,0.5264406802199314,0.41210961447351707,0.41585586463336616,0.5847849397708795,0.4679192333111184,0.45288773296500745,0.5351100319909127,0.6083736801513194,0.4473369928575025,0.5035202734245099,0.3932034340869498,0.4248683584357183,0.42097931648264514,0.423593375349822,0.3914900891365082,0.47681744681618493,0.3847170994406997,0.4958324699716956,0.3993540111119291,0.3968587608317611,0.3865942162956721,0.3621646602171963,0.4260511529347559,0.501053552752956,0.4004073970875559,0.5077796642395618,0.4514838091649318,0.4587949839639773,0.41331969079658276,0.41706497393739855,0.4417220681027891,0.45504861143127523,0.4072472619936952,0.5119146249156807,0.45884023677306207,0.39568974479466795,0.3428224992836665,0.4443312476194792,0.411275825770894,0.4121019452383195,0.4459258721255125,0.491089316268133,0.4183337718840127,0.38409211884009514,0.4176861252140421,0.4576783335431235,0.3697375194006103,0.43009915829416207,0.6003784152977709,0.4299790638433611,0.4137813060372454,0.45797007338744244,0.41727794255664874,0.386130546258864,0.5126304502827874,0.43589620394854584,0.42751023371337915,0.4972060577253445,0.35026038262201514,0.40984978336978906,0.5300040596942456,0.4043990091395548,0.4357657537196696,0.5599597654806534,0.5707943081520955,0.44192065926624885,0.44487498136804093,0.3308766456600952,0.4742698136337649,0.39488948302547433,0.4401299443707117,0.44024949344730196,0.4523708269749039,0.5497086407691651,0.45780926415461054,0.4778744713059923,0.3583383518661407,0.4002467738185529,0.398850120204986,0.4531233125517983,0.44671834529030596,0.4806967509375756
0.4148020161196622,0.5794655095348145,0.5635295161936633,0.3760213776917367,0.39241012537505865,0.47749322579283054,0.45547850588513616,0.4708499355465971,0.3976880801894493,0.0,0.465703294306451,0.5298230966506691,0.46087821839074006,0.38217079129264264,0.4580566408503489,0.4681477320231273,0.4462817726516744,0.41834869271365727,0.4689819210686252,0.42326552476198837,0.4475641069810306,0.5246156879132505,0.46458706845439834,0.4492423012610375,0.5845778968851557,0.3689943639108672,0.4380302353762384,0.45296931202489293,0.4985061044580614,0.42472253723521275,0.4794540428532174,0.4788962859508436,0.4024524049877358,0.44015079919039024,0.4136180470156409,0.4152986771357057,0.4568175784032069,0.40720492379356515,0.4464277133629597,0.42062641601729583,0.42346724671282887,0.45346377146910655,0.4134680727628152,0.4095599134139314,0.4741501193682057,0.41082753973725317,0.42450801594102056,0.43238828901684534,0.47813287511959673,0.38352665779474554,0.39999634705147297,0.3808676794059384,0.3647380053840913,0.44620262540655287,0.43922895386009186,0.4238739772668377,0.38448677392602093,0.4650361681298487,0.42716303930367266,0.39084570845269556,0.4282863267965442,0.3321605996734698,0.3723214968387185,0.37650154161549004,0.35347337529205985,0.35717516231953467,0.4019027883664167,0.42906268428046285,0.4466105480041261,0.45641296285097765,0.39383837294027146,0.36512438714172946,0.35637540306367516,0.4402691218932308,0.4541415507519589,0.4009881268258768,0.39866022492086983,0.45242043715406915,0.3864409397454468,0.344478304135209,0.42453336037671385,0.3895458257831891,0.470024874329411,0.41125204498160456,0.3594059158652117,0.4589730870841717,0.4005997370985093,0.3852366217454236,0.4407827675522475,0.39255324952983367,0.3912427104420647,0.4227320492917449,0.43633336967763314,0.3620935102996064,0.3677120623319924,0.5350701576550327,0.36108617420166716,0.4659328121156272,0.32944844284888847,0.4149971513911992,0.38493414913597024,0.3931500189618091,0.3608957472897419,0.4909372339348308,0.3684801107863613,0.4116483914830688,0.39874712949167973,0.5427496470743097,0.43968071726669805,0.5108207666854414,0.43907236122776405,0.3557177621952693,0.39123108620060026,0.4053021736030562,0.3636341430143848,0.4063268494936995,0.4314835709529433,0.5037789078531452,0.42143341621026054,0.37228795053723224,0.35456574496777643,0.36669569281935943,0.3809028177324343,0.44585221746198045,0.3524908891959426,0.5533412335844355,0.3485257126503598,0.4225376312442512,0.4829109232731492,0.40594127925506346,0.45339374854015946,0.4050380818872642,0.34703922947218435,0.36623203138667315,0.4433958929915593,0.3627166003164773,0.4645373958954617,0.40703037357593186,0.4923525297945764,0.4429389608559955,0.3971514865010573,0.41180734039097167,0.4193135339617884,0.397726117852315,0.44550813346761975,0.4194481273779352,0.4394346376344566,0.4862647574437925,0.6659247548105909,0.3432586323286666,0.38479549601289204,0.43575680753649615,0.4192881879451919,0.47340578064249483,0.5146478438472096,0.4352039570633205,0.4195686316627029,0.4728030643143181,0.3611798217911263,0.3603212976595194,0.4479193479799904,0.38895794406230433,0.3874208786764859,0.3866125984867175
0.4983476843138518,0.4971814702427028,0.539832709227114,0.46395364766092856,0.48836974313054066,0.5119252541859229,0.49628271120601475,0.4783775397032019,0.40070438947839476,0.465703294306451,0.0,0.48234200585921216,0.5458916404914436,0.4514139131899905,0.5222219120387526,0.5813292187513122,0.5739830177451104,0.49163426259689186,0.5375009474164816,0.4818512890274391,0.6077096304268914,0.5829819369983396,0.4717196317061072,0.5175256551758094,0.5431356587684912,0.5213891126774587,0.4405471216347147,0.541497357352524,0.4719744665263507,0.4083857336435463,0.4996905864303998,0.5483962445702778,0.4644937356548785,0.4996546542231147,0.5042555342692107,0.5089638991746397,0.5752630470431699,0.5228168925904989,0.602146719501939,0.5145555879983291,0.5304101338100309,0.45376256924808406,0.5486325157164954,0.5803329215488997,0.5172428817439501,0.4698389674146581,0.41805242658418534,0.6868842010653262,0.5781923142062441,0.48676122283150974,0.5570944655016233,0.49300372833178246,0.4250134421683065,0.6209180547116661,0.5898001510865821,0.3978295186295736,0.4979931109276139,0.5601418860424717,0.49574868573632813,0.45717661200939363,0.5645083941322835,0.39147725751200635,0.5197917422462162,0.4262753378818789,0.4327894011268401,0.4463180910601403,0.5025373906730918,0.5003881523794795,0.5311114475550252,0.5393830075619865,0.514760065730704,0.4371741877730304,0.46150831744797927,0.6005467108294872,0.5508323812769876,0.44825802417083316,0.5553933687165976,0.5390458594322775,0.48969678223565805,0.438986244952146,0.527471837009336,0.47517706326292736,0.4496543387962801,0.524656809771752,0.4571283897570245,0.5016413053277546,0.5125357959761967,0.4669712371785254,0.459937493918243,0.38629235525437333,0.5170366493046065,0.44200636992951464,0.565967771601152,0.45561686778333244,0.47058238002438285,0.4848033574470208,0.4400493083327087,0.45581430838938647,0.3867927078214749,0.47263660442508987,0.48053607887021577,0.48584420532728195,0.4393482496015852,0.4216051892813332,0.4624487247216336,0.4705464274536216,0.4921515264587298,0.5011344928626685,0.5014281945891831,0.5181445610165585,0.6069274155701616,0.4598249869565046,0.5174144938127875,0.4740546677116976,0.4656342149321187,0.4505501678388291,0.4713539981586082,0.5190233611298122,0.5368206782332582,0.42564737645875267,0.46279564246208654,0.4561382666352598,0.4723664273273103,0.5583057833326154,0.4347672097403673,0.583248552033572,0.4137411332765833,0.4512024593617705,0.5389786007034703,0.49508560185947975,0.3910229579827796,0.5182494760064594,0.44047971815392867,0.473156443414478,0.5802802858385318,0.454858007819703,0.4428927708371811,0.5135542283696622,0.5349474982696492,0.5215290841238289,0.4580836775141231,0.48640893258610796,0.47824882626833226,0.4944301126936287,0.6171292299047408,0.46222364189820264,0.4750573629473069,0.5138237413637897,0.510590152688547,0.3696497758137565,0.5146262987341377,0.4916943450188111,0.5227548911139225,0.40208366339342216,0.554476870780157,0.5129975812340619,0.5018629448019706,0.5029856627818479,0.44389012108783815,0.4809828720327261,0.48610384824334063,0.4632737655282086,0.43648934439004583,0.5283415778850039
0.43686845304489447,0.5601446820335193,0.5270250624400215,0.4140289544711632,0.4489723807781126,0.5651409920854776,0.5093573081535989,0.4999518627455899,0.424677054715775,0.5298230966506691,0.48234200585921216,0.0,0.44509564458998135,0.3630080476996117,0.4932913332072347,0.4656891712538657,0.4439812445768229,0.4018164437559074,0.5256736276351532,0.4082656739779033,0.47615006590124287,0.5196317659864402,0.47192938581809407,0.4756623637129989,0.5778765191780736,0.39594109003952294,0.4169726610002482,0.44432220031514424,0.4312248747341304,0.47520108708385905,0.5406506771888768,0.4701866938833751,0.4512057167168523,0.49193364284333335,0.4311837270416561,0.43100137152969387,0.47574790467124217,0.40063793146084636,0.47536946580647815,0.4129434842115879,0.4482035733786749,0.49216608939417833,0.4223504042753152,0.4602463543443622,0.48209691323585047,0.40788915628431127,0.45424061065054794,0.4475677966874159,0.46817798638589014,0.38783044798329,0.4277938967286838,0.4307555474518249,0.3537208235457949,0.48257800255506056,0.4409906084529533,0.44837289035244104,0.39083557189497803,0.590395543299914,0.3850165836587997,0.39106545105875384,0.4178710395132078,0.33716454359546993,0.39696844039481294,0.3556647945257651,0.3501314750247064,0.3487118780384386,0.39338655309401604,0.43709566704633707,0.4047587256652477,0.4696678442625739,0.4133873995490269,0.3492799515055315,0.36055598715678466,0.4457173633380277,0.44350427648248836,0.38496474418733695,0.4022565171207391,0.48501262355010183,0.39491278930603413,0.3475710334546578,0.412067998417817,0.42807644844004067,0.5014353629905492,0.396011790570137,0.3671717443674912,0.47760681225072205,0.4204931203948249,0.3801606717593237,0.43192829392352267,0.4152588992708783,0.43609454630728645,0.48210437687128965,0.4369155763889219,0.3607072892730552,0.36576739465537644,0.6194703722927342,0.3593486226712322,0.5264941713958933,0.3364535923853629,0.4249817428595595,0.3700543768445612,0.3911365555812554,0.38794428748484067,0.5153647147228967,0.37773349815337803,0.4223707148325993,0.3888646634503364,0.5254266288061689,0.42565765478076595,0.5099325017652642,0.510159811225385,0.36706274558714025,0.4008380040034521,0.38876059751730757,0.3716754369264191,0.44103051887663297,0.4264203633592192,0.4449357743186209,0.4391478131338672,0.3875539784759963,0.3623242656986462,0.39282448901011036,0.39005260852000434,0.4804850305654996,0.3496077352365201,0.5512421238035887,0.35728005925502565,0.46353291336208463,0.47201632760119816,0.37961407637367106,0.45334693237272206,0.40949362039424003,0.3388669133885735,0.3984593052495958,0.4278540643943938,0.34667622757423844,0.4661912883400652,0.4176043962379595,0.43502963715471044,0.4474618237278536,0.3960705320773186,0.40019469974238686,0.43573445192529947,0.3963959750475533,0.4391783187077428,0.4756440117369562,0.5322732339428228,0.4406204422544974,0.543093475875761,0.3345646138618211,0.4152654097236708,0.4136684500821402,0.4208087303588943,0.44281500269437,0.5852641356637667,0.4304232012957714,0.4039757359167174,0.5444658711543362,0.36834354828080196,0.36813384086697964,0.39054561746868244,0.39468989104768365,0.3708343251465606,0.41923130513052387
