0,1,2,3,4,5,6,7,8,9,10,11,12,13,14,15,16,17,18,19,20,21,22,23,24,25,26,27,28,29,30,31,32,33,34,35,36,37,38,39,40,41,42,43,44,45,46,47,48,49,50,51,52,53,54,55,56,57,58,59,60,61,62,63,64,65,66,67,68,69,70,71,72,73,74,75,76,77,78,79,80,81,82,83,84,85,86,87,88,89,90,91,92,93,94,95,96,97,98,99,100,101,102,103,104,105,106,107,108,109,110,111,112,113,114,115,116,117,118,119,120,121,122,123,124,125,126,127,128,129,130,131,132,133,134,135,136,137,138,139,140,141,142,143,144,145,146,147,148,149,150,151,152,153,154,155,156,157,158,159,160,161,162,163
0.0,0.32560866868533284,0.28503157297957776,0.336003496730444,0.27937848219192274,0.33097123239840975,0.31333022752301765,0.3463391698917256,0.38075506340933424,0.3010804347435644,0.32159968559742624,0.2895971896576278,0.485751865350789,0.3207589994482181,0.35494357429942164,0.3432929585175049,0.36859905766071943,0.5179971798845369,0.3336273769206238,0.4424688070678874,0.33479360936108954,0.30110711524745076,0.3403524683561866,0.2859695034803454,0.39465581899410185,0.2900644722154781,0.29418916499819364,0.3554826201552842,0.2454101738190021,0.2958790206252298,0.347916026374669,0.40022246132003225,0.3362434924721638,0.32074361223642867,0.43558238290510853,0.31978082739463787,0.3781689281088161,0.4068200159928069,0.2595460928121424,0.4057443108893903,0.3275509258500894,0.3548393299954777,0.34326061577831646,0.34401735924615595,0.3516054106297015,0.45974561421239674,0.29905075862899055,0.29037173148892725,0.4052600430329116,0.4347503594699689,0.3810687102125597,0.3797291170620457,0.3075382915399396,0.282754327740018,0.2954116638034617,0.36997701668173727,0.49627290213192793,0.3388542901677292,0.3426694583694272,0.4205798678417362,0.30609141196297235,0.3305870084229139,0.3688232965322674,0.28914309219439155,0.3577142004107758,0.41136702206755404,0.3611916271774089,0.3281465181568974,0.32167598903400935,0.3872433442311046,0.44905836038283975,0.3498695096353035,0.3734575982589264,0.38409526738103966,0.3899702155232493,0.3604625730304894,0.29860049927669424,0.2648901280880954,0.36745292254923473,0.27207804355119014,0.33965588646394496,0.3731516864683561,0.3104773478738221,0.36855726779026393,0.41217388519968867,0.4595032972268087,0.3457915229053956,0.36768261687207776,0.41690371650963065,0.33972955234915864,0.4176779132743224,0.3427895630677408,0.34905575306564773,0.4066675902632345,0.3798701516609134,0.28867377542842115,0.24885432646323127,0.34041752143558135,0.28843818760065626,0.430942163952764,0.2890294327483761,0.3165592866847073,0.3328123316588888,0.2891141885617523,0.42626842588832486,0.40086304096443187,0.359356698193118,0.369027323780535,0.38460265577589947,0.30854494070599453,0.3228431024112707,0.4128518330753568,0.41956433893438483,0.3209740535319716,0.41007580790134907,0.4070199013740498,0.3956212348848032,0.3302703561897843,0.30445936552191344,0.31746271620209005,0.3673134491445425,0.30906904878135405,0.3835750628311558,0.3933220632654057,0.33208635725263885,0.2898970291296168,0.32974258318464583,0.2734075299022331,0.30614848218761914,0.377635870971678,0.3239456048967804,0.3335293263834745,0.32424490369615083,0.3423778598491703,0.3093319996904507,0.34285022314901253,0.3104623333312675,0.38907134446784225,0.31330067414490215,0.38926690892058735,0.2837538805538016,0.3308727216247501,0.3806209005748815,0.30105139596190245,0.3362983008359336,0.3737022515427815,0.3171430804134142,0.2987324540827249,0.34250798376844294,0.25447076377045547,0.4249038597520335,0.3129202676395947,0.34307406087434417,0.27484133104523895,0.3860365518934602,0.3986775840031044,0.37459912375233356,0.3419652057054007,0.3299631905187044,0.3791175902989297,0.29741697342792817,0.39711093731102376,0.2905334008890004,0.4303303232741173
0.32560866868533284,0.0,0.33669331473013364,0.3557685810050722,0.24388313691534177,0.4451907929510613,0.3239444819016123,0.39841806520168954,0.296825742598612,0.4114591971736981,0.3148898245482204,0.3592316337406038,0.35433156463354837,0.3088964108500018,0.37193945286024416,0.30319489433090036,0.32638297904429137,0.29959959452331547,0.36690515878135704,0.35114199254681594,0.3208464423476419,0.41949109287435027,0.29151588335818385,0.3112465564365849,0.3801489445968247,0.22397144533784888,0.26038401428803104,0.3104271641302955,0.3283285172391113,0.2474737595609665,0.37095626910904383,0.37232155652866655,0.40300658985602406,0.2780210632836534,0.3261509383529411,0.35613638599556047,0.3006562599985576,0.314248885440354,0.3588715893019692,0.32978434279821517,0.37484019725630346,0.33655793312775634,0.2567343303334569,0.30500233798391996,0.35904672292971124,0.30093143717429244,0.2616567964936818,0.2782922820067245,0.3340550047096661,0.34207407983613314,0.32195702091872497,0.29119558405179596,0.3195891613453168,0.3973319949568982,0.3528601599525473,0.35953550884484775,0.33391781118349045,0.3001778981746793,0.3506725919897475,0.37706441988640127,0.39742040311623694,0.2577192558167004,0.27144187493180294,0.27158437327648755,0.3044211520605909,0.2883188261766646,0.3132515186110123,0.2761153768209337,0.26768933655422567,0.3178105341550705,0.31690790811970043,0.2975156842439987,0.2679362567776009,0.3670746335488525,0.3806760861593856,0.2709119454211346,0.2977382544407887,0.29068684790181915,0.26090091054184145,0.23762710406508325,0.30576303528913396,0.324015274303396,0.3382204097616884,0.30375044924232775,0.29405591542377224,0.40429779697186036,0.2834340792137408,0.27692536570233517,0.298660561976268,0.3293883751561163,0.26147458699370174,0.32669305211917016,0.3644515016902647,0.3188641364892842,0.32335190427998806,0.3838176081935075,0.2837915196908463,0.32733504570202954,0.2504957849925429,0.3391732746517551,0.3018317945624499,0.2947727558617318,0.22999697369401936,0.3142056409568311,0.29356463726850396,0.28520470894469613,0.3216297587647741,0.35130005089942345,0.318625745874333,0.38499362435856616,0.3108989751853873,0.2762348456085429,0.3321851762928261,0.2742719924666974,0.2903487623436152,0.3491310743419606,0.309429792835279,0.29357631979035653,0.34950123622408724,0.25986097947985753,0.28812940850476315,0.26709777314060945,0.2998558239777304,0.3346261255108602,0.2888668445725301,0.36002581865667305,0.3177623890188458,0.31836739627321176,0.378403258263415,0.31935043573410654,0.3293579367469347,0.32578296958373026,0.2682222982449144,0.3260252112700304,0.36538216833945886,0.3024063300827079,0.2881466833066707,0.31268062113044964,0.3119696310353412,0.3247351805642464,0.3038554892381852,0.34257321393513557,0.3864087967750738,0.3188483311351479,0.31741993506563126,0.26567458482837736,0.35951689816455557,0.3189482737831032,0.3719459366868961,0.2661228144249715,0.28578437992961053,0.33420364019074733,0.31024510832076746,0.3452975302016333,0.3408687229549403,0.34406700906793514,0.3526430966551117,0.32682127561859664,0.3030998715760016,0.2808836637090032,0.3064139041477244,0.31560550034597057,0.2633653281664328,0.293480013404448
0.28503157297957776,0.33669331473013364,0.0,0.2785062088686418,0.2936459453989054,0.370577307321858,0.27525897188631915,0.2986648314123367,0.24010934673897516,0.3462791340972868,0.3767384590124193,0.359053973505519,0.3310361961235562,0.23418668779613855,0.30836764771077535,0.395299997968496,0.34324201266484067,0.27262950609742986,0.2828410627505417,0.2704555835844719,0.34952016525630875,0.44243626367167777,0.23991255664701525,0.31482866974998824,0.29822382615863835,0.2560474089760676,0.23014537586648615,0.2671692342583591,0.293808200895565,0.2839120665013388,0.2655232673068903,0.321362193497291,0.28517817694666253,0.22639972349639886,0.251808841542749,0.28748293042592205,0.29691384392584574,0.2726557870932961,0.30162161758643447,0.29286822511228844,0.2985002267598526,0.30240767944840113,0.2714910458574246,0.3116079638622873,0.2822541567349101,0.26577546085499004,0.2621548418628644,0.3448748806942723,0.2790360839299756,0.29695604872534065,0.3132011027807193,0.29680163662521536,0.21702462092680638,0.32965982734448424,0.31891162938240397,0.23796238647843382,0.2786370988888599,0.3621786055853472,0.266421492456108,0.27876594188612625,0.2734371092910768,0.2177889482264719,0.3031006754764616,0.23004805099084633,0.2352420028787541,0.24465675168183043,0.24369077932562613,0.29340059402523816,0.26309880956856274,0.29375061133393937,0.2971445571292131,0.22164099045549635,0.2408729187584752,0.37574101529623927,0.31534111677618454,0.20422075907293838,0.30654834751367105,0.2893364518299381,0.21721393627460003,0.21769972785515876,0.2707932532267917,0.2657355525388501,0.30994002123802583,0.24846646426659455,0.2389123168659996,0.30476275008460757,0.23564317749489605,0.22406890876419805,0.23796724126656021,0.2276450742889872,0.3034191548804056,0.2313175862451813,0.32183329498708296,0.23011949626884207,0.2483948073783043,0.29676121692010743,0.21399466543969398,0.24849042669341687,0.1956914579631531,0.2600824842457774,0.21491007145224844,0.2731310903170063,0.20889509520403918,0.29277050685197503,0.2473796120861873,0.29973523340682295,0.28344334124611426,0.27326560391916704,0.2731615805499636,0.35127506021819266,0.3013194363600979,0.2307197435555399,0.256750915269586,0.23111292167945258,0.23162323655468392,0.31941023618825254,0.2252330058986483,0.3479749479309997,0.3369772398324158,0.21595044709442435,0.2996239222835798,0.21420925106473154,0.22836915149861736,0.3124167065373015,0.2040015916044124,0.3558899856704777,0.23789061583524837,0.3085312742254465,0.3062473698111024,0.2586512428331781,0.24918726697328175,0.3907497996766681,0.20929427679313406,0.23339792965905912,0.3007259258457933,0.24041769982246752,0.2493229959777455,0.2549879250097955,0.2695828535863613,0.2730246395063434,0.2304708669589978,0.27662335847331065,0.26120523721366523,0.2587469858232077,0.27398477265582744,0.22095217749641405,0.3430935181028029,0.2768430112596833,0.3213111416222925,0.22549360461878573,0.23824467771770366,0.22469958046014732,0.28583384078364354,0.3292052805668624,0.3054961031108478,0.2718530332071747,0.3341468051337697,0.35378903652541627,0.21330517525715675,0.24700022052056755,0.2414637741398262,0.2201984071347332,0.20790969515536495,0.31075785800451033
0.336003496730444,0.3557685810050722,0.2785062088686418,0.0,0.2701423512471495,0.30720528770158845,0.35868441844785787,0.34443457785565673,0.30677194828381205,0.29461914729286676,0.3328159490094481,0.2982493178794509,0.33710990614113334,0.34582947806413183,0.388215803540771,0.2788405685535803,0.33135315497073464,0.3540476413536848,0.3342394825326088,0.342986876725528,0.36657043309960424,0.32966157237242927,0.33436004115704904,0.30308570228084775,0.3282792757939657,0.29574102249866957,0.31114989209930094,0.3429702277084139,0.25965747644271925,0.23995650193855136,0.34352247767326144,0.31840452823604104,0.4299520996784182,0.3252502985489162,0.35998678947869284,0.39637115295774356,0.33261781492654924,0.37453276738684577,0.36042605119992677,0.40353119583372643,0.3764312052841432,0.3365153028239083,0.2967218628445476,0.33625787534595436,0.35445104812364125,0.34857545992006844,0.2295034822762975,0.2846215512926447,0.36581981184930135,0.3976495194877418,0.4503771740408263,0.32692886332297666,0.35475068829763773,0.4075243108726121,0.3514485243108943,0.31374803040448895,0.4165927663885022,0.3047886959235785,0.3859625791953945,0.4508795481547278,0.4156810585031023,0.3020255178332648,0.33668296256904384,0.28453577565673904,0.4010139396371382,0.3800940633278568,0.45458021779684193,0.2822896149162116,0.30384751437423535,0.34213438556241316,0.3588627998003005,0.3337267301387694,0.35306046160831805,0.4824632393197093,0.3767204875188157,0.28469949319226884,0.4145971051464756,0.2968984587603524,0.31163549619570624,0.23806661183782618,0.3099998557797902,0.46108417367498683,0.28146549183709013,0.325656756311077,0.4047146464749416,0.3766972881969764,0.37632437423862874,0.3760583749519529,0.3331732175376082,0.33579487730086627,0.34169027185973905,0.35865697871935504,0.32797737901168467,0.355379892799751,0.42756936507797366,0.2805637972658184,0.305138041988946,0.31237037475049073,0.30428360688419087,0.3819239558614904,0.34058423726452014,0.35115369155051984,0.3412827715546562,0.2629734051887354,0.37190561819365503,0.3029005927412072,0.37629389845077876,0.30099472884560086,0.3431360222552943,0.300869770629871,0.3758839126537459,0.37623181767948854,0.45209198272935747,0.3751801194069647,0.3346209058349575,0.3092276163788499,0.3273151416580794,0.2750998842482476,0.3186804690203032,0.31410747075070133,0.34229254874535364,0.3616502504431754,0.3324214294292879,0.3501197319168865,0.3139222234136239,0.2835672498427194,0.39869098811286685,0.3020042958075265,0.31891234214777786,0.40135646724812346,0.27658367175619386,0.3669930817218598,0.35098799467289027,0.40759400027530585,0.3875763890163488,0.3102065894937924,0.22617477465637362,0.3726531012431222,0.3346748066613552,0.386069624274422,0.33665037134011744,0.32684058659163534,0.4676051444606524,0.3919602856138906,0.3439695600890739,0.3054690447223987,0.36008485264005075,0.29357982608281946,0.27566188593637225,0.24199484545584313,0.40466116162012017,0.3254144314988382,0.3759498914609071,0.2812150621341286,0.337830391448006,0.4115373349021519,0.3818368849380239,0.3145047242020517,0.3894764586163577,0.3367399190204102,0.3252936446795442,0.3278960244449153,0.3470424637319724,0.35362172595858404
0.27937848219192274,0.24388313691534177,0.2936459453989054,0.2701423512471495,0.0,0.25853067486989156,0.34239599396117204,0.2388841987496905,0.24970445933087965,0.24742310705552956,0.31308945840229496,0.2526530306371806,0.2891681076516791,0.257679482711538,0.28164350204387284,0.3316763763478206,0.3072259990640133,0.29054913560677764,0.22520926764194243,0.24553922464707623,0.3007851410712066,0.2897118115231075,0.2876986348014292,0.27519578357098,0.2629753445017128,0.2747568090296962,0.25815937080376233,0.2397226568096986,0.23037514378279153,0.3139546971344427,0.2585585637268508,0.2689665933985911,0.25832186330655554,0.23378261157037789,0.2842116583362748,0.25967660234701506,0.3016991617094321,0.2849211489601972,0.2586199982121741,0.28857235187111985,0.26718092783252406,0.3406306481907521,0.27442412984311537,0.32506806840151203,0.236663559008527,0.25367593687675716,0.29625091297090034,0.30228858122403623,0.31555130589975616,0.2757869098854692,0.29618067950465493,0.26300428960461736,0.22331863660242007,0.24600792167286437,0.2574513914088761,0.26092914436837183,0.2538277802873569,0.34287082554887405,0.26001989258821706,0.2570952667209852,0.2184354620377642,0.23359925217609467,0.25913297776246963,0.25046014647898646,0.2354184578982455,0.2144470675643771,0.254260673689466,0.29302075665844646,0.24517192358596393,0.28753153269124954,0.28958166882336134,0.24203441383711785,0.23938736029082125,0.3014817213369971,0.25078187262990453,0.21973683217277737,0.31084799300892435,0.41671922953543183,0.22172716637325,0.2586236534156919,0.28760515444812423,0.2538604677334685,0.3192776049373342,0.23297015715925593,0.2505562759501085,0.26539825519731125,0.2626598070496208,0.24711748327008984,0.23863739740728465,0.24163478975346397,0.38100409149362463,0.26928526280528814,0.31809482946229856,0.21539496305631115,0.2694131045451202,0.24945527013516267,0.18834859370873372,0.24622759959400695,0.24147780827848303,0.23494046143009095,0.23686914932198255,0.2498447319014244,0.2420021687523469,0.2254726856124245,0.241038357850694,0.2839661651013972,0.2395360991793219,0.2809605019632184,0.29830149654000593,0.2755788108613568,0.286932526230769,0.2752786971857712,0.251782575797205,0.28840867679052373,0.2291801880482993,0.27622554637105723,0.23570424294190298,0.26330969834748097,0.2582871068811426,0.26075519230778305,0.35837997275731687,0.23809982464799162,0.2329624004600965,0.33700909194487455,0.23720079566679741,0.24793813128329772,0.2392630496994574,0.2895163317402521,0.230412714070032,0.26438905496301485,0.2604115378154147,0.30900108366161533,0.22740656856944091,0.2474785070854502,0.23298924807418153,0.27086049326945505,0.24091528160948117,0.2826437241885099,0.24795839707799597,0.30140382405722205,0.2179346665827681,0.2949500776674231,0.27012929053382023,0.2627376663000141,0.3024268967493722,0.2499189184713832,0.3109443335801816,0.2815197211352479,0.2382879462565821,0.22648626559722868,0.23574981616862978,0.24124534255107044,0.2739489886679925,0.2914630266065425,0.2917029890201139,0.28547803290749424,0.269622830523164,0.350211848186129,0.24137442267601364,0.27037271612001396,0.2418743187580765,0.24254159008308412,0.25269253104551914,0.3416053129291469
0.33097123239840975,0.4451907929510613,0.370577307321858,0.30720528770158845,0.25853067486989156,0.0,0.2993688787211169,0.34652907578908343,0.28746397552590097,0.29610177776202046,0.3702702285508251,0.3816747619424587,0.3925905942794867,0.25381801056128295,0.3734872423532806,0.3732847709991071,0.35471730981680494,0.263139985852254,0.3495907106168059,0.33878416024473923,0.3808160171599646,0.42704593600502566,0.23439513455990243,0.3060598075004818,0.3401443949726759,0.24350867013818975,0.23026450213671304,0.2716276743052293,0.28577954394609023,0.28758630869440716,0.3462091900498915,0.446848914532746,0.3764642827621982,0.2577961792377576,0.28437301113451763,0.3193511260576954,0.33778466772910004,0.29344506827903255,0.3670645484987376,0.2952640438545278,0.3422004235467436,0.3374342997492616,0.31050548743726275,0.36078199102984837,0.3076861054026702,0.2922107275280511,0.27837596499602907,0.3213449786477772,0.2795676764539831,0.3599800684021342,0.3699283023431856,0.34100432037080514,0.27523044733688473,0.37940419214928106,0.32222833118334737,0.3241688463865357,0.3427170986551358,0.3979596483319411,0.2793202044835243,0.3228316516240892,0.3742935697245642,0.28898768074006925,0.35736368160776505,0.23804268335468967,0.2875330279965836,0.2867161713033566,0.2851028333406005,0.3359299670384911,0.25039357709129617,0.3007128567265958,0.3743078145087703,0.24800706354859095,0.2677734789485117,0.377698962527399,0.38072583466831805,0.25315256410754006,0.3431467398469807,0.29270084429743964,0.2483391628493597,0.2790159591116212,0.36958776160385126,0.31680629118099357,0.35394205245125043,0.2996682207854464,0.2807735398276923,0.3428009020501923,0.3008749355859521,0.2707742257390996,0.2901106836538236,0.2863104870756828,0.30435070133103703,0.3019144062578947,0.3966364719786365,0.29354580787790513,0.2792886373927899,0.3525429564476204,0.2934051165918665,0.2970275895182455,0.23395999617576033,0.2949195163271584,0.2649954339040091,0.30042778875241033,0.22774350429399612,0.26482004087687294,0.30408878122327204,0.3464102966953247,0.3489477248922116,0.2868625473685267,0.3004880249673271,0.39889673593244085,0.34131465035637054,0.2587117117959952,0.34073659672126605,0.26795609862131897,0.2681220448597753,0.34008025417646204,0.28818955712476835,0.2892333341030927,0.37323154451891966,0.24034212255846737,0.3067487248992421,0.2603155054048065,0.28774646862078346,0.37701737145751946,0.276435159165362,0.3548101252898106,0.3033647044841018,0.3365426183442784,0.30241767355300997,0.2804464805546918,0.29609270320128195,0.4614492051929046,0.2611401590723544,0.30334843503988834,0.3364835472783083,0.30983443930155546,0.3166582806600307,0.27165023724892196,0.26820645375290875,0.3144505309758382,0.2804951627747904,0.35640131668354513,0.3165424761802692,0.3120853662127885,0.32310662874139695,0.24885291837767884,0.4355793911877267,0.3413704726558203,0.3091617797447973,0.2456470808608107,0.2811451279220924,0.29328198302837644,0.28071509275161044,0.32436040639800423,0.3431631250988356,0.3231371870117783,0.36571533501811376,0.35770334435864554,0.25465569941999,0.30416669289817255,0.2543840008570992,0.2904646215266634,0.2434512378096189,0.3226420743441889
0.31333022752301765,0.3239444819016123,0.27525897188631915,0.35868441844785787,0.34239599396117204,0.2993688787211169,0.0,0.2818736826408815,0.28320568304138005,0.3054470569446527,0.3143165221425213,0.3147836281365923,0.36308502538514226,0.3112953337431838,0.4461815698249984,0.29624124771015964,0.3085946593981884,0.3130088279560393,0.2668694410376582,0.2674566411835441,0.3262558726087664,0.3429362409836664,0.3876558746729755,0.34252845733924914,0.3310562815167484,0.30930783869068,0.293104336735315,0.26606388763764094,0.2850748175969339,0.29509429511033475,0.34056385500290165,0.3300739255569306,0.3764068193301304,0.3037025608181305,0.3085998307614317,0.2958138757164119,0.41119494642273363,0.3002057815255889,0.33804903512910567,0.402479548067769,0.3488461137600891,0.37535264121776635,0.3280326931887245,0.3704962844072529,0.32663874791685166,0.33022029635674865,0.3173358273922296,0.30087504104416574,0.43259644240513795,0.3029029238014402,0.3830757565799893,0.2782873418062479,0.2617173748987041,0.32548906469161093,0.33471167858925077,0.36106182331625386,0.2965776518747626,0.3134597818171966,0.33946215857513334,0.30832275859378444,0.2691072416990869,0.29111229930310684,0.2679814064457759,0.27523711580818677,0.28705914201102334,0.2579882683649227,0.36813057194138443,0.3799271301248268,0.2634070791455609,0.3050873393181423,0.3778947977411981,0.2856356180058256,0.2567137307413305,0.3880820465197123,0.2547595319244135,0.2798644808048073,0.4260529288069496,0.3881247333255728,0.2657078836398435,0.2713455441279467,0.3541629605836035,0.32195435225778263,0.3702056218227169,0.2567883357870305,0.2893121357635241,0.32431896320865145,0.30634870771092654,0.301115773434833,0.30147409573302386,0.32918104118925123,0.3585634853439737,0.3849294490591461,0.35137349157002146,0.27042006929294116,0.32690179736974107,0.3509654413384283,0.229717762663823,0.3268344540067878,0.27859821781348043,0.3179748505289717,0.3207720986346246,0.3197546354592816,0.2988243825291076,0.27924355636328596,0.2636937011839431,0.33911034735279943,0.28833744703876146,0.31739154616030185,0.41924238670659103,0.3510256335351589,0.3787816791815361,0.30423712284302895,0.31108646613113733,0.29251008471591705,0.27561597700990037,0.3129171486946773,0.288635843039161,0.3083258190359002,0.2968105111600605,0.2714370134055636,0.3457369038145776,0.28344553558350166,0.27381623462123755,0.43011608677717705,0.28617887025388405,0.3291814947123818,0.28194073457439794,0.37133854050020854,0.26944546525313584,0.34894267404941065,0.27817952172403587,0.29494428821885116,0.26670737988569665,0.27808156100004733,0.27743013508746667,0.36365023662321455,0.2887638118890981,0.37927649811015873,0.29439601149025857,0.38015065593052527,0.2952000669043951,0.32760730700903684,0.3488932628104102,0.2947413006105686,0.373355437579712,0.3253253961894434,0.3737712764023988,0.3893234955463763,0.27788412761515957,0.22838223420808285,0.2934503224349407,0.30829103035578653,0.28525604903685087,0.397864281920425,0.3825428415287826,0.3890362969151673,0.36714647821631946,0.4132380593328582,0.3327098519090952,0.34453830871962204,0.31992476715565177,0.28555486570456495,0.3339511723234222,0.34805260337359906
0.3463391698917256,0.39841806520168954,0.2986648314123367,0.34443457785565673,0.2388841987496905,0.34652907578908343,0.2818736826408815,0.0,0.3436736982702576,0.3409208990690497,0.3146434222833421,0.3353294255880188,0.3833425383145162,0.28859267038376785,0.351561028456151,0.32879221021247307,0.32836285007458166,0.32252283279742483,0.34484778906805713,0.3872696878136582,0.3275982505768453,0.3033432144282821,0.29556217460629736,0.2759465383364444,0.3925987789153327,0.24367679723805222,0.3117231614882234,0.3409545744885637,0.24170545951186306,0.26950840317787667,0.4717046744176687,0.37186520476090523,0.36094663697498325,0.30682969541681976,0.3659919057857824,0.39616768988959805,0.3431808185630075,0.37371195009521674,0.314551350770058,0.324179997696779,0.3443518664551681,0.30614918468818747,0.3076137138778856,0.31567919403839767,0.45983716697786226,0.32940441808403087,0.25875494472748595,0.2825440371885188,0.33924566795413935,0.34902541864408865,0.3231158293982912,0.2799588482197107,0.276007403195622,0.3126203077071383,0.3207439546803006,0.31111182107763186,0.33182077293380724,0.3748876508400972,0.36796792109252546,0.36166072138343036,0.4335254704340261,0.2573330299410841,0.30763641819063464,0.3061008927796767,0.2805088802659812,0.3002825190932754,0.3359171922600103,0.27486541263625797,0.32723424270234797,0.46154927652485284,0.3194447448884827,0.3193744977411554,0.3003617333614554,0.3738473401765431,0.4102561336913931,0.28414591303578524,0.3238705969871298,0.26272319670518723,0.3147197184760965,0.2129219776030447,0.2868025703845767,0.3272204125575238,0.3119664765068685,0.3584830819755814,0.33824576997282474,0.461554920512585,0.40728390182777413,0.32395073331314045,0.37653788176117065,0.31726800174704484,0.2873251863570491,0.3370407576754399,0.32957945021850704,0.2923938259048401,0.3306736582269109,0.32498696690486617,0.3068122668964979,0.3776777573806509,0.25427105640330216,0.37927780516953175,0.2987628768755007,0.38512278094997315,0.2862894193847111,0.34347556406095225,0.3757521271684134,0.3204618865022162,0.3478152657021134,0.37148920874574726,0.3125190583678195,0.3193173203626932,0.30244413144409665,0.31004082652847625,0.353099594973771,0.3205357326310334,0.300061912186384,0.32064768913916436,0.34358165584175204,0.2924296983855072,0.2970294430120689,0.2742012576350717,0.287563729131378,0.3532151679467192,0.28634167436757196,0.3147500781151982,0.28288749988441525,0.3066613142763888,0.2902170841832205,0.35294401039956697,0.3358357531121396,0.3218412713399196,0.36218333411929726,0.33019113305577535,0.3183851236556408,0.2980204749174514,0.35514008206671305,0.2673253075400047,0.2893408526713568,0.3104709924549903,0.3509748183780521,0.37312130793449766,0.3182339987303018,0.30659900310554206,0.3591480488182545,0.34390540604577485,0.33218478415098635,0.30128497229280377,0.35132307729863116,0.29720148122497947,0.358981369303109,0.2530605153045305,0.3847959100563952,0.3318716484157091,0.3149226615630937,0.3042559543364995,0.3962956685157464,0.3956106233863457,0.3312797469320894,0.344031217759044,0.2887848253093627,0.27683836774351284,0.2865445912711738,0.32906462185814456,0.28002313094737613,0.29670860738979615
0.38075506340933424,0.296825742598612,0.24010934673897516,0.30677194828381205,0.24970445933087965,0.28746397552590097,0.28320568304138005,0.3436736982702576,0.0,0.2710430317539276,0.2575651010188825,0.25683528798350713,0.2986794542053587,0.35228617889796093,0.2935319509089365,0.27022119987146775,0.27125177090826375,0.34398876528855343,0.25890713351834943,0.3166317488486418,0.256075494904231,0.29745406688609305,0.27137238519020435,0.22432501658224718,0.3055174477673122,0.23700072033568723,0.31601131421566325,0.30585320155365037,0.2192087266121572,0.3147352135212141,0.37553898569402117,0.3013427522830723,0.29602098221998263,0.25869909127650426,0.367812401295293,0.2757085439239044,0.28306235851827505,0.35412546061168027,0.2476861259204482,0.2787535305772305,0.25296415896469937,0.364804081185969,0.24487394951818003,0.27204498121212206,0.3014582470734165,0.288105099281316,0.23882080353750965,0.2235136980177436,0.2853245935887323,0.29042171947335826,0.28727880814555257,0.26071881145678777,0.28974132503802963,0.2526255342956416,0.2540519567714022,0.40001805762545883,0.30319948073561426,0.29805049849475124,0.2972910286442211,0.2873133900724668,0.2768507764065939,0.30536189180329365,0.2621859801331896,0.2733151517012673,0.3027948802606905,0.2817804783083727,0.35795709357888167,0.2846671145301742,0.2739249443972663,0.35653230875362407,0.3412292162545278,0.31040689335777094,0.364638117827855,0.2863032500702333,0.3229099524506807,0.29195703772754794,0.2595431463011773,0.2345459853369084,0.2828764534005239,0.23964916225175142,0.2768938659365502,0.3965191571042738,0.32326620364305764,0.2822304277016355,0.3399355717588622,0.3637952495221848,0.33539380496492743,0.3557045122615389,0.3336746740614843,0.40282619751240645,0.3422153106694752,0.40835137180353936,0.27193448417557353,0.27725273504002973,0.3910628421406497,0.296687694970963,0.28108457250684904,0.3231316617145364,0.3279005853194831,0.32600059461112396,0.30034087974374307,0.26243092506659277,0.3182950387780239,0.26235752287330494,0.3729557333702165,0.28192242535083745,0.24958399529515587,0.31312708852012594,0.2624751877497646,0.23715544369022004,0.24218196439402218,0.33459311405442066,0.36826935500988767,0.4001711414676045,0.2864814678100433,0.3208444760998349,0.31539753683272975,0.24895804281248513,0.22792754499086637,0.372521002203888,0.3029549592753115,0.33993608445124246,0.2867904985252375,0.3061959501317616,0.41302422981672127,0.2411204672129261,0.32862023766301285,0.2583128763943994,0.24317454213989825,0.2895616182827482,0.4334252553469447,0.30340386719775736,0.338744962984268,0.3812111372267526,0.2543743763207152,0.2771032410530519,0.24501661846704909,0.2851379677632253,0.2763551669689065,0.33024579701451895,0.28912785468832125,0.3004111127816543,0.38041308459309975,0.35384155748550494,0.2740754651546508,0.31359822052933056,0.35229673411968654,0.26235906950115184,0.28042986955293053,0.2412290160296954,0.3627725046395337,0.3028287284414181,0.27053268276551207,0.26358062490202344,0.29789644635910895,0.3620415394756121,0.28727320274177104,0.3002724395196678,0.3440131529584779,0.31334033676923345,0.24634991165156186,0.3734454918104248,0.3559657645269864,0.3234498411273756
0.3010804347435644,0.4114591971736981,0.3462791340972868,0.29461914729286676,0.24742310705552956,0.29610177776202046,0.3054470569446527,0.3409208990690497,0.2710430317539276,0.0,0.27558752930977776,0.2979135527851946,0.31971468666287134,0.2964869399931013,0.30762884208751967,0.2878738327121367,0.27414033698836004,0.3238208723324123,0.28916608712731445,0.2845923570942323,0.2664077962095004,0.30499691498907355,0.3226508142233229,0.24889703799803944,0.4243613894207652,0.22382747900293098,0.2769883981705751,0.26751397366211066,0.3858025873289307,0.25536237386648397,0.3561496598103009,0.3362554412733297,0.284826015647655,0.24916745253286118,0.30685557269378183,0.3062691516100323,0.32255762837432844,0.31007249642790846,0.26285029625459083,0.2891925497946857,0.2728338459775927,0.2904604099057865,0.27287616606983195,0.27666913616730854,0.3123150394432029,0.27140783486251535,0.2574527690110103,0.2782703894176999,0.36431049561048845,0.26724114651728476,0.27516659081390005,0.2330507958706887,0.2441445276821902,0.29225903146731425,0.34485742691299814,0.31162148126131867,0.26564905844763215,0.2661362550992297,0.3346542399200542,0.29114537641579613,0.2985112522963688,0.2408889027018202,0.23150158140778646,0.2702645025182618,0.2593037129239107,0.24579189258748702,0.27439110556720114,0.2847037428837699,0.3092326642683805,0.3515295355025956,0.27369746909581416,0.3122560755865867,0.23495025867733235,0.3068721182348254,0.2884299753645563,0.2814125926352938,0.262226769801371,0.289241006238474,0.24489767149550692,0.22490963078591295,0.2818113721351738,0.2724865777416664,0.32180711624465697,0.3015866737242826,0.2670471464939462,0.32983137453151085,0.2930814608674538,0.30348591550889326,0.314233075329708,0.2660634864717397,0.261240683679565,0.2895785971312594,0.32577170168237324,0.24279702068721523,0.29086118947446493,0.3762540152686875,0.21908278967864647,0.30066160850784096,0.2550193554765348,0.28902165880538094,0.2940882462425689,0.2897642105427905,0.2544859205877575,0.4181682536203259,0.2669426882871839,0.2625417409247965,0.26123211713870353,0.3482522601961832,0.29053732804004995,0.301833272425734,0.2601222521877482,0.2628147410392131,0.2908495351942339,0.2877180152718597,0.254592202362639,0.2664163852262302,0.28569165935741164,0.400957099476946,0.28386944493075034,0.26804331579348134,0.2584579166236324,0.2706366251265234,0.24255531874675065,0.2987215638784442,0.2639689970379085,0.3830526973307773,0.25420542870294927,0.27712410773097307,0.33993665226432107,0.3260280594458189,0.3374345409192822,0.26300105800231066,0.2721527248573675,0.24391381801090534,0.2925827814827004,0.2656091438861794,0.27816951460322137,0.30149105151392597,0.3238797709654945,0.32832853291938163,0.30618205006437016,0.32225178397851395,0.3038576989466784,0.26826180477485456,0.31176957326337584,0.2851031679337747,0.26560827598751324,0.3159720737567102,0.48109031149000936,0.23977751624581245,0.2573998153255014,0.33319452597245036,0.2583727303084148,0.32497421614197325,0.3220410731787706,0.33391142936921686,0.27974590862785076,0.310905865990161,0.2903622397795263,0.2836786541076176,0.3365036237716308,0.3148515476797494,0.2807363733571913,0.2563187467811858
0.32159968559742624,0.3148898245482204,0.3767384590124193,0.3328159490094481,0.31308945840229496,0.3702702285508251,0.3143165221425213,0.3146434222833421,0.2575651010188825,0.27558752930977776,0.0,0.3697733759506652,0.3830917245442276,0.2638960892192217,0.3218992182596434,0.4430191509619939,0.4038598392352972,0.30534666180620823,0.310749316148623,0.29635131593349306,0.37857854713241423,0.4153924677752707,0.27996361954461607,0.316028939856091,0.3417044606459976,0.3038304618908773,0.285785127665046,0.3134783379114535,0.29547373385151876,0.29855834331711795,0.28979697177597924,0.3703224509453262,0.3105112965755524,0.2638598856197329,0.3035042898856837,0.3536895464693903,0.36289034727569064,0.32609290786632045,0.3878440279610462,0.33566706698527093,0.32927989436839966,0.347741518519823,0.31842982431917516,0.4004138575868336,0.3044628184098257,0.2875656440286054,0.23333810101784272,0.41464652626443177,0.3392907933657522,0.31587903219979807,0.35122327251112967,0.2930206935362968,0.23194665115400928,0.3684729527444411,0.3781861035059891,0.2504274739774285,0.3192179409449948,0.47209977950445936,0.3002816398453191,0.3060257165989758,0.3219307906563255,0.23291521918623884,0.3349416308720103,0.276048219260228,0.24015390929186453,0.2638892604365505,0.30629446920486547,0.2827938569940827,0.31061990870756384,0.3227597381974778,0.3262090317392306,0.25065257465455487,0.29326778099095885,0.40051058443848964,0.3656076469245657,0.23497466258527505,0.427124110831791,0.311539898399166,0.25048403920232193,0.2373408659676692,0.31339486934881544,0.26262509109296384,0.29678473152084595,0.2993410171738619,0.28454628093611734,0.3099430376596211,0.30542402340185737,0.2549496821236765,0.2556340472865907,0.2642903001177381,0.39565279599512165,0.24471964265479823,0.4033818762229579,0.26736114728070337,0.28240693785571624,0.3078253202949561,0.2248645498450328,0.2601366191062982,0.22698353459331078,0.27153991959067114,0.27155839051623815,0.3377275672749427,0.25197797233393654,0.2535199875885722,0.28213037758922427,0.29793493239807384,0.30651980010801,0.3119106464275052,0.2986035097553424,0.38750365330886505,0.4005922750797215,0.2876420813626946,0.30302347538031676,0.30237154223371365,0.2689622092992634,0.324403558115564,0.26039679834343976,0.33793215481734257,0.3846941053081621,0.25346758533643576,0.35277065511310796,0.24710965063447307,0.27503003945100296,0.34067424268366137,0.24403161555487504,0.34777801594916097,0.24468771582603255,0.34661631592169995,0.32045310692601164,0.2845106917875112,0.2597396422312689,0.3929691934328324,0.27375446031181955,0.28034687895401744,0.3808826723176079,0.27980166333565143,0.27769722852091366,0.29198977876900634,0.3143451471539657,0.3213825028151236,0.2730997635544918,0.3401603380202946,0.262896764185453,0.2992948483455868,0.38665457194245506,0.2459579400492238,0.32731192249478064,0.3021895094544058,0.2830199829582475,0.28813229343902286,0.3206018198479907,0.26066724983643463,0.3800840559982303,0.3267189940756813,0.34761073409671145,0.3121932388255802,0.35350985952954156,0.34864810331884055,0.26412666846549615,0.2895295845585108,0.2570504064913913,0.26454002895295986,0.23869228368011375,0.4201769354654215
0.2895971896576278,0.3592316337406038,0.359053973505519,0.2982493178794509,0.2526530306371806,0.3816747619424587,0.3147836281365923,0.3353294255880188,0.25683528798350713,0.2979135527851946,0.3697733759506652,0.0,0.30715954358692005,0.20718442863992345,0.31318996221552303,0.34477982343925995,0.3373456621866609,0.2481198534638411,0.3482328102421064,0.2982359098056163,0.3919613969082467,0.355523507777698,0.27190708228806276,0.334111501965729,0.36337308152212044,0.26423216640174485,0.2522229726493882,0.263458980270718,0.2675885847475108,0.2890767346321819,0.32131398358696633,0.3408399971273528,0.3031179455815782,0.2981016733735793,0.26438695334001183,0.3249379388047088,0.3281682477696731,0.2830461833036876,0.42440370833883473,0.3106434886844982,0.33541276625240674,0.32429552598349376,0.3083966415162812,0.33941202750325505,0.3119558575894698,0.29772607041484617,0.2784268469787111,0.3461622655078075,0.30958801030256144,0.3160685272885394,0.3429370812380663,0.3035150991633622,0.22472825072676614,0.3476810596753799,0.37302953292739016,0.27680539567435786,0.32879809713295294,0.3982509822036671,0.2514341897550178,0.29456836792380814,0.2806276027120825,0.228518722701546,0.30265415689466124,0.2511692933976543,0.24566131581745285,0.26921430558571624,0.26285222428380456,0.25797062780218366,0.23760839068552292,0.2681125097816902,0.29629262097963205,0.22811675172192206,0.2464862198332274,0.3430133415451217,0.30886737733623737,0.22750264452705662,0.33332144598690827,0.29546595394315794,0.24800329918097147,0.21854931430416477,0.28567512579323323,0.2826793396675947,0.30278748999900973,0.24971918802777246,0.28784604584252677,0.32907760596662916,0.268154607708253,0.24037877841677827,0.279978181615624,0.2858479299504357,0.2962594160544879,0.27001903139687816,0.3318655787347341,0.2722994652444077,0.24753692073764613,0.36895875893203245,0.2298547978529781,0.30498722201706646,0.21349693049334306,0.27337035173659574,0.2371467384923896,0.3085981737755537,0.25594816729818654,0.327216080290835,0.2547742760378707,0.31555261451941136,0.3399674786043779,0.29781994055152655,0.2944277760361057,0.43382243333312775,0.4208977281636704,0.2908153661340831,0.2693677747608308,0.2627401065685196,0.2524354670089752,0.32343920389894865,0.2650153072146679,0.3622824538462725,0.3695831535532592,0.21854132422422765,0.28420781205509266,0.23975324841754725,0.2659459899417756,0.3159518230008193,0.21836945493404933,0.3744446986569879,0.24691102140697474,0.3552864323038357,0.34825507266413286,0.2564498011948643,0.2588399309845048,0.327754378360857,0.22583902483282978,0.27154050552820097,0.35167177010919926,0.24912873885521902,0.3138039616716875,0.2830657026641331,0.28139485300687433,0.32174833858666707,0.2289557711980997,0.28608045765352114,0.28360868648409066,0.2824143013406316,0.34034326000186904,0.28981261894700233,0.41143253253846523,0.2912674211358335,0.345062407870018,0.26215487230578777,0.2994134667196115,0.25111757204420315,0.3086291811113363,0.3431625434410199,0.4030063784714172,0.2830910976268897,0.31873716078815834,0.3549893322130946,0.22322426221210054,0.26330012585932133,0.22433488896147202,0.23979787625973847,0.23470860974659058,0.3215555785853129
