0,1,2,3,4,5,6,7,8,9,10,11,12,13,14,15,16,17,18,19,20,21,22,23,24,25,26,27,28,29,30,31,32,33,34,35,36,37,38,39,40,41,42,43,44,45,46,47,48,49,50,51,52,53,54,55,56,57,58,59,60,61,62,63,64,65,66,67,68,69,70,71,72,73,74,75,76,77,78,79,80,81,82,83,84,85,86,87,88,89,90,91,92,93,94,95,96,97,98,99,100,101,102,103,104,105,106,107,108,109,110,111,112,113,114,115,116,117,118,119,120,121,122,123,124,125,126,127,128,129,130,131,132,133,134,135,136,137,138,139,140,141,142,143,144,145,146,147,148,149,150,151,152,153,154,155,156,157,158,159,160,161,162,163
0.0,0.9145508181107077,0.8823846157051474,0.782302060326946,0.7984985188377896,0.8464151333229837,0.7966371111433455,0.8708860340675516,0.883131511140727,0.884335651657692,0.850639660104179,0.7829448021894513,0.9181322656720697,0.8670127548983093,0.8768314235533987,0.8929006050300117,0.8892836150787796,0.9603722569028684,0.8681424258021128,0.954240717405172,0.9011744012723465,0.8912436226443977,0.7836026564312941,0.861029099302419,0.9334627315840373,0.7662711163996567,0.7426042481557079,0.8514990874264989,0.8758856271403013,0.8305634129834903,0.8850582595931281,0.9093014878604353,0.842925685718454,0.7537627797828753,0.9312192116966974,0.835208568387834,0.9064576546391201,0.9086101888130064,0.7391481416943427,0.8883616428241728,0.8524531667720981,0.802919015175777,0.9310077442745284,0.8881723201460313,0.8914522886034948,0.8869509219319844,0.8766816131161987,0.8908164406984425,0.8983765433680636,0.9319796724457913,0.921345738200959,0.9044082695149777,0.8441485008980748,0.8670682733233473,0.8821075040665718,0.8589560512917926,0.954018877297801,0.818020857381261,0.9008895031024241,0.8938077226651923,0.8525938817883123,0.7922665593627121,0.9251909425748842,0.8032458614501439,0.9048654894283806,0.8906983559207373,0.788511204808858,0.8851434348699058,0.8852561529664439,0.9086780428379264,0.9408783603765798,0.9226770644359805,0.8294574579597876,0.8918733675076458,0.8686380589525557,0.8828521982708861,0.7662633085980897,0.7802494658909828,0.8370575139288368,0.7630338690310183,0.8223428940012807,0.8789675889580967,0.9055489862364492,0.8453197398125594,0.895853149700737,0.9040923660091441,0.8404911562457532,0.8874680049697687,0.8652402202821671,0.7423923595813758,0.875195339478094,0.8232975544045462,0.9352122372249042,0.9158557137100788,0.9024966241499268,0.8432652721751955,0.8200239161311025,0.8081110301686757,0.7598028370421626,0.8564002760777066,0.8231841551120042,0.8158614552327387,0.767744301716386,0.8301728339618715,0.9423251329552551,0.8685235774374196,0.8373667822207125,0.8020145755025745,0.8905420727381866,0.8679375245709909,0.8034580590551627,0.8268840090726616,0.8549130250599802,0.7162995326637978,0.9076464686315355,0.8746053818470987,0.8914122249652582,0.9024703317011569,0.821451584431297,0.7353610232727248,0.8722803472996589,0.7742757663836969,0.8583404856032466,0.9238832169288895,0.8652031422032315,0.8844953605001454,0.7564213278180367,0.7916274003841587,0.8501591719028799,0.9112731881633909,0.8304783187431547,0.8564372937683646,0.7972387008551568,0.7604505172926453,0.8498234024467219,0.8814071702702162,0.883164383929312,0.8917098032110293,0.856163227743221,0.8728133382853039,0.8606677678330622,0.8426564563472841,0.885678481756064,0.7993581494842695,0.8467012147041099,0.7862194026736821,0.839929113801722,0.7611329619717639,0.9439185335963591,0.6305198138205068,0.9017620179422463,0.8470707335155736,0.8405422479749682,0.8089493203002036,0.8379736679863939,0.9145034724202613,0.8668515392417265,0.8453215248489836,0.8730122898444976,0.8514796217041057,0.7971795205552433,0.936656881286647,0.9486960669252313,0.8617423066473231
0.9145508181107077,0.0,0.8618592737136558,0.8296954673097815,0.74345089597974,0.9013397565750282,0.7662452582590344,0.8808233169076609,0.8629001037739841,0.8468307748877543,0.8134763916262464,0.7923534413543414,0.8783632434565642,0.8660419450708254,0.8633757952339566,0.8365783543371328,0.8567013874922711,0.868780749828889,0.8635160544141599,0.8819455237168411,0.8729785148708209,0.8834825140643402,0.7114721544861584,0.8475712842543539,0.8352258970116665,0.7142095616225909,0.7194345009261641,0.81967036537979,0.9210821434764493,0.7743446717281239,0.8659828389347874,0.8539503020074034,0.9281527490015088,0.7173715174267209,0.8816418417800433,0.8407990968428363,0.823207066909078,0.8723229745388583,0.7739183927670745,0.8734509799542097,0.9135323604151444,0.760291139905297,0.8073397175372886,0.8586424868030244,0.8500708682486645,0.8539944227220778,0.815918040676905,0.8185864424370748,0.8022164104481387,0.8841185666955251,0.8879797415167782,0.9051487833126837,0.8857472171490459,0.9248726756691983,0.8669949961850432,0.8781167060298691,0.9172174632618384,0.8037745391004386,0.8268099847833414,0.9132082870218569,0.902121229737881,0.8072524102188547,0.8913736884918286,0.7511037619794599,0.8612488439979373,0.8517340412343045,0.7786073108606099,0.8043329786467673,0.7700511390565101,0.8363571972147811,0.8973085755479852,0.8710280399360261,0.7780391205588744,0.8597143972053912,0.8891999714916411,0.8446914343218447,0.739342545926111,0.7668972754150883,0.8031655888052381,0.7867996919548169,0.8351019427038858,0.8714702992325432,0.9224473734067391,0.8515404339881459,0.8428096439145738,0.9115704264983278,0.7753989006818417,0.7987151551277797,0.8441312589260292,0.8179647748461795,0.8097159471561048,0.8335762983405931,0.9124903448726178,0.9202964579764079,0.8930165653172858,0.8420903600898714,0.880830811381574,0.782620646917151,0.7482435875982923,0.8589166802481115,0.8366150664638896,0.7427913635539098,0.6951652554071723,0.7788341815650577,0.9094874493165912,0.8214150213317973,0.8275081540863207,0.7469382578958805,0.8752245336771639,0.8422908978122586,0.7807685003245581,0.7619531185400739,0.8349613907682496,0.7081517538252728,0.8987788444423036,0.9021177826882152,0.8645160056112758,0.7747819100262257,0.7955634290926511,0.756256255571459,0.8370359333201219,0.785078033120099,0.8078516159620959,0.932377930897776,0.8412670258794936,0.9109485547238891,0.7697831473363049,0.8144130989679268,0.8523215112131023,0.8598204346867955,0.8292211315740681,0.8626102979528701,0.8015483393204426,0.8231727174095959,0.8226228924970462,0.8503146069195052,0.8281847686154644,0.8550784734154087,0.7799170835619508,0.8340391953574496,0.8698506568785347,0.8252868717802834,0.9141324512470749,0.7980197889996022,0.8020455035505292,0.692181007314397,0.8653435542947401,0.7972775129156672,0.8452313247923611,0.6606607008830345,0.8509310177995111,0.8671430863804779,0.826052697020107,0.7746756067043536,0.8130548364197067,0.862071134510764,0.8594155749991493,0.8594071667032815,0.8928346924163104,0.8110311097941089,0.7838368918369922,0.9079379996347714,0.9318844539491518,0.8276939711262914
0.8823846157051474,0.8618592737136558,0.0,0.8370487242411554,0.7520594618593847,0.8563266137531486,0.7606483372640024,0.8809921159582061,0.7754417967121003,0.8965378482093879,0.8234295263129856,0.7335751502358467,0.920743645517352,0.8416365709549684,0.7646711108835024,0.8928011719723796,0.927195493747368,0.8861415987987328,0.7886934987271146,0.839651030852478,0.9140162996213536,0.8842821323603898,0.7518943649200429,0.7989994180690629,0.8506844523872813,0.7870823339481081,0.7596290875900783,0.8571292979069517,0.7928683870484353,0.744534801830097,0.7227245415430147,0.8759259321398253,0.8082546786061782,0.7287062396344289,0.7995080994067443,0.8019189649829525,0.8175829539350157,0.8184166708426941,0.6479149947305187,0.9013358791360127,0.7915967956906934,0.8701878151935025,0.8234064075691377,0.773071670438436,0.8584033990427801,0.8376525283243572,0.8322361562123071,0.7893882491222388,0.8114122782037612,0.8696412358599076,0.8898718984988717,0.9074840861868478,0.7913687623958465,0.8686433943502333,0.8078507137602797,0.8442695571552787,0.8673458276105639,0.8300362750744533,0.8783573135672497,0.8494190267868551,0.8749790677041669,0.7727045043163809,0.9026685816977943,0.763553426812918,0.8098334325181745,0.846650449389612,0.8111890879987776,0.8386664656357056,0.892968936301162,0.8697095333579091,0.8650592794736864,0.7823177815829864,0.8762269646799332,0.9482481803554003,0.88482622198574,0.7510440119878473,0.8135777846025655,0.7604258374899839,0.7569694887291913,0.6800632487664297,0.7910092882959423,0.8369318263567735,0.8042005508325124,0.8061720408789966,0.8852242710736686,0.8486389380030304,0.7945369360854738,0.8191031632716246,0.8088460442508917,0.69766750866862,0.8708914307575975,0.7575316411820042,0.8280375875780082,0.8121150880869169,0.9056440670632195,0.7397299597515264,0.7818237871303187,0.8008217149905738,0.6961913892990247,0.8771876750868797,0.6833872684968286,0.819921867542619,0.7544050186440264,0.748749685637096,0.8734852988225908,0.8675466024726233,0.8707453011890828,0.8175024712208856,0.8482013316883596,0.8319272010996401,0.7868651750828163,0.7801330435411358,0.8833484446624544,0.731248920797,0.8303477820469066,0.9053640544705394,0.810413140997455,0.7759169243269616,0.9000071936203229,0.7468588320502242,0.7674729473371789,0.7704780212112686,0.8133655422337348,0.8241509493511423,0.71275947151639,0.7770820650528014,0.8315728999574574,0.7585800025104753,0.8487047815891826,0.8130437218015683,0.8173615069200282,0.9303136947689238,0.7166039187787686,0.7027904629220816,0.7650228139178931,0.7379899240314733,0.732024017641973,0.7825310786684522,0.8187808560882724,0.7249456462597105,0.7680505444403807,0.8021497597681032,0.8770895483978893,0.8108089656338172,0.7482737089952121,0.7679007287994245,0.7659441603890443,0.7308820765031382,0.8583673780403851,0.6392415986024378,0.7665553273527022,0.7330450594433291,0.8285734641259773,0.8647561776003528,0.8028909914068296,0.8075053302647599,0.806834695311926,0.864684468659989,0.770317184593674,0.8257547840868062,0.7790174527000846,0.7705489450493209,0.8431425933266727,0.7829254146174389
0.782302060326946,0.8296954673097815,0.8370487242411554,0.0,0.7630927909141837,0.7962243880546085,0.8565820527462426,0.8153129564733261,0.7230487444115892,0.8152886964509525,0.8438108272493289,0.8559885636059629,0.7880146783812382,0.7627673506177349,0.769870069212673,0.7774477575787216,0.798893905720459,0.747462093057277,0.7950762086078149,0.7286667250009139,0.8528673548535759,0.8228349082763046,0.7904799662056178,0.8148191681218778,0.8329083231436752,0.7925875195190738,0.7694654351505424,0.7958184669760111,0.800351307966299,0.6946668851488886,0.7507355274134773,0.7768492155982505,0.8716684510020392,0.773805602342922,0.7868728467902981,0.8140908005530517,0.7970284636497811,0.7317376221578359,0.7247473191379903,0.8655864343569135,0.7886191892558719,0.8194288326085574,0.7287334763538424,0.8227770902505664,0.8176834273972444,0.7249847278944012,0.7064424368485616,0.7867575783239716,0.8121649200615653,0.7620428495196097,0.849189160023695,0.8252231093245919,0.6832185921799097,0.9191706028554577,0.8678589260497729,0.7810120873458698,0.7697676293458385,0.8485506144065786,0.7799787202793463,0.7746652386173624,0.8115777171559954,0.6748755154064419,0.7650905988531209,0.708214453704511,0.7064721304267657,0.7069056846175286,0.8189707963084903,0.7306855618137491,0.7326702656832872,0.7980208310579902,0.7652803556028087,0.7129994309186624,0.8096854005215615,0.8657470708006891,0.7454185844944606,0.6707382327576662,0.8187711597317725,0.823487158102033,0.6804683420186808,0.6362537723069597,0.6666884489705401,0.8268256395430217,0.7446165490945906,0.6931333165047453,0.8190775065298207,0.7640168972838215,0.7836069881805177,0.746838470495335,0.718492039646242,0.7499224329222569,0.8475047326342935,0.8243986900967198,0.7880511838127228,0.7257162340133176,0.846143320019446,0.8049798911595871,0.6969858667846102,0.808496500041419,0.6914246634848831,0.8201565643984433,0.7037915829823435,0.7785182994978235,0.8099234532256399,0.7824675977060435,0.7757768213958575,0.729467445805993,0.749309138678865,0.7574540439658874,0.7536778366077518,0.8124522156688447,0.8912980586555729,0.774913617642297,0.8180390210095588,0.7118013182947529,0.735180098981864,0.8184103669956935,0.7161464731196882,0.7367116290330629,0.8726758567649933,0.7485130103610215,0.7248703730794485,0.7954503508620796,0.7512074809641247,0.8048605083281245,0.6857653291696192,0.7959950018374029,0.75760833024729,0.7816225500341255,0.8219429090137703,0.7113023801699151,0.6945077674264575,0.7496536296919292,0.6914457449893153,0.7607452096095041,0.754564754023836,0.6461377679957397,0.6550945465859714,0.7821386495105854,0.7737904362300054,0.7170743711222705,0.7521106476282338,0.7361980606259508,0.8606385275534219,0.7998708490212545,0.7682721440251298,0.7598743178233287,0.7632659391015745,0.6452762058611016,0.7579259144845031,0.6017295699559638,0.8016873810242714,0.680024198038895,0.7935747190875989,0.7740557651163695,0.8556044375910761,0.7699648889710127,0.7751859438426515,0.86768912160398,0.8491691295830777,0.7998675259021316,0.6567682174684268,0.7348736193849069,0.7844141958386193,0.7982940612510679
0.7984985188377896,0.74345089597974,0.7520594618593847,0.7630927909141837,0.0,0.6350997367510612,0.8518041066722885,0.6777397763787683,0.8311678437418627,0.6917275930926281,0.850787625441732,0.798197195581084,0.6927281576358421,0.7669003851230186,0.8159530178481561,0.7363137165076319,0.7201473302111321,0.7659286976957724,0.720641058672209,0.7589528869881426,0.7878598637689177,0.8694120608680564,0.7908084148775805,0.7956037356749056,0.7734838242720391,0.7538631988217042,0.7663451057215369,0.6822893659874234,0.764700174926037,0.7681766022135437,0.8023358968836428,0.714693406537966,0.7377852877537764,0.6859867325569919,0.8706935628682473,0.837940073372647,0.7847845903818605,0.7909489186978185,0.794350382458729,0.7861189852869122,0.7431617899671418,0.8044925809747875,0.7802211279491476,0.8521879562972052,0.7542694804549253,0.6611133604890266,0.7168249703961634,0.828460711055198,0.8511676437604924,0.818709104189907,0.798449905490896,0.7137480990738058,0.6466997931320274,0.7923065670990308,0.851497343047876,0.6860196162721849,0.754301405018102,0.7971720852294397,0.7788282543269263,0.7348341643487526,0.640238681805724,0.648468488158434,0.6971684250529526,0.8294099724755776,0.7408423031359186,0.6395856204759969,0.7306773020481536,0.7376913235100485,0.7795443502801601,0.7426377472171949,0.7827909130893467,0.7895832112321957,0.7677306219628848,0.7561684891195298,0.6559934596511924,0.6316565450630118,0.736234035876152,0.8414496530223299,0.6333027663744369,0.5595651810551646,0.5778870445706533,0.8441485200612282,0.7298266811126124,0.6112242749402577,0.7701358121237908,0.725916097264804,0.7178519138770318,0.787682078304204,0.6232163297057758,0.6985707908942363,0.9151980978634523,0.8131979440276875,0.839747239326411,0.6675596331092912,0.8418500986573416,0.7828562349946661,0.6434816394865104,0.7006788284767634,0.8084868483653517,0.6745747423029835,0.7531342572407111,0.7130534710319283,0.7847758390770383,0.732940058447148,0.768322311168923,0.6662359020526266,0.637710414949924,0.676933083942367,0.7031542353962836,0.7380128863517313,0.806704246728382,0.890425417810958,0.6886450351694989,0.6983777092710899,0.6765162225912509,0.7017824065029127,0.6336475854007151,0.8737450148653287,0.7171731473042959,0.7089966704180789,0.9064626124156854,0.6833529900131101,0.717356459337378,0.7275581947732734,0.7993991116834552,0.7038209783055048,0.6865200954741558,0.7687082642369059,0.7064520520504801,0.7631836839300923,0.66240242190533,0.6766939286124644,0.6472494988121839,0.7949693363619272,0.7962361861997174,0.7191896728886937,0.6745751551365222,0.8606336080205491,0.7990891563567017,0.7832641366261405,0.6709273654619102,0.7716552425981129,0.7989025063041592,0.8679593191118563,0.8328431035087743,0.7988374661397448,0.8585352482957923,0.5602278702334227,0.7539178088998514,0.5988506624508095,0.8136761915509009,0.6438730840697479,0.8506082565847409,0.7687213900177519,0.7264118886966806,0.7610993186696082,0.7028521361206023,0.6720725319540001,0.8085952891181434,0.7170670573778405,0.5777601793315356,0.7388140139980162,0.772686392444055,0.8828704511362171
0.8464151333229837,0.9013397565750282,0.8563266137531486,0.7962243880546085,0.6350997367510612,0.0,0.6841141369757914,0.891383355515482,0.7659900941217354,0.8602536787499437,0.7512667343086712,0.728378282497269,0.8878336513118875,0.7952128415356324,0.725489080776845,0.8326368816463431,0.8489281034523065,0.7974585944781575,0.8139780180379202,0.7964667960234624,0.8236127985006415,0.7745080119175031,0.6478095155526506,0.7302739440503816,0.814222810070337,0.6835611473862807,0.6572752466480629,0.8196993758077579,0.8276827206788759,0.7328172756484771,0.7513275840849934,0.863148559983611,0.8416055463049537,0.6988985356623215,0.7619872832222738,0.7426568778908994,0.785823326771351,0.7839833412497017,0.6485988191050487,0.780404430653565,0.792494189726113,0.7589376366634708,0.7445677123217179,0.7658175023483611,0.7881796561740518,0.8134801675399352,0.7797925646877765,0.7527320793214015,0.7166610608726955,0.7804850773555359,0.8262130055569706,0.8954259017683812,0.830223665884997,0.8414911815253533,0.7741411440330761,0.9140859552751556,0.836716633488838,0.7958476834315868,0.7569384879240546,0.824127806012722,0.9343982517892605,0.8018116377089614,0.8951606253117518,0.6624803660423635,0.7712296917615471,0.8451241915507337,0.7401366379762815,0.780454917073063,0.7362785730255126,0.8365098559634624,0.8233308602906945,0.752142915043849,0.7761886263100873,0.8341942879635956,0.9091527314284953,0.8252827401951766,0.7227215935527933,0.6996000990133201,0.7689718950190805,0.8496271939214146,0.896001137267757,0.7747475748053949,0.8561183184127789,0.8771751508260364,0.8159946974087845,0.8387830758618408,0.8103748917054676,0.7404087356424948,0.8598141641506789,0.7434801023030282,0.7435907069223606,0.7560477774778512,0.7930611678739232,0.869409732138504,0.8094153030630525,0.7839089117973423,0.8387116897854111,0.786806983260483,0.6688687646322441,0.8557753192626125,0.722683621818035,0.7418681973151551,0.6686502401485445,0.737423812231388,0.850231056460095,0.8124186953248069,0.8388506866223457,0.7570797429126023,0.8015885011656871,0.79915000399189,0.7355684800245429,0.6734982528980283,0.8835722853937653,0.7046262425307148,0.8544406311684392,0.8823360178420376,0.8753766592676295,0.6810821059562374,0.8275856289062176,0.7546353412270611,0.6902505670841791,0.8062815319191201,0.789346297266959,0.8713014697823371,0.7355189605664141,0.8529206829768108,0.7726900342161346,0.7339438737258033,0.8344144695772984,0.7480424148491605,0.8550589811494411,0.9057045099065991,0.7867391079158517,0.7288592202148032,0.7173306438706152,0.7444191125281692,0.7638186518227703,0.7122103541566326,0.6829683509356017,0.7179365849085239,0.8338423386898985,0.7875943230750717,0.8281614902920781,0.7194639315846117,0.7144696004721963,0.6575780313617948,0.740477466407933,0.8069636880026599,0.8036226417988516,0.6589754098396211,0.7610830265240783,0.8268391228883515,0.7158278904931938,0.7034695665802135,0.7956718747366335,0.7856408514990023,0.8030162708507548,0.9048129393523653,0.7785435044336271,0.8213724129540432,0.8005198983013575,0.850031000432676,0.857094211901656,0.7259681186070654
0.7966371111433455,0.7662452582590344,0.7606483372640024,0.8565820527462426,0.8518041066722885,0.6841141369757914,0.0,0.6892508162612992,0.7185645918965347,0.8008461213293948,0.8030456630789328,0.7784603190800656,0.7611223650229305,0.8023177336672782,0.8184973748472167,0.7318052086128543,0.72877256224993,0.763162748241562,0.7140494209946223,0.7218882720162232,0.7916010128932556,0.81037707634703,0.8264170666980479,0.8074169500881764,0.8214170252803281,0.8060411879549597,0.7557857080822213,0.7056772537058987,0.7821963633974516,0.6836295970198264,0.7861681328300418,0.8008488357621305,0.7915301664639443,0.7563205175707947,0.8272080327686262,0.8258790687133825,0.847585308801846,0.7009093069367087,0.7336316610691379,0.8705410980505348,0.7185816780486737,0.7833788711173955,0.7817333183217673,0.8590059134050197,0.8094977545163062,0.7163174542539625,0.7573418513842994,0.830587139887533,0.9149173432795931,0.79586355265118,0.8797492239575105,0.7395348067085976,0.6637595981014341,0.8506333433044809,0.9158798977200174,0.7518474373258591,0.7487628393225415,0.729741867150848,0.8714060430761325,0.7686296047856903,0.7099046556784321,0.6946108767527964,0.7051213071247927,0.7749504964999204,0.7531235790139941,0.6972308285559616,0.8633238890150139,0.8140216320260986,0.7643299953684148,0.7223495724990888,0.8033471214890209,0.7861578607775463,0.8100500554055748,0.8466552286854319,0.6429574989442619,0.7019199800459532,0.8628829593304159,0.9033633148703198,0.6319942759862357,0.6133951248884048,0.6132626740164103,0.8360931187757912,0.7318061796751224,0.6124348954259088,0.7892674507513612,0.6802245153267634,0.742699793989251,0.8635380071144111,0.6934807703111218,0.7083620758175115,0.8711010530547757,0.8853627686368566,0.8309359559012861,0.7110884701209009,0.8728135431895192,0.8115488416456266,0.6528886442756404,0.745371370279326,0.767481325221199,0.7987132506272605,0.769405466379924,0.7997595726642965,0.875163937885758,0.7385131981843974,0.7666334508501894,0.7002256114599638,0.7044801827781045,0.6697234970469196,0.773349989730345,0.8010316649775866,0.898811490912164,0.8262268088957891,0.7970084892916806,0.6466181912588581,0.6979986227659114,0.7052529626574637,0.6752375732764664,0.8612897651110428,0.7922270798615295,0.7036947914640873,0.7905217063669175,0.7032282625682952,0.7232907938654801,0.8011962140723711,0.7351072888803913,0.758598442936019,0.7599511538974804,0.797598163506586,0.7434103275355955,0.7734160024140884,0.6234740915713983,0.6589183436079389,0.6582123986842828,0.7029347557581075,0.7560327749643903,0.6990689503751203,0.6521389943682503,0.85204794753922,0.7737469405047476,0.7347888233791086,0.721613884891954,0.774320563985045,0.8696146800255357,0.8193338108634342,0.8183466130315835,0.8550696314193503,0.7463405999256295,0.615799408256055,0.7436361655699901,0.5425926678789751,0.7989165459967753,0.6591402005875563,0.7598570884410271,0.852606017234248,0.7456611645954114,0.7904736388473279,0.7431271642436983,0.7608740865831993,0.8663806374894646,0.844549292806056,0.6445497041578384,0.7311561800746988,0.7793280886915075,0.7815878962730933
0.8708860340675516,0.8808233169076609,0.8809921159582061,0.8153129564733261,0.6777397763787683,0.891383355515482,0.6892508162612992,0.0,0.7867706398677407,0.8391619292649118,0.7953099808991437,0.7888157627998305,0.8971659160305588,0.7887778926690929,0.7728972674668526,0.8998004068613347,0.8960812076294479,0.8532448438201006,0.862925165114181,0.8657545531929289,0.8700472787712468,0.7980338996297989,0.7298190900830324,0.7864747498003529,0.8475372993430131,0.7490119844182718,0.7448548433430103,0.8800243760881743,0.8139851973511251,0.7873579895402164,0.796938375950716,0.8574759830684947,0.8550258378509358,0.758439212293633,0.7978192174806517,0.8004180407340302,0.8083232975664851,0.8733485133031438,0.7063392171563052,0.8352051862000281,0.8552758576759516,0.7348526252243684,0.8300613042918736,0.7745211575172641,0.8796892744383294,0.878414003880558,0.7907189811696602,0.7745483435237247,0.7689570101281323,0.8456061951148406,0.8534091684908106,0.9092887686115216,0.8119302593899898,0.8516861429056672,0.8193963034413596,0.8090663533502892,0.8990306213522498,0.8677127715159756,0.7731801115647098,0.8839431633144629,0.919583347736724,0.7874555180989691,0.9245657402803238,0.7145009603736007,0.7850029751702332,0.8608312858218935,0.7410081589437567,0.7613816569903028,0.801640974277183,0.914751108495844,0.8343964900032114,0.7970343081115755,0.7662539078488996,0.868528685394283,0.9293113178866578,0.8045179216881783,0.7528734820910179,0.7179152049496939,0.8736353313486941,0.7440876519083139,0.8189132161343093,0.7953005468397185,0.8377225571008753,0.9074164129708189,0.866756832578271,0.9233873886712225,0.8308657523195003,0.7715804550177716,0.8842702476576262,0.7428134878408584,0.7965113225812834,0.7445832902972456,0.840849493023747,0.8685424339984135,0.8026609099717804,0.7657698835615238,0.8384914295544988,0.8044181294914028,0.6731631048236821,0.8621282394593137,0.7348153312043253,0.8304556358775815,0.7086769258888125,0.7896663917869078,0.8969676347112824,0.8900153644453173,0.8868922025465515,0.8119024505124354,0.8464356525775042,0.7877641403091056,0.7475168211883871,0.7446099309927912,0.8124888981533402,0.754644280442243,0.908632068915179,0.9239452683858669,0.868551443805734,0.7458642451524214,0.8082159936670403,0.741016691922912,0.7508872614606045,0.8795066919584132,0.7980847487536965,0.8659679104310132,0.7114290420480736,0.8760398436416069,0.7558233189161647,0.8060805192258486,0.8757186833227774,0.8058259834972293,0.842395528590457,0.9034923706736154,0.8100971842440535,0.7291348988485011,0.7668280229490151,0.7438605393226778,0.8187031648337785,0.780629918217733,0.8033491971265349,0.8164816414649353,0.8159968445766129,0.772973159543886,0.8223662769417299,0.7389102807552982,0.7512170406974163,0.6970776096308863,0.7762148499332896,0.7871886715582522,0.8661566483885301,0.6807316153129812,0.824788939444094,0.7973064218667026,0.7973537437268443,0.7467105927943123,0.8581576056310689,0.8254302113318132,0.8190455724782055,0.8894539796049907,0.7728776289199147,0.8022898429770867,0.7726778625434109,0.8224823659264113,0.8775376737056212,0.7625148740383243
0.883131511140727,0.8629001037739841,0.7754417967121003,0.7230487444115892,0.8311678437418627,0.7659900941217354,0.7185645918965347,0.7867706398677407,0.0,0.7236926570683987,0.8337249399234085,0.7529538531629358,0.7615419221788454,0.8180691466252059,0.8389802838148392,0.7730801414020344,0.7557863919402783,0.8315383556487099,0.7925697505862189,0.844624088257692,0.7818875585079575,0.9053994946217916,0.6698840883392608,0.7579275965391675,0.7743590727599109,0.6485141369932038,0.7153223699246642,0.7258719855126303,0.8359072498299956,0.8382206453717769,0.8739582415612738,0.7624599611114877,0.7959185753879656,0.6280568318648309,0.8937464088604488,0.8044756809788732,0.7859837620026611,0.8936231345369557,0.8021221503611199,0.7404820964998855,0.8020634331440798,0.7701281957689557,0.7831616786970834,0.8294892922772111,0.7471276377815853,0.7183482958227939,0.7281572752929876,0.8077206990412442,0.7660113560588868,0.8519998878374427,0.798591251549607,0.7617408960655793,0.7883359904618024,0.8087129108456241,0.8183428592286639,0.7658816906207798,0.8385736631208565,0.8079652572466236,0.757471693136897,0.7970215532411501,0.761286462504409,0.72968884105674,0.8002978252807394,0.7681909045645124,0.8206712300711598,0.7279555712722645,0.6963888363460455,0.7625235724040874,0.7756059147636191,0.8446985218893736,0.8525394128128281,0.8434800077208405,0.7470127271228496,0.7484705906507013,0.8057872968481701,0.7385526936451541,0.6757460284900727,0.7187706943558912,0.70423100103532,0.6695229948838604,0.7073327417660902,0.8690207099806989,0.8630666607395171,0.7473478842968957,0.7669679825937045,0.8307986334652167,0.7797045664170005,0.7779660322310701,0.7123516154616811,0.7606416699015751,0.8309898725592201,0.7888266298643708,0.8834473288648644,0.7908887553870868,0.8544648379597928,0.8172530776333299,0.7968679050550042,0.6797287906986674,0.7867518184724369,0.6971797917392916,0.8212160698550592,0.6994650386519112,0.661491689005858,0.7241262875091753,0.8600934956845668,0.69672150923907,0.6839606809030309,0.6767661962996601,0.7324525632135034,0.7322200084901972,0.7135959312011879,0.7853494871813688,0.732477351601791,0.7517175702388867,0.7732909179456984,0.7696863574828804,0.7339322263807598,0.8127735007503138,0.6835687603338221,0.7425809005726689,0.8865994482468781,0.7483973019323914,0.7324547072109351,0.7998243209739838,0.9168641407837775,0.7834532365947305,0.6871463155625156,0.7532057550685233,0.7177366089427628,0.8107558459762382,0.8118725196833305,0.7939452878694022,0.7764381648898192,0.877432464732355,0.820420955985162,0.8393299095229643,0.7676280009143976,0.8165331955601965,0.7366112552623529,0.8468050830019763,0.7821911429697472,0.8146094670942989,0.8225569787689094,0.8434524474434931,0.7941242957320511,0.672707673637279,0.9189172670549981,0.6645317508560067,0.7857471376333874,0.6472506320621625,0.847256866011247,0.7945103183191525,0.8473992628384435,0.6855339149221129,0.7155540324688067,0.8297095113882103,0.7768460423901807,0.6982715073097162,0.8345585256563969,0.7250119232603012,0.6546689391766832,0.8751946846976079,0.8662049818380025,0.8826786407630054
0.884335651657692,0.8468307748877543,0.8965378482093879,0.8152886964509525,0.6917275930926281,0.8602536787499437,0.8008461213293948,0.8391619292649118,0.7236926570683987,0.0,0.7681529746424625,0.6920839523546254,0.9519699253336004,0.8610512974577582,0.7601039030241943,0.8699494040593603,0.8898066341092764,0.90109281768324,0.7621454292755426,0.7982961796924015,0.8175271298338072,0.7861983284739734,0.7781087737395753,0.7503083240253928,0.8844656550245652,0.7635099449602052,0.7682474681609014,0.8615191918610201,0.8466787006571665,0.7539520834777518,0.7294517239897657,0.9283833117979544,0.8209544077351973,0.7375225422732112,0.7850608024974222,0.7573162937204626,0.8501422662317044,0.7793929738591412,0.6010931353734187,0.900591395016167,0.7590402616052895,0.7855761303703579,0.8272385765203077,0.7639228252702086,0.8428237058266337,0.869700214223061,0.8695635489050036,0.7685444189703351,0.8464791937127382,0.8201425859540301,0.8870619813539049,0.8684160061009024,0.8035255530554177,0.8093172658655615,0.8192399859830286,0.8700357117623139,0.8363183315121383,0.7629138147134026,0.8970709831375234,0.8475245615468275,0.8528491174580636,0.8020234714892462,0.8777709875941538,0.7200696679267853,0.7925811630565263,0.8589352246710815,0.8006413237798254,0.8774465115638717,0.8843379293823372,0.8574873171018408,0.8363888580007979,0.8126772260458024,0.8227953206172999,0.9186957532107897,0.844961883571357,0.8603026975231312,0.8040974805630398,0.7888998398939879,0.7628923888058736,0.7634287977673911,0.8283839705310957,0.7610692374662555,0.8345703096119702,0.823100780769472,0.8398194978826368,0.7928441164301985,0.7764588987801605,0.8677149083434252,0.9049057732901132,0.6571081371638253,0.8288433847936737,0.7687687534003368,0.8403257458413065,0.8367638755982092,0.856087681658265,0.7741742049469728,0.7272592505743094,0.7911727417929848,0.6802472679789475,0.9239941867719569,0.7162390790067844,0.8028966547069137,0.7672038665725918,0.7790946238439068,0.8574340445997918,0.8643819597094683,0.855048376222703,0.8004692048209022,0.8929552810673534,0.7991151300519018,0.760025583446418,0.7177445021657107,0.8958802022854324,0.7055527214918915,0.8624640898220161,0.8732645356416098,0.8753912047984979,0.7888042359396109,0.8671617630543901,0.7531272399762222,0.7102940304398115,0.7857914513103423,0.7768443679629845,0.8740239856815029,0.6975381724554616,0.838683318875529,0.8032416637395736,0.7344860009680726,0.8370830871894493,0.8321974268828595,0.8141149225508921,0.8200789769530749,0.7419505562094911,0.6325570841005349,0.6849877644724335,0.7417798514160904,0.7594644727634251,0.7834370227863208,0.7806992059228904,0.7222760025567976,0.8407830047109767,0.794672307372989,0.8501280374340656,0.7208946427917782,0.7292641693499741,0.7684472061811726,0.6775222588335399,0.8083759521784555,0.8587527304027297,0.6001430167163974,0.741634684389423,0.8024588912833142,0.7219472781063144,0.8483591613974468,0.7880443383444966,0.7908953639425937,0.8104508295787091,0.9006856470366598,0.8166604782151435,0.9165152316729457,0.8696061277928935,0.8136762801718409,0.8475944939240445,0.7150053873468609
0.850639660104179,0.8134763916262464,0.8234295263129856,0.8438108272493289,0.850787625441732,0.7512667343086712,0.8030456630789328,0.7953099808991437,0.8337249399234085,0.7681529746424625,0.0,0.8758676579154285,0.8081874737128404,0.787054781509525,0.7597466906622284,0.8656025620155694,0.8274472568293186,0.7862500588251767,0.8011431763782152,0.827799240565298,0.8498434451652914,0.8874093327984867,0.8314018245910589,0.8568483241046142,0.883671601515837,0.7938599848183711,0.8417144601303154,0.8395293696347358,0.8355041311146381,0.8142087769961179,0.7854845894750807,0.7754019077287501,0.7539805753091465,0.7747180073376736,0.8668298047591562,0.7963256152505627,0.8802407832561527,0.8360909526291065,0.7811098853149974,0.8423382036660979,0.7388386802378173,0.8864181628849004,0.7569508910923374,0.8435337740184863,0.8172873126695107,0.6934087304111456,0.6756465373236941,0.8888792340681415,0.872708336977919,0.7785942388055752,0.7953583710391544,0.7695775094840854,0.6501140977362769,0.8334730643826158,0.8700258624404786,0.7694010511023959,0.8076646058329513,0.8916070400478028,0.7611871048748935,0.759131630423709,0.7796480444050762,0.6347887095075094,0.7402266055658698,0.7770480147918793,0.7009851576408459,0.6831797717801157,0.8070520302454982,0.7314897388209493,0.7800901569985988,0.8663837259417593,0.7735890716772179,0.7657710996133126,0.8378997088874871,0.8242744428204716,0.7616991437382262,0.6679847487455173,0.8093032534633774,0.838602882497727,0.6804432543180745,0.668848391988889,0.6362166268097553,0.801626638022606,0.7746305578860143,0.716715257681796,0.8302732991227617,0.8086423304387227,0.8758096236546054,0.7377263672708871,0.6888492722570775,0.8008244015757863,0.875764738024535,0.7501867854092946,0.8111472130901332,0.7302510843499853,0.8398603817325789,0.8031244232727467,0.6654702121367714,0.7574446693684226,0.734794336133895,0.7346681155766203,0.7748686037085183,0.7676856842845622,0.7356043940522251,0.7285349323328298,0.7759509005422303,0.7196734639306738,0.6912987627077449,0.8193415377693105,0.7025180319940171,0.8613336714758792,0.8632293304719376,0.838999018081521,0.7883331856465053,0.8336329670798381,0.7197023490744523,0.8293909470520521,0.6999557068108289,0.8487650460971665,0.8075482749690382,0.7610819423122525,0.8423812362682741,0.7176556838653455,0.8270044642120074,0.7816676265946083,0.8002439147378492,0.7723806853012071,0.689851402037522,0.7942408277363914,0.7917148251192366,0.7275406130922091,0.7555795095432953,0.7726143147988833,0.818650337404352,0.8376206472668339,0.8484285972051496,0.6816421286910131,0.7282068099710856,0.810121705256635,0.8509488432752952,0.7679785219346538,0.6989091974311223,0.8060707006971216,0.8026771887386557,0.8047869487680019,0.8772404425828186,0.7611173219888852,0.811673381617997,0.5958331916891746,0.8166650244973106,0.6639391437027446,0.8768045027187212,0.6633499888276416,0.8887966577613962,0.7267073847278367,0.8175874000508899,0.8396363803140959,0.8797060940093396,0.8058014590926482,0.8457206151365735,0.7929708407525085,0.6024387205559024,0.803280253969107,0.7737270355405282,0.9592408435032579
0.7829448021894513,0.7923534413543414,0.7335751502358467,0.8559885636059629,0.798197195581084,0.728378282497269,0.7784603190800656,0.7888157627998305,0.7529538531629358,0.6920839523546254,0.8758676579154285,0.0,0.7182961793326912,0.6955027498317672,0.7576736071756308,0.7929759736477333,0.7796573254446203,0.7107055588555019,0.8715794843739698,0.7993857634836503,0.8611069514703171,0.7739817520935885,0.8283035283965874,0.8697078743341615,0.8416073653541465,0.7833248869919635,0.7408192233389105,0.7960348400538038,0.7756974955664113,0.7598646244835844,0.8238897376444362,0.7317735983801189,0.7830654582636027,0.8539095582060918,0.8377666270521628,0.8301288077142189,0.7901796732288415,0.7886783117488103,0.8538996040628538,0.7936859776569881,0.8039933617487623,0.7629942028286136,0.7489478084275489,0.864334843435763,0.8223400985254752,0.7024550496489109,0.6679547273933141,0.8346402138022986,0.8242667505313888,0.7658124676369932,0.7880412460802956,0.7956548087033319,0.6399349380291514,0.8556240698662528,0.869304699810364,0.71532363283471,0.8047657125891432,0.8937711732704456,0.6976820607089359,0.7677395693019301,0.7337856793406009,0.6282046887467815,0.7257887193666652,0.7448607089441811,0.6865261544776727,0.6726380332567317,0.7304998758452698,0.6450669134363364,0.6737417145613566,0.7651794291421365,0.728134471248324,0.7353123141526859,0.7471607038870793,0.7688304783508446,0.7144573056864426,0.655098652743626,0.7467636194560976,0.7988050553018897,0.728507091121208,0.6464494085931048,0.6158102250120455,0.7944926386136836,0.7192608770365179,0.6861985505072035,0.8404706051664935,0.8071610176498697,0.7934690563718888,0.6920078207076217,0.6832288490724863,0.7917750892134174,0.8142854693037719,0.7924962253143312,0.7954241134132303,0.7332911154208107,0.758908016507708,0.7830257851197389,0.6827803431059772,0.8181770573030036,0.7229476695722972,0.7286920152424671,0.7542180466857235,0.7476967102349034,0.7682721043544418,0.7848106119841055,0.7644589794006016,0.7211874655443048,0.7085362531931538,0.7822287726063496,0.7011747072421317,0.8266416968090704,0.9025155021866655,0.8450741772880422,0.7122287232887577,0.7269575068202764,0.7295607876445624,0.7932997335124855,0.7098508498470425,0.7863480917947353,0.782352101962266,0.7057513440647178,0.8078924039474943,0.7310688346224001,0.8136454566258506,0.7809153780080041,0.7390398036565907,0.7930676095618755,0.6702260823523881,0.8160698605333248,0.8284917257619343,0.6830581112176153,0.6799201112674216,0.713158223684186,0.7279180503015262,0.8393699420301775,0.8367952556015519,0.6540734128110114,0.7358075580100786,0.8058241890498462,0.8115724278414768,0.8083972144067435,0.677651564002847,0.7373844494288054,0.7855951581988011,0.7664246362287107,0.8477539776551767,0.7477225134097117,0.8191641244361721,0.5856982897434501,0.7925405228469753,0.6732591304995635,0.9051599214341283,0.6572788480294622,0.8520190428772102,0.6799261329265581,0.8962684651827163,0.7735726877854766,0.7778279650364736,0.7963692791824647,0.7981363400447808,0.7375964624956708,0.5737796401234724,0.7776029600512905,0.7744648940498784,0.879703532521569
