0,1,2,3,4,5,6,7,8,9,10,11,12,13,14,15,16,17,18,19,20,21,22,23,24,25,26,27,28,29,30,31,32,33,34,35,36,37,38,39,40,41,42,43,44,45,46,47,48,49,50,51,52,53,54,55,56,57,58,59,60,61,62,63,64,65,66,67,68,69,70,71,72,73,74,75,76,77,78,79,80,81,82,83,84,85,86,87,88,89,90,91,92,93,94,95,96,97,98,99,100,101,102,103,104,105,106,107,108,109,110,111,112,113,114,115,116,117,118,119,120,121,122,123,124,125,126,127,128,129,130,131,132,133,134,135,136,137,138,139,140,141,142,143,144,145,146,147,148,149,150,151,152,153,154,155,156,157,158,159,160,161,162,163
0.0,0.2690722147592253,0.2707346163654638,0.25165391212834887,0.30167796477298137,0.26192576986758953,0.23891310313564781,0.27119478326216073,0.30721828191306366,0.2676211041689556,0.2997101860749337,0.25404843774480595,0.37596665406897656,0.24648127814214713,0.2608447780200481,0.3191965230287096,0.3146760111361945,0.41818417046383416,0.2692116461228185,0.41333002518598916,0.3032647134228092,0.29144974099841947,0.2626845393464278,0.26577804952501755,0.33519281984505095,0.22841800042555577,0.23624968122573645,0.2621750953522169,0.22850805590009796,0.2506010628102632,0.27821267330635546,0.29460458044724014,0.23517311571561175,0.22057846220022617,0.35427168628998923,0.24437574640900178,0.3546498245892827,0.30510872084763463,0.21539230247004806,0.3212608678988451,0.24083268114115464,0.2734363667280728,0.3031228424596298,0.28501987023093234,0.2720666062692666,0.31858441013874655,0.252793730122653,0.2974770179991078,0.31851762626214414,0.3392632620831539,0.3263937232337923,0.2981058939006532,0.2575117864365804,0.2559729395798009,0.24486267134963036,0.2428096917946704,0.40645533882388746,0.2921573387663827,0.282297662214171,0.30019712550692107,0.25432810483484636,0.20135646088328887,0.3112313460481158,0.2288648015081291,0.2653149689796726,0.28623625825015503,0.26086382370747907,0.275078583480968,0.24702558432651556,0.31526747349510337,0.351699655791116,0.28695039178527415,0.2874880004260595,0.31321026724580237,0.2832658140951104,0.27394289304687547,0.22910974884118748,0.26382365701409094,0.2445518564903655,0.2142003808269576,0.23920854145348538,0.311523413397139,0.2834823240765137,0.25014245467607094,0.29274483192613077,0.30871192159005956,0.28206767696293933,0.3185980078058945,0.3064495211690617,0.2194811955459193,0.35960680254385047,0.2578120155397902,0.32315147804573524,0.2907623454878017,0.3015182461819949,0.23960373885199568,0.19851679568983258,0.2342907422813997,0.2139600337782103,0.28876988869782483,0.23090555434337232,0.22814048962022243,0.23865744684476792,0.229000609604861,0.3309645560145861,0.2880756625377986,0.2600022446024626,0.28655138465025876,0.28704038252949404,0.27912353315813293,0.269647778065715,0.30724036409680544,0.2801905668038369,0.25261000010219065,0.2746444740149475,0.3103309690657436,0.2958689538282454,0.2865709208591721,0.23871120338133783,0.23166516453827518,0.29214659563131823,0.21818897041690735,0.2713240836621572,0.3228939789367865,0.25646516274088305,0.24375077441277174,0.21130467373259626,0.2197652586218033,0.2233071477705398,0.2870723636412166,0.22871237990003485,0.27068330999963885,0.23962339340588637,0.26855586972068896,0.25581618071754536,0.23960804806201522,0.2804661597239075,0.2834475657379624,0.28224630617560603,0.30182879444512056,0.23103723386433403,0.2539438518558504,0.32578064899204606,0.2540656454666695,0.27410657302146274,0.2716580124998876,0.26892236729039026,0.2279490186997413,0.3128657923717243,0.15537981441061582,0.34662197780475185,0.2654090830696646,0.30688641460521554,0.21430138923752967,0.2662000827247351,0.2935720148937464,0.26799037355549826,0.27078753546218404,0.2692787083460931,0.26213794191259565,0.2117617714954261,0.322383607752331,0.2032567701727301,0.4006536057192506
0.2690722147592253,0.0,0.2746303755679834,0.26931443237463853,0.24093246628498216,0.37835756573622037,0.24832866518063498,0.35212927245018505,0.255673581329225,0.3504603213395272,0.25937223495847694,0.3012874636737216,0.2952518638402427,0.27020944648595396,0.2674928819788259,0.2733741124521731,0.2606027154255213,0.24499096144091273,0.26510352568498374,0.28410380193013784,0.2894989613859759,0.30880363456331916,0.23658264749309005,0.263647591389007,0.3109110484485581,0.21808796660449759,0.22192543399039208,0.2241799065869043,0.3435297090457109,0.21750990686334773,0.30908150431893566,0.28608100566765093,0.32397485311530083,0.21009892101847286,0.2846710467493914,0.26810841193448665,0.2860314731399831,0.27525488052368174,0.25198860666688805,0.28358472046099764,0.3017356447433303,0.2572724918089905,0.21641410057824614,0.2613536675672249,0.3195720615923996,0.24978471146893727,0.26822598819317095,0.25461084075319523,0.26054693786641236,0.26676988972676335,0.27589300011938034,0.27502094554298706,0.29118294516978227,0.33656779687843097,0.28435210164983854,0.30857034998974364,0.2809176337107387,0.26970218089233444,0.28027216758354007,0.29913582950327616,0.3125234134046458,0.1984014380055607,0.241794417341695,0.20568321519618546,0.22013660732162596,0.22146129286883692,0.26338410618393343,0.25740570231721693,0.20325527564553778,0.27595762549573594,0.26914683834765896,0.2780090224855464,0.22139417305655312,0.2895428085140638,0.27555819570313506,0.24322794165569853,0.22738778259651013,0.338020862973996,0.22669202596996096,0.228768797218069,0.24788483717991855,0.261711301351895,0.37203150497574483,0.2534015433901545,0.2550112910396581,0.362951330424798,0.25968153478167333,0.24252515319136828,0.26683533089679684,0.28229524766087244,0.2427171699364732,0.2812832199390301,0.30675306806386743,0.2560320446123766,0.2812478897871549,0.33737576453480533,0.23912392790190887,0.2657918332971344,0.20388683102554153,0.27955777515101427,0.25337614263657743,0.20719598471193296,0.19383132978400605,0.25355377161031406,0.26625580518958464,0.26402228905873926,0.23634103277134366,0.2885640893755863,0.2855667018448191,0.31779707393618195,0.24203955351676018,0.23857392157522528,0.2705053694558429,0.2402101592307406,0.28134546377991404,0.3409391171716926,0.2773502040592771,0.21068476913705042,0.24981521952825028,0.2274380112052124,0.2740023715799435,0.24147982008432628,0.261325090891601,0.32258752689020276,0.2624417026172647,0.33810400947154196,0.2273125024985766,0.28873002363994077,0.2908507225037276,0.2561899492252459,0.2644486851495437,0.25846327394565355,0.24527141666139585,0.2787520214756139,0.2526840962668492,0.22371367665223665,0.26918023313230927,0.2732534606995629,0.2666738018539584,0.2535638481623529,0.26493455720096515,0.2758180098579105,0.3507617445479949,0.25546234389031186,0.28938517486883514,0.22698829594751435,0.3090572100453418,0.2646406891153095,0.3383798285246659,0.16567170504752096,0.24144319282706805,0.3022942609844788,0.22682090971352167,0.2721323044027028,0.2695897926908311,0.28555054805075525,0.25891618861239935,0.312489629624142,0.2657771374394529,0.23631730925023525,0.23421692721978077,0.3330800026006724,0.21463645482964705,0.2592381258031756
0.2707346163654638,0.2746303755679834,0.0,0.25345850713283957,0.2687733045005937,0.2726644297514734,0.2089975067374747,0.30025858343715656,0.236837869777804,0.35724975016893196,0.2808720414284359,0.23135599097307,0.3136570141739186,0.2315715360147739,0.22426543003357513,0.3204052851550095,0.2960116971581184,0.28490992622903233,0.22386578914517416,0.23353321902390836,0.2982859156491944,0.3664553073369588,0.22701726732913657,0.21892033373796396,0.2805097989188091,0.2232260434705381,0.2288958527037856,0.2393552919117465,0.23015491157395498,0.21116562052347507,0.20998500906376738,0.2624827666547603,0.217869339658579,0.18497854273937786,0.22276938416041225,0.23367052716152525,0.2641245419130886,0.2642400167052665,0.1946319191675936,0.25826518062143816,0.2252457724558798,0.30484442660907085,0.22389197237912245,0.21531379415881907,0.25506887061486616,0.23585478115034733,0.22055190906442207,0.23826078897303227,0.2422628081856032,0.240640601459384,0.24878212807813518,0.2534617231054464,0.1985622266451921,0.26276183617433024,0.22947736315842254,0.23303034118728963,0.23438996063273035,0.28633980863722613,0.25036744598875155,0.22864969550490258,0.2549043276900142,0.18731936126907,0.266610866846707,0.2076338113876538,0.20450857679267195,0.22461548465962128,0.2347556814643608,0.26282231088406954,0.2717909812216833,0.3217898295118692,0.264633775077508,0.20382807256344843,0.2549279167493981,0.3461034033592582,0.2915551541494606,0.18250078707431783,0.2376123870014678,0.24635151811858144,0.19823314265870703,0.17192533136890473,0.24226465960922547,0.26067154843881507,0.25218020884795594,0.2476809324261306,0.23373762606431503,0.2978657980033973,0.23437463596144695,0.2086991663380468,0.23063960703528527,0.2000796518941796,0.27293459823633276,0.20121987795636417,0.23833503148873494,0.18740003908971115,0.26076717809334476,0.23766545212519236,0.1927539155218972,0.23875598938894724,0.1789232339471571,0.23920576781789674,0.17591330312526537,0.2336718111698368,0.19665806973285663,0.25722938314196736,0.24150482527736422,0.2678313616090948,0.23750161502038036,0.28391753494805183,0.23431562691820504,0.26627353839521994,0.2227604980362088,0.21849311193370022,0.24798325252141984,0.23962581067292305,0.20803817778631284,0.28756779100636637,0.21041526502481164,0.24969830743990817,0.2712161546996258,0.2380073734575079,0.2235870683165288,0.2178173808666489,0.20990876380161586,0.24104952281377293,0.18719912811777262,0.2444947073276826,0.2148501277953822,0.21462035250628447,0.25597728264652164,0.24029171979793743,0.2477075010463085,0.34047567265569784,0.19489963750444228,0.20610262140855162,0.24111177556240215,0.18718756736595624,0.1862843113033995,0.20941800949965203,0.26320936240079196,0.22656914902016162,0.21146371917943363,0.23631715505482973,0.2526757181736831,0.2562232167300472,0.23049560759179902,0.19881647090764815,0.25713606984486614,0.23062715287565758,0.31219511874087263,0.17428487717913022,0.20267336592732232,0.1990886526402462,0.24354489502482604,0.26460158156271474,0.264913758542398,0.24903454664257643,0.25406463343201807,0.2755812079331448,0.18455708618795078,0.21325590740018466,0.2554602538217288,0.20330956228369743,0.21802832327499722,0.2653741847848508
0.25165391212834887,0.26931443237463853,0.25345850713283957,0.0,0.2494866587616694,0.2571142430679789,0.2815308512171817,0.2695794667960103,0.20735784443815736,0.275855790384969,0.2816119182493854,0.2563584401631849,0.27710584838487373,0.2361430026877702,0.2778727157341322,0.2577086560982743,0.27141583313001355,0.256765620168146,0.2533012566496541,0.2327611866231773,0.3277149773062435,0.24864832631582648,0.25449144193201134,0.24398631915038513,0.2891262947350491,0.2728231967769476,0.24142474847321999,0.23092628968566062,0.25059851678160594,0.19055978310128976,0.24022484658048823,0.2532988963834817,0.3337351468856926,0.22172165392301765,0.24537760884902515,0.25832653969949587,0.29717318674499915,0.24897597289312043,0.24630659229019755,0.34453750141226674,0.2720901489967789,0.24962351120007892,0.24799680227211474,0.2851841293309003,0.25954459682710707,0.28102214101061335,0.1941978812377916,0.2740117783684137,0.27636921381374246,0.25382624340637244,0.3651876106196457,0.29548675496808247,0.2467616605471916,0.37327629256424744,0.28466627170640924,0.23369984766848217,0.30433538172350894,0.2741935582309646,0.29278517165698364,0.2883023625670111,0.3253826646862391,0.21029388203039764,0.2824072644676407,0.1881604063976746,0.2454567079264363,0.27197909218491423,0.3302711331646976,0.23741395105753016,0.21892615431009665,0.2663141066271232,0.2707376026167961,0.24668245606810502,0.2485984726792514,0.408281500335689,0.2480571774257802,0.21708189021847754,0.33278361287990776,0.3328371972473309,0.23059107467652049,0.21083841162251016,0.2515925645137657,0.30246483087761333,0.26515748194964506,0.23066381718909074,0.31260032238258423,0.25262919219607116,0.3073773309820631,0.2863014677977956,0.2617402380909067,0.22063294970680541,0.2871008077142389,0.2501482276560223,0.26405533230449263,0.23938913198000147,0.3079357226198065,0.24451370194480662,0.20786623116127678,0.24082611685524374,0.19874332165231673,0.27649822104732147,0.23401088062860595,0.2783310532410777,0.2771502612648335,0.22921013701753437,0.25935577455376385,0.2555389674395334,0.2769498177848101,0.23679676355995136,0.2811415850851881,0.26390751265235174,0.30793800342182975,0.2656239598600841,0.31554601065583315,0.2779042389321557,0.263324030398228,0.2506975950048637,0.2673221874721391,0.21206141661732228,0.276517353672055,0.23702426674928484,0.2597825172771936,0.2888793188716075,0.2447592660230716,0.3034002984166144,0.2166706508894925,0.26161740383482546,0.2377964323942172,0.24552692357919956,0.26686861962185676,0.2837219919820455,0.19118963615713666,0.27828412308405714,0.26863622626295547,0.24763051307526843,0.2553915280340198,0.20885780989884387,0.18663946760948277,0.2693927562660117,0.2755260765912003,0.2798435417461493,0.30891175998529,0.2411080956722104,0.3390605068005352,0.26150975548075006,0.27413591904285645,0.22532004343396514,0.254660176687015,0.2573601365727839,0.23560562845806107,0.15129686126348474,0.286464584773684,0.2740899101772779,0.25820765416495134,0.23749538667114298,0.29016811373976326,0.2758552506833426,0.2569845210074382,0.3000944664431984,0.32768784928113365,0.2642691999668832,0.2557317524658162,0.25762344705265194,0.2584644521870536,0.2745161944939523
0.30167796477298137,0.24093246628498216,0.2687733045005937,0.2494866587616694,0.0,0.20899541529642743,0.2691787912152915,0.22589336044079575,0.2693282172865736,0.2572632026047951,0.2929015544574393,0.21739625600338355,0.23801563101730605,0.24531738583248575,0.27079017964899416,0.2572859288387353,0.2652782220116415,0.32489716594242135,0.2168306423704637,0.2545467428648249,0.2813380657944553,0.31970266578267464,0.26865421316096794,0.2348908755146795,0.25839653104548227,0.21295333779501713,0.2367819643912143,0.21306073459388233,0.21302610625957055,0.2296655659719473,0.25210348484530337,0.21535522948332347,0.22125762618420988,0.18836071478501917,0.3317064422178747,0.24852206444497732,0.2676288340336742,0.26481789314198684,0.23438756754721937,0.25171012068032056,0.22814810611395842,0.3273603163212136,0.25350935960145565,0.2779175436621242,0.2170244960993742,0.21890586404711218,0.21592185923164803,0.26904573779809277,0.29017262307077885,0.2730941827496087,0.2646308273985064,0.2212646176127537,0.22633517478490925,0.24225500969003788,0.23167111519193803,0.21169243968744555,0.23906146456710972,0.2949816171844827,0.26186162049399764,0.22661895247547703,0.2028113630127297,0.17689620933894615,0.23079691976976002,0.23657387118638584,0.2545950076373285,0.198494695715729,0.23153014819374002,0.24214300716712467,0.2412530605142306,0.30031858983936655,0.26371961201802996,0.24942138883421996,0.2403329221285786,0.2660602443287089,0.23291120658253728,0.19332681850519218,0.22425751324166132,0.3040686588364891,0.19202179382743312,0.17331880306442796,0.21331902400281658,0.2936626239114191,0.25611922077602123,0.1929049596649942,0.23724089991685107,0.23516918925234584,0.24660642346186518,0.24357765381667848,0.2059697045996016,0.19920112870027126,0.3841423409408688,0.2573131240873407,0.2894777775404394,0.18986262495607636,0.28188379860879326,0.22675427864891956,0.172269520333537,0.20929274685167276,0.22383262266526127,0.20544472688168897,0.21069522422570103,0.21268018719009885,0.22724687760791326,0.2190624423345764,0.24169356709544854,0.21983787383118855,0.2021111551142302,0.27158635756441746,0.24702563211647494,0.24082975533175555,0.24475400788724938,0.2722620057790494,0.2257217461639862,0.2751229106445726,0.20563759214404215,0.24036460321037692,0.20973756534777935,0.26094498317795267,0.21603197521711417,0.24839320490703395,0.32205037105404427,0.21113885674057153,0.2122800410347512,0.2605867265037263,0.24556393477741562,0.2054173049403994,0.19881220242304207,0.21224390124299364,0.20594528111649915,0.2490178456169238,0.22148008828980967,0.24093349559914484,0.19570904845420128,0.25124712012294326,0.25375967656997706,0.23279180547648234,0.19696375481912046,0.2855536226630295,0.2665423003306277,0.271773185864591,0.21138431221026918,0.2510037314250374,0.2856768207402907,0.26720187433557757,0.26568441287404965,0.23362735871776713,0.2712344912693322,0.21540318422131968,0.24502971569149878,0.16216436791985459,0.2410305549963398,0.22689139212460135,0.29918990425693925,0.225280019219803,0.25370524900510905,0.2684258953506074,0.2165716263377597,0.24593087046966786,0.23421219947394817,0.20708382833927566,0.2102913545555246,0.2391682807555845,0.2220019125301913,0.37320957496335544
0.26192576986758953,0.37835756573622037,0.2726644297514734,0.2571142430679789,0.20899541529642743,0.0,0.20162730588045752,0.33721816742871163,0.24732397996928504,0.292137457377429,0.235174542416976,0.26964109908206735,0.31884832416346237,0.21737570022302918,0.23259218756929367,0.29242219822269794,0.25887763508344086,0.20806401326463772,0.2593275866326531,0.26948119880696486,0.27798313499110033,0.25515484002434546,0.1895554967511498,0.20357618550071863,0.29172564478490554,0.20360245137728014,0.20238002037848507,0.22238230969431882,0.2529508545092912,0.20791577202773875,0.27799081179343277,0.3405360085346177,0.29137311074748484,0.20847451662304886,0.24651404727041767,0.23915402914661102,0.2637284749454715,0.25422760908293107,0.21849613369031995,0.22225327937648137,0.2465886610417941,0.2569883274737139,0.2140063666330634,0.2531117879179875,0.2596604739161805,0.22905458866743625,0.22940094560924754,0.23695455108420194,0.2056311507042067,0.25986127283210675,0.25180098645610927,0.2882078083965877,0.24224215455078812,0.2827644303865825,0.23990148698040983,0.31342681230568353,0.2601494622354512,0.3121153465441518,0.21531029989355666,0.24657511202256277,0.3364151620750584,0.22463203666097667,0.2698137566189405,0.18305034209882767,0.209846551387898,0.2267186047761661,0.24391271131491124,0.24718574889581002,0.19117777121615112,0.2683356192222581,0.25948994672335296,0.21911345207505178,0.24163542435667473,0.2735690435988115,0.32193953447737683,0.2228183625323256,0.22589183540264762,0.2620102724692292,0.2134818713834326,0.2597525843082955,0.2873702815405975,0.255644011533208,0.27971724085854305,0.2841645373844047,0.26278483826254506,0.2995622153466053,0.2966168504045837,0.22960632345439125,0.29390483669867423,0.2437674924464972,0.23346989939644935,0.2767069047793205,0.2622997310678104,0.2307422217048923,0.24322033330189013,0.29354241390421576,0.24835629687696592,0.2852258783776972,0.19422179669845924,0.2690242574611966,0.21414910283204563,0.21629615426260834,0.20107863828028216,0.22652688591047832,0.28046306565146234,0.28466689271661605,0.2717547317754768,0.2729506256499361,0.22814352367576357,0.2545693931465882,0.2303744110016402,0.2220128782029213,0.32765954031171257,0.2660694679391268,0.24335696825032496,0.28799938777702183,0.2824984753647843,0.19382219383702454,0.283241160773232,0.23842480364125024,0.23317706930526688,0.26675052782257913,0.2601695657046488,0.2732664666455131,0.2536240786869755,0.2758840199103198,0.2590221805172211,0.23027126799872402,0.26962744324496934,0.21776436660004822,0.27934974363102544,0.33671809366533245,0.2507509061780037,0.26338448565708095,0.238637898741843,0.20374427659819158,0.22810117955537668,0.21289173138155457,0.219565579800241,0.23376222229439483,0.2462702359855079,0.2766321369214873,0.2767883054346775,0.2532091358455513,0.25772566999265545,0.2159435812693162,0.2775743432444602,0.2614678773208101,0.29142413576637344,0.17775269280678627,0.2318163287377532,0.25948841439141856,0.19859154081504346,0.21545526118683886,0.2837001831957029,0.2575997750245981,0.23411459969150192,0.3152108070259294,0.22214609028407484,0.25308449387429466,0.2206391599188597,0.29658350998078026,0.21785577240480133,0.23005390186898847
0.23891310313564781,0.24832866518063498,0.2089975067374747,0.2815308512171817,0.2691787912152915,0.20162730588045752,0.0,0.2066424148990111,0.20042946239808568,0.25190010295358134,0.23555751720255091,0.2623105572571207,0.2308219774611249,0.21570209722969402,0.30784177877641933,0.20023893036184298,0.2001909590429103,0.2370504931346938,0.24352601902984014,0.20379088538076717,0.24736702754845236,0.24573693512365566,0.3165534410638917,0.2918488295231583,0.2733478309011729,0.23170054190241218,0.21591468035311043,0.19700658234373697,0.21576287624758572,0.20538559246995017,0.2544140758936835,0.23127322787724858,0.2707877330607801,0.23882209163327495,0.22133393769334217,0.21809877282309317,0.297808563374664,0.19613737964525357,0.23862930117970418,0.28884597244945676,0.24769650014998126,0.22978951120902744,0.2437541899915154,0.26365512713901756,0.25885894721491387,0.24256491609044928,0.23863054375062742,0.24654842223904103,0.36934006109721346,0.2107263568575041,0.2971422560347485,0.21070235392602715,0.2027169515371591,0.28037189080562985,0.27746281872334055,0.2224594457749741,0.22869643952781715,0.21189941792901656,0.2919319337941744,0.2259220377304739,0.21022985495993526,0.17987044879824907,0.19071512158244314,0.19081737936765758,0.2298363731536227,0.20273017154861578,0.2876696143549615,0.2897537122732589,0.19488117624370122,0.21811351712288654,0.2627375047618198,0.21835026316764078,0.19425626814099484,0.2750751243109313,0.17080887632301767,0.23659142657063817,0.3083496213852315,0.31607681979902197,0.1909554343253998,0.19485738196839128,0.21109193632298506,0.27423654647257323,0.260429887726214,0.16619172694627657,0.21104279671142684,0.215165831238555,0.2211686494201303,0.2615196180866603,0.22997183880650454,0.21760698015692917,0.2460801184807599,0.3131373955322729,0.24503688334817655,0.2272269881626133,0.2454314501260844,0.27142639273738284,0.17860170386114146,0.23674968123323942,0.1914899907124127,0.25393777048935884,0.23500706167755256,0.2426852190502168,0.25798144907496734,0.2378358871150396,0.1977640543085366,0.22076545451612126,0.2036582154608319,0.21253547491377792,0.27624757022348323,0.2768445094440291,0.33118078428836834,0.22408416023608607,0.22493292906922666,0.19439711998004167,0.19970599896115968,0.20396606635041445,0.2170580367834639,0.24624562823288823,0.2098165580834998,0.1845630304605482,0.22060970113077086,0.20529717476065787,0.19567635405555175,0.3138468483563075,0.19966635647721212,0.25168684307341926,0.1891097268406377,0.24904505810855665,0.19821679472595638,0.2505594443577079,0.17185970152913782,0.18525255194179555,0.19486323164102026,0.20228136034516067,0.2251677361316237,0.21384667011122796,0.211647747539017,0.2621340186271475,0.2411822742358948,0.2833833188525505,0.25456807838664663,0.20081126463517315,0.2879985531363363,0.2157997899167022,0.2554679055092582,0.2646623551452667,0.23912351079426378,0.24326796437015402,0.21916396190106427,0.1289200479196216,0.25335618515287833,0.23926954420091714,0.22295918352154467,0.2703135309835188,0.2731551949296326,0.2870300195695135,0.25247686661669927,0.27887071587222784,0.27603443956514484,0.23692356529445363,0.22656009188622203,0.22203984399769586,0.23179365829969725,0.2466827610927339
0.27119478326216073,0.35212927245018505,0.30025858343715656,0.2695794667960103,0.22589336044079575,0.33721816742871163,0.2066424148990111,0.0,0.26704671940092195,0.313971679954844,0.24760687075852827,0.2991578411033758,0.3355223745378982,0.21451157224758574,0.23841950334221834,0.32411064450343835,0.2949468466301471,0.2399788975174129,0.25962849481130257,0.2748012661922049,0.3210368809762525,0.2499694610343284,0.22478403521308496,0.23137415038389986,0.3106589604315985,0.23972839779711594,0.2413421286718408,0.2407644521753606,0.22508072562608208,0.2339474754563689,0.3066325863216919,0.29424091984647127,0.27347295450479087,0.21646766754694693,0.25106624225836666,0.26482027602695435,0.31083602362190516,0.30074834032755815,0.24259754561516725,0.273928598215957,0.2705305058496516,0.2608951561911724,0.2480938198034436,0.25460630083261293,0.32069310033106696,0.27474863672733074,0.24872582626586057,0.2551600135760161,0.2505874341970633,0.2700496498058458,0.271257815576664,0.28202223223255,0.2345356960189766,0.27127572619016954,0.2444923328274469,0.2827225290552829,0.28270998792858537,0.35797127256228256,0.250498334806714,0.26475694335982275,0.36294099675147307,0.20234127707959712,0.2879817553390085,0.19975518584912544,0.2068954145255001,0.2386635594631359,0.25812425915568465,0.25311381167235986,0.22754010086959853,0.37197553215935475,0.2681610641971833,0.24338670239983837,0.2403700039022995,0.3321245855429047,0.3365954226234284,0.21802101458158363,0.26562711833266195,0.2820136188462345,0.27745709651230593,0.20926657933224732,0.26085015445457926,0.2606327528290948,0.3277265671169297,0.3005806514204605,0.30048068136273975,0.39085531772083276,0.354142713656182,0.24749547677335032,0.31019215127363575,0.2580086784679289,0.2562843187099448,0.24099953387167125,0.26164901827986725,0.230702925846778,0.26960601500402304,0.2917775090357945,0.2334231929734743,0.2758790060406785,0.18376021741079876,0.28170928704180603,0.20916605597389112,0.27464906525132504,0.21518195063983878,0.2567557248681121,0.2841322279731017,0.32763183434393855,0.2901838445581072,0.31803000605494575,0.2697055859180133,0.2820455603054877,0.2326656842560505,0.2546510489787716,0.29597295045213506,0.27648600351714797,0.26220222812236044,0.3220913891964567,0.28690971511647795,0.21247225395197863,0.25702042667032154,0.22805072684707875,0.2557587375062404,0.3237580667467288,0.2442557126634696,0.2877553446722152,0.22266548734690708,0.2745053139607888,0.2256843505391088,0.28494787998273724,0.28077230914360907,0.2518441764357393,0.28413773561804856,0.3136620908940074,0.2638856045611788,0.23452112531339642,0.2610564224333217,0.199404118606626,0.25404836933271313,0.24283730698336364,0.26023627113368497,0.27958651862135453,0.23963762893661106,0.24056009685589747,0.3036546379329758,0.24841373260857583,0.29346060670732615,0.24452258320633374,0.3202285001440771,0.27024349813457366,0.33467573749674623,0.17190590366176942,0.26716627941024174,0.26282048502937694,0.23133246846930425,0.259635060806015,0.33382027812713694,0.2956885198374531,0.24888282009075904,0.352461370313041,0.21398180090553443,0.2402778186363474,0.23395810722938445,0.27670540095910817,0.23283826802939808,0.2541768755972326
0.30721828191306366,0.255673581329225,0.236837869777804,0.20735784443815736,0.2693282172865736,0.24732397996928504,0.20042946239808568,0.26704671940092195,0.0,0.21363832757695544,0.23508325952265277,0.23374498063897842,0.2295814728526947,0.24330082314413382,0.21855202265680188,0.24840823796507422,0.23972910992688118,0.26462945709329183,0.21051223394292823,0.2662494352667001,0.23463445758216514,0.3229125714135506,0.19153736982366243,0.2014419205437223,0.23026906445817527,0.1953355368395283,0.22409277519700527,0.20815754595801855,0.19959681153716688,0.30343099201758666,0.27464726629931796,0.22390863892695434,0.22421166465183315,0.16821183296060188,0.2524086194353295,0.21307244929780186,0.23599088579884558,0.30847183861378974,0.2167301710721536,0.21230943242185144,0.2148932869223087,0.3121130173357243,0.2136100333340611,0.23274378097899512,0.21852572687147773,0.21097021620001957,0.2161058211065797,0.21285854738507048,0.21257643459769468,0.2530667524852969,0.22641477970142765,0.2233895661913954,0.23772100433616733,0.22203611880716353,0.19914342241570274,0.2828972238706382,0.25208399413754506,0.2872412529947612,0.20541133413710758,0.20477475926191122,0.21221785448495994,0.20220758292645108,0.234743492263671,0.2051825571802366,0.22854997160960505,0.20092361818781826,0.22840660768598617,0.2467019811307015,0.21594278407283163,0.276848286782178,0.28726087984051096,0.22748577208143966,0.25960221980847586,0.22310257890456411,0.27454336832686166,0.2006012000229212,0.191754268476438,0.2173553674092982,0.21631004300825019,0.1953225983121774,0.21916772815978555,0.3169205118985052,0.3144909320925885,0.2120008829845394,0.2515177707418209,0.2941519091392074,0.2493821125795001,0.24696692278420632,0.21472170926458312,0.283842609545299,0.3048048348790571,0.25853687940120873,0.23819907463848808,0.20651095065222067,0.29201259654469874,0.271297324831383,0.220609893538602,0.21521088494639148,0.22900774982115032,0.19789510309434027,0.2148475013285439,0.18674467227571226,0.20450076767556302,0.20443196672385366,0.2683225000565974,0.2253871280741562,0.19199044650681596,0.2473232028044248,0.2053235171929016,0.2062875397353378,0.19030772585175923,0.2644993876104848,0.24275003296793654,0.2957609204902718,0.21100582297914824,0.2725380400446375,0.2190631143560436,0.20785558708720886,0.1864899241564916,0.24634289695779685,0.2690766629506515,0.23711559859673884,0.22306488662142704,0.24238128975020598,0.30594723106307736,0.20442187560832362,0.2148483616000566,0.20893339444514392,0.18944264660500443,0.24084159128771243,0.3404075224485448,0.2834935366113731,0.2209867869037025,0.30934665375587733,0.22028179801920506,0.21779879280021308,0.23107958982932436,0.21955850717920422,0.22049329412855956,0.2610505936251922,0.2116574726709958,0.24068560842378786,0.2749704170889006,0.27730831676706114,0.24170667715613944,0.2322163960191681,0.372406661463759,0.2087572995152068,0.25123621509840516,0.16999881670196032,0.2567766601249347,0.23289392710523044,0.2479228981887367,0.21822119965703066,0.22811983532997382,0.26044614840966424,0.21449870720891226,0.2422944472028616,0.22857064348454018,0.211240755056041,0.17931436342100213,0.27660370877997303,0.23581702583390582,0.3035782438805993
0.2676211041689556,0.3504603213395272,0.35724975016893196,0.275855790384969,0.2572632026047951,0.292137457377429,0.25190010295358134,0.313971679954844,0.21363832757695544,0.0,0.24425438971490512,0.2520285677192459,0.307495542638685,0.22245490739002424,0.24626871078016166,0.27637174763310374,0.27567149769297467,0.2715404238065212,0.24120651613263927,0.23535416605184573,0.28026017132211883,0.26564109118462176,0.27083531553471984,0.23654478159186287,0.35639840983037946,0.21098868328032722,0.22409834529825515,0.23384178991124338,0.28889037219909436,0.20980421217092693,0.2532147221470694,0.2814020395152103,0.22320736844755729,0.20159993058850167,0.2400792186373229,0.2223856001011806,0.2998933304423813,0.22304403788035623,0.20052274643009907,0.28682989214358456,0.21596126433221136,0.2808542400707045,0.23514134905648335,0.229522554592314,0.25938304272162227,0.25092374037350157,0.23023033779110988,0.25291728997361823,0.2958850325681559,0.21999833773741476,0.2702777944250248,0.23751523036462016,0.2149888454116654,0.27525470834056875,0.2594878966445465,0.2663170053454756,0.2474627015727768,0.24755204989215612,0.2932320722875361,0.24166270661680472,0.28710879373780923,0.18390180403102124,0.22848034266573775,0.18499923160649712,0.21113134634459577,0.2223303460095213,0.24350758923590374,0.2631521065808063,0.22510331418270835,0.29466730078744013,0.24482873279613532,0.24197988709034754,0.20732027295267363,0.3351470131017125,0.24161311807737657,0.2202437752503861,0.24974058508250668,0.3149932535391432,0.19749474818327256,0.21417571866744045,0.2592524066930776,0.24467164524008744,0.32271747801581224,0.23121486521150122,0.24258705577632755,0.2708097580470431,0.25615975484135967,0.24449528082092248,0.27751502988457094,0.20769178217180018,0.24133051123644844,0.22815124048929977,0.264068175476199,0.20260674452294614,0.26388716425042186,0.2717799199944105,0.1757604586278402,0.2440439184729258,0.18271421213155914,0.2718587394739236,0.20550160527876749,0.2426779368008671,0.20542042483176653,0.2695704950468688,0.2245580795092348,0.2585265646346536,0.24750059512385628,0.3191949615574065,0.26077713341045977,0.30861735863966355,0.23816544587454175,0.21638256511933832,0.26414746185172355,0.24344802633639218,0.2195563552069505,0.2809071677305387,0.2590716739824093,0.261620547236151,0.2711274168501334,0.21962051603719482,0.22391543364401156,0.22322878033223806,0.2128947549184692,0.29156743051978545,0.20211227378417343,0.28556939814196136,0.2143499962062114,0.23526083633324787,0.2699770223212872,0.24035464047346158,0.24945573848168634,0.2565149244262088,0.2223754791027437,0.1968903415849671,0.22349770223163007,0.19634223946381735,0.22494295926416108,0.2356206613859892,0.27184800995543773,0.2521939071538959,0.23430448791101421,0.241979254324623,0.298129008277962,0.21758603827790027,0.24523263409679705,0.22146817733668567,0.23141247653813474,0.29528666876641096,0.3605076640611062,0.15696644094330947,0.21714430421485895,0.2636297812268628,0.21659487735932176,0.2758728308006184,0.2767744099820336,0.2646527597560296,0.23842898972252677,0.34951639426885306,0.2281463665246924,0.25312462975950833,0.2823439082536844,0.2587362478531853,0.22815648655994117,0.24410078359749363
0.2997101860749337,0.25937223495847694,0.2808720414284359,0.2816119182493854,0.2929015544574393,0.235174542416976,0.23555751720255091,0.24760687075852827,0.23508325952265277,0.24425438971490512,0.0,0.2795564168470253,0.28634623394818637,0.22973103974979892,0.22716666342249858,0.3281953927807758,0.3078071478243821,0.3012351349763181,0.2732443936193681,0.2611367194352407,0.2835225700199313,0.31318949645376765,0.2560260919187232,0.25024129815916335,0.2986024222722661,0.22841072572995957,0.27820818170480216,0.2913301206746729,0.2598619031906375,0.25213670246387493,0.23020265360207223,0.2634949025515595,0.2298446371126572,0.2002222449509359,0.257254732524157,0.24629227057231154,0.3063505500063611,0.28093698574508724,0.2594355869660763,0.2650587502899136,0.23056406966235557,0.2720960845302343,0.23595350088404057,0.26096092350809114,0.23819918350813776,0.22646924149324602,0.17707858891259268,0.313183143663035,0.29631562899235936,0.2356330529576551,0.2835148790275511,0.22082286604119206,0.2139026409098865,0.29752711729093234,0.29651420700576264,0.18998611586305697,0.294898881718498,0.3319319707331401,0.2612204031982591,0.25036040339893967,0.27298436764105743,0.1622564121392389,0.25513138020233067,0.2065546113036932,0.19280370152318763,0.2158916020267408,0.24709620496118279,0.21694702460016446,0.2682850839398972,0.30136568933654173,0.23906151742489867,0.21594985418209187,0.2553111127074106,0.3094991984891452,0.2956401073442264,0.21323900722888794,0.275601199580416,0.2679535221949507,0.2036805786323557,0.18859014657400155,0.21415535714380893,0.23047515855800738,0.24077236525330822,0.22986147036160434,0.23167625701637817,0.2420724488771645,0.2713441688471943,0.2344246783309452,0.2242584559347098,0.19914789122606177,0.3380552053570206,0.19521237901535285,0.3066510496437039,0.2380433240626311,0.24817018577752042,0.23502529694677443,0.18538497267456505,0.1916170887992439,0.17837467247937341,0.21472680765935254,0.22586507427018276,0.24613836915213247,0.21175272540055065,0.2077546155368221,0.24404587878668701,0.20450812139781163,0.21641310541472744,0.26655059630786004,0.2227313354008058,0.2708352419921719,0.30661773969207184,0.2367751006453709,0.23386802192875789,0.27524613479992815,0.22873546266869485,0.25480053869011066,0.23068298397824935,0.2616515112491525,0.24121928434508755,0.22153467098719884,0.25428820182344575,0.205210406339092,0.21932514245088536,0.2753378932914561,0.20741768021197143,0.26534748134771824,0.17731275535566357,0.22772959823860983,0.22820384224127221,0.22546695717057508,0.2091353483602031,0.26559110606458514,0.2508708458071181,0.2394079199864281,0.2894904082355839,0.19476856046577376,0.20633489811098174,0.22361870120761998,0.27888504760919136,0.2680984635355024,0.2434161843673637,0.24216816989210113,0.23819108665631988,0.24682265406254944,0.2956744193472262,0.20090232880695041,0.22327085360311855,0.2135544358981118,0.2485597032399204,0.17724834933684638,0.29867505530826893,0.23562212019867249,0.39561820581885787,0.20393080017841192,0.24648708882161266,0.2638541307014221,0.27238680196082204,0.25165706241899627,0.24350323702221102,0.22270582477805306,0.2010833523104789,0.25301016691818595,0.19391744237816808,0.35931027675715893
0.25404843774480595,0.3012874636737216,0.23135599097307,0.2563584401631849,0.21739625600338355,0.26964109908206735,0.2623105572571207,0.2991578411033758,0.23374498063897842,0.2520285677192459,0.2795564168470253,0.0,0.23567696700819804,0.1717888264910608,0.23596873412866504,0.2638609151627884,0.23536878201009656,0.21137394440631618,0.324445761929572,0.25454820951220825,0.3009101035840957,0.22688217861462323,0.2422496262823727,0.2706706342156752,0.34225195684333776,0.22317046784631533,0.22731869815428113,0.2111593425376438,0.23175812087203781,0.25113511938692784,0.30317176288995473,0.2615368525182157,0.25667412249054444,0.25018939426865844,0.22540141886065104,0.24460257232633284,0.30547557719922236,0.2436996553369717,0.3020626791355146,0.2540087467420832,0.26644275267100975,0.2279191034611204,0.24021594148274183,0.27446332696097514,0.2723931288852753,0.2551890363701701,0.244499760045362,0.28197261415057406,0.2666544202349784,0.2309442886732545,0.2893913063862989,0.2574838381007793,0.20360308048148584,0.3024976461011295,0.3090679038902817,0.23387899813583962,0.2927992475614841,0.31816102392353457,0.21511610093776534,0.24538323689730487,0.24321272440712516,0.17301857774717602,0.2329292576565593,0.18705384341807982,0.19711867460872506,0.22049922656770876,0.22922273981409858,0.2161843343228574,0.1821879461678448,0.23586389374038835,0.23275741348833606,0.20595553170488634,0.20117849975609892,0.2523055176570867,0.23160454461991592,0.22802435691082926,0.2453612644151995,0.29613261767493343,0.22782587812061017,0.1996462080376883,0.21467356320926415,0.24995173622928715,0.2811094687026924,0.2015334482911928,0.25396492090584555,0.28357221043399466,0.25138927735931216,0.23366861460496988,0.2798458806362843,0.2479069683381721,0.24341252921369153,0.25350265582612747,0.258648577362223,0.2585905880834329,0.21673087705717645,0.32928479074634065,0.20053960576290772,0.26389154066485243,0.1731473308905159,0.23340831585263216,0.21181633231441122,0.24168876060551717,0.239178017732202,0.29441302037532274,0.22570525732886973,0.24703389428444308,0.2514221741379487,0.2443906533155116,0.24162942337480245,0.31447800173178425,0.34958433235497416,0.25503970949119964,0.2251243972310554,0.2361545488904939,0.22920124347952162,0.2445267187263465,0.26083042306427173,0.2538390323822754,0.23457244502981128,0.18716501897631582,0.22012624564573902,0.23168131437915143,0.22210698654600622,0.2931170508897238,0.19369135261712847,0.32876803231002877,0.1802776195091818,0.27391870670619956,0.2588846081145369,0.21794609393857786,0.20895066498996656,0.22445983954790347,0.2160685380627352,0.2338680283381046,0.2618875866822497,0.18319364008797254,0.27787222774074316,0.23387080458512444,0.23970262853733884,0.300044631717788,0.21818860901055182,0.21027567575879644,0.2706094343078644,0.23168498495181458,0.2905997402988479,0.2739538699100426,0.31069159770016613,0.22552058174645614,0.3017823095892595,0.1610944004547356,0.3015866830681988,0.2553313728245657,0.24651117041007917,0.2368052300917789,0.3411641401869649,0.2514849439369522,0.23609166943446022,0.3060517875032531,0.22073755689518254,0.21508253530359828,0.18142937468963702,0.24699425004959977,0.20704918801042768,0.2528074817052062
