0,1,2,3,4,5,6,7,8,9,10,11,12,13,14,15,16,17,18,19,20,21,22,23,24,25,26,27,28,29,30,31,32,33,34,35,36,37,38,39,40,41,42,43,44,45,46,47,48,49,50,51,52,53,54,55,56,57,58,59,60,61,62,63,64,65,66,67,68,69,70,71,72,73,74,75,76,77,78,79,80,81,82,83,84,85,86,87,88,89,90,91,92,93,94,95,96,97,98,99,100,101,102,103,104,105,106,107,108,109,110,111,112,113,114,115,116,117,118,119,120,121,122,123,124,125,126,127,128,129,130,131,132,133,134,135,136,137,138,139,140,141,142,143,144,145,146,147,148,149,150,151,152,153,154,155,156,157,158,159,160,161,162,163
0.0,0.8782078101717226,0.8442457544748915,0.7598221188959328,0.7356852172799108,0.8943414975300429,0.7486011846300901,0.8853597177007314,0.8813614057084248,0.8343360184491657,0.8657086362839311,0.7443391575517156,0.9451539507847879,0.8527260622312757,0.7838887301854299,0.8711299060407202,0.9168650497312432,0.9314354195706097,0.8508566776129883,0.9239581388810507,0.8484024918821663,0.867869501905577,0.7796206895327414,0.7744353119265379,0.892456289539904,0.7369786907528868,0.737737443350066,0.9159856126204937,0.8095325903122246,0.8125784584825881,0.8131926093368653,0.9123719443109856,0.7600710497862169,0.7336281711152792,0.9199053320679285,0.7697147399338261,0.8748052095900276,0.9068028345090171,0.6865464473587529,0.8137604745709538,0.7755471002785677,0.8596634961804202,0.8405711297250879,0.7967129842573021,0.8192825416875129,0.8026257017994711,0.7925628987223009,0.8065709600317312,0.8906575964627067,0.8710880294667661,0.8567657462123878,0.8787808314543342,0.8207336898786339,0.8047627598636737,0.7954059016538988,0.8960173646361279,0.9352029334493308,0.8148094419227756,0.8601705666774497,0.8256236925588258,0.8797549779019845,0.748091436741651,0.9174205647889163,0.754346876178548,0.8289311380389685,0.8207551975282552,0.7577465170338793,0.8452044666407486,0.8611838235352093,0.930287197425822,0.8904283356873033,0.858692982534545,0.87967164910207,0.8991445942603258,0.9257051565311764,0.8216188645946008,0.7737865718205319,0.7242165720455684,0.7919607860415993,0.7723457823994752,0.8659289141581082,0.8782223518599664,0.8510934274704801,0.9277118429797386,0.9081672787760641,0.9268268879053636,0.8594768282888253,0.8564723737927695,0.8709308672069858,0.737160834016693,0.8395025170995105,0.7193772126149728,0.8529017733382545,0.8784963983228873,0.920262246581263,0.7781353036023122,0.7408065088260413,0.7750995294144166,0.7416238009767697,0.8402155220717555,0.7631741791466552,0.7514066329255411,0.6707569517085886,0.7151447238706045,0.9013288893610303,0.8311044300743635,0.7947558482633782,0.8986681456973451,0.7802683768394452,0.8032116108243768,0.7672340111859762,0.8256372443577893,0.9110596344261204,0.7768909385340074,0.8801112860422806,0.9163452538216413,0.9006907272703255,0.8219521846912732,0.8599153937531243,0.8033455665054585,0.811210278603202,0.7732426336987734,0.8809158026628587,0.8268509737953682,0.8762804590429237,0.7819003454282829,0.7940074982804568,0.7109306864368586,0.8241288757838499,0.8125405407702045,0.8782972197372843,0.8624093718757957,0.8371448442297662,0.8333842966627393,0.7925782042707937,0.8315869281691683,0.8606589059285101,0.8007353917673254,0.7798158200015938,0.8173994362594197,0.7942687404949421,0.8424237112974008,0.8807112948722869,0.779578065525808,0.7987921887073298,0.7934610415004009,0.8258487098946896,0.7606871386916674,0.873642393973942,0.7132947772200567,0.8740923594331357,0.852429200549259,0.817000893831063,0.7188894229470725,0.7855510103731934,0.8440544674072004,0.8753283262097369,0.8132901477695635,0.7961936159491063,0.9151383855029138,0.8047492949779408,0.9271452658406024,0.8838342563618424,0.890180940760347
0.8782078101717226,0.0,0.8868491594368246,0.8410717467356481,0.7286347545183349,0.8955347280270676,0.8302115744246257,0.9364956632506688,0.788957320849072,0.9375351943911393,0.8622280082118488,0.8291194966275107,0.9194542890726701,0.8614633968094201,0.8845402876293228,0.8443363784589915,0.8672046803814559,0.8477628221707533,0.8503958206444998,0.8407660838414136,0.8508456402291363,0.9010253913388211,0.7957408938018029,0.8389225033031242,0.8927841801699707,0.7585811283734857,0.7646199597943633,0.8556808127195725,0.9443736460403505,0.7423448614864403,0.8951676774819829,0.8763712143188976,0.8828457906481699,0.758240447117833,0.899072126251916,0.8759385405535377,0.8660204085483937,0.8720844129090022,0.8202468482470818,0.8776250710434448,0.8891454528531143,0.7825013936043405,0.7968982752526973,0.8384487914988379,0.8952275393297444,0.8110120120770765,0.7799401558955121,0.8267686114483871,0.8943934701142039,0.8430574024310972,0.8645614242245094,0.8550252542593785,0.8090832129473096,0.9279411809542788,0.9176928301605051,0.8775380307647778,0.8605459554727919,0.8058215140591385,0.8669642648126834,0.8655143346652803,0.9316599556315076,0.7382862149865685,0.8484096160459831,0.7625047730246034,0.7678152433296573,0.763963537277449,0.8110876060143352,0.8180222566911479,0.7913162697981051,0.8751998544160818,0.8554387535298947,0.8569231197430316,0.7746595315870081,0.9112056882227018,0.8734021333257229,0.7809065002169142,0.8054480098260716,0.7825725585011059,0.7887470790471405,0.7340247915356651,0.8374284811884614,0.8580217164890603,0.8768946888300987,0.9104555823778004,0.8137486603543063,0.9381664854152741,0.7923311419825093,0.8033858953831343,0.8589557676061185,0.8143942137663793,0.7932208801489127,0.7866004796003616,0.8956304666694569,0.828549637066312,0.885794693139187,0.879122762619783,0.7737533656326324,0.8050989418390503,0.7180625039284513,0.8856347069781514,0.8508935518439144,0.7767631269602097,0.6789831608551675,0.7928020089193794,0.8430448946761553,0.8139534540567974,0.815900445158955,0.8625030382825946,0.8469693458009149,0.8401638247055556,0.8091849811499459,0.7762439862671595,0.8556836393184539,0.7402448594160158,0.8677933621754558,0.8906463053995668,0.8401132257189594,0.8237929686096757,0.8805784085891182,0.7846591972882961,0.7923676481361508,0.8077678966819262,0.795186348760963,0.8617670756592074,0.7918144853120503,0.9098503158219846,0.7729027145735957,0.8102465625568392,0.9189836586494086,0.8641144554745787,0.8110804080266267,0.803452880997162,0.7946366844193037,0.82388049081787,0.8461672470822026,0.8084855181724679,0.8425068045476639,0.8817212442711189,0.8404244223763809,0.865534733250867,0.8595389407777986,0.8279035671044006,0.915787195432601,0.8053034767886089,0.8517120240364906,0.7497806525322614,0.8611659400731374,0.8294640667749549,0.8945618359518149,0.7090790719615131,0.838074076030679,0.8709059094456146,0.7999130765296921,0.8149270494713402,0.8465420364660071,0.860011981030847,0.8662211299856752,0.8557149711702283,0.8638976780149236,0.8441602958374617,0.8412750448563959,0.8454132467096811,0.9411294020207297,0.82351749136211
0.8442457544748915,0.8868491594368246,0.0,0.7603050736463354,0.8819808037564797,0.8659825147722123,0.8151315285176394,0.854399740330324,0.7587049017226651,0.8887332586231595,0.9249025350272123,0.8492934520682424,0.8967831494210396,0.7718849150329119,0.8286490539825241,0.9529179251714676,0.9341399695273305,0.8376849071567944,0.8187098718764572,0.7992843007093675,0.9361613356861366,0.9666500374866033,0.8014482200652112,0.8516691078256052,0.850117095098829,0.7960837126098698,0.749982720990637,0.8173126424574217,0.9035115924946117,0.8546392848061497,0.7587291048069331,0.883203680701626,0.7718028182998932,0.6936032154189233,0.7866965393794778,0.8168705741002077,0.8557687722216798,0.8684145717218236,0.83271019242709,0.8559166981573159,0.826851950096423,0.8609005290201608,0.8635084332606087,0.8227168669361171,0.7985523269267102,0.7717178772542457,0.8317408797132447,0.8662667516647442,0.8930222272183603,0.8692994021743821,0.8833781689841504,0.8493654579900205,0.7406554173979633,0.8733263762495266,0.8824750661413815,0.8060824245929871,0.8671281519113078,0.8963779220765422,0.8016602509495641,0.8042184096405397,0.8193433126741273,0.7110020727261216,0.8700552998398896,0.745118307235396,0.7320827293993888,0.7126718945903239,0.7184270968884349,0.8579462963573439,0.8337621254414851,0.8622047426357013,0.8587495747120641,0.7465967667442568,0.742313114081501,0.9398492852397954,0.8617524410961924,0.6713588795933288,0.8921928852889807,0.8694475483865186,0.7236775962462328,0.743764823544997,0.8158758187166013,0.80726897582125,0.9191041626110116,0.8184479653224391,0.8095631766699753,0.8739207806337542,0.7489517163624287,0.752413484542905,0.74273510403536,0.7200191399773038,0.8758416283420801,0.6682455040386976,0.928939163188687,0.7434230972423106,0.843908923611443,0.8104953107958981,0.680583488724299,0.7128982592250742,0.6688774647355721,0.747140750167753,0.7095017263267931,0.8356199331845114,0.6308180882135168,0.7241850709071533,0.7693228263458173,0.8525064434129428,0.8212523206008713,0.8580721022505288,0.8111171237641878,0.8437473387710912,0.811463293386145,0.8064997658124984,0.7721696972443678,0.7492837098127813,0.7796144404255334,0.8954047739645354,0.7451335014631674,0.9218522567878294,0.8798426928478182,0.7158136179649855,0.8886448417717391,0.7395679178661307,0.7553782935630821,0.8531257169638455,0.7003438124520309,0.8459335761654333,0.7526686962393888,0.8308619687286922,0.8458039731018834,0.8111979142430308,0.7991077058639261,0.9200099486751395,0.7167904185714788,0.752364774921296,0.8067947806018575,0.7766198075982848,0.8331020625997946,0.8145196547176232,0.8087942100802249,0.8762184857737787,0.7164719141873288,0.8510184977335266,0.8232669745068636,0.8048377526602476,0.8562847209093095,0.740650419585564,0.9229359552859574,0.8122025987018152,0.8746637012555972,0.7278718155483268,0.7354110649789175,0.7673976931511652,0.8656935183413681,0.8770977905326586,0.8257637898470229,0.7907165675359015,0.8418621778467944,0.8780126043793516,0.7201081866600626,0.8481041905336978,0.756010802273275,0.7361802396927665,0.8501757804622994,0.8739666336943454
0.7598221188959328,0.8410717467356481,0.7603050736463354,0.0,0.7192274156886301,0.7778155533546705,0.9080821730739507,0.8245049053001562,0.6970354213900577,0.8031376642027023,0.8032942483608847,0.826732107666564,0.7557122456055356,0.7434203540572228,0.8525241166744795,0.7093158609284502,0.7513336788240447,0.7423103910304555,0.7966970479329036,0.6674950944661108,0.773859609985975,0.7885340890633664,0.841058741169282,0.7842831102746706,0.8232577984399894,0.7777768285369907,0.7543956227457798,0.7846942614631764,0.8187055090578038,0.6657373282697892,0.8111985894628662,0.7059037840040399,0.9373566072201273,0.7655458927016656,0.8344786612956218,0.833674016428483,0.7723425588712545,0.7464992647919674,0.7473387668464595,0.8354600697435551,0.8730078021301844,0.7355331870008319,0.7000553136513396,0.8323386752109262,0.7965512903442965,0.6906683109842241,0.676602068094692,0.7430062501510474,0.8384777876321399,0.7077964806271968,0.8137338802175356,0.8167503873289508,0.668385681853081,0.9032686562014985,0.8574968639484941,0.7560232988265368,0.7209120897373519,0.7878902938155798,0.7516197370042863,0.7262511195337374,0.7767204652621484,0.6129023260665999,0.7545063671015814,0.6621260526791386,0.6422573792279432,0.6254801750647782,0.7591251986400112,0.7090550412878295,0.7028584208538303,0.8104049459596905,0.7298769719381838,0.7103840891145687,0.7328091617196842,0.8196028759922189,0.7271789643252037,0.6431277287439414,0.7322317735470357,0.758953417069293,0.7118430266776772,0.6304585700955297,0.6940029023428631,0.8523970716398364,0.7486442629452839,0.7508656025008077,0.7612753342096056,0.8072182993973331,0.7266227472301973,0.7197257451411251,0.7235072727945973,0.7282518471794488,0.8081773623421096,0.8379168676940587,0.7794194312297856,0.6702310325402739,0.8281359347877263,0.8527435892128145,0.6153624974521789,0.8227914594839398,0.6693548070623713,0.819180973280401,0.7204257514408727,0.6751324314532114,0.8361774125663053,0.8469470353914148,0.7434384638403495,0.6899405775069368,0.6728298510785649,0.8002084982979191,0.7457063268197354,0.7296610600226093,0.8481002997972191,0.7792760070506377,0.7760469236383174,0.6811419458234695,0.7675853254801771,0.811724776075127,0.7241596977309883,0.6860085724589353,0.8701788219686525,0.7830543419575103,0.6920168413527829,0.8835817027450046,0.7029468247054338,0.7784945844023173,0.6798583007479483,0.8195463628226806,0.6962997646521678,0.7157623806969365,0.8359601832651834,0.7256497976458695,0.6847368320911562,0.6615786836882949,0.6714949316100878,0.8137185053751556,0.713353414816678,0.6312969027534361,0.6734597457901856,0.8579954222560039,0.7825607921933831,0.7556342469253403,0.8538757021402253,0.670453446631787,0.8509772034347447,0.7569216104736535,0.7593180697121021,0.7997218330343114,0.7789173627882785,0.6864565188925912,0.7449330876993904,0.6063554780372413,0.8272978335827432,0.7596585389525234,0.7206859201860049,0.7162137982653388,0.8731992944398169,0.735522599220536,0.7375798732486483,0.8142064494371255,0.9207028879229606,0.7695517231771811,0.7198488062293419,0.7542895447224378,0.8101555995519242,0.7938574948886936
0.7356852172799108,0.7286347545183349,0.8819808037564797,0.7192274156886301,0.0,0.7681034303177676,0.8114883237581277,0.6982360949741143,0.6840337910616695,0.7151978857126686,0.8553480443785794,0.8159209531981284,0.7529078152191111,0.6639967554977015,0.7388060476770171,0.8800804307800119,0.8482086456400464,0.7215593466236079,0.7193864010104708,0.6516429251925764,0.8735468034447901,0.8482098647935696,0.7715645314486701,0.7839287127076967,0.7217050530523617,0.8131256501252835,0.6956767158160587,0.7062529940420792,0.7721428660116139,0.8820748701147755,0.6483098562091857,0.7575601700689965,0.7066180681212074,0.6426169365072768,0.6815673660832464,0.736647747320484,0.7652429747319414,0.7654192171452646,0.7743110709828959,0.7769737792928385,0.757457509900086,0.8370974113110974,0.7840639024243002,0.7911026876858542,0.6638290860316631,0.6708758920963344,0.8094525820097809,0.7950505896311459,0.7999363868102889,0.772334556996444,0.8322933670774957,0.8079260025796007,0.6350487764175362,0.771338787224333,0.7796241502655632,0.7240439492603946,0.7625450327111806,0.9064157160389535,0.6483982864996755,0.7020373479697951,0.649669959726258,0.6648537148762013,0.788484033777129,0.6567567883153367,0.6270940705911255,0.5964168027086902,0.6193800456921832,0.7865691732624771,0.7288991855710761,0.7416255368317253,0.7728082736585113,0.6299774854184581,0.6665507673893424,0.8291900642559153,0.7299939912450142,0.5689749455767078,0.8513031431708366,0.9253321800410256,0.634798830308187,0.7272077062227765,0.7104641014635663,0.7376748851386643,0.8598051001401305,0.6747547130857495,0.7551356910447231,0.7443103832016971,0.652884343985201,0.6566673577010635,0.6214369289863835,0.6489888378121774,0.9182844751229324,0.6292333722473622,0.851115525449438,0.6288974195237501,0.756694570082199,0.7301367000365256,0.5542444527177485,0.6439654312489771,0.6549256344367567,0.6390860440763827,0.6045629186764846,0.7152184251903723,0.6266998211993716,0.6481433700846972,0.6691441009627828,0.7819567275271684,0.7005132374470782,0.7537384384483494,0.7211524744748112,0.7421849689947275,0.7880753224712603,0.8054602699311572,0.6681980206404989,0.6914907741220175,0.6838050452908931,0.8370975787672331,0.6334284165733246,0.7934857036928806,0.7986674926219225,0.6832814276702283,0.8995342196995056,0.7085005662574843,0.6745919204808023,0.8000905488801169,0.6117817026879377,0.7351931739813777,0.7113390173729611,0.7950431971779789,0.7209200806391691,0.6853284545610323,0.7090766065808168,0.8515657248027543,0.6186589053007712,0.7153667580542536,0.6531415574829742,0.6598426294340198,0.725973165309004,0.746055398533012,0.6808311986332527,0.7837136658351259,0.6105482587732846,0.7689546297076723,0.7276748035222478,0.7273316509038649,0.7800441330500141,0.7231831242671072,0.9031160818364692,0.7123738196410538,0.710294616681611,0.689239224622626,0.6467559542273863,0.6539776973171499,0.7891278562140315,0.8022232488145615,0.7641642532982089,0.6535937834389834,0.7201307296015652,0.845673676224153,0.6436890370567714,0.8153668104467743,0.6274143653612331,0.6475783460269691,0.7200395739658756,0.8605811595098269
0.8943414975300429,0.8955347280270676,0.8659825147722123,0.7778155533546705,0.7681034303177676,0.0,0.7899573461090885,0.8571739784967894,0.7884408916044165,0.8469218535093749,0.8526119264774249,0.8584066753283403,0.8716702080126727,0.7494962494711043,0.8012401405995009,0.8577942540241982,0.8516968939609368,0.7800577298816007,0.8879109839153152,0.8038193921908541,0.8989216154372001,0.8473019045693164,0.706429008735906,0.7942301401736294,0.9017230804276143,0.7554978296268683,0.6401664311499415,0.7873040975856228,0.8560302747774522,0.7885515939786315,0.8836830957378967,0.913897046412703,0.8040999799563844,0.7462615083708253,0.8489580383897571,0.8009782894001076,0.8858399789901149,0.8193562620846434,0.7942617480194563,0.757765089864891,0.8135063695382793,0.8343231284381534,0.8360661509977823,0.9104926010176793,0.7839095835385969,0.7538161338977323,0.8207523030858174,0.8877839115711105,0.830167533805998,0.8069705038995509,0.8844419832399468,0.9122324801792098,0.760131783515978,0.8845673803795925,0.8643362972154005,0.9404899072067504,0.8578955837594181,0.8625481926834181,0.7497102091904251,0.7617603029454723,0.8688783946118201,0.7547768802112083,0.9119047623726046,0.6816585303191711,0.7708202000415018,0.7667620747095987,0.7211842892011339,0.8620343834131637,0.729704992390385,0.854840622539259,0.8960221787513105,0.7514973412121587,0.7838978663934056,0.8612050949877751,0.8448694703541055,0.78301487871488,0.7848350719899085,0.7900358015316903,0.7574940655560589,0.8471598702701132,0.9226657923188823,0.8763882022929015,0.9003080272234758,0.8623703987086596,0.8560936979359527,0.8640948056330012,0.8658911074256831,0.757773636613125,0.8007487199932672,0.7667463544421039,0.8126809018828643,0.7923756216526611,0.8591214965096863,0.8273901906873823,0.8313831798621497,0.8935618146869024,0.76136626043972,0.8281722926143776,0.7215283678149839,0.7935044389456771,0.7645096802220719,0.7837858202486699,0.699010692612504,0.7776204059222375,0.8243161187839136,0.8038070519399582,0.7965015534610261,0.8293646686021513,0.759125971269154,0.8609976283495733,0.8637700949769584,0.777625291026422,0.8998501145582758,0.6956152311896697,0.8191185372219258,0.8475622965482562,0.8588283578451172,0.8010804099413478,0.9182832077733976,0.7546431819828643,0.7828729511297456,0.8018443335272903,0.8469833600046872,0.8913706870544135,0.8258363192324636,0.8748048243953568,0.7594045676034905,0.7689715975138737,0.8679075998890465,0.7437341958303366,0.8025702617758307,0.872691651940622,0.7493955190498071,0.8379055163864962,0.8127155046386264,0.8160870557146176,0.8568172764407032,0.7690484608283903,0.692312498319918,0.8360066948190248,0.8041850006163862,0.8494227566937448,0.8419205987172452,0.7760284774099727,0.8597277000373504,0.7721290128516032,0.9072370156868342,0.790677433938809,0.8668808068268988,0.7005479823602427,0.8610954177038218,0.8552868785619545,0.7357148225370079,0.7149669416381318,0.8728832689171143,0.8239917447471238,0.8039593329575059,0.8972685793592763,0.7711491839244863,0.8907515022186515,0.7749659422933773,0.8938305436441403,0.931388496671521,0.8514842625967171
0.7486011846300901,0.8302115744246257,0.8151315285176394,0.9080821730739507,0.8114883237581277,0.7899573461090885,0.0,0.7688643568316778,0.6445140648344243,0.8125220389630038,0.8137661577079105,0.857548040634944,0.7821319712845466,0.709663163760607,0.9007625770115694,0.7628183484193132,0.7649547738039523,0.7244962589863091,0.7561277501336066,0.6503194736284632,0.8327063419287823,0.8126915958641742,0.8348016649487623,0.8700734816175318,0.8114601709534456,0.8683394863761578,0.7088587840906493,0.7204165589721423,0.8409622538896863,0.6966078677462806,0.7971894416603799,0.7449256944363006,0.9038528185012199,0.7626605018662153,0.7675239215860232,0.8105321920502366,0.8349937138227185,0.7174083680861159,0.818815349544215,0.8804619745724012,0.8716464195210973,0.7362659836800731,0.7682994107367377,0.8916761444585891,0.7974548821569375,0.7335460694991428,0.7722021072528874,0.8226048934702842,0.8822076796740719,0.7268269253095309,0.8777540131214719,0.8382719907658492,0.6527531743357456,0.9125638619972916,0.8914857867994606,0.7786698938910396,0.7341645031950624,0.7951129401809136,0.7464772111025577,0.7322135352419442,0.749694471976841,0.6426530528420044,0.7638100531891207,0.6394999574782446,0.6564198711168777,0.6429152792650562,0.7724118673252991,0.8124357844612708,0.6808712537339016,0.7568842597602126,0.7966668210480554,0.6968948099756912,0.6773356465231904,0.8640917798220995,0.6860463327091285,0.6545936661306382,0.8374914473830373,0.8885843039008735,0.7092427943869876,0.7076130931949938,0.7299273053384957,0.8160916885926643,0.836532683376933,0.715090670529748,0.7395568920885285,0.7785371655264232,0.6971874983469569,0.7180722698889395,0.7054517468391851,0.7556980799211964,0.8227006816316007,0.7950463632811893,0.8223745738884911,0.678494558624645,0.7928044923152712,0.8793687674930072,0.5977920648388503,0.772766580332663,0.6426539324428535,0.8019153323160559,0.725889400599343,0.7383042522933759,0.7870702809662533,0.7969184103152527,0.6914089372798047,0.7592684357448105,0.7142912570372982,0.7623926235349503,0.8114446116538986,0.8059049215419303,0.8971777320276378,0.7685814494463276,0.7596025257689747,0.6278649437023459,0.7546777237651714,0.8142221312219409,0.6940211154212291,0.7456212383461593,0.8709879466878088,0.7043875941158925,0.7665763680349258,0.807816334486282,0.6959222858694926,0.8710830830747393,0.6431555336365515,0.8701363288451728,0.6941209552660478,0.8149043300079437,0.8187739707943659,0.7647791764366307,0.6482310774355994,0.7001465330526216,0.6483802533853059,0.73490355065549,0.7247966841436778,0.6793508100903848,0.7302162139140226,0.8912398912327851,0.7631417113310381,0.7964780288691622,0.7896902848101875,0.6971599155384957,0.8215289265487922,0.7054786436505815,0.8292026741949384,0.8156970491784299,0.8388096190456266,0.7572901962599345,0.7425250929289136,0.5868757480702141,0.7697055108496891,0.7257429489042178,0.6992559260970453,0.8275917436993696,0.878212866361331,0.7631415603991555,0.7627178446760736,0.9032499285676343,0.8439095610998869,0.8182729990295385,0.7376927285371501,0.7070774672051298,0.8114528158360024,0.8025520618758881
0.8853597177007314,0.9364956632506688,0.854399740330324,0.8245049053001562,0.6982360949741143,0.8571739784967894,0.7688643568316778,0.0,0.8252659212436687,0.9074242512533655,0.8369505165732664,0.8118661953962775,0.893957251255283,0.8433440481332306,0.836278747152261,0.8344739055201091,0.8714645496925976,0.8742645460555531,0.8787684664716031,0.8690944257347367,0.8254791773354542,0.8599499612886725,0.818572940504641,0.7738524282196229,0.8950557354472738,0.7263300634715489,0.790220960519215,0.8994346319511641,0.8701223834360273,0.7599580423686734,0.8908795013581973,0.8735243141898228,0.8408048649486882,0.7739451327042995,0.9024772688289746,0.8772100794813653,0.8222014207556733,0.9010442921364213,0.767051911347715,0.828820643268825,0.854586190042146,0.7783427462486509,0.8155945354729107,0.7805383532418364,0.9039978674402024,0.812827592564626,0.7555385281811753,0.7687367023806249,0.8763436368257911,0.8627552543788913,0.8417795961238307,0.8358908538628989,0.8047399927525518,0.870840171677872,0.8772562776839001,0.8269366778466984,0.8714873349340561,0.8209030960535211,0.8599654467585237,0.8704178813287745,0.9073573601535766,0.7373836594707095,0.860647915771252,0.7849808710236992,0.7664478680498541,0.7680419267962956,0.7609701624376607,0.7638478736345825,0.8392698378285054,0.9243301249577642,0.8149680275288311,0.8538714179964857,0.79301609329254,0.8892530898311657,0.9067129684974446,0.7681994202303483,0.766918666237049,0.7215039656528451,0.8217003934785534,0.6707153044907477,0.7932688719575834,0.8631627001814848,0.8150500275916367,0.9199271750558747,0.848605561564115,0.9490947496842481,0.8119644631162112,0.84415012499036,0.8926720655173176,0.753327070498388,0.8013789868564118,0.7771575359823428,0.8741248046483199,0.8108622001058605,0.8651086461067248,0.8211099295361224,0.7769709235378258,0.8177687207252572,0.7196460297137888,0.8764936392730985,0.7892688373258899,0.8102233504961485,0.7075424786332067,0.8053353804641449,0.8961790226534436,0.8117003845280153,0.8253884023398997,0.8872516992002295,0.8118786631135516,0.7688246762389732,0.7692461814303809,0.8055879264880002,0.8239620000223438,0.7815256700071908,0.8760263527860707,0.8779040407140437,0.8599827012254685,0.8245451211973222,0.8488056377340119,0.7997616884991192,0.7544335222789869,0.8562158903516134,0.7830345262537624,0.7990770821123312,0.7616995074010449,0.8504814851459381,0.7812916858886406,0.7684454778959696,0.9040507350470188,0.8346218309865934,0.8447856913082462,0.7945132218463702,0.7865177580350834,0.8067592209602454,0.809171458244208,0.7562073628016871,0.8195764830459861,0.8392814067261977,0.8532389237192864,0.8869879786181201,0.8368311503366287,0.8035336738838968,0.8978128767472409,0.8248896451576629,0.791420705575249,0.7753691895741608,0.8215522714514949,0.780083846592291,0.910815721119652,0.7251918743813982,0.8578485555834036,0.8579018364611363,0.82328741718821,0.7687209829930768,0.836837266529319,0.8245637769126174,0.8158806778855662,0.8008995845005253,0.8162198288612756,0.820547688105652,0.8065912819137825,0.8364245919353319,0.9317681279688719,0.7974421240856592
0.8813614057084248,0.788957320849072,0.7587049017226651,0.6970354213900577,0.6840337910616695,0.7884408916044165,0.6445140648344243,0.8252659212436687,0.0,0.7555438133924793,0.8093243319324069,0.6744461260839579,0.8053290361460014,0.843334880961436,0.6521508042127034,0.7814252974048578,0.8335735086445409,0.8502159607093998,0.7679887021459737,0.827573809112358,0.7129088973337859,0.8163977491589948,0.717543231550602,0.6224116130060249,0.7786433613723209,0.6012335644382091,0.781004528869373,0.8818863185535357,0.7328144859388801,0.8294670865836417,0.7116456384699898,0.8040247863137424,0.6632907107002335,0.6218496240262769,0.8574442963801522,0.7228867885727931,0.7215344003363385,0.8809649639234974,0.6063257819642347,0.6832851920854667,0.6600052099098445,0.880308302070941,0.6752695566291155,0.6550733846833658,0.6896884460736097,0.6435755408139266,0.6569955169135643,0.6615506464051969,0.7565292745143801,0.7854573063283342,0.7114558298988929,0.7205521254028309,0.7573207433246917,0.6914600844519297,0.69794218031915,0.8010433407913505,0.7972043016844056,0.7940058453987686,0.7568011264295454,0.7445386036256019,0.7669218291230706,0.6918012782179321,0.7773269356032466,0.7736685059525519,0.7015222430341969,0.6588455286529781,0.6549612534051831,0.6834160934860631,0.8643161786103309,0.8990857377400058,0.7217306603062555,0.7641091390947004,0.8815963026119084,0.7625602535019186,0.9186201917002671,0.6750248026561146,0.6688184180399684,0.6307258547725261,0.6317436637583933,0.628614845006106,0.7029292617301653,0.8065245163068765,0.7316280757767426,0.8130107042525948,0.8109496638513328,0.8218229291174391,0.7959532133937971,0.7871350893053295,0.7556059235932685,0.6608611835090596,0.8069811923922682,0.6771669632201002,0.7688265574150809,0.7191533744918117,0.8748594641895735,0.6796816049930574,0.6735261981009394,0.6845911754830317,0.7848950618086972,0.7048060623132433,0.6729124147911221,0.6415705785799329,0.6014970865085655,0.6402821728236004,0.8577503036943204,0.6719935169887639,0.6564064040997014,0.83213796408377,0.6330051041215332,0.6517998034842486,0.6500141929504324,0.773355795202688,0.7893503806704868,0.8988040787014762,0.7286845529040032,0.8229689405689126,0.7697134979084806,0.7440710471873997,0.734878688670383,0.8675630890792593,0.722041725303952,0.734341127485415,0.7523060258461409,0.6622939478176548,0.8419188435028305,0.6484071742215428,0.7832393114912679,0.6208210486306202,0.7126720005298954,0.6778608664255225,0.9628941038357257,0.7972462771093165,0.7894535578183739,0.8588152877333508,0.6749142112141476,0.6754957084605777,0.6906433632650875,0.6672223402256781,0.6946245846093664,0.7099118516740259,0.6889460431218064,0.8229877641057755,0.8258055805548183,0.8518033271167249,0.6699497097190344,0.6936841684178094,0.7500489559927447,0.6303602592185024,0.7753922254970754,0.7747106476778997,0.7489314118578503,0.7693056279875969,0.8414737546314065,0.6252908488734408,0.6653987594834976,0.6957816371052583,0.7515835619253113,0.668049264179345,0.7111805332809291,0.7911143346080236,0.6535096315844287,0.8407430404907273,0.7750916866358946,0.8187980411818305
0.8343360184491657,0.9375351943911393,0.8887332586231595,0.8031376642027023,0.7151978857126686,0.8469218535093749,0.8125220389630038,0.9074242512533655,0.7555438133924793,0.0,0.8457278455383311,0.8204548303502753,0.8735917152591803,0.8091875453664775,0.8467613880783842,0.8263855832945146,0.836234324883343,0.8364476856162577,0.8371342392935218,0.8029232098004198,0.8150088352117485,0.879523105140461,0.8069352481530263,0.7848997416159613,0.9199840408100552,0.7146218818081842,0.7626189840842115,0.8351059849921124,0.9449555529097368,0.7407500409641297,0.8581137731358172,0.8645248600585582,0.8264082663149364,0.7260905241048955,0.8510294896344265,0.8376379117328349,0.8343697037592738,0.8359198421609888,0.7713077788138166,0.8225380219929245,0.8275991375477766,0.7725363026818081,0.8045821630287511,0.7985119604700649,0.8512329855879653,0.7638692848888253,0.7554570871014099,0.8063686226507415,0.894281889512065,0.7997181488076196,0.8180150392341863,0.7876444444573911,0.7539713597359967,0.8721213861455375,0.9065328522092875,0.8107851898282384,0.7987419436357152,0.7978503463780674,0.8731344982690835,0.7915323885260125,0.8667821593975669,0.6820582399089985,0.8087690145424847,0.7538428513962931,0.7267483119706447,0.7184216273258347,0.7494608817321071,0.7939784298015596,0.8235555704754581,0.8832273854181162,0.7872507040617982,0.8047896764678357,0.7417436395492242,0.8685523255265132,0.8409327257260987,0.7454075321011275,0.7717823172314887,0.7565164909046971,0.7422181634203866,0.6764878921714289,0.7970066862928582,0.7884309382939142,0.8339446179421925,0.8557341318700539,0.7624148249575239,0.8653597633877298,0.7736897666360634,0.806730305324339,0.8248394858330305,0.7180782204503287,0.7736635713161468,0.7489118437219471,0.8730606726968471,0.750459494146263,0.8200127133034968,0.8723927112287818,0.7066349140803057,0.7862670070807476,0.6678718933547113,0.8136880992502449,0.7805238032552049,0.7965151294566833,0.6889618814943648,0.8397554866156307,0.7962111710230608,0.7658528366898639,0.7789242915932879,0.8651315705797075,0.802004161571417,0.801386449682388,0.7802223101431784,0.7353994124907436,0.7987195288833056,0.7373198058184613,0.7974095456066501,0.8164015319730437,0.8113509637506694,0.8882979303015478,0.8667472332228051,0.7420725510593176,0.7297809425617391,0.7783717501168729,0.7385729683843827,0.8022854187585419,0.7323279102055898,0.8909769901062545,0.707954351491085,0.7528909887439915,0.8966301127079885,0.8268671574361582,0.7986473751079209,0.7660060587221202,0.7303713569696739,0.7324876811413533,0.8101538259611114,0.7585472998669053,0.8062501602168289,0.823282342301526,0.8452835714080398,0.8508330176416743,0.8446921241738947,0.7956389390741605,0.8362842663529216,0.7928149673064886,0.8152439991743149,0.7533931085895006,0.7954311805309792,0.7996069978497863,0.9367796530018635,0.6813367472960078,0.7826971638881418,0.8560444898406578,0.7757191732308572,0.8078648129173798,0.843604842124433,0.8142767679986127,0.8094902919974238,0.8132575686117006,0.8130146825590912,0.7951779112185385,0.8305247511770032,0.7951603895235432,0.9104845254333742,0.7693909917997518
0.8657086362839311,0.8622280082118488,0.9249025350272123,0.8032942483608847,0.8553480443785794,0.8526119264774249,0.8137661577079105,0.8369505165732664,0.8093243319324069,0.8457278455383311,0.0,0.8447205554305319,0.8910398271229313,0.8063706503221469,0.7660167929474272,0.9275211344384174,0.9165332219491207,0.8182037017145949,0.7999250360234131,0.803078723050849,0.8810699215270816,0.952759625075543,0.8379460771449663,0.8272576651949471,0.8801255428167635,0.8034289606398015,0.8033173435132559,0.8721517908201506,0.8903722450244516,0.8429672690546317,0.7463130182084636,0.8356013285809446,0.7529348140943823,0.7249696001504823,0.8519291144271917,0.7975447120973657,0.8904642951145604,0.8872582243858363,0.7905725397546003,0.8410814564177895,0.7681225753742106,0.9221491103794945,0.7701065048855992,0.8253461457853517,0.78413520374878,0.6843365559060787,0.7232024342346488,0.874840980586337,0.914472054620904,0.7907662249581584,0.8156329436527548,0.8137114247543838,0.6684538057152705,0.8431856376627244,0.8675886966856808,0.8276985678700014,0.8222773086372037,0.9037877348100928,0.7660875629863789,0.7476073879021685,0.8207167963331513,0.6424423135121313,0.8088646968559274,0.764853251564471,0.6555121552261158,0.6491202255798136,0.7640895260413378,0.8027921408020411,0.8293039681181023,0.9056656610684899,0.8033690015385532,0.7404978065133208,0.8333817148126156,0.8997091041764744,0.8509207440746409,0.6371224661209263,0.8708568212865816,0.8430922233668482,0.6727223314942861,0.7359988450951118,0.7498561974570488,0.7983562527956385,0.8574741042160874,0.821802076144034,0.8289402241832162,0.8691609314334512,0.8353106692085851,0.7173711437800241,0.7042340989185004,0.7589312903491807,0.8914660791267118,0.6704925925034743,0.8577490349943968,0.7048997372704449,0.8777516753184796,0.8166707738248697,0.6184862540002398,0.7321630173817245,0.7138754272651563,0.7292877047407484,0.7412202747217267,0.7608168133192769,0.6487606497215528,0.7061797368320183,0.7561180692733782,0.7681424493689469,0.7123983207369522,0.9153763060229649,0.7172919093414377,0.840881050104202,0.8346598335750104,0.8514372129938214,0.8243539779310178,0.8298101422417746,0.7405234000351801,0.9040753640173813,0.718453724084525,0.8749483312242483,0.898407438068276,0.7981306342354298,0.866001471684089,0.7460597640612197,0.8163565360971226,0.798039274437525,0.778457360994535,0.7976522856689743,0.7276647713062756,0.7800588204549062,0.8335070779647387,0.7442193047943751,0.8223084156587032,0.8638678441440594,0.8008490100232879,0.8564974642059575,0.81750521947334,0.700505732797749,0.7796106467926505,0.8017438374494689,0.8202743019288059,0.7893334015815942,0.7118583263590754,0.8624506778163378,0.8102727871217087,0.8213666351379183,0.8825141526571132,0.7718056427660294,0.8778679033144496,0.6988659254307326,0.8467725859886458,0.7549191677004239,0.7982141760756504,0.7246447906770169,0.8770230356910761,0.7710225463647734,0.8157140172777022,0.8008705666102273,0.8844392913751722,0.8507943553015048,0.7814611013513931,0.8684250140052832,0.6807729668394514,0.7886064404629227,0.8008561782259492,0.9615450231708381
0.7443391575517156,0.8291194966275107,0.8492934520682424,0.826732107666564,0.8159209531981284,0.8584066753283403,0.857548040634944,0.8118661953962775,0.6744461260839579,0.8204548303502753,0.8447205554305319,0.0,0.7546738694654944,0.6597002318863371,0.7903134225300257,0.8213115719946277,0.7999413918713929,0.6814160170796085,0.866880833948919,0.6937627376571083,0.895172005851982,0.8063610830245702,0.7994475192070284,0.8224237459086858,0.8697244989371837,0.805564529431541,0.665752992295134,0.7384154142895107,0.8510098010116338,0.759949994937554,0.8371789173602473,0.7949785869933126,0.8088942825732746,0.8230217913676589,0.7705589597536125,0.8499765096110474,0.813269456205946,0.7515610322510002,0.8896158808029396,0.7628320422450893,0.8363583022628539,0.7888129736762062,0.7873985509317644,0.9023549166362501,0.7825500154998689,0.6876763302888672,0.7612709658263489,0.8571389923621815,0.8383115674137269,0.7371589663730737,0.8366149135573735,0.8446027989793612,0.626471892309377,0.899076993253847,0.9093251174165827,0.7970241549546155,0.7517333342213456,0.9003609463888288,0.6751739193557353,0.7103890858151807,0.7460779061230965,0.6430102449585401,0.7839579976829395,0.6765896478618718,0.6280409362465236,0.626633248194794,0.6789895136514488,0.7408029282190053,0.673770293392831,0.7750606499537642,0.7543166722058267,0.6567081078560992,0.6896656428265863,0.8183860276456253,0.7305225661187711,0.6266049387676892,0.797954003225902,0.8540863474843715,0.7087607319052327,0.7151436092931505,0.7427715935039699,0.7925579675164749,0.8189773371762652,0.7300331299302516,0.7942864074240731,0.7984991786848761,0.7578386095906816,0.6648070740848738,0.6901043049470619,0.7330650797345933,0.8159282829138401,0.7913964340240474,0.8295282773007024,0.6691185685762949,0.7333366656516265,0.8881298077077471,0.6295484821683386,0.8474564039652875,0.6708942589644197,0.7270176979466697,0.6933493271432226,0.7875469566913005,0.764025851203613,0.8373765271719157,0.7096407237699098,0.7573862541582729,0.7413270225635097,0.8218374102877932,0.7253784806554583,0.8280253648444608,0.9357425288645267,0.8056615450499097,0.7413927026127306,0.6702162806633906,0.7188601291726863,0.7941536136101244,0.7210961894555851,0.804552125380112,0.9114385306212759,0.7060418581805293,0.7567241866042539,0.7917849998994647,0.7517277951100894,0.8248140111354224,0.657141373361929,0.8713181161150143,0.6892406226539526,0.8176504685618236,0.889572645494301,0.6751008745840111,0.7042284158286402,0.7691802352992503,0.6386386135422678,0.7739280556016831,0.7759706277648866,0.6503903181650502,0.7675259307275484,0.7796616831510657,0.7303615479570104,0.8406610575926093,0.7194427468012461,0.7622818994646187,0.7737465309158666,0.7620179554947815,0.8606800421815891,0.8098864764620286,0.8886286074226125,0.7093556563855298,0.8347559339540485,0.6907513833341653,0.7961805692957522,0.7215529945507185,0.7385208317413966,0.7562300324991381,0.9459881393081272,0.7276645242091735,0.7213243402323013,0.8906987482004601,0.7308305232388278,0.7850904573019213,0.6628988951094983,0.7303259039724828,0.8461340952671385,0.8058094560178237
