0,1,2,3,4,5,6,7,8,9,10,11,12,13,14,15,16,17,18,19,20,21,22,23,24,25,26,27,28,29,30,31,32,33,34,35,36,37,38,39,40,41,42,43,44,45,46,47,48,49,50,51,52,53,54,55,56,57,58,59,60,61,62,63,64,65,66,67,68,69,70,71,72,73,74,75,76,77,78,79,80,81,82,83,84,85,86,87,88,89,90,91,92,93,94,95,96,97,98,99,100,101,102,103,104,105,106,107,108,109,110,111,112,113,114,115,116,117,118,119,120,121,122,123,124,125,126,127,128,129,130,131,132,133,134,135,136,137,138,139,140,141,142,143,144,145,146,147,148,149,150,151,152,153,154,155,156,157,158,159,160,161,162,163
0.0,0.3553122109275266,0.2945683723611306,0.3244034753565518,0.3005507346983758,0.31419794857338457,0.31530915134939996,0.36123916552469565,0.3895415659786769,0.34249229283189303,0.3630173096408145,0.3152126397062234,0.44854818813299513,0.31500439895013305,0.3572328828767315,0.3515752097063673,0.39018815715222316,0.5046596892945602,0.3321827316524014,0.4411031027087134,0.3685995822416297,0.3374196186542004,0.35978485060674276,0.3184134883571397,0.42972613426732786,0.3059838516383017,0.30260024585059064,0.35170645778580484,0.2776951064200827,0.30366086183171287,0.3811531937103764,0.3854507569064582,0.30398505663826947,0.3437870473276244,0.428921939238217,0.3470367250245818,0.4448436341683491,0.39391172460277624,0.3022089878452482,0.4091122966515932,0.3110948902896646,0.39290826850842075,0.37781443278725296,0.3527148893013593,0.3742826571186197,0.4524953402346286,0.3022337877368578,0.3384094012953728,0.4324788961156999,0.42091150974799557,0.421821342383165,0.34706857400632973,0.3555951963388398,0.32213936913640495,0.3416716571272407,0.3867831688409633,0.4908911489726264,0.34215730259417715,0.344544946963827,0.3969223906925755,0.34019910720168073,0.3056813659565195,0.374902876448591,0.28921240593361897,0.37240504005694525,0.4132394397139468,0.37083500218416704,0.3329383547242343,0.32170071493959246,0.40230596953629,0.44673543550230405,0.3540876775973419,0.37674344067126847,0.40329942369294414,0.38620691906109456,0.38278242869396517,0.3055655204636288,0.30236059999743986,0.3773235395807837,0.27675865851756115,0.3381776112115675,0.41673730904928685,0.3383160687649033,0.34485003906136097,0.42677178508780356,0.4190694638118515,0.3900482887425035,0.38665895068757455,0.40116510131391897,0.3510706757037481,0.42793771095493915,0.3473187587876122,0.39003506937452354,0.41163768126430156,0.41495828329630513,0.3084446451257754,0.2618139584119134,0.3245068884216952,0.3021334282757635,0.4007365736222361,0.32112109143841766,0.34461730828325815,0.32298521272943415,0.2759952002594012,0.42174579138294527,0.3639242233904387,0.3622252435804234,0.39676714796773804,0.38387081581823945,0.3543342735619224,0.34887019145640347,0.4473053470025468,0.41351531813100845,0.33100989065083575,0.42111361039992656,0.38665219174104337,0.40386775884365117,0.3433896343787906,0.2986407074741101,0.3146412435501848,0.3485030348450092,0.31255473915712056,0.4152457669501701,0.4029218406734467,0.34347087462339054,0.30499957732850697,0.310871319217367,0.29538414958537523,0.3241580885898558,0.36875867516373356,0.32006567674764796,0.3128723790768026,0.31780336970399253,0.36692649211783035,0.3441509884194503,0.3444651066279185,0.3402608893237319,0.39401768039142426,0.34181653857212396,0.42268504820382446,0.27823659658272376,0.3447485233375284,0.43343217316755,0.3360023818313223,0.38287416489277,0.3816368492749288,0.3417217306062942,0.3115265306162425,0.3919120570031171,0.24202527204826818,0.45571133297919547,0.3501787435676034,0.3827363243664389,0.2728521662131222,0.3729529931263616,0.4127691009982086,0.33075581618387684,0.3374534955619859,0.3209937475053534,0.3777300029880735,0.31822729444543185,0.40380019020494795,0.29114585791062536,0.47309380197028333
0.3553122109275266,0.0,0.3239214238308072,0.3443966320716665,0.2622487462114673,0.40420947327245316,0.3085830623542505,0.42377555487503316,0.31385335521268554,0.4259170803405298,0.35655030100369767,0.3650016020031039,0.36089110746067105,0.3223380700931504,0.3672552745120909,0.3132111817310988,0.3399350299286565,0.3337408725663861,0.34899327602101043,0.35100420507097724,0.3452070567413028,0.40261019876629045,0.3263179141925124,0.32258930805433705,0.398648751207018,0.2696977898731368,0.28230491222411547,0.32599813061130134,0.3753758028036098,0.2566170736286186,0.3945645218483232,0.3441004330246098,0.3827242134747825,0.30888059798557366,0.3582818852066652,0.3864887713691275,0.3376448906419527,0.3536405515366426,0.35540919549567257,0.3422522789941389,0.3847038152601059,0.34951417499728854,0.2777020728648768,0.31661345633150095,0.40711021664247315,0.33290967748069406,0.2779877996192409,0.31060187315438975,0.3430989903948864,0.34215220883566255,0.3394597888290724,0.3092766204557694,0.3790347081901736,0.4198953838886936,0.38254589569584185,0.3801852122183303,0.34727561493695003,0.328259683621474,0.3343239231661963,0.37816158941290745,0.4067013646657322,0.25938154099743693,0.30792798788718867,0.26961137626059106,0.3049413666399372,0.31252864152424187,0.3384852754297811,0.2828857619549312,0.2835783858366392,0.3678985013798489,0.3180476280806875,0.31808479226848385,0.29071386106464314,0.3661367588370048,0.40377684367204125,0.30235016860213076,0.28457493714067056,0.33070819750375047,0.32055853691920944,0.24823571968490457,0.318287104758702,0.3453632506004537,0.3617499828670967,0.34030572566039746,0.3326740577178635,0.437935329708112,0.3282978205990448,0.2827910486176842,0.32283628754273447,0.3748739251962095,0.300082571436583,0.3354783179155545,0.3678973354771036,0.3418156828107036,0.3519130845673756,0.38920888613981397,0.29685112978006634,0.33315785115980207,0.2612420682462649,0.36290681298709193,0.3272052851851982,0.29265219966282996,0.25141535504767065,0.3041428913023176,0.32387742900805977,0.3029249314167361,0.3244320034549943,0.4157581144243542,0.35313864513466553,0.3897640461227541,0.31607468304388164,0.3165007479285945,0.3544277021511195,0.30028097923086117,0.3819222186735225,0.3992856985127181,0.35537272686535326,0.27444423997675416,0.3248652253709541,0.2887019543860848,0.3020251559059268,0.30277239288201624,0.3466607918501634,0.35950066407602405,0.30859621997604064,0.3879112518388901,0.2998731542082092,0.3358881444249785,0.41634277777081374,0.32943896291601277,0.3378021571732424,0.3029196237692277,0.2863275157640287,0.3697940415569147,0.3715192652072053,0.2999844881105153,0.3117690215468811,0.3585558601838862,0.34254243726657435,0.3353903525387621,0.3166799393010531,0.3420307803999948,0.40890298119799884,0.331089074477505,0.36676917528765124,0.2982706061090157,0.35457846869001214,0.3360001740646629,0.4089271737258771,0.25936846171783173,0.32438631151733094,0.3721111634373214,0.32442405040634076,0.3148279174810098,0.3615121654004039,0.3693592537686215,0.3189713088537112,0.3472695161874904,0.3023735378856891,0.2874017223399515,0.3406687788514606,0.36280095907460813,0.2723699044151604,0.335106424724379
0.2945683723611306,0.3239214238308072,0.0,0.26434878379501,0.30812284868336803,0.33425823507009794,0.2645080588594151,0.3078503680675615,0.2511729955616863,0.3496333049304973,0.3650776283034772,0.3100108424590592,0.34244457068980017,0.24630004006148584,0.2928958770582597,0.38934757733903125,0.3622232432485833,0.29903157380094925,0.25318711829487034,0.26054340652132485,0.37926481409396545,0.4452740657803354,0.2542721227240753,0.3193569476707537,0.2925858393215523,0.3137952540293157,0.23858760033448193,0.2647651293579481,0.2816675000485056,0.2786454600382385,0.24972080851680592,0.30382569225392553,0.25860666952831163,0.23486576137361762,0.24786330643288418,0.2912696162732914,0.31690793406226203,0.28407700393132956,0.289094947077256,0.30813682124965525,0.29298677605773266,0.34254771230332515,0.2985520822188217,0.2955750352187723,0.2969521604200343,0.2924433084793685,0.3092557024209431,0.35093015532705196,0.2847723795108808,0.2962268028589418,0.3182989275467004,0.32360170131701504,0.24625289035573397,0.3230398041124296,0.30193948398644377,0.27235333424591635,0.28165928594319156,0.340999470260637,0.2690107288222791,0.2746073059349819,0.2912889200803587,0.2385057480191701,0.3405644068822331,0.23813544908519507,0.25328334480451836,0.2699430084057181,0.2665877255171196,0.3421615986670046,0.2895767802812116,0.29874909250782944,0.33375908629602696,0.23245391441751967,0.2636133729459767,0.3871594028638396,0.32121972957433403,0.22057249331968568,0.31222069855758855,0.32159358290592344,0.25356913538722187,0.23612174422452575,0.3153059640827921,0.2861283745970168,0.3406456509101581,0.28117264060989583,0.267639996462775,0.325080194176898,0.2561952298534719,0.2306805319014308,0.25322453294177094,0.2551858872537997,0.3193680255544619,0.2310883900635362,0.3150147005578245,0.2369092395561456,0.2861449276763399,0.28716374407063,0.23176723829452744,0.2602062507166991,0.2165814824498569,0.27017660830834817,0.22184549058354752,0.27859418825937043,0.219492866774804,0.2634696628699865,0.2658417623893638,0.33783368281296633,0.296543006642536,0.2965391511626058,0.3045400281957404,0.3748642877941015,0.28942700126038867,0.262980634267443,0.2727546515772595,0.24404321620493505,0.26276755519552064,0.33541677285373867,0.2403185986829707,0.29961612958496975,0.33028814627603703,0.24114489966366168,0.3033769154081677,0.2377359137386328,0.2604925626329503,0.32058177080721073,0.2190228297266135,0.31767776228051864,0.2508532546430692,0.3145113863216356,0.3112895559350522,0.2795291670901137,0.26379522753214135,0.3887137624146253,0.21492018317748995,0.24485447593414067,0.2971782200720042,0.2608155745065875,0.2627128783059782,0.2634781258900487,0.2837027431717281,0.26707590186184105,0.23055456419323653,0.28148081109371753,0.2794563103460611,0.28869913870460573,0.29952602381744176,0.23330475431012956,0.3561230344308892,0.30884368983541133,0.3303477614959587,0.22862794769252107,0.23734276901381424,0.23395626561580263,0.28098002041059994,0.3381076271678788,0.3027297028006484,0.2822307726722513,0.28971393716625016,0.3573957013734387,0.2048615301779223,0.258403445619655,0.3004349989397617,0.22412415105535996,0.23800494228291147,0.3195767455865505
0.3244034753565518,0.3443966320716665,0.26434878379501,0.0,0.24507575790512154,0.29819645923891863,0.3325590168354393,0.3268361601789208,0.2682364263956422,0.32233058791766994,0.3116198971454044,0.29774081496551896,0.31925029042575676,0.2931963824486478,0.36610143556741653,0.2639807533130997,0.3139965629331199,0.3433962894790927,0.3149922764825543,0.29958655309106674,0.32246446170647064,0.2968427286864486,0.3261007932839363,0.2833264076772605,0.3408435308322727,0.2830264932015436,0.29361784198446766,0.31859897983102964,0.2786739014439285,0.2233717800573294,0.3161025090258784,0.28278196434846425,0.45110842361115194,0.3077448036135183,0.3224817278490656,0.32880272894953194,0.3134200887990273,0.308033976927314,0.2905374690323934,0.36056751318754504,0.3447485662408146,0.3042021200453447,0.27856634133759367,0.3202942593994287,0.3337135067164637,0.3402707624883746,0.22181057639118934,0.27104933618250354,0.3186061929425447,0.31129272638611305,0.37624625607682693,0.3244758660128379,0.3344706581475138,0.3979079290361953,0.3228464024613986,0.2881153297119736,0.3443954245940268,0.29671824224611676,0.32699958671616186,0.3593132563322311,0.3759031156962549,0.25442858142410907,0.32311874033768745,0.23441540894728186,0.32175305940511895,0.3400794174832022,0.3682495016871786,0.25765826969771255,0.2827653438157924,0.33250761016317176,0.29978220875804107,0.29080122331753594,0.2950522884497218,0.4013117633223793,0.33209504599069356,0.2777529716109497,0.3118752033536004,0.28977560216062975,0.30341029772397143,0.2212082101430272,0.28194417083692597,0.3732840344232159,0.2746301854437665,0.2987543137505915,0.3502868844630439,0.3233945650226316,0.3334689870020779,0.3121409971419987,0.31739205564745226,0.29220439937559456,0.31493774886478637,0.3270933740482878,0.2980391578451056,0.30758631188033325,0.3556218226900071,0.29590501812462117,0.2593768199684522,0.314038551135317,0.2478283154037919,0.35638037058599825,0.2899013802249656,0.3041756386485792,0.33420774792149477,0.2996896528760045,0.3189046013905652,0.2808687929849777,0.32364600714363584,0.31024710307251885,0.33249926696744925,0.29215813120994377,0.3460407294220424,0.3151630502833374,0.36980235853431975,0.3055219899718081,0.3369218551801562,0.3085624043751768,0.33431793209471683,0.2416120998915149,0.3200332551644078,0.2873693156072264,0.2695338663008506,0.3340325410589561,0.29801075159626417,0.32294230597709755,0.2612764251887519,0.29980041792831313,0.2956140102477876,0.2722793858722924,0.32652873492492807,0.33404911601181775,0.25691157809557275,0.28190051954454876,0.2874905447822212,0.3229794993514177,0.3115715517914681,0.26254673739576917,0.22776682945776172,0.33639143362662427,0.31983370146717316,0.321503593062606,0.391159750655755,0.2704778340418486,0.39537599200229073,0.3091350360345005,0.2993241012776795,0.28949409299903495,0.2855936374750035,0.2889296187400161,0.2846980250705963,0.20718467974869714,0.34804275029590054,0.33651806917366645,0.31422673753528707,0.2567798910696998,0.3399105011636669,0.3404645679181668,0.30034074735468025,0.31079025318316983,0.39845186673719957,0.2861824780027188,0.327063866866644,0.3060078623803897,0.281470776942466,0.31212959423871495
0.3005507346983758,0.2622487462114673,0.30812284868336803,0.24507575790512154,0.0,0.2589859843306585,0.30155443913165986,0.24864760478104322,0.2504045581702369,0.2672253292952975,0.3155134495271316,0.25169768720575775,0.2782290832555346,0.24309964370933332,0.3044200024748882,0.31280661979108987,0.30774939626481734,0.3024577435131843,0.22889114401367397,0.24797282860649958,0.32278352390779985,0.3101996492013216,0.2770560178535186,0.29128674197362076,0.2700810521136651,0.2872529033093089,0.2317199473314484,0.23437444004467392,0.240340401331696,0.28884767544005285,0.2687096699677846,0.25277177460861405,0.24551635292692012,0.22955407720398693,0.2981009092904665,0.2717409732651095,0.30811289522938595,0.2719359066475698,0.26463370701231936,0.281174424894716,0.2690698561712359,0.32539396478489363,0.3065742054563432,0.33087216699352023,0.24555118408518203,0.2649702522365469,0.31176357192402243,0.3469512157337615,0.2982266006214221,0.2862094572944135,0.3141388595090961,0.2800990645991871,0.24845929315376128,0.26633072398352353,0.26729947832745304,0.2555081365248022,0.26117632442037,0.32271709398558446,0.2551136612047165,0.25070784914926736,0.22784285330541654,0.225729474662469,0.292172358813717,0.23164435747218665,0.2592114450603246,0.2326497102554447,0.24283674670312624,0.3095833787611722,0.25127138269583715,0.29243930133496676,0.3025251471169063,0.2501342063526065,0.23354252185020113,0.2972451235741791,0.2540325040832033,0.22576580558038015,0.2718245629526234,0.3943162665812237,0.24316103146545026,0.25166105433920305,0.28432860879321664,0.27796893540820483,0.3352790432221176,0.23283743839915572,0.2562291065548653,0.2618499711336348,0.2582776101384996,0.2451028667494614,0.23749271035306282,0.23474129756429593,0.3852307146598008,0.2617504871115895,0.325910237408861,0.22237671169560594,0.27553503842081456,0.25524047591553295,0.19540178800230049,0.23506710246705917,0.23003637958973389,0.23783981037871918,0.23225421641954477,0.24345027204099692,0.23678313931562547,0.2233654980045052,0.2529239290703262,0.29024738221183444,0.24700432314608878,0.2899762377735854,0.30416489545501996,0.29414072781514017,0.276941404630077,0.27600400496648403,0.25554694155001123,0.25215990625249673,0.2572270376189769,0.28460029010919746,0.24567358365636077,0.2594004540100354,0.25440017885828503,0.24327008576933074,0.34543932000405436,0.23645117843200333,0.24283405443997813,0.339382546383282,0.23954571386487486,0.2539952353675734,0.22339858529690151,0.278012505682412,0.24459325617399957,0.2656222135194701,0.2424881695776219,0.27980131185751383,0.21002070765640593,0.24854808018863045,0.2501999846840118,0.2810193272918002,0.25914539757273003,0.30723604535588633,0.25468486052109895,0.2860052967065932,0.2220855768896592,0.270829718215538,0.27733660568809565,0.25549615983904966,0.29796818418747056,0.2528015283010075,0.31572063645036963,0.2819393443249431,0.25742214818611164,0.1977277996915482,0.2490693004288498,0.25272754871818925,0.27109529672357635,0.2730285754580833,0.2856866918749329,0.28199054487221914,0.2399853042490098,0.3391524156254169,0.229029643456145,0.25274924328394005,0.2553606938210532,0.24900877864583637,0.2327034048682127,0.348506978297822
0.31419794857338457,0.40420947327245316,0.33425823507009794,0.29819645923891863,0.2589859843306585,0.0,0.28553554922176494,0.34584217242468956,0.28494749784252377,0.3025672982395672,0.3594098012260411,0.4068321772744416,0.34671830598805276,0.2422518378844259,0.32043309965419664,0.35484056405323455,0.3522820908158962,0.25429684027535115,0.3313750913227493,0.30019624400870837,0.38613544238465347,0.3605567831062705,0.23795380195486096,0.287680813684941,0.3441385347107517,0.27203126252963217,0.22903895050665163,0.26966877219210017,0.30825221593526614,0.28198142294879014,0.3318051420714383,0.37453300884522933,0.3432651113809639,0.2744133511696998,0.290081916166918,0.3088457005977843,0.3303770458882297,0.29367899913884354,0.32303022644577317,0.2798996703471946,0.3412965428143105,0.3570527772685451,0.30081062159165695,0.382025014435354,0.2969062366524005,0.2838338430545379,0.2819778890506929,0.3263523642483163,0.2607595829995787,0.3175508997981486,0.34274942505909856,0.38186693111832676,0.2868321701836395,0.3813604625890088,0.31668563232007263,0.34924587915458266,0.31428159655746746,0.44879431866787495,0.2448800381891061,0.28145914327392657,0.34613947010887103,0.2746789328485478,0.3873248530023608,0.22502955094470725,0.26900913461816917,0.2824664244411225,0.273110913218156,0.30469551115170157,0.2390556742869099,0.3097575834351251,0.33212489180481763,0.24146814618786777,0.28002211109004493,0.33721392604993505,0.37061431158483077,0.2587152876742964,0.29981597307407515,0.30300205854216733,0.26870843979473324,0.2950995560334557,0.38306709614139484,0.30853576252137904,0.34077341387129245,0.30464106623674214,0.30790643317811944,0.325482609603929,0.32656898861426303,0.24953220995374004,0.2917679545895391,0.2937378268555927,0.3351086634432753,0.3267528783644267,0.3474529519594785,0.28247391019614143,0.2803491062926064,0.3719023901531749,0.28011654374637884,0.33607962902653965,0.235543416131244,0.2889327017911417,0.2549144164012409,0.28030895716466436,0.25506520402879984,0.26732100690439375,0.30154329830444976,0.34053810547295155,0.3301114198452859,0.3277367582227542,0.2923158512335514,0.3735807290425415,0.3542879415849091,0.2756453459783376,0.3510404952854268,0.2800158573337776,0.2961795343937164,0.36369094931283674,0.31963538386799906,0.2525727302709652,0.3935100868206926,0.2664340777259637,0.2955345631148141,0.29728045763758815,0.31925312227615127,0.35785485739036793,0.28009793472943795,0.36224402984386256,0.28787156118839385,0.3121424796992779,0.33899636347005807,0.25500647479895333,0.3098507523484509,0.408940436662619,0.25336253698182104,0.3180003180779927,0.31002088956810797,0.28326427424152567,0.30939731010302884,0.2743888287577502,0.25687860331829687,0.2898567021262655,0.27744306749835446,0.3374731112894722,0.305159321031913,0.30049515225691104,0.3383093866717492,0.2737707821199405,0.3856606004577951,0.33278486165280996,0.3214781174788467,0.24650416703516928,0.28928955260207234,0.3070901353196785,0.2629718943532648,0.28516219096559103,0.38658663940819327,0.30140564799871633,0.2864447762775836,0.3929032592961494,0.2507372260046562,0.298869347628842,0.26762306289622845,0.3140600346050703,0.2511538204747432,0.3287895890660297
0.31530915134939996,0.3085830623542505,0.2645080588594151,0.3325590168354393,0.30155443913165986,0.28553554922176494,0.0,0.2608106997512369,0.24707026267629903,0.30398701235514064,0.3306517592897384,0.33813722387554024,0.33363637460160367,0.27457332570957194,0.40961401087810057,0.2720457137625671,0.29790151708713647,0.3130756367071136,0.2977942136716986,0.2507459716802832,0.3073425884727172,0.3205825029051062,0.39127875962235076,0.3350177879157007,0.3269209474242723,0.3029005905757018,0.27174803579625606,0.2737973360741753,0.2994775860213114,0.2814378883939807,0.3046099258369929,0.3145640742807241,0.3376110283819004,0.30887772294822524,0.28875317085015956,0.2788918280363249,0.3777160370800829,0.2625632519742102,0.30609202930897145,0.37375662193766346,0.341873235309997,0.31984690084132406,0.3262603816224665,0.35206009776059644,0.3061375510863983,0.3188603082464909,0.29558311762742745,0.29702546656407003,0.43003270542316213,0.28286713396484614,0.38873484570768746,0.2902528878929059,0.2622113399277569,0.3504148059541897,0.3562853413609399,0.2897030748836949,0.29349592382833795,0.29718107686798134,0.31956439723188407,0.28944578211731614,0.2591836041593181,0.2486078259646355,0.27942903375616174,0.2373156838982246,0.2710190534929284,0.2550888893735418,0.3146186525440659,0.3368260498579751,0.26389470300948803,0.28545947995250015,0.33158236137789426,0.26126680632327726,0.24185428690382832,0.3683186645117447,0.24086563391613525,0.28652616905696665,0.37716370511270586,0.34384008360572865,0.26132392798876336,0.24412706808155313,0.30034221153549157,0.2989175937057331,0.32611407056396063,0.23672581486784572,0.26503346763064844,0.2808601041674257,0.26934532007577455,0.2937574047069166,0.2856110201919874,0.27027032109115057,0.3505555319368679,0.3414570628082627,0.35041212274920913,0.2782714290049525,0.2913472034031716,0.3322058792203354,0.21183341624587265,0.29223221959765794,0.23803362113891727,0.31007361612310114,0.27759781135835215,0.29316088057338235,0.3007807450220118,0.2661787017817795,0.25273122646922536,0.2971322103660064,0.2689526505733356,0.2914594819648542,0.3827288614899277,0.3285827736932217,0.42006429528165246,0.2781649269567923,0.2878536378435524,0.24353518762075485,0.2844909199691194,0.30361484490049606,0.2859507278722642,0.305763422755741,0.30241223727834377,0.2407430237477256,0.2839203340264949,0.2614152204251452,0.2553371943506491,0.39276355506976207,0.24121573087600465,0.3499171139302841,0.2429499397477113,0.3138420114304987,0.27099956468378805,0.30545899263215665,0.23668799710967503,0.24673727020420788,0.23719190722725908,0.2518759155868725,0.2563869159575074,0.2966835488757202,0.28223273716183034,0.34626331678557365,0.28188253754783377,0.32597260499676034,0.29395395560834947,0.2708529100214615,0.3170342763409938,0.2567764781879378,0.3210611457285868,0.3164828839012009,0.30241970537173674,0.334914796521286,0.26846572465450613,0.1904219202623078,0.28886477913877495,0.30558199559268273,0.27955871796588966,0.33213076596063223,0.3540978604474324,0.32049257521006513,0.3252794524280894,0.3587085118063035,0.31743922118642964,0.332202883259895,0.30010405832597026,0.2708590188578011,0.25575166065399574,0.329668017946161
0.36123916552469565,0.42377555487503316,0.3078503680675615,0.3268361601789208,0.24864760478104322,0.34584217242468956,0.2608106997512369,0.0,0.3747232538832071,0.3725426922007443,0.3195736636573738,0.33074252847401425,0.37277564260629314,0.30204906524141933,0.32492102859674865,0.33439644865983037,0.3518938725195599,0.3409638711009214,0.32175222757344074,0.3798021297431182,0.35507632159941127,0.31464800995281295,0.3041803779499089,0.27734284533560355,0.38874987803945477,0.275377412124703,0.32140788674073817,0.3571375137490461,0.2656349254961238,0.2710606528036435,0.4448763487787939,0.34476165905651046,0.32934148402444496,0.3221664337194869,0.3624733656944852,0.39116438647497825,0.35602866524957605,0.3998389140994396,0.32715398447838556,0.3213434498799107,0.3352880783512565,0.34256314502118973,0.3110694540179344,0.3044699240745252,0.4480361497935553,0.3500492716546348,0.2718432719753683,0.29368834979391123,0.3286768206041545,0.3439373114242066,0.32855834284381547,0.29711758677020444,0.34065420520485806,0.32329670987513076,0.32113088315063415,0.35312897468966675,0.3403419793883088,0.37609664024405687,0.34658753770955253,0.34365299547352157,0.47124097752391864,0.26741390444334845,0.3333357384875955,0.29547145448424456,0.29889024982180284,0.3270732101092481,0.3628487955615556,0.28601262019398455,0.33526835004769345,0.48763999148521403,0.32577028545931647,0.32801050593578335,0.3357833928346939,0.3691444904496512,0.4640179666520243,0.3149379543579146,0.3066730834341076,0.287329019415119,0.3875666351732163,0.2345454511962956,0.3259431517437041,0.3529605421556047,0.3424463736893276,0.406245084631593,0.386252152170456,0.4687504494115075,0.4573539095583506,0.326370783466843,0.40579485482087246,0.3649333088338541,0.3066278271660853,0.3379123951260271,0.33203764102963573,0.31021561039365847,0.3788706109588829,0.33521645353143786,0.3269765044627572,0.373166213628439,0.27073474262133257,0.3903777206870165,0.31530728898866967,0.35653791901422405,0.29518853996002914,0.32492248226189496,0.39911887226970977,0.34300096412981207,0.3577840166723801,0.43407253566600695,0.33126906596256267,0.3331135085345028,0.2898432893005634,0.34528134696196916,0.38305665064349614,0.3707559662618195,0.3553633647609144,0.35113799872902074,0.39334874503966644,0.26870947854543975,0.29542364422964335,0.3132394224329044,0.29116236619058183,0.3987180941358402,0.3275090523094264,0.3308365302253309,0.3122414186310561,0.3136497345693899,0.2993439700632697,0.3302723908135674,0.3676797469760969,0.32341015133676587,0.3970892510806335,0.32559200386487597,0.3342870006550404,0.3392135947877084,0.3674238629633521,0.2801070265411609,0.3048095394920628,0.31489879439708107,0.3628380496425507,0.36609248945776346,0.32043900537621506,0.31284176595063673,0.40322050960799005,0.36921469220220093,0.3748744022737656,0.31700292484479103,0.3602568571998277,0.33245956053937986,0.4092387591171696,0.25971915391861483,0.38725883869609123,0.37237054529953667,0.3173946978792939,0.28966432860666724,0.40334954644500565,0.4037231790777007,0.2936745825326882,0.3490695981465197,0.2769961500743002,0.28773271207266427,0.3374367398599664,0.3599490426392035,0.31906609275897013,0.325563056006142
0.3895415659786769,0.31385335521268554,0.2511729955616863,0.2682364263956422,0.2504045581702369,0.28494749784252377,0.24707026267629903,0.3747232538832071,0.0,0.2794708032975088,0.26604254184036086,0.2675657981684207,0.29650838603547447,0.3451545159227508,0.28229199111703307,0.2755713980741717,0.2896334646256036,0.3641557886319043,0.2711329484178848,0.35861808245509397,0.28158485475263345,0.31493720303065204,0.2641821704095117,0.23655482237442113,0.3082539787509883,0.25043959907250296,0.30969412750475184,0.299938840009724,0.23154859942817707,0.31168912213466776,0.3861121448448431,0.3024593111647193,0.27161952158786656,0.26126666724605785,0.36190830612394753,0.2976001054345261,0.2910481385695411,0.3985684172466171,0.27872121074302536,0.27200410573392275,0.27023262325382613,0.3676969000657135,0.28371389993448703,0.27344618356845657,0.32096828876588723,0.3058020247388097,0.2577147376592865,0.24506535700648924,0.2829503293716909,0.3229902512936485,0.2871588891869681,0.2683491599552689,0.346740543179922,0.26044232874606915,0.258868276878129,0.38180370981696915,0.3309299121244389,0.3035476361308871,0.306689176664632,0.2901481685017849,0.30402660994686626,0.302518476576012,0.2931234581953184,0.29672220276215333,0.3428974213579642,0.31265031172017593,0.3502002191328566,0.29173569587019554,0.3012857785856711,0.3639734362869689,0.3619003012620932,0.3405792307805572,0.38667480326763143,0.2863735031949091,0.37153601524689245,0.3262388646411203,0.24633582771048387,0.2400806015665523,0.3408912716224637,0.2506906218377674,0.3046643301250357,0.40979782432664996,0.32539091593947084,0.31524290908302255,0.37968541920124227,0.3902626227400264,0.3693863887132479,0.3684958753344687,0.34506717119564484,0.4156165726822644,0.32717526474965986,0.3795587361891274,0.286271054205235,0.3051977979877245,0.4132687678663908,0.2993175944388009,0.33346367415575806,0.3216165684283971,0.3605713361853095,0.30919581385720263,0.32151502888221256,0.27081518651310416,0.31548673712832626,0.2687354321843938,0.41721232685624554,0.294665116977539,0.2726501182313213,0.3321846258974161,0.28444629251032566,0.2566474618878594,0.24249134553906448,0.3941753063276201,0.3490803811145106,0.4200296467949088,0.3147711786856751,0.310622959406536,0.3462114674471723,0.2555405337177146,0.22978742828206916,0.3520718525156189,0.3068070441765106,0.33986996559359195,0.32886890601983215,0.29843788728090914,0.4718415421403497,0.25009213199752467,0.3158322369650749,0.26139933145450256,0.26164573855836837,0.31826519689197996,0.4654371791024898,0.3150501009244126,0.3259256012429554,0.412138695741365,0.300935019629766,0.30707726299868976,0.28165688065987265,0.2888124291083752,0.3090686696179939,0.3561532903352555,0.2899052004810292,0.31166045128188663,0.3772250196308679,0.3981578415329385,0.32175448772178306,0.3199052296457792,0.36567525205863743,0.2814488580252254,0.33263603388014834,0.25600159692547075,0.3817327979998872,0.3313551820541625,0.29444118416565584,0.256895371349267,0.3033077717511775,0.3724461029081689,0.2635363815332058,0.27971026064995325,0.29946225172830565,0.2851431809254809,0.27482108259922244,0.4023343893819753,0.38275134707299374,0.3385612613677301
0.34249229283189303,0.4259170803405298,0.3496333049304973,0.32233058791766994,0.2672253292952975,0.3025672982395672,0.30398701235514064,0.3725426922007443,0.2794708032975088,0.0,0.314476269969803,0.30280473061188357,0.3490752288678854,0.29697692210012033,0.3218263253347968,0.30432672577913933,0.3162216281702889,0.3750802502343198,0.2946178438135292,0.2983170952557357,0.30227644620331257,0.3171332102844475,0.3693259087188028,0.2694479108045047,0.4557844901274302,0.2627864575062944,0.2958997820350485,0.31041414745376655,0.36798267362702863,0.2530476713325053,0.3571430971665696,0.3307229821315961,0.27575717853663334,0.2937014591935422,0.3276396456655359,0.3311468999041919,0.35976640345784494,0.31352676343059016,0.27313128000838843,0.31949882940860996,0.2758561669080086,0.33395065002943886,0.29845493305020315,0.28188060856760355,0.3508598766584889,0.31712351164100533,0.2630314165980925,0.3073963508762106,0.3798721697408133,0.27824864195169385,0.3123921598421054,0.2591587868904449,0.290667222457509,0.3282257532389477,0.3632869283919124,0.33504436185523434,0.29023638179193445,0.28918966306253374,0.3457645840841792,0.31010248172975297,0.3522691582575004,0.24617174807468073,0.2714118356432233,0.26043062794674127,0.28226934858097896,0.2908454988581357,0.3127097606770568,0.2928999338633893,0.32629575956846646,0.39601334639479,0.28817848972549165,0.31660869631895705,0.2669630796748979,0.3520584964528909,0.32370942986637236,0.30503198491441363,0.2819408849494408,0.3229806541133288,0.2849506482672428,0.2374114114152437,0.30551562787361125,0.3132088404047236,0.33543456264322935,0.32655664777963156,0.31111467392711134,0.33867198345990923,0.334262407890436,0.30876641063276333,0.34926352934233534,0.2915091476363706,0.2953424078155007,0.2988109472151843,0.3291523410411891,0.26697295269854093,0.33235359066656023,0.3476752168611161,0.23152603374501693,0.3141401897939939,0.25714849466291556,0.34166842748507126,0.30063529634592323,0.3125598945924877,0.27531542847408186,0.34733796599737643,0.2930853378707315,0.28830337838954045,0.2992815850767944,0.4248827885953303,0.3224292492538718,0.3402286416139125,0.28679656247672997,0.29632238778787584,0.3368156398709401,0.31148107038945355,0.30851433051896676,0.3088451460644689,0.33791709834756856,0.34157051124285165,0.3002253267913997,0.2940582714817893,0.25971752323304864,0.2977009859480142,0.2801952960190684,0.3259555715112446,0.26691380101804846,0.36238059157649544,0.2687523134043514,0.28707730898523215,0.37230162577042336,0.32061241065712437,0.33280910727328733,0.26543601857228416,0.28087182103749236,0.2712261377536849,0.3083559567393317,0.2655307854810435,0.2839461750617948,0.323955037333018,0.3504993361401449,0.3294542071956997,0.3031386367063339,0.3148029325811076,0.354742686046451,0.2898625570166614,0.33015018046385075,0.30736265788213063,0.26986587984354693,0.3492463231597321,0.4721689840987477,0.2352178628980875,0.29351928815100903,0.3622506690716342,0.2839044728918164,0.3036456375309385,0.3421359881956322,0.3515570791379808,0.26940062679521515,0.3444738586061578,0.2849062823550084,0.29985409018962156,0.3927198751403175,0.3306976021134511,0.2912470537039306,0.2957799684847872
0.3630173096408145,0.35655030100369767,0.3650776283034772,0.3116198971454044,0.3155134495271316,0.3594098012260411,0.3306517592897384,0.3195736636573738,0.26604254184036086,0.314476269969803,0.0,0.3876929399209048,0.38548925764016156,0.26200951972906983,0.35273342561701837,0.41782678750261787,0.4142567717670503,0.33957954621239445,0.32832342020557664,0.30351125478850177,0.3936015442014009,0.4204499898127221,0.31356050299939775,0.3647790841096333,0.36715227885104973,0.31733790766436504,0.28748508215817864,0.3390881160113844,0.33623937572858065,0.3204311979010135,0.3089004557326699,0.35449806454000743,0.30190225048142594,0.2797349052304793,0.30461609260391476,0.3294835333047413,0.40457333280123714,0.3164231951253156,0.379611406629483,0.3546572742109015,0.32875324623840224,0.3427022362026525,0.34159598614493164,0.3772204164342568,0.31509288873377,0.3229397272723787,0.25329507459693257,0.422784063742114,0.36293354506769676,0.3053302251176172,0.4008356461668028,0.31061449041623584,0.2746878283017643,0.39416682916371487,0.40601600436071766,0.2660105600869927,0.3567399503357044,0.42661882943884644,0.30176672803668164,0.3165765978029056,0.34281197854748224,0.22973510940753009,0.3731692716079398,0.24182583951870312,0.25355711525942065,0.28119514061923717,0.2983436655227673,0.3079752766904586,0.30220528832612154,0.344992388775156,0.33718896828903544,0.2582617306184308,0.275136054627021,0.4062892069306374,0.3485653136160964,0.27261019619214105,0.3897758539731325,0.3418457341854162,0.2815826932917636,0.2606530812749713,0.3298657642894196,0.2850650928411294,0.3463477920504122,0.2990867020359642,0.2879681204661042,0.31539624873722194,0.3119929450899397,0.2683269494936507,0.2864001646515089,0.2721262893083097,0.4059489952820871,0.24881054998535998,0.44271504033597464,0.3039825452068069,0.2940494929498297,0.3170247230347832,0.2331066543935045,0.2510981505798279,0.21974090595762139,0.2895166116738383,0.2860863323242412,0.3231560048206801,0.24626295984031393,0.2500870779345391,0.2875274564316056,0.31050285619639084,0.30229266377470493,0.3382504026555346,0.32657557673131116,0.417362358395244,0.400685927641665,0.28476603728496175,0.3035162908984083,0.2812598805553682,0.31974494213863075,0.3657631233161921,0.3013547040724426,0.32301436310662307,0.3365054760100667,0.25139446194000936,0.3317414677866849,0.2557998519309834,0.2844631641190232,0.4221105441339817,0.24794916500598452,0.38978317473499846,0.23066027429521443,0.34662107932057823,0.3196948961828344,0.2854686352121019,0.2587783026709359,0.3440024566585789,0.27777589783235335,0.28338558505793376,0.34899182351921104,0.2903666638612049,0.3215264507690351,0.3094786060552417,0.31684443476307644,0.33315969515103555,0.28256777507582,0.3067169209278837,0.2903015592893079,0.28355054995156653,0.379285125554575,0.25430865044077156,0.33174356636689145,0.337629771299752,0.3091122514321152,0.23660178210202817,0.34640361857568397,0.2995946275261173,0.38663624910237615,0.3060643454773501,0.3382062016953699,0.3279318606657881,0.34645315895925405,0.37085219521579166,0.27321439616133353,0.30249672815433615,0.2837706078783632,0.2908194401466111,0.2346760087482914,0.4445800532751764
0.3152126397062234,0.3650016020031039,0.3100108424590592,0.29774081496551896,0.25169768720575775,0.4068321772744416,0.33813722387554024,0.33074252847401425,0.2675657981684207,0.30280473061188357,0.3876929399209048,0.0,0.30223709507548835,0.21053778169556248,0.32538628053371765,0.3317542280276687,0.34385660209273616,0.2629310144356433,0.3920662302986891,0.2945592451001687,0.3788344600535001,0.32842612809915966,0.27916883535104264,0.32704924254460727,0.3789845070927947,0.2659999120637874,0.24842792774704553,0.27558404519037666,0.3112507720604367,0.3144927139737346,0.34312718631670136,0.33584446792682443,0.3149636200460175,0.3058208201065487,0.27241969786589737,0.3031023055642408,0.3459994647924635,0.28731506543308066,0.40625039626354637,0.30683216448376077,0.35777879922741695,0.31001374003724613,0.3226717793362059,0.3672560836475373,0.2977418571846042,0.3093145709776843,0.28107924977647414,0.3397630138576427,0.3081198461225525,0.30000354429128523,0.379377074115122,0.3432063885180774,0.2635322482274235,0.38782083099335984,0.38965830654928124,0.281452298552051,0.3526610271298693,0.4277846022406722,0.24853135341213387,0.2921379064487632,0.2917168525398713,0.22889967116685717,0.3393012211903031,0.22369494294695066,0.25217159828135904,0.2755876783903145,0.2521718857374772,0.26483342247366526,0.23460941637628321,0.2903478683845547,0.3014928181023728,0.23298266514045018,0.24228218906671242,0.3301115729730924,0.31630574809065987,0.2652708051448407,0.30700907685197093,0.30519731564267993,0.2804840690646262,0.2479520831288234,0.30999317850270525,0.29231797558221123,0.332398846553546,0.25665284384029446,0.2907613216811211,0.3190573002962549,0.27882618393146796,0.25752818569296976,0.2999847256658631,0.28000971641792977,0.32743124910529453,0.29307537760083896,0.3655644314246793,0.3068363724002784,0.2595780234946841,0.38804968084048397,0.23953430722277463,0.3054080848694585,0.2113481048062551,0.27411927505379446,0.24763387021682098,0.2994918310984697,0.26749396608232145,0.3182888433991554,0.26787023310898406,0.30500829045341366,0.32280912695095804,0.3065319258288648,0.3045791327443646,0.39095149227361997,0.4586352338163408,0.2852467024857125,0.2782285942557115,0.2644290212952587,0.2863929616090809,0.3353701662072567,0.30958511181217074,0.3214786411293898,0.34881767752349013,0.2297367073239768,0.27240998552020945,0.27121751838994473,0.27332418637785755,0.367182533237456,0.22975493957605947,0.441175700650356,0.2330849217855251,0.32431155569878417,0.34113518659649117,0.25237106827337974,0.2625144142325066,0.30188355309298615,0.23908767963386898,0.2852825321190497,0.3101571876920519,0.2572545106451275,0.3406380382585205,0.2837890071179501,0.26634945189208464,0.3369246332487728,0.2545869800974426,0.2739997317868334,0.30202504138946135,0.27302346240755365,0.33665426650744823,0.29525145050474233,0.38623389948529385,0.314986098648989,0.34269807929956403,0.22823260738345594,0.3267604472222006,0.3158711900962465,0.30589834748357514,0.28780436408172333,0.4244992220599712,0.28381946605489977,0.2962143158738511,0.3665741023627764,0.24858902129240593,0.2833083214517726,0.23873969488335425,0.27868414035902167,0.23539760602663812,0.3433894526056658
