0,1,2,3,4,5,6,7,8,9,10,11,12,13,14,15,16,17,18,19,20,21,22,23,24,25,26,27,28,29,30,31,32,33,34,35,36,37,38,39,40,41,42,43,44,45,46,47,48,49,50,51,52,53,54,55,56,57,58,59,60,61,62,63,64,65,66,67,68,69,70,71,72,73,74,75,76,77,78,79,80,81,82,83,84,85,86,87,88,89,90,91,92,93,94,95,96,97,98,99,100,101,102,103,104,105,106,107,108,109,110,111,112,113,114,115,116,117,118,119,120,121,122,123,124,125,126,127,128,129,130,131,132,133,134,135,136,137,138,139,140,141,142,143,144,145,146,147,148,149,150,151,152,153,154,155,156,157,158,159,160,161,162,163
0.0,0.6238266861924098,0.5142112211502948,0.549120212444082,0.4888658395854022,0.5899451101181437,0.5850343413123071,0.6304885125675966,0.6513416692546438,0.5538133403152212,0.6305547220640026,0.5514869258778193,0.7111469332434739,0.6133739863611659,0.629867148488493,0.59991498089828,0.6591590212857038,0.7312721669887632,0.5663203997252602,0.6729243576769743,0.6168655905910974,0.5926408321205785,0.5835923214105952,0.588051607285348,0.6682578064812327,0.5854318248572784,0.5562592041966415,0.6219627589477507,0.5067226208733443,0.5533710460618464,0.6597136251411688,0.6545424181168684,0.5363268653725849,0.6080660128620061,0.7020998885739184,0.5759202019291296,0.6974988872159464,0.6412312764918373,0.5712598904067527,0.6554009338505583,0.5632856845134511,0.6782530472293377,0.6385941911112524,0.6052088021940996,0.6664164971577297,0.6619346676502097,0.5388749476808002,0.5698825681649325,0.6663970126263409,0.6237560918070337,0.6624185090033834,0.5890168299209074,0.6032429352002984,0.5708225668245425,0.5867187137660214,0.6531899209448317,0.6956137147539467,0.58529550184917,0.6292434879938935,0.6181741727283346,0.627650615813048,0.5495640090543668,0.6308790087643968,0.5389169362777665,0.6315541194813741,0.6577180216079926,0.6645523276478958,0.6047539042551462,0.5864749035967128,0.684865718032502,0.670953885408958,0.6237906348734756,0.6501747168861067,0.6807777102758134,0.6534713458927431,0.6550385176617363,0.5921619681533451,0.5428914792661803,0.636306841996449,0.5511712012364702,0.6130098093020184,0.636236634526445,0.6121421894695507,0.6263642417337164,0.6755236829399638,0.6609409102091741,0.6841205761856497,0.6217929007976136,0.6568602638799068,0.6340844223373002,0.6287463836110481,0.5962937896304377,0.608145103503558,0.6634946945857665,0.6635379410657465,0.5526713512949979,0.5260869387730671,0.5844584206374802,0.5624059445768707,0.6714660597536477,0.6165722856539455,0.5941320807988487,0.557245917408123,0.48431863118634844,0.6512138023156082,0.6161098519466902,0.5958089290305034,0.6690856146543308,0.6300180779323841,0.6164213246529076,0.6071317446714365,0.6414082399582978,0.6920069803733454,0.5988494966884064,0.6866317916212801,0.6697679399350613,0.7034090946589476,0.54567889127164,0.5513127470913374,0.5720991421021285,0.5986600249809382,0.5620227930873631,0.685290197540877,0.6646900962604521,0.6380511064065619,0.561326311049532,0.567232313627734,0.5719029241031154,0.5769547609784178,0.603350483426883,0.615114315164785,0.5746397583720816,0.6109507116273025,0.6343365278033546,0.5984200315800686,0.6168324955551725,0.6185792080720703,0.6522888018470463,0.5974689243155269,0.6263931303145198,0.5335498389371248,0.6172276061281815,0.6607861111361146,0.5703936094229467,0.6609667050635517,0.6250949747806118,0.5868039615263126,0.5871567972651932,0.5963839111076983,0.49073060132699253,0.7236015507092897,0.6207209353622265,0.5751915460574988,0.5284834240035442,0.6135027922767146,0.7022385489668215,0.5804565078876539,0.6118118646830224,0.5732032850962412,0.636300432774568,0.5899900873467594,0.6991486643045487,0.5556341357745714,0.7279091230433229
0.6238266861924098,0.0,0.5910667359282605,0.5773559519888766,0.47641063783313853,0.6485534205824107,0.5656539621407018,0.6889593961872932,0.59128736565995,0.6472056781143142,0.6312720785393786,0.6324496030259278,0.637194537866211,0.5839566892337076,0.6579369322032712,0.584489495852195,0.6353789486318335,0.6004437787460597,0.5967773628533288,0.6101258096547225,0.6361296836625342,0.6800119616420852,0.536632168670777,0.5982815021985983,0.6587990676854469,0.5297712810985999,0.5380647969024254,0.5750017609181882,0.6029807136653582,0.5091636276299698,0.6679650433086304,0.6180591668201197,0.6009492916405439,0.5655766821802547,0.639981449670059,0.6506050360277147,0.5954976201194068,0.608316154136438,0.6420689721319867,0.6257648711650519,0.64143087009074,0.6369540409135768,0.5702662690178582,0.6019220939760829,0.6753471226139057,0.5972763453069863,0.5181631278714987,0.5650818308271515,0.5859741190739729,0.601221347797177,0.6135409411713646,0.5727906765483888,0.6078277212897881,0.6868015642990206,0.6455862120919154,0.6188389293111838,0.6060295951063458,0.6082562408137833,0.6012285471323209,0.6063230476760636,0.6792534267882583,0.5226071629934284,0.5952136596113605,0.5446236061400233,0.5701502504428079,0.5734232847164065,0.6042567805561324,0.5406031854820235,0.5498028079092402,0.629935325068183,0.594462988972681,0.5603552744475871,0.5660735032984012,0.6513685358756728,0.6904350676935826,0.5448759175066158,0.5534507758026099,0.534772683545771,0.578664837301022,0.4860200782223512,0.6037231083331461,0.6062304504132153,0.6030472176260188,0.6131780594536609,0.5884976718974885,0.6690067388454788,0.593615923760585,0.5408873529750218,0.5903572442412651,0.620862377858808,0.56645205310325,0.6052997280737266,0.6224403196447976,0.5751973507204018,0.6051984739960239,0.6068975888091093,0.5646865605353608,0.6092540678262706,0.5251390819487934,0.6272282273695028,0.5856469954704675,0.5728929088340778,0.5200223236815347,0.5337894888106303,0.600632102960285,0.5682004352682779,0.6040415392950763,0.657015938451672,0.6205792149308634,0.6387786456155014,0.6076002395188863,0.5707325178925993,0.6050047425402042,0.5646277513441361,0.6055051069372487,0.6205724591445687,0.6281547431193817,0.5376530741730475,0.5968555258344588,0.5420494893534384,0.544874861552562,0.5420684188302312,0.5869223118231482,0.6134454766921148,0.5582150374430227,0.6406035517163452,0.5461674975141949,0.5978465863626171,0.6923934145070499,0.5754781924315318,0.6088958116994538,0.5748820449603191,0.5248136579475783,0.6147557561116374,0.6491396566184497,0.5715565004554977,0.5732108667288125,0.6160783511435455,0.6189374720644859,0.6000585456207124,0.5542908446816716,0.60799863042787,0.6461221931190225,0.6042249211870773,0.6362174124373752,0.5421924121657569,0.6183716277532623,0.6054920557822762,0.656156676890873,0.5224084082286461,0.6071969432745342,0.6322867506803319,0.5923924548174713,0.5690152089450173,0.6548528326228318,0.6268535866436797,0.5323785768232571,0.6059871109402983,0.5535979594189879,0.5287571197770201,0.590133373930139,0.5904529328207015,0.5315616372416665,0.6008695196620115
0.5142112211502948,0.5910667359282605,0.0,0.47366881000784755,0.5481581738253394,0.5944216355099339,0.4920390340826803,0.5486625471132928,0.4836294995519324,0.560872896019139,0.5876604816534148,0.5589871893143609,0.5655834257797985,0.48027129827986065,0.5544364087362641,0.6182340225462345,0.603100538614331,0.5136123478165201,0.4883000802942907,0.5056953800900985,0.6449905435277898,0.704594127134414,0.45523747807849574,0.5680038944848222,0.5330285908187227,0.5417614643650277,0.4506146468530281,0.4604635095788543,0.5539245956585434,0.49303472440171286,0.5054822045732622,0.5438446271948889,0.5009385668459206,0.4580695088034319,0.4875414816960894,0.5506583876417706,0.5348986811234924,0.5332533830803631,0.5623408131933584,0.5458886609191579,0.566811460045337,0.5877099683248452,0.5678491863281101,0.55860869432161,0.5374229218701111,0.5248979438888215,0.564888477373279,0.5940901971682176,0.4946548857997321,0.5547140316026835,0.5534521037058519,0.5551571324298783,0.49951891575951995,0.583827518251581,0.5468535735659366,0.5280708287399764,0.5220207236101453,0.6031154410069172,0.5012842250619665,0.5019993871627249,0.5329147096441604,0.4882343861464598,0.5936709937774732,0.48783707439517504,0.49964426935441836,0.5033764758913656,0.49445574685998234,0.5632225899511525,0.5266101918383672,0.5294257946238987,0.567830851215877,0.4658155307264866,0.4795362371967098,0.5884066576769634,0.570693334478597,0.4422148655195859,0.5286671812349643,0.5599008821211607,0.504639446164446,0.46919511368473954,0.5888111027464914,0.5105567855388901,0.5904410201121956,0.525259097727937,0.5059940605675237,0.5582673267665074,0.4994612165895725,0.46278243694465676,0.47054882691082944,0.5080765365870022,0.5454814754557448,0.47645892274308294,0.5616380570499772,0.4692874354656979,0.5101579062691461,0.5398965005143745,0.49151973069983124,0.5039183287333316,0.4539852680946186,0.48950052389654086,0.4666125205770995,0.5330380759619008,0.4517482940450797,0.47540651134827844,0.4960926859529992,0.5731581467769559,0.5619602152054939,0.5498515454347302,0.5624902812324736,0.6030919820532655,0.527272517306765,0.5059235098522706,0.5060248033046592,0.4777711851756238,0.5061647967579544,0.5512715581033669,0.48910075043195295,0.5062314969658895,0.5869878886378346,0.4555820992973036,0.5439760975128048,0.4758114413236053,0.50501351564485,0.5502936784258458,0.45919630841222847,0.5649952734530007,0.4905742280132579,0.5823171632745285,0.5825882877726338,0.5263295182155512,0.515127438737159,0.6317535079441877,0.4381655653185139,0.48968956698997657,0.5587291846994322,0.5371788211300959,0.5340980462195188,0.5243760340046751,0.5304256642364061,0.5153896223078286,0.45449176953152703,0.5552728670202618,0.5056472196934291,0.5272787930993741,0.5738100904745657,0.48556528153615897,0.6180499313515954,0.5704618587537865,0.5778359606598309,0.4922422627018407,0.4735225806289165,0.4957461933109958,0.523931617237788,0.6213510934711429,0.5668964541347105,0.5238156502234697,0.46285941229716004,0.5905235924064478,0.4342607902554331,0.46378607695156354,0.5312339072796639,0.4669657221107052,0.47234611957220646,0.5341692473834858
0.549120212444082,0.5773559519888766,0.47366881000784755,0.0,0.44971554155594756,0.5539948655931661,0.5989799689523528,0.5637910601775298,0.5056934215562927,0.5156067424165489,0.5420831078692809,0.567761706070166,0.5106881559398438,0.4976049938744887,0.6066951563726168,0.47343212214208596,0.5285393303283658,0.5323135561706213,0.5731961576746821,0.4792374606613942,0.5416190450971832,0.5207528728687962,0.5335711029192411,0.518761522605187,0.5672146703884947,0.5092377947059232,0.49787675729786496,0.543135526863434,0.4923990411408113,0.4548488448752625,0.5687931466642734,0.5041290787730649,0.7343643785735918,0.546692549440253,0.5791907761361507,0.5625386025672267,0.5126271242243065,0.5064620786756147,0.5172789366032813,0.5648558534226237,0.6121596704758209,0.5407159632654711,0.5029104437006024,0.5834302946463726,0.5469779448184289,0.514989172322832,0.4577796749476758,0.4832562521253859,0.534403077762674,0.5051313110104592,0.5844687088577426,0.5751106184518363,0.5223595590815057,0.6367941250914114,0.5649022986007668,0.5156794461068115,0.5219617391299688,0.5642044461859121,0.5194953548159459,0.5128556104238312,0.5439067333952549,0.45766501556140204,0.5584925288172892,0.4524369325527012,0.5003907051780189,0.49210695222133916,0.5228992501327085,0.47225071208321767,0.4788401365816408,0.5646969634132067,0.5100344625253771,0.4835732468674101,0.5265010877468042,0.5636012366822288,0.539388951131227,0.48754696863216307,0.4875921776058262,0.48530863885787595,0.5271527369795035,0.43658890233677516,0.5092711925087463,0.57839151261033,0.4994062919681745,0.5099078978064461,0.5407682779015146,0.539744621960868,0.5234230018181474,0.5039357974799348,0.5256444771981026,0.5009661425187248,0.5690459472729669,0.6123033259357381,0.5332479519311337,0.502058491468492,0.5506343178581153,0.5483819802060735,0.46783510893626296,0.5856464146280974,0.4752713986670877,0.5902458597259489,0.48953860399989124,0.48972107794257147,0.596068681345211,0.550537214139103,0.5444615951045105,0.48129003381138424,0.5019417024514752,0.5545155873395288,0.5332381680343314,0.49939791496538977,0.6140524045674326,0.5259089972664852,0.5537744100192928,0.4898451817985234,0.5658956135317402,0.5583279232675925,0.568203404486615,0.4490160206547849,0.5887534970612304,0.5237156329172439,0.4644929758358919,0.558529822721484,0.5045356573472066,0.5509324821570621,0.48433078848907535,0.5471665314629055,0.4956883702815615,0.48290450037362537,0.5693638144514231,0.4837353698320617,0.4900875784401214,0.46837446298781793,0.45778540552427344,0.5692420837233667,0.4943067241400216,0.4614991937240252,0.45947938347281075,0.5683106714979436,0.5136689031394307,0.5170367318278215,0.6074918999606892,0.4745854338276707,0.5833747910270465,0.5223439133210209,0.5136558273340466,0.5413472174321545,0.5162837955672637,0.49854847381144063,0.5040976485714939,0.4232749234304442,0.5868192353516806,0.5749839242039562,0.5004925013236883,0.46092108840543894,0.620445900931067,0.5123945049410163,0.46156825499815407,0.551957972033517,0.6342095776121263,0.5097077639069998,0.5151662375556733,0.5419282025914393,0.4741931889409661,0.5523266639337561
0.4888658395854022,0.47641063783313853,0.5481581738253394,0.44971554155594756,0.0,0.5037710991989076,0.5241613806054176,0.45539746682235144,0.4458247820017675,0.45419031855582026,0.5355623787288171,0.5137137100201328,0.49368472768164595,0.4321022571958464,0.5322152745052873,0.5678437253024279,0.5441229858240632,0.48312045409188414,0.44932928087081764,0.4371558703608554,0.562935698544053,0.5372428147841829,0.46240459704028225,0.5380059090136264,0.47029604105278505,0.5686523570037257,0.42898980837774303,0.4246670763739599,0.47204158150263625,0.5568860264361402,0.46338957413557774,0.4929619185640833,0.4732724877492487,0.43662558172739385,0.4480367144543052,0.47815369830705,0.5088904520719432,0.4824372702173763,0.5120101880695903,0.5219048195621434,0.5196955971472362,0.5279769197052725,0.5570543801490314,0.5571464997672446,0.4593181372270808,0.4958384607980667,0.6072288757832998,0.542421541471099,0.48852750657970473,0.5070866062174371,0.5550938316114982,0.5427865059773095,0.45515977084067993,0.49545403420151046,0.49587399054462133,0.47736925212975556,0.49676589516386377,0.5885103856618079,0.4403738995216354,0.46791373650586315,0.43343178886518813,0.47009937686346015,0.5515851615240404,0.42519798423864574,0.46242412226466934,0.4502375359044624,0.43881117860745794,0.5530554687540954,0.46292419957248665,0.4716537465843877,0.5334877357898566,0.43766816155500576,0.42818793986923254,0.5269945693380825,0.47104858792565096,0.42860232646750857,0.5157875795387901,0.6610019957795497,0.4720130503079846,0.5043030479148484,0.5146690997397094,0.47267330195425616,0.5943933334368283,0.44892779644651876,0.4770285733611176,0.4819162214093889,0.44345833620212,0.44662313348153815,0.43953113010168415,0.45630416063171064,0.6024044000756759,0.4500572995376784,0.5554166653888928,0.44415119743642933,0.471048616073663,0.48532771385144974,0.40843192880697504,0.4435202783071207,0.4368745487161848,0.446392639963905,0.43307919410863194,0.4726992968141361,0.4423930936905498,0.42649945076719936,0.45330203774945416,0.5441332618889544,0.48380516590936967,0.47491690804842907,0.5355265441316135,0.5059267106430737,0.5097491805994608,0.4884160632818934,0.4482382252018219,0.4379363249386452,0.4859455217092272,0.5385706793774565,0.4516399377485296,0.4724517534742039,0.4938328153476297,0.4312243128365989,0.580025807805681,0.45747244205114124,0.45335154853961257,0.5716276399858647,0.42497775580891217,0.5049039093185357,0.45327816740831156,0.5493355122630083,0.4700974829602488,0.48055975427782543,0.4534642475528926,0.5350294039667776,0.41156909958491933,0.45511786529164305,0.44515250079553836,0.4946301857184714,0.5120984792536145,0.5179446737935705,0.4488972997354248,0.49718651105818545,0.41513118526677323,0.4920680352190183,0.46661205507345793,0.453719050237933,0.5187653383876105,0.47625624864924065,0.5726052241554904,0.5316938797263189,0.4644524420364427,0.42794762527257496,0.4467303580424478,0.46201540128806107,0.4687836762688264,0.5346312241058367,0.5109842473141248,0.46272679681656415,0.43594136907333464,0.5861671211769314,0.4190509346066014,0.48735457953864836,0.4643805251876778,0.4447843782361601,0.43958764308426385,0.5456284305462316
0.5899451101181437,0.6485534205824107,0.5944216355099339,0.5539948655931661,0.5037710991989076,0.0,0.5396638270401821,0.5839398222960359,0.5260782352206009,0.558552983814114,0.6312135064322734,0.628502276807148,0.5941463235474904,0.5003323390269739,0.5758878360260864,0.5826634742621118,0.6020048077168909,0.5245877286472993,0.5635186923189918,0.525459747943561,0.6377487800188786,0.6147931861581394,0.4778852694728257,0.5725656446374415,0.6061693266281521,0.5445780081157348,0.4547435700302382,0.5121322232587705,0.5570906330020234,0.5070525125559304,0.5782624855972676,0.5821280968641723,0.5765046174326888,0.5230957253201497,0.5598073406724843,0.5609766314642892,0.5921226816914342,0.5397861541253163,0.5689010523874811,0.546755985270806,0.5868058381588347,0.6326852396779883,0.551686355719615,0.6732929321656662,0.5575513481836527,0.5290050748977512,0.5299072352890042,0.6246932656608464,0.5249881795221081,0.5330423982012424,0.5935254545979022,0.6339693593962394,0.5223343687420864,0.645975004637334,0.5840662724935825,0.6032754046734751,0.5509913933979526,0.6531323616055846,0.5009107270990489,0.5128781948361453,0.5953710189854208,0.4959426311032342,0.6444631929959685,0.46852689905138073,0.5113894941048824,0.5255637718227273,0.5262563994346963,0.5568607677325416,0.49046335655961026,0.5790150406609907,0.5839094923522249,0.4832136074943855,0.53097704011375,0.5944480979351062,0.6034625036203558,0.5011811335653144,0.5253894044765812,0.5482341964695123,0.5310570364970466,0.5308375885704327,0.6465549847846462,0.5562581915712262,0.6072394966078941,0.5687389895743651,0.5461397068858467,0.5828753517187497,0.5819323425934837,0.481820556982982,0.5188093606903793,0.5521893296944914,0.5692332131080834,0.5506146086556453,0.5654958259584301,0.5264935634813878,0.53812955954773,0.6191666115476118,0.5042407430557563,0.5831977061640551,0.4826466688137181,0.5463063122164402,0.5084437656361493,0.5239337975548818,0.5002098374660839,0.5137460047606635,0.536792136864907,0.5457845579885927,0.5446283704862616,0.5934288482281752,0.5444300807125646,0.6416522064671737,0.6260409708797573,0.521896434553821,0.6073743061850718,0.4954574791231731,0.5580800105127114,0.5996284838002168,0.5755410303238488,0.487083979492042,0.6712141847910359,0.5069594750754163,0.5176503540843083,0.5191728541281002,0.5790903102509155,0.6174015545431141,0.5168968830029035,0.6196794273043624,0.5037589031612987,0.5578652397584448,0.6247814138257812,0.5002198099154003,0.5462374590898756,0.5838575471401348,0.48021275168326094,0.5734228100686841,0.5634007783765848,0.5315280973857353,0.5542600788876297,0.54081253810121,0.5017129756087284,0.527709910286149,0.5286443480616686,0.5648340080883114,0.5503728488474886,0.5287302920370238,0.5947663884355817,0.522484337197691,0.6153028205956458,0.557031199698457,0.5746122692711073,0.4841886505790438,0.5582487532943616,0.566069395313364,0.5086402647028649,0.5051222377469399,0.6427316270985699,0.5563401844733192,0.497463598469117,0.6656282913212879,0.5109612351671675,0.5201434228983942,0.5342516597231832,0.5577436312455901,0.4807483135266367,0.6000054469279916
0.5850343413123071,0.5656539621407018,0.4920390340826803,0.5989799689523528,0.5241613806054176,0.5396638270401821,0.0,0.5307154418242472,0.4990426222227315,0.5522737334061807,0.5999248580893397,0.6025349812458268,0.5642903275096279,0.5039634261130854,0.6620287673972872,0.5433682282213383,0.5700078334926091,0.5692553759525536,0.5571245822845795,0.49108705435239797,0.5570883628645539,0.5387333774569575,0.6384565347984245,0.5782742748756295,0.6036571671558609,0.5495034924967328,0.5366049058709322,0.5498021397020149,0.5321479128933658,0.5509420919582436,0.5843134557966492,0.5852635904578118,0.5867174343947058,0.5822663441704105,0.5573813590477652,0.5366311265858199,0.5943542280149064,0.5107656667822876,0.559369779933339,0.6340519480803752,0.5538325932150763,0.5590776115493685,0.5737996970100374,0.6108472328676986,0.5572925826750826,0.5635402216119847,0.5195638855031776,0.5380283967407785,0.6706716412833931,0.5259067792565321,0.6539760205403886,0.5391075057987874,0.511170516235043,0.5806375089095462,0.633042486780122,0.5256416493721365,0.554499818399857,0.5859790770349068,0.5460259863044229,0.5434351841186996,0.5161418618715591,0.47734921160819105,0.5408849895126766,0.45635168231929824,0.5077831430311032,0.501542954461678,0.5339024864286913,0.5378810525705224,0.49992773200435964,0.5593784493856638,0.5353955299090518,0.5083291683006403,0.4951967342401575,0.61073732967053,0.5163202481463209,0.5467397516776911,0.5839068692299653,0.5998343013377339,0.5180419448578873,0.4967296163626727,0.5114605336307708,0.5356513558282291,0.5808960557351082,0.4888951568291846,0.5356528775086585,0.5179549217287698,0.5192720100676794,0.5520551498474747,0.5604206722732238,0.5076317923013216,0.6169407603538559,0.5710769523215437,0.6296043602890111,0.5297177032971022,0.5363532206977468,0.5583281745287608,0.4356640421545657,0.5214585599630357,0.4748918165216307,0.5809331480770115,0.523409369043981,0.5375748098698425,0.549960984030676,0.5021119729931119,0.5189171916874858,0.5253668499560141,0.5196856470523958,0.5530651998312915,0.5997676540721226,0.5470040154560449,0.6630526124584883,0.5290717295766132,0.5316124045911047,0.49791147092782523,0.5592170470489615,0.5758769162843205,0.5679983721780008,0.5438481139380857,0.5395298394622585,0.49176089561035913,0.5192308125846677,0.5173385019949825,0.49802035598615096,0.6601568262639242,0.47779986355520865,0.6013783493345516,0.4886382902900467,0.5536842393738562,0.5381909021828283,0.5147522348501137,0.49435862295946525,0.48143470249415515,0.47970296051165284,0.5085028613705118,0.4887293414306704,0.4925997870684199,0.5274863722484494,0.614489758937009,0.5257714457386948,0.5679484201719908,0.5257805558129446,0.5152961305416098,0.5751430523567015,0.4938659472829611,0.5582743925362955,0.5728946215025692,0.5244473228681699,0.5635090318247892,0.5207474766541211,0.4210467612594637,0.568095219321434,0.5753774460317621,0.5119747332359332,0.5218134014891829,0.5974091541776582,0.5359315534675095,0.5180228389750127,0.6172286565224587,0.5738790091932947,0.6163082660107266,0.5208272942583799,0.538979480757402,0.4756014734838834,0.5854811813194984
0.6304885125675966,0.6889593961872932,0.5486625471132928,0.5637910601775298,0.45539746682235144,0.5839398222960359,0.5307154418242472,0.0,0.6581678832948659,0.6186958040870286,0.5753186909072363,0.580526037964795,0.6247146229926873,0.6001293999410506,0.624487277038713,0.5713652185267774,0.6148935239572693,0.64453643376582,0.5732683636152094,0.631665664217016,0.6071177433075029,0.605433968136304,0.5488907206980034,0.5357861702696869,0.659238740901372,0.538312437235451,0.577242746676873,0.5805130101981848,0.5301423499217862,0.5141736427127117,0.7052070942678588,0.611784519567119,0.5669264405281003,0.5728759183015881,0.6402354538465909,0.6642760092674836,0.5908868487911769,0.6755054944764577,0.6055611369598265,0.5966409786052055,0.614951651061888,0.6279561387628175,0.6037011697884406,0.5544778918696485,0.7361541623899269,0.6383443784359278,0.5138121378150144,0.5202235194735514,0.5793553340783976,0.626046526766025,0.6071841080106788,0.5530207615844841,0.6091140397118646,0.6014912119911646,0.6032231428367426,0.6277337568659564,0.6194329542323327,0.6055282137957149,0.6162202952120934,0.6254572640678974,0.6728229713620435,0.558821421681996,0.6046370461922922,0.5760580543074915,0.5935413882648516,0.6118258457408013,0.6270278492001932,0.5401483738295088,0.6052928890366949,0.7325324093879466,0.6078945703806632,0.5984796015826738,0.5960434369719799,0.6430962429554318,0.7289662378943206,0.561953428375711,0.5493781089850811,0.510657392921774,0.6614571279313674,0.4698481350080342,0.5938657116636383,0.6429633585007615,0.5765811972979608,0.6630829748437319,0.6458897435955254,0.7288231188969716,0.6611363299202767,0.5944462813839037,0.6546826767666213,0.6451796210375701,0.579054605240395,0.6275368143481964,0.594111578453259,0.5681735720886919,0.6385390147796103,0.5756230985717617,0.5932702475723762,0.6344463731325762,0.5561574388559382,0.6553585898466013,0.5919264325975364,0.6375362238135774,0.5654851083370003,0.5400374125114095,0.6781275999246263,0.5954630391453589,0.6374161020707964,0.6825221724728663,0.6213605919377906,0.5626437474060145,0.5583487910651371,0.6273077834590397,0.6068679872663234,0.6465281132071646,0.6424000223310451,0.6041034549939013,0.6506284991788692,0.5291684898133305,0.5469998417421644,0.5870719211446765,0.5402124962117136,0.6271708259605968,0.5830755673641093,0.5842384484317796,0.5700223966660491,0.5852598952789082,0.5792233622288682,0.5898222798459786,0.6489916824918365,0.6106609643406806,0.6689780379047988,0.5812531740394309,0.5602627137662682,0.6251260453847776,0.6215892000142701,0.5600063579804467,0.5607822450503055,0.6105014530652842,0.6504731055467036,0.6590365600393904,0.552021533246857,0.6065793435000756,0.6607417295184658,0.6519508143778924,0.6351260159740629,0.5767647141869869,0.6024339597408807,0.6069992422917047,0.6668558128201973,0.5363629849229858,0.6467888480230843,0.634587806746677,0.5839252895150053,0.5582059588908702,0.6619488937831896,0.6708679256677135,0.502237505457164,0.5780518004159267,0.5322356264297349,0.5325086179929183,0.6128191410041882,0.6085872181070904,0.5970251369143714,0.5821959573986132
0.6513416692546438,0.59128736565995,0.4836294995519324,0.5056934215562927,0.4458247820017675,0.5260782352206009,0.4990426222227315,0.6581678832948659,0.0,0.5298352844332859,0.5196984575897116,0.4984468419748755,0.5759187825388699,0.6225767062208,0.5669889302425227,0.520635840796371,0.557472548283786,0.6541951919266102,0.5084693418409688,0.6222521611991034,0.5483200175299802,0.5535691470144636,0.5145693083697456,0.49038304737304356,0.5846233032659233,0.5109653528525657,0.5522497556198568,0.5321040826665902,0.4669157287650793,0.5112392520888067,0.64908090883712,0.5588954312747876,0.5029206127212776,0.5153772133412322,0.6444499229121474,0.5800662709786162,0.5654180070906785,0.6730966228539805,0.5356354860736863,0.5485402465811464,0.5421222997503681,0.6426775273710461,0.5593059232848308,0.51554776939084,0.6132140189932956,0.5916433488321657,0.502654326056843,0.47938474843771084,0.5468105970426348,0.602734679126064,0.5617729118882343,0.5189702797129488,0.6083354160994086,0.5148364624903499,0.5161832889585449,0.669174947415796,0.6008216201527065,0.5390685703868029,0.5925656878704089,0.5853548147174051,0.5765876111197515,0.5711263255840152,0.5578821759302082,0.5760072552452785,0.6229617093431357,0.5990034056140793,0.6197031992986106,0.5426161751659764,0.5869374118779656,0.6663768903586927,0.6202832069566994,0.6284213985400927,0.6273704969782606,0.5746170812896186,0.6431546940591296,0.571877485598281,0.5082312398086347,0.48319016923353647,0.608441092102523,0.47460712259648924,0.5718438837699187,0.6651016643985783,0.5587990088718234,0.6126247077457997,0.6521354576565288,0.6813284052052498,0.6456872426911603,0.607361744422916,0.6162686472927905,0.6802442846888785,0.5691302147763317,0.6177650943743253,0.5401291517383116,0.5604545325746967,0.6820736282117806,0.5248745424590662,0.5680042799318628,0.5805543751400699,0.6187269251073412,0.6016628375992964,0.5906786859022845,0.5586304732003535,0.5456736876330754,0.4808403829793136,0.6809728493066144,0.5589089656790719,0.5594828104940797,0.6106238938801677,0.5665532431313518,0.5166016322383011,0.5031433805520281,0.6517297533649974,0.603864096530221,0.673666837454601,0.6053722601862834,0.5752756624324186,0.6167719858703399,0.48994148456663406,0.48382569616370785,0.6279753666633912,0.5537480597544503,0.6033789657116588,0.5895000063932235,0.550066617723056,0.6680717855207053,0.49911798813535674,0.5898217820244959,0.5302740801420525,0.5340681264133348,0.6022904367482513,0.7210508219754506,0.5585067045867926,0.5835020262080578,0.675030571137438,0.564969826256218,0.5856306143434233,0.5351464578634992,0.5798404093959296,0.5640067777732156,0.6238312946429305,0.5102855541477904,0.5970958039204247,0.6557992569069722,0.6408448953372864,0.6018583757771471,0.5708224181321663,0.5887861164137719,0.5547647541420726,0.5774370582610008,0.51987959697729,0.6325434479165615,0.6021759701705154,0.5469025075537118,0.5138380379381187,0.5689214567368542,0.6639354224296387,0.4831842571341209,0.5275910417564073,0.5167102180040661,0.5251423608745083,0.5780812863158731,0.6564991024477104,0.644386680748037,0.5963533079646302
0.5538133403152212,0.6472056781143142,0.560872896019139,0.5156067424165489,0.45419031855582026,0.558552983814114,0.5522737334061807,0.6186958040870286,0.5298352844332859,0.0,0.583308138577127,0.5839465547390444,0.5907308068356172,0.547503607307361,0.5820397044651464,0.5672431906759452,0.563439871907204,0.5718057222091998,0.5315598400356586,0.5384278785731295,0.542698377600905,0.5774468196404791,0.5496460604399165,0.5115528372536745,0.6994142429899058,0.49762673107321825,0.5547374112969228,0.535764573075643,0.6638701334084028,0.5090042979653352,0.6203900483394521,0.6128357450418455,0.5292046984709396,0.5304892405886881,0.5690913025924556,0.5831851568966053,0.5869162715928008,0.5702487908419158,0.5576116728270896,0.555141259481593,0.5430163265606627,0.5658073462425934,0.5693385050695567,0.5472506801177591,0.6097636416755428,0.5435583559731582,0.5023150240540931,0.5453765755288197,0.5928979945319374,0.5288627087668211,0.5455038286163983,0.4862712818711785,0.5108077719255301,0.5556131472384785,0.6442673260498821,0.5601629705926706,0.5225732746827976,0.5675914638853778,0.5853287442754167,0.530294270427216,0.5688989728390702,0.4882892117493385,0.5207782125279301,0.529772096678669,0.4997388143125588,0.5091197057760665,0.5440290741670003,0.5307204777615077,0.5871531739356337,0.6267683073917375,0.5222443342743806,0.5409781356794602,0.5076509262734112,0.5718508134931893,0.5827634854076724,0.5398465320568044,0.5256879392335303,0.5311232045935064,0.5313235962440349,0.4616549683595721,0.5517924495847071,0.5106178934556876,0.5668715275668422,0.570545870819541,0.5287731819817351,0.565316338516563,0.5701144168970939,0.5479001657518836,0.5830927701348549,0.5305280873670785,0.528926668458983,0.5531336278545812,0.5947986122001864,0.4953193015465117,0.5333199626653683,0.6265088099300761,0.47797353451238145,0.5662051841997645,0.4908045066486777,0.5536372913263724,0.5630186428785744,0.5766600912278657,0.5174906706784772,0.5762779428048271,0.5392694145758049,0.523489214225526,0.5431322399820151,0.6396035237107336,0.5733832794632754,0.5608875919120436,0.5406791370257974,0.5225248226349487,0.5380428731405225,0.5615467459179201,0.5354557055447648,0.5207720048071791,0.5831051238623772,0.5963753822384981,0.5492299689096543,0.5159252411355569,0.4887956734669061,0.5291520386069011,0.5106662047151802,0.5551161164486698,0.5057187901983278,0.6588762536337218,0.48570217628888823,0.5485784735024408,0.6414989194311111,0.5594969017796677,0.5858114454156623,0.5096577446844348,0.5005482745282052,0.5007735818697091,0.5517076382178263,0.5165070331850473,0.5541717772448546,0.5630707192697545,0.6171603734666076,0.5812937223412032,0.5535740711454993,0.5828754656054111,0.5447700294979051,0.54942738167388,0.6075542747835724,0.538976837429812,0.5197497501741687,0.5967039307086376,0.7249377120734498,0.4918455668710937,0.53701382181716,0.622686479153253,0.5082069084890587,0.5618739555232245,0.6210973254196747,0.5756799624603927,0.487199616375401,0.5631032931609561,0.5183098137711187,0.5140493319111268,0.6050697622538258,0.5496951912027337,0.5227968876038609,0.5147796625093766
0.6305547220640026,0.6312720785393786,0.5876604816534148,0.5420831078692809,0.5355623787288171,0.6312135064322734,0.5999248580893397,0.5753186909072363,0.5196984575897116,0.583308138577127,0.0,0.638849132447675,0.6698175082526132,0.5205630633774331,0.6218014227076909,0.6768472846189567,0.6749443887808353,0.583969420024169,0.5858205025570188,0.5652395714430059,0.6367798987648411,0.6568589755466026,0.5558753045305501,0.6554289277904972,0.6422871037161528,0.561435275237745,0.5196280832975042,0.586215886369402,0.6022372897497436,0.5678319334888486,0.582173086822241,0.6409270631452461,0.5402188756043658,0.5615466833514572,0.5713340605833498,0.5482648246514208,0.6645546228364819,0.5607652919610736,0.631842490317512,0.6305586371580268,0.5591095781699383,0.6127331833259437,0.6042512999820211,0.6395633763741032,0.5874182637940424,0.5668489427310268,0.5121473509973719,0.6779458108057638,0.6347684942697056,0.5564061360397928,0.6306373399468281,0.560659806784887,0.5234273204062171,0.6235687892925542,0.6687842197381759,0.5437960081651334,0.6034449730175024,0.6447412761913924,0.5439668578792721,0.5515010932612591,0.6063302950917173,0.4808370201161829,0.598202363021309,0.4814064622718574,0.5202728647910987,0.5379151190778666,0.5543296521307346,0.5659052115045838,0.5299142851310601,0.6092505895420329,0.5745078824365741,0.5141132358199819,0.5234560201911114,0.6590929777084232,0.6057185246117465,0.5331727443283115,0.6253397917097144,0.5971558982675154,0.5366200842405502,0.5454353771670735,0.574172693080031,0.5321002395289107,0.6279608790432437,0.5565431844318182,0.5495472172505145,0.5681910406064186,0.5807440560495514,0.5149005691337489,0.54486395726813,0.5372566529789642,0.5910382132138204,0.5124630484323176,0.6521739029758333,0.5655555531501741,0.5438569531823079,0.5716093163045058,0.4760713123526705,0.5170923090891112,0.4720137226473275,0.5510337236635344,0.5490852196767678,0.5797315569436131,0.485767831505078,0.4827646519237039,0.5293225749452487,0.5625963733726348,0.5616131006901323,0.6117770915457184,0.5823727356978728,0.6747554931164235,0.6587906197234442,0.5336977461730504,0.5702833955133766,0.5244919630907364,0.5668912480765811,0.6200178785400984,0.5731553796414908,0.5921426800431878,0.5917612802228883,0.4854061995238666,0.5662206328809614,0.49812880398619086,0.5618182073640441,0.6672962730772957,0.5123241466362024,0.6529775734102895,0.4866154543995394,0.5971589278273332,0.5937968237408003,0.5315510194045138,0.5289854007937279,0.5676933680238455,0.5262808300932452,0.5392317262218587,0.5888326366459772,0.5463233177747941,0.6038044125160741,0.5866598719451059,0.5695001334961327,0.5744200724709837,0.50675869183576,0.5821472401192971,0.5549142827195873,0.5151522755318151,0.6312548418929126,0.521822655224672,0.5704894210862046,0.5852473430404308,0.5839466382036113,0.4744552568058683,0.5834016325514909,0.5691818925515134,0.5744636672744227,0.5310684658646608,0.6093490938506854,0.589498664899686,0.6044671599474493,0.6498643510282849,0.5294854261538922,0.5870762572546455,0.5265329292278076,0.552326255049036,0.4774017357922801,0.6638793520199048
0.5514869258778193,0.6324496030259278,0.5589871893143609,0.567761706070166,0.5137137100201328,0.628502276807148,0.6025349812458268,0.580526037964795,0.4984468419748755,0.5839465547390444,0.638849132447675,0.0,0.5479001965002498,0.469576683118042,0.6175215726654485,0.5810926562878445,0.5995442544425826,0.5212264497678714,0.6663882467871941,0.5130929695473373,0.6195256672377666,0.5843084706920579,0.5530942263238874,0.5959449266066342,0.6267081431216017,0.5103009961587467,0.48889602374505764,0.5464373178533173,0.5807318568889887,0.5531366585312889,0.6030013332471148,0.5916523327266171,0.5767820042114322,0.5807963139010137,0.5390983535891333,0.5681105200195602,0.5562039819086324,0.5183525427838037,0.6472558766819801,0.5588499612525892,0.5918407270509517,0.5730325428493989,0.5671701291793386,0.6213645701843872,0.5648524813425515,0.5397358706029135,0.5063237960774518,0.5693512944148114,0.5779911164045639,0.5313898422513059,0.6084557944703953,0.5584520374498416,0.5089206825488615,0.6551413622490048,0.6626017457501177,0.522138467110821,0.5567848613216865,0.6912818095579776,0.5044124784808067,0.5335866903747646,0.5496513237877783,0.465259445840728,0.5676674925799894,0.4602885334871686,0.49360104954629924,0.4951058355010615,0.4938391645981471,0.49695187884374653,0.48122857985843875,0.5622902716858045,0.5192122500580145,0.4751832116408497,0.47781885082517433,0.5911503323126115,0.5670875818931325,0.495920709731268,0.5475302429901454,0.5608284742885387,0.5236287285401673,0.4783039386743883,0.5336073370913204,0.5296215604798442,0.582165243422043,0.5063217771651966,0.5270300566941866,0.5453153311856298,0.5255601509662172,0.48947477027010244,0.5302447689645388,0.5092485144713027,0.5650583997214966,0.549446781258745,0.629984775615246,0.5188768493230282,0.504599815564871,0.5841961163224818,0.47077539906226706,0.5510408426281058,0.4566879566269822,0.5346701456315563,0.49835725925614455,0.5510372174742013,0.5038707674828853,0.5395388280715556,0.5140882358357282,0.5270656602608483,0.5492519858944606,0.5847403417596838,0.5564469450212375,0.5925481606986951,0.6865421018867377,0.5116083671214389,0.5098059911015498,0.4932375690507173,0.5344942571840442,0.5691187221553934,0.568606083938552,0.5516261880456734,0.5862205574594889,0.4695760648283489,0.5042466639136722,0.5020821653887477,0.5082190564477255,0.6178711786737963,0.4650146700358206,0.6695873949469806,0.47477570097427535,0.5763471081273149,0.6174957275416041,0.48456089796629276,0.5145548750444275,0.5230094220727798,0.45832040492711024,0.519772841507487,0.5404307966725636,0.48569766506634904,0.5534722874566744,0.5473163055506988,0.5270085511647258,0.5727809590313429,0.503782796011501,0.5281035059834337,0.549899778330825,0.5106487201319626,0.5633865186403445,0.5159964035501066,0.5711915102304014,0.558823852229058,0.5799244487435333,0.4648304263014771,0.5571997312237,0.5708615827264332,0.5484218291268381,0.5156899681505911,0.6648028583656929,0.5256859921282148,0.4997660600366095,0.6255520312343286,0.49987959627093226,0.5255256433148555,0.49581628572193487,0.5179914724168873,0.4665046286768158,0.5651637488001778
