0,1,2,3,4,5,6,7,8,9,10,11,12,13,14,15,16,17,18,19,20,21,22,23,24,25,26,27,28,29,30,31,32,33,34,35,36,37,38,39,40,41,42,43,44,45,46,47,48,49,50,51,52,53,54,55,56,57,58,59,60,61,62,63,64,65,66,67,68,69,70,71,72,73,74,75,76,77,78,79,80,81,82,83,84,85,86,87,88,89,90,91,92,93,94,95,96,97,98,99,100,101,102,103,104,105,106,107,108,109,110,111,112,113,114,115,116,117,118,119,120,121,122,123,124,125,126,127,128,129,130,131,132,133,134,135,136,137,138,139,140,141,142,143,144,145,146,147,148,149,150,151,152,153,154,155,156,157,158,159,160,161,162,163
0.0,0.3213330303702529,0.27687038993899893,0.3089719626946419,0.2919558437056257,0.29872414403257674,0.2855345994091329,0.30450369623837553,0.34342715084141223,0.30680649261576604,0.3277373832669172,0.28539123688859824,0.43186645674531143,0.3087761207101155,0.33956800753051014,0.33403085265020604,0.3621001002648784,0.5178921574200903,0.30831091821210865,0.42819451606938785,0.3490216607865898,0.3246643345506652,0.3212011926783919,0.3134801968238796,0.4027389606119567,0.2818336205021303,0.29725924629518125,0.3154101606886591,0.25498665126162356,0.2761376985851444,0.3441474207246655,0.3562358644564055,0.29096385089404025,0.31565195058297535,0.42429401288450924,0.3300215077098716,0.41393525803599984,0.3625549568386785,0.26034021969571225,0.385532150846132,0.2853001029318734,0.3496170420757358,0.3476588775737752,0.32849313348984266,0.34971311089946844,0.42554194078882757,0.2784605642843826,0.30820200270145337,0.3865925363802684,0.398247461183585,0.37716784017943816,0.3362469094369348,0.3142194746260195,0.3000097955601573,0.30377502480047835,0.33302890810019486,0.4564773418844328,0.30979253504724313,0.3079327498071587,0.41621179369749917,0.2967362420236555,0.29713731478078054,0.33191652722831455,0.2707925202171288,0.3473986230814274,0.380322758020846,0.3375334863281521,0.3155309384035157,0.2904113942299486,0.3554764170584575,0.4024600560411984,0.35354074944437525,0.33757547352890377,0.3710067291986728,0.34383729143175135,0.35966767026710766,0.26457906981700213,0.29425635937820527,0.3179553297091148,0.2522116488303306,0.28678976111144727,0.3884192742216188,0.3007610581734438,0.3117976844161424,0.38331234111915163,0.38031599595859683,0.3305423465435135,0.34750359600919195,0.39491840042018783,0.3073253335161065,0.39902098341783965,0.3321443878061307,0.35906742763523597,0.37849584075961235,0.3542862552696629,0.2816597337541409,0.23897769403467967,0.3004313458113311,0.2914639311665944,0.39674224925947277,0.31411758046637783,0.2879990560363246,0.2947470665315808,0.2598508427212507,0.4027782683047581,0.35067739875583676,0.3288001402155771,0.33409277409708027,0.3623625967685579,0.32755838815651334,0.324372582590188,0.40210417021477823,0.3632538826500518,0.2993600485247449,0.39186313858925076,0.3710239607273597,0.3567556130959919,0.3218897625745108,0.26336215640056626,0.3099130534160695,0.3321038822559072,0.26817637240358827,0.372128775171957,0.3697444284415037,0.303728419418442,0.28215370430833114,0.28716236822546115,0.28383178048559055,0.29613555228789246,0.3535377794049828,0.2847926830679279,0.2842609983326536,0.29162329975784484,0.33446672767344954,0.3117111433178829,0.29288476471674335,0.3100319377459976,0.3848332096581253,0.32456681601777476,0.3681031756902002,0.2597019357752906,0.33467289120352406,0.39814833642299635,0.300172176611409,0.3463401620734061,0.3359336049209564,0.29912238493035187,0.27658796738267794,0.34025222911274783,0.22819297660243934,0.40393791018085595,0.294369800351091,0.3657849744732489,0.24130790098436566,0.33665241210494234,0.3753453786966712,0.315179502492705,0.31166432139684397,0.3102740648096714,0.33774504100078817,0.2798135531136125,0.3729616018384319,0.25502114431837064,0.44186973617041997
0.3213330303702529,0.0,0.30352073358935777,0.313909429713017,0.26043901860829805,0.38625431084087947,0.2914612215113936,0.3705361444138873,0.2950112669403255,0.42337043512221567,0.32121682532889706,0.3395773198418285,0.3165379780241842,0.30540035740031707,0.352858129989791,0.28894464625791083,0.3037569874079911,0.31356704767918475,0.32929445363437565,0.3203769140532359,0.33257183506776705,0.3969995687713732,0.29409714137989096,0.32269342986991145,0.39557417296229275,0.2317674390196655,0.26119702443628084,0.27970480347731685,0.36003569690076487,0.24675963172967602,0.3628797856922161,0.3046776482751716,0.3549736379793688,0.2602067129577678,0.3222155723785814,0.33464117391154036,0.3112385206104674,0.3123919331858242,0.30746663959137704,0.31848859012818165,0.3391836243900418,0.34409634644951664,0.25511943309878016,0.2965531201262679,0.3415664797742419,0.2950218390665721,0.25851060763484807,0.2845843750369808,0.31243808768132975,0.291306048450897,0.2994724045987873,0.278815461540441,0.33856971864679647,0.38420437968314086,0.3171341419954455,0.3508324782908916,0.31467372403325683,0.30530522975059304,0.3103087178409176,0.3362006599306196,0.3489809632117094,0.24172762444996287,0.2683935428507299,0.24723119365188315,0.2836473814909165,0.2752335071248903,0.2975359611113977,0.27569097087268113,0.25389320810888655,0.34497400475656076,0.29162750562449413,0.29802474942640134,0.24767336552188304,0.3211766372124322,0.34932073380436035,0.2796586604870796,0.24760548512090938,0.3228149165559738,0.26954767811868435,0.2339687723528483,0.30476482750266176,0.31476320597017193,0.3673777493011051,0.29295977992004263,0.29267546067174516,0.38309473656948373,0.29325523146329485,0.25177557186331523,0.29082422020459137,0.3278800016005496,0.27225838383480694,0.3157125177179384,0.3285323047037377,0.2997122474383371,0.31715257309397077,0.3904125801971098,0.2662536850184437,0.30680764584572584,0.2489393949887243,0.30605699967367445,0.31084013267797306,0.2557537291889005,0.22663938699111782,0.3138844893721645,0.28301718400873127,0.2716903396831843,0.28148505981820937,0.39603855706377594,0.3240607619551747,0.3886485239408592,0.2895632191455741,0.2738270012768407,0.3005946935758084,0.2799472725376757,0.3227998105251757,0.3611159832193356,0.32466797186357826,0.2590959120116006,0.2896788982437937,0.27705683425636224,0.27883721833192116,0.26319824105365824,0.29912416881183845,0.35019192916633046,0.28528873225494034,0.3577062146654483,0.2635374200867666,0.3153638828853445,0.3641434420919335,0.2993687442536331,0.32080714799075033,0.2857379735796264,0.25416225592597247,0.3209287869306066,0.3431851492539557,0.28323810760305906,0.29156736763795665,0.31589058022862543,0.3227398053692337,0.3132343121991877,0.3090100709745641,0.33642108422582,0.37248153449561133,0.29056774904074956,0.3410472496689388,0.2581947064336653,0.329390113119317,0.3248056071048792,0.3982122077882844,0.25543331761830085,0.28676437751609823,0.35242095719589894,0.3002241937218257,0.3011093677033034,0.35180654471261175,0.3569725356019473,0.30345583437968054,0.3448574683893989,0.2865583935655322,0.24797788521092112,0.3183047941848128,0.34176633686209595,0.266584806252103,0.3152241904631767
0.27687038993899893,0.30352073358935777,0.0,0.25227763370771433,0.27972681234755975,0.3337788463971311,0.23189721107666106,0.2867436185094593,0.23661197659813898,0.33868917140895616,0.32058517032471756,0.2867486818203616,0.33350340767285397,0.2453325215544512,0.2696900945568109,0.3738990473677257,0.3251460921320666,0.27783865904074423,0.23155704359820314,0.24507024667824712,0.3370703764053499,0.40971206008971117,0.22801891191191193,0.2752706305104912,0.2802587020141303,0.28472202125112095,0.23975614641441148,0.23877840496918507,0.2675967644724133,0.2501984099225293,0.24208338262289458,0.30185936915127776,0.252729086732435,0.2222171105833078,0.2414006524957094,0.295746551944766,0.3012529785365581,0.27672395206628186,0.25137416559472414,0.2794975476296752,0.26628655662842315,0.3104347459876679,0.2674806741285368,0.2743944684450879,0.28913055972344115,0.2704950354098053,0.28201034058889557,0.3163681290862687,0.2537042598372635,0.2786676347420453,0.2853911354561412,0.29940248855289225,0.21990326650854533,0.3072947311815174,0.28793675842218924,0.2586559371765089,0.2529930128232149,0.3216976258225488,0.23809160748958505,0.2687924661973499,0.2648271258511307,0.2442752543173263,0.3019406589935273,0.2346122039617054,0.22902907318463817,0.24878904609475488,0.25150654498257713,0.3135131342857898,0.2714855572827865,0.2801904295779385,0.30848891366274406,0.22630956707473107,0.2465898112589563,0.34852683205680535,0.30758051542655634,0.20865488692571527,0.27024813443618595,0.3020802079646414,0.22621708794247902,0.2094130200237188,0.2788972703180925,0.2674271204768047,0.29294458687506286,0.271119097351042,0.2490639123905563,0.3094647429606429,0.23955948786531142,0.21678747772722362,0.2513146178982456,0.23485746478095654,0.29900580661523984,0.22919278123561326,0.28956123752698754,0.21477658844925013,0.2590425852127888,0.2831524084739441,0.2228251955172727,0.2614372820038922,0.21528768436790838,0.26082416942472203,0.21393072305196598,0.24910344369581747,0.2073131723737436,0.2630657840221984,0.26369899474020386,0.32564167089727625,0.2797391885178462,0.2699469400703023,0.2820633249884435,0.32077938151767227,0.2628167142267908,0.2460248250957426,0.26051775540080163,0.23632624389327442,0.24627586418902875,0.30537329095827925,0.22212714835392802,0.28367707460598,0.29957569082358426,0.25106352904223794,0.2739697718938987,0.2243163521511883,0.2396701953333923,0.2849787159358594,0.20194502946187318,0.30751640361107174,0.2417559894163843,0.3030000632835825,0.3083586081115372,0.27250008672181386,0.25655151262929166,0.36646972585773585,0.20266013596458676,0.22799998616502437,0.2717536923434306,0.2280237995387921,0.23262355837351295,0.2510348637943485,0.26890072778161894,0.2447121900061126,0.2200404159185183,0.2898184309499649,0.26046721664933764,0.2766685540270325,0.2809762900723584,0.2163965235799447,0.3186865569808039,0.27181683276966223,0.3217880308257974,0.23387178547283916,0.2162181037235741,0.21072257056294977,0.2578090656366868,0.3068026537552396,0.28170783139598965,0.26111930932107646,0.26046266100854865,0.3252792984901405,0.19398606121215692,0.2388530217398329,0.27262493817495126,0.21176596048063606,0.21813857522503666,0.27461821497309225
0.3089719626946419,0.313909429713017,0.25227763370771433,0.0,0.24467663175517756,0.2954853894398663,0.29731378696227095,0.29688815146533226,0.2538832143691306,0.29548949851376227,0.3007691637555652,0.27403787094168364,0.3164529832585645,0.30487281781725056,0.350948598970912,0.272444963733013,0.30976887936936154,0.3349214438324642,0.2897615281765392,0.2875735147856081,0.32350698797635025,0.2835907674248211,0.28839287341492054,0.2644971167928373,0.32425982555546945,0.2808102593757546,0.2994561701680429,0.29044766509523995,0.2690559649898997,0.21523279539974308,0.30882696990656405,0.288754070727644,0.4306668520258517,0.291681187186457,0.3201970466293563,0.3378697775901812,0.31391513609646726,0.31440464252224753,0.2770513392386306,0.3449585884364325,0.31609875380867425,0.28935657198286463,0.2783276311233913,0.3188341090245257,0.3201278683776931,0.33514754098585514,0.21148134059793444,0.27053072209531165,0.29622614143308107,0.3114557358091489,0.38112065335960715,0.3155458396769401,0.3167116170523032,0.400938712569987,0.32255731025919876,0.2768729548215015,0.33930802353884076,0.2912517551844754,0.30681459978565834,0.38331689395355006,0.3617217978277202,0.2807191252939589,0.31230495201930436,0.23167460948143193,0.31153296876844727,0.3319280159650367,0.36781832610853515,0.25647518760772264,0.2701669731581222,0.3157773109397888,0.29624416484784855,0.3022147630999279,0.2843549027017591,0.39937426154726374,0.32544217360389904,0.276515921899153,0.30867843637775505,0.30508457034355835,0.2847777583982746,0.2225829073677732,0.2693795038901026,0.3623530484987818,0.2597855304900488,0.29582988130303134,0.3521191208242738,0.30429692987297197,0.3287429504426835,0.3183460136014632,0.32849092133320484,0.2753487316383958,0.31490586244184604,0.3223174399712828,0.30283761884105087,0.29712668476115034,0.3390833476078801,0.27915337631465814,0.2583744054188728,0.2952311653123524,0.2593253671113984,0.3485105438860866,0.30816953563338345,0.29447677505077996,0.31464949525725505,0.268691343615072,0.3344703373999958,0.28404116536530644,0.3256212498748219,0.2743122598857448,0.3218200213320684,0.2719368066004074,0.3257449391841545,0.31157657207668765,0.37087186186578386,0.3236245642029373,0.33994018656074765,0.2897858002620213,0.31819300346042184,0.23501370859935786,0.2849820627918028,0.3090415100043636,0.27697010866816196,0.3274631648180395,0.2890366273328245,0.31868631666168357,0.25413893898746154,0.2913918922496319,0.29872798244909404,0.28380508734184184,0.3211018157647088,0.33745466030566623,0.24458459512264272,0.28841889140805577,0.2991840814600831,0.31316660710055755,0.29796566328132235,0.24819858211381898,0.21246896994473163,0.3316327767476614,0.30316164100480586,0.3165751872064855,0.363442713886394,0.29592308915057614,0.3823274981979368,0.30615376599651356,0.3058950218993137,0.26157838908026027,0.2722916125470586,0.2763639585558168,0.2623076715312132,0.2125578478128398,0.3328491220125506,0.31183904418147546,0.3054038592481368,0.23430158273618987,0.3180911029564301,0.3340466252344855,0.2831515285878763,0.29987220025061345,0.3823960773911275,0.29139733346713215,0.3097936022643657,0.3025350807481449,0.27728127253708496,0.2993769712985949
0.2919558437056257,0.26043901860829805,0.27972681234755975,0.24467663175517756,0.0,0.251208568332043,0.2822571941511593,0.22712694544059248,0.2412608390580621,0.25383133403482433,0.2860939717808464,0.23392819208378515,0.26635071908850666,0.25978694042361045,0.2924972859475738,0.2913699364869488,0.2989154056473149,0.29852108598919047,0.21522859716853168,0.25018886105263394,0.3077587341431097,0.30130001909234444,0.26081307972732837,0.2789697617535374,0.25384337499020865,0.26086363451387007,0.2364800462174327,0.2219176557430763,0.2327021281504173,0.26404904402926493,0.2614364695055696,0.24483873819079915,0.24852509073649195,0.22399803833370005,0.31919904172897107,0.27841121602938873,0.2918972477587707,0.26654758673690215,0.24658370029151178,0.27882590404128815,0.2629470702650193,0.3207090657729963,0.2786488844197473,0.3235769952125867,0.23941312023047262,0.25312163035270496,0.28939487003747244,0.3074147144762793,0.28567830723779974,0.2888608713305257,0.2932427224830023,0.2696085328171796,0.24525743470211994,0.2614619985920443,0.2531576960842494,0.2469758250952264,0.2506691361999401,0.3028285548274539,0.24392485963782867,0.26344708336913963,0.21372176974429885,0.22926077802003575,0.2626452894379631,0.23877467374112546,0.25983110842841256,0.22026894224196134,0.238788124270095,0.2805287495051101,0.23333108423499474,0.26789264151839853,0.2871962139476811,0.26417362348404305,0.22870884180723022,0.2807382273386036,0.2461212671442988,0.2241314901188619,0.24718450801265487,0.4013678487423151,0.21725839033457417,0.23066113113560435,0.25964483401984234,0.2728217584606557,0.29733512937115264,0.21889911955020097,0.2528043055380642,0.2500673410172137,0.2433916209491714,0.2363201415600138,0.23290132749368897,0.22247899915652625,0.37202185213387035,0.28019418314728206,0.3175961523543532,0.21587467083285153,0.27155414977828146,0.24321465442994708,0.19106055008679332,0.23644930892191568,0.24675375317364512,0.2360832047678483,0.23948068883319606,0.21881404970382778,0.22556390194387574,0.2148150426096777,0.25471474760457763,0.2739323453547616,0.23743689349884176,0.26740858840903947,0.30550456520128805,0.2736540931101221,0.2672886352757981,0.2745475237801668,0.24543749805361245,0.2524290329960622,0.2447984820141676,0.27378506182469203,0.2346115864383597,0.24614455552524528,0.23864285500696722,0.25997467551472336,0.3517550797837938,0.219972050502182,0.2401293783344133,0.312881509958926,0.23821588238675845,0.2371908477589579,0.22715619722034094,0.2723647526866884,0.24091420400852365,0.26840775211820644,0.24001525974134508,0.2668564931289982,0.20089852906711742,0.24952984211167054,0.23888930432135416,0.2654149855489343,0.23680673937311622,0.3204591060170455,0.24791128348379213,0.26894914527634545,0.21251556484986994,0.29204666060919326,0.28772515796579085,0.2579363919554488,0.2925332051159055,0.2381299032051826,0.2953929371360643,0.2599339174209684,0.24588005309158312,0.2037477291204447,0.23363719535152172,0.236680928644931,0.2703995266471296,0.2561853472270275,0.26531693134529016,0.265165523946526,0.22527890469939554,0.30328750244210567,0.2335761907317763,0.23804713076483422,0.23957316663569497,0.24673090660070932,0.2228643467503038,0.32729043232539473
0.29872414403257674,0.38625431084087947,0.3337788463971311,0.2954853894398663,0.251208568332043,0.0,0.2598120308941172,0.3326340338290959,0.27378250028620493,0.3033028122566524,0.34143373263498594,0.35662675278616496,0.340168158839235,0.2354966946430454,0.32976623792096044,0.34264015928381036,0.31534940591114297,0.2513727947723461,0.3116772220106289,0.28569288741955495,0.36894162778336803,0.37305952197683273,0.22064973724790826,0.28041770659765763,0.3462122526063233,0.2454018099986583,0.22826877765940612,0.2511396795017701,0.28373146761463636,0.2610069970394956,0.31994579929214156,0.3428646171171873,0.34302588216707947,0.24070013144515634,0.2644323997048741,0.288759972877698,0.32248656237215934,0.27754907967352394,0.29049793888778547,0.2620758661216748,0.30134919050950454,0.3318336201682339,0.2807174908645311,0.3423260415583754,0.2787798129316308,0.27203567708573184,0.24694737027632563,0.30612595173222473,0.24265919427660448,0.28499226857770377,0.3119994749204083,0.3295651746714074,0.26064541573916145,0.36695042142147155,0.2804821435808714,0.3151115448491385,0.29328471585135457,0.40985518122197173,0.23099298667717175,0.2684660218873975,0.3410380893786548,0.2667927190773132,0.3374319088376376,0.20683413957334515,0.2534693558177434,0.2664788139376582,0.26760272350599,0.3089078718960201,0.2318580987556327,0.3139338342643452,0.3165629202691909,0.22869488882516992,0.2469449146787674,0.32226925934931866,0.3580923860650271,0.2400451105760569,0.273228090204076,0.292915724137881,0.24616496654318304,0.26483848072374316,0.35619997279991006,0.2999276639859154,0.33492944798952695,0.29288813781366146,0.2765894266714642,0.31014242388197283,0.31089412615346373,0.2345994546799596,0.2849926981147366,0.27405529037084314,0.30221376189614974,0.29623669958136256,0.3136303280775939,0.255482706444009,0.2588479260341284,0.37254752003201547,0.26259764671909613,0.29730226425065703,0.21969090121677123,0.26871770114381494,0.25327121032343686,0.2586824358050819,0.2329277498392851,0.26971609387435835,0.27942766526937385,0.3223785172310321,0.308441157861592,0.3154839802129991,0.27293627876840615,0.3502705117830902,0.3106593292214957,0.24584901281733487,0.32423361243350934,0.2773514975841948,0.27525420609253126,0.33096708543331926,0.28921635989544897,0.241214232654728,0.3359790917028297,0.2618748126138679,0.2691444681316866,0.27416322986072,0.27286400614758893,0.3493682578914944,0.25472816770500634,0.3443955245424115,0.2617515949850172,0.30050125822661805,0.3060374534382142,0.25048540943952646,0.2899150888560585,0.39990463039146673,0.24320400874176906,0.28382711801232935,0.3116345881105866,0.26251578709392076,0.27874160947720705,0.25240685260044526,0.25872956860891383,0.2845285838067027,0.2893032891214731,0.32722493398330227,0.28313201629443663,0.27332174384496066,0.322530031835949,0.24042147657526908,0.35681535719803503,0.3332175668841721,0.31278834962190816,0.23980415767233026,0.2694015120645123,0.2828146935934472,0.2552184920882268,0.2665533917366949,0.3792267719278734,0.31558052648829876,0.28962751654257224,0.39529603355878634,0.23965483179429775,0.26374814133788427,0.2625824176417996,0.2859825923707077,0.24289335328795847,0.3071920380023524
0.2855345994091329,0.2914612215113936,0.23189721107666106,0.29731378696227095,0.2822571941511593,0.2598120308941172,0.0,0.22569579070259316,0.22546557324263783,0.2729061528522478,0.2783492274238846,0.2946869779221931,0.29792207964945544,0.279796401918156,0.3549095477871446,0.24404383062376359,0.2687593209641108,0.2806357101653948,0.2643424996021021,0.2353260766632446,0.27512896196039266,0.2876715627450221,0.35553231603495195,0.3113883765493511,0.2909802760072313,0.2635636796592328,0.2625673855594514,0.24539317975741026,0.26930318435782413,0.25654740393157005,0.2795109388595692,0.30114458828383306,0.3086431981346479,0.2986239430935552,0.27426801776524906,0.26615104212006285,0.33771988576177275,0.2372085239072955,0.26867731863732847,0.34863799410485313,0.2935783326380747,0.29589434082652327,0.2786640512323028,0.30888580915211505,0.2845709286130176,0.28384113826928103,0.2906849249615094,0.25626472934176836,0.40190433690473587,0.26489092218101623,0.3480108869280885,0.2582500498759576,0.24840223869136605,0.3109239787647675,0.31728862836677746,0.2734506368219055,0.2658494775596459,0.25719821906474816,0.3041997930464748,0.2861069185564336,0.22993089402472647,0.2463728242612571,0.23503151472576592,0.2373994733062639,0.25408657093291875,0.22854742351445886,0.29692695301464306,0.31345897784237253,0.2346814058532884,0.2433310870459035,0.29367597521945654,0.255844039890563,0.22914953643837777,0.32800363719267356,0.2159356245900336,0.27962821364096907,0.3443823412424063,0.33820439035176375,0.21911531854473407,0.2288163054065954,0.2574589286485397,0.27491051719600307,0.2866295374848792,0.20730335036840336,0.24348740129520785,0.25154576633942977,0.23691521961238868,0.28105179330199415,0.2715648128002923,0.24563405864155144,0.30838407483092545,0.3533965338441031,0.31690362558296353,0.26295183196715366,0.27129858118632866,0.2950130088359654,0.19905979179748448,0.2773416085514178,0.24548872707256597,0.30206128352034795,0.27427721810619315,0.2517699443122,0.2716912844638332,0.23809733357730098,0.2359997690815293,0.2674276834498952,0.24340707196798958,0.2551759585622225,0.3490544600900614,0.29962775284766524,0.3820827892427491,0.25489088893386247,0.2676920548836737,0.2257693477361035,0.24943588364860808,0.26951780722942353,0.2625210849431855,0.27897969174635956,0.2653048949662721,0.2360302255644449,0.26357171783835553,0.22561272933470256,0.23982424167085228,0.3507461973286961,0.22726557504727296,0.294815436717353,0.2431788840285364,0.29615853626971933,0.24577411500289553,0.2796583343919664,0.2204269825506643,0.2221588282772799,0.21722275794190832,0.235677262516928,0.22715875819204168,0.26226109756079835,0.2505916238423714,0.3185146320767731,0.24958155537126014,0.2867066205526365,0.25436966013067247,0.2703948538217935,0.3170043107428599,0.24286709602244377,0.29049034327621376,0.2917085608771607,0.2717195488776601,0.28956925109548926,0.2421218202738439,0.18512785773679527,0.25485698668700846,0.2733306398567672,0.25908552999303225,0.3064326126904091,0.29566964775912585,0.28492012648322373,0.2904135051278372,0.3079633361923952,0.2982635171747935,0.30972034690764844,0.262503333341847,0.25498741539108866,0.2355153270206291,0.28424419332727213
0.30450369623837553,0.3705361444138873,0.2867436185094593,0.29688815146533226,0.22712694544059248,0.3326340338290959,0.22569579070259316,0.0,0.3213988237229669,0.3228673085607163,0.2859299547231809,0.3010182187691281,0.3344358969484941,0.2631232723409535,0.2999871916136752,0.30908092791289743,0.2963415891997658,0.2981505255117696,0.29412084700900654,0.3174161872163239,0.3273744960546916,0.2919254774003171,0.25567830289534915,0.2602099378989118,0.35085847503832834,0.24317575476410744,0.2947333459514311,0.2894245406105237,0.23625432423291173,0.24912710016404543,0.39821954220408107,0.3031477733010206,0.3067979264531224,0.26642056571745576,0.3018627872905502,0.3357302925140782,0.32370475823775335,0.3538574797984714,0.2815822678494047,0.27703716512169446,0.294315863387488,0.3002823590166992,0.2862278605702522,0.2675489639843942,0.39164777127530265,0.30128779832782654,0.23908493922000773,0.26330039090686674,0.27507050962208884,0.29273083292062096,0.2800867655655041,0.26196817835574965,0.2734956575547823,0.2880158395335256,0.27359220687537733,0.2999402841932398,0.29451687818411315,0.36093318206652847,0.2801439907454221,0.30690719380079,0.41676810823577864,0.24742051637112802,0.3001373012957493,0.2504357581763744,0.2554371270568318,0.2826589634396686,0.2980567715152525,0.26556748743615255,0.28975687575410647,0.4909151172690471,0.284253836223928,0.2827661696043877,0.2679759480255998,0.326956529297854,0.41070798608562725,0.2630324790074402,0.2699043255271749,0.2616336250824175,0.3234336943428826,0.20863996418334,0.2841137845547352,0.3071158644478918,0.3123019523245366,0.364666420755956,0.3130217256356576,0.40706537824017647,0.4227288710700324,0.26732098170149765,0.35577476250772483,0.3120866339802223,0.26663744161817315,0.2894490172784113,0.2801872431022637,0.26091214264147783,0.2946396568851665,0.30665787530022165,0.29947761968163755,0.3196582768978241,0.23477057557696124,0.3248656667494619,0.2791268126881793,0.3279831555660002,0.252493345668811,0.3040799015133087,0.33954831502892013,0.3094963699794207,0.3108157359095057,0.3672126711700518,0.28341462690179414,0.297480836611586,0.25563204921377713,0.2809732425692753,0.3093949447974966,0.32348911115418266,0.3072098167566095,0.31853532437707877,0.31772385150020466,0.23918655230238295,0.2507023465247033,0.28299860145764055,0.256921024520047,0.3671587535005407,0.26898941925008657,0.2940272626196183,0.257057592997828,0.2885301082081042,0.255267721944892,0.3359041849702692,0.3137283404694948,0.2823699377906965,0.3503247988236077,0.3060213353307647,0.3026414676175865,0.2858997819140116,0.3322375747476651,0.2352462583240601,0.26902720463360863,0.27360517376421156,0.317839758036063,0.3294598974576121,0.29633610743562594,0.28619501420032006,0.31854463815290607,0.2949865311902604,0.32466299383508396,0.2598822924735389,0.32235690231114444,0.2992542202008272,0.3480406990811493,0.2455063494329577,0.3315486473463432,0.3019512669208864,0.2835790381122729,0.25576816809734976,0.3802223377623587,0.3744412920634801,0.2754295864647564,0.333272750128017,0.2371699863037441,0.2417038975803505,0.2867164617665104,0.30541937333863806,0.2765816424447385,0.28595881409805785
0.34342715084141223,0.2950112669403255,0.23661197659813898,0.2538832143691306,0.2412608390580621,0.27378250028620493,0.22546557324263783,0.3213988237229669,0.0,0.24792644597728528,0.24387145424698803,0.2506270204413274,0.2613883240687622,0.3158967685817553,0.2761632096522793,0.2498273707054008,0.2519355640867031,0.328486489752085,0.24728009223561578,0.3110836654791762,0.2615235385473397,0.3191476099015546,0.2289468174881145,0.22972166359109253,0.27625612051332354,0.22551368262221647,0.2852852160580264,0.2537325819048765,0.21424913985740587,0.2929056421147649,0.35056440152011364,0.25872858886245903,0.2681571428291788,0.22473736212872641,0.31584952351524337,0.2724028793689162,0.26321334959335907,0.3684195047478303,0.24930482050446864,0.24371433355928412,0.250942452558476,0.33810313984502266,0.24847351436882936,0.24857927081569128,0.27942378276506125,0.2695517504070411,0.23158672182085027,0.22066083176169052,0.2447695272511383,0.28644394712222243,0.2569615650697546,0.24777354238561294,0.3010397662269174,0.24372887022295214,0.22742621012531122,0.3466370407615038,0.2931898612251115,0.27775373109012524,0.2541094715858312,0.26824392022253213,0.26016109017277866,0.2853799121920336,0.2588733038320323,0.25424976919514786,0.30370080840093155,0.2703484694063041,0.3016869426489064,0.2816355404627876,0.2599231108810444,0.3310853021896944,0.3288064148552032,0.3012700144922864,0.31177750133261367,0.25713672385333997,0.33120704744294777,0.2745362111204364,0.21461370382468622,0.22624193973679343,0.28938361120690514,0.2252862599525466,0.2676082901888718,0.39206101911811203,0.3242247217943968,0.28187622445221544,0.3109310331929152,0.3620032307610418,0.3032195328615162,0.2997574113071991,0.30239745451223315,0.4059415251556003,0.2986086020977678,0.34042100950088244,0.25424667412995666,0.264715295374328,0.34819725755254516,0.2942824754321381,0.2970841926232466,0.27671011408678275,0.32087476975569207,0.27250535514507646,0.30208254682962804,0.2247033917531868,0.2691985042771636,0.2517943090237176,0.35781747499376254,0.26758662408865413,0.23444269303330717,0.2878200959545654,0.24799195565459475,0.2341523291852286,0.21793875475084973,0.32467152037565283,0.30048772612771807,0.3710055541794813,0.2852542957577997,0.29889385781236977,0.2807529397159803,0.22739380251020772,0.20040491652926457,0.3377971493446108,0.28487273085198606,0.29959309896531433,0.2766882111071464,0.27797393697579204,0.3926906185954307,0.23418510553377545,0.2795571359170085,0.2503731982730201,0.23278944682194122,0.28811461247221665,0.42351180094508073,0.29046586170104216,0.29261093267803556,0.39223692474350597,0.2739670269672805,0.2676553363198155,0.2580912619121002,0.26428975672471583,0.27325048245269573,0.3207225691238498,0.27508178548910667,0.2857567063283612,0.32946115815365185,0.33218175715844,0.2857684838725491,0.26895195147855155,0.36486244532100526,0.2589966972731077,0.2833754907628004,0.23754315896314113,0.3293917833210634,0.2807822821492817,0.27308438489078635,0.233307382576949,0.2820832519754763,0.34450355110749203,0.2536208413875762,0.2700452126489112,0.2749847384337,0.2465410497028275,0.24031529628507875,0.34878599573747476,0.33215225554693534,0.32530338651541135
0.30680649261576604,0.42337043512221567,0.33868917140895616,0.29548949851376227,0.25383133403482433,0.3033028122566524,0.2729061528522478,0.3228673085607163,0.24792644597728528,0.0,0.2733717513246432,0.2845797962502374,0.3248369501160555,0.28650883785405906,0.2916856109980537,0.28812840574456633,0.30126217075876394,0.33022517485368025,0.2648539128094595,0.2762414524218753,0.2830287233068084,0.30021809944298056,0.31059087619860276,0.25936611374799495,0.4066422293550422,0.229471376980309,0.2772569459727844,0.2721049417989191,0.35450478107032446,0.22973188193879018,0.3214215572223386,0.31549180405309013,0.2602391675600687,0.26731968653513744,0.3073902615590451,0.3079910262192403,0.31959307837622497,0.2731977765002917,0.24106724501523732,0.30225730462669465,0.25197156998372894,0.3191329740659007,0.25872693948484354,0.26180759563106454,0.3201926286848488,0.2848900758624395,0.2470275459670569,0.27368939514128365,0.3246961892998782,0.25622860096278804,0.2795044707861809,0.24565661620618984,0.26359288711344214,0.3091387423754279,0.3262830233013517,0.31326097161897576,0.2629309952162178,0.2658696688181388,0.3057133148434776,0.3026962042893739,0.3100143100119296,0.23623218395853718,0.23807011989762616,0.24325430486538607,0.2567608135485266,0.2569314548375068,0.27941366710665017,0.26401025313951954,0.2690257903708586,0.3246097121432859,0.2587235153687234,0.2993570679303847,0.23937413245805172,0.3162473013906662,0.2937984418445213,0.279664551366404,0.2485300290954085,0.31885944096562774,0.23442238252429423,0.2215465702560706,0.2741518837008991,0.2762961508649708,0.30124878997229093,0.2790705612352085,0.28175949530641503,0.30202624512319626,0.2823266373798045,0.2666864942498812,0.3220746600976293,0.2574918842189454,0.2644356397032018,0.29131669296995516,0.3065786042582901,0.2439085015384706,0.2958009879866854,0.3206802833424927,0.21242319755361702,0.30389458498204025,0.24510389993459505,0.3199009015231743,0.2772601126065562,0.26696673060097104,0.23467194183778076,0.319158900870578,0.2693741241345963,0.27030314557154445,0.2784453241098852,0.36812917737398815,0.3042933655298489,0.3264591458437401,0.2649363649261016,0.2624816471058294,0.2989802026559187,0.27890525087552,0.27054214880155164,0.29758030300054317,0.303109111374307,0.3082537618097626,0.28041793959187367,0.2835706859385527,0.244077501792916,0.24914512812514655,0.25847167247696645,0.29642299289974006,0.23824420816685754,0.3327357728608583,0.25664336930873183,0.28264998617269327,0.3586616097960841,0.2872899949349329,0.31265296680539306,0.25083844330131894,0.24563063264348592,0.24376295520255523,0.27010007589075463,0.23419872922802698,0.2561512887332989,0.29680433303857334,0.3091209525247205,0.280489635085858,0.26166562814005373,0.3188972790483446,0.3390238008712202,0.26355941830684404,0.2953623547626782,0.26083247026366224,0.2458045430268673,0.31063827476801237,0.42911699137921755,0.23373222140774888,0.24896376694663921,0.30787670015707275,0.2575626942042261,0.2879961952999431,0.30465257529383266,0.30321048834371134,0.24652456668178888,0.3212728745364784,0.2634980316077014,0.26993368991312444,0.33641155647652954,0.2977246754200064,0.2535723448206036,0.2616568145502509
0.3277373832669172,0.32121682532889706,0.32058517032471756,0.3007691637555652,0.2860939717808464,0.34143373263498594,0.2783492274238846,0.2859299547231809,0.24387145424698803,0.2733717513246432,0.0,0.35843396090807245,0.35866598470484445,0.2557526290164348,0.3165779735558877,0.4160313507996992,0.37330586134333804,0.3155682718016057,0.31522246640900276,0.2916264524012677,0.361922702443283,0.3797020130886214,0.26923232715943296,0.3309692937257034,0.34607147972965446,0.2867997254553744,0.290863956061467,0.3100064726323785,0.3166352509647726,0.29215828004791405,0.29656457348458776,0.34561390935543934,0.29407900414408716,0.2569414844827827,0.2923569476196671,0.32480952273030705,0.3762959324199648,0.3131435101895363,0.35491153686965876,0.311888620146714,0.297361743640161,0.2959001036885003,0.31253437376551313,0.35067323009235546,0.29412548879465095,0.2891331098387909,0.22095543976493334,0.39594334405108733,0.32008934183737275,0.28638140305103804,0.35391501436829365,0.2806119572577214,0.251829100900559,0.3765830082081658,0.39012216901024654,0.23617581321219971,0.3392105895709503,0.4032662134378507,0.26773053366143856,0.31769298858634315,0.32642031006802313,0.22548439776402399,0.3271047114163907,0.23362012585089265,0.23148912129151922,0.2591781608671426,0.27553533033680067,0.2742192604542777,0.28118594291088694,0.3210134742588564,0.29893311914127746,0.2514689475141808,0.2547593456967801,0.36323664751128665,0.3432758821790064,0.262236167660761,0.3395745866688361,0.31852228862704624,0.2545906642396324,0.2397316471846872,0.28203586896009647,0.2609801694613037,0.29344203865572854,0.28948756828520006,0.26515499322127006,0.28505822219208266,0.2958168955757686,0.2528547440583697,0.2801168500311985,0.24441181665253775,0.3663996267365352,0.23288564737661613,0.41612667409591747,0.29197783655596915,0.2593320146812003,0.29665327540434355,0.2284861834747157,0.2315647539203049,0.21430359776594604,0.2655160566165687,0.2915715651774616,0.294984597073322,0.22720400420720524,0.2363597026526387,0.2829823649620575,0.27710379281476416,0.28539466863405905,0.29126459464908866,0.2907001396810511,0.35604536762593547,0.3700347805313977,0.2642900507609781,0.2755128980688661,0.27919034064681536,0.30123908610971234,0.31853974978867405,0.2766753064822716,0.3056234650404061,0.2924772082610532,0.2519292979561508,0.309752358383911,0.2378794778982379,0.26088555708263045,0.36695694957164665,0.23108564054682249,0.3694003880643451,0.21585410813290534,0.3336502350666612,0.30007079415518856,0.27029572051264855,0.23941855006351864,0.3281787752854109,0.2771756354505679,0.2687899194709839,0.3475126945673472,0.25316791443944275,0.2809576946303776,0.285920940306348,0.2986066257630003,0.31352175667117327,0.2733038783847951,0.3122414423567782,0.263837753046375,0.2668430487122345,0.37166423769101514,0.22328091528248983,0.28813678565639955,0.2899236974625649,0.2805856094366132,0.24224741403844938,0.3306960773483559,0.269437922134477,0.38582644970353686,0.2565300883159363,0.3070121662423778,0.30921612147547667,0.3201554645912236,0.32446101393105753,0.2640566866163242,0.27597239182079397,0.2512187390089301,0.2788328514521062,0.21542981650304643,0.3914211218476537
0.28539123688859824,0.3395773198418285,0.2867486818203616,0.27403787094168364,0.23392819208378515,0.35662675278616496,0.2946869779221931,0.3010182187691281,0.2506270204413274,0.2845797962502374,0.35843396090807245,0.0,0.27514784575553564,0.19697814135139344,0.3062443729999528,0.3117566456532824,0.29344602114757157,0.25026572043746415,0.3771532547974107,0.2695104011624004,0.34545989995004805,0.3082352550584675,0.2581290099502091,0.3217748038365334,0.371133596625694,0.23557587799724977,0.250899215126738,0.24629170627268768,0.2858780643959691,0.30099582207259334,0.3245323371012774,0.307704679986671,0.29138625008300123,0.27556158993689384,0.24903292000754043,0.2838109416288841,0.3199127717459928,0.2754563340461233,0.35680274751926333,0.27847272896011577,0.31184905307507615,0.2769560165292056,0.288197760190658,0.3118938073073597,0.28052467865419006,0.2849113346707773,0.25183786707651873,0.3084922484030263,0.2842619837220065,0.26324194603962076,0.32157328138717256,0.2860312109718458,0.2282134244505879,0.3415846693641318,0.3507326056513679,0.25059187634573343,0.318043266012508,0.3787866378779348,0.22344597343422953,0.280543272460816,0.2563569601049459,0.21306186272201982,0.280639168000747,0.20788441724199244,0.22398523858237035,0.24598109839555607,0.22885966537624805,0.24486658256053082,0.21643816651683825,0.2730496460006119,0.2612504291005557,0.21899387058757674,0.20909310959790947,0.2928621210000481,0.2865768683673771,0.24342486011348988,0.2650932374321321,0.28833327376835727,0.2490555619683416,0.22261598692976445,0.26693769063567035,0.2631479073618832,0.3141248541620353,0.2405715712438614,0.2560538157220825,0.30431564418849,0.24978574898837277,0.22871467003420484,0.2938650378566519,0.26512981585425816,0.2827194214744123,0.2629552718081736,0.3237759276480769,0.27360208647693757,0.22407098909195813,0.3676857407437141,0.21890342008348454,0.2740557444069304,0.19626939869844978,0.2514285579951017,0.24271496903766632,0.2644570606836086,0.23998388361961756,0.3205283801785197,0.24415868537131344,0.2776370860834798,0.2810647622718227,0.28040655534357567,0.27204792774811953,0.36204590437155243,0.3912981323120229,0.2530362304649253,0.23803458323055277,0.2510225978411744,0.2651565942230256,0.30561365942353785,0.27399328868267575,0.3098097523999784,0.2808842827934975,0.2168823137643889,0.2461954001168183,0.2366951123199163,0.23775014718859902,0.3360062633522216,0.2047394564735523,0.4193412646009912,0.20523452115830684,0.32234608467916626,0.30990177900478877,0.23360075785220522,0.24753717976320638,0.26811718070731644,0.22749307883050207,0.2547855803159782,0.29529715719001626,0.22112694231413485,0.3189704954123727,0.26053394312455974,0.26065457802849623,0.32283909544746237,0.24120778772350251,0.2577489480961205,0.2633852961857971,0.23982772131394658,0.3089161053025396,0.254832213506122,0.34436033186129306,0.28852795489602023,0.3203144642850636,0.22683089077207869,0.29806635573621326,0.2747711489518625,0.294693326710125,0.26114935547374807,0.40355224367660664,0.2723549705018442,0.28837784383156634,0.3474826951101225,0.22633212253826293,0.24408244300480236,0.21527122086498046,0.25451181030824155,0.21836786811301975,0.3108530156603349
