0,1,2,3,4,5,6,7,8,9,10,11,12,13,14,15,16,17,18,19,20,21,22,23,24,25,26,27,28,29,30,31,32,33,34,35,36,37,38,39,40,41,42,43,44,45,46,47,48,49,50,51,52,53,54,55,56,57,58,59,60,61,62,63,64,65,66,67,68,69,70,71,72,73,74,75,76,77,78,79,80,81,82,83,84,85,86,87,88,89,90,91,92,93,94,95,96,97,98,99,100,101,102,103,104,105,106,107,108,109,110,111,112,113,114,115,116,117,118,119,120,121,122,123,124,125,126,127,128,129,130,131,132,133,134,135,136,137,138,139,140,141,142,143,144,145,146,147,148,149,150,151,152,153,154,155,156,157,158,159,160,161,162,163
0.0,0.5679722078157057,0.6875658784799906,0.5268768641374157,0.591240811407786,0.6115582772173661,0.42053468789901344,0.5569162025520165,0.5923960034964912,0.6093170891304635,0.6088732757575109,0.4762131644116245,0.7255147512696125,0.6377157769003948,0.3943842356308068,0.7438146334798466,0.6418462663189585,0.6900725274662886,0.553871973518082,0.726266055287438,0.53012794236436,0.6289801649167613,0.5843857442291124,0.3904800185193914,0.5818979384710574,0.394048234404025,0.4552153546443534,0.5213700594414485,0.6132949198844965,0.4539229973967719,0.39266212140584716,0.6313435281561173,0.4106219589037024,0.3714348617243526,0.7766097150399989,0.5150674465196436,0.4936108644720676,0.6883971761669848,0.36649235999041985,0.4990306796569131,0.41800436365461113,0.6007418960236566,0.4591740812526647,0.4084783728887184,0.4266035514639859,0.39428605291309765,0.446012731712515,0.45561214219366203,0.5763660462490802,0.630867229402605,0.4755960392711783,0.5280170172601466,0.5927612588673157,0.4532732981492472,0.4860048491945378,0.4963560655511153,0.6189057972209551,0.6239585332043769,0.5352812201627559,0.5485142109877429,0.5007203450953629,0.4598988319646259,0.6768923318175204,0.6544692126852948,0.4480239217104805,0.3956524307680994,0.39762528791263063,0.4456872333378515,0.4380369465374036,0.6884843159251763,0.4530560167472638,0.5374388688948588,0.6837054877063603,0.591246665223396,0.5577726084744347,0.3894295353127773,0.48202836769064034,0.47749830697595835,0.36443100659490896,0.37507316374549415,0.4406313472630234,0.49114741359283326,0.5170386114612482,0.6295083369394826,0.5518301416995968,0.5873315557088606,0.5354430553770995,0.5199439218068509,0.49696967142435544,0.37490053987673283,0.6217924245081596,0.39071241287190367,0.6412797399791392,0.45355378699189947,0.6257743851315624,0.42003123850879853,0.381985647114971,0.41894820262773164,0.5888646422279064,0.42388450393404586,0.40062550404313313,0.39516498266955374,0.3767502609191348,0.416381599232483,0.6568560708999288,0.45946083261720533,0.4153510834627203,0.6890746294499873,0.39397743531665197,0.4058195869072065,0.42198353784899206,0.5567455409550632,0.5350629038528643,0.610189275967299,0.5092527272958792,0.6586231587007088,0.5318113946853887,0.6820056420941923,0.6280960102083003,0.6612307054867779,0.6369289823740583,0.45756408990917824,0.5440808589597524,0.39998731097449974,0.5771383920010099,0.38514568386872117,0.5442427477236863,0.393884582849149,0.5065713206341949,0.44950939757776437,0.5226203867367663,0.6857094112411384,0.5793560389057423,0.6143257119067214,0.4229900186567128,0.42223184059273966,0.4446847678686877,0.4399098959644277,0.5480739717448405,0.4262867126379766,0.43338451891118285,0.7403206090259593,0.531876617539405,0.6062384538893523,0.4323442411617189,0.45381601855924086,0.5185601376431642,0.38072308818817224,0.6110821592807492,0.4900107542909343,0.448262693262507,0.5221384962785607,0.5358600604082191,0.43260673081809653,0.41955129668138813,0.4052753572336695,0.5878153576733371,0.43545302835423527,0.49752207063855375,0.6013607413726403,0.4024958465347345,0.578326344448219,0.38238915517366245,0.7385809308213439
0.5679722078157057,0.0,0.5364816964798547,0.7318444503245571,0.4846412178432035,0.6636635891182088,0.534790886895731,0.6569091928037044,0.4714073441312694,0.7769948682428305,0.4519400365119952,0.6117978283098441,0.6152635489397635,0.5147316568927177,0.5312819689042223,0.5232869251652975,0.46185665295843387,0.5020978855761703,0.6094788572196277,0.5947987956111264,0.6605014810712455,0.502333237425007,0.5624214356939997,0.5049505316959801,0.6800651524731739,0.4822997348119835,0.3780659684262272,0.39556044870337587,0.7142262579293366,0.3652781154420329,0.505703964092712,0.6008505008238676,0.570706460272001,0.4327566536025829,0.6418700195591337,0.638982093692815,0.6180709821032416,0.5651909363332794,0.47626666990687083,0.6351191561708743,0.5742511809364297,0.44078420321731604,0.5402659170992821,0.524795467582901,0.5285200564505044,0.4987154719849593,0.5275799530152512,0.5587392565486797,0.6469259947660991,0.610696221930602,0.593602603126764,0.6387845338868622,0.6988175858920295,0.6217174747322189,0.6341870967346122,0.6526459846759803,0.6900991556977962,0.48476306034782074,0.5900529842717522,0.6828080673916442,0.6535820577191651,0.5557663967966013,0.6112268253359671,0.5314176949838587,0.5693486247507625,0.48721996688133984,0.5057424935056807,0.5570255679984103,0.34347678861214614,0.5355473914549589,0.5856599648613755,0.7193820177795741,0.4776759097010786,0.6637442330881621,0.42616667134400427,0.48935533927174363,0.5823726698423568,0.6557594462368063,0.44822792544553164,0.4719799546444199,0.5805270551265663,0.6326690656705526,0.7529366497158364,0.6515484552144707,0.6308498034673496,0.7067195576523476,0.5916926018867529,0.5602314261629991,0.6377348379280828,0.49610804000955366,0.46911363397684375,0.49179722554741917,0.6502123744297903,0.5872875043003687,0.6963866205652961,0.5689165779566987,0.48360984271272417,0.5094757314734508,0.6084584380342052,0.5302498556750012,0.5382625787100159,0.47369394092592076,0.4470538842463187,0.5367639213926106,0.6229192882955386,0.5624467787423966,0.5147152101163184,0.5216026231804649,0.5108005166366262,0.5118767848654521,0.5218635845582682,0.6355220608921237,0.6005609961111987,0.4913483302750336,0.6587446598815752,0.5203639298053657,0.6301970871614727,0.6032894801571144,0.6058830839954386,0.5157214004050106,0.7207572179627494,0.5874311372487445,0.5700310433773405,0.5303782183901299,0.6644047849092747,0.5097661978453155,0.5590347586025409,0.5076506331755231,0.6292689102814109,0.6130873519565502,0.4098321905886171,0.5744789789204822,0.6778141218349153,0.6687499804482313,0.5443754296128472,0.5669459253542646,0.552744983231261,0.5865754832107192,0.5863215308458393,0.559495569230966,0.6076913814579578,0.596901399976328,0.6899576831956233,0.5978073742589819,0.5739548467930352,0.47987381385860284,0.6938266771947083,0.5141933193681582,0.6518548870102278,0.3911003058730993,0.5640935157291533,0.7161183487714888,0.4145462999125846,0.5436342810768261,0.5440951444899141,0.528532786015699,0.6128322375918103,0.5864053035919193,0.7074878189756517,0.6291170141900218,0.5414280139561064,0.687927520808115,0.4972844753700537,0.5711446635261007
0.6875658784799906,0.5364816964798547,0.0,0.5128452416959116,0.7054353202915816,0.5437389866023686,0.4051261177308652,0.5254758407573312,0.5910860227261384,0.5670756194685753,0.6317593955759017,0.4418828925429119,0.6583067726550105,0.6823639725140523,0.3831488987642942,0.7338991391894658,0.6663860724939262,0.7267298429490621,0.4883395684569948,0.5889090200330004,0.49313296333132406,0.7391770507815504,0.5518635682118693,0.3725682095390392,0.5074136964442368,0.38070117881719834,0.49618629506202633,0.5168542302756481,0.6080068400306436,0.46943441919141765,0.36840381823897994,0.5518449289629892,0.4038411672139069,0.3444851534044424,0.6422397437334741,0.4971593824874286,0.45290550689012,0.685898595119659,0.35084583392295793,0.4910606519637098,0.408691891824191,0.6122320027643015,0.4308214194146,0.3842770715064951,0.40307044551515864,0.3756107729234671,0.4312666771281118,0.42194383951061293,0.5218509492869897,0.6106358229018217,0.4515423037058567,0.49417818581914236,0.5738235393456452,0.4340639824816524,0.458325870306664,0.4563867226944258,0.5510184742377437,0.6467367461971507,0.50573797708671,0.5232171883484272,0.46318032120748476,0.44256589361998655,0.6312919669676311,0.6420006462415841,0.41947990046841227,0.36941948904759103,0.37774838162040625,0.4264988939222611,0.4710869230559645,0.667013743012993,0.42983505154982554,0.4971435899143984,0.6266198591420157,0.5637481692127643,0.5794183124922262,0.35899862100742447,0.45929576267747757,0.4665594663147455,0.34632798799900655,0.34917607969763514,0.4115041927126048,0.46398618772993355,0.49552052657708967,0.5774363216597721,0.4991265217349035,0.5532751044355451,0.4743432178502288,0.4895814893429525,0.45465262791906746,0.356566709245512,0.7066833412615061,0.37036117884175657,0.6305703264574568,0.4117782241559756,0.5974707357930229,0.3981768666549838,0.36234331434093087,0.3889205641391623,0.5484490018842224,0.4007480209885925,0.37627641188725763,0.3742446544411611,0.35779292895445164,0.3937437006892685,0.5996482056821625,0.4368843234822961,0.3931351568783185,0.6259289079591991,0.382496975616407,0.3773846093564803,0.3918622316262216,0.5180627782065403,0.4810854642488148,0.6130336682503528,0.47798576666352127,0.7053914781313853,0.4679377146179007,0.5943086258419874,0.5711366107655743,0.6883892175779612,0.6264607981861393,0.44254515808510203,0.47160780280937475,0.37916345361078624,0.5054878172182199,0.3672435270789895,0.5291538048035686,0.38165248171944705,0.46994643616739473,0.4378867519545373,0.5352981493806258,0.6662281181997611,0.5154810335326083,0.5681226135210711,0.39261198853052437,0.3980275811706528,0.40893207000414694,0.42700846876066123,0.53526730620777,0.4034777635296951,0.4124609735724092,0.6598652809580959,0.5016182605669394,0.5948534900414929,0.40500002699915927,0.42512594598971876,0.5029163885762907,0.36797393062924955,0.5396172124434658,0.5008632619265898,0.40828388688500405,0.48367693640245657,0.5709189720715511,0.4333791150820845,0.39443826468539067,0.38044523622703613,0.5322572452195352,0.41285225135762293,0.4723874775138666,0.5361125827639417,0.38628967531086206,0.5003173622060701,0.36392504997978314,0.6874425468080343
0.5268768641374157,0.7318444503245571,0.5128452416959116,0.0,0.4647573848393787,0.5851360540917947,0.5960620131543979,0.6730561329330795,0.4351802572125684,0.7424997766516673,0.42605057220068837,0.6174834218430725,0.5962900109422715,0.49432006187326255,0.5855773303358071,0.4949513183917804,0.4387615207641032,0.48060749095342153,0.5736357193307083,0.5493511300662185,0.6592369380295999,0.47262463888372375,0.5756248755688462,0.5284883140057506,0.648576885745505,0.5281791761683424,0.370406318862751,0.37869015122370453,0.6190309640782603,0.347079063146015,0.5264210540070932,0.6016737304539665,0.6333034682032487,0.45765217711077877,0.5908085797364313,0.7131140298778459,0.6398877836751208,0.5215559421258509,0.4970416313008237,0.7139505296850158,0.6019658319473971,0.41139570981782775,0.5870632528185414,0.5403328213082575,0.588881125577615,0.5445737208867718,0.5580912825630905,0.5650043825995194,0.681771974456085,0.6260119993969103,0.6646557673184877,0.6375147700008429,0.6366287688519714,0.6878459662333235,0.7292812740956195,0.6057460416321332,0.6569977625692601,0.458692334639325,0.6363357121190159,0.7708355011970852,0.6718010342963879,0.5950326583920295,0.5904020611643996,0.5194488356512021,0.596262897283093,0.5147844814707419,0.5481652075357563,0.5909857123062431,0.33634073379190654,0.5055480792833061,0.6174842111738175,0.7443104983561059,0.45785015775635796,0.7330394457486221,0.4005119863425536,0.5021068241798516,0.672807821649776,0.7029978736295264,0.4688607145154884,0.45591283919812897,0.5511549104807081,0.6595178454262465,0.6706522196086562,0.586894476949375,0.6248766618968389,0.6429261962024777,0.5775044927137407,0.6175554928207341,0.6823913810978692,0.5040679994604749,0.45535266891940074,0.5191713881674834,0.6372714620803943,0.5897507434431737,0.6587810272525249,0.5781007425337726,0.500261569547687,0.5211704326789696,0.5804026597787271,0.5920187524163378,0.5547610294075492,0.5221622648991088,0.48434210665367855,0.5558900689653902,0.6125936383557257,0.6065940544398578,0.5599069128933855,0.48160064761521276,0.5652071712062315,0.5150400911117837,0.5526798126979389,0.6491398930318335,0.5940361090744941,0.4572408571626447,0.6981018286559602,0.4859548745080305,0.591758099161252,0.5998123814884325,0.590962609975396,0.4795676196010277,0.6632225932906118,0.6307868667924417,0.533187251746885,0.5512735440954039,0.5624943560271217,0.5337882664479419,0.5819963430996407,0.5631741505329778,0.6442741092421866,0.697772306048953,0.38126793790220204,0.5261895845046445,0.6114218884090631,0.5718511887257635,0.5542436983289925,0.5621991770486668,0.5355711813352891,0.6604397907884954,0.6125304942305456,0.579576902635224,0.633556318065267,0.5502952480282567,0.7169916644569835,0.5777534961947803,0.5850056438939006,0.5160152899492806,0.6511061907909333,0.5345940342121289,0.610716505142599,0.3651625567398024,0.5779339895444687,0.6246639509258645,0.39725078642111383,0.6208298748209806,0.5564674888999485,0.5492498605096628,0.5641770514065627,0.6027795680840923,0.7097932572459679,0.6390501510214893,0.5667983795368335,0.5871336866942855,0.5008237052351928,0.5117722452674672
0.591240811407786,0.4846412178432035,0.7054353202915816,0.4647573848393787,0.0,0.49061216886588144,0.3848510762177729,0.46907568901881846,0.5831032551382814,0.5094030038252996,0.5979982874737669,0.41678361859749724,0.5442837959259096,0.6035782696823471,0.35940463413598234,0.660373138686193,0.6614070129909883,0.6628807883335512,0.4642840721069308,0.5158138916964116,0.4557846658158201,0.6689204458075511,0.5251064286131342,0.34728974225270093,0.45881743390321117,0.3521022620242569,0.5073149019281473,0.5142651005423972,0.5475777771595981,0.5178558500741329,0.34637037138445054,0.5090564451369741,0.37563395514900305,0.3249306946522245,0.5514670763781868,0.45826568768194936,0.4083049039873458,0.6141915189296471,0.33385379221200356,0.4469914963351032,0.3840264349772393,0.6311838519917033,0.4011890499419427,0.35881890194030763,0.3692370798967683,0.3527432514447397,0.4096708035241618,0.38378967629575106,0.48020929676801105,0.5609378012037978,0.42394156002972866,0.45111845597769584,0.548893997871824,0.401508739133583,0.42410757053582676,0.42097128282364593,0.5068804660485722,0.659854254518406,0.46349513788261354,0.48507458325677816,0.4139379832559962,0.4194825497089705,0.556797981010636,0.5826111959435744,0.39428984780652626,0.3445881974016502,0.3478705262194823,0.39166760470211287,0.4804360187578265,0.5847408443685701,0.39565872926955004,0.45252628228762815,0.5622957445736563,0.5046097542055248,0.5801813184773156,0.3381265824093154,0.42627696735565823,0.4402305307659853,0.3250393941485846,0.33122316337936364,0.38361648461442327,0.43173212679137,0.462099573007817,0.49534045048996245,0.4635701996375304,0.4909821977533808,0.42427835105601425,0.4579441159245325,0.4206259329898222,0.33310220122455814,0.7577349028294869,0.3524424318025657,0.6047950460917955,0.3841094168150965,0.5426776302739015,0.3689629815880074,0.340178186668674,0.3625738032828013,0.516303203370943,0.3710950171270505,0.35020774956353684,0.35128167504208774,0.33877777633528194,0.36885298449792686,0.5410268595071402,0.40377237994625836,0.3698204229067812,0.5656395127903787,0.36024626506772284,0.34967390658611897,0.3684852600005471,0.4794070464426633,0.4292781224269031,0.6092173793618877,0.43431743579358567,0.6452309651330529,0.43607453408461727,0.5548269435495,0.5010950505027532,0.6418378461455506,0.5729050396660209,0.4120422365136502,0.42504664018831045,0.3580340635472445,0.45982806501421336,0.3441001084584154,0.5003810540339735,0.3576096939524543,0.42715189420125504,0.4010100395931316,0.5524539158052186,0.6130146779144444,0.45733139444172816,0.5203357913843507,0.35984818082440395,0.371074617224909,0.3795915113495416,0.3935004993951795,0.4699396071291601,0.3841055202554318,0.3768018111375814,0.6015867152392315,0.4699915128520199,0.5590438809017186,0.37525510670495077,0.39545153766219365,0.4675718528075536,0.3502760591397111,0.48474059196052116,0.5217379553390606,0.3769421157575554,0.4594641245975587,0.605155056559043,0.40612302764850194,0.36984211401164924,0.3511451038299396,0.47251604920169094,0.3844057471599956,0.4251805405164408,0.5015864676691356,0.3597867414570459,0.4600753436709608,0.3474416962570239,0.6189110152435711
0.6115582772173661,0.6636635891182088,0.5437389866023686,0.5851360540917947,0.49061216886588144,0.0,0.4751935517399135,0.6402081838376321,0.5042198067179242,0.6531750998546876,0.46763873725486793,0.5841384444035093,0.6133113461154203,0.49841099165180314,0.46810341409974926,0.550561330692068,0.47144765732395644,0.4980181373160248,0.6267712214016471,0.6215562363421928,0.6433440345728267,0.5050872054202119,0.5049554991272395,0.45238427578281454,0.6802263451512204,0.4491673562503764,0.3672405729663524,0.40016494767357724,0.5981878057355736,0.38154585066697017,0.4848590100603103,0.6512340191174482,0.4840438743013411,0.4149200304923444,0.6349554357431515,0.576150481036092,0.606724322703449,0.5722357476406077,0.4481379885841742,0.5152395444874026,0.4911342835280617,0.47035213781158736,0.5334959814457358,0.5046411890148115,0.48513929585985216,0.45674510308789756,0.5037377656101035,0.563549929926243,0.5828363708137952,0.5988510660392461,0.5604609389669248,0.6153903058717073,0.6263835854341123,0.5521411825814716,0.5736493245696603,0.6520463162974373,0.677136059118687,0.517624950755288,0.5363375160092533,0.5829191711993265,0.6309151461387068,0.550406975938936,0.6777264425784345,0.5223491461777849,0.5471693878548564,0.4733874232721338,0.4669042196501754,0.5453699683770756,0.35019913763876287,0.5695010894256939,0.5708972921209085,0.6075656311806903,0.5126293626228183,0.6129242859678784,0.4444995512331485,0.4691275653290874,0.5523391727280178,0.5670019169097134,0.42311804159899585,0.47144451338509685,0.5782291797946411,0.6156943852722023,0.675776834580116,0.647104341283608,0.6348571405923634,0.6406593770763542,0.6992077665194045,0.5468878989269178,0.5835247179221502,0.4638116884140681,0.4804610057123589,0.46815612025423387,0.6092363690877525,0.5593050977547993,0.6531968409792497,0.5339586137738852,0.4771223862105106,0.4919611439527766,0.619419206099381,0.48148972241148535,0.49124739660936,0.4703980829537569,0.43069343916000297,0.49435378326789003,0.6456435083141995,0.5253268959331787,0.49011381323815184,0.5249319470784992,0.44989752615448597,0.4894863516216375,0.5034057513246247,0.6161112901890552,0.6383051279023406,0.5075771026273939,0.5779652061232724,0.5076030652845959,0.6185529009198453,0.6130905480355375,0.6125336867925343,0.5264871811555789,0.657612017809406,0.5626742513620142,0.5982025526694179,0.4931099791200013,0.7425863405389889,0.4670449776820125,0.5565789334765457,0.46984498331504887,0.5706070520197782,0.5208174770470834,0.42909905061700965,0.6581948032342705,0.6864326851614766,0.7069425692363213,0.5246984043219635,0.535498135496901,0.5287806551915438,0.4933905338804239,0.5058460568950074,0.5228872320713258,0.5308633423193285,0.6589603357443553,0.6139154170482667,0.6139854296476447,0.5400442242447373,0.47414564254902436,0.6810804838655273,0.46456252842330814,0.6468955456960905,0.4065886741478995,0.5562171645112803,0.6458952658629424,0.4194063170168835,0.4724506960065685,0.5113638336462805,0.5035092143509577,0.5760345292204606,0.5433758847310936,0.5559750948275191,0.6407806235049791,0.47860078304925335,0.7317734599858755,0.47078071398184695,0.5964957290011405
0.42053468789901344,0.534790886895731,0.4051261177308652,0.5960620131543979,0.3848510762177729,0.4751935517399135,0.0,0.4872281925744145,0.3516317144121453,0.5564286437665379,0.3463484604611503,0.550520957109705,0.4636394913214627,0.40138811534820357,0.646339360320094,0.39334190984670353,0.35945180573436364,0.3835041082720519,0.471419577177245,0.43517510222188327,0.5659255479624291,0.37676390059834325,0.471945783626025,0.5769194756925662,0.5353391808665972,0.5919743548326136,0.30865164780576654,0.31605326924006694,0.4656975262314522,0.2945095232405987,0.5565904010251063,0.5196134190193327,0.6160281493496887,0.5180139773498236,0.4597376721567547,0.5940021191867976,0.5953743946775407,0.39828611445868056,0.5257709447291726,0.6051387720049091,0.5578283100382516,0.3453111584658467,0.580448829160365,0.6040877957669408,0.6108998288069438,0.6105584252469631,0.6163656754156901,0.5638382482227292,0.5833835441284348,0.4978524608696858,0.6885275921407401,0.5514789097992284,0.4898917846564406,0.6837488264012377,0.6787895477706588,0.5629435450164458,0.5089911536490337,0.367135546733308,0.5977160204157336,0.5823242842150479,0.5489509302101466,0.5977463292757028,0.458627446832423,0.42829709156450874,0.6397186069856906,0.5824541286322913,0.6526378166865218,0.6472327800773627,0.2893351296215562,0.38798808720598604,0.6265525972411856,0.600396956133763,0.3873575370649902,0.5738405292652409,0.32627314456562506,0.5811899991838396,0.6796288183341136,0.6701084508919211,0.4773080941896231,0.4860853597915492,0.5322106510528803,0.5909583022807798,0.5340637884167734,0.43605416098648975,0.5345930953437151,0.47152468317397345,0.48615712770220626,0.5839592383457638,0.5993441346075897,0.5306007048447731,0.37382510666526275,0.6173263599444343,0.48813567667113084,0.5941499431387244,0.5128904822652977,0.5880723586442692,0.5196798209112894,0.5466188833817013,0.49438054849871127,0.711116069568512,0.5956916518867985,0.5679364954683613,0.576159814781761,0.5482222344242654,0.47660341273641216,0.5807790073445268,0.6119421852457043,0.38508338222788296,0.6757628237170908,0.5719410605025314,0.661057815278542,0.5402657505090722,0.5511460503155909,0.36301909957747336,0.5605002999453513,0.3817686286711564,0.5185296355710158,0.4905308200247999,0.5056507495991909,0.3816781328132029,0.49775054611208813,0.528297513842007,0.4802136458468836,0.6144926344611061,0.46914061427547826,0.5673596778769319,0.5255901826522617,0.6210782241627854,0.5629476241524713,0.6599638954295597,0.315978792321322,0.4151883228407919,0.46283233651717515,0.4387599798855111,0.5535033324713129,0.5923747836842204,0.4953186274035948,0.6590224179005313,0.47385256368898193,0.544307535918322,0.5838485899529832,0.4466172841637939,0.6095251125871057,0.46323793827623305,0.5987729468902451,0.5530538303091441,0.516661248489208,0.5713737677241797,0.49079747610988267,0.30520165648441305,0.550283250107394,0.5036727690771147,0.3276459475710696,0.7025025470896388,0.5491338871689777,0.5685807864471237,0.4470317981323657,0.6035848897204381,0.57444807944843,0.5561419424480366,0.6294340543324831,0.48432412022077775,0.5199341902378962,0.40006616781016385
0.5569162025520165,0.6569091928037044,0.5254758407573312,0.6730561329330795,0.46907568901881846,0.6402081838376321,0.4872281925744145,0.0,0.4730008497112083,0.6485449280503155,0.4457950493800711,0.6391352988486769,0.5884275956673576,0.4778563788069152,0.5115239879574844,0.5329041678806253,0.45881891511387074,0.49399367484871975,0.6555117307957576,0.6075922223304345,0.6606363574829202,0.4799704501940754,0.548293457822748,0.4769169343762986,0.6701297318506471,0.4835560836841202,0.37503791697764205,0.3964846140548281,0.5773114513848551,0.36913064841326476,0.5152591786048649,0.6006464206540876,0.5410639420332513,0.4410819606951638,0.602938287573011,0.6510013414234592,0.5995959426984471,0.580714806551757,0.4807538053426373,0.5588922723662259,0.5571305748410749,0.42965546977605884,0.5862556291272489,0.5068780317793954,0.5434990838311002,0.5042078968141925,0.5108515279726189,0.543574700126405,0.5987795313850619,0.6290903470230936,0.5888382204082708,0.6347821533464091,0.6170337160865734,0.5893893903084015,0.6227222569380509,0.5834247778981012,0.7084877730192283,0.510119792766584,0.5391153028136303,0.6685876399274776,0.661299174586299,0.5636838099276132,0.6784957429362449,0.520908548985238,0.5540811160038025,0.4933759169811929,0.4808869772531828,0.5277641882198962,0.3458506907387657,0.5727883685656542,0.5748102797260353,0.648406996849353,0.46958068494245203,0.641132380009608,0.43163376220807026,0.4729926802542622,0.5769771638224878,0.582539699314248,0.47215429286216376,0.4457810204798891,0.5502503227001913,0.6341495277426764,0.6489629296406008,0.6842814407691253,0.6523590396536225,0.7316017708283234,0.6610339612635893,0.5636350585311757,0.6567805144913385,0.47918895380343846,0.4701467029047983,0.48053376855309765,0.6229297808750955,0.5641761221300077,0.617352840042176,0.542067273477381,0.49945046236594776,0.5121588898954494,0.5747329505638267,0.5145548633002848,0.506685491979389,0.5134225180558806,0.4570354014389536,0.5482045850924979,0.6699789880892881,0.5851449758756759,0.5349124928683792,0.5184284089138705,0.4901789666461471,0.47965671436499363,0.5090021586701301,0.6587635869125439,0.5637238410663048,0.4973250454778583,0.6787885566620006,0.505097795925938,0.6152949609986236,0.6026000571267951,0.572049918462703,0.5027851602025021,0.6522942827288454,0.6763904803599227,0.5501199064579133,0.5082249089156347,0.5833642211359086,0.4990285320772672,0.5466214910103763,0.5165228325540072,0.6213328642603403,0.5795812089394208,0.4081222358419921,0.5917082304560851,0.6744261638148762,0.6326827857246787,0.5422081475025906,0.5229439694652637,0.5516125425053185,0.5476640943935999,0.5831190776655995,0.586347631086859,0.5699060377512354,0.5688396602634015,0.620018131928193,0.5956984644541369,0.5532043860008663,0.48570927974746686,0.6906370190171264,0.4933458526893302,0.6601593002622684,0.393952601014601,0.5927979771196842,0.634617290445181,0.41575641172117267,0.5068021613881752,0.5542220714664569,0.5248051334058981,0.549743853584335,0.56392179349896,0.5705646899349396,0.5954962152462135,0.5015210955268583,0.6255720648285279,0.4898314428548295,0.546017139908503
0.5923960034964912,0.4714073441312694,0.5910860227261384,0.4351802572125684,0.5831032551382814,0.5042198067179242,0.3516317144121453,0.4730008497112083,0.0,0.47850297844694367,0.6144980947810648,0.4012293629327275,0.5091785906025386,0.5724402187997035,0.3408635758494117,0.6030198813083628,0.5986548386394098,0.6185912300612484,0.4669137988062129,0.520279094524321,0.427176340434672,0.6467568664569939,0.458198989480961,0.32664195725815487,0.44851737577827433,0.32634326365217514,0.49516985726130747,0.529341408498676,0.5162194265027216,0.5568284716391722,0.3423215921342038,0.4774685595869606,0.35683459597279893,0.3095104439328668,0.5427841978305742,0.4249490564597565,0.393327923023104,0.6514093621054269,0.3263346105393942,0.39805405635105673,0.363864313381887,0.6845721911604568,0.37578609837040944,0.3440634457971428,0.34981102160217864,0.3327831552189259,0.36803542045161025,0.368111143507349,0.4354989391086347,0.49973467642382663,0.3921901956582544,0.4185481260572585,0.5340036729446217,0.38008669235302983,0.397778027898535,0.4167514902123263,0.4847913675179454,0.6827268974156142,0.421326872530862,0.4436860362152946,0.41557749514434966,0.39744172203302663,0.5290259869391378,0.5274509876189902,0.37925545313088094,0.33331332341723185,0.3343377849733713,0.3697213211721045,0.47077102953914785,0.6744649609042225,0.3795636673199394,0.43075611248501483,0.566578139113082,0.45365876134122324,0.7006644351414052,0.3309240138648975,0.39210212759675744,0.39738723613298116,0.3156167026809789,0.32773237388905624,0.38015151568176414,0.42119170051975685,0.4484140787904956,0.5143713681820218,0.44592469911306154,0.4859995957876443,0.4418786947205594,0.42468056565136414,0.4064819441890057,0.3300364137713112,0.621441607728401,0.34072969568181705,0.5322458691088546,0.37555463241572634,0.5187381925519727,0.36153620424264565,0.34056019236193397,0.3507144548134438,0.500473984230455,0.348802004407848,0.3446873623852349,0.3392480887801431,0.321896866824933,0.3574411235877144,0.5308411418084185,0.3736805039981814,0.3503149555730531,0.5622357362751003,0.33330183546444764,0.3362107178576525,0.3487517627294408,0.45093569933845595,0.42178492662590206,0.808006332360515,0.410812406830923,0.5939015912239066,0.42985946999958946,0.5044217853087849,0.455289083993674,0.7321911708012951,0.5116356173818211,0.4086762262329772,0.41683651362085056,0.3433810052973036,0.49341641970343164,0.3324271409556833,0.456691657132788,0.3374135333556221,0.4024604422848865,0.37561115375723353,0.6996558039223061,0.6322987543589853,0.4879468054322792,0.5779371542285365,0.35530491821779253,0.36171563411223123,0.36922924359064735,0.36299177076227446,0.42972568482592355,0.3763007129065241,0.3724491987752519,0.5909229903228638,0.445237434387886,0.5557870839165305,0.36353841857156394,0.3626583997370194,0.45716132986906205,0.33757322769735293,0.4699257102252699,0.589305934466756,0.3754957160841246,0.46850463140969384,0.6120838607192762,0.36095505307110387,0.3588557052426956,0.3467519100383279,0.4685517678153077,0.36658139714973115,0.41123238616122515,0.4650045412187236,0.34364184185896474,0.4800118197832331,0.34479322231324605,0.6446023427775293
0.6093170891304635,0.7769948682428305,0.5670756194685753,0.7424997766516673,0.5094030038252996,0.6531750998546876,0.5564286437665379,0.6485449280503155,0.47850297844694367,0.0,0.4625858508919801,0.5952390847082617,0.6641528307952086,0.5502816287279677,0.5131956855275371,0.5482866980485259,0.4851481980623902,0.53261180982941,0.6085066426432933,0.6241801725688451,0.6801292572908754,0.5160586845727068,0.6158443770128275,0.4864903866887595,0.7136707914779352,0.4868736489210076,0.38879736561268435,0.40870843748379,0.6743467928611209,0.37241754786223114,0.4903322952004006,0.6931152365274986,0.5401179834607157,0.44047886667433256,0.7028964024365094,0.6958185793926981,0.6200100023551122,0.5734677886254025,0.4533695826495714,0.6583889640355675,0.5395249057086037,0.4612975324579958,0.565098752039379,0.5138345751299113,0.5381024584128944,0.4980451641114034,0.5616955000403018,0.5515188696498481,0.7428434329101866,0.7024465000811116,0.6322521974718159,0.6582648310425435,0.7149717888224734,0.6125231811073231,0.6581578346126198,0.6391326365070049,0.7260470547629382,0.49909345074177497,0.6911792809749303,0.7514218448374816,0.6265363547186587,0.5879801526555766,0.6532211981260051,0.5943117489329255,0.585516315530206,0.48950616616799203,0.5063099081711339,0.5688965744707919,0.3601282423145997,0.5463413476239977,0.5864428767949617,0.7647637274910148,0.5225003726122429,0.7757083643842232,0.43482582953063564,0.4830366317717723,0.6238789794450476,0.6515044620863455,0.43575978799269566,0.445687645367686,0.5468482163237698,0.6499912508577095,0.6626393008864512,0.6220000804101051,0.6787338759099643,0.6679394244775044,0.5945902635366378,0.6461077074380237,0.6532533109346739,0.46684260373934694,0.5014185039032809,0.49786634449970507,0.7092531593886942,0.5740953285005029,0.7845455665774587,0.5386531275116592,0.47029668891611437,0.5152288970235243,0.6772416571893454,0.5502785108358006,0.5116989662299368,0.4827314816653653,0.46385798939901535,0.5252638587536107,0.694541474345762,0.5749661367558013,0.5245813591205389,0.538692343566374,0.510880690771094,0.499339488249583,0.5328971175892416,0.6996156861264461,0.6413232996628813,0.49987701273204777,0.6550044831311382,0.5298940722901537,0.6390623751751874,0.6896462126496902,0.6827991693810078,0.5368684936201745,0.7453734827625124,0.5740489421905852,0.5880367459114678,0.5095129459993883,0.6391218164065845,0.48384259972097,0.6424666035126309,0.4996520904585425,0.6453581012124587,0.6082624598153028,0.41702336522996075,0.5902914835183379,0.6252057276891122,0.6313685961674865,0.5242316884409423,0.5415069847078181,0.5240448146101244,0.5836845356328485,0.6085564702215503,0.5369463586734798,0.5652714551624071,0.6519135254874453,0.7575588911860119,0.6514917437675716,0.5535246461488614,0.5312660035738481,0.6496492737378478,0.4856152528101282,0.688233993958281,0.3972956503342927,0.5518778493968781,0.6530602853895692,0.42909119094927284,0.5722431177148628,0.5250173576471135,0.5075061840330232,0.587954012656997,0.558718998097499,0.6599361685759909,0.7209995005584181,0.5258375389581361,0.6608960306780867,0.4778637948469935,0.573192695530991
0.6088732757575109,0.4519400365119952,0.6317593955759017,0.42605057220068837,0.5979982874737669,0.46763873725486793,0.3463484604611503,0.4457950493800711,0.6144980947810648,0.4625858508919801,0.0,0.3829248327186404,0.5511348557020733,0.598963120096235,0.33137029983869537,0.6725525049322373,0.7001373857579961,0.685661730192365,0.43617544361767724,0.5222091534419251,0.40924057220449034,0.7061932257034662,0.4790884501658476,0.3279688057834972,0.43388826445958273,0.3262403064977853,0.5749630446358418,0.6531368659881158,0.5262133503302531,0.5556210098211359,0.32378100753972283,0.46112578089676604,0.34703642340952817,0.3063477338767604,0.5366065874767838,0.40339142778747433,0.3902368988248213,0.6010341545279049,0.31110904798034006,0.4111381966655711,0.35000503219498735,0.6427384383593069,0.36462456298895374,0.3331116703905149,0.34637369843834553,0.32505556851561407,0.35604117085082143,0.3666241509875646,0.4400157021166983,0.4766383841084638,0.37736101981866144,0.4077836377372905,0.4754821189991764,0.36769123181621993,0.3880447243506527,0.38722526681741576,0.4644591434415342,0.6255019092327059,0.4155743420006767,0.43092687973576654,0.4030266064584371,0.3667873698753475,0.5043872693846522,0.5129764815954156,0.35530570234103215,0.3214486130870209,0.327932145825954,0.3596585263519381,0.5217379100137207,0.6370888920694854,0.36251025701707745,0.4138113512070948,0.565033649414343,0.4533806014913356,0.6984387061631608,0.31845469307921326,0.3883463906480009,0.3887255919397601,0.3063788672994046,0.314890640337999,0.3562329673009148,0.3869032892271462,0.42273770280396317,0.5045652760799628,0.41600386074719736,0.46584165768929553,0.41614442463286694,0.4043884835824926,0.3895571735959019,0.31495719543497014,0.6285932121961724,0.3189512625553922,0.5113487012379153,0.36209945393374887,0.4764118371286524,0.3448796807723617,0.3164995464381832,0.33488175228642153,0.44493830221380615,0.34259385398771813,0.3318404081841349,0.32547127262927705,0.3078887930969856,0.33922536202097353,0.48387422987548606,0.36787758094106277,0.33641987544255925,0.5932892788613757,0.3273233923837359,0.33208195490045894,0.3397164911605251,0.4220869249047076,0.40849978433572315,0.6254299323502512,0.4033405355993815,0.6875732495828405,0.40665308063612204,0.5029894982520278,0.46082052974549437,0.619604956126758,0.49624608840769463,0.3753872654950463,0.411424835403914,0.33147025465191926,0.4445762938650273,0.3237790974281792,0.42324792857395677,0.32926390688314733,0.39508438703809223,0.36669611493980203,0.6138313484534763,0.5526150368429777,0.47223234769024575,0.49751620841255817,0.3439902126306717,0.3435103547194975,0.3638545622430442,0.3618137373697198,0.4560939163068872,0.3515868435454556,0.3585613097131158,0.5387025787743177,0.41434460553316615,0.47659129223447655,0.3496808127671036,0.3577521948981515,0.41808341045275355,0.3217119032410858,0.4523444474191002,0.5532533969416017,0.3591582121964181,0.42170302286504263,0.6735894798657497,0.35736111900445566,0.34241345271796064,0.33389089246099396,0.513372266669709,0.3559888282825406,0.4115359827340089,0.4537491416980855,0.3312094045990116,0.4402355455397595,0.31747826111078375,0.6556598939618438
0.4762131644116245,0.6117978283098441,0.4418828925429119,0.6174834218430725,0.41678361859749724,0.5841384444035093,0.550520957109705,0.6391352988486769,0.4012293629327275,0.5952390847082617,0.3829248327186404,0.0,0.49825464075476955,0.40860734533979787,0.5899709217910596,0.4545366637671143,0.40075324051382677,0.41950750332521997,0.6812124660511149,0.5314390314136777,0.7441770292151108,0.4053213333013084,0.5164049795314886,0.5706678834635436,0.6807256530718162,0.5496867640093491,0.3267510168705069,0.34942372737207483,0.5133596820788383,0.33072827860166293,0.6322006943666761,0.5660860015004683,0.5885642409899087,0.5331399553864886,0.5181662935177412,0.6420400757889816,0.6379657410889943,0.4756079636765604,0.5859886256364505,0.5566637060296297,0.6538670907283519,0.377814232604073,0.6868399966206572,0.6252668329954084,0.6090635613990567,0.6167227584905236,0.5847169415058063,0.6119262399543791,0.6021185526467604,0.5528572729186737,0.6609449527362401,0.6879228452353136,0.5538052116391472,0.6659434277494196,0.6809535514008215,0.6373323295203607,0.6648113909021803,0.43372314596933803,0.5228300141996488,0.6432734547375945,0.6236682988677266,0.5969334921943207,0.5617036583825225,0.4573007659774841,0.6476214773738247,0.5933307550806135,0.5275097139787261,0.5652201390503538,0.30424708339844286,0.4563614974593184,0.6384208281482089,0.6570763005761405,0.40853272634221416,0.5842865286884625,0.3694657315180891,0.5852241781100113,0.5988914419625249,0.6628252680544624,0.5664046917850099,0.5458763988437607,0.6588773123943527,0.6568419297458312,0.6626006862667705,0.5504049770181803,0.6778667029381662,0.6165215175654999,0.6048344695652285,0.5446605555362518,0.7590152592280145,0.5583204750227148,0.40560856442609355,0.5661671160053999,0.5501810902623037,0.7205799685892625,0.5437407128683232,0.6315416233830675,0.5709103576991124,0.6180720545032605,0.5353342856078623,0.5791856781340641,0.5933571989627496,0.5840392818679662,0.5290590910246916,0.6826567889484969,0.5590551798071068,0.6851386571954596,0.6571735293584666,0.45385323605481886,0.5772138218292793,0.5757773039589446,0.6317702975460793,0.647292822911619,0.5490072546071345,0.41917509524897306,0.715955637277621,0.4327193663177716,0.7034632829036307,0.5519358168878099,0.5391354587598098,0.4229076965450303,0.5840151180485748,0.6647654917746563,0.5725167254211683,0.6400483998536841,0.5525031345001957,0.6069191984236671,0.5123255042925419,0.6030915520371739,0.6828096844453021,0.6176423261691066,0.3562079471564705,0.49838783851359575,0.5703061557415462,0.5382090184776215,0.6336237120504645,0.6216433923073734,0.6867511404646534,0.6043790652996919,0.5205162315003448,0.7537506143880638,0.6063773572758631,0.49705038290884584,0.6195735561074075,0.5113701176779013,0.6808742706987657,0.5114047484240223,0.6685049835446515,0.5994645010761033,0.626501189528229,0.35006723144506496,0.7184863197352208,0.6483436284112822,0.36158978359721833,0.5387656005312638,0.7257811477318822,0.605923746037976,0.4961679534273373,0.707237462745943,0.5528865668963828,0.5780358092368331,0.5849466347584824,0.621972180039606,0.5905511349641933,0.4667096474116553
