0,1,2,3,4,5,6,7,8,9,10,11,12,13,14,15,16,17,18,19,20,21,22,23,24,25,26,27,28,29,30,31,32,33,34,35,36,37,38,39,40,41,42,43,44,45,46,47,48,49,50,51,52,53,54,55,56,57,58,59,60,61,62,63,64,65,66,67,68,69,70,71,72,73,74,75,76,77,78,79,80,81,82,83,84,85,86,87,88,89,90,91,92,93,94,95,96,97,98,99,100,101,102,103,104,105,106,107,108,109,110,111,112,113,114,115,116,117,118,119,120,121,122,123,124,125,126,127,128,129,130,131,132,133,134,135,136,137,138,139,140,141,142,143,144,145,146,147,148,149,150,151,152,153,154,155,156,157,158,159,160,161,162,163
0.0,0.9068976845211905,0.8650733619895016,0.7817078966470842,0.7650518521676203,0.9044875730890121,0.8326428744503747,0.8902157344072638,0.8783739642450742,0.8720675191258047,0.8268998315608258,0.8029464434399033,0.9542855936048731,0.7902569921468979,0.8829252180260627,0.8806718473952317,0.8946193905360416,0.9333280406965759,0.8514129358201431,0.9506820153622184,0.8630413005617192,0.8856054577116976,0.8200548748568275,0.8528389134125173,0.9122734133290592,0.7651434034350968,0.7836673662662507,0.899040410698075,0.7888696285053738,0.8328977189683269,0.8868507817464087,0.90518410420864,0.8462968798888716,0.8002002126569779,0.887185742648176,0.7289236376823597,0.9135509168641096,0.8333776416399158,0.7474533727277904,0.8926005209985399,0.8011333441337793,0.8469387224095638,0.8666849836935167,0.8294370933060901,0.8909978015903539,0.9028824539205208,0.876424454108216,0.8119751591784853,0.9051482712528659,0.8438378088462052,0.8684168563482997,0.8859682618973981,0.7897749952635238,0.8171403947638621,0.7607814082872857,0.8604019659375547,0.9104440664486031,0.8311346352717435,0.8332461611110428,0.8283085027927073,0.8696634202812675,0.7161077547965631,0.8401455274623285,0.6937600318108811,0.8169328623811067,0.8303874488023638,0.8380482356045339,0.8964432039551369,0.8388651187710083,0.9188076442698215,0.9466772706464855,0.7880407184296425,0.7775528361281183,0.9026705715224796,0.8845629288671502,0.8753743552044084,0.7900845110235147,0.7807161892579191,0.8399440683483025,0.7514871378001671,0.8381462461641762,0.8995759722630411,0.8745797000024519,0.8164358068136526,0.8102568669760611,0.910027259669434,0.8753540794959447,0.8329146429771436,0.8934402286293042,0.7878001684494447,0.8503548956567641,0.8274320632573645,0.8281600375006489,0.8567269657675638,0.8423591919066331,0.8490727242486868,0.7539357440237697,0.8439935995898579,0.6637173754864565,0.8809156016920036,0.7304292171204109,0.8079365701598299,0.7066392384004603,0.7992292372516256,0.8188861896409912,0.8994334722900892,0.8036359046518947,0.8830870954702122,0.8815941256109568,0.8716798994553387,0.8022041716954194,0.7444260291400612,0.8730861500570117,0.7532562545564445,0.8247549719001114,0.9114947998146847,0.9044315915556912,0.8423399077306721,0.7854200290449975,0.734317490124226,0.8056032322951763,0.7712746032910214,0.8545352659639494,0.9199076019537724,0.8083494011996551,0.8542020697060861,0.7376271219554899,0.7955249169974578,0.7905013286891965,0.8684315596915524,0.8489491969333792,0.8578655295087568,0.7689177880101659,0.764708548926564,0.8217725686134868,0.8084106403346937,0.8973019992764356,0.8663951020151208,0.8580745217036856,0.8777611369806227,0.8080719191751405,0.7692249005854431,0.9030618562437007,0.72394377724828,0.8129281140701246,0.8243949558878872,0.8562196473927385,0.8311517584795622,0.9121977962992791,0.6183034633004468,0.8995693374416099,0.807650403785234,0.8126867722403734,0.8204012153258734,0.8517469058438141,0.9115226955557024,0.8938842402736609,0.8656979445798966,0.8128156369404872,0.7968117312663253,0.8019338290772938,0.8906043845862937,0.9119926321364511,0.8737187633263058
0.9068976845211905,0.0,0.8789870487037359,0.7990346672260377,0.7439211119617536,0.9446496246932488,0.8245499320884797,0.9572215990982567,0.8971630859890217,0.9045182654988001,0.8049927556745852,0.896790577210169,0.9220861711303698,0.7965234942318902,0.8674780165069224,0.8838356399783295,0.8697460892111928,0.8158385561747552,0.8498522931252152,0.9126017221221155,0.8448200029060271,0.881319452236163,0.8165878884435874,0.8601495632019479,0.8962719452045614,0.7513659708885453,0.8267707215368597,0.8664191861389074,0.8578589954333598,0.844162753212278,0.9427695789866636,0.8834067062744639,0.9044841555684555,0.8454581408976831,0.8755993907070758,0.7851705140044025,0.880461011728566,0.8410160860684122,0.8331696237476821,0.8799887810755486,0.8564804105489418,0.8415730166254689,0.761986843357833,0.8137882101255448,0.9372600786100961,0.8733968976098412,0.8672163519781622,0.7760936673691452,0.8458307064227757,0.8100037229789578,0.811950931582116,0.8625657753409791,0.7617900373573221,0.8496600397978153,0.7846109183864576,0.9160902464097411,0.8490782536387856,0.8732918113412009,0.7472565282718654,0.8637530991340969,0.8783678660034852,0.7308468218541536,0.7640140715679287,0.7138006626448122,0.7212429664233501,0.7455595946046896,0.838119752916892,0.8172068316804362,0.7408486072195414,0.8671365600660671,0.8803788845176435,0.7681883347396512,0.7205822774727113,0.8582574177788401,0.885184557647016,0.8167244588598922,0.7700128171715229,0.8219890638220199,0.8205829272602444,0.7298594605234141,0.7907027068479993,0.8710920216096443,0.9035732793562339,0.8226905664582688,0.7714521988404078,0.9695794480023617,0.8428283739501388,0.7498171285693763,0.896299629835,0.8808630167086701,0.802688502078101,0.8894094398166122,0.8220194997196117,0.8071966471608594,0.7871364395774455,0.9121958330190307,0.7742443180805183,0.9082880836678389,0.6876585481639077,0.8948369440741891,0.7653887305049244,0.7683678185514544,0.6616289955401256,0.8271609047810583,0.7944048567596673,0.8993958089045888,0.7937349504960982,0.901755924272762,0.8748125172437748,0.8880022084984693,0.7987158823544878,0.7231578261371538,0.8200417193229902,0.7924785513065797,0.8004647952575674,0.9439586288539334,0.8642618936944809,0.7829191594343305,0.7619916709362872,0.7813884420243659,0.793384139172093,0.7993013335391538,0.8343092882292267,0.9111179314897052,0.7685677885440348,0.9162322650256232,0.7546132031446704,0.8918691656797678,0.8535585513603899,0.8258318028550978,0.9049329246439275,0.8450604037161742,0.7685702311147323,0.8195504240461808,0.8215775595731502,0.7324923104023482,0.9090788450790106,0.868052656128661,0.8572316046818854,0.8926404218191188,0.7678222516370133,0.7998901577330708,0.9258257564343986,0.7437475100111266,0.8365227281440482,0.7894062509209208,0.9189871479897749,0.8426637001285617,0.9324002213339908,0.684017881320441,0.8539376194590798,0.781587435968085,0.81128579894297,0.8644692468657633,0.8920606354005899,0.884598157644625,0.8589246266912646,0.9011675640784659,0.792033624712454,0.7400538365099102,0.7462887388642737,0.8573242701840228,0.9650820501306924,0.8246961687281729
0.8650733619895016,0.8789870487037359,0.0,0.787472214096341,0.8523970837257284,0.8811488744683637,0.8420775388767479,0.8653622854343996,0.797807242347241,0.9041813333591037,0.864444435545999,0.8524431287541518,0.8933127915219488,0.7024128024497825,0.8611505035566372,0.9061918741076581,0.8940089455899003,0.8407845150759199,0.8259041166090182,0.8320019377918747,0.9300397998222125,0.9569205614609214,0.8082321396053439,0.888100642584699,0.8842627940279935,0.7780867403685643,0.7641497878115983,0.8232418858495919,0.8001201597513055,0.8290167898772024,0.796469181398709,0.8463044921017772,0.8137688176340843,0.745645757902219,0.7585587972064707,0.7067216295918745,0.8614942915152696,0.7605894745032357,0.7761127817240193,0.8859758747741018,0.7895582059556474,0.8817324033990529,0.8346295562025892,0.8029251462696925,0.8372627036440503,0.8283760401463198,0.8516851360953992,0.8237859990525945,0.8565768023592052,0.7900966132262943,0.84331740054585,0.8499195352399596,0.7066214245582604,0.8458035070707357,0.7544003438563933,0.8116584083417293,0.8258310589730051,0.8884145753509652,0.7791832369878193,0.7560450027170305,0.8226382336496205,0.6526930936055099,0.7977170007138688,0.6531633350106273,0.7317828488679569,0.73763106604752,0.786879624594285,0.8781202320312911,0.8108107836873779,0.8793272602473228,0.879058643722312,0.6680114704992877,0.7091077618859071,0.9173735008165733,0.8355210961216838,0.7151380873270115,0.8338270542164631,0.8360835283554242,0.7413378611846727,0.6882560798325296,0.7929062855064959,0.8503395083962164,0.8757173047960607,0.7276931250136446,0.739845604200819,0.8526790468744054,0.7947736151011219,0.7282271687296951,0.7735108315877243,0.758039254374501,0.8520112634091777,0.7556871310861432,0.7993239651388412,0.7312949165365108,0.7768255459622784,0.840038575170474,0.6949856036296034,0.7987638015666115,0.5984713597553988,0.7908725158855384,0.6390182872575919,0.8424804256657779,0.6672795610182213,0.808045386648173,0.7134446529624487,0.8710075566845537,0.7946774256393725,0.8763004241155818,0.8391663746954148,0.8963201856612051,0.8261605455266586,0.6994907110944502,0.7840210977323965,0.7184046135366928,0.7163144388786024,0.8780407398395734,0.7722671385823785,0.8572295523426763,0.8222601758812894,0.6657635857038369,0.7776778647303606,0.7161929169192687,0.7608363722762812,0.8821504010031767,0.6655884158061677,0.8447432977365673,0.698126398804554,0.8016980256395494,0.7775548021545873,0.7894536478117047,0.8024846277357711,0.9056488180720081,0.6576485526460062,0.697750093784206,0.8183785410833608,0.7162475306498028,0.8251653294176914,0.7938593122390931,0.8587266081760624,0.8369924493922832,0.7174701333777895,0.7288430463449165,0.8405548900117705,0.7229472521928505,0.7961552250000882,0.7792804733373747,0.8754727293753569,0.8202133664837774,0.898684453997936,0.6024344554384937,0.7679583837070284,0.7120508139639831,0.8384716849288157,0.8868471244377619,0.8889914012601661,0.8522404468958635,0.8492932554267318,0.898017396319302,0.7044226220135763,0.7192926343000359,0.747193542999882,0.72494157663125,0.8564761257072455,0.8470323321494192
0.7817078966470842,0.7990346672260377,0.787472214096341,0.0,0.7396636857809767,0.7947959003573132,0.8376290446145943,0.7735324891550457,0.6960602235061208,0.7570066737233279,0.8353013734058095,0.7904672015094889,0.7817938699491427,0.7301190444666479,0.7914920220660431,0.761932161671637,0.8133806713549117,0.7439111889183724,0.8195919512619453,0.7452631112381092,0.8366614006454328,0.8006183621808943,0.7855339824808476,0.7918287433481014,0.7847461339364671,0.7884102969508747,0.7414007677969123,0.8294102691442374,0.7726919559155386,0.6732369307236477,0.7557381604521195,0.767521954754227,0.8922432839331077,0.7927258705354249,0.8048423642811777,0.771380850222692,0.7670203897167291,0.7371730331692792,0.7729896819390637,0.8623409433291602,0.8260221876398313,0.7462414733064026,0.7281534928591307,0.8399325351122381,0.7960449663149515,0.7367726377782806,0.7031292227095035,0.771852750476865,0.8204807688068705,0.761460796309596,0.8457161417710833,0.8379717265556139,0.6921984250708685,0.9145431096448082,0.8244981397189451,0.70510679580314,0.7828428603835369,0.8108334194128303,0.7672210702107123,0.7548976739431348,0.8191479296328483,0.6503542106262521,0.7630870803294647,0.677263588013467,0.6957201525234572,0.6968060755024353,0.8055164785055561,0.7101496459245329,0.7220203621540439,0.7751643176289962,0.7725102649326632,0.6918379474595558,0.7802340602986337,0.860134859258627,0.7693642311772728,0.6774604144173714,0.8051493491959533,0.7550655328894814,0.7176501393865173,0.647502955177158,0.6973696943736223,0.8354985557461715,0.7025697173338941,0.7099544661817246,0.8024390497642524,0.7627223060675629,0.7697891633392444,0.7323182519122716,0.7236087487090007,0.6816337514762159,0.8371184354862388,0.7935056226732503,0.7833562943196811,0.7277828299189001,0.843858329435344,0.7644015346080683,0.6973508576990526,0.7934942540608443,0.651315662282394,0.8098572332054906,0.6858962899148464,0.7658175015816011,0.8119154272964131,0.7691984093146684,0.7504749586070384,0.7361154050320031,0.7526181600205031,0.7678500144540348,0.7654100672315555,0.7646338921614214,0.8905743095165766,0.7740712028869553,0.8109542014025495,0.7122283794210571,0.7361302649456791,0.7925425344829503,0.7419305514390995,0.7239273219422878,0.8728813063812026,0.712941673467928,0.7319685868215315,0.7901500058386088,0.762325081819589,0.789973237332178,0.6962629717106744,0.7925628193008252,0.7298984823701818,0.7275316038729314,0.808719739735063,0.7246756918312262,0.6756496295795477,0.7480687297675127,0.6785506589040079,0.77879959155479,0.7765525948723467,0.6525417104693582,0.6764725838805439,0.8158232216913559,0.8021809835226029,0.7426400327416277,0.770287083204882,0.7022584019566186,0.8439729446341555,0.7840051451623935,0.7689980188143506,0.7605476812981097,0.7458263483343134,0.6862122895394565,0.7490718537815045,0.6094471212616522,0.8410505471635522,0.706384812349676,0.8055705480541592,0.7156046430545154,0.8253186838979238,0.7416935245983252,0.761196383706971,0.7710759097863428,0.8631341893706201,0.7652125361724746,0.6760610894601455,0.7436044239195663,0.7536570541734623,0.8098101485818519
0.7650518521676203,0.7439211119617536,0.8523970837257284,0.7396636857809767,0.0,0.7464335618178359,0.8517623759674422,0.7176323945674774,0.7290085677440125,0.7404364792808724,0.8407673386141153,0.8130902493979157,0.7533698748223981,0.6479253340029006,0.7927376961509132,0.8328380869431881,0.7955671729559545,0.7330022643256722,0.7225342367982047,0.7064141122306978,0.8448298533343956,0.8528447118964423,0.8018499269708721,0.8254150488017831,0.7673105455972998,0.8093104965208798,0.7314990194640466,0.7053762795793046,0.7282630195954044,0.8206359829029043,0.7263583731769668,0.741178559600937,0.736138114662931,0.7019178459053933,0.7122567296630353,0.6836840052182294,0.7962824696077623,0.7111146433690141,0.7731501740343596,0.811540514010171,0.7299494487854489,0.8228042004118845,0.7793020946858796,0.8045902999110275,0.7285748534221678,0.707880299614008,0.791608384310559,0.800123787358706,0.823011194014229,0.7334237455477897,0.7931138326688677,0.7701746339044757,0.6114540132171932,0.758794108909916,0.7285427003326107,0.724624709087577,0.7369938202632654,0.8713732172243468,0.6769641994498381,0.6859387205686707,0.658201387467828,0.6159133101927255,0.7069944416965773,0.6381664560124064,0.6486810232422962,0.6164831698948535,0.7013678585006147,0.7975205256015401,0.7267489500470189,0.754278909148515,0.790945847385332,0.6288066468683015,0.6571451018904507,0.8054356254225339,0.6920449710680271,0.6185379456983688,0.8082147754004777,0.8919370739106236,0.6480736747245103,0.661537808119184,0.662206544255202,0.7764539232115008,0.8013197772999227,0.621400565184873,0.7002076912081369,0.739981728829889,0.7031845793139809,0.6800441301253483,0.6557584036403795,0.6979762764325015,0.902936465153264,0.7147925957604204,0.7730592237708915,0.6339108649036129,0.7246288753965535,0.7711785045992903,0.5861649523074017,0.7102339728284267,0.6137422550501329,0.6814178643890647,0.6131869969039071,0.7419240114607567,0.6785017326018109,0.7150846007311801,0.648306037009415,0.7710361759507215,0.6733911050385972,0.7616385976220035,0.7416336720217409,0.7886961002309157,0.8113374354167917,0.7381214230696126,0.6800708206956632,0.6791809203794179,0.643398836630368,0.7904377242381359,0.6482963893960138,0.8145178196727361,0.7428776379018234,0.6464464064288984,0.8316609942438217,0.6792020863265709,0.6924319898341654,0.8076347922797014,0.6324982671038358,0.7470767976101341,0.6556568212357449,0.7720670567186135,0.6888370761036274,0.708064545980412,0.7057603567447955,0.789710011247141,0.6054474464844465,0.6872203317253849,0.713924003791825,0.6494485356343634,0.7364444676023618,0.779658446551893,0.7570191100185463,0.784619897084282,0.6165120642855771,0.696383117971522,0.7514378216657798,0.693531768940303,0.7815905757414104,0.770589739000471,0.8381998819463776,0.6929517575539474,0.7528069100599387,0.5885167384942062,0.7127680098155197,0.6210316846508084,0.7882725159412545,0.8072670345708468,0.7988291745338606,0.734148435720976,0.7412730344057644,0.8183633891283508,0.6666796168733954,0.705314432306942,0.6139108024743366,0.6610150855438541,0.7471798496374731,0.8622696638341778
0.9044875730890121,0.9446496246932488,0.8811488744683637,0.7947959003573132,0.7464335618178359,0.0,0.7881144040839311,0.9114849074718488,0.838555431978,0.8648715619295742,0.8220401177832622,0.8636391086223473,0.9269702006800828,0.7812880870043372,0.8137390324203313,0.9096395474724476,0.8933665570201891,0.7945331741513245,0.8525134421262012,0.8847178210691843,0.8705986083393206,0.848314825583791,0.7529503231272042,0.824877079374363,0.8770899746798694,0.7739229300842781,0.7465209311756894,0.8548970484411271,0.8527319600096663,0.8217740599752306,0.8882466453930005,0.9080184868338091,0.8829613112885815,0.8256249179017026,0.8504929360094834,0.7722608318340756,0.8844882228213818,0.8377285985908125,0.8022835020940295,0.8402100406066823,0.8425225294747433,0.8272856701302316,0.7822177320484759,0.8565166109042908,0.8832690225797539,0.8531008749179793,0.8639328599972654,0.8241574621563353,0.8131741896265746,0.8060152059914182,0.8366554737270034,0.9136170424235762,0.7667359992891605,0.8576341931874696,0.7931130045312972,0.8916080896239046,0.8602405372345585,0.8921071232711225,0.7270088801924764,0.8353972310620958,0.8993607761538358,0.7531643052496377,0.8270332270219406,0.6929992935798587,0.7265748605159549,0.7751658994577378,0.809959577694769,0.8295084885092445,0.7330253673123118,0.8577325475413198,0.8964756585081143,0.7515793890605927,0.7480005253288284,0.8629743040105303,0.9024513554004518,0.8276493215928655,0.7839192599961202,0.8224591308166811,0.8261484747921839,0.8169894014073771,0.866068634959991,0.844499283730678,0.8791164774796946,0.8543390851720232,0.8075764579577838,0.9232101772277271,0.8801823910058071,0.741422404561504,0.8780164950031957,0.8210637120036817,0.8147577964351173,0.8501896895301488,0.825371191535412,0.8300881806587906,0.7939047483659591,0.8909934965559595,0.7873608817600131,0.8907216971392798,0.6873040121816004,0.8750520709268085,0.7545358836799746,0.781468823769864,0.6718527554741865,0.7972466277251141,0.8067786531933802,0.8980002994355536,0.8190805894965375,0.8726240955698518,0.8487714534150942,0.879563194055432,0.8180348964594024,0.7250331956664103,0.8726795617992339,0.7731388383741711,0.8186660717121439,0.92355335805897,0.88592030350455,0.7588550396177943,0.8210261581959697,0.7769544642712257,0.7910140866643387,0.8196590317062749,0.8682099302220905,0.9229626847615026,0.783361343035905,0.9164836391834662,0.7647010016581526,0.8535888042702308,0.8649305355069308,0.7956386219974898,0.8630762958349963,0.9062672966650357,0.7811047384253572,0.8167130173953128,0.8042434836064595,0.7509326966443367,0.8865657624479154,0.8216458686652165,0.7785524730618111,0.8454974395233086,0.7800069235644036,0.8186740260950034,0.8819808313855227,0.739540355637908,0.8470590465817703,0.7689310445851301,0.8812024031536936,0.8461616381990231,0.8999367196882432,0.692220582319966,0.8508726164494453,0.7997795930784901,0.7724872526727359,0.7989618215639182,0.884936966571562,0.8511711354717002,0.8400797092198063,0.9083410297380267,0.7787759214091478,0.7891084379159902,0.7609063840144196,0.8822001406969446,0.9235247891354214,0.8285554901165654
0.8326428744503747,0.8245499320884797,0.8420775388767479,0.8376290446145943,0.8517623759674422,0.7881144040839311,0.0,0.8003697421045729,0.7794356608297601,0.859111536124717,0.8085486006727681,0.8589444387058354,0.8278062025980458,0.6954830143828565,0.8782535375189667,0.8016716410788909,0.7832314742018404,0.784573338965315,0.7630734350903962,0.7558845184236518,0.8321050365084618,0.8589093593386652,0.9166425948459715,0.879345226188601,0.8841111382701796,0.8199409163840875,0.8014679924628949,0.7697536619691283,0.7443117548089878,0.7964526993597575,0.825964426765358,0.8056823856490933,0.8183044785628688,0.8140740835073418,0.7770342182861921,0.7049309948832958,0.8829158403236458,0.6888312483916914,0.7619506676001206,0.9000528834889981,0.7350603320563892,0.8559227157412663,0.7885818608042493,0.8171944772481703,0.8455735513184256,0.7841933726523992,0.8269905812655701,0.7884094256149481,0.9384889412857154,0.7345614396226755,0.8346045677741656,0.7810856265412538,0.6315876851307697,0.8054972912405883,0.7627854962146858,0.8129214052571914,0.7499739789453985,0.8219179840581551,0.7805939184096484,0.7304745796251242,0.7319198804096206,0.6272745890618603,0.6897689034062492,0.6481645149017637,0.6832036107132174,0.6668288812134596,0.8439919765956975,0.8622198830612288,0.7438207185101716,0.8113756379863283,0.8317140047223291,0.6692399787618056,0.7034608378400469,0.8727938754509649,0.6973819507527638,0.7053600118247969,0.851081601903614,0.8743512999591996,0.6821520352633827,0.6440659097929027,0.669983593412185,0.855547234946982,0.8339562723775532,0.6389127362499369,0.71694547862347,0.7834976793361005,0.7780593091246797,0.7694696630511327,0.7543353564222139,0.7792634238848295,0.862003340107606,0.8373761414019506,0.7601024510691949,0.6794261458522084,0.7628426715624271,0.8592167128734343,0.6118323405194108,0.8197911233439376,0.6207088588303216,0.8101746000982651,0.6570915813787777,0.8118651733599915,0.7862383154601856,0.8136315299856645,0.677852159507066,0.8055613413065842,0.7061114573910372,0.8268795063244603,0.8125513494518736,0.8660767187439651,0.8857645799542982,0.7267455457776276,0.768692761760917,0.6813989421798099,0.6721457137816764,0.8206252439691856,0.7182859202470034,0.8483596239914276,0.7702070119715904,0.6781482787844001,0.7478942181045204,0.7172498110173702,0.7318240337273977,0.8652265719630032,0.6540420452683905,0.8065247943384511,0.6907722176224358,0.8111724784323017,0.7302715695589618,0.7563115946234757,0.7492280813559741,0.7268593548239863,0.6373128760605641,0.687529818447611,0.7550083752980663,0.6478167743223493,0.7725283183703383,0.8428493541390882,0.842026114856658,0.8142755363303139,0.6974233311663869,0.69595531636358,0.8580355388328978,0.6948625810371456,0.7959751794761348,0.8937208982504131,0.8357643766336251,0.7308474980718209,0.8251897838667741,0.5571956812480695,0.7992483729299104,0.6532195940378664,0.7623858622639861,0.8903935082427179,0.8712919425594139,0.8413129085788209,0.8092929965314085,0.877121061992233,0.7654747320945968,0.7439000265356692,0.6769171919864566,0.7123204485083929,0.8326920156311441,0.8275668857902089
0.8902157344072638,0.9572215990982567,0.8653622854343996,0.7735324891550457,0.7176323945674774,0.9114849074718488,0.8003697421045729,0.0,0.9197956367567764,0.9049896079354406,0.7687624348899411,0.8923458371627504,0.9018664159410155,0.7465618297840577,0.8514598182321005,0.8604136006313782,0.8377095482000456,0.8164357486783282,0.8371787267914087,0.8885213526413734,0.8141625608191307,0.8591743510440326,0.8308106680032706,0.8319666970494891,0.9036593701923651,0.7240790199298079,0.8444856617744212,0.8612536362378697,0.7857498598919828,0.8682303134631675,0.9311911773827359,0.8538527990384347,0.8612481460815817,0.8311552193970452,0.8231193103552948,0.7388497549559532,0.8639095963459508,0.8062601330396548,0.7839763446599305,0.8400098011984087,0.8022016427252789,0.8503664234609388,0.7571750932563335,0.7497320342917745,0.9310065084358745,0.8695030765501041,0.8522610154650732,0.7242271055136585,0.8224713180568544,0.7719594563911646,0.7770343090426469,0.822604231781196,0.7237988924727901,0.7925245746633852,0.7303210229495138,0.9126574992043041,0.8158993665504072,0.8739961995012744,0.7189210738070982,0.8252052559008141,0.8476687396210295,0.6975672046822633,0.7410017994098468,0.6735899245098969,0.6942333731361026,0.7256701029389532,0.8075471374733073,0.81031634355574,0.7446164460280658,0.9085687846036524,0.8494052276157121,0.7192684161280803,0.6893592910880841,0.8364195774633802,0.8671315161496501,0.7890213972074716,0.7461050340287539,0.7838660761248022,0.816746976549191,0.6752505947361724,0.7528666115347002,0.8617002970289253,0.9024488230696024,0.7918532295249208,0.7367770256543711,0.964124461295747,0.8488738734468175,0.735606685533967,0.8993631767800673,0.8843912085451748,0.7839434882098781,0.8630022416772626,0.7686131942748801,0.7617855144972773,0.7355046792376551,0.8928453186887786,0.7383633073431222,0.8999648536691612,0.6454524819991572,0.871452747967663,0.7053073183973679,0.7876848613488494,0.6561336058921563,0.8416141165079649,0.7638010007688094,0.895675896307005,0.7710984388259052,0.9182785237991912,0.8428821256166722,0.8570688422212732,0.7595548415646883,0.6885344415170378,0.7792331227466551,0.7927757105463809,0.7655012080565626,0.9322755464936457,0.8404657141362445,0.7688627445543286,0.7170335939585785,0.7563388776368027,0.7333790923074301,0.8108988547159351,0.7842669249645031,0.876401129102908,0.7034990120557106,0.8718004007797505,0.7222014385881979,0.873743328095556,0.8018568612860856,0.7887646033949135,0.9283954709884078,0.8196255127620853,0.738626082323108,0.7669099307517329,0.7801741351085422,0.679688332751248,0.8998787643824225,0.8150093167195767,0.8535715459615697,0.8963870686910764,0.7398947119899204,0.747711319484129,0.8926435194913974,0.7040267618193248,0.7775576848570837,0.7937276761351664,0.908010710491833,0.8258878292408115,0.9292410272604019,0.6516614074630721,0.831820530362823,0.7425844428047561,0.7899124449688162,0.8684844226432784,0.8979674661836868,0.8878110215073082,0.8366680940787911,0.8986545648928844,0.7326242630937647,0.7005564798140352,0.725336273538591,0.805680595652156,0.9588342559411709,0.7924577736355933
0.8783739642450742,0.8971630859890217,0.797807242347241,0.6960602235061208,0.7290085677440125,0.838555431978,0.7794356608297601,0.9197956367567764,0.0,0.8400556354198385,0.7364204883587329,0.8490511256662546,0.8343709926966499,0.7120307895072597,0.8114809107577372,0.7948748564097134,0.7639602003486419,0.7915334878941859,0.7655322320596055,0.8509018814200427,0.7447096741723178,0.8444383480195187,0.813812159454956,0.7919660798900234,0.8697345442256148,0.6669923865594403,0.8395702996743776,0.7951082575425394,0.7109178471687422,0.9043529781471409,0.9016382388281219,0.7808492661054875,0.7647942472910575,0.7617856126470354,0.8030994111067722,0.6740894824307727,0.8371122159968523,0.7610560664781414,0.7259515996388745,0.7685758577856346,0.7073815879564529,0.8940405940126394,0.695816315868752,0.6969587731018355,0.8481275245718304,0.7792936427092301,0.813159314204742,0.676481986085728,0.7901876580369603,0.7132099003952962,0.7030696438307564,0.74169554838568,0.6654757811834524,0.6991888170378618,0.6502796601762374,0.9261716018681753,0.7517341469942379,0.8298054447021955,0.6711406204396274,0.7489816655843352,0.7430314659466626,0.6447391717475185,0.6656504337570734,0.6472514766254844,0.6580907069804438,0.6518499300841525,0.7638326223340617,0.7956455245774772,0.7151408473316296,0.8814848450996637,0.8089401487593586,0.6795982358308494,0.6674421426257395,0.7563571427654201,0.7921777334880783,0.7349743052490528,0.6812590061155003,0.7498174367891792,0.7152341457019232,0.6341030112111206,0.6810190131418417,0.848466303662251,0.8998930486186207,0.7105102312284706,0.6775421202419858,0.9168485844851956,0.8186980015475057,0.6969969913585116,0.8194994859906729,0.9042745117614929,0.7660889769833321,0.8360445133822183,0.7020234841921787,0.6942785047580636,0.7011379602980331,0.8635449219134318,0.6617895424001209,0.8442241488960655,0.6380838596590624,0.7833230072194347,0.6660607821097957,0.6925272740255776,0.6121277618761966,0.7817525736441804,0.7047825020039188,0.8133542657737495,0.6603402640755478,0.8914385315284996,0.7519920999047073,0.8224013030834444,0.7041007610593272,0.6627890435857625,0.7272696855868083,0.7848081713906114,0.6843146097606501,0.8898250252394051,0.7654617425761628,0.7423653359102581,0.640583703711443,0.7451565180281441,0.7173054480339921,0.7283326880540313,0.7487847774908439,0.8120623697794719,0.7179815399829975,0.7673688077522823,0.673563714935054,0.8209826055245876,0.7000630772639059,0.7266352374854145,0.956665224074346,0.7571260105957323,0.7068517075965861,0.7658509071178083,0.7332795651248663,0.6467317073664832,0.869776905830244,0.7629690726095905,0.7896784747693681,0.8438547630491229,0.6696567478060679,0.7130905730685281,0.8499429771752877,0.6692015282784427,0.7325187010461661,0.7877648468727853,0.9166845446970128,0.7364894958442186,0.8714752908515109,0.62232411884804,0.793154770766483,0.6818500951400464,0.7634698894359804,0.8372271047686585,0.8251202145054523,0.8681506276269897,0.8098389412662593,0.8462936551016979,0.6908377712859822,0.6485781307320586,0.6497487424163843,0.7865635477811889,0.9189875915263764,0.8132779448119679
0.8720675191258047,0.9045182654988001,0.9041813333591037,0.7570066737233279,0.7404364792808724,0.8648715619295742,0.859111536124717,0.9049896079354406,0.8400556354198385,0.0,0.7824183954515987,0.8489709664061879,0.8970580257120808,0.7158412839876643,0.862345446729358,0.8447658310208508,0.8154818352178005,0.8456072564495529,0.7973906608723955,0.8286882070079303,0.8038456460230003,0.8771568167936262,0.8578138606800837,0.831738346733368,0.9517269647774058,0.7159526259878105,0.8200614262917747,0.8280319958680339,0.8104336307416649,0.8408213718354516,0.8627164405183417,0.8527876836834031,0.8154859621551224,0.773620431481475,0.7774540644636748,0.6862854318118542,0.8831795373975241,0.7386853048250928,0.7181843231421908,0.849465678763686,0.7428640961284819,0.8558894716628087,0.7926457588291599,0.7512791300686014,0.8721661482411999,0.8352554614346525,0.8541155627644671,0.7563503368684652,0.8784697282207468,0.7311375784569438,0.7754843230641394,0.7736926695946522,0.6863290603613432,0.7690358530176508,0.7308761036952042,0.8668007733373385,0.764644307515566,0.8252787624381033,0.7800453241706274,0.7477902326034744,0.7989355804733116,0.6447405414125731,0.7210450797607005,0.6444304532507634,0.6919337788567742,0.710277667680423,0.794932856963324,0.8734235658672966,0.8018887123190928,0.9086887041705912,0.8274180006634744,0.6880545775382044,0.6741387210355211,0.8462193192553107,0.800032588516477,0.7817400414461141,0.7592972666860078,0.7996207445560345,0.7418155750663236,0.6603387820522362,0.7586167880886016,0.8061692679462585,0.8931414442742741,0.7327705435536446,0.6861938149055017,0.8603986269638141,0.8119906350322256,0.7561032357353987,0.8513018119250095,0.7988589105001442,0.7787071363563356,0.8060629662702962,0.7592725726370408,0.7139820708002751,0.7186546705514012,0.9036810090936875,0.6586140161882873,0.8474608954082877,0.5969794564078453,0.8241423856514658,0.6634136838152778,0.8020804728401356,0.6775494812860899,0.8932542778095619,0.7025177117144941,0.8463536166995366,0.7376294520829555,0.9122847227365236,0.8379116842386177,0.8725385754405597,0.7671377439067082,0.6456421603900089,0.7716091668309296,0.7304637509871714,0.7100985157285333,0.854381596148156,0.8122927941619137,0.8590167219617906,0.7481663895454123,0.6908985178594562,0.6895388099813765,0.7317083488872371,0.7348692490479037,0.8655865514664649,0.6648964554714628,0.8716491818913963,0.6690894385630224,0.7992880405401467,0.7677304603720275,0.794131568083917,0.8645856883420817,0.7748096355670939,0.6735550074630364,0.6625815671020745,0.7583287779117067,0.6830070533491949,0.8646302482062234,0.7925789896038188,0.8730056952807352,0.8472558642665006,0.7654632328992271,0.7130918461050456,0.8350349821944595,0.6690284032589874,0.7672607776127559,0.8116116744130388,0.8324702920502386,0.8348546388109126,0.956356645970892,0.5866193383752472,0.7669341981235263,0.742546348134156,0.7427934553911837,0.8983808981733852,0.8951063714990156,0.8785154789104253,0.8362865466702237,0.8934367906423502,0.7332951949699557,0.7015494641580768,0.7795850819707552,0.7612989205478998,0.9110428310104123,0.7642348938934501
0.8268998315608258,0.8049927556745852,0.864444435545999,0.8353013734058095,0.8407673386141153,0.8220401177832622,0.8085486006727681,0.7687624348899411,0.7364204883587329,0.7824183954515987,0.0,0.8191727154060594,0.8402606489300225,0.7325946265451859,0.7682091282716584,0.889776832666316,0.8733682165174435,0.7643370463599936,0.8039753720030794,0.8077862361966387,0.8739265627893307,0.8855861152622962,0.7921920612245157,0.8394794697653982,0.833638527069119,0.8129776530894121,0.7676276806092405,0.8517448277855018,0.8371922089780782,0.7598540397800929,0.754563504313975,0.8038328474215807,0.7778108164753319,0.7688513420024061,0.811857139121413,0.7320787530558555,0.8596198773038418,0.7974362781122201,0.8218836309132024,0.8517059077630559,0.7558225727102383,0.8172413684083656,0.7616269961274663,0.8644658270961445,0.7843450443587702,0.7108002475355576,0.710619191111134,0.9065620059942626,0.8678667454099879,0.7549024360667957,0.8065134810953194,0.7996313259158078,0.6494419637421587,0.8523096102122169,0.8299437845525609,0.7285290352884387,0.8026662419571728,0.8750049039723014,0.7352391744190494,0.7266836840410895,0.8189166415404345,0.6287054109646459,0.752948339672941,0.6943251597562161,0.6674329626405967,0.6747417536735677,0.8036490392386858,0.7642514831591467,0.7670924812837818,0.8330039970221004,0.7986027172950169,0.6936157505681556,0.7832107544750718,0.860055398578206,0.7972461897762441,0.670846863816666,0.8624364757919218,0.8275563989468971,0.6881297564439983,0.7295259779171422,0.7165178142096392,0.780588654569007,0.7619151139077565,0.7334347193829268,0.7822572313930559,0.7831432733427572,0.8526310152616191,0.6989241104494512,0.698853854964003,0.7078713038048177,0.8607414746392988,0.7163057066940621,0.8051967606652528,0.7191190732041307,0.8127516372653789,0.7922752888074945,0.6593381620743368,0.7473676392191083,0.6470054678215748,0.7363108965815477,0.7119485654678123,0.7956775788020976,0.683867040840895,0.7189616023222734,0.7134033239895861,0.7561260633625871,0.7211630773525076,0.8273802112310344,0.7302973055825117,0.8453694816908894,0.880538576040966,0.7746286955587842,0.8097933108733172,0.7915339599520717,0.6998387953859535,0.8171317952993079,0.716976355449804,0.8443842814036637,0.8580430876491066,0.7034324104044118,0.8270843901851873,0.7118815533506742,0.8164365473201101,0.8120822712983813,0.75631548434655,0.8119858250852521,0.6814155886136471,0.7599603110993229,0.7913730944327054,0.7305061668245699,0.7185458877709512,0.8391276634050119,0.7576320780451941,0.7892906649239113,0.8552005166645269,0.6858724227838628,0.7452716735378929,0.7991436356982139,0.8410163754871026,0.771526569567447,0.7008380235754448,0.7677362095422605,0.783369981330779,0.7624308024368676,0.875546722969301,0.743005358558865,0.7881361868752084,0.6889233292403433,0.8080077960473468,0.6467816594382779,0.8407316377814326,0.6822432097333659,0.8621573004691734,0.7311211655984896,0.8186275543920549,0.7983538896123191,0.8664539982375887,0.8059377897490377,0.7985207421549533,0.782478663921029,0.6444957852495259,0.7682970583991895,0.7521215572943829,0.9342891638362885
0.8029464434399033,0.896790577210169,0.8524431287541518,0.7904672015094889,0.8130902493979157,0.8636391086223473,0.8589444387058354,0.8923458371627504,0.8490511256662546,0.8489709664061879,0.8191727154060594,0.0,0.8056505314454067,0.6694948582226481,0.8205915680796322,0.8461654863846981,0.7938704800217938,0.706870132687915,0.8319316309563403,0.7924433699578058,0.8417498716402546,0.855178338119504,0.865085809355999,0.8779528014404983,0.8922377278942671,0.7591350243246171,0.805370588905344,0.7864258802585976,0.7810459451147203,0.8715083716315903,0.8926590981142495,0.789808431708463,0.8154451830258861,0.8577302719888354,0.7768804895450814,0.7280612257103448,0.852976583357725,0.7360264241605331,0.8681237611835427,0.8103920915330145,0.7703798847215121,0.877786304525147,0.7137468812884178,0.7978734343674981,0.8636072099054783,0.7552174338618602,0.7967467464737865,0.7698494375983219,0.8316677448646496,0.7079382879980387,0.7518883563797408,0.7831420788669435,0.6185294527227811,0.8031075082481802,0.7479293268136553,0.870811623366532,0.7477722503838169,0.9281827177440423,0.6499051404718995,0.7438518536114591,0.7537556246826633,0.6275684313005491,0.6684388319943378,0.6495988676380241,0.6173855835099581,0.6234196891846122,0.7736298737170761,0.7621734843213316,0.6571355485265875,0.8233513793730838,0.7810249255662521,0.6430351403358519,0.6551718317357669,0.796605808440318,0.7525466902820688,0.674145976900126,0.7726173745852194,0.8638681756062525,0.7090278517971033,0.663876209507418,0.6708719346577218,0.8263686476093035,0.878040555287729,0.6810468135513995,0.7072917112391386,0.8755048983115524,0.8132193064347593,0.6559913049391308,0.7611611937007862,0.8771677490733587,0.7995637450921225,0.8473711143484086,0.7433850973513743,0.6733271320095314,0.6877903207751761,0.9073853180709575,0.6474353279399196,0.8845248802980635,0.6312595101723445,0.7738403019220532,0.6733284533172001,0.7633402634848103,0.6691650076581124,0.8353296529575632,0.6732337200838523,0.8163022702015388,0.6980905858885981,0.8947541642570485,0.7561110520535794,0.8924234458881983,0.8535287918975082,0.7038569130991371,0.719663091437259,0.7552081772778338,0.6662127881924481,0.8741484096859896,0.7279089991131881,0.7864923354909165,0.7326710047435101,0.7140063672853176,0.7474323256087084,0.7392023508017194,0.7633693710620065,0.8543739507665398,0.6623144804854658,0.8515094232400556,0.6729894737361095,0.8847710258908253,0.7802307608527143,0.6869794810095191,0.843309223528618,0.7774163337242472,0.6732679288840654,0.7756390518829895,0.7906732014325911,0.6099190881630708,0.8400659015915127,0.7867043571063989,0.8137401428827986,0.867298495462072,0.6511467873701675,0.7265690449534199,0.8367771994199255,0.6960362243512426,0.8206552947067611,0.8016165688817074,0.931479445651359,0.7293763426332466,0.8768544641692552,0.6424051318354399,0.813923022072481,0.6525759776976786,0.7947117081704294,0.8519354395711061,0.9423877357269802,0.8339529949255323,0.8061672603695497,0.9153279806072436,0.6993219939110199,0.6761130860456737,0.6132677468548816,0.7362462913286872,0.8849026883389786,0.8396802502454171
